date,county,fips,population,confirmed_cases,reported_cases,probable_cases,reported_and_probable_cases,reported_deaths
2023-02-14,Alameda,001,1643700,376305,376312,22298,398610,2174
2023-02-14,Alpine,002,1148,139,139,4,143,0
2023-02-14,Amador,005,37829,10523,10524,963,11487,99
2023-02-14,Butte,007,227075,41548,41548,10120,51668,484
2023-02-14,Calaveras,009,45235,8960,8960,638,9598,140
2023-02-14,Colusa,011,21464,3958,3960,1339,5299,22
2023-02-14,Contra Costa,013,1133247,270733,270737,22156,292893,1542
2023-02-14,Del Norte,015,27424,7891,7892,461,8353,59
2023-02-14,El Dorado,017,186661,34430,34430,4518,38948,243
2023-02-14,Fresno,019,978130,293086,293104,34125,327229,2983
2023-02-14,Glenn,021,27897,5773,5773,2002,7775,58
2023-02-14,Humboldt,023,135768,23273,23276,5820,29096,169
2023-02-14,Imperial,025,180216,69668,69669,18626,88295,974
2023-02-14,Inyo,027,18085,4752,4752,1272,6024,63
2023-02-14,Kern,029,883053,228948,228953,71840,300793,2474
2023-02-14,Kings,031,150075,62684,62684,4429,67113,473
2023-02-14,Lake,033,64148,13595,13595,1275,14870,155
2023-02-14,Lassen,035,31185,10246,10246,1062,11308,66
2023-02-14,Los Angeles,037,10098052,3475541,3475808,214276,3690084,35250
2023-02-14,Madera,039,155013,46096,46098,8819,54917,377
2023-02-14,Marin,041,260295,48755,48759,5663,54422,317
2023-02-14,Mariposa,043,17540,3342,3342,372,3714,32
2023-02-14,Mendocino,045,87422,16830,16830,4808,21638,143
2023-02-14,Merced,047,269075,76153,76157,12657,88814,903
2023-02-14,Modoc,049,8938,953,953,369,1322,11
2023-02-14,Mono,051,14174,3319,3319,300,3619,8
2023-02-14,Monterey,053,433212,97703,97704,22891,120595,796
2023-02-14,Napa,055,140530,34244,34245,1523,35768,165
2023-02-14,Nevada,057,99092,20083,20088,2269,22357,132
2023-02-14,Orange,059,3164182,707079,707080,75983,783063,7892
2023-02-14,Placer,061,380077,80615,80615,10160,90775,682
2023-02-14,Plumas,063,18699,3819,3819,459,4278,14
2023-02-14,Riverside,065,2383286,731902,731962,41113,773075,6827
2023-02-14,Sacramento,067,1510023,368831,368833,37274,406107,3507
2023-02-14,San Benito,069,59416,17564,17566,1120,18686,115
2023-02-14,San Bernardino,071,2135413,707129,707191,34861,742052,8171
2023-02-14,San Diego,073,3302833,981249,981249,80655,1061904,5759
2023-02-14,San Francisco,075,870044,194644,194654,13216,207870,1164
2023-02-14,San Joaquin,077,732212,208927,208935,16690,225625,2415
2023-02-14,San Luis Obispo,079,281455,66208,66209,8086,74295,559
2023-02-14,San Mateo,081,765935,181778,181782,11302,193084,749
2023-02-14,Santa Barbara,083,443738,111691,111692,7636,119328,760
2023-02-14,Santa Clara,085,1922200,471993,472011,21531,493542,2688
2023-02-14,Santa Cruz,087,273765,68030,68030,3807,71837,278
2023-02-14,Shasta,089,179085,36385,36385,8254,44639,606
2023-02-14,Sierra,091,2930,311,311,61,372,5
2023-02-14,Siskiyou,093,43540,5433,5433,3425,8858,95
2023-02-14,Solano,095,438530,113199,113211,8485,121696,481
2023-02-14,Sonoma,097,501317,113024,113031,5737,118768,548
2023-02-14,Stanislaus,099,539301,144577,144597,22853,167450,1842
2023-02-14,Sutter,101,95872,25628,25633,2539,28172,238
2023-02-14,Tehama,103,63373,14421,14421,3388,17809,222
2023-02-14,Trinity,105,12862,1470,1470,506,1976,24
2023-02-14,Tulare,107,460477,127791,127791,39789,167580,1567
2023-02-14,Tuolumne,109,53932,16801,16802,988,17790,203
2023-02-14,Ventura,111,848112,220182,220185,17977,238162,1664
2023-02-14,Yolo,113,214977,49841,49841,4799,54640,439
2023-02-14,Yuba,115,75493,19954,19958,1853,21811,134
2023-02-13,Alameda,001,1643700,376305,375137,22298,397435,2162
2023-02-13,Alpine,002,1148,139,139,4,143,0
2023-02-13,Amador,005,37829,10523,10499,963,11462,99
2023-02-13,Butte,007,227075,41548,41466,10120,51586,486
2023-02-13,Calaveras,009,45235,8960,8942,638,9580,140
2023-02-13,Colusa,011,21464,3958,3949,1339,5288,22
2023-02-13,Contra Costa,013,1133247,270733,270063,22156,292219,1523
2023-02-13,Del Norte,015,27424,7891,7792,461,8253,58
2023-02-13,El Dorado,017,186661,34430,34358,4518,38876,243
2023-02-13,Fresno,019,978130,293086,292431,34125,326556,2979
2023-02-13,Glenn,021,27897,5773,5762,2002,7764,58
2023-02-13,Humboldt,023,135768,23273,23129,5820,28949,169
2023-02-13,Imperial,025,180216,69668,69511,18626,88137,974
2023-02-13,Inyo,027,18085,4752,4744,1272,6016,63
2023-02-13,Kern,029,883053,228948,228620,71840,300460,2470
2023-02-13,Kings,031,150075,62684,62582,4429,67011,471
2023-02-13,Lake,033,64148,13595,13570,1275,14845,151
2023-02-13,Lassen,035,31185,10246,10239,1062,11301,66
2023-02-13,Los Angeles,037,10098052,3475541,3469761,214276,3684037,35132
2023-02-13,Madera,039,155013,46096,46029,8819,54848,377
2023-02-13,Marin,041,260295,48755,48605,5663,54268,317
2023-02-13,Mariposa,043,17540,3342,3331,372,3703,32
2023-02-13,Mendocino,045,87422,16830,16793,4808,21601,142
2023-02-13,Merced,047,269075,76153,75938,12657,88595,903
2023-02-13,Modoc,049,8938,953,952,369,1321,11
2023-02-13,Mono,051,14174,3319,3318,300,3618,8
2023-02-13,Monterey,053,433212,97703,97486,22891,120377,794
2023-02-13,Napa,055,140530,34244,34145,1523,35668,165
2023-02-13,Nevada,057,99092,20083,20045,2269,22314,132
2023-02-13,Orange,059,3164182,707079,705665,75983,781648,7880
2023-02-13,Placer,061,380077,80615,80453,10160,90613,680
2023-02-13,Plumas,063,18699,3819,3817,459,4276,14
2023-02-13,Riverside,065,2383286,731902,730745,41113,771858,6813
2023-02-13,Sacramento,067,1510023,368831,368005,37274,405279,3503
2023-02-13,San Benito,069,59416,17564,17519,1120,18639,115
2023-02-13,San Bernardino,071,2135413,707129,706058,34861,740919,8170
2023-02-13,San Diego,073,3302833,981249,979002,80655,1059657,5745
2023-02-13,San Francisco,075,870044,194644,194077,13216,207293,1154
2023-02-13,San Joaquin,077,732212,208927,208426,16690,225116,2396
2023-02-13,San Luis Obispo,079,281455,66208,66055,8086,74141,552
2023-02-13,San Mateo,081,765935,181778,181227,11302,192529,749
2023-02-13,Santa Barbara,083,443738,111691,111455,7636,119091,759
2023-02-13,Santa Clara,085,1922200,471993,470539,21531,492070,2681
2023-02-13,Santa Cruz,087,273765,68030,67794,3807,71601,276
2023-02-13,Shasta,089,179085,36385,36352,8254,44606,605
2023-02-13,Sierra,091,2930,311,311,61,372,5
2023-02-13,Siskiyou,093,43540,5433,5420,3425,8845,95
2023-02-13,Solano,095,438530,113199,112930,8485,121415,482
2023-02-13,Sonoma,097,501317,113024,112766,5737,118503,549
2023-02-13,Stanislaus,099,539301,144577,144307,22853,167160,1838
2023-02-13,Sutter,101,95872,25628,25583,2539,28122,238
2023-02-13,Tehama,103,63373,14421,14396,3388,17784,222
2023-02-13,Trinity,105,12862,1470,1469,506,1975,24
2023-02-13,Tulare,107,460477,127791,127513,39789,167302,1567
2023-02-13,Tuolumne,109,53932,16801,16757,988,17745,203
2023-02-13,Ventura,111,848112,220182,219808,17977,237785,1662
2023-02-13,Yolo,113,214977,49841,49749,4799,54548,436
2023-02-13,Yuba,115,75493,19954,19930,1853,21783,134
2023-02-12,Alameda,001,1643700,376197,375137,22298,397435,2162
2023-02-12,Alpine,002,1148,139,139,4,143,0
2023-02-12,Amador,005,37829,10522,10499,963,11462,99
2023-02-12,Butte,007,227075,41544,41466,10120,51586,486
2023-02-12,Calaveras,009,45235,8959,8942,638,9580,140
2023-02-12,Colusa,011,21464,3958,3949,1339,5288,22
2023-02-12,Contra Costa,013,1133247,270692,270063,22156,292219,1523
2023-02-12,Del Norte,015,27424,7891,7792,461,8253,58
2023-02-12,El Dorado,017,186661,34426,34358,4518,38876,243
2023-02-12,Fresno,019,978130,293045,292431,34125,326556,2979
2023-02-12,Glenn,021,27897,5773,5762,2002,7764,58
2023-02-12,Humboldt,023,135768,23271,23129,5820,28949,169
2023-02-12,Imperial,025,180216,69658,69511,18626,88137,974
2023-02-12,Inyo,027,18085,4752,4744,1272,6016,63
2023-02-12,Kern,029,883053,228941,228620,71840,300460,2470
2023-02-12,Kings,031,150075,62676,62582,4429,67011,471
2023-02-12,Lake,033,64148,13593,13570,1275,14845,151
2023-02-12,Lassen,035,31185,10246,10239,1062,11301,66
2023-02-12,Los Angeles,037,10098052,3475494,3469761,214276,3684037,35132
2023-02-12,Madera,039,155013,46095,46029,8819,54848,377
2023-02-12,Marin,041,260295,48743,48605,5663,54268,317
2023-02-12,Mariposa,043,17540,3342,3331,372,3703,32
2023-02-12,Mendocino,045,87422,16826,16793,4808,21601,142
2023-02-12,Merced,047,269075,76152,75938,12657,88595,903
2023-02-12,Modoc,049,8938,953,952,369,1321,11
2023-02-12,Mono,051,14174,3319,3318,300,3618,8
2023-02-12,Monterey,053,433212,97689,97486,22891,120377,794
2023-02-12,Napa,055,140530,34236,34145,1523,35668,165
2023-02-12,Nevada,057,99092,20083,20045,2269,22314,132
2023-02-12,Orange,059,3164182,707008,705665,75983,781648,7880
2023-02-12,Placer,061,380077,80606,80453,10160,90613,680
2023-02-12,Plumas,063,18699,3818,3817,459,4276,14
2023-02-12,Riverside,065,2383286,731872,730745,41113,771858,6813
2023-02-12,Sacramento,067,1510023,368769,368005,37274,405279,3503
2023-02-12,San Benito,069,59416,17561,17519,1120,18639,115
2023-02-12,San Bernardino,071,2135413,707100,706058,34861,740919,8170
2023-02-12,San Diego,073,3302833,981170,979002,80655,1059657,5745
2023-02-12,San Francisco,075,870044,194593,194077,13216,207293,1154
2023-02-12,San Joaquin,077,732212,208878,208426,16690,225116,2396
2023-02-12,San Luis Obispo,079,281455,66203,66055,8086,74141,552
2023-02-12,San Mateo,081,765935,181728,181227,11302,192529,749
2023-02-12,Santa Barbara,083,443738,111681,111455,7636,119091,759
2023-02-12,Santa Clara,085,1922200,471890,470539,21531,492070,2681
2023-02-12,Santa Cruz,087,273765,68026,67794,3807,71601,276
2023-02-12,Shasta,089,179085,36385,36352,8254,44606,605
2023-02-12,Sierra,091,2930,311,311,61,372,5
2023-02-12,Siskiyou,093,43540,5433,5420,3425,8845,95
2023-02-12,Solano,095,438530,113170,112930,8485,121415,482
2023-02-12,Sonoma,097,501317,112992,112766,5737,118503,549
2023-02-12,Stanislaus,099,539301,144552,144307,22853,167160,1838
2023-02-12,Sutter,101,95872,25623,25583,2539,28122,238
2023-02-12,Tehama,103,63373,14421,14396,3388,17784,222
2023-02-12,Trinity,105,12862,1470,1469,506,1975,24
2023-02-12,Tulare,107,460477,127779,127513,39789,167302,1567
2023-02-12,Tuolumne,109,53932,16794,16757,988,17745,203
2023-02-12,Ventura,111,848112,220168,219808,17977,237785,1662
2023-02-12,Yolo,113,214977,49836,49749,4799,54548,436
2023-02-12,Yuba,115,75493,19951,19930,1853,21783,134
2023-02-11,Alameda,001,1643700,376112,375137,22298,397435,2162
2023-02-11,Alpine,002,1148,139,139,4,143,0
2023-02-11,Amador,005,37829,10521,10499,963,11462,99
2023-02-11,Butte,007,227075,41542,41466,10120,51586,486
2023-02-11,Calaveras,009,45235,8956,8942,638,9580,140
2023-02-11,Colusa,011,21464,3958,3949,1339,5288,22
2023-02-11,Contra Costa,013,1133247,270644,270063,22156,292219,1523
2023-02-11,Del Norte,015,27424,7891,7792,461,8253,58
2023-02-11,El Dorado,017,186661,34423,34358,4518,38876,243
2023-02-11,Fresno,019,978130,293017,292431,34125,326556,2979
2023-02-11,Glenn,021,27897,5772,5762,2002,7764,58
2023-02-11,Humboldt,023,135768,23268,23129,5820,28949,169
2023-02-11,Imperial,025,180216,69656,69511,18626,88137,974
2023-02-11,Inyo,027,18085,4751,4744,1272,6016,63
2023-02-11,Kern,029,883053,228926,228620,71840,300460,2470
2023-02-11,Kings,031,150075,62675,62582,4429,67011,471
2023-02-11,Lake,033,64148,13592,13570,1275,14845,151
2023-02-11,Lassen,035,31185,10246,10239,1062,11301,66
2023-02-11,Los Angeles,037,10098052,3475255,3469761,214276,3684037,35132
2023-02-11,Madera,039,155013,46095,46029,8819,54848,377
2023-02-11,Marin,041,260295,48730,48605,5663,54268,317
2023-02-11,Mariposa,043,17540,3342,3331,372,3703,32
2023-02-11,Mendocino,045,87422,16825,16793,4808,21601,142
2023-02-11,Merced,047,269075,76148,75938,12657,88595,903
2023-02-11,Modoc,049,8938,953,952,369,1321,11
2023-02-11,Mono,051,14174,3319,3318,300,3618,8
2023-02-11,Monterey,053,433212,97671,97486,22891,120377,794
2023-02-11,Napa,055,140530,34234,34145,1523,35668,165
2023-02-11,Nevada,057,99092,20082,20045,2269,22314,132
2023-02-11,Orange,059,3164182,706913,705665,75983,781648,7880
2023-02-11,Placer,061,380077,80589,80453,10160,90613,680
2023-02-11,Plumas,063,18699,3818,3817,459,4276,14
2023-02-11,Riverside,065,2383286,731822,730745,41113,771858,6813
2023-02-11,Sacramento,067,1510023,368722,368005,37274,405279,3503
2023-02-11,San Benito,069,59416,17559,17519,1120,18639,115
2023-02-11,San Bernardino,071,2135413,707048,706058,34861,740919,8170
2023-02-11,San Diego,073,3302833,981050,979002,80655,1059657,5745
2023-02-11,San Francisco,075,870044,194539,194077,13216,207293,1154
2023-02-11,San Joaquin,077,732212,208858,208426,16690,225116,2396
2023-02-11,San Luis Obispo,079,281455,66201,66055,8086,74141,552
2023-02-11,San Mateo,081,765935,181689,181227,11302,192529,749
2023-02-11,Santa Barbara,083,443738,111666,111455,7636,119091,759
2023-02-11,Santa Clara,085,1922200,471794,470539,21531,492070,2681
2023-02-11,Santa Cruz,087,273765,68018,67794,3807,71601,276
2023-02-11,Shasta,089,179085,36385,36352,8254,44606,605
2023-02-11,Sierra,091,2930,311,311,61,372,5
2023-02-11,Siskiyou,093,43540,5433,5420,3425,8845,95
2023-02-11,Solano,095,438530,113162,112930,8485,121415,482
2023-02-11,Sonoma,097,501317,112974,112766,5737,118503,549
2023-02-11,Stanislaus,099,539301,144527,144307,22853,167160,1838
2023-02-11,Sutter,101,95872,25615,25583,2539,28122,238
2023-02-11,Tehama,103,63373,14421,14396,3388,17784,222
2023-02-11,Trinity,105,12862,1470,1469,506,1975,24
2023-02-11,Tulare,107,460477,127768,127513,39789,167302,1567
2023-02-11,Tuolumne,109,53932,16792,16757,988,17745,203
2023-02-11,Ventura,111,848112,220152,219808,17977,237785,1662
2023-02-11,Yolo,113,214977,49833,49749,4799,54548,436
2023-02-11,Yuba,115,75493,19950,19930,1853,21783,134
2023-02-10,Alameda,001,1643700,376055,375137,22298,397435,2162
2023-02-10,Alpine,002,1148,139,139,4,143,0
2023-02-10,Amador,005,37829,10520,10499,963,11462,99
2023-02-10,Butte,007,227075,41539,41466,10120,51586,486
2023-02-10,Calaveras,009,45235,8954,8942,638,9580,140
2023-02-10,Colusa,011,21464,3956,3949,1339,5288,22
2023-02-10,Contra Costa,013,1133247,270597,270063,22156,292219,1523
2023-02-10,Del Norte,015,27424,7890,7792,461,8253,58
2023-02-10,El Dorado,017,186661,34419,34358,4518,38876,243
2023-02-10,Fresno,019,978130,292974,292431,34125,326556,2979
2023-02-10,Glenn,021,27897,5771,5762,2002,7764,58
2023-02-10,Humboldt,023,135768,23266,23129,5820,28949,169
2023-02-10,Imperial,025,180216,69646,69511,18626,88137,974
2023-02-10,Inyo,027,18085,4751,4744,1272,6016,63
2023-02-10,Kern,029,883053,228899,228620,71840,300460,2470
2023-02-10,Kings,031,150075,62671,62582,4429,67011,471
2023-02-10,Lake,033,64148,13590,13570,1275,14845,151
2023-02-10,Lassen,035,31185,10245,10239,1062,11301,66
2023-02-10,Los Angeles,037,10098052,3474838,3469761,214276,3684037,35132
2023-02-10,Madera,039,155013,46091,46029,8819,54848,377
2023-02-10,Marin,041,260295,48715,48605,5663,54268,317
2023-02-10,Mariposa,043,17540,3342,3331,372,3703,32
2023-02-10,Mendocino,045,87422,16824,16793,4808,21601,142
2023-02-10,Merced,047,269075,76134,75938,12657,88595,903
2023-02-10,Modoc,049,8938,953,952,369,1321,11
2023-02-10,Mono,051,14174,3319,3318,300,3618,8
2023-02-10,Monterey,053,433212,97661,97486,22891,120377,794
2023-02-10,Napa,055,140530,34228,34145,1523,35668,165
2023-02-10,Nevada,057,99092,20076,20045,2269,22314,132
2023-02-10,Orange,059,3164182,706784,705665,75983,781648,7880
2023-02-10,Placer,061,380077,80580,80453,10160,90613,680
2023-02-10,Plumas,063,18699,3817,3817,459,4276,14
2023-02-10,Riverside,065,2383286,731730,730745,41113,771858,6813
2023-02-10,Sacramento,067,1510023,368639,368005,37274,405279,3503
2023-02-10,San Benito,069,59416,17556,17519,1120,18639,115
2023-02-10,San Bernardino,071,2135413,706967,706058,34861,740919,8170
2023-02-10,San Diego,073,3302833,980888,979002,80655,1059657,5745
2023-02-10,San Francisco,075,870044,194497,194077,13216,207293,1154
2023-02-10,San Joaquin,077,732212,208830,208426,16690,225116,2396
2023-02-10,San Luis Obispo,079,281455,66196,66055,8086,74141,552
2023-02-10,San Mateo,081,765935,181648,181227,11302,192529,749
2023-02-10,Santa Barbara,083,443738,111644,111455,7636,119091,759
2023-02-10,Santa Clara,085,1922200,471710,470539,21531,492070,2681
2023-02-10,Santa Cruz,087,273765,68006,67794,3807,71601,276
2023-02-10,Shasta,089,179085,36382,36352,8254,44606,605
2023-02-10,Sierra,091,2930,311,311,61,372,5
2023-02-10,Siskiyou,093,43540,5431,5420,3425,8845,95
2023-02-10,Solano,095,438530,113145,112930,8485,121415,482
2023-02-10,Sonoma,097,501317,112961,112766,5737,118503,549
2023-02-10,Stanislaus,099,539301,144511,144307,22853,167160,1838
2023-02-10,Sutter,101,95872,25611,25583,2539,28122,238
2023-02-10,Tehama,103,63373,14420,14396,3388,17784,222
2023-02-10,Trinity,105,12862,1470,1469,506,1975,24
2023-02-10,Tulare,107,460477,127751,127513,39789,167302,1567
2023-02-10,Tuolumne,109,53932,16788,16757,988,17745,203
2023-02-10,Ventura,111,848112,220127,219808,17977,237785,1662
2023-02-10,Yolo,113,214977,49828,49749,4799,54548,436
2023-02-10,Yuba,115,75493,19949,19930,1853,21783,134
2023-02-09,Alameda,001,1643700,375913,375137,22298,397435,2162
2023-02-09,Alpine,002,1148,139,139,4,143,0
2023-02-09,Amador,005,37829,10514,10499,963,11462,99
2023-02-09,Butte,007,227075,41530,41466,10120,51586,486
2023-02-09,Calaveras,009,45235,8953,8942,638,9580,140
2023-02-09,Colusa,011,21464,3956,3949,1339,5288,22
2023-02-09,Contra Costa,013,1133247,270520,270063,22156,292219,1523
2023-02-09,Del Norte,015,27424,7887,7792,461,8253,58
2023-02-09,El Dorado,017,186661,34414,34358,4518,38876,243
2023-02-09,Fresno,019,978130,292929,292431,34125,326556,2979
2023-02-09,Glenn,021,27897,5769,5762,2002,7764,58
2023-02-09,Humboldt,023,135768,23263,23129,5820,28949,169
2023-02-09,Imperial,025,180216,69631,69511,18626,88137,974
2023-02-09,Inyo,027,18085,4750,4744,1272,6016,63
2023-02-09,Kern,029,883053,228848,228620,71840,300460,2470
2023-02-09,Kings,031,150075,62650,62582,4429,67011,471
2023-02-09,Lake,033,64148,13589,13570,1275,14845,151
2023-02-09,Lassen,035,31185,10244,10239,1062,11301,66
2023-02-09,Los Angeles,037,10098052,3474141,3469761,214276,3684037,35132
2023-02-09,Madera,039,155013,46079,46029,8819,54848,377
2023-02-09,Marin,041,260295,48700,48605,5663,54268,317
2023-02-09,Mariposa,043,17540,3342,3331,372,3703,32
2023-02-09,Mendocino,045,87422,16819,16793,4808,21601,142
2023-02-09,Merced,047,269075,76118,75938,12657,88595,903
2023-02-09,Modoc,049,8938,953,952,369,1321,11
2023-02-09,Mono,051,14174,3318,3318,300,3618,8
2023-02-09,Monterey,053,433212,97630,97486,22891,120377,794
2023-02-09,Napa,055,140530,34216,34145,1523,35668,165
2023-02-09,Nevada,057,99092,20071,20045,2269,22314,132
2023-02-09,Orange,059,3164182,706586,705665,75983,781648,7880
2023-02-09,Placer,061,380077,80569,80453,10160,90613,680
2023-02-09,Plumas,063,18699,3817,3817,459,4276,14
2023-02-09,Riverside,065,2383286,731599,730745,41113,771858,6813
2023-02-09,Sacramento,067,1510023,368522,368005,37274,405279,3503
2023-02-09,San Benito,069,59416,17547,17519,1120,18639,115
2023-02-09,San Bernardino,071,2135413,706856,706058,34861,740919,8170
2023-02-09,San Diego,073,3302833,980642,979002,80655,1059657,5745
2023-02-09,San Francisco,075,870044,194410,194077,13216,207293,1154
2023-02-09,San Joaquin,077,732212,208773,208426,16690,225116,2396
2023-02-09,San Luis Obispo,079,281455,66183,66055,8086,74141,552
2023-02-09,San Mateo,081,765935,181582,181227,11302,192529,749
2023-02-09,Santa Barbara,083,443738,111619,111455,7636,119091,759
2023-02-09,Santa Clara,085,1922200,471529,470539,21531,492070,2681
2023-02-09,Santa Cruz,087,273765,67953,67794,3807,71601,276
2023-02-09,Shasta,089,179085,36381,36352,8254,44606,605
2023-02-09,Sierra,091,2930,311,311,61,372,5
2023-02-09,Siskiyou,093,43540,5429,5420,3425,8845,95
2023-02-09,Solano,095,438530,113109,112930,8485,121415,482
2023-02-09,Sonoma,097,501317,112945,112766,5737,118503,549
2023-02-09,Stanislaus,099,539301,144478,144307,22853,167160,1838
2023-02-09,Sutter,101,95872,25607,25583,2539,28122,238
2023-02-09,Tehama,103,63373,14417,14396,3388,17784,222
2023-02-09,Trinity,105,12862,1470,1469,506,1975,24
2023-02-09,Tulare,107,460477,127706,127513,39789,167302,1567
2023-02-09,Tuolumne,109,53932,16783,16757,988,17745,203
2023-02-09,Ventura,111,848112,220092,219808,17977,237785,1662
2023-02-09,Yolo,113,214977,49814,49749,4799,54548,436
2023-02-09,Yuba,115,75493,19947,19930,1853,21783,134
2023-02-08,Alameda,001,1643700,375771,375137,22298,397435,2162
2023-02-08,Alpine,002,1148,139,139,4,143,0
2023-02-08,Amador,005,37829,10509,10499,963,11462,99
2023-02-08,Butte,007,227075,41518,41466,10120,51586,486
2023-02-08,Calaveras,009,45235,8952,8942,638,9580,140
2023-02-08,Colusa,011,21464,3953,3949,1339,5288,22
2023-02-08,Contra Costa,013,1133247,270419,270063,22156,292219,1523
2023-02-08,Del Norte,015,27424,7884,7792,461,8253,58
2023-02-08,El Dorado,017,186661,34409,34358,4518,38876,243
2023-02-08,Fresno,019,978130,292856,292431,34125,326556,2979
2023-02-08,Glenn,021,27897,5768,5762,2002,7764,58
2023-02-08,Humboldt,023,135768,23256,23129,5820,28949,169
2023-02-08,Imperial,025,180216,69617,69511,18626,88137,974
2023-02-08,Inyo,027,18085,4750,4744,1272,6016,63
2023-02-08,Kern,029,883053,228807,228620,71840,300460,2470
2023-02-08,Kings,031,150075,62630,62582,4429,67011,471
2023-02-08,Lake,033,64148,13589,13570,1275,14845,151
2023-02-08,Lassen,035,31185,10243,10239,1062,11301,66
2023-02-08,Los Angeles,037,10098052,3473391,3469761,214276,3684037,35132
2023-02-08,Madera,039,155013,46073,46029,8819,54848,377
2023-02-08,Marin,041,260295,48681,48605,5663,54268,317
2023-02-08,Mariposa,043,17540,3340,3331,372,3703,32
2023-02-08,Mendocino,045,87422,16817,16793,4808,21601,142
2023-02-08,Merced,047,269075,76095,75938,12657,88595,903
2023-02-08,Modoc,049,8938,953,952,369,1321,11
2023-02-08,Mono,051,14174,3318,3318,300,3618,8
2023-02-08,Monterey,053,433212,97610,97486,22891,120377,794
2023-02-08,Napa,055,140530,34196,34145,1523,35668,165
2023-02-08,Nevada,057,99092,20067,20045,2269,22314,132
2023-02-08,Orange,059,3164182,706402,705665,75983,781648,7880
2023-02-08,Placer,061,380077,80538,80453,10160,90613,680
2023-02-08,Plumas,063,18699,3817,3817,459,4276,14
2023-02-08,Riverside,065,2383286,731456,730745,41113,771858,6813
2023-02-08,Sacramento,067,1510023,368416,368005,37274,405279,3503
2023-02-08,San Benito,069,59416,17545,17519,1120,18639,115
2023-02-08,San Bernardino,071,2135413,706735,706058,34861,740919,8170
2023-02-08,San Diego,073,3302833,980363,979002,80655,1059657,5745
2023-02-08,San Francisco,075,870044,194333,194077,13216,207293,1154
2023-02-08,San Joaquin,077,732212,208691,208426,16690,225116,2396
2023-02-08,San Luis Obispo,079,281455,66163,66055,8086,74141,552
2023-02-08,San Mateo,081,765935,181514,181227,11302,192529,749
2023-02-08,Santa Barbara,083,443738,111593,111455,7636,119091,759
2023-02-08,Santa Clara,085,1922200,471346,470539,21531,492070,2681
2023-02-08,Santa Cruz,087,273765,67931,67794,3807,71601,276
2023-02-08,Shasta,089,179085,36378,36352,8254,44606,605
2023-02-08,Sierra,091,2930,311,311,61,372,5
2023-02-08,Siskiyou,093,43540,5429,5420,3425,8845,95
2023-02-08,Solano,095,438530,113057,112930,8485,121415,482
2023-02-08,Sonoma,097,501317,112910,112766,5737,118503,549
2023-02-08,Stanislaus,099,539301,144435,144307,22853,167160,1838
2023-02-08,Sutter,101,95872,25599,25583,2539,28122,238
2023-02-08,Tehama,103,63373,14416,14396,3388,17784,222
2023-02-08,Trinity,105,12862,1470,1469,506,1975,24
2023-02-08,Tulare,107,460477,127668,127513,39789,167302,1567
2023-02-08,Tuolumne,109,53932,16776,16757,988,17745,203
2023-02-08,Ventura,111,848112,220034,219808,17977,237785,1662
2023-02-08,Yolo,113,214977,49813,49749,4799,54548,436
2023-02-08,Yuba,115,75493,19939,19930,1853,21783,134
2023-02-07,Alameda,001,1643700,375614,375137,22298,397435,2162
2023-02-07,Alpine,002,1148,139,139,4,143,0
2023-02-07,Amador,005,37829,10507,10499,963,11462,99
2023-02-07,Butte,007,227075,41503,41466,10120,51586,486
2023-02-07,Calaveras,009,45235,8951,8942,638,9580,140
2023-02-07,Colusa,011,21464,3951,3949,1339,5288,22
2023-02-07,Contra Costa,013,1133247,270313,270063,22156,292219,1523
2023-02-07,Del Norte,015,27424,7880,7792,461,8253,58
2023-02-07,El Dorado,017,186661,34398,34358,4518,38876,243
2023-02-07,Fresno,019,978130,292788,292431,34125,326556,2979
2023-02-07,Glenn,021,27897,5767,5762,2002,7764,58
2023-02-07,Humboldt,023,135768,23253,23129,5820,28949,169
2023-02-07,Imperial,025,180216,69588,69511,18626,88137,974
2023-02-07,Inyo,027,18085,4749,4744,1272,6016,63
2023-02-07,Kern,029,883053,228753,228620,71840,300460,2470
2023-02-07,Kings,031,150075,62619,62582,4429,67011,471
2023-02-07,Lake,033,64148,13585,13570,1275,14845,151
2023-02-07,Lassen,035,31185,10242,10239,1062,11301,66
2023-02-07,Los Angeles,037,10098052,3472536,3469761,214276,3684037,35132
2023-02-07,Madera,039,155013,46063,46029,8819,54848,377
2023-02-07,Marin,041,260295,48664,48605,5663,54268,317
2023-02-07,Mariposa,043,17540,3339,3331,372,3703,32
2023-02-07,Mendocino,045,87422,16812,16793,4808,21601,142
2023-02-07,Merced,047,269075,76070,75938,12657,88595,903
2023-02-07,Modoc,049,8938,953,952,369,1321,11
2023-02-07,Mono,051,14174,3318,3318,300,3618,8
2023-02-07,Monterey,053,433212,97585,97486,22891,120377,794
2023-02-07,Napa,055,140530,34185,34145,1523,35668,165
2023-02-07,Nevada,057,99092,20062,20045,2269,22314,132
2023-02-07,Orange,059,3164182,706163,705665,75983,781648,7880
2023-02-07,Placer,061,380077,80508,80453,10160,90613,680
2023-02-07,Plumas,063,18699,3817,3817,459,4276,14
2023-02-07,Riverside,065,2383286,731303,730745,41113,771858,6813
2023-02-07,Sacramento,067,1510023,368273,368005,37274,405279,3503
2023-02-07,San Benito,069,59416,17538,17519,1120,18639,115
2023-02-07,San Bernardino,071,2135413,706588,706058,34861,740919,8170
2023-02-07,San Diego,073,3302833,980061,979002,80655,1059657,5745
2023-02-07,San Francisco,075,870044,194259,194077,13216,207293,1154
2023-02-07,San Joaquin,077,732212,208634,208426,16690,225116,2396
2023-02-07,San Luis Obispo,079,281455,66143,66055,8086,74141,552
2023-02-07,San Mateo,081,765935,181457,181227,11302,192529,749
2023-02-07,Santa Barbara,083,443738,111570,111455,7636,119091,759
2023-02-07,Santa Clara,085,1922200,471120,470539,21531,492070,2681
2023-02-07,Santa Cruz,087,273765,67906,67794,3807,71601,276
2023-02-07,Shasta,089,179085,36370,36352,8254,44606,605
2023-02-07,Sierra,091,2930,311,311,61,372,5
2023-02-07,Siskiyou,093,43540,5427,5420,3425,8845,95
2023-02-07,Solano,095,438530,113017,112930,8485,121415,482
2023-02-07,Sonoma,097,501317,112869,112766,5737,118503,549
2023-02-07,Stanislaus,099,539301,144389,144307,22853,167160,1838
2023-02-07,Sutter,101,95872,25595,25583,2539,28122,238
2023-02-07,Tehama,103,63373,14413,14396,3388,17784,222
2023-02-07,Trinity,105,12862,1470,1469,506,1975,24
2023-02-07,Tulare,107,460477,127636,127513,39789,167302,1567
2023-02-07,Tuolumne,109,53932,16772,16757,988,17745,203
2023-02-07,Ventura,111,848112,219991,219808,17977,237785,1662
2023-02-07,Yolo,113,214977,49800,49749,4799,54548,436
2023-02-07,Yuba,115,75493,19938,19930,1853,21783,134
2023-02-06,Alameda,001,1643700,375420,374080,22298,396378,2153
2023-02-06,Alpine,002,1148,139,139,4,143,0
2023-02-06,Amador,005,37829,10506,10469,963,11432,98
2023-02-06,Butte,007,227075,41480,41393,10120,51513,486
2023-02-06,Calaveras,009,45235,8948,8925,638,9563,140
2023-02-06,Colusa,011,21464,3951,3942,1339,5281,22
2023-02-06,Contra Costa,013,1133247,270217,269280,22156,291436,1522
2023-02-06,Del Norte,015,27424,7877,7749,461,8210,58
2023-02-06,El Dorado,017,186661,34385,34310,4518,38828,240
2023-02-06,Fresno,019,978130,292713,291147,34125,325272,2969
2023-02-06,Glenn,021,27897,5766,5754,2002,7756,58
2023-02-06,Humboldt,023,135768,23247,23081,5820,28901,169
2023-02-06,Imperial,025,180216,69561,69391,18626,88017,974
2023-02-06,Inyo,027,18085,4746,4733,1272,6005,63
2023-02-06,Kern,029,883053,228705,228236,71840,300076,2470
2023-02-06,Kings,031,150075,62603,62444,4429,66873,470
2023-02-06,Lake,033,64148,13580,13542,1275,14817,151
2023-02-06,Lassen,035,31185,10242,10232,1062,11294,66
2023-02-06,Los Angeles,037,10098052,3471615,3463362,214276,3677638,35040
2023-02-06,Madera,039,155013,46053,45956,8819,54775,377
2023-02-06,Marin,041,260295,48642,48478,5663,54141,317
2023-02-06,Mariposa,043,17540,3339,3330,372,3702,32
2023-02-06,Mendocino,045,87422,16804,16755,4808,21563,142
2023-02-06,Merced,047,269075,76043,75741,12657,88398,903
2023-02-06,Modoc,049,8938,953,951,369,1320,11
2023-02-06,Mono,051,14174,3318,3313,300,3613,8
2023-02-06,Monterey,053,433212,97559,97259,22891,120150,790
2023-02-06,Napa,055,140530,34167,34034,1523,35557,165
2023-02-06,Nevada,057,99092,20060,20012,2269,22281,132
2023-02-06,Orange,059,3164182,705934,704157,75983,780140,7806
2023-02-06,Placer,061,380077,80489,80269,10160,90429,679
2023-02-06,Plumas,063,18699,3817,3814,459,4273,14
2023-02-06,Riverside,065,2383286,731147,729601,41113,770714,6789
2023-02-06,Sacramento,067,1510023,368154,367271,37274,404545,3487
2023-02-06,San Benito,069,59416,17530,17469,1120,18589,115
2023-02-06,San Bernardino,071,2135413,706441,704949,34861,739810,8170
2023-02-06,San Diego,073,3302833,979669,976987,80655,1057642,5728
2023-02-06,San Francisco,075,870044,194187,193361,13216,206577,1152
2023-02-06,San Joaquin,077,732212,208567,208068,16690,224758,2395
2023-02-06,San Luis Obispo,079,281455,66122,65882,8086,73968,549
2023-02-06,San Mateo,081,765935,181374,180691,11302,191993,749
2023-02-06,Santa Barbara,083,443738,111537,111213,7636,118849,758
2023-02-06,Santa Clara,085,1922200,470920,469329,21531,490860,2672
2023-02-06,Santa Cruz,087,273765,67888,67589,3807,71396,277
2023-02-06,Shasta,089,179085,36365,36324,8254,44578,605
2023-02-06,Sierra,091,2930,311,311,61,372,5
2023-02-06,Siskiyou,093,43540,5424,5407,3425,8832,95
2023-02-06,Solano,095,438530,112965,112466,8485,120951,482
2023-02-06,Sonoma,097,501317,112834,112508,5737,118245,544
2023-02-06,Stanislaus,099,539301,144349,143982,22853,166835,1827
2023-02-06,Sutter,101,95872,25590,25528,2539,28067,237
2023-02-06,Tehama,103,63373,14411,14379,3388,17767,222
2023-02-06,Trinity,105,12862,1470,1468,506,1974,24
2023-02-06,Tulare,107,460477,127607,127199,39789,166988,1562
2023-02-06,Tuolumne,109,53932,16770,16709,988,17697,203
2023-02-06,Ventura,111,848112,219931,219465,17977,237442,1659
2023-02-06,Yolo,113,214977,49782,49661,4799,54460,436
2023-02-06,Yuba,115,75493,19931,19907,1853,21760,134
2023-02-05,Alameda,001,1643700,375203,374080,22298,396378,2153
2023-02-05,Alpine,002,1148,139,139,4,143,0
2023-02-05,Amador,005,37829,10505,10469,963,11432,98
2023-02-05,Butte,007,227075,41459,41393,10120,51513,486
2023-02-05,Calaveras,009,45235,8946,8925,638,9563,140
2023-02-05,Colusa,011,21464,3948,3942,1338,5280,22
2023-02-05,Contra Costa,013,1133247,270086,269280,22156,291436,1522
2023-02-05,Del Norte,015,27424,7856,7749,461,8210,58
2023-02-05,El Dorado,017,186661,34374,34310,4517,38827,240
2023-02-05,Fresno,019,978130,292606,291147,34125,325272,2969
2023-02-05,Glenn,021,27897,5766,5754,2002,7756,58
2023-02-05,Humboldt,023,135768,23244,23081,5820,28901,169
2023-02-05,Imperial,025,180216,69539,69391,18626,88017,974
2023-02-05,Inyo,027,18085,4744,4733,1272,6005,63
2023-02-05,Kern,029,883053,228649,228236,71838,300074,2470
2023-02-05,Kings,031,150075,62579,62444,4428,66872,470
2023-02-05,Lake,033,64148,13571,13542,1275,14817,151
2023-02-05,Lassen,035,31185,10240,10232,1062,11294,66
2023-02-05,Los Angeles,037,10098052,3470583,3463362,214270,3677632,35040
2023-02-05,Madera,039,155013,46047,45956,8819,54775,377
2023-02-05,Marin,041,260295,48616,48478,5663,54141,317
2023-02-05,Mariposa,043,17540,3339,3330,372,3702,32
2023-02-05,Mendocino,045,87422,16799,16755,4808,21563,142
2023-02-05,Merced,047,269075,76016,75741,12656,88397,903
2023-02-05,Modoc,049,8938,952,951,369,1320,11
2023-02-05,Mono,051,14174,3318,3313,300,3613,8
2023-02-05,Monterey,053,433212,97532,97259,22891,120150,790
2023-02-05,Napa,055,140530,34139,34034,1523,35557,165
2023-02-05,Nevada,057,99092,20054,20012,2266,22278,132
2023-02-05,Orange,059,3164182,705709,704157,75983,780140,7806
2023-02-05,Placer,061,380077,80463,80269,10160,90429,679
2023-02-05,Plumas,063,18699,3817,3814,459,4273,14
2023-02-05,Riverside,065,2383286,730949,729601,41113,770714,6789
2023-02-05,Sacramento,067,1510023,367991,367271,37268,404539,3487
2023-02-05,San Benito,069,59416,17521,17469,1120,18589,115
2023-02-05,San Bernardino,071,2135413,706254,704949,34861,739810,8170
2023-02-05,San Diego,073,3302833,979292,976987,80633,1057620,5728
2023-02-05,San Francisco,075,870044,194081,193361,13216,206577,1152
2023-02-05,San Joaquin,077,732212,208470,208068,16690,224758,2395
2023-02-05,San Luis Obispo,079,281455,66091,65882,8085,73967,549
2023-02-05,San Mateo,081,765935,181283,180691,11302,191993,749
2023-02-05,Santa Barbara,083,443738,111497,111213,7635,118848,758
2023-02-05,Santa Clara,085,1922200,470678,469329,21531,490860,2672
2023-02-05,Santa Cruz,087,273765,67851,67589,3807,71396,277
2023-02-05,Shasta,089,179085,36364,36324,8254,44578,605
2023-02-05,Sierra,091,2930,311,311,61,372,5
2023-02-05,Siskiyou,093,43540,5423,5407,3425,8832,95
2023-02-05,Solano,095,438530,112893,112466,8485,120951,482
2023-02-05,Sonoma,097,501317,112792,112508,5737,118245,544
2023-02-05,Stanislaus,099,539301,144299,143982,22831,166813,1827
2023-02-05,Sutter,101,95872,25575,25528,2539,28067,237
2023-02-05,Tehama,103,63373,14407,14379,3388,17767,222
2023-02-05,Trinity,105,12862,1470,1468,506,1974,24
2023-02-05,Tulare,107,460477,127558,127199,39778,166977,1562
2023-02-05,Tuolumne,109,53932,16767,16709,988,17697,203
2023-02-05,Ventura,111,848112,219873,219465,17977,237442,1659
2023-02-05,Yolo,113,214977,49762,49661,4799,54460,436
2023-02-05,Yuba,115,75493,19923,19907,1853,21760,134
2023-02-04,Alameda,001,1643700,375097,374080,22298,396378,2153
2023-02-04,Alpine,002,1148,139,139,4,143,0
2023-02-04,Amador,005,37829,10498,10469,963,11432,98
2023-02-04,Butte,007,227075,41449,41393,10120,51513,486
2023-02-04,Calaveras,009,45235,8945,8925,638,9563,140
2023-02-04,Colusa,011,21464,3948,3942,1338,5280,22
2023-02-04,Contra Costa,013,1133247,270017,269280,22156,291436,1522
2023-02-04,Del Norte,015,27424,7855,7749,461,8210,58
2023-02-04,El Dorado,017,186661,34369,34310,4517,38827,240
2023-02-04,Fresno,019,978130,292556,291147,34125,325272,2969
2023-02-04,Glenn,021,27897,5763,5754,2002,7756,58
2023-02-04,Humboldt,023,135768,23242,23081,5820,28901,169
2023-02-04,Imperial,025,180216,69528,69391,18626,88017,974
2023-02-04,Inyo,027,18085,4744,4733,1272,6005,63
2023-02-04,Kern,029,883053,228622,228236,71832,300068,2470
2023-02-04,Kings,031,150075,62571,62444,4428,66872,470
2023-02-04,Lake,033,64148,13568,13542,1275,14817,151
2023-02-04,Lassen,035,31185,10240,10232,1062,11294,66
2023-02-04,Los Angeles,037,10098052,3470088,3463362,214232,3677594,35040
2023-02-04,Madera,039,155013,46041,45956,8819,54775,377
2023-02-04,Marin,041,260295,48601,48478,5663,54141,317
2023-02-04,Mariposa,043,17540,3339,3330,372,3702,32
2023-02-04,Mendocino,045,87422,16799,16755,4808,21563,142
2023-02-04,Merced,047,269075,75996,75741,12656,88397,903
2023-02-04,Modoc,049,8938,952,951,369,1320,11
2023-02-04,Mono,051,14174,3318,3313,300,3613,8
2023-02-04,Monterey,053,433212,97518,97259,22891,120150,790
2023-02-04,Napa,055,140530,34129,34034,1523,35557,165
2023-02-04,Nevada,057,99092,20051,20012,2266,22278,132
2023-02-04,Orange,059,3164182,705596,704157,75983,780140,7806
2023-02-04,Placer,061,380077,80445,80269,10160,90429,679
2023-02-04,Plumas,063,18699,3817,3814,459,4273,14
2023-02-04,Riverside,065,2383286,730834,729601,41112,770713,6789
2023-02-04,Sacramento,067,1510023,367922,367271,37268,404539,3487
2023-02-04,San Benito,069,59416,17514,17469,1120,18589,115
2023-02-04,San Bernardino,071,2135413,706132,704949,34861,739810,8170
2023-02-04,San Diego,073,3302833,979134,976987,80616,1057603,5728
2023-02-04,San Francisco,075,870044,194023,193361,13215,206576,1152
2023-02-04,San Joaquin,077,732212,208427,208068,16682,224750,2395
2023-02-04,San Luis Obispo,079,281455,66089,65882,8085,73967,549
2023-02-04,San Mateo,081,765935,181221,180691,11302,191993,749
2023-02-04,Santa Barbara,083,443738,111471,111213,7635,118848,758
2023-02-04,Santa Clara,085,1922200,470560,469329,21531,490860,2672
2023-02-04,Santa Cruz,087,273765,67838,67589,3807,71396,277
2023-02-04,Shasta,089,179085,36362,36324,8254,44578,605
2023-02-04,Sierra,091,2930,311,311,61,372,5
2023-02-04,Siskiyou,093,43540,5421,5407,3425,8832,95
2023-02-04,Solano,095,438530,112870,112466,8485,120951,482
2023-02-04,Sonoma,097,501317,112767,112508,5737,118245,544
2023-02-04,Stanislaus,099,539301,144271,143982,22827,166809,1827
2023-02-04,Sutter,101,95872,25571,25528,2539,28067,237
2023-02-04,Tehama,103,63373,14405,14379,3388,17767,222
2023-02-04,Trinity,105,12862,1470,1468,506,1974,24
2023-02-04,Tulare,107,460477,127537,127199,39776,166975,1562
2023-02-04,Tuolumne,109,53932,16757,16709,988,17697,203
2023-02-04,Ventura,111,848112,219835,219465,17977,237442,1659
2023-02-04,Yolo,113,214977,49754,49661,4799,54460,436
2023-02-04,Yuba,115,75493,19920,19907,1853,21760,134
2023-02-03,Alameda,001,1643700,375001,374080,22298,396378,2153
2023-02-03,Alpine,002,1148,139,139,4,143,0
2023-02-03,Amador,005,37829,10497,10469,963,11432,98
2023-02-03,Butte,007,227075,41444,41393,10120,51513,486
2023-02-03,Calaveras,009,45235,8944,8925,638,9563,140
2023-02-03,Colusa,011,21464,3948,3942,1338,5280,22
2023-02-03,Contra Costa,013,1133247,269958,269280,22156,291436,1522
2023-02-03,Del Norte,015,27424,7855,7749,461,8210,58
2023-02-03,El Dorado,017,186661,34365,34310,4517,38827,240
2023-02-03,Fresno,019,978130,292506,291147,34125,325272,2969
2023-02-03,Glenn,021,27897,5763,5754,2002,7756,58
2023-02-03,Humboldt,023,135768,23239,23081,5820,28901,169
2023-02-03,Imperial,025,180216,69513,69391,18626,88017,974
2023-02-03,Inyo,027,18085,4743,4733,1272,6005,63
2023-02-03,Kern,029,883053,228591,228236,71821,300057,2470
2023-02-03,Kings,031,150075,62562,62444,4428,66872,470
2023-02-03,Lake,033,64148,13565,13542,1275,14817,151
2023-02-03,Lassen,035,31185,10239,10232,1062,11294,66
2023-02-03,Los Angeles,037,10098052,3469598,3463362,214168,3677530,35040
2023-02-03,Madera,039,155013,46033,45956,8819,54775,377
2023-02-03,Marin,041,260295,48586,48478,5663,54141,317
2023-02-03,Mariposa,043,17540,3339,3330,372,3702,32
2023-02-03,Mendocino,045,87422,16793,16755,4808,21563,142
2023-02-03,Merced,047,269075,75978,75741,12656,88397,903
2023-02-03,Modoc,049,8938,952,951,369,1320,11
2023-02-03,Mono,051,14174,3318,3313,300,3613,8
2023-02-03,Monterey,053,433212,97492,97259,22891,120150,790
2023-02-03,Napa,055,140530,34117,34034,1523,35557,165
2023-02-03,Nevada,057,99092,20048,20012,2266,22278,132
2023-02-03,Orange,059,3164182,705448,704157,75983,780140,7806
2023-02-03,Placer,061,380077,80422,80269,10160,90429,679
2023-02-03,Plumas,063,18699,3817,3814,459,4273,14
2023-02-03,Riverside,065,2383286,730714,729601,41112,770713,6789
2023-02-03,Sacramento,067,1510023,367844,367271,37268,404539,3487
2023-02-03,San Benito,069,59416,17509,17469,1120,18589,115
2023-02-03,San Bernardino,071,2135413,706024,704949,34861,739810,8170
2023-02-03,San Diego,073,3302833,978956,976987,80593,1057580,5728
2023-02-03,San Francisco,075,870044,193982,193361,13215,206576,1152
2023-02-03,San Joaquin,077,732212,208387,208068,16680,224748,2395
2023-02-03,San Luis Obispo,079,281455,66085,65882,8085,73967,549
2023-02-03,San Mateo,081,765935,181162,180691,11302,191993,749
2023-02-03,Santa Barbara,083,443738,111449,111213,7635,118848,758
2023-02-03,Santa Clara,085,1922200,470442,469329,21531,490860,2672
2023-02-03,Santa Cruz,087,273765,67804,67589,3807,71396,277
2023-02-03,Shasta,089,179085,36360,36324,8254,44578,605
2023-02-03,Sierra,091,2930,311,311,61,372,5
2023-02-03,Siskiyou,093,43540,5420,5407,3425,8832,95
2023-02-03,Solano,095,438530,112852,112466,8485,120951,482
2023-02-03,Sonoma,097,501317,112742,112508,5737,118245,544
2023-02-03,Stanislaus,099,539301,144231,143982,22827,166809,1827
2023-02-03,Sutter,101,95872,25566,25528,2539,28067,237
2023-02-03,Tehama,103,63373,14404,14379,3388,17767,222
2023-02-03,Trinity,105,12862,1470,1468,506,1974,24
2023-02-03,Tulare,107,460477,127514,127199,39775,166974,1562
2023-02-03,Tuolumne,109,53932,16750,16709,988,17697,203
2023-02-03,Ventura,111,848112,219804,219465,17977,237442,1659
2023-02-03,Yolo,113,214977,49745,49661,4798,54459,436
2023-02-03,Yuba,115,75493,19917,19907,1853,21760,134
2023-02-02,Alameda,001,1643700,374827,374080,22298,396378,2153
2023-02-02,Alpine,002,1148,139,139,4,143,0
2023-02-02,Amador,005,37829,10492,10469,963,11432,98
2023-02-02,Butte,007,227075,41436,41393,10120,51513,486
2023-02-02,Calaveras,009,45235,8944,8925,638,9563,140
2023-02-02,Colusa,011,21464,3947,3942,1338,5280,22
2023-02-02,Contra Costa,013,1133247,269854,269280,22156,291436,1522
2023-02-02,Del Norte,015,27424,7848,7749,461,8210,58
2023-02-02,El Dorado,017,186661,34353,34310,4517,38827,240
2023-02-02,Fresno,019,978130,292445,291147,34125,325272,2969
2023-02-02,Glenn,021,27897,5761,5754,2002,7756,58
2023-02-02,Humboldt,023,135768,23225,23081,5820,28901,169
2023-02-02,Imperial,025,180216,69498,69391,18626,88017,974
2023-02-02,Inyo,027,18085,4742,4733,1272,6005,63
2023-02-02,Kern,029,883053,228544,228236,71803,300039,2470
2023-02-02,Kings,031,150075,62540,62444,4428,66872,470
2023-02-02,Lake,033,64148,13562,13542,1275,14817,151
2023-02-02,Lassen,035,31185,10236,10232,1062,11294,66
2023-02-02,Los Angeles,037,10098052,3468884,3463362,214093,3677455,35040
2023-02-02,Madera,039,155013,46023,45956,8819,54775,377
2023-02-02,Marin,041,260295,48563,48478,5662,54140,317
2023-02-02,Mariposa,043,17540,3338,3330,372,3702,32
2023-02-02,Mendocino,045,87422,16790,16755,4808,21563,142
2023-02-02,Merced,047,269075,75959,75741,12656,88397,903
2023-02-02,Modoc,049,8938,952,951,369,1320,11
2023-02-02,Mono,051,14174,3317,3313,300,3613,8
2023-02-02,Monterey,053,433212,97458,97259,22888,120147,790
2023-02-02,Napa,055,140530,34109,34034,1523,35557,165
2023-02-02,Nevada,057,99092,20044,20012,2266,22278,132
2023-02-02,Orange,059,3164182,705272,704157,75983,780140,7806
2023-02-02,Placer,061,380077,80400,80269,10160,90429,679
2023-02-02,Plumas,063,18699,3817,3814,459,4273,14
2023-02-02,Riverside,065,2383286,730594,729601,41112,770713,6789
2023-02-02,Sacramento,067,1510023,367739,367271,37260,404531,3487
2023-02-02,San Benito,069,59416,17502,17469,1120,18589,115
2023-02-02,San Bernardino,071,2135413,705892,704949,34861,739810,8170
2023-02-02,San Diego,073,3302833,978715,976987,80561,1057548,5728
2023-02-02,San Francisco,075,870044,193888,193361,13215,206576,1152
2023-02-02,San Joaquin,077,732212,208330,208068,16678,224746,2395
2023-02-02,San Luis Obispo,079,281455,66049,65882,8082,73964,549
2023-02-02,San Mateo,081,765935,181102,180691,11301,191992,749
2023-02-02,Santa Barbara,083,443738,111409,111213,7634,118847,758
2023-02-02,Santa Clara,085,1922200,470257,469329,21531,490860,2672
2023-02-02,Santa Cruz,087,273765,67783,67589,3807,71396,277
2023-02-02,Shasta,089,179085,36358,36324,8254,44578,605
2023-02-02,Sierra,091,2930,311,311,61,372,5
2023-02-02,Siskiyou,093,43540,5418,5407,3425,8832,95
2023-02-02,Solano,095,438530,112809,112466,8485,120951,482
2023-02-02,Sonoma,097,501317,112707,112508,5737,118245,544
2023-02-02,Stanislaus,099,539301,144198,143982,22813,166795,1827
2023-02-02,Sutter,101,95872,25555,25528,2539,28067,237
2023-02-02,Tehama,103,63373,14403,14379,3388,17767,222
2023-02-02,Trinity,105,12862,1470,1468,506,1974,24
2023-02-02,Tulare,107,460477,127474,127199,39772,166971,1562
2023-02-02,Tuolumne,109,53932,16747,16709,988,17697,203
2023-02-02,Ventura,111,848112,219772,219465,17977,237442,1659
2023-02-02,Yolo,113,214977,49736,49661,4798,54459,436
2023-02-02,Yuba,115,75493,19916,19907,1853,21760,134
2023-02-01,Alameda,001,1643700,374665,374080,22298,396378,2153
2023-02-01,Alpine,002,1148,139,139,4,143,0
2023-02-01,Amador,005,37829,10489,10469,963,11432,98
2023-02-01,Butte,007,227075,41428,41393,10119,51512,486
2023-02-01,Calaveras,009,45235,8938,8925,638,9563,140
2023-02-01,Colusa,011,21464,3947,3942,1337,5279,22
2023-02-01,Contra Costa,013,1133247,269767,269280,22156,291436,1522
2023-02-01,Del Norte,015,27424,7841,7749,461,8210,58
2023-02-01,El Dorado,017,186661,34347,34310,4517,38827,240
2023-02-01,Fresno,019,978130,292382,291147,34125,325272,2969
2023-02-01,Glenn,021,27897,5759,5754,2001,7755,58
2023-02-01,Humboldt,023,135768,23219,23081,5820,28901,169
2023-02-01,Imperial,025,180216,69484,69391,18626,88017,974
2023-02-01,Inyo,027,18085,4741,4733,1272,6005,63
2023-02-01,Kern,029,883053,228484,228236,71762,299998,2470
2023-02-01,Kings,031,150075,62524,62444,4428,66872,470
2023-02-01,Lake,033,64148,13561,13542,1274,14816,151
2023-02-01,Lassen,035,31185,10236,10232,1062,11294,66
2023-02-01,Los Angeles,037,10098052,3468096,3463362,213953,3677315,35040
2023-02-01,Madera,039,155013,46019,45956,8819,54775,377
2023-02-01,Marin,041,260295,48549,48478,5659,54137,317
2023-02-01,Mariposa,043,17540,3338,3330,372,3702,32
2023-02-01,Mendocino,045,87422,16785,16755,4808,21563,142
2023-02-01,Merced,047,269075,75937,75741,12656,88397,903
2023-02-01,Modoc,049,8938,952,951,369,1320,11
2023-02-01,Mono,051,14174,3317,3313,300,3613,8
2023-02-01,Monterey,053,433212,97428,97259,22886,120145,790
2023-02-01,Napa,055,140530,34095,34034,1523,35557,165
2023-02-01,Nevada,057,99092,20039,20012,2266,22278,132
2023-02-01,Orange,059,3164182,705077,704157,75983,780140,7806
2023-02-01,Placer,061,380077,80383,80269,10160,90429,679
2023-02-01,Plumas,063,18699,3817,3814,459,4273,14
2023-02-01,Riverside,065,2383286,730414,729601,41111,770712,6789
2023-02-01,Sacramento,067,1510023,367634,367271,37258,404529,3487
2023-02-01,San Benito,069,59416,17496,17469,1120,18589,115
2023-02-01,San Bernardino,071,2135413,705770,704949,34861,739810,8170
2023-02-01,San Diego,073,3302833,978468,976987,80513,1057500,5728
2023-02-01,San Francisco,075,870044,193807,193361,13215,206576,1152
2023-02-01,San Joaquin,077,732212,208264,208068,16678,224746,2395
2023-02-01,San Luis Obispo,079,281455,66029,65882,8081,73963,549
2023-02-01,San Mateo,081,765935,181009,180691,11301,191992,749
2023-02-01,Santa Barbara,083,443738,111375,111213,7634,118847,758
2023-02-01,Santa Clara,085,1922200,470068,469329,21531,490860,2672
2023-02-01,Santa Cruz,087,273765,67720,67589,3807,71396,277
2023-02-01,Shasta,089,179085,36351,36324,8254,44578,605
2023-02-01,Sierra,091,2930,311,311,61,372,5
2023-02-01,Siskiyou,093,43540,5417,5407,3425,8832,95
2023-02-01,Solano,095,438530,112764,112466,8485,120951,482
2023-02-01,Sonoma,097,501317,112655,112508,5737,118245,544
2023-02-01,Stanislaus,099,539301,144161,143982,22813,166795,1827
2023-02-01,Sutter,101,95872,25551,25528,2539,28067,237
2023-02-01,Tehama,103,63373,14402,14379,3388,17767,222
2023-02-01,Trinity,105,12862,1469,1468,506,1974,24
2023-02-01,Tulare,107,460477,127436,127199,39771,166970,1562
2023-02-01,Tuolumne,109,53932,16745,16709,988,17697,203
2023-02-01,Ventura,111,848112,219727,219465,17977,237442,1659
2023-02-01,Yolo,113,214977,49726,49661,4798,54459,436
2023-02-01,Yuba,115,75493,19913,19907,1849,21756,134
2023-01-31,Alameda,001,1643700,374516,374080,22297,396377,2153
2023-01-31,Alpine,002,1148,139,139,4,143,0
2023-01-31,Amador,005,37829,10486,10469,963,11432,98
2023-01-31,Butte,007,227075,41407,41393,10118,51511,486
2023-01-31,Calaveras,009,45235,8937,8925,638,9563,140
2023-01-31,Colusa,011,21464,3946,3942,1337,5279,22
2023-01-31,Contra Costa,013,1133247,269648,269280,22156,291436,1522
2023-01-31,Del Norte,015,27424,7829,7749,461,8210,58
2023-01-31,El Dorado,017,186661,34340,34310,4516,38826,240
2023-01-31,Fresno,019,978130,292306,291147,34125,325272,2969
2023-01-31,Glenn,021,27897,5757,5754,2000,7754,58
2023-01-31,Humboldt,023,135768,23210,23081,5820,28901,169
2023-01-31,Imperial,025,180216,69458,69391,18626,88017,974
2023-01-31,Inyo,027,18085,4739,4733,1272,6005,63
2023-01-31,Kern,029,883053,228447,228236,71715,299951,2470
2023-01-31,Kings,031,150075,62501,62444,4428,66872,470
2023-01-31,Lake,033,64148,13558,13542,1274,14816,151
2023-01-31,Lassen,035,31185,10236,10232,1062,11294,66
2023-01-31,Los Angeles,037,10098052,3467255,3463362,213782,3677144,35040
2023-01-31,Madera,039,155013,46014,45956,8819,54775,377
2023-01-31,Marin,041,260295,48533,48478,5659,54137,317
2023-01-31,Mariposa,043,17540,3337,3330,372,3702,32
2023-01-31,Mendocino,045,87422,16782,16755,4808,21563,142
2023-01-31,Merced,047,269075,75911,75741,12656,88397,903
2023-01-31,Modoc,049,8938,952,951,368,1319,11
2023-01-31,Mono,051,14174,3316,3313,300,3613,8
2023-01-31,Monterey,053,433212,97393,97259,22883,120142,790
2023-01-31,Napa,055,140530,34075,34034,1523,35557,165
2023-01-31,Nevada,057,99092,20036,20012,2266,22278,132
2023-01-31,Orange,059,3164182,704891,704157,75983,780140,7806
2023-01-31,Placer,061,380077,80357,80269,10159,90428,679
2023-01-31,Plumas,063,18699,3816,3814,459,4273,14
2023-01-31,Riverside,065,2383286,730254,729601,41109,770710,6789
2023-01-31,Sacramento,067,1510023,367537,367271,37253,404524,3487
2023-01-31,San Benito,069,59416,17490,17469,1120,18589,115
2023-01-31,San Bernardino,071,2135413,705580,704949,34858,739807,8170
2023-01-31,San Diego,073,3302833,978165,976987,80451,1057438,5728
2023-01-31,San Francisco,075,870044,193708,193361,13215,206576,1152
2023-01-31,San Joaquin,077,732212,208204,208068,16678,224746,2395
2023-01-31,San Luis Obispo,079,281455,66000,65882,8081,73963,549
2023-01-31,San Mateo,081,765935,180949,180691,11301,191992,749
2023-01-31,Santa Barbara,083,443738,111337,111213,7633,118846,758
2023-01-31,Santa Clara,085,1922200,469869,469329,21531,490860,2672
2023-01-31,Santa Cruz,087,273765,67691,67589,3807,71396,277
2023-01-31,Shasta,089,179085,36348,36324,8254,44578,605
2023-01-31,Sierra,091,2930,311,311,61,372,5
2023-01-31,Siskiyou,093,43540,5416,5407,3425,8832,95
2023-01-31,Solano,095,438530,112722,112466,8485,120951,482
2023-01-31,Sonoma,097,501317,112615,112508,5737,118245,544
2023-01-31,Stanislaus,099,539301,144117,143982,22810,166792,1827
2023-01-31,Sutter,101,95872,25542,25528,2539,28067,237
2023-01-31,Tehama,103,63373,14400,14379,3388,17767,222
2023-01-31,Trinity,105,12862,1469,1468,506,1974,24
2023-01-31,Tulare,107,460477,127389,127199,39767,166966,1562
2023-01-31,Tuolumne,109,53932,16735,16709,988,17697,203
2023-01-31,Ventura,111,848112,219675,219465,17977,237442,1659
2023-01-31,Yolo,113,214977,49715,49661,4798,54459,436
2023-01-31,Yuba,115,75493,19910,19907,1849,21756,134
2023-01-30,Alameda,001,1643700,374363,373183,22297,395480,2138
2023-01-30,Alpine,002,1148,139,139,4,143,0
2023-01-30,Amador,005,37829,10477,10443,963,11406,98
2023-01-30,Butte,007,227075,41400,41340,10117,51457,486
2023-01-30,Calaveras,009,45235,8934,8906,638,9544,140
2023-01-30,Colusa,011,21464,3945,3936,1337,5273,22
2023-01-30,Contra Costa,013,1133247,269545,268472,22156,290628,1521
2023-01-30,Del Norte,015,27424,7819,7725,461,8186,57
2023-01-30,El Dorado,017,186661,34331,34271,4516,38787,238
2023-01-30,Fresno,019,978130,292235,290101,34125,324226,2962
2023-01-30,Glenn,021,27897,5756,5752,2000,7752,58
2023-01-30,Humboldt,023,135768,23202,23039,5818,28857,167
2023-01-30,Imperial,025,180216,69446,69274,18626,87900,973
2023-01-30,Inyo,027,18085,4737,4722,1272,5994,63
2023-01-30,Kern,029,883053,228394,227749,71664,299413,2467
2023-01-30,Kings,031,150075,62477,62312,4428,66740,471
2023-01-30,Lake,033,64148,13556,13502,1274,14776,149
2023-01-30,Lassen,035,31185,10236,10225,1062,11287,67
2023-01-30,Los Angeles,037,10098052,3466248,3457684,213604,3671288,34926
2023-01-30,Madera,039,155013,46006,45883,8819,54702,377
2023-01-30,Marin,041,260295,48509,48374,5658,54032,317
2023-01-30,Mariposa,043,17540,3337,3305,372,3677,32
2023-01-30,Mendocino,045,87422,16775,16728,4808,21536,139
2023-01-30,Merced,047,269075,75887,75565,12655,88220,897
2023-01-30,Modoc,049,8938,951,951,368,1319,11
2023-01-30,Mono,051,14174,3314,3311,300,3611,8
2023-01-30,Monterey,053,433212,97371,97118,22880,119998,789
2023-01-30,Napa,055,140530,34060,33957,1523,35480,164
2023-01-30,Nevada,057,99092,20033,19981,2265,22246,132
2023-01-30,Orange,059,3164182,704693,702777,75982,778759,7781
2023-01-30,Placer,061,380077,80327,80107,10158,90265,679
2023-01-30,Plumas,063,18699,3816,3811,459,4270,13
2023-01-30,Riverside,065,2383286,730063,728514,41108,769622,6788
2023-01-30,Sacramento,067,1510023,367427,366562,37251,403813,3472
2023-01-30,San Benito,069,59416,17486,17434,1120,18554,115
2023-01-30,San Bernardino,071,2135413,705431,703892,34857,738749,8163
2023-01-30,San Diego,073,3302833,977824,974936,80384,1055320,5716
2023-01-30,San Francisco,075,870044,193625,192738,13215,205953,1152
2023-01-30,San Joaquin,077,732212,208154,207738,16674,224412,2391
2023-01-30,San Luis Obispo,079,281455,65982,65721,8080,73801,549
2023-01-30,San Mateo,081,765935,180869,180043,11301,191344,749
2023-01-30,Santa Barbara,083,443738,111307,110976,7633,118609,755
2023-01-30,Santa Clara,085,1922200,469658,467820,21531,489351,2655
2023-01-30,Santa Cruz,087,273765,67674,67454,3807,71261,276
2023-01-30,Shasta,089,179085,36343,36311,8254,44565,605
2023-01-30,Sierra,091,2930,311,311,61,372,5
2023-01-30,Siskiyou,093,43540,5413,5406,3425,8831,95
2023-01-30,Solano,095,438530,112681,112210,8485,120695,482
2023-01-30,Sonoma,097,501317,112574,112332,5737,118069,541
2023-01-30,Stanislaus,099,539301,144077,143769,22808,166577,1816
2023-01-30,Sutter,101,95872,25538,25478,2539,28017,237
2023-01-30,Tehama,103,63373,14395,14356,3388,17744,222
2023-01-30,Trinity,105,12862,1469,1459,506,1965,23
2023-01-30,Tulare,107,460477,127353,126918,39766,166684,1559
2023-01-30,Tuolumne,109,53932,16728,16639,988,17627,203
2023-01-30,Ventura,111,848112,219627,219015,17975,236990,1650
2023-01-30,Yolo,113,214977,49707,49563,4798,54361,435
2023-01-30,Yuba,115,75493,19909,19871,1848,21719,134
2023-01-29,Alameda,001,1643700,374214,373183,22297,395480,2138
2023-01-29,Alpine,002,1148,139,139,4,143,0
2023-01-29,Amador,005,37829,10473,10443,963,11406,98
2023-01-29,Butte,007,227075,41390,41340,10116,51456,486
2023-01-29,Calaveras,009,45235,8931,8906,638,9544,140
2023-01-29,Colusa,011,21464,3942,3936,1336,5272,22
2023-01-29,Contra Costa,013,1133247,269426,268472,22156,290628,1521
2023-01-29,Del Norte,015,27424,7811,7725,461,8186,57
2023-01-29,El Dorado,017,186661,34322,34271,4516,38787,238
2023-01-29,Fresno,019,978130,292162,290101,34125,324226,2962
2023-01-29,Glenn,021,27897,5756,5752,2000,7752,58
2023-01-29,Humboldt,023,135768,23197,23039,5817,28856,167
2023-01-29,Imperial,025,180216,69426,69274,18626,87900,973
2023-01-29,Inyo,027,18085,4734,4722,1272,5994,63
2023-01-29,Kern,029,883053,228338,227749,71619,299368,2467
2023-01-29,Kings,031,150075,62451,62312,4428,66740,471
2023-01-29,Lake,033,64148,13552,13502,1274,14776,149
2023-01-29,Lassen,035,31185,10236,10225,1062,11287,67
2023-01-29,Los Angeles,037,10098052,3465156,3457684,213430,3671114,34926
2023-01-29,Madera,039,155013,45999,45883,8819,54702,377
2023-01-29,Marin,041,260295,48493,48374,5657,54031,317
2023-01-29,Mariposa,043,17540,3336,3305,372,3677,32
2023-01-29,Mendocino,045,87422,16768,16728,4808,21536,139
2023-01-29,Merced,047,269075,75866,75565,12654,88219,897
2023-01-29,Modoc,049,8938,951,951,368,1319,11
2023-01-29,Mono,051,14174,3313,3311,300,3611,8
2023-01-29,Monterey,053,433212,97348,97118,22874,119992,789
2023-01-29,Napa,055,140530,34042,33957,1523,35480,164
2023-01-29,Nevada,057,99092,20030,19981,2264,22245,132
2023-01-29,Orange,059,3164182,704471,702777,75982,778759,7781
2023-01-29,Placer,061,380077,80298,80107,10157,90264,679
2023-01-29,Plumas,063,18699,3816,3811,459,4270,13
2023-01-29,Riverside,065,2383286,729853,728514,41107,769621,6788
2023-01-29,Sacramento,067,1510023,367313,366562,37245,403807,3472
2023-01-29,San Benito,069,59416,17479,17434,1120,18554,115
2023-01-29,San Bernardino,071,2135413,705264,703892,34857,738749,8163
2023-01-29,San Diego,073,3302833,977501,974936,80325,1055261,5716
2023-01-29,San Francisco,075,870044,193535,192738,13215,205953,1152
2023-01-29,San Joaquin,077,732212,208092,207738,16670,224408,2391
2023-01-29,San Luis Obispo,079,281455,65951,65721,8080,73801,549
2023-01-29,San Mateo,081,765935,180794,180043,11301,191344,749
2023-01-29,Santa Barbara,083,443738,111271,110976,7633,118609,755
2023-01-29,Santa Clara,085,1922200,469454,467820,21531,489351,2655
2023-01-29,Santa Cruz,087,273765,67644,67454,3807,71261,276
2023-01-29,Shasta,089,179085,36341,36311,8254,44565,605
2023-01-29,Sierra,091,2930,311,311,61,372,5
2023-01-29,Siskiyou,093,43540,5410,5406,3425,8831,95
2023-01-29,Solano,095,438530,112634,112210,8485,120695,482
2023-01-29,Sonoma,097,501317,112556,112332,5737,118069,541
2023-01-29,Stanislaus,099,539301,144037,143769,22797,166566,1816
2023-01-29,Sutter,101,95872,25529,25478,2539,28017,237
2023-01-29,Tehama,103,63373,14393,14356,3388,17744,222
2023-01-29,Trinity,105,12862,1462,1459,506,1965,23
2023-01-29,Tulare,107,460477,127302,126918,39763,166681,1559
2023-01-29,Tuolumne,109,53932,16725,16639,988,17627,203
2023-01-29,Ventura,111,848112,219565,219015,17972,236987,1650
2023-01-29,Yolo,113,214977,49689,49563,4798,54361,435
2023-01-29,Yuba,115,75493,19905,19871,1846,21717,134
2023-01-28,Alameda,001,1643700,374141,373183,22295,395478,2138
2023-01-28,Alpine,002,1148,139,139,4,143,0
2023-01-28,Amador,005,37829,10472,10443,963,11406,98
2023-01-28,Butte,007,227075,41383,41340,10114,51454,486
2023-01-28,Calaveras,009,45235,8928,8906,638,9544,140
2023-01-28,Colusa,011,21464,3942,3936,1336,5272,22
2023-01-28,Contra Costa,013,1133247,269365,268472,22153,290625,1521
2023-01-28,Del Norte,015,27424,7810,7725,461,8186,57
2023-01-28,El Dorado,017,186661,34316,34271,4516,38787,238
2023-01-28,Fresno,019,978130,292121,290101,34125,324226,2962
2023-01-28,Glenn,021,27897,5755,5752,2000,7752,58
2023-01-28,Humboldt,023,135768,23195,23039,5815,28854,167
2023-01-28,Imperial,025,180216,69415,69274,18626,87900,973
2023-01-28,Inyo,027,18085,4734,4722,1272,5994,63
2023-01-28,Kern,029,883053,228310,227749,71593,299342,2467
2023-01-28,Kings,031,150075,62438,62312,4428,66740,471
2023-01-28,Lake,033,64148,13550,13502,1274,14776,149
2023-01-28,Lassen,035,31185,10236,10225,1062,11287,67
2023-01-28,Los Angeles,037,10098052,3464564,3457684,213361,3671045,34926
2023-01-28,Madera,039,155013,45992,45883,8819,54702,377
2023-01-28,Marin,041,260295,48484,48374,5656,54030,317
2023-01-28,Mariposa,043,17540,3336,3305,372,3677,32
2023-01-28,Mendocino,045,87422,16766,16728,4808,21536,139
2023-01-28,Merced,047,269075,75852,75565,12654,88219,897
2023-01-28,Modoc,049,8938,951,951,368,1319,11
2023-01-28,Mono,051,14174,3313,3311,300,3611,8
2023-01-28,Monterey,053,433212,97326,97118,22866,119984,789
2023-01-28,Napa,055,140530,34039,33957,1523,35480,164
2023-01-28,Nevada,057,99092,20028,19981,2264,22245,132
2023-01-28,Orange,059,3164182,704375,702777,75950,778727,7781
2023-01-28,Placer,061,380077,80274,80107,10157,90264,679
2023-01-28,Plumas,063,18699,3816,3811,459,4270,13
2023-01-28,Riverside,065,2383286,729734,728514,41103,769617,6788
2023-01-28,Sacramento,067,1510023,367255,366562,37243,403805,3472
2023-01-28,San Benito,069,59416,17476,17434,1119,18553,115
2023-01-28,San Bernardino,071,2135413,705179,703892,34855,738747,8163
2023-01-28,San Diego,073,3302833,977379,974936,80304,1055240,5716
2023-01-28,San Francisco,075,870044,193486,192738,13215,205953,1152
2023-01-28,San Joaquin,077,732212,208063,207738,16668,224406,2391
2023-01-28,San Luis Obispo,079,281455,65940,65721,8079,73800,549
2023-01-28,San Mateo,081,765935,180759,180043,11294,191337,749
2023-01-28,Santa Barbara,083,443738,111248,110976,7628,118604,755
2023-01-28,Santa Clara,085,1922200,469329,467820,21528,489348,2655
2023-01-28,Santa Cruz,087,273765,67634,67454,3807,71261,276
2023-01-28,Shasta,089,179085,36340,36311,8254,44565,605
2023-01-28,Sierra,091,2930,311,311,61,372,5
2023-01-28,Siskiyou,093,43540,5409,5406,3425,8831,95
2023-01-28,Solano,095,438530,112612,112210,8484,120694,482
2023-01-28,Sonoma,097,501317,112538,112332,5737,118069,541
2023-01-28,Stanislaus,099,539301,144012,143769,22795,166564,1816
2023-01-28,Sutter,101,95872,25526,25478,2539,28017,237
2023-01-28,Tehama,103,63373,14392,14356,3388,17744,222
2023-01-28,Trinity,105,12862,1462,1459,506,1965,23
2023-01-28,Tulare,107,460477,127280,126918,39756,166674,1559
2023-01-28,Tuolumne,109,53932,16721,16639,988,17627,203
2023-01-28,Ventura,111,848112,219528,219015,17969,236984,1650
2023-01-28,Yolo,113,214977,49683,49563,4796,54359,435
2023-01-28,Yuba,115,75493,19902,19871,1846,21717,134
2023-01-27,Alameda,001,1643700,374053,373183,22289,395472,2138
2023-01-27,Alpine,002,1148,139,139,4,143,0
2023-01-27,Amador,005,37829,10471,10443,963,11406,98
2023-01-27,Butte,007,227075,41379,41340,10113,51453,486
2023-01-27,Calaveras,009,45235,8926,8906,638,9544,140
2023-01-27,Colusa,011,21464,3942,3936,1336,5272,22
2023-01-27,Contra Costa,013,1133247,269304,268472,22151,290623,1521
2023-01-27,Del Norte,015,27424,7809,7725,460,8185,57
2023-01-27,El Dorado,017,186661,34307,34271,4514,38785,238
2023-01-27,Fresno,019,978130,292083,290101,34124,324225,2962
2023-01-27,Glenn,021,27897,5755,5752,2000,7752,58
2023-01-27,Humboldt,023,135768,23190,23039,5813,28852,167
2023-01-27,Imperial,025,180216,69410,69274,18626,87900,973
2023-01-27,Inyo,027,18085,4734,4722,1272,5994,63
2023-01-27,Kern,029,883053,228284,227749,71574,299323,2467
2023-01-27,Kings,031,150075,62428,62312,4428,66740,471
2023-01-27,Lake,033,64148,13549,13502,1274,14776,149
2023-01-27,Lassen,035,31185,10236,10225,1062,11287,67
2023-01-27,Los Angeles,037,10098052,3463991,3457684,213257,3670941,34926
2023-01-27,Madera,039,155013,45986,45883,8819,54702,377
2023-01-27,Marin,041,260295,48470,48374,5655,54029,317
2023-01-27,Mariposa,043,17540,3336,3305,372,3677,32
2023-01-27,Mendocino,045,87422,16764,16728,4808,21536,139
2023-01-27,Merced,047,269075,75832,75565,12654,88219,897
2023-01-27,Modoc,049,8938,951,951,368,1319,11
2023-01-27,Mono,051,14174,3313,3311,300,3611,8
2023-01-27,Monterey,053,433212,97299,97118,22857,119975,789
2023-01-27,Napa,055,140530,34029,33957,1523,35480,164
2023-01-27,Nevada,057,99092,20023,19981,2262,22243,132
2023-01-27,Orange,059,3164182,704262,702777,75924,778701,7781
2023-01-27,Placer,061,380077,80265,80107,10156,90263,679
2023-01-27,Plumas,063,18699,3815,3811,459,4270,13
2023-01-27,Riverside,065,2383286,729629,728514,41095,769609,6788
2023-01-27,Sacramento,067,1510023,367182,366562,37243,403805,3472
2023-01-27,San Benito,069,59416,17474,17434,1119,18553,115
2023-01-27,San Bernardino,071,2135413,705075,703892,34846,738738,8163
2023-01-27,San Diego,073,3302833,977199,974936,80282,1055218,5716
2023-01-27,San Francisco,075,870044,193440,192738,13209,205947,1152
2023-01-27,San Joaquin,077,732212,208036,207738,16665,224403,2391
2023-01-27,San Luis Obispo,079,281455,65926,65721,8074,73795,549
2023-01-27,San Mateo,081,765935,180728,180043,11292,191335,749
2023-01-27,Santa Barbara,083,443738,111229,110976,7628,118604,755
2023-01-27,Santa Clara,085,1922200,469196,467820,21526,489346,2655
2023-01-27,Santa Cruz,087,273765,67602,67454,3807,71261,276
2023-01-27,Shasta,089,179085,36339,36311,8254,44565,605
2023-01-27,Sierra,091,2930,311,311,61,372,5
2023-01-27,Siskiyou,093,43540,5409,5406,3425,8831,95
2023-01-27,Solano,095,438530,112584,112210,8484,120694,482
2023-01-27,Sonoma,097,501317,112521,112332,5733,118065,541
2023-01-27,Stanislaus,099,539301,143990,143769,22794,166563,1816
2023-01-27,Sutter,101,95872,25520,25478,2539,28017,237
2023-01-27,Tehama,103,63373,14391,14356,3387,17743,222
2023-01-27,Trinity,105,12862,1462,1459,506,1965,23
2023-01-27,Tulare,107,460477,127253,126918,39746,166664,1559
2023-01-27,Tuolumne,109,53932,16714,16639,988,17627,203
2023-01-27,Ventura,111,848112,219495,219015,17968,236983,1650
2023-01-27,Yolo,113,214977,49675,49563,4794,54357,435
2023-01-27,Yuba,115,75493,19897,19871,1845,21716,134
2023-01-26,Alameda,001,1643700,373907,373183,22278,395461,2138
2023-01-26,Alpine,002,1148,139,139,4,143,0
2023-01-26,Amador,005,37829,10470,10443,963,11406,98
2023-01-26,Butte,007,227075,41372,41340,10108,51448,486
2023-01-26,Calaveras,009,45235,8924,8906,638,9544,140
2023-01-26,Colusa,011,21464,3941,3936,1336,5272,22
2023-01-26,Contra Costa,013,1133247,269213,268472,22145,290617,1521
2023-01-26,Del Norte,015,27424,7805,7725,456,8181,57
2023-01-26,El Dorado,017,186661,34300,34271,4514,38785,238
2023-01-26,Fresno,019,978130,292016,290101,34107,324208,2962
2023-01-26,Glenn,021,27897,5755,5752,1999,7751,58
2023-01-26,Humboldt,023,135768,23187,23039,5810,28849,167
2023-01-26,Imperial,025,180216,69398,69274,18622,87896,973
2023-01-26,Inyo,027,18085,4731,4722,1271,5993,63
2023-01-26,Kern,029,883053,228244,227749,71541,299290,2467
2023-01-26,Kings,031,150075,62408,62312,4422,66734,471
2023-01-26,Lake,033,64148,13546,13502,1274,14776,149
2023-01-26,Lassen,035,31185,10235,10225,1062,11287,67
2023-01-26,Los Angeles,037,10098052,3463174,3457684,213105,3670789,34926
2023-01-26,Madera,039,155013,45982,45883,8818,54701,377
2023-01-26,Marin,041,260295,48460,48374,5654,54028,317
2023-01-26,Mariposa,043,17540,3336,3305,372,3677,32
2023-01-26,Mendocino,045,87422,16761,16728,4805,21533,139
2023-01-26,Merced,047,269075,75811,75565,12648,88213,897
2023-01-26,Modoc,049,8938,951,951,368,1319,11
2023-01-26,Mono,051,14174,3313,3311,300,3611,8
2023-01-26,Monterey,053,433212,97277,97118,22839,119957,789
2023-01-26,Napa,055,140530,34018,33957,1523,35480,164
2023-01-26,Nevada,057,99092,20022,19981,2257,22238,132
2023-01-26,Orange,059,3164182,704106,702777,75887,778664,7781
2023-01-26,Placer,061,380077,80235,80107,10151,90258,679
2023-01-26,Plumas,063,18699,3815,3811,459,4270,13
2023-01-26,Riverside,065,2383286,729495,728514,41077,769591,6788
2023-01-26,Sacramento,067,1510023,367081,366562,37229,403791,3472
2023-01-26,San Benito,069,59416,17473,17434,1119,18553,115
2023-01-26,San Bernardino,071,2135413,704931,703892,34823,738715,8163
2023-01-26,San Diego,073,3302833,976934,974936,80244,1055180,5716
2023-01-26,San Francisco,075,870044,193364,192738,13205,205943,1152
2023-01-26,San Joaquin,077,732212,207989,207738,16662,224400,2391
2023-01-26,San Luis Obispo,079,281455,65907,65721,8071,73792,549
2023-01-26,San Mateo,081,765935,180657,180043,11289,191332,749
2023-01-26,Santa Barbara,083,443738,111198,110976,7624,118600,755
2023-01-26,Santa Clara,085,1922200,469017,467820,21520,489340,2655
2023-01-26,Santa Cruz,087,273765,67591,67454,3802,71256,276
2023-01-26,Shasta,089,179085,36335,36311,8254,44565,605
2023-01-26,Sierra,091,2930,311,311,61,372,5
2023-01-26,Siskiyou,093,43540,5409,5406,3425,8831,95
2023-01-26,Solano,095,438530,112552,112210,8480,120690,482
2023-01-26,Sonoma,097,501317,112482,112332,5729,118061,541
2023-01-26,Stanislaus,099,539301,143957,143769,22788,166557,1816
2023-01-26,Sutter,101,95872,25517,25478,2539,28017,237
2023-01-26,Tehama,103,63373,14391,14356,3387,17743,222
2023-01-26,Trinity,105,12862,1462,1459,506,1965,23
2023-01-26,Tulare,107,460477,127221,126918,39726,166644,1559
2023-01-26,Tuolumne,109,53932,16704,16639,988,17627,203
2023-01-26,Ventura,111,848112,219458,219015,17960,236975,1650
2023-01-26,Yolo,113,214977,49661,49563,4793,54356,435
2023-01-26,Yuba,115,75493,19895,19871,1843,21714,134
2023-01-25,Alameda,001,1643700,373778,373183,22266,395449,2138
2023-01-25,Alpine,002,1148,139,139,4,143,0
2023-01-25,Amador,005,37829,10465,10443,962,11405,98
2023-01-25,Butte,007,227075,41365,41340,10102,51442,486
2023-01-25,Calaveras,009,45235,8924,8906,638,9544,140
2023-01-25,Colusa,011,21464,3941,3936,1336,5272,22
2023-01-25,Contra Costa,013,1133247,269111,268472,22139,290611,1521
2023-01-25,Del Norte,015,27424,7800,7725,456,8181,57
2023-01-25,El Dorado,017,186661,34292,34271,4513,38784,238
2023-01-25,Fresno,019,978130,291948,290101,34096,324197,2962
2023-01-25,Glenn,021,27897,5755,5752,1999,7751,58
2023-01-25,Humboldt,023,135768,23183,23039,5808,28847,167
2023-01-25,Imperial,025,180216,69385,69274,18617,87891,973
2023-01-25,Inyo,027,18085,4730,4722,1269,5991,63
2023-01-25,Kern,029,883053,228193,227749,71499,299248,2467
2023-01-25,Kings,031,150075,62389,62312,4412,66724,471
2023-01-25,Lake,033,64148,13543,13502,1274,14776,149
2023-01-25,Lassen,035,31185,10235,10225,1062,11287,67
2023-01-25,Los Angeles,037,10098052,3462428,3457684,212973,3670657,34926
2023-01-25,Madera,039,155013,45975,45883,8817,54700,377
2023-01-25,Marin,041,260295,48443,48374,5653,54027,317
2023-01-25,Mariposa,043,17540,3336,3305,372,3677,32
2023-01-25,Mendocino,045,87422,16757,16728,4802,21530,139
2023-01-25,Merced,047,269075,75797,75565,12643,88208,897
2023-01-25,Modoc,049,8938,951,951,368,1319,11
2023-01-25,Mono,051,14174,3313,3311,300,3611,8
2023-01-25,Monterey,053,433212,97261,97118,22822,119940,789
2023-01-25,Napa,055,140530,34006,33957,1523,35480,164
2023-01-25,Nevada,057,99092,20019,19981,2257,22238,132
2023-01-25,Orange,059,3164182,703911,702777,75831,778608,7781
2023-01-25,Placer,061,380077,80209,80107,10151,90258,679
2023-01-25,Plumas,063,18699,3815,3811,459,4270,13
2023-01-25,Riverside,065,2383286,729340,728514,41057,769571,6788
2023-01-25,Sacramento,067,1510023,366992,366562,37218,403780,3472
2023-01-25,San Benito,069,59416,17465,17434,1118,18552,115
2023-01-25,San Bernardino,071,2135413,704831,703892,34811,738703,8163
2023-01-25,San Diego,073,3302833,976647,974936,80196,1055132,5716
2023-01-25,San Francisco,075,870044,193304,192738,13201,205939,1152
2023-01-25,San Joaquin,077,732212,207946,207738,16653,224391,2391
2023-01-25,San Luis Obispo,079,281455,65888,65721,8067,73788,549
2023-01-25,San Mateo,081,765935,180583,180043,11282,191325,749
2023-01-25,Santa Barbara,083,443738,111169,110976,7614,118590,755
2023-01-25,Santa Clara,085,1922200,468848,467820,21510,489330,2655
2023-01-25,Santa Cruz,087,273765,67577,67454,3798,71252,276
2023-01-25,Shasta,089,179085,36334,36311,8252,44563,605
2023-01-25,Sierra,091,2930,311,311,61,372,5
2023-01-25,Siskiyou,093,43540,5409,5406,3425,8831,95
2023-01-25,Solano,095,438530,112519,112210,8477,120687,482
2023-01-25,Sonoma,097,501317,112463,112332,5726,118058,541
2023-01-25,Stanislaus,099,539301,143924,143769,22779,166548,1816
2023-01-25,Sutter,101,95872,25513,25478,2539,28017,237
2023-01-25,Tehama,103,63373,14391,14356,3387,17743,222
2023-01-25,Trinity,105,12862,1462,1459,506,1965,23
2023-01-25,Tulare,107,460477,127185,126918,39702,166620,1559
2023-01-25,Tuolumne,109,53932,16700,16639,987,17626,203
2023-01-25,Ventura,111,848112,219411,219015,17950,236965,1650
2023-01-25,Yolo,113,214977,49650,49563,4792,54355,435
2023-01-25,Yuba,115,75493,19892,19871,1841,21712,134
2023-01-24,Alameda,001,1643700,373666,373183,22262,395445,2138
2023-01-24,Alpine,002,1148,139,139,4,143,0
2023-01-24,Amador,005,37829,10458,10443,962,11405,98
2023-01-24,Butte,007,227075,41358,41340,10099,51439,486
2023-01-24,Calaveras,009,45235,8921,8906,638,9544,140
2023-01-24,Colusa,011,21464,3939,3936,1336,5272,22
2023-01-24,Contra Costa,013,1133247,269010,268472,22121,290593,1521
2023-01-24,Del Norte,015,27424,7794,7725,456,8181,57
2023-01-24,El Dorado,017,186661,34285,34271,4513,38784,238
2023-01-24,Fresno,019,978130,291879,290101,34084,324185,2962
2023-01-24,Glenn,021,27897,5754,5752,1999,7751,58
2023-01-24,Humboldt,023,135768,23178,23039,5808,28847,167
2023-01-24,Imperial,025,180216,69373,69274,18611,87885,973
2023-01-24,Inyo,027,18085,4728,4722,1267,5989,63
2023-01-24,Kern,029,883053,228149,227749,71463,299212,2467
2023-01-24,Kings,031,150075,62374,62312,4402,66714,471
2023-01-24,Lake,033,64148,13538,13502,1273,14775,149
2023-01-24,Lassen,035,31185,10233,10225,1061,11286,67
2023-01-24,Los Angeles,037,10098052,3461568,3457684,212830,3670514,34926
2023-01-24,Madera,039,155013,45969,45883,8815,54698,377
2023-01-24,Marin,041,260295,48430,48374,5652,54026,317
2023-01-24,Mariposa,043,17540,3336,3305,371,3676,32
2023-01-24,Mendocino,045,87422,16751,16728,4802,21530,139
2023-01-24,Merced,047,269075,75780,75565,12638,88203,897
2023-01-24,Modoc,049,8938,951,951,367,1318,11
2023-01-24,Mono,051,14174,3313,3311,300,3611,8
2023-01-24,Monterey,053,433212,97241,97118,22811,119929,789
2023-01-24,Napa,055,140530,33995,33957,1523,35480,164
2023-01-24,Nevada,057,99092,20015,19981,2253,22234,132
2023-01-24,Orange,059,3164182,703722,702777,75786,778563,7781
2023-01-24,Placer,061,380077,80177,80107,10150,90257,679
2023-01-24,Plumas,063,18699,3815,3811,459,4270,13
2023-01-24,Riverside,065,2383286,729171,728514,41034,769548,6788
2023-01-24,Sacramento,067,1510023,366879,366562,37197,403759,3472
2023-01-24,San Benito,069,59416,17464,17434,1116,18550,115
2023-01-24,San Bernardino,071,2135413,704689,703892,34793,738685,8163
2023-01-24,San Diego,073,3302833,976336,974936,80148,1055084,5716
2023-01-24,San Francisco,075,870044,193228,192738,13193,205931,1152
2023-01-24,San Joaquin,077,732212,207903,207738,16620,224358,2391
2023-01-24,San Luis Obispo,079,281455,65865,65721,8057,73778,549
2023-01-24,San Mateo,081,765935,180523,180043,11275,191318,749
2023-01-24,Santa Barbara,083,443738,111130,110976,7601,118577,755
2023-01-24,Santa Clara,085,1922200,468676,467820,21497,489317,2655
2023-01-24,Santa Cruz,087,273765,67554,67454,3793,71247,276
2023-01-24,Shasta,089,179085,36332,36311,8251,44562,605
2023-01-24,Sierra,091,2930,311,311,61,372,5
2023-01-24,Siskiyou,093,43540,5409,5406,3424,8830,95
2023-01-24,Solano,095,438530,112485,112210,8473,120683,482
2023-01-24,Sonoma,097,501317,112443,112332,5724,118056,541
2023-01-24,Stanislaus,099,539301,143887,143769,22766,166535,1816
2023-01-24,Sutter,101,95872,25506,25478,2539,28017,237
2023-01-24,Tehama,103,63373,14389,14356,3384,17740,222
2023-01-24,Trinity,105,12862,1462,1459,506,1965,23
2023-01-24,Tulare,107,460477,127129,126918,39675,166593,1559
2023-01-24,Tuolumne,109,53932,16695,16639,987,17626,203
2023-01-24,Ventura,111,848112,219350,219015,17942,236957,1650
2023-01-24,Yolo,113,214977,49636,49563,4791,54354,435
2023-01-24,Yuba,115,75493,19883,19871,1841,21712,134
2023-01-23,Alameda,001,1643700,373547,372424,22248,394672,2125
2023-01-23,Alpine,002,1148,139,139,4,143,0
2023-01-23,Amador,005,37829,10453,10401,962,11363,97
2023-01-23,Butte,007,227075,41347,41293,10097,51390,481
2023-01-23,Calaveras,009,45235,8919,8893,638,9531,139
2023-01-23,Colusa,011,21464,3938,3925,1336,5261,22
2023-01-23,Contra Costa,013,1133247,268918,267942,22114,290056,1518
2023-01-23,Del Norte,015,27424,7791,7708,454,8162,57
2023-01-23,El Dorado,017,186661,34272,34211,4512,38723,237
2023-01-23,Fresno,019,978130,291803,288834,34067,322901,2952
2023-01-23,Glenn,021,27897,5754,5749,1997,7746,58
2023-01-23,Humboldt,023,135768,23176,23013,5804,28817,167
2023-01-23,Imperial,025,180216,69348,69148,18602,87750,969
2023-01-23,Inyo,027,18085,4727,4717,1265,5982,62
2023-01-23,Kern,029,883053,228093,227433,71406,298839,2461
2023-01-23,Kings,031,150075,62344,62192,4401,66593,470
2023-01-23,Lake,033,64148,13532,13471,1272,14743,149
2023-01-23,Lassen,035,31185,10232,10219,1061,11280,66
2023-01-23,Los Angeles,037,10098052,3460623,3451542,212695,3664237,34790
2023-01-23,Madera,039,155013,45963,45839,8811,54650,377
2023-01-23,Marin,041,260295,48417,48236,5648,53884,317
2023-01-23,Mariposa,043,17540,3334,3290,370,3660,32
2023-01-23,Mendocino,045,87422,16750,16706,4797,21503,139
2023-01-23,Merced,047,269075,75763,75414,12632,88046,883
2023-01-23,Modoc,049,8938,951,950,367,1317,11
2023-01-23,Mono,051,14174,3312,3304,298,3602,8
2023-01-23,Monterey,053,433212,97223,96993,22785,119778,784
2023-01-23,Napa,055,140530,33988,33873,1523,35396,164
2023-01-23,Nevada,057,99092,20007,19957,2253,22210,132
2023-01-23,Orange,059,3164182,703523,701534,75746,777280,7754
2023-01-23,Placer,061,380077,80158,79943,10150,90093,671
2023-01-23,Plumas,063,18699,3813,3805,459,4264,13
2023-01-23,Riverside,065,2383286,729004,727487,41003,768490,6788
2023-01-23,Sacramento,067,1510023,366769,365898,37178,403076,3454
2023-01-23,San Benito,069,59416,17458,17407,1115,18522,115
2023-01-23,San Bernardino,071,2135413,704539,702778,34773,737551,8155
2023-01-23,San Diego,073,3302833,976014,973112,80104,1053216,5703
2023-01-23,San Francisco,075,870044,193160,192280,13188,205468,1147
2023-01-23,San Joaquin,077,732212,207857,207428,16611,224039,2388
2023-01-23,San Luis Obispo,079,281455,65842,65596,8055,73651,545
2023-01-23,San Mateo,081,765935,180452,179715,11272,190987,749
2023-01-23,Santa Barbara,083,443738,111089,110772,7595,118367,752
2023-01-23,Santa Clara,085,1922200,468495,467082,21490,488572,2633
2023-01-23,Santa Cruz,087,273765,67545,67312,3788,71100,277
2023-01-23,Shasta,089,179085,36325,36230,8248,44478,603
2023-01-23,Sierra,091,2930,311,311,61,372,5
2023-01-23,Siskiyou,093,43540,5407,5400,3423,8823,95
2023-01-23,Solano,095,438530,112448,111971,8471,120442,482
2023-01-23,Sonoma,097,501317,112424,112137,5721,117858,541
2023-01-23,Stanislaus,099,539301,143853,143576,22759,166335,1813
2023-01-23,Sutter,101,95872,25503,25442,2539,27981,237
2023-01-23,Tehama,103,63373,14386,14342,3384,17726,222
2023-01-23,Trinity,105,12862,1462,1452,506,1958,23
2023-01-23,Tulare,107,460477,127095,126692,39646,166338,1554
2023-01-23,Tuolumne,109,53932,16686,16613,987,17600,205
2023-01-23,Ventura,111,848112,219284,218678,17932,236610,1640
2023-01-23,Yolo,113,214977,49622,49481,4787,54268,436
2023-01-23,Yuba,115,75493,19879,19840,1838,21678,133
2023-01-22,Alameda,001,1643700,373419,372424,22241,394665,2125
2023-01-22,Alpine,002,1148,139,139,4,143,0
2023-01-22,Amador,005,37829,10452,10401,962,11363,97
2023-01-22,Butte,007,227075,41339,41293,10093,51386,481
2023-01-22,Calaveras,009,45235,8916,8893,638,9531,139
2023-01-22,Colusa,011,21464,3937,3925,1336,5261,22
2023-01-22,Contra Costa,013,1133247,268837,267942,22099,290041,1518
2023-01-22,Del Norte,015,27424,7787,7708,454,8162,57
2023-01-22,El Dorado,017,186661,34269,34211,4511,38722,237
2023-01-22,Fresno,019,978130,291720,288834,34046,322880,2952
2023-01-22,Glenn,021,27897,5753,5749,1997,7746,58
2023-01-22,Humboldt,023,135768,23172,23013,5802,28815,167
2023-01-22,Imperial,025,180216,69331,69148,18596,87744,969
2023-01-22,Inyo,027,18085,4726,4717,1264,5981,62
2023-01-22,Kern,029,883053,228043,227433,71347,298780,2461
2023-01-22,Kings,031,150075,62316,62192,4398,66590,470
2023-01-22,Lake,033,64148,13526,13471,1271,14742,149
2023-01-22,Lassen,035,31185,10231,10219,1061,11280,66
2023-01-22,Los Angeles,037,10098052,3459658,3451542,212536,3664078,34790
2023-01-22,Madera,039,155013,45952,45839,8809,54648,377
2023-01-22,Marin,041,260295,48404,48236,5646,53882,317
2023-01-22,Mariposa,043,17540,3334,3290,370,3660,32
2023-01-22,Mendocino,045,87422,16743,16706,4797,21503,139
2023-01-22,Merced,047,269075,75735,75414,12620,88034,883
2023-01-22,Modoc,049,8938,951,950,367,1317,11
2023-01-22,Mono,051,14174,3311,3304,298,3602,8
2023-01-22,Monterey,053,433212,97200,96993,22756,119749,784
2023-01-22,Napa,055,140530,33977,33873,1523,35396,164
2023-01-22,Nevada,057,99092,20004,19957,2252,22209,132
2023-01-22,Orange,059,3164182,703338,701534,75701,777235,7754
2023-01-22,Placer,061,380077,80137,79943,10149,90092,671
2023-01-22,Plumas,063,18699,3813,3805,459,4264,13
2023-01-22,Riverside,065,2383286,728827,727487,40973,768460,6788
2023-01-22,Sacramento,067,1510023,366652,365898,37163,403061,3454
2023-01-22,San Benito,069,59416,17452,17407,1115,18522,115
2023-01-22,San Bernardino,071,2135413,704364,702778,34738,737516,8155
2023-01-22,San Diego,073,3302833,975664,973112,80035,1053147,5703
2023-01-22,San Francisco,075,870044,193090,192280,13178,205458,1147
2023-01-22,San Joaquin,077,732212,207814,207428,16600,224028,2388
2023-01-22,San Luis Obispo,079,281455,65821,65596,8048,73644,545
2023-01-22,San Mateo,081,765935,180378,179715,11266,190981,749
2023-01-22,Santa Barbara,083,443738,111050,110772,7580,118352,752
2023-01-22,Santa Clara,085,1922200,468345,467082,21476,488558,2633
2023-01-22,Santa Cruz,087,273765,67520,67312,3782,71094,277
2023-01-22,Shasta,089,179085,36321,36230,8243,44473,603
2023-01-22,Sierra,091,2930,311,311,61,372,5
2023-01-22,Siskiyou,093,43540,5406,5400,3423,8823,95
2023-01-22,Solano,095,438530,112406,111971,8467,120438,482
2023-01-22,Sonoma,097,501317,112392,112137,5717,117854,541
2023-01-22,Stanislaus,099,539301,143824,143576,22753,166329,1813
2023-01-22,Sutter,101,95872,25499,25442,2537,27979,237
2023-01-22,Tehama,103,63373,14381,14342,3381,17723,222
2023-01-22,Trinity,105,12862,1461,1452,505,1957,23
2023-01-22,Tulare,107,460477,127058,126692,39611,166303,1554
2023-01-22,Tuolumne,109,53932,16681,16613,987,17600,205
2023-01-22,Ventura,111,848112,219230,218678,17917,236595,1640
2023-01-22,Yolo,113,214977,49607,49481,4786,54267,436
2023-01-22,Yuba,115,75493,19874,19840,1838,21678,133
2023-01-21,Alameda,001,1643700,373344,372424,22238,394662,2125
2023-01-21,Alpine,002,1148,139,139,4,143,0
2023-01-21,Amador,005,37829,10451,10401,962,11363,97
2023-01-21,Butte,007,227075,41337,41293,10090,51383,481
2023-01-21,Calaveras,009,45235,8914,8893,638,9531,139
2023-01-21,Colusa,011,21464,3936,3925,1335,5260,22
2023-01-21,Contra Costa,013,1133247,268789,267942,22097,290039,1518
2023-01-21,Del Norte,015,27424,7784,7708,454,8162,57
2023-01-21,El Dorado,017,186661,34260,34211,4510,38721,237
2023-01-21,Fresno,019,978130,291683,288834,34041,322875,2952
2023-01-21,Glenn,021,27897,5753,5749,1997,7746,58
2023-01-21,Humboldt,023,135768,23170,23013,5801,28814,167
2023-01-21,Imperial,025,180216,69325,69148,18595,87743,969
2023-01-21,Inyo,027,18085,4726,4717,1264,5981,62
2023-01-21,Kern,029,883053,228007,227433,71326,298759,2461
2023-01-21,Kings,031,150075,62308,62192,4398,66590,470
2023-01-21,Lake,033,64148,13523,13471,1271,14742,149
2023-01-21,Lassen,035,31185,10231,10219,1061,11280,66
2023-01-21,Los Angeles,037,10098052,3459109,3451542,212465,3664007,34790
2023-01-21,Madera,039,155013,45946,45839,8809,54648,377
2023-01-21,Marin,041,260295,48386,48236,5644,53880,317
2023-01-21,Mariposa,043,17540,3333,3290,370,3660,32
2023-01-21,Mendocino,045,87422,16742,16706,4796,21502,139
2023-01-21,Merced,047,269075,75729,75414,12619,88033,883
2023-01-21,Modoc,049,8938,951,950,367,1317,11
2023-01-21,Mono,051,14174,3311,3304,298,3602,8
2023-01-21,Monterey,053,433212,97194,96993,22737,119730,784
2023-01-21,Napa,055,140530,33970,33873,1523,35396,164
2023-01-21,Nevada,057,99092,20003,19957,2251,22208,132
2023-01-21,Orange,059,3164182,703241,701534,75663,777197,7754
2023-01-21,Placer,061,380077,80120,79943,10149,90092,671
2023-01-21,Plumas,063,18699,3813,3805,459,4264,13
2023-01-21,Riverside,065,2383286,728746,727487,40959,768446,6788
2023-01-21,Sacramento,067,1510023,366592,365898,37162,403060,3454
2023-01-21,San Benito,069,59416,17450,17407,1111,18518,115
2023-01-21,San Bernardino,071,2135413,704271,702778,34723,737501,8155
2023-01-21,San Diego,073,3302833,975508,973112,80012,1053124,5703
2023-01-21,San Francisco,075,870044,193046,192280,13175,205455,1147
2023-01-21,San Joaquin,077,732212,207791,207428,16594,224022,2388
2023-01-21,San Luis Obispo,079,281455,65818,65596,8046,73642,545
2023-01-21,San Mateo,081,765935,180347,179715,11264,190979,749
2023-01-21,Santa Barbara,083,443738,111033,110772,7575,118347,752
2023-01-21,Santa Clara,085,1922200,468233,467082,21474,488556,2633
2023-01-21,Santa Cruz,087,273765,67513,67312,3782,71094,277
2023-01-21,Shasta,089,179085,36317,36230,8243,44473,603
2023-01-21,Sierra,091,2930,311,311,61,372,5
2023-01-21,Siskiyou,093,43540,5406,5400,3422,8822,95
2023-01-21,Solano,095,438530,112396,111971,8466,120437,482
2023-01-21,Sonoma,097,501317,112368,112137,5716,117853,541
2023-01-21,Stanislaus,099,539301,143812,143576,22752,166328,1813
2023-01-21,Sutter,101,95872,25495,25442,2537,27979,237
2023-01-21,Tehama,103,63373,14379,14342,3380,17722,222
2023-01-21,Trinity,105,12862,1461,1452,505,1957,23
2023-01-21,Tulare,107,460477,127038,126692,39601,166293,1554
2023-01-21,Tuolumne,109,53932,16676,16613,987,17600,205
2023-01-21,Ventura,111,848112,219193,218678,17913,236591,1640
2023-01-21,Yolo,113,214977,49600,49481,4786,54267,436
2023-01-21,Yuba,115,75493,19873,19840,1838,21678,133
2023-01-20,Alameda,001,1643700,373285,372424,22235,394659,2125
2023-01-20,Alpine,002,1148,139,139,4,143,0
2023-01-20,Amador,005,37829,10450,10401,961,11362,97
2023-01-20,Butte,007,227075,41336,41293,10089,51382,481
2023-01-20,Calaveras,009,45235,8913,8893,638,9531,139
2023-01-20,Colusa,011,21464,3936,3925,1335,5260,22
2023-01-20,Contra Costa,013,1133247,268739,267942,22095,290037,1518
2023-01-20,Del Norte,015,27424,7784,7708,453,8161,57
2023-01-20,El Dorado,017,186661,34254,34211,4509,38720,237
2023-01-20,Fresno,019,978130,291631,288834,34035,322869,2952
2023-01-20,Glenn,021,27897,5753,5749,1996,7745,58
2023-01-20,Humboldt,023,135768,23168,23013,5798,28811,167
2023-01-20,Imperial,025,180216,69319,69148,18592,87740,969
2023-01-20,Inyo,027,18085,4725,4717,1264,5981,62
2023-01-20,Kern,029,883053,227979,227433,71303,298736,2461
2023-01-20,Kings,031,150075,62296,62192,4398,66590,470
2023-01-20,Lake,033,64148,13523,13471,1271,14742,149
2023-01-20,Lassen,035,31185,10231,10219,1061,11280,66
2023-01-20,Los Angeles,037,10098052,3458605,3451542,212385,3663927,34790
2023-01-20,Madera,039,155013,45940,45839,8809,54648,377
2023-01-20,Marin,041,260295,48376,48236,5644,53880,317
2023-01-20,Mariposa,043,17540,3331,3290,370,3660,32
2023-01-20,Mendocino,045,87422,16740,16706,4796,21502,139
2023-01-20,Merced,047,269075,75722,75414,12615,88029,883
2023-01-20,Modoc,049,8938,951,950,367,1317,11
2023-01-20,Mono,051,14174,3311,3304,298,3602,8
2023-01-20,Monterey,053,433212,97181,96993,22719,119712,784
2023-01-20,Napa,055,140530,33963,33873,1523,35396,164
2023-01-20,Nevada,057,99092,20000,19957,2251,22208,132
2023-01-20,Orange,059,3164182,703117,701534,75631,777165,7754
2023-01-20,Placer,061,380077,80109,79943,10149,90092,671
2023-01-20,Plumas,063,18699,3812,3805,459,4264,13
2023-01-20,Riverside,065,2383286,728637,727487,40939,768426,6788
2023-01-20,Sacramento,067,1510023,366547,365898,37159,403057,3454
2023-01-20,San Benito,069,59416,17449,17407,1111,18518,115
2023-01-20,San Bernardino,071,2135413,704169,702778,34713,737491,8155
2023-01-20,San Diego,073,3302833,975320,973112,79989,1053101,5703
2023-01-20,San Francisco,075,870044,193006,192280,13160,205440,1147
2023-01-20,San Joaquin,077,732212,207773,207428,16591,224019,2388
2023-01-20,San Luis Obispo,079,281455,65811,65596,8044,73640,545
2023-01-20,San Mateo,081,765935,180321,179715,11263,190978,749
2023-01-20,Santa Barbara,083,443738,111017,110772,7572,118344,752
2023-01-20,Santa Clara,085,1922200,468122,467082,21467,488549,2633
2023-01-20,Santa Cruz,087,273765,67492,67312,3782,71094,277
2023-01-20,Shasta,089,179085,36316,36230,8240,44470,603
2023-01-20,Sierra,091,2930,311,311,61,372,5
2023-01-20,Siskiyou,093,43540,5405,5400,3422,8822,95
2023-01-20,Solano,095,438530,112378,111971,8463,120434,482
2023-01-20,Sonoma,097,501317,112355,112137,5714,117851,541
2023-01-20,Stanislaus,099,539301,143789,143576,22751,166327,1813
2023-01-20,Sutter,101,95872,25492,25442,2537,27979,237
2023-01-20,Tehama,103,63373,14377,14342,3379,17721,222
2023-01-20,Trinity,105,12862,1461,1452,505,1957,23
2023-01-20,Tulare,107,460477,127016,126692,39588,166280,1554
2023-01-20,Tuolumne,109,53932,16669,16613,987,17600,205
2023-01-20,Ventura,111,848112,219158,218678,17909,236587,1640
2023-01-20,Yolo,113,214977,49589,49481,4784,54265,436
2023-01-20,Yuba,115,75493,19872,19840,1838,21678,133
2023-01-19,Alameda,001,1643700,373185,372424,22225,394649,2125
2023-01-19,Alpine,002,1148,139,139,4,143,0
2023-01-19,Amador,005,37829,10449,10401,960,11361,97
2023-01-19,Butte,007,227075,41330,41293,10083,51376,481
2023-01-19,Calaveras,009,45235,8913,8893,638,9531,139
2023-01-19,Colusa,011,21464,3934,3925,1335,5260,22
2023-01-19,Contra Costa,013,1133247,268671,267942,22088,290030,1518
2023-01-19,Del Norte,015,27424,7780,7708,452,8160,57
2023-01-19,El Dorado,017,186661,34250,34211,4507,38718,237
2023-01-19,Fresno,019,978130,291565,288834,34027,322861,2952
2023-01-19,Glenn,021,27897,5753,5749,1996,7745,58
2023-01-19,Humboldt,023,135768,23163,23013,5793,28806,167
2023-01-19,Imperial,025,180216,69308,69148,18591,87739,969
2023-01-19,Inyo,027,18085,4724,4717,1263,5980,62
2023-01-19,Kern,029,883053,227931,227433,71243,298676,2461
2023-01-19,Kings,031,150075,62279,62192,4395,66587,470
2023-01-19,Lake,033,64148,13521,13471,1271,14742,149
2023-01-19,Lassen,035,31185,10231,10219,1061,11280,66
2023-01-19,Los Angeles,037,10098052,3457842,3451542,212281,3663823,34790
2023-01-19,Madera,039,155013,45932,45839,8806,54645,377
2023-01-19,Marin,041,260295,48358,48236,5644,53880,317
2023-01-19,Mariposa,043,17540,3330,3290,370,3660,32
2023-01-19,Mendocino,045,87422,16738,16706,4796,21502,139
2023-01-19,Merced,047,269075,75707,75414,12609,88023,883
2023-01-19,Modoc,049,8938,950,950,366,1316,11
2023-01-19,Mono,051,14174,3311,3304,297,3601,8
2023-01-19,Monterey,053,433212,97168,96993,22704,119697,784
2023-01-19,Napa,055,140530,33955,33873,1523,35396,164
2023-01-19,Nevada,057,99092,19999,19957,2251,22208,132
2023-01-19,Orange,059,3164182,702952,701534,75577,777111,7754
2023-01-19,Placer,061,380077,80087,79943,10149,90092,671
2023-01-19,Plumas,063,18699,3812,3805,459,4264,13
2023-01-19,Riverside,065,2383286,728494,727487,40903,768390,6788
2023-01-19,Sacramento,067,1510023,366457,365898,37145,403043,3454
2023-01-19,San Benito,069,59416,17446,17407,1110,18517,115
2023-01-19,San Bernardino,071,2135413,704041,702778,34696,737474,8155
2023-01-19,San Diego,073,3302833,975080,973112,79926,1053038,5703
2023-01-19,San Francisco,075,870044,192932,192280,13151,205431,1147
2023-01-19,San Joaquin,077,732212,207737,207428,16582,224010,2388
2023-01-19,San Luis Obispo,079,281455,65795,65596,8038,73634,545
2023-01-19,San Mateo,081,765935,180271,179715,11259,190974,749
2023-01-19,Santa Barbara,083,443738,110993,110772,7570,118342,752
2023-01-19,Santa Clara,085,1922200,467999,467082,21455,488537,2633
2023-01-19,Santa Cruz,087,273765,67480,67312,3781,71093,277
2023-01-19,Shasta,089,179085,36314,36230,8239,44469,603
2023-01-19,Sierra,091,2930,311,311,61,372,5
2023-01-19,Siskiyou,093,43540,5403,5400,3422,8822,95
2023-01-19,Solano,095,438530,112338,111971,8460,120431,482
2023-01-19,Sonoma,097,501317,112332,112137,5713,117850,541
2023-01-19,Stanislaus,099,539301,143760,143576,22714,166290,1813
2023-01-19,Sutter,101,95872,25489,25442,2537,27979,237
2023-01-19,Tehama,103,63373,14375,14342,3379,17721,222
2023-01-19,Trinity,105,12862,1461,1452,505,1957,23
2023-01-19,Tulare,107,460477,126984,126692,39564,166256,1554
2023-01-19,Tuolumne,109,53932,16664,16613,987,17600,205
2023-01-19,Ventura,111,848112,219109,218678,17890,236568,1640
2023-01-19,Yolo,113,214977,49581,49481,4783,54264,436
2023-01-19,Yuba,115,75493,19869,19840,1837,21677,133
2023-01-18,Alameda,001,1643700,373070,372424,22214,394638,2125
2023-01-18,Alpine,002,1148,139,139,4,143,0
2023-01-18,Amador,005,37829,10435,10401,960,11361,97
2023-01-18,Butte,007,227075,41323,41293,10076,51369,481
2023-01-18,Calaveras,009,45235,8909,8893,638,9531,139
2023-01-18,Colusa,011,21464,3930,3925,1335,5260,22
2023-01-18,Contra Costa,013,1133247,268585,267942,22082,290024,1518
2023-01-18,Del Norte,015,27424,7775,7708,445,8153,57
2023-01-18,El Dorado,017,186661,34246,34211,4506,38717,237
2023-01-18,Fresno,019,978130,291517,288834,34013,322847,2952
2023-01-18,Glenn,021,27897,5752,5749,1996,7745,58
2023-01-18,Humboldt,023,135768,23160,23013,5787,28800,167
2023-01-18,Imperial,025,180216,69294,69148,18588,87736,969
2023-01-18,Inyo,027,18085,4724,4717,1260,5977,62
2023-01-18,Kern,029,883053,227881,227433,71203,298636,2461
2023-01-18,Kings,031,150075,62264,62192,4394,66586,470
2023-01-18,Lake,033,64148,13518,13471,1271,14742,149
2023-01-18,Lassen,035,31185,10231,10219,1060,11279,66
2023-01-18,Los Angeles,037,10098052,3457039,3451542,212129,3663671,34790
2023-01-18,Madera,039,155013,45924,45839,8806,54645,377
2023-01-18,Marin,041,260295,48341,48236,5643,53879,317
2023-01-18,Mariposa,043,17540,3330,3290,369,3659,32
2023-01-18,Mendocino,045,87422,16736,16706,4791,21497,139
2023-01-18,Merced,047,269075,75686,75414,12609,88023,883
2023-01-18,Modoc,049,8938,950,950,366,1316,11
2023-01-18,Mono,051,14174,3311,3304,297,3601,8
2023-01-18,Monterey,053,433212,97148,96993,22689,119682,784
2023-01-18,Napa,055,140530,33940,33873,1522,35395,164
2023-01-18,Nevada,057,99092,19995,19957,2249,22206,132
2023-01-18,Orange,059,3164182,702766,701534,75534,777068,7754
2023-01-18,Placer,061,380077,80063,79943,10147,90090,671
2023-01-18,Plumas,063,18699,3811,3805,459,4264,13
2023-01-18,Riverside,065,2383286,728353,727487,40885,768372,6788
2023-01-18,Sacramento,067,1510023,366389,365898,37125,403023,3454
2023-01-18,San Benito,069,59416,17442,17407,1108,18515,115
2023-01-18,San Bernardino,071,2135413,703931,702778,34676,737454,8155
2023-01-18,San Diego,073,3302833,974764,973112,79877,1052989,5703
2023-01-18,San Francisco,075,870044,192865,192280,13148,205428,1147
2023-01-18,San Joaquin,077,732212,207697,207428,16578,224006,2388
2023-01-18,San Luis Obispo,079,281455,65778,65596,8030,73626,545
2023-01-18,San Mateo,081,765935,180218,179715,11254,190969,749
2023-01-18,Santa Barbara,083,443738,110963,110772,7554,118326,752
2023-01-18,Santa Clara,085,1922200,467845,467082,21447,488529,2633
2023-01-18,Santa Cruz,087,273765,67470,67312,3779,71091,277
2023-01-18,Shasta,089,179085,36309,36230,8237,44467,603
2023-01-18,Sierra,091,2930,311,311,61,372,5
2023-01-18,Siskiyou,093,43540,5402,5400,3422,8822,95
2023-01-18,Solano,095,438530,112303,111971,8458,120429,482
2023-01-18,Sonoma,097,501317,112305,112137,5709,117846,541
2023-01-18,Stanislaus,099,539301,143730,143576,22712,166288,1813
2023-01-18,Sutter,101,95872,25478,25442,2534,27976,237
2023-01-18,Tehama,103,63373,14374,14342,3376,17718,222
2023-01-18,Trinity,105,12862,1460,1452,505,1957,23
2023-01-18,Tulare,107,460477,126957,126692,39537,166229,1554
2023-01-18,Tuolumne,109,53932,16659,16613,987,17600,205
2023-01-18,Ventura,111,848112,219045,218678,17877,236555,1640
2023-01-18,Yolo,113,214977,49568,49481,4782,54263,436
2023-01-18,Yuba,115,75493,19861,19840,1837,21677,133
2023-01-17,Alameda,001,1643700,372957,372424,22203,394627,2125
2023-01-17,Alpine,002,1148,139,139,4,143,0
2023-01-17,Amador,005,37829,10428,10401,959,11360,97
2023-01-17,Butte,007,227075,41319,41293,10073,51366,481
2023-01-17,Calaveras,009,45235,8907,8893,638,9531,139
2023-01-17,Colusa,011,21464,3929,3925,1335,5260,22
2023-01-17,Contra Costa,013,1133247,268495,267942,22073,290015,1518
2023-01-17,Del Norte,015,27424,7770,7708,445,8153,57
2023-01-17,El Dorado,017,186661,34241,34211,4504,38715,237
2023-01-17,Fresno,019,978130,291452,288834,34003,322837,2952
2023-01-17,Glenn,021,27897,5752,5749,1996,7745,58
2023-01-17,Humboldt,023,135768,23154,23013,5783,28796,167
2023-01-17,Imperial,025,180216,69275,69148,18585,87733,969
2023-01-17,Inyo,027,18085,4723,4717,1252,5969,62
2023-01-17,Kern,029,883053,227838,227433,71157,298590,2461
2023-01-17,Kings,031,150075,62247,62192,4391,66583,470
2023-01-17,Lake,033,64148,13514,13471,1271,14742,149
2023-01-17,Lassen,035,31185,10229,10219,1060,11279,66
2023-01-17,Los Angeles,037,10098052,3456179,3451542,211977,3663519,34790
2023-01-17,Madera,039,155013,45921,45839,8805,54644,377
2023-01-17,Marin,041,260295,48325,48236,5641,53877,317
2023-01-17,Mariposa,043,17540,3330,3290,369,3659,32
2023-01-17,Mendocino,045,87422,16734,16706,4782,21488,139
2023-01-17,Merced,047,269075,75670,75414,12602,88016,883
2023-01-17,Modoc,049,8938,950,950,366,1316,11
2023-01-17,Mono,051,14174,3308,3304,297,3601,8
2023-01-17,Monterey,053,433212,97137,96993,22683,119676,784
2023-01-17,Napa,055,140530,33926,33873,1522,35395,164
2023-01-17,Nevada,057,99092,19993,19957,2249,22206,132
2023-01-17,Orange,059,3164182,702576,701534,75469,777003,7754
2023-01-17,Placer,061,380077,80046,79943,10146,90089,671
2023-01-17,Plumas,063,18699,3808,3805,459,4264,13
2023-01-17,Riverside,065,2383286,728191,727487,40861,768348,6788
2023-01-17,Sacramento,067,1510023,366275,365898,37113,403011,3454
2023-01-17,San Benito,069,59416,17439,17407,1107,18514,115
2023-01-17,San Bernardino,071,2135413,703744,702778,34634,737412,8155
2023-01-17,San Diego,073,3302833,974426,973112,79824,1052936,5703
2023-01-17,San Francisco,075,870044,192795,192280,13145,205425,1147
2023-01-17,San Joaquin,077,732212,207657,207428,16575,224003,2388
2023-01-17,San Luis Obispo,079,281455,65762,65596,8025,73621,545
2023-01-17,San Mateo,081,765935,180161,179715,11254,190969,749
2023-01-17,Santa Barbara,083,443738,110922,110772,7550,118322,752
2023-01-17,Santa Clara,085,1922200,467685,467082,21426,488508,2633
2023-01-17,Santa Cruz,087,273765,67452,67312,3775,71087,277
2023-01-17,Shasta,089,179085,36305,36230,8236,44466,603
2023-01-17,Sierra,091,2930,311,311,61,372,5
2023-01-17,Siskiyou,093,43540,5402,5400,3422,8822,95
2023-01-17,Solano,095,438530,112257,111971,8452,120423,482
2023-01-17,Sonoma,097,501317,112263,112137,5706,117843,541
2023-01-17,Stanislaus,099,539301,143704,143576,22707,166283,1813
2023-01-17,Sutter,101,95872,25468,25442,2533,27975,237
2023-01-17,Tehama,103,63373,14373,14342,3376,17718,222
2023-01-17,Trinity,105,12862,1459,1452,504,1956,23
2023-01-17,Tulare,107,460477,126911,126692,39516,166208,1554
2023-01-17,Tuolumne,109,53932,16655,16613,987,17600,205
2023-01-17,Ventura,111,848112,218991,218678,17864,236542,1640
2023-01-17,Yolo,113,214977,49555,49481,4778,54259,436
2023-01-17,Yuba,115,75493,19855,19840,1835,21675,133
2023-01-16,Alameda,001,1643700,372819,371533,22186,393719,2112
2023-01-16,Alpine,002,1148,139,139,4,143,0
2023-01-16,Amador,005,37829,10420,10384,959,11343,96
2023-01-16,Butte,007,227075,41306,41228,10069,51297,478
2023-01-16,Calaveras,009,45235,8904,8878,637,9515,138
2023-01-16,Colusa,011,21464,3928,3919,1333,5252,22
2023-01-16,Contra Costa,013,1133247,268413,267212,22062,289274,1505
2023-01-16,Del Norte,015,27424,7769,7700,444,8144,57
2023-01-16,El Dorado,017,186661,34234,34153,4502,38655,236
2023-01-16,Fresno,019,978130,291369,287748,33993,321741,2940
2023-01-16,Glenn,021,27897,5751,5747,1996,7743,58
2023-01-16,Humboldt,023,135768,23146,22986,5778,28764,166
2023-01-16,Imperial,025,180216,69266,69018,18577,87595,964
2023-01-16,Inyo,027,18085,4722,4709,1252,5961,62
2023-01-16,Kern,029,883053,227791,226971,71101,298072,2457
2023-01-16,Kings,031,150075,62237,62044,4387,66431,469
2023-01-16,Lake,033,64148,13504,13448,1270,14718,149
2023-01-16,Lassen,035,31185,10227,10212,1058,11270,66
2023-01-16,Los Angeles,037,10098052,3455082,3443850,211780,3655630,34651
2023-01-16,Madera,039,155013,45916,45761,8799,54560,377
2023-01-16,Marin,041,260295,48309,48130,5636,53766,317
2023-01-16,Mariposa,043,17540,3329,3285,368,3653,32
2023-01-16,Mendocino,045,87422,16730,16682,4778,21460,137
2023-01-16,Merced,047,269075,75645,75253,12599,87852,883
2023-01-16,Modoc,049,8938,950,946,366,1312,11
2023-01-16,Mono,051,14174,3307,3299,297,3596,8
2023-01-16,Monterey,053,433212,97120,96874,22675,119549,781
2023-01-16,Napa,055,140530,33910,33808,1522,35330,165
2023-01-16,Nevada,057,99092,19987,19927,2249,22176,132
2023-01-16,Orange,059,3164182,702370,699881,75419,775300,7723
2023-01-16,Placer,061,380077,80020,79766,10142,89908,671
2023-01-16,Plumas,063,18699,3808,3804,458,4262,13
2023-01-16,Riverside,065,2383286,728000,725898,40824,766722,6761
2023-01-16,Sacramento,067,1510023,366179,365352,37082,402434,3434
2023-01-16,San Benito,069,59416,17433,17378,1107,18485,115
2023-01-16,San Bernardino,071,2135413,703525,701674,34608,736282,8146
2023-01-16,San Diego,073,3302833,973998,970800,79766,1050566,5681
2023-01-16,San Francisco,075,870044,192715,191765,13142,204907,1123
2023-01-16,San Joaquin,077,732212,207617,207038,16569,223607,2378
2023-01-16,San Luis Obispo,079,281455,65733,65502,8014,73516,539
2023-01-16,San Mateo,081,765935,180105,179319,11248,190567,749
2023-01-16,Santa Barbara,083,443738,110890,110537,7540,118077,750
2023-01-16,Santa Clara,085,1922200,467481,465994,21412,487406,2601
2023-01-16,Santa Cruz,087,273765,67427,67144,3771,70915,276
2023-01-16,Shasta,089,179085,36301,36179,8234,44413,604
2023-01-16,Sierra,091,2930,311,311,61,372,5
2023-01-16,Siskiyou,093,43540,5401,5384,3422,8806,95
2023-01-16,Solano,095,438530,112222,111700,8450,120150,479
2023-01-16,Sonoma,097,501317,112228,111955,5703,117658,542
2023-01-16,Stanislaus,099,539301,143670,143318,22702,166020,1800
2023-01-16,Sutter,101,95872,25463,25392,2532,27924,237
2023-01-16,Tehama,103,63373,14371,14320,3376,17696,221
2023-01-16,Trinity,105,12862,1459,1448,504,1952,23
2023-01-16,Tulare,107,460477,126877,126451,39490,165941,1552
2023-01-16,Tuolumne,109,53932,16650,16552,987,17539,209
2023-01-16,Ventura,111,848112,218927,218234,17850,236084,1632
2023-01-16,Yolo,113,214977,49538,49393,4767,54160,433
2023-01-16,Yuba,115,75493,19851,19804,1832,21636,132
2023-01-15,Alameda,001,1643700,372702,371533,22181,393714,2112
2023-01-15,Alpine,002,1148,139,139,4,143,0
2023-01-15,Amador,005,37829,10418,10384,959,11343,96
2023-01-15,Butte,007,227075,41300,41228,10066,51294,478
2023-01-15,Calaveras,009,45235,8904,8878,637,9515,138
2023-01-15,Colusa,011,21464,3927,3919,1333,5252,22
2023-01-15,Contra Costa,013,1133247,268346,267212,22060,289272,1505
2023-01-15,Del Norte,015,27424,7767,7700,443,8143,57
2023-01-15,El Dorado,017,186661,34224,34153,4502,38655,236
2023-01-15,Fresno,019,978130,291312,287748,33974,321722,2940
2023-01-15,Glenn,021,27897,5750,5747,1996,7743,58
2023-01-15,Humboldt,023,135768,23143,22986,5775,28761,166
2023-01-15,Imperial,025,180216,69252,69018,18566,87584,964
2023-01-15,Inyo,027,18085,4721,4709,1248,5957,62
2023-01-15,Kern,029,883053,227726,226971,71055,298026,2457
2023-01-15,Kings,031,150075,62222,62044,4387,66431,469
2023-01-15,Lake,033,64148,13502,13448,1270,14718,149
2023-01-15,Lassen,035,31185,10226,10212,1058,11270,66
2023-01-15,Los Angeles,037,10098052,3454304,3443850,211606,3655456,34651
2023-01-15,Madera,039,155013,45908,45761,8799,54560,377
2023-01-15,Marin,041,260295,48282,48130,5633,53763,317
2023-01-15,Mariposa,043,17540,3328,3285,368,3653,32
2023-01-15,Mendocino,045,87422,16727,16682,4777,21459,137
2023-01-15,Merced,047,269075,75629,75253,12597,87850,883
2023-01-15,Modoc,049,8938,949,946,366,1312,11
2023-01-15,Mono,051,14174,3306,3299,297,3596,8
2023-01-15,Monterey,053,433212,97104,96874,22670,119544,781
2023-01-15,Napa,055,140530,33902,33808,1522,35330,165
2023-01-15,Nevada,057,99092,19981,19927,2247,22174,132
2023-01-15,Orange,059,3164182,702155,699881,75351,775232,7723
2023-01-15,Placer,061,380077,79998,79766,10141,89907,671
2023-01-15,Plumas,063,18699,3807,3804,458,4262,13
2023-01-15,Riverside,065,2383286,727827,725898,40802,766700,6761
2023-01-15,Sacramento,067,1510023,366105,365352,37072,402424,3434
2023-01-15,San Benito,069,59416,17430,17378,1107,18485,115
2023-01-15,San Bernardino,071,2135413,703384,701674,34591,736265,8146
2023-01-15,San Diego,073,3302833,973750,970800,79726,1050526,5681
2023-01-15,San Francisco,075,870044,192648,191765,13136,204901,1123
2023-01-15,San Joaquin,077,732212,207572,207038,16565,223603,2378
2023-01-15,San Luis Obispo,079,281455,65717,65502,8012,73514,539
2023-01-15,San Mateo,081,765935,180059,179319,11242,190561,749
2023-01-15,Santa Barbara,083,443738,110853,110537,7537,118074,750
2023-01-15,Santa Clara,085,1922200,467368,465994,21407,487401,2601
2023-01-15,Santa Cruz,087,273765,67400,67144,3771,70915,276
2023-01-15,Shasta,089,179085,36297,36179,8233,44412,604
2023-01-15,Sierra,091,2930,311,311,61,372,5
2023-01-15,Siskiyou,093,43540,5400,5384,3422,8806,95
2023-01-15,Solano,095,438530,112195,111700,8447,120147,479
2023-01-15,Sonoma,097,501317,112197,111955,5702,117657,542
2023-01-15,Stanislaus,099,539301,143640,143318,22702,166020,1800
2023-01-15,Sutter,101,95872,25456,25392,2532,27924,237
2023-01-15,Tehama,103,63373,14371,14320,3375,17695,221
2023-01-15,Trinity,105,12862,1459,1448,504,1952,23
2023-01-15,Tulare,107,460477,126819,126451,39467,165918,1552
2023-01-15,Tuolumne,109,53932,16645,16552,987,17539,209
2023-01-15,Ventura,111,848112,218879,218234,17840,236074,1632
2023-01-15,Yolo,113,214977,49528,49393,4767,54160,433
2023-01-15,Yuba,115,75493,19848,19804,1832,21636,132
2023-01-14,Alameda,001,1643700,372616,371533,22176,393709,2112
2023-01-14,Alpine,002,1148,139,139,4,143,0
2023-01-14,Amador,005,37829,10414,10384,959,11343,96
2023-01-14,Butte,007,227075,41297,41228,10062,51290,478
2023-01-14,Calaveras,009,45235,8902,8878,636,9514,138
2023-01-14,Colusa,011,21464,3926,3919,1333,5252,22
2023-01-14,Contra Costa,013,1133247,268283,267212,22054,289266,1505
2023-01-14,Del Norte,015,27424,7766,7700,443,8143,57
2023-01-14,El Dorado,017,186661,34217,34153,4501,38654,236
2023-01-14,Fresno,019,978130,291270,287748,33968,321716,2940
2023-01-14,Glenn,021,27897,5750,5747,1996,7743,58
2023-01-14,Humboldt,023,135768,23141,22986,5772,28758,166
2023-01-14,Imperial,025,180216,69237,69018,18566,87584,964
2023-01-14,Inyo,027,18085,4719,4709,1248,5957,62
2023-01-14,Kern,029,883053,227690,226971,71022,297993,2457
2023-01-14,Kings,031,150075,62213,62044,4386,66430,469
2023-01-14,Lake,033,64148,13500,13448,1269,14717,149
2023-01-14,Lassen,035,31185,10226,10212,1058,11270,66
2023-01-14,Los Angeles,037,10098052,3453715,3443850,211512,3655362,34651
2023-01-14,Madera,039,155013,45905,45761,8798,54559,377
2023-01-14,Marin,041,260295,48270,48130,5632,53762,317
2023-01-14,Mariposa,043,17540,3328,3285,367,3652,32
2023-01-14,Mendocino,045,87422,16723,16682,4777,21459,137
2023-01-14,Merced,047,269075,75615,75253,12596,87849,883
2023-01-14,Modoc,049,8938,949,946,365,1311,11
2023-01-14,Mono,051,14174,3305,3299,297,3596,8
2023-01-14,Monterey,053,433212,97094,96874,22665,119539,781
2023-01-14,Napa,055,140530,33896,33808,1522,35330,165
2023-01-14,Nevada,057,99092,19981,19927,2245,22172,132
2023-01-14,Orange,059,3164182,702026,699881,75313,775194,7723
2023-01-14,Placer,061,380077,79988,79766,10140,89906,671
2023-01-14,Plumas,063,18699,3807,3804,458,4262,13
2023-01-14,Riverside,065,2383286,727723,725898,40783,766681,6761
2023-01-14,Sacramento,067,1510023,366056,365352,37066,402418,3434
2023-01-14,San Benito,069,59416,17425,17378,1106,18484,115
2023-01-14,San Bernardino,071,2135413,703290,701674,34576,736250,8146
2023-01-14,San Diego,073,3302833,973554,970800,79708,1050508,5681
2023-01-14,San Francisco,075,870044,192605,191765,13135,204900,1123
2023-01-14,San Joaquin,077,732212,207548,207038,16565,223603,2378
2023-01-14,San Luis Obispo,079,281455,65711,65502,8008,73510,539
2023-01-14,San Mateo,081,765935,180031,179319,11236,190555,749
2023-01-14,Santa Barbara,083,443738,110826,110537,7531,118068,750
2023-01-14,Santa Clara,085,1922200,467282,465994,21396,487390,2601
2023-01-14,Santa Cruz,087,273765,67393,67144,3766,70910,276
2023-01-14,Shasta,089,179085,36294,36179,8233,44412,604
2023-01-14,Sierra,091,2930,311,311,61,372,5
2023-01-14,Siskiyou,093,43540,5400,5384,3422,8806,95
2023-01-14,Solano,095,438530,112186,111700,8444,120144,479
2023-01-14,Sonoma,097,501317,112186,111955,5701,117656,542
2023-01-14,Stanislaus,099,539301,143618,143318,22698,166016,1800
2023-01-14,Sutter,101,95872,25453,25392,2532,27924,237
2023-01-14,Tehama,103,63373,14366,14320,3375,17695,221
2023-01-14,Trinity,105,12862,1459,1448,504,1952,23
2023-01-14,Tulare,107,460477,126798,126451,39459,165910,1552
2023-01-14,Tuolumne,109,53932,16642,16552,984,17536,209
2023-01-14,Ventura,111,848112,218841,218234,17831,236065,1632
2023-01-14,Yolo,113,214977,49514,49393,4765,54158,433
2023-01-14,Yuba,115,75493,19846,19804,1831,21635,132
2023-01-13,Alameda,001,1643700,372527,371533,22169,393702,2112
2023-01-13,Alpine,002,1148,139,139,4,143,0
2023-01-13,Amador,005,37829,10412,10384,959,11343,96
2023-01-13,Butte,007,227075,41293,41228,10057,51285,478
2023-01-13,Calaveras,009,45235,8901,8878,636,9514,138
2023-01-13,Colusa,011,21464,3925,3919,1333,5252,22
2023-01-13,Contra Costa,013,1133247,268220,267212,22049,289261,1505
2023-01-13,Del Norte,015,27424,7765,7700,443,8143,57
2023-01-13,El Dorado,017,186661,34212,34153,4501,38654,236
2023-01-13,Fresno,019,978130,291228,287748,33962,321710,2940
2023-01-13,Glenn,021,27897,5750,5747,1996,7743,58
2023-01-13,Humboldt,023,135768,23140,22986,5771,28757,166
2023-01-13,Imperial,025,180216,69227,69018,18562,87580,964
2023-01-13,Inyo,027,18085,4718,4709,1246,5955,62
2023-01-13,Kern,029,883053,227657,226971,70991,297962,2457
2023-01-13,Kings,031,150075,62199,62044,4385,66429,469
2023-01-13,Lake,033,64148,13500,13448,1269,14717,149
2023-01-13,Lassen,035,31185,10225,10212,1058,11270,66
2023-01-13,Los Angeles,037,10098052,3453145,3443850,211426,3655276,34651
2023-01-13,Madera,039,155013,45897,45761,8797,54558,377
2023-01-13,Marin,041,260295,48257,48130,5629,53759,317
2023-01-13,Mariposa,043,17540,3326,3285,365,3650,32
2023-01-13,Mendocino,045,87422,16720,16682,4777,21459,137
2023-01-13,Merced,047,269075,75607,75253,12596,87849,883
2023-01-13,Modoc,049,8938,949,946,365,1311,11
2023-01-13,Mono,051,14174,3304,3299,297,3596,8
2023-01-13,Monterey,053,433212,97075,96874,22659,119533,781
2023-01-13,Napa,055,140530,33885,33808,1519,35327,165
2023-01-13,Nevada,057,99092,19978,19927,2244,22171,132
2023-01-13,Orange,059,3164182,701909,699881,75272,775153,7723
2023-01-13,Placer,061,380077,79970,79766,10140,89906,671
2023-01-13,Plumas,063,18699,3807,3804,458,4262,13
2023-01-13,Riverside,065,2383286,727621,725898,40767,766665,6761
2023-01-13,Sacramento,067,1510023,365994,365352,37061,402413,3434
2023-01-13,San Benito,069,59416,17424,17378,1105,18483,115
2023-01-13,San Bernardino,071,2135413,703199,701674,34567,736241,8146
2023-01-13,San Diego,073,3302833,973364,970800,79678,1050478,5681
2023-01-13,San Francisco,075,870044,192563,191765,13132,204897,1123
2023-01-13,San Joaquin,077,732212,207513,207038,16564,223602,2378
2023-01-13,San Luis Obispo,079,281455,65696,65502,8008,73510,539
2023-01-13,San Mateo,081,765935,179975,179319,11231,190550,749
2023-01-13,Santa Barbara,083,443738,110809,110537,7530,118067,750
2023-01-13,Santa Clara,085,1922200,467171,465994,21392,487386,2601
2023-01-13,Santa Cruz,087,273765,67374,67144,3765,70909,276
2023-01-13,Shasta,089,179085,36293,36179,8232,44411,604
2023-01-13,Sierra,091,2930,311,311,61,372,5
2023-01-13,Siskiyou,093,43540,5398,5384,3422,8806,95
2023-01-13,Solano,095,438530,112159,111700,8439,120139,479
2023-01-13,Sonoma,097,501317,112165,111955,5701,117656,542
2023-01-13,Stanislaus,099,539301,143596,143318,22695,166013,1800
2023-01-13,Sutter,101,95872,25451,25392,2532,27924,237
2023-01-13,Tehama,103,63373,14366,14320,3374,17694,221
2023-01-13,Trinity,105,12862,1458,1448,504,1952,23
2023-01-13,Tulare,107,460477,126768,126451,39443,165894,1552
2023-01-13,Tuolumne,109,53932,16631,16552,983,17535,209
2023-01-13,Ventura,111,848112,218801,218234,17825,236059,1632
2023-01-13,Yolo,113,214977,49504,49393,4762,54155,433
2023-01-13,Yuba,115,75493,19844,19804,1831,21635,132
2023-01-12,Alameda,001,1643700,372398,371533,22156,393689,2112
2023-01-12,Alpine,002,1148,139,139,4,143,0
2023-01-12,Amador,005,37829,10409,10384,959,11343,96
2023-01-12,Butte,007,227075,41284,41228,10055,51283,478
2023-01-12,Calaveras,009,45235,8899,8878,636,9514,138
2023-01-12,Colusa,011,21464,3924,3919,1333,5252,22
2023-01-12,Contra Costa,013,1133247,268127,267212,22044,289256,1505
2023-01-12,Del Norte,015,27424,7763,7700,441,8141,57
2023-01-12,El Dorado,017,186661,34204,34153,4498,38651,236
2023-01-12,Fresno,019,978130,291170,287748,33945,321693,2940
2023-01-12,Glenn,021,27897,5750,5747,1996,7743,58
2023-01-12,Humboldt,023,135768,23132,22986,5771,28757,166
2023-01-12,Imperial,025,180216,69210,69018,18557,87575,964
2023-01-12,Inyo,027,18085,4716,4709,1244,5953,62
2023-01-12,Kern,029,883053,227582,226971,70951,297922,2457
2023-01-12,Kings,031,150075,62182,62044,4382,66426,469
2023-01-12,Lake,033,64148,13497,13448,1267,14715,149
2023-01-12,Lassen,035,31185,10224,10212,1058,11270,66
2023-01-12,Los Angeles,037,10098052,3452253,3443850,211293,3655143,34651
2023-01-12,Madera,039,155013,45881,45761,8796,54557,377
2023-01-12,Marin,041,260295,48240,48130,5625,53755,317
2023-01-12,Mariposa,043,17540,3324,3285,363,3648,32
2023-01-12,Mendocino,045,87422,16717,16682,4777,21459,137
2023-01-12,Merced,047,269075,75587,75253,12593,87846,883
2023-01-12,Modoc,049,8938,949,946,365,1311,11
2023-01-12,Mono,051,14174,3303,3299,297,3596,8
2023-01-12,Monterey,053,433212,97063,96874,22643,119517,781
2023-01-12,Napa,055,140530,33876,33808,1519,35327,165
2023-01-12,Nevada,057,99092,19975,19927,2243,22170,132
2023-01-12,Orange,059,3164182,701681,699881,75221,775102,7723
2023-01-12,Placer,061,380077,79936,79766,10140,89906,671
2023-01-12,Plumas,063,18699,3807,3804,458,4262,13
2023-01-12,Riverside,065,2383286,727438,725898,40729,766627,6761
2023-01-12,Sacramento,067,1510023,365919,365352,37042,402394,3434
2023-01-12,San Benito,069,59416,17422,17378,1105,18483,115
2023-01-12,San Bernardino,071,2135413,703051,701674,34540,736214,8146
2023-01-12,San Diego,073,3302833,973069,970800,79636,1050436,5681
2023-01-12,San Francisco,075,870044,192488,191765,13122,204887,1123
2023-01-12,San Joaquin,077,732212,207459,207038,16559,223597,2378
2023-01-12,San Luis Obispo,079,281455,65680,65502,7991,73493,539
2023-01-12,San Mateo,081,765935,179917,179319,11228,190547,749
2023-01-12,Santa Barbara,083,443738,110764,110537,7529,118066,750
2023-01-12,Santa Clara,085,1922200,467005,465994,21384,487378,2601
2023-01-12,Santa Cruz,087,273765,67344,67144,3764,70908,276
2023-01-12,Shasta,089,179085,36283,36179,8226,44405,604
2023-01-12,Sierra,091,2930,311,311,61,372,5
2023-01-12,Siskiyou,093,43540,5398,5384,3422,8806,95
2023-01-12,Solano,095,438530,112124,111700,8434,120134,479
2023-01-12,Sonoma,097,501317,112141,111955,5699,117654,542
2023-01-12,Stanislaus,099,539301,143576,143318,22641,165959,1800
2023-01-12,Sutter,101,95872,25444,25392,2532,27924,237
2023-01-12,Tehama,103,63373,14365,14320,3373,17693,221
2023-01-12,Trinity,105,12862,1458,1448,502,1950,23
2023-01-12,Tulare,107,460477,126743,126451,39428,165879,1552
2023-01-12,Tuolumne,109,53932,16625,16552,980,17532,209
2023-01-12,Ventura,111,848112,218740,218234,17811,236045,1632
2023-01-12,Yolo,113,214977,49494,49393,4760,54153,433
2023-01-12,Yuba,115,75493,19838,19804,1831,21635,132
2023-01-11,Alameda,001,1643700,372253,371533,22145,393678,2112
2023-01-11,Alpine,002,1148,139,139,4,143,0
2023-01-11,Amador,005,37829,10405,10384,959,11343,96
2023-01-11,Butte,007,227075,41272,41228,10053,51281,478
2023-01-11,Calaveras,009,45235,8898,8878,635,9513,138
2023-01-11,Colusa,011,21464,3923,3919,1332,5251,22
2023-01-11,Contra Costa,013,1133247,268025,267212,22035,289247,1505
2023-01-11,Del Norte,015,27424,7762,7700,441,8141,57
2023-01-11,El Dorado,017,186661,34190,34153,4498,38651,236
2023-01-11,Fresno,019,978130,291097,287748,33927,321675,2940
2023-01-11,Glenn,021,27897,5750,5747,1996,7743,58
2023-01-11,Humboldt,023,135768,23122,22986,5768,28754,166
2023-01-11,Imperial,025,180216,69182,69018,18546,87564,964
2023-01-11,Inyo,027,18085,4714,4709,1242,5951,62
2023-01-11,Kern,029,883053,227509,226971,70891,297862,2457
2023-01-11,Kings,031,150075,62155,62044,4382,66426,469
2023-01-11,Lake,033,64148,13489,13448,1267,14715,149
2023-01-11,Lassen,035,31185,10224,10212,1058,11270,66
2023-01-11,Los Angeles,037,10098052,3451263,3443850,211118,3654968,34651
2023-01-11,Madera,039,155013,45871,45761,8794,54555,377
2023-01-11,Marin,041,260295,48224,48130,5622,53752,317
2023-01-11,Mariposa,043,17540,3322,3285,363,3648,32
2023-01-11,Mendocino,045,87422,16713,16682,4774,21456,137
2023-01-11,Merced,047,269075,75573,75253,12588,87841,883
2023-01-11,Modoc,049,8938,948,946,365,1311,11
2023-01-11,Mono,051,14174,3303,3299,297,3596,8
2023-01-11,Monterey,053,433212,97045,96874,22633,119507,781
2023-01-11,Napa,055,140530,33866,33808,1519,35327,165
2023-01-11,Nevada,057,99092,19971,19927,2242,22169,132
2023-01-11,Orange,059,3164182,701435,699881,75159,775040,7723
2023-01-11,Placer,061,380077,79912,79766,10136,89902,671
2023-01-11,Plumas,063,18699,3807,3804,458,4262,13
2023-01-11,Riverside,065,2383286,727242,725898,40700,766598,6761
2023-01-11,Sacramento,067,1510023,365829,365352,37026,402378,3434
2023-01-11,San Benito,069,59416,17415,17378,1103,18481,115
2023-01-11,San Bernardino,071,2135413,702914,701674,34503,736177,8146
2023-01-11,San Diego,073,3302833,972741,970800,79587,1050387,5681
2023-01-11,San Francisco,075,870044,192433,191765,13115,204880,1123
2023-01-11,San Joaquin,077,732212,207396,207038,16555,223593,2378
2023-01-11,San Luis Obispo,079,281455,65669,65502,7981,73483,539
2023-01-11,San Mateo,081,765935,179863,179319,11222,190541,749
2023-01-11,Santa Barbara,083,443738,110725,110537,7522,118059,750
2023-01-11,Santa Clara,085,1922200,466819,465994,21376,487370,2601
2023-01-11,Santa Cruz,087,273765,67324,67144,3761,70905,276
2023-01-11,Shasta,089,179085,36277,36179,8226,44405,604
2023-01-11,Sierra,091,2930,311,311,61,372,5
2023-01-11,Siskiyou,093,43540,5397,5384,3422,8806,95
2023-01-11,Solano,095,438530,112095,111700,8431,120131,479
2023-01-11,Sonoma,097,501317,112107,111955,5693,117648,542
2023-01-11,Stanislaus,099,539301,143555,143318,22596,165914,1800
2023-01-11,Sutter,101,95872,25437,25392,2531,27923,237
2023-01-11,Tehama,103,63373,14362,14320,3371,17691,221
2023-01-11,Trinity,105,12862,1458,1448,502,1950,23
2023-01-11,Tulare,107,460477,126714,126451,39408,165859,1552
2023-01-11,Tuolumne,109,53932,16617,16552,978,17530,209
2023-01-11,Ventura,111,848112,218680,218234,17796,236030,1632
2023-01-11,Yolo,113,214977,49482,49393,4757,54150,433
2023-01-11,Yuba,115,75493,19833,19804,1828,21632,132
2023-01-10,Alameda,001,1643700,372138,371533,22131,393664,2112
2023-01-10,Alpine,002,1148,139,139,4,143,0
2023-01-10,Amador,005,37829,10405,10384,959,11343,96
2023-01-10,Butte,007,227075,41259,41228,10047,51275,478
2023-01-10,Calaveras,009,45235,8897,8878,635,9513,138
2023-01-10,Colusa,011,21464,3923,3919,1331,5250,22
2023-01-10,Contra Costa,013,1133247,267930,267212,22017,289229,1505
2023-01-10,Del Norte,015,27424,7759,7700,439,8139,57
2023-01-10,El Dorado,017,186661,34180,34153,4495,38648,236
2023-01-10,Fresno,019,978130,291016,287748,33915,321663,2940
2023-01-10,Glenn,021,27897,5749,5747,1996,7743,58
2023-01-10,Humboldt,023,135768,23119,22986,5763,28749,166
2023-01-10,Imperial,025,180216,69161,69018,18534,87552,964
2023-01-10,Inyo,027,18085,4713,4709,1242,5951,62
2023-01-10,Kern,029,883053,227451,226971,70836,297807,2457
2023-01-10,Kings,031,150075,62133,62044,4381,66425,469
2023-01-10,Lake,033,64148,13484,13448,1267,14715,149
2023-01-10,Lassen,035,31185,10221,10212,1058,11270,66
2023-01-10,Los Angeles,037,10098052,3450092,3443850,210952,3654802,34651
2023-01-10,Madera,039,155013,45862,45761,8790,54551,377
2023-01-10,Marin,041,260295,48205,48130,5620,53750,317
2023-01-10,Mariposa,043,17540,3319,3285,360,3645,32
2023-01-10,Mendocino,045,87422,16709,16682,4772,21454,137
2023-01-10,Merced,047,269075,75552,75253,12582,87835,883
2023-01-10,Modoc,049,8938,948,946,365,1311,11
2023-01-10,Mono,051,14174,3303,3299,296,3595,8
2023-01-10,Monterey,053,433212,97028,96874,22611,119485,781
2023-01-10,Napa,055,140530,33854,33808,1519,35327,165
2023-01-10,Nevada,057,99092,19966,19927,2241,22168,132
2023-01-10,Orange,059,3164182,701199,699881,75106,774987,7723
2023-01-10,Placer,061,380077,79884,79766,10134,89900,671
2023-01-10,Plumas,063,18699,3807,3804,458,4262,13
2023-01-10,Riverside,065,2383286,727008,725898,40668,766566,6761
2023-01-10,Sacramento,067,1510023,365728,365352,37001,402353,3434
2023-01-10,San Benito,069,59416,17410,17378,1102,18480,115
2023-01-10,San Bernardino,071,2135413,702718,701674,34477,736151,8146
2023-01-10,San Diego,073,3302833,972368,970800,79525,1050325,5681
2023-01-10,San Francisco,075,870044,192360,191765,13109,204874,1123
2023-01-10,San Joaquin,077,732212,207327,207038,16550,223588,2378
2023-01-10,San Luis Obispo,079,281455,65644,65502,7966,73468,539
2023-01-10,San Mateo,081,765935,179793,179319,11215,190534,749
2023-01-10,Santa Barbara,083,443738,110679,110537,7510,118047,750
2023-01-10,Santa Clara,085,1922200,466588,465994,21360,487354,2601
2023-01-10,Santa Cruz,087,273765,67296,67144,3753,70897,276
2023-01-10,Shasta,089,179085,36265,36179,8225,44404,604
2023-01-10,Sierra,091,2930,311,311,61,372,5
2023-01-10,Siskiyou,093,43540,5396,5384,3422,8806,95
2023-01-10,Solano,095,438530,112053,111700,8427,120127,479
2023-01-10,Sonoma,097,501317,112072,111955,5689,117644,542
2023-01-10,Stanislaus,099,539301,143510,143318,22591,165909,1800
2023-01-10,Sutter,101,95872,25426,25392,2531,27923,237
2023-01-10,Tehama,103,63373,14357,14320,3370,17690,221
2023-01-10,Trinity,105,12862,1456,1448,502,1950,23
2023-01-10,Tulare,107,460477,126664,126451,39386,165837,1552
2023-01-10,Tuolumne,109,53932,16612,16552,978,17530,209
2023-01-10,Ventura,111,848112,218597,218234,17777,236011,1632
2023-01-10,Yolo,113,214977,49475,49393,4755,54148,433
2023-01-10,Yuba,115,75493,19824,19804,1827,21631,132
2023-01-09,Alameda,001,1643700,371961,369872,22114,391986,2098
2023-01-09,Alpine,002,1148,139,138,4,142,0
2023-01-09,Amador,005,37829,10400,10340,959,11299,96
2023-01-09,Butte,007,227075,41249,41102,10042,51144,478
2023-01-09,Calaveras,009,45235,8894,8852,635,9487,137
2023-01-09,Colusa,011,21464,3921,3911,1331,5242,22
2023-01-09,Contra Costa,013,1133247,267816,265846,22006,287852,1501
2023-01-09,Del Norte,015,27424,7759,7680,439,8119,57
2023-01-09,El Dorado,017,186661,34175,34009,4494,38503,236
2023-01-09,Fresno,019,978130,290912,286556,33897,320453,2924
2023-01-09,Glenn,021,27897,5748,5732,1996,7728,58
2023-01-09,Humboldt,023,135768,23112,22878,5754,28632,164
2023-01-09,Imperial,025,180216,69139,68809,18524,87333,964
2023-01-09,Inyo,027,18085,4711,4687,1239,5926,62
2023-01-09,Kern,029,883053,227410,226454,70789,297243,2450
2023-01-09,Kings,031,150075,62111,61886,4379,66265,466
2023-01-09,Lake,033,64148,13481,13363,1267,14630,149
2023-01-09,Lassen,035,31185,10220,10189,1057,11246,66
2023-01-09,Los Angeles,037,10098052,3449007,3434193,210776,3644969,34492
2023-01-09,Madera,039,155013,45850,45608,8779,54387,377
2023-01-09,Marin,041,260295,48186,47893,5615,53508,317
2023-01-09,Mariposa,043,17540,3319,3223,360,3583,32
2023-01-09,Mendocino,045,87422,16705,16582,4770,21352,137
2023-01-09,Merced,047,269075,75528,74969,12580,87549,883
2023-01-09,Modoc,049,8938,948,940,365,1305,11
2023-01-09,Mono,051,14174,3301,3284,296,3580,8
2023-01-09,Monterey,053,433212,97008,96607,22593,119200,778
2023-01-09,Napa,055,140530,33847,33666,1516,35182,164
2023-01-09,Nevada,057,99092,19963,19845,2240,22085,132
2023-01-09,Orange,059,3164182,700933,697391,75025,772416,7683
2023-01-09,Placer,061,380077,79858,79461,10130,89591,672
2023-01-09,Plumas,063,18699,3807,3798,457,4255,13
2023-01-09,Riverside,065,2383286,726786,723578,40636,764214,6748
2023-01-09,Sacramento,067,1510023,365614,364212,36989,401201,3422
2023-01-09,San Benito,069,59416,17406,17293,1102,18395,115
2023-01-09,San Bernardino,071,2135413,702545,699531,34452,733983,8143
2023-01-09,San Diego,073,3302833,971931,967383,79460,1046843,5662
2023-01-09,San Francisco,075,870044,192274,190940,13099,204039,1114
2023-01-09,San Joaquin,077,732212,207264,206280,16539,222819,2369
2023-01-09,San Luis Obispo,079,281455,65627,65166,7959,73125,539
2023-01-09,San Mateo,081,765935,179717,178472,11207,189679,749
2023-01-09,Santa Barbara,083,443738,110650,110007,7509,117516,748
2023-01-09,Santa Clara,085,1922200,466382,463958,21343,485301,2601
2023-01-09,Santa Cruz,087,273765,67259,66937,3750,70687,276
2023-01-09,Shasta,089,179085,36261,36083,8223,44306,602
2023-01-09,Sierra,091,2930,311,310,61,371,5
2023-01-09,Siskiyou,093,43540,5395,5373,3421,8794,95
2023-01-09,Solano,095,438530,112001,111243,8422,119665,478
2023-01-09,Sonoma,097,501317,112042,111530,5686,117216,537
2023-01-09,Stanislaus,099,539301,143464,142918,22584,165502,1801
2023-01-09,Sutter,101,95872,25416,25308,2531,27839,235
2023-01-09,Tehama,103,63373,14355,14258,3367,17625,221
2023-01-09,Trinity,105,12862,1456,1448,500,1948,24
2023-01-09,Tulare,107,460477,126613,125773,39365,165138,1546
2023-01-09,Tuolumne,109,53932,16606,16425,977,17402,211
2023-01-09,Ventura,111,848112,218517,217286,17766,235052,1610
2023-01-09,Yolo,113,214977,49464,49138,4752,53890,428
2023-01-09,Yuba,115,75493,19813,19743,1827,21570,132
2023-01-08,Alameda,001,1643700,371746,369872,22093,391965,2098
2023-01-08,Alpine,002,1148,139,138,4,142,0
2023-01-08,Amador,005,37829,10394,10340,958,11298,96
2023-01-08,Butte,007,227075,41235,41102,10036,51138,478
2023-01-08,Calaveras,009,45235,8889,8852,635,9487,137
2023-01-08,Colusa,011,21464,3921,3911,1329,5240,22
2023-01-08,Contra Costa,013,1133247,267690,265846,21993,287839,1501
2023-01-08,Del Norte,015,27424,7756,7680,439,8119,57
2023-01-08,El Dorado,017,186661,34167,34009,4494,38503,236
2023-01-08,Fresno,019,978130,290802,286556,33885,320441,2924
2023-01-08,Glenn,021,27897,5747,5732,1996,7728,58
2023-01-08,Humboldt,023,135768,23104,22878,5743,28621,164
2023-01-08,Imperial,025,180216,69115,68809,18516,87325,964
2023-01-08,Inyo,027,18085,4709,4687,1238,5925,62
2023-01-08,Kern,029,883053,227328,226454,70722,297176,2450
2023-01-08,Kings,031,150075,62087,61886,4377,66263,466
2023-01-08,Lake,033,64148,13475,13363,1267,14630,149
2023-01-08,Lassen,035,31185,10218,10189,1056,11245,66
2023-01-08,Los Angeles,037,10098052,3447637,3434193,210524,3644717,34492
2023-01-08,Madera,039,155013,45831,45608,8773,54381,377
2023-01-08,Marin,041,260295,48165,47893,5609,53502,317
2023-01-08,Mariposa,043,17540,3319,3223,360,3583,32
2023-01-08,Mendocino,045,87422,16694,16582,4768,21350,137
2023-01-08,Merced,047,269075,75498,74969,12573,87542,883
2023-01-08,Modoc,049,8938,948,940,364,1304,11
2023-01-08,Mono,051,14174,3298,3284,296,3580,8
2023-01-08,Monterey,053,433212,96984,96607,22571,119178,778
2023-01-08,Napa,055,140530,33823,33666,1515,35181,164
2023-01-08,Nevada,057,99092,19954,19845,2236,22081,132
2023-01-08,Orange,059,3164182,700619,697391,74926,772317,7683
2023-01-08,Placer,061,380077,79818,79461,10126,89587,672
2023-01-08,Plumas,063,18699,3807,3798,457,4255,13
2023-01-08,Riverside,065,2383286,726517,723578,40574,764152,6748
2023-01-08,Sacramento,067,1510023,365474,364212,36960,401172,3422
2023-01-08,San Benito,069,59416,17401,17293,1102,18395,115
2023-01-08,San Bernardino,071,2135413,702299,699531,34417,733948,8143
2023-01-08,San Diego,073,3302833,971386,967383,79367,1046750,5662
2023-01-08,San Francisco,075,870044,192148,190940,13087,204027,1114
2023-01-08,San Joaquin,077,732212,207183,206280,16531,222811,2369
2023-01-08,San Luis Obispo,079,281455,65610,65166,7950,73116,539
2023-01-08,San Mateo,081,765935,179621,178472,11202,189674,749
2023-01-08,Santa Barbara,083,443738,110619,110007,7502,117509,748
2023-01-08,Santa Clara,085,1922200,466086,463958,21322,485280,2601
2023-01-08,Santa Cruz,087,273765,67240,66937,3749,70686,276
2023-01-08,Shasta,089,179085,36254,36083,8219,44302,602
2023-01-08,Sierra,091,2930,311,310,61,371,5
2023-01-08,Siskiyou,093,43540,5391,5373,3421,8794,95
2023-01-08,Solano,095,438530,111923,111243,8418,119661,478
2023-01-08,Sonoma,097,501317,111988,111530,5683,117213,537
2023-01-08,Stanislaus,099,539301,143423,142918,22576,165494,1801
2023-01-08,Sutter,101,95872,25406,25308,2531,27839,235
2023-01-08,Tehama,103,63373,14352,14258,3364,17622,221
2023-01-08,Trinity,105,12862,1456,1448,500,1948,24
2023-01-08,Tulare,107,460477,126564,125773,39343,165116,1546
2023-01-08,Tuolumne,109,53932,16599,16425,976,17401,211
2023-01-08,Ventura,111,848112,218427,217286,17748,235034,1610
2023-01-08,Yolo,113,214977,49444,49138,4748,53886,428
2023-01-08,Yuba,115,75493,19810,19743,1827,21570,132
2023-01-07,Alameda,001,1643700,371648,369872,22077,391949,2098
2023-01-07,Alpine,002,1148,139,138,4,142,0
2023-01-07,Amador,005,37829,10393,10340,958,11298,96
2023-01-07,Butte,007,227075,41229,41102,10032,51134,478
2023-01-07,Calaveras,009,45235,8888,8852,634,9486,137
2023-01-07,Colusa,011,21464,3920,3911,1329,5240,22
2023-01-07,Contra Costa,013,1133247,267611,265846,21988,287834,1501
2023-01-07,Del Norte,015,27424,7754,7680,439,8119,57
2023-01-07,El Dorado,017,186661,34159,34009,4492,38501,236
2023-01-07,Fresno,019,978130,290747,286556,33881,320437,2924
2023-01-07,Glenn,021,27897,5746,5732,1994,7726,58
2023-01-07,Humboldt,023,135768,23099,22878,5737,28615,164
2023-01-07,Imperial,025,180216,69100,68809,18516,87325,964
2023-01-07,Inyo,027,18085,4709,4687,1238,5925,62
2023-01-07,Kern,029,883053,227284,226454,70666,297120,2450
2023-01-07,Kings,031,150075,62070,61886,4375,66261,466
2023-01-07,Lake,033,64148,13473,13363,1267,14630,149
2023-01-07,Lassen,035,31185,10216,10189,1056,11245,66
2023-01-07,Los Angeles,037,10098052,3446780,3434193,210395,3644588,34492
2023-01-07,Madera,039,155013,45822,45608,8773,54381,377
2023-01-07,Marin,041,260295,48150,47893,5609,53502,317
2023-01-07,Mariposa,043,17540,3318,3223,360,3583,32
2023-01-07,Mendocino,045,87422,16688,16582,4767,21349,137
2023-01-07,Merced,047,269075,75483,74969,12573,87542,883
2023-01-07,Modoc,049,8938,948,940,364,1304,11
2023-01-07,Mono,051,14174,3298,3284,296,3580,8
2023-01-07,Monterey,053,433212,96966,96607,22565,119172,778
2023-01-07,Napa,055,140530,33820,33666,1514,35180,164
2023-01-07,Nevada,057,99092,19953,19845,2234,22079,132
2023-01-07,Orange,059,3164182,700432,697391,74853,772244,7683
2023-01-07,Placer,061,380077,79790,79461,10126,89587,672
2023-01-07,Plumas,063,18699,3807,3798,457,4255,13
2023-01-07,Riverside,065,2383286,726371,723578,40550,764128,6748
2023-01-07,Sacramento,067,1510023,365406,364212,36955,401167,3422
2023-01-07,San Benito,069,59416,17397,17293,1102,18395,115
2023-01-07,San Bernardino,071,2135413,702134,699531,34398,733929,8143
2023-01-07,San Diego,073,3302833,971111,967383,79351,1046734,5662
2023-01-07,San Francisco,075,870044,192085,190940,13079,204019,1114
2023-01-07,San Joaquin,077,732212,207134,206280,16521,222801,2369
2023-01-07,San Luis Obispo,079,281455,65601,65166,7943,73109,539
2023-01-07,San Mateo,081,765935,179581,178472,11192,189664,749
2023-01-07,Santa Barbara,083,443738,110580,110007,7491,117498,748
2023-01-07,Santa Clara,085,1922200,465943,463958,21309,485267,2601
2023-01-07,Santa Cruz,087,273765,67228,66937,3747,70684,276
2023-01-07,Shasta,089,179085,36248,36083,8218,44301,602
2023-01-07,Sierra,091,2930,311,310,61,371,5
2023-01-07,Siskiyou,093,43540,5388,5373,3421,8794,95
2023-01-07,Solano,095,438530,111897,111243,8416,119659,478
2023-01-07,Sonoma,097,501317,111979,111530,5683,117213,537
2023-01-07,Stanislaus,099,539301,143390,142918,22569,165487,1801
2023-01-07,Sutter,101,95872,25400,25308,2530,27838,235
2023-01-07,Tehama,103,63373,14350,14258,3362,17620,221
2023-01-07,Trinity,105,12862,1456,1448,500,1948,24
2023-01-07,Tulare,107,460477,126544,125773,39329,165102,1546
2023-01-07,Tuolumne,109,53932,16591,16425,976,17401,211
2023-01-07,Ventura,111,848112,218378,217286,17725,235011,1610
2023-01-07,Yolo,113,214977,49434,49138,4746,53884,428
2023-01-07,Yuba,115,75493,19803,19743,1827,21570,132
2023-01-06,Alameda,001,1643700,371528,369872,22068,391940,2098
2023-01-06,Alpine,002,1148,139,138,4,142,0
2023-01-06,Amador,005,37829,10390,10340,957,11297,96
2023-01-06,Butte,007,227075,41221,41102,10028,51130,478
2023-01-06,Calaveras,009,45235,8888,8852,634,9486,137
2023-01-06,Colusa,011,21464,3919,3911,1329,5240,22
2023-01-06,Contra Costa,013,1133247,267531,265846,21981,287827,1501
2023-01-06,Del Norte,015,27424,7753,7680,439,8119,57
2023-01-06,El Dorado,017,186661,34149,34009,4491,38500,236
2023-01-06,Fresno,019,978130,290663,286556,33866,320422,2924
2023-01-06,Glenn,021,27897,5744,5732,1994,7726,58
2023-01-06,Humboldt,023,135768,23094,22878,5733,28611,164
2023-01-06,Imperial,025,180216,69089,68809,18514,87323,964
2023-01-06,Inyo,027,18085,4708,4687,1236,5923,62
2023-01-06,Kern,029,883053,227250,226454,70609,297063,2450
2023-01-06,Kings,031,150075,62053,61886,4375,66261,466
2023-01-06,Lake,033,64148,13470,13363,1267,14630,149
2023-01-06,Lassen,035,31185,10213,10189,1056,11245,66
2023-01-06,Los Angeles,037,10098052,3445802,3434193,210217,3644410,34492
2023-01-06,Madera,039,155013,45814,45608,8768,54376,377
2023-01-06,Marin,041,260295,48135,47893,5607,53500,317
2023-01-06,Mariposa,043,17540,3318,3223,359,3582,32
2023-01-06,Mendocino,045,87422,16684,16582,4766,21348,137
2023-01-06,Merced,047,269075,75464,74969,12571,87540,883
2023-01-06,Modoc,049,8938,948,940,364,1304,11
2023-01-06,Mono,051,14174,3298,3284,295,3579,8
2023-01-06,Monterey,053,433212,96951,96607,22545,119152,778
2023-01-06,Napa,055,140530,33809,33666,1510,35176,164
2023-01-06,Nevada,057,99092,19951,19845,2233,22078,132
2023-01-06,Orange,059,3164182,700174,697391,74776,772167,7683
2023-01-06,Placer,061,380077,79764,79461,10125,89586,672
2023-01-06,Plumas,063,18699,3807,3798,457,4255,13
2023-01-06,Riverside,065,2383286,726190,723578,40519,764097,6748
2023-01-06,Sacramento,067,1510023,365310,364212,36951,401163,3422
2023-01-06,San Benito,069,59416,17389,17293,1098,18391,115
2023-01-06,San Bernardino,071,2135413,701958,699531,34380,733911,8143
2023-01-06,San Diego,073,3302833,970790,967383,79320,1046703,5662
2023-01-06,San Francisco,075,870044,192014,190940,13073,204013,1114
2023-01-06,San Joaquin,077,732212,207072,206280,16516,222796,2369
2023-01-06,San Luis Obispo,079,281455,65587,65166,7938,73104,539
2023-01-06,San Mateo,081,765935,179531,178472,11185,189657,749
2023-01-06,Santa Barbara,083,443738,110533,110007,7488,117495,748
2023-01-06,Santa Clara,085,1922200,465773,463958,21293,485251,2601
2023-01-06,Santa Cruz,087,273765,67213,66937,3742,70679,276
2023-01-06,Shasta,089,179085,36243,36083,8216,44299,602
2023-01-06,Sierra,091,2930,311,310,61,371,5
2023-01-06,Siskiyou,093,43540,5386,5373,3421,8794,95
2023-01-06,Solano,095,438530,111856,111243,8412,119655,478
2023-01-06,Sonoma,097,501317,111954,111530,5677,117207,537
2023-01-06,Stanislaus,099,539301,143367,142918,22566,165484,1801
2023-01-06,Sutter,101,95872,25397,25308,2530,27838,235
2023-01-06,Tehama,103,63373,14347,14258,3361,17619,221
2023-01-06,Trinity,105,12862,1456,1448,497,1945,24
2023-01-06,Tulare,107,460477,126521,125773,39312,165085,1546
2023-01-06,Tuolumne,109,53932,16580,16425,976,17401,211
2023-01-06,Ventura,111,848112,218313,217286,17716,235002,1610
2023-01-06,Yolo,113,214977,49423,49138,4744,53882,428
2023-01-06,Yuba,115,75493,19795,19743,1827,21570,132
2023-01-05,Alameda,001,1643700,371313,369872,22051,391923,2098
2023-01-05,Alpine,002,1148,139,138,4,142,0
2023-01-05,Amador,005,37829,10389,10340,957,11297,96
2023-01-05,Butte,007,227075,41211,41102,10020,51122,478
2023-01-05,Calaveras,009,45235,8887,8852,634,9486,137
2023-01-05,Colusa,011,21464,3916,3911,1329,5240,22
2023-01-05,Contra Costa,013,1133247,267375,265846,21977,287823,1501
2023-01-05,Del Norte,015,27424,7751,7680,439,8119,57
2023-01-05,El Dorado,017,186661,34134,34009,4491,38500,236
2023-01-05,Fresno,019,978130,290557,286556,33847,320403,2924
2023-01-05,Glenn,021,27897,5743,5732,1993,7725,58
2023-01-05,Humboldt,023,135768,23082,22878,5725,28603,164
2023-01-05,Imperial,025,180216,69062,68809,18499,87308,964
2023-01-05,Inyo,027,18085,4708,4687,1235,5922,62
2023-01-05,Kern,029,883053,227147,226454,70534,296988,2450
2023-01-05,Kings,031,150075,62030,61886,4375,66261,466
2023-01-05,Lake,033,64148,13461,13363,1265,14628,149
2023-01-05,Lassen,035,31185,10211,10189,1051,11240,66
2023-01-05,Los Angeles,037,10098052,3444367,3434193,209967,3644160,34492
2023-01-05,Madera,039,155013,45801,45608,8755,54363,377
2023-01-05,Marin,041,260295,48117,47893,5606,53499,317
2023-01-05,Mariposa,043,17540,3315,3223,358,3581,32
2023-01-05,Mendocino,045,87422,16678,16582,4766,21348,137
2023-01-05,Merced,047,269075,75436,74969,12563,87532,883
2023-01-05,Modoc,049,8938,948,940,364,1304,11
2023-01-05,Mono,051,14174,3294,3284,295,3579,8
2023-01-05,Monterey,053,433212,96923,96607,22518,119125,778
2023-01-05,Napa,055,140530,33794,33666,1507,35173,164
2023-01-05,Nevada,057,99092,19944,19845,2232,22077,132
2023-01-05,Orange,059,3164182,699818,697391,74677,772068,7683
2023-01-05,Placer,061,380077,79724,79461,10123,89584,672
2023-01-05,Plumas,063,18699,3804,3798,457,4255,13
2023-01-05,Riverside,065,2383286,725924,723578,40473,764051,6748
2023-01-05,Sacramento,067,1510023,365143,364212,36932,401144,3422
2023-01-05,San Benito,069,59416,17382,17293,1096,18389,115
2023-01-05,San Bernardino,071,2135413,701734,699531,34356,733887,8143
2023-01-05,San Diego,073,3302833,970332,967383,79232,1046615,5662
2023-01-05,San Francisco,075,870044,191870,190940,13055,203995,1114
2023-01-05,San Joaquin,077,732212,206987,206280,16510,222790,2369
2023-01-05,San Luis Obispo,079,281455,65563,65166,7925,73091,539
2023-01-05,San Mateo,081,765935,179427,178472,11173,189645,749
2023-01-05,Santa Barbara,083,443738,110475,110007,7478,117485,748
2023-01-05,Santa Clara,085,1922200,465460,463958,21273,485231,2601
2023-01-05,Santa Cruz,087,273765,67187,66937,3740,70677,276
2023-01-05,Shasta,089,179085,36236,36083,8210,44293,602
2023-01-05,Sierra,091,2930,311,310,61,371,5
2023-01-05,Siskiyou,093,43540,5383,5373,3421,8794,95
2023-01-05,Solano,095,438530,111796,111243,8405,119648,478
2023-01-05,Sonoma,097,501317,111896,111530,5671,117201,537
2023-01-05,Stanislaus,099,539301,143318,142918,22552,165470,1801
2023-01-05,Sutter,101,95872,25384,25308,2530,27838,235
2023-01-05,Tehama,103,63373,14342,14258,3357,17615,221
2023-01-05,Trinity,105,12862,1455,1448,495,1943,24
2023-01-05,Tulare,107,460477,126478,125773,39284,165057,1546
2023-01-05,Tuolumne,109,53932,16563,16425,976,17401,211
2023-01-05,Ventura,111,848112,218209,217286,17692,234978,1610
2023-01-05,Yolo,113,214977,49410,49138,4741,53879,428
2023-01-05,Yuba,115,75493,19789,19743,1826,21569,132
2023-01-04,Alameda,001,1643700,371090,369872,22026,391898,2098
2023-01-04,Alpine,002,1148,139,138,4,142,0
2023-01-04,Amador,005,37829,10383,10340,956,11296,96
2023-01-04,Butte,007,227075,41198,41102,10006,51108,478
2023-01-04,Calaveras,009,45235,8885,8852,632,9484,137
2023-01-04,Colusa,011,21464,3914,3911,1326,5237,22
2023-01-04,Contra Costa,013,1133247,267208,265846,21960,287806,1501
2023-01-04,Del Norte,015,27424,7749,7680,439,8119,57
2023-01-04,El Dorado,017,186661,34125,34009,4490,38499,236
2023-01-04,Fresno,019,978130,290437,286556,33831,320387,2924
2023-01-04,Glenn,021,27897,5743,5732,1990,7722,58
2023-01-04,Humboldt,023,135768,23078,22878,5722,28600,164
2023-01-04,Imperial,025,180216,69049,68809,18482,87291,964
2023-01-04,Inyo,027,18085,4704,4687,1232,5919,62
2023-01-04,Kern,029,883053,227044,226454,70448,296902,2450
2023-01-04,Kings,031,150075,62008,61886,4375,66261,466
2023-01-04,Lake,033,64148,13458,13363,1264,14627,149
2023-01-04,Lassen,035,31185,10207,10189,1049,11238,66
2023-01-04,Los Angeles,037,10098052,3442859,3434193,209726,3643919,34492
2023-01-04,Madera,039,155013,45788,45608,8751,54359,377
2023-01-04,Marin,041,260295,48092,47893,5603,53496,317
2023-01-04,Mariposa,043,17540,3315,3223,358,3581,32
2023-01-04,Mendocino,045,87422,16674,16582,4760,21342,137
2023-01-04,Merced,047,269075,75415,74969,12560,87529,883
2023-01-04,Modoc,049,8938,946,940,364,1304,11
2023-01-04,Mono,051,14174,3293,3284,295,3579,8
2023-01-04,Monterey,053,433212,96887,96607,22495,119102,778
2023-01-04,Napa,055,140530,33767,33666,1507,35173,164
2023-01-04,Nevada,057,99092,19936,19845,2230,22075,132
2023-01-04,Orange,059,3164182,699475,697391,74578,771969,7683
2023-01-04,Placer,061,380077,79690,79461,10120,89581,672
2023-01-04,Plumas,063,18699,3804,3798,457,4255,13
2023-01-04,Riverside,065,2383286,725643,723578,40417,763995,6748
2023-01-04,Sacramento,067,1510023,365017,364212,36900,401112,3422
2023-01-04,San Benito,069,59416,17372,17293,1096,18389,115
2023-01-04,San Bernardino,071,2135413,701516,699531,34319,733850,8143
2023-01-04,San Diego,073,3302833,969772,967383,79141,1046524,5662
2023-01-04,San Francisco,075,870044,191773,190940,13047,203987,1114
2023-01-04,San Joaquin,077,732212,206889,206280,16500,222780,2369
2023-01-04,San Luis Obispo,079,281455,65537,65166,7910,73076,539
2023-01-04,San Mateo,081,765935,179346,178472,11166,189638,749
2023-01-04,Santa Barbara,083,443738,110423,110007,7470,117477,748
2023-01-04,Santa Clara,085,1922200,465171,463958,21247,485205,2601
2023-01-04,Santa Cruz,087,273765,67161,66937,3739,70676,276
2023-01-04,Shasta,089,179085,36219,36083,8210,44293,602
2023-01-04,Sierra,091,2930,311,310,61,371,5
2023-01-04,Siskiyou,093,43540,5381,5373,3421,8794,95
2023-01-04,Solano,095,438530,111742,111243,8399,119642,478
2023-01-04,Sonoma,097,501317,111858,111530,5667,117197,537
2023-01-04,Stanislaus,099,539301,143281,142918,22542,165460,1801
2023-01-04,Sutter,101,95872,25374,25308,2529,27837,235
2023-01-04,Tehama,103,63373,14339,14258,3356,17614,221
2023-01-04,Trinity,105,12862,1454,1448,495,1943,24
2023-01-04,Tulare,107,460477,126424,125773,39250,165023,1546
2023-01-04,Tuolumne,109,53932,16552,16425,975,17400,211
2023-01-04,Ventura,111,848112,218116,217286,17670,234956,1610
2023-01-04,Yolo,113,214977,49397,49138,4741,53879,428
2023-01-04,Yuba,115,75493,19783,19743,1824,21567,132
2023-01-03,Alameda,001,1643700,370847,369872,21997,391869,2098
2023-01-03,Alpine,002,1148,139,138,4,142,0
2023-01-03,Amador,005,37829,10375,10340,956,11296,96
2023-01-03,Butte,007,227075,41186,41102,10002,51104,478
2023-01-03,Calaveras,009,45235,8880,8852,631,9483,137
2023-01-03,Colusa,011,21464,3914,3911,1326,5237,22
2023-01-03,Contra Costa,013,1133247,267032,265846,21949,287795,1501
2023-01-03,Del Norte,015,27424,7746,7680,437,8117,57
2023-01-03,El Dorado,017,186661,34107,34009,4488,38497,236
2023-01-03,Fresno,019,978130,290291,286556,33810,320366,2924
2023-01-03,Glenn,021,27897,5742,5732,1987,7719,58
2023-01-03,Humboldt,023,135768,23067,22878,5719,28597,164
2023-01-03,Imperial,025,180216,69020,68809,18466,87275,964
2023-01-03,Inyo,027,18085,4703,4687,1231,5918,62
2023-01-03,Kern,029,883053,226921,226454,70333,296787,2450
2023-01-03,Kings,031,150075,61971,61886,4375,66261,466
2023-01-03,Lake,033,64148,13449,13363,1264,14627,149
2023-01-03,Lassen,035,31185,10204,10189,1047,11236,66
2023-01-03,Los Angeles,037,10098052,3441118,3434193,209411,3643604,34492
2023-01-03,Madera,039,155013,45774,45608,8744,54352,377
2023-01-03,Marin,041,260295,48078,47893,5598,53491,317
2023-01-03,Mariposa,043,17540,3314,3223,358,3581,32
2023-01-03,Mendocino,045,87422,16671,16582,4759,21341,137
2023-01-03,Merced,047,269075,75379,74969,12553,87522,883
2023-01-03,Modoc,049,8938,944,940,364,1304,11
2023-01-03,Mono,051,14174,3292,3284,295,3579,8
2023-01-03,Monterey,053,433212,96858,96607,22474,119081,778
2023-01-03,Napa,055,140530,33740,33666,1505,35171,164
2023-01-03,Nevada,057,99092,19927,19845,2230,22075,132
2023-01-03,Orange,059,3164182,699061,697391,74445,771836,7683
2023-01-03,Placer,061,380077,79639,79461,10112,89573,672
2023-01-03,Plumas,063,18699,3804,3798,457,4255,13
2023-01-03,Riverside,065,2383286,725272,723578,40355,763933,6748
2023-01-03,Sacramento,067,1510023,364816,364212,36876,401088,3422
2023-01-03,San Benito,069,59416,17365,17293,1095,18388,115
2023-01-03,San Bernardino,071,2135413,701204,699531,34276,733807,8143
2023-01-03,San Diego,073,3302833,969104,967383,79039,1046422,5662
2023-01-03,San Francisco,075,870044,191672,190940,13044,203984,1114
2023-01-03,San Joaquin,077,732212,206795,206280,16484,222764,2369
2023-01-03,San Luis Obispo,079,281455,65502,65166,7890,73056,539
2023-01-03,San Mateo,081,765935,179272,178472,11159,189631,749
2023-01-03,Santa Barbara,083,443738,110359,110007,7455,117462,748
2023-01-03,Santa Clara,085,1922200,464910,463958,21222,485180,2601
2023-01-03,Santa Cruz,087,273765,67138,66937,3737,70674,276
2023-01-03,Shasta,089,179085,36212,36083,8210,44293,602
2023-01-03,Sierra,091,2930,311,310,61,371,5
2023-01-03,Siskiyou,093,43540,5379,5373,3421,8794,95
2023-01-03,Solano,095,438530,111686,111243,8395,119638,478
2023-01-03,Sonoma,097,501317,111810,111530,5667,117197,537
2023-01-03,Stanislaus,099,539301,143226,142918,22537,165455,1801
2023-01-03,Sutter,101,95872,25367,25308,2528,27836,235
2023-01-03,Tehama,103,63373,14331,14258,3354,17612,221
2023-01-03,Trinity,105,12862,1454,1448,493,1941,24
2023-01-03,Tulare,107,460477,126365,125773,39208,164981,1546
2023-01-03,Tuolumne,109,53932,16537,16425,975,17400,211
2023-01-03,Ventura,111,848112,217999,217286,17629,234915,1610
2023-01-03,Yolo,113,214977,49382,49138,4738,53876,428
2023-01-03,Yuba,115,75493,19779,19743,1822,21565,132
2023-01-02,Alameda,001,1643700,370501,367954,21955,389909,2094
2023-01-02,Alpine,002,1148,139,138,4,142,0
2023-01-02,Amador,005,37829,10372,10313,956,11269,96
2023-01-02,Butte,007,227075,41163,41018,10000,51018,474
2023-01-02,Calaveras,009,45235,8875,8818,631,9449,135
2023-01-02,Colusa,011,21464,3913,3906,1326,5232,22
2023-01-02,Contra Costa,013,1133247,266799,264448,21939,286387,1502
2023-01-02,Del Norte,015,27424,7742,7645,435,8080,56
2023-01-02,El Dorado,017,186661,34089,33865,4485,38350,236
2023-01-02,Fresno,019,978130,290114,285444,33783,319227,2918
2023-01-02,Glenn,021,27897,5740,5719,1985,7704,58
2023-01-02,Humboldt,023,135768,23054,22835,5705,28540,163
2023-01-02,Imperial,025,180216,68981,68622,18428,87050,963
2023-01-02,Inyo,027,18085,4701,4670,1228,5898,62
2023-01-02,Kern,029,883053,226799,225659,70189,295848,2450
2023-01-02,Kings,031,150075,61927,61692,4373,66065,466
2023-01-02,Lake,033,64148,13437,13312,1262,14574,149
2023-01-02,Lassen,035,31185,10201,10172,1045,11217,66
2023-01-02,Los Angeles,037,10098052,3438933,3420383,209014,3629397,34360
2023-01-02,Madera,039,155013,45751,45448,8735,54183,377
2023-01-02,Marin,041,260295,48043,47686,5595,53281,317
2023-01-02,Mariposa,043,17540,3310,3211,358,3569,32
2023-01-02,Mendocino,045,87422,16665,16508,4751,21259,137
2023-01-02,Merced,047,269075,75349,74732,12546,87278,883
2023-01-02,Modoc,049,8938,940,931,364,1295,11
2023-01-02,Mono,051,14174,3289,3274,294,3568,8
2023-01-02,Monterey,053,433212,96841,96380,22454,118834,776
2023-01-02,Napa,055,140530,33716,33534,1504,35038,163
2023-01-02,Nevada,057,99092,19921,19774,2229,22003,132
2023-01-02,Orange,059,3164182,698543,694080,74260,768340,7656
2023-01-02,Placer,061,380077,79601,79154,10105,89259,672
2023-01-02,Plumas,063,18699,3802,3787,457,4244,13
2023-01-02,Riverside,065,2383286,724809,720437,40272,760709,6738
2023-01-02,Sacramento,067,1510023,364604,362664,36845,399509,3414
2023-01-02,San Benito,069,59416,17355,17211,1092,18303,108
2023-01-02,San Bernardino,071,2135413,700828,696472,34202,730674,8142
2023-01-02,San Diego,073,3302833,968342,962601,78918,1041519,5641
2023-01-02,San Francisco,075,870044,191488,190012,13039,203051,1104
2023-01-02,San Joaquin,077,732212,206681,205467,16474,221941,2363
2023-01-02,San Luis Obispo,079,281455,65443,64966,7861,72827,536
2023-01-02,San Mateo,081,765935,179120,177703,11148,188851,749
2023-01-02,Santa Barbara,083,443738,110284,109576,7437,117013,747
2023-01-02,Santa Clara,085,1922200,464449,461535,21181,482716,2587
2023-01-02,Santa Cruz,087,273765,67107,66735,3728,70463,276
2023-01-02,Shasta,089,179085,36204,35950,8202,44152,602
2023-01-02,Sierra,091,2930,311,309,61,370,5
2023-01-02,Siskiyou,093,43540,5375,5355,3420,8775,95
2023-01-02,Solano,095,438530,111607,110589,8387,118976,475
2023-01-02,Sonoma,097,501317,111751,111095,5663,116758,536
2023-01-02,Stanislaus,099,539301,143161,142392,22524,164916,1795
2023-01-02,Sutter,101,95872,25354,25207,2527,27734,235
2023-01-02,Tehama,103,63373,14327,14187,3354,17541,219
2023-01-02,Trinity,105,12862,1453,1442,488,1930,23
2023-01-02,Tulare,107,460477,126279,125303,39159,164462,1546
2023-01-02,Tuolumne,109,53932,16532,16340,975,17315,211
2023-01-02,Ventura,111,848112,217857,216327,17578,233905,1605
2023-01-02,Yolo,113,214977,49356,48970,4736,53706,426
2023-01-02,Yuba,115,75493,19765,19654,1821,21475,132
2023-01-01,Alameda,001,1643700,370302,367954,21931,389885,2094
2023-01-01,Alpine,002,1148,139,138,4,142,0
2023-01-01,Amador,005,37829,10370,10313,956,11269,96
2023-01-01,Butte,007,227075,41151,41018,9990,51008,474
2023-01-01,Calaveras,009,45235,8873,8818,630,9448,135
2023-01-01,Colusa,011,21464,3912,3906,1326,5232,22
2023-01-01,Contra Costa,013,1133247,266625,264448,21930,286378,1502
2023-01-01,Del Norte,015,27424,7740,7645,435,8080,56
2023-01-01,El Dorado,017,186661,34064,33865,4484,38349,236
2023-01-01,Fresno,019,978130,289979,285444,33763,319207,2918
2023-01-01,Glenn,021,27897,5737,5719,1976,7695,58
2023-01-01,Humboldt,023,135768,23044,22835,5699,28534,163
2023-01-01,Imperial,025,180216,68963,68622,18420,87042,963
2023-01-01,Inyo,027,18085,4699,4670,1224,5894,62
2023-01-01,Kern,029,883053,226728,225659,70093,295752,2450
2023-01-01,Kings,031,150075,61901,61692,4371,66063,466
2023-01-01,Lake,033,64148,13428,13312,1262,14574,149
2023-01-01,Lassen,035,31185,10200,10172,1044,11216,66
2023-01-01,Los Angeles,037,10098052,3437101,3420383,208723,3629106,34360
2023-01-01,Madera,039,155013,45739,45448,8732,54180,377
2023-01-01,Marin,041,260295,48015,47686,5592,53278,317
2023-01-01,Mariposa,043,17540,3308,3211,357,3568,32
2023-01-01,Mendocino,045,87422,16657,16508,4750,21258,137
2023-01-01,Merced,047,269075,75321,74732,12539,87271,883
2023-01-01,Modoc,049,8938,940,931,364,1295,11
2023-01-01,Mono,051,14174,3288,3274,293,3567,8
2023-01-01,Monterey,053,433212,96813,96380,22438,118818,776
2023-01-01,Napa,055,140530,33705,33534,1503,35037,163
2023-01-01,Nevada,057,99092,19916,19774,2228,22002,132
2023-01-01,Orange,059,3164182,698146,694080,74068,768148,7656
2023-01-01,Placer,061,380077,79571,79154,10098,89252,672
2023-01-01,Plumas,063,18699,3800,3787,457,4244,13
2023-01-01,Riverside,065,2383286,724409,720437,40203,760640,6738
2023-01-01,Sacramento,067,1510023,364436,362664,36819,399483,3414
2023-01-01,San Benito,069,59416,17351,17211,1091,18302,108
2023-01-01,San Bernardino,071,2135413,700508,696472,34162,730634,8142
2023-01-01,San Diego,073,3302833,967836,962601,78835,1041436,5641
2023-01-01,San Francisco,075,870044,191371,190012,13026,203038,1104
2023-01-01,San Joaquin,077,732212,206605,205467,16468,221935,2363
2023-01-01,San Luis Obispo,079,281455,65422,64966,7848,72814,536
2023-01-01,San Mateo,081,765935,179033,177703,11141,188844,749
2023-01-01,Santa Barbara,083,443738,110212,109576,7435,117011,747
2023-01-01,Santa Clara,085,1922200,464155,461535,21149,482684,2587
2023-01-01,Santa Cruz,087,273765,67093,66735,3726,70461,276
2023-01-01,Shasta,089,179085,36194,35950,8197,44147,602
2023-01-01,Sierra,091,2930,311,309,61,370,5
2023-01-01,Siskiyou,093,43540,5373,5355,3420,8775,95
2023-01-01,Solano,095,438530,111539,110589,8378,118967,475
2023-01-01,Sonoma,097,501317,111710,111095,5660,116755,536
2023-01-01,Stanislaus,099,539301,143105,142392,22518,164910,1795
2023-01-01,Sutter,101,95872,25345,25207,2527,27734,235
2023-01-01,Tehama,103,63373,14321,14187,3352,17539,219
2023-01-01,Trinity,105,12862,1453,1442,488,1930,23
2023-01-01,Tulare,107,460477,126225,125303,39119,164422,1546
2023-01-01,Tuolumne,109,53932,16529,16340,975,17315,211
2023-01-01,Ventura,111,848112,217756,216327,17552,233879,1605
2023-01-01,Yolo,113,214977,49342,48970,4734,53704,426
2023-01-01,Yuba,115,75493,19756,19654,1820,21474,132
2022-12-31,Alameda,001,1643700,370168,367954,21917,389871,2094
2022-12-31,Alpine,002,1148,139,138,4,142,0
2022-12-31,Amador,005,37829,10368,10313,956,11269,96
2022-12-31,Butte,007,227075,41142,41018,9986,51004,474
2022-12-31,Calaveras,009,45235,8871,8818,630,9448,135
2022-12-31,Colusa,011,21464,3911,3906,1325,5231,22
2022-12-31,Contra Costa,013,1133247,266522,264448,21927,286375,1502
2022-12-31,Del Norte,015,27424,7738,7645,435,8080,56
2022-12-31,El Dorado,017,186661,34051,33865,4482,38347,236
2022-12-31,Fresno,019,978130,289919,285444,33760,319204,2918
2022-12-31,Glenn,021,27897,5736,5719,1973,7692,58
2022-12-31,Humboldt,023,135768,23040,22835,5696,28531,163
2022-12-31,Imperial,025,180216,68955,68622,18419,87041,963
2022-12-31,Inyo,027,18085,4697,4670,1224,5894,62
2022-12-31,Kern,029,883053,226674,225659,70063,295722,2450
2022-12-31,Kings,031,150075,61894,61692,4371,66063,466
2022-12-31,Lake,033,64148,13424,13312,1262,14574,149
2022-12-31,Lassen,035,31185,10199,10172,1044,11216,66
2022-12-31,Los Angeles,037,10098052,3436258,3420383,208526,3628909,34360
2022-12-31,Madera,039,155013,45729,45448,8731,54179,377
2022-12-31,Marin,041,260295,48000,47686,5592,53278,317
2022-12-31,Mariposa,043,17540,3307,3211,357,3568,32
2022-12-31,Mendocino,045,87422,16655,16508,4749,21257,137
2022-12-31,Merced,047,269075,75312,74732,12536,87268,883
2022-12-31,Modoc,049,8938,940,931,364,1295,11
2022-12-31,Mono,051,14174,3288,3274,293,3567,8
2022-12-31,Monterey,053,433212,96787,96380,22426,118806,776
2022-12-31,Napa,055,140530,33701,33534,1503,35037,163
2022-12-31,Nevada,057,99092,19911,19774,2226,22000,132
2022-12-31,Orange,059,3164182,697958,694080,73985,768065,7656
2022-12-31,Placer,061,380077,79541,79154,10093,89247,672
2022-12-31,Plumas,063,18699,3799,3787,457,4244,13
2022-12-31,Riverside,065,2383286,724235,720437,40158,760595,6738
2022-12-31,Sacramento,067,1510023,364356,362664,36806,399470,3414
2022-12-31,San Benito,069,59416,17348,17211,1091,18302,108
2022-12-31,San Bernardino,071,2135413,700356,696472,34138,730610,8142
2022-12-31,San Diego,073,3302833,967647,962601,78804,1041405,5641
2022-12-31,San Francisco,075,870044,191307,190012,13020,203032,1104
2022-12-31,San Joaquin,077,732212,206555,205467,16463,221930,2363
2022-12-31,San Luis Obispo,079,281455,65411,64966,7846,72812,536
2022-12-31,San Mateo,081,765935,178988,177703,11135,188838,749
2022-12-31,Santa Barbara,083,443738,110179,109576,7428,117004,747
2022-12-31,Santa Clara,085,1922200,464010,461535,21125,482660,2587
2022-12-31,Santa Cruz,087,273765,67085,66735,3724,70459,276
2022-12-31,Shasta,089,179085,36192,35950,8196,44146,602
2022-12-31,Sierra,091,2930,311,309,61,370,5
2022-12-31,Siskiyou,093,43540,5372,5355,3420,8775,95
2022-12-31,Solano,095,438530,111512,110589,8375,118964,475
2022-12-31,Sonoma,097,501317,111671,111095,5657,116752,536
2022-12-31,Stanislaus,099,539301,143069,142392,22516,164908,1795
2022-12-31,Sutter,101,95872,25339,25207,2527,27734,235
2022-12-31,Tehama,103,63373,14316,14187,3352,17539,219
2022-12-31,Trinity,105,12862,1453,1442,488,1930,23
2022-12-31,Tulare,107,460477,126192,125303,39095,164398,1546
2022-12-31,Tuolumne,109,53932,16520,16340,975,17315,211
2022-12-31,Ventura,111,848112,217679,216327,17538,233865,1605
2022-12-31,Yolo,113,214977,49335,48970,4732,53702,426
2022-12-31,Yuba,115,75493,19755,19654,1820,21474,132
2022-12-30,Alameda,001,1643700,370005,367954,21906,389860,2094
2022-12-30,Alpine,002,1148,139,138,4,142,0
2022-12-30,Amador,005,37829,10368,10313,956,11269,96
2022-12-30,Butte,007,227075,41138,41018,9982,51000,474
2022-12-30,Calaveras,009,45235,8867,8818,630,9448,135
2022-12-30,Colusa,011,21464,3911,3906,1324,5230,22
2022-12-30,Contra Costa,013,1133247,266413,264448,21916,286364,1502
2022-12-30,Del Norte,015,27424,7732,7645,435,8080,56
2022-12-30,El Dorado,017,186661,34043,33865,4480,38345,236
2022-12-30,Fresno,019,978130,289820,285444,33749,319193,2918
2022-12-30,Glenn,021,27897,5736,5719,1972,7691,58
2022-12-30,Humboldt,023,135768,23035,22835,5694,28529,163
2022-12-30,Imperial,025,180216,68942,68622,18417,87039,963
2022-12-30,Inyo,027,18085,4694,4670,1222,5892,62
2022-12-30,Kern,029,883053,226605,225659,69984,295643,2450
2022-12-30,Kings,031,150075,61886,61692,4371,66063,466
2022-12-30,Lake,033,64148,13419,13312,1262,14574,149
2022-12-30,Lassen,035,31185,10198,10172,1043,11215,66
2022-12-30,Los Angeles,037,10098052,3435140,3420383,208293,3628676,34360
2022-12-30,Madera,039,155013,45722,45448,8730,54178,377
2022-12-30,Marin,041,260295,47977,47686,5587,53273,317
2022-12-30,Mariposa,043,17540,3305,3211,357,3568,32
2022-12-30,Mendocino,045,87422,16649,16508,4747,21255,137
2022-12-30,Merced,047,269075,75297,74732,12534,87266,883
2022-12-30,Modoc,049,8938,940,931,364,1295,11
2022-12-30,Mono,051,14174,3288,3274,293,3567,8
2022-12-30,Monterey,053,433212,96765,96380,22412,118792,776
2022-12-30,Napa,055,140530,33691,33534,1503,35037,163
2022-12-30,Nevada,057,99092,19905,19774,2225,21999,132
2022-12-30,Orange,059,3164182,697658,694080,73883,767963,7656
2022-12-30,Placer,061,380077,79514,79154,10082,89236,672
2022-12-30,Plumas,063,18699,3799,3787,457,4244,13
2022-12-30,Riverside,065,2383286,723957,720437,40106,760543,6738
2022-12-30,Sacramento,067,1510023,364243,362664,36794,399458,3414
2022-12-30,San Benito,069,59416,17344,17211,1091,18302,108
2022-12-30,San Bernardino,071,2135413,700103,696472,34112,730584,8142
2022-12-30,San Diego,073,3302833,967249,962601,78743,1041344,5641
2022-12-30,San Francisco,075,870044,191242,190012,13012,203024,1104
2022-12-30,San Joaquin,077,732212,206486,205467,16457,221924,2363
2022-12-30,San Luis Obispo,079,281455,65400,64966,7841,72807,536
2022-12-30,San Mateo,081,765935,178946,177703,11128,188831,749
2022-12-30,Santa Barbara,083,443738,110147,109576,7424,117000,747
2022-12-30,Santa Clara,085,1922200,463832,461535,21101,482636,2587
2022-12-30,Santa Cruz,087,273765,67066,66735,3723,70458,276
2022-12-30,Shasta,089,179085,36186,35950,8196,44146,602
2022-12-30,Sierra,091,2930,311,309,61,370,5
2022-12-30,Siskiyou,093,43540,5371,5355,3419,8774,95
2022-12-30,Solano,095,438530,111468,110589,8369,118958,475
2022-12-30,Sonoma,097,501317,111623,111095,5654,116749,536
2022-12-30,Stanislaus,099,539301,143029,142392,22512,164904,1795
2022-12-30,Sutter,101,95872,25329,25207,2527,27734,235
2022-12-30,Tehama,103,63373,14311,14187,3352,17539,219
2022-12-30,Trinity,105,12862,1453,1442,488,1930,23
2022-12-30,Tulare,107,460477,126167,125303,39066,164369,1546
2022-12-30,Tuolumne,109,53932,16510,16340,975,17315,211
2022-12-30,Ventura,111,848112,217618,216327,17517,233844,1605
2022-12-30,Yolo,113,214977,49317,48970,4730,53700,426
2022-12-30,Yuba,115,75493,19740,19654,1820,21474,132
2022-12-29,Alameda,001,1643700,369733,367954,21869,389823,2094
2022-12-29,Alpine,002,1148,139,138,3,141,0
2022-12-29,Amador,005,37829,10362,10313,956,11269,96
2022-12-29,Butte,007,227075,41125,41018,9969,50987,474
2022-12-29,Calaveras,009,45235,8863,8818,629,9447,135
2022-12-29,Colusa,011,21464,3911,3906,1324,5230,22
2022-12-29,Contra Costa,013,1133247,266248,264448,21907,286355,1502
2022-12-29,Del Norte,015,27424,7727,7645,435,8080,56
2022-12-29,El Dorado,017,186661,34027,33865,4476,38341,236
2022-12-29,Fresno,019,978130,289679,285444,33721,319165,2918
2022-12-29,Glenn,021,27897,5733,5719,1971,7690,58
2022-12-29,Humboldt,023,135768,23030,22835,5684,28519,163
2022-12-29,Imperial,025,180216,68920,68622,18401,87023,963
2022-12-29,Inyo,027,18085,4691,4670,1220,5890,62
2022-12-29,Kern,029,883053,226450,225659,69866,295525,2450
2022-12-29,Kings,031,150075,61860,61692,4371,66063,466
2022-12-29,Lake,033,64148,13413,13312,1262,14574,149
2022-12-29,Lassen,035,31185,10195,10172,1042,11214,66
2022-12-29,Los Angeles,037,10098052,3433180,3420383,207912,3628295,34360
2022-12-29,Madera,039,155013,45700,45448,8714,54162,377
2022-12-29,Marin,041,260295,47945,47686,5580,53266,317
2022-12-29,Mariposa,043,17540,3304,3211,357,3568,32
2022-12-29,Mendocino,045,87422,16641,16508,4747,21255,137
2022-12-29,Merced,047,269075,75274,74732,12529,87261,883
2022-12-29,Modoc,049,8938,940,931,364,1295,11
2022-12-29,Mono,051,14174,3287,3274,292,3566,8
2022-12-29,Monterey,053,433212,96729,96380,22397,118777,776
2022-12-29,Napa,055,140530,33670,33534,1502,35036,163
2022-12-29,Nevada,057,99092,19898,19774,2223,21997,132
2022-12-29,Orange,059,3164182,697190,694080,73711,767791,7656
2022-12-29,Placer,061,380077,79469,79154,10077,89231,672
2022-12-29,Plumas,063,18699,3799,3787,457,4244,13
2022-12-29,Riverside,065,2383286,723536,720437,40020,760457,6738
2022-12-29,Sacramento,067,1510023,363977,362664,36770,399434,3414
2022-12-29,San Benito,069,59416,17337,17211,1088,18299,108
2022-12-29,San Bernardino,071,2135413,699703,696472,34068,730540,8142
2022-12-29,San Diego,073,3302833,966536,962601,78627,1041228,5641
2022-12-29,San Francisco,075,870044,191093,190012,12998,203010,1104
2022-12-29,San Joaquin,077,732212,206368,205467,16441,221908,2363
2022-12-29,San Luis Obispo,079,281455,65366,64966,7821,72787,536
2022-12-29,San Mateo,081,765935,178858,177703,11121,188824,749
2022-12-29,Santa Barbara,083,443738,110074,109576,7416,116992,747
2022-12-29,Santa Clara,085,1922200,463410,461535,21082,482617,2587
2022-12-29,Santa Cruz,087,273765,67046,66735,3715,70450,276
2022-12-29,Shasta,089,179085,36168,35950,8189,44139,602
2022-12-29,Sierra,091,2930,311,309,61,370,5
2022-12-29,Siskiyou,093,43540,5370,5355,3415,8770,95
2022-12-29,Solano,095,438530,111369,110589,8358,118947,475
2022-12-29,Sonoma,097,501317,111563,111095,5645,116740,536
2022-12-29,Stanislaus,099,539301,142959,142392,22492,164884,1795
2022-12-29,Sutter,101,95872,25316,25207,2524,27731,235
2022-12-29,Tehama,103,63373,14306,14187,3350,17537,219
2022-12-29,Trinity,105,12862,1453,1442,488,1930,23
2022-12-29,Tulare,107,460477,126089,125303,39031,164334,1546
2022-12-29,Tuolumne,109,53932,16497,16340,975,17315,211
2022-12-29,Ventura,111,848112,217493,216327,17478,233805,1605
2022-12-29,Yolo,113,214977,49293,48970,4725,53695,426
2022-12-29,Yuba,115,75493,19726,19654,1818,21472,132
2022-12-28,Alameda,001,1643700,369397,367954,21844,389798,2094
2022-12-28,Alpine,002,1148,139,138,3,141,0
2022-12-28,Amador,005,37829,10353,10313,956,11269,96
2022-12-28,Butte,007,227075,41114,41018,9963,50981,474
2022-12-28,Calaveras,009,45235,8856,8818,629,9447,135
2022-12-28,Colusa,011,21464,3909,3906,1323,5229,22
2022-12-28,Contra Costa,013,1133247,266027,264448,21881,286329,1502
2022-12-28,Del Norte,015,27424,7724,7645,435,8080,56
2022-12-28,El Dorado,017,186661,34005,33865,4475,38340,236
2022-12-28,Fresno,019,978130,289520,285444,33700,319144,2918
2022-12-28,Glenn,021,27897,5731,5719,1969,7688,58
2022-12-28,Humboldt,023,135768,23027,22835,5672,28507,163
2022-12-28,Imperial,025,180216,68882,68622,18366,86988,963
2022-12-28,Inyo,027,18085,4690,4670,1219,5889,62
2022-12-28,Kern,029,883053,226280,225659,69727,295386,2450
2022-12-28,Kings,031,150075,61814,61692,4368,66060,466
2022-12-28,Lake,033,64148,13406,13312,1261,14573,149
2022-12-28,Lassen,035,31185,10195,10172,1042,11214,66
2022-12-28,Los Angeles,037,10098052,3431005,3420383,207461,3627844,34360
2022-12-28,Madera,039,155013,45661,45448,8712,54160,377
2022-12-28,Marin,041,260295,47917,47686,5576,53262,317
2022-12-28,Mariposa,043,17540,3302,3211,357,3568,32
2022-12-28,Mendocino,045,87422,16633,16508,4740,21248,137
2022-12-28,Merced,047,269075,75245,74732,12522,87254,883
2022-12-28,Modoc,049,8938,938,931,363,1294,11
2022-12-28,Mono,051,14174,3285,3274,292,3566,8
2022-12-28,Monterey,053,433212,96707,96380,22378,118758,776
2022-12-28,Napa,055,140530,33639,33534,1501,35035,163
2022-12-28,Nevada,057,99092,19889,19774,2222,21996,132
2022-12-28,Orange,059,3164182,696657,694080,73517,767597,7656
2022-12-28,Placer,061,380077,79414,79154,10063,89217,672
2022-12-28,Plumas,063,18699,3794,3787,457,4244,13
2022-12-28,Riverside,065,2383286,723024,720437,39938,760375,6738
2022-12-28,Sacramento,067,1510023,363740,362664,36740,399404,3414
2022-12-28,San Benito,069,59416,17321,17211,1084,18295,108
2022-12-28,San Bernardino,071,2135413,699205,696472,34003,730475,8142
2022-12-28,San Diego,073,3302833,965711,962601,78503,1041104,5641
2022-12-28,San Francisco,075,870044,190956,190012,12991,203003,1104
2022-12-28,San Joaquin,077,732212,206219,205467,16420,221887,2363
2022-12-28,San Luis Obispo,079,281455,65323,64966,7812,72778,536
2022-12-28,San Mateo,081,765935,178734,177703,11106,188809,749
2022-12-28,Santa Barbara,083,443738,110007,109576,7399,116975,747
2022-12-28,Santa Clara,085,1922200,463030,461535,21065,482600,2587
2022-12-28,Santa Cruz,087,273765,67015,66735,3711,70446,276
2022-12-28,Shasta,089,179085,36149,35950,8180,44130,602
2022-12-28,Sierra,091,2930,311,309,61,370,5
2022-12-28,Siskiyou,093,43540,5368,5355,3414,8769,95
2022-12-28,Solano,095,438530,111239,110589,8353,118942,475
2022-12-28,Sonoma,097,501317,111494,111095,5637,116732,536
2022-12-28,Stanislaus,099,539301,142883,142392,22486,164878,1795
2022-12-28,Sutter,101,95872,25294,25207,2524,27731,235
2022-12-28,Tehama,103,63373,14295,14187,3349,17536,219
2022-12-28,Trinity,105,12862,1453,1442,488,1930,23
2022-12-28,Tulare,107,460477,126005,125303,38979,164282,1546
2022-12-28,Tuolumne,109,53932,16489,16340,975,17315,211
2022-12-28,Ventura,111,848112,217342,216327,17437,233764,1605
2022-12-28,Yolo,113,214977,49271,48970,4722,53692,426
2022-12-28,Yuba,115,75493,19713,19654,1814,21468,132
2022-12-27,Alameda,001,1643700,369059,367954,21815,389769,2094
2022-12-27,Alpine,002,1148,139,138,3,141,0
2022-12-27,Amador,005,37829,10343,10313,956,11269,96
2022-12-27,Butte,007,227075,41094,41018,9954,50972,474
2022-12-27,Calaveras,009,45235,8849,8818,629,9447,135
2022-12-27,Colusa,011,21464,3908,3906,1323,5229,22
2022-12-27,Contra Costa,013,1133247,265762,264448,21864,286312,1502
2022-12-27,Del Norte,015,27424,7715,7645,432,8077,56
2022-12-27,El Dorado,017,186661,33972,33865,4472,38337,236
2022-12-27,Fresno,019,978130,289291,285444,33662,319106,2918
2022-12-27,Glenn,021,27897,5729,5719,1968,7687,58
2022-12-27,Humboldt,023,135768,23019,22835,5652,28487,163
2022-12-27,Imperial,025,180216,68832,68622,18350,86972,963
2022-12-27,Inyo,027,18085,4688,4670,1208,5878,62
2022-12-27,Kern,029,883053,226094,225659,69586,295245,2450
2022-12-27,Kings,031,150075,61776,61692,4368,66060,466
2022-12-27,Lake,033,64148,13395,13312,1261,14573,149
2022-12-27,Lassen,035,31185,10190,10172,1039,11211,66
2022-12-27,Los Angeles,037,10098052,3428463,3420383,206943,3627326,34360
2022-12-27,Madera,039,155013,45641,45448,8703,54151,377
2022-12-27,Marin,041,260295,47871,47686,5572,53258,317
2022-12-27,Mariposa,043,17540,3299,3211,357,3568,32
2022-12-27,Mendocino,045,87422,16620,16508,4735,21243,137
2022-12-27,Merced,047,269075,75204,74732,12509,87241,883
2022-12-27,Modoc,049,8938,934,931,363,1294,11
2022-12-27,Mono,051,14174,3283,3274,291,3565,8
2022-12-27,Monterey,053,433212,96664,96380,22359,118739,776
2022-12-27,Napa,055,140530,33616,33534,1500,35034,163
2022-12-27,Nevada,057,99092,19881,19774,2218,21992,132
2022-12-27,Orange,059,3164182,696051,694080,73320,767400,7656
2022-12-27,Placer,061,380077,79353,79154,10053,89207,672
2022-12-27,Plumas,063,18699,3792,3787,457,4244,13
2022-12-27,Riverside,065,2383286,722459,720437,39858,760295,6738
2022-12-27,Sacramento,067,1510023,363437,362664,36703,399367,3414
2022-12-27,San Benito,069,59416,17314,17211,1084,18295,108
2022-12-27,San Bernardino,071,2135413,698665,696472,33915,730387,8142
2022-12-27,San Diego,073,3302833,964781,962601,78355,1040956,5641
2022-12-27,San Francisco,075,870044,190818,190012,12982,202994,1104
2022-12-27,San Joaquin,077,732212,206091,205467,16389,221856,2363
2022-12-27,San Luis Obispo,079,281455,65283,64966,7789,72755,536
2022-12-27,San Mateo,081,765935,178585,177703,11091,188794,749
2022-12-27,Santa Barbara,083,443738,109936,109576,7382,116958,747
2022-12-27,Santa Clara,085,1922200,462578,461535,21042,482577,2587
2022-12-27,Santa Cruz,087,273765,66977,66735,3704,70439,276
2022-12-27,Shasta,089,179085,36129,35950,8168,44118,602
2022-12-27,Sierra,091,2930,310,309,61,370,5
2022-12-27,Siskiyou,093,43540,5365,5355,3413,8768,95
2022-12-27,Solano,095,438530,111105,110589,8347,118936,475
2022-12-27,Sonoma,097,501317,111423,111095,5618,116713,536
2022-12-27,Stanislaus,099,539301,142780,142392,22468,164860,1795
2022-12-27,Sutter,101,95872,25276,25207,2521,27728,235
2022-12-27,Tehama,103,63373,14279,14187,3348,17535,219
2022-12-27,Trinity,105,12862,1452,1442,488,1930,23
2022-12-27,Tulare,107,460477,125916,125303,38934,164237,1546
2022-12-27,Tuolumne,109,53932,16477,16340,975,17315,211
2022-12-27,Ventura,111,848112,217184,216327,17398,233725,1605
2022-12-27,Yolo,113,214977,49246,48970,4719,53689,426
2022-12-27,Yuba,115,75493,19702,19654,1813,21467,132
2022-12-26,Alameda,001,1643700,368700,366018,21782,387800,2088
2022-12-26,Alpine,002,1148,139,138,3,141,0
2022-12-26,Amador,005,37829,10338,10269,956,11225,96
2022-12-26,Butte,007,227075,41067,40923,9928,50851,473
2022-12-26,Calaveras,009,45235,8842,8794,628,9422,135
2022-12-26,Colusa,011,21464,3908,3891,1323,5214,22
2022-12-26,Contra Costa,013,1133247,265467,262951,21842,284793,1492
2022-12-26,Del Norte,015,27424,7710,7612,432,8044,56
2022-12-26,El Dorado,017,186661,33942,33729,4468,38197,236
2022-12-26,Fresno,019,978130,289056,284361,33618,317979,2907
2022-12-26,Glenn,021,27897,5728,5702,1967,7669,58
2022-12-26,Humboldt,023,135768,23007,22760,5631,28391,161
2022-12-26,Imperial,025,180216,68776,68403,18290,86693,963
2022-12-26,Inyo,027,18085,4685,4655,1205,5860,60
2022-12-26,Kern,029,883053,225912,224945,69442,294387,2446
2022-12-26,Kings,031,150075,61741,61461,4365,65826,467
2022-12-26,Lake,033,64148,13391,13254,1257,14511,149
2022-12-26,Lassen,035,31185,10187,10151,1037,11188,66
2022-12-26,Los Angeles,037,10098052,3425664,3399852,206331,3606183,34170
2022-12-26,Madera,039,155013,45598,45290,8696,53986,377
2022-12-26,Marin,041,260295,47821,47457,5565,53022,315
2022-12-26,Mariposa,043,17540,3295,3201,356,3557,32
2022-12-26,Mendocino,045,87422,16606,16435,4719,21154,137
2022-12-26,Merced,047,269075,75171,74498,12498,86996,880
2022-12-26,Modoc,049,8938,931,927,363,1290,11
2022-12-26,Mono,051,14174,3279,3264,291,3555,8
2022-12-26,Monterey,053,433212,96625,96192,22344,118536,776
2022-12-26,Napa,055,140530,33592,33370,1500,34870,163
2022-12-26,Nevada,057,99092,19867,19696,2209,21905,132
2022-12-26,Orange,059,3164182,695376,690845,73101,763946,7628
2022-12-26,Placer,061,380077,79299,78813,10046,88859,669
2022-12-26,Plumas,063,18699,3790,3778,457,4235,13
2022-12-26,Riverside,065,2383286,721775,717576,39747,757323,6738
2022-12-26,Sacramento,067,1510023,363097,361095,36666,397761,3407
2022-12-26,San Benito,069,59416,17297,17109,1080,18189,108
2022-12-26,San Bernardino,071,2135413,698027,693567,33827,727394,8136
2022-12-26,San Diego,073,3302833,963708,957866,78170,1036036,5626
2022-12-26,San Francisco,075,870044,190608,188947,12975,201922,1095
2022-12-26,San Joaquin,077,732212,205933,204712,16360,221072,2353
2022-12-26,San Luis Obispo,079,281455,65233,64748,7761,72509,536
2022-12-26,San Mateo,081,765935,178403,176920,11077,187997,748
2022-12-26,Santa Barbara,083,443738,109852,109074,7373,116447,744
2022-12-26,Santa Clara,085,1922200,462049,459089,21017,480106,2579
2022-12-26,Santa Cruz,087,273765,66936,66560,3699,70259,277
2022-12-26,Shasta,089,179085,36106,35856,8158,44014,601
2022-12-26,Sierra,091,2930,310,308,61,369,5
2022-12-26,Siskiyou,093,43540,5360,5334,3411,8745,95
2022-12-26,Solano,095,438530,110972,109900,8339,118239,474
2022-12-26,Sonoma,097,501317,111328,110643,5607,116250,536
2022-12-26,Stanislaus,099,539301,142687,141956,22450,164406,1795
2022-12-26,Sutter,101,95872,25257,25088,2515,27603,235
2022-12-26,Tehama,103,63373,14273,14127,3341,17468,218
2022-12-26,Trinity,105,12862,1451,1438,488,1926,23
2022-12-26,Tulare,107,460477,125810,124848,38876,163724,1546
2022-12-26,Tuolumne,109,53932,16467,16261,973,17234,209
2022-12-26,Ventura,111,848112,216958,215497,17354,232851,1604
2022-12-26,Yolo,113,214977,49221,48842,4714,53556,422
2022-12-26,Yuba,115,75493,19686,19553,1809,21362,132
2022-12-25,Alameda,001,1643700,368414,366018,21756,387774,2088
2022-12-25,Alpine,002,1148,139,138,3,141,0
2022-12-25,Amador,005,37829,10332,10269,956,11225,96
2022-12-25,Butte,007,227075,41052,40923,9914,50837,473
2022-12-25,Calaveras,009,45235,8838,8794,627,9421,135
2022-12-25,Colusa,011,21464,3907,3891,1322,5213,22
2022-12-25,Contra Costa,013,1133247,265234,262951,21837,284788,1492
2022-12-25,Del Norte,015,27424,7705,7612,432,8044,56
2022-12-25,El Dorado,017,186661,33927,33729,4465,38194,236
2022-12-25,Fresno,019,978130,288917,284361,33598,317959,2907
2022-12-25,Glenn,021,27897,5728,5702,1965,7667,58
2022-12-25,Humboldt,023,135768,22997,22760,5622,28382,161
2022-12-25,Imperial,025,180216,68741,68403,18274,86677,963
2022-12-25,Inyo,027,18085,4683,4655,1203,5858,60
2022-12-25,Kern,029,883053,225818,224945,69285,294230,2446
2022-12-25,Kings,031,150075,61700,61461,4364,65825,467
2022-12-25,Lake,033,64148,13388,13254,1257,14511,149
2022-12-25,Lassen,035,31185,10185,10151,1035,11186,66
2022-12-25,Los Angeles,037,10098052,3423372,3399852,205864,3605716,34170
2022-12-25,Madera,039,155013,45581,45290,8695,53985,377
2022-12-25,Marin,041,260295,47789,47457,5562,53019,315
2022-12-25,Mariposa,043,17540,3295,3201,356,3557,32
2022-12-25,Mendocino,045,87422,16592,16435,4717,21152,137
2022-12-25,Merced,047,269075,75130,74498,12490,86988,880
2022-12-25,Modoc,049,8938,930,927,363,1290,11
2022-12-25,Mono,051,14174,3274,3264,291,3555,8
2022-12-25,Monterey,053,433212,96597,96192,22336,118528,776
2022-12-25,Napa,055,140530,33574,33370,1497,34867,163
2022-12-25,Nevada,057,99092,19858,19696,2205,21901,132
2022-12-25,Orange,059,3164182,694836,690845,72871,763716,7628
2022-12-25,Placer,061,380077,79263,78813,10040,88853,669
2022-12-25,Plumas,063,18699,3790,3778,457,4235,13
2022-12-25,Riverside,065,2383286,721281,717576,39649,757225,6738
2022-12-25,Sacramento,067,1510023,362911,361095,36640,397735,3407
2022-12-25,San Benito,069,59416,17287,17109,1080,18189,108
2022-12-25,San Bernardino,071,2135413,697556,693567,33759,727326,8136
2022-12-25,San Diego,073,3302833,963062,957866,78072,1035938,5626
2022-12-25,San Francisco,075,870044,190440,188947,12969,201916,1095
2022-12-25,San Joaquin,077,732212,205822,204712,16350,221062,2353
2022-12-25,San Luis Obispo,079,281455,65207,64748,7750,72498,536
2022-12-25,San Mateo,081,765935,178282,176920,11069,187989,748
2022-12-25,Santa Barbara,083,443738,109791,109074,7371,116445,744
2022-12-25,Santa Clara,085,1922200,461694,459089,20977,480066,2579
2022-12-25,Santa Cruz,087,273765,66875,66560,3698,70258,277
2022-12-25,Shasta,089,179085,36094,35856,8154,44010,601
2022-12-25,Sierra,091,2930,310,308,61,369,5
2022-12-25,Siskiyou,093,43540,5359,5334,3411,8745,95
2022-12-25,Solano,095,438530,110879,109900,8332,118232,474
2022-12-25,Sonoma,097,501317,111265,110643,5605,116248,536
2022-12-25,Stanislaus,099,539301,142619,141956,22442,164398,1795
2022-12-25,Sutter,101,95872,25243,25088,2513,27601,235
2022-12-25,Tehama,103,63373,14266,14127,3340,17467,218
2022-12-25,Trinity,105,12862,1451,1438,488,1926,23
2022-12-25,Tulare,107,460477,125727,124848,38830,163678,1546
2022-12-25,Tuolumne,109,53932,16445,16261,973,17234,209
2022-12-25,Ventura,111,848112,216818,215497,17321,232818,1604
2022-12-25,Yolo,113,214977,49201,48842,4712,53554,422
2022-12-25,Yuba,115,75493,19669,19553,1809,21362,132
2022-12-24,Alameda,001,1643700,368273,366018,21744,387762,2088
2022-12-24,Alpine,002,1148,139,138,3,141,0
2022-12-24,Amador,005,37829,10330,10269,956,11225,96
2022-12-24,Butte,007,227075,41044,40923,9906,50829,473
2022-12-24,Calaveras,009,45235,8837,8794,626,9420,135
2022-12-24,Colusa,011,21464,3907,3891,1322,5213,22
2022-12-24,Contra Costa,013,1133247,265147,262951,21834,284785,1492
2022-12-24,Del Norte,015,27424,7702,7612,432,8044,56
2022-12-24,El Dorado,017,186661,33914,33729,4463,38192,236
2022-12-24,Fresno,019,978130,288838,284361,33596,317957,2907
2022-12-24,Glenn,021,27897,5728,5702,1965,7667,58
2022-12-24,Humboldt,023,135768,22989,22760,5614,28374,161
2022-12-24,Imperial,025,180216,68727,68403,18268,86671,963
2022-12-24,Inyo,027,18085,4682,4655,1203,5858,60
2022-12-24,Kern,029,883053,225774,224945,69270,294215,2446
2022-12-24,Kings,031,150075,61694,61461,4363,65824,467
2022-12-24,Lake,033,64148,13378,13254,1256,14510,149
2022-12-24,Lassen,035,31185,10183,10151,1035,11186,66
2022-12-24,Los Angeles,037,10098052,3422611,3399852,205679,3605531,34170
2022-12-24,Madera,039,155013,45561,45290,8695,53985,377
2022-12-24,Marin,041,260295,47772,47457,5559,53016,315
2022-12-24,Mariposa,043,17540,3293,3201,356,3557,32
2022-12-24,Mendocino,045,87422,16588,16435,4717,21152,137
2022-12-24,Merced,047,269075,75119,74498,12486,86984,880
2022-12-24,Modoc,049,8938,930,927,363,1290,11
2022-12-24,Mono,051,14174,3272,3264,291,3555,8
2022-12-24,Monterey,053,433212,96571,96192,22326,118518,776
2022-12-24,Napa,055,140530,33559,33370,1497,34867,163
2022-12-24,Nevada,057,99092,19851,19696,2204,21900,132
2022-12-24,Orange,059,3164182,694664,690845,72851,763696,7628
2022-12-24,Placer,061,380077,79234,78813,10039,88852,669
2022-12-24,Plumas,063,18699,3789,3778,455,4233,13
2022-12-24,Riverside,065,2383286,721104,717576,39610,757186,6738
2022-12-24,Sacramento,067,1510023,362838,361095,36632,397727,3407
2022-12-24,San Benito,069,59416,17283,17109,1080,18189,108
2022-12-24,San Bernardino,071,2135413,697379,693567,33732,727299,8136
2022-12-24,San Diego,073,3302833,962837,957866,78021,1035887,5626
2022-12-24,San Francisco,075,870044,190376,188947,12966,201913,1095
2022-12-24,San Joaquin,077,732212,205765,204712,16345,221057,2353
2022-12-24,San Luis Obispo,079,281455,65194,64748,7743,72491,536
2022-12-24,San Mateo,081,765935,178217,176920,11067,187987,748
2022-12-24,Santa Barbara,083,443738,109753,109074,7366,116440,744
2022-12-24,Santa Clara,085,1922200,461533,459089,20964,480053,2579
2022-12-24,Santa Cruz,087,273765,66857,66560,3698,70258,277
2022-12-24,Shasta,089,179085,36088,35856,8151,44007,601
2022-12-24,Sierra,091,2930,310,308,61,369,5
2022-12-24,Siskiyou,093,43540,5356,5334,3411,8745,95
2022-12-24,Solano,095,438530,110852,109900,8329,118229,474
2022-12-24,Sonoma,097,501317,111232,110643,5603,116246,536
2022-12-24,Stanislaus,099,539301,142570,141956,22437,164393,1795
2022-12-24,Sutter,101,95872,25234,25088,2513,27601,235
2022-12-24,Tehama,103,63373,14257,14127,3339,17466,218
2022-12-24,Trinity,105,12862,1451,1438,488,1926,23
2022-12-24,Tulare,107,460477,125686,124848,38807,163655,1546
2022-12-24,Tuolumne,109,53932,16437,16261,972,17233,209
2022-12-24,Ventura,111,848112,216748,215497,17306,232803,1604
2022-12-24,Yolo,113,214977,49189,48842,4710,53552,422
2022-12-24,Yuba,115,75493,19661,19553,1809,21362,132
2022-12-23,Alameda,001,1643700,368108,366018,21714,387732,2088
2022-12-23,Alpine,002,1148,139,138,3,141,0
2022-12-23,Amador,005,37829,10325,10269,956,11225,96
2022-12-23,Butte,007,227075,41036,40923,9890,50813,473
2022-12-23,Calaveras,009,45235,8836,8794,625,9419,135
2022-12-23,Colusa,011,21464,3905,3891,1320,5211,22
2022-12-23,Contra Costa,013,1133247,265021,262951,21824,284775,1492
2022-12-23,Del Norte,015,27424,7697,7612,432,8044,56
2022-12-23,El Dorado,017,186661,33894,33729,4463,38192,236
2022-12-23,Fresno,019,978130,288733,284361,33577,317938,2907
2022-12-23,Glenn,021,27897,5725,5702,1964,7666,58
2022-12-23,Humboldt,023,135768,22984,22760,5611,28371,161
2022-12-23,Imperial,025,180216,68700,68403,18263,86666,963
2022-12-23,Inyo,027,18085,4679,4655,1201,5856,60
2022-12-23,Kern,029,883053,225726,224945,69205,294150,2446
2022-12-23,Kings,031,150075,61677,61461,4362,65823,467
2022-12-23,Lake,033,64148,13371,13254,1256,14510,149
2022-12-23,Lassen,035,31185,10181,10151,1035,11186,66
2022-12-23,Los Angeles,037,10098052,3421430,3399852,205360,3605212,34170
2022-12-23,Madera,039,155013,45544,45290,8694,53984,377
2022-12-23,Marin,041,260295,47749,47457,5558,53015,315
2022-12-23,Mariposa,043,17540,3293,3201,356,3557,32
2022-12-23,Mendocino,045,87422,16583,16435,4715,21150,137
2022-12-23,Merced,047,269075,75107,74498,12483,86981,880
2022-12-23,Modoc,049,8938,930,927,363,1290,11
2022-12-23,Mono,051,14174,3272,3264,290,3554,8
2022-12-23,Monterey,053,433212,96545,96192,22313,118505,776
2022-12-23,Napa,055,140530,33540,33370,1496,34866,163
2022-12-23,Nevada,057,99092,19847,19696,2198,21894,132
2022-12-23,Orange,059,3164182,694408,690845,72696,763541,7628
2022-12-23,Placer,061,380077,79209,78813,10033,88846,669
2022-12-23,Plumas,063,18699,3788,3778,455,4233,13
2022-12-23,Riverside,065,2383286,720835,717576,39553,757129,6738
2022-12-23,Sacramento,067,1510023,362726,361095,36624,397719,3407
2022-12-23,San Benito,069,59416,17271,17109,1078,18187,108
2022-12-23,San Bernardino,071,2135413,697123,693567,33689,727256,8136
2022-12-23,San Diego,073,3302833,962404,957866,77965,1035831,5626
2022-12-23,San Francisco,075,870044,190276,188947,12954,201901,1095
2022-12-23,San Joaquin,077,732212,205707,204712,16343,221055,2353
2022-12-23,San Luis Obispo,079,281455,65176,64748,7739,72487,536
2022-12-23,San Mateo,081,765935,178157,176920,11054,187974,748
2022-12-23,Santa Barbara,083,443738,109714,109074,7361,116435,744
2022-12-23,Santa Clara,085,1922200,461357,459089,20943,480032,2579
2022-12-23,Santa Cruz,087,273765,66838,66560,3694,70254,277
2022-12-23,Shasta,089,179085,36081,35856,8149,44005,601
2022-12-23,Sierra,091,2930,310,308,61,369,5
2022-12-23,Siskiyou,093,43540,5355,5334,3411,8745,95
2022-12-23,Solano,095,438530,110795,109900,8323,118223,474
2022-12-23,Sonoma,097,501317,111187,110643,5602,116245,536
2022-12-23,Stanislaus,099,539301,142530,141956,22436,164392,1795
2022-12-23,Sutter,101,95872,25221,25088,2513,27601,235
2022-12-23,Tehama,103,63373,14254,14127,3339,17466,218
2022-12-23,Trinity,105,12862,1450,1438,488,1926,23
2022-12-23,Tulare,107,460477,125651,124848,38781,163629,1546
2022-12-23,Tuolumne,109,53932,16430,16261,970,17231,209
2022-12-23,Ventura,111,848112,216653,215497,17284,232781,1604
2022-12-23,Yolo,113,214977,49178,48842,4709,53551,422
2022-12-23,Yuba,115,75493,19653,19553,1808,21361,132
2022-12-22,Alameda,001,1643700,367780,366018,21682,387700,2088
2022-12-22,Alpine,002,1148,139,138,3,141,0
2022-12-22,Amador,005,37829,10319,10269,956,11225,96
2022-12-22,Butte,007,227075,41026,40923,9877,50800,473
2022-12-22,Calaveras,009,45235,8836,8794,625,9419,135
2022-12-22,Colusa,011,21464,3900,3891,1320,5211,22
2022-12-22,Contra Costa,013,1133247,264772,262951,21816,284767,1492
2022-12-22,Del Norte,015,27424,7690,7612,431,8043,56
2022-12-22,El Dorado,017,186661,33872,33729,4463,38192,236
2022-12-22,Fresno,019,978130,288570,284361,33543,317904,2907
2022-12-22,Glenn,021,27897,5723,5702,1964,7666,58
2022-12-22,Humboldt,023,135768,22973,22760,5604,28364,161
2022-12-22,Imperial,025,180216,68665,68403,18251,86654,963
2022-12-22,Inyo,027,18085,4679,4655,1200,5855,60
2022-12-22,Kern,029,883053,225633,224945,69108,294053,2446
2022-12-22,Kings,031,150075,61663,61461,4362,65823,467
2022-12-22,Lake,033,64148,13365,13254,1256,14510,149
2022-12-22,Lassen,035,31185,10178,10151,1034,11185,66
2022-12-22,Los Angeles,037,10098052,3419416,3399852,204911,3604763,34170
2022-12-22,Madera,039,155013,45511,45290,8686,53976,377
2022-12-22,Marin,041,260295,47719,47457,5556,53013,315
2022-12-22,Mariposa,043,17540,3291,3201,356,3557,32
2022-12-22,Mendocino,045,87422,16573,16435,4714,21149,137
2022-12-22,Merced,047,269075,75073,74498,12479,86977,880
2022-12-22,Modoc,049,8938,928,927,363,1290,11
2022-12-22,Mono,051,14174,3272,3264,290,3554,8
2022-12-22,Monterey,053,433212,96523,96192,22297,118489,776
2022-12-22,Napa,055,140530,33522,33370,1496,34866,163
2022-12-22,Nevada,057,99092,19836,19696,2194,21890,132
2022-12-22,Orange,059,3164182,693944,690845,72508,763353,7628
2022-12-22,Placer,061,380077,79164,78813,10028,88841,669
2022-12-22,Plumas,063,18699,3786,3778,455,4233,13
2022-12-22,Riverside,065,2383286,720427,717576,39477,757053,6738
2022-12-22,Sacramento,067,1510023,362485,361095,36605,397700,3407
2022-12-22,San Benito,069,59416,17254,17109,1072,18181,108
2022-12-22,San Bernardino,071,2135413,696710,693567,33618,727185,8136
2022-12-22,San Diego,073,3302833,961682,957866,77811,1035677,5626
2022-12-22,San Francisco,075,870044,190141,188947,12930,201877,1095
2022-12-22,San Joaquin,077,732212,205598,204712,16333,221045,2353
2022-12-22,San Luis Obispo,079,281455,65134,64748,7716,72464,536
2022-12-22,San Mateo,081,765935,178043,176920,11046,187966,748
2022-12-22,Santa Barbara,083,443738,109636,109074,7345,116419,744
2022-12-22,Santa Clara,085,1922200,460980,459089,20919,480008,2579
2022-12-22,Santa Cruz,087,273765,66812,66560,3687,70247,277
2022-12-22,Shasta,089,179085,36069,35856,8144,44000,601
2022-12-22,Sierra,091,2930,310,308,61,369,5
2022-12-22,Siskiyou,093,43540,5350,5334,3410,8744,95
2022-12-22,Solano,095,438530,110709,109900,8313,118213,474
2022-12-22,Sonoma,097,501317,111119,110643,5598,116241,536
2022-12-22,Stanislaus,099,539301,142465,141956,22425,164381,1795
2022-12-22,Sutter,101,95872,25199,25088,2511,27599,235
2022-12-22,Tehama,103,63373,14249,14127,3339,17466,218
2022-12-22,Trinity,105,12862,1449,1438,487,1925,23
2022-12-22,Tulare,107,460477,125589,124848,38743,163591,1546
2022-12-22,Tuolumne,109,53932,16420,16261,970,17231,209
2022-12-22,Ventura,111,848112,216547,215497,17250,232747,1604
2022-12-22,Yolo,113,214977,49165,48842,4705,53547,422
2022-12-22,Yuba,115,75493,19639,19553,1806,21359,132
2022-12-21,Alameda,001,1643700,367449,366018,21651,387669,2088
2022-12-21,Alpine,002,1148,139,138,3,141,0
2022-12-21,Amador,005,37829,10316,10269,956,11225,96
2022-12-21,Butte,007,227075,41008,40923,9863,50786,473
2022-12-21,Calaveras,009,45235,8829,8794,620,9414,135
2022-12-21,Colusa,011,21464,3897,3891,1320,5211,22
2022-12-21,Contra Costa,013,1133247,264551,262951,21795,284746,1492
2022-12-21,Del Norte,015,27424,7685,7612,420,8032,56
2022-12-21,El Dorado,017,186661,33846,33729,4459,38188,236
2022-12-21,Fresno,019,978130,288376,284361,33519,317880,2907
2022-12-21,Glenn,021,27897,5722,5702,1963,7665,58
2022-12-21,Humboldt,023,135768,22960,22760,5589,28349,161
2022-12-21,Imperial,025,180216,68625,68403,18225,86628,963
2022-12-21,Inyo,027,18085,4678,4655,1199,5854,60
2022-12-21,Kern,029,883053,225506,224945,69001,293946,2446
2022-12-21,Kings,031,150075,61620,61461,4360,65821,467
2022-12-21,Lake,033,64148,13359,13254,1256,14510,149
2022-12-21,Lassen,035,31185,10172,10151,1034,11185,66
2022-12-21,Los Angeles,037,10098052,3417225,3399852,204451,3604303,34170
2022-12-21,Madera,039,155013,45500,45290,8684,53974,377
2022-12-21,Marin,041,260295,47674,47457,5546,53003,315
2022-12-21,Mariposa,043,17540,3283,3201,355,3556,32
2022-12-21,Mendocino,045,87422,16561,16435,4705,21140,137
2022-12-21,Merced,047,269075,75037,74498,12475,86973,880
2022-12-21,Modoc,049,8938,928,927,363,1290,11
2022-12-21,Mono,051,14174,3272,3264,290,3554,8
2022-12-21,Monterey,053,433212,96490,96192,22288,118480,776
2022-12-21,Napa,055,140530,33503,33370,1493,34863,163
2022-12-21,Nevada,057,99092,19827,19696,2192,21888,132
2022-12-21,Orange,059,3164182,693427,690845,72285,763130,7628
2022-12-21,Placer,061,380077,79107,78813,10014,88827,669
2022-12-21,Plumas,063,18699,3783,3778,455,4233,13
2022-12-21,Riverside,065,2383286,719924,717576,39386,756962,6738
2022-12-21,Sacramento,067,1510023,362254,361095,36564,397659,3407
2022-12-21,San Benito,069,59416,17236,17109,1065,18174,108
2022-12-21,San Bernardino,071,2135413,696239,693567,33542,727109,8136
2022-12-21,San Diego,073,3302833,960868,957866,77668,1035534,5626
2022-12-21,San Francisco,075,870044,189995,188947,12918,201865,1095
2022-12-21,San Joaquin,077,732212,205454,204712,16312,221024,2353
2022-12-21,San Luis Obispo,079,281455,65099,64748,7702,72450,536
2022-12-21,San Mateo,081,765935,177898,176920,11035,187955,748
2022-12-21,Santa Barbara,083,443738,109555,109074,7332,116406,744
2022-12-21,Santa Clara,085,1922200,460591,459089,20876,479965,2579
2022-12-21,Santa Cruz,087,273765,66767,66560,3686,70246,277
2022-12-21,Shasta,089,179085,36043,35856,8134,43990,601
2022-12-21,Sierra,091,2930,310,308,61,369,5
2022-12-21,Siskiyou,093,43540,5348,5334,3410,8744,95
2022-12-21,Solano,095,438530,110584,109900,8306,118206,474
2022-12-21,Sonoma,097,501317,111052,110643,5585,116228,536
2022-12-21,Stanislaus,099,539301,142392,141956,22412,164368,1795
2022-12-21,Sutter,101,95872,25182,25088,2511,27599,235
2022-12-21,Tehama,103,63373,14246,14127,3336,17463,218
2022-12-21,Trinity,105,12862,1449,1438,482,1920,23
2022-12-21,Tulare,107,460477,125524,124848,38692,163540,1546
2022-12-21,Tuolumne,109,53932,16398,16261,970,17231,209
2022-12-21,Ventura,111,848112,216411,215497,17216,232713,1604
2022-12-21,Yolo,113,214977,49139,48842,4701,53543,422
2022-12-21,Yuba,115,75493,19617,19553,1805,21358,132
2022-12-20,Alameda,001,1643700,367113,366018,21615,387633,2088
2022-12-20,Alpine,002,1148,139,138,2,140,0
2022-12-20,Amador,005,37829,10310,10269,956,11225,96
2022-12-20,Butte,007,227075,40991,40923,9845,50768,473
2022-12-20,Calaveras,009,45235,8821,8794,620,9414,135
2022-12-20,Colusa,011,21464,3896,3891,1319,5210,22
2022-12-20,Contra Costa,013,1133247,264322,262951,21780,284731,1492
2022-12-20,Del Norte,015,27424,7681,7612,419,8031,56
2022-12-20,El Dorado,017,186661,33822,33729,4455,38184,236
2022-12-20,Fresno,019,978130,288166,284361,33486,317847,2907
2022-12-20,Glenn,021,27897,5720,5702,1961,7663,58
2022-12-20,Humboldt,023,135768,22942,22760,5573,28333,161
2022-12-20,Imperial,025,180216,68595,68403,18199,86602,963
2022-12-20,Inyo,027,18085,4674,4655,1198,5853,60
2022-12-20,Kern,029,883053,225355,224945,68886,293831,2446
2022-12-20,Kings,031,150075,61573,61461,4358,65819,467
2022-12-20,Lake,033,64148,13344,13254,1244,14498,149
2022-12-20,Lassen,035,31185,10166,10151,1033,11184,66
2022-12-20,Los Angeles,037,10098052,3414872,3399852,203958,3603810,34170
2022-12-20,Madera,039,155013,45467,45290,8675,53965,377
2022-12-20,Marin,041,260295,47637,47457,5542,52999,315
2022-12-20,Mariposa,043,17540,3280,3201,355,3556,32
2022-12-20,Mendocino,045,87422,16547,16435,4698,21133,137
2022-12-20,Merced,047,269075,74998,74498,12463,86961,880
2022-12-20,Modoc,049,8938,927,927,363,1290,11
2022-12-20,Mono,051,14174,3270,3264,286,3550,8
2022-12-20,Monterey,053,433212,96463,96192,22278,118470,776
2022-12-20,Napa,055,140530,33478,33370,1492,34862,163
2022-12-20,Nevada,057,99092,19809,19696,2181,21877,132
2022-12-20,Orange,059,3164182,692851,690845,72086,762931,7628
2022-12-20,Placer,061,380077,79053,78813,10005,88818,669
2022-12-20,Plumas,063,18699,3782,3778,454,4232,13
2022-12-20,Riverside,065,2383286,719431,717576,39298,756874,6738
2022-12-20,Sacramento,067,1510023,362009,361095,36534,397629,3407
2022-12-20,San Benito,069,59416,17212,17109,1062,18171,108
2022-12-20,San Bernardino,071,2135413,695730,693567,33493,727060,8136
2022-12-20,San Diego,073,3302833,960072,957866,77530,1035396,5626
2022-12-20,San Francisco,075,870044,189781,188947,12909,201856,1095
2022-12-20,San Joaquin,077,732212,205315,204712,16292,221004,2353
2022-12-20,San Luis Obispo,079,281455,65058,64748,7692,72440,536
2022-12-20,San Mateo,081,765935,177765,176920,11020,187940,748
2022-12-20,Santa Barbara,083,443738,109460,109074,7321,116395,744
2022-12-20,Santa Clara,085,1922200,460192,459089,20835,479924,2579
2022-12-20,Santa Cruz,087,273765,66745,66560,3682,70242,277
2022-12-20,Shasta,089,179085,36024,35856,8131,43987,601
2022-12-20,Sierra,091,2930,310,308,61,369,5
2022-12-20,Siskiyou,093,43540,5344,5334,3408,8742,95
2022-12-20,Solano,095,438530,110467,109900,8300,118200,474
2022-12-20,Sonoma,097,501317,110967,110643,5575,116218,536
2022-12-20,Stanislaus,099,539301,142322,141956,22401,164357,1795
2022-12-20,Sutter,101,95872,25157,25088,2510,27598,235
2022-12-20,Tehama,103,63373,14237,14127,3332,17459,218
2022-12-20,Trinity,105,12862,1449,1438,478,1916,23
2022-12-20,Tulare,107,460477,125453,124848,38665,163513,1546
2022-12-20,Tuolumne,109,53932,16383,16261,966,17227,209
2022-12-20,Ventura,111,848112,216255,215497,17164,232661,1604
2022-12-20,Yolo,113,214977,49114,48842,4691,53533,422
2022-12-20,Yuba,115,75493,19599,19553,1804,21357,132
2022-12-19,Alameda,001,1643700,366773,363758,21565,385323,2082
2022-12-19,Alpine,002,1148,139,139,2,141,0
2022-12-19,Amador,005,37829,10295,10236,956,11192,96
2022-12-19,Butte,007,227075,40971,40800,9829,50629,471
2022-12-19,Calaveras,009,45235,8818,8758,620,9378,135
2022-12-19,Colusa,011,21464,3894,3882,1319,5201,22
2022-12-19,Contra Costa,013,1133247,264057,261280,21760,283040,1491
2022-12-19,Del Norte,015,27424,7677,7586,418,8004,56
2022-12-19,El Dorado,017,186661,33793,33598,4450,38048,235
2022-12-19,Fresno,019,978130,287986,283068,33453,316521,2905
2022-12-19,Glenn,021,27897,5716,5690,1960,7650,58
2022-12-19,Humboldt,023,135768,22926,22679,5565,28244,161
2022-12-19,Imperial,025,180216,68542,68094,18169,86263,963
2022-12-19,Inyo,027,18085,4672,4649,1195,5844,60
2022-12-19,Kern,029,883053,225223,223971,68768,292739,2444
2022-12-19,Kings,031,150075,61540,61254,4356,65610,466
2022-12-19,Lake,033,64148,13333,13201,1242,14443,149
2022-12-19,Lassen,035,31185,10160,10142,1033,11175,66
2022-12-19,Los Angeles,037,10098052,3412284,3390335,203428,3593763,34114
2022-12-19,Madera,039,155013,45432,45131,8661,53792,377
2022-12-19,Marin,041,260295,47606,47184,5539,52723,315
2022-12-19,Mariposa,043,17540,3273,3202,355,3557,32
2022-12-19,Mendocino,045,87422,16531,16396,4696,21092,136
2022-12-19,Merced,047,269075,74970,74307,12460,86767,880
2022-12-19,Modoc,049,8938,927,918,362,1280,11
2022-12-19,Mono,051,14174,3269,3251,283,3534,8
2022-12-19,Monterey,053,433212,96442,95970,22247,118217,776
2022-12-19,Napa,055,140530,33450,33212,1487,34699,162
2022-12-19,Nevada,057,99092,19802,19663,2174,21837,132
2022-12-19,Orange,059,3164182,692233,687587,71887,759474,7596
2022-12-19,Placer,061,380077,79005,78475,10003,88478,666
2022-12-19,Plumas,063,18699,3780,3769,453,4222,13
2022-12-19,Riverside,065,2383286,718916,714426,39207,753633,6694
2022-12-19,Sacramento,067,1510023,361729,359420,36483,395903,3395
2022-12-19,San Benito,069,59416,17191,17018,1057,18075,108
2022-12-19,San Bernardino,071,2135413,695179,690423,33426,723849,8136
2022-12-19,San Diego,073,3302833,959124,953029,77400,1030429,5608
2022-12-19,San Francisco,075,870044,189598,187665,12898,200563,1087
2022-12-19,San Joaquin,077,732212,205184,203845,16271,220116,2353
2022-12-19,San Luis Obispo,079,281455,65021,64540,7680,72220,533
2022-12-19,San Mateo,081,765935,177587,175963,11011,186974,748
2022-12-19,Santa Barbara,083,443738,109366,108635,7310,115945,743
2022-12-19,Santa Clara,085,1922200,459774,456121,20798,476919,2566
2022-12-19,Santa Cruz,087,273765,66715,66157,3680,69837,275
2022-12-19,Shasta,089,179085,36007,35797,8119,43916,599
2022-12-19,Sierra,091,2930,310,309,61,370,5
2022-12-19,Siskiyou,093,43540,5343,5325,3408,8733,94
2022-12-19,Solano,095,438530,110325,109297,8296,117593,472
2022-12-19,Sonoma,097,501317,110882,110159,5566,115725,533
2022-12-19,Stanislaus,099,539301,142238,141472,22386,163858,1796
2022-12-19,Sutter,101,95872,25130,25020,2508,27528,235
2022-12-19,Tehama,103,63373,14225,14104,3329,17433,218
2022-12-19,Trinity,105,12862,1448,1434,476,1910,23
2022-12-19,Tulare,107,460477,125368,124442,38627,163069,1546
2022-12-19,Tuolumne,109,53932,16375,16161,965,17126,209
2022-12-19,Ventura,111,848112,216072,214659,17130,231789,1597
2022-12-19,Yolo,113,214977,49084,48765,4686,53451,416
2022-12-19,Yuba,115,75493,19587,19482,1801,21283,132
2022-12-18,Alameda,001,1643700,366368,363758,21513,385271,2082
2022-12-18,Alpine,002,1148,139,139,2,141,0
2022-12-18,Amador,005,37829,10288,10236,956,11192,96
2022-12-18,Butte,007,227075,40953,40800,9809,50609,471
2022-12-18,Calaveras,009,45235,8813,8758,615,9373,135
2022-12-18,Colusa,011,21464,3893,3882,1319,5201,22
2022-12-18,Contra Costa,013,1133247,263738,261280,21737,283017,1491
2022-12-18,Del Norte,015,27424,7668,7586,417,8003,56
2022-12-18,El Dorado,017,186661,33767,33598,4444,38042,235
2022-12-18,Fresno,019,978130,287779,283068,33413,316481,2905
2022-12-18,Glenn,021,27897,5714,5690,1958,7648,58
2022-12-18,Humboldt,023,135768,22913,22679,5541,28220,161
2022-12-18,Imperial,025,180216,68490,68094,18123,86217,963
2022-12-18,Inyo,027,18085,4669,4649,1193,5842,60
2022-12-18,Kern,029,883053,225057,223971,68658,292629,2444
2022-12-18,Kings,031,150075,61491,61254,4353,65607,466
2022-12-18,Lake,033,64148,13317,13201,1242,14443,149
2022-12-18,Lassen,035,31185,10158,10142,1033,11175,66
2022-12-18,Los Angeles,037,10098052,3409514,3390335,202914,3593249,34114
2022-12-18,Madera,039,155013,45400,45131,8644,53775,377
2022-12-18,Marin,041,260295,47560,47184,5526,52710,315
2022-12-18,Mariposa,043,17540,3271,3202,355,3557,32
2022-12-18,Mendocino,045,87422,16515,16396,4688,21084,136
2022-12-18,Merced,047,269075,74926,74307,12444,86751,880
2022-12-18,Modoc,049,8938,927,918,360,1278,11
2022-12-18,Mono,051,14174,3264,3251,283,3534,8
2022-12-18,Monterey,053,433212,96394,95970,22230,118200,776
2022-12-18,Napa,055,140530,33398,33212,1484,34696,162
2022-12-18,Nevada,057,99092,19784,19663,2169,21832,132
2022-12-18,Orange,059,3164182,691640,687587,71694,759281,7596
2022-12-18,Placer,061,380077,78938,78475,9993,88468,666
2022-12-18,Plumas,063,18699,3778,3769,453,4222,13
2022-12-18,Riverside,065,2383286,718344,714426,39081,753507,6694
2022-12-18,Sacramento,067,1510023,361411,359420,36420,395840,3395
2022-12-18,San Benito,069,59416,17177,17018,1057,18075,108
2022-12-18,San Bernardino,071,2135413,694585,690423,33352,723775,8136
2022-12-18,San Diego,073,3302833,958233,953029,77284,1030313,5608
2022-12-18,San Francisco,075,870044,189337,187665,12884,200549,1087
2022-12-18,San Joaquin,077,732212,205020,203845,16253,220098,2353
2022-12-18,San Luis Obispo,079,281455,64973,64540,7651,72191,533
2022-12-18,San Mateo,081,765935,177408,175963,10991,186954,748
2022-12-18,Santa Barbara,083,443738,109267,108635,7298,115933,743
2022-12-18,Santa Clara,085,1922200,459253,456121,20759,476880,2566
2022-12-18,Santa Cruz,087,273765,66680,66157,3679,69836,275
2022-12-18,Shasta,089,179085,35996,35797,8110,43907,599
2022-12-18,Sierra,091,2930,310,309,61,370,5
2022-12-18,Siskiyou,093,43540,5338,5325,3405,8730,94
2022-12-18,Solano,095,438530,110184,109297,8290,117587,472
2022-12-18,Sonoma,097,501317,110802,110159,5559,115718,533
2022-12-18,Stanislaus,099,539301,142147,141472,22362,163834,1796
2022-12-18,Sutter,101,95872,25118,25020,2507,27527,235
2022-12-18,Tehama,103,63373,14214,14104,3326,17430,218
2022-12-18,Trinity,105,12862,1448,1434,475,1909,23
2022-12-18,Tulare,107,460477,125254,124442,38569,163011,1546
2022-12-18,Tuolumne,109,53932,16362,16161,965,17126,209
2022-12-18,Ventura,111,848112,215891,214659,17088,231747,1597
2022-12-18,Yolo,113,214977,49057,48765,4679,53444,416
2022-12-18,Yuba,115,75493,19564,19482,1796,21278,132
2022-12-17,Alameda,001,1643700,366154,363758,21493,385251,2082
2022-12-17,Alpine,002,1148,139,139,2,141,0
2022-12-17,Amador,005,37829,10282,10236,955,11191,96
2022-12-17,Butte,007,227075,40937,40800,9798,50598,471
2022-12-17,Calaveras,009,45235,8809,8758,611,9369,135
2022-12-17,Colusa,011,21464,3893,3882,1319,5201,22
2022-12-17,Contra Costa,013,1133247,263566,261280,21726,283006,1491
2022-12-17,Del Norte,015,27424,7665,7586,417,8003,56
2022-12-17,El Dorado,017,186661,33752,33598,4444,38042,235
2022-12-17,Fresno,019,978130,287678,283068,33393,316461,2905
2022-12-17,Glenn,021,27897,5712,5690,1958,7648,58
2022-12-17,Humboldt,023,135768,22895,22679,5534,28213,161
2022-12-17,Imperial,025,180216,68475,68094,18120,86214,963
2022-12-17,Inyo,027,18085,4669,4649,1192,5841,60
2022-12-17,Kern,029,883053,225003,223971,68595,292566,2444
2022-12-17,Kings,031,150075,61478,61254,4352,65606,466
2022-12-17,Lake,033,64148,13312,13201,1241,14442,149
2022-12-17,Lassen,035,31185,10158,10142,1033,11175,66
2022-12-17,Los Angeles,037,10098052,3408233,3390335,202657,3592992,34114
2022-12-17,Madera,039,155013,45380,45131,8639,53770,377
2022-12-17,Marin,041,260295,47541,47184,5521,52705,315
2022-12-17,Mariposa,043,17540,3271,3202,355,3557,32
2022-12-17,Mendocino,045,87422,16512,16396,4684,21080,136
2022-12-17,Merced,047,269075,74907,74307,12436,86743,880
2022-12-17,Modoc,049,8938,927,918,360,1278,11
2022-12-17,Mono,051,14174,3263,3251,283,3534,8
2022-12-17,Monterey,053,433212,96368,95970,22219,118189,776
2022-12-17,Napa,055,140530,33388,33212,1483,34695,162
2022-12-17,Nevada,057,99092,19773,19663,2169,21832,132
2022-12-17,Orange,059,3164182,691350,687587,71560,759147,7596
2022-12-17,Placer,061,380077,78895,78475,9992,88467,666
2022-12-17,Plumas,063,18699,3778,3769,453,4222,13
2022-12-17,Riverside,065,2383286,717993,714426,39009,753435,6694
2022-12-17,Sacramento,067,1510023,361288,359420,36406,395826,3395
2022-12-17,San Benito,069,59416,17168,17018,1055,18073,108
2022-12-17,San Bernardino,071,2135413,694286,690423,33319,723742,8136
2022-12-17,San Diego,073,3302833,957822,953029,77234,1030263,5608
2022-12-17,San Francisco,075,870044,189229,187665,12876,200541,1087
2022-12-17,San Joaquin,077,732212,204952,203845,16241,220086,2353
2022-12-17,San Luis Obispo,079,281455,64955,64540,7643,72183,533
2022-12-17,San Mateo,081,765935,177321,175963,10976,186939,748
2022-12-17,Santa Barbara,083,443738,109223,108635,7284,115919,743
2022-12-17,Santa Clara,085,1922200,459017,456121,20731,476852,2566
2022-12-17,Santa Cruz,087,273765,66664,66157,3677,69834,275
2022-12-17,Shasta,089,179085,35986,35797,8110,43907,599
2022-12-17,Sierra,091,2930,310,309,61,370,5
2022-12-17,Siskiyou,093,43540,5338,5325,3405,8730,94
2022-12-17,Solano,095,438530,110146,109297,8289,117586,472
2022-12-17,Sonoma,097,501317,110747,110159,5550,115709,533
2022-12-17,Stanislaus,099,539301,142097,141472,22354,163826,1796
2022-12-17,Sutter,101,95872,25111,25020,2506,27526,235
2022-12-17,Tehama,103,63373,14210,14104,3323,17427,218
2022-12-17,Trinity,105,12862,1448,1434,474,1908,23
2022-12-17,Tulare,107,460477,125201,124442,38540,162982,1546
2022-12-17,Tuolumne,109,53932,16355,16161,964,17125,209
2022-12-17,Ventura,111,848112,215795,214659,17059,231718,1597
2022-12-17,Yolo,113,214977,49034,48765,4674,53439,416
2022-12-17,Yuba,115,75493,19557,19482,1796,21278,132
2022-12-16,Alameda,001,1643700,365925,363758,21468,385226,2082
2022-12-16,Alpine,002,1148,139,139,2,141,0
2022-12-16,Amador,005,37829,10276,10236,955,11191,96
2022-12-16,Butte,007,227075,40930,40800,9789,50589,471
2022-12-16,Calaveras,009,45235,8805,8758,610,9368,135
2022-12-16,Colusa,011,21464,3892,3882,1319,5201,22
2022-12-16,Contra Costa,013,1133247,263381,261280,21711,282991,1491
2022-12-16,Del Norte,015,27424,7661,7586,417,8003,56
2022-12-16,El Dorado,017,186661,33731,33598,4444,38042,235
2022-12-16,Fresno,019,978130,287545,283068,33371,316439,2905
2022-12-16,Glenn,021,27897,5711,5690,1956,7646,58
2022-12-16,Humboldt,023,135768,22884,22679,5529,28208,161
2022-12-16,Imperial,025,180216,68467,68094,18109,86203,963
2022-12-16,Inyo,027,18085,4667,4649,1188,5837,60
2022-12-16,Kern,029,883053,224911,223971,68532,292503,2444
2022-12-16,Kings,031,150075,61455,61254,4351,65605,466
2022-12-16,Lake,033,64148,13302,13201,1240,14441,149
2022-12-16,Lassen,035,31185,10155,10142,1033,11175,66
2022-12-16,Los Angeles,037,10098052,3406774,3390335,202337,3592672,34114
2022-12-16,Madera,039,155013,45359,45131,8635,53766,377
2022-12-16,Marin,041,260295,47501,47184,5520,52704,315
2022-12-16,Mariposa,043,17540,3267,3202,355,3557,32
2022-12-16,Mendocino,045,87422,16497,16396,4684,21080,136
2022-12-16,Merced,047,269075,74887,74307,12429,86736,880
2022-12-16,Modoc,049,8938,927,918,360,1278,11
2022-12-16,Mono,051,14174,3260,3251,283,3534,8
2022-12-16,Monterey,053,433212,96345,95970,22209,118179,776
2022-12-16,Napa,055,140530,33364,33212,1483,34695,162
2022-12-16,Nevada,057,99092,19770,19663,2166,21829,132
2022-12-16,Orange,059,3164182,691041,687587,71423,759010,7596
2022-12-16,Placer,061,380077,78861,78475,9987,88462,666
2022-12-16,Plumas,063,18699,3777,3769,453,4222,13
2022-12-16,Riverside,065,2383286,717668,714426,38952,753378,6694
2022-12-16,Sacramento,067,1510023,361127,359420,36388,395808,3395
2022-12-16,San Benito,069,59416,17156,17018,1054,18072,108
2022-12-16,San Bernardino,071,2135413,693976,690423,33277,723700,8136
2022-12-16,San Diego,073,3302833,957364,953029,77173,1030202,5608
2022-12-16,San Francisco,075,870044,189112,187665,12857,200522,1087
2022-12-16,San Joaquin,077,732212,204870,203845,16229,220074,2353
2022-12-16,San Luis Obispo,079,281455,64943,64540,7639,72179,533
2022-12-16,San Mateo,081,765935,177237,175963,10965,186928,748
2022-12-16,Santa Barbara,083,443738,109176,108635,7283,115918,743
2022-12-16,Santa Clara,085,1922200,458747,456121,20703,476824,2566
2022-12-16,Santa Cruz,087,273765,66638,66157,3674,69831,275
2022-12-16,Shasta,089,179085,35979,35797,8106,43903,599
2022-12-16,Sierra,091,2930,310,309,61,370,5
2022-12-16,Siskiyou,093,43540,5336,5325,3405,8730,94
2022-12-16,Solano,095,438530,110080,109297,8284,117581,472
2022-12-16,Sonoma,097,501317,110686,110159,5546,115705,533
2022-12-16,Stanislaus,099,539301,142056,141472,22353,163825,1796
2022-12-16,Sutter,101,95872,25097,25020,2506,27526,235
2022-12-16,Tehama,103,63373,14201,14104,3322,17426,218
2022-12-16,Trinity,105,12862,1448,1434,474,1908,23
2022-12-16,Tulare,107,460477,125149,124442,38511,162953,1546
2022-12-16,Tuolumne,109,53932,16342,16161,964,17125,209
2022-12-16,Ventura,111,848112,215710,214659,17040,231699,1597
2022-12-16,Yolo,113,214977,49014,48765,4672,53437,416
2022-12-16,Yuba,115,75493,19550,19482,1796,21278,132
2022-12-15,Alameda,001,1643700,365600,363758,21417,385175,2082
2022-12-15,Alpine,002,1148,139,139,2,141,0
2022-12-15,Amador,005,37829,10267,10236,955,11191,96
2022-12-15,Butte,007,227075,40910,40800,9770,50570,471
2022-12-15,Calaveras,009,45235,8802,8758,608,9366,135
2022-12-15,Colusa,011,21464,3890,3882,1319,5201,22
2022-12-15,Contra Costa,013,1133247,263136,261280,21695,282975,1491
2022-12-15,Del Norte,015,27424,7655,7586,417,8003,56
2022-12-15,El Dorado,017,186661,33710,33598,4439,38037,235
2022-12-15,Fresno,019,978130,287390,283068,33325,316393,2905
2022-12-15,Glenn,021,27897,5708,5690,1954,7644,58
2022-12-15,Humboldt,023,135768,22873,22679,5522,28201,161
2022-12-15,Imperial,025,180216,68432,68094,18080,86174,963
2022-12-15,Inyo,027,18085,4666,4649,1186,5835,60
2022-12-15,Kern,029,883053,224765,223971,68419,292390,2444
2022-12-15,Kings,031,150075,61435,61254,4346,65600,466
2022-12-15,Lake,033,64148,13295,13201,1240,14441,149
2022-12-15,Lassen,035,31185,10153,10142,1031,11173,66
2022-12-15,Los Angeles,037,10098052,3404765,3390335,201957,3592292,34114
2022-12-15,Madera,039,155013,45337,45131,8621,53752,377
2022-12-15,Marin,041,260295,47456,47184,5520,52704,315
2022-12-15,Mariposa,043,17540,3264,3202,354,3556,32
2022-12-15,Mendocino,045,87422,16488,16396,4682,21078,136
2022-12-15,Merced,047,269075,74854,74307,12428,86735,880
2022-12-15,Modoc,049,8938,927,918,360,1278,11
2022-12-15,Mono,051,14174,3259,3251,281,3532,8
2022-12-15,Monterey,053,433212,96314,95970,22188,118158,776
2022-12-15,Napa,055,140530,33336,33212,1481,34693,162
2022-12-15,Nevada,057,99092,19764,19663,2155,21818,132
2022-12-15,Orange,059,3164182,690605,687587,71274,758861,7596
2022-12-15,Placer,061,380077,78810,78475,9974,88449,666
2022-12-15,Plumas,063,18699,3776,3769,453,4222,13
2022-12-15,Riverside,065,2383286,717247,714426,38873,753299,6694
2022-12-15,Sacramento,067,1510023,360848,359420,36355,395775,3395
2022-12-15,San Benito,069,59416,17146,17018,1053,18071,108
2022-12-15,San Bernardino,071,2135413,693558,690423,33226,723649,8136
2022-12-15,San Diego,073,3302833,956674,953029,77051,1030080,5608
2022-12-15,San Francisco,075,870044,188926,187665,12841,200506,1087
2022-12-15,San Joaquin,077,732212,204744,203845,16203,220048,2353
2022-12-15,San Luis Obispo,079,281455,64898,64540,7620,72160,533
2022-12-15,San Mateo,081,765935,177109,175963,10948,186911,748
2022-12-15,Santa Barbara,083,443738,109116,108635,7276,115911,743
2022-12-15,Santa Clara,085,1922200,458340,456121,20683,476804,2566
2022-12-15,Santa Cruz,087,273765,66611,66157,3670,69827,275
2022-12-15,Shasta,089,179085,35961,35797,8096,43893,599
2022-12-15,Sierra,091,2930,310,309,61,370,5
2022-12-15,Siskiyou,093,43540,5334,5325,3403,8728,94
2022-12-15,Solano,095,438530,109992,109297,8279,117576,472
2022-12-15,Sonoma,097,501317,110635,110159,5536,115695,533
2022-12-15,Stanislaus,099,539301,141989,141472,22347,163819,1796
2022-12-15,Sutter,101,95872,25088,25020,2506,27526,235
2022-12-15,Tehama,103,63373,14192,14104,3319,17423,218
2022-12-15,Trinity,105,12862,1448,1434,473,1907,23
2022-12-15,Tulare,107,460477,125099,124442,38465,162907,1546
2022-12-15,Tuolumne,109,53932,16331,16161,962,17123,209
2022-12-15,Ventura,111,848112,215568,214659,17016,231675,1597
2022-12-15,Yolo,113,214977,48986,48765,4670,53435,416
2022-12-15,Yuba,115,75493,19539,19482,1795,21277,132
2022-12-14,Alameda,001,1643700,365269,363758,21377,385135,2082
2022-12-14,Alpine,002,1148,139,139,2,141,0
2022-12-14,Amador,005,37829,10265,10236,954,11190,96
2022-12-14,Butte,007,227075,40896,40800,9750,50550,471
2022-12-14,Calaveras,009,45235,8796,8758,608,9366,135
2022-12-14,Colusa,011,21464,3886,3882,1319,5201,22
2022-12-14,Contra Costa,013,1133247,262927,261280,21669,282949,1491
2022-12-14,Del Norte,015,27424,7650,7586,415,8001,56
2022-12-14,El Dorado,017,186661,33691,33598,4437,38035,235
2022-12-14,Fresno,019,978130,287205,283068,33291,316359,2905
2022-12-14,Glenn,021,27897,5705,5690,1954,7644,58
2022-12-14,Humboldt,023,135768,22853,22679,5515,28194,161
2022-12-14,Imperial,025,180216,68382,68094,18039,86133,963
2022-12-14,Inyo,027,18085,4664,4649,1181,5830,60
2022-12-14,Kern,029,883053,224596,223971,68326,292297,2444
2022-12-14,Kings,031,150075,61399,61254,4343,65597,466
2022-12-14,Lake,033,64148,13284,13201,1238,14439,149
2022-12-14,Lassen,035,31185,10152,10142,1031,11173,66
2022-12-14,Los Angeles,037,10098052,3402418,3390335,201485,3591820,34114
2022-12-14,Madera,039,155013,45309,45131,8615,53746,377
2022-12-14,Marin,041,260295,47418,47184,5516,52700,315
2022-12-14,Mariposa,043,17540,3260,3202,354,3556,32
2022-12-14,Mendocino,045,87422,16482,16396,4681,21077,136
2022-12-14,Merced,047,269075,74818,74307,12412,86719,880
2022-12-14,Modoc,049,8938,927,918,360,1278,11
2022-12-14,Mono,051,14174,3259,3251,280,3531,8
2022-12-14,Monterey,053,433212,96288,95970,22165,118135,776
2022-12-14,Napa,055,140530,33318,33212,1480,34692,162
2022-12-14,Nevada,057,99092,19754,19663,2152,21815,132
2022-12-14,Orange,059,3164182,690123,687587,71121,758708,7596
2022-12-14,Placer,061,380077,78748,78475,9967,88442,666
2022-12-14,Plumas,063,18699,3776,3769,452,4221,13
2022-12-14,Riverside,065,2383286,716833,714426,38792,753218,6694
2022-12-14,Sacramento,067,1510023,360600,359420,36316,395736,3395
2022-12-14,San Benito,069,59416,17134,17018,1052,18070,108
2022-12-14,San Bernardino,071,2135413,693087,690423,33167,723590,8136
2022-12-14,San Diego,073,3302833,955909,953029,76912,1029941,5608
2022-12-14,San Francisco,075,870044,188773,187665,12837,200502,1087
2022-12-14,San Joaquin,077,732212,204596,203845,16189,220034,2353
2022-12-14,San Luis Obispo,079,281455,64863,64540,7596,72136,533
2022-12-14,San Mateo,081,765935,176962,175963,10934,186897,748
2022-12-14,Santa Barbara,083,443738,109036,108635,7267,115902,743
2022-12-14,Santa Clara,085,1922200,457953,456121,20660,476781,2566
2022-12-14,Santa Cruz,087,273765,66579,66157,3668,69825,275
2022-12-14,Shasta,089,179085,35932,35797,8087,43884,599
2022-12-14,Sierra,091,2930,310,309,61,370,5
2022-12-14,Siskiyou,093,43540,5333,5325,3402,8727,94
2022-12-14,Solano,095,438530,109904,109297,8268,117565,472
2022-12-14,Sonoma,097,501317,110574,110159,5526,115685,533
2022-12-14,Stanislaus,099,539301,141909,141472,22326,163798,1796
2022-12-14,Sutter,101,95872,25080,25020,2506,27526,235
2022-12-14,Tehama,103,63373,14180,14104,3316,17420,218
2022-12-14,Trinity,105,12862,1448,1434,468,1902,23
2022-12-14,Tulare,107,460477,125036,124442,38418,162860,1546
2022-12-14,Tuolumne,109,53932,16313,16161,961,17122,209
2022-12-14,Ventura,111,848112,215416,214659,16997,231656,1597
2022-12-14,Yolo,113,214977,48960,48765,4659,53424,416
2022-12-14,Yuba,115,75493,19526,19482,1794,21276,132
2022-12-13,Alameda,001,1643700,364889,363758,21333,385091,2082
2022-12-13,Alpine,002,1148,139,139,2,141,0
2022-12-13,Amador,005,37829,10261,10236,954,11190,96
2022-12-13,Butte,007,227075,40866,40800,9737,50537,471
2022-12-13,Calaveras,009,45235,8793,8758,608,9366,135
2022-12-13,Colusa,011,21464,3883,3882,1319,5201,22
2022-12-13,Contra Costa,013,1133247,262666,261280,21647,282927,1491
2022-12-13,Del Norte,015,27424,7645,7586,415,8001,56
2022-12-13,El Dorado,017,186661,33658,33598,4434,38032,235
2022-12-13,Fresno,019,978130,287033,283068,33263,316331,2905
2022-12-13,Glenn,021,27897,5703,5690,1953,7643,58
2022-12-13,Humboldt,023,135768,22829,22679,5509,28188,161
2022-12-13,Imperial,025,180216,68338,68094,17990,86084,963
2022-12-13,Inyo,027,18085,4662,4649,1177,5826,60
2022-12-13,Kern,029,883053,224470,223971,68205,292176,2444
2022-12-13,Kings,031,150075,61358,61254,4336,65590,466
2022-12-13,Lake,033,64148,13271,13201,1238,14439,149
2022-12-13,Lassen,035,31185,10152,10142,1031,11173,66
2022-12-13,Los Angeles,037,10098052,3399865,3390335,201043,3591378,34114
2022-12-13,Madera,039,155013,45279,45131,8601,53732,377
2022-12-13,Marin,041,260295,47378,47184,5513,52697,315
2022-12-13,Mariposa,043,17540,3255,3202,354,3556,32
2022-12-13,Mendocino,045,87422,16477,16396,4672,21068,136
2022-12-13,Merced,047,269075,74774,74307,12406,86713,880
2022-12-13,Modoc,049,8938,925,918,358,1276,11
2022-12-13,Mono,051,14174,3258,3251,280,3531,8
2022-12-13,Monterey,053,433212,96243,95970,22146,118116,776
2022-12-13,Napa,055,140530,33300,33212,1480,34692,162
2022-12-13,Nevada,057,99092,19746,19663,2138,21801,132
2022-12-13,Orange,059,3164182,689588,687587,70986,758573,7596
2022-12-13,Placer,061,380077,78675,78475,9958,88433,666
2022-12-13,Plumas,063,18699,3773,3769,452,4221,13
2022-12-13,Riverside,065,2383286,716322,714426,38723,753149,6694
2022-12-13,Sacramento,067,1510023,360296,359420,36269,395689,3395
2022-12-13,San Benito,069,59416,17117,17018,1050,18068,108
2022-12-13,San Bernardino,071,2135413,692577,690423,33122,723545,8136
2022-12-13,San Diego,073,3302833,955146,953029,76792,1029821,5608
2022-12-13,San Francisco,075,870044,188580,187665,12829,200494,1087
2022-12-13,San Joaquin,077,732212,204443,203845,16156,220001,2353
2022-12-13,San Luis Obispo,079,281455,64813,64540,7581,72121,533
2022-12-13,San Mateo,081,765935,176831,175963,10923,186886,748
2022-12-13,Santa Barbara,083,443738,108957,108635,7259,115894,743
2022-12-13,Santa Clara,085,1922200,457514,456121,20630,476751,2566
2022-12-13,Santa Cruz,087,273765,66543,66157,3665,69822,275
2022-12-13,Shasta,089,179085,35916,35797,8075,43872,599
2022-12-13,Sierra,091,2930,310,309,61,370,5
2022-12-13,Siskiyou,093,43540,5333,5325,3399,8724,94
2022-12-13,Solano,095,438530,109804,109297,8262,117559,472
2022-12-13,Sonoma,097,501317,110512,110159,5519,115678,533
2022-12-13,Stanislaus,099,539301,141840,141472,22307,163779,1796
2022-12-13,Sutter,101,95872,25065,25020,2505,27525,235
2022-12-13,Tehama,103,63373,14167,14104,3312,17416,218
2022-12-13,Trinity,105,12862,1448,1434,465,1899,23
2022-12-13,Tulare,107,460477,124976,124442,38368,162810,1546
2022-12-13,Tuolumne,109,53932,16301,16161,961,17122,209
2022-12-13,Ventura,111,848112,215281,214659,16963,231622,1597
2022-12-13,Yolo,113,214977,48937,48765,4652,53417,416
2022-12-13,Yuba,115,75493,19518,19482,1792,21274,132
2022-12-12,Alameda,001,1643700,364486,360943,21286,382229,2081
2022-12-12,Alpine,002,1148,139,139,2,141,0
2022-12-12,Amador,005,37829,10253,10196,952,11148,96
2022-12-12,Butte,007,227075,40843,40598,9726,50324,470
2022-12-12,Calaveras,009,45235,8789,8727,606,9333,135
2022-12-12,Colusa,011,21464,3882,3869,1319,5188,22
2022-12-12,Contra Costa,013,1133247,262392,259434,21623,281057,1487
2022-12-12,Del Norte,015,27424,7638,7563,414,7977,56
2022-12-12,El Dorado,017,186661,33632,33447,4430,37877,235
2022-12-12,Fresno,019,978130,286821,281598,33214,314812,2899
2022-12-12,Glenn,021,27897,5695,5668,1953,7621,58
2022-12-12,Humboldt,023,135768,22813,22566,5502,28068,161
2022-12-12,Imperial,025,180216,68280,67632,17947,85579,962
2022-12-12,Inyo,027,18085,4660,4627,1170,5797,60
2022-12-12,Kern,029,883053,224305,222985,68091,291076,2437
2022-12-12,Kings,031,150075,61311,60965,4333,65298,464
2022-12-12,Lake,033,64148,13263,13140,1237,14377,149
2022-12-12,Lassen,035,31185,10152,10128,1030,11158,66
2022-12-12,Los Angeles,037,10098052,3397108,3370904,200611,3571515,34009
2022-12-12,Madera,039,155013,45247,44902,8594,53496,379
2022-12-12,Marin,041,260295,47336,46842,5507,52349,315
2022-12-12,Mariposa,043,17540,3248,3190,354,3544,32
2022-12-12,Mendocino,045,87422,16465,16350,4670,21020,136
2022-12-12,Merced,047,269075,74717,73999,12391,86390,877
2022-12-12,Modoc,049,8938,919,908,354,1262,11
2022-12-12,Mono,051,14174,3258,3238,280,3518,8
2022-12-12,Monterey,053,433212,96210,95709,22122,117831,776
2022-12-12,Napa,055,140530,33269,33043,1479,34522,164
2022-12-12,Nevada,057,99092,19730,19565,2133,21698,132
2022-12-12,Orange,059,3164182,689017,684112,70831,754943,7576
2022-12-12,Placer,061,380077,78643,78117,9946,88063,665
2022-12-12,Plumas,063,18699,3773,3762,452,4214,13
2022-12-12,Riverside,065,2383286,715820,710833,38632,749465,6697
2022-12-12,Sacramento,067,1510023,360004,357413,36217,393630,3382
2022-12-12,San Benito,069,59416,17087,16829,1046,17875,108
2022-12-12,San Bernardino,071,2135413,692005,686731,33062,719793,8135
2022-12-12,San Diego,073,3302833,954271,948180,76660,1024840,5584
2022-12-12,San Francisco,075,870044,188382,186203,12820,199023,1081
2022-12-12,San Joaquin,077,732212,204334,202515,16129,218644,2354
2022-12-12,San Luis Obispo,079,281455,64779,64350,7565,71915,533
2022-12-12,San Mateo,081,765935,176672,174791,10913,185704,749
2022-12-12,Santa Barbara,083,443738,108899,108151,7250,115401,739
2022-12-12,Santa Clara,085,1922200,456985,448654,20594,469248,2565
2022-12-12,Santa Cruz,087,273765,66456,65656,3663,69319,275
2022-12-12,Shasta,089,179085,35898,35666,8064,43730,598
2022-12-12,Sierra,091,2930,310,308,61,369,5
2022-12-12,Siskiyou,093,43540,5328,5442,3396,8838,95
2022-12-12,Solano,095,438530,109688,108649,8252,116901,473
2022-12-12,Sonoma,097,501317,110404,109622,5510,115132,531
2022-12-12,Stanislaus,099,539301,141763,140827,22297,163124,1785
2022-12-12,Sutter,101,95872,25049,24906,2505,27411,234
2022-12-12,Tehama,103,63373,14158,14004,3306,17310,218
2022-12-12,Trinity,105,12862,1446,1431,464,1895,23
2022-12-12,Tulare,107,460477,124901,123976,38319,162295,1546
2022-12-12,Tuolumne,109,53932,16287,16054,961,17015,208
2022-12-12,Ventura,111,848112,215139,213720,16940,230660,1598
2022-12-12,Yolo,113,214977,48912,48547,4636,53183,416
2022-12-12,Yuba,115,75493,19506,19399,1787,21186,132
2022-12-11,Alameda,001,1643700,364066,360943,21244,382187,2081
2022-12-11,Alpine,002,1148,139,139,2,141,0
2022-12-11,Amador,005,37829,10251,10196,951,11147,96
2022-12-11,Butte,007,227075,40815,40598,9720,50318,470
2022-12-11,Calaveras,009,45235,8779,8727,603,9330,135
2022-12-11,Colusa,011,21464,3881,3869,1319,5188,22
2022-12-11,Contra Costa,013,1133247,262048,259434,21591,281025,1487
2022-12-11,Del Norte,015,27424,7630,7563,413,7976,56
2022-12-11,El Dorado,017,186661,33610,33447,4427,37874,235
2022-12-11,Fresno,019,978130,286571,281598,33160,314758,2899
2022-12-11,Glenn,021,27897,5693,5668,1948,7616,58
2022-12-11,Humboldt,023,135768,22799,22566,5487,28053,161
2022-12-11,Imperial,025,180216,68206,67632,17851,85483,962
2022-12-11,Inyo,027,18085,4659,4627,1164,5791,60
2022-12-11,Kern,029,883053,224092,222985,67971,290956,2437
2022-12-11,Kings,031,150075,61279,60965,4327,65292,464
2022-12-11,Lake,033,64148,13256,13140,1237,14377,149
2022-12-11,Lassen,035,31185,10149,10128,1028,11156,66
2022-12-11,Los Angeles,037,10098052,3393915,3370904,200051,3570955,34009
2022-12-11,Madera,039,155013,45205,44902,8584,53486,379
2022-12-11,Marin,041,260295,47276,46842,5503,52345,315
2022-12-11,Mariposa,043,17540,3247,3190,353,3543,32
2022-12-11,Mendocino,045,87422,16454,16350,4661,21011,136
2022-12-11,Merced,047,269075,74658,73999,12364,86363,877
2022-12-11,Modoc,049,8938,919,908,354,1262,11
2022-12-11,Mono,051,14174,3257,3238,279,3517,8
2022-12-11,Monterey,053,433212,96150,95709,22104,117813,776
2022-12-11,Napa,055,140530,33229,33043,1473,34516,164
2022-12-11,Nevada,057,99092,19714,19565,2125,21690,132
2022-12-11,Orange,059,3164182,688368,684112,70634,754746,7576
2022-12-11,Placer,061,380077,78587,78117,9935,88052,665
2022-12-11,Plumas,063,18699,3771,3762,452,4214,13
2022-12-11,Riverside,065,2383286,715267,710833,38505,749338,6697
2022-12-11,Sacramento,067,1510023,359665,357413,36150,393563,3382
2022-12-11,San Benito,069,59416,17077,16829,1046,17875,108
2022-12-11,San Bernardino,071,2135413,691364,686731,33004,719735,8135
2022-12-11,San Diego,073,3302833,953400,948180,76469,1024649,5584
2022-12-11,San Francisco,075,870044,188108,186203,12798,199001,1081
2022-12-11,San Joaquin,077,732212,204142,202515,16095,218610,2354
2022-12-11,San Luis Obispo,079,281455,64721,64350,7544,71894,533
2022-12-11,San Mateo,081,765935,176476,174791,10899,185690,749
2022-12-11,Santa Barbara,083,443738,108788,108151,7224,115375,739
2022-12-11,Santa Clara,085,1922200,456363,448654,20543,469197,2565
2022-12-11,Santa Cruz,087,273765,66338,65656,3660,69316,275
2022-12-11,Shasta,089,179085,35881,35666,8043,43709,598
2022-12-11,Sierra,091,2930,310,308,61,369,5
2022-12-11,Siskiyou,093,43540,5324,5442,3393,8835,95
2022-12-11,Solano,095,438530,109560,108649,8246,116895,473
2022-12-11,Sonoma,097,501317,110274,109622,5500,115122,531
2022-12-11,Stanislaus,099,539301,141654,140827,22275,163102,1785
2022-12-11,Sutter,101,95872,25032,24906,2504,27410,234
2022-12-11,Tehama,103,63373,14144,14004,3298,17302,218
2022-12-11,Trinity,105,12862,1445,1431,463,1894,23
2022-12-11,Tulare,107,460477,124800,123976,38272,162248,1546
2022-12-11,Tuolumne,109,53932,16271,16054,959,17013,208
2022-12-11,Ventura,111,848112,214975,213720,16899,230619,1598
2022-12-11,Yolo,113,214977,48887,48547,4626,53173,416
2022-12-11,Yuba,115,75493,19488,19399,1783,21182,132
2022-12-10,Alameda,001,1643700,363825,360943,21215,382158,2081
2022-12-10,Alpine,002,1148,139,139,2,141,0
2022-12-10,Amador,005,37829,10247,10196,951,11147,96
2022-12-10,Butte,007,227075,40801,40598,9712,50310,470
2022-12-10,Calaveras,009,45235,8774,8727,601,9328,135
2022-12-10,Colusa,011,21464,3880,3869,1319,5188,22
2022-12-10,Contra Costa,013,1133247,261880,259434,21583,281017,1487
2022-12-10,Del Norte,015,27424,7625,7563,413,7976,56
2022-12-10,El Dorado,017,186661,33595,33447,4427,37874,235
2022-12-10,Fresno,019,978130,286459,281598,33149,314747,2899
2022-12-10,Glenn,021,27897,5692,5668,1947,7615,58
2022-12-10,Humboldt,023,135768,22783,22566,5479,28045,161
2022-12-10,Imperial,025,180216,68186,67632,17847,85479,962
2022-12-10,Inyo,027,18085,4655,4627,1160,5787,60
2022-12-10,Kern,029,883053,224000,222985,67897,290882,2437
2022-12-10,Kings,031,150075,61268,60965,4327,65292,464
2022-12-10,Lake,033,64148,13251,13140,1237,14377,149
2022-12-10,Lassen,035,31185,10148,10128,1028,11156,66
2022-12-10,Los Angeles,037,10098052,3392478,3370904,199790,3570694,34009
2022-12-10,Madera,039,155013,45192,44902,8581,53483,379
2022-12-10,Marin,041,260295,47245,46842,5499,52341,315
2022-12-10,Mariposa,043,17540,3247,3190,353,3543,32
2022-12-10,Mendocino,045,87422,16449,16350,4660,21010,136
2022-12-10,Merced,047,269075,74635,73999,12357,86356,877
2022-12-10,Modoc,049,8938,919,908,354,1262,11
2022-12-10,Mono,051,14174,3256,3238,279,3517,8
2022-12-10,Monterey,053,433212,96118,95709,22090,117799,776
2022-12-10,Napa,055,140530,33216,33043,1473,34516,164
2022-12-10,Nevada,057,99092,19708,19565,2123,21688,132
2022-12-10,Orange,059,3164182,688089,684112,70520,754632,7576
2022-12-10,Placer,061,380077,78545,78117,9930,88047,665
2022-12-10,Plumas,063,18699,3769,3762,452,4214,13
2022-12-10,Riverside,065,2383286,714949,710833,38448,749281,6697
2022-12-10,Sacramento,067,1510023,359522,357413,36135,393548,3382
2022-12-10,San Benito,069,59416,17059,16829,1044,17873,108
2022-12-10,San Bernardino,071,2135413,691053,686731,32962,719693,8135
2022-12-10,San Diego,073,3302833,953043,948180,76406,1024586,5584
2022-12-10,San Francisco,075,870044,187962,186203,12795,198998,1081
2022-12-10,San Joaquin,077,732212,204056,202515,16075,218590,2354
2022-12-10,San Luis Obispo,079,281455,64701,64350,7538,71888,533
2022-12-10,San Mateo,081,765935,176368,174791,10891,185682,749
2022-12-10,Santa Barbara,083,443738,108738,108151,7214,115365,739
2022-12-10,Santa Clara,085,1922200,456070,448654,20523,469177,2565
2022-12-10,Santa Cruz,087,273765,66304,65656,3656,69312,275
2022-12-10,Shasta,089,179085,35871,35666,8040,43706,598
2022-12-10,Sierra,091,2930,310,308,61,369,5
2022-12-10,Siskiyou,093,43540,5323,5442,3393,8835,95
2022-12-10,Solano,095,438530,109535,108649,8241,116890,473
2022-12-10,Sonoma,097,501317,110234,109622,5500,115122,531
2022-12-10,Stanislaus,099,539301,141597,140827,22261,163088,1785
2022-12-10,Sutter,101,95872,25022,24906,2504,27410,234
2022-12-10,Tehama,103,63373,14139,14004,3297,17301,218
2022-12-10,Trinity,105,12862,1444,1431,463,1894,23
2022-12-10,Tulare,107,460477,124755,123976,38248,162224,1546
2022-12-10,Tuolumne,109,53932,16232,16054,958,17012,208
2022-12-10,Ventura,111,848112,214893,213720,16879,230599,1598
2022-12-10,Yolo,113,214977,48864,48547,4616,53163,416
2022-12-10,Yuba,115,75493,19481,19399,1778,21177,132
2022-12-09,Alameda,001,1643700,363547,360943,21187,382130,2081
2022-12-09,Alpine,002,1148,139,139,2,141,0
2022-12-09,Amador,005,37829,10243,10196,950,11146,96
2022-12-09,Butte,007,227075,40786,40598,9702,50300,470
2022-12-09,Calaveras,009,45235,8769,8727,599,9326,135
2022-12-09,Colusa,011,21464,3876,3869,1319,5188,22
2022-12-09,Contra Costa,013,1133247,261731,259434,21571,281005,1487
2022-12-09,Del Norte,015,27424,7621,7563,413,7976,56
2022-12-09,El Dorado,017,186661,33581,33447,4425,37872,235
2022-12-09,Fresno,019,978130,286315,281598,33101,314699,2899
2022-12-09,Glenn,021,27897,5691,5668,1946,7614,58
2022-12-09,Humboldt,023,135768,22774,22566,5475,28041,161
2022-12-09,Imperial,025,180216,68152,67632,17842,85474,962
2022-12-09,Inyo,027,18085,4654,4627,1158,5785,60
2022-12-09,Kern,029,883053,223904,222985,67834,290819,2437
2022-12-09,Kings,031,150075,61244,60965,4327,65292,464
2022-12-09,Lake,033,64148,13246,13140,1237,14377,149
2022-12-09,Lassen,035,31185,10147,10128,1028,11156,66
2022-12-09,Los Angeles,037,10098052,3390771,3370904,199465,3570369,34009
2022-12-09,Madera,039,155013,45170,44902,8573,53475,379
2022-12-09,Marin,041,260295,47223,46842,5493,52335,315
2022-12-09,Mariposa,043,17540,3246,3190,353,3543,32
2022-12-09,Mendocino,045,87422,16442,16350,4660,21010,136
2022-12-09,Merced,047,269075,74599,73999,12352,86351,877
2022-12-09,Modoc,049,8938,919,908,354,1262,11
2022-12-09,Mono,051,14174,3255,3238,279,3517,8
2022-12-09,Monterey,053,433212,96092,95709,22084,117793,776
2022-12-09,Napa,055,140530,33203,33043,1472,34515,164
2022-12-09,Nevada,057,99092,19701,19565,2120,21685,132
2022-12-09,Orange,059,3164182,687744,684112,70401,754513,7576
2022-12-09,Placer,061,380077,78520,78117,9926,88043,665
2022-12-09,Plumas,063,18699,3768,3762,452,4214,13
2022-12-09,Riverside,065,2383286,714640,710833,38385,749218,6697
2022-12-09,Sacramento,067,1510023,359319,357413,36120,393533,3382
2022-12-09,San Benito,069,59416,17050,16829,1043,17872,108
2022-12-09,San Bernardino,071,2135413,690727,686731,32923,719654,8135
2022-12-09,San Diego,073,3302833,952614,948180,76331,1024511,5584
2022-12-09,San Francisco,075,870044,187848,186203,12781,198984,1081
2022-12-09,San Joaquin,077,732212,203968,202515,16064,218579,2354
2022-12-09,San Luis Obispo,079,281455,64686,64350,7535,71885,533
2022-12-09,San Mateo,081,765935,176254,174791,10882,185673,749
2022-12-09,Santa Barbara,083,443738,108694,108151,7212,115363,739
2022-12-09,Santa Clara,085,1922200,455747,448654,20488,469142,2565
2022-12-09,Santa Cruz,087,273765,66232,65656,3656,69312,275
2022-12-09,Shasta,089,179085,35862,35666,8034,43700,598
2022-12-09,Sierra,091,2930,310,308,61,369,5
2022-12-09,Siskiyou,093,43540,5322,5442,3392,8834,95
2022-12-09,Solano,095,438530,109470,108649,8235,116884,473
2022-12-09,Sonoma,097,501317,110180,109622,5497,115119,531
2022-12-09,Stanislaus,099,539301,141523,140827,22249,163076,1785
2022-12-09,Sutter,101,95872,25012,24906,2504,27410,234
2022-12-09,Tehama,103,63373,14132,14004,3296,17300,218
2022-12-09,Trinity,105,12862,1444,1431,463,1894,23
2022-12-09,Tulare,107,460477,124711,123976,38213,162189,1546
2022-12-09,Tuolumne,109,53932,16216,16054,958,17012,208
2022-12-09,Ventura,111,848112,214806,213720,16860,230580,1598
2022-12-09,Yolo,113,214977,48850,48547,4608,53155,416
2022-12-09,Yuba,115,75493,19474,19399,1777,21176,132
2022-12-08,Alameda,001,1643700,363139,360943,21142,382085,2081
2022-12-08,Alpine,002,1148,139,139,2,141,0
2022-12-08,Amador,005,37829,10237,10196,950,11146,96
2022-12-08,Butte,007,227075,40759,40598,9683,50281,470
2022-12-08,Calaveras,009,45235,8765,8727,598,9325,135
2022-12-08,Colusa,011,21464,3872,3869,1319,5188,22
2022-12-08,Contra Costa,013,1133247,261504,259434,21554,280988,1487
2022-12-08,Del Norte,015,27424,7618,7563,413,7976,56
2022-12-08,El Dorado,017,186661,33556,33447,4424,37871,235
2022-12-08,Fresno,019,978130,286110,281598,33057,314655,2899
2022-12-08,Glenn,021,27897,5685,5668,1943,7611,58
2022-12-08,Humboldt,023,135768,22760,22566,5467,28033,161
2022-12-08,Imperial,025,180216,68078,67632,17805,85437,962
2022-12-08,Inyo,027,18085,4648,4627,1157,5784,60
2022-12-08,Kern,029,883053,223788,222985,67760,290745,2437
2022-12-08,Kings,031,150075,61205,60965,4326,65291,464
2022-12-08,Lake,033,64148,13232,13140,1237,14377,149
2022-12-08,Lassen,035,31185,10145,10128,1028,11156,66
2022-12-08,Los Angeles,037,10098052,3388278,3370904,199043,3569947,34009
2022-12-08,Madera,039,155013,45149,44902,8570,53472,379
2022-12-08,Marin,041,260295,47170,46842,5484,52326,315
2022-12-08,Mariposa,043,17540,3239,3190,353,3543,32
2022-12-08,Mendocino,045,87422,16436,16350,4659,21009,136
2022-12-08,Merced,047,269075,74574,73999,12340,86339,877
2022-12-08,Modoc,049,8938,919,908,354,1262,11
2022-12-08,Mono,051,14174,3254,3238,279,3517,8
2022-12-08,Monterey,053,433212,96064,95709,22059,117768,776
2022-12-08,Napa,055,140530,33171,33043,1471,34514,164
2022-12-08,Nevada,057,99092,19682,19565,2118,21683,132
2022-12-08,Orange,059,3164182,687289,684112,70247,754359,7576
2022-12-08,Placer,061,380077,78468,78117,9920,88037,665
2022-12-08,Plumas,063,18699,3768,3762,452,4214,13
2022-12-08,Riverside,065,2383286,714170,710833,38306,749139,6697
2022-12-08,Sacramento,067,1510023,359013,357413,36058,393471,3382
2022-12-08,San Benito,069,59416,17041,16829,1043,17872,108
2022-12-08,San Bernardino,071,2135413,690191,686731,32871,719602,8135
2022-12-08,San Diego,073,3302833,951990,948180,76190,1024370,5584
2022-12-08,San Francisco,075,870044,187641,186203,12758,198961,1081
2022-12-08,San Joaquin,077,732212,203838,202515,16042,218557,2354
2022-12-08,San Luis Obispo,079,281455,64654,64350,7520,71870,533
2022-12-08,San Mateo,081,765935,176094,174791,10875,185666,749
2022-12-08,Santa Barbara,083,443738,108622,108151,7209,115360,739
2022-12-08,Santa Clara,085,1922200,455253,448654,20449,469103,2565
2022-12-08,Santa Cruz,087,273765,66204,65656,3653,69309,275
2022-12-08,Shasta,089,179085,35849,35666,8030,43696,598
2022-12-08,Sierra,091,2930,310,308,61,369,5
2022-12-08,Siskiyou,093,43540,5319,5442,3391,8833,95
2022-12-08,Solano,095,438530,109364,108649,8231,116880,473
2022-12-08,Sonoma,097,501317,110100,109622,5493,115115,531
2022-12-08,Stanislaus,099,539301,141441,140827,22224,163051,1785
2022-12-08,Sutter,101,95872,24989,24906,2501,27407,234
2022-12-08,Tehama,103,63373,14120,14004,3293,17297,218
2022-12-08,Trinity,105,12862,1443,1431,461,1892,23
2022-12-08,Tulare,107,460477,124669,123976,38161,162137,1546
2022-12-08,Tuolumne,109,53932,16194,16054,957,17011,208
2022-12-08,Ventura,111,848112,214683,213720,16824,230544,1598
2022-12-08,Yolo,113,214977,48808,48547,4604,53151,416
2022-12-08,Yuba,115,75493,19463,19399,1774,21173,132
2022-12-07,Alameda,001,1643700,362759,360943,21096,382039,2081
2022-12-07,Alpine,002,1148,139,139,2,141,0
2022-12-07,Amador,005,37829,10234,10196,950,11146,96
2022-12-07,Butte,007,227075,40727,40598,9668,50266,470
2022-12-07,Calaveras,009,45235,8760,8727,597,9324,135
2022-12-07,Colusa,011,21464,3872,3869,1319,5188,22
2022-12-07,Contra Costa,013,1133247,261272,259434,21524,280958,1487
2022-12-07,Del Norte,015,27424,7616,7563,413,7976,56
2022-12-07,El Dorado,017,186661,33530,33447,4420,37867,235
2022-12-07,Fresno,019,978130,285848,281598,33011,314609,2899
2022-12-07,Glenn,021,27897,5684,5668,1943,7611,58
2022-12-07,Humboldt,023,135768,22744,22566,5452,28018,161
2022-12-07,Imperial,025,180216,68008,67632,17736,85368,962
2022-12-07,Inyo,027,18085,4644,4627,1132,5759,60
2022-12-07,Kern,029,883053,223666,222985,67656,290641,2437
2022-12-07,Kings,031,150075,61162,60965,4322,65287,464
2022-12-07,Lake,033,64148,13224,13140,1237,14377,149
2022-12-07,Lassen,035,31185,10144,10128,1028,11156,66
2022-12-07,Los Angeles,037,10098052,3385625,3370904,198549,3569453,34009
2022-12-07,Madera,039,155013,45103,44902,8566,53468,379
2022-12-07,Marin,041,260295,47127,46842,5478,52320,315
2022-12-07,Mariposa,043,17540,3236,3190,353,3543,32
2022-12-07,Mendocino,045,87422,16432,16350,4654,21004,136
2022-12-07,Merced,047,269075,74531,73999,12307,86306,877
2022-12-07,Modoc,049,8938,918,908,354,1262,11
2022-12-07,Mono,051,14174,3252,3238,279,3517,8
2022-12-07,Monterey,053,433212,96025,95709,22035,117744,776
2022-12-07,Napa,055,140530,33153,33043,1467,34510,164
2022-12-07,Nevada,057,99092,19665,19565,2109,21674,132
2022-12-07,Orange,059,3164182,686774,684112,70083,754195,7576
2022-12-07,Placer,061,380077,78423,78117,9916,88033,665
2022-12-07,Plumas,063,18699,3767,3762,452,4214,13
2022-12-07,Riverside,065,2383286,713621,710833,38230,749063,6697
2022-12-07,Sacramento,067,1510023,358769,357413,36004,393417,3382
2022-12-07,San Benito,069,59416,17019,16829,1039,17868,108
2022-12-07,San Bernardino,071,2135413,689664,686731,32793,719524,8135
2022-12-07,San Diego,073,3302833,951196,948180,76046,1024226,5584
2022-12-07,San Francisco,075,870044,187436,186203,12745,198948,1081
2022-12-07,San Joaquin,077,732212,203677,202515,16012,218527,2354
2022-12-07,San Luis Obispo,079,281455,64628,64350,7500,71850,533
2022-12-07,San Mateo,081,765935,175934,174791,10865,185656,749
2022-12-07,Santa Barbara,083,443738,108540,108151,7201,115352,739
2022-12-07,Santa Clara,085,1922200,454813,448654,20411,469065,2565
2022-12-07,Santa Cruz,087,273765,66111,65656,3643,69299,275
2022-12-07,Shasta,089,179085,35829,35666,8019,43685,598
2022-12-07,Sierra,091,2930,310,308,61,369,5
2022-12-07,Siskiyou,093,43540,5317,5442,3391,8833,95
2022-12-07,Solano,095,438530,109267,108649,8225,116874,473
2022-12-07,Sonoma,097,501317,110027,109622,5491,115113,531
2022-12-07,Stanislaus,099,539301,141379,140827,22203,163030,1785
2022-12-07,Sutter,101,95872,24974,24906,2501,27407,234
2022-12-07,Tehama,103,63373,14111,14004,3290,17294,218
2022-12-07,Trinity,105,12862,1443,1431,460,1891,23
2022-12-07,Tulare,107,460477,124616,123976,38126,162102,1546
2022-12-07,Tuolumne,109,53932,16183,16054,957,17011,208
2022-12-07,Ventura,111,848112,214560,213720,16798,230518,1598
2022-12-07,Yolo,113,214977,48777,48547,4602,53149,416
2022-12-07,Yuba,115,75493,19457,19399,1772,21171,132
2022-12-06,Alameda,001,1643700,362308,360943,21064,382007,2081
2022-12-06,Alpine,002,1148,139,139,2,141,0
2022-12-06,Amador,005,37829,10226,10196,949,11145,96
2022-12-06,Butte,007,227075,40698,40598,9657,50255,470
2022-12-06,Calaveras,009,45235,8754,8727,595,9322,135
2022-12-06,Colusa,011,21464,3871,3869,1319,5188,22
2022-12-06,Contra Costa,013,1133247,260962,259434,21494,280928,1487
2022-12-06,Del Norte,015,27424,7612,7563,413,7976,56
2022-12-06,El Dorado,017,186661,33503,33447,4418,37865,235
2022-12-06,Fresno,019,978130,285625,281598,32961,314559,2899
2022-12-06,Glenn,021,27897,5681,5668,1938,7606,58
2022-12-06,Humboldt,023,135768,22722,22566,5442,28008,161
2022-12-06,Imperial,025,180216,67929,67632,17671,85303,962
2022-12-06,Inyo,027,18085,4641,4627,1128,5755,60
2022-12-06,Kern,029,883053,223562,222985,67544,290529,2437
2022-12-06,Kings,031,150075,61119,60965,4317,65282,464
2022-12-06,Lake,033,64148,13217,13140,1237,14377,149
2022-12-06,Lassen,035,31185,10142,10128,1027,11155,66
2022-12-06,Los Angeles,037,10098052,3382755,3370904,197983,3568887,34009
2022-12-06,Madera,039,155013,45079,44902,8538,53440,379
2022-12-06,Marin,041,260295,47080,46842,5472,52314,315
2022-12-06,Mariposa,043,17540,3236,3190,353,3543,32
2022-12-06,Mendocino,045,87422,16424,16350,4652,21002,136
2022-12-06,Merced,047,269075,74486,73999,12286,86285,877
2022-12-06,Modoc,049,8938,915,908,353,1261,11
2022-12-06,Mono,051,14174,3251,3238,279,3517,8
2022-12-06,Monterey,053,433212,95992,95709,22015,117724,776
2022-12-06,Napa,055,140530,33130,33043,1466,34509,164
2022-12-06,Nevada,057,99092,19650,19565,2100,21665,132
2022-12-06,Orange,059,3164182,686235,684112,69902,754014,7576
2022-12-06,Placer,061,380077,78361,78117,9905,88022,665
2022-12-06,Plumas,063,18699,3767,3762,452,4214,13
2022-12-06,Riverside,065,2383286,713118,710833,38119,748952,6697
2022-12-06,Sacramento,067,1510023,358506,357413,35970,393383,3382
2022-12-06,San Benito,069,59416,17000,16829,1035,17864,108
2022-12-06,San Bernardino,071,2135413,689097,686731,32732,719463,8135
2022-12-06,San Diego,073,3302833,950365,948180,75903,1024083,5584
2022-12-06,San Francisco,075,870044,187211,186203,12735,198938,1081
2022-12-06,San Joaquin,077,732212,203513,202515,15989,218504,2354
2022-12-06,San Luis Obispo,079,281455,64591,64350,7470,71820,533
2022-12-06,San Mateo,081,765935,175743,174791,10842,185633,749
2022-12-06,Santa Barbara,083,443738,108471,108151,7184,115335,739
2022-12-06,Santa Clara,085,1922200,454309,448654,20362,469016,2565
2022-12-06,Santa Cruz,087,273765,66004,65656,3641,69297,275
2022-12-06,Shasta,089,179085,35812,35666,8008,43674,598
2022-12-06,Sierra,091,2930,308,308,61,369,5
2022-12-06,Siskiyou,093,43540,5314,5442,3388,8830,95
2022-12-06,Solano,095,438530,109155,108649,8211,116860,473
2022-12-06,Sonoma,097,501317,109939,109622,5488,115110,531
2022-12-06,Stanislaus,099,539301,141282,140827,22173,163000,1785
2022-12-06,Sutter,101,95872,24959,24906,2498,27404,234
2022-12-06,Tehama,103,63373,14094,14004,3281,17285,218
2022-12-06,Trinity,105,12862,1443,1431,459,1890,23
2022-12-06,Tulare,107,460477,124556,123976,38074,162050,1546
2022-12-06,Tuolumne,109,53932,16174,16054,956,17010,208
2022-12-06,Ventura,111,848112,214393,213720,16765,230485,1598
2022-12-06,Yolo,113,214977,48736,48547,4597,53144,416
2022-12-06,Yuba,115,75493,19443,19399,1771,21170,132
2022-12-05,Alameda,001,1643700,361861,357689,21027,378716,2063
2022-12-05,Alpine,002,1148,139,139,2,141,0
2022-12-05,Amador,005,37829,10221,10150,949,11099,96
2022-12-05,Butte,007,227075,40660,40335,9642,49977,465
2022-12-05,Calaveras,009,45235,8748,8676,594,9270,135
2022-12-05,Colusa,011,21464,3870,3849,1319,5168,22
2022-12-05,Contra Costa,013,1133247,260695,257263,21475,278738,1485
2022-12-05,Del Norte,015,27424,7604,7519,412,7931,56
2022-12-05,El Dorado,017,186661,33485,33200,4414,37614,235
2022-12-05,Fresno,019,978130,285348,279787,32899,312686,2898
2022-12-05,Glenn,021,27897,5678,5647,1938,7585,58
2022-12-05,Humboldt,023,135768,22706,22436,5434,27870,160
2022-12-05,Imperial,025,180216,67826,67001,17604,84605,960
2022-12-05,Inyo,027,18085,4638,4590,1127,5717,60
2022-12-05,Kern,029,883053,223365,222087,67448,289535,2431
2022-12-05,Kings,031,150075,61055,60636,4309,64945,464
2022-12-05,Lake,033,64148,13207,13078,1237,14315,149
2022-12-05,Lassen,035,31185,10137,10110,1027,11137,65
2022-12-05,Los Angeles,037,10098052,3379678,3346956,197427,3544383,33937
2022-12-05,Madera,039,155013,45035,44650,8535,53185,377
2022-12-05,Marin,041,260295,47022,46509,5461,51970,314
2022-12-05,Mariposa,043,17540,3230,3175,353,3528,32
2022-12-05,Mendocino,045,87422,16412,16294,4646,20940,136
2022-12-05,Merced,047,269075,74433,73547,12265,85812,876
2022-12-05,Modoc,049,8938,914,895,353,1248,11
2022-12-05,Mono,051,14174,3249,3237,279,3516,8
2022-12-05,Monterey,053,433212,95947,95364,21997,117361,775
2022-12-05,Napa,055,140530,33107,32859,1463,34322,161
2022-12-05,Nevada,057,99092,19640,19398,2097,21495,132
2022-12-05,Orange,059,3164182,685603,679165,69696,748861,7567
2022-12-05,Placer,061,380077,78313,77618,9898,87516,665
2022-12-05,Plumas,063,18699,3766,3738,451,4189,13
2022-12-05,Riverside,065,2383286,712522,706396,38011,744407,6693
2022-12-05,Sacramento,067,1510023,358195,354844,35915,390759,3377
2022-12-05,San Benito,069,59416,16963,16555,1031,17586,108
2022-12-05,San Bernardino,071,2135413,688460,681872,32670,714542,8133
2022-12-05,San Diego,073,3302833,949503,942451,75758,1018209,5569
2022-12-05,San Francisco,075,870044,186964,184552,12719,197271,1078
2022-12-05,San Joaquin,077,732212,203338,201175,15964,217139,2347
2022-12-05,San Luis Obispo,079,281455,64548,64105,7456,71561,531
2022-12-05,San Mateo,081,765935,175526,173283,10832,184115,748
2022-12-05,Santa Barbara,083,443738,108387,107527,7169,114696,738
2022-12-05,Santa Clara,085,1922200,453756,444150,20312,464462,2560
2022-12-05,Santa Cruz,087,273765,65880,65044,3636,68680,275
2022-12-05,Shasta,089,179085,35794,35519,7998,43517,598
2022-12-05,Sierra,091,2930,308,308,61,369,5
2022-12-05,Siskiyou,093,43540,5313,5406,3386,8792,95
2022-12-05,Solano,095,438530,109054,107925,8198,116123,470
2022-12-05,Sonoma,097,501317,109845,109040,5482,114522,530
2022-12-05,Stanislaus,099,539301,141169,140127,22156,162283,1785
2022-12-05,Sutter,101,95872,24935,24800,2495,27295,234
2022-12-05,Tehama,103,63373,14078,13904,3277,17181,216
2022-12-05,Trinity,105,12862,1443,1428,458,1886,22
2022-12-05,Tulare,107,460477,124464,123368,38018,161386,1546
2022-12-05,Tuolumne,109,53932,16155,15945,955,16900,207
2022-12-05,Ventura,111,848112,214226,212363,16736,229099,1591
2022-12-05,Yolo,113,214977,48701,48329,4594,52923,409
2022-12-05,Yuba,115,75493,19431,19307,1771,21078,132
2022-12-04,Alameda,001,1643700,361316,357689,20969,378658,2063
2022-12-04,Alpine,002,1148,139,139,2,141,0
2022-12-04,Amador,005,37829,10217,10150,949,11099,96
2022-12-04,Butte,007,227075,40599,40335,9626,49961,465
2022-12-04,Calaveras,009,45235,8737,8676,592,9268,135
2022-12-04,Colusa,011,21464,3868,3849,1319,5168,22
2022-12-04,Contra Costa,013,1133247,260340,257263,21438,278701,1485
2022-12-04,Del Norte,015,27424,7598,7519,412,7931,56
2022-12-04,El Dorado,017,186661,33463,33200,4406,37606,235
2022-12-04,Fresno,019,978130,285046,279787,32832,312619,2898
2022-12-04,Glenn,021,27897,5673,5647,1935,7582,58
2022-12-04,Humboldt,023,135768,22676,22436,5424,27860,160
2022-12-04,Imperial,025,180216,67743,67001,17499,84500,960
2022-12-04,Inyo,027,18085,4636,4590,1125,5715,60
2022-12-04,Kern,029,883053,223226,222087,67318,289405,2431
2022-12-04,Kings,031,150075,60998,60636,4294,64930,464
2022-12-04,Lake,033,64148,13193,13078,1236,14314,149
2022-12-04,Lassen,035,31185,10134,10110,1025,11135,65
2022-12-04,Los Angeles,037,10098052,3375844,3346956,196756,3543712,33937
2022-12-04,Madera,039,155013,45007,44650,8525,53175,377
2022-12-04,Marin,041,260295,46955,46509,5452,51961,314
2022-12-04,Mariposa,043,17540,3227,3175,353,3528,32
2022-12-04,Mendocino,045,87422,16404,16294,4642,20936,136
2022-12-04,Merced,047,269075,74383,73547,12226,85773,876
2022-12-04,Modoc,049,8938,912,895,353,1248,11
2022-12-04,Mono,051,14174,3248,3237,279,3516,8
2022-12-04,Monterey,053,433212,95905,95364,21974,117338,775
2022-12-04,Napa,055,140530,33084,32859,1454,34313,161
2022-12-04,Nevada,057,99092,19615,19398,2085,21483,132
2022-12-04,Orange,059,3164182,684915,679165,69436,748601,7567
2022-12-04,Placer,061,380077,78240,77618,9885,87503,665
2022-12-04,Plumas,063,18699,3763,3738,449,4187,13
2022-12-04,Riverside,065,2383286,711830,706396,37886,744282,6693
2022-12-04,Sacramento,067,1510023,357844,354844,35843,390687,3377
2022-12-04,San Benito,069,59416,16947,16555,1031,17586,108
2022-12-04,San Bernardino,071,2135413,687673,681872,32596,714468,8133
2022-12-04,San Diego,073,3302833,948440,942451,75590,1018041,5569
2022-12-04,San Francisco,075,870044,186664,184552,12683,197235,1078
2022-12-04,San Joaquin,077,732212,203152,201175,15929,217104,2347
2022-12-04,San Luis Obispo,079,281455,64506,64105,7442,71547,531
2022-12-04,San Mateo,081,765935,175319,173283,10817,184100,748
2022-12-04,Santa Barbara,083,443738,108288,107527,7160,114687,738
2022-12-04,Santa Clara,085,1922200,453114,444150,20254,464404,2560
2022-12-04,Santa Cruz,087,273765,65816,65044,3626,68670,275
2022-12-04,Shasta,089,179085,35774,35519,7974,43493,598
2022-12-04,Sierra,091,2930,308,308,61,369,5
2022-12-04,Siskiyou,093,43540,5308,5406,3385,8791,95
2022-12-04,Solano,095,438530,108908,107925,8192,116117,470
2022-12-04,Sonoma,097,501317,109746,109040,5475,114515,530
2022-12-04,Stanislaus,099,539301,141049,140127,22134,162261,1785
2022-12-04,Sutter,101,95872,24915,24800,2484,27284,234
2022-12-04,Tehama,103,63373,14063,13904,3276,17180,216
2022-12-04,Trinity,105,12862,1443,1428,458,1886,22
2022-12-04,Tulare,107,460477,124355,123368,37957,161325,1546
2022-12-04,Tuolumne,109,53932,16132,15945,954,16899,207
2022-12-04,Ventura,111,848112,214056,212363,16693,229056,1591
2022-12-04,Yolo,113,214977,48656,48329,4585,52914,409
2022-12-04,Yuba,115,75493,19421,19307,1769,21076,132
2022-12-03,Alameda,001,1643700,361076,357689,20935,378624,2063
2022-12-03,Alpine,002,1148,139,139,2,141,0
2022-12-03,Amador,005,37829,10210,10150,949,11099,96
2022-12-03,Butte,007,227075,40583,40335,9616,49951,465
2022-12-03,Calaveras,009,45235,8734,8676,592,9268,135
2022-12-03,Colusa,011,21464,3867,3849,1319,5168,22
2022-12-03,Contra Costa,013,1133247,260166,257263,21421,278684,1485
2022-12-03,Del Norte,015,27424,7594,7519,411,7930,56
2022-12-03,El Dorado,017,186661,33447,33200,4404,37604,235
2022-12-03,Fresno,019,978130,284919,279787,32813,312600,2898
2022-12-03,Glenn,021,27897,5671,5647,1935,7582,58
2022-12-03,Humboldt,023,135768,22654,22436,5413,27849,160
2022-12-03,Imperial,025,180216,67706,67001,17480,84481,960
2022-12-03,Inyo,027,18085,4635,4590,1124,5714,60
2022-12-03,Kern,029,883053,223174,222087,67241,289328,2431
2022-12-03,Kings,031,150075,60978,60636,4292,64928,464
2022-12-03,Lake,033,64148,13188,13078,1235,14313,149
2022-12-03,Lassen,035,31185,10132,10110,1025,11135,65
2022-12-03,Los Angeles,037,10098052,3373963,3346956,196398,3543354,33937
2022-12-03,Madera,039,155013,44987,44650,8522,53172,377
2022-12-03,Marin,041,260295,46914,46509,5447,51956,314
2022-12-03,Mariposa,043,17540,3225,3175,353,3528,32
2022-12-03,Mendocino,045,87422,16398,16294,4641,20935,136
2022-12-03,Merced,047,269075,74344,73547,12214,85761,876
2022-12-03,Modoc,049,8938,910,895,352,1247,11
2022-12-03,Mono,051,14174,3246,3237,279,3516,8
2022-12-03,Monterey,053,433212,95884,95364,21957,117321,775
2022-12-03,Napa,055,140530,33076,32859,1454,34313,161
2022-12-03,Nevada,057,99092,19608,19398,2083,21481,132
2022-12-03,Orange,059,3164182,684572,679165,69274,748439,7567
2022-12-03,Placer,061,380077,78191,77618,9884,87502,665
2022-12-03,Plumas,063,18699,3761,3738,448,4186,13
2022-12-03,Riverside,065,2383286,711440,706396,37825,744221,6693
2022-12-03,Sacramento,067,1510023,357664,354844,35822,390666,3377
2022-12-03,San Benito,069,59416,16926,16555,1028,17583,108
2022-12-03,San Bernardino,071,2135413,687314,681872,32549,714421,8133
2022-12-03,San Diego,073,3302833,947939,942451,75527,1017978,5569
2022-12-03,San Francisco,075,870044,186524,184552,12676,197228,1078
2022-12-03,San Joaquin,077,732212,203040,201175,15906,217081,2347
2022-12-03,San Luis Obispo,079,281455,64493,64105,7437,71542,531
2022-12-03,San Mateo,081,765935,175195,173283,10808,184091,748
2022-12-03,Santa Barbara,083,443738,108248,107527,7154,114681,738
2022-12-03,Santa Clara,085,1922200,452762,444150,20217,464367,2560
2022-12-03,Santa Cruz,087,273765,65774,65044,3615,68659,275
2022-12-03,Shasta,089,179085,35764,35519,7971,43490,598
2022-12-03,Sierra,091,2930,308,308,61,369,5
2022-12-03,Siskiyou,093,43540,5307,5406,3385,8791,95
2022-12-03,Solano,095,438530,108879,107925,8184,116109,470
2022-12-03,Sonoma,097,501317,109698,109040,5473,114513,530
2022-12-03,Stanislaus,099,539301,140983,140127,22118,162245,1785
2022-12-03,Sutter,101,95872,24899,24800,2484,27284,234
2022-12-03,Tehama,103,63373,14059,13904,3273,17177,216
2022-12-03,Trinity,105,12862,1443,1428,458,1886,22
2022-12-03,Tulare,107,460477,124293,123368,37923,161291,1546
2022-12-03,Tuolumne,109,53932,16116,15945,951,16896,207
2022-12-03,Ventura,111,848112,213961,212363,16673,229036,1591
2022-12-03,Yolo,113,214977,48630,48329,4583,52912,409
2022-12-03,Yuba,115,75493,19416,19307,1768,21075,132
2022-12-02,Alameda,001,1643700,360807,357689,20909,378598,2063
2022-12-02,Alpine,002,1148,139,139,2,141,0
2022-12-02,Amador,005,37829,10204,10150,949,11099,96
2022-12-02,Butte,007,227075,40568,40335,9602,49937,465
2022-12-02,Calaveras,009,45235,8730,8676,592,9268,135
2022-12-02,Colusa,011,21464,3867,3849,1319,5168,22
2022-12-02,Contra Costa,013,1133247,260011,257263,21414,278677,1485
2022-12-02,Del Norte,015,27424,7590,7519,411,7930,56
2022-12-02,El Dorado,017,186661,33431,33200,4404,37604,235
2022-12-02,Fresno,019,978130,284760,279787,32787,312574,2898
2022-12-02,Glenn,021,27897,5670,5647,1934,7581,58
2022-12-02,Humboldt,023,135768,22642,22436,5409,27845,160
2022-12-02,Imperial,025,180216,67663,67001,17462,84463,960
2022-12-02,Inyo,027,18085,4632,4590,1122,5712,60
2022-12-02,Kern,029,883053,223084,222087,67192,289279,2431
2022-12-02,Kings,031,150075,60960,60636,4290,64926,464
2022-12-02,Lake,033,64148,13182,13078,1234,14312,149
2022-12-02,Lassen,035,31185,10131,10110,1024,11134,65
2022-12-02,Los Angeles,037,10098052,3371915,3346956,195988,3542944,33937
2022-12-02,Madera,039,155013,44963,44650,8521,53171,377
2022-12-02,Marin,041,260295,46877,46509,5444,51953,314
2022-12-02,Mariposa,043,17540,3223,3175,352,3527,32
2022-12-02,Mendocino,045,87422,16393,16294,4641,20935,136
2022-12-02,Merced,047,269075,74314,73547,12208,85755,876
2022-12-02,Modoc,049,8938,909,895,351,1246,11
2022-12-02,Mono,051,14174,3246,3237,278,3515,8
2022-12-02,Monterey,053,433212,95852,95364,21940,117304,775
2022-12-02,Napa,055,140530,33062,32859,1450,34309,161
2022-12-02,Nevada,057,99092,19602,19398,2078,21476,132
2022-12-02,Orange,059,3164182,684204,679165,69091,748256,7567
2022-12-02,Placer,061,380077,78163,77618,9877,87495,665
2022-12-02,Plumas,063,18699,3761,3738,448,4186,13
2022-12-02,Riverside,065,2383286,710999,706396,37760,744156,6693
2022-12-02,Sacramento,067,1510023,357441,354844,35789,390633,3377
2022-12-02,San Benito,069,59416,16903,16555,1025,17580,108
2022-12-02,San Bernardino,071,2135413,686945,681872,32517,714389,8133
2022-12-02,San Diego,073,3302833,947432,942451,75451,1017902,5569
2022-12-02,San Francisco,075,870044,186401,184552,12662,197214,1078
2022-12-02,San Joaquin,077,732212,202942,201175,15889,217064,2347
2022-12-02,San Luis Obispo,079,281455,64472,64105,7427,71532,531
2022-12-02,San Mateo,081,765935,175071,173283,10798,184081,748
2022-12-02,Santa Barbara,083,443738,108193,107527,7152,114679,738
2022-12-02,Santa Clara,085,1922200,452440,444150,20193,464343,2560
2022-12-02,Santa Cruz,087,273765,65719,65044,3612,68656,275
2022-12-02,Shasta,089,179085,35747,35519,7969,43488,598
2022-12-02,Sierra,091,2930,308,308,61,369,5
2022-12-02,Siskiyou,093,43540,5305,5406,3385,8791,95
2022-12-02,Solano,095,438530,108807,107925,8177,116102,470
2022-12-02,Sonoma,097,501317,109647,109040,5466,114506,530
2022-12-02,Stanislaus,099,539301,140920,140127,22111,162238,1785
2022-12-02,Sutter,101,95872,24890,24800,2484,27284,234
2022-12-02,Tehama,103,63373,14054,13904,3269,17173,216
2022-12-02,Trinity,105,12862,1443,1428,457,1885,22
2022-12-02,Tulare,107,460477,124247,123368,37880,161248,1546
2022-12-02,Tuolumne,109,53932,16104,15945,949,16894,207
2022-12-02,Ventura,111,848112,213857,212363,16647,229010,1591
2022-12-02,Yolo,113,214977,48618,48329,4582,52911,409
2022-12-02,Yuba,115,75493,19405,19307,1768,21075,132
2022-12-01,Alameda,001,1643700,360401,357689,20859,378548,2063
2022-12-01,Alpine,002,1148,139,139,2,141,0
2022-12-01,Amador,005,37829,10198,10150,949,11099,96
2022-12-01,Butte,007,227075,40540,40335,9587,49922,465
2022-12-01,Calaveras,009,45235,8723,8676,589,9265,135
2022-12-01,Colusa,011,21464,3867,3849,1315,5164,22
2022-12-01,Contra Costa,013,1133247,259776,257263,21394,278657,1485
2022-12-01,Del Norte,015,27424,7588,7519,411,7930,56
2022-12-01,El Dorado,017,186661,33404,33200,4397,37597,235
2022-12-01,Fresno,019,978130,284579,279787,32742,312529,2898
2022-12-01,Glenn,021,27897,5662,5647,1931,7578,58
2022-12-01,Humboldt,023,135768,22625,22436,5404,27840,160
2022-12-01,Imperial,025,180216,67590,67001,17362,84363,960
2022-12-01,Inyo,027,18085,4626,4590,1118,5708,60
2022-12-01,Kern,029,883053,222938,222087,67103,289190,2431
2022-12-01,Kings,031,150075,60920,60636,4287,64923,464
2022-12-01,Lake,033,64148,13176,13078,1234,14312,149
2022-12-01,Lassen,035,31185,10129,10110,1024,11134,65
2022-12-01,Los Angeles,037,10098052,3369048,3346956,195488,3542444,33937
2022-12-01,Madera,039,155013,44930,44650,8508,53158,377
2022-12-01,Marin,041,260295,46837,46509,5431,51940,314
2022-12-01,Mariposa,043,17540,3219,3175,352,3527,32
2022-12-01,Mendocino,045,87422,16388,16294,4641,20935,136
2022-12-01,Merced,047,269075,74267,73547,12193,85740,876
2022-12-01,Modoc,049,8938,906,895,350,1245,11
2022-12-01,Mono,051,14174,3243,3237,277,3514,8
2022-12-01,Monterey,053,433212,95816,95364,21927,117291,775
2022-12-01,Napa,055,140530,33033,32859,1449,34308,161
2022-12-01,Nevada,057,99092,19585,19398,2075,21473,132
2022-12-01,Orange,059,3164182,683625,679165,68891,748056,7567
2022-12-01,Placer,061,380077,78108,77618,9868,87486,665
2022-12-01,Plumas,063,18699,3754,3738,448,4186,13
2022-12-01,Riverside,065,2383286,710471,706396,37660,744056,6693
2022-12-01,Sacramento,067,1510023,357134,354844,35734,390578,3377
2022-12-01,San Benito,069,59416,16872,16555,1022,17577,108
2022-12-01,San Bernardino,071,2135413,686383,681872,32439,714311,8133
2022-12-01,San Diego,073,3302833,946626,942451,75307,1017758,5569
2022-12-01,San Francisco,075,870044,186191,184552,12634,197186,1078
2022-12-01,San Joaquin,077,732212,202789,201175,15864,217039,2347
2022-12-01,San Luis Obispo,079,281455,64450,64105,7413,71518,531
2022-12-01,San Mateo,081,765935,174905,173283,10790,184073,748
2022-12-01,Santa Barbara,083,443738,108127,107527,7145,114672,738
2022-12-01,Santa Clara,085,1922200,451942,444150,20150,464300,2560
2022-12-01,Santa Cruz,087,273765,65651,65044,3607,68651,275
2022-12-01,Shasta,089,179085,35728,35519,7961,43480,598
2022-12-01,Sierra,091,2930,308,308,61,369,5
2022-12-01,Siskiyou,093,43540,5303,5406,3384,8790,95
2022-12-01,Solano,095,438530,108727,107925,8172,116097,470
2022-12-01,Sonoma,097,501317,109578,109040,5453,114493,530
2022-12-01,Stanislaus,099,539301,140836,140127,22098,162225,1785
2022-12-01,Sutter,101,95872,24880,24800,2483,27283,234
2022-12-01,Tehama,103,63373,14037,13904,3264,17168,216
2022-12-01,Trinity,105,12862,1443,1428,456,1884,22
2022-12-01,Tulare,107,460477,124186,123368,37824,161192,1546
2022-12-01,Tuolumne,109,53932,16089,15945,949,16894,207
2022-12-01,Ventura,111,848112,213710,212363,16616,228979,1591
2022-12-01,Yolo,113,214977,48584,48329,4577,52906,409
2022-12-01,Yuba,115,75493,19386,19307,1768,21075,132
2022-11-30,Alameda,001,1643700,359978,357689,20819,378508,2063
2022-11-30,Alpine,002,1148,139,139,2,141,0
2022-11-30,Amador,005,37829,10192,10150,949,11099,96
2022-11-30,Butte,007,227075,40504,40335,9561,49896,465
2022-11-30,Calaveras,009,45235,8717,8676,588,9264,135
2022-11-30,Colusa,011,21464,3864,3849,1314,5163,22
2022-11-30,Contra Costa,013,1133247,259525,257263,21375,278638,1485
2022-11-30,Del Norte,015,27424,7583,7519,410,7929,56
2022-11-30,El Dorado,017,186661,33378,33200,4394,37594,235
2022-11-30,Fresno,019,978130,284320,279787,32700,312487,2898
2022-11-30,Glenn,021,27897,5660,5647,1925,7572,58
2022-11-30,Humboldt,023,135768,22611,22436,5393,27829,160
2022-11-30,Imperial,025,180216,67477,67001,17271,84272,960
2022-11-30,Inyo,027,18085,4625,4590,1115,5705,60
2022-11-30,Kern,029,883053,222842,222087,67026,289113,2431
2022-11-30,Kings,031,150075,60862,60636,4276,64912,464
2022-11-30,Lake,033,64148,13164,13078,1234,14312,149
2022-11-30,Lassen,035,31185,10127,10110,1024,11134,65
2022-11-30,Los Angeles,037,10098052,3365594,3346956,194912,3541868,33937
2022-11-30,Madera,039,155013,44903,44650,8503,53153,377
2022-11-30,Marin,041,260295,46799,46509,5425,51934,314
2022-11-30,Mariposa,043,17540,3215,3175,351,3526,32
2022-11-30,Mendocino,045,87422,16381,16294,4636,20930,136
2022-11-30,Merced,047,269075,74204,73547,12170,85717,876
2022-11-30,Modoc,049,8938,906,895,349,1244,11
2022-11-30,Mono,051,14174,3241,3237,277,3514,8
2022-11-30,Monterey,053,433212,95768,95364,21909,117273,775
2022-11-30,Napa,055,140530,33001,32859,1449,34308,161
2022-11-30,Nevada,057,99092,19573,19398,2070,21468,132
2022-11-30,Orange,059,3164182,682995,679165,68666,747831,7567
2022-11-30,Placer,061,380077,78040,77618,9860,87478,665
2022-11-30,Plumas,063,18699,3752,3738,448,4186,13
2022-11-30,Riverside,065,2383286,709811,706396,37557,743953,6693
2022-11-30,Sacramento,067,1510023,356846,354844,35699,390543,3377
2022-11-30,San Benito,069,59416,16832,16555,1020,17575,108
2022-11-30,San Bernardino,071,2135413,685776,681872,32358,714230,8133
2022-11-30,San Diego,073,3302833,945776,942451,75172,1017623,5569
2022-11-30,San Francisco,075,870044,185963,184552,12617,197169,1078
2022-11-30,San Joaquin,077,732212,202610,201175,15813,216988,2347
2022-11-30,San Luis Obispo,079,281455,64415,64105,7397,71502,531
2022-11-30,San Mateo,081,765935,174721,173283,10772,184055,748
2022-11-30,Santa Barbara,083,443738,108048,107527,7129,114656,738
2022-11-30,Santa Clara,085,1922200,451429,444150,20109,464259,2560
2022-11-30,Santa Cruz,087,273765,65587,65044,3602,68646,275
2022-11-30,Shasta,089,179085,35710,35519,7952,43471,598
2022-11-30,Sierra,091,2930,308,308,61,369,5
2022-11-30,Siskiyou,093,43540,5300,5406,3383,8789,95
2022-11-30,Solano,095,438530,108636,107925,8166,116091,470
2022-11-30,Sonoma,097,501317,109505,109040,5447,114487,530
2022-11-30,Stanislaus,099,539301,140729,140127,22083,162210,1785
2022-11-30,Sutter,101,95872,24862,24800,2480,27280,234
2022-11-30,Tehama,103,63373,14018,13904,3259,17163,216
2022-11-30,Trinity,105,12862,1442,1428,455,1883,22
2022-11-30,Tulare,107,460477,124103,123368,37772,161140,1546
2022-11-30,Tuolumne,109,53932,16073,15945,947,16892,207
2022-11-30,Ventura,111,848112,213519,212363,16573,228936,1591
2022-11-30,Yolo,113,214977,48557,48329,4571,52900,409
2022-11-30,Yuba,115,75493,19374,19307,1768,21075,132
2022-11-29,Alameda,001,1643700,359553,357689,20762,378451,2063
2022-11-29,Alpine,002,1148,139,139,1,140,0
2022-11-29,Amador,005,37829,10188,10150,949,11099,96
2022-11-29,Butte,007,227075,40461,40335,9542,49877,465
2022-11-29,Calaveras,009,45235,8710,8676,588,9264,135
2022-11-29,Colusa,011,21464,3863,3849,1310,5159,22
2022-11-29,Contra Costa,013,1133247,259265,257263,21354,278617,1485
2022-11-29,Del Norte,015,27424,7574,7519,410,7929,56
2022-11-29,El Dorado,017,186661,33337,33200,4391,37591,235
2022-11-29,Fresno,019,978130,284095,279787,32647,312434,2898
2022-11-29,Glenn,021,27897,5658,5647,1924,7571,58
2022-11-29,Humboldt,023,135768,22593,22436,5376,27812,160
2022-11-29,Imperial,025,180216,67383,67001,17189,84190,960
2022-11-29,Inyo,027,18085,4619,4590,1110,5700,60
2022-11-29,Kern,029,883053,222723,222087,66921,289008,2431
2022-11-29,Kings,031,150075,60823,60636,4273,64909,464
2022-11-29,Lake,033,64148,13156,13078,1234,14312,149
2022-11-29,Lassen,035,31185,10124,10110,1023,11133,65
2022-11-29,Los Angeles,037,10098052,3361639,3346956,194323,3541279,33937
2022-11-29,Madera,039,155013,44861,44650,8478,53128,377
2022-11-29,Marin,041,260295,46754,46509,5421,51930,314
2022-11-29,Mariposa,043,17540,3213,3175,350,3525,32
2022-11-29,Mendocino,045,87422,16372,16294,4632,20926,136
2022-11-29,Merced,047,269075,74150,73547,12143,85690,876
2022-11-29,Modoc,049,8938,904,895,349,1244,11
2022-11-29,Mono,051,14174,3240,3237,277,3514,8
2022-11-29,Monterey,053,433212,95727,95364,21885,117249,775
2022-11-29,Napa,055,140530,32976,32859,1449,34308,161
2022-11-29,Nevada,057,99092,19552,19398,2064,21462,132
2022-11-29,Orange,059,3164182,682252,679165,68422,747587,7567
2022-11-29,Placer,061,380077,77969,77618,9850,87468,665
2022-11-29,Plumas,063,18699,3746,3738,447,4185,13
2022-11-29,Riverside,065,2383286,709218,706396,37447,743843,6693
2022-11-29,Sacramento,067,1510023,356460,354844,35652,390496,3377
2022-11-29,San Benito,069,59416,16790,16555,1016,17571,108
2022-11-29,San Bernardino,071,2135413,685147,681872,32281,714153,8133
2022-11-29,San Diego,073,3302833,944871,942451,74991,1017442,5569
2022-11-29,San Francisco,075,870044,185733,184552,12601,197153,1078
2022-11-29,San Joaquin,077,732212,202408,201175,15775,216950,2347
2022-11-29,San Luis Obispo,079,281455,64375,64105,7387,71492,531
2022-11-29,San Mateo,081,765935,174537,173283,10761,184044,748
2022-11-29,Santa Barbara,083,443738,107964,107527,7119,114646,738
2022-11-29,Santa Clara,085,1922200,450892,444150,20055,464205,2560
2022-11-29,Santa Cruz,087,273765,65503,65044,3599,68643,275
2022-11-29,Shasta,089,179085,35690,35519,7937,43456,598
2022-11-29,Sierra,091,2930,308,308,61,369,5
2022-11-29,Siskiyou,093,43540,5296,5406,3382,8788,95
2022-11-29,Solano,095,438530,108528,107925,8159,116084,470
2022-11-29,Sonoma,097,501317,109426,109040,5437,114477,530
2022-11-29,Stanislaus,099,539301,140643,140127,22058,162185,1785
2022-11-29,Sutter,101,95872,24854,24800,2479,27279,234
2022-11-29,Tehama,103,63373,14003,13904,3250,17154,216
2022-11-29,Trinity,105,12862,1440,1428,455,1883,22
2022-11-29,Tulare,107,460477,124016,123368,37731,161099,1546
2022-11-29,Tuolumne,109,53932,16058,15945,945,16890,207
2022-11-29,Ventura,111,848112,213336,212363,16532,228895,1591
2022-11-29,Yolo,113,214977,48522,48329,4560,52889,409
2022-11-29,Yuba,115,75493,19363,19307,1767,21074,132
2022-11-28,Alameda,001,1643700,359101,356253,20729,376982,2059
2022-11-28,Alpine,002,1148,139,138,1,139,0
2022-11-28,Amador,005,37829,10180,10132,949,11081,95
2022-11-28,Butte,007,227075,40422,40206,9519,49725,465
2022-11-28,Calaveras,009,45235,8701,8651,588,9239,135
2022-11-28,Colusa,011,21464,3858,3840,1309,5149,22
2022-11-28,Contra Costa,013,1133247,258968,256191,21320,277511,1483
2022-11-28,Del Norte,015,27424,7565,7502,409,7911,56
2022-11-28,El Dorado,017,186661,33305,33057,4388,37445,233
2022-11-28,Fresno,019,978130,283824,278793,32586,311379,2893
2022-11-28,Glenn,021,27897,5654,5625,1923,7548,58
2022-11-28,Humboldt,023,135768,22573,22351,5356,27707,160
2022-11-28,Imperial,025,180216,67239,66747,17095,83842,960
2022-11-28,Inyo,027,18085,4612,4557,1105,5662,60
2022-11-28,Kern,029,883053,222568,221639,66823,288462,2430
2022-11-28,Kings,031,150075,60760,60457,4261,64718,463
2022-11-28,Lake,033,64148,13143,13042,1231,14273,149
2022-11-28,Lassen,035,31185,10123,10091,1021,11112,65
2022-11-28,Los Angeles,037,10098052,3357343,3332327,193750,3526077,33882
2022-11-28,Madera,039,155013,44830,44503,8468,52971,377
2022-11-28,Marin,041,260295,46712,46293,5413,51706,314
2022-11-28,Mariposa,043,17540,3211,3156,349,3505,32
2022-11-28,Mendocino,045,87422,16365,16255,4619,20874,136
2022-11-28,Merced,047,269075,74089,73259,12118,85377,876
2022-11-28,Modoc,049,8938,902,895,346,1241,11
2022-11-28,Mono,051,14174,3240,3233,276,3509,8
2022-11-28,Monterey,053,433212,95676,95169,21850,117019,775
2022-11-28,Napa,055,140530,32947,32736,1447,34183,161
2022-11-28,Nevada,057,99092,19525,19310,2060,21370,132
2022-11-28,Orange,059,3164182,681426,676959,68149,745108,7565
2022-11-28,Placer,061,380077,77921,77331,9841,87172,665
2022-11-28,Plumas,063,18699,3744,3737,447,4184,13
2022-11-28,Riverside,065,2383286,708565,704180,37338,741518,6692
2022-11-28,Sacramento,067,1510023,356074,353538,35593,389131,3374
2022-11-28,San Benito,069,59416,16744,16474,1004,17478,108
2022-11-28,San Bernardino,071,2135413,684455,679620,32188,711808,8133
2022-11-28,San Diego,073,3302833,943820,938583,74857,1013440,5562
2022-11-28,San Francisco,075,870044,185479,183671,12584,196255,1076
2022-11-28,San Joaquin,077,732212,202221,200474,15729,216203,2344
2022-11-28,San Luis Obispo,079,281455,64342,63962,7378,71340,530
2022-11-28,San Mateo,081,765935,174301,172573,10748,183321,748
2022-11-28,Santa Barbara,083,443738,107866,107184,7106,114290,735
2022-11-28,Santa Clara,085,1922200,450306,442182,19998,462180,2558
2022-11-28,Santa Cruz,087,273765,65409,64814,3596,68410,275
2022-11-28,Shasta,089,179085,35662,35452,7924,43376,596
2022-11-28,Sierra,091,2930,308,308,61,369,5
2022-11-28,Siskiyou,093,43540,5291,5385,3381,8766,95
2022-11-28,Solano,095,438530,108412,107446,8148,115594,469
2022-11-28,Sonoma,097,501317,109340,108690,5428,114118,530
2022-11-28,Stanislaus,099,539301,140528,139741,22022,161763,1785
2022-11-28,Sutter,101,95872,24839,24730,2479,27209,234
2022-11-28,Tehama,103,63373,13985,13857,3249,17106,216
2022-11-28,Trinity,105,12862,1440,1425,455,1880,21
2022-11-28,Tulare,107,460477,123941,123029,37677,160706,1545
2022-11-28,Tuolumne,109,53932,16048,15885,941,16826,206
2022-11-28,Ventura,111,848112,213126,211680,16481,228161,1591
2022-11-28,Yolo,113,214977,48489,48228,4544,52772,408
2022-11-28,Yuba,115,75493,19349,19233,1767,21000,132
2022-11-27,Alameda,001,1643700,358521,356253,20649,376902,2059
2022-11-27,Alpine,002,1148,139,138,1,139,0
2022-11-27,Amador,005,37829,10175,10132,948,11080,95
2022-11-27,Butte,007,227075,40377,40206,9499,49705,465
2022-11-27,Calaveras,009,45235,8695,8651,587,9238,135
2022-11-27,Colusa,011,21464,3855,3840,1307,5147,22
2022-11-27,Contra Costa,013,1133247,258618,256191,21273,277464,1483
2022-11-27,Del Norte,015,27424,7552,7502,406,7908,56
2022-11-27,El Dorado,017,186661,33263,33057,4382,37439,233
2022-11-27,Fresno,019,978130,283486,278793,32532,311325,2893
2022-11-27,Glenn,021,27897,5653,5625,1921,7546,58
2022-11-27,Humboldt,023,135768,22550,22351,5335,27686,160
2022-11-27,Imperial,025,180216,67148,66747,17025,83772,960
2022-11-27,Inyo,027,18085,4604,4557,1102,5659,60
2022-11-27,Kern,029,883053,222411,221639,66681,288320,2430
2022-11-27,Kings,031,150075,60686,60457,4249,64706,463
2022-11-27,Lake,033,64148,13129,13042,1229,14271,149
2022-11-27,Lassen,035,31185,10116,10091,1021,11112,65
2022-11-27,Los Angeles,037,10098052,3352246,3332327,193083,3525410,33882
2022-11-27,Madera,039,155013,44781,44503,8450,52953,377
2022-11-27,Marin,041,260295,46653,46293,5399,51692,314
2022-11-27,Mariposa,043,17540,3207,3156,349,3505,32
2022-11-27,Mendocino,045,87422,16351,16255,4607,20862,136
2022-11-27,Merced,047,269075,73976,73259,12092,85351,876
2022-11-27,Modoc,049,8938,900,895,346,1241,11
2022-11-27,Mono,051,14174,3240,3233,275,3508,8
2022-11-27,Monterey,053,433212,95614,95169,21828,116997,775
2022-11-27,Napa,055,140530,32911,32736,1445,34181,161
2022-11-27,Nevada,057,99092,19495,19310,2049,21359,132
2022-11-27,Orange,059,3164182,680593,676959,67860,744819,7565
2022-11-27,Placer,061,380077,77828,77331,9822,87153,665
2022-11-27,Plumas,063,18699,3742,3737,446,4183,13
2022-11-27,Riverside,065,2383286,707719,704180,37198,741378,6692
2022-11-27,Sacramento,067,1510023,355624,353538,35506,389044,3374
2022-11-27,San Benito,069,59416,16702,16474,1001,17475,108
2022-11-27,San Bernardino,071,2135413,683551,679620,32081,711701,8133
2022-11-27,San Diego,073,3302833,942576,938583,74669,1013252,5562
2022-11-27,San Francisco,075,870044,185174,183671,12553,196224,1076
2022-11-27,San Joaquin,077,732212,201955,200474,15653,216127,2344
2022-11-27,San Luis Obispo,079,281455,64269,63962,7357,71319,530
2022-11-27,San Mateo,081,765935,173989,172573,10726,183299,748
2022-11-27,Santa Barbara,083,443738,107758,107184,7079,114263,735
2022-11-27,Santa Clara,085,1922200,449628,442182,19947,462129,2558
2022-11-27,Santa Cruz,087,273765,65261,64814,3591,68405,275
2022-11-27,Shasta,089,179085,35641,35452,7909,43361,596
2022-11-27,Sierra,091,2930,308,308,61,369,5
2022-11-27,Siskiyou,093,43540,5286,5385,3379,8764,95
2022-11-27,Solano,095,438530,108271,107446,8132,115578,469
2022-11-27,Sonoma,097,501317,109233,108690,5425,114115,530
2022-11-27,Stanislaus,099,539301,140416,139741,21997,161738,1785
2022-11-27,Sutter,101,95872,24820,24730,2478,27208,234
2022-11-27,Tehama,103,63373,13964,13857,3231,17088,216
2022-11-27,Trinity,105,12862,1439,1425,455,1880,21
2022-11-27,Tulare,107,460477,123790,123029,37600,160629,1545
2022-11-27,Tuolumne,109,53932,16041,15885,939,16824,206
2022-11-27,Ventura,111,848112,212889,211680,16432,228112,1591
2022-11-27,Yolo,113,214977,48449,48228,4539,52767,408
2022-11-27,Yuba,115,75493,19329,19233,1764,20997,132
2022-11-26,Alameda,001,1643700,358250,356253,20625,376878,2059
2022-11-26,Alpine,002,1148,139,138,1,139,0
2022-11-26,Amador,005,37829,10170,10132,947,11079,95
2022-11-26,Butte,007,227075,40353,40206,9487,49693,465
2022-11-26,Calaveras,009,45235,8692,8651,587,9238,135
2022-11-26,Colusa,011,21464,3852,3840,1306,5146,22
2022-11-26,Contra Costa,013,1133247,258400,256191,21260,277451,1483
2022-11-26,Del Norte,015,27424,7542,7502,405,7907,56
2022-11-26,El Dorado,017,186661,33243,33057,4382,37439,233
2022-11-26,Fresno,019,978130,283321,278793,32505,311298,2893
2022-11-26,Glenn,021,27897,5649,5625,1915,7540,58
2022-11-26,Humboldt,023,135768,22537,22351,5327,27678,160
2022-11-26,Imperial,025,180216,67106,66747,17009,83756,960
2022-11-26,Inyo,027,18085,4597,4557,1100,5657,60
2022-11-26,Kern,029,883053,222323,221639,66616,288255,2430
2022-11-26,Kings,031,150075,60660,60457,4248,64705,463
2022-11-26,Lake,033,64148,13121,13042,1228,14270,149
2022-11-26,Lassen,035,31185,10115,10091,1021,11112,65
2022-11-26,Los Angeles,037,10098052,3349781,3332327,192728,3525055,33882
2022-11-26,Madera,039,155013,44760,44503,8441,52944,377
2022-11-26,Marin,041,260295,46613,46293,5393,51686,314
2022-11-26,Mariposa,043,17540,3207,3156,349,3505,32
2022-11-26,Mendocino,045,87422,16345,16255,4607,20862,136
2022-11-26,Merced,047,269075,73936,73259,12084,85343,876
2022-11-26,Modoc,049,8938,900,895,346,1241,11
2022-11-26,Mono,051,14174,3239,3233,274,3507,8
2022-11-26,Monterey,053,433212,95573,95169,21810,116979,775
2022-11-26,Napa,055,140530,32899,32736,1445,34181,161
2022-11-26,Nevada,057,99092,19488,19310,2042,21352,132
2022-11-26,Orange,059,3164182,680171,676959,67720,744679,7565
2022-11-26,Placer,061,380077,77768,77331,9814,87145,665
2022-11-26,Plumas,063,18699,3742,3737,446,4183,13
2022-11-26,Riverside,065,2383286,707274,704180,37127,741307,6692
2022-11-26,Sacramento,067,1510023,355423,353538,35481,389019,3374
2022-11-26,San Benito,069,59416,16680,16474,1001,17475,108
2022-11-26,San Bernardino,071,2135413,683153,679620,32030,711650,8133
2022-11-26,San Diego,073,3302833,942125,938583,74576,1013159,5562
2022-11-26,San Francisco,075,870044,185019,183671,12544,196215,1076
2022-11-26,San Joaquin,077,732212,201825,200474,15619,216093,2344
2022-11-26,San Luis Obispo,079,281455,64252,63962,7354,71316,530
2022-11-26,San Mateo,081,765935,173846,172573,10716,183289,748
2022-11-26,Santa Barbara,083,443738,107669,107184,7070,114254,735
2022-11-26,Santa Clara,085,1922200,449133,442182,19911,462093,2558
2022-11-26,Santa Cruz,087,273765,65213,64814,3589,68403,275
2022-11-26,Shasta,089,179085,35627,35452,7904,43356,596
2022-11-26,Sierra,091,2930,308,308,61,369,5
2022-11-26,Siskiyou,093,43540,5279,5385,3379,8764,95
2022-11-26,Solano,095,438530,108223,107446,8125,115571,469
2022-11-26,Sonoma,097,501317,109180,108690,5421,114111,530
2022-11-26,Stanislaus,099,539301,140349,139741,21979,161720,1785
2022-11-26,Sutter,101,95872,24814,24730,2477,27207,234
2022-11-26,Tehama,103,63373,13958,13857,3224,17081,216
2022-11-26,Trinity,105,12862,1439,1425,455,1880,21
2022-11-26,Tulare,107,460477,123740,123029,37542,160571,1545
2022-11-26,Tuolumne,109,53932,16029,15885,938,16823,206
2022-11-26,Ventura,111,848112,212749,211680,16409,228089,1591
2022-11-26,Yolo,113,214977,48429,48228,4534,52762,408
2022-11-26,Yuba,115,75493,19322,19233,1764,20997,132
2022-11-25,Alameda,001,1643700,357982,356253,20598,376851,2059
2022-11-25,Alpine,002,1148,139,138,1,139,0
2022-11-25,Amador,005,37829,10163,10132,946,11078,95
2022-11-25,Butte,007,227075,40336,40206,9473,49679,465
2022-11-25,Calaveras,009,45235,8689,8651,587,9238,135
2022-11-25,Colusa,011,21464,3850,3840,1306,5146,22
2022-11-25,Contra Costa,013,1133247,258233,256191,21246,277437,1483
2022-11-25,Del Norte,015,27424,7541,7502,405,7907,56
2022-11-25,El Dorado,017,186661,33217,33057,4377,37434,233
2022-11-25,Fresno,019,978130,283150,278793,32473,311266,2893
2022-11-25,Glenn,021,27897,5648,5625,1913,7538,58
2022-11-25,Humboldt,023,135768,22524,22351,5324,27675,160
2022-11-25,Imperial,025,180216,67069,66747,16977,83724,960
2022-11-25,Inyo,027,18085,4593,4557,1094,5651,60
2022-11-25,Kern,029,883053,222258,221639,66565,288204,2430
2022-11-25,Kings,031,150075,60637,60457,4248,64705,463
2022-11-25,Lake,033,64148,13119,13042,1228,14270,149
2022-11-25,Lassen,035,31185,10115,10091,1020,11111,65
2022-11-25,Los Angeles,037,10098052,3347474,3332327,192322,3524649,33882
2022-11-25,Madera,039,155013,44734,44503,8433,52936,377
2022-11-25,Marin,041,260295,46572,46293,5391,51684,314
2022-11-25,Mariposa,043,17540,3204,3156,348,3504,32
2022-11-25,Mendocino,045,87422,16337,16255,4604,20859,136
2022-11-25,Merced,047,269075,73901,73259,12079,85338,876
2022-11-25,Modoc,049,8938,899,895,346,1241,11
2022-11-25,Mono,051,14174,3239,3233,274,3507,8
2022-11-25,Monterey,053,433212,95526,95169,21785,116954,775
2022-11-25,Napa,055,140530,32886,32736,1445,34181,161
2022-11-25,Nevada,057,99092,19473,19310,2038,21348,132
2022-11-25,Orange,059,3164182,679771,676959,67602,744561,7565
2022-11-25,Placer,061,380077,77727,77331,9808,87139,665
2022-11-25,Plumas,063,18699,3742,3737,446,4183,13
2022-11-25,Riverside,065,2383286,706896,704180,37045,741225,6692
2022-11-25,Sacramento,067,1510023,355208,353538,35448,388986,3374
2022-11-25,San Benito,069,59416,16655,16474,1001,17475,108
2022-11-25,San Bernardino,071,2135413,682749,679620,31993,711613,8133
2022-11-25,San Diego,073,3302833,941637,938583,74514,1013097,5562
2022-11-25,San Francisco,075,870044,184872,183671,12516,196187,1076
2022-11-25,San Joaquin,077,732212,201712,200474,15600,216074,2344
2022-11-25,San Luis Obispo,079,281455,64237,63962,7346,71308,530
2022-11-25,San Mateo,081,765935,173667,172573,10707,183280,748
2022-11-25,Santa Barbara,083,443738,107606,107184,7068,114252,735
2022-11-25,Santa Clara,085,1922200,448713,442182,19876,462058,2558
2022-11-25,Santa Cruz,087,273765,65176,64814,3588,68402,275
2022-11-25,Shasta,089,179085,35620,35452,7899,43351,596
2022-11-25,Sierra,091,2930,308,308,61,369,5
2022-11-25,Siskiyou,093,43540,5276,5385,3379,8764,95
2022-11-25,Solano,095,438530,108142,107446,8117,115563,469
2022-11-25,Sonoma,097,501317,109127,108690,5421,114111,530
2022-11-25,Stanislaus,099,539301,140275,139741,21968,161709,1785
2022-11-25,Sutter,101,95872,24803,24730,2477,27207,234
2022-11-25,Tehama,103,63373,13949,13857,3219,17076,216
2022-11-25,Trinity,105,12862,1439,1425,454,1879,21
2022-11-25,Tulare,107,460477,123681,123029,37505,160534,1545
2022-11-25,Tuolumne,109,53932,16019,15885,937,16822,206
2022-11-25,Ventura,111,848112,212618,211680,16384,228064,1591
2022-11-25,Yolo,113,214977,48410,48228,4527,52755,408
2022-11-25,Yuba,115,75493,19311,19233,1763,20996,132
2022-11-24,Alameda,001,1643700,357673,356253,20572,376825,2059
2022-11-24,Alpine,002,1148,139,138,1,139,0
2022-11-24,Amador,005,37829,10160,10132,946,11078,95
2022-11-24,Butte,007,227075,40297,40206,9458,49664,465
2022-11-24,Calaveras,009,45235,8682,8651,587,9238,135
2022-11-24,Colusa,011,21464,3847,3840,1306,5146,22
2022-11-24,Contra Costa,013,1133247,258056,256191,21237,277428,1483
2022-11-24,Del Norte,015,27424,7540,7502,405,7907,56
2022-11-24,El Dorado,017,186661,33185,33057,4376,37433,233
2022-11-24,Fresno,019,978130,282962,278793,32425,311218,2893
2022-11-24,Glenn,021,27897,5644,5625,1911,7536,58
2022-11-24,Humboldt,023,135768,22510,22351,5319,27670,160
2022-11-24,Imperial,025,180216,67007,66747,16966,83713,960
2022-11-24,Inyo,027,18085,4589,4557,1093,5650,60
2022-11-24,Kern,029,883053,222189,221639,66498,288137,2430
2022-11-24,Kings,031,150075,60603,60457,4243,64700,463
2022-11-24,Lake,033,64148,13112,13042,1228,14270,149
2022-11-24,Lassen,035,31185,10111,10091,1020,11111,65
2022-11-24,Los Angeles,037,10098052,3344873,3332327,191870,3524197,33882
2022-11-24,Madera,039,155013,44712,44503,8425,52928,377
2022-11-24,Marin,041,260295,46527,46293,5390,51683,314
2022-11-24,Mariposa,043,17540,3200,3156,348,3504,32
2022-11-24,Mendocino,045,87422,16331,16255,4601,20856,136
2022-11-24,Merced,047,269075,73842,73259,12074,85333,876
2022-11-24,Modoc,049,8938,899,895,346,1241,11
2022-11-24,Mono,051,14174,3237,3233,274,3507,8
2022-11-24,Monterey,053,433212,95486,95169,21771,116940,775
2022-11-24,Napa,055,140530,32866,32736,1445,34181,161
2022-11-24,Nevada,057,99092,19458,19310,2034,21344,132
2022-11-24,Orange,059,3164182,679343,676959,67432,744391,7565
2022-11-24,Placer,061,380077,77686,77331,9797,87128,665
2022-11-24,Plumas,063,18699,3741,3737,446,4183,13
2022-11-24,Riverside,065,2383286,706427,704180,36958,741138,6692
2022-11-24,Sacramento,067,1510023,354953,353538,35429,388967,3374
2022-11-24,San Benito,069,59416,16645,16474,1000,17474,108
2022-11-24,San Bernardino,071,2135413,682261,679620,31941,711561,8133
2022-11-24,San Diego,073,3302833,941048,938583,74425,1013008,5562
2022-11-24,San Francisco,075,870044,184712,183671,12499,196170,1076
2022-11-24,San Joaquin,077,732212,201555,200474,15567,216041,2344
2022-11-24,San Luis Obispo,079,281455,64217,63962,7341,71303,530
2022-11-24,San Mateo,081,765935,173531,172573,10702,183275,748
2022-11-24,Santa Barbara,083,443738,107561,107184,7066,114250,735
2022-11-24,Santa Clara,085,1922200,448381,442182,19860,462042,2558
2022-11-24,Santa Cruz,087,273765,65146,64814,3587,68401,275
2022-11-24,Shasta,089,179085,35607,35452,7893,43345,596
2022-11-24,Sierra,091,2930,308,308,61,369,5
2022-11-24,Siskiyou,093,43540,5276,5385,3379,8764,95
2022-11-24,Solano,095,438530,108024,107446,8114,115560,469
2022-11-24,Sonoma,097,501317,109064,108690,5419,114109,530
2022-11-24,Stanislaus,099,539301,140194,139741,21956,161697,1785
2022-11-24,Sutter,101,95872,24791,24730,2477,27207,234
2022-11-24,Tehama,103,63373,13938,13857,3216,17073,216
2022-11-24,Trinity,105,12862,1439,1425,453,1878,21
2022-11-24,Tulare,107,460477,123628,123029,37472,160501,1545
2022-11-24,Tuolumne,109,53932,16005,15885,935,16820,206
2022-11-24,Ventura,111,848112,212476,211680,16346,228026,1591
2022-11-24,Yolo,113,214977,48390,48228,4525,52753,408
2022-11-24,Yuba,115,75493,19294,19233,1763,20996,132
2022-11-23,Alameda,001,1643700,357523,356253,20560,376813,2059
2022-11-23,Alpine,002,1148,139,138,1,139,0
2022-11-23,Amador,005,37829,10157,10132,946,11078,95
2022-11-23,Butte,007,227075,40281,40206,9447,49653,465
2022-11-23,Calaveras,009,45235,8676,8651,587,9238,135
2022-11-23,Colusa,011,21464,3847,3840,1306,5146,22
2022-11-23,Contra Costa,013,1133247,257946,256191,21233,277424,1483
2022-11-23,Del Norte,015,27424,7539,7502,405,7907,56
2022-11-23,El Dorado,017,186661,33175,33057,4375,37432,233
2022-11-23,Fresno,019,978130,282874,278793,32404,311197,2893
2022-11-23,Glenn,021,27897,5643,5625,1910,7535,58
2022-11-23,Humboldt,023,135768,22504,22351,5317,27668,160
2022-11-23,Imperial,025,180216,66965,66747,16960,83707,960
2022-11-23,Inyo,027,18085,4588,4557,1092,5649,60
2022-11-23,Kern,029,883053,222147,221639,66487,288126,2430
2022-11-23,Kings,031,150075,60591,60457,4242,64699,463
2022-11-23,Lake,033,64148,13106,13042,1228,14270,149
2022-11-23,Lassen,035,31185,10107,10091,1020,11111,65
2022-11-23,Los Angeles,037,10098052,3343821,3332327,191661,3523988,33882
2022-11-23,Madera,039,155013,44711,44503,8422,52925,377
2022-11-23,Marin,041,260295,46502,46293,5388,51681,314
2022-11-23,Mariposa,043,17540,3200,3156,348,3504,32
2022-11-23,Mendocino,045,87422,16330,16255,4598,20853,136
2022-11-23,Merced,047,269075,73821,73259,12070,85329,876
2022-11-23,Modoc,049,8938,899,895,346,1241,11
2022-11-23,Mono,051,14174,3237,3233,274,3507,8
2022-11-23,Monterey,053,433212,95465,95169,21764,116933,775
2022-11-23,Napa,055,140530,32855,32736,1445,34181,161
2022-11-23,Nevada,057,99092,19451,19310,2033,21343,132
2022-11-23,Orange,059,3164182,679207,676959,67358,744317,7565
2022-11-23,Placer,061,380077,77648,77331,9793,87124,665
2022-11-23,Plumas,063,18699,3740,3737,446,4183,13
2022-11-23,Riverside,065,2383286,706243,704180,36929,741109,6692
2022-11-23,Sacramento,067,1510023,354833,353538,35418,388956,3374
2022-11-23,San Benito,069,59416,16642,16474,1000,17474,108
2022-11-23,San Bernardino,071,2135413,682067,679620,31922,711542,8133
2022-11-23,San Diego,073,3302833,940837,938583,74385,1012968,5562
2022-11-23,San Francisco,075,870044,184637,183671,12496,196167,1076
2022-11-23,San Joaquin,077,732212,201489,200474,15547,216021,2344
2022-11-23,San Luis Obispo,079,281455,64211,63962,7341,71303,530
2022-11-23,San Mateo,081,765935,173478,172573,10697,183270,748
2022-11-23,Santa Barbara,083,443738,107527,107184,7064,114248,735
2022-11-23,Santa Clara,085,1922200,448205,442182,19843,462025,2558
2022-11-23,Santa Cruz,087,273765,65128,64814,3587,68401,275
2022-11-23,Shasta,089,179085,35601,35452,7891,43343,596
2022-11-23,Sierra,091,2930,308,308,61,369,5
2022-11-23,Siskiyou,093,43540,5273,5385,3379,8764,95
2022-11-23,Solano,095,438530,108009,107446,8112,115558,469
2022-11-23,Sonoma,097,501317,109033,108690,5419,114109,530
2022-11-23,Stanislaus,099,539301,140155,139741,21952,161693,1785
2022-11-23,Sutter,101,95872,24787,24730,2477,27207,234
2022-11-23,Tehama,103,63373,13933,13857,3215,17072,216
2022-11-23,Trinity,105,12862,1439,1425,453,1878,21
2022-11-23,Tulare,107,460477,123579,123029,37452,160481,1545
2022-11-23,Tuolumne,109,53932,15992,15885,935,16820,206
2022-11-23,Ventura,111,848112,212409,211680,16338,228018,1591
2022-11-23,Yolo,113,214977,48372,48228,4522,52750,408
2022-11-23,Yuba,115,75493,19287,19233,1762,20995,132
2022-11-22,Alameda,001,1643700,357156,356253,20519,376772,2059
2022-11-22,Alpine,002,1148,139,138,1,139,0
2022-11-22,Amador,005,37829,10153,10132,946,11078,95
2022-11-22,Butte,007,227075,40253,40206,9438,49644,465
2022-11-22,Calaveras,009,45235,8674,8651,586,9237,135
2022-11-22,Colusa,011,21464,3846,3840,1306,5146,22
2022-11-22,Contra Costa,013,1133247,257711,256191,21212,277403,1483
2022-11-22,Del Norte,015,27424,7534,7502,405,7907,56
2022-11-22,El Dorado,017,186661,33148,33057,4370,37427,233
2022-11-22,Fresno,019,978130,282684,278793,32364,311157,2893
2022-11-22,Glenn,021,27897,5640,5625,1905,7530,58
2022-11-22,Humboldt,023,135768,22479,22351,5306,27657,160
2022-11-22,Imperial,025,180216,66913,66747,16865,83612,960
2022-11-22,Inyo,027,18085,4584,4557,1090,5647,60
2022-11-22,Kern,029,883053,222081,221639,66437,288076,2430
2022-11-22,Kings,031,150075,60549,60457,4240,64697,463
2022-11-22,Lake,033,64148,13103,13042,1226,14268,149
2022-11-22,Lassen,035,31185,10100,10091,1019,11110,65
2022-11-22,Los Angeles,037,10098052,3341126,3332327,191201,3523528,33882
2022-11-22,Madera,039,155013,44686,44503,8411,52914,377
2022-11-22,Marin,041,260295,46460,46293,5386,51679,314
2022-11-22,Mariposa,043,17540,3195,3156,348,3504,32
2022-11-22,Mendocino,045,87422,16324,16255,4594,20849,136
2022-11-22,Merced,047,269075,73781,73259,12063,85322,876
2022-11-22,Modoc,049,8938,899,895,343,1238,11
2022-11-22,Mono,051,14174,3236,3233,274,3507,8
2022-11-22,Monterey,053,433212,95433,95169,21746,116915,775
2022-11-22,Napa,055,140530,32827,32736,1442,34178,161
2022-11-22,Nevada,057,99092,19430,19310,2022,21332,132
2022-11-22,Orange,059,3164182,678798,676959,67189,744148,7565
2022-11-22,Placer,061,380077,77589,77331,9785,87116,665
2022-11-22,Plumas,063,18699,3738,3737,446,4183,13
2022-11-22,Riverside,065,2383286,705821,704180,36850,741030,6692
2022-11-22,Sacramento,067,1510023,354586,353538,35390,388928,3374
2022-11-22,San Benito,069,59416,16626,16474,998,17472,108
2022-11-22,San Bernardino,071,2135413,681663,679620,31886,711506,8133
2022-11-22,San Diego,073,3302833,940331,938583,74281,1012864,5562
2022-11-22,San Francisco,075,870044,184492,183671,12483,196154,1076
2022-11-22,San Joaquin,077,732212,201360,200474,15515,215989,2344
2022-11-22,San Luis Obispo,079,281455,64190,63962,7328,71290,530
2022-11-22,San Mateo,081,765935,173342,172573,10687,183260,748
2022-11-22,Santa Barbara,083,443738,107475,107184,7050,114234,735
2022-11-22,Santa Clara,085,1922200,447814,442182,19815,461997,2558
2022-11-22,Santa Cruz,087,273765,65083,64814,3585,68399,275
2022-11-22,Shasta,089,179085,35583,35452,7885,43337,596
2022-11-22,Sierra,091,2930,308,308,61,369,5
2022-11-22,Siskiyou,093,43540,5269,5385,3379,8764,95
2022-11-22,Solano,095,438530,107924,107446,8110,115556,469
2022-11-22,Sonoma,097,501317,108968,108690,5410,114100,530
2022-11-22,Stanislaus,099,539301,140083,139741,21940,161681,1785
2022-11-22,Sutter,101,95872,24773,24730,2476,27206,234
2022-11-22,Tehama,103,63373,13923,13857,3214,17071,216
2022-11-22,Trinity,105,12862,1438,1425,452,1877,21
2022-11-22,Tulare,107,460477,123504,123029,37408,160437,1545
2022-11-22,Tuolumne,109,53932,15981,15885,934,16819,206
2022-11-22,Ventura,111,848112,212304,211680,16317,227997,1591
2022-11-22,Yolo,113,214977,48348,48228,4514,52742,408
2022-11-22,Yuba,115,75493,19277,19233,1762,20995,132
2022-11-21,Alameda,001,1643700,356882,354457,20494,374951,2054
2022-11-21,Alpine,002,1148,139,136,1,137,0
2022-11-21,Amador,005,37829,10148,10108,945,11053,95
2022-11-21,Butte,007,227075,40219,40058,9430,49488,461
2022-11-21,Calaveras,009,45235,8669,8612,585,9197,135
2022-11-21,Colusa,011,21464,3844,3828,1306,5134,22
2022-11-21,Contra Costa,013,1133247,257535,254944,21201,276145,1479
2022-11-21,Del Norte,015,27424,7532,7492,405,7897,56
2022-11-21,El Dorado,017,186661,33121,32903,4364,37267,233
2022-11-21,Fresno,019,978130,282512,277735,32321,310056,2888
2022-11-21,Glenn,021,27897,5637,5591,1902,7493,50
2022-11-21,Humboldt,023,135768,22459,22254,5295,27549,160
2022-11-21,Imperial,025,180216,66860,66473,16806,83279,960
2022-11-21,Inyo,027,18085,4578,4530,1086,5616,60
2022-11-21,Kern,029,883053,221982,221145,66387,287532,2430
2022-11-21,Kings,031,150075,60516,60156,4238,64394,462
2022-11-21,Lake,033,64148,13094,12978,1225,14203,149
2022-11-21,Lassen,035,31185,10096,10043,1018,11061,65
2022-11-21,Los Angeles,037,10098052,3338518,3320411,190729,3511140,33830
2022-11-21,Madera,039,155013,44668,44373,8409,52782,375
2022-11-21,Marin,041,260295,46414,46115,5385,51500,314
2022-11-21,Mariposa,043,17540,3188,3138,348,3486,32
2022-11-21,Mendocino,045,87422,16316,16205,4593,20798,136
2022-11-21,Merced,047,269075,73740,73022,12061,85083,875
2022-11-21,Modoc,049,8938,897,889,342,1231,11
2022-11-21,Mono,051,14174,3236,3226,273,3499,8
2022-11-21,Monterey,053,433212,95394,94949,21721,116670,773
2022-11-21,Napa,055,140530,32806,32610,1441,34051,161
2022-11-21,Nevada,057,99092,19408,19238,2015,21253,132
2022-11-21,Orange,059,3164182,678329,674980,66992,741972,7553
2022-11-21,Placer,061,380077,77533,76976,9778,86754,662
2022-11-21,Plumas,063,18699,3738,3729,446,4175,13
2022-11-21,Riverside,065,2383286,705375,702343,36769,739112,6686
2022-11-21,Sacramento,067,1510023,354287,352117,35344,387461,3362
2022-11-21,San Benito,069,59416,16614,16410,997,17407,108
2022-11-21,San Bernardino,071,2135413,681159,677641,31829,709470,8131
2022-11-21,San Diego,073,3302833,939732,935811,74155,1009966,5557
2022-11-21,San Francisco,075,870044,184319,182855,12474,195329,1074
2022-11-21,San Joaquin,077,732212,201231,199682,15481,215163,2341
2022-11-21,San Luis Obispo,079,281455,64163,63812,7321,71133,530
2022-11-21,San Mateo,081,765935,173217,171862,10681,182543,748
2022-11-21,Santa Barbara,083,443738,107400,106885,7047,113932,733
2022-11-21,Santa Clara,085,1922200,447406,440104,19794,459898,2541
2022-11-21,Santa Cruz,087,273765,65038,64515,3578,68093,276
2022-11-21,Shasta,089,179085,35565,35346,7877,43223,595
2022-11-21,Sierra,091,2930,308,308,60,368,5
2022-11-21,Siskiyou,093,43540,5264,5364,3379,8743,95
2022-11-21,Solano,095,438530,107823,106903,8103,115006,469
2022-11-21,Sonoma,097,501317,108887,108386,5406,113792,527
2022-11-21,Stanislaus,099,539301,140006,139293,21925,161218,1785
2022-11-21,Sutter,101,95872,24757,24642,2476,27118,234
2022-11-21,Tehama,103,63373,13915,13784,3211,16995,216
2022-11-21,Trinity,105,12862,1437,1422,449,1871,20
2022-11-21,Tulare,107,460477,123431,122707,37371,160078,1545
2022-11-21,Tuolumne,109,53932,15976,15805,934,16739,209
2022-11-21,Ventura,111,848112,212164,210938,16288,227226,1586
2022-11-21,Yolo,113,214977,48319,48092,4509,52601,355
2022-11-21,Yuba,115,75493,19257,19157,1761,20918,132
2022-11-20,Alameda,001,1643700,356537,354457,20458,374915,2054
2022-11-20,Alpine,002,1148,139,136,1,137,0
2022-11-20,Amador,005,37829,10145,10108,944,11052,95
2022-11-20,Butte,007,227075,40188,40058,9412,49470,461
2022-11-20,Calaveras,009,45235,8661,8612,585,9197,135
2022-11-20,Colusa,011,21464,3842,3828,1306,5134,22
2022-11-20,Contra Costa,013,1133247,257333,254944,21185,276129,1479
2022-11-20,Del Norte,015,27424,7525,7492,405,7897,56
2022-11-20,El Dorado,017,186661,33069,32903,4360,37263,233
2022-11-20,Fresno,019,978130,282300,277735,32273,310008,2888
2022-11-20,Glenn,021,27897,5632,5591,1901,7492,50
2022-11-20,Humboldt,023,135768,22436,22254,5291,27545,160
2022-11-20,Imperial,025,180216,66794,66473,16757,83230,960
2022-11-20,Inyo,027,18085,4571,4530,1085,5615,60
2022-11-20,Kern,029,883053,221881,221145,66330,287475,2430
2022-11-20,Kings,031,150075,60467,60156,4237,64393,462
2022-11-20,Lake,033,64148,13083,12978,1219,14197,149
2022-11-20,Lassen,035,31185,10095,10043,1016,11059,65
2022-11-20,Los Angeles,037,10098052,3335668,3320411,190248,3510659,33830
2022-11-20,Madera,039,155013,44650,44373,8404,52777,375
2022-11-20,Marin,041,260295,46385,46115,5381,51496,314
2022-11-20,Mariposa,043,17540,3184,3138,348,3486,32
2022-11-20,Mendocino,045,87422,16311,16205,4590,20795,136
2022-11-20,Merced,047,269075,73662,73022,12054,85076,875
2022-11-20,Modoc,049,8938,893,889,342,1231,11
2022-11-20,Mono,051,14174,3234,3226,273,3499,8
2022-11-20,Monterey,053,433212,95354,94949,21700,116649,773
2022-11-20,Napa,055,140530,32783,32610,1438,34048,161
2022-11-20,Nevada,057,99092,19377,19238,2007,21245,132
2022-11-20,Orange,059,3164182,677865,674980,66830,741810,7553
2022-11-20,Placer,061,380077,77472,76976,9775,86751,662
2022-11-20,Plumas,063,18699,3737,3729,446,4175,13
2022-11-20,Riverside,065,2383286,704959,702343,36688,739031,6686
2022-11-20,Sacramento,067,1510023,353996,352117,35314,387431,3362
2022-11-20,San Benito,069,59416,16595,16410,996,17406,108
2022-11-20,San Bernardino,071,2135413,680638,677641,31776,709417,8131
2022-11-20,San Diego,073,3302833,939055,935811,74037,1009848,5557
2022-11-20,San Francisco,075,870044,184111,182855,12453,195308,1074
2022-11-20,San Joaquin,077,732212,201106,199682,15459,215141,2341
2022-11-20,San Luis Obispo,079,281455,64130,63812,7317,71129,530
2022-11-20,San Mateo,081,765935,173071,171862,10665,182527,748
2022-11-20,Santa Barbara,083,443738,107336,106885,7036,113921,733
2022-11-20,Santa Clara,085,1922200,447014,440104,19765,459869,2541
2022-11-20,Santa Cruz,087,273765,64968,64515,3574,68089,276
2022-11-20,Shasta,089,179085,35546,35346,7865,43211,595
2022-11-20,Sierra,091,2930,308,308,60,368,5
2022-11-20,Siskiyou,093,43540,5262,5364,3378,8742,95
2022-11-20,Solano,095,438530,107711,106903,8094,114997,469
2022-11-20,Sonoma,097,501317,108825,108386,5404,113790,527
2022-11-20,Stanislaus,099,539301,139915,139293,21905,161198,1785
2022-11-20,Sutter,101,95872,24739,24642,2475,27117,234
2022-11-20,Tehama,103,63373,13904,13784,3211,16995,216
2022-11-20,Trinity,105,12862,1437,1422,446,1868,20
2022-11-20,Tulare,107,460477,123362,122707,37328,160035,1545
2022-11-20,Tuolumne,109,53932,15964,15805,933,16738,209
2022-11-20,Ventura,111,848112,212033,210938,16264,227202,1586
2022-11-20,Yolo,113,214977,48292,48092,4498,52590,355
2022-11-20,Yuba,115,75493,19252,19157,1761,20918,132
2022-11-19,Alameda,001,1643700,356359,354457,20437,374894,2054
2022-11-19,Alpine,002,1148,139,136,1,137,0
2022-11-19,Amador,005,37829,10142,10108,944,11052,95
2022-11-19,Butte,007,227075,40176,40058,9402,49460,461
2022-11-19,Calaveras,009,45235,8658,8612,583,9195,135
2022-11-19,Colusa,011,21464,3840,3828,1306,5134,22
2022-11-19,Contra Costa,013,1133247,257237,254944,21183,276127,1479
2022-11-19,Del Norte,015,27424,7524,7492,405,7897,56
2022-11-19,El Dorado,017,186661,33045,32903,4359,37262,233
2022-11-19,Fresno,019,978130,282195,277735,32254,309989,2888
2022-11-19,Glenn,021,27897,5632,5591,1901,7492,50
2022-11-19,Humboldt,023,135768,22421,22254,5285,27539,160
2022-11-19,Imperial,025,180216,66772,66473,16749,83222,960
2022-11-19,Inyo,027,18085,4569,4530,1081,5611,60
2022-11-19,Kern,029,883053,221845,221145,66308,287453,2430
2022-11-19,Kings,031,150075,60445,60156,4235,64391,462
2022-11-19,Lake,033,64148,13078,12978,1219,14197,149
2022-11-19,Lassen,035,31185,10094,10043,1016,11059,65
2022-11-19,Los Angeles,037,10098052,3334171,3320411,190008,3510419,33830
2022-11-19,Madera,039,155013,44635,44373,8403,52776,375
2022-11-19,Marin,041,260295,46362,46115,5381,51496,314
2022-11-19,Mariposa,043,17540,3184,3138,348,3486,32
2022-11-19,Mendocino,045,87422,16308,16205,4585,20790,136
2022-11-19,Merced,047,269075,73638,73022,12050,85072,875
2022-11-19,Modoc,049,8938,893,889,342,1231,11
2022-11-19,Mono,051,14174,3234,3226,273,3499,8
2022-11-19,Monterey,053,433212,95328,94949,21689,116638,773
2022-11-19,Napa,055,140530,32772,32610,1436,34046,161
2022-11-19,Nevada,057,99092,19367,19238,2004,21242,132
2022-11-19,Orange,059,3164182,677647,674980,66751,741731,7553
2022-11-19,Placer,061,380077,77421,76976,9770,86746,662
2022-11-19,Plumas,063,18699,3737,3729,446,4175,13
2022-11-19,Riverside,065,2383286,704728,702343,36634,738977,6686
2022-11-19,Sacramento,067,1510023,353876,352117,35304,387421,3362
2022-11-19,San Benito,069,59416,16582,16410,996,17406,108
2022-11-19,San Bernardino,071,2135413,680381,677641,31748,709389,8131
2022-11-19,San Diego,073,3302833,938816,935811,73996,1009807,5557
2022-11-19,San Francisco,075,870044,184015,182855,12449,195304,1074
2022-11-19,San Joaquin,077,732212,201016,199682,15431,215113,2341
2022-11-19,San Luis Obispo,079,281455,64115,63812,7313,71125,530
2022-11-19,San Mateo,081,765935,172993,171862,10659,182521,748
2022-11-19,Santa Barbara,083,443738,107299,106885,7031,113916,733
2022-11-19,Santa Clara,085,1922200,446801,440104,19749,459853,2541
2022-11-19,Santa Cruz,087,273765,64950,64515,3572,68087,276
2022-11-19,Shasta,089,179085,35537,35346,7858,43204,595
2022-11-19,Sierra,091,2930,308,308,60,368,5
2022-11-19,Siskiyou,093,43540,5255,5364,3378,8742,95
2022-11-19,Solano,095,438530,107680,106903,8089,114992,469
2022-11-19,Sonoma,097,501317,108800,108386,5403,113789,527
2022-11-19,Stanislaus,099,539301,139854,139293,21903,161196,1785
2022-11-19,Sutter,101,95872,24730,24642,2475,27117,234
2022-11-19,Tehama,103,63373,13897,13784,3210,16994,216
2022-11-19,Trinity,105,12862,1437,1422,446,1868,20
2022-11-19,Tulare,107,460477,123325,122707,37306,160013,1545
2022-11-19,Tuolumne,109,53932,15947,15805,932,16737,209
2022-11-19,Ventura,111,848112,211953,210938,16249,227187,1586
2022-11-19,Yolo,113,214977,48275,48092,4496,52588,355
2022-11-19,Yuba,115,75493,19246,19157,1761,20918,132
2022-11-18,Alameda,001,1643700,356173,354457,20420,374877,2054
2022-11-18,Alpine,002,1148,139,136,1,137,0
2022-11-18,Amador,005,37829,10136,10108,944,11052,95
2022-11-18,Butte,007,227075,40163,40058,9395,49453,461
2022-11-18,Calaveras,009,45235,8653,8612,583,9195,135
2022-11-18,Colusa,011,21464,3838,3828,1306,5134,22
2022-11-18,Contra Costa,013,1133247,257118,254944,21176,276120,1479
2022-11-18,Del Norte,015,27424,7522,7492,405,7897,56
2022-11-18,El Dorado,017,186661,33034,32903,4358,37261,233
2022-11-18,Fresno,019,978130,282082,277735,32235,309970,2888
2022-11-18,Glenn,021,27897,5631,5591,1901,7492,50
2022-11-18,Humboldt,023,135768,22408,22254,5281,27535,160
2022-11-18,Imperial,025,180216,66755,66473,16738,83211,960
2022-11-18,Inyo,027,18085,4567,4530,1076,5606,60
2022-11-18,Kern,029,883053,221813,221145,66258,287403,2430
2022-11-18,Kings,031,150075,60426,60156,4233,64389,462
2022-11-18,Lake,033,64148,13074,12978,1219,14197,149
2022-11-18,Lassen,035,31185,10094,10043,1016,11059,65
2022-11-18,Los Angeles,037,10098052,3332777,3320411,189757,3510168,33830
2022-11-18,Madera,039,155013,44613,44373,8397,52770,375
2022-11-18,Marin,041,260295,46341,46115,5377,51492,314
2022-11-18,Mariposa,043,17540,3177,3138,348,3486,32
2022-11-18,Mendocino,045,87422,16305,16205,4584,20789,136
2022-11-18,Merced,047,269075,73619,73022,12046,85068,875
2022-11-18,Modoc,049,8938,893,889,341,1230,11
2022-11-18,Mono,051,14174,3234,3226,272,3498,8
2022-11-18,Monterey,053,433212,95302,94949,21678,116627,773
2022-11-18,Napa,055,140530,32761,32610,1436,34046,161
2022-11-18,Nevada,057,99092,19360,19238,1995,21233,132
2022-11-18,Orange,059,3164182,677444,674980,66650,741630,7553
2022-11-18,Placer,061,380077,77387,76976,9764,86740,662
2022-11-18,Plumas,063,18699,3736,3729,445,4174,13
2022-11-18,Riverside,065,2383286,704513,702343,36589,738932,6686
2022-11-18,Sacramento,067,1510023,353718,352117,35285,387402,3362
2022-11-18,San Benito,069,59416,16579,16410,996,17406,108
2022-11-18,San Bernardino,071,2135413,680161,677641,31725,709366,8131
2022-11-18,San Diego,073,3302833,938488,935811,73946,1009757,5557
2022-11-18,San Francisco,075,870044,183912,182855,12427,195282,1074
2022-11-18,San Joaquin,077,732212,200939,199682,15417,215099,2341
2022-11-18,San Luis Obispo,079,281455,64099,63812,7310,71122,530
2022-11-18,San Mateo,081,765935,172934,171862,10650,182512,748
2022-11-18,Santa Barbara,083,443738,107271,106885,7027,113912,733
2022-11-18,Santa Clara,085,1922200,446570,440104,19733,459837,2541
2022-11-18,Santa Cruz,087,273765,64927,64515,3569,68084,276
2022-11-18,Shasta,089,179085,35528,35346,7854,43200,595
2022-11-18,Sierra,091,2930,308,308,60,368,5
2022-11-18,Siskiyou,093,43540,5253,5364,3378,8742,95
2022-11-18,Solano,095,438530,107624,106903,8087,114990,469
2022-11-18,Sonoma,097,501317,108763,108386,5401,113787,527
2022-11-18,Stanislaus,099,539301,139805,139293,21897,161190,1785
2022-11-18,Sutter,101,95872,24723,24642,2475,27117,234
2022-11-18,Tehama,103,63373,13893,13784,3209,16993,216
2022-11-18,Trinity,105,12862,1437,1422,445,1867,20
2022-11-18,Tulare,107,460477,123281,122707,37273,159980,1545
2022-11-18,Tuolumne,109,53932,15934,15805,932,16737,209
2022-11-18,Ventura,111,848112,211875,210938,16228,227166,1586
2022-11-18,Yolo,113,214977,48259,48092,4491,52583,355
2022-11-18,Yuba,115,75493,19235,19157,1761,20918,132
2022-11-17,Alameda,001,1643700,355916,354457,20390,374847,2054
2022-11-17,Alpine,002,1148,138,136,1,137,0
2022-11-17,Amador,005,37829,10133,10108,944,11052,95
2022-11-17,Butte,007,227075,40140,40058,9384,49442,461
2022-11-17,Calaveras,009,45235,8648,8612,581,9193,135
2022-11-17,Colusa,011,21464,3838,3828,1306,5134,22
2022-11-17,Contra Costa,013,1133247,256968,254944,21166,276110,1479
2022-11-17,Del Norte,015,27424,7517,7492,405,7897,56
2022-11-17,El Dorado,017,186661,33004,32903,4358,37261,233
2022-11-17,Fresno,019,978130,281918,277735,32209,309944,2888
2022-11-17,Glenn,021,27897,5625,5591,1897,7488,50
2022-11-17,Humboldt,023,135768,22395,22254,5277,27531,160
2022-11-17,Imperial,025,180216,66704,66473,16699,83172,960
2022-11-17,Inyo,027,18085,4560,4530,1074,5604,60
2022-11-17,Kern,029,883053,221737,221145,66221,287366,2430
2022-11-17,Kings,031,150075,60391,60156,4227,64383,462
2022-11-17,Lake,033,64148,13068,12978,1219,14197,149
2022-11-17,Lassen,035,31185,10087,10043,1013,11056,65
2022-11-17,Los Angeles,037,10098052,3330835,3320411,189466,3509877,33830
2022-11-17,Madera,039,155013,44557,44373,8393,52766,375
2022-11-17,Marin,041,260295,46314,46115,5373,51488,314
2022-11-17,Mariposa,043,17540,3172,3138,348,3486,32
2022-11-17,Mendocino,045,87422,16299,16205,4584,20789,136
2022-11-17,Merced,047,269075,73580,73022,12043,85065,875
2022-11-17,Modoc,049,8938,891,889,341,1230,11
2022-11-17,Mono,051,14174,3233,3226,272,3498,8
2022-11-17,Monterey,053,433212,95272,94949,21660,116609,773
2022-11-17,Napa,055,140530,32737,32610,1435,34045,161
2022-11-17,Nevada,057,99092,19348,19238,1991,21229,132
2022-11-17,Orange,059,3164182,677125,674980,66529,741509,7553
2022-11-17,Placer,061,380077,77343,76976,9758,86734,662
2022-11-17,Plumas,063,18699,3732,3729,445,4174,13
2022-11-17,Riverside,065,2383286,704212,702343,36541,738884,6686
2022-11-17,Sacramento,067,1510023,353499,352117,35251,387368,3362
2022-11-17,San Benito,069,59416,16571,16410,994,17404,108
2022-11-17,San Bernardino,071,2135413,679846,677641,31691,709332,8131
2022-11-17,San Diego,073,3302833,938082,935811,73893,1009704,5557
2022-11-17,San Francisco,075,870044,183784,182855,12408,195263,1074
2022-11-17,San Joaquin,077,732212,200819,199682,15377,215059,2341
2022-11-17,San Luis Obispo,079,281455,64078,63812,7307,71119,530
2022-11-17,San Mateo,081,765935,172834,171862,10648,182510,748
2022-11-17,Santa Barbara,083,443738,107231,106885,7024,113909,733
2022-11-17,Santa Clara,085,1922200,446231,440104,19708,459812,2541
2022-11-17,Santa Cruz,087,273765,64890,64515,3567,68082,276
2022-11-17,Shasta,089,179085,35516,35346,7845,43191,595
2022-11-17,Sierra,091,2930,308,308,60,368,5
2022-11-17,Siskiyou,093,43540,5250,5364,3378,8742,95
2022-11-17,Solano,095,438530,107558,106903,8083,114986,469
2022-11-17,Sonoma,097,501317,108711,108386,5400,113786,527
2022-11-17,Stanislaus,099,539301,139745,139293,21884,161177,1785
2022-11-17,Sutter,101,95872,24712,24642,2475,27117,234
2022-11-17,Tehama,103,63373,13879,13784,3207,16991,216
2022-11-17,Trinity,105,12862,1435,1422,442,1864,20
2022-11-17,Tulare,107,460477,123213,122707,37243,159950,1545
2022-11-17,Tuolumne,109,53932,15918,15805,932,16737,209
2022-11-17,Ventura,111,848112,211774,210938,16207,227145,1586
2022-11-17,Yolo,113,214977,48248,48092,4486,52578,355
2022-11-17,Yuba,115,75493,19220,19157,1759,20916,132
2022-11-16,Alameda,001,1643700,355686,354457,20367,374824,2054
2022-11-16,Alpine,002,1148,138,136,1,137,0
2022-11-16,Amador,005,37829,10126,10108,944,11052,95
2022-11-16,Butte,007,227075,40117,40058,9368,49426,461
2022-11-16,Calaveras,009,45235,8641,8612,580,9192,135
2022-11-16,Colusa,011,21464,3836,3828,1305,5133,22
2022-11-16,Contra Costa,013,1133247,256840,254944,21146,276090,1479
2022-11-16,Del Norte,015,27424,7517,7492,405,7897,56
2022-11-16,El Dorado,017,186661,32981,32903,4357,37260,233
2022-11-16,Fresno,019,978130,281761,277735,32184,309919,2888
2022-11-16,Glenn,021,27897,5622,5591,1896,7487,50
2022-11-16,Humboldt,023,135768,22375,22254,5271,27525,160
2022-11-16,Imperial,025,180216,66665,66473,16636,83109,960
2022-11-16,Inyo,027,18085,4555,4530,1067,5597,60
2022-11-16,Kern,029,883053,221656,221145,66173,287318,2430
2022-11-16,Kings,031,150075,60332,60156,4223,64379,462
2022-11-16,Lake,033,64148,13053,12978,1219,14197,149
2022-11-16,Lassen,035,31185,10083,10043,1011,11054,65
2022-11-16,Los Angeles,037,10098052,3329023,3320411,189154,3509565,33830
2022-11-16,Madera,039,155013,44537,44373,8387,52760,375
2022-11-16,Marin,041,260295,46288,46115,5368,51483,314
2022-11-16,Mariposa,043,17540,3172,3138,348,3486,32
2022-11-16,Mendocino,045,87422,16294,16205,4582,20787,136
2022-11-16,Merced,047,269075,73529,73022,12037,85059,875
2022-11-16,Modoc,049,8938,890,889,341,1230,11
2022-11-16,Mono,051,14174,3233,3226,272,3498,8
2022-11-16,Monterey,053,433212,95234,94949,21639,116588,773
2022-11-16,Napa,055,140530,32707,32610,1432,34042,161
2022-11-16,Nevada,057,99092,19337,19238,1988,21226,132
2022-11-16,Orange,059,3164182,676808,674980,66398,741378,7553
2022-11-16,Placer,061,380077,77284,76976,9756,86732,662
2022-11-16,Plumas,063,18699,3732,3729,445,4174,13
2022-11-16,Riverside,065,2383286,703891,702343,36478,738821,6686
2022-11-16,Sacramento,067,1510023,353253,352117,35217,387334,3362
2022-11-16,San Benito,069,59416,16562,16410,992,17402,108
2022-11-16,San Bernardino,071,2135413,679481,677641,31670,709311,8131
2022-11-16,San Diego,073,3302833,937615,935811,73838,1009649,5557
2022-11-16,San Francisco,075,870044,183650,182855,12397,195252,1074
2022-11-16,San Joaquin,077,732212,200698,199682,15365,215047,2341
2022-11-16,San Luis Obispo,079,281455,64055,63812,7302,71114,530
2022-11-16,San Mateo,081,765935,172729,171862,10642,182504,748
2022-11-16,Santa Barbara,083,443738,107181,106885,7014,113899,733
2022-11-16,Santa Clara,085,1922200,445894,440104,19689,459793,2541
2022-11-16,Santa Cruz,087,273765,64848,64515,3566,68081,276
2022-11-16,Shasta,089,179085,35507,35346,7838,43184,595
2022-11-16,Sierra,091,2930,308,308,60,368,5
2022-11-16,Siskiyou,093,43540,5247,5364,3377,8741,95
2022-11-16,Solano,095,438530,107489,106903,8077,114980,469
2022-11-16,Sonoma,097,501317,108660,108386,5398,113784,527
2022-11-16,Stanislaus,099,539301,139684,139293,21872,161165,1785
2022-11-16,Sutter,101,95872,24697,24642,2475,27117,234
2022-11-16,Tehama,103,63373,13868,13784,3193,16977,216
2022-11-16,Trinity,105,12862,1434,1422,441,1863,20
2022-11-16,Tulare,107,460477,123154,122707,37207,159914,1545
2022-11-16,Tuolumne,109,53932,15903,15805,932,16737,209
2022-11-16,Ventura,111,848112,211658,210938,16185,227123,1586
2022-11-16,Yolo,113,214977,48225,48092,4479,52571,355
2022-11-16,Yuba,115,75493,19206,19157,1759,20916,132
2022-11-15,Alameda,001,1643700,355453,354457,20356,374813,2054
2022-11-15,Alpine,002,1148,138,136,1,137,0
2022-11-15,Amador,005,37829,10120,10108,944,11052,95
2022-11-15,Butte,007,227075,40100,40058,9361,49419,461
2022-11-15,Calaveras,009,45235,8635,8612,580,9192,135
2022-11-15,Colusa,011,21464,3835,3828,1305,5133,22
2022-11-15,Contra Costa,013,1133247,256688,254944,21126,276070,1479
2022-11-15,Del Norte,015,27424,7515,7492,405,7897,56
2022-11-15,El Dorado,017,186661,32956,32903,4352,37255,233
2022-11-15,Fresno,019,978130,281592,277735,32147,309882,2888
2022-11-15,Glenn,021,27897,5618,5591,1895,7486,50
2022-11-15,Humboldt,023,135768,22358,22254,5264,27518,160
2022-11-15,Imperial,025,180216,66628,66473,16600,83073,960
2022-11-15,Inyo,027,18085,4551,4530,1063,5593,60
2022-11-15,Kern,029,883053,221573,221145,65805,286950,2430
2022-11-15,Kings,031,150075,60294,60156,4220,64376,462
2022-11-15,Lake,033,64148,13046,12978,1219,14197,149
2022-11-15,Lassen,035,31185,10076,10043,1010,11053,65
2022-11-15,Los Angeles,037,10098052,3327161,3320411,188884,3509295,33830
2022-11-15,Madera,039,155013,44517,44373,8384,52757,375
2022-11-15,Marin,041,260295,46265,46115,5365,51480,314
2022-11-15,Mariposa,043,17540,3169,3138,348,3486,32
2022-11-15,Mendocino,045,87422,16288,16205,4578,20783,136
2022-11-15,Merced,047,269075,73499,73022,12029,85051,875
2022-11-15,Modoc,049,8938,889,889,341,1230,11
2022-11-15,Mono,051,14174,3233,3226,272,3498,8
2022-11-15,Monterey,053,433212,95202,94949,21610,116559,773
2022-11-15,Napa,055,140530,32683,32610,1431,34041,161
2022-11-15,Nevada,057,99092,19324,19238,1982,21220,132
2022-11-15,Orange,059,3164182,676461,674980,66272,741252,7553
2022-11-15,Placer,061,380077,77236,76976,9748,86724,662
2022-11-15,Plumas,063,18699,3731,3729,445,4174,13
2022-11-15,Riverside,065,2383286,703570,702343,36427,738770,6686
2022-11-15,Sacramento,067,1510023,353012,352117,35179,387296,3362
2022-11-15,San Benito,069,59416,16559,16410,992,17402,108
2022-11-15,San Bernardino,071,2135413,679210,677641,31637,709278,8131
2022-11-15,San Diego,073,3302833,937147,935811,73783,1009594,5557
2022-11-15,San Francisco,075,870044,183523,182855,12384,195239,1074
2022-11-15,San Joaquin,077,732212,200581,199682,15349,215031,2341
2022-11-15,San Luis Obispo,079,281455,64022,63812,7297,71109,530
2022-11-15,San Mateo,081,765935,172618,171862,10637,182499,748
2022-11-15,Santa Barbara,083,443738,107138,106885,7009,113894,733
2022-11-15,Santa Clara,085,1922200,445574,440104,19674,459778,2541
2022-11-15,Santa Cruz,087,273765,64808,64515,3564,68079,276
2022-11-15,Shasta,089,179085,35495,35346,7824,43170,595
2022-11-15,Sierra,091,2930,308,308,60,368,5
2022-11-15,Siskiyou,093,43540,5243,5364,3377,8741,95
2022-11-15,Solano,095,438530,107403,106903,8070,114973,469
2022-11-15,Sonoma,097,501317,108618,108386,5392,113778,527
2022-11-15,Stanislaus,099,539301,139616,139293,21846,161139,1785
2022-11-15,Sutter,101,95872,24687,24642,2474,27116,234
2022-11-15,Tehama,103,63373,13855,13784,3188,16972,216
2022-11-15,Trinity,105,12862,1433,1422,441,1863,20
2022-11-15,Tulare,107,460477,123082,122707,37165,159872,1545
2022-11-15,Tuolumne,109,53932,15897,15805,932,16737,209
2022-11-15,Ventura,111,848112,211546,210938,16173,227111,1586
2022-11-15,Yolo,113,214977,48201,48092,4473,52565,355
2022-11-15,Yuba,115,75493,19196,19157,1757,20914,132
2022-11-14,Alameda,001,1643700,355178,352725,20328,373053,2050
2022-11-14,Alpine,002,1148,138,136,1,137,0
2022-11-14,Amador,005,37829,10120,10080,944,11024,95
2022-11-14,Butte,007,227075,40075,39935,9354,49289,461
2022-11-14,Calaveras,009,45235,8629,8590,580,9170,135
2022-11-14,Colusa,011,21464,3835,3822,1304,5126,22
2022-11-14,Contra Costa,013,1133247,256540,253870,21118,274988,1469
2022-11-14,Del Norte,015,27424,7514,7472,405,7877,56
2022-11-14,El Dorado,017,186661,32935,32713,4352,37065,232
2022-11-14,Fresno,019,978130,281446,276921,32117,309038,2887
2022-11-14,Glenn,021,27897,5616,5570,1894,7464,48
2022-11-14,Humboldt,023,135768,22336,22176,5254,27430,160
2022-11-14,Imperial,025,180216,66580,66182,16560,82742,960
2022-11-14,Inyo,027,18085,4549,4520,1058,5578,60
2022-11-14,Kern,029,883053,221500,220676,65751,286427,2430
2022-11-14,Kings,031,150075,60220,59955,4214,64169,461
2022-11-14,Lake,033,64148,13039,12931,1215,14146,149
2022-11-14,Lassen,035,31185,10062,10019,1009,11028,65
2022-11-14,Los Angeles,037,10098052,3325390,3311644,188571,3500215,33784
2022-11-14,Madera,039,155013,44500,44281,8381,52662,375
2022-11-14,Marin,041,260295,46235,45924,5363,51287,314
2022-11-14,Mariposa,043,17540,3169,3124,348,3472,32
2022-11-14,Mendocino,045,87422,16278,16164,4574,20738,136
2022-11-14,Merced,047,269075,73471,72817,12021,84838,870
2022-11-14,Modoc,049,8938,889,887,334,1221,11
2022-11-14,Mono,051,14174,3233,3218,272,3490,8
2022-11-14,Monterey,053,433212,95166,94708,21581,116289,772
2022-11-14,Napa,055,140530,32662,32510,1429,33939,162
2022-11-14,Nevada,057,99092,19315,19171,1977,21148,132
2022-11-14,Orange,059,3164182,676169,673328,66157,739485,7546
2022-11-14,Placer,061,380077,77175,76490,9741,86231,662
2022-11-14,Plumas,063,18699,3731,3723,445,4168,13
2022-11-14,Riverside,065,2383286,703231,700602,36367,736969,6660
2022-11-14,Sacramento,067,1510023,352765,350522,35142,385664,3358
2022-11-14,San Benito,069,59416,16550,16350,991,17341,108
2022-11-14,San Bernardino,071,2135413,678826,676086,31587,707673,8126
2022-11-14,San Diego,073,3302833,936559,933599,73725,1007324,5538
2022-11-14,San Francisco,075,870044,183376,181964,12374,194338,1072
2022-11-14,San Joaquin,077,732212,200466,199089,15334,214423,2340
2022-11-14,San Luis Obispo,079,281455,63993,63683,7294,70977,525
2022-11-14,San Mateo,081,765935,172477,171191,10627,181818,748
2022-11-14,Santa Barbara,083,443738,107079,106642,7008,113650,733
2022-11-14,Santa Clara,085,1922200,445245,438278,19646,457924,2535
2022-11-14,Santa Cruz,087,273765,64752,64221,3560,67781,274
2022-11-14,Shasta,089,179085,35474,35246,7811,43057,594
2022-11-14,Sierra,091,2930,308,309,60,369,5
2022-11-14,Siskiyou,093,43540,5240,5337,3376,8713,94
2022-11-14,Solano,095,438530,107333,106391,8064,114455,468
2022-11-14,Sonoma,097,501317,108560,108080,5386,113466,525
2022-11-14,Stanislaus,099,539301,139560,138963,21837,160800,1785
2022-11-14,Sutter,101,95872,24665,24537,2474,27011,235
2022-11-14,Tehama,103,63373,13843,13745,3185,16930,216
2022-11-14,Trinity,105,12862,1432,1414,439,1853,20
2022-11-14,Tulare,107,460477,123000,122447,37137,159584,1544
2022-11-14,Tuolumne,109,53932,15879,15727,932,16659,201
2022-11-14,Ventura,111,848112,211436,210439,16155,226594,1585
2022-11-14,Yolo,113,214977,48186,47953,4470,52423,354
2022-11-14,Yuba,115,75493,19187,19098,1757,20855,132
2022-11-13,Alameda,001,1643700,354863,352725,20304,373029,2050
2022-11-13,Alpine,002,1148,137,136,1,137,0
2022-11-13,Amador,005,37829,10117,10080,943,11023,95
2022-11-13,Butte,007,227075,40047,39935,9346,49281,461
2022-11-13,Calaveras,009,45235,8626,8590,577,9167,135
2022-11-13,Colusa,011,21464,3833,3822,1302,5124,22
2022-11-13,Contra Costa,013,1133247,256351,253870,21101,274971,1469
2022-11-13,Del Norte,015,27424,7510,7472,405,7877,56
2022-11-13,El Dorado,017,186661,32911,32713,4349,37062,232
2022-11-13,Fresno,019,978130,281263,276921,32086,309007,2887
2022-11-13,Glenn,021,27897,5608,5570,1894,7464,48
2022-11-13,Humboldt,023,135768,22318,22176,5246,27422,160
2022-11-13,Imperial,025,180216,66517,66182,16511,82693,960
2022-11-13,Inyo,027,18085,4544,4520,1057,5577,60
2022-11-13,Kern,029,883053,221387,220676,65671,286347,2430
2022-11-13,Kings,031,150075,60180,59955,4197,64152,461
2022-11-13,Lake,033,64148,13018,12931,1214,14145,149
2022-11-13,Lassen,035,31185,10046,10019,1009,11028,65
2022-11-13,Los Angeles,037,10098052,3323444,3311644,188288,3499932,33784
2022-11-13,Madera,039,155013,44483,44281,8368,52649,375
2022-11-13,Marin,041,260295,46202,45924,5362,51286,314
2022-11-13,Mariposa,043,17540,3166,3124,348,3472,32
2022-11-13,Mendocino,045,87422,16268,16164,4563,20727,136
2022-11-13,Merced,047,269075,73431,72817,12011,84828,870
2022-11-13,Modoc,049,8938,889,887,331,1218,11
2022-11-13,Mono,051,14174,3233,3218,272,3490,8
2022-11-13,Monterey,053,433212,95121,94708,21548,116256,772
2022-11-13,Napa,055,140530,32644,32510,1428,33938,162
2022-11-13,Nevada,057,99092,19293,19171,1964,21135,132
2022-11-13,Orange,059,3164182,675828,673328,66018,739346,7546
2022-11-13,Placer,061,380077,77109,76490,9738,86228,662
2022-11-13,Plumas,063,18699,3730,3723,445,4168,13
2022-11-13,Riverside,065,2383286,702844,700602,36303,736905,6660
2022-11-13,Sacramento,067,1510023,352516,350522,35090,385612,3358
2022-11-13,San Benito,069,59416,16541,16350,990,17340,108
2022-11-13,San Bernardino,071,2135413,678431,676086,31551,707637,8126
2022-11-13,San Diego,073,3302833,935982,933599,73661,1007260,5538
2022-11-13,San Francisco,075,870044,183237,181964,12362,194326,1072
2022-11-13,San Joaquin,077,732212,200319,199089,15318,214407,2340
2022-11-13,San Luis Obispo,079,281455,63972,63683,7293,70976,525
2022-11-13,San Mateo,081,765935,172346,171191,10622,181813,748
2022-11-13,Santa Barbara,083,443738,107017,106642,6997,113639,733
2022-11-13,Santa Clara,085,1922200,444876,438278,19625,457903,2535
2022-11-13,Santa Cruz,087,273765,64688,64221,3557,67778,274
2022-11-13,Shasta,089,179085,35453,35246,7800,43046,594
2022-11-13,Sierra,091,2930,308,309,60,369,5
2022-11-13,Siskiyou,093,43540,5233,5337,3374,8711,94
2022-11-13,Solano,095,438530,107236,106391,8061,114452,468
2022-11-13,Sonoma,097,501317,108506,108080,5382,113462,525
2022-11-13,Stanislaus,099,539301,139498,138963,21829,160792,1785
2022-11-13,Sutter,101,95872,24652,24537,2472,27009,235
2022-11-13,Tehama,103,63373,13826,13745,3181,16926,216
2022-11-13,Trinity,105,12862,1431,1414,437,1851,20
2022-11-13,Tulare,107,460477,122932,122447,37099,159546,1544
2022-11-13,Tuolumne,109,53932,15867,15727,932,16659,201
2022-11-13,Ventura,111,848112,211321,210439,16141,226580,1585
2022-11-13,Yolo,113,214977,48160,47953,4468,52421,354
2022-11-13,Yuba,115,75493,19173,19098,1755,20853,132
2022-11-12,Alameda,001,1643700,354718,352725,20290,373015,2050
2022-11-12,Alpine,002,1148,137,136,1,137,0
2022-11-12,Amador,005,37829,10116,10080,943,11023,95
2022-11-12,Butte,007,227075,40035,39935,9336,49271,461
2022-11-12,Calaveras,009,45235,8620,8590,576,9166,135
2022-11-12,Colusa,011,21464,3832,3822,1301,5123,22
2022-11-12,Contra Costa,013,1133247,256231,253870,21099,274969,1469
2022-11-12,Del Norte,015,27424,7509,7472,405,7877,56
2022-11-12,El Dorado,017,186661,32894,32713,4347,37060,232
2022-11-12,Fresno,019,978130,281196,276921,32075,308996,2887
2022-11-12,Glenn,021,27897,5604,5570,1894,7464,48
2022-11-12,Humboldt,023,135768,22307,22176,5239,27415,160
2022-11-12,Imperial,025,180216,66504,66182,16499,82681,960
2022-11-12,Inyo,027,18085,4542,4520,1057,5577,60
2022-11-12,Kern,029,883053,221348,220676,65646,286322,2430
2022-11-12,Kings,031,150075,60148,59955,4192,64147,461
2022-11-12,Lake,033,64148,13013,12931,1214,14145,149
2022-11-12,Lassen,035,31185,10041,10019,1009,11028,65
2022-11-12,Los Angeles,037,10098052,3322480,3311644,188122,3499766,33784
2022-11-12,Madera,039,155013,44473,44281,8368,52649,375
2022-11-12,Marin,041,260295,46185,45924,5361,51285,314
2022-11-12,Mariposa,043,17540,3165,3124,348,3472,32
2022-11-12,Mendocino,045,87422,16264,16164,4563,20727,136
2022-11-12,Merced,047,269075,73414,72817,12008,84825,870
2022-11-12,Modoc,049,8938,889,887,331,1218,11
2022-11-12,Mono,051,14174,3232,3218,272,3490,8
2022-11-12,Monterey,053,433212,95093,94708,21524,116232,772
2022-11-12,Napa,055,140530,32632,32510,1428,33938,162
2022-11-12,Nevada,057,99092,19284,19171,1963,21134,132
2022-11-12,Orange,059,3164182,675671,673328,65941,739269,7546
2022-11-12,Placer,061,380077,77064,76490,9734,86224,662
2022-11-12,Plumas,063,18699,3730,3723,445,4168,13
2022-11-12,Riverside,065,2383286,702665,700602,36265,736867,6660
2022-11-12,Sacramento,067,1510023,352404,350522,35077,385599,3358
2022-11-12,San Benito,069,59416,16537,16350,990,17340,108
2022-11-12,San Bernardino,071,2135413,678216,676086,31532,707618,8126
2022-11-12,San Diego,073,3302833,935743,933599,73627,1007226,5538
2022-11-12,San Francisco,075,870044,183173,181964,12353,194317,1072
2022-11-12,San Joaquin,077,732212,200260,199089,15310,214399,2340
2022-11-12,San Luis Obispo,079,281455,63958,63683,7290,70973,525
2022-11-12,San Mateo,081,765935,172281,171191,10613,181804,748
2022-11-12,Santa Barbara,083,443738,106996,106642,6994,113636,733
2022-11-12,Santa Clara,085,1922200,444675,438278,19609,457887,2535
2022-11-12,Santa Cruz,087,273765,64675,64221,3554,67775,274
2022-11-12,Shasta,089,179085,35440,35246,7796,43042,594
2022-11-12,Sierra,091,2930,308,309,60,369,5
2022-11-12,Siskiyou,093,43540,5228,5337,3373,8710,94
2022-11-12,Solano,095,438530,107203,106391,8055,114446,468
2022-11-12,Sonoma,097,501317,108484,108080,5378,113458,525
2022-11-12,Stanislaus,099,539301,139458,138963,21827,160790,1785
2022-11-12,Sutter,101,95872,24642,24537,2472,27009,235
2022-11-12,Tehama,103,63373,13820,13745,3174,16919,216
2022-11-12,Trinity,105,12862,1430,1414,436,1850,20
2022-11-12,Tulare,107,460477,122896,122447,37084,159531,1544
2022-11-12,Tuolumne,109,53932,15856,15727,932,16659,201
2022-11-12,Ventura,111,848112,211246,210439,16130,226569,1585
2022-11-12,Yolo,113,214977,48135,47953,4465,52418,354
2022-11-12,Yuba,115,75493,19166,19098,1753,20851,132
2022-11-11,Alameda,001,1643700,354573,352725,20278,373003,2050
2022-11-11,Alpine,002,1148,137,136,1,137,0
2022-11-11,Amador,005,37829,10108,10080,943,11023,95
2022-11-11,Butte,007,227075,40027,39935,9329,49264,461
2022-11-11,Calaveras,009,45235,8617,8590,576,9166,135
2022-11-11,Colusa,011,21464,3827,3822,1300,5122,22
2022-11-11,Contra Costa,013,1133247,256127,253870,21094,274964,1469
2022-11-11,Del Norte,015,27424,7504,7472,405,7877,56
2022-11-11,El Dorado,017,186661,32880,32713,4344,37057,232
2022-11-11,Fresno,019,978130,281118,276921,32062,308983,2887
2022-11-11,Glenn,021,27897,5602,5570,1894,7464,48
2022-11-11,Humboldt,023,135768,22294,22176,5236,27412,160
2022-11-11,Imperial,025,180216,66488,66182,16486,82668,960
2022-11-11,Inyo,027,18085,4541,4520,1054,5574,60
2022-11-11,Kern,029,883053,221308,220676,65604,286280,2430
2022-11-11,Kings,031,150075,60132,59955,4187,64142,461
2022-11-11,Lake,033,64148,13010,12931,1214,14145,149
2022-11-11,Lassen,035,31185,10039,10019,1009,11028,65
2022-11-11,Los Angeles,037,10098052,3321533,3311644,187956,3499600,33784
2022-11-11,Madera,039,155013,44456,44281,8362,52643,375
2022-11-11,Marin,041,260295,46159,45924,5360,51284,314
2022-11-11,Mariposa,043,17540,3163,3124,348,3472,32
2022-11-11,Mendocino,045,87422,16260,16164,4563,20727,136
2022-11-11,Merced,047,269075,73394,72817,12005,84822,870
2022-11-11,Modoc,049,8938,888,887,331,1218,11
2022-11-11,Mono,051,14174,3231,3218,272,3490,8
2022-11-11,Monterey,053,433212,95078,94708,21508,116216,772
2022-11-11,Napa,055,140530,32622,32510,1427,33937,162
2022-11-11,Nevada,057,99092,19276,19171,1963,21134,132
2022-11-11,Orange,059,3164182,675509,673328,65876,739204,7546
2022-11-11,Placer,061,380077,77038,76490,9731,86221,662
2022-11-11,Plumas,063,18699,3730,3723,445,4168,13
2022-11-11,Riverside,065,2383286,702503,700602,36239,736841,6660
2022-11-11,Sacramento,067,1510023,352285,350522,35066,385588,3358
2022-11-11,San Benito,069,59416,16534,16350,990,17340,108
2022-11-11,San Bernardino,071,2135413,678027,676086,31516,707602,8126
2022-11-11,San Diego,073,3302833,935465,933599,73604,1007203,5538
2022-11-11,San Francisco,075,870044,183101,181964,12340,194304,1072
2022-11-11,San Joaquin,077,732212,200193,199089,15301,214390,2340
2022-11-11,San Luis Obispo,079,281455,63949,63683,7289,70972,525
2022-11-11,San Mateo,081,765935,172214,171191,10610,181801,748
2022-11-11,Santa Barbara,083,443738,106985,106642,6992,113634,733
2022-11-11,Santa Clara,085,1922200,444500,438278,19603,457881,2535
2022-11-11,Santa Cruz,087,273765,64645,64221,3554,67775,274
2022-11-11,Shasta,089,179085,35430,35246,7792,43038,594
2022-11-11,Sierra,091,2930,308,309,60,369,5
2022-11-11,Siskiyou,093,43540,5226,5337,3373,8710,94
2022-11-11,Solano,095,438530,107175,106391,8052,114443,468
2022-11-11,Sonoma,097,501317,108451,108080,5376,113456,525
2022-11-11,Stanislaus,099,539301,139418,138963,21820,160783,1785
2022-11-11,Sutter,101,95872,24634,24537,2472,27009,235
2022-11-11,Tehama,103,63373,13812,13745,3172,16917,216
2022-11-11,Trinity,105,12862,1427,1414,436,1850,20
2022-11-11,Tulare,107,460477,122866,122447,37063,159510,1544
2022-11-11,Tuolumne,109,53932,15846,15727,932,16659,201
2022-11-11,Ventura,111,848112,211181,210439,16115,226554,1585
2022-11-11,Yolo,113,214977,48123,47953,4464,52417,354
2022-11-11,Yuba,115,75493,19159,19098,1753,20851,132
2022-11-10,Alameda,001,1643700,354384,352725,20267,372992,2050
2022-11-10,Alpine,002,1148,137,136,1,137,0
2022-11-10,Amador,005,37829,10108,10080,943,11023,95
2022-11-10,Butte,007,227075,40013,39935,9325,49260,461
2022-11-10,Calaveras,009,45235,8614,8590,574,9164,135
2022-11-10,Colusa,011,21464,3827,3822,1298,5120,22
2022-11-10,Contra Costa,013,1133247,256008,253870,21089,274959,1469
2022-11-10,Del Norte,015,27424,7503,7472,405,7877,56
2022-11-10,El Dorado,017,186661,32857,32713,4343,37056,232
2022-11-10,Fresno,019,978130,281005,276921,32050,308971,2887
2022-11-10,Glenn,021,27897,5600,5570,1894,7464,48
2022-11-10,Humboldt,023,135768,22288,22176,5232,27408,160
2022-11-10,Imperial,025,180216,66459,66182,16453,82635,960
2022-11-10,Inyo,027,18085,4540,4520,1052,5572,60
2022-11-10,Kern,029,883053,221256,220676,65553,286229,2430
2022-11-10,Kings,031,150075,60113,59955,4186,64141,461
2022-11-10,Lake,033,64148,13008,12931,1213,14144,149
2022-11-10,Lassen,035,31185,10036,10019,1009,11028,65
2022-11-10,Los Angeles,037,10098052,3320265,3311644,187797,3499441,33784
2022-11-10,Madera,039,155013,44441,44281,8356,52637,375
2022-11-10,Marin,041,260295,46137,45924,5360,51284,314
2022-11-10,Mariposa,043,17540,3163,3124,348,3472,32
2022-11-10,Mendocino,045,87422,16253,16164,4562,20726,136
2022-11-10,Merced,047,269075,73379,72817,12003,84820,870
2022-11-10,Modoc,049,8938,887,887,331,1218,11
2022-11-10,Mono,051,14174,3230,3218,272,3490,8
2022-11-10,Monterey,053,433212,95054,94708,21482,116190,772
2022-11-10,Napa,055,140530,32609,32510,1426,33936,162
2022-11-10,Nevada,057,99092,19266,19171,1961,21132,132
2022-11-10,Orange,059,3164182,675312,673328,65807,739135,7546
2022-11-10,Placer,061,380077,76997,76490,9725,86215,662
2022-11-10,Plumas,063,18699,3730,3723,445,4168,13
2022-11-10,Riverside,065,2383286,702331,700602,36198,736800,6660
2022-11-10,Sacramento,067,1510023,352119,350522,35049,385571,3358
2022-11-10,San Benito,069,59416,16533,16350,990,17340,108
2022-11-10,San Bernardino,071,2135413,677809,676086,31493,707579,8126
2022-11-10,San Diego,073,3302833,935205,933599,73569,1007168,5538
2022-11-10,San Francisco,075,870044,182996,181964,12331,194295,1072
2022-11-10,San Joaquin,077,732212,200115,199089,15291,214380,2340
2022-11-10,San Luis Obispo,079,281455,63934,63683,7287,70970,525
2022-11-10,San Mateo,081,765935,172129,171191,10605,181796,748
2022-11-10,Santa Barbara,083,443738,106967,106642,6986,113628,733
2022-11-10,Santa Clara,085,1922200,444258,438278,19581,457859,2535
2022-11-10,Santa Cruz,087,273765,64615,64221,3549,67770,274
2022-11-10,Shasta,089,179085,35418,35246,7788,43034,594
2022-11-10,Sierra,091,2930,308,309,60,369,5
2022-11-10,Siskiyou,093,43540,5223,5337,3372,8709,94
2022-11-10,Solano,095,438530,107112,106391,8049,114440,468
2022-11-10,Sonoma,097,501317,108417,108080,5375,113455,525
2022-11-10,Stanislaus,099,539301,139373,138963,21818,160781,1785
2022-11-10,Sutter,101,95872,24620,24537,2472,27009,235
2022-11-10,Tehama,103,63373,13811,13745,3169,16914,216
2022-11-10,Trinity,105,12862,1427,1414,436,1850,20
2022-11-10,Tulare,107,460477,122810,122447,37024,159471,1544
2022-11-10,Tuolumne,109,53932,15837,15727,931,16658,201
2022-11-10,Ventura,111,848112,211086,210439,16101,226540,1585
2022-11-10,Yolo,113,214977,48108,47953,4463,52416,354
2022-11-10,Yuba,115,75493,19154,19098,1752,20850,132
2022-11-09,Alameda,001,1643700,354160,352725,20241,372966,2050
2022-11-09,Alpine,002,1148,137,136,1,137,0
2022-11-09,Amador,005,37829,10106,10080,943,11023,95
2022-11-09,Butte,007,227075,39990,39935,9315,49250,461
2022-11-09,Calaveras,009,45235,8608,8590,572,9162,135
2022-11-09,Colusa,011,21464,3826,3822,1295,5117,22
2022-11-09,Contra Costa,013,1133247,255872,253870,21079,274949,1469
2022-11-09,Del Norte,015,27424,7502,7472,405,7877,56
2022-11-09,El Dorado,017,186661,32831,32713,4342,37055,232
2022-11-09,Fresno,019,978130,280896,276921,32037,308958,2887
2022-11-09,Glenn,021,27897,5599,5570,1894,7464,48
2022-11-09,Humboldt,023,135768,22276,22176,5227,27403,160
2022-11-09,Imperial,025,180216,66421,66182,16405,82587,960
2022-11-09,Inyo,027,18085,4539,4520,1048,5568,60
2022-11-09,Kern,029,883053,221189,220676,65494,286170,2430
2022-11-09,Kings,031,150075,60067,59955,4181,64136,461
2022-11-09,Lake,033,64148,13003,12931,1209,14140,149
2022-11-09,Lassen,035,31185,10033,10019,1009,11028,65
2022-11-09,Los Angeles,037,10098052,3318800,3311644,187613,3499257,33784
2022-11-09,Madera,039,155013,44428,44281,8353,52634,375
2022-11-09,Marin,041,260295,46116,45924,5356,51280,314
2022-11-09,Mariposa,043,17540,3161,3124,348,3472,32
2022-11-09,Mendocino,045,87422,16250,16164,4559,20723,136
2022-11-09,Merced,047,269075,73351,72817,11999,84816,870
2022-11-09,Modoc,049,8938,887,887,331,1218,11
2022-11-09,Mono,051,14174,3229,3218,271,3489,8
2022-11-09,Monterey,053,433212,95023,94708,21465,116173,772
2022-11-09,Napa,055,140530,32590,32510,1425,33935,162
2022-11-09,Nevada,057,99092,19262,19171,1955,21126,132
2022-11-09,Orange,059,3164182,675079,673328,65696,739024,7546
2022-11-09,Placer,061,380077,76952,76490,9719,86209,662
2022-11-09,Plumas,063,18699,3727,3723,445,4168,13
2022-11-09,Riverside,065,2383286,702093,700602,36174,736776,6660
2022-11-09,Sacramento,067,1510023,351950,350522,35010,385532,3358
2022-11-09,San Benito,069,59416,16525,16350,989,17339,108
2022-11-09,San Bernardino,071,2135413,677554,676086,31475,707561,8126
2022-11-09,San Diego,073,3302833,934884,933599,73511,1007110,5538
2022-11-09,San Francisco,075,870044,182897,181964,12326,194290,1072
2022-11-09,San Joaquin,077,732212,200028,199089,15279,214368,2340
2022-11-09,San Luis Obispo,079,281455,63913,63683,7284,70967,525
2022-11-09,San Mateo,081,765935,172026,171191,10603,181794,748
2022-11-09,Santa Barbara,083,443738,106944,106642,6983,113625,733
2022-11-09,Santa Clara,085,1922200,444020,438278,19568,457846,2535
2022-11-09,Santa Cruz,087,273765,64584,64221,3547,67768,274
2022-11-09,Shasta,089,179085,35408,35246,7779,43025,594
2022-11-09,Sierra,091,2930,308,309,60,369,5
2022-11-09,Siskiyou,093,43540,5222,5337,3371,8708,94
2022-11-09,Solano,095,438530,107053,106391,8043,114434,468
2022-11-09,Sonoma,097,501317,108370,108080,5370,113450,525
2022-11-09,Stanislaus,099,539301,139332,138963,21803,160766,1785
2022-11-09,Sutter,101,95872,24605,24537,2471,27008,235
2022-11-09,Tehama,103,63373,13804,13745,3166,16911,216
2022-11-09,Trinity,105,12862,1423,1414,434,1848,20
2022-11-09,Tulare,107,460477,122772,122447,37001,159448,1544
2022-11-09,Tuolumne,109,53932,15823,15727,931,16658,201
2022-11-09,Ventura,111,848112,211012,210439,16079,226518,1585
2022-11-09,Yolo,113,214977,48086,47953,4461,52414,354
2022-11-09,Yuba,115,75493,19145,19098,1746,20844,132
2022-11-08,Alameda,001,1643700,353955,352725,20215,372940,2050
2022-11-08,Alpine,002,1148,137,136,1,137,0
2022-11-08,Amador,005,37829,10104,10080,943,11023,95
2022-11-08,Butte,007,227075,39972,39935,9307,49242,461
2022-11-08,Calaveras,009,45235,8605,8590,572,9162,135
2022-11-08,Colusa,011,21464,3825,3822,1295,5117,22
2022-11-08,Contra Costa,013,1133247,255742,253870,21062,274932,1469
2022-11-08,Del Norte,015,27424,7498,7472,402,7874,56
2022-11-08,El Dorado,017,186661,32807,32713,4340,37053,232
2022-11-08,Fresno,019,978130,280795,276921,32020,308941,2887
2022-11-08,Glenn,021,27897,5598,5570,1894,7464,48
2022-11-08,Humboldt,023,135768,22268,22176,5220,27396,160
2022-11-08,Imperial,025,180216,66367,66182,16347,82529,960
2022-11-08,Inyo,027,18085,4539,4520,1045,5565,60
2022-11-08,Kern,029,883053,221110,220676,65440,286116,2430
2022-11-08,Kings,031,150075,60042,59955,4179,64134,461
2022-11-08,Lake,033,64148,12993,12931,1208,14139,149
2022-11-08,Lassen,035,31185,10031,10019,1008,11027,65
2022-11-08,Los Angeles,037,10098052,3317379,3311644,187411,3499055,33784
2022-11-08,Madera,039,155013,44412,44281,8349,52630,375
2022-11-08,Marin,041,260295,46087,45924,5349,51273,314
2022-11-08,Mariposa,043,17540,3156,3124,348,3472,32
2022-11-08,Mendocino,045,87422,16242,16164,4559,20723,136
2022-11-08,Merced,047,269075,73321,72817,11994,84811,870
2022-11-08,Modoc,049,8938,886,887,331,1218,11
2022-11-08,Mono,051,14174,3225,3218,269,3487,8
2022-11-08,Monterey,053,433212,94994,94708,21456,116164,772
2022-11-08,Napa,055,140530,32577,32510,1425,33935,162
2022-11-08,Nevada,057,99092,19256,19171,1952,21123,132
2022-11-08,Orange,059,3164182,674836,673328,65604,738932,7546
2022-11-08,Placer,061,380077,76908,76490,9714,86204,662
2022-11-08,Plumas,063,18699,3727,3723,445,4168,13
2022-11-08,Riverside,065,2383286,701852,700602,36136,736738,6660
2022-11-08,Sacramento,067,1510023,351760,350522,34969,385491,3358
2022-11-08,San Benito,069,59416,16516,16350,988,17338,108
2022-11-08,San Bernardino,071,2135413,677317,676086,31436,707522,8126
2022-11-08,San Diego,073,3302833,934471,933599,73472,1007071,5538
2022-11-08,San Francisco,075,870044,182773,181964,12312,194276,1072
2022-11-08,San Joaquin,077,732212,199940,199089,15269,214358,2340
2022-11-08,San Luis Obispo,079,281455,63894,63683,7281,70964,525
2022-11-08,San Mateo,081,765935,171930,171191,10600,181791,748
2022-11-08,Santa Barbara,083,443738,106908,106642,6980,113622,733
2022-11-08,Santa Clara,085,1922200,443757,438278,19550,457828,2535
2022-11-08,Santa Cruz,087,273765,64552,64221,3545,67766,274
2022-11-08,Shasta,089,179085,35387,35246,7763,43009,594
2022-11-08,Sierra,091,2930,308,309,60,369,5
2022-11-08,Siskiyou,093,43540,5221,5337,3367,8704,94
2022-11-08,Solano,095,438530,106977,106391,8036,114427,468
2022-11-08,Sonoma,097,501317,108330,108080,5369,113449,525
2022-11-08,Stanislaus,099,539301,139270,138963,21800,160763,1785
2022-11-08,Sutter,101,95872,24588,24537,2471,27008,235
2022-11-08,Tehama,103,63373,13799,13745,3165,16910,216
2022-11-08,Trinity,105,12862,1421,1414,433,1847,20
2022-11-08,Tulare,107,460477,122721,122447,36972,159419,1544
2022-11-08,Tuolumne,109,53932,15813,15727,931,16658,201
2022-11-08,Ventura,111,848112,210946,210439,16070,226509,1585
2022-11-08,Yolo,113,214977,48066,47953,4455,52408,354
2022-11-08,Yuba,115,75493,19135,19098,1745,20843,132
2022-11-07,Alameda,001,1643700,353716,351524,20194,371718,2044
2022-11-07,Alpine,002,1148,136,136,1,137,0
2022-11-07,Amador,005,37829,10100,10055,942,10997,95
2022-11-07,Butte,007,227075,39956,39852,9299,49151,462
2022-11-07,Calaveras,009,45235,8599,8576,572,9148,135
2022-11-07,Colusa,011,21464,3824,3820,1295,5115,22
2022-11-07,Contra Costa,013,1133247,255598,253122,21046,274168,1463
2022-11-07,Del Norte,015,27424,7494,7469,402,7871,56
2022-11-07,El Dorado,017,186661,32791,32622,4339,36961,231
2022-11-07,Fresno,019,978130,280675,276454,31994,308448,2885
2022-11-07,Glenn,021,27897,5596,5557,1892,7449,48
2022-11-07,Humboldt,023,135768,22252,22115,5206,27321,160
2022-11-07,Imperial,025,180216,66329,66024,16310,82334,960
2022-11-07,Inyo,027,18085,4538,4506,1043,5549,60
2022-11-07,Kern,029,883053,221055,220216,65373,285589,2426
2022-11-07,Kings,031,150075,60020,59856,4172,64028,459
2022-11-07,Lake,033,64148,12985,12898,1208,14106,148
2022-11-07,Lassen,035,31185,10027,10007,1008,11015,65
2022-11-07,Los Angeles,037,10098052,3316014,3304428,187166,3491594,33733
2022-11-07,Madera,039,155013,44404,44229,8342,52571,375
2022-11-07,Marin,041,260295,46060,45806,5349,51155,314
2022-11-07,Mariposa,043,17540,3151,3116,348,3464,32
2022-11-07,Mendocino,045,87422,16239,16130,4556,20686,137
2022-11-07,Merced,047,269075,73286,72727,11988,84715,870
2022-11-07,Modoc,049,8938,886,885,331,1216,11
2022-11-07,Mono,051,14174,3223,3216,269,3485,7
2022-11-07,Monterey,053,433212,94965,94541,21438,115979,770
2022-11-07,Napa,055,140530,32557,32484,1425,33909,161
2022-11-07,Nevada,057,99092,19250,19129,1951,21080,132
2022-11-07,Orange,059,3164182,674609,672253,65518,737771,7520
2022-11-07,Placer,061,380077,76865,76321,9708,86029,662
2022-11-07,Plumas,063,18699,3727,3720,445,4165,13
2022-11-07,Riverside,065,2383286,701590,699360,36101,735461,6660
2022-11-07,Sacramento,067,1510023,351582,349696,34933,384629,3350
2022-11-07,San Benito,069,59416,16508,16324,987,17311,108
2022-11-07,San Bernardino,071,2135413,677043,674939,31410,706349,8123
2022-11-07,San Diego,073,3302833,934105,931531,73428,1004959,5532
2022-11-07,San Francisco,075,870044,182666,180989,12299,193288,1067
2022-11-07,San Joaquin,077,732212,199857,198717,15255,213972,2336
2022-11-07,San Luis Obispo,079,281455,63873,63599,7279,70878,525
2022-11-07,San Mateo,081,765935,171839,170464,10596,181060,741
2022-11-07,Santa Barbara,083,443738,106887,106478,6976,113454,732
2022-11-07,Santa Clara,085,1922200,443508,436967,19531,456498,2533
2022-11-07,Santa Cruz,087,273765,64502,64070,3544,67614,274
2022-11-07,Shasta,089,179085,35373,35178,7748,42926,594
2022-11-07,Sierra,091,2930,308,308,60,368,5
2022-11-07,Siskiyou,093,43540,5213,5326,3365,8691,94
2022-11-07,Solano,095,438530,106894,106106,8029,114135,468
2022-11-07,Sonoma,097,501317,108292,107907,5368,113275,524
2022-11-07,Stanislaus,099,539301,139232,138715,21784,160499,1785
2022-11-07,Sutter,101,95872,24570,24470,2471,26941,233
2022-11-07,Tehama,103,63373,13794,13707,3160,16867,216
2022-11-07,Trinity,105,12862,1421,1413,433,1846,20
2022-11-07,Tulare,107,460477,122693,122246,36943,159189,1544
2022-11-07,Tuolumne,109,53932,15802,15672,931,16603,196
2022-11-07,Ventura,111,848112,210864,210085,16056,226141,1584
2022-11-07,Yolo,113,214977,48034,47786,4452,52238,353
2022-11-07,Yuba,115,75493,19127,19059,1743,20802,132
2022-11-06,Alameda,001,1643700,353488,351524,20174,371698,2044
2022-11-06,Alpine,002,1148,136,136,1,137,0
2022-11-06,Amador,005,37829,10095,10055,941,10996,95
2022-11-06,Butte,007,227075,39924,39852,9294,49146,462
2022-11-06,Calaveras,009,45235,8595,8576,572,9148,135
2022-11-06,Colusa,011,21464,3824,3820,1295,5115,22
2022-11-06,Contra Costa,013,1133247,255447,253122,21036,274158,1463
2022-11-06,Del Norte,015,27424,7487,7469,402,7871,56
2022-11-06,El Dorado,017,186661,32777,32622,4335,36957,231
2022-11-06,Fresno,019,978130,280542,276454,31970,308424,2885
2022-11-06,Glenn,021,27897,5579,5557,1885,7442,48
2022-11-06,Humboldt,023,135768,22239,22115,5197,27312,160
2022-11-06,Imperial,025,180216,66279,66024,16271,82295,960
2022-11-06,Inyo,027,18085,4536,4506,1041,5547,60
2022-11-06,Kern,029,883053,220953,220216,65315,285531,2426
2022-11-06,Kings,031,150075,59976,59856,4162,64018,459
2022-11-06,Lake,033,64148,12972,12898,1204,14102,148
2022-11-06,Lassen,035,31185,10026,10007,1007,11014,65
2022-11-06,Los Angeles,037,10098052,3314371,3304428,186922,3491350,33733
2022-11-06,Madera,039,155013,44393,44229,8335,52564,375
2022-11-06,Marin,041,260295,46029,45806,5346,51152,314
2022-11-06,Mariposa,043,17540,3150,3116,348,3464,32
2022-11-06,Mendocino,045,87422,16232,16130,4553,20683,137
2022-11-06,Merced,047,269075,73258,72727,11977,84704,870
2022-11-06,Modoc,049,8938,886,885,331,1216,11
2022-11-06,Mono,051,14174,3223,3216,267,3483,7
2022-11-06,Monterey,053,433212,94915,94541,21416,115957,770
2022-11-06,Napa,055,140530,32535,32484,1425,33909,161
2022-11-06,Nevada,057,99092,19235,19129,1937,21066,132
2022-11-06,Orange,059,3164182,674342,672253,65452,737705,7520
2022-11-06,Placer,061,380077,76814,76321,9703,86024,662
2022-11-06,Plumas,063,18699,3727,3720,445,4165,13
2022-11-06,Riverside,065,2383286,701281,699360,36063,735423,6660
2022-11-06,Sacramento,067,1510023,351364,349696,34884,384580,3350
2022-11-06,San Benito,069,59416,16500,16324,987,17311,108
2022-11-06,San Bernardino,071,2135413,676746,674939,31377,706316,8123
2022-11-06,San Diego,073,3302833,933597,931531,73368,1004899,5532
2022-11-06,San Francisco,075,870044,182530,180989,12286,193275,1067
2022-11-06,San Joaquin,077,732212,199768,198717,15244,213961,2336
2022-11-06,San Luis Obispo,079,281455,63854,63599,7276,70875,525
2022-11-06,San Mateo,081,765935,171738,170464,10589,181053,741
2022-11-06,Santa Barbara,083,443738,106831,106478,6966,113444,732
2022-11-06,Santa Clara,085,1922200,443223,436967,19504,456471,2533
2022-11-06,Santa Cruz,087,273765,64431,64070,3540,67610,274
2022-11-06,Shasta,089,179085,35351,35178,7728,42906,594
2022-11-06,Sierra,091,2930,308,308,60,368,5
2022-11-06,Siskiyou,093,43540,5213,5326,3364,8690,94
2022-11-06,Solano,095,438530,106796,106106,8023,114129,468
2022-11-06,Sonoma,097,501317,108228,107907,5366,113273,524
2022-11-06,Stanislaus,099,539301,139178,138715,21773,160488,1785
2022-11-06,Sutter,101,95872,24550,24470,2470,26940,233
2022-11-06,Tehama,103,63373,13788,13707,3145,16852,216
2022-11-06,Trinity,105,12862,1421,1413,433,1846,20
2022-11-06,Tulare,107,460477,122656,122246,36909,159155,1544
2022-11-06,Tuolumne,109,53932,15791,15672,931,16603,196
2022-11-06,Ventura,111,848112,210777,210085,16034,226119,1584
2022-11-06,Yolo,113,214977,48019,47786,4441,52227,353
2022-11-06,Yuba,115,75493,19119,19059,1742,20801,132
2022-11-05,Alameda,001,1643700,353343,351524,20164,371688,2044
2022-11-05,Alpine,002,1148,136,136,1,137,0
2022-11-05,Amador,005,37829,10093,10055,941,10996,95
2022-11-05,Butte,007,227075,39915,39852,9291,49143,462
2022-11-05,Calaveras,009,45235,8594,8576,572,9148,135
2022-11-05,Colusa,011,21464,3822,3820,1295,5115,22
2022-11-05,Contra Costa,013,1133247,255345,253122,21033,274155,1463
2022-11-05,Del Norte,015,27424,7487,7469,402,7871,56
2022-11-05,El Dorado,017,186661,32760,32622,4331,36953,231
2022-11-05,Fresno,019,978130,280486,276454,31960,308414,2885
2022-11-05,Glenn,021,27897,5577,5557,1884,7441,48
2022-11-05,Humboldt,023,135768,22229,22115,5195,27310,160
2022-11-05,Imperial,025,180216,66255,66024,16258,82282,960
2022-11-05,Inyo,027,18085,4535,4506,1041,5547,60
2022-11-05,Kern,029,883053,220906,220216,65290,285506,2426
2022-11-05,Kings,031,150075,59960,59856,4159,64015,459
2022-11-05,Lake,033,64148,12967,12898,1204,14102,148
2022-11-05,Lassen,035,31185,10026,10007,1007,11014,65
2022-11-05,Los Angeles,037,10098052,3313522,3304428,186779,3491207,33733
2022-11-05,Madera,039,155013,44387,44229,8333,52562,375
2022-11-05,Marin,041,260295,46012,45806,5346,51152,314
2022-11-05,Mariposa,043,17540,3149,3116,348,3464,32
2022-11-05,Mendocino,045,87422,16230,16130,4552,20682,137
2022-11-05,Merced,047,269075,73244,72727,11975,84702,870
2022-11-05,Modoc,049,8938,886,885,331,1216,11
2022-11-05,Mono,051,14174,3223,3216,266,3482,7
2022-11-05,Monterey,053,433212,94890,94541,21406,115947,770
2022-11-05,Napa,055,140530,32531,32484,1424,33908,161
2022-11-05,Nevada,057,99092,19230,19129,1933,21062,132
2022-11-05,Orange,059,3164182,674202,672253,65409,737662,7520
2022-11-05,Placer,061,380077,76773,76321,9699,86020,662
2022-11-05,Plumas,063,18699,3727,3720,444,4164,13
2022-11-05,Riverside,065,2383286,701099,699360,36039,735399,6660
2022-11-05,Sacramento,067,1510023,351249,349696,34867,384563,3350
2022-11-05,San Benito,069,59416,16492,16324,987,17311,108
2022-11-05,San Bernardino,071,2135413,676600,674939,31367,706306,8123
2022-11-05,San Diego,073,3302833,933402,931531,73351,1004882,5532
2022-11-05,San Francisco,075,870044,182449,180989,12281,193270,1067
2022-11-05,San Joaquin,077,732212,199715,198717,15237,213954,2336
2022-11-05,San Luis Obispo,079,281455,63845,63599,7276,70875,525
2022-11-05,San Mateo,081,765935,171679,170464,10585,181049,741
2022-11-05,Santa Barbara,083,443738,106810,106478,6964,113442,732
2022-11-05,Santa Clara,085,1922200,443029,436967,19489,456456,2533
2022-11-05,Santa Cruz,087,273765,64402,64070,3539,67609,274
2022-11-05,Shasta,089,179085,35342,35178,7719,42897,594
2022-11-05,Sierra,091,2930,308,308,60,368,5
2022-11-05,Siskiyou,093,43540,5212,5326,3362,8688,94
2022-11-05,Solano,095,438530,106767,106106,8021,114127,468
2022-11-05,Sonoma,097,501317,108208,107907,5361,113268,524
2022-11-05,Stanislaus,099,539301,139137,138715,21768,160483,1785
2022-11-05,Sutter,101,95872,24540,24470,2470,26940,233
2022-11-05,Tehama,103,63373,13784,13707,3143,16850,216
2022-11-05,Trinity,105,12862,1421,1413,433,1846,20
2022-11-05,Tulare,107,460477,122639,122246,36889,159135,1544
2022-11-05,Tuolumne,109,53932,15783,15672,931,16603,196
2022-11-05,Ventura,111,848112,210726,210085,16025,226110,1584
2022-11-05,Yolo,113,214977,48006,47786,4436,52222,353
2022-11-05,Yuba,115,75493,19114,19059,1741,20800,132
2022-11-04,Alameda,001,1643700,353200,351524,20147,371671,2044
2022-11-04,Alpine,002,1148,136,136,1,137,0
2022-11-04,Amador,005,37829,10090,10055,941,10996,95
2022-11-04,Butte,007,227075,39906,39852,9286,49138,462
2022-11-04,Calaveras,009,45235,8593,8576,572,9148,135
2022-11-04,Colusa,011,21464,3822,3820,1295,5115,22
2022-11-04,Contra Costa,013,1133247,255250,253122,21029,274151,1463
2022-11-04,Del Norte,015,27424,7487,7469,402,7871,56
2022-11-04,El Dorado,017,186661,32751,32622,4331,36953,231
2022-11-04,Fresno,019,978130,280432,276454,31951,308405,2885
2022-11-04,Glenn,021,27897,5576,5557,1883,7440,48
2022-11-04,Humboldt,023,135768,22221,22115,5193,27308,160
2022-11-04,Imperial,025,180216,66243,66024,16250,82274,960
2022-11-04,Inyo,027,18085,4532,4506,1040,5546,60
2022-11-04,Kern,029,883053,220867,220216,65257,285473,2426
2022-11-04,Kings,031,150075,59945,59856,4154,64010,459
2022-11-04,Lake,033,64148,12960,12898,1204,14102,148
2022-11-04,Lassen,035,31185,10025,10007,1007,11014,65
2022-11-04,Los Angeles,037,10098052,3312700,3304428,186630,3491058,33733
2022-11-04,Madera,039,155013,44380,44229,8332,52561,375
2022-11-04,Marin,041,260295,45996,45806,5345,51151,314
2022-11-04,Mariposa,043,17540,3147,3116,348,3464,32
2022-11-04,Mendocino,045,87422,16226,16130,4550,20680,137
2022-11-04,Merced,047,269075,73236,72727,11974,84701,870
2022-11-04,Modoc,049,8938,886,885,330,1215,11
2022-11-04,Mono,051,14174,3221,3216,266,3482,7
2022-11-04,Monterey,053,433212,94863,94541,21394,115935,770
2022-11-04,Napa,055,140530,32526,32484,1423,33907,161
2022-11-04,Nevada,057,99092,19224,19129,1924,21053,132
2022-11-04,Orange,059,3164182,674095,672253,65366,737619,7520
2022-11-04,Placer,061,380077,76755,76321,9697,86018,662
2022-11-04,Plumas,063,18699,3726,3720,443,4163,13
2022-11-04,Riverside,065,2383286,700926,699360,36007,735367,6660
2022-11-04,Sacramento,067,1510023,351140,349696,34854,384550,3350
2022-11-04,San Benito,069,59416,16488,16324,987,17311,108
2022-11-04,San Bernardino,071,2135413,676449,674939,31360,706299,8123
2022-11-04,San Diego,073,3302833,933197,931531,73339,1004870,5532
2022-11-04,San Francisco,075,870044,182381,180989,12275,193264,1067
2022-11-04,San Joaquin,077,732212,199664,198717,15232,213949,2336
2022-11-04,San Luis Obispo,079,281455,63833,63599,7274,70873,525
2022-11-04,San Mateo,081,765935,171607,170464,10582,181046,741
2022-11-04,Santa Barbara,083,443738,106789,106478,6962,113440,732
2022-11-04,Santa Clara,085,1922200,442833,436967,19478,456445,2533
2022-11-04,Santa Cruz,087,273765,64375,64070,3539,67609,274
2022-11-04,Shasta,089,179085,35336,35178,7710,42888,594
2022-11-04,Sierra,091,2930,308,308,60,368,5
2022-11-04,Siskiyou,093,43540,5208,5326,3362,8688,94
2022-11-04,Solano,095,438530,106711,106106,8018,114124,468
2022-11-04,Sonoma,097,501317,108185,107907,5360,113267,524
2022-11-04,Stanislaus,099,539301,139109,138715,21766,160481,1785
2022-11-04,Sutter,101,95872,24532,24470,2470,26940,233
2022-11-04,Tehama,103,63373,13779,13707,3132,16839,216
2022-11-04,Trinity,105,12862,1420,1413,433,1846,20
2022-11-04,Tulare,107,460477,122621,122246,36868,159114,1544
2022-11-04,Tuolumne,109,53932,15771,15672,931,16603,196
2022-11-04,Ventura,111,848112,210674,210085,16015,226100,1584
2022-11-04,Yolo,113,214977,47987,47786,4435,52221,353
2022-11-04,Yuba,115,75493,19111,19059,1741,20800,132
2022-11-03,Alameda,001,1643700,353015,351524,20122,371646,2044
2022-11-03,Alpine,002,1148,136,136,1,137,0
2022-11-03,Amador,005,37829,10085,10055,939,10994,95
2022-11-03,Butte,007,227075,39889,39852,9277,49129,462
2022-11-03,Calaveras,009,45235,8592,8576,572,9148,135
2022-11-03,Colusa,011,21464,3822,3820,1295,5115,22
2022-11-03,Contra Costa,013,1133247,255116,253122,21021,274143,1463
2022-11-03,Del Norte,015,27424,7487,7469,401,7870,56
2022-11-03,El Dorado,017,186661,32734,32622,4331,36953,231
2022-11-03,Fresno,019,978130,280356,276454,31931,308385,2885
2022-11-03,Glenn,021,27897,5573,5557,1882,7439,48
2022-11-03,Humboldt,023,135768,22205,22115,5185,27300,160
2022-11-03,Imperial,025,180216,66218,66024,16212,82236,960
2022-11-03,Inyo,027,18085,4530,4506,1039,5545,60
2022-11-03,Kern,029,883053,220820,220216,65209,285425,2426
2022-11-03,Kings,031,150075,59928,59856,4149,64005,459
2022-11-03,Lake,033,64148,12957,12898,1203,14101,148
2022-11-03,Lassen,035,31185,10022,10007,1006,11013,65
2022-11-03,Los Angeles,037,10098052,3311612,3304428,186426,3490854,33733
2022-11-03,Madera,039,155013,44368,44229,8330,52559,375
2022-11-03,Marin,041,260295,45969,45806,5345,51151,314
2022-11-03,Mariposa,043,17540,3144,3116,348,3464,32
2022-11-03,Mendocino,045,87422,16215,16130,4549,20679,137
2022-11-03,Merced,047,269075,73207,72727,11970,84697,870
2022-11-03,Modoc,049,8938,886,885,330,1215,11
2022-11-03,Mono,051,14174,3220,3216,266,3482,7
2022-11-03,Monterey,053,433212,94837,94541,21379,115920,770
2022-11-03,Napa,055,140530,32516,32484,1421,33905,161
2022-11-03,Nevada,057,99092,19214,19129,1922,21051,132
2022-11-03,Orange,059,3164182,673929,672253,65321,737574,7520
2022-11-03,Placer,061,380077,76720,76321,9693,86014,662
2022-11-03,Plumas,063,18699,3726,3720,443,4163,13
2022-11-03,Riverside,065,2383286,700720,699360,35970,735330,6660
2022-11-03,Sacramento,067,1510023,350974,349696,34820,384516,3350
2022-11-03,San Benito,069,59416,16484,16324,987,17311,108
2022-11-03,San Bernardino,071,2135413,676249,674939,31343,706282,8123
2022-11-03,San Diego,073,3302833,932942,931531,73311,1004842,5532
2022-11-03,San Francisco,075,870044,182275,180989,12270,193259,1067
2022-11-03,San Joaquin,077,732212,199601,198717,15217,213934,2336
2022-11-03,San Luis Obispo,079,281455,63815,63599,7272,70871,525
2022-11-03,San Mateo,081,765935,171510,170464,10581,181045,741
2022-11-03,Santa Barbara,083,443738,106765,106478,6958,113436,732
2022-11-03,Santa Clara,085,1922200,442593,436967,19461,456428,2533
2022-11-03,Santa Cruz,087,273765,64326,64070,3537,67607,274
2022-11-03,Shasta,089,179085,35321,35178,7696,42874,594
2022-11-03,Sierra,091,2930,308,308,60,368,5
2022-11-03,Siskiyou,093,43540,5205,5326,3360,8686,94
2022-11-03,Solano,095,438530,106664,106106,8011,114117,468
2022-11-03,Sonoma,097,501317,108155,107907,5360,113267,524
2022-11-03,Stanislaus,099,539301,139063,138715,21755,160470,1785
2022-11-03,Sutter,101,95872,24523,24470,2469,26939,233
2022-11-03,Tehama,103,63373,13771,13707,3128,16835,216
2022-11-03,Trinity,105,12862,1420,1413,432,1845,20
2022-11-03,Tulare,107,460477,122599,122246,36847,159093,1544
2022-11-03,Tuolumne,109,53932,15764,15672,930,16602,196
2022-11-03,Ventura,111,848112,210618,210085,16003,226088,1584
2022-11-03,Yolo,113,214977,47969,47786,4433,52219,353
2022-11-03,Yuba,115,75493,19104,19059,1741,20800,132
2022-11-02,Alameda,001,1643700,352832,351524,20099,371623,2044
2022-11-02,Alpine,002,1148,136,136,1,137,0
2022-11-02,Amador,005,37829,10075,10055,937,10992,95
2022-11-02,Butte,007,227075,39871,39852,9270,49122,462
2022-11-02,Calaveras,009,45235,8587,8576,572,9148,135
2022-11-02,Colusa,011,21464,3822,3820,1294,5114,22
2022-11-02,Contra Costa,013,1133247,254990,253122,21004,274126,1463
2022-11-02,Del Norte,015,27424,7487,7469,401,7870,56
2022-11-02,El Dorado,017,186661,32719,32622,4328,36950,231
2022-11-02,Fresno,019,978130,280268,276454,31912,308366,2885
2022-11-02,Glenn,021,27897,5569,5557,1880,7437,48
2022-11-02,Humboldt,023,135768,22193,22115,5183,27298,160
2022-11-02,Imperial,025,180216,66184,66024,16194,82218,960
2022-11-02,Inyo,027,18085,4527,4506,1039,5545,60
2022-11-02,Kern,029,883053,220774,220216,65165,285381,2426
2022-11-02,Kings,031,150075,59914,59856,4142,63998,459
2022-11-02,Lake,033,64148,12953,12898,1196,14094,148
2022-11-02,Lassen,035,31185,10020,10007,1005,11012,65
2022-11-02,Los Angeles,037,10098052,3310412,3304428,186234,3490662,33733
2022-11-02,Madera,039,155013,44352,44229,8327,52556,375
2022-11-02,Marin,041,260295,45952,45806,5343,51149,314
2022-11-02,Mariposa,043,17540,3143,3116,348,3464,32
2022-11-02,Mendocino,045,87422,16213,16130,4548,20678,137
2022-11-02,Merced,047,269075,73184,72727,11965,84692,870
2022-11-02,Modoc,049,8938,886,885,328,1213,11
2022-11-02,Mono,051,14174,3220,3216,266,3482,7
2022-11-02,Monterey,053,433212,94811,94541,21370,115911,770
2022-11-02,Napa,055,140530,32506,32484,1421,33905,161
2022-11-02,Nevada,057,99092,19207,19129,1917,21046,132
2022-11-02,Orange,059,3164182,673743,672253,65239,737492,7520
2022-11-02,Placer,061,380077,76683,76321,9686,86007,662
2022-11-02,Plumas,063,18699,3726,3720,443,4163,13
2022-11-02,Riverside,065,2383286,700548,699360,35948,735308,6660
2022-11-02,Sacramento,067,1510023,350800,349696,34786,384482,3350
2022-11-02,San Benito,069,59416,16478,16324,987,17311,108
2022-11-02,San Bernardino,071,2135413,676055,674939,31316,706255,8123
2022-11-02,San Diego,073,3302833,932610,931531,73277,1004808,5532
2022-11-02,San Francisco,075,870044,182170,180989,12266,193255,1067
2022-11-02,San Joaquin,077,732212,199523,198717,15205,213922,2336
2022-11-02,San Luis Obispo,079,281455,63791,63599,7265,70864,525
2022-11-02,San Mateo,081,765935,171449,170464,10573,181037,741
2022-11-02,Santa Barbara,083,443738,106734,106478,6952,113430,732
2022-11-02,Santa Clara,085,1922200,442380,436967,19448,456415,2533
2022-11-02,Santa Cruz,087,273765,64292,64070,3536,67606,274
2022-11-02,Shasta,089,179085,35310,35178,7682,42860,594
2022-11-02,Sierra,091,2930,308,308,60,368,5
2022-11-02,Siskiyou,093,43540,5204,5326,3353,8679,94
2022-11-02,Solano,095,438530,106611,106106,8005,114111,468
2022-11-02,Sonoma,097,501317,108119,107907,5358,113265,524
2022-11-02,Stanislaus,099,539301,139028,138715,21750,160465,1785
2022-11-02,Sutter,101,95872,24505,24470,2469,26939,233
2022-11-02,Tehama,103,63373,13765,13707,3123,16830,216
2022-11-02,Trinity,105,12862,1420,1413,429,1842,20
2022-11-02,Tulare,107,460477,122576,122246,36831,159077,1544
2022-11-02,Tuolumne,109,53932,15760,15672,930,16602,196
2022-11-02,Ventura,111,848112,210565,210085,15993,226078,1584
2022-11-02,Yolo,113,214977,47949,47786,4431,52217,353
2022-11-02,Yuba,115,75493,19095,19059,1740,20799,132
2022-11-01,Alameda,001,1643700,352636,351524,20080,371604,2044
2022-11-01,Alpine,002,1148,136,136,1,137,0
2022-11-01,Amador,005,37829,10069,10055,936,10991,95
2022-11-01,Butte,007,227075,39856,39852,9262,49114,462
2022-11-01,Calaveras,009,45235,8585,8576,572,9148,135
2022-11-01,Colusa,011,21464,3822,3820,1293,5113,22
2022-11-01,Contra Costa,013,1133247,254876,253122,20995,274117,1463
2022-11-01,Del Norte,015,27424,7487,7469,401,7870,56
2022-11-01,El Dorado,017,186661,32699,32622,4326,36948,231
2022-11-01,Fresno,019,978130,280188,276454,31899,308353,2885
2022-11-01,Glenn,021,27897,5568,5557,1878,7435,48
2022-11-01,Humboldt,023,135768,22179,22115,5177,27292,160
2022-11-01,Imperial,025,180216,66155,66024,16186,82210,960
2022-11-01,Inyo,027,18085,4524,4506,1038,5544,60
2022-11-01,Kern,029,883053,220698,220216,65112,285328,2426
2022-11-01,Kings,031,150075,59894,59856,4139,63995,459
2022-11-01,Lake,033,64148,12949,12898,1193,14091,148
2022-11-01,Lassen,035,31185,10018,10007,1004,11011,65
2022-11-01,Los Angeles,037,10098052,3309175,3304428,186014,3490442,33733
2022-11-01,Madera,039,155013,44339,44229,8317,52546,375
2022-11-01,Marin,041,260295,45932,45806,5341,51147,314
2022-11-01,Mariposa,043,17540,3140,3116,348,3464,32
2022-11-01,Mendocino,045,87422,16210,16130,4542,20672,137
2022-11-01,Merced,047,269075,73162,72727,11957,84684,870
2022-11-01,Modoc,049,8938,885,885,327,1212,11
2022-11-01,Mono,051,14174,3220,3216,265,3481,7
2022-11-01,Monterey,053,433212,94781,94541,21359,115900,770
2022-11-01,Napa,055,140530,32494,32484,1420,33904,161
2022-11-01,Nevada,057,99092,19193,19129,1914,21043,132
2022-11-01,Orange,059,3164182,673549,672253,65148,737401,7520
2022-11-01,Placer,061,380077,76656,76321,9676,85997,662
2022-11-01,Plumas,063,18699,3723,3720,443,4163,13
2022-11-01,Riverside,065,2383286,700327,699360,35915,735275,6660
2022-11-01,Sacramento,067,1510023,350642,349696,34758,384454,3350
2022-11-01,San Benito,069,59416,16471,16324,986,17310,108
2022-11-01,San Bernardino,071,2135413,675860,674939,31303,706242,8123
2022-11-01,San Diego,073,3302833,932282,931531,73246,1004777,5532
2022-11-01,San Francisco,075,870044,182059,180989,12256,193245,1067
2022-11-01,San Joaquin,077,732212,199449,198717,15200,213917,2336
2022-11-01,San Luis Obispo,079,281455,63768,63599,7262,70861,525
2022-11-01,San Mateo,081,765935,171374,170464,10570,181034,741
2022-11-01,Santa Barbara,083,443738,106700,106478,6946,113424,732
2022-11-01,Santa Clara,085,1922200,442139,436967,19436,456403,2533
2022-11-01,Santa Cruz,087,273765,64261,64070,3535,67605,274
2022-11-01,Shasta,089,179085,35300,35178,7665,42843,594
2022-11-01,Sierra,091,2930,308,308,60,368,5
2022-11-01,Siskiyou,093,43540,5202,5326,3351,8677,94
2022-11-01,Solano,095,438530,106564,106106,8001,114107,468
2022-11-01,Sonoma,097,501317,108082,107907,5354,113261,524
2022-11-01,Stanislaus,099,539301,138982,138715,21739,160454,1785
2022-11-01,Sutter,101,95872,24498,24470,2469,26939,233
2022-11-01,Tehama,103,63373,13757,13707,3118,16825,216
2022-11-01,Trinity,105,12862,1420,1413,429,1842,20
2022-11-01,Tulare,107,460477,122549,122246,36811,159057,1544
2022-11-01,Tuolumne,109,53932,15754,15672,930,16602,196
2022-11-01,Ventura,111,848112,210494,210085,15979,226064,1584
2022-11-01,Yolo,113,214977,47930,47786,4430,52216,353
2022-11-01,Yuba,115,75493,19088,19059,1740,20799,132
2022-10-31,Alameda,001,1643700,352414,350419,20056,370475,2040
2022-10-31,Alpine,002,1148,136,136,1,137,0
2022-10-31,Amador,005,37829,10068,10038,936,10974,94
2022-10-31,Butte,007,227075,39838,39707,9253,48960,457
2022-10-31,Calaveras,009,45235,8583,8561,572,9133,134
2022-10-31,Colusa,011,21464,3822,3813,1291,5104,22
2022-10-31,Contra Costa,013,1133247,254731,252398,20981,273379,1458
2022-10-31,Del Norte,015,27424,7484,7455,401,7856,56
2022-10-31,El Dorado,017,186661,32682,32513,4322,36835,231
2022-10-31,Fresno,019,978130,280078,275924,31881,307805,2885
2022-10-31,Glenn,021,27897,5567,5553,1877,7430,48
2022-10-31,Humboldt,023,135768,22167,22065,5173,27238,160
2022-10-31,Imperial,025,180216,66120,65903,16171,82074,959
2022-10-31,Inyo,027,18085,4519,4500,1038,5538,60
2022-10-31,Kern,029,883053,220600,219943,65062,285005,2425
2022-10-31,Kings,031,150075,59871,59742,4135,63877,459
2022-10-31,Lake,033,64148,12935,12868,1192,14060,148
2022-10-31,Lassen,035,31185,10017,9989,1004,10993,65
2022-10-31,Los Angeles,037,10098052,3307947,3298549,185783,3484332,33679
2022-10-31,Madera,039,155013,44326,44172,8317,52489,375
2022-10-31,Marin,041,260295,45908,45649,5338,50987,314
2022-10-31,Mariposa,043,17540,3137,3107,348,3455,31
2022-10-31,Mendocino,045,87422,16202,16104,4540,20644,153
2022-10-31,Merced,047,269075,73144,72606,11950,84556,870
2022-10-31,Modoc,049,8938,884,884,327,1211,11
2022-10-31,Mono,051,14174,3220,3215,264,3479,7
2022-10-31,Monterey,053,433212,94746,94425,21337,115762,769
2022-10-31,Napa,055,140530,32480,32448,1419,33867,160
2022-10-31,Nevada,057,99092,19190,19094,1914,21008,132
2022-10-31,Orange,059,3164182,673361,671141,65074,736215,7502
2022-10-31,Placer,061,380077,76637,76178,9670,85848,662
2022-10-31,Plumas,063,18699,3722,3705,443,4148,13
2022-10-31,Riverside,065,2383286,700098,698387,35887,734274,6659
2022-10-31,Sacramento,067,1510023,350491,348942,34732,383674,3346
2022-10-31,San Benito,069,59416,16465,16284,986,17270,108
2022-10-31,San Bernardino,071,2135413,675615,673959,31278,705237,8120
2022-10-31,San Diego,073,3302833,931950,929768,73214,1002982,5524
2022-10-31,San Francisco,075,870044,181950,180409,12252,192661,1066
2022-10-31,San Joaquin,077,732212,199373,198376,15186,213562,2335
2022-10-31,San Luis Obispo,079,281455,63743,63519,7254,70773,525
2022-10-31,San Mateo,081,765935,171275,169941,10566,180507,741
2022-10-31,Santa Barbara,083,443738,106662,106291,6943,113234,729
2022-10-31,Santa Clara,085,1922200,441877,435788,19421,455209,2528
2022-10-31,Santa Cruz,087,273765,64220,63885,3532,67417,274
2022-10-31,Shasta,089,179085,35278,35117,7658,42775,595
2022-10-31,Sierra,091,2930,308,308,60,368,5
2022-10-31,Siskiyou,093,43540,5198,5307,3349,8656,94
2022-10-31,Solano,095,438530,106508,105796,7996,113792,467
2022-10-31,Sonoma,097,501317,108043,107692,5350,113042,524
2022-10-31,Stanislaus,099,539301,138931,138423,21726,160149,1785
2022-10-31,Sutter,101,95872,24483,24425,2469,26894,233
2022-10-31,Tehama,103,63373,13747,13681,3117,16798,210
2022-10-31,Trinity,105,12862,1419,1398,429,1827,20
2022-10-31,Tulare,107,460477,122532,122140,36788,158928,1541
2022-10-31,Tuolumne,109,53932,15720,15658,928,16586,196
2022-10-31,Ventura,111,848112,210418,209746,15967,225713,1582
2022-10-31,Yolo,113,214977,47861,47703,4427,52130,349
2022-10-31,Yuba,115,75493,19080,19009,1740,20749,133
2022-10-30,Alameda,001,1643700,352203,350419,20032,370451,2040
2022-10-30,Alpine,002,1148,136,136,1,137,0
2022-10-30,Amador,005,37829,10063,10038,935,10973,94
2022-10-30,Butte,007,227075,39817,39707,9242,48949,457
2022-10-30,Calaveras,009,45235,8581,8561,572,9133,134
2022-10-30,Colusa,011,21464,3821,3813,1291,5104,22
2022-10-30,Contra Costa,013,1133247,254574,252398,20972,273370,1458
2022-10-30,Del Norte,015,27424,7481,7455,401,7856,56
2022-10-30,El Dorado,017,186661,32673,32513,4318,36831,231
2022-10-30,Fresno,019,978130,279990,275924,31865,307789,2885
2022-10-30,Glenn,021,27897,5559,5553,1877,7430,48
2022-10-30,Humboldt,023,135768,22161,22065,5166,27231,160
2022-10-30,Imperial,025,180216,66096,65903,16146,82049,959
2022-10-30,Inyo,027,18085,4519,4500,1037,5537,60
2022-10-30,Kern,029,883053,220529,219943,65012,284955,2425
2022-10-30,Kings,031,150075,59861,59742,4134,63876,459
2022-10-30,Lake,033,64148,12927,12868,1192,14060,148
2022-10-30,Lassen,035,31185,10012,9989,1004,10993,65
2022-10-30,Los Angeles,037,10098052,3306684,3298549,185540,3484089,33679
2022-10-30,Madera,039,155013,44317,44172,8311,52483,375
2022-10-30,Marin,041,260295,45889,45649,5337,50986,314
2022-10-30,Mariposa,043,17540,3137,3107,348,3455,31
2022-10-30,Mendocino,045,87422,16199,16104,4539,20643,153
2022-10-30,Merced,047,269075,73111,72606,11945,84551,870
2022-10-30,Modoc,049,8938,884,884,327,1211,11
2022-10-30,Mono,051,14174,3219,3215,264,3479,7
2022-10-30,Monterey,053,433212,94716,94425,21326,115751,769
2022-10-30,Napa,055,140530,32465,32448,1417,33865,160
2022-10-30,Nevada,057,99092,19183,19094,1909,21003,132
2022-10-30,Orange,059,3164182,673133,671141,64996,736137,7502
2022-10-30,Placer,061,380077,76617,76178,9667,85845,662
2022-10-30,Plumas,063,18699,3721,3705,443,4148,13
2022-10-30,Riverside,065,2383286,699879,698387,35854,734241,6659
2022-10-30,Sacramento,067,1510023,350361,348942,34697,383639,3346
2022-10-30,San Benito,069,59416,16459,16284,986,17270,108
2022-10-30,San Bernardino,071,2135413,675420,673959,31256,705215,8120
2022-10-30,San Diego,073,3302833,931593,929768,73156,1002924,5524
2022-10-30,San Francisco,075,870044,181824,180409,12242,192651,1066
2022-10-30,San Joaquin,077,732212,199304,198376,15163,213539,2335
2022-10-30,San Luis Obispo,079,281455,63730,63519,7250,70769,525
2022-10-30,San Mateo,081,765935,171185,169941,10561,180502,741
2022-10-30,Santa Barbara,083,443738,106636,106291,6938,113229,729
2022-10-30,Santa Clara,085,1922200,441645,435788,19413,455201,2528
2022-10-30,Santa Cruz,087,273765,64166,63885,3529,67414,274
2022-10-30,Shasta,089,179085,35265,35117,7653,42770,595
2022-10-30,Sierra,091,2930,308,308,60,368,5
2022-10-30,Siskiyou,093,43540,5196,5307,3348,8655,94
2022-10-30,Solano,095,438530,106448,105796,7993,113789,467
2022-10-30,Sonoma,097,501317,108006,107692,5346,113038,524
2022-10-30,Stanislaus,099,539301,138889,138423,21719,160142,1785
2022-10-30,Sutter,101,95872,24473,24425,2469,26894,233
2022-10-30,Tehama,103,63373,13738,13681,3113,16794,210
2022-10-30,Trinity,105,12862,1419,1398,428,1826,20
2022-10-30,Tulare,107,460477,122500,122140,36767,158907,1541
2022-10-30,Tuolumne,109,53932,15714,15658,927,16585,196
2022-10-30,Ventura,111,848112,210347,209746,15953,225699,1582
2022-10-30,Yolo,113,214977,47837,47703,4419,52122,349
2022-10-30,Yuba,115,75493,19072,19009,1739,20748,133
2022-10-29,Alameda,001,1643700,352093,350419,20021,370440,2040
2022-10-29,Alpine,002,1148,136,136,1,137,0
2022-10-29,Amador,005,37829,10061,10038,935,10973,94
2022-10-29,Butte,007,227075,39810,39707,9238,48945,457
2022-10-29,Calaveras,009,45235,8575,8561,572,9133,134
2022-10-29,Colusa,011,21464,3820,3813,1291,5104,22
2022-10-29,Contra Costa,013,1133247,254484,252398,20967,273365,1458
2022-10-29,Del Norte,015,27424,7481,7455,401,7856,56
2022-10-29,El Dorado,017,186661,32666,32513,4316,36829,231
2022-10-29,Fresno,019,978130,279940,275924,31855,307779,2885
2022-10-29,Glenn,021,27897,5558,5553,1877,7430,48
2022-10-29,Humboldt,023,135768,22155,22065,5165,27230,160
2022-10-29,Imperial,025,180216,66085,65903,16130,82033,959
2022-10-29,Inyo,027,18085,4519,4500,1036,5536,60
2022-10-29,Kern,029,883053,220498,219943,64987,284930,2425
2022-10-29,Kings,031,150075,59853,59742,4134,63876,459
2022-10-29,Lake,033,64148,12923,12868,1192,14060,148
2022-10-29,Lassen,035,31185,10012,9989,1004,10993,65
2022-10-29,Los Angeles,037,10098052,3306054,3298549,185426,3483975,33679
2022-10-29,Madera,039,155013,44312,44172,8311,52483,375
2022-10-29,Marin,041,260295,45870,45649,5336,50985,314
2022-10-29,Mariposa,043,17540,3137,3107,348,3455,31
2022-10-29,Mendocino,045,87422,16198,16104,4539,20643,153
2022-10-29,Merced,047,269075,73097,72606,11944,84550,870
2022-10-29,Modoc,049,8938,884,884,327,1211,11
2022-10-29,Mono,051,14174,3219,3215,264,3479,7
2022-10-29,Monterey,053,433212,94703,94425,21319,115744,769
2022-10-29,Napa,055,140530,32455,32448,1417,33865,160
2022-10-29,Nevada,057,99092,19177,19094,1908,21002,132
2022-10-29,Orange,059,3164182,673039,671141,64957,736098,7502
2022-10-29,Placer,061,380077,76602,76178,9664,85842,662
2022-10-29,Plumas,063,18699,3721,3705,443,4148,13
2022-10-29,Riverside,065,2383286,699765,698387,35834,734221,6659
2022-10-29,Sacramento,067,1510023,350293,348942,34682,383624,3346
2022-10-29,San Benito,069,59416,16455,16284,986,17270,108
2022-10-29,San Bernardino,071,2135413,675313,673959,31246,705205,8120
2022-10-29,San Diego,073,3302833,931437,929768,73144,1002912,5524
2022-10-29,San Francisco,075,870044,181755,180409,12240,192649,1066
2022-10-29,San Joaquin,077,732212,199270,198376,15154,213530,2335
2022-10-29,San Luis Obispo,079,281455,63727,63519,7248,70767,525
2022-10-29,San Mateo,081,765935,171130,169941,10560,180501,741
2022-10-29,Santa Barbara,083,443738,106617,106291,6935,113226,729
2022-10-29,Santa Clara,085,1922200,441509,435788,19404,455192,2528
2022-10-29,Santa Cruz,087,273765,64152,63885,3527,67412,274
2022-10-29,Shasta,089,179085,35258,35117,7650,42767,595
2022-10-29,Sierra,091,2930,308,308,60,368,5
2022-10-29,Siskiyou,093,43540,5195,5307,3346,8653,94
2022-10-29,Solano,095,438530,106415,105796,7989,113785,467
2022-10-29,Sonoma,097,501317,107988,107692,5344,113036,524
2022-10-29,Stanislaus,099,539301,138854,138423,21713,160136,1785
2022-10-29,Sutter,101,95872,24467,24425,2469,26894,233
2022-10-29,Tehama,103,63373,13735,13681,3109,16790,210
2022-10-29,Trinity,105,12862,1414,1398,426,1824,20
2022-10-29,Tulare,107,460477,122480,122140,36752,158892,1541
2022-10-29,Tuolumne,109,53932,15708,15658,927,16585,196
2022-10-29,Ventura,111,848112,210305,209746,15939,225685,1582
2022-10-29,Yolo,113,214977,47823,47703,4418,52121,349
2022-10-29,Yuba,115,75493,19068,19009,1739,20748,133
2022-10-28,Alameda,001,1643700,352003,350419,20016,370435,2040
2022-10-28,Alpine,002,1148,136,136,1,137,0
2022-10-28,Amador,005,37829,10056,10038,934,10972,94
2022-10-28,Butte,007,227075,39804,39707,9235,48942,457
2022-10-28,Calaveras,009,45235,8575,8561,572,9133,134
2022-10-28,Colusa,011,21464,3820,3813,1291,5104,22
2022-10-28,Contra Costa,013,1133247,254400,252398,20963,273361,1458
2022-10-28,Del Norte,015,27424,7480,7455,401,7856,56
2022-10-28,El Dorado,017,186661,32656,32513,4314,36827,231
2022-10-28,Fresno,019,978130,279891,275924,31848,307772,2885
2022-10-28,Glenn,021,27897,5557,5553,1875,7428,48
2022-10-28,Humboldt,023,135768,22150,22065,5164,27229,160
2022-10-28,Imperial,025,180216,66070,65903,16122,82025,959
2022-10-28,Inyo,027,18085,4516,4500,1036,5536,60
2022-10-28,Kern,029,883053,220471,219943,64978,284921,2425
2022-10-28,Kings,031,150075,59851,59742,4134,63876,459
2022-10-28,Lake,033,64148,12921,12868,1192,14060,148
2022-10-28,Lassen,035,31185,10012,9989,1004,10993,65
2022-10-28,Los Angeles,037,10098052,3305424,3298549,185299,3483848,33679
2022-10-28,Madera,039,155013,44304,44172,8308,52480,375
2022-10-28,Marin,041,260295,45858,45649,5336,50985,314
2022-10-28,Mariposa,043,17540,3134,3107,348,3455,31
2022-10-28,Mendocino,045,87422,16195,16104,4536,20640,153
2022-10-28,Merced,047,269075,73085,72606,11942,84548,870
2022-10-28,Modoc,049,8938,884,884,327,1211,11
2022-10-28,Mono,051,14174,3219,3215,264,3479,7
2022-10-28,Monterey,053,433212,94689,94425,21310,115735,769
2022-10-28,Napa,055,140530,32447,32448,1417,33865,160
2022-10-28,Nevada,057,99092,19174,19094,1907,21001,132
2022-10-28,Orange,059,3164182,672930,671141,64899,736040,7502
2022-10-28,Placer,061,380077,76590,76178,9662,85840,662
2022-10-28,Plumas,063,18699,3721,3705,443,4148,13
2022-10-28,Riverside,065,2383286,699649,698387,35821,734208,6659
2022-10-28,Sacramento,067,1510023,350193,348942,34674,383616,3346
2022-10-28,San Benito,069,59416,16451,16284,986,17270,108
2022-10-28,San Bernardino,071,2135413,675199,673959,31239,705198,8120
2022-10-28,San Diego,073,3302833,931253,929768,73130,1002898,5524
2022-10-28,San Francisco,075,870044,181698,180409,12235,192644,1066
2022-10-28,San Joaquin,077,732212,199242,198376,15150,213526,2335
2022-10-28,San Luis Obispo,079,281455,63722,63519,7247,70766,525
2022-10-28,San Mateo,081,765935,171073,169941,10557,180498,741
2022-10-28,Santa Barbara,083,443738,106603,106291,6935,113226,729
2022-10-28,Santa Clara,085,1922200,441364,435788,19394,455182,2528
2022-10-28,Santa Cruz,087,273765,64137,63885,3525,67410,274
2022-10-28,Shasta,089,179085,35252,35117,7645,42762,595
2022-10-28,Sierra,091,2930,308,308,60,368,5
2022-10-28,Siskiyou,093,43540,5191,5307,3344,8651,94
2022-10-28,Solano,095,438530,106388,105796,7988,113784,467
2022-10-28,Sonoma,097,501317,107967,107692,5344,113036,524
2022-10-28,Stanislaus,099,539301,138823,138423,21711,160134,1785
2022-10-28,Sutter,101,95872,24458,24425,2468,26893,233
2022-10-28,Tehama,103,63373,13732,13681,3108,16789,210
2022-10-28,Trinity,105,12862,1411,1398,425,1823,20
2022-10-28,Tulare,107,460477,122457,122140,36742,158882,1541
2022-10-28,Tuolumne,109,53932,15706,15658,927,16585,196
2022-10-28,Ventura,111,848112,210265,209746,15932,225678,1582
2022-10-28,Yolo,113,214977,47812,47703,4418,52121,349
2022-10-28,Yuba,115,75493,19062,19009,1738,20747,133
2022-10-27,Alameda,001,1643700,351868,350419,20002,370421,2040
2022-10-27,Alpine,002,1148,136,136,1,137,0
2022-10-27,Amador,005,37829,10055,10038,934,10972,94
2022-10-27,Butte,007,227075,39797,39707,9231,48938,457
2022-10-27,Calaveras,009,45235,8573,8561,571,9132,134
2022-10-27,Colusa,011,21464,3817,3813,1291,5104,22
2022-10-27,Contra Costa,013,1133247,254301,252398,20956,273354,1458
2022-10-27,Del Norte,015,27424,7475,7455,401,7856,56
2022-10-27,El Dorado,017,186661,32638,32513,4314,36827,231
2022-10-27,Fresno,019,978130,279825,275924,31843,307767,2885
2022-10-27,Glenn,021,27897,5554,5553,1875,7428,48
2022-10-27,Humboldt,023,135768,22141,22065,5164,27229,160
2022-10-27,Imperial,025,180216,66057,65903,16110,82013,959
2022-10-27,Inyo,027,18085,4514,4500,1036,5536,60
2022-10-27,Kern,029,883053,220408,219943,64946,284889,2425
2022-10-27,Kings,031,150075,59793,59742,4133,63875,459
2022-10-27,Lake,033,64148,12915,12868,1191,14059,148
2022-10-27,Lassen,035,31185,10010,9989,1003,10992,65
2022-10-27,Los Angeles,037,10098052,3304557,3298549,185148,3483697,33679
2022-10-27,Madera,039,155013,44294,44172,8305,52477,375
2022-10-27,Marin,041,260295,45840,45649,5336,50985,314
2022-10-27,Mariposa,043,17540,3133,3107,348,3455,31
2022-10-27,Mendocino,045,87422,16192,16104,4535,20639,153
2022-10-27,Merced,047,269075,73076,72606,11937,84543,870
2022-10-27,Modoc,049,8938,884,884,327,1211,11
2022-10-27,Mono,051,14174,3219,3215,264,3479,7
2022-10-27,Monterey,053,433212,94668,94425,21294,115719,769
2022-10-27,Napa,055,140530,32441,32448,1415,33863,160
2022-10-27,Nevada,057,99092,19168,19094,1904,20998,132
2022-10-27,Orange,059,3164182,672753,671141,64855,735996,7502
2022-10-27,Placer,061,380077,76577,76178,9657,85835,662
2022-10-27,Plumas,063,18699,3721,3705,443,4148,13
2022-10-27,Riverside,065,2383286,699517,698387,35797,734184,6659
2022-10-27,Sacramento,067,1510023,350059,348942,34655,383597,3346
2022-10-27,San Benito,069,59416,16450,16284,986,17270,108
2022-10-27,San Bernardino,071,2135413,675066,673959,31229,705188,8120
2022-10-27,San Diego,073,3302833,931008,929768,73099,1002867,5524
2022-10-27,San Francisco,075,870044,181608,180409,12225,192634,1066
2022-10-27,San Joaquin,077,732212,199209,198376,15141,213517,2335
2022-10-27,San Luis Obispo,079,281455,63709,63519,7245,70764,525
2022-10-27,San Mateo,081,765935,170984,169941,10554,180495,741
2022-10-27,Santa Barbara,083,443738,106573,106291,6934,113225,729
2022-10-27,Santa Clara,085,1922200,441192,435788,19384,455172,2528
2022-10-27,Santa Cruz,087,273765,64116,63885,3522,67407,274
2022-10-27,Shasta,089,179085,35243,35117,7638,42755,595
2022-10-27,Sierra,091,2930,308,308,60,368,5
2022-10-27,Siskiyou,093,43540,5187,5307,3343,8650,94
2022-10-27,Solano,095,438530,106349,105796,7986,113782,467
2022-10-27,Sonoma,097,501317,107937,107692,5344,113036,524
2022-10-27,Stanislaus,099,539301,138784,138423,21707,160130,1785
2022-10-27,Sutter,101,95872,24450,24425,2467,26892,233
2022-10-27,Tehama,103,63373,13731,13681,3108,16789,210
2022-10-27,Trinity,105,12862,1408,1398,422,1820,20
2022-10-27,Tulare,107,460477,122441,122140,36720,158860,1541
2022-10-27,Tuolumne,109,53932,15703,15658,927,16585,196
2022-10-27,Ventura,111,848112,210205,209746,15925,225671,1582
2022-10-27,Yolo,113,214977,47810,47703,4416,52119,349
2022-10-27,Yuba,115,75493,19057,19009,1737,20746,133
2022-10-26,Alameda,001,1643700,351698,350419,19986,370405,2040
2022-10-26,Alpine,002,1148,136,136,1,137,0
2022-10-26,Amador,005,37829,10054,10038,934,10972,94
2022-10-26,Butte,007,227075,39786,39707,9223,48930,457
2022-10-26,Calaveras,009,45235,8572,8561,570,9131,134
2022-10-26,Colusa,011,21464,3814,3813,1291,5104,22
2022-10-26,Contra Costa,013,1133247,254208,252398,20951,273349,1458
2022-10-26,Del Norte,015,27424,7474,7455,401,7856,56
2022-10-26,El Dorado,017,186661,32616,32513,4313,36826,231
2022-10-26,Fresno,019,978130,279772,275924,31823,307747,2885
2022-10-26,Glenn,021,27897,5554,5553,1874,7427,48
2022-10-26,Humboldt,023,135768,22136,22065,5157,27222,160
2022-10-26,Imperial,025,180216,66037,65903,16099,82002,959
2022-10-26,Inyo,027,18085,4513,4500,1034,5534,60
2022-10-26,Kern,029,883053,220370,219943,64918,284861,2425
2022-10-26,Kings,031,150075,59788,59742,4133,63875,459
2022-10-26,Lake,033,64148,12913,12868,1191,14059,148
2022-10-26,Lassen,035,31185,10005,9989,1002,10991,65
2022-10-26,Los Angeles,037,10098052,3303633,3298549,185003,3483552,33679
2022-10-26,Madera,039,155013,44286,44172,8303,52475,375
2022-10-26,Marin,041,260295,45827,45649,5334,50983,314
2022-10-26,Mariposa,043,17540,3132,3107,348,3455,31
2022-10-26,Mendocino,045,87422,16190,16104,4533,20637,153
2022-10-26,Merced,047,269075,73060,72606,11933,84539,870
2022-10-26,Modoc,049,8938,884,884,327,1211,11
2022-10-26,Mono,051,14174,3219,3215,264,3479,7
2022-10-26,Monterey,053,433212,94643,94425,21283,115708,769
2022-10-26,Napa,055,140530,32434,32448,1415,33863,160
2022-10-26,Nevada,057,99092,19165,19094,1896,20990,132
2022-10-26,Orange,059,3164182,672569,671141,64793,735934,7502
2022-10-26,Placer,061,380077,76555,76178,9652,85830,662
2022-10-26,Plumas,063,18699,3719,3705,443,4148,13
2022-10-26,Riverside,065,2383286,699372,698387,35773,734160,6659
2022-10-26,Sacramento,067,1510023,349987,348942,34635,383577,3346
2022-10-26,San Benito,069,59416,16445,16284,986,17270,108
2022-10-26,San Bernardino,071,2135413,674898,673959,31220,705179,8120
2022-10-26,San Diego,073,3302833,930721,929768,73057,1002825,5524
2022-10-26,San Francisco,075,870044,181528,180409,12221,192630,1066
2022-10-26,San Joaquin,077,732212,199157,198376,15129,213505,2335
2022-10-26,San Luis Obispo,079,281455,63694,63519,7243,70762,525
2022-10-26,San Mateo,081,765935,170896,169941,10549,180490,741
2022-10-26,Santa Barbara,083,443738,106539,106291,6929,113220,729
2022-10-26,Santa Clara,085,1922200,441017,435788,19365,455153,2528
2022-10-26,Santa Cruz,087,273765,64090,63885,3521,67406,274
2022-10-26,Shasta,089,179085,35235,35117,7633,42750,595
2022-10-26,Sierra,091,2930,308,308,60,368,5
2022-10-26,Siskiyou,093,43540,5185,5307,3342,8649,94
2022-10-26,Solano,095,438530,106292,105796,7985,113781,467
2022-10-26,Sonoma,097,501317,107910,107692,5339,113031,524
2022-10-26,Stanislaus,099,539301,138752,138423,21702,160125,1785
2022-10-26,Sutter,101,95872,24440,24425,2467,26892,233
2022-10-26,Tehama,103,63373,13726,13681,3108,16789,210
2022-10-26,Trinity,105,12862,1402,1398,420,1818,20
2022-10-26,Tulare,107,460477,122425,122140,36703,158843,1541
2022-10-26,Tuolumne,109,53932,15697,15658,927,16585,196
2022-10-26,Ventura,111,848112,210142,209746,15918,225664,1582
2022-10-26,Yolo,113,214977,47801,47703,4413,52116,349
2022-10-26,Yuba,115,75493,19050,19009,1737,20746,133
2022-10-25,Alameda,001,1643700,351547,350419,19968,370387,2040
2022-10-25,Alpine,002,1148,136,136,1,137,0
2022-10-25,Amador,005,37829,10052,10038,934,10972,94
2022-10-25,Butte,007,227075,39770,39707,9223,48930,457
2022-10-25,Calaveras,009,45235,8570,8561,570,9131,134
2022-10-25,Colusa,011,21464,3813,3813,1291,5104,22
2022-10-25,Contra Costa,013,1133247,254101,252398,20943,273341,1458
2022-10-25,Del Norte,015,27424,7473,7455,401,7856,56
2022-10-25,El Dorado,017,186661,32595,32513,4311,36824,231
2022-10-25,Fresno,019,978130,279716,275924,31808,307732,2885
2022-10-25,Glenn,021,27897,5552,5553,1874,7427,48
2022-10-25,Humboldt,023,135768,22129,22065,5154,27219,160
2022-10-25,Imperial,025,180216,66015,65903,16092,81995,959
2022-10-25,Inyo,027,18085,4513,4500,1033,5533,60
2022-10-25,Kern,029,883053,220320,219943,64876,284819,2425
2022-10-25,Kings,031,150075,59772,59742,4132,63874,459
2022-10-25,Lake,033,64148,12910,12868,1191,14059,148
2022-10-25,Lassen,035,31185,9998,9989,1002,10991,65
2022-10-25,Los Angeles,037,10098052,3302745,3298549,184859,3483408,33679
2022-10-25,Madera,039,155013,44277,44172,8299,52471,375
2022-10-25,Marin,041,260295,45800,45649,5332,50981,314
2022-10-25,Mariposa,043,17540,3131,3107,348,3455,31
2022-10-25,Mendocino,045,87422,16183,16104,4532,20636,153
2022-10-25,Merced,047,269075,73044,72606,11930,84536,870
2022-10-25,Modoc,049,8938,884,884,326,1210,11
2022-10-25,Mono,051,14174,3219,3215,263,3478,7
2022-10-25,Monterey,053,433212,94618,94425,21271,115696,769
2022-10-25,Napa,055,140530,32431,32448,1414,33862,160
2022-10-25,Nevada,057,99092,19161,19094,1893,20987,132
2022-10-25,Orange,059,3164182,672394,671141,64731,735872,7502
2022-10-25,Placer,061,380077,76520,76178,9648,85826,662
2022-10-25,Plumas,063,18699,3718,3705,443,4148,13
2022-10-25,Riverside,065,2383286,699203,698387,35760,734147,6659
2022-10-25,Sacramento,067,1510023,349879,348942,34597,383539,3346
2022-10-25,San Benito,069,59416,16438,16284,984,17268,108
2022-10-25,San Bernardino,071,2135413,674757,673959,31210,705169,8120
2022-10-25,San Diego,073,3302833,930452,929768,73000,1002768,5524
2022-10-25,San Francisco,075,870044,181439,180409,12210,192619,1066
2022-10-25,San Joaquin,077,732212,199099,198376,15122,213498,2335
2022-10-25,San Luis Obispo,079,281455,63674,63519,7240,70759,525
2022-10-25,San Mateo,081,765935,170824,169941,10547,180488,741
2022-10-25,Santa Barbara,083,443738,106504,106291,6923,113214,729
2022-10-25,Santa Clara,085,1922200,440825,435788,19355,455143,2528
2022-10-25,Santa Cruz,087,273765,64055,63885,3517,67402,274
2022-10-25,Shasta,089,179085,35229,35117,7627,42744,595
2022-10-25,Sierra,091,2930,308,308,60,368,5
2022-10-25,Siskiyou,093,43540,5183,5307,3338,8645,94
2022-10-25,Solano,095,438530,106245,105796,7979,113775,467
2022-10-25,Sonoma,097,501317,107868,107692,5338,113030,524
2022-10-25,Stanislaus,099,539301,138723,138423,21692,160115,1785
2022-10-25,Sutter,101,95872,24433,24425,2467,26892,233
2022-10-25,Tehama,103,63373,13723,13681,3107,16788,210
2022-10-25,Trinity,105,12862,1402,1398,416,1814,20
2022-10-25,Tulare,107,460477,122400,122140,36686,158826,1541
2022-10-25,Tuolumne,109,53932,15696,15658,927,16585,196
2022-10-25,Ventura,111,848112,210092,209746,15907,225653,1582
2022-10-25,Yolo,113,214977,47790,47703,4404,52107,349
2022-10-25,Yuba,115,75493,19043,19009,1737,20746,133
2022-10-24,Alameda,001,1643700,351389,349337,19958,369295,2031
2022-10-24,Alpine,002,1148,136,136,1,137,0
2022-10-24,Amador,005,37829,10050,10025,933,10958,94
2022-10-24,Butte,007,227075,39756,39607,9220,48827,456
2022-10-24,Calaveras,009,45235,8570,8541,569,9110,135
2022-10-24,Colusa,011,21464,3811,3807,1291,5098,22
2022-10-24,Contra Costa,013,1133247,253983,251722,20936,272658,1444
2022-10-24,Del Norte,015,27424,7468,7450,401,7851,56
2022-10-24,El Dorado,017,186661,32582,32443,4310,36753,232
2022-10-24,Fresno,019,978130,279652,275502,31786,307288,2893
2022-10-24,Glenn,021,27897,5551,5543,1874,7417,48
2022-10-24,Humboldt,023,135768,22123,21979,5147,27126,160
2022-10-24,Imperial,025,180216,65994,65801,16083,81884,961
2022-10-24,Inyo,027,18085,4512,4497,1030,5527,60
2022-10-24,Kern,029,883053,220270,219679,64843,284522,2424
2022-10-24,Kings,031,150075,59754,59632,4132,63764,460
2022-10-24,Lake,033,64148,12905,12847,1191,14038,148
2022-10-24,Lassen,035,31185,9998,9977,1002,10979,65
2022-10-24,Los Angeles,037,10098052,3301749,3289814,184688,3474502,33533
2022-10-24,Madera,039,155013,44272,44121,8298,52419,375
2022-10-24,Marin,041,260295,45771,45521,5332,50853,314
2022-10-24,Mariposa,043,17540,3129,3096,346,3442,31
2022-10-24,Mendocino,045,87422,16179,16059,4529,20588,136
2022-10-24,Merced,047,269075,73031,72442,11927,84369,869
2022-10-24,Modoc,049,8938,883,883,326,1209,11
2022-10-24,Mono,051,14174,3219,3212,262,3474,7
2022-10-24,Monterey,053,433212,94596,94275,21256,115531,768
2022-10-24,Napa,055,140530,32427,32395,1414,33809,160
2022-10-24,Nevada,057,99092,19153,19056,1883,20939,132
2022-10-24,Orange,059,3164182,672212,669923,64687,734610,7536
2022-10-24,Placer,061,380077,76489,76022,9645,85667,662
2022-10-24,Plumas,063,18699,3717,3691,442,4133,13
2022-10-24,Riverside,065,2383286,699069,697500,35735,733235,6569
2022-10-24,Sacramento,067,1510023,349760,348260,34570,382830,3337
2022-10-24,San Benito,069,59416,16432,16251,983,17234,107
2022-10-24,San Bernardino,071,2135413,674585,673189,31197,704386,8152
2022-10-24,San Diego,073,3302833,930178,928182,72947,1001129,5517
2022-10-24,San Francisco,075,870044,181333,179967,12207,192174,1056
2022-10-24,San Joaquin,077,732212,199043,198041,15100,213141,2336
2022-10-24,San Luis Obispo,079,281455,63662,63410,7239,70649,525
2022-10-24,San Mateo,081,765935,170763,169484,10543,180027,732
2022-10-24,Santa Barbara,083,443738,106481,106125,6922,113047,726
2022-10-24,Santa Clara,085,1922200,440622,434684,19343,454027,2523
2022-10-24,Santa Cruz,087,273765,64032,63592,3515,67107,275
2022-10-24,Shasta,089,179085,35214,35031,7616,42647,595
2022-10-24,Sierra,091,2930,308,305,60,365,5
2022-10-24,Siskiyou,093,43540,5181,5298,3338,8636,94
2022-10-24,Solano,095,438530,106197,105561,7978,113539,466
2022-10-24,Sonoma,097,501317,107837,107436,5338,112774,527
2022-10-24,Stanislaus,099,539301,138696,138223,21689,159912,1785
2022-10-24,Sutter,101,95872,24428,24393,2467,26860,233
2022-10-24,Tehama,103,63373,13721,13647,3106,16753,209
2022-10-24,Trinity,105,12862,1401,1396,415,1811,20
2022-10-24,Tulare,107,460477,122379,122035,36669,158704,1540
2022-10-24,Tuolumne,109,53932,15693,15626,927,16553,196
2022-10-24,Ventura,111,848112,210042,209427,15902,225329,1571
2022-10-24,Yolo,113,214977,47779,47611,4402,52013,346
2022-10-24,Yuba,115,75493,19034,18969,1737,20706,130
2022-10-23,Alameda,001,1643700,351195,349337,19939,369276,2031
2022-10-23,Alpine,002,1148,136,136,1,137,0
2022-10-23,Amador,005,37829,10049,10025,933,10958,94
2022-10-23,Butte,007,227075,39744,39607,9218,48825,456
2022-10-23,Calaveras,009,45235,8565,8541,569,9110,135
2022-10-23,Colusa,011,21464,3811,3807,1289,5096,22
2022-10-23,Contra Costa,013,1133247,253874,251722,20924,272646,1444
2022-10-23,Del Norte,015,27424,7467,7450,401,7851,56
2022-10-23,El Dorado,017,186661,32569,32443,4308,36751,232
2022-10-23,Fresno,019,978130,279588,275502,31772,307274,2893
2022-10-23,Glenn,021,27897,5549,5543,1872,7415,48
2022-10-23,Humboldt,023,135768,22115,21979,5140,27119,160
2022-10-23,Imperial,025,180216,65981,65801,16065,81866,961
2022-10-23,Inyo,027,18085,4510,4497,1030,5527,60
2022-10-23,Kern,029,883053,220218,219679,64771,284450,2424
2022-10-23,Kings,031,150075,59734,59632,4129,63761,460
2022-10-23,Lake,033,64148,12904,12847,1191,14038,148
2022-10-23,Lassen,035,31185,9995,9977,1001,10978,65
2022-10-23,Los Angeles,037,10098052,3300793,3289814,184491,3474305,33533
2022-10-23,Madera,039,155013,44260,44121,8296,52417,375
2022-10-23,Marin,041,260295,45756,45521,5330,50851,314
2022-10-23,Mariposa,043,17540,3126,3096,345,3441,31
2022-10-23,Mendocino,045,87422,16172,16059,4528,20587,136
2022-10-23,Merced,047,269075,73023,72442,11923,84365,869
2022-10-23,Modoc,049,8938,883,883,326,1209,11
2022-10-23,Mono,051,14174,3219,3212,261,3473,7
2022-10-23,Monterey,053,433212,94576,94275,21241,115516,768
2022-10-23,Napa,055,140530,32409,32395,1414,33809,160
2022-10-23,Nevada,057,99092,19141,19056,1881,20937,132
2022-10-23,Orange,059,3164182,671989,669923,64616,734539,7536
2022-10-23,Placer,061,380077,76459,76022,9641,85663,662
2022-10-23,Plumas,063,18699,3716,3691,441,4132,13
2022-10-23,Riverside,065,2383286,698889,697500,35716,733216,6569
2022-10-23,Sacramento,067,1510023,349613,348260,34546,382806,3337
2022-10-23,San Benito,069,59416,16425,16251,982,17233,107
2022-10-23,San Bernardino,071,2135413,674448,673189,31180,704369,8152
2022-10-23,San Diego,073,3302833,929827,928182,72905,1001087,5517
2022-10-23,San Francisco,075,870044,181225,179967,12199,192166,1056
2022-10-23,San Joaquin,077,732212,198981,198041,15088,213129,2336
2022-10-23,San Luis Obispo,079,281455,63648,63410,7231,70641,525
2022-10-23,San Mateo,081,765935,170674,169484,10540,180024,732
2022-10-23,Santa Barbara,083,443738,106441,106125,6919,113044,726
2022-10-23,Santa Clara,085,1922200,440403,434684,19320,454004,2523
2022-10-23,Santa Cruz,087,273765,63978,63592,3512,67104,275
2022-10-23,Shasta,089,179085,35201,35031,7605,42636,595
2022-10-23,Sierra,091,2930,308,305,60,365,5
2022-10-23,Siskiyou,093,43540,5179,5298,3335,8633,94
2022-10-23,Solano,095,438530,106146,105561,7974,113535,466
2022-10-23,Sonoma,097,501317,107778,107436,5334,112770,527
2022-10-23,Stanislaus,099,539301,138654,138223,21685,159908,1785
2022-10-23,Sutter,101,95872,24422,24393,2467,26860,233
2022-10-23,Tehama,103,63373,13715,13647,3106,16753,209
2022-10-23,Trinity,105,12862,1401,1396,412,1808,20
2022-10-23,Tulare,107,460477,122350,122035,36645,158680,1540
2022-10-23,Tuolumne,109,53932,15690,15626,926,16552,196
2022-10-23,Ventura,111,848112,209991,209427,15889,225316,1571
2022-10-23,Yolo,113,214977,47760,47611,4391,52002,346
2022-10-23,Yuba,115,75493,19028,18969,1736,20705,130
2022-10-22,Alameda,001,1643700,351094,349337,19933,369270,2031
2022-10-22,Alpine,002,1148,136,136,1,137,0
2022-10-22,Amador,005,37829,10047,10025,933,10958,94
2022-10-22,Butte,007,227075,39738,39607,9213,48820,456
2022-10-22,Calaveras,009,45235,8562,8541,569,9110,135
2022-10-22,Colusa,011,21464,3811,3807,1288,5095,22
2022-10-22,Contra Costa,013,1133247,253807,251722,20917,272639,1444
2022-10-22,Del Norte,015,27424,7466,7450,401,7851,56
2022-10-22,El Dorado,017,186661,32562,32443,4307,36750,232
2022-10-22,Fresno,019,978130,279550,275502,31768,307270,2893
2022-10-22,Glenn,021,27897,5548,5543,1872,7415,48
2022-10-22,Humboldt,023,135768,22110,21979,5138,27117,160
2022-10-22,Imperial,025,180216,65967,65801,16058,81859,961
2022-10-22,Inyo,027,18085,4509,4497,1028,5525,60
2022-10-22,Kern,029,883053,220199,219679,64741,284420,2424
2022-10-22,Kings,031,150075,59725,59632,4128,63760,460
2022-10-22,Lake,033,64148,12902,12847,1190,14037,148
2022-10-22,Lassen,035,31185,9995,9977,1000,10977,65
2022-10-22,Los Angeles,037,10098052,3300276,3289814,184402,3474216,33533
2022-10-22,Madera,039,155013,44252,44121,8295,52416,375
2022-10-22,Marin,041,260295,45736,45521,5326,50847,314
2022-10-22,Mariposa,043,17540,3126,3096,345,3441,31
2022-10-22,Mendocino,045,87422,16171,16059,4528,20587,136
2022-10-22,Merced,047,269075,73013,72442,11923,84365,869
2022-10-22,Modoc,049,8938,883,883,326,1209,11
2022-10-22,Mono,051,14174,3218,3212,261,3473,7
2022-10-22,Monterey,053,433212,94564,94275,21232,115507,768
2022-10-22,Napa,055,140530,32405,32395,1414,33809,160
2022-10-22,Nevada,057,99092,19137,19056,1881,20937,132
2022-10-22,Orange,059,3164182,671896,669923,64572,734495,7536
2022-10-22,Placer,061,380077,76439,76022,9636,85658,662
2022-10-22,Plumas,063,18699,3716,3691,441,4132,13
2022-10-22,Riverside,065,2383286,698794,697500,35698,733198,6569
2022-10-22,Sacramento,067,1510023,349537,348260,34535,382795,3337
2022-10-22,San Benito,069,59416,16417,16251,982,17233,107
2022-10-22,San Bernardino,071,2135413,674369,673189,31174,704363,8152
2022-10-22,San Diego,073,3302833,929696,928182,72882,1001064,5517
2022-10-22,San Francisco,075,870044,181173,179967,12196,192163,1056
2022-10-22,San Joaquin,077,732212,198957,198041,15081,213122,2336
2022-10-22,San Luis Obispo,079,281455,63644,63410,7230,70640,525
2022-10-22,San Mateo,081,765935,170618,169484,10536,180020,732
2022-10-22,Santa Barbara,083,443738,106428,106125,6916,113041,726
2022-10-22,Santa Clara,085,1922200,440270,434684,19310,453994,2523
2022-10-22,Santa Cruz,087,273765,63965,63592,3512,67104,275
2022-10-22,Shasta,089,179085,35196,35031,7601,42632,595
2022-10-22,Sierra,091,2930,308,305,60,365,5
2022-10-22,Siskiyou,093,43540,5175,5298,3335,8633,94
2022-10-22,Solano,095,438530,106125,105561,7974,113535,466
2022-10-22,Sonoma,097,501317,107765,107436,5333,112769,527
2022-10-22,Stanislaus,099,539301,138636,138223,21682,159905,1785
2022-10-22,Sutter,101,95872,24420,24393,2467,26860,233
2022-10-22,Tehama,103,63373,13711,13647,3104,16751,209
2022-10-22,Trinity,105,12862,1401,1396,412,1808,20
2022-10-22,Tulare,107,460477,122339,122035,36634,158669,1540
2022-10-22,Tuolumne,109,53932,15688,15626,926,16552,196
2022-10-22,Ventura,111,848112,209966,209427,15884,225311,1571
2022-10-22,Yolo,113,214977,47750,47611,4391,52002,346
2022-10-22,Yuba,115,75493,19021,18969,1735,20704,130
2022-10-21,Alameda,001,1643700,351014,349337,19926,369263,2031
2022-10-21,Alpine,002,1148,136,136,1,137,0
2022-10-21,Amador,005,37829,10046,10025,933,10958,94
2022-10-21,Butte,007,227075,39726,39607,9208,48815,456
2022-10-21,Calaveras,009,45235,8562,8541,569,9110,135
2022-10-21,Colusa,011,21464,3810,3807,1288,5095,22
2022-10-21,Contra Costa,013,1133247,253741,251722,20908,272630,1444
2022-10-21,Del Norte,015,27424,7466,7450,401,7851,56
2022-10-21,El Dorado,017,186661,32552,32443,4305,36748,232
2022-10-21,Fresno,019,978130,279514,275502,31763,307265,2893
2022-10-21,Glenn,021,27897,5548,5543,1871,7414,48
2022-10-21,Humboldt,023,135768,22102,21979,5135,27114,160
2022-10-21,Imperial,025,180216,65962,65801,16052,81853,961
2022-10-21,Inyo,027,18085,4509,4497,1028,5525,60
2022-10-21,Kern,029,883053,220178,219679,64721,284400,2424
2022-10-21,Kings,031,150075,59719,59632,4128,63760,460
2022-10-21,Lake,033,64148,12901,12847,1190,14037,148
2022-10-21,Lassen,035,31185,9993,9977,1000,10977,65
2022-10-21,Los Angeles,037,10098052,3299716,3289814,184279,3474093,33533
2022-10-21,Madera,039,155013,44245,44121,8292,52413,375
2022-10-21,Marin,041,260295,45716,45521,5324,50845,314
2022-10-21,Mariposa,043,17540,3125,3096,345,3441,31
2022-10-21,Mendocino,045,87422,16164,16059,4528,20587,136
2022-10-21,Merced,047,269075,73007,72442,11922,84364,869
2022-10-21,Modoc,049,8938,883,883,326,1209,11
2022-10-21,Mono,051,14174,3218,3212,261,3473,7
2022-10-21,Monterey,053,433212,94547,94275,21230,115505,768
2022-10-21,Napa,055,140530,32403,32395,1414,33809,160
2022-10-21,Nevada,057,99092,19133,19056,1880,20936,132
2022-10-21,Orange,059,3164182,671777,669923,64534,734457,7536
2022-10-21,Placer,061,380077,76418,76022,9631,85653,662
2022-10-21,Plumas,063,18699,3715,3691,441,4132,13
2022-10-21,Riverside,065,2383286,698704,697500,35685,733185,6569
2022-10-21,Sacramento,067,1510023,349465,348260,34528,382788,3337
2022-10-21,San Benito,069,59416,16415,16251,981,17232,107
2022-10-21,San Bernardino,071,2135413,674293,673189,31166,704355,8152
2022-10-21,San Diego,073,3302833,929546,928182,72860,1001042,5517
2022-10-21,San Francisco,075,870044,181134,179967,12192,192159,1056
2022-10-21,San Joaquin,077,732212,198930,198041,15077,213118,2336
2022-10-21,San Luis Obispo,079,281455,63636,63410,7230,70640,525
2022-10-21,San Mateo,081,765935,170575,169484,10533,180017,732
2022-10-21,Santa Barbara,083,443738,106414,106125,6916,113041,726
2022-10-21,Santa Clara,085,1922200,440139,434684,19301,453985,2523
2022-10-21,Santa Cruz,087,273765,63950,63592,3512,67104,275
2022-10-21,Shasta,089,179085,35189,35031,7594,42625,595
2022-10-21,Sierra,091,2930,308,305,60,365,5
2022-10-21,Siskiyou,093,43540,5175,5298,3335,8633,94
2022-10-21,Solano,095,438530,106102,105561,7973,113534,466
2022-10-21,Sonoma,097,501317,107741,107436,5331,112767,527
2022-10-21,Stanislaus,099,539301,138621,138223,21680,159903,1785
2022-10-21,Sutter,101,95872,24413,24393,2467,26860,233
2022-10-21,Tehama,103,63373,13707,13647,3104,16751,209
2022-10-21,Trinity,105,12862,1401,1396,411,1807,20
2022-10-21,Tulare,107,460477,122332,122035,36628,158663,1540
2022-10-21,Tuolumne,109,53932,15682,15626,926,16552,196
2022-10-21,Ventura,111,848112,209936,209427,15881,225308,1571
2022-10-21,Yolo,113,214977,47740,47611,4390,52001,346
2022-10-21,Yuba,115,75493,19011,18969,1735,20704,130
2022-10-20,Alameda,001,1643700,350878,349337,19921,369258,2031
2022-10-20,Alpine,002,1148,136,136,1,137,0
2022-10-20,Amador,005,37829,10041,10025,933,10958,94
2022-10-20,Butte,007,227075,39719,39607,9206,48813,456
2022-10-20,Calaveras,009,45235,8561,8541,568,9109,135
2022-10-20,Colusa,011,21464,3810,3807,1287,5094,22
2022-10-20,Contra Costa,013,1133247,253640,251722,20904,272626,1444
2022-10-20,Del Norte,015,27424,7466,7450,400,7850,56
2022-10-20,El Dorado,017,186661,32536,32443,4303,36746,232
2022-10-20,Fresno,019,978130,279463,275502,31755,307257,2893
2022-10-20,Glenn,021,27897,5548,5543,1871,7414,48
2022-10-20,Humboldt,023,135768,22096,21979,5129,27108,160
2022-10-20,Imperial,025,180216,65953,65801,16041,81842,961
2022-10-20,Inyo,027,18085,4504,4497,1025,5522,60
2022-10-20,Kern,029,883053,220140,219679,64675,284354,2424
2022-10-20,Kings,031,150075,59704,59632,4126,63758,460
2022-10-20,Lake,033,64148,12897,12847,1190,14037,148
2022-10-20,Lassen,035,31185,9990,9977,1000,10977,65
2022-10-20,Los Angeles,037,10098052,3298969,3289814,184154,3473968,33533
2022-10-20,Madera,039,155013,44233,44121,8292,52413,375
2022-10-20,Marin,041,260295,45699,45521,5323,50844,314
2022-10-20,Mariposa,043,17540,3124,3096,344,3440,31
2022-10-20,Mendocino,045,87422,16159,16059,4527,20586,136
2022-10-20,Merced,047,269075,72998,72442,11922,84364,869
2022-10-20,Modoc,049,8938,882,883,325,1208,11
2022-10-20,Mono,051,14174,3218,3212,261,3473,7
2022-10-20,Monterey,053,433212,94531,94275,21217,115492,768
2022-10-20,Napa,055,140530,32397,32395,1414,33809,160
2022-10-20,Nevada,057,99092,19131,19056,1874,20930,132
2022-10-20,Orange,059,3164182,671643,669923,64480,734403,7536
2022-10-20,Placer,061,380077,76387,76022,9627,85649,662
2022-10-20,Plumas,063,18699,3714,3691,441,4132,13
2022-10-20,Riverside,065,2383286,698577,697500,35666,733166,6569
2022-10-20,Sacramento,067,1510023,349326,348260,34508,382768,3337
2022-10-20,San Benito,069,59416,16412,16251,980,17231,107
2022-10-20,San Bernardino,071,2135413,674184,673189,31149,704338,8152
2022-10-20,San Diego,073,3302833,929351,928182,72819,1001001,5517
2022-10-20,San Francisco,075,870044,181072,179967,12186,192153,1056
2022-10-20,San Joaquin,077,732212,198897,198041,15069,213110,2336
2022-10-20,San Luis Obispo,079,281455,63626,63410,7225,70635,525
2022-10-20,San Mateo,081,765935,170504,169484,10531,180015,732
2022-10-20,Santa Barbara,083,443738,106392,106125,6914,113039,726
2022-10-20,Santa Clara,085,1922200,439991,434684,19286,453970,2523
2022-10-20,Santa Cruz,087,273765,63912,63592,3511,67103,275
2022-10-20,Shasta,089,179085,35179,35031,7579,42610,595
2022-10-20,Sierra,091,2930,308,305,60,365,5
2022-10-20,Siskiyou,093,43540,5173,5298,3335,8633,94
2022-10-20,Solano,095,438530,106066,105561,7970,113531,466
2022-10-20,Sonoma,097,501317,107707,107436,5331,112767,527
2022-10-20,Stanislaus,099,539301,138584,138223,21677,159900,1785
2022-10-20,Sutter,101,95872,24409,24393,2467,26860,233
2022-10-20,Tehama,103,63373,13701,13647,3100,16747,209
2022-10-20,Trinity,105,12862,1401,1396,411,1807,20
2022-10-20,Tulare,107,460477,122317,122035,36622,158657,1540
2022-10-20,Tuolumne,109,53932,15676,15626,926,16552,196
2022-10-20,Ventura,111,848112,209897,209427,15872,225299,1571
2022-10-20,Yolo,113,214977,47730,47611,4386,51997,346
2022-10-20,Yuba,115,75493,19005,18969,1735,20704,130
2022-10-19,Alameda,001,1643700,350742,349337,19910,369247,2031
2022-10-19,Alpine,002,1148,136,136,1,137,0
2022-10-19,Amador,005,37829,10039,10025,932,10957,94
2022-10-19,Butte,007,227075,39712,39607,9203,48810,456
2022-10-19,Calaveras,009,45235,8559,8541,568,9109,135
2022-10-19,Colusa,011,21464,3809,3807,1287,5094,22
2022-10-19,Contra Costa,013,1133247,253557,251722,20888,272610,1444
2022-10-19,Del Norte,015,27424,7466,7450,400,7850,56
2022-10-19,El Dorado,017,186661,32521,32443,4301,36744,232
2022-10-19,Fresno,019,978130,279400,275502,31740,307242,2893
2022-10-19,Glenn,021,27897,5545,5543,1871,7414,48
2022-10-19,Humboldt,023,135768,22080,21979,5119,27098,160
2022-10-19,Imperial,025,180216,65937,65801,16030,81831,961
2022-10-19,Inyo,027,18085,4504,4497,1023,5520,60
2022-10-19,Kern,029,883053,220092,219679,64634,284313,2424
2022-10-19,Kings,031,150075,59691,59632,4126,63758,460
2022-10-19,Lake,033,64148,12892,12847,1189,14036,148
2022-10-19,Lassen,035,31185,9987,9977,999,10976,65
2022-10-19,Los Angeles,037,10098052,3298142,3289814,184016,3473830,33533
2022-10-19,Madera,039,155013,44224,44121,8291,52412,375
2022-10-19,Marin,041,260295,45677,45521,5322,50843,314
2022-10-19,Mariposa,043,17540,3121,3096,344,3440,31
2022-10-19,Mendocino,045,87422,16154,16059,4525,20584,136
2022-10-19,Merced,047,269075,72980,72442,11919,84361,869
2022-10-19,Modoc,049,8938,882,883,325,1208,11
2022-10-19,Mono,051,14174,3217,3212,260,3472,7
2022-10-19,Monterey,053,433212,94517,94275,21210,115485,768
2022-10-19,Napa,055,140530,32390,32395,1413,33808,160
2022-10-19,Nevada,057,99092,19126,19056,1872,20928,132
2022-10-19,Orange,059,3164182,671434,669923,64421,734344,7536
2022-10-19,Placer,061,380077,76360,76022,9622,85644,662
2022-10-19,Plumas,063,18699,3711,3691,441,4132,13
2022-10-19,Riverside,065,2383286,698456,697500,35644,733144,6569
2022-10-19,Sacramento,067,1510023,349220,348260,34493,382753,3337
2022-10-19,San Benito,069,59416,16408,16251,980,17231,107
2022-10-19,San Bernardino,071,2135413,674051,673189,31143,704332,8152
2022-10-19,San Diego,073,3302833,929094,928182,72773,1000955,5517
2022-10-19,San Francisco,075,870044,180992,179967,12180,192147,1056
2022-10-19,San Joaquin,077,732212,198854,198041,15059,213100,2336
2022-10-19,San Luis Obispo,079,281455,63612,63410,7224,70634,525
2022-10-19,San Mateo,081,765935,170438,169484,10523,180007,732
2022-10-19,Santa Barbara,083,443738,106363,106125,6912,113037,726
2022-10-19,Santa Clara,085,1922200,439835,434684,19275,453959,2523
2022-10-19,Santa Cruz,087,273765,63863,63592,3510,67102,275
2022-10-19,Shasta,089,179085,35170,35031,7565,42596,595
2022-10-19,Sierra,091,2930,308,305,60,365,5
2022-10-19,Siskiyou,093,43540,5172,5298,3332,8630,94
2022-10-19,Solano,095,438530,106034,105561,7968,113529,466
2022-10-19,Sonoma,097,501317,107675,107436,5328,112764,527
2022-10-19,Stanislaus,099,539301,138551,138223,21674,159897,1785
2022-10-19,Sutter,101,95872,24406,24393,2467,26860,233
2022-10-19,Tehama,103,63373,13696,13647,3098,16745,209
2022-10-19,Trinity,105,12862,1400,1396,411,1807,20
2022-10-19,Tulare,107,460477,122306,122035,36602,158637,1540
2022-10-19,Tuolumne,109,53932,15672,15626,926,16552,196
2022-10-19,Ventura,111,848112,209854,209427,15859,225286,1571
2022-10-19,Yolo,113,214977,47720,47611,4378,51989,346
2022-10-19,Yuba,115,75493,18995,18969,1734,20703,130
2022-10-18,Alameda,001,1643700,350617,349337,19896,369233,2031
2022-10-18,Alpine,002,1148,136,136,1,137,0
2022-10-18,Amador,005,37829,10036,10025,930,10955,94
2022-10-18,Butte,007,227075,39703,39607,9203,48810,456
2022-10-18,Calaveras,009,45235,8554,8541,567,9108,135
2022-10-18,Colusa,011,21464,3808,3807,1285,5092,22
2022-10-18,Contra Costa,013,1133247,253466,251722,20884,272606,1444
2022-10-18,Del Norte,015,27424,7462,7450,400,7850,56
2022-10-18,El Dorado,017,186661,32504,32443,4296,36739,232
2022-10-18,Fresno,019,978130,279343,275502,31727,307229,2893
2022-10-18,Glenn,021,27897,5545,5543,1871,7414,48
2022-10-18,Humboldt,023,135768,22067,21979,5116,27095,160
2022-10-18,Imperial,025,180216,65916,65801,16014,81815,961
2022-10-18,Inyo,027,18085,4504,4497,1020,5517,60
2022-10-18,Kern,029,883053,220046,219679,64596,284275,2424
2022-10-18,Kings,031,150075,59676,59632,4124,63756,460
2022-10-18,Lake,033,64148,12886,12847,1189,14036,148
2022-10-18,Lassen,035,31185,9984,9977,999,10976,65
2022-10-18,Los Angeles,037,10098052,3297334,3289814,183882,3473696,33533
2022-10-18,Madera,039,155013,44215,44121,8289,52410,375
2022-10-18,Marin,041,260295,45651,45521,5320,50841,314
2022-10-18,Mariposa,043,17540,3119,3096,344,3440,31
2022-10-18,Mendocino,045,87422,16143,16059,4525,20584,136
2022-10-18,Merced,047,269075,72961,72442,11912,84354,869
2022-10-18,Modoc,049,8938,882,883,325,1208,11
2022-10-18,Mono,051,14174,3216,3212,260,3472,7
2022-10-18,Monterey,053,433212,94489,94275,21202,115477,768
2022-10-18,Napa,055,140530,32385,32395,1413,33808,160
2022-10-18,Nevada,057,99092,19120,19056,1872,20928,132
2022-10-18,Orange,059,3164182,671257,669923,64337,734260,7536
2022-10-18,Placer,061,380077,76329,76022,9619,85641,662
2022-10-18,Plumas,063,18699,3710,3691,441,4132,13
2022-10-18,Riverside,065,2383286,698308,697500,35627,733127,6569
2022-10-18,Sacramento,067,1510023,349098,348260,34475,382735,3337
2022-10-18,San Benito,069,59416,16403,16251,977,17228,107
2022-10-18,San Bernardino,071,2135413,673941,673189,31123,704312,8152
2022-10-18,San Diego,073,3302833,928796,928182,72725,1000907,5517
2022-10-18,San Francisco,075,870044,180909,179967,12178,192145,1056
2022-10-18,San Joaquin,077,732212,198818,198041,15046,213087,2336
2022-10-18,San Luis Obispo,079,281455,63588,63410,7222,70632,525
2022-10-18,San Mateo,081,765935,170361,169484,10519,180003,732
2022-10-18,Santa Barbara,083,443738,106337,106125,6909,113034,726
2022-10-18,Santa Clara,085,1922200,439662,434684,19256,453940,2523
2022-10-18,Santa Cruz,087,273765,63841,63592,3507,67099,275
2022-10-18,Shasta,089,179085,35163,35031,7561,42592,595
2022-10-18,Sierra,091,2930,308,305,60,365,5
2022-10-18,Siskiyou,093,43540,5172,5298,3330,8628,94
2022-10-18,Solano,095,438530,105996,105561,7963,113524,466
2022-10-18,Sonoma,097,501317,107631,107436,5321,112757,527
2022-10-18,Stanislaus,099,539301,138527,138223,21667,159890,1785
2022-10-18,Sutter,101,95872,24401,24393,2467,26860,233
2022-10-18,Tehama,103,63373,13689,13647,3095,16742,209
2022-10-18,Trinity,105,12862,1400,1396,408,1804,20
2022-10-18,Tulare,107,460477,122287,122035,36584,158619,1540
2022-10-18,Tuolumne,109,53932,15667,15626,926,16552,196
2022-10-18,Ventura,111,848112,209792,209427,15848,225275,1571
2022-10-18,Yolo,113,214977,47711,47611,4375,51986,346
2022-10-18,Yuba,115,75493,18988,18969,1734,20703,130
2022-10-17,Alameda,001,1643700,350465,348487,19891,368378,2027
2022-10-17,Alpine,002,1148,136,135,1,136,0
2022-10-17,Amador,005,37829,10032,10013,930,10943,93
2022-10-17,Butte,007,227075,39688,39567,9201,48768,456
2022-10-17,Calaveras,009,45235,8550,8523,567,9090,133
2022-10-17,Colusa,011,21464,3808,3805,1285,5090,22
2022-10-17,Contra Costa,013,1133247,253358,250897,20877,271774,1440
2022-10-17,Del Norte,015,27424,7462,7440,400,7840,56
2022-10-17,El Dorado,017,186661,32491,32373,4294,36667,231
2022-10-17,Fresno,019,978130,279276,275035,31704,306739,2873
2022-10-17,Glenn,021,27897,5542,5532,1871,7403,48
2022-10-17,Humboldt,023,135768,22054,21914,5104,27018,159
2022-10-17,Imperial,025,180216,65898,65691,15988,81679,958
2022-10-17,Inyo,027,18085,4504,4492,1019,5511,60
2022-10-17,Kern,029,883053,220001,219487,64558,284045,2420
2022-10-17,Kings,031,150075,59665,59560,4123,63683,459
2022-10-17,Lake,033,64148,12883,12815,1188,14003,146
2022-10-17,Lassen,035,31185,9982,9970,999,10969,65
2022-10-17,Los Angeles,037,10098052,3296437,3285385,183731,3469116,33525
2022-10-17,Madera,039,155013,44210,44078,8288,52366,375
2022-10-17,Marin,041,260295,45633,45378,5317,50695,315
2022-10-17,Mariposa,043,17540,3117,3091,344,3435,31
2022-10-17,Mendocino,045,87422,16137,16023,4524,20547,136
2022-10-17,Merced,047,269075,72943,72326,11911,84237,868
2022-10-17,Modoc,049,8938,882,882,325,1207,11
2022-10-17,Mono,051,14174,3216,3206,260,3466,7
2022-10-17,Monterey,053,433212,94465,94183,21196,115379,768
2022-10-17,Napa,055,140530,32376,32326,1412,33738,161
2022-10-17,Nevada,057,99092,19115,19023,1869,20892,132
2022-10-17,Orange,059,3164182,671084,668814,64275,733089,7473
2022-10-17,Placer,061,380077,76299,75902,9606,85508,660
2022-10-17,Plumas,063,18699,3705,3682,439,4121,13
2022-10-17,Riverside,065,2383286,698150,696402,35603,732005,6561
2022-10-17,Sacramento,067,1510023,348959,347495,34462,381957,3324
2022-10-17,San Benito,069,59416,16391,16223,976,17199,107
2022-10-17,San Bernardino,071,2135413,673807,672221,31103,703324,8148
2022-10-17,San Diego,073,3302833,928494,926574,72676,999250,5507
2022-10-17,San Francisco,075,870044,180826,179482,12175,191657,1048
2022-10-17,San Joaquin,077,732212,198771,197672,15039,212711,2322
2022-10-17,San Luis Obispo,079,281455,63573,63321,7221,70542,524
2022-10-17,San Mateo,081,765935,170297,168944,10519,179463,732
2022-10-17,Santa Barbara,083,443738,106317,105931,6906,112837,726
2022-10-17,Santa Clara,085,1922200,439443,433458,19245,452703,2513
2022-10-17,Santa Cruz,087,273765,63792,63316,3506,66822,273
2022-10-17,Shasta,089,179085,35141,34971,7555,42526,595
2022-10-17,Sierra,091,2930,306,305,60,365,5
2022-10-17,Siskiyou,093,43540,5169,5287,3327,8614,92
2022-10-17,Solano,095,438530,105958,105287,7960,113247,465
2022-10-17,Sonoma,097,501317,107591,107199,5317,112516,520
2022-10-17,Stanislaus,099,539301,138497,137994,21659,159653,1782
2022-10-17,Sutter,101,95872,24400,24357,2467,26824,233
2022-10-17,Tehama,103,63373,13685,13624,3094,16718,209
2022-10-17,Trinity,105,12862,1400,1396,408,1804,20
2022-10-17,Tulare,107,460477,122269,121902,36572,158474,1538
2022-10-17,Tuolumne,109,53932,15660,15586,925,16511,196
2022-10-17,Ventura,111,848112,209749,209051,15842,224893,1571
2022-10-17,Yolo,113,214977,47688,47498,4369,51867,343
2022-10-17,Yuba,115,75493,18982,18934,1734,20668,129
2022-10-16,Alameda,001,1643700,350298,348487,19874,368361,2027
2022-10-16,Alpine,002,1148,136,135,1,136,0
2022-10-16,Amador,005,37829,10030,10013,930,10943,93
2022-10-16,Butte,007,227075,39668,39567,9195,48762,456
2022-10-16,Calaveras,009,45235,8549,8523,566,9089,133
2022-10-16,Colusa,011,21464,3807,3805,1285,5090,22
2022-10-16,Contra Costa,013,1133247,253234,250897,20875,271772,1440
2022-10-16,Del Norte,015,27424,7461,7440,400,7840,56
2022-10-16,El Dorado,017,186661,32476,32373,4290,36663,231
2022-10-16,Fresno,019,978130,279188,275035,31686,306721,2873
2022-10-16,Glenn,021,27897,5541,5532,1871,7403,48
2022-10-16,Humboldt,023,135768,22035,21914,5090,27004,159
2022-10-16,Imperial,025,180216,65865,65691,15972,81663,958
2022-10-16,Inyo,027,18085,4503,4492,1016,5508,60
2022-10-16,Kern,029,883053,219954,219487,64512,283999,2420
2022-10-16,Kings,031,150075,59654,59560,4122,63682,459
2022-10-16,Lake,033,64148,12879,12815,1188,14003,146
2022-10-16,Lassen,035,31185,9981,9970,999,10969,65
2022-10-16,Los Angeles,037,10098052,3295517,3285385,183575,3468960,33525
2022-10-16,Madera,039,155013,44196,44078,8286,52364,375
2022-10-16,Marin,041,260295,45611,45378,5316,50694,315
2022-10-16,Mariposa,043,17540,3116,3091,344,3435,31
2022-10-16,Mendocino,045,87422,16128,16023,4522,20545,136
2022-10-16,Merced,047,269075,72923,72326,11910,84236,868
2022-10-16,Modoc,049,8938,882,882,325,1207,11
2022-10-16,Mono,051,14174,3215,3206,260,3466,7
2022-10-16,Monterey,053,433212,94437,94183,21185,115368,768
2022-10-16,Napa,055,140530,32367,32326,1412,33738,161
2022-10-16,Nevada,057,99092,19111,19023,1867,20890,132
2022-10-16,Orange,059,3164182,670885,668814,64221,733035,7473
2022-10-16,Placer,061,380077,76274,75902,9601,85503,660
2022-10-16,Plumas,063,18699,3701,3682,439,4121,13
2022-10-16,Riverside,065,2383286,697980,696402,35575,731977,6561
2022-10-16,Sacramento,067,1510023,348780,347495,34438,381933,3324
2022-10-16,San Benito,069,59416,16387,16223,975,17198,107
2022-10-16,San Bernardino,071,2135413,673645,672221,31096,703317,8148
2022-10-16,San Diego,073,3302833,928174,926574,72626,999200,5507
2022-10-16,San Francisco,075,870044,180716,179482,12165,191647,1048
2022-10-16,San Joaquin,077,732212,198695,197672,15032,212704,2322
2022-10-16,San Luis Obispo,079,281455,63548,63321,7218,70539,524
2022-10-16,San Mateo,081,765935,170195,168944,10517,179461,732
2022-10-16,Santa Barbara,083,443738,106288,105931,6904,112835,726
2022-10-16,Santa Clara,085,1922200,439249,433458,19231,452689,2513
2022-10-16,Santa Cruz,087,273765,63706,63316,3502,66818,273
2022-10-16,Shasta,089,179085,35125,34971,7546,42517,595
2022-10-16,Sierra,091,2930,306,305,60,365,5
2022-10-16,Siskiyou,093,43540,5166,5287,3327,8614,92
2022-10-16,Solano,095,438530,105911,105287,7959,113246,465
2022-10-16,Sonoma,097,501317,107540,107199,5311,112510,520
2022-10-16,Stanislaus,099,539301,138467,137994,21658,159652,1782
2022-10-16,Sutter,101,95872,24394,24357,2463,26820,233
2022-10-16,Tehama,103,63373,13680,13624,3093,16717,209
2022-10-16,Trinity,105,12862,1400,1396,408,1804,20
2022-10-16,Tulare,107,460477,122244,121902,36559,158461,1538
2022-10-16,Tuolumne,109,53932,15658,15586,925,16511,196
2022-10-16,Ventura,111,848112,209679,209051,15835,224886,1571
2022-10-16,Yolo,113,214977,47672,47498,4359,51857,343
2022-10-16,Yuba,115,75493,18977,18934,1734,20668,129
2022-10-15,Alameda,001,1643700,350200,348487,19862,368349,2027
2022-10-15,Alpine,002,1148,136,135,1,136,0
2022-10-15,Amador,005,37829,10028,10013,930,10943,93
2022-10-15,Butte,007,227075,39665,39567,9191,48758,456
2022-10-15,Calaveras,009,45235,8546,8523,566,9089,133
2022-10-15,Colusa,011,21464,3807,3805,1285,5090,22
2022-10-15,Contra Costa,013,1133247,253162,250897,20873,271770,1440
2022-10-15,Del Norte,015,27424,7461,7440,400,7840,56
2022-10-15,El Dorado,017,186661,32466,32373,4290,36663,231
2022-10-15,Fresno,019,978130,279161,275035,31684,306719,2873
2022-10-15,Glenn,021,27897,5540,5532,1871,7403,48
2022-10-15,Humboldt,023,135768,22027,21914,5082,26996,159
2022-10-15,Imperial,025,180216,65858,65691,15966,81657,958
2022-10-15,Inyo,027,18085,4503,4492,1016,5508,60
2022-10-15,Kern,029,883053,219928,219487,64477,283964,2420
2022-10-15,Kings,031,150075,59640,59560,4122,63682,459
2022-10-15,Lake,033,64148,12879,12815,1188,14003,146
2022-10-15,Lassen,035,31185,9980,9970,999,10969,65
2022-10-15,Los Angeles,037,10098052,3295046,3285385,183484,3468869,33525
2022-10-15,Madera,039,155013,44193,44078,8286,52364,375
2022-10-15,Marin,041,260295,45594,45378,5314,50692,315
2022-10-15,Mariposa,043,17540,3116,3091,344,3435,31
2022-10-15,Mendocino,045,87422,16121,16023,4522,20545,136
2022-10-15,Merced,047,269075,72910,72326,11909,84235,868
2022-10-15,Modoc,049,8938,882,882,324,1206,11
2022-10-15,Mono,051,14174,3214,3206,260,3466,7
2022-10-15,Monterey,053,433212,94419,94183,21175,115358,768
2022-10-15,Napa,055,140530,32364,32326,1412,33738,161
2022-10-15,Nevada,057,99092,19107,19023,1865,20888,132
2022-10-15,Orange,059,3164182,670779,668814,64186,733000,7473
2022-10-15,Placer,061,380077,76260,75902,9600,85502,660
2022-10-15,Plumas,063,18699,3700,3682,439,4121,13
2022-10-15,Riverside,065,2383286,697891,696402,35559,731961,6561
2022-10-15,Sacramento,067,1510023,348694,347495,34431,381926,3324
2022-10-15,San Benito,069,59416,16383,16223,974,17197,107
2022-10-15,San Bernardino,071,2135413,673579,672221,31089,703310,8148
2022-10-15,San Diego,073,3302833,928057,926574,72613,999187,5507
2022-10-15,San Francisco,075,870044,180664,179482,12164,191646,1048
2022-10-15,San Joaquin,077,732212,198658,197672,15030,212702,2322
2022-10-15,San Luis Obispo,079,281455,63540,63321,7215,70536,524
2022-10-15,San Mateo,081,765935,170143,168944,10511,179455,732
2022-10-15,Santa Barbara,083,443738,106262,105931,6902,112833,726
2022-10-15,Santa Clara,085,1922200,439143,433458,19225,452683,2513
2022-10-15,Santa Cruz,087,273765,63679,63316,3497,66813,273
2022-10-15,Shasta,089,179085,35118,34971,7544,42515,595
2022-10-15,Sierra,091,2930,306,305,60,365,5
2022-10-15,Siskiyou,093,43540,5165,5287,3325,8612,92
2022-10-15,Solano,095,438530,105894,105287,7953,113240,465
2022-10-15,Sonoma,097,501317,107514,107199,5311,112510,520
2022-10-15,Stanislaus,099,539301,138449,137994,21657,159651,1782
2022-10-15,Sutter,101,95872,24391,24357,2463,26820,233
2022-10-15,Tehama,103,63373,13678,13624,3093,16717,209
2022-10-15,Trinity,105,12862,1400,1396,408,1804,20
2022-10-15,Tulare,107,460477,122232,121902,36547,158449,1538
2022-10-15,Tuolumne,109,53932,15652,15586,925,16511,196
2022-10-15,Ventura,111,848112,209648,209051,15829,224880,1571
2022-10-15,Yolo,113,214977,47663,47498,4357,51855,343
2022-10-15,Yuba,115,75493,18975,18934,1733,20667,129
2022-10-14,Alameda,001,1643700,350125,348487,19851,368338,2027
2022-10-14,Alpine,002,1148,136,135,1,136,0
2022-10-14,Amador,005,37829,10028,10013,930,10943,93
2022-10-14,Butte,007,227075,39657,39567,9187,48754,456
2022-10-14,Calaveras,009,45235,8542,8523,566,9089,133
2022-10-14,Colusa,011,21464,3806,3805,1285,5090,22
2022-10-14,Contra Costa,013,1133247,253100,250897,20870,271767,1440
2022-10-14,Del Norte,015,27424,7461,7440,400,7840,56
2022-10-14,El Dorado,017,186661,32459,32373,4288,36661,231
2022-10-14,Fresno,019,978130,279127,275035,31680,306715,2873
2022-10-14,Glenn,021,27897,5539,5532,1869,7401,48
2022-10-14,Humboldt,023,135768,22025,21914,5078,26992,159
2022-10-14,Imperial,025,180216,65847,65691,15960,81651,958
2022-10-14,Inyo,027,18085,4503,4492,1014,5506,60
2022-10-14,Kern,029,883053,219909,219487,64453,283940,2420
2022-10-14,Kings,031,150075,59633,59560,4122,63682,459
2022-10-14,Lake,033,64148,12877,12815,1188,14003,146
2022-10-14,Lassen,035,31185,9980,9970,999,10969,65
2022-10-14,Los Angeles,037,10098052,3294543,3285385,183388,3468773,33525
2022-10-14,Madera,039,155013,44188,44078,8280,52358,375
2022-10-14,Marin,041,260295,45583,45378,5313,50691,315
2022-10-14,Mariposa,043,17540,3116,3091,344,3435,31
2022-10-14,Mendocino,045,87422,16115,16023,4521,20544,136
2022-10-14,Merced,047,269075,72897,72326,11908,84234,868
2022-10-14,Modoc,049,8938,882,882,324,1206,11
2022-10-14,Mono,051,14174,3214,3206,260,3466,7
2022-10-14,Monterey,053,433212,94399,94183,21171,115354,768
2022-10-14,Napa,055,140530,32356,32326,1412,33738,161
2022-10-14,Nevada,057,99092,19100,19023,1863,20886,132
2022-10-14,Orange,059,3164182,670675,668814,64152,732966,7473
2022-10-14,Placer,061,380077,76244,75902,9596,85498,660
2022-10-14,Plumas,063,18699,3699,3682,439,4121,13
2022-10-14,Riverside,065,2383286,697798,696402,35549,731951,6561
2022-10-14,Sacramento,067,1510023,348622,347495,34427,381922,3324
2022-10-14,San Benito,069,59416,16379,16223,974,17197,107
2022-10-14,San Bernardino,071,2135413,673505,672221,31076,703297,8148
2022-10-14,San Diego,073,3302833,927845,926574,72591,999165,5507
2022-10-14,San Francisco,075,870044,180615,179482,12160,191642,1048
2022-10-14,San Joaquin,077,732212,198625,197672,15026,212698,2322
2022-10-14,San Luis Obispo,079,281455,63530,63321,7213,70534,524
2022-10-14,San Mateo,081,765935,170093,168944,10511,179455,732
2022-10-14,Santa Barbara,083,443738,106247,105931,6902,112833,726
2022-10-14,Santa Clara,085,1922200,439007,433458,19217,452675,2513
2022-10-14,Santa Cruz,087,273765,63647,63316,3496,66812,273
2022-10-14,Shasta,089,179085,35113,34971,7544,42515,595
2022-10-14,Sierra,091,2930,306,305,60,365,5
2022-10-14,Siskiyou,093,43540,5164,5287,3325,8612,92
2022-10-14,Solano,095,438530,105862,105287,7951,113238,465
2022-10-14,Sonoma,097,501317,107494,107199,5310,112509,520
2022-10-14,Stanislaus,099,539301,138425,137994,21652,159646,1782
2022-10-14,Sutter,101,95872,24384,24357,2463,26820,233
2022-10-14,Tehama,103,63373,13674,13624,3092,16716,209
2022-10-14,Trinity,105,12862,1400,1396,408,1804,20
2022-10-14,Tulare,107,460477,122215,121902,36542,158444,1538
2022-10-14,Tuolumne,109,53932,15648,15586,925,16511,196
2022-10-14,Ventura,111,848112,209598,209051,15828,224879,1571
2022-10-14,Yolo,113,214977,47653,47498,4352,51850,343
2022-10-14,Yuba,115,75493,18969,18934,1733,20667,129
2022-10-13,Alameda,001,1643700,349985,348487,19835,368322,2027
2022-10-13,Alpine,002,1148,136,135,1,136,0
2022-10-13,Amador,005,37829,10026,10013,930,10943,93
2022-10-13,Butte,007,227075,39647,39567,9182,48749,456
2022-10-13,Calaveras,009,45235,8540,8523,566,9089,133
2022-10-13,Colusa,011,21464,3806,3805,1285,5090,22
2022-10-13,Contra Costa,013,1133247,253015,250897,20861,271758,1440
2022-10-13,Del Norte,015,27424,7459,7440,400,7840,56
2022-10-13,El Dorado,017,186661,32446,32373,4285,36658,231
2022-10-13,Fresno,019,978130,279084,275035,31672,306707,2873
2022-10-13,Glenn,021,27897,5539,5532,1869,7401,48
2022-10-13,Humboldt,023,135768,22014,21914,5071,26985,159
2022-10-13,Imperial,025,180216,65833,65691,15948,81639,958
2022-10-13,Inyo,027,18085,4502,4492,1014,5506,60
2022-10-13,Kern,029,883053,219877,219487,64415,283902,2420
2022-10-13,Kings,031,150075,59623,59560,4122,63682,459
2022-10-13,Lake,033,64148,12874,12815,1188,14003,146
2022-10-13,Lassen,035,31185,9979,9970,999,10969,65
2022-10-13,Los Angeles,037,10098052,3293807,3285385,183256,3468641,33525
2022-10-13,Madera,039,155013,44180,44078,8277,52355,375
2022-10-13,Marin,041,260295,45554,45378,5309,50687,315
2022-10-13,Mariposa,043,17540,3115,3091,344,3435,31
2022-10-13,Mendocino,045,87422,16109,16023,4521,20544,136
2022-10-13,Merced,047,269075,72881,72326,11904,84230,868
2022-10-13,Modoc,049,8938,882,882,324,1206,11
2022-10-13,Mono,051,14174,3213,3206,259,3465,7
2022-10-13,Monterey,053,433212,94385,94183,21160,115343,768
2022-10-13,Napa,055,140530,32342,32326,1411,33737,161
2022-10-13,Nevada,057,99092,19089,19023,1861,20884,132
2022-10-13,Orange,059,3164182,670523,668814,64103,732917,7473
2022-10-13,Placer,061,380077,76227,75902,9592,85494,660
2022-10-13,Plumas,063,18699,3697,3682,439,4121,13
2022-10-13,Riverside,065,2383286,697674,696402,35533,731935,6561
2022-10-13,Sacramento,067,1510023,348492,347495,34414,381909,3324
2022-10-13,San Benito,069,59416,16378,16223,974,17197,107
2022-10-13,San Bernardino,071,2135413,673409,672221,31070,703291,8148
2022-10-13,San Diego,073,3302833,927641,926574,72567,999141,5507
2022-10-13,San Francisco,075,870044,180523,179482,12157,191639,1048
2022-10-13,San Joaquin,077,732212,198581,197672,15019,212691,2322
2022-10-13,San Luis Obispo,079,281455,63522,63321,7203,70524,524
2022-10-13,San Mateo,081,765935,170000,168944,10510,179454,732
2022-10-13,Santa Barbara,083,443738,106225,105931,6898,112829,726
2022-10-13,Santa Clara,085,1922200,438862,433458,19213,452671,2513
2022-10-13,Santa Cruz,087,273765,63622,63316,3494,66810,273
2022-10-13,Shasta,089,179085,35101,34971,7539,42510,595
2022-10-13,Sierra,091,2930,306,305,60,365,5
2022-10-13,Siskiyou,093,43540,5161,5287,3322,8609,92
2022-10-13,Solano,095,438530,105824,105287,7945,113232,465
2022-10-13,Sonoma,097,501317,107457,107199,5310,112509,520
2022-10-13,Stanislaus,099,539301,138394,137994,21652,159646,1782
2022-10-13,Sutter,101,95872,24379,24357,2463,26820,233
2022-10-13,Tehama,103,63373,13671,13624,3091,16715,209
2022-10-13,Trinity,105,12862,1400,1396,407,1803,20
2022-10-13,Tulare,107,460477,122200,121902,36529,158431,1538
2022-10-13,Tuolumne,109,53932,15641,15586,925,16511,196
2022-10-13,Ventura,111,848112,209550,209051,15822,224873,1571
2022-10-13,Yolo,113,214977,47635,47498,4346,51844,343
2022-10-13,Yuba,115,75493,18963,18934,1733,20667,129
2022-10-12,Alameda,001,1643700,349861,348487,19820,368307,2027
2022-10-12,Alpine,002,1148,135,135,1,136,0
2022-10-12,Amador,005,37829,10024,10013,930,10943,93
2022-10-12,Butte,007,227075,39638,39567,9181,48748,456
2022-10-12,Calaveras,009,45235,8535,8523,566,9089,133
2022-10-12,Colusa,011,21464,3806,3805,1285,5090,22
2022-10-12,Contra Costa,013,1133247,252921,250897,20851,271748,1440
2022-10-12,Del Norte,015,27424,7459,7440,400,7840,56
2022-10-12,El Dorado,017,186661,32436,32373,4284,36657,231
2022-10-12,Fresno,019,978130,279040,275035,31663,306698,2873
2022-10-12,Glenn,021,27897,5538,5532,1869,7401,48
2022-10-12,Humboldt,023,135768,22009,21914,5067,26981,159
2022-10-12,Imperial,025,180216,65812,65691,15939,81630,958
2022-10-12,Inyo,027,18085,4501,4492,1013,5505,60
2022-10-12,Kern,029,883053,219838,219487,64381,283868,2420
2022-10-12,Kings,031,150075,59618,59560,4119,63679,459
2022-10-12,Lake,033,64148,12866,12815,1188,14003,146
2022-10-12,Lassen,035,31185,9976,9970,999,10969,65
2022-10-12,Los Angeles,037,10098052,3293055,3285385,183114,3468499,33525
2022-10-12,Madera,039,155013,44170,44078,8275,52353,375
2022-10-12,Marin,041,260295,45536,45378,5306,50684,315
2022-10-12,Mariposa,043,17540,3114,3091,344,3435,31
2022-10-12,Mendocino,045,87422,16107,16023,4519,20542,136
2022-10-12,Merced,047,269075,72858,72326,11900,84226,868
2022-10-12,Modoc,049,8938,882,882,324,1206,11
2022-10-12,Mono,051,14174,3212,3206,258,3464,7
2022-10-12,Monterey,053,433212,94367,94183,21150,115333,768
2022-10-12,Napa,055,140530,32331,32326,1411,33737,161
2022-10-12,Nevada,057,99092,19081,19023,1860,20883,132
2022-10-12,Orange,059,3164182,670357,668814,64055,732869,7473
2022-10-12,Placer,061,380077,76207,75902,9588,85490,660
2022-10-12,Plumas,063,18699,3695,3682,438,4120,13
2022-10-12,Riverside,065,2383286,697550,696402,35511,731913,6561
2022-10-12,Sacramento,067,1510023,348386,347495,34393,381888,3324
2022-10-12,San Benito,069,59416,16373,16223,972,17195,107
2022-10-12,San Bernardino,071,2135413,673280,672221,31059,703280,8148
2022-10-12,San Diego,073,3302833,927387,926574,72532,999106,5507
2022-10-12,San Francisco,075,870044,180443,179482,12156,191638,1048
2022-10-12,San Joaquin,077,732212,198523,197672,15014,212686,2322
2022-10-12,San Luis Obispo,079,281455,63509,63321,7199,70520,524
2022-10-12,San Mateo,081,765935,169919,168944,10508,179452,732
2022-10-12,Santa Barbara,083,443738,106209,105931,6897,112828,726
2022-10-12,Santa Clara,085,1922200,438681,433458,19204,452662,2513
2022-10-12,Santa Cruz,087,273765,63585,63316,3494,66810,273
2022-10-12,Shasta,089,179085,35087,34971,7532,42503,595
2022-10-12,Sierra,091,2930,306,305,60,365,5
2022-10-12,Siskiyou,093,43540,5161,5287,3319,8606,92
2022-10-12,Solano,095,438530,105781,105287,7942,113229,465
2022-10-12,Sonoma,097,501317,107426,107199,5309,112508,520
2022-10-12,Stanislaus,099,539301,138348,137994,21647,159641,1782
2022-10-12,Sutter,101,95872,24373,24357,2463,26820,233
2022-10-12,Tehama,103,63373,13669,13624,3090,16714,209
2022-10-12,Trinity,105,12862,1400,1396,405,1801,20
2022-10-12,Tulare,107,460477,122176,121902,36508,158410,1538
2022-10-12,Tuolumne,109,53932,15637,15586,925,16511,196
2022-10-12,Ventura,111,848112,209498,209051,15820,224871,1571
2022-10-12,Yolo,113,214977,47615,47498,4342,51840,343
2022-10-12,Yuba,115,75493,18956,18934,1731,20665,129
2022-10-11,Alameda,001,1643700,349697,348487,19812,368299,2027
2022-10-11,Alpine,002,1148,135,135,1,136,0
2022-10-11,Amador,005,37829,10020,10013,930,10943,93
2022-10-11,Butte,007,227075,39623,39567,9181,48748,456
2022-10-11,Calaveras,009,45235,8531,8523,565,9088,133
2022-10-11,Colusa,011,21464,3805,3805,1285,5090,22
2022-10-11,Contra Costa,013,1133247,252807,250897,20846,271743,1440
2022-10-11,Del Norte,015,27424,7454,7440,400,7840,56
2022-10-11,El Dorado,017,186661,32417,32373,4284,36657,231
2022-10-11,Fresno,019,978130,278986,275035,31650,306685,2873
2022-10-11,Glenn,021,27897,5537,5532,1868,7400,48
2022-10-11,Humboldt,023,135768,22003,21914,5057,26971,159
2022-10-11,Imperial,025,180216,65799,65691,15921,81612,958
2022-10-11,Inyo,027,18085,4499,4492,1012,5504,60
2022-10-11,Kern,029,883053,219813,219487,64356,283843,2420
2022-10-11,Kings,031,150075,59604,59560,4114,63674,459
2022-10-11,Lake,033,64148,12862,12815,1186,14001,146
2022-10-11,Lassen,035,31185,9975,9970,999,10969,65
2022-10-11,Los Angeles,037,10098052,3292236,3285385,182984,3468369,33525
2022-10-11,Madera,039,155013,44163,44078,8274,52352,375
2022-10-11,Marin,041,260295,45519,45378,5302,50680,315
2022-10-11,Mariposa,043,17540,3113,3091,344,3435,31
2022-10-11,Mendocino,045,87422,16102,16023,4517,20540,136
2022-10-11,Merced,047,269075,72832,72326,11899,84225,868
2022-10-11,Modoc,049,8938,881,882,324,1206,11
2022-10-11,Mono,051,14174,3212,3206,257,3463,7
2022-10-11,Monterey,053,433212,94357,94183,21142,115325,768
2022-10-11,Napa,055,140530,32327,32326,1410,33736,161
2022-10-11,Nevada,057,99092,19070,19023,1858,20881,132
2022-10-11,Orange,059,3164182,670185,668814,64012,732826,7473
2022-10-11,Placer,061,380077,76177,75902,9586,85488,660
2022-10-11,Plumas,063,18699,3695,3682,437,4119,13
2022-10-11,Riverside,065,2383286,697419,696402,35501,731903,6561
2022-10-11,Sacramento,067,1510023,348226,347495,34375,381870,3324
2022-10-11,San Benito,069,59416,16367,16223,971,17194,107
2022-10-11,San Bernardino,071,2135413,673144,672221,31050,703271,8148
2022-10-11,San Diego,073,3302833,927108,926574,72497,999071,5507
2022-10-11,San Francisco,075,870044,180348,179482,12155,191637,1048
2022-10-11,San Joaquin,077,732212,198478,197672,15009,212681,2322
2022-10-11,San Luis Obispo,079,281455,63487,63321,7187,70508,524
2022-10-11,San Mateo,081,765935,169843,168944,10504,179448,732
2022-10-11,Santa Barbara,083,443738,106180,105931,6895,112826,726
2022-10-11,Santa Clara,085,1922200,438509,433458,19195,452653,2513
2022-10-11,Santa Cruz,087,273765,63543,63316,3492,66808,273
2022-10-11,Shasta,089,179085,35075,34971,7522,42493,595
2022-10-11,Sierra,091,2930,306,305,60,365,5
2022-10-11,Siskiyou,093,43540,5160,5287,3317,8604,92
2022-10-11,Solano,095,438530,105740,105287,7940,113227,465
2022-10-11,Sonoma,097,501317,107383,107199,5305,112504,520
2022-10-11,Stanislaus,099,539301,138316,137994,21643,159637,1782
2022-10-11,Sutter,101,95872,24369,24357,2463,26820,233
2022-10-11,Tehama,103,63373,13668,13624,3087,16711,209
2022-10-11,Trinity,105,12862,1400,1396,404,1800,20
2022-10-11,Tulare,107,460477,122151,121902,36496,158398,1538
2022-10-11,Tuolumne,109,53932,15631,15586,925,16511,196
2022-10-11,Ventura,111,848112,209445,209051,15814,224865,1571
2022-10-11,Yolo,113,214977,47608,47498,4336,51834,343
2022-10-11,Yuba,115,75493,18944,18934,1731,20665,129
2022-10-10,Alameda,001,1643700,349550,347497,19801,367298,2023
2022-10-10,Alpine,002,1148,135,135,1,136,0
2022-10-10,Amador,005,37829,10017,9999,930,10929,93
2022-10-10,Butte,007,227075,39612,39453,9179,48632,454
2022-10-10,Calaveras,009,45235,8531,8511,564,9075,133
2022-10-10,Colusa,011,21464,3804,3794,1285,5079,22
2022-10-10,Contra Costa,013,1133247,252689,250136,20832,270968,1430
2022-10-10,Del Norte,015,27424,7451,7433,399,7832,56
2022-10-10,El Dorado,017,186661,32402,32320,4282,36602,231
2022-10-10,Fresno,019,978130,278928,274628,31639,306267,2865
2022-10-10,Glenn,021,27897,5536,5510,1868,7378,48
2022-10-10,Humboldt,023,135768,21984,21831,5053,26884,159
2022-10-10,Imperial,025,180216,65781,65532,15904,81436,958
2022-10-10,Inyo,027,18085,4498,4489,1010,5499,59
2022-10-10,Kern,029,883053,219771,219191,64316,283507,2418
2022-10-10,Kings,031,150075,59595,59489,4112,63601,458
2022-10-10,Lake,033,64148,12858,12795,1186,13981,147
2022-10-10,Lassen,035,31185,9975,9967,998,10965,65
2022-10-10,Los Angeles,037,10098052,3291363,3278961,182832,3461793,33467
2022-10-10,Madera,039,155013,44151,44029,8270,52299,374
2022-10-10,Marin,041,260295,45501,45190,5298,50488,313
2022-10-10,Mariposa,043,17540,3111,3088,344,3432,31
2022-10-10,Mendocino,045,87422,16089,15992,4514,20506,136
2022-10-10,Merced,047,269075,72814,72236,11893,84129,865
2022-10-10,Modoc,049,8938,881,876,324,1200,11
2022-10-10,Mono,051,14174,3210,3205,257,3462,7
2022-10-10,Monterey,053,433212,94340,94111,21139,115250,766
2022-10-10,Napa,055,140530,32316,32258,1410,33668,160
2022-10-10,Nevada,057,99092,19066,18989,1857,20846,132
2022-10-10,Orange,059,3164182,669999,667297,63958,731255,7452
2022-10-10,Placer,061,380077,76152,75768,9581,85349,660
2022-10-10,Plumas,063,18699,3694,3669,436,4105,13
2022-10-10,Riverside,065,2383286,697265,695315,35489,730804,6567
2022-10-10,Sacramento,067,1510023,348106,346748,34335,381083,3310
2022-10-10,San Benito,069,59416,16363,16188,971,17159,106
2022-10-10,San Bernardino,071,2135413,672990,670906,31040,701946,8116
2022-10-10,San Diego,073,3302833,926846,924672,72457,997129,5498
2022-10-10,San Francisco,075,870044,180260,178943,12151,191094,1045
2022-10-10,San Joaquin,077,732212,198418,197390,15004,212394,2319
2022-10-10,San Luis Obispo,079,281455,63464,63219,7182,70401,524
2022-10-10,San Mateo,081,765935,169756,168413,10501,178914,737
2022-10-10,Santa Barbara,083,443738,106135,105695,6894,112589,725
2022-10-10,Santa Clara,085,1922200,438307,432327,19176,451503,2506
2022-10-10,Santa Cruz,087,273765,63509,63099,3491,66590,273
2022-10-10,Shasta,089,179085,35059,34904,7516,42420,593
2022-10-10,Sierra,091,2930,306,305,60,365,5
2022-10-10,Siskiyou,093,43540,5157,5272,3316,8588,92
2022-10-10,Solano,095,438530,105694,105042,7934,112976,465
2022-10-10,Sonoma,097,501317,107347,106940,5301,112241,520
2022-10-10,Stanislaus,099,539301,138274,137838,21639,159477,1781
2022-10-10,Sutter,101,95872,24360,24326,2463,26789,232
2022-10-10,Tehama,103,63373,13664,13603,3087,16690,210
2022-10-10,Trinity,105,12862,1400,1394,400,1794,20
2022-10-10,Tulare,107,460477,122133,121787,36478,158265,1531
2022-10-10,Tuolumne,109,53932,15625,15558,925,16483,196
2022-10-10,Ventura,111,848112,209373,208632,15807,224439,1567
2022-10-10,Yolo,113,214977,47585,47422,4335,51757,341
2022-10-10,Yuba,115,75493,18938,18914,1731,20645,129
2022-10-09,Alameda,001,1643700,349398,347497,19779,367276,2023
2022-10-09,Alpine,002,1148,135,135,1,136,0
2022-10-09,Amador,005,37829,10015,9999,930,10929,93
2022-10-09,Butte,007,227075,39604,39453,9178,48631,454
2022-10-09,Calaveras,009,45235,8528,8511,564,9075,133
2022-10-09,Colusa,011,21464,3804,3794,1285,5079,22
2022-10-09,Contra Costa,013,1133247,252577,250136,20819,270955,1430
2022-10-09,Del Norte,015,27424,7450,7433,399,7832,56
2022-10-09,El Dorado,017,186661,32390,32320,4282,36602,231
2022-10-09,Fresno,019,978130,278837,274628,31628,306256,2865
2022-10-09,Glenn,021,27897,5533,5510,1867,7377,48
2022-10-09,Humboldt,023,135768,21971,21831,5047,26878,159
2022-10-09,Imperial,025,180216,65749,65532,15884,81416,958
2022-10-09,Inyo,027,18085,4498,4489,1008,5497,59
2022-10-09,Kern,029,883053,219736,219191,64251,283442,2418
2022-10-09,Kings,031,150075,59578,59489,4111,63600,458
2022-10-09,Lake,033,64148,12851,12795,1186,13981,147
2022-10-09,Lassen,035,31185,9975,9967,998,10965,65
2022-10-09,Los Angeles,037,10098052,3290380,3278961,182665,3461626,33467
2022-10-09,Madera,039,155013,44141,44029,8268,52297,374
2022-10-09,Marin,041,260295,45468,45190,5292,50482,313
2022-10-09,Mariposa,043,17540,3109,3088,344,3432,31
2022-10-09,Mendocino,045,87422,16083,15992,4514,20506,136
2022-10-09,Merced,047,269075,72796,72236,11888,84124,865
2022-10-09,Modoc,049,8938,881,876,324,1200,11
2022-10-09,Mono,051,14174,3210,3205,257,3462,7
2022-10-09,Monterey,053,433212,94324,94111,21129,115240,766
2022-10-09,Napa,055,140530,32302,32258,1409,33667,160
2022-10-09,Nevada,057,99092,19059,18989,1855,20844,132
2022-10-09,Orange,059,3164182,669779,667297,63884,731181,7452
2022-10-09,Placer,061,380077,76134,75768,9578,85346,660
2022-10-09,Plumas,063,18699,3692,3669,436,4105,13
2022-10-09,Riverside,065,2383286,697070,695315,35477,730792,6567
2022-10-09,Sacramento,067,1510023,347945,346748,34316,381064,3310
2022-10-09,San Benito,069,59416,16361,16188,971,17159,106
2022-10-09,San Bernardino,071,2135413,672835,670906,31031,701937,8116
2022-10-09,San Diego,073,3302833,926566,924672,72423,997095,5498
2022-10-09,San Francisco,075,870044,180162,178943,12148,191091,1045
2022-10-09,San Joaquin,077,732212,198339,197390,14999,212389,2319
2022-10-09,San Luis Obispo,079,281455,63457,63219,7175,70394,524
2022-10-09,San Mateo,081,765935,169649,168413,10498,178911,737
2022-10-09,Santa Barbara,083,443738,106101,105695,6890,112585,725
2022-10-09,Santa Clara,085,1922200,438095,432327,19161,451488,2506
2022-10-09,Santa Cruz,087,273765,63444,63099,3489,66588,273
2022-10-09,Shasta,089,179085,35035,34904,7509,42413,593
2022-10-09,Sierra,091,2930,306,305,60,365,5
2022-10-09,Siskiyou,093,43540,5157,5272,3315,8587,92
2022-10-09,Solano,095,438530,105639,105042,7932,112974,465
2022-10-09,Sonoma,097,501317,107300,106940,5300,112240,520
2022-10-09,Stanislaus,099,539301,138248,137838,21631,159469,1781
2022-10-09,Sutter,101,95872,24349,24326,2462,26788,232
2022-10-09,Tehama,103,63373,13662,13603,3087,16690,210
2022-10-09,Trinity,105,12862,1400,1394,400,1794,20
2022-10-09,Tulare,107,460477,122109,121787,36458,158245,1531
2022-10-09,Tuolumne,109,53932,15618,15558,925,16483,196
2022-10-09,Ventura,111,848112,209326,208632,15802,224434,1567
2022-10-09,Yolo,113,214977,47562,47422,4332,51754,341
2022-10-09,Yuba,115,75493,18935,18914,1731,20645,129
2022-10-08,Alameda,001,1643700,349311,347497,19772,367269,2023
2022-10-08,Alpine,002,1148,135,135,1,136,0
2022-10-08,Amador,005,37829,10014,9999,929,10928,93
2022-10-08,Butte,007,227075,39599,39453,9172,48625,454
2022-10-08,Calaveras,009,45235,8526,8511,564,9075,133
2022-10-08,Colusa,011,21464,3804,3794,1285,5079,22
2022-10-08,Contra Costa,013,1133247,252497,250136,20816,270952,1430
2022-10-08,Del Norte,015,27424,7450,7433,399,7832,56
2022-10-08,El Dorado,017,186661,32381,32320,4281,36601,231
2022-10-08,Fresno,019,978130,278807,274628,31625,306253,2865
2022-10-08,Glenn,021,27897,5532,5510,1867,7377,48
2022-10-08,Humboldt,023,135768,21960,21831,5041,26872,159
2022-10-08,Imperial,025,180216,65724,65532,15878,81410,958
2022-10-08,Inyo,027,18085,4498,4489,1006,5495,59
2022-10-08,Kern,029,883053,219701,219191,64230,283421,2418
2022-10-08,Kings,031,150075,59574,59489,4111,63600,458
2022-10-08,Lake,033,64148,12848,12795,1186,13981,147
2022-10-08,Lassen,035,31185,9975,9967,998,10965,65
2022-10-08,Los Angeles,037,10098052,3289821,3278961,182574,3461535,33467
2022-10-08,Madera,039,155013,44136,44029,8268,52297,374
2022-10-08,Marin,041,260295,45448,45190,5286,50476,313
2022-10-08,Mariposa,043,17540,3109,3088,344,3432,31
2022-10-08,Mendocino,045,87422,16082,15992,4511,20503,136
2022-10-08,Merced,047,269075,72786,72236,11887,84123,865
2022-10-08,Modoc,049,8938,879,876,324,1200,11
2022-10-08,Mono,051,14174,3210,3205,257,3462,7
2022-10-08,Monterey,053,433212,94314,94111,21127,115238,766
2022-10-08,Napa,055,140530,32295,32258,1409,33667,160
2022-10-08,Nevada,057,99092,19057,18989,1854,20843,132
2022-10-08,Orange,059,3164182,669665,667297,63840,731137,7452
2022-10-08,Placer,061,380077,76105,75768,9575,85343,660
2022-10-08,Plumas,063,18699,3691,3669,436,4105,13
2022-10-08,Riverside,065,2383286,696973,695315,35463,730778,6567
2022-10-08,Sacramento,067,1510023,347885,346748,34314,381062,3310
2022-10-08,San Benito,069,59416,16358,16188,971,17159,106
2022-10-08,San Bernardino,071,2135413,672758,670906,31023,701929,8116
2022-10-08,San Diego,073,3302833,926433,924672,72408,997080,5498
2022-10-08,San Francisco,075,870044,180114,178943,12144,191087,1045
2022-10-08,San Joaquin,077,732212,198304,197390,14994,212384,2319
2022-10-08,San Luis Obispo,079,281455,63451,63219,7174,70393,524
2022-10-08,San Mateo,081,765935,169599,168413,10495,178908,737
2022-10-08,Santa Barbara,083,443738,106077,105695,6888,112583,725
2022-10-08,Santa Clara,085,1922200,437980,432327,19150,451477,2506
2022-10-08,Santa Cruz,087,273765,63422,63099,3489,66588,273
2022-10-08,Shasta,089,179085,35029,34904,7504,42408,593
2022-10-08,Sierra,091,2930,306,305,60,365,5
2022-10-08,Siskiyou,093,43540,5157,5272,3314,8586,92
2022-10-08,Solano,095,438530,105618,105042,7926,112968,465
2022-10-08,Sonoma,097,501317,107270,106940,5300,112240,520
2022-10-08,Stanislaus,099,539301,138231,137838,21628,159466,1781
2022-10-08,Sutter,101,95872,24346,24326,2462,26788,232
2022-10-08,Tehama,103,63373,13661,13603,3086,16689,210
2022-10-08,Trinity,105,12862,1400,1394,400,1794,20
2022-10-08,Tulare,107,460477,122085,121787,36452,158239,1531
2022-10-08,Tuolumne,109,53932,15613,15558,925,16483,196
2022-10-08,Ventura,111,848112,209292,208632,15798,224430,1567
2022-10-08,Yolo,113,214977,47552,47422,4331,51753,341
2022-10-08,Yuba,115,75493,18932,18914,1731,20645,129
2022-10-07,Alameda,001,1643700,349194,347497,19769,367266,2023
2022-10-07,Alpine,002,1148,135,135,1,136,0
2022-10-07,Amador,005,37829,10012,9999,929,10928,93
2022-10-07,Butte,007,227075,39598,39453,9170,48623,454
2022-10-07,Calaveras,009,45235,8525,8511,564,9075,133
2022-10-07,Colusa,011,21464,3804,3794,1284,5078,22
2022-10-07,Contra Costa,013,1133247,252415,250136,20815,270951,1430
2022-10-07,Del Norte,015,27424,7450,7433,398,7831,56
2022-10-07,El Dorado,017,186661,32372,32320,4279,36599,231
2022-10-07,Fresno,019,978130,278777,274628,31622,306250,2865
2022-10-07,Glenn,021,27897,5531,5510,1866,7376,48
2022-10-07,Humboldt,023,135768,21953,21831,5034,26865,159
2022-10-07,Imperial,025,180216,65712,65532,15872,81404,958
2022-10-07,Inyo,027,18085,4496,4489,1004,5493,59
2022-10-07,Kern,029,883053,219671,219191,64203,283394,2418
2022-10-07,Kings,031,150075,59566,59489,4111,63600,458
2022-10-07,Lake,033,64148,12844,12795,1186,13981,147
2022-10-07,Lassen,035,31185,9975,9967,998,10965,65
2022-10-07,Los Angeles,037,10098052,3289213,3278961,182469,3461430,33467
2022-10-07,Madera,039,155013,44132,44029,8266,52295,374
2022-10-07,Marin,041,260295,45429,45190,5284,50474,313
2022-10-07,Mariposa,043,17540,3106,3088,344,3432,31
2022-10-07,Mendocino,045,87422,16078,15992,4510,20502,136
2022-10-07,Merced,047,269075,72779,72236,11885,84121,865
2022-10-07,Modoc,049,8938,879,876,324,1200,11
2022-10-07,Mono,051,14174,3209,3205,257,3462,7
2022-10-07,Monterey,053,433212,94299,94111,21123,115234,766
2022-10-07,Napa,055,140530,32287,32258,1409,33667,160
2022-10-07,Nevada,057,99092,19055,18989,1850,20839,132
2022-10-07,Orange,059,3164182,669545,667297,63805,731102,7452
2022-10-07,Placer,061,380077,76086,75768,9571,85339,660
2022-10-07,Plumas,063,18699,3688,3669,436,4105,13
2022-10-07,Riverside,065,2383286,696884,695315,35451,730766,6567
2022-10-07,Sacramento,067,1510023,347800,346748,34305,381053,3310
2022-10-07,San Benito,069,59416,16356,16188,971,17159,106
2022-10-07,San Bernardino,071,2135413,672676,670906,31018,701924,8116
2022-10-07,San Diego,073,3302833,926261,924672,72390,997062,5498
2022-10-07,San Francisco,075,870044,180053,178943,12137,191080,1045
2022-10-07,San Joaquin,077,732212,198270,197390,14993,212383,2319
2022-10-07,San Luis Obispo,079,281455,63439,63219,7173,70392,524
2022-10-07,San Mateo,081,765935,169529,168413,10494,178907,737
2022-10-07,Santa Barbara,083,443738,106052,105695,6887,112582,725
2022-10-07,Santa Clara,085,1922200,437849,432327,19143,451470,2506
2022-10-07,Santa Cruz,087,273765,63390,63099,3488,66587,273
2022-10-07,Shasta,089,179085,35023,34904,7501,42405,593
2022-10-07,Sierra,091,2930,306,305,60,365,5
2022-10-07,Siskiyou,093,43540,5156,5272,3313,8585,92
2022-10-07,Solano,095,438530,105589,105042,7922,112964,465
2022-10-07,Sonoma,097,501317,107243,106940,5299,112239,520
2022-10-07,Stanislaus,099,539301,138213,137838,21627,159465,1781
2022-10-07,Sutter,101,95872,24339,24326,2462,26788,232
2022-10-07,Tehama,103,63373,13661,13603,3084,16687,210
2022-10-07,Trinity,105,12862,1399,1394,400,1794,20
2022-10-07,Tulare,107,460477,122068,121787,36439,158226,1531
2022-10-07,Tuolumne,109,53932,15609,15558,925,16483,196
2022-10-07,Ventura,111,848112,209250,208632,15793,224425,1567
2022-10-07,Yolo,113,214977,47545,47422,4327,51749,341
2022-10-07,Yuba,115,75493,18932,18914,1731,20645,129
2022-10-06,Alameda,001,1643700,349056,347497,19758,367255,2023
2022-10-06,Alpine,002,1148,135,135,1,136,0
2022-10-06,Amador,005,37829,10010,9999,929,10928,93
2022-10-06,Butte,007,227075,39589,39453,9165,48618,454
2022-10-06,Calaveras,009,45235,8523,8511,563,9074,133
2022-10-06,Colusa,011,21464,3804,3794,1284,5078,22
2022-10-06,Contra Costa,013,1133247,252321,250136,20811,270947,1430
2022-10-06,Del Norte,015,27424,7448,7433,398,7831,56
2022-10-06,El Dorado,017,186661,32362,32320,4277,36597,231
2022-10-06,Fresno,019,978130,278728,274628,31616,306244,2865
2022-10-06,Glenn,021,27897,5530,5510,1865,7375,48
2022-10-06,Humboldt,023,135768,21941,21831,5026,26857,159
2022-10-06,Imperial,025,180216,65688,65532,15864,81396,958
2022-10-06,Inyo,027,18085,4496,4489,1003,5492,59
2022-10-06,Kern,029,883053,219640,219191,64177,283368,2418
2022-10-06,Kings,031,150075,59552,59489,4109,63598,458
2022-10-06,Lake,033,64148,12843,12795,1186,13981,147
2022-10-06,Lassen,035,31185,9975,9967,998,10965,65
2022-10-06,Los Angeles,037,10098052,3288373,3278961,182321,3461282,33467
2022-10-06,Madera,039,155013,44123,44029,8266,52295,374
2022-10-06,Marin,041,260295,45411,45190,5282,50472,313
2022-10-06,Mariposa,043,17540,3106,3088,344,3432,31
2022-10-06,Mendocino,045,87422,16076,15992,4509,20501,136
2022-10-06,Merced,047,269075,72767,72236,11884,84120,865
2022-10-06,Modoc,049,8938,878,876,324,1200,11
2022-10-06,Mono,051,14174,3209,3205,257,3462,7
2022-10-06,Monterey,053,433212,94290,94111,21114,115225,766
2022-10-06,Napa,055,140530,32280,32258,1409,33667,160
2022-10-06,Nevada,057,99092,19049,18989,1849,20838,132
2022-10-06,Orange,059,3164182,669352,667297,63752,731049,7452
2022-10-06,Placer,061,380077,76061,75768,9569,85337,660
2022-10-06,Plumas,063,18699,3686,3669,436,4105,13
2022-10-06,Riverside,065,2383286,696753,695315,35441,730756,6567
2022-10-06,Sacramento,067,1510023,347684,346748,34289,381037,3310
2022-10-06,San Benito,069,59416,16353,16188,970,17158,106
2022-10-06,San Bernardino,071,2135413,672540,670906,31007,701913,8116
2022-10-06,San Diego,073,3302833,926013,924672,72341,997013,5498
2022-10-06,San Francisco,075,870044,179974,178943,12135,191078,1045
2022-10-06,San Joaquin,077,732212,198220,197390,14986,212376,2319
2022-10-06,San Luis Obispo,079,281455,63421,63219,7169,70388,524
2022-10-06,San Mateo,081,765935,169462,168413,10492,178905,737
2022-10-06,Santa Barbara,083,443738,106027,105695,6885,112580,725
2022-10-06,Santa Clara,085,1922200,437686,432327,19135,451462,2506
2022-10-06,Santa Cruz,087,273765,63351,63099,3485,66584,273
2022-10-06,Shasta,089,179085,35012,34904,7495,42399,593
2022-10-06,Sierra,091,2930,306,305,60,365,5
2022-10-06,Siskiyou,093,43540,5154,5272,3313,8585,92
2022-10-06,Solano,095,438530,105558,105042,7918,112960,465
2022-10-06,Sonoma,097,501317,107218,106940,5298,112238,520
2022-10-06,Stanislaus,099,539301,138182,137838,21620,159458,1781
2022-10-06,Sutter,101,95872,24329,24326,2462,26788,232
2022-10-06,Tehama,103,63373,13655,13603,3083,16686,210
2022-10-06,Trinity,105,12862,1399,1394,398,1792,20
2022-10-06,Tulare,107,460477,122051,121787,36434,158221,1531
2022-10-06,Tuolumne,109,53932,15606,15558,924,16482,196
2022-10-06,Ventura,111,848112,209187,208632,15783,224415,1567
2022-10-06,Yolo,113,214977,47533,47422,4325,51747,341
2022-10-06,Yuba,115,75493,18931,18914,1731,20645,129
2022-10-05,Alameda,001,1643700,348896,347497,19751,367248,2023
2022-10-05,Alpine,002,1148,135,135,1,136,0
2022-10-05,Amador,005,37829,10008,9999,929,10928,93
2022-10-05,Butte,007,227075,39582,39453,9162,48615,454
2022-10-05,Calaveras,009,45235,8521,8511,563,9074,133
2022-10-05,Colusa,011,21464,3803,3794,1284,5078,22
2022-10-05,Contra Costa,013,1133247,252226,250136,20800,270936,1430
2022-10-05,Del Norte,015,27424,7445,7433,398,7831,56
2022-10-05,El Dorado,017,186661,32346,32320,4277,36597,231
2022-10-05,Fresno,019,978130,278657,274628,31610,306238,2865
2022-10-05,Glenn,021,27897,5530,5510,1864,7374,48
2022-10-05,Humboldt,023,135768,21927,21831,5021,26852,159
2022-10-05,Imperial,025,180216,65664,65532,15850,81382,958
2022-10-05,Inyo,027,18085,4496,4489,1000,5489,59
2022-10-05,Kern,029,883053,219593,219191,64134,283325,2418
2022-10-05,Kings,031,150075,59543,59489,4108,63597,458
2022-10-05,Lake,033,64148,12841,12795,1185,13980,147
2022-10-05,Lassen,035,31185,9975,9967,997,10964,65
2022-10-05,Los Angeles,037,10098052,3287542,3278961,182173,3461134,33467
2022-10-05,Madera,039,155013,44115,44029,8263,52292,374
2022-10-05,Marin,041,260295,45387,45190,5278,50468,313
2022-10-05,Mariposa,043,17540,3105,3088,344,3432,31
2022-10-05,Mendocino,045,87422,16074,15992,4504,20496,136
2022-10-05,Merced,047,269075,72755,72236,11881,84117,865
2022-10-05,Modoc,049,8938,878,876,324,1200,11
2022-10-05,Mono,051,14174,3209,3205,257,3462,7
2022-10-05,Monterey,053,433212,94276,94111,21109,115220,766
2022-10-05,Napa,055,140530,32271,32258,1409,33667,160
2022-10-05,Nevada,057,99092,19041,18989,1849,20838,132
2022-10-05,Orange,059,3164182,669174,667297,63696,730993,7452
2022-10-05,Placer,061,380077,76037,75768,9566,85334,660
2022-10-05,Plumas,063,18699,3683,3669,435,4104,13
2022-10-05,Riverside,065,2383286,696609,695315,35423,730738,6567
2022-10-05,Sacramento,067,1510023,347587,346748,34279,381027,3310
2022-10-05,San Benito,069,59416,16350,16188,970,17158,106
2022-10-05,San Bernardino,071,2135413,672380,670906,30997,701903,8116
2022-10-05,San Diego,073,3302833,925788,924672,72316,996988,5498
2022-10-05,San Francisco,075,870044,179873,178943,12129,191072,1045
2022-10-05,San Joaquin,077,732212,198175,197390,14976,212366,2319
2022-10-05,San Luis Obispo,079,281455,63416,63219,7164,70383,524
2022-10-05,San Mateo,081,765935,169384,168413,10491,178904,737
2022-10-05,Santa Barbara,083,443738,105999,105695,6882,112577,725
2022-10-05,Santa Clara,085,1922200,437507,432327,19128,451455,2506
2022-10-05,Santa Cruz,087,273765,63319,63099,3485,66584,273
2022-10-05,Shasta,089,179085,35005,34904,7488,42392,593
2022-10-05,Sierra,091,2930,306,305,60,365,5
2022-10-05,Siskiyou,093,43540,5149,5272,3311,8583,92
2022-10-05,Solano,095,438530,105522,105042,7914,112956,465
2022-10-05,Sonoma,097,501317,107183,106940,5298,112238,520
2022-10-05,Stanislaus,099,539301,138153,137838,21612,159450,1781
2022-10-05,Sutter,101,95872,24326,24326,2461,26787,232
2022-10-05,Tehama,103,63373,13651,13603,3082,16685,210
2022-10-05,Trinity,105,12862,1399,1394,398,1792,20
2022-10-05,Tulare,107,460477,122033,121787,36412,158199,1531
2022-10-05,Tuolumne,109,53932,15600,15558,924,16482,196
2022-10-05,Ventura,111,848112,209128,208632,15780,224412,1567
2022-10-05,Yolo,113,214977,47517,47422,4323,51745,341
2022-10-05,Yuba,115,75493,18926,18914,1728,20642,129
2022-10-04,Alameda,001,1643700,348754,347497,19737,367234,2023
2022-10-04,Alpine,002,1148,135,135,1,136,0
2022-10-04,Amador,005,37829,10006,9999,929,10928,93
2022-10-04,Butte,007,227075,39570,39453,9160,48613,454
2022-10-04,Calaveras,009,45235,8520,8511,561,9072,133
2022-10-04,Colusa,011,21464,3803,3794,1284,5078,22
2022-10-04,Contra Costa,013,1133247,252141,250136,20793,270929,1430
2022-10-04,Del Norte,015,27424,7443,7433,398,7831,56
2022-10-04,El Dorado,017,186661,32341,32320,4276,36596,231
2022-10-04,Fresno,019,978130,278594,274628,31604,306232,2865
2022-10-04,Glenn,021,27897,5529,5510,1864,7374,48
2022-10-04,Humboldt,023,135768,21914,21831,5020,26851,159
2022-10-04,Imperial,025,180216,65629,65532,15835,81367,958
2022-10-04,Inyo,027,18085,4495,4489,998,5487,59
2022-10-04,Kern,029,883053,219535,219191,64093,283284,2418
2022-10-04,Kings,031,150075,59528,59489,4107,63596,458
2022-10-04,Lake,033,64148,12836,12795,1185,13980,147
2022-10-04,Lassen,035,31185,9974,9967,996,10963,65
2022-10-04,Los Angeles,037,10098052,3286652,3278961,182008,3460969,33467
2022-10-04,Madera,039,155013,44101,44029,8261,52290,374
2022-10-04,Marin,041,260295,45356,45190,5278,50468,313
2022-10-04,Mariposa,043,17540,3105,3088,344,3432,31
2022-10-04,Mendocino,045,87422,16070,15992,4498,20490,136
2022-10-04,Merced,047,269075,72735,72236,11879,84115,865
2022-10-04,Modoc,049,8938,878,876,324,1200,11
2022-10-04,Mono,051,14174,3209,3205,256,3461,7
2022-10-04,Monterey,053,433212,94263,94111,21104,115215,766
2022-10-04,Napa,055,140530,32267,32258,1409,33667,160
2022-10-04,Nevada,057,99092,19038,18989,1849,20838,132
2022-10-04,Orange,059,3164182,668964,667297,63614,730911,7452
2022-10-04,Placer,061,380077,76004,75768,9562,85330,660
2022-10-04,Plumas,063,18699,3677,3669,434,4103,13
2022-10-04,Riverside,065,2383286,696451,695315,35407,730722,6567
2022-10-04,Sacramento,067,1510023,347468,346748,34251,380999,3310
2022-10-04,San Benito,069,59416,16337,16188,969,17157,106
2022-10-04,San Bernardino,071,2135413,672229,670906,30989,701895,8116
2022-10-04,San Diego,073,3302833,925455,924672,72266,996938,5498
2022-10-04,San Francisco,075,870044,179780,178943,12126,191069,1045
2022-10-04,San Joaquin,077,732212,198130,197390,14970,212360,2319
2022-10-04,San Luis Obispo,079,281455,63399,63219,7155,70374,524
2022-10-04,San Mateo,081,765935,169297,168413,10489,178902,737
2022-10-04,Santa Barbara,083,443738,105968,105695,6880,112575,725
2022-10-04,Santa Clara,085,1922200,437316,432327,19121,451448,2506
2022-10-04,Santa Cruz,087,273765,63283,63099,3483,66582,273
2022-10-04,Shasta,089,179085,34991,34904,7483,42387,593
2022-10-04,Sierra,091,2930,306,305,60,365,5
2022-10-04,Siskiyou,093,43540,5148,5272,3311,8583,92
2022-10-04,Solano,095,438530,105474,105042,7912,112954,465
2022-10-04,Sonoma,097,501317,107148,106940,5295,112235,520
2022-10-04,Stanislaus,099,539301,138126,137838,21610,159448,1781
2022-10-04,Sutter,101,95872,24316,24326,2460,26786,232
2022-10-04,Tehama,103,63373,13648,13603,3080,16683,210
2022-10-04,Trinity,105,12862,1399,1394,398,1792,20
2022-10-04,Tulare,107,460477,122008,121787,36402,158189,1531
2022-10-04,Tuolumne,109,53932,15599,15558,924,16482,196
2022-10-04,Ventura,111,848112,209061,208632,15775,224407,1567
2022-10-04,Yolo,113,214977,47500,47422,4320,51742,341
2022-10-04,Yuba,115,75493,18921,18914,1726,20640,129
2022-10-03,Alameda,001,1643700,348570,346369,19729,366098,2020
2022-10-03,Alpine,002,1148,135,134,1,135,0
2022-10-03,Amador,005,37829,10004,9987,929,10916,90
2022-10-03,Butte,007,227075,39555,39378,9156,48534,454
2022-10-03,Calaveras,009,45235,8519,8497,561,9058,133
2022-10-03,Colusa,011,21464,3803,3782,1283,5065,22
2022-10-03,Contra Costa,013,1133247,252025,249273,20788,270061,1426
2022-10-03,Del Norte,015,27424,7442,7421,398,7819,56
2022-10-03,El Dorado,017,186661,32333,32238,4274,36512,231
2022-10-03,Fresno,019,978130,278535,274028,31592,305620,2859
2022-10-03,Glenn,021,27897,5529,5509,1864,7373,48
2022-10-03,Humboldt,023,135768,21899,21744,5018,26762,157
2022-10-03,Imperial,025,180216,65610,65425,15820,81245,958
2022-10-03,Inyo,027,18085,4494,4483,995,5478,59
2022-10-03,Kern,029,883053,219481,218846,64042,282888,2417
2022-10-03,Kings,031,150075,59510,59394,4104,63498,459
2022-10-03,Lake,033,64148,12832,12761,1185,13946,147
2022-10-03,Lassen,035,31185,9972,9962,995,10957,65
2022-10-03,Los Angeles,037,10098052,3285624,3271661,181848,3453509,33336
2022-10-03,Madera,039,155013,44093,43953,8258,52211,374
2022-10-03,Marin,041,260295,45327,45002,5277,50279,310
2022-10-03,Mariposa,043,17540,3105,3079,343,3422,31
2022-10-03,Mendocino,045,87422,16063,15950,4492,20442,136
2022-10-03,Merced,047,269075,72721,72117,11876,83993,863
2022-10-03,Modoc,049,8938,876,873,324,1197,11
2022-10-03,Mono,051,14174,3209,3201,256,3457,7
2022-10-03,Monterey,053,433212,94248,93991,21089,115080,766
2022-10-03,Napa,055,140530,32252,32171,1409,33580,160
2022-10-03,Nevada,057,99092,19031,18923,1847,20770,132
2022-10-03,Orange,059,3164182,668742,665825,63545,729370,7435
2022-10-03,Placer,061,380077,75983,75573,9557,85130,661
2022-10-03,Plumas,063,18699,3676,3645,434,4079,13
2022-10-03,Riverside,065,2383286,696283,694250,35387,729637,6543
2022-10-03,Sacramento,067,1510023,347325,345905,34237,380142,3294
2022-10-03,San Benito,069,59416,16330,16152,969,17121,106
2022-10-03,San Bernardino,071,2135413,672051,668798,30970,699768,8106
2022-10-03,San Diego,073,3302833,925135,922323,72221,994544,5491
2022-10-03,San Francisco,075,870044,179669,178486,12119,190605,1043
2022-10-03,San Joaquin,077,732212,198066,197009,14965,211974,2319
2022-10-03,San Luis Obispo,079,281455,63383,63060,7149,70209,524
2022-10-03,San Mateo,081,765935,169216,167790,10487,178277,736
2022-10-03,Santa Barbara,083,443738,105927,105437,6878,112315,722
2022-10-03,Santa Clara,085,1922200,437097,430899,19108,450007,2494
2022-10-03,Santa Cruz,087,273765,63236,62866,3482,66348,273
2022-10-03,Shasta,089,179085,34984,34849,7478,42327,592
2022-10-03,Sierra,091,2930,306,304,60,364,5
2022-10-03,Siskiyou,093,43540,5148,5261,3308,8569,91
2022-10-03,Solano,095,438530,105416,104704,7910,112614,464
2022-10-03,Sonoma,097,501317,107106,106624,5289,111913,519
2022-10-03,Stanislaus,099,539301,138092,137589,21606,159195,1780
2022-10-03,Sutter,101,95872,24314,24265,2460,26725,232
2022-10-03,Tehama,103,63373,13645,13564,3080,16644,210
2022-10-03,Trinity,105,12862,1399,1392,397,1789,20
2022-10-03,Tulare,107,460477,121987,121589,36383,157972,1531
2022-10-03,Tuolumne,109,53932,15596,15516,924,16440,196
2022-10-03,Ventura,111,848112,208990,208124,15760,223884,1565
2022-10-03,Yolo,113,214977,47483,47279,4315,51594,341
2022-10-03,Yuba,115,75493,18918,18881,1721,20602,132
2022-10-02,Alameda,001,1643700,348366,346369,19717,366086,2020
2022-10-02,Alpine,002,1148,135,134,1,135,0
2022-10-02,Amador,005,37829,10004,9987,929,10916,90
2022-10-02,Butte,007,227075,39543,39378,9154,48532,454
2022-10-02,Calaveras,009,45235,8514,8497,560,9057,133
2022-10-02,Colusa,011,21464,3801,3782,1283,5065,22
2022-10-02,Contra Costa,013,1133247,251907,249273,20776,270049,1426
2022-10-02,Del Norte,015,27424,7439,7421,398,7819,56
2022-10-02,El Dorado,017,186661,32322,32238,4273,36511,231
2022-10-02,Fresno,019,978130,278459,274028,31579,305607,2859
2022-10-02,Glenn,021,27897,5526,5509,1864,7373,48
2022-10-02,Humboldt,023,135768,21882,21744,5009,26753,157
2022-10-02,Imperial,025,180216,65576,65425,15797,81222,958
2022-10-02,Inyo,027,18085,4494,4483,993,5476,59
2022-10-02,Kern,029,883053,219431,218846,63989,282835,2417
2022-10-02,Kings,031,150075,59495,59394,4103,63497,459
2022-10-02,Lake,033,64148,12826,12761,1185,13946,147
2022-10-02,Lassen,035,31185,9971,9962,993,10955,65
2022-10-02,Los Angeles,037,10098052,3284480,3271661,181688,3453349,33336
2022-10-02,Madera,039,155013,44085,43953,8255,52208,374
2022-10-02,Marin,041,260295,45294,45002,5272,50274,310
2022-10-02,Mariposa,043,17540,3105,3079,343,3422,31
2022-10-02,Mendocino,045,87422,16054,15950,4489,20439,136
2022-10-02,Merced,047,269075,72693,72117,11872,83989,863
2022-10-02,Modoc,049,8938,876,873,324,1197,11
2022-10-02,Mono,051,14174,3209,3201,256,3457,7
2022-10-02,Monterey,053,433212,94232,93991,21076,115067,766
2022-10-02,Napa,055,140530,32241,32171,1407,33578,160
2022-10-02,Nevada,057,99092,19025,18923,1847,20770,132
2022-10-02,Orange,059,3164182,668475,665825,63462,729287,7435
2022-10-02,Placer,061,380077,75955,75573,9554,85127,661
2022-10-02,Plumas,063,18699,3672,3645,433,4078,13
2022-10-02,Riverside,065,2383286,696091,694250,35368,729618,6543
2022-10-02,Sacramento,067,1510023,347150,345905,34204,380109,3294
2022-10-02,San Benito,069,59416,16325,16152,969,17121,106
2022-10-02,San Bernardino,071,2135413,671818,668798,30942,699740,8106
2022-10-02,San Diego,073,3302833,924765,922323,72172,994495,5491
2022-10-02,San Francisco,075,870044,179541,178486,12113,190599,1043
2022-10-02,San Joaquin,077,732212,197991,197009,14961,211970,2319
2022-10-02,San Luis Obispo,079,281455,63346,63060,7140,70200,524
2022-10-02,San Mateo,081,765935,169096,167790,10483,178273,736
2022-10-02,Santa Barbara,083,443738,105879,105437,6871,112308,722
2022-10-02,Santa Clara,085,1922200,436878,430899,19089,449988,2494
2022-10-02,Santa Cruz,087,273765,63196,62866,3475,66341,273
2022-10-02,Shasta,089,179085,34969,34849,7475,42324,592
2022-10-02,Sierra,091,2930,306,304,60,364,5
2022-10-02,Siskiyou,093,43540,5148,5261,3307,8568,91
2022-10-02,Solano,095,438530,105353,104704,7903,112607,464
2022-10-02,Sonoma,097,501317,107056,106624,5286,111910,519
2022-10-02,Stanislaus,099,539301,138058,137589,21602,159191,1780
2022-10-02,Sutter,101,95872,24304,24265,2460,26725,232
2022-10-02,Tehama,103,63373,13640,13564,3074,16638,210
2022-10-02,Trinity,105,12862,1399,1392,397,1789,20
2022-10-02,Tulare,107,460477,121961,121589,36364,157953,1531
2022-10-02,Tuolumne,109,53932,15591,15516,924,16440,196
2022-10-02,Ventura,111,848112,208909,208124,15741,223865,1565
2022-10-02,Yolo,113,214977,47471,47279,4310,51589,341
2022-10-02,Yuba,115,75493,18912,18881,1719,20600,132
2022-10-01,Alameda,001,1643700,348251,346369,19714,366083,2020
2022-10-01,Alpine,002,1148,135,134,1,135,0
2022-10-01,Amador,005,37829,10002,9987,929,10916,90
2022-10-01,Butte,007,227075,39532,39378,9147,48525,454
2022-10-01,Calaveras,009,45235,8514,8497,559,9056,133
2022-10-01,Colusa,011,21464,3801,3782,1281,5063,22
2022-10-01,Contra Costa,013,1133247,251833,249273,20773,270046,1426
2022-10-01,Del Norte,015,27424,7437,7421,398,7819,56
2022-10-01,El Dorado,017,186661,32315,32238,4273,36511,231
2022-10-01,Fresno,019,978130,278428,274028,31577,305605,2859
2022-10-01,Glenn,021,27897,5525,5509,1864,7373,48
2022-10-01,Humboldt,023,135768,21879,21744,5008,26752,157
2022-10-01,Imperial,025,180216,65559,65425,15787,81212,958
2022-10-01,Inyo,027,18085,4494,4483,993,5476,59
2022-10-01,Kern,029,883053,219414,218846,63958,282804,2417
2022-10-01,Kings,031,150075,59486,59394,4103,63497,459
2022-10-01,Lake,033,64148,12823,12761,1185,13946,147
2022-10-01,Lassen,035,31185,9969,9962,993,10955,65
2022-10-01,Los Angeles,037,10098052,3283853,3271661,181574,3453235,33336
2022-10-01,Madera,039,155013,44081,43953,8255,52208,374
2022-10-01,Marin,041,260295,45271,45002,5272,50274,310
2022-10-01,Mariposa,043,17540,3105,3079,343,3422,31
2022-10-01,Mendocino,045,87422,16047,15950,4485,20435,136
2022-10-01,Merced,047,269075,72683,72117,11870,83987,863
2022-10-01,Modoc,049,8938,876,873,324,1197,11
2022-10-01,Mono,051,14174,3209,3201,256,3457,7
2022-10-01,Monterey,053,433212,94219,93991,21069,115060,766
2022-10-01,Napa,055,140530,32236,32171,1407,33578,160
2022-10-01,Nevada,057,99092,19022,18923,1846,20769,132
2022-10-01,Orange,059,3164182,668333,665825,63414,729239,7435
2022-10-01,Placer,061,380077,75928,75573,9552,85125,661
2022-10-01,Plumas,063,18699,3671,3645,433,4078,13
2022-10-01,Riverside,065,2383286,695970,694250,35354,729604,6543
2022-10-01,Sacramento,067,1510023,347081,345905,34196,380101,3294
2022-10-01,San Benito,069,59416,16317,16152,966,17118,106
2022-10-01,San Bernardino,071,2135413,671718,668798,30930,699728,8106
2022-10-01,San Diego,073,3302833,924647,922323,72142,994465,5491
2022-10-01,San Francisco,075,870044,179486,178486,12107,190593,1043
2022-10-01,San Joaquin,077,732212,197960,197009,14955,211964,2319
2022-10-01,San Luis Obispo,079,281455,63336,63060,7137,70197,524
2022-10-01,San Mateo,081,765935,169052,167790,10481,178271,736
2022-10-01,Santa Barbara,083,443738,105849,105437,6869,112306,722
2022-10-01,Santa Clara,085,1922200,436708,430899,19086,449985,2494
2022-10-01,Santa Cruz,087,273765,63182,62866,3469,66335,273
2022-10-01,Shasta,089,179085,34963,34849,7471,42320,592
2022-10-01,Sierra,091,2930,306,304,60,364,5
2022-10-01,Siskiyou,093,43540,5146,5261,3305,8566,91
2022-10-01,Solano,095,438530,105345,104704,7901,112605,464
2022-10-01,Sonoma,097,501317,107030,106624,5284,111908,519
2022-10-01,Stanislaus,099,539301,138035,137589,21601,159190,1780
2022-10-01,Sutter,101,95872,24299,24265,2460,26725,232
2022-10-01,Tehama,103,63373,13638,13564,3073,16637,210
2022-10-01,Trinity,105,12862,1399,1392,397,1789,20
2022-10-01,Tulare,107,460477,121952,121589,36350,157939,1531
2022-10-01,Tuolumne,109,53932,15589,15516,924,16440,196
2022-10-01,Ventura,111,848112,208862,208124,15733,223857,1565
2022-10-01,Yolo,113,214977,47461,47279,4308,51587,341
2022-10-01,Yuba,115,75493,18905,18881,1718,20599,132
2022-09-30,Alameda,001,1643700,348134,346369,19709,366078,2020
2022-09-30,Alpine,002,1148,135,134,1,135,0
2022-09-30,Amador,005,37829,10000,9987,929,10916,90
2022-09-30,Butte,007,227075,39521,39378,9145,48523,454
2022-09-30,Calaveras,009,45235,8511,8497,559,9056,133
2022-09-30,Colusa,011,21464,3800,3782,1280,5062,22
2022-09-30,Contra Costa,013,1133247,251738,249273,20771,270044,1426
2022-09-30,Del Norte,015,27424,7436,7421,398,7819,56
2022-09-30,El Dorado,017,186661,32306,32238,4269,36507,231
2022-09-30,Fresno,019,978130,278385,274028,31570,305598,2859
2022-09-30,Glenn,021,27897,5524,5509,1864,7373,48
2022-09-30,Humboldt,023,135768,21865,21744,5005,26749,157
2022-09-30,Imperial,025,180216,65549,65425,15779,81204,958
2022-09-30,Inyo,027,18085,4493,4483,991,5474,59
2022-09-30,Kern,029,883053,219395,218846,63925,282771,2417
2022-09-30,Kings,031,150075,59480,59394,4103,63497,459
2022-09-30,Lake,033,64148,12820,12761,1185,13946,147
2022-09-30,Lassen,035,31185,9969,9962,993,10955,65
2022-09-30,Los Angeles,037,10098052,3283112,3271661,181454,3453115,33336
2022-09-30,Madera,039,155013,44075,43953,8254,52207,374
2022-09-30,Marin,041,260295,45247,45002,5271,50273,310
2022-09-30,Mariposa,043,17540,3104,3079,343,3422,31
2022-09-30,Mendocino,045,87422,16039,15950,4481,20431,136
2022-09-30,Merced,047,269075,72671,72117,11870,83987,863
2022-09-30,Modoc,049,8938,876,873,324,1197,11
2022-09-30,Mono,051,14174,3209,3201,256,3457,7
2022-09-30,Monterey,053,433212,94200,93991,21063,115054,766
2022-09-30,Napa,055,140530,32225,32171,1407,33578,160
2022-09-30,Nevada,057,99092,19016,18923,1846,20769,132
2022-09-30,Orange,059,3164182,668196,665825,63374,729199,7435
2022-09-30,Placer,061,380077,75910,75573,9546,85119,661
2022-09-30,Plumas,063,18699,3670,3645,433,4078,13
2022-09-30,Riverside,065,2383286,695858,694250,35342,729592,6543
2022-09-30,Sacramento,067,1510023,346999,345905,34192,380097,3294
2022-09-30,San Benito,069,59416,16314,16152,966,17118,106
2022-09-30,San Bernardino,071,2135413,671597,668798,30917,699715,8106
2022-09-30,San Diego,073,3302833,924430,922323,72114,994437,5491
2022-09-30,San Francisco,075,870044,179422,178486,12101,190587,1043
2022-09-30,San Joaquin,077,732212,197926,197009,14952,211961,2319
2022-09-30,San Luis Obispo,079,281455,63331,63060,7134,70194,524
2022-09-30,San Mateo,081,765935,168987,167790,10477,178267,736
2022-09-30,Santa Barbara,083,443738,105824,105437,6869,112306,722
2022-09-30,Santa Clara,085,1922200,436526,430899,19074,449973,2494
2022-09-30,Santa Cruz,087,273765,63160,62866,3467,66333,273
2022-09-30,Shasta,089,179085,34960,34849,7467,42316,592
2022-09-30,Sierra,091,2930,306,304,60,364,5
2022-09-30,Siskiyou,093,43540,5145,5261,3305,8566,91
2022-09-30,Solano,095,438530,105315,104704,7898,112602,464
2022-09-30,Sonoma,097,501317,106996,106624,5282,111906,519
2022-09-30,Stanislaus,099,539301,138015,137589,21599,159188,1780
2022-09-30,Sutter,101,95872,24297,24265,2460,26725,232
2022-09-30,Tehama,103,63373,13636,13564,3073,16637,210
2022-09-30,Trinity,105,12862,1398,1392,397,1789,20
2022-09-30,Tulare,107,460477,121931,121589,36337,157926,1531
2022-09-30,Tuolumne,109,53932,15586,15516,924,16440,196
2022-09-30,Ventura,111,848112,208810,208124,15728,223852,1565
2022-09-30,Yolo,113,214977,47450,47279,4308,51587,341
2022-09-30,Yuba,115,75493,18900,18881,1718,20599,132
2022-09-29,Alameda,001,1643700,347970,346369,19694,366063,2020
2022-09-29,Alpine,002,1148,135,134,1,135,0
2022-09-29,Amador,005,37829,9997,9987,928,10915,90
2022-09-29,Butte,007,227075,39515,39378,9140,48518,454
2022-09-29,Calaveras,009,45235,8506,8497,558,9055,133
2022-09-29,Colusa,011,21464,3799,3782,1280,5062,22
2022-09-29,Contra Costa,013,1133247,251637,249273,20761,270034,1426
2022-09-29,Del Norte,015,27424,7433,7421,398,7819,56
2022-09-29,El Dorado,017,186661,32295,32238,4264,36502,231
2022-09-29,Fresno,019,978130,278291,274028,31561,305589,2859
2022-09-29,Glenn,021,27897,5524,5509,1864,7373,48
2022-09-29,Humboldt,023,135768,21853,21744,5003,26747,157
2022-09-29,Imperial,025,180216,65529,65425,15767,81192,958
2022-09-29,Inyo,027,18085,4493,4483,989,5472,59
2022-09-29,Kern,029,883053,219363,218846,63885,282731,2417
2022-09-29,Kings,031,150075,59473,59394,4102,63496,459
2022-09-29,Lake,033,64148,12816,12761,1185,13946,147
2022-09-29,Lassen,035,31185,9968,9962,993,10955,65
2022-09-29,Los Angeles,037,10098052,3282125,3271661,181341,3453002,33336
2022-09-29,Madera,039,155013,44065,43953,8251,52204,374
2022-09-29,Marin,041,260295,45222,45002,5267,50269,310
2022-09-29,Mariposa,043,17540,3102,3079,343,3422,31
2022-09-29,Mendocino,045,87422,16035,15950,4481,20431,136
2022-09-29,Merced,047,269075,72656,72117,11869,83986,863
2022-09-29,Modoc,049,8938,876,873,324,1197,11
2022-09-29,Mono,051,14174,3208,3201,256,3457,7
2022-09-29,Monterey,053,433212,94189,93991,21056,115047,766
2022-09-29,Napa,055,140530,32214,32171,1407,33578,160
2022-09-29,Nevada,057,99092,19006,18923,1843,20766,132
2022-09-29,Orange,059,3164182,667968,665825,63321,729146,7435
2022-09-29,Placer,061,380077,75886,75573,9537,85110,661
2022-09-29,Plumas,063,18699,3669,3645,432,4077,13
2022-09-29,Riverside,065,2383286,695707,694250,35330,729580,6543
2022-09-29,Sacramento,067,1510023,346860,345905,34172,380077,3294
2022-09-29,San Benito,069,59416,16309,16152,965,17117,106
2022-09-29,San Bernardino,071,2135413,671449,668798,30905,699703,8106
2022-09-29,San Diego,073,3302833,924184,922323,72083,994406,5491
2022-09-29,San Francisco,075,870044,179335,178486,12089,190575,1043
2022-09-29,San Joaquin,077,732212,197881,197009,14943,211952,2319
2022-09-29,San Luis Obispo,079,281455,63311,63060,7128,70188,524
2022-09-29,San Mateo,081,765935,168904,167790,10475,178265,736
2022-09-29,Santa Barbara,083,443738,105790,105437,6866,112303,722
2022-09-29,Santa Clara,085,1922200,436331,430899,19063,449962,2494
2022-09-29,Santa Cruz,087,273765,63116,62866,3461,66327,273
2022-09-29,Shasta,089,179085,34953,34849,7461,42310,592
2022-09-29,Sierra,091,2930,306,304,60,364,5
2022-09-29,Siskiyou,093,43540,5142,5261,3304,8565,91
2022-09-29,Solano,095,438530,105280,104704,7893,112597,464
2022-09-29,Sonoma,097,501317,106937,106624,5280,111904,519
2022-09-29,Stanislaus,099,539301,137983,137589,21598,159187,1780
2022-09-29,Sutter,101,95872,24294,24265,2460,26725,232
2022-09-29,Tehama,103,63373,13634,13564,3072,16636,210
2022-09-29,Trinity,105,12862,1398,1392,394,1786,20
2022-09-29,Tulare,107,460477,121915,121589,36317,157906,1531
2022-09-29,Tuolumne,109,53932,15582,15516,924,16440,196
2022-09-29,Ventura,111,848112,208750,208124,15719,223843,1565
2022-09-29,Yolo,113,214977,47437,47279,4306,51585,341
2022-09-29,Yuba,115,75493,18898,18881,1718,20599,132
2022-09-28,Alameda,001,1643700,347808,346369,19678,366047,2020
2022-09-28,Alpine,002,1148,134,134,1,135,0
2022-09-28,Amador,005,37829,9995,9987,928,10915,90
2022-09-28,Butte,007,227075,39508,39378,9132,48510,454
2022-09-28,Calaveras,009,45235,8504,8497,558,9055,133
2022-09-28,Colusa,011,21464,3799,3782,1280,5062,22
2022-09-28,Contra Costa,013,1133247,251527,249273,20748,270021,1426
2022-09-28,Del Norte,015,27424,7431,7421,398,7819,56
2022-09-28,El Dorado,017,186661,32288,32238,4262,36500,231
2022-09-28,Fresno,019,978130,278208,274028,31544,305572,2859
2022-09-28,Glenn,021,27897,5523,5509,1864,7373,48
2022-09-28,Humboldt,023,135768,21843,21744,5000,26744,157
2022-09-28,Imperial,025,180216,65513,65425,15760,81185,958
2022-09-28,Inyo,027,18085,4491,4483,989,5472,59
2022-09-28,Kern,029,883053,219310,218846,63836,282682,2417
2022-09-28,Kings,031,150075,59451,59394,4098,63492,459
2022-09-28,Lake,033,64148,12807,12761,1185,13946,147
2022-09-28,Lassen,035,31185,9967,9962,993,10955,65
2022-09-28,Los Angeles,037,10098052,3281005,3271661,181234,3452895,33336
2022-09-28,Madera,039,155013,44059,43953,8250,52203,374
2022-09-28,Marin,041,260295,45195,45002,5266,50268,310
2022-09-28,Mariposa,043,17540,3102,3079,343,3422,31
2022-09-28,Mendocino,045,87422,16032,15950,4477,20427,136
2022-09-28,Merced,047,269075,72644,72117,11863,83980,863
2022-09-28,Modoc,049,8938,876,873,323,1196,11
2022-09-28,Mono,051,14174,3208,3201,256,3457,7
2022-09-28,Monterey,053,433212,94175,93991,21048,115039,766
2022-09-28,Napa,055,140530,32199,32171,1405,33576,160
2022-09-28,Nevada,057,99092,18998,18923,1830,20753,132
2022-09-28,Orange,059,3164182,667743,665825,63257,729082,7435
2022-09-28,Placer,061,380077,75852,75573,9534,85107,661
2022-09-28,Plumas,063,18699,3667,3645,432,4077,13
2022-09-28,Riverside,065,2383286,695543,694250,35312,729562,6543
2022-09-28,Sacramento,067,1510023,346732,345905,34147,380052,3294
2022-09-28,San Benito,069,59416,16304,16152,962,17114,106
2022-09-28,San Bernardino,071,2135413,671286,668798,30885,699683,8106
2022-09-28,San Diego,073,3302833,923866,922323,72052,994375,5491
2022-09-28,San Francisco,075,870044,179235,178486,12085,190571,1043
2022-09-28,San Joaquin,077,732212,197843,197009,14940,211949,2319
2022-09-28,San Luis Obispo,079,281455,63294,63060,7120,70180,524
2022-09-28,San Mateo,081,765935,168828,167790,10468,178258,736
2022-09-28,Santa Barbara,083,443738,105756,105437,6861,112298,722
2022-09-28,Santa Clara,085,1922200,436164,430899,19054,449953,2494
2022-09-28,Santa Cruz,087,273765,63079,62866,3460,66326,273
2022-09-28,Shasta,089,179085,34948,34849,7456,42305,592
2022-09-28,Sierra,091,2930,306,304,60,364,5
2022-09-28,Siskiyou,093,43540,5140,5261,3303,8564,91
2022-09-28,Solano,095,438530,105251,104704,7891,112595,464
2022-09-28,Sonoma,097,501317,106902,106624,5274,111898,519
2022-09-28,Stanislaus,099,539301,137947,137589,21594,159183,1780
2022-09-28,Sutter,101,95872,24280,24265,2459,26724,232
2022-09-28,Tehama,103,63373,13630,13564,3072,16636,210
2022-09-28,Trinity,105,12862,1398,1392,392,1784,20
2022-09-28,Tulare,107,460477,121889,121589,36308,157897,1531
2022-09-28,Tuolumne,109,53932,15578,15516,924,16440,196
2022-09-28,Ventura,111,848112,208685,208124,15716,223840,1565
2022-09-28,Yolo,113,214977,47414,47279,4303,51582,341
2022-09-28,Yuba,115,75493,18893,18881,1715,20596,132
2022-09-27,Alameda,001,1643700,347640,346369,19664,366033,2020
2022-09-27,Alpine,002,1148,134,134,1,135,0
2022-09-27,Amador,005,37829,9991,9987,926,10913,90
2022-09-27,Butte,007,227075,39500,39378,9127,48505,454
2022-09-27,Calaveras,009,45235,8502,8497,558,9055,133
2022-09-27,Colusa,011,21464,3799,3782,1280,5062,22
2022-09-27,Contra Costa,013,1133247,251416,249273,20739,270012,1426
2022-09-27,Del Norte,015,27424,7431,7421,398,7819,56
2022-09-27,El Dorado,017,186661,32271,32238,4260,36498,231
2022-09-27,Fresno,019,978130,278145,274028,31534,305562,2859
2022-09-27,Glenn,021,27897,5522,5509,1864,7373,48
2022-09-27,Humboldt,023,135768,21832,21744,4995,26739,157
2022-09-27,Imperial,025,180216,65491,65425,15754,81179,958
2022-09-27,Inyo,027,18085,4489,4483,987,5470,59
2022-09-27,Kern,029,883053,219252,218846,63808,282654,2417
2022-09-27,Kings,031,150075,59435,59394,4098,63492,459
2022-09-27,Lake,033,64148,12803,12761,1184,13945,147
2022-09-27,Lassen,035,31185,9965,9962,993,10955,65
2022-09-27,Los Angeles,037,10098052,3279809,3271661,181073,3452734,33336
2022-09-27,Madera,039,155013,44047,43953,8249,52202,374
2022-09-27,Marin,041,260295,45167,45002,5262,50264,310
2022-09-27,Mariposa,043,17540,3101,3079,343,3422,31
2022-09-27,Mendocino,045,87422,16023,15950,4471,20421,136
2022-09-27,Merced,047,269075,72625,72117,11857,83974,863
2022-09-27,Modoc,049,8938,876,873,323,1196,11
2022-09-27,Mono,051,14174,3207,3201,256,3457,7
2022-09-27,Monterey,053,433212,94154,93991,21032,115023,766
2022-09-27,Napa,055,140530,32182,32171,1405,33576,160
2022-09-27,Nevada,057,99092,18989,18923,1829,20752,132
2022-09-27,Orange,059,3164182,667475,665825,63190,729015,7435
2022-09-27,Placer,061,380077,75811,75573,9529,85102,661
2022-09-27,Plumas,063,18699,3664,3645,432,4077,13
2022-09-27,Riverside,065,2383286,695347,694250,35287,729537,6543
2022-09-27,Sacramento,067,1510023,346585,345905,34120,380025,3294
2022-09-27,San Benito,069,59416,16303,16152,962,17114,106
2022-09-27,San Bernardino,071,2135413,671036,668798,30869,699667,8106
2022-09-27,San Diego,073,3302833,923471,922323,72016,994339,5491
2022-09-27,San Francisco,075,870044,179123,178486,12083,190569,1043
2022-09-27,San Joaquin,077,732212,197790,197009,14933,211942,2319
2022-09-27,San Luis Obispo,079,281455,63265,63060,7119,70179,524
2022-09-27,San Mateo,081,765935,168757,167790,10465,178255,736
2022-09-27,Santa Barbara,083,443738,105713,105437,6855,112292,722
2022-09-27,Santa Clara,085,1922200,435944,430899,19033,449932,2494
2022-09-27,Santa Cruz,087,273765,63048,62866,3455,66321,273
2022-09-27,Shasta,089,179085,34937,34849,7448,42297,592
2022-09-27,Sierra,091,2930,304,304,60,364,5
2022-09-27,Siskiyou,093,43540,5138,5261,3303,8564,91
2022-09-27,Solano,095,438530,105208,104704,7889,112593,464
2022-09-27,Sonoma,097,501317,106852,106624,5271,111895,519
2022-09-27,Stanislaus,099,539301,137919,137589,21593,159182,1780
2022-09-27,Sutter,101,95872,24266,24265,2459,26724,232
2022-09-27,Tehama,103,63373,13628,13564,3071,16635,210
2022-09-27,Trinity,105,12862,1398,1392,389,1781,20
2022-09-27,Tulare,107,460477,121864,121589,36290,157879,1531
2022-09-27,Tuolumne,109,53932,15572,15516,924,16440,196
2022-09-27,Ventura,111,848112,208605,208124,15706,223830,1565
2022-09-27,Yolo,113,214977,47386,47279,4302,51581,341
2022-09-27,Yuba,115,75493,18889,18881,1714,20595,132
2022-09-26,Alameda,001,1643700,347449,345351,19659,365010,2012
2022-09-26,Alpine,002,1148,134,134,1,135,0
2022-09-26,Amador,005,37829,9990,9954,925,10879,90
2022-09-26,Butte,007,227075,39488,39282,9124,48406,453
2022-09-26,Calaveras,009,45235,8499,8475,555,9030,133
2022-09-26,Colusa,011,21464,3796,3775,1278,5053,22
2022-09-26,Contra Costa,013,1133247,251279,248053,20725,268778,1424
2022-09-26,Del Norte,015,27424,7430,7403,398,7801,57
2022-09-26,El Dorado,017,186661,32253,32159,4257,36416,231
2022-09-26,Fresno,019,978130,278073,273381,31518,304899,2850
2022-09-26,Glenn,021,27897,5522,5494,1864,7358,48
2022-09-26,Humboldt,023,135768,21820,21641,4990,26631,156
2022-09-26,Imperial,025,180216,65470,65297,15739,81036,957
2022-09-26,Inyo,027,18085,4489,4481,986,5467,59
2022-09-26,Kern,029,883053,219196,218413,63779,282192,2408
2022-09-26,Kings,031,150075,59423,59288,4096,63384,456
2022-09-26,Lake,033,64148,12797,12731,1184,13915,146
2022-09-26,Lassen,035,31185,9965,9947,992,10939,65
2022-09-26,Los Angeles,037,10098052,3278623,3263510,180899,3444409,33258
2022-09-26,Madera,039,155013,44028,43910,8246,52156,374
2022-09-26,Marin,041,260295,45136,44823,5257,50080,310
2022-09-26,Mariposa,043,17540,3100,3074,343,3417,31
2022-09-26,Mendocino,045,87422,16013,15911,4471,20382,136
2022-09-26,Merced,047,269075,72612,71875,11853,83728,862
2022-09-26,Modoc,049,8938,874,872,323,1195,11
2022-09-26,Mono,051,14174,3205,3198,256,3454,7
2022-09-26,Monterey,053,433212,94137,93829,21011,114840,766
2022-09-26,Napa,055,140530,32164,32094,1404,33498,160
2022-09-26,Nevada,057,99092,18980,18861,1827,20688,132
2022-09-26,Orange,059,3164182,667213,664263,63125,727388,7425
2022-09-26,Placer,061,380077,75775,75381,9521,84902,660
2022-09-26,Plumas,063,18699,3664,3632,432,4064,13
2022-09-26,Riverside,065,2383286,695145,693038,35272,728310,6610
2022-09-26,Sacramento,067,1510023,346424,344748,34091,378839,3282
2022-09-26,San Benito,069,59416,16296,16114,962,17076,106
2022-09-26,San Bernardino,071,2135413,670837,667124,30857,697981,8097
2022-09-26,San Diego,073,3302833,923050,920118,71987,992105,5487
2022-09-26,San Francisco,075,870044,179023,176887,12080,188967,1031
2022-09-26,San Joaquin,077,732212,197724,196573,14923,211496,2306
2022-09-26,San Luis Obispo,079,281455,63233,62950,7115,70065,522
2022-09-26,San Mateo,081,765935,168667,167123,10460,177583,736
2022-09-26,Santa Barbara,083,443738,105674,105185,6850,112035,720
2022-09-26,Santa Clara,085,1922200,435694,429334,19015,448349,2486
2022-09-26,Santa Cruz,087,273765,63009,62704,3453,66157,274
2022-09-26,Shasta,089,179085,34929,34762,7439,42201,592
2022-09-26,Sierra,091,2930,304,303,60,363,5
2022-09-26,Siskiyou,093,43540,5138,5243,3301,8544,90
2022-09-26,Solano,095,438530,105165,104383,7883,112266,463
2022-09-26,Sonoma,097,501317,106783,106322,5267,111589,519
2022-09-26,Stanislaus,099,539301,137889,137340,21587,158927,1752
2022-09-26,Sutter,101,95872,24257,24198,2459,26657,232
2022-09-26,Tehama,103,63373,13625,13528,3071,16599,210
2022-09-26,Trinity,105,12862,1398,1390,388,1778,20
2022-09-26,Tulare,107,460477,121824,121446,36275,157721,1530
2022-09-26,Tuolumne,109,53932,15570,15469,923,16392,196
2022-09-26,Ventura,111,848112,208513,207684,15698,223382,1566
2022-09-26,Yolo,113,214977,47361,47147,4296,51443,335
2022-09-26,Yuba,115,75493,18883,18834,1712,20546,129
2022-09-25,Alameda,001,1643700,347232,345351,19639,364990,2012
2022-09-25,Alpine,002,1148,134,134,1,135,0
2022-09-25,Amador,005,37829,9986,9954,923,10877,90
2022-09-25,Butte,007,227075,39466,39282,9117,48399,453
2022-09-25,Calaveras,009,45235,8495,8475,550,9025,133
2022-09-25,Colusa,011,21464,3794,3775,1272,5047,22
2022-09-25,Contra Costa,013,1133247,251126,248053,20706,268759,1424
2022-09-25,Del Norte,015,27424,7425,7403,398,7801,57
2022-09-25,El Dorado,017,186661,32239,32159,4254,36413,231
2022-09-25,Fresno,019,978130,277967,273381,31492,304873,2850
2022-09-25,Glenn,021,27897,5522,5494,1864,7358,48
2022-09-25,Humboldt,023,135768,21810,21641,4986,26627,156
2022-09-25,Imperial,025,180216,65450,65297,15726,81023,957
2022-09-25,Inyo,027,18085,4486,4481,985,5466,59
2022-09-25,Kern,029,883053,219135,218413,63704,282117,2408
2022-09-25,Kings,031,150075,59404,59288,4095,63383,456
2022-09-25,Lake,033,64148,12792,12731,1182,13913,146
2022-09-25,Lassen,035,31185,9964,9947,992,10939,65
2022-09-25,Los Angeles,037,10098052,3277159,3263510,180702,3444212,33258
2022-09-25,Madera,039,155013,44014,43910,8241,52151,374
2022-09-25,Marin,041,260295,45095,44823,5257,50080,310
2022-09-25,Mariposa,043,17540,3100,3074,343,3417,31
2022-09-25,Mendocino,045,87422,16003,15911,4464,20375,136
2022-09-25,Merced,047,269075,72588,71875,11846,83721,862
2022-09-25,Modoc,049,8938,874,872,323,1195,11
2022-09-25,Mono,051,14174,3205,3198,254,3452,7
2022-09-25,Monterey,053,433212,94113,93829,21000,114829,766
2022-09-25,Napa,055,140530,32146,32094,1403,33497,160
2022-09-25,Nevada,057,99092,18967,18861,1827,20688,132
2022-09-25,Orange,059,3164182,666909,664263,63056,727319,7425
2022-09-25,Placer,061,380077,75729,75381,9508,84889,660
2022-09-25,Plumas,063,18699,3658,3632,432,4064,13
2022-09-25,Riverside,065,2383286,694927,693038,35253,728291,6610
2022-09-25,Sacramento,067,1510023,346266,344748,34055,378803,3282
2022-09-25,San Benito,069,59416,16284,16114,962,17076,106
2022-09-25,San Bernardino,071,2135413,670599,667124,30835,697959,8097
2022-09-25,San Diego,073,3302833,922600,920118,71947,992065,5487
2022-09-25,San Francisco,075,870044,178895,176887,12075,188962,1031
2022-09-25,San Joaquin,077,732212,197637,196573,14906,211479,2306
2022-09-25,San Luis Obispo,079,281455,63199,62950,7107,70057,522
2022-09-25,San Mateo,081,765935,168541,167123,10451,177574,736
2022-09-25,Santa Barbara,083,443738,105620,105185,6849,112034,720
2022-09-25,Santa Clara,085,1922200,435452,429334,18994,448328,2486
2022-09-25,Santa Cruz,087,273765,62961,62704,3445,66149,274
2022-09-25,Shasta,089,179085,34916,34762,7430,42192,592
2022-09-25,Sierra,091,2930,304,303,60,363,5
2022-09-25,Siskiyou,093,43540,5136,5243,3300,8543,90
2022-09-25,Solano,095,438530,105097,104383,7879,112262,463
2022-09-25,Sonoma,097,501317,106727,106322,5264,111586,519
2022-09-25,Stanislaus,099,539301,137837,137340,21584,158924,1752
2022-09-25,Sutter,101,95872,24241,24198,2459,26657,232
2022-09-25,Tehama,103,63373,13617,13528,3071,16599,210
2022-09-25,Trinity,105,12862,1398,1390,388,1778,20
2022-09-25,Tulare,107,460477,121793,121446,36253,157699,1530
2022-09-25,Tuolumne,109,53932,15564,15469,922,16391,196
2022-09-25,Ventura,111,848112,208410,207684,15685,223369,1566
2022-09-25,Yolo,113,214977,47335,47147,4291,51438,335
2022-09-25,Yuba,115,75493,18879,18834,1711,20545,129
2022-09-24,Alameda,001,1643700,347120,345351,19632,364983,2012
2022-09-24,Alpine,002,1148,134,134,1,135,0
2022-09-24,Amador,005,37829,9984,9954,922,10876,90
2022-09-24,Butte,007,227075,39459,39282,9115,48397,453
2022-09-24,Calaveras,009,45235,8492,8475,550,9025,133
2022-09-24,Colusa,011,21464,3793,3775,1271,5046,22
2022-09-24,Contra Costa,013,1133247,251039,248053,20702,268755,1424
2022-09-24,Del Norte,015,27424,7422,7403,398,7801,57
2022-09-24,El Dorado,017,186661,32227,32159,4250,36409,231
2022-09-24,Fresno,019,978130,277928,273381,31486,304867,2850
2022-09-24,Glenn,021,27897,5521,5494,1864,7358,48
2022-09-24,Humboldt,023,135768,21796,21641,4985,26626,156
2022-09-24,Imperial,025,180216,65435,65297,15720,81017,957
2022-09-24,Inyo,027,18085,4486,4481,985,5466,59
2022-09-24,Kern,029,883053,219105,218413,63665,282078,2408
2022-09-24,Kings,031,150075,59392,59288,4095,63383,456
2022-09-24,Lake,033,64148,12790,12731,1181,13912,146
2022-09-24,Lassen,035,31185,9963,9947,992,10939,65
2022-09-24,Los Angeles,037,10098052,3276435,3263510,180557,3444067,33258
2022-09-24,Madera,039,155013,44011,43910,8238,52148,374
2022-09-24,Marin,041,260295,45080,44823,5257,50080,310
2022-09-24,Mariposa,043,17540,3098,3074,343,3417,31
2022-09-24,Mendocino,045,87422,15999,15911,4463,20374,136
2022-09-24,Merced,047,269075,72575,71875,11846,83721,862
2022-09-24,Modoc,049,8938,874,872,322,1194,11
2022-09-24,Mono,051,14174,3205,3198,254,3452,7
2022-09-24,Monterey,053,433212,94103,93829,20995,114824,766
2022-09-24,Napa,055,140530,32137,32094,1402,33496,160
2022-09-24,Nevada,057,99092,18962,18861,1824,20685,132
2022-09-24,Orange,059,3164182,666749,664263,62995,727258,7425
2022-09-24,Placer,061,380077,75705,75381,9502,84883,660
2022-09-24,Plumas,063,18699,3655,3632,432,4064,13
2022-09-24,Riverside,065,2383286,694802,693038,35243,728281,6610
2022-09-24,Sacramento,067,1510023,346194,344748,34046,378794,3282
2022-09-24,San Benito,069,59416,16276,16114,962,17076,106
2022-09-24,San Bernardino,071,2135413,670485,667124,30825,697949,8097
2022-09-24,San Diego,073,3302833,922395,920118,71933,992051,5487
2022-09-24,San Francisco,075,870044,178817,176887,12069,188956,1031
2022-09-24,San Joaquin,077,732212,197611,196573,14899,211472,2306
2022-09-24,San Luis Obispo,079,281455,63187,62950,7106,70056,522
2022-09-24,San Mateo,081,765935,168471,167123,10442,177565,736
2022-09-24,Santa Barbara,083,443738,105596,105185,6849,112034,720
2022-09-24,Santa Clara,085,1922200,435295,429334,18981,448315,2486
2022-09-24,Santa Cruz,087,273765,62944,62704,3442,66146,274
2022-09-24,Shasta,089,179085,34911,34762,7428,42190,592
2022-09-24,Sierra,091,2930,304,303,60,363,5
2022-09-24,Siskiyou,093,43540,5133,5243,3300,8543,90
2022-09-24,Solano,095,438530,105078,104383,7878,112261,463
2022-09-24,Sonoma,097,501317,106699,106322,5261,111583,519
2022-09-24,Stanislaus,099,539301,137810,137340,21578,158918,1752
2022-09-24,Sutter,101,95872,24234,24198,2459,26657,232
2022-09-24,Tehama,103,63373,13612,13528,3070,16598,210
2022-09-24,Trinity,105,12862,1398,1390,388,1778,20
2022-09-24,Tulare,107,460477,121774,121446,36236,157682,1530
2022-09-24,Tuolumne,109,53932,15556,15469,922,16391,196
2022-09-24,Ventura,111,848112,208363,207684,15678,223362,1566
2022-09-24,Yolo,113,214977,47320,47147,4289,51436,335
2022-09-24,Yuba,115,75493,18874,18834,1710,20544,129
2022-09-23,Alameda,001,1643700,346981,345351,19620,364971,2012
2022-09-23,Alpine,002,1148,134,134,1,135,0
2022-09-23,Amador,005,37829,9980,9954,922,10876,90
2022-09-23,Butte,007,227075,39451,39282,9112,48394,453
2022-09-23,Calaveras,009,45235,8491,8475,550,9025,133
2022-09-23,Colusa,011,21464,3793,3775,1271,5046,22
2022-09-23,Contra Costa,013,1133247,250957,248053,20698,268751,1424
2022-09-23,Del Norte,015,27424,7419,7403,398,7801,57
2022-09-23,El Dorado,017,186661,32213,32159,4248,36407,231
2022-09-23,Fresno,019,978130,277881,273381,31478,304859,2850
2022-09-23,Glenn,021,27897,5519,5494,1863,7357,48
2022-09-23,Humboldt,023,135768,21779,21641,4978,26619,156
2022-09-23,Imperial,025,180216,65425,65297,15713,81010,957
2022-09-23,Inyo,027,18085,4486,4481,981,5462,59
2022-09-23,Kern,029,883053,219066,218413,63641,282054,2408
2022-09-23,Kings,031,150075,59384,59288,4095,63383,456
2022-09-23,Lake,033,64148,12790,12731,1181,13912,146
2022-09-23,Lassen,035,31185,9961,9947,992,10939,65
2022-09-23,Los Angeles,037,10098052,3275670,3263510,180476,3443986,33258
2022-09-23,Madera,039,155013,44001,43910,8238,52148,374
2022-09-23,Marin,041,260295,45057,44823,5255,50078,310
2022-09-23,Mariposa,043,17540,3097,3074,343,3417,31
2022-09-23,Mendocino,045,87422,15997,15911,4463,20374,136
2022-09-23,Merced,047,269075,72564,71875,11845,83720,862
2022-09-23,Modoc,049,8938,874,872,322,1194,11
2022-09-23,Mono,051,14174,3205,3198,254,3452,7
2022-09-23,Monterey,053,433212,94095,93829,20985,114814,766
2022-09-23,Napa,055,140530,32128,32094,1402,33496,160
2022-09-23,Nevada,057,99092,18958,18861,1823,20684,132
2022-09-23,Orange,059,3164182,666579,664263,62962,727225,7425
2022-09-23,Placer,061,380077,75683,75381,9496,84877,660
2022-09-23,Plumas,063,18699,3652,3632,432,4064,13
2022-09-23,Riverside,065,2383286,694669,693038,35233,728271,6610
2022-09-23,Sacramento,067,1510023,346121,344748,34041,378789,3282
2022-09-23,San Benito,069,59416,16276,16114,962,17076,106
2022-09-23,San Bernardino,071,2135413,670354,667124,30818,697942,8097
2022-09-23,San Diego,073,3302833,922149,920118,71900,992018,5487
2022-09-23,San Francisco,075,870044,178741,176887,12064,188951,1031
2022-09-23,San Joaquin,077,732212,197573,196573,14888,211461,2306
2022-09-23,San Luis Obispo,079,281455,63177,62950,7105,70055,522
2022-09-23,San Mateo,081,765935,168399,167123,10437,177560,736
2022-09-23,Santa Barbara,083,443738,105569,105185,6848,112033,720
2022-09-23,Santa Clara,085,1922200,435132,429334,18967,448301,2486
2022-09-23,Santa Cruz,087,273765,62928,62704,3440,66144,274
2022-09-23,Shasta,089,179085,34906,34762,7423,42185,592
2022-09-23,Sierra,091,2930,304,303,60,363,5
2022-09-23,Siskiyou,093,43540,5131,5243,3300,8543,90
2022-09-23,Solano,095,438530,105049,104383,7875,112258,463
2022-09-23,Sonoma,097,501317,106672,106322,5260,111582,519
2022-09-23,Stanislaus,099,539301,137785,137340,21574,158914,1752
2022-09-23,Sutter,101,95872,24226,24198,2459,26657,232
2022-09-23,Tehama,103,63373,13608,13528,3068,16596,210
2022-09-23,Trinity,105,12862,1397,1390,388,1778,20
2022-09-23,Tulare,107,460477,121754,121446,36218,157664,1530
2022-09-23,Tuolumne,109,53932,15550,15469,922,16391,196
2022-09-23,Ventura,111,848112,208302,207684,15672,223356,1566
2022-09-23,Yolo,113,214977,47302,47147,4289,51436,335
2022-09-23,Yuba,115,75493,18872,18834,1710,20544,129
2022-09-22,Alameda,001,1643700,346812,345351,19615,364966,2012
2022-09-22,Alpine,002,1148,134,134,1,135,0
2022-09-22,Amador,005,37829,9976,9954,922,10876,90
2022-09-22,Butte,007,227075,39439,39282,9108,48390,453
2022-09-22,Calaveras,009,45235,8489,8475,544,9019,133
2022-09-22,Colusa,011,21464,3791,3775,1271,5046,22
2022-09-22,Contra Costa,013,1133247,250839,248053,20684,268737,1424
2022-09-22,Del Norte,015,27424,7418,7403,398,7801,57
2022-09-22,El Dorado,017,186661,32202,32159,4245,36404,231
2022-09-22,Fresno,019,978130,277797,273381,31462,304843,2850
2022-09-22,Glenn,021,27897,5518,5494,1863,7357,48
2022-09-22,Humboldt,023,135768,21765,21641,4976,26617,156
2022-09-22,Imperial,025,180216,65412,65297,15700,80997,957
2022-09-22,Inyo,027,18085,4486,4481,979,5460,59
2022-09-22,Kern,029,883053,219023,218413,63592,282005,2408
2022-09-22,Kings,031,150075,59369,59288,4095,63383,456
2022-09-22,Lake,033,64148,12787,12731,1181,13912,146
2022-09-22,Lassen,035,31185,9960,9947,992,10939,65
2022-09-22,Los Angeles,037,10098052,3274631,3263510,180326,3443836,33258
2022-09-22,Madera,039,155013,43994,43910,8238,52148,374
2022-09-22,Marin,041,260295,45042,44823,5253,50076,310
2022-09-22,Mariposa,043,17540,3096,3074,343,3417,31
2022-09-22,Mendocino,045,87422,15992,15911,4463,20374,136
2022-09-22,Merced,047,269075,72543,71875,11843,83718,862
2022-09-22,Modoc,049,8938,874,872,322,1194,11
2022-09-22,Mono,051,14174,3204,3198,253,3451,7
2022-09-22,Monterey,053,433212,94076,93829,20976,114805,766
2022-09-22,Napa,055,140530,32110,32094,1401,33495,160
2022-09-22,Nevada,057,99092,18952,18861,1822,20683,132
2022-09-22,Orange,059,3164182,666357,664263,62912,727175,7425
2022-09-22,Placer,061,380077,75651,75381,9490,84871,660
2022-09-22,Plumas,063,18699,3649,3632,432,4064,13
2022-09-22,Riverside,065,2383286,694491,693038,35225,728263,6610
2022-09-22,Sacramento,067,1510023,345962,344748,34021,378769,3282
2022-09-22,San Benito,069,59416,16276,16114,961,17075,106
2022-09-22,San Bernardino,071,2135413,670207,667124,30803,697927,8097
2022-09-22,San Diego,073,3302833,921786,920118,71860,991978,5487
2022-09-22,San Francisco,075,870044,178635,176887,12058,188945,1031
2022-09-22,San Joaquin,077,732212,197525,196573,14880,211453,2306
2022-09-22,San Luis Obispo,079,281455,63159,62950,7103,70053,522
2022-09-22,San Mateo,081,765935,168334,167123,10434,177557,736
2022-09-22,Santa Barbara,083,443738,105539,105185,6845,112030,720
2022-09-22,Santa Clara,085,1922200,434955,429334,18952,448286,2486
2022-09-22,Santa Cruz,087,273765,62884,62704,3429,66133,274
2022-09-22,Shasta,089,179085,34891,34762,7417,42179,592
2022-09-22,Sierra,091,2930,304,303,60,363,5
2022-09-22,Siskiyou,093,43540,5130,5243,3299,8542,90
2022-09-22,Solano,095,438530,104989,104383,7870,112253,463
2022-09-22,Sonoma,097,501317,106636,106322,5259,111581,519
2022-09-22,Stanislaus,099,539301,137751,137340,21571,158911,1752
2022-09-22,Sutter,101,95872,24215,24198,2459,26657,232
2022-09-22,Tehama,103,63373,13602,13528,3066,16594,210
2022-09-22,Trinity,105,12862,1395,1390,388,1778,20
2022-09-22,Tulare,107,460477,121736,121446,36202,157648,1530
2022-09-22,Tuolumne,109,53932,15543,15469,921,16390,196
2022-09-22,Ventura,111,848112,208216,207684,15665,223349,1566
2022-09-22,Yolo,113,214977,47288,47147,4283,51430,335
2022-09-22,Yuba,115,75493,18864,18834,1707,20541,129
2022-09-21,Alameda,001,1643700,346644,345351,19602,364953,2012
2022-09-21,Alpine,002,1148,134,134,1,135,0
2022-09-21,Amador,005,37829,9975,9954,922,10876,90
2022-09-21,Butte,007,227075,39426,39282,9099,48381,453
2022-09-21,Calaveras,009,45235,8486,8475,543,9018,133
2022-09-21,Colusa,011,21464,3791,3775,1271,5046,22
2022-09-21,Contra Costa,013,1133247,250721,248053,20675,268728,1424
2022-09-21,Del Norte,015,27424,7416,7403,398,7801,57
2022-09-21,El Dorado,017,186661,32190,32159,4242,36401,231
2022-09-21,Fresno,019,978130,277720,273381,31450,304831,2850
2022-09-21,Glenn,021,27897,5517,5494,1862,7356,48
2022-09-21,Humboldt,023,135768,21748,21641,4974,26615,156
2022-09-21,Imperial,025,180216,65396,65297,15690,80987,957
2022-09-21,Inyo,027,18085,4486,4481,976,5457,59
2022-09-21,Kern,029,883053,218969,218413,63546,281959,2408
2022-09-21,Kings,031,150075,59353,59288,4095,63383,456
2022-09-21,Lake,033,64148,12780,12731,1180,13911,146
2022-09-21,Lassen,035,31185,9960,9947,992,10939,65
2022-09-21,Los Angeles,037,10098052,3273468,3263510,180158,3443668,33258
2022-09-21,Madera,039,155013,43979,43910,8238,52148,374
2022-09-21,Marin,041,260295,45018,44823,5253,50076,310
2022-09-21,Mariposa,043,17540,3096,3074,343,3417,31
2022-09-21,Mendocino,045,87422,15984,15911,4462,20373,136
2022-09-21,Merced,047,269075,72526,71875,11843,83718,862
2022-09-21,Modoc,049,8938,874,872,322,1194,11
2022-09-21,Mono,051,14174,3204,3198,253,3451,7
2022-09-21,Monterey,053,433212,94055,93829,20967,114796,766
2022-09-21,Napa,055,140530,32103,32094,1401,33495,160
2022-09-21,Nevada,057,99092,18942,18861,1822,20683,132
2022-09-21,Orange,059,3164182,666106,664263,62857,727120,7425
2022-09-21,Placer,061,380077,75617,75381,9486,84867,660
2022-09-21,Plumas,063,18699,3647,3632,432,4064,13
2022-09-21,Riverside,065,2383286,694308,693038,35207,728245,6610
2022-09-21,Sacramento,067,1510023,345808,344748,34005,378753,3282
2022-09-21,San Benito,069,59416,16263,16114,959,17073,106
2022-09-21,San Bernardino,071,2135413,670056,667124,30797,697921,8097
2022-09-21,San Diego,073,3302833,921406,920118,71813,991931,5487
2022-09-21,San Francisco,075,870044,178538,176887,12049,188936,1031
2022-09-21,San Joaquin,077,732212,197470,196573,14874,211447,2306
2022-09-21,San Luis Obispo,079,281455,63141,62950,7096,70046,522
2022-09-21,San Mateo,081,765935,168257,167123,10433,177556,736
2022-09-21,Santa Barbara,083,443738,105493,105185,6843,112028,720
2022-09-21,Santa Clara,085,1922200,434764,429334,18944,448278,2486
2022-09-21,Santa Cruz,087,273765,62837,62704,3425,66129,274
2022-09-21,Shasta,089,179085,34885,34762,7412,42174,592
2022-09-21,Sierra,091,2930,303,303,60,363,5
2022-09-21,Siskiyou,093,43540,5127,5243,3298,8541,90
2022-09-21,Solano,095,438530,104945,104383,7867,112250,463
2022-09-21,Sonoma,097,501317,106602,106322,5253,111575,519
2022-09-21,Stanislaus,099,539301,137716,137340,21561,158901,1752
2022-09-21,Sutter,101,95872,24206,24198,2459,26657,232
2022-09-21,Tehama,103,63373,13596,13528,3066,16594,210
2022-09-21,Trinity,105,12862,1395,1390,388,1778,20
2022-09-21,Tulare,107,460477,121707,121446,36185,157631,1530
2022-09-21,Tuolumne,109,53932,15538,15469,918,16387,196
2022-09-21,Ventura,111,848112,208141,207684,15658,223342,1566
2022-09-21,Yolo,113,214977,47268,47147,4277,51424,335
2022-09-21,Yuba,115,75493,18856,18834,1707,20541,129
2022-09-20,Alameda,001,1643700,346489,345351,19589,364940,2012
2022-09-20,Alpine,002,1148,134,134,1,135,0
2022-09-20,Amador,005,37829,9967,9954,922,10876,90
2022-09-20,Butte,007,227075,39411,39282,9089,48371,453
2022-09-20,Calaveras,009,45235,8484,8475,543,9018,133
2022-09-20,Colusa,011,21464,3791,3775,1271,5046,22
2022-09-20,Contra Costa,013,1133247,250594,248053,20662,268715,1424
2022-09-20,Del Norte,015,27424,7411,7403,398,7801,57
2022-09-20,El Dorado,017,186661,32176,32159,4238,36397,231
2022-09-20,Fresno,019,978130,277643,273381,31436,304817,2850
2022-09-20,Glenn,021,27897,5516,5494,1861,7355,48
2022-09-20,Humboldt,023,135768,21735,21641,4971,26612,156
2022-09-20,Imperial,025,180216,65374,65297,15679,80976,957
2022-09-20,Inyo,027,18085,4485,4481,973,5454,59
2022-09-20,Kern,029,883053,218915,218413,63504,281917,2408
2022-09-20,Kings,031,150075,59330,59288,4094,63382,456
2022-09-20,Lake,033,64148,12777,12731,1180,13911,146
2022-09-20,Lassen,035,31185,9957,9947,992,10939,65
2022-09-20,Los Angeles,037,10098052,3272308,3263510,180011,3443521,33258
2022-09-20,Madera,039,155013,43970,43910,8233,52143,374
2022-09-20,Marin,041,260295,44993,44823,5248,50071,310
2022-09-20,Mariposa,043,17540,3096,3074,343,3417,31
2022-09-20,Mendocino,045,87422,15979,15911,4460,20371,136
2022-09-20,Merced,047,269075,72500,71875,11841,83716,862
2022-09-20,Modoc,049,8938,874,872,322,1194,11
2022-09-20,Mono,051,14174,3204,3198,253,3451,7
2022-09-20,Monterey,053,433212,94036,93829,20958,114787,766
2022-09-20,Napa,055,140530,32094,32094,1400,33494,160
2022-09-20,Nevada,057,99092,18937,18861,1822,20683,132
2022-09-20,Orange,059,3164182,665824,664263,62811,727074,7425
2022-09-20,Placer,061,380077,75588,75381,9481,84862,660
2022-09-20,Plumas,063,18699,3645,3632,432,4064,13
2022-09-20,Riverside,065,2383286,694105,693038,35179,728217,6610
2022-09-20,Sacramento,067,1510023,345655,344748,33982,378730,3282
2022-09-20,San Benito,069,59416,16256,16114,959,17073,106
2022-09-20,San Bernardino,071,2135413,669844,667124,30782,697906,8097
2022-09-20,San Diego,073,3302833,920995,920118,71757,991875,5487
2022-09-20,San Francisco,075,870044,178437,176887,12043,188930,1031
2022-09-20,San Joaquin,077,732212,197409,196573,14869,211442,2306
2022-09-20,San Luis Obispo,079,281455,63124,62950,7088,70038,522
2022-09-20,San Mateo,081,765935,168173,167123,10429,177552,736
2022-09-20,Santa Barbara,083,443738,105457,105185,6838,112023,720
2022-09-20,Santa Clara,085,1922200,434561,429334,18931,448265,2486
2022-09-20,Santa Cruz,087,273765,62815,62704,3420,66124,274
2022-09-20,Shasta,089,179085,34874,34762,7408,42170,592
2022-09-20,Sierra,091,2930,303,303,60,363,5
2022-09-20,Siskiyou,093,43540,5123,5243,3298,8541,90
2022-09-20,Solano,095,438530,104899,104383,7860,112243,463
2022-09-20,Sonoma,097,501317,106549,106322,5252,111574,519
2022-09-20,Stanislaus,099,539301,137670,137340,21556,158896,1752
2022-09-20,Sutter,101,95872,24202,24198,2459,26657,232
2022-09-20,Tehama,103,63373,13594,13528,3066,16594,210
2022-09-20,Trinity,105,12862,1395,1390,388,1778,20
2022-09-20,Tulare,107,460477,121685,121446,36163,157609,1530
2022-09-20,Tuolumne,109,53932,15532,15469,917,16386,196
2022-09-20,Ventura,111,848112,208059,207684,15653,223337,1566
2022-09-20,Yolo,113,214977,47247,47147,4273,51420,335
2022-09-20,Yuba,115,75493,18852,18834,1707,20541,129
2022-09-19,Alameda,001,1643700,346320,344045,19573,363618,2007
2022-09-19,Alpine,002,1148,134,134,1,135,0
2022-09-19,Amador,005,37829,9963,9908,922,10830,90
2022-09-19,Butte,007,227075,39398,39155,9081,48236,453
2022-09-19,Calaveras,009,45235,8479,8455,542,8997,133
2022-09-19,Colusa,011,21464,3789,3765,1271,5036,22
2022-09-19,Contra Costa,013,1133247,250498,247095,20638,267733,1423
2022-09-19,Del Norte,015,27424,7408,7381,398,7779,56
2022-09-19,El Dorado,017,186661,32167,32088,4234,36322,231
2022-09-19,Fresno,019,978130,277556,272774,31428,304202,2839
2022-09-19,Glenn,021,27897,5515,5481,1860,7341,48
2022-09-19,Humboldt,023,135768,21722,21561,4966,26527,155
2022-09-19,Imperial,025,180216,65355,65099,15665,80764,956
2022-09-19,Inyo,027,18085,4484,4472,971,5443,59
2022-09-19,Kern,029,883053,218852,217694,63444,281138,2405
2022-09-19,Kings,031,150075,59316,59122,4094,63216,456
2022-09-19,Lake,033,64148,12771,12696,1180,13876,144
2022-09-19,Lassen,035,31185,9952,9938,992,10930,65
2022-09-19,Los Angeles,037,10098052,3270930,3253906,179829,3433735,33160
2022-09-19,Madera,039,155013,43944,43782,8228,52010,373
2022-09-19,Marin,041,260295,44963,44702,5244,49946,309
2022-09-19,Mariposa,043,17540,3096,3064,343,3407,31
2022-09-19,Mendocino,045,87422,15972,15872,4458,20330,136
2022-09-19,Merced,047,269075,72485,71732,11837,83569,862
2022-09-19,Modoc,049,8938,874,872,322,1194,11
2022-09-19,Mono,051,14174,3204,3191,253,3444,7
2022-09-19,Monterey,053,433212,94002,93692,20945,114637,762
2022-09-19,Napa,055,140530,32079,31979,1399,33378,160
2022-09-19,Nevada,057,99092,18931,18824,1820,20644,132
2022-09-19,Orange,059,3164182,665541,662784,62756,725540,7398
2022-09-19,Placer,061,380077,75566,75159,9479,84638,660
2022-09-19,Plumas,063,18699,3643,3609,432,4041,13
2022-09-19,Riverside,065,2383286,693868,691630,35166,726796,6608
2022-09-19,Sacramento,067,1510023,345506,343926,33962,377888,3267
2022-09-19,San Benito,069,59416,16246,16057,959,17016,106
2022-09-19,San Bernardino,071,2135413,669624,664360,30764,695124,8074
2022-09-19,San Diego,073,3302833,920567,917229,71669,988898,5479
2022-09-19,San Francisco,075,870044,178345,176724,12035,188759,1025
2022-09-19,San Joaquin,077,732212,197316,196128,14862,210990,2304
2022-09-19,San Luis Obispo,079,281455,63102,62716,7082,69798,520
2022-09-19,San Mateo,081,765935,168074,166572,10423,176995,735
2022-09-19,Santa Barbara,083,443738,105415,104912,6833,111745,718
2022-09-19,Santa Clara,085,1922200,434331,428065,18915,446980,2473
2022-09-19,Santa Cruz,087,273765,62785,62480,3414,65894,274
2022-09-19,Shasta,089,179085,34855,34648,7401,42049,591
2022-09-19,Sierra,091,2930,303,303,60,363,5
2022-09-19,Siskiyou,093,43540,5120,5226,3296,8522,90
2022-09-19,Solano,095,438530,104854,104085,7857,111942,462
2022-09-19,Sonoma,097,501317,106492,106028,5252,111280,518
2022-09-19,Stanislaus,099,539301,137624,136981,21545,158526,1727
2022-09-19,Sutter,101,95872,24188,24119,2459,26578,232
2022-09-19,Tehama,103,63373,13589,13503,3065,16568,210
2022-09-19,Trinity,105,12862,1395,1385,388,1773,20
2022-09-19,Tulare,107,460477,121656,121230,36144,157374,1531
2022-09-19,Tuolumne,109,53932,15526,15411,917,16328,196
2022-09-19,Ventura,111,848112,207963,207049,15649,222698,1563
2022-09-19,Yolo,113,214977,47232,47085,4271,51356,334
2022-09-19,Yuba,115,75493,18842,18764,1700,20464,129
2022-09-18,Alameda,001,1643700,346117,344045,19558,363603,2007
2022-09-18,Alpine,002,1148,134,134,1,135,0
2022-09-18,Amador,005,37829,9957,9908,922,10830,90
2022-09-18,Butte,007,227075,39380,39155,9070,48225,453
2022-09-18,Calaveras,009,45235,8473,8455,539,8994,133
2022-09-18,Colusa,011,21464,3788,3765,1271,5036,22
2022-09-18,Contra Costa,013,1133247,250345,247095,20627,267722,1423
2022-09-18,Del Norte,015,27424,7402,7381,398,7779,56
2022-09-18,El Dorado,017,186661,32153,32088,4231,36319,231
2022-09-18,Fresno,019,978130,277457,272774,31405,304179,2839
2022-09-18,Glenn,021,27897,5510,5481,1860,7341,48
2022-09-18,Humboldt,023,135768,21708,21561,4958,26519,155
2022-09-18,Imperial,025,180216,65336,65099,15643,80742,956
2022-09-18,Inyo,027,18085,4482,4472,970,5442,59
2022-09-18,Kern,029,883053,218779,217694,63370,281064,2405
2022-09-18,Kings,031,150075,59298,59122,4090,63212,456
2022-09-18,Lake,033,64148,12765,12696,1177,13873,144
2022-09-18,Lassen,035,31185,9948,9938,992,10930,65
2022-09-18,Los Angeles,037,10098052,3269383,3253906,179663,3433569,33160
2022-09-18,Madera,039,155013,43920,43782,8225,52007,373
2022-09-18,Marin,041,260295,44940,44702,5240,49942,309
2022-09-18,Mariposa,043,17540,3095,3064,343,3407,31
2022-09-18,Mendocino,045,87422,15968,15872,4453,20325,136
2022-09-18,Merced,047,269075,72457,71732,11830,83562,862
2022-09-18,Modoc,049,8938,873,872,322,1194,11
2022-09-18,Mono,051,14174,3204,3191,252,3443,7
2022-09-18,Monterey,053,433212,93973,93692,20929,114621,762
2022-09-18,Napa,055,140530,32063,31979,1399,33378,160
2022-09-18,Nevada,057,99092,18918,18824,1819,20643,132
2022-09-18,Orange,059,3164182,665255,662784,62672,725456,7398
2022-09-18,Placer,061,380077,75529,75159,9470,84629,660
2022-09-18,Plumas,063,18699,3637,3609,432,4041,13
2022-09-18,Riverside,065,2383286,693631,691630,35139,726769,6608
2022-09-18,Sacramento,067,1510023,345321,343926,33930,377856,3267
2022-09-18,San Benito,069,59416,16240,16057,956,17013,106
2022-09-18,San Bernardino,071,2135413,669387,664360,30744,695104,8074
2022-09-18,San Diego,073,3302833,920088,917229,71618,988847,5479
2022-09-18,San Francisco,075,870044,178204,176724,12030,188754,1025
2022-09-18,San Joaquin,077,732212,197236,196128,14856,210984,2304
2022-09-18,San Luis Obispo,079,281455,63082,62716,7073,69789,520
2022-09-18,San Mateo,081,765935,167970,166572,10414,176986,735
2022-09-18,Santa Barbara,083,443738,105369,104912,6829,111741,718
2022-09-18,Santa Clara,085,1922200,434085,428065,18893,446958,2473
2022-09-18,Santa Cruz,087,273765,62755,62480,3409,65889,274
2022-09-18,Shasta,089,179085,34836,34648,7388,42036,591
2022-09-18,Sierra,091,2930,303,303,60,363,5
2022-09-18,Siskiyou,093,43540,5117,5226,3294,8520,90
2022-09-18,Solano,095,438530,104799,104085,7846,111931,462
2022-09-18,Sonoma,097,501317,106436,106028,5249,111277,518
2022-09-18,Stanislaus,099,539301,137571,136981,21533,158514,1727
2022-09-18,Sutter,101,95872,24175,24119,2459,26578,232
2022-09-18,Tehama,103,63373,13579,13503,3063,16566,210
2022-09-18,Trinity,105,12862,1395,1385,384,1769,20
2022-09-18,Tulare,107,460477,121606,121230,36114,157344,1531
2022-09-18,Tuolumne,109,53932,15516,15411,916,16327,196
2022-09-18,Ventura,111,848112,207852,207049,15636,222685,1563
2022-09-18,Yolo,113,214977,47219,47085,4268,51353,334
2022-09-18,Yuba,115,75493,18832,18764,1700,20464,129
2022-09-17,Alameda,001,1643700,345998,344045,19554,363599,2007
2022-09-17,Alpine,002,1148,134,134,1,135,0
2022-09-17,Amador,005,37829,9955,9908,922,10830,90
2022-09-17,Butte,007,227075,39369,39155,9065,48220,453
2022-09-17,Calaveras,009,45235,8469,8455,537,8992,133
2022-09-17,Colusa,011,21464,3784,3765,1271,5036,22
2022-09-17,Contra Costa,013,1133247,250259,247095,20624,267719,1423
2022-09-17,Del Norte,015,27424,7400,7381,398,7779,56
2022-09-17,El Dorado,017,186661,32147,32088,4231,36319,231
2022-09-17,Fresno,019,978130,277411,272774,31395,304169,2839
2022-09-17,Glenn,021,27897,5506,5481,1858,7339,48
2022-09-17,Humboldt,023,135768,21700,21561,4952,26513,155
2022-09-17,Imperial,025,180216,65315,65099,15635,80734,956
2022-09-17,Inyo,027,18085,4482,4472,968,5440,59
2022-09-17,Kern,029,883053,218742,217694,63327,281021,2405
2022-09-17,Kings,031,150075,59287,59122,4088,63210,456
2022-09-17,Lake,033,64148,12764,12696,1177,13873,144
2022-09-17,Lassen,035,31185,9948,9938,992,10930,65
2022-09-17,Los Angeles,037,10098052,3268555,3253906,179517,3433423,33160
2022-09-17,Madera,039,155013,43913,43782,8225,52007,373
2022-09-17,Marin,041,260295,44924,44702,5236,49938,309
2022-09-17,Mariposa,043,17540,3094,3064,343,3407,31
2022-09-17,Mendocino,045,87422,15966,15872,4453,20325,136
2022-09-17,Merced,047,269075,72443,71732,11826,83558,862
2022-09-17,Modoc,049,8938,873,872,322,1194,11
2022-09-17,Mono,051,14174,3204,3191,252,3443,7
2022-09-17,Monterey,053,433212,93960,93692,20920,114612,762
2022-09-17,Napa,055,140530,32057,31979,1398,33377,160
2022-09-17,Nevada,057,99092,18909,18824,1817,20641,132
2022-09-17,Orange,059,3164182,665082,662784,62631,725415,7398
2022-09-17,Placer,061,380077,75494,75159,9464,84623,660
2022-09-17,Plumas,063,18699,3635,3609,432,4041,13
2022-09-17,Riverside,065,2383286,693488,691630,35121,726751,6608
2022-09-17,Sacramento,067,1510023,345244,343926,33910,377836,3267
2022-09-17,San Benito,069,59416,16235,16057,955,17012,106
2022-09-17,San Bernardino,071,2135413,669256,664360,30733,695093,8074
2022-09-17,San Diego,073,3302833,919910,917229,71597,988826,5479
2022-09-17,San Francisco,075,870044,178143,176724,12026,188750,1025
2022-09-17,San Joaquin,077,732212,197211,196128,14853,210981,2304
2022-09-17,San Luis Obispo,079,281455,63071,62716,7073,69789,520
2022-09-17,San Mateo,081,765935,167905,166572,10406,176978,735
2022-09-17,Santa Barbara,083,443738,105339,104912,6828,111740,718
2022-09-17,Santa Clara,085,1922200,433944,428065,18886,446951,2473
2022-09-17,Santa Cruz,087,273765,62747,62480,3409,65889,274
2022-09-17,Shasta,089,179085,34825,34648,7383,42031,591
2022-09-17,Sierra,091,2930,303,303,60,363,5
2022-09-17,Siskiyou,093,43540,5116,5226,3293,8519,90
2022-09-17,Solano,095,438530,104788,104085,7843,111928,462
2022-09-17,Sonoma,097,501317,106400,106028,5248,111276,518
2022-09-17,Stanislaus,099,539301,137546,136981,21527,158508,1727
2022-09-17,Sutter,101,95872,24169,24119,2459,26578,232
2022-09-17,Tehama,103,63373,13577,13503,3062,16565,210
2022-09-17,Trinity,105,12862,1395,1385,384,1769,20
2022-09-17,Tulare,107,460477,121588,121230,36102,157332,1531
2022-09-17,Tuolumne,109,53932,15510,15411,916,16327,196
2022-09-17,Ventura,111,848112,207806,207049,15627,222676,1563
2022-09-17,Yolo,113,214977,47209,47085,4263,51348,334
2022-09-17,Yuba,115,75493,18829,18764,1700,20464,129
2022-09-16,Alameda,001,1643700,345863,344045,19541,363586,2007
2022-09-16,Alpine,002,1148,134,134,1,135,0
2022-09-16,Amador,005,37829,9953,9908,922,10830,90
2022-09-16,Butte,007,227075,39353,39155,9062,48217,453
2022-09-16,Calaveras,009,45235,8466,8455,537,8992,133
2022-09-16,Colusa,011,21464,3783,3765,1271,5036,22
2022-09-16,Contra Costa,013,1133247,250174,247095,20617,267712,1423
2022-09-16,Del Norte,015,27424,7399,7381,398,7779,56
2022-09-16,El Dorado,017,186661,32139,32088,4229,36317,231
2022-09-16,Fresno,019,978130,277371,272774,31387,304161,2839
2022-09-16,Glenn,021,27897,5506,5481,1858,7339,48
2022-09-16,Humboldt,023,135768,21690,21561,4952,26513,155
2022-09-16,Imperial,025,180216,65302,65099,15630,80729,956
2022-09-16,Inyo,027,18085,4482,4472,966,5438,59
2022-09-16,Kern,029,883053,218700,217694,63305,280999,2405
2022-09-16,Kings,031,150075,59272,59122,4088,63210,456
2022-09-16,Lake,033,64148,12760,12696,1177,13873,144
2022-09-16,Lassen,035,31185,9947,9938,991,10929,65
2022-09-16,Los Angeles,037,10098052,3267662,3253906,179414,3433320,33160
2022-09-16,Madera,039,155013,43899,43782,8225,52007,373
2022-09-16,Marin,041,260295,44902,44702,5233,49935,309
2022-09-16,Mariposa,043,17540,3093,3064,343,3407,31
2022-09-16,Mendocino,045,87422,15961,15872,4452,20324,136
2022-09-16,Merced,047,269075,72428,71732,11824,83556,862
2022-09-16,Modoc,049,8938,873,872,322,1194,11
2022-09-16,Mono,051,14174,3204,3191,252,3443,7
2022-09-16,Monterey,053,433212,93943,93692,20917,114609,762
2022-09-16,Napa,055,140530,32047,31979,1397,33376,160
2022-09-16,Nevada,057,99092,18904,18824,1817,20641,132
2022-09-16,Orange,059,3164182,664918,662784,62574,725358,7398
2022-09-16,Placer,061,380077,75476,75159,9459,84618,660
2022-09-16,Plumas,063,18699,3633,3609,432,4041,13
2022-09-16,Riverside,065,2383286,693370,691630,35103,726733,6608
2022-09-16,Sacramento,067,1510023,345149,343926,33903,377829,3267
2022-09-16,San Benito,069,59416,16228,16057,955,17012,106
2022-09-16,San Bernardino,071,2135413,669109,664360,30724,695084,8074
2022-09-16,San Diego,073,3302833,919630,917229,71570,988799,5479
2022-09-16,San Francisco,075,870044,178084,176724,12020,188744,1025
2022-09-16,San Joaquin,077,732212,197175,196128,14849,210977,2304
2022-09-16,San Luis Obispo,079,281455,63055,62716,7072,69788,520
2022-09-16,San Mateo,081,765935,167836,166572,10402,176974,735
2022-09-16,Santa Barbara,083,443738,105313,104912,6826,111738,718
2022-09-16,Santa Clara,085,1922200,433807,428065,18876,446941,2473
2022-09-16,Santa Cruz,087,273765,62726,62480,3409,65889,274
2022-09-16,Shasta,089,179085,34819,34648,7379,42027,591
2022-09-16,Sierra,091,2930,303,303,60,363,5
2022-09-16,Siskiyou,093,43540,5114,5226,3293,8519,90
2022-09-16,Solano,095,438530,104764,104085,7840,111925,462
2022-09-16,Sonoma,097,501317,106369,106028,5248,111276,518
2022-09-16,Stanislaus,099,539301,137508,136981,21524,158505,1727
2022-09-16,Sutter,101,95872,24156,24119,2459,26578,232
2022-09-16,Tehama,103,63373,13575,13503,3061,16564,210
2022-09-16,Trinity,105,12862,1395,1385,384,1769,20
2022-09-16,Tulare,107,460477,121562,121230,36084,157314,1531
2022-09-16,Tuolumne,109,53932,15499,15411,916,16327,196
2022-09-16,Ventura,111,848112,207737,207049,15616,222665,1563
2022-09-16,Yolo,113,214977,47198,47085,4258,51343,334
2022-09-16,Yuba,115,75493,18820,18764,1700,20464,129
2022-09-15,Alameda,001,1643700,345689,344045,19528,363573,2007
2022-09-15,Alpine,002,1148,134,134,1,135,0
2022-09-15,Amador,005,37829,9949,9908,922,10830,90
2022-09-15,Butte,007,227075,39343,39155,9057,48212,453
2022-09-15,Calaveras,009,45235,8464,8455,534,8989,133
2022-09-15,Colusa,011,21464,3782,3765,1271,5036,22
2022-09-15,Contra Costa,013,1133247,250042,247095,20599,267694,1423
2022-09-15,Del Norte,015,27424,7396,7381,398,7779,56
2022-09-15,El Dorado,017,186661,32130,32088,4227,36315,231
2022-09-15,Fresno,019,978130,277267,272774,31378,304152,2839
2022-09-15,Glenn,021,27897,5506,5481,1857,7338,48
2022-09-15,Humboldt,023,135768,21673,21561,4944,26505,155
2022-09-15,Imperial,025,180216,65278,65099,15615,80714,956
2022-09-15,Inyo,027,18085,4482,4472,963,5435,59
2022-09-15,Kern,029,883053,218642,217694,63250,280944,2405
2022-09-15,Kings,031,150075,59254,59122,4088,63210,456
2022-09-15,Lake,033,64148,12757,12696,1176,13872,144
2022-09-15,Lassen,035,31185,9946,9938,991,10929,65
2022-09-15,Los Angeles,037,10098052,3266502,3253906,179253,3433159,33160
2022-09-15,Madera,039,155013,43888,43782,8222,52004,373
2022-09-15,Marin,041,260295,44884,44702,5230,49932,309
2022-09-15,Mariposa,043,17540,3092,3064,342,3406,31
2022-09-15,Mendocino,045,87422,15950,15872,4450,20322,136
2022-09-15,Merced,047,269075,72406,71732,11820,83552,862
2022-09-15,Modoc,049,8938,873,872,321,1193,11
2022-09-15,Mono,051,14174,3204,3191,250,3441,7
2022-09-15,Monterey,053,433212,93922,93692,20907,114599,762
2022-09-15,Napa,055,140530,32034,31979,1397,33376,160
2022-09-15,Nevada,057,99092,18896,18824,1814,20638,132
2022-09-15,Orange,059,3164182,664687,662784,62499,725283,7398
2022-09-15,Placer,061,380077,75439,75159,9454,84613,660
2022-09-15,Plumas,063,18699,3633,3609,432,4041,13
2022-09-15,Riverside,065,2383286,693198,691630,35086,726716,6608
2022-09-15,Sacramento,067,1510023,344996,343926,33873,377799,3267
2022-09-15,San Benito,069,59416,16222,16057,955,17012,106
2022-09-15,San Bernardino,071,2135413,668914,664360,30708,695068,8074
2022-09-15,San Diego,073,3302833,919271,917229,71530,988759,5479
2022-09-15,San Francisco,075,870044,177977,176724,12013,188737,1025
2022-09-15,San Joaquin,077,732212,197107,196128,14836,210964,2304
2022-09-15,San Luis Obispo,079,281455,63031,62716,7069,69785,520
2022-09-15,San Mateo,081,765935,167745,166572,10393,176965,735
2022-09-15,Santa Barbara,083,443738,105273,104912,6820,111732,718
2022-09-15,Santa Clara,085,1922200,433600,428065,18861,446926,2473
2022-09-15,Santa Cruz,087,273765,62704,62480,3405,65885,274
2022-09-15,Shasta,089,179085,34813,34648,7371,42019,591
2022-09-15,Sierra,091,2930,303,303,60,363,5
2022-09-15,Siskiyou,093,43540,5110,5226,3290,8516,90
2022-09-15,Solano,095,438530,104722,104085,7834,111919,462
2022-09-15,Sonoma,097,501317,106332,106028,5246,111274,518
2022-09-15,Stanislaus,099,539301,137465,136981,21520,158501,1727
2022-09-15,Sutter,101,95872,24148,24119,2459,26578,232
2022-09-15,Tehama,103,63373,13570,13503,3059,16562,210
2022-09-15,Trinity,105,12862,1394,1385,383,1768,20
2022-09-15,Tulare,107,460477,121535,121230,36064,157294,1531
2022-09-15,Tuolumne,109,53932,15490,15411,916,16327,196
2022-09-15,Ventura,111,848112,207642,207049,15602,222651,1563
2022-09-15,Yolo,113,214977,47185,47085,4256,51341,334
2022-09-15,Yuba,115,75493,18812,18764,1698,20462,129
2022-09-14,Alameda,001,1643700,345506,344045,19516,363561,2007
2022-09-14,Alpine,002,1148,134,134,1,135,0
2022-09-14,Amador,005,37829,9943,9908,922,10830,90
2022-09-14,Butte,007,227075,39324,39155,9050,48205,453
2022-09-14,Calaveras,009,45235,8458,8455,532,8987,133
2022-09-14,Colusa,011,21464,3779,3765,1271,5036,22
2022-09-14,Contra Costa,013,1133247,249932,247095,20585,267680,1423
2022-09-14,Del Norte,015,27424,7393,7381,398,7779,56
2022-09-14,El Dorado,017,186661,32118,32088,4221,36309,231
2022-09-14,Fresno,019,978130,277173,272774,31362,304136,2839
2022-09-14,Glenn,021,27897,5506,5481,1854,7335,48
2022-09-14,Humboldt,023,135768,21651,21561,4941,26502,155
2022-09-14,Imperial,025,180216,65252,65099,15598,80697,956
2022-09-14,Inyo,027,18085,4480,4472,961,5433,59
2022-09-14,Kern,029,883053,218581,217694,63193,280887,2405
2022-09-14,Kings,031,150075,59232,59122,4084,63206,456
2022-09-14,Lake,033,64148,12749,12696,1175,13871,144
2022-09-14,Lassen,035,31185,9946,9938,989,10927,65
2022-09-14,Los Angeles,037,10098052,3265254,3253906,179107,3433013,33160
2022-09-14,Madera,039,155013,43858,43782,8217,51999,373
2022-09-14,Marin,041,260295,44862,44702,5222,49924,309
2022-09-14,Mariposa,043,17540,3091,3064,342,3406,31
2022-09-14,Mendocino,045,87422,15945,15872,4449,20321,136
2022-09-14,Merced,047,269075,72378,71732,11810,83542,862
2022-09-14,Modoc,049,8938,872,872,320,1192,11
2022-09-14,Mono,051,14174,3204,3191,249,3440,7
2022-09-14,Monterey,053,433212,93903,93692,20899,114591,762
2022-09-14,Napa,055,140530,32020,31979,1393,33372,160
2022-09-14,Nevada,057,99092,18885,18824,1812,20636,132
2022-09-14,Orange,059,3164182,664400,662784,62446,725230,7398
2022-09-14,Placer,061,380077,75408,75159,9451,84610,660
2022-09-14,Plumas,063,18699,3627,3609,432,4041,13
2022-09-14,Riverside,065,2383286,692964,691630,35057,726687,6608
2022-09-14,Sacramento,067,1510023,344839,343926,33833,377759,3267
2022-09-14,San Benito,069,59416,16214,16057,955,17012,106
2022-09-14,San Bernardino,071,2135413,668720,664360,30692,695052,8074
2022-09-14,San Diego,073,3302833,918891,917229,71482,988711,5479
2022-09-14,San Francisco,075,870044,177878,176724,12006,188730,1025
2022-09-14,San Joaquin,077,732212,197038,196128,14824,210952,2304
2022-09-14,San Luis Obispo,079,281455,63007,62716,7064,69780,520
2022-09-14,San Mateo,081,765935,167667,166572,10388,176960,735
2022-09-14,Santa Barbara,083,443738,105238,104912,6818,111730,718
2022-09-14,Santa Clara,085,1922200,433405,428065,18850,446915,2473
2022-09-14,Santa Cruz,087,273765,62690,62480,3403,65883,274
2022-09-14,Shasta,089,179085,34801,34648,7361,42009,591
2022-09-14,Sierra,091,2930,303,303,60,363,5
2022-09-14,Siskiyou,093,43540,5106,5226,3289,8515,90
2022-09-14,Solano,095,438530,104689,104085,7830,111915,462
2022-09-14,Sonoma,097,501317,106280,106028,5242,111270,518
2022-09-14,Stanislaus,099,539301,137397,136981,21510,158491,1727
2022-09-14,Sutter,101,95872,24135,24119,2459,26578,232
2022-09-14,Tehama,103,63373,13569,13503,3056,16559,210
2022-09-14,Trinity,105,12862,1394,1385,379,1764,20
2022-09-14,Tulare,107,460477,121510,121230,36041,157271,1531
2022-09-14,Tuolumne,109,53932,15482,15411,916,16327,196
2022-09-14,Ventura,111,848112,207553,207049,15592,222641,1563
2022-09-14,Yolo,113,214977,47176,47085,4250,51335,334
2022-09-14,Yuba,115,75493,18805,18764,1697,20461,129
2022-09-13,Alameda,001,1643700,345313,344045,19505,363550,2007
2022-09-13,Alpine,002,1148,134,134,1,135,0
2022-09-13,Amador,005,37829,9938,9908,922,10830,90
2022-09-13,Butte,007,227075,39296,39155,9044,48199,453
2022-09-13,Calaveras,009,45235,8455,8455,530,8985,133
2022-09-13,Colusa,011,21464,3777,3765,1271,5036,22
2022-09-13,Contra Costa,013,1133247,249800,247095,20575,267670,1423
2022-09-13,Del Norte,015,27424,7389,7381,398,7779,56
2022-09-13,El Dorado,017,186661,32104,32088,4217,36305,231
2022-09-13,Fresno,019,978130,277078,272774,31344,304118,2839
2022-09-13,Glenn,021,27897,5505,5481,1852,7333,48
2022-09-13,Humboldt,023,135768,21633,21561,4932,26493,155
2022-09-13,Imperial,025,180216,65229,65099,15588,80687,956
2022-09-13,Inyo,027,18085,4478,4472,958,5430,59
2022-09-13,Kern,029,883053,218489,217694,63109,280803,2405
2022-09-13,Kings,031,150075,59196,59122,4082,63204,456
2022-09-13,Lake,033,64148,12743,12696,1175,13871,144
2022-09-13,Lassen,035,31185,9946,9938,986,10924,65
2022-09-13,Los Angeles,037,10098052,3263931,3253906,178956,3432862,33160
2022-09-13,Madera,039,155013,43847,43782,8209,51991,373
2022-09-13,Marin,041,260295,44846,44702,5218,49920,309
2022-09-13,Mariposa,043,17540,3089,3064,342,3406,31
2022-09-13,Mendocino,045,87422,15940,15872,4445,20317,136
2022-09-13,Merced,047,269075,72355,71732,11807,83539,862
2022-09-13,Modoc,049,8938,872,872,320,1192,11
2022-09-13,Mono,051,14174,3204,3191,249,3440,7
2022-09-13,Monterey,053,433212,93874,93692,20886,114578,762
2022-09-13,Napa,055,140530,32000,31979,1393,33372,160
2022-09-13,Nevada,057,99092,18874,18824,1810,20634,132
2022-09-13,Orange,059,3164182,664115,662784,62376,725160,7398
2022-09-13,Placer,061,380077,75374,75159,9447,84606,660
2022-09-13,Plumas,063,18699,3624,3609,432,4041,13
2022-09-13,Riverside,065,2383286,692740,691630,35033,726663,6608
2022-09-13,Sacramento,067,1510023,344657,343926,33799,377725,3267
2022-09-13,San Benito,069,59416,16205,16057,955,17012,106
2022-09-13,San Bernardino,071,2135413,668474,664360,30673,695033,8074
2022-09-13,San Diego,073,3302833,918488,917229,71443,988672,5479
2022-09-13,San Francisco,075,870044,177772,176724,12000,188724,1025
2022-09-13,San Joaquin,077,732212,196955,196128,14814,210942,2304
2022-09-13,San Luis Obispo,079,281455,62977,62716,7056,69772,520
2022-09-13,San Mateo,081,765935,167582,166572,10385,176957,735
2022-09-13,Santa Barbara,083,443738,105183,104912,6811,111723,718
2022-09-13,Santa Clara,085,1922200,433174,428065,18838,446903,2473
2022-09-13,Santa Cruz,087,273765,62665,62480,3401,65881,274
2022-09-13,Shasta,089,179085,34777,34648,7357,42005,591
2022-09-13,Sierra,091,2930,303,303,60,363,5
2022-09-13,Siskiyou,093,43540,5102,5226,3288,8514,90
2022-09-13,Solano,095,438530,104633,104085,7821,111906,462
2022-09-13,Sonoma,097,501317,106224,106028,5240,111268,518
2022-09-13,Stanislaus,099,539301,137347,136981,21504,158485,1727
2022-09-13,Sutter,101,95872,24124,24119,2458,26577,232
2022-09-13,Tehama,103,63373,13560,13503,3055,16558,210
2022-09-13,Trinity,105,12862,1393,1385,379,1764,20
2022-09-13,Tulare,107,460477,121479,121230,36010,157240,1531
2022-09-13,Tuolumne,109,53932,15476,15411,916,16327,196
2022-09-13,Ventura,111,848112,207458,207049,15576,222625,1563
2022-09-13,Yolo,113,214977,47164,47085,4245,51330,334
2022-09-13,Yuba,115,75493,18796,18764,1696,20460,129
2022-09-12,Alameda,001,1643700,345092,343017,19488,362505,2006
2022-09-12,Alpine,002,1148,134,134,1,135,0
2022-09-12,Amador,005,37829,9930,9890,921,10811,89
2022-09-12,Butte,007,227075,39277,39049,9035,48084,453
2022-09-12,Calaveras,009,45235,8451,8444,530,8974,133
2022-09-12,Colusa,011,21464,3776,3755,1270,5025,22
2022-09-12,Contra Costa,013,1133247,249670,246174,20558,266732,1415
2022-09-12,Del Norte,015,27424,7386,7354,398,7752,56
2022-09-12,El Dorado,017,186661,32087,32027,4211,36238,229
2022-09-12,Fresno,019,978130,276952,272161,31326,303487,2835
2022-09-12,Glenn,021,27897,5501,5473,1852,7325,48
2022-09-12,Humboldt,023,135768,21617,21494,4921,26415,155
2022-09-12,Imperial,025,180216,65205,64926,15570,80496,956
2022-09-12,Inyo,027,18085,4476,4465,956,5421,59
2022-09-12,Kern,029,883053,218412,217203,63039,280242,2404
2022-09-12,Kings,031,150075,59179,58980,4078,63058,455
2022-09-12,Lake,033,64148,12734,12663,1172,13835,144
2022-09-12,Lassen,035,31185,9945,9931,986,10917,64
2022-09-12,Los Angeles,037,10098052,3262406,3246402,178768,3425170,33094
2022-09-12,Madera,039,155013,43835,43599,8199,51798,373
2022-09-12,Marin,041,260295,44825,44584,5214,49798,305
2022-09-12,Mariposa,043,17540,3084,3058,342,3400,31
2022-09-12,Mendocino,045,87422,15929,15853,4437,20290,135
2022-09-12,Merced,047,269075,72315,71563,11794,83357,856
2022-09-12,Modoc,049,8938,872,872,318,1190,11
2022-09-12,Mono,051,14174,3200,3188,249,3437,7
2022-09-12,Monterey,053,433212,93840,93513,20863,114376,762
2022-09-12,Napa,055,140530,31978,31910,1393,33303,158
2022-09-12,Nevada,057,99092,18865,18784,1809,20593,132
2022-09-12,Orange,059,3164182,663819,661329,62298,723627,7371
2022-09-12,Placer,061,380077,75343,74994,9442,84436,657
2022-09-12,Plumas,063,18699,3621,3594,431,4025,13
2022-09-12,Riverside,065,2383286,692454,690018,35010,725028,6596
2022-09-12,Sacramento,067,1510023,344489,343048,33767,376815,3254
2022-09-12,San Benito,069,59416,16192,16000,955,16955,103
2022-09-12,San Bernardino,071,2135413,668160,662248,30656,692904,8057
2022-09-12,San Diego,073,3302833,918005,915648,71394,987042,5474
2022-09-12,San Francisco,075,870044,177655,176512,11993,188505,1022
2022-09-12,San Joaquin,077,732212,196859,195697,14801,210498,2303
2022-09-12,San Luis Obispo,079,281455,62947,62569,7051,69620,519
2022-09-12,San Mateo,081,765935,167489,166165,10375,176540,735
2022-09-12,Santa Barbara,083,443738,105146,104627,6807,111434,717
2022-09-12,Santa Clara,085,1922200,432917,426854,18824,445678,2478
2022-09-12,Santa Cruz,087,273765,62637,62255,3400,65655,274
2022-09-12,Shasta,089,179085,34755,34531,7351,41882,591
2022-09-12,Sierra,091,2930,303,303,60,363,5
2022-09-12,Siskiyou,093,43540,5099,5197,3285,8482,90
2022-09-12,Solano,095,438530,104580,103841,7812,111653,461
2022-09-12,Sonoma,097,501317,106175,105778,5233,111011,521
2022-09-12,Stanislaus,099,539301,137287,136674,21499,158173,1726
2022-09-12,Sutter,101,95872,24113,24037,2456,26493,228
2022-09-12,Tehama,103,63373,13554,13471,3054,16525,210
2022-09-12,Trinity,105,12862,1392,1383,378,1761,20
2022-09-12,Tulare,107,460477,121422,120972,35979,156951,1529
2022-09-12,Tuolumne,109,53932,15467,15362,916,16278,196
2022-09-12,Ventura,111,848112,207348,206442,15561,222003,1558
2022-09-12,Yolo,113,214977,47149,46989,4243,51232,334
2022-09-12,Yuba,115,75493,18782,18709,1691,20400,129
2022-09-11,Alameda,001,1643700,344825,343017,19465,362482,2006
2022-09-11,Alpine,002,1148,134,134,1,135,0
2022-09-11,Amador,005,37829,9923,9890,918,10808,89
2022-09-11,Butte,007,227075,39242,39049,9028,48077,453
2022-09-11,Calaveras,009,45235,8448,8444,529,8973,133
2022-09-11,Colusa,011,21464,3774,3755,1268,5023,22
2022-09-11,Contra Costa,013,1133247,249504,246174,20530,266704,1415
2022-09-11,Del Norte,015,27424,7381,7354,397,7751,56
2022-09-11,El Dorado,017,186661,32071,32027,4203,36230,229
2022-09-11,Fresno,019,978130,276841,272161,31305,303466,2835
2022-09-11,Glenn,021,27897,5498,5473,1852,7325,48
2022-09-11,Humboldt,023,135768,21598,21494,4908,26402,155
2022-09-11,Imperial,025,180216,65162,64926,15542,80468,956
2022-09-11,Inyo,027,18085,4475,4465,947,5412,59
2022-09-11,Kern,029,883053,218306,217203,62938,280141,2404
2022-09-11,Kings,031,150075,59142,58980,4075,63055,455
2022-09-11,Lake,033,64148,12720,12663,1169,13832,144
2022-09-11,Lassen,035,31185,9939,9931,986,10917,64
2022-09-11,Los Angeles,037,10098052,3260668,3246402,178525,3424927,33094
2022-09-11,Madera,039,155013,43803,43599,8192,51791,373
2022-09-11,Marin,041,260295,44798,44584,5212,49796,305
2022-09-11,Mariposa,043,17540,3081,3058,342,3400,31
2022-09-11,Mendocino,045,87422,15919,15853,4431,20284,135
2022-09-11,Merced,047,269075,72278,71563,11783,83346,856
2022-09-11,Modoc,049,8938,872,872,317,1189,11
2022-09-11,Mono,051,14174,3197,3188,249,3437,7
2022-09-11,Monterey,053,433212,93810,93513,20845,114358,762
2022-09-11,Napa,055,140530,31957,31910,1392,33302,158
2022-09-11,Nevada,057,99092,18855,18784,1805,20589,132
2022-09-11,Orange,059,3164182,663519,661329,62227,723556,7371
2022-09-11,Placer,061,380077,75310,74994,9435,84429,657
2022-09-11,Plumas,063,18699,3615,3594,431,4025,13
2022-09-11,Riverside,065,2383286,692172,690018,34980,724998,6596
2022-09-11,Sacramento,067,1510023,344285,343048,33706,376754,3254
2022-09-11,San Benito,069,59416,16183,16000,951,16951,103
2022-09-11,San Bernardino,071,2135413,667837,662248,30638,692886,8057
2022-09-11,San Diego,073,3302833,917462,915648,71331,986979,5474
2022-09-11,San Francisco,075,870044,177501,176512,11979,188491,1022
2022-09-11,San Joaquin,077,732212,196755,195697,14780,210477,2303
2022-09-11,San Luis Obispo,079,281455,62915,62569,7037,69606,519
2022-09-11,San Mateo,081,765935,167375,166165,10370,176535,735
2022-09-11,Santa Barbara,083,443738,105105,104627,6803,111430,717
2022-09-11,Santa Clara,085,1922200,432628,426854,18808,445662,2478
2022-09-11,Santa Cruz,087,273765,62601,62255,3396,65651,274
2022-09-11,Shasta,089,179085,34724,34531,7343,41874,591
2022-09-11,Sierra,091,2930,303,303,60,363,5
2022-09-11,Siskiyou,093,43540,5097,5197,3279,8476,90
2022-09-11,Solano,095,438530,104499,103841,7807,111648,461
2022-09-11,Sonoma,097,501317,106108,105778,5227,111005,521
2022-09-11,Stanislaus,099,539301,137220,136674,21483,158157,1726
2022-09-11,Sutter,101,95872,24091,24037,2455,26492,228
2022-09-11,Tehama,103,63373,13540,13471,3051,16522,210
2022-09-11,Trinity,105,12862,1392,1383,378,1761,20
2022-09-11,Tulare,107,460477,121369,120972,35947,156919,1529
2022-09-11,Tuolumne,109,53932,15458,15362,916,16278,196
2022-09-11,Ventura,111,848112,207207,206442,15537,221979,1558
2022-09-11,Yolo,113,214977,47121,46989,4240,51229,334
2022-09-11,Yuba,115,75493,18773,18709,1688,20397,129
2022-09-10,Alameda,001,1643700,344686,343017,19459,362476,2006
2022-09-10,Alpine,002,1148,134,134,1,135,0
2022-09-10,Amador,005,37829,9920,9890,917,10807,89
2022-09-10,Butte,007,227075,39225,39049,9027,48076,453
2022-09-10,Calaveras,009,45235,8446,8444,529,8973,133
2022-09-10,Colusa,011,21464,3773,3755,1268,5023,22
2022-09-10,Contra Costa,013,1133247,249394,246174,20520,266694,1415
2022-09-10,Del Norte,015,27424,7378,7354,397,7751,56
2022-09-10,El Dorado,017,186661,32063,32027,4202,36229,229
2022-09-10,Fresno,019,978130,276756,272161,31295,303456,2835
2022-09-10,Glenn,021,27897,5495,5473,1851,7324,48
2022-09-10,Humboldt,023,135768,21589,21494,4904,26398,155
2022-09-10,Imperial,025,180216,65140,64926,15531,80457,956
2022-09-10,Inyo,027,18085,4475,4465,947,5412,59
2022-09-10,Kern,029,883053,218252,217203,62898,280101,2404
2022-09-10,Kings,031,150075,59132,58980,4075,63055,455
2022-09-10,Lake,033,64148,12717,12663,1169,13832,144
2022-09-10,Lassen,035,31185,9938,9931,986,10917,64
2022-09-10,Los Angeles,037,10098052,3259731,3246402,178380,3424782,33094
2022-09-10,Madera,039,155013,43786,43599,8189,51788,373
2022-09-10,Marin,041,260295,44773,44584,5207,49791,305
2022-09-10,Mariposa,043,17540,3081,3058,341,3399,31
2022-09-10,Mendocino,045,87422,15916,15853,4429,20282,135
2022-09-10,Merced,047,269075,72264,71563,11780,83343,856
2022-09-10,Modoc,049,8938,872,872,316,1188,11
2022-09-10,Mono,051,14174,3196,3188,249,3437,7
2022-09-10,Monterey,053,433212,93789,93513,20841,114354,762
2022-09-10,Napa,055,140530,31949,31910,1392,33302,158
2022-09-10,Nevada,057,99092,18851,18784,1805,20589,132
2022-09-10,Orange,059,3164182,663345,661329,62189,723518,7371
2022-09-10,Placer,061,380077,75281,74994,9433,84427,657
2022-09-10,Plumas,063,18699,3611,3594,431,4025,13
2022-09-10,Riverside,065,2383286,691990,690018,34969,724987,6596
2022-09-10,Sacramento,067,1510023,344191,343048,33696,376744,3254
2022-09-10,San Benito,069,59416,16176,16000,951,16951,103
2022-09-10,San Bernardino,071,2135413,667677,662248,30623,692871,8057
2022-09-10,San Diego,073,3302833,917234,915648,71307,986955,5474
2022-09-10,San Francisco,075,870044,177443,176512,11976,188488,1022
2022-09-10,San Joaquin,077,732212,196704,195697,14772,210469,2303
2022-09-10,San Luis Obispo,079,281455,62902,62569,7035,69604,519
2022-09-10,San Mateo,081,765935,167300,166165,10362,176527,735
2022-09-10,Santa Barbara,083,443738,105084,104627,6801,111428,717
2022-09-10,Santa Clara,085,1922200,432404,426854,18797,445651,2478
2022-09-10,Santa Cruz,087,273765,62590,62255,3394,65649,274
2022-09-10,Shasta,089,179085,34713,34531,7340,41871,591
2022-09-10,Sierra,091,2930,303,303,60,363,5
2022-09-10,Siskiyou,093,43540,5097,5197,3279,8476,90
2022-09-10,Solano,095,438530,104474,103841,7804,111645,461
2022-09-10,Sonoma,097,501317,106086,105778,5227,111005,521
2022-09-10,Stanislaus,099,539301,137180,136674,21477,158151,1726
2022-09-10,Sutter,101,95872,24076,24037,2455,26492,228
2022-09-10,Tehama,103,63373,13539,13471,3051,16522,210
2022-09-10,Trinity,105,12862,1392,1383,378,1761,20
2022-09-10,Tulare,107,460477,121343,120972,35934,156906,1529
2022-09-10,Tuolumne,109,53932,15452,15362,916,16278,196
2022-09-10,Ventura,111,848112,207138,206442,15523,221965,1558
2022-09-10,Yolo,113,214977,47111,46989,4237,51226,334
2022-09-10,Yuba,115,75493,18765,18709,1687,20396,129
2022-09-09,Alameda,001,1643700,344508,343017,19451,362468,2006
2022-09-09,Alpine,002,1148,134,134,1,135,0
2022-09-09,Amador,005,37829,9915,9890,917,10807,89
2022-09-09,Butte,007,227075,39212,39049,9022,48071,453
2022-09-09,Calaveras,009,45235,8444,8444,529,8973,133
2022-09-09,Colusa,011,21464,3771,3755,1267,5022,22
2022-09-09,Contra Costa,013,1133247,249317,246174,20509,266683,1415
2022-09-09,Del Norte,015,27424,7377,7354,397,7751,56
2022-09-09,El Dorado,017,186661,32055,32027,4200,36227,229
2022-09-09,Fresno,019,978130,276686,272161,31285,303446,2835
2022-09-09,Glenn,021,27897,5493,5473,1851,7324,48
2022-09-09,Humboldt,023,135768,21582,21494,4899,26393,155
2022-09-09,Imperial,025,180216,65115,64926,15523,80449,956
2022-09-09,Inyo,027,18085,4473,4465,939,5404,59
2022-09-09,Kern,029,883053,218190,217203,62854,280057,2404
2022-09-09,Kings,031,150075,59113,58980,4075,63055,455
2022-09-09,Lake,033,64148,12714,12663,1168,13831,144
2022-09-09,Lassen,035,31185,9938,9931,986,10917,64
2022-09-09,Los Angeles,037,10098052,3258694,3246402,178235,3424637,33094
2022-09-09,Madera,039,155013,43768,43599,8187,51786,373
2022-09-09,Marin,041,260295,44760,44584,5206,49790,305
2022-09-09,Mariposa,043,17540,3080,3058,341,3399,31
2022-09-09,Mendocino,045,87422,15910,15853,4425,20278,135
2022-09-09,Merced,047,269075,72243,71563,11778,83341,856
2022-09-09,Modoc,049,8938,872,872,316,1188,11
2022-09-09,Mono,051,14174,3196,3188,249,3437,7
2022-09-09,Monterey,053,433212,93774,93513,20832,114345,762
2022-09-09,Napa,055,140530,31937,31910,1392,33302,158
2022-09-09,Nevada,057,99092,18844,18784,1805,20589,132
2022-09-09,Orange,059,3164182,663159,661329,62146,723475,7371
2022-09-09,Placer,061,380077,75259,74994,9430,84424,657
2022-09-09,Plumas,063,18699,3609,3594,431,4025,13
2022-09-09,Riverside,065,2383286,691803,690018,34955,724973,6596
2022-09-09,Sacramento,067,1510023,344056,343048,33684,376732,3254
2022-09-09,San Benito,069,59416,16166,16000,951,16951,103
2022-09-09,San Bernardino,071,2135413,667502,662248,30614,692862,8057
2022-09-09,San Diego,073,3302833,916973,915648,71282,986930,5474
2022-09-09,San Francisco,075,870044,177370,176512,11968,188480,1022
2022-09-09,San Joaquin,077,732212,196648,195697,14757,210454,2303
2022-09-09,San Luis Obispo,079,281455,62896,62569,7032,69601,519
2022-09-09,San Mateo,081,765935,167245,166165,10360,176525,735
2022-09-09,Santa Barbara,083,443738,105047,104627,6798,111425,717
2022-09-09,Santa Clara,085,1922200,432214,426854,18785,445639,2478
2022-09-09,Santa Cruz,087,273765,62569,62255,3392,65647,274
2022-09-09,Shasta,089,179085,34697,34531,7334,41865,591
2022-09-09,Sierra,091,2930,303,303,60,363,5
2022-09-09,Siskiyou,093,43540,5090,5197,3279,8476,90
2022-09-09,Solano,095,438530,104440,103841,7799,111640,461
2022-09-09,Sonoma,097,501317,106058,105778,5227,111005,521
2022-09-09,Stanislaus,099,539301,137152,136674,21470,158144,1726
2022-09-09,Sutter,101,95872,24069,24037,2454,26491,228
2022-09-09,Tehama,103,63373,13534,13471,3051,16522,210
2022-09-09,Trinity,105,12862,1391,1383,378,1761,20
2022-09-09,Tulare,107,460477,121303,120972,35916,156888,1529
2022-09-09,Tuolumne,109,53932,15451,15362,916,16278,196
2022-09-09,Ventura,111,848112,207068,206442,15509,221951,1558
2022-09-09,Yolo,113,214977,47096,46989,4237,51226,334
2022-09-09,Yuba,115,75493,18756,18709,1687,20396,129
2022-09-08,Alameda,001,1643700,344281,343017,19440,362457,2006
2022-09-08,Alpine,002,1148,134,134,1,135,0
2022-09-08,Amador,005,37829,9908,9890,917,10807,89
2022-09-08,Butte,007,227075,39189,39049,9012,48061,453
2022-09-08,Calaveras,009,45235,8444,8444,528,8972,133
2022-09-08,Colusa,011,21464,3771,3755,1267,5022,22
2022-09-08,Contra Costa,013,1133247,249188,246174,20491,266665,1415
2022-09-08,Del Norte,015,27424,7367,7354,397,7751,56
2022-09-08,El Dorado,017,186661,32038,32027,4198,36225,229
2022-09-08,Fresno,019,978130,276570,272161,31263,303424,2835
2022-09-08,Glenn,021,27897,5493,5473,1851,7324,48
2022-09-08,Humboldt,023,135768,21556,21494,4894,26388,155
2022-09-08,Imperial,025,180216,65084,64926,15502,80428,956
2022-09-08,Inyo,027,18085,4471,4465,937,5402,59
2022-09-08,Kern,029,883053,218101,217203,62761,279964,2404
2022-09-08,Kings,031,150075,59084,58980,4073,63053,455
2022-09-08,Lake,033,64148,12705,12663,1168,13831,144
2022-09-08,Lassen,035,31185,9937,9931,986,10917,64
2022-09-08,Los Angeles,037,10098052,3257235,3246402,178038,3424440,33094
2022-09-08,Madera,039,155013,43738,43599,8181,51780,373
2022-09-08,Marin,041,260295,44734,44584,5202,49786,305
2022-09-08,Mariposa,043,17540,3077,3058,341,3399,31
2022-09-08,Mendocino,045,87422,15903,15853,4425,20278,135
2022-09-08,Merced,047,269075,72214,71563,11766,83329,856
2022-09-08,Modoc,049,8938,872,872,316,1188,11
2022-09-08,Mono,051,14174,3196,3188,248,3436,7
2022-09-08,Monterey,053,433212,93742,93513,20811,114324,762
2022-09-08,Napa,055,140530,31924,31910,1392,33302,158
2022-09-08,Nevada,057,99092,18834,18784,1804,20588,132
2022-09-08,Orange,059,3164182,662878,661329,62079,723408,7371
2022-09-08,Placer,061,380077,75227,74994,9426,84420,657
2022-09-08,Plumas,063,18699,3606,3594,431,4025,13
2022-09-08,Riverside,065,2383286,691526,690018,34931,724949,6596
2022-09-08,Sacramento,067,1510023,343883,343048,33660,376708,3254
2022-09-08,San Benito,069,59416,16155,16000,951,16951,103
2022-09-08,San Bernardino,071,2135413,667203,662248,30603,692851,8057
2022-09-08,San Diego,073,3302833,916596,915648,71229,986877,5474
2022-09-08,San Francisco,075,870044,177245,176512,11960,188472,1022
2022-09-08,San Joaquin,077,732212,196562,195697,14740,210437,2303
2022-09-08,San Luis Obispo,079,281455,62878,62569,7026,69595,519
2022-09-08,San Mateo,081,765935,167158,166165,10356,176521,735
2022-09-08,Santa Barbara,083,443738,105005,104627,6793,111420,717
2022-09-08,Santa Clara,085,1922200,431943,426854,18773,445627,2478
2022-09-08,Santa Cruz,087,273765,62538,62255,3389,65644,274
2022-09-08,Shasta,089,179085,34675,34531,7325,41856,591
2022-09-08,Sierra,091,2930,303,303,60,363,5
2022-09-08,Siskiyou,093,43540,5085,5197,3278,8475,90
2022-09-08,Solano,095,438530,104385,103841,7787,111628,461
2022-09-08,Sonoma,097,501317,105976,105778,5221,110999,521
2022-09-08,Stanislaus,099,539301,137086,136674,21455,158129,1726
2022-09-08,Sutter,101,95872,24057,24037,2454,26491,228
2022-09-08,Tehama,103,63373,13526,13471,3048,16519,210
2022-09-08,Trinity,105,12862,1391,1383,378,1761,20
2022-09-08,Tulare,107,460477,121255,120972,35887,156859,1529
2022-09-08,Tuolumne,109,53932,15444,15362,915,16277,196
2022-09-08,Ventura,111,848112,206950,206442,15485,221927,1558
2022-09-08,Yolo,113,214977,47075,46989,4229,51218,334
2022-09-08,Yuba,115,75493,18746,18709,1683,20392,129
2022-09-07,Alameda,001,1643700,344036,342480,19433,361913,1999
2022-09-07,Alpine,002,1148,134,133,1,134,0
2022-09-07,Amador,005,37829,9905,9877,917,10794,89
2022-09-07,Butte,007,227075,39159,38969,9000,47969,453
2022-09-07,Calaveras,009,45235,8442,8437,526,8963,133
2022-09-07,Colusa,011,21464,3768,3748,1267,5015,22
2022-09-07,Contra Costa,013,1133247,249047,245708,20475,266183,1415
2022-09-07,Del Norte,015,27424,7365,7346,397,7743,56
2022-09-07,El Dorado,017,186661,32025,31979,4197,36176,229
2022-09-07,Fresno,019,978130,276410,271753,31235,302988,2835
2022-09-07,Glenn,021,27897,5491,5468,1850,7318,48
2022-09-07,Humboldt,023,135768,21538,21459,4891,26350,155
2022-09-07,Imperial,025,180216,65051,64755,15480,80235,956
2022-09-07,Inyo,027,18085,4466,4456,930,5386,59
2022-09-07,Kern,029,883053,218002,216932,62668,279600,2404
2022-09-07,Kings,031,150075,59049,58922,4069,62991,455
2022-09-07,Lake,033,64148,12696,12647,1167,13814,143
2022-09-07,Lassen,035,31185,9937,9918,985,10903,64
2022-09-07,Los Angeles,037,10098052,3255639,3242352,177838,3420190,32971
2022-09-07,Madera,039,155013,43691,43533,8181,51714,373
2022-09-07,Marin,041,260295,44711,44489,5200,49689,305
2022-09-07,Mariposa,043,17540,3075,3046,341,3387,31
2022-09-07,Mendocino,045,87422,15898,15813,4419,20232,135
2022-09-07,Merced,047,269075,72179,71448,11754,83202,856
2022-09-07,Modoc,049,8938,872,868,316,1184,11
2022-09-07,Mono,051,14174,3195,3184,248,3432,7
2022-09-07,Monterey,053,433212,93712,93430,20792,114222,762
2022-09-07,Napa,055,140530,31904,31854,1392,33246,156
2022-09-07,Nevada,057,99092,18821,18761,1802,20563,132
2022-09-07,Orange,059,3164182,662568,660580,62004,722584,7362
2022-09-07,Placer,061,380077,75200,74884,9417,84301,658
2022-09-07,Plumas,063,18699,3604,3588,430,4018,13
2022-09-07,Riverside,065,2383286,691193,688794,34904,723698,6591
2022-09-07,Sacramento,067,1510023,343720,342602,33627,376229,3248
2022-09-07,San Benito,069,59416,16142,15933,950,16883,103
2022-09-07,San Bernardino,071,2135413,666944,660303,30587,690890,8023
2022-09-07,San Diego,073,3302833,916103,914552,71184,985736,5468
2022-09-07,San Francisco,075,870044,177142,176386,11950,188336,1018
2022-09-07,San Joaquin,077,732212,196448,195359,14728,210087,2303
2022-09-07,San Luis Obispo,079,281455,62857,62548,7023,69571,517
2022-09-07,San Mateo,081,765935,167057,165893,10349,176242,736
2022-09-07,Santa Barbara,083,443738,104961,104452,6788,111240,717
2022-09-07,Santa Clara,085,1922200,431657,426178,18760,444938,2472
2022-09-07,Santa Cruz,087,273765,62505,62187,3386,65573,274
2022-09-07,Shasta,089,179085,34653,34484,7308,41792,591
2022-09-07,Sierra,091,2930,303,303,60,363,5
2022-09-07,Siskiyou,093,43540,5080,5190,3277,8467,89
2022-09-07,Solano,095,438530,104326,103665,7780,111445,463
2022-09-07,Sonoma,097,501317,105913,105389,5218,110607,517
2022-09-07,Stanislaus,099,539301,137008,136477,21445,157922,1726
2022-09-07,Sutter,101,95872,24043,23984,2454,26438,228
2022-09-07,Tehama,103,63373,13523,13453,3044,16497,210
2022-09-07,Trinity,105,12862,1391,1382,378,1760,20
2022-09-07,Tulare,107,460477,121203,120846,35857,156703,1529
2022-09-07,Tuolumne,109,53932,15437,15327,915,16242,196
2022-09-07,Ventura,111,848112,206829,206121,15468,221589,1557
2022-09-07,Yolo,113,214977,47046,46966,4223,51189,334
2022-09-07,Yuba,115,75493,18733,18665,1682,20347,129
2022-09-06,Alameda,001,1643700,343773,342480,19419,361899,1999
2022-09-06,Alpine,002,1148,133,133,1,134,0
2022-09-06,Amador,005,37829,9902,9877,917,10794,89
2022-09-06,Butte,007,227075,39128,38969,8989,47958,453
2022-09-06,Calaveras,009,45235,8440,8437,524,8961,133
2022-09-06,Colusa,011,21464,3766,3748,1267,5015,22
2022-09-06,Contra Costa,013,1133247,248879,245708,20448,266156,1415
2022-09-06,Del Norte,015,27424,7357,7346,397,7743,56
2022-09-06,El Dorado,017,186661,32007,31979,4191,36170,229
2022-09-06,Fresno,019,978130,276282,271753,31206,302959,2835
2022-09-06,Glenn,021,27897,5489,5468,1848,7316,48
2022-09-06,Humboldt,023,135768,21520,21459,4886,26345,155
2022-09-06,Imperial,025,180216,65001,64755,15452,80207,956
2022-09-06,Inyo,027,18085,4463,4456,924,5380,59
2022-09-06,Kern,029,883053,217908,216932,62568,279500,2404
2022-09-06,Kings,031,150075,59008,58922,4064,62986,455
2022-09-06,Lake,033,64148,12693,12647,1151,13798,143
2022-09-06,Lassen,035,31185,9934,9918,983,10901,64
2022-09-06,Los Angeles,037,10098052,3253855,3242352,177624,3419976,32971
2022-09-06,Madera,039,155013,43649,43533,8176,51709,373
2022-09-06,Marin,041,260295,44680,44489,5196,49685,305
2022-09-06,Mariposa,043,17540,3073,3046,341,3387,31
2022-09-06,Mendocino,045,87422,15892,15813,4412,20225,135
2022-09-06,Merced,047,269075,72141,71448,11737,83185,856
2022-09-06,Modoc,049,8938,871,868,316,1184,11
2022-09-06,Mono,051,14174,3195,3184,247,3431,7
2022-09-06,Monterey,053,433212,93677,93430,20774,114204,762
2022-09-06,Napa,055,140530,31888,31854,1392,33246,156
2022-09-06,Nevada,057,99092,18811,18761,1798,20559,132
2022-09-06,Orange,059,3164182,662202,660580,61928,722508,7362
2022-09-06,Placer,061,380077,75156,74884,9415,84299,658
2022-09-06,Plumas,063,18699,3600,3588,430,4018,13
2022-09-06,Riverside,065,2383286,690721,688794,34870,723664,6591
2022-09-06,Sacramento,067,1510023,343503,342602,33588,376190,3248
2022-09-06,San Benito,069,59416,16126,15933,950,16883,103
2022-09-06,San Bernardino,071,2135413,666668,660303,30571,690874,8023
2022-09-06,San Diego,073,3302833,915596,914552,71129,985681,5468
2022-09-06,San Francisco,075,870044,177005,176386,11938,188324,1018
2022-09-06,San Joaquin,077,732212,196354,195359,14715,210074,2303
2022-09-06,San Luis Obispo,079,281455,62815,62548,7021,69569,517
2022-09-06,San Mateo,081,765935,166950,165893,10339,176232,736
2022-09-06,Santa Barbara,083,443738,104904,104452,6783,111235,717
2022-09-06,Santa Clara,085,1922200,431398,426178,18745,444923,2472
2022-09-06,Santa Cruz,087,273765,62424,62187,3386,65573,274
2022-09-06,Shasta,089,179085,34605,34484,7285,41769,591
2022-09-06,Sierra,091,2930,303,303,60,363,5
2022-09-06,Siskiyou,093,43540,5078,5190,3273,8463,89
2022-09-06,Solano,095,438530,104260,103665,7768,111433,463
2022-09-06,Sonoma,097,501317,105851,105389,5215,110604,517
2022-09-06,Stanislaus,099,539301,136937,136477,21431,157908,1726
2022-09-06,Sutter,101,95872,24018,23984,2454,26438,228
2022-09-06,Tehama,103,63373,13514,13453,3041,16494,210
2022-09-06,Trinity,105,12862,1390,1382,378,1760,20
2022-09-06,Tulare,107,460477,121150,120846,35820,156666,1529
2022-09-06,Tuolumne,109,53932,15426,15327,915,16242,196
2022-09-06,Ventura,111,848112,206683,206121,15451,221572,1557
2022-09-06,Yolo,113,214977,47030,46966,4212,51178,334
2022-09-06,Yuba,115,75493,18711,18665,1681,20346,129
2022-09-05,Alameda,001,1643700,343481,342480,19411,361891,1999
2022-09-05,Alpine,002,1148,133,133,1,134,0
2022-09-05,Amador,005,37829,9898,9877,917,10794,89
2022-09-05,Butte,007,227075,39081,38969,8976,47945,453
2022-09-05,Calaveras,009,45235,8437,8437,523,8960,133
2022-09-05,Colusa,011,21464,3759,3748,1264,5012,22
2022-09-05,Contra Costa,013,1133247,248691,245708,20429,266137,1415
2022-09-05,Del Norte,015,27424,7352,7346,395,7741,56
2022-09-05,El Dorado,017,186661,31983,31979,4185,36164,229
2022-09-05,Fresno,019,978130,276048,271753,31142,302895,2835
2022-09-05,Glenn,021,27897,5486,5468,1844,7312,48
2022-09-05,Humboldt,023,135768,21504,21459,4880,26339,155
2022-09-05,Imperial,025,180216,64947,64755,15408,80163,956
2022-09-05,Inyo,027,18085,4461,4456,922,5378,59
2022-09-05,Kern,029,883053,217775,216932,62440,279372,2404
2022-09-05,Kings,031,150075,58950,58922,4061,62983,455
2022-09-05,Lake,033,64148,12686,12647,1149,13796,143
2022-09-05,Lassen,035,31185,9925,9918,982,10900,64
2022-09-05,Los Angeles,037,10098052,3251430,3242352,177357,3419709,32971
2022-09-05,Madera,039,155013,43593,43533,8154,51687,373
2022-09-05,Marin,041,260295,44651,44489,5196,49685,305
2022-09-05,Mariposa,043,17540,3068,3046,341,3387,31
2022-09-05,Mendocino,045,87422,15871,15813,4401,20214,135
2022-09-05,Merced,047,269075,72078,71448,11706,83154,856
2022-09-05,Modoc,049,8938,870,868,315,1183,11
2022-09-05,Mono,051,14174,3193,3184,244,3428,7
2022-09-05,Monterey,053,433212,93610,93430,20753,114183,762
2022-09-05,Napa,055,140530,31859,31854,1389,33243,156
2022-09-05,Nevada,057,99092,18804,18761,1793,20554,132
2022-09-05,Orange,059,3164182,661726,660580,61828,722408,7362
2022-09-05,Placer,061,380077,75105,74884,9410,84294,658
2022-09-05,Plumas,063,18699,3599,3588,430,4018,13
2022-09-05,Riverside,065,2383286,690210,688794,34819,723613,6591
2022-09-05,Sacramento,067,1510023,343214,342602,33525,376127,3248
2022-09-05,San Benito,069,59416,16100,15933,947,16880,103
2022-09-05,San Bernardino,071,2135413,666232,660303,30539,690842,8023
2022-09-05,San Diego,073,3302833,914971,914552,71034,985586,5468
2022-09-05,San Francisco,075,870044,176842,176386,11931,188317,1018
2022-09-05,San Joaquin,077,732212,196212,195359,14700,210059,2303
2022-09-05,San Luis Obispo,079,281455,62760,62548,7004,69552,517
2022-09-05,San Mateo,081,765935,166831,165893,10331,176224,736
2022-09-05,Santa Barbara,083,443738,104817,104452,6778,111230,717
2022-09-05,Santa Clara,085,1922200,431034,426178,18727,444905,2472
2022-09-05,Santa Cruz,087,273765,62365,62187,3382,65569,274
2022-09-05,Shasta,089,179085,34574,34484,7272,41756,591
2022-09-05,Sierra,091,2930,303,303,60,363,5
2022-09-05,Siskiyou,093,43540,5072,5190,3273,8463,89
2022-09-05,Solano,095,438530,104164,103665,7750,111415,463
2022-09-05,Sonoma,097,501317,105778,105389,5208,110597,517
2022-09-05,Stanislaus,099,539301,136839,136477,21413,157890,1726
2022-09-05,Sutter,101,95872,23994,23984,2452,26436,228
2022-09-05,Tehama,103,63373,13506,13453,3040,16493,210
2022-09-05,Trinity,105,12862,1390,1382,377,1759,20
2022-09-05,Tulare,107,460477,121052,120846,35761,156607,1529
2022-09-05,Tuolumne,109,53932,15407,15327,914,16241,196
2022-09-05,Ventura,111,848112,206506,206121,15415,221536,1557
2022-09-05,Yolo,113,214977,47006,46966,4204,51170,334
2022-09-05,Yuba,115,75493,18689,18665,1679,20344,129
2022-09-04,Alameda,001,1643700,343339,341621,19400,361021,1998
2022-09-04,Alpine,002,1148,133,133,1,134,0
2022-09-04,Amador,005,37829,9894,9855,916,10771,89
2022-09-04,Butte,007,227075,39059,38851,8969,47820,453
2022-09-04,Calaveras,009,45235,8435,8422,522,8944,133
2022-09-04,Colusa,011,21464,3758,3742,1261,5003,22
2022-09-04,Contra Costa,013,1133247,248586,245022,20423,265445,1410
2022-09-04,Del Norte,015,27424,7350,7340,394,7734,56
2022-09-04,El Dorado,017,186661,31966,31929,4182,36111,229
2022-09-04,Fresno,019,978130,275943,271062,31131,302193,2835
2022-09-04,Glenn,021,27897,5485,5462,1844,7306,48
2022-09-04,Humboldt,023,135768,21494,21390,4876,26266,154
2022-09-04,Imperial,025,180216,64920,64678,15396,80074,956
2022-09-04,Inyo,027,18085,4459,4449,919,5368,59
2022-09-04,Kern,029,883053,217692,216471,62344,278815,2404
2022-09-04,Kings,031,150075,58936,58753,4061,62814,455
2022-09-04,Lake,033,64148,12679,12608,1148,13756,143
2022-09-04,Lassen,035,31185,9922,9908,982,10890,64
2022-09-04,Los Angeles,037,10098052,3250490,3235242,177239,3412481,32927
2022-09-04,Madera,039,155013,43579,43403,8147,51550,373
2022-09-04,Marin,041,260295,44624,44394,5192,49586,305
2022-09-04,Mariposa,043,17540,3067,3036,341,3377,31
2022-09-04,Mendocino,045,87422,15867,15781,4400,20181,134
2022-09-04,Merced,047,269075,72054,71280,11701,82981,856
2022-09-04,Modoc,049,8938,870,868,315,1183,11
2022-09-04,Mono,051,14174,3193,3183,244,3427,7
2022-09-04,Monterey,053,433212,93576,93246,20731,113977,761
2022-09-04,Napa,055,140530,31850,31799,1389,33188,156
2022-09-04,Nevada,057,99092,18794,18705,1792,20497,132
2022-09-04,Orange,059,3164182,661554,659290,61776,721066,7347
2022-09-04,Placer,061,380077,75070,74754,9408,84162,657
2022-09-04,Plumas,063,18699,3597,3587,430,4017,13
2022-09-04,Riverside,065,2383286,690020,687184,34801,721985,6581
2022-09-04,Sacramento,067,1510023,343114,341766,33506,375272,3243
2022-09-04,San Benito,069,59416,16095,15900,947,16847,103
2022-09-04,San Bernardino,071,2135413,666085,658354,30523,688877,8006
2022-09-04,San Diego,073,3302833,914732,912824,71015,983839,5464
2022-09-04,San Francisco,075,870044,176764,176131,11926,188057,1015
2022-09-04,San Joaquin,077,732212,196088,194904,14682,209586,2301
2022-09-04,San Luis Obispo,079,281455,62750,62455,7000,69455,517
2022-09-04,San Mateo,081,765935,166775,165520,10327,175847,738
2022-09-04,Santa Barbara,083,443738,104766,104161,6773,110934,716
2022-09-04,Santa Clara,085,1922200,430837,425040,18713,443753,2473
2022-09-04,Santa Cruz,087,273765,62346,61989,3381,65370,273
2022-09-04,Shasta,089,179085,34567,34422,7265,41687,591
2022-09-04,Sierra,091,2930,303,303,60,363,5
2022-09-04,Siskiyou,093,43540,5069,5168,3270,8438,89
2022-09-04,Solano,095,438530,104146,103457,7746,111203,461
2022-09-04,Sonoma,097,501317,105752,105162,5203,110365,517
2022-09-04,Stanislaus,099,539301,136779,136168,21404,157572,1726
2022-09-04,Sutter,101,95872,23979,23927,2452,26379,228
2022-09-04,Tehama,103,63373,13498,13406,3037,16443,210
2022-09-04,Trinity,105,12862,1390,1377,376,1753,20
2022-09-04,Tulare,107,460477,121008,120592,35726,156318,1527
2022-09-04,Tuolumne,109,53932,15393,15294,913,16207,196
2022-09-04,Ventura,111,848112,206415,205627,15406,221033,1558
2022-09-04,Yolo,113,214977,46996,46882,4198,51080,334
2022-09-04,Yuba,115,75493,18685,18615,1679,20294,129
2022-09-03,Alameda,001,1643700,343216,341621,19395,361016,1998
2022-09-03,Alpine,002,1148,133,133,1,134,0
2022-09-03,Amador,005,37829,9889,9855,915,10770,89
2022-09-03,Butte,007,227075,39042,38851,8961,47812,453
2022-09-03,Calaveras,009,45235,8434,8422,522,8944,133
2022-09-03,Colusa,011,21464,3758,3742,1260,5002,22
2022-09-03,Contra Costa,013,1133247,248475,245022,20418,265440,1410
2022-09-03,Del Norte,015,27424,7350,7340,394,7734,56
2022-09-03,El Dorado,017,186661,31958,31929,4180,36109,229
2022-09-03,Fresno,019,978130,275863,271062,31115,302177,2835
2022-09-03,Glenn,021,27897,5484,5462,1844,7306,48
2022-09-03,Humboldt,023,135768,21486,21390,4876,26266,154
2022-09-03,Imperial,025,180216,64901,64678,15386,80064,956
2022-09-03,Inyo,027,18085,4458,4449,917,5366,59
2022-09-03,Kern,029,883053,217623,216471,62280,278751,2404
2022-09-03,Kings,031,150075,58923,58753,4061,62814,455
2022-09-03,Lake,033,64148,12673,12608,1148,13756,143
2022-09-03,Lassen,035,31185,9922,9908,982,10890,64
2022-09-03,Los Angeles,037,10098052,3249545,3235242,177103,3412345,32927
2022-09-03,Madera,039,155013,43560,43403,8146,51549,373
2022-09-03,Marin,041,260295,44609,44394,5190,49584,305
2022-09-03,Mariposa,043,17540,3066,3036,340,3376,31
2022-09-03,Mendocino,045,87422,15855,15781,4397,20178,134
2022-09-03,Merced,047,269075,72028,71280,11698,82978,856
2022-09-03,Modoc,049,8938,870,868,315,1183,11
2022-09-03,Mono,051,14174,3193,3183,243,3426,7
2022-09-03,Monterey,053,433212,93560,93246,20720,113966,761
2022-09-03,Napa,055,140530,31844,31799,1389,33188,156
2022-09-03,Nevada,057,99092,18788,18705,1792,20497,132
2022-09-03,Orange,059,3164182,661358,659290,61719,721009,7347
2022-09-03,Placer,061,380077,75038,74754,9406,84160,657
2022-09-03,Plumas,063,18699,3595,3587,430,4017,13
2022-09-03,Riverside,065,2383286,689817,687184,34776,721960,6581
2022-09-03,Sacramento,067,1510023,342995,341766,33496,375262,3243
2022-09-03,San Benito,069,59416,16089,15900,946,16846,103
2022-09-03,San Bernardino,071,2135413,665895,658354,30500,688854,8006
2022-09-03,San Diego,073,3302833,914485,912824,70995,983819,5464
2022-09-03,San Francisco,075,870044,176710,176131,11921,188052,1015
2022-09-03,San Joaquin,077,732212,196032,194904,14673,209577,2301
2022-09-03,San Luis Obispo,079,281455,62740,62455,6997,69452,517
2022-09-03,San Mateo,081,765935,166713,165520,10318,175838,738
2022-09-03,Santa Barbara,083,443738,104720,104161,6769,110930,716
2022-09-03,Santa Clara,085,1922200,430657,425040,18706,443746,2473
2022-09-03,Santa Cruz,087,273765,62327,61989,3380,65369,273
2022-09-03,Shasta,089,179085,34554,34422,7262,41684,591
2022-09-03,Sierra,091,2930,303,303,60,363,5
2022-09-03,Siskiyou,093,43540,5066,5168,3270,8438,89
2022-09-03,Solano,095,438530,104132,103457,7741,111198,461
2022-09-03,Sonoma,097,501317,105729,105162,5203,110365,517
2022-09-03,Stanislaus,099,539301,136736,136168,21400,157568,1726
2022-09-03,Sutter,101,95872,23969,23927,2451,26378,228
2022-09-03,Tehama,103,63373,13493,13406,3036,16442,210
2022-09-03,Trinity,105,12862,1390,1377,376,1753,20
2022-09-03,Tulare,107,460477,120976,120592,35688,156280,1527
2022-09-03,Tuolumne,109,53932,15388,15294,913,16207,196
2022-09-03,Ventura,111,848112,206334,205627,15395,221022,1558
2022-09-03,Yolo,113,214977,46986,46882,4196,51078,334
2022-09-03,Yuba,115,75493,18676,18615,1678,20293,129
2022-09-02,Alameda,001,1643700,343085,341621,19389,361010,1998
2022-09-02,Alpine,002,1148,133,133,1,134,0
2022-09-02,Amador,005,37829,9887,9855,915,10770,89
2022-09-02,Butte,007,227075,39030,38851,8949,47800,453
2022-09-02,Calaveras,009,45235,8429,8422,522,8944,133
2022-09-02,Colusa,011,21464,3757,3742,1260,5002,22
2022-09-02,Contra Costa,013,1133247,248379,245022,20407,265429,1410
2022-09-02,Del Norte,015,27424,7349,7340,393,7733,56
2022-09-02,El Dorado,017,186661,31946,31929,4179,36108,229
2022-09-02,Fresno,019,978130,275749,271062,31095,302157,2835
2022-09-02,Glenn,021,27897,5480,5462,1844,7306,48
2022-09-02,Humboldt,023,135768,21477,21390,4873,26263,154
2022-09-02,Imperial,025,180216,64880,64678,15373,80051,956
2022-09-02,Inyo,027,18085,4455,4449,916,5365,59
2022-09-02,Kern,029,883053,217542,216471,62212,278683,2404
2022-09-02,Kings,031,150075,58911,58753,4058,62811,455
2022-09-02,Lake,033,64148,12669,12608,1147,13755,143
2022-09-02,Lassen,035,31185,9921,9908,982,10890,64
2022-09-02,Los Angeles,037,10098052,3248493,3235242,176940,3412182,32927
2022-09-02,Madera,039,155013,43546,43403,8142,51545,373
2022-09-02,Marin,041,260295,44591,44394,5180,49574,305
2022-09-02,Mariposa,043,17540,3062,3036,339,3375,31
2022-09-02,Mendocino,045,87422,15853,15781,4396,20177,134
2022-09-02,Merced,047,269075,72002,71280,11695,82975,856
2022-09-02,Modoc,049,8938,870,868,315,1183,11
2022-09-02,Mono,051,14174,3193,3183,243,3426,7
2022-09-02,Monterey,053,433212,93533,93246,20703,113949,761
2022-09-02,Napa,055,140530,31831,31799,1389,33188,156
2022-09-02,Nevada,057,99092,18783,18705,1790,20495,132
2022-09-02,Orange,059,3164182,661168,659290,61655,720945,7347
2022-09-02,Placer,061,380077,75021,74754,9400,84154,657
2022-09-02,Plumas,063,18699,3594,3587,430,4017,13
2022-09-02,Riverside,065,2383286,689569,687184,34762,721946,6581
2022-09-02,Sacramento,067,1510023,342848,341766,33488,375254,3243
2022-09-02,San Benito,069,59416,16082,15900,946,16846,103
2022-09-02,San Bernardino,071,2135413,665719,658354,30484,688838,8006
2022-09-02,San Diego,073,3302833,914212,912824,70968,983792,5464
2022-09-02,San Francisco,075,870044,176643,176131,11905,188036,1015
2022-09-02,San Joaquin,077,732212,195927,194904,14655,209559,2301
2022-09-02,San Luis Obispo,079,281455,62724,62455,6996,69451,517
2022-09-02,San Mateo,081,765935,166629,165520,10315,175835,738
2022-09-02,Santa Barbara,083,443738,104672,104161,6767,110928,716
2022-09-02,Santa Clara,085,1922200,430455,425040,18692,443732,2473
2022-09-02,Santa Cruz,087,273765,62304,61989,3378,65367,273
2022-09-02,Shasta,089,179085,34548,34422,7259,41681,591
2022-09-02,Sierra,091,2930,303,303,60,363,5
2022-09-02,Siskiyou,093,43540,5063,5168,3270,8438,89
2022-09-02,Solano,095,438530,104098,103457,7736,111193,461
2022-09-02,Sonoma,097,501317,105693,105162,5201,110363,517
2022-09-02,Stanislaus,099,539301,136690,136168,21394,157562,1726
2022-09-02,Sutter,101,95872,23958,23927,2451,26378,228
2022-09-02,Tehama,103,63373,13491,13406,3034,16440,210
2022-09-02,Trinity,105,12862,1389,1377,376,1753,20
2022-09-02,Tulare,107,460477,120933,120592,35665,156257,1527
2022-09-02,Tuolumne,109,53932,15386,15294,912,16206,196
2022-09-02,Ventura,111,848112,206243,205627,15382,221009,1558
2022-09-02,Yolo,113,214977,46975,46882,4192,51074,334
2022-09-02,Yuba,115,75493,18668,18615,1675,20290,129
2022-09-01,Alameda,001,1643700,342854,341621,19375,360996,1998
2022-09-01,Alpine,002,1148,133,133,1,134,0
2022-09-01,Amador,005,37829,9883,9855,915,10770,89
2022-09-01,Butte,007,227075,39001,38851,8935,47786,453
2022-09-01,Calaveras,009,45235,8423,8422,521,8943,133
2022-09-01,Colusa,011,21464,3753,3742,1260,5002,22
2022-09-01,Contra Costa,013,1133247,248226,245022,20385,265407,1410
2022-09-01,Del Norte,015,27424,7348,7340,391,7731,56
2022-09-01,El Dorado,017,186661,31937,31929,4178,36107,229
2022-09-01,Fresno,019,978130,275575,271062,31034,302096,2835
2022-09-01,Glenn,021,27897,5478,5462,1844,7306,48
2022-09-01,Humboldt,023,135768,21464,21390,4866,26256,154
2022-09-01,Imperial,025,180216,64833,64678,15351,80029,956
2022-09-01,Inyo,027,18085,4453,4449,915,5364,59
2022-09-01,Kern,029,883053,217467,216471,62096,278567,2404
2022-09-01,Kings,031,150075,58883,58753,4056,62809,455
2022-09-01,Lake,033,64148,12659,12608,1145,13753,143
2022-09-01,Lassen,035,31185,9921,9908,980,10888,64
2022-09-01,Los Angeles,037,10098052,3246908,3235242,176717,3411959,32927
2022-09-01,Madera,039,155013,43509,43403,8139,51542,373
2022-09-01,Marin,041,260295,44558,44394,5172,49566,305
2022-09-01,Mariposa,043,17540,3061,3036,339,3375,31
2022-09-01,Mendocino,045,87422,15848,15781,4394,20175,134
2022-09-01,Merced,047,269075,71968,71280,11680,82960,856
2022-09-01,Modoc,049,8938,870,868,314,1182,11
2022-09-01,Mono,051,14174,3193,3183,242,3425,7
2022-09-01,Monterey,053,433212,93493,93246,20683,113929,761
2022-09-01,Napa,055,140530,31812,31799,1389,33188,156
2022-09-01,Nevada,057,99092,18774,18705,1790,20495,132
2022-09-01,Orange,059,3164182,660852,659290,61574,720864,7347
2022-09-01,Placer,061,380077,74984,74754,9393,84147,657
2022-09-01,Plumas,063,18699,3593,3587,430,4017,13
2022-09-01,Riverside,065,2383286,689229,687184,34722,721906,6581
2022-09-01,Sacramento,067,1510023,342651,341766,33448,375214,3243
2022-09-01,San Benito,069,59416,16074,15900,945,16845,103
2022-09-01,San Bernardino,071,2135413,665389,658354,30451,688805,8006
2022-09-01,San Diego,073,3302833,913793,912824,70918,983742,5464
2022-09-01,San Francisco,075,870044,176505,176131,11894,188025,1015
2022-09-01,San Joaquin,077,732212,195836,194904,14635,209539,2301
2022-09-01,San Luis Obispo,079,281455,62686,62455,6989,69444,517
2022-09-01,San Mateo,081,765935,166534,165520,10306,175826,738
2022-09-01,Santa Barbara,083,443738,104610,104161,6759,110920,716
2022-09-01,Santa Clara,085,1922200,430164,425040,18683,443723,2473
2022-09-01,Santa Cruz,087,273765,62251,61989,3373,65362,273
2022-09-01,Shasta,089,179085,34528,34422,7254,41676,591
2022-09-01,Sierra,091,2930,303,303,60,363,5
2022-09-01,Siskiyou,093,43540,5062,5168,3269,8437,89
2022-09-01,Solano,095,438530,104028,103457,7732,111189,461
2022-09-01,Sonoma,097,501317,105624,105162,5194,110356,517
2022-09-01,Stanislaus,099,539301,136608,136168,21378,157546,1726
2022-09-01,Sutter,101,95872,23939,23927,2449,26376,228
2022-09-01,Tehama,103,63373,13485,13406,3031,16437,210
2022-09-01,Trinity,105,12862,1388,1377,373,1750,20
2022-09-01,Tulare,107,460477,120879,120592,35621,156213,1527
2022-09-01,Tuolumne,109,53932,15378,15294,912,16206,196
2022-09-01,Ventura,111,848112,206097,205627,15365,220992,1558
2022-09-01,Yolo,113,214977,46946,46882,4185,51067,334
2022-09-01,Yuba,115,75493,18654,18615,1675,20290,129
2022-08-31,Alameda,001,1643700,342623,340789,19361,360150,1986
2022-08-31,Alpine,002,1148,133,133,1,134,0
2022-08-31,Amador,005,37829,9879,9829,913,10742,89
2022-08-31,Butte,007,227075,38965,38720,8919,47639,452
2022-08-31,Calaveras,009,45235,8419,8404,520,8924,133
2022-08-31,Colusa,011,21464,3752,3744,1260,5004,22
2022-08-31,Contra Costa,013,1133247,248066,244168,20359,264527,1409
2022-08-31,Del Norte,015,27424,7345,7333,391,7724,56
2022-08-31,El Dorado,017,186661,31928,31864,4174,36038,226
2022-08-31,Fresno,019,978130,275392,270456,30901,301357,2829
2022-08-31,Glenn,021,27897,5477,5448,1843,7291,48
2022-08-31,Humboldt,023,135768,21438,21325,4861,26186,154
2022-08-31,Imperial,025,180216,64803,64562,15329,79891,953
2022-08-31,Inyo,027,18085,4451,4444,914,5358,59
2022-08-31,Kern,029,883053,217354,216037,61958,277995,2404
2022-08-31,Kings,031,150075,58847,58629,4051,62680,455
2022-08-31,Lake,033,64148,12648,12563,1145,13708,142
2022-08-31,Lassen,035,31185,9916,9889,979,10868,64
2022-08-31,Los Angeles,037,10098052,3245089,3228552,176481,3405033,32877
2022-08-31,Madera,039,155013,43477,43269,8125,51394,372
2022-08-31,Marin,041,260295,44527,44330,5166,49496,305
2022-08-31,Mariposa,043,17540,3060,3025,339,3364,31
2022-08-31,Mendocino,045,87422,15840,15733,4390,20123,134
2022-08-31,Merced,047,269075,71936,71089,11658,82747,852
2022-08-31,Modoc,049,8938,868,865,314,1179,11
2022-08-31,Mono,051,14174,3192,3181,241,3422,7
2022-08-31,Monterey,053,433212,93449,93046,20661,113707,762
2022-08-31,Napa,055,140530,31795,31725,1388,33113,156
2022-08-31,Nevada,057,99092,18757,18649,1789,20438,132
2022-08-31,Orange,059,3164182,660443,658076,61485,719561,7340
2022-08-31,Placer,061,380077,74942,74612,9387,83999,657
2022-08-31,Plumas,063,18699,3592,3581,430,4011,13
2022-08-31,Riverside,065,2383286,688819,685704,34684,720388,6581
2022-08-31,Sacramento,067,1510023,342442,340949,33402,374351,3230
2022-08-31,San Benito,069,59416,16062,15860,943,16803,103
2022-08-31,San Bernardino,071,2135413,664954,656343,30413,686756,8014
2022-08-31,San Diego,073,3302833,913325,910878,70860,981738,5459
2022-08-31,San Francisco,075,870044,176390,175752,11885,187637,1001
2022-08-31,San Joaquin,077,732212,195677,194437,14616,209053,2298
2022-08-31,San Luis Obispo,079,281455,62656,62312,6977,69289,515
2022-08-31,San Mateo,081,765935,166431,165161,10299,175460,738
2022-08-31,Santa Barbara,083,443738,104523,103894,6750,110644,717
2022-08-31,Santa Clara,085,1922200,429860,424011,18666,442677,2467
2022-08-31,Santa Cruz,087,273765,62202,61812,3370,65182,272
2022-08-31,Shasta,089,179085,34513,34355,7247,41602,590
2022-08-31,Sierra,091,2930,303,302,60,362,5
2022-08-31,Siskiyou,093,43540,5054,5152,3268,8420,89
2022-08-31,Solano,095,438530,103965,103173,7727,110900,461
2022-08-31,Sonoma,097,501317,105552,104964,5184,110148,527
2022-08-31,Stanislaus,099,539301,136518,135801,21356,157157,1722
2022-08-31,Sutter,101,95872,23922,23856,2448,26304,228
2022-08-31,Tehama,103,63373,13472,13370,3026,16396,210
2022-08-31,Trinity,105,12862,1388,1373,373,1746,20
2022-08-31,Tulare,107,460477,120800,120346,35576,155922,1527
2022-08-31,Tuolumne,109,53932,15369,15250,910,16160,196
2022-08-31,Ventura,111,848112,205952,205157,15348,220505,1557
2022-08-31,Yolo,113,214977,46912,46807,4173,50980,334
2022-08-31,Yuba,115,75493,18631,18558,1672,20230,129
2022-08-30,Alameda,001,1643700,342378,340789,19340,360129,1986
2022-08-30,Alpine,002,1148,133,133,1,134,0
2022-08-30,Amador,005,37829,9868,9829,913,10742,89
2022-08-30,Butte,007,227075,38930,38720,8904,47624,452
2022-08-30,Calaveras,009,45235,8416,8404,518,8922,133
2022-08-30,Colusa,011,21464,3751,3744,1258,5002,22
2022-08-30,Contra Costa,013,1133247,247911,244168,20340,264508,1409
2022-08-30,Del Norte,015,27424,7344,7333,391,7724,56
2022-08-30,El Dorado,017,186661,31910,31864,4171,36035,226
2022-08-30,Fresno,019,978130,275191,270456,30804,301260,2829
2022-08-30,Glenn,021,27897,5477,5448,1842,7290,48
2022-08-30,Humboldt,023,135768,21417,21325,4857,26182,154
2022-08-30,Imperial,025,180216,64756,64562,15294,79856,953
2022-08-30,Inyo,027,18085,4450,4444,911,5355,59
2022-08-30,Kern,029,883053,217224,216037,61811,277848,2404
2022-08-30,Kings,031,150075,58791,58629,4047,62676,455
2022-08-30,Lake,033,64148,12638,12563,1143,13706,142
2022-08-30,Lassen,035,31185,9912,9889,979,10868,64
2022-08-30,Los Angeles,037,10098052,3242993,3228552,176216,3404768,32877
2022-08-30,Madera,039,155013,43427,43269,8109,51378,372
2022-08-30,Marin,041,260295,44494,44330,5162,49492,305
2022-08-30,Mariposa,043,17540,3056,3025,339,3364,31
2022-08-30,Mendocino,045,87422,15829,15733,4380,20113,134
2022-08-30,Merced,047,269075,71887,71089,11636,82725,852
2022-08-30,Modoc,049,8938,868,865,314,1179,11
2022-08-30,Mono,051,14174,3190,3181,241,3422,7
2022-08-30,Monterey,053,433212,93403,93046,20646,113692,762
2022-08-30,Napa,055,140530,31777,31725,1387,33112,156
2022-08-30,Nevada,057,99092,18739,18649,1769,20418,132
2022-08-30,Orange,059,3164182,659997,658076,61374,719450,7340
2022-08-30,Placer,061,380077,74905,74612,9379,83991,657
2022-08-30,Plumas,063,18699,3591,3581,430,4011,13
2022-08-30,Riverside,065,2383286,688376,685704,34646,720350,6581
2022-08-30,Sacramento,067,1510023,342247,340949,33359,374308,3230
2022-08-30,San Benito,069,59416,16048,15860,940,16800,103
2022-08-30,San Bernardino,071,2135413,664479,656343,30381,686724,8014
2022-08-30,San Diego,073,3302833,912797,910878,70765,981643,5459
2022-08-30,San Francisco,075,870044,176270,175752,11876,187628,1001
2022-08-30,San Joaquin,077,732212,195525,194437,14582,209019,2298
2022-08-30,San Luis Obispo,079,281455,62617,62312,6963,69275,515
2022-08-30,San Mateo,081,765935,166325,165161,10290,175451,738
2022-08-30,Santa Barbara,083,443738,104427,103894,6740,110634,717
2022-08-30,Santa Clara,085,1922200,429536,424011,18651,442662,2467
2022-08-30,Santa Cruz,087,273765,62150,61812,3364,65176,272
2022-08-30,Shasta,089,179085,34490,34355,7242,41597,590
2022-08-30,Sierra,091,2930,303,302,60,362,5
2022-08-30,Siskiyou,093,43540,5046,5152,3266,8418,89
2022-08-30,Solano,095,438530,103877,103173,7720,110893,461
2022-08-30,Sonoma,097,501317,105490,104964,5177,110141,527
2022-08-30,Stanislaus,099,539301,136412,135801,21341,157142,1722
2022-08-30,Sutter,101,95872,23904,23856,2448,26304,228
2022-08-30,Tehama,103,63373,13465,13370,3019,16389,210
2022-08-30,Trinity,105,12862,1387,1373,372,1745,20
2022-08-30,Tulare,107,460477,120715,120346,35523,155869,1527
2022-08-30,Tuolumne,109,53932,15354,15250,910,16160,196
2022-08-30,Ventura,111,848112,205790,205157,15310,220467,1557
2022-08-30,Yolo,113,214977,46892,46807,4165,50972,334
2022-08-30,Yuba,115,75493,18619,18558,1670,20228,129
2022-08-29,Alameda,001,1643700,342051,340789,19314,360103,1986
2022-08-29,Alpine,002,1148,133,133,1,134,0
2022-08-29,Amador,005,37829,9854,9829,912,10741,89
2022-08-29,Butte,007,227075,38888,38720,8888,47608,452
2022-08-29,Calaveras,009,45235,8415,8404,516,8920,133
2022-08-29,Colusa,011,21464,3751,3744,1258,5002,22
2022-08-29,Contra Costa,013,1133247,247735,244168,20316,264484,1409
2022-08-29,Del Norte,015,27424,7343,7333,391,7724,56
2022-08-29,El Dorado,017,186661,31893,31864,4167,36031,226
2022-08-29,Fresno,019,978130,274963,270456,30764,301220,2829
2022-08-29,Glenn,021,27897,5475,5448,1839,7287,48
2022-08-29,Humboldt,023,135768,21394,21325,4850,26175,154
2022-08-29,Imperial,025,180216,64712,64562,15255,79817,953
2022-08-29,Inyo,027,18085,4449,4444,907,5351,59
2022-08-29,Kern,029,883053,217056,216037,61675,277712,2404
2022-08-29,Kings,031,150075,58721,58629,4043,62672,455
2022-08-29,Lake,033,64148,12624,12563,1142,13705,142
2022-08-29,Lassen,035,31185,9906,9889,979,10868,64
2022-08-29,Los Angeles,037,10098052,3240763,3228552,175938,3404490,32877
2022-08-29,Madera,039,155013,43388,43269,8089,51358,372
2022-08-29,Marin,041,260295,44460,44330,5156,49486,305
2022-08-29,Mariposa,043,17540,3052,3025,338,3363,31
2022-08-29,Mendocino,045,87422,15814,15733,4369,20102,134
2022-08-29,Merced,047,269075,71827,71089,11607,82696,852
2022-08-29,Modoc,049,8938,867,865,313,1178,11
2022-08-29,Mono,051,14174,3189,3181,241,3422,7
2022-08-29,Monterey,053,433212,93365,93046,20616,113662,762
2022-08-29,Napa,055,140530,31757,31725,1387,33112,156
2022-08-29,Nevada,057,99092,18723,18649,1767,20416,132
2022-08-29,Orange,059,3164182,659557,658076,61287,719363,7340
2022-08-29,Placer,061,380077,74866,74612,9367,83979,657
2022-08-29,Plumas,063,18699,3590,3581,430,4011,13
2022-08-29,Riverside,065,2383286,687807,685704,34589,720293,6581
2022-08-29,Sacramento,067,1510023,341972,340949,33302,374251,3230
2022-08-29,San Benito,069,59416,16035,15860,938,16798,103
2022-08-29,San Bernardino,071,2135413,663899,656343,30343,686686,8014
2022-08-29,San Diego,073,3302833,912170,910878,70697,981575,5459
2022-08-29,San Francisco,075,870044,176165,175752,11865,187617,1001
2022-08-29,San Joaquin,077,732212,195381,194437,14552,208989,2298
2022-08-29,San Luis Obispo,079,281455,62584,62312,6950,69262,515
2022-08-29,San Mateo,081,765935,166219,165161,10281,175442,738
2022-08-29,Santa Barbara,083,443738,104332,103894,6729,110623,717
2022-08-29,Santa Clara,085,1922200,429142,424011,18623,442634,2467
2022-08-29,Santa Cruz,087,273765,62083,61812,3357,65169,272
2022-08-29,Shasta,089,179085,34471,34355,7229,41584,590
2022-08-29,Sierra,091,2930,303,302,60,362,5
2022-08-29,Siskiyou,093,43540,5042,5152,3265,8417,89
2022-08-29,Solano,095,438530,103796,103173,7710,110883,461
2022-08-29,Sonoma,097,501317,105409,104964,5171,110135,527
2022-08-29,Stanislaus,099,539301,136292,135801,21307,157108,1722
2022-08-29,Sutter,101,95872,23876,23856,2445,26301,228
2022-08-29,Tehama,103,63373,13456,13370,3018,16388,210
2022-08-29,Trinity,105,12862,1386,1373,372,1745,20
2022-08-29,Tulare,107,460477,120623,120346,35455,155801,1527
2022-08-29,Tuolumne,109,53932,15339,15250,910,16160,196
2022-08-29,Ventura,111,848112,205642,205157,15287,220444,1557
2022-08-29,Yolo,113,214977,46866,46807,4155,50962,334
2022-08-29,Yuba,115,75493,18601,18558,1665,20223,129
2022-08-28,Alameda,001,1643700,341728,339618,19291,358909,1978
2022-08-28,Alpine,002,1148,133,133,1,134,0
2022-08-28,Amador,005,37829,9847,9802,910,10712,89
2022-08-28,Butte,007,227075,38837,38606,8877,47483,452
2022-08-28,Calaveras,009,45235,8407,8368,515,8883,133
2022-08-28,Colusa,011,21464,3748,3736,1254,4990,22
2022-08-28,Contra Costa,013,1133247,247514,243331,20296,263627,1404
2022-08-28,Del Norte,015,27424,7337,7316,390,7706,55
2022-08-28,El Dorado,017,186661,31862,31760,4159,35919,226
2022-08-28,Fresno,019,978130,274715,269680,30708,300388,2829
2022-08-28,Glenn,021,27897,5472,5434,1837,7271,49
2022-08-28,Humboldt,023,135768,21369,21264,4836,26100,154
2022-08-28,Imperial,025,180216,64659,64391,15206,79597,953
2022-08-28,Inyo,027,18085,4448,4443,904,5347,59
2022-08-28,Kern,029,883053,216918,215612,61494,277106,2399
2022-08-28,Kings,031,150075,58664,58443,4032,62475,455
2022-08-28,Lake,033,64148,12612,12524,1138,13662,142
2022-08-28,Lassen,035,31185,9894,9871,979,10850,64
2022-08-28,Los Angeles,037,10098052,3238068,3219328,175583,3394911,32833
2022-08-28,Madera,039,155013,43338,43105,8055,51160,372
2022-08-28,Marin,041,260295,44428,44192,5147,49339,305
2022-08-28,Mariposa,043,17540,3046,3018,337,3355,31
2022-08-28,Mendocino,045,87422,15800,15698,4365,20063,134
2022-08-28,Merced,047,269075,71752,70906,11557,82463,851
2022-08-28,Modoc,049,8938,867,865,313,1178,11
2022-08-28,Mono,051,14174,3188,3181,241,3422,7
2022-08-28,Monterey,053,433212,93298,92844,20587,113431,760
2022-08-28,Napa,055,140530,31729,31668,1386,33054,156
2022-08-28,Nevada,057,99092,18700,18592,1766,20358,132
2022-08-28,Orange,059,3164182,659096,656440,61176,717616,7326
2022-08-28,Placer,061,380077,74820,74391,9355,83746,657
2022-08-28,Plumas,063,18699,3587,3571,430,4001,13
2022-08-28,Riverside,065,2383286,687174,683511,34521,718032,6580
2022-08-28,Sacramento,067,1510023,341650,339846,33231,373077,3222
2022-08-28,San Benito,069,59416,16022,15805,935,16740,103
2022-08-28,San Bernardino,071,2135413,663298,653843,30286,684129,8017
2022-08-28,San Diego,073,3302833,911411,908809,70589,979398,5456
2022-08-28,San Francisco,075,870044,176010,175204,11853,187057,1000
2022-08-28,San Joaquin,077,732212,195146,193880,14522,208402,2296
2022-08-28,San Luis Obispo,079,281455,62535,62105,6931,69036,515
2022-08-28,San Mateo,081,765935,166066,164675,10268,174943,738
2022-08-28,Santa Barbara,083,443738,104198,103496,6710,110206,717
2022-08-28,Santa Clara,085,1922200,428732,422650,18602,441252,2459
2022-08-28,Santa Cruz,087,273765,61982,61594,3343,64937,273
2022-08-28,Shasta,089,179085,34436,34283,7216,41499,590
2022-08-28,Sierra,091,2930,302,300,60,360,5
2022-08-28,Siskiyou,093,43540,5036,5140,3263,8403,89
2022-08-28,Solano,095,438530,103700,102855,7702,110557,460
2022-08-28,Sonoma,097,501317,105326,104646,5160,109806,557
2022-08-28,Stanislaus,099,539301,136138,135310,21280,156590,1722
2022-08-28,Sutter,101,95872,23849,23759,2442,26201,228
2022-08-28,Tehama,103,63373,13436,13340,3016,16356,210
2022-08-28,Trinity,105,12862,1386,1370,370,1740,20
2022-08-28,Tulare,107,460477,120508,119942,35348,155290,1527
2022-08-28,Tuolumne,109,53932,15333,15193,905,16098,196
2022-08-28,Ventura,111,848112,205443,204567,15219,219786,1553
2022-08-28,Yolo,113,214977,46814,46744,4144,50888,334
2022-08-28,Yuba,115,75493,18582,18482,1659,20141,129
2022-08-27,Alameda,001,1643700,341540,339618,19281,358899,1978
2022-08-27,Alpine,002,1148,133,133,1,134,0
2022-08-27,Amador,005,37829,9841,9802,909,10711,89
2022-08-27,Butte,007,227075,38809,38606,8864,47470,452
2022-08-27,Calaveras,009,45235,8402,8368,515,8883,133
2022-08-27,Colusa,011,21464,3746,3736,1249,4985,22
2022-08-27,Contra Costa,013,1133247,247373,243331,20287,263618,1404
2022-08-27,Del Norte,015,27424,7335,7316,390,7706,55
2022-08-27,El Dorado,017,186661,31850,31760,4155,35915,226
2022-08-27,Fresno,019,978130,274592,269680,30692,300372,2829
2022-08-27,Glenn,021,27897,5470,5434,1837,7271,49
2022-08-27,Humboldt,023,135768,21353,21264,4828,26092,154
2022-08-27,Imperial,025,180216,64637,64391,15196,79587,953
2022-08-27,Inyo,027,18085,4447,4443,904,5347,59
2022-08-27,Kern,029,883053,216836,215612,61385,276997,2399
2022-08-27,Kings,031,150075,58634,58443,4029,62472,455
2022-08-27,Lake,033,64148,12607,12524,1134,13658,142
2022-08-27,Lassen,035,31185,9890,9871,979,10850,64
2022-08-27,Los Angeles,037,10098052,3236747,3219328,175369,3394697,32833
2022-08-27,Madera,039,155013,43303,43105,8051,51156,372
2022-08-27,Marin,041,260295,44407,44192,5138,49330,305
2022-08-27,Mariposa,043,17540,3045,3018,336,3354,31
2022-08-27,Mendocino,045,87422,15794,15698,4363,20061,134
2022-08-27,Merced,047,269075,71708,70906,11549,82455,851
2022-08-27,Modoc,049,8938,867,865,313,1178,11
2022-08-27,Mono,051,14174,3187,3181,241,3422,7
2022-08-27,Monterey,053,433212,93267,92844,20571,113415,760
2022-08-27,Napa,055,140530,31714,31668,1384,33052,156
2022-08-27,Nevada,057,99092,18689,18592,1764,20356,132
2022-08-27,Orange,059,3164182,658832,656440,61073,717513,7326
2022-08-27,Placer,061,380077,74783,74391,9351,83742,657
2022-08-27,Plumas,063,18699,3586,3571,430,4001,13
2022-08-27,Riverside,065,2383286,686841,683511,34495,718006,6580
2022-08-27,Sacramento,067,1510023,341518,339846,33213,373059,3222
2022-08-27,San Benito,069,59416,16006,15805,931,16736,103
2022-08-27,San Bernardino,071,2135413,662983,653843,30255,684098,8017
2022-08-27,San Diego,073,3302833,911072,908809,70548,979357,5456
2022-08-27,San Francisco,075,870044,175937,175204,11847,187051,1000
2022-08-27,San Joaquin,077,732212,195087,193880,14501,208381,2296
2022-08-27,San Luis Obispo,079,281455,62520,62105,6924,69029,515
2022-08-27,San Mateo,081,765935,165972,164675,10265,174940,738
2022-08-27,Santa Barbara,083,443738,104135,103496,6699,110195,717
2022-08-27,Santa Clara,085,1922200,428521,422650,18589,441239,2459
2022-08-27,Santa Cruz,087,273765,61969,61594,3342,64936,273
2022-08-27,Shasta,089,179085,34425,34283,7211,41494,590
2022-08-27,Sierra,091,2930,302,300,60,360,5
2022-08-27,Siskiyou,093,43540,5034,5140,3263,8403,89
2022-08-27,Solano,095,438530,103663,102855,7694,110549,460
2022-08-27,Sonoma,097,501317,105284,104646,5157,109803,557
2022-08-27,Stanislaus,099,539301,136059,135310,21259,156569,1722
2022-08-27,Sutter,101,95872,23834,23759,2442,26201,228
2022-08-27,Tehama,103,63373,13430,13340,3015,16355,210
2022-08-27,Trinity,105,12862,1385,1370,368,1738,20
2022-08-27,Tulare,107,460477,120448,119942,35299,155241,1527
2022-08-27,Tuolumne,109,53932,15326,15193,904,16097,196
2022-08-27,Ventura,111,848112,205358,204567,15206,219773,1553
2022-08-27,Yolo,113,214977,46794,46744,4140,50884,334
2022-08-27,Yuba,115,75493,18570,18482,1658,20140,129
2022-08-26,Alameda,001,1643700,341371,339618,19274,358892,1978
2022-08-26,Alpine,002,1148,133,133,1,134,0
2022-08-26,Amador,005,37829,9838,9802,907,10709,89
2022-08-26,Butte,007,227075,38795,38606,8852,47458,452
2022-08-26,Calaveras,009,45235,8397,8368,515,8883,133
2022-08-26,Colusa,011,21464,3745,3736,1249,4985,22
2022-08-26,Contra Costa,013,1133247,247217,243331,20280,263611,1404
2022-08-26,Del Norte,015,27424,7333,7316,390,7706,55
2022-08-26,El Dorado,017,186661,31830,31760,4154,35914,226
2022-08-26,Fresno,019,978130,274435,269680,30657,300337,2829
2022-08-26,Glenn,021,27897,5467,5434,1835,7269,49
2022-08-26,Humboldt,023,135768,21346,21264,4826,26090,154
2022-08-26,Imperial,025,180216,64614,64391,15183,79574,953
2022-08-26,Inyo,027,18085,4446,4443,897,5340,59
2022-08-26,Kern,029,883053,216746,215612,61288,276900,2399
2022-08-26,Kings,031,150075,58620,58443,4027,62470,455
2022-08-26,Lake,033,64148,12599,12524,1133,13657,142
2022-08-26,Lassen,035,31185,9888,9871,979,10850,64
2022-08-26,Los Angeles,037,10098052,3235337,3219328,175154,3394482,32833
2022-08-26,Madera,039,155013,43273,43105,8045,51150,372
2022-08-26,Marin,041,260295,44375,44192,5136,49328,305
2022-08-26,Mariposa,043,17540,3040,3018,332,3350,31
2022-08-26,Mendocino,045,87422,15788,15698,4361,20059,134
2022-08-26,Merced,047,269075,71668,70906,11541,82447,851
2022-08-26,Modoc,049,8938,866,865,313,1178,11
2022-08-26,Mono,051,14174,3187,3181,241,3422,7
2022-08-26,Monterey,053,433212,93227,92844,20556,113400,760
2022-08-26,Napa,055,140530,31700,31668,1384,33052,156
2022-08-26,Nevada,057,99092,18677,18592,1762,20354,132
2022-08-26,Orange,059,3164182,658573,656440,61010,717450,7326
2022-08-26,Placer,061,380077,74748,74391,9339,83730,657
2022-08-26,Plumas,063,18699,3585,3571,430,4001,13
2022-08-26,Riverside,065,2383286,686491,683511,34459,717970,6580
2022-08-26,Sacramento,067,1510023,341334,339846,33197,373043,3222
2022-08-26,San Benito,069,59416,15995,15805,931,16736,103
2022-08-26,San Bernardino,071,2135413,662665,653843,30229,684072,8017
2022-08-26,San Diego,073,3302833,910650,908809,70525,979334,5456
2022-08-26,San Francisco,075,870044,175853,175204,11841,187045,1000
2022-08-26,San Joaquin,077,732212,195013,193880,14484,208364,2296
2022-08-26,San Luis Obispo,079,281455,62498,62105,6920,69025,515
2022-08-26,San Mateo,081,765935,165881,164675,10258,174933,738
2022-08-26,Santa Barbara,083,443738,104083,103496,6693,110189,717
2022-08-26,Santa Clara,085,1922200,428304,422650,18576,441226,2459
2022-08-26,Santa Cruz,087,273765,61922,61594,3338,64932,273
2022-08-26,Shasta,089,179085,34413,34283,7207,41490,590
2022-08-26,Sierra,091,2930,302,300,60,360,5
2022-08-26,Siskiyou,093,43540,5031,5140,3263,8403,89
2022-08-26,Solano,095,438530,103605,102855,7683,110538,460
2022-08-26,Sonoma,097,501317,105239,104646,5157,109803,557
2022-08-26,Stanislaus,099,539301,135982,135310,21250,156560,1722
2022-08-26,Sutter,101,95872,23815,23759,2441,26200,228
2022-08-26,Tehama,103,63373,13419,13340,3013,16353,210
2022-08-26,Trinity,105,12862,1385,1370,368,1738,20
2022-08-26,Tulare,107,460477,120386,119942,35251,155193,1527
2022-08-26,Tuolumne,109,53932,15314,15193,904,16097,196
2022-08-26,Ventura,111,848112,205278,204567,15191,219758,1553
2022-08-26,Yolo,113,214977,46782,46744,4136,50880,334
2022-08-26,Yuba,115,75493,18557,18482,1658,20140,129
2022-08-25,Alameda,001,1643700,341079,339618,19247,358865,1978
2022-08-25,Alpine,002,1148,133,133,1,134,0
2022-08-25,Amador,005,37829,9831,9802,907,10709,89
2022-08-25,Butte,007,227075,38771,38606,8843,47449,452
2022-08-25,Calaveras,009,45235,8391,8368,515,8883,133
2022-08-25,Colusa,011,21464,3745,3736,1247,4983,22
2022-08-25,Contra Costa,013,1133247,247013,243331,20260,263591,1404
2022-08-25,Del Norte,015,27424,7324,7316,390,7706,55
2022-08-25,El Dorado,017,186661,31809,31760,4149,35909,226
2022-08-25,Fresno,019,978130,274235,269680,30607,300287,2829
2022-08-25,Glenn,021,27897,5462,5434,1834,7268,49
2022-08-25,Humboldt,023,135768,21325,21264,4816,26080,154
2022-08-25,Imperial,025,180216,64572,64391,15155,79546,953
2022-08-25,Inyo,027,18085,4446,4443,890,5333,59
2022-08-25,Kern,029,883053,216606,215612,61184,276796,2399
2022-08-25,Kings,031,150075,58564,58443,4019,62462,455
2022-08-25,Lake,033,64148,12585,12524,1131,13655,142
2022-08-25,Lassen,035,31185,9887,9871,978,10849,64
2022-08-25,Los Angeles,037,10098052,3233183,3219328,174858,3394186,32833
2022-08-25,Madera,039,155013,43226,43105,8031,51136,372
2022-08-25,Marin,041,260295,44347,44192,5128,49320,305
2022-08-25,Mariposa,043,17540,3038,3018,332,3350,31
2022-08-25,Mendocino,045,87422,15779,15698,4360,20058,134
2022-08-25,Merced,047,269075,71621,70906,11509,82415,851
2022-08-25,Modoc,049,8938,866,865,313,1178,11
2022-08-25,Mono,051,14174,3187,3181,241,3422,7
2022-08-25,Monterey,053,433212,93175,92844,20535,113379,760
2022-08-25,Napa,055,140530,31683,31668,1383,33051,156
2022-08-25,Nevada,057,99092,18655,18592,1757,20349,132
2022-08-25,Orange,059,3164182,658165,656440,60918,717358,7326
2022-08-25,Placer,061,380077,74698,74391,9332,83723,657
2022-08-25,Plumas,063,18699,3583,3571,430,4001,13
2022-08-25,Riverside,065,2383286,685972,683511,34411,717922,6580
2022-08-25,Sacramento,067,1510023,341058,339846,33154,373000,3222
2022-08-25,San Benito,069,59416,15982,15805,930,16735,103
2022-08-25,San Bernardino,071,2135413,662134,653843,30195,684038,8017
2022-08-25,San Diego,073,3302833,910105,908809,70446,979255,5456
2022-08-25,San Francisco,075,870044,175740,175204,11836,187040,1000
2022-08-25,San Joaquin,077,732212,194866,193880,14459,208339,2296
2022-08-25,San Luis Obispo,079,281455,62398,62105,6910,69015,515
2022-08-25,San Mateo,081,765935,165754,164675,10250,174925,738
2022-08-25,Santa Barbara,083,443738,103988,103496,6678,110174,717
2022-08-25,Santa Clara,085,1922200,427988,422650,18555,441205,2459
2022-08-25,Santa Cruz,087,273765,61862,61594,3334,64928,273
2022-08-25,Shasta,089,179085,34394,34283,7195,41478,590
2022-08-25,Sierra,091,2930,302,300,60,360,5
2022-08-25,Siskiyou,093,43540,5026,5140,3258,8398,89
2022-08-25,Solano,095,438530,103519,102855,7673,110528,460
2022-08-25,Sonoma,097,501317,105163,104646,5150,109796,557
2022-08-25,Stanislaus,099,539301,135856,135310,21227,156537,1722
2022-08-25,Sutter,101,95872,23792,23759,2439,26198,228
2022-08-25,Tehama,103,63373,13411,13340,3006,16346,210
2022-08-25,Trinity,105,12862,1385,1370,367,1737,20
2022-08-25,Tulare,107,460477,120292,119942,35179,155121,1527
2022-08-25,Tuolumne,109,53932,15296,15193,903,16096,196
2022-08-25,Ventura,111,848112,205125,204567,15141,219708,1553
2022-08-25,Yolo,113,214977,46754,46744,4127,50871,334
2022-08-25,Yuba,115,75493,18538,18482,1655,20137,129
2022-08-24,Alameda,001,1643700,340770,338591,19224,357815,1976
2022-08-24,Alpine,002,1148,133,131,1,132,0
2022-08-24,Amador,005,37829,9824,9786,904,10690,89
2022-08-24,Butte,007,227075,38733,38458,8827,47285,449
2022-08-24,Calaveras,009,45235,8376,8334,514,8848,132
2022-08-24,Colusa,011,21464,3745,3722,1244,4966,22
2022-08-24,Contra Costa,013,1133247,246826,242633,20234,262867,1399
2022-08-24,Del Norte,015,27424,7320,7308,388,7696,55
2022-08-24,El Dorado,017,186661,31794,31682,4144,35826,225
2022-08-24,Fresno,019,978130,274040,269025,30551,299576,2822
2022-08-24,Glenn,021,27897,5460,5423,1834,7257,48
2022-08-24,Humboldt,023,135768,21304,21195,4805,26000,153
2022-08-24,Imperial,025,180216,64535,64271,15138,79409,951
2022-08-24,Inyo,027,18085,4445,4440,889,5329,59
2022-08-24,Kern,029,883053,216458,215225,61062,276287,2399
2022-08-24,Kings,031,150075,58510,58324,4015,62339,454
2022-08-24,Lake,033,64148,12575,12476,1130,13606,142
2022-08-24,Lassen,035,31185,9884,9867,975,10842,64
2022-08-24,Los Angeles,037,10098052,3230827,3211321,174546,3385867,32783
2022-08-24,Madera,039,155013,43186,42984,8006,50990,372
2022-08-24,Marin,041,260295,44310,44082,5120,49202,305
2022-08-24,Mariposa,043,17540,3038,3010,332,3342,31
2022-08-24,Mendocino,045,87422,15767,15623,4350,19973,134
2022-08-24,Merced,047,269075,71571,70665,11477,82142,849
2022-08-24,Modoc,049,8938,866,864,312,1176,11
2022-08-24,Mono,051,14174,3187,3181,241,3422,7
2022-08-24,Monterey,053,433212,93114,92590,20495,113085,760
2022-08-24,Napa,055,140530,31673,31602,1381,32983,156
2022-08-24,Nevada,057,99092,18639,18565,1754,20319,132
2022-08-24,Orange,059,3164182,657714,654893,60823,715716,7312
2022-08-24,Placer,061,380077,74637,74226,9327,83553,657
2022-08-24,Plumas,063,18699,3579,3555,430,3985,13
2022-08-24,Riverside,065,2383286,685436,681805,34355,716160,6573
2022-08-24,Sacramento,067,1510023,340780,339009,33105,372114,3208
2022-08-24,San Benito,069,59416,15960,15745,927,16672,103
2022-08-24,San Bernardino,071,2135413,661623,651496,30154,681650,8018
2022-08-24,San Diego,073,3302833,909541,906885,70376,977261,5453
2022-08-24,San Francisco,075,870044,175595,174731,11831,186562,974
2022-08-24,San Joaquin,077,732212,194711,193370,14433,207803,2288
2022-08-24,San Luis Obispo,079,281455,62359,61962,6897,68859,515
2022-08-24,San Mateo,081,765935,165638,164307,10244,174551,738
2022-08-24,Santa Barbara,083,443738,103911,103237,6662,109899,716
2022-08-24,Santa Clara,085,1922200,427637,421483,18543,440026,2454
2022-08-24,Santa Cruz,087,273765,61835,61387,3329,64716,270
2022-08-24,Shasta,089,179085,34380,34180,7181,41361,589
2022-08-24,Sierra,091,2930,302,301,60,361,5
2022-08-24,Siskiyou,093,43540,5022,5133,3257,8390,88
2022-08-24,Solano,095,438530,103432,102631,7662,110293,459
2022-08-24,Sonoma,097,501317,105086,104444,5149,109593,520
2022-08-24,Stanislaus,099,539301,135727,134894,21202,156096,1720
2022-08-24,Sutter,101,95872,23760,23673,2438,26111,228
2022-08-24,Tehama,103,63373,13406,13312,3002,16314,209
2022-08-24,Trinity,105,12862,1384,1369,367,1736,20
2022-08-24,Tulare,107,460477,120185,119644,35078,154722,1525
2022-08-24,Tuolumne,109,53932,15286,15140,903,16043,196
2022-08-24,Ventura,111,848112,204958,204064,15101,219165,1551
2022-08-24,Yolo,113,214977,46725,46665,4119,50784,333
2022-08-24,Yuba,115,75493,18514,18425,1649,20074,129
2022-08-23,Alameda,001,1643700,340450,338591,19201,357792,1976
2022-08-23,Alpine,002,1148,133,131,1,132,0
2022-08-23,Amador,005,37829,9813,9786,903,10689,89
2022-08-23,Butte,007,227075,38701,38458,8807,47265,449
2022-08-23,Calaveras,009,45235,8367,8334,510,8844,132
2022-08-23,Colusa,011,21464,3742,3722,1240,4962,22
2022-08-23,Contra Costa,013,1133247,246629,242633,20204,262837,1399
2022-08-23,Del Norte,015,27424,7316,7308,388,7696,55
2022-08-23,El Dorado,017,186661,31774,31682,4141,35823,225
2022-08-23,Fresno,019,978130,273786,269025,30492,299517,2822
2022-08-23,Glenn,021,27897,5454,5423,1833,7256,48
2022-08-23,Humboldt,023,135768,21291,21195,4793,25988,153
2022-08-23,Imperial,025,180216,64492,64271,15119,79390,951
2022-08-23,Inyo,027,18085,4443,4440,882,5322,59
2022-08-23,Kern,029,883053,216326,215225,60899,276124,2399
2022-08-23,Kings,031,150075,58459,58324,4010,62334,454
2022-08-23,Lake,033,64148,12555,12476,1129,13605,142
2022-08-23,Lassen,035,31185,9880,9867,975,10842,64
2022-08-23,Los Angeles,037,10098052,3228169,3211321,174220,3385541,32783
2022-08-23,Madera,039,155013,43141,42984,7982,50966,372
2022-08-23,Marin,041,260295,44278,44082,5117,49199,305
2022-08-23,Mariposa,043,17540,3034,3010,328,3338,31
2022-08-23,Mendocino,045,87422,15749,15623,4342,19965,134
2022-08-23,Merced,047,269075,71510,70665,11423,82088,849
2022-08-23,Modoc,049,8938,866,864,312,1176,11
2022-08-23,Mono,051,14174,3187,3181,241,3422,7
2022-08-23,Monterey,053,433212,93045,92590,20451,113041,760
2022-08-23,Napa,055,140530,31655,31602,1381,32983,156
2022-08-23,Nevada,057,99092,18625,18565,1746,20311,132
2022-08-23,Orange,059,3164182,657201,654893,60707,715600,7312
2022-08-23,Placer,061,380077,74573,74226,9313,83539,657
2022-08-23,Plumas,063,18699,3573,3555,430,3985,13
2022-08-23,Riverside,065,2383286,684822,681805,34290,716095,6573
2022-08-23,Sacramento,067,1510023,340457,339009,33051,372060,3208
2022-08-23,San Benito,069,59416,15937,15745,923,16668,103
2022-08-23,San Bernardino,071,2135413,661013,651496,30094,681590,8018
2022-08-23,San Diego,073,3302833,908923,906885,70299,977184,5453
2022-08-23,San Francisco,075,870044,175440,174731,11821,186552,974
2022-08-23,San Joaquin,077,732212,194555,193370,14390,207760,2288
2022-08-23,San Luis Obispo,079,281455,62311,61962,6886,68848,515
2022-08-23,San Mateo,081,765935,165511,164307,10241,174548,738
2022-08-23,Santa Barbara,083,443738,103816,103237,6647,109884,716
2022-08-23,Santa Clara,085,1922200,427260,421483,18528,440011,2454
2022-08-23,Santa Cruz,087,273765,61782,61387,3326,64713,270
2022-08-23,Shasta,089,179085,34357,34180,7175,41355,589
2022-08-23,Sierra,091,2930,302,301,60,361,5
2022-08-23,Siskiyou,093,43540,5022,5133,3255,8388,88
2022-08-23,Solano,095,438530,103337,102631,7656,110287,459
2022-08-23,Sonoma,097,501317,105005,104444,5138,109582,520
2022-08-23,Stanislaus,099,539301,135607,134894,21159,156053,1720
2022-08-23,Sutter,101,95872,23741,23673,2433,26106,228
2022-08-23,Tehama,103,63373,13396,13312,3000,16312,209
2022-08-23,Trinity,105,12862,1382,1369,367,1736,20
2022-08-23,Tulare,107,460477,120073,119644,34976,154620,1525
2022-08-23,Tuolumne,109,53932,15271,15140,902,16042,196
2022-08-23,Ventura,111,848112,204784,204064,15064,219128,1551
2022-08-23,Yolo,113,214977,46700,46665,4117,50782,333
2022-08-23,Yuba,115,75493,18493,18425,1645,20070,129
2022-08-22,Alameda,001,1643700,340085,338591,19172,357763,1976
2022-08-22,Alpine,002,1148,133,131,1,132,0
2022-08-22,Amador,005,37829,9808,9786,902,10688,89
2022-08-22,Butte,007,227075,38652,38458,8790,47248,449
2022-08-22,Calaveras,009,45235,8356,8334,508,8842,132
2022-08-22,Colusa,011,21464,3740,3722,1236,4958,22
2022-08-22,Contra Costa,013,1133247,246382,242633,20165,262798,1399
2022-08-22,Del Norte,015,27424,7315,7308,388,7696,55
2022-08-22,El Dorado,017,186661,31750,31682,4137,35819,225
2022-08-22,Fresno,019,978130,273544,269025,30408,299433,2822
2022-08-22,Glenn,021,27897,5453,5423,1831,7254,48
2022-08-22,Humboldt,023,135768,21270,21195,4778,25973,153
2022-08-22,Imperial,025,180216,64418,64271,15078,79349,951
2022-08-22,Inyo,027,18085,4441,4440,882,5322,59
2022-08-22,Kern,029,883053,216171,215225,60712,275937,2399
2022-08-22,Kings,031,150075,58407,58324,4002,62326,454
2022-08-22,Lake,033,64148,12531,12476,1126,13602,142
2022-08-22,Lassen,035,31185,9878,9867,975,10842,64
2022-08-22,Los Angeles,037,10098052,3225245,3211321,173872,3385193,32783
2022-08-22,Madera,039,155013,43087,42984,7957,50941,372
2022-08-22,Marin,041,260295,44245,44082,5109,49191,305
2022-08-22,Mariposa,043,17540,3027,3010,327,3337,31
2022-08-22,Mendocino,045,87422,15727,15623,4325,19948,134
2022-08-22,Merced,047,269075,71434,70665,11381,82046,849
2022-08-22,Modoc,049,8938,866,864,312,1176,11
2022-08-22,Mono,051,14174,3187,3181,241,3422,7
2022-08-22,Monterey,053,433212,92969,92590,20402,112992,760
2022-08-22,Napa,055,140530,31629,31602,1378,32980,156
2022-08-22,Nevada,057,99092,18607,18565,1740,20305,132
2022-08-22,Orange,059,3164182,656609,654893,60581,715474,7312
2022-08-22,Placer,061,380077,74497,74226,9304,83530,657
2022-08-22,Plumas,063,18699,3572,3555,430,3985,13
2022-08-22,Riverside,065,2383286,684159,681805,34221,716026,6573
2022-08-22,Sacramento,067,1510023,340117,339009,32969,371978,3208
2022-08-22,San Benito,069,59416,15915,15745,922,16667,103
2022-08-22,San Bernardino,071,2135413,660279,651496,30026,681522,8018
2022-08-22,San Diego,073,3302833,908237,906885,70178,977063,5453
2022-08-22,San Francisco,075,870044,175288,174731,11807,186538,974
2022-08-22,San Joaquin,077,732212,194376,193370,14350,207720,2288
2022-08-22,San Luis Obispo,079,281455,62258,61962,6873,68835,515
2022-08-22,San Mateo,081,765935,165367,164307,10229,174536,738
2022-08-22,Santa Barbara,083,443738,103694,103237,6629,109866,716
2022-08-22,Santa Clara,085,1922200,426834,421483,18501,439984,2454
2022-08-22,Santa Cruz,087,273765,61699,61387,3322,64709,270
2022-08-22,Shasta,089,179085,34341,34180,7165,41345,589
2022-08-22,Sierra,091,2930,302,301,60,361,5
2022-08-22,Siskiyou,093,43540,5018,5133,3253,8386,88
2022-08-22,Solano,095,438530,103247,102631,7643,110274,459
2022-08-22,Sonoma,097,501317,104923,104444,5125,109569,520
2022-08-22,Stanislaus,099,539301,135443,134894,21123,156017,1720
2022-08-22,Sutter,101,95872,23706,23673,2433,26106,228
2022-08-22,Tehama,103,63373,13390,13312,2997,16309,209
2022-08-22,Trinity,105,12862,1377,1369,365,1734,20
2022-08-22,Tulare,107,460477,119942,119644,34875,154519,1525
2022-08-22,Tuolumne,109,53932,15248,15140,902,16042,196
2022-08-22,Ventura,111,848112,204622,204064,14990,219054,1551
2022-08-22,Yolo,113,214977,46662,46665,4107,50772,333
2022-08-22,Yuba,115,75493,18466,18425,1641,20066,129
2022-08-21,Alameda,001,1643700,339656,337238,19146,356384,1970
2022-08-21,Alpine,002,1148,132,131,1,132,0
2022-08-21,Amador,005,37829,9801,9761,897,10658,89
2022-08-21,Butte,007,227075,38606,38316,8772,47088,449
2022-08-21,Calaveras,009,45235,8343,8313,506,8819,132
2022-08-21,Colusa,011,21464,3734,3718,1230,4948,22
2022-08-21,Contra Costa,013,1133247,246094,241665,20134,261799,1399
2022-08-21,Del Norte,015,27424,7308,7290,387,7677,55
2022-08-21,El Dorado,017,186661,31717,31600,4132,35732,225
2022-08-21,Fresno,019,978130,273268,268147,30318,298465,2822
2022-08-21,Glenn,021,27897,5449,5413,1830,7243,48
2022-08-21,Humboldt,023,135768,21246,21104,4760,25864,153
2022-08-21,Imperial,025,180216,64357,64092,15038,79130,951
2022-08-21,Inyo,027,18085,4441,4435,878,5313,59
2022-08-21,Kern,029,883053,215983,214656,60525,275181,2389
2022-08-21,Kings,031,150075,58336,58109,3991,62100,454
2022-08-21,Lake,033,64148,12507,12426,1124,13550,142
2022-08-21,Lassen,035,31185,9872,9843,974,10817,64
2022-08-21,Los Angeles,037,10098052,3221986,3200023,173471,3373494,32746
2022-08-21,Madera,039,155013,43037,42822,7919,50741,372
2022-08-21,Marin,041,260295,44196,43966,5090,49056,305
2022-08-21,Mariposa,043,17540,3025,3003,327,3330,31
2022-08-21,Mendocino,045,87422,15697,15578,4302,19880,134
2022-08-21,Merced,047,269075,71342,70449,11307,81756,846
2022-08-21,Modoc,049,8938,865,862,312,1174,11
2022-08-21,Mono,051,14174,3187,3177,239,3416,7
2022-08-21,Monterey,053,433212,92866,92287,20347,112634,760
2022-08-21,Napa,055,140530,31607,31534,1377,32911,156
2022-08-21,Nevada,057,99092,18595,18497,1736,20233,132
2022-08-21,Orange,059,3164182,655954,652703,60445,713148,7280
2022-08-21,Placer,061,380077,74435,74027,9300,83327,657
2022-08-21,Plumas,063,18699,3565,3550,430,3980,13
2022-08-21,Riverside,065,2383286,683327,679298,34136,713434,6574
2022-08-21,Sacramento,067,1510023,339748,337745,32897,370642,3208
2022-08-21,San Benito,069,59416,15892,15698,919,16617,103
2022-08-21,San Bernardino,071,2135413,659428,648583,29962,678545,8014
2022-08-21,San Diego,073,3302833,907379,904015,70097,974112,5448
2022-08-21,San Francisco,075,870044,175085,174151,11789,185940,973
2022-08-21,San Joaquin,077,732212,194129,192738,14310,207048,2288
2022-08-21,San Luis Obispo,079,281455,62206,61764,6848,68612,516
2022-08-21,San Mateo,081,765935,165212,163705,10221,173926,738
2022-08-21,Santa Barbara,083,443738,103564,102795,6604,109399,713
2022-08-21,Santa Clara,085,1922200,426306,419723,18468,438191,2437
2022-08-21,Santa Cruz,087,273765,61584,61098,3317,64415,269
2022-08-21,Shasta,089,179085,34301,34105,7149,41254,588
2022-08-21,Sierra,091,2930,302,298,60,358,4
2022-08-21,Siskiyou,093,43540,5017,5119,3246,8365,88
2022-08-21,Solano,095,438530,103162,102355,7632,109987,457
2022-08-21,Sonoma,097,501317,104816,104090,5112,109202,511
2022-08-21,Stanislaus,099,539301,135277,134407,21052,155459,1719
2022-08-21,Sutter,101,95872,23673,23587,2426,26013,228
2022-08-21,Tehama,103,63373,13379,13289,2993,16282,209
2022-08-21,Trinity,105,12862,1375,1366,364,1730,20
2022-08-21,Tulare,107,460477,119814,119251,34723,153974,1521
2022-08-21,Tuolumne,109,53932,15231,15085,900,15985,196
2022-08-21,Ventura,111,848112,204388,203318,14921,218239,1547
2022-08-21,Yolo,113,214977,46622,46567,4102,50669,333
2022-08-21,Yuba,115,75493,18443,18363,1634,19997,129
2022-08-20,Alameda,001,1643700,339444,337238,19131,356369,1970
2022-08-20,Alpine,002,1148,132,131,1,132,0
2022-08-20,Amador,005,37829,9798,9761,897,10658,89
2022-08-20,Butte,007,227075,38577,38316,8768,47084,449
2022-08-20,Calaveras,009,45235,8340,8313,505,8818,132
2022-08-20,Colusa,011,21464,3730,3718,1224,4942,22
2022-08-20,Contra Costa,013,1133247,245953,241665,20125,261790,1399
2022-08-20,Del Norte,015,27424,7307,7290,387,7677,55
2022-08-20,El Dorado,017,186661,31697,31600,4130,35730,225
2022-08-20,Fresno,019,978130,273123,268147,30294,298441,2822
2022-08-20,Glenn,021,27897,5446,5413,1830,7243,48
2022-08-20,Humboldt,023,135768,21227,21104,4748,25852,153
2022-08-20,Imperial,025,180216,64321,64092,15019,79111,951
2022-08-20,Inyo,027,18085,4441,4435,878,5313,59
2022-08-20,Kern,029,883053,215895,214656,60401,275057,2389
2022-08-20,Kings,031,150075,58309,58109,3986,62095,454
2022-08-20,Lake,033,64148,12497,12426,1120,13546,142
2022-08-20,Lassen,035,31185,9869,9843,974,10817,64
2022-08-20,Los Angeles,037,10098052,3220397,3200023,173246,3373269,32746
2022-08-20,Madera,039,155013,43013,42822,7913,50735,372
2022-08-20,Marin,041,260295,44178,43966,5088,49054,305
2022-08-20,Mariposa,043,17540,3025,3003,327,3330,31
2022-08-20,Mendocino,045,87422,15681,15578,4301,19879,134
2022-08-20,Merced,047,269075,71318,70449,11299,81748,846
2022-08-20,Modoc,049,8938,865,862,312,1174,11
2022-08-20,Mono,051,14174,3187,3177,237,3414,7
2022-08-20,Monterey,053,433212,92820,92287,20319,112606,760
2022-08-20,Napa,055,140530,31599,31534,1377,32911,156
2022-08-20,Nevada,057,99092,18592,18497,1734,20231,132
2022-08-20,Orange,059,3164182,655634,652703,60358,713061,7280
2022-08-20,Placer,061,380077,74386,74027,9296,83323,657
2022-08-20,Plumas,063,18699,3565,3550,430,3980,13
2022-08-20,Riverside,065,2383286,682902,679298,34108,713406,6574
2022-08-20,Sacramento,067,1510023,339586,337745,32874,370619,3208
2022-08-20,San Benito,069,59416,15873,15698,916,16614,103
2022-08-20,San Bernardino,071,2135413,659007,648583,29924,678507,8014
2022-08-20,San Diego,073,3302833,906998,904015,70071,974086,5448
2022-08-20,San Francisco,075,870044,174961,174151,11788,185939,973
2022-08-20,San Joaquin,077,732212,194029,192738,14283,207021,2288
2022-08-20,San Luis Obispo,079,281455,62188,61764,6840,68604,516
2022-08-20,San Mateo,081,765935,165111,163705,10218,173923,738
2022-08-20,Santa Barbara,083,443738,103493,102795,6597,109392,713
2022-08-20,Santa Clara,085,1922200,426039,419723,18452,438175,2437
2022-08-20,Santa Cruz,087,273765,61554,61098,3313,64411,269
2022-08-20,Shasta,089,179085,34275,34105,7147,41252,588
2022-08-20,Sierra,091,2930,302,298,60,358,4
2022-08-20,Siskiyou,093,43540,5012,5119,3245,8364,88
2022-08-20,Solano,095,438530,103116,102355,7624,109979,457
2022-08-20,Sonoma,097,501317,104762,104090,5109,109199,511
2022-08-20,Stanislaus,099,539301,135185,134407,21037,155444,1719
2022-08-20,Sutter,101,95872,23645,23587,2426,26013,228
2022-08-20,Tehama,103,63373,13371,13289,2993,16282,209
2022-08-20,Trinity,105,12862,1375,1366,364,1730,20
2022-08-20,Tulare,107,460477,119732,119251,34673,153924,1521
2022-08-20,Tuolumne,109,53932,15222,15085,898,15983,196
2022-08-20,Ventura,111,848112,204279,203318,14905,218223,1547
2022-08-20,Yolo,113,214977,46594,46567,4094,50661,333
2022-08-20,Yuba,115,75493,18436,18363,1633,19996,129
2022-08-19,Alameda,001,1643700,339232,337238,19109,356347,1970
2022-08-19,Alpine,002,1148,132,131,1,132,0
2022-08-19,Amador,005,37829,9797,9761,897,10658,89
2022-08-19,Butte,007,227075,38556,38316,8757,47073,449
2022-08-19,Calaveras,009,45235,8335,8313,505,8818,132
2022-08-19,Colusa,011,21464,3729,3718,1223,4941,22
2022-08-19,Contra Costa,013,1133247,245811,241665,20114,261779,1399
2022-08-19,Del Norte,015,27424,7302,7290,387,7677,55
2022-08-19,El Dorado,017,186661,31685,31600,4126,35726,225
2022-08-19,Fresno,019,978130,272958,268147,30271,298418,2822
2022-08-19,Glenn,021,27897,5445,5413,1830,7243,48
2022-08-19,Humboldt,023,135768,21217,21104,4738,25842,153
2022-08-19,Imperial,025,180216,64293,64092,15004,79096,951
2022-08-19,Inyo,027,18085,4441,4435,874,5309,59
2022-08-19,Kern,029,883053,215805,214656,60310,274966,2389
2022-08-19,Kings,031,150075,58267,58109,3979,62088,454
2022-08-19,Lake,033,64148,12484,12426,1118,13544,142
2022-08-19,Lassen,035,31185,9866,9843,974,10817,64
2022-08-19,Los Angeles,037,10098052,3218574,3200023,173025,3373048,32746
2022-08-19,Madera,039,155013,42991,42822,7909,50731,372
2022-08-19,Marin,041,260295,44143,43966,5082,49048,305
2022-08-19,Mariposa,043,17540,3023,3003,327,3330,31
2022-08-19,Mendocino,045,87422,15668,15578,4293,19871,134
2022-08-19,Merced,047,269075,71278,70449,11294,81743,846
2022-08-19,Modoc,049,8938,865,862,312,1174,11
2022-08-19,Mono,051,14174,3187,3177,237,3414,7
2022-08-19,Monterey,053,433212,92766,92287,20288,112575,760
2022-08-19,Napa,055,140530,31581,31534,1375,32909,156
2022-08-19,Nevada,057,99092,18587,18497,1733,20230,132
2022-08-19,Orange,059,3164182,655270,652703,60273,712976,7280
2022-08-19,Placer,061,380077,74350,74027,9289,83316,657
2022-08-19,Plumas,063,18699,3564,3550,430,3980,13
2022-08-19,Riverside,065,2383286,682484,679298,34078,713376,6574
2022-08-19,Sacramento,067,1510023,339397,337745,32846,370591,3208
2022-08-19,San Benito,069,59416,15870,15698,915,16613,103
2022-08-19,San Bernardino,071,2135413,658555,648583,29908,678491,8014
2022-08-19,San Diego,073,3302833,906503,904015,70018,974033,5448
2022-08-19,San Francisco,075,870044,174822,174151,11771,185922,973
2022-08-19,San Joaquin,077,732212,193925,192738,14260,206998,2288
2022-08-19,San Luis Obispo,079,281455,62173,61764,6838,68602,516
2022-08-19,San Mateo,081,765935,164997,163705,10213,173918,738
2022-08-19,Santa Barbara,083,443738,103413,102795,6593,109388,713
2022-08-19,Santa Clara,085,1922200,425728,419723,18436,438159,2437
2022-08-19,Santa Cruz,087,273765,61491,61098,3308,64406,269
2022-08-19,Shasta,089,179085,34258,34105,7147,41252,588
2022-08-19,Sierra,091,2930,302,298,60,358,4
2022-08-19,Siskiyou,093,43540,5005,5119,3245,8364,88
2022-08-19,Solano,095,438530,103057,102355,7617,109972,457
2022-08-19,Sonoma,097,501317,104702,104090,5106,109196,511
2022-08-19,Stanislaus,099,539301,135102,134407,21020,155427,1719
2022-08-19,Sutter,101,95872,23628,23587,2425,26012,228
2022-08-19,Tehama,103,63373,13361,13289,2987,16276,209
2022-08-19,Trinity,105,12862,1374,1366,364,1730,20
2022-08-19,Tulare,107,460477,119646,119251,34621,153872,1521
2022-08-19,Tuolumne,109,53932,15215,15085,897,15982,196
2022-08-19,Ventura,111,848112,204152,203318,14885,218203,1547
2022-08-19,Yolo,113,214977,46571,46567,4091,50658,333
2022-08-19,Yuba,115,75493,18421,18363,1633,19996,129
2022-08-18,Alameda,001,1643700,338936,337238,19076,356314,1970
2022-08-18,Alpine,002,1148,131,131,1,132,0
2022-08-18,Amador,005,37829,9792,9761,896,10657,89
2022-08-18,Butte,007,227075,38526,38316,8743,47059,449
2022-08-18,Calaveras,009,45235,8330,8313,505,8818,132
2022-08-18,Colusa,011,21464,3729,3718,1219,4937,22
2022-08-18,Contra Costa,013,1133247,245599,241665,20085,261750,1399
2022-08-18,Del Norte,015,27424,7297,7290,386,7676,55
2022-08-18,El Dorado,017,186661,31670,31600,4123,35723,225
2022-08-18,Fresno,019,978130,272733,268147,30214,298361,2822
2022-08-18,Glenn,021,27897,5440,5413,1829,7242,48
2022-08-18,Humboldt,023,135768,21192,21104,4711,25815,153
2022-08-18,Imperial,025,180216,64268,64092,14963,79055,951
2022-08-18,Inyo,027,18085,4440,4435,869,5304,59
2022-08-18,Kern,029,883053,215656,214656,60179,274835,2389
2022-08-18,Kings,031,150075,58222,58109,3968,62077,454
2022-08-18,Lake,033,64148,12470,12426,1117,13543,142
2022-08-18,Lassen,035,31185,9865,9843,973,10816,64
2022-08-18,Los Angeles,037,10098052,3216087,3200023,172742,3372765,32746
2022-08-18,Madera,039,155013,42950,42822,7891,50713,372
2022-08-18,Marin,041,260295,44111,43966,5071,49037,305
2022-08-18,Mariposa,043,17540,3021,3003,327,3330,31
2022-08-18,Mendocino,045,87422,15654,15578,4292,19870,134
2022-08-18,Merced,047,269075,71196,70449,11263,81712,846
2022-08-18,Modoc,049,8938,865,862,312,1174,11
2022-08-18,Mono,051,14174,3185,3177,236,3413,7
2022-08-18,Monterey,053,433212,92679,92287,20251,112538,760
2022-08-18,Napa,055,140530,31561,31534,1375,32909,156
2022-08-18,Nevada,057,99092,18570,18497,1729,20226,132
2022-08-18,Orange,059,3164182,654806,652703,60160,712863,7280
2022-08-18,Placer,061,380077,74294,74027,9286,83313,657
2022-08-18,Plumas,063,18699,3560,3550,430,3980,13
2022-08-18,Riverside,065,2383286,681904,679298,34030,713328,6574
2022-08-18,Sacramento,067,1510023,339101,337745,32788,370533,3208
2022-08-18,San Benito,069,59416,15858,15698,912,16610,103
2022-08-18,San Bernardino,071,2135413,657878,648583,29858,678441,8014
2022-08-18,San Diego,073,3302833,905858,904015,69942,973957,5448
2022-08-18,San Francisco,075,870044,174670,174151,11747,185898,973
2022-08-18,San Joaquin,077,732212,193754,192738,14231,206969,2288
2022-08-18,San Luis Obispo,079,281455,62129,61764,6825,68589,516
2022-08-18,San Mateo,081,765935,164817,163705,10205,173910,738
2022-08-18,Santa Barbara,083,443738,103304,102795,6584,109379,713
2022-08-18,Santa Clara,085,1922200,425291,419723,18402,438125,2437
2022-08-18,Santa Cruz,087,273765,61420,61098,3302,64400,269
2022-08-18,Shasta,089,179085,34237,34105,7143,41248,588
2022-08-18,Sierra,091,2930,301,298,60,358,4
2022-08-18,Siskiyou,093,43540,5003,5119,3243,8362,88
2022-08-18,Solano,095,438530,102986,102355,7606,109961,457
2022-08-18,Sonoma,097,501317,104614,104090,5097,109187,511
2022-08-18,Stanislaus,099,539301,134974,134407,20985,155392,1719
2022-08-18,Sutter,101,95872,23607,23587,2423,26010,228
2022-08-18,Tehama,103,63373,13354,13289,2983,16272,209
2022-08-18,Trinity,105,12862,1373,1366,361,1727,20
2022-08-18,Tulare,107,460477,119550,119251,34525,153776,1521
2022-08-18,Tuolumne,109,53932,15172,15085,894,15979,196
2022-08-18,Ventura,111,848112,203975,203318,14847,218165,1547
2022-08-18,Yolo,113,214977,46546,46567,4083,50650,333
2022-08-18,Yuba,115,75493,18401,18363,1630,19993,129
2022-08-17,Alameda,001,1643700,338600,336198,19043,355241,1948
2022-08-17,Alpine,002,1148,131,131,1,132,0
2022-08-17,Amador,005,37829,9784,9728,896,10624,89
2022-08-17,Butte,007,227075,38487,38203,8731,46934,447
2022-08-17,Calaveras,009,45235,8323,8295,502,8797,131
2022-08-17,Colusa,011,21464,3728,3716,1217,4933,22
2022-08-17,Contra Costa,013,1133247,245372,240894,20050,260944,1394
2022-08-17,Del Norte,015,27424,7293,7274,386,7660,55
2022-08-17,El Dorado,017,186661,31652,31523,4119,35642,225
2022-08-17,Fresno,019,978130,272503,267367,30150,297517,2818
2022-08-17,Glenn,021,27897,5439,5403,1827,7230,48
2022-08-17,Humboldt,023,135768,21168,21029,4697,25726,153
2022-08-17,Imperial,025,180216,64225,63972,14933,78905,950
2022-08-17,Inyo,027,18085,4438,4421,866,5287,58
2022-08-17,Kern,029,883053,215523,214040,60047,274087,2389
2022-08-17,Kings,031,150075,58158,57948,3966,61914,454
2022-08-17,Lake,033,64148,12460,12383,1116,13499,142
2022-08-17,Lassen,035,31185,9856,9813,973,10786,64
2022-08-17,Los Angeles,037,10098052,3213288,3190808,172417,3363225,32701
2022-08-17,Madera,039,155013,42901,42677,7854,50531,372
2022-08-17,Marin,041,260295,44078,43852,5067,48919,305
2022-08-17,Mariposa,043,17540,3017,2998,326,3324,31
2022-08-17,Mendocino,045,87422,15644,15504,4286,19790,132
2022-08-17,Merced,047,269075,71137,70232,11220,81452,843
2022-08-17,Modoc,049,8938,864,857,312,1169,11
2022-08-17,Mono,051,14174,3185,3175,236,3411,7
2022-08-17,Monterey,053,433212,92615,91984,20197,112181,759
2022-08-17,Napa,055,140530,31545,31454,1374,32828,155
2022-08-17,Nevada,057,99092,18553,18443,1727,20170,132
2022-08-17,Orange,059,3164182,654198,650827,60042,710869,7266
2022-08-17,Placer,061,380077,74243,73852,9280,83132,655
2022-08-17,Plumas,063,18699,3558,3544,429,3973,13
2022-08-17,Riverside,065,2383286,681265,677437,33972,711409,6562
2022-08-17,Sacramento,067,1510023,338776,336667,32743,369410,3194
2022-08-17,San Benito,069,59416,15842,15655,911,16566,103
2022-08-17,San Bernardino,071,2135413,657236,646584,29801,676385,7999
2022-08-17,San Diego,073,3302833,905114,901794,69873,971667,5442
2022-08-17,San Francisco,075,870044,174534,173590,11735,185325,971
2022-08-17,San Joaquin,077,732212,193603,192078,14194,206272,2283
2022-08-17,San Luis Obispo,079,281455,62075,61604,6813,68417,514
2022-08-17,San Mateo,081,765935,164718,163218,10198,173416,738
2022-08-17,Santa Barbara,083,443738,103186,102430,6569,108999,712
2022-08-17,Santa Clara,085,1922200,424825,418231,18392,436623,2424
2022-08-17,Santa Cruz,087,273765,61330,60880,3297,64177,269
2022-08-17,Shasta,089,179085,34219,33984,7134,41118,587
2022-08-17,Sierra,091,2930,301,297,60,357,4
2022-08-17,Siskiyou,093,43540,5000,5102,3240,8342,88
2022-08-17,Solano,095,438530,102901,102115,7600,109715,459
2022-08-17,Sonoma,097,501317,104511,103844,5091,108935,504
2022-08-17,Stanislaus,099,539301,134828,133989,20948,154937,1715
2022-08-17,Sutter,101,95872,23573,23489,2417,25906,228
2022-08-17,Tehama,103,63373,13351,13259,2978,16237,209
2022-08-17,Trinity,105,12862,1373,1362,359,1721,20
2022-08-17,Tulare,107,460477,119441,118997,34420,153417,1521
2022-08-17,Tuolumne,109,53932,15164,15044,892,15936,196
2022-08-17,Ventura,111,848112,203794,202609,14792,217401,1546
2022-08-17,Yolo,113,214977,46514,46414,4078,50492,331
2022-08-17,Yuba,115,75493,18381,18305,1627,19932,129
2022-08-16,Alameda,001,1643700,338229,336198,19026,355224,1948
2022-08-16,Alpine,002,1148,131,131,1,132,0
2022-08-16,Amador,005,37829,9771,9728,891,10619,89
2022-08-16,Butte,007,227075,38453,38203,8718,46921,447
2022-08-16,Calaveras,009,45235,8315,8295,502,8797,131
2022-08-16,Colusa,011,21464,3727,3716,1215,4931,22
2022-08-16,Contra Costa,013,1133247,245136,240894,20009,260903,1394
2022-08-16,Del Norte,015,27424,7288,7274,386,7660,55
2022-08-16,El Dorado,017,186661,31631,31523,4113,35636,225
2022-08-16,Fresno,019,978130,272256,267367,30102,297469,2818
2022-08-16,Glenn,021,27897,5438,5403,1824,7227,48
2022-08-16,Humboldt,023,135768,21141,21029,4670,25699,153
2022-08-16,Imperial,025,180216,64174,63972,14895,78867,950
2022-08-16,Inyo,027,18085,4434,4421,862,5283,58
2022-08-16,Kern,029,883053,215380,214040,59898,273938,2389
2022-08-16,Kings,031,150075,58112,57948,3963,61911,454
2022-08-16,Lake,033,64148,12444,12383,1112,13495,142
2022-08-16,Lassen,035,31185,9843,9813,972,10785,64
2022-08-16,Los Angeles,037,10098052,3210218,3190808,172067,3362875,32701
2022-08-16,Madera,039,155013,42843,42677,7833,50510,372
2022-08-16,Marin,041,260295,44040,43852,5062,48914,305
2022-08-16,Mariposa,043,17540,3015,2998,326,3324,31
2022-08-16,Mendocino,045,87422,15625,15504,4273,19777,132
2022-08-16,Merced,047,269075,71058,70232,11177,81409,843
2022-08-16,Modoc,049,8938,864,857,312,1169,11
2022-08-16,Mono,051,14174,3185,3175,235,3410,7
2022-08-16,Monterey,053,433212,92534,91984,20127,112111,759
2022-08-16,Napa,055,140530,31526,31454,1373,32827,155
2022-08-16,Nevada,057,99092,18537,18443,1724,20167,132
2022-08-16,Orange,059,3164182,653525,650827,59909,710736,7266
2022-08-16,Placer,061,380077,74172,73852,9272,83124,655
2022-08-16,Plumas,063,18699,3556,3544,429,3973,13
2022-08-16,Riverside,065,2383286,680574,677437,33924,711361,6562
2022-08-16,Sacramento,067,1510023,338440,336667,32708,369375,3194
2022-08-16,San Benito,069,59416,15829,15655,907,16562,103
2022-08-16,San Bernardino,071,2135413,656504,646584,29733,676317,7999
2022-08-16,San Diego,073,3302833,904296,901794,69779,971573,5442
2022-08-16,San Francisco,075,870044,174372,173590,11729,185319,971
2022-08-16,San Joaquin,077,732212,193387,192078,14164,206242,2283
2022-08-16,San Luis Obispo,079,281455,62037,61604,6806,68410,514
2022-08-16,San Mateo,081,765935,164556,163218,10185,173403,738
2022-08-16,Santa Barbara,083,443738,103055,102430,6549,108979,712
2022-08-16,Santa Clara,085,1922200,424344,418231,18367,436598,2424
2022-08-16,Santa Cruz,087,273765,61277,60880,3293,64173,269
2022-08-16,Shasta,089,179085,34192,33984,7125,41109,587
2022-08-16,Sierra,091,2930,300,297,60,357,4
2022-08-16,Siskiyou,093,43540,4996,5102,3235,8337,88
2022-08-16,Solano,095,438530,102828,102115,7582,109697,459
2022-08-16,Sonoma,097,501317,104408,103844,5083,108927,504
2022-08-16,Stanislaus,099,539301,134691,133989,20888,154877,1715
2022-08-16,Sutter,101,95872,23549,23489,2411,25900,228
2022-08-16,Tehama,103,63373,13345,13259,2973,16232,209
2022-08-16,Trinity,105,12862,1370,1362,359,1721,20
2022-08-16,Tulare,107,460477,119351,118997,34303,153300,1521
2022-08-16,Tuolumne,109,53932,15150,15044,892,15936,196
2022-08-16,Ventura,111,848112,203558,202609,14743,217352,1546
2022-08-16,Yolo,113,214977,46496,46414,4073,50487,331
2022-08-16,Yuba,115,75493,18362,18305,1621,19926,129
2022-08-15,Alameda,001,1643700,337846,336198,18995,355193,1948
2022-08-15,Alpine,002,1148,131,131,1,132,0
2022-08-15,Amador,005,37829,9759,9728,891,10619,89
2022-08-15,Butte,007,227075,38430,38203,8700,46903,447
2022-08-15,Calaveras,009,45235,8313,8295,501,8796,131
2022-08-15,Colusa,011,21464,3724,3716,1214,4930,22
2022-08-15,Contra Costa,013,1133247,244853,240894,19977,260871,1394
2022-08-15,Del Norte,015,27424,7283,7274,385,7659,55
2022-08-15,El Dorado,017,186661,31598,31523,4110,35633,225
2022-08-15,Fresno,019,978130,271949,267367,30036,297403,2818
2022-08-15,Glenn,021,27897,5430,5403,1823,7226,48
2022-08-15,Humboldt,023,135768,21119,21029,4649,25678,153
2022-08-15,Imperial,025,180216,64127,63972,14859,78831,950
2022-08-15,Inyo,027,18085,4433,4421,860,5281,58
2022-08-15,Kern,029,883053,215189,214040,59757,273797,2389
2022-08-15,Kings,031,150075,58038,57948,3954,61902,454
2022-08-15,Lake,033,64148,12427,12383,1111,13494,142
2022-08-15,Lassen,035,31185,9842,9813,972,10785,64
2022-08-15,Los Angeles,037,10098052,3206801,3190808,171721,3362529,32701
2022-08-15,Madera,039,155013,42788,42677,7794,50471,372
2022-08-15,Marin,041,260295,43995,43852,5056,48908,305
2022-08-15,Mariposa,043,17540,3013,2998,325,3323,31
2022-08-15,Mendocino,045,87422,15606,15504,4268,19772,132
2022-08-15,Merced,047,269075,70987,70232,11129,81361,843
2022-08-15,Modoc,049,8938,860,857,312,1169,11
2022-08-15,Mono,051,14174,3183,3175,235,3410,7
2022-08-15,Monterey,053,433212,92423,91984,20060,112044,759
2022-08-15,Napa,055,140530,31501,31454,1373,32827,155
2022-08-15,Nevada,057,99092,18523,18443,1723,20166,132
2022-08-15,Orange,059,3164182,652807,650827,59780,710607,7266
2022-08-15,Placer,061,380077,74112,73852,9263,83115,655
2022-08-15,Plumas,063,18699,3552,3544,429,3973,13
2022-08-15,Riverside,065,2383286,679781,677437,33865,711302,6562
2022-08-15,Sacramento,067,1510023,338039,336667,32669,369336,3194
2022-08-15,San Benito,069,59416,15813,15655,905,16560,103
2022-08-15,San Bernardino,071,2135413,655664,646584,29663,676247,7999
2022-08-15,San Diego,073,3302833,903453,901794,69668,971462,5442
2022-08-15,San Francisco,075,870044,174192,173590,11724,185314,971
2022-08-15,San Joaquin,077,732212,193179,192078,14126,206204,2283
2022-08-15,San Luis Obispo,079,281455,61999,61604,6788,68392,514
2022-08-15,San Mateo,081,765935,164354,163218,10179,173397,738
2022-08-15,Santa Barbara,083,443738,102957,102430,6527,108957,712
2022-08-15,Santa Clara,085,1922200,423821,418231,18336,436567,2424
2022-08-15,Santa Cruz,087,273765,61197,60880,3288,64168,269
2022-08-15,Shasta,089,179085,34167,33984,7115,41099,587
2022-08-15,Sierra,091,2930,300,297,60,357,4
2022-08-15,Siskiyou,093,43540,4993,5102,3231,8333,88
2022-08-15,Solano,095,438530,102714,102115,7567,109682,459
2022-08-15,Sonoma,097,501317,104318,103844,5076,108920,504
2022-08-15,Stanislaus,099,539301,134550,133989,20854,154843,1715
2022-08-15,Sutter,101,95872,23517,23489,2409,25898,228
2022-08-15,Tehama,103,63373,13337,13259,2966,16225,209
2022-08-15,Trinity,105,12862,1367,1362,357,1719,20
2022-08-15,Tulare,107,460477,119213,118997,34193,153190,1521
2022-08-15,Tuolumne,109,53932,15142,15044,892,15936,196
2022-08-15,Ventura,111,848112,203304,202609,14682,217291,1546
2022-08-15,Yolo,113,214977,46462,46414,4070,50484,331
2022-08-15,Yuba,115,75493,18339,18305,1616,19921,129
2022-08-14,Alameda,001,1643700,337388,334944,18971,353915,1948
2022-08-14,Alpine,002,1148,131,131,1,132,0
2022-08-14,Amador,005,37829,9750,9705,889,10594,89
2022-08-14,Butte,007,227075,38379,38062,8684,46746,447
2022-08-14,Calaveras,009,45235,8304,8271,500,8771,131
2022-08-14,Colusa,011,21464,3724,3704,1211,4915,22
2022-08-14,Contra Costa,013,1133247,244580,239735,19928,259663,1393
2022-08-14,Del Norte,015,27424,7273,7245,384,7629,54
2022-08-14,El Dorado,017,186661,31567,31430,4105,35535,225
2022-08-14,Fresno,019,978130,271649,266211,29982,296193,2816
2022-08-14,Glenn,021,27897,5427,5393,1822,7215,48
2022-08-14,Humboldt,023,135768,21090,20954,4635,25589,153
2022-08-14,Imperial,025,180216,64060,63766,14819,78585,950
2022-08-14,Inyo,027,18085,4426,4418,856,5274,58
2022-08-14,Kern,029,883053,215003,213071,59578,272649,2380
2022-08-14,Kings,031,150075,57982,57748,3947,61695,454
2022-08-14,Lake,033,64148,12408,12324,1108,13432,142
2022-08-14,Lassen,035,31185,9822,9795,971,10766,64
2022-08-14,Los Angeles,037,10098052,3203234,3177769,171320,3349089,32657
2022-08-14,Madera,039,155013,42726,42517,7751,50268,372
2022-08-14,Marin,041,260295,43949,43662,5051,48713,305
2022-08-14,Mariposa,043,17540,3011,2986,324,3310,31
2022-08-14,Mendocino,045,87422,15586,15456,4262,19718,132
2022-08-14,Merced,047,269075,70874,69974,11070,81044,842
2022-08-14,Modoc,049,8938,859,856,312,1168,11
2022-08-14,Mono,051,14174,3181,3170,235,3405,7
2022-08-14,Monterey,053,433212,92298,91612,19986,111598,759
2022-08-14,Napa,055,140530,31464,31312,1372,32684,156
2022-08-14,Nevada,057,99092,18503,18398,1720,20118,132
2022-08-14,Orange,059,3164182,652077,648171,59628,707799,7248
2022-08-14,Placer,061,380077,74048,73588,9250,82838,656
2022-08-14,Plumas,063,18699,3550,3539,429,3968,13
2022-08-14,Riverside,065,2383286,678966,674362,33782,708144,6561
2022-08-14,Sacramento,067,1510023,337560,335292,32613,367905,3190
2022-08-14,San Benito,069,59416,15791,15578,896,16474,103
2022-08-14,San Bernardino,071,2135413,654788,643895,29598,673493,7983
2022-08-14,San Diego,073,3302833,902558,898646,69556,968202,5437
2022-08-14,San Francisco,075,870044,173977,172876,11711,184587,955
2022-08-14,San Joaquin,077,732212,192881,191272,14066,205338,2283
2022-08-14,San Luis Obispo,079,281455,61937,61403,6761,68164,512
2022-08-14,San Mateo,081,765935,164147,162531,10166,172697,738
2022-08-14,Santa Barbara,083,443738,102818,101942,6501,108443,712
2022-08-14,Santa Clara,085,1922200,423247,416369,18299,434668,2422
2022-08-14,Santa Cruz,087,273765,61091,60594,3281,63875,273
2022-08-14,Shasta,089,179085,34122,33895,7101,40996,584
2022-08-14,Sierra,091,2930,300,296,60,356,4
2022-08-14,Siskiyou,093,43540,4987,5086,3229,8315,88
2022-08-14,Solano,095,438530,102574,101761,7558,109319,458
2022-08-14,Sonoma,097,501317,104210,103496,5062,108558,504
2022-08-14,Stanislaus,099,539301,134366,133490,20800,154290,1702
2022-08-14,Sutter,101,95872,23475,23386,2405,25791,228
2022-08-14,Tehama,103,63373,13330,13213,2965,16178,209
2022-08-14,Trinity,105,12862,1366,1356,357,1713,20
2022-08-14,Tulare,107,460477,119058,118563,34077,152640,1520
2022-08-14,Tuolumne,109,53932,15122,14964,891,15855,196
2022-08-14,Ventura,111,848112,203037,201765,14642,216407,1541
2022-08-14,Yolo,113,214977,46415,46225,4064,50289,331
2022-08-14,Yuba,115,75493,18317,18232,1613,19845,129
2022-08-13,Alameda,001,1643700,337138,334944,18956,353900,1948
2022-08-13,Alpine,002,1148,131,131,1,132,0
2022-08-13,Amador,005,37829,9746,9705,889,10594,89
2022-08-13,Butte,007,227075,38355,38062,8673,46735,447
2022-08-13,Calaveras,009,45235,8300,8271,499,8770,131
2022-08-13,Colusa,011,21464,3721,3704,1211,4915,22
2022-08-13,Contra Costa,013,1133247,244411,239735,19905,259640,1393
2022-08-13,Del Norte,015,27424,7271,7245,384,7629,54
2022-08-13,El Dorado,017,186661,31554,31430,4104,35534,225
2022-08-13,Fresno,019,978130,271509,266211,29953,296164,2816
2022-08-13,Glenn,021,27897,5427,5393,1820,7213,48
2022-08-13,Humboldt,023,135768,21073,20954,4626,25580,153
2022-08-13,Imperial,025,180216,64018,63766,14802,78568,950
2022-08-13,Inyo,027,18085,4424,4418,855,5273,58
2022-08-13,Kern,029,883053,214910,213071,59497,272568,2380
2022-08-13,Kings,031,150075,57957,57748,3947,61695,454
2022-08-13,Lake,033,64148,12397,12324,1108,13432,142
2022-08-13,Lassen,035,31185,9816,9795,970,10765,64
2022-08-13,Los Angeles,037,10098052,3201374,3177769,171054,3348823,32657
2022-08-13,Madera,039,155013,42710,42517,7744,50261,372
2022-08-13,Marin,041,260295,43929,43662,5048,48710,305
2022-08-13,Mariposa,043,17540,3010,2986,324,3310,31
2022-08-13,Mendocino,045,87422,15574,15456,4259,19715,132
2022-08-13,Merced,047,269075,70835,69974,11064,81038,842
2022-08-13,Modoc,049,8938,859,856,312,1168,11
2022-08-13,Mono,051,14174,3181,3170,234,3404,7
2022-08-13,Monterey,053,433212,92233,91612,19951,111563,759
2022-08-13,Napa,055,140530,31450,31312,1371,32683,156
2022-08-13,Nevada,057,99092,18492,18398,1718,20116,132
2022-08-13,Orange,059,3164182,651686,648171,59548,707719,7248
2022-08-13,Placer,061,380077,74001,73588,9245,82833,656
2022-08-13,Plumas,063,18699,3548,3539,429,3968,13
2022-08-13,Riverside,065,2383286,678531,674362,33750,708112,6561
2022-08-13,Sacramento,067,1510023,337368,335292,32602,367894,3190
2022-08-13,San Benito,069,59416,15783,15578,891,16469,103
2022-08-13,San Bernardino,071,2135413,654314,643895,29572,673467,7983
2022-08-13,San Diego,073,3302833,902106,898646,69513,968159,5437
2022-08-13,San Francisco,075,870044,173860,172876,11705,184581,955
2022-08-13,San Joaquin,077,732212,192757,191272,14044,205316,2283
2022-08-13,San Luis Obispo,079,281455,61918,61403,6756,68159,512
2022-08-13,San Mateo,081,765935,164035,162531,10154,172685,738
2022-08-13,Santa Barbara,083,443738,102738,101942,6488,108430,712
2022-08-13,Santa Clara,085,1922200,422933,416369,18278,434647,2422
2022-08-13,Santa Cruz,087,273765,61053,60594,3276,63870,273
2022-08-13,Shasta,089,179085,34084,33895,7097,40992,584
2022-08-13,Sierra,091,2930,300,296,60,356,4
2022-08-13,Siskiyou,093,43540,4986,5086,3226,8312,88
2022-08-13,Solano,095,438530,102534,101761,7549,109310,458
2022-08-13,Sonoma,097,501317,104155,103496,5062,108558,504
2022-08-13,Stanislaus,099,539301,134264,133490,20777,154267,1702
2022-08-13,Sutter,101,95872,23461,23386,2405,25791,228
2022-08-13,Tehama,103,63373,13325,13213,2964,16177,209
2022-08-13,Trinity,105,12862,1365,1356,357,1713,20
2022-08-13,Tulare,107,460477,118985,118563,34021,152584,1520
2022-08-13,Tuolumne,109,53932,15107,14964,887,15851,196
2022-08-13,Ventura,111,848112,202873,201765,14628,216393,1541
2022-08-13,Yolo,113,214977,46386,46225,4062,50287,331
2022-08-13,Yuba,115,75493,18308,18232,1611,19843,129
2022-08-12,Alameda,001,1643700,336888,334944,18944,353888,1948
2022-08-12,Alpine,002,1148,131,131,1,132,0
2022-08-12,Amador,005,37829,9736,9705,886,10591,89
2022-08-12,Butte,007,227075,38335,38062,8664,46726,447
2022-08-12,Calaveras,009,45235,8292,8271,496,8767,131
2022-08-12,Colusa,011,21464,3718,3704,1211,4915,22
2022-08-12,Contra Costa,013,1133247,244242,239735,19888,259623,1393
2022-08-12,Del Norte,015,27424,7267,7245,384,7629,54
2022-08-12,El Dorado,017,186661,31536,31430,4100,35530,225
2022-08-12,Fresno,019,978130,271299,266211,29928,296139,2816
2022-08-12,Glenn,021,27897,5427,5393,1820,7213,48
2022-08-12,Humboldt,023,135768,21051,20954,4618,25572,153
2022-08-12,Imperial,025,180216,63991,63766,14787,78553,950
2022-08-12,Inyo,027,18085,4423,4418,853,5271,58
2022-08-12,Kern,029,883053,214809,213071,59408,272479,2380
2022-08-12,Kings,031,150075,57937,57748,3946,61694,454
2022-08-12,Lake,033,64148,12393,12324,1105,13429,142
2022-08-12,Lassen,035,31185,9814,9795,970,10765,64
2022-08-12,Los Angeles,037,10098052,3199281,3177769,170803,3348572,32657
2022-08-12,Madera,039,155013,42681,42517,7738,50255,372
2022-08-12,Marin,041,260295,43898,43662,5041,48703,305
2022-08-12,Mariposa,043,17540,3010,2986,324,3310,31
2022-08-12,Mendocino,045,87422,15562,15456,4252,19708,132
2022-08-12,Merced,047,269075,70802,69974,11057,81031,842
2022-08-12,Modoc,049,8938,859,856,312,1168,11
2022-08-12,Mono,051,14174,3181,3170,234,3404,7
2022-08-12,Monterey,053,433212,92176,91612,19918,111530,759
2022-08-12,Napa,055,140530,31429,31312,1370,32682,156
2022-08-12,Nevada,057,99092,18488,18398,1716,20114,132
2022-08-12,Orange,059,3164182,651270,648171,59454,707625,7248
2022-08-12,Placer,061,380077,73950,73588,9235,82823,656
2022-08-12,Plumas,063,18699,3546,3539,429,3968,13
2022-08-12,Riverside,065,2383286,678108,674362,33719,708081,6561
2022-08-12,Sacramento,067,1510023,337152,335292,32585,367877,3190
2022-08-12,San Benito,069,59416,15766,15578,890,16468,103
2022-08-12,San Bernardino,071,2135413,653904,643895,29556,673451,7983
2022-08-12,San Diego,073,3302833,901576,898646,69438,968084,5437
2022-08-12,San Francisco,075,870044,173732,172876,11697,184573,955
2022-08-12,San Joaquin,077,732212,192632,191272,14025,205297,2283
2022-08-12,San Luis Obispo,079,281455,61895,61403,6750,68153,512
2022-08-12,San Mateo,081,765935,163905,162531,10150,172681,738
2022-08-12,Santa Barbara,083,443738,102656,101942,6483,108425,712
2022-08-12,Santa Clara,085,1922200,422590,416369,18257,434626,2422
2022-08-12,Santa Cruz,087,273765,61000,60594,3274,63868,273
2022-08-12,Shasta,089,179085,34070,33895,7089,40984,584
2022-08-12,Sierra,091,2930,298,296,59,355,4
2022-08-12,Siskiyou,093,43540,4985,5086,3226,8312,88
2022-08-12,Solano,095,438530,102461,101761,7537,109298,458
2022-08-12,Sonoma,097,501317,104097,103496,5061,108557,504
2022-08-12,Stanislaus,099,539301,134177,133490,20766,154256,1702
2022-08-12,Sutter,101,95872,23446,23386,2405,25791,228
2022-08-12,Tehama,103,63373,13317,13213,2963,16176,209
2022-08-12,Trinity,105,12862,1362,1356,356,1712,20
2022-08-12,Tulare,107,460477,118922,118563,33966,152529,1520
2022-08-12,Tuolumne,109,53932,15099,14964,887,15851,196
2022-08-12,Ventura,111,848112,202727,201765,14611,216376,1541
2022-08-12,Yolo,113,214977,46364,46225,4057,50282,331
2022-08-12,Yuba,115,75493,18297,18232,1610,19842,129
2022-08-11,Alameda,001,1643700,336566,334944,18914,353858,1948
2022-08-11,Alpine,002,1148,131,131,1,132,0
2022-08-11,Amador,005,37829,9733,9705,883,10588,89
2022-08-11,Butte,007,227075,38297,38062,8652,46714,447
2022-08-11,Calaveras,009,45235,8285,8271,495,8766,131
2022-08-11,Colusa,011,21464,3715,3704,1210,4914,22
2022-08-11,Contra Costa,013,1133247,243980,239735,19858,259593,1393
2022-08-11,Del Norte,015,27424,7260,7245,383,7628,54
2022-08-11,El Dorado,017,186661,31505,31430,4093,35523,225
2022-08-11,Fresno,019,978130,271049,266211,29883,296094,2816
2022-08-11,Glenn,021,27897,5425,5393,1819,7212,48
2022-08-11,Humboldt,023,135768,21021,20954,4609,25563,153
2022-08-11,Imperial,025,180216,63944,63766,14742,78508,950
2022-08-11,Inyo,027,18085,4421,4418,848,5266,58
2022-08-11,Kern,029,883053,214620,213071,59261,272332,2380
2022-08-11,Kings,031,150075,57879,57748,3939,61687,454
2022-08-11,Lake,033,64148,12383,12324,1104,13428,142
2022-08-11,Lassen,035,31185,9809,9795,970,10765,64
2022-08-11,Los Angeles,037,10098052,3196263,3177769,170424,3348193,32657
2022-08-11,Madera,039,155013,42634,42517,7713,50230,372
2022-08-11,Marin,041,260295,43859,43662,5034,48696,305
2022-08-11,Mariposa,043,17540,3008,2986,323,3309,31
2022-08-11,Mendocino,045,87422,15550,15456,4250,19706,132
2022-08-11,Merced,047,269075,70743,69974,11022,80996,842
2022-08-11,Modoc,049,8938,858,856,312,1168,11
2022-08-11,Mono,051,14174,3181,3170,234,3404,7
2022-08-11,Monterey,053,433212,92075,91612,19864,111476,759
2022-08-11,Napa,055,140530,31390,31312,1369,32681,156
2022-08-11,Nevada,057,99092,18468,18398,1714,20112,132
2022-08-11,Orange,059,3164182,650616,648171,59310,707481,7248
2022-08-11,Placer,061,380077,73883,73588,9224,82812,656
2022-08-11,Plumas,063,18699,3545,3539,428,3967,13
2022-08-11,Riverside,065,2383286,677500,674362,33675,708037,6561
2022-08-11,Sacramento,067,1510023,336841,335292,32553,367845,3190
2022-08-11,San Benito,069,59416,15750,15578,889,16467,103
2022-08-11,San Bernardino,071,2135413,653151,643895,29508,673403,7983
2022-08-11,San Diego,073,3302833,900798,898646,69312,967958,5437
2022-08-11,San Francisco,075,870044,173573,172876,11680,184556,955
2022-08-11,San Joaquin,077,732212,192441,191272,13993,205265,2283
2022-08-11,San Luis Obispo,079,281455,61843,61403,6726,68129,512
2022-08-11,San Mateo,081,765935,163740,162531,10141,172672,738
2022-08-11,Santa Barbara,083,443738,102545,101942,6463,108405,712
2022-08-11,Santa Clara,085,1922200,422156,416369,18233,434602,2422
2022-08-11,Santa Cruz,087,273765,60935,60594,3270,63864,273
2022-08-11,Shasta,089,179085,34049,33895,7077,40972,584
2022-08-11,Sierra,091,2930,297,296,59,355,4
2022-08-11,Siskiyou,093,43540,4983,5086,3222,8308,88
2022-08-11,Solano,095,438530,102394,101761,7523,109284,458
2022-08-11,Sonoma,097,501317,104001,103496,5055,108551,504
2022-08-11,Stanislaus,099,539301,134019,133490,20725,154215,1702
2022-08-11,Sutter,101,95872,23416,23386,2405,25791,228
2022-08-11,Tehama,103,63373,13309,13213,2963,16176,209
2022-08-11,Trinity,105,12862,1362,1356,355,1711,20
2022-08-11,Tulare,107,460477,118822,118563,33879,152442,1520
2022-08-11,Tuolumne,109,53932,15091,14964,885,15849,196
2022-08-11,Ventura,111,848112,202522,201765,14577,216342,1541
2022-08-11,Yolo,113,214977,46330,46225,4053,50278,331
2022-08-11,Yuba,115,75493,18274,18232,1607,19839,129
2022-08-10,Alameda,001,1643700,336169,333587,18887,352474,1944
2022-08-10,Alpine,002,1148,131,131,1,132,0
2022-08-10,Amador,005,37829,9728,9677,880,10557,88
2022-08-10,Butte,007,227075,38261,37892,8644,46536,446
2022-08-10,Calaveras,009,45235,8279,8251,492,8743,130
2022-08-10,Colusa,011,21464,3711,3700,1210,4910,22
2022-08-10,Contra Costa,013,1133247,243726,238658,19821,258479,1382
2022-08-10,Del Norte,015,27424,7255,7220,383,7603,54
2022-08-10,El Dorado,017,186661,31478,31354,4080,35434,225
2022-08-10,Fresno,019,978130,270776,265300,29823,295123,2815
2022-08-10,Glenn,021,27897,5423,5387,1816,7203,48
2022-08-10,Humboldt,023,135768,21006,20843,4592,25435,153
2022-08-10,Imperial,025,180216,63885,63532,14700,78232,949
2022-08-10,Inyo,027,18085,4421,4416,847,5263,57
2022-08-10,Kern,029,883053,214432,212602,59112,271714,2380
2022-08-10,Kings,031,150075,57832,57569,3937,61506,453
2022-08-10,Lake,033,64148,12369,12281,1104,13385,142
2022-08-10,Lassen,035,31185,9802,9682,970,10652,64
2022-08-10,Los Angeles,037,10098052,3193047,3168105,170054,3338159,32609
2022-08-10,Madera,039,155013,42595,42350,7699,50049,372
2022-08-10,Marin,041,260295,43813,43532,5031,48563,302
2022-08-10,Mariposa,043,17540,3007,2980,323,3303,31
2022-08-10,Mendocino,045,87422,15535,15394,4249,19643,132
2022-08-10,Merced,047,269075,70670,69740,10998,80738,839
2022-08-10,Modoc,049,8938,857,855,311,1166,11
2022-08-10,Mono,051,14174,3179,3165,234,3399,7
2022-08-10,Monterey,053,433212,91973,91307,19799,111106,758
2022-08-10,Napa,055,140530,31352,31223,1368,32591,153
2022-08-10,Nevada,057,99092,18454,18354,1712,20066,132
2022-08-10,Orange,059,3164182,649898,646005,59187,705192,7235
2022-08-10,Placer,061,380077,73826,73348,9216,82564,650
2022-08-10,Plumas,063,18699,3543,3525,428,3953,13
2022-08-10,Riverside,065,2383286,676776,672334,33619,705953,6555
2022-08-10,Sacramento,067,1510023,336512,334382,32520,366902,3177
2022-08-10,San Benito,069,59416,15720,15507,883,16390,101
2022-08-10,San Bernardino,071,2135413,652500,641936,29459,671395,7977
2022-08-10,San Diego,073,3302833,899947,895482,69195,964677,5429
2022-08-10,San Francisco,075,870044,173406,172265,11662,183927,945
2022-08-10,San Joaquin,077,732212,192214,190596,13948,204544,2281
2022-08-10,San Luis Obispo,079,281455,61798,61207,6711,67918,510
2022-08-10,San Mateo,081,765935,163542,161882,10134,172016,738
2022-08-10,Santa Barbara,083,443738,102418,101558,6445,108003,711
2022-08-10,Santa Clara,085,1922200,421630,414659,18206,432865,2398
2022-08-10,Santa Cruz,087,273765,60854,60360,3268,63628,269
2022-08-10,Shasta,089,179085,34026,33816,7070,40886,584
2022-08-10,Sierra,091,2930,297,295,59,354,4
2022-08-10,Siskiyou,093,43540,4980,5074,3216,8290,87
2022-08-10,Solano,095,438530,102301,101393,7519,108912,457
2022-08-10,Sonoma,097,501317,103906,103168,5050,108218,501
2022-08-10,Stanislaus,099,539301,133878,133071,20693,153764,1702
2022-08-10,Sutter,101,95872,23387,23279,2404,25683,228
2022-08-10,Tehama,103,63373,13301,13187,2963,16150,209
2022-08-10,Trinity,105,12862,1361,1350,355,1705,20
2022-08-10,Tulare,107,460477,118735,118239,33801,152040,1520
2022-08-10,Tuolumne,109,53932,15056,14922,883,15805,196
2022-08-10,Ventura,111,848112,202293,201179,14544,215723,1539
2022-08-10,Yolo,113,214977,46294,46069,4048,50117,330
2022-08-10,Yuba,115,75493,18254,18179,1603,19782,129
2022-08-09,Alameda,001,1643700,335744,333587,18848,352435,1944
2022-08-09,Alpine,002,1148,131,131,1,132,0
2022-08-09,Amador,005,37829,9718,9677,879,10556,88
2022-08-09,Butte,007,227075,38222,37892,8633,46525,446
2022-08-09,Calaveras,009,45235,8272,8251,492,8743,130
2022-08-09,Colusa,011,21464,3708,3700,1209,4909,22
2022-08-09,Contra Costa,013,1133247,243449,238658,19776,258434,1382
2022-08-09,Del Norte,015,27424,7238,7220,382,7602,54
2022-08-09,El Dorado,017,186661,31449,31354,4074,35428,225
2022-08-09,Fresno,019,978130,270446,265300,29788,295088,2815
2022-08-09,Glenn,021,27897,5421,5387,1816,7203,48
2022-08-09,Humboldt,023,135768,20980,20843,4583,25426,153
2022-08-09,Imperial,025,180216,63821,63532,14644,78176,949
2022-08-09,Inyo,027,18085,4420,4416,843,5259,57
2022-08-09,Kern,029,883053,214234,212602,58968,271570,2380
2022-08-09,Kings,031,150075,57766,57569,3934,61503,453
2022-08-09,Lake,033,64148,12345,12281,1103,13384,142
2022-08-09,Lassen,035,31185,9796,9682,970,10652,64
2022-08-09,Los Angeles,037,10098052,3189543,3168105,169665,3337770,32609
2022-08-09,Madera,039,155013,42541,42350,7688,50038,372
2022-08-09,Marin,041,260295,43758,43532,5027,48559,302
2022-08-09,Mariposa,043,17540,3003,2980,322,3302,31
2022-08-09,Mendocino,045,87422,15516,15394,4240,19634,132
2022-08-09,Merced,047,269075,70605,69740,10970,80710,839
2022-08-09,Modoc,049,8938,857,855,310,1165,11
2022-08-09,Mono,051,14174,3179,3165,233,3398,7
2022-08-09,Monterey,053,433212,91861,91307,19732,111039,758
2022-08-09,Napa,055,140530,31324,31223,1366,32589,153
2022-08-09,Nevada,057,99092,18442,18354,1710,20064,132
2022-08-09,Orange,059,3164182,649075,646005,59028,705033,7235
2022-08-09,Placer,061,380077,73760,73348,9209,82557,650
2022-08-09,Plumas,063,18699,3538,3525,428,3953,13
2022-08-09,Riverside,065,2383286,676025,672334,33565,705899,6555
2022-08-09,Sacramento,067,1510023,336091,334382,32487,366869,3177
2022-08-09,San Benito,069,59416,15701,15507,879,16386,101
2022-08-09,San Bernardino,071,2135413,651807,641936,29399,671335,7977
2022-08-09,San Diego,073,3302833,899044,895482,69066,964548,5429
2022-08-09,San Francisco,075,870044,173147,172265,11643,183908,945
2022-08-09,San Joaquin,077,732212,191999,190596,13906,204502,2281
2022-08-09,San Luis Obispo,079,281455,61740,61207,6688,67895,510
2022-08-09,San Mateo,081,765935,163345,161882,10119,172001,738
2022-08-09,Santa Barbara,083,443738,102260,101558,6416,107974,711
2022-08-09,Santa Clara,085,1922200,421103,414659,18182,432841,2398
2022-08-09,Santa Cruz,087,273765,60780,60360,3259,63619,269
2022-08-09,Shasta,089,179085,34004,33816,7067,40883,584
2022-08-09,Sierra,091,2930,297,295,59,354,4
2022-08-09,Siskiyou,093,43540,4978,5074,3212,8286,87
2022-08-09,Solano,095,438530,102197,101393,7508,108901,457
2022-08-09,Sonoma,097,501317,103801,103168,5044,108212,501
2022-08-09,Stanislaus,099,539301,133734,133071,20662,153733,1702
2022-08-09,Sutter,101,95872,23356,23279,2403,25682,228
2022-08-09,Tehama,103,63373,13287,13187,2954,16141,209
2022-08-09,Trinity,105,12862,1359,1350,354,1704,20
2022-08-09,Tulare,107,460477,118620,118239,33718,151957,1520
2022-08-09,Tuolumne,109,53932,15040,14922,883,15805,196
2022-08-09,Ventura,111,848112,202057,201179,14511,215690,1539
2022-08-09,Yolo,113,214977,46252,46069,4036,50105,330
2022-08-09,Yuba,115,75493,18235,18179,1593,19772,129
2022-08-08,Alameda,001,1643700,335286,333587,18805,352392,1944
2022-08-08,Alpine,002,1148,131,131,1,132,0
2022-08-08,Amador,005,37829,9712,9677,878,10555,88
2022-08-08,Butte,007,227075,38168,37892,8620,46512,446
2022-08-08,Calaveras,009,45235,8267,8251,489,8740,130
2022-08-08,Colusa,011,21464,3708,3700,1208,4908,22
2022-08-08,Contra Costa,013,1133247,243077,238658,19729,258387,1382
2022-08-08,Del Norte,015,27424,7230,7220,382,7602,54
2022-08-08,El Dorado,017,186661,31421,31354,4067,35421,225
2022-08-08,Fresno,019,978130,270081,265300,29738,295038,2815
2022-08-08,Glenn,021,27897,5415,5387,1815,7202,48
2022-08-08,Humboldt,023,135768,20940,20843,4568,25411,153
2022-08-08,Imperial,025,180216,63761,63532,14577,78109,949
2022-08-08,Inyo,027,18085,4419,4416,842,5258,57
2022-08-08,Kern,029,883053,213973,212602,58811,271413,2380
2022-08-08,Kings,031,150075,57706,57569,3925,61494,453
2022-08-08,Lake,033,64148,12323,12281,1100,13381,142
2022-08-08,Lassen,035,31185,9783,9682,967,10649,64
2022-08-08,Los Angeles,037,10098052,3185897,3168105,169230,3337335,32609
2022-08-08,Madera,039,155013,42483,42350,7665,50015,372
2022-08-08,Marin,041,260295,43702,43532,5015,48547,302
2022-08-08,Mariposa,043,17540,2998,2980,319,3299,31
2022-08-08,Mendocino,045,87422,15502,15394,4230,19624,132
2022-08-08,Merced,047,269075,70535,69740,10942,80682,839
2022-08-08,Modoc,049,8938,856,855,310,1165,11
2022-08-08,Mono,051,14174,3179,3165,233,3398,7
2022-08-08,Monterey,053,433212,91761,91307,19651,110958,758
2022-08-08,Napa,055,140530,31289,31223,1365,32588,153
2022-08-08,Nevada,057,99092,18425,18354,1703,20057,132
2022-08-08,Orange,059,3164182,648237,646005,58860,704865,7235
2022-08-08,Placer,061,380077,73701,73348,9199,82547,650
2022-08-08,Plumas,063,18699,3535,3525,427,3952,13
2022-08-08,Riverside,065,2383286,675221,672334,33513,705847,6555
2022-08-08,Sacramento,067,1510023,335688,334382,32448,366830,3177
2022-08-08,San Benito,069,59416,15673,15507,876,16383,101
2022-08-08,San Bernardino,071,2135413,650965,641936,29341,671277,7977
2022-08-08,San Diego,073,3302833,897953,895482,68933,964415,5429
2022-08-08,San Francisco,075,870044,172926,172265,11626,183891,945
2022-08-08,San Joaquin,077,732212,191733,190596,13864,204460,2281
2022-08-08,San Luis Obispo,079,281455,61674,61207,6666,67873,510
2022-08-08,San Mateo,081,765935,163134,161882,10108,171990,738
2022-08-08,Santa Barbara,083,443738,102126,101558,6400,107958,711
2022-08-08,Santa Clara,085,1922200,420490,414659,18155,432814,2398
2022-08-08,Santa Cruz,087,273765,60704,60360,3256,63616,269
2022-08-08,Shasta,089,179085,33973,33816,7059,40875,584
2022-08-08,Sierra,091,2930,297,295,59,354,4
2022-08-08,Siskiyou,093,43540,4975,5074,3209,8283,87
2022-08-08,Solano,095,438530,102052,101393,7494,108887,457
2022-08-08,Sonoma,097,501317,103688,103168,5035,108203,501
2022-08-08,Stanislaus,099,539301,133610,133071,20634,153705,1702
2022-08-08,Sutter,101,95872,23320,23279,2403,25682,228
2022-08-08,Tehama,103,63373,13277,13187,2952,16139,209
2022-08-08,Trinity,105,12862,1359,1350,353,1703,20
2022-08-08,Tulare,107,460477,118478,118239,33632,151871,1520
2022-08-08,Tuolumne,109,53932,15032,14922,882,15804,196
2022-08-08,Ventura,111,848112,201810,201179,14462,215641,1539
2022-08-08,Yolo,113,214977,46198,46069,4030,50099,330
2022-08-08,Yuba,115,75493,18211,18179,1591,19770,129
2022-08-07,Alameda,001,1643700,334729,331755,18765,350520,1945
2022-08-07,Alpine,002,1148,131,130,1,131,0
2022-08-07,Amador,005,37829,9705,9655,876,10531,88
2022-08-07,Butte,007,227075,38096,37717,8608,46325,446
2022-08-07,Calaveras,009,45235,8254,8219,485,8704,129
2022-08-07,Colusa,011,21464,3704,3696,1207,4903,22
2022-08-07,Contra Costa,013,1133247,242685,237436,19683,257119,1383
2022-08-07,Del Norte,015,27424,7218,7191,379,7570,54
2022-08-07,El Dorado,017,186661,31381,31240,4062,35302,225
2022-08-07,Fresno,019,978130,269655,263912,29665,293577,2815
2022-08-07,Glenn,021,27897,5413,5379,1812,7191,48
2022-08-07,Humboldt,023,135768,20901,20746,4548,25294,153
2022-08-07,Imperial,025,180216,63678,63198,14504,77702,949
2022-08-07,Inyo,027,18085,4419,4408,839,5247,57
2022-08-07,Kern,029,883053,213742,211798,58609,270407,2375
2022-08-07,Kings,031,150075,57608,57294,3918,61212,453
2022-08-07,Lake,033,64148,12309,12220,1100,13320,142
2022-08-07,Lassen,035,31185,9727,9654,967,10621,64
2022-08-07,Los Angeles,037,10098052,3181440,3153757,168836,3322593,32563
2022-08-07,Madera,039,155013,42426,42139,7626,49765,372
2022-08-07,Marin,041,260295,43645,43295,5005,48300,302
2022-08-07,Mariposa,043,17540,2995,2965,318,3283,31
2022-08-07,Mendocino,045,87422,15482,15335,4212,19547,132
2022-08-07,Merced,047,269075,70408,69498,10891,80389,838
2022-08-07,Modoc,049,8938,855,853,310,1163,11
2022-08-07,Mono,051,14174,3176,3161,233,3394,7
2022-08-07,Monterey,053,433212,91627,90884,19563,110447,757
2022-08-07,Napa,055,140530,31245,31052,1363,32415,151
2022-08-07,Nevada,057,99092,18401,18309,1697,20006,132
2022-08-07,Orange,059,3164182,647334,643029,58662,701691,7213
2022-08-07,Placer,061,380077,73611,73064,9183,82247,648
2022-08-07,Plumas,063,18699,3534,3516,427,3943,13
2022-08-07,Riverside,065,2383286,674289,669230,33433,702663,6555
2022-08-07,Sacramento,067,1510023,335200,332928,32394,365322,3175
2022-08-07,San Benito,069,59416,15647,15403,873,16276,101
2022-08-07,San Bernardino,071,2135413,650066,639120,29275,668395,7956
2022-08-07,San Diego,073,3302833,896680,891504,68820,960324,5424
2022-08-07,San Francisco,075,870044,172645,171486,11599,183085,946
2022-08-07,San Joaquin,077,732212,191428,189696,13806,203502,2276
2022-08-07,San Luis Obispo,079,281455,61576,60903,6634,67537,510
2022-08-07,San Mateo,081,765935,162884,161011,10091,171102,734
2022-08-07,Santa Barbara,083,443738,101937,100995,6374,107369,711
2022-08-07,Santa Clara,085,1922200,419778,412411,18136,430547,2386
2022-08-07,Santa Cruz,087,273765,60582,59982,3241,63223,269
2022-08-07,Shasta,089,179085,33924,33727,7045,40772,583
2022-08-07,Sierra,091,2930,296,295,59,354,4
2022-08-07,Siskiyou,093,43540,4973,5045,3205,8250,87
2022-08-07,Solano,095,438530,101893,100081,7477,107558,457
2022-08-07,Sonoma,097,501317,103570,102682,5028,107710,502
2022-08-07,Stanislaus,099,539301,133415,132406,20600,153006,1701
2022-08-07,Sutter,101,95872,23284,23178,2402,25580,228
2022-08-07,Tehama,103,63373,13267,13155,2948,16103,209
2022-08-07,Trinity,105,12862,1357,1347,352,1699,20
2022-08-07,Tulare,107,460477,118325,117668,33535,151203,1516
2022-08-07,Tuolumne,109,53932,15015,14844,882,15726,196
2022-08-07,Ventura,111,848112,201550,200270,14417,214687,1537
2022-08-07,Yolo,113,214977,46148,45902,4020,49922,331
2022-08-07,Yuba,115,75493,18192,18099,1587,19686,124
2022-08-06,Alameda,001,1643700,334485,331755,18754,350509,1945
2022-08-06,Alpine,002,1148,131,130,1,131,0
2022-08-06,Amador,005,37829,9698,9655,874,10529,88
2022-08-06,Butte,007,227075,38058,37717,8598,46315,446
2022-08-06,Calaveras,009,45235,8247,8219,484,8703,129
2022-08-06,Colusa,011,21464,3702,3696,1204,4900,22
2022-08-06,Contra Costa,013,1133247,242439,237436,19664,257100,1383
2022-08-06,Del Norte,015,27424,7212,7191,379,7570,54
2022-08-06,El Dorado,017,186661,31364,31240,4059,35299,225
2022-08-06,Fresno,019,978130,269476,263912,29643,293555,2815
2022-08-06,Glenn,021,27897,5413,5379,1811,7190,48
2022-08-06,Humboldt,023,135768,20880,20746,4540,25286,153
2022-08-06,Imperial,025,180216,63631,63198,14476,77674,949
2022-08-06,Inyo,027,18085,4419,4408,838,5246,57
2022-08-06,Kern,029,883053,213644,211798,58495,270293,2375
2022-08-06,Kings,031,150075,57568,57294,3918,61212,453
2022-08-06,Lake,033,64148,12304,12220,1099,13319,142
2022-08-06,Lassen,035,31185,9694,9654,967,10621,64
2022-08-06,Los Angeles,037,10098052,3179239,3153757,168551,3322308,32563
2022-08-06,Madera,039,155013,42382,42139,7620,49759,372
2022-08-06,Marin,041,260295,43616,43295,5000,48295,302
2022-08-06,Mariposa,043,17540,2994,2965,318,3283,31
2022-08-06,Mendocino,045,87422,15473,15335,4211,19546,132
2022-08-06,Merced,047,269075,70378,69498,10886,80384,838
2022-08-06,Modoc,049,8938,855,853,310,1163,11
2022-08-06,Mono,051,14174,3173,3161,233,3394,7
2022-08-06,Monterey,053,433212,91574,90884,19518,110402,757
2022-08-06,Napa,055,140530,31224,31052,1362,32414,151
2022-08-06,Nevada,057,99092,18392,18309,1696,20005,132
2022-08-06,Orange,059,3164182,646892,643029,58548,701577,7213
2022-08-06,Placer,061,380077,73554,73064,9176,82240,648
2022-08-06,Plumas,063,18699,3532,3516,427,3943,13
2022-08-06,Riverside,065,2383286,673775,669230,33394,702624,6555
2022-08-06,Sacramento,067,1510023,335025,332928,32385,365313,3175
2022-08-06,San Benito,069,59416,15630,15403,871,16274,101
2022-08-06,San Bernardino,071,2135413,649598,639120,29239,668359,7956
2022-08-06,San Diego,073,3302833,896124,891504,68777,960281,5424
2022-08-06,San Francisco,075,870044,172488,171486,11589,183075,946
2022-08-06,San Joaquin,077,732212,191299,189696,13770,203466,2276
2022-08-06,San Luis Obispo,079,281455,61548,60903,6629,67532,510
2022-08-06,San Mateo,081,765935,162747,161011,10084,171095,734
2022-08-06,Santa Barbara,083,443738,101863,100995,6362,107357,711
2022-08-06,Santa Clara,085,1922200,419315,412411,18115,430526,2386
2022-08-06,Santa Cruz,087,273765,60525,59982,3234,63216,269
2022-08-06,Shasta,089,179085,33893,33727,7035,40762,583
2022-08-06,Sierra,091,2930,296,295,59,354,4
2022-08-06,Siskiyou,093,43540,4971,5045,3203,8248,87
2022-08-06,Solano,095,438530,101844,100081,7471,107552,457
2022-08-06,Sonoma,097,501317,103506,102682,5021,107703,502
2022-08-06,Stanislaus,099,539301,133312,132406,20589,152995,1701
2022-08-06,Sutter,101,95872,23260,23178,2402,25580,228
2022-08-06,Tehama,103,63373,13262,13155,2944,16099,209
2022-08-06,Trinity,105,12862,1357,1347,352,1699,20
2022-08-06,Tulare,107,460477,118244,117668,33492,151160,1516
2022-08-06,Tuolumne,109,53932,15007,14844,881,15725,196
2022-08-06,Ventura,111,848112,201441,200270,14395,214665,1537
2022-08-06,Yolo,113,214977,46117,45902,4012,49914,331
2022-08-06,Yuba,115,75493,18176,18099,1586,19685,124
2022-08-05,Alameda,001,1643700,334177,331755,18743,350498,1945
2022-08-05,Alpine,002,1148,131,130,1,131,0
2022-08-05,Amador,005,37829,9696,9655,873,10528,88
2022-08-05,Butte,007,227075,38020,37717,8587,46304,446
2022-08-05,Calaveras,009,45235,8243,8219,484,8703,129
2022-08-05,Colusa,011,21464,3701,3696,1204,4900,22
2022-08-05,Contra Costa,013,1133247,242247,237436,19638,257074,1383
2022-08-05,Del Norte,015,27424,7208,7191,378,7569,54
2022-08-05,El Dorado,017,186661,31356,31240,4058,35298,225
2022-08-05,Fresno,019,978130,269293,263912,29620,293532,2815
2022-08-05,Glenn,021,27897,5412,5379,1810,7189,48
2022-08-05,Humboldt,023,135768,20863,20746,4527,25273,153
2022-08-05,Imperial,025,180216,63556,63198,14437,77635,949
2022-08-05,Inyo,027,18085,4419,4408,838,5246,57
2022-08-05,Kern,029,883053,213528,211798,58404,270202,2375
2022-08-05,Kings,031,150075,57543,57294,3917,61211,453
2022-08-05,Lake,033,64148,12294,12220,1099,13319,142
2022-08-05,Lassen,035,31185,9682,9654,966,10620,64
2022-08-05,Los Angeles,037,10098052,3176728,3153757,168269,3322026,32563
2022-08-05,Madera,039,155013,42339,42139,7610,49749,372
2022-08-05,Marin,041,260295,43573,43295,4994,48289,302
2022-08-05,Mariposa,043,17540,2989,2965,317,3282,31
2022-08-05,Mendocino,045,87422,15457,15335,4209,19544,132
2022-08-05,Merced,047,269075,70327,69498,10880,80378,838
2022-08-05,Modoc,049,8938,855,853,310,1163,11
2022-08-05,Mono,051,14174,3172,3161,233,3394,7
2022-08-05,Monterey,053,433212,91506,90884,19483,110367,757
2022-08-05,Napa,055,140530,31195,31052,1361,32413,151
2022-08-05,Nevada,057,99092,18382,18309,1695,20004,132
2022-08-05,Orange,059,3164182,646384,643029,58439,701468,7213
2022-08-05,Placer,061,380077,73501,73064,9169,82233,648
2022-08-05,Plumas,063,18699,3530,3516,427,3943,13
2022-08-05,Riverside,065,2383286,673212,669230,33349,702579,6555
2022-08-05,Sacramento,067,1510023,334775,332928,32364,365292,3175
2022-08-05,San Benito,069,59416,15608,15403,869,16272,101
2022-08-05,San Bernardino,071,2135413,649139,639120,29212,668332,7956
2022-08-05,San Diego,073,3302833,895463,891504,68696,960200,5424
2022-08-05,San Francisco,075,870044,172345,171486,11569,183055,946
2022-08-05,San Joaquin,077,732212,191171,189696,13736,203432,2276
2022-08-05,San Luis Obispo,079,281455,61513,60903,6621,67524,510
2022-08-05,San Mateo,081,765935,162572,161011,10074,171085,734
2022-08-05,Santa Barbara,083,443738,101761,100995,6354,107349,711
2022-08-05,Santa Clara,085,1922200,418814,412411,18083,430494,2386
2022-08-05,Santa Cruz,087,273765,60458,59982,3230,63212,269
2022-08-05,Shasta,089,179085,33883,33727,7032,40759,583
2022-08-05,Sierra,091,2930,296,295,59,354,4
2022-08-05,Siskiyou,093,43540,4968,5045,3201,8246,87
2022-08-05,Solano,095,438530,101765,100081,7463,107544,457
2022-08-05,Sonoma,097,501317,103428,102682,5017,107699,502
2022-08-05,Stanislaus,099,539301,133210,132406,20578,152984,1701
2022-08-05,Sutter,101,95872,23241,23178,2400,25578,228
2022-08-05,Tehama,103,63373,13254,13155,2944,16099,209
2022-08-05,Trinity,105,12862,1356,1347,352,1699,20
2022-08-05,Tulare,107,460477,118158,117668,33439,151107,1516
2022-08-05,Tuolumne,109,53932,14994,14844,880,15724,196
2022-08-05,Ventura,111,848112,201291,200270,14366,214636,1537
2022-08-05,Yolo,113,214977,46098,45902,3998,49900,331
2022-08-05,Yuba,115,75493,18168,18099,1585,19684,124
2022-08-04,Alameda,001,1643700,333714,331755,18700,350455,1945
2022-08-04,Alpine,002,1148,130,130,1,131,0
2022-08-04,Amador,005,37829,9685,9655,869,10524,88
2022-08-04,Butte,007,227075,37976,37717,8571,46288,446
2022-08-04,Calaveras,009,45235,8236,8219,483,8702,129
2022-08-04,Colusa,011,21464,3700,3696,1204,4900,22
2022-08-04,Contra Costa,013,1133247,241973,237436,19598,257034,1383
2022-08-04,Del Norte,015,27424,7200,7191,377,7568,54
2022-08-04,El Dorado,017,186661,31325,31240,4055,35295,225
2022-08-04,Fresno,019,978130,268957,263912,29569,293481,2815
2022-08-04,Glenn,021,27897,5407,5379,1807,7186,48
2022-08-04,Humboldt,023,135768,20837,20746,4516,25262,153
2022-08-04,Imperial,025,180216,63489,63198,14383,77581,949
2022-08-04,Inyo,027,18085,4418,4408,837,5245,57
2022-08-04,Kern,029,883053,213322,211798,58271,270069,2375
2022-08-04,Kings,031,150075,57476,57294,3910,61204,453
2022-08-04,Lake,033,64148,12279,12220,1099,13319,142
2022-08-04,Lassen,035,31185,9677,9654,963,10617,64
2022-08-04,Los Angeles,037,10098052,3173011,3153757,167881,3321638,32563
2022-08-04,Madera,039,155013,42296,42139,7569,49708,372
2022-08-04,Marin,041,260295,43518,43295,4966,48261,302
2022-08-04,Mariposa,043,17540,2983,2965,316,3281,31
2022-08-04,Mendocino,045,87422,15442,15335,4203,19538,132
2022-08-04,Merced,047,269075,70254,69498,10842,80340,838
2022-08-04,Modoc,049,8938,855,853,310,1163,11
2022-08-04,Mono,051,14174,3172,3161,233,3394,7
2022-08-04,Monterey,053,433212,91395,90884,19420,110304,757
2022-08-04,Napa,055,140530,31159,31052,1360,32412,151
2022-08-04,Nevada,057,99092,18370,18309,1689,19998,132
2022-08-04,Orange,059,3164182,645613,643029,58296,701325,7213
2022-08-04,Placer,061,380077,73430,73064,9157,82221,648
2022-08-04,Plumas,063,18699,3524,3516,427,3943,13
2022-08-04,Riverside,065,2383286,672493,669230,33306,702536,6555
2022-08-04,Sacramento,067,1510023,334350,332928,32339,365267,3175
2022-08-04,San Benito,069,59416,15578,15403,863,16266,101
2022-08-04,San Bernardino,071,2135413,648430,639120,29157,668277,7956
2022-08-04,San Diego,073,3302833,894480,891504,68595,960099,5424
2022-08-04,San Francisco,075,870044,172133,171486,11540,183026,946
2022-08-04,San Joaquin,077,732212,190966,189696,13696,203392,2276
2022-08-04,San Luis Obispo,079,281455,61440,60903,6599,67502,510
2022-08-04,San Mateo,081,765935,162348,161011,10067,171078,734
2022-08-04,Santa Barbara,083,443738,101628,100995,6333,107328,711
2022-08-04,Santa Clara,085,1922200,418236,412411,18052,430463,2386
2022-08-04,Santa Cruz,087,273765,60370,59982,3229,63211,269
2022-08-04,Shasta,089,179085,33859,33727,7019,40746,583
2022-08-04,Sierra,091,2930,296,295,59,354,4
2022-08-04,Siskiyou,093,43540,4964,5045,3195,8240,87
2022-08-04,Solano,095,438530,101654,100081,7452,107533,457
2022-08-04,Sonoma,097,501317,103319,102682,5007,107689,502
2022-08-04,Stanislaus,099,539301,133052,132406,20554,152960,1701
2022-08-04,Sutter,101,95872,23215,23178,2398,25576,228
2022-08-04,Tehama,103,63373,13240,13155,2939,16094,209
2022-08-04,Trinity,105,12862,1355,1347,351,1698,20
2022-08-04,Tulare,107,460477,118041,117668,33379,151047,1516
2022-08-04,Tuolumne,109,53932,14970,14844,878,15722,196
2022-08-04,Ventura,111,848112,201058,200270,14328,214598,1537
2022-08-04,Yolo,113,214977,46060,45902,3990,49892,331
2022-08-04,Yuba,115,75493,18149,18099,1584,19683,124
2022-08-03,Alameda,001,1643700,333205,330158,18661,348819,1941
2022-08-03,Alpine,002,1148,130,130,1,131,0
2022-08-03,Amador,005,37829,9679,9627,866,10493,88
2022-08-03,Butte,007,227075,37931,37567,8561,46128,444
2022-08-03,Calaveras,009,45235,8228,8194,482,8676,128
2022-08-03,Colusa,011,21464,3700,3676,1204,4880,22
2022-08-03,Contra Costa,013,1133247,241646,236190,19550,255740,1381
2022-08-03,Del Norte,015,27424,7196,7156,377,7533,54
2022-08-03,El Dorado,017,186661,31290,31165,4046,35211,222
2022-08-03,Fresno,019,978130,268549,262758,29521,292279,2806
2022-08-03,Glenn,021,27897,5405,5363,1803,7166,48
2022-08-03,Humboldt,023,135768,20803,20640,4499,25139,153
2022-08-03,Imperial,025,180216,63409,62884,14334,77218,949
2022-08-03,Inyo,027,18085,4418,4398,831,5229,57
2022-08-03,Kern,029,883053,213137,211047,58095,269142,2375
2022-08-03,Kings,031,150075,57412,57065,3906,60971,453
2022-08-03,Lake,033,64148,12260,12172,1098,13270,142
2022-08-03,Lassen,035,31185,9674,9563,963,10526,64
2022-08-03,Los Angeles,037,10098052,3169268,3140955,167487,3308442,32500
2022-08-03,Madera,039,155013,42253,41918,7551,49469,372
2022-08-03,Marin,041,260295,43454,43127,4954,48081,300
2022-08-03,Mariposa,043,17540,2979,2950,316,3266,30
2022-08-03,Mendocino,045,87422,15424,15260,4195,19455,132
2022-08-03,Merced,047,269075,70188,69198,10810,80008,838
2022-08-03,Modoc,049,8938,854,842,310,1152,11
2022-08-03,Mono,051,14174,3171,3157,232,3389,7
2022-08-03,Monterey,053,433212,91290,90456,19356,109812,754
2022-08-03,Napa,055,140530,31122,30935,1355,32290,151
2022-08-03,Nevada,057,99092,18359,18253,1686,19939,132
2022-08-03,Orange,059,3164182,644796,640110,58117,698227,7202
2022-08-03,Placer,061,380077,73346,72834,9141,81975,646
2022-08-03,Plumas,063,18699,3521,3496,427,3923,13
2022-08-03,Riverside,065,2383286,671639,666773,33241,700014,6547
2022-08-03,Sacramento,067,1510023,333921,331584,32304,363888,3162
2022-08-03,San Benito,069,59416,15548,15338,856,16194,100
2022-08-03,San Bernardino,071,2135413,647689,636510,29104,665614,7951
2022-08-03,San Diego,073,3302833,893266,887729,68470,956199,5417
2022-08-03,San Francisco,075,870044,171923,170637,11522,182159,939
2022-08-03,San Joaquin,077,732212,190721,188962,13663,202625,2276
2022-08-03,San Luis Obispo,079,281455,61353,60648,6586,67234,504
2022-08-03,San Mateo,081,765935,162158,160258,10058,170316,725
2022-08-03,Santa Barbara,083,443738,101504,100558,6313,106871,710
2022-08-03,Santa Clara,085,1922200,417755,410394,18021,428415,2383
2022-08-03,Santa Cruz,087,273765,60281,59661,3226,62887,269
2022-08-03,Shasta,089,179085,33829,33630,7015,40645,582
2022-08-03,Sierra,091,2930,296,295,59,354,4
2022-08-03,Siskiyou,093,43540,4962,5021,3193,8214,86
2022-08-03,Solano,095,438530,101534,99608,7439,107047,459
2022-08-03,Sonoma,097,501317,103194,102306,4994,107300,500
2022-08-03,Stanislaus,099,539301,132908,131869,20528,152397,1701
2022-08-03,Sutter,101,95872,23187,23056,2396,25452,228
2022-08-03,Tehama,103,63373,13228,13135,2935,16070,209
2022-08-03,Trinity,105,12862,1355,1342,350,1692,20
2022-08-03,Tulare,107,460477,117906,117288,33312,150600,1516
2022-08-03,Tuolumne,109,53932,14950,14778,878,15656,196
2022-08-03,Ventura,111,848112,200818,199530,14294,213824,1536
2022-08-03,Yolo,113,214977,46011,45757,3973,49730,330
2022-08-03,Yuba,115,75493,18120,18036,1583,19619,124
2022-08-02,Alameda,001,1643700,332667,330158,18629,348787,1941
2022-08-02,Alpine,002,1148,130,130,1,131,0
2022-08-02,Amador,005,37829,9669,9627,859,10486,88
2022-08-02,Butte,007,227075,37892,37567,8549,46116,444
2022-08-02,Calaveras,009,45235,8213,8194,480,8674,128
2022-08-02,Colusa,011,21464,3697,3676,1203,4879,22
2022-08-02,Contra Costa,013,1133247,241293,236190,19490,255680,1381
2022-08-02,Del Norte,015,27424,7186,7156,377,7533,54
2022-08-02,El Dorado,017,186661,31257,31165,4040,35205,222
2022-08-02,Fresno,019,978130,268122,262758,29438,292196,2806
2022-08-02,Glenn,021,27897,5401,5363,1802,7165,48
2022-08-02,Humboldt,023,135768,20765,20640,4477,25117,153
2022-08-02,Imperial,025,180216,63327,62884,14285,77169,949
2022-08-02,Inyo,027,18085,4415,4398,821,5219,57
2022-08-02,Kern,029,883053,212897,211047,57897,268944,2375
2022-08-02,Kings,031,150075,57331,57065,3901,60966,453
2022-08-02,Lake,033,64148,12247,12172,1096,13268,142
2022-08-02,Lassen,035,31185,9671,9563,962,10525,64
2022-08-02,Los Angeles,037,10098052,3164901,3140955,166998,3307953,32500
2022-08-02,Madera,039,155013,42186,41918,7528,49446,372
2022-08-02,Marin,041,260295,43396,43127,4946,48073,300
2022-08-02,Mariposa,043,17540,2975,2950,316,3266,30
2022-08-02,Mendocino,045,87422,15394,15260,4181,19441,132
2022-08-02,Merced,047,269075,70109,69198,10770,79968,838
2022-08-02,Modoc,049,8938,854,842,310,1152,11
2022-08-02,Mono,051,14174,3170,3157,230,3387,7
2022-08-02,Monterey,053,433212,91166,90456,19286,109742,754
2022-08-02,Napa,055,140530,31086,30935,1352,32287,151
2022-08-02,Nevada,057,99092,18343,18253,1686,19939,132
2022-08-02,Orange,059,3164182,643916,640110,57938,698048,7202
2022-08-02,Placer,061,380077,73257,72834,9128,81962,646
2022-08-02,Plumas,063,18699,3516,3496,427,3923,13
2022-08-02,Riverside,065,2383286,670719,666773,33190,699963,6547
2022-08-02,Sacramento,067,1510023,333506,331584,32256,363840,3162
2022-08-02,San Benito,069,59416,15510,15338,852,16190,100
2022-08-02,San Bernardino,071,2135413,646841,636510,29053,665563,7951
2022-08-02,San Diego,073,3302833,892103,887729,68339,956068,5417
2022-08-02,San Francisco,075,870044,171687,170637,11508,182145,939
2022-08-02,San Joaquin,077,732212,190483,188962,13618,202580,2276
2022-08-02,San Luis Obispo,079,281455,61264,60648,6559,67207,504
2022-08-02,San Mateo,081,765935,161912,160258,10052,170310,725
2022-08-02,Santa Barbara,083,443738,101338,100558,6287,106845,710
2022-08-02,Santa Clara,085,1922200,417129,410394,17986,428380,2383
2022-08-02,Santa Cruz,087,273765,60191,59661,3219,62880,269
2022-08-02,Shasta,089,179085,33804,33630,7004,40634,582
2022-08-02,Sierra,091,2930,296,295,59,354,4
2022-08-02,Siskiyou,093,43540,4954,5021,3189,8210,86
2022-08-02,Solano,095,438530,101351,99608,7417,107025,459
2022-08-02,Sonoma,097,501317,103018,102306,4981,107287,500
2022-08-02,Stanislaus,099,539301,132749,131869,20486,152355,1701
2022-08-02,Sutter,101,95872,23152,23056,2396,25452,228
2022-08-02,Tehama,103,63373,13216,13135,2932,16067,209
2022-08-02,Trinity,105,12862,1355,1342,348,1690,20
2022-08-02,Tulare,107,460477,117768,117288,33227,150515,1516
2022-08-02,Tuolumne,109,53932,14933,14778,876,15654,196
2022-08-02,Ventura,111,848112,200563,199530,14252,213782,1536
2022-08-02,Yolo,113,214977,45962,45757,3968,49725,330
2022-08-02,Yuba,115,75493,18099,18036,1578,19614,124
2022-08-01,Alameda,001,1643700,332005,330158,18592,348750,1941
2022-08-01,Alpine,002,1148,130,130,1,131,0
2022-08-01,Amador,005,37829,9662,9627,857,10484,88
2022-08-01,Butte,007,227075,37834,37567,8535,46102,444
2022-08-01,Calaveras,009,45235,8210,8194,479,8673,128
2022-08-01,Colusa,011,21464,3693,3676,1194,4870,22
2022-08-01,Contra Costa,013,1133247,240897,236190,19436,255626,1381
2022-08-01,Del Norte,015,27424,7181,7156,377,7533,54
2022-08-01,El Dorado,017,186661,31230,31165,4035,35200,222
2022-08-01,Fresno,019,978130,267664,262758,29357,292115,2806
2022-08-01,Glenn,021,27897,5393,5363,1801,7164,48
2022-08-01,Humboldt,023,135768,20732,20640,4461,25101,153
2022-08-01,Imperial,025,180216,63214,62884,14226,77110,949
2022-08-01,Inyo,027,18085,4411,4398,817,5215,57
2022-08-01,Kern,029,883053,212659,211047,57724,268771,2375
2022-08-01,Kings,031,150075,57238,57065,3891,60956,453
2022-08-01,Lake,033,64148,12217,12172,1096,13268,142
2022-08-01,Lassen,035,31185,9651,9563,962,10525,64
2022-08-01,Los Angeles,037,10098052,3160156,3140955,166511,3307466,32500
2022-08-01,Madera,039,155013,42103,41918,7497,49415,372
2022-08-01,Marin,041,260295,43342,43127,4922,48049,300
2022-08-01,Mariposa,043,17540,2970,2950,315,3265,30
2022-08-01,Mendocino,045,87422,15370,15260,4172,19432,132
2022-08-01,Merced,047,269075,69997,69198,10739,79937,838
2022-08-01,Modoc,049,8938,854,842,310,1152,11
2022-08-01,Mono,051,14174,3169,3157,228,3385,7
2022-08-01,Monterey,053,433212,91022,90456,19211,109667,754
2022-08-01,Napa,055,140530,31037,30935,1348,32283,151
2022-08-01,Nevada,057,99092,18331,18253,1681,19934,132
2022-08-01,Orange,059,3164182,642966,640110,57764,697874,7202
2022-08-01,Placer,061,380077,73189,72834,9114,81948,646
2022-08-01,Plumas,063,18699,3512,3496,427,3923,13
2022-08-01,Riverside,065,2383286,669713,666773,33142,699915,6547
2022-08-01,Sacramento,067,1510023,333063,331584,32217,363801,3162
2022-08-01,San Benito,069,59416,15489,15338,852,16190,100
2022-08-01,San Bernardino,071,2135413,645913,636510,28994,665504,7951
2022-08-01,San Diego,073,3302833,890676,887729,68163,955892,5417
2022-08-01,San Francisco,075,870044,171432,170637,11494,182131,939
2022-08-01,San Joaquin,077,732212,190212,188962,13576,202538,2276
2022-08-01,San Luis Obispo,079,281455,61165,60648,6545,67193,504
2022-08-01,San Mateo,081,765935,161617,160258,10040,170298,725
2022-08-01,Santa Barbara,083,443738,101163,100558,6262,106820,710
2022-08-01,Santa Clara,085,1922200,416349,410394,17956,428350,2383
2022-08-01,Santa Cruz,087,273765,60085,59661,3207,62868,269
2022-08-01,Shasta,089,179085,33776,33630,6994,40624,582
2022-08-01,Sierra,091,2930,296,295,59,354,4
2022-08-01,Siskiyou,093,43540,4948,5021,3183,8204,86
2022-08-01,Solano,095,438530,101168,99608,7398,107006,459
2022-08-01,Sonoma,097,501317,102849,102306,4970,107276,500
2022-08-01,Stanislaus,099,539301,132574,131869,20457,152326,1701
2022-08-01,Sutter,101,95872,23097,23056,2395,25451,228
2022-08-01,Tehama,103,63373,13200,13135,2926,16061,209
2022-08-01,Trinity,105,12862,1354,1342,347,1689,20
2022-08-01,Tulare,107,460477,117591,117288,33149,150437,1516
2022-08-01,Tuolumne,109,53932,14914,14778,876,15654,196
2022-08-01,Ventura,111,848112,200306,199530,14208,213738,1536
2022-08-01,Yolo,113,214977,45911,45757,3953,49710,330
2022-08-01,Yuba,115,75493,18075,18036,1574,19610,124
2022-07-31,Alameda,001,1643700,331268,327608,18553,346161,1941
2022-07-31,Alpine,002,1148,130,130,1,131,0
2022-07-31,Amador,005,37829,9649,9609,852,10461,88
2022-07-31,Butte,007,227075,37758,37349,8515,45864,444
2022-07-31,Calaveras,009,45235,8198,8145,476,8621,128
2022-07-31,Colusa,011,21464,3689,3664,1192,4856,22
2022-07-31,Contra Costa,013,1133247,240423,234635,19367,254002,1375
2022-07-31,Del Norte,015,27424,7169,7136,374,7510,54
2022-07-31,El Dorado,017,186661,31203,31007,4026,35033,222
2022-07-31,Fresno,019,978130,267110,260858,29273,290131,2805
2022-07-31,Glenn,021,27897,5390,5350,1799,7149,48
2022-07-31,Humboldt,023,135768,20692,20523,4430,24953,151
2022-07-31,Imperial,025,180216,63109,62471,14147,76618,949
2022-07-31,Inyo,027,18085,4406,4388,812,5200,57
2022-07-31,Kern,029,883053,212347,210190,57478,267668,2375
2022-07-31,Kings,031,150075,57112,56673,3882,60555,454
2022-07-31,Lake,033,64148,12201,12102,1094,13196,142
2022-07-31,Lassen,035,31185,9571,9548,962,10510,64
2022-07-31,Los Angeles,037,10098052,3154899,3122700,165884,3288584,32445
2022-07-31,Madera,039,155013,42015,41641,7463,49104,372
2022-07-31,Marin,041,260295,43270,42840,4909,47749,300
2022-07-31,Mariposa,043,17540,2964,2940,314,3254,30
2022-07-31,Mendocino,045,87422,15350,15172,4163,19335,132
2022-07-31,Merced,047,269075,69869,68853,10695,79548,838
2022-07-31,Modoc,049,8938,850,841,310,1151,11
2022-07-31,Mono,051,14174,3168,3155,225,3380,7
2022-07-31,Monterey,053,433212,90863,89974,19127,109101,754
2022-07-31,Napa,055,140530,30971,30777,1344,32121,150
2022-07-31,Nevada,057,99092,18293,18187,1679,19866,131
2022-07-31,Orange,059,3164182,641937,636403,57555,693958,7194
2022-07-31,Placer,061,380077,73086,72444,9098,81542,647
2022-07-31,Plumas,063,18699,3506,3490,426,3916,13
2022-07-31,Riverside,065,2383286,668626,662929,33059,695988,6543
2022-07-31,Sacramento,067,1510023,332465,329639,32160,361799,3156
2022-07-31,San Benito,069,59416,15456,15256,846,16102,100
2022-07-31,San Bernardino,071,2135413,644761,633131,28895,662026,7941
2022-07-31,San Diego,073,3302833,889067,881822,68013,949835,5409
2022-07-31,San Francisco,075,870044,171035,169564,11454,181018,937
2022-07-31,San Joaquin,077,732212,189852,187937,13487,201424,2276
2022-07-31,San Luis Obispo,079,281455,61017,60370,6510,66880,503
2022-07-31,San Mateo,081,765935,161368,159145,10013,169158,726
2022-07-31,Santa Barbara,083,443738,100931,99946,6220,106166,708
2022-07-31,Santa Clara,085,1922200,415574,407392,17921,425313,2381
2022-07-31,Santa Cruz,087,273765,59917,59227,3191,62418,269
2022-07-31,Shasta,089,179085,33725,33454,6971,40425,581
2022-07-31,Sierra,091,2930,296,293,59,352,4
2022-07-31,Siskiyou,093,43540,4938,4997,3180,8177,86
2022-07-31,Solano,095,438530,100968,99034,7384,106418,457
2022-07-31,Sonoma,097,501317,102694,101747,4944,106691,500
2022-07-31,Stanislaus,099,539301,132336,131081,20410,151491,1696
2022-07-31,Sutter,101,95872,23053,22931,2384,25315,228
2022-07-31,Tehama,103,63373,13192,13079,2917,15996,208
2022-07-31,Trinity,105,12862,1352,1340,346,1686,20
2022-07-31,Tulare,107,460477,117399,116640,33029,149669,1514
2022-07-31,Tuolumne,109,53932,14890,14701,873,15574,196
2022-07-31,Ventura,111,848112,199988,198498,14128,212626,1530
2022-07-31,Yolo,113,214977,45850,45511,3942,49453,327
2022-07-31,Yuba,115,75493,18044,17951,1566,19517,124
2022-07-30,Alameda,001,1643700,330929,327608,18534,346142,1941
2022-07-30,Alpine,002,1148,130,130,1,131,0
2022-07-30,Amador,005,37829,9647,9609,847,10456,88
2022-07-30,Butte,007,227075,37729,37349,8506,45855,444
2022-07-30,Calaveras,009,45235,8188,8145,475,8620,128
2022-07-30,Colusa,011,21464,3684,3664,1192,4856,22
2022-07-30,Contra Costa,013,1133247,240148,234635,19326,253961,1375
2022-07-30,Del Norte,015,27424,7164,7136,372,7508,54
2022-07-30,El Dorado,017,186661,31184,31007,4022,35029,222
2022-07-30,Fresno,019,978130,266903,260858,29230,290088,2805
2022-07-30,Glenn,021,27897,5385,5350,1798,7148,48
2022-07-30,Humboldt,023,135768,20673,20523,4418,24941,151
2022-07-30,Imperial,025,180216,63061,62471,14119,76590,949
2022-07-30,Inyo,027,18085,4405,4388,808,5196,57
2022-07-30,Kern,029,883053,212222,210190,57335,267525,2375
2022-07-30,Kings,031,150075,57079,56673,3882,60555,454
2022-07-30,Lake,033,64148,12191,12102,1093,13195,142
2022-07-30,Lassen,035,31185,9570,9548,960,10508,64
2022-07-30,Los Angeles,037,10098052,3152414,3122700,165481,3288181,32445
2022-07-30,Madera,039,155013,41981,41641,7458,49099,372
2022-07-30,Marin,041,260295,43238,42840,4907,47747,300
2022-07-30,Mariposa,043,17540,2962,2940,313,3253,30
2022-07-30,Mendocino,045,87422,15326,15172,4159,19331,132
2022-07-30,Merced,047,269075,69818,68853,10688,79541,838
2022-07-30,Modoc,049,8938,850,841,310,1151,11
2022-07-30,Mono,051,14174,3167,3155,224,3379,7
2022-07-30,Monterey,053,433212,90771,89974,19081,109055,754
2022-07-30,Napa,055,140530,30943,30777,1341,32118,150
2022-07-30,Nevada,057,99092,18284,18187,1675,19862,131
2022-07-30,Orange,059,3164182,641385,636403,57447,693850,7194
2022-07-30,Placer,061,380077,73047,72444,9085,81529,647
2022-07-30,Plumas,063,18699,3506,3490,426,3916,13
2022-07-30,Riverside,065,2383286,668076,662929,33030,695959,6543
2022-07-30,Sacramento,067,1510023,332222,329639,32149,361788,3156
2022-07-30,San Benito,069,59416,15443,15256,843,16099,100
2022-07-30,San Bernardino,071,2135413,644274,633131,28852,661983,7941
2022-07-30,San Diego,073,3302833,888421,881822,67954,949776,5409
2022-07-30,San Francisco,075,870044,170883,169564,11444,181008,937
2022-07-30,San Joaquin,077,732212,189726,187937,13457,201394,2276
2022-07-30,San Luis Obispo,079,281455,60977,60370,6497,66867,503
2022-07-30,San Mateo,081,765935,161183,159145,9995,169140,726
2022-07-30,Santa Barbara,083,443738,100838,99946,6201,106147,708
2022-07-30,Santa Clara,085,1922200,415089,407392,17902,425294,2381
2022-07-30,Santa Cruz,087,273765,59851,59227,3184,62411,269
2022-07-30,Shasta,089,179085,33705,33454,6970,40424,581
2022-07-30,Sierra,091,2930,296,293,59,352,4
2022-07-30,Siskiyou,093,43540,4938,4997,3178,8175,86
2022-07-30,Solano,095,438530,100910,99034,7371,106405,457
2022-07-30,Sonoma,097,501317,102604,101747,4937,106684,500
2022-07-30,Stanislaus,099,539301,132204,131081,20385,151466,1696
2022-07-30,Sutter,101,95872,23028,22931,2383,25314,228
2022-07-30,Tehama,103,63373,13186,13079,2914,15993,208
2022-07-30,Trinity,105,12862,1352,1340,346,1686,20
2022-07-30,Tulare,107,460477,117308,116640,32964,149604,1514
2022-07-30,Tuolumne,109,53932,14871,14701,873,15574,196
2022-07-30,Ventura,111,848112,199817,198498,14095,212593,1530
2022-07-30,Yolo,113,214977,45823,45511,3939,49450,327
2022-07-30,Yuba,115,75493,18031,17951,1566,19517,124
2022-07-29,Alameda,001,1643700,330563,327608,18506,346114,1941
2022-07-29,Alpine,002,1148,130,130,1,131,0
2022-07-29,Amador,005,37829,9646,9609,846,10455,88
2022-07-29,Butte,007,227075,37698,37349,8489,45838,444
2022-07-29,Calaveras,009,45235,8184,8145,475,8620,128
2022-07-29,Colusa,011,21464,3684,3664,1192,4856,22
2022-07-29,Contra Costa,013,1133247,239920,234635,19302,253937,1375
2022-07-29,Del Norte,015,27424,7159,7136,371,7507,54
2022-07-29,El Dorado,017,186661,31162,31007,4021,35028,222
2022-07-29,Fresno,019,978130,266657,260858,29182,290040,2805
2022-07-29,Glenn,021,27897,5382,5350,1796,7146,48
2022-07-29,Humboldt,023,135768,20647,20523,4408,24931,151
2022-07-29,Imperial,025,180216,63000,62471,14091,76562,949
2022-07-29,Inyo,027,18085,4404,4388,807,5195,57
2022-07-29,Kern,029,883053,212058,210190,57194,267384,2375
2022-07-29,Kings,031,150075,57042,56673,3881,60554,454
2022-07-29,Lake,033,64148,12176,12102,1090,13192,142
2022-07-29,Lassen,035,31185,9568,9548,960,10508,64
2022-07-29,Los Angeles,037,10098052,3149548,3122700,165148,3287848,32445
2022-07-29,Madera,039,155013,41936,41641,7447,49088,372
2022-07-29,Marin,041,260295,43191,42840,4899,47739,300
2022-07-29,Mariposa,043,17540,2961,2940,313,3253,30
2022-07-29,Mendocino,045,87422,15308,15172,4147,19319,132
2022-07-29,Merced,047,269075,69757,68853,10672,79525,838
2022-07-29,Modoc,049,8938,850,841,310,1151,11
2022-07-29,Mono,051,14174,3166,3155,223,3378,7
2022-07-29,Monterey,053,433212,90678,89974,19046,109020,754
2022-07-29,Napa,055,140530,30918,30777,1340,32117,150
2022-07-29,Nevada,057,99092,18273,18187,1673,19860,131
2022-07-29,Orange,059,3164182,640791,636403,57304,693707,7194
2022-07-29,Placer,061,380077,72975,72444,9071,81515,647
2022-07-29,Plumas,063,18699,3505,3490,426,3916,13
2022-07-29,Riverside,065,2383286,667533,662929,32985,695914,6543
2022-07-29,Sacramento,067,1510023,331910,329639,32130,361769,3156
2022-07-29,San Benito,069,59416,15425,15256,842,16098,100
2022-07-29,San Bernardino,071,2135413,643738,633131,28818,661949,7941
2022-07-29,San Diego,073,3302833,887570,881822,67843,949665,5409
2022-07-29,San Francisco,075,870044,170705,169564,11432,180996,937
2022-07-29,San Joaquin,077,732212,189610,187937,13432,201369,2276
2022-07-29,San Luis Obispo,079,281455,60941,60370,6485,66855,503
2022-07-29,San Mateo,081,765935,161007,159145,9986,169131,726
2022-07-29,Santa Barbara,083,443738,100715,99946,6191,106137,708
2022-07-29,Santa Clara,085,1922200,414613,407392,17881,425273,2381
2022-07-29,Santa Cruz,087,273765,59775,59227,3181,62408,269
2022-07-29,Shasta,089,179085,33678,33454,6963,40417,581
2022-07-29,Sierra,091,2930,296,293,58,351,4
2022-07-29,Siskiyou,093,43540,4937,4997,3178,8175,86
2022-07-29,Solano,095,438530,100780,99034,7359,106393,457
2022-07-29,Sonoma,097,501317,102500,101747,4926,106673,500
2022-07-29,Stanislaus,099,539301,132100,131081,20373,151454,1696
2022-07-29,Sutter,101,95872,23008,22931,2383,25314,228
2022-07-29,Tehama,103,63373,13179,13079,2912,15991,208
2022-07-29,Trinity,105,12862,1348,1340,345,1685,20
2022-07-29,Tulare,107,460477,117206,116640,32904,149544,1514
2022-07-29,Tuolumne,109,53932,14857,14701,872,15573,196
2022-07-29,Ventura,111,848112,199667,198498,14055,212553,1530
2022-07-29,Yolo,113,214977,45788,45511,3926,49437,327
2022-07-29,Yuba,115,75493,18010,17951,1564,19515,124
2022-07-28,Alameda,001,1643700,330075,327608,18457,346065,1941
2022-07-28,Alpine,002,1148,130,130,1,131,0
2022-07-28,Amador,005,37829,9639,9609,845,10454,88
2022-07-28,Butte,007,227075,37646,37349,8476,45825,444
2022-07-28,Calaveras,009,45235,8173,8145,474,8619,128
2022-07-28,Colusa,011,21464,3678,3664,1192,4856,22
2022-07-28,Contra Costa,013,1133247,239555,234635,19248,253883,1375
2022-07-28,Del Norte,015,27424,7153,7136,370,7506,54
2022-07-28,El Dorado,017,186661,31127,31007,4016,35023,222
2022-07-28,Fresno,019,978130,266224,260858,29107,289965,2805
2022-07-28,Glenn,021,27897,5380,5350,1792,7142,48
2022-07-28,Humboldt,023,135768,20613,20523,4397,24920,151
2022-07-28,Imperial,025,180216,62901,62471,14027,76498,949
2022-07-28,Inyo,027,18085,4400,4388,805,5193,57
2022-07-28,Kern,029,883053,211807,210190,57023,267213,2375
2022-07-28,Kings,031,150075,56939,56673,3878,60551,454
2022-07-28,Lake,033,64148,12159,12102,1089,13191,142
2022-07-28,Lassen,035,31185,9563,9548,960,10508,64
2022-07-28,Los Angeles,037,10098052,3145223,3122700,164592,3287292,32445
2022-07-28,Madera,039,155013,41878,41641,7438,49079,372
2022-07-28,Marin,041,260295,43143,42840,4894,47734,300
2022-07-28,Mariposa,043,17540,2958,2940,310,3250,30
2022-07-28,Mendocino,045,87422,15287,15172,4136,19308,132
2022-07-28,Merced,047,269075,69675,68853,10632,79485,838
2022-07-28,Modoc,049,8938,847,841,310,1151,11
2022-07-28,Mono,051,14174,3166,3155,222,3377,7
2022-07-28,Monterey,053,433212,90522,89974,18971,108945,754
2022-07-28,Napa,055,140530,30879,30777,1338,32115,150
2022-07-28,Nevada,057,99092,18260,18187,1667,19854,131
2022-07-28,Orange,059,3164182,639838,636403,57152,693555,7194
2022-07-28,Placer,061,380077,72884,72444,9050,81494,647
2022-07-28,Plumas,063,18699,3504,3490,426,3916,13
2022-07-28,Riverside,065,2383286,666727,662929,32934,695863,6543
2022-07-28,Sacramento,067,1510023,331494,329639,32101,361740,3156
2022-07-28,San Benito,069,59416,15396,15256,837,16093,100
2022-07-28,San Bernardino,071,2135413,642889,633131,28774,661905,7941
2022-07-28,San Diego,073,3302833,886221,881822,67709,949531,5409
2022-07-28,San Francisco,075,870044,170468,169564,11402,180966,937
2022-07-28,San Joaquin,077,732212,189356,187937,13384,201321,2276
2022-07-28,San Luis Obispo,079,281455,60853,60370,6465,66835,503
2022-07-28,San Mateo,081,765935,160750,159145,9973,169118,726
2022-07-28,Santa Barbara,083,443738,100576,99946,6160,106106,708
2022-07-28,Santa Clara,085,1922200,413970,407392,17848,425240,2381
2022-07-28,Santa Cruz,087,273765,59657,59227,3169,62396,269
2022-07-28,Shasta,089,179085,33651,33454,6948,40402,581
2022-07-28,Sierra,091,2930,296,293,58,351,4
2022-07-28,Siskiyou,093,43540,4933,4997,3172,8169,86
2022-07-28,Solano,095,438530,100629,99034,7348,106382,457
2022-07-28,Sonoma,097,501317,102376,101747,4900,106647,500
2022-07-28,Stanislaus,099,539301,131951,131081,20332,151413,1696
2022-07-28,Sutter,101,95872,22977,22931,2378,25309,228
2022-07-28,Tehama,103,63373,13161,13079,2903,15982,208
2022-07-28,Trinity,105,12862,1347,1340,344,1684,20
2022-07-28,Tulare,107,460477,117078,116640,32806,149446,1514
2022-07-28,Tuolumne,109,53932,14838,14701,870,15571,196
2022-07-28,Ventura,111,848112,199399,198498,14015,212513,1530
2022-07-28,Yolo,113,214977,45739,45511,3914,49425,327
2022-07-28,Yuba,115,75493,17996,17951,1555,19506,124
2022-07-27,Alameda,001,1643700,329547,325669,18411,344080,1938
2022-07-27,Alpine,002,1148,130,130,1,131,0
2022-07-27,Amador,005,37829,9631,9568,844,10412,87
2022-07-27,Butte,007,227075,37602,37146,8464,45610,441
2022-07-27,Calaveras,009,45235,8163,8105,473,8578,130
2022-07-27,Colusa,011,21464,3669,3649,1192,4841,22
2022-07-27,Contra Costa,013,1133247,239197,233236,19199,252435,1374
2022-07-27,Del Norte,015,27424,7149,7161,370,7531,54
2022-07-27,El Dorado,017,186661,31081,30891,4007,34898,222
2022-07-27,Fresno,019,978130,265809,259483,29028,288511,2801
2022-07-27,Glenn,021,27897,5376,5327,1791,7118,48
2022-07-27,Humboldt,023,135768,20573,20406,4389,24795,150
2022-07-27,Imperial,025,180216,62817,62014,13973,75987,948
2022-07-27,Inyo,027,18085,4396,4381,801,5182,57
2022-07-27,Kern,029,883053,211578,209400,56807,266207,2368
2022-07-27,Kings,031,150075,56864,56417,3870,60287,451
2022-07-27,Lake,033,64148,12143,12025,1087,13112,142
2022-07-27,Lassen,035,31185,9558,9509,959,10468,64
2022-07-27,Los Angeles,037,10098052,3140450,3107063,164077,3271140,32392
2022-07-27,Madera,039,155013,41791,41423,7425,48848,372
2022-07-27,Marin,041,260295,43071,42624,4886,47510,300
2022-07-27,Mariposa,043,17540,2953,2927,310,3237,30
2022-07-27,Mendocino,045,87422,15258,15066,4121,19187,131
2022-07-27,Merced,047,269075,69561,68455,10602,79057,838
2022-07-27,Modoc,049,8938,845,840,310,1150,10
2022-07-27,Mono,051,14174,3164,3148,220,3368,7
2022-07-27,Monterey,053,433212,90388,89520,18899,108419,752
2022-07-27,Napa,055,140530,30836,30647,1337,31984,150
2022-07-27,Nevada,057,99092,18241,18134,1667,19801,132
2022-07-27,Orange,059,3164182,638841,632871,56977,689848,7188
2022-07-27,Placer,061,380077,72803,72194,9029,81223,647
2022-07-27,Plumas,063,18699,3498,3472,426,3898,13
2022-07-27,Riverside,065,2383286,665716,659650,32855,692505,6528
2022-07-27,Sacramento,067,1510023,331035,328249,32047,360296,3146
2022-07-27,San Benito,069,59416,15376,15188,835,16023,100
2022-07-27,San Bernardino,071,2135413,642011,629895,28719,658614,7937
2022-07-27,San Diego,073,3302833,884780,876507,67566,944073,5386
2022-07-27,San Francisco,075,870044,170221,168570,11386,179956,931
2022-07-27,San Joaquin,077,732212,189066,187066,13341,200407,2267
2022-07-27,San Luis Obispo,079,281455,60771,60180,6431,66611,502
2022-07-27,San Mateo,081,765935,160502,158343,9964,168307,724
2022-07-27,Santa Barbara,083,443738,100418,99460,6122,105582,707
2022-07-27,Santa Clara,085,1922200,413287,404896,17825,422721,2380
2022-07-27,Santa Cruz,087,273765,59562,58873,3156,62029,269
2022-07-27,Shasta,089,179085,33618,33314,6937,40251,578
2022-07-27,Sierra,091,2930,295,293,58,351,4
2022-07-27,Siskiyou,093,43540,4927,4975,3169,8144,84
2022-07-27,Solano,095,438530,100465,98579,7337,105916,457
2022-07-27,Sonoma,097,501317,102235,101316,4886,106202,499
2022-07-27,Stanislaus,099,539301,131750,130451,20290,150741,1695
2022-07-27,Sutter,101,95872,22941,22811,2372,25183,228
2022-07-27,Tehama,103,63373,13147,13036,2898,15934,207
2022-07-27,Trinity,105,12862,1346,1337,343,1680,20
2022-07-27,Tulare,107,460477,116916,116167,32733,148900,1514
2022-07-27,Tuolumne,109,53932,14808,14594,867,15461,196
2022-07-27,Ventura,111,848112,199119,197572,13950,211522,1527
2022-07-27,Yolo,113,214977,45693,45359,3897,49256,326
2022-07-27,Yuba,115,75493,17972,17873,1547,19420,124
2022-07-26,Alameda,001,1643700,328909,325669,18371,344040,1938
2022-07-26,Alpine,002,1148,130,130,1,131,0
2022-07-26,Amador,005,37829,9622,9568,840,10408,87
2022-07-26,Butte,007,227075,37542,37146,8447,45593,441
2022-07-26,Calaveras,009,45235,8153,8105,471,8576,130
2022-07-26,Colusa,011,21464,3668,3649,1192,4841,22
2022-07-26,Contra Costa,013,1133247,238759,233236,19143,252379,1374
2022-07-26,Del Norte,015,27424,7136,7161,370,7531,54
2022-07-26,El Dorado,017,186661,31037,30891,4002,34893,222
2022-07-26,Fresno,019,978130,265268,259483,28932,288415,2801
2022-07-26,Glenn,021,27897,5373,5327,1787,7114,48
2022-07-26,Humboldt,023,135768,20541,20406,4375,24781,150
2022-07-26,Imperial,025,180216,62697,62014,13892,75906,948
2022-07-26,Inyo,027,18085,4393,4381,799,5180,57
2022-07-26,Kern,029,883053,211258,209400,56584,265984,2368
2022-07-26,Kings,031,150075,56749,56417,3868,60285,451
2022-07-26,Lake,033,64148,12113,12025,1085,13110,142
2022-07-26,Lassen,035,31185,9555,9509,957,10466,64
2022-07-26,Los Angeles,037,10098052,3135425,3107063,163479,3270542,32392
2022-07-26,Madera,039,155013,41727,41423,7399,48822,372
2022-07-26,Marin,041,260295,43005,42624,4875,47499,300
2022-07-26,Mariposa,043,17540,2951,2927,310,3237,30
2022-07-26,Mendocino,045,87422,15234,15066,4110,19176,131
2022-07-26,Merced,047,269075,69469,68455,10577,79032,838
2022-07-26,Modoc,049,8938,843,840,310,1150,10
2022-07-26,Mono,051,14174,3162,3148,219,3367,7
2022-07-26,Monterey,053,433212,90249,89520,18812,108332,752
2022-07-26,Napa,055,140530,30799,30647,1331,31978,150
2022-07-26,Nevada,057,99092,18218,18134,1664,19798,132
2022-07-26,Orange,059,3164182,637740,632871,56752,689623,7188
2022-07-26,Placer,061,380077,72685,72194,9009,81203,647
2022-07-26,Plumas,063,18699,3495,3472,425,3897,13
2022-07-26,Riverside,065,2383286,664684,659650,32776,692426,6528
2022-07-26,Sacramento,067,1510023,330503,328249,31977,360226,3146
2022-07-26,San Benito,069,59416,15346,15188,833,16021,100
2022-07-26,San Bernardino,071,2135413,641018,629895,28650,658545,7937
2022-07-26,San Diego,073,3302833,883091,876507,67374,943881,5386
2022-07-26,San Francisco,075,870044,169932,168570,11371,179941,931
2022-07-26,San Joaquin,077,732212,188771,187066,13281,200347,2267
2022-07-26,San Luis Obispo,079,281455,60692,60180,6404,66584,502
2022-07-26,San Mateo,081,765935,160218,158343,9953,168296,724
2022-07-26,Santa Barbara,083,443738,100239,99460,6099,105559,707
2022-07-26,Santa Clara,085,1922200,412426,404896,17787,422683,2380
2022-07-26,Santa Cruz,087,273765,59458,58873,3139,62012,269
2022-07-26,Shasta,089,179085,33584,33314,6922,40236,578
2022-07-26,Sierra,091,2930,294,293,58,351,4
2022-07-26,Siskiyou,093,43540,4922,4975,3161,8136,84
2022-07-26,Solano,095,438530,100269,98579,7321,105900,457
2022-07-26,Sonoma,097,501317,102086,101316,4858,106174,499
2022-07-26,Stanislaus,099,539301,131536,130451,20265,150716,1695
2022-07-26,Sutter,101,95872,22911,22811,2371,25182,228
2022-07-26,Tehama,103,63373,13128,13036,2894,15930,207
2022-07-26,Trinity,105,12862,1345,1337,341,1678,20
2022-07-26,Tulare,107,460477,116766,116167,32645,148812,1514
2022-07-26,Tuolumne,109,53932,14789,14594,865,15459,196
2022-07-26,Ventura,111,848112,198808,197572,13891,211463,1527
2022-07-26,Yolo,113,214977,45642,45359,3886,49245,326
2022-07-26,Yuba,115,75493,17954,17873,1546,19419,124
2022-07-25,Alameda,001,1643700,328188,325669,18313,343982,1938
2022-07-25,Alpine,002,1148,130,130,1,131,0
2022-07-25,Amador,005,37829,9609,9568,837,10405,87
2022-07-25,Butte,007,227075,37466,37146,8432,45578,441
2022-07-25,Calaveras,009,45235,8142,8105,470,8575,130
2022-07-25,Colusa,011,21464,3667,3649,1189,4838,22
2022-07-25,Contra Costa,013,1133247,238275,233236,19061,252297,1374
2022-07-25,Del Norte,015,27424,7128,7161,369,7530,54
2022-07-25,El Dorado,017,186661,30998,30891,3988,34879,222
2022-07-25,Fresno,019,978130,264675,259483,28828,288311,2801
2022-07-25,Glenn,021,27897,5365,5327,1784,7111,48
2022-07-25,Humboldt,023,135768,20508,20406,4355,24761,150
2022-07-25,Imperial,025,180216,62578,62014,13804,75818,948
2022-07-25,Inyo,027,18085,4391,4381,793,5174,57
2022-07-25,Kern,029,883053,210967,209400,56356,265756,2368
2022-07-25,Kings,031,150075,56613,56417,3858,60275,451
2022-07-25,Lake,033,64148,12092,12025,1083,13108,142
2022-07-25,Lassen,035,31185,9548,9509,956,10465,64
2022-07-25,Los Angeles,037,10098052,3129574,3107063,162915,3269978,32392
2022-07-25,Madera,039,155013,41640,41423,7373,48796,372
2022-07-25,Marin,041,260295,42931,42624,4868,47492,300
2022-07-25,Mariposa,043,17540,2948,2927,307,3234,30
2022-07-25,Mendocino,045,87422,15195,15066,4097,19163,131
2022-07-25,Merced,047,269075,69356,68455,10546,79001,838
2022-07-25,Modoc,049,8938,838,840,308,1148,10
2022-07-25,Mono,051,14174,3160,3148,218,3366,7
2022-07-25,Monterey,053,433212,90093,89520,18702,108222,752
2022-07-25,Napa,055,140530,30755,30647,1330,31977,150
2022-07-25,Nevada,057,99092,18206,18134,1656,19790,132
2022-07-25,Orange,059,3164182,636488,632871,56545,689416,7188
2022-07-25,Placer,061,380077,72602,72194,9003,81197,647
2022-07-25,Plumas,063,18699,3489,3472,424,3896,13
2022-07-25,Riverside,065,2383286,663594,659650,32697,692347,6528
2022-07-25,Sacramento,067,1510023,329970,328249,31914,360163,3146
2022-07-25,San Benito,069,59416,15312,15188,831,16019,100
2022-07-25,San Bernardino,071,2135413,639847,629895,28593,658488,7937
2022-07-25,San Diego,073,3302833,881312,876507,67181,943688,5386
2022-07-25,San Francisco,075,870044,169616,168570,11356,179926,931
2022-07-25,San Joaquin,077,732212,188478,187066,13205,200271,2267
2022-07-25,San Luis Obispo,079,281455,60587,60180,6371,66551,502
2022-07-25,San Mateo,081,765935,159845,158343,9932,168275,724
2022-07-25,Santa Barbara,083,443738,100044,99460,6074,105534,707
2022-07-25,Santa Clara,085,1922200,411532,404896,17701,422597,2380
2022-07-25,Santa Cruz,087,273765,59337,58873,3126,61999,269
2022-07-25,Shasta,089,179085,33531,33314,6914,40228,578
2022-07-25,Sierra,091,2930,293,293,58,351,4
2022-07-25,Siskiyou,093,43540,4919,4975,3152,8127,84
2022-07-25,Solano,095,438530,100022,98579,7306,105885,457
2022-07-25,Sonoma,097,501317,101927,101316,4840,106156,499
2022-07-25,Stanislaus,099,539301,131337,130451,20235,150686,1695
2022-07-25,Sutter,101,95872,22865,22811,2370,25181,228
2022-07-25,Tehama,103,63373,13111,13036,2886,15922,207
2022-07-25,Trinity,105,12862,1343,1337,341,1678,20
2022-07-25,Tulare,107,460477,116555,116167,32547,148714,1514
2022-07-25,Tuolumne,109,53932,14770,14594,865,15459,196
2022-07-25,Ventura,111,848112,198500,197572,13836,211408,1527
2022-07-25,Yolo,113,214977,45578,45359,3870,49229,326
2022-07-25,Yuba,115,75493,17916,17873,1545,19418,124
2022-07-24,Alameda,001,1643700,327385,323165,18269,341434,1933
2022-07-24,Alpine,002,1148,130,130,1,131,0
2022-07-24,Amador,005,37829,9587,9526,834,10360,87
2022-07-24,Butte,007,227075,37401,36994,8404,45398,440
2022-07-24,Calaveras,009,45235,8125,8064,468,8532,128
2022-07-24,Colusa,011,21464,3661,3639,1189,4828,22
2022-07-24,Contra Costa,013,1133247,237743,231714,18981,250695,1363
2022-07-24,Del Norte,015,27424,7109,7128,365,7493,54
2022-07-24,El Dorado,017,186661,30952,30722,3972,34694,222
2022-07-24,Fresno,019,978130,264021,257571,28726,286297,2792
2022-07-24,Glenn,021,27897,5359,5311,1782,7093,48
2022-07-24,Humboldt,023,135768,20475,20283,4338,24621,150
2022-07-24,Imperial,025,180216,62416,61671,13684,75355,948
2022-07-24,Inyo,027,18085,4387,4366,782,5148,57
2022-07-24,Kern,029,883053,210598,208535,56115,264650,2366
2022-07-24,Kings,031,150075,56488,56103,3845,59948,451
2022-07-24,Lake,033,64148,12066,11957,1080,13037,142
2022-07-24,Lassen,035,31185,9521,9504,953,10457,64
2022-07-24,Los Angeles,037,10098052,3123083,3085376,162227,3247603,32340
2022-07-24,Madera,039,155013,41541,41145,7342,48487,372
2022-07-24,Marin,041,260295,42861,42347,4856,47203,300
2022-07-24,Mariposa,043,17540,2945,2897,306,3203,30
2022-07-24,Mendocino,045,87422,15145,14988,4065,19053,131
2022-07-24,Merced,047,269075,69198,68127,10487,78614,837
2022-07-24,Modoc,049,8938,838,829,307,1136,10
2022-07-24,Mono,051,14174,3159,3141,218,3359,7
2022-07-24,Monterey,053,433212,89915,89067,18602,107669,747
2022-07-24,Napa,055,140530,30701,30495,1329,31824,148
2022-07-24,Nevada,057,99092,18187,18073,1647,19720,131
2022-07-24,Orange,059,3164182,635136,627948,56294,684242,7181
2022-07-24,Placer,061,380077,72477,71870,8990,80860,644
2022-07-24,Plumas,063,18699,3488,3464,424,3888,13
2022-07-24,Riverside,065,2383286,662298,655603,32583,688186,6527
2022-07-24,Sacramento,067,1510023,329286,326216,31844,358060,3136
2022-07-24,San Benito,069,59416,15290,15049,830,15879,100
2022-07-24,San Bernardino,071,2135413,638460,626059,28513,654572,7933
2022-07-24,San Diego,073,3302833,879236,870102,66988,937090,5380
2022-07-24,San Francisco,075,870044,169160,167260,11326,178586,931
2022-07-24,San Joaquin,077,732212,188118,186142,13128,199270,2267
2022-07-24,San Luis Obispo,079,281455,60440,59919,6339,66258,500
2022-07-24,San Mateo,081,765935,159502,157266,9911,167177,724
2022-07-24,Santa Barbara,083,443738,99816,98826,6034,104860,706
2022-07-24,Santa Clara,085,1922200,410568,401495,17661,419156,2381
2022-07-24,Santa Cruz,087,273765,59165,58386,3105,61491,268
2022-07-24,Shasta,089,179085,33467,33185,6899,40084,578
2022-07-24,Sierra,091,2930,293,293,58,351,4
2022-07-24,Siskiyou,093,43540,4915,4938,3137,8075,84
2022-07-24,Solano,095,438530,99805,98016,7291,105307,457
2022-07-24,Sonoma,097,501317,101724,100735,4819,105554,499
2022-07-24,Stanislaus,099,539301,131042,129813,20198,150011,1695
2022-07-24,Sutter,101,95872,22814,22687,2367,25054,228
2022-07-24,Tehama,103,63373,13099,12974,2876,15850,207
2022-07-24,Trinity,105,12862,1342,1330,339,1669,20
2022-07-24,Tulare,107,460477,116368,115548,32443,147991,1513
2022-07-24,Tuolumne,109,53932,14736,14514,864,15378,196
2022-07-24,Ventura,111,848112,198091,196127,13734,209861,1525
2022-07-24,Yolo,113,214977,45503,45141,3858,48999,327
2022-07-24,Yuba,115,75493,17889,17770,1543,19313,124
2022-07-23,Alameda,001,1643700,326969,323165,18252,341417,1933
2022-07-23,Alpine,002,1148,130,130,1,131,0
2022-07-23,Amador,005,37829,9577,9526,834,10360,87
2022-07-23,Butte,007,227075,37354,36994,8397,45391,440
2022-07-23,Calaveras,009,45235,8114,8064,468,8532,128
2022-07-23,Colusa,011,21464,3656,3639,1189,4828,22
2022-07-23,Contra Costa,013,1133247,237445,231714,18951,250665,1363
2022-07-23,Del Norte,015,27424,7106,7128,364,7492,54
2022-07-23,El Dorado,017,186661,30934,30722,3970,34692,222
2022-07-23,Fresno,019,978130,263796,257571,28669,286240,2792
2022-07-23,Glenn,021,27897,5357,5311,1780,7091,48
2022-07-23,Humboldt,023,135768,20448,20283,4325,24608,150
2022-07-23,Imperial,025,180216,62353,61671,13663,75334,948
2022-07-23,Inyo,027,18085,4385,4366,781,5147,57
2022-07-23,Kern,029,883053,210430,208535,55972,264507,2366
2022-07-23,Kings,031,150075,56445,56103,3842,59945,451
2022-07-23,Lake,033,64148,12055,11957,1079,13036,142
2022-07-23,Lassen,035,31185,9519,9504,953,10457,64
2022-07-23,Los Angeles,037,10098052,3120240,3085376,161773,3247149,32340
2022-07-23,Madera,039,155013,41479,41145,7336,48481,372
2022-07-23,Marin,041,260295,42786,42347,4846,47193,300
2022-07-23,Mariposa,043,17540,2942,2897,306,3203,30
2022-07-23,Mendocino,045,87422,15125,14988,4058,19046,131
2022-07-23,Merced,047,269075,69127,68127,10472,78599,837
2022-07-23,Modoc,049,8938,838,829,307,1136,10
2022-07-23,Mono,051,14174,3158,3141,218,3359,7
2022-07-23,Monterey,053,433212,89827,89067,18581,107648,747
2022-07-23,Napa,055,140530,30668,30495,1328,31823,148
2022-07-23,Nevada,057,99092,18175,18073,1645,19718,131
2022-07-23,Orange,059,3164182,634435,627948,56092,684040,7181
2022-07-23,Placer,061,380077,72405,71870,8980,80850,644
2022-07-23,Plumas,063,18699,3487,3464,424,3888,13
2022-07-23,Riverside,065,2383286,661591,655603,32543,688146,6527
2022-07-23,Sacramento,067,1510023,329011,326216,31827,358043,3136
2022-07-23,San Benito,069,59416,15281,15049,821,15870,100
2022-07-23,San Bernardino,071,2135413,637832,626059,28470,654529,7933
2022-07-23,San Diego,073,3302833,878412,870102,66927,937029,5380
2022-07-23,San Francisco,075,870044,168968,167260,11310,178570,931
2022-07-23,San Joaquin,077,732212,187962,186142,13105,199247,2267
2022-07-23,San Luis Obispo,079,281455,60411,59919,6328,66247,500
2022-07-23,San Mateo,081,765935,159322,157266,9897,167163,724
2022-07-23,Santa Barbara,083,443738,99717,98826,6003,104829,706
2022-07-23,Santa Clara,085,1922200,409955,401495,17636,419131,2381
2022-07-23,Santa Cruz,087,273765,59114,58386,3093,61479,268
2022-07-23,Shasta,089,179085,33428,33185,6893,40078,578
2022-07-23,Sierra,091,2930,293,293,58,351,4
2022-07-23,Siskiyou,093,43540,4913,4938,3135,8073,84
2022-07-23,Solano,095,438530,99737,98016,7285,105301,457
2022-07-23,Sonoma,097,501317,101636,100735,4809,105544,499
2022-07-23,Stanislaus,099,539301,130911,129813,20162,149975,1695
2022-07-23,Sutter,101,95872,22793,22687,2367,25054,228
2022-07-23,Tehama,103,63373,13085,12974,2873,15847,207
2022-07-23,Trinity,105,12862,1342,1330,338,1668,20
2022-07-23,Tulare,107,460477,116252,115548,32374,147922,1513
2022-07-23,Tuolumne,109,53932,14713,14514,864,15378,196
2022-07-23,Ventura,111,848112,197907,196127,13699,209826,1525
2022-07-23,Yolo,113,214977,45468,45141,3850,48991,327
2022-07-23,Yuba,115,75493,17876,17770,1539,19309,124
2022-07-22,Alameda,001,1643700,326558,323165,18223,341388,1933
2022-07-22,Alpine,002,1148,130,130,1,131,0
2022-07-22,Amador,005,37829,9571,9526,833,10359,87
2022-07-22,Butte,007,227075,37319,36994,8381,45375,440
2022-07-22,Calaveras,009,45235,8105,8064,468,8532,128
2022-07-22,Colusa,011,21464,3655,3639,1185,4824,22
2022-07-22,Contra Costa,013,1133247,237150,231714,18914,250628,1363
2022-07-22,Del Norte,015,27424,7099,7128,364,7492,54
2022-07-22,El Dorado,017,186661,30905,30722,3965,34687,222
2022-07-22,Fresno,019,978130,263514,257571,28620,286191,2792
2022-07-22,Glenn,021,27897,5353,5311,1779,7090,48
2022-07-22,Humboldt,023,135768,20424,20283,4315,24598,150
2022-07-22,Imperial,025,180216,62262,61671,13631,75302,948
2022-07-22,Inyo,027,18085,4385,4366,774,5140,57
2022-07-22,Kern,029,883053,210229,208535,55821,264356,2366
2022-07-22,Kings,031,150075,56409,56103,3841,59944,451
2022-07-22,Lake,033,64148,12041,11957,1077,13034,142
2022-07-22,Lassen,035,31185,9519,9504,953,10457,64
2022-07-22,Los Angeles,037,10098052,3116706,3085376,161323,3246699,32340
2022-07-22,Madera,039,155013,41436,41145,7325,48470,372
2022-07-22,Marin,041,260295,42731,42347,4838,47185,300
2022-07-22,Mariposa,043,17540,2940,2897,306,3203,30
2022-07-22,Mendocino,045,87422,15101,14988,4050,19038,131
2022-07-22,Merced,047,269075,69057,68127,10460,78587,837
2022-07-22,Modoc,049,8938,838,829,307,1136,10
2022-07-22,Mono,051,14174,3157,3141,217,3358,7
2022-07-22,Monterey,053,433212,89737,89067,18547,107614,747
2022-07-22,Napa,055,140530,30637,30495,1328,31823,148
2022-07-22,Nevada,057,99092,18163,18073,1638,19711,131
2022-07-22,Orange,059,3164182,633658,627948,55933,683881,7181
2022-07-22,Placer,061,380077,72359,71870,8972,80842,644
2022-07-22,Plumas,063,18699,3486,3464,424,3888,13
2022-07-22,Riverside,065,2383286,660846,655603,32479,688082,6527
2022-07-22,Sacramento,067,1510023,328654,326216,31803,358019,3136
2022-07-22,San Benito,069,59416,15271,15049,821,15870,100
2022-07-22,San Bernardino,071,2135413,637206,626059,28425,654484,7933
2022-07-22,San Diego,073,3302833,877332,870102,66789,936891,5380
2022-07-22,San Francisco,075,870044,168775,167260,11281,178541,931
2022-07-22,San Joaquin,077,732212,187801,186142,13073,199215,2267
2022-07-22,San Luis Obispo,079,281455,60356,59919,6316,66235,500
2022-07-22,San Mateo,081,765935,159091,157266,9885,167151,724
2022-07-22,Santa Barbara,083,443738,99615,98826,5997,104823,706
2022-07-22,Santa Clara,085,1922200,409301,401495,17609,419104,2381
2022-07-22,Santa Cruz,087,273765,59008,58386,3085,61471,268
2022-07-22,Shasta,089,179085,33397,33185,6888,40073,578
2022-07-22,Sierra,091,2930,293,293,58,351,4
2022-07-22,Siskiyou,093,43540,4910,4938,3132,8070,84
2022-07-22,Solano,095,438530,99599,98016,7271,105287,457
2022-07-22,Sonoma,097,501317,101529,100735,4791,105526,499
2022-07-22,Stanislaus,099,539301,130781,129813,20137,149950,1695
2022-07-22,Sutter,101,95872,22769,22687,2366,25053,228
2022-07-22,Tehama,103,63373,13076,12974,2871,15845,207
2022-07-22,Trinity,105,12862,1340,1330,337,1667,20
2022-07-22,Tulare,107,460477,116138,115548,32317,147865,1513
2022-07-22,Tuolumne,109,53932,14689,14514,860,15374,196
2022-07-22,Ventura,111,848112,197720,196127,13664,209791,1525
2022-07-22,Yolo,113,214977,45414,45141,3833,48974,327
2022-07-22,Yuba,115,75493,17862,17770,1537,19307,124
2022-07-21,Alameda,001,1643700,325881,323165,18175,341340,1933
2022-07-21,Alpine,002,1148,130,130,1,131,0
2022-07-21,Amador,005,37829,9564,9526,831,10357,87
2022-07-21,Butte,007,227075,37279,36994,8361,45355,440
2022-07-21,Calaveras,009,45235,8090,8064,466,8530,128
2022-07-21,Colusa,011,21464,3651,3639,1183,4822,22
2022-07-21,Contra Costa,013,1133247,236768,231714,18856,250570,1363
2022-07-21,Del Norte,015,27424,7089,7128,364,7492,54
2022-07-21,El Dorado,017,186661,30854,30722,3962,34684,222
2022-07-21,Fresno,019,978130,263040,257571,28537,286108,2792
2022-07-21,Glenn,021,27897,5347,5311,1779,7090,48
2022-07-21,Humboldt,023,135768,20393,20283,4292,24575,150
2022-07-21,Imperial,025,180216,62149,61671,13535,75206,948
2022-07-21,Inyo,027,18085,4381,4366,767,5133,57
2022-07-21,Kern,029,883053,209956,208535,55637,264172,2366
2022-07-21,Kings,031,150075,56336,56103,3828,59931,451
2022-07-21,Lake,033,64148,12028,11957,1074,13031,142
2022-07-21,Lassen,035,31185,9516,9504,953,10457,64
2022-07-21,Los Angeles,037,10098052,3111090,3085376,160711,3246087,32340
2022-07-21,Madera,039,155013,41358,41145,7303,48448,372
2022-07-21,Marin,041,260295,42666,42347,4834,47181,300
2022-07-21,Mariposa,043,17540,2936,2897,305,3202,30
2022-07-21,Mendocino,045,87422,15075,14988,4044,19032,131
2022-07-21,Merced,047,269075,68952,68127,10435,78562,837
2022-07-21,Modoc,049,8938,836,829,307,1136,10
2022-07-21,Mono,051,14174,3153,3141,216,3357,7
2022-07-21,Monterey,053,433212,89613,89067,18472,107539,747
2022-07-21,Napa,055,140530,30592,30495,1328,31823,148
2022-07-21,Nevada,057,99092,18144,18073,1632,19705,131
2022-07-21,Orange,059,3164182,632530,627948,55704,683652,7181
2022-07-21,Placer,061,380077,72251,71870,8949,80819,644
2022-07-21,Plumas,063,18699,3485,3464,424,3888,13
2022-07-21,Riverside,065,2383286,659783,655603,32405,688008,6527
2022-07-21,Sacramento,067,1510023,328140,326216,31764,357980,3136
2022-07-21,San Benito,069,59416,15229,15049,818,15867,100
2022-07-21,San Bernardino,071,2135413,636181,626059,28360,654419,7933
2022-07-21,San Diego,073,3302833,875649,870102,66594,936696,5380
2022-07-21,San Francisco,075,870044,168420,167260,11229,178489,931
2022-07-21,San Joaquin,077,732212,187546,186142,13025,199167,2267
2022-07-21,San Luis Obispo,079,281455,60299,59919,6286,66205,500
2022-07-21,San Mateo,081,765935,158789,157266,9870,167136,724
2022-07-21,Santa Barbara,083,443738,99454,98826,5977,104803,706
2022-07-21,Santa Clara,085,1922200,408497,401495,17571,419066,2381
2022-07-21,Santa Cruz,087,273765,58890,58386,3070,61456,268
2022-07-21,Shasta,089,179085,33348,33185,6874,40059,578
2022-07-21,Sierra,091,2930,293,293,58,351,4
2022-07-21,Siskiyou,093,43540,4904,4938,3126,8064,84
2022-07-21,Solano,095,438530,99451,98016,7263,105279,457
2022-07-21,Sonoma,097,501317,101385,100735,4777,105512,499
2022-07-21,Stanislaus,099,539301,130590,129813,20113,149926,1695
2022-07-21,Sutter,101,95872,22742,22687,2364,25051,228
2022-07-21,Tehama,103,63373,13059,12974,2860,15834,207
2022-07-21,Trinity,105,12862,1336,1330,337,1667,20
2022-07-21,Tulare,107,460477,115977,115548,32245,147793,1513
2022-07-21,Tuolumne,109,53932,14656,14514,857,15371,196
2022-07-21,Ventura,111,848112,197394,196127,13574,209701,1525
2022-07-21,Yolo,113,214977,45353,45141,3820,48961,327
2022-07-21,Yuba,115,75493,17833,17770,1534,19304,124
2022-07-20,Alameda,001,1643700,325198,321347,18133,339480,1915
2022-07-20,Alpine,002,1148,130,130,1,131,0
2022-07-20,Amador,005,37829,9546,9478,829,10307,87
2022-07-20,Butte,007,227075,37230,36820,8341,45161,440
2022-07-20,Calaveras,009,45235,8081,8035,465,8500,126
2022-07-20,Colusa,011,21464,3647,3627,1181,4808,22
2022-07-20,Contra Costa,013,1133247,236368,230356,18807,249163,1362
2022-07-20,Del Norte,015,27424,7080,7081,364,7445,54
2022-07-20,El Dorado,017,186661,30823,30628,3952,34580,221
2022-07-20,Fresno,019,978130,262523,256217,28464,284681,2790
2022-07-20,Glenn,021,27897,5343,5287,1776,7063,48
2022-07-20,Humboldt,023,135768,20354,20149,4274,24423,150
2022-07-20,Imperial,025,180216,62004,61170,13440,74610,944
2022-07-20,Inyo,027,18085,4379,4355,762,5117,56
2022-07-20,Kern,029,883053,209663,207603,55447,263050,2366
2022-07-20,Kings,031,150075,56251,55836,3817,59653,449
2022-07-20,Lake,033,64148,12007,11895,1069,12964,142
2022-07-20,Lassen,035,31185,9507,9455,953,10408,64
2022-07-20,Los Angeles,037,10098052,3105478,3068779,160088,3228867,32292
2022-07-20,Madera,039,155013,41286,40902,7283,48185,372
2022-07-20,Marin,041,260295,42586,42153,4827,46980,300
2022-07-20,Mariposa,043,17540,2921,2884,303,3187,30
2022-07-20,Mendocino,045,87422,15060,14890,4032,18922,131
2022-07-20,Merced,047,269075,68852,67775,10411,78186,833
2022-07-20,Modoc,049,8938,835,799,306,1105,9
2022-07-20,Mono,051,14174,3150,3138,213,3351,7
2022-07-20,Monterey,053,433212,89475,88606,18391,106997,747
2022-07-20,Napa,055,140530,30554,30353,1326,31679,145
2022-07-20,Nevada,057,99092,18118,18020,1626,19646,131
2022-07-20,Orange,059,3164182,631259,624998,55463,680461,7173
2022-07-20,Placer,061,380077,72170,71614,8931,80545,639
2022-07-20,Plumas,063,18699,3479,3433,423,3856,13
2022-07-20,Riverside,065,2383286,658682,652192,32307,684499,6510
2022-07-20,Sacramento,067,1510023,327591,324765,31716,356481,3123
2022-07-20,San Benito,069,59416,15197,14966,815,15781,100
2022-07-20,San Bernardino,071,2135413,635135,622760,28296,651056,7921
2022-07-20,San Diego,073,3302833,873818,864434,66410,930844,5375
2022-07-20,San Francisco,075,870044,168091,166241,11211,177452,929
2022-07-20,San Joaquin,077,732212,187258,185319,12968,198287,2262
2022-07-20,San Luis Obispo,079,281455,60229,59727,6257,65984,499
2022-07-20,San Mateo,081,765935,158490,156191,9850,166041,724
2022-07-20,Santa Barbara,083,443738,99274,98322,5950,104272,703
2022-07-20,Santa Clara,085,1922200,407691,398816,17533,416349,2374
2022-07-20,Santa Cruz,087,273765,58776,58004,3057,61061,267
2022-07-20,Shasta,089,179085,33307,33017,6867,39884,576
2022-07-20,Sierra,091,2930,293,292,58,350,4
2022-07-20,Siskiyou,093,43540,4892,4921,3120,8041,84
2022-07-20,Solano,095,438530,99282,97577,7241,104818,459
2022-07-20,Sonoma,097,501317,101197,100304,4764,105068,499
2022-07-20,Stanislaus,099,539301,130423,129200,20069,149269,1695
2022-07-20,Sutter,101,95872,22707,22592,2361,24953,228
2022-07-20,Tehama,103,63373,13043,12923,2856,15779,205
2022-07-20,Trinity,105,12862,1336,1319,336,1655,20
2022-07-20,Tulare,107,460477,115791,115073,32134,147207,1510
2022-07-20,Tuolumne,109,53932,14630,14389,856,15245,196
2022-07-20,Ventura,111,848112,197075,195189,13501,208690,1522
2022-07-20,Yolo,113,214977,45297,44950,3809,48759,325
2022-07-20,Yuba,115,75493,17809,17661,1533,19194,124
2022-07-19,Alameda,001,1643700,324523,321347,18109,339456,1915
2022-07-19,Alpine,002,1148,130,130,1,131,0
2022-07-19,Amador,005,37829,9534,9478,825,10303,87
2022-07-19,Butte,007,227075,37177,36820,8327,45147,440
2022-07-19,Calaveras,009,45235,8071,8035,465,8500,126
2022-07-19,Colusa,011,21464,3644,3627,1177,4804,22
2022-07-19,Contra Costa,013,1133247,235917,230356,18750,249106,1362
2022-07-19,Del Norte,015,27424,7072,7081,363,7444,54
2022-07-19,El Dorado,017,186661,30780,30628,3943,34571,221
2022-07-19,Fresno,019,978130,261914,256217,28374,284591,2790
2022-07-19,Glenn,021,27897,5336,5287,1775,7062,48
2022-07-19,Humboldt,023,135768,20319,20149,4260,24409,150
2022-07-19,Imperial,025,180216,61870,61170,13350,74520,944
2022-07-19,Inyo,027,18085,4377,4355,760,5115,56
2022-07-19,Kern,029,883053,209384,207603,55255,262858,2366
2022-07-19,Kings,031,150075,56148,55836,3798,59634,449
2022-07-19,Lake,033,64148,11986,11895,1061,12956,142
2022-07-19,Lassen,035,31185,9499,9455,953,10408,64
2022-07-19,Los Angeles,037,10098052,3099301,3068779,159387,3228166,32292
2022-07-19,Madera,039,155013,41207,40902,7260,48162,372
2022-07-19,Marin,041,260295,42523,42153,4814,46967,300
2022-07-19,Mariposa,043,17540,2916,2884,302,3186,30
2022-07-19,Mendocino,045,87422,15028,14890,4021,18911,131
2022-07-19,Merced,047,269075,68747,67775,10379,78154,833
2022-07-19,Modoc,049,8938,834,799,306,1105,9
2022-07-19,Mono,051,14174,3146,3138,213,3351,7
2022-07-19,Monterey,053,433212,89324,88606,18310,106916,747
2022-07-19,Napa,055,140530,30498,30353,1322,31675,145
2022-07-19,Nevada,057,99092,18104,18020,1619,19639,131
2022-07-19,Orange,059,3164182,629969,624998,55213,680211,7173
2022-07-19,Placer,061,380077,72082,71614,8914,80528,639
2022-07-19,Plumas,063,18699,3473,3433,421,3854,13
2022-07-19,Riverside,065,2383286,657370,652192,32212,684404,6510
2022-07-19,Sacramento,067,1510023,326961,324765,31675,356440,3123
2022-07-19,San Benito,069,59416,15153,14966,813,15779,100
2022-07-19,San Bernardino,071,2135413,634015,622760,28223,650983,7921
2022-07-19,San Diego,073,3302833,871729,864434,66163,930597,5375
2022-07-19,San Francisco,075,870044,167739,166241,11192,177433,929
2022-07-19,San Joaquin,077,732212,186976,185319,12906,198225,2262
2022-07-19,San Luis Obispo,079,281455,60145,59727,6219,65946,499
2022-07-19,San Mateo,081,765935,158192,156191,9827,166018,724
2022-07-19,Santa Barbara,083,443738,99063,98322,5928,104250,703
2022-07-19,Santa Clara,085,1922200,406740,398816,17481,416297,2374
2022-07-19,Santa Cruz,087,273765,58654,58004,3042,61046,267
2022-07-19,Shasta,089,179085,33275,33017,6853,39870,576
2022-07-19,Sierra,091,2930,293,292,58,350,4
2022-07-19,Siskiyou,093,43540,4887,4921,3113,8034,84
2022-07-19,Solano,095,438530,99056,97577,7214,104791,459
2022-07-19,Sonoma,097,501317,101039,100304,4736,105040,499
2022-07-19,Stanislaus,099,539301,130180,129200,20037,149237,1695
2022-07-19,Sutter,101,95872,22677,22592,2358,24950,228
2022-07-19,Tehama,103,63373,13029,12923,2849,15772,205
2022-07-19,Trinity,105,12862,1333,1319,335,1654,20
2022-07-19,Tulare,107,460477,115605,115073,32027,147100,1510
2022-07-19,Tuolumne,109,53932,14606,14389,847,15236,196
2022-07-19,Ventura,111,848112,196729,195189,13423,208612,1522
2022-07-19,Yolo,113,214977,45236,44950,3799,48749,325
2022-07-19,Yuba,115,75493,17776,17661,1532,19193,124
2022-07-18,Alameda,001,1643700,323780,321347,18073,339420,1915
2022-07-18,Alpine,002,1148,130,130,1,131,0
2022-07-18,Amador,005,37829,9519,9478,825,10303,87
2022-07-18,Butte,007,227075,37107,36820,8314,45134,440
2022-07-18,Calaveras,009,45235,8060,8035,462,8497,126
2022-07-18,Colusa,011,21464,3641,3627,1171,4798,22
2022-07-18,Contra Costa,013,1133247,235452,230356,18679,249035,1362
2022-07-18,Del Norte,015,27424,7061,7081,361,7442,54
2022-07-18,El Dorado,017,186661,30728,30628,3934,34562,221
2022-07-18,Fresno,019,978130,261322,256217,28293,284510,2790
2022-07-18,Glenn,021,27897,5334,5287,1775,7062,48
2022-07-18,Humboldt,023,135768,20278,20149,4240,24389,150
2022-07-18,Imperial,025,180216,61705,61170,13253,74423,944
2022-07-18,Inyo,027,18085,4373,4355,759,5114,56
2022-07-18,Kern,029,883053,209071,207603,55002,262605,2366
2022-07-18,Kings,031,150075,56041,55836,3790,59626,449
2022-07-18,Lake,033,64148,11964,11895,1055,12950,142
2022-07-18,Lassen,035,31185,9495,9455,952,10407,64
2022-07-18,Los Angeles,037,10098052,3092460,3068779,158721,3227500,32292
2022-07-18,Madera,039,155013,41101,40902,7232,48134,372
2022-07-18,Marin,041,260295,42442,42153,4804,46957,300
2022-07-18,Mariposa,043,17540,2908,2884,301,3185,30
2022-07-18,Mendocino,045,87422,14999,14890,4010,18900,131
2022-07-18,Merced,047,269075,68625,67775,10353,78128,833
2022-07-18,Modoc,049,8938,833,799,306,1105,9
2022-07-18,Mono,051,14174,3145,3138,213,3351,7
2022-07-18,Monterey,053,433212,89160,88606,18230,106836,747
2022-07-18,Napa,055,140530,30458,30353,1319,31672,145
2022-07-18,Nevada,057,99092,18090,18020,1607,19627,131
2022-07-18,Orange,059,3164182,628488,624998,54946,679944,7173
2022-07-18,Placer,061,380077,71996,71614,8898,80512,639
2022-07-18,Plumas,063,18699,3464,3433,420,3853,13
2022-07-18,Riverside,065,2383286,656083,652192,32102,684294,6510
2022-07-18,Sacramento,067,1510023,326340,324765,31618,356383,3123
2022-07-18,San Benito,069,59416,15114,14966,808,15774,100
2022-07-18,San Bernardino,071,2135413,632751,622760,28151,650911,7921
2022-07-18,San Diego,073,3302833,869411,864434,65891,930325,5375
2022-07-18,San Francisco,075,870044,167319,166241,11167,177408,929
2022-07-18,San Joaquin,077,732212,186642,185319,12847,198166,2262
2022-07-18,San Luis Obispo,079,281455,60049,59727,6194,65921,499
2022-07-18,San Mateo,081,765935,157816,156191,9807,165998,724
2022-07-18,Santa Barbara,083,443738,98865,98322,5907,104229,703
2022-07-18,Santa Clara,085,1922200,405758,398816,17429,416245,2374
2022-07-18,Santa Cruz,087,273765,58505,58004,3030,61034,267
2022-07-18,Shasta,089,179085,33226,33017,6837,39854,576
2022-07-18,Sierra,091,2930,293,292,58,350,4
2022-07-18,Siskiyou,093,43540,4883,4921,3106,8027,84
2022-07-18,Solano,095,438530,98821,97577,7193,104770,459
2022-07-18,Sonoma,097,501317,100860,100304,4718,105022,499
2022-07-18,Stanislaus,099,539301,129957,129200,19998,149198,1695
2022-07-18,Sutter,101,95872,22643,22592,2358,24950,228
2022-07-18,Tehama,103,63373,13008,12923,2849,15772,205
2022-07-18,Trinity,105,12862,1331,1319,334,1653,20
2022-07-18,Tulare,107,460477,115413,115073,31939,147012,1510
2022-07-18,Tuolumne,109,53932,14570,14389,845,15234,196
2022-07-18,Ventura,111,848112,196346,195189,13350,208539,1522
2022-07-18,Yolo,113,214977,45167,44950,3788,48738,325
2022-07-18,Yuba,115,75493,17741,17661,1523,19184,124
2022-07-17,Alameda,001,1643700,322874,318442,18016,336458,1911
2022-07-17,Alpine,002,1148,130,130,1,131,0
2022-07-17,Amador,005,37829,9510,9437,821,10258,87
2022-07-17,Butte,007,227075,37046,36644,8292,44936,440
2022-07-17,Calaveras,009,45235,8044,7994,452,8446,126
2022-07-17,Colusa,011,21464,3635,3617,1165,4782,22
2022-07-17,Contra Costa,013,1133247,234888,228634,18605,247239,1356
2022-07-17,Del Norte,015,27424,7034,6860,359,7219,54
2022-07-17,El Dorado,017,186661,30680,30461,3920,34381,219
2022-07-17,Fresno,019,978130,260628,254088,28186,282274,2790
2022-07-17,Glenn,021,27897,5328,5273,1773,7046,48
2022-07-17,Humboldt,023,135768,20222,20016,4223,24239,150
2022-07-17,Imperial,025,180216,61510,60550,13108,73658,944
2022-07-17,Inyo,027,18085,4363,4343,755,5098,56
2022-07-17,Kern,029,883053,208573,206466,54771,261237,2364
2022-07-17,Kings,031,150075,55903,55432,3767,59199,449
2022-07-17,Lake,033,64148,11932,11835,1051,12886,141
2022-07-17,Lassen,035,31185,9469,9425,948,10373,64
2022-07-17,Los Angeles,037,10098052,3085145,3042708,157927,3200635,32248
2022-07-17,Madera,039,155013,40991,40627,7187,47814,372
2022-07-17,Marin,041,260295,42344,41829,4797,46626,300
2022-07-17,Mariposa,043,17540,2901,2866,301,3167,30
2022-07-17,Mendocino,045,87422,14959,14799,3992,18791,131
2022-07-17,Merced,047,269075,68489,67416,10313,77729,833
2022-07-17,Modoc,049,8938,830,799,306,1105,9
2022-07-17,Mono,051,14174,3143,3131,209,3340,7
2022-07-17,Monterey,053,433212,88967,88118,18160,106278,747
2022-07-17,Napa,055,140530,30399,30176,1318,31494,145
2022-07-17,Nevada,057,99092,18063,17941,1599,19540,131
2022-07-17,Orange,059,3164182,626909,620414,54666,675080,7161
2022-07-17,Placer,061,380077,71907,71232,8879,80111,637
2022-07-17,Plumas,063,18699,3449,3406,420,3826,13
2022-07-17,Riverside,065,2383286,654617,647328,31986,679314,6508
2022-07-17,Sacramento,067,1510023,325676,322788,31560,354348,3119
2022-07-17,San Benito,069,59416,15088,14869,802,15671,100
2022-07-17,San Bernardino,071,2135413,631322,618482,28041,646523,7914
2022-07-17,San Diego,073,3302833,867033,857262,65688,922950,5370
2022-07-17,San Francisco,075,870044,166855,164853,11123,175976,928
2022-07-17,San Joaquin,077,732212,186265,184187,12767,196954,2262
2022-07-17,San Luis Obispo,079,281455,59930,59437,6155,65592,499
2022-07-17,San Mateo,081,765935,157445,154961,9786,164747,723
2022-07-17,Santa Barbara,083,443738,98596,97600,5880,103480,702
2022-07-17,Santa Clara,085,1922200,404696,395466,17374,412840,2371
2022-07-17,Santa Cruz,087,273765,58308,57531,3012,60543,267
2022-07-17,Shasta,089,179085,33173,32871,6811,39682,575
2022-07-17,Sierra,091,2930,293,291,58,349,4
2022-07-17,Siskiyou,093,43540,4877,4899,3092,7991,83
2022-07-17,Solano,095,438530,98619,96974,7168,104142,457
2022-07-17,Sonoma,097,501317,100666,99679,4700,104379,499
2022-07-17,Stanislaus,099,539301,129688,128436,19961,148397,1692
2022-07-17,Sutter,101,95872,22590,22452,2355,24807,228
2022-07-17,Tehama,103,63373,12984,12860,2841,15701,205
2022-07-17,Trinity,105,12862,1328,1304,332,1636,20
2022-07-17,Tulare,107,460477,115191,114399,31846,146245,1510
2022-07-17,Tuolumne,109,53932,14537,14280,837,15117,196
2022-07-17,Ventura,111,848112,195887,193965,13233,207198,1519
2022-07-17,Yolo,113,214977,45090,44703,3771,48474,324
2022-07-17,Yuba,115,75493,17701,17567,1513,19080,124
2022-07-16,Alameda,001,1643700,322456,318442,17999,336441,1911
2022-07-16,Alpine,002,1148,130,130,1,131,0
2022-07-16,Amador,005,37829,9502,9437,821,10258,87
2022-07-16,Butte,007,227075,37025,36644,8277,44921,440
2022-07-16,Calaveras,009,45235,8039,7994,446,8440,126
2022-07-16,Colusa,011,21464,3631,3617,1161,4778,22
2022-07-16,Contra Costa,013,1133247,234579,228634,18552,247186,1356
2022-07-16,Del Norte,015,27424,7023,6860,359,7219,54
2022-07-16,El Dorado,017,186661,30659,30461,3918,34379,219
2022-07-16,Fresno,019,978130,260337,254088,28143,282231,2790
2022-07-16,Glenn,021,27897,5323,5273,1770,7043,48
2022-07-16,Humboldt,023,135768,20191,20016,4211,24227,150
2022-07-16,Imperial,025,180216,61425,60550,13064,73614,944
2022-07-16,Inyo,027,18085,4362,4343,754,5097,56
2022-07-16,Kern,029,883053,208401,206466,54603,261069,2364
2022-07-16,Kings,031,150075,55863,55432,3763,59195,449
2022-07-16,Lake,033,64148,11916,11835,1051,12886,141
2022-07-16,Lassen,035,31185,9467,9425,947,10372,64
2022-07-16,Los Angeles,037,10098052,3081671,3042708,157450,3200158,32248
2022-07-16,Madera,039,155013,40948,40627,7174,47801,372
2022-07-16,Marin,041,260295,42308,41829,4790,46619,300
2022-07-16,Mariposa,043,17540,2899,2866,301,3167,30
2022-07-16,Mendocino,045,87422,14951,14799,3989,18788,131
2022-07-16,Merced,047,269075,68400,67416,10302,77718,833
2022-07-16,Modoc,049,8938,830,799,306,1105,9
2022-07-16,Mono,051,14174,3142,3131,208,3339,7
2022-07-16,Monterey,053,433212,88873,88118,18118,106236,747
2022-07-16,Napa,055,140530,30370,30176,1316,31492,145
2022-07-16,Nevada,057,99092,18049,17941,1592,19533,131
2022-07-16,Orange,059,3164182,626182,620414,54508,674922,7161
2022-07-16,Placer,061,380077,71822,71232,8863,80095,637
2022-07-16,Plumas,063,18699,3445,3406,419,3825,13
2022-07-16,Riverside,065,2383286,653828,647328,31935,679263,6508
2022-07-16,Sacramento,067,1510023,325403,322788,31545,354333,3119
2022-07-16,San Benito,069,59416,15071,14869,798,15667,100
2022-07-16,San Bernardino,071,2135413,630576,618482,27979,646461,7914
2022-07-16,San Diego,073,3302833,866124,857262,65603,922865,5370
2022-07-16,San Francisco,075,870044,166671,164853,11107,175960,928
2022-07-16,San Joaquin,077,732212,186106,184187,12737,196924,2262
2022-07-16,San Luis Obispo,079,281455,59902,59437,6135,65572,499
2022-07-16,San Mateo,081,765935,157203,154961,9776,164737,723
2022-07-16,Santa Barbara,083,443738,98480,97600,5860,103460,702
2022-07-16,Santa Clara,085,1922200,404026,395466,17348,412814,2371
2022-07-16,Santa Cruz,087,273765,58236,57531,3007,60538,267
2022-07-16,Shasta,089,179085,33153,32871,6807,39678,575
2022-07-16,Sierra,091,2930,293,291,58,349,4
2022-07-16,Siskiyou,093,43540,4876,4899,3087,7986,83
2022-07-16,Solano,095,438530,98544,96974,7151,104125,457
2022-07-16,Sonoma,097,501317,100579,99679,4689,104368,499
2022-07-16,Stanislaus,099,539301,129557,128436,19927,148363,1692
2022-07-16,Sutter,101,95872,22567,22452,2354,24806,228
2022-07-16,Tehama,103,63373,12975,12860,2836,15696,205
2022-07-16,Trinity,105,12862,1326,1304,332,1636,20
2022-07-16,Tulare,107,460477,115085,114399,31786,146185,1510
2022-07-16,Tuolumne,109,53932,14513,14280,837,15117,196
2022-07-16,Ventura,111,848112,195661,193965,13192,207157,1519
2022-07-16,Yolo,113,214977,45044,44703,3758,48461,324
2022-07-16,Yuba,115,75493,17677,17567,1513,19080,124
2022-07-15,Alameda,001,1643700,321993,318442,17964,336406,1911
2022-07-15,Alpine,002,1148,130,130,1,131,0
2022-07-15,Amador,005,37829,9499,9437,820,10257,87
2022-07-15,Butte,007,227075,36986,36644,8272,44916,440
2022-07-15,Calaveras,009,45235,8033,7994,442,8436,126
2022-07-15,Colusa,011,21464,3629,3617,1159,4776,22
2022-07-15,Contra Costa,013,1133247,234304,228634,18501,247135,1356
2022-07-15,Del Norte,015,27424,7012,6860,356,7216,54
2022-07-15,El Dorado,017,186661,30631,30461,3915,34376,219
2022-07-15,Fresno,019,978130,259942,254088,28078,282166,2790
2022-07-15,Glenn,021,27897,5320,5273,1767,7040,48
2022-07-15,Humboldt,023,135768,20167,20016,4199,24215,150
2022-07-15,Imperial,025,180216,61352,60550,13022,73572,944
2022-07-15,Inyo,027,18085,4357,4343,749,5092,56
2022-07-15,Kern,029,883053,208185,206466,54432,260898,2364
2022-07-15,Kings,031,150075,55799,55432,3756,59188,449
2022-07-15,Lake,033,64148,11904,11835,1048,12883,141
2022-07-15,Lassen,035,31185,9465,9425,945,10370,64
2022-07-15,Los Angeles,037,10098052,3077478,3042708,156931,3199639,32248
2022-07-15,Madera,039,155013,40885,40627,7155,47782,372
2022-07-15,Marin,041,260295,42248,41829,4779,46608,300
2022-07-15,Mariposa,043,17540,2896,2866,300,3166,30
2022-07-15,Mendocino,045,87422,14927,14799,3984,18783,131
2022-07-15,Merced,047,269075,68336,67416,10289,77705,833
2022-07-15,Modoc,049,8938,829,799,306,1105,9
2022-07-15,Mono,051,14174,3140,3131,207,3338,7
2022-07-15,Monterey,053,433212,88759,88118,18091,106209,747
2022-07-15,Napa,055,140530,30338,30176,1315,31491,145
2022-07-15,Nevada,057,99092,18037,17941,1590,19531,131
2022-07-15,Orange,059,3164182,625340,620414,54332,674746,7161
2022-07-15,Placer,061,380077,71749,71232,8836,80068,637
2022-07-15,Plumas,063,18699,3438,3406,417,3823,13
2022-07-15,Riverside,065,2383286,653002,647328,31873,679201,6508
2022-07-15,Sacramento,067,1510023,325033,322788,31521,354309,3119
2022-07-15,San Benito,069,59416,15056,14869,798,15667,100
2022-07-15,San Bernardino,071,2135413,629827,618482,27938,646420,7914
2022-07-15,San Diego,073,3302833,864851,857262,65438,922700,5370
2022-07-15,San Francisco,075,870044,166416,164853,11067,175920,928
2022-07-15,San Joaquin,077,732212,185927,184187,12692,196879,2262
2022-07-15,San Luis Obispo,079,281455,59870,59437,6123,65560,499
2022-07-15,San Mateo,081,765935,156965,154961,9759,164720,723
2022-07-15,Santa Barbara,083,443738,98351,97600,5853,103453,702
2022-07-15,Santa Clara,085,1922200,403342,395466,17319,412785,2371
2022-07-15,Santa Cruz,087,273765,58146,57531,2995,60526,267
2022-07-15,Shasta,089,179085,33130,32871,6800,39671,575
2022-07-15,Sierra,091,2930,293,291,58,349,4
2022-07-15,Siskiyou,093,43540,4876,4899,3085,7984,83
2022-07-15,Solano,095,438530,98395,96974,7139,104113,457
2022-07-15,Sonoma,097,501317,100456,99679,4680,104359,499
2022-07-15,Stanislaus,099,539301,129433,128436,19906,148342,1692
2022-07-15,Sutter,101,95872,22540,22452,2353,24805,228
2022-07-15,Tehama,103,63373,12968,12860,2828,15688,205
2022-07-15,Trinity,105,12862,1322,1304,332,1636,20
2022-07-15,Tulare,107,460477,114934,114399,31701,146100,1510
2022-07-15,Tuolumne,109,53932,14470,14280,834,15114,196
2022-07-15,Ventura,111,848112,195435,193965,13153,207118,1519
2022-07-15,Yolo,113,214977,44998,44703,3747,48450,324
2022-07-15,Yuba,115,75493,17651,17567,1513,19080,124
2022-07-14,Alameda,001,1643700,321227,318442,17902,336344,1911
2022-07-14,Alpine,002,1148,130,130,1,131,0
2022-07-14,Amador,005,37829,9486,9437,814,10251,87
2022-07-14,Butte,007,227075,36946,36644,8266,44910,440
2022-07-14,Calaveras,009,45235,8026,7994,438,8432,126
2022-07-14,Colusa,011,21464,3629,3617,1157,4774,22
2022-07-14,Contra Costa,013,1133247,233860,228634,18414,247048,1356
2022-07-14,Del Norte,015,27424,6991,6860,354,7214,54
2022-07-14,El Dorado,017,186661,30595,30461,3906,34367,219
2022-07-14,Fresno,019,978130,259407,254088,27982,282070,2790
2022-07-14,Glenn,021,27897,5311,5273,1764,7037,48
2022-07-14,Humboldt,023,135768,20127,20016,4184,24200,150
2022-07-14,Imperial,025,180216,61173,60550,12907,73457,944
2022-07-14,Inyo,027,18085,4355,4343,744,5087,56
2022-07-14,Kern,029,883053,207856,206466,54233,260699,2364
2022-07-14,Kings,031,150075,55705,55432,3745,59177,449
2022-07-14,Lake,033,64148,11888,11835,1046,12881,141
2022-07-14,Lassen,035,31185,9460,9425,944,10369,64
2022-07-14,Los Angeles,037,10098052,3071287,3042708,156216,3198924,32248
2022-07-14,Madera,039,155013,40811,40627,7097,47724,372
2022-07-14,Marin,041,260295,42157,41829,4774,46603,300
2022-07-14,Mariposa,043,17540,2890,2866,295,3161,30
2022-07-14,Mendocino,045,87422,14913,14799,3978,18777,131
2022-07-14,Merced,047,269075,68243,67416,10262,77678,833
2022-07-14,Modoc,049,8938,829,799,306,1105,9
2022-07-14,Mono,051,14174,3139,3131,207,3338,7
2022-07-14,Monterey,053,433212,88642,88118,18013,106131,747
2022-07-14,Napa,055,140530,30294,30176,1311,31487,145
2022-07-14,Nevada,057,99092,18012,17941,1581,19522,131
2022-07-14,Orange,059,3164182,624070,620414,54096,674510,7161
2022-07-14,Placer,061,380077,71639,71232,8816,80048,637
2022-07-14,Plumas,063,18699,3429,3406,416,3822,13
2022-07-14,Riverside,065,2383286,651767,647328,31799,679127,6508
2022-07-14,Sacramento,067,1510023,324481,322788,31477,354265,3119
2022-07-14,San Benito,069,59416,15026,14869,794,15663,100
2022-07-14,San Bernardino,071,2135413,628671,618482,27860,646342,7914
2022-07-14,San Diego,073,3302833,862973,857262,65208,922470,5370
2022-07-14,San Francisco,075,870044,166072,164853,11020,175873,928
2022-07-14,San Joaquin,077,732212,185613,184187,12650,196837,2262
2022-07-14,San Luis Obispo,079,281455,59783,59437,6077,65514,499
2022-07-14,San Mateo,081,765935,156674,154961,9738,164699,723
2022-07-14,Santa Barbara,083,443738,98172,97600,5841,103441,702
2022-07-14,Santa Clara,085,1922200,402484,395466,17276,412742,2371
2022-07-14,Santa Cruz,087,273765,58054,57531,2981,60512,267
2022-07-14,Shasta,089,179085,33083,32871,6788,39659,575
2022-07-14,Sierra,091,2930,293,291,58,349,4
2022-07-14,Siskiyou,093,43540,4869,4899,3077,7976,83
2022-07-14,Solano,095,438530,98212,96974,7126,104100,457
2022-07-14,Sonoma,097,501317,100323,99679,4657,104336,499
2022-07-14,Stanislaus,099,539301,129226,128436,19872,148308,1692
2022-07-14,Sutter,101,95872,22514,22452,2352,24804,228
2022-07-14,Tehama,103,63373,12945,12860,2823,15683,205
2022-07-14,Trinity,105,12862,1322,1304,328,1632,20
2022-07-14,Tulare,107,460477,114805,114399,31602,146001,1510
2022-07-14,Tuolumne,109,53932,14430,14280,830,15110,196
2022-07-14,Ventura,111,848112,195086,193965,13079,207044,1519
2022-07-14,Yolo,113,214977,44934,44703,3732,48435,324
2022-07-14,Yuba,115,75493,17619,17567,1504,19071,124
2022-07-13,Alameda,001,1643700,320520,316026,17863,333889,1911
2022-07-13,Alpine,002,1148,130,129,1,130,0
2022-07-13,Amador,005,37829,9475,9388,813,10201,87
2022-07-13,Butte,007,227075,36890,36405,8252,44657,439
2022-07-13,Calaveras,009,45235,8013,7945,437,8382,125
2022-07-13,Colusa,011,21464,3624,3606,1157,4763,22
2022-07-13,Contra Costa,013,1133247,233378,226833,18329,245162,1356
2022-07-13,Del Norte,015,27424,6972,6790,354,7144,54
2022-07-13,El Dorado,017,186661,30546,30273,3900,34173,218
2022-07-13,Fresno,019,978130,258851,252573,27869,280442,2786
2022-07-13,Glenn,021,27897,5307,5256,1763,7019,48
2022-07-13,Humboldt,023,135768,20093,19854,4169,24023,150
2022-07-13,Imperial,025,180216,61019,60011,12825,72836,944
2022-07-13,Inyo,027,18085,4354,4324,739,5063,56
2022-07-13,Kern,029,883053,207445,205428,53995,259423,2359
2022-07-13,Kings,031,150075,55594,55138,3736,58874,449
2022-07-13,Lake,033,64148,11870,11773,1045,12818,140
2022-07-13,Lassen,035,31185,9438,9381,943,10324,64
2022-07-13,Los Angeles,037,10098052,3064610,3024953,155510,3180463,32206
2022-07-13,Madera,039,155013,40744,40378,7069,47447,372
2022-07-13,Marin,041,260295,42090,41616,4766,46382,300
2022-07-13,Mariposa,043,17540,2885,2847,294,3141,30
2022-07-13,Mendocino,045,87422,14893,14713,3961,18674,128
2022-07-13,Merced,047,269075,68109,67028,10231,77259,832
2022-07-13,Modoc,049,8938,828,791,305,1096,9
2022-07-13,Mono,051,14174,3138,3131,203,3334,7
2022-07-13,Monterey,053,433212,88497,87575,17936,105511,745
2022-07-13,Napa,055,140530,30255,30032,1309,31341,145
2022-07-13,Nevada,057,99092,17994,17849,1573,19422,131
2022-07-13,Orange,059,3164182,622689,616278,53846,670124,7147
2022-07-13,Placer,061,380077,71531,70890,8802,79692,637
2022-07-13,Plumas,063,18699,3421,3354,415,3769,13
2022-07-13,Riverside,065,2383286,650557,643472,31702,675174,6504
2022-07-13,Sacramento,067,1510023,323952,321076,31433,352509,3114
2022-07-13,San Benito,069,59416,14999,14774,788,15562,100
2022-07-13,San Bernardino,071,2135413,627485,614957,27763,642720,7907
2022-07-13,San Diego,073,3302833,861068,851596,64975,916571,5363
2022-07-13,San Francisco,075,870044,165666,163635,10992,174627,919
2022-07-13,San Joaquin,077,732212,185284,183283,12606,195889,2260
2022-07-13,San Luis Obispo,079,281455,59677,59134,6029,65163,498
2022-07-13,San Mateo,081,765935,156331,153875,9721,163596,723
2022-07-13,Santa Barbara,083,443738,97992,97053,5828,102881,699
2022-07-13,Santa Clara,085,1922200,401593,392415,17236,409651,2365
2022-07-13,Santa Cruz,087,273765,57918,57124,2974,60098,267
2022-07-13,Shasta,089,179085,33026,32708,6773,39481,574
2022-07-13,Sierra,091,2930,293,289,58,347,4
2022-07-13,Siskiyou,093,43540,4864,4873,3075,7948,82
2022-07-13,Solano,095,438530,98006,96479,7100,103579,455
2022-07-13,Sonoma,097,501317,100165,99173,4640,103813,499
2022-07-13,Stanislaus,099,539301,129028,127845,19814,147659,1689
2022-07-13,Sutter,101,95872,22468,22331,2350,24681,228
2022-07-13,Tehama,103,63373,12932,12793,2820,15613,205
2022-07-13,Trinity,105,12862,1321,1293,326,1619,20
2022-07-13,Tulare,107,460477,114611,113830,31508,145338,1508
2022-07-13,Tuolumne,109,53932,14405,14159,825,14984,194
2022-07-13,Ventura,111,848112,194749,192923,12996,205919,1518
2022-07-13,Yolo,113,214977,44873,44447,3722,48169,326
2022-07-13,Yuba,115,75493,17592,17464,1496,18960,124
2022-07-12,Alameda,001,1643700,319745,316026,17818,333844,1911
2022-07-12,Alpine,002,1148,130,129,1,130,0
2022-07-12,Amador,005,37829,9442,9388,806,10194,87
2022-07-12,Butte,007,227075,36833,36405,8233,44638,439
2022-07-12,Calaveras,009,45235,7998,7945,435,8380,125
2022-07-12,Colusa,011,21464,3622,3606,1154,4760,22
2022-07-12,Contra Costa,013,1133247,232873,226833,18253,245086,1356
2022-07-12,Del Norte,015,27424,6925,6790,351,7141,54
2022-07-12,El Dorado,017,186661,30506,30273,3894,34167,218
2022-07-12,Fresno,019,978130,258304,252573,27778,280351,2786
2022-07-12,Glenn,021,27897,5303,5256,1759,7015,48
2022-07-12,Humboldt,023,135768,20043,19854,4152,24006,150
2022-07-12,Imperial,025,180216,60843,60011,12725,72736,944
2022-07-12,Inyo,027,18085,4346,4324,739,5063,56
2022-07-12,Kern,029,883053,207115,205428,53782,259210,2359
2022-07-12,Kings,031,150075,55484,55138,3726,58864,449
2022-07-12,Lake,033,64148,11858,11773,1040,12813,140
2022-07-12,Lassen,035,31185,9424,9381,937,10318,64
2022-07-12,Los Angeles,037,10098052,3057795,3024953,154811,3179764,32206
2022-07-12,Madera,039,155013,40658,40378,7054,47432,372
2022-07-12,Marin,041,260295,42015,41616,4757,46373,300
2022-07-12,Mariposa,043,17540,2874,2847,294,3141,30
2022-07-12,Mendocino,045,87422,14853,14713,3937,18650,128
2022-07-12,Merced,047,269075,67999,67028,10199,77227,832
2022-07-12,Modoc,049,8938,826,791,302,1093,9
2022-07-12,Mono,051,14174,3135,3131,203,3334,7
2022-07-12,Monterey,053,433212,88344,87575,17848,105423,745
2022-07-12,Napa,055,140530,30201,30032,1306,31338,145
2022-07-12,Nevada,057,99092,17972,17849,1566,19415,131
2022-07-12,Orange,059,3164182,621279,616278,53584,669862,7147
2022-07-12,Placer,061,380077,71421,70890,8787,79677,637
2022-07-12,Plumas,063,18699,3415,3354,414,3768,13
2022-07-12,Riverside,065,2383286,649275,643472,31607,675079,6504
2022-07-12,Sacramento,067,1510023,323353,321076,31390,352466,3114
2022-07-12,San Benito,069,59416,14953,14774,782,15556,100
2022-07-12,San Bernardino,071,2135413,626158,614957,27675,642632,7907
2022-07-12,San Diego,073,3302833,858708,851596,64741,916337,5363
2022-07-12,San Francisco,075,870044,165257,163635,10968,174603,919
2022-07-12,San Joaquin,077,732212,184971,183283,12548,195831,2260
2022-07-12,San Luis Obispo,079,281455,59598,59134,5999,65133,498
2022-07-12,San Mateo,081,765935,155931,153875,9702,163577,723
2022-07-12,Santa Barbara,083,443738,97777,97053,5811,102864,699
2022-07-12,Santa Clara,085,1922200,400632,392415,17194,409609,2365
2022-07-12,Santa Cruz,087,273765,57781,57124,2965,60089,267
2022-07-12,Shasta,089,179085,32963,32708,6754,39462,574
2022-07-12,Sierra,091,2930,292,289,58,347,4
2022-07-12,Siskiyou,093,43540,4855,4873,3073,7946,82
2022-07-12,Solano,095,438530,97790,96479,7075,103554,455
2022-07-12,Sonoma,097,501317,100002,99173,4612,103785,499
2022-07-12,Stanislaus,099,539301,128780,127845,19774,147619,1689
2022-07-12,Sutter,101,95872,22434,22331,2348,24679,228
2022-07-12,Tehama,103,63373,12912,12793,2813,15606,205
2022-07-12,Trinity,105,12862,1313,1293,326,1619,20
2022-07-12,Tulare,107,460477,114417,113830,31408,145238,1508
2022-07-12,Tuolumne,109,53932,14371,14159,821,14980,194
2022-07-12,Ventura,111,848112,194417,192923,12896,205819,1518
2022-07-12,Yolo,113,214977,44803,44447,3714,48161,326
2022-07-12,Yuba,115,75493,17564,17464,1483,18947,124
2022-07-11,Alameda,001,1643700,318828,316026,17757,333783,1911
2022-07-11,Alpine,002,1148,130,129,1,130,0
2022-07-11,Amador,005,37829,9434,9388,800,10188,87
2022-07-11,Butte,007,227075,36774,36405,8214,44619,439
2022-07-11,Calaveras,009,45235,7982,7945,433,8378,125
2022-07-11,Colusa,011,21464,3618,3606,1151,4757,22
2022-07-11,Contra Costa,013,1133247,232395,226833,18193,245026,1356
2022-07-11,Del Norte,015,27424,6894,6790,341,7131,54
2022-07-11,El Dorado,017,186661,30449,30273,3883,34156,218
2022-07-11,Fresno,019,978130,257631,252573,27695,280268,2786
2022-07-11,Glenn,021,27897,5300,5256,1757,7013,48
2022-07-11,Humboldt,023,135768,19984,19854,4133,23987,150
2022-07-11,Imperial,025,180216,60684,60011,12614,72625,944
2022-07-11,Inyo,027,18085,4343,4324,735,5059,56
2022-07-11,Kern,029,883053,206777,205428,53580,259008,2359
2022-07-11,Kings,031,150075,55335,55138,3717,58855,449
2022-07-11,Lake,033,64148,11832,11773,1038,12811,140
2022-07-11,Lassen,035,31185,9417,9381,937,10318,64
2022-07-11,Los Angeles,037,10098052,3050647,3024953,154017,3178970,32206
2022-07-11,Madera,039,155013,40571,40378,7009,47387,372
2022-07-11,Marin,041,260295,41926,41616,4748,46364,300
2022-07-11,Mariposa,043,17540,2866,2847,292,3139,30
2022-07-11,Mendocino,045,87422,14814,14713,3923,18636,128
2022-07-11,Merced,047,269075,67874,67028,10164,77192,832
2022-07-11,Modoc,049,8938,820,791,300,1091,9
2022-07-11,Mono,051,14174,3135,3131,202,3333,7
2022-07-11,Monterey,053,433212,88175,87575,17782,105357,745
2022-07-11,Napa,055,140530,30140,30032,1306,31338,145
2022-07-11,Nevada,057,99092,17955,17849,1564,19413,131
2022-07-11,Orange,059,3164182,619702,616278,53321,669599,7147
2022-07-11,Placer,061,380077,71312,70890,8771,79661,637
2022-07-11,Plumas,063,18699,3404,3354,412,3766,13
2022-07-11,Riverside,065,2383286,647839,643472,31522,674994,6504
2022-07-11,Sacramento,067,1510023,322806,321076,31342,352418,3114
2022-07-11,San Benito,069,59416,14916,14774,779,15553,100
2022-07-11,San Bernardino,071,2135413,624778,614957,27584,642541,7907
2022-07-11,San Diego,073,3302833,856331,851596,64496,916092,5363
2022-07-11,San Francisco,075,870044,164829,163635,10940,174575,919
2022-07-11,San Joaquin,077,732212,184589,183283,12501,195784,2260
2022-07-11,San Luis Obispo,079,281455,59489,59134,5967,65101,498
2022-07-11,San Mateo,081,765935,155527,153875,9669,163544,723
2022-07-11,Santa Barbara,083,443738,97568,97053,5798,102851,699
2022-07-11,Santa Clara,085,1922200,399564,392415,17136,409551,2365
2022-07-11,Santa Cruz,087,273765,57631,57124,2951,60075,267
2022-07-11,Shasta,089,179085,32907,32708,6724,39432,574
2022-07-11,Sierra,091,2930,292,289,58,347,4
2022-07-11,Siskiyou,093,43540,4849,4873,3066,7939,82
2022-07-11,Solano,095,438530,97576,96479,7057,103536,455
2022-07-11,Sonoma,097,501317,99808,99173,4592,103765,499
2022-07-11,Stanislaus,099,539301,128555,127845,19735,147580,1689
2022-07-11,Sutter,101,95872,22392,22331,2341,24672,228
2022-07-11,Tehama,103,63373,12898,12793,2806,15599,205
2022-07-11,Trinity,105,12862,1311,1293,325,1618,20
2022-07-11,Tulare,107,460477,114229,113830,31303,145133,1508
2022-07-11,Tuolumne,109,53932,14331,14159,819,14978,194
2022-07-11,Ventura,111,848112,194021,192923,12808,205731,1518
2022-07-11,Yolo,113,214977,44737,44447,3699,48146,326
2022-07-11,Yuba,115,75493,17528,17464,1480,18944,124
2022-07-10,Alameda,001,1643700,317827,312651,17677,330328,1912
2022-07-10,Alpine,002,1148,130,129,1,130,0
2022-07-10,Amador,005,37829,9424,9335,797,10132,87
2022-07-10,Butte,007,227075,36674,36165,8192,44357,438
2022-07-10,Calaveras,009,45235,7973,7895,432,8327,125
2022-07-10,Colusa,011,21464,3614,3586,1143,4729,22
2022-07-10,Contra Costa,013,1133247,231785,224718,18099,242817,1351
2022-07-10,Del Norte,015,27424,6854,6666,335,7001,54
2022-07-10,El Dorado,017,186661,30364,30070,3875,33945,218
2022-07-10,Fresno,019,978130,256956,250379,27602,277981,2786
2022-07-10,Glenn,021,27897,5295,5231,1753,6984,48
2022-07-10,Humboldt,023,135768,19925,19677,4119,23796,149
2022-07-10,Imperial,025,180216,60460,59558,12475,72033,944
2022-07-10,Inyo,027,18085,4338,4297,729,5026,56
2022-07-10,Kern,029,883053,206261,204128,53336,257464,2359
2022-07-10,Kings,031,150075,55160,54725,3711,58436,449
2022-07-10,Lake,033,64148,11807,11685,1035,12720,140
2022-07-10,Lassen,035,31185,9402,9362,935,10297,64
2022-07-10,Los Angeles,037,10098052,3043338,3002013,153195,3155208,32151
2022-07-10,Madera,039,155013,40463,40081,6975,47056,372
2022-07-10,Marin,041,260295,41829,41271,4739,46010,302
2022-07-10,Mariposa,043,17540,2859,2805,288,3093,30
2022-07-10,Mendocino,045,87422,14784,14610,3906,18516,128
2022-07-10,Merced,047,269075,67717,66616,10107,76723,832
2022-07-10,Modoc,049,8938,819,789,292,1081,9
2022-07-10,Mono,051,14174,3134,3119,200,3319,7
2022-07-10,Monterey,053,433212,87982,87002,17705,104707,745
2022-07-10,Napa,055,140530,30077,29807,1304,31111,145
2022-07-10,Nevada,057,99092,17894,17693,1555,19248,131
2022-07-10,Orange,059,3164182,618002,610975,52997,663972,7132
2022-07-10,Placer,061,380077,71195,70401,8752,79153,632
2022-07-10,Plumas,063,18699,3391,3339,408,3747,13
2022-07-10,Riverside,065,2383286,646246,638193,31391,669584,6506
2022-07-10,Sacramento,067,1510023,322103,318556,31263,349819,3108
2022-07-10,San Benito,069,59416,14880,14628,768,15396,100
2022-07-10,San Bernardino,071,2135413,623315,610086,27503,637589,7893
2022-07-10,San Diego,073,3302833,853837,844085,64225,908310,5357
2022-07-10,San Francisco,075,870044,164279,161931,10867,172798,914
2022-07-10,San Joaquin,077,732212,184212,181958,12440,194398,2257
2022-07-10,San Luis Obispo,079,281455,59368,58636,5928,64564,498
2022-07-10,San Mateo,081,765935,155057,152319,9642,161961,723
2022-07-10,Santa Barbara,083,443738,97335,96266,5772,102038,697
2022-07-10,Santa Clara,085,1922200,398429,388270,17074,405344,2360
2022-07-10,Santa Cruz,087,273765,57440,56455,2934,59389,266
2022-07-10,Shasta,089,179085,32840,32536,6700,39236,576
2022-07-10,Sierra,091,2930,290,291,58,349,4
2022-07-10,Siskiyou,093,43540,4846,4855,3053,7908,82
2022-07-10,Solano,095,438530,97323,95651,7024,102675,455
2022-07-10,Sonoma,097,501317,99605,98430,4560,102990,496
2022-07-10,Stanislaus,099,539301,128315,126897,19687,146584,1686
2022-07-10,Sutter,101,95872,22343,22165,2340,24505,228
2022-07-10,Tehama,103,63373,12871,12716,2793,15509,205
2022-07-10,Trinity,105,12862,1305,1272,323,1595,20
2022-07-10,Tulare,107,460477,113975,113002,31207,144209,1508
2022-07-10,Tuolumne,109,53932,14295,14019,811,14830,194
2022-07-10,Ventura,111,848112,193546,191462,12704,204166,1518
2022-07-10,Yolo,113,214977,44659,44152,3684,47836,323
2022-07-10,Yuba,115,75493,17489,17345,1478,18823,125
2022-07-09,Alameda,001,1643700,317338,312651,17653,330304,1912
2022-07-09,Alpine,002,1148,130,129,1,130,0
2022-07-09,Amador,005,37829,9416,9335,795,10130,87
2022-07-09,Butte,007,227075,36629,36165,8178,44343,438
2022-07-09,Calaveras,009,45235,7958,7895,431,8326,125
2022-07-09,Colusa,011,21464,3613,3586,1142,4728,22
2022-07-09,Contra Costa,013,1133247,231477,224718,18040,242758,1351
2022-07-09,Del Norte,015,27424,6846,6666,335,7001,54
2022-07-09,El Dorado,017,186661,30321,30070,3870,33940,218
2022-07-09,Fresno,019,978130,256693,250379,27561,277940,2786
2022-07-09,Glenn,021,27897,5288,5231,1753,6984,48
2022-07-09,Humboldt,023,135768,19907,19677,4109,23786,149
2022-07-09,Imperial,025,180216,60381,59558,12422,71980,944
2022-07-09,Inyo,027,18085,4333,4297,728,5025,56
2022-07-09,Kern,029,883053,206079,204128,53193,257321,2359
2022-07-09,Kings,031,150075,55121,54725,3709,58434,449
2022-07-09,Lake,033,64148,11799,11685,1034,12719,140
2022-07-09,Lassen,035,31185,9401,9362,935,10297,64
2022-07-09,Los Angeles,037,10098052,3039833,3002013,152702,3154715,32151
2022-07-09,Madera,039,155013,40423,40081,6967,47048,372
2022-07-09,Marin,041,260295,41773,41271,4728,45999,302
2022-07-09,Mariposa,043,17540,2854,2805,288,3093,30
2022-07-09,Mendocino,045,87422,14769,14610,3896,18506,128
2022-07-09,Merced,047,269075,67665,66616,10102,76718,832
2022-07-09,Modoc,049,8938,819,789,288,1077,9
2022-07-09,Mono,051,14174,3133,3119,200,3319,7
2022-07-09,Monterey,053,433212,87884,87002,17656,104658,745
2022-07-09,Napa,055,140530,30045,29807,1301,31108,145
2022-07-09,Nevada,057,99092,17882,17693,1551,19244,131
2022-07-09,Orange,059,3164182,617140,610975,52821,663796,7132
2022-07-09,Placer,061,380077,71106,70401,8744,79145,632
2022-07-09,Plumas,063,18699,3384,3339,406,3745,13
2022-07-09,Riverside,065,2383286,645347,638193,31336,669529,6506
2022-07-09,Sacramento,067,1510023,321803,318556,31242,349798,3108
2022-07-09,San Benito,069,59416,14860,14628,767,15395,100
2022-07-09,San Bernardino,071,2135413,622596,610086,27452,637538,7893
2022-07-09,San Diego,073,3302833,852929,844085,64137,908222,5357
2022-07-09,San Francisco,075,870044,164049,161931,10846,172777,914
2022-07-09,San Joaquin,077,732212,184044,181958,12411,194369,2257
2022-07-09,San Luis Obispo,079,281455,59311,58636,5909,64545,498
2022-07-09,San Mateo,081,765935,154812,152319,9627,161946,723
2022-07-09,Santa Barbara,083,443738,97202,96266,5762,102028,697
2022-07-09,Santa Clara,085,1922200,397693,388270,17046,405316,2360
2022-07-09,Santa Cruz,087,273765,57363,56455,2925,59380,266
2022-07-09,Shasta,089,179085,32818,32536,6690,39226,576
2022-07-09,Sierra,091,2930,290,291,58,349,4
2022-07-09,Siskiyou,093,43540,4843,4855,3051,7906,82
2022-07-09,Solano,095,438530,97237,95651,7009,102660,455
2022-07-09,Sonoma,097,501317,99520,98430,4554,102984,496
2022-07-09,Stanislaus,099,539301,128152,126897,19656,146553,1686
2022-07-09,Sutter,101,95872,22315,22165,2340,24505,228
2022-07-09,Tehama,103,63373,12855,12716,2784,15500,205
2022-07-09,Trinity,105,12862,1305,1272,322,1594,20
2022-07-09,Tulare,107,460477,113865,113002,31149,144151,1508
2022-07-09,Tuolumne,109,53932,14257,14019,809,14828,194
2022-07-09,Ventura,111,848112,193284,191462,12657,204119,1518
2022-07-09,Yolo,113,214977,44609,44152,3670,47822,323
2022-07-09,Yuba,115,75493,17466,17345,1478,18823,125
2022-07-08,Alameda,001,1643700,316813,312651,17609,330260,1912
2022-07-08,Alpine,002,1148,130,129,1,130,0
2022-07-08,Amador,005,37829,9406,9335,793,10128,87
2022-07-08,Butte,007,227075,36598,36165,8164,44329,438
2022-07-08,Calaveras,009,45235,7943,7895,431,8326,125
2022-07-08,Colusa,011,21464,3609,3586,1142,4728,22
2022-07-08,Contra Costa,013,1133247,231125,224718,17991,242709,1351
2022-07-08,Del Norte,015,27424,6835,6666,333,6999,54
2022-07-08,El Dorado,017,186661,30296,30070,3862,33932,218
2022-07-08,Fresno,019,978130,256324,250379,27508,277887,2786
2022-07-08,Glenn,021,27897,5283,5231,1750,6981,48
2022-07-08,Humboldt,023,135768,19894,19677,4098,23775,149
2022-07-08,Imperial,025,180216,60293,59558,12382,71940,944
2022-07-08,Inyo,027,18085,4332,4297,724,5021,56
2022-07-08,Kern,029,883053,205833,204128,53055,257183,2359
2022-07-08,Kings,031,150075,55079,54725,3708,58433,449
2022-07-08,Lake,033,64148,11782,11685,1031,12716,140
2022-07-08,Lassen,035,31185,9395,9362,934,10296,64
2022-07-08,Los Angeles,037,10098052,3035555,3002013,152119,3154132,32151
2022-07-08,Madera,039,155013,40369,40081,6953,47034,372
2022-07-08,Marin,041,260295,41687,41271,4712,45983,302
2022-07-08,Mariposa,043,17540,2851,2805,287,3092,30
2022-07-08,Mendocino,045,87422,14751,14610,3892,18502,128
2022-07-08,Merced,047,269075,67597,66616,10092,76708,832
2022-07-08,Modoc,049,8938,819,789,288,1077,9
2022-07-08,Mono,051,14174,3131,3119,199,3318,7
2022-07-08,Monterey,053,433212,87756,87002,17626,104628,745
2022-07-08,Napa,055,140530,30021,29807,1300,31107,145
2022-07-08,Nevada,057,99092,17874,17693,1549,19242,131
2022-07-08,Orange,059,3164182,616240,610975,52630,663605,7132
2022-07-08,Placer,061,380077,71031,70401,8730,79131,632
2022-07-08,Plumas,063,18699,3379,3339,406,3745,13
2022-07-08,Riverside,065,2383286,644435,638193,31278,669471,6506
2022-07-08,Sacramento,067,1510023,321363,318556,31214,349770,3108
2022-07-08,San Benito,069,59416,14843,14628,764,15392,100
2022-07-08,San Bernardino,071,2135413,621838,610086,27409,637495,7893
2022-07-08,San Diego,073,3302833,851675,844085,63970,908055,5357
2022-07-08,San Francisco,075,870044,163784,161931,10819,172750,914
2022-07-08,San Joaquin,077,732212,183870,181958,12394,194352,2257
2022-07-08,San Luis Obispo,079,281455,59275,58636,5894,64530,498
2022-07-08,San Mateo,081,765935,154515,152319,9613,161932,723
2022-07-08,Santa Barbara,083,443738,97075,96266,5758,102024,697
2022-07-08,Santa Clara,085,1922200,396921,388270,17024,405294,2360
2022-07-08,Santa Cruz,087,273765,57275,56455,2917,59372,266
2022-07-08,Shasta,089,179085,32788,32536,6682,39218,576
2022-07-08,Sierra,091,2930,290,291,58,349,4
2022-07-08,Siskiyou,093,43540,4841,4855,3048,7903,82
2022-07-08,Solano,095,438530,97119,95651,6995,102646,455
2022-07-08,Sonoma,097,501317,99370,98430,4537,102967,496
2022-07-08,Stanislaus,099,539301,128014,126897,19643,146540,1686
2022-07-08,Sutter,101,95872,22290,22165,2339,24504,228
2022-07-08,Tehama,103,63373,12843,12716,2782,15498,205
2022-07-08,Trinity,105,12862,1303,1272,321,1593,20
2022-07-08,Tulare,107,460477,113745,113002,31081,144083,1508
2022-07-08,Tuolumne,109,53932,14226,14019,803,14822,194
2022-07-08,Ventura,111,848112,193045,191462,12618,204080,1518
2022-07-08,Yolo,113,214977,44556,44152,3658,47810,323
2022-07-08,Yuba,115,75493,17450,17345,1477,18822,125
2022-07-07,Alameda,001,1643700,316008,312651,17558,330209,1912
2022-07-07,Alpine,002,1148,129,129,1,130,0
2022-07-07,Amador,005,37829,9390,9335,786,10121,87
2022-07-07,Butte,007,227075,36534,36165,8144,44309,438
2022-07-07,Calaveras,009,45235,7934,7895,426,8321,125
2022-07-07,Colusa,011,21464,3604,3586,1141,4727,22
2022-07-07,Contra Costa,013,1133247,230577,224718,17915,242633,1351
2022-07-07,Del Norte,015,27424,6809,6666,329,6995,54
2022-07-07,El Dorado,017,186661,30244,30070,3851,33921,218
2022-07-07,Fresno,019,978130,255774,250379,27404,277783,2786
2022-07-07,Glenn,021,27897,5277,5231,1748,6979,48
2022-07-07,Humboldt,023,135768,19849,19677,4082,23759,149
2022-07-07,Imperial,025,180216,60118,59558,12272,71830,944
2022-07-07,Inyo,027,18085,4328,4297,716,5013,56
2022-07-07,Kern,029,883053,205532,204128,52847,256975,2359
2022-07-07,Kings,031,150075,55002,54725,3704,58429,449
2022-07-07,Lake,033,64148,11761,11685,1031,12716,140
2022-07-07,Lassen,035,31185,9394,9362,934,10296,64
2022-07-07,Los Angeles,037,10098052,3029216,3002013,151432,3153445,32151
2022-07-07,Madera,039,155013,40289,40081,6937,47018,372
2022-07-07,Marin,041,260295,41609,41271,4701,45972,302
2022-07-07,Mariposa,043,17540,2844,2805,284,3089,30
2022-07-07,Mendocino,045,87422,14734,14610,3887,18497,128
2022-07-07,Merced,047,269075,67483,66616,10059,76675,832
2022-07-07,Modoc,049,8938,814,789,285,1074,9
2022-07-07,Mono,051,14174,3130,3119,197,3316,7
2022-07-07,Monterey,053,433212,87596,87002,17563,104565,745
2022-07-07,Napa,055,140530,29951,29807,1292,31099,145
2022-07-07,Nevada,057,99092,17844,17693,1544,19237,131
2022-07-07,Orange,059,3164182,614845,610975,52417,663392,7132
2022-07-07,Placer,061,380077,70921,70401,8705,79106,632
2022-07-07,Plumas,063,18699,3372,3339,405,3744,13
2022-07-07,Riverside,065,2383286,643112,638193,31215,669408,6506
2022-07-07,Sacramento,067,1510023,320726,318556,31163,349719,3108
2022-07-07,San Benito,069,59416,14813,14628,764,15392,100
2022-07-07,San Bernardino,071,2135413,620535,610086,27345,637431,7893
2022-07-07,San Diego,073,3302833,849762,844085,63737,907822,5357
2022-07-07,San Francisco,075,870044,163402,161931,10766,172697,914
2022-07-07,San Joaquin,077,732212,183533,181958,12343,194301,2257
2022-07-07,San Luis Obispo,079,281455,59196,58636,5862,64498,498
2022-07-07,San Mateo,081,765935,154166,152319,9604,161923,723
2022-07-07,Santa Barbara,083,443738,96881,96266,5743,102009,697
2022-07-07,Santa Clara,085,1922200,395931,388270,16973,405243,2360
2022-07-07,Santa Cruz,087,273765,57118,56455,2903,59358,266
2022-07-07,Shasta,089,179085,32753,32536,6665,39201,576
2022-07-07,Sierra,091,2930,289,291,57,348,4
2022-07-07,Siskiyou,093,43540,4835,4855,3043,7898,82
2022-07-07,Solano,095,438530,96842,95651,6982,102633,455
2022-07-07,Sonoma,097,501317,99233,98430,4518,102948,496
2022-07-07,Stanislaus,099,539301,127814,126897,19606,146503,1686
2022-07-07,Sutter,101,95872,22244,22165,2337,24502,228
2022-07-07,Tehama,103,63373,12826,12716,2773,15489,205
2022-07-07,Trinity,105,12862,1298,1272,320,1592,20
2022-07-07,Tulare,107,460477,113537,113002,30988,143990,1508
2022-07-07,Tuolumne,109,53932,14189,14019,798,14817,194
2022-07-07,Ventura,111,848112,192725,191462,12537,203999,1518
2022-07-07,Yolo,113,214977,44499,44152,3645,47797,323
2022-07-07,Yuba,115,75493,17416,17345,1475,18820,125
2022-07-06,Alameda,001,1643700,315169,310551,17514,328065,1899
2022-07-06,Alpine,002,1148,129,129,1,130,0
2022-07-06,Amador,005,37829,9371,9301,786,10087,87
2022-07-06,Butte,007,227075,36470,36053,8128,44181,436
2022-07-06,Calaveras,009,45235,7925,7873,424,8297,124
2022-07-06,Colusa,011,21464,3601,3579,1140,4719,22
2022-07-06,Contra Costa,013,1133247,230061,223500,17860,241360,1348
2022-07-06,Del Norte,015,27424,6779,6623,327,6950,54
2022-07-06,El Dorado,017,186661,30199,29953,3839,33792,218
2022-07-06,Fresno,019,978130,255215,249480,27321,276801,2786
2022-07-06,Glenn,021,27897,5272,5222,1748,6970,48
2022-07-06,Humboldt,023,135768,19802,19608,4071,23679,149
2022-07-06,Imperial,025,180216,59918,59184,12185,71369,944
2022-07-06,Inyo,027,18085,4322,4282,710,4992,56
2022-07-06,Kern,029,883053,205209,203587,52627,256214,2353
2022-07-06,Kings,031,150075,54885,54560,3699,58259,449
2022-07-06,Lake,033,64148,11742,11659,1031,12690,140
2022-07-06,Lassen,035,31185,9377,9350,934,10284,64
2022-07-06,Los Angeles,037,10098052,3022763,2991161,150712,3141873,32116
2022-07-06,Madera,039,155013,40218,39952,6915,46867,372
2022-07-06,Marin,041,260295,41541,41036,4691,45727,302
2022-07-06,Mariposa,043,17540,2834,2797,284,3081,30
2022-07-06,Mendocino,045,87422,14706,14540,3875,18415,127
2022-07-06,Merced,047,269075,67362,66420,10036,76456,832
2022-07-06,Modoc,049,8938,808,788,283,1071,8
2022-07-06,Mono,051,14174,3129,3109,197,3306,7
2022-07-06,Monterey,053,433212,87437,86639,17497,104136,744
2022-07-06,Napa,055,140530,29891,29690,1290,30980,144
2022-07-06,Nevada,057,99092,17815,17660,1538,19198,131
2022-07-06,Orange,059,3164182,613322,608084,52194,660278,7125
2022-07-06,Placer,061,380077,70807,70113,8684,78797,632
2022-07-06,Plumas,063,18699,3361,3316,404,3720,13
2022-07-06,Riverside,065,2383286,641750,636209,31143,667352,6505
2022-07-06,Sacramento,067,1510023,320037,317315,31116,348431,3104
2022-07-06,San Benito,069,59416,14771,14556,753,15309,100
2022-07-06,San Bernardino,071,2135413,619282,608119,27269,635388,7870
2022-07-06,San Diego,073,3302833,847637,839970,63480,903450,5349
2022-07-06,San Francisco,075,870044,162978,160612,10733,171345,910
2022-07-06,San Joaquin,077,732212,183217,181448,12313,193761,2256
2022-07-06,San Luis Obispo,079,281455,59084,58488,5823,64311,496
2022-07-06,San Mateo,081,765935,153759,151344,9574,160918,723
2022-07-06,Santa Barbara,083,443738,96690,95918,5722,101640,702
2022-07-06,Santa Clara,085,1922200,394830,385553,16907,402460,2358
2022-07-06,Santa Cruz,087,273765,56976,56307,2884,59191,267
2022-07-06,Shasta,089,179085,32699,32444,6642,39086,570
2022-07-06,Sierra,091,2930,289,290,57,347,4
2022-07-06,Siskiyou,093,43540,4830,4841,3037,7878,82
2022-07-06,Solano,095,438530,96589,95181,6957,102138,455
2022-07-06,Sonoma,097,501317,99051,98031,4500,102531,495
2022-07-06,Stanislaus,099,539301,127591,126492,19575,146067,1682
2022-07-06,Sutter,101,95872,22193,22089,2336,24425,228
2022-07-06,Tehama,103,63373,12815,12680,2767,15447,205
2022-07-06,Trinity,105,12862,1290,1263,316,1579,20
2022-07-06,Tulare,107,460477,113324,112684,30895,143579,1500
2022-07-06,Tuolumne,109,53932,14156,13960,786,14746,189
2022-07-06,Ventura,111,848112,192342,190794,12462,203256,1517
2022-07-06,Yolo,113,214977,44415,43171,3625,46796,324
2022-07-06,Yuba,115,75493,17378,17277,1469,18746,124
2022-07-05,Alameda,001,1643700,314182,310551,17456,328007,1899
2022-07-05,Alpine,002,1148,129,129,1,130,0
2022-07-05,Amador,005,37829,9356,9301,782,10083,87
2022-07-05,Butte,007,227075,36387,36053,8107,44160,436
2022-07-05,Calaveras,009,45235,7914,7873,423,8296,124
2022-07-05,Colusa,011,21464,3596,3579,1138,4717,22
2022-07-05,Contra Costa,013,1133247,229429,223500,17784,241284,1348
2022-07-05,Del Norte,015,27424,6753,6623,322,6945,54
2022-07-05,El Dorado,017,186661,30149,29953,3830,33783,218
2022-07-05,Fresno,019,978130,254615,249480,27234,276714,2786
2022-07-05,Glenn,021,27897,5263,5222,1747,6969,48
2022-07-05,Humboldt,023,135768,19764,19608,4060,23668,149
2022-07-05,Imperial,025,180216,59777,59184,12086,71270,944
2022-07-05,Inyo,027,18085,4308,4282,700,4982,56
2022-07-05,Kern,029,883053,204772,203587,52386,255973,2353
2022-07-05,Kings,031,150075,54755,54560,3685,58245,449
2022-07-05,Lake,033,64148,11719,11659,1028,12687,140
2022-07-05,Lassen,035,31185,9366,9350,934,10284,64
2022-07-05,Los Angeles,037,10098052,3015833,2991161,149953,3141114,32116
2022-07-05,Madera,039,155013,40133,39952,6890,46842,372
2022-07-05,Marin,041,260295,41440,41036,4681,45717,302
2022-07-05,Mariposa,043,17540,2824,2797,281,3078,30
2022-07-05,Mendocino,045,87422,14660,14540,3859,18399,127
2022-07-05,Merced,047,269075,67242,66420,10005,76425,832
2022-07-05,Modoc,049,8938,800,788,283,1071,8
2022-07-05,Mono,051,14174,3126,3109,194,3303,7
2022-07-05,Monterey,053,433212,87273,86639,17445,104084,744
2022-07-05,Napa,055,140530,29838,29690,1285,30975,144
2022-07-05,Nevada,057,99092,17776,17660,1528,19188,131
2022-07-05,Orange,059,3164182,611770,608084,51946,660030,7125
2022-07-05,Placer,061,380077,70702,70113,8663,78776,632
2022-07-05,Plumas,063,18699,3351,3316,403,3719,13
2022-07-05,Riverside,065,2383286,640282,636209,31056,667265,6505
2022-07-05,Sacramento,067,1510023,319387,317315,31045,348360,3104
2022-07-05,San Benito,069,59416,14737,14556,746,15302,100
2022-07-05,San Bernardino,071,2135413,617953,608119,27191,635310,7870
2022-07-05,San Diego,073,3302833,845291,839970,63245,903215,5349
2022-07-05,San Francisco,075,870044,162455,160612,10707,171319,910
2022-07-05,San Joaquin,077,732212,182853,181448,12240,193688,2256
2022-07-05,San Luis Obispo,079,281455,58925,58488,5781,64269,496
2022-07-05,San Mateo,081,765935,153274,151344,9552,160896,723
2022-07-05,Santa Barbara,083,443738,96466,95918,5693,101611,702
2022-07-05,Santa Clara,085,1922200,393665,385553,16844,402397,2358
2022-07-05,Santa Cruz,087,273765,56800,56307,2868,59175,267
2022-07-05,Shasta,089,179085,32657,32444,6618,39062,570
2022-07-05,Sierra,091,2930,289,290,57,347,4
2022-07-05,Siskiyou,093,43540,4826,4841,3025,7866,82
2022-07-05,Solano,095,438530,96299,95181,6933,102114,455
2022-07-05,Sonoma,097,501317,98806,98031,4482,102513,495
2022-07-05,Stanislaus,099,539301,127350,126492,19533,146025,1682
2022-07-05,Sutter,101,95872,22151,22089,2334,24423,228
2022-07-05,Tehama,103,63373,12790,12680,2763,15443,205
2022-07-05,Trinity,105,12862,1281,1263,314,1577,20
2022-07-05,Tulare,107,460477,113086,112684,30814,143498,1500
2022-07-05,Tuolumne,109,53932,14122,13960,779,14739,189
2022-07-05,Ventura,111,848112,191942,190794,12399,203193,1517
2022-07-05,Yolo,113,214977,44329,43171,3615,46786,324
2022-07-05,Yuba,115,75493,17349,17277,1468,18745,124
2022-07-04,Alameda,001,1643700,313028,310551,17373,327924,1899
2022-07-04,Alpine,002,1148,129,129,1,130,0
2022-07-04,Amador,005,37829,9343,9301,781,10082,87
2022-07-04,Butte,007,227075,36277,36053,8089,44142,436
2022-07-04,Calaveras,009,45235,7904,7873,423,8296,124
2022-07-04,Colusa,011,21464,3592,3579,1136,4715,22
2022-07-04,Contra Costa,013,1133247,228715,223500,17683,241183,1348
2022-07-04,Del Norte,015,27424,6720,6623,318,6941,54
2022-07-04,El Dorado,017,186661,30065,29953,3812,33765,218
2022-07-04,Fresno,019,978130,253974,249480,27104,276584,2786
2022-07-04,Glenn,021,27897,5255,5222,1741,6963,48
2022-07-04,Humboldt,023,135768,19693,19608,4046,23654,149
2022-07-04,Imperial,025,180216,59570,59184,11966,71150,944
2022-07-04,Inyo,027,18085,4305,4282,690,4972,56
2022-07-04,Kern,029,883053,204322,203587,52108,255695,2353
2022-07-04,Kings,031,150075,54605,54560,3681,58241,449
2022-07-04,Lake,033,64148,11706,11659,1026,12685,140
2022-07-04,Lassen,035,31185,9358,9350,933,10283,64
2022-07-04,Los Angeles,037,10098052,3007348,2991161,149036,3140197,32116
2022-07-04,Madera,039,155013,40039,39952,6864,46816,372
2022-07-04,Marin,041,260295,41323,41036,4670,45706,302
2022-07-04,Mariposa,043,17540,2814,2797,276,3073,30
2022-07-04,Mendocino,045,87422,14624,14540,3813,18353,127
2022-07-04,Merced,047,269075,67112,66420,9957,76377,832
2022-07-04,Modoc,049,8938,792,788,279,1067,8
2022-07-04,Mono,051,14174,3124,3109,192,3301,7
2022-07-04,Monterey,053,433212,87079,86639,17375,104014,744
2022-07-04,Napa,055,140530,29773,29690,1281,30971,144
2022-07-04,Nevada,057,99092,17734,17660,1520,19180,131
2022-07-04,Orange,059,3164182,609967,608084,51642,659726,7125
2022-07-04,Placer,061,380077,70527,70113,8633,78746,632
2022-07-04,Plumas,063,18699,3333,3316,402,3718,13
2022-07-04,Riverside,065,2383286,638639,636209,30961,667170,6505
2022-07-04,Sacramento,067,1510023,318605,317315,30947,348262,3104
2022-07-04,San Benito,069,59416,14681,14556,741,15297,100
2022-07-04,San Bernardino,071,2135413,616348,608119,27116,635235,7870
2022-07-04,San Diego,073,3302833,842663,839970,62908,902878,5349
2022-07-04,San Francisco,075,870044,161832,160612,10647,171259,910
2022-07-04,San Joaquin,077,732212,182448,181448,12174,193622,2256
2022-07-04,San Luis Obispo,079,281455,58736,58488,5710,64198,496
2022-07-04,San Mateo,081,765935,152751,151344,9513,160857,723
2022-07-04,Santa Barbara,083,443738,96242,95918,5670,101588,702
2022-07-04,Santa Clara,085,1922200,392171,385553,16776,402329,2358
2022-07-04,Santa Cruz,087,273765,56602,56307,2846,59153,267
2022-07-04,Shasta,089,179085,32580,32444,6589,39033,570
2022-07-04,Sierra,091,2930,289,290,57,347,4
2022-07-04,Siskiyou,093,43540,4820,4841,3019,7860,82
2022-07-04,Solano,095,438530,95946,95181,6897,102078,455
2022-07-04,Sonoma,097,501317,98511,98031,4455,102486,495
2022-07-04,Stanislaus,099,539301,127060,126492,19481,145973,1682
2022-07-04,Sutter,101,95872,22105,22089,2332,24421,228
2022-07-04,Tehama,103,63373,12764,12680,2749,15429,205
2022-07-04,Trinity,105,12862,1276,1263,312,1575,20
2022-07-04,Tulare,107,460477,112849,112684,30702,143386,1500
2022-07-04,Tuolumne,109,53932,14080,13960,775,14735,189
2022-07-04,Ventura,111,848112,191472,190794,12293,203087,1517
2022-07-04,Yolo,113,214977,44235,43171,3597,46768,324
2022-07-04,Yuba,115,75493,17310,17277,1468,18745,124
2022-07-03,Alameda,001,1643700,312470,307672,17343,325015,1898
2022-07-03,Alpine,002,1148,129,129,1,130,0
2022-07-03,Amador,005,37829,9335,9243,778,10021,87
2022-07-03,Butte,007,227075,36263,35846,8082,43928,436
2022-07-03,Calaveras,009,45235,7888,7836,423,8259,124
2022-07-03,Colusa,011,21464,3590,3566,1134,4700,22
2022-07-03,Contra Costa,013,1133247,228362,221545,17651,239196,1343
2022-07-03,Del Norte,015,27424,6711,6543,317,6860,53
2022-07-03,El Dorado,017,186661,30033,29764,3806,33570,217
2022-07-03,Fresno,019,978130,253723,247952,27068,275020,2783
2022-07-03,Glenn,021,27897,5254,5211,1738,6949,48
2022-07-03,Humboldt,023,135768,19671,19516,4037,23553,149
2022-07-03,Imperial,025,180216,59495,58768,11927,70695,944
2022-07-03,Inyo,027,18085,4301,4261,688,4949,56
2022-07-03,Kern,029,883053,204180,202502,51953,254455,2352
2022-07-03,Kings,031,150075,54580,54262,3679,57941,449
2022-07-03,Lake,033,64148,11695,11595,1026,12621,140
2022-07-03,Lassen,035,31185,9355,9336,932,10268,64
2022-07-03,Los Angeles,037,10098052,3004526,2969395,148656,3118051,32089
2022-07-03,Madera,039,155013,40012,39738,6859,46597,372
2022-07-03,Marin,041,260295,41253,40653,4661,45314,297
2022-07-03,Mariposa,043,17540,2810,2780,275,3055,30
2022-07-03,Mendocino,045,87422,14612,14464,3812,18276,127
2022-07-03,Merced,047,269075,67065,66093,9952,76045,832
2022-07-03,Modoc,049,8938,792,787,279,1066,8
2022-07-03,Mono,051,14174,3123,3099,191,3290,7
2022-07-03,Monterey,053,433212,86967,86212,17321,103533,744
2022-07-03,Napa,055,140530,29753,29486,1278,30764,145
2022-07-03,Nevada,057,99092,17715,17546,1513,19059,131
2022-07-03,Orange,059,3164182,609423,603511,51497,655008,7114
2022-07-03,Placer,061,380077,70441,69606,8619,78225,631
2022-07-03,Plumas,063,18699,3326,3294,402,3696,13
2022-07-03,Riverside,065,2383286,638068,632038,30918,662956,6502
2022-07-03,Sacramento,067,1510023,318336,315165,30925,346090,3100
2022-07-03,San Benito,069,59416,14674,14420,740,15160,100
2022-07-03,San Bernardino,071,2135413,615741,604093,27081,631174,7860
2022-07-03,San Diego,073,3302833,841933,834116,62835,896951,5341
2022-07-03,San Francisco,075,870044,161496,158871,10635,169506,910
2022-07-03,San Joaquin,077,732212,182275,180368,12137,192505,2256
2022-07-03,San Luis Obispo,079,281455,58667,58079,5700,63779,489
2022-07-03,San Mateo,081,765935,152445,149812,9496,159308,723
2022-07-03,Santa Barbara,083,443738,96134,95214,5658,100872,699
2022-07-03,Santa Clara,085,1922200,391444,381630,16745,398375,2355
2022-07-03,Santa Cruz,087,273765,56541,55757,2825,58582,267
2022-07-03,Shasta,089,179085,32545,32280,6579,38859,570
2022-07-03,Sierra,091,2930,288,283,57,340,4
2022-07-03,Siskiyou,093,43540,4817,4808,3017,7825,82
2022-07-03,Solano,095,438530,95868,94437,6891,101328,455
2022-07-03,Sonoma,097,501317,98402,97379,4450,101829,495
2022-07-03,Stanislaus,099,539301,126940,125788,19465,145253,1681
2022-07-03,Sutter,101,95872,22084,21935,2331,24266,228
2022-07-03,Tehama,103,63373,12746,12615,2747,15362,205
2022-07-03,Trinity,105,12862,1275,1256,309,1565,20
2022-07-03,Tulare,107,460477,112751,112118,30664,142782,1500
2022-07-03,Tuolumne,109,53932,14057,13886,772,14658,189
2022-07-03,Ventura,111,848112,191261,189493,12272,201765,1517
2022-07-03,Yolo,113,214977,44192,42760,3587,46347,324
2022-07-03,Yuba,115,75493,17296,17168,1467,18635,124
2022-07-02,Alameda,001,1643700,312092,307672,17315,324987,1898
2022-07-02,Alpine,002,1148,129,129,1,130,0
2022-07-02,Amador,005,37829,9319,9243,777,10020,87
2022-07-02,Butte,007,227075,36238,35846,8069,43915,436
2022-07-02,Calaveras,009,45235,7882,7836,423,8259,124
2022-07-02,Colusa,011,21464,3586,3566,1132,4698,22
2022-07-02,Contra Costa,013,1133247,228017,221545,17599,239144,1343
2022-07-02,Del Norte,015,27424,6701,6543,317,6860,53
2022-07-02,El Dorado,017,186661,29999,29764,3802,33566,217
2022-07-02,Fresno,019,978130,253496,247952,27031,274983,2783
2022-07-02,Glenn,021,27897,5249,5211,1737,6948,48
2022-07-02,Humboldt,023,135768,19645,19516,4033,23549,149
2022-07-02,Imperial,025,180216,59415,58768,11906,70674,944
2022-07-02,Inyo,027,18085,4297,4261,686,4947,56
2022-07-02,Kern,029,883053,204027,202502,51791,254293,2352
2022-07-02,Kings,031,150075,54535,54262,3679,57941,449
2022-07-02,Lake,033,64148,11686,11595,1024,12619,140
2022-07-02,Lassen,035,31185,9354,9336,931,10267,64
2022-07-02,Los Angeles,037,10098052,3001764,2969395,148230,3117625,32089
2022-07-02,Madera,039,155013,39982,39738,6855,46593,372
2022-07-02,Marin,041,260295,41191,40653,4644,45297,297
2022-07-02,Mariposa,043,17540,2806,2780,274,3054,30
2022-07-02,Mendocino,045,87422,14584,14464,3812,18276,127
2022-07-02,Merced,047,269075,67006,66093,9943,76036,832
2022-07-02,Modoc,049,8938,792,787,278,1065,8
2022-07-02,Mono,051,14174,3120,3099,191,3290,7
2022-07-02,Monterey,053,433212,86876,86212,17283,103495,744
2022-07-02,Napa,055,140530,29724,29486,1278,30764,145
2022-07-02,Nevada,057,99092,17700,17546,1507,19053,131
2022-07-02,Orange,059,3164182,608770,603511,51339,654850,7114
2022-07-02,Placer,061,380077,70349,69606,8605,78211,631
2022-07-02,Plumas,063,18699,3317,3294,402,3696,13
2022-07-02,Riverside,065,2383286,637474,632038,30873,662911,6502
2022-07-02,Sacramento,067,1510023,318001,315165,30900,346065,3100
2022-07-02,San Benito,069,59416,14655,14420,731,15151,100
2022-07-02,San Bernardino,071,2135413,615207,604093,27046,631139,7860
2022-07-02,San Diego,073,3302833,841126,834116,62769,896885,5341
2022-07-02,San Francisco,075,870044,161215,158871,10611,169482,910
2022-07-02,San Joaquin,077,732212,182142,180368,12111,192479,2256
2022-07-02,San Luis Obispo,079,281455,58618,58079,5686,63765,489
2022-07-02,San Mateo,081,765935,152186,149812,9477,159289,723
2022-07-02,Santa Barbara,083,443738,96007,95214,5647,100861,699
2022-07-02,Santa Clara,085,1922200,390711,381630,16715,398345,2355
2022-07-02,Santa Cruz,087,273765,56482,55757,2814,58571,267
2022-07-02,Shasta,089,179085,32515,32280,6568,38848,570
2022-07-02,Sierra,091,2930,288,283,57,340,4
2022-07-02,Siskiyou,093,43540,4813,4808,3016,7824,82
2022-07-02,Solano,095,438530,95795,94437,6875,101312,455
2022-07-02,Sonoma,097,501317,98296,97379,4442,101821,495
2022-07-02,Stanislaus,099,539301,126821,125788,19449,145237,1681
2022-07-02,Sutter,101,95872,22065,21935,2331,24266,228
2022-07-02,Tehama,103,63373,12723,12615,2746,15361,205
2022-07-02,Trinity,105,12862,1273,1256,308,1564,20
2022-07-02,Tulare,107,460477,112650,112118,30623,142741,1500
2022-07-02,Tuolumne,109,53932,14044,13886,763,14649,189
2022-07-02,Ventura,111,848112,191089,189493,12247,201740,1517
2022-07-02,Yolo,113,214977,44147,42760,3580,46340,324
2022-07-02,Yuba,115,75493,17284,17168,1467,18635,124
2022-07-01,Alameda,001,1643700,311612,307672,17284,324956,1898
2022-07-01,Alpine,002,1148,129,129,1,130,0
2022-07-01,Amador,005,37829,9314,9243,775,10018,87
2022-07-01,Butte,007,227075,36211,35846,8051,43897,436
2022-07-01,Calaveras,009,45235,7871,7836,423,8259,124
2022-07-01,Colusa,011,21464,3583,3566,1132,4698,22
2022-07-01,Contra Costa,013,1133247,227715,221545,17556,239101,1343
2022-07-01,Del Norte,015,27424,6681,6543,315,6858,53
2022-07-01,El Dorado,017,186661,29974,29764,3794,33558,217
2022-07-01,Fresno,019,978130,253209,247952,26976,274928,2783
2022-07-01,Glenn,021,27897,5249,5211,1737,6948,48
2022-07-01,Humboldt,023,135768,19623,19516,4024,23540,149
2022-07-01,Imperial,025,180216,59339,58768,11879,70647,944
2022-07-01,Inyo,027,18085,4290,4261,680,4941,56
2022-07-01,Kern,029,883053,203821,202502,51656,254158,2352
2022-07-01,Kings,031,150075,54502,54262,3675,57937,449
2022-07-01,Lake,033,64148,11675,11595,1023,12618,140
2022-07-01,Lassen,035,31185,9351,9336,931,10267,64
2022-07-01,Los Angeles,037,10098052,2998276,2969395,147714,3117109,32089
2022-07-01,Madera,039,155013,39939,39738,6841,46579,372
2022-07-01,Marin,041,260295,41118,40653,4631,45284,297
2022-07-01,Mariposa,043,17540,2804,2780,273,3053,30
2022-07-01,Mendocino,045,87422,14564,14464,3808,18272,127
2022-07-01,Merced,047,269075,66921,66093,9939,76032,832
2022-07-01,Modoc,049,8938,792,787,277,1064,8
2022-07-01,Mono,051,14174,3112,3099,190,3289,7
2022-07-01,Monterey,053,433212,86793,86212,17252,103464,744
2022-07-01,Napa,055,140530,29680,29486,1278,30764,145
2022-07-01,Nevada,057,99092,17680,17546,1502,19048,131
2022-07-01,Orange,059,3164182,608055,603511,51176,654687,7114
2022-07-01,Placer,061,380077,70282,69606,8585,78191,631
2022-07-01,Plumas,063,18699,3314,3294,402,3696,13
2022-07-01,Riverside,065,2383286,636756,632038,30820,662858,6502
2022-07-01,Sacramento,067,1510023,317618,315165,30877,346042,3100
2022-07-01,San Benito,069,59416,14637,14420,730,15150,100
2022-07-01,San Bernardino,071,2135413,614564,604093,27012,631105,7860
2022-07-01,San Diego,073,3302833,840091,834116,62628,896744,5341
2022-07-01,San Francisco,075,870044,160939,158871,10572,169443,910
2022-07-01,San Joaquin,077,732212,181997,180368,12078,192446,2256
2022-07-01,San Luis Obispo,079,281455,58589,58079,5674,63753,489
2022-07-01,San Mateo,081,765935,151904,149812,9461,159273,723
2022-07-01,Santa Barbara,083,443738,95891,95214,5638,100852,699
2022-07-01,Santa Clara,085,1922200,390005,381630,16679,398309,2355
2022-07-01,Santa Cruz,087,273765,56416,55757,2801,58558,267
2022-07-01,Shasta,089,179085,32495,32280,6558,38838,570
2022-07-01,Sierra,091,2930,288,283,57,340,4
2022-07-01,Siskiyou,093,43540,4813,4808,3014,7822,82
2022-07-01,Solano,095,438530,95625,94437,6858,101295,455
2022-07-01,Sonoma,097,501317,98175,97379,4423,101802,495
2022-07-01,Stanislaus,099,539301,126692,125788,19422,145210,1681
2022-07-01,Sutter,101,95872,22036,21935,2331,24266,228
2022-07-01,Tehama,103,63373,12714,12615,2744,15359,205
2022-07-01,Trinity,105,12862,1272,1256,308,1564,20
2022-07-01,Tulare,107,460477,112553,112118,30581,142699,1500
2022-07-01,Tuolumne,109,53932,14025,13886,756,14642,189
2022-07-01,Ventura,111,848112,190878,189493,12211,201704,1517
2022-07-01,Yolo,113,214977,44111,42760,3565,46325,324
2022-07-01,Yuba,115,75493,17263,17168,1467,18635,124
2022-06-30,Alameda,001,1643700,310787,307672,17228,324900,1898
2022-06-30,Alpine,002,1148,129,129,1,130,0
2022-06-30,Amador,005,37829,9304,9243,772,10015,87
2022-06-30,Butte,007,227075,36161,35846,8034,43880,436
2022-06-30,Calaveras,009,45235,7860,7836,422,8258,124
2022-06-30,Colusa,011,21464,3579,3566,1130,4696,22
2022-06-30,Contra Costa,013,1133247,227165,221545,17485,239030,1343
2022-06-30,Del Norte,015,27424,6664,6543,312,6855,53
2022-06-30,El Dorado,017,186661,29929,29764,3784,33548,217
2022-06-30,Fresno,019,978130,252810,247952,26927,274879,2783
2022-06-30,Glenn,021,27897,5246,5211,1737,6948,48
2022-06-30,Humboldt,023,135768,19586,19516,4018,23534,149
2022-06-30,Imperial,025,180216,59225,58768,11847,70615,944
2022-06-30,Inyo,027,18085,4284,4261,680,4941,56
2022-06-30,Kern,029,883053,203503,202502,51470,253972,2352
2022-06-30,Kings,031,150075,54426,54262,3672,57934,449
2022-06-30,Lake,033,64148,11656,11595,1020,12615,140
2022-06-30,Lassen,035,31185,9348,9336,930,10266,64
2022-06-30,Los Angeles,037,10098052,2992871,2969395,147114,3116509,32089
2022-06-30,Madera,039,155013,39873,39738,6814,46552,372
2022-06-30,Marin,041,260295,41034,40653,4624,45277,297
2022-06-30,Mariposa,043,17540,2797,2780,271,3051,30
2022-06-30,Mendocino,045,87422,14547,14464,3802,18266,127
2022-06-30,Merced,047,269075,66822,66093,9922,76015,832
2022-06-30,Modoc,049,8938,791,787,276,1063,8
2022-06-30,Mono,051,14174,3110,3099,189,3288,7
2022-06-30,Monterey,053,433212,86644,86212,17189,103401,744
2022-06-30,Napa,055,140530,29622,29486,1272,30758,145
2022-06-30,Nevada,057,99092,17652,17546,1495,19041,131
2022-06-30,Orange,059,3164182,606887,603511,50969,654480,7114
2022-06-30,Placer,061,380077,70132,69606,8557,78163,631
2022-06-30,Plumas,063,18699,3309,3294,401,3695,13
2022-06-30,Riverside,065,2383286,635656,632038,30750,662788,6502
2022-06-30,Sacramento,067,1510023,317024,315165,30838,346003,3100
2022-06-30,San Benito,069,59416,14601,14420,727,15147,100
2022-06-30,San Bernardino,071,2135413,613516,604093,26970,631063,7860
2022-06-30,San Diego,073,3302833,838574,834116,62417,896533,5341
2022-06-30,San Francisco,075,870044,160516,158871,10542,169413,910
2022-06-30,San Joaquin,077,732212,181717,180368,12047,192415,2256
2022-06-30,San Luis Obispo,079,281455,58489,58079,5646,63725,489
2022-06-30,San Mateo,081,765935,151480,149812,9430,159242,723
2022-06-30,Santa Barbara,083,443738,95693,95214,5626,100840,699
2022-06-30,Santa Clara,085,1922200,388911,381630,16634,398264,2355
2022-06-30,Santa Cruz,087,273765,56297,55757,2787,58544,267
2022-06-30,Shasta,089,179085,32455,32280,6539,38819,570
2022-06-30,Sierra,091,2930,288,283,57,340,4
2022-06-30,Siskiyou,093,43540,4808,4808,3007,7815,82
2022-06-30,Solano,095,438530,95422,94437,6827,101264,455
2022-06-30,Sonoma,097,501317,98011,97379,4402,101781,495
2022-06-30,Stanislaus,099,539301,126497,125788,19391,145179,1681
2022-06-30,Sutter,101,95872,22003,21935,2329,24264,228
2022-06-30,Tehama,103,63373,12693,12615,2741,15356,205
2022-06-30,Trinity,105,12862,1266,1256,306,1562,20
2022-06-30,Tulare,107,460477,112406,112118,30506,142624,1500
2022-06-30,Tuolumne,109,53932,14006,13886,750,14636,189
2022-06-30,Ventura,111,848112,190534,189493,12136,201629,1517
2022-06-30,Yolo,113,214977,44039,42760,3547,46307,324
2022-06-30,Yuba,115,75493,17235,17168,1461,18629,124
2022-06-29,Alameda,001,1643700,309986,305288,17187,322475,1895
2022-06-29,Alpine,002,1148,129,129,1,130,0
2022-06-29,Amador,005,37829,9297,9205,772,9977,87
2022-06-29,Butte,007,227075,36113,35651,8018,43669,434
2022-06-29,Calaveras,009,45235,7849,7798,419,8217,124
2022-06-29,Colusa,011,21464,3576,3548,1128,4676,22
2022-06-29,Contra Costa,013,1133247,226682,219921,17431,237352,1339
2022-06-29,Del Norte,015,27424,6638,6484,308,6792,53
2022-06-29,El Dorado,017,186661,29871,29549,3768,33317,216
2022-06-29,Fresno,019,978130,252417,246740,26861,273601,2777
2022-06-29,Glenn,021,27897,5245,5192,1735,6927,48
2022-06-29,Humboldt,023,135768,19560,19411,4008,23419,149
2022-06-29,Imperial,025,180216,59106,58498,11801,70299,944
2022-06-29,Inyo,027,18085,4280,4243,675,4918,56
2022-06-29,Kern,029,883053,203218,201537,51289,252826,2343
2022-06-29,Kings,031,150075,54336,54031,3670,57701,448
2022-06-29,Lake,033,64148,11629,11548,1016,12564,140
2022-06-29,Lassen,035,31185,9343,9310,930,10240,64
2022-06-29,Los Angeles,037,10098052,2987233,2955489,146520,3102009,32062
2022-06-29,Madera,039,155013,39822,39554,6805,46359,372
2022-06-29,Marin,041,260295,40930,40397,4618,45015,297
2022-06-29,Mariposa,043,17540,2795,2753,271,3024,30
2022-06-29,Mendocino,045,87422,14518,14383,3786,18169,127
2022-06-29,Merced,047,269075,66728,65733,9910,75643,830
2022-06-29,Modoc,049,8938,789,780,275,1055,8
2022-06-29,Mono,051,14174,3110,3081,187,3268,7
2022-06-29,Monterey,053,433212,86512,85711,17139,102850,743
2022-06-29,Napa,055,140530,29570,29285,1268,30553,144
2022-06-29,Nevada,057,99092,17618,17439,1491,18930,129
2022-06-29,Orange,059,3164182,605724,599951,50794,650745,7095
2022-06-29,Placer,061,380077,69996,69244,8548,77792,629
2022-06-29,Plumas,063,18699,3306,3267,399,3666,13
2022-06-29,Riverside,065,2383286,634599,629035,30682,659717,6493
2022-06-29,Sacramento,067,1510023,316427,313224,30794,344018,3082
2022-06-29,San Benito,069,59416,14565,14302,719,15021,100
2022-06-29,San Bernardino,071,2135413,612522,600960,26874,627834,7825
2022-06-29,San Diego,073,3302833,836847,828907,62182,891089,5336
2022-06-29,San Francisco,075,870044,160022,157419,10508,167927,902
2022-06-29,San Joaquin,077,732212,181423,179476,12009,191485,2252
2022-06-29,San Luis Obispo,079,281455,58354,57783,5608,63391,486
2022-06-29,San Mateo,081,765935,151093,148533,9410,157943,723
2022-06-29,Santa Barbara,083,443738,95542,94683,5615,100298,699
2022-06-29,Santa Clara,085,1922200,387914,378000,16574,394574,2348
2022-06-29,Santa Cruz,087,273765,56172,55432,2773,58205,266
2022-06-29,Shasta,089,179085,32408,32106,6523,38629,570
2022-06-29,Sierra,091,2930,286,283,57,340,4
2022-06-29,Siskiyou,093,43540,4802,4773,3007,7780,82
2022-06-29,Solano,095,438530,95187,92975,6808,99783,455
2022-06-29,Sonoma,097,501317,97827,96854,4390,101244,493
2022-06-29,Stanislaus,099,539301,126321,125189,19361,144550,1674
2022-06-29,Sutter,101,95872,21950,21836,2324,24160,227
2022-06-29,Tehama,103,63373,12674,12561,2740,15301,205
2022-06-29,Trinity,105,12862,1264,1245,305,1550,20
2022-06-29,Tulare,107,460477,112271,111707,30433,142140,1499
2022-06-29,Tuolumne,109,53932,13981,13779,734,14513,189
2022-06-29,Ventura,111,848112,190227,188519,12072,200591,1514
2022-06-29,Yolo,113,214977,43937,42410,3536,45946,323
2022-06-29,Yuba,115,75493,17206,17082,1459,18541,124
2022-06-28,Alameda,001,1643700,309135,305288,17150,322438,1895
2022-06-28,Alpine,002,1148,129,129,1,130,0
2022-06-28,Amador,005,37829,9292,9205,771,9976,87
2022-06-28,Butte,007,227075,36047,35651,8000,43651,434
2022-06-28,Calaveras,009,45235,7837,7798,419,8217,124
2022-06-28,Colusa,011,21464,3575,3548,1127,4675,22
2022-06-28,Contra Costa,013,1133247,226076,219921,17368,237289,1339
2022-06-28,Del Norte,015,27424,6601,6484,306,6790,53
2022-06-28,El Dorado,017,186661,29823,29549,3757,33306,216
2022-06-28,Fresno,019,978130,251983,246740,26805,273545,2777
2022-06-28,Glenn,021,27897,5237,5192,1730,6922,48
2022-06-28,Humboldt,023,135768,19540,19411,4001,23412,149
2022-06-28,Imperial,025,180216,59011,58498,11724,70222,944
2022-06-28,Inyo,027,18085,4274,4243,669,4912,56
2022-06-28,Kern,029,883053,202923,201537,51075,252612,2343
2022-06-28,Kings,031,150075,54254,54031,3665,57696,448
2022-06-28,Lake,033,64148,11618,11548,1014,12562,140
2022-06-28,Lassen,035,31185,9336,9310,930,10240,64
2022-06-28,Los Angeles,037,10098052,2981298,2955489,145909,3101398,32062
2022-06-28,Madera,039,155013,39763,39554,6788,46342,372
2022-06-28,Marin,041,260295,40822,40397,4611,45008,297
2022-06-28,Mariposa,043,17540,2787,2753,269,3022,30
2022-06-28,Mendocino,045,87422,14490,14383,3774,18157,127
2022-06-28,Merced,047,269075,66625,65733,9892,75625,830
2022-06-28,Modoc,049,8938,787,780,274,1054,8
2022-06-28,Mono,051,14174,3103,3081,185,3266,7
2022-06-28,Monterey,053,433212,86387,85711,17092,102803,743
2022-06-28,Napa,055,140530,29502,29285,1265,30550,144
2022-06-28,Nevada,057,99092,17587,17439,1487,18926,129
2022-06-28,Orange,059,3164182,604375,599951,50609,650560,7095
2022-06-28,Placer,061,380077,69834,69244,8539,77783,629
2022-06-28,Plumas,063,18699,3306,3267,398,3665,13
2022-06-28,Riverside,065,2383286,633400,629035,30635,659670,6493
2022-06-28,Sacramento,067,1510023,315753,313224,30731,343955,3082
2022-06-28,San Benito,069,59416,14526,14302,718,15020,100
2022-06-28,San Bernardino,071,2135413,611394,600960,26828,627788,7825
2022-06-28,San Diego,073,3302833,834987,828907,61941,890848,5336
2022-06-28,San Francisco,075,870044,159491,157419,10484,167903,902
2022-06-28,San Joaquin,077,732212,181113,179476,11973,191449,2252
2022-06-28,San Luis Obispo,079,281455,58235,57783,5571,63354,486
2022-06-28,San Mateo,081,765935,150630,148533,9385,157918,723
2022-06-28,Santa Barbara,083,443738,95372,94683,5598,100281,699
2022-06-28,Santa Clara,085,1922200,386793,378000,16516,394516,2348
2022-06-28,Santa Cruz,087,273765,56039,55432,2765,58197,266
2022-06-28,Shasta,089,179085,32361,32106,6510,38616,570
2022-06-28,Sierra,091,2930,286,283,57,340,4
2022-06-28,Siskiyou,093,43540,4796,4773,3001,7774,82
2022-06-28,Solano,095,438530,94911,92975,6790,99765,455
2022-06-28,Sonoma,097,501317,97618,96854,4374,101228,493
2022-06-28,Stanislaus,099,539301,126119,125189,19338,144527,1674
2022-06-28,Sutter,101,95872,21915,21836,2322,24158,227
2022-06-28,Tehama,103,63373,12654,12561,2736,15297,205
2022-06-28,Trinity,105,12862,1261,1245,303,1548,20
2022-06-28,Tulare,107,460477,112085,111707,30359,142066,1499
2022-06-28,Tuolumne,109,53932,13950,13779,728,14507,189
2022-06-28,Ventura,111,848112,189904,188519,11993,200512,1514
2022-06-28,Yolo,113,214977,43826,42410,3530,45940,323
2022-06-28,Yuba,115,75493,17170,17082,1455,18537,124
2022-06-27,Alameda,001,1643700,308194,305288,17098,322386,1895
2022-06-27,Alpine,002,1148,129,129,1,130,0
2022-06-27,Amador,005,37829,9277,9205,769,9974,87
2022-06-27,Butte,007,227075,35993,35651,7980,43631,434
2022-06-27,Calaveras,009,45235,7823,7798,419,8217,124
2022-06-27,Colusa,011,21464,3571,3548,1125,4673,22
2022-06-27,Contra Costa,013,1133247,225395,219921,17304,237225,1339
2022-06-27,Del Norte,015,27424,6581,6484,300,6784,53
2022-06-27,El Dorado,017,186661,29758,29549,3739,33288,216
2022-06-27,Fresno,019,978130,251512,246740,26735,273475,2777
2022-06-27,Glenn,021,27897,5231,5192,1723,6915,48
2022-06-27,Humboldt,023,135768,19505,19411,3989,23400,149
2022-06-27,Imperial,025,180216,58873,58498,11658,70156,944
2022-06-27,Inyo,027,18085,4264,4243,660,4903,56
2022-06-27,Kern,029,883053,202565,201537,50867,252404,2343
2022-06-27,Kings,031,150075,54167,54031,3662,57693,448
2022-06-27,Lake,033,64148,11599,11548,1009,12557,140
2022-06-27,Lassen,035,31185,9327,9310,930,10240,64
2022-06-27,Los Angeles,037,10098052,2975097,2955489,145341,3100830,32062
2022-06-27,Madera,039,155013,39698,39554,6776,46330,372
2022-06-27,Marin,041,260295,40715,40397,4598,44995,297
2022-06-27,Mariposa,043,17540,2778,2753,267,3020,30
2022-06-27,Mendocino,045,87422,14460,14383,3768,18151,127
2022-06-27,Merced,047,269075,66515,65733,9857,75590,830
2022-06-27,Modoc,049,8938,782,780,273,1053,8
2022-06-27,Mono,051,14174,3102,3081,185,3266,7
2022-06-27,Monterey,053,433212,86236,85711,17031,102742,743
2022-06-27,Napa,055,140530,29433,29285,1262,30547,144
2022-06-27,Nevada,057,99092,17557,17439,1473,18912,129
2022-06-27,Orange,059,3164182,603010,599951,50389,650340,7095
2022-06-27,Placer,061,380077,69721,69244,8515,77759,629
2022-06-27,Plumas,063,18699,3301,3267,397,3664,13
2022-06-27,Riverside,065,2383286,632247,629035,30569,659604,6493
2022-06-27,Sacramento,067,1510023,315027,313224,30679,343903,3082
2022-06-27,San Benito,069,59416,14471,14302,715,15017,100
2022-06-27,San Bernardino,071,2135413,610284,600960,26781,627741,7825
2022-06-27,San Diego,073,3302833,833062,828907,61711,890618,5336
2022-06-27,San Francisco,075,870044,158937,157419,10458,167877,902
2022-06-27,San Joaquin,077,732212,180770,179476,11931,191407,2252
2022-06-27,San Luis Obispo,079,281455,58120,57783,5534,63317,486
2022-06-27,San Mateo,081,765935,150152,148533,9351,157884,723
2022-06-27,Santa Barbara,083,443738,95185,94683,5584,100267,699
2022-06-27,Santa Clara,085,1922200,385373,378000,16462,394462,2348
2022-06-27,Santa Cruz,087,273765,55869,55432,2757,58189,266
2022-06-27,Shasta,089,179085,32300,32106,6492,38598,570
2022-06-27,Sierra,091,2930,286,283,57,340,4
2022-06-27,Siskiyou,093,43540,4786,4773,2994,7767,82
2022-06-27,Solano,095,438530,94600,92975,6758,99733,455
2022-06-27,Sonoma,097,501317,97425,96854,4355,101209,493
2022-06-27,Stanislaus,099,539301,125892,125189,19317,144506,1674
2022-06-27,Sutter,101,95872,21875,21836,2319,24155,227
2022-06-27,Tehama,103,63373,12632,12561,2734,15295,205
2022-06-27,Trinity,105,12862,1259,1245,301,1546,20
2022-06-27,Tulare,107,460477,111909,111707,30272,141979,1499
2022-06-27,Tuolumne,109,53932,13915,13779,720,14499,189
2022-06-27,Ventura,111,848112,189524,188519,11931,200450,1514
2022-06-27,Yolo,113,214977,43700,42410,3522,45932,323
2022-06-27,Yuba,115,75493,17142,17082,1452,18534,124
2022-06-26,Alameda,001,1643700,307113,302071,17043,319114,1891
2022-06-26,Alpine,002,1148,129,129,1,130,0
2022-06-26,Amador,005,37829,9238,9135,767,9902,87
2022-06-26,Butte,007,227075,35920,35406,7955,43361,433
2022-06-26,Calaveras,009,45235,7808,7754,416,8170,124
2022-06-26,Colusa,011,21464,3562,3540,1121,4661,22
2022-06-26,Contra Costa,013,1133247,224770,218053,17220,235273,1335
2022-06-26,Del Norte,015,27424,6559,6398,296,6694,52
2022-06-26,El Dorado,017,186661,29675,29313,3714,33027,216
2022-06-26,Fresno,019,978130,250974,245118,26669,271787,2777
2022-06-26,Glenn,021,27897,5226,5178,1720,6898,48
2022-06-26,Humboldt,023,135768,19470,19234,3978,23212,149
2022-06-26,Imperial,025,180216,58727,58127,11565,69692,944
2022-06-26,Inyo,027,18085,4253,4228,647,4875,56
2022-06-26,Kern,029,883053,202257,200556,50660,251216,2344
2022-06-26,Kings,031,150075,54059,53783,3658,57441,448
2022-06-26,Lake,033,64148,11580,11471,1007,12478,140
2022-06-26,Lassen,035,31185,9318,9287,930,10217,64
2022-06-26,Los Angeles,037,10098052,2968509,2936815,144698,3081513,32036
2022-06-26,Madera,039,155013,39629,39319,6756,46075,372
2022-06-26,Marin,041,260295,40594,39979,4577,44556,297
2022-06-26,Mariposa,043,17540,2770,2713,267,2980,30
2022-06-26,Mendocino,045,87422,14431,14292,3741,18033,127
2022-06-26,Merced,047,269075,66384,65408,9830,75238,828
2022-06-26,Modoc,049,8938,781,777,271,1048,8
2022-06-26,Mono,051,14174,3092,3076,185,3261,7
2022-06-26,Monterey,053,433212,86063,85275,16970,102245,743
2022-06-26,Napa,055,140530,29353,29054,1259,30313,144
2022-06-26,Nevada,057,99092,17513,17339,1469,18808,129
2022-06-26,Orange,059,3164182,601524,595761,50179,645940,7090
2022-06-26,Placer,061,380077,69587,68785,8492,77277,628
2022-06-26,Plumas,063,18699,3289,3241,397,3638,13
2022-06-26,Riverside,065,2383286,631021,625794,30512,656306,6493
2022-06-26,Sacramento,067,1510023,314204,310837,30613,341450,3077
2022-06-26,San Benito,069,59416,14426,14192,712,14904,99
2022-06-26,San Bernardino,071,2135413,609074,598062,26722,624784,7803
2022-06-26,San Diego,073,3302833,830878,822848,61538,884386,5332
2022-06-26,San Francisco,075,870044,158303,155609,10406,166015,899
2022-06-26,San Joaquin,077,732212,180392,178447,11886,190333,2252
2022-06-26,San Luis Obispo,079,281455,57985,57472,5483,62955,485
2022-06-26,San Mateo,081,765935,149634,146955,9321,156276,723
2022-06-26,Santa Barbara,083,443738,94977,94017,5556,99573,699
2022-06-26,Santa Clara,085,1922200,383990,373961,16381,390342,2338
2022-06-26,Santa Cruz,087,273765,55712,54874,2748,57622,265
2022-06-26,Shasta,089,179085,32218,31921,6474,38395,570
2022-06-26,Sierra,091,2930,285,283,57,340,4
2022-06-26,Siskiyou,093,43540,4768,4744,2987,7731,81
2022-06-26,Solano,095,438530,94328,92248,6720,98968,455
2022-06-26,Sonoma,097,501317,97191,95981,4319,100300,493
2022-06-26,Stanislaus,099,539301,125691,124493,19288,143781,1672
2022-06-26,Sutter,101,95872,21835,21733,2318,24051,227
2022-06-26,Tehama,103,63373,12615,12510,2728,15238,205
2022-06-26,Trinity,105,12862,1254,1233,299,1532,20
2022-06-26,Tulare,107,460477,111728,111188,30191,141379,1496
2022-06-26,Tuolumne,109,53932,13887,13688,713,14401,189
2022-06-26,Ventura,111,848112,189129,187389,11852,199241,1514
2022-06-26,Yolo,113,214977,43585,41932,3508,45440,323
2022-06-26,Yuba,115,75493,17105,16994,1443,18437,124
2022-06-25,Alameda,001,1643700,306642,302071,17030,319101,1891
2022-06-25,Alpine,002,1148,129,129,1,130,0
2022-06-25,Amador,005,37829,9228,9135,766,9901,87
2022-06-25,Butte,007,227075,35881,35406,7933,43339,433
2022-06-25,Calaveras,009,45235,7799,7754,416,8170,124
2022-06-25,Colusa,011,21464,3557,3540,1121,4661,22
2022-06-25,Contra Costa,013,1133247,224410,218053,17177,235230,1335
2022-06-25,Del Norte,015,27424,6545,6398,293,6691,52
2022-06-25,El Dorado,017,186661,29636,29313,3708,33021,216
2022-06-25,Fresno,019,978130,250742,245118,26643,271761,2777
2022-06-25,Glenn,021,27897,5221,5178,1718,6896,48
2022-06-25,Humboldt,023,135768,19449,19234,3967,23201,149
2022-06-25,Imperial,025,180216,58645,58127,11540,69667,944
2022-06-25,Inyo,027,18085,4251,4228,643,4871,56
2022-06-25,Kern,029,883053,202098,200556,50555,251111,2344
2022-06-25,Kings,031,150075,54021,53783,3658,57441,448
2022-06-25,Lake,033,64148,11571,11471,1006,12477,140
2022-06-25,Lassen,035,31185,9312,9287,928,10215,64
2022-06-25,Los Angeles,037,10098052,2965494,2936815,144316,3081131,32036
2022-06-25,Madera,039,155013,39596,39319,6753,46072,372
2022-06-25,Marin,041,260295,40541,39979,4570,44549,297
2022-06-25,Mariposa,043,17540,2768,2713,267,2980,30
2022-06-25,Mendocino,045,87422,14419,14292,3736,18028,127
2022-06-25,Merced,047,269075,66307,65408,9827,75235,828
2022-06-25,Modoc,049,8938,781,777,271,1048,8
2022-06-25,Mono,051,14174,3087,3076,185,3261,7
2022-06-25,Monterey,053,433212,85962,85275,16941,102216,743
2022-06-25,Napa,055,140530,29322,29054,1255,30309,144
2022-06-25,Nevada,057,99092,17489,17339,1465,18804,129
2022-06-25,Orange,059,3164182,600825,595761,50037,645798,7090
2022-06-25,Placer,061,380077,69490,68785,8472,77257,628
2022-06-25,Plumas,063,18699,3285,3241,397,3638,13
2022-06-25,Riverside,065,2383286,630377,625794,30470,656264,6493
2022-06-25,Sacramento,067,1510023,313893,310837,30585,341422,3077
2022-06-25,San Benito,069,59416,14401,14192,711,14903,99
2022-06-25,San Bernardino,071,2135413,608475,598062,26694,624756,7803
2022-06-25,San Diego,073,3302833,829971,822848,61474,884322,5332
2022-06-25,San Francisco,075,870044,158008,155609,10388,165997,899
2022-06-25,San Joaquin,077,732212,180242,178447,11871,190318,2252
2022-06-25,San Luis Obispo,079,281455,57914,57472,5473,62945,485
2022-06-25,San Mateo,081,765935,149358,146955,9300,156255,723
2022-06-25,Santa Barbara,083,443738,94834,94017,5543,99560,699
2022-06-25,Santa Clara,085,1922200,383136,373961,16353,390314,2338
2022-06-25,Santa Cruz,087,273765,55642,54874,2745,57619,265
2022-06-25,Shasta,089,179085,32182,31921,6460,38381,570
2022-06-25,Sierra,091,2930,285,283,57,340,4
2022-06-25,Siskiyou,093,43540,4765,4744,2984,7728,81
2022-06-25,Solano,095,438530,94243,92248,6699,98947,455
2022-06-25,Sonoma,097,501317,97080,95981,4308,100289,493
2022-06-25,Stanislaus,099,539301,125561,124493,19269,143762,1672
2022-06-25,Sutter,101,95872,21814,21733,2317,24050,227
2022-06-25,Tehama,103,63373,12604,12510,2723,15233,205
2022-06-25,Trinity,105,12862,1253,1233,297,1530,20
2022-06-25,Tulare,107,460477,111646,111188,30153,141341,1496
2022-06-25,Tuolumne,109,53932,13868,13688,710,14398,189
2022-06-25,Ventura,111,848112,188921,187389,11823,199212,1514
2022-06-25,Yolo,113,214977,43521,41932,3502,45434,323
2022-06-25,Yuba,115,75493,17084,16994,1442,18436,124
2022-06-24,Alameda,001,1643700,306066,302071,16995,319066,1891
2022-06-24,Alpine,002,1148,129,129,1,130,0
2022-06-24,Amador,005,37829,9221,9135,764,9899,87
2022-06-24,Butte,007,227075,35851,35406,7919,43325,433
2022-06-24,Calaveras,009,45235,7794,7754,415,8169,124
2022-06-24,Colusa,011,21464,3556,3540,1118,4658,22
2022-06-24,Contra Costa,013,1133247,224068,218053,17151,235204,1335
2022-06-24,Del Norte,015,27424,6534,6398,291,6689,52
2022-06-24,El Dorado,017,186661,29593,29313,3704,33017,216
2022-06-24,Fresno,019,978130,250453,245118,26607,271725,2777
2022-06-24,Glenn,021,27897,5219,5178,1718,6896,48
2022-06-24,Humboldt,023,135768,19418,19234,3962,23196,149
2022-06-24,Imperial,025,180216,58573,58127,11510,69637,944
2022-06-24,Inyo,027,18085,4249,4228,639,4867,56
2022-06-24,Kern,029,883053,201925,200556,50459,251015,2344
2022-06-24,Kings,031,150075,53977,53783,3654,57437,448
2022-06-24,Lake,033,64148,11560,11471,1006,12477,140
2022-06-24,Lassen,035,31185,9309,9287,927,10214,64
2022-06-24,Los Angeles,037,10098052,2962212,2936815,143989,3080804,32036
2022-06-24,Madera,039,155013,39550,39319,6747,46066,372
2022-06-24,Marin,041,260295,40465,39979,4558,44537,297
2022-06-24,Mariposa,043,17540,2761,2713,267,2980,30
2022-06-24,Mendocino,045,87422,14410,14292,3733,18025,127
2022-06-24,Merced,047,269075,66269,65408,9818,75226,828
2022-06-24,Modoc,049,8938,781,777,271,1048,8
2022-06-24,Mono,051,14174,3083,3076,184,3260,7
2022-06-24,Monterey,053,433212,85881,85275,16914,102189,743
2022-06-24,Napa,055,140530,29294,29054,1254,30308,144
2022-06-24,Nevada,057,99092,17473,17339,1459,18798,129
2022-06-24,Orange,059,3164182,600137,595761,49891,645652,7090
2022-06-24,Placer,061,380077,69414,68785,8460,77245,628
2022-06-24,Plumas,063,18699,3281,3241,397,3638,13
2022-06-24,Riverside,065,2383286,629731,625794,30426,656220,6493
2022-06-24,Sacramento,067,1510023,313497,310837,30562,341399,3077
2022-06-24,San Benito,069,59416,14388,14192,710,14902,99
2022-06-24,San Bernardino,071,2135413,607887,598062,26669,624731,7803
2022-06-24,San Diego,073,3302833,828933,822848,61392,884240,5332
2022-06-24,San Francisco,075,870044,157694,155609,10361,165970,899
2022-06-24,San Joaquin,077,732212,180063,178447,11845,190292,2252
2022-06-24,San Luis Obispo,079,281455,57869,57472,5468,62940,485
2022-06-24,San Mateo,081,765935,149022,146955,9287,156242,723
2022-06-24,Santa Barbara,083,443738,94703,94017,5540,99557,699
2022-06-24,Santa Clara,085,1922200,382303,373961,16300,390261,2338
2022-06-24,Santa Cruz,087,273765,55541,54874,2734,57608,265
2022-06-24,Shasta,089,179085,32152,31921,6451,38372,570
2022-06-24,Sierra,091,2930,285,283,57,340,4
2022-06-24,Siskiyou,093,43540,4757,4744,2983,7727,81
2022-06-24,Solano,095,438530,94091,92248,6685,98933,455
2022-06-24,Sonoma,097,501317,96941,95981,4291,100272,493
2022-06-24,Stanislaus,099,539301,125436,124493,19247,143740,1672
2022-06-24,Sutter,101,95872,21799,21733,2316,24049,227
2022-06-24,Tehama,103,63373,12589,12510,2717,15227,205
2022-06-24,Trinity,105,12862,1250,1233,297,1530,20
2022-06-24,Tulare,107,460477,111545,111188,30096,141284,1496
2022-06-24,Tuolumne,109,53932,13849,13688,704,14392,189
2022-06-24,Ventura,111,848112,188694,187389,11794,199183,1514
2022-06-24,Yolo,113,214977,43428,41932,3493,45425,323
2022-06-24,Yuba,115,75493,17066,16994,1442,18436,124
2022-06-23,Alameda,001,1643700,305243,302071,16934,319005,1891
2022-06-23,Alpine,002,1148,129,129,1,130,0
2022-06-23,Amador,005,37829,9212,9135,763,9898,87
2022-06-23,Butte,007,227075,35791,35406,7900,43306,433
2022-06-23,Calaveras,009,45235,7783,7754,414,8168,124
2022-06-23,Colusa,011,21464,3549,3540,1116,4656,22
2022-06-23,Contra Costa,013,1133247,223557,218053,17057,235110,1335
2022-06-23,Del Norte,015,27424,6502,6398,289,6687,52
2022-06-23,El Dorado,017,186661,29536,29313,3692,33005,216
2022-06-23,Fresno,019,978130,250047,245118,26546,271664,2777
2022-06-23,Glenn,021,27897,5216,5178,1709,6887,48
2022-06-23,Humboldt,023,135768,19396,19234,3958,23192,149
2022-06-23,Imperial,025,180216,58499,58127,11457,69584,944
2022-06-23,Inyo,027,18085,4246,4228,636,4864,56
2022-06-23,Kern,029,883053,201643,200556,50309,250865,2344
2022-06-23,Kings,031,150075,53918,53783,3651,57434,448
2022-06-23,Lake,033,64148,11539,11471,1006,12477,140
2022-06-23,Lassen,035,31185,9299,9287,926,10213,64
2022-06-23,Los Angeles,037,10098052,2957544,2936815,143447,3080262,32036
2022-06-23,Madera,039,155013,39488,39319,6732,46051,372
2022-06-23,Marin,041,260295,40351,39979,4534,44513,297
2022-06-23,Mariposa,043,17540,2749,2713,267,2980,30
2022-06-23,Mendocino,045,87422,14381,14292,3729,18021,127
2022-06-23,Merced,047,269075,66191,65408,9802,75210,828
2022-06-23,Modoc,049,8938,780,777,271,1048,8
2022-06-23,Mono,051,14174,3081,3076,183,3259,7
2022-06-23,Monterey,053,433212,85735,85275,16861,102136,743
2022-06-23,Napa,055,140530,29237,29054,1253,30307,144
2022-06-23,Nevada,057,99092,17440,17339,1459,18798,129
2022-06-23,Orange,059,3164182,599124,595761,49706,645467,7090
2022-06-23,Placer,061,380077,69276,68785,8439,77224,628
2022-06-23,Plumas,063,18699,3276,3241,395,3636,13
2022-06-23,Riverside,065,2383286,628810,625794,30377,656171,6493
2022-06-23,Sacramento,067,1510023,312894,310837,30517,341354,3077
2022-06-23,San Benito,069,59416,14357,14192,708,14900,99
2022-06-23,San Bernardino,071,2135413,607092,598062,26635,624697,7803
2022-06-23,San Diego,073,3302833,827462,822848,61193,884041,5332
2022-06-23,San Francisco,075,870044,157232,155609,10328,165937,899
2022-06-23,San Joaquin,077,732212,179786,178447,11818,190265,2252
2022-06-23,San Luis Obispo,079,281455,57780,57472,5436,62908,485
2022-06-23,San Mateo,081,765935,148673,146955,9252,156207,723
2022-06-23,Santa Barbara,083,443738,94537,94017,5512,99529,699
2022-06-23,Santa Clara,085,1922200,381308,373961,16252,390213,2338
2022-06-23,Santa Cruz,087,273765,55430,54874,2722,57596,265
2022-06-23,Shasta,089,179085,32110,31921,6439,38360,570
2022-06-23,Sierra,091,2930,284,283,57,340,4
2022-06-23,Siskiyou,093,43540,4751,4744,2976,7720,81
2022-06-23,Solano,095,438530,93841,92248,6644,98892,455
2022-06-23,Sonoma,097,501317,96744,95981,4271,100252,493
2022-06-23,Stanislaus,099,539301,125256,124493,19216,143709,1672
2022-06-23,Sutter,101,95872,21765,21733,2316,24049,227
2022-06-23,Tehama,103,63373,12580,12510,2714,15224,205
2022-06-23,Trinity,105,12862,1248,1233,297,1530,20
2022-06-23,Tulare,107,460477,111420,111188,30027,141215,1496
2022-06-23,Tuolumne,109,53932,13822,13688,692,14380,189
2022-06-23,Ventura,111,848112,188398,187389,11757,199146,1514
2022-06-23,Yolo,113,214977,43324,41932,3482,45414,323
2022-06-23,Yuba,115,75493,17045,16994,1436,18430,124
2022-06-22,Alameda,001,1643700,304416,299567,16875,316442,1888
2022-06-22,Alpine,002,1148,129,129,1,130,0
2022-06-22,Amador,005,37829,9206,9049,762,9811,87
2022-06-22,Butte,007,227075,35725,35203,7882,43085,433
2022-06-22,Calaveras,009,45235,7771,7716,414,8130,122
2022-06-22,Colusa,011,21464,3546,3529,1116,4645,21
2022-06-22,Contra Costa,013,1133247,223036,216355,17002,233357,1328
2022-06-22,Del Norte,015,27424,6484,6367,288,6655,52
2022-06-22,El Dorado,017,186661,29473,29139,3679,32818,215
2022-06-22,Fresno,019,978130,249625,244129,26491,270620,2772
2022-06-22,Glenn,021,27897,5214,5161,1704,6865,48
2022-06-22,Humboldt,023,135768,19344,19111,3938,23049,148
2022-06-22,Imperial,025,180216,58398,57866,11424,69290,944
2022-06-22,Inyo,027,18085,4241,4222,635,4857,56
2022-06-22,Kern,029,883053,201371,199721,50175,249896,2341
2022-06-22,Kings,031,150075,53854,53568,3647,57215,448
2022-06-22,Lake,033,64148,11522,11426,1000,12426,140
2022-06-22,Lassen,035,31185,9291,9259,924,10183,64
2022-06-22,Los Angeles,037,10098052,2952582,2925667,142982,3068649,32015
2022-06-22,Madera,039,155013,39431,39139,6713,45852,372
2022-06-22,Marin,041,260295,40248,39687,4528,44215,297
2022-06-22,Mariposa,043,17540,2743,2695,264,2959,30
2022-06-22,Mendocino,045,87422,14365,14201,3708,17909,127
2022-06-22,Merced,047,269075,66094,65120,9778,74898,827
2022-06-22,Modoc,049,8938,779,773,267,1040,8
2022-06-22,Mono,051,14174,3080,3073,181,3254,7
2022-06-22,Monterey,053,433212,85608,84752,16818,101570,742
2022-06-22,Napa,055,140530,29167,28894,1249,30143,144
2022-06-22,Nevada,057,99092,17421,17280,1449,18729,129
2022-06-22,Orange,059,3164182,597934,592215,49515,641730,7084
2022-06-22,Placer,061,380077,69160,68447,8429,76876,628
2022-06-22,Plumas,063,18699,3266,3220,395,3615,13
2022-06-22,Riverside,065,2383286,627961,623584,30321,653905,6491
2022-06-22,Sacramento,067,1510023,312267,309105,30483,339588,3071
2022-06-22,San Benito,069,59416,14332,14128,705,14833,99
2022-06-22,San Bernardino,071,2135413,606292,595517,26605,622122,7774
2022-06-22,San Diego,073,3302833,825857,815124,61004,876128,5318
2022-06-22,San Francisco,075,870044,156750,154213,10298,164511,897
2022-06-22,San Joaquin,077,732212,179523,177637,11793,189430,2251
2022-06-22,San Luis Obispo,079,281455,57690,57177,5401,62578,485
2022-06-22,San Mateo,081,765935,148264,145781,9229,155010,723
2022-06-22,Santa Barbara,083,443738,94390,93576,5498,99074,700
2022-06-22,Santa Clara,085,1922200,380207,370678,16142,386820,2340
2022-06-22,Santa Cruz,087,273765,55311,54525,2709,57234,265
2022-06-22,Shasta,089,179085,32065,31786,6424,38210,570
2022-06-22,Sierra,091,2930,284,283,57,340,4
2022-06-22,Siskiyou,093,43540,4744,4711,2973,7684,81
2022-06-22,Solano,095,438530,93582,91528,6578,98106,454
2022-06-22,Sonoma,097,501317,96533,95363,4250,99613,493
2022-06-22,Stanislaus,099,539301,125060,124023,19159,143182,1670
2022-06-22,Sutter,101,95872,21733,21649,2315,23964,227
2022-06-22,Tehama,103,63373,12570,12465,2712,15177,205
2022-06-22,Trinity,105,12862,1246,1223,297,1520,20
2022-06-22,Tulare,107,460477,111285,110768,29947,140715,1496
2022-06-22,Tuolumne,109,53932,13803,13596,686,14282,189
2022-06-22,Ventura,111,848112,188093,186601,11705,198306,1514
2022-06-22,Yolo,113,214977,43203,41689,3471,45160,323
2022-06-22,Yuba,115,75493,17025,16912,1432,18344,124
2022-06-21,Alameda,001,1643700,303615,299567,16838,316405,1888
2022-06-21,Alpine,002,1148,129,129,1,130,0
2022-06-21,Amador,005,37829,9199,9049,759,9808,87
2022-06-21,Butte,007,227075,35653,35203,7870,43073,433
2022-06-21,Calaveras,009,45235,7762,7716,413,8129,122
2022-06-21,Colusa,011,21464,3544,3529,1114,4643,21
2022-06-21,Contra Costa,013,1133247,222472,216355,16953,233308,1328
2022-06-21,Del Norte,015,27424,6453,6367,286,6653,52
2022-06-21,El Dorado,017,186661,29401,29139,3672,32811,215
2022-06-21,Fresno,019,978130,249186,244129,26425,270554,2772
2022-06-21,Glenn,021,27897,5207,5161,1702,6863,48
2022-06-21,Humboldt,023,135768,19292,19111,3925,23036,148
2022-06-21,Imperial,025,180216,58303,57866,11389,69255,944
2022-06-21,Inyo,027,18085,4236,4222,629,4851,56
2022-06-21,Kern,029,883053,201049,199721,49990,249711,2341
2022-06-21,Kings,031,150075,53779,53568,3646,57214,448
2022-06-21,Lake,033,64148,11499,11426,997,12423,140
2022-06-21,Lassen,035,31185,9281,9259,921,10180,64
2022-06-21,Los Angeles,037,10098052,2947760,2925667,142473,3068140,32015
2022-06-21,Madera,039,155013,39347,39139,6702,45841,372
2022-06-21,Marin,041,260295,40158,39687,4516,44203,297
2022-06-21,Mariposa,043,17540,2737,2695,263,2958,30
2022-06-21,Mendocino,045,87422,14336,14201,3699,17900,127
2022-06-21,Merced,047,269075,65994,65120,9746,74866,827
2022-06-21,Modoc,049,8938,776,773,266,1039,8
2022-06-21,Mono,051,14174,3078,3073,180,3253,7
2022-06-21,Monterey,053,433212,85452,84752,16776,101528,742
2022-06-21,Napa,055,140530,29114,28894,1248,30142,144
2022-06-21,Nevada,057,99092,17393,17280,1446,18726,129
2022-06-21,Orange,059,3164182,596745,592215,49365,641580,7084
2022-06-21,Placer,061,380077,69033,68447,8417,76864,628
2022-06-21,Plumas,063,18699,3257,3220,394,3614,13
2022-06-21,Riverside,065,2383286,626998,623584,30261,653845,6491
2022-06-21,Sacramento,067,1510023,311573,309105,30435,339540,3071
2022-06-21,San Benito,069,59416,14296,14128,702,14830,99
2022-06-21,San Bernardino,071,2135413,605466,595517,26558,622075,7774
2022-06-21,San Diego,073,3302833,824177,815124,60800,875924,5318
2022-06-21,San Francisco,075,870044,156272,154213,10266,164479,897
2022-06-21,San Joaquin,077,732212,179204,177637,11763,189400,2251
2022-06-21,San Luis Obispo,079,281455,57579,57177,5356,62533,485
2022-06-21,San Mateo,081,765935,147772,145781,9209,154990,723
2022-06-21,Santa Barbara,083,443738,94223,93576,5484,99060,700
2022-06-21,Santa Clara,085,1922200,379041,370678,16093,386771,2340
2022-06-21,Santa Cruz,087,273765,55181,54525,2701,57226,265
2022-06-21,Shasta,089,179085,32019,31786,6406,38192,570
2022-06-21,Sierra,091,2930,284,283,57,340,4
2022-06-21,Siskiyou,093,43540,4736,4711,2965,7676,81
2022-06-21,Solano,095,438530,93320,91528,6560,98088,454
2022-06-21,Sonoma,097,501317,96298,95363,4226,99589,493
2022-06-21,Stanislaus,099,539301,124867,124023,19129,143152,1670
2022-06-21,Sutter,101,95872,21709,21649,2313,23962,227
2022-06-21,Tehama,103,63373,12556,12465,2712,15177,205
2022-06-21,Trinity,105,12862,1240,1223,297,1520,20
2022-06-21,Tulare,107,460477,111144,110768,29888,140656,1496
2022-06-21,Tuolumne,109,53932,13779,13596,680,14276,189
2022-06-21,Ventura,111,848112,187770,186601,11650,198251,1514
2022-06-21,Yolo,113,214977,43071,41689,3459,45148,323
2022-06-21,Yuba,115,75493,16996,16912,1431,18343,124
2022-06-20,Alameda,001,1643700,302714,299567,16776,316343,1888
2022-06-20,Alpine,002,1148,129,129,1,130,0
2022-06-20,Amador,005,37829,9189,9049,757,9806,87
2022-06-20,Butte,007,227075,35583,35203,7856,43059,433
2022-06-20,Calaveras,009,45235,7755,7716,413,8129,122
2022-06-20,Colusa,011,21464,3543,3529,1113,4642,21
2022-06-20,Contra Costa,013,1133247,221871,216355,16885,233240,1328
2022-06-20,Del Norte,015,27424,6441,6367,282,6649,52
2022-06-20,El Dorado,017,186661,29331,29139,3653,32792,215
2022-06-20,Fresno,019,978130,248697,244129,26361,270490,2772
2022-06-20,Glenn,021,27897,5203,5161,1699,6860,48
2022-06-20,Humboldt,023,135768,19244,19111,3908,23019,148
2022-06-20,Imperial,025,180216,58170,57866,11356,69222,944
2022-06-20,Inyo,027,18085,4232,4222,624,4846,56
2022-06-20,Kern,029,883053,200752,199721,49841,249562,2341
2022-06-20,Kings,031,150075,53698,53568,3644,57212,448
2022-06-20,Lake,033,64148,11478,11426,995,12421,140
2022-06-20,Lassen,035,31185,9276,9259,920,10179,64
2022-06-20,Los Angeles,037,10098052,2942353,2925667,141992,3067659,32015
2022-06-20,Madera,039,155013,39285,39139,6684,45823,372
2022-06-20,Marin,041,260295,40056,39687,4493,44180,297
2022-06-20,Mariposa,043,17540,2723,2695,263,2958,30
2022-06-20,Mendocino,045,87422,14307,14201,3694,17895,127
2022-06-20,Merced,047,269075,65901,65120,9720,74840,827
2022-06-20,Modoc,049,8938,775,773,265,1038,8
2022-06-20,Mono,051,14174,3077,3073,177,3250,7
2022-06-20,Monterey,053,433212,85303,84752,16711,101463,742
2022-06-20,Napa,055,140530,29042,28894,1245,30139,144
2022-06-20,Nevada,057,99092,17368,17280,1437,18717,129
2022-06-20,Orange,059,3164182,595479,592215,49204,641419,7084
2022-06-20,Placer,061,380077,68914,68447,8404,76851,628
2022-06-20,Plumas,063,18699,3251,3220,394,3614,13
2022-06-20,Riverside,065,2383286,626059,623584,30193,653777,6491
2022-06-20,Sacramento,067,1510023,310866,309105,30363,339468,3071
2022-06-20,San Benito,069,59416,14250,14128,696,14824,99
2022-06-20,San Bernardino,071,2135413,604564,595517,26520,622037,7774
2022-06-20,San Diego,073,3302833,822190,815124,60545,875669,5318
2022-06-20,San Francisco,075,870044,155654,154213,10227,164440,897
2022-06-20,San Joaquin,077,732212,178878,177637,11717,189354,2251
2022-06-20,San Luis Obispo,079,281455,57475,57177,5308,62485,485
2022-06-20,San Mateo,081,765935,147265,145781,9184,154965,723
2022-06-20,Santa Barbara,083,443738,94039,93576,5459,99035,700
2022-06-20,Santa Clara,085,1922200,377836,370678,16032,386710,2340
2022-06-20,Santa Cruz,087,273765,55008,54525,2694,57219,265
2022-06-20,Shasta,089,179085,31963,31786,6394,38180,570
2022-06-20,Sierra,091,2930,284,283,56,339,4
2022-06-20,Siskiyou,093,43540,4723,4711,2953,7664,81
2022-06-20,Solano,095,438530,92988,91528,6538,98066,454
2022-06-20,Sonoma,097,501317,96058,95363,4200,99563,493
2022-06-20,Stanislaus,099,539301,124681,124023,19100,143123,1670
2022-06-20,Sutter,101,95872,21678,21649,2294,23943,227
2022-06-20,Tehama,103,63373,12541,12465,2709,15174,205
2022-06-20,Trinity,105,12862,1235,1223,297,1520,20
2022-06-20,Tulare,107,460477,110999,110768,29826,140594,1496
2022-06-20,Tuolumne,109,53932,13743,13596,680,14276,189
2022-06-20,Ventura,111,848112,187434,186601,11610,198211,1514
2022-06-20,Yolo,113,214977,42909,41689,3441,45130,323
2022-06-20,Yuba,115,75493,16971,16912,1425,18337,124
2022-06-19,Alameda,001,1643700,301788,296062,16744,312806,1883
2022-06-19,Alpine,002,1148,129,129,1,130,0
2022-06-19,Amador,005,37829,9139,8985,744,9729,87
2022-06-19,Butte,007,227075,35522,34920,7833,42753,432
2022-06-19,Calaveras,009,45235,7737,7664,412,8076,122
2022-06-19,Colusa,011,21464,3539,3519,1109,4628,21
2022-06-19,Contra Costa,013,1133247,221183,213994,16820,230814,1323
2022-06-19,Del Norte,015,27424,6424,6307,279,6586,52
2022-06-19,El Dorado,017,186661,29250,28904,3638,32542,215
2022-06-19,Fresno,019,978130,248248,242214,26292,268506,2768
2022-06-19,Glenn,021,27897,5194,5131,1697,6828,48
2022-06-19,Humboldt,023,135768,19199,18885,3883,22768,148
2022-06-19,Imperial,025,180216,58047,57450,11323,68773,944
2022-06-19,Inyo,027,18085,4231,4209,623,4832,56
2022-06-19,Kern,029,883053,200387,198567,49669,248236,2340
2022-06-19,Kings,031,150075,53604,53242,3641,56883,448
2022-06-19,Lake,033,64148,11464,11318,994,12312,140
2022-06-19,Lassen,035,31185,9263,9225,920,10145,64
2022-06-19,Los Angeles,037,10098052,2937486,2909197,141434,3050631,31999
2022-06-19,Madera,039,155013,39193,38859,6663,45522,372
2022-06-19,Marin,041,260295,39928,39214,4483,43697,294
2022-06-19,Mariposa,043,17540,2716,2662,262,2924,30
2022-06-19,Mendocino,045,87422,14280,14090,3681,17771,127
2022-06-19,Merced,047,269075,65800,64734,9690,74424,827
2022-06-19,Modoc,049,8938,772,771,264,1035,8
2022-06-19,Mono,051,14174,3075,3066,176,3242,6
2022-06-19,Monterey,053,433212,85155,84032,16665,100697,744
2022-06-19,Napa,055,140530,28981,28619,1241,29860,144
2022-06-19,Nevada,057,99092,17338,17134,1429,18563,129
2022-06-19,Orange,059,3164182,594224,587176,49011,636187,7074
2022-06-19,Placer,061,380077,68796,67961,8383,76344,628
2022-06-19,Plumas,063,18699,3243,3201,394,3595,13
2022-06-19,Riverside,065,2383286,625185,619760,30144,649904,6488
2022-06-19,Sacramento,067,1510023,310135,306215,30309,336524,3072
2022-06-19,San Benito,069,59416,14231,13985,694,14679,99
2022-06-19,San Bernardino,071,2135413,603742,591926,26483,618409,7765
2022-06-19,San Diego,073,3302833,820660,815124,60421,875545,5318
2022-06-19,San Francisco,075,870044,155135,151898,10188,162086,897
2022-06-19,San Joaquin,077,732212,178555,176323,11679,188002,2251
2022-06-19,San Luis Obispo,079,281455,57336,56767,5251,62018,485
2022-06-19,San Mateo,081,765935,146810,143879,9151,153030,723
2022-06-19,Santa Barbara,083,443738,93869,92906,5443,98349,699
2022-06-19,Santa Clara,085,1922200,376660,365638,15969,381607,2328
2022-06-19,Santa Cruz,087,273765,54845,53866,2675,56541,264
2022-06-19,Shasta,089,179085,31904,31647,6383,38030,568
2022-06-19,Sierra,091,2930,284,281,56,337,4
2022-06-19,Siskiyou,093,43540,4711,4672,2947,7619,81
2022-06-19,Solano,095,438530,92729,90548,6525,97073,454
2022-06-19,Sonoma,097,501317,95815,94318,4179,98497,493
2022-06-19,Stanislaus,099,539301,124495,123264,19051,142315,1668
2022-06-19,Sutter,101,95872,21643,21501,2286,23787,227
2022-06-19,Tehama,103,63373,12532,12410,2703,15113,205
2022-06-19,Trinity,105,12862,1232,1220,297,1517,20
2022-06-19,Tulare,107,460477,110817,110041,29773,139814,1496
2022-06-19,Tuolumne,109,53932,13716,13487,680,14167,189
2022-06-19,Ventura,111,848112,187082,185219,11565,196784,1513
2022-06-19,Yolo,113,214977,42821,41135,3428,44563,323
2022-06-19,Yuba,115,75493,16939,16786,1422,18208,124
2022-06-18,Alameda,001,1643700,301319,296062,16723,312785,1883
2022-06-18,Alpine,002,1148,129,129,1,130,0
2022-06-18,Amador,005,37829,9132,8985,740,9725,87
2022-06-18,Butte,007,227075,35472,34920,7822,42742,432
2022-06-18,Calaveras,009,45235,7725,7664,412,8076,122
2022-06-18,Colusa,011,21464,3536,3519,1109,4628,21
2022-06-18,Contra Costa,013,1133247,220868,213994,16792,230786,1323
2022-06-18,Del Norte,015,27424,6418,6307,278,6585,52
2022-06-18,El Dorado,017,186661,29221,28904,3635,32539,215
2022-06-18,Fresno,019,978130,248047,242214,26274,268488,2768
2022-06-18,Glenn,021,27897,5191,5131,1696,6827,48
2022-06-18,Humboldt,023,135768,19170,18885,3876,22761,148
2022-06-18,Imperial,025,180216,57977,57450,11310,68760,944
2022-06-18,Inyo,027,18085,4230,4209,622,4831,56
2022-06-18,Kern,029,883053,200264,198567,49583,248150,2340
2022-06-18,Kings,031,150075,53568,53242,3640,56882,448
2022-06-18,Lake,033,64148,11453,11318,992,12310,140
2022-06-18,Lassen,035,31185,9259,9225,920,10145,64
2022-06-18,Los Angeles,037,10098052,2935045,2909197,141144,3050341,31999
2022-06-18,Madera,039,155013,39170,38859,6657,45516,372
2022-06-18,Marin,041,260295,39864,39214,4473,43687,294
2022-06-18,Mariposa,043,17540,2711,2662,262,2924,30
2022-06-18,Mendocino,045,87422,14258,14090,3678,17768,127
2022-06-18,Merced,047,269075,65735,64734,9680,74414,827
2022-06-18,Modoc,049,8938,772,771,264,1035,8
2022-06-18,Mono,051,14174,3074,3066,176,3242,6
2022-06-18,Monterey,053,433212,85064,84032,16637,100669,744
2022-06-18,Napa,055,140530,28956,28619,1240,29859,144
2022-06-18,Nevada,057,99092,17326,17134,1428,18562,129
2022-06-18,Orange,059,3164182,593601,587176,48897,636073,7074
2022-06-18,Placer,061,380077,68731,67961,8369,76330,628
2022-06-18,Plumas,063,18699,3235,3201,394,3595,13
2022-06-18,Riverside,065,2383286,624651,619760,30129,649889,6488
2022-06-18,Sacramento,067,1510023,309815,306215,30285,336500,3072
2022-06-18,San Benito,069,59416,14216,13985,687,14672,99
2022-06-18,San Bernardino,071,2135413,603312,591926,26461,618387,7765
2022-06-18,San Diego,073,3302833,819942,815124,60360,875484,5318
2022-06-18,San Francisco,075,870044,154802,151898,10169,162067,897
2022-06-18,San Joaquin,077,732212,178392,176323,11670,187993,2251
2022-06-18,San Luis Obispo,079,281455,57291,56767,5242,62009,485
2022-06-18,San Mateo,081,765935,146540,143879,9129,153008,723
2022-06-18,Santa Barbara,083,443738,93758,92906,5433,98339,699
2022-06-18,Santa Clara,085,1922200,375907,365638,15923,381561,2328
2022-06-18,Santa Cruz,087,273765,54769,53866,2665,56531,264
2022-06-18,Shasta,089,179085,31883,31647,6380,38027,568
2022-06-18,Sierra,091,2930,284,281,56,337,4
2022-06-18,Siskiyou,093,43540,4703,4672,2943,7615,81
2022-06-18,Solano,095,438530,92645,90548,6516,97064,454
2022-06-18,Sonoma,097,501317,95676,94318,4161,98479,493
2022-06-18,Stanislaus,099,539301,124388,123264,19030,142294,1668
2022-06-18,Sutter,101,95872,21622,21501,2283,23784,227
2022-06-18,Tehama,103,63373,12523,12410,2699,15109,205
2022-06-18,Trinity,105,12862,1231,1220,297,1517,20
2022-06-18,Tulare,107,460477,110733,110041,29733,139774,1496
2022-06-18,Tuolumne,109,53932,13694,13487,677,14164,189
2022-06-18,Ventura,111,848112,186907,185219,11542,196761,1513
2022-06-18,Yolo,113,214977,42752,41135,3423,44558,323
2022-06-18,Yuba,115,75493,16926,16786,1422,18208,124
2022-06-17,Alameda,001,1643700,300844,296062,16709,312771,1883
2022-06-17,Alpine,002,1148,129,129,1,130,0
2022-06-17,Amador,005,37829,9123,8985,740,9725,87
2022-06-17,Butte,007,227075,35441,34920,7812,42732,432
2022-06-17,Calaveras,009,45235,7717,7664,412,8076,122
2022-06-17,Colusa,011,21464,3535,3519,1104,4623,21
2022-06-17,Contra Costa,013,1133247,220569,213994,16767,230761,1323
2022-06-17,Del Norte,015,27424,6404,6307,278,6585,52
2022-06-17,El Dorado,017,186661,29188,28904,3631,32535,215
2022-06-17,Fresno,019,978130,247802,242214,26248,268462,2768
2022-06-17,Glenn,021,27897,5190,5131,1690,6821,48
2022-06-17,Humboldt,023,135768,19143,18885,3872,22757,148
2022-06-17,Imperial,025,180216,57924,57450,11298,68748,944
2022-06-17,Inyo,027,18085,4226,4209,616,4825,56
2022-06-17,Kern,029,883053,200110,198567,49541,248108,2340
2022-06-17,Kings,031,150075,53541,53242,3639,56881,448
2022-06-17,Lake,033,64148,11445,11318,991,12309,140
2022-06-17,Lassen,035,31185,9258,9225,919,10144,64
2022-06-17,Los Angeles,037,10098052,2932203,2909197,140846,3050043,31999
2022-06-17,Madera,039,155013,39145,38859,6651,45510,372
2022-06-17,Marin,041,260295,39769,39214,4460,43674,294
2022-06-17,Mariposa,043,17540,2707,2662,262,2924,30
2022-06-17,Mendocino,045,87422,14241,14090,3674,17764,127
2022-06-17,Merced,047,269075,65678,64734,9675,74409,827
2022-06-17,Modoc,049,8938,772,771,264,1035,8
2022-06-17,Mono,051,14174,3074,3066,176,3242,6
2022-06-17,Monterey,053,433212,84974,84032,16607,100639,744
2022-06-17,Napa,055,140530,28917,28619,1237,29856,144
2022-06-17,Nevada,057,99092,17308,17134,1423,18557,129
2022-06-17,Orange,059,3164182,592924,587176,48761,635937,7074
2022-06-17,Placer,061,380077,68671,67961,8357,76318,628
2022-06-17,Plumas,063,18699,3234,3201,393,3594,13
2022-06-17,Riverside,065,2383286,624100,619760,30093,649853,6488
2022-06-17,Sacramento,067,1510023,309426,306215,30264,336479,3072
2022-06-17,San Benito,069,59416,14204,13985,687,14672,99
2022-06-17,San Bernardino,071,2135413,602872,591926,26430,618356,7765
2022-06-17,San Diego,073,3302833,818979,815124,60256,875380,5318
2022-06-17,San Francisco,075,870044,154486,151898,10136,162034,897
2022-06-17,San Joaquin,077,732212,178240,176323,11659,187982,2251
2022-06-17,San Luis Obispo,079,281455,57254,56767,5236,62003,485
2022-06-17,San Mateo,081,765935,146236,143879,9110,152989,723
2022-06-17,Santa Barbara,083,443738,93652,92906,5421,98327,699
2022-06-17,Santa Clara,085,1922200,375081,365638,15891,381529,2328
2022-06-17,Santa Cruz,087,273765,54703,53866,2660,56526,264
2022-06-17,Shasta,089,179085,31856,31647,6372,38019,568
2022-06-17,Sierra,091,2930,284,281,56,337,4
2022-06-17,Siskiyou,093,43540,4696,4672,2943,7615,81
2022-06-17,Solano,095,438530,92500,90548,6504,97052,454
2022-06-17,Sonoma,097,501317,95511,94318,4144,98462,493
2022-06-17,Stanislaus,099,539301,124291,123264,19020,142284,1668
2022-06-17,Sutter,101,95872,21600,21501,2277,23778,227
2022-06-17,Tehama,103,63373,12508,12410,2696,15106,205
2022-06-17,Trinity,105,12862,1231,1220,297,1517,20
2022-06-17,Tulare,107,460477,110644,110041,29702,139743,1496
2022-06-17,Tuolumne,109,53932,13681,13487,676,14163,189
2022-06-17,Ventura,111,848112,186727,185219,11521,196740,1513
2022-06-17,Yolo,113,214977,42669,41135,3410,44545,323
2022-06-17,Yuba,115,75493,16919,16786,1419,18205,124
2022-06-16,Alameda,001,1643700,300060,296062,16662,312724,1883
2022-06-16,Alpine,002,1148,129,129,1,130,0
2022-06-16,Amador,005,37829,9116,8985,735,9720,87
2022-06-16,Butte,007,227075,35366,34920,7796,42716,432
2022-06-16,Calaveras,009,45235,7705,7664,410,8074,122
2022-06-16,Colusa,011,21464,3533,3519,1103,4622,21
2022-06-16,Contra Costa,013,1133247,220105,213994,16716,230710,1323
2022-06-16,Del Norte,015,27424,6390,6307,277,6584,52
2022-06-16,El Dorado,017,186661,29136,28904,3619,32523,215
2022-06-16,Fresno,019,978130,247428,242214,26186,268400,2768
2022-06-16,Glenn,021,27897,5181,5131,1689,6820,48
2022-06-16,Humboldt,023,135768,19113,18885,3858,22743,148
2022-06-16,Imperial,025,180216,57825,57450,11269,68719,944
2022-06-16,Inyo,027,18085,4225,4209,613,4822,56
2022-06-16,Kern,029,883053,199899,198567,49425,247992,2340
2022-06-16,Kings,031,150075,53474,53242,3636,56878,448
2022-06-16,Lake,033,64148,11429,11318,991,12309,140
2022-06-16,Lassen,035,31185,9251,9225,919,10144,64
2022-06-16,Los Angeles,037,10098052,2928216,2909197,140487,3049684,31999
2022-06-16,Madera,039,155013,39114,38859,6641,45500,372
2022-06-16,Marin,041,260295,39669,39214,4447,43661,294
2022-06-16,Mariposa,043,17540,2699,2662,260,2922,30
2022-06-16,Mendocino,045,87422,14212,14090,3664,17754,127
2022-06-16,Merced,047,269075,65599,64734,9656,74390,827
2022-06-16,Modoc,049,8938,772,771,264,1035,8
2022-06-16,Mono,051,14174,3073,3066,175,3241,6
2022-06-16,Monterey,053,433212,84825,84032,16552,100584,744
2022-06-16,Napa,055,140530,28872,28619,1234,29853,144
2022-06-16,Nevada,057,99092,17285,17134,1418,18552,129
2022-06-16,Orange,059,3164182,591901,587176,48623,635799,7074
2022-06-16,Placer,061,380077,68586,67961,8334,76295,628
2022-06-16,Plumas,063,18699,3227,3201,392,3593,13
2022-06-16,Riverside,065,2383286,623354,619760,30049,649809,6488
2022-06-16,Sacramento,067,1510023,308846,306215,30230,336445,3072
2022-06-16,San Benito,069,59416,14180,13985,684,14669,99
2022-06-16,San Bernardino,071,2135413,602213,591926,26392,618318,7765
2022-06-16,San Diego,073,3302833,817459,815124,60096,875220,5318
2022-06-16,San Francisco,075,870044,154038,151898,10096,161994,897
2022-06-16,San Joaquin,077,732212,177987,176323,11639,187962,2251
2022-06-16,San Luis Obispo,079,281455,57176,56767,5216,61983,485
2022-06-16,San Mateo,081,765935,145869,143879,9094,152973,723
2022-06-16,Santa Barbara,083,443738,93503,92906,5407,98313,699
2022-06-16,Santa Clara,085,1922200,374135,365638,15843,381481,2328
2022-06-16,Santa Cruz,087,273765,54570,53866,2648,56514,264
2022-06-16,Shasta,089,179085,31826,31647,6361,38008,568
2022-06-16,Sierra,091,2930,283,281,56,337,4
2022-06-16,Siskiyou,093,43540,4687,4672,2934,7606,81
2022-06-16,Solano,095,438530,92305,90548,6492,97040,454
2022-06-16,Sonoma,097,501317,95324,94318,4127,98445,493
2022-06-16,Stanislaus,099,539301,124129,123264,19003,142267,1668
2022-06-16,Sutter,101,95872,21575,21501,2275,23776,227
2022-06-16,Tehama,103,63373,12489,12410,2694,15104,205
2022-06-16,Trinity,105,12862,1229,1220,294,1514,20
2022-06-16,Tulare,107,460477,110514,110041,29661,139702,1496
2022-06-16,Tuolumne,109,53932,13657,13487,672,14159,189
2022-06-16,Ventura,111,848112,186456,185219,11476,196695,1513
2022-06-16,Yolo,113,214977,42579,41135,3399,44534,323
2022-06-16,Yuba,115,75493,16895,16786,1415,18201,124
2022-06-15,Alameda,001,1643700,299275,295002,16635,311637,1880
2022-06-15,Alpine,002,1148,129,129,1,130,0
2022-06-15,Amador,005,37829,9108,8972,735,9707,87
2022-06-15,Butte,007,227075,35303,34841,7777,42618,430
2022-06-15,Calaveras,009,45235,7702,7648,408,8056,122
2022-06-15,Colusa,011,21464,3529,3515,1101,4616,21
2022-06-15,Contra Costa,013,1133247,219642,213219,16672,229891,1321
2022-06-15,Del Norte,015,27424,6379,6298,276,6574,52
2022-06-15,El Dorado,017,186661,29082,28829,3607,32436,215
2022-06-15,Fresno,019,978130,247056,241768,26140,267908,2767
2022-06-15,Glenn,021,27897,5175,5128,1681,6809,48
2022-06-15,Humboldt,023,135768,19075,18836,3833,22669,148
2022-06-15,Imperial,025,180216,57742,57373,11246,68619,941
2022-06-15,Inyo,027,18085,4223,4205,612,4817,56
2022-06-15,Kern,029,883053,199634,198216,49318,247534,2338
2022-06-15,Kings,031,150075,53420,53170,3633,56803,448
2022-06-15,Lake,033,64148,11409,11303,986,12289,140
2022-06-15,Lassen,035,31185,9247,9209,918,10127,64
2022-06-15,Los Angeles,037,10098052,2923930,2897298,140126,3037424,31971
2022-06-15,Madera,039,155013,39070,38776,6624,45400,372
2022-06-15,Marin,041,260295,39579,39027,4441,43468,294
2022-06-15,Mariposa,043,17540,2695,2651,258,2909,30
2022-06-15,Mendocino,045,87422,14180,14052,3654,17706,127
2022-06-15,Merced,047,269075,65518,64595,9644,74239,825
2022-06-15,Modoc,049,8938,771,772,264,1036,8
2022-06-15,Mono,051,14174,3073,3060,174,3234,6
2022-06-15,Monterey,053,433212,84684,83837,16512,100349,741
2022-06-15,Napa,055,140530,28812,28518,1225,29743,144
2022-06-15,Nevada,057,99092,17260,17107,1414,18521,127
2022-06-15,Orange,059,3164182,590875,585496,48451,633947,7067
2022-06-15,Placer,061,380077,68463,67805,8318,76123,628
2022-06-15,Plumas,063,18699,3222,3185,390,3575,13
2022-06-15,Riverside,065,2383286,622628,618584,29997,648581,6482
2022-06-15,Sacramento,067,1510023,308248,305361,30184,335545,3059
2022-06-15,San Benito,069,59416,14140,13953,677,14630,99
2022-06-15,San Bernardino,071,2135413,601558,590328,26352,616680,7735
2022-06-15,San Diego,073,3302833,815910,811093,59928,871021,5316
2022-06-15,San Francisco,075,870044,153610,151170,10071,161241,890
2022-06-15,San Joaquin,077,732212,177742,175966,11605,187571,2244
2022-06-15,San Luis Obispo,079,281455,57090,56535,5179,61714,486
2022-06-15,San Mateo,081,765935,145470,143277,9078,152355,722
2022-06-15,Santa Barbara,083,443738,93370,92710,5400,98110,698
2022-06-15,Santa Clara,085,1922200,373125,364014,15807,379821,2323
2022-06-15,Santa Cruz,087,273765,54455,53718,2643,56361,265
2022-06-15,Shasta,089,179085,31786,31598,6354,37952,568
2022-06-15,Sierra,091,2930,281,280,56,336,4
2022-06-15,Siskiyou,093,43540,4676,4656,2924,7580,81
2022-06-15,Solano,095,438530,92073,90265,6480,96745,453
2022-06-15,Sonoma,097,501317,95131,94041,4115,98156,492
2022-06-15,Stanislaus,099,539301,123986,122944,18978,141922,1668
2022-06-15,Sutter,101,95872,21547,21448,2270,23718,227
2022-06-15,Tehama,103,63373,12481,12392,2688,15080,205
2022-06-15,Trinity,105,12862,1228,1217,292,1509,20
2022-06-15,Tulare,107,460477,110410,109930,29624,139554,1495
2022-06-15,Tuolumne,109,53932,13646,13459,672,14131,189
2022-06-15,Ventura,111,848112,186184,184750,11427,196177,1509
2022-06-15,Yolo,113,214977,42475,40756,3384,44140,322
2022-06-15,Yuba,115,75493,16870,16754,1410,18164,124
2022-06-14,Alameda,001,1643700,298572,295002,16591,311593,1880
2022-06-14,Alpine,002,1148,129,129,1,130,0
2022-06-14,Amador,005,37829,9092,8972,730,9702,87
2022-06-14,Butte,007,227075,35248,34841,7761,42602,430
2022-06-14,Calaveras,009,45235,7691,7648,407,8055,122
2022-06-14,Colusa,011,21464,3527,3515,1100,4615,21
2022-06-14,Contra Costa,013,1133247,219107,213219,16613,229832,1321
2022-06-14,Del Norte,015,27424,6371,6298,273,6571,52
2022-06-14,El Dorado,017,186661,29030,28829,3599,32428,215
2022-06-14,Fresno,019,978130,246659,241768,26078,267846,2767
2022-06-14,Glenn,021,27897,5166,5128,1678,6806,48
2022-06-14,Humboldt,023,135768,19025,18836,3816,22652,148
2022-06-14,Imperial,025,180216,57668,57373,11216,68589,941
2022-06-14,Inyo,027,18085,4218,4205,611,4816,56
2022-06-14,Kern,029,883053,199372,198216,49202,247418,2338
2022-06-14,Kings,031,150075,53350,53170,3631,56801,448
2022-06-14,Lake,033,64148,11383,11303,985,12288,140
2022-06-14,Lassen,035,31185,9241,9209,915,10124,64
2022-06-14,Los Angeles,037,10098052,2919409,2897298,139704,3037002,31971
2022-06-14,Madera,039,155013,39016,38776,6615,45391,372
2022-06-14,Marin,041,260295,39470,39027,4430,43457,294
2022-06-14,Mariposa,043,17540,2684,2651,255,2906,30
2022-06-14,Mendocino,045,87422,14152,14052,3641,17693,127
2022-06-14,Merced,047,269075,65436,64595,9619,74214,825
2022-06-14,Modoc,049,8938,771,772,263,1035,8
2022-06-14,Mono,051,14174,3073,3060,173,3233,6
2022-06-14,Monterey,053,433212,84545,83837,16466,100303,741
2022-06-14,Napa,055,140530,28748,28518,1224,29742,144
2022-06-14,Nevada,057,99092,17229,17107,1409,18516,127
2022-06-14,Orange,059,3164182,589747,585496,48283,633779,7067
2022-06-14,Placer,061,380077,68340,67805,8303,76108,628
2022-06-14,Plumas,063,18699,3218,3185,390,3575,13
2022-06-14,Riverside,065,2383286,621845,618584,29962,648546,6482
2022-06-14,Sacramento,067,1510023,307616,305361,30101,335462,3059
2022-06-14,San Benito,069,59416,14105,13953,675,14628,99
2022-06-14,San Bernardino,071,2135413,600842,590328,26308,616636,7735
2022-06-14,San Diego,073,3302833,814201,811093,59779,870872,5316
2022-06-14,San Francisco,075,870044,153126,151170,10043,161213,890
2022-06-14,San Joaquin,077,732212,177473,175966,11569,187535,2244
2022-06-14,San Luis Obispo,079,281455,56981,56535,5131,61666,486
2022-06-14,San Mateo,081,765935,145084,143277,9064,152341,722
2022-06-14,Santa Barbara,083,443738,93234,92710,5384,98094,698
2022-06-14,Santa Clara,085,1922200,372057,364014,15763,379777,2323
2022-06-14,Santa Cruz,087,273765,54328,53718,2632,56350,265
2022-06-14,Shasta,089,179085,31756,31598,6346,37944,568
2022-06-14,Sierra,091,2930,281,280,56,336,4
2022-06-14,Siskiyou,093,43540,4666,4656,2918,7574,81
2022-06-14,Solano,095,438530,91810,90265,6458,96723,453
2022-06-14,Sonoma,097,501317,94914,94041,4101,98142,492
2022-06-14,Stanislaus,099,539301,123809,122944,18949,141893,1668
2022-06-14,Sutter,101,95872,21509,21448,2266,23714,227
2022-06-14,Tehama,103,63373,12463,12392,2687,15079,205
2022-06-14,Trinity,105,12862,1227,1217,292,1509,20
2022-06-14,Tulare,107,460477,110267,109930,29580,139510,1495
2022-06-14,Tuolumne,109,53932,13625,13459,668,14127,189
2022-06-14,Ventura,111,848112,185891,184750,11389,196139,1509
2022-06-14,Yolo,113,214977,42368,40756,3373,44129,322
2022-06-14,Yuba,115,75493,16840,16754,1407,18161,124
2022-06-13,Alameda,001,1643700,297746,295002,16538,311540,1880
2022-06-13,Alpine,002,1148,129,129,1,130,0
2022-06-13,Amador,005,37829,9085,8972,728,9700,87
2022-06-13,Butte,007,227075,35170,34841,7736,42577,430
2022-06-13,Calaveras,009,45235,7673,7648,407,8055,122
2022-06-13,Colusa,011,21464,3527,3515,1097,4612,21
2022-06-13,Contra Costa,013,1133247,218531,213219,16546,229765,1321
2022-06-13,Del Norte,015,27424,6359,6298,269,6567,52
2022-06-13,El Dorado,017,186661,28980,28829,3587,32416,215
2022-06-13,Fresno,019,978130,246232,241768,26023,267791,2767
2022-06-13,Glenn,021,27897,5162,5128,1674,6802,48
2022-06-13,Humboldt,023,135768,18972,18836,3792,22628,148
2022-06-13,Imperial,025,180216,57568,57373,11172,68545,941
2022-06-13,Inyo,027,18085,4214,4205,606,4811,56
2022-06-13,Kern,029,883053,199103,198216,49066,247282,2338
2022-06-13,Kings,031,150075,53285,53170,3627,56797,448
2022-06-13,Lake,033,64148,11358,11303,984,12287,140
2022-06-13,Lassen,035,31185,9233,9209,912,10121,64
2022-06-13,Los Angeles,037,10098052,2914839,2897298,139314,3036612,31971
2022-06-13,Madera,039,155013,38949,38776,6597,45373,372
2022-06-13,Marin,041,260295,39363,39027,4402,43429,294
2022-06-13,Mariposa,043,17540,2670,2651,254,2905,30
2022-06-13,Mendocino,045,87422,14128,14052,3625,17677,127
2022-06-13,Merced,047,269075,65360,64595,9591,74186,825
2022-06-13,Modoc,049,8938,770,772,263,1035,8
2022-06-13,Mono,051,14174,3071,3060,173,3233,6
2022-06-13,Monterey,053,433212,84410,83837,16415,100252,741
2022-06-13,Napa,055,140530,28677,28518,1220,29738,144
2022-06-13,Nevada,057,99092,17198,17107,1406,18513,127
2022-06-13,Orange,059,3164182,588512,585496,48099,633595,7067
2022-06-13,Placer,061,380077,68243,67805,8281,76086,628
2022-06-13,Plumas,063,18699,3213,3185,389,3574,13
2022-06-13,Riverside,065,2383286,621101,618584,29927,648511,6482
2022-06-13,Sacramento,067,1510023,306937,305361,30032,335393,3059
2022-06-13,San Benito,069,59416,14078,13953,669,14622,99
2022-06-13,San Bernardino,071,2135413,600044,590328,26277,616605,7735
2022-06-13,San Diego,073,3302833,812497,811093,59671,870764,5316
2022-06-13,San Francisco,075,870044,152591,151170,10025,161195,890
2022-06-13,San Joaquin,077,732212,177209,175966,11532,187498,2244
2022-06-13,San Luis Obispo,079,281455,56878,56535,5079,61614,486
2022-06-13,San Mateo,081,765935,144644,143277,9042,152319,722
2022-06-13,Santa Barbara,083,443738,93105,92710,5371,98081,698
2022-06-13,Santa Clara,085,1922200,371032,364014,15712,379726,2323
2022-06-13,Santa Cruz,087,273765,54190,53718,2625,56343,265
2022-06-13,Shasta,089,179085,31723,31598,6339,37937,568
2022-06-13,Sierra,091,2930,281,280,56,336,4
2022-06-13,Siskiyou,093,43540,4662,4656,2910,7566,81
2022-06-13,Solano,095,438530,91569,90265,6434,96699,453
2022-06-13,Sonoma,097,501317,94657,94041,4082,98123,492
2022-06-13,Stanislaus,099,539301,123642,122944,18925,141869,1668
2022-06-13,Sutter,101,95872,21481,21448,2262,23710,227
2022-06-13,Tehama,103,63373,12444,12392,2684,15076,205
2022-06-13,Trinity,105,12862,1225,1217,292,1509,20
2022-06-13,Tulare,107,460477,110115,109930,29533,139463,1495
2022-06-13,Tuolumne,109,53932,13602,13459,665,14124,189
2022-06-13,Ventura,111,848112,185599,184750,11337,196087,1509
2022-06-13,Yolo,113,214977,42231,40756,3361,44117,322
2022-06-13,Yuba,115,75493,16822,16754,1403,18157,124
2022-06-12,Alameda,001,1643700,296925,292112,16482,308594,1877
2022-06-12,Alpine,002,1148,129,129,1,130,0
2022-06-12,Amador,005,37829,9062,8869,727,9596,87
2022-06-12,Butte,007,227075,35113,34596,7715,42311,427
2022-06-12,Calaveras,009,45235,7659,7604,404,8008,122
2022-06-12,Colusa,011,21464,3526,3505,1096,4601,21
2022-06-12,Contra Costa,013,1133247,217941,211229,16475,227704,1315
2022-06-12,Del Norte,015,27424,6345,6253,269,6522,52
2022-06-12,El Dorado,017,186661,28919,28641,3570,32211,215
2022-06-12,Fresno,019,978130,245768,240345,25969,266314,2766
2022-06-12,Glenn,021,27897,5159,5104,1672,6776,48
2022-06-12,Humboldt,023,135768,18907,18696,3756,22452,148
2022-06-12,Imperial,025,180216,57490,57129,11128,68257,941
2022-06-12,Inyo,027,18085,4212,4194,605,4799,56
2022-06-12,Kern,029,883053,198821,197353,48945,246298,2338
2022-06-12,Kings,031,150075,53207,52978,3622,56600,447
2022-06-12,Lake,033,64148,11334,11202,983,12185,139
2022-06-12,Lassen,035,31185,9215,9172,910,10082,64
2022-06-12,Los Angeles,037,10098052,2909891,2878981,138832,3017813,31947
2022-06-12,Madera,039,155013,38856,38567,6571,45138,372
2022-06-12,Marin,041,260295,39254,38593,4378,42971,294
2022-06-12,Mariposa,043,17540,2664,2625,253,2878,30
2022-06-12,Mendocino,045,87422,14105,13945,3619,17564,127
2022-06-12,Merced,047,269075,65245,64286,9562,73848,825
2022-06-12,Modoc,049,8938,770,767,263,1030,8
2022-06-12,Mono,051,14174,3067,3052,172,3224,6
2022-06-12,Monterey,053,433212,84252,83391,16337,99728,739
2022-06-12,Napa,055,140530,28615,28202,1211,29413,143
2022-06-12,Nevada,057,99092,17154,16989,1400,18389,127
2022-06-12,Orange,059,3164182,587238,581624,47907,629531,7057
2022-06-12,Placer,061,380077,68129,67306,8258,75564,628
2022-06-12,Plumas,063,18699,3207,3172,388,3560,13
2022-06-12,Riverside,065,2383286,620157,615556,29859,645415,6481
2022-06-12,Sacramento,067,1510023,306192,302721,29923,332644,3058
2022-06-12,San Benito,069,59416,14044,13832,663,14495,99
2022-06-12,San Bernardino,071,2135413,599119,587385,26227,613612,7708
2022-06-12,San Diego,073,3302833,810761,805360,59535,864895,5315
2022-06-12,San Francisco,075,870044,152036,149278,9981,159259,890
2022-06-12,San Joaquin,077,732212,176851,174822,11505,186327,2244
2022-06-12,San Luis Obispo,079,281455,56741,56160,5018,61178,485
2022-06-12,San Mateo,081,765935,144178,141719,9001,150720,715
2022-06-12,Santa Barbara,083,443738,92932,92177,5356,97533,694
2022-06-12,Santa Clara,085,1922200,369850,359925,15666,375591,2322
2022-06-12,Santa Cruz,087,273765,54030,53171,2620,55791,264
2022-06-12,Shasta,089,179085,31676,31483,6325,37808,566
2022-06-12,Sierra,091,2930,281,278,56,334,4
2022-06-12,Siskiyou,093,43540,4654,4633,2905,7538,81
2022-06-12,Solano,095,438530,91277,89424,6415,95839,453
2022-06-12,Sonoma,097,501317,94401,93218,4058,97276,492
2022-06-12,Stanislaus,099,539301,123442,122267,18884,141151,1665
2022-06-12,Sutter,101,95872,21441,21333,2247,23580,227
2022-06-12,Tehama,103,63373,12425,12343,2679,15022,205
2022-06-12,Trinity,105,12862,1222,1213,292,1505,20
2022-06-12,Tulare,107,460477,109922,109467,29470,138937,1495
2022-06-12,Tuolumne,109,53932,13574,13382,663,14045,189
2022-06-12,Ventura,111,848112,185245,183680,11290,194970,1508
2022-06-12,Yolo,113,214977,42110,40202,3356,43558,323
2022-06-12,Yuba,115,75493,16794,16653,1396,18049,123
2022-06-11,Alameda,001,1643700,296508,292112,16460,308572,1877
2022-06-11,Alpine,002,1148,129,129,1,130,0
2022-06-11,Amador,005,37829,9048,8869,727,9596,87
2022-06-11,Butte,007,227075,35078,34596,7699,42295,427
2022-06-11,Calaveras,009,45235,7652,7604,403,8007,122
2022-06-11,Colusa,011,21464,3524,3505,1095,4600,21
2022-06-11,Contra Costa,013,1133247,217629,211229,16440,227669,1315
2022-06-11,Del Norte,015,27424,6337,6253,269,6522,52
2022-06-11,El Dorado,017,186661,28900,28641,3568,32209,215
2022-06-11,Fresno,019,978130,245572,240345,25949,266294,2766
2022-06-11,Glenn,021,27897,5157,5104,1672,6776,48
2022-06-11,Humboldt,023,135768,18887,18696,3748,22444,148
2022-06-11,Imperial,025,180216,57434,57129,11114,68243,941
2022-06-11,Inyo,027,18085,4212,4194,603,4797,56
2022-06-11,Kern,029,883053,198699,197353,48872,246225,2338
2022-06-11,Kings,031,150075,53175,52978,3621,56599,447
2022-06-11,Lake,033,64148,11326,11202,980,12182,139
2022-06-11,Lassen,035,31185,9210,9172,909,10081,64
2022-06-11,Los Angeles,037,10098052,2907544,2878981,138541,3017522,31947
2022-06-11,Madera,039,155013,38835,38567,6569,45136,372
2022-06-11,Marin,041,260295,39176,38593,4344,42937,294
2022-06-11,Mariposa,043,17540,2660,2625,252,2877,30
2022-06-11,Mendocino,045,87422,14094,13945,3615,17560,127
2022-06-11,Merced,047,269075,65197,64286,9558,73844,825
2022-06-11,Modoc,049,8938,770,767,263,1030,8
2022-06-11,Mono,051,14174,3067,3052,172,3224,6
2022-06-11,Monterey,053,433212,84169,83391,16305,99696,739
2022-06-11,Napa,055,140530,28576,28202,1207,29409,143
2022-06-11,Nevada,057,99092,17140,16989,1398,18387,127
2022-06-11,Orange,059,3164182,586598,581624,47769,629393,7057
2022-06-11,Placer,061,380077,68042,67306,8249,75555,628
2022-06-11,Plumas,063,18699,3204,3172,388,3560,13
2022-06-11,Riverside,065,2383286,619630,615556,29830,645386,6481
2022-06-11,Sacramento,067,1510023,305884,302721,29888,332609,3058
2022-06-11,San Benito,069,59416,14034,13832,660,14492,99
2022-06-11,San Bernardino,071,2135413,598697,587385,26204,613589,7708
2022-06-11,San Diego,073,3302833,810060,805360,59489,864849,5315
2022-06-11,San Francisco,075,870044,151715,149278,9961,159239,890
2022-06-11,San Joaquin,077,732212,176697,174822,11486,186308,2244
2022-06-11,San Luis Obispo,079,281455,56707,56160,5008,61168,485
2022-06-11,San Mateo,081,765935,143955,141719,8978,150697,715
2022-06-11,Santa Barbara,083,443738,92866,92177,5342,97519,694
2022-06-11,Santa Clara,085,1922200,369087,359925,15629,375554,2322
2022-06-11,Santa Cruz,087,273765,53974,53171,2606,55777,264
2022-06-11,Shasta,089,179085,31660,31483,6319,37802,566
2022-06-11,Sierra,091,2930,281,278,56,334,4
2022-06-11,Siskiyou,093,43540,4648,4633,2897,7530,81
2022-06-11,Solano,095,438530,91187,89424,6405,95829,453
2022-06-11,Sonoma,097,501317,94293,93218,4033,97251,492
2022-06-11,Stanislaus,099,539301,123340,122267,18861,141128,1665
2022-06-11,Sutter,101,95872,21423,21333,2246,23579,227
2022-06-11,Tehama,103,63373,12418,12343,2679,15022,205
2022-06-11,Trinity,105,12862,1221,1213,292,1505,20
2022-06-11,Tulare,107,460477,109836,109467,29442,138909,1495
2022-06-11,Tuolumne,109,53932,13548,13382,662,14044,189
2022-06-11,Ventura,111,848112,185067,183680,11258,194938,1508
2022-06-11,Yolo,113,214977,42045,40202,3349,43551,323
2022-06-11,Yuba,115,75493,16775,16653,1392,18045,123
2022-06-10,Alameda,001,1643700,296033,292112,16437,308549,1877
2022-06-10,Alpine,002,1148,129,129,1,130,0
2022-06-10,Amador,005,37829,9035,8869,726,9595,87
2022-06-10,Butte,007,227075,35046,34596,7685,42281,427
2022-06-10,Calaveras,009,45235,7647,7604,402,8006,122
2022-06-10,Colusa,011,21464,3519,3505,1094,4599,21
2022-06-10,Contra Costa,013,1133247,217361,211229,16409,227638,1315
2022-06-10,Del Norte,015,27424,6331,6253,268,6521,52
2022-06-10,El Dorado,017,186661,28872,28641,3565,32206,215
2022-06-10,Fresno,019,978130,245342,240345,25926,266271,2766
2022-06-10,Glenn,021,27897,5155,5104,1669,6773,48
2022-06-10,Humboldt,023,135768,18865,18696,3741,22437,148
2022-06-10,Imperial,025,180216,57388,57129,11111,68240,941
2022-06-10,Inyo,027,18085,4211,4194,600,4794,56
2022-06-10,Kern,029,883053,198553,197353,48780,246133,2338
2022-06-10,Kings,031,150075,53154,52978,3620,56598,447
2022-06-10,Lake,033,64148,11311,11202,979,12181,139
2022-06-10,Lassen,035,31185,9207,9172,907,10079,64
2022-06-10,Los Angeles,037,10098052,2904816,2878981,138272,3017253,31947
2022-06-10,Madera,039,155013,38807,38567,6561,45128,372
2022-06-10,Marin,041,260295,39081,38593,4317,42910,294
2022-06-10,Mariposa,043,17540,2656,2625,251,2876,30
2022-06-10,Mendocino,045,87422,14076,13945,3607,17552,127
2022-06-10,Merced,047,269075,65154,64286,9553,73839,825
2022-06-10,Modoc,049,8938,770,767,263,1030,8
2022-06-10,Mono,051,14174,3067,3052,171,3223,6
2022-06-10,Monterey,053,433212,84077,83391,16265,99656,739
2022-06-10,Napa,055,140530,28546,28202,1206,29408,143
2022-06-10,Nevada,057,99092,17127,16989,1397,18386,127
2022-06-10,Orange,059,3164182,585936,581624,47649,629273,7057
2022-06-10,Placer,061,380077,67970,67306,8231,75537,628
2022-06-10,Plumas,063,18699,3200,3172,388,3560,13
2022-06-10,Riverside,065,2383286,619108,615556,29801,645357,6481
2022-06-10,Sacramento,067,1510023,305489,302721,29865,332586,3058
2022-06-10,San Benito,069,59416,14021,13832,659,14491,99
2022-06-10,San Bernardino,071,2135413,598287,587385,26173,613558,7708
2022-06-10,San Diego,073,3302833,809145,805360,59453,864813,5315
2022-06-10,San Francisco,075,870044,151397,149278,9923,159201,890
2022-06-10,San Joaquin,077,732212,176582,174822,11470,186292,2244
2022-06-10,San Luis Obispo,079,281455,56672,56160,5001,61161,485
2022-06-10,San Mateo,081,765935,143698,141719,8965,150684,715
2022-06-10,Santa Barbara,083,443738,92767,92177,5338,97515,694
2022-06-10,Santa Clara,085,1922200,368340,359925,15595,375520,2322
2022-06-10,Santa Cruz,087,273765,53875,53171,2596,55767,264
2022-06-10,Shasta,089,179085,31640,31483,6310,37793,566
2022-06-10,Sierra,091,2930,280,278,56,334,4
2022-06-10,Siskiyou,093,43540,4641,4633,2891,7524,81
2022-06-10,Solano,095,438530,91025,89424,6391,95815,453
2022-06-10,Sonoma,097,501317,94132,93218,4010,97228,492
2022-06-10,Stanislaus,099,539301,123220,122267,18847,141114,1665
2022-06-10,Sutter,101,95872,21408,21333,2244,23577,227
2022-06-10,Tehama,103,63373,12410,12343,2678,15021,205
2022-06-10,Trinity,105,12862,1219,1213,292,1505,20
2022-06-10,Tulare,107,460477,109769,109467,29421,138888,1495
2022-06-10,Tuolumne,109,53932,13534,13382,660,14042,189
2022-06-10,Ventura,111,848112,184881,183680,11224,194904,1508
2022-06-10,Yolo,113,214977,41955,40202,3341,43543,323
2022-06-10,Yuba,115,75493,16754,16653,1389,18042,123
2022-06-09,Alameda,001,1643700,295120,292112,16387,308499,1877
2022-06-09,Alpine,002,1148,129,129,1,130,0
2022-06-09,Amador,005,37829,9024,8869,723,9592,87
2022-06-09,Butte,007,227075,34986,34596,7674,42270,427
2022-06-09,Calaveras,009,45235,7637,7604,402,8006,122
2022-06-09,Colusa,011,21464,3518,3505,1092,4597,21
2022-06-09,Contra Costa,013,1133247,216847,211229,16364,227593,1315
2022-06-09,Del Norte,015,27424,6318,6253,265,6518,52
2022-06-09,El Dorado,017,186661,28815,28641,3555,32196,215
2022-06-09,Fresno,019,978130,244986,240345,25879,266224,2766
2022-06-09,Glenn,021,27897,5149,5104,1667,6771,48
2022-06-09,Humboldt,023,135768,18816,18696,3730,22426,148
2022-06-09,Imperial,025,180216,57330,57129,11094,68223,941
2022-06-09,Inyo,027,18085,4208,4194,595,4789,56
2022-06-09,Kern,029,883053,198351,197353,48682,246035,2338
2022-06-09,Kings,031,150075,53114,52978,3617,56595,447
2022-06-09,Lake,033,64148,11286,11202,977,12179,139
2022-06-09,Lassen,035,31185,9188,9172,905,10077,64
2022-06-09,Los Angeles,037,10098052,2900422,2878981,137893,3016874,31947
2022-06-09,Madera,039,155013,38753,38567,6547,45114,372
2022-06-09,Marin,041,260295,38979,38593,4292,42885,294
2022-06-09,Mariposa,043,17540,2652,2625,250,2875,30
2022-06-09,Mendocino,045,87422,14048,13945,3605,17550,127
2022-06-09,Merced,047,269075,65077,64286,9544,73830,825
2022-06-09,Modoc,049,8938,769,767,263,1030,8
2022-06-09,Mono,051,14174,3061,3052,169,3221,6
2022-06-09,Monterey,053,433212,83955,83391,16196,99587,739
2022-06-09,Napa,055,140530,28486,28202,1204,29406,143
2022-06-09,Nevada,057,99092,17093,16989,1396,18385,127
2022-06-09,Orange,059,3164182,584871,581624,47497,629121,7057
2022-06-09,Placer,061,380077,67849,67306,8218,75524,628
2022-06-09,Plumas,063,18699,3194,3172,388,3560,13
2022-06-09,Riverside,065,2383286,618416,615556,29761,645317,6481
2022-06-09,Sacramento,067,1510023,304908,302721,29777,332498,3058
2022-06-09,San Benito,069,59416,14003,13832,657,14489,99
2022-06-09,San Bernardino,071,2135413,597619,587385,26140,613525,7708
2022-06-09,San Diego,073,3302833,807740,805360,59313,864673,5315
2022-06-09,San Francisco,075,870044,151004,149278,9893,159171,890
2022-06-09,San Joaquin,077,732212,176288,174822,11450,186272,2244
2022-06-09,San Luis Obispo,079,281455,56585,56160,4972,61132,485
2022-06-09,San Mateo,081,765935,143313,141719,8938,150657,715
2022-06-09,Santa Barbara,083,443738,92636,92177,5333,97510,694
2022-06-09,Santa Clara,085,1922200,367373,359925,15528,375453,2322
2022-06-09,Santa Cruz,087,273765,53743,53171,2586,55757,264
2022-06-09,Shasta,089,179085,31608,31483,6300,37783,566
2022-06-09,Sierra,091,2930,280,278,56,334,4
2022-06-09,Siskiyou,093,43540,4634,4633,2877,7510,81
2022-06-09,Solano,095,438530,90776,89424,6377,95801,453
2022-06-09,Sonoma,097,501317,93975,93218,3991,97209,492
2022-06-09,Stanislaus,099,539301,123052,122267,18832,141099,1665
2022-06-09,Sutter,101,95872,21371,21333,2244,23577,227
2022-06-09,Tehama,103,63373,12391,12343,2677,15020,205
2022-06-09,Trinity,105,12862,1218,1213,292,1505,20
2022-06-09,Tulare,107,460477,109646,109467,29385,138852,1495
2022-06-09,Tuolumne,109,53932,13503,13382,657,14039,189
2022-06-09,Ventura,111,848112,184613,183680,11190,194870,1508
2022-06-09,Yolo,113,214977,41843,40202,3326,43528,323
2022-06-09,Yuba,115,75493,16731,16653,1386,18039,123
2022-06-08,Alameda,001,1643700,294354,289661,16336,305997,1873
2022-06-08,Alpine,002,1148,129,128,1,129,0
2022-06-08,Amador,005,37829,9016,8818,721,9539,87
2022-06-08,Butte,007,227075,34919,34380,7656,42036,427
2022-06-08,Calaveras,009,45235,7623,7564,402,7966,122
2022-06-08,Colusa,011,21464,3516,3495,1089,4584,21
2022-06-08,Contra Costa,013,1133247,216334,209384,16300,225684,1310
2022-06-08,Del Norte,015,27424,6296,6229,265,6494,52
2022-06-08,El Dorado,017,186661,28764,28478,3546,32024,215
2022-06-08,Fresno,019,978130,244645,239376,25808,265184,2766
2022-06-08,Glenn,021,27897,5145,5095,1664,6759,48
2022-06-08,Humboldt,023,135768,18786,18598,3704,22302,147
2022-06-08,Imperial,025,180216,57255,56912,11074,67986,941
2022-06-08,Inyo,027,18085,4206,4189,594,4783,56
2022-06-08,Kern,029,883053,198082,196763,48572,245335,2338
2022-06-08,Kings,031,150075,53044,52821,3613,56434,447
2022-06-08,Lake,033,64148,11265,11158,974,12132,137
2022-06-08,Lassen,035,31185,9175,9148,905,10053,64
2022-06-08,Los Angeles,037,10098052,2895809,2865901,137502,3003403,31920
2022-06-08,Madera,039,155013,38708,38408,6534,44942,372
2022-06-08,Marin,041,260295,38887,38338,4275,42613,294
2022-06-08,Mariposa,043,17540,2642,2614,249,2863,30
2022-06-08,Mendocino,045,87422,14028,13859,3593,17452,127
2022-06-08,Merced,047,269075,65011,64080,9522,73602,825
2022-06-08,Modoc,049,8938,765,761,263,1024,8
2022-06-08,Mono,051,14174,3057,3044,169,3213,6
2022-06-08,Monterey,053,433212,83844,83063,16146,99209,740
2022-06-08,Napa,055,140530,28397,27996,1199,29195,143
2022-06-08,Nevada,057,99092,17067,16907,1392,18299,127
2022-06-08,Orange,059,3164182,583766,578530,47305,625835,7044
2022-06-08,Placer,061,380077,67718,66951,8206,75157,627
2022-06-08,Plumas,063,18699,3191,3150,387,3537,13
2022-06-08,Riverside,065,2383286,617730,613469,29726,643195,6480
2022-06-08,Sacramento,067,1510023,304264,300875,29692,330567,3054
2022-06-08,San Benito,069,59416,13969,13734,655,14389,99
2022-06-08,San Bernardino,071,2135413,596925,585029,26096,611125,7685
2022-06-08,San Diego,073,3302833,806245,800840,59137,859977,5308
2022-06-08,San Francisco,075,870044,150581,147960,9867,157827,885
2022-06-08,San Joaquin,077,732212,176010,173887,11420,185307,2241
2022-06-08,San Luis Obispo,079,281455,56429,55822,4909,60731,484
2022-06-08,San Mateo,081,765935,142914,140569,8889,149458,710
2022-06-08,Santa Barbara,083,443738,92497,91747,5322,97069,693
2022-06-08,Santa Clara,085,1922200,366400,356452,15480,371932,2321
2022-06-08,Santa Cruz,087,273765,53603,52753,2575,55328,264
2022-06-08,Shasta,089,179085,31575,31394,6289,37683,565
2022-06-08,Sierra,091,2930,280,278,56,334,4
2022-06-08,Siskiyou,093,43540,4629,4609,2875,7484,81
2022-06-08,Solano,095,438530,90507,88522,6357,94879,453
2022-06-08,Sonoma,097,501317,93790,92644,3957,96601,491
2022-06-08,Stanislaus,099,539301,122870,121787,18797,140584,1662
2022-06-08,Sutter,101,95872,21347,21256,2238,23494,227
2022-06-08,Tehama,103,63373,12384,12306,2676,14982,205
2022-06-08,Trinity,105,12862,1217,1211,291,1502,20
2022-06-08,Tulare,107,460477,109560,109091,29331,138422,1494
2022-06-08,Tuolumne,109,53932,13488,13335,656,13991,189
2022-06-08,Ventura,111,848112,184337,182847,11140,193987,1506
2022-06-08,Yolo,113,214977,41738,39962,3312,43274,321
2022-06-08,Yuba,115,75493,16706,16558,1378,17936,122
2022-06-07,Alameda,001,1643700,293545,289661,16293,305954,1873
2022-06-07,Alpine,002,1148,129,128,1,129,0
2022-06-07,Amador,005,37829,9006,8818,718,9536,87
2022-06-07,Butte,007,227075,34840,34380,7631,42011,427
2022-06-07,Calaveras,009,45235,7615,7564,400,7964,122
2022-06-07,Colusa,011,21464,3516,3495,1086,4581,21
2022-06-07,Contra Costa,013,1133247,215774,209384,16247,225631,1310
2022-06-07,Del Norte,015,27424,6288,6229,262,6491,52
2022-06-07,El Dorado,017,186661,28703,28478,3535,32013,215
2022-06-07,Fresno,019,978130,244260,239376,25742,265118,2766
2022-06-07,Glenn,021,27897,5138,5095,1664,6759,48
2022-06-07,Humboldt,023,135768,18748,18598,3688,22286,147
2022-06-07,Imperial,025,180216,57196,56912,11041,67953,941
2022-06-07,Inyo,027,18085,4205,4189,586,4775,56
2022-06-07,Kern,029,883053,197827,196763,48462,245225,2338
2022-06-07,Kings,031,150075,52986,52821,3609,56430,447
2022-06-07,Lake,033,64148,11240,11158,968,12126,137
2022-06-07,Lassen,035,31185,9166,9148,904,10052,64
2022-06-07,Los Angeles,037,10098052,2890495,2865901,137068,3002969,31920
2022-06-07,Madera,039,155013,38636,38408,6518,44926,372
2022-06-07,Marin,041,260295,38803,38338,4248,42586,294
2022-06-07,Mariposa,043,17540,2635,2614,247,2861,30
2022-06-07,Mendocino,045,87422,13996,13859,3562,17421,127
2022-06-07,Merced,047,269075,64920,64080,9506,73586,825
2022-06-07,Modoc,049,8938,765,761,261,1022,8
2022-06-07,Mono,051,14174,3055,3044,167,3211,6
2022-06-07,Monterey,053,433212,83716,83063,16092,99155,740
2022-06-07,Napa,055,140530,28323,27996,1192,29188,143
2022-06-07,Nevada,057,99092,17040,16907,1386,18293,127
2022-06-07,Orange,059,3164182,582645,578530,47142,625672,7044
2022-06-07,Placer,061,380077,67566,66951,8174,75125,627
2022-06-07,Plumas,063,18699,3186,3150,386,3536,13
2022-06-07,Riverside,065,2383286,616853,613469,29675,643144,6480
2022-06-07,Sacramento,067,1510023,303541,300875,29590,330465,3054
2022-06-07,San Benito,069,59416,13926,13734,651,14385,99
2022-06-07,San Bernardino,071,2135413,596152,585029,26068,611097,7685
2022-06-07,San Diego,073,3302833,804668,800840,58926,859766,5308
2022-06-07,San Francisco,075,870044,150066,147960,9845,157805,885
2022-06-07,San Joaquin,077,732212,175674,173887,11383,185270,2241
2022-06-07,San Luis Obispo,079,281455,56326,55822,4864,60686,484
2022-06-07,San Mateo,081,765935,142495,140569,8834,149403,710
2022-06-07,Santa Barbara,083,443738,92351,91747,5309,97056,693
2022-06-07,Santa Clara,085,1922200,365257,356452,15400,371852,2321
2022-06-07,Santa Cruz,087,273765,53502,52753,2568,55321,264
2022-06-07,Shasta,089,179085,31538,31394,6282,37676,565
2022-06-07,Sierra,091,2930,279,278,56,334,4
2022-06-07,Siskiyou,093,43540,4622,4609,2871,7480,81
2022-06-07,Solano,095,438530,90177,88522,6340,94862,453
2022-06-07,Sonoma,097,501317,93561,92644,3925,96569,491
2022-06-07,Stanislaus,099,539301,122697,121787,18777,140564,1662
2022-06-07,Sutter,101,95872,21318,21256,2236,23492,227
2022-06-07,Tehama,103,63373,12368,12306,2672,14978,205
2022-06-07,Trinity,105,12862,1216,1211,291,1502,20
2022-06-07,Tulare,107,460477,109434,109091,29281,138372,1494
2022-06-07,Tuolumne,109,53932,13473,13335,654,13989,189
2022-06-07,Ventura,111,848112,183972,182847,11096,193943,1506
2022-06-07,Yolo,113,214977,41621,39962,3303,43265,321
2022-06-07,Yuba,115,75493,16677,16558,1377,17935,122
2022-06-06,Alameda,001,1643700,292658,289661,16241,305902,1873
2022-06-06,Alpine,002,1148,129,128,1,129,0
2022-06-06,Amador,005,37829,8955,8818,716,9534,87
2022-06-06,Butte,007,227075,34776,34380,7617,41997,427
2022-06-06,Calaveras,009,45235,7604,7564,400,7964,122
2022-06-06,Colusa,011,21464,3515,3495,1082,4577,21
2022-06-06,Contra Costa,013,1133247,215119,209384,16165,225549,1310
2022-06-06,Del Norte,015,27424,6280,6229,261,6490,52
2022-06-06,El Dorado,017,186661,28656,28478,3523,32001,215
2022-06-06,Fresno,019,978130,243836,239376,25674,265050,2766
2022-06-06,Glenn,021,27897,5130,5095,1662,6757,48
2022-06-06,Humboldt,023,135768,18710,18598,3675,22273,147
2022-06-06,Imperial,025,180216,57123,56912,11009,67921,941
2022-06-06,Inyo,027,18085,4201,4189,583,4772,56
2022-06-06,Kern,029,883053,197544,196763,48327,245090,2338
2022-06-06,Kings,031,150075,52928,52821,3606,56427,447
2022-06-06,Lake,033,64148,11220,11158,962,12120,137
2022-06-06,Lassen,035,31185,9156,9148,903,10051,64
2022-06-06,Los Angeles,037,10098052,2884866,2865901,136651,3002552,31920
2022-06-06,Madera,039,155013,38568,38408,6490,44898,372
2022-06-06,Marin,041,260295,38678,38338,4211,42549,294
2022-06-06,Mariposa,043,17540,2625,2614,245,2859,30
2022-06-06,Mendocino,045,87422,13967,13859,3551,17410,127
2022-06-06,Merced,047,269075,64800,64080,9482,73562,825
2022-06-06,Modoc,049,8938,763,761,259,1020,8
2022-06-06,Mono,051,14174,3052,3044,166,3210,6
2022-06-06,Monterey,053,433212,83573,83063,16027,99090,740
2022-06-06,Napa,055,140530,28244,27996,1183,29179,143
2022-06-06,Nevada,057,99092,17012,16907,1382,18289,127
2022-06-06,Orange,059,3164182,581517,578530,46981,625511,7044
2022-06-06,Placer,061,380077,67450,66951,8142,75093,627
2022-06-06,Plumas,063,18699,3179,3150,385,3535,13
2022-06-06,Riverside,065,2383286,616060,613469,29625,643094,6480
2022-06-06,Sacramento,067,1510023,302765,300875,29487,330362,3054
2022-06-06,San Benito,069,59416,13878,13734,647,14381,99
2022-06-06,San Bernardino,071,2135413,595379,585029,26026,611055,7685
2022-06-06,San Diego,073,3302833,802880,800840,58690,859530,5308
2022-06-06,San Francisco,075,870044,149547,147960,9823,157783,885
2022-06-06,San Joaquin,077,732212,175290,173887,11352,185239,2241
2022-06-06,San Luis Obispo,079,281455,56217,55822,4831,60653,484
2022-06-06,San Mateo,081,765935,142010,140569,8797,149366,710
2022-06-06,Santa Barbara,083,443738,92174,91747,5291,97038,693
2022-06-06,Santa Clara,085,1922200,363995,356452,15316,371768,2321
2022-06-06,Santa Cruz,087,273765,53347,52753,2556,55309,264
2022-06-06,Shasta,089,179085,31503,31394,6270,37664,565
2022-06-06,Sierra,091,2930,279,278,56,334,4
2022-06-06,Siskiyou,093,43540,4612,4609,2861,7470,81
2022-06-06,Solano,095,438530,89883,88522,6320,94842,453
2022-06-06,Sonoma,097,501317,93320,92644,3897,96541,491
2022-06-06,Stanislaus,099,539301,122509,121787,18751,140538,1662
2022-06-06,Sutter,101,95872,21288,21256,2230,23486,227
2022-06-06,Tehama,103,63373,12356,12306,2670,14976,205
2022-06-06,Trinity,105,12862,1214,1211,291,1502,20
2022-06-06,Tulare,107,460477,109294,109091,29226,138317,1494
2022-06-06,Tuolumne,109,53932,13454,13335,653,13988,189
2022-06-06,Ventura,111,848112,183665,182847,11053,193900,1506
2022-06-06,Yolo,113,214977,41464,39962,3292,43254,321
2022-06-06,Yuba,115,75493,16634,16558,1370,17928,122
2022-06-05,Alameda,001,1643700,291607,285785,16178,301963,1873
2022-06-05,Alpine,002,1148,128,128,1,129,0
2022-06-05,Amador,005,37829,8918,8775,713,9488,87
2022-06-05,Butte,007,227075,34697,34129,7599,41728,427
2022-06-05,Calaveras,009,45235,7588,7525,394,7919,121
2022-06-05,Colusa,011,21464,3509,3484,1082,4566,21
2022-06-05,Contra Costa,013,1133247,214409,206711,16056,222767,1310
2022-06-05,Del Norte,015,27424,6269,6206,257,6463,52
2022-06-05,El Dorado,017,186661,28579,28241,3514,31755,214
2022-06-05,Fresno,019,978130,243368,237945,25585,263530,2766
2022-06-05,Glenn,021,27897,5123,5063,1662,6725,48
2022-06-05,Humboldt,023,135768,18660,18433,3653,22086,147
2022-06-05,Imperial,025,180216,57027,56690,10961,67651,941
2022-06-05,Inyo,027,18085,4197,4176,578,4754,56
2022-06-05,Kern,029,883053,197233,195863,48210,244073,2338
2022-06-05,Kings,031,150075,52852,52597,3600,56197,447
2022-06-05,Lake,033,64148,11201,11064,958,12022,137
2022-06-05,Lassen,035,31185,9148,9106,899,10005,64
2022-06-05,Los Angeles,037,10098052,2878807,2846989,136125,2983114,31899
2022-06-05,Madera,039,155013,38506,38188,6474,44662,372
2022-06-05,Marin,041,260295,38564,37879,4178,42057,294
2022-06-05,Mariposa,043,17540,2623,2557,244,2801,30
2022-06-05,Mendocino,045,87422,13931,13738,3504,17242,125
2022-06-05,Merced,047,269075,64709,63756,9448,73204,825
2022-06-05,Modoc,049,8938,762,759,259,1018,8
2022-06-05,Mono,051,14174,3049,3037,164,3201,6
2022-06-05,Monterey,053,433212,83411,82451,15946,98397,738
2022-06-05,Napa,055,140530,28115,27686,1174,28860,143
2022-06-05,Nevada,057,99092,16969,16728,1366,18094,127
2022-06-05,Orange,059,3164182,580253,574146,46793,620939,7038
2022-06-05,Placer,061,380077,67309,66428,8109,74537,627
2022-06-05,Plumas,063,18699,3171,3138,385,3523,13
2022-06-05,Riverside,065,2383286,615123,610369,29562,639931,6481
2022-06-05,Sacramento,067,1510023,301853,297787,29341,327128,3052
2022-06-05,San Benito,069,59416,13833,13572,641,14213,99
2022-06-05,San Bernardino,071,2135413,594393,582305,25982,608287,7664
2022-06-05,San Diego,073,3302833,800984,794822,58498,853320,5303
2022-06-05,San Francisco,075,870044,148959,145876,9770,155646,881
2022-06-05,San Joaquin,077,732212,174851,172621,11304,183925,2242
2022-06-05,San Luis Obispo,079,281455,56055,55333,4758,60091,484
2022-06-05,San Mateo,081,765935,141495,138536,8749,147285,710
2022-06-05,Santa Barbara,083,443738,91982,90911,5272,96183,693
2022-06-05,Santa Clara,085,1922200,362574,351492,15227,366719,2317
2022-06-05,Santa Cruz,087,273765,53155,52333,2543,54876,263
2022-06-05,Shasta,089,179085,31463,31272,6259,37531,565
2022-06-05,Sierra,091,2930,279,278,56,334,4
2022-06-05,Siskiyou,093,43540,4607,4591,2849,7440,81
2022-06-05,Solano,095,438530,89540,87571,6303,93874,452
2022-06-05,Sonoma,097,501317,93040,91518,3868,95386,491
2022-06-05,Stanislaus,099,539301,122312,121001,18723,139724,1661
2022-06-05,Sutter,101,95872,21256,21125,2223,23348,227
2022-06-05,Tehama,103,63373,12337,12262,2667,14929,204
2022-06-05,Trinity,105,12862,1214,1204,291,1495,20
2022-06-05,Tulare,107,460477,109107,108598,29151,137749,1490
2022-06-05,Tuolumne,109,53932,13425,13251,640,13891,189
2022-06-05,Ventura,111,848112,183312,181709,10996,192705,1505
2022-06-05,Yolo,113,214977,41333,39561,3280,42841,321
2022-06-05,Yuba,115,75493,16594,16467,1362,17829,122
2022-06-04,Alameda,001,1643700,291101,285785,16156,301941,1873
2022-06-04,Alpine,002,1148,128,128,1,129,0
2022-06-04,Amador,005,37829,8909,8775,711,9486,87
2022-06-04,Butte,007,227075,34658,34129,7594,41723,427
2022-06-04,Calaveras,009,45235,7574,7525,394,7919,121
2022-06-04,Colusa,011,21464,3506,3484,1077,4561,21
2022-06-04,Contra Costa,013,1133247,214021,206711,16016,222727,1310
2022-06-04,Del Norte,015,27424,6268,6206,257,6463,52
2022-06-04,El Dorado,017,186661,28540,28241,3510,31751,214
2022-06-04,Fresno,019,978130,243197,237945,25568,263513,2766
2022-06-04,Glenn,021,27897,5119,5063,1661,6724,48
2022-06-04,Humboldt,023,135768,18638,18433,3647,22080,147
2022-06-04,Imperial,025,180216,56975,56690,10949,67639,941
2022-06-04,Inyo,027,18085,4197,4176,577,4753,56
2022-06-04,Kern,029,883053,197110,195863,48142,244005,2338
2022-06-04,Kings,031,150075,52811,52597,3600,56197,447
2022-06-04,Lake,033,64148,11186,11064,952,12016,137
2022-06-04,Lassen,035,31185,9143,9106,898,10004,64
2022-06-04,Los Angeles,037,10098052,2876350,2846989,135852,2982841,31899
2022-06-04,Madera,039,155013,38472,38188,6470,44658,372
2022-06-04,Marin,041,260295,38487,37879,4137,42016,294
2022-06-04,Mariposa,043,17540,2620,2557,244,2801,30
2022-06-04,Mendocino,045,87422,13918,13738,3503,17241,125
2022-06-04,Merced,047,269075,64659,63756,9439,73195,825
2022-06-04,Modoc,049,8938,761,759,258,1017,8
2022-06-04,Mono,051,14174,3049,3037,164,3201,6
2022-06-04,Monterey,053,433212,83326,82451,15911,98362,738
2022-06-04,Napa,055,140530,28073,27686,1172,28858,143
2022-06-04,Nevada,057,99092,16956,16728,1365,18093,127
2022-06-04,Orange,059,3164182,579612,574146,46666,620812,7038
2022-06-04,Placer,061,380077,67227,66428,8092,74520,627
2022-06-04,Plumas,063,18699,3167,3138,384,3522,13
2022-06-04,Riverside,065,2383286,614587,610369,29537,639906,6481
2022-06-04,Sacramento,067,1510023,301492,297787,29312,327099,3052
2022-06-04,San Benito,069,59416,13807,13572,638,14210,99
2022-06-04,San Bernardino,071,2135413,593944,582305,25953,608258,7664
2022-06-04,San Diego,073,3302833,800256,794822,58451,853273,5303
2022-06-04,San Francisco,075,870044,148629,145876,9749,155625,881
2022-06-04,San Joaquin,077,732212,174705,172621,11267,183888,2242
2022-06-04,San Luis Obispo,079,281455,56016,55333,4752,60085,484
2022-06-04,San Mateo,081,765935,141189,138536,8721,147257,710
2022-06-04,Santa Barbara,083,443738,91884,90911,5251,96162,693
2022-06-04,Santa Clara,085,1922200,361704,351492,15186,366678,2317
2022-06-04,Santa Cruz,087,273765,53070,52333,2530,54863,263
2022-06-04,Shasta,089,179085,31440,31272,6256,37528,565
2022-06-04,Sierra,091,2930,279,278,56,334,4
2022-06-04,Siskiyou,093,43540,4603,4591,2843,7434,81
2022-06-04,Solano,095,438530,89455,87571,6286,93857,452
2022-06-04,Sonoma,097,501317,92887,91518,3854,95372,491
2022-06-04,Stanislaus,099,539301,122174,121001,18708,139709,1661
2022-06-04,Sutter,101,95872,21229,21125,2220,23345,227
2022-06-04,Tehama,103,63373,12323,12262,2666,14928,204
2022-06-04,Trinity,105,12862,1214,1204,291,1495,20
2022-06-04,Tulare,107,460477,109041,108598,29109,137707,1490
2022-06-04,Tuolumne,109,53932,13415,13251,637,13888,189
2022-06-04,Ventura,111,848112,183127,181709,10979,192688,1505
2022-06-04,Yolo,113,214977,41250,39561,3275,42836,321
2022-06-04,Yuba,115,75493,16578,16467,1358,17825,122
2022-06-03,Alameda,001,1643700,290564,285785,16127,301912,1873
2022-06-03,Alpine,002,1148,128,128,1,129,0
2022-06-03,Amador,005,37829,8903,8775,709,9484,87
2022-06-03,Butte,007,227075,34607,34129,7584,41713,427
2022-06-03,Calaveras,009,45235,7569,7525,394,7919,121
2022-06-03,Colusa,011,21464,3506,3484,1075,4559,21
2022-06-03,Contra Costa,013,1133247,213710,206711,15987,222698,1310
2022-06-03,Del Norte,015,27424,6264,6206,254,6460,52
2022-06-03,El Dorado,017,186661,28511,28241,3507,31748,214
2022-06-03,Fresno,019,978130,242969,237945,25535,263480,2766
2022-06-03,Glenn,021,27897,5113,5063,1659,6722,48
2022-06-03,Humboldt,023,135768,18618,18433,3642,22075,147
2022-06-03,Imperial,025,180216,56929,56690,10939,67629,941
2022-06-03,Inyo,027,18085,4196,4176,577,4753,56
2022-06-03,Kern,029,883053,196969,195863,48074,243937,2338
2022-06-03,Kings,031,150075,52787,52597,3600,56197,447
2022-06-03,Lake,033,64148,11175,11064,949,12013,137
2022-06-03,Lassen,035,31185,9138,9106,898,10004,64
2022-06-03,Los Angeles,037,10098052,2873447,2846989,135563,2982552,31899
2022-06-03,Madera,039,155013,38428,38188,6461,44649,372
2022-06-03,Marin,041,260295,38418,37879,4102,41981,294
2022-06-03,Mariposa,043,17540,2617,2557,244,2801,30
2022-06-03,Mendocino,045,87422,13896,13738,3502,17240,125
2022-06-03,Merced,047,269075,64608,63756,9436,73192,825
2022-06-03,Modoc,049,8938,761,759,258,1017,8
2022-06-03,Mono,051,14174,3046,3037,164,3201,6
2022-06-03,Monterey,053,433212,83227,82451,15864,98315,738
2022-06-03,Napa,055,140530,28023,27686,1164,28850,143
2022-06-03,Nevada,057,99092,16935,16728,1364,18092,127
2022-06-03,Orange,059,3164182,578928,574146,46562,620708,7038
2022-06-03,Placer,061,380077,67146,66428,8075,74503,627
2022-06-03,Plumas,063,18699,3165,3138,383,3521,13
2022-06-03,Riverside,065,2383286,614059,610369,29507,639876,6481
2022-06-03,Sacramento,067,1510023,301021,297787,29277,327064,3052
2022-06-03,San Benito,069,59416,13794,13572,634,14206,99
2022-06-03,San Bernardino,071,2135413,593492,582305,25918,608223,7664
2022-06-03,San Diego,073,3302833,799310,794822,58328,853150,5303
2022-06-03,San Francisco,075,870044,148259,145876,9717,155593,881
2022-06-03,San Joaquin,077,732212,174540,172621,11248,183869,2242
2022-06-03,San Luis Obispo,079,281455,55971,55333,4743,60076,484
2022-06-03,San Mateo,081,765935,140905,138536,8709,147245,710
2022-06-03,Santa Barbara,083,443738,91765,90911,5249,96160,693
2022-06-03,Santa Clara,085,1922200,360811,351492,15139,366631,2317
2022-06-03,Santa Cruz,087,273765,52938,52333,2517,54850,263
2022-06-03,Shasta,089,179085,31428,31272,6255,37527,565
2022-06-03,Sierra,091,2930,279,278,56,334,4
2022-06-03,Siskiyou,093,43540,4599,4591,2842,7433,81
2022-06-03,Solano,095,438530,89339,87571,6275,93846,452
2022-06-03,Sonoma,097,501317,92742,91518,3845,95363,491
2022-06-03,Stanislaus,099,539301,122066,121001,18687,139688,1661
2022-06-03,Sutter,101,95872,21206,21125,2219,23344,227
2022-06-03,Tehama,103,63373,12317,12262,2665,14927,204
2022-06-03,Trinity,105,12862,1212,1204,291,1495,20
2022-06-03,Tulare,107,460477,108973,108598,29074,137672,1490
2022-06-03,Tuolumne,109,53932,13404,13251,634,13885,189
2022-06-03,Ventura,111,848112,182939,181709,10954,192663,1505
2022-06-03,Yolo,113,214977,41188,39561,3261,42822,321
2022-06-03,Yuba,115,75493,16553,16467,1356,17823,122
2022-06-02,Alameda,001,1643700,289663,285785,16064,301849,1873
2022-06-02,Alpine,002,1148,128,128,1,129,0
2022-06-02,Amador,005,37829,8880,8775,707,9482,87
2022-06-02,Butte,007,227075,34531,34129,7568,41697,427
2022-06-02,Calaveras,009,45235,7556,7525,393,7918,121
2022-06-02,Colusa,011,21464,3503,3484,1075,4559,21
2022-06-02,Contra Costa,013,1133247,213123,206711,15895,222606,1310
2022-06-02,Del Norte,015,27424,6254,6206,253,6459,52
2022-06-02,El Dorado,017,186661,28443,28241,3495,31736,214
2022-06-02,Fresno,019,978130,242622,237945,25480,263425,2766
2022-06-02,Glenn,021,27897,5107,5063,1656,6719,48
2022-06-02,Humboldt,023,135768,18577,18433,3621,22054,147
2022-06-02,Imperial,025,180216,56869,56690,10928,67618,941
2022-06-02,Inyo,027,18085,4196,4176,574,4750,56
2022-06-02,Kern,029,883053,196686,195863,47970,243833,2338
2022-06-02,Kings,031,150075,52734,52597,3595,56192,447
2022-06-02,Lake,033,64148,11153,11064,947,12011,137
2022-06-02,Lassen,035,31185,9127,9106,898,10004,64
2022-06-02,Los Angeles,037,10098052,2868530,2846989,135138,2982127,31899
2022-06-02,Madera,039,155013,38374,38188,6448,44636,372
2022-06-02,Marin,041,260295,38320,37879,4075,41954,294
2022-06-02,Mariposa,043,17540,2612,2557,243,2800,30
2022-06-02,Mendocino,045,87422,13867,13738,3494,17232,125
2022-06-02,Merced,047,269075,64532,63756,9426,73182,825
2022-06-02,Modoc,049,8938,760,759,258,1017,8
2022-06-02,Mono,051,14174,3046,3037,164,3201,6
2022-06-02,Monterey,053,433212,83075,82451,15800,98251,738
2022-06-02,Napa,055,140530,27947,27686,1161,28847,143
2022-06-02,Nevada,057,99092,16898,16728,1359,18087,127
2022-06-02,Orange,059,3164182,577898,574146,46414,620560,7038
2022-06-02,Placer,061,380077,67026,66428,8051,74479,627
2022-06-02,Plumas,063,18699,3156,3138,383,3521,13
2022-06-02,Riverside,065,2383286,613375,610369,29448,639817,6481
2022-06-02,Sacramento,067,1510023,300379,297787,29172,326959,3052
2022-06-02,San Benito,069,59416,13761,13572,632,14204,99
2022-06-02,San Bernardino,071,2135413,592822,582305,25872,608177,7664
2022-06-02,San Diego,073,3302833,797937,794822,58156,852978,5303
2022-06-02,San Francisco,075,870044,147840,145876,9668,155544,881
2022-06-02,San Joaquin,077,732212,174229,172621,11215,183836,2242
2022-06-02,San Luis Obispo,079,281455,55841,55333,4708,60041,484
2022-06-02,San Mateo,081,765935,140523,138536,8657,147193,710
2022-06-02,Santa Barbara,083,443738,91591,90911,5234,96145,693
2022-06-02,Santa Clara,085,1922200,359721,351492,15019,366511,2317
2022-06-02,Santa Cruz,087,273765,52822,52333,2506,54839,263
2022-06-02,Shasta,089,179085,31398,31272,6248,37520,565
2022-06-02,Sierra,091,2930,279,278,56,334,4
2022-06-02,Siskiyou,093,43540,4592,4591,2833,7424,81
2022-06-02,Solano,095,438530,89064,87571,6265,93836,452
2022-06-02,Sonoma,097,501317,92516,91518,3819,95337,491
2022-06-02,Stanislaus,099,539301,121906,121001,18658,139659,1661
2022-06-02,Sutter,101,95872,21179,21125,2213,23338,227
2022-06-02,Tehama,103,63373,12305,12262,2658,14920,204
2022-06-02,Trinity,105,12862,1210,1204,291,1495,20
2022-06-02,Tulare,107,460477,108843,108598,29008,137606,1490
2022-06-02,Tuolumne,109,53932,13385,13251,632,13883,189
2022-06-02,Ventura,111,848112,182668,181709,10920,192629,1505
2022-06-02,Yolo,113,214977,41079,39561,3251,42812,321
2022-06-02,Yuba,115,75493,16532,16467,1349,17816,122
2022-06-01,Alameda,001,1643700,288652,284051,16010,300061,1868
2022-06-01,Alpine,002,1148,128,128,1,129,0
2022-06-01,Amador,005,37829,8874,8741,705,9446,87
2022-06-01,Butte,007,227075,34462,34059,7554,41613,427
2022-06-01,Calaveras,009,45235,7551,7502,390,7892,120
2022-06-01,Colusa,011,21464,3500,3476,1075,4551,21
2022-06-01,Contra Costa,013,1133247,212478,205699,15818,221517,1310
2022-06-01,Del Norte,015,27424,6244,6188,252,6440,51
2022-06-01,El Dorado,017,186661,28382,28133,3477,31610,214
2022-06-01,Fresno,019,978130,242263,237367,25425,262792,2765
2022-06-01,Glenn,021,27897,5102,5059,1655,6714,48
2022-06-01,Humboldt,023,135768,18534,18371,3598,21969,147
2022-06-01,Imperial,025,180216,56802,56445,10901,67346,938
2022-06-01,Inyo,027,18085,4192,4171,568,4739,56
2022-06-01,Kern,029,883053,196461,195438,47888,243326,2336
2022-06-01,Kings,031,150075,52677,52491,3591,56082,447
2022-06-01,Lake,033,64148,11132,11024,942,11966,137
2022-06-01,Lassen,035,31185,9114,9083,897,9980,64
2022-06-01,Los Angeles,037,10098052,2863136,2836856,134706,2971562,31882
2022-06-01,Madera,039,155013,38336,38115,6434,44549,372
2022-06-01,Marin,041,260295,38204,37654,4035,41689,293
2022-06-01,Mariposa,043,17540,2597,2549,242,2791,30
2022-06-01,Mendocino,045,87422,13840,13692,3478,17170,125
2022-06-01,Merced,047,269075,64453,63637,9406,73043,824
2022-06-01,Modoc,049,8938,757,755,257,1012,8
2022-06-01,Mono,051,14174,3044,3035,163,3198,6
2022-06-01,Monterey,053,433212,82921,82215,15737,97952,737
2022-06-01,Napa,055,140530,27871,27580,1151,28731,143
2022-06-01,Nevada,057,99092,16859,16693,1350,18043,127
2022-06-01,Orange,059,3164182,576649,571973,46259,618232,7032
2022-06-01,Placer,061,380077,66883,66199,8018,74217,627
2022-06-01,Plumas,063,18699,3149,3117,382,3499,13
2022-06-01,Riverside,065,2383286,612637,608913,29402,638315,6480
2022-06-01,Sacramento,067,1510023,299624,296457,29066,325523,3045
2022-06-01,San Benito,069,59416,13723,13510,621,14131,98
2022-06-01,San Bernardino,071,2135413,592113,580767,25834,606601,7641
2022-06-01,San Diego,073,3302833,796244,791557,57957,849514,5292
2022-06-01,San Francisco,075,870044,147320,144476,9630,154106,879
2022-06-01,San Joaquin,077,732212,173931,172170,11185,183355,2241
2022-06-01,San Luis Obispo,079,281455,55674,55099,4675,59774,482
2022-06-01,San Mateo,081,765935,140040,137566,8582,146148,710
2022-06-01,Santa Barbara,083,443738,91408,90531,5219,95750,693
2022-06-01,Santa Clara,085,1922200,358560,348742,14928,363670,2317
2022-06-01,Santa Cruz,087,273765,52709,52141,2496,54637,263
2022-06-01,Shasta,089,179085,31367,31247,6245,37492,564
2022-06-01,Sierra,091,2930,279,280,56,336,4
2022-06-01,Siskiyou,093,43540,4587,4574,2828,7402,81
2022-06-01,Solano,095,438530,88827,87206,6237,93443,452
2022-06-01,Sonoma,097,501317,92263,91174,3795,94969,491
2022-06-01,Stanislaus,099,539301,121715,120778,18636,139414,1656
2022-06-01,Sutter,101,95872,21150,21065,2209,23274,227
2022-06-01,Tehama,103,63373,12298,12245,2654,14899,204
2022-06-01,Trinity,105,12862,1209,1200,290,1490,20
2022-06-01,Tulare,107,460477,108732,108401,28952,137353,1490
2022-06-01,Tuolumne,109,53932,13371,13221,631,13852,189
2022-06-01,Ventura,111,848112,182385,181163,10889,192052,1503
2022-06-01,Yolo,113,214977,40996,39371,3240,42611,320
2022-06-01,Yuba,115,75493,16508,16406,1341,17747,122
2022-05-31,Alameda,001,1643700,287543,284051,15957,300008,1868
2022-05-31,Alpine,002,1148,128,128,1,129,0
2022-05-31,Amador,005,37829,8856,8741,699,9440,87
2022-05-31,Butte,007,227075,34401,34059,7536,41595,427
2022-05-31,Calaveras,009,45235,7540,7502,390,7892,120
2022-05-31,Colusa,011,21464,3495,3476,1074,4550,21
2022-05-31,Contra Costa,013,1133247,211726,205699,15723,221422,1310
2022-05-31,Del Norte,015,27424,6235,6188,250,6438,51
2022-05-31,El Dorado,017,186661,28321,28133,3457,31590,214
2022-05-31,Fresno,019,978130,241860,237367,25356,262723,2765
2022-05-31,Glenn,021,27897,5094,5059,1653,6712,48
2022-05-31,Humboldt,023,135768,18503,18371,3578,21949,147
2022-05-31,Imperial,025,180216,56738,56445,10877,67322,938
2022-05-31,Inyo,027,18085,4186,4171,566,4737,56
2022-05-31,Kern,029,883053,196217,195438,47792,243230,2336
2022-05-31,Kings,031,150075,52626,52491,3585,56076,447
2022-05-31,Lake,033,64148,11113,11024,938,11962,137
2022-05-31,Lassen,035,31185,9102,9083,896,9979,64
2022-05-31,Los Angeles,037,10098052,2857071,2836856,134239,2971095,31882
2022-05-31,Madera,039,155013,38272,38115,6414,44529,372
2022-05-31,Marin,041,260295,38065,37654,4000,41654,293
2022-05-31,Mariposa,043,17540,2591,2549,237,2786,30
2022-05-31,Mendocino,045,87422,13805,13692,3461,17153,125
2022-05-31,Merced,047,269075,64366,63637,9383,73020,824
2022-05-31,Modoc,049,8938,755,755,257,1012,8
2022-05-31,Mono,051,14174,3040,3035,163,3198,6
2022-05-31,Monterey,053,433212,82761,82215,15671,97886,737
2022-05-31,Napa,055,140530,27778,27580,1148,28728,143
2022-05-31,Nevada,057,99092,16812,16693,1348,18041,127
2022-05-31,Orange,059,3164182,575421,571973,46076,618049,7032
2022-05-31,Placer,061,380077,66723,66199,7988,74187,627
2022-05-31,Plumas,063,18699,3145,3117,381,3498,13
2022-05-31,Riverside,065,2383286,611717,608913,29340,638253,6480
2022-05-31,Sacramento,067,1510023,298772,296457,28925,325382,3045
2022-05-31,San Benito,069,59416,13668,13510,616,14126,98
2022-05-31,San Bernardino,071,2135413,591231,580767,25799,606566,7641
2022-05-31,San Diego,073,3302833,794368,791557,57752,849309,5292
2022-05-31,San Francisco,075,870044,146679,144476,9588,154064,879
2022-05-31,San Joaquin,077,732212,173555,172170,11142,183312,2241
2022-05-31,San Luis Obispo,079,281455,55524,55099,4610,59709,482
2022-05-31,San Mateo,081,765935,139480,137566,8540,146106,710
2022-05-31,Santa Barbara,083,443738,91184,90531,5196,95727,693
2022-05-31,Santa Clara,085,1922200,357048,348742,14851,363593,2317
2022-05-31,Santa Cruz,087,273765,52589,52141,2476,54617,263
2022-05-31,Shasta,089,179085,31333,31247,6234,37481,564
2022-05-31,Sierra,091,2930,278,280,55,335,4
2022-05-31,Siskiyou,093,43540,4582,4574,2822,7396,81
2022-05-31,Solano,095,438530,88489,87206,6213,93419,452
2022-05-31,Sonoma,097,501317,91974,91174,3756,94930,491
2022-05-31,Stanislaus,099,539301,121510,120778,18611,139389,1656
2022-05-31,Sutter,101,95872,21121,21065,2203,23268,227
2022-05-31,Tehama,103,63373,12289,12245,2649,14894,204
2022-05-31,Trinity,105,12862,1208,1200,290,1490,20
2022-05-31,Tulare,107,460477,108593,108401,28892,137293,1490
2022-05-31,Tuolumne,109,53932,13356,13221,628,13849,189
2022-05-31,Ventura,111,848112,182065,181163,10840,192003,1503
2022-05-31,Yolo,113,214977,40823,39371,3229,42600,320
2022-05-31,Yuba,115,75493,16476,16406,1335,17741,122
2022-05-30,Alameda,001,1643700,286169,284051,15870,299921,1868
2022-05-30,Alpine,002,1148,128,128,1,129,0
2022-05-30,Amador,005,37829,8841,8741,698,9439,87
2022-05-30,Butte,007,227075,34324,34059,7513,41572,427
2022-05-30,Calaveras,009,45235,7531,7502,390,7892,120
2022-05-30,Colusa,011,21464,3493,3476,1073,4549,21
2022-05-30,Contra Costa,013,1133247,210883,205699,15587,221286,1310
2022-05-30,Del Norte,015,27424,6217,6188,249,6437,51
2022-05-30,El Dorado,017,186661,28243,28133,3438,31571,214
2022-05-30,Fresno,019,978130,241388,237367,25281,262648,2765
2022-05-30,Glenn,021,27897,5089,5059,1650,6709,48
2022-05-30,Humboldt,023,135768,18449,18371,3550,21921,147
2022-05-30,Imperial,025,180216,56657,56445,10850,67295,938
2022-05-30,Inyo,027,18085,4181,4171,565,4736,56
2022-05-30,Kern,029,883053,195937,195438,47676,243114,2336
2022-05-30,Kings,031,150075,52530,52491,3584,56075,447
2022-05-30,Lake,033,64148,11084,11024,929,11953,137
2022-05-30,Lassen,035,31185,9087,9083,893,9976,64
2022-05-30,Los Angeles,037,10098052,2849778,2836856,133730,2970586,31882
2022-05-30,Madera,039,155013,38216,38115,6374,44489,372
2022-05-30,Marin,041,260295,37939,37654,3958,41612,293
2022-05-30,Mariposa,043,17540,2568,2549,233,2782,30
2022-05-30,Mendocino,045,87422,13758,13692,3443,17135,125
2022-05-30,Merced,047,269075,64269,63637,9346,72983,824
2022-05-30,Modoc,049,8938,752,755,255,1010,8
2022-05-30,Mono,051,14174,3037,3035,163,3198,6
2022-05-30,Monterey,053,433212,82572,82215,15583,97798,737
2022-05-30,Napa,055,140530,27701,27580,1140,28720,143
2022-05-30,Nevada,057,99092,16765,16693,1343,18036,127
2022-05-30,Orange,059,3164182,573955,571973,45860,617833,7032
2022-05-30,Placer,061,380077,66582,66199,7958,74157,627
2022-05-30,Plumas,063,18699,3139,3117,378,3495,13
2022-05-30,Riverside,065,2383286,610707,608913,29262,638175,6480
2022-05-30,Sacramento,067,1510023,297820,296457,28768,325225,3045
2022-05-30,San Benito,069,59416,13606,13510,608,14118,98
2022-05-30,San Bernardino,071,2135413,590258,580767,25763,606530,7641
2022-05-30,San Diego,073,3302833,792097,791557,57458,849015,5292
2022-05-30,San Francisco,075,870044,146023,144476,9535,154011,879
2022-05-30,San Joaquin,077,732212,173157,172170,11101,183271,2241
2022-05-30,San Luis Obispo,079,281455,55317,55099,4539,59638,482
2022-05-30,San Mateo,081,765935,138798,137566,8488,146054,710
2022-05-30,Santa Barbara,083,443738,90928,90531,5162,95693,693
2022-05-30,Santa Clara,085,1922200,355494,348742,14763,363505,2317
2022-05-30,Santa Cruz,087,273765,52451,52141,2466,54607,263
2022-05-30,Shasta,089,179085,31295,31247,6227,37474,564
2022-05-30,Sierra,091,2930,278,280,55,335,4
2022-05-30,Siskiyou,093,43540,4573,4574,2810,7384,81
2022-05-30,Solano,095,438530,88141,87206,6157,93363,452
2022-05-30,Sonoma,097,501317,91687,91174,3712,94886,491
2022-05-30,Stanislaus,099,539301,121319,120778,18581,139359,1656
2022-05-30,Sutter,101,95872,21082,21065,2197,23262,227
2022-05-30,Tehama,103,63373,12273,12245,2645,14890,204
2022-05-30,Trinity,105,12862,1207,1200,290,1490,20
2022-05-30,Tulare,107,460477,108434,108401,28803,137204,1490
2022-05-30,Tuolumne,109,53932,13331,13221,624,13845,189
2022-05-30,Ventura,111,848112,181692,181163,10788,191951,1503
2022-05-30,Yolo,113,214977,40636,39371,3219,42590,320
2022-05-30,Yuba,115,75493,16448,16406,1331,17737,122
2022-05-29,Alameda,001,1643700,285684,280775,15847,296622,1863
2022-05-29,Alpine,002,1148,128,126,1,127,0
2022-05-29,Amador,005,37829,8836,8696,695,9391,86
2022-05-29,Butte,007,227075,34308,33876,7506,41382,426
2022-05-29,Calaveras,009,45235,7520,7469,390,7859,120
2022-05-29,Colusa,011,21464,3492,3474,1072,4546,21
2022-05-29,Contra Costa,013,1133247,210538,203528,15562,219090,1306
2022-05-29,Del Norte,015,27424,6215,6166,248,6414,51
2022-05-29,El Dorado,017,186661,28217,27898,3435,31333,214
2022-05-29,Fresno,019,978130,241258,236250,25261,261511,2764
2022-05-29,Glenn,021,27897,5084,5048,1650,6698,48
2022-05-29,Humboldt,023,135768,18428,18257,3539,21796,147
2022-05-29,Imperial,025,180216,56619,56323,10836,67159,939
2022-05-29,Inyo,027,18085,4180,4161,565,4726,56
2022-05-29,Kern,029,883053,195839,194687,47611,242298,2334
2022-05-29,Kings,031,150075,52505,52292,3584,55876,447
2022-05-29,Lake,033,64148,11075,10958,927,11885,137
2022-05-29,Lassen,035,31185,9083,9049,893,9942,64
2022-05-29,Los Angeles,037,10098052,2847540,2819145,133459,2952604,31862
2022-05-29,Madera,039,155013,38193,37955,6369,44324,371
2022-05-29,Marin,041,260295,37870,37215,3926,41141,293
2022-05-29,Mariposa,043,17540,2563,2526,233,2759,31
2022-05-29,Mendocino,045,87422,13737,13612,3442,17054,124
2022-05-29,Merced,047,269075,64248,63389,9343,72732,824
2022-05-29,Modoc,049,8938,752,751,255,1006,8
2022-05-29,Mono,051,14174,3036,3030,163,3193,6
2022-05-29,Monterey,053,433212,82507,81875,15539,97414,737
2022-05-29,Napa,055,140530,27673,27376,1139,28515,144
2022-05-29,Nevada,057,99092,16750,16568,1341,17909,127
2022-05-29,Orange,059,3164182,573379,568369,45683,614052,7028
2022-05-29,Placer,061,380077,66512,65672,7949,73621,626
2022-05-29,Plumas,063,18699,3132,3096,378,3474,13
2022-05-29,Riverside,065,2383286,610361,606444,29227,635671,6480
2022-05-29,Sacramento,067,1510023,297362,294000,28740,322740,3032
2022-05-29,San Benito,069,59416,13600,13402,606,14008,98
2022-05-29,San Bernardino,071,2135413,589964,578656,25747,604403,7610
2022-05-29,San Diego,073,3302833,791357,786243,57378,843621,5288
2022-05-29,San Francisco,075,870044,145594,142456,9526,151982,879
2022-05-29,San Joaquin,077,732212,172995,171282,11083,182365,2241
2022-05-29,San Luis Obispo,079,281455,55265,54701,4527,59228,481
2022-05-29,San Mateo,081,765935,138544,135746,8475,144221,710
2022-05-29,Santa Barbara,083,443738,90799,89940,5161,95101,693
2022-05-29,Santa Clara,085,1922200,354699,344223,14724,358947,2304
2022-05-29,Santa Cruz,087,273765,52375,51819,2459,54278,263
2022-05-29,Shasta,089,179085,31283,31165,6223,37388,564
2022-05-29,Sierra,091,2930,278,278,55,333,4
2022-05-29,Siskiyou,093,43540,4568,4537,2808,7345,81
2022-05-29,Solano,095,438530,88086,86565,6146,92711,452
2022-05-29,Sonoma,097,501317,91595,90364,3697,94061,490
2022-05-29,Stanislaus,099,539301,121220,120241,18562,138803,1657
2022-05-29,Sutter,101,95872,21062,20976,2197,23173,227
2022-05-29,Tehama,103,63373,12263,12210,2644,14854,204
2022-05-29,Trinity,105,12862,1206,1196,290,1486,20
2022-05-29,Tulare,107,460477,108350,108029,28758,136787,1484
2022-05-29,Tuolumne,109,53932,13316,13141,624,13765,189
2022-05-29,Ventura,111,848112,181547,179953,10778,190731,1503
2022-05-29,Yolo,113,214977,40584,39016,3216,42232,319
2022-05-29,Yuba,115,75493,16432,16314,1327,17641,122
2022-05-28,Alameda,001,1643700,285309,280775,15821,296596,1863
2022-05-28,Alpine,002,1148,128,126,1,127,0
2022-05-28,Amador,005,37829,8827,8696,695,9391,86
2022-05-28,Butte,007,227075,34284,33876,7490,41366,426
2022-05-28,Calaveras,009,45235,7516,7469,390,7859,120
2022-05-28,Colusa,011,21464,3487,3474,1071,4545,21
2022-05-28,Contra Costa,013,1133247,210270,203528,15538,219066,1306
2022-05-28,Del Norte,015,27424,6211,6166,246,6412,51
2022-05-28,El Dorado,017,186661,28187,27898,3434,31332,214
2022-05-28,Fresno,019,978130,241100,236250,25230,261480,2764
2022-05-28,Glenn,021,27897,5081,5048,1650,6698,48
2022-05-28,Humboldt,023,135768,18404,18257,3529,21786,147
2022-05-28,Imperial,025,180216,56593,56323,10826,67149,939
2022-05-28,Inyo,027,18085,4180,4161,563,4724,56
2022-05-28,Kern,029,883053,195740,194687,47561,242248,2334
2022-05-28,Kings,031,150075,52481,52292,3583,55875,447
2022-05-28,Lake,033,64148,11065,10958,927,11885,137
2022-05-28,Lassen,035,31185,9078,9049,893,9942,64
2022-05-28,Los Angeles,037,10098052,2845553,2819145,133191,2952336,31862
2022-05-28,Madera,039,155013,38176,37955,6366,44321,371
2022-05-28,Marin,041,260295,37803,37215,3896,41111,293
2022-05-28,Mariposa,043,17540,2559,2526,233,2759,31
2022-05-28,Mendocino,045,87422,13725,13612,3442,17054,124
2022-05-28,Merced,047,269075,64215,63389,9337,72726,824
2022-05-28,Modoc,049,8938,752,751,255,1006,8
2022-05-28,Mono,051,14174,3036,3030,162,3192,6
2022-05-28,Monterey,053,433212,82439,81875,15507,97382,737
2022-05-28,Napa,055,140530,27628,27376,1138,28514,144
2022-05-28,Nevada,057,99092,16738,16568,1339,17907,127
2022-05-28,Orange,059,3164182,572864,568369,45562,613931,7028
2022-05-28,Placer,061,380077,66437,65672,7935,73607,626
2022-05-28,Plumas,063,18699,3126,3096,377,3473,13
2022-05-28,Riverside,065,2383286,609982,606444,29199,635643,6480
2022-05-28,Sacramento,067,1510023,297089,294000,28721,322721,3032
2022-05-28,San Benito,069,59416,13585,13402,606,14008,98
2022-05-28,San Bernardino,071,2135413,589600,578656,25720,604376,7610
2022-05-28,San Diego,073,3302833,790699,786243,57326,843569,5288
2022-05-28,San Francisco,075,870044,145287,142456,9505,151961,879
2022-05-28,San Joaquin,077,732212,172891,171282,11067,182349,2241
2022-05-28,San Luis Obispo,079,281455,55230,54701,4524,59225,481
2022-05-28,San Mateo,081,765935,138266,135746,8448,144194,710
2022-05-28,Santa Barbara,083,443738,90699,89940,5151,95091,693
2022-05-28,Santa Clara,085,1922200,353913,344223,14697,358920,2304
2022-05-28,Santa Cruz,087,273765,52335,51819,2451,54270,263
2022-05-28,Shasta,089,179085,31272,31165,6218,37383,564
2022-05-28,Sierra,091,2930,278,278,54,332,4
2022-05-28,Siskiyou,093,43540,4560,4537,2804,7341,81
2022-05-28,Solano,095,438530,88012,86565,6136,92701,452
2022-05-28,Sonoma,097,501317,91454,90364,3686,94050,490
2022-05-28,Stanislaus,099,539301,121120,120241,18554,138795,1657
2022-05-28,Sutter,101,95872,21047,20976,2195,23171,227
2022-05-28,Tehama,103,63373,12251,12210,2641,14851,204
2022-05-28,Trinity,105,12862,1205,1196,290,1486,20
2022-05-28,Tulare,107,460477,108294,108029,28725,136754,1484
2022-05-28,Tuolumne,109,53932,13301,13141,623,13764,189
2022-05-28,Ventura,111,848112,181381,179953,10758,190711,1503
2022-05-28,Yolo,113,214977,40530,39016,3209,42225,319
2022-05-28,Yuba,115,75493,16418,16314,1325,17639,122
2022-05-27,Alameda,001,1643700,284832,280775,15780,296555,1863
2022-05-27,Alpine,002,1148,127,126,1,127,0
2022-05-27,Amador,005,37829,8822,8696,695,9391,86
2022-05-27,Butte,007,227075,34258,33876,7474,41350,426
2022-05-27,Calaveras,009,45235,7509,7469,390,7859,120
2022-05-27,Colusa,011,21464,3487,3474,1071,4545,21
2022-05-27,Contra Costa,013,1133247,209989,203528,15506,219034,1306
2022-05-27,Del Norte,015,27424,6205,6166,246,6412,51
2022-05-27,El Dorado,017,186661,28163,27898,3426,31324,214
2022-05-27,Fresno,019,978130,240927,236250,25198,261448,2764
2022-05-27,Glenn,021,27897,5079,5048,1649,6697,48
2022-05-27,Humboldt,023,135768,18394,18257,3523,21780,147
2022-05-27,Imperial,025,180216,56509,56323,10821,67144,939
2022-05-27,Inyo,027,18085,4178,4161,562,4723,56
2022-05-27,Kern,029,883053,195631,194687,47493,242180,2334
2022-05-27,Kings,031,150075,52453,52292,3580,55872,447
2022-05-27,Lake,033,64148,11059,10958,925,11883,137
2022-05-27,Lassen,035,31185,9074,9049,893,9942,64
2022-05-27,Los Angeles,037,10098052,2843188,2819145,132943,2952088,31862
2022-05-27,Madera,039,155013,38142,37955,6357,44312,371
2022-05-27,Marin,041,260295,37736,37215,3862,41077,293
2022-05-27,Mariposa,043,17540,2553,2526,233,2759,31
2022-05-27,Mendocino,045,87422,13708,13612,3438,17050,124
2022-05-27,Merced,047,269075,64174,63389,9332,72721,824
2022-05-27,Modoc,049,8938,752,751,255,1006,8
2022-05-27,Mono,051,14174,3035,3030,162,3192,6
2022-05-27,Monterey,053,433212,82380,81875,15462,97337,737
2022-05-27,Napa,055,140530,27595,27376,1135,28511,144
2022-05-27,Nevada,057,99092,16727,16568,1335,17903,127
2022-05-27,Orange,059,3164182,572310,568369,45452,613821,7028
2022-05-27,Placer,061,380077,66367,65672,7926,73598,626
2022-05-27,Plumas,063,18699,3123,3096,377,3473,13
2022-05-27,Riverside,065,2383286,609568,606444,29167,635611,6480
2022-05-27,Sacramento,067,1510023,296712,294000,28679,322679,3032
2022-05-27,San Benito,069,59416,13573,13402,606,14008,98
2022-05-27,San Bernardino,071,2135413,589263,578656,25695,604351,7610
2022-05-27,San Diego,073,3302833,789821,786243,57234,843477,5288
2022-05-27,San Francisco,075,870044,144955,142456,9465,151921,879
2022-05-27,San Joaquin,077,732212,172760,171282,11047,182329,2241
2022-05-27,San Luis Obispo,079,281455,55167,54701,4513,59214,481
2022-05-27,San Mateo,081,765935,138015,135746,8423,144169,710
2022-05-27,Santa Barbara,083,443738,90610,89940,5150,95090,693
2022-05-27,Santa Clara,085,1922200,353169,344223,14681,358904,2304
2022-05-27,Santa Cruz,087,273765,52280,51819,2439,54258,263
2022-05-27,Shasta,089,179085,31262,31165,6212,37377,564
2022-05-27,Sierra,091,2930,278,278,54,332,4
2022-05-27,Siskiyou,093,43540,4558,4537,2802,7339,81
2022-05-27,Solano,095,438530,87884,86565,6125,92690,452
2022-05-27,Sonoma,097,501317,91309,90364,3674,94038,490
2022-05-27,Stanislaus,099,539301,121037,120241,18539,138780,1657
2022-05-27,Sutter,101,95872,21030,20976,2194,23170,227
2022-05-27,Tehama,103,63373,12248,12210,2640,14850,204
2022-05-27,Trinity,105,12862,1205,1196,290,1486,20
2022-05-27,Tulare,107,460477,108228,108029,28688,136717,1484
2022-05-27,Tuolumne,109,53932,13291,13141,622,13763,189
2022-05-27,Ventura,111,848112,181205,179953,10735,190688,1503
2022-05-27,Yolo,113,214977,40459,39016,3201,42217,319
2022-05-27,Yuba,115,75493,16404,16314,1324,17638,122
2022-05-26,Alameda,001,1643700,283980,280775,15705,296480,1863
2022-05-26,Alpine,002,1148,127,126,1,127,0
2022-05-26,Amador,005,37829,8809,8696,695,9391,86
2022-05-26,Butte,007,227075,34203,33876,7452,41328,426
2022-05-26,Calaveras,009,45235,7499,7469,390,7859,120
2022-05-26,Colusa,011,21464,3484,3474,1068,4542,21
2022-05-26,Contra Costa,013,1133247,209511,203528,15433,218961,1306
2022-05-26,Del Norte,015,27424,6197,6166,242,6408,51
2022-05-26,El Dorado,017,186661,28114,27898,3415,31313,214
2022-05-26,Fresno,019,978130,240672,236250,25142,261392,2764
2022-05-26,Glenn,021,27897,5073,5048,1649,6697,48
2022-05-26,Humboldt,023,135768,18353,18257,3510,21767,147
2022-05-26,Imperial,025,180216,56477,56323,10806,67129,939
2022-05-26,Inyo,027,18085,4177,4161,559,4720,56
2022-05-26,Kern,029,883053,195467,194687,47418,242105,2334
2022-05-26,Kings,031,150075,52407,52292,3577,55869,447
2022-05-26,Lake,033,64148,11044,10958,925,11883,137
2022-05-26,Lassen,035,31185,9065,9049,893,9942,64
2022-05-26,Los Angeles,037,10098052,2838992,2819145,132609,2951754,31862
2022-05-26,Madera,039,155013,38098,37955,6346,44301,371
2022-05-26,Marin,041,260295,37641,37215,3821,41036,293
2022-05-26,Mariposa,043,17540,2548,2526,231,2757,31
2022-05-26,Mendocino,045,87422,13682,13612,3429,17041,124
2022-05-26,Merced,047,269075,64109,63389,9322,72711,824
2022-05-26,Modoc,049,8938,751,751,255,1006,8
2022-05-26,Mono,051,14174,3034,3030,161,3191,6
2022-05-26,Monterey,053,433212,82301,81875,15409,97284,737
2022-05-26,Napa,055,140530,27543,27376,1133,28509,144
2022-05-26,Nevada,057,99092,16696,16568,1326,17894,127
2022-05-26,Orange,059,3164182,571405,568369,45326,613695,7028
2022-05-26,Placer,061,380077,66230,65672,7906,73578,626
2022-05-26,Plumas,063,18699,3119,3096,376,3472,13
2022-05-26,Riverside,065,2383286,608952,606444,29115,635559,6480
2022-05-26,Sacramento,067,1510023,296056,294000,28587,322587,3032
2022-05-26,San Benito,069,59416,13557,13402,604,14006,98
2022-05-26,San Bernardino,071,2135413,588717,578656,25680,604336,7610
2022-05-26,San Diego,073,3302833,788517,786243,57091,843334,5288
2022-05-26,San Francisco,075,870044,144498,142456,9418,151874,879
2022-05-26,San Joaquin,077,732212,172536,171282,11023,182305,2241
2022-05-26,San Luis Obispo,079,281455,55070,54701,4481,59182,481
2022-05-26,San Mateo,081,765935,137623,135746,8385,144131,710
2022-05-26,Santa Barbara,083,443738,90462,89940,5130,95070,693
2022-05-26,Santa Clara,085,1922200,352208,344223,14595,358818,2304
2022-05-26,Santa Cruz,087,273765,52189,51819,2431,54250,263
2022-05-26,Shasta,089,179085,31235,31165,6209,37374,564
2022-05-26,Sierra,091,2930,278,278,54,332,4
2022-05-26,Siskiyou,093,43540,4554,4537,2800,7337,81
2022-05-26,Solano,095,438530,87681,86565,6116,92681,452
2022-05-26,Sonoma,097,501317,91118,90364,3647,94011,490
2022-05-26,Stanislaus,099,539301,120933,120241,18520,138761,1657
2022-05-26,Sutter,101,95872,21010,20976,2190,23166,227
2022-05-26,Tehama,103,63373,12238,12210,2639,14849,204
2022-05-26,Trinity,105,12862,1203,1196,290,1486,20
2022-05-26,Tulare,107,460477,108162,108029,28633,136662,1484
2022-05-26,Tuolumne,109,53932,13271,13141,618,13759,189
2022-05-26,Ventura,111,848112,180943,179953,10698,190651,1503
2022-05-26,Yolo,113,214977,40356,39016,3192,42208,319
2022-05-26,Yuba,115,75493,16388,16314,1322,17636,122
2022-05-25,Alameda,001,1643700,283073,278228,15647,293875,1860
2022-05-25,Alpine,002,1148,126,126,1,127,0
2022-05-25,Amador,005,37829,8792,8654,693,9347,86
2022-05-25,Butte,007,227075,34141,33755,7429,41184,426
2022-05-25,Calaveras,009,45235,7491,7450,388,7838,120
2022-05-25,Colusa,011,21464,3483,3471,1066,4537,21
2022-05-25,Contra Costa,013,1133247,208958,201866,15360,217226,1306
2022-05-25,Del Norte,015,27424,6191,6145,236,6381,50
2022-05-25,El Dorado,017,186661,28063,27715,3406,31121,213
2022-05-25,Fresno,019,978130,240384,235569,25090,260659,2763
2022-05-25,Glenn,021,27897,5068,5030,1647,6677,48
2022-05-25,Humboldt,023,135768,18327,18133,3491,21624,147
2022-05-25,Imperial,025,180216,56421,56203,10795,66998,923
2022-05-25,Inyo,027,18085,4174,4152,559,4711,56
2022-05-25,Kern,029,883053,195273,194251,47331,241582,2336
2022-05-25,Kings,031,150075,52354,52178,3573,55751,447
2022-05-25,Lake,033,64148,11031,10908,924,11832,137
2022-05-25,Lassen,035,31185,9058,9028,893,9921,64
2022-05-25,Los Angeles,037,10098052,2834354,2806770,132238,2939008,31845
2022-05-25,Madera,039,155013,38059,37867,6333,44200,370
2022-05-25,Marin,041,260295,37541,36890,3793,40683,293
2022-05-25,Mariposa,043,17540,2538,2514,229,2743,30
2022-05-25,Mendocino,045,87422,13667,13545,3423,16968,124
2022-05-25,Merced,047,269075,64043,63220,9292,72512,823
2022-05-25,Modoc,049,8938,750,750,254,1004,8
2022-05-25,Mono,051,14174,3034,3024,160,3184,6
2022-05-25,Monterey,053,433212,82235,81592,15366,96958,737
2022-05-25,Napa,055,140530,27494,27240,1127,28367,143
2022-05-25,Nevada,057,99092,16661,16517,1320,17837,127
2022-05-25,Orange,059,3164182,570399,565564,45168,610732,7026
2022-05-25,Placer,061,380077,66079,65309,7885,73194,626
2022-05-25,Plumas,063,18699,3113,3065,375,3440,13
2022-05-25,Riverside,065,2383286,608271,604465,29063,633528,6480
2022-05-25,Sacramento,067,1510023,295412,292211,28479,320690,3028
2022-05-25,San Benito,069,59416,13523,13338,597,13935,98
2022-05-25,San Bernardino,071,2135413,588188,576982,25654,602636,7568
2022-05-25,San Diego,073,3302833,787050,782420,56902,839322,5284
2022-05-25,San Francisco,075,870044,143996,141015,9391,150406,872
2022-05-25,San Joaquin,077,732212,172299,170626,11002,181628,2238
2022-05-25,San Luis Obispo,079,281455,54963,54342,4429,58771,481
2022-05-25,San Mateo,081,765935,137165,134441,8319,142760,710
2022-05-25,Santa Barbara,083,443738,90295,89426,5115,94541,693
2022-05-25,Santa Clara,085,1922200,351138,340868,14489,355357,2304
2022-05-25,Santa Cruz,087,273765,52105,51644,2416,54060,263
2022-05-25,Shasta,089,179085,31210,31072,6200,37272,564
2022-05-25,Sierra,091,2930,278,277,54,331,4
2022-05-25,Siskiyou,093,43540,4544,4516,2797,7313,81
2022-05-25,Solano,095,438530,87466,86024,6099,92123,451
2022-05-25,Sonoma,097,501317,90926,89810,3608,93418,490
2022-05-25,Stanislaus,099,539301,120797,119894,18497,138391,1654
2022-05-25,Sutter,101,95872,20985,20904,2187,23091,226
2022-05-25,Tehama,103,63373,12232,12189,2635,14824,201
2022-05-25,Trinity,105,12862,1203,1194,290,1484,20
2022-05-25,Tulare,107,460477,108080,107790,28590,136380,1482
2022-05-25,Tuolumne,109,53932,13249,13086,615,13701,182
2022-05-25,Ventura,111,848112,180653,179116,10661,189777,1499
2022-05-25,Yolo,113,214977,40262,38782,3182,41964,319
2022-05-25,Yuba,115,75493,16361,16260,1316,17576,122
2022-05-24,Alameda,001,1643700,282190,278228,15589,293817,1860
2022-05-24,Alpine,002,1148,126,126,1,127,0
2022-05-24,Amador,005,37829,8785,8654,689,9343,86
2022-05-24,Butte,007,227075,34097,33755,7407,41162,426
2022-05-24,Calaveras,009,45235,7484,7450,386,7836,120
2022-05-24,Colusa,011,21464,3481,3471,1064,4535,21
2022-05-24,Contra Costa,013,1133247,208306,201866,15260,217126,1306
2022-05-24,Del Norte,015,27424,6186,6145,234,6379,50
2022-05-24,El Dorado,017,186661,27994,27715,3399,31114,213
2022-05-24,Fresno,019,978130,240066,235569,25054,260623,2763
2022-05-24,Glenn,021,27897,5066,5030,1647,6677,48
2022-05-24,Humboldt,023,135768,18295,18133,3473,21606,147
2022-05-24,Imperial,025,180216,56368,56203,10782,66985,923
2022-05-24,Inyo,027,18085,4166,4152,556,4708,56
2022-05-24,Kern,029,883053,195077,194251,47225,241476,2336
2022-05-24,Kings,031,150075,52288,52178,3568,55746,447
2022-05-24,Lake,033,64148,11014,10908,922,11830,137
2022-05-24,Lassen,035,31185,9045,9028,889,9917,64
2022-05-24,Los Angeles,037,10098052,2829083,2806770,131850,2938620,31845
2022-05-24,Madera,039,155013,38012,37867,6318,44185,370
2022-05-24,Marin,041,260295,37432,36890,3744,40634,293
2022-05-24,Mariposa,043,17540,2531,2514,227,2741,30
2022-05-24,Mendocino,045,87422,13643,13545,3413,16958,124
2022-05-24,Merced,047,269075,63983,63220,9261,72481,823
2022-05-24,Modoc,049,8938,749,750,253,1003,8
2022-05-24,Mono,051,14174,3031,3024,160,3184,6
2022-05-24,Monterey,053,433212,82145,81592,15305,96897,737
2022-05-24,Napa,055,140530,27446,27240,1115,28355,143
2022-05-24,Nevada,057,99092,16619,16517,1313,17830,127
2022-05-24,Orange,059,3164182,569367,565564,44996,610560,7026
2022-05-24,Placer,061,380077,65978,65309,7869,73178,626
2022-05-24,Plumas,063,18699,3107,3065,375,3440,13
2022-05-24,Riverside,065,2383286,607574,604465,29014,633479,6480
2022-05-24,Sacramento,067,1510023,294726,292211,28358,320569,3028
2022-05-24,San Benito,069,59416,13488,13338,595,13933,98
2022-05-24,San Bernardino,071,2135413,587563,576982,25625,602607,7568
2022-05-24,San Diego,073,3302833,785400,782420,56685,839105,5284
2022-05-24,San Francisco,075,870044,143458,141015,9364,150379,872
2022-05-24,San Joaquin,077,732212,172031,170626,10970,181596,2238
2022-05-24,San Luis Obispo,079,281455,54812,54342,4376,58718,481
2022-05-24,San Mateo,081,765935,136629,134441,8265,142706,710
2022-05-24,Santa Barbara,083,443738,90133,89426,5088,94514,693
2022-05-24,Santa Clara,085,1922200,349849,340868,14399,355267,2304
2022-05-24,Santa Cruz,087,273765,52028,51644,2406,54050,263
2022-05-24,Shasta,089,179085,31185,31072,6188,37260,564
2022-05-24,Sierra,091,2930,278,277,54,331,4
2022-05-24,Siskiyou,093,43540,4534,4516,2789,7305,81
2022-05-24,Solano,095,438530,87229,86024,6072,92096,451
2022-05-24,Sonoma,097,501317,90718,89810,3570,93380,490
2022-05-24,Stanislaus,099,539301,120656,119894,18461,138355,1654
2022-05-24,Sutter,101,95872,20964,20904,2183,23087,226
2022-05-24,Tehama,103,63373,12223,12189,2633,14822,201
2022-05-24,Trinity,105,12862,1200,1194,290,1484,20
2022-05-24,Tulare,107,460477,107962,107790,28536,136326,1482
2022-05-24,Tuolumne,109,53932,13234,13086,615,13701,182
2022-05-24,Ventura,111,848112,180342,179116,10611,189727,1499
2022-05-24,Yolo,113,214977,40158,38782,3177,41959,319
2022-05-24,Yuba,115,75493,16333,16260,1308,17568,122
2022-05-23,Alameda,001,1643700,281255,278228,15498,293726,1860
2022-05-23,Alpine,002,1148,126,126,1,127,0
2022-05-23,Amador,005,37829,8752,8654,686,9340,86
2022-05-23,Butte,007,227075,34049,33755,7379,41134,426
2022-05-23,Calaveras,009,45235,7477,7450,384,7834,120
2022-05-23,Colusa,011,21464,3480,3471,1062,4533,21
2022-05-23,Contra Costa,013,1133247,207566,201866,15178,217044,1306
2022-05-23,Del Norte,015,27424,6181,6145,230,6375,50
2022-05-23,El Dorado,017,186661,27911,27715,3390,31105,213
2022-05-23,Fresno,019,978130,239716,235569,24987,260556,2763
2022-05-23,Glenn,021,27897,5062,5030,1643,6673,48
2022-05-23,Humboldt,023,135768,18268,18133,3451,21584,147
2022-05-23,Imperial,025,180216,56325,56203,10762,66965,923
2022-05-23,Inyo,027,18085,4163,4152,555,4707,56
2022-05-23,Kern,029,883053,194859,194251,47139,241390,2336
2022-05-23,Kings,031,150075,52240,52178,3563,55741,447
2022-05-23,Lake,033,64148,10995,10908,920,11828,137
2022-05-23,Lassen,035,31185,9037,9028,886,9914,64
2022-05-23,Los Angeles,037,10098052,2823694,2806770,131485,2938255,31845
2022-05-23,Madera,039,155013,37981,37867,6295,44162,370
2022-05-23,Marin,041,260295,37290,36890,3699,40589,293
2022-05-23,Mariposa,043,17540,2529,2514,225,2739,30
2022-05-23,Mendocino,045,87422,13621,13545,3399,16944,124
2022-05-23,Merced,047,269075,63905,63220,9233,72453,823
2022-05-23,Modoc,049,8938,748,750,253,1003,8
2022-05-23,Mono,051,14174,3031,3024,160,3184,6
2022-05-23,Monterey,053,433212,82045,81592,15241,96833,737
2022-05-23,Napa,055,140530,27389,27240,1108,28348,143
2022-05-23,Nevada,057,99092,16584,16517,1310,17827,127
2022-05-23,Orange,059,3164182,568361,565564,44848,610412,7026
2022-05-23,Placer,061,380077,65832,65309,7837,73146,626
2022-05-23,Plumas,063,18699,3104,3065,374,3439,13
2022-05-23,Riverside,065,2383286,606843,604465,28961,633426,6480
2022-05-23,Sacramento,067,1510023,293978,292211,28232,320443,3028
2022-05-23,San Benito,069,59416,13453,13338,592,13930,98
2022-05-23,San Bernardino,071,2135413,586926,576982,25591,602573,7568
2022-05-23,San Diego,073,3302833,783684,782420,56471,838891,5284
2022-05-23,San Francisco,075,870044,142889,141015,9331,150346,872
2022-05-23,San Joaquin,077,732212,171759,170626,10937,181563,2238
2022-05-23,San Luis Obispo,079,281455,54666,54342,4329,58671,481
2022-05-23,San Mateo,081,765935,136049,134441,8215,142656,710
2022-05-23,Santa Barbara,083,443738,89898,89426,5064,94490,693
2022-05-23,Santa Clara,085,1922200,348466,340868,14311,355179,2304
2022-05-23,Santa Cruz,087,273765,51925,51644,2391,54035,263
2022-05-23,Shasta,089,179085,31162,31072,6182,37254,564
2022-05-23,Sierra,091,2930,278,277,54,331,4
2022-05-23,Siskiyou,093,43540,4520,4516,2785,7301,81
2022-05-23,Solano,095,438530,86956,86024,6052,92076,451
2022-05-23,Sonoma,097,501317,90490,89810,3521,93331,490
2022-05-23,Stanislaus,099,539301,120515,119894,18421,138315,1654
2022-05-23,Sutter,101,95872,20924,20904,2178,23082,226
2022-05-23,Tehama,103,63373,12211,12189,2632,14821,201
2022-05-23,Trinity,105,12862,1199,1194,290,1484,20
2022-05-23,Tulare,107,460477,107840,107790,28466,136256,1482
2022-05-23,Tuolumne,109,53932,13210,13086,611,13697,182
2022-05-23,Ventura,111,848112,180011,179116,10580,189696,1499
2022-05-23,Yolo,113,214977,40025,38782,3161,41943,319
2022-05-23,Yuba,115,75493,16303,16260,1304,17564,122
2022-05-22,Alameda,001,1643700,280166,274996,15390,290386,1858
2022-05-22,Alpine,002,1148,126,126,1,127,0
2022-05-22,Amador,005,37829,8735,8628,680,9308,86
2022-05-22,Butte,007,227075,33997,33606,7352,40958,426
2022-05-22,Calaveras,009,45235,7466,7424,380,7804,120
2022-05-22,Colusa,011,21464,3476,3468,1059,4527,21
2022-05-22,Contra Costa,013,1133247,206836,199703,15044,214747,1305
2022-05-22,Del Norte,015,27424,6165,6045,219,6264,50
2022-05-22,El Dorado,017,186661,27835,27517,3374,30891,213
2022-05-22,Fresno,019,978130,239371,234657,24934,259591,2760
2022-05-22,Glenn,021,27897,5052,5020,1642,6662,48
2022-05-22,Humboldt,023,135768,18215,17984,3424,21408,146
2022-05-22,Imperial,025,180216,56257,56014,10747,66761,923
2022-05-22,Inyo,027,18085,4155,4135,553,4688,56
2022-05-22,Kern,029,883053,194622,193705,47039,240744,2334
2022-05-22,Kings,031,150075,52177,52038,3557,55595,447
2022-05-22,Lake,033,64148,10963,10867,918,11785,137
2022-05-22,Lassen,035,31185,9021,9011,883,9894,64
2022-05-22,Los Angeles,037,10098052,2817866,2791671,131058,2922729,31815
2022-05-22,Madera,039,155013,37934,37744,6260,44004,370
2022-05-22,Marin,041,260295,37144,36394,3655,40049,293
2022-05-22,Mariposa,043,17540,2525,2490,224,2714,30
2022-05-22,Mendocino,045,87422,13593,13461,3370,16831,124
2022-05-22,Merced,047,269075,63829,62969,9202,72171,823
2022-05-22,Modoc,049,8938,747,750,253,1003,8
2022-05-22,Mono,051,14174,3030,3012,160,3172,6
2022-05-22,Monterey,053,433212,81887,81224,15141,96365,735
2022-05-22,Napa,055,140530,27318,27034,1100,28134,143
2022-05-22,Nevada,057,99092,16550,16410,1299,17709,127
2022-05-22,Orange,059,3164182,567267,562531,44663,607194,7025
2022-05-22,Placer,061,380077,65673,64802,7805,72607,626
2022-05-22,Plumas,063,18699,3097,3052,372,3424,13
2022-05-22,Riverside,065,2383286,606003,601808,28895,630703,6476
2022-05-22,Sacramento,067,1510023,293175,289972,28071,318043,3027
2022-05-22,San Benito,069,59416,13421,13234,586,13820,98
2022-05-22,San Bernardino,071,2135413,586214,575194,25552,600746,7523
2022-05-22,San Diego,073,3302833,782065,777404,56276,833680,5282
2022-05-22,San Francisco,075,870044,142204,138922,9314,148236,871
2022-05-22,San Joaquin,077,732212,171450,169745,10893,180638,2237
2022-05-22,San Luis Obispo,079,281455,54511,54012,4268,58280,481
2022-05-22,San Mateo,081,765935,135477,132636,8161,140797,711
2022-05-22,Santa Barbara,083,443738,89666,88783,5029,93812,692
2022-05-22,Santa Clara,085,1922200,347022,336488,14234,350722,2301
2022-05-22,Santa Cruz,087,273765,51832,51333,2377,53710,263
2022-05-22,Shasta,089,179085,31113,30966,6170,37136,564
2022-05-22,Sierra,091,2930,278,276,54,330,4
2022-05-22,Siskiyou,093,43540,4511,4501,2784,7285,81
2022-05-22,Solano,095,438530,86672,85038,6019,91057,451
2022-05-22,Sonoma,097,501317,90203,88889,3466,92355,489
2022-05-22,Stanislaus,099,539301,120340,119396,18396,137792,1653
2022-05-22,Sutter,101,95872,20895,20809,2170,22979,226
2022-05-22,Tehama,103,63373,12203,12162,2627,14789,201
2022-05-22,Trinity,105,12862,1199,1191,289,1480,20
2022-05-22,Tulare,107,460477,107736,107485,28383,135868,1477
2022-05-22,Tuolumne,109,53932,13190,12977,609,13586,182
2022-05-22,Ventura,111,848112,179664,178024,10528,188552,1499
2022-05-22,Yolo,113,214977,39900,38377,3137,41514,319
2022-05-22,Yuba,115,75493,16276,16180,1295,17475,122
2022-05-21,Alameda,001,1643700,279703,274996,15369,290365,1858
2022-05-21,Alpine,002,1148,126,126,1,127,0
2022-05-21,Amador,005,37829,8724,8628,680,9308,86
2022-05-21,Butte,007,227075,33976,33606,7338,40944,426
2022-05-21,Calaveras,009,45235,7460,7424,380,7804,120
2022-05-21,Colusa,011,21464,3476,3468,1058,4526,21
2022-05-21,Contra Costa,013,1133247,206477,199703,15011,214714,1305
2022-05-21,Del Norte,015,27424,6161,6045,217,6262,50
2022-05-21,El Dorado,017,186661,27798,27517,3372,30889,213
2022-05-21,Fresno,019,978130,239241,234657,24913,259570,2760
2022-05-21,Glenn,021,27897,5049,5020,1641,6661,48
2022-05-21,Humboldt,023,135768,18190,17984,3416,21400,146
2022-05-21,Imperial,025,180216,56223,56014,10745,66759,923
2022-05-21,Inyo,027,18085,4153,4135,551,4686,56
2022-05-21,Kern,029,883053,194525,193705,46979,240684,2334
2022-05-21,Kings,031,150075,52154,52038,3556,55594,447
2022-05-21,Lake,033,64148,10955,10867,918,11785,137
2022-05-21,Lassen,035,31185,9018,9011,883,9894,64
2022-05-21,Los Angeles,037,10098052,2815568,2791671,130812,2922483,31815
2022-05-21,Madera,039,155013,37916,37744,6254,43998,370
2022-05-21,Marin,041,260295,37049,36394,3611,40005,293
2022-05-21,Mariposa,043,17540,2523,2490,224,2714,30
2022-05-21,Mendocino,045,87422,13582,13461,3365,16826,124
2022-05-21,Merced,047,269075,63794,62969,9196,72165,823
2022-05-21,Modoc,049,8938,746,750,253,1003,8
2022-05-21,Mono,051,14174,3030,3012,160,3172,6
2022-05-21,Monterey,053,433212,81821,81224,15086,96310,735
2022-05-21,Napa,055,140530,27285,27034,1097,28131,143
2022-05-21,Nevada,057,99092,16544,16410,1299,17709,127
2022-05-21,Orange,059,3164182,566753,562531,44550,607081,7025
2022-05-21,Placer,061,380077,65565,64802,7792,72594,626
2022-05-21,Plumas,063,18699,3090,3052,372,3424,13
2022-05-21,Riverside,065,2383286,605528,601808,28870,630678,6476
2022-05-21,Sacramento,067,1510023,292845,289972,28041,318013,3027
2022-05-21,San Benito,069,59416,13409,13234,578,13812,98
2022-05-21,San Bernardino,071,2135413,585874,575194,25527,600721,7523
2022-05-21,San Diego,073,3302833,781370,777404,56212,833616,5282
2022-05-21,San Francisco,075,870044,141897,138922,9301,148223,871
2022-05-21,San Joaquin,077,732212,171332,169745,10874,180619,2237
2022-05-21,San Luis Obispo,079,281455,54432,54012,4254,58266,481
2022-05-21,San Mateo,081,765935,135164,132636,8135,140771,711
2022-05-21,Santa Barbara,083,443738,89574,88783,5016,93799,692
2022-05-21,Santa Clara,085,1922200,346171,336488,14191,350679,2301
2022-05-21,Santa Cruz,087,273765,51787,51333,2358,53691,263
2022-05-21,Shasta,089,179085,31102,30966,6168,37134,564
2022-05-21,Sierra,091,2930,277,276,54,330,4
2022-05-21,Siskiyou,093,43540,4507,4501,2782,7283,81
2022-05-21,Solano,095,438530,86588,85038,6013,91051,451
2022-05-21,Sonoma,097,501317,90077,88889,3457,92346,489
2022-05-21,Stanislaus,099,539301,120258,119396,18372,137768,1653
2022-05-21,Sutter,101,95872,20885,20809,2165,22974,226
2022-05-21,Tehama,103,63373,12201,12162,2626,14788,201
2022-05-21,Trinity,105,12862,1199,1191,289,1480,20
2022-05-21,Tulare,107,460477,107675,107485,28347,135832,1477
2022-05-21,Tuolumne,109,53932,13183,12977,609,13586,182
2022-05-21,Ventura,111,848112,179489,178024,10509,188533,1499
2022-05-21,Yolo,113,214977,39838,38377,3126,41503,319
2022-05-21,Yuba,115,75493,16263,16180,1293,17473,122
2022-05-20,Alameda,001,1643700,279162,274996,15343,290339,1858
2022-05-20,Alpine,002,1148,126,126,1,127,0
2022-05-20,Amador,005,37829,8717,8628,680,9308,86
2022-05-20,Butte,007,227075,33954,33606,7326,40932,426
2022-05-20,Calaveras,009,45235,7452,7424,380,7804,120
2022-05-20,Colusa,011,21464,3476,3468,1058,4526,21
2022-05-20,Contra Costa,013,1133247,206119,199703,14994,214697,1305
2022-05-20,Del Norte,015,27424,6156,6045,216,6261,50
2022-05-20,El Dorado,017,186661,27764,27517,3369,30886,213
2022-05-20,Fresno,019,978130,239082,234657,24883,259540,2760
2022-05-20,Glenn,021,27897,5046,5020,1641,6661,48
2022-05-20,Humboldt,023,135768,18168,17984,3408,21392,146
2022-05-20,Imperial,025,180216,56199,56014,10742,66756,923
2022-05-20,Inyo,027,18085,4150,4135,547,4682,56
2022-05-20,Kern,029,883053,194421,193705,46931,240636,2334
2022-05-20,Kings,031,150075,52139,52038,3555,55593,447
2022-05-20,Lake,033,64148,10938,10867,918,11785,137
2022-05-20,Lassen,035,31185,9016,9011,883,9894,64
2022-05-20,Los Angeles,037,10098052,2813212,2791671,130584,2922255,31815
2022-05-20,Madera,039,155013,37897,37744,6246,43990,370
2022-05-20,Marin,041,260295,36975,36394,3572,39966,293
2022-05-20,Mariposa,043,17540,2518,2490,224,2714,30
2022-05-20,Mendocino,045,87422,13567,13461,3361,16822,124
2022-05-20,Merced,047,269075,63760,62969,9193,72162,823
2022-05-20,Modoc,049,8938,746,750,253,1003,8
2022-05-20,Mono,051,14174,3026,3012,160,3172,6
2022-05-20,Monterey,053,433212,81763,81224,15046,96270,735
2022-05-20,Napa,055,140530,27255,27034,1093,28127,143
2022-05-20,Nevada,057,99092,16536,16410,1297,17707,127
2022-05-20,Orange,059,3164182,566181,562531,44451,606982,7025
2022-05-20,Placer,061,380077,65490,64802,7776,72578,626
2022-05-20,Plumas,063,18699,3088,3052,372,3424,13
2022-05-20,Riverside,065,2383286,605077,601808,28847,630655,6476
2022-05-20,Sacramento,067,1510023,292470,289972,28018,317990,3027
2022-05-20,San Benito,069,59416,13393,13234,577,13811,98
2022-05-20,San Bernardino,071,2135413,585553,575194,25508,600702,7523
2022-05-20,San Diego,073,3302833,780572,777404,56120,833524,5282
2022-05-20,San Francisco,075,870044,141561,138922,9270,148192,871
2022-05-20,San Joaquin,077,732212,171211,169745,10866,180611,2237
2022-05-20,San Luis Obispo,079,281455,54396,54012,4249,58261,481
2022-05-20,San Mateo,081,765935,134843,132636,8112,140748,711
2022-05-20,Santa Barbara,083,443738,89490,88783,5011,93794,692
2022-05-20,Santa Clara,085,1922200,345374,336488,14140,350628,2301
2022-05-20,Santa Cruz,087,273765,51742,51333,2340,53673,263
2022-05-20,Shasta,089,179085,31089,30966,6165,37131,564
2022-05-20,Sierra,091,2930,277,276,54,330,4
2022-05-20,Siskiyou,093,43540,4504,4501,2780,7281,81
2022-05-20,Solano,095,438530,86446,85038,6005,91043,451
2022-05-20,Sonoma,097,501317,89950,88889,3444,92333,489
2022-05-20,Stanislaus,099,539301,120176,119396,18359,137755,1653
2022-05-20,Sutter,101,95872,20876,20809,2164,22973,226
2022-05-20,Tehama,103,63373,12197,12162,2625,14787,201
2022-05-20,Trinity,105,12862,1199,1191,289,1480,20
2022-05-20,Tulare,107,460477,107617,107485,28308,135793,1477
2022-05-20,Tuolumne,109,53932,13164,12977,607,13584,182
2022-05-20,Ventura,111,848112,179292,178024,10491,188515,1499
2022-05-20,Yolo,113,214977,39769,38377,3120,41497,319
2022-05-20,Yuba,115,75493,16248,16180,1289,17469,122
2022-05-19,Alameda,001,1643700,278337,274996,15274,290270,1858
2022-05-19,Alpine,002,1148,126,126,1,127,0
2022-05-19,Amador,005,37829,8709,8628,680,9308,86
2022-05-19,Butte,007,227075,33916,33606,7317,40923,426
2022-05-19,Calaveras,009,45235,7446,7424,377,7801,120
2022-05-19,Colusa,011,21464,3475,3468,1057,4525,21
2022-05-19,Contra Costa,013,1133247,205575,199703,14920,214623,1305
2022-05-19,Del Norte,015,27424,6152,6045,211,6256,50
2022-05-19,El Dorado,017,186661,27712,27517,3354,30871,213
2022-05-19,Fresno,019,978130,238858,234657,24843,259500,2760
2022-05-19,Glenn,021,27897,5045,5020,1637,6657,48
2022-05-19,Humboldt,023,135768,18134,17984,3393,21377,146
2022-05-19,Imperial,025,180216,56151,56014,10741,66755,923
2022-05-19,Inyo,027,18085,4146,4135,546,4681,56
2022-05-19,Kern,029,883053,194280,193705,46856,240561,2334
2022-05-19,Kings,031,150075,52112,52038,3554,55592,447
2022-05-19,Lake,033,64148,10930,10867,916,11783,137
2022-05-19,Lassen,035,31185,9012,9011,883,9894,64
2022-05-19,Los Angeles,037,10098052,2809260,2791671,130255,2921926,31815
2022-05-19,Madera,039,155013,37861,37744,6230,43974,370
2022-05-19,Marin,041,260295,36879,36394,3539,39933,293
2022-05-19,Mariposa,043,17540,2510,2490,224,2714,30
2022-05-19,Mendocino,045,87422,13544,13461,3354,16815,124
2022-05-19,Merced,047,269075,63698,62969,9177,72146,823
2022-05-19,Modoc,049,8938,746,750,253,1003,8
2022-05-19,Mono,051,14174,3025,3012,156,3168,6
2022-05-19,Monterey,053,433212,81683,81224,14981,96205,735
2022-05-19,Napa,055,140530,27198,27034,1090,28124,143
2022-05-19,Nevada,057,99092,16502,16410,1290,17700,127
2022-05-19,Orange,059,3164182,565348,562531,44321,606852,7025
2022-05-19,Placer,061,380077,65371,64802,7760,72562,626
2022-05-19,Plumas,063,18699,3082,3052,372,3424,13
2022-05-19,Riverside,065,2383286,604444,601808,28804,630612,6476
2022-05-19,Sacramento,067,1510023,291907,289972,27933,317905,3027
2022-05-19,San Benito,069,59416,13365,13234,574,13808,98
2022-05-19,San Bernardino,071,2135413,585037,575194,25487,600681,7523
2022-05-19,San Diego,073,3302833,779335,777404,55955,833359,5282
2022-05-19,San Francisco,075,870044,141090,138922,9237,148159,871
2022-05-19,San Joaquin,077,732212,170967,169745,10849,180594,2237
2022-05-19,San Luis Obispo,079,281455,54293,54012,4217,58229,481
2022-05-19,San Mateo,081,765935,134371,132636,8054,140690,711
2022-05-19,Santa Barbara,083,443738,89337,88783,4984,93767,692
2022-05-19,Santa Clara,085,1922200,344292,336488,14053,350541,2301
2022-05-19,Santa Cruz,087,273765,51664,51333,2326,53659,263
2022-05-19,Shasta,089,179085,31060,30966,6159,37125,564
2022-05-19,Sierra,091,2930,277,276,54,330,4
2022-05-19,Siskiyou,093,43540,4501,4501,2778,7279,81
2022-05-19,Solano,095,438530,86258,85038,5980,91018,451
2022-05-19,Sonoma,097,501317,89745,88889,3410,92299,489
2022-05-19,Stanislaus,099,539301,120045,119396,18337,137733,1653
2022-05-19,Sutter,101,95872,20840,20809,2161,22970,226
2022-05-19,Tehama,103,63373,12187,12162,2622,14784,201
2022-05-19,Trinity,105,12862,1198,1191,289,1480,20
2022-05-19,Tulare,107,460477,107523,107485,28262,135747,1477
2022-05-19,Tuolumne,109,53932,13140,12977,604,13581,182
2022-05-19,Ventura,111,848112,179017,178024,10452,188476,1499
2022-05-19,Yolo,113,214977,39679,38377,3112,41489,319
2022-05-19,Yuba,115,75493,16228,16180,1281,17461,122
2022-05-18,Alameda,001,1643700,277492,272530,15205,287735,1859
2022-05-18,Alpine,002,1148,126,126,1,127,0
2022-05-18,Amador,005,37829,8691,8592,680,9272,86
2022-05-18,Butte,007,227075,33875,33486,7302,40788,426
2022-05-18,Calaveras,009,45235,7438,7400,377,7777,120
2022-05-18,Colusa,011,21464,3475,3467,1057,4524,21
2022-05-18,Contra Costa,013,1133247,205016,198207,14833,213040,1303
2022-05-18,Del Norte,015,27424,6144,6001,207,6208,50
2022-05-18,El Dorado,017,186661,27660,27388,3346,30734,212
2022-05-18,Fresno,019,978130,238595,234055,24802,258857,2759
2022-05-18,Glenn,021,27897,5044,5012,1637,6649,48
2022-05-18,Humboldt,023,135768,18109,17868,3372,21240,146
2022-05-18,Imperial,025,180216,56089,55915,10735,66650,918
2022-05-18,Inyo,027,18085,4142,4120,540,4660,56
2022-05-18,Kern,029,883053,194163,193338,46796,240134,2327
2022-05-18,Kings,031,150075,52083,51903,3551,55454,447
2022-05-18,Lake,033,64148,10921,10831,915,11746,137
2022-05-18,Lassen,035,31185,9006,8994,883,9877,65
2022-05-18,Los Angeles,037,10098052,2804941,2780354,129972,2910326,31789
2022-05-18,Madera,039,155013,37823,37644,6221,43865,365
2022-05-18,Marin,041,260295,36789,36024,3498,39522,293
2022-05-18,Mariposa,043,17540,2503,2481,224,2705,30
2022-05-18,Mendocino,045,87422,13523,13403,3339,16742,124
2022-05-18,Merced,047,269075,63633,62802,9150,71952,818
2022-05-18,Modoc,049,8938,746,748,253,1001,8
2022-05-18,Mono,051,14174,3024,3010,154,3164,6
2022-05-18,Monterey,053,433212,81574,80955,14925,95880,735
2022-05-18,Napa,055,140530,27157,26912,1083,27995,143
2022-05-18,Nevada,057,99092,16482,16361,1285,17646,127
2022-05-18,Orange,059,3164182,564543,560094,44212,604306,7021
2022-05-18,Placer,061,380077,65226,64432,7745,72177,626
2022-05-18,Plumas,063,18699,3074,3022,369,3391,13
2022-05-18,Riverside,065,2383286,603796,599947,28752,628699,6471
2022-05-18,Sacramento,067,1510023,291384,288335,27850,316185,3022
2022-05-18,San Benito,069,59416,13341,13186,570,13756,98
2022-05-18,San Bernardino,071,2135413,584567,573790,25460,599250,7455
2022-05-18,San Diego,073,3302833,777901,773934,55791,829725,5277
2022-05-18,San Francisco,075,870044,140563,137341,9210,146551,869
2022-05-18,San Joaquin,077,732212,170732,169045,10763,179808,2236
2022-05-18,San Luis Obispo,079,281455,54194,53756,4183,57939,478
2022-05-18,San Mateo,081,765935,133940,131330,7987,139317,709
2022-05-18,Santa Barbara,083,443738,89177,88317,4963,93280,693
2022-05-18,Santa Clara,085,1922200,343143,333230,13960,347190,2300
2022-05-18,Santa Cruz,087,273765,51576,51020,2313,53333,263
2022-05-18,Shasta,089,179085,31037,30899,6154,37053,558
2022-05-18,Sierra,091,2930,277,275,54,329,4
2022-05-18,Siskiyou,093,43540,4496,4495,2776,7271,81
2022-05-18,Solano,095,438530,85995,84476,5962,90438,451
2022-05-18,Sonoma,097,501317,89546,88195,3371,91566,489
2022-05-18,Stanislaus,099,539301,119935,119025,18304,137329,1645
2022-05-18,Sutter,101,95872,20818,20763,2152,22915,226
2022-05-18,Tehama,103,63373,12181,12133,2619,14752,201
2022-05-18,Trinity,105,12862,1198,1189,289,1478,20
2022-05-18,Tulare,107,460477,107454,107292,28204,135496,1477
2022-05-18,Tuolumne,109,53932,13121,12917,602,13519,182
2022-05-18,Ventura,111,848112,178748,177233,10408,187641,1497
2022-05-18,Yolo,113,214977,39567,38139,3100,41239,316
2022-05-18,Yuba,115,75493,16204,16109,1272,17381,122
2022-05-17,Alameda,001,1643700,276651,272530,15138,287668,1859
2022-05-17,Alpine,002,1148,126,126,1,127,0
2022-05-17,Amador,005,37829,8682,8592,678,9270,86
2022-05-17,Butte,007,227075,33823,33486,7281,40767,426
2022-05-17,Calaveras,009,45235,7431,7400,377,7777,120
2022-05-17,Colusa,011,21464,3474,3467,1056,4523,21
2022-05-17,Contra Costa,013,1133247,204378,198207,14748,212955,1303
2022-05-17,Del Norte,015,27424,6130,6001,207,6208,50
2022-05-17,El Dorado,017,186661,27605,27388,3340,30728,212
2022-05-17,Fresno,019,978130,238342,234055,24771,258826,2759
2022-05-17,Glenn,021,27897,5041,5012,1636,6648,48
2022-05-17,Humboldt,023,135768,18069,17868,3355,21223,146
2022-05-17,Imperial,025,180216,56046,55915,10725,66640,918
2022-05-17,Inyo,027,18085,4140,4120,531,4651,56
2022-05-17,Kern,029,883053,194006,193338,46740,240078,2327
2022-05-17,Kings,031,150075,52040,51903,3547,55450,447
2022-05-17,Lake,033,64148,10906,10831,913,11744,137
2022-05-17,Lassen,035,31185,9001,8994,882,9876,65
2022-05-17,Los Angeles,037,10098052,2800421,2780354,129660,2910014,31789
2022-05-17,Madera,039,155013,37797,37644,6206,43850,365
2022-05-17,Marin,041,260295,36656,36024,3437,39461,293
2022-05-17,Mariposa,043,17540,2498,2481,223,2704,30
2022-05-17,Mendocino,045,87422,13497,13403,3329,16732,124
2022-05-17,Merced,047,269075,63568,62802,9131,71933,818
2022-05-17,Modoc,049,8938,746,748,253,1001,8
2022-05-17,Mono,051,14174,3020,3010,154,3164,6
2022-05-17,Monterey,053,433212,81457,80955,14860,95815,735
2022-05-17,Napa,055,140530,27109,26912,1075,27987,143
2022-05-17,Nevada,057,99092,16453,16361,1277,17638,127
2022-05-17,Orange,059,3164182,563640,560094,44072,604166,7021
2022-05-17,Placer,061,380077,65062,64432,7707,72139,626
2022-05-17,Plumas,063,18699,3068,3022,368,3390,13
2022-05-17,Riverside,065,2383286,603109,599947,28708,628655,6471
2022-05-17,Sacramento,067,1510023,290749,288335,27750,316085,3022
2022-05-17,San Benito,069,59416,13304,13186,569,13755,98
2022-05-17,San Bernardino,071,2135413,584078,573790,25446,599236,7455
2022-05-17,San Diego,073,3302833,776388,773934,55624,829558,5277
2022-05-17,San Francisco,075,870044,139985,137341,9179,146520,869
2022-05-17,San Joaquin,077,732212,170492,169045,10722,179767,2236
2022-05-17,San Luis Obispo,079,281455,54101,53756,4139,57895,478
2022-05-17,San Mateo,081,765935,133441,131330,7948,139278,709
2022-05-17,Santa Barbara,083,443738,88979,88317,4945,93262,693
2022-05-17,Santa Clara,085,1922200,341961,333230,13887,347117,2300
2022-05-17,Santa Cruz,087,273765,51499,51020,2305,53325,263
2022-05-17,Shasta,089,179085,30999,30899,6151,37050,558
2022-05-17,Sierra,091,2930,277,275,54,329,4
2022-05-17,Siskiyou,093,43540,4494,4495,2774,7269,81
2022-05-17,Solano,095,438530,85709,84476,5932,90408,451
2022-05-17,Sonoma,097,501317,89303,88195,3326,91521,489
2022-05-17,Stanislaus,099,539301,119786,119025,18275,137300,1645
2022-05-17,Sutter,101,95872,20798,20763,2148,22911,226
2022-05-17,Tehama,103,63373,12169,12133,2616,14749,201
2022-05-17,Trinity,105,12862,1197,1189,289,1478,20
2022-05-17,Tulare,107,460477,107360,107292,28165,135457,1477
2022-05-17,Tuolumne,109,53932,13107,12917,602,13519,182
2022-05-17,Ventura,111,848112,178425,177233,10354,187587,1497
2022-05-17,Yolo,113,214977,39430,38139,3093,41232,316
2022-05-17,Yuba,115,75493,16179,16109,1269,17378,122
2022-05-16,Alameda,001,1643700,275643,272530,15059,287589,1859
2022-05-16,Alpine,002,1148,126,126,1,127,0
2022-05-16,Amador,005,37829,8672,8592,677,9269,86
2022-05-16,Butte,007,227075,33765,33486,7265,40751,426
2022-05-16,Calaveras,009,45235,7425,7400,375,7775,120
2022-05-16,Colusa,011,21464,3473,3467,1056,4523,21
2022-05-16,Contra Costa,013,1133247,203735,198207,14667,212874,1303
2022-05-16,Del Norte,015,27424,6117,6001,204,6205,50
2022-05-16,El Dorado,017,186661,27549,27388,3332,30720,212
2022-05-16,Fresno,019,978130,238078,234055,24729,258784,2759
2022-05-16,Glenn,021,27897,5036,5012,1631,6643,48
2022-05-16,Humboldt,023,135768,18023,17868,3341,21209,146
2022-05-16,Imperial,025,180216,55982,55915,10712,66627,918
2022-05-16,Inyo,027,18085,4136,4120,528,4648,56
2022-05-16,Kern,029,883053,193854,193338,46674,240012,2327
2022-05-16,Kings,031,150075,51990,51903,3546,55449,447
2022-05-16,Lake,033,64148,10899,10831,912,11743,137
2022-05-16,Lassen,035,31185,8996,8994,880,9874,65
2022-05-16,Los Angeles,037,10098052,2796004,2780354,129374,2909728,31789
2022-05-16,Madera,039,155013,37766,37644,6184,43828,365
2022-05-16,Marin,041,260295,36492,36024,3389,39413,293
2022-05-16,Mariposa,043,17540,2497,2481,222,2703,30
2022-05-16,Mendocino,045,87422,13471,13403,3317,16720,124
2022-05-16,Merced,047,269075,63497,62802,9095,71897,818
2022-05-16,Modoc,049,8938,746,748,253,1001,8
2022-05-16,Mono,051,14174,3017,3010,154,3164,6
2022-05-16,Monterey,053,433212,81345,80955,14774,95729,735
2022-05-16,Napa,055,140530,27058,26912,1070,27982,143
2022-05-16,Nevada,057,99092,16434,16361,1271,17632,127
2022-05-16,Orange,059,3164182,562787,560094,43945,604039,7021
2022-05-16,Placer,061,380077,64954,64432,7676,72108,626
2022-05-16,Plumas,063,18699,3058,3022,367,3389,13
2022-05-16,Riverside,065,2383286,602393,599947,28652,628599,6471
2022-05-16,Sacramento,067,1510023,290084,288335,27655,315990,3022
2022-05-16,San Benito,069,59416,13286,13186,564,13750,98
2022-05-16,San Bernardino,071,2135413,583606,573790,25416,599206,7455
2022-05-16,San Diego,073,3302833,774847,773934,55456,829390,5277
2022-05-16,San Francisco,075,870044,139282,137341,9147,146488,869
2022-05-16,San Joaquin,077,732212,170214,169045,10537,179582,2236
2022-05-16,San Luis Obispo,079,281455,53998,53756,4110,57866,478
2022-05-16,San Mateo,081,765935,132892,131330,7893,139223,709
2022-05-16,Santa Barbara,083,443738,88834,88317,4934,93251,693
2022-05-16,Santa Clara,085,1922200,340637,333230,13800,347030,2300
2022-05-16,Santa Cruz,087,273765,51420,51020,2290,53310,263
2022-05-16,Shasta,089,179085,30966,30899,6143,37042,558
2022-05-16,Sierra,091,2930,277,275,53,328,4
2022-05-16,Siskiyou,093,43540,4491,4495,2767,7262,81
2022-05-16,Solano,095,438530,85447,84476,5906,90382,451
2022-05-16,Sonoma,097,501317,89003,88195,3288,91483,489
2022-05-16,Stanislaus,099,539301,119641,119025,18242,137267,1645
2022-05-16,Sutter,101,95872,20784,20763,2141,22904,226
2022-05-16,Tehama,103,63373,12161,12133,2613,14746,201
2022-05-16,Trinity,105,12862,1196,1189,289,1478,20
2022-05-16,Tulare,107,460477,107280,107292,28119,135411,1477
2022-05-16,Tuolumne,109,53932,13074,12917,599,13516,182
2022-05-16,Ventura,111,848112,178094,177233,10296,187529,1497
2022-05-16,Yolo,113,214977,39295,38139,3084,41223,316
2022-05-16,Yuba,115,75493,16152,16109,1266,17375,122
2022-05-15,Alameda,001,1643700,274573,268944,14989,283933,1857
2022-05-15,Alpine,002,1148,126,125,1,126,0
2022-05-15,Amador,005,37829,8656,8574,672,9246,86
2022-05-15,Butte,007,227075,33707,33377,7244,40621,424
2022-05-15,Calaveras,009,45235,7406,7378,373,7751,120
2022-05-15,Colusa,011,21464,3470,3463,1054,4517,21
2022-05-15,Contra Costa,013,1133247,202971,195925,14585,210510,1301
2022-05-15,Del Norte,015,27424,6044,5919,202,6121,50
2022-05-15,El Dorado,017,186661,27489,27216,3317,30533,212
2022-05-15,Fresno,019,978130,237811,233305,24694,257999,2757
2022-05-15,Glenn,021,27897,5033,5004,1630,6634,48
2022-05-15,Humboldt,023,135768,17973,17633,3301,20934,146
2022-05-15,Imperial,025,180216,55946,55756,10691,66447,917
2022-05-15,Inyo,027,18085,4132,4114,524,4638,56
2022-05-15,Kern,029,883053,193676,192939,46591,239530,2314
2022-05-15,Kings,031,150075,51930,51779,3542,55321,447
2022-05-15,Lake,033,64148,10882,10790,909,11699,137
2022-05-15,Lassen,035,31185,8988,8987,879,9866,65
2022-05-15,Los Angeles,037,10098052,2791423,2768726,129003,2897729,31768
2022-05-15,Madera,039,155013,37724,37520,6166,43686,365
2022-05-15,Marin,041,260295,36321,35486,3350,38836,293
2022-05-15,Mariposa,043,17540,2492,2463,221,2684,30
2022-05-15,Mendocino,045,87422,13451,13349,3290,16639,124
2022-05-15,Merced,047,269075,63413,62627,9049,71676,818
2022-05-15,Modoc,049,8938,745,747,253,1000,8
2022-05-15,Mono,051,14174,3014,3002,152,3154,6
2022-05-15,Monterey,053,433212,81235,80620,14686,95306,735
2022-05-15,Napa,055,140530,27003,26698,1066,27764,143
2022-05-15,Nevada,057,99092,16404,16240,1268,17508,127
2022-05-15,Orange,059,3164182,561841,557134,43807,600941,7017
2022-05-15,Placer,061,380077,64772,63963,7646,71609,626
2022-05-15,Plumas,063,18699,3052,3006,367,3373,13
2022-05-15,Riverside,065,2383286,601676,597914,28584,626498,6471
2022-05-15,Sacramento,067,1510023,289367,286403,27519,313922,3022
2022-05-15,San Benito,069,59416,13261,13106,562,13668,98
2022-05-15,San Bernardino,071,2135413,583059,572057,25387,597444,7423
2022-05-15,San Diego,073,3302833,773343,770323,55257,825580,5271
2022-05-15,San Francisco,075,870044,138568,134916,9113,144029,866
2022-05-15,San Joaquin,077,732212,169971,168174,10460,178634,2236
2022-05-15,San Luis Obispo,079,281455,53871,53502,4068,57570,478
2022-05-15,San Mateo,081,765935,132357,129480,7823,137303,709
2022-05-15,Santa Barbara,083,443738,88604,87773,4899,92672,693
2022-05-15,Santa Clara,085,1922200,339218,328609,13708,342317,2297
2022-05-15,Santa Cruz,087,273765,51315,50268,2274,52542,263
2022-05-15,Shasta,089,179085,30926,30799,6137,36936,557
2022-05-15,Sierra,091,2930,277,275,53,328,4
2022-05-15,Siskiyou,093,43540,4489,4482,2764,7246,81
2022-05-15,Solano,095,438530,85126,83669,5872,89541,451
2022-05-15,Sonoma,097,501317,88678,87070,3263,90333,488
2022-05-15,Stanislaus,099,539301,119470,118586,18210,136796,1645
2022-05-15,Sutter,101,95872,20757,20690,2131,22821,226
2022-05-15,Tehama,103,63373,12143,12115,2607,14722,201
2022-05-15,Trinity,105,12862,1195,1188,289,1477,20
2022-05-15,Tulare,107,460477,107179,107077,28073,135150,1469
2022-05-15,Tuolumne,109,53932,13019,12851,597,13448,182
2022-05-15,Ventura,111,848112,177748,176317,10234,186551,1497
2022-05-15,Yolo,113,214977,39180,37737,3072,40809,316
2022-05-15,Yuba,115,75493,16118,16028,1257,17285,122
2022-05-14,Alameda,001,1643700,274145,268944,14969,283913,1857
2022-05-14,Alpine,002,1148,125,125,1,126,0
2022-05-14,Amador,005,37829,8650,8574,672,9246,86
2022-05-14,Butte,007,227075,33687,33377,7236,40613,424
2022-05-14,Calaveras,009,45235,7404,7378,373,7751,120
2022-05-14,Colusa,011,21464,3470,3463,1054,4517,21
2022-05-14,Contra Costa,013,1133247,202592,195925,14555,210480,1301
2022-05-14,Del Norte,015,27424,6036,5919,200,6119,50
2022-05-14,El Dorado,017,186661,27459,27216,3312,30528,212
2022-05-14,Fresno,019,978130,237687,233305,24685,257990,2757
2022-05-14,Glenn,021,27897,5032,5004,1626,6630,48
2022-05-14,Humboldt,023,135768,17947,17633,3294,20927,146
2022-05-14,Imperial,025,180216,55915,55756,10688,66444,917
2022-05-14,Inyo,027,18085,4127,4114,524,4638,56
2022-05-14,Kern,029,883053,193606,192939,46545,239484,2314
2022-05-14,Kings,031,150075,51903,51779,3542,55321,447
2022-05-14,Lake,033,64148,10872,10790,904,11694,137
2022-05-14,Lassen,035,31185,8986,8987,879,9866,65
2022-05-14,Los Angeles,037,10098052,2789492,2768726,128788,2897514,31768
2022-05-14,Madera,039,155013,37709,37520,6166,43686,365
2022-05-14,Marin,041,260295,36214,35486,3301,38787,293
2022-05-14,Mariposa,043,17540,2491,2463,221,2684,30
2022-05-14,Mendocino,045,87422,13441,13349,3286,16635,124
2022-05-14,Merced,047,269075,63377,62627,9046,71673,818
2022-05-14,Modoc,049,8938,744,747,253,1000,8
2022-05-14,Mono,051,14174,3014,3002,151,3153,6
2022-05-14,Monterey,053,433212,81170,80620,14633,95253,735
2022-05-14,Napa,055,140530,26979,26698,1059,27757,143
2022-05-14,Nevada,057,99092,16389,16240,1267,17507,127
2022-05-14,Orange,059,3164182,561397,557134,43723,600857,7017
2022-05-14,Placer,061,380077,64665,63963,7624,71587,626
2022-05-14,Plumas,063,18699,3048,3006,367,3373,13
2022-05-14,Riverside,065,2383286,601264,597914,28549,626463,6471
2022-05-14,Sacramento,067,1510023,289095,286403,27497,313900,3022
2022-05-14,San Benito,069,59416,13251,13106,559,13665,98
2022-05-14,San Bernardino,071,2135413,582781,572057,25375,597432,7423
2022-05-14,San Diego,073,3302833,772743,770323,55210,825533,5271
2022-05-14,San Francisco,075,870044,138210,134916,9089,144005,866
2022-05-14,San Joaquin,077,732212,169826,168174,10444,178618,2236
2022-05-14,San Luis Obispo,079,281455,53844,53502,4065,57567,478
2022-05-14,San Mateo,081,765935,132032,129480,7795,137275,709
2022-05-14,Santa Barbara,083,443738,88497,87773,4894,92667,693
2022-05-14,Santa Clara,085,1922200,338387,328609,13669,342278,2297
2022-05-14,Santa Cruz,087,273765,51268,50268,2260,52528,263
2022-05-14,Shasta,089,179085,30922,30799,6136,36935,557
2022-05-14,Sierra,091,2930,277,275,53,328,4
2022-05-14,Siskiyou,093,43540,4486,4482,2762,7244,81
2022-05-14,Solano,095,438530,85062,83669,5862,89531,451
2022-05-14,Sonoma,097,501317,88534,87070,3251,90321,488
2022-05-14,Stanislaus,099,539301,119385,118586,18198,136784,1645
2022-05-14,Sutter,101,95872,20750,20690,2130,22820,226
2022-05-14,Tehama,103,63373,12137,12115,2606,14721,201
2022-05-14,Trinity,105,12862,1195,1188,289,1477,20
2022-05-14,Tulare,107,460477,107130,107077,28049,135126,1469
2022-05-14,Tuolumne,109,53932,13008,12851,597,13448,182
2022-05-14,Ventura,111,848112,177586,176317,10209,186526,1497
2022-05-14,Yolo,113,214977,39111,37737,3065,40802,316
2022-05-14,Yuba,115,75493,16111,16028,1256,17284,122
2022-05-13,Alameda,001,1643700,273661,268944,14937,283881,1857
2022-05-13,Alpine,002,1148,125,125,1,126,0
2022-05-13,Amador,005,37829,8645,8574,671,9245,86
2022-05-13,Butte,007,227075,33670,33377,7234,40611,424
2022-05-13,Calaveras,009,45235,7401,7378,373,7751,120
2022-05-13,Colusa,011,21464,3469,3463,1054,4517,21
2022-05-13,Contra Costa,013,1133247,202250,195925,14525,210450,1301
2022-05-13,Del Norte,015,27424,6033,5919,200,6119,50
2022-05-13,El Dorado,017,186661,27431,27216,3312,30528,212
2022-05-13,Fresno,019,978130,237578,233305,24666,257971,2757
2022-05-13,Glenn,021,27897,5030,5004,1625,6629,48
2022-05-13,Humboldt,023,135768,17923,17633,3286,20919,146
2022-05-13,Imperial,025,180216,55896,55756,10687,66443,917
2022-05-13,Inyo,027,18085,4127,4114,523,4637,56
2022-05-13,Kern,029,883053,193531,192939,46516,239455,2314
2022-05-13,Kings,031,150075,51879,51779,3542,55321,447
2022-05-13,Lake,033,64148,10869,10790,904,11694,137
2022-05-13,Lassen,035,31185,8985,8987,879,9866,65
2022-05-13,Los Angeles,037,10098052,2787551,2768726,128595,2897321,31768
2022-05-13,Madera,039,155013,37689,37520,6157,43677,365
2022-05-13,Marin,041,260295,36111,35486,3258,38744,293
2022-05-13,Mariposa,043,17540,2489,2463,221,2684,30
2022-05-13,Mendocino,045,87422,13427,13349,3279,16628,124
2022-05-13,Merced,047,269075,63342,62627,9037,71664,818
2022-05-13,Modoc,049,8938,744,747,253,1000,8
2022-05-13,Mono,051,14174,3012,3002,150,3152,6
2022-05-13,Monterey,053,433212,81114,80620,14594,95214,735
2022-05-13,Napa,055,140530,26943,26698,1057,27755,143
2022-05-13,Nevada,057,99092,16374,16240,1266,17506,127
2022-05-13,Orange,059,3164182,560929,557134,43650,600784,7017
2022-05-13,Placer,061,380077,64586,63963,7615,71578,626
2022-05-13,Plumas,063,18699,3041,3006,367,3373,13
2022-05-13,Riverside,065,2383286,600876,597914,28520,626434,6471
2022-05-13,Sacramento,067,1510023,288757,286403,27471,313874,3022
2022-05-13,San Benito,069,59416,13247,13106,559,13665,98
2022-05-13,San Bernardino,071,2135413,582540,572057,25367,597424,7423
2022-05-13,San Diego,073,3302833,772105,770323,55130,825453,5271
2022-05-13,San Francisco,075,870044,137860,134916,9069,143985,866
2022-05-13,San Joaquin,077,732212,169705,168174,10432,178606,2236
2022-05-13,San Luis Obispo,079,281455,53808,53502,4061,57563,478
2022-05-13,San Mateo,081,765935,131739,129480,7774,137254,709
2022-05-13,Santa Barbara,083,443738,88403,87773,4891,92664,693
2022-05-13,Santa Clara,085,1922200,337585,328609,13636,342245,2297
2022-05-13,Santa Cruz,087,273765,51181,50268,2252,52520,263
2022-05-13,Shasta,089,179085,30918,30799,6136,36935,557
2022-05-13,Sierra,091,2930,276,275,50,325,4
2022-05-13,Siskiyou,093,43540,4485,4482,2762,7244,81
2022-05-13,Solano,095,438530,84938,83669,5855,89524,451
2022-05-13,Sonoma,097,501317,88357,87070,3237,90307,488
2022-05-13,Stanislaus,099,539301,119291,118586,18184,136770,1645
2022-05-13,Sutter,101,95872,20738,20690,2129,22819,226
2022-05-13,Tehama,103,63373,12135,12115,2604,14719,201
2022-05-13,Trinity,105,12862,1194,1188,289,1477,20
2022-05-13,Tulare,107,460477,107083,107077,28014,135091,1469
2022-05-13,Tuolumne,109,53932,12992,12851,597,13448,182
2022-05-13,Ventura,111,848112,177406,176317,10195,186512,1497
2022-05-13,Yolo,113,214977,39048,37737,3062,40799,316
2022-05-13,Yuba,115,75493,16098,16028,1253,17281,122
2022-05-12,Alameda,001,1643700,272912,268944,14884,283828,1857
2022-05-12,Alpine,002,1148,125,125,1,126,0
2022-05-12,Amador,005,37829,8636,8574,671,9245,86
2022-05-12,Butte,007,227075,33643,33377,7220,40597,424
2022-05-12,Calaveras,009,45235,7397,7378,372,7750,120
2022-05-12,Colusa,011,21464,3469,3463,1053,4516,21
2022-05-12,Contra Costa,013,1133247,201730,195925,14462,210387,1301
2022-05-12,Del Norte,015,27424,6016,5919,199,6118,50
2022-05-12,El Dorado,017,186661,27391,27216,3303,30519,212
2022-05-12,Fresno,019,978130,237425,233305,24646,257951,2757
2022-05-12,Glenn,021,27897,5026,5004,1623,6627,48
2022-05-12,Humboldt,023,135768,17881,17633,3273,20906,146
2022-05-12,Imperial,025,180216,55869,55756,10674,66430,917
2022-05-12,Inyo,027,18085,4123,4114,518,4632,56
2022-05-12,Kern,029,883053,193465,192939,46468,239407,2314
2022-05-12,Kings,031,150075,51858,51779,3540,55319,447
2022-05-12,Lake,033,64148,10851,10790,898,11688,137
2022-05-12,Lassen,035,31185,8984,8987,879,9866,65
2022-05-12,Los Angeles,037,10098052,2784346,2768726,128328,2897054,31768
2022-05-12,Madera,039,155013,37664,37520,6145,43665,365
2022-05-12,Marin,041,260295,36011,35486,3235,38721,293
2022-05-12,Mariposa,043,17540,2484,2463,220,2683,30
2022-05-12,Mendocino,045,87422,13410,13349,3267,16616,124
2022-05-12,Merced,047,269075,63310,62627,9026,71653,818
2022-05-12,Modoc,049,8938,743,747,253,1000,8
2022-05-12,Mono,051,14174,3012,3002,149,3151,6
2022-05-12,Monterey,053,433212,81057,80620,14551,95171,735
2022-05-12,Napa,055,140530,26898,26698,1055,27753,143
2022-05-12,Nevada,057,99092,16352,16240,1265,17505,127
2022-05-12,Orange,059,3164182,560289,557134,43541,600675,7017
2022-05-12,Placer,061,380077,64488,63963,7592,71555,626
2022-05-12,Plumas,063,18699,3035,3006,367,3373,13
2022-05-12,Riverside,065,2383286,600419,597914,28487,626401,6471
2022-05-12,Sacramento,067,1510023,288301,286403,27407,313810,3022
2022-05-12,San Benito,069,59416,13232,13106,558,13664,98
2022-05-12,San Bernardino,071,2135413,582188,572057,25350,597407,7423
2022-05-12,San Diego,073,3302833,771154,770323,55040,825363,5271
2022-05-12,San Francisco,075,870044,137481,134916,9031,143947,866
2022-05-12,San Joaquin,077,732212,169524,168174,10392,178566,2236
2022-05-12,San Luis Obispo,079,281455,53749,53502,4032,57534,478
2022-05-12,San Mateo,081,765935,131327,129480,7723,137203,709
2022-05-12,Santa Barbara,083,443738,88297,87773,4880,92653,693
2022-05-12,Santa Clara,085,1922200,336611,328609,13552,342161,2297
2022-05-12,Santa Cruz,087,273765,51037,50268,2246,52514,263
2022-05-12,Shasta,089,179085,30905,30799,6134,36933,557
2022-05-12,Sierra,091,2930,275,275,50,325,4
2022-05-12,Siskiyou,093,43540,4480,4482,2760,7242,81
2022-05-12,Solano,095,438530,84718,83669,5842,89511,451
2022-05-12,Sonoma,097,501317,88139,87070,3211,90281,488
2022-05-12,Stanislaus,099,539301,119187,118586,18155,136741,1645
2022-05-12,Sutter,101,95872,20722,20690,2128,22818,226
2022-05-12,Tehama,103,63373,12128,12115,2601,14716,201
2022-05-12,Trinity,105,12862,1193,1188,288,1476,20
2022-05-12,Tulare,107,460477,107030,107077,27966,135043,1469
2022-05-12,Tuolumne,109,53932,12972,12851,595,13446,182
2022-05-12,Ventura,111,848112,177176,176317,10152,186469,1497
2022-05-12,Yolo,113,214977,38935,37737,3052,40789,316
2022-05-12,Yuba,115,75493,16082,16028,1250,17278,122
2022-05-11,Alameda,001,1643700,272200,267982,14832,282814,1853
2022-05-11,Alpine,002,1148,125,125,1,126,0
2022-05-11,Amador,005,37829,8628,8564,671,9235,86
2022-05-11,Butte,007,227075,33611,33339,7214,40553,423
2022-05-11,Calaveras,009,45235,7392,7368,368,7736,120
2022-05-11,Colusa,011,21464,3468,3462,1053,4515,21
2022-05-11,Contra Costa,013,1133247,201211,195153,14407,209560,1302
2022-05-11,Del Norte,015,27424,6006,5911,199,6110,50
2022-05-11,El Dorado,017,186661,27355,27172,3296,30468,212
2022-05-11,Fresno,019,978130,237260,233021,24614,257635,2754
2022-05-11,Glenn,021,27897,5026,5001,1621,6622,48
2022-05-11,Humboldt,023,135768,17838,17585,3257,20842,146
2022-05-11,Imperial,025,180216,55844,55751,10664,66415,917
2022-05-11,Inyo,027,18085,4122,4093,517,4610,56
2022-05-11,Kern,029,883053,193367,192795,46423,239218,2292
2022-05-11,Kings,031,150075,51831,51752,3538,55290,447
2022-05-11,Lake,033,64148,10838,10786,897,11683,137
2022-05-11,Lassen,035,31185,8983,8984,878,9862,65
2022-05-11,Los Angeles,037,10098052,2781231,2761410,128099,2889509,31747
2022-05-11,Madera,039,155013,37632,37496,6134,43630,365
2022-05-11,Marin,041,260295,35910,35336,3194,38530,292
2022-05-11,Mariposa,043,17540,2479,2461,220,2681,30
2022-05-11,Mendocino,045,87422,13395,13320,3250,16570,124
2022-05-11,Merced,047,269075,63267,62567,9005,71572,818
2022-05-11,Modoc,049,8938,742,747,253,1000,8
2022-05-11,Mono,051,14174,3012,2999,148,3147,6
2022-05-11,Monterey,053,433212,80994,80534,14500,95034,733
2022-05-11,Napa,055,140530,26847,26660,1053,27713,143
2022-05-11,Nevada,057,99092,16336,16230,1260,17490,127
2022-05-11,Orange,059,3164182,559614,556265,43461,599726,7009
2022-05-11,Placer,061,380077,64390,63823,7576,71399,625
2022-05-11,Plumas,063,18699,3027,2998,367,3365,13
2022-05-11,Riverside,065,2383286,599969,597302,28451,625753,6468
2022-05-11,Sacramento,067,1510023,287883,285799,27357,313156,3020
2022-05-11,San Benito,069,59416,13212,13088,554,13642,98
2022-05-11,San Bernardino,071,2135413,581824,571372,25341,596713,7354
2022-05-11,San Diego,073,3302833,770173,768135,54909,823044,5257
2022-05-11,San Francisco,075,870044,136984,134027,9006,143033,864
2022-05-11,San Joaquin,077,732212,169350,167949,10370,178319,2233
2022-05-11,San Luis Obispo,079,281455,53702,53420,4015,57435,478
2022-05-11,San Mateo,081,765935,130925,128821,7680,136501,711
2022-05-11,Santa Barbara,083,443738,88168,87593,4868,92461,693
2022-05-11,Santa Clara,085,1922200,335608,327177,13504,340681,2294
2022-05-11,Santa Cruz,087,273765,50879,50031,2232,52263,263
2022-05-11,Shasta,089,179085,30873,30768,6131,36899,564
2022-05-11,Sierra,091,2930,275,275,50,325,4
2022-05-11,Siskiyou,093,43540,4478,4478,2760,7238,81
2022-05-11,Solano,095,438530,84515,83464,5829,89293,450
2022-05-11,Sonoma,097,501317,87935,86798,3198,89996,488
2022-05-11,Stanislaus,099,539301,119084,118445,18133,136578,1644
2022-05-11,Sutter,101,95872,20707,20668,2127,22795,225
2022-05-11,Tehama,103,63373,12128,12106,2601,14707,201
2022-05-11,Trinity,105,12862,1191,1188,288,1476,20
2022-05-11,Tulare,107,460477,106972,107068,27933,135001,1468
2022-05-11,Tuolumne,109,53932,12955,12829,595,13424,181
2022-05-11,Ventura,111,848112,176977,175955,10110,186065,1491
2022-05-11,Yolo,113,214977,38820,37654,3047,40701,316
2022-05-11,Yuba,115,75493,16063,15997,1240,17237,122
2022-05-10,Alameda,001,1643700,271416,267982,14776,282758,1853
2022-05-10,Alpine,002,1148,125,125,1,126,0
2022-05-10,Amador,005,37829,8624,8564,670,9234,86
2022-05-10,Butte,007,227075,33585,33339,7210,40549,423
2022-05-10,Calaveras,009,45235,7388,7368,367,7735,120
2022-05-10,Colusa,011,21464,3468,3462,1052,4514,21
2022-05-10,Contra Costa,013,1133247,200726,195153,14365,209518,1302
2022-05-10,Del Norte,015,27424,5954,5911,199,6110,50
2022-05-10,El Dorado,017,186661,27318,27172,3290,30462,212
2022-05-10,Fresno,019,978130,237098,233021,24585,257606,2754
2022-05-10,Glenn,021,27897,5023,5001,1621,6622,48
2022-05-10,Humboldt,023,135768,17800,17585,3240,20825,146
2022-05-10,Imperial,025,180216,55809,55751,10646,66397,917
2022-05-10,Inyo,027,18085,4120,4093,511,4604,56
2022-05-10,Kern,029,883053,193265,192795,46382,239177,2292
2022-05-10,Kings,031,150075,51800,51752,3538,55290,447
2022-05-10,Lake,033,64148,10833,10786,897,11683,137
2022-05-10,Lassen,035,31185,8978,8984,878,9862,65
2022-05-10,Los Angeles,037,10098052,2777946,2761410,127866,2889276,31747
2022-05-10,Madera,039,155013,37599,37496,6121,43617,365
2022-05-10,Marin,041,260295,35794,35336,3151,38487,292
2022-05-10,Mariposa,043,17540,2479,2461,220,2681,30
2022-05-10,Mendocino,045,87422,13383,13320,3237,16557,124
2022-05-10,Merced,047,269075,63223,62567,8986,71553,818
2022-05-10,Modoc,049,8938,742,747,253,1000,8
2022-05-10,Mono,051,14174,3008,2999,145,3144,6
2022-05-10,Monterey,053,433212,80928,80534,14452,94986,733
2022-05-10,Napa,055,140530,26809,26660,1051,27711,143
2022-05-10,Nevada,057,99092,16316,16230,1257,17487,127
2022-05-10,Orange,059,3164182,558912,556265,43366,599631,7009
2022-05-10,Placer,061,380077,64277,63823,7560,71383,625
2022-05-10,Plumas,063,18699,3019,2998,366,3364,13
2022-05-10,Riverside,065,2383286,599542,597302,28422,625724,6468
2022-05-10,Sacramento,067,1510023,287378,285799,27291,313090,3020
2022-05-10,San Benito,069,59416,13195,13088,549,13637,98
2022-05-10,San Bernardino,071,2135413,581474,571372,25315,596687,7354
2022-05-10,San Diego,073,3302833,769158,768135,54787,822922,5257
2022-05-10,San Francisco,075,870044,136429,134027,8979,143006,864
2022-05-10,San Joaquin,077,732212,169195,167949,10308,178257,2233
2022-05-10,San Luis Obispo,079,281455,53626,53420,3990,57410,478
2022-05-10,San Mateo,081,765935,130542,128821,7642,136463,711
2022-05-10,Santa Barbara,083,443738,88052,87593,4853,92446,693
2022-05-10,Santa Clara,085,1922200,334575,327177,13424,340601,2294
2022-05-10,Santa Cruz,087,273765,50753,50031,2221,52252,263
2022-05-10,Shasta,089,179085,30853,30768,6130,36898,564
2022-05-10,Sierra,091,2930,275,275,49,324,4
2022-05-10,Siskiyou,093,43540,4474,4478,2760,7238,81
2022-05-10,Solano,095,438530,84327,83464,5810,89274,450
2022-05-10,Sonoma,097,501317,87695,86798,3160,89958,488
2022-05-10,Stanislaus,099,539301,118989,118445,18114,136559,1644
2022-05-10,Sutter,101,95872,20688,20668,2124,22792,225
2022-05-10,Tehama,103,63373,12125,12106,2594,14700,201
2022-05-10,Trinity,105,12862,1191,1188,288,1476,20
2022-05-10,Tulare,107,460477,106928,107068,27906,134974,1468
2022-05-10,Tuolumne,109,53932,12943,12829,595,13424,181
2022-05-10,Ventura,111,848112,176759,175955,10072,186027,1491
2022-05-10,Yolo,113,214977,38716,37654,3036,40690,316
2022-05-10,Yuba,115,75493,16042,15997,1237,17234,122
2022-05-09,Alameda,001,1643700,270636,267982,14732,282714,1853
2022-05-09,Alpine,002,1148,125,125,1,126,0
2022-05-09,Amador,005,37829,8618,8564,670,9234,86
2022-05-09,Butte,007,227075,33559,33339,7201,40540,423
2022-05-09,Calaveras,009,45235,7382,7368,367,7735,120
2022-05-09,Colusa,011,21464,3466,3462,1050,4512,21
2022-05-09,Contra Costa,013,1133247,200254,195153,14307,209460,1302
2022-05-09,Del Norte,015,27424,5945,5911,198,6109,50
2022-05-09,El Dorado,017,186661,27286,27172,3282,30454,212
2022-05-09,Fresno,019,978130,236939,233021,24563,257584,2754
2022-05-09,Glenn,021,27897,5021,5001,1620,6621,48
2022-05-09,Humboldt,023,135768,17749,17585,3218,20803,146
2022-05-09,Imperial,025,180216,55775,55751,10633,66384,917
2022-05-09,Inyo,027,18085,4117,4093,508,4601,56
2022-05-09,Kern,029,883053,193168,192795,46325,239120,2292
2022-05-09,Kings,031,150075,51769,51752,3537,55289,447
2022-05-09,Lake,033,64148,10825,10786,896,11682,137
2022-05-09,Lassen,035,31185,8976,8984,878,9862,65
2022-05-09,Los Angeles,037,10098052,2774600,2761410,127621,2889031,31747
2022-05-09,Madera,039,155013,37567,37496,6112,43608,365
2022-05-09,Marin,041,260295,35677,35336,3116,38452,292
2022-05-09,Mariposa,043,17540,2474,2461,220,2681,30
2022-05-09,Mendocino,045,87422,13372,13320,3226,16546,124
2022-05-09,Merced,047,269075,63183,62567,8967,71534,818
2022-05-09,Modoc,049,8938,742,747,253,1000,8
2022-05-09,Mono,051,14174,3006,2999,143,3142,6
2022-05-09,Monterey,053,433212,80836,80534,14399,94933,733
2022-05-09,Napa,055,140530,26759,26660,1049,27709,143
2022-05-09,Nevada,057,99092,16288,16230,1251,17481,127
2022-05-09,Orange,059,3164182,558242,556265,43284,599549,7009
2022-05-09,Placer,061,380077,64216,63823,7544,71367,625
2022-05-09,Plumas,063,18699,3010,2998,366,3364,13
2022-05-09,Riverside,065,2383286,599051,597302,28386,625688,6468
2022-05-09,Sacramento,067,1510023,286948,285799,27219,313018,3020
2022-05-09,San Benito,069,59416,13176,13088,547,13635,98
2022-05-09,San Bernardino,071,2135413,581136,571372,25304,596676,7354
2022-05-09,San Diego,073,3302833,768183,768135,54645,822780,5257
2022-05-09,San Francisco,075,870044,135870,134027,8954,142981,864
2022-05-09,San Joaquin,077,732212,169012,167949,10286,178235,2233
2022-05-09,San Luis Obispo,079,281455,53573,53420,3969,57389,478
2022-05-09,San Mateo,081,765935,130115,128821,7604,136425,711
2022-05-09,Santa Barbara,083,443738,87922,87593,4842,92435,693
2022-05-09,Santa Clara,085,1922200,333434,327177,13360,340537,2294
2022-05-09,Santa Cruz,087,273765,50612,50031,2213,52244,263
2022-05-09,Shasta,089,179085,30840,30768,6128,36896,564
2022-05-09,Sierra,091,2930,275,275,49,324,4
2022-05-09,Siskiyou,093,43540,4472,4478,2760,7238,81
2022-05-09,Solano,095,438530,84168,83464,5797,89261,450
2022-05-09,Sonoma,097,501317,87435,86798,3134,89932,488
2022-05-09,Stanislaus,099,539301,118893,118445,18096,136541,1644
2022-05-09,Sutter,101,95872,20675,20668,2123,22791,225
2022-05-09,Tehama,103,63373,12123,12106,2592,14698,201
2022-05-09,Trinity,105,12862,1191,1188,288,1476,20
2022-05-09,Tulare,107,460477,106882,107068,27870,134938,1468
2022-05-09,Tuolumne,109,53932,12935,12829,595,13424,181
2022-05-09,Ventura,111,848112,176542,175955,10022,185977,1491
2022-05-09,Yolo,113,214977,38607,37654,3027,40681,316
2022-05-09,Yuba,115,75493,16033,15997,1236,17233,122
2022-05-08,Alameda,001,1643700,269743,265198,14665,279863,1855
2022-05-08,Alpine,002,1148,125,125,1,126,0
2022-05-08,Amador,005,37829,8607,8556,667,9223,86
2022-05-08,Butte,007,227075,33536,33269,7190,40459,421
2022-05-08,Calaveras,009,45235,7375,7353,366,7719,120
2022-05-08,Colusa,011,21464,3465,3459,1050,4509,21
2022-05-08,Contra Costa,013,1133247,199739,193961,14226,208187,1302
2022-05-08,Del Norte,015,27424,5929,5884,198,6082,50
2022-05-08,El Dorado,017,186661,27247,27081,3277,30358,210
2022-05-08,Fresno,019,978130,236771,232655,24540,257195,2754
2022-05-08,Glenn,021,27897,5019,4996,1620,6616,48
2022-05-08,Humboldt,023,135768,17696,17410,3179,20589,146
2022-05-08,Imperial,025,180216,55741,55683,10624,66307,917
2022-05-08,Inyo,027,18085,4110,4087,508,4595,56
2022-05-08,Kern,029,883053,193074,192590,46279,238869,2287
2022-05-08,Kings,031,150075,51752,51702,3537,55239,447
2022-05-08,Lake,033,64148,10818,10766,896,11662,137
2022-05-08,Lassen,035,31185,8972,8978,878,9856,65
2022-05-08,Los Angeles,037,10098052,2771010,2751478,127332,2878810,31738
2022-05-08,Madera,039,155013,37545,37420,6093,43513,365
2022-05-08,Marin,041,260295,35551,34934,3069,38003,292
2022-05-08,Mariposa,043,17540,2467,2438,219,2657,30
2022-05-08,Mendocino,045,87422,13353,13270,3200,16470,124
2022-05-08,Merced,047,269075,63134,62471,8938,71409,818
2022-05-08,Modoc,049,8938,742,745,253,998,8
2022-05-08,Mono,051,14174,3005,2997,141,3138,6
2022-05-08,Monterey,053,433212,80743,80246,14317,94563,733
2022-05-08,Napa,055,140530,26718,26524,1046,27570,143
2022-05-08,Nevada,057,99092,16264,16171,1249,17420,127
2022-05-08,Orange,059,3164182,557560,554411,43179,597590,7007
2022-05-08,Placer,061,380077,64099,63577,7517,71094,625
2022-05-08,Plumas,063,18699,3006,2996,366,3362,13
2022-05-08,Riverside,065,2383286,598563,596022,28350,624372,6467
2022-05-08,Sacramento,067,1510023,286437,284564,27149,311713,3016
2022-05-08,San Benito,069,59416,13161,13047,544,13591,98
2022-05-08,San Bernardino,071,2135413,580703,570381,25269,595650,7306
2022-05-08,San Diego,073,3302833,767155,765377,54540,819917,5244
2022-05-08,San Francisco,075,870044,135215,132659,8922,141581,861
2022-05-08,San Joaquin,077,732212,168827,167568,10253,177821,2229
2022-05-08,San Luis Obispo,079,281455,53502,53273,3949,57222,477
2022-05-08,San Mateo,081,765935,129652,127615,7552,135167,709
2022-05-08,Santa Barbara,083,443738,87788,87305,4833,92138,692
2022-05-08,Santa Clara,085,1922200,332361,324946,13287,338233,2287
2022-05-08,Santa Cruz,087,273765,50432,49605,2209,51814,262
2022-05-08,Shasta,089,179085,30812,30721,6124,36845,563
2022-05-08,Sierra,091,2930,275,275,49,324,4
2022-05-08,Siskiyou,093,43540,4469,4470,2755,7225,81
2022-05-08,Solano,095,438530,83993,83038,5773,88811,450
2022-05-08,Sonoma,097,501317,87215,86150,3099,89249,488
2022-05-08,Stanislaus,099,539301,118785,118235,18071,136306,1643
2022-05-08,Sutter,101,95872,20654,20694,2119,22813,225
2022-05-08,Tehama,103,63373,12117,12098,2589,14687,201
2022-05-08,Trinity,105,12862,1190,1180,288,1468,20
2022-05-08,Tulare,107,460477,106841,106987,27835,134822,1468
2022-05-08,Tuolumne,109,53932,12922,12793,591,13384,181
2022-05-08,Ventura,111,848112,176306,175454,9976,185430,1491
2022-05-08,Yolo,113,214977,38500,37456,3013,40469,315
2022-05-08,Yuba,115,75493,16011,15964,1232,17196,122
2022-05-07,Alameda,001,1643700,269363,265198,14647,279845,1855
2022-05-07,Alpine,002,1148,125,125,1,126,0
2022-05-07,Amador,005,37829,8605,8556,667,9223,86
2022-05-07,Butte,007,227075,33528,33269,7184,40453,421
2022-05-07,Calaveras,009,45235,7368,7353,366,7719,120
2022-05-07,Colusa,011,21464,3465,3459,1050,4509,21
2022-05-07,Contra Costa,013,1133247,199497,193961,14209,208170,1302
2022-05-07,Del Norte,015,27424,5927,5884,198,6082,50
2022-05-07,El Dorado,017,186661,27229,27081,3276,30357,210
2022-05-07,Fresno,019,978130,236713,232655,24534,257189,2754
2022-05-07,Glenn,021,27897,5018,4996,1620,6616,48
2022-05-07,Humboldt,023,135768,17668,17410,3171,20581,146
2022-05-07,Imperial,025,180216,55718,55683,10618,66301,917
2022-05-07,Inyo,027,18085,4107,4087,508,4595,56
2022-05-07,Kern,029,883053,193039,192590,46258,238848,2287
2022-05-07,Kings,031,150075,51741,51702,3537,55239,447
2022-05-07,Lake,033,64148,10814,10766,896,11662,137
2022-05-07,Lassen,035,31185,8972,8978,878,9856,65
2022-05-07,Los Angeles,037,10098052,2769433,2751478,127161,2878639,31738
2022-05-07,Madera,039,155013,37538,37420,6093,43513,365
2022-05-07,Marin,041,260295,35477,34934,3037,37971,292
2022-05-07,Mariposa,043,17540,2464,2438,219,2657,30
2022-05-07,Mendocino,045,87422,13344,13270,3197,16467,124
2022-05-07,Merced,047,269075,63121,62471,8938,71409,818
2022-05-07,Modoc,049,8938,742,745,253,998,8
2022-05-07,Mono,051,14174,3004,2997,140,3137,6
2022-05-07,Monterey,053,433212,80683,80246,14291,94537,733
2022-05-07,Napa,055,140530,26688,26524,1045,27569,143
2022-05-07,Nevada,057,99092,16254,16171,1244,17415,127
2022-05-07,Orange,059,3164182,557230,554411,43125,597536,7007
2022-05-07,Placer,061,380077,64035,63577,7508,71085,625
2022-05-07,Plumas,063,18699,3006,2996,365,3361,13
2022-05-07,Riverside,065,2383286,598308,596022,28323,624345,6467
2022-05-07,Sacramento,067,1510023,286242,284564,27137,311701,3016
2022-05-07,San Benito,069,59416,13152,13047,539,13586,98
2022-05-07,San Bernardino,071,2135413,580491,570381,25264,595645,7306
2022-05-07,San Diego,073,3302833,766669,765377,54510,819887,5244
2022-05-07,San Francisco,075,870044,134885,132659,8902,141561,861
2022-05-07,San Joaquin,077,732212,168722,167568,10244,177812,2229
2022-05-07,San Luis Obispo,079,281455,53490,53273,3938,57211,477
2022-05-07,San Mateo,081,765935,129367,127615,7531,135146,709
2022-05-07,Santa Barbara,083,443738,87708,87305,4830,92135,692
2022-05-07,Santa Clara,085,1922200,331740,324946,13257,338203,2287
2022-05-07,Santa Cruz,087,273765,50379,49605,2199,51804,262
2022-05-07,Shasta,089,179085,30804,30721,6124,36845,563
2022-05-07,Sierra,091,2930,275,275,49,324,4
2022-05-07,Siskiyou,093,43540,4467,4470,2755,7225,81
2022-05-07,Solano,095,438530,83935,83038,5768,88806,450
2022-05-07,Sonoma,097,501317,87090,86150,3090,89240,488
2022-05-07,Stanislaus,099,539301,118738,118235,18062,136297,1643
2022-05-07,Sutter,101,95872,20645,20694,2119,22813,225
2022-05-07,Tehama,103,63373,12115,12098,2588,14686,201
2022-05-07,Trinity,105,12862,1190,1180,288,1468,20
2022-05-07,Tulare,107,460477,106816,106987,27823,134810,1468
2022-05-07,Tuolumne,109,53932,12915,12793,591,13384,181
2022-05-07,Ventura,111,848112,176195,175454,9952,185406,1491
2022-05-07,Yolo,113,214977,38455,37456,3011,40467,315
2022-05-07,Yuba,115,75493,16002,15964,1232,17196,122
2022-05-06,Alameda,001,1643700,268981,265198,14626,279824,1855
2022-05-06,Alpine,002,1148,125,125,1,126,0
2022-05-06,Amador,005,37829,8604,8556,666,9222,86
2022-05-06,Butte,007,227075,33519,33269,7181,40450,421
2022-05-06,Calaveras,009,45235,7366,7353,366,7719,120
2022-05-06,Colusa,011,21464,3465,3459,1050,4509,21
2022-05-06,Contra Costa,013,1133247,199265,193961,14197,208158,1302
2022-05-06,Del Norte,015,27424,5917,5884,198,6082,50
2022-05-06,El Dorado,017,186661,27204,27081,3273,30354,210
2022-05-06,Fresno,019,978130,236637,232655,24525,257180,2754
2022-05-06,Glenn,021,27897,5018,4996,1620,6616,48
2022-05-06,Humboldt,023,135768,17641,17410,3164,20574,146
2022-05-06,Imperial,025,180216,55709,55683,10615,66298,917
2022-05-06,Inyo,027,18085,4098,4087,505,4592,56
2022-05-06,Kern,029,883053,192987,192590,46229,238819,2287
2022-05-06,Kings,031,150075,51733,51702,3537,55239,447
2022-05-06,Lake,033,64148,10812,10766,896,11662,137
2022-05-06,Lassen,035,31185,8972,8978,878,9856,65
2022-05-06,Los Angeles,037,10098052,2767619,2751478,127012,2878490,31738
2022-05-06,Madera,039,155013,37524,37420,6090,43510,365
2022-05-06,Marin,041,260295,35399,34934,2991,37925,292
2022-05-06,Mariposa,043,17540,2463,2438,212,2650,30
2022-05-06,Mendocino,045,87422,13332,13270,3195,16465,124
2022-05-06,Merced,047,269075,63104,62471,8937,71408,818
2022-05-06,Modoc,049,8938,742,745,253,998,8
2022-05-06,Mono,051,14174,3003,2997,140,3137,6
2022-05-06,Monterey,053,433212,80644,80246,14254,94500,733
2022-05-06,Napa,055,140530,26671,26524,1045,27569,143
2022-05-06,Nevada,057,99092,16242,16171,1242,17413,127
2022-05-06,Orange,059,3164182,556887,554411,43058,597469,7007
2022-05-06,Placer,061,380077,63974,63577,7496,71073,625
2022-05-06,Plumas,063,18699,3004,2996,365,3361,13
2022-05-06,Riverside,065,2383286,598079,596022,28303,624325,6467
2022-05-06,Sacramento,067,1510023,285986,284564,27117,311681,3016
2022-05-06,San Benito,069,59416,13147,13047,539,13586,98
2022-05-06,San Bernardino,071,2135413,580314,570381,25258,595639,7306
2022-05-06,San Diego,073,3302833,766159,765377,54473,819850,5244
2022-05-06,San Francisco,075,870044,134561,132659,8881,141540,861
2022-05-06,San Joaquin,077,732212,168632,167568,10232,177800,2229
2022-05-06,San Luis Obispo,079,281455,53464,53273,3933,57206,477
2022-05-06,San Mateo,081,765935,129138,127615,7523,135138,709
2022-05-06,Santa Barbara,083,443738,87654,87305,4828,92133,692
2022-05-06,Santa Clara,085,1922200,331147,324946,13242,338188,2287
2022-05-06,Santa Cruz,087,273765,50314,49605,2195,51800,262
2022-05-06,Shasta,089,179085,30798,30721,6123,36844,563
2022-05-06,Sierra,091,2930,275,275,49,324,4
2022-05-06,Siskiyou,093,43540,4465,4470,2753,7223,81
2022-05-06,Solano,095,438530,83845,83038,5760,88798,450
2022-05-06,Sonoma,097,501317,86968,86150,3075,89225,488
2022-05-06,Stanislaus,099,539301,118681,118235,18055,136290,1643
2022-05-06,Sutter,101,95872,20639,20694,2119,22813,225
2022-05-06,Tehama,103,63373,12110,12098,2588,14686,201
2022-05-06,Trinity,105,12862,1189,1180,288,1468,20
2022-05-06,Tulare,107,460477,106797,106987,27812,134799,1468
2022-05-06,Tuolumne,109,53932,12908,12793,590,13383,181
2022-05-06,Ventura,111,848112,176078,175454,9922,185376,1491
2022-05-06,Yolo,113,214977,38408,37456,3007,40463,315
2022-05-06,Yuba,115,75493,15991,15964,1231,17195,122
2022-05-05,Alameda,001,1643700,268392,265198,14584,279782,1855
2022-05-05,Alpine,002,1148,125,125,1,126,0
2022-05-05,Amador,005,37829,8602,8556,665,9221,86
2022-05-05,Butte,007,227075,33500,33269,7174,40443,421
2022-05-05,Calaveras,009,45235,7362,7353,364,7717,120
2022-05-05,Colusa,011,21464,3465,3459,1047,4506,21
2022-05-05,Contra Costa,013,1133247,198871,193961,14153,208114,1302
2022-05-05,Del Norte,015,27424,5916,5884,198,6082,50
2022-05-05,El Dorado,017,186661,27179,27081,3266,30347,210
2022-05-05,Fresno,019,978130,236536,232655,24502,257157,2754
2022-05-05,Glenn,021,27897,5018,4996,1619,6615,48
2022-05-05,Humboldt,023,135768,17603,17410,3150,20560,146
2022-05-05,Imperial,025,180216,55702,55683,10604,66287,917
2022-05-05,Inyo,027,18085,4094,4087,504,4591,56
2022-05-05,Kern,029,883053,192929,192590,46192,238782,2287
2022-05-05,Kings,031,150075,51725,51702,3537,55239,447
2022-05-05,Lake,033,64148,10808,10766,896,11662,137
2022-05-05,Lassen,035,31185,8972,8978,878,9856,65
2022-05-05,Los Angeles,037,10098052,2765041,2751478,126792,2878270,31738
2022-05-05,Madera,039,155013,37507,37420,6085,43505,365
2022-05-05,Marin,041,260295,35289,34934,2969,37903,292
2022-05-05,Mariposa,043,17540,2461,2438,211,2649,30
2022-05-05,Mendocino,045,87422,13321,13270,3187,16457,124
2022-05-05,Merced,047,269075,63072,62471,8933,71404,818
2022-05-05,Modoc,049,8938,742,745,251,996,8
2022-05-05,Mono,051,14174,3002,2997,139,3136,6
2022-05-05,Monterey,053,433212,80589,80246,14225,94471,733
2022-05-05,Napa,055,140530,26638,26524,1044,27568,143
2022-05-05,Nevada,057,99092,16232,16171,1239,17410,127
2022-05-05,Orange,059,3164182,556378,554411,43000,597411,7007
2022-05-05,Placer,061,380077,63913,63577,7487,71064,625
2022-05-05,Plumas,063,18699,3003,2996,365,3361,13
2022-05-05,Riverside,065,2383286,597742,596022,28276,624298,6467
2022-05-05,Sacramento,067,1510023,285647,284564,27066,311630,3016
2022-05-05,San Benito,069,59416,13136,13047,537,13584,98
2022-05-05,San Bernardino,071,2135413,580023,570381,25242,595623,7306
2022-05-05,San Diego,073,3302833,765419,765377,54403,819780,5244
2022-05-05,San Francisco,075,870044,134143,132659,8846,141505,861
2022-05-05,San Joaquin,077,732212,168542,167568,10204,177772,2229
2022-05-05,San Luis Obispo,079,281455,53428,53273,3918,57191,477
2022-05-05,San Mateo,081,765935,128800,127615,7498,135113,709
2022-05-05,Santa Barbara,083,443738,87579,87305,4823,92128,692
2022-05-05,Santa Clara,085,1922200,330350,324946,13180,338126,2287
2022-05-05,Santa Cruz,087,273765,50216,49605,2191,51796,262
2022-05-05,Shasta,089,179085,30788,30721,6121,36842,563
2022-05-05,Sierra,091,2930,275,275,49,324,4
2022-05-05,Siskiyou,093,43540,4463,4470,2753,7223,81
2022-05-05,Solano,095,438530,83724,83038,5742,88780,450
2022-05-05,Sonoma,097,501317,86795,86150,3057,89207,488
2022-05-05,Stanislaus,099,539301,118623,118235,18041,136276,1643
2022-05-05,Sutter,101,95872,20637,20694,2117,22811,225
2022-05-05,Tehama,103,63373,12106,12098,2586,14684,201
2022-05-05,Trinity,105,12862,1189,1180,288,1468,20
2022-05-05,Tulare,107,460477,106767,106987,27795,134782,1468
2022-05-05,Tuolumne,109,53932,12890,12793,587,13380,181
2022-05-05,Ventura,111,848112,175891,175454,9879,185333,1491
2022-05-05,Yolo,113,214977,38336,37456,2996,40452,315
2022-05-05,Yuba,115,75493,15981,15964,1228,17192,122
2022-05-04,Alameda,001,1643700,267721,263736,14542,278278,1850
2022-05-04,Alpine,002,1148,125,124,1,125,0
2022-05-04,Amador,005,37829,8599,8546,664,9210,86
2022-05-04,Butte,007,227075,33483,33220,7169,40389,417
2022-05-04,Calaveras,009,45235,7357,7344,364,7708,120
2022-05-04,Colusa,011,21464,3464,3460,1047,4507,21
2022-05-04,Contra Costa,013,1133247,198504,193175,14098,207273,1302
2022-05-04,Del Norte,015,27424,5908,5866,198,6064,50
2022-05-04,El Dorado,017,186661,27152,27021,3259,30280,210
2022-05-04,Fresno,019,978130,236419,232332,24492,256824,2751
2022-05-04,Glenn,021,27897,5016,4995,1619,6614,48
2022-05-04,Humboldt,023,135768,17563,17316,3140,20456,146
2022-05-04,Imperial,025,180216,55679,55548,10596,66144,910
2022-05-04,Inyo,027,18085,4094,4085,501,4586,56
2022-05-04,Kern,029,883053,192863,192432,46156,238588,2281
2022-05-04,Kings,031,150075,51707,51663,3536,55199,447
2022-05-04,Lake,033,64148,10803,10758,896,11654,137
2022-05-04,Lassen,035,31185,8971,8972,876,9848,65
2022-05-04,Los Angeles,037,10098052,2762264,2744894,126602,2871496,31722
2022-05-04,Madera,039,155013,37483,37395,6080,43475,365
2022-05-04,Marin,041,260295,35202,34727,2947,37674,291
2022-05-04,Mariposa,043,17540,2455,2435,206,2641,30
2022-05-04,Mendocino,045,87422,13313,13247,3179,16426,123
2022-05-04,Merced,047,269075,63045,62419,8922,71341,818
2022-05-04,Modoc,049,8938,742,746,251,997,8
2022-05-04,Mono,051,14174,3001,2993,136,3129,6
2022-05-04,Monterey,053,433212,80527,80038,14201,94239,732
2022-05-04,Napa,055,140530,26600,26434,1041,27475,143
2022-05-04,Nevada,057,99092,16216,16136,1235,17371,127
2022-05-04,Orange,059,3164182,555794,553177,42924,596101,7006
2022-05-04,Placer,061,380077,63830,63410,7482,70892,625
2022-05-04,Plumas,063,18699,3001,2947,365,3312,13
2022-05-04,Riverside,065,2383286,597408,594981,28250,623231,6457
2022-05-04,Sacramento,067,1510023,285316,283939,27030,310969,3013
2022-05-04,San Benito,069,59416,13127,13019,531,13550,98
2022-05-04,San Bernardino,071,2135413,579759,569570,25229,594799,7240
2022-05-04,San Diego,073,3302833,764671,763453,54310,817763,5239
2022-05-04,San Francisco,075,870044,133734,131599,8825,140424,860
2022-05-04,San Joaquin,077,732212,168438,167280,10175,177455,2225
2022-05-04,San Luis Obispo,079,281455,53384,53156,3907,57063,477
2022-05-04,San Mateo,081,765935,128475,126800,7464,134264,710
2022-05-04,Santa Barbara,083,443738,87474,87058,4808,91866,688
2022-05-04,Santa Clara,085,1922200,329543,322805,13127,335932,2285
2022-05-04,Santa Cruz,087,273765,50101,49230,2188,51418,262
2022-05-04,Shasta,089,179085,30772,30681,6119,36800,556
2022-05-04,Sierra,091,2930,275,275,49,324,4
2022-05-04,Siskiyou,093,43540,4460,4463,2751,7214,81
2022-05-04,Solano,095,438530,83578,82796,5731,88527,449
2022-05-04,Sonoma,097,501317,86619,85694,3032,88726,488
2022-05-04,Stanislaus,099,539301,118560,118123,18030,136153,1643
2022-05-04,Sutter,101,95872,20626,20672,2115,22787,224
2022-05-04,Tehama,103,63373,12104,12090,2581,14671,201
2022-05-04,Trinity,105,12862,1189,1180,288,1468,20
2022-05-04,Tulare,107,460477,106749,106935,27780,134715,1464
2022-05-04,Tuolumne,109,53932,12883,12757,585,13342,181
2022-05-04,Ventura,111,848112,175723,175066,9837,184903,1486
2022-05-04,Yolo,113,214977,38260,37344,2991,40335,315
2022-05-04,Yuba,115,75493,15972,15940,1225,17165,122
2022-05-03,Alameda,001,1643700,267117,263736,14498,278234,1850
2022-05-03,Alpine,002,1148,125,124,1,125,0
2022-05-03,Amador,005,37829,8596,8546,663,9209,86
2022-05-03,Butte,007,227075,33467,33220,7164,40384,417
2022-05-03,Calaveras,009,45235,7350,7344,364,7708,120
2022-05-03,Colusa,011,21464,3463,3460,1047,4507,21
2022-05-03,Contra Costa,013,1133247,198111,193175,14055,207230,1302
2022-05-03,Del Norte,015,27424,5901,5866,196,6062,50
2022-05-03,El Dorado,017,186661,27131,27021,3255,30276,210
2022-05-03,Fresno,019,978130,236308,232332,24473,256805,2751
2022-05-03,Glenn,021,27897,5015,4995,1617,6612,48
2022-05-03,Humboldt,023,135768,17527,17316,3121,20437,146
2022-05-03,Imperial,025,180216,55657,55548,10590,66138,910
2022-05-03,Inyo,027,18085,4092,4085,501,4586,56
2022-05-03,Kern,029,883053,192785,192432,46124,238556,2281
2022-05-03,Kings,031,150075,51695,51663,3536,55199,447
2022-05-03,Lake,033,64148,10799,10758,895,11653,137
2022-05-03,Lassen,035,31185,8971,8972,876,9848,65
2022-05-03,Los Angeles,037,10098052,2759204,2744894,126369,2871263,31722
2022-05-03,Madera,039,155013,37452,37395,6075,43470,365
2022-05-03,Marin,041,260295,35092,34727,2924,37651,291
2022-05-03,Mariposa,043,17540,2447,2435,206,2641,30
2022-05-03,Mendocino,045,87422,13298,13247,3161,16408,123
2022-05-03,Merced,047,269075,63017,62419,8898,71317,818
2022-05-03,Modoc,049,8938,741,746,251,997,8
2022-05-03,Mono,051,14174,2999,2993,135,3128,6
2022-05-03,Monterey,053,433212,80475,80038,14167,94205,732
2022-05-03,Napa,055,140530,26565,26434,1034,27468,143
2022-05-03,Nevada,057,99092,16205,16136,1235,17371,127
2022-05-03,Orange,059,3164182,555270,553177,42845,596022,7006
2022-05-03,Placer,061,380077,63736,63410,7467,70877,625
2022-05-03,Plumas,063,18699,2997,2947,365,3312,13
2022-05-03,Riverside,065,2383286,597040,594981,28226,623207,6457
2022-05-03,Sacramento,067,1510023,284999,283939,26985,310924,3013
2022-05-03,San Benito,069,59416,13114,13019,528,13547,98
2022-05-03,San Bernardino,071,2135413,579490,569570,25217,594787,7240
2022-05-03,San Diego,073,3302833,763829,763453,54210,817663,5239
2022-05-03,San Francisco,075,870044,133257,131599,8795,140394,860
2022-05-03,San Joaquin,077,732212,168355,167280,10149,177429,2225
2022-05-03,San Luis Obispo,079,281455,53337,53156,3898,57054,477
2022-05-03,San Mateo,081,765935,128126,126800,7431,134231,710
2022-05-03,Santa Barbara,083,443738,87385,87058,4806,91864,688
2022-05-03,Santa Clara,085,1922200,328725,322805,13077,335882,2285
2022-05-03,Santa Cruz,087,273765,50009,49230,2182,51412,262
2022-05-03,Shasta,089,179085,30753,30681,6118,36799,556
2022-05-03,Sierra,091,2930,275,275,49,324,4
2022-05-03,Siskiyou,093,43540,4459,4463,2751,7214,81
2022-05-03,Solano,095,438530,83388,82796,5719,88515,449
2022-05-03,Sonoma,097,501317,86438,85694,3008,88702,488
2022-05-03,Stanislaus,099,539301,118506,118123,18017,136140,1643
2022-05-03,Sutter,101,95872,20621,20672,2113,22785,224
2022-05-03,Tehama,103,63373,12100,12090,2580,14670,201
2022-05-03,Trinity,105,12862,1188,1180,288,1468,20
2022-05-03,Tulare,107,460477,106721,106935,27766,134701,1464
2022-05-03,Tuolumne,109,53932,12870,12757,585,13342,181
2022-05-03,Ventura,111,848112,175554,175066,9794,184860,1486
2022-05-03,Yolo,113,214977,38192,37344,2990,40334,315
2022-05-03,Yuba,115,75493,15961,15940,1217,17157,122
2022-05-02,Alameda,001,1643700,266480,263736,14456,278192,1850
2022-05-02,Alpine,002,1148,125,124,1,125,0
2022-05-02,Amador,005,37829,8593,8546,660,9206,86
2022-05-02,Butte,007,227075,33444,33220,7161,40381,417
2022-05-02,Calaveras,009,45235,7349,7344,363,7707,120
2022-05-02,Colusa,011,21464,3463,3460,1047,4507,21
2022-05-02,Contra Costa,013,1133247,197738,193175,14017,207192,1302
2022-05-02,Del Norte,015,27424,5896,5866,191,6057,50
2022-05-02,El Dorado,017,186661,27107,27021,3250,30271,210
2022-05-02,Fresno,019,978130,236196,232332,24445,256777,2751
2022-05-02,Glenn,021,27897,5013,4995,1617,6612,48
2022-05-02,Humboldt,023,135768,17476,17316,3107,20423,146
2022-05-02,Imperial,025,180216,55644,55548,10583,66131,910
2022-05-02,Inyo,027,18085,4091,4085,499,4584,56
2022-05-02,Kern,029,883053,192701,192432,46095,238527,2281
2022-05-02,Kings,031,150075,51678,51663,3536,55199,447
2022-05-02,Lake,033,64148,10795,10758,895,11653,137
2022-05-02,Lassen,035,31185,8970,8972,876,9848,65
2022-05-02,Los Angeles,037,10098052,2756180,2744894,126151,2871045,31722
2022-05-02,Madera,039,155013,37435,37395,6068,43463,365
2022-05-02,Marin,041,260295,34966,34727,2901,37628,291
2022-05-02,Mariposa,043,17540,2442,2435,206,2641,30
2022-05-02,Mendocino,045,87422,13280,13247,3148,16395,123
2022-05-02,Merced,047,269075,62985,62419,8891,71310,818
2022-05-02,Modoc,049,8938,740,746,251,997,8
2022-05-02,Mono,051,14174,2997,2993,134,3127,6
2022-05-02,Monterey,053,433212,80397,80038,14126,94164,732
2022-05-02,Napa,055,140530,26526,26434,1032,27466,143
2022-05-02,Nevada,057,99092,16187,16136,1233,17369,127
2022-05-02,Orange,059,3164182,554730,553177,42748,595925,7006
2022-05-02,Placer,061,380077,63679,63410,7460,70870,625
2022-05-02,Plumas,063,18699,2997,2947,365,3312,13
2022-05-02,Riverside,065,2383286,596649,594981,28199,623180,6457
2022-05-02,Sacramento,067,1510023,284693,283939,26946,310885,3013
2022-05-02,San Benito,069,59416,13102,13019,528,13547,98
2022-05-02,San Bernardino,071,2135413,579203,569570,25199,594769,7240
2022-05-02,San Diego,073,3302833,762966,763453,54114,817567,5239
2022-05-02,San Francisco,075,870044,132821,131599,8768,140367,860
2022-05-02,San Joaquin,077,732212,168239,167280,10137,177417,2225
2022-05-02,San Luis Obispo,079,281455,53284,53156,3889,57045,477
2022-05-02,San Mateo,081,765935,127802,126800,7416,134216,710
2022-05-02,Santa Barbara,083,443738,87284,87058,4802,91860,688
2022-05-02,Santa Clara,085,1922200,327811,322805,13031,335836,2285
2022-05-02,Santa Cruz,087,273765,49883,49230,2178,51408,262
2022-05-02,Shasta,089,179085,30734,30681,6117,36798,556
2022-05-02,Sierra,091,2930,275,275,49,324,4
2022-05-02,Siskiyou,093,43540,4456,4463,2749,7212,81
2022-05-02,Solano,095,438530,83247,82796,5709,88505,449
2022-05-02,Sonoma,097,501317,86255,85694,2987,88681,488
2022-05-02,Stanislaus,099,539301,118433,118123,18003,136126,1643
2022-05-02,Sutter,101,95872,20614,20672,2110,22782,224
2022-05-02,Tehama,103,63373,12095,12090,2577,14667,201
2022-05-02,Trinity,105,12862,1187,1180,288,1468,20
2022-05-02,Tulare,107,460477,106699,106935,27750,134685,1464
2022-05-02,Tuolumne,109,53932,12864,12757,585,13342,181
2022-05-02,Ventura,111,848112,175391,175066,9762,184828,1486
2022-05-02,Yolo,113,214977,38114,37344,2984,40328,315
2022-05-02,Yuba,115,75493,15956,15940,1215,17155,122
2022-05-01,Alameda,001,1643700,265777,262027,14404,276431,1851
2022-05-01,Alpine,002,1148,125,124,1,125,0
2022-05-01,Amador,005,37829,8593,8533,660,9193,86
2022-05-01,Butte,007,227075,33417,33172,7156,40328,418
2022-05-01,Calaveras,009,45235,7345,7328,357,7685,120
2022-05-01,Colusa,011,21464,3463,3457,1047,4504,21
2022-05-01,Contra Costa,013,1133247,197352,192136,13946,206082,1301
2022-05-01,Del Norte,015,27424,5888,5841,191,6032,50
2022-05-01,El Dorado,017,186661,27076,26946,3246,30192,210
2022-05-01,Fresno,019,978130,236090,232067,24425,256492,2748
2022-05-01,Glenn,021,27897,5013,4995,1617,6612,48
2022-05-01,Humboldt,023,135768,17412,17194,3082,20276,145
2022-05-01,Imperial,025,180216,55620,55503,10580,66083,910
2022-05-01,Inyo,027,18085,4090,4084,498,4582,56
2022-05-01,Kern,029,883053,192638,192250,46049,238299,2265
2022-05-01,Kings,031,150075,51657,51640,3532,55172,447
2022-05-01,Lake,033,64148,10788,10742,893,11635,137
2022-05-01,Lassen,035,31185,8970,8966,876,9842,65
2022-05-01,Los Angeles,037,10098052,2753176,2736900,125916,2862816,31712
2022-05-01,Madera,039,155013,37417,37360,6057,43417,365
2022-05-01,Marin,041,260295,34879,34519,2868,37387,291
2022-05-01,Mariposa,043,17540,2441,2430,206,2636,30
2022-05-01,Mendocino,045,87422,13261,13219,3132,16351,123
2022-05-01,Merced,047,269075,62953,62357,8875,71232,818
2022-05-01,Modoc,049,8938,740,745,251,996,8
2022-05-01,Mono,051,14174,2994,2989,132,3121,6
2022-05-01,Monterey,053,433212,80318,79881,14084,93965,731
2022-05-01,Napa,055,140530,26481,26319,1028,27347,143
2022-05-01,Nevada,057,99092,16168,16100,1232,17332,127
2022-05-01,Orange,059,3164182,554176,551822,42644,594466,6998
2022-05-01,Placer,061,380077,63605,63273,7446,70719,625
2022-05-01,Plumas,063,18699,2996,2946,365,3311,13
2022-05-01,Riverside,065,2383286,596188,593965,28165,622130,6457
2022-05-01,Sacramento,067,1510023,284359,283048,26887,309935,3007
2022-05-01,San Benito,069,59416,13094,12988,528,13516,98
2022-05-01,San Bernardino,071,2135413,578884,568758,25182,593940,7191
2022-05-01,San Diego,073,3302833,762085,761253,54022,815275,5238
2022-05-01,San Francisco,075,870044,132329,130241,8737,138978,860
2022-05-01,San Joaquin,077,732212,168095,167028,10107,177135,2225
2022-05-01,San Luis Obispo,079,281455,53212,53040,3873,56913,477
2022-05-01,San Mateo,081,765935,127436,125807,7377,133184,705
2022-05-01,Santa Barbara,083,443738,87180,86768,4792,91560,688
2022-05-01,Santa Clara,085,1922200,326864,320709,12981,333690,2281
2022-05-01,Santa Cruz,087,273765,49731,48798,2170,50968,262
2022-05-01,Shasta,089,179085,30718,30649,6115,36764,554
2022-05-01,Sierra,091,2930,275,274,49,323,4
2022-05-01,Siskiyou,093,43540,4455,4458,2743,7201,81
2022-05-01,Solano,095,438530,83115,82459,5694,88153,449
2022-05-01,Sonoma,097,501317,86035,85290,2959,88249,488
2022-05-01,Stanislaus,099,539301,118378,117943,17987,135930,1643
2022-05-01,Sutter,101,95872,20606,20644,2103,22747,224
2022-05-01,Tehama,103,63373,12094,12078,2576,14654,202
2022-05-01,Trinity,105,12862,1187,1179,288,1467,20
2022-05-01,Tulare,107,460477,106666,106856,27730,134586,1458
2022-05-01,Tuolumne,109,53932,12845,12713,579,13292,181
2022-05-01,Ventura,111,848112,175219,174679,9709,184388,1486
2022-05-01,Yolo,113,214977,38049,37173,2974,40147,314
2022-05-01,Yuba,115,75493,15946,15917,1213,17130,121
2022-04-30,Alameda,001,1643700,265368,262027,14387,276414,1851
2022-04-30,Alpine,002,1148,125,124,1,125,0
2022-04-30,Amador,005,37829,8591,8533,660,9193,86
2022-04-30,Butte,007,227075,33411,33172,7152,40324,418
2022-04-30,Calaveras,009,45235,7342,7328,356,7684,120
2022-04-30,Colusa,011,21464,3462,3457,1047,4504,21
2022-04-30,Contra Costa,013,1133247,197106,192136,13936,206072,1301
2022-04-30,Del Norte,015,27424,5883,5841,191,6032,50
2022-04-30,El Dorado,017,186661,27057,26946,3242,30188,210
2022-04-30,Fresno,019,978130,236043,232067,24418,256485,2748
2022-04-30,Glenn,021,27897,5012,4995,1616,6611,48
2022-04-30,Humboldt,023,135768,17370,17194,3073,20267,145
2022-04-30,Imperial,025,180216,55607,55503,10578,66081,910
2022-04-30,Inyo,027,18085,4090,4084,498,4582,56
2022-04-30,Kern,029,883053,192602,192250,46031,238281,2265
2022-04-30,Kings,031,150075,51651,51640,3531,55171,447
2022-04-30,Lake,033,64148,10785,10742,893,11635,137
2022-04-30,Lassen,035,31185,8970,8966,876,9842,65
2022-04-30,Los Angeles,037,10098052,2751795,2736900,125739,2862639,31712
2022-04-30,Madera,039,155013,37406,37360,6056,43416,365
2022-04-30,Marin,041,260295,34833,34519,2838,37357,291
2022-04-30,Mariposa,043,17540,2439,2430,205,2635,30
2022-04-30,Mendocino,045,87422,13257,13219,3132,16351,123
2022-04-30,Merced,047,269075,62939,62357,8873,71230,818
2022-04-30,Modoc,049,8938,740,745,251,996,8
2022-04-30,Mono,051,14174,2993,2989,130,3119,6
2022-04-30,Monterey,053,433212,80250,79881,14061,93942,731
2022-04-30,Napa,055,140530,26458,26319,1027,27346,143
2022-04-30,Nevada,057,99092,16153,16100,1231,17331,127
2022-04-30,Orange,059,3164182,553909,551822,42601,594423,6998
2022-04-30,Placer,061,380077,63560,63273,7438,70711,625
2022-04-30,Plumas,063,18699,2993,2946,365,3311,13
2022-04-30,Riverside,065,2383286,595944,593965,28147,622112,6457
2022-04-30,Sacramento,067,1510023,284237,283048,26874,309922,3007
2022-04-30,San Benito,069,59416,13091,12988,528,13516,98
2022-04-30,San Bernardino,071,2135413,578709,568758,25173,593931,7191
2022-04-30,San Diego,073,3302833,761712,761253,53990,815243,5238
2022-04-30,San Francisco,075,870044,132040,130241,8714,138955,860
2022-04-30,San Joaquin,077,732212,168040,167028,10102,177130,2225
2022-04-30,San Luis Obispo,079,281455,53201,53040,3870,56910,477
2022-04-30,San Mateo,081,765935,127217,125807,7359,133166,705
2022-04-30,Santa Barbara,083,443738,87124,86768,4789,91557,688
2022-04-30,Santa Clara,085,1922200,326289,320709,12957,333666,2281
2022-04-30,Santa Cruz,087,273765,49685,48798,2170,50968,262
2022-04-30,Shasta,089,179085,30711,30649,6113,36762,554
2022-04-30,Sierra,091,2930,275,274,49,323,4
2022-04-30,Siskiyou,093,43540,4453,4458,2742,7200,81
2022-04-30,Solano,095,438530,83097,82459,5692,88151,449
2022-04-30,Sonoma,097,501317,85918,85290,2947,88237,488
2022-04-30,Stanislaus,099,539301,118347,117943,17981,135924,1643
2022-04-30,Sutter,101,95872,20601,20644,2103,22747,224
2022-04-30,Tehama,103,63373,12090,12078,2574,14652,202
2022-04-30,Trinity,105,12862,1187,1179,288,1467,20
2022-04-30,Tulare,107,460477,106646,106856,27718,134574,1458
2022-04-30,Tuolumne,109,53932,12836,12713,579,13292,181
2022-04-30,Ventura,111,848112,175135,174679,9677,184356,1486
2022-04-30,Yolo,113,214977,38003,37173,2973,40146,314
2022-04-30,Yuba,115,75493,15940,15917,1212,17129,121
2022-04-29,Alameda,001,1643700,265057,262027,14373,276400,1851
2022-04-29,Alpine,002,1148,124,124,1,125,0
2022-04-29,Amador,005,37829,8584,8533,658,9191,86
2022-04-29,Butte,007,227075,33406,33172,7146,40318,418
2022-04-29,Calaveras,009,45235,7340,7328,356,7684,120
2022-04-29,Colusa,011,21464,3461,3457,1047,4504,21
2022-04-29,Contra Costa,013,1133247,196910,192136,13917,206053,1301
2022-04-29,Del Norte,015,27424,5879,5841,191,6032,50
2022-04-29,El Dorado,017,186661,27045,26946,3240,30186,210
2022-04-29,Fresno,019,978130,235993,232067,24410,256477,2748
2022-04-29,Glenn,021,27897,5012,4995,1615,6610,48
2022-04-29,Humboldt,023,135768,17345,17194,3065,20259,145
2022-04-29,Imperial,025,180216,55591,55503,10577,66080,910
2022-04-29,Inyo,027,18085,4090,4084,496,4580,56
2022-04-29,Kern,029,883053,192575,192250,46019,238269,2265
2022-04-29,Kings,031,150075,51646,51640,3531,55171,447
2022-04-29,Lake,033,64148,10784,10742,893,11635,137
2022-04-29,Lassen,035,31185,8969,8966,876,9842,65
2022-04-29,Los Angeles,037,10098052,2750502,2736900,125591,2862491,31712
2022-04-29,Madera,039,155013,37396,37360,6055,43415,365
2022-04-29,Marin,041,260295,34768,34519,2818,37337,291
2022-04-29,Mariposa,043,17540,2437,2430,205,2635,30
2022-04-29,Mendocino,045,87422,13252,13219,3131,16350,123
2022-04-29,Merced,047,269075,62927,62357,8871,71228,818
2022-04-29,Modoc,049,8938,740,745,251,996,8
2022-04-29,Mono,051,14174,2993,2989,130,3119,6
2022-04-29,Monterey,053,433212,80216,79881,14047,93928,731
2022-04-29,Napa,055,140530,26430,26319,1025,27344,143
2022-04-29,Nevada,057,99092,16146,16100,1230,17330,127
2022-04-29,Orange,059,3164182,553642,551822,42547,594369,6998
2022-04-29,Placer,061,380077,63531,63273,7431,70704,625
2022-04-29,Plumas,063,18699,2992,2946,365,3311,13
2022-04-29,Riverside,065,2383286,595725,593965,28126,622091,6457
2022-04-29,Sacramento,067,1510023,284090,283048,26866,309914,3007
2022-04-29,San Benito,069,59416,13086,12988,528,13516,98
2022-04-29,San Bernardino,071,2135413,578551,568758,25163,593921,7191
2022-04-29,San Diego,073,3302833,761296,761253,53964,815217,5238
2022-04-29,San Francisco,075,870044,131817,130241,8694,138935,860
2022-04-29,San Joaquin,077,732212,167985,167028,10098,177126,2225
2022-04-29,San Luis Obispo,079,281455,53186,53040,3865,56905,477
2022-04-29,San Mateo,081,765935,127018,125807,7346,133153,705
2022-04-29,Santa Barbara,083,443738,87084,86768,4787,91555,688
2022-04-29,Santa Clara,085,1922200,325778,320709,12927,333636,2281
2022-04-29,Santa Cruz,087,273765,49629,48798,2166,50964,262
2022-04-29,Shasta,089,179085,30709,30649,6112,36761,554
2022-04-29,Sierra,091,2930,275,274,49,323,4
2022-04-29,Siskiyou,093,43540,4452,4458,2742,7200,81
2022-04-29,Solano,095,438530,83040,82459,5687,88146,449
2022-04-29,Sonoma,097,501317,85810,85290,2934,88224,488
2022-04-29,Stanislaus,099,539301,118324,117943,17975,135918,1643
2022-04-29,Sutter,101,95872,20594,20644,2102,22746,224
2022-04-29,Tehama,103,63373,12088,12078,2574,14652,202
2022-04-29,Trinity,105,12862,1187,1179,288,1467,20
2022-04-29,Tulare,107,460477,106628,106856,27701,134557,1458
2022-04-29,Tuolumne,109,53932,12829,12713,576,13289,181
2022-04-29,Ventura,111,848112,175059,174679,9655,184334,1486
2022-04-29,Yolo,113,214977,37970,37173,2970,40143,314
2022-04-29,Yuba,115,75493,15935,15917,1212,17129,121
2022-04-28,Alameda,001,1643700,264618,262027,14336,276363,1851
2022-04-28,Alpine,002,1148,124,124,1,125,0
2022-04-28,Amador,005,37829,8581,8533,658,9191,86
2022-04-28,Butte,007,227075,33397,33172,7140,40312,418
2022-04-28,Calaveras,009,45235,7336,7328,356,7684,120
2022-04-28,Colusa,011,21464,3461,3457,1047,4504,21
2022-04-28,Contra Costa,013,1133247,196649,192136,13876,206012,1301
2022-04-28,Del Norte,015,27424,5875,5841,191,6032,50
2022-04-28,El Dorado,017,186661,27023,26946,3236,30182,210
2022-04-28,Fresno,019,978130,235934,232067,24401,256468,2748
2022-04-28,Glenn,021,27897,5009,4995,1615,6610,48
2022-04-28,Humboldt,023,135768,17311,17194,3049,20243,145
2022-04-28,Imperial,025,180216,55579,55503,10572,66075,910
2022-04-28,Inyo,027,18085,4090,4084,496,4580,56
2022-04-28,Kern,029,883053,192536,192250,46005,238255,2265
2022-04-28,Kings,031,150075,51640,51640,3531,55171,447
2022-04-28,Lake,033,64148,10780,10742,893,11635,137
2022-04-28,Lassen,035,31185,8969,8966,876,9842,65
2022-04-28,Los Angeles,037,10098052,2748443,2736900,125405,2862305,31712
2022-04-28,Madera,039,155013,37390,37360,6052,43412,365
2022-04-28,Marin,041,260295,34718,34519,2803,37322,291
2022-04-28,Mariposa,043,17540,2437,2430,205,2635,30
2022-04-28,Mendocino,045,87422,13241,13219,3114,16333,123
2022-04-28,Merced,047,269075,62906,62357,8862,71219,818
2022-04-28,Modoc,049,8938,740,745,251,996,8
2022-04-28,Mono,051,14174,2991,2989,130,3119,6
2022-04-28,Monterey,053,433212,80177,79881,14023,93904,731
2022-04-28,Napa,055,140530,26399,26319,1022,27341,143
2022-04-28,Nevada,057,99092,16138,16100,1227,17327,127
2022-04-28,Orange,059,3164182,553283,551822,42480,594302,6998
2022-04-28,Placer,061,380077,63484,63273,7423,70696,625
2022-04-28,Plumas,063,18699,2991,2946,365,3311,13
2022-04-28,Riverside,065,2383286,595442,593965,28104,622069,6457
2022-04-28,Sacramento,067,1510023,283904,283048,26829,309877,3007
2022-04-28,San Benito,069,59416,13076,12988,526,13514,98
2022-04-28,San Bernardino,071,2135413,578351,568758,25155,593913,7191
2022-04-28,San Diego,073,3302833,760756,761253,53900,815153,5238
2022-04-28,San Francisco,075,870044,131512,130241,8659,138900,860
2022-04-28,San Joaquin,077,732212,167915,167028,10082,177110,2225
2022-04-28,San Luis Obispo,079,281455,53158,53040,3847,56887,477
2022-04-28,San Mateo,081,765935,126768,125807,7325,133132,705
2022-04-28,Santa Barbara,083,443738,87031,86768,4784,91552,688
2022-04-28,Santa Clara,085,1922200,325234,320709,12893,333602,2281
2022-04-28,Santa Cruz,087,273765,49532,48798,2160,50958,262
2022-04-28,Shasta,089,179085,30701,30649,6112,36761,554
2022-04-28,Sierra,091,2930,275,274,49,323,4
2022-04-28,Siskiyou,093,43540,4449,4458,2742,7200,81
2022-04-28,Solano,095,438530,82956,82459,5682,88141,449
2022-04-28,Sonoma,097,501317,85695,85290,2920,88210,488
2022-04-28,Stanislaus,099,539301,118286,117943,17968,135911,1643
2022-04-28,Sutter,101,95872,20584,20644,2099,22743,224
2022-04-28,Tehama,103,63373,12087,12078,2573,14651,202
2022-04-28,Trinity,105,12862,1187,1179,288,1467,20
2022-04-28,Tulare,107,460477,106606,106856,27691,134547,1458
2022-04-28,Tuolumne,109,53932,12817,12713,575,13288,181
2022-04-28,Ventura,111,848112,174970,174679,9619,184298,1486
2022-04-28,Yolo,113,214977,37933,37173,2967,40140,314
2022-04-28,Yuba,115,75493,15926,15917,1210,17127,121
2022-04-27,Alameda,001,1643700,264137,260871,14293,275164,1843
2022-04-27,Alpine,002,1148,124,124,1,125,0
2022-04-27,Amador,005,37829,8580,8518,658,9176,86
2022-04-27,Butte,007,227075,33386,33118,7135,40253,411
2022-04-27,Calaveras,009,45235,7333,7307,356,7663,119
2022-04-27,Colusa,011,21464,3461,3457,1047,4504,21
2022-04-27,Contra Costa,013,1133247,196385,191412,13846,205258,1300
2022-04-27,Del Norte,015,27424,5870,5833,191,6024,50
2022-04-27,El Dorado,017,186661,27011,26898,3231,30129,209
2022-04-27,Fresno,019,978130,235867,231951,24388,256339,2744
2022-04-27,Glenn,021,27897,5009,4993,1615,6608,48
2022-04-27,Humboldt,023,135768,17281,17138,3038,20176,145
2022-04-27,Imperial,025,180216,55561,55480,10569,66049,910
2022-04-27,Inyo,027,18085,4089,4080,495,4575,56
2022-04-27,Kern,029,883053,192500,192157,45986,238143,2271
2022-04-27,Kings,031,150075,51635,51617,3530,55147,444
2022-04-27,Lake,033,64148,10776,10732,893,11625,135
2022-04-27,Lassen,035,31185,8968,8965,876,9841,65
2022-04-27,Los Angeles,037,10098052,2746135,2731988,125222,2857210,31691
2022-04-27,Madera,039,155013,37381,37339,6051,43390,354
2022-04-27,Marin,041,260295,34657,34354,2789,37143,288
2022-04-27,Mariposa,043,17540,2435,2427,205,2632,30
2022-04-27,Mendocino,045,87422,13234,13188,3106,16294,123
2022-04-27,Merced,047,269075,62892,62315,8857,71172,815
2022-04-27,Modoc,049,8938,740,745,251,996,8
2022-04-27,Mono,051,14174,2991,2989,130,3119,6
2022-04-27,Monterey,053,433212,80135,79695,13983,93678,729
2022-04-27,Napa,055,140530,26370,26210,1017,27227,143
2022-04-27,Nevada,057,99092,16122,16080,1224,17304,127
2022-04-27,Orange,059,3164182,552910,550859,42418,593277,6991
2022-04-27,Placer,061,380077,63443,63154,7408,70562,623
2022-04-27,Plumas,063,18699,2990,2934,365,3299,13
2022-04-27,Riverside,065,2383286,595176,593397,28088,621485,6453
2022-04-27,Sacramento,067,1510023,283703,281802,26796,308598,3001
2022-04-27,San Benito,069,59416,13063,12989,524,13513,98
2022-04-27,San Bernardino,071,2135413,578153,568018,25148,593166,7105
2022-04-27,San Diego,073,3302833,760182,759873,53837,813710,5236
2022-04-27,San Francisco,075,870044,131158,129284,8634,137918,857
2022-04-27,San Joaquin,077,732212,167838,166848,10067,176915,2225
2022-04-27,San Luis Obispo,079,281455,53113,52911,3836,56747,476
2022-04-27,San Mateo,081,765935,126533,125018,7274,132292,702
2022-04-27,Santa Barbara,083,443738,86967,86557,4777,91334,685
2022-04-27,Santa Clara,085,1922200,324663,319077,12848,331925,2282
2022-04-27,Santa Cruz,087,273765,49447,48500,2153,50653,262
2022-04-27,Shasta,089,179085,30690,30633,6109,36742,554
2022-04-27,Sierra,091,2930,274,276,49,325,4
2022-04-27,Siskiyou,093,43540,4449,4455,2738,7193,81
2022-04-27,Solano,095,438530,82842,82220,5674,87894,448
2022-04-27,Sonoma,097,501317,85586,84983,2902,87885,487
2022-04-27,Stanislaus,099,539301,118244,117841,17958,135799,1643
2022-04-27,Sutter,101,95872,20580,20627,2095,22722,224
2022-04-27,Tehama,103,63373,12087,12073,2573,14646,201
2022-04-27,Trinity,105,12862,1187,1179,288,1467,20
2022-04-27,Tulare,107,460477,106588,106580,27682,134262,1453
2022-04-27,Tuolumne,109,53932,12800,12684,574,13258,181
2022-04-27,Ventura,111,848112,174867,174425,9604,184029,1480
2022-04-27,Yolo,113,214977,37884,37096,2962,40058,314
2022-04-27,Yuba,115,75493,15922,15902,1205,17107,121
2022-04-26,Alameda,001,1643700,263617,260871,14255,275126,1843
2022-04-26,Alpine,002,1148,124,124,1,125,0
2022-04-26,Amador,005,37829,8577,8518,657,9175,86
2022-04-26,Butte,007,227075,33369,33118,7128,40246,411
2022-04-26,Calaveras,009,45235,7329,7307,355,7662,119
2022-04-26,Colusa,011,21464,3461,3457,1047,4504,21
2022-04-26,Contra Costa,013,1133247,196123,191412,13809,205221,1300
2022-04-26,Del Norte,015,27424,5862,5833,191,6024,50
2022-04-26,El Dorado,017,186661,26989,26898,3227,30125,209
2022-04-26,Fresno,019,978130,235788,231951,24378,256329,2744
2022-04-26,Glenn,021,27897,5009,4993,1614,6607,48
2022-04-26,Humboldt,023,135768,17250,17138,3032,20170,145
2022-04-26,Imperial,025,180216,55541,55480,10564,66044,910
2022-04-26,Inyo,027,18085,4089,4080,495,4575,56
2022-04-26,Kern,029,883053,192453,192157,45961,238118,2271
2022-04-26,Kings,031,150075,51629,51617,3530,55147,444
2022-04-26,Lake,033,64148,10769,10732,893,11625,135
2022-04-26,Lassen,035,31185,8963,8965,876,9841,65
2022-04-26,Los Angeles,037,10098052,2743756,2731988,125038,2857026,31691
2022-04-26,Madera,039,155013,37373,37339,6044,43383,354
2022-04-26,Marin,041,260295,34603,34354,2770,37124,288
2022-04-26,Mariposa,043,17540,2435,2427,205,2632,30
2022-04-26,Mendocino,045,87422,13230,13188,3100,16288,123
2022-04-26,Merced,047,269075,62869,62315,8840,71155,815
2022-04-26,Modoc,049,8938,740,745,251,996,8
2022-04-26,Mono,051,14174,2991,2989,129,3118,6
2022-04-26,Monterey,053,433212,80080,79695,13944,93639,729
2022-04-26,Napa,055,140530,26339,26210,1013,27223,143
2022-04-26,Nevada,057,99092,16113,16080,1224,17304,127
2022-04-26,Orange,059,3164182,552501,550859,42358,593217,6991
2022-04-26,Placer,061,380077,63412,63154,7404,70558,623
2022-04-26,Plumas,063,18699,2990,2934,365,3299,13
2022-04-26,Riverside,065,2383286,594867,593397,28062,621459,6453
2022-04-26,Sacramento,067,1510023,283466,281802,26775,308577,3001
2022-04-26,San Benito,069,59416,13059,12989,523,13512,98
2022-04-26,San Bernardino,071,2135413,577944,568018,25134,593152,7105
2022-04-26,San Diego,073,3302833,759522,759873,53732,813605,5236
2022-04-26,San Francisco,075,870044,130758,129284,8609,137893,857
2022-04-26,San Joaquin,077,732212,167776,166848,10057,176905,2225
2022-04-26,San Luis Obispo,079,281455,53084,52911,3825,56736,476
2022-04-26,San Mateo,081,765935,126256,125018,7245,132263,702
2022-04-26,Santa Barbara,083,443738,86906,86557,4772,91329,685
2022-04-26,Santa Clara,085,1922200,324101,319077,12804,331881,2282
2022-04-26,Santa Cruz,087,273765,49347,48500,2150,50650,262
2022-04-26,Shasta,089,179085,30678,30633,6109,36742,554
2022-04-26,Sierra,091,2930,274,276,49,325,4
2022-04-26,Siskiyou,093,43540,4447,4455,2736,7191,81
2022-04-26,Solano,095,438530,82742,82220,5663,87883,448
2022-04-26,Sonoma,097,501317,85480,84983,2886,87869,487
2022-04-26,Stanislaus,099,539301,118209,117841,17948,135789,1643
2022-04-26,Sutter,101,95872,20570,20627,2095,22722,224
2022-04-26,Tehama,103,63373,12078,12073,2573,14646,201
2022-04-26,Trinity,105,12862,1187,1179,288,1467,20
2022-04-26,Tulare,107,460477,106561,106580,27668,134248,1453
2022-04-26,Tuolumne,109,53932,12781,12684,572,13256,181
2022-04-26,Ventura,111,848112,174758,174425,9578,184003,1480
2022-04-26,Yolo,113,214977,37825,37096,2957,40053,314
2022-04-26,Yuba,115,75493,15920,15902,1205,17107,121
2022-04-25,Alameda,001,1643700,263105,260871,14213,275084,1843
2022-04-25,Alpine,002,1148,124,124,1,125,0
2022-04-25,Amador,005,37829,8574,8518,657,9175,86
2022-04-25,Butte,007,227075,33354,33118,7119,40237,411
2022-04-25,Calaveras,009,45235,7326,7307,355,7662,119
2022-04-25,Colusa,011,21464,3461,3457,1047,4504,21
2022-04-25,Contra Costa,013,1133247,195857,191412,13772,205184,1300
2022-04-25,Del Norte,015,27424,5856,5833,189,6022,50
2022-04-25,El Dorado,017,186661,26967,26898,3225,30123,209
2022-04-25,Fresno,019,978130,235696,231951,24366,256317,2744
2022-04-25,Glenn,021,27897,5009,4993,1614,6607,48
2022-04-25,Humboldt,023,135768,17208,17138,3024,20162,145
2022-04-25,Imperial,025,180216,55521,55480,10559,66039,910
2022-04-25,Inyo,027,18085,4089,4080,495,4575,56
2022-04-25,Kern,029,883053,192409,192157,45943,238100,2271
2022-04-25,Kings,031,150075,51620,51617,3529,55146,444
2022-04-25,Lake,033,64148,10766,10732,892,11624,135
2022-04-25,Lassen,035,31185,8962,8965,876,9841,65
2022-04-25,Los Angeles,037,10098052,2741378,2731988,124873,2856861,31691
2022-04-25,Madera,039,155013,37360,37339,6040,43379,354
2022-04-25,Marin,041,260295,34539,34354,2746,37100,288
2022-04-25,Mariposa,043,17540,2435,2427,204,2631,30
2022-04-25,Mendocino,045,87422,13220,13188,3083,16271,123
2022-04-25,Merced,047,269075,62856,62315,8838,71153,815
2022-04-25,Modoc,049,8938,740,745,251,996,8
2022-04-25,Mono,051,14174,2991,2989,129,3118,6
2022-04-25,Monterey,053,433212,80042,79695,13919,93614,729
2022-04-25,Napa,055,140530,26298,26210,1011,27221,143
2022-04-25,Nevada,057,99092,16107,16080,1222,17302,127
2022-04-25,Orange,059,3164182,552094,550859,42295,593154,6991
2022-04-25,Placer,061,380077,63377,63154,7400,70554,623
2022-04-25,Plumas,063,18699,2988,2934,365,3299,13
2022-04-25,Riverside,065,2383286,594603,593397,28045,621442,6453
2022-04-25,Sacramento,067,1510023,283301,281802,26744,308546,3001
2022-04-25,San Benito,069,59416,13052,12989,523,13512,98
2022-04-25,San Bernardino,071,2135413,577713,568018,25117,593135,7105
2022-04-25,San Diego,073,3302833,758845,759873,53654,813527,5236
2022-04-25,San Francisco,075,870044,130397,129284,8587,137871,857
2022-04-25,San Joaquin,077,732212,167692,166848,10044,176892,2225
2022-04-25,San Luis Obispo,079,281455,53035,52911,3817,56728,476
2022-04-25,San Mateo,081,765935,125982,125018,7227,132245,702
2022-04-25,Santa Barbara,083,443738,86845,86557,4766,91323,685
2022-04-25,Santa Clara,085,1922200,323454,319077,12760,331837,2282
2022-04-25,Santa Cruz,087,273765,49205,48500,2141,50641,262
2022-04-25,Shasta,089,179085,30666,30633,6106,36739,554
2022-04-25,Sierra,091,2930,274,276,49,325,4
2022-04-25,Siskiyou,093,43540,4447,4455,2735,7190,81
2022-04-25,Solano,095,438530,82624,82220,5652,87872,448
2022-04-25,Sonoma,097,501317,85356,84983,2867,87850,487
2022-04-25,Stanislaus,099,539301,118164,117841,17941,135782,1643
2022-04-25,Sutter,101,95872,20567,20627,2095,22722,224
2022-04-25,Tehama,103,63373,12078,12073,2573,14646,201
2022-04-25,Trinity,105,12862,1186,1179,288,1467,20
2022-04-25,Tulare,107,460477,106536,106580,27658,134238,1453
2022-04-25,Tuolumne,109,53932,12771,12684,572,13256,181
2022-04-25,Ventura,111,848112,174648,174425,9554,183979,1480
2022-04-25,Yolo,113,214977,37762,37096,2953,40049,314
2022-04-25,Yuba,115,75493,15910,15902,1204,17106,121
2022-04-24,Alameda,001,1643700,262520,259619,14168,273787,1837
2022-04-24,Alpine,002,1148,124,124,1,125,0
2022-04-24,Amador,005,37829,8565,8509,656,9165,86
2022-04-24,Butte,007,227075,33337,33105,7112,40217,411
2022-04-24,Calaveras,009,45235,7317,7296,353,7649,119
2022-04-24,Colusa,011,21464,3460,3453,1047,4500,21
2022-04-24,Contra Costa,013,1133247,195553,190611,13739,204350,1298
2022-04-24,Del Norte,015,27424,5847,5827,187,6014,50
2022-04-24,El Dorado,017,186661,26949,26837,3223,30060,209
2022-04-24,Fresno,019,978130,235615,231751,24353,256104,2744
2022-04-24,Glenn,021,27897,5009,4989,1612,6601,48
2022-04-24,Humboldt,023,135768,17183,17033,3010,20043,145
2022-04-24,Imperial,025,180216,55509,55434,10551,65985,910
2022-04-24,Inyo,027,18085,4085,4079,494,4573,56
2022-04-24,Kern,029,883053,192356,192012,45929,237941,2267
2022-04-24,Kings,031,150075,51611,51588,3529,55117,444
2022-04-24,Lake,033,64148,10758,10720,889,11609,134
2022-04-24,Lassen,035,31185,8961,8966,876,9842,65
2022-04-24,Los Angeles,037,10098052,2739038,2725630,124728,2850358,31667
2022-04-24,Madera,039,155013,37345,37333,6034,43367,354
2022-04-24,Marin,041,260295,34485,34150,2712,36862,288
2022-04-24,Mariposa,043,17540,2432,2422,204,2626,30
2022-04-24,Mendocino,045,87422,13215,13158,3071,16229,122
2022-04-24,Merced,047,269075,62832,62286,8829,71115,815
2022-04-24,Modoc,049,8938,740,745,251,996,8
2022-04-24,Mono,051,14174,2989,2986,129,3115,6
2022-04-24,Monterey,053,433212,79989,79560,13886,93446,729
2022-04-24,Napa,055,140530,26261,26093,1010,27103,143
2022-04-24,Nevada,057,99092,16091,16052,1220,17272,127
2022-04-24,Orange,059,3164182,551672,549765,42232,591997,6989
2022-04-24,Placer,061,380077,63322,63037,7392,70429,622
2022-04-24,Plumas,063,18699,2986,2934,365,3299,13
2022-04-24,Riverside,065,2383286,594325,592683,28010,620693,6450
2022-04-24,Sacramento,067,1510023,283093,280551,26711,307262,2993
2022-04-24,San Benito,069,59416,13048,12966,523,13489,98
2022-04-24,San Bernardino,071,2135413,577479,566806,25095,591901,7047
2022-04-24,San Diego,073,3302833,758215,758311,53591,811902,5233
2022-04-24,San Francisco,075,870044,129952,128323,8561,136884,857
2022-04-24,San Joaquin,077,732212,167606,166626,10007,176633,2224
2022-04-24,San Luis Obispo,079,281455,52959,52826,3807,56633,476
2022-04-24,San Mateo,081,765935,125665,124106,7198,131304,703
2022-04-24,Santa Barbara,083,443738,86776,86376,4764,91140,685
2022-04-24,Santa Clara,085,1922200,322768,317487,12709,330196,2277
2022-04-24,Santa Cruz,087,273765,49091,48255,2135,50390,261
2022-04-24,Shasta,089,179085,30655,30607,6104,36711,557
2022-04-24,Sierra,091,2930,274,276,49,325,4
2022-04-24,Siskiyou,093,43540,4445,4453,2733,7186,81
2022-04-24,Solano,095,438530,82514,81982,5643,87625,448
2022-04-24,Sonoma,097,501317,85220,84581,2845,87426,486
2022-04-24,Stanislaus,099,539301,118112,117737,17935,135672,1632
2022-04-24,Sutter,101,95872,20558,20605,2092,22697,224
2022-04-24,Tehama,103,63373,12074,12064,2573,14637,201
2022-04-24,Trinity,105,12862,1186,1177,288,1465,20
2022-04-24,Tulare,107,460477,106509,106354,27647,134001,1446
2022-04-24,Tuolumne,109,53932,12758,12664,571,13235,181
2022-04-24,Ventura,111,848112,174536,174091,9533,183624,1479
2022-04-24,Yolo,113,214977,37722,36990,2950,39940,314
2022-04-24,Yuba,115,75493,15906,15888,1204,17092,121
2022-04-23,Alameda,001,1643700,262272,259619,14156,273775,1837
2022-04-23,Alpine,002,1148,124,124,1,125,0
2022-04-23,Amador,005,37829,8559,8509,656,9165,86
2022-04-23,Butte,007,227075,33328,33105,7109,40214,411
2022-04-23,Calaveras,009,45235,7309,7296,353,7649,119
2022-04-23,Colusa,011,21464,3460,3453,1047,4500,21
2022-04-23,Contra Costa,013,1133247,195397,190611,13721,204332,1298
2022-04-23,Del Norte,015,27424,5845,5827,186,6013,50
2022-04-23,El Dorado,017,186661,26939,26837,3222,30059,209
2022-04-23,Fresno,019,978130,235582,231751,24347,256098,2744
2022-04-23,Glenn,021,27897,5009,4989,1612,6601,48
2022-04-23,Humboldt,023,135768,17167,17033,3007,20040,145
2022-04-23,Imperial,025,180216,55498,55434,10550,65984,910
2022-04-23,Inyo,027,18085,4085,4079,493,4572,56
2022-04-23,Kern,029,883053,192328,192012,45915,237927,2267
2022-04-23,Kings,031,150075,51606,51588,3528,55116,444
2022-04-23,Lake,033,64148,10757,10720,889,11609,134
2022-04-23,Lassen,035,31185,8961,8966,876,9842,65
2022-04-23,Los Angeles,037,10098052,2738092,2725630,124626,2850256,31667
2022-04-23,Madera,039,155013,37338,37333,6033,43366,354
2022-04-23,Marin,041,260295,34450,34150,2666,36816,288
2022-04-23,Mariposa,043,17540,2432,2422,204,2626,30
2022-04-23,Mendocino,045,87422,13208,13158,3071,16229,122
2022-04-23,Merced,047,269075,62822,62286,8829,71115,815
2022-04-23,Modoc,049,8938,740,745,251,996,8
2022-04-23,Mono,051,14174,2989,2986,129,3115,6
2022-04-23,Monterey,053,433212,79920,79560,13871,93431,729
2022-04-23,Napa,055,140530,26240,26093,1008,27101,143
2022-04-23,Nevada,057,99092,16085,16052,1218,17270,127
2022-04-23,Orange,059,3164182,551456,549765,42183,591948,6989
2022-04-23,Placer,061,380077,63292,63037,7391,70428,622
2022-04-23,Plumas,063,18699,2986,2934,365,3299,13
2022-04-23,Riverside,065,2383286,594189,592683,28000,620683,6450
2022-04-23,Sacramento,067,1510023,282993,280551,26708,307259,2993
2022-04-23,San Benito,069,59416,13047,12966,523,13489,98
2022-04-23,San Bernardino,071,2135413,577357,566806,25092,591898,7047
2022-04-23,San Diego,073,3302833,757952,758311,53572,811883,5233
2022-04-23,San Francisco,075,870044,129746,128323,8535,136858,857
2022-04-23,San Joaquin,077,732212,167565,166626,9999,176625,2224
2022-04-23,San Luis Obispo,079,281455,52944,52826,3803,56629,476
2022-04-23,San Mateo,081,765935,125502,124106,7192,131298,703
2022-04-23,Santa Barbara,083,443738,86740,86376,4763,91139,685
2022-04-23,Santa Clara,085,1922200,322386,317487,12682,330169,2277
2022-04-23,Santa Cruz,087,273765,49041,48255,2133,50388,261
2022-04-23,Shasta,089,179085,30652,30607,6104,36711,557
2022-04-23,Sierra,091,2930,274,276,49,325,4
2022-04-23,Siskiyou,093,43540,4443,4453,2733,7186,81
2022-04-23,Solano,095,438530,82486,81982,5638,87620,448
2022-04-23,Sonoma,097,501317,85152,84581,2836,87417,486
2022-04-23,Stanislaus,099,539301,118076,117737,17933,135670,1632
2022-04-23,Sutter,101,95872,20552,20605,2092,22697,224
2022-04-23,Tehama,103,63373,12073,12064,2573,14637,201
2022-04-23,Trinity,105,12862,1186,1177,288,1465,20
2022-04-23,Tulare,107,460477,106501,106354,27638,133992,1446
2022-04-23,Tuolumne,109,53932,12753,12664,571,13235,181
2022-04-23,Ventura,111,848112,174473,174091,9525,183616,1479
2022-04-23,Yolo,113,214977,37694,36990,2946,39936,314
2022-04-23,Yuba,115,75493,15904,15888,1204,17092,121
2022-04-22,Alameda,001,1643700,262042,259619,14137,273756,1837
2022-04-22,Alpine,002,1148,124,124,1,125,0
2022-04-22,Amador,005,37829,8558,8509,654,9163,86
2022-04-22,Butte,007,227075,33322,33105,7104,40209,411
2022-04-22,Calaveras,009,45235,7308,7296,353,7649,119
2022-04-22,Colusa,011,21464,3460,3453,1047,4500,21
2022-04-22,Contra Costa,013,1133247,195261,190611,13705,204316,1298
2022-04-22,Del Norte,015,27424,5845,5827,186,6013,50
2022-04-22,El Dorado,017,186661,26926,26837,3218,30055,209
2022-04-22,Fresno,019,978130,235552,231751,24343,256094,2744
2022-04-22,Glenn,021,27897,5007,4989,1612,6601,48
2022-04-22,Humboldt,023,135768,17151,17033,3001,20034,145
2022-04-22,Imperial,025,180216,55492,55434,10550,65984,910
2022-04-22,Inyo,027,18085,4085,4079,492,4571,56
2022-04-22,Kern,029,883053,192307,192012,45912,237924,2267
2022-04-22,Kings,031,150075,51602,51588,3527,55115,444
2022-04-22,Lake,033,64148,10756,10720,889,11609,134
2022-04-22,Lassen,035,31185,8961,8966,876,9842,65
2022-04-22,Los Angeles,037,10098052,2737012,2725630,124567,2850197,31667
2022-04-22,Madera,039,155013,37333,37333,6032,43365,354
2022-04-22,Marin,041,260295,34413,34150,2655,36805,288
2022-04-22,Mariposa,043,17540,2431,2422,204,2626,30
2022-04-22,Mendocino,045,87422,13203,13158,3066,16224,122
2022-04-22,Merced,047,269075,62815,62286,8817,71103,815
2022-04-22,Modoc,049,8938,740,745,251,996,8
2022-04-22,Mono,051,14174,2989,2986,128,3114,6
2022-04-22,Monterey,053,433212,79885,79560,13857,93417,729
2022-04-22,Napa,055,140530,26223,26093,1006,27099,143
2022-04-22,Nevada,057,99092,16085,16052,1218,17270,127
2022-04-22,Orange,059,3164182,551271,549765,42130,591895,6989
2022-04-22,Placer,061,380077,63269,63037,7388,70425,622
2022-04-22,Plumas,063,18699,2986,2934,365,3299,13
2022-04-22,Riverside,065,2383286,594045,592683,27985,620668,6450
2022-04-22,Sacramento,067,1510023,282905,280551,26696,307247,2993
2022-04-22,San Benito,069,59416,13042,12966,523,13489,98
2022-04-22,San Bernardino,071,2135413,577244,566806,25084,591890,7047
2022-04-22,San Diego,073,3302833,757633,758311,53544,811855,5233
2022-04-22,San Francisco,075,870044,129579,128323,8509,136832,857
2022-04-22,San Joaquin,077,732212,167534,166626,9997,176623,2224
2022-04-22,San Luis Obispo,079,281455,52938,52826,3802,56628,476
2022-04-22,San Mateo,081,765935,125335,124106,7181,131287,703
2022-04-22,Santa Barbara,083,443738,86694,86376,4762,91138,685
2022-04-22,Santa Clara,085,1922200,322039,317487,12668,330155,2277
2022-04-22,Santa Cruz,087,273765,49001,48255,2132,50387,261
2022-04-22,Shasta,089,179085,30647,30607,6103,36710,557
2022-04-22,Sierra,091,2930,274,276,48,324,4
2022-04-22,Siskiyou,093,43540,4443,4453,2733,7186,81
2022-04-22,Solano,095,438530,82429,81982,5635,87617,448
2022-04-22,Sonoma,097,501317,85087,84581,2832,87413,486
2022-04-22,Stanislaus,099,539301,118054,117737,17928,135665,1632
2022-04-22,Sutter,101,95872,20546,20605,2092,22697,224
2022-04-22,Tehama,103,63373,12068,12064,2572,14636,201
2022-04-22,Trinity,105,12862,1186,1177,287,1464,20
2022-04-22,Tulare,107,460477,106491,106354,27630,133984,1446
2022-04-22,Tuolumne,109,53932,12747,12664,569,13233,181
2022-04-22,Ventura,111,848112,174398,174091,9514,183605,1479
2022-04-22,Yolo,113,214977,37673,36990,2944,39934,314
2022-04-22,Yuba,115,75493,15901,15888,1203,17091,121
2022-04-21,Alameda,001,1643700,261679,259619,14100,273719,1837
2022-04-21,Alpine,002,1148,124,124,1,125,0
2022-04-21,Amador,005,37829,8555,8509,654,9163,86
2022-04-21,Butte,007,227075,33315,33105,7096,40201,411
2022-04-21,Calaveras,009,45235,7305,7296,353,7649,119
2022-04-21,Colusa,011,21464,3459,3453,1047,4500,21
2022-04-21,Contra Costa,013,1133247,195065,190611,13684,204295,1298
2022-04-21,Del Norte,015,27424,5844,5827,186,6013,50
2022-04-21,El Dorado,017,186661,26910,26837,3217,30054,209
2022-04-21,Fresno,019,978130,235510,231751,24334,256085,2744
2022-04-21,Glenn,021,27897,5007,4989,1611,6600,48
2022-04-21,Humboldt,023,135768,17128,17033,2993,20026,145
2022-04-21,Imperial,025,180216,55483,55434,10550,65984,910
2022-04-21,Inyo,027,18085,4085,4079,492,4571,56
2022-04-21,Kern,029,883053,192274,192012,45897,237909,2267
2022-04-21,Kings,031,150075,51594,51588,3527,55115,444
2022-04-21,Lake,033,64148,10753,10720,889,11609,134
2022-04-21,Lassen,035,31185,8961,8966,876,9842,65
2022-04-21,Los Angeles,037,10098052,2735369,2725630,124452,2850082,31667
2022-04-21,Madera,039,155013,37330,37333,6031,43364,354
2022-04-21,Marin,041,260295,34365,34150,2645,36795,288
2022-04-21,Mariposa,043,17540,2430,2422,204,2626,30
2022-04-21,Mendocino,045,87422,13196,13158,3063,16221,122
2022-04-21,Merced,047,269075,62797,62286,8814,71100,815
2022-04-21,Modoc,049,8938,740,745,251,996,8
2022-04-21,Mono,051,14174,2988,2986,127,3113,6
2022-04-21,Monterey,053,433212,79858,79560,13843,93403,729
2022-04-21,Napa,055,140530,26192,26093,1005,27098,143
2022-04-21,Nevada,057,99092,16081,16052,1218,17270,127
2022-04-21,Orange,059,3164182,551019,549765,42093,591858,6989
2022-04-21,Placer,061,380077,63231,63037,7384,70421,622
2022-04-21,Plumas,063,18699,2986,2934,365,3299,13
2022-04-21,Riverside,065,2383286,593884,592683,27967,620650,6450
2022-04-21,Sacramento,067,1510023,282756,280551,26677,307228,2993
2022-04-21,San Benito,069,59416,13036,12966,523,13489,98
2022-04-21,San Bernardino,071,2135413,577051,566806,25072,591878,7047
2022-04-21,San Diego,073,3302833,757208,758311,53500,811811,5233
2022-04-21,San Francisco,075,870044,129356,128323,8482,136805,857
2022-04-21,San Joaquin,077,732212,167482,166626,9992,176618,2224
2022-04-21,San Luis Obispo,079,281455,52918,52826,3795,56621,476
2022-04-21,San Mateo,081,765935,125129,124106,7164,131270,703
2022-04-21,Santa Barbara,083,443738,86635,86376,4759,91135,685
2022-04-21,Santa Clara,085,1922200,321589,317487,12646,330133,2277
2022-04-21,Santa Cruz,087,273765,48955,48255,2130,50385,261
2022-04-21,Shasta,089,179085,30639,30607,6103,36710,557
2022-04-21,Sierra,091,2930,274,276,48,324,4
2022-04-21,Siskiyou,093,43540,4443,4453,2733,7186,81
2022-04-21,Solano,095,438530,82365,81982,5628,87610,448
2022-04-21,Sonoma,097,501317,84972,84581,2812,87393,486
2022-04-21,Stanislaus,099,539301,118015,117737,17920,135657,1632
2022-04-21,Sutter,101,95872,20537,20605,2090,22695,224
2022-04-21,Tehama,103,63373,12068,12064,2572,14636,201
2022-04-21,Trinity,105,12862,1186,1177,287,1464,20
2022-04-21,Tulare,107,460477,106484,106354,27626,133980,1446
2022-04-21,Tuolumne,109,53932,12742,12664,569,13233,181
2022-04-21,Ventura,111,848112,174316,174091,9508,183599,1479
2022-04-21,Yolo,113,214977,37643,36990,2944,39934,314
2022-04-21,Yuba,115,75493,15899,15888,1203,17091,121
2022-04-20,Alameda,001,1643700,261313,258734,14074,272808,1832
2022-04-20,Alpine,002,1148,124,124,1,125,0
2022-04-20,Amador,005,37829,8553,8494,654,9148,86
2022-04-20,Butte,007,227075,33299,33083,7089,40172,408
2022-04-20,Calaveras,009,45235,7299,7288,352,7640,119
2022-04-20,Colusa,011,21464,3459,3453,1047,4500,21
2022-04-20,Contra Costa,013,1133247,194831,190042,13659,203701,1299
2022-04-20,Del Norte,015,27424,5838,5814,186,6000,50
2022-04-20,El Dorado,017,186661,26895,26821,3213,30034,209
2022-04-20,Fresno,019,978130,235460,231568,24333,255901,2740
2022-04-20,Glenn,021,27897,5006,4988,1608,6596,48
2022-04-20,Humboldt,023,135768,17106,16976,2989,19965,145
2022-04-20,Imperial,025,180216,55475,55405,10547,65952,910
2022-04-20,Inyo,027,18085,4085,4075,491,4566,56
2022-04-20,Kern,029,883053,192239,191915,45881,237796,2262
2022-04-20,Kings,031,150075,51585,51571,3525,55096,445
2022-04-20,Lake,033,64148,10753,10711,889,11600,134
2022-04-20,Lassen,035,31185,8961,8951,876,9827,65
2022-04-20,Los Angeles,037,10098052,2733632,2721699,124331,2846030,31630
2022-04-20,Madera,039,155013,37327,37333,6028,43361,354
2022-04-20,Marin,041,260295,34324,33985,2622,36607,288
2022-04-20,Mariposa,043,17540,2428,2412,204,2616,30
2022-04-20,Mendocino,045,87422,13190,13128,3055,16183,122
2022-04-20,Merced,047,269075,62787,62322,8801,71123,813
2022-04-20,Modoc,049,8938,740,744,251,995,8
2022-04-20,Mono,051,14174,2988,2984,127,3111,6
2022-04-20,Monterey,053,433212,79813,79419,13824,93243,727
2022-04-20,Napa,055,140530,26158,26016,1001,27017,143
2022-04-20,Nevada,057,99092,16071,16034,1215,17249,127
2022-04-20,Orange,059,3164182,550691,549136,42046,591182,6963
2022-04-20,Placer,061,380077,63204,62928,7379,70307,619
2022-04-20,Plumas,063,18699,2986,2932,365,3297,13
2022-04-20,Riverside,065,2383286,593692,592224,27945,620169,6447
2022-04-20,Sacramento,067,1510023,282609,279326,26663,305989,2987
2022-04-20,San Benito,069,59416,13030,12971,520,13491,98
2022-04-20,San Bernardino,071,2135413,576844,565405,25055,590460,6977
2022-04-20,San Diego,073,3302833,756766,757138,53439,810577,5231
2022-04-20,San Francisco,075,870044,129048,127594,8464,136058,854
2022-04-20,San Joaquin,077,732212,167414,166531,9985,176516,2222
2022-04-20,San Luis Obispo,079,281455,52891,52740,3788,56528,476
2022-04-20,San Mateo,081,765935,124910,123279,7133,130412,701
2022-04-20,Santa Barbara,083,443738,86599,86214,4753,90967,685
2022-04-20,Santa Clara,085,1922200,321178,316355,12608,328963,2274
2022-04-20,Santa Cruz,087,273765,48891,47997,2126,50123,261
2022-04-20,Shasta,089,179085,30636,30590,6102,36692,554
2022-04-20,Sierra,091,2930,274,276,48,324,4
2022-04-20,Siskiyou,093,43540,4442,4446,2732,7178,80
2022-04-20,Solano,095,438530,82294,81841,5625,87466,447
2022-04-20,Sonoma,097,501317,84885,84429,2788,87217,485
2022-04-20,Stanislaus,099,539301,117978,117540,17909,135449,1630
2022-04-20,Sutter,101,95872,20530,20632,2090,22722,224
2022-04-20,Tehama,103,63373,12066,12061,2572,14633,199
2022-04-20,Trinity,105,12862,1186,1178,287,1465,20
2022-04-20,Tulare,107,460477,106476,105974,27615,133589,1439
2022-04-20,Tuolumne,109,53932,12737,12648,568,13216,180
2022-04-20,Ventura,111,848112,174228,173904,9499,183403,1475
2022-04-20,Yolo,113,214977,37593,36785,2941,39726,311
2022-04-20,Yuba,115,75493,15895,15868,1201,17069,121
2022-04-19,Alameda,001,1643700,260950,258734,14045,272779,1832
2022-04-19,Alpine,002,1148,124,124,1,125,0
2022-04-19,Amador,005,37829,8549,8494,651,9145,86
2022-04-19,Butte,007,227075,33292,33083,7085,40168,408
2022-04-19,Calaveras,009,45235,7296,7288,352,7640,119
2022-04-19,Colusa,011,21464,3459,3453,1047,4500,21
2022-04-19,Contra Costa,013,1133247,194584,190042,13641,203683,1299
2022-04-19,Del Norte,015,27424,5836,5814,184,5998,50
2022-04-19,El Dorado,017,186661,26880,26821,3210,30031,209
2022-04-19,Fresno,019,978130,235405,231568,24323,255891,2740
2022-04-19,Glenn,021,27897,5005,4988,1608,6596,48
2022-04-19,Humboldt,023,135768,17069,16976,2978,19954,145
2022-04-19,Imperial,025,180216,55468,55405,10544,65949,910
2022-04-19,Inyo,027,18085,4082,4075,491,4566,56
2022-04-19,Kern,029,883053,192203,191915,45871,237786,2262
2022-04-19,Kings,031,150075,51571,51571,3524,55095,445
2022-04-19,Lake,033,64148,10749,10711,888,11599,134
2022-04-19,Lassen,035,31185,8961,8951,876,9827,65
2022-04-19,Los Angeles,037,10098052,2731840,2721699,124203,2845902,31630
2022-04-19,Madera,039,155013,37324,37333,6027,43360,354
2022-04-19,Marin,041,260295,34273,33985,2606,36591,288
2022-04-19,Mariposa,043,17540,2428,2412,203,2615,30
2022-04-19,Mendocino,045,87422,13182,13128,3044,16172,122
2022-04-19,Merced,047,269075,62768,62322,8798,71120,813
2022-04-19,Modoc,049,8938,740,744,251,995,8
2022-04-19,Mono,051,14174,2988,2984,127,3111,6
2022-04-19,Monterey,053,433212,79794,79419,13811,93230,727
2022-04-19,Napa,055,140530,26135,26016,992,27008,143
2022-04-19,Nevada,057,99092,16065,16034,1213,17247,127
2022-04-19,Orange,059,3164182,550412,549136,42002,591138,6963
2022-04-19,Placer,061,380077,63173,62928,7374,70302,619
2022-04-19,Plumas,063,18699,2986,2932,365,3297,13
2022-04-19,Riverside,065,2383286,593509,592224,27933,620157,6447
2022-04-19,Sacramento,067,1510023,282434,279326,26641,305967,2987
2022-04-19,San Benito,069,59416,13024,12971,519,13490,98
2022-04-19,San Bernardino,071,2135413,576630,565405,25033,590438,6977
2022-04-19,San Diego,073,3302833,756301,757138,53374,810512,5231
2022-04-19,San Francisco,075,870044,128715,127594,8447,136041,854
2022-04-19,San Joaquin,077,732212,167364,166531,9981,176512,2222
2022-04-19,San Luis Obispo,079,281455,52855,52740,3782,56522,476
2022-04-19,San Mateo,081,765935,124677,123279,7113,130392,701
2022-04-19,Santa Barbara,083,443738,86545,86214,4745,90959,685
2022-04-19,Santa Clara,085,1922200,320758,316355,12580,328935,2274
2022-04-19,Santa Cruz,087,273765,48836,47997,2124,50121,261
2022-04-19,Shasta,089,179085,30624,30590,6101,36691,554
2022-04-19,Sierra,091,2930,274,276,48,324,4
2022-04-19,Siskiyou,093,43540,4441,4446,2730,7176,80
2022-04-19,Solano,095,438530,82210,81841,5618,87459,447
2022-04-19,Sonoma,097,501317,84783,84429,2759,87188,485
2022-04-19,Stanislaus,099,539301,117952,117540,17904,135444,1630
2022-04-19,Sutter,101,95872,20530,20632,2090,22722,224
2022-04-19,Tehama,103,63373,12065,12061,2572,14633,199
2022-04-19,Trinity,105,12862,1185,1178,287,1465,20
2022-04-19,Tulare,107,460477,106461,105974,27609,133583,1439
2022-04-19,Tuolumne,109,53932,12735,12648,568,13216,180
2022-04-19,Ventura,111,848112,174135,173904,9486,183390,1475
2022-04-19,Yolo,113,214977,37548,36785,2939,39724,311
2022-04-19,Yuba,115,75493,15888,15868,1201,17069,121
2022-04-18,Alameda,001,1643700,260563,258734,14026,272760,1832
2022-04-18,Alpine,002,1148,124,124,1,125,0
2022-04-18,Amador,005,37829,8548,8494,650,9144,86
2022-04-18,Butte,007,227075,33288,33083,7080,40163,408
2022-04-18,Calaveras,009,45235,7292,7288,351,7639,119
2022-04-18,Colusa,011,21464,3458,3453,1047,4500,21
2022-04-18,Contra Costa,013,1133247,194349,190042,13616,203658,1299
2022-04-18,Del Norte,015,27424,5831,5814,184,5998,50
2022-04-18,El Dorado,017,186661,26864,26821,3207,30028,209
2022-04-18,Fresno,019,978130,235362,231568,24312,255880,2740
2022-04-18,Glenn,021,27897,5005,4988,1607,6595,48
2022-04-18,Humboldt,023,135768,17040,16976,2975,19951,145
2022-04-18,Imperial,025,180216,55456,55405,10542,65947,910
2022-04-18,Inyo,027,18085,4082,4075,491,4566,56
2022-04-18,Kern,029,883053,192158,191915,45859,237774,2262
2022-04-18,Kings,031,150075,51566,51571,3524,55095,445
2022-04-18,Lake,033,64148,10745,10711,887,11598,134
2022-04-18,Lassen,035,31185,8961,8951,876,9827,65
2022-04-18,Los Angeles,037,10098052,2730014,2721699,124090,2845789,31630
2022-04-18,Madera,039,155013,37316,37333,6026,43359,354
2022-04-18,Marin,041,260295,34210,33985,2583,36568,288
2022-04-18,Mariposa,043,17540,2426,2412,203,2615,30
2022-04-18,Mendocino,045,87422,13165,13128,3039,16167,122
2022-04-18,Merced,047,269075,62756,62322,8792,71114,813
2022-04-18,Modoc,049,8938,739,744,251,995,8
2022-04-18,Mono,051,14174,2987,2984,127,3111,6
2022-04-18,Monterey,053,433212,79721,79419,13795,93214,727
2022-04-18,Napa,055,140530,26099,26016,991,27007,143
2022-04-18,Nevada,057,99092,16055,16034,1211,17245,127
2022-04-18,Orange,059,3164182,550125,549136,41966,591102,6963
2022-04-18,Placer,061,380077,63140,62928,7372,70300,619
2022-04-18,Plumas,063,18699,2986,2932,365,3297,13
2022-04-18,Riverside,065,2383286,593299,592224,27913,620137,6447
2022-04-18,Sacramento,067,1510023,282278,279326,26629,305955,2987
2022-04-18,San Benito,069,59416,13018,12971,519,13490,98
2022-04-18,San Bernardino,071,2135413,576420,565405,25015,590420,6977
2022-04-18,San Diego,073,3302833,755832,757138,53315,810453,5231
2022-04-18,San Francisco,075,870044,128398,127594,8435,136029,854
2022-04-18,San Joaquin,077,732212,167304,166531,9974,176505,2222
2022-04-18,San Luis Obispo,079,281455,52826,52740,3777,56517,476
2022-04-18,San Mateo,081,765935,124444,123279,7094,130373,701
2022-04-18,Santa Barbara,083,443738,86474,86214,4740,90954,685
2022-04-18,Santa Clara,085,1922200,320312,316355,12556,328911,2274
2022-04-18,Santa Cruz,087,273765,48731,47997,2122,50119,261
2022-04-18,Shasta,089,179085,30618,30590,6098,36688,554
2022-04-18,Sierra,091,2930,274,276,48,324,4
2022-04-18,Siskiyou,093,43540,4440,4446,2729,7175,80
2022-04-18,Solano,095,438530,82145,81841,5612,87453,447
2022-04-18,Sonoma,097,501317,84683,84429,2744,87173,485
2022-04-18,Stanislaus,099,539301,117923,117540,17901,135441,1630
2022-04-18,Sutter,101,95872,20528,20632,2088,22720,224
2022-04-18,Tehama,103,63373,12061,12061,2572,14633,199
2022-04-18,Trinity,105,12862,1185,1178,287,1465,20
2022-04-18,Tulare,107,460477,106446,105974,27601,133575,1439
2022-04-18,Tuolumne,109,53932,12728,12648,567,13215,180
2022-04-18,Ventura,111,848112,174044,173904,9476,183380,1475
2022-04-18,Yolo,113,214977,37490,36785,2939,39724,311
2022-04-18,Yuba,115,75493,15879,15868,1200,17068,121
2022-04-17,Alameda,001,1643700,260167,257897,14002,271899,1829
2022-04-17,Alpine,002,1148,124,124,1,125,0
2022-04-17,Amador,005,37829,8543,8491,648,9139,86
2022-04-17,Butte,007,227075,33285,33053,7077,40130,405
2022-04-17,Calaveras,009,45235,7289,7275,350,7625,119
2022-04-17,Colusa,011,21464,3457,3450,1047,4497,21
2022-04-17,Contra Costa,013,1133247,194121,189742,13580,203322,1298
2022-04-17,Del Norte,015,27424,5827,5809,184,5993,50
2022-04-17,El Dorado,017,186661,26853,26796,3205,30001,209
2022-04-17,Fresno,019,978130,235285,231455,24307,255762,2739
2022-04-17,Glenn,021,27897,5005,4991,1607,6598,48
2022-04-17,Humboldt,023,135768,17005,16929,2969,19898,143
2022-04-17,Imperial,025,180216,55447,55371,10541,65912,910
2022-04-17,Inyo,027,18085,4080,4075,491,4566,56
2022-04-17,Kern,029,883053,192123,191866,45844,237710,2258
2022-04-17,Kings,031,150075,51555,51544,3522,55066,445
2022-04-17,Lake,033,64148,10744,10702,887,11589,134
2022-04-17,Lassen,035,31185,8961,8950,876,9826,65
2022-04-17,Los Angeles,037,10098052,2728031,2717479,123971,2841450,31598
2022-04-17,Madera,039,155013,37310,37362,6026,43388,354
2022-04-17,Marin,041,260295,34143,33829,2553,36382,288
2022-04-17,Mariposa,043,17540,2418,2406,203,2609,30
2022-04-17,Mendocino,045,87422,13150,13107,3035,16142,122
2022-04-17,Merced,047,269075,62736,62295,8786,71081,813
2022-04-17,Modoc,049,8938,739,743,251,994,8
2022-04-17,Mono,051,14174,2986,2977,127,3104,6
2022-04-17,Monterey,053,433212,79688,79311,13775,93086,727
2022-04-17,Napa,055,140530,26054,25929,985,26914,143
2022-04-17,Nevada,057,99092,16039,16014,1206,17220,123
2022-04-17,Orange,059,3164182,549762,548311,41915,590226,6945
2022-04-17,Placer,061,380077,63100,62882,7365,70247,618
2022-04-17,Plumas,063,18699,2986,2929,365,3294,13
2022-04-17,Riverside,065,2383286,593077,591772,27893,619665,6443
2022-04-17,Sacramento,067,1510023,282115,278523,26605,305128,2978
2022-04-17,San Benito,069,59416,13015,12926,518,13444,98
2022-04-17,San Bernardino,071,2135413,576182,564397,25001,589398,6948
2022-04-17,San Diego,073,3302833,755345,756165,53247,809412,5229
2022-04-17,San Francisco,075,870044,128079,126976,8419,135395,854
2022-04-17,San Joaquin,077,732212,167254,166645,9968,176613,2220
2022-04-17,San Luis Obispo,079,281455,52757,52698,3772,56470,476
2022-04-17,San Mateo,081,765935,124205,122652,7080,129732,699
2022-04-17,Santa Barbara,083,443738,86416,86030,4733,90763,684
2022-04-17,Santa Clara,085,1922200,319820,315296,12530,327826,2268
2022-04-17,Santa Cruz,087,273765,48609,47895,2120,50015,261
2022-04-17,Shasta,089,179085,30607,30578,6094,36672,554
2022-04-17,Sierra,091,2930,274,276,48,324,4
2022-04-17,Siskiyou,093,43540,4435,4444,2728,7172,80
2022-04-17,Solano,095,438530,82078,81781,5606,87387,447
2022-04-17,Sonoma,097,501317,84571,84172,2737,86909,485
2022-04-17,Stanislaus,099,539301,117893,117567,17894,135461,1619
2022-04-17,Sutter,101,95872,20523,20621,2087,22708,224
2022-04-17,Tehama,103,63373,12060,12061,2572,14633,199
2022-04-17,Trinity,105,12862,1184,1178,287,1465,20
2022-04-17,Tulare,107,460477,106432,105757,27593,133350,1428
2022-04-17,Tuolumne,109,53932,12722,12640,567,13207,180
2022-04-17,Ventura,111,848112,173947,173665,9457,183122,1474
2022-04-17,Yolo,113,214977,37441,36752,2937,39689,311
2022-04-17,Yuba,115,75493,15873,15857,1200,17057,121
2022-04-16,Alameda,001,1643700,260014,257897,13992,271889,1829
2022-04-16,Alpine,002,1148,124,124,1,125,0
2022-04-16,Amador,005,37829,8541,8491,648,9139,86
2022-04-16,Butte,007,227075,33281,33053,7075,40128,405
2022-04-16,Calaveras,009,45235,7287,7275,350,7625,119
2022-04-16,Colusa,011,21464,3457,3450,1047,4497,21
2022-04-16,Contra Costa,013,1133247,194030,189742,13574,203316,1298
2022-04-16,Del Norte,015,27424,5827,5809,184,5993,50
2022-04-16,El Dorado,017,186661,26842,26796,3205,30001,209
2022-04-16,Fresno,019,978130,235257,231455,24306,255761,2739
2022-04-16,Glenn,021,27897,5005,4991,1607,6598,48
2022-04-16,Humboldt,023,135768,16997,16929,2964,19893,143
2022-04-16,Imperial,025,180216,55441,55371,10540,65911,910
2022-04-16,Inyo,027,18085,4080,4075,491,4566,56
2022-04-16,Kern,029,883053,192112,191866,45832,237698,2258
2022-04-16,Kings,031,150075,51552,51544,3522,55066,445
2022-04-16,Lake,033,64148,10742,10702,887,11589,134
2022-04-16,Lassen,035,31185,8961,8950,876,9826,65
2022-04-16,Los Angeles,037,10098052,2727315,2717479,123920,2841399,31598
2022-04-16,Madera,039,155013,37308,37362,6026,43388,354
2022-04-16,Marin,041,260295,34105,33829,2527,36356,288
2022-04-16,Mariposa,043,17540,2417,2406,203,2609,30
2022-04-16,Mendocino,045,87422,13144,13107,3035,16142,122
2022-04-16,Merced,047,269075,62733,62295,8785,71080,813
2022-04-16,Modoc,049,8938,739,743,251,994,8
2022-04-16,Mono,051,14174,2986,2977,127,3104,6
2022-04-16,Monterey,053,433212,79673,79311,13766,93077,727
2022-04-16,Napa,055,140530,26031,25929,983,26912,143
2022-04-16,Nevada,057,99092,16036,16014,1203,17217,123
2022-04-16,Orange,059,3164182,549646,548311,41884,590195,6945
2022-04-16,Placer,061,380077,63083,62882,7363,70245,618
2022-04-16,Plumas,063,18699,2984,2929,365,3294,13
2022-04-16,Riverside,065,2383286,592997,591772,27887,619659,6443
2022-04-16,Sacramento,067,1510023,282063,278523,26602,305125,2978
2022-04-16,San Benito,069,59416,13014,12926,518,13444,98
2022-04-16,San Bernardino,071,2135413,576082,564397,24997,589394,6948
2022-04-16,San Diego,073,3302833,755198,756165,53233,809398,5229
2022-04-16,San Francisco,075,870044,127922,126976,8410,135386,854
2022-04-16,San Joaquin,077,732212,167213,166645,9965,176610,2220
2022-04-16,San Luis Obispo,079,281455,52751,52698,3771,56469,476
2022-04-16,San Mateo,081,765935,124101,122652,7077,129729,699
2022-04-16,Santa Barbara,083,443738,86386,86030,4733,90763,684
2022-04-16,Santa Clara,085,1922200,319579,315296,12522,327818,2268
2022-04-16,Santa Cruz,087,273765,48581,47895,2120,50015,261
2022-04-16,Shasta,089,179085,30603,30578,6094,36672,554
2022-04-16,Sierra,091,2930,274,276,48,324,4
2022-04-16,Siskiyou,093,43540,4435,4444,2728,7172,80
2022-04-16,Solano,095,438530,82063,81781,5604,87385,447
2022-04-16,Sonoma,097,501317,84522,84172,2728,86900,485
2022-04-16,Stanislaus,099,539301,117873,117567,17889,135456,1619
2022-04-16,Sutter,101,95872,20519,20621,2087,22708,224
2022-04-16,Tehama,103,63373,12059,12061,2572,14633,199
2022-04-16,Trinity,105,12862,1184,1178,287,1465,20
2022-04-16,Tulare,107,460477,106422,105757,27591,133348,1428
2022-04-16,Tuolumne,109,53932,12721,12640,567,13207,180
2022-04-16,Ventura,111,848112,173919,173665,9453,183118,1474
2022-04-16,Yolo,113,214977,37433,36752,2936,39688,311
2022-04-16,Yuba,115,75493,15869,15857,1200,17057,121
2022-04-15,Alameda,001,1643700,259834,257897,13984,271881,1829
2022-04-15,Alpine,002,1148,124,124,1,125,0
2022-04-15,Amador,005,37829,8540,8491,646,9137,86
2022-04-15,Butte,007,227075,33279,33053,7073,40126,405
2022-04-15,Calaveras,009,45235,7285,7275,350,7625,119
2022-04-15,Colusa,011,21464,3457,3450,1047,4497,21
2022-04-15,Contra Costa,013,1133247,193912,189742,13567,203309,1298
2022-04-15,Del Norte,015,27424,5826,5809,184,5993,50
2022-04-15,El Dorado,017,186661,26827,26796,3204,30000,209
2022-04-15,Fresno,019,978130,235228,231455,24305,255760,2739
2022-04-15,Glenn,021,27897,5004,4991,1607,6598,48
2022-04-15,Humboldt,023,135768,16985,16929,2963,19892,143
2022-04-15,Imperial,025,180216,55439,55371,10540,65911,910
2022-04-15,Inyo,027,18085,4080,4075,490,4565,56
2022-04-15,Kern,029,883053,192097,191866,45822,237688,2258
2022-04-15,Kings,031,150075,51548,51544,3522,55066,445
2022-04-15,Lake,033,64148,10737,10702,887,11589,134
2022-04-15,Lassen,035,31185,8961,8950,876,9826,65
2022-04-15,Los Angeles,037,10098052,2726538,2717479,123854,2841333,31598
2022-04-15,Madera,039,155013,37306,37362,6026,43388,354
2022-04-15,Marin,041,260295,34071,33829,2506,36335,288
2022-04-15,Mariposa,043,17540,2416,2406,203,2609,30
2022-04-15,Mendocino,045,87422,13138,13107,3033,16140,122
2022-04-15,Merced,047,269075,62729,62295,8785,71080,813
2022-04-15,Modoc,049,8938,739,743,251,994,8
2022-04-15,Mono,051,14174,2981,2977,126,3103,6
2022-04-15,Monterey,053,433212,79646,79311,13760,93071,727
2022-04-15,Napa,055,140530,26014,25929,982,26911,143
2022-04-15,Nevada,057,99092,16034,16014,1202,17216,123
2022-04-15,Orange,059,3164182,549525,548311,41852,590163,6945
2022-04-15,Placer,061,380077,63068,62882,7362,70244,618
2022-04-15,Plumas,063,18699,2984,2929,365,3294,13
2022-04-15,Riverside,065,2383286,592896,591772,27881,619653,6443
2022-04-15,Sacramento,067,1510023,281984,278523,26598,305121,2978
2022-04-15,San Benito,069,59416,13012,12926,517,13443,98
2022-04-15,San Bernardino,071,2135413,576001,564397,24994,589391,6948
2022-04-15,San Diego,073,3302833,755005,756165,53214,809379,5229
2022-04-15,San Francisco,075,870044,127773,126976,8394,135370,854
2022-04-15,San Joaquin,077,732212,167190,166645,9963,176608,2220
2022-04-15,San Luis Obispo,079,281455,52743,52698,3771,56469,476
2022-04-15,San Mateo,081,765935,123965,122652,7070,129722,699
2022-04-15,Santa Barbara,083,443738,86353,86030,4732,90762,684
2022-04-15,Santa Clara,085,1922200,319287,315296,12513,327809,2268
2022-04-15,Santa Cruz,087,273765,48553,47895,2119,50014,261
2022-04-15,Shasta,089,179085,30594,30578,6094,36672,554
2022-04-15,Sierra,091,2930,274,276,48,324,4
2022-04-15,Siskiyou,093,43540,4433,4444,2728,7172,80
2022-04-15,Solano,095,438530,82038,81781,5604,87385,447
2022-04-15,Sonoma,097,501317,84469,84172,2712,86884,485
2022-04-15,Stanislaus,099,539301,117853,117567,17887,135454,1619
2022-04-15,Sutter,101,95872,20516,20621,2087,22708,224
2022-04-15,Tehama,103,63373,12059,12061,2572,14633,199
2022-04-15,Trinity,105,12862,1184,1178,287,1465,20
2022-04-15,Tulare,107,460477,106416,105757,27584,133341,1428
2022-04-15,Tuolumne,109,53932,12718,12640,564,13204,180
2022-04-15,Ventura,111,848112,173890,173665,9447,183112,1474
2022-04-15,Yolo,113,214977,37416,36752,2936,39688,311
2022-04-15,Yuba,115,75493,15866,15857,1200,17057,121
2022-04-14,Alameda,001,1643700,259571,257897,13973,271870,1829
2022-04-14,Alpine,002,1148,124,124,1,125,0
2022-04-14,Amador,005,37829,8540,8491,646,9137,86
2022-04-14,Butte,007,227075,33274,33053,7070,40123,405
2022-04-14,Calaveras,009,45235,7284,7275,350,7625,119
2022-04-14,Colusa,011,21464,3457,3450,1047,4497,21
2022-04-14,Contra Costa,013,1133247,193756,189742,13555,203297,1298
2022-04-14,Del Norte,015,27424,5825,5809,184,5993,50
2022-04-14,El Dorado,017,186661,26824,26796,3202,29998,209
2022-04-14,Fresno,019,978130,235201,231455,24304,255759,2739
2022-04-14,Glenn,021,27897,5004,4991,1605,6596,48
2022-04-14,Humboldt,023,135768,16970,16929,2962,19891,143
2022-04-14,Imperial,025,180216,55429,55371,10540,65911,910
2022-04-14,Inyo,027,18085,4080,4075,489,4564,56
2022-04-14,Kern,029,883053,192078,191866,45814,237680,2258
2022-04-14,Kings,031,150075,51540,51544,3522,55066,445
2022-04-14,Lake,033,64148,10736,10702,887,11589,134
2022-04-14,Lassen,035,31185,8961,8950,875,9825,65
2022-04-14,Los Angeles,037,10098052,2725453,2717479,123765,2841244,31598
2022-04-14,Madera,039,155013,37304,37362,6026,43388,354
2022-04-14,Marin,041,260295,34031,33829,2485,36314,288
2022-04-14,Mariposa,043,17540,2415,2406,203,2609,30
2022-04-14,Mendocino,045,87422,13133,13107,3033,16140,122
2022-04-14,Merced,047,269075,62725,62295,8784,71079,813
2022-04-14,Modoc,049,8938,738,743,251,994,8
2022-04-14,Mono,051,14174,2981,2977,125,3102,6
2022-04-14,Monterey,053,433212,79621,79311,13755,93066,727
2022-04-14,Napa,055,140530,25992,25929,981,26910,143
2022-04-14,Nevada,057,99092,16027,16014,1201,17215,123
2022-04-14,Orange,059,3164182,549334,548311,41823,590134,6945
2022-04-14,Placer,061,380077,63050,62882,7357,70239,618
2022-04-14,Plumas,063,18699,2984,2929,365,3294,13
2022-04-14,Riverside,065,2383286,592775,591772,27871,619643,6443
2022-04-14,Sacramento,067,1510023,281865,278523,26584,305107,2978
2022-04-14,San Benito,069,59416,13006,12926,517,13443,98
2022-04-14,San Bernardino,071,2135413,575829,564397,24989,589386,6948
2022-04-14,San Diego,073,3302833,754727,756165,53176,809341,5229
2022-04-14,San Francisco,075,870044,127569,126976,8381,135357,854
2022-04-14,San Joaquin,077,732212,167159,166645,9962,176607,2220
2022-04-14,San Luis Obispo,079,281455,52727,52698,3767,56465,476
2022-04-14,San Mateo,081,765935,123803,122652,7058,129710,699
2022-04-14,Santa Barbara,083,443738,86308,86030,4730,90760,684
2022-04-14,Santa Clara,085,1922200,318984,315296,12504,327800,2268
2022-04-14,Santa Cruz,087,273765,48523,47895,2118,50013,261
2022-04-14,Shasta,089,179085,30592,30578,6093,36671,554
2022-04-14,Sierra,091,2930,274,276,48,324,4
2022-04-14,Siskiyou,093,43540,4433,4444,2727,7171,80
2022-04-14,Solano,095,438530,81998,81781,5598,87379,447
2022-04-14,Sonoma,097,501317,84378,84172,2707,86879,485
2022-04-14,Stanislaus,099,539301,117834,117567,17884,135451,1619
2022-04-14,Sutter,101,95872,20514,20621,2078,22699,224
2022-04-14,Tehama,103,63373,12058,12061,2571,14632,199
2022-04-14,Trinity,105,12862,1184,1178,287,1465,20
2022-04-14,Tulare,107,460477,106402,105757,27580,133337,1428
2022-04-14,Tuolumne,109,53932,12713,12640,563,13203,180
2022-04-14,Ventura,111,848112,173841,173665,9441,183106,1474
2022-04-14,Yolo,113,214977,37389,36752,2933,39685,311
2022-04-14,Yuba,115,75493,15863,15857,1200,17057,121
2022-04-13,Alameda,001,1643700,259320,257440,13952,271392,1833
2022-04-13,Alpine,002,1148,124,124,1,125,0
2022-04-13,Amador,005,37829,8538,8490,646,9136,86
2022-04-13,Butte,007,227075,33266,33044,7070,40114,402
2022-04-13,Calaveras,009,45235,7283,7270,350,7620,119
2022-04-13,Colusa,011,21464,3457,3451,1047,4498,21
2022-04-13,Contra Costa,013,1133247,193622,189471,13541,203012,1298
2022-04-13,Del Norte,015,27424,5823,5812,184,5996,50
2022-04-13,El Dorado,017,186661,26820,26794,3202,29996,208
2022-04-13,Fresno,019,978130,235168,231325,24292,255617,2738
2022-04-13,Glenn,021,27897,5002,4989,1605,6594,48
2022-04-13,Humboldt,023,135768,16956,16922,2961,19883,143
2022-04-13,Imperial,025,180216,55416,55353,10538,65891,910
2022-04-13,Inyo,027,18085,4080,4074,486,4560,56
2022-04-13,Kern,029,883053,192052,191859,45808,237667,2249
2022-04-13,Kings,031,150075,51534,51535,3522,55057,443
2022-04-13,Lake,033,64148,10734,10695,887,11582,134
2022-04-13,Lassen,035,31185,8960,8949,875,9824,65
2022-04-13,Los Angeles,037,10098052,2724195,2715722,123690,2839412,31578
2022-04-13,Madera,039,155013,37301,37361,6026,43387,354
2022-04-13,Marin,041,260295,33992,33747,2456,36203,288
2022-04-13,Mariposa,043,17540,2409,2402,203,2605,29
2022-04-13,Mendocino,045,87422,13124,13101,3031,16132,120
2022-04-13,Merced,047,269075,62715,62276,8783,71059,811
2022-04-13,Modoc,049,8938,738,743,251,994,8
2022-04-13,Mono,051,14174,2979,2971,125,3096,6
2022-04-13,Monterey,053,433212,79608,79179,13748,92927,727
2022-04-13,Napa,055,140530,25975,25892,978,26870,143
2022-04-13,Nevada,057,99092,16021,16002,1201,17203,123
2022-04-13,Orange,059,3164182,549139,547783,41799,589582,6935
2022-04-13,Placer,061,380077,63023,62851,7354,70205,615
2022-04-13,Plumas,063,18699,2983,2923,365,3288,13
2022-04-13,Riverside,065,2383286,592635,591659,27864,619523,6437
2022-04-13,Sacramento,067,1510023,281778,277866,26581,304447,2974
2022-04-13,San Benito,069,59416,13000,12927,517,13444,98
2022-04-13,San Bernardino,071,2135413,575684,563709,24984,588693,6905
2022-04-13,San Diego,073,3302833,754443,755584,53144,808728,5223
2022-04-13,San Francisco,075,870044,127401,126608,8361,134969,850
2022-04-13,San Joaquin,077,732212,167124,166654,9960,176614,2219
2022-04-13,San Luis Obispo,079,281455,52703,52660,3767,56427,476
2022-04-13,San Mateo,081,765935,123648,122167,7037,129204,699
2022-04-13,Santa Barbara,083,443738,86270,85938,4725,90663,684
2022-04-13,Santa Clara,085,1922200,318712,314863,12487,327350,2267
2022-04-13,Santa Cruz,087,273765,48468,47765,2117,49882,260
2022-04-13,Shasta,089,179085,30590,30569,6093,36662,551
2022-04-13,Sierra,091,2930,274,276,48,324,4
2022-04-13,Siskiyou,093,43540,4432,4444,2726,7170,80
2022-04-13,Solano,095,438530,81959,81843,5595,87438,448
2022-04-13,Sonoma,097,501317,84308,84033,2693,86726,485
2022-04-13,Stanislaus,099,539301,117816,117573,17879,135452,1577
2022-04-13,Sutter,101,95872,20510,20610,2078,22688,223
2022-04-13,Tehama,103,63373,12057,12062,2570,14632,200
2022-04-13,Trinity,105,12862,1184,1177,287,1464,20
2022-04-13,Tulare,107,460477,106395,105519,27575,133094,1426
2022-04-13,Tuolumne,109,53932,12707,12639,563,13202,180
2022-04-13,Ventura,111,848112,173784,173558,9435,182993,1474
2022-04-13,Yolo,113,214977,37350,36684,2931,39615,311
2022-04-13,Yuba,115,75493,15859,15851,1200,17051,121
2022-04-12,Alameda,001,1643700,259075,257440,13943,271383,1833
2022-04-12,Alpine,002,1148,124,124,1,125,0
2022-04-12,Amador,005,37829,8537,8490,646,9136,86
2022-04-12,Butte,007,227075,33254,33044,7064,40108,402
2022-04-12,Calaveras,009,45235,7279,7270,349,7619,119
2022-04-12,Colusa,011,21464,3457,3451,1047,4498,21
2022-04-12,Contra Costa,013,1133247,193467,189471,13528,202999,1298
2022-04-12,Del Norte,015,27424,5820,5812,184,5996,50
2022-04-12,El Dorado,017,186661,26809,26794,3202,29996,208
2022-04-12,Fresno,019,978130,235138,231325,24285,255610,2738
2022-04-12,Glenn,021,27897,5002,4989,1605,6594,48
2022-04-12,Humboldt,023,135768,16948,16922,2959,19881,143
2022-04-12,Imperial,025,180216,55412,55353,10529,65882,910
2022-04-12,Inyo,027,18085,4080,4074,486,4560,56
2022-04-12,Kern,029,883053,192032,191859,45799,237658,2249
2022-04-12,Kings,031,150075,51526,51535,3520,55055,443
2022-04-12,Lake,033,64148,10730,10695,886,11581,134
2022-04-12,Lassen,035,31185,8960,8949,875,9824,65
2022-04-12,Los Angeles,037,10098052,2722955,2715722,123588,2839310,31578
2022-04-12,Madera,039,155013,37300,37361,6026,43387,354
2022-04-12,Marin,041,260295,33946,33747,2430,36177,288
2022-04-12,Mariposa,043,17540,2409,2402,203,2605,29
2022-04-12,Mendocino,045,87422,13116,13101,3025,16126,120
2022-04-12,Merced,047,269075,62701,62276,8781,71057,811
2022-04-12,Modoc,049,8938,738,743,250,993,8
2022-04-12,Mono,051,14174,2979,2971,125,3096,6
2022-04-12,Monterey,053,433212,79584,79179,13741,92920,727
2022-04-12,Napa,055,140530,25952,25892,968,26860,143
2022-04-12,Nevada,057,99092,16018,16002,1200,17202,123
2022-04-12,Orange,059,3164182,548888,547783,41764,589547,6935
2022-04-12,Placer,061,380077,63000,62851,7348,70199,615
2022-04-12,Plumas,063,18699,2982,2923,365,3288,13
2022-04-12,Riverside,065,2383286,592489,591659,27844,619503,6437
2022-04-12,Sacramento,067,1510023,281663,277866,26578,304444,2974
2022-04-12,San Benito,069,59416,12995,12927,516,13443,98
2022-04-12,San Bernardino,071,2135413,575511,563709,24981,588690,6905
2022-04-12,San Diego,073,3302833,754111,755584,53102,808686,5223
2022-04-12,San Francisco,075,870044,127188,126608,8347,134955,850
2022-04-12,San Joaquin,077,732212,167094,166654,9958,176612,2219
2022-04-12,San Luis Obispo,079,281455,52669,52660,3761,56421,476
2022-04-12,San Mateo,081,765935,123483,122167,7023,129190,699
2022-04-12,Santa Barbara,083,443738,86224,85938,4721,90659,684
2022-04-12,Santa Clara,085,1922200,318419,314863,12477,327340,2267
2022-04-12,Santa Cruz,087,273765,48388,47765,2114,49879,260
2022-04-12,Shasta,089,179085,30590,30569,6092,36661,551
2022-04-12,Sierra,091,2930,274,276,48,324,4
2022-04-12,Siskiyou,093,43540,4432,4444,2724,7168,80
2022-04-12,Solano,095,438530,81919,81843,5593,87436,448
2022-04-12,Sonoma,097,501317,84249,84033,2687,86720,485
2022-04-12,Stanislaus,099,539301,117796,117573,17875,135448,1577
2022-04-12,Sutter,101,95872,20507,20610,2078,22688,223
2022-04-12,Tehama,103,63373,12055,12062,2570,14632,200
2022-04-12,Trinity,105,12862,1184,1177,287,1464,20
2022-04-12,Tulare,107,460477,106380,105519,27570,133089,1426
2022-04-12,Tuolumne,109,53932,12705,12639,561,13200,180
2022-04-12,Ventura,111,848112,173736,173558,9429,182987,1474
2022-04-12,Yolo,113,214977,37310,36684,2925,39609,311
2022-04-12,Yuba,115,75493,15854,15851,1200,17051,121
2022-04-11,Alameda,001,1643700,258784,256649,13928,270577,1826
2022-04-11,Alpine,002,1148,124,124,1,125,0
2022-04-11,Amador,005,37829,8536,8489,646,9135,86
2022-04-11,Butte,007,227075,33241,33031,7060,40091,399
2022-04-11,Calaveras,009,45235,7276,7260,349,7609,119
2022-04-11,Colusa,011,21464,3455,3449,1047,4496,21
2022-04-11,Contra Costa,013,1133247,193299,189154,13511,202665,1296
2022-04-11,Del Norte,015,27424,5819,5811,184,5995,50
2022-04-11,El Dorado,017,186661,26796,26757,3201,29958,207
2022-04-11,Fresno,019,978130,235116,231090,24284,255374,2731
2022-04-11,Glenn,021,27897,5001,4988,1604,6592,47
2022-04-11,Humboldt,023,135768,16933,16913,2957,19870,141
2022-04-11,Imperial,025,180216,55407,55267,10527,65794,910
2022-04-11,Inyo,027,18085,4080,4071,486,4557,56
2022-04-11,Kern,029,883053,192007,191542,45797,237339,2244
2022-04-11,Kings,031,150075,51522,51519,3520,55039,443
2022-04-11,Lake,033,64148,10729,10690,885,11575,134
2022-04-11,Lassen,035,31185,8960,8948,875,9823,65
2022-04-11,Los Angeles,037,10098052,2721701,2709735,123516,2833251,31509
2022-04-11,Madera,039,155013,37293,37356,6026,43382,354
2022-04-11,Marin,041,260295,33888,33648,2413,36061,288
2022-04-11,Mariposa,043,17540,2408,2394,203,2597,29
2022-04-11,Mendocino,045,87422,13112,13087,3023,16110,120
2022-04-11,Merced,047,269075,62691,62231,8779,71010,811
2022-04-11,Modoc,049,8938,738,743,250,993,8
2022-04-11,Mono,051,14174,2978,2967,124,3091,6
2022-04-11,Monterey,053,433212,79564,79103,13732,92835,727
2022-04-11,Napa,055,140530,25935,25824,966,26790,144
2022-04-11,Nevada,057,99092,16014,15976,1200,17176,123
2022-04-11,Orange,059,3164182,548682,546983,41730,588713,6912
2022-04-11,Placer,061,380077,62978,62831,7347,70178,616
2022-04-11,Plumas,063,18699,2980,2887,365,3252,13
2022-04-11,Riverside,065,2383286,592362,591268,27827,619095,6429
2022-04-11,Sacramento,067,1510023,281564,277125,26574,303699,2972
2022-04-11,San Benito,069,59416,12994,12917,516,13433,98
2022-04-11,San Bernardino,071,2135413,575361,562571,24972,587543,6892
2022-04-11,San Diego,073,3302833,753785,754281,53062,807343,5210
2022-04-11,San Francisco,075,870044,126958,125963,8335,134298,844
2022-04-11,San Joaquin,077,732212,167056,166547,9952,176499,2212
2022-04-11,San Luis Obispo,079,281455,52646,52609,3760,56369,476
2022-04-11,San Mateo,081,765935,123293,121514,7013,128527,698
2022-04-11,Santa Barbara,083,443738,86175,85754,4716,90470,680
2022-04-11,Santa Clara,085,1922200,318074,313965,12462,326427,2266
2022-04-11,Santa Cruz,087,273765,48293,47624,2111,49735,259
2022-04-11,Shasta,089,179085,30585,30586,6091,36677,549
2022-04-11,Sierra,091,2930,274,272,48,320,4
2022-04-11,Siskiyou,093,43540,4432,4444,2722,7166,80
2022-04-11,Solano,095,438530,81891,81886,5592,87478,448
2022-04-11,Sonoma,097,501317,84181,83600,2675,86275,485
2022-04-11,Stanislaus,099,539301,117762,117528,17867,135395,1578
2022-04-11,Sutter,101,95872,20504,20591,2078,22669,223
2022-04-11,Tehama,103,63373,12054,12059,2569,14628,201
2022-04-11,Trinity,105,12862,1184,1177,287,1464,20
2022-04-11,Tulare,107,460477,106369,105278,27562,132840,1415
2022-04-11,Tuolumne,109,53932,12702,12632,561,13193,180
2022-04-11,Ventura,111,848112,173677,173343,9428,182771,1467
2022-04-11,Yolo,113,214977,37273,36587,2923,39510,312
2022-04-11,Yuba,115,75493,15851,15848,1199,17047,121
2022-04-10,Alameda,001,1643700,258450,256649,13917,270566,1826
2022-04-10,Alpine,002,1148,124,124,1,125,0
2022-04-10,Amador,005,37829,8534,8489,646,9135,86
2022-04-10,Butte,007,227075,33237,33031,7056,40087,399
2022-04-10,Calaveras,009,45235,7273,7260,349,7609,119
2022-04-10,Colusa,011,21464,3454,3449,1047,4496,21
2022-04-10,Contra Costa,013,1133247,193139,189154,13491,202645,1296
2022-04-10,Del Norte,015,27424,5816,5811,184,5995,50
2022-04-10,El Dorado,017,186661,26788,26757,3199,29956,207
2022-04-10,Fresno,019,978130,235078,231090,24282,255372,2731
2022-04-10,Glenn,021,27897,5001,4988,1604,6592,47
2022-04-10,Humboldt,023,135768,16923,16913,2955,19868,141
2022-04-10,Imperial,025,180216,55403,55267,10525,65792,910
2022-04-10,Inyo,027,18085,4080,4071,484,4555,56
2022-04-10,Kern,029,883053,191989,191542,45792,237334,2244
2022-04-10,Kings,031,150075,51520,51519,3520,55039,443
2022-04-10,Lake,033,64148,10725,10690,883,11573,134
2022-04-10,Lassen,035,31185,8959,8948,875,9823,65
2022-04-10,Los Angeles,037,10098052,2720379,2709735,123428,2833163,31509
2022-04-10,Madera,039,155013,37288,37356,6025,43381,354
2022-04-10,Marin,041,260295,33848,33648,2384,36032,288
2022-04-10,Mariposa,043,17540,2406,2394,203,2597,29
2022-04-10,Mendocino,045,87422,13104,13087,3022,16109,120
2022-04-10,Merced,047,269075,62680,62231,8777,71008,811
2022-04-10,Modoc,049,8938,738,743,250,993,8
2022-04-10,Mono,051,14174,2975,2967,124,3091,6
2022-04-10,Monterey,053,433212,79548,79103,13722,92825,727
2022-04-10,Napa,055,140530,25913,25824,964,26788,144
2022-04-10,Nevada,057,99092,15997,15976,1200,17176,123
2022-04-10,Orange,059,3164182,548432,546983,41691,588674,6912
2022-04-10,Placer,061,380077,62944,62831,7346,70177,616
2022-04-10,Plumas,063,18699,2977,2887,365,3252,13
2022-04-10,Riverside,065,2383286,592212,591268,27814,619082,6429
2022-04-10,Sacramento,067,1510023,281465,277125,26564,303689,2972
2022-04-10,San Benito,069,59416,12990,12917,516,13433,98
2022-04-10,San Bernardino,071,2135413,575128,562571,24963,587534,6892
2022-04-10,San Diego,073,3302833,753457,754281,53014,807295,5210
2022-04-10,San Francisco,075,870044,126717,125963,8320,134283,844
2022-04-10,San Joaquin,077,732212,167009,166547,9944,176491,2212
2022-04-10,San Luis Obispo,079,281455,52611,52609,3758,56367,476
2022-04-10,San Mateo,081,765935,123124,121514,7000,128514,698
2022-04-10,Santa Barbara,083,443738,86091,85754,4706,90460,680
2022-04-10,Santa Clara,085,1922200,317744,313965,12448,326413,2266
2022-04-10,Santa Cruz,087,273765,48204,47624,2110,49734,259
2022-04-10,Shasta,089,179085,30578,30586,6091,36677,549
2022-04-10,Sierra,091,2930,274,272,48,320,4
2022-04-10,Siskiyou,093,43540,4432,4444,2721,7165,80
2022-04-10,Solano,095,438530,81844,81886,5587,87473,448
2022-04-10,Sonoma,097,501317,84080,83600,2668,86268,485
2022-04-10,Stanislaus,099,539301,117739,117528,17860,135388,1578
2022-04-10,Sutter,101,95872,20500,20591,2074,22665,223
2022-04-10,Tehama,103,63373,12052,12059,2569,14628,201
2022-04-10,Trinity,105,12862,1184,1177,287,1464,20
2022-04-10,Tulare,107,460477,106354,105278,27555,132833,1415
2022-04-10,Tuolumne,109,53932,12695,12632,561,13193,180
2022-04-10,Ventura,111,848112,173598,173343,9423,182766,1467
2022-04-10,Yolo,113,214977,37243,36587,2918,39505,312
2022-04-10,Yuba,115,75493,15850,15848,1199,17047,121
2022-04-09,Alameda,001,1643700,258277,256649,13912,270561,1826
2022-04-09,Alpine,002,1148,124,124,1,125,0
2022-04-09,Amador,005,37829,8534,8489,645,9134,86
2022-04-09,Butte,007,227075,33234,33031,7056,40087,399
2022-04-09,Calaveras,009,45235,7272,7260,349,7609,119
2022-04-09,Colusa,011,21464,3453,3449,1047,4496,21
2022-04-09,Contra Costa,013,1133247,193042,189154,13484,202638,1296
2022-04-09,Del Norte,015,27424,5815,5811,184,5995,50
2022-04-09,El Dorado,017,186661,26781,26757,3199,29956,207
2022-04-09,Fresno,019,978130,235057,231090,24282,255372,2731
2022-04-09,Glenn,021,27897,5001,4988,1604,6592,47
2022-04-09,Humboldt,023,135768,16916,16913,2955,19868,141
2022-04-09,Imperial,025,180216,55398,55267,10525,65792,910
2022-04-09,Inyo,027,18085,4080,4071,484,4555,56
2022-04-09,Kern,029,883053,191980,191542,45787,237329,2244
2022-04-09,Kings,031,150075,51514,51519,3520,55039,443
2022-04-09,Lake,033,64148,10723,10690,883,11573,134
2022-04-09,Lassen,035,31185,8959,8948,875,9823,65
2022-04-09,Los Angeles,037,10098052,2719695,2709735,123355,2833090,31509
2022-04-09,Madera,039,155013,37285,37356,6025,43381,354
2022-04-09,Marin,041,260295,33809,33648,2347,35995,288
2022-04-09,Mariposa,043,17540,2406,2394,203,2597,29
2022-04-09,Mendocino,045,87422,13102,13087,3022,16109,120
2022-04-09,Merced,047,269075,62668,62231,8775,71006,811
2022-04-09,Modoc,049,8938,738,743,250,993,8
2022-04-09,Mono,051,14174,2974,2967,123,3090,6
2022-04-09,Monterey,053,433212,79539,79103,13718,92821,727
2022-04-09,Napa,055,140530,25888,25824,964,26788,144
2022-04-09,Nevada,057,99092,15994,15976,1200,17176,123
2022-04-09,Orange,059,3164182,548311,546983,41669,588652,6912
2022-04-09,Placer,061,380077,62929,62831,7344,70175,616
2022-04-09,Plumas,063,18699,2977,2887,365,3252,13
2022-04-09,Riverside,065,2383286,592122,591268,27804,619072,6429
2022-04-09,Sacramento,067,1510023,281418,277125,26562,303687,2972
2022-04-09,San Benito,069,59416,12989,12917,515,13432,98
2022-04-09,San Bernardino,071,2135413,575061,562571,24960,587531,6892
2022-04-09,San Diego,073,3302833,753309,754281,53000,807281,5210
2022-04-09,San Francisco,075,870044,126592,125963,8312,134275,844
2022-04-09,San Joaquin,077,732212,166993,166547,9941,176488,2212
2022-04-09,San Luis Obispo,079,281455,52611,52609,3755,56364,476
2022-04-09,San Mateo,081,765935,123030,121514,6997,128511,698
2022-04-09,Santa Barbara,083,443738,86058,85754,4706,90460,680
2022-04-09,Santa Clara,085,1922200,317548,313965,12445,326410,2266
2022-04-09,Santa Cruz,087,273765,48171,47624,2108,49732,259
2022-04-09,Shasta,089,179085,30576,30586,6091,36677,549
2022-04-09,Sierra,091,2930,274,272,48,320,4
2022-04-09,Siskiyou,093,43540,4431,4444,2720,7164,80
2022-04-09,Solano,095,438530,81826,81886,5585,87471,448
2022-04-09,Sonoma,097,501317,84041,83600,2664,86264,485
2022-04-09,Stanislaus,099,539301,117726,117528,17858,135386,1578
2022-04-09,Sutter,101,95872,20500,20591,2074,22665,223
2022-04-09,Tehama,103,63373,12052,12059,2569,14628,201
2022-04-09,Trinity,105,12862,1184,1177,287,1464,20
2022-04-09,Tulare,107,460477,106351,105278,27553,132831,1415
2022-04-09,Tuolumne,109,53932,12693,12632,561,13193,180
2022-04-09,Ventura,111,848112,173561,173343,9420,182763,1467
2022-04-09,Yolo,113,214977,37224,36587,2918,39505,312
2022-04-09,Yuba,115,75493,15849,15848,1199,17047,121
2022-04-08,Alameda,001,1643700,258116,256649,13906,270555,1826
2022-04-08,Alpine,002,1148,124,124,1,125,0
2022-04-08,Amador,005,37829,8532,8489,644,9133,86
2022-04-08,Butte,007,227075,33228,33031,7053,40084,399
2022-04-08,Calaveras,009,45235,7270,7260,349,7609,119
2022-04-08,Colusa,011,21464,3453,3449,1047,4496,21
2022-04-08,Contra Costa,013,1133247,192964,189154,13471,202625,1296
2022-04-08,Del Norte,015,27424,5813,5811,184,5995,50
2022-04-08,El Dorado,017,186661,26779,26757,3199,29956,207
2022-04-08,Fresno,019,978130,235037,231090,24280,255370,2731
2022-04-08,Glenn,021,27897,5001,4988,1604,6592,47
2022-04-08,Humboldt,023,135768,16912,16913,2953,19866,141
2022-04-08,Imperial,025,180216,55394,55267,10525,65792,910
2022-04-08,Inyo,027,18085,4078,4071,483,4554,56
2022-04-08,Kern,029,883053,191961,191542,45786,237328,2244
2022-04-08,Kings,031,150075,51509,51519,3520,55039,443
2022-04-08,Lake,033,64148,10723,10690,883,11573,134
2022-04-08,Lassen,035,31185,8959,8948,875,9823,65
2022-04-08,Los Angeles,037,10098052,2719069,2709735,123297,2833032,31509
2022-04-08,Madera,039,155013,37283,37356,6024,43380,354
2022-04-08,Marin,041,260295,33787,33648,2333,35981,288
2022-04-08,Mariposa,043,17540,2406,2394,202,2596,29
2022-04-08,Mendocino,045,87422,13100,13087,3022,16109,120
2022-04-08,Merced,047,269075,62663,62231,8772,71003,811
2022-04-08,Modoc,049,8938,738,743,250,993,8
2022-04-08,Mono,051,14174,2972,2967,123,3090,6
2022-04-08,Monterey,053,433212,79529,79103,13717,92820,727
2022-04-08,Napa,055,140530,25876,25824,956,26780,144
2022-04-08,Nevada,057,99092,15991,15976,1200,17176,123
2022-04-08,Orange,059,3164182,548190,546983,41655,588638,6912
2022-04-08,Placer,061,380077,62911,62831,7342,70173,616
2022-04-08,Plumas,063,18699,2974,2887,365,3252,13
2022-04-08,Riverside,065,2383286,592046,591268,27801,619069,6429
2022-04-08,Sacramento,067,1510023,281371,277125,26561,303686,2972
2022-04-08,San Benito,069,59416,12989,12917,515,13432,98
2022-04-08,San Bernardino,071,2135413,575008,562571,24957,587528,6892
2022-04-08,San Diego,073,3302833,753141,754281,52989,807270,5210
2022-04-08,San Francisco,075,870044,126495,125963,8307,134270,844
2022-04-08,San Joaquin,077,732212,166975,166547,9939,176486,2212
2022-04-08,San Luis Obispo,079,281455,52606,52609,3755,56364,476
2022-04-08,San Mateo,081,765935,122923,121514,6993,128507,698
2022-04-08,Santa Barbara,083,443738,86037,85754,4706,90460,680
2022-04-08,Santa Clara,085,1922200,317362,313965,12438,326403,2266
2022-04-08,Santa Cruz,087,273765,48154,47624,2105,49729,259
2022-04-08,Shasta,089,179085,30573,30586,6091,36677,549
2022-04-08,Sierra,091,2930,274,272,48,320,4
2022-04-08,Siskiyou,093,43540,4431,4444,2720,7164,80
2022-04-08,Solano,095,438530,81806,81886,5584,87470,448
2022-04-08,Sonoma,097,501317,83990,83600,2660,86260,485
2022-04-08,Stanislaus,099,539301,117711,117528,17856,135384,1578
2022-04-08,Sutter,101,95872,20500,20591,2074,22665,223
2022-04-08,Tehama,103,63373,12052,12059,2569,14628,201
2022-04-08,Trinity,105,12862,1184,1177,287,1464,20
2022-04-08,Tulare,107,460477,106346,105278,27549,132827,1415
2022-04-08,Tuolumne,109,53932,12692,12632,560,13192,180
2022-04-08,Ventura,111,848112,173532,173343,9418,182761,1467
2022-04-08,Yolo,113,214977,37215,36587,2917,39504,312
2022-04-08,Yuba,115,75493,15848,15848,1199,17047,121
2022-04-07,Alameda,001,1643700,257920,256649,13898,270547,1826
2022-04-07,Alpine,002,1148,124,124,1,125,0
2022-04-07,Amador,005,37829,8531,8489,641,9130,86
2022-04-07,Butte,007,227075,33224,33031,7051,40082,399
2022-04-07,Calaveras,009,45235,7268,7260,349,7609,119
2022-04-07,Colusa,011,21464,3452,3449,1047,4496,21
2022-04-07,Contra Costa,013,1133247,192845,189154,13459,202613,1296
2022-04-07,Del Norte,015,27424,5812,5811,184,5995,50
2022-04-07,El Dorado,017,186661,26767,26757,3197,29954,207
2022-04-07,Fresno,019,978130,235011,231090,24279,255369,2731
2022-04-07,Glenn,021,27897,5000,4988,1603,6591,47
2022-04-07,Humboldt,023,135768,16905,16913,2951,19864,141
2022-04-07,Imperial,025,180216,55392,55267,10523,65790,910
2022-04-07,Inyo,027,18085,4078,4071,483,4554,56
2022-04-07,Kern,029,883053,191937,191542,45783,237325,2244
2022-04-07,Kings,031,150075,51501,51519,3520,55039,443
2022-04-07,Lake,033,64148,10719,10690,883,11573,134
2022-04-07,Lassen,035,31185,8959,8948,875,9823,65
2022-04-07,Los Angeles,037,10098052,2718161,2709735,123222,2832957,31509
2022-04-07,Madera,039,155013,37279,37356,6024,43380,354
2022-04-07,Marin,041,260295,33767,33648,2315,35963,288
2022-04-07,Mariposa,043,17540,2403,2394,201,2595,29
2022-04-07,Mendocino,045,87422,13096,13087,3021,16108,120
2022-04-07,Merced,047,269075,62653,62231,8767,70998,811
2022-04-07,Modoc,049,8938,738,743,250,993,8
2022-04-07,Mono,051,14174,2971,2967,123,3090,6
2022-04-07,Monterey,053,433212,79507,79103,13713,92816,727
2022-04-07,Napa,055,140530,25860,25824,952,26776,144
2022-04-07,Nevada,057,99092,15983,15976,1199,17175,123
2022-04-07,Orange,059,3164182,548034,546983,41625,588608,6912
2022-04-07,Placer,061,380077,62894,62831,7339,70170,616
2022-04-07,Plumas,063,18699,2974,2887,365,3252,13
2022-04-07,Riverside,065,2383286,591944,591268,27787,619055,6429
2022-04-07,Sacramento,067,1510023,281306,277125,26554,303679,2972
2022-04-07,San Benito,069,59416,12988,12917,515,13432,98
2022-04-07,San Bernardino,071,2135413,574847,562571,24944,587515,6892
2022-04-07,San Diego,073,3302833,752873,754281,52957,807238,5210
2022-04-07,San Francisco,075,870044,126338,125963,8292,134255,844
2022-04-07,San Joaquin,077,732212,166934,166547,9936,176483,2212
2022-04-07,San Luis Obispo,079,281455,52588,52609,3753,56362,476
2022-04-07,San Mateo,081,765935,122800,121514,6977,128491,698
2022-04-07,Santa Barbara,083,443738,85993,85754,4704,90458,680
2022-04-07,Santa Clara,085,1922200,317139,313965,12426,326391,2266
2022-04-07,Santa Cruz,087,273765,48135,47624,2101,49725,259
2022-04-07,Shasta,089,179085,30571,30586,6091,36677,549
2022-04-07,Sierra,091,2930,274,272,48,320,4
2022-04-07,Siskiyou,093,43540,4431,4444,2719,7163,80
2022-04-07,Solano,095,438530,81776,81886,5584,87470,448
2022-04-07,Sonoma,097,501317,83947,83600,2654,86254,485
2022-04-07,Stanislaus,099,539301,117689,117528,17853,135381,1578
2022-04-07,Sutter,101,95872,20496,20591,2073,22664,223
2022-04-07,Tehama,103,63373,12051,12059,2569,14628,201
2022-04-07,Trinity,105,12862,1184,1177,287,1464,20
2022-04-07,Tulare,107,460477,106340,105278,27548,132826,1415
2022-04-07,Tuolumne,109,53932,12690,12632,559,13191,180
2022-04-07,Ventura,111,848112,173503,173343,9416,182759,1467
2022-04-07,Yolo,113,214977,37197,36587,2917,39504,312
2022-04-07,Yuba,115,75493,15846,15848,1199,17047,121
2022-04-06,Alameda,001,1643700,257734,256143,13890,270033,1814
2022-04-06,Alpine,002,1148,124,124,1,125,0
2022-04-06,Amador,005,37829,8530,8488,641,9129,86
2022-04-06,Butte,007,227075,33219,32997,7049,40046,396
2022-04-06,Calaveras,009,45235,7266,7258,349,7607,120
2022-04-06,Colusa,011,21464,3452,3447,1047,4494,21
2022-04-06,Contra Costa,013,1133247,192779,188850,13443,202293,1296
2022-04-06,Del Norte,015,27424,5812,5809,184,5993,50
2022-04-06,El Dorado,017,186661,26764,26744,3197,29941,205
2022-04-06,Fresno,019,978130,234976,230942,24275,255217,2725
2022-04-06,Glenn,021,27897,5000,4986,1602,6588,47
2022-04-06,Humboldt,023,135768,16901,16904,2950,19854,140
2022-04-06,Imperial,025,180216,55386,55294,10523,65817,908
2022-04-06,Inyo,027,18085,4077,4068,481,4549,56
2022-04-06,Kern,029,883053,191915,191449,45781,237230,2234
2022-04-06,Kings,031,150075,51500,51491,3519,55010,443
2022-04-06,Lake,033,64148,10715,10679,883,11562,136
2022-04-06,Lassen,035,31185,8959,8945,875,9820,65
2022-04-06,Los Angeles,037,10098052,2717117,2707306,123152,2830458,31465
2022-04-06,Madera,039,155013,37275,37349,6024,43373,354
2022-04-06,Marin,041,260295,33746,33566,2308,35874,288
2022-04-06,Mariposa,043,17540,2402,2392,201,2593,29
2022-04-06,Mendocino,045,87422,13092,13074,3020,16094,119
2022-04-06,Merced,047,269075,62645,62195,8763,70958,810
2022-04-06,Modoc,049,8938,738,741,250,991,8
2022-04-06,Mono,051,14174,2970,2967,123,3090,6
2022-04-06,Monterey,053,433212,79494,79019,13705,92724,727
2022-04-06,Napa,055,140530,25841,25790,948,26738,143
2022-04-06,Nevada,057,99092,15981,15974,1199,17173,123
2022-04-06,Orange,059,3164182,547866,546491,41602,588093,6887
2022-04-06,Placer,061,380077,62888,62787,7338,70125,615
2022-04-06,Plumas,063,18699,2974,2850,365,3215,13
2022-04-06,Riverside,065,2383286,591847,590826,27782,618608,6424
2022-04-06,Sacramento,067,1510023,281228,276567,26550,303117,2953
2022-04-06,San Benito,069,59416,12987,12908,515,13423,98
2022-04-06,San Bernardino,071,2135413,574715,561648,24942,586590,6883
2022-04-06,San Diego,073,3302833,752579,753402,52918,806320,5192
2022-04-06,San Francisco,075,870044,126179,125536,8286,133822,843
2022-04-06,San Joaquin,077,732212,166901,166415,9933,176348,2207
2022-04-06,San Luis Obispo,079,281455,52566,52557,3751,56308,475
2022-04-06,San Mateo,081,765935,122691,121041,6966,128007,693
2022-04-06,Santa Barbara,083,443738,85953,85630,4700,90330,679
2022-04-06,Santa Clara,085,1922200,316941,313278,12406,325684,2265
2022-04-06,Santa Cruz,087,273765,48081,47446,2096,49542,259
2022-04-06,Shasta,089,179085,30570,30565,6091,36656,529
2022-04-06,Sierra,091,2930,274,272,48,320,4
2022-04-06,Siskiyou,093,43540,4431,4442,2719,7161,80
2022-04-06,Solano,095,438530,81741,81789,5579,87368,447
2022-04-06,Sonoma,097,501317,83883,83361,2649,86010,485
2022-04-06,Stanislaus,099,539301,117673,117534,17847,135381,1578
2022-04-06,Sutter,101,95872,20491,20581,2073,22654,222
2022-04-06,Tehama,103,63373,12049,12049,2569,14618,198
2022-04-06,Trinity,105,12862,1184,1173,287,1460,20
2022-04-06,Tulare,107,460477,106333,104826,27543,132369,1414
2022-04-06,Tuolumne,109,53932,12688,12621,559,13180,180
2022-04-06,Ventura,111,848112,173450,173179,9410,182589,1460
2022-04-06,Yolo,113,214977,37172,36393,2916,39309,314
2022-04-06,Yuba,115,75493,15841,15839,1199,17038,121
2022-04-05,Alameda,001,1643700,257522,256143,13880,270023,1814
2022-04-05,Alpine,002,1148,124,124,1,125,0
2022-04-05,Amador,005,37829,8528,8488,641,9129,86
2022-04-05,Butte,007,227075,33214,32997,7046,40043,396
2022-04-05,Calaveras,009,45235,7262,7258,349,7607,120
2022-04-05,Colusa,011,21464,3450,3447,1046,4493,21
2022-04-05,Contra Costa,013,1133247,192686,188850,13436,202286,1296
2022-04-05,Del Norte,015,27424,5810,5809,184,5993,50
2022-04-05,El Dorado,017,186661,26752,26744,3197,29941,205
2022-04-05,Fresno,019,978130,234940,230942,24267,255209,2725
2022-04-05,Glenn,021,27897,5000,4986,1601,6587,47
2022-04-05,Humboldt,023,135768,16895,16904,2950,19854,140
2022-04-05,Imperial,025,180216,55384,55294,10523,65817,908
2022-04-05,Inyo,027,18085,4076,4068,480,4548,56
2022-04-05,Kern,029,883053,191895,191449,45778,237227,2234
2022-04-05,Kings,031,150075,51497,51491,3519,55010,443
2022-04-05,Lake,033,64148,10712,10679,883,11562,136
2022-04-05,Lassen,035,31185,8959,8945,874,9819,65
2022-04-05,Los Angeles,037,10098052,2716063,2707306,123078,2830384,31465
2022-04-05,Madera,039,155013,37268,37349,6022,43371,354
2022-04-05,Marin,041,260295,33691,33566,2293,35859,288
2022-04-05,Mariposa,043,17540,2402,2392,201,2593,29
2022-04-05,Mendocino,045,87422,13086,13074,3019,16093,119
2022-04-05,Merced,047,269075,62633,62195,8758,70953,810
2022-04-05,Modoc,049,8938,738,741,250,991,8
2022-04-05,Mono,051,14174,2969,2967,123,3090,6
2022-04-05,Monterey,053,433212,79471,79019,13694,92713,727
2022-04-05,Napa,055,140530,25832,25790,943,26733,143
2022-04-05,Nevada,057,99092,15973,15974,1199,17173,123
2022-04-05,Orange,059,3164182,547684,546491,41573,588064,6887
2022-04-05,Placer,061,380077,62862,62787,7338,70125,615
2022-04-05,Plumas,063,18699,2974,2850,365,3215,13
2022-04-05,Riverside,065,2383286,591726,590826,27770,618596,6424
2022-04-05,Sacramento,067,1510023,281148,276567,26545,303112,2953
2022-04-05,San Benito,069,59416,12980,12908,515,13423,98
2022-04-05,San Bernardino,071,2135413,574584,561648,24932,586580,6883
2022-04-05,San Diego,073,3302833,752271,753402,52874,806276,5192
2022-04-05,San Francisco,075,870044,125977,125536,8278,133814,843
2022-04-05,San Joaquin,077,732212,166859,166415,9931,176346,2207
2022-04-05,San Luis Obispo,079,281455,52549,52557,3746,56303,475
2022-04-05,San Mateo,081,765935,122573,121041,6956,127997,693
2022-04-05,Santa Barbara,083,443738,85917,85630,4699,90329,679
2022-04-05,Santa Clara,085,1922200,316681,313278,12393,325671,2265
2022-04-05,Santa Cruz,087,273765,48014,47446,2093,49539,259
2022-04-05,Shasta,089,179085,30570,30565,6089,36654,529
2022-04-05,Sierra,091,2930,274,272,48,320,4
2022-04-05,Siskiyou,093,43540,4431,4442,2719,7161,80
2022-04-05,Solano,095,438530,81688,81789,5576,87365,447
2022-04-05,Sonoma,097,501317,83819,83361,2640,86001,485
2022-04-05,Stanislaus,099,539301,117659,117534,17838,135372,1578
2022-04-05,Sutter,101,95872,20487,20581,2072,22653,222
2022-04-05,Tehama,103,63373,12047,12049,2568,14617,198
2022-04-05,Trinity,105,12862,1184,1173,287,1460,20
2022-04-05,Tulare,107,460477,106323,104826,27540,132366,1414
2022-04-05,Tuolumne,109,53932,12687,12621,559,13180,180
2022-04-05,Ventura,111,848112,173394,173179,9403,182582,1460
2022-04-05,Yolo,113,214977,37157,36393,2913,39306,314
2022-04-05,Yuba,115,75493,15839,15839,1199,17038,121
2022-04-04,Alameda,001,1643700,257291,256143,13865,270008,1814
2022-04-04,Alpine,002,1148,124,124,1,125,0
2022-04-04,Amador,005,37829,8527,8488,640,9128,86
2022-04-04,Butte,007,227075,33208,32997,7043,40040,396
2022-04-04,Calaveras,009,45235,7262,7258,349,7607,120
2022-04-04,Colusa,011,21464,3449,3447,1046,4493,21
2022-04-04,Contra Costa,013,1133247,192586,188850,13428,202278,1296
2022-04-04,Del Norte,015,27424,5810,5809,184,5993,50
2022-04-04,El Dorado,017,186661,26748,26744,3197,29941,205
2022-04-04,Fresno,019,978130,234922,230942,24262,255204,2725
2022-04-04,Glenn,021,27897,4999,4986,1601,6587,47
2022-04-04,Humboldt,023,135768,16887,16904,2945,19849,140
2022-04-04,Imperial,025,180216,55379,55294,10523,65817,908
2022-04-04,Inyo,027,18085,4076,4068,478,4546,56
2022-04-04,Kern,029,883053,191872,191449,45773,237222,2234
2022-04-04,Kings,031,150075,51491,51491,3519,55010,443
2022-04-04,Lake,033,64148,10707,10679,883,11562,136
2022-04-04,Lassen,035,31185,8959,8945,874,9819,65
2022-04-04,Los Angeles,037,10098052,2714969,2707306,123034,2830340,31465
2022-04-04,Madera,039,155013,37264,37349,6022,43371,354
2022-04-04,Marin,041,260295,33674,33566,2284,35850,288
2022-04-04,Mariposa,043,17540,2401,2392,201,2593,29
2022-04-04,Mendocino,045,87422,13080,13074,3017,16091,119
2022-04-04,Merced,047,269075,62622,62195,8753,70948,810
2022-04-04,Modoc,049,8938,738,741,250,991,8
2022-04-04,Mono,051,14174,2969,2967,123,3090,6
2022-04-04,Monterey,053,433212,79455,79019,13688,92707,727
2022-04-04,Napa,055,140530,25815,25790,942,26732,143
2022-04-04,Nevada,057,99092,15969,15974,1198,17172,123
2022-04-04,Orange,059,3164182,547519,546491,41547,588038,6887
2022-04-04,Placer,061,380077,62852,62787,7337,70124,615
2022-04-04,Plumas,063,18699,2973,2850,365,3215,13
2022-04-04,Riverside,065,2383286,591635,590826,27758,618584,6424
2022-04-04,Sacramento,067,1510023,281056,276567,26537,303104,2953
2022-04-04,San Benito,069,59416,12977,12908,515,13423,98
2022-04-04,San Bernardino,071,2135413,574447,561648,24925,586573,6883
2022-04-04,San Diego,073,3302833,751952,753402,52837,806239,5192
2022-04-04,San Francisco,075,870044,125777,125536,8269,133805,843
2022-04-04,San Joaquin,077,732212,166833,166415,9928,176343,2207
2022-04-04,San Luis Obispo,079,281455,52526,52557,3744,56301,475
2022-04-04,San Mateo,081,765935,122435,121041,6944,127985,693
2022-04-04,Santa Barbara,083,443738,85872,85630,4698,90328,679
2022-04-04,Santa Clara,085,1922200,316412,313278,12381,325659,2265
2022-04-04,Santa Cruz,087,273765,47967,47446,2093,49539,259
2022-04-04,Shasta,089,179085,30567,30565,6088,36653,529
2022-04-04,Sierra,091,2930,274,272,48,320,4
2022-04-04,Siskiyou,093,43540,4431,4442,2719,7161,80
2022-04-04,Solano,095,438530,81642,81789,5573,87362,447
2022-04-04,Sonoma,097,501317,83765,83361,2633,85994,485
2022-04-04,Stanislaus,099,539301,117638,117534,17831,135365,1578
2022-04-04,Sutter,101,95872,20484,20581,2072,22653,222
2022-04-04,Tehama,103,63373,12045,12049,2568,14617,198
2022-04-04,Trinity,105,12862,1184,1173,287,1460,20
2022-04-04,Tulare,107,460477,106314,104826,27537,132363,1414
2022-04-04,Tuolumne,109,53932,12680,12621,559,13180,180
2022-04-04,Ventura,111,848112,173354,173179,9400,182579,1460
2022-04-04,Yolo,113,214977,37143,36393,2911,39304,314
2022-04-04,Yuba,115,75493,15836,15839,1199,17038,121
2022-04-03,Alameda,001,1643700,257037,255650,13863,269513,1813
2022-04-03,Alpine,002,1148,124,124,1,125,0
2022-04-03,Amador,005,37829,8526,8485,640,9125,86
2022-04-03,Butte,007,227075,33201,32981,7041,40022,396
2022-04-03,Calaveras,009,45235,7262,7254,349,7603,119
2022-04-03,Colusa,011,21464,3449,3445,1046,4491,21
2022-04-03,Contra Costa,013,1133247,192480,188658,13418,202076,1291
2022-04-03,Del Norte,015,27424,5810,5812,184,5996,50
2022-04-03,El Dorado,017,186661,26733,26732,3194,29926,200
2022-04-03,Fresno,019,978130,234890,230559,24259,254818,2722
2022-04-03,Glenn,021,27897,4999,4982,1601,6583,47
2022-04-03,Humboldt,023,135768,16882,16898,2945,19843,140
2022-04-03,Imperial,025,180216,55377,55266,10520,65786,908
2022-04-03,Inyo,027,18085,4074,4063,478,4541,56
2022-04-03,Kern,029,883053,191847,191384,45768,237152,2224
2022-04-03,Kings,031,150075,51485,51470,3517,54987,443
2022-04-03,Lake,033,64148,10705,10674,883,11557,136
2022-04-03,Lassen,035,31185,8958,8943,874,9817,65
2022-04-03,Los Angeles,037,10098052,2713779,2703576,122949,2826525,31410
2022-04-03,Madera,039,155013,37262,37333,6021,43354,354
2022-04-03,Marin,041,260295,33639,33493,2276,35769,287
2022-04-03,Mariposa,043,17540,2400,2391,201,2592,29
2022-04-03,Mendocino,045,87422,13074,13058,3016,16074,119
2022-04-03,Merced,047,269075,62607,62149,8747,70896,808
2022-04-03,Modoc,049,8938,737,741,250,991,8
2022-04-03,Mono,051,14174,2969,2967,123,3090,6
2022-04-03,Monterey,053,433212,79438,78964,13663,92627,726
2022-04-03,Napa,055,140530,25796,25757,941,26698,143
2022-04-03,Nevada,057,99092,15963,15962,1197,17159,123
2022-04-03,Orange,059,3164182,547320,546047,41522,587569,6880
2022-04-03,Placer,061,380077,62826,62740,7332,70072,614
2022-04-03,Plumas,063,18699,2972,2803,365,3168,14
2022-04-03,Riverside,065,2383286,591477,590563,27743,618306,6418
2022-04-03,Sacramento,067,1510023,280981,276218,26524,302742,2950
2022-04-03,San Benito,069,59416,12973,12901,515,13416,98
2022-04-03,San Bernardino,071,2135413,574302,561362,24922,586284,6865
2022-04-03,San Diego,073,3302833,751622,752281,52800,805081,5178
2022-04-03,San Francisco,075,870044,125546,125075,8263,133338,843
2022-04-03,San Joaquin,077,732212,166775,166336,9923,176259,2202
2022-04-03,San Luis Obispo,079,281455,52507,52512,3744,56256,475
2022-04-03,San Mateo,081,765935,122295,120717,6937,127654,693
2022-04-03,Santa Barbara,083,443738,85827,85611,4696,90307,678
2022-04-03,Santa Clara,085,1922200,316112,312517,12372,324889,2258
2022-04-03,Santa Cruz,087,273765,47912,47371,2091,49462,259
2022-04-03,Shasta,089,179085,30557,30556,6087,36643,530
2022-04-03,Sierra,091,2930,274,273,48,321,4
2022-04-03,Siskiyou,093,43540,4431,4439,2719,7158,80
2022-04-03,Solano,095,438530,81600,81848,5567,87415,446
2022-04-03,Sonoma,097,501317,83687,83235,2625,85860,485
2022-04-03,Stanislaus,099,539301,117607,117536,17825,135361,1581
2022-04-03,Sutter,101,95872,20481,20570,2072,22642,222
2022-04-03,Tehama,103,63373,12043,12046,2568,14614,198
2022-04-03,Trinity,105,12862,1184,1173,287,1460,20
2022-04-03,Tulare,107,460477,106307,104736,27529,132265,1410
2022-04-03,Tuolumne,109,53932,12679,12618,559,13177,180
2022-04-03,Ventura,111,848112,173301,173044,9396,182440,1460
2022-04-03,Yolo,113,214977,37122,36347,2909,39256,313
2022-04-03,Yuba,115,75493,15834,15835,1199,17034,120
2022-04-02,Alameda,001,1643700,256935,255650,13863,269513,1813
2022-04-02,Alpine,002,1148,124,124,1,125,0
2022-04-02,Amador,005,37829,8526,8485,640,9125,86
2022-04-02,Butte,007,227075,33197,32981,7040,40021,396
2022-04-02,Calaveras,009,45235,7262,7254,349,7603,119
2022-04-02,Colusa,011,21464,3449,3445,1046,4491,21
2022-04-02,Contra Costa,013,1133247,192421,188658,13415,202073,1291
2022-04-02,Del Norte,015,27424,5809,5812,184,5996,50
2022-04-02,El Dorado,017,186661,26730,26732,3194,29926,200
2022-04-02,Fresno,019,978130,234861,230559,24259,254818,2722
2022-04-02,Glenn,021,27897,4999,4982,1601,6583,47
2022-04-02,Humboldt,023,135768,16878,16898,2945,19843,140
2022-04-02,Imperial,025,180216,55374,55266,10520,65786,908
2022-04-02,Inyo,027,18085,4074,4063,478,4541,56
2022-04-02,Kern,029,883053,191832,191384,45764,237148,2224
2022-04-02,Kings,031,150075,51482,51470,3517,54987,443
2022-04-02,Lake,033,64148,10704,10674,883,11557,136
2022-04-02,Lassen,035,31185,8958,8943,874,9817,65
2022-04-02,Los Angeles,037,10098052,2713259,2703576,122909,2826485,31410
2022-04-02,Madera,039,155013,37259,37333,6021,43354,354
2022-04-02,Marin,041,260295,33616,33493,2268,35761,287
2022-04-02,Mariposa,043,17540,2399,2391,201,2592,29
2022-04-02,Mendocino,045,87422,13072,13058,3016,16074,119
2022-04-02,Merced,047,269075,62604,62149,8747,70896,808
2022-04-02,Modoc,049,8938,737,741,250,991,8
2022-04-02,Mono,051,14174,2969,2967,122,3089,6
2022-04-02,Monterey,053,433212,79425,78964,13657,92621,726
2022-04-02,Napa,055,140530,25782,25757,940,26697,143
2022-04-02,Nevada,057,99092,15959,15962,1196,17158,123
2022-04-02,Orange,059,3164182,547214,546047,41510,587557,6880
2022-04-02,Placer,061,380077,62815,62740,7330,70070,614
2022-04-02,Plumas,063,18699,2972,2803,365,3168,14
2022-04-02,Riverside,065,2383286,591403,590563,27738,618301,6418
2022-04-02,Sacramento,067,1510023,280941,276218,26523,302741,2950
2022-04-02,San Benito,069,59416,12972,12901,515,13416,98
2022-04-02,San Bernardino,071,2135413,574250,561362,24919,586281,6865
2022-04-02,San Diego,073,3302833,751498,752281,52790,805071,5178
2022-04-02,San Francisco,075,870044,125440,125075,8255,133330,843
2022-04-02,San Joaquin,077,732212,166753,166336,9921,176257,2202
2022-04-02,San Luis Obispo,079,281455,52502,52512,3744,56256,475
2022-04-02,San Mateo,081,765935,122198,120717,6930,127647,693
2022-04-02,Santa Barbara,083,443738,85808,85611,4695,90306,678
2022-04-02,Santa Clara,085,1922200,315948,312517,12368,324885,2258
2022-04-02,Santa Cruz,087,273765,47900,47371,2090,49461,259
2022-04-02,Shasta,089,179085,30556,30556,6087,36643,530
2022-04-02,Sierra,091,2930,274,273,48,321,4
2022-04-02,Siskiyou,093,43540,4431,4439,2718,7157,80
2022-04-02,Solano,095,438530,81585,81848,5566,87414,446
2022-04-02,Sonoma,097,501317,83639,83235,2619,85854,485
2022-04-02,Stanislaus,099,539301,117598,117536,17823,135359,1581
2022-04-02,Sutter,101,95872,20476,20570,2072,22642,222
2022-04-02,Tehama,103,63373,12043,12046,2568,14614,198
2022-04-02,Trinity,105,12862,1184,1173,287,1460,20
2022-04-02,Tulare,107,460477,106303,104736,27529,132265,1410
2022-04-02,Tuolumne,109,53932,12677,12618,559,13177,180
2022-04-02,Ventura,111,848112,173260,173044,9396,182440,1460
2022-04-02,Yolo,113,214977,37110,36347,2906,39253,313
2022-04-02,Yuba,115,75493,15833,15835,1199,17034,120
2022-04-01,Alameda,001,1643700,256820,255650,13858,269508,1813
2022-04-01,Alpine,002,1148,124,124,1,125,0
2022-04-01,Amador,005,37829,8526,8485,640,9125,86
2022-04-01,Butte,007,227075,33193,32981,7037,40018,396
2022-04-01,Calaveras,009,45235,7260,7254,349,7603,119
2022-04-01,Colusa,011,21464,3448,3445,1046,4491,21
2022-04-01,Contra Costa,013,1133247,192368,188658,13414,202072,1291
2022-04-01,Del Norte,015,27424,5807,5812,184,5996,50
2022-04-01,El Dorado,017,186661,26727,26732,3193,29925,200
2022-04-01,Fresno,019,978130,234836,230559,24257,254816,2722
2022-04-01,Glenn,021,27897,4999,4982,1601,6583,47
2022-04-01,Humboldt,023,135768,16876,16898,2945,19843,140
2022-04-01,Imperial,025,180216,55372,55266,10520,65786,908
2022-04-01,Inyo,027,18085,4072,4063,477,4540,56
2022-04-01,Kern,029,883053,191821,191384,45761,237145,2224
2022-04-01,Kings,031,150075,51479,51470,3517,54987,443
2022-04-01,Lake,033,64148,10701,10674,883,11557,136
2022-04-01,Lassen,035,31185,8957,8943,874,9817,65
2022-04-01,Los Angeles,037,10098052,2712765,2703576,122866,2826442,31410
2022-04-01,Madera,039,155013,37258,37333,6021,43354,354
2022-04-01,Marin,041,260295,33598,33493,2261,35754,287
2022-04-01,Mariposa,043,17540,2396,2391,201,2592,29
2022-04-01,Mendocino,045,87422,13069,13058,3015,16073,119
2022-04-01,Merced,047,269075,62597,62149,8746,70895,808
2022-04-01,Modoc,049,8938,737,741,250,991,8
2022-04-01,Mono,051,14174,2969,2967,122,3089,6
2022-04-01,Monterey,053,433212,79407,78964,13654,92618,726
2022-04-01,Napa,055,140530,25772,25757,940,26697,143
2022-04-01,Nevada,057,99092,15959,15962,1195,17157,123
2022-04-01,Orange,059,3164182,547106,546047,41502,587549,6880
2022-04-01,Placer,061,380077,62801,62740,7330,70070,614
2022-04-01,Plumas,063,18699,2972,2803,364,3167,14
2022-04-01,Riverside,065,2383286,591337,590563,27725,618288,6418
2022-04-01,Sacramento,067,1510023,280903,276218,26516,302734,2950
2022-04-01,San Benito,069,59416,12971,12901,515,13416,98
2022-04-01,San Bernardino,071,2135413,574194,561362,24915,586277,6865
2022-04-01,San Diego,073,3302833,751352,752281,52774,805055,5178
2022-04-01,San Francisco,075,870044,125330,125075,8249,133324,843
2022-04-01,San Joaquin,077,732212,166733,166336,9918,176254,2202
2022-04-01,San Luis Obispo,079,281455,52496,52512,3743,56255,475
2022-04-01,San Mateo,081,765935,122134,120717,6926,127643,693
2022-04-01,Santa Barbara,083,443738,85788,85611,4695,90306,678
2022-04-01,Santa Clara,085,1922200,315798,312517,12367,324884,2258
2022-04-01,Santa Cruz,087,273765,47885,47371,2088,49459,259
2022-04-01,Shasta,089,179085,30555,30556,6087,36643,530
2022-04-01,Sierra,091,2930,274,273,48,321,4
2022-04-01,Siskiyou,093,43540,4431,4439,2717,7156,80
2022-04-01,Solano,095,438530,81569,81848,5566,87414,446
2022-04-01,Sonoma,097,501317,83595,83235,2618,85853,485
2022-04-01,Stanislaus,099,539301,117586,117536,17820,135356,1581
2022-04-01,Sutter,101,95872,20476,20570,2072,22642,222
2022-04-01,Tehama,103,63373,12043,12046,2568,14614,198
2022-04-01,Trinity,105,12862,1184,1173,287,1460,20
2022-04-01,Tulare,107,460477,106298,104736,27525,132261,1410
2022-04-01,Tuolumne,109,53932,12676,12618,559,13177,180
2022-04-01,Ventura,111,848112,173229,173044,9392,182436,1460
2022-04-01,Yolo,113,214977,37096,36347,2905,39252,313
2022-04-01,Yuba,115,75493,15832,15835,1199,17034,120
2022-03-31,Alameda,001,1643700,256646,255650,13845,269495,1813
2022-03-31,Alpine,002,1148,124,124,1,125,0
2022-03-31,Amador,005,37829,8526,8485,640,9125,86
2022-03-31,Butte,007,227075,33189,32981,7034,40015,396
2022-03-31,Calaveras,009,45235,7257,7254,349,7603,119
2022-03-31,Colusa,011,21464,3447,3445,1046,4491,21
2022-03-31,Contra Costa,013,1133247,192271,188658,13408,202066,1291
2022-03-31,Del Norte,015,27424,5806,5812,184,5996,50
2022-03-31,El Dorado,017,186661,26719,26732,3193,29925,200
2022-03-31,Fresno,019,978130,234801,230559,24236,254795,2722
2022-03-31,Glenn,021,27897,4998,4982,1601,6583,47
2022-03-31,Humboldt,023,135768,16872,16898,2945,19843,140
2022-03-31,Imperial,025,180216,55369,55266,10519,65785,908
2022-03-31,Inyo,027,18085,4071,4063,474,4537,56
2022-03-31,Kern,029,883053,191806,191384,45752,237136,2224
2022-03-31,Kings,031,150075,51470,51470,3517,54987,443
2022-03-31,Lake,033,64148,10700,10674,882,11556,136
2022-03-31,Lassen,035,31185,8955,8943,874,9817,65
2022-03-31,Los Angeles,037,10098052,2712023,2703576,122809,2826385,31410
2022-03-31,Madera,039,155013,37255,37333,6021,43354,354
2022-03-31,Marin,041,260295,33572,33493,2249,35742,287
2022-03-31,Mariposa,043,17540,2395,2391,200,2591,29
2022-03-31,Mendocino,045,87422,13065,13058,3015,16073,119
2022-03-31,Merced,047,269075,62592,62149,8743,70892,808
2022-03-31,Modoc,049,8938,737,741,250,991,8
2022-03-31,Mono,051,14174,2969,2967,122,3089,6
2022-03-31,Monterey,053,433212,79390,78964,13643,92607,726
2022-03-31,Napa,055,140530,25765,25757,938,26695,143
2022-03-31,Nevada,057,99092,15952,15962,1194,17156,123
2022-03-31,Orange,059,3164182,546958,546047,41488,587535,6880
2022-03-31,Placer,061,380077,62776,62740,7327,70067,614
2022-03-31,Plumas,063,18699,2972,2803,363,3166,14
2022-03-31,Riverside,065,2383286,591227,590563,27722,618285,6418
2022-03-31,Sacramento,067,1510023,280829,276218,26508,302726,2950
2022-03-31,San Benito,069,59416,12970,12901,515,13416,98
2022-03-31,San Bernardino,071,2135413,574097,561362,24904,586266,6865
2022-03-31,San Diego,073,3302833,751116,752281,52746,805027,5178
2022-03-31,San Francisco,075,870044,125173,125075,8237,133312,843
2022-03-31,San Joaquin,077,732212,166699,166336,9903,176239,2202
2022-03-31,San Luis Obispo,079,281455,52482,52512,3742,56254,475
2022-03-31,San Mateo,081,765935,122023,120717,6925,127642,693
2022-03-31,Santa Barbara,083,443738,85758,85611,4695,90306,678
2022-03-31,Santa Clara,085,1922200,315570,312517,12356,324873,2258
2022-03-31,Santa Cruz,087,273765,47866,47371,2086,49457,259
2022-03-31,Shasta,089,179085,30549,30556,6087,36643,530
2022-03-31,Sierra,091,2930,271,273,48,321,4
2022-03-31,Siskiyou,093,43540,4430,4439,2717,7156,80
2022-03-31,Solano,095,438530,81540,81848,5563,87411,446
2022-03-31,Sonoma,097,501317,83552,83235,2612,85847,485
2022-03-31,Stanislaus,099,539301,117569,117536,17815,135351,1581
2022-03-31,Sutter,101,95872,20473,20570,2071,22641,222
2022-03-31,Tehama,103,63373,12042,12046,2567,14613,198
2022-03-31,Trinity,105,12862,1184,1173,287,1460,20
2022-03-31,Tulare,107,460477,106288,104736,27517,132253,1410
2022-03-31,Tuolumne,109,53932,12675,12618,559,13177,180
2022-03-31,Ventura,111,848112,173189,173044,9389,182433,1460
2022-03-31,Yolo,113,214977,37080,36347,2905,39252,313
2022-03-31,Yuba,115,75493,15832,15835,1196,17031,120
2022-03-30,Alameda,001,1643700,256515,255467,13836,269303,1812
2022-03-30,Alpine,002,1148,124,124,1,125,0
2022-03-30,Amador,005,37829,8526,8485,640,9125,86
2022-03-30,Butte,007,227075,33184,32968,7028,39996,396
2022-03-30,Calaveras,009,45235,7255,7253,348,7601,119
2022-03-30,Colusa,011,21464,3447,3445,1046,4491,21
2022-03-30,Contra Costa,013,1133247,192210,188496,13397,201893,1291
2022-03-30,Del Norte,015,27424,5804,5808,184,5992,50
2022-03-30,El Dorado,017,186661,26710,26722,3193,29915,200
2022-03-30,Fresno,019,978130,234790,230448,24230,254678,2720
2022-03-30,Glenn,021,27897,4997,4982,1601,6583,47
2022-03-30,Humboldt,023,135768,16869,16894,2945,19839,140
2022-03-30,Imperial,025,180216,55365,55252,10516,65768,908
2022-03-30,Inyo,027,18085,4070,4062,472,4534,56
2022-03-30,Kern,029,883053,191778,191363,45747,237110,2219
2022-03-30,Kings,031,150075,51464,51446,3516,54962,443
2022-03-30,Lake,033,64148,10699,10674,882,11556,136
2022-03-30,Lassen,035,31185,8955,8943,874,9817,65
2022-03-30,Los Angeles,037,10098052,2711208,2702536,122754,2825290,31384
2022-03-30,Madera,039,155013,37249,37330,6020,43350,354
2022-03-30,Marin,041,260295,33552,33453,2230,35683,287
2022-03-30,Mariposa,043,17540,2395,2390,200,2590,27
2022-03-30,Mendocino,045,87422,13061,13055,3012,16067,118
2022-03-30,Merced,047,269075,62587,62136,8738,70874,808
2022-03-30,Modoc,049,8938,737,739,250,989,8
2022-03-30,Mono,051,14174,2968,2967,122,3089,6
2022-03-30,Monterey,053,433212,79373,78911,13636,92547,726
2022-03-30,Napa,055,140530,25753,25745,937,26682,141
2022-03-30,Nevada,057,99092,15949,15960,1192,17152,123
2022-03-30,Orange,059,3164182,546807,545895,41466,587361,6876
2022-03-30,Placer,061,380077,62761,62705,7323,70028,614
2022-03-30,Plumas,063,18699,2972,2762,361,3123,13
2022-03-30,Riverside,065,2383286,591144,590437,27709,618146,6411
2022-03-30,Sacramento,067,1510023,280761,276081,26501,302582,2949
2022-03-30,San Benito,069,59416,12966,12898,515,13413,98
2022-03-30,San Bernardino,071,2135413,574014,561153,24900,586053,6863
2022-03-30,San Diego,073,3302833,750885,751684,52719,804403,5169
2022-03-30,San Francisco,075,870044,125067,124930,8228,133158,841
2022-03-30,San Joaquin,077,732212,166670,166299,9897,176196,2201
2022-03-30,San Luis Obispo,079,281455,52468,52484,3738,56222,475
2022-03-30,San Mateo,081,765935,121922,120548,6925,127473,693
2022-03-30,Santa Barbara,083,443738,85736,85488,4692,90180,677
2022-03-30,Santa Clara,085,1922200,315388,312253,12336,324589,2258
2022-03-30,Santa Cruz,087,273765,47810,47340,2085,49425,259
2022-03-30,Shasta,089,179085,30546,30555,6087,36642,530
2022-03-30,Sierra,091,2930,271,273,48,321,4
2022-03-30,Siskiyou,093,43540,4430,4439,2717,7156,80
2022-03-30,Solano,095,438530,81521,81816,5559,87375,443
2022-03-30,Sonoma,097,501317,83515,83163,2611,85774,485
2022-03-30,Stanislaus,099,539301,117556,117593,17812,135405,1559
2022-03-30,Sutter,101,95872,20468,20565,2071,22636,222
2022-03-30,Tehama,103,63373,12041,12045,2566,14611,198
2022-03-30,Trinity,105,12862,1183,1173,287,1460,20
2022-03-30,Tulare,107,460477,106282,104667,27510,132177,1410
2022-03-30,Tuolumne,109,53932,12673,12616,559,13175,180
2022-03-30,Ventura,111,848112,173148,172984,9381,182365,1460
2022-03-30,Yolo,113,214977,37070,36325,2902,39227,313
2022-03-30,Yuba,115,75493,15830,15830,1196,17026,120
2022-03-29,Alameda,001,1643700,256390,255261,13826,269087,1810
2022-03-29,Alpine,002,1148,124,124,1,125,0
2022-03-29,Amador,005,37829,8526,8483,640,9123,86
2022-03-29,Butte,007,227075,33181,32954,7028,39982,396
2022-03-29,Calaveras,009,45235,7254,7250,347,7597,119
2022-03-29,Colusa,011,21464,3447,3445,1046,4491,21
2022-03-29,Contra Costa,013,1133247,192122,188359,13389,201748,1290
2022-03-29,Del Norte,015,27424,5804,5806,183,5989,50
2022-03-29,El Dorado,017,186661,26705,26706,3193,29899,200
2022-03-29,Fresno,019,978130,234762,230256,24226,254482,2718
2022-03-29,Glenn,021,27897,4997,4983,1601,6584,47
2022-03-29,Humboldt,023,135768,16866,16892,2942,19834,140
2022-03-29,Imperial,025,180216,55351,55233,10515,65748,908
2022-03-29,Inyo,027,18085,4068,4062,471,4533,56
2022-03-29,Kern,029,883053,191746,191338,45740,237078,2220
2022-03-29,Kings,031,150075,51457,51416,3515,54931,443
2022-03-29,Lake,033,64148,10695,10674,882,11556,136
2022-03-29,Lassen,035,31185,8954,8943,874,9817,65
2022-03-29,Los Angeles,037,10098052,2710379,2702005,122708,2824713,31378
2022-03-29,Madera,039,155013,37241,37325,6017,43342,354
2022-03-29,Marin,041,260295,33532,33431,2225,35656,287
2022-03-29,Mariposa,043,17540,2395,2388,200,2588,23
2022-03-29,Mendocino,045,87422,13057,13053,3011,16064,119
2022-03-29,Merced,047,269075,62574,62123,8737,70860,806
2022-03-29,Modoc,049,8938,735,737,250,987,8
2022-03-29,Mono,051,14174,2968,2966,122,3088,5
2022-03-29,Monterey,053,433212,79360,78774,13628,92402,725
2022-03-29,Napa,055,140530,25746,25732,937,26669,141
2022-03-29,Nevada,057,99092,15941,15956,1192,17148,123
2022-03-29,Orange,059,3164182,546659,545832,41450,587282,6871
2022-03-29,Placer,061,380077,62743,62687,7318,70005,614
2022-03-29,Plumas,063,18699,2970,2761,361,3122,13
2022-03-29,Riverside,065,2383286,591042,590359,27701,618060,6403
2022-03-29,Sacramento,067,1510023,280695,276040,26489,302529,2946
2022-03-29,San Benito,069,59416,12964,12892,515,13407,97
2022-03-29,San Bernardino,071,2135413,573918,561026,24892,585918,6860
2022-03-29,San Diego,073,3302833,750643,751240,52696,803936,5159
2022-03-29,San Francisco,075,870044,124916,124789,8222,133011,840
2022-03-29,San Joaquin,077,732212,166634,166241,9889,176130,2198
2022-03-29,San Luis Obispo,079,281455,52452,52455,3734,56189,472
2022-03-29,San Mateo,081,765935,121827,120435,6923,127358,686
2022-03-29,Santa Barbara,083,443738,85713,85464,4692,90156,676
2022-03-29,Santa Clara,085,1922200,315149,312067,12319,324386,2259
2022-03-29,Santa Cruz,087,273765,47790,47323,2084,49407,259
2022-03-29,Shasta,089,179085,30539,30552,6085,36637,529
2022-03-29,Sierra,091,2930,271,273,48,321,4
2022-03-29,Siskiyou,093,43540,4430,4439,2716,7155,80
2022-03-29,Solano,095,438530,81497,81713,5556,87269,441
2022-03-29,Sonoma,097,501317,83482,83130,2605,85735,485
2022-03-29,Stanislaus,099,539301,117537,117683,17806,135489,1559
2022-03-29,Sutter,101,95872,20466,20556,2070,22626,221
2022-03-29,Tehama,103,63373,12039,12045,2566,14611,198
2022-03-29,Trinity,105,12862,1183,1173,287,1460,20
2022-03-29,Tulare,107,460477,106278,104622,27505,132127,1406
2022-03-29,Tuolumne,109,53932,12671,12615,559,13174,180
2022-03-29,Ventura,111,848112,173093,172946,9380,182326,1460
2022-03-29,Yolo,113,214977,37057,36296,2901,39197,313
2022-03-29,Yuba,115,75493,15826,15824,1195,17019,117
2022-03-28,Alameda,001,1643700,256237,255192,13816,269008,1808
2022-03-28,Alpine,002,1148,124,124,1,125,0
2022-03-28,Amador,005,37829,8525,8480,640,9120,86
2022-03-28,Butte,007,227075,33164,32947,7028,39975,392
2022-03-28,Calaveras,009,45235,7254,7247,347,7594,119
2022-03-28,Colusa,011,21464,3447,3445,1046,4491,21
2022-03-28,Contra Costa,013,1133247,192042,188305,13384,201689,1290
2022-03-28,Del Norte,015,27424,5802,5834,183,6017,50
2022-03-28,El Dorado,017,186661,26698,26703,3191,29894,200
2022-03-28,Fresno,019,978130,234734,230144,24209,254353,2717
2022-03-28,Glenn,021,27897,4996,4983,1601,6584,47
2022-03-28,Humboldt,023,135768,16865,16916,2942,19858,140
2022-03-28,Imperial,025,180216,55340,55245,10515,65760,909
2022-03-28,Inyo,027,18085,4067,4062,471,4533,56
2022-03-28,Kern,029,883053,191720,191333,45731,237064,2212
2022-03-28,Kings,031,150075,51444,51405,3515,54920,443
2022-03-28,Lake,033,64148,10693,10673,882,11555,136
2022-03-28,Lassen,035,31185,8954,8946,874,9820,63
2022-03-28,Los Angeles,037,10098052,2709510,2700997,122669,2823666,31349
2022-03-28,Madera,039,155013,37237,37324,6017,43341,354
2022-03-28,Marin,041,260295,33507,33391,2220,35611,287
2022-03-28,Mariposa,043,17540,2394,2388,200,2588,23
2022-03-28,Mendocino,045,87422,13055,13046,3010,16056,118
2022-03-28,Merced,047,269075,62564,62116,8732,70848,805
2022-03-28,Modoc,049,8938,734,736,250,986,7
2022-03-28,Mono,051,14174,2968,2966,122,3088,5
2022-03-28,Monterey,053,433212,79327,78784,13624,92408,724
2022-03-28,Napa,055,140530,25740,25723,936,26659,140
2022-03-28,Nevada,057,99092,15939,15969,1192,17161,123
2022-03-28,Orange,059,3164182,546529,545700,41424,587124,6860
2022-03-28,Placer,061,380077,62723,62687,7317,70004,613
2022-03-28,Plumas,063,18699,2969,2760,361,3121,13
2022-03-28,Riverside,065,2383286,590942,590298,27693,617991,6397
2022-03-28,Sacramento,067,1510023,280626,275889,26477,302366,2946
2022-03-28,San Benito,069,59416,12964,12889,515,13404,97
2022-03-28,San Bernardino,071,2135413,573836,560836,24881,585717,6858
2022-03-28,San Diego,073,3302833,750404,750659,52662,803321,5155
2022-03-28,San Francisco,075,870044,124775,124678,8212,132890,839
2022-03-28,San Joaquin,077,732212,166601,166247,9887,176134,2196
2022-03-28,San Luis Obispo,079,281455,52427,52434,3731,56165,470
2022-03-28,San Mateo,081,765935,121711,120337,6918,127255,686
2022-03-28,Santa Barbara,083,443738,85685,85442,4690,90132,675
2022-03-28,Santa Clara,085,1922200,314920,311953,12310,324263,2257
2022-03-28,Santa Cruz,087,273765,47757,47324,2084,49408,259
2022-03-28,Shasta,089,179085,30538,30550,6084,36634,527
2022-03-28,Sierra,091,2930,271,273,48,321,4
2022-03-28,Siskiyou,093,43540,4429,4438,2716,7154,80
2022-03-28,Solano,095,438530,81469,81704,5551,87255,441
2022-03-28,Sonoma,097,501317,83436,83105,2600,85705,485
2022-03-28,Stanislaus,099,539301,117525,117783,17801,135584,1562
2022-03-28,Sutter,101,95872,20460,20549,2070,22619,221
2022-03-28,Tehama,103,63373,12039,12041,2566,14607,200
2022-03-28,Trinity,105,12862,1183,1173,287,1460,20
2022-03-28,Tulare,107,460477,106266,104576,27499,132075,1404
2022-03-28,Tuolumne,109,53932,12671,12627,559,13186,180
2022-03-28,Ventura,111,848112,173054,172867,9379,182246,1455
2022-03-28,Yolo,113,214977,37039,36282,2899,39181,312
2022-03-28,Yuba,115,75493,15825,15821,1193,17014,117
2022-03-27,Alameda,001,1643700,256048,255132,13807,268939,1809
2022-03-27,Alpine,002,1148,124,124,1,125,0
2022-03-27,Amador,005,37829,8522,8480,640,9120,86
2022-03-27,Butte,007,227075,33151,32943,7022,39965,392
2022-03-27,Calaveras,009,45235,7252,7245,347,7592,119
2022-03-27,Colusa,011,21464,3447,3445,1046,4491,21
2022-03-27,Contra Costa,013,1133247,191928,188251,13367,201618,1290
2022-03-27,Del Norte,015,27424,5801,5836,183,6019,50
2022-03-27,El Dorado,017,186661,26684,26699,3188,29887,200
2022-03-27,Fresno,019,978130,234687,230049,24191,254240,2717
2022-03-27,Glenn,021,27897,4994,4983,1601,6584,47
2022-03-27,Humboldt,023,135768,16861,16920,2942,19862,140
2022-03-27,Imperial,025,180216,55327,55240,10514,65754,909
2022-03-27,Inyo,027,18085,4066,4062,469,4531,56
2022-03-27,Kern,029,883053,191682,191332,45725,237057,2213
2022-03-27,Kings,031,150075,51435,51400,3515,54915,443
2022-03-27,Lake,033,64148,10692,10672,881,11553,136
2022-03-27,Lassen,035,31185,8954,8946,874,9820,63
2022-03-27,Los Angeles,037,10098052,2708694,2700983,122622,2823605,31348
2022-03-27,Madera,039,155013,37233,37323,6015,43338,354
2022-03-27,Marin,041,260295,33470,33391,2210,35601,287
2022-03-27,Mariposa,043,17540,2394,2390,200,2590,23
2022-03-27,Mendocino,045,87422,13051,13046,3008,16054,118
2022-03-27,Merced,047,269075,62554,62110,8731,70841,805
2022-03-27,Modoc,049,8938,733,736,248,984,7
2022-03-27,Mono,051,14174,2968,2966,122,3088,5
2022-03-27,Monterey,053,433212,79306,78778,13612,92390,724
2022-03-27,Napa,055,140530,25724,25723,936,26659,140
2022-03-27,Nevada,057,99092,15935,15967,1190,17157,123
2022-03-27,Orange,059,3164182,546395,545644,41389,587033,6860
2022-03-27,Placer,061,380077,62705,62680,7316,69996,613
2022-03-27,Plumas,063,18699,2968,2760,359,3119,13
2022-03-27,Riverside,065,2383286,590856,590251,27682,617933,6395
2022-03-27,Sacramento,067,1510023,280545,275854,26470,302324,2941
2022-03-27,San Benito,069,59416,12959,12889,514,13403,97
2022-03-27,San Bernardino,071,2135413,573719,560853,24879,585732,6862
2022-03-27,San Diego,073,3302833,750148,750659,52638,803297,5155
2022-03-27,San Francisco,075,870044,124590,124619,8201,132820,839
2022-03-27,San Joaquin,077,732212,166565,166238,9883,176121,2196
2022-03-27,San Luis Obispo,079,281455,52406,52430,3729,56159,470
2022-03-27,San Mateo,081,765935,121606,120324,6913,127237,686
2022-03-27,Santa Barbara,083,443738,85649,85434,4688,90122,675
2022-03-27,Santa Clara,085,1922200,314709,311822,12303,324125,2257
2022-03-27,Santa Cruz,087,273765,47724,47321,2082,49403,259
2022-03-27,Shasta,089,179085,30533,30550,6082,36632,527
2022-03-27,Sierra,091,2930,271,273,48,321,4
2022-03-27,Siskiyou,093,43540,4429,4436,2715,7151,80
2022-03-27,Solano,095,438530,81427,81691,5548,87239,441
2022-03-27,Sonoma,097,501317,83383,83088,2596,85684,485
2022-03-27,Stanislaus,099,539301,117505,117778,17798,135576,1562
2022-03-27,Sutter,101,95872,20454,20545,2070,22615,221
2022-03-27,Tehama,103,63373,12039,12040,2566,14606,200
2022-03-27,Trinity,105,12862,1183,1173,287,1460,20
2022-03-27,Tulare,107,460477,106256,104582,27490,132072,1404
2022-03-27,Tuolumne,109,53932,12670,12628,559,13187,180
2022-03-27,Ventura,111,848112,173009,172831,9377,182208,1455
2022-03-27,Yolo,113,214977,37018,36232,2896,39128,312
2022-03-27,Yuba,115,75493,15822,15821,1186,17007,117
2022-03-26,Alameda,001,1643700,255968,254691,13806,268497,1803
2022-03-26,Alpine,002,1148,124,124,1,125,0
2022-03-26,Amador,005,37829,8522,8476,640,9116,86
2022-03-26,Butte,007,227075,33147,32929,7020,39949,391
2022-03-26,Calaveras,009,45235,7250,7240,347,7587,120
2022-03-26,Colusa,011,21464,3445,3445,1046,4491,21
2022-03-26,Contra Costa,013,1133247,191875,187990,13364,201354,1285
2022-03-26,Del Norte,015,27424,5799,5831,183,6014,50
2022-03-26,El Dorado,017,186661,26676,26674,3186,29860,200
2022-03-26,Fresno,019,978130,234664,229799,24190,253989,2710
2022-03-26,Glenn,021,27897,4993,4978,1601,6579,47
2022-03-26,Humboldt,023,135768,16857,16911,2942,19853,139
2022-03-26,Imperial,025,180216,55321,55230,10513,65743,913
2022-03-26,Inyo,027,18085,4066,4060,468,4528,56
2022-03-26,Kern,029,883053,191669,191288,45721,237009,2201
2022-03-26,Kings,031,150075,51434,51397,3515,54912,444
2022-03-26,Lake,033,64148,10692,10659,881,11540,136
2022-03-26,Lassen,035,31185,8954,8944,874,9818,63
2022-03-26,Los Angeles,037,10098052,2708238,2698028,122581,2820609,31291
2022-03-26,Madera,039,155013,37230,37321,6013,43334,354
2022-03-26,Marin,041,260295,33459,33317,2206,35523,287
2022-03-26,Mariposa,043,17540,2394,2386,200,2586,23
2022-03-26,Mendocino,045,87422,13047,13038,3008,16046,118
2022-03-26,Merced,047,269075,62547,62083,8729,70812,805
2022-03-26,Modoc,049,8938,733,736,248,984,7
2022-03-26,Mono,051,14174,2968,2966,122,3088,5
2022-03-26,Monterey,053,433212,79299,78688,13610,92298,724
2022-03-26,Napa,055,140530,25720,25701,936,26637,139
2022-03-26,Nevada,057,99092,15931,15960,1190,17150,123
2022-03-26,Orange,059,3164182,546319,545294,41378,586672,6853
2022-03-26,Placer,061,380077,62693,62634,7312,69946,613
2022-03-26,Plumas,063,18699,2968,2758,358,3116,13
2022-03-26,Riverside,065,2383286,590787,590060,27681,617741,6397
2022-03-26,Sacramento,067,1510023,280511,275529,26468,301997,2935
2022-03-26,San Benito,069,59416,12959,12885,514,13399,97
2022-03-26,San Bernardino,071,2135413,573659,560742,24875,585617,6840
2022-03-26,San Diego,073,3302833,750024,750170,52631,802801,5146
2022-03-26,San Francisco,075,870044,124483,124265,8195,132460,839
2022-03-26,San Joaquin,077,732212,166543,166079,9882,175961,2195
2022-03-26,San Luis Obispo,079,281455,52400,52369,3729,56098,469
2022-03-26,San Mateo,081,765935,121547,120165,6905,127070,684
2022-03-26,Santa Barbara,083,443738,85629,85477,4686,90163,674
2022-03-26,Santa Clara,085,1922200,314551,311189,12296,323485,2250
2022-03-26,Santa Cruz,087,273765,47713,47329,2082,49411,259
2022-03-26,Shasta,089,179085,30532,30542,6081,36623,527
2022-03-26,Sierra,091,2930,271,273,48,321,4
2022-03-26,Siskiyou,093,43540,4428,4433,2715,7148,80
2022-03-26,Solano,095,438530,81418,81659,5548,87207,441
2022-03-26,Sonoma,097,501317,83353,83113,2591,85704,485
2022-03-26,Stanislaus,099,539301,117498,117962,17797,135759,1565
2022-03-26,Sutter,101,95872,20452,20536,2070,22606,221
2022-03-26,Tehama,103,63373,12039,12036,2565,14601,195
2022-03-26,Trinity,105,12862,1183,1174,287,1461,20
2022-03-26,Tulare,107,460477,106248,104538,27489,132027,1400
2022-03-26,Tuolumne,109,53932,12668,12628,559,13187,180
2022-03-26,Ventura,111,848112,172968,172690,9373,182063,1455
2022-03-26,Yolo,113,214977,37009,36234,2896,39130,311
2022-03-26,Yuba,115,75493,15821,15807,1186,16993,117
2022-03-25,Alameda,001,1643700,255905,254691,13803,268494,1803
2022-03-25,Alpine,002,1148,124,124,1,125,0
2022-03-25,Amador,005,37829,8521,8476,640,9116,86
2022-03-25,Butte,007,227075,33142,32929,7020,39949,391
2022-03-25,Calaveras,009,45235,7249,7240,347,7587,120
2022-03-25,Colusa,011,21464,3445,3445,1046,4491,21
2022-03-25,Contra Costa,013,1133247,191827,187990,13361,201351,1285
2022-03-25,Del Norte,015,27424,5799,5831,183,6014,50
2022-03-25,El Dorado,017,186661,26672,26674,3186,29860,200
2022-03-25,Fresno,019,978130,234635,229799,24182,253981,2710
2022-03-25,Glenn,021,27897,4993,4978,1601,6579,47
2022-03-25,Humboldt,023,135768,16857,16911,2942,19853,139
2022-03-25,Imperial,025,180216,55316,55230,10512,65742,913
2022-03-25,Inyo,027,18085,4065,4060,468,4528,56
2022-03-25,Kern,029,883053,191659,191288,45720,237008,2201
2022-03-25,Kings,031,150075,51433,51397,3515,54912,444
2022-03-25,Lake,033,64148,10692,10659,881,11540,136
2022-03-25,Lassen,035,31185,8953,8944,874,9818,63
2022-03-25,Los Angeles,037,10098052,2707814,2698028,122549,2820577,31291
2022-03-25,Madera,039,155013,37229,37321,6012,43333,354
2022-03-25,Marin,041,260295,33444,33317,2197,35514,287
2022-03-25,Mariposa,043,17540,2394,2386,200,2586,23
2022-03-25,Mendocino,045,87422,13047,13038,3008,16046,118
2022-03-25,Merced,047,269075,62541,62083,8728,70811,805
2022-03-25,Modoc,049,8938,733,736,248,984,7
2022-03-25,Mono,051,14174,2967,2966,122,3088,5
2022-03-25,Monterey,053,433212,79288,78688,13607,92295,724
2022-03-25,Napa,055,140530,25713,25701,936,26637,139
2022-03-25,Nevada,057,99092,15930,15960,1190,17150,123
2022-03-25,Orange,059,3164182,546245,545294,41362,586656,6853
2022-03-25,Placer,061,380077,62687,62634,7309,69943,613
2022-03-25,Plumas,063,18699,2967,2758,358,3116,13
2022-03-25,Riverside,065,2383286,590727,590060,27670,617730,6397
2022-03-25,Sacramento,067,1510023,280468,275529,26467,301996,2935
2022-03-25,San Benito,069,59416,12959,12885,514,13399,97
2022-03-25,San Bernardino,071,2135413,573619,560742,24872,585614,6840
2022-03-25,San Diego,073,3302833,749901,750170,52620,802790,5146
2022-03-25,San Francisco,075,870044,124402,124265,8182,132447,839
2022-03-25,San Joaquin,077,732212,166528,166079,9880,175959,2195
2022-03-25,San Luis Obispo,079,281455,52397,52369,3728,56097,469
2022-03-25,San Mateo,081,765935,121495,120165,6905,127070,684
2022-03-25,Santa Barbara,083,443738,85614,85477,4684,90161,674
2022-03-25,Santa Clara,085,1922200,314400,311189,12291,323480,2250
2022-03-25,Santa Cruz,087,273765,47705,47329,2082,49411,259
2022-03-25,Shasta,089,179085,30528,30542,6080,36622,527
2022-03-25,Sierra,091,2930,271,273,48,321,4
2022-03-25,Siskiyou,093,43540,4426,4433,2713,7146,80
2022-03-25,Solano,095,438530,81404,81659,5546,87205,441
2022-03-25,Sonoma,097,501317,83316,83113,2591,85704,485
2022-03-25,Stanislaus,099,539301,117484,117962,17796,135758,1565
2022-03-25,Sutter,101,95872,20447,20536,2070,22606,221
2022-03-25,Tehama,103,63373,12037,12036,2565,14601,195
2022-03-25,Trinity,105,12862,1183,1174,287,1461,20
2022-03-25,Tulare,107,460477,106244,104538,27489,132027,1400
2022-03-25,Tuolumne,109,53932,12667,12628,559,13187,180
2022-03-25,Ventura,111,848112,172930,172690,9373,182063,1455
2022-03-25,Yolo,113,214977,36997,36234,2895,39129,311
2022-03-25,Yuba,115,75493,15816,15807,1185,16992,117
2022-03-24,Alameda,001,1643700,255792,254691,13787,268478,1803
2022-03-24,Alpine,002,1148,124,124,1,125,0
2022-03-24,Amador,005,37829,8521,8476,640,9116,86
2022-03-24,Butte,007,227075,33136,32929,7020,39949,391
2022-03-24,Calaveras,009,45235,7247,7240,347,7587,120
2022-03-24,Colusa,011,21464,3445,3445,1046,4491,21
2022-03-24,Contra Costa,013,1133247,191748,187990,13358,201348,1285
2022-03-24,Del Norte,015,27424,5795,5831,183,6014,50
2022-03-24,El Dorado,017,186661,26662,26674,3186,29860,200
2022-03-24,Fresno,019,978130,234593,229799,24172,253971,2710
2022-03-24,Glenn,021,27897,4992,4978,1601,6579,47
2022-03-24,Humboldt,023,135768,16852,16911,2940,19851,139
2022-03-24,Imperial,025,180216,55309,55230,10512,65742,913
2022-03-24,Inyo,027,18085,4064,4060,468,4528,56
2022-03-24,Kern,029,883053,191649,191288,45718,237006,2201
2022-03-24,Kings,031,150075,51424,51397,3513,54910,444
2022-03-24,Lake,033,64148,10691,10659,881,11540,136
2022-03-24,Lassen,035,31185,8952,8944,874,9818,63
2022-03-24,Los Angeles,037,10098052,2707241,2698028,122505,2820533,31291
2022-03-24,Madera,039,155013,37227,37321,6010,43331,354
2022-03-24,Marin,041,260295,33422,33317,2188,35505,287
2022-03-24,Mariposa,043,17540,2394,2386,200,2586,23
2022-03-24,Mendocino,045,87422,13041,13038,3005,16043,118
2022-03-24,Merced,047,269075,62534,62083,8727,70810,805
2022-03-24,Modoc,049,8938,733,736,248,984,7
2022-03-24,Mono,051,14174,2967,2966,122,3088,5
2022-03-24,Monterey,053,433212,79262,78688,13593,92281,724
2022-03-24,Napa,055,140530,25704,25701,936,26637,139
2022-03-24,Nevada,057,99092,15926,15960,1189,17149,123
2022-03-24,Orange,059,3164182,546143,545294,41347,586641,6853
2022-03-24,Placer,061,380077,62667,62634,7308,69942,613
2022-03-24,Plumas,063,18699,2967,2758,358,3116,13
2022-03-24,Riverside,065,2383286,590650,590060,27662,617722,6397
2022-03-24,Sacramento,067,1510023,280398,275529,26463,301992,2935
2022-03-24,San Benito,069,59416,12958,12885,513,13398,97
2022-03-24,San Bernardino,071,2135413,573536,560742,24868,585610,6840
2022-03-24,San Diego,073,3302833,749694,750170,52607,802777,5146
2022-03-24,San Francisco,075,870044,124320,124265,8176,132441,839
2022-03-24,San Joaquin,077,732212,166501,166079,9880,175959,2195
2022-03-24,San Luis Obispo,079,281455,52381,52369,3727,56096,469
2022-03-24,San Mateo,081,765935,121446,120165,6902,127067,684
2022-03-24,Santa Barbara,083,443738,85599,85477,4681,90158,674
2022-03-24,Santa Clara,085,1922200,314252,311189,12275,323464,2250
2022-03-24,Santa Cruz,087,273765,47687,47329,2081,49410,259
2022-03-24,Shasta,089,179085,30520,30542,6080,36622,527
2022-03-24,Sierra,091,2930,271,273,48,321,4
2022-03-24,Siskiyou,093,43540,4424,4433,2713,7146,80
2022-03-24,Solano,095,438530,81385,81659,5545,87204,441
2022-03-24,Sonoma,097,501317,83281,83113,2589,85702,485
2022-03-24,Stanislaus,099,539301,117475,117962,17793,135755,1565
2022-03-24,Sutter,101,95872,20442,20536,2070,22606,221
2022-03-24,Tehama,103,63373,12035,12036,2564,14600,195
2022-03-24,Trinity,105,12862,1183,1174,287,1461,20
2022-03-24,Tulare,107,460477,106233,104538,27484,132022,1400
2022-03-24,Tuolumne,109,53932,12665,12628,559,13187,180
2022-03-24,Ventura,111,848112,172887,172690,9370,182060,1455
2022-03-24,Yolo,113,214977,36991,36234,2891,39125,311
2022-03-24,Yuba,115,75493,15812,15807,1183,16990,117
2022-03-23,Alameda,001,1643700,255659,254559,13776,268335,1802
2022-03-23,Alpine,002,1148,124,124,1,125,0
2022-03-23,Amador,005,37829,8521,8475,640,9115,86
2022-03-23,Butte,007,227075,33121,32920,7019,39939,387
2022-03-23,Calaveras,009,45235,7242,7237,347,7584,120
2022-03-23,Colusa,011,21464,3444,3444,1046,4490,21
2022-03-23,Contra Costa,013,1133247,191650,187898,13347,201245,1279
2022-03-23,Del Norte,015,27424,5793,5830,183,6013,50
2022-03-23,El Dorado,017,186661,26656,26670,3186,29856,200
2022-03-23,Fresno,019,978130,234557,229656,24159,253815,2710
2022-03-23,Glenn,021,27897,4992,4975,1601,6576,47
2022-03-23,Humboldt,023,135768,16851,16908,2939,19847,139
2022-03-23,Imperial,025,180216,55303,55211,10511,65722,909
2022-03-23,Inyo,027,18085,4064,4060,468,4528,56
2022-03-23,Kern,029,883053,191632,191241,45713,236954,2196
2022-03-23,Kings,031,150075,51413,51384,3513,54897,442
2022-03-23,Lake,033,64148,10687,10658,880,11538,135
2022-03-23,Lassen,035,31185,8951,8944,873,9817,63
2022-03-23,Los Angeles,037,10098052,2706562,2697227,122476,2819703,31267
2022-03-23,Madera,039,155013,37222,37317,6008,43325,354
2022-03-23,Marin,041,260295,33396,33274,2183,35457,287
2022-03-23,Mariposa,043,17540,2392,2382,199,2581,11
2022-03-23,Mendocino,045,87422,13037,13033,3004,16037,118
2022-03-23,Merced,047,269075,62523,62056,8724,70780,805
2022-03-23,Modoc,049,8938,733,736,248,984,7
2022-03-23,Mono,051,14174,2967,2966,122,3088,5
2022-03-23,Monterey,053,433212,79245,78655,13569,92224,724
2022-03-23,Napa,055,140530,25691,25691,934,26625,139
2022-03-23,Nevada,057,99092,15924,15958,1189,17147,123
2022-03-23,Orange,059,3164182,546011,545158,41334,586492,6852
2022-03-23,Placer,061,380077,62648,62622,7306,69928,613
2022-03-23,Plumas,063,18699,2967,2747,358,3105,13
2022-03-23,Riverside,065,2383286,590577,589947,27657,617604,6388
2022-03-23,Sacramento,067,1510023,280335,275398,26455,301853,2934
2022-03-23,San Benito,069,59416,12957,12884,513,13397,97
2022-03-23,San Bernardino,071,2135413,573463,560550,24864,585414,6828
2022-03-23,San Diego,073,3302833,749501,749871,52584,802455,5143
2022-03-23,San Francisco,075,870044,124205,124110,8169,132279,838
2022-03-23,San Joaquin,077,732212,166464,166041,9872,175913,2187
2022-03-23,San Luis Obispo,079,281455,52364,52344,3722,56066,469
2022-03-23,San Mateo,081,765935,121361,120080,6892,126972,685
2022-03-23,Santa Barbara,083,443738,85582,85464,4680,90144,673
2022-03-23,Santa Clara,085,1922200,314086,310956,12263,323219,2250
2022-03-23,Santa Cruz,087,273765,47668,47314,2077,49391,259
2022-03-23,Shasta,089,179085,30516,30524,6079,36603,526
2022-03-23,Sierra,091,2930,271,273,48,321,4
2022-03-23,Siskiyou,093,43540,4424,4433,2713,7146,80
2022-03-23,Solano,095,438530,81351,81615,5544,87159,441
2022-03-23,Sonoma,097,501317,83248,83074,2586,85660,482
2022-03-23,Stanislaus,099,539301,117458,118041,17790,135831,1568
2022-03-23,Sutter,101,95872,20439,20532,2070,22602,218
2022-03-23,Tehama,103,63373,12032,12035,2564,14599,195
2022-03-23,Trinity,105,12862,1183,1174,287,1461,20
2022-03-23,Tulare,107,460477,106216,104489,27479,131968,1394
2022-03-23,Tuolumne,109,53932,12664,12629,559,13188,180
2022-03-23,Ventura,111,848112,172839,172647,9368,182015,1455
2022-03-23,Yolo,113,214977,36972,36197,2889,39086,308
2022-03-23,Yuba,115,75493,15805,15801,1182,16983,117
2022-03-22,Alameda,001,1643700,255535,254467,13485,267952,1802
2022-03-22,Alpine,002,1148,124,122,1,123,0
2022-03-22,Amador,005,37829,8520,8462,639,9101,86
2022-03-22,Butte,007,227075,33111,32907,7015,39922,387
2022-03-22,Calaveras,009,45235,7240,7237,347,7584,120
2022-03-22,Colusa,011,21464,3443,3445,1046,4491,21
2022-03-22,Contra Costa,013,1133247,191573,187813,13326,201139,1279
2022-03-22,Del Norte,015,27424,5787,5824,183,6007,50
2022-03-22,El Dorado,017,186661,26649,26661,3186,29847,200
2022-03-22,Fresno,019,978130,234508,229551,24150,253701,2708
2022-03-22,Glenn,021,27897,4990,4971,1601,6572,47
2022-03-22,Humboldt,023,135768,16848,16911,2939,19850,139
2022-03-22,Imperial,025,180216,55291,55170,10508,65678,908
2022-03-22,Inyo,027,18085,4064,4060,468,4528,56
2022-03-22,Kern,029,883053,191609,191213,45705,236918,2195
2022-03-22,Kings,031,150075,51402,51369,3512,54881,442
2022-03-22,Lake,033,64148,10685,10657,879,11536,135
2022-03-22,Lassen,035,31185,8951,8940,873,9813,63
2022-03-22,Los Angeles,037,10098052,2705895,2696746,122429,2819175,31250
2022-03-22,Madera,039,155013,37219,37304,6005,43309,354
2022-03-22,Marin,041,260295,33371,33253,2179,35432,287
2022-03-22,Mariposa,043,17540,2390,2382,199,2581,6
2022-03-22,Mendocino,045,87422,13032,13030,3002,16032,118
2022-03-22,Merced,047,269075,62512,62056,8720,70776,805
2022-03-22,Modoc,049,8938,733,735,248,983,7
2022-03-22,Mono,051,14174,2967,2963,122,3085,5
2022-03-22,Monterey,053,433212,79227,78614,13559,92173,724
2022-03-22,Napa,055,140530,25681,25688,933,26621,139
2022-03-22,Nevada,057,99092,15916,15950,1189,17139,123
2022-03-22,Orange,059,3164182,545870,545075,41317,586392,6843
2022-03-22,Placer,061,380077,62635,62604,7304,69908,610
2022-03-22,Plumas,063,18699,2966,2744,358,3102,13
2022-03-22,Riverside,065,2383286,590502,589816,27654,617470,6383
2022-03-22,Sacramento,067,1510023,280259,275374,26444,301818,2927
2022-03-22,San Benito,069,59416,12956,12884,512,13396,97
2022-03-22,San Bernardino,071,2135413,573381,560371,24844,585215,6811
2022-03-22,San Diego,073,3302833,749303,749647,52564,802211,5141
2022-03-22,San Francisco,075,870044,124098,123998,8163,132161,838
2022-03-22,San Joaquin,077,732212,166436,165992,9869,175861,2187
2022-03-22,San Luis Obispo,079,281455,52356,52257,3722,55979,465
2022-03-22,San Mateo,081,765935,121288,119975,6889,126864,686
2022-03-22,Santa Barbara,083,443738,85565,85457,4679,90136,672
2022-03-22,Santa Clara,085,1922200,313907,310787,12252,323039,2249
2022-03-22,Santa Cruz,087,273765,47648,47287,2076,49363,259
2022-03-22,Shasta,089,179085,30510,30528,6079,36607,525
2022-03-22,Sierra,091,2930,271,273,48,321,4
2022-03-22,Siskiyou,093,43540,4424,4429,2712,7141,80
2022-03-22,Solano,095,438530,81328,81587,5541,87128,440
2022-03-22,Sonoma,097,501317,83219,83042,2583,85625,482
2022-03-22,Stanislaus,099,539301,117441,118025,17786,135811,1568
2022-03-22,Sutter,101,95872,20438,20525,2067,22592,218
2022-03-22,Tehama,103,63373,12030,12034,2564,14598,162
2022-03-22,Trinity,105,12862,1183,1174,287,1461,20
2022-03-22,Tulare,107,460477,106205,104431,27471,131902,1391
2022-03-22,Tuolumne,109,53932,12664,12628,559,13187,180
2022-03-22,Ventura,111,848112,172790,172590,9366,181956,1455
2022-03-22,Yolo,113,214977,36952,36184,2888,39072,308
2022-03-22,Yuba,115,75493,15802,15795,1181,16976,117
2022-03-21,Alameda,001,1643700,255312,254354,13477,267831,1799
2022-03-21,Alpine,002,1148,124,122,1,123,0
2022-03-21,Amador,005,37829,8517,8461,638,9099,85
2022-03-21,Butte,007,227075,33100,32895,7012,39907,385
2022-03-21,Calaveras,009,45235,7239,7237,347,7584,119
2022-03-21,Colusa,011,21464,3443,3445,1046,4491,21
2022-03-21,Contra Costa,013,1133247,191509,187509,13310,200819,1276
2022-03-21,Del Norte,015,27424,5786,5824,183,6007,50
2022-03-21,El Dorado,017,186661,26638,26610,3186,29796,199
2022-03-21,Fresno,019,978130,234459,229374,24141,253515,2707
2022-03-21,Glenn,021,27897,4988,4972,1596,6568,46
2022-03-21,Humboldt,023,135768,16838,16912,2926,19838,139
2022-03-21,Imperial,025,180216,55278,55133,10507,65640,908
2022-03-21,Inyo,027,18085,4063,4060,468,4528,56
2022-03-21,Kern,029,883053,191576,191184,45699,236883,2187
2022-03-21,Kings,031,150075,51388,51366,3510,54876,441
2022-03-21,Lake,033,64148,10683,10655,879,11534,135
2022-03-21,Lassen,035,31185,8950,8939,873,9812,63
2022-03-21,Los Angeles,037,10098052,2705037,2694711,122381,2817092,31218
2022-03-21,Madera,039,155013,37213,37288,6002,43290,354
2022-03-21,Marin,041,260295,33327,33242,2174,35416,287
2022-03-21,Mariposa,043,17540,2389,2383,198,2581,6
2022-03-21,Mendocino,045,87422,13024,13028,3000,16028,118
2022-03-21,Merced,047,269075,62500,62048,8715,70763,803
2022-03-21,Modoc,049,8938,731,734,248,982,7
2022-03-21,Mono,051,14174,2967,2962,122,3084,5
2022-03-21,Monterey,053,433212,79178,78572,13546,92118,724
2022-03-21,Napa,055,140530,25673,25684,931,26615,138
2022-03-21,Nevada,057,99092,15912,15963,1188,17151,123
2022-03-21,Orange,059,3164182,545717,544943,41300,586243,6841
2022-03-21,Placer,061,380077,62616,62550,7303,69853,610
2022-03-21,Plumas,063,18699,2966,2744,358,3102,13
2022-03-21,Riverside,065,2383286,590421,589707,27650,617357,6376
2022-03-21,Sacramento,067,1510023,280169,275334,26429,301763,2925
2022-03-21,San Benito,069,59416,12950,12872,512,13384,97
2022-03-21,San Bernardino,071,2135413,573293,560210,24831,585041,6807
2022-03-21,San Diego,073,3302833,749079,748833,52544,801377,5138
2022-03-21,San Francisco,075,870044,123930,123912,8154,132066,835
2022-03-21,San Joaquin,077,732212,166410,165939,9866,175805,2185
2022-03-21,San Luis Obispo,079,281455,52331,52219,3717,55936,463
2022-03-21,San Mateo,081,765935,121129,119899,6887,126786,684
2022-03-21,Santa Barbara,083,443738,85550,85416,4677,90093,672
2022-03-21,Santa Clara,085,1922200,313645,310509,12249,322758,2245
2022-03-21,Santa Cruz,087,273765,47612,47267,2075,49342,259
2022-03-21,Shasta,089,179085,30504,30523,6077,36600,525
2022-03-21,Sierra,091,2930,271,273,48,321,4
2022-03-21,Siskiyou,093,43540,4424,4426,2712,7138,80
2022-03-21,Solano,095,438530,81300,81399,5540,86939,441
2022-03-21,Sonoma,097,501317,83177,82979,2581,85560,482
2022-03-21,Stanislaus,099,539301,117406,118144,17784,135928,1571
2022-03-21,Sutter,101,95872,20435,20523,2055,22578,218
2022-03-21,Tehama,103,63373,12026,12030,2564,14594,160
2022-03-21,Trinity,105,12862,1183,1174,287,1461,20
2022-03-21,Tulare,107,460477,106185,104350,27466,131816,1389
2022-03-21,Tuolumne,109,53932,12664,12620,559,13179,180
2022-03-21,Ventura,111,848112,172720,172537,9362,181899,1452
2022-03-21,Yolo,113,214977,36936,36141,2886,39027,307
2022-03-21,Yuba,115,75493,15799,15790,1180,16970,117
2022-03-20,Alameda,001,1643700,255175,254293,13467,267760,1801
2022-03-20,Alpine,002,1148,122,122,1,123,0
2022-03-20,Amador,005,37829,8514,8460,638,9098,85
2022-03-20,Butte,007,227075,33085,32892,7008,39900,385
2022-03-20,Calaveras,009,45235,7239,7233,344,7577,119
2022-03-20,Colusa,011,21464,3443,3446,1046,4492,21
2022-03-20,Contra Costa,013,1133247,191406,187467,13300,200767,1276
2022-03-20,Del Norte,015,27424,5784,5821,183,6004,50
2022-03-20,El Dorado,017,186661,26629,26608,3186,29794,199
2022-03-20,Fresno,019,978130,234381,229297,24130,253427,2707
2022-03-20,Glenn,021,27897,4987,4972,1596,6568,46
2022-03-20,Humboldt,023,135768,16836,16913,2924,19837,139
2022-03-20,Imperial,025,180216,55267,55133,10506,65639,908
2022-03-20,Inyo,027,18085,4063,4060,468,4528,56
2022-03-20,Kern,029,883053,191534,191170,45694,236864,2187
2022-03-20,Kings,031,150075,51377,51360,3510,54870,441
2022-03-20,Lake,033,64148,10679,10652,879,11531,135
2022-03-20,Lassen,035,31185,8948,8938,873,9811,63
2022-03-20,Los Angeles,037,10098052,2704245,2694698,122338,2817036,31219
2022-03-20,Madera,039,155013,37208,37284,5999,43283,354
2022-03-20,Marin,041,260295,33311,33232,2173,35405,275
2022-03-20,Mariposa,043,17540,2389,2383,198,2581,6
2022-03-20,Mendocino,045,87422,13017,13027,2995,16022,118
2022-03-20,Merced,047,269075,62488,62041,8711,70752,803
2022-03-20,Modoc,049,8938,731,734,248,982,7
2022-03-20,Mono,051,14174,2965,2962,122,3084,5
2022-03-20,Monterey,053,433212,79145,78566,13535,92101,723
2022-03-20,Napa,055,140530,25661,25682,930,26612,138
2022-03-20,Nevada,057,99092,15908,15964,1188,17152,123
2022-03-20,Orange,059,3164182,545596,544862,41281,586143,6841
2022-03-20,Placer,061,380077,62595,62525,7303,69828,610
2022-03-20,Plumas,063,18699,2966,2744,358,3102,13
2022-03-20,Riverside,065,2383286,590324,589657,27646,617303,6376
2022-03-20,Sacramento,067,1510023,280086,275317,26417,301734,2927
2022-03-20,San Benito,069,59416,12950,12869,511,13380,97
2022-03-20,San Bernardino,071,2135413,573212,560220,24822,585042,6805
2022-03-20,San Diego,073,3302833,748843,748833,52510,801343,5138
2022-03-20,San Francisco,075,870044,123781,123858,8142,132000,835
2022-03-20,San Joaquin,077,732212,166377,165927,9861,175788,2185
2022-03-20,San Luis Obispo,079,281455,52307,52217,3714,55931,463
2022-03-20,San Mateo,081,765935,121069,119901,6881,126782,684
2022-03-20,Santa Barbara,083,443738,85525,85412,4676,90088,672
2022-03-20,Santa Clara,085,1922200,313437,310412,12241,322653,2243
2022-03-20,Santa Cruz,087,273765,47585,47265,2074,49339,259
2022-03-20,Shasta,089,179085,30494,30522,6076,36598,525
2022-03-20,Sierra,091,2930,271,273,48,321,4
2022-03-20,Siskiyou,093,43540,4423,4426,2712,7138,80
2022-03-20,Solano,095,438530,81270,81393,5538,86931,441
2022-03-20,Sonoma,097,501317,83134,82965,2580,85545,481
2022-03-20,Stanislaus,099,539301,117381,118146,17781,135927,1572
2022-03-20,Sutter,101,95872,20428,20519,2047,22566,218
2022-03-20,Tehama,103,63373,12024,12030,2564,14594,160
2022-03-20,Trinity,105,12862,1183,1174,287,1461,20
2022-03-20,Tulare,107,460477,106165,104353,27454,131807,1389
2022-03-20,Tuolumne,109,53932,12659,12617,559,13176,180
2022-03-20,Ventura,111,848112,172670,172514,9357,181871,1451
2022-03-20,Yolo,113,214977,36917,36135,2885,39020,307
2022-03-20,Yuba,115,75493,15790,15787,1178,16965,117
2022-03-19,Alameda,001,1643700,255099,253936,13465,267401,1797
2022-03-19,Alpine,002,1148,122,122,1,123,0
2022-03-19,Amador,005,37829,8511,8456,638,9094,85
2022-03-19,Butte,007,227075,33077,32856,7008,39864,385
2022-03-19,Calaveras,009,45235,7239,7229,344,7573,119
2022-03-19,Colusa,011,21464,3441,3445,1046,4491,21
2022-03-19,Contra Costa,013,1133247,191370,187225,13299,200524,1276
2022-03-19,Del Norte,015,27424,5781,5815,183,5998,48
2022-03-19,El Dorado,017,186661,26625,26618,3186,29804,199
2022-03-19,Fresno,019,978130,234358,228965,24129,253094,2694
2022-03-19,Glenn,021,27897,4987,4971,1596,6567,44
2022-03-19,Humboldt,023,135768,16830,16901,2924,19825,138
2022-03-19,Imperial,025,180216,55266,55038,10505,65543,898
2022-03-19,Inyo,027,18085,4063,4061,468,4529,56
2022-03-19,Kern,029,883053,191519,190943,45686,236629,2184
2022-03-19,Kings,031,150075,51372,51334,3510,54844,441
2022-03-19,Lake,033,64148,10679,10641,879,11520,135
2022-03-19,Lassen,035,31185,8948,8925,873,9798,63
2022-03-19,Los Angeles,037,10098052,2703868,2686759,122304,2809063,31133
2022-03-19,Madera,039,155013,37208,37273,5999,43272,354
2022-03-19,Marin,041,260295,33292,33163,2169,35332,272
2022-03-19,Mariposa,043,17540,2388,2378,198,2576,6
2022-03-19,Mendocino,045,87422,13017,13012,2995,16007,117
2022-03-19,Merced,047,269075,62483,61985,8709,70694,800
2022-03-19,Modoc,049,8938,731,734,248,982,7
2022-03-19,Mono,051,14174,2965,2961,122,3083,5
2022-03-19,Monterey,053,433212,79134,78483,13528,92011,720
2022-03-19,Napa,055,140530,25658,25654,930,26584,138
2022-03-19,Nevada,057,99092,15906,15960,1188,17148,123
2022-03-19,Orange,059,3164182,545525,543907,41265,585172,6817
2022-03-19,Placer,061,380077,62581,62483,7303,69786,605
2022-03-19,Plumas,063,18699,2966,2724,358,3082,13
2022-03-19,Riverside,065,2383286,590274,589017,27639,616656,6359
2022-03-19,Sacramento,067,1510023,280044,274855,26413,301268,2913
2022-03-19,San Benito,069,59416,12949,12859,511,13370,97
2022-03-19,San Bernardino,071,2135413,573166,559935,24820,584755,6778
2022-03-19,San Diego,073,3302833,748743,747344,52496,799840,5133
2022-03-19,San Francisco,075,870044,123711,123587,8140,131727,833
2022-03-19,San Joaquin,077,732212,166352,165765,9858,175623,2181
2022-03-19,San Luis Obispo,079,281455,52301,52174,3714,55888,463
2022-03-19,San Mateo,081,765935,121032,119782,6880,126662,667
2022-03-19,Santa Barbara,083,443738,85510,85336,4675,90011,671
2022-03-19,Santa Clara,085,1922200,313315,309918,12232,322150,2225
2022-03-19,Santa Cruz,087,273765,47577,47203,2070,49273,256
2022-03-19,Shasta,089,179085,30490,30495,6076,36571,525
2022-03-19,Sierra,091,2930,271,273,48,321,4
2022-03-19,Siskiyou,093,43540,4422,4422,2712,7134,76
2022-03-19,Solano,095,438530,81261,81340,5535,86875,441
2022-03-19,Sonoma,097,501317,83117,82838,2577,85415,472
2022-03-19,Stanislaus,099,539301,117371,118138,17779,135917,1568
2022-03-19,Sutter,101,95872,20425,20503,2047,22550,218
2022-03-19,Tehama,103,63373,12024,12007,2564,14571,160
2022-03-19,Trinity,105,12862,1183,1173,287,1460,20
2022-03-19,Tulare,107,460477,106156,104290,27449,131739,1384
2022-03-19,Tuolumne,109,53932,12658,12617,559,13176,180
2022-03-19,Ventura,111,848112,172639,172380,9356,181736,1451
2022-03-19,Yolo,113,214977,36908,36086,2885,38971,306
2022-03-19,Yuba,115,75493,15786,15768,1177,16945,117
2022-03-18,Alameda,001,1643700,255037,253936,13462,267398,1797
2022-03-18,Alpine,002,1148,122,122,1,123,0
2022-03-18,Amador,005,37829,8511,8456,638,9094,85
2022-03-18,Butte,007,227075,33072,32856,7005,39861,385
2022-03-18,Calaveras,009,45235,7239,7229,344,7573,119
2022-03-18,Colusa,011,21464,3441,3445,1046,4491,21
2022-03-18,Contra Costa,013,1133247,191338,187225,13297,200522,1276
2022-03-18,Del Norte,015,27424,5779,5815,183,5998,48
2022-03-18,El Dorado,017,186661,26620,26618,3184,29802,199
2022-03-18,Fresno,019,978130,234325,228965,24129,253094,2694
2022-03-18,Glenn,021,27897,4986,4971,1596,6567,44
2022-03-18,Humboldt,023,135768,16827,16901,2923,19824,138
2022-03-18,Imperial,025,180216,55264,55038,10505,65543,898
2022-03-18,Inyo,027,18085,4063,4061,468,4529,56
2022-03-18,Kern,029,883053,191508,190943,45683,236626,2184
2022-03-18,Kings,031,150075,51364,51334,3510,54844,441
2022-03-18,Lake,033,64148,10677,10641,878,11519,135
2022-03-18,Lassen,035,31185,8947,8925,873,9798,63
2022-03-18,Los Angeles,037,10098052,2703514,2686759,122278,2809037,31133
2022-03-18,Madera,039,155013,37203,37273,5999,43272,354
2022-03-18,Marin,041,260295,33278,33163,2169,35332,272
2022-03-18,Mariposa,043,17540,2387,2378,198,2576,6
2022-03-18,Mendocino,045,87422,13013,13012,2995,16007,117
2022-03-18,Merced,047,269075,62471,61985,8709,70694,800
2022-03-18,Modoc,049,8938,731,734,248,982,7
2022-03-18,Mono,051,14174,2964,2961,122,3083,5
2022-03-18,Monterey,053,433212,79116,78483,13526,92009,720
2022-03-18,Napa,055,140530,25655,25654,930,26584,138
2022-03-18,Nevada,057,99092,15903,15960,1187,17147,123
2022-03-18,Orange,059,3164182,545458,543907,41256,585163,6817
2022-03-18,Placer,061,380077,62572,62483,7303,69786,605
2022-03-18,Plumas,063,18699,2966,2724,358,3082,13
2022-03-18,Riverside,065,2383286,590214,589017,27635,616652,6359
2022-03-18,Sacramento,067,1510023,280008,274855,26409,301264,2913
2022-03-18,San Benito,069,59416,12947,12859,511,13370,97
2022-03-18,San Bernardino,071,2135413,573128,559935,24818,584753,6778
2022-03-18,San Diego,073,3302833,748635,747344,52481,799825,5133
2022-03-18,San Francisco,075,870044,123631,123587,8135,131722,833
2022-03-18,San Joaquin,077,732212,166337,165765,9853,175618,2181
2022-03-18,San Luis Obispo,079,281455,52294,52174,3714,55888,463
2022-03-18,San Mateo,081,765935,120997,119782,6877,126659,667
2022-03-18,Santa Barbara,083,443738,85500,85336,4674,90010,671
2022-03-18,Santa Clara,085,1922200,313209,309918,12229,322147,2225
2022-03-18,Santa Cruz,087,273765,47565,47203,2069,49272,256
2022-03-18,Shasta,089,179085,30489,30495,6076,36571,525
2022-03-18,Sierra,091,2930,271,273,48,321,4
2022-03-18,Siskiyou,093,43540,4422,4422,2712,7134,76
2022-03-18,Solano,095,438530,81250,81340,5529,86869,441
2022-03-18,Sonoma,097,501317,83096,82838,2576,85414,472
2022-03-18,Stanislaus,099,539301,117358,118138,17779,135917,1568
2022-03-18,Sutter,101,95872,20422,20503,2047,22550,218
2022-03-18,Tehama,103,63373,12023,12007,2564,14571,160
2022-03-18,Trinity,105,12862,1183,1173,287,1460,20
2022-03-18,Tulare,107,460477,106150,104290,27444,131734,1384
2022-03-18,Tuolumne,109,53932,12657,12617,559,13176,180
2022-03-18,Ventura,111,848112,172619,172380,9351,181731,1451
2022-03-18,Yolo,113,214977,36897,36086,2885,38971,306
2022-03-18,Yuba,115,75493,15784,15768,1177,16945,117
2022-03-17,Alameda,001,1643700,254938,253936,13456,267392,1797
2022-03-17,Alpine,002,1148,122,122,1,123,0
2022-03-17,Amador,005,37829,8504,8456,638,9094,85
2022-03-17,Butte,007,227075,33059,32856,7003,39859,385
2022-03-17,Calaveras,009,45235,7236,7229,344,7573,119
2022-03-17,Colusa,011,21464,3441,3445,1046,4491,21
2022-03-17,Contra Costa,013,1133247,191274,187225,13286,200511,1276
2022-03-17,Del Norte,015,27424,5777,5815,183,5998,48
2022-03-17,El Dorado,017,186661,26614,26618,3184,29802,199
2022-03-17,Fresno,019,978130,234275,228965,24126,253091,2694
2022-03-17,Glenn,021,27897,4986,4971,1596,6567,44
2022-03-17,Humboldt,023,135768,16823,16901,2921,19822,138
2022-03-17,Imperial,025,180216,55253,55038,10505,65543,898
2022-03-17,Inyo,027,18085,4063,4061,468,4529,56
2022-03-17,Kern,029,883053,191477,190943,45680,236623,2184
2022-03-17,Kings,031,150075,51361,51334,3509,54843,441
2022-03-17,Lake,033,64148,10674,10641,878,11519,135
2022-03-17,Lassen,035,31185,8945,8925,873,9798,63
2022-03-17,Los Angeles,037,10098052,2702856,2686759,122243,2809002,31133
2022-03-17,Madera,039,155013,37199,37273,5999,43272,354
2022-03-17,Marin,041,260295,33266,33163,2168,35331,272
2022-03-17,Mariposa,043,17540,2387,2378,198,2576,6
2022-03-17,Mendocino,045,87422,13009,13012,2992,16004,117
2022-03-17,Merced,047,269075,62465,61985,8706,70691,800
2022-03-17,Modoc,049,8938,731,734,248,982,7
2022-03-17,Mono,051,14174,2964,2961,121,3082,5
2022-03-17,Monterey,053,433212,79093,78483,13520,92003,720
2022-03-17,Napa,055,140530,25650,25654,930,26584,138
2022-03-17,Nevada,057,99092,15900,15960,1187,17147,123
2022-03-17,Orange,059,3164182,545364,543907,41246,585153,6817
2022-03-17,Placer,061,380077,62556,62483,7301,69784,605
2022-03-17,Plumas,063,18699,2965,2724,358,3082,13
2022-03-17,Riverside,065,2383286,590134,589017,27628,616645,6359
2022-03-17,Sacramento,067,1510023,279942,274855,26403,301258,2913
2022-03-17,San Benito,069,59416,12946,12859,511,13370,97
2022-03-17,San Bernardino,071,2135413,573064,559935,24815,584750,6778
2022-03-17,San Diego,073,3302833,748460,747344,52465,799809,5133
2022-03-17,San Francisco,075,870044,123551,123587,8130,131717,833
2022-03-17,San Joaquin,077,732212,166317,165765,9851,175616,2181
2022-03-17,San Luis Obispo,079,281455,52280,52174,3712,55886,463
2022-03-17,San Mateo,081,765935,120949,119782,6873,126655,667
2022-03-17,Santa Barbara,083,443738,85485,85336,4674,90010,671
2022-03-17,Santa Clara,085,1922200,313088,309918,12225,322143,2225
2022-03-17,Santa Cruz,087,273765,47549,47203,2067,49270,256
2022-03-17,Shasta,089,179085,30485,30495,6074,36569,525
2022-03-17,Sierra,091,2930,271,273,48,321,4
2022-03-17,Siskiyou,093,43540,4422,4422,2712,7134,76
2022-03-17,Solano,095,438530,81221,81340,5525,86865,441
2022-03-17,Sonoma,097,501317,83068,82838,2574,85412,472
2022-03-17,Stanislaus,099,539301,117343,118138,17774,135912,1568
2022-03-17,Sutter,101,95872,20412,20503,2036,22539,218
2022-03-17,Tehama,103,63373,12023,12007,2564,14571,160
2022-03-17,Trinity,105,12862,1183,1173,287,1460,20
2022-03-17,Tulare,107,460477,106134,104290,27434,131724,1384
2022-03-17,Tuolumne,109,53932,12655,12617,558,13175,180
2022-03-17,Ventura,111,848112,172570,172380,9349,181729,1451
2022-03-17,Yolo,113,214977,36883,36086,2885,38971,306
2022-03-17,Yuba,115,75493,15782,15768,1176,16944,117
2022-03-16,Alameda,001,1643700,254838,253792,13453,267245,1794
2022-03-16,Alpine,002,1148,122,122,1,123,0
2022-03-16,Amador,005,37829,8496,8449,638,9087,85
2022-03-16,Butte,007,227075,33048,32837,6998,39835,385
2022-03-16,Calaveras,009,45235,7234,7229,344,7573,120
2022-03-16,Colusa,011,21464,3441,3445,1046,4491,22
2022-03-16,Contra Costa,013,1133247,191216,187100,13275,200375,1266
2022-03-16,Del Norte,015,27424,5776,5811,181,5992,48
2022-03-16,El Dorado,017,186661,26601,26602,3183,29785,199
2022-03-16,Fresno,019,978130,234228,228786,24115,252901,2689
2022-03-16,Glenn,021,27897,4985,4969,1596,6565,44
2022-03-16,Humboldt,023,135768,16820,16893,2921,19814,138
2022-03-16,Imperial,025,180216,55241,55002,10504,65506,897
2022-03-16,Inyo,027,18085,4062,4061,468,4529,56
2022-03-16,Kern,029,883053,191434,190835,45673,236508,2170
2022-03-16,Kings,031,150075,51346,51321,3509,54830,437
2022-03-16,Lake,033,64148,10672,10633,877,11510,133
2022-03-16,Lassen,035,31185,8942,8924,873,9797,62
2022-03-16,Los Angeles,037,10098052,2702225,2685789,122203,2807992,31102
2022-03-16,Madera,039,155013,37189,37262,5998,43260,354
2022-03-16,Marin,041,260295,33245,33136,2166,35302,272
2022-03-16,Mariposa,043,17540,2385,2376,198,2574,6
2022-03-16,Mendocino,045,87422,13006,13011,2991,16002,117
2022-03-16,Merced,047,269075,62449,61959,8702,70661,798
2022-03-16,Modoc,049,8938,730,734,248,982,7
2022-03-16,Mono,051,14174,2964,2960,121,3081,5
2022-03-16,Monterey,053,433212,79071,78416,13515,91931,720
2022-03-16,Napa,055,140530,25641,25638,930,26568,138
2022-03-16,Nevada,057,99092,15898,15960,1187,17147,123
2022-03-16,Orange,059,3164182,545241,543326,41223,584549,6791
2022-03-16,Placer,061,380077,62540,62435,7299,69734,605
2022-03-16,Plumas,063,18699,2965,2723,358,3081,13
2022-03-16,Riverside,065,2383286,590038,588761,27625,616386,6351
2022-03-16,Sacramento,067,1510023,279875,274709,26396,301105,2910
2022-03-16,San Benito,069,59416,12941,12854,511,13365,97
2022-03-16,San Bernardino,071,2135413,572983,559746,24808,584554,6775
2022-03-16,San Diego,073,3302833,748253,746970,52441,799411,5126
2022-03-16,San Francisco,075,870044,123450,123446,8123,131569,831
2022-03-16,San Joaquin,077,732212,166270,165703,9848,175551,2169
2022-03-16,San Luis Obispo,079,281455,52262,52132,3708,55840,462
2022-03-16,San Mateo,081,765935,120886,119680,6865,126545,660
2022-03-16,Santa Barbara,083,443738,85452,85322,4670,89992,670
2022-03-16,Santa Clara,085,1922200,312902,309689,12210,321899,2224
2022-03-16,Santa Cruz,087,273765,47519,47161,2067,49228,255
2022-03-16,Shasta,089,179085,30476,30489,6070,36559,527
2022-03-16,Sierra,091,2930,271,273,48,321,4
2022-03-16,Siskiyou,093,43540,4420,4419,2710,7129,76
2022-03-16,Solano,095,438530,81198,81277,5523,86800,440
2022-03-16,Sonoma,097,501317,83024,82791,2565,85356,472
2022-03-16,Stanislaus,099,539301,117317,118072,17772,135844,1567
2022-03-16,Sutter,101,95872,20410,20494,2035,22529,218
2022-03-16,Tehama,103,63373,12021,11999,2564,14563,160
2022-03-16,Trinity,105,12862,1183,1173,287,1460,20
2022-03-16,Tulare,107,460477,106121,104217,27428,131645,1377
2022-03-16,Tuolumne,109,53932,12650,12610,558,13168,180
2022-03-16,Ventura,111,848112,172529,172212,9345,181557,1451
2022-03-16,Yolo,113,214977,36860,36079,2884,38963,307
2022-03-16,Yuba,115,75493,15777,15758,1176,16934,117
2022-03-15,Alameda,001,1643700,254704,253694,13444,267138,1793
2022-03-15,Alpine,002,1148,122,122,1,123,0
2022-03-15,Amador,005,37829,8493,8448,638,9086,85
2022-03-15,Butte,007,227075,33035,32822,6997,39819,385
2022-03-15,Calaveras,009,45235,7232,7236,344,7580,118
2022-03-15,Colusa,011,21464,3441,3445,1046,4491,21
2022-03-15,Contra Costa,013,1133247,191135,187021,13268,200289,1265
2022-03-15,Del Norte,015,27424,5773,5806,178,5984,48
2022-03-15,El Dorado,017,186661,26598,26596,3183,29779,199
2022-03-15,Fresno,019,978130,234185,228631,24106,252737,2689
2022-03-15,Glenn,021,27897,4983,4966,1596,6562,44
2022-03-15,Humboldt,023,135768,16814,16889,2920,19809,138
2022-03-15,Imperial,025,180216,55230,54981,10500,65481,896
2022-03-15,Inyo,027,18085,4062,4062,467,4529,56
2022-03-15,Kern,029,883053,191405,190645,45663,236308,2168
2022-03-15,Kings,031,150075,51327,51317,3505,54822,437
2022-03-15,Lake,033,64148,10668,10631,877,11508,131
2022-03-15,Lassen,035,31185,8940,8926,873,9799,62
2022-03-15,Los Angeles,037,10098052,2701538,2685071,122146,2807217,31077
2022-03-15,Madera,039,155013,37180,37258,5997,43255,354
2022-03-15,Marin,041,260295,33222,33111,2165,35276,272
2022-03-15,Mariposa,043,17540,2383,2377,198,2575,6
2022-03-15,Mendocino,045,87422,13001,13005,2990,15995,117
2022-03-15,Merced,047,269075,62432,61916,8693,70609,798
2022-03-15,Modoc,049,8938,730,733,248,981,7
2022-03-15,Mono,051,14174,2964,2961,121,3082,5
2022-03-15,Monterey,053,433212,79041,78400,13507,91907,718
2022-03-15,Napa,055,140530,25633,25657,928,26585,138
2022-03-15,Nevada,057,99092,15896,15960,1185,17145,123
2022-03-15,Orange,059,3164182,545101,543197,41216,584413,6780
2022-03-15,Placer,061,380077,62523,62398,7295,69693,604
2022-03-15,Plumas,063,18699,2964,2722,358,3080,13
2022-03-15,Riverside,065,2383286,589939,588622,27617,616239,6333
2022-03-15,Sacramento,067,1510023,279790,274633,26390,301023,2907
2022-03-15,San Benito,069,59416,12936,12849,511,13360,95
2022-03-15,San Bernardino,071,2135413,572907,559605,24805,584410,6770
2022-03-15,San Diego,073,3302833,748010,746474,52419,798893,5116
2022-03-15,San Francisco,075,870044,123333,123526,8114,131640,831
2022-03-15,San Joaquin,077,732212,166227,165664,9842,175506,2161
2022-03-15,San Luis Obispo,079,281455,52252,52060,3704,55764,458
2022-03-15,San Mateo,081,765935,120835,119586,6859,126445,649
2022-03-15,Santa Barbara,083,443738,85427,85353,4666,90019,668
2022-03-15,Santa Clara,085,1922200,312738,309535,12199,321734,2224
2022-03-15,Santa Cruz,087,273765,47466,47117,2067,49184,255
2022-03-15,Shasta,089,179085,30467,30476,6067,36543,524
2022-03-15,Sierra,091,2930,271,273,48,321,4
2022-03-15,Siskiyou,093,43540,4420,4420,2710,7130,76
2022-03-15,Solano,095,438530,81162,81260,5522,86782,440
2022-03-15,Sonoma,097,501317,82984,82737,2565,85302,472
2022-03-15,Stanislaus,099,539301,117299,118085,17769,135854,1567
2022-03-15,Sutter,101,95872,20407,20480,2026,22506,217
2022-03-15,Tehama,103,63373,12018,11997,2564,14561,160
2022-03-15,Trinity,105,12862,1183,1173,287,1460,20
2022-03-15,Tulare,107,460477,106102,104153,27416,131569,1375
2022-03-15,Tuolumne,109,53932,12646,12602,558,13160,180
2022-03-15,Ventura,111,848112,172484,172150,9342,181492,1451
2022-03-15,Yolo,113,214977,36845,36079,2880,38959,308
2022-03-15,Yuba,115,75493,15769,15756,1176,16932,116
2022-03-14,Alameda,001,1643700,254593,253629,13440,267069,1791
2022-03-14,Alpine,002,1148,122,122,1,123,0
2022-03-14,Amador,005,37829,8488,8448,638,9086,85
2022-03-14,Butte,007,227075,33019,32812,6997,39809,385
2022-03-14,Calaveras,009,45235,7231,7245,344,7589,118
2022-03-14,Colusa,011,21464,3440,3445,1046,4491,21
2022-03-14,Contra Costa,013,1133247,191043,186969,13260,200229,1265
2022-03-14,Del Norte,015,27424,5767,5807,178,5985,48
2022-03-14,El Dorado,017,186661,26593,26570,3183,29753,199
2022-03-14,Fresno,019,978130,234110,228470,24096,252566,2682
2022-03-14,Glenn,021,27897,4981,4966,1596,6562,44
2022-03-14,Humboldt,023,135768,16807,16890,2918,19808,137
2022-03-14,Imperial,025,180216,55219,54933,10499,65432,897
2022-03-14,Inyo,027,18085,4062,4062,467,4529,56
2022-03-14,Kern,029,883053,191370,190526,45652,236178,2166
2022-03-14,Kings,031,150075,51309,51293,3504,54797,437
2022-03-14,Lake,033,64148,10665,10631,877,11508,131
2022-03-14,Lassen,035,31185,8940,8927,872,9799,62
2022-03-14,Los Angeles,037,10098052,2700907,2683369,122081,2805450,31034
2022-03-14,Madera,039,155013,37173,37255,5996,43251,354
2022-03-14,Marin,041,260295,33194,33099,2165,35264,272
2022-03-14,Mariposa,043,17540,2382,2376,198,2574,6
2022-03-14,Mendocino,045,87422,12996,12992,2983,15975,117
2022-03-14,Merced,047,269075,62413,61905,8691,70596,795
2022-03-14,Modoc,049,8938,729,731,248,979,7
2022-03-14,Mono,051,14174,2963,2961,121,3082,5
2022-03-14,Monterey,053,433212,79026,78376,13471,91847,718
2022-03-14,Napa,055,140530,25619,25649,928,26577,138
2022-03-14,Nevada,057,99092,15894,15954,1185,17139,123
2022-03-14,Orange,059,3164182,544964,543099,41201,584300,6775
2022-03-14,Placer,061,380077,62505,62389,7293,69682,601
2022-03-14,Plumas,063,18699,2964,2711,358,3069,13
2022-03-14,Riverside,065,2383286,589804,588531,27607,616138,6332
2022-03-14,Sacramento,067,1510023,279708,274682,26385,301067,2899
2022-03-14,San Benito,069,59416,12931,12846,511,13357,95
2022-03-14,San Bernardino,071,2135413,572820,559505,24800,584305,6767
2022-03-14,San Diego,073,3302833,747707,745515,52390,797905,5108
2022-03-14,San Francisco,075,870044,123242,123575,8107,131682,824
2022-03-14,San Joaquin,077,732212,166188,165662,9841,175503,2142
2022-03-14,San Luis Obispo,079,281455,52224,52046,3701,55747,458
2022-03-14,San Mateo,081,765935,120762,119564,6857,126421,649
2022-03-14,Santa Barbara,083,443738,85390,85396,4665,90061,667
2022-03-14,Santa Clara,085,1922200,312546,309600,12196,321796,2223
2022-03-14,Santa Cruz,087,273765,47428,47107,2065,49172,255
2022-03-14,Shasta,089,179085,30462,30462,6064,36526,520
2022-03-14,Sierra,091,2930,271,273,48,321,4
2022-03-14,Siskiyou,093,43540,4415,4419,2709,7128,76
2022-03-14,Solano,095,438530,81113,81233,5517,86750,440
2022-03-14,Sonoma,097,501317,82949,82731,2561,85292,473
2022-03-14,Stanislaus,099,539301,117264,118088,17765,135853,1567
2022-03-14,Sutter,101,95872,20400,20478,2026,22504,217
2022-03-14,Tehama,103,63373,12016,11996,2564,14560,160
2022-03-14,Trinity,105,12862,1183,1172,287,1459,20
2022-03-14,Tulare,107,460477,106075,104121,27409,131530,1365
2022-03-14,Tuolumne,109,53932,12645,12567,557,13124,180
2022-03-14,Ventura,111,848112,172431,172107,9340,181447,1442
2022-03-14,Yolo,113,214977,36829,36059,2878,38937,308
2022-03-14,Yuba,115,75493,15757,15748,1176,16924,116
2022-03-13,Alameda,001,1643700,254468,253547,13432,266979,1792
2022-03-13,Alpine,002,1148,122,122,1,123,0
2022-03-13,Amador,005,37829,8486,8444,638,9082,85
2022-03-13,Butte,007,227075,33000,32806,6994,39800,384
2022-03-13,Calaveras,009,45235,7226,7253,344,7597,118
2022-03-13,Colusa,011,21464,3440,3444,1044,4488,21
2022-03-13,Contra Costa,013,1133247,190944,186911,13247,200158,1265
2022-03-13,Del Norte,015,27424,5763,5808,178,5986,48
2022-03-13,El Dorado,017,186661,26588,26563,3182,29745,199
2022-03-13,Fresno,019,978130,234028,228421,24082,252503,2683
2022-03-13,Glenn,021,27897,4978,4966,1595,6561,44
2022-03-13,Humboldt,023,135768,16799,16883,2918,19801,137
2022-03-13,Imperial,025,180216,55208,54934,10497,65431,897
2022-03-13,Inyo,027,18085,4062,4062,466,4528,56
2022-03-13,Kern,029,883053,191316,190495,45640,236135,2166
2022-03-13,Kings,031,150075,51301,51273,3504,54777,437
2022-03-13,Lake,033,64148,10662,10626,877,11503,131
2022-03-13,Lassen,035,31185,8939,8929,871,9800,62
2022-03-13,Los Angeles,037,10098052,2700183,2683351,122039,2805390,31034
2022-03-13,Madera,039,155013,37165,37248,5996,43244,354
2022-03-13,Marin,041,260295,33170,33083,2163,35246,272
2022-03-13,Mariposa,043,17540,2380,2376,198,2574,6
2022-03-13,Mendocino,045,87422,12990,12987,2978,15965,117
2022-03-13,Merced,047,269075,62391,61895,8681,70576,795
2022-03-13,Modoc,049,8938,729,731,248,979,7
2022-03-13,Mono,051,14174,2963,2961,121,3082,5
2022-03-13,Monterey,053,433212,78990,78366,13423,91789,718
2022-03-13,Napa,055,140530,25605,25639,927,26566,138
2022-03-13,Nevada,057,99092,15887,15959,1185,17144,123
2022-03-13,Orange,059,3164182,544844,543036,41177,584213,6774
2022-03-13,Placer,061,380077,62477,62372,7290,69662,601
2022-03-13,Plumas,063,18699,2964,2711,358,3069,13
2022-03-13,Riverside,065,2383286,589671,588487,27601,616088,6332
2022-03-13,Sacramento,067,1510023,279599,274715,26372,301087,2899
2022-03-13,San Benito,069,59416,12925,12844,509,13353,95
2022-03-13,San Bernardino,071,2135413,572730,559450,24790,584240,6767
2022-03-13,San Diego,073,3302833,747366,745515,52356,797871,5108
2022-03-13,San Francisco,075,870044,123121,123622,8101,131723,824
2022-03-13,San Joaquin,077,732212,166137,165641,9839,175480,2142
2022-03-13,San Luis Obispo,079,281455,52194,52040,3699,55739,458
2022-03-13,San Mateo,081,765935,120684,119521,6848,126369,649
2022-03-13,Santa Barbara,083,443738,85350,85453,4663,90116,667
2022-03-13,Santa Clara,085,1922200,312360,309493,12188,321681,2225
2022-03-13,Santa Cruz,087,273765,47376,47087,2065,49152,255
2022-03-13,Shasta,089,179085,30445,30457,6062,36519,520
2022-03-13,Sierra,091,2930,271,273,48,321,4
2022-03-13,Siskiyou,093,43540,4415,4418,2709,7127,76
2022-03-13,Solano,095,438530,81077,81217,5512,86729,440
2022-03-13,Sonoma,097,501317,82915,82711,2557,85268,473
2022-03-13,Stanislaus,099,539301,117231,118075,17760,135835,1567
2022-03-13,Sutter,101,95872,20396,20474,2026,22500,217
2022-03-13,Tehama,103,63373,12015,11997,2563,14560,160
2022-03-13,Trinity,105,12862,1183,1172,287,1459,20
2022-03-13,Tulare,107,460477,106042,104119,27401,131520,1365
2022-03-13,Tuolumne,109,53932,12642,12565,557,13122,180
2022-03-13,Ventura,111,848112,172373,172080,9333,181413,1442
2022-03-13,Yolo,113,214977,36810,36019,2876,38895,308
2022-03-13,Yuba,115,75493,15752,15741,1176,16917,116
2022-03-12,Alameda,001,1643700,254401,253079,13427,266506,1783
2022-03-12,Alpine,002,1148,122,122,1,123,0
2022-03-12,Amador,005,37829,8482,8427,638,9065,84
2022-03-12,Butte,007,227075,32995,32774,6992,39766,380
2022-03-12,Calaveras,009,45235,7225,7253,344,7597,118
2022-03-12,Colusa,011,21464,3440,3440,1044,4484,21
2022-03-12,Contra Costa,013,1133247,190902,186618,13246,199864,1256
2022-03-12,Del Norte,015,27424,5762,5791,178,5969,48
2022-03-12,El Dorado,017,186661,26584,26538,3182,29720,199
2022-03-12,Fresno,019,978130,234006,228041,24082,252123,2653
2022-03-12,Glenn,021,27897,4978,4955,1595,6550,44
2022-03-12,Humboldt,023,135768,16795,16862,2917,19779,137
2022-03-12,Imperial,025,180216,55203,54837,10494,65331,896
2022-03-12,Inyo,027,18085,4062,4056,466,4522,56
2022-03-12,Kern,029,883053,191299,190330,45635,235965,2162
2022-03-12,Kings,031,150075,51295,51145,3504,54649,436
2022-03-12,Lake,033,64148,10660,10594,876,11470,131
2022-03-12,Lassen,035,31185,8938,8915,871,9786,62
2022-03-12,Los Angeles,037,10098052,2699857,2678858,122017,2800875,30901
2022-03-12,Madera,039,155013,37160,37223,5996,43219,354
2022-03-12,Marin,041,260295,33145,33015,2162,35177,272
2022-03-12,Mariposa,043,17540,2380,2372,198,2570,6
2022-03-12,Mendocino,045,87422,12986,12965,2978,15943,117
2022-03-12,Merced,047,269075,62384,61840,8679,70519,795
2022-03-12,Modoc,049,8938,729,730,248,978,7
2022-03-12,Mono,051,14174,2963,2960,120,3080,5
2022-03-12,Monterey,053,433212,78983,78285,13421,91706,716
2022-03-12,Napa,055,140530,25595,25584,926,26510,138
2022-03-12,Nevada,057,99092,15881,15947,1185,17132,123
2022-03-12,Orange,059,3164182,544780,542354,41168,583522,6718
2022-03-12,Placer,061,380077,62468,62282,7290,69572,598
2022-03-12,Plumas,063,18699,2964,2707,358,3065,13
2022-03-12,Riverside,065,2383286,589606,588022,27596,615618,6317
2022-03-12,Sacramento,067,1510023,279559,274519,26368,300887,2886
2022-03-12,San Benito,069,59416,12922,12868,509,13377,95
2022-03-12,San Bernardino,071,2135413,572682,559013,24789,583802,6734
2022-03-12,San Diego,073,3302833,747244,744386,52334,796720,5090
2022-03-12,San Francisco,075,870044,123056,123610,8095,131705,823
2022-03-12,San Joaquin,077,732212,166116,165516,9836,175352,2117
2022-03-12,San Luis Obispo,079,281455,52185,51947,3696,55643,457
2022-03-12,San Mateo,081,765935,120648,119288,6847,126135,641
2022-03-12,Santa Barbara,083,443738,85331,85421,4663,90084,664
2022-03-12,Santa Clara,085,1922200,312255,308989,12183,321172,2208
2022-03-12,Santa Cruz,087,273765,47363,46982,2064,49046,254
2022-03-12,Shasta,089,179085,30433,30419,6060,36479,517
2022-03-12,Sierra,091,2930,271,273,48,321,4
2022-03-12,Siskiyou,093,43540,4415,4405,2709,7114,75
2022-03-12,Solano,095,438530,81063,81058,5512,86570,436
2022-03-12,Sonoma,097,501317,82898,82622,2555,85177,473
2022-03-12,Stanislaus,099,539301,117217,117884,17759,135643,1564
2022-03-12,Sutter,101,95872,20395,20429,2026,22455,217
2022-03-12,Tehama,103,63373,12015,11983,2563,14546,159
2022-03-12,Trinity,105,12862,1182,1172,287,1459,20
2022-03-12,Tulare,107,460477,106037,103994,27397,131391,1358
2022-03-12,Tuolumne,109,53932,12641,12476,557,13033,180
2022-03-12,Ventura,111,848112,172348,171932,9332,181264,1442
2022-03-12,Yolo,113,214977,36803,35982,2874,38856,308
2022-03-12,Yuba,115,75493,15752,15722,1176,16898,116
2022-03-11,Alameda,001,1643700,254339,253079,13427,266506,1783
2022-03-11,Alpine,002,1148,122,122,1,123,0
2022-03-11,Amador,005,37829,8480,8427,638,9065,84
2022-03-11,Butte,007,227075,32991,32774,6991,39765,380
2022-03-11,Calaveras,009,45235,7225,7253,344,7597,118
2022-03-11,Colusa,011,21464,3440,3440,1044,4484,21
2022-03-11,Contra Costa,013,1133247,190853,186618,13244,199862,1256
2022-03-11,Del Norte,015,27424,5758,5791,178,5969,48
2022-03-11,El Dorado,017,186661,26580,26538,3182,29720,199
2022-03-11,Fresno,019,978130,233951,228041,24078,252119,2653
2022-03-11,Glenn,021,27897,4978,4955,1595,6550,44
2022-03-11,Humboldt,023,135768,16790,16862,2916,19778,137
2022-03-11,Imperial,025,180216,55197,54837,10493,65330,896
2022-03-11,Inyo,027,18085,4062,4056,466,4522,56
2022-03-11,Kern,029,883053,191277,190330,45630,235960,2162
2022-03-11,Kings,031,150075,51276,51145,3504,54649,436
2022-03-11,Lake,033,64148,10656,10594,876,11470,131
2022-03-11,Lassen,035,31185,8937,8915,871,9786,62
2022-03-11,Los Angeles,037,10098052,2699536,2678858,121989,2800847,30901
2022-03-11,Madera,039,155013,37155,37223,5996,43219,354
2022-03-11,Marin,041,260295,33129,33015,2161,35176,272
2022-03-11,Mariposa,043,17540,2379,2372,198,2570,6
2022-03-11,Mendocino,045,87422,12980,12965,2978,15943,117
2022-03-11,Merced,047,269075,62377,61840,8677,70517,795
2022-03-11,Modoc,049,8938,729,730,248,978,7
2022-03-11,Mono,051,14174,2962,2960,120,3080,5
2022-03-11,Monterey,053,433212,78970,78285,13414,91699,716
2022-03-11,Napa,055,140530,25584,25584,926,26510,138
2022-03-11,Nevada,057,99092,15878,15947,1185,17132,123
2022-03-11,Orange,059,3164182,544711,542354,41154,583508,6718
2022-03-11,Placer,061,380077,62457,62282,7289,69571,598
2022-03-11,Plumas,063,18699,2962,2707,358,3065,13
2022-03-11,Riverside,065,2383286,589529,588022,27592,615614,6317
2022-03-11,Sacramento,067,1510023,279489,274519,26366,300885,2886
2022-03-11,San Benito,069,59416,12921,12868,509,13377,95
2022-03-11,San Bernardino,071,2135413,572625,559013,24784,583797,6734
2022-03-11,San Diego,073,3302833,747078,744386,52320,796706,5090
2022-03-11,San Francisco,075,870044,122999,123610,8091,131701,823
2022-03-11,San Joaquin,077,732212,166078,165516,9833,175349,2117
2022-03-11,San Luis Obispo,079,281455,52177,51947,3695,55642,457
2022-03-11,San Mateo,081,765935,120599,119288,6844,126132,641
2022-03-11,Santa Barbara,083,443738,85311,85421,4662,90083,664
2022-03-11,Santa Clara,085,1922200,312118,308989,12180,321169,2208
2022-03-11,Santa Cruz,087,273765,47348,46982,2064,49046,254
2022-03-11,Shasta,089,179085,30428,30419,6057,36476,517
2022-03-11,Sierra,091,2930,271,273,48,321,4
2022-03-11,Siskiyou,093,43540,4415,4405,2707,7112,75
2022-03-11,Solano,095,438530,81049,81058,5511,86569,436
2022-03-11,Sonoma,097,501317,82872,82622,2553,85175,473
2022-03-11,Stanislaus,099,539301,117203,117884,17757,135641,1564
2022-03-11,Sutter,101,95872,20393,20429,2026,22455,217
2022-03-11,Tehama,103,63373,12013,11983,2563,14546,159
2022-03-11,Trinity,105,12862,1182,1172,287,1459,20
2022-03-11,Tulare,107,460477,106023,103994,27391,131385,1358
2022-03-11,Tuolumne,109,53932,12639,12476,557,13033,180
2022-03-11,Ventura,111,848112,172312,171932,9327,181259,1442
2022-03-11,Yolo,113,214977,36792,35982,2874,38856,308
2022-03-11,Yuba,115,75493,15749,15722,1176,16898,116
2022-03-10,Alameda,001,1643700,254214,253079,13423,266502,1783
2022-03-10,Alpine,002,1148,122,122,1,123,0
2022-03-10,Amador,005,37829,8479,8427,638,9065,84
2022-03-10,Butte,007,227075,32975,32774,6989,39763,380
2022-03-10,Calaveras,009,45235,7224,7253,343,7596,118
2022-03-10,Colusa,011,21464,3440,3440,1044,4484,21
2022-03-10,Contra Costa,013,1133247,190769,186618,13234,199852,1256
2022-03-10,Del Norte,015,27424,5749,5791,178,5969,48
2022-03-10,El Dorado,017,186661,26569,26538,3181,29719,199
2022-03-10,Fresno,019,978130,233875,228041,24068,252109,2653
2022-03-10,Glenn,021,27897,4975,4955,1595,6550,44
2022-03-10,Humboldt,023,135768,16781,16862,2915,19777,137
2022-03-10,Imperial,025,180216,55187,54837,10492,65329,896
2022-03-10,Inyo,027,18085,4061,4056,466,4522,56
2022-03-10,Kern,029,883053,191244,190330,45616,235946,2162
2022-03-10,Kings,031,150075,51247,51145,3503,54648,436
2022-03-10,Lake,033,64148,10646,10594,875,11469,131
2022-03-10,Lassen,035,31185,8937,8915,871,9786,62
2022-03-10,Los Angeles,037,10098052,2698984,2678858,121948,2800806,30901
2022-03-10,Madera,039,155013,37149,37223,5989,43212,354
2022-03-10,Marin,041,260295,33116,33015,2157,35172,272
2022-03-10,Mariposa,043,17540,2379,2372,198,2570,6
2022-03-10,Mendocino,045,87422,12977,12965,2978,15943,117
2022-03-10,Merced,047,269075,62357,61840,8672,70512,795
2022-03-10,Modoc,049,8938,728,730,248,978,7
2022-03-10,Mono,051,14174,2962,2960,120,3080,5
2022-03-10,Monterey,053,433212,78947,78285,13389,91674,716
2022-03-10,Napa,055,140530,25575,25584,925,26509,138
2022-03-10,Nevada,057,99092,15871,15947,1185,17132,123
2022-03-10,Orange,059,3164182,544590,542354,41136,583490,6718
2022-03-10,Placer,061,380077,62435,62282,7284,69566,598
2022-03-10,Plumas,063,18699,2961,2707,358,3065,13
2022-03-10,Riverside,065,2383286,589414,588022,27587,615609,6317
2022-03-10,Sacramento,067,1510023,279412,274519,26360,300879,2886
2022-03-10,San Benito,069,59416,12920,12868,508,13376,95
2022-03-10,San Bernardino,071,2135413,572552,559013,24780,583793,6734
2022-03-10,San Diego,073,3302833,746820,744386,52289,796675,5090
2022-03-10,San Francisco,075,870044,122932,123610,8085,131695,823
2022-03-10,San Joaquin,077,732212,166045,165516,9831,175347,2117
2022-03-10,San Luis Obispo,079,281455,52154,51947,3692,55639,457
2022-03-10,San Mateo,081,765935,120536,119288,6842,126130,641
2022-03-10,Santa Barbara,083,443738,85279,85421,4661,90082,664
2022-03-10,Santa Clara,085,1922200,311946,308989,12173,321162,2208
2022-03-10,Santa Cruz,087,273765,47316,46982,2064,49046,254
2022-03-10,Shasta,089,179085,30419,30419,6055,36474,517
2022-03-10,Sierra,091,2930,271,273,48,321,4
2022-03-10,Siskiyou,093,43540,4415,4405,2707,7112,75
2022-03-10,Solano,095,438530,81013,81058,5506,86564,436
2022-03-10,Sonoma,097,501317,82845,82622,2553,85175,473
2022-03-10,Stanislaus,099,539301,117168,117884,17755,135639,1564
2022-03-10,Sutter,101,95872,20389,20429,2026,22455,217
2022-03-10,Tehama,103,63373,12012,11983,2563,14546,159
2022-03-10,Trinity,105,12862,1182,1172,287,1459,20
2022-03-10,Tulare,107,460477,106005,103994,27385,131379,1358
2022-03-10,Tuolumne,109,53932,12636,12476,557,13033,180
2022-03-10,Ventura,111,848112,172271,171932,9324,181256,1442
2022-03-10,Yolo,113,214977,36779,35982,2873,38855,308
2022-03-10,Yuba,115,75493,15739,15722,1175,16897,116
2022-03-09,Alameda,001,1643700,254082,252893,13419,266312,1781
2022-03-09,Alpine,002,1148,122,125,1,126,0
2022-03-09,Amador,005,37829,8473,8409,638,9047,84
2022-03-09,Butte,007,227075,32966,32767,6985,39752,380
2022-03-09,Calaveras,009,45235,7222,7249,343,7592,117
2022-03-09,Colusa,011,21464,3439,3439,1044,4483,21
2022-03-09,Contra Costa,013,1133247,190663,186483,13219,199702,1256
2022-03-09,Del Norte,015,27424,5745,5765,178,5943,48
2022-03-09,El Dorado,017,186661,26565,26515,3181,29696,198
2022-03-09,Fresno,019,978130,233778,227885,24061,251946,2653
2022-03-09,Glenn,021,27897,4975,4953,1594,6547,44
2022-03-09,Humboldt,023,135768,16776,16854,2912,19766,137
2022-03-09,Imperial,025,180216,55181,54764,10490,65254,894
2022-03-09,Inyo,027,18085,4061,4056,466,4522,56
2022-03-09,Kern,029,883053,191196,190254,45603,235857,2159
2022-03-09,Kings,031,150075,51226,51122,3503,54625,435
2022-03-09,Lake,033,64148,10639,10586,875,11461,130
2022-03-09,Lassen,035,31185,8937,8901,871,9772,62
2022-03-09,Los Angeles,037,10098052,2698339,2677901,121908,2799809,30842
2022-03-09,Madera,039,155013,37141,37207,5988,43195,354
2022-03-09,Marin,041,260295,33098,32967,2157,35124,272
2022-03-09,Mariposa,043,17540,2376,2372,198,2570,6
2022-03-09,Mendocino,045,87422,12973,12957,2973,15930,117
2022-03-09,Merced,047,269075,62340,61792,8666,70458,792
2022-03-09,Modoc,049,8938,727,730,247,977,7
2022-03-09,Mono,051,14174,2962,2962,120,3082,5
2022-03-09,Monterey,053,433212,78925,78258,13346,91604,716
2022-03-09,Napa,055,140530,25554,25561,924,26485,138
2022-03-09,Nevada,057,99092,15862,15938,1184,17122,123
2022-03-09,Orange,059,3164182,544460,542278,41124,583402,6700
2022-03-09,Placer,061,380077,62413,62242,7280,69522,598
2022-03-09,Plumas,063,18699,2960,2708,358,3066,13
2022-03-09,Riverside,065,2383286,589302,587833,27577,615410,6305
2022-03-09,Sacramento,067,1510023,279324,274373,26344,300717,2877
2022-03-09,San Benito,069,59416,12903,12864,508,13372,95
2022-03-09,San Bernardino,071,2135413,572451,558795,24769,583564,6723
2022-03-09,San Diego,073,3302833,746549,743956,52262,796218,5083
2022-03-09,San Francisco,075,870044,122841,123676,8081,131757,812
2022-03-09,San Joaquin,077,732212,166005,165444,9825,175269,2113
2022-03-09,San Luis Obispo,079,281455,52135,51923,3690,55613,457
2022-03-09,San Mateo,081,765935,120478,119194,6830,126024,639
2022-03-09,Santa Barbara,083,443738,85265,85382,4659,90041,661
2022-03-09,Santa Clara,085,1922200,311791,308765,12163,320928,2206
2022-03-09,Santa Cruz,087,273765,47276,46917,2063,48980,254
2022-03-09,Shasta,089,179085,30397,30407,6054,36461,493
2022-03-09,Sierra,091,2930,271,273,48,321,4
2022-03-09,Siskiyou,093,43540,4414,4403,2706,7109,75
2022-03-09,Solano,095,438530,80977,80984,5505,86489,436
2022-03-09,Sonoma,097,501317,82812,82574,2551,85125,473
2022-03-09,Stanislaus,099,539301,117131,117827,17750,135577,1541
2022-03-09,Sutter,101,95872,20378,20409,2022,22431,217
2022-03-09,Tehama,103,63373,12008,11980,2563,14543,159
2022-03-09,Trinity,105,12862,1182,1174,287,1461,20
2022-03-09,Tulare,107,460477,105977,103932,27372,131304,1350
2022-03-09,Tuolumne,109,53932,12634,12444,557,13001,180
2022-03-09,Ventura,111,848112,172220,171852,9321,181173,1448
2022-03-09,Yolo,113,214977,36760,35973,2861,38834,308
2022-03-09,Yuba,115,75493,15734,15714,1174,16888,115
2022-03-08,Alameda,001,1643700,253925,252744,13406,266150,1769
2022-03-08,Alpine,002,1148,122,125,1,126,0
2022-03-08,Amador,005,37829,8459,8407,638,9045,84
2022-03-08,Butte,007,227075,32952,32759,6981,39740,380
2022-03-08,Calaveras,009,45235,7218,7245,343,7588,117
2022-03-08,Colusa,011,21464,3436,3439,1043,4482,21
2022-03-08,Contra Costa,013,1133247,190576,186396,13206,199602,1256
2022-03-08,Del Norte,015,27424,5740,5763,178,5941,48
2022-03-08,El Dorado,017,186661,26555,26503,3175,29678,197
2022-03-08,Fresno,019,978130,233680,227808,24052,251860,2653
2022-03-08,Glenn,021,27897,4973,4944,1593,6537,43
2022-03-08,Humboldt,023,135768,16764,16837,2899,19736,137
2022-03-08,Imperial,025,180216,55166,54721,10488,65209,890
2022-03-08,Inyo,027,18085,4058,4056,466,4522,56
2022-03-08,Kern,029,883053,191133,190208,45589,235797,2154
2022-03-08,Kings,031,150075,51184,51089,3501,54590,434
2022-03-08,Lake,033,64148,10629,10571,875,11446,130
2022-03-08,Lassen,035,31185,8936,8897,871,9768,62
2022-03-08,Los Angeles,037,10098052,2697648,2677166,121871,2799037,30803
2022-03-08,Madera,039,155013,37131,37185,5987,43172,354
2022-03-08,Marin,041,260295,33061,32943,2156,35099,272
2022-03-08,Mariposa,043,17540,2374,2371,198,2569,6
2022-03-08,Mendocino,045,87422,12969,12950,2972,15922,117
2022-03-08,Merced,047,269075,62319,61767,8655,70422,791
2022-03-08,Modoc,049,8938,726,729,247,976,7
2022-03-08,Mono,051,14174,2961,2961,120,3081,5
2022-03-08,Monterey,053,433212,78905,78247,13309,91556,711
2022-03-08,Napa,055,140530,25528,25528,923,26451,137
2022-03-08,Nevada,057,99092,15851,15939,1183,17122,122
2022-03-08,Orange,059,3164182,544314,542164,41104,583268,6692
2022-03-08,Placer,061,380077,62384,62221,7279,69500,594
2022-03-08,Plumas,063,18699,2960,2703,358,3061,13
2022-03-08,Riverside,065,2383286,589193,587686,27570,615256,6294
2022-03-08,Sacramento,067,1510023,279222,274276,26325,300601,2872
2022-03-08,San Benito,069,59416,12901,12855,508,13363,94
2022-03-08,San Bernardino,071,2135413,572358,558512,24759,583271,6715
2022-03-08,San Diego,073,3302833,746206,743604,52245,795849,5077
2022-03-08,San Francisco,075,870044,122745,123675,8076,131751,807
2022-03-08,San Joaquin,077,732212,165969,165381,9821,175202,2104
2022-03-08,San Luis Obispo,079,281455,52107,51900,3687,55587,451
2022-03-08,San Mateo,081,765935,120397,119103,6820,125923,638
2022-03-08,Santa Barbara,083,443738,85233,85363,4659,90022,659
2022-03-08,Santa Clara,085,1922200,311564,308528,12156,320684,2206
2022-03-08,Santa Cruz,087,273765,47239,46875,2062,48937,254
2022-03-08,Shasta,089,179085,30378,30372,6051,36423,493
2022-03-08,Sierra,091,2930,271,273,48,321,4
2022-03-08,Siskiyou,093,43540,4410,4404,2706,7110,74
2022-03-08,Solano,095,438530,80949,80924,5502,86426,434
2022-03-08,Sonoma,097,501317,82764,82571,2550,85121,473
2022-03-08,Stanislaus,099,539301,117087,117782,17741,135523,1541
2022-03-08,Sutter,101,95872,20370,20403,2022,22425,217
2022-03-08,Tehama,103,63373,12004,11972,2562,14534,158
2022-03-08,Trinity,105,12862,1182,1174,287,1461,20
2022-03-08,Tulare,107,460477,105939,103893,27361,131254,1334
2022-03-08,Tuolumne,109,53932,12629,12427,555,12982,180
2022-03-08,Ventura,111,848112,172156,171806,9314,181120,1447
2022-03-08,Yolo,113,214977,36734,35946,2860,38806,306
2022-03-08,Yuba,115,75493,15729,15705,1173,16878,115
2022-03-07,Alameda,001,1643700,253716,252578,13395,265973,1766
2022-03-07,Alpine,002,1148,122,125,1,126,0
2022-03-07,Amador,005,37829,8456,8368,638,9006,84
2022-03-07,Butte,007,227075,32937,32734,6977,39711,378
2022-03-07,Calaveras,009,45235,7214,7242,343,7585,116
2022-03-07,Colusa,011,21464,3436,3437,1043,4480,21
2022-03-07,Contra Costa,013,1133247,190476,186087,13185,199272,1256
2022-03-07,Del Norte,015,27424,5736,5758,178,5936,48
2022-03-07,El Dorado,017,186661,26549,26487,3174,29661,196
2022-03-07,Fresno,019,978130,233589,227670,24029,251699,2653
2022-03-07,Glenn,021,27897,4970,4939,1593,6532,43
2022-03-07,Humboldt,023,135768,16751,16829,2894,19723,137
2022-03-07,Imperial,025,180216,55144,54712,10483,65195,890
2022-03-07,Inyo,027,18085,4056,4054,466,4520,56
2022-03-07,Kern,029,883053,191069,190163,45566,235729,2152
2022-03-07,Kings,031,150075,51154,51065,3496,54561,433
2022-03-07,Lake,033,64148,10617,10562,874,11436,130
2022-03-07,Lassen,035,31185,8935,8896,871,9767,62
2022-03-07,Los Angeles,037,10098052,2696852,2675497,121830,2797327,30759
2022-03-07,Madera,039,155013,37121,37164,5985,43149,354
2022-03-07,Marin,041,260295,33024,32919,2153,35072,272
2022-03-07,Mariposa,043,17540,2373,2369,198,2567,6
2022-03-07,Mendocino,045,87422,12962,12940,2971,15911,117
2022-03-07,Merced,047,269075,62279,61751,8648,70399,791
2022-03-07,Modoc,049,8938,726,729,247,976,7
2022-03-07,Mono,051,14174,2961,2960,120,3080,5
2022-03-07,Monterey,053,433212,78871,78161,13261,91422,706
2022-03-07,Napa,055,140530,25499,25500,923,26423,136
2022-03-07,Nevada,057,99092,15844,15935,1177,17112,122
2022-03-07,Orange,059,3164182,544143,542028,41077,583105,6687
2022-03-07,Placer,061,380077,62355,62215,7278,69493,591
2022-03-07,Plumas,063,18699,2960,2702,358,3060,13
2022-03-07,Riverside,065,2383286,589066,587537,27562,615099,6279
2022-03-07,Sacramento,067,1510023,279121,274079,26312,300391,2866
2022-03-07,San Benito,069,59416,12895,12843,508,13351,94
2022-03-07,San Bernardino,071,2135413,572253,558265,24749,583014,6703
2022-03-07,San Diego,073,3302833,745865,742287,52202,794489,5068
2022-03-07,San Francisco,075,870044,122633,123655,8070,131725,807
2022-03-07,San Joaquin,077,732212,165918,165343,9814,175157,2091
2022-03-07,San Luis Obispo,079,281455,52062,51874,3685,55559,448
2022-03-07,San Mateo,081,765935,120321,119035,6813,125848,630
2022-03-07,Santa Barbara,083,443738,85195,85345,4658,90003,659
2022-03-07,Santa Clara,085,1922200,311368,308517,12148,320665,2202
2022-03-07,Santa Cruz,087,273765,47189,46823,2061,48884,254
2022-03-07,Shasta,089,179085,30365,30352,6048,36400,493
2022-03-07,Sierra,091,2930,271,273,48,321,4
2022-03-07,Siskiyou,093,43540,4406,4398,2705,7103,74
2022-03-07,Solano,095,438530,80892,80886,5500,86386,435
2022-03-07,Sonoma,097,501317,82720,82530,2549,85079,473
2022-03-07,Stanislaus,099,539301,117048,117713,17734,135447,1537
2022-03-07,Sutter,101,95872,20359,20400,2021,22421,217
2022-03-07,Tehama,103,63373,11999,11966,2561,14527,158
2022-03-07,Trinity,105,12862,1180,1173,287,1460,20
2022-03-07,Tulare,107,460477,105903,103834,27351,131185,1316
2022-03-07,Tuolumne,109,53932,12623,12408,554,12962,179
2022-03-07,Ventura,111,848112,172105,171886,9312,181198,1436
2022-03-07,Yolo,113,214977,36711,35934,2854,38788,306
2022-03-07,Yuba,115,75493,15722,15701,1172,16873,115
2022-03-06,Alameda,001,1643700,253523,252460,13386,265846,1766
2022-03-06,Alpine,002,1148,122,125,1,126,0
2022-03-06,Amador,005,37829,8453,8367,636,9003,84
2022-03-06,Butte,007,227075,32925,32714,6972,39686,376
2022-03-06,Calaveras,009,45235,7212,7236,342,7578,116
2022-03-06,Colusa,011,21464,3434,3435,1042,4477,21
2022-03-06,Contra Costa,013,1133247,190362,185974,13160,199134,1256
2022-03-06,Del Norte,015,27424,5721,5744,177,5921,48
2022-03-06,El Dorado,017,186661,26542,26478,3172,29650,196
2022-03-06,Fresno,019,978130,233447,227514,24019,251533,2653
2022-03-06,Glenn,021,27897,4966,4939,1593,6532,43
2022-03-06,Humboldt,023,135768,16741,16813,2891,19704,137
2022-03-06,Imperial,025,180216,55126,54719,10473,65192,890
2022-03-06,Inyo,027,18085,4054,4053,466,4519,56
2022-03-06,Kern,029,883053,191013,190088,45546,235634,2152
2022-03-06,Kings,031,150075,51084,51050,3494,54544,432
2022-03-06,Lake,033,64148,10603,10539,873,11412,130
2022-03-06,Lassen,035,31185,8922,8887,870,9757,62
2022-03-06,Los Angeles,037,10098052,2695928,2675456,121776,2797232,30759
2022-03-06,Madera,039,155013,37091,37135,5978,43113,354
2022-03-06,Marin,041,260295,32998,32879,2152,35031,272
2022-03-06,Mariposa,043,17540,2372,2365,197,2562,6
2022-03-06,Mendocino,045,87422,12950,12923,2967,15890,116
2022-03-06,Merced,047,269075,62247,61722,8630,70352,791
2022-03-06,Modoc,049,8938,726,729,247,976,7
2022-03-06,Mono,051,14174,2961,2959,120,3079,5
2022-03-06,Monterey,053,433212,78825,78154,13230,91384,706
2022-03-06,Napa,055,140530,25464,25457,921,26378,136
2022-03-06,Nevada,057,99092,15833,15924,1176,17100,122
2022-03-06,Orange,059,3164182,543983,541903,41030,582933,6688
2022-03-06,Placer,061,380077,62322,62185,7274,69459,591
2022-03-06,Plumas,063,18699,2955,2704,358,3062,13
2022-03-06,Riverside,065,2383286,588903,587388,27542,614930,6279
2022-03-06,Sacramento,067,1510023,278985,273935,26288,300223,2869
2022-03-06,San Benito,069,59416,12884,12835,507,13342,94
2022-03-06,San Bernardino,071,2135413,572131,558139,24737,582876,6701
2022-03-06,San Diego,073,3302833,745470,742287,52153,794440,5068
2022-03-06,San Francisco,075,870044,122501,123742,8067,131809,806
2022-03-06,San Joaquin,077,732212,165836,165252,9808,175060,2091
2022-03-06,San Luis Obispo,079,281455,52024,51828,3683,55511,448
2022-03-06,San Mateo,081,765935,120238,118916,6804,125720,630
2022-03-06,Santa Barbara,083,443738,85154,85317,4653,89970,659
2022-03-06,Santa Clara,085,1922200,311100,308250,12146,320396,2201
2022-03-06,Santa Cruz,087,273765,47138,46755,2060,48815,254
2022-03-06,Shasta,089,179085,30342,30332,6032,36364,493
2022-03-06,Sierra,091,2930,271,273,48,321,4
2022-03-06,Siskiyou,093,43540,4404,4398,2703,7101,74
2022-03-06,Solano,095,438530,80835,80833,5494,86327,435
2022-03-06,Sonoma,097,501317,82685,82458,2545,85003,473
2022-03-06,Stanislaus,099,539301,117002,117680,17722,135402,1536
2022-03-06,Sutter,101,95872,20349,20390,2017,22407,217
2022-03-06,Tehama,103,63373,11991,11963,2561,14524,158
2022-03-06,Trinity,105,12862,1180,1172,286,1458,20
2022-03-06,Tulare,107,460477,105847,103794,27339,131133,1316
2022-03-06,Tuolumne,109,53932,12617,12379,552,12931,179
2022-03-06,Ventura,111,848112,172036,171819,9310,181129,1436
2022-03-06,Yolo,113,214977,36685,35882,2851,38733,306
2022-03-06,Yuba,115,75493,15718,15694,1171,16865,115
2022-03-05,Alameda,001,1643700,253406,251988,13381,265369,1760
2022-03-05,Alpine,002,1148,122,125,1,126,0
2022-03-05,Amador,005,37829,8450,8344,636,8980,83
2022-03-05,Butte,007,227075,32917,32663,6968,39631,372
2022-03-05,Calaveras,009,45235,7209,7236,342,7578,116
2022-03-05,Colusa,011,21464,3434,3433,1042,4475,21
2022-03-05,Contra Costa,013,1133247,190299,185734,13155,198889,1235
2022-03-05,Del Norte,015,27424,5718,5725,177,5902,48
2022-03-05,El Dorado,017,186661,26536,26446,3169,29615,193
2022-03-05,Fresno,019,978130,233395,227154,24018,251172,2640
2022-03-05,Glenn,021,27897,4962,4927,1593,6520,43
2022-03-05,Humboldt,023,135768,16735,16781,2889,19670,136
2022-03-05,Imperial,025,180216,55116,54650,10471,65121,880
2022-03-05,Inyo,027,18085,4053,4043,465,4508,56
2022-03-05,Kern,029,883053,190980,189817,45528,235345,2141
2022-03-05,Kings,031,150075,51077,50926,3493,54419,431
2022-03-05,Lake,033,64148,10595,10512,872,11384,130
2022-03-05,Lassen,035,31185,8913,8818,870,9688,62
2022-03-05,Los Angeles,037,10098052,2695564,2671564,121740,2793304,30608
2022-03-05,Madera,039,155013,37076,37100,5978,43078,354
2022-03-05,Marin,041,260295,32986,32829,2152,34981,272
2022-03-05,Mariposa,043,17540,2372,2363,197,2560,6
2022-03-05,Mendocino,045,87422,12947,12845,2967,15812,113
2022-03-05,Merced,047,269075,62236,61653,8630,70283,789
2022-03-05,Modoc,049,8938,726,729,247,976,7
2022-03-05,Mono,051,14174,2961,2961,120,3081,5
2022-03-05,Monterey,053,433212,78806,78028,13223,91251,704
2022-03-05,Napa,055,140530,25446,25405,921,26326,134
2022-03-05,Nevada,057,99092,15829,15907,1176,17083,122
2022-03-05,Orange,059,3164182,543854,541463,41018,582481,6638
2022-03-05,Placer,061,380077,62308,62117,7267,69384,591
2022-03-05,Plumas,063,18699,2954,2701,358,3059,13
2022-03-05,Riverside,065,2383286,588812,586785,27538,614323,6239
2022-03-05,Sacramento,067,1510023,278921,273487,26282,299769,2847
2022-03-05,San Benito,069,59416,12882,12820,507,13327,94
2022-03-05,San Bernardino,071,2135413,572073,557421,24731,582152,6641
2022-03-05,San Diego,073,3302833,745283,740747,52141,792888,5045
2022-03-05,San Francisco,075,870044,122431,123537,8064,131601,798
2022-03-05,San Joaquin,077,732212,165796,165085,9800,174885,2069
2022-03-05,San Luis Obispo,079,281455,52016,51739,3682,55421,446
2022-03-05,San Mateo,081,765935,120183,118646,6800,125446,621
2022-03-05,Santa Barbara,083,443738,85139,85249,4653,89902,655
2022-03-05,Santa Clara,085,1922200,310983,307689,12143,319832,2195
2022-03-05,Santa Cruz,087,273765,47118,46622,2060,48682,253
2022-03-05,Shasta,089,179085,30330,30282,6032,36314,492
2022-03-05,Sierra,091,2930,271,273,47,320,4
2022-03-05,Siskiyou,093,43540,4403,4389,2702,7091,74
2022-03-05,Solano,095,438530,80818,80690,5494,86184,435
2022-03-05,Sonoma,097,501317,82663,82313,2545,84858,473
2022-03-05,Stanislaus,099,539301,116976,117501,17720,135221,1531
2022-03-05,Sutter,101,95872,20341,20346,2017,22363,217
2022-03-05,Tehama,103,63373,11988,11939,2561,14500,158
2022-03-05,Trinity,105,12862,1180,1170,284,1454,20
2022-03-05,Tulare,107,460477,105833,103534,27330,130864,1305
2022-03-05,Tuolumne,109,53932,12613,12325,551,12876,178
2022-03-05,Ventura,111,848112,171995,171666,9308,180974,1436
2022-03-05,Yolo,113,214977,36671,35856,2851,38707,306
2022-03-05,Yuba,115,75493,15710,15666,1171,16837,115
2022-03-04,Alameda,001,1643700,253311,251988,13373,265361,1760
2022-03-04,Alpine,002,1148,122,125,1,126,0
2022-03-04,Amador,005,37829,8449,8344,636,8980,83
2022-03-04,Butte,007,227075,32911,32663,6963,39626,372
2022-03-04,Calaveras,009,45235,7208,7236,342,7578,116
2022-03-04,Colusa,011,21464,3432,3433,1042,4475,21
2022-03-04,Contra Costa,013,1133247,190231,185734,13152,198886,1235
2022-03-04,Del Norte,015,27424,5708,5725,177,5902,48
2022-03-04,El Dorado,017,186661,26532,26446,3169,29615,193
2022-03-04,Fresno,019,978130,233332,227154,24011,251165,2640
2022-03-04,Glenn,021,27897,4961,4927,1593,6520,43
2022-03-04,Humboldt,023,135768,16731,16781,2889,19670,136
2022-03-04,Imperial,025,180216,55109,54650,10467,65117,880
2022-03-04,Inyo,027,18085,4053,4043,465,4508,56
2022-03-04,Kern,029,883053,190938,189817,45518,235335,2141
2022-03-04,Kings,031,150075,51064,50926,3493,54419,431
2022-03-04,Lake,033,64148,10594,10512,872,11384,130
2022-03-04,Lassen,035,31185,8911,8818,870,9688,62
2022-03-04,Los Angeles,037,10098052,2695034,2671564,121710,2793274,30608
2022-03-04,Madera,039,155013,37067,37100,5978,43078,354
2022-03-04,Marin,041,260295,32964,32829,2150,34979,272
2022-03-04,Mariposa,043,17540,2367,2363,197,2560,6
2022-03-04,Mendocino,045,87422,12941,12845,2967,15812,113
2022-03-04,Merced,047,269075,62226,61653,8628,70281,789
2022-03-04,Modoc,049,8938,726,729,247,976,7
2022-03-04,Mono,051,14174,2961,2961,120,3081,5
2022-03-04,Monterey,053,433212,78786,78028,13217,91245,704
2022-03-04,Napa,055,140530,25431,25405,920,26325,134
2022-03-04,Nevada,057,99092,15824,15907,1176,17083,122
2022-03-04,Orange,059,3164182,543718,541463,41000,582463,6638
2022-03-04,Placer,061,380077,62296,62117,7264,69381,591
2022-03-04,Plumas,063,18699,2954,2701,357,3058,13
2022-03-04,Riverside,065,2383286,588725,586785,27537,614322,6239
2022-03-04,Sacramento,067,1510023,278847,273487,26279,299766,2847
2022-03-04,San Benito,069,59416,12878,12820,507,13327,94
2022-03-04,San Bernardino,071,2135413,571991,557421,24730,582151,6641
2022-03-04,San Diego,073,3302833,745045,740747,52124,792871,5045
2022-03-04,San Francisco,075,870044,122365,123537,8057,131594,798
2022-03-04,San Joaquin,077,732212,165764,165085,9799,174884,2069
2022-03-04,San Luis Obispo,079,281455,52007,51739,3681,55420,446
2022-03-04,San Mateo,081,765935,120125,118646,6798,125444,621
2022-03-04,Santa Barbara,083,443738,85116,85249,4653,89902,655
2022-03-04,Santa Clara,085,1922200,310832,307689,12141,319830,2195
2022-03-04,Santa Cruz,087,273765,47095,46622,2060,48682,253
2022-03-04,Shasta,089,179085,30322,30282,6029,36311,492
2022-03-04,Sierra,091,2930,271,273,47,320,4
2022-03-04,Siskiyou,093,43540,4402,4389,2698,7087,74
2022-03-04,Solano,095,438530,80785,80690,5491,86181,435
2022-03-04,Sonoma,097,501317,82632,82313,2544,84857,473
2022-03-04,Stanislaus,099,539301,116957,117501,17718,135219,1531
2022-03-04,Sutter,101,95872,20337,20346,2017,22363,217
2022-03-04,Tehama,103,63373,11985,11939,2561,14500,158
2022-03-04,Trinity,105,12862,1180,1170,284,1454,20
2022-03-04,Tulare,107,460477,105814,103534,27325,130859,1305
2022-03-04,Tuolumne,109,53932,12608,12325,551,12876,178
2022-03-04,Ventura,111,848112,171947,171666,9305,180971,1436
2022-03-04,Yolo,113,214977,36654,35856,2851,38707,306
2022-03-04,Yuba,115,75493,15705,15666,1170,16836,115
2022-03-03,Alameda,001,1643700,253193,251988,13361,265349,1760
2022-03-03,Alpine,002,1148,122,125,1,126,0
2022-03-03,Amador,005,37829,8448,8344,636,8980,83
2022-03-03,Butte,007,227075,32894,32663,6956,39619,372
2022-03-03,Calaveras,009,45235,7196,7236,342,7578,116
2022-03-03,Colusa,011,21464,3432,3433,1042,4475,21
2022-03-03,Contra Costa,013,1133247,190156,185734,13137,198871,1235
2022-03-03,Del Norte,015,27424,5701,5725,177,5902,48
2022-03-03,El Dorado,017,186661,26513,26446,3168,29614,193
2022-03-03,Fresno,019,978130,233203,227154,24004,251158,2640
2022-03-03,Glenn,021,27897,4958,4927,1592,6519,43
2022-03-03,Humboldt,023,135768,16716,16781,2888,19669,136
2022-03-03,Imperial,025,180216,55092,54650,10465,65115,880
2022-03-03,Inyo,027,18085,4052,4043,465,4508,56
2022-03-03,Kern,029,883053,190870,189817,45500,235317,2141
2022-03-03,Kings,031,150075,51041,50926,3491,54417,431
2022-03-03,Lake,033,64148,10589,10512,870,11382,130
2022-03-03,Lassen,035,31185,8903,8818,870,9688,62
2022-03-03,Los Angeles,037,10098052,2694309,2671564,121668,2793232,30608
2022-03-03,Madera,039,155013,37051,37100,5973,43073,354
2022-03-03,Marin,041,260295,32938,32829,2149,34978,272
2022-03-03,Mariposa,043,17540,2366,2363,197,2560,6
2022-03-03,Mendocino,045,87422,12930,12845,2965,15810,113
2022-03-03,Merced,047,269075,62207,61653,8622,70275,789
2022-03-03,Modoc,049,8938,726,729,247,976,7
2022-03-03,Mono,051,14174,2960,2961,120,3081,5
2022-03-03,Monterey,053,433212,78756,78028,13200,91228,704
2022-03-03,Napa,055,140530,25407,25405,919,26324,134
2022-03-03,Nevada,057,99092,15819,15907,1171,17078,122
2022-03-03,Orange,059,3164182,543523,541463,40974,582437,6638
2022-03-03,Placer,061,380077,62274,62117,7261,69378,591
2022-03-03,Plumas,063,18699,2953,2701,357,3058,13
2022-03-03,Riverside,065,2383286,588592,586785,27532,614317,6239
2022-03-03,Sacramento,067,1510023,278734,273487,26262,299749,2847
2022-03-03,San Benito,069,59416,12874,12820,507,13327,94
2022-03-03,San Bernardino,071,2135413,571889,557421,24724,582145,6641
2022-03-03,San Diego,073,3302833,744701,740747,52106,792853,5045
2022-03-03,San Francisco,075,870044,122291,123537,8046,131583,798
2022-03-03,San Joaquin,077,732212,165690,165085,9795,174880,2069
2022-03-03,San Luis Obispo,079,281455,51952,51739,3673,55412,446
2022-03-03,San Mateo,081,765935,120049,118646,6789,125435,621
2022-03-03,Santa Barbara,083,443738,85097,85249,4644,89893,655
2022-03-03,Santa Clara,085,1922200,310650,307689,12127,319816,2195
2022-03-03,Santa Cruz,087,273765,47045,46622,2058,48680,253
2022-03-03,Shasta,089,179085,30304,30282,6027,36309,492
2022-03-03,Sierra,091,2930,271,273,47,320,4
2022-03-03,Siskiyou,093,43540,4400,4389,2698,7087,74
2022-03-03,Solano,095,438530,80737,80690,5489,86179,435
2022-03-03,Sonoma,097,501317,82583,82313,2540,84853,473
2022-03-03,Stanislaus,099,539301,116924,117501,17710,135211,1531
2022-03-03,Sutter,101,95872,20329,20346,2017,22363,217
2022-03-03,Tehama,103,63373,11982,11939,2561,14500,158
2022-03-03,Trinity,105,12862,1179,1170,284,1454,20
2022-03-03,Tulare,107,460477,105771,103534,27317,130851,1305
2022-03-03,Tuolumne,109,53932,12597,12325,551,12876,178
2022-03-03,Ventura,111,848112,171895,171666,9303,180969,1436
2022-03-03,Yolo,113,214977,36630,35856,2846,38702,306
2022-03-03,Yuba,115,75493,15699,15666,1165,16831,115
2022-03-02,Alameda,001,1643700,253015,251886,13344,265230,1759
2022-03-02,Alpine,002,1148,122,125,1,126,0
2022-03-02,Amador,005,37829,8435,8341,636,8977,83
2022-03-02,Butte,007,227075,32882,32636,6952,39588,372
2022-03-02,Calaveras,009,45235,7195,7225,342,7567,116
2022-03-02,Colusa,011,21464,3429,3428,1042,4470,21
2022-03-02,Contra Costa,013,1133247,190063,185589,13119,198708,1236
2022-03-02,Del Norte,015,27424,5694,5708,175,5883,47
2022-03-02,El Dorado,017,186661,26501,26433,3165,29598,192
2022-03-02,Fresno,019,978130,233070,226932,23994,250926,2629
2022-03-02,Glenn,021,27897,4957,4922,1591,6513,43
2022-03-02,Humboldt,023,135768,16706,16747,2881,19628,135
2022-03-02,Imperial,025,180216,55066,54629,10460,65089,878
2022-03-02,Inyo,027,18085,4050,4041,464,4505,56
2022-03-02,Kern,029,883053,190802,189656,45481,235137,2136
2022-03-02,Kings,031,150075,51015,50819,3488,54307,431
2022-03-02,Lake,033,64148,10576,10495,868,11363,130
2022-03-02,Lassen,035,31185,8900,8811,869,9680,62
2022-03-02,Los Angeles,037,10098052,2693431,2670287,121621,2791908,30535
2022-03-02,Madera,039,155013,37034,37077,5971,43048,354
2022-03-02,Marin,041,260295,32921,32794,2148,34942,272
2022-03-02,Mariposa,043,17540,2366,2359,197,2556,6
2022-03-02,Mendocino,045,87422,12917,12832,2960,15792,112
2022-03-02,Merced,047,269075,62182,61606,8613,70219,785
2022-03-02,Modoc,049,8938,726,729,247,976,7
2022-03-02,Mono,051,14174,2960,2961,120,3081,5
2022-03-02,Monterey,053,433212,78719,77963,13177,91140,703
2022-03-02,Napa,055,140530,25358,25382,918,26300,134
2022-03-02,Nevada,057,99092,15808,15920,1170,17090,122
2022-03-02,Orange,059,3164182,543306,541230,40947,582177,6623
2022-03-02,Placer,061,380077,62252,62066,7258,69324,589
2022-03-02,Plumas,063,18699,2953,2700,357,3057,13
2022-03-02,Riverside,065,2383286,588442,586513,27522,614035,6229
2022-03-02,Sacramento,067,1510023,278617,273291,26251,299542,2837
2022-03-02,San Benito,069,59416,12863,12814,507,13321,94
2022-03-02,San Bernardino,071,2135413,571779,557082,24718,581800,6619
2022-03-02,San Diego,073,3302833,744341,739803,52058,791861,5034
2022-03-02,San Francisco,075,870044,122196,123442,8044,131486,792
2022-03-02,San Joaquin,077,732212,165631,164968,9790,174758,2063
2022-03-02,San Luis Obispo,079,281455,51914,51686,3668,55354,446
2022-03-02,San Mateo,081,765935,119962,118518,6773,125291,617
2022-03-02,Santa Barbara,083,443738,85072,85183,4643,89826,655
2022-03-02,Santa Clara,085,1922200,310436,307354,12114,319468,2184
2022-03-02,Santa Cruz,087,273765,46974,46534,2057,48591,253
2022-03-02,Shasta,089,179085,30279,30253,6017,36270,490
2022-03-02,Sierra,091,2930,271,273,47,320,4
2022-03-02,Siskiyou,093,43540,4399,4384,2695,7079,74
2022-03-02,Solano,095,438530,80671,80626,5486,86112,433
2022-03-02,Sonoma,097,501317,82537,82208,2536,84744,473
2022-03-02,Stanislaus,099,539301,116888,117411,17685,135096,1519
2022-03-02,Sutter,101,95872,20307,20317,2000,22317,216
2022-03-02,Tehama,103,63373,11978,11930,2560,14490,158
2022-03-02,Trinity,105,12862,1177,1160,284,1444,20
2022-03-02,Tulare,107,460477,105731,103451,27302,130753,1302
2022-03-02,Tuolumne,109,53932,12592,12297,551,12848,179
2022-03-02,Ventura,111,848112,171842,171770,9299,181069,1427
2022-03-02,Yolo,113,214977,36612,35799,2841,38640,305
2022-03-02,Yuba,115,75493,15686,15653,1160,16813,115
2022-03-01,Alameda,001,1643700,252845,251830,13332,265162,1749
2022-03-01,Alpine,002,1148,122,125,1,126,0
2022-03-01,Amador,005,37829,8387,8334,634,8968,83
2022-03-01,Butte,007,227075,32858,32575,6947,39522,372
2022-03-01,Calaveras,009,45235,7192,7223,341,7564,116
2022-03-01,Colusa,011,21464,3428,3423,1042,4465,21
2022-03-01,Contra Costa,013,1133247,189954,185378,13104,198482,1231
2022-03-01,Del Norte,015,27424,5691,5701,174,5875,45
2022-03-01,El Dorado,017,186661,26480,26413,3163,29576,192
2022-03-01,Fresno,019,978130,232930,226594,23980,250574,2628
2022-03-01,Glenn,021,27897,4955,4919,1589,6508,40
2022-03-01,Humboldt,023,135768,16685,16727,2874,19601,135
2022-03-01,Imperial,025,180216,55049,54570,10454,65024,875
2022-03-01,Inyo,027,18085,4046,4041,463,4504,56
2022-03-01,Kern,029,883053,190728,189365,45457,234822,2120
2022-03-01,Kings,031,150075,50993,50763,3484,54247,427
2022-03-01,Lake,033,64148,10565,10471,866,11337,128
2022-03-01,Lassen,035,31185,8896,8801,869,9670,61
2022-03-01,Los Angeles,037,10098052,2692481,2669489,121564,2791053,30486
2022-03-01,Madera,039,155013,37014,37046,5965,43011,354
2022-03-01,Marin,041,260295,32895,32764,2147,34911,272
2022-03-01,Mariposa,043,17540,2365,2357,196,2553,6
2022-03-01,Mendocino,045,87422,12906,12818,2958,15776,112
2022-03-01,Merced,047,269075,62151,61549,8599,70148,781
2022-03-01,Modoc,049,8938,726,729,247,976,7
2022-03-01,Mono,051,14174,2959,2960,120,3080,6
2022-03-01,Monterey,053,433212,78693,77911,13167,91078,696
2022-03-01,Napa,055,140530,25327,25344,918,26262,134
2022-03-01,Nevada,057,99092,15800,15916,1167,17083,121
2022-03-01,Orange,059,3164182,543090,541054,40912,581966,6612
2022-03-01,Placer,061,380077,62224,62021,7253,69274,583
2022-03-01,Plumas,063,18699,2953,2694,357,3051,13
2022-03-01,Riverside,065,2383286,588278,586184,27521,613705,6198
2022-03-01,Sacramento,067,1510023,278488,273089,26238,299327,2831
2022-03-01,San Benito,069,59416,12859,12806,507,13313,94
2022-03-01,San Bernardino,071,2135413,571645,556743,24716,581459,6588
2022-03-01,San Diego,073,3302833,743916,739136,52016,791152,5029
2022-03-01,San Francisco,075,870044,122093,123481,8038,131519,792
2022-03-01,San Joaquin,077,732212,165564,164894,9786,174680,2062
2022-03-01,San Luis Obispo,079,281455,51878,51592,3664,55256,445
2022-03-01,San Mateo,081,765935,119890,118358,6766,125124,613
2022-03-01,Santa Barbara,083,443738,85036,85134,4639,89773,654
2022-03-01,Santa Clara,085,1922200,310181,306978,12102,319080,2190
2022-03-01,Santa Cruz,087,273765,46924,46471,2054,48525,253
2022-03-01,Shasta,089,179085,30250,30227,6014,36241,489
2022-03-01,Sierra,091,2930,271,274,47,321,5
2022-03-01,Siskiyou,093,43540,4397,4384,2692,7076,74
2022-03-01,Solano,095,438530,80608,80556,5483,86039,434
2022-03-01,Sonoma,097,501317,82468,82103,2530,84633,477
2022-03-01,Stanislaus,099,539301,116835,117308,17660,134968,1521
2022-03-01,Sutter,101,95872,20293,20288,1996,22284,217
2022-03-01,Tehama,103,63373,11972,11923,2557,14480,158
2022-03-01,Trinity,105,12862,1176,1159,284,1443,20
2022-03-01,Tulare,107,460477,105649,103371,27282,130653,1302
2022-03-01,Tuolumne,109,53932,12585,12276,549,12825,175
2022-03-01,Ventura,111,848112,171772,171672,9292,180964,1427
2022-03-01,Yolo,113,214977,36587,35801,2835,38636,299
2022-03-01,Yuba,115,75493,15678,15637,1160,16797,116
2022-02-28,Alameda,001,1643700,252622,251714,13318,265032,1742
2022-02-28,Alpine,002,1148,122,125,1,126,0
2022-02-28,Amador,005,37829,8381,8308,633,8941,83
2022-02-28,Butte,007,227075,32839,32550,6941,39491,368
2022-02-28,Calaveras,009,45235,7189,7220,340,7560,110
2022-02-28,Colusa,011,21464,3427,3422,1040,4462,21
2022-02-28,Contra Costa,013,1133247,189849,185272,13085,198357,1231
2022-02-28,Del Norte,015,27424,5686,5699,173,5872,45
2022-02-28,El Dorado,017,186661,26470,26409,3158,29567,191
2022-02-28,Fresno,019,978130,232729,226519,23959,250478,2622
2022-02-28,Glenn,021,27897,4951,4918,1589,6507,40
2022-02-28,Humboldt,023,135768,16670,16717,2870,19587,135
2022-02-28,Imperial,025,180216,55022,54517,10450,64967,875
2022-02-28,Inyo,027,18085,4046,4041,462,4503,56
2022-02-28,Kern,029,883053,190636,189245,45428,234673,2115
2022-02-28,Kings,031,150075,50953,50741,3483,54224,427
2022-02-28,Lake,033,64148,10553,10468,862,11330,128
2022-02-28,Lassen,035,31185,8839,8794,869,9663,55
2022-02-28,Los Angeles,037,10098052,2691316,2666804,121468,2788272,30410
2022-02-28,Madera,039,155013,36988,37023,5949,42972,354
2022-02-28,Marin,041,260295,32870,32775,2147,34922,272
2022-02-28,Mariposa,043,17540,2362,2354,194,2548,6
2022-02-28,Mendocino,045,87422,12897,12800,2950,15750,112
2022-02-28,Merced,047,269075,62107,61519,8582,70101,781
2022-02-28,Modoc,049,8938,726,727,247,974,7
2022-02-28,Mono,051,14174,2959,2961,120,3081,5
2022-02-28,Monterey,053,433212,78626,77865,13146,91011,693
2022-02-28,Napa,055,140530,25300,25317,918,26235,129
2022-02-28,Nevada,057,99092,15794,15908,1161,17069,121
2022-02-28,Orange,059,3164182,542837,540839,40897,581736,6605
2022-02-28,Placer,061,380077,62192,61976,7248,69224,577
2022-02-28,Plumas,063,18699,2953,2691,356,3047,13
2022-02-28,Riverside,065,2383286,588084,585891,27489,613380,6179
2022-02-28,Sacramento,067,1510023,278348,273038,26214,299252,2825
2022-02-28,San Benito,069,59416,12854,12798,507,13305,94
2022-02-28,San Bernardino,071,2135413,571461,556540,24702,581242,6576
2022-02-28,San Diego,073,3302833,743528,737760,51986,789746,5018
2022-02-28,San Francisco,075,870044,121933,123402,8032,131434,792
2022-02-28,San Joaquin,077,732212,165480,164833,9776,174609,2060
2022-02-28,San Luis Obispo,079,281455,51817,51565,3657,55222,440
2022-02-28,San Mateo,081,765935,119792,118301,6760,125061,611
2022-02-28,Santa Barbara,083,443738,84992,85076,4634,89710,653
2022-02-28,Santa Clara,085,1922200,309901,306930,12081,319011,2180
2022-02-28,Santa Cruz,087,273765,46854,46447,2054,48501,253
2022-02-28,Shasta,089,179085,30225,30213,6010,36223,488
2022-02-28,Sierra,091,2930,271,273,47,320,4
2022-02-28,Siskiyou,093,43540,4394,4382,2687,7069,74
2022-02-28,Solano,095,438530,80540,80544,5471,86015,430
2022-02-28,Sonoma,097,501317,82400,82058,2527,84585,477
2022-02-28,Stanislaus,099,539301,116771,117231,17643,134874,1521
2022-02-28,Sutter,101,95872,20280,20285,1993,22278,214
2022-02-28,Tehama,103,63373,11959,11917,2557,14474,158
2022-02-28,Trinity,105,12862,1176,1160,284,1444,20
2022-02-28,Tulare,107,460477,105601,103304,27266,130570,1300
2022-02-28,Tuolumne,109,53932,12575,12247,549,12796,175
2022-02-28,Ventura,111,848112,171688,171614,9291,180905,1423
2022-02-28,Yolo,113,214977,36551,35754,2828,38582,299
2022-02-28,Yuba,115,75493,15663,15625,1159,16784,115
2022-02-27,Alameda,001,1643700,252348,251624,13309,264933,1744
2022-02-27,Alpine,002,1148,122,125,1,126,0
2022-02-27,Amador,005,37829,8377,8305,630,8935,83
2022-02-27,Butte,007,227075,32803,32551,6928,39479,368
2022-02-27,Calaveras,009,45235,7181,7214,340,7554,110
2022-02-27,Colusa,011,21464,3425,3422,1040,4462,21
2022-02-27,Contra Costa,013,1133247,189720,185185,13065,198250,1230
2022-02-27,Del Norte,015,27424,5669,5691,171,5862,45
2022-02-27,El Dorado,017,186661,26453,26410,3156,29566,191
2022-02-27,Fresno,019,978130,232529,226397,23932,250329,2621
2022-02-27,Glenn,021,27897,4949,4915,1589,6504,40
2022-02-27,Humboldt,023,135768,16648,16713,2863,19576,135
2022-02-27,Imperial,025,180216,54974,54509,10433,64942,875
2022-02-27,Inyo,027,18085,4045,4041,458,4499,56
2022-02-27,Kern,029,883053,190519,189219,45389,234608,2115
2022-02-27,Kings,031,150075,50925,50733,3482,54215,428
2022-02-27,Lake,033,64148,10534,10463,862,11325,128
2022-02-27,Lassen,035,31185,8831,8786,869,9655,55
2022-02-27,Los Angeles,037,10098052,2690007,2666789,121387,2788176,30410
2022-02-27,Madera,039,155013,36962,37009,5941,42950,354
2022-02-27,Marin,041,260295,32832,32756,2145,34901,272
2022-02-27,Mariposa,043,17540,2359,2352,194,2546,6
2022-02-27,Mendocino,045,87422,12880,12798,2937,15735,112
2022-02-27,Merced,047,269075,62054,61491,8564,70055,779
2022-02-27,Modoc,049,8938,725,727,247,974,7
2022-02-27,Mono,051,14174,2958,2960,120,3080,5
2022-02-27,Monterey,053,433212,78569,77851,13122,90973,693
2022-02-27,Napa,055,140530,25263,25316,918,26234,129
2022-02-27,Nevada,057,99092,15786,15900,1157,17057,121
2022-02-27,Orange,059,3164182,542591,540659,40868,581527,6605
2022-02-27,Placer,061,380077,62152,61965,7244,69209,577
2022-02-27,Plumas,063,18699,2950,2691,356,3047,13
2022-02-27,Riverside,065,2383286,587843,585833,27465,613298,6179
2022-02-27,Sacramento,067,1510023,278159,272927,26185,299112,2822
2022-02-27,San Benito,069,59416,12847,12798,507,13305,94
2022-02-27,San Bernardino,071,2135413,571276,556457,24692,581149,6572
2022-02-27,San Diego,073,3302833,743057,737760,51940,789700,5018
2022-02-27,San Francisco,075,870044,121809,123327,8021,131348,791
2022-02-27,San Joaquin,077,732212,165376,164814,9769,174583,2060
2022-02-27,San Luis Obispo,079,281455,51725,51564,3650,55214,439
2022-02-27,San Mateo,081,765935,119682,118244,6755,124999,611
2022-02-27,Santa Barbara,083,443738,84954,85050,4630,89680,653
2022-02-27,Santa Clara,085,1922200,309612,306756,12054,318810,2180
2022-02-27,Santa Cruz,087,273765,46793,46411,2054,48465,253
2022-02-27,Shasta,089,179085,30193,30206,6005,36211,488
2022-02-27,Sierra,091,2930,271,273,47,320,4
2022-02-27,Siskiyou,093,43540,4389,4378,2675,7053,74
2022-02-27,Solano,095,438530,80466,80515,5458,85973,430
2022-02-27,Sonoma,097,501317,82318,82041,2520,84561,476
2022-02-27,Stanislaus,099,539301,116705,117200,17623,134823,1522
2022-02-27,Sutter,101,95872,20263,20280,1987,22267,214
2022-02-27,Tehama,103,63373,11946,11915,2556,14471,158
2022-02-27,Trinity,105,12862,1175,1158,284,1442,20
2022-02-27,Tulare,107,460477,105532,103270,27219,130489,1300
2022-02-27,Tuolumne,109,53932,12562,12243,548,12791,175
2022-02-27,Ventura,111,848112,171613,171660,9287,180947,1423
2022-02-27,Yolo,113,214977,36524,35744,2823,38567,299
2022-02-27,Yuba,115,75493,15653,15619,1157,16776,113
2022-02-26,Alameda,001,1643700,252234,250867,13305,264172,1716
2022-02-26,Alpine,002,1148,122,125,1,126,0
2022-02-26,Amador,005,37829,8375,8282,629,8911,83
2022-02-26,Butte,007,227075,32789,32466,6925,39391,368
2022-02-26,Calaveras,009,45235,7180,7192,340,7532,110
2022-02-26,Colusa,011,21464,3425,3414,1040,4454,21
2022-02-26,Contra Costa,013,1133247,189652,184686,13047,197733,1209
2022-02-26,Del Norte,015,27424,5664,5639,171,5810,45
2022-02-26,El Dorado,017,186661,26442,26355,3153,29508,191
2022-02-26,Fresno,019,978130,232439,225679,23932,249611,2597
2022-02-26,Glenn,021,27897,4947,4909,1588,6497,40
2022-02-26,Humboldt,023,135768,16623,16619,2862,19481,133
2022-02-26,Imperial,025,180216,54947,54367,10431,64798,871
2022-02-26,Inyo,027,18085,4044,4034,453,4487,56
2022-02-26,Kern,029,883053,190466,188584,45370,233954,2106
2022-02-26,Kings,031,150075,50912,50579,3482,54061,423
2022-02-26,Lake,033,64148,10529,10383,862,11245,128
2022-02-26,Lassen,035,31185,8830,8761,869,9630,55
2022-02-26,Los Angeles,037,10098052,2689437,2660973,121347,2782320,30202
2022-02-26,Madera,039,155013,36947,36933,5939,42872,330
2022-02-26,Marin,041,260295,32816,32651,2143,34794,267
2022-02-26,Mariposa,043,17540,2358,2332,194,2526,6
2022-02-26,Mendocino,045,87422,12873,12762,2937,15699,111
2022-02-26,Merced,047,269075,62033,61348,8563,69911,775
2022-02-26,Modoc,049,8938,725,726,247,973,7
2022-02-26,Mono,051,14174,2958,2959,119,3078,5
2022-02-26,Monterey,053,433212,78537,77610,13116,90726,692
2022-02-26,Napa,055,140530,25248,25221,917,26138,130
2022-02-26,Nevada,057,99092,15782,15850,1155,17005,121
2022-02-26,Orange,059,3164182,542480,539992,40851,580843,6540
2022-02-26,Placer,061,380077,62133,61803,7241,69044,573
2022-02-26,Plumas,063,18699,2950,2673,356,3029,13
2022-02-26,Riverside,065,2383286,587722,584835,27456,612291,6143
2022-02-26,Sacramento,067,1510023,278063,272339,26175,298514,2793
2022-02-26,San Benito,069,59416,12843,12770,507,13277,92
2022-02-26,San Bernardino,071,2135413,571187,555668,24685,580353,6505
2022-02-26,San Diego,073,3302833,742834,736049,51916,787965,5002
2022-02-26,San Francisco,075,870044,121739,123079,8013,131092,769
2022-02-26,San Joaquin,077,732212,165343,164418,9768,174186,2048
2022-02-26,San Luis Obispo,079,281455,51713,51358,3648,55006,438
2022-02-26,San Mateo,081,765935,119628,117860,6754,124614,603
2022-02-26,Santa Barbara,083,443738,84923,84830,4630,89460,652
2022-02-26,Santa Clara,085,1922200,309463,305895,12050,317945,2166
2022-02-26,Santa Cruz,087,273765,46770,46186,2054,48240,251
2022-02-26,Shasta,089,179085,30184,30108,5999,36107,485
2022-02-26,Sierra,091,2930,271,270,47,317,1
2022-02-26,Siskiyou,093,43540,4389,4359,2673,7032,72
2022-02-26,Solano,095,438530,80431,80225,5454,85679,428
2022-02-26,Sonoma,097,501317,82284,81702,2518,84220,432
2022-02-26,Stanislaus,099,539301,116667,116896,17618,134514,1503
2022-02-26,Sutter,101,95872,20254,20230,1987,22217,214
2022-02-26,Tehama,103,63373,11940,11878,2554,14432,158
2022-02-26,Trinity,105,12862,1174,1156,284,1440,20
2022-02-26,Tulare,107,460477,105496,102983,27204,130187,1295
2022-02-26,Tuolumne,109,53932,12559,12169,548,12717,175
2022-02-26,Ventura,111,848112,171581,171292,9284,180576,1411
2022-02-26,Yolo,113,214977,36503,35615,2820,38435,296
2022-02-26,Yuba,115,75493,15641,15587,1157,16744,113
2022-02-25,Alameda,001,1643700,252111,250867,13296,264163,1716
2022-02-25,Alpine,002,1148,122,125,1,126,0
2022-02-25,Amador,005,37829,8364,8282,629,8911,83
2022-02-25,Butte,007,227075,32776,32466,6922,39388,368
2022-02-25,Calaveras,009,45235,7178,7192,340,7532,110
2022-02-25,Colusa,011,21464,3425,3414,1040,4454,21
2022-02-25,Contra Costa,013,1133247,189568,184686,13026,197712,1209
2022-02-25,Del Norte,015,27424,5655,5639,171,5810,45
2022-02-25,El Dorado,017,186661,26434,26355,3153,29508,191
2022-02-25,Fresno,019,978130,232342,225679,23925,249604,2597
2022-02-25,Glenn,021,27897,4945,4909,1588,6497,40
2022-02-25,Humboldt,023,135768,16612,16619,2862,19481,133
2022-02-25,Imperial,025,180216,54929,54367,10430,64797,871
2022-02-25,Inyo,027,18085,4043,4034,453,4487,56
2022-02-25,Kern,029,883053,190401,188584,45357,233941,2106
2022-02-25,Kings,031,150075,50898,50579,3480,54059,423
2022-02-25,Lake,033,64148,10511,10383,862,11245,128
2022-02-25,Lassen,035,31185,8827,8761,869,9630,55
2022-02-25,Los Angeles,037,10098052,2688851,2660973,121316,2782289,30202
2022-02-25,Madera,039,155013,36927,36933,5938,42871,330
2022-02-25,Marin,041,260295,32802,32651,2143,34794,267
2022-02-25,Mariposa,043,17540,2355,2332,194,2526,6
2022-02-25,Mendocino,045,87422,12871,12762,2937,15699,111
2022-02-25,Merced,047,269075,62003,61348,8558,69906,775
2022-02-25,Modoc,049,8938,725,726,247,973,7
2022-02-25,Mono,051,14174,2957,2959,119,3078,5
2022-02-25,Monterey,053,433212,78509,77610,13110,90720,692
2022-02-25,Napa,055,140530,25239,25221,917,26138,130
2022-02-25,Nevada,057,99092,15771,15850,1152,17002,121
2022-02-25,Orange,059,3164182,542345,539992,40828,580820,6540
2022-02-25,Placer,061,380077,62118,61803,7235,69038,573
2022-02-25,Plumas,063,18699,2948,2673,356,3029,13
2022-02-25,Riverside,065,2383286,587568,584835,27444,612279,6143
2022-02-25,Sacramento,067,1510023,277961,272339,26170,298509,2793
2022-02-25,San Benito,069,59416,12841,12770,507,13277,92
2022-02-25,San Bernardino,071,2135413,571080,555668,24678,580346,6505
2022-02-25,San Diego,073,3302833,742551,736049,51897,787946,5002
2022-02-25,San Francisco,075,870044,121658,123079,8010,131089,769
2022-02-25,San Joaquin,077,732212,165303,164418,9763,174181,2048
2022-02-25,San Luis Obispo,079,281455,51709,51358,3639,54997,438
2022-02-25,San Mateo,081,765935,119566,117860,6750,124610,603
2022-02-25,Santa Barbara,083,443738,84886,84830,4630,89460,652
2022-02-25,Santa Clara,085,1922200,309277,305895,12047,317942,2166
2022-02-25,Santa Cruz,087,273765,46736,46186,2052,48238,251
2022-02-25,Shasta,089,179085,30175,30108,5997,36105,485
2022-02-25,Sierra,091,2930,271,270,47,317,1
2022-02-25,Siskiyou,093,43540,4389,4359,2672,7031,72
2022-02-25,Solano,095,438530,80402,80225,5453,85678,428
2022-02-25,Sonoma,097,501317,82233,81702,2516,84218,432
2022-02-25,Stanislaus,099,539301,116639,116896,17614,134510,1503
2022-02-25,Sutter,101,95872,20245,20230,1987,22217,214
2022-02-25,Tehama,103,63373,11938,11878,2554,14432,158
2022-02-25,Trinity,105,12862,1174,1156,284,1440,20
2022-02-25,Tulare,107,460477,105462,102983,27182,130165,1295
2022-02-25,Tuolumne,109,53932,12556,12169,548,12717,175
2022-02-25,Ventura,111,848112,171530,171292,9283,180575,1411
2022-02-25,Yolo,113,214977,36488,35615,2820,38435,296
2022-02-25,Yuba,115,75493,15634,15587,1157,16744,113
2022-02-24,Alameda,001,1643700,251903,250867,13287,264154,1716
2022-02-24,Alpine,002,1148,122,125,1,126,0
2022-02-24,Amador,005,37829,8359,8282,628,8910,83
2022-02-24,Butte,007,227075,32755,32466,6918,39384,368
2022-02-24,Calaveras,009,45235,7176,7192,338,7530,110
2022-02-24,Colusa,011,21464,3424,3414,1039,4453,21
2022-02-24,Contra Costa,013,1133247,189439,184686,13017,197703,1209
2022-02-24,Del Norte,015,27424,5640,5639,170,5809,45
2022-02-24,El Dorado,017,186661,26418,26355,3153,29508,191
2022-02-24,Fresno,019,978130,232147,225679,23910,249589,2597
2022-02-24,Glenn,021,27897,4943,4909,1587,6496,40
2022-02-24,Humboldt,023,135768,16596,16619,2861,19480,133
2022-02-24,Imperial,025,180216,54889,54367,10421,64788,871
2022-02-24,Inyo,027,18085,4042,4034,452,4486,56
2022-02-24,Kern,029,883053,190261,188584,45324,233908,2106
2022-02-24,Kings,031,150075,50868,50579,3475,54054,423
2022-02-24,Lake,033,64148,10494,10383,862,11245,128
2022-02-24,Lassen,035,31185,8823,8761,868,9629,55
2022-02-24,Los Angeles,037,10098052,2687694,2660973,121261,2782234,30202
2022-02-24,Madera,039,155013,36901,36933,5936,42869,330
2022-02-24,Marin,041,260295,32782,32651,2142,34793,267
2022-02-24,Mariposa,043,17540,2349,2332,193,2525,6
2022-02-24,Mendocino,045,87422,12864,12762,2933,15695,111
2022-02-24,Merced,047,269075,61973,61348,8549,69897,775
2022-02-24,Modoc,049,8938,724,726,247,973,7
2022-02-24,Mono,051,14174,2956,2959,119,3078,5
2022-02-24,Monterey,053,433212,78457,77610,13102,90712,692
2022-02-24,Napa,055,140530,25199,25221,913,26134,130
2022-02-24,Nevada,057,99092,15757,15850,1152,17002,121
2022-02-24,Orange,059,3164182,542096,539992,40793,580785,6540
2022-02-24,Placer,061,380077,62081,61803,7233,69036,573
2022-02-24,Plumas,063,18699,2943,2673,355,3028,13
2022-02-24,Riverside,065,2383286,587315,584835,27418,612253,6143
2022-02-24,Sacramento,067,1510023,277788,272339,26154,298493,2793
2022-02-24,San Benito,069,59416,12830,12770,507,13277,92
2022-02-24,San Bernardino,071,2135413,570887,555668,24666,580334,6505
2022-02-24,San Diego,073,3302833,742137,736049,51850,787899,5002
2022-02-24,San Francisco,075,870044,121535,123079,8003,131082,769
2022-02-24,San Joaquin,077,732212,165175,164418,9759,174177,2048
2022-02-24,San Luis Obispo,079,281455,51663,51358,3637,54995,438
2022-02-24,San Mateo,081,765935,119473,117860,6744,124604,603
2022-02-24,Santa Barbara,083,443738,84821,84830,4629,89459,652
2022-02-24,Santa Clara,085,1922200,309042,305895,12034,317929,2166
2022-02-24,Santa Cruz,087,273765,46656,46186,2050,48236,251
2022-02-24,Shasta,089,179085,30156,30108,5991,36099,485
2022-02-24,Sierra,091,2930,271,270,47,317,1
2022-02-24,Siskiyou,093,43540,4386,4359,2669,7028,72
2022-02-24,Solano,095,438530,80323,80225,5449,85674,428
2022-02-24,Sonoma,097,501317,82179,81702,2511,84213,432
2022-02-24,Stanislaus,099,539301,116564,116896,17601,134497,1503
2022-02-24,Sutter,101,95872,20231,20230,1971,22201,214
2022-02-24,Tehama,103,63373,11932,11878,2553,14431,158
2022-02-24,Trinity,105,12862,1172,1156,284,1440,20
2022-02-24,Tulare,107,460477,105406,102983,27153,130136,1295
2022-02-24,Tuolumne,109,53932,12546,12169,546,12715,175
2022-02-24,Ventura,111,848112,171452,171292,9280,180572,1411
2022-02-24,Yolo,113,214977,36462,35615,2818,38433,296
2022-02-24,Yuba,115,75493,15620,15587,1157,16744,113
2022-02-23,Alameda,001,1643700,251677,247686,13273,260959,1713
2022-02-23,Alpine,002,1148,122,125,1,126,0
2022-02-23,Amador,005,37829,8341,8274,628,8902,79
2022-02-23,Butte,007,227075,32728,32417,6915,39332,367
2022-02-23,Calaveras,009,45235,7166,7182,337,7519,107
2022-02-23,Colusa,011,21464,3420,3411,1039,4450,21
2022-02-23,Contra Costa,013,1133247,189296,184013,13004,197017,1209
2022-02-23,Del Norte,015,27424,5629,5625,169,5794,45
2022-02-23,El Dorado,017,186661,26402,26317,3149,29466,189
2022-02-23,Fresno,019,978130,231960,225308,23887,249195,2596
2022-02-23,Glenn,021,27897,4939,4909,1585,6494,40
2022-02-23,Humboldt,023,135768,16580,16601,2858,19459,132
2022-02-23,Imperial,025,180216,54850,54292,10408,64700,871
2022-02-23,Inyo,027,18085,4041,4031,449,4480,54
2022-02-23,Kern,029,883053,190158,188432,45277,233709,2106
2022-02-23,Kings,031,150075,50835,50416,3474,53890,423
2022-02-23,Lake,033,64148,10476,10368,861,11229,126
2022-02-23,Lassen,035,31185,8807,8749,868,9617,55
2022-02-23,Los Angeles,037,10098052,2686332,2659569,121219,2780788,30167
2022-02-23,Madera,039,155013,36870,36876,5926,42802,330
2022-02-23,Marin,041,260295,32759,32625,2141,34766,267
2022-02-23,Mariposa,043,17540,2344,2325,192,2517,6
2022-02-23,Mendocino,045,87422,12854,12747,2929,15676,111
2022-02-23,Merced,047,269075,61941,61295,8543,69838,772
2022-02-23,Modoc,049,8938,724,723,246,969,7
2022-02-23,Mono,051,14174,2955,2960,119,3079,5
2022-02-23,Monterey,053,433212,78419,77472,13079,90551,691
2022-02-23,Napa,055,140530,25174,25185,908,26093,128
2022-02-23,Nevada,057,99092,15751,15825,1149,16974,121
2022-02-23,Orange,059,3164182,541790,539631,40771,580402,6520
2022-02-23,Placer,061,380077,62034,61758,7226,68984,573
2022-02-23,Plumas,063,18699,2939,2663,355,3018,13
2022-02-23,Riverside,065,2383286,587024,584381,27382,611763,6119
2022-02-23,Sacramento,067,1510023,277629,272057,26133,298190,2796
2022-02-23,San Benito,069,59416,12823,12756,506,13262,92
2022-02-23,San Bernardino,071,2135413,570727,555238,24650,579888,6479
2022-02-23,San Diego,073,3302833,741633,735406,51800,787206,4988
2022-02-23,San Francisco,075,870044,121409,122127,8001,130128,769
2022-02-23,San Joaquin,077,732212,165083,164257,9753,174010,2042
2022-02-23,San Luis Obispo,079,281455,51615,51264,3635,54899,434
2022-02-23,San Mateo,081,765935,119382,117585,6735,124320,603
2022-02-23,Santa Barbara,083,443738,84760,84760,4625,89385,651
2022-02-23,Santa Clara,085,1922200,308785,305484,12025,317509,2157
2022-02-23,Santa Cruz,087,273765,46586,46059,2049,48108,251
2022-02-23,Shasta,089,179085,30128,30066,5988,36054,481
2022-02-23,Sierra,091,2930,271,270,47,317,1
2022-02-23,Siskiyou,093,43540,4383,4356,2667,7023,71
2022-02-23,Solano,095,438530,80233,80103,5447,85550,427
2022-02-23,Sonoma,097,501317,82125,81594,2509,84103,432
2022-02-23,Stanislaus,099,539301,116487,116789,17592,134381,1482
2022-02-23,Sutter,101,95872,20214,20194,1967,22161,213
2022-02-23,Tehama,103,63373,11922,11863,2553,14416,154
2022-02-23,Trinity,105,12862,1172,1156,284,1440,20
2022-02-23,Tulare,107,460477,105339,102812,27130,129942,1290
2022-02-23,Tuolumne,109,53932,12537,12158,545,12703,175
2022-02-23,Ventura,111,848112,171364,171163,9273,180436,1401
2022-02-23,Yolo,113,214977,36424,35590,2811,38401,296
2022-02-23,Yuba,115,75493,15617,15571,1155,16726,113
2022-02-22,Alameda,001,1643700,251429,247434,13262,260696,1706
2022-02-22,Alpine,002,1148,122,124,1,125,0
2022-02-22,Amador,005,37829,8331,8243,628,8871,79
2022-02-22,Butte,007,227075,32693,32359,6908,39267,366
2022-02-22,Calaveras,009,45235,7157,7178,337,7515,107
2022-02-22,Colusa,011,21464,3419,3402,1037,4439,21
2022-02-22,Contra Costa,013,1133247,189143,183812,12985,196797,1201
2022-02-22,Del Norte,015,27424,5620,5611,168,5779,45
2022-02-22,El Dorado,017,186661,26393,26289,3149,29438,189
2022-02-22,Fresno,019,978130,231734,225104,23861,248965,2592
2022-02-22,Glenn,021,27897,4938,4900,1584,6484,40
2022-02-22,Humboldt,023,135768,16556,16559,2854,19413,132
2022-02-22,Imperial,025,180216,54818,54227,10404,64631,864
2022-02-22,Inyo,027,18085,4039,4026,447,4473,54
2022-02-22,Kern,029,883053,190038,188237,45241,233478,2102
2022-02-22,Kings,031,150075,50773,50359,3472,53831,423
2022-02-22,Lake,033,64148,10465,10353,859,11212,126
2022-02-22,Lassen,035,31185,8803,8730,868,9598,55
2022-02-22,Los Angeles,037,10098052,2684873,2658230,121130,2779360,30129
2022-02-22,Madera,039,155013,36836,36833,5917,42750,330
2022-02-22,Marin,041,260295,32734,32591,2140,34731,267
2022-02-22,Mariposa,043,17540,2336,2322,192,2514,6
2022-02-22,Mendocino,045,87422,12840,12714,2919,15633,110
2022-02-22,Merced,047,269075,61880,61241,8536,69777,770
2022-02-22,Modoc,049,8938,721,720,246,966,6
2022-02-22,Mono,051,14174,2955,2961,119,3080,5
2022-02-22,Monterey,053,433212,78365,77359,13060,90419,690
2022-02-22,Napa,055,140530,25145,25151,907,26058,128
2022-02-22,Nevada,057,99092,15735,15815,1148,16963,121
2022-02-22,Orange,059,3164182,541503,539390,40738,580128,6502
2022-02-22,Placer,061,380077,61996,61709,7221,68930,572
2022-02-22,Plumas,063,18699,2933,2659,354,3013,13
2022-02-22,Riverside,065,2383286,586766,583969,27362,611331,6097
2022-02-22,Sacramento,067,1510023,277439,271789,26109,297898,2775
2022-02-22,San Benito,069,59416,12812,12742,505,13247,92
2022-02-22,San Bernardino,071,2135413,570525,554903,24631,579534,6451
2022-02-22,San Diego,073,3302833,741108,734536,51745,786281,4974
2022-02-22,San Francisco,075,870044,121279,121954,7997,129951,769
2022-02-22,San Joaquin,077,732212,164962,164111,9743,173854,2040
2022-02-22,San Luis Obispo,079,281455,51530,51193,3629,54822,431
2022-02-22,San Mateo,081,765935,119288,117418,6730,124148,603
2022-02-22,Santa Barbara,083,443738,84699,84701,4621,89322,650
2022-02-22,Santa Clara,085,1922200,308502,305045,12019,317064,2155
2022-02-22,Santa Cruz,087,273765,46521,45958,2049,48007,251
2022-02-22,Shasta,089,179085,30103,30024,5983,36007,479
2022-02-22,Sierra,091,2930,271,269,46,315,0
2022-02-22,Siskiyou,093,43540,4380,4350,2662,7012,70
2022-02-22,Solano,095,438530,80157,79968,5445,85413,425
2022-02-22,Sonoma,097,501317,82059,81412,2505,83917,431
2022-02-22,Stanislaus,099,539301,116408,116676,17572,134248,1475
2022-02-22,Sutter,101,95872,20198,20164,1965,22129,210
2022-02-22,Tehama,103,63373,11913,11852,2552,14404,152
2022-02-22,Trinity,105,12862,1172,1147,283,1430,20
2022-02-22,Tulare,107,460477,105232,102717,27100,129817,1287
2022-02-22,Tuolumne,109,53932,12518,12136,544,12680,175
2022-02-22,Ventura,111,848112,171279,171064,9267,180331,1401
2022-02-22,Yolo,113,214977,36387,35527,2806,38333,292
2022-02-22,Yuba,115,75493,15607,15550,1154,16704,110
2022-02-21,Alameda,001,1643700,251147,247434,13246,260680,1704
2022-02-21,Alpine,002,1148,122,124,1,125,0
2022-02-21,Amador,005,37829,8325,8246,628,8874,79
2022-02-21,Butte,007,227075,32651,32356,6884,39240,366
2022-02-21,Calaveras,009,45235,7149,7175,337,7512,107
2022-02-21,Colusa,011,21464,3417,3401,1035,4436,21
2022-02-21,Contra Costa,013,1133247,188915,183701,12971,196672,1201
2022-02-21,Del Norte,015,27424,5602,5601,167,5768,45
2022-02-21,El Dorado,017,186661,26365,26273,3144,29417,189
2022-02-21,Fresno,019,978130,231418,224923,23805,248728,2592
2022-02-21,Glenn,021,27897,4933,4897,1584,6481,40
2022-02-21,Humboldt,023,135768,16513,16548,2846,19394,132
2022-02-21,Imperial,025,180216,54758,54208,10391,64599,864
2022-02-21,Inyo,027,18085,4036,4023,447,4470,54
2022-02-21,Kern,029,883053,189845,188188,45189,233377,2102
2022-02-21,Kings,031,150075,50707,50188,3469,53657,422
2022-02-21,Lake,033,64148,10443,10334,857,11191,126
2022-02-21,Lassen,035,31185,8795,8705,863,9568,55
2022-02-21,Los Angeles,037,10098052,2683100,2656873,121035,2777908,30108
2022-02-21,Madera,039,155013,36799,36796,5896,42692,330
2022-02-21,Marin,041,260295,32710,32570,2140,34710,258
2022-02-21,Mariposa,043,17540,2333,2321,192,2513,6
2022-02-21,Mendocino,045,87422,12813,12706,2908,15614,110
2022-02-21,Merced,047,269075,61823,61209,8519,69728,770
2022-02-21,Modoc,049,8938,720,718,246,964,6
2022-02-21,Mono,051,14174,2954,2960,119,3079,5
2022-02-21,Monterey,053,433212,78271,77354,13019,90373,690
2022-02-21,Napa,055,140530,25106,25126,907,26033,128
2022-02-21,Nevada,057,99092,15724,15810,1145,16955,121
2022-02-21,Orange,059,3164182,541151,539068,40713,579781,6502
2022-02-21,Placer,061,380077,61942,61727,7217,68944,572
2022-02-21,Plumas,063,18699,2930,2657,349,3006,13
2022-02-21,Riverside,065,2383286,586397,583712,27315,611027,6097
2022-02-21,Sacramento,067,1510023,277186,271588,26076,297664,2769
2022-02-21,San Benito,069,59416,12799,12731,505,13236,92
2022-02-21,San Bernardino,071,2135413,570287,554662,24610,579272,6441
2022-02-21,San Diego,073,3302833,740493,732298,51667,783965,4974
2022-02-21,San Francisco,075,870044,121098,121865,7993,129858,769
2022-02-21,San Joaquin,077,732212,164821,164036,9731,173767,2040
2022-02-21,San Luis Obispo,079,281455,51439,51184,3622,54806,429
2022-02-21,San Mateo,081,765935,119195,117259,6722,123981,605
2022-02-21,Santa Barbara,083,443738,84622,84626,4613,89239,650
2022-02-21,Santa Clara,085,1922200,308171,304858,12013,316871,2158
2022-02-21,Santa Cruz,087,273765,46395,45941,2048,47989,251
2022-02-21,Shasta,089,179085,30058,30004,5975,35979,479
2022-02-21,Sierra,091,2930,271,269,46,315,0
2022-02-21,Siskiyou,093,43540,4369,4337,2657,6994,70
2022-02-21,Solano,095,438530,80064,79906,5440,85346,425
2022-02-21,Sonoma,097,501317,81946,81361,2498,83859,431
2022-02-21,Stanislaus,099,539301,116301,116597,17548,134145,1475
2022-02-21,Sutter,101,95872,20173,20152,1963,22115,210
2022-02-21,Tehama,103,63373,11899,11842,2551,14393,152
2022-02-21,Trinity,105,12862,1171,1147,283,1430,20
2022-02-21,Tulare,107,460477,105138,102614,27057,129671,1287
2022-02-21,Tuolumne,109,53932,12507,12126,541,12667,175
2022-02-21,Ventura,111,848112,171140,170939,9258,180197,1401
2022-02-21,Yolo,113,214977,36344,35518,2797,38315,292
2022-02-21,Yuba,115,75493,15588,15546,1145,16691,110
2022-02-20,Alameda,001,1643700,250918,246028,13238,259266,1700
2022-02-20,Alpine,002,1148,122,124,1,125,0
2022-02-20,Amador,005,37829,8313,8203,628,8831,79
2022-02-20,Butte,007,227075,32623,32173,6880,39053,364
2022-02-20,Calaveras,009,45235,7146,7136,336,7472,107
2022-02-20,Colusa,011,21464,3414,3389,1034,4423,21
2022-02-20,Contra Costa,013,1133247,188785,182797,12966,195763,1190
2022-02-20,Del Norte,015,27424,5587,5511,167,5678,45
2022-02-20,El Dorado,017,186661,26344,26101,3143,29244,189
2022-02-20,Fresno,019,978130,231221,223594,23789,247383,2544
2022-02-20,Glenn,021,27897,4930,4881,1584,6465,39
2022-02-20,Humboldt,023,135768,16501,16393,2842,19235,132
2022-02-20,Imperial,025,180216,54692,53967,10381,64348,862
2022-02-20,Inyo,027,18085,4036,4018,446,4464,52
2022-02-20,Kern,029,883053,189710,187158,45145,232303,2095
2022-02-20,Kings,031,150075,50679,49724,3466,53190,421
2022-02-20,Lake,033,64148,10410,10184,856,11040,126
2022-02-20,Lassen,035,31185,8783,8640,863,9503,55
2022-02-20,Los Angeles,037,10098052,2681779,2642878,120954,2763832,29842
2022-02-20,Madera,039,155013,36768,36526,5892,42418,330
2022-02-20,Marin,041,260295,32693,32441,2140,34581,258
2022-02-20,Mariposa,043,17540,2327,2310,190,2500,6
2022-02-20,Mendocino,045,87422,12803,12625,2905,15530,110
2022-02-20,Merced,047,269075,61795,60886,8514,69400,769
2022-02-20,Modoc,049,8938,719,714,246,960,6
2022-02-20,Mono,051,14174,2954,2956,119,3075,5
2022-02-20,Monterey,053,433212,78211,76765,13006,89771,682
2022-02-20,Napa,055,140530,25084,24970,905,25875,127
2022-02-20,Nevada,057,99092,15713,15715,1144,16859,121
2022-02-20,Orange,059,3164182,540832,538019,40676,578695,6416
2022-02-20,Placer,061,380077,61909,61417,7209,68626,560
2022-02-20,Plumas,063,18699,2926,2646,347,2993,13
2022-02-20,Riverside,065,2383286,586128,581788,27289,609077,6087
2022-02-20,Sacramento,067,1510023,277006,270080,26052,296132,2747
2022-02-20,San Benito,069,59416,12796,12665,505,13170,92
2022-02-20,San Bernardino,071,2135413,570079,553151,24593,577744,6400
2022-02-20,San Diego,073,3302833,739921,729549,51602,781151,4947
2022-02-20,San Francisco,075,870044,120961,121197,7983,129180,756
2022-02-20,San Joaquin,077,732212,164702,163083,9720,172803,2033
2022-02-20,San Luis Obispo,079,281455,51410,50823,3618,54441,424
2022-02-20,San Mateo,081,765935,119121,116648,6715,123363,598
2022-02-20,Santa Barbara,083,443738,84578,83988,4611,88599,642
2022-02-20,Santa Clara,085,1922200,307888,303077,12005,315082,2138
2022-02-20,Santa Cruz,087,273765,46329,45532,2045,47577,250
2022-02-20,Shasta,089,179085,30029,29847,5968,35815,479
2022-02-20,Sierra,091,2930,271,269,46,315,0
2022-02-20,Siskiyou,093,43540,4364,4307,2656,6963,70
2022-02-20,Solano,095,438530,79989,78914,5436,84350,424
2022-02-20,Sonoma,097,501317,81871,80843,2495,83338,431
2022-02-20,Stanislaus,099,539301,116235,115976,17531,133507,1454
2022-02-20,Sutter,101,95872,20161,20060,1960,22020,210
2022-02-20,Tehama,103,63373,11887,11760,2548,14308,152
2022-02-20,Trinity,105,12862,1170,1130,283,1413,20
2022-02-20,Tulare,107,460477,105050,101996,27032,129028,1286
2022-02-20,Tuolumne,109,53932,12486,12036,541,12577,175
2022-02-20,Ventura,111,848112,171044,170331,9251,179582,1384
2022-02-20,Yolo,113,214977,36318,35363,2794,38157,293
2022-02-20,Yuba,115,75493,15573,15449,1144,16593,112
2022-02-19,Alameda,001,1643700,250746,246028,13234,259262,1700
2022-02-19,Alpine,002,1148,122,124,1,125,0
2022-02-19,Amador,005,37829,8309,8203,628,8831,79
2022-02-19,Butte,007,227075,32599,32173,6877,39050,364
2022-02-19,Calaveras,009,45235,7146,7136,336,7472,107
2022-02-19,Colusa,011,21464,3413,3389,1032,4421,21
2022-02-19,Contra Costa,013,1133247,188688,182797,12965,195762,1190
2022-02-19,Del Norte,015,27424,5577,5511,167,5678,45
2022-02-19,El Dorado,017,186661,26326,26101,3141,29242,189
2022-02-19,Fresno,019,978130,231104,223594,23782,247376,2544
2022-02-19,Glenn,021,27897,4925,4881,1584,6465,39
2022-02-19,Humboldt,023,135768,16486,16393,2842,19235,132
2022-02-19,Imperial,025,180216,54676,53967,10376,64343,862
2022-02-19,Inyo,027,18085,4035,4018,445,4463,52
2022-02-19,Kern,029,883053,189607,187158,45121,232279,2095
2022-02-19,Kings,031,150075,50656,49724,3465,53189,421
2022-02-19,Lake,033,64148,10401,10184,856,11040,126
2022-02-19,Lassen,035,31185,8771,8640,862,9502,55
2022-02-19,Los Angeles,037,10098052,2680991,2642878,120912,2763790,29842
2022-02-19,Madera,039,155013,36746,36526,5890,42416,330
2022-02-19,Marin,041,260295,32670,32441,2139,34580,258
2022-02-19,Mariposa,043,17540,2324,2310,190,2500,6
2022-02-19,Mendocino,045,87422,12793,12625,2905,15530,110
2022-02-19,Merced,047,269075,61751,60886,8510,69396,769
2022-02-19,Modoc,049,8938,719,714,245,959,6
2022-02-19,Mono,051,14174,2953,2956,119,3075,5
2022-02-19,Monterey,053,433212,78122,76765,12995,89760,682
2022-02-19,Napa,055,140530,25074,24970,905,25875,127
2022-02-19,Nevada,057,99092,15705,15715,1144,16859,121
2022-02-19,Orange,059,3164182,540629,538019,40650,578669,6416
2022-02-19,Placer,061,380077,61862,61417,7209,68626,560
2022-02-19,Plumas,063,18699,2925,2646,347,2993,13
2022-02-19,Riverside,065,2383286,585946,581788,27277,609065,6087
2022-02-19,Sacramento,067,1510023,276861,270080,26041,296121,2747
2022-02-19,San Benito,069,59416,12783,12665,504,13169,92
2022-02-19,San Bernardino,071,2135413,569917,553151,24586,577737,6400
2022-02-19,San Diego,073,3302833,739576,729549,51555,781104,4947
2022-02-19,San Francisco,075,870044,120875,121197,7979,129176,756
2022-02-19,San Joaquin,077,732212,164627,163083,9709,172792,2033
2022-02-19,San Luis Obispo,079,281455,51397,50823,3614,54437,424
2022-02-19,San Mateo,081,765935,119079,116648,6714,123362,598
2022-02-19,Santa Barbara,083,443738,84511,83988,4610,88598,642
2022-02-19,Santa Clara,085,1922200,307693,303077,12003,315080,2138
2022-02-19,Santa Cruz,087,273765,46291,45532,2043,47575,250
2022-02-19,Shasta,089,179085,30015,29847,5965,35812,479
2022-02-19,Sierra,091,2930,271,269,46,315,0
2022-02-19,Siskiyou,093,43540,4361,4307,2656,6963,70
2022-02-19,Solano,095,438530,79947,78914,5435,84349,424
2022-02-19,Sonoma,097,501317,81829,80843,2495,83338,431
2022-02-19,Stanislaus,099,539301,116163,115976,17525,133501,1454
2022-02-19,Sutter,101,95872,20153,20060,1960,22020,210
2022-02-19,Tehama,103,63373,11880,11760,2548,14308,152
2022-02-19,Trinity,105,12862,1168,1130,283,1413,20
2022-02-19,Tulare,107,460477,105003,101996,27007,129003,1286
2022-02-19,Tuolumne,109,53932,12477,12036,541,12577,175
2022-02-19,Ventura,111,848112,170969,170331,9247,179578,1384
2022-02-19,Yolo,113,214977,36287,35363,2790,38153,293
2022-02-19,Yuba,115,75493,15564,15449,1144,16593,112
2022-02-18,Alameda,001,1643700,250581,246028,13226,259254,1700
2022-02-18,Alpine,002,1148,121,124,1,125,0
2022-02-18,Amador,005,37829,8302,8203,626,8829,79
2022-02-18,Butte,007,227075,32578,32173,6871,39044,364
2022-02-18,Calaveras,009,45235,7141,7136,335,7471,107
2022-02-18,Colusa,011,21464,3411,3389,1032,4421,21
2022-02-18,Contra Costa,013,1133247,188581,182797,12959,195756,1190
2022-02-18,Del Norte,015,27424,5566,5511,167,5678,45
2022-02-18,El Dorado,017,186661,26315,26101,3141,29242,189
2022-02-18,Fresno,019,978130,230917,223594,23769,247363,2544
2022-02-18,Glenn,021,27897,4924,4881,1583,6464,39
2022-02-18,Humboldt,023,135768,16469,16393,2837,19230,132
2022-02-18,Imperial,025,180216,54650,53967,10365,64332,862
2022-02-18,Inyo,027,18085,4033,4018,445,4463,52
2022-02-18,Kern,029,883053,189495,187158,45076,232234,2095
2022-02-18,Kings,031,150075,50569,49724,3465,53189,421
2022-02-18,Lake,033,64148,10383,10184,854,11038,126
2022-02-18,Lassen,035,31185,8751,8640,861,9501,55
2022-02-18,Los Angeles,037,10098052,2680008,2642878,120857,2763735,29842
2022-02-18,Madera,039,155013,36723,36526,5888,42414,330
2022-02-18,Marin,041,260295,32652,32441,2137,34578,258
2022-02-18,Mariposa,043,17540,2322,2310,190,2500,6
2022-02-18,Mendocino,045,87422,12783,12625,2905,15530,110
2022-02-18,Merced,047,269075,61708,60886,8501,69387,769
2022-02-18,Modoc,049,8938,719,714,245,959,6
2022-02-18,Mono,051,14174,2953,2956,119,3075,5
2022-02-18,Monterey,053,433212,78049,76765,12987,89752,682
2022-02-18,Napa,055,140530,25056,24970,905,25875,127
2022-02-18,Nevada,057,99092,15697,15715,1144,16859,121
2022-02-18,Orange,059,3164182,540392,538019,40611,578630,6416
2022-02-18,Placer,061,380077,61833,61417,7202,68619,560
2022-02-18,Plumas,063,18699,2921,2646,347,2993,13
2022-02-18,Riverside,065,2383286,585764,581788,27269,609057,6087
2022-02-18,Sacramento,067,1510023,276669,270080,26032,296112,2747
2022-02-18,San Benito,069,59416,12775,12665,504,13169,92
2022-02-18,San Bernardino,071,2135413,569739,553151,24581,577732,6400
2022-02-18,San Diego,073,3302833,739152,729549,51529,781078,4947
2022-02-18,San Francisco,075,870044,120787,121197,7971,129168,756
2022-02-18,San Joaquin,077,732212,164557,163083,9702,172785,2033
2022-02-18,San Luis Obispo,079,281455,51381,50823,3611,54434,424
2022-02-18,San Mateo,081,765935,119014,116648,6711,123359,598
2022-02-18,Santa Barbara,083,443738,84471,83988,4608,88596,642
2022-02-18,Santa Clara,085,1922200,307457,303077,12002,315079,2138
2022-02-18,Santa Cruz,087,273765,46257,45532,2042,47574,250
2022-02-18,Shasta,089,179085,30001,29847,5964,35811,479
2022-02-18,Sierra,091,2930,271,269,46,315,0
2022-02-18,Siskiyou,093,43540,4358,4307,2654,6961,70
2022-02-18,Solano,095,438530,79877,78914,5434,84348,424
2022-02-18,Sonoma,097,501317,81773,80843,2494,83337,431
2022-02-18,Stanislaus,099,539301,116113,115976,17511,133487,1454
2022-02-18,Sutter,101,95872,20141,20060,1960,22020,210
2022-02-18,Tehama,103,63373,11869,11760,2548,14308,152
2022-02-18,Trinity,105,12862,1167,1130,282,1412,20
2022-02-18,Tulare,107,460477,104952,101996,26966,128962,1286
2022-02-18,Tuolumne,109,53932,12471,12036,540,12576,175
2022-02-18,Ventura,111,848112,170879,170331,9242,179573,1384
2022-02-18,Yolo,113,214977,36259,35363,2788,38151,293
2022-02-18,Yuba,115,75493,15549,15449,1144,16593,112
2022-02-17,Alameda,001,1643700,250315,246028,13211,259239,1700
2022-02-17,Alpine,002,1148,121,124,1,125,0
2022-02-17,Amador,005,37829,8298,8203,624,8827,79
2022-02-17,Butte,007,227075,32545,32173,6867,39040,364
2022-02-17,Calaveras,009,45235,7132,7136,332,7468,107
2022-02-17,Colusa,011,21464,3408,3389,1032,4421,21
2022-02-17,Contra Costa,013,1133247,188385,182797,12927,195724,1190
2022-02-17,Del Norte,015,27424,5545,5511,167,5678,45
2022-02-17,El Dorado,017,186661,26289,26101,3131,29232,189
2022-02-17,Fresno,019,978130,230629,223594,23739,247333,2544
2022-02-17,Glenn,021,27897,4922,4881,1580,6461,39
2022-02-17,Humboldt,023,135768,16429,16393,2836,19229,132
2022-02-17,Imperial,025,180216,54579,53967,10349,64316,862
2022-02-17,Inyo,027,18085,4031,4018,444,4462,52
2022-02-17,Kern,029,883053,189341,187158,45027,232185,2095
2022-02-17,Kings,031,150075,50505,49724,3460,53184,421
2022-02-17,Lake,033,64148,10353,10184,850,11034,126
2022-02-17,Lassen,035,31185,8741,8640,859,9499,55
2022-02-17,Los Angeles,037,10098052,2678186,2642878,120777,2763655,29842
2022-02-17,Madera,039,155013,36680,36526,5881,42407,330
2022-02-17,Marin,041,260295,32626,32441,2136,34577,258
2022-02-17,Mariposa,043,17540,2320,2310,189,2499,6
2022-02-17,Mendocino,045,87422,12766,12625,2902,15527,110
2022-02-17,Merced,047,269075,61634,60886,8483,69369,769
2022-02-17,Modoc,049,8938,718,714,245,959,6
2022-02-17,Mono,051,14174,2951,2956,119,3075,5
2022-02-17,Monterey,053,433212,77937,76765,12945,89710,682
2022-02-17,Napa,055,140530,25024,24970,903,25873,127
2022-02-17,Nevada,057,99092,15685,15715,1143,16858,121
2022-02-17,Orange,059,3164182,540053,538019,40584,578603,6416
2022-02-17,Placer,061,380077,61791,61417,7194,68611,560
2022-02-17,Plumas,063,18699,2918,2646,347,2993,13
2022-02-17,Riverside,065,2383286,585390,581788,27242,609030,6087
2022-02-17,Sacramento,067,1510023,276382,270080,25984,296064,2747
2022-02-17,San Benito,069,59416,12764,12665,504,13169,92
2022-02-17,San Bernardino,071,2135413,569435,553151,24567,577718,6400
2022-02-17,San Diego,073,3302833,738555,729549,51475,781024,4947
2022-02-17,San Francisco,075,870044,120653,121197,7961,129158,756
2022-02-17,San Joaquin,077,732212,164392,163083,9689,172772,2033
2022-02-17,San Luis Obispo,079,281455,51276,50823,3603,54426,424
2022-02-17,San Mateo,081,765935,118919,116648,6702,123350,598
2022-02-17,Santa Barbara,083,443738,84371,83988,4601,88589,642
2022-02-17,Santa Clara,085,1922200,307087,303077,11988,315065,2138
2022-02-17,Santa Cruz,087,273765,46174,45532,2040,47572,250
2022-02-17,Shasta,089,179085,29974,29847,5961,35808,479
2022-02-17,Sierra,091,2930,271,269,46,315,0
2022-02-17,Siskiyou,093,43540,4349,4307,2650,6957,70
2022-02-17,Solano,095,438530,79796,78914,5427,84341,424
2022-02-17,Sonoma,097,501317,81707,80843,2487,83330,431
2022-02-17,Stanislaus,099,539301,116009,115976,17494,133470,1454
2022-02-17,Sutter,101,95872,20126,20060,1952,22012,210
2022-02-17,Tehama,103,63373,11861,11760,2547,14307,152
2022-02-17,Trinity,105,12862,1165,1130,280,1410,20
2022-02-17,Tulare,107,460477,104840,101996,26942,128938,1286
2022-02-17,Tuolumne,109,53932,12460,12036,540,12576,175
2022-02-17,Ventura,111,848112,170739,170331,9241,179572,1384
2022-02-17,Yolo,113,214977,36221,35363,2787,38150,293
2022-02-17,Yuba,115,75493,15534,15449,1144,16593,112
2022-02-16,Alameda,001,1643700,250007,245662,13174,258836,1691
2022-02-16,Alpine,002,1148,121,124,1,125,0
2022-02-16,Amador,005,37829,8280,8197,623,8820,77
2022-02-16,Butte,007,227075,32499,32095,6854,38949,363
2022-02-16,Calaveras,009,45235,7128,7129,329,7458,107
2022-02-16,Colusa,011,21464,3402,3384,1032,4416,21
2022-02-16,Contra Costa,013,1133247,188152,182423,12891,195314,1179
2022-02-16,Del Norte,015,27424,5525,5473,164,5637,45
2022-02-16,El Dorado,017,186661,26264,26061,3127,29188,189
2022-02-16,Fresno,019,978130,230269,223056,23690,246746,2542
2022-02-16,Glenn,021,27897,4919,4873,1575,6448,39
2022-02-16,Humboldt,023,135768,16405,16342,2826,19168,132
2022-02-16,Imperial,025,180216,54501,53901,10321,64222,861
2022-02-16,Inyo,027,18085,4028,4013,443,4456,52
2022-02-16,Kern,029,883053,189124,186740,44942,231682,2084
2022-02-16,Kings,031,150075,50452,49575,3451,53026,420
2022-02-16,Lake,033,64148,10327,10145,850,10995,125
2022-02-16,Lassen,035,31185,8708,8618,859,9477,55
2022-02-16,Los Angeles,037,10098052,2676109,2640005,120669,2760674,29749
2022-02-16,Madera,039,155013,36613,36382,5867,42249,330
2022-02-16,Marin,041,260295,32590,32381,2134,34515,257
2022-02-16,Mariposa,043,17540,2318,2305,189,2494,6
2022-02-16,Mendocino,045,87422,12744,12605,2892,15497,108
2022-02-16,Merced,047,269075,61567,60776,8450,69226,767
2022-02-16,Modoc,049,8938,718,711,241,952,6
2022-02-16,Mono,051,14174,2949,2953,119,3072,5
2022-02-16,Monterey,053,433212,77789,76624,12904,89528,682
2022-02-16,Napa,055,140530,24986,24897,900,25797,128
2022-02-16,Nevada,057,99092,15667,15677,1139,16816,121
2022-02-16,Orange,059,3164182,539647,537934,40538,578472,6392
2022-02-16,Placer,061,380077,61748,61278,7182,68460,556
2022-02-16,Plumas,063,18699,2915,2644,345,2989,13
2022-02-16,Riverside,065,2383286,584993,580828,27196,608024,6064
2022-02-16,Sacramento,067,1510023,276059,269416,25928,295344,2736
2022-02-16,San Benito,069,59416,12737,12644,504,13148,92
2022-02-16,San Bernardino,071,2135413,569161,552353,24545,576898,6379
2022-02-16,San Diego,073,3302833,737795,728610,51398,780008,4931
2022-02-16,San Francisco,075,870044,120480,120987,7958,128945,756
2022-02-16,San Joaquin,077,732212,164225,162752,9679,172431,2032
2022-02-16,San Luis Obispo,079,281455,51204,50704,3591,54295,425
2022-02-16,San Mateo,081,765935,118801,116438,6684,123122,595
2022-02-16,Santa Barbara,083,443738,84295,83968,4589,88557,642
2022-02-16,Santa Clara,085,1922200,306695,302439,11957,314396,2130
2022-02-16,Santa Cruz,087,273765,46084,45274,2038,47312,250
2022-02-16,Shasta,089,179085,29936,29767,5949,35716,477
2022-02-16,Sierra,091,2930,270,269,46,315,0
2022-02-16,Siskiyou,093,43540,4342,4302,2644,6946,71
2022-02-16,Solano,095,438530,79681,78742,5421,84163,422
2022-02-16,Sonoma,097,501317,81579,80642,2477,83119,431
2022-02-16,Stanislaus,099,539301,115890,115751,17461,133212,1443
2022-02-16,Sutter,101,95872,20109,20020,1949,21969,210
2022-02-16,Tehama,103,63373,11844,11738,2545,14283,152
2022-02-16,Trinity,105,12862,1165,1130,279,1409,20
2022-02-16,Tulare,107,460477,104721,101817,26892,128709,1281
2022-02-16,Tuolumne,109,53932,12448,11991,539,12530,171
2022-02-16,Ventura,111,848112,170605,170117,9233,179350,1372
2022-02-16,Yolo,113,214977,36171,35284,2785,38069,292
2022-02-16,Yuba,115,75493,15512,15405,1141,16546,110
2022-02-15,Alameda,001,1643700,249654,245265,13148,258413,1683
2022-02-15,Alpine,002,1148,121,124,1,125,0
2022-02-15,Amador,005,37829,8270,8183,622,8805,77
2022-02-15,Butte,007,227075,32450,32011,6840,38851,361
2022-02-15,Calaveras,009,45235,7118,7115,329,7444,106
2022-02-15,Colusa,011,21464,3394,3374,1031,4405,21
2022-02-15,Contra Costa,013,1133247,187895,182041,12861,194902,1179
2022-02-15,Del Norte,015,27424,5497,5439,163,5602,45
2022-02-15,El Dorado,017,186661,26246,25988,3122,29110,189
2022-02-15,Fresno,019,978130,229896,222673,23633,246306,2543
2022-02-15,Glenn,021,27897,4910,4862,1574,6436,39
2022-02-15,Humboldt,023,135768,16360,16297,2811,19108,132
2022-02-15,Imperial,025,180216,54437,53813,10306,64119,860
2022-02-15,Inyo,027,18085,4027,4009,442,4451,52
2022-02-15,Kern,029,883053,188903,186324,44850,231174,2072
2022-02-15,Kings,031,150075,50359,49473,3442,52915,418
2022-02-15,Lake,033,64148,10295,10112,844,10956,123
2022-02-15,Lassen,035,31185,8694,8587,857,9444,55
2022-02-15,Los Angeles,037,10098052,2673857,2638266,120540,2758806,29691
2022-02-15,Madera,039,155013,36547,36260,5847,42107,330
2022-02-15,Marin,041,260295,32548,32355,2132,34487,255
2022-02-15,Mariposa,043,17540,2317,2302,189,2491,6
2022-02-15,Mendocino,045,87422,12727,12580,2873,15453,108
2022-02-15,Merced,047,269075,61486,60674,8418,69092,763
2022-02-15,Modoc,049,8938,716,710,238,948,6
2022-02-15,Mono,051,14174,2948,2952,119,3071,5
2022-02-15,Monterey,053,433212,77663,75530,12846,88376,682
2022-02-15,Napa,055,140530,24936,24832,893,25725,127
2022-02-15,Nevada,057,99092,15641,15643,1138,16781,121
2022-02-15,Orange,059,3164182,539191,537478,40492,577970,6374
2022-02-15,Placer,061,380077,61687,61170,7171,68341,554
2022-02-15,Plumas,063,18699,2911,2638,345,2983,13
2022-02-15,Riverside,065,2383286,584508,579940,27137,607077,6049
2022-02-15,Sacramento,067,1510023,275671,268950,25849,294799,2721
2022-02-15,San Benito,069,59416,12718,12616,504,13120,91
2022-02-15,San Bernardino,071,2135413,568801,551803,24525,576328,6372
2022-02-15,San Diego,073,3302833,736835,727486,51295,778781,4914
2022-02-15,San Francisco,075,870044,120310,120759,7947,128706,756
2022-02-15,San Joaquin,077,732212,164008,162518,9665,172183,2021
2022-02-15,San Luis Obispo,079,281455,51107,50534,3576,54110,419
2022-02-15,San Mateo,081,765935,118665,116253,6664,122917,595
2022-02-15,Santa Barbara,083,443738,84159,83734,4575,88309,640
2022-02-15,Santa Clara,085,1922200,306197,301831,11922,313753,2130
2022-02-15,Santa Cruz,087,273765,45980,45171,2033,47204,250
2022-02-15,Shasta,089,179085,29885,29684,5935,35619,477
2022-02-15,Sierra,091,2930,270,269,46,315,0
2022-02-15,Siskiyou,093,43540,4335,4288,2637,6925,70
2022-02-15,Solano,095,438530,79547,78626,5416,84042,426
2022-02-15,Sonoma,097,501317,81458,80433,2471,82904,431
2022-02-15,Stanislaus,099,539301,115747,115549,17430,132979,1429
2022-02-15,Sutter,101,95872,20080,19980,1944,21924,208
2022-02-15,Tehama,103,63373,11826,11717,2543,14260,151
2022-02-15,Trinity,105,12862,1159,1125,276,1401,20
2022-02-15,Tulare,107,460477,104569,101645,26837,128482,1278
2022-02-15,Tuolumne,109,53932,12429,11945,537,12482,171
2022-02-15,Ventura,111,848112,170431,169942,9226,179168,1372
2022-02-15,Yolo,113,214977,36121,35241,2777,38018,289
2022-02-15,Yuba,115,75493,15484,15372,1136,16508,109
2022-02-14,Alameda,001,1643700,249221,244315,13115,257430,1677
2022-02-14,Alpine,002,1148,121,125,1,126,0
2022-02-14,Amador,005,37829,8255,8164,619,8783,77
2022-02-14,Butte,007,227075,32396,31946,6825,38771,360
2022-02-14,Calaveras,009,45235,7105,7097,327,7424,106
2022-02-14,Colusa,011,21464,3391,3367,1027,4394,21
2022-02-14,Contra Costa,013,1133247,187611,181753,12823,194576,1167
2022-02-14,Del Norte,015,27424,5474,5426,162,5588,45
2022-02-14,El Dorado,017,186661,26210,25915,3113,29028,188
2022-02-14,Fresno,019,978130,229415,222360,23548,245908,2538
2022-02-14,Glenn,021,27897,4905,4854,1574,6428,39
2022-02-14,Humboldt,023,135768,16320,16264,2786,19050,132
2022-02-14,Imperial,025,180216,54365,53765,10280,64045,860
2022-02-14,Inyo,027,18085,4026,4010,441,4451,52
2022-02-14,Kern,029,883053,188561,186037,44742,230779,2063
2022-02-14,Kings,031,150075,50253,49395,3433,52828,419
2022-02-14,Lake,033,64148,10258,10090,841,10931,123
2022-02-14,Lassen,035,31185,8684,8539,855,9394,55
2022-02-14,Los Angeles,037,10098052,2671296,2636064,120413,2756477,29650
2022-02-14,Madera,039,155013,36482,36194,5824,42018,330
2022-02-14,Marin,041,260295,32512,32304,2129,34433,255
2022-02-14,Mariposa,043,17540,2310,2295,189,2484,6
2022-02-14,Mendocino,045,87422,12700,12541,2841,15382,108
2022-02-14,Merced,047,269075,61396,60591,8375,68966,758
2022-02-14,Modoc,049,8938,711,707,238,945,6
2022-02-14,Mono,051,14174,2947,2954,119,3073,5
2022-02-14,Monterey,053,433212,77492,75407,12767,88174,678
2022-02-14,Napa,055,140530,24877,24776,893,25669,127
2022-02-14,Nevada,057,99092,15622,15629,1137,16766,121
2022-02-14,Orange,059,3164182,538687,536924,40426,577350,6355
2022-02-14,Placer,061,380077,61618,61123,7156,68279,554
2022-02-14,Plumas,063,18699,2909,2631,345,2976,13
2022-02-14,Riverside,065,2383286,583962,579174,27069,606243,5994
2022-02-14,Sacramento,067,1510023,275228,268547,25737,294284,2717
2022-02-14,San Benito,069,59416,12694,12598,503,13101,91
2022-02-14,San Bernardino,071,2135413,568385,551338,24505,575843,6372
2022-02-14,San Diego,073,3302833,735867,723902,51192,775094,4894
2022-02-14,San Francisco,075,870044,120123,120581,7937,128518,756
2022-02-14,San Joaquin,077,732212,163771,162363,9642,172005,2018
2022-02-14,San Luis Obispo,079,281455,50999,50465,3566,54031,416
2022-02-14,San Mateo,081,765935,118501,116129,6656,122785,592
2022-02-14,Santa Barbara,083,443738,84013,83697,4565,88262,636
2022-02-14,Santa Clara,085,1922200,305661,301319,11898,313217,2127
2022-02-14,Santa Cruz,087,273765,45817,45042,2029,47071,250
2022-02-14,Shasta,089,179085,29799,29595,5918,35513,474
2022-02-14,Sierra,091,2930,270,269,46,315,0
2022-02-14,Siskiyou,093,43540,4322,4278,2623,6901,69
2022-02-14,Solano,095,438530,79367,78533,5405,83938,427
2022-02-14,Sonoma,097,501317,81317,80336,2459,82795,431
2022-02-14,Stanislaus,099,539301,115569,115426,17387,132813,1406
2022-02-14,Sutter,101,95872,20052,19957,1938,21895,209
2022-02-14,Tehama,103,63373,11803,11686,2542,14228,151
2022-02-14,Trinity,105,12862,1156,1123,276,1399,20
2022-02-14,Tulare,107,460477,104363,101448,26743,128191,1276
2022-02-14,Tuolumne,109,53932,12400,11920,534,12454,170
2022-02-14,Ventura,111,848112,170254,169725,9214,178939,1361
2022-02-14,Yolo,113,214977,36062,35112,2767,37879,286
2022-02-14,Yuba,115,75493,15454,15375,1132,16507,108
2022-02-13,Alameda,001,1643700,248730,243681,13081,256762,1677
2022-02-13,Alpine,002,1148,121,125,1,126,0
2022-02-13,Amador,005,37829,8226,8146,616,8762,77
2022-02-13,Butte,007,227075,32321,31865,6803,38668,360
2022-02-13,Calaveras,009,45235,7098,7083,324,7407,106
2022-02-13,Colusa,011,21464,3389,3366,1025,4391,21
2022-02-13,Contra Costa,013,1133247,187249,181313,12759,194072,1159
2022-02-13,Del Norte,015,27424,5442,5379,162,5541,45
2022-02-13,El Dorado,017,186661,26174,25871,3105,28976,188
2022-02-13,Fresno,019,978130,228881,221686,23489,245175,2537
2022-02-13,Glenn,021,27897,4898,4847,1571,6418,39
2022-02-13,Humboldt,023,135768,16273,16210,2758,18968,132
2022-02-13,Imperial,025,180216,54267,53658,10245,63903,860
2022-02-13,Inyo,027,18085,4023,4006,439,4445,52
2022-02-13,Kern,029,883053,188309,185640,44657,230297,2063
2022-02-13,Kings,031,150075,50126,49243,3421,52664,416
2022-02-13,Lake,033,64148,10195,10042,834,10876,123
2022-02-13,Lassen,035,31185,8659,8503,853,9356,55
2022-02-13,Los Angeles,037,10098052,2668148,2631267,120273,2751540,29595
2022-02-13,Madera,039,155013,36365,36054,5796,41850,330
2022-02-13,Marin,041,260295,32441,32222,2122,34344,255
2022-02-13,Mariposa,043,17540,2304,2292,187,2479,6
2022-02-13,Mendocino,045,87422,12671,12521,2802,15323,108
2022-02-13,Merced,047,269075,61253,60460,8321,68781,758
2022-02-13,Modoc,049,8938,709,704,231,935,6
2022-02-13,Mono,051,14174,2946,2949,119,3068,5
2022-02-13,Monterey,053,433212,77285,75295,12693,87988,678
2022-02-13,Napa,055,140530,24800,24743,890,25633,127
2022-02-13,Nevada,057,99092,15588,15590,1130,16720,121
2022-02-13,Orange,059,3164182,538060,536134,40364,576498,6355
2022-02-13,Placer,061,380077,61542,61020,7135,68155,554
2022-02-13,Plumas,063,18699,2901,2626,342,2968,13
2022-02-13,Riverside,065,2383286,583368,578363,27028,605391,5995
2022-02-13,Sacramento,067,1510023,274715,267947,25607,293554,2699
2022-02-13,San Benito,069,59416,12661,12578,502,13080,91
2022-02-13,San Bernardino,071,2135413,567898,550632,24471,575103,6367
2022-02-13,San Diego,073,3302833,734730,723902,51072,774974,4894
2022-02-13,San Francisco,075,870044,119871,120295,7925,128220,756
2022-02-13,San Joaquin,077,732212,163470,162028,9614,171642,2018
2022-02-13,San Luis Obispo,079,281455,50854,50384,3558,53942,415
2022-02-13,San Mateo,081,765935,118280,115876,6630,122506,592
2022-02-13,Santa Barbara,083,443738,83849,83547,4558,88105,635
2022-02-13,Santa Clara,085,1922200,305020,300412,11861,312273,2114
2022-02-13,Santa Cruz,087,273765,45662,44887,2027,46914,240
2022-02-13,Shasta,089,179085,29720,29531,5895,35426,474
2022-02-13,Sierra,091,2930,270,269,46,315,0
2022-02-13,Siskiyou,093,43540,4315,4264,2607,6871,69
2022-02-13,Solano,095,438530,79209,78424,5382,83806,426
2022-02-13,Sonoma,097,501317,81153,80172,2447,82619,431
2022-02-13,Stanislaus,099,539301,115377,115156,17347,132503,1406
2022-02-13,Sutter,101,95872,20013,19900,1938,21838,209
2022-02-13,Tehama,103,63373,11778,11644,2539,14183,151
2022-02-13,Trinity,105,12862,1153,1120,273,1393,20
2022-02-13,Tulare,107,460477,104149,101135,26655,127790,1276
2022-02-13,Tuolumne,109,53932,12374,11891,529,12420,170
2022-02-13,Ventura,111,848112,170060,169422,9194,178616,1361
2022-02-13,Yolo,113,214977,35995,35057,2756,37813,286
2022-02-13,Yuba,115,75493,15420,15346,1131,16477,107
2022-02-12,Alameda,001,1643700,248511,242137,13067,255204,1668
2022-02-12,Alpine,002,1148,121,124,1,125,0
2022-02-12,Amador,005,37829,8220,8091,616,8707,76
2022-02-12,Butte,007,227075,32292,31601,6797,38398,360
2022-02-12,Calaveras,009,45235,7095,7022,323,7345,106
2022-02-12,Colusa,011,21464,3386,3345,1025,4370,21
2022-02-12,Contra Costa,013,1133247,187058,180270,12752,193022,1141
2022-02-12,Del Norte,015,27424,5423,5262,162,5424,45
2022-02-12,El Dorado,017,186661,26158,25692,3105,28797,188
2022-02-12,Fresno,019,978130,228669,219909,23474,243383,2509
2022-02-12,Glenn,021,27897,4897,4818,1570,6388,39
2022-02-12,Humboldt,023,135768,16249,16058,2755,18813,132
2022-02-12,Imperial,025,180216,54223,53304,10235,63539,860
2022-02-12,Inyo,027,18085,4021,3991,439,4430,52
2022-02-12,Kern,029,883053,188198,184639,44619,229258,2037
2022-02-12,Kings,031,150075,50086,48893,3414,52307,415
2022-02-12,Lake,033,64148,10174,9926,830,10756,123
2022-02-12,Lassen,035,31185,8636,8477,852,9329,55
2022-02-12,Los Angeles,037,10098052,2666993,2616426,120202,2736628,29364
2022-02-12,Madera,039,155013,36331,35710,5790,41500,330
2022-02-12,Marin,041,260295,32409,32048,2119,34167,255
2022-02-12,Mariposa,043,17540,2304,2286,187,2473,6
2022-02-12,Mendocino,045,87422,12655,12439,2802,15241,107
2022-02-12,Merced,047,269075,61199,60187,8316,68503,758
2022-02-12,Modoc,049,8938,709,697,231,928,6
2022-02-12,Mono,051,14174,2945,2939,119,3058,5
2022-02-12,Monterey,053,433212,77224,74842,12671,87513,672
2022-02-12,Napa,055,140530,24772,24530,890,25420,124
2022-02-12,Nevada,057,99092,15575,15499,1129,16628,119
2022-02-12,Orange,059,3164182,537768,534503,40329,574832,6305
2022-02-12,Placer,061,380077,61486,60636,7132,67768,554
2022-02-12,Plumas,063,18699,2900,2617,341,2958,13
2022-02-12,Riverside,065,2383286,583006,575566,27005,602571,5961
2022-02-12,Sacramento,067,1510023,274479,266347,25597,291944,2686
2022-02-12,San Benito,069,59416,12649,12526,502,13028,91
2022-02-12,San Bernardino,071,2135413,567663,548822,24458,573280,6360
2022-02-12,San Diego,073,3302833,734231,720287,51021,771308,4854
2022-02-12,San Francisco,075,870044,119749,119113,7914,127027,740
2022-02-12,San Joaquin,077,732212,163339,161234,9608,170842,2014
2022-02-12,San Luis Obispo,079,281455,50818,50064,3555,53619,416
2022-02-12,San Mateo,081,765935,118192,115235,6623,121858,589
2022-02-12,Santa Barbara,083,443738,83763,83390,4551,87941,631
2022-02-12,Santa Clara,085,1922200,304683,298176,11854,310030,2093
2022-02-12,Santa Cruz,087,273765,45626,44447,2025,46472,239
2022-02-12,Shasta,089,179085,29691,29370,5891,35261,473
2022-02-12,Sierra,091,2930,270,268,46,314,0
2022-02-12,Siskiyou,093,43540,4307,4231,2604,6835,68
2022-02-12,Solano,095,438530,79167,77865,5377,83242,424
2022-02-12,Sonoma,097,501317,81049,79533,2445,81978,431
2022-02-12,Stanislaus,099,539301,115253,114531,17334,131865,1406
2022-02-12,Sutter,101,95872,19998,19800,1938,21738,211
2022-02-12,Tehama,103,63373,11762,11580,2539,14119,151
2022-02-12,Trinity,105,12862,1152,1115,273,1388,20
2022-02-12,Tulare,107,460477,104054,100434,26618,127052,1273
2022-02-12,Tuolumne,109,53932,12356,11754,529,12283,125
2022-02-12,Ventura,111,848112,169953,168736,9189,177925,1340
2022-02-12,Yolo,113,214977,35954,34773,2753,37526,286
2022-02-12,Yuba,115,75493,15406,15242,1130,16372,107
2022-02-11,Alameda,001,1643700,248227,242137,13054,255191,1668
2022-02-11,Alpine,002,1148,121,124,1,125,0
2022-02-11,Amador,005,37829,8208,8091,616,8707,76
2022-02-11,Butte,007,227075,32248,31601,6786,38387,360
2022-02-11,Calaveras,009,45235,7092,7022,323,7345,106
2022-02-11,Colusa,011,21464,3384,3345,1024,4369,21
2022-02-11,Contra Costa,013,1133247,186856,180270,12733,193003,1141
2022-02-11,Del Norte,015,27424,5407,5262,161,5423,45
2022-02-11,El Dorado,017,186661,26139,25692,3104,28796,188
2022-02-11,Fresno,019,978130,228376,219909,23456,243365,2509
2022-02-11,Glenn,021,27897,4893,4818,1570,6388,39
2022-02-11,Humboldt,023,135768,16221,16058,2750,18808,132
2022-02-11,Imperial,025,180216,54194,53304,10224,63528,860
2022-02-11,Inyo,027,18085,4017,3991,435,4426,52
2022-02-11,Kern,029,883053,188040,184639,44568,229207,2037
2022-02-11,Kings,031,150075,50047,48893,3413,52306,415
2022-02-11,Lake,033,64148,10149,9926,828,10754,123
2022-02-11,Lassen,035,31185,8596,8477,852,9329,55
2022-02-11,Los Angeles,037,10098052,2665362,2616426,120114,2736540,29364
2022-02-11,Madera,039,155013,36289,35710,5784,41494,330
2022-02-11,Marin,041,260295,32377,32048,2116,34164,255
2022-02-11,Mariposa,043,17540,2299,2286,187,2473,6
2022-02-11,Mendocino,045,87422,12639,12439,2802,15241,107
2022-02-11,Merced,047,269075,61150,60187,8304,68491,758
2022-02-11,Modoc,049,8938,707,697,231,928,6
2022-02-11,Mono,051,14174,2944,2939,119,3058,5
2022-02-11,Monterey,053,433212,77109,74842,12658,87500,672
2022-02-11,Napa,055,140530,24746,24530,890,25420,124
2022-02-11,Nevada,057,99092,15561,15499,1126,16625,119
2022-02-11,Orange,059,3164182,537417,534503,40269,574772,6305
2022-02-11,Placer,061,380077,61434,60636,7130,67766,554
2022-02-11,Plumas,063,18699,2896,2617,339,2956,13
2022-02-11,Riverside,065,2383286,582588,575566,26989,602555,5961
2022-02-11,Sacramento,067,1510023,274215,266347,25585,291932,2686
2022-02-11,San Benito,069,59416,12644,12526,502,13028,91
2022-02-11,San Bernardino,071,2135413,567348,548822,24444,573266,6360
2022-02-11,San Diego,073,3302833,733528,720287,50962,771249,4854
2022-02-11,San Francisco,075,870044,119628,119113,7898,127011,740
2022-02-11,San Joaquin,077,732212,163170,161234,9597,170831,2014
2022-02-11,San Luis Obispo,079,281455,50781,50064,3551,53615,416
2022-02-11,San Mateo,081,765935,118074,115235,6614,121849,589
2022-02-11,Santa Barbara,083,443738,83679,83390,4550,87940,631
2022-02-11,Santa Clara,085,1922200,304256,298176,11838,310014,2093
2022-02-11,Santa Cruz,087,273765,45534,44447,2025,46472,239
2022-02-11,Shasta,089,179085,29660,29370,5883,35253,473
2022-02-11,Sierra,091,2930,269,268,45,313,0
2022-02-11,Siskiyou,093,43540,4296,4231,2598,6829,68
2022-02-11,Solano,095,438530,79042,77865,5371,83236,424
2022-02-11,Sonoma,097,501317,80963,79533,2440,81973,431
2022-02-11,Stanislaus,099,539301,115152,114531,17319,131850,1406
2022-02-11,Sutter,101,95872,19975,19800,1936,21736,211
2022-02-11,Tehama,103,63373,11748,11580,2539,14119,151
2022-02-11,Trinity,105,12862,1151,1115,272,1387,20
2022-02-11,Tulare,107,460477,103935,100434,26567,127001,1273
2022-02-11,Tuolumne,109,53932,12340,11754,527,12281,125
2022-02-11,Ventura,111,848112,169814,168736,9184,177920,1340
2022-02-11,Yolo,113,214977,35921,34773,2751,37524,286
2022-02-11,Yuba,115,75493,15389,15242,1129,16371,107
2022-02-10,Alameda,001,1643700,247704,242137,13012,255149,1668
2022-02-10,Alpine,002,1148,121,124,1,125,0
2022-02-10,Amador,005,37829,8196,8091,610,8701,76
2022-02-10,Butte,007,227075,32197,31601,6772,38373,360
2022-02-10,Calaveras,009,45235,7080,7022,321,7343,106
2022-02-10,Colusa,011,21464,3378,3345,1022,4367,21
2022-02-10,Contra Costa,013,1133247,186495,180270,12668,192938,1141
2022-02-10,Del Norte,015,27424,5378,5262,159,5421,45
2022-02-10,El Dorado,017,186661,26092,25692,3098,28790,188
2022-02-10,Fresno,019,978130,227800,219909,23369,243278,2509
2022-02-10,Glenn,021,27897,4887,4818,1568,6386,39
2022-02-10,Humboldt,023,135768,16171,16058,2728,18786,132
2022-02-10,Imperial,025,180216,54125,53304,10181,63485,860
2022-02-10,Inyo,027,18085,4013,3991,435,4426,52
2022-02-10,Kern,029,883053,187732,184639,44459,229098,2037
2022-02-10,Kings,031,150075,49936,48893,3402,52295,415
2022-02-10,Lake,033,64148,10118,9926,826,10752,123
2022-02-10,Lassen,035,31185,8582,8477,850,9327,55
2022-02-10,Los Angeles,037,10098052,2662227,2616426,119931,2736357,29364
2022-02-10,Madera,039,155013,36192,35710,5753,41463,330
2022-02-10,Marin,041,260295,32319,32048,2104,34152,255
2022-02-10,Mariposa,043,17540,2295,2286,186,2472,6
2022-02-10,Mendocino,045,87422,12617,12439,2778,15217,107
2022-02-10,Merced,047,269075,61024,60187,8247,68434,758
2022-02-10,Modoc,049,8938,706,697,230,927,6
2022-02-10,Mono,051,14174,2942,2939,118,3057,5
2022-02-10,Monterey,053,433212,76928,74842,12578,87420,672
2022-02-10,Napa,055,140530,24681,24530,888,25418,124
2022-02-10,Nevada,057,99092,15536,15499,1125,16624,119
2022-02-10,Orange,059,3164182,536768,534503,40199,574702,6305
2022-02-10,Placer,061,380077,61353,60636,7121,67757,554
2022-02-10,Plumas,063,18699,2893,2617,332,2949,13
2022-02-10,Riverside,065,2383286,581868,575566,26934,602500,5961
2022-02-10,Sacramento,067,1510023,273732,266347,25497,291844,2686
2022-02-10,San Benito,069,59416,12623,12526,500,13026,91
2022-02-10,San Bernardino,071,2135413,566802,548822,24414,573236,6360
2022-02-10,San Diego,073,3302833,732425,720287,50836,771123,4854
2022-02-10,San Francisco,075,870044,119414,119113,7881,126994,740
2022-02-10,San Joaquin,077,732212,162858,161234,9589,170823,2014
2022-02-10,San Luis Obispo,079,281455,50682,50064,3540,53604,416
2022-02-10,San Mateo,081,765935,117848,115235,6597,121832,589
2022-02-10,Santa Barbara,083,443738,83495,83390,4544,87934,631
2022-02-10,Santa Clara,085,1922200,303583,298176,11783,309959,2093
2022-02-10,Santa Cruz,087,273765,45390,44447,2023,46470,239
2022-02-10,Shasta,089,179085,29598,29370,5863,35233,473
2022-02-10,Sierra,091,2930,269,268,45,313,0
2022-02-10,Siskiyou,093,43540,4291,4231,2585,6816,68
2022-02-10,Solano,095,438530,78849,77865,5352,83217,424
2022-02-10,Sonoma,097,501317,80827,79533,2423,81956,431
2022-02-10,Stanislaus,099,539301,114971,114531,17280,131811,1406
2022-02-10,Sutter,101,95872,19936,19800,1921,21721,211
2022-02-10,Tehama,103,63373,11718,11580,2536,14116,151
2022-02-10,Trinity,105,12862,1148,1115,271,1386,20
2022-02-10,Tulare,107,460477,103747,100434,26490,126924,1273
2022-02-10,Tuolumne,109,53932,12319,11754,522,12276,125
2022-02-10,Ventura,111,848112,169533,168736,9170,177906,1340
2022-02-10,Yolo,113,214977,35846,34773,2745,37518,286
2022-02-10,Yuba,115,75493,15357,15242,1124,16366,107
2022-02-09,Alameda,001,1643700,247168,241141,12956,254097,1668
2022-02-09,Alpine,002,1148,120,124,1,125,0
2022-02-09,Amador,005,37829,8182,8069,605,8674,76
2022-02-09,Butte,007,227075,32104,31433,6758,38191,359
2022-02-09,Calaveras,009,45235,7065,7005,317,7322,106
2022-02-09,Colusa,011,21464,3375,3331,1021,4352,21
2022-02-09,Contra Costa,013,1133247,186136,179695,12621,192316,1132
2022-02-09,Del Norte,015,27424,5331,5204,158,5362,45
2022-02-09,El Dorado,017,186661,26054,25572,3085,28657,186
2022-02-09,Fresno,019,978130,227179,218989,23280,242269,2502
2022-02-09,Glenn,021,27897,4872,4804,1567,6371,39
2022-02-09,Humboldt,023,135768,16124,15929,2703,18632,131
2022-02-09,Imperial,025,180216,54022,53102,10109,63211,858
2022-02-09,Inyo,027,18085,4007,3989,434,4423,52
2022-02-09,Kern,029,883053,187357,184068,44345,228413,2021
2022-02-09,Kings,031,150075,49825,48718,3396,52114,410
2022-02-09,Lake,033,64148,10078,9880,821,10701,124
2022-02-09,Lassen,035,31185,8557,8459,849,9308,55
2022-02-09,Los Angeles,037,10098052,2658597,2611611,119794,2731405,29263
2022-02-09,Madera,039,155013,36095,35559,5723,41282,330
2022-02-09,Marin,041,260295,32270,31965,2097,34062,255
2022-02-09,Mariposa,043,17540,2292,2279,186,2465,6
2022-02-09,Mendocino,045,87422,12583,12378,2749,15127,107
2022-02-09,Merced,047,269075,60894,59952,8190,68142,755
2022-02-09,Modoc,049,8938,703,691,229,920,6
2022-02-09,Mono,051,14174,2940,2937,118,3055,5
2022-02-09,Monterey,053,433212,76726,74500,12492,86992,670
2022-02-09,Napa,055,140530,24635,24429,883,25312,123
2022-02-09,Nevada,057,99092,15515,15446,1123,16569,119
2022-02-09,Orange,059,3164182,536138,534316,40119,574435,6263
2022-02-09,Placer,061,380077,61258,60490,7101,67591,553
2022-02-09,Plumas,063,18699,2888,2609,328,2937,13
2022-02-09,Riverside,065,2383286,581127,573907,26889,600796,5911
2022-02-09,Sacramento,067,1510023,273168,265624,25381,291005,2673
2022-02-09,San Benito,069,59416,12599,12492,500,12992,91
2022-02-09,San Bernardino,071,2135413,566193,547768,24388,572156,6349
2022-02-09,San Diego,073,3302833,731067,717896,50724,768620,4832
2022-02-09,San Francisco,075,870044,119163,118550,7870,126420,731
2022-02-09,San Joaquin,077,732212,162553,160618,9579,170197,2014
2022-02-09,San Luis Obispo,079,281455,50536,49833,3535,53368,414
2022-02-09,San Mateo,081,765935,117660,114890,6557,121447,589
2022-02-09,Santa Barbara,083,443738,83313,82830,4538,87368,629
2022-02-09,Santa Clara,085,1922200,302861,297157,11725,308882,2090
2022-02-09,Santa Cruz,087,273765,45208,44200,2016,46216,239
2022-02-09,Shasta,089,179085,29529,29215,5842,35057,471
2022-02-09,Sierra,091,2930,268,268,44,312,0
2022-02-09,Siskiyou,093,43540,4277,4217,2579,6796,68
2022-02-09,Solano,095,438530,78656,77299,5343,82642,423
2022-02-09,Sonoma,097,501317,80653,79165,2416,81581,431
2022-02-09,Stanislaus,099,539301,114722,114039,17049,131088,1406
2022-02-09,Sutter,101,95872,19894,19758,1908,21666,207
2022-02-09,Tehama,103,63373,11693,11542,2532,14074,149
2022-02-09,Trinity,105,12862,1144,1110,270,1380,20
2022-02-09,Tulare,107,460477,103534,100049,26404,126453,1271
2022-02-09,Tuolumne,109,53932,12281,11702,519,12221,95
2022-02-09,Ventura,111,848112,169296,168253,9157,177410,1325
2022-02-09,Yolo,113,214977,35776,34588,2729,37317,285
2022-02-09,Yuba,115,75493,15326,15187,1113,16300,105
2022-02-08,Alameda,001,1643700,246534,240587,12884,253471,1651
2022-02-08,Alpine,002,1148,120,124,1,125,0
2022-02-08,Amador,005,37829,8174,8050,598,8648,76
2022-02-08,Butte,007,227075,32020,31353,6736,38089,359
2022-02-08,Calaveras,009,45235,7048,6981,315,7296,101
2022-02-08,Colusa,011,21464,3367,3320,1020,4340,21
2022-02-08,Contra Costa,013,1133247,185689,179078,12540,191618,1132
2022-02-08,Del Norte,015,27424,5306,5156,153,5309,44
2022-02-08,El Dorado,017,186661,26009,25446,3075,28521,186
2022-02-08,Fresno,019,978130,226432,218416,23173,241589,2502
2022-02-08,Glenn,021,27897,4855,4784,1563,6347,39
2022-02-08,Humboldt,023,135768,16064,15865,2671,18536,130
2022-02-08,Imperial,025,180216,53893,52977,10065,63042,855
2022-02-08,Inyo,027,18085,4002,3983,434,4417,52
2022-02-08,Kern,029,883053,187021,183519,44215,227734,2010
2022-02-08,Kings,031,150075,49665,48479,3384,51863,411
2022-02-08,Lake,033,64148,10048,9806,815,10621,125
2022-02-08,Lassen,035,31185,8548,8423,845,9268,55
2022-02-08,Los Angeles,037,10098052,2654292,2611204,119609,2730813,29259
2022-02-08,Madera,039,155013,35987,35381,5667,41048,330
2022-02-08,Marin,041,260295,32196,31878,2092,33970,255
2022-02-08,Mariposa,043,17540,2291,2266,178,2444,6
2022-02-08,Mendocino,045,87422,12551,12336,2718,15054,107
2022-02-08,Merced,047,269075,60780,59789,8130,67919,751
2022-02-08,Modoc,049,8938,699,684,229,913,6
2022-02-08,Mono,051,14174,2939,2932,118,3050,5
2022-02-08,Monterey,053,433212,76520,74316,12407,86723,670
2022-02-08,Napa,055,140530,24562,24346,877,25223,121
2022-02-08,Nevada,057,99092,15489,15383,1120,16503,117
2022-02-08,Orange,059,3164182,535452,533507,40031,573538,6205
2022-02-08,Placer,061,380077,61150,60301,7089,67390,553
2022-02-08,Plumas,063,18699,2877,2596,321,2917,13
2022-02-08,Riverside,065,2383286,580298,571892,26817,598709,5908
2022-02-08,Sacramento,067,1510023,272497,264479,25206,289685,2664
2022-02-08,San Benito,069,59416,12575,12434,498,12932,91
2022-02-08,San Bernardino,071,2135413,565480,544658,24344,569002,6335
2022-02-08,San Diego,073,3302833,729494,717896,50592,768488,4832
2022-02-08,San Francisco,075,870044,118852,117942,7861,125803,731
2022-02-08,San Joaquin,077,732212,162169,160147,9560,169707,2005
2022-02-08,San Luis Obispo,079,281455,50371,49556,3505,53061,410
2022-02-08,San Mateo,081,765935,117442,114541,6527,121068,589
2022-02-08,Santa Barbara,083,443738,83145,82461,4513,86974,627
2022-02-08,Santa Clara,085,1922200,301978,295679,11678,307357,2091
2022-02-08,Santa Cruz,087,273765,45053,43884,2011,45895,239
2022-02-08,Shasta,089,179085,29446,29084,5815,34899,470
2022-02-08,Sierra,091,2930,268,267,44,311,0
2022-02-08,Siskiyou,093,43540,4267,4191,2570,6761,68
2022-02-08,Solano,095,438530,78423,77031,5328,82359,421
2022-02-08,Sonoma,097,501317,80439,78798,2392,81190,431
2022-02-08,Stanislaus,099,539301,114464,113733,16971,130704,1406
2022-02-08,Sutter,101,95872,19856,19717,1896,21613,203
2022-02-08,Tehama,103,63373,11665,11491,2525,14016,149
2022-02-08,Trinity,105,12862,1138,1110,270,1380,20
2022-02-08,Tulare,107,460477,103244,99694,26274,125968,1267
2022-02-08,Tuolumne,109,53932,12256,11665,517,12182,92
2022-02-08,Ventura,111,848112,169059,167830,9142,176972,1325
2022-02-08,Yolo,113,214977,35694,34462,2716,37178,281
2022-02-08,Yuba,115,75493,15281,15126,1091,16217,107
2022-02-07,Alameda,001,1643700,245817,238678,12819,251497,1643
2022-02-07,Alpine,002,1148,120,124,1,125,0
2022-02-07,Amador,005,37829,8146,7980,590,8570,75
2022-02-07,Butte,007,227075,31932,31184,6706,37890,355
2022-02-07,Calaveras,009,45235,7026,6910,314,7224,100
2022-02-07,Colusa,011,21464,3356,3283,1016,4299,21
2022-02-07,Contra Costa,013,1133247,185207,177767,12466,190233,1130
2022-02-07,Del Norte,015,27424,5265,5093,148,5241,44
2022-02-07,El Dorado,017,186661,25946,25257,3065,28322,185
2022-02-07,Fresno,019,978130,225558,216495,23027,239522,2493
2022-02-07,Glenn,021,27897,4847,4762,1559,6321,39
2022-02-07,Humboldt,023,135768,15989,15764,2646,18410,129
2022-02-07,Imperial,025,180216,53778,52689,9996,62685,853
2022-02-07,Inyo,027,18085,3997,3976,428,4404,51
2022-02-07,Kern,029,883053,186548,182047,44051,226098,1998
2022-02-07,Kings,031,150075,49481,48147,3367,51514,403
2022-02-07,Lake,033,64148,10002,9519,807,10326,125
2022-02-07,Lassen,035,31185,8530,8362,839,9201,55
2022-02-07,Los Angeles,037,10098052,2649869,2607438,119391,2726829,29210
2022-02-07,Madera,039,155013,35863,35083,5620,40703,330
2022-02-07,Marin,041,260295,32129,31670,2082,33752,255
2022-02-07,Mariposa,043,17540,2286,2253,174,2427,6
2022-02-07,Mendocino,045,87422,12493,12237,2680,14917,107
2022-02-07,Merced,047,269075,60650,59472,8037,67509,748
2022-02-07,Modoc,049,8938,695,679,229,908,6
2022-02-07,Mono,051,14174,2937,2917,118,3035,5
2022-02-07,Monterey,053,433212,76265,69433,12300,81733,670
2022-02-07,Napa,055,140530,24477,23237,868,24105,120
2022-02-07,Nevada,057,99092,15453,15268,1114,16382,113
2022-02-07,Orange,059,3164182,534690,531442,39946,571388,6179
2022-02-07,Placer,061,380077,61025,59894,7074,66968,546
2022-02-07,Plumas,063,18699,2866,2573,312,2885,13
2022-02-07,Riverside,065,2383286,579356,568874,26733,595607,5868
2022-02-07,Sacramento,067,1510023,271813,262834,25024,287858,2631
2022-02-07,San Benito,069,59416,12536,12285,496,12781,90
2022-02-07,San Bernardino,071,2135413,564683,542846,24304,567150,6335
2022-02-07,San Diego,073,3302833,727776,716244,50403,766647,4811
2022-02-07,San Francisco,075,870044,118512,113945,7836,121781,727
2022-02-07,San Joaquin,077,732212,161786,159358,9541,168899,1998
2022-02-07,San Luis Obispo,079,281455,50201,48994,3486,52480,406
2022-02-07,San Mateo,081,765935,117156,107060,6498,113558,589
2022-02-07,Santa Barbara,083,443738,82957,81608,4498,86106,624
2022-02-07,Santa Clara,085,1922200,301026,293360,11631,304991,2085
2022-02-07,Santa Cruz,087,273765,44837,43244,2007,45251,239
2022-02-07,Shasta,089,179085,29356,28900,5789,34689,468
2022-02-07,Sierra,091,2930,268,265,44,309,0
2022-02-07,Siskiyou,093,43540,4256,4157,2554,6711,68
2022-02-07,Solano,095,438530,78166,73934,5299,79233,420
2022-02-07,Sonoma,097,501317,80182,78296,2376,80672,431
2022-02-07,Stanislaus,099,539301,114205,113029,16827,129856,1406
2022-02-07,Sutter,101,95872,19823,19599,1869,21468,203
2022-02-07,Tehama,103,63373,11623,11418,2517,13935,146
2022-02-07,Trinity,105,12862,1134,1109,267,1376,20
2022-02-07,Tulare,107,460477,102885,98774,26144,124918,1263
2022-02-07,Tuolumne,109,53932,12208,11578,513,12091,92
2022-02-07,Ventura,111,848112,168742,166904,9127,176031,1324
2022-02-07,Yolo,113,214977,35584,34007,2702,36709,281
2022-02-07,Yuba,115,75493,15234,14998,1084,16082,105
2022-02-06,Alameda,001,1643700,244907,237188,12737,249925,1643
2022-02-06,Alpine,002,1148,120,123,1,124,0
2022-02-06,Amador,005,37829,8115,7922,578,8500,73
2022-02-06,Butte,007,227075,31802,31021,6655,37676,355
2022-02-06,Calaveras,009,45235,6999,6870,309,7179,99
2022-02-06,Colusa,011,21464,3346,3282,1015,4297,21
2022-02-06,Contra Costa,013,1133247,184545,176863,12303,189166,1128
2022-02-06,Del Norte,015,27424,5209,5038,146,5184,44
2022-02-06,El Dorado,017,186661,25884,25165,3053,28218,185
2022-02-06,Fresno,019,978130,224694,214726,22773,237499,2489
2022-02-06,Glenn,021,27897,4833,4738,1550,6288,39
2022-02-06,Humboldt,023,135768,15906,15658,2606,18264,128
2022-02-06,Imperial,025,180216,53591,52396,9950,62346,853
2022-02-06,Inyo,027,18085,3995,3970,425,4395,51
2022-02-06,Kern,029,883053,185996,181188,43812,225000,1996
2022-02-06,Kings,031,150075,49257,47669,3342,51011,401
2022-02-06,Lake,033,64148,9933,9468,790,10258,125
2022-02-06,Lassen,035,31185,8510,8326,834,9160,55
2022-02-06,Los Angeles,037,10098052,2644364,2602620,119134,2721754,29180
2022-02-06,Madera,039,155013,35678,34901,5528,40429,330
2022-02-06,Marin,041,260295,32031,31488,2069,33557,255
2022-02-06,Mariposa,043,17540,2278,2244,163,2407,6
2022-02-06,Mendocino,045,87422,12450,12169,2610,14779,107
2022-02-06,Merced,047,269075,60424,59112,7870,66982,748
2022-02-06,Modoc,049,8938,690,675,228,903,6
2022-02-06,Mono,051,14174,2932,2901,116,3017,5
2022-02-06,Monterey,053,433212,75900,67912,12143,80055,670
2022-02-06,Napa,055,140530,24358,23230,861,24091,120
2022-02-06,Nevada,057,99092,15388,15192,1101,16293,113
2022-02-06,Orange,059,3164182,533739,527906,39845,567751,6171
2022-02-06,Placer,061,380077,60848,59507,7048,66555,544
2022-02-06,Plumas,063,18699,2853,2559,303,2862,13
2022-02-06,Riverside,065,2383286,578218,568276,26656,594932,5865
2022-02-06,Sacramento,067,1510023,270949,261353,24763,286116,2631
2022-02-06,San Benito,069,59416,12481,12186,488,12674,90
2022-02-06,San Bernardino,071,2135413,563706,541103,24234,565337,6334
2022-02-06,San Diego,073,3302833,725714,709938,50160,760098,4786
2022-02-06,San Francisco,075,870044,118133,113115,7810,120925,728
2022-02-06,San Joaquin,077,732212,161216,158510,9502,168012,1997
2022-02-06,San Luis Obispo,079,281455,49976,48843,3429,52272,405
2022-02-06,San Mateo,081,765935,116818,105556,6459,112015,587
2022-02-06,Santa Barbara,083,443738,82639,81118,4461,85579,623
2022-02-06,Santa Clara,085,1922200,299905,291732,11515,303247,2075
2022-02-06,Santa Cruz,087,273765,44524,42952,1993,44945,239
2022-02-06,Shasta,089,179085,29233,28762,5740,34502,468
2022-02-06,Sierra,091,2930,268,265,44,309,0
2022-02-06,Siskiyou,093,43540,4235,4118,2528,6646,68
2022-02-06,Solano,095,438530,77869,73475,5256,78731,419
2022-02-06,Sonoma,097,501317,79847,77887,2356,80243,431
2022-02-06,Stanislaus,099,539301,113809,112521,16679,129200,1406
2022-02-06,Sutter,101,95872,19781,19523,1831,21354,203
2022-02-06,Tehama,103,63373,11583,11366,2497,13863,146
2022-02-06,Trinity,105,12862,1133,1102,266,1368,20
2022-02-06,Tulare,107,460477,102453,98260,25963,124223,1262
2022-02-06,Tuolumne,109,53932,12156,11507,495,12002,92
2022-02-06,Ventura,111,848112,168366,166235,9116,175351,1323
2022-02-06,Yolo,113,214977,35445,33784,2685,36469,281
2022-02-06,Yuba,115,75493,15189,14917,1075,15992,104
2022-02-05,Alameda,001,1643700,244491,235698,12727,248425,1638
2022-02-05,Alpine,002,1148,120,124,1,125,0
2022-02-05,Amador,005,37829,8106,7855,576,8431,71
2022-02-05,Butte,007,227075,31747,30733,6641,37374,355
2022-02-05,Calaveras,009,45235,6983,6789,309,7098,99
2022-02-05,Colusa,011,21464,3339,3234,1015,4249,21
2022-02-05,Contra Costa,013,1133247,184266,175871,12287,188158,1115
2022-02-05,Del Norte,015,27424,5167,4978,146,5124,44
2022-02-05,El Dorado,017,186661,25853,24813,3051,27864,185
2022-02-05,Fresno,019,978130,224337,213539,22752,236291,2477
2022-02-05,Glenn,021,27897,4831,4691,1544,6235,39
2022-02-05,Humboldt,023,135768,15857,15514,2603,18117,127
2022-02-05,Imperial,025,180216,53530,52153,9937,62090,853
2022-02-05,Inyo,027,18085,3992,3948,425,4373,51
2022-02-05,Kern,029,883053,185787,180296,43710,224006,1987
2022-02-05,Kings,031,150075,49170,47538,3335,50873,402
2022-02-05,Lake,033,64148,9914,9289,783,10072,124
2022-02-05,Lassen,035,31185,8499,8288,832,9120,55
2022-02-05,Los Angeles,037,10098052,2642190,2572702,119010,2691712,28947
2022-02-05,Madera,039,155013,35625,34471,5515,39986,329
2022-02-05,Marin,041,260295,31985,31299,2065,33364,255
2022-02-05,Mariposa,043,17540,2277,2222,162,2384,6
2022-02-05,Mendocino,045,87422,12422,12066,2608,14674,107
2022-02-05,Merced,047,269075,60330,58908,7863,66771,744
2022-02-05,Modoc,049,8938,689,664,228,892,6
2022-02-05,Mono,051,14174,2931,2904,116,3020,5
2022-02-05,Monterey,053,433212,75784,67342,12099,79441,666
2022-02-05,Napa,055,140530,24302,22973,860,23833,118
2022-02-05,Nevada,057,99092,15366,15002,1096,16098,113
2022-02-05,Orange,059,3164182,533299,527516,39753,567269,6134
2022-02-05,Placer,061,380077,60723,59043,7035,66078,533
2022-02-05,Plumas,063,18699,2852,2550,302,2852,13
2022-02-05,Riverside,065,2383286,577616,563991,26586,590577,5827
2022-02-05,Sacramento,067,1510023,270553,259437,24728,284165,2610
2022-02-05,San Benito,069,59416,12436,12142,488,12630,90
2022-02-05,San Bernardino,071,2135413,563194,539312,24214,563526,6322
2022-02-05,San Diego,073,3302833,724856,703957,50083,754040,4735
2022-02-05,San Francisco,075,870044,117919,112481,7783,120264,720
2022-02-05,San Joaquin,077,732212,161028,157420,9490,166910,1989
2022-02-05,San Luis Obispo,079,281455,49939,48361,3427,51788,404
2022-02-05,San Mateo,081,765935,116630,104810,6451,111261,587
2022-02-05,Santa Barbara,083,443738,82476,80478,4449,84927,617
2022-02-05,Santa Clara,085,1922200,299253,289262,11499,300761,2067
2022-02-05,Santa Cruz,087,273765,44450,42553,1990,44543,239
2022-02-05,Shasta,089,179085,29191,28604,5730,34334,466
2022-02-05,Sierra,091,2930,268,262,44,306,0
2022-02-05,Siskiyou,093,43540,4228,4106,2515,6621,67
2022-02-05,Solano,095,438530,77794,73112,5247,78359,415
2022-02-05,Sonoma,097,501317,79681,77213,2352,79565,431
2022-02-05,Stanislaus,099,539301,113607,111783,16656,128439,1406
2022-02-05,Sutter,101,95872,19751,19406,1825,21231,203
2022-02-05,Tehama,103,63373,11564,11259,2491,13750,146
2022-02-05,Trinity,105,12862,1131,1085,266,1351,20
2022-02-05,Tulare,107,460477,102284,97414,25881,123295,1254
2022-02-05,Tuolumne,109,53932,12130,11409,492,11901,91
2022-02-05,Ventura,111,848112,168140,165532,9100,174632,1308
2022-02-05,Yolo,113,214977,35361,33614,2670,36284,281
2022-02-05,Yuba,115,75493,15158,14801,1067,15868,105
2022-02-04,Alameda,001,1643700,244001,235698,12715,248413,1638
2022-02-04,Alpine,002,1148,120,124,1,125,0
2022-02-04,Amador,005,37829,8090,7855,572,8427,71
2022-02-04,Butte,007,227075,31688,30733,6629,37362,355
2022-02-04,Calaveras,009,45235,6973,6789,307,7096,99
2022-02-04,Colusa,011,21464,3335,3234,1013,4247,21
2022-02-04,Contra Costa,013,1133247,183932,175871,12259,188130,1115
2022-02-04,Del Norte,015,27424,5146,4978,146,5124,44
2022-02-04,El Dorado,017,186661,25819,24813,3048,27861,185
2022-02-04,Fresno,019,978130,223850,213539,22718,236257,2477
2022-02-04,Glenn,021,27897,4822,4691,1541,6232,39
2022-02-04,Humboldt,023,135768,15830,15514,2600,18114,127
2022-02-04,Imperial,025,180216,53453,52153,9920,62073,853
2022-02-04,Inyo,027,18085,3989,3948,425,4373,51
2022-02-04,Kern,029,883053,185562,180296,43586,223882,1987
2022-02-04,Kings,031,150075,49095,47538,3328,50866,402
2022-02-04,Lake,033,64148,9892,9289,780,10069,124
2022-02-04,Lassen,035,31185,8476,8288,832,9120,55
2022-02-04,Los Angeles,037,10098052,2639553,2572702,118879,2691581,28947
2022-02-04,Madera,039,155013,35542,34471,5507,39978,329
2022-02-04,Marin,041,260295,31921,31299,2056,33355,255
2022-02-04,Mariposa,043,17540,2275,2222,160,2382,6
2022-02-04,Mendocino,045,87422,12391,12066,2606,14672,107
2022-02-04,Merced,047,269075,60250,58908,7853,66761,744
2022-02-04,Modoc,049,8938,689,664,228,892,6
2022-02-04,Mono,051,14174,2929,2904,116,3020,5
2022-02-04,Monterey,053,433212,75594,67342,12056,79398,666
2022-02-04,Napa,055,140530,24255,22973,856,23829,118
2022-02-04,Nevada,057,99092,15332,15002,1092,16094,113
2022-02-04,Orange,059,3164182,532750,527516,39695,567211,6134
2022-02-04,Placer,061,380077,60619,59043,7024,66067,533
2022-02-04,Plumas,063,18699,2845,2550,301,2851,13
2022-02-04,Riverside,065,2383286,576904,563991,26574,590565,5827
2022-02-04,Sacramento,067,1510023,270049,259437,24705,284142,2610
2022-02-04,San Benito,069,59416,12417,12142,486,12628,90
2022-02-04,San Bernardino,071,2135413,562612,539312,24193,563505,6322
2022-02-04,San Diego,073,3302833,723726,703957,49996,753953,4735
2022-02-04,San Francisco,075,870044,117678,112481,7758,120239,720
2022-02-04,San Joaquin,077,732212,160795,157420,9478,166898,1989
2022-02-04,San Luis Obispo,079,281455,49878,48361,3420,51781,404
2022-02-04,San Mateo,081,765935,116398,104810,6437,111247,587
2022-02-04,Santa Barbara,083,443738,82327,80478,4448,84926,617
2022-02-04,Santa Clara,085,1922200,298582,289262,11478,300740,2067
2022-02-04,Santa Cruz,087,273765,44245,42553,1986,44539,239
2022-02-04,Shasta,089,179085,29139,28604,5719,34323,466
2022-02-04,Sierra,091,2930,268,262,44,306,0
2022-02-04,Siskiyou,093,43540,4220,4106,2508,6614,67
2022-02-04,Solano,095,438530,77602,73112,5209,78321,415
2022-02-04,Sonoma,097,501317,79522,77213,2271,79484,431
2022-02-04,Stanislaus,099,539301,113426,111783,16630,128413,1406
2022-02-04,Sutter,101,95872,19727,19406,1818,21224,203
2022-02-04,Tehama,103,63373,11549,11259,2490,13749,146
2022-02-04,Trinity,105,12862,1130,1085,265,1350,20
2022-02-04,Tulare,107,460477,102103,97414,25801,123215,1254
2022-02-04,Tuolumne,109,53932,12118,11409,491,11900,91
2022-02-04,Ventura,111,848112,167871,165532,9092,174624,1308
2022-02-04,Yolo,113,214977,35268,33614,2664,36278,281
2022-02-04,Yuba,115,75493,15140,14801,1067,15868,105
2022-02-03,Alameda,001,1643700,243226,235698,12653,248351,1638
2022-02-03,Alpine,002,1148,120,124,1,125,0
2022-02-03,Amador,005,37829,8070,7855,567,8422,71
2022-02-03,Butte,007,227075,31582,30733,6600,37333,355
2022-02-03,Calaveras,009,45235,6943,6789,304,7093,99
2022-02-03,Colusa,011,21464,3322,3234,1011,4245,21
2022-02-03,Contra Costa,013,1133247,183305,175871,12155,188026,1115
2022-02-03,Del Norte,015,27424,5103,4978,143,5121,44
2022-02-03,El Dorado,017,186661,25748,24813,3043,27856,185
2022-02-03,Fresno,019,978130,222909,213539,22557,236096,2477
2022-02-03,Glenn,021,27897,4805,4691,1524,6215,39
2022-02-03,Humboldt,023,135768,15754,15514,2564,18078,127
2022-02-03,Imperial,025,180216,53309,52153,9869,62022,853
2022-02-03,Inyo,027,18085,3986,3948,421,4369,51
2022-02-03,Kern,029,883053,185098,180296,43372,223668,1987
2022-02-03,Kings,031,150075,48937,47538,3321,50859,402
2022-02-03,Lake,033,64148,9838,9289,774,10063,124
2022-02-03,Lassen,035,31185,8452,8288,831,9119,55
2022-02-03,Los Angeles,037,10098052,2634134,2572702,118617,2691319,28947
2022-02-03,Madera,039,155013,35406,34471,5463,39934,329
2022-02-03,Marin,041,260295,31825,31299,2051,33350,255
2022-02-03,Mariposa,043,17540,2263,2222,157,2379,6
2022-02-03,Mendocino,045,87422,12347,12066,2583,14649,107
2022-02-03,Merced,047,269075,60098,58908,7756,66664,744
2022-02-03,Modoc,049,8938,686,664,228,892,6
2022-02-03,Mono,051,14174,2924,2904,115,3019,5
2022-02-03,Monterey,053,433212,75307,67342,11864,79206,666
2022-02-03,Napa,055,140530,24124,22973,856,23829,118
2022-02-03,Nevada,057,99092,15292,15002,1082,16084,113
2022-02-03,Orange,059,3164182,531827,527516,39603,567119,6134
2022-02-03,Placer,061,380077,60421,59043,7001,66044,533
2022-02-03,Plumas,063,18699,2831,2550,297,2847,13
2022-02-03,Riverside,065,2383286,575701,563991,26503,590494,5827
2022-02-03,Sacramento,067,1510023,269092,259437,24516,283953,2610
2022-02-03,San Benito,069,59416,12389,12142,483,12625,90
2022-02-03,San Bernardino,071,2135413,561600,539312,24154,563466,6322
2022-02-03,San Diego,073,3302833,721756,703957,49824,753781,4735
2022-02-03,San Francisco,075,870044,117346,112481,7729,120210,720
2022-02-03,San Joaquin,077,732212,160305,157420,9447,166867,1989
2022-02-03,San Luis Obispo,079,281455,49679,48361,3405,51766,404
2022-02-03,San Mateo,081,765935,116047,104810,6404,111214,587
2022-02-03,Santa Barbara,083,443738,81969,80478,4419,84897,617
2022-02-03,Santa Clara,085,1922200,297386,289262,11371,300633,2067
2022-02-03,Santa Cruz,087,273765,43905,42553,1979,44532,239
2022-02-03,Shasta,089,179085,29035,28604,5692,34296,466
2022-02-03,Sierra,091,2930,268,262,44,306,0
2022-02-03,Siskiyou,093,43540,4205,4106,2492,6598,67
2022-02-03,Solano,095,438530,77271,73112,5190,78302,415
2022-02-03,Sonoma,097,501317,79225,77213,2264,79477,431
2022-02-03,Stanislaus,099,539301,113049,111783,16542,128325,1406
2022-02-03,Sutter,101,95872,19675,19406,1802,21208,203
2022-02-03,Tehama,103,63373,11519,11259,2482,13741,146
2022-02-03,Trinity,105,12862,1128,1085,264,1349,20
2022-02-03,Tulare,107,460477,101700,97414,25664,123078,1254
2022-02-03,Tuolumne,109,53932,12077,11409,479,11888,91
2022-02-03,Ventura,111,848112,167486,165532,9080,174612,1308
2022-02-03,Yolo,113,214977,35159,33614,2650,36264,281
2022-02-03,Yuba,115,75493,15090,14801,1051,15852,105
2022-02-02,Alameda,001,1643700,242275,234300,12553,246853,1632
2022-02-02,Alpine,002,1148,120,123,1,124,0
2022-02-02,Amador,005,37829,8040,7781,558,8339,71
2022-02-02,Butte,007,227075,31470,30550,6563,37113,355
2022-02-02,Calaveras,009,45235,6917,6753,300,7053,99
2022-02-02,Colusa,011,21464,3307,3211,1010,4221,21
2022-02-02,Contra Costa,013,1133247,182677,174876,12058,186934,1113
2022-02-02,Del Norte,015,27424,5061,4924,139,5063,44
2022-02-02,El Dorado,017,186661,25685,24690,3024,27714,185
2022-02-02,Fresno,019,978130,221871,211976,22423,234399,2463
2022-02-02,Glenn,021,27897,4786,4667,1514,6181,39
2022-02-02,Humboldt,023,135768,15694,15392,2525,17917,127
2022-02-02,Imperial,025,180216,53112,51875,9742,61617,853
2022-02-02,Inyo,027,18085,3980,3944,420,4364,51
2022-02-02,Kern,029,883053,184502,179386,43159,222545,1974
2022-02-02,Kings,031,150075,48747,47061,3295,50356,401
2022-02-02,Lake,033,64148,9780,9235,767,10002,120
2022-02-02,Lassen,035,31185,8439,8258,822,9080,55
2022-02-02,Los Angeles,037,10098052,2627915,2561902,118242,2680144,28850
2022-02-02,Madera,039,155013,35238,34265,5391,39656,329
2022-02-02,Marin,041,260295,31722,31149,2041,33190,255
2022-02-02,Mariposa,043,17540,2252,2215,153,2368,6
2022-02-02,Mendocino,045,87422,12294,11996,2544,14540,105
2022-02-02,Merced,047,269075,59914,58532,7670,66202,744
2022-02-02,Modoc,049,8938,680,662,228,890,6
2022-02-02,Mono,051,14174,2913,2887,115,3002,5
2022-02-02,Monterey,053,433212,74915,66852,11684,78536,666
2022-02-02,Napa,055,140530,24004,22859,843,23702,117
2022-02-02,Nevada,057,99092,15234,14895,1060,15955,112
2022-02-02,Orange,059,3164182,530773,524418,39506,563924,6127
2022-02-02,Placer,061,380077,60227,58654,6972,65626,533
2022-02-02,Plumas,063,18699,2815,2540,294,2834,12
2022-02-02,Riverside,065,2383286,574421,561220,26456,587676,5827
2022-02-02,Sacramento,067,1510023,268090,258078,24310,282388,2602
2022-02-02,San Benito,069,59416,12349,12058,479,12537,90
2022-02-02,San Bernardino,071,2135413,560580,537485,24091,561576,6317
2022-02-02,San Diego,073,3302833,719555,703957,49635,753592,4735
2022-02-02,San Francisco,075,870044,116976,112008,7713,119721,714
2022-02-02,San Joaquin,077,732212,159733,156537,9421,165958,1986
2022-02-02,San Luis Obispo,079,281455,49481,48119,3392,51511,403
2022-02-02,San Mateo,081,765935,115672,104201,6340,110541,587
2022-02-02,Santa Barbara,083,443738,81626,79979,4388,84367,612
2022-02-02,Santa Clara,085,1922200,296213,287443,11259,298702,2051
2022-02-02,Santa Cruz,087,273765,43616,42127,1968,44095,239
2022-02-02,Shasta,089,179085,28934,28429,5647,34076,465
2022-02-02,Sierra,091,2930,268,262,44,306,0
2022-02-02,Siskiyou,093,43540,4195,4078,2463,6541,67
2022-02-02,Solano,095,438530,76912,72711,5163,77874,414
2022-02-02,Sonoma,097,501317,78912,76681,2251,78932,431
2022-02-02,Stanislaus,099,539301,112652,111167,16409,127576,1403
2022-02-02,Sutter,101,95872,19611,19290,1773,21063,203
2022-02-02,Tehama,103,63373,11461,11193,2463,13656,146
2022-02-02,Trinity,105,12862,1125,1074,262,1336,20
2022-02-02,Tulare,107,460477,101311,96820,25512,122332,1249
2022-02-02,Tuolumne,109,53932,12000,11342,476,11818,91
2022-02-02,Ventura,111,848112,167088,164905,9061,173966,1292
2022-02-02,Yolo,113,214977,35034,33332,2627,35959,281
2022-02-02,Yuba,115,75493,15025,14720,1043,15763,104
2022-02-01,Alameda,001,1643700,241207,233782,12448,246230,1620
2022-02-01,Alpine,002,1148,120,123,1,124,0
2022-02-01,Amador,005,37829,7994,7783,552,8335,73
2022-02-01,Butte,007,227075,31327,30496,6521,37017,355
2022-02-01,Calaveras,009,45235,6880,6749,296,7045,98
2022-02-01,Colusa,011,21464,3295,3202,997,4199,21
2022-02-01,Contra Costa,013,1133247,181915,174379,11914,186293,1115
2022-02-01,Del Norte,015,27424,5013,4907,136,5043,44
2022-02-01,El Dorado,017,186661,25625,24664,3007,27671,184
2022-02-01,Fresno,019,978130,220674,211352,22261,233613,2464
2022-02-01,Glenn,021,27897,4770,4649,1504,6153,39
2022-02-01,Humboldt,023,135768,15612,15354,2497,17851,127
2022-02-01,Imperial,025,180216,52899,51675,9677,61352,846
2022-02-01,Inyo,027,18085,3970,3928,417,4345,51
2022-02-01,Kern,029,883053,183855,178987,42914,221901,1967
2022-02-01,Kings,031,150075,48487,46959,3272,50231,400
2022-02-01,Lake,033,64148,9724,9211,760,9971,119
2022-02-01,Lassen,035,31185,8421,8231,818,9049,55
2022-02-01,Los Angeles,037,10098052,2620762,2548794,117868,2666662,28752
2022-02-01,Madera,039,155013,35018,34124,5310,39434,329
2022-02-01,Marin,041,260295,31598,31099,2025,33124,255
2022-02-01,Mariposa,043,17540,2245,2210,152,2362,6
2022-02-01,Mendocino,045,87422,12232,11978,2507,14485,105
2022-02-01,Merced,047,269075,59728,58362,7544,65906,743
2022-02-01,Modoc,049,8938,673,664,228,892,6
2022-02-01,Mono,051,14174,2907,2888,115,3003,5
2022-02-01,Monterey,053,433212,74494,66553,11490,78043,665
2022-02-01,Napa,055,140530,23905,22795,827,23622,116
2022-02-01,Nevada,057,99092,15173,14863,1048,15911,112
2022-02-01,Orange,059,3164182,529626,523741,39362,563103,6108
2022-02-01,Placer,061,380077,59979,58486,6934,65420,532
2022-02-01,Plumas,063,18699,2800,2526,291,2817,12
2022-02-01,Riverside,065,2383286,573033,560010,26408,586418,5825
2022-02-01,Sacramento,067,1510023,267037,257504,24044,281548,2593
2022-02-01,San Benito,069,59416,12283,12053,476,12529,90
2022-02-01,San Bernardino,071,2135413,559285,536591,24026,560617,6311
2022-02-01,San Diego,073,3302833,717035,701009,49407,750416,4710
2022-02-01,San Francisco,075,870044,116508,111606,7694,119300,713
2022-02-01,San Joaquin,077,732212,159199,156300,9398,165698,1987
2022-02-01,San Luis Obispo,079,281455,49252,47842,3331,51173,403
2022-02-01,San Mateo,081,765935,115203,103868,6298,110166,589
2022-02-01,Santa Barbara,083,443738,81181,79659,4351,84010,608
2022-02-01,Santa Clara,085,1922200,294682,286109,11154,297263,2070
2022-02-01,Santa Cruz,087,273765,43316,41782,1952,43734,239
2022-02-01,Shasta,089,179085,28813,28382,5594,33976,465
2022-02-01,Sierra,091,2930,266,262,44,306,0
2022-02-01,Siskiyou,093,43540,4181,4072,2436,6508,66
2022-02-01,Solano,095,438530,76635,72494,5141,77635,415
2022-02-01,Sonoma,097,501317,78552,76379,2228,78607,431
2022-02-01,Stanislaus,099,539301,112240,110925,16303,127228,1403
2022-02-01,Sutter,101,95872,19543,19256,1740,20996,202
2022-02-01,Tehama,103,63373,11404,11165,2450,13615,146
2022-02-01,Trinity,105,12862,1121,1073,262,1335,19
2022-02-01,Tulare,107,460477,100819,96467,25315,121782,1247
2022-02-01,Tuolumne,109,53932,11950,11318,467,11785,91
2022-02-01,Ventura,111,848112,166583,164721,9036,173757,1293
2022-02-01,Yolo,113,214977,34882,33257,2601,35858,275
2022-02-01,Yuba,115,75493,14964,14693,1036,15729,103
2022-01-31,Alameda,001,1643700,239852,232743,12339,245082,1607
2022-01-31,Alpine,002,1148,119,123,1,124,0
2022-01-31,Amador,005,37829,7941,7682,535,8217,73
2022-01-31,Butte,007,227075,31151,30371,6473,36844,354
2022-01-31,Calaveras,009,45235,6844,6700,285,6985,96
2022-01-31,Colusa,011,21464,3285,3187,988,4175,21
2022-01-31,Contra Costa,013,1133247,181072,173466,11787,185253,1115
2022-01-31,Del Norte,015,27424,4979,4879,133,5012,43
2022-01-31,El Dorado,017,186661,25520,24545,2977,27522,184
2022-01-31,Fresno,019,978130,219171,210589,22059,232648,2464
2022-01-31,Glenn,021,27897,4734,4641,1492,6133,39
2022-01-31,Humboldt,023,135768,15522,15308,2464,17772,126
2022-01-31,Imperial,025,180216,52683,51472,9568,61040,846
2022-01-31,Inyo,027,18085,3959,3922,411,4333,50
2022-01-31,Kern,029,883053,183073,178375,42598,220973,1967
2022-01-31,Kings,031,150075,48130,46845,3238,50083,398
2022-01-31,Lake,033,64148,9651,9141,748,9889,119
2022-01-31,Lassen,035,31185,8390,8162,812,8974,55
2022-01-31,Los Angeles,037,10098052,2612538,2541189,117460,2658649,28718
2022-01-31,Madera,039,155013,34803,33886,5214,39100,329
2022-01-31,Marin,041,260295,31473,31023,2008,33031,253
2022-01-31,Mariposa,043,17540,2235,2203,143,2346,6
2022-01-31,Mendocino,045,87422,12166,11896,2466,14362,104
2022-01-31,Merced,047,269075,59441,58198,7355,65553,740
2022-01-31,Modoc,049,8938,670,661,228,889,6
2022-01-31,Mono,051,14174,2893,2889,115,3004,5
2022-01-31,Monterey,053,433212,74041,66117,11277,77394,661
2022-01-31,Napa,055,140530,23737,22707,810,23517,113
2022-01-31,Nevada,057,99092,15096,14813,1035,15848,112
2022-01-31,Orange,059,3164182,528299,522358,39223,561581,6098
2022-01-31,Placer,061,380077,59732,58252,6903,65155,523
2022-01-31,Plumas,063,18699,2787,2513,289,2802,12
2022-01-31,Riverside,065,2383286,571215,558166,26344,584510,5785
2022-01-31,Sacramento,067,1510023,265743,256594,23792,280386,2571
2022-01-31,San Benito,069,59416,12224,11976,475,12451,90
2022-01-31,San Bernardino,071,2135413,557636,535276,23944,559220,6302
2022-01-31,San Diego,073,3302833,714129,698571,49135,747706,4686
2022-01-31,San Francisco,075,870044,116103,111119,7660,118779,712
2022-01-31,San Joaquin,077,732212,158439,155736,9367,165103,1985
2022-01-31,San Luis Obispo,079,281455,48998,47656,3274,50930,395
2022-01-31,San Mateo,081,765935,114695,103313,6240,109553,589
2022-01-31,Santa Barbara,083,443738,80675,79267,4309,83576,606
2022-01-31,Santa Clara,085,1922200,292992,284562,11050,295612,2041
2022-01-31,Santa Cruz,087,273765,42936,41630,1945,43575,239
2022-01-31,Shasta,089,179085,28683,28190,5553,33743,462
2022-01-31,Sierra,091,2930,266,261,44,305,0
2022-01-31,Siskiyou,093,43540,4165,4054,2420,6474,66
2022-01-31,Solano,095,438530,75928,72258,5094,77352,414
2022-01-31,Sonoma,097,501317,78098,76199,2198,78397,431
2022-01-31,Stanislaus,099,539301,111714,110493,16122,126615,1403
2022-01-31,Sutter,101,95872,19463,19189,1690,20879,202
2022-01-31,Tehama,103,63373,11341,11112,2422,13534,145
2022-01-31,Trinity,105,12862,1116,1071,259,1330,19
2022-01-31,Tulare,107,460477,100188,96053,25083,121136,1245
2022-01-31,Tuolumne,109,53932,11860,11278,460,11738,91
2022-01-31,Ventura,111,848112,166047,164060,9011,173071,1286
2022-01-31,Yolo,113,214977,34721,33175,2574,35749,274
2022-01-31,Yuba,115,75493,14901,14652,1016,15668,103
2022-01-30,Alameda,001,1643700,238295,231838,12187,244025,1607
2022-01-30,Alpine,002,1148,119,123,1,124,0
2022-01-30,Amador,005,37829,7889,7644,512,8156,73
2022-01-30,Butte,007,227075,30945,30255,6394,36649,354
2022-01-30,Calaveras,009,45235,6788,6676,274,6950,96
2022-01-30,Colusa,011,21464,3265,3168,980,4148,21
2022-01-30,Contra Costa,013,1133247,180078,172902,11584,184486,1102
2022-01-30,Del Norte,015,27424,4938,4833,130,4963,43
2022-01-30,El Dorado,017,186661,25396,24491,2952,27443,184
2022-01-30,Fresno,019,978130,217594,209645,21797,231442,2463
2022-01-30,Glenn,021,27897,4701,4619,1483,6102,39
2022-01-30,Humboldt,023,135768,15410,15247,2409,17656,126
2022-01-30,Imperial,025,180216,52359,51415,9399,60814,846
2022-01-30,Inyo,027,18085,3942,3921,408,4329,50
2022-01-30,Kern,029,883053,182208,177924,42276,220200,1967
2022-01-30,Kings,031,150075,47778,46654,3181,49835,398
2022-01-30,Lake,033,64148,9562,9080,727,9807,119
2022-01-30,Lassen,035,31185,8366,8158,804,8962,55
2022-01-30,Los Angeles,037,10098052,2602461,2530739,116989,2647728,28678
2022-01-30,Madera,039,155013,34504,33752,5030,38782,329
2022-01-30,Marin,041,260295,31325,30875,1994,32869,253
2022-01-30,Mariposa,043,17540,2223,2177,138,2315,6
2022-01-30,Mendocino,045,87422,12093,11860,2360,14220,104
2022-01-30,Merced,047,269075,59069,58006,7061,65067,740
2022-01-30,Modoc,049,8938,667,661,228,889,6
2022-01-30,Mono,051,14174,2887,2888,115,3003,5
2022-01-30,Monterey,053,433212,73453,65996,10998,76994,661
2022-01-30,Napa,055,140530,23569,22588,794,23382,114
2022-01-30,Nevada,057,99092,15007,14741,1019,15760,112
2022-01-30,Orange,059,3164182,526662,521334,39072,560406,6098
2022-01-30,Placer,061,380077,59403,58030,6863,64893,523
2022-01-30,Plumas,063,18699,2762,2510,275,2785,12
2022-01-30,Riverside,065,2383286,569145,557088,26244,583332,5767
2022-01-30,Sacramento,067,1510023,264285,255715,23298,279013,2572
2022-01-30,San Benito,069,59416,12158,11945,470,12415,90
2022-01-30,San Bernardino,071,2135413,555863,534050,23833,557883,6302
2022-01-30,San Diego,073,3302833,710592,687145,48699,735844,4665
2022-01-30,San Francisco,075,870044,115555,110772,7626,118398,712
2022-01-30,San Joaquin,077,732212,157450,155165,9329,164494,1985
2022-01-30,San Luis Obispo,079,281455,48601,47599,3238,50837,394
2022-01-30,San Mateo,081,765935,114122,102979,6195,109174,589
2022-01-30,Santa Barbara,083,443738,79998,79072,4248,83320,606
2022-01-30,Santa Clara,085,1922200,291016,282846,10919,293765,2035
2022-01-30,Santa Cruz,087,273765,42477,41330,1937,43267,239
2022-01-30,Shasta,089,179085,28522,28105,5469,33574,462
2022-01-30,Sierra,091,2930,266,261,44,305,0
2022-01-30,Siskiyou,093,43540,4135,4039,2373,6412,66
2022-01-30,Solano,095,438530,75402,71857,5043,76900,414
2022-01-30,Sonoma,097,501317,77579,75890,2169,78059,431
2022-01-30,Stanislaus,099,539301,111059,110111,15919,126030,1403
2022-01-30,Sutter,101,95872,19371,19108,1593,20701,202
2022-01-30,Tehama,103,63373,11269,11071,2392,13463,145
2022-01-30,Trinity,105,12862,1110,1068,259,1327,19
2022-01-30,Tulare,107,460477,99445,95676,24823,120499,1245
2022-01-30,Tuolumne,109,53932,11751,11242,423,11665,91
2022-01-30,Ventura,111,848112,165469,163521,8981,172502,1286
2022-01-30,Yolo,113,214977,34503,33043,2541,35584,274
2022-01-30,Yuba,115,75493,14811,14584,996,15580,103
2022-01-29,Alameda,001,1643700,237621,225602,12169,237771,1605
2022-01-29,Alpine,002,1148,119,123,1,124,0
2022-01-29,Amador,005,37829,7867,7505,509,8014,73
2022-01-29,Butte,007,227075,30855,29557,6363,35920,353
2022-01-29,Calaveras,009,45235,6769,6484,274,6758,96
2022-01-29,Colusa,011,21464,3260,3107,976,4083,21
2022-01-29,Contra Costa,013,1133247,179530,168003,11551,179554,1101
2022-01-29,Del Norte,015,27424,4920,4589,128,4717,43
2022-01-29,El Dorado,017,186661,25353,24008,2945,26953,184
2022-01-29,Fresno,019,978130,217136,202691,21758,224449,2457
2022-01-29,Glenn,021,27897,4693,4516,1476,5992,39
2022-01-29,Humboldt,023,135768,15363,14812,2402,17214,126
2022-01-29,Imperial,025,180216,52242,50153,9343,59496,845
2022-01-29,Inyo,027,18085,3940,3895,400,4295,50
2022-01-29,Kern,029,883053,181868,174456,42114,216570,1962
2022-01-29,Kings,031,150075,47659,45047,3174,48221,397
2022-01-29,Lake,033,64148,9529,8747,723,9470,119
2022-01-29,Lassen,035,31185,8345,7961,801,8762,55
2022-01-29,Los Angeles,037,10098052,2598553,2473332,116724,2590056,28467
2022-01-29,Madera,039,155013,34395,32753,5002,37755,329
2022-01-29,Marin,041,260295,31260,30137,1992,32129,253
2022-01-29,Mariposa,043,17540,2221,2117,136,2253,6
2022-01-29,Mendocino,045,87422,12069,11591,2344,13935,104
2022-01-29,Merced,047,269075,58961,56472,7056,63528,735
2022-01-29,Modoc,049,8938,667,654,228,882,6
2022-01-29,Mono,051,14174,2885,2860,115,2975,5
2022-01-29,Monterey,053,433212,73298,64090,10936,75026,658
2022-01-29,Napa,055,140530,23513,22121,792,22913,113
2022-01-29,Nevada,057,99092,14973,14337,1016,15353,112
2022-01-29,Orange,059,3164182,525957,511255,38966,550221,6038
2022-01-29,Placer,061,380077,59212,56562,6847,63409,523
2022-01-29,Plumas,063,18699,2752,2463,271,2734,12
2022-01-29,Riverside,065,2383286,568120,548121,26202,574323,5726
2022-01-29,Sacramento,067,1510023,263646,249130,23252,272382,2558
2022-01-29,San Benito,069,59416,12100,11670,469,12139,90
2022-01-29,San Bernardino,071,2135413,555114,525249,23789,549038,6297
2022-01-29,San Diego,073,3302833,709258,683027,48599,731626,4643
2022-01-29,San Francisco,075,870044,115281,108265,7578,115843,712
2022-01-29,San Joaquin,077,732212,157205,150849,9307,160156,1971
2022-01-29,San Luis Obispo,079,281455,48510,46374,3235,49609,391
2022-01-29,San Mateo,081,765935,113781,100306,6176,106482,586
2022-01-29,Santa Barbara,083,443738,79776,76546,4242,80788,604
2022-01-29,Santa Clara,085,1922200,290081,273879,10891,284770,2019
2022-01-29,Santa Cruz,087,273765,42346,39228,1935,41163,240
2022-01-29,Shasta,089,179085,28462,27504,5456,32960,452
2022-01-29,Sierra,091,2930,266,260,43,303,0
2022-01-29,Siskiyou,093,43540,4125,3987,2366,6353,66
2022-01-29,Solano,095,438530,75257,69862,5030,74892,407
2022-01-29,Sonoma,097,501317,77364,73439,2164,75603,427
2022-01-29,Stanislaus,099,539301,110809,107668,15868,123536,1403
2022-01-29,Sutter,101,95872,19323,18797,1577,20374,202
2022-01-29,Tehama,103,63373,11234,10880,2383,13263,145
2022-01-29,Trinity,105,12862,1107,1033,258,1291,19
2022-01-29,Tulare,107,460477,99188,93154,24751,117905,1237
2022-01-29,Tuolumne,109,53932,11725,10806,415,11221,91
2022-01-29,Ventura,111,848112,165139,160466,8962,169428,1271
2022-01-29,Yolo,113,214977,34389,32123,2525,34648,275
2022-01-29,Yuba,115,75493,14771,14295,994,15289,103
2022-01-28,Alameda,001,1643700,236674,225602,12151,237753,1605
2022-01-28,Alpine,002,1148,119,123,1,124,0
2022-01-28,Amador,005,37829,7841,7505,508,8013,73
2022-01-28,Butte,007,227075,30778,29557,6341,35898,353
2022-01-28,Calaveras,009,45235,6751,6484,273,6757,96
2022-01-28,Colusa,011,21464,3255,3107,975,4082,21
2022-01-28,Contra Costa,013,1133247,178980,168003,11514,179517,1101
2022-01-28,Del Norte,015,27424,4896,4589,127,4716,43
2022-01-28,El Dorado,017,186661,25308,24008,2938,26946,184
2022-01-28,Fresno,019,978130,216257,202691,21702,224393,2457
2022-01-28,Glenn,021,27897,4680,4516,1474,5990,39
2022-01-28,Humboldt,023,135768,15327,14812,2392,17204,126
2022-01-28,Imperial,025,180216,52114,50153,9313,59466,845
2022-01-28,Inyo,027,18085,3936,3895,397,4292,50
2022-01-28,Kern,029,883053,181457,174456,41956,216412,1962
2022-01-28,Kings,031,150075,47529,45047,3164,48211,397
2022-01-28,Lake,033,64148,9497,8747,720,9467,119
2022-01-28,Lassen,035,31185,8275,7961,799,8760,55
2022-01-28,Los Angeles,037,10098052,2592830,2473332,116511,2589843,28467
2022-01-28,Madera,039,155013,34267,32753,4986,37739,329
2022-01-28,Marin,041,260295,31167,30137,1972,32109,253
2022-01-28,Mariposa,043,17540,2211,2117,134,2251,6
2022-01-28,Mendocino,045,87422,12026,11591,2342,13933,104
2022-01-28,Merced,047,269075,58860,56472,7041,63513,735
2022-01-28,Modoc,049,8938,666,654,228,882,6
2022-01-28,Mono,051,14174,2880,2860,114,2974,5
2022-01-28,Monterey,053,433212,73095,64090,10887,74977,658
2022-01-28,Napa,055,140530,23434,22121,790,22911,113
2022-01-28,Nevada,057,99092,14936,14337,1014,15351,112
2022-01-28,Orange,059,3164182,524884,511255,38876,550131,6038
2022-01-28,Placer,061,380077,59013,56562,6824,63386,523
2022-01-28,Plumas,063,18699,2744,2463,269,2732,12
2022-01-28,Riverside,065,2383286,566798,548121,26161,574282,5726
2022-01-28,Sacramento,067,1510023,262903,249130,23199,272329,2558
2022-01-28,San Benito,069,59416,12078,11670,464,12134,90
2022-01-28,San Bernardino,071,2135413,554074,525249,23752,549001,6297
2022-01-28,San Diego,073,3302833,707436,683027,48520,731547,4643
2022-01-28,San Francisco,075,870044,114924,108265,7529,115794,712
2022-01-28,San Joaquin,077,732212,156916,150849,9293,160142,1971
2022-01-28,San Luis Obispo,079,281455,48426,46374,3228,49602,391
2022-01-28,San Mateo,081,765935,113428,100306,6156,106462,586
2022-01-28,Santa Barbara,083,443738,79527,76546,4240,80786,604
2022-01-28,Santa Clara,085,1922200,288892,273879,10842,284721,2019
2022-01-28,Santa Cruz,087,273765,42153,39228,1924,41152,240
2022-01-28,Shasta,089,179085,28402,27504,5442,32946,452
2022-01-28,Sierra,091,2930,266,260,43,303,0
2022-01-28,Siskiyou,093,43540,4115,3987,2362,6349,66
2022-01-28,Solano,095,438530,74705,69862,4964,74826,407
2022-01-28,Sonoma,097,501317,77158,73439,2157,75596,427
2022-01-28,Stanislaus,099,539301,110536,107668,15821,123489,1403
2022-01-28,Sutter,101,95872,19278,18797,1575,20372,202
2022-01-28,Tehama,103,63373,11202,10880,2376,13256,145
2022-01-28,Trinity,105,12862,1098,1033,258,1291,19
2022-01-28,Tulare,107,460477,98915,93154,24645,117799,1237
2022-01-28,Tuolumne,109,53932,11692,10806,411,11217,91
2022-01-28,Ventura,111,848112,164685,160466,8943,169409,1271
2022-01-28,Yolo,113,214977,34284,32123,2519,34642,275
2022-01-28,Yuba,115,75493,14732,14295,990,15285,103
2022-01-27,Alameda,001,1643700,235091,225602,12020,237622,1605
2022-01-27,Alpine,002,1148,119,123,1,124,0
2022-01-27,Amador,005,37829,7794,7505,497,8002,73
2022-01-27,Butte,007,227075,30625,29557,6287,35844,353
2022-01-27,Calaveras,009,45235,6725,6484,257,6741,96
2022-01-27,Colusa,011,21464,3239,3107,970,4077,21
2022-01-27,Contra Costa,013,1133247,177916,168003,11340,179343,1101
2022-01-27,Del Norte,015,27424,4852,4589,123,4712,43
2022-01-27,El Dorado,017,186661,25199,24008,2919,26927,184
2022-01-27,Fresno,019,978130,214605,202691,21482,224173,2457
2022-01-27,Glenn,021,27897,4648,4516,1466,5982,39
2022-01-27,Humboldt,023,135768,15239,14812,2355,17167,126
2022-01-27,Imperial,025,180216,51845,50153,9202,59355,845
2022-01-27,Inyo,027,18085,3929,3895,388,4283,50
2022-01-27,Kern,029,883053,180678,174456,41595,216051,1962
2022-01-27,Kings,031,150075,47188,45047,3126,48173,397
2022-01-27,Lake,033,64148,9443,8747,703,9450,119
2022-01-27,Lassen,035,31185,8234,7961,793,8754,55
2022-01-27,Los Angeles,037,10098052,2581676,2473332,115999,2589331,28467
2022-01-27,Madera,039,155013,34058,32753,4884,37637,329
2022-01-27,Marin,041,260295,31003,30137,1957,32094,253
2022-01-27,Mariposa,043,17540,2188,2117,131,2248,6
2022-01-27,Mendocino,045,87422,11975,11591,2293,13884,104
2022-01-27,Merced,047,269075,58589,56472,6878,63350,735
2022-01-27,Modoc,049,8938,664,654,227,881,6
2022-01-27,Mono,051,14174,2875,2860,114,2974,5
2022-01-27,Monterey,053,433212,72473,64090,10642,74732,658
2022-01-27,Napa,055,140530,23278,22121,763,22884,113
2022-01-27,Nevada,057,99092,14864,14337,987,15324,112
2022-01-27,Orange,059,3164182,523157,511255,38737,549992,6038
2022-01-27,Placer,061,380077,58695,56562,6772,63334,523
2022-01-27,Plumas,063,18699,2733,2463,257,2720,12
2022-01-27,Riverside,065,2383286,564623,548121,26093,574214,5726
2022-01-27,Sacramento,067,1510023,261618,249130,22874,272004,2558
2022-01-27,San Benito,069,59416,12023,11670,459,12129,90
2022-01-27,San Bernardino,071,2135413,552179,525249,23651,548900,6297
2022-01-27,San Diego,073,3302833,704094,683027,48161,731188,4643
2022-01-27,San Francisco,075,870044,114416,108265,7471,115736,712
2022-01-27,San Joaquin,077,732212,156056,150849,9228,160077,1971
2022-01-27,San Luis Obispo,079,281455,48155,46374,3193,49567,391
2022-01-27,San Mateo,081,765935,112843,100306,6087,106393,586
2022-01-27,Santa Barbara,083,443738,79048,76546,4185,80731,604
2022-01-27,Santa Clara,085,1922200,286820,273879,10696,284575,2019
2022-01-27,Santa Cruz,087,273765,41488,39228,1906,41134,240
2022-01-27,Shasta,089,179085,28276,27504,5393,32897,452
2022-01-27,Sierra,091,2930,265,260,42,302,0
2022-01-27,Siskiyou,093,43540,4094,3987,2325,6312,66
2022-01-27,Solano,095,438530,74066,69862,4906,74768,407
2022-01-27,Sonoma,097,501317,76692,73439,2143,75582,427
2022-01-27,Stanislaus,099,539301,110009,107668,15664,123332,1403
2022-01-27,Sutter,101,95872,19172,18797,1551,20348,202
2022-01-27,Tehama,103,63373,11150,10880,2360,13240,145
2022-01-27,Trinity,105,12862,1094,1033,257,1290,19
2022-01-27,Tulare,107,460477,98246,93154,24384,117538,1237
2022-01-27,Tuolumne,109,53932,11638,10806,403,11209,91
2022-01-27,Ventura,111,848112,164033,160466,8907,169373,1271
2022-01-27,Yolo,113,214977,34138,32123,2504,34627,275
2022-01-27,Yuba,115,75493,14654,14295,974,15269,103
2022-01-26,Alameda,001,1643700,233200,222680,11855,234535,1596
2022-01-26,Alpine,002,1148,119,123,1,124,0
2022-01-26,Amador,005,37829,7720,7427,482,7909,73
2022-01-26,Butte,007,227075,30430,29229,6224,35453,353
2022-01-26,Calaveras,009,45235,6687,6387,251,6638,96
2022-01-26,Colusa,011,21464,3220,3094,965,4059,21
2022-01-26,Contra Costa,013,1133247,176717,165972,11170,177142,1095
2022-01-26,Del Norte,015,27424,4794,4542,122,4664,43
2022-01-26,El Dorado,017,186661,25077,23819,2896,26715,181
2022-01-26,Fresno,019,978130,212741,199689,21262,220951,2452
2022-01-26,Glenn,021,27897,4614,4472,1461,5933,39
2022-01-26,Humboldt,023,135768,15141,14715,2312,17027,126
2022-01-26,Imperial,025,180216,51487,49477,9062,58539,839
2022-01-26,Inyo,027,18085,3926,3889,358,4247,50
2022-01-26,Kern,029,883053,179738,173052,41254,214306,1953
2022-01-26,Kings,031,150075,46783,44367,3097,47464,396
2022-01-26,Lake,033,64148,9361,8645,693,9338,119
2022-01-26,Lassen,035,31185,8194,7888,793,8681,55
2022-01-26,Los Angeles,037,10098052,2569467,2450620,115554,2566174,28382
2022-01-26,Madera,039,155013,33819,32323,4747,37070,329
2022-01-26,Marin,041,260295,30820,29813,1940,31753,253
2022-01-26,Mariposa,043,17540,2171,2108,124,2232,6
2022-01-26,Mendocino,045,87422,11927,11453,2242,13695,103
2022-01-26,Merced,047,269075,58213,56060,6701,62761,733
2022-01-26,Modoc,049,8938,663,652,226,878,6
2022-01-26,Mono,051,14174,2872,2852,114,2966,4
2022-01-26,Monterey,053,433212,71916,63264,10354,73618,659
2022-01-26,Napa,055,140530,23122,21864,753,22617,112
2022-01-26,Nevada,057,99092,14769,14128,975,15103,112
2022-01-26,Orange,059,3164182,521168,506419,38571,544990,6007
2022-01-26,Placer,061,380077,58356,55892,6711,62603,524
2022-01-26,Plumas,063,18699,2706,2425,255,2680,12
2022-01-26,Riverside,065,2383286,562092,543788,25977,569765,5701
2022-01-26,Sacramento,067,1510023,259925,246416,22547,268963,2559
2022-01-26,San Benito,069,59416,11952,11563,447,12010,90
2022-01-26,San Bernardino,071,2135413,549906,521699,23544,545243,6291
2022-01-26,San Diego,073,3302833,699879,676392,47803,724195,4622
2022-01-26,San Francisco,075,870044,113774,107174,7439,114613,704
2022-01-26,San Joaquin,077,732212,155060,148770,9174,157944,1971
2022-01-26,San Luis Obispo,079,281455,47850,45716,3167,48883,391
2022-01-26,San Mateo,081,765935,112177,99016,5963,104979,586
2022-01-26,Santa Barbara,083,443738,78520,75548,4125,79673,600
2022-01-26,Santa Clara,085,1922200,284704,270470,10525,280995,2015
2022-01-26,Santa Cruz,087,273765,40969,38298,1892,40190,239
2022-01-26,Shasta,089,179085,28129,27255,5348,32603,452
2022-01-26,Sierra,091,2930,264,260,41,301,0
2022-01-26,Siskiyou,093,43540,4078,3971,2300,6271,66
2022-01-26,Solano,095,438530,73369,69150,4839,73989,401
2022-01-26,Sonoma,097,501317,76132,72509,2108,74617,423
2022-01-26,Stanislaus,099,539301,109454,106582,15447,122029,1396
2022-01-26,Sutter,101,95872,19062,18670,1507,20177,202
2022-01-26,Tehama,103,63373,11096,10749,2346,13095,145
2022-01-26,Trinity,105,12862,1089,1008,257,1265,19
2022-01-26,Tulare,107,460477,97441,91904,24145,116049,1234
2022-01-26,Tuolumne,109,53932,11454,10699,392,11091,91
2022-01-26,Ventura,111,848112,163323,159077,8865,167942,1263
2022-01-26,Yolo,113,214977,33920,31913,2466,34379,275
2022-01-26,Yuba,115,75493,14569,14171,952,15123,103
2022-01-25,Alameda,001,1643700,231312,219753,11683,231436,1589
2022-01-25,Alpine,002,1148,119,122,1,123,0
2022-01-25,Amador,005,37829,7643,7352,471,7823,73
2022-01-25,Butte,007,227075,30217,28887,6151,35038,351
2022-01-25,Calaveras,009,45235,6629,6266,238,6504,95
2022-01-25,Colusa,011,21464,3199,3074,963,4037,21
2022-01-25,Contra Costa,013,1133247,175319,163792,10942,174734,1092
2022-01-25,Del Norte,015,27424,4724,4514,117,4631,43
2022-01-25,El Dorado,017,186661,24940,23339,2872,26211,179
2022-01-25,Fresno,019,978130,210564,198262,20968,219230,2434
2022-01-25,Glenn,021,27897,4584,4418,1445,5863,39
2022-01-25,Humboldt,023,135768,15049,14574,2286,16860,126
2022-01-25,Imperial,025,180216,51031,48913,8841,57754,832
2022-01-25,Inyo,027,18085,3910,3857,316,4173,50
2022-01-25,Kern,029,883053,178733,171695,40806,212501,1947
2022-01-25,Kings,031,150075,46315,43853,3052,46905,396
2022-01-25,Lake,033,64148,9282,8543,681,9224,118
2022-01-25,Lassen,035,31185,8163,7834,784,8618,55
2022-01-25,Los Angeles,037,10098052,2554520,2433516,114911,2548427,28293
2022-01-25,Madera,039,155013,33498,31794,4614,36408,329
2022-01-25,Marin,041,260295,30643,29589,1927,31516,253
2022-01-25,Mariposa,043,17540,2159,2069,118,2187,6
2022-01-25,Mendocino,045,87422,11807,11280,2139,13419,103
2022-01-25,Merced,047,269075,57820,55555,6561,62116,733
2022-01-25,Modoc,049,8938,661,652,226,878,6
2022-01-25,Mono,051,14174,2862,2826,113,2939,4
2022-01-25,Monterey,053,433212,71342,62498,9953,72451,654
2022-01-25,Napa,055,140530,22927,21668,719,22387,111
2022-01-25,Nevada,057,99092,14657,13944,953,14897,112
2022-01-25,Orange,059,3164182,518887,504274,38373,542647,5980
2022-01-25,Placer,061,380077,57953,55465,6638,62103,518
2022-01-25,Plumas,063,18699,2682,2397,251,2648,12
2022-01-25,Riverside,065,2383286,559001,540723,25813,566536,5686
2022-01-25,Sacramento,067,1510023,257975,244468,22019,266487,2545
2022-01-25,San Benito,069,59416,11853,11446,443,11889,88
2022-01-25,San Bernardino,071,2135413,547280,519150,23430,542580,6288
2022-01-25,San Diego,073,3302833,694887,670110,47351,717461,4604
2022-01-25,San Francisco,075,870044,113011,106254,7397,113651,703
2022-01-25,San Joaquin,077,732212,154058,147271,9109,156380,1972
2022-01-25,San Luis Obispo,079,281455,47489,45130,3119,48249,391
2022-01-25,San Mateo,081,765935,111343,98010,5852,103862,586
2022-01-25,Santa Barbara,083,443738,77852,74686,4046,78732,594
2022-01-25,Santa Clara,085,1922200,282052,268031,10323,278354,2006
2022-01-25,Santa Cruz,087,273765,40298,37850,1877,39727,237
2022-01-25,Shasta,089,179085,27967,27090,5282,32372,452
2022-01-25,Sierra,091,2930,264,260,37,297,0
2022-01-25,Siskiyou,093,43540,4054,3958,2265,6223,65
2022-01-25,Solano,095,438530,72797,68657,4780,73437,399
2022-01-25,Sonoma,097,501317,75443,71633,2068,73701,423
2022-01-25,Stanislaus,099,539301,108782,105965,15221,121186,1396
2022-01-25,Sutter,101,95872,18959,18508,1467,19975,200
2022-01-25,Tehama,103,63373,11033,10669,2322,12991,145
2022-01-25,Trinity,105,12862,1082,999,255,1254,19
2022-01-25,Tulare,107,460477,96580,91237,23826,115063,1229
2022-01-25,Tuolumne,109,53932,11273,10516,368,10884,91
2022-01-25,Ventura,111,848112,162469,157971,8816,166787,1263
2022-01-25,Yolo,113,214977,33661,31677,2422,34099,274
2022-01-25,Yuba,115,75493,14484,14038,925,14963,103
2022-01-24,Alameda,001,1643700,228845,216252,11416,227668,1581
2022-01-24,Alpine,002,1148,119,120,1,121,0
2022-01-24,Amador,005,37829,7592,7166,434,7600,73
2022-01-24,Butte,007,227075,29983,28607,6085,34692,350
2022-01-24,Calaveras,009,45235,6581,6172,224,6396,95
2022-01-24,Colusa,011,21464,3179,3052,946,3998,21
2022-01-24,Contra Costa,013,1133247,173760,162161,10720,172881,1092
2022-01-24,Del Norte,015,27424,4664,4460,117,4577,43
2022-01-24,El Dorado,017,186661,24776,23128,2845,25973,179
2022-01-24,Fresno,019,978130,208225,196092,20642,216734,2430
2022-01-24,Glenn,021,27897,4544,4367,1436,5803,39
2022-01-24,Humboldt,023,135768,14938,14416,2241,16657,126
2022-01-24,Imperial,025,180216,50490,48228,8561,56789,824
2022-01-24,Inyo,027,18085,3904,3805,292,4097,50
2022-01-24,Kern,029,883053,177425,169892,40335,210227,1946
2022-01-24,Kings,031,150075,45742,43260,2981,46241,396
2022-01-24,Lake,033,64148,9173,8423,666,9089,118
2022-01-24,Lassen,035,31185,8079,7732,765,8497,55
2022-01-24,Los Angeles,037,10098052,2537997,2391045,114134,2505179,28230
2022-01-24,Madera,039,155013,33062,31339,4430,35769,329
2022-01-24,Marin,041,260295,30410,29301,1891,31192,253
2022-01-24,Mariposa,043,17540,2134,2033,114,2147,6
2022-01-24,Mendocino,045,87422,11703,11002,2060,13062,103
2022-01-24,Merced,047,269075,57316,54970,6276,61246,730
2022-01-24,Modoc,049,8938,658,648,225,873,6
2022-01-24,Mono,051,14174,2852,2802,112,2914,4
2022-01-24,Monterey,053,433212,70482,61975,9598,71573,654
2022-01-24,Napa,055,140530,22748,21494,707,22201,111
2022-01-24,Nevada,057,99092,14530,13774,930,14704,112
2022-01-24,Orange,059,3164182,516308,501634,38107,539741,5969
2022-01-24,Placer,061,380077,57471,54933,6589,61522,518
2022-01-24,Plumas,063,18699,2650,2370,237,2607,12
2022-01-24,Riverside,065,2383286,555269,535962,25605,561567,5661
2022-01-24,Sacramento,067,1510023,255610,241522,21464,262986,2526
2022-01-24,San Benito,069,59416,11751,11331,430,11761,88
2022-01-24,San Bernardino,071,2135413,544388,515604,23267,538871,6285
2022-01-24,San Diego,073,3302833,689231,663580,46800,710380,4586
2022-01-24,San Francisco,075,870044,112054,105418,7303,112721,703
2022-01-24,San Joaquin,077,732212,152739,145984,9033,155017,1959
2022-01-24,San Luis Obispo,079,281455,47018,44616,3065,47681,387
2022-01-24,San Mateo,081,765935,110379,96968,5739,102707,586
2022-01-24,Santa Barbara,083,443738,77041,73866,3953,77819,591
2022-01-24,Santa Clara,085,1922200,279153,265341,10112,275453,2006
2022-01-24,Santa Cruz,087,273765,39498,37188,1859,39047,237
2022-01-24,Shasta,089,179085,27783,26871,5194,32065,452
2022-01-24,Sierra,091,2930,264,258,37,295,0
2022-01-24,Siskiyou,093,43540,4046,3934,2226,6160,64
2022-01-24,Solano,095,438530,72115,68094,4703,72797,400
2022-01-24,Sonoma,097,501317,74528,70733,2031,72764,423
2022-01-24,Stanislaus,099,539301,108023,104933,14933,119866,1395
2022-01-24,Sutter,101,95872,18844,18336,1381,19717,200
2022-01-24,Tehama,103,63373,10963,10567,2302,12869,145
2022-01-24,Trinity,105,12862,1073,978,253,1231,19
2022-01-24,Tulare,107,460477,95508,90089,23469,113558,1219
2022-01-24,Tuolumne,109,53932,11152,10374,360,10734,91
2022-01-24,Ventura,111,848112,161447,156551,8771,165322,1261
2022-01-24,Yolo,113,214977,33368,31480,2393,33873,273
2022-01-24,Yuba,115,75493,14378,13862,886,14748,103
2022-01-23,Alameda,001,1643700,226147,214003,11100,225103,1583
2022-01-23,Alpine,002,1148,119,120,1,121,0
2022-01-23,Amador,005,37829,7536,7090,394,7484,73
2022-01-23,Butte,007,227075,29684,28340,5959,34299,350
2022-01-23,Calaveras,009,45235,6516,6095,203,6298,95
2022-01-23,Colusa,011,21464,3154,3040,937,3977,21
2022-01-23,Contra Costa,013,1133247,171820,160798,10347,171145,1092
2022-01-23,Del Norte,015,27424,4596,4419,111,4530,43
2022-01-23,El Dorado,017,186661,24590,22925,2798,25723,179
2022-01-23,Fresno,019,978130,205675,193642,20157,213799,2430
2022-01-23,Glenn,021,27897,4497,4340,1414,5754,39
2022-01-23,Humboldt,023,135768,14816,14296,2159,16455,126
2022-01-23,Imperial,025,180216,49892,47935,8279,56214,824
2022-01-23,Inyo,027,18085,3877,3781,278,4059,50
2022-01-23,Kern,029,883053,176062,168585,39807,208392,1946
2022-01-23,Kings,031,150075,45108,42622,2878,45500,397
2022-01-23,Lake,033,64148,9003,8363,640,9003,118
2022-01-23,Lassen,035,31185,8030,7710,741,8451,55
2022-01-23,Los Angeles,037,10098052,2517675,2390590,112988,2503578,28231
2022-01-23,Madera,039,155013,32703,30962,4194,35156,329
2022-01-23,Marin,041,260295,30157,29025,1853,30878,253
2022-01-23,Mariposa,043,17540,2119,2011,111,2122,6
2022-01-23,Mendocino,045,87422,11578,10889,1932,12821,103
2022-01-23,Merced,047,269075,56743,54644,5818,60462,730
2022-01-23,Modoc,049,8938,656,645,222,867,6
2022-01-23,Mono,051,14174,2844,2788,110,2898,4
2022-01-23,Monterey,053,433212,69644,61522,9165,70687,654
2022-01-23,Napa,055,140530,22486,21281,694,21975,111
2022-01-23,Nevada,057,99092,14368,13629,901,14530,112
2022-01-23,Orange,059,3164182,513203,498968,37813,536781,5970
2022-01-23,Placer,061,380077,56901,54568,6500,61068,518
2022-01-23,Plumas,063,18699,2617,2368,208,2576,12
2022-01-23,Riverside,065,2383286,550822,532273,25303,557576,5661
2022-01-23,Sacramento,067,1510023,252971,239589,20523,260112,2530
2022-01-23,San Benito,069,59416,11629,11225,419,11644,88
2022-01-23,San Bernardino,071,2135413,540827,512657,22989,535646,6281
2022-01-23,San Diego,073,3302833,682626,640215,45991,686206,4566
2022-01-23,San Francisco,075,870044,110987,104485,7195,111680,704
2022-01-23,San Joaquin,077,732212,151113,144621,8950,153571,1959
2022-01-23,San Luis Obispo,079,281455,46321,44183,2991,47174,386
2022-01-23,San Mateo,081,765935,109260,95940,5595,101535,586
2022-01-23,Santa Barbara,083,443738,75917,73041,3830,76871,590
2022-01-23,Santa Clara,085,1922200,275805,261991,9793,271784,2005
2022-01-23,Santa Cruz,087,273765,38966,36547,1828,38375,237
2022-01-23,Shasta,089,179085,27503,26732,5074,31806,452
2022-01-23,Sierra,091,2930,263,252,37,289,0
2022-01-23,Siskiyou,093,43540,4021,3916,2169,6085,64
2022-01-23,Solano,095,438530,71314,67457,4609,72066,400
2022-01-23,Sonoma,097,501317,73575,69791,1975,71766,423
2022-01-23,Stanislaus,099,539301,107161,104067,14642,118709,1395
2022-01-23,Sutter,101,95872,18685,18175,1268,19443,200
2022-01-23,Tehama,103,63373,10865,10481,2271,12752,145
2022-01-23,Trinity,105,12862,1070,961,251,1212,19
2022-01-23,Tulare,107,460477,94251,89120,23060,112180,1219
2022-01-23,Tuolumne,109,53932,10960,10243,343,10586,91
2022-01-23,Ventura,111,848112,160266,155052,8694,163746,1261
2022-01-23,Yolo,113,214977,32992,30908,2353,33261,273
2022-01-23,Yuba,115,75493,14254,13762,833,14595,103
2022-01-22,Alameda,001,1643700,225088,203927,11073,215000,1575
2022-01-22,Alpine,002,1148,118,119,1,120,0
2022-01-22,Amador,005,37829,7502,6845,389,7234,73
2022-01-22,Butte,007,227075,29562,27232,5927,33159,350
2022-01-22,Calaveras,009,45235,6486,5835,202,6037,95
2022-01-22,Colusa,011,21464,3137,2954,934,3888,21
2022-01-22,Contra Costa,013,1133247,170843,154111,10317,164428,1091
2022-01-22,Del Norte,015,27424,4557,4269,107,4376,43
2022-01-22,El Dorado,017,186661,24525,22273,2786,25059,179
2022-01-22,Fresno,019,978130,204839,185292,20087,205379,2429
2022-01-22,Glenn,021,27897,4490,4174,1411,5585,39
2022-01-22,Humboldt,023,135768,14748,13628,2146,15774,125
2022-01-22,Imperial,025,180216,49700,45741,8221,53962,820
2022-01-22,Inyo,027,18085,3873,3706,254,3960,50
2022-01-22,Kern,029,883053,175435,162902,39507,202409,1946
2022-01-22,Kings,031,150075,44900,40580,2865,43445,396
2022-01-22,Lake,033,64148,8969,8056,632,8688,118
2022-01-22,Lassen,035,31185,7996,7545,734,8279,55
2022-01-22,Los Angeles,037,10098052,2510257,2286280,112483,2398763,28038
2022-01-22,Madera,039,155013,32584,29595,4179,33774,329
2022-01-22,Marin,041,260295,30030,27893,1848,29741,253
2022-01-22,Mariposa,043,17540,2115,1920,111,2031,6
2022-01-22,Mendocino,045,87422,11528,10395,1910,12305,103
2022-01-22,Merced,047,269075,56584,53025,5809,58834,727
2022-01-22,Modoc,049,8938,655,639,222,861,6
2022-01-22,Mono,051,14174,2843,2723,106,2829,4
2022-01-22,Monterey,053,433212,69438,59038,9123,68161,651
2022-01-22,Napa,055,140530,22391,20402,684,21086,111
2022-01-22,Nevada,057,99092,14300,12957,893,13850,112
2022-01-22,Orange,059,3164182,511594,480329,37565,517894,5946
2022-01-22,Placer,061,380077,56630,52557,6463,59020,512
2022-01-22,Plumas,063,18699,2600,2289,204,2493,12
2022-01-22,Riverside,065,2383286,548905,513567,25231,538798,5623
2022-01-22,Sacramento,067,1510023,251929,230206,20418,250624,2510
2022-01-22,San Benito,069,59416,11571,10743,414,11157,88
2022-01-22,San Bernardino,071,2135413,539290,495209,22895,518104,6267
2022-01-22,San Diego,073,3302833,680139,628904,45770,674674,4559
2022-01-22,San Francisco,075,870044,110329,100238,7046,107284,702
2022-01-22,San Joaquin,077,732212,150670,138264,8908,147172,1960
2022-01-22,San Luis Obispo,079,281455,46202,42154,2985,45139,385
2022-01-22,San Mateo,081,765935,108674,91440,5533,96973,585
2022-01-22,Santa Barbara,083,443738,75495,69555,3824,73379,589
2022-01-22,Santa Clara,085,1922200,274120,249205,9727,258932,1993
2022-01-22,Santa Cruz,087,273765,38784,33741,1822,35563,237
2022-01-22,Shasta,089,179085,27407,25919,5052,30971,450
2022-01-22,Sierra,091,2930,263,248,36,284,0
2022-01-22,Siskiyou,093,43540,4003,3845,2148,5993,62
2022-01-22,Solano,095,438530,71091,63882,4571,68453,391
2022-01-22,Sonoma,097,501317,73154,66013,1965,67978,422
2022-01-22,Stanislaus,099,539301,106702,100092,14544,114636,1393
2022-01-22,Sutter,101,95872,18617,17616,1255,18871,199
2022-01-22,Tehama,103,63373,10830,10171,2260,12431,142
2022-01-22,Trinity,105,12862,1068,925,251,1176,19
2022-01-22,Tulare,107,460477,93874,85223,22938,108161,1211
2022-01-22,Tuolumne,109,53932,10892,9731,337,10068,91
2022-01-22,Ventura,111,848112,159575,148742,8654,157396,1250
2022-01-22,Yolo,113,214977,32814,30061,2336,32397,273
2022-01-22,Yuba,115,75493,14165,13288,829,14117,103
2022-01-21,Alameda,001,1643700,223518,203927,11041,214968,1575
2022-01-21,Alpine,002,1148,118,119,1,120,0
2022-01-21,Amador,005,37829,7445,6845,386,7231,73
2022-01-21,Butte,007,227075,29436,27232,5884,33116,350
2022-01-21,Calaveras,009,45235,6440,5835,202,6037,95
2022-01-21,Colusa,011,21464,3130,2954,928,3882,21
2022-01-21,Contra Costa,013,1133247,169736,154111,10237,164348,1091
2022-01-21,Del Norte,015,27424,4517,4269,107,4376,43
2022-01-21,El Dorado,017,186661,24440,22273,2770,25043,179
2022-01-21,Fresno,019,978130,203552,185292,19987,205279,2429
2022-01-21,Glenn,021,27897,4468,4174,1407,5581,39
2022-01-21,Humboldt,023,135768,14678,13628,2127,15755,125
2022-01-21,Imperial,025,180216,49511,45741,8145,53886,820
2022-01-21,Inyo,027,18085,3860,3706,249,3955,50
2022-01-21,Kern,029,883053,174720,162902,39137,202039,1946
2022-01-21,Kings,031,150075,44702,40580,2857,43437,396
2022-01-21,Lake,033,64148,8912,8056,620,8676,118
2022-01-21,Lassen,035,31185,7947,7545,730,8275,55
2022-01-21,Los Angeles,037,10098052,2498956,2286280,112025,2398305,28038
2022-01-21,Madera,039,155013,32293,29595,4151,33746,329
2022-01-21,Marin,041,260295,29855,27893,1829,29722,253
2022-01-21,Mariposa,043,17540,2103,1920,110,2030,6
2022-01-21,Mendocino,045,87422,11447,10395,1907,12302,103
2022-01-21,Merced,047,269075,56423,53025,5805,58830,727
2022-01-21,Modoc,049,8938,654,639,222,861,6
2022-01-21,Mono,051,14174,2829,2723,103,2826,4
2022-01-21,Monterey,053,433212,68967,59038,8997,68035,651
2022-01-21,Napa,055,140530,22271,20402,676,21078,111
2022-01-21,Nevada,057,99092,14202,12957,889,13846,112
2022-01-21,Orange,059,3164182,509357,480329,37319,517648,5946
2022-01-21,Placer,061,380077,56238,52557,6401,58958,512
2022-01-21,Plumas,063,18699,2587,2289,199,2488,12
2022-01-21,Riverside,065,2383286,546251,513567,25152,538719,5623
2022-01-21,Sacramento,067,1510023,250488,230206,20319,250525,2510
2022-01-21,San Benito,069,59416,11536,10743,411,11154,88
2022-01-21,San Bernardino,071,2135413,537215,495209,22819,518028,6267
2022-01-21,San Diego,073,3302833,675971,628904,45593,674497,4559
2022-01-21,San Francisco,075,870044,109568,100238,6958,107196,702
2022-01-21,San Joaquin,077,732212,150067,138264,8852,147116,1960
2022-01-21,San Luis Obispo,079,281455,46076,42154,2982,45136,385
2022-01-21,San Mateo,081,765935,108002,91440,5494,96934,585
2022-01-21,Santa Barbara,083,443738,74993,69555,3815,73370,589
2022-01-21,Santa Clara,085,1922200,272288,249205,9619,258824,1993
2022-01-21,Santa Cruz,087,273765,38065,33741,1809,35550,237
2022-01-21,Shasta,089,179085,27318,25919,5005,30924,450
2022-01-21,Sierra,091,2930,261,248,35,283,0
2022-01-21,Siskiyou,093,43540,3994,3845,2130,5975,62
2022-01-21,Solano,095,438530,70678,63882,4488,68370,391
2022-01-21,Sonoma,097,501317,72630,66013,1955,67968,422
2022-01-21,Stanislaus,099,539301,106197,100092,14469,114561,1393
2022-01-21,Sutter,101,95872,18531,17616,1241,18857,199
2022-01-21,Tehama,103,63373,10793,10171,2258,12429,142
2022-01-21,Trinity,105,12862,1062,925,250,1175,19
2022-01-21,Tulare,107,460477,93394,85223,22784,108007,1211
2022-01-21,Tuolumne,109,53932,10809,9731,330,10061,91
2022-01-21,Ventura,111,848112,158766,148742,8623,157365,1250
2022-01-21,Yolo,113,214977,32651,30061,2315,32376,273
2022-01-21,Yuba,115,75493,14093,13288,822,14110,103
2022-01-20,Alameda,001,1643700,220461,203927,10807,214734,1575
2022-01-20,Alpine,002,1148,118,119,1,120,0
2022-01-20,Amador,005,37829,7381,6845,368,7213,73
2022-01-20,Butte,007,227075,29170,27232,5804,33036,350
2022-01-20,Calaveras,009,45235,6335,5835,193,6028,95
2022-01-20,Colusa,011,21464,3104,2954,916,3870,21
2022-01-20,Contra Costa,013,1133247,167681,154111,9964,164075,1091
2022-01-20,Del Norte,015,27424,4477,4269,104,4373,43
2022-01-20,El Dorado,017,186661,24239,22273,2724,24997,179
2022-01-20,Fresno,019,978130,200896,185292,19602,204894,2429
2022-01-20,Glenn,021,27897,4434,4174,1398,5572,39
2022-01-20,Humboldt,023,135768,14551,13628,2077,15705,125
2022-01-20,Imperial,025,180216,48993,45741,7970,53711,820
2022-01-20,Inyo,027,18085,3848,3706,238,3944,50
2022-01-20,Kern,029,883053,173197,162902,38597,201499,1946
2022-01-20,Kings,031,150075,44145,40580,2817,43397,396
2022-01-20,Lake,033,64148,8816,8056,592,8648,118
2022-01-20,Lassen,035,31185,7894,7545,715,8260,55
2022-01-20,Los Angeles,037,10098052,2474225,2286280,111052,2397332,28038
2022-01-20,Madera,039,155013,31905,29595,4026,33621,329
2022-01-20,Marin,041,260295,29563,27893,1792,29685,253
2022-01-20,Mariposa,043,17540,2076,1920,107,2027,6
2022-01-20,Mendocino,045,87422,11349,10395,1829,12224,103
2022-01-20,Merced,047,269075,55977,53025,5572,58597,727
2022-01-20,Modoc,049,8938,652,639,222,861,6
2022-01-20,Mono,051,14174,2821,2723,102,2825,4
2022-01-20,Monterey,053,433212,68202,59038,8581,67619,651
2022-01-20,Napa,055,140530,22006,20402,637,21039,111
2022-01-20,Nevada,057,99092,14058,12957,867,13824,112
2022-01-20,Orange,059,3164182,505422,480329,36946,517275,5946
2022-01-20,Placer,061,380077,55754,52557,6341,58898,512
2022-01-20,Plumas,063,18699,2559,2289,195,2484,12
2022-01-20,Riverside,065,2383286,541681,513567,24921,538488,5623
2022-01-20,Sacramento,067,1510023,248206,230206,19688,249894,2510
2022-01-20,San Benito,069,59416,11425,10743,398,11141,88
2022-01-20,San Bernardino,071,2135413,533004,495209,22540,517749,6267
2022-01-20,San Diego,073,3302833,668880,628904,44889,673793,4559
2022-01-20,San Francisco,075,870044,108419,100238,6819,107057,702
2022-01-20,San Joaquin,077,732212,148418,138264,8724,146988,1960
2022-01-20,San Luis Obispo,079,281455,45565,42154,2948,45102,385
2022-01-20,San Mateo,081,765935,106777,91440,5290,96730,585
2022-01-20,Santa Barbara,083,443738,74095,69555,3703,73258,589
2022-01-20,Santa Clara,085,1922200,268939,249205,9291,258496,1993
2022-01-20,Santa Cruz,087,273765,37180,33741,1786,35527,237
2022-01-20,Shasta,089,179085,27127,25919,4938,30857,450
2022-01-20,Sierra,091,2930,261,248,33,281,0
2022-01-20,Siskiyou,093,43540,3983,3845,2097,5942,62
2022-01-20,Solano,095,438530,69727,63882,4399,68281,391
2022-01-20,Sonoma,097,501317,71603,66013,1904,67917,422
2022-01-20,Stanislaus,099,539301,105238,100092,14263,114355,1393
2022-01-20,Sutter,101,95872,18367,17616,1213,18829,199
2022-01-20,Tehama,103,63373,10720,10171,2240,12411,142
2022-01-20,Trinity,105,12862,1048,925,249,1174,19
2022-01-20,Tulare,107,460477,92343,85223,22501,107724,1211
2022-01-20,Tuolumne,109,53932,10667,9731,320,10051,91
2022-01-20,Ventura,111,848112,157381,148742,8546,157288,1250
2022-01-20,Yolo,113,214977,32364,30061,2282,32343,273
2022-01-20,Yuba,115,75493,13987,13288,789,14077,103
2022-01-19,Alameda,001,1643700,217094,199739,10488,210227,1571
2022-01-19,Alpine,002,1148,117,119,1,120,0
2022-01-19,Amador,005,37829,7300,6789,326,7115,73
2022-01-19,Butte,007,227075,28865,26839,5717,32556,351
2022-01-19,Calaveras,009,45235,6245,5765,184,5949,95
2022-01-19,Colusa,011,21464,3070,2938,908,3846,21
2022-01-19,Contra Costa,013,1133247,165250,151543,9718,161261,1091
2022-01-19,Del Norte,015,27424,4438,4240,103,4343,43
2022-01-19,El Dorado,017,186661,23987,21953,2683,24636,177
2022-01-19,Fresno,019,978130,197932,181526,19272,200798,2430
2022-01-19,Glenn,021,27897,4382,4127,1388,5515,39
2022-01-19,Humboldt,023,135768,14394,13391,2027,15418,125
2022-01-19,Imperial,025,180216,48258,45156,7773,52929,820
2022-01-19,Inyo,027,18085,3825,3680,199,3879,49
2022-01-19,Kern,029,883053,171431,160747,37919,198666,1946
2022-01-19,Kings,031,150075,43447,40027,2749,42776,395
2022-01-19,Lake,033,64148,8689,7972,579,8551,118
2022-01-19,Lassen,035,31185,7837,7507,693,8200,55
2022-01-19,Los Angeles,037,10098052,2445835,2251718,109638,2361356,27934
2022-01-19,Madera,039,155013,31524,29021,3856,32877,329
2022-01-19,Marin,041,260295,29266,27375,1751,29126,251
2022-01-19,Mariposa,043,17540,2051,1896,100,1996,6
2022-01-19,Mendocino,045,87422,11178,10252,1736,11988,103
2022-01-19,Merced,047,269075,55418,52355,5212,57567,724
2022-01-19,Modoc,049,8938,650,635,221,856,6
2022-01-19,Mono,051,14174,2799,2677,100,2777,4
2022-01-19,Monterey,053,433212,67294,58426,8124,66550,651
2022-01-19,Napa,055,140530,21753,20090,610,20700,110
2022-01-19,Nevada,057,99092,13900,12703,840,13543,112
2022-01-19,Orange,059,3164182,500935,468460,36574,505034,5943
2022-01-19,Placer,061,380077,55190,51545,6273,57818,511
2022-01-19,Plumas,063,18699,2519,2239,189,2428,12
2022-01-19,Riverside,065,2383286,536161,503575,24686,528261,5604
2022-01-19,Sacramento,067,1510023,245310,226035,18974,245009,2512
2022-01-19,San Benito,069,59416,11283,10639,386,11025,88
2022-01-19,San Bernardino,071,2135413,528238,487846,22161,510007,6265
2022-01-19,San Diego,073,3302833,660107,614709,44151,658860,4553
2022-01-19,San Francisco,075,870044,107048,98652,6743,105395,694
2022-01-19,San Joaquin,077,732212,146513,135953,8601,144554,1959
2022-01-19,San Luis Obispo,079,281455,44966,41374,2882,44256,382
2022-01-19,San Mateo,081,765935,105363,89715,5026,94741,585
2022-01-19,Santa Barbara,083,443738,73098,68531,3604,72135,586
2022-01-19,Santa Clara,085,1922200,265146,244922,8934,253856,1991
2022-01-19,Santa Cruz,087,273765,35877,33026,1762,34788,237
2022-01-19,Shasta,089,179085,26860,25355,4866,30221,450
2022-01-19,Sierra,091,2930,261,245,32,277,0
2022-01-19,Siskiyou,093,43540,3959,3821,2044,5865,62
2022-01-19,Solano,095,438530,68881,63003,4269,67272,392
2022-01-19,Sonoma,097,501317,70503,64689,1858,66547,420
2022-01-19,Stanislaus,099,539301,104185,98952,13971,112923,1381
2022-01-19,Sutter,101,95872,18198,17436,1125,18561,199
2022-01-19,Tehama,103,63373,10605,10064,2196,12260,142
2022-01-19,Trinity,105,12862,1036,916,248,1164,19
2022-01-19,Tulare,107,460477,91060,83743,22034,105777,1200
2022-01-19,Tuolumne,109,53932,10507,9613,295,9908,91
2022-01-19,Ventura,111,848112,155866,144738,8471,153209,1234
2022-01-19,Yolo,113,214977,31999,29392,2246,31638,273
2022-01-19,Yuba,115,75493,13825,13114,776,13890,104
2022-01-18,Alameda,001,1643700,213748,195728,10172,205900,1566
2022-01-18,Alpine,002,1148,117,118,1,119,0
2022-01-18,Amador,005,37829,7162,6691,290,6981,73
2022-01-18,Butte,007,227075,28473,26514,5635,32149,347
2022-01-18,Calaveras,009,45235,6156,5684,169,5853,94
2022-01-18,Colusa,011,21464,3026,2903,903,3806,21
2022-01-18,Contra Costa,013,1133247,163104,149446,9340,158786,1085
2022-01-18,Del Norte,015,27424,4368,4229,98,4327,43
2022-01-18,El Dorado,017,186661,23619,21707,2639,24346,175
2022-01-18,Fresno,019,978130,194377,178922,18815,197737,2425
2022-01-18,Glenn,021,27897,4348,4070,1376,5446,39
2022-01-18,Humboldt,023,135768,14230,13218,1955,15173,125
2022-01-18,Imperial,025,180216,47562,44742,7592,52334,819
2022-01-18,Inyo,027,18085,3784,3654,189,3843,49
2022-01-18,Kern,029,883053,169409,158864,37166,196030,1943
2022-01-18,Kings,031,150075,42573,39440,2671,42111,392
2022-01-18,Lake,033,64148,8576,7919,560,8479,117
2022-01-18,Lassen,035,31185,7754,7461,654,8115,55
2022-01-18,Los Angeles,037,10098052,2412397,2227360,108163,2335523,27871
2022-01-18,Madera,039,155013,31002,28717,3667,32384,329
2022-01-18,Marin,041,260295,28960,27036,1710,28746,251
2022-01-18,Mariposa,043,17540,2026,1872,96,1968,6
2022-01-18,Mendocino,045,87422,11009,10114,1651,11765,103
2022-01-18,Merced,047,269075,54781,51746,4919,56665,718
2022-01-18,Modoc,049,8938,648,633,216,849,6
2022-01-18,Mono,051,14174,2778,2643,99,2742,4
2022-01-18,Monterey,053,433212,66517,57846,7645,65491,650
2022-01-18,Napa,055,140530,21421,19911,595,20506,109
2022-01-18,Nevada,057,99092,13716,12584,798,13382,111
2022-01-18,Orange,059,3164182,495601,461324,36067,497391,5938
2022-01-18,Placer,061,380077,54545,50983,6200,57183,508
2022-01-18,Plumas,063,18699,2481,2218,183,2401,12
2022-01-18,Riverside,065,2383286,530182,497278,24379,521657,5599
2022-01-18,Sacramento,067,1510023,242224,223745,17993,241738,2496
2022-01-18,San Benito,069,59416,11142,10520,372,10892,88
2022-01-18,San Bernardino,071,2135413,522787,483753,21732,505485,6258
2022-01-18,San Diego,073,3302833,649910,605137,43104,648241,4547
2022-01-18,San Francisco,075,870044,105582,96505,6627,103132,694
2022-01-18,San Joaquin,077,732212,144546,134365,8385,142750,1957
2022-01-18,San Luis Obispo,079,281455,44285,40848,2796,43644,381
2022-01-18,San Mateo,081,765935,103849,88225,4829,93054,585
2022-01-18,Santa Barbara,083,443738,71880,67216,3431,70647,581
2022-01-18,Santa Clara,085,1922200,260959,240281,8539,248820,1986
2022-01-18,Santa Cruz,087,273765,35227,32203,1727,33930,237
2022-01-18,Shasta,089,179085,26578,25162,4772,29934,448
2022-01-18,Sierra,091,2930,257,244,32,276,0
2022-01-18,Siskiyou,093,43540,3926,3799,1991,5790,62
2022-01-18,Solano,095,438530,68030,62204,4158,66362,391
2022-01-18,Sonoma,097,501317,69114,63714,1803,65517,419
2022-01-18,Stanislaus,099,539301,102965,98000,13594,111594,1379
2022-01-18,Sutter,101,95872,18006,17295,1054,18349,198
2022-01-18,Tehama,103,63373,10509,9975,2144,12119,142
2022-01-18,Trinity,105,12862,1023,907,247,1154,19
2022-01-18,Tulare,107,460477,89594,82667,21631,104298,1196
2022-01-18,Tuolumne,109,53932,10338,9528,284,9812,91
2022-01-18,Ventura,111,848112,154155,143384,8385,151769,1233
2022-01-18,Yolo,113,214977,31602,28786,2196,30982,270
2022-01-18,Yuba,115,75493,13665,12971,751,13722,101
2022-01-17,Alameda,001,1643700,209073,193276,9588,202864,1565
2022-01-17,Alpine,002,1148,116,118,0,118,0
2022-01-17,Amador,005,37829,7048,6640,232,6872,73
2022-01-17,Butte,007,227075,28080,26303,5522,31825,348
2022-01-17,Calaveras,009,45235,6025,5584,141,5725,94
2022-01-17,Colusa,011,21464,3002,2905,896,3801,21
2022-01-17,Contra Costa,013,1133247,160171,147993,8840,156833,1086
2022-01-17,Del Norte,015,27424,4316,4209,91,4300,43
2022-01-17,El Dorado,017,186661,23373,21540,2557,24097,175
2022-01-17,Fresno,019,978130,190539,176959,18281,195240,2426
2022-01-17,Glenn,021,27897,4295,4055,1363,5418,39
2022-01-17,Humboldt,023,135768,14024,13120,1789,14909,125
2022-01-17,Imperial,025,180216,46876,44412,7429,51841,821
2022-01-17,Inyo,027,18085,3762,3650,163,3813,49
2022-01-17,Kern,029,883053,166871,157645,36290,193935,1944
2022-01-17,Kings,031,150075,41439,39143,2549,41692,392
2022-01-17,Lake,033,64148,8427,7864,520,8384,117
2022-01-17,Lassen,035,31185,7661,7417,617,8034,55
2022-01-17,Los Angeles,037,10098052,2373175,2205740,106200,2311940,27832
2022-01-17,Madera,039,155013,30349,28568,3487,32055,329
2022-01-17,Marin,041,260295,28554,26633,1654,28287,251
2022-01-17,Mariposa,043,17540,2001,1862,89,1951,6
2022-01-17,Mendocino,045,87422,10786,10030,1511,11541,103
2022-01-17,Merced,047,269075,54083,51227,4353,55580,718
2022-01-17,Modoc,049,8938,644,630,216,846,6
2022-01-17,Mono,051,14174,2755,2642,98,2740,4
2022-01-17,Monterey,053,433212,65397,57318,7225,64543,647
2022-01-17,Napa,055,140530,21076,19647,573,20220,109
2022-01-17,Nevada,057,99092,13530,12414,761,13175,111
2022-01-17,Orange,059,3164182,489638,457418,35590,493008,5933
2022-01-17,Placer,061,380077,53813,50511,6056,56567,508
2022-01-17,Plumas,063,18699,2435,2205,151,2356,12
2022-01-17,Riverside,065,2383286,523364,491322,23926,515248,5600
2022-01-17,Sacramento,067,1510023,238141,221143,16649,237792,2497
2022-01-17,San Benito,069,59416,10974,10432,344,10776,88
2022-01-17,San Bernardino,071,2135413,516316,480243,21190,501433,6259
2022-01-17,San Diego,073,3302833,637699,569241,41894,611135,4545
2022-01-17,San Francisco,075,870044,103953,95292,6436,101728,694
2022-01-17,San Joaquin,077,732212,141691,133414,8195,141609,1958
2022-01-17,San Luis Obispo,079,281455,43457,40425,2695,43120,379
2022-01-17,San Mateo,081,765935,101877,87013,4576,91589,585
2022-01-17,Santa Barbara,083,443738,70558,66704,3231,69935,581
2022-01-17,Santa Clara,085,1922200,256367,237934,8106,246040,1985
2022-01-17,Santa Cruz,087,273765,34455,31714,1690,33404,237
2022-01-17,Shasta,089,179085,26299,25025,4651,29676,448
2022-01-17,Sierra,091,2930,256,242,32,274,0
2022-01-17,Siskiyou,093,43540,3887,3764,1911,5675,62
2022-01-17,Solano,095,438530,66988,61497,3899,65396,391
2022-01-17,Sonoma,097,501317,67609,62763,1737,64500,419
2022-01-17,Stanislaus,099,539301,101648,96951,13103,110054,1379
2022-01-17,Sutter,101,95872,17796,17159,918,18077,198
2022-01-17,Tehama,103,63373,10385,9912,2087,11999,142
2022-01-17,Trinity,105,12862,1010,906,243,1149,19
2022-01-17,Tulare,107,460477,87840,81741,21089,102830,1199
2022-01-17,Tuolumne,109,53932,10199,9416,252,9668,91
2022-01-17,Ventura,111,848112,152039,142070,8267,150337,1234
2022-01-17,Yolo,113,214977,31072,28638,2131,30769,270
2022-01-17,Yuba,115,75493,13468,12871,695,13566,101
2022-01-16,Alameda,001,1643700,206026,190691,9338,200029,1564
2022-01-16,Alpine,002,1148,116,118,0,118,0
2022-01-16,Amador,005,37829,6975,6618,224,6842,73
2022-01-16,Butte,007,227075,27732,26139,5469,31608,348
2022-01-16,Calaveras,009,45235,5924,5537,137,5674,94
2022-01-16,Colusa,011,21464,2985,2886,884,3770,21
2022-01-16,Contra Costa,013,1133247,158156,146307,8626,154933,1086
2022-01-16,Del Norte,015,27424,4274,4177,89,4266,43
2022-01-16,El Dorado,017,186661,23096,21303,2519,23822,175
2022-01-16,Fresno,019,978130,187678,174818,17873,192691,2425
2022-01-16,Glenn,021,27897,4238,4049,1341,5390,39
2022-01-16,Humboldt,023,135768,13877,13075,1770,14845,125
2022-01-16,Imperial,025,180216,46304,44035,7265,51300,821
2022-01-16,Inyo,027,18085,3725,3602,141,3743,49
2022-01-16,Kern,029,883053,165599,156655,35505,192160,1944
2022-01-16,Kings,031,150075,41065,38861,2528,41389,392
2022-01-16,Lake,033,64148,8323,7823,486,8309,117
2022-01-16,Lassen,035,31185,7616,7391,604,7995,55
2022-01-16,Los Angeles,037,10098052,2349979,2174403,104692,2279095,27805
2022-01-16,Madera,039,155013,29979,28313,3437,31750,329
2022-01-16,Marin,041,260295,28260,26292,1639,27931,251
2022-01-16,Mariposa,043,17540,1974,1851,84,1935,6
2022-01-16,Mendocino,045,87422,10639,9992,1395,11387,102
2022-01-16,Merced,047,269075,53467,50882,4325,55207,718
2022-01-16,Modoc,049,8938,641,629,216,845,6
2022-01-16,Mono,051,14174,2751,2614,96,2710,4
2022-01-16,Monterey,053,433212,64631,57012,7081,64093,647
2022-01-16,Napa,055,140530,20810,19521,562,20083,109
2022-01-16,Nevada,057,99092,13317,12307,743,13050,111
2022-01-16,Orange,059,3164182,484242,451962,35038,487000,5932
2022-01-16,Placer,061,380077,53106,50076,5946,56022,508
2022-01-16,Plumas,063,18699,2400,2204,142,2346,12
2022-01-16,Riverside,065,2383286,517854,485191,23706,508897,5600
2022-01-16,Sacramento,067,1510023,235186,218819,15933,234752,2491
2022-01-16,San Benito,069,59416,10815,10377,342,10719,88
2022-01-16,San Bernardino,071,2135413,512280,474425,20935,495360,6259
2022-01-16,San Diego,073,3302833,630109,569241,41454,610695,4545
2022-01-16,San Francisco,075,870044,102430,94139,6298,100437,694
2022-01-16,San Joaquin,077,732212,139889,132214,8052,140266,1958
2022-01-16,San Luis Obispo,079,281455,42800,40113,2656,42769,379
2022-01-16,San Mateo,081,765935,100347,85966,4483,90449,585
2022-01-16,Santa Barbara,083,443738,69530,66111,3190,69301,582
2022-01-16,Santa Clara,085,1922200,252577,234293,7948,242241,1984
2022-01-16,Santa Cruz,087,273765,33826,31469,1668,33137,237
2022-01-16,Shasta,089,179085,26043,24980,4583,29563,449
2022-01-16,Sierra,091,2930,252,238,31,269,0
2022-01-16,Siskiyou,093,43540,3859,3748,1872,5620,62
2022-01-16,Solano,095,438530,66312,60885,3768,64653,391
2022-01-16,Sonoma,097,501317,66531,61842,1720,63562,419
2022-01-16,Stanislaus,099,539301,100585,96370,12937,109307,1379
2022-01-16,Sutter,101,95872,17596,16996,896,17892,198
2022-01-16,Tehama,103,63373,10300,9868,2066,11934,142
2022-01-16,Trinity,105,12862,1005,889,241,1130,19
2022-01-16,Tulare,107,460477,86530,80867,20836,101703,1199
2022-01-16,Tuolumne,109,53932,10094,9369,244,9613,91
2022-01-16,Ventura,111,848112,150462,140715,8189,148904,1234
2022-01-16,Yolo,113,214977,30678,28481,2078,30559,270
2022-01-16,Yuba,115,75493,13290,12760,689,13449,101
2022-01-15,Alameda,001,1643700,204689,177768,9283,187051,1561
2022-01-15,Alpine,002,1148,116,117,0,117,0
2022-01-15,Amador,005,37829,6943,6434,210,6644,72
2022-01-15,Butte,007,227075,27577,25032,5417,30449,348
2022-01-15,Calaveras,009,45235,5892,5258,137,5395,93
2022-01-15,Colusa,011,21464,2971,2796,877,3673,21
2022-01-15,Contra Costa,013,1133247,156888,137643,8578,146221,1082
2022-01-15,Del Norte,015,27424,4259,4065,87,4152,43
2022-01-15,El Dorado,017,186661,22991,20434,2503,22937,175
2022-01-15,Fresno,019,978130,186693,167361,17773,185134,2415
2022-01-15,Glenn,021,27897,4231,3906,1332,5238,39
2022-01-15,Humboldt,023,135768,13774,12419,1754,14173,123
2022-01-15,Imperial,025,180216,46166,42508,7157,49665,817
2022-01-15,Inyo,027,18085,3715,3395,141,3536,49
2022-01-15,Kern,029,883053,164756,150085,35115,185200,1938
2022-01-15,Kings,031,150075,40816,37221,2516,39737,391
2022-01-15,Lake,033,64148,8284,7641,473,8114,117
2022-01-15,Lassen,035,31185,7576,7274,598,7872,55
2022-01-15,Los Angeles,037,10098052,2338439,2047927,103743,2151670,27641
2022-01-15,Madera,039,155013,29833,27294,3413,30707,329
2022-01-15,Marin,041,260295,28073,25248,1632,26880,251
2022-01-15,Mariposa,043,17540,1967,1762,84,1846,6
2022-01-15,Mendocino,045,87422,10566,9534,1389,10923,102
2022-01-15,Merced,047,269075,53295,48904,4313,53217,715
2022-01-15,Modoc,049,8938,639,628,216,844,6
2022-01-15,Mono,051,14174,2746,2508,95,2603,4
2022-01-15,Monterey,053,433212,64117,55315,7017,62332,647
2022-01-15,Napa,055,140530,20689,17648,558,18206,109
2022-01-15,Nevada,057,99092,13257,11773,730,12503,111
2022-01-15,Orange,059,3164182,481641,433141,34764,467905,5914
2022-01-15,Placer,061,380077,52815,47780,5910,53690,501
2022-01-15,Plumas,063,18699,2379,2158,136,2294,12
2022-01-15,Riverside,065,2383286,515173,466381,23571,489952,5578
2022-01-15,Sacramento,067,1510023,234026,208156,15833,223989,2491
2022-01-15,San Benito,069,59416,10715,9868,337,10205,87
2022-01-15,San Bernardino,071,2135413,509909,454395,20787,475182,6233
2022-01-15,San Diego,073,3302833,626323,559385,41198,600583,4540
2022-01-15,San Francisco,075,870044,101434,88004,6163,94167,692
2022-01-15,San Joaquin,077,732212,139316,125136,7955,133091,1954
2022-01-15,San Luis Obispo,079,281455,42611,38231,2643,40874,374
2022-01-15,San Mateo,081,765935,99389,80494,4442,84936,582
2022-01-15,Santa Barbara,083,443738,68934,62312,3179,65491,579
2022-01-15,Santa Clara,085,1922200,250330,218986,7830,226816,1974
2022-01-15,Santa Cruz,087,273765,33472,29414,1660,31074,235
2022-01-15,Shasta,089,179085,25951,24482,4551,29033,445
2022-01-15,Sierra,091,2930,251,232,30,262,0
2022-01-15,Siskiyou,093,43540,3847,3661,1862,5523,62
2022-01-15,Solano,095,438530,66031,58061,3719,61780,389
2022-01-15,Sonoma,097,501317,65945,58181,1714,59895,418
2022-01-15,Stanislaus,099,539301,100003,92986,12834,105820,1379
2022-01-15,Sutter,101,95872,17507,16345,886,17231,197
2022-01-15,Tehama,103,63373,10252,9572,2047,11619,141
2022-01-15,Trinity,105,12862,1002,872,241,1113,19
2022-01-15,Tulare,107,460477,86082,77769,20727,98496,1192
2022-01-15,Tuolumne,109,53932,9993,9042,239,9281,91
2022-01-15,Ventura,111,848112,149687,134736,8151,142887,1227
2022-01-15,Yolo,113,214977,30498,27311,2058,29369,270
2022-01-15,Yuba,115,75493,13226,12200,685,12885,101
2022-01-14,Alameda,001,1643700,202660,177768,9232,187000,1561
2022-01-14,Alpine,002,1148,116,117,0,117,0
2022-01-14,Amador,005,37829,6867,6434,201,6635,72
2022-01-14,Butte,007,227075,27395,25032,5386,30418,348
2022-01-14,Calaveras,009,45235,5855,5258,136,5394,93
2022-01-14,Colusa,011,21464,2962,2796,867,3663,21
2022-01-14,Contra Costa,013,1133247,155362,137643,8472,146115,1082
2022-01-14,Del Norte,015,27424,4234,4065,86,4151,43
2022-01-14,El Dorado,017,186661,22839,20434,2485,22919,175
2022-01-14,Fresno,019,978130,184938,167361,17674,185035,2415
2022-01-14,Glenn,021,27897,4208,3906,1324,5230,39
2022-01-14,Humboldt,023,135768,13668,12419,1722,14141,123
2022-01-14,Imperial,025,180216,45995,42508,7137,49645,817
2022-01-14,Inyo,027,18085,3690,3395,137,3532,49
2022-01-14,Kern,029,883053,163756,150085,34681,184766,1938
2022-01-14,Kings,031,150075,40564,37221,2508,39729,391
2022-01-14,Lake,033,64148,8227,7641,461,8102,117
2022-01-14,Lassen,035,31185,7542,7274,586,7860,55
2022-01-14,Los Angeles,037,10098052,2319120,2047927,102706,2150633,27641
2022-01-14,Madera,039,155013,29597,27294,3385,30679,329
2022-01-14,Marin,041,260295,27814,25248,1597,26845,251
2022-01-14,Mariposa,043,17540,1952,1762,84,1846,6
2022-01-14,Mendocino,045,87422,10454,9534,1376,10910,102
2022-01-14,Merced,047,269075,53108,48904,4297,53201,715
2022-01-14,Modoc,049,8938,638,628,216,844,6
2022-01-14,Mono,051,14174,2725,2508,93,2601,4
2022-01-14,Monterey,053,433212,63419,55315,6924,62239,647
2022-01-14,Napa,055,140530,20519,17648,553,18201,109
2022-01-14,Nevada,057,99092,13134,11773,717,12490,111
2022-01-14,Orange,059,3164182,477907,433141,34445,467586,5914
2022-01-14,Placer,061,380077,52379,47780,5824,53604,501
2022-01-14,Plumas,063,18699,2371,2158,129,2287,12
2022-01-14,Riverside,065,2383286,511651,466381,23427,489808,5578
2022-01-14,Sacramento,067,1510023,232076,208156,15680,223836,2491
2022-01-14,San Benito,069,59416,10663,9868,336,10204,87
2022-01-14,San Bernardino,071,2135413,506700,454395,20600,474995,6233
2022-01-14,San Diego,073,3302833,620674,559385,40889,600274,4540
2022-01-14,San Francisco,075,870044,100261,88004,5987,93991,692
2022-01-14,San Joaquin,077,732212,138461,125136,7875,133011,1954
2022-01-14,San Luis Obispo,079,281455,42444,38231,2622,40853,374
2022-01-14,San Mateo,081,765935,98159,80494,4413,84907,582
2022-01-14,Santa Barbara,083,443738,68415,62312,3169,65481,579
2022-01-14,Santa Clara,085,1922200,247667,218986,7725,226711,1974
2022-01-14,Santa Cruz,087,273765,33094,29414,1651,31065,235
2022-01-14,Shasta,089,179085,25830,24482,4518,29000,445
2022-01-14,Sierra,091,2930,249,232,28,260,0
2022-01-14,Siskiyou,093,43540,3836,3661,1849,5510,62
2022-01-14,Solano,095,438530,65185,58061,3631,61692,389
2022-01-14,Sonoma,097,501317,65404,58181,1688,59869,418
2022-01-14,Stanislaus,099,539301,99397,92986,12726,105712,1379
2022-01-14,Sutter,101,95872,17381,16345,878,17223,197
2022-01-14,Tehama,103,63373,10199,9572,2035,11607,141
2022-01-14,Trinity,105,12862,997,872,239,1111,19
2022-01-14,Tulare,107,460477,85557,77769,20566,98335,1192
2022-01-14,Tuolumne,109,53932,9870,9042,235,9277,91
2022-01-14,Ventura,111,848112,148584,134736,8092,142828,1227
2022-01-14,Yolo,113,214977,30257,27311,2030,29341,270
2022-01-14,Yuba,115,75493,13123,12200,680,12880,101
2022-01-13,Alameda,001,1643700,198420,177768,8888,186656,1561
2022-01-13,Alpine,002,1148,115,117,0,117,0
2022-01-13,Amador,005,37829,6807,6434,180,6614,72
2022-01-13,Butte,007,227075,27089,25032,5273,30305,348
2022-01-13,Calaveras,009,45235,5765,5258,133,5391,93
2022-01-13,Colusa,011,21464,2934,2796,857,3653,21
2022-01-13,Contra Costa,013,1133247,152691,137643,8006,145649,1082
2022-01-13,Del Norte,015,27424,4198,4065,85,4150,43
2022-01-13,El Dorado,017,186661,22591,20434,2439,22873,175
2022-01-13,Fresno,019,978130,181899,167361,17266,184627,2415
2022-01-13,Glenn,021,27897,4161,3906,1298,5204,39
2022-01-13,Humboldt,023,135768,13516,12419,1660,14079,123
2022-01-13,Imperial,025,180216,45453,42508,6927,49435,817
2022-01-13,Inyo,027,18085,3634,3395,120,3515,49
2022-01-13,Kern,029,883053,162171,150085,34092,184177,1938
2022-01-13,Kings,031,150075,40083,37221,2464,39685,391
2022-01-13,Lake,033,64148,8127,7641,440,8081,117
2022-01-13,Lassen,035,31185,7508,7274,570,7844,55
2022-01-13,Los Angeles,037,10098052,2282632,2047927,100919,2148846,27641
2022-01-13,Madera,039,155013,29131,27294,3292,30586,329
2022-01-13,Marin,041,260295,27470,25248,1554,26802,251
2022-01-13,Mariposa,043,17540,1929,1762,81,1843,6
2022-01-13,Mendocino,045,87422,10363,9534,1308,10842,102
2022-01-13,Merced,047,269075,52441,48904,4029,52933,715
2022-01-13,Modoc,049,8938,635,628,216,844,6
2022-01-13,Mono,051,14174,2702,2508,90,2598,4
2022-01-13,Monterey,053,433212,62482,55315,6638,61953,647
2022-01-13,Napa,055,140530,20221,17648,543,18191,109
2022-01-13,Nevada,057,99092,12942,11773,687,12460,111
2022-01-13,Orange,059,3164182,471459,433141,33982,467123,5914
2022-01-13,Placer,061,380077,51750,47780,5709,53489,501
2022-01-13,Plumas,063,18699,2351,2158,119,2277,12
2022-01-13,Riverside,065,2383286,505347,466381,23100,489481,5578
2022-01-13,Sacramento,067,1510023,228983,208156,14894,223050,2491
2022-01-13,San Benito,069,59416,10558,9868,328,10196,87
2022-01-13,San Bernardino,071,2135413,500806,454395,20135,474530,6233
2022-01-13,San Diego,073,3302833,612160,559385,40014,599399,4540
2022-01-13,San Francisco,075,870044,98520,88004,5792,93796,692
2022-01-13,San Joaquin,077,732212,136374,125136,7721,132857,1954
2022-01-13,San Luis Obispo,079,281455,41841,38231,2517,40748,374
2022-01-13,San Mateo,081,765935,96374,80494,4177,84671,582
2022-01-13,Santa Barbara,083,443738,67417,62312,2993,65305,579
2022-01-13,Santa Clara,085,1922200,243247,218986,7397,226383,1974
2022-01-13,Santa Cruz,087,273765,32278,29414,1629,31043,235
2022-01-13,Shasta,089,179085,25620,24482,4446,28928,445
2022-01-13,Sierra,091,2930,248,232,28,260,0
2022-01-13,Siskiyou,093,43540,3814,3661,1809,5470,62
2022-01-13,Solano,095,438530,64051,58061,3520,61581,389
2022-01-13,Sonoma,097,501317,64339,58181,1632,59813,418
2022-01-13,Stanislaus,099,539301,98277,92986,12432,105418,1379
2022-01-13,Sutter,101,95872,17186,16345,814,17159,197
2022-01-13,Tehama,103,63373,10101,9572,1987,11559,141
2022-01-13,Trinity,105,12862,989,872,239,1111,19
2022-01-13,Tulare,107,460477,84277,77769,20278,98047,1192
2022-01-13,Tuolumne,109,53932,9728,9042,217,9259,91
2022-01-13,Ventura,111,848112,146802,134736,7998,142734,1227
2022-01-13,Yolo,113,214977,29841,27311,1986,29297,270
2022-01-13,Yuba,115,75493,12988,12200,651,12851,101
2022-01-12,Alameda,001,1643700,193863,173001,8432,181433,1563
2022-01-12,Alpine,002,1148,115,117,0,117,0
2022-01-12,Amador,005,37829,6759,6354,166,6520,71
2022-01-12,Butte,007,227075,26757,24631,5181,29812,348
2022-01-12,Calaveras,009,45235,5688,5151,127,5278,93
2022-01-12,Colusa,011,21464,2896,2772,844,3616,21
2022-01-12,Contra Costa,013,1133247,149995,134579,7627,142206,1077
2022-01-12,Del Norte,015,27424,4172,4019,83,4102,43
2022-01-12,El Dorado,017,186661,22274,20092,2400,22492,175
2022-01-12,Fresno,019,978130,178921,165316,16827,182143,2413
2022-01-12,Glenn,021,27897,4109,3859,1276,5135,39
2022-01-12,Humboldt,023,135768,13344,12081,1578,13659,122
2022-01-12,Imperial,025,180216,44799,41985,6629,48614,814
2022-01-12,Inyo,027,18085,3588,3334,104,3438,49
2022-01-12,Kern,029,883053,160033,148435,33370,181805,1933
2022-01-12,Kings,031,150075,39453,36780,2422,39202,391
2022-01-12,Lake,033,64148,8011,7535,396,7931,117
2022-01-12,Lassen,035,31185,7466,7223,543,7766,55
2022-01-12,Los Angeles,037,10098052,2242888,2005065,98690,2103755,27601
2022-01-12,Madera,039,155013,28815,26952,3193,30145,329
2022-01-12,Marin,041,260295,26981,24704,1503,26207,251
2022-01-12,Mariposa,043,17540,1900,1725,79,1804,6
2022-01-12,Mendocino,045,87422,10199,9379,1210,10589,103
2022-01-12,Merced,047,269075,51730,48441,3753,52194,710
2022-01-12,Modoc,049,8938,633,627,216,843,6
2022-01-12,Mono,051,14174,2666,2466,86,2552,4
2022-01-12,Monterey,053,433212,61495,54524,6277,60801,647
2022-01-12,Napa,055,140530,19963,17347,520,17867,109
2022-01-12,Nevada,057,99092,12728,11552,641,12193,111
2022-01-12,Orange,059,3164182,464689,425737,33388,459125,5912
2022-01-12,Placer,061,380077,51089,47004,5594,52598,501
2022-01-12,Plumas,063,18699,2311,2135,108,2243,12
2022-01-12,Riverside,065,2383286,498112,458881,22760,481641,5565
2022-01-12,Sacramento,067,1510023,225402,204696,14017,218713,2479
2022-01-12,San Benito,069,59416,10421,9737,316,10053,87
2022-01-12,San Bernardino,071,2135413,494287,447869,19511,467380,6222
2022-01-12,San Diego,073,3302833,601659,551669,39150,590819,4529
2022-01-12,San Francisco,075,870044,96680,85700,5679,91379,691
2022-01-12,San Joaquin,077,732212,134062,122850,7593,130443,1948
2022-01-12,San Luis Obispo,079,281455,41115,37727,2434,40161,373
2022-01-12,San Mateo,081,765935,94341,78476,3803,82279,582
2022-01-12,Santa Barbara,083,443738,66274,60815,2891,63706,578
2022-01-12,Santa Clara,085,1922200,238494,213177,7019,220196,1971
2022-01-12,Santa Cruz,087,273765,31623,28463,1581,30044,235
2022-01-12,Shasta,089,179085,25407,24324,4381,28705,446
2022-01-12,Sierra,091,2930,247,228,28,256,0
2022-01-12,Siskiyou,093,43540,3786,3639,1762,5401,62
2022-01-12,Solano,095,438530,62999,57052,3400,60452,386
2022-01-12,Sonoma,097,501317,63053,56394,1549,57943,417
2022-01-12,Stanislaus,099,539301,97038,91738,12088,103826,1373
2022-01-12,Sutter,101,95872,16992,16135,781,16916,197
2022-01-12,Tehama,103,63373,10012,9475,1926,11401,141
2022-01-12,Trinity,105,12862,985,868,238,1106,19
2022-01-12,Tulare,107,460477,83163,76943,19900,96843,1192
2022-01-12,Tuolumne,109,53932,9598,8870,200,9070,91
2022-01-12,Ventura,111,848112,144897,132180,7912,140092,1220
2022-01-12,Yolo,113,214977,29429,26888,1914,28802,270
2022-01-12,Yuba,115,75493,12827,12015,624,12639,101
2022-01-11,Alameda,001,1643700,189428,169181,8038,177219,1561
2022-01-11,Alpine,002,1148,115,116,0,116,0
2022-01-11,Amador,005,37829,6675,6317,151,6468,71
2022-01-11,Butte,007,227075,26361,24479,5087,29566,347
2022-01-11,Calaveras,009,45235,5559,5083,113,5196,93
2022-01-11,Colusa,011,21464,2871,2766,831,3597,21
2022-01-11,Contra Costa,013,1133247,146843,132410,7133,139543,1077
2022-01-11,Del Norte,015,27424,4139,4006,81,4087,43
2022-01-11,El Dorado,017,186661,21943,19842,2330,22172,174
2022-01-11,Fresno,019,978130,175597,163509,16427,179936,2404
2022-01-11,Glenn,021,27897,4047,3844,1232,5076,39
2022-01-11,Humboldt,023,135768,13125,11960,1485,13445,122
2022-01-11,Imperial,025,180216,44195,41444,6430,47874,813
2022-01-11,Inyo,027,18085,3490,3278,97,3375,49
2022-01-11,Kern,029,883053,157751,146942,32548,179490,1929
2022-01-11,Kings,031,150075,38865,36524,2391,38915,389
2022-01-11,Lake,033,64148,7933,7494,380,7874,117
2022-01-11,Lassen,035,31185,7416,7210,529,7739,55
2022-01-11,Los Angeles,037,10098052,2200405,1966319,96443,2062762,27563
2022-01-11,Madera,039,155013,28400,26688,3114,29802,329
2022-01-11,Marin,041,260295,26624,24387,1458,25845,251
2022-01-11,Mariposa,043,17540,1878,1718,75,1793,6
2022-01-11,Mendocino,045,87422,10038,9301,1112,10413,102
2022-01-11,Merced,047,269075,50944,48068,3569,51637,708
2022-01-11,Modoc,049,8938,632,626,215,841,6
2022-01-11,Mono,051,14174,2623,2425,85,2510,4
2022-01-11,Monterey,053,433212,60452,53911,5929,59840,646
2022-01-11,Napa,055,140530,19525,17020,473,17493,109
2022-01-11,Nevada,057,99092,12502,11467,606,12073,110
2022-01-11,Orange,059,3164182,457016,417703,32750,450453,5909
2022-01-11,Placer,061,380077,50333,46459,5450,51909,500
2022-01-11,Plumas,063,18699,2276,2099,100,2199,12
2022-01-11,Riverside,065,2383286,490378,453766,22446,476212,5551
2022-01-11,Sacramento,067,1510023,221220,201058,12991,214049,2489
2022-01-11,San Benito,069,59416,10241,9624,300,9924,83
2022-01-11,San Bernardino,071,2135413,486319,442960,18901,461861,6198
2022-01-11,San Diego,073,3302833,589659,536954,38032,574986,4520
2022-01-11,San Francisco,075,870044,94482,83678,5522,89200,691
2022-01-11,San Joaquin,077,732212,131663,121139,7422,128561,1944
2022-01-11,San Luis Obispo,079,281455,40340,37183,2315,39498,372
2022-01-11,San Mateo,081,765935,92045,76756,3581,80337,582
2022-01-11,Santa Barbara,083,443738,64969,59758,2754,62512,578
2022-01-11,Santa Clara,085,1922200,232870,208425,6566,214991,1971
2022-01-11,Santa Cruz,087,273765,31113,27709,1531,29240,232
2022-01-11,Shasta,089,179085,25149,24132,4288,28420,446
2022-01-11,Sierra,091,2930,245,228,28,256,0
2022-01-11,Siskiyou,093,43540,3762,3621,1712,5333,62
2022-01-11,Solano,095,438530,61594,56349,3246,59595,388
2022-01-11,Sonoma,097,501317,61535,55411,1469,56880,416
2022-01-11,Stanislaus,099,539301,95666,90998,11715,102713,1372
2022-01-11,Sutter,101,95872,16794,15993,727,16720,197
2022-01-11,Tehama,103,63373,9885,9406,1878,11284,140
2022-01-11,Trinity,105,12862,973,858,236,1094,19
2022-01-11,Tulare,107,460477,81863,76267,19501,95768,1188
2022-01-11,Tuolumne,109,53932,9438,8811,193,9004,91
2022-01-11,Ventura,111,848112,142666,129548,7766,137314,1220
2022-01-11,Yolo,113,214977,28859,26482,1853,28335,270
2022-01-11,Yuba,115,75493,12652,11912,603,12515,101
2022-01-10,Alameda,001,1643700,184367,165657,7517,173174,1559
2022-01-10,Alpine,002,1148,115,116,0,116,0
2022-01-10,Amador,005,37829,6572,6279,136,6415,71
2022-01-10,Butte,007,227075,26019,24217,4990,29207,347
2022-01-10,Calaveras,009,45235,5461,5025,107,5132,93
2022-01-10,Colusa,011,21464,2841,2758,822,3580,21
2022-01-10,Contra Costa,013,1133247,143948,129951,6611,136562,1077
2022-01-10,Del Norte,015,27424,4116,3970,81,4051,43
2022-01-10,El Dorado,017,186661,21405,19606,2275,21881,172
2022-01-10,Fresno,019,978130,172304,161593,15984,177577,2404
2022-01-10,Glenn,021,27897,3988,3807,1218,5025,39
2022-01-10,Humboldt,023,135768,12882,11778,1352,13130,121
2022-01-10,Imperial,025,180216,43467,41080,6213,47293,811
2022-01-10,Inyo,027,18085,3435,3227,85,3312,49
2022-01-10,Kern,029,883053,155181,145744,31805,177549,1929
2022-01-10,Kings,031,150075,38245,36286,2365,38651,389
2022-01-10,Lake,033,64148,7844,7416,356,7772,117
2022-01-10,Lassen,035,31185,7378,7192,507,7699,55
2022-01-10,Los Angeles,037,10098052,2154854,1932475,93951,2026426,27546
2022-01-10,Madera,039,155013,27950,26501,3012,29513,328
2022-01-10,Marin,041,260295,26134,24023,1385,25408,251
2022-01-10,Mariposa,043,17540,1838,1684,70,1754,6
2022-01-10,Mendocino,045,87422,9865,9163,1025,10188,101
2022-01-10,Merced,047,269075,50113,47632,3278,50910,707
2022-01-10,Modoc,049,8938,631,622,213,835,6
2022-01-10,Mono,051,14174,2557,2415,80,2495,4
2022-01-10,Monterey,053,433212,59497,53485,5611,59096,645
2022-01-10,Napa,055,140530,19148,16775,459,17234,109
2022-01-10,Nevada,057,99092,12278,11300,568,11868,110
2022-01-10,Orange,059,3164182,448314,406170,31885,438055,5906
2022-01-10,Placer,061,380077,49486,45642,5288,50930,498
2022-01-10,Plumas,063,18699,2241,2086,98,2184,12
2022-01-10,Riverside,065,2383286,482116,445536,21997,467533,5546
2022-01-10,Sacramento,067,1510023,216703,198023,11942,209965,2474
2022-01-10,San Benito,069,59416,10069,9467,290,9757,83
2022-01-10,San Bernardino,071,2135413,477820,437207,18173,455380,6184
2022-01-10,San Diego,073,3302833,576968,530506,36890,567396,4500
2022-01-10,San Francisco,075,870044,92687,82209,5263,87472,690
2022-01-10,San Joaquin,077,732212,128966,119587,7138,126725,1927
2022-01-10,San Luis Obispo,079,281455,39522,36618,2220,38838,371
2022-01-10,San Mateo,081,765935,89397,75210,3326,78536,582
2022-01-10,Santa Barbara,083,443738,63708,58957,2565,61522,578
2022-01-10,Santa Clara,085,1922200,226809,203540,6089,209629,1971
2022-01-10,Santa Cruz,087,273765,30272,26906,1493,28399,232
2022-01-10,Shasta,089,179085,24952,23983,4211,28194,446
2022-01-10,Sierra,091,2930,242,223,28,251,0
2022-01-10,Siskiyou,093,43540,3729,3592,1668,5260,62
2022-01-10,Solano,095,438530,60552,55663,3049,58712,385
2022-01-10,Sonoma,097,501317,59987,54478,1423,55901,412
2022-01-10,Stanislaus,099,539301,94323,89997,11364,101361,1372
2022-01-10,Sutter,101,95872,16550,15823,681,16504,196
2022-01-10,Tehama,103,63373,9771,9360,1823,11183,140
2022-01-10,Trinity,105,12862,969,849,234,1083,19
2022-01-10,Tulare,107,460477,80374,75498,19125,94623,1186
2022-01-10,Tuolumne,109,53932,9313,8685,181,8866,91
2022-01-10,Ventura,111,848112,140065,126240,7616,133856,1217
2022-01-10,Yolo,113,214977,28267,26065,1800,27865,270
2022-01-10,Yuba,115,75493,12404,11776,569,12345,101
2022-01-09,Alameda,001,1643700,179870,162701,6851,169552,1561
2022-01-09,Alpine,002,1148,115,116,0,116,0
2022-01-09,Amador,005,37829,6484,6215,124,6339,71
2022-01-09,Butte,007,227075,25624,24018,4871,28889,347
2022-01-09,Calaveras,009,45235,5330,4976,98,5074,93
2022-01-09,Colusa,011,21464,2813,2750,799,3549,21
2022-01-09,Contra Costa,013,1133247,140937,128050,5943,133993,1077
2022-01-09,Del Norte,015,27424,4077,3950,77,4027,43
2022-01-09,El Dorado,017,186661,21038,19430,2210,21640,172
2022-01-09,Fresno,019,978130,169472,159989,15564,175553,2405
2022-01-09,Glenn,021,27897,3931,3797,1196,4993,39
2022-01-09,Humboldt,023,135768,12637,11582,1230,12812,121
2022-01-09,Imperial,025,180216,42631,40608,5953,46561,811
2022-01-09,Inyo,027,18085,3332,3149,76,3225,49
2022-01-09,Kern,029,883053,152730,144819,31065,175884,1927
2022-01-09,Kings,031,150075,37570,36041,2328,38369,389
2022-01-09,Lake,033,64148,7733,7393,312,7705,117
2022-01-09,Lassen,035,31185,7314,7172,478,7650,55
2022-01-09,Los Angeles,037,10098052,2106783,1887830,90897,1978727,27532
2022-01-09,Madera,039,155013,27571,26325,2915,29240,328
2022-01-09,Marin,041,260295,25682,23708,1295,25003,251
2022-01-09,Mariposa,043,17540,1788,1660,69,1729,6
2022-01-09,Mendocino,045,87422,9657,9097,914,10011,101
2022-01-09,Merced,047,269075,49230,47294,3002,50296,706
2022-01-09,Modoc,049,8938,629,619,213,832,6
2022-01-09,Mono,051,14174,2522,2390,73,2463,4
2022-01-09,Monterey,053,433212,58434,53251,5343,58594,645
2022-01-09,Napa,055,140530,18653,16614,443,17057,109
2022-01-09,Nevada,057,99092,12023,11152,507,11659,110
2022-01-09,Orange,059,3164182,438311,400563,30923,431486,5905
2022-01-09,Placer,061,380077,48488,45081,5139,50220,498
2022-01-09,Plumas,063,18699,2202,2081,78,2159,12
2022-01-09,Riverside,065,2383286,473126,440413,21456,461869,5546
2022-01-09,Sacramento,067,1510023,211906,195444,10824,206268,2475
2022-01-09,San Benito,069,59416,9883,9363,262,9625,83
2022-01-09,San Bernardino,071,2135413,469304,430257,17354,447611,6180
2022-01-09,San Diego,073,3302833,563851,478206,35032,513238,4500
2022-01-09,San Francisco,075,870044,90813,80463,5018,85481,690
2022-01-09,San Joaquin,077,732212,125866,118422,6971,125393,1927
2022-01-09,San Luis Obispo,079,281455,38717,36291,2114,38405,371
2022-01-09,San Mateo,081,765935,86881,73867,3000,76867,582
2022-01-09,Santa Barbara,083,443738,62023,58280,2303,60583,578
2022-01-09,Santa Clara,085,1922200,220429,199889,5553,205442,1976
2022-01-09,Santa Cruz,087,273765,29522,26513,1461,27974,232
2022-01-09,Shasta,089,179085,24712,23926,4124,28050,446
2022-01-09,Sierra,091,2930,239,223,26,249,0
2022-01-09,Siskiyou,093,43540,3700,3580,1609,5189,62
2022-01-09,Solano,095,438530,59397,54985,2768,57753,384
2022-01-09,Sonoma,097,501317,58312,53543,1386,54929,412
2022-01-09,Stanislaus,099,539301,92948,89248,11067,100315,1372
2022-01-09,Sutter,101,95872,16262,15695,601,16296,196
2022-01-09,Tehama,103,63373,9653,9306,1772,11078,140
2022-01-09,Trinity,105,12862,965,848,232,1080,19
2022-01-09,Tulare,107,460477,78966,75085,18749,93834,1186
2022-01-09,Tuolumne,109,53932,9155,8595,162,8757,91
2022-01-09,Ventura,111,848112,137013,124269,7373,131642,1217
2022-01-09,Yolo,113,214977,27660,25632,1755,27387,270
2022-01-09,Yuba,115,75493,12206,11666,538,12204,101
2022-01-08,Alameda,001,1643700,177967,148560,6710,155270,1558
2022-01-08,Alpine,002,1148,115,114,0,114,0
2022-01-08,Amador,005,37829,6453,6091,119,6210,71
2022-01-08,Butte,007,227075,25433,23429,4830,28259,347
2022-01-08,Calaveras,009,45235,5284,4823,94,4917,93
2022-01-08,Colusa,011,21464,2805,2713,796,3509,21
2022-01-08,Contra Costa,013,1133247,139370,119907,5860,125767,1077
2022-01-08,Del Norte,015,27424,4060,3902,77,3979,43
2022-01-08,El Dorado,017,186661,20853,18599,2176,20775,172
2022-01-08,Fresno,019,978130,168524,155394,15424,170818,2393
2022-01-08,Glenn,021,27897,3923,3732,1191,4923,39
2022-01-08,Humboldt,023,135768,12513,11149,1204,12353,121
2022-01-08,Imperial,025,180216,42443,39429,5811,45240,800
2022-01-08,Inyo,027,18085,3318,3020,73,3093,49
2022-01-08,Kern,029,883053,151593,140410,30634,171044,1921
2022-01-08,Kings,031,150075,37329,35275,2311,37586,390
2022-01-08,Lake,033,64148,7693,7209,304,7513,117
2022-01-08,Lassen,035,31185,7284,7127,462,7589,55
2022-01-08,Los Angeles,037,10098052,2088387,1765787,89163,1854950,27476
2022-01-08,Madera,039,155013,27404,25767,2877,28644,328
2022-01-08,Marin,041,260295,25398,22377,1284,23661,251
2022-01-08,Mariposa,043,17540,1778,1588,69,1657,6
2022-01-08,Mendocino,045,87422,9583,8792,912,9704,101
2022-01-08,Merced,047,269075,49051,46094,2978,49072,703
2022-01-08,Modoc,049,8938,629,610,213,823,6
2022-01-08,Mono,051,14174,2511,2240,68,2308,4
2022-01-08,Monterey,053,433212,58047,51721,5250,56971,644
2022-01-08,Napa,055,140530,18500,15819,417,16236,109
2022-01-08,Nevada,057,99092,11938,10765,494,11259,110
2022-01-08,Orange,059,3164182,434515,375124,30067,405191,5903
2022-01-08,Placer,061,380077,48045,43172,5097,48269,495
2022-01-08,Plumas,063,18699,2192,2053,73,2126,12
2022-01-08,Riverside,065,2383286,469608,422591,21188,443779,5535
2022-01-08,Sacramento,067,1510023,210466,185118,10666,195784,2470
2022-01-08,San Benito,069,59416,9721,9016,259,9275,83
2022-01-08,San Bernardino,071,2135413,465810,411724,16953,428677,6122
2022-01-08,San Diego,073,3302833,558952,472273,34483,506756,4495
2022-01-08,San Francisco,075,870044,89613,73660,4739,78399,690
2022-01-08,San Joaquin,077,732212,124883,112514,6872,119386,1916
2022-01-08,San Luis Obispo,079,281455,38514,34489,2071,36560,369
2022-01-08,San Mateo,081,765935,85495,67918,2913,70831,582
2022-01-08,Santa Barbara,083,443738,61328,54617,2269,56886,575
2022-01-08,Santa Clara,085,1922200,217166,183842,5316,189158,1966
2022-01-08,Santa Cruz,087,273765,29095,24678,1441,26119,230
2022-01-08,Shasta,089,179085,24621,23585,4093,27678,445
2022-01-08,Sierra,091,2930,235,215,25,240,0
2022-01-08,Siskiyou,093,43540,3688,3545,1595,5140,62
2022-01-08,Solano,095,438530,58989,52452,2696,55148,383
2022-01-08,Sonoma,097,501317,57789,50130,1352,51482,411
2022-01-08,Stanislaus,099,539301,92308,87049,10944,97993,1372
2022-01-08,Sutter,101,95872,16143,15261,588,15849,195
2022-01-08,Tehama,103,63373,9622,9109,1764,10873,140
2022-01-08,Trinity,105,12862,959,836,232,1068,19
2022-01-08,Tulare,107,460477,78567,73600,18613,92213,1185
2022-01-08,Tuolumne,109,53932,9049,8360,159,8519,91
2022-01-08,Ventura,111,848112,135843,117229,7239,124468,1216
2022-01-08,Yolo,113,214977,27367,24006,1727,25733,270
2022-01-08,Yuba,115,75493,12118,11277,535,11812,101
2022-01-07,Alameda,001,1643700,175270,148560,6593,155153,1558
2022-01-07,Alpine,002,1148,115,114,0,114,0
2022-01-07,Amador,005,37829,6404,6091,116,6207,71
2022-01-07,Butte,007,227075,25227,23429,4797,28226,347
2022-01-07,Calaveras,009,45235,5245,4823,94,4917,93
2022-01-07,Colusa,011,21464,2796,2713,785,3498,21
2022-01-07,Contra Costa,013,1133247,137419,119907,5736,125643,1077
2022-01-07,Del Norte,015,27424,4044,3902,76,3978,43
2022-01-07,El Dorado,017,186661,20668,18599,2163,20762,172
2022-01-07,Fresno,019,978130,167040,155394,15317,170711,2393
2022-01-07,Glenn,021,27897,3903,3732,1188,4920,39
2022-01-07,Humboldt,023,135768,12368,11149,1177,12326,121
2022-01-07,Imperial,025,180216,42285,39429,5728,45157,800
2022-01-07,Inyo,027,18085,3299,3020,71,3091,49
2022-01-07,Kern,029,883053,150621,140410,30189,170599,1921
2022-01-07,Kings,031,150075,37148,35275,2297,37572,390
2022-01-07,Lake,033,64148,7645,7209,279,7488,117
2022-01-07,Lassen,035,31185,7268,7127,459,7586,55
2022-01-07,Los Angeles,037,10098052,2057210,1765787,87708,1853495,27476
2022-01-07,Madera,039,155013,27221,25767,2840,28607,328
2022-01-07,Marin,041,260295,25017,22377,1266,23643,251
2022-01-07,Mariposa,043,17540,1762,1588,69,1657,6
2022-01-07,Mendocino,045,87422,9490,8792,911,9703,101
2022-01-07,Merced,047,269075,48878,46094,2954,49048,703
2022-01-07,Modoc,049,8938,628,610,213,823,6
2022-01-07,Mono,051,14174,2473,2240,62,2302,4
2022-01-07,Monterey,053,433212,57625,51721,5155,56876,644
2022-01-07,Napa,055,140530,18273,15819,398,16217,109
2022-01-07,Nevada,057,99092,11808,10765,473,11238,110
2022-01-07,Orange,059,3164182,429701,375124,29447,404571,5903
2022-01-07,Placer,061,380077,47540,43172,5047,48219,495
2022-01-07,Plumas,063,18699,2183,2053,72,2125,12
2022-01-07,Riverside,065,2383286,465780,422591,20959,443550,5535
2022-01-07,Sacramento,067,1510023,208196,185118,10513,195631,2470
2022-01-07,San Benito,069,59416,9675,9016,258,9274,83
2022-01-07,San Bernardino,071,2135413,461683,411724,16724,428448,6122
2022-01-07,San Diego,073,3302833,551840,472273,33935,506208,4495
2022-01-07,San Francisco,075,870044,88168,73660,4485,78145,690
2022-01-07,San Joaquin,077,732212,123921,112514,6811,119325,1916
2022-01-07,San Luis Obispo,079,281455,38299,34489,2016,36505,369
2022-01-07,San Mateo,081,765935,84028,67918,2854,70772,582
2022-01-07,Santa Barbara,083,443738,60633,54617,2248,56865,575
2022-01-07,Santa Clara,085,1922200,213694,183842,5201,189043,1966
2022-01-07,Santa Cruz,087,273765,28615,24678,1425,26103,230
2022-01-07,Shasta,089,179085,24522,23585,4059,27644,445
2022-01-07,Sierra,091,2930,232,215,25,240,0
2022-01-07,Siskiyou,093,43540,3677,3545,1583,5128,62
2022-01-07,Solano,095,438530,58305,52452,2651,55103,383
2022-01-07,Sonoma,097,501317,57187,50130,1267,51397,411
2022-01-07,Stanislaus,099,539301,91781,87049,10843,97892,1372
2022-01-07,Sutter,101,95872,15993,15261,575,15836,195
2022-01-07,Tehama,103,63373,9586,9109,1751,10860,140
2022-01-07,Trinity,105,12862,952,836,231,1067,19
2022-01-07,Tulare,107,460477,78139,73600,18473,92073,1185
2022-01-07,Tuolumne,109,53932,8961,8360,155,8515,91
2022-01-07,Ventura,111,848112,134217,117229,7103,124332,1216
2022-01-07,Yolo,113,214977,26995,24006,1708,25714,270
2022-01-07,Yuba,115,75493,12012,11277,530,11807,101
2022-01-06,Alameda,001,1643700,170016,148560,6177,154737,1558
2022-01-06,Alpine,002,1148,114,114,0,114,0
2022-01-06,Amador,005,37829,6353,6091,111,6202,71
2022-01-06,Butte,007,227075,24934,23429,4712,28141,347
2022-01-06,Calaveras,009,45235,5128,4823,92,4915,93
2022-01-06,Colusa,011,21464,2777,2713,777,3490,21
2022-01-06,Contra Costa,013,1133247,134293,119907,5315,125222,1077
2022-01-06,Del Norte,015,27424,4010,3902,74,3976,43
2022-01-06,El Dorado,017,186661,20327,18599,2127,20726,172
2022-01-06,Fresno,019,978130,164701,155394,15047,170441,2393
2022-01-06,Glenn,021,27897,3876,3732,1162,4894,39
2022-01-06,Humboldt,023,135768,12141,11149,1136,12285,121
2022-01-06,Imperial,025,180216,41701,39429,5527,44956,800
2022-01-06,Inyo,027,18085,3261,3020,71,3091,49
2022-01-06,Kern,029,883053,148952,140410,29523,169933,1921
2022-01-06,Kings,031,150075,36823,35275,2272,37547,390
2022-01-06,Lake,033,64148,7571,7209,268,7477,117
2022-01-06,Lassen,035,31185,7245,7127,453,7580,55
2022-01-06,Los Angeles,037,10098052,2003034,1765787,85359,1851146,27476
2022-01-06,Madera,039,155013,26916,25767,2782,28549,328
2022-01-06,Marin,041,260295,24615,22377,1234,23611,251
2022-01-06,Mariposa,043,17540,1743,1588,69,1657,6
2022-01-06,Mendocino,045,87422,9393,8792,872,9664,101
2022-01-06,Merced,047,269075,48317,46094,2808,48902,703
2022-01-06,Modoc,049,8938,627,610,213,823,6
2022-01-06,Mono,051,14174,2450,2240,59,2299,4
2022-01-06,Monterey,053,433212,56902,51721,4904,56625,644
2022-01-06,Napa,055,140530,17876,15819,389,16208,109
2022-01-06,Nevada,057,99092,11610,10765,461,11226,110
2022-01-06,Orange,059,3164182,420242,375124,28693,403817,5903
2022-01-06,Placer,061,380077,46798,43172,4960,48132,495
2022-01-06,Plumas,063,18699,2165,2053,64,2117,12
2022-01-06,Riverside,065,2383286,458310,422591,20671,443262,5535
2022-01-06,Sacramento,067,1510023,204140,185118,9776,194894,2470
2022-01-06,San Benito,069,59416,9574,9016,251,9267,83
2022-01-06,San Bernardino,071,2135413,454004,411724,16235,427959,6122
2022-01-06,San Diego,073,3302833,540210,472273,32933,505206,4495
2022-01-06,San Francisco,075,870044,85838,73660,4230,77890,690
2022-01-06,San Joaquin,077,732212,121729,112514,6728,119242,1916
2022-01-06,San Luis Obispo,079,281455,37600,34489,1946,36435,369
2022-01-06,San Mateo,081,765935,81604,67918,2674,70592,582
2022-01-06,Santa Barbara,083,443738,59465,54617,2189,56806,575
2022-01-06,Santa Clara,085,1922200,208626,183842,4810,188652,1966
2022-01-06,Santa Cruz,087,273765,28053,24678,1401,26079,230
2022-01-06,Shasta,089,179085,24374,23585,4009,27594,445
2022-01-06,Sierra,091,2930,229,215,25,240,0
2022-01-06,Siskiyou,093,43540,3661,3545,1537,5082,62
2022-01-06,Solano,095,438530,57291,52452,2466,54918,383
2022-01-06,Sonoma,097,501317,55794,50130,1234,51364,411
2022-01-06,Stanislaus,099,539301,90631,87049,10672,97721,1372
2022-01-06,Sutter,101,95872,15816,15261,547,15808,195
2022-01-06,Tehama,103,63373,9508,9109,1724,10833,140
2022-01-06,Trinity,105,12862,945,836,230,1066,19
2022-01-06,Tulare,107,460477,77433,73600,18305,91905,1185
2022-01-06,Tuolumne,109,53932,8849,8360,149,8509,91
2022-01-06,Ventura,111,848112,131533,117229,6943,124172,1216
2022-01-06,Yolo,113,214977,26439,24006,1663,25669,270
2022-01-06,Yuba,115,75493,11877,11277,513,11790,101
2022-01-05,Alameda,001,1643700,164912,144824,5752,150576,1548
2022-01-05,Alpine,002,1148,114,112,0,112,0
2022-01-05,Amador,005,37829,6310,6012,108,6120,70
2022-01-05,Butte,007,227075,24620,23134,4650,27784,343
2022-01-05,Calaveras,009,45235,5073,4758,90,4848,90
2022-01-05,Colusa,011,21464,2763,2704,766,3470,21
2022-01-05,Contra Costa,013,1133247,131018,117188,4861,122049,1071
2022-01-05,Del Norte,015,27424,3990,3862,72,3934,43
2022-01-05,El Dorado,017,186661,19933,18367,2097,20464,171
2022-01-05,Fresno,019,978130,162480,153033,14752,167785,2377
2022-01-05,Glenn,021,27897,3827,3700,1152,4852,39
2022-01-05,Humboldt,023,135768,11937,10938,1088,12026,120
2022-01-05,Imperial,025,180216,41075,38789,5375,44164,800
2022-01-05,Inyo,027,18085,3179,2939,67,3006,49
2022-01-05,Kern,029,883053,147169,138186,28953,167139,1913
2022-01-05,Kings,031,150075,36478,34893,2253,37146,387
2022-01-05,Lake,033,64148,7488,7129,252,7381,117
2022-01-05,Lassen,035,31185,7225,7077,445,7522,55
2022-01-05,Los Angeles,037,10098052,1946705,1729640,82984,1812624,27443
2022-01-05,Madera,039,155013,26676,25392,2689,28081,327
2022-01-05,Marin,041,260295,24268,21829,1185,23014,251
2022-01-05,Mariposa,043,17540,1717,1564,68,1632,6
2022-01-05,Mendocino,045,87422,9262,8625,837,9462,101
2022-01-05,Merced,047,269075,47647,45721,2672,48393,700
2022-01-05,Modoc,049,8938,624,603,213,816,6
2022-01-05,Mono,051,14174,2431,2201,55,2256,4
2022-01-05,Monterey,053,433212,56078,51241,4707,55948,639
2022-01-05,Napa,055,140530,17514,15494,359,15853,108
2022-01-05,Nevada,057,99092,11414,10624,444,11068,110
2022-01-05,Orange,059,3164182,410191,366139,27620,393759,5869
2022-01-05,Placer,061,380077,45914,42456,4867,47323,492
2022-01-05,Plumas,063,18699,2145,2020,62,2082,12
2022-01-05,Riverside,065,2383286,450863,415253,20320,435573,5502
2022-01-05,Sacramento,067,1510023,199364,181488,8827,190315,2455
2022-01-05,San Benito,069,59416,9379,8829,238,9067,83
2022-01-05,San Bernardino,071,2135413,445240,405323,15676,420999,6085
2022-01-05,San Diego,073,3302833,526630,466602,31952,498554,4495
2022-01-05,San Francisco,075,870044,83261,71405,4092,75497,686
2022-01-05,San Joaquin,077,732212,119192,110497,6649,117146,1903
2022-01-05,San Luis Obispo,079,281455,36803,34066,1869,35935,369
2022-01-05,San Mateo,081,765935,79414,66018,2476,68494,578
2022-01-05,Santa Barbara,083,443738,58158,53082,2110,55192,570
2022-01-05,Santa Clara,085,1922200,202656,178629,4396,183025,1961
2022-01-05,Santa Cruz,087,273765,27298,24394,1380,25774,229
2022-01-05,Shasta,089,179085,24218,23361,3980,27341,441
2022-01-05,Sierra,091,2930,226,210,23,233,0
2022-01-05,Siskiyou,093,43540,3651,3513,1508,5021,60
2022-01-05,Solano,095,438530,56245,51505,2331,53836,380
2022-01-05,Sonoma,097,501317,54528,49120,1077,50197,412
2022-01-05,Stanislaus,099,539301,89635,86248,10499,96747,1360
2022-01-05,Sutter,101,95872,15615,15117,508,15625,193
2022-01-05,Tehama,103,63373,9411,9011,1693,10704,140
2022-01-05,Trinity,105,12862,941,822,228,1050,19
2022-01-05,Tulare,107,460477,76654,72718,18133,90851,1173
2022-01-05,Tuolumne,109,53932,8757,8223,142,8365,90
2022-01-05,Ventura,111,848112,128785,114752,6735,121487,1211
2022-01-05,Yolo,113,214977,25830,23401,1623,25024,269
2022-01-05,Yuba,115,75493,11695,11138,487,11625,100
2022-01-04,Alameda,001,1643700,159290,143360,5348,148708,1532
2022-01-04,Alpine,002,1148,114,113,0,113,0
2022-01-04,Amador,005,37829,6243,6025,102,6127,71
2022-01-04,Butte,007,227075,24321,23094,4579,27673,346
2022-01-04,Calaveras,009,45235,4999,4767,87,4854,93
2022-01-04,Colusa,011,21464,2746,2689,760,3449,21
2022-01-04,Contra Costa,013,1133247,127663,116005,4492,120497,1075
2022-01-04,Del Norte,015,27424,3958,3882,69,3951,43
2022-01-04,El Dorado,017,186661,19579,18339,2076,20415,172
2022-01-04,Fresno,019,978130,160116,153244,14489,167733,2380
2022-01-04,Glenn,021,27897,3798,3705,1137,4842,39
2022-01-04,Humboldt,023,135768,11691,10865,1038,11903,120
2022-01-04,Imperial,025,180216,40476,38596,5114,43710,800
2022-01-04,Inyo,027,18085,3096,2870,66,2936,49
2022-01-04,Kern,029,883053,145240,138245,28373,166618,1916
2022-01-04,Kings,031,150075,36154,34931,2236,37167,388
2022-01-04,Lake,033,64148,7447,7152,243,7395,117
2022-01-04,Lassen,035,31185,7202,7111,441,7552,55
2022-01-04,Los Angeles,037,10098052,1886742,1705253,80624,1785877,27419
2022-01-04,Madera,039,155013,26332,25425,2618,28043,328
2022-01-04,Marin,041,260295,23788,21675,1126,22801,251
2022-01-04,Mariposa,043,17540,1681,1564,67,1631,6
2022-01-04,Mendocino,045,87422,9139,8636,813,9449,101
2022-01-04,Merced,047,269075,47026,45583,2542,48125,700
2022-01-04,Modoc,049,8938,621,611,213,824,6
2022-01-04,Mono,051,14174,2382,2190,45,2235,4
2022-01-04,Monterey,053,433212,55346,51176,4482,55658,643
2022-01-04,Napa,055,140530,17010,15370,329,15699,107
2022-01-04,Nevada,057,99092,11256,10608,431,11039,110
2022-01-04,Orange,059,3164182,399424,362051,26453,388504,5897
2022-01-04,Placer,061,380077,45073,42285,4751,47036,494
2022-01-04,Plumas,063,18699,2119,2014,60,2074,12
2022-01-04,Riverside,065,2383286,442341,413366,19972,433338,5504
2022-01-04,Sacramento,067,1510023,194366,181271,8103,189374,2453
2022-01-04,San Benito,069,59416,9191,8763,230,8993,79
2022-01-04,San Bernardino,071,2135413,436045,404409,15137,419546,6060
2022-01-04,San Diego,073,3302833,510294,458499,30986,489485,4487
2022-01-04,San Francisco,075,870044,80408,70666,3949,74615,688
2022-01-04,San Joaquin,077,732212,116770,110374,6496,116870,1911
2022-01-04,San Luis Obispo,079,281455,35996,33788,1782,35570,371
2022-01-04,San Mateo,081,765935,77098,65157,2288,67445,582
2022-01-04,Santa Barbara,083,443738,56633,52449,2033,54482,574
2022-01-04,Santa Clara,085,1922200,196415,176854,3932,180786,1964
2022-01-04,Santa Cruz,087,273765,26537,23904,1345,25249,228
2022-01-04,Shasta,089,179085,24073,23366,3926,27292,442
2022-01-04,Sierra,091,2930,225,214,22,236,0
2022-01-04,Siskiyou,093,43540,3636,3509,1489,4998,61
2022-01-04,Solano,095,438530,54935,51300,2134,53434,383
2022-01-04,Sonoma,097,501317,52820,48653,957,49610,410
2022-01-04,Stanislaus,099,539301,88575,86107,10329,96436,1361
2022-01-04,Sutter,101,95872,15462,15032,484,15516,193
2022-01-04,Tehama,103,63373,9333,9020,1671,10691,140
2022-01-04,Trinity,105,12862,936,833,224,1057,18
2022-01-04,Tulare,107,460477,75868,72893,17935,90828,1172
2022-01-04,Tuolumne,109,53932,8645,8235,137,8372,91
2022-01-04,Ventura,111,848112,125726,114079,6505,120584,1213
2022-01-04,Yolo,113,214977,25185,22938,1578,24516,270
2022-01-04,Yuba,115,75493,11515,11104,471,11575,101
2022-01-03,Alameda,001,1643700,153163,142090,4912,147002,1529
2022-01-03,Alpine,002,1148,113,113,0,113,0
2022-01-03,Amador,005,37829,6181,6004,97,6101,71
2022-01-03,Butte,007,227075,24021,22924,4521,27445,345
2022-01-03,Calaveras,009,45235,4938,4742,81,4823,93
2022-01-03,Colusa,011,21464,2736,2683,753,3436,21
2022-01-03,Contra Costa,013,1133247,124218,114966,3903,118869,1073
2022-01-03,Del Norte,015,27424,3938,3873,65,3938,43
2022-01-03,El Dorado,017,186661,19190,18183,2046,20229,172
2022-01-03,Fresno,019,978130,157928,152674,14279,166953,2379
2022-01-03,Glenn,021,27897,3769,3703,1102,4805,39
2022-01-03,Humboldt,023,135768,11481,10784,990,11774,119
2022-01-03,Imperial,025,180216,39845,38411,4938,43349,800
2022-01-03,Inyo,027,18085,3027,2845,62,2907,49
2022-01-03,Kern,029,883053,143244,137773,27776,165549,1916
2022-01-03,Kings,031,150075,35831,34817,2207,37024,387
2022-01-03,Lake,033,64148,7345,7134,225,7359,117
2022-01-03,Lassen,035,31185,7184,7103,438,7541,55
2022-01-03,Los Angeles,037,10098052,1825891,1686203,77875,1764078,27394
2022-01-03,Madera,039,155013,26039,25323,2574,27897,320
2022-01-03,Marin,041,260295,23194,21532,1087,22619,251
2022-01-03,Mariposa,043,17540,1639,1559,67,1626,6
2022-01-03,Mendocino,045,87422,8990,8573,763,9336,101
2022-01-03,Merced,047,269075,46422,45459,2430,47889,696
2022-01-03,Modoc,049,8938,618,602,213,815,6
2022-01-03,Mono,051,14174,2304,2172,40,2212,4
2022-01-03,Monterey,053,433212,54518,51047,4276,55323,644
2022-01-03,Napa,055,140530,16501,15260,297,15557,107
2022-01-03,Nevada,057,99092,11092,10572,422,10994,110
2022-01-03,Orange,059,3164182,388240,358052,25220,383272,5894
2022-01-03,Placer,061,380077,44248,42054,4690,46744,489
2022-01-03,Plumas,063,18699,2099,2005,60,2065,12
2022-01-03,Riverside,065,2383286,433866,410155,19477,429632,5504
2022-01-03,Sacramento,067,1510023,189198,179992,7547,187539,2452
2022-01-03,San Benito,069,59416,9029,8688,223,8911,79
2022-01-03,San Bernardino,071,2135413,427102,401938,14667,416605,6056
2022-01-03,San Diego,073,3302833,494202,451154,30025,481179,4476
2022-01-03,San Francisco,075,870044,77601,69315,3699,73014,686
2022-01-03,San Joaquin,077,732212,114451,109757,6371,116128,1903
2022-01-03,San Luis Obispo,079,281455,35186,33667,1689,35356,367
2022-01-03,San Mateo,081,765935,74380,64470,2131,66601,582
2022-01-03,Santa Barbara,083,443738,55171,51912,1939,53851,571
2022-01-03,Santa Clara,085,1922200,190313,174215,3458,177673,1963
2022-01-03,Santa Cruz,087,273765,25729,23765,1313,25078,228
2022-01-03,Shasta,089,179085,23896,23301,3899,27200,440
2022-01-03,Sierra,091,2930,218,213,21,234,0
2022-01-03,Siskiyou,093,43540,3609,3500,1467,4967,61
2022-01-03,Solano,095,438530,53635,51030,1948,52978,380
2022-01-03,Sonoma,097,501317,51123,48391,861,49252,410
2022-01-03,Stanislaus,099,539301,87579,85793,10139,95932,1332
2022-01-03,Sutter,101,95872,15305,14973,464,15437,193
2022-01-03,Tehama,103,63373,9259,9005,1645,10650,140
2022-01-03,Trinity,105,12862,931,833,223,1056,18
2022-01-03,Tulare,107,460477,75173,72664,17731,90395,1167
2022-01-03,Tuolumne,109,53932,8508,8179,133,8312,91
2022-01-03,Ventura,111,848112,122558,112762,6266,119028,1211
2022-01-03,Yolo,113,214977,24506,22563,1514,24077,270
2022-01-03,Yuba,115,75493,11382,11037,452,11489,99
2022-01-02,Alameda,001,1643700,148609,133486,4420,137906,1528
2022-01-02,Alpine,002,1148,111,113,0,113,0
2022-01-02,Amador,005,37829,6113,5913,92,6005,70
2022-01-02,Butte,007,227075,23681,22469,4459,26928,341
2022-01-02,Calaveras,009,45235,4867,4668,73,4741,93
2022-01-02,Colusa,011,21464,2729,2659,742,3401,21
2022-01-02,Contra Costa,013,1133247,120630,109593,3466,113059,1073
2022-01-02,Del Norte,015,27424,3906,3841,63,3904,43
2022-01-02,El Dorado,017,186661,18855,17621,1995,19616,172
2022-01-02,Fresno,019,978130,156082,149927,14044,163971,2379
2022-01-02,Glenn,021,27897,3750,3663,1093,4756,39
2022-01-02,Humboldt,023,135768,11239,10381,914,11295,119
2022-01-02,Imperial,025,180216,39190,37672,4729,42401,800
2022-01-02,Inyo,027,18085,2957,2726,51,2777,49
2022-01-02,Kern,029,883053,141326,136123,27178,163301,1917
2022-01-02,Kings,031,150075,35507,34318,2172,36490,386
2022-01-02,Lake,033,64148,7274,7060,211,7271,117
2022-01-02,Lassen,035,31185,7168,7089,436,7525,55
2022-01-02,Los Angeles,037,10098052,1774698,1596123,74974,1671097,27371
2022-01-02,Madera,039,155013,25788,25002,2521,27523,320
2022-01-02,Marin,041,260295,22629,20475,1016,21491,249
2022-01-02,Mariposa,043,17540,1608,1509,65,1574,6
2022-01-02,Mendocino,045,87422,8866,8422,745,9167,101
2022-01-02,Merced,047,269075,45879,44769,2330,47099,694
2022-01-02,Modoc,049,8938,616,601,212,813,6
2022-01-02,Mono,051,14174,2275,2101,35,2136,4
2022-01-02,Monterey,053,433212,53891,50251,4066,54317,643
2022-01-02,Napa,055,140530,15961,14439,286,14725,107
2022-01-02,Nevada,057,99092,10904,10299,407,10706,110
2022-01-02,Orange,059,3164182,377208,339526,24057,363583,5890
2022-01-02,Placer,061,380077,43522,40857,4603,45460,489
2022-01-02,Plumas,063,18699,2083,1994,56,2050,12
2022-01-02,Riverside,065,2383286,425525,397124,18960,416084,5501
2022-01-02,Sacramento,067,1510023,185117,173562,6715,180277,2448
2022-01-02,San Benito,069,59416,8848,8320,208,8528,79
2022-01-02,San Bernardino,071,2135413,418953,386278,14110,400388,6051
2022-01-02,San Diego,073,3302833,479177,427087,28846,455933,4469
2022-01-02,San Francisco,075,870044,74649,64498,3458,67956,682
2022-01-02,San Joaquin,077,732212,112562,106640,6229,112869,1902
2022-01-02,San Luis Obispo,079,281455,34450,32342,1606,33948,365
2022-01-02,San Mateo,081,765935,71809,60504,1891,62395,581
2022-01-02,Santa Barbara,083,443738,53736,49555,1878,51433,568
2022-01-02,Santa Clara,085,1922200,184083,164547,3058,167605,1969
2022-01-02,Santa Cruz,087,273765,25059,22980,1280,24260,228
2022-01-02,Shasta,089,179085,23703,23161,3850,27011,435
2022-01-02,Sierra,091,2930,217,206,21,227,0
2022-01-02,Siskiyou,093,43540,3584,3474,1444,4918,61
2022-01-02,Solano,095,438530,52690,48957,1784,50741,379
2022-01-02,Sonoma,097,501317,49804,46040,824,46864,410
2022-01-02,Stanislaus,099,539301,86723,84367,10002,94369,1332
2022-01-02,Sutter,101,95872,15132,14741,445,15186,193
2022-01-02,Tehama,103,63373,9194,8944,1622,10566,139
2022-01-02,Trinity,105,12862,929,832,222,1054,17
2022-01-02,Tulare,107,460477,74508,71941,17537,89478,1160
2022-01-02,Tuolumne,109,53932,8402,8044,128,8172,91
2022-01-02,Ventura,111,848112,119635,107992,6045,114037,1211
2022-01-02,Yolo,113,214977,23829,21747,1448,23195,270
2022-01-02,Yuba,115,75493,11257,10844,436,11280,99
2022-01-01,Alameda,001,1643700,146727,133486,4161,137647,1528
2022-01-01,Alpine,002,1148,111,113,0,113,0
2022-01-01,Amador,005,37829,6077,5913,87,6000,70
2022-01-01,Butte,007,227075,23486,22469,4421,26890,341
2022-01-01,Calaveras,009,45235,4828,4668,71,4739,93
2022-01-01,Colusa,011,21464,2725,2659,732,3391,21
2022-01-01,Contra Costa,013,1133247,119258,109593,3339,112932,1073
2022-01-01,Del Norte,015,27424,3901,3841,63,3904,43
2022-01-01,El Dorado,017,186661,18704,17621,1980,19601,172
2022-01-01,Fresno,019,978130,155383,149927,13962,163889,2379
2022-01-01,Glenn,021,27897,3743,3663,1093,4756,39
2022-01-01,Humboldt,023,135768,11100,10381,893,11274,119
2022-01-01,Imperial,025,180216,39041,37672,4680,42352,800
2022-01-01,Inyo,027,18085,2928,2726,49,2775,49
2022-01-01,Kern,029,883053,140626,136123,26872,162995,1917
2022-01-01,Kings,031,150075,35364,34318,2145,36463,386
2022-01-01,Lake,033,64148,7236,7060,206,7266,117
2022-01-01,Lassen,035,31185,7162,7089,431,7520,55
2022-01-01,Los Angeles,037,10098052,1754551,1596123,73022,1669145,27371
2022-01-01,Madera,039,155013,25704,25002,2507,27509,320
2022-01-01,Marin,041,260295,22317,20475,975,21450,249
2022-01-01,Mariposa,043,17540,1597,1509,65,1574,6
2022-01-01,Mendocino,045,87422,8774,8422,739,9161,101
2022-01-01,Merced,047,269075,45746,44769,2316,47085,694
2022-01-01,Modoc,049,8938,613,601,212,813,6
2022-01-01,Mono,051,14174,2251,2101,30,2131,4
2022-01-01,Monterey,053,433212,53581,50251,3979,54230,643
2022-01-01,Napa,055,140530,15811,14439,271,14710,107
2022-01-01,Nevada,057,99092,10828,10299,400,10699,110
2022-01-01,Orange,059,3164182,372984,339526,23346,362872,5890
2022-01-01,Placer,061,380077,43219,40857,4537,45394,489
2022-01-01,Plumas,063,18699,2071,1994,56,2050,12
2022-01-01,Riverside,065,2383286,422032,397124,18758,415882,5501
2022-01-01,Sacramento,067,1510023,183844,173562,6460,180022,2448
2022-01-01,San Benito,069,59416,8757,8320,208,8528,79
2022-01-01,San Bernardino,071,2135413,415692,386278,13830,400108,6051
2022-01-01,San Diego,073,3302833,473224,427087,28327,455414,4469
2022-01-01,San Francisco,075,870044,73246,64498,3248,67746,682
2022-01-01,San Joaquin,077,732212,111855,106640,6156,112796,1902
2022-01-01,San Luis Obispo,079,281455,34246,32342,1597,33939,365
2022-01-01,San Mateo,081,765935,70344,60504,1742,62246,581
2022-01-01,Santa Barbara,083,443738,52996,49555,1842,51397,568
2022-01-01,Santa Clara,085,1922200,181013,164547,2862,167409,1969
2022-01-01,Santa Cruz,087,273765,24738,22980,1262,24242,228
2022-01-01,Shasta,089,179085,23617,23161,3832,26993,435
2022-01-01,Sierra,091,2930,216,206,21,227,0
2022-01-01,Siskiyou,093,43540,3581,3474,1434,4908,61
2022-01-01,Solano,095,438530,52422,48957,1725,50682,379
2022-01-01,Sonoma,097,501317,49410,46040,794,46834,410
2022-01-01,Stanislaus,099,539301,86316,84367,9915,94282,1332
2022-01-01,Sutter,101,95872,15055,14741,443,15184,193
2022-01-01,Tehama,103,63373,9161,8944,1610,10554,139
2022-01-01,Trinity,105,12862,926,832,222,1054,17
2022-01-01,Tulare,107,460477,74263,71941,17438,89379,1160
2022-01-01,Tuolumne,109,53932,8342,8044,125,8169,91
2022-01-01,Ventura,111,848112,118250,107992,5915,113907,1211
2022-01-01,Yolo,113,214977,23410,21747,1408,23155,270
2022-01-01,Yuba,115,75493,11191,10844,430,11274,99
2021-12-31,Alameda,001,1643700,145905,133486,4061,137547,1528
2021-12-31,Alpine,002,1148,111,113,0,113,0
2021-12-31,Amador,005,37829,6053,5913,86,5999,70
2021-12-31,Butte,007,227075,23379,22469,4385,26854,341
2021-12-31,Calaveras,009,45235,4795,4668,71,4739,93
2021-12-31,Colusa,011,21464,2716,2659,726,3385,21
2021-12-31,Contra Costa,013,1133247,118364,109593,3259,112852,1073
2021-12-31,Del Norte,015,27424,3892,3841,61,3902,43
2021-12-31,El Dorado,017,186661,18616,17621,1962,19583,172
2021-12-31,Fresno,019,978130,155066,149927,13940,163867,2379
2021-12-31,Glenn,021,27897,3742,3663,1091,4754,39
2021-12-31,Humboldt,023,135768,11013,10381,874,11255,119
2021-12-31,Imperial,025,180216,38909,37672,4664,42336,800
2021-12-31,Inyo,027,18085,2901,2726,48,2774,49
2021-12-31,Kern,029,883053,140118,136123,26735,162858,1917
2021-12-31,Kings,031,150075,35254,34318,2135,36453,386
2021-12-31,Lake,033,64148,7213,7060,201,7261,117
2021-12-31,Lassen,035,31185,7148,7089,431,7520,55
2021-12-31,Los Angeles,037,10098052,1743766,1596123,72271,1668394,27371
2021-12-31,Madera,039,155013,25635,25002,2490,27492,320
2021-12-31,Marin,041,260295,22161,20475,944,21419,249
2021-12-31,Mariposa,043,17540,1590,1509,64,1573,6
2021-12-31,Mendocino,045,87422,8741,8422,736,9158,101
2021-12-31,Merced,047,269075,45662,44769,2298,47067,694
2021-12-31,Modoc,049,8938,609,601,210,811,6
2021-12-31,Mono,051,14174,2239,2101,29,2130,4
2021-12-31,Monterey,053,433212,53454,50251,3913,54164,643
2021-12-31,Napa,055,140530,15700,14439,261,14700,107
2021-12-31,Nevada,057,99092,10761,10299,394,10693,110
2021-12-31,Orange,059,3164182,370467,339526,22919,362445,5890
2021-12-31,Placer,061,380077,42986,40857,4471,45328,489
2021-12-31,Plumas,063,18699,2066,1994,56,2050,12
2021-12-31,Riverside,065,2383286,420343,397124,18603,415727,5501
2021-12-31,Sacramento,067,1510023,182976,173562,6354,179916,2448
2021-12-31,San Benito,069,59416,8743,8320,207,8527,79
2021-12-31,San Bernardino,071,2135413,413377,386278,13639,399917,6051
2021-12-31,San Diego,073,3302833,470003,427087,28009,455096,4469
2021-12-31,San Francisco,075,870044,72320,64498,3190,67688,682
2021-12-31,San Joaquin,077,732212,111227,106640,6090,112730,1902
2021-12-31,San Luis Obispo,079,281455,34138,32342,1585,33927,365
2021-12-31,San Mateo,081,765935,69463,60504,1690,62194,581
2021-12-31,Santa Barbara,083,443738,52597,49555,1830,51385,568
2021-12-31,Santa Clara,085,1922200,179030,164547,2721,167268,1969
2021-12-31,Santa Cruz,087,273765,24500,22980,1241,24221,228
2021-12-31,Shasta,089,179085,23555,23161,3811,26972,435
2021-12-31,Sierra,091,2930,216,206,21,227,0
2021-12-31,Siskiyou,093,43540,3574,3474,1423,4897,61
2021-12-31,Solano,095,438530,52266,48957,1699,50656,379
2021-12-31,Sonoma,097,501317,49157,46040,781,46821,410
2021-12-31,Stanislaus,099,539301,85990,84367,9854,94221,1332
2021-12-31,Sutter,101,95872,14994,14741,437,15178,193
2021-12-31,Tehama,103,63373,9129,8944,1601,10545,139
2021-12-31,Trinity,105,12862,925,832,222,1054,17
2021-12-31,Tulare,107,460477,74059,71941,17354,89295,1160
2021-12-31,Tuolumne,109,53932,8297,8044,124,8168,91
2021-12-31,Ventura,111,848112,117276,107992,5833,113825,1211
2021-12-31,Yolo,113,214977,23189,21747,1386,23133,270
2021-12-31,Yuba,115,75493,11134,10844,424,11268,99
2021-12-30,Alameda,001,1643700,144601,133486,3926,137412,1528
2021-12-30,Alpine,002,1148,110,113,0,113,0
2021-12-30,Amador,005,37829,6034,5913,85,5998,70
2021-12-30,Butte,007,227075,23248,22469,4360,26829,341
2021-12-30,Calaveras,009,45235,4776,4668,71,4739,93
2021-12-30,Colusa,011,21464,2715,2659,724,3383,21
2021-12-30,Contra Costa,013,1133247,117268,109593,3148,112741,1073
2021-12-30,Del Norte,015,27424,3881,3841,60,3901,43
2021-12-30,El Dorado,017,186661,18512,17621,1941,19562,172
2021-12-30,Fresno,019,978130,154529,149927,13869,163796,2379
2021-12-30,Glenn,021,27897,3736,3663,1088,4751,39
2021-12-30,Humboldt,023,135768,10946,10381,862,11243,119
2021-12-30,Imperial,025,180216,38741,37672,4554,42226,800
2021-12-30,Inyo,027,18085,2882,2726,46,2772,49
2021-12-30,Kern,029,883053,139585,136123,26435,162558,1917
2021-12-30,Kings,031,150075,35136,34318,2120,36438,386
2021-12-30,Lake,033,64148,7198,7060,196,7256,117
2021-12-30,Lassen,035,31185,7142,7089,431,7520,55
2021-12-30,Los Angeles,037,10098052,1720455,1596123,71005,1667128,27371
2021-12-30,Madera,039,155013,25558,25002,2470,27472,320
2021-12-30,Marin,041,260295,21987,20475,919,21394,249
2021-12-30,Mariposa,043,17540,1584,1509,64,1573,6
2021-12-30,Mendocino,045,87422,8724,8422,725,9147,101
2021-12-30,Merced,047,269075,45560,44769,2283,47052,694
2021-12-30,Modoc,049,8938,608,601,210,811,6
2021-12-30,Mono,051,14174,2234,2101,28,2129,4
2021-12-30,Monterey,053,433212,53141,50251,3852,54103,643
2021-12-30,Napa,055,140530,15556,14439,252,14691,107
2021-12-30,Nevada,057,99092,10697,10299,385,10684,110
2021-12-30,Orange,059,3164182,365420,339526,22363,361889,5890
2021-12-30,Placer,061,380077,42710,40857,4424,45281,489
2021-12-30,Plumas,063,18699,2062,1994,55,2049,12
2021-12-30,Riverside,065,2383286,417074,397124,18451,415575,5501
2021-12-30,Sacramento,067,1510023,181722,173562,6209,179771,2448
2021-12-30,San Benito,069,59416,8696,8320,205,8525,79
2021-12-30,San Bernardino,071,2135413,410764,386278,13492,399770,6051
2021-12-30,San Diego,073,3302833,464856,427087,27498,454585,4469
2021-12-30,San Francisco,075,870044,71232,64498,3118,67616,682
2021-12-30,San Joaquin,077,732212,110631,106640,6046,112686,1902
2021-12-30,San Luis Obispo,079,281455,34019,32342,1572,33914,365
2021-12-30,San Mateo,081,765935,68420,60504,1561,62065,581
2021-12-30,Santa Barbara,083,443738,52119,49555,1811,51366,568
2021-12-30,Santa Clara,085,1922200,176702,164547,2598,167145,1969
2021-12-30,Santa Cruz,087,273765,24261,22980,1207,24187,228
2021-12-30,Shasta,089,179085,23502,23161,3805,26966,435
2021-12-30,Sierra,091,2930,216,206,21,227,0
2021-12-30,Siskiyou,093,43540,3565,3474,1421,4895,61
2021-12-30,Solano,095,438530,51917,48957,1652,50609,379
2021-12-30,Sonoma,097,501317,48822,46040,772,46812,410
2021-12-30,Stanislaus,099,539301,85673,84367,9794,94161,1332
2021-12-30,Sutter,101,95872,14932,14741,436,15177,193
2021-12-30,Tehama,103,63373,9102,8944,1595,10539,139
2021-12-30,Trinity,105,12862,922,832,222,1054,17
2021-12-30,Tulare,107,460477,73870,71941,17277,89218,1160
2021-12-30,Tuolumne,109,53932,8258,8044,124,8168,91
2021-12-30,Ventura,111,848112,116019,107992,5730,113722,1211
2021-12-30,Yolo,113,214977,23050,21747,1360,23107,270
2021-12-30,Yuba,115,75493,11087,10844,422,11266,99
2021-12-29,Alameda,001,1643700,141356,131586,3775,135361,1529
2021-12-29,Alpine,002,1148,110,113,0,113,0
2021-12-29,Amador,005,37829,6011,5905,82,5987,70
2021-12-29,Butte,007,227075,23105,22353,4322,26675,338
2021-12-29,Calaveras,009,45235,4749,4646,69,4715,93
2021-12-29,Colusa,011,21464,2705,2657,719,3376,21
2021-12-29,Contra Costa,013,1133247,115173,108165,3022,111187,1072
2021-12-29,Del Norte,015,27424,3867,3826,58,3884,43
2021-12-29,El Dorado,017,186661,18290,17489,1923,19412,172
2021-12-29,Fresno,019,978130,153390,149318,13754,163072,2364
2021-12-29,Glenn,021,27897,3726,3653,1085,4738,39
2021-12-29,Humboldt,023,135768,10836,10249,840,11089,119
2021-12-29,Imperial,025,180216,38504,37460,4486,41946,800
2021-12-29,Inyo,027,18085,2849,2703,46,2749,49
2021-12-29,Kern,029,883053,138782,135648,26050,161698,1913
2021-12-29,Kings,031,150075,35021,34216,2114,36330,386
2021-12-29,Lake,033,64148,7167,7048,194,7242,117
2021-12-29,Lassen,035,31185,7138,7085,430,7515,55
2021-12-29,Los Angeles,037,10098052,1690455,1576414,69286,1645700,27349
2021-12-29,Madera,039,155013,25454,24923,2459,27382,320
2021-12-29,Marin,041,260295,21632,20025,898,20923,249
2021-12-29,Mariposa,043,17540,1562,1507,64,1571,6
2021-12-29,Mendocino,045,87422,8665,8386,721,9107,99
2021-12-29,Merced,047,269075,45344,44548,2268,46816,693
2021-12-29,Modoc,049,8938,605,600,210,810,6
2021-12-29,Mono,051,14174,2210,2056,27,2083,4
2021-12-29,Monterey,053,433212,52732,50097,3746,53843,641
2021-12-29,Napa,055,140530,15233,14247,234,14481,107
2021-12-29,Nevada,057,99092,10606,10274,384,10658,110
2021-12-29,Orange,059,3164182,357923,334557,21679,356236,5887
2021-12-29,Placer,061,380077,42222,40545,4349,44894,489
2021-12-29,Plumas,063,18699,2050,1990,55,2045,12
2021-12-29,Riverside,065,2383286,411655,392989,18244,411233,5486
2021-12-29,Sacramento,067,1510023,179389,172145,6051,178196,2437
2021-12-29,San Benito,069,59416,8553,8239,204,8443,79
2021-12-29,San Bernardino,071,2135413,405180,382872,13276,396148,6049
2021-12-29,San Diego,073,3302833,454025,421045,26780,447825,4461
2021-12-29,San Francisco,075,870044,69536,63117,3048,66165,684
2021-12-29,San Joaquin,077,732212,109448,106063,5976,112039,1891
2021-12-29,San Luis Obispo,079,281455,33624,31936,1523,33459,365
2021-12-29,San Mateo,081,765935,66793,59478,1453,60931,581
2021-12-29,Santa Barbara,083,443738,51280,49003,1786,50789,568
2021-12-29,Santa Clara,085,1922200,173500,162008,2467,164475,1962
2021-12-29,Santa Cruz,087,273765,23982,22669,1175,23844,228
2021-12-29,Shasta,089,179085,23427,23083,3793,26876,435
2021-12-29,Sierra,091,2930,215,206,21,227,0
2021-12-29,Siskiyou,093,43540,3553,3472,1410,4882,61
2021-12-29,Solano,095,438530,51212,48562,1599,50161,379
2021-12-29,Sonoma,097,501317,48020,45479,750,46229,410
2021-12-29,Stanislaus,099,539301,85185,84083,9734,93817,1332
2021-12-29,Sutter,101,95872,14863,14688,434,15122,193
2021-12-29,Tehama,103,63373,9077,8914,1583,10497,138
2021-12-29,Trinity,105,12862,919,832,222,1054,17
2021-12-29,Tulare,107,460477,73580,71752,17159,88911,1160
2021-12-29,Tuolumne,109,53932,8205,8012,123,8135,91
2021-12-29,Ventura,111,848112,114082,106974,5552,112526,1207
2021-12-29,Yolo,113,214977,22811,21564,1329,22893,270
2021-12-29,Yuba,115,75493,11026,10808,418,11226,99
2021-12-28,Alameda,001,1643700,138190,130427,3622,134049,1522
2021-12-28,Alpine,002,1148,110,113,0,113,0
2021-12-28,Amador,005,37829,5991,5900,81,5981,70
2021-12-28,Butte,007,227075,22961,22285,4305,26590,338
2021-12-28,Calaveras,009,45235,4731,4641,68,4709,91
2021-12-28,Colusa,011,21464,2699,2653,717,3370,21
2021-12-28,Contra Costa,013,1133247,112871,107160,2907,110067,1072
2021-12-28,Del Norte,015,27424,3861,3815,58,3873,43
2021-12-28,El Dorado,017,186661,18067,17419,1913,19332,172
2021-12-28,Fresno,019,978130,152304,148987,13674,162661,2365
2021-12-28,Glenn,021,27897,3701,3639,1081,4720,39
2021-12-28,Humboldt,023,135768,10715,10198,816,11014,119
2021-12-28,Imperial,025,180216,38209,37223,4386,41609,800
2021-12-28,Inyo,027,18085,2791,2676,45,2721,48
2021-12-28,Kern,029,883053,138061,135346,25701,161047,1909
2021-12-28,Kings,031,150075,34885,34165,2099,36264,386
2021-12-28,Lake,033,64148,7148,7044,189,7233,116
2021-12-28,Lassen,035,31185,7129,7083,430,7513,55
2021-12-28,Los Angeles,037,10098052,1658183,1561791,67642,1629433,27323
2021-12-28,Madera,039,155013,25328,24865,2439,27304,320
2021-12-28,Marin,041,260295,21220,19739,868,20607,249
2021-12-28,Mariposa,043,17540,1551,1499,63,1562,6
2021-12-28,Mendocino,045,87422,8605,8366,713,9079,98
2021-12-28,Merced,047,269075,45104,44434,2256,46690,691
2021-12-28,Modoc,049,8938,605,599,209,808,6
2021-12-28,Mono,051,14174,2187,2045,25,2070,4
2021-12-28,Monterey,053,433212,52355,49973,3673,53646,639
2021-12-28,Napa,055,140530,14915,14131,207,14338,107
2021-12-28,Nevada,057,99092,10515,10250,381,10631,110
2021-12-28,Orange,059,3164182,350265,331279,20943,352222,5882
2021-12-28,Placer,061,380077,41753,40410,4279,44689,489
2021-12-28,Plumas,063,18699,2047,1989,55,2044,12
2021-12-28,Riverside,065,2383286,406416,390343,18001,408344,5470
2021-12-28,Sacramento,067,1510023,177102,171290,5922,177212,2426
2021-12-28,San Benito,069,59416,8409,8170,202,8372,79
2021-12-28,San Bernardino,071,2135413,399279,381316,13055,394371,6047
2021-12-28,San Diego,073,3302833,443333,417383,26224,443607,4450
2021-12-28,San Francisco,075,870044,67915,61745,2990,64735,682
2021-12-28,San Joaquin,077,732212,108394,105572,5932,111504,1884
2021-12-28,San Luis Obispo,079,281455,33158,31759,1507,33266,365
2021-12-28,San Mateo,081,765935,65279,58712,1365,60077,582
2021-12-28,Santa Barbara,083,443738,50635,48493,1766,50259,568
2021-12-28,Santa Clara,085,1922200,170296,160811,2372,163183,1962
2021-12-28,Santa Cruz,087,273765,23609,22513,1137,23650,228
2021-12-28,Shasta,089,179085,23356,23035,3788,26823,434
2021-12-28,Sierra,091,2930,212,206,21,227,0
2021-12-28,Siskiyou,093,43540,3544,3468,1405,4873,60
2021-12-28,Solano,095,438530,50298,48318,1545,49863,378
2021-12-28,Sonoma,097,501317,47162,45086,725,45811,410
2021-12-28,Stanislaus,099,539301,84702,83946,9673,93619,1331
2021-12-28,Sutter,101,95872,14814,14662,431,15093,193
2021-12-28,Tehama,103,63373,9059,8893,1581,10474,138
2021-12-28,Trinity,105,12862,917,831,221,1052,17
2021-12-28,Tulare,107,460477,73301,71630,17044,88674,1156
2021-12-28,Tuolumne,109,53932,8163,8006,123,8129,91
2021-12-28,Ventura,111,848112,111975,105883,5422,111305,1207
2021-12-28,Yolo,113,214977,22476,21320,1280,22600,270
2021-12-28,Yuba,115,75493,10970,10778,415,11193,99
2021-12-27,Alameda,001,1643700,135512,129910,3490,133400,1530
2021-12-27,Alpine,002,1148,110,113,0,113,0
2021-12-27,Amador,005,37829,5963,5891,81,5972,70
2021-12-27,Butte,007,227075,22824,22234,4278,26512,335
2021-12-27,Calaveras,009,45235,4706,4630,67,4697,91
2021-12-27,Colusa,011,21464,2688,2652,711,3363,21
2021-12-27,Contra Costa,013,1133247,110702,106692,2824,109516,1071
2021-12-27,Del Norte,015,27424,3852,3802,57,3859,43
2021-12-27,El Dorado,017,186661,17907,17361,1901,19262,172
2021-12-27,Fresno,019,978130,151340,148826,13592,162418,2364
2021-12-27,Glenn,021,27897,3693,3634,1075,4709,39
2021-12-27,Humboldt,023,135768,10601,10164,794,10958,119
2021-12-27,Imperial,025,180216,37968,37180,4292,41472,800
2021-12-27,Inyo,027,18085,2762,2662,43,2705,48
2021-12-27,Kern,029,883053,137411,135119,25398,160517,1907
2021-12-27,Kings,031,150075,34736,34126,2086,36212,382
2021-12-27,Lake,033,64148,7125,7037,179,7216,116
2021-12-27,Lassen,035,31185,7123,7080,430,7510,55
2021-12-27,Los Angeles,037,10098052,1621838,1554074,65889,1619963,27300
2021-12-27,Madera,039,155013,25209,24840,2420,27260,320
2021-12-27,Marin,041,260295,20831,19601,841,20442,249
2021-12-27,Mariposa,043,17540,1536,1495,63,1558,6
2021-12-27,Mendocino,045,87422,8538,8351,708,9059,98
2021-12-27,Merced,047,269075,44873,44383,2238,46621,690
2021-12-27,Modoc,049,8938,603,599,209,808,6
2021-12-27,Mono,051,14174,2124,2026,25,2051,4
2021-12-27,Monterey,053,433212,52055,49918,3622,53540,639
2021-12-27,Napa,055,140530,14646,14083,198,14281,107
2021-12-27,Nevada,057,99092,10446,10239,373,10612,110
2021-12-27,Orange,059,3164182,342775,329222,20137,349359,5875
2021-12-27,Placer,061,380077,41376,40263,4231,44494,489
2021-12-27,Plumas,063,18699,2045,1988,53,2041,12
2021-12-27,Riverside,065,2383286,401830,389096,17745,406841,5470
2021-12-27,Sacramento,067,1510023,175074,170858,5753,176611,2422
2021-12-27,San Benito,069,59416,8290,8133,198,8331,79
2021-12-27,San Bernardino,071,2135413,393292,380526,12854,393380,6047
2021-12-27,San Diego,073,3302833,433125,414968,25732,440700,4445
2021-12-27,San Francisco,075,870044,66164,60920,2925,63845,682
2021-12-27,San Joaquin,077,732212,107475,105413,5868,111281,1876
2021-12-27,San Luis Obispo,079,281455,32713,31671,1486,33157,365
2021-12-27,San Mateo,081,765935,63753,58397,1266,59663,581
2021-12-27,Santa Barbara,083,443738,49849,48209,1746,49955,568
2021-12-27,Santa Clara,085,1922200,167288,159904,2246,162150,1961
2021-12-27,Santa Cruz,087,273765,23321,22456,1119,23575,228
2021-12-27,Shasta,089,179085,23295,23015,3777,26792,432
2021-12-27,Sierra,091,2930,212,206,21,227,0
2021-12-27,Siskiyou,093,43540,3535,3466,1400,4866,60
2021-12-27,Solano,095,438530,49565,48172,1497,49669,378
2021-12-27,Sonoma,097,501317,46586,44990,707,45697,410
2021-12-27,Stanislaus,099,539301,84247,83833,9632,93465,1331
2021-12-27,Sutter,101,95872,14758,14642,426,15068,191
2021-12-27,Tehama,103,63373,9044,8887,1573,10460,136
2021-12-27,Trinity,105,12862,917,827,221,1048,17
2021-12-27,Tulare,107,460477,73034,71562,16949,88511,1146
2021-12-27,Tuolumne,109,53932,8125,7978,122,8100,91
2021-12-27,Ventura,111,848112,109890,105212,5287,110499,1206
2021-12-27,Yolo,113,214977,22185,21300,1246,22546,270
2021-12-27,Yuba,115,75493,10909,10759,414,11173,98
2021-12-26,Alameda,001,1643700,133393,127221,3418,130639,1525
2021-12-26,Alpine,002,1148,110,113,0,113,0
2021-12-26,Amador,005,37829,5947,5861,79,5940,70
2021-12-26,Butte,007,227075,22670,22087,4248,26335,330
2021-12-26,Calaveras,009,45235,4684,4591,67,4658,91
2021-12-26,Colusa,011,21464,2677,2647,705,3352,21
2021-12-26,Contra Costa,013,1133247,108938,105022,2725,107747,1071
2021-12-26,Del Norte,015,27424,3847,3795,57,3852,43
2021-12-26,El Dorado,017,186661,17753,17188,1893,19081,172
2021-12-26,Fresno,019,978130,150630,148027,13512,161539,2358
2021-12-26,Glenn,021,27897,3681,3611,1061,4672,39
2021-12-26,Humboldt,023,135768,10458,10052,771,10823,119
2021-12-26,Imperial,025,180216,37666,36878,4202,41080,800
2021-12-26,Inyo,027,18085,2738,2636,40,2676,47
2021-12-26,Kern,029,883053,136686,134591,25143,159734,1908
2021-12-26,Kings,031,150075,34583,34009,2080,36089,379
2021-12-26,Lake,033,64148,7103,7019,176,7195,116
2021-12-26,Lassen,035,31185,7117,7072,429,7501,55
2021-12-26,Los Angeles,037,10098052,1591953,1515469,64095,1579564,27257
2021-12-26,Madera,039,155013,25090,24741,2404,27145,320
2021-12-26,Marin,041,260295,20452,19085,782,19867,249
2021-12-26,Mariposa,043,17540,1530,1480,63,1543,6
2021-12-26,Mendocino,045,87422,8487,8314,706,9020,98
2021-12-26,Merced,047,269075,44621,44208,2224,46432,690
2021-12-26,Modoc,049,8938,602,597,207,804,6
2021-12-26,Mono,051,14174,2098,2000,25,2025,4
2021-12-26,Monterey,053,433212,51774,49709,3573,53282,638
2021-12-26,Napa,055,140530,14409,13809,193,14002,107
2021-12-26,Nevada,057,99092,10386,10153,366,10519,110
2021-12-26,Orange,059,3164182,336426,322991,19341,342332,5863
2021-12-26,Placer,061,380077,41026,39852,4161,44013,489
2021-12-26,Plumas,063,18699,2037,1987,52,2039,12
2021-12-26,Riverside,065,2383286,397645,384567,17576,402143,5470
2021-12-26,Sacramento,067,1510023,173347,169144,5607,174751,2418
2021-12-26,San Benito,069,59416,8201,7991,194,8185,79
2021-12-26,San Bernardino,071,2135413,388433,376052,12677,388729,6043
2021-12-26,San Diego,073,3302833,424131,406616,25238,431854,4442
2021-12-26,San Francisco,075,870044,64586,58229,2863,61092,682
2021-12-26,San Joaquin,077,732212,106669,104590,5815,110405,1872
2021-12-26,San Luis Obispo,079,281455,32266,31290,1468,32758,365
2021-12-26,San Mateo,081,765935,62350,56973,1219,58192,581
2021-12-26,Santa Barbara,083,443738,49172,47553,1716,49269,567
2021-12-26,Santa Clara,085,1922200,164571,156872,2112,158984,1967
2021-12-26,Santa Cruz,087,273765,23037,22176,1105,23281,228
2021-12-26,Shasta,089,179085,23212,22959,3765,26724,432
2021-12-26,Sierra,091,2930,212,202,21,223,0
2021-12-26,Siskiyou,093,43540,3527,3460,1391,4851,60
2021-12-26,Solano,095,438530,49062,47646,1459,49105,377
2021-12-26,Sonoma,097,501317,46089,44358,675,45033,408
2021-12-26,Stanislaus,099,539301,83872,83368,9590,92958,1331
2021-12-26,Sutter,101,95872,14693,14533,423,14956,191
2021-12-26,Tehama,103,63373,9011,8861,1569,10430,136
2021-12-26,Trinity,105,12862,917,826,220,1046,17
2021-12-26,Tulare,107,460477,72784,71292,16843,88135,1137
2021-12-26,Tuolumne,109,53932,8088,7919,122,8041,91
2021-12-26,Ventura,111,848112,108056,103498,5140,108638,1206
2021-12-26,Yolo,113,214977,21900,21084,1207,22291,270
2021-12-26,Yuba,115,75493,10858,10694,412,11106,98
2021-12-25,Alameda,001,1643700,132304,127221,3353,130574,1525
2021-12-25,Alpine,002,1148,110,113,0,113,0
2021-12-25,Amador,005,37829,5928,5861,79,5940,70
2021-12-25,Butte,007,227075,22572,22087,4231,26318,330
2021-12-25,Calaveras,009,45235,4655,4591,66,4657,91
2021-12-25,Colusa,011,21464,2672,2647,699,3346,21
2021-12-25,Contra Costa,013,1133247,108116,105022,2671,107693,1071
2021-12-25,Del Norte,015,27424,3840,3795,56,3851,43
2021-12-25,El Dorado,017,186661,17700,17188,1882,19070,172
2021-12-25,Fresno,019,978130,150314,148027,13464,161491,2358
2021-12-25,Glenn,021,27897,3670,3611,1057,4668,39
2021-12-25,Humboldt,023,135768,10376,10052,764,10816,119
2021-12-25,Imperial,025,180216,37544,36878,4180,41058,800
2021-12-25,Inyo,027,18085,2718,2636,40,2676,47
2021-12-25,Kern,029,883053,136339,134591,25017,159608,1908
2021-12-25,Kings,031,150075,34493,34009,2073,36082,379
2021-12-25,Lake,033,64148,7091,7019,174,7193,116
2021-12-25,Lassen,035,31185,7115,7072,429,7501,55
2021-12-25,Los Angeles,037,10098052,1579130,1515469,62753,1578222,27257
2021-12-25,Madera,039,155013,25040,24741,2398,27139,320
2021-12-25,Marin,041,260295,20110,19085,733,19818,249
2021-12-25,Mariposa,043,17540,1524,1480,63,1543,6
2021-12-25,Mendocino,045,87422,8449,8314,706,9020,98
2021-12-25,Merced,047,269075,44519,44208,2222,46430,690
2021-12-25,Modoc,049,8938,602,597,207,804,6
2021-12-25,Mono,051,14174,2081,2000,25,2025,4
2021-12-25,Monterey,053,433212,51607,49709,3538,53247,638
2021-12-25,Napa,055,140530,14294,13809,185,13994,107
2021-12-25,Nevada,057,99092,10357,10153,366,10519,110
2021-12-25,Orange,059,3164182,333545,322991,18770,341761,5863
2021-12-25,Placer,061,380077,40842,39852,4127,43979,489
2021-12-25,Plumas,063,18699,2035,1987,52,2039,12
2021-12-25,Riverside,065,2383286,395364,384567,17457,402024,5470
2021-12-25,Sacramento,067,1510023,172531,169144,5502,174646,2418
2021-12-25,San Benito,069,59416,8136,7991,194,8185,79
2021-12-25,San Bernardino,071,2135413,386191,376052,12544,388596,6043
2021-12-25,San Diego,073,3302833,420062,406616,24968,431584,4442
2021-12-25,San Francisco,075,870044,63555,58229,2827,61056,682
2021-12-25,San Joaquin,077,732212,106332,104590,5783,110373,1872
2021-12-25,San Luis Obispo,079,281455,32113,31290,1459,32749,365
2021-12-25,San Mateo,081,765935,61317,56973,1176,58149,581
2021-12-25,Santa Barbara,083,443738,48808,47553,1704,49257,567
2021-12-25,Santa Clara,085,1922200,163085,156872,2045,158917,1967
2021-12-25,Santa Cruz,087,273765,22877,22176,1099,23275,228
2021-12-25,Shasta,089,179085,23179,22959,3759,26718,432
2021-12-25,Sierra,091,2930,212,202,21,223,0
2021-12-25,Siskiyou,093,43540,3524,3460,1385,4845,60
2021-12-25,Solano,095,438530,48937,47646,1441,49087,377
2021-12-25,Sonoma,097,501317,45705,44358,649,45007,408
2021-12-25,Stanislaus,099,539301,83658,83368,9564,92932,1331
2021-12-25,Sutter,101,95872,14652,14533,421,14954,191
2021-12-25,Tehama,103,63373,8991,8861,1565,10426,136
2021-12-25,Trinity,105,12862,916,826,220,1046,17
2021-12-25,Tulare,107,460477,72650,71292,16765,88057,1137
2021-12-25,Tuolumne,109,53932,8057,7919,122,8041,91
2021-12-25,Ventura,111,848112,106883,103498,5034,108532,1206
2021-12-25,Yolo,113,214977,21790,21084,1186,22270,270
2021-12-25,Yuba,115,75493,10831,10694,411,11105,98
2021-12-24,Alameda,001,1643700,131679,127221,3336,130557,1525
2021-12-24,Alpine,002,1148,110,113,0,113,0
2021-12-24,Amador,005,37829,5920,5861,78,5939,70
2021-12-24,Butte,007,227075,22515,22087,4214,26301,330
2021-12-24,Calaveras,009,45235,4649,4591,66,4657,91
2021-12-24,Colusa,011,21464,2670,2647,698,3345,21
2021-12-24,Contra Costa,013,1133247,107798,105022,2638,107660,1071
2021-12-24,Del Norte,015,27424,3833,3795,56,3851,43
2021-12-24,El Dorado,017,186661,17645,17188,1877,19065,172
2021-12-24,Fresno,019,978130,150147,148027,13451,161478,2358
2021-12-24,Glenn,021,27897,3669,3611,1057,4668,39
2021-12-24,Humboldt,023,135768,10321,10052,759,10811,119
2021-12-24,Imperial,025,180216,37461,36878,4176,41054,800
2021-12-24,Inyo,027,18085,2698,2636,40,2676,47
2021-12-24,Kern,029,883053,136216,134591,24975,159566,1908
2021-12-24,Kings,031,150075,34424,34009,2072,36081,379
2021-12-24,Lake,033,64148,7087,7019,174,7193,116
2021-12-24,Lassen,035,31185,7112,7072,429,7501,55
2021-12-24,Los Angeles,037,10098052,1574253,1515469,62226,1577695,27257
2021-12-24,Madera,039,155013,25005,24741,2393,27134,320
2021-12-24,Marin,041,260295,19964,19085,702,19787,249
2021-12-24,Mariposa,043,17540,1522,1480,63,1543,6
2021-12-24,Mendocino,045,87422,8432,8314,706,9020,98
2021-12-24,Merced,047,269075,44469,44208,2220,46428,690
2021-12-24,Modoc,049,8938,602,597,207,804,6
2021-12-24,Mono,051,14174,2068,2000,25,2025,4
2021-12-24,Monterey,053,433212,51511,49709,3512,53221,638
2021-12-24,Napa,055,140530,14229,13809,181,13990,107
2021-12-24,Nevada,057,99092,10331,10153,364,10517,110
2021-12-24,Orange,059,3164182,332480,322991,18610,341601,5863
2021-12-24,Placer,061,380077,40721,39852,4111,43963,489
2021-12-24,Plumas,063,18699,2034,1987,52,2039,12
2021-12-24,Riverside,065,2383286,394367,384567,17367,401934,5470
2021-12-24,Sacramento,067,1510023,172215,169144,5467,174611,2418
2021-12-24,San Benito,069,59416,8127,7991,193,8184,79
2021-12-24,San Bernardino,071,2135413,385047,376052,12471,388523,6043
2021-12-24,San Diego,073,3302833,418939,406616,24841,431457,4442
2021-12-24,San Francisco,075,870044,63048,58229,2810,61039,682
2021-12-24,San Joaquin,077,732212,106137,104590,5775,110365,1872
2021-12-24,San Luis Obispo,079,281455,32051,31290,1449,32739,365
2021-12-24,San Mateo,081,765935,60884,56973,1153,58126,581
2021-12-24,Santa Barbara,083,443738,48603,47553,1697,49250,567
2021-12-24,Santa Clara,085,1922200,162259,156872,2011,158883,1967
2021-12-24,Santa Cruz,087,273765,22794,22176,1096,23272,228
2021-12-24,Shasta,089,179085,23145,22959,3755,26714,432
2021-12-24,Sierra,091,2930,211,202,21,223,0
2021-12-24,Siskiyou,093,43540,3519,3460,1381,4841,60
2021-12-24,Solano,095,438530,48885,47646,1439,49085,377
2021-12-24,Sonoma,097,501317,45539,44358,641,44999,408
2021-12-24,Stanislaus,099,539301,83547,83368,9541,92909,1331
2021-12-24,Sutter,101,95872,14632,14533,418,14951,191
2021-12-24,Tehama,103,63373,8982,8861,1562,10423,136
2021-12-24,Trinity,105,12862,914,826,220,1046,17
2021-12-24,Tulare,107,460477,72582,71292,16723,88015,1137
2021-12-24,Tuolumne,109,53932,8032,7919,122,8041,91
2021-12-24,Ventura,111,848112,106436,103498,4978,108476,1206
2021-12-24,Yolo,113,214977,21716,21084,1168,22252,270
2021-12-24,Yuba,115,75493,10807,10694,410,11104,98
2021-12-23,Alameda,001,1643700,130944,127221,3301,130522,1525
2021-12-23,Alpine,002,1148,110,113,0,113,0
2021-12-23,Amador,005,37829,5908,5861,76,5937,70
2021-12-23,Butte,007,227075,22462,22087,4203,26290,330
2021-12-23,Calaveras,009,45235,4638,4591,66,4657,91
2021-12-23,Colusa,011,21464,2664,2647,694,3341,21
2021-12-23,Contra Costa,013,1133247,107368,105022,2595,107617,1071
2021-12-23,Del Norte,015,27424,3830,3795,56,3851,43
2021-12-23,El Dorado,017,186661,17581,17188,1871,19059,172
2021-12-23,Fresno,019,978130,149942,148027,13433,161460,2358
2021-12-23,Glenn,021,27897,3665,3611,1057,4668,39
2021-12-23,Humboldt,023,135768,10268,10052,756,10808,119
2021-12-23,Imperial,025,180216,37387,36878,4149,41027,800
2021-12-23,Inyo,027,18085,2685,2636,40,2676,47
2021-12-23,Kern,029,883053,136066,134591,24879,159470,1908
2021-12-23,Kings,031,150075,34383,34009,2071,36080,379
2021-12-23,Lake,033,64148,7075,7019,172,7191,116
2021-12-23,Lassen,035,31185,7111,7072,429,7501,55
2021-12-23,Los Angeles,037,10098052,1564693,1515469,61150,1576619,27257
2021-12-23,Madera,039,155013,24972,24741,2389,27130,320
2021-12-23,Marin,041,260295,19830,19085,685,19770,249
2021-12-23,Mariposa,043,17540,1517,1480,63,1543,6
2021-12-23,Mendocino,045,87422,8423,8314,706,9020,98
2021-12-23,Merced,047,269075,44420,44208,2218,46426,690
2021-12-23,Modoc,049,8938,602,597,207,804,6
2021-12-23,Mono,051,14174,2047,2000,24,2024,4
2021-12-23,Monterey,053,433212,51389,49709,3491,53200,638
2021-12-23,Napa,055,140530,14150,13809,176,13985,107
2021-12-23,Nevada,057,99092,10307,10153,363,10516,110
2021-12-23,Orange,059,3164182,330792,322991,18280,341271,5863
2021-12-23,Placer,061,380077,40598,39852,4095,43947,489
2021-12-23,Plumas,063,18699,2034,1987,52,2039,12
2021-12-23,Riverside,065,2383286,393149,384567,17298,401865,5470
2021-12-23,Sacramento,067,1510023,171759,169144,5420,174564,2418
2021-12-23,San Benito,069,59416,8108,7991,191,8182,79
2021-12-23,San Bernardino,071,2135413,383857,376052,12366,388418,6043
2021-12-23,San Diego,073,3302833,417088,406616,24643,431259,4442
2021-12-23,San Francisco,075,870044,62317,58229,2782,61011,682
2021-12-23,San Joaquin,077,732212,105919,104590,5762,110352,1872
2021-12-23,San Luis Obispo,079,281455,31979,31290,1445,32735,365
2021-12-23,San Mateo,081,765935,60322,56973,1133,58106,581
2021-12-23,Santa Barbara,083,443738,48404,47553,1695,49248,567
2021-12-23,Santa Clara,085,1922200,161352,156872,1952,158824,1967
2021-12-23,Santa Cruz,087,273765,22679,22176,1084,23260,228
2021-12-23,Shasta,089,179085,23114,22959,3752,26711,432
2021-12-23,Sierra,091,2930,208,202,21,223,0
2021-12-23,Siskiyou,093,43540,3519,3460,1379,4839,60
2021-12-23,Solano,095,438530,48777,47646,1423,49069,377
2021-12-23,Sonoma,097,501317,45362,44358,640,44998,408
2021-12-23,Stanislaus,099,539301,83418,83368,9521,92889,1331
2021-12-23,Sutter,101,95872,14615,14533,417,14950,191
2021-12-23,Tehama,103,63373,8970,8861,1558,10419,136
2021-12-23,Trinity,105,12862,914,826,220,1046,17
2021-12-23,Tulare,107,460477,72506,71292,16680,87972,1137
2021-12-23,Tuolumne,109,53932,8014,7919,121,8040,91
2021-12-23,Ventura,111,848112,105901,103498,4912,108410,1206
2021-12-23,Yolo,113,214977,21644,21084,1150,22234,270
2021-12-23,Yuba,115,75493,10794,10694,410,11104,98
2021-12-22,Alameda,001,1643700,129987,126533,3218,129751,1522
2021-12-22,Alpine,002,1148,110,112,0,112,0
2021-12-22,Amador,005,37829,5895,5850,75,5925,70
2021-12-22,Butte,007,227075,22410,22070,4189,26259,330
2021-12-22,Calaveras,009,45235,4629,4580,66,4646,91
2021-12-22,Colusa,011,21464,2664,2645,691,3336,21
2021-12-22,Contra Costa,013,1133247,106730,104559,2551,107110,1070
2021-12-22,Del Norte,015,27424,3830,3794,56,3850,43
2021-12-22,El Dorado,017,186661,17519,17140,1862,19002,172
2021-12-22,Fresno,019,978130,149663,147838,13401,161239,2349
2021-12-22,Glenn,021,27897,3660,3604,1057,4661,39
2021-12-22,Humboldt,023,135768,10206,10022,751,10773,119
2021-12-22,Imperial,025,180216,37301,36755,4112,40867,798
2021-12-22,Inyo,027,18085,2667,2632,40,2672,47
2021-12-22,Kern,029,883053,135831,134433,24797,159230,1900
2021-12-22,Kings,031,150075,34333,33953,2064,36017,376
2021-12-22,Lake,033,64148,7068,7008,170,7178,116
2021-12-22,Lassen,035,31185,7106,7069,428,7497,55
2021-12-22,Los Angeles,037,10098052,1551138,1507110,59991,1567101,27234
2021-12-22,Madera,039,155013,24934,24702,2385,27087,320
2021-12-22,Marin,041,260295,19609,18927,662,19589,249
2021-12-22,Mariposa,043,17540,1510,1480,63,1543,6
2021-12-22,Mendocino,045,87422,8414,8299,706,9005,99
2021-12-22,Merced,047,269075,44349,44137,2215,46352,689
2021-12-22,Modoc,049,8938,602,595,207,802,6
2021-12-22,Mono,051,14174,2043,1979,24,2003,4
2021-12-22,Monterey,053,433212,51234,49650,3474,53124,639
2021-12-22,Napa,055,140530,14023,13746,166,13912,107
2021-12-22,Nevada,057,99092,10279,10101,358,10459,110
2021-12-22,Orange,059,3164182,328489,321765,17852,339617,5858
2021-12-22,Placer,061,380077,40416,39758,4058,43816,489
2021-12-22,Plumas,063,18699,2030,1986,52,2038,12
2021-12-22,Riverside,065,2383286,391318,383319,17185,400504,5472
2021-12-22,Sacramento,067,1510023,171099,168695,5360,174055,2422
2021-12-22,San Benito,069,59416,8056,7971,189,8160,79
2021-12-22,San Bernardino,071,2135413,382131,375044,12281,387325,6039
2021-12-22,San Diego,073,3302833,412970,404269,24314,428583,4434
2021-12-22,San Francisco,075,870044,61331,57520,2740,60260,682
2021-12-22,San Joaquin,077,732212,105649,104385,5748,110133,1870
2021-12-22,San Luis Obispo,079,281455,31838,31175,1425,32600,365
2021-12-22,San Mateo,081,765935,59640,56604,1103,57707,581
2021-12-22,Santa Barbara,083,443738,48147,47372,1679,49051,566
2021-12-22,Santa Clara,085,1922200,160228,156258,1911,158169,1954
2021-12-22,Santa Cruz,087,273765,22573,22075,1079,23154,228
2021-12-22,Shasta,089,179085,23085,22937,3747,26684,432
2021-12-22,Sierra,091,2930,208,202,21,223,0
2021-12-22,Siskiyou,093,43540,3516,3458,1376,4834,59
2021-12-22,Solano,095,438530,48548,47531,1410,48941,375
2021-12-22,Sonoma,097,501317,45087,44201,629,44830,408
2021-12-22,Stanislaus,099,539301,83277,83245,9501,92746,1331
2021-12-22,Sutter,101,95872,14579,14513,414,14927,191
2021-12-22,Tehama,103,63373,8957,8853,1554,10407,136
2021-12-22,Trinity,105,12862,914,826,220,1046,17
2021-12-22,Tulare,107,460477,72407,71226,16632,87858,1137
2021-12-22,Tuolumne,109,53932,7993,7903,121,8024,91
2021-12-22,Ventura,111,848112,105295,103089,4807,107896,1206
2021-12-22,Yolo,113,214977,21569,21012,1136,22148,270
2021-12-22,Yuba,115,75493,10777,10681,410,11091,98
2021-12-21,Alameda,001,1643700,128963,126007,3163,129170,1518
2021-12-21,Alpine,002,1148,110,112,0,112,0
2021-12-21,Amador,005,37829,5885,5845,75,5920,70
2021-12-21,Butte,007,227075,22346,22041,4175,26216,330
2021-12-21,Calaveras,009,45235,4616,4575,66,4641,91
2021-12-21,Colusa,011,21464,2662,2643,690,3333,21
2021-12-21,Contra Costa,013,1133247,106100,104255,2486,106741,1068
2021-12-21,Del Norte,015,27424,3829,3793,56,3849,43
2021-12-21,El Dorado,017,186661,17456,17098,1850,18948,172
2021-12-21,Fresno,019,978130,149373,147707,13366,161073,2341
2021-12-21,Glenn,021,27897,3646,3602,1057,4659,39
2021-12-21,Humboldt,023,135768,10142,9989,746,10735,118
2021-12-21,Imperial,025,180216,37203,36580,4071,40651,792
2021-12-21,Inyo,027,18085,2656,2627,40,2667,47
2021-12-21,Kern,029,883053,135622,134321,24692,159013,1892
2021-12-21,Kings,031,150075,34273,33914,2063,35977,376
2021-12-21,Lake,033,64148,7063,7004,168,7172,116
2021-12-21,Lassen,035,31185,7104,7069,428,7497,55
2021-12-21,Los Angeles,037,10098052,1537234,1501169,58970,1560139,27220
2021-12-21,Madera,039,155013,24897,24688,2378,27066,320
2021-12-21,Marin,041,260295,19439,18828,627,19455,249
2021-12-21,Mariposa,043,17540,1509,1480,62,1542,6
2021-12-21,Mendocino,045,87422,8398,8282,704,8986,97
2021-12-21,Merced,047,269075,44277,44096,2211,46307,688
2021-12-21,Modoc,049,8938,600,595,205,800,6
2021-12-21,Mono,051,14174,2024,1979,24,2003,4
2021-12-21,Monterey,053,433212,51143,49586,3457,53043,638
2021-12-21,Napa,055,140530,13922,13703,155,13858,107
2021-12-21,Nevada,057,99092,10250,10095,358,10453,110
2021-12-21,Orange,059,3164182,326353,320705,17404,338109,5855
2021-12-21,Placer,061,380077,40276,39649,4029,43678,487
2021-12-21,Plumas,063,18699,2030,1975,52,2027,12
2021-12-21,Riverside,065,2383286,389590,382415,17066,399481,5465
2021-12-21,Sacramento,067,1510023,170453,168422,5305,173727,2419
2021-12-21,San Benito,069,59416,8017,7950,186,8136,79
2021-12-21,San Bernardino,071,2135413,380456,374219,12169,386388,6026
2021-12-21,San Diego,073,3302833,409240,402386,23976,426362,4424
2021-12-21,San Francisco,075,870044,60368,56950,2707,59657,681
2021-12-21,San Joaquin,077,732212,105365,104238,5729,109967,1870
2021-12-21,San Luis Obispo,079,281455,31674,31103,1413,32516,365
2021-12-21,San Mateo,081,765935,59023,56381,1080,57461,581
2021-12-21,Santa Barbara,083,443738,47919,47194,1664,48858,564
2021-12-21,Santa Clara,085,1922200,159205,155769,1869,157638,1951
2021-12-21,Santa Cruz,087,273765,22456,22028,1069,23097,228
2021-12-21,Shasta,089,179085,23054,22920,3743,26663,429
2021-12-21,Sierra,091,2930,206,201,21,222,0
2021-12-21,Siskiyou,093,43540,3515,3455,1376,4831,59
2021-12-21,Solano,095,438530,48394,47474,1403,48877,372
2021-12-21,Sonoma,097,501317,44865,44051,619,44670,408
2021-12-21,Stanislaus,099,539301,83123,83167,9470,92637,1331
2021-12-21,Sutter,101,95872,14556,14492,413,14905,190
2021-12-21,Tehama,103,63373,8949,8849,1549,10398,136
2021-12-21,Trinity,105,12862,913,826,220,1046,17
2021-12-21,Tulare,107,460477,72313,71166,16591,87757,1137
2021-12-21,Tuolumne,109,53932,7969,7893,121,8014,91
2021-12-21,Ventura,111,848112,104677,102631,4694,107325,1205
2021-12-21,Yolo,113,214977,21463,20944,1132,22076,267
2021-12-21,Yuba,115,75493,10760,10668,410,11078,98
2021-12-20,Alameda,001,1643700,127999,125762,3094,128856,1515
2021-12-20,Alpine,002,1148,110,112,0,112,0
2021-12-20,Amador,005,37829,5871,5838,75,5913,70
2021-12-20,Butte,007,227075,22284,22030,4161,26191,329
2021-12-20,Calaveras,009,45235,4606,4569,66,4635,91
2021-12-20,Colusa,011,21464,2661,2644,690,3334,21
2021-12-20,Contra Costa,013,1133247,105567,104051,2438,106489,1068
2021-12-20,Del Norte,015,27424,3827,3792,56,3848,43
2021-12-20,El Dorado,017,186661,17395,17083,1842,18925,172
2021-12-20,Fresno,019,978130,149132,147605,13336,160941,2341
2021-12-20,Glenn,021,27897,3640,3597,1057,4654,39
2021-12-20,Humboldt,023,135768,10100,9973,742,10715,118
2021-12-20,Imperial,025,180216,37087,36532,4041,40573,792
2021-12-20,Inyo,027,18085,2653,2615,40,2655,47
2021-12-20,Kern,029,883053,135423,134203,24632,158835,1883
2021-12-20,Kings,031,150075,34231,33898,2062,35960,376
2021-12-20,Lake,033,64148,7058,6999,168,7167,116
2021-12-20,Lassen,035,31185,7102,7065,427,7492,55
2021-12-20,Los Angeles,037,10098052,1525744,1495251,58244,1553495,27188
2021-12-20,Madera,039,155013,24868,24668,2374,27042,313
2021-12-20,Marin,041,260295,19224,18747,609,19356,249
2021-12-20,Mariposa,043,17540,1500,1479,62,1541,6
2021-12-20,Mendocino,045,87422,8386,8264,702,8966,96
2021-12-20,Merced,047,269075,44220,44071,2206,46277,687
2021-12-20,Modoc,049,8938,600,595,202,797,6
2021-12-20,Mono,051,14174,2001,1973,24,1997,4
2021-12-20,Monterey,053,433212,51047,49556,3437,52993,636
2021-12-20,Napa,055,140530,13837,13672,145,13817,107
2021-12-20,Nevada,057,99092,10210,10079,357,10436,109
2021-12-20,Orange,059,3164182,324743,320235,17090,337325,5852
2021-12-20,Placer,061,380077,40146,39579,3999,43578,485
2021-12-20,Plumas,063,18699,2027,1971,50,2021,12
2021-12-20,Riverside,065,2383286,388143,381841,16977,398818,5452
2021-12-20,Sacramento,067,1510023,169883,168153,5265,173418,2414
2021-12-20,San Benito,069,59416,7973,7934,184,8118,79
2021-12-20,San Bernardino,071,2135413,378919,373881,12084,385965,6023
2021-12-20,San Diego,073,3302833,406025,401483,23736,425219,4412
2021-12-20,San Francisco,075,870044,59308,56661,2650,59311,681
2021-12-20,San Joaquin,077,732212,105123,104188,5718,109906,1865
2021-12-20,San Luis Obispo,079,281455,31560,31075,1405,32480,365
2021-12-20,San Mateo,081,765935,58475,56247,1061,57308,581
2021-12-20,Santa Barbara,083,443738,47707,47131,1659,48790,562
2021-12-20,Santa Clara,085,1922200,158244,155427,1820,157247,1950
2021-12-20,Santa Cruz,087,273765,22376,21989,1064,23053,227
2021-12-20,Shasta,089,179085,23033,22888,3738,26626,429
2021-12-20,Sierra,091,2930,205,201,21,222,0
2021-12-20,Siskiyou,093,43540,3514,3453,1374,4827,59
2021-12-20,Solano,095,438530,48266,47394,1395,48789,370
2021-12-20,Sonoma,097,501317,44675,43982,611,44593,408
2021-12-20,Stanislaus,099,539301,82997,83110,9441,92551,1331
2021-12-20,Sutter,101,95872,14533,14480,413,14893,190
2021-12-20,Tehama,103,63373,8941,8840,1546,10386,136
2021-12-20,Trinity,105,12862,913,826,220,1046,17
2021-12-20,Tulare,107,460477,72219,71124,16533,87657,1129
2021-12-20,Tuolumne,109,53932,7955,7867,117,7984,91
2021-12-20,Ventura,111,848112,104170,102452,4618,107070,1203
2021-12-20,Yolo,113,214977,21369,20903,1120,22023,267
2021-12-20,Yuba,115,75493,10744,10656,407,11063,97
2021-12-19,Alameda,001,1643700,127106,125464,3054,128518,1519
2021-12-19,Alpine,002,1148,110,112,0,112,0
2021-12-19,Amador,005,37829,5859,5832,74,5906,70
2021-12-19,Butte,007,227075,22229,22022,4153,26175,329
2021-12-19,Calaveras,009,45235,4590,4563,65,4628,91
2021-12-19,Colusa,011,21464,2661,2643,687,3330,21
2021-12-19,Contra Costa,013,1133247,105077,103906,2404,106310,1068
2021-12-19,Del Norte,015,27424,3823,3797,56,3853,43
2021-12-19,El Dorado,017,186661,17336,17067,1840,18907,172
2021-12-19,Fresno,019,978130,148891,147505,13311,160816,2341
2021-12-19,Glenn,021,27897,3636,3596,1056,4652,39
2021-12-19,Humboldt,023,135768,10057,9957,737,10694,118
2021-12-19,Imperial,025,180216,36958,36501,3998,40499,792
2021-12-19,Inyo,027,18085,2644,2613,40,2653,47
2021-12-19,Kern,029,883053,135224,134136,24564,158700,1883
2021-12-19,Kings,031,150075,34172,33874,2058,35932,378
2021-12-19,Lake,033,64148,7049,6999,165,7164,116
2021-12-19,Lassen,035,31185,7098,7065,427,7492,55
2021-12-19,Los Angeles,037,10098052,1516737,1495082,57643,1552725,27189
2021-12-19,Madera,039,155013,24843,24642,2368,27010,313
2021-12-19,Marin,041,260295,19048,18707,586,19293,249
2021-12-19,Mariposa,043,17540,1494,1475,62,1537,6
2021-12-19,Mendocino,045,87422,8369,8257,699,8956,96
2021-12-19,Merced,047,269075,44125,44045,2199,46244,687
2021-12-19,Modoc,049,8938,599,595,202,797,6
2021-12-19,Mono,051,14174,1990,1968,23,1991,4
2021-12-19,Monterey,053,433212,50945,49516,3416,52932,636
2021-12-19,Napa,055,140530,13764,13659,136,13795,107
2021-12-19,Nevada,057,99092,10174,10057,354,10411,109
2021-12-19,Orange,059,3164182,323331,319615,16863,336478,5852
2021-12-19,Placer,061,380077,40025,39525,3983,43508,485
2021-12-19,Plumas,063,18699,2024,1971,50,2021,12
2021-12-19,Riverside,065,2383286,386697,381305,16902,398207,5452
2021-12-19,Sacramento,067,1510023,169388,167933,5236,173169,2415
2021-12-19,San Benito,069,59416,7948,7929,183,8112,79
2021-12-19,San Bernardino,071,2135413,377588,373480,12046,385526,6023
2021-12-19,San Diego,073,3302833,403546,398197,23540,421737,4406
2021-12-19,San Francisco,075,870044,58429,56358,2594,58952,681
2021-12-19,San Joaquin,077,732212,104864,104125,5704,109829,1865
2021-12-19,San Luis Obispo,079,281455,31436,31035,1394,32429,366
2021-12-19,San Mateo,081,765935,58009,56132,1046,57178,581
2021-12-19,Santa Barbara,083,443738,47484,47070,1652,48722,562
2021-12-19,Santa Clara,085,1922200,157356,155049,1794,156843,1950
2021-12-19,Santa Cruz,087,273765,22277,21960,1059,23019,227
2021-12-19,Shasta,089,179085,22996,22875,3734,26609,429
2021-12-19,Sierra,091,2930,204,201,21,222,0
2021-12-19,Siskiyou,093,43540,3511,3452,1374,4826,59
2021-12-19,Solano,095,438530,48144,47341,1389,48730,370
2021-12-19,Sonoma,097,501317,44491,43944,609,44553,408
2021-12-19,Stanislaus,099,539301,82859,83040,9409,92449,1331
2021-12-19,Sutter,101,95872,14493,14475,412,14887,190
2021-12-19,Tehama,103,63373,8933,8840,1546,10386,136
2021-12-19,Trinity,105,12862,913,826,220,1046,17
2021-12-19,Tulare,107,460477,72126,71085,16491,87576,1129
2021-12-19,Tuolumne,109,53932,7938,7865,116,7981,91
2021-12-19,Ventura,111,848112,103590,102170,4553,106723,1203
2021-12-19,Yolo,113,214977,21287,20887,1102,21989,267
2021-12-19,Yuba,115,75493,10727,10646,405,11051,97
2021-12-18,Alameda,001,1643700,126695,124583,3027,127610,1512
2021-12-18,Alpine,002,1148,110,110,0,110,0
2021-12-18,Amador,005,37829,5853,5821,74,5895,69
2021-12-18,Butte,007,227075,22213,21956,4148,26104,328
2021-12-18,Calaveras,009,45235,4583,4534,65,4599,91
2021-12-18,Colusa,011,21464,2657,2635,685,3320,21
2021-12-18,Contra Costa,013,1133247,104862,103380,2390,105770,1065
2021-12-18,Del Norte,015,27424,3820,3791,56,3847,43
2021-12-18,El Dorado,017,186661,17308,16968,1837,18805,171
2021-12-18,Fresno,019,978130,148788,147038,13297,160335,2335
2021-12-18,Glenn,021,27897,3633,3590,1056,4646,39
2021-12-18,Humboldt,023,135768,10041,9889,737,10626,118
2021-12-18,Imperial,025,180216,36885,36280,3986,40266,790
2021-12-18,Inyo,027,18085,2638,2607,40,2647,47
2021-12-18,Kern,029,883053,135134,133754,24519,158273,1873
2021-12-18,Kings,031,150075,34139,33783,2054,35837,374
2021-12-18,Lake,033,64148,7048,6976,165,7141,115
2021-12-18,Lassen,035,31185,7096,7061,426,7487,55
2021-12-18,Los Angeles,037,10098052,1512638,1484840,57330,1542170,27135
2021-12-18,Madera,039,155013,24828,24575,2366,26941,313
2021-12-18,Marin,041,260295,18948,18537,574,19111,249
2021-12-18,Mariposa,043,17540,1493,1468,62,1530,6
2021-12-18,Mendocino,045,87422,8363,8219,699,8918,95
2021-12-18,Merced,047,269075,44090,43929,2198,46127,686
2021-12-18,Modoc,049,8938,597,595,202,797,6
2021-12-18,Mono,051,14174,1988,1956,23,1979,4
2021-12-18,Monterey,053,433212,50887,49343,3411,52754,635
2021-12-18,Napa,055,140530,13738,13581,134,13715,107
2021-12-18,Nevada,057,99092,10152,9991,352,10343,108
2021-12-18,Orange,059,3164182,322664,318149,16727,334876,5844
2021-12-18,Placer,061,380077,39924,39336,3969,43305,485
2021-12-18,Plumas,063,18699,2024,1964,50,2014,13
2021-12-18,Riverside,065,2383286,386000,379354,16861,396215,5439
2021-12-18,Sacramento,067,1510023,169151,167046,5216,172262,2404
2021-12-18,San Benito,069,59416,7933,7894,183,8077,79
2021-12-18,San Bernardino,071,2135413,376917,371658,12018,383676,6017
2021-12-18,San Diego,073,3302833,402581,397130,23488,420618,4399
2021-12-18,San Francisco,075,870044,57935,55562,2564,58126,679
2021-12-18,San Joaquin,077,732212,104777,103698,5694,109392,1858
2021-12-18,San Luis Obispo,079,281455,31394,30873,1388,32261,365
2021-12-18,San Mateo,081,765935,57769,55730,1041,56771,580
2021-12-18,Santa Barbara,083,443738,47388,46776,1650,48426,562
2021-12-18,Santa Clara,085,1922200,156900,154243,1781,156024,1946
2021-12-18,Santa Cruz,087,273765,22225,21805,1057,22862,225
2021-12-18,Shasta,089,179085,22975,22811,3734,26545,429
2021-12-18,Sierra,091,2930,204,199,21,220,0
2021-12-18,Siskiyou,093,43540,3509,3441,1373,4814,58
2021-12-18,Solano,095,438530,48098,47174,1387,48561,369
2021-12-18,Sonoma,097,501317,44381,43658,605,44263,407
2021-12-18,Stanislaus,099,539301,82777,82736,9397,92133,1330
2021-12-18,Sutter,101,95872,14475,14435,412,14847,190
2021-12-18,Tehama,103,63373,8926,8814,1545,10359,136
2021-12-18,Trinity,105,12862,913,823,220,1043,17
2021-12-18,Tulare,107,460477,72088,70922,16466,87388,1120
2021-12-18,Tuolumne,109,53932,7924,7834,116,7950,91
2021-12-18,Ventura,111,848112,103305,101612,4531,106143,1201
2021-12-18,Yolo,113,214977,21247,20793,1097,21890,267
2021-12-18,Yuba,115,75493,10716,10599,405,11004,96
2021-12-17,Alameda,001,1643700,126351,124583,3008,127591,1512
2021-12-17,Alpine,002,1148,110,110,0,110,0
2021-12-17,Amador,005,37829,5846,5821,74,5895,69
2021-12-17,Butte,007,227075,22192,21956,4141,26097,328
2021-12-17,Calaveras,009,45235,4579,4534,65,4599,91
2021-12-17,Colusa,011,21464,2656,2635,684,3319,21
2021-12-17,Contra Costa,013,1133247,104661,103380,2386,105766,1065
2021-12-17,Del Norte,015,27424,3819,3791,56,3847,43
2021-12-17,El Dorado,017,186661,17280,16968,1834,18802,171
2021-12-17,Fresno,019,978130,148685,147038,13297,160335,2335
2021-12-17,Glenn,021,27897,3626,3590,1056,4646,39
2021-12-17,Humboldt,023,135768,10021,9889,735,10624,118
2021-12-17,Imperial,025,180216,36822,36280,3968,40248,790
2021-12-17,Inyo,027,18085,2633,2607,40,2647,47
2021-12-17,Kern,029,883053,135042,133754,24478,158232,1873
2021-12-17,Kings,031,150075,34120,33783,2054,35837,374
2021-12-17,Lake,033,64148,7044,6976,165,7141,115
2021-12-17,Lassen,035,31185,7096,7061,425,7486,55
2021-12-17,Los Angeles,037,10098052,1508693,1484840,57093,1541933,27135
2021-12-17,Madera,039,155013,24812,24575,2361,26936,313
2021-12-17,Marin,041,260295,18872,18537,570,19107,249
2021-12-17,Mariposa,043,17540,1489,1468,62,1530,6
2021-12-17,Mendocino,045,87422,8352,8219,699,8918,95
2021-12-17,Merced,047,269075,44064,43929,2197,46126,686
2021-12-17,Modoc,049,8938,597,595,202,797,6
2021-12-17,Mono,051,14174,1985,1956,23,1979,4
2021-12-17,Monterey,053,433212,50829,49343,3406,52749,635
2021-12-17,Napa,055,140530,13711,13581,133,13714,107
2021-12-17,Nevada,057,99092,10141,9991,352,10343,108
2021-12-17,Orange,059,3164182,322100,318149,16660,334809,5844
2021-12-17,Placer,061,380077,39869,39336,3963,43299,485
2021-12-17,Plumas,063,18699,2023,1964,50,2014,13
2021-12-17,Riverside,065,2383286,385347,379354,16851,396205,5439
2021-12-17,Sacramento,067,1510023,168918,167046,5203,172249,2404
2021-12-17,San Benito,069,59416,7931,7894,183,8077,79
2021-12-17,San Bernardino,071,2135413,376356,371658,12001,383659,6017
2021-12-17,San Diego,073,3302833,401652,397130,23440,420570,4399
2021-12-17,San Francisco,075,870044,57607,55562,2534,58096,679
2021-12-17,San Joaquin,077,732212,104702,103698,5677,109375,1858
2021-12-17,San Luis Obispo,079,281455,31364,30873,1385,32258,365
2021-12-17,San Mateo,081,765935,57581,55730,1034,56764,580
2021-12-17,Santa Barbara,083,443738,47311,46776,1644,48420,562
2021-12-17,Santa Clara,085,1922200,156527,154243,1767,156010,1946
2021-12-17,Santa Cruz,087,273765,22178,21805,1053,22858,225
2021-12-17,Shasta,089,179085,22963,22811,3732,26543,429
2021-12-17,Sierra,091,2930,203,199,21,220,0
2021-12-17,Siskiyou,093,43540,3505,3441,1371,4812,58
2021-12-17,Solano,095,438530,48030,47174,1383,48557,369
2021-12-17,Sonoma,097,501317,44284,43658,602,44260,407
2021-12-17,Stanislaus,099,539301,82726,82736,9390,92126,1330
2021-12-17,Sutter,101,95872,14463,14435,410,14845,190
2021-12-17,Tehama,103,63373,8919,8814,1544,10358,136
2021-12-17,Trinity,105,12862,913,823,220,1043,17
2021-12-17,Tulare,107,460477,72046,70922,16436,87358,1120
2021-12-17,Tuolumne,109,53932,7912,7834,116,7950,91
2021-12-17,Ventura,111,848112,103055,101612,4519,106131,1201
2021-12-17,Yolo,113,214977,21211,20793,1095,21888,267
2021-12-17,Yuba,115,75493,10705,10599,403,11002,96
2021-12-16,Alameda,001,1643700,125970,124583,2993,127576,1512
2021-12-16,Alpine,002,1148,108,110,0,110,0
2021-12-16,Amador,005,37829,5838,5821,74,5895,69
2021-12-16,Butte,007,227075,22172,21956,4137,26093,328
2021-12-16,Calaveras,009,45235,4572,4534,65,4599,91
2021-12-16,Colusa,011,21464,2656,2635,684,3319,21
2021-12-16,Contra Costa,013,1133247,104439,103380,2376,105756,1065
2021-12-16,Del Norte,015,27424,3816,3791,56,3847,43
2021-12-16,El Dorado,017,186661,17245,16968,1829,18797,171
2021-12-16,Fresno,019,978130,148526,147038,13289,160327,2335
2021-12-16,Glenn,021,27897,3626,3590,1053,4643,39
2021-12-16,Humboldt,023,135768,9997,9889,725,10614,118
2021-12-16,Imperial,025,180216,36738,36280,3940,40220,790
2021-12-16,Inyo,027,18085,2629,2607,39,2646,47
2021-12-16,Kern,029,883053,134898,133754,24429,158183,1873
2021-12-16,Kings,031,150075,34096,33783,2053,35836,374
2021-12-16,Lake,033,64148,7040,6976,165,7141,115
2021-12-16,Lassen,035,31185,7093,7061,424,7485,55
2021-12-16,Los Angeles,037,10098052,1504478,1484840,56830,1541670,27135
2021-12-16,Madera,039,155013,24783,24575,2357,26932,313
2021-12-16,Marin,041,260295,18825,18537,563,19100,249
2021-12-16,Mariposa,043,17540,1487,1468,62,1530,6
2021-12-16,Mendocino,045,87422,8341,8219,694,8913,95
2021-12-16,Merced,047,269075,44025,43929,2196,46125,686
2021-12-16,Modoc,049,8938,597,595,202,797,6
2021-12-16,Mono,051,14174,1982,1956,23,1979,4
2021-12-16,Monterey,053,433212,50758,49343,3389,52732,635
2021-12-16,Napa,055,140530,13679,13581,133,13714,107
2021-12-16,Nevada,057,99092,10115,9991,352,10343,108
2021-12-16,Orange,059,3164182,321487,318149,16580,334729,5844
2021-12-16,Placer,061,380077,39792,39336,3958,43294,485
2021-12-16,Plumas,063,18699,2023,1964,50,2014,13
2021-12-16,Riverside,065,2383286,384542,379354,16837,396191,5439
2021-12-16,Sacramento,067,1510023,168635,167046,5179,172225,2404
2021-12-16,San Benito,069,59416,7924,7894,183,8077,79
2021-12-16,San Bernardino,071,2135413,375690,371658,11981,383639,6017
2021-12-16,San Diego,073,3302833,400483,397130,23374,420504,4399
2021-12-16,San Francisco,075,870044,57228,55562,2512,58074,679
2021-12-16,San Joaquin,077,732212,104580,103698,5670,109368,1858
2021-12-16,San Luis Obispo,079,281455,31294,30873,1379,32252,365
2021-12-16,San Mateo,081,765935,57381,55730,1031,56761,580
2021-12-16,Santa Barbara,083,443738,47190,46776,1640,48416,562
2021-12-16,Santa Clara,085,1922200,156195,154243,1757,156000,1946
2021-12-16,Santa Cruz,087,273765,22132,21805,1052,22857,225
2021-12-16,Shasta,089,179085,22933,22811,3730,26541,429
2021-12-16,Sierra,091,2930,203,199,21,220,0
2021-12-16,Siskiyou,093,43540,3504,3441,1367,4808,58
2021-12-16,Solano,095,438530,47962,47174,1376,48550,369
2021-12-16,Sonoma,097,501317,44185,43658,600,44258,407
2021-12-16,Stanislaus,099,539301,82639,82736,9376,92112,1330
2021-12-16,Sutter,101,95872,14449,14435,409,14844,190
2021-12-16,Tehama,103,63373,8912,8814,1543,10357,136
2021-12-16,Trinity,105,12862,913,823,220,1043,17
2021-12-16,Tulare,107,460477,71997,70922,16411,87333,1120
2021-12-16,Tuolumne,109,53932,7891,7834,116,7950,91
2021-12-16,Ventura,111,848112,102788,101612,4512,106124,1201
2021-12-16,Yolo,113,214977,21160,20793,1090,21883,267
2021-12-16,Yuba,115,75493,10689,10599,402,11001,96
2021-12-15,Alameda,001,1643700,125641,124342,2982,127324,1509
2021-12-15,Alpine,002,1148,108,109,0,109,0
2021-12-15,Amador,005,37829,5832,5810,74,5884,69
2021-12-15,Butte,007,227075,22148,21922,4136,26058,327
2021-12-15,Calaveras,009,45235,4566,4523,65,4588,89
2021-12-15,Colusa,011,21464,2655,2632,683,3315,21
2021-12-15,Contra Costa,013,1133247,104220,103236,2373,105609,1064
2021-12-15,Del Norte,015,27424,3815,3789,55,3844,43
2021-12-15,El Dorado,017,186661,17215,16936,1823,18759,171
2021-12-15,Fresno,019,978130,148397,146859,13275,160134,2319
2021-12-15,Glenn,021,27897,3625,3589,1053,4642,39
2021-12-15,Humboldt,023,135768,9977,9854,724,10578,118
2021-12-15,Imperial,025,180216,36658,36187,3896,40083,789
2021-12-15,Inyo,027,18085,2624,2606,39,2645,47
2021-12-15,Kern,029,883053,134760,133590,24383,157973,1866
2021-12-15,Kings,031,150075,34067,33716,2049,35765,374
2021-12-15,Lake,033,64148,7032,6968,164,7132,115
2021-12-15,Lassen,035,31185,7093,7062,424,7486,55
2021-12-15,Los Angeles,037,10098052,1500571,1482735,56631,1539366,27116
2021-12-15,Madera,039,155013,24765,24549,2351,26900,313
2021-12-15,Marin,041,260295,18766,18514,558,19072,249
2021-12-15,Mariposa,043,17540,1484,1463,62,1525,6
2021-12-15,Mendocino,045,87422,8336,8209,691,8900,95
2021-12-15,Merced,047,269075,43983,43890,2184,46074,685
2021-12-15,Modoc,049,8938,597,595,202,797,6
2021-12-15,Mono,051,14174,1978,1955,23,1978,4
2021-12-15,Monterey,053,433212,50703,49279,3371,52650,635
2021-12-15,Napa,055,140530,13650,13557,131,13688,107
2021-12-15,Nevada,057,99092,10094,9958,352,10310,107
2021-12-15,Orange,059,3164182,320904,317808,16538,334346,5838
2021-12-15,Placer,061,380077,39735,39264,3948,43212,485
2021-12-15,Plumas,063,18699,2019,1957,50,2007,12
2021-12-15,Riverside,065,2383286,383821,378769,16826,395595,5438
2021-12-15,Sacramento,067,1510023,168328,166793,5159,171952,2401
2021-12-15,San Benito,069,59416,7909,7877,183,8060,79
2021-12-15,San Bernardino,071,2135413,375124,371122,11948,383070,6013
2021-12-15,San Diego,073,3302833,399288,396546,23304,419850,4395
2021-12-15,San Francisco,075,870044,56910,55414,2494,57908,679
2021-12-15,San Joaquin,077,732212,104429,103579,5660,109239,1853
2021-12-15,San Luis Obispo,079,281455,31245,30784,1372,32156,365
2021-12-15,San Mateo,081,765935,57239,55657,1021,56678,580
2021-12-15,Santa Barbara,083,443738,47109,46681,1638,48319,562
2021-12-15,Santa Clara,085,1922200,155883,153928,1739,155667,1944
2021-12-15,Santa Cruz,087,273765,22092,21753,1045,22798,225
2021-12-15,Shasta,089,179085,22918,22778,3726,26504,427
2021-12-15,Sierra,091,2930,203,199,21,220,0
2021-12-15,Siskiyou,093,43540,3503,3434,1366,4800,58
2021-12-15,Solano,095,438530,47891,47098,1370,48468,367
2021-12-15,Sonoma,097,501317,44103,43580,595,44175,407
2021-12-15,Stanislaus,099,539301,82531,82628,9368,91996,1298
2021-12-15,Sutter,101,95872,14429,14428,408,14836,189
2021-12-15,Tehama,103,63373,8905,8806,1542,10348,136
2021-12-15,Trinity,105,12862,912,822,220,1042,17
2021-12-15,Tulare,107,460477,71945,70846,16382,87228,1120
2021-12-15,Tuolumne,109,53932,7882,7818,115,7933,91
2021-12-15,Ventura,111,848112,102573,101447,4506,105953,1199
2021-12-15,Yolo,113,214977,21131,20749,1086,21835,267
2021-12-15,Yuba,115,75493,10679,10587,401,10988,96
2021-12-14,Alameda,001,1643700,125308,124272,2970,127242,1506
2021-12-14,Alpine,002,1148,107,109,0,109,0
2021-12-14,Amador,005,37829,5826,5808,73,5881,69
2021-12-14,Butte,007,227075,22115,21901,4134,26035,326
2021-12-14,Calaveras,009,45235,4554,4517,65,4582,89
2021-12-14,Colusa,011,21464,2653,2628,683,3311,21
2021-12-14,Contra Costa,013,1133247,104036,103135,2369,105504,1064
2021-12-14,Del Norte,015,27424,3812,3788,55,3843,43
2021-12-14,El Dorado,017,186661,17180,16915,1821,18736,170
2021-12-14,Fresno,019,978130,148226,146756,13267,160023,2316
2021-12-14,Glenn,021,27897,3624,3589,1053,4642,39
2021-12-14,Humboldt,023,135768,9965,9836,716,10552,118
2021-12-14,Imperial,025,180216,36586,36049,3853,39902,789
2021-12-14,Inyo,027,18085,2623,2601,39,2640,46
2021-12-14,Kern,029,883053,134622,133498,24334,157832,1863
2021-12-14,Kings,031,150075,34030,33693,2046,35739,373
2021-12-14,Lake,033,64148,7023,6961,164,7125,115
2021-12-14,Lassen,035,31185,7092,7061,424,7485,55
2021-12-14,Los Angeles,037,10098052,1496902,1481131,56455,1537586,27099
2021-12-14,Madera,039,155013,24738,24535,2343,26878,313
2021-12-14,Marin,041,260295,18718,18491,556,19047,249
2021-12-14,Mariposa,043,17540,1481,1463,61,1524,6
2021-12-14,Mendocino,045,87422,8308,8206,689,8895,95
2021-12-14,Merced,047,269075,43937,43870,2182,46052,684
2021-12-14,Modoc,049,8938,596,595,202,797,6
2021-12-14,Mono,051,14174,1971,1955,23,1978,4
2021-12-14,Monterey,053,433212,50618,49237,3361,52598,635
2021-12-14,Napa,055,140530,13621,13528,131,13659,107
2021-12-14,Nevada,057,99092,10068,9956,351,10307,106
2021-12-14,Orange,059,3164182,320349,317465,16484,333949,5827
2021-12-14,Placer,061,380077,39660,39221,3943,43164,482
2021-12-14,Plumas,063,18699,2015,1950,48,1998,12
2021-12-14,Riverside,065,2383286,383128,378227,16809,395036,5427
2021-12-14,Sacramento,067,1510023,168018,166605,5136,171741,2394
2021-12-14,San Benito,069,59416,7890,7871,183,8054,79
2021-12-14,San Bernardino,071,2135413,374493,370604,11916,382520,6013
2021-12-14,San Diego,073,3302833,398149,395876,23253,419129,4393
2021-12-14,San Francisco,075,870044,56594,55278,2483,57761,679
2021-12-14,San Joaquin,077,732212,104286,103488,5643,109131,1848
2021-12-14,San Luis Obispo,079,281455,31185,30753,1368,32121,363
2021-12-14,San Mateo,081,765935,57075,55601,1014,56615,580
2021-12-14,Santa Barbara,083,443738,47007,46648,1634,48282,560
2021-12-14,Santa Clara,085,1922200,155561,153814,1726,155540,1945
2021-12-14,Santa Cruz,087,273765,22027,21737,1040,22777,225
2021-12-14,Shasta,089,179085,22891,22756,3725,26481,427
2021-12-14,Sierra,091,2930,201,199,21,220,0
2021-12-14,Siskiyou,093,43540,3498,3430,1365,4795,58
2021-12-14,Solano,095,438530,47844,47065,1364,48429,367
2021-12-14,Sonoma,097,501317,44020,43538,593,44131,407
2021-12-14,Stanislaus,099,539301,82444,82581,9352,91933,1293
2021-12-14,Sutter,101,95872,14417,14421,407,14828,189
2021-12-14,Tehama,103,63373,8901,8805,1542,10347,134
2021-12-14,Trinity,105,12862,912,821,220,1041,17
2021-12-14,Tulare,107,460477,71873,70803,16352,87155,1120
2021-12-14,Tuolumne,109,53932,7869,7815,115,7930,91
2021-12-14,Ventura,111,848112,102349,101343,4499,105842,1199
2021-12-14,Yolo,113,214977,21092,20734,1078,21812,267
2021-12-14,Yuba,115,75493,10662,10574,401,10975,92
2021-12-13,Alameda,001,1643700,125018,124174,2953,127127,1501
2021-12-13,Alpine,002,1148,107,109,0,109,0
2021-12-13,Amador,005,37829,5822,5797,73,5870,69
2021-12-13,Butte,007,227075,22091,21889,4130,26019,326
2021-12-13,Calaveras,009,45235,4547,4507,64,4571,89
2021-12-13,Colusa,011,21464,2650,2627,683,3310,21
2021-12-13,Contra Costa,013,1133247,103883,103041,2358,105399,1064
2021-12-13,Del Norte,015,27424,3808,3787,55,3842,42
2021-12-13,El Dorado,017,186661,17157,16896,1819,18715,170
2021-12-13,Fresno,019,978130,148076,146641,13257,159898,2312
2021-12-13,Glenn,021,27897,3620,3589,1051,4640,37
2021-12-13,Humboldt,023,135768,9936,9821,712,10533,118
2021-12-13,Imperial,025,180216,36502,35974,3832,39806,787
2021-12-13,Inyo,027,18085,2622,2592,39,2631,46
2021-12-13,Kern,029,883053,134496,133381,24281,157662,1863
2021-12-13,Kings,031,150075,33987,33680,2041,35721,372
2021-12-13,Lake,033,64148,7021,6958,162,7120,115
2021-12-13,Lassen,035,31185,7091,7057,424,7481,55
2021-12-13,Los Angeles,037,10098052,1494118,1480195,56294,1536489,27085
2021-12-13,Madera,039,155013,24709,24527,2338,26865,311
2021-12-13,Marin,041,260295,18658,18471,553,19024,249
2021-12-13,Mariposa,043,17540,1479,1462,61,1523,6
2021-12-13,Mendocino,045,87422,8295,8196,687,8883,95
2021-12-13,Merced,047,269075,43897,43848,2178,46026,682
2021-12-13,Modoc,049,8938,595,595,202,797,6
2021-12-13,Mono,051,14174,1964,1952,23,1975,4
2021-12-13,Monterey,053,433212,50566,49222,3342,52564,631
2021-12-13,Napa,055,140530,13608,13518,131,13649,107
2021-12-13,Nevada,057,99092,10049,9946,350,10296,106
2021-12-13,Orange,059,3164182,319879,317112,16432,333544,5824
2021-12-13,Placer,061,380077,39599,39168,3932,43100,481
2021-12-13,Plumas,063,18699,2011,1943,48,1991,12
2021-12-13,Riverside,065,2383286,382547,377728,16794,394522,5414
2021-12-13,Sacramento,067,1510023,167739,166439,5104,171543,2392
2021-12-13,San Benito,069,59416,7881,7856,183,8039,79
2021-12-13,San Bernardino,071,2135413,373912,370274,11908,382182,6011
2021-12-13,San Diego,073,3302833,397344,395266,23200,418466,4389
2021-12-13,San Francisco,075,870044,56324,55245,2470,57715,678
2021-12-13,San Joaquin,077,732212,104171,103449,5634,109083,1846
2021-12-13,San Luis Obispo,079,281455,31135,30746,1364,32110,363
2021-12-13,San Mateo,081,765935,56916,55569,1005,56574,580
2021-12-13,Santa Barbara,083,443738,46919,46608,1629,48237,560
2021-12-13,Santa Clara,085,1922200,155296,153672,1715,155387,1944
2021-12-13,Santa Cruz,087,273765,21972,21698,1037,22735,225
2021-12-13,Shasta,089,179085,22870,22731,3723,26454,426
2021-12-13,Sierra,091,2930,201,199,21,220,0
2021-12-13,Siskiyou,093,43540,3494,3426,1362,4788,57
2021-12-13,Solano,095,438530,47770,47045,1359,48404,365
2021-12-13,Sonoma,097,501317,43924,43492,591,44083,407
2021-12-13,Stanislaus,099,539301,82327,82507,9329,91836,1282
2021-12-13,Sutter,101,95872,14410,14408,407,14815,188
2021-12-13,Tehama,103,63373,8889,8800,1542,10342,134
2021-12-13,Trinity,105,12862,912,820,220,1040,17
2021-12-13,Tulare,107,460477,71815,70758,16328,87086,1114
2021-12-13,Tuolumne,109,53932,7858,7804,115,7919,91
2021-12-13,Ventura,111,848112,102124,101180,4488,105668,1197
2021-12-13,Yolo,113,214977,21040,20706,1076,21782,267
2021-12-13,Yuba,115,75493,10644,10570,401,10971,92
2021-12-12,Alameda,001,1643700,124736,124075,2941,127016,1503
2021-12-12,Alpine,002,1148,107,109,0,109,0
2021-12-12,Amador,005,37829,5814,5797,72,5869,69
2021-12-12,Butte,007,227075,22067,21874,4124,25998,326
2021-12-12,Calaveras,009,45235,4536,4501,64,4565,89
2021-12-12,Colusa,011,21464,2645,2627,680,3307,21
2021-12-12,Contra Costa,013,1133247,103694,102976,2356,105332,1065
2021-12-12,Del Norte,015,27424,3805,3793,55,3848,42
2021-12-12,El Dorado,017,186661,17121,16890,1811,18701,170
2021-12-12,Fresno,019,978130,147914,146518,13242,159760,2310
2021-12-12,Glenn,021,27897,3617,3589,1051,4640,37
2021-12-12,Humboldt,023,135768,9911,9804,705,10509,118
2021-12-12,Imperial,025,180216,36368,35926,3801,39727,787
2021-12-12,Inyo,027,18085,2617,2592,39,2631,46
2021-12-12,Kern,029,883053,134330,133314,24240,157554,1861
2021-12-12,Kings,031,150075,33936,33661,2039,35700,372
2021-12-12,Lake,033,64148,7013,6955,161,7116,115
2021-12-12,Lassen,035,31185,7090,7057,424,7481,55
2021-12-12,Los Angeles,037,10098052,1491202,1479054,56117,1535171,27074
2021-12-12,Madera,039,155013,24680,24493,2331,26824,311
2021-12-12,Marin,041,260295,18605,18451,549,19000,249
2021-12-12,Mariposa,043,17540,1478,1461,61,1522,6
2021-12-12,Mendocino,045,87422,8282,8190,686,8876,95
2021-12-12,Merced,047,269075,43863,43821,2171,45992,682
2021-12-12,Modoc,049,8938,595,595,201,796,6
2021-12-12,Mono,051,14174,1960,1947,23,1970,4
2021-12-12,Monterey,053,433212,50513,49192,3316,52508,631
2021-12-12,Napa,055,140530,13565,13508,129,13637,107
2021-12-12,Nevada,057,99092,10023,9938,349,10287,106
2021-12-12,Orange,059,3164182,319373,316918,16368,333286,5825
2021-12-12,Placer,061,380077,39534,39139,3926,43065,481
2021-12-12,Plumas,063,18699,2007,1942,46,1988,12
2021-12-12,Riverside,065,2383286,381869,377467,16769,394236,5414
2021-12-12,Sacramento,067,1510023,167472,166291,5083,171374,2392
2021-12-12,San Benito,069,59416,7861,7853,183,8036,79
2021-12-12,San Bernardino,071,2135413,373265,369977,11884,381861,6011
2021-12-12,San Diego,073,3302833,396449,393307,23162,416469,4378
2021-12-12,San Francisco,075,870044,56068,55180,2458,57638,678
2021-12-12,San Joaquin,077,732212,104031,103405,5624,109029,1846
2021-12-12,San Luis Obispo,079,281455,31082,30719,1362,32081,363
2021-12-12,San Mateo,081,765935,56799,55505,1001,56506,580
2021-12-12,Santa Barbara,083,443738,46844,46586,1627,48213,560
2021-12-12,Santa Clara,085,1922200,155010,153452,1701,155153,1945
2021-12-12,Santa Cruz,087,273765,21923,21671,1035,22706,225
2021-12-12,Shasta,089,179085,22842,22732,3722,26454,426
2021-12-12,Sierra,091,2930,201,199,21,220,0
2021-12-12,Siskiyou,093,43540,3494,3424,1362,4786,57
2021-12-12,Solano,095,438530,47704,47021,1356,48377,365
2021-12-12,Sonoma,097,501317,43831,43424,588,44012,407
2021-12-12,Stanislaus,099,539301,82227,82460,9316,91776,1282
2021-12-12,Sutter,101,95872,14399,14396,407,14803,189
2021-12-12,Tehama,103,63373,8878,8796,1540,10336,134
2021-12-12,Trinity,105,12862,910,820,220,1040,17
2021-12-12,Tulare,107,460477,71739,70733,16286,87019,1115
2021-12-12,Tuolumne,109,53932,7841,7794,115,7909,91
2021-12-12,Ventura,111,848112,101931,101105,4474,105579,1197
2021-12-12,Yolo,113,214977,20983,20685,1071,21756,267
2021-12-12,Yuba,115,75493,10630,10565,398,10963,92
2021-12-11,Alameda,001,1643700,124598,123572,2939,126511,1496
2021-12-11,Alpine,002,1148,107,109,0,109,0
2021-12-11,Amador,005,37829,5809,5787,72,5859,69
2021-12-11,Butte,007,227075,22053,21819,4122,25941,326
2021-12-11,Calaveras,009,45235,4528,4469,63,4532,89
2021-12-11,Colusa,011,21464,2641,2619,679,3298,21
2021-12-11,Contra Costa,013,1133247,103608,102618,2354,104972,1061
2021-12-11,Del Norte,015,27424,3805,3778,55,3833,42
2021-12-11,El Dorado,017,186661,17101,16796,1810,18606,170
2021-12-11,Fresno,019,978130,147826,145988,13233,159221,2294
2021-12-11,Glenn,021,27897,3615,3585,1051,4636,37
2021-12-11,Humboldt,023,135768,9894,9721,702,10423,118
2021-12-11,Imperial,025,180216,36310,35635,3792,39427,782
2021-12-11,Inyo,027,18085,2612,2576,39,2615,46
2021-12-11,Kern,029,883053,134261,132852,24206,157058,1854
2021-12-11,Kings,031,150075,33923,33530,2037,35567,371
2021-12-11,Lake,033,64148,7012,6932,159,7091,114
2021-12-11,Lassen,035,31185,7089,7049,424,7473,55
2021-12-11,Los Angeles,037,10098052,1489988,1474030,56027,1530057,27031
2021-12-11,Madera,039,155013,24674,24417,2330,26747,311
2021-12-11,Marin,041,260295,18571,18339,546,18885,249
2021-12-11,Mariposa,043,17540,1477,1450,61,1511,6
2021-12-11,Mendocino,045,87422,8275,8130,686,8816,95
2021-12-11,Merced,047,269075,43844,43690,2170,45860,681
2021-12-11,Modoc,049,8938,595,594,201,795,6
2021-12-11,Mono,051,14174,1956,1926,23,1949,4
2021-12-11,Monterey,053,433212,50485,49008,3313,52321,631
2021-12-11,Napa,055,140530,13548,13459,129,13588,107
2021-12-11,Nevada,057,99092,10010,9880,349,10229,106
2021-12-11,Orange,059,3164182,319123,315759,16341,332100,5805
2021-12-11,Placer,061,380077,39476,38959,3919,42878,481
2021-12-11,Plumas,063,18699,2001,1934,46,1980,12
2021-12-11,Riverside,065,2383286,381448,375649,16754,392403,5408
2021-12-11,Sacramento,067,1510023,167341,165530,5076,170606,2386
2021-12-11,San Benito,069,59416,7847,7808,183,7991,79
2021-12-11,San Bernardino,071,2135413,372902,368145,11874,380019,6007
2021-12-11,San Diego,073,3302833,396026,392274,23124,415398,4374
2021-12-11,San Francisco,075,870044,55915,54869,2453,57322,678
2021-12-11,San Joaquin,077,732212,103969,103013,5620,108633,1842
2021-12-11,San Luis Obispo,079,281455,31060,30567,1358,31925,362
2021-12-11,San Mateo,081,765935,56720,55284,999,56283,580
2021-12-11,Santa Barbara,083,443738,46809,46309,1627,47936,559
2021-12-11,Santa Clara,085,1922200,154812,152846,1689,154535,1941
2021-12-11,Santa Cruz,087,273765,21899,21557,1035,22592,225
2021-12-11,Shasta,089,179085,22827,22660,3718,26378,419
2021-12-11,Sierra,091,2930,201,199,21,220,0
2021-12-11,Siskiyou,093,43540,3488,3418,1359,4777,57
2021-12-11,Solano,095,438530,47675,46891,1352,48243,365
2021-12-11,Sonoma,097,501317,43783,43227,588,43815,407
2021-12-11,Stanislaus,099,539301,82178,82133,9307,91440,1264
2021-12-11,Sutter,101,95872,14390,14354,407,14761,187
2021-12-11,Tehama,103,63373,8875,8776,1538,10314,134
2021-12-11,Trinity,105,12862,910,819,220,1039,17
2021-12-11,Tulare,107,460477,71695,70523,16276,86799,1103
2021-12-11,Tuolumne,109,53932,7832,7760,115,7875,91
2021-12-11,Ventura,111,848112,101856,100711,4467,105178,1195
2021-12-11,Yolo,113,214977,20964,20608,1067,21675,267
2021-12-11,Yuba,115,75493,10618,10519,397,10916,92
2021-12-10,Alameda,001,1643700,124475,123572,2931,126503,1496
2021-12-10,Alpine,002,1148,106,109,0,109,0
2021-12-10,Amador,005,37829,5802,5787,72,5859,69
2021-12-10,Butte,007,227075,22040,21819,4120,25939,326
2021-12-10,Calaveras,009,45235,4525,4469,63,4532,89
2021-12-10,Colusa,011,21464,2640,2619,679,3298,21
2021-12-10,Contra Costa,013,1133247,103512,102618,2353,104971,1061
2021-12-10,Del Norte,015,27424,3805,3778,55,3833,42
2021-12-10,El Dorado,017,186661,17088,16796,1810,18606,170
2021-12-10,Fresno,019,978130,147738,145988,13222,159210,2294
2021-12-10,Glenn,021,27897,3615,3585,1051,4636,37
2021-12-10,Humboldt,023,135768,9877,9721,700,10421,118
2021-12-10,Imperial,025,180216,36255,35635,3777,39412,782
2021-12-10,Inyo,027,18085,2609,2576,39,2615,46
2021-12-10,Kern,029,883053,134172,132852,24182,157034,1854
2021-12-10,Kings,031,150075,33908,33530,2035,35565,371
2021-12-10,Lake,033,64148,7005,6932,159,7091,114
2021-12-10,Lassen,035,31185,7088,7049,424,7473,55
2021-12-10,Los Angeles,037,10098052,1488900,1474030,55941,1529971,27031
2021-12-10,Madera,039,155013,24656,24417,2328,26745,311
2021-12-10,Marin,041,260295,18549,18339,546,18885,249
2021-12-10,Mariposa,043,17540,1474,1450,61,1511,6
2021-12-10,Mendocino,045,87422,8268,8130,685,8815,95
2021-12-10,Merced,047,269075,43826,43690,2168,45858,681
2021-12-10,Modoc,049,8938,595,594,201,795,6
2021-12-10,Mono,051,14174,1953,1926,23,1949,4
2021-12-10,Monterey,053,433212,50448,49008,3307,52315,631
2021-12-10,Napa,055,140530,13536,13459,128,13587,107
2021-12-10,Nevada,057,99092,10001,9880,349,10229,106
2021-12-10,Orange,059,3164182,318855,315759,16309,332068,5805
2021-12-10,Placer,061,380077,39434,38959,3916,42875,481
2021-12-10,Plumas,063,18699,1999,1934,46,1980,12
2021-12-10,Riverside,065,2383286,381041,375649,16744,392393,5408
2021-12-10,Sacramento,067,1510023,167189,165530,5074,170604,2386
2021-12-10,San Benito,069,59416,7843,7808,183,7991,79
2021-12-10,San Bernardino,071,2135413,372530,368145,11851,379996,6007
2021-12-10,San Diego,073,3302833,395546,392274,23110,415384,4374
2021-12-10,San Francisco,075,870044,55830,54869,2447,57316,678
2021-12-10,San Joaquin,077,732212,103912,103013,5616,108629,1842
2021-12-10,San Luis Obispo,079,281455,31050,30567,1355,31922,362
2021-12-10,San Mateo,081,765935,56663,55284,996,56280,580
2021-12-10,Santa Barbara,083,443738,46773,46309,1626,47935,559
2021-12-10,Santa Clara,085,1922200,154642,152846,1676,154522,1941
2021-12-10,Santa Cruz,087,273765,21879,21557,1034,22591,225
2021-12-10,Shasta,089,179085,22816,22660,3715,26375,419
2021-12-10,Sierra,091,2930,201,199,21,220,0
2021-12-10,Siskiyou,093,43540,3481,3418,1359,4777,57
2021-12-10,Solano,095,438530,47633,46891,1348,48239,365
2021-12-10,Sonoma,097,501317,43749,43227,587,43814,407
2021-12-10,Stanislaus,099,539301,82112,82133,9301,91434,1264
2021-12-10,Sutter,101,95872,14382,14354,407,14761,187
2021-12-10,Tehama,103,63373,8873,8776,1536,10312,134
2021-12-10,Trinity,105,12862,910,819,220,1039,17
2021-12-10,Tulare,107,460477,71666,70523,16252,86775,1103
2021-12-10,Tuolumne,109,53932,7826,7760,115,7875,91
2021-12-10,Ventura,111,848112,101752,100711,4464,105175,1195
2021-12-10,Yolo,113,214977,20950,20608,1065,21673,267
2021-12-10,Yuba,115,75493,10606,10519,396,10915,92
2021-12-09,Alameda,001,1643700,124331,123572,2926,126498,1496
2021-12-09,Alpine,002,1148,106,109,0,109,0
2021-12-09,Amador,005,37829,5799,5787,71,5858,69
2021-12-09,Butte,007,227075,22020,21819,4116,25935,326
2021-12-09,Calaveras,009,45235,4516,4469,63,4532,89
2021-12-09,Colusa,011,21464,2638,2619,679,3298,21
2021-12-09,Contra Costa,013,1133247,103393,102618,2347,104965,1061
2021-12-09,Del Norte,015,27424,3804,3778,55,3833,42
2021-12-09,El Dorado,017,186661,17060,16796,1805,18601,170
2021-12-09,Fresno,019,978130,147590,145988,13210,159198,2294
2021-12-09,Glenn,021,27897,3615,3585,1051,4636,37
2021-12-09,Humboldt,023,135768,9854,9721,699,10420,118
2021-12-09,Imperial,025,180216,36184,35635,3748,39383,782
2021-12-09,Inyo,027,18085,2607,2576,39,2615,46
2021-12-09,Kern,029,883053,134046,132852,24149,157001,1854
2021-12-09,Kings,031,150075,33882,33530,2032,35562,371
2021-12-09,Lake,033,64148,6996,6932,159,7091,114
2021-12-09,Lassen,035,31185,7086,7049,424,7473,55
2021-12-09,Los Angeles,037,10098052,1487359,1474030,55857,1529887,27031
2021-12-09,Madera,039,155013,24631,24417,2325,26742,311
2021-12-09,Marin,041,260295,18535,18339,544,18883,249
2021-12-09,Mariposa,043,17540,1473,1450,61,1511,6
2021-12-09,Mendocino,045,87422,8255,8130,682,8812,95
2021-12-09,Merced,047,269075,43788,43690,2156,45846,681
2021-12-09,Modoc,049,8938,595,594,201,795,6
2021-12-09,Mono,051,14174,1949,1926,23,1949,4
2021-12-09,Monterey,053,433212,50402,49008,3296,52304,631
2021-12-09,Napa,055,140530,13516,13459,124,13583,107
2021-12-09,Nevada,057,99092,9982,9880,349,10229,106
2021-12-09,Orange,059,3164182,318518,315759,16270,332029,5805
2021-12-09,Placer,061,380077,39390,38959,3903,42862,481
2021-12-09,Plumas,063,18699,1991,1934,46,1980,12
2021-12-09,Riverside,065,2383286,380491,375649,16728,392377,5408
2021-12-09,Sacramento,067,1510023,166968,165530,5059,170589,2386
2021-12-09,San Benito,069,59416,7831,7808,182,7990,79
2021-12-09,San Bernardino,071,2135413,372015,368145,11827,379972,6007
2021-12-09,San Diego,073,3302833,394900,392274,23080,415354,4374
2021-12-09,San Francisco,075,870044,55745,54869,2440,57309,678
2021-12-09,San Joaquin,077,732212,103820,103013,5611,108624,1842
2021-12-09,San Luis Obispo,079,281455,31022,30567,1352,31919,362
2021-12-09,San Mateo,081,765935,56575,55284,994,56278,580
2021-12-09,Santa Barbara,083,443738,46693,46309,1620,47929,559
2021-12-09,Santa Clara,085,1922200,154426,152846,1665,154511,1941
2021-12-09,Santa Cruz,087,273765,21851,21557,1034,22591,225
2021-12-09,Shasta,089,179085,22800,22660,3714,26374,419
2021-12-09,Sierra,091,2930,201,199,21,220,0
2021-12-09,Siskiyou,093,43540,3477,3418,1358,4776,57
2021-12-09,Solano,095,438530,47596,46891,1346,48237,365
2021-12-09,Sonoma,097,501317,43692,43227,585,43812,407
2021-12-09,Stanislaus,099,539301,82041,82133,9286,91419,1264
2021-12-09,Sutter,101,95872,14367,14354,407,14761,187
2021-12-09,Tehama,103,63373,8866,8776,1534,10310,134
2021-12-09,Trinity,105,12862,910,819,220,1039,17
2021-12-09,Tulare,107,460477,71610,70523,16224,86747,1103
2021-12-09,Tuolumne,109,53932,7815,7760,114,7874,91
2021-12-09,Ventura,111,848112,101607,100711,4452,105163,1195
2021-12-09,Yolo,113,214977,20927,20608,1057,21665,267
2021-12-09,Yuba,115,75493,10598,10519,393,10912,92
2021-12-08,Alameda,001,1643700,124181,123438,2916,126354,1496
2021-12-08,Alpine,002,1148,106,108,0,108,0
2021-12-08,Amador,005,37829,5794,5781,71,5852,69
2021-12-08,Butte,007,227075,22003,21780,4113,25893,326
2021-12-08,Calaveras,009,45235,4508,4455,63,4518,89
2021-12-08,Colusa,011,21464,2635,2619,678,3297,21
2021-12-08,Contra Costa,013,1133247,103264,102506,2347,104853,1058
2021-12-08,Del Norte,015,27424,3803,3767,55,3822,42
2021-12-08,El Dorado,017,186661,17028,16757,1805,18562,170
2021-12-08,Fresno,019,978130,147430,145830,13196,159026,2293
2021-12-08,Glenn,021,27897,3615,3584,1048,4632,37
2021-12-08,Humboldt,023,135768,9833,9704,697,10401,117
2021-12-08,Imperial,025,180216,36103,35537,3718,39255,782
2021-12-08,Inyo,027,18085,2604,2570,39,2609,46
2021-12-08,Kern,029,883053,133924,132709,24101,156810,1846
2021-12-08,Kings,031,150075,33847,33468,2031,35499,371
2021-12-08,Lake,033,64148,6990,6927,158,7085,114
2021-12-08,Lassen,035,31185,7085,7041,422,7463,55
2021-12-08,Los Angeles,037,10098052,1485812,1472410,55747,1528157,27018
2021-12-08,Madera,039,155013,24610,24396,2318,26714,311
2021-12-08,Marin,041,260295,18514,18305,541,18846,249
2021-12-08,Mariposa,043,17540,1470,1447,61,1508,6
2021-12-08,Mendocino,045,87422,8242,8118,681,8799,95
2021-12-08,Merced,047,269075,43756,43631,2149,45780,680
2021-12-08,Modoc,049,8938,595,594,201,795,6
2021-12-08,Mono,051,14174,1943,1924,23,1947,4
2021-12-08,Monterey,053,433212,50335,48957,3283,52240,631
2021-12-08,Napa,055,140530,13502,13421,124,13545,107
2021-12-08,Nevada,057,99092,9966,9862,349,10211,106
2021-12-08,Orange,059,3164182,318170,315421,16233,331654,5795
2021-12-08,Placer,061,380077,39339,38934,3899,42833,478
2021-12-08,Plumas,063,18699,1989,1924,46,1970,12
2021-12-08,Riverside,065,2383286,379980,375099,16705,391804,5404
2021-12-08,Sacramento,067,1510023,166713,165278,5032,170310,2373
2021-12-08,San Benito,069,59416,7822,7793,182,7975,79
2021-12-08,San Bernardino,071,2135413,371533,367516,11803,379319,6006
2021-12-08,San Diego,073,3302833,394250,391676,23048,414724,4369
2021-12-08,San Francisco,075,870044,55658,54792,2432,57224,677
2021-12-08,San Joaquin,077,732212,103718,102877,5602,108479,1841
2021-12-08,San Luis Obispo,079,281455,30973,30519,1347,31866,361
2021-12-08,San Mateo,081,765935,56508,55220,988,56208,580
2021-12-08,Santa Barbara,083,443738,46638,46250,1617,47867,558
2021-12-08,Santa Clara,085,1922200,154263,152674,1654,154328,1937
2021-12-08,Santa Cruz,087,273765,21805,21505,1032,22537,224
2021-12-08,Shasta,089,179085,22780,22616,3708,26324,419
2021-12-08,Sierra,091,2930,201,199,21,220,0
2021-12-08,Siskiyou,093,43540,3476,3415,1356,4771,57
2021-12-08,Solano,095,438530,47566,46837,1345,48182,365
2021-12-08,Sonoma,097,501317,43630,43179,584,43763,405
2021-12-08,Stanislaus,099,539301,81960,82038,9273,91311,1264
2021-12-08,Sutter,101,95872,14351,14336,405,14741,187
2021-12-08,Tehama,103,63373,8857,8768,1534,10302,133
2021-12-08,Trinity,105,12862,910,818,220,1038,17
2021-12-08,Tulare,107,460477,71547,70472,16199,86671,1102
2021-12-08,Tuolumne,109,53932,7802,7749,114,7863,91
2021-12-08,Ventura,111,848112,101478,100647,4449,105096,1194
2021-12-08,Yolo,113,214977,20900,20575,1052,21627,267
2021-12-08,Yuba,115,75493,10584,10499,390,10889,92
2021-12-07,Alameda,001,1643700,124006,123325,2908,126233,1497
2021-12-07,Alpine,002,1148,106,108,0,108,0
2021-12-07,Amador,005,37829,5791,5778,70,5848,69
2021-12-07,Butte,007,227075,21979,21761,4107,25868,324
2021-12-07,Calaveras,009,45235,4491,4445,63,4508,88
2021-12-07,Colusa,011,21464,2633,2619,678,3297,21
2021-12-07,Contra Costa,013,1133247,103145,102421,2339,104760,1058
2021-12-07,Del Norte,015,27424,3802,3766,55,3821,42
2021-12-07,El Dorado,017,186661,17002,16742,1802,18544,170
2021-12-07,Fresno,019,978130,147282,145715,13182,158897,2289
2021-12-07,Glenn,021,27897,3614,3579,1048,4627,36
2021-12-07,Humboldt,023,135768,9807,9693,692,10385,117
2021-12-07,Imperial,025,180216,36025,35502,3697,39199,778
2021-12-07,Inyo,027,18085,2601,2567,39,2606,46
2021-12-07,Kern,029,883053,133764,132564,24048,156612,1838
2021-12-07,Kings,031,150075,33815,33441,2028,35469,372
2021-12-07,Lake,033,64148,6986,6925,158,7083,113
2021-12-07,Lassen,035,31185,7083,7040,421,7461,55
2021-12-07,Los Angeles,037,10098052,1484037,1470904,55647,1526551,27007
2021-12-07,Madera,039,155013,24587,24367,2311,26678,311
2021-12-07,Marin,041,260295,18481,18284,535,18819,249
2021-12-07,Mariposa,043,17540,1468,1446,61,1507,6
2021-12-07,Mendocino,045,87422,8223,8107,681,8788,95
2021-12-07,Merced,047,269075,43715,43600,2142,45742,675
2021-12-07,Modoc,049,8938,595,594,200,794,6
2021-12-07,Mono,051,14174,1941,1921,23,1944,4
2021-12-07,Monterey,053,433212,50251,48880,3265,52145,631
2021-12-07,Napa,055,140530,13483,13409,124,13533,107
2021-12-07,Nevada,057,99092,9951,9858,348,10206,105
2021-12-07,Orange,059,3164182,317835,315138,16184,331322,5784
2021-12-07,Placer,061,380077,39263,38860,3895,42755,474
2021-12-07,Plumas,063,18699,1985,1915,46,1961,12
2021-12-07,Riverside,065,2383286,379448,374552,16689,391241,5397
2021-12-07,Sacramento,067,1510023,166465,165148,5018,170166,2375
2021-12-07,San Benito,069,59416,7805,7776,182,7958,78
2021-12-07,San Bernardino,071,2135413,370940,366981,11785,378766,6007
2021-12-07,San Diego,073,3302833,393407,391110,23010,414120,4357
2021-12-07,San Francisco,075,870044,55546,54729,2427,57156,676
2021-12-07,San Joaquin,077,732212,103601,102797,5590,108387,1839
2021-12-07,San Luis Obispo,079,281455,30933,30495,1345,31840,361
2021-12-07,San Mateo,081,765935,56416,55163,982,56145,580
2021-12-07,Santa Barbara,083,443738,46566,46205,1615,47820,556
2021-12-07,Santa Clara,085,1922200,154078,152465,1645,154110,1941
2021-12-07,Santa Cruz,087,273765,21758,21493,1032,22525,224
2021-12-07,Shasta,089,179085,22758,22594,3705,26299,418
2021-12-07,Sierra,091,2930,201,199,21,220,0
2021-12-07,Siskiyou,093,43540,3474,3412,1356,4768,57
2021-12-07,Solano,095,438530,47526,46812,1343,48155,365
2021-12-07,Sonoma,097,501317,43556,43154,583,43737,405
2021-12-07,Stanislaus,099,539301,81882,81980,9262,91242,1258
2021-12-07,Sutter,101,95872,14343,14322,404,14726,186
2021-12-07,Tehama,103,63373,8849,8765,1533,10298,133
2021-12-07,Trinity,105,12862,910,818,220,1038,17
2021-12-07,Tulare,107,460477,71492,70411,16172,86583,1103
2021-12-07,Tuolumne,109,53932,7794,7743,114,7857,91
2021-12-07,Ventura,111,848112,101381,100569,4439,105008,1194
2021-12-07,Yolo,113,214977,20873,20560,1050,21610,263
2021-12-07,Yuba,115,75493,10566,10491,389,10880,91
2021-12-06,Alameda,001,1643700,123840,123227,2904,126131,1496
2021-12-06,Alpine,002,1148,106,108,0,108,0
2021-12-06,Amador,005,37829,5784,5769,69,5838,67
2021-12-06,Butte,007,227075,21961,21732,4104,25836,321
2021-12-06,Calaveras,009,45235,4484,4443,63,4506,88
2021-12-06,Colusa,011,21464,2632,2615,674,3289,21
2021-12-06,Contra Costa,013,1133247,103025,102327,2335,104662,1058
2021-12-06,Del Norte,015,27424,3800,3744,55,3799,42
2021-12-06,El Dorado,017,186661,16977,16726,1800,18526,168
2021-12-06,Fresno,019,978130,147085,145539,13171,158710,2285
2021-12-06,Glenn,021,27897,3611,3577,1047,4624,36
2021-12-06,Humboldt,023,135768,9787,9671,685,10356,117
2021-12-06,Imperial,025,180216,35944,35453,3679,39132,778
2021-12-06,Inyo,027,18085,2595,2562,38,2600,46
2021-12-06,Kern,029,883053,133576,132366,23992,156358,1835
2021-12-06,Kings,031,150075,33782,33399,2023,35422,368
2021-12-06,Lake,033,64148,6982,6922,158,7080,113
2021-12-06,Lassen,035,31185,7078,7032,419,7451,51
2021-12-06,Los Angeles,037,10098052,1482377,1470059,55554,1525613,26993
2021-12-06,Madera,039,155013,24560,24334,2308,26642,307
2021-12-06,Marin,041,260295,18453,18252,533,18785,249
2021-12-06,Mariposa,043,17540,1465,1443,61,1504,6
2021-12-06,Mendocino,045,87422,8210,8079,677,8756,95
2021-12-06,Merced,047,269075,43675,43549,2132,45681,672
2021-12-06,Modoc,049,8938,595,593,200,793,6
2021-12-06,Mono,051,14174,1936,1913,23,1936,4
2021-12-06,Monterey,053,433212,50174,48831,3246,52077,626
2021-12-06,Napa,055,140530,13460,13387,122,13509,107
2021-12-06,Nevada,057,99092,9923,9847,347,10194,105
2021-12-06,Orange,059,3164182,317455,314859,16141,331000,5771
2021-12-06,Placer,061,380077,39205,38785,3890,42675,473
2021-12-06,Plumas,063,18699,1977,1913,46,1959,10
2021-12-06,Riverside,065,2383286,378923,374116,16675,390791,5388
2021-12-06,Sacramento,067,1510023,166189,164926,4997,169923,2367
2021-12-06,San Benito,069,59416,7789,7755,182,7937,78
2021-12-06,San Bernardino,071,2135413,370380,366606,11758,378364,5998
2021-12-06,San Diego,073,3302833,392561,390389,22965,413354,4352
2021-12-06,San Francisco,075,870044,55438,54659,2422,57081,674
2021-12-06,San Joaquin,077,732212,103472,102728,5583,108311,1837
2021-12-06,San Luis Obispo,079,281455,30896,30464,1343,31807,361
2021-12-06,San Mateo,081,765935,56342,55112,979,56091,580
2021-12-06,Santa Barbara,083,443738,46473,46146,1614,47760,556
2021-12-06,Santa Clara,085,1922200,153869,152310,1628,153938,1937
2021-12-06,Santa Cruz,087,273765,21723,21450,1029,22479,224
2021-12-06,Shasta,089,179085,22735,22556,3697,26253,416
2021-12-06,Sierra,091,2930,200,198,21,219,0
2021-12-06,Siskiyou,093,43540,3472,3409,1351,4760,57
2021-12-06,Solano,095,438530,47481,46748,1342,48090,360
2021-12-06,Sonoma,097,501317,43485,43114,575,43689,405
2021-12-06,Stanislaus,099,539301,81785,81889,9228,91117,1241
2021-12-06,Sutter,101,95872,14331,14319,404,14723,186
2021-12-06,Tehama,103,63373,8841,8760,1533,10293,133
2021-12-06,Trinity,105,12862,910,815,219,1034,17
2021-12-06,Tulare,107,460477,71415,70285,16132,86417,1101
2021-12-06,Tuolumne,109,53932,7780,7726,114,7840,91
2021-12-06,Ventura,111,848112,101280,100426,4431,104857,1194
2021-12-06,Yolo,113,214977,20848,20548,1050,21598,263
2021-12-06,Yuba,115,75493,10551,10480,384,10864,91
2021-12-05,Alameda,001,1643700,123654,123104,2897,126001,1496
2021-12-05,Alpine,002,1148,105,108,0,108,0
2021-12-05,Amador,005,37829,5781,5761,69,5830,67
2021-12-05,Butte,007,227075,21927,21720,4098,25818,320
2021-12-05,Calaveras,009,45235,4468,4434,63,4497,88
2021-12-05,Colusa,011,21464,2631,2615,673,3288,21
2021-12-05,Contra Costa,013,1133247,102893,102251,2325,104576,1058
2021-12-05,Del Norte,015,27424,3798,3751,55,3806,42
2021-12-05,El Dorado,017,186661,16939,16717,1795,18512,168
2021-12-05,Fresno,019,978130,146911,145452,13150,158602,2284
2021-12-05,Glenn,021,27897,3609,3577,1046,4623,36
2021-12-05,Humboldt,023,135768,9756,9662,682,10344,117
2021-12-05,Imperial,025,180216,35850,35422,3650,39072,778
2021-12-05,Inyo,027,18085,2588,2559,38,2597,46
2021-12-05,Kern,029,883053,133412,132286,23940,156226,1833
2021-12-05,Kings,031,150075,33719,33360,2023,35383,369
2021-12-05,Lake,033,64148,6977,6919,157,7076,113
2021-12-05,Lassen,035,31185,7076,7031,419,7450,51
2021-12-05,Los Angeles,037,10098052,1480533,1468937,55419,1524356,26991
2021-12-05,Madera,039,155013,24519,24311,2305,26616,307
2021-12-05,Marin,041,260295,18406,18216,525,18741,249
2021-12-05,Mariposa,043,17540,1462,1440,60,1500,6
2021-12-05,Mendocino,045,87422,8191,8069,671,8740,95
2021-12-05,Merced,047,269075,43630,43534,2123,45657,672
2021-12-05,Modoc,049,8938,595,593,200,793,6
2021-12-05,Mono,051,14174,1929,1907,23,1930,4
2021-12-05,Monterey,053,433212,50102,48813,3214,52027,626
2021-12-05,Napa,055,140530,13434,13382,119,13501,107
2021-12-05,Nevada,057,99092,9902,9827,346,10173,105
2021-12-05,Orange,059,3164182,317018,314560,16099,330659,5771
2021-12-05,Placer,061,380077,39147,38738,3881,42619,473
2021-12-05,Plumas,063,18699,1973,1913,45,1958,9
2021-12-05,Riverside,065,2383286,378264,373827,16645,390472,5388
2021-12-05,Sacramento,067,1510023,165885,164721,4979,169700,2367
2021-12-05,San Benito,069,59416,7772,7748,181,7929,78
2021-12-05,San Bernardino,071,2135413,369672,366282,11711,377993,5998
2021-12-05,San Diego,073,3302833,391766,387979,22916,410895,4351
2021-12-05,San Francisco,075,870044,55336,54603,2420,57023,674
2021-12-05,San Joaquin,077,732212,103331,102698,5578,108276,1837
2021-12-05,San Luis Obispo,079,281455,30826,30454,1340,31794,360
2021-12-05,San Mateo,081,765935,56253,55050,969,56019,580
2021-12-05,Santa Barbara,083,443738,46390,46097,1606,47703,555
2021-12-05,Santa Clara,085,1922200,153615,152114,1610,153724,1933
2021-12-05,Santa Cruz,087,273765,21673,21424,1029,22453,224
2021-12-05,Shasta,089,179085,22678,22550,3696,26246,416
2021-12-05,Sierra,091,2930,200,198,21,219,0
2021-12-05,Siskiyou,093,43540,3470,3409,1350,4759,57
2021-12-05,Solano,095,438530,47418,46715,1340,48055,360
2021-12-05,Sonoma,097,501317,43408,43038,570,43608,405
2021-12-05,Stanislaus,099,539301,81646,81847,9218,91065,1241
2021-12-05,Sutter,101,95872,14308,14303,399,14702,186
2021-12-05,Tehama,103,63373,8833,8755,1531,10286,133
2021-12-05,Trinity,105,12862,909,815,219,1034,17
2021-12-05,Tulare,107,460477,71334,70254,16084,86338,1102
2021-12-05,Tuolumne,109,53932,7767,7718,114,7832,91
2021-12-05,Ventura,111,848112,101144,100367,4418,104785,1194
2021-12-05,Yolo,113,214977,20805,20512,1049,21561,263
2021-12-05,Yuba,115,75493,10538,10467,377,10844,91
2021-12-04,Alameda,001,1643700,123541,122508,2894,125402,1494
2021-12-04,Alpine,002,1148,105,108,0,108,0
2021-12-04,Amador,005,37829,5778,5729,69,5798,67
2021-12-04,Butte,007,227075,21908,21638,4094,25732,318
2021-12-04,Calaveras,009,45235,4460,4392,62,4454,88
2021-12-04,Colusa,011,21464,2631,2600,671,3271,21
2021-12-04,Contra Costa,013,1133247,102821,101824,2319,104143,1056
2021-12-04,Del Norte,015,27424,3795,3726,55,3781,42
2021-12-04,El Dorado,017,186661,16930,16621,1794,18415,168
2021-12-04,Fresno,019,978130,146821,144734,13142,157876,2270
2021-12-04,Glenn,021,27897,3609,3559,1046,4605,36
2021-12-04,Humboldt,023,135768,9741,9596,678,10274,117
2021-12-04,Imperial,025,180216,35797,35206,3637,38843,776
2021-12-04,Inyo,027,18085,2583,2538,38,2576,46
2021-12-04,Kern,029,883053,133332,131771,23917,155688,1817
2021-12-04,Kings,031,150075,33695,33183,2022,35205,367
2021-12-04,Lake,033,64148,6968,6903,157,7060,113
2021-12-04,Lassen,035,31185,7075,7014,417,7431,51
2021-12-04,Los Angeles,037,10098052,1479656,1463270,55341,1518611,26952
2021-12-04,Madera,039,155013,24505,24188,2301,26489,307
2021-12-04,Marin,041,260295,18385,18075,524,18599,249
2021-12-04,Mariposa,043,17540,1458,1421,60,1481,6
2021-12-04,Mendocino,045,87422,8186,7981,671,8652,91
2021-12-04,Merced,047,269075,43603,43337,2121,45458,671
2021-12-04,Modoc,049,8938,595,591,200,791,6
2021-12-04,Mono,051,14174,1929,1883,23,1906,4
2021-12-04,Monterey,053,433212,50070,48682,3207,51889,626
2021-12-04,Napa,055,140530,13424,13327,118,13445,106
2021-12-04,Nevada,057,99092,9894,9752,346,10098,105
2021-12-04,Orange,059,3164182,316786,313112,16073,329185,5748
2021-12-04,Placer,061,380077,39107,38460,3875,42335,473
2021-12-04,Plumas,063,18699,1970,1903,45,1948,7
2021-12-04,Riverside,065,2383286,377905,371768,16639,388407,5381
2021-12-04,Sacramento,067,1510023,165742,163900,4971,168871,2365
2021-12-04,San Benito,069,59416,7746,7688,181,7869,78
2021-12-04,San Bernardino,071,2135413,369283,364154,11698,375852,5983
2021-12-04,San Diego,073,3302833,391288,386710,22886,409596,4350
2021-12-04,San Francisco,075,870044,55268,54286,2417,56703,674
2021-12-04,San Joaquin,077,732212,103276,102286,5576,107862,1835
2021-12-04,San Luis Obispo,079,281455,30805,30318,1336,31654,360
2021-12-04,San Mateo,081,765935,56204,54774,966,55740,579
2021-12-04,Santa Barbara,083,443738,46345,45774,1606,47380,555
2021-12-04,Santa Clara,085,1922200,153461,151275,1596,152871,1928
2021-12-04,Santa Cruz,087,273765,21647,21286,1028,22314,224
2021-12-04,Shasta,089,179085,22661,22418,3694,26112,414
2021-12-04,Sierra,091,2930,200,196,21,217,0
2021-12-04,Siskiyou,093,43540,3468,3398,1350,4748,57
2021-12-04,Solano,095,438530,47398,46529,1339,47868,360
2021-12-04,Sonoma,097,501317,43363,42778,567,43345,405
2021-12-04,Stanislaus,099,539301,81574,81462,9211,90673,1231
2021-12-04,Sutter,101,95872,14300,14258,398,14656,186
2021-12-04,Tehama,103,63373,8831,8742,1531,10273,131
2021-12-04,Trinity,105,12862,908,801,219,1020,17
2021-12-04,Tulare,107,460477,71296,70014,16055,86069,1100
2021-12-04,Tuolumne,109,53932,7762,7676,114,7790,91
2021-12-04,Ventura,111,848112,101053,99751,4414,104165,1192
2021-12-04,Yolo,113,214977,20782,20442,1047,21489,261
2021-12-04,Yuba,115,75493,10527,10418,376,10794,91
2021-12-03,Alameda,001,1643700,123448,122508,2884,125392,1494
2021-12-03,Alpine,002,1148,105,108,0,108,0
2021-12-03,Amador,005,37829,5773,5729,68,5797,67
2021-12-03,Butte,007,227075,21895,21638,4089,25727,318
2021-12-03,Calaveras,009,45235,4451,4392,62,4454,88
2021-12-03,Colusa,011,21464,2629,2600,671,3271,21
2021-12-03,Contra Costa,013,1133247,102748,101824,2313,104137,1056
2021-12-03,Del Norte,015,27424,3793,3726,55,3781,42
2021-12-03,El Dorado,017,186661,16900,16621,1792,18413,168
2021-12-03,Fresno,019,978130,146707,144734,13139,157873,2270
2021-12-03,Glenn,021,27897,3608,3559,1045,4604,36
2021-12-03,Humboldt,023,135768,9724,9596,676,10272,117
2021-12-03,Imperial,025,180216,35755,35206,3607,38813,776
2021-12-03,Inyo,027,18085,2576,2538,38,2576,46
2021-12-03,Kern,029,883053,133260,131771,23882,155653,1817
2021-12-03,Kings,031,150075,33668,33183,2022,35205,367
2021-12-03,Lake,033,64148,6968,6903,157,7060,113
2021-12-03,Lassen,035,31185,7073,7014,416,7430,51
2021-12-03,Los Angeles,037,10098052,1478710,1463270,55266,1518536,26952
2021-12-03,Madera,039,155013,24479,24188,2297,26485,307
2021-12-03,Marin,041,260295,18352,18075,520,18595,249
2021-12-03,Mariposa,043,17540,1456,1421,60,1481,6
2021-12-03,Mendocino,045,87422,8179,7981,671,8652,91
2021-12-03,Merced,047,269075,43580,43337,2118,45455,671
2021-12-03,Modoc,049,8938,595,591,200,791,6
2021-12-03,Mono,051,14174,1923,1883,23,1906,4
2021-12-03,Monterey,053,433212,50031,48682,3196,51878,626
2021-12-03,Napa,055,140530,13412,13327,118,13445,106
2021-12-03,Nevada,057,99092,9883,9752,346,10098,105
2021-12-03,Orange,059,3164182,316517,313112,16041,329153,5748
2021-12-03,Placer,061,380077,39070,38460,3868,42328,473
2021-12-03,Plumas,063,18699,1967,1903,45,1948,7
2021-12-03,Riverside,065,2383286,377513,371768,16633,388401,5381
2021-12-03,Sacramento,067,1510023,165561,163900,4957,168857,2365
2021-12-03,San Benito,069,59416,7739,7688,181,7869,78
2021-12-03,San Bernardino,071,2135413,368835,364154,11687,375841,5983
2021-12-03,San Diego,073,3302833,390812,386710,22862,409572,4350
2021-12-03,San Francisco,075,870044,55198,54286,2413,56699,674
2021-12-03,San Joaquin,077,732212,103220,102286,5575,107861,1835
2021-12-03,San Luis Obispo,079,281455,30779,30318,1333,31651,360
2021-12-03,San Mateo,081,765935,56139,54774,963,55737,579
2021-12-03,Santa Barbara,083,443738,46309,45774,1606,47380,555
2021-12-03,Santa Clara,085,1922200,153281,151275,1582,152857,1928
2021-12-03,Santa Cruz,087,273765,21620,21286,1028,22314,224
2021-12-03,Shasta,089,179085,22646,22418,3694,26112,414
2021-12-03,Sierra,091,2930,200,196,21,217,0
2021-12-03,Siskiyou,093,43540,3465,3398,1348,4746,57
2021-12-03,Solano,095,438530,47356,46529,1338,47867,360
2021-12-03,Sonoma,097,501317,43327,42778,565,43343,405
2021-12-03,Stanislaus,099,539301,81517,81462,9202,90664,1231
2021-12-03,Sutter,101,95872,14287,14258,396,14654,186
2021-12-03,Tehama,103,63373,8830,8742,1530,10272,131
2021-12-03,Trinity,105,12862,908,801,219,1020,17
2021-12-03,Tulare,107,460477,71257,70014,16024,86038,1100
2021-12-03,Tuolumne,109,53932,7753,7676,114,7790,91
2021-12-03,Ventura,111,848112,100967,99751,4407,104158,1192
2021-12-03,Yolo,113,214977,20765,20442,1046,21488,261
2021-12-03,Yuba,115,75493,10519,10418,376,10794,91
2021-12-02,Alameda,001,1643700,123290,122508,2877,125385,1494
2021-12-02,Alpine,002,1148,105,108,0,108,0
2021-12-02,Amador,005,37829,5768,5729,67,5796,67
2021-12-02,Butte,007,227075,21870,21638,4084,25722,318
2021-12-02,Calaveras,009,45235,4441,4392,61,4453,88
2021-12-02,Colusa,011,21464,2628,2600,671,3271,21
2021-12-02,Contra Costa,013,1133247,102634,101824,2309,104133,1056
2021-12-02,Del Norte,015,27424,3785,3726,55,3781,42
2021-12-02,El Dorado,017,186661,16879,16621,1790,18411,168
2021-12-02,Fresno,019,978130,146537,144734,13125,157859,2270
2021-12-02,Glenn,021,27897,3608,3559,1042,4601,36
2021-12-02,Humboldt,023,135768,9705,9596,675,10271,117
2021-12-02,Imperial,025,180216,35687,35206,3585,38791,776
2021-12-02,Inyo,027,18085,2571,2538,38,2576,46
2021-12-02,Kern,029,883053,133090,131771,23830,155601,1817
2021-12-02,Kings,031,150075,33615,33183,2020,35203,367
2021-12-02,Lake,033,64148,6964,6903,157,7060,113
2021-12-02,Lassen,035,31185,7069,7014,416,7430,51
2021-12-02,Los Angeles,037,10098052,1477193,1463270,55178,1518448,26952
2021-12-02,Madera,039,155013,24442,24188,2288,26476,307
2021-12-02,Marin,041,260295,18321,18075,516,18591,249
2021-12-02,Mariposa,043,17540,1453,1421,60,1481,6
2021-12-02,Mendocino,045,87422,8163,7981,670,8651,91
2021-12-02,Merced,047,269075,43534,43337,2113,45450,671
2021-12-02,Modoc,049,8938,594,591,200,791,6
2021-12-02,Mono,051,14174,1917,1883,23,1906,4
2021-12-02,Monterey,053,433212,49956,48682,3175,51857,626
2021-12-02,Napa,055,140530,13399,13327,118,13445,106
2021-12-02,Nevada,057,99092,9865,9752,345,10097,105
2021-12-02,Orange,059,3164182,316173,313112,16004,329116,5748
2021-12-02,Placer,061,380077,39004,38460,3863,42323,473
2021-12-02,Plumas,063,18699,1964,1903,45,1948,7
2021-12-02,Riverside,065,2383286,376985,371768,16623,388391,5381
2021-12-02,Sacramento,067,1510023,165334,163900,4947,168847,2365
2021-12-02,San Benito,069,59416,7719,7688,181,7869,78
2021-12-02,San Bernardino,071,2135413,368281,364154,11667,375821,5983
2021-12-02,San Diego,073,3302833,390172,386710,22807,409517,4350
2021-12-02,San Francisco,075,870044,55103,54286,2408,56694,674
2021-12-02,San Joaquin,077,732212,103106,102286,5570,107856,1835
2021-12-02,San Luis Obispo,079,281455,30745,30318,1326,31644,360
2021-12-02,San Mateo,081,765935,56058,54774,955,55729,579
2021-12-02,Santa Barbara,083,443738,46228,45774,1603,47377,555
2021-12-02,Santa Clara,085,1922200,153036,151275,1565,152840,1928
2021-12-02,Santa Cruz,087,273765,21569,21286,1027,22313,224
2021-12-02,Shasta,089,179085,22613,22418,3693,26111,414
2021-12-02,Sierra,091,2930,200,196,21,217,0
2021-12-02,Siskiyou,093,43540,3464,3398,1341,4739,57
2021-12-02,Solano,095,438530,47306,46529,1336,47865,360
2021-12-02,Sonoma,097,501317,43253,42778,565,43343,405
2021-12-02,Stanislaus,099,539301,81422,81462,9194,90656,1231
2021-12-02,Sutter,101,95872,14274,14258,393,14651,186
2021-12-02,Tehama,103,63373,8823,8742,1528,10270,131
2021-12-02,Trinity,105,12862,908,801,219,1020,17
2021-12-02,Tulare,107,460477,71170,70014,15974,85988,1100
2021-12-02,Tuolumne,109,53932,7738,7676,113,7789,91
2021-12-02,Ventura,111,848112,100842,99751,4405,104156,1192
2021-12-02,Yolo,113,214977,20737,20442,1046,21488,261
2021-12-02,Yuba,115,75493,10503,10418,373,10791,91
2021-12-01,Alameda,001,1643700,123139,122298,2868,125166,1492
2021-12-01,Alpine,002,1148,105,108,0,108,0
2021-12-01,Amador,005,37829,5761,5723,67,5790,67
2021-12-01,Butte,007,227075,21852,21600,4079,25679,318
2021-12-01,Calaveras,009,45235,4436,4371,61,4432,88
2021-12-01,Colusa,011,21464,2621,2595,669,3264,20
2021-12-01,Contra Costa,013,1133247,102526,101651,2299,103950,1048
2021-12-01,Del Norte,015,27424,3783,3722,55,3777,42
2021-12-01,El Dorado,017,186661,16858,16575,1788,18363,166
2021-12-01,Fresno,019,978130,146330,144507,13116,157623,2264
2021-12-01,Glenn,021,27897,3602,3556,1041,4597,36
2021-12-01,Humboldt,023,135768,9681,9573,670,10243,117
2021-12-01,Imperial,025,180216,35607,35085,3558,38643,776
2021-12-01,Inyo,027,18085,2567,2533,38,2571,46
2021-12-01,Kern,029,883053,132942,131580,23776,155356,1804
2021-12-01,Kings,031,150075,33565,33112,2019,35131,364
2021-12-01,Lake,033,64148,6956,6896,156,7052,112
2021-12-01,Lassen,035,31185,7064,7008,414,7422,51
2021-12-01,Los Angeles,037,10098052,1475602,1461394,55084,1516478,26928
2021-12-01,Madera,039,155013,24411,24134,2279,26413,307
2021-12-01,Marin,041,260295,18283,18038,510,18548,249
2021-12-01,Mariposa,043,17540,1449,1415,60,1475,6
2021-12-01,Mendocino,045,87422,8149,7966,665,8631,90
2021-12-01,Merced,047,269075,43478,43259,2092,45351,670
2021-12-01,Modoc,049,8938,594,576,200,776,5
2021-12-01,Mono,051,14174,1912,1876,23,1899,4
2021-12-01,Monterey,053,433212,49907,48611,3166,51777,626
2021-12-01,Napa,055,140530,13382,13319,115,13434,107
2021-12-01,Nevada,057,99092,9852,9706,345,10051,105
2021-12-01,Orange,059,3164182,315806,312772,15968,328740,5735
2021-12-01,Placer,061,380077,38949,38373,3857,42230,472
2021-12-01,Plumas,063,18699,1960,1893,45,1938,7
2021-12-01,Riverside,065,2383286,376459,371189,16606,387795,5369
2021-12-01,Sacramento,067,1510023,165121,163616,4930,168546,2360
2021-12-01,San Benito,069,59416,7705,7669,181,7850,78
2021-12-01,San Bernardino,071,2135413,367688,363368,11641,375009,5973
2021-12-01,San Diego,073,3302833,389375,386056,22751,408807,4346
2021-12-01,San Francisco,075,870044,55021,54199,2401,56600,672
2021-12-01,San Joaquin,077,732212,102998,102109,5569,107678,1834
2021-12-01,San Luis Obispo,079,281455,30703,30238,1322,31560,360
2021-12-01,San Mateo,081,765935,55977,54711,952,55663,579
2021-12-01,Santa Barbara,083,443738,46158,45681,1601,47282,554
2021-12-01,Santa Clara,085,1922200,152814,150961,1547,152508,1925
2021-12-01,Santa Cruz,087,273765,21540,21191,1026,22217,224
2021-12-01,Shasta,089,179085,22582,22375,3687,26062,410
2021-12-01,Sierra,091,2930,200,195,21,216,0
2021-12-01,Siskiyou,093,43540,3461,3391,1341,4732,55
2021-12-01,Solano,095,438530,47261,46485,1336,47821,360
2021-12-01,Sonoma,097,501317,43178,42713,564,43277,405
2021-12-01,Stanislaus,099,539301,81325,81330,9181,90511,1231
2021-12-01,Sutter,101,95872,14259,14229,392,14621,186
2021-12-01,Tehama,103,63373,8813,8728,1528,10256,130
2021-12-01,Trinity,105,12862,903,801,219,1020,17
2021-12-01,Tulare,107,460477,71095,69953,15934,85887,1098
2021-12-01,Tuolumne,109,53932,7730,7655,113,7768,91
2021-12-01,Ventura,111,848112,100736,99680,4394,104074,1191
2021-12-01,Yolo,113,214977,20709,20393,1046,21439,260
2021-12-01,Yuba,115,75493,10492,10401,373,10774,89
2021-11-30,Alameda,001,1643700,122968,122196,2860,125056,1489
2021-11-30,Alpine,002,1148,105,108,0,108,0
2021-11-30,Amador,005,37829,5753,5716,67,5783,66
2021-11-30,Butte,007,227075,21823,21565,4068,25633,318
2021-11-30,Calaveras,009,45235,4418,4360,61,4421,88
2021-11-30,Colusa,011,21464,2620,2592,669,3261,21
2021-11-30,Contra Costa,013,1133247,102392,101538,2292,103830,1046
2021-11-30,Del Norte,015,27424,3777,3718,55,3773,42
2021-11-30,El Dorado,017,186661,16830,16558,1782,18340,166
2021-11-30,Fresno,019,978130,146130,144384,13107,157491,2259
2021-11-30,Glenn,021,27897,3597,3555,1040,4595,36
2021-11-30,Humboldt,023,135768,9650,9539,664,10203,116
2021-11-30,Imperial,025,180216,35499,34999,3531,38530,773
2021-11-30,Inyo,027,18085,2558,2530,38,2568,46
2021-11-30,Kern,029,883053,132774,131451,23721,155172,1799
2021-11-30,Kings,031,150075,33513,33074,2015,35089,362
2021-11-30,Lake,033,64148,6950,6892,154,7046,110
2021-11-30,Lassen,035,31185,7060,7003,413,7416,51
2021-11-30,Los Angeles,037,10098052,1473805,1460177,54984,1515161,26913
2021-11-30,Madera,039,155013,24377,24108,2274,26382,307
2021-11-30,Marin,041,260295,18239,18010,508,18518,249
2021-11-30,Mariposa,043,17540,1443,1412,60,1472,6
2021-11-30,Mendocino,045,87422,8120,7960,659,8619,89
2021-11-30,Merced,047,269075,43410,43200,2084,45284,668
2021-11-30,Modoc,049,8938,593,576,200,776,5
2021-11-30,Mono,051,14174,1909,1873,23,1896,4
2021-11-30,Monterey,053,433212,49844,48581,3155,51736,626
2021-11-30,Napa,055,140530,13362,13308,115,13423,105
2021-11-30,Nevada,057,99092,9836,9699,344,10043,105
2021-11-30,Orange,059,3164182,315385,312451,15926,328377,5724
2021-11-30,Placer,061,380077,38846,38324,3849,42173,470
2021-11-30,Plumas,063,18699,1955,1887,44,1931,7
2021-11-30,Riverside,065,2383286,375775,370739,16581,387320,5358
2021-11-30,Sacramento,067,1510023,164839,163420,4908,168328,2353
2021-11-30,San Benito,069,59416,7683,7645,180,7825,78
2021-11-30,San Bernardino,071,2135413,367001,363006,11618,374624,5967
2021-11-30,San Diego,073,3302833,388448,385405,22704,408109,4340
2021-11-30,San Francisco,075,870044,54915,54147,2392,56539,672
2021-11-30,San Joaquin,077,732212,102871,101972,5561,107533,1834
2021-11-30,San Luis Obispo,079,281455,30678,30200,1320,31520,360
2021-11-30,San Mateo,081,765935,55872,54656,942,55598,579
2021-11-30,Santa Barbara,083,443738,46062,45628,1595,47223,553
2021-11-30,Santa Clara,085,1922200,152557,150799,1530,152329,1929
2021-11-30,Santa Cruz,087,273765,21481,21169,1022,22191,224
2021-11-30,Shasta,089,179085,22552,22347,3684,26031,401
2021-11-30,Sierra,091,2930,197,195,21,216,0
2021-11-30,Siskiyou,093,43540,3457,3385,1338,4723,55
2021-11-30,Solano,095,438530,47198,46434,1330,47764,358
2021-11-30,Sonoma,097,501317,43099,42663,561,43224,405
2021-11-30,Stanislaus,099,539301,81221,81276,9153,90429,1227
2021-11-30,Sutter,101,95872,14248,14210,389,14599,186
2021-11-30,Tehama,103,63373,8806,8727,1527,10254,130
2021-11-30,Trinity,105,12862,902,799,219,1018,17
2021-11-30,Tulare,107,460477,71008,69900,15888,85788,1099
2021-11-30,Tuolumne,109,53932,7715,7643,113,7756,91
2021-11-30,Ventura,111,848112,100582,99601,4383,103984,1191
2021-11-30,Yolo,113,214977,20664,20376,1043,21419,260
2021-11-30,Yuba,115,75493,10473,10398,368,10766,89
2021-11-29,Alameda,001,1643700,122807,122136,2851,124987,1489
2021-11-29,Alpine,002,1148,105,108,0,108,0
2021-11-29,Amador,005,37829,5746,5706,67,5773,66
2021-11-29,Butte,007,227075,21792,21544,4061,25605,314
2021-11-29,Calaveras,009,45235,4402,4353,61,4414,88
2021-11-29,Colusa,011,21464,2618,2585,666,3251,20
2021-11-29,Contra Costa,013,1133247,102243,101441,2284,103725,1046
2021-11-29,Del Norte,015,27424,3774,3704,55,3759,42
2021-11-29,El Dorado,017,186661,16812,16534,1777,18311,166
2021-11-29,Fresno,019,978130,145923,144282,13084,157366,2254
2021-11-29,Glenn,021,27897,3594,3555,1039,4594,36
2021-11-29,Humboldt,023,135768,9633,9514,657,10171,115
2021-11-29,Imperial,025,180216,35434,34960,3510,38470,773
2021-11-29,Inyo,027,18085,2553,2529,38,2567,46
2021-11-29,Kern,029,883053,132590,131362,23680,155042,1789
2021-11-29,Kings,031,150075,33460,33059,2011,35070,363
2021-11-29,Lake,033,64148,6938,6889,154,7043,110
2021-11-29,Lassen,035,31185,7057,7003,411,7414,51
2021-11-29,Los Angeles,037,10098052,1471957,1459446,54899,1514345,26889
2021-11-29,Madera,039,155013,24341,24069,2266,26335,307
2021-11-29,Marin,041,260295,18192,17980,503,18483,249
2021-11-29,Mariposa,043,17540,1435,1409,60,1469,6
2021-11-29,Mendocino,045,87422,8103,7954,655,8609,89
2021-11-29,Merced,047,269075,43337,43167,2076,45243,667
2021-11-29,Modoc,049,8938,592,569,200,769,5
2021-11-29,Mono,051,14174,1892,1859,23,1882,4
2021-11-29,Monterey,053,433212,49783,48548,3139,51687,626
2021-11-29,Napa,055,140530,13352,13304,115,13419,104
2021-11-29,Nevada,057,99092,9822,9689,344,10033,105
2021-11-29,Orange,059,3164182,314981,312203,15881,328084,5709
2021-11-29,Placer,061,380077,38781,38261,3844,42105,470
2021-11-29,Plumas,063,18699,1952,1884,44,1928,7
2021-11-29,Riverside,065,2383286,375237,370334,16570,386904,5358
2021-11-29,Sacramento,067,1510023,164590,163282,4876,168158,2342
2021-11-29,San Benito,069,59416,7663,7631,179,7810,77
2021-11-29,San Bernardino,071,2135413,366397,362694,11584,374278,5962
2021-11-29,San Diego,073,3302833,387560,384853,22670,407523,4335
2021-11-29,San Francisco,075,870044,54816,54125,2388,56513,669
2021-11-29,San Joaquin,077,732212,102732,101927,5554,107481,1834
2021-11-29,San Luis Obispo,079,281455,30644,30165,1316,31481,359
2021-11-29,San Mateo,081,765935,55769,54622,938,55560,579
2021-11-29,Santa Barbara,083,443738,45965,45576,1591,47167,549
2021-11-29,Santa Clara,085,1922200,152280,150620,1524,152144,1925
2021-11-29,Santa Cruz,087,273765,21443,21149,1021,22170,224
2021-11-29,Shasta,089,179085,22517,22315,3680,25995,399
2021-11-29,Sierra,091,2930,197,195,21,216,0
2021-11-29,Siskiyou,093,43540,3454,3374,1331,4705,55
2021-11-29,Solano,095,438530,47146,46412,1328,47740,357
2021-11-29,Sonoma,097,501317,43022,42624,558,43182,405
2021-11-29,Stanislaus,099,539301,81139,81227,9135,90362,1223
2021-11-29,Sutter,101,95872,14232,14204,386,14590,186
2021-11-29,Tehama,103,63373,8801,8720,1522,10242,130
2021-11-29,Trinity,105,12862,897,798,219,1017,17
2021-11-29,Tulare,107,460477,70928,69850,15854,85704,1096
2021-11-29,Tuolumne,109,53932,7702,7627,113,7740,90
2021-11-29,Ventura,111,848112,100462,99520,4374,103894,1190
2021-11-29,Yolo,113,214977,20619,20344,1041,21385,257
2021-11-29,Yuba,115,75493,10456,10395,367,10762,89
2021-11-28,Alameda,001,1643700,122588,122082,2845,124927,1491
2021-11-28,Alpine,002,1148,105,108,0,108,0
2021-11-28,Amador,005,37829,5736,5703,67,5770,66
2021-11-28,Butte,007,227075,21751,21530,4058,25588,313
2021-11-28,Calaveras,009,45235,4381,4350,61,4411,88
2021-11-28,Colusa,011,21464,2614,2586,665,3251,19
2021-11-28,Contra Costa,013,1133247,102070,101355,2274,103629,1046
2021-11-28,Del Norte,015,27424,3769,3703,55,3758,42
2021-11-28,El Dorado,017,186661,16771,16527,1776,18303,166
2021-11-28,Fresno,019,978130,145677,144164,13057,157221,2252
2021-11-28,Glenn,021,27897,3591,3547,1037,4584,36
2021-11-28,Humboldt,023,135768,9601,9499,653,10152,115
2021-11-28,Imperial,025,180216,35326,34929,3486,38415,773
2021-11-28,Inyo,027,18085,2546,2531,38,2569,46
2021-11-28,Kern,029,883053,132383,131279,23623,154902,1789
2021-11-28,Kings,031,150075,33387,33057,2005,35062,364
2021-11-28,Lake,033,64148,6928,6885,153,7038,110
2021-11-28,Lassen,035,31185,7048,7002,407,7409,51
2021-11-28,Los Angeles,037,10098052,1469791,1458646,54812,1513458,26878
2021-11-28,Madera,039,155013,24293,24055,2259,26314,307
2021-11-28,Marin,041,260295,18145,17962,499,18461,249
2021-11-28,Mariposa,043,17540,1431,1406,60,1466,6
2021-11-28,Mendocino,045,87422,8073,7943,650,8593,89
2021-11-28,Merced,047,269075,43271,43166,2061,45227,667
2021-11-28,Modoc,049,8938,591,569,200,769,5
2021-11-28,Mono,051,14174,1886,1841,23,1864,4
2021-11-28,Monterey,053,433212,49718,48537,3119,51656,626
2021-11-28,Napa,055,140530,13339,13303,115,13418,104
2021-11-28,Nevada,057,99092,9796,9684,343,10027,105
2021-11-28,Orange,059,3164182,314596,312028,15839,327867,5693
2021-11-28,Placer,061,380077,38699,38240,3825,42065,470
2021-11-28,Plumas,063,18699,1946,1884,43,1927,7
2021-11-28,Riverside,065,2383286,374574,370051,16548,386599,5358
2021-11-28,Sacramento,067,1510023,164232,163170,4853,168023,2335
2021-11-28,San Benito,069,59416,7644,7623,178,7801,77
2021-11-28,San Bernardino,071,2135413,365655,362407,11556,373963,5958
2021-11-28,San Diego,073,3302833,386672,383025,22606,405631,4325
2021-11-28,San Francisco,075,870044,54740,54082,2383,56465,669
2021-11-28,San Joaquin,077,732212,102551,101895,5537,107432,1834
2021-11-28,San Luis Obispo,079,281455,30581,30152,1312,31464,358
2021-11-28,San Mateo,081,765935,55675,54567,934,55501,579
2021-11-28,Santa Barbara,083,443738,45886,45551,1580,47131,549
2021-11-28,Santa Clara,085,1922200,151980,150436,1510,151946,1920
2021-11-28,Santa Cruz,087,273765,21372,21110,1020,22130,224
2021-11-28,Shasta,089,179085,22478,22316,3678,25994,400
2021-11-28,Sierra,091,2930,197,195,21,216,0
2021-11-28,Siskiyou,093,43540,3448,3372,1327,4699,55
2021-11-28,Solano,095,438530,47084,46385,1327,47712,356
2021-11-28,Sonoma,097,501317,42936,42583,555,43138,405
2021-11-28,Stanislaus,099,539301,81014,81181,9113,90294,1223
2021-11-28,Sutter,101,95872,14211,14192,380,14572,186
2021-11-28,Tehama,103,63373,8793,8720,1518,10238,130
2021-11-28,Trinity,105,12862,896,797,219,1016,17
2021-11-28,Tulare,107,460477,70831,69833,15802,85635,1095
2021-11-28,Tuolumne,109,53932,7682,7620,113,7733,90
2021-11-28,Ventura,111,848112,100306,99486,4363,103849,1190
2021-11-28,Yolo,113,214977,20575,20333,1041,21374,257
2021-11-28,Yuba,115,75493,10438,10391,365,10756,89
2021-11-27,Alameda,001,1643700,122490,121618,2842,124460,1477
2021-11-27,Alpine,002,1148,105,106,0,106,0
2021-11-27,Amador,005,37829,5735,5670,67,5737,66
2021-11-27,Butte,007,227075,21728,21384,4053,25437,309
2021-11-27,Calaveras,009,45235,4375,4294,61,4355,85
2021-11-27,Colusa,011,21464,2613,2568,663,3231,19
2021-11-27,Contra Costa,013,1133247,101985,100961,2273,103234,1045
2021-11-27,Del Norte,015,27424,3762,3661,55,3716,42
2021-11-27,El Dorado,017,186661,16737,16399,1775,18174,161
2021-11-27,Fresno,019,978130,145565,143386,13051,156437,2246
2021-11-27,Glenn,021,27897,3587,3532,1036,4568,36
2021-11-27,Humboldt,023,135768,9573,9399,651,10050,115
2021-11-27,Imperial,025,180216,35243,34611,3470,38081,769
2021-11-27,Inyo,027,18085,2543,2506,38,2544,45
2021-11-27,Kern,029,883053,132298,130245,23594,153839,1773
2021-11-27,Kings,031,150075,33365,32891,2002,34893,358
2021-11-27,Lake,033,64148,6925,6836,152,6988,110
2021-11-27,Lassen,035,31185,7046,6959,406,7365,47
2021-11-27,Los Angeles,037,10098052,1468785,1454495,54744,1509239,26817
2021-11-27,Madera,039,155013,24272,23880,2254,26134,296
2021-11-27,Marin,041,260295,18106,17857,494,18351,248
2021-11-27,Mariposa,043,17540,1429,1374,60,1434,6
2021-11-27,Mendocino,045,87422,8054,7871,650,8521,89
2021-11-27,Merced,047,269075,43236,42921,2058,44979,664
2021-11-27,Modoc,049,8938,589,551,200,751,5
2021-11-27,Mono,051,14174,1884,1810,23,1833,4
2021-11-27,Monterey,053,433212,49685,48400,3105,51505,625
2021-11-27,Napa,055,140530,13325,13256,115,13371,104
2021-11-27,Nevada,057,99092,9774,9584,342,9926,103
2021-11-27,Orange,059,3164182,314345,310809,15802,326611,5665
2021-11-27,Placer,061,380077,38638,38001,3819,41820,468
2021-11-27,Plumas,063,18699,1942,1860,43,1903,7
2021-11-27,Riverside,065,2383286,374216,367601,16541,384142,5306
2021-11-27,Sacramento,067,1510023,164074,162328,4850,167178,2335
2021-11-27,San Benito,069,59416,7628,7575,178,7753,77
2021-11-27,San Bernardino,071,2135413,365220,360033,11547,371580,5932
2021-11-27,San Diego,073,3302833,386177,382634,22580,405214,4319
2021-11-27,San Francisco,075,870044,54689,53830,2380,56210,669
2021-11-27,San Joaquin,077,732212,102483,101368,5534,106902,1833
2021-11-27,San Luis Obispo,079,281455,30546,29983,1308,31291,358
2021-11-27,San Mateo,081,765935,55618,54360,931,55291,577
2021-11-27,Santa Barbara,083,443738,45832,45318,1578,46896,548
2021-11-27,Santa Clara,085,1922200,151773,149700,1503,151203,1922
2021-11-27,Santa Cruz,087,273765,21332,20929,1017,21946,222
2021-11-27,Shasta,089,179085,22455,22151,3677,25828,396
2021-11-27,Sierra,091,2930,196,194,21,215,0
2021-11-27,Siskiyou,093,43540,3445,3336,1325,4661,54
2021-11-27,Solano,095,438530,47048,46163,1324,47487,356
2021-11-27,Sonoma,097,501317,42873,42368,555,42923,405
2021-11-27,Stanislaus,099,539301,80945,80782,9096,89878,1220
2021-11-27,Sutter,101,95872,14203,14127,379,14506,181
2021-11-27,Tehama,103,63373,8791,8675,1517,10192,129
2021-11-27,Trinity,105,12862,896,789,219,1008,17
2021-11-27,Tulare,107,460477,70778,69377,15786,85163,1082
2021-11-27,Tuolumne,109,53932,7669,7574,113,7687,90
2021-11-27,Ventura,111,848112,100233,99163,4356,103519,1188
2021-11-27,Yolo,113,214977,20547,20237,1039,21276,257
2021-11-27,Yuba,115,75493,10427,10335,365,10700,88
2021-11-26,Alameda,001,1643700,122382,121618,2840,124458,1477
2021-11-26,Alpine,002,1148,105,106,0,106,0
2021-11-26,Amador,005,37829,5731,5670,67,5737,66
2021-11-26,Butte,007,227075,21704,21384,4048,25432,309
2021-11-26,Calaveras,009,45235,4366,4294,61,4355,85
2021-11-26,Colusa,011,21464,2611,2568,662,3230,19
2021-11-26,Contra Costa,013,1133247,101897,100961,2269,103230,1045
2021-11-26,Del Norte,015,27424,3759,3661,55,3716,42
2021-11-26,El Dorado,017,186661,16720,16399,1772,18171,161
2021-11-26,Fresno,019,978130,145432,143386,13041,156427,2246
2021-11-26,Glenn,021,27897,3584,3532,1036,4568,36
2021-11-26,Humboldt,023,135768,9554,9399,647,10046,115
2021-11-26,Imperial,025,180216,35186,34611,3457,38068,769
2021-11-26,Inyo,027,18085,2543,2506,38,2544,45
2021-11-26,Kern,029,883053,132215,130245,23550,153795,1773
2021-11-26,Kings,031,150075,33341,32891,2000,34891,358
2021-11-26,Lake,033,64148,6923,6836,152,6988,110
2021-11-26,Lassen,035,31185,7040,6959,406,7365,47
2021-11-26,Los Angeles,037,10098052,1467936,1454495,54683,1509178,26817
2021-11-26,Madera,039,155013,24245,23880,2252,26132,296
2021-11-26,Marin,041,260295,18077,17857,494,18351,248
2021-11-26,Mariposa,043,17540,1423,1374,59,1433,6
2021-11-26,Mendocino,045,87422,8044,7871,650,8521,89
2021-11-26,Merced,047,269075,43206,42921,2054,44975,664
2021-11-26,Modoc,049,8938,587,551,200,751,5
2021-11-26,Mono,051,14174,1873,1810,23,1833,4
2021-11-26,Monterey,053,433212,49642,48400,3098,51498,625
2021-11-26,Napa,055,140530,13309,13256,115,13371,104
2021-11-26,Nevada,057,99092,9762,9584,342,9926,103
2021-11-26,Orange,059,3164182,314076,310809,15770,326579,5665
2021-11-26,Placer,061,380077,38593,38001,3811,41812,468
2021-11-26,Plumas,063,18699,1937,1860,43,1903,7
2021-11-26,Riverside,065,2383286,373814,367601,16534,384135,5306
2021-11-26,Sacramento,067,1510023,163961,162328,4845,167173,2335
2021-11-26,San Benito,069,59416,7620,7575,178,7753,77
2021-11-26,San Bernardino,071,2135413,364787,360033,11540,371573,5932
2021-11-26,San Diego,073,3302833,385632,382634,22568,405202,4319
2021-11-26,San Francisco,075,870044,54641,53830,2378,56208,669
2021-11-26,San Joaquin,077,732212,102426,101368,5533,106901,1833
2021-11-26,San Luis Obispo,079,281455,30504,29983,1305,31288,358
2021-11-26,San Mateo,081,765935,55555,54360,930,55290,577
2021-11-26,Santa Barbara,083,443738,45785,45318,1577,46895,548
2021-11-26,Santa Clara,085,1922200,151604,149700,1495,151195,1922
2021-11-26,Santa Cruz,087,273765,21292,20929,1017,21946,222
2021-11-26,Shasta,089,179085,22435,22151,3675,25826,396
2021-11-26,Sierra,091,2930,196,194,21,215,0
2021-11-26,Siskiyou,093,43540,3442,3336,1324,4660,54
2021-11-26,Solano,095,438530,47006,46163,1323,47486,356
2021-11-26,Sonoma,097,501317,42823,42368,553,42921,405
2021-11-26,Stanislaus,099,539301,80872,80782,9085,89867,1220
2021-11-26,Sutter,101,95872,14190,14127,378,14505,181
2021-11-26,Tehama,103,63373,8789,8675,1516,10191,129
2021-11-26,Trinity,105,12862,895,789,219,1008,17
2021-11-26,Tulare,107,460477,70732,69377,15754,85131,1082
2021-11-26,Tuolumne,109,53932,7659,7574,113,7687,90
2021-11-26,Ventura,111,848112,100153,99163,4351,103514,1188
2021-11-26,Yolo,113,214977,20527,20237,1033,21270,257
2021-11-26,Yuba,115,75493,10421,10335,365,10700,88
2021-11-25,Alameda,001,1643700,122273,121618,2835,124453,1477
2021-11-25,Alpine,002,1148,105,106,0,106,0
2021-11-25,Amador,005,37829,5723,5670,67,5737,66
2021-11-25,Butte,007,227075,21686,21384,4046,25430,309
2021-11-25,Calaveras,009,45235,4361,4294,61,4355,85
2021-11-25,Colusa,011,21464,2608,2568,660,3228,19
2021-11-25,Contra Costa,013,1133247,101793,100961,2266,103227,1045
2021-11-25,Del Norte,015,27424,3754,3661,55,3716,42
2021-11-25,El Dorado,017,186661,16701,16399,1772,18171,161
2021-11-25,Fresno,019,978130,145299,143386,13032,156418,2246
2021-11-25,Glenn,021,27897,3581,3532,1035,4567,36
2021-11-25,Humboldt,023,135768,9535,9399,644,10043,115
2021-11-25,Imperial,025,180216,35141,34611,3446,38057,769
2021-11-25,Inyo,027,18085,2541,2506,38,2544,45
2021-11-25,Kern,029,883053,132117,130245,23504,153749,1773
2021-11-25,Kings,031,150075,33313,32891,1999,34890,358
2021-11-25,Lake,033,64148,6916,6836,152,6988,110
2021-11-25,Lassen,035,31185,7038,6959,405,7364,47
2021-11-25,Los Angeles,037,10098052,1466966,1454495,54626,1509121,26817
2021-11-25,Madera,039,155013,24209,23880,2251,26131,296
2021-11-25,Marin,041,260295,18050,17857,488,18345,248
2021-11-25,Mariposa,043,17540,1420,1374,59,1433,6
2021-11-25,Mendocino,045,87422,8026,7871,650,8521,89
2021-11-25,Merced,047,269075,43167,42921,2048,44969,664
2021-11-25,Modoc,049,8938,586,551,200,751,5
2021-11-25,Mono,051,14174,1862,1810,23,1833,4
2021-11-25,Monterey,053,433212,49598,48400,3089,51489,625
2021-11-25,Napa,055,140530,13301,13256,115,13371,104
2021-11-25,Nevada,057,99092,9743,9584,339,9923,103
2021-11-25,Orange,059,3164182,313813,310809,15739,326548,5665
2021-11-25,Placer,061,380077,38547,38001,3805,41806,468
2021-11-25,Plumas,063,18699,1935,1860,43,1903,7
2021-11-25,Riverside,065,2383286,373399,367601,16527,384128,5306
2021-11-25,Sacramento,067,1510023,163782,162328,4839,167167,2335
2021-11-25,San Benito,069,59416,7613,7575,178,7753,77
2021-11-25,San Bernardino,071,2135413,364388,360033,11523,371556,5932
2021-11-25,San Diego,073,3302833,385190,382634,22549,405183,4319
2021-11-25,San Francisco,075,870044,54592,53830,2375,56205,669
2021-11-25,San Joaquin,077,732212,102344,101368,5529,106897,1833
2021-11-25,San Luis Obispo,079,281455,30474,29983,1303,31286,358
2021-11-25,San Mateo,081,765935,55506,54360,928,55288,577
2021-11-25,Santa Barbara,083,443738,45746,45318,1575,46893,548
2021-11-25,Santa Clara,085,1922200,151446,149700,1490,151190,1922
2021-11-25,Santa Cruz,087,273765,21259,20929,1017,21946,222
2021-11-25,Shasta,089,179085,22409,22151,3675,25826,396
2021-11-25,Sierra,091,2930,196,194,21,215,0
2021-11-25,Siskiyou,093,43540,3439,3336,1324,4660,54
2021-11-25,Solano,095,438530,46969,46163,1322,47485,356
2021-11-25,Sonoma,097,501317,42766,42368,549,42917,405
2021-11-25,Stanislaus,099,539301,80805,80782,9071,89853,1220
2021-11-25,Sutter,101,95872,14174,14127,377,14504,181
2021-11-25,Tehama,103,63373,8781,8675,1516,10191,129
2021-11-25,Trinity,105,12862,895,789,219,1008,17
2021-11-25,Tulare,107,460477,70664,69377,15728,85105,1082
2021-11-25,Tuolumne,109,53932,7647,7574,113,7687,90
2021-11-25,Ventura,111,848112,100087,99163,4348,103511,1188
2021-11-25,Yolo,113,214977,20496,20237,1030,21267,257
2021-11-25,Yuba,115,75493,10412,10335,364,10699,88
2021-11-24,Alameda,001,1643700,122210,121618,2831,124449,1477
2021-11-24,Alpine,002,1148,105,106,0,106,0
2021-11-24,Amador,005,37829,5713,5670,67,5737,66
2021-11-24,Butte,007,227075,21670,21384,4045,25429,309
2021-11-24,Calaveras,009,45235,4354,4294,61,4355,85
2021-11-24,Colusa,011,21464,2608,2568,659,3227,19
2021-11-24,Contra Costa,013,1133247,101754,100961,2263,103224,1045
2021-11-24,Del Norte,015,27424,3751,3661,55,3716,42
2021-11-24,El Dorado,017,186661,16690,16399,1771,18170,161
2021-11-24,Fresno,019,978130,145244,143386,13031,156417,2246
2021-11-24,Glenn,021,27897,3576,3532,1034,4566,36
2021-11-24,Humboldt,023,135768,9520,9399,644,10043,115
2021-11-24,Imperial,025,180216,35112,34611,3440,38051,769
2021-11-24,Inyo,027,18085,2538,2506,38,2544,45
2021-11-24,Kern,029,883053,132055,130245,23492,153737,1773
2021-11-24,Kings,031,150075,33299,32891,1998,34889,358
2021-11-24,Lake,033,64148,6912,6836,152,6988,110
2021-11-24,Lassen,035,31185,7038,6959,405,7364,47
2021-11-24,Los Angeles,037,10098052,1466481,1454495,54584,1509079,26817
2021-11-24,Madera,039,155013,24186,23880,2245,26125,296
2021-11-24,Marin,041,260295,18038,17857,486,18343,248
2021-11-24,Mariposa,043,17540,1420,1374,59,1433,6
2021-11-24,Mendocino,045,87422,8014,7871,650,8521,89
2021-11-24,Merced,047,269075,43135,42921,2045,44966,664
2021-11-24,Modoc,049,8938,586,551,200,751,5
2021-11-24,Mono,051,14174,1859,1810,23,1833,4
2021-11-24,Monterey,053,433212,49585,48400,3088,51488,625
2021-11-24,Napa,055,140530,13297,13256,115,13371,104
2021-11-24,Nevada,057,99092,9728,9584,339,9923,103
2021-11-24,Orange,059,3164182,313658,310809,15724,326533,5665
2021-11-24,Placer,061,380077,38514,38001,3803,41804,468
2021-11-24,Plumas,063,18699,1933,1860,43,1903,7
2021-11-24,Riverside,065,2383286,373220,367601,16521,384122,5306
2021-11-24,Sacramento,067,1510023,163710,162328,4839,167167,2335
2021-11-24,San Benito,069,59416,7611,7575,178,7753,77
2021-11-24,San Bernardino,071,2135413,364177,360033,11513,371546,5932
2021-11-24,San Diego,073,3302833,384932,382634,22536,405170,4319
2021-11-24,San Francisco,075,870044,54562,53830,2373,56203,669
2021-11-24,San Joaquin,077,732212,102303,101368,5526,106894,1833
2021-11-24,San Luis Obispo,079,281455,30455,29983,1303,31286,358
2021-11-24,San Mateo,081,765935,55476,54360,927,55287,577
2021-11-24,Santa Barbara,083,443738,45719,45318,1575,46893,548
2021-11-24,Santa Clara,085,1922200,151350,149700,1489,151189,1922
2021-11-24,Santa Cruz,087,273765,21236,20929,1016,21945,222
2021-11-24,Shasta,089,179085,22398,22151,3672,25823,396
2021-11-24,Sierra,091,2930,196,194,21,215,0
2021-11-24,Siskiyou,093,43540,3436,3336,1324,4660,54
2021-11-24,Solano,095,438530,46941,46163,1320,47483,356
2021-11-24,Sonoma,097,501317,42734,42368,547,42915,405
2021-11-24,Stanislaus,099,539301,80768,80782,9066,89848,1220
2021-11-24,Sutter,101,95872,14161,14127,375,14502,181
2021-11-24,Tehama,103,63373,8778,8675,1515,10190,129
2021-11-24,Trinity,105,12862,895,789,219,1008,17
2021-11-24,Tulare,107,460477,70640,69377,15709,85086,1082
2021-11-24,Tuolumne,109,53932,7643,7574,113,7687,90
2021-11-24,Ventura,111,848112,100052,99163,4344,103507,1188
2021-11-24,Yolo,113,214977,20487,20237,1030,21267,257
2021-11-24,Yuba,115,75493,10408,10335,363,10698,88
2021-11-23,Alameda,001,1643700,122092,121618,2824,124442,1477
2021-11-23,Alpine,002,1148,105,106,0,106,0
2021-11-23,Amador,005,37829,5706,5670,67,5737,66
2021-11-23,Butte,007,227075,21641,21384,4041,25425,309
2021-11-23,Calaveras,009,45235,4348,4294,60,4354,85
2021-11-23,Colusa,011,21464,2604,2568,657,3225,19
2021-11-23,Contra Costa,013,1133247,101647,100961,2261,103222,1045
2021-11-23,Del Norte,015,27424,3748,3661,55,3716,42
2021-11-23,El Dorado,017,186661,16659,16399,1768,18167,161
2021-11-23,Fresno,019,978130,145105,143386,13022,156408,2246
2021-11-23,Glenn,021,27897,3571,3532,1034,4566,36
2021-11-23,Humboldt,023,135768,9498,9399,641,10040,115
2021-11-23,Imperial,025,180216,35043,34611,3421,38032,769
2021-11-23,Inyo,027,18085,2534,2506,38,2544,45
2021-11-23,Kern,029,883053,131947,130245,23443,153688,1773
2021-11-23,Kings,031,150075,33257,32891,1997,34888,358
2021-11-23,Lake,033,64148,6907,6836,152,6988,110
2021-11-23,Lassen,035,31185,7035,6959,402,7361,47
2021-11-23,Los Angeles,037,10098052,1465472,1454495,54517,1509012,26817
2021-11-23,Madera,039,155013,24160,23880,2243,26123,296
2021-11-23,Marin,041,260295,18008,17857,483,18340,248
2021-11-23,Mariposa,043,17540,1417,1374,59,1433,6
2021-11-23,Mendocino,045,87422,7993,7871,647,8518,89
2021-11-23,Merced,047,269075,43096,42921,2044,44965,664
2021-11-23,Modoc,049,8938,584,551,200,751,5
2021-11-23,Mono,051,14174,1845,1810,23,1833,4
2021-11-23,Monterey,053,433212,49549,48400,3082,51482,625
2021-11-23,Napa,055,140530,13289,13256,115,13371,104
2021-11-23,Nevada,057,99092,9699,9584,338,9922,103
2021-11-23,Orange,059,3164182,313408,310809,15688,326497,5665
2021-11-23,Placer,061,380077,38455,38001,3786,41787,468
2021-11-23,Plumas,063,18699,1929,1860,43,1903,7
2021-11-23,Riverside,065,2383286,372837,367601,16508,384109,5306
2021-11-23,Sacramento,067,1510023,163524,162328,4828,167156,2335
2021-11-23,San Benito,069,59416,7602,7575,176,7751,77
2021-11-23,San Bernardino,071,2135413,363760,360033,11498,371531,5932
2021-11-23,San Diego,073,3302833,384447,382634,22513,405147,4319
2021-11-23,San Francisco,075,870044,54503,53830,2371,56201,669
2021-11-23,San Joaquin,077,732212,102193,101368,5515,106883,1833
2021-11-23,San Luis Obispo,079,281455,30420,29983,1300,31283,358
2021-11-23,San Mateo,081,765935,55426,54360,926,55286,577
2021-11-23,Santa Barbara,083,443738,45666,45318,1575,46893,548
2021-11-23,Santa Clara,085,1922200,151139,149700,1477,151177,1922
2021-11-23,Santa Cruz,087,273765,21198,20929,1016,21945,222
2021-11-23,Shasta,089,179085,22362,22151,3670,25821,396
2021-11-23,Sierra,091,2930,196,194,21,215,0
2021-11-23,Siskiyou,093,43540,3431,3336,1323,4659,54
2021-11-23,Solano,095,438530,46887,46163,1316,47479,356
2021-11-23,Sonoma,097,501317,42683,42368,544,42912,405
2021-11-23,Stanislaus,099,539301,80698,80782,9054,89836,1220
2021-11-23,Sutter,101,95872,14145,14127,374,14501,181
2021-11-23,Tehama,103,63373,8765,8675,1514,10189,129
2021-11-23,Trinity,105,12862,894,789,219,1008,17
2021-11-23,Tulare,107,460477,70593,69377,15679,85056,1082
2021-11-23,Tuolumne,109,53932,7631,7574,112,7686,90
2021-11-23,Ventura,111,848112,99969,99163,4338,103501,1188
2021-11-23,Yolo,113,214977,20464,20237,1024,21261,257
2021-11-23,Yuba,115,75493,10396,10335,363,10698,88
2021-11-22,Alameda,001,1643700,121977,121566,2823,124389,1475
2021-11-22,Alpine,002,1148,105,106,0,106,0
2021-11-22,Amador,005,37829,5693,5670,67,5737,66
2021-11-22,Butte,007,227075,21602,21363,4036,25399,305
2021-11-22,Calaveras,009,45235,4336,4294,60,4354,84
2021-11-22,Colusa,011,21464,2601,2565,657,3222,19
2021-11-22,Contra Costa,013,1133247,101559,100877,2256,103133,1045
2021-11-22,Del Norte,015,27424,3745,3659,55,3714,42
2021-11-22,El Dorado,017,186661,16636,16378,1765,18143,161
2021-11-22,Fresno,019,978130,144972,143290,13014,156304,2243
2021-11-22,Glenn,021,27897,3566,3530,1033,4563,36
2021-11-22,Humboldt,023,135768,9472,9389,636,10025,115
2021-11-22,Imperial,025,180216,34982,34562,3407,37969,766
2021-11-22,Inyo,027,18085,2528,2501,38,2539,44
2021-11-22,Kern,029,883053,131786,130091,23394,153485,1762
2021-11-22,Kings,031,150075,33220,32867,1992,34859,358
2021-11-22,Lake,033,64148,6902,6837,152,6989,110
2021-11-22,Lassen,035,31185,7033,6954,401,7355,47
2021-11-22,Los Angeles,037,10098052,1464407,1453945,54435,1508380,26800
2021-11-22,Madera,039,155013,24126,23872,2235,26107,296
2021-11-22,Marin,041,260295,17977,17842,481,18323,248
2021-11-22,Mariposa,043,17540,1413,1372,59,1431,6
2021-11-22,Mendocino,045,87422,7977,7859,646,8505,89
2021-11-22,Merced,047,269075,43045,42898,2033,44931,660
2021-11-22,Modoc,049,8938,583,551,200,751,5
2021-11-22,Mono,051,14174,1838,1809,23,1832,4
2021-11-22,Monterey,053,433212,49521,48374,3078,51452,611
2021-11-22,Napa,055,140530,13280,13255,114,13369,104
2021-11-22,Nevada,057,99092,9682,9575,336,9911,96
2021-11-22,Orange,059,3164182,313166,310654,15662,326316,5663
2021-11-22,Placer,061,380077,38408,37956,3778,41734,465
2021-11-22,Plumas,063,18699,1926,1858,43,1901,7
2021-11-22,Riverside,065,2383286,372400,367301,16499,383800,5283
2021-11-22,Sacramento,067,1510023,163332,162222,4819,167041,2328
2021-11-22,San Benito,069,59416,7582,7567,176,7743,77
2021-11-22,San Bernardino,071,2135413,363343,359851,11487,371338,5916
2021-11-22,San Diego,073,3302833,383953,382132,22489,404621,4317
2021-11-22,San Francisco,075,870044,54411,53778,2365,56143,669
2021-11-22,San Joaquin,077,732212,102068,101299,5510,106809,1833
2021-11-22,San Luis Obispo,079,281455,30394,29963,1297,31260,358
2021-11-22,San Mateo,081,765935,55369,54330,924,55254,577
2021-11-22,Santa Barbara,083,443738,45590,45279,1575,46854,546
2021-11-22,Santa Clara,085,1922200,150955,149541,1467,151008,1919
2021-11-22,Santa Cruz,087,273765,21157,20891,1016,21907,222
2021-11-22,Shasta,089,179085,22348,22116,3665,25781,393
2021-11-22,Sierra,091,2930,196,193,21,214,0
2021-11-22,Siskiyou,093,43540,3426,3336,1321,4657,54
2021-11-22,Solano,095,438530,46838,46153,1314,47467,356
2021-11-22,Sonoma,097,501317,42622,42344,543,42887,404
2021-11-22,Stanislaus,099,539301,80611,80718,9044,89762,1209
2021-11-22,Sutter,101,95872,14129,14125,372,14497,181
2021-11-22,Tehama,103,63373,8758,8669,1509,10178,127
2021-11-22,Trinity,105,12862,893,785,219,1004,17
2021-11-22,Tulare,107,460477,70533,69314,15643,84957,1075
2021-11-22,Tuolumne,109,53932,7616,7567,112,7679,90
2021-11-22,Ventura,111,848112,99903,99114,4335,103449,1186
2021-11-22,Yolo,113,214977,20441,20227,1022,21249,257
2021-11-22,Yuba,115,75493,10387,10332,362,10694,88
2021-11-21,Alameda,001,1643700,121845,121443,2819,124262,1475
2021-11-21,Alpine,002,1148,103,106,0,106,0
2021-11-21,Amador,005,37829,5688,5662,66,5728,66
2021-11-21,Butte,007,227075,21560,21342,4031,25373,306
2021-11-21,Calaveras,009,45235,4327,4287,60,4347,84
2021-11-21,Colusa,011,21464,2597,2562,656,3218,19
2021-11-21,Contra Costa,013,1133247,101457,100807,2249,103056,1045
2021-11-21,Del Norte,015,27424,3741,3659,55,3714,42
2021-11-21,El Dorado,017,186661,16609,16370,1759,18129,161
2021-11-21,Fresno,019,978130,144800,143203,12994,156197,2242
2021-11-21,Glenn,021,27897,3561,3529,1033,4562,36
2021-11-21,Humboldt,023,135768,9450,9378,635,10013,115
2021-11-21,Imperial,025,180216,34894,34527,3397,37924,766
2021-11-21,Inyo,027,18085,2521,2501,38,2539,44
2021-11-21,Kern,029,883053,131622,130020,23348,153368,1762
2021-11-21,Kings,031,150075,33182,32843,1988,34831,356
2021-11-21,Lake,033,64148,6895,6834,152,6986,110
2021-11-21,Lassen,035,31185,7024,6953,401,7354,47
2021-11-21,Los Angeles,037,10098052,1463347,1453181,54380,1507561,26793
2021-11-21,Madera,039,155013,24101,23856,2230,26086,296
2021-11-21,Marin,041,260295,17948,17829,478,18307,248
2021-11-21,Mariposa,043,17540,1412,1371,58,1429,6
2021-11-21,Mendocino,045,87422,7971,7846,643,8489,89
2021-11-21,Merced,047,269075,42990,42881,2030,44911,660
2021-11-21,Modoc,049,8938,579,551,200,751,5
2021-11-21,Mono,051,14174,1828,1799,22,1821,4
2021-11-21,Monterey,053,433212,49475,48358,3069,51427,611
2021-11-21,Napa,055,140530,13268,13250,114,13364,104
2021-11-21,Nevada,057,99092,9656,9556,335,9891,96
2021-11-21,Orange,059,3164182,312910,310477,15631,326108,5663
2021-11-21,Placer,061,380077,38327,37929,3777,41706,465
2021-11-21,Plumas,063,18699,1921,1858,43,1901,7
2021-11-21,Riverside,065,2383286,371908,367093,16491,383584,5283
2021-11-21,Sacramento,067,1510023,163114,162087,4809,166896,2327
2021-11-21,San Benito,069,59416,7568,7563,175,7738,77
2021-11-21,San Bernardino,071,2135413,362847,359621,11452,371073,5912
2021-11-21,San Diego,073,3302833,383422,380747,22464,403211,4317
2021-11-21,San Francisco,075,870044,54342,53741,2360,56101,669
2021-11-21,San Joaquin,077,732212,101961,101264,5497,106761,1833
2021-11-21,San Luis Obispo,079,281455,30356,29948,1297,31245,358
2021-11-21,San Mateo,081,765935,55317,54290,922,55212,577
2021-11-21,Santa Barbara,083,443738,45530,45237,1572,46809,546
2021-11-21,Santa Clara,085,1922200,150749,149387,1448,150835,1918
2021-11-21,Santa Cruz,087,273765,21113,20866,1014,21880,222
2021-11-21,Shasta,089,179085,22317,22112,3663,25775,393
2021-11-21,Sierra,091,2930,196,193,21,214,0
2021-11-21,Siskiyou,093,43540,3421,3333,1320,4653,54
2021-11-21,Solano,095,438530,46782,46122,1307,47429,356
2021-11-21,Sonoma,097,501317,42562,42298,542,42840,404
2021-11-21,Stanislaus,099,539301,80516,80687,9029,89716,1209
2021-11-21,Sutter,101,95872,14115,14111,372,14483,181
2021-11-21,Tehama,103,63373,8752,8669,1508,10177,127
2021-11-21,Trinity,105,12862,891,784,217,1001,17
2021-11-21,Tulare,107,460477,70450,69285,15605,84890,1075
2021-11-21,Tuolumne,109,53932,7608,7560,111,7671,90
2021-11-21,Ventura,111,848112,99812,99081,4332,103413,1186
2021-11-21,Yolo,113,214977,20413,20209,1019,21228,257
2021-11-21,Yuba,115,75493,10378,10326,362,10688,88
2021-11-20,Alameda,001,1643700,121751,121059,2813,123872,1473
2021-11-20,Alpine,002,1148,103,105,0,105,0
2021-11-20,Amador,005,37829,5682,5652,65,5717,66
2021-11-20,Butte,007,227075,21545,21265,4027,25292,300
2021-11-20,Calaveras,009,45235,4317,4268,60,4328,84
2021-11-20,Colusa,011,21464,2596,2549,655,3204,19
2021-11-20,Contra Costa,013,1133247,101381,100491,2245,102736,1043
2021-11-20,Del Norte,015,27424,3738,3637,55,3692,42
2021-11-20,El Dorado,017,186661,16588,16308,1757,18065,161
2021-11-20,Fresno,019,978130,144731,142579,12985,155564,2233
2021-11-20,Glenn,021,27897,3560,3526,1032,4558,35
2021-11-20,Humboldt,023,135768,9437,9302,633,9935,115
2021-11-20,Imperial,025,180216,34842,34312,3391,37703,766
2021-11-20,Inyo,027,18085,2520,2467,38,2505,44
2021-11-20,Kern,029,883053,131521,129488,23311,152799,1750
2021-11-20,Kings,031,150075,33172,32720,1988,34708,354
2021-11-20,Lake,033,64148,6892,6808,152,6960,110
2021-11-20,Lassen,035,31185,7023,6931,401,7332,47
2021-11-20,Los Angeles,037,10098052,1462728,1448963,54332,1503295,26741
2021-11-20,Madera,039,155013,24087,23720,2226,25946,296
2021-11-20,Marin,041,260295,17933,17774,478,18252,248
2021-11-20,Mariposa,043,17540,1411,1354,58,1412,6
2021-11-20,Mendocino,045,87422,7963,7773,643,8416,89
2021-11-20,Merced,047,269075,42964,42692,2030,44722,656
2021-11-20,Modoc,049,8938,578,550,200,750,5
2021-11-20,Mono,051,14174,1822,1767,22,1789,4
2021-11-20,Monterey,053,433212,49462,48260,3064,51324,609
2021-11-20,Napa,055,140530,13265,13184,114,13298,103
2021-11-20,Nevada,057,99092,9640,9480,335,9815,92
2021-11-20,Orange,059,3164182,312710,309672,15614,325286,5658
2021-11-20,Placer,061,380077,38287,37800,3772,41572,462
2021-11-20,Plumas,063,18699,1917,1841,43,1884,7
2021-11-20,Riverside,065,2383286,371635,365809,16479,382288,5265
2021-11-20,Sacramento,067,1510023,163010,161533,4805,166338,2316
2021-11-20,San Benito,069,59416,7564,7533,175,7708,77
2021-11-20,San Bernardino,071,2135413,362567,358322,11441,369763,5897
2021-11-20,San Diego,073,3302833,383096,380147,22438,402585,4311
2021-11-20,San Francisco,075,870044,54303,53525,2359,55884,669
2021-11-20,San Joaquin,077,732212,101911,100922,5492,106414,1832
2021-11-20,San Luis Obispo,079,281455,30342,29815,1296,31111,355
2021-11-20,San Mateo,081,765935,55283,54132,921,55053,577
2021-11-20,Santa Barbara,083,443738,45498,45074,1572,46646,544
2021-11-20,Santa Clara,085,1922200,150642,148829,1447,150276,1917
2021-11-20,Santa Cruz,087,273765,21095,20756,1014,21770,222
2021-11-20,Shasta,089,179085,22293,21968,3662,25630,383
2021-11-20,Sierra,091,2930,196,191,21,212,0
2021-11-20,Siskiyou,093,43540,3418,3313,1320,4633,54
2021-11-20,Solano,095,438530,46761,46006,1307,47313,356
2021-11-20,Sonoma,097,501317,42531,42151,542,42693,403
2021-11-20,Stanislaus,099,539301,80470,80412,9025,89437,1205
2021-11-20,Sutter,101,95872,14107,14074,372,14446,181
2021-11-20,Tehama,103,63373,8747,8648,1508,10156,125
2021-11-20,Trinity,105,12862,887,771,217,988,17
2021-11-20,Tulare,107,460477,70411,69074,15584,84658,1054
2021-11-20,Tuolumne,109,53932,7600,7511,111,7622,90
2021-11-20,Ventura,111,848112,99763,98893,4325,103218,1186
2021-11-20,Yolo,113,214977,20404,20139,1016,21155,257
2021-11-20,Yuba,115,75493,10372,10290,361,10651,88
2021-11-19,Alameda,001,1643700,121676,121059,2810,123869,1473
2021-11-19,Alpine,002,1148,103,105,0,105,0
2021-11-19,Amador,005,37829,5672,5652,65,5717,66
2021-11-19,Butte,007,227075,21522,21265,4020,25285,300
2021-11-19,Calaveras,009,45235,4310,4268,60,4328,84
2021-11-19,Colusa,011,21464,2594,2549,654,3203,19
2021-11-19,Contra Costa,013,1133247,101324,100491,2240,102731,1043
2021-11-19,Del Norte,015,27424,3733,3637,55,3692,42
2021-11-19,El Dorado,017,186661,16566,16308,1755,18063,161
2021-11-19,Fresno,019,978130,144614,142579,12976,155555,2233
2021-11-19,Glenn,021,27897,3559,3526,1031,4557,35
2021-11-19,Humboldt,023,135768,9425,9302,630,9932,115
2021-11-19,Imperial,025,180216,34805,34312,3384,37696,766
2021-11-19,Inyo,027,18085,2516,2467,38,2505,44
2021-11-19,Kern,029,883053,131418,129488,23268,152756,1750
2021-11-19,Kings,031,150075,33147,32720,1986,34706,354
2021-11-19,Lake,033,64148,6889,6808,152,6960,110
2021-11-19,Lassen,035,31185,7018,6931,400,7331,47
2021-11-19,Los Angeles,037,10098052,1462040,1448963,54279,1503242,26741
2021-11-19,Madera,039,155013,24066,23720,2221,25941,296
2021-11-19,Marin,041,260295,17915,17774,476,18250,248
2021-11-19,Mariposa,043,17540,1409,1354,58,1412,6
2021-11-19,Mendocino,045,87422,7943,7773,643,8416,89
2021-11-19,Merced,047,269075,42938,42692,2029,44721,656
2021-11-19,Modoc,049,8938,577,550,200,750,5
2021-11-19,Mono,051,14174,1811,1767,22,1789,4
2021-11-19,Monterey,053,433212,49440,48260,3064,51324,609
2021-11-19,Napa,055,140530,13254,13184,113,13297,103
2021-11-19,Nevada,057,99092,9627,9480,335,9815,92
2021-11-19,Orange,059,3164182,312556,309672,15589,325261,5658
2021-11-19,Placer,061,380077,38250,37800,3768,41568,462
2021-11-19,Plumas,063,18699,1913,1841,43,1884,7
2021-11-19,Riverside,065,2383286,371361,365809,16475,382284,5265
2021-11-19,Sacramento,067,1510023,162885,161533,4801,166334,2316
2021-11-19,San Benito,069,59416,7558,7533,173,7706,77
2021-11-19,San Bernardino,071,2135413,362244,358322,11432,369754,5897
2021-11-19,San Diego,073,3302833,382705,380147,22412,402559,4311
2021-11-19,San Francisco,075,870044,54265,53525,2359,55884,669
2021-11-19,San Joaquin,077,732212,101854,100922,5488,106410,1832
2021-11-19,San Luis Obispo,079,281455,30324,29815,1294,31109,355
2021-11-19,San Mateo,081,765935,55235,54132,917,55049,577
2021-11-19,Santa Barbara,083,443738,45461,45074,1572,46646,544
2021-11-19,Santa Clara,085,1922200,150494,148829,1444,150273,1917
2021-11-19,Santa Cruz,087,273765,21068,20756,1011,21767,222
2021-11-19,Shasta,089,179085,22281,21968,3661,25629,383
2021-11-19,Sierra,091,2930,196,191,21,212,0
2021-11-19,Siskiyou,093,43540,3415,3313,1320,4633,54
2021-11-19,Solano,095,438530,46730,46006,1303,47309,356
2021-11-19,Sonoma,097,501317,42498,42151,539,42690,403
2021-11-19,Stanislaus,099,539301,80412,80412,9016,89428,1205
2021-11-19,Sutter,101,95872,14105,14074,372,14446,181
2021-11-19,Tehama,103,63373,8744,8648,1508,10156,125
2021-11-19,Trinity,105,12862,885,771,217,988,17
2021-11-19,Tulare,107,460477,70370,69074,15558,84632,1054
2021-11-19,Tuolumne,109,53932,7589,7511,111,7622,90
2021-11-19,Ventura,111,848112,99698,98893,4322,103215,1186
2021-11-19,Yolo,113,214977,20392,20139,1015,21154,257
2021-11-19,Yuba,115,75493,10369,10290,361,10651,88
2021-11-18,Alameda,001,1643700,121551,121059,2803,123862,1473
2021-11-18,Alpine,002,1148,103,105,0,105,0
2021-11-18,Amador,005,37829,5670,5652,65,5717,66
2021-11-18,Butte,007,227075,21505,21265,4013,25278,300
2021-11-18,Calaveras,009,45235,4303,4268,59,4327,84
2021-11-18,Colusa,011,21464,2586,2549,654,3203,19
2021-11-18,Contra Costa,013,1133247,101222,100491,2232,102723,1043
2021-11-18,Del Norte,015,27424,3730,3637,55,3692,42
2021-11-18,El Dorado,017,186661,16545,16308,1752,18060,161
2021-11-18,Fresno,019,978130,144474,142579,12966,155545,2233
2021-11-18,Glenn,021,27897,3558,3526,1030,4556,35
2021-11-18,Humboldt,023,135768,9408,9302,625,9927,115
2021-11-18,Imperial,025,180216,34750,34312,3368,37680,766
2021-11-18,Inyo,027,18085,2508,2467,38,2505,44
2021-11-18,Kern,029,883053,131270,129488,23221,152709,1750
2021-11-18,Kings,031,150075,33110,32720,1983,34703,354
2021-11-18,Lake,033,64148,6884,6808,152,6960,110
2021-11-18,Lassen,035,31185,7015,6931,395,7326,47
2021-11-18,Los Angeles,037,10098052,1461052,1448963,54219,1503182,26741
2021-11-18,Madera,039,155013,24041,23720,2217,25937,296
2021-11-18,Marin,041,260295,17898,17774,472,18246,248
2021-11-18,Mariposa,043,17540,1406,1354,58,1412,6
2021-11-18,Mendocino,045,87422,7921,7773,634,8407,89
2021-11-18,Merced,047,269075,42881,42692,2027,44719,656
2021-11-18,Modoc,049,8938,565,550,200,750,5
2021-11-18,Mono,051,14174,1803,1767,22,1789,4
2021-11-18,Monterey,053,433212,49415,48260,3059,51319,609
2021-11-18,Napa,055,140530,13242,13184,112,13296,103
2021-11-18,Nevada,057,99092,9603,9480,335,9815,92
2021-11-18,Orange,059,3164182,312319,309672,15569,325241,5658
2021-11-18,Placer,061,380077,38207,37800,3757,41557,462
2021-11-18,Plumas,063,18699,1912,1841,43,1884,7
2021-11-18,Riverside,065,2383286,370986,365809,16462,382271,5265
2021-11-18,Sacramento,067,1510023,162657,161533,4786,166319,2316
2021-11-18,San Benito,069,59416,7548,7533,173,7706,77
2021-11-18,San Bernardino,071,2135413,361811,358322,11413,369735,5897
2021-11-18,San Diego,073,3302833,382208,380147,22395,402542,4311
2021-11-18,San Francisco,075,870044,54213,53525,2355,55880,669
2021-11-18,San Joaquin,077,732212,101761,100922,5480,106402,1832
2021-11-18,San Luis Obispo,079,281455,30294,29815,1293,31108,355
2021-11-18,San Mateo,081,765935,55176,54132,914,55046,577
2021-11-18,Santa Barbara,083,443738,45415,45074,1565,46639,544
2021-11-18,Santa Clara,085,1922200,150303,148829,1436,150265,1917
2021-11-18,Santa Cruz,087,273765,21017,20756,1010,21766,222
2021-11-18,Shasta,089,179085,22245,21968,3656,25624,383
2021-11-18,Sierra,091,2930,195,191,21,212,0
2021-11-18,Siskiyou,093,43540,3415,3313,1316,4629,54
2021-11-18,Solano,095,438530,46687,46006,1301,47307,356
2021-11-18,Sonoma,097,501317,42449,42151,537,42688,403
2021-11-18,Stanislaus,099,539301,80345,80412,9008,89420,1205
2021-11-18,Sutter,101,95872,14094,14074,371,14445,181
2021-11-18,Tehama,103,63373,8739,8648,1508,10156,125
2021-11-18,Trinity,105,12862,884,771,217,988,17
2021-11-18,Tulare,107,460477,70296,69074,15514,84588,1054
2021-11-18,Tuolumne,109,53932,7579,7511,111,7622,90
2021-11-18,Ventura,111,848112,99621,98893,4318,103211,1186
2021-11-18,Yolo,113,214977,20375,20139,1011,21150,257
2021-11-18,Yuba,115,75493,10363,10290,361,10651,88
2021-11-17,Alameda,001,1643700,121429,120913,2802,123715,1472
2021-11-17,Alpine,002,1148,103,105,0,105,0
2021-11-17,Amador,005,37829,5664,5646,65,5711,66
2021-11-17,Butte,007,227075,21479,21230,4010,25240,300
2021-11-17,Calaveras,009,45235,4296,4259,59,4318,84
2021-11-17,Colusa,011,21464,2583,2546,653,3199,19
2021-11-17,Contra Costa,013,1133247,101130,100387,2228,102615,1039
2021-11-17,Del Norte,015,27424,3727,3630,55,3685,42
2021-11-17,El Dorado,017,186661,16525,16269,1751,18020,161
2021-11-17,Fresno,019,978130,144289,142366,12953,155319,2230
2021-11-17,Glenn,021,27897,3556,3527,1028,4555,34
2021-11-17,Humboldt,023,135768,9397,9270,622,9892,115
2021-11-17,Imperial,025,180216,34694,34256,3347,37603,766
2021-11-17,Inyo,027,18085,2502,2457,38,2495,44
2021-11-17,Kern,029,883053,131097,129307,23179,152486,1743
2021-11-17,Kings,031,150075,33083,32669,1979,34648,352
2021-11-17,Lake,033,64148,6880,6795,151,6946,110
2021-11-17,Lassen,035,31185,7013,6918,395,7313,47
2021-11-17,Los Angeles,037,10098052,1459955,1447947,54152,1502099,26721
2021-11-17,Madera,039,155013,24008,23673,2215,25888,287
2021-11-17,Marin,041,260295,17878,17757,470,18227,248
2021-11-17,Mariposa,043,17540,1402,1353,58,1411,6
2021-11-17,Mendocino,045,87422,7913,7735,633,8368,89
2021-11-17,Merced,047,269075,42822,42612,2022,44634,654
2021-11-17,Modoc,049,8938,561,540,200,740,5
2021-11-17,Mono,051,14174,1799,1765,22,1787,5
2021-11-17,Monterey,053,433212,49367,48221,3048,51269,609
2021-11-17,Napa,055,140530,13220,13167,112,13279,103
2021-11-17,Nevada,057,99092,9590,9447,335,9782,92
2021-11-17,Orange,059,3164182,312072,309396,15535,324931,5651
2021-11-17,Placer,061,380077,38159,37725,3749,41474,460
2021-11-17,Plumas,063,18699,1907,1833,43,1876,7
2021-11-17,Riverside,065,2383286,370575,365406,16449,381855,5229
2021-11-17,Sacramento,067,1510023,162488,161269,4779,166048,2302
2021-11-17,San Benito,069,59416,7541,7524,173,7697,77
2021-11-17,San Bernardino,071,2135413,361446,357947,11396,369343,5893
2021-11-17,San Diego,073,3302833,381717,379769,22369,402138,4301
2021-11-17,San Francisco,075,870044,54158,53469,2352,55821,667
2021-11-17,San Joaquin,077,732212,101659,100764,5475,106239,1828
2021-11-17,San Luis Obispo,079,281455,30268,29731,1290,31021,354
2021-11-17,San Mateo,081,765935,55108,54092,911,55003,577
2021-11-17,Santa Barbara,083,443738,45376,45000,1565,46565,542
2021-11-17,Santa Clara,085,1922200,150139,148626,1428,150054,1915
2021-11-17,Santa Cruz,087,273765,20982,20700,1010,21710,222
2021-11-17,Shasta,089,179085,22212,21883,3654,25537,382
2021-11-17,Sierra,091,2930,194,189,21,210,0
2021-11-17,Siskiyou,093,43540,3411,3307,1313,4620,54
2021-11-17,Solano,095,438530,46654,45948,1300,47248,353
2021-11-17,Sonoma,097,501317,42403,42093,534,42627,403
2021-11-17,Stanislaus,099,539301,80256,80276,8998,89274,1199
2021-11-17,Sutter,101,95872,14080,14064,369,14433,181
2021-11-17,Tehama,103,63373,8729,8633,1505,10138,125
2021-11-17,Trinity,105,12862,883,765,217,982,17
2021-11-17,Tulare,107,460477,70225,68977,15487,84464,1047
2021-11-17,Tuolumne,109,53932,7562,7485,111,7596,90
2021-11-17,Ventura,111,848112,99559,98812,4312,103124,1183
2021-11-17,Yolo,113,214977,20356,20100,1009,21109,257
2021-11-17,Yuba,115,75493,10351,10275,357,10632,88
2021-11-16,Alameda,001,1643700,121321,120809,2798,123607,1467
2021-11-16,Alpine,002,1148,103,105,0,105,0
2021-11-16,Amador,005,37829,5658,5644,65,5709,66
2021-11-16,Butte,007,227075,21453,21208,4005,25213,297
2021-11-16,Calaveras,009,45235,4287,4249,59,4308,83
2021-11-16,Colusa,011,21464,2577,2538,653,3191,19
2021-11-16,Contra Costa,013,1133247,101009,100320,2225,102545,1038
2021-11-16,Del Norte,015,27424,3721,3630,55,3685,42
2021-11-16,El Dorado,017,186661,16499,16248,1749,17997,159
2021-11-16,Fresno,019,978130,144103,142200,12931,155131,2218
2021-11-16,Glenn,021,27897,3555,3527,1025,4552,34
2021-11-16,Humboldt,023,135768,9377,9252,618,9870,115
2021-11-16,Imperial,025,180216,34611,34177,3333,37510,766
2021-11-16,Inyo,027,18085,2495,2449,38,2487,42
2021-11-16,Kern,029,883053,130937,129136,23118,152254,1735
2021-11-16,Kings,031,150075,33030,32614,1972,34586,350
2021-11-16,Lake,033,64148,6875,6789,151,6940,110
2021-11-16,Lassen,035,31185,7003,6915,395,7310,47
2021-11-16,Los Angeles,037,10098052,1458787,1446815,54080,1500895,26703
2021-11-16,Madera,039,155013,23970,23642,2209,25851,287
2021-11-16,Marin,041,260295,17859,17736,469,18205,248
2021-11-16,Mariposa,043,17540,1394,1349,57,1406,6
2021-11-16,Mendocino,045,87422,7871,7723,629,8352,89
2021-11-16,Merced,047,269075,42785,42578,2015,44593,653
2021-11-16,Modoc,049,8938,560,539,199,738,5
2021-11-16,Mono,051,14174,1790,1767,22,1789,4
2021-11-16,Monterey,053,433212,49337,48195,3034,51229,609
2021-11-16,Napa,055,140530,13209,13151,112,13263,103
2021-11-16,Nevada,057,99092,9573,9435,334,9769,92
2021-11-16,Orange,059,3164182,311805,309170,15501,324671,5651
2021-11-16,Placer,061,380077,38117,37676,3743,41419,459
2021-11-16,Plumas,063,18699,1898,1832,43,1875,7
2021-11-16,Riverside,065,2383286,370153,365078,16427,381505,5208
2021-11-16,Sacramento,067,1510023,162308,161102,4767,165869,2299
2021-11-16,San Benito,069,59416,7527,7513,173,7686,77
2021-11-16,San Bernardino,071,2135413,361021,357528,11343,368871,5901
2021-11-16,San Diego,073,3302833,381162,379435,22342,401777,4287
2021-11-16,San Francisco,075,870044,54085,53415,2344,55759,667
2021-11-16,San Joaquin,077,732212,101519,100637,5460,106097,1807
2021-11-16,San Luis Obispo,079,281455,30236,29703,1287,30990,356
2021-11-16,San Mateo,081,765935,55045,54034,909,54943,577
2021-11-16,Santa Barbara,083,443738,45308,44932,1562,46494,539
2021-11-16,Santa Clara,085,1922200,149957,148452,1416,149868,1916
2021-11-16,Santa Cruz,087,273765,20937,20684,1008,21692,222
2021-11-16,Shasta,089,179085,22173,21853,3650,25503,379
2021-11-16,Sierra,091,2930,194,189,21,210,0
2021-11-16,Siskiyou,093,43540,3408,3304,1311,4615,54
2021-11-16,Solano,095,438530,46614,45908,1299,47207,351
2021-11-16,Sonoma,097,501317,42354,42056,533,42589,401
2021-11-16,Stanislaus,099,539301,80159,80214,8975,89189,1196
2021-11-16,Sutter,101,95872,14068,14058,368,14426,181
2021-11-16,Tehama,103,63373,8722,8621,1498,10119,125
2021-11-16,Trinity,105,12862,883,762,216,978,17
2021-11-16,Tulare,107,460477,70145,68881,15452,84333,1039
2021-11-16,Tuolumne,109,53932,7552,7478,111,7589,90
2021-11-16,Ventura,111,848112,99484,98731,4309,103040,1183
2021-11-16,Yolo,113,214977,20318,20077,1007,21084,257
2021-11-16,Yuba,115,75493,10343,10262,355,10617,85
2021-11-15,Alameda,001,1643700,121163,120731,2794,123525,1464
2021-11-15,Alpine,002,1148,103,105,0,105,0
2021-11-15,Amador,005,37829,5653,5637,65,5702,66
2021-11-15,Butte,007,227075,21429,21182,4000,25182,296
2021-11-15,Calaveras,009,45235,4273,4237,59,4296,83
2021-11-15,Colusa,011,21464,2570,2535,650,3185,19
2021-11-15,Contra Costa,013,1133247,100903,100251,2222,102473,1038
2021-11-15,Del Norte,015,27424,3716,3630,54,3684,42
2021-11-15,El Dorado,017,186661,16475,16236,1745,17981,159
2021-11-15,Fresno,019,978130,143881,142015,12909,154924,2210
2021-11-15,Glenn,021,27897,3553,3526,1025,4551,34
2021-11-15,Humboldt,023,135768,9355,9230,610,9840,115
2021-11-15,Imperial,025,180216,34538,34130,3317,37447,766
2021-11-15,Inyo,027,18085,2490,2442,38,2480,42
2021-11-15,Kern,029,883053,130728,128928,23049,151977,1730
2021-11-15,Kings,031,150075,32996,32584,1967,34551,348
2021-11-15,Lake,033,64148,6871,6784,151,6935,109
2021-11-15,Lassen,035,31185,6992,6915,393,7308,47
2021-11-15,Los Angeles,037,10098052,1457599,1446114,54017,1500131,26677
2021-11-15,Madera,039,155013,23932,23605,2198,25803,287
2021-11-15,Marin,041,260295,17842,17723,468,18191,248
2021-11-15,Mariposa,043,17540,1393,1347,55,1402,6
2021-11-15,Mendocino,045,87422,7851,7694,623,8317,89
2021-11-15,Merced,047,269075,42728,42552,2004,44556,648
2021-11-15,Modoc,049,8938,559,538,198,736,5
2021-11-15,Mono,051,14174,1785,1763,22,1785,4
2021-11-15,Monterey,053,433212,49305,48154,3028,51182,609
2021-11-15,Napa,055,140530,13201,13143,112,13255,103
2021-11-15,Nevada,057,99092,9544,9420,333,9753,92
2021-11-15,Orange,059,3164182,311526,308859,15477,324336,5646
2021-11-15,Placer,061,380077,38054,37610,3739,41349,452
2021-11-15,Plumas,063,18699,1891,1829,43,1872,7
2021-11-15,Riverside,065,2383286,369704,364750,16408,381158,5199
2021-11-15,Sacramento,067,1510023,162087,160937,4755,165692,2293
2021-11-15,San Benito,069,59416,7522,7511,172,7683,77
2021-11-15,San Bernardino,071,2135413,360593,357306,11324,368630,5898
2021-11-15,San Diego,073,3302833,380625,378845,22317,401162,4284
2021-11-15,San Francisco,075,870044,54018,53374,2341,55715,667
2021-11-15,San Joaquin,077,732212,101365,100587,5449,106036,1799
2021-11-15,San Luis Obispo,079,281455,30193,29669,1275,30944,351
2021-11-15,San Mateo,081,765935,54992,54010,907,54917,576
2021-11-15,Santa Barbara,083,443738,45253,44879,1556,46435,539
2021-11-15,Santa Clara,085,1922200,149740,148313,1409,149722,1914
2021-11-15,Santa Cruz,087,273765,20895,20630,1007,21637,223
2021-11-15,Shasta,089,179085,22127,21779,3645,25424,374
2021-11-15,Sierra,091,2930,194,189,21,210,0
2021-11-15,Siskiyou,093,43540,3401,3302,1309,4611,54
2021-11-15,Solano,095,438530,46576,45885,1294,47179,351
2021-11-15,Sonoma,097,501317,42303,42021,532,42553,401
2021-11-15,Stanislaus,099,539301,80074,80129,8961,89090,1174
2021-11-15,Sutter,101,95872,14055,14043,367,14410,181
2021-11-15,Tehama,103,63373,8716,8615,1497,10112,125
2021-11-15,Trinity,105,12862,881,757,214,971,17
2021-11-15,Tulare,107,460477,70058,68826,15408,84234,1039
2021-11-15,Tuolumne,109,53932,7541,7461,111,7572,90
2021-11-15,Ventura,111,848112,99400,98605,4304,102909,1183
2021-11-15,Yolo,113,214977,20287,20065,1003,21068,255
2021-11-15,Yuba,115,75493,10324,10254,351,10605,85
2021-11-14,Alameda,001,1643700,120989,120629,2790,123419,1461
2021-11-14,Alpine,002,1148,102,105,0,105,0
2021-11-14,Amador,005,37829,5646,5632,64,5696,66
2021-11-14,Butte,007,227075,21397,21146,3991,25137,296
2021-11-14,Calaveras,009,45235,4262,4222,59,4281,83
2021-11-14,Colusa,011,21464,2568,2532,647,3179,19
2021-11-14,Contra Costa,013,1133247,100794,100188,2220,102408,1038
2021-11-14,Del Norte,015,27424,3713,3629,54,3683,42
2021-11-14,El Dorado,017,186661,16433,16212,1740,17952,159
2021-11-14,Fresno,019,978130,143599,141869,12875,154744,2209
2021-11-14,Glenn,021,27897,3551,3521,1025,4546,34
2021-11-14,Humboldt,023,135768,9324,9215,600,9815,115
2021-11-14,Imperial,025,180216,34435,34078,3302,37380,766
2021-11-14,Inyo,027,18085,2478,2441,38,2479,42
2021-11-14,Kern,029,883053,130488,128842,22979,151821,1730
2021-11-14,Kings,031,150075,32939,32545,1960,34505,349
2021-11-14,Lake,033,64148,6863,6777,151,6928,109
2021-11-14,Lassen,035,31185,6982,6911,392,7303,47
2021-11-14,Los Angeles,037,10098052,1456235,1445284,53942,1499226,26667
2021-11-14,Madera,039,155013,23882,23566,2189,25755,287
2021-11-14,Marin,041,260295,17827,17712,468,18180,247
2021-11-14,Mariposa,043,17540,1383,1337,51,1388,6
2021-11-14,Mendocino,045,87422,7818,7684,618,8302,89
2021-11-14,Merced,047,269075,42638,42513,1998,44511,648
2021-11-14,Modoc,049,8938,557,538,198,736,5
2021-11-14,Mono,051,14174,1773,1760,22,1782,4
2021-11-14,Monterey,053,433212,49250,48135,3010,51145,609
2021-11-14,Napa,055,140530,13183,13132,112,13244,103
2021-11-14,Nevada,057,99092,9516,9408,333,9741,92
2021-11-14,Orange,059,3164182,311207,308699,15456,324155,5646
2021-11-14,Placer,061,380077,37974,37569,3729,41298,452
2021-11-14,Plumas,063,18699,1888,1829,42,1871,7
2021-11-14,Riverside,065,2383286,369206,364490,16391,380881,5199
2021-11-14,Sacramento,067,1510023,161852,160761,4738,165499,2295
2021-11-14,San Benito,069,59416,7511,7507,171,7678,77
2021-11-14,San Bernardino,071,2135413,360011,357014,11307,368321,5897
2021-11-14,San Diego,073,3302833,380029,377633,22286,399919,4280
2021-11-14,San Francisco,075,870044,53942,53338,2336,55674,667
2021-11-14,San Joaquin,077,732212,101237,100518,5444,105962,1799
2021-11-14,San Luis Obispo,079,281455,30111,29645,1272,30917,352
2021-11-14,San Mateo,081,765935,54939,53978,905,54883,576
2021-11-14,Santa Barbara,083,443738,45174,44842,1553,46395,539
2021-11-14,Santa Clara,085,1922200,149540,148152,1402,149554,1913
2021-11-14,Santa Cruz,087,273765,20841,20609,1005,21614,223
2021-11-14,Shasta,089,179085,22075,21771,3632,25403,373
2021-11-14,Sierra,091,2930,194,189,21,210,0
2021-11-14,Siskiyou,093,43540,3392,3302,1308,4610,54
2021-11-14,Solano,095,438530,46521,45860,1287,47147,351
2021-11-14,Sonoma,097,501317,42237,41974,530,42504,401
2021-11-14,Stanislaus,099,539301,79939,80076,8943,89019,1174
2021-11-14,Sutter,101,95872,14038,14031,363,14394,181
2021-11-14,Tehama,103,63373,8706,8607,1495,10102,125
2021-11-14,Trinity,105,12862,878,754,212,966,17
2021-11-14,Tulare,107,460477,69941,68772,15349,84121,1037
2021-11-14,Tuolumne,109,53932,7523,7439,110,7549,90
2021-11-14,Ventura,111,848112,99285,98550,4303,102853,1183
2021-11-14,Yolo,113,214977,20259,20040,998,21038,255
2021-11-14,Yuba,115,75493,10317,10238,350,10588,85
2021-11-13,Alameda,001,1643700,120920,120407,2789,123196,1454
2021-11-13,Alpine,002,1148,102,105,0,105,0
2021-11-13,Amador,005,37829,5645,5614,64,5678,66
2021-11-13,Butte,007,227075,21376,21104,3988,25092,296
2021-11-13,Calaveras,009,45235,4251,4203,59,4262,83
2021-11-13,Colusa,011,21464,2566,2522,647,3169,19
2021-11-13,Contra Costa,013,1133247,100722,100004,2214,102218,1028
2021-11-13,Del Norte,015,27424,3713,3629,54,3683,42
2021-11-13,El Dorado,017,186661,16420,16163,1737,17900,159
2021-11-13,Fresno,019,978130,143492,141452,12861,154313,2205
2021-11-13,Glenn,021,27897,3551,3514,1024,4538,34
2021-11-13,Humboldt,023,135768,9309,9177,595,9772,115
2021-11-13,Imperial,025,180216,34385,33990,3285,37275,766
2021-11-13,Inyo,027,18085,2472,2436,38,2474,42
2021-11-13,Kern,029,883053,130386,128472,22935,151407,1719
2021-11-13,Kings,031,150075,32922,32452,1959,34411,347
2021-11-13,Lake,033,64148,6858,6769,151,6920,109
2021-11-13,Lassen,035,31185,6977,6897,392,7289,47
2021-11-13,Los Angeles,037,10098052,1455580,1443088,53904,1496992,26649
2021-11-13,Madera,039,155013,23851,23462,2184,25646,287
2021-11-13,Marin,041,260295,17814,17684,466,18150,247
2021-11-13,Mariposa,043,17540,1380,1323,51,1374,6
2021-11-13,Mendocino,045,87422,7799,7652,617,8269,89
2021-11-13,Merced,047,269075,42600,42411,1995,44406,644
2021-11-13,Modoc,049,8938,556,536,198,734,5
2021-11-13,Mono,051,14174,1769,1750,22,1772,4
2021-11-13,Monterey,053,433212,49224,48087,3008,51095,609
2021-11-13,Napa,055,140530,13175,13110,112,13222,103
2021-11-13,Nevada,057,99092,9496,9369,331,9700,92
2021-11-13,Orange,059,3164182,311040,308211,15427,323638,5641
2021-11-13,Placer,061,380077,37924,37453,3726,41179,445
2021-11-13,Plumas,063,18699,1885,1828,42,1870,8
2021-11-13,Riverside,065,2383286,368900,363801,16384,380185,5187
2021-11-13,Sacramento,067,1510023,161716,160397,4726,165123,2291
2021-11-13,San Benito,069,59416,7498,7491,170,7661,77
2021-11-13,San Bernardino,071,2135413,359758,356325,11300,367625,5873
2021-11-13,San Diego,073,3302833,379699,377633,22258,399891,4280
2021-11-13,San Francisco,075,870044,53910,53195,2335,55530,667
2021-11-13,San Joaquin,077,732212,101180,100263,5435,105698,1799
2021-11-13,San Luis Obispo,079,281455,30080,29589,1271,30860,351
2021-11-13,San Mateo,081,765935,54901,53853,904,54757,574
2021-11-13,Santa Barbara,083,443738,45141,44734,1553,46287,537
2021-11-13,Santa Clara,085,1922200,149421,147821,1397,149218,1905
2021-11-13,Santa Cruz,087,273765,20826,20565,1004,21569,223
2021-11-13,Shasta,089,179085,22044,21713,3628,25341,366
2021-11-13,Sierra,091,2930,193,188,21,209,0
2021-11-13,Siskiyou,093,43540,3383,3299,1307,4606,54
2021-11-13,Solano,095,438530,46492,45774,1283,47057,350
2021-11-13,Sonoma,097,501317,42203,41882,529,42411,399
2021-11-13,Stanislaus,099,539301,79864,79872,8929,88801,1174
2021-11-13,Sutter,101,95872,14028,14017,362,14379,181
2021-11-13,Tehama,103,63373,8700,8592,1491,10083,125
2021-11-13,Trinity,105,12862,877,749,212,961,17
2021-11-13,Tulare,107,460477,69875,68619,15326,83945,1033
2021-11-13,Tuolumne,109,53932,7505,7392,110,7502,90
2021-11-13,Ventura,111,848112,99227,98452,4300,102752,1183
2021-11-13,Yolo,113,214977,20242,20009,996,21005,255
2021-11-13,Yuba,115,75493,10307,10218,348,10566,85
2021-11-12,Alameda,001,1643700,120833,120407,2786,123193,1454
2021-11-12,Alpine,002,1148,102,105,0,105,0
2021-11-12,Amador,005,37829,5641,5614,63,5677,66
2021-11-12,Butte,007,227075,21358,21104,3984,25088,296
2021-11-12,Calaveras,009,45235,4240,4203,59,4262,83
2021-11-12,Colusa,011,21464,2562,2522,646,3168,19
2021-11-12,Contra Costa,013,1133247,100668,100004,2213,102217,1028
2021-11-12,Del Norte,015,27424,3712,3629,54,3683,42
2021-11-12,El Dorado,017,186661,16401,16163,1736,17899,159
2021-11-12,Fresno,019,978130,143349,141452,12848,154300,2205
2021-11-12,Glenn,021,27897,3548,3514,1023,4537,34
2021-11-12,Humboldt,023,135768,9302,9177,593,9770,115
2021-11-12,Imperial,025,180216,34358,33990,3276,37266,766
2021-11-12,Inyo,027,18085,2468,2436,38,2474,42
2021-11-12,Kern,029,883053,130249,128472,22902,151374,1719
2021-11-12,Kings,031,150075,32896,32452,1957,34409,347
2021-11-12,Lake,033,64148,6854,6769,151,6920,109
2021-11-12,Lassen,035,31185,6973,6897,391,7288,47
2021-11-12,Los Angeles,037,10098052,1454852,1443088,53860,1496948,26649
2021-11-12,Madera,039,155013,23822,23462,2179,25641,287
2021-11-12,Marin,041,260295,17798,17684,465,18149,247
2021-11-12,Mariposa,043,17540,1373,1323,51,1374,6
2021-11-12,Mendocino,045,87422,7787,7652,614,8266,89
2021-11-12,Merced,047,269075,42571,42411,1993,44404,644
2021-11-12,Modoc,049,8938,555,536,198,734,5
2021-11-12,Mono,051,14174,1767,1750,22,1772,4
2021-11-12,Monterey,053,433212,49192,48087,3002,51089,609
2021-11-12,Napa,055,140530,13166,13110,112,13222,103
2021-11-12,Nevada,057,99092,9483,9369,330,9699,92
2021-11-12,Orange,059,3164182,310852,308211,15409,323620,5641
2021-11-12,Placer,061,380077,37885,37453,3723,41176,445
2021-11-12,Plumas,063,18699,1879,1828,42,1870,8
2021-11-12,Riverside,065,2383286,368633,363801,16380,380181,5187
2021-11-12,Sacramento,067,1510023,161557,160397,4721,165118,2291
2021-11-12,San Benito,069,59416,7498,7491,170,7661,77
2021-11-12,San Bernardino,071,2135413,359449,356325,11290,367615,5873
2021-11-12,San Diego,073,3302833,379332,377633,22236,399869,4280
2021-11-12,San Francisco,075,870044,53876,53195,2331,55526,667
2021-11-12,San Joaquin,077,732212,101135,100263,5428,105691,1799
2021-11-12,San Luis Obispo,079,281455,30051,29589,1270,30859,351
2021-11-12,San Mateo,081,765935,54851,53853,901,54754,574
2021-11-12,Santa Barbara,083,443738,45086,44734,1552,46286,537
2021-11-12,Santa Clara,085,1922200,149279,147821,1393,149214,1905
2021-11-12,Santa Cruz,087,273765,20798,20565,1002,21567,223
2021-11-12,Shasta,089,179085,22011,21713,3625,25338,366
2021-11-12,Sierra,091,2930,192,188,21,209,0
2021-11-12,Siskiyou,093,43540,3382,3299,1305,4604,54
2021-11-12,Solano,095,438530,46464,45774,1279,47053,350
2021-11-12,Sonoma,097,501317,42163,41882,529,42411,399
2021-11-12,Stanislaus,099,539301,79812,79872,8921,88793,1174
2021-11-12,Sutter,101,95872,14021,14017,362,14379,181
2021-11-12,Tehama,103,63373,8696,8592,1490,10082,125
2021-11-12,Trinity,105,12862,870,749,212,961,17
2021-11-12,Tulare,107,460477,69833,68619,15291,83910,1033
2021-11-12,Tuolumne,109,53932,7492,7392,109,7501,90
2021-11-12,Ventura,111,848112,99162,98452,4299,102751,1183
2021-11-12,Yolo,113,214977,20227,20009,991,21000,255
2021-11-12,Yuba,115,75493,10298,10218,347,10565,85
2021-11-11,Alameda,001,1643700,120719,120147,2778,122925,1453
2021-11-11,Alpine,002,1148,102,105,0,105,0
2021-11-11,Amador,005,37829,5638,5603,62,5665,66
2021-11-11,Butte,007,227075,21315,21047,3976,25023,293
2021-11-11,Calaveras,009,45235,4222,4179,59,4238,83
2021-11-11,Colusa,011,21464,2554,2518,644,3162,19
2021-11-11,Contra Costa,013,1133247,100564,99808,2209,102017,1028
2021-11-11,Del Norte,015,27424,3710,3622,54,3676,42
2021-11-11,El Dorado,017,186661,16368,16085,1733,17818,159
2021-11-11,Fresno,019,978130,143145,140833,12814,153647,2202
2021-11-11,Glenn,021,27897,3546,3503,1022,4525,34
2021-11-11,Humboldt,023,135768,9279,9125,590,9715,115
2021-11-11,Imperial,025,180216,34289,33844,3254,37098,766
2021-11-11,Inyo,027,18085,2463,2428,38,2466,42
2021-11-11,Kern,029,883053,130064,128023,22839,150862,1709
2021-11-11,Kings,031,150075,32846,32318,1955,34273,345
2021-11-11,Lake,033,64148,6847,6745,151,6896,107
2021-11-11,Lassen,035,31185,6967,6875,391,7266,47
2021-11-11,Los Angeles,037,10098052,1453756,1440436,53802,1494238,26614
2021-11-11,Madera,039,155013,23775,23316,2171,25487,287
2021-11-11,Marin,041,260295,17788,17639,465,18104,247
2021-11-11,Mariposa,043,17540,1363,1317,51,1368,6
2021-11-11,Mendocino,045,87422,7772,7612,605,8217,89
2021-11-11,Merced,047,269075,42515,42292,1990,44282,643
2021-11-11,Modoc,049,8938,553,536,198,734,5
2021-11-11,Mono,051,14174,1763,1743,22,1765,4
2021-11-11,Monterey,053,433212,49157,48008,2990,50998,609
2021-11-11,Napa,055,140530,13158,13075,112,13187,103
2021-11-11,Nevada,057,99092,9461,9308,330,9638,92
2021-11-11,Orange,059,3164182,310579,307674,15372,323046,5633
2021-11-11,Placer,061,380077,37833,37333,3715,41048,440
2021-11-11,Plumas,063,18699,1875,1814,42,1856,7
2021-11-11,Riverside,065,2383286,368199,362930,16362,379292,5175
2021-11-11,Sacramento,067,1510023,161344,159962,4702,164664,2289
2021-11-11,San Benito,069,59416,7490,7473,170,7643,76
2021-11-11,San Bernardino,071,2135413,359019,355413,11277,366690,5849
2021-11-11,San Diego,073,3302833,378823,376428,22213,398641,4272
2021-11-11,San Francisco,075,870044,53817,53063,2330,55393,666
2021-11-11,San Joaquin,077,732212,101040,99937,5412,105349,1799
2021-11-11,San Luis Obispo,079,281455,30000,29532,1268,30800,351
2021-11-11,San Mateo,081,765935,54803,53722,896,54618,574
2021-11-11,Santa Barbara,083,443738,45028,44603,1549,46152,534
2021-11-11,Santa Clara,085,1922200,149097,147458,1387,148845,1901
2021-11-11,Santa Cruz,087,273765,20753,20479,1002,21481,222
2021-11-11,Shasta,089,179085,21966,21600,3623,25223,364
2021-11-11,Sierra,091,2930,191,186,21,207,0
2021-11-11,Siskiyou,093,43540,3376,3297,1304,4601,53
2021-11-11,Solano,095,438530,46427,45679,1278,46957,350
2021-11-11,Sonoma,097,501317,42126,41774,529,42303,395
2021-11-11,Stanislaus,099,539301,79730,79570,8905,88475,1166
2021-11-11,Sutter,101,95872,14006,13993,361,14354,181
2021-11-11,Tehama,103,63373,8684,8565,1488,10053,125
2021-11-11,Trinity,105,12862,869,748,212,960,17
2021-11-11,Tulare,107,460477,69740,68367,15255,83622,1028
2021-11-11,Tuolumne,109,53932,7479,7354,109,7463,90
2021-11-11,Ventura,111,848112,99084,98297,4292,102589,1182
2021-11-11,Yolo,113,214977,20199,19946,990,20936,255
2021-11-11,Yuba,115,75493,10282,10191,347,10538,85
2021-11-10,Alameda,001,1643700,120609,120147,2769,122916,1453
2021-11-10,Alpine,002,1148,102,105,0,105,0
2021-11-10,Amador,005,37829,5632,5603,62,5665,66
2021-11-10,Butte,007,227075,21288,21047,3972,25019,293
2021-11-10,Calaveras,009,45235,4211,4179,59,4238,83
2021-11-10,Colusa,011,21464,2548,2518,644,3162,19
2021-11-10,Contra Costa,013,1133247,100481,99808,2205,102013,1028
2021-11-10,Del Norte,015,27424,3709,3622,54,3676,42
2021-11-10,El Dorado,017,186661,16352,16085,1732,17817,159
2021-11-10,Fresno,019,978130,142966,140833,12801,153634,2202
2021-11-10,Glenn,021,27897,3546,3503,1021,4524,34
2021-11-10,Humboldt,023,135768,9261,9125,590,9715,115
2021-11-10,Imperial,025,180216,34241,33844,3235,37079,766
2021-11-10,Inyo,027,18085,2456,2428,38,2466,42
2021-11-10,Kern,029,883053,129914,128023,22784,150807,1709
2021-11-10,Kings,031,150075,32813,32318,1953,34271,345
2021-11-10,Lake,033,64148,6837,6745,151,6896,107
2021-11-10,Lassen,035,31185,6962,6875,391,7266,47
2021-11-10,Los Angeles,037,10098052,1452807,1440436,53742,1494178,26614
2021-11-10,Madera,039,155013,23725,23316,2165,25481,287
2021-11-10,Marin,041,260295,17775,17639,463,18102,247
2021-11-10,Mariposa,043,17540,1357,1317,51,1368,6
2021-11-10,Mendocino,045,87422,7760,7612,604,8216,89
2021-11-10,Merced,047,269075,42480,42292,1988,44280,643
2021-11-10,Modoc,049,8938,552,536,197,733,5
2021-11-10,Mono,051,14174,1761,1743,22,1765,4
2021-11-10,Monterey,053,433212,49123,48008,2979,50987,609
2021-11-10,Napa,055,140530,13144,13075,111,13186,103
2021-11-10,Nevada,057,99092,9454,9308,328,9636,92
2021-11-10,Orange,059,3164182,310315,307674,15340,323014,5633
2021-11-10,Placer,061,380077,37787,37333,3708,41041,440
2021-11-10,Plumas,063,18699,1869,1814,41,1855,7
2021-11-10,Riverside,065,2383286,367818,362930,16356,379286,5175
2021-11-10,Sacramento,067,1510023,161189,159962,4692,164654,2289
2021-11-10,San Benito,069,59416,7482,7473,170,7643,76
2021-11-10,San Bernardino,071,2135413,358677,355413,11270,366683,5849
2021-11-10,San Diego,073,3302833,378418,376428,22191,398619,4272
2021-11-10,San Francisco,075,870044,53756,53063,2327,55390,666
2021-11-10,San Joaquin,077,732212,100935,99937,5407,105344,1799
2021-11-10,San Luis Obispo,079,281455,29969,29532,1267,30799,351
2021-11-10,San Mateo,081,765935,54750,53722,895,54617,574
2021-11-10,Santa Barbara,083,443738,44990,44603,1548,46151,534
2021-11-10,Santa Clara,085,1922200,148950,147458,1381,148839,1901
2021-11-10,Santa Cruz,087,273765,20726,20479,1001,21480,222
2021-11-10,Shasta,089,179085,21930,21600,3621,25221,364
2021-11-10,Sierra,091,2930,190,186,21,207,0
2021-11-10,Siskiyou,093,43540,3374,3297,1304,4601,53
2021-11-10,Solano,095,438530,46397,45679,1276,46955,350
2021-11-10,Sonoma,097,501317,42075,41774,529,42303,395
2021-11-10,Stanislaus,099,539301,79628,79570,8889,88459,1166
2021-11-10,Sutter,101,95872,13998,13993,361,14354,181
2021-11-10,Tehama,103,63373,8672,8565,1482,10047,125
2021-11-10,Trinity,105,12862,865,748,211,959,17
2021-11-10,Tulare,107,460477,69679,68367,15216,83583,1028
2021-11-10,Tuolumne,109,53932,7455,7354,109,7463,90
2021-11-10,Ventura,111,848112,99013,98297,4292,102589,1182
2021-11-10,Yolo,113,214977,20180,19946,989,20935,255
2021-11-10,Yuba,115,75493,10273,10191,347,10538,85
2021-11-09,Alameda,001,1643700,120472,120051,2760,122811,1450
2021-11-09,Alpine,002,1148,102,105,0,105,0
2021-11-09,Amador,005,37829,5626,5596,62,5658,66
2021-11-09,Butte,007,227075,21263,21022,3968,24990,291
2021-11-09,Calaveras,009,45235,4207,4174,59,4233,84
2021-11-09,Colusa,011,21464,2543,2517,643,3160,19
2021-11-09,Contra Costa,013,1133247,100385,99732,2198,101930,1028
2021-11-09,Del Norte,015,27424,3708,3620,54,3674,42
2021-11-09,El Dorado,017,186661,16314,16073,1727,17800,160
2021-11-09,Fresno,019,978130,142720,140666,12786,153452,2188
2021-11-09,Glenn,021,27897,3541,3499,1020,4519,34
2021-11-09,Humboldt,023,135768,9240,9112,585,9697,115
2021-11-09,Imperial,025,180216,34188,33751,3221,36972,766
2021-11-09,Inyo,027,18085,2452,2404,38,2442,42
2021-11-09,Kern,029,883053,129668,127901,22722,150623,1694
2021-11-09,Kings,031,150075,32747,32279,1949,34228,344
2021-11-09,Lake,033,64148,6828,6743,151,6894,106
2021-11-09,Lassen,035,31185,6950,6846,391,7237,47
2021-11-09,Los Angeles,037,10098052,1451554,1439125,53681,1492806,26581
2021-11-09,Madera,039,155013,23675,23285,2156,25441,287
2021-11-09,Marin,041,260295,17756,17630,461,18091,247
2021-11-09,Mariposa,043,17540,1349,1317,51,1368,5
2021-11-09,Mendocino,045,87422,7737,7598,598,8196,85
2021-11-09,Merced,047,269075,42439,42251,1982,44233,613
2021-11-09,Modoc,049,8938,551,536,195,731,5
2021-11-09,Mono,051,14174,1756,1738,22,1760,4
2021-11-09,Monterey,053,433212,49087,47975,2955,50930,609
2021-11-09,Napa,055,140530,13126,13051,111,13162,103
2021-11-09,Nevada,057,99092,9435,9288,328,9616,92
2021-11-09,Orange,059,3164182,310031,307412,15313,322725,5621
2021-11-09,Placer,061,380077,37732,37291,3691,40982,440
2021-11-09,Plumas,063,18699,1867,1802,41,1843,7
2021-11-09,Riverside,065,2383286,367353,362557,16342,378899,5160
2021-11-09,Sacramento,067,1510023,160948,159856,4683,164539,2286
2021-11-09,San Benito,069,59416,7472,7471,169,7640,76
2021-11-09,San Bernardino,071,2135413,358227,354972,11253,366225,5839
2021-11-09,San Diego,073,3302833,377923,375997,22165,398162,4272
2021-11-09,San Francisco,075,870044,53682,52996,2322,55318,666
2021-11-09,San Joaquin,077,732212,100761,99848,5394,105242,1794
2021-11-09,San Luis Obispo,079,281455,29929,29488,1266,30754,350
2021-11-09,San Mateo,081,765935,54702,53697,886,54583,574
2021-11-09,Santa Barbara,083,443738,44923,44579,1541,46120,533
2021-11-09,Santa Clara,085,1922200,148744,147281,1374,148655,1901
2021-11-09,Santa Cruz,087,273765,20692,20463,1000,21463,222
2021-11-09,Shasta,089,179085,21875,21558,3616,25174,364
2021-11-09,Sierra,091,2930,190,186,21,207,0
2021-11-09,Siskiyou,093,43540,3372,3295,1302,4597,52
2021-11-09,Solano,095,438530,46342,45639,1275,46914,350
2021-11-09,Sonoma,097,501317,42018,41727,527,42254,395
2021-11-09,Stanislaus,099,539301,79522,79505,8872,88377,1165
2021-11-09,Sutter,101,95872,13983,13988,359,14347,180
2021-11-09,Tehama,103,63373,8654,8555,1480,10035,125
2021-11-09,Trinity,105,12862,864,746,211,957,17
2021-11-09,Tulare,107,460477,69572,68298,15177,83475,1024
2021-11-09,Tuolumne,109,53932,7435,7347,109,7456,90
2021-11-09,Ventura,111,848112,98935,98202,4287,102489,1182
2021-11-09,Yolo,113,214977,20156,19931,985,20916,255
2021-11-09,Yuba,115,75493,10256,10175,341,10516,85
2021-11-08,Alameda,001,1643700,120328,119983,2754,122737,1447
2021-11-08,Alpine,002,1148,102,105,0,105,0
2021-11-08,Amador,005,37829,5620,5590,62,5652,66
2021-11-08,Butte,007,227075,21235,21000,3959,24959,288
2021-11-08,Calaveras,009,45235,4199,4166,59,4225,82
2021-11-08,Colusa,011,21464,2542,2514,642,3156,19
2021-11-08,Contra Costa,013,1133247,100282,99669,2194,101863,1028
2021-11-08,Del Norte,015,27424,3704,3619,54,3673,42
2021-11-08,El Dorado,017,186661,16295,16055,1722,17777,156
2021-11-08,Fresno,019,978130,142419,140466,12764,153230,2179
2021-11-08,Glenn,021,27897,3539,3496,1016,4512,34
2021-11-08,Humboldt,023,135768,9214,9095,575,9670,109
2021-11-08,Imperial,025,180216,34108,33690,3203,36893,766
2021-11-08,Inyo,027,18085,2445,2398,38,2436,41
2021-11-08,Kern,029,883053,129432,127722,22639,150361,1692
2021-11-08,Kings,031,150075,32701,32248,1948,34196,344
2021-11-08,Lake,033,64148,6822,6737,151,6888,106
2021-11-08,Lassen,035,31185,6943,6830,389,7219,46
2021-11-08,Los Angeles,037,10098052,1450216,1438322,53624,1491946,26575
2021-11-08,Madera,039,155013,23626,23253,2145,25398,287
2021-11-08,Marin,041,260295,17739,17617,458,18075,247
2021-11-08,Mariposa,043,17540,1341,1316,50,1366,5
2021-11-08,Mendocino,045,87422,7724,7581,592,8173,85
2021-11-08,Merced,047,269075,42370,42224,1972,44196,607
2021-11-08,Modoc,049,8938,550,529,195,724,5
2021-11-08,Mono,051,14174,1752,1739,22,1761,4
2021-11-08,Monterey,053,433212,49046,47942,2935,50877,602
2021-11-08,Napa,055,140530,13112,13045,111,13156,103
2021-11-08,Nevada,057,99092,9416,9278,326,9604,92
2021-11-08,Orange,059,3164182,309757,307156,15283,322439,5616
2021-11-08,Placer,061,380077,37679,37250,3688,40938,439
2021-11-08,Plumas,063,18699,1866,1788,40,1828,7
2021-11-08,Riverside,065,2383286,366898,362201,16328,378529,5152
2021-11-08,Sacramento,067,1510023,160732,159735,4662,164397,2275
2021-11-08,San Benito,069,59416,7470,7461,169,7630,75
2021-11-08,San Bernardino,071,2135413,357714,354741,11235,365976,5836
2021-11-08,San Diego,073,3302833,377361,375557,22118,397675,4259
2021-11-08,San Francisco,075,870044,53629,52942,2316,55258,666
2021-11-08,San Joaquin,077,732212,100644,99736,5392,105128,1794
2021-11-08,San Luis Obispo,079,281455,29878,29464,1261,30725,350
2021-11-08,San Mateo,081,765935,54629,53658,881,54539,574
2021-11-08,Santa Barbara,083,443738,44869,44548,1540,46088,532
2021-11-08,Santa Clara,085,1922200,148519,147183,1368,148551,1899
2021-11-08,Santa Cruz,087,273765,20663,20435,1000,21435,222
2021-11-08,Shasta,089,179085,21828,21504,3610,25114,354
2021-11-08,Sierra,091,2930,190,183,21,204,0
2021-11-08,Siskiyou,093,43540,3368,3290,1291,4581,50
2021-11-08,Solano,095,438530,46301,45613,1271,46884,350
2021-11-08,Sonoma,097,501317,41950,41669,526,42195,395
2021-11-08,Stanislaus,099,539301,79370,79417,8858,88275,1150
2021-11-08,Sutter,101,95872,13975,13976,355,14331,180
2021-11-08,Tehama,103,63373,8645,8534,1480,10014,123
2021-11-08,Trinity,105,12862,864,743,210,953,13
2021-11-08,Tulare,107,460477,69455,68199,15139,83338,1020
2021-11-08,Tuolumne,109,53932,7416,7328,108,7436,90
2021-11-08,Ventura,111,848112,98842,98144,4285,102429,1182
2021-11-08,Yolo,113,214977,20117,19916,981,20897,255
2021-11-08,Yuba,115,75493,10245,10172,338,10510,83
2021-11-07,Alameda,001,1643700,120169,119902,2748,122650,1444
2021-11-07,Alpine,002,1148,102,105,0,105,0
2021-11-07,Amador,005,37829,5612,5580,60,5640,66
2021-11-07,Butte,007,227075,21194,20969,3950,24919,288
2021-11-07,Calaveras,009,45235,4172,4158,58,4216,82
2021-11-07,Colusa,011,21464,2536,2511,640,3151,19
2021-11-07,Contra Costa,013,1133247,100171,99596,2185,101781,1028
2021-11-07,Del Norte,015,27424,3702,3617,54,3671,42
2021-11-07,El Dorado,017,186661,16258,16040,1719,17759,156
2021-11-07,Fresno,019,978130,142077,140263,12737,153000,2179
2021-11-07,Glenn,021,27897,3532,3493,1015,4508,34
2021-11-07,Humboldt,023,135768,9190,9074,571,9645,109
2021-11-07,Imperial,025,180216,34035,33674,3184,36858,766
2021-11-07,Inyo,027,18085,2432,2394,38,2432,41
2021-11-07,Kern,029,883053,129161,127583,22548,150131,1692
2021-11-07,Kings,031,150075,32609,32221,1945,34166,343
2021-11-07,Lake,033,64148,6806,6734,150,6884,106
2021-11-07,Lassen,035,31185,6935,6819,385,7204,46
2021-11-07,Los Angeles,037,10098052,1448729,1437314,53549,1490863,26573
2021-11-07,Madera,039,155013,23581,23225,2137,25362,287
2021-11-07,Marin,041,260295,17719,17594,457,18051,247
2021-11-07,Mariposa,043,17540,1339,1306,50,1356,5
2021-11-07,Mendocino,045,87422,7696,7567,588,8155,85
2021-11-07,Merced,047,269075,42292,42186,1941,44127,607
2021-11-07,Modoc,049,8938,547,528,194,722,5
2021-11-07,Mono,051,14174,1746,1739,22,1761,4
2021-11-07,Monterey,053,433212,48994,47924,2931,50855,602
2021-11-07,Napa,055,140530,13091,13041,111,13152,103
2021-11-07,Nevada,057,99092,9368,9254,326,9580,92
2021-11-07,Orange,059,3164182,309433,306954,15245,322199,5616
2021-11-07,Placer,061,380077,37603,37202,3673,40875,439
2021-11-07,Plumas,063,18699,1859,1787,39,1826,7
2021-11-07,Riverside,065,2383286,366361,361960,16308,378268,5152
2021-11-07,Sacramento,067,1510023,160498,159549,4645,164194,2277
2021-11-07,San Benito,069,59416,7457,7460,169,7629,75
2021-11-07,San Bernardino,071,2135413,357197,354488,11212,365700,5832
2021-11-07,San Diego,073,3302833,376784,375165,22085,397250,4250
2021-11-07,San Francisco,075,870044,53545,52868,2310,55178,666
2021-11-07,San Joaquin,077,732212,100460,99696,5386,105082,1794
2021-11-07,San Luis Obispo,079,281455,29830,29454,1257,30711,350
2021-11-07,San Mateo,081,765935,54570,53600,879,54479,574
2021-11-07,Santa Barbara,083,443738,44806,44501,1539,46040,532
2021-11-07,Santa Clara,085,1922200,148314,147054,1356,148410,1898
2021-11-07,Santa Cruz,087,273765,20605,20397,999,21396,222
2021-11-07,Shasta,089,179085,21780,21479,3604,25083,354
2021-11-07,Sierra,091,2930,188,183,21,204,0
2021-11-07,Siskiyou,093,43540,3362,3289,1289,4578,51
2021-11-07,Solano,095,438530,46246,45582,1264,46846,350
2021-11-07,Sonoma,097,501317,41900,41630,525,42155,395
2021-11-07,Stanislaus,099,539301,79215,79351,8836,88187,1150
2021-11-07,Sutter,101,95872,13962,13964,352,14316,180
2021-11-07,Tehama,103,63373,8620,8528,1478,10006,121
2021-11-07,Trinity,105,12862,863,742,209,951,13
2021-11-07,Tulare,107,460477,69302,68145,15096,83241,1020
2021-11-07,Tuolumne,109,53932,7398,7300,106,7406,90
2021-11-07,Ventura,111,848112,98751,98085,4283,102368,1182
2021-11-07,Yolo,113,214977,20096,19899,978,20877,255
2021-11-07,Yuba,115,75493,10228,10162,333,10495,83
2021-11-06,Alameda,001,1643700,120105,119499,2745,122244,1436
2021-11-06,Alpine,002,1148,102,105,0,105,0
2021-11-06,Amador,005,37829,5606,5557,60,5617,66
2021-11-06,Butte,007,227075,21174,20796,3946,24742,288
2021-11-06,Calaveras,009,45235,4164,4105,58,4163,82
2021-11-06,Colusa,011,21464,2535,2501,639,3140,19
2021-11-06,Contra Costa,013,1133247,100116,99282,2183,101465,1025
2021-11-06,Del Norte,015,27424,3699,3607,54,3661,42
2021-11-06,El Dorado,017,186661,16241,15958,1719,17677,156
2021-11-06,Fresno,019,978130,141959,139249,12732,151981,2170
2021-11-06,Glenn,021,27897,3529,3479,1015,4494,33
2021-11-06,Humboldt,023,135768,9178,8972,567,9539,109
2021-11-06,Imperial,025,180216,33991,33471,3178,36649,766
2021-11-06,Inyo,027,18085,2426,2353,38,2391,41
2021-11-06,Kern,029,883053,129027,126848,22496,149344,1684
2021-11-06,Kings,031,150075,32576,32018,1940,33958,342
2021-11-06,Lake,033,64148,6804,6695,150,6845,106
2021-11-06,Lassen,035,31185,6930,6796,384,7180,46
2021-11-06,Los Angeles,037,10098052,1447960,1433081,53506,1486587,26533
2021-11-06,Madera,039,155013,23545,22994,2127,25121,287
2021-11-06,Marin,041,260295,17700,17520,454,17974,247
2021-11-06,Mariposa,043,17540,1337,1282,50,1332,5
2021-11-06,Mendocino,045,87422,7674,7486,588,8074,85
2021-11-06,Merced,047,269075,42268,41958,1933,43891,604
2021-11-06,Modoc,049,8938,546,523,194,717,5
2021-11-06,Mono,051,14174,1744,1725,22,1747,4
2021-11-06,Monterey,053,433212,48962,47830,2921,50751,602
2021-11-06,Napa,055,140530,13081,12950,111,13061,103
2021-11-06,Nevada,057,99092,9346,9169,325,9494,91
2021-11-06,Orange,059,3164182,309227,306049,15219,321268,5611
2021-11-06,Placer,061,380077,37562,36967,3670,40637,438
2021-11-06,Plumas,063,18699,1855,1755,38,1793,7
2021-11-06,Riverside,065,2383286,366042,360584,16300,376884,5138
2021-11-06,Sacramento,067,1510023,160405,158766,4640,163406,2263
2021-11-06,San Benito,069,59416,7450,7429,169,7598,75
2021-11-06,San Bernardino,071,2135413,356927,353142,11208,364350,5813
2021-11-06,San Diego,073,3302833,376448,373423,22067,395490,4246
2021-11-06,San Francisco,075,870044,53492,52556,2307,54863,666
2021-11-06,San Joaquin,077,732212,100402,99372,5385,104757,1782
2021-11-06,San Luis Obispo,079,281455,29802,29335,1253,30588,350
2021-11-06,San Mateo,081,765935,54535,53442,878,54320,574
2021-11-06,Santa Barbara,083,443738,44770,44301,1538,45839,532
2021-11-06,Santa Clara,085,1922200,148168,146519,1352,147871,1894
2021-11-06,Santa Cruz,087,273765,20586,20311,997,21308,222
2021-11-06,Shasta,089,179085,21761,21281,3599,24880,349
2021-11-06,Sierra,091,2930,188,181,21,202,0
2021-11-06,Siskiyou,093,43540,3362,3279,1287,4566,48
2021-11-06,Solano,095,438530,46216,45465,1263,46728,350
2021-11-06,Sonoma,097,501317,41850,41398,524,41922,395
2021-11-06,Stanislaus,099,539301,79147,78902,8828,87730,1193
2021-11-06,Sutter,101,95872,13958,13908,351,14259,180
2021-11-06,Tehama,103,63373,8608,8474,1476,9950,120
2021-11-06,Trinity,105,12862,860,732,209,941,11
2021-11-06,Tulare,107,460477,69252,67767,15067,82834,1010
2021-11-06,Tuolumne,109,53932,7386,7245,106,7351,90
2021-11-06,Ventura,111,848112,98684,97770,4278,102048,1180
2021-11-06,Yolo,113,214977,20079,19827,974,20801,255
2021-11-06,Yuba,115,75493,10214,10107,333,10440,83
2021-11-05,Alameda,001,1643700,120021,119499,2743,122242,1436
2021-11-05,Alpine,002,1148,102,105,0,105,0
2021-11-05,Amador,005,37829,5601,5557,60,5617,66
2021-11-05,Butte,007,227075,21161,20796,3945,24741,288
2021-11-05,Calaveras,009,45235,4159,4105,58,4163,82
2021-11-05,Colusa,011,21464,2535,2501,638,3139,19
2021-11-05,Contra Costa,013,1133247,100050,99282,2181,101463,1025
2021-11-05,Del Norte,015,27424,3697,3607,54,3661,42
2021-11-05,El Dorado,017,186661,16224,15958,1713,17671,156
2021-11-05,Fresno,019,978130,141780,139249,12721,151970,2170
2021-11-05,Glenn,021,27897,3528,3479,1014,4493,33
2021-11-05,Humboldt,023,135768,9164,8972,567,9539,109
2021-11-05,Imperial,025,180216,33955,33471,3175,36646,766
2021-11-05,Inyo,027,18085,2418,2353,38,2391,41
2021-11-05,Kern,029,883053,128900,126848,22441,149289,1684
2021-11-05,Kings,031,150075,32552,32018,1939,33957,342
2021-11-05,Lake,033,64148,6798,6695,150,6845,106
2021-11-05,Lassen,035,31185,6926,6796,383,7179,46
2021-11-05,Los Angeles,037,10098052,1447137,1433081,53468,1486549,26533
2021-11-05,Madera,039,155013,23506,22994,2126,25120,287
2021-11-05,Marin,041,260295,17678,17520,453,17973,247
2021-11-05,Mariposa,043,17540,1334,1282,49,1331,5
2021-11-05,Mendocino,045,87422,7663,7486,587,8073,85
2021-11-05,Merced,047,269075,42242,41958,1924,43882,604
2021-11-05,Modoc,049,8938,546,523,194,717,5
2021-11-05,Mono,051,14174,1743,1725,22,1747,4
2021-11-05,Monterey,053,433212,48932,47830,2919,50749,602
2021-11-05,Napa,055,140530,13059,12950,111,13061,103
2021-11-05,Nevada,057,99092,9333,9169,325,9494,91
2021-11-05,Orange,059,3164182,309030,306049,15197,321246,5611
2021-11-05,Placer,061,380077,37535,36967,3661,40628,438
2021-11-05,Plumas,063,18699,1847,1755,38,1793,7
2021-11-05,Riverside,065,2383286,365701,360584,16290,376874,5138
2021-11-05,Sacramento,067,1510023,160283,158766,4633,163399,2263
2021-11-05,San Benito,069,59416,7448,7429,168,7597,75
2021-11-05,San Bernardino,071,2135413,356594,353142,11198,364340,5813
2021-11-05,San Diego,073,3302833,376095,373423,22055,395478,4246
2021-11-05,San Francisco,075,870044,53441,52556,2304,54860,666
2021-11-05,San Joaquin,077,732212,100349,99372,5376,104748,1782
2021-11-05,San Luis Obispo,079,281455,29779,29335,1253,30588,350
2021-11-05,San Mateo,081,765935,54493,53442,876,54318,574
2021-11-05,Santa Barbara,083,443738,44725,44301,1537,45838,532
2021-11-05,Santa Clara,085,1922200,148031,146519,1351,147870,1894
2021-11-05,Santa Cruz,087,273765,20562,20311,996,21307,222
2021-11-05,Shasta,089,179085,21729,21281,3594,24875,349
2021-11-05,Sierra,091,2930,188,181,21,202,0
2021-11-05,Siskiyou,093,43540,3357,3279,1286,4565,48
2021-11-05,Solano,095,438530,46171,45465,1261,46726,350
2021-11-05,Sonoma,097,501317,41810,41398,524,41922,395
2021-11-05,Stanislaus,099,539301,79089,78902,8816,87718,1193
2021-11-05,Sutter,101,95872,13950,13908,350,14258,180
2021-11-05,Tehama,103,63373,8601,8474,1475,9949,120
2021-11-05,Trinity,105,12862,860,732,209,941,11
2021-11-05,Tulare,107,460477,69180,67767,15030,82797,1010
2021-11-05,Tuolumne,109,53932,7369,7245,105,7350,90
2021-11-05,Ventura,111,848112,98644,97770,4276,102046,1180
2021-11-05,Yolo,113,214977,20068,19827,973,20800,255
2021-11-05,Yuba,115,75493,10201,10107,331,10438,83
2021-11-04,Alameda,001,1643700,119906,119499,2737,122236,1436
2021-11-04,Alpine,002,1148,102,105,0,105,0
2021-11-04,Amador,005,37829,5593,5557,60,5617,66
2021-11-04,Butte,007,227075,21120,20796,3934,24730,288
2021-11-04,Calaveras,009,45235,4145,4105,56,4161,82
2021-11-04,Colusa,011,21464,2529,2501,637,3138,19
2021-11-04,Contra Costa,013,1133247,99959,99282,2176,101458,1025
2021-11-04,Del Norte,015,27424,3694,3607,54,3661,42
2021-11-04,El Dorado,017,186661,16198,15958,1709,17667,156
2021-11-04,Fresno,019,978130,141498,139249,12712,151961,2170
2021-11-04,Glenn,021,27897,3523,3479,1013,4492,33
2021-11-04,Humboldt,023,135768,9139,8972,564,9536,109
2021-11-04,Imperial,025,180216,33898,33471,3166,36637,766
2021-11-04,Inyo,027,18085,2410,2353,38,2391,41
2021-11-04,Kern,029,883053,128668,126848,22372,149220,1684
2021-11-04,Kings,031,150075,32473,32018,1930,33948,342
2021-11-04,Lake,033,64148,6788,6695,148,6843,106
2021-11-04,Lassen,035,31185,6916,6796,378,7174,46
2021-11-04,Los Angeles,037,10098052,1445830,1433081,53387,1486468,26533
2021-11-04,Madera,039,155013,23451,22994,2115,25109,287
2021-11-04,Marin,041,260295,17666,17520,451,17971,247
2021-11-04,Mariposa,043,17540,1327,1282,49,1331,5
2021-11-04,Mendocino,045,87422,7650,7486,581,8067,85
2021-11-04,Merced,047,269075,42188,41958,1920,43878,604
2021-11-04,Modoc,049,8938,545,523,194,717,5
2021-11-04,Mono,051,14174,1738,1725,22,1747,4
2021-11-04,Monterey,053,433212,48888,47830,2903,50733,602
2021-11-04,Napa,055,140530,13037,12950,111,13061,103
2021-11-04,Nevada,057,99092,9302,9169,324,9493,91
2021-11-04,Orange,059,3164182,308781,306049,15179,321228,5611
2021-11-04,Placer,061,380077,37463,36967,3652,40619,438
2021-11-04,Plumas,063,18699,1839,1755,34,1789,7
2021-11-04,Riverside,065,2383286,365303,360584,16281,376865,5138
2021-11-04,Sacramento,067,1510023,160048,158766,4614,163380,2263
2021-11-04,San Benito,069,59416,7442,7429,168,7597,75
2021-11-04,San Bernardino,071,2135413,356154,353142,11190,364332,5813
2021-11-04,San Diego,073,3302833,375626,373423,22034,395457,4246
2021-11-04,San Francisco,075,870044,53360,52556,2300,54856,666
2021-11-04,San Joaquin,077,732212,100242,99372,5364,104736,1782
2021-11-04,San Luis Obispo,079,281455,29755,29335,1247,30582,350
2021-11-04,San Mateo,081,765935,54434,53442,870,54312,574
2021-11-04,Santa Barbara,083,443738,44669,44301,1537,45838,532
2021-11-04,Santa Clara,085,1922200,147872,146519,1347,147866,1894
2021-11-04,Santa Cruz,087,273765,20527,20311,996,21307,222
2021-11-04,Shasta,089,179085,21671,21281,3588,24869,349
2021-11-04,Sierra,091,2930,186,181,21,202,0
2021-11-04,Siskiyou,093,43540,3353,3279,1279,4558,48
2021-11-04,Solano,095,438530,46129,45465,1260,46725,350
2021-11-04,Sonoma,097,501317,41750,41398,524,41922,395
2021-11-04,Stanislaus,099,539301,78952,78902,8808,87710,1193
2021-11-04,Sutter,101,95872,13939,13908,348,14256,180
2021-11-04,Tehama,103,63373,8592,8474,1471,9945,120
2021-11-04,Trinity,105,12862,859,732,209,941,11
2021-11-04,Tulare,107,460477,69065,67767,14984,82751,1010
2021-11-04,Tuolumne,109,53932,7347,7245,103,7348,90
2021-11-04,Ventura,111,848112,98556,97770,4273,102043,1180
2021-11-04,Yolo,113,214977,20042,19827,969,20796,255
2021-11-04,Yuba,115,75493,10187,10107,329,10436,83
2021-11-03,Alameda,001,1643700,119765,119356,2733,122089,1428
2021-11-03,Alpine,002,1148,102,105,0,105,0
2021-11-03,Amador,005,37829,5587,5545,59,5604,66
2021-11-03,Butte,007,227075,21075,20769,3925,24694,284
2021-11-03,Calaveras,009,45235,4127,4087,55,4142,82
2021-11-03,Colusa,011,21464,2523,2499,637,3136,20
2021-11-03,Contra Costa,013,1133247,99860,99168,2171,101339,1025
2021-11-03,Del Norte,015,27424,3692,3600,53,3653,42
2021-11-03,El Dorado,017,186661,16171,15915,1705,17620,156
2021-11-03,Fresno,019,978130,141137,138873,12690,151563,2166
2021-11-03,Glenn,021,27897,3520,3470,1013,4483,33
2021-11-03,Humboldt,023,135768,9122,8949,559,9508,109
2021-11-03,Imperial,025,180216,33826,33402,3156,36558,766
2021-11-03,Inyo,027,18085,2389,2344,38,2382,41
2021-11-03,Kern,029,883053,128408,126523,22273,148796,1681
2021-11-03,Kings,031,150075,32418,31923,1923,33846,341
2021-11-03,Lake,033,64148,6772,6685,148,6833,106
2021-11-03,Lassen,035,31185,6900,6782,373,7155,46
2021-11-03,Los Angeles,037,10098052,1444483,1431209,53307,1484516,26517
2021-11-03,Madera,039,155013,23383,22893,2106,24999,287
2021-11-03,Marin,041,260295,17645,17491,447,17938,247
2021-11-03,Mariposa,043,17540,1317,1276,49,1325,5
2021-11-03,Mendocino,045,87422,7634,7457,573,8030,84
2021-11-03,Merced,047,269075,42127,41849,1910,43759,597
2021-11-03,Modoc,049,8938,545,521,192,713,5
2021-11-03,Mono,051,14174,1734,1719,22,1741,4
2021-11-03,Monterey,053,433212,48838,47794,2890,50684,601
2021-11-03,Napa,055,140530,13025,12937,110,13047,103
2021-11-03,Nevada,057,99092,9275,9131,323,9454,91
2021-11-03,Orange,059,3164182,308470,305661,15146,320807,5607
2021-11-03,Placer,061,380077,37393,36868,3647,40515,438
2021-11-03,Plumas,063,18699,1828,1739,33,1772,7
2021-11-03,Riverside,065,2383286,364845,360060,16277,376337,5131
2021-11-03,Sacramento,067,1510023,159824,158311,4604,162915,2259
2021-11-03,San Benito,069,59416,7434,7419,168,7587,75
2021-11-03,San Bernardino,071,2135413,355678,352225,11169,363394,5813
2021-11-03,San Diego,073,3302833,375126,372951,22011,394962,4241
2021-11-03,San Francisco,075,870044,53268,52493,2295,54788,663
2021-11-03,San Joaquin,077,732212,100129,99188,5354,104542,1776
2021-11-03,San Luis Obispo,079,281455,29713,29276,1241,30517,348
2021-11-03,San Mateo,081,765935,54370,53396,864,54260,571
2021-11-03,Santa Barbara,083,443738,44612,44220,1534,45754,531
2021-11-03,Santa Clara,085,1922200,147692,146259,1340,147599,1897
2021-11-03,Santa Cruz,087,273765,20492,20275,996,21271,222
2021-11-03,Shasta,089,179085,21613,21215,3581,24796,346
2021-11-03,Sierra,091,2930,184,180,21,201,0
2021-11-03,Siskiyou,093,43540,3349,3276,1277,4553,46
2021-11-03,Solano,095,438530,46102,45411,1258,46669,351
2021-11-03,Sonoma,097,501317,41673,41326,522,41848,395
2021-11-03,Stanislaus,099,539301,78820,78736,8792,87528,1193
2021-11-03,Sutter,101,95872,13926,13876,346,14222,179
2021-11-03,Tehama,103,63373,8580,8438,1471,9909,118
2021-11-03,Trinity,105,12862,858,730,209,939,11
2021-11-03,Tulare,107,460477,68938,67588,14943,82531,1007
2021-11-03,Tuolumne,109,53932,7329,7218,101,7319,90
2021-11-03,Ventura,111,848112,98449,97682,4269,101951,1178
2021-11-03,Yolo,113,214977,20022,19758,963,20721,250
2021-11-03,Yuba,115,75493,10175,10092,329,10421,83
2021-11-02,Alameda,001,1643700,119618,119241,2727,121968,1425
2021-11-02,Alpine,002,1148,101,105,0,105,0
2021-11-02,Amador,005,37829,5582,5535,59,5594,66
2021-11-02,Butte,007,227075,21031,20744,3913,24657,282
2021-11-02,Calaveras,009,45235,4104,4075,55,4130,82
2021-11-02,Colusa,011,21464,2518,2497,636,3133,19
2021-11-02,Contra Costa,013,1133247,99756,99080,2159,101239,1025
2021-11-02,Del Norte,015,27424,3690,3596,53,3649,42
2021-11-02,El Dorado,017,186661,16142,15883,1705,17588,154
2021-11-02,Fresno,019,978130,140813,138644,12660,151304,2158
2021-11-02,Glenn,021,27897,3512,3469,1010,4479,33
2021-11-02,Humboldt,023,135768,9080,8937,558,9495,109
2021-11-02,Imperial,025,180216,33754,33371,3144,36515,766
2021-11-02,Inyo,027,18085,2382,2324,38,2362,41
2021-11-02,Kern,029,883053,128153,126311,22153,148464,1665
2021-11-02,Kings,031,150075,32359,31896,1918,33814,339
2021-11-02,Lake,033,64148,6767,6681,147,6828,106
2021-11-02,Lassen,035,31185,6888,6777,370,7147,45
2021-11-02,Los Angeles,037,10098052,1443042,1429601,53231,1482832,26496
2021-11-02,Madera,039,155013,23302,22837,2095,24932,287
2021-11-02,Marin,041,260295,17617,17482,447,17929,247
2021-11-02,Mariposa,043,17540,1306,1270,48,1318,5
2021-11-02,Mendocino,045,87422,7610,7447,561,8008,84
2021-11-02,Merced,047,269075,42060,41785,1902,43687,596
2021-11-02,Modoc,049,8938,542,520,191,711,5
2021-11-02,Mono,051,14174,1730,1718,22,1740,4
2021-11-02,Monterey,053,433212,48787,47775,2872,50647,599
2021-11-02,Napa,055,140530,13007,12930,110,13040,104
2021-11-02,Nevada,057,99092,9245,9122,322,9444,91
2021-11-02,Orange,059,3164182,308154,305369,15102,320471,5600
2021-11-02,Placer,061,380077,37321,36817,3632,40449,438
2021-11-02,Plumas,063,18699,1817,1721,33,1754,7
2021-11-02,Riverside,065,2383286,364391,359586,16258,375844,5116
2021-11-02,Sacramento,067,1510023,159567,158112,4582,162694,2250
2021-11-02,San Benito,069,59416,7418,7407,168,7575,75
2021-11-02,San Bernardino,071,2135413,355201,351832,11116,362948,5813
2021-11-02,San Diego,073,3302833,374541,372440,21981,394421,4232
2021-11-02,San Francisco,075,870044,53148,52450,2291,54741,663
2021-11-02,San Joaquin,077,732212,99996,99076,5343,104419,1772
2021-11-02,San Luis Obispo,079,281455,29680,29224,1237,30461,348
2021-11-02,San Mateo,081,765935,54298,53351,861,54212,571
2021-11-02,Santa Barbara,083,443738,44556,44177,1531,45708,531
2021-11-02,Santa Clara,085,1922200,147498,146115,1333,147448,1896
2021-11-02,Santa Cruz,087,273765,20459,20266,995,21261,222
2021-11-02,Shasta,089,179085,21539,21127,3571,24698,344
2021-11-02,Sierra,091,2930,184,180,20,200,0
2021-11-02,Siskiyou,093,43540,3347,3272,1274,4546,46
2021-11-02,Solano,095,438530,46062,45378,1252,46630,350
2021-11-02,Sonoma,097,501317,41592,41288,521,41809,395
2021-11-02,Stanislaus,099,539301,78665,78629,8772,87401,1193
2021-11-02,Sutter,101,95872,13906,13868,346,14214,179
2021-11-02,Tehama,103,63373,8564,8422,1468,9890,116
2021-11-02,Trinity,105,12862,858,729,209,938,11
2021-11-02,Tulare,107,460477,68813,67502,14895,82397,1002
2021-11-02,Tuolumne,109,53932,7307,7204,99,7303,90
2021-11-02,Ventura,111,848112,98344,97574,4265,101839,1178
2021-11-02,Yolo,113,214977,19992,19736,961,20697,250
2021-11-02,Yuba,115,75493,10152,10080,327,10407,83
2021-11-01,Alameda,001,1643700,119480,119159,2725,121884,1421
2021-11-01,Alpine,002,1148,101,105,0,105,0
2021-11-01,Amador,005,37829,5580,5532,59,5591,64
2021-11-01,Butte,007,227075,20981,20710,3907,24617,281
2021-11-01,Calaveras,009,45235,4094,4059,54,4113,82
2021-11-01,Colusa,011,21464,2516,2494,633,3127,19
2021-11-01,Contra Costa,013,1133247,99631,99011,2151,101162,1025
2021-11-01,Del Norte,015,27424,3688,3594,53,3647,42
2021-11-01,El Dorado,017,186661,16118,15858,1700,17558,154
2021-11-01,Fresno,019,978130,140436,138421,12624,151045,2149
2021-11-01,Glenn,021,27897,3505,3461,1008,4469,33
2021-11-01,Humboldt,023,135768,9052,8929,555,9484,108
2021-11-01,Imperial,025,180216,33704,33342,3135,36477,766
2021-11-01,Inyo,027,18085,2370,2307,38,2345,41
2021-11-01,Kern,029,883053,127852,126092,22038,148130,1660
2021-11-01,Kings,031,150075,32306,31866,1914,33780,337
2021-11-01,Lake,033,64148,6756,6676,146,6822,106
2021-11-01,Lassen,035,31185,6873,6775,367,7142,42
2021-11-01,Los Angeles,037,10098052,1441658,1428891,53142,1482033,26483
2021-11-01,Madera,039,155013,23222,22801,2090,24891,283
2021-11-01,Marin,041,260295,17597,17460,446,17906,247
2021-11-01,Mariposa,043,17540,1298,1266,47,1313,5
2021-11-01,Mendocino,045,87422,7577,7422,543,7965,84
2021-11-01,Merced,047,269075,41968,41740,1900,43640,594
2021-11-01,Modoc,049,8938,537,520,189,709,5
2021-11-01,Mono,051,14174,1726,1714,22,1736,3
2021-11-01,Monterey,053,433212,48744,47756,2860,50616,597
2021-11-01,Napa,055,140530,12980,12916,109,13025,101
2021-11-01,Nevada,057,99092,9222,9108,321,9429,91
2021-11-01,Orange,059,3164182,307811,305192,15061,320253,5596
2021-11-01,Placer,061,380077,37238,36747,3620,40367,435
2021-11-01,Plumas,063,18699,1798,1719,33,1752,7
2021-11-01,Riverside,065,2383286,363889,359263,16236,375499,5115
2021-11-01,Sacramento,067,1510023,159293,157893,4560,162453,2239
2021-11-01,San Benito,069,59416,7408,7406,167,7573,73
2021-11-01,San Bernardino,071,2135413,354710,351620,11096,362716,5815
2021-11-01,San Diego,073,3302833,373976,372043,21963,394006,4232
2021-11-01,San Francisco,075,870044,53062,52418,2284,54702,661
2021-11-01,San Joaquin,077,732212,99834,98969,5336,104305,1772
2021-11-01,San Luis Obispo,079,281455,29636,29199,1232,30431,343
2021-11-01,San Mateo,081,765935,54231,53314,857,54171,571
2021-11-01,Santa Barbara,083,443738,44489,44146,1527,45673,529
2021-11-01,Santa Clara,085,1922200,147299,145978,1328,147306,1907
2021-11-01,Santa Cruz,087,273765,20424,20238,995,21233,221
2021-11-01,Shasta,089,179085,21486,21104,3564,24668,338
2021-11-01,Sierra,091,2930,184,180,20,200,0
2021-11-01,Siskiyou,093,43540,3340,3272,1269,4541,46
2021-11-01,Solano,095,438530,46008,45358,1252,46610,350
2021-11-01,Sonoma,097,501317,41519,41234,520,41754,395
2021-11-01,Stanislaus,099,539301,78535,78534,8757,87291,1193
2021-11-01,Sutter,101,95872,13882,13852,344,14196,179
2021-11-01,Tehama,103,63373,8536,8412,1465,9877,116
2021-11-01,Trinity,105,12862,856,727,209,936,11
2021-11-01,Tulare,107,460477,68670,67388,14843,82231,1002
2021-11-01,Tuolumne,109,53932,7291,7175,98,7273,90
2021-11-01,Ventura,111,848112,98254,97507,4263,101770,1178
2021-11-01,Yolo,113,214977,19971,19708,955,20663,250
2021-11-01,Yuba,115,75493,10134,10066,325,10391,83
2021-10-31,Alameda,001,1643700,119336,119071,2721,121792,1419
2021-10-31,Alpine,002,1148,101,105,0,105,0
2021-10-31,Amador,005,37829,5569,5518,59,5577,64
2021-10-31,Butte,007,227075,20919,20689,3896,24585,281
2021-10-31,Calaveras,009,45235,4076,4052,53,4105,82
2021-10-31,Colusa,011,21464,2514,2493,630,3123,18
2021-10-31,Contra Costa,013,1133247,99503,98936,2149,101085,1025
2021-10-31,Del Norte,015,27424,3682,3591,53,3644,42
2021-10-31,El Dorado,017,186661,16072,15841,1697,17538,154
2021-10-31,Fresno,019,978130,140031,138165,12590,150755,2147
2021-10-31,Glenn,021,27897,3498,3459,1008,4467,33
2021-10-31,Humboldt,023,135768,9004,8919,549,9468,108
2021-10-31,Imperial,025,180216,33629,33334,3123,36457,766
2021-10-31,Inyo,027,18085,2351,2309,38,2347,41
2021-10-31,Kern,029,883053,127480,125917,21914,147831,1666
2021-10-31,Kings,031,150075,32220,31814,1902,33716,338
2021-10-31,Lake,033,64148,6745,6665,144,6809,106
2021-10-31,Lassen,035,31185,6858,6768,362,7130,42
2021-10-31,Los Angeles,037,10098052,1440106,1427933,53059,1480992,26474
2021-10-31,Madera,039,155013,23126,22744,2077,24821,283
2021-10-31,Marin,041,260295,17569,17443,445,17888,247
2021-10-31,Mariposa,043,17540,1292,1257,46,1303,5
2021-10-31,Mendocino,045,87422,7536,7403,526,7929,84
2021-10-31,Merced,047,269075,41875,41699,1880,43579,589
2021-10-31,Modoc,049,8938,531,517,186,703,5
2021-10-31,Mono,051,14174,1722,1711,22,1733,3
2021-10-31,Monterey,053,433212,48703,47744,2842,50586,596
2021-10-31,Napa,055,140530,12963,12906,107,13013,101
2021-10-31,Nevada,057,99092,9185,9084,316,9400,91
2021-10-31,Orange,059,3164182,307463,305032,14977,320009,5596
2021-10-31,Placer,061,380077,37141,36698,3607,40305,435
2021-10-31,Plumas,063,18699,1780,1716,33,1749,7
2021-10-31,Riverside,065,2383286,363313,359005,16222,375227,5104
2021-10-31,Sacramento,067,1510023,158942,157667,4547,162214,2243
2021-10-31,San Benito,069,59416,7399,7397,165,7562,73
2021-10-31,San Bernardino,071,2135413,354177,351411,11082,362493,5810
2021-10-31,San Diego,073,3302833,373423,371603,21932,393535,4218
2021-10-31,San Francisco,075,870044,52953,52370,2278,54648,661
2021-10-31,San Joaquin,077,732212,99670,98893,5321,104214,1772
2021-10-31,San Luis Obispo,079,281455,29583,29176,1231,30407,343
2021-10-31,San Mateo,081,765935,54172,53284,855,54139,571
2021-10-31,Santa Barbara,083,443738,44419,44113,1522,45635,529
2021-10-31,Santa Clara,085,1922200,147083,145829,1313,147142,1908
2021-10-31,Santa Cruz,087,273765,20389,20218,994,21212,221
2021-10-31,Shasta,089,179085,21403,21086,3552,24638,338
2021-10-31,Sierra,091,2930,184,180,20,200,0
2021-10-31,Siskiyou,093,43540,3334,3271,1268,4539,46
2021-10-31,Solano,095,438530,45959,45310,1246,46556,350
2021-10-31,Sonoma,097,501317,41449,41183,517,41700,395
2021-10-31,Stanislaus,099,539301,78346,78426,8740,87166,1193
2021-10-31,Sutter,101,95872,13863,13838,341,14179,179
2021-10-31,Tehama,103,63373,8505,8391,1461,9852,116
2021-10-31,Trinity,105,12862,856,724,209,933,11
2021-10-31,Tulare,107,460477,68474,67310,14755,82065,1002
2021-10-31,Tuolumne,109,53932,7262,7141,97,7238,90
2021-10-31,Ventura,111,848112,98132,97460,4258,101718,1178
2021-10-31,Yolo,113,214977,19925,19662,951,20613,250
2021-10-31,Yuba,115,75493,10116,10051,315,10366,83
2021-10-30,Alameda,001,1643700,119276,118632,2718,121350,1419
2021-10-30,Alpine,002,1148,101,105,0,105,0
2021-10-30,Amador,005,37829,5560,5480,58,5538,64
2021-10-30,Butte,007,227075,20904,20516,3889,24405,277
2021-10-30,Calaveras,009,45235,4069,3992,53,4045,82
2021-10-30,Colusa,011,21464,2514,2484,629,3113,19
2021-10-30,Contra Costa,013,1133247,99440,98562,2148,100710,1024
2021-10-30,Del Norte,015,27424,3679,3574,53,3627,42
2021-10-30,El Dorado,017,186661,16056,15752,1693,17445,154
2021-10-30,Fresno,019,978130,139886,136901,12578,149479,2131
2021-10-30,Glenn,021,27897,3494,3442,1008,4450,33
2021-10-30,Humboldt,023,135768,8989,8871,547,9418,105
2021-10-30,Imperial,025,180216,33583,33156,3119,36275,766
2021-10-30,Inyo,027,18085,2348,2249,38,2287,41
2021-10-30,Kern,029,883053,127327,124892,21845,146737,1653
2021-10-30,Kings,031,150075,32186,31578,1898,33476,337
2021-10-30,Lake,033,64148,6740,6610,144,6754,106
2021-10-30,Lassen,035,31185,6852,6719,360,7079,42
2021-10-30,Los Angeles,037,10098052,1439384,1424257,53006,1477263,26625
2021-10-30,Madera,039,155013,23082,22524,2072,24596,283
2021-10-30,Marin,041,260295,17554,17380,443,17823,247
2021-10-30,Mariposa,043,17540,1289,1228,46,1274,5
2021-10-30,Mendocino,045,87422,7513,7338,524,7862,84
2021-10-30,Merced,047,269075,41835,41428,1878,43306,586
2021-10-30,Modoc,049,8938,529,513,185,698,5
2021-10-30,Mono,051,14174,1722,1684,22,1706,3
2021-10-30,Monterey,053,433212,48686,47649,2836,50485,588
2021-10-30,Napa,055,140530,12948,12863,106,12969,101
2021-10-30,Nevada,057,99092,9166,9015,316,9331,91
2021-10-30,Orange,059,3164182,307283,304120,14955,319075,5588
2021-10-30,Placer,061,380077,37096,36400,3601,40001,434
2021-10-30,Plumas,063,18699,1775,1695,33,1728,7
2021-10-30,Riverside,065,2383286,363012,357645,16214,373859,5088
2021-10-30,Sacramento,067,1510023,158785,157125,4538,161663,2233
2021-10-30,San Benito,069,59416,7392,7362,165,7527,71
2021-10-30,San Bernardino,071,2135413,353899,350076,11067,361143,5777
2021-10-30,San Diego,073,3302833,373060,370006,21910,391916,4213
2021-10-30,San Francisco,075,870044,52924,52161,2276,54437,661
2021-10-30,San Joaquin,077,732212,99614,98314,5320,103634,1768
2021-10-30,San Luis Obispo,079,281455,29551,29053,1228,30281,341
2021-10-30,San Mateo,081,765935,54133,53083,855,53938,571
2021-10-30,Santa Barbara,083,443738,44384,43972,1521,45493,528
2021-10-30,Santa Clara,085,1922200,146977,145262,1309,146571,1903
2021-10-30,Santa Cruz,087,273765,20371,20134,992,21126,221
2021-10-30,Shasta,089,179085,21359,20878,3546,24424,332
2021-10-30,Sierra,091,2930,184,175,20,195,0
2021-10-30,Siskiyou,093,43540,3333,3257,1265,4522,46
2021-10-30,Solano,095,438530,45938,45146,1244,46390,346
2021-10-30,Sonoma,097,501317,41410,40924,517,41441,393
2021-10-30,Stanislaus,099,539301,78276,77871,8733,86604,1191
2021-10-30,Sutter,101,95872,13849,13773,341,14114,178
2021-10-30,Tehama,103,63373,8493,8307,1457,9764,114
2021-10-30,Trinity,105,12862,854,708,208,916,11
2021-10-30,Tulare,107,460477,68403,66745,14711,81456,995
2021-10-30,Tuolumne,109,53932,7238,7050,96,7146,90
2021-10-30,Ventura,111,848112,98083,97182,4255,101437,1174
2021-10-30,Yolo,113,214977,19906,19568,949,20517,250
2021-10-30,Yuba,115,75493,10105,9969,315,10284,82
2021-10-29,Alameda,001,1643700,119197,118632,2713,121345,1419
2021-10-29,Alpine,002,1148,101,105,0,105,0
2021-10-29,Amador,005,37829,5549,5480,58,5538,64
2021-10-29,Butte,007,227075,20879,20516,3877,24393,277
2021-10-29,Calaveras,009,45235,4062,3992,53,4045,82
2021-10-29,Colusa,011,21464,2514,2484,627,3111,19
2021-10-29,Contra Costa,013,1133247,99372,98562,2146,100708,1024
2021-10-29,Del Norte,015,27424,3672,3574,53,3627,42
2021-10-29,El Dorado,017,186661,16042,15752,1693,17445,154
2021-10-29,Fresno,019,978130,139671,136901,12565,149466,2131
2021-10-29,Glenn,021,27897,3493,3442,1007,4449,33
2021-10-29,Humboldt,023,135768,8984,8871,546,9417,105
2021-10-29,Imperial,025,180216,33556,33156,3116,36272,766
2021-10-29,Inyo,027,18085,2345,2249,38,2287,41
2021-10-29,Kern,029,883053,127150,124892,21755,146647,1653
2021-10-29,Kings,031,150075,32152,31578,1896,33474,337
2021-10-29,Lake,033,64148,6731,6610,141,6751,106
2021-10-29,Lassen,035,31185,6843,6719,358,7077,42
2021-10-29,Los Angeles,037,10098052,1438543,1424257,52964,1477221,26625
2021-10-29,Madera,039,155013,23030,22524,2067,24591,283
2021-10-29,Marin,041,260295,17538,17380,442,17822,247
2021-10-29,Mariposa,043,17540,1285,1228,46,1274,5
2021-10-29,Mendocino,045,87422,7505,7338,524,7862,84
2021-10-29,Merced,047,269075,41785,41428,1872,43300,586
2021-10-29,Modoc,049,8938,526,513,185,698,5
2021-10-29,Mono,051,14174,1720,1684,22,1706,3
2021-10-29,Monterey,053,433212,48663,47649,2836,50485,588
2021-10-29,Napa,055,140530,12927,12863,106,12969,101
2021-10-29,Nevada,057,99092,9154,9015,316,9331,91
2021-10-29,Orange,059,3164182,307058,304120,14935,319055,5588
2021-10-29,Placer,061,380077,37060,36400,3591,39991,434
2021-10-29,Plumas,063,18699,1769,1695,33,1728,7
2021-10-29,Riverside,065,2383286,362679,357645,16209,373854,5088
2021-10-29,Sacramento,067,1510023,158596,157125,4528,161653,2233
2021-10-29,San Benito,069,59416,7389,7362,165,7527,71
2021-10-29,San Bernardino,071,2135413,353596,350076,11056,361132,5777
2021-10-29,San Diego,073,3302833,372688,370006,21882,391888,4213
2021-10-29,San Francisco,075,870044,52864,52161,2269,54430,661
2021-10-29,San Joaquin,077,732212,99554,98314,5315,103629,1768
2021-10-29,San Luis Obispo,079,281455,29525,29053,1226,30279,341
2021-10-29,San Mateo,081,765935,54090,53083,853,53936,571
2021-10-29,Santa Barbara,083,443738,44344,43972,1518,45490,528
2021-10-29,Santa Clara,085,1922200,146862,145262,1302,146564,1903
2021-10-29,Santa Cruz,087,273765,20364,20134,991,21125,221
2021-10-29,Shasta,089,179085,21321,20878,3540,24418,332
2021-10-29,Sierra,091,2930,182,175,20,195,0
2021-10-29,Siskiyou,093,43540,3333,3257,1264,4521,46
2021-10-29,Solano,095,438530,45901,45146,1243,46389,346
2021-10-29,Sonoma,097,501317,41389,40924,517,41441,393
2021-10-29,Stanislaus,099,539301,78191,77871,8721,86592,1191
2021-10-29,Sutter,101,95872,13830,13773,341,14114,178
2021-10-29,Tehama,103,63373,8480,8307,1456,9763,114
2021-10-29,Trinity,105,12862,853,708,208,916,11
2021-10-29,Tulare,107,460477,68298,66745,14668,81413,995
2021-10-29,Tuolumne,109,53932,7225,7050,96,7146,90
2021-10-29,Ventura,111,848112,98028,97182,4251,101433,1174
2021-10-29,Yolo,113,214977,19885,19568,947,20515,250
2021-10-29,Yuba,115,75493,10097,9969,311,10280,82
2021-10-28,Alameda,001,1643700,119074,118632,2706,121338,1419
2021-10-28,Alpine,002,1148,101,105,0,105,0
2021-10-28,Amador,005,37829,5536,5480,58,5538,64
2021-10-28,Butte,007,227075,20837,20516,3866,24382,277
2021-10-28,Calaveras,009,45235,4049,3992,53,4045,82
2021-10-28,Colusa,011,21464,2511,2484,626,3110,19
2021-10-28,Contra Costa,013,1133247,99242,98562,2142,100704,1024
2021-10-28,Del Norte,015,27424,3671,3574,53,3627,42
2021-10-28,El Dorado,017,186661,16014,15752,1690,17442,154
2021-10-28,Fresno,019,978130,139339,136901,12534,149435,2131
2021-10-28,Glenn,021,27897,3490,3442,1005,4447,33
2021-10-28,Humboldt,023,135768,8968,8871,541,9412,105
2021-10-28,Imperial,025,180216,33490,33156,3109,36265,766
2021-10-28,Inyo,027,18085,2328,2249,38,2287,41
2021-10-28,Kern,029,883053,126902,124892,21643,146535,1653
2021-10-28,Kings,031,150075,32083,31578,1891,33469,337
2021-10-28,Lake,033,64148,6721,6610,141,6751,106
2021-10-28,Lassen,035,31185,6834,6719,355,7074,42
2021-10-28,Los Angeles,037,10098052,1437406,1424257,52890,1477147,26625
2021-10-28,Madera,039,155013,22976,22524,2056,24580,283
2021-10-28,Marin,041,260295,17520,17380,441,17821,247
2021-10-28,Mariposa,043,17540,1281,1228,46,1274,5
2021-10-28,Mendocino,045,87422,7492,7338,513,7851,84
2021-10-28,Merced,047,269075,41700,41428,1862,43290,586
2021-10-28,Modoc,049,8938,525,513,185,698,5
2021-10-28,Mono,051,14174,1714,1684,22,1706,3
2021-10-28,Monterey,053,433212,48632,47649,2819,50468,588
2021-10-28,Napa,055,140530,12918,12863,105,12968,101
2021-10-28,Nevada,057,99092,9136,9015,316,9331,91
2021-10-28,Orange,059,3164182,306771,304120,14871,318991,5588
2021-10-28,Placer,061,380077,36981,36400,3582,39982,434
2021-10-28,Plumas,063,18699,1761,1695,33,1728,7
2021-10-28,Riverside,065,2383286,362239,357645,16186,373831,5088
2021-10-28,Sacramento,067,1510023,158330,157125,4516,161641,2233
2021-10-28,San Benito,069,59416,7381,7362,165,7527,71
2021-10-28,San Bernardino,071,2135413,353180,350076,11033,361109,5777
2021-10-28,San Diego,073,3302833,372232,370006,21859,391865,4213
2021-10-28,San Francisco,075,870044,52818,52161,2262,54423,661
2021-10-28,San Joaquin,077,732212,99426,98314,5314,103628,1768
2021-10-28,San Luis Obispo,079,281455,29496,29053,1223,30276,341
2021-10-28,San Mateo,081,765935,54045,53083,851,53934,571
2021-10-28,Santa Barbara,083,443738,44305,43972,1516,45488,528
2021-10-28,Santa Clara,085,1922200,146703,145262,1297,146559,1903
2021-10-28,Santa Cruz,087,273765,20340,20134,991,21125,221
2021-10-28,Shasta,089,179085,21246,20878,3533,24411,332
2021-10-28,Sierra,091,2930,181,175,20,195,0
2021-10-28,Siskiyou,093,43540,3332,3257,1264,4521,46
2021-10-28,Solano,095,438530,45861,45146,1242,46388,346
2021-10-28,Sonoma,097,501317,41321,40924,516,41440,393
2021-10-28,Stanislaus,099,539301,78038,77871,8705,86576,1191
2021-10-28,Sutter,101,95872,13817,13773,337,14110,178
2021-10-28,Tehama,103,63373,8443,8307,1453,9760,114
2021-10-28,Trinity,105,12862,850,708,208,916,11
2021-10-28,Tulare,107,460477,68159,66745,14612,81357,995
2021-10-28,Tuolumne,109,53932,7194,7050,96,7146,90
2021-10-28,Ventura,111,848112,97943,97182,4248,101430,1174
2021-10-28,Yolo,113,214977,19846,19568,944,20512,250
2021-10-28,Yuba,115,75493,10068,9969,308,10277,82
2021-10-27,Alameda,001,1643700,118952,118487,2704,121191,1414
2021-10-27,Alpine,002,1148,101,105,0,105,0
2021-10-27,Amador,005,37829,5524,5470,57,5527,64
2021-10-27,Butte,007,227075,20792,20446,3851,24297,274
2021-10-27,Calaveras,009,45235,4031,3970,52,4022,82
2021-10-27,Colusa,011,21464,2511,2480,625,3105,18
2021-10-27,Contra Costa,013,1133247,99134,98442,2130,100572,1018
2021-10-27,Del Norte,015,27424,3664,3571,52,3623,42
2021-10-27,El Dorado,017,186661,15983,15723,1685,17408,154
2021-10-27,Fresno,019,978130,138958,136447,12500,148947,2128
2021-10-27,Glenn,021,27897,3488,3435,1004,4439,33
2021-10-27,Humboldt,023,135768,8948,8851,539,9390,105
2021-10-27,Imperial,025,180216,33450,33068,3104,36172,766
2021-10-27,Inyo,027,18085,2308,2236,38,2274,41
2021-10-27,Kern,029,883053,126633,124557,21543,146100,1647
2021-10-27,Kings,031,150075,32017,31437,1885,33322,335
2021-10-27,Lake,033,64148,6695,6589,141,6730,105
2021-10-27,Lassen,035,31185,6821,6706,353,7059,42
2021-10-27,Los Angeles,037,10098052,1436177,1422615,52832,1475447,26604
2021-10-27,Madera,039,155013,22891,22413,2032,24445,283
2021-10-27,Marin,041,260295,17505,17362,441,17803,247
2021-10-27,Mariposa,043,17540,1268,1228,46,1274,5
2021-10-27,Mendocino,045,87422,7478,7321,506,7827,84
2021-10-27,Merced,047,269075,41603,41310,1848,43158,583
2021-10-27,Modoc,049,8938,521,513,185,698,5
2021-10-27,Mono,051,14174,1711,1682,22,1704,3
2021-10-27,Monterey,053,433212,48595,47610,2798,50408,588
2021-10-27,Napa,055,140530,12903,12856,105,12961,101
2021-10-27,Nevada,057,99092,9118,8987,315,9302,90
2021-10-27,Orange,059,3164182,306451,303825,14821,318646,5584
2021-10-27,Placer,061,380077,36916,36296,3575,39871,434
2021-10-27,Plumas,063,18699,1753,1686,33,1719,7
2021-10-27,Riverside,065,2383286,361806,357152,16178,373330,5081
2021-10-27,Sacramento,067,1510023,158062,156830,4495,161325,2230
2021-10-27,San Benito,069,59416,7374,7337,165,7502,71
2021-10-27,San Bernardino,071,2135413,352755,349624,11011,360635,5770
2021-10-27,San Diego,073,3302833,371676,369579,21835,391414,4207
2021-10-27,San Francisco,075,870044,52767,52108,2258,54366,655
2021-10-27,San Joaquin,077,732212,99269,98168,5299,103467,1753
2021-10-27,San Luis Obispo,079,281455,29457,29002,1221,30223,341
2021-10-27,San Mateo,081,765935,53990,53032,843,53875,571
2021-10-27,Santa Barbara,083,443738,44252,43901,1513,45414,527
2021-10-27,Santa Clara,085,1922200,146524,145081,1289,146370,1902
2021-10-27,Santa Cruz,087,273765,20313,20091,989,21080,221
2021-10-27,Shasta,089,179085,21171,20813,3525,24338,331
2021-10-27,Sierra,091,2930,180,176,20,196,0
2021-10-27,Siskiyou,093,43540,3329,3256,1260,4516,46
2021-10-27,Solano,095,438530,45816,45089,1235,46324,346
2021-10-27,Sonoma,097,501317,41245,40829,514,41343,393
2021-10-27,Stanislaus,099,539301,77878,77687,8690,86377,1191
2021-10-27,Sutter,101,95872,13803,13754,337,14091,177
2021-10-27,Tehama,103,63373,8421,8265,1451,9716,113
2021-10-27,Trinity,105,12862,850,706,207,913,11
2021-10-27,Tulare,107,460477,68005,66568,14556,81124,991
2021-10-27,Tuolumne,109,53932,7167,7009,95,7104,90
2021-10-27,Ventura,111,848112,97851,97108,4243,101351,1172
2021-10-27,Yolo,113,214977,19817,19517,937,20454,250
2021-10-27,Yuba,115,75493,10047,9945,306,10251,82
2021-10-26,Alameda,001,1643700,118814,118360,2702,121062,1407
2021-10-26,Alpine,002,1148,101,105,0,105,0
2021-10-26,Amador,005,37829,5516,5465,56,5521,64
2021-10-26,Butte,007,227075,20732,20387,3834,24221,274
2021-10-26,Calaveras,009,45235,4020,3966,52,4018,81
2021-10-26,Colusa,011,21464,2508,2478,624,3102,18
2021-10-26,Contra Costa,013,1133247,99010,98352,2120,100472,1017
2021-10-26,Del Norte,015,27424,3659,3563,52,3615,42
2021-10-26,El Dorado,017,186661,15955,15690,1676,17366,153
2021-10-26,Fresno,019,978130,138511,136211,12452,148663,2122
2021-10-26,Glenn,021,27897,3474,3431,1001,4432,33
2021-10-26,Humboldt,023,135768,8930,8830,533,9363,105
2021-10-26,Imperial,025,180216,33385,33012,3099,36111,766
2021-10-26,Inyo,027,18085,2293,2200,38,2238,41
2021-10-26,Kern,029,883053,126290,124351,21425,145776,1645
2021-10-26,Kings,031,150075,31950,31382,1878,33260,336
2021-10-26,Lake,033,64148,6685,6584,139,6723,105
2021-10-26,Lassen,035,31185,6800,6689,351,7040,42
2021-10-26,Los Angeles,037,10098052,1434837,1421795,52761,1474556,26599
2021-10-26,Madera,039,155013,22801,22363,2021,24384,283
2021-10-26,Marin,041,260295,17488,17354,440,17794,244
2021-10-26,Mariposa,043,17540,1263,1225,45,1270,5
2021-10-26,Mendocino,045,87422,7449,7308,490,7798,83
2021-10-26,Merced,047,269075,41525,41267,1841,43108,583
2021-10-26,Modoc,049,8938,521,513,185,698,5
2021-10-26,Mono,051,14174,1706,1680,22,1702,3
2021-10-26,Monterey,053,433212,48556,47572,2788,50360,588
2021-10-26,Napa,055,140530,12891,12849,105,12954,101
2021-10-26,Nevada,057,99092,9087,8971,314,9285,90
2021-10-26,Orange,059,3164182,306182,303533,14782,318315,5580
2021-10-26,Placer,061,380077,36819,36245,3569,39814,434
2021-10-26,Plumas,063,18699,1744,1645,33,1678,7
2021-10-26,Riverside,065,2383286,361317,356775,16168,372943,5068
2021-10-26,Sacramento,067,1510023,157761,156643,4478,161121,2228
2021-10-26,San Benito,069,59416,7351,7325,165,7490,71
2021-10-26,San Bernardino,071,2135413,352326,349346,10996,360342,5764
2021-10-26,San Diego,073,3302833,371159,369043,21805,390848,4198
2021-10-26,San Francisco,075,870044,52693,52063,2255,54318,655
2021-10-26,San Joaquin,077,732212,99092,98036,5285,103321,1748
2021-10-26,San Luis Obispo,079,281455,29418,28928,1215,30143,337
2021-10-26,San Mateo,081,765935,53918,52974,840,53814,571
2021-10-26,Santa Barbara,083,443738,44206,43835,1512,45347,525
2021-10-26,Santa Clara,085,1922200,146322,144932,1283,146215,1903
2021-10-26,Santa Cruz,087,273765,20282,20067,989,21056,221
2021-10-26,Shasta,089,179085,21110,20725,3507,24232,330
2021-10-26,Sierra,091,2930,180,169,20,189,0
2021-10-26,Siskiyou,093,43540,3323,3254,1258,4512,46
2021-10-26,Solano,095,438530,45760,45044,1234,46278,344
2021-10-26,Sonoma,097,501317,41163,40794,512,41306,393
2021-10-26,Stanislaus,099,539301,77704,77552,8665,86217,1157
2021-10-26,Sutter,101,95872,13774,13739,336,14075,176
2021-10-26,Tehama,103,63373,8393,8247,1446,9693,112
2021-10-26,Trinity,105,12862,846,705,207,912,11
2021-10-26,Tulare,107,460477,67845,66476,14499,80975,991
2021-10-26,Tuolumne,109,53932,7141,6995,93,7088,90
2021-10-26,Ventura,111,848112,97742,97014,4240,101254,1170
2021-10-26,Yolo,113,214977,19786,19490,936,20426,248
2021-10-26,Yuba,115,75493,10029,9927,301,10228,82
2021-10-25,Alameda,001,1643700,118671,118319,2701,121020,1404
2021-10-25,Alpine,002,1148,101,105,0,105,0
2021-10-25,Amador,005,37829,5502,5455,56,5511,64
2021-10-25,Butte,007,227075,20659,20331,3826,24157,273
2021-10-25,Calaveras,009,45235,3990,3942,51,3993,82
2021-10-25,Colusa,011,21464,2506,2471,622,3093,18
2021-10-25,Contra Costa,013,1133247,98893,98267,2116,100383,1017
2021-10-25,Del Norte,015,27424,3652,3562,52,3614,42
2021-10-25,El Dorado,017,186661,15920,15663,1674,17337,149
2021-10-25,Fresno,019,978130,138077,135974,12416,148390,2112
2021-10-25,Glenn,021,27897,3471,3421,1000,4421,33
2021-10-25,Humboldt,023,135768,8907,8825,528,9353,105
2021-10-25,Imperial,025,180216,33324,32968,3088,36056,766
2021-10-25,Inyo,027,18085,2275,2183,38,2221,41
2021-10-25,Kern,029,883053,125939,124078,21286,145364,1649
2021-10-25,Kings,031,150075,31861,31329,1869,33198,335
2021-10-25,Lake,033,64148,6671,6571,139,6710,105
2021-10-25,Lassen,035,31185,6789,6688,349,7037,42
2021-10-25,Los Angeles,037,10098052,1433483,1421061,52695,1473756,26579
2021-10-25,Madera,039,155013,22747,22325,2014,24339,281
2021-10-25,Marin,041,260295,17466,17334,438,17772,244
2021-10-25,Mariposa,043,17540,1249,1220,45,1265,5
2021-10-25,Mendocino,045,87422,7420,7296,486,7782,82
2021-10-25,Merced,047,269075,41457,41207,1814,43021,583
2021-10-25,Modoc,049,8938,519,512,183,695,5
2021-10-25,Mono,051,14174,1698,1677,22,1699,3
2021-10-25,Monterey,053,433212,48523,47547,2786,50333,587
2021-10-25,Napa,055,140530,12878,12841,105,12946,100
2021-10-25,Nevada,057,99092,9061,8958,314,9272,90
2021-10-25,Orange,059,3164182,305884,303279,14745,318024,5574
2021-10-25,Placer,061,380077,36711,36153,3559,39712,431
2021-10-25,Plumas,063,18699,1732,1641,33,1674,7
2021-10-25,Riverside,065,2383286,360888,356381,16153,372534,5056
2021-10-25,Sacramento,067,1510023,157456,156516,4455,160971,2235
2021-10-25,San Benito,069,59416,7338,7314,164,7478,71
2021-10-25,San Bernardino,071,2135413,351818,349075,10984,360059,5748
2021-10-25,San Diego,073,3302833,370590,368386,21777,390163,4196
2021-10-25,San Francisco,075,870044,52620,52041,2249,54290,649
2021-10-25,San Joaquin,077,732212,98891,97980,5276,103256,1740
2021-10-25,San Luis Obispo,079,281455,29370,28907,1210,30117,336
2021-10-25,San Mateo,081,765935,53857,52927,836,53763,571
2021-10-25,Santa Barbara,083,443738,44147,43775,1512,45287,525
2021-10-25,Santa Clara,085,1922200,146130,144895,1278,146173,1901
2021-10-25,Santa Cruz,087,273765,20253,20053,988,21041,221
2021-10-25,Shasta,089,179085,21038,20666,3500,24166,326
2021-10-25,Sierra,091,2930,180,168,20,188,0
2021-10-25,Siskiyou,093,43540,3319,3248,1253,4501,46
2021-10-25,Solano,095,438530,45699,45022,1232,46254,344
2021-10-25,Sonoma,097,501317,41090,40746,510,41256,393
2021-10-25,Stanislaus,099,539301,77512,77452,8637,86089,1145
2021-10-25,Sutter,101,95872,13760,13721,333,14054,176
2021-10-25,Tehama,103,63373,8366,8224,1442,9666,111
2021-10-25,Trinity,105,12862,841,699,206,905,11
2021-10-25,Tulare,107,460477,67650,66357,14437,80794,986
2021-10-25,Tuolumne,109,53932,7107,6952,92,7044,90
2021-10-25,Ventura,111,848112,97651,96932,4237,101169,1167
2021-10-25,Yolo,113,214977,19736,19457,933,20390,248
2021-10-25,Yuba,115,75493,10013,9924,297,10221,82
2021-10-24,Alameda,001,1643700,118539,117816,2696,120512,1397
2021-10-24,Alpine,002,1148,101,105,0,105,0
2021-10-24,Amador,005,37829,5497,5412,56,5468,64
2021-10-24,Butte,007,227075,20587,20101,3813,23914,273
2021-10-24,Calaveras,009,45235,3971,3865,50,3915,81
2021-10-24,Colusa,011,21464,2502,2458,619,3077,18
2021-10-24,Contra Costa,013,1133247,98775,97855,2107,99962,1008
2021-10-24,Del Norte,015,27424,3648,3540,52,3592,42
2021-10-24,El Dorado,017,186661,15883,15540,1670,17210,149
2021-10-24,Fresno,019,978130,137641,134466,12366,146832,2094
2021-10-24,Glenn,021,27897,3463,3399,998,4397,33
2021-10-24,Humboldt,023,135768,8894,8753,522,9275,105
2021-10-24,Imperial,025,180216,33246,32777,3082,35859,766
2021-10-24,Inyo,027,18085,2243,2108,38,2146,41
2021-10-24,Kern,029,883053,125605,122939,21170,144109,1636
2021-10-24,Kings,031,150075,31732,30942,1854,32796,325
2021-10-24,Lake,033,64148,6648,6501,138,6639,105
2021-10-24,Lassen,035,31185,6772,6632,348,6980,27
2021-10-24,Los Angeles,037,10098052,1432049,1415919,52627,1468546,26527
2021-10-24,Madera,039,155013,22670,22062,2002,24064,281
2021-10-24,Marin,041,260295,17450,17264,437,17701,244
2021-10-24,Mariposa,043,17540,1246,1184,45,1229,5
2021-10-24,Mendocino,045,87422,7396,7220,476,7696,82
2021-10-24,Merced,047,269075,41335,40808,1808,42616,581
2021-10-24,Modoc,049,8938,518,507,183,690,5
2021-10-24,Mono,051,14174,1693,1655,22,1677,3
2021-10-24,Monterey,053,433212,48475,47456,2776,50232,586
2021-10-24,Napa,055,140530,12867,12789,105,12894,100
2021-10-24,Nevada,057,99092,9038,8861,311,9172,90
2021-10-24,Orange,059,3164182,305533,302237,14708,316945,5546
2021-10-24,Placer,061,380077,36607,35822,3545,39367,426
2021-10-24,Plumas,063,18699,1722,1623,32,1655,7
2021-10-24,Riverside,065,2383286,360414,354688,16133,370821,5041
2021-10-24,Sacramento,067,1510023,157115,155125,4432,159557,2232
2021-10-24,San Benito,069,59416,7318,7280,164,7444,71
2021-10-24,San Bernardino,071,2135413,351260,347681,10972,358653,5688
2021-10-24,San Diego,073,3302833,370006,366085,21746,387831,4183
2021-10-24,San Francisco,075,870044,52557,51820,2243,54063,649
2021-10-24,San Joaquin,077,732212,98718,97440,5270,102710,1721
2021-10-24,San Luis Obispo,079,281455,29309,28755,1203,29958,333
2021-10-24,San Mateo,081,765935,53785,52719,836,53555,571
2021-10-24,Santa Barbara,083,443738,44080,43552,1510,45062,523
2021-10-24,Santa Clara,085,1922200,145939,144276,1268,145544,1897
2021-10-24,Santa Cruz,087,273765,20215,19967,987,20954,221
2021-10-24,Shasta,089,179085,20940,20386,3494,23880,321
2021-10-24,Sierra,091,2930,180,168,20,188,0
2021-10-24,Siskiyou,093,43540,3312,3231,1249,4480,46
2021-10-24,Solano,095,438530,45650,44861,1227,46088,341
2021-10-24,Sonoma,097,501317,41007,40476,510,40986,393
2021-10-24,Stanislaus,099,539301,77321,76812,8626,85438,1145
2021-10-24,Sutter,101,95872,13733,13616,325,13941,175
2021-10-24,Tehama,103,63373,8318,8105,1431,9536,110
2021-10-24,Trinity,105,12862,837,696,204,900,11
2021-10-24,Tulare,107,460477,67477,65585,14366,79951,978
2021-10-24,Tuolumne,109,53932,7067,6840,90,6930,90
2021-10-24,Ventura,111,848112,97544,96664,4236,100900,1167
2021-10-24,Yolo,113,214977,19685,19280,933,20213,248
2021-10-24,Yuba,115,75493,9989,9838,296,10134,82
2021-10-23,Alameda,001,1643700,118451,117816,2691,120507,1397
2021-10-23,Alpine,002,1148,101,105,0,105,0
2021-10-23,Amador,005,37829,5490,5412,56,5468,64
2021-10-23,Butte,007,227075,20550,20101,3805,23906,273
2021-10-23,Calaveras,009,45235,3964,3865,49,3914,81
2021-10-23,Colusa,011,21464,2500,2458,618,3076,18
2021-10-23,Contra Costa,013,1133247,98723,97855,2103,99958,1008
2021-10-23,Del Norte,015,27424,3646,3540,52,3592,42
2021-10-23,El Dorado,017,186661,15857,15540,1668,17208,149
2021-10-23,Fresno,019,978130,137463,134466,12353,146819,2094
2021-10-23,Glenn,021,27897,3461,3399,997,4396,33
2021-10-23,Humboldt,023,135768,8880,8753,517,9270,105
2021-10-23,Imperial,025,180216,33199,32777,3078,35855,766
2021-10-23,Inyo,027,18085,2232,2108,38,2146,41
2021-10-23,Kern,029,883053,125445,122939,21083,144022,1636
2021-10-23,Kings,031,150075,31686,30942,1852,32794,325
2021-10-23,Lake,033,64148,6643,6501,138,6639,105
2021-10-23,Lassen,035,31185,6769,6632,346,6978,27
2021-10-23,Los Angeles,037,10098052,1431373,1415919,52573,1468492,26527
2021-10-23,Madera,039,155013,22621,22062,1994,24056,281
2021-10-23,Marin,041,260295,17433,17264,437,17701,244
2021-10-23,Mariposa,043,17540,1243,1184,44,1228,5
2021-10-23,Mendocino,045,87422,7389,7220,475,7695,82
2021-10-23,Merced,047,269075,41294,40808,1803,42611,581
2021-10-23,Modoc,049,8938,516,507,183,690,5
2021-10-23,Mono,051,14174,1687,1655,22,1677,3
2021-10-23,Monterey,053,433212,48458,47456,2772,50228,586
2021-10-23,Napa,055,140530,12862,12789,105,12894,100
2021-10-23,Nevada,057,99092,9027,8861,309,9170,90
2021-10-23,Orange,059,3164182,305346,302237,14693,316930,5546
2021-10-23,Placer,061,380077,36545,35822,3539,39361,426
2021-10-23,Plumas,063,18699,1721,1623,32,1655,7
2021-10-23,Riverside,065,2383286,360093,354688,16126,370814,5041
2021-10-23,Sacramento,067,1510023,156986,155125,4424,159549,2232
2021-10-23,San Benito,069,59416,7308,7280,164,7444,71
2021-10-23,San Bernardino,071,2135413,350989,347681,10964,358645,5688
2021-10-23,San Diego,073,3302833,369665,366085,21715,387800,4183
2021-10-23,San Francisco,075,870044,52521,51820,2242,54062,649
2021-10-23,San Joaquin,077,732212,98650,97440,5261,102701,1721
2021-10-23,San Luis Obispo,079,281455,29271,28755,1201,29956,333
2021-10-23,San Mateo,081,765935,53747,52719,835,53554,571
2021-10-23,Santa Barbara,083,443738,44049,43552,1508,45060,523
2021-10-23,Santa Clara,085,1922200,145828,144276,1264,145540,1897
2021-10-23,Santa Cruz,087,273765,20203,19967,987,20954,221
2021-10-23,Shasta,089,179085,20904,20386,3482,23868,321
2021-10-23,Sierra,091,2930,179,168,20,188,0
2021-10-23,Siskiyou,093,43540,3310,3231,1249,4480,46
2021-10-23,Solano,095,438530,45625,44861,1224,46085,341
2021-10-23,Sonoma,097,501317,40967,40476,510,40986,393
2021-10-23,Stanislaus,099,539301,77232,76812,8606,85418,1145
2021-10-23,Sutter,101,95872,13727,13616,324,13940,175
2021-10-23,Tehama,103,63373,8306,8105,1430,9535,110
2021-10-23,Trinity,105,12862,836,696,204,900,11
2021-10-23,Tulare,107,460477,67389,65585,14307,79892,978
2021-10-23,Tuolumne,109,53932,7046,6840,90,6930,90
2021-10-23,Ventura,111,848112,97483,96664,4236,100900,1167
2021-10-23,Yolo,113,214977,19667,19280,931,20211,248
2021-10-23,Yuba,115,75493,9980,9838,296,10134,82
2021-10-22,Alameda,001,1643700,118369,117816,2688,120504,1397
2021-10-22,Alpine,002,1148,101,105,0,105,0
2021-10-22,Amador,005,37829,5479,5412,56,5468,64
2021-10-22,Butte,007,227075,20518,20101,3801,23902,273
2021-10-22,Calaveras,009,45235,3956,3865,49,3914,81
2021-10-22,Colusa,011,21464,2497,2458,618,3076,18
2021-10-22,Contra Costa,013,1133247,98632,97855,2101,99956,1008
2021-10-22,Del Norte,015,27424,3642,3540,52,3592,42
2021-10-22,El Dorado,017,186661,15844,15540,1666,17206,149
2021-10-22,Fresno,019,978130,137248,134466,12332,146798,2094
2021-10-22,Glenn,021,27897,3451,3399,997,4396,33
2021-10-22,Humboldt,023,135768,8866,8753,516,9269,105
2021-10-22,Imperial,025,180216,33155,32777,3078,35855,766
2021-10-22,Inyo,027,18085,2219,2108,38,2146,41
2021-10-22,Kern,029,883053,125258,122939,21010,143949,1636
2021-10-22,Kings,031,150075,31651,30942,1851,32793,325
2021-10-22,Lake,033,64148,6633,6501,138,6639,105
2021-10-22,Lassen,035,31185,6762,6632,343,6975,27
2021-10-22,Los Angeles,037,10098052,1430608,1415919,52515,1468434,26527
2021-10-22,Madera,039,155013,22571,22062,1982,24044,281
2021-10-22,Marin,041,260295,17421,17264,437,17701,244
2021-10-22,Mariposa,043,17540,1240,1184,44,1228,5
2021-10-22,Mendocino,045,87422,7375,7220,474,7694,82
2021-10-22,Merced,047,269075,41257,40808,1796,42604,581
2021-10-22,Modoc,049,8938,516,507,183,690,5
2021-10-22,Mono,051,14174,1685,1655,22,1677,3
2021-10-22,Monterey,053,433212,48424,47456,2770,50226,586
2021-10-22,Napa,055,140530,12856,12789,105,12894,100
2021-10-22,Nevada,057,99092,9010,8861,308,9169,90
2021-10-22,Orange,059,3164182,305130,302237,14663,316900,5546
2021-10-22,Placer,061,380077,36517,35822,3530,39352,426
2021-10-22,Plumas,063,18699,1715,1623,32,1655,7
2021-10-22,Riverside,065,2383286,359781,354688,16121,370809,5041
2021-10-22,Sacramento,067,1510023,156799,155125,4415,159540,2232
2021-10-22,San Benito,069,59416,7303,7280,164,7444,71
2021-10-22,San Bernardino,071,2135413,350659,347681,10949,358630,5688
2021-10-22,San Diego,073,3302833,369267,366085,21697,387782,4183
2021-10-22,San Francisco,075,870044,52483,51820,2235,54055,649
2021-10-22,San Joaquin,077,732212,98589,97440,5258,102698,1721
2021-10-22,San Luis Obispo,079,281455,29241,28755,1201,29956,333
2021-10-22,San Mateo,081,765935,53696,52719,829,53548,571
2021-10-22,Santa Barbara,083,443738,44008,43552,1508,45060,523
2021-10-22,Santa Clara,085,1922200,145671,144276,1257,145533,1897
2021-10-22,Santa Cruz,087,273765,20181,19967,987,20954,221
2021-10-22,Shasta,089,179085,20871,20386,3479,23865,321
2021-10-22,Sierra,091,2930,178,168,19,187,0
2021-10-22,Siskiyou,093,43540,3308,3231,1246,4477,46
2021-10-22,Solano,095,438530,45590,44861,1220,46081,341
2021-10-22,Sonoma,097,501317,40910,40476,510,40986,393
2021-10-22,Stanislaus,099,539301,77129,76812,8589,85401,1145
2021-10-22,Sutter,101,95872,13712,13616,324,13940,175
2021-10-22,Tehama,103,63373,8284,8105,1425,9530,110
2021-10-22,Trinity,105,12862,835,696,204,900,11
2021-10-22,Tulare,107,460477,67302,65585,14255,79840,978
2021-10-22,Tuolumne,109,53932,7011,6840,90,6930,90
2021-10-22,Ventura,111,848112,97430,96664,4230,100894,1167
2021-10-22,Yolo,113,214977,19640,19280,930,20210,248
2021-10-22,Yuba,115,75493,9966,9838,294,10132,82
2021-10-21,Alameda,001,1643700,118254,117816,2682,120498,1397
2021-10-21,Alpine,002,1148,101,105,0,105,0
2021-10-21,Amador,005,37829,5471,5412,56,5468,64
2021-10-21,Butte,007,227075,20434,20101,3786,23887,273
2021-10-21,Calaveras,009,45235,3937,3865,49,3914,81
2021-10-21,Colusa,011,21464,2493,2458,614,3072,18
2021-10-21,Contra Costa,013,1133247,98515,97855,2096,99951,1008
2021-10-21,Del Norte,015,27424,3636,3540,51,3591,42
2021-10-21,El Dorado,017,186661,15815,15540,1659,17199,149
2021-10-21,Fresno,019,978130,136897,134466,12287,146753,2094
2021-10-21,Glenn,021,27897,3447,3399,994,4393,33
2021-10-21,Humboldt,023,135768,8852,8753,512,9265,105
2021-10-21,Imperial,025,180216,33100,32777,3074,35851,766
2021-10-21,Inyo,027,18085,2197,2108,38,2146,41
2021-10-21,Kern,029,883053,125011,122939,20901,143840,1636
2021-10-21,Kings,031,150075,31553,30942,1845,32787,325
2021-10-21,Lake,033,64148,6619,6501,137,6638,105
2021-10-21,Lassen,035,31185,6749,6632,339,6971,27
2021-10-21,Los Angeles,037,10098052,1429488,1415919,52467,1468386,26527
2021-10-21,Madera,039,155013,22513,22062,1972,24034,281
2021-10-21,Marin,041,260295,17403,17264,437,17701,244
2021-10-21,Mariposa,043,17540,1234,1184,43,1227,5
2021-10-21,Mendocino,045,87422,7357,7220,467,7687,82
2021-10-21,Merced,047,269075,41160,40808,1785,42593,581
2021-10-21,Modoc,049,8938,516,507,183,690,5
2021-10-21,Mono,051,14174,1676,1655,22,1677,3
2021-10-21,Monterey,053,433212,48390,47456,2759,50215,586
2021-10-21,Napa,055,140530,12844,12789,105,12894,100
2021-10-21,Nevada,057,99092,8985,8861,308,9169,90
2021-10-21,Orange,059,3164182,304858,302237,14627,316864,5546
2021-10-21,Placer,061,380077,36428,35822,3517,39339,426
2021-10-21,Plumas,063,18699,1701,1623,32,1655,7
2021-10-21,Riverside,065,2383286,359333,354688,16111,370799,5041
2021-10-21,Sacramento,067,1510023,156479,155125,4389,159514,2232
2021-10-21,San Benito,069,59416,7296,7280,162,7442,71
2021-10-21,San Bernardino,071,2135413,350279,347681,10915,358596,5688
2021-10-21,San Diego,073,3302833,368755,366085,21667,387752,4183
2021-10-21,San Francisco,075,870044,52428,51820,2234,54054,649
2021-10-21,San Joaquin,077,732212,98450,97440,5251,102691,1721
2021-10-21,San Luis Obispo,079,281455,29199,28755,1199,29954,333
2021-10-21,San Mateo,081,765935,53649,52719,828,53547,571
2021-10-21,Santa Barbara,083,443738,43942,43552,1506,45058,523
2021-10-21,Santa Clara,085,1922200,145498,144276,1253,145529,1897
2021-10-21,Santa Cruz,087,273765,20157,19967,985,20952,221
2021-10-21,Shasta,089,179085,20810,20386,3464,23850,321
2021-10-21,Sierra,091,2930,177,168,18,186,0
2021-10-21,Siskiyou,093,43540,3303,3231,1244,4475,46
2021-10-21,Solano,095,438530,45538,44861,1218,46079,341
2021-10-21,Sonoma,097,501317,40841,40476,508,40984,393
2021-10-21,Stanislaus,099,539301,76960,76812,8578,85390,1145
2021-10-21,Sutter,101,95872,13684,13616,320,13936,175
2021-10-21,Tehama,103,63373,8257,8105,1418,9523,110
2021-10-21,Trinity,105,12862,833,696,204,900,11
2021-10-21,Tulare,107,460477,67113,65585,14186,79771,978
2021-10-21,Tuolumne,109,53932,6973,6840,89,6929,90
2021-10-21,Ventura,111,848112,97339,96664,4228,100892,1167
2021-10-21,Yolo,113,214977,19594,19280,929,20209,248
2021-10-21,Yuba,115,75493,9942,9838,293,10131,82
2021-10-20,Alameda,001,1643700,118133,117654,2682,120336,1390
2021-10-20,Alpine,002,1148,101,103,0,103,0
2021-10-20,Amador,005,37829,5463,5379,56,5435,64
2021-10-20,Butte,007,227075,20379,20021,3770,23791,270
2021-10-20,Calaveras,009,45235,3917,3844,48,3892,81
2021-10-20,Colusa,011,21464,2489,2454,612,3066,18
2021-10-20,Contra Costa,013,1133247,98400,97721,2092,99813,1008
2021-10-20,Del Norte,015,27424,3632,3536,51,3587,42
2021-10-20,El Dorado,017,186661,15786,15502,1656,17158,149
2021-10-20,Fresno,019,978130,136494,134025,12251,146276,2084
2021-10-20,Glenn,021,27897,3439,3382,993,4375,33
2021-10-20,Humboldt,023,135768,8830,8727,510,9237,105
2021-10-20,Imperial,025,180216,33026,32705,3066,35771,766
2021-10-20,Inyo,027,18085,2178,2077,37,2114,40
2021-10-20,Kern,029,883053,124717,122630,20783,143413,1623
2021-10-20,Kings,031,150075,31476,30805,1835,32640,322
2021-10-20,Lake,033,64148,6597,6475,136,6611,104
2021-10-20,Lassen,035,31185,6734,6622,339,6961,27
2021-10-20,Los Angeles,037,10098052,1428370,1414931,52396,1467327,26506
2021-10-20,Madera,039,155013,22444,21983,1963,23946,281
2021-10-20,Marin,041,260295,17382,17250,435,17685,244
2021-10-20,Mariposa,043,17540,1227,1174,43,1217,5
2021-10-20,Mendocino,045,87422,7329,7189,464,7653,82
2021-10-20,Merced,047,269075,41079,40685,1769,42454,581
2021-10-20,Modoc,049,8938,516,504,183,687,5
2021-10-20,Mono,051,14174,1676,1653,22,1675,3
2021-10-20,Monterey,053,433212,48358,47430,2750,50180,587
2021-10-20,Napa,055,140530,12830,12773,104,12877,100
2021-10-20,Nevada,057,99092,8957,8836,308,9144,90
2021-10-20,Orange,059,3164182,304570,301957,14605,316562,5534
2021-10-20,Placer,061,380077,36339,35729,3508,39237,425
2021-10-20,Plumas,063,18699,1694,1604,32,1636,7
2021-10-20,Riverside,065,2383286,358890,354311,16094,370405,5030
2021-10-20,Sacramento,067,1510023,156179,154822,4365,159187,2222
2021-10-20,San Benito,069,59416,7293,7275,160,7435,71
2021-10-20,San Bernardino,071,2135413,349877,347217,10884,358101,5663
2021-10-20,San Diego,073,3302833,368248,365698,21648,387346,4178
2021-10-20,San Francisco,075,870044,52379,51755,2233,53988,646
2021-10-20,San Joaquin,077,732212,98305,97246,5243,102489,1721
2021-10-20,San Luis Obispo,079,281455,29153,28727,1195,29922,332
2021-10-20,San Mateo,081,765935,53578,52663,820,53483,571
2021-10-20,Santa Barbara,083,443738,43879,43489,1505,44994,523
2021-10-20,Santa Clara,085,1922200,145359,144124,1248,145372,1896
2021-10-20,Santa Cruz,087,273765,20144,19951,985,20936,219
2021-10-20,Shasta,089,179085,20748,20313,3437,23750,320
2021-10-20,Sierra,091,2930,177,168,18,186,0
2021-10-20,Siskiyou,093,43540,3303,3224,1238,4462,46
2021-10-20,Solano,095,438530,45506,44819,1216,46035,341
2021-10-20,Sonoma,097,501317,40794,40404,508,40912,393
2021-10-20,Stanislaus,099,539301,76810,76631,8559,85190,1145
2021-10-20,Sutter,101,95872,13660,13592,314,13906,175
2021-10-20,Tehama,103,63373,8226,8081,1407,9488,110
2021-10-20,Trinity,105,12862,833,693,203,896,11
2021-10-20,Tulare,107,460477,66937,65413,14142,79555,967
2021-10-20,Tuolumne,109,53932,6950,6803,89,6892,89
2021-10-20,Ventura,111,848112,97257,96610,4223,100833,1166
2021-10-20,Yolo,113,214977,19549,19236,927,20163,248
2021-10-20,Yuba,115,75493,9925,9808,290,10098,82
2021-10-19,Alameda,001,1643700,118010,117542,2676,120218,1383
2021-10-19,Alpine,002,1148,101,103,0,103,0
2021-10-19,Amador,005,37829,5447,5367,56,5423,64
2021-10-19,Butte,007,227075,20326,19974,3762,23736,268
2021-10-19,Calaveras,009,45235,3900,3826,47,3873,80
2021-10-19,Colusa,011,21464,2486,2447,610,3057,18
2021-10-19,Contra Costa,013,1133247,98309,97613,2087,99700,1004
2021-10-19,Del Norte,015,27424,3625,3531,51,3582,42
2021-10-19,El Dorado,017,186661,15761,15478,1651,17129,149
2021-10-19,Fresno,019,978130,136130,133813,12202,146015,2073
2021-10-19,Glenn,021,27897,3435,3380,991,4371,33
2021-10-19,Humboldt,023,135768,8806,8714,504,9218,105
2021-10-19,Imperial,025,180216,32960,32632,3062,35694,764
2021-10-19,Inyo,027,18085,2147,2045,37,2082,40
2021-10-19,Kern,029,883053,124400,122391,20659,143050,1613
2021-10-19,Kings,031,150075,31383,30757,1828,32585,322
2021-10-19,Lake,033,64148,6593,6465,136,6601,104
2021-10-19,Lassen,035,31185,6728,6612,335,6947,27
2021-10-19,Los Angeles,037,10098052,1427124,1413882,52324,1466206,26473
2021-10-19,Madera,039,155013,22381,21950,1955,23905,281
2021-10-19,Marin,041,260295,17368,17241,432,17673,244
2021-10-19,Mariposa,043,17540,1221,1171,41,1212,5
2021-10-19,Mendocino,045,87422,7314,7172,461,7633,82
2021-10-19,Merced,047,269075,40964,40628,1748,42376,580
2021-10-19,Modoc,049,8938,514,502,183,685,5
2021-10-19,Mono,051,14174,1672,1651,22,1673,3
2021-10-19,Monterey,053,433212,48321,47412,2739,50151,583
2021-10-19,Napa,055,140530,12823,12769,104,12873,100
2021-10-19,Nevada,057,99092,8936,8829,307,9136,90
2021-10-19,Orange,059,3164182,304313,301700,14572,316272,5527
2021-10-19,Placer,061,380077,36218,35663,3493,39156,422
2021-10-19,Plumas,063,18699,1676,1586,32,1618,8
2021-10-19,Riverside,065,2383286,358469,353891,16087,369978,5020
2021-10-19,Sacramento,067,1510023,155873,154570,4339,158909,2227
2021-10-19,San Benito,069,59416,7278,7264,160,7424,71
2021-10-19,San Bernardino,071,2135413,349475,346814,10855,357669,5627
2021-10-19,San Diego,073,3302833,367666,365285,21617,386902,4170
2021-10-19,San Francisco,075,870044,52316,51704,2231,53935,645
2021-10-19,San Joaquin,077,732212,98137,97105,5232,102337,1721
2021-10-19,San Luis Obispo,079,281455,29105,28670,1192,29862,332
2021-10-19,San Mateo,081,765935,53520,52617,818,53435,571
2021-10-19,Santa Barbara,083,443738,43812,43413,1504,44917,522
2021-10-19,Santa Clara,085,1922200,145183,143989,1241,145230,1898
2021-10-19,Santa Cruz,087,273765,20120,19895,983,20878,218
2021-10-19,Shasta,089,179085,20672,20209,3429,23638,319
2021-10-19,Sierra,091,2930,174,168,18,186,0
2021-10-19,Siskiyou,093,43540,3299,3216,1233,4449,46
2021-10-19,Solano,095,438530,45465,44782,1210,45992,341
2021-10-19,Sonoma,097,501317,40720,40379,507,40886,392
2021-10-19,Stanislaus,099,539301,76668,76526,8547,85073,1145
2021-10-19,Sutter,101,95872,13636,13569,313,13882,174
2021-10-19,Tehama,103,63373,8195,8057,1392,9449,108
2021-10-19,Trinity,105,12862,826,691,203,894,11
2021-10-19,Tulare,107,460477,66750,65253,14074,79327,958
2021-10-19,Tuolumne,109,53932,6921,6782,88,6870,89
2021-10-19,Ventura,111,848112,97181,96539,4218,100757,1166
2021-10-19,Yolo,113,214977,19500,19206,926,20132,248
2021-10-19,Yuba,115,75493,9907,9796,289,10085,82
2021-10-18,Alameda,001,1643700,117873,117506,2666,120172,1381
2021-10-18,Alpine,002,1148,101,103,0,103,0
2021-10-18,Amador,005,37829,5436,5345,56,5401,64
2021-10-18,Butte,007,227075,20276,19921,3749,23670,265
2021-10-18,Calaveras,009,45235,3875,3819,46,3865,80
2021-10-18,Colusa,011,21464,2485,2444,608,3052,18
2021-10-18,Contra Costa,013,1133247,98197,97585,2083,99668,995
2021-10-18,Del Norte,015,27424,3618,3529,51,3580,41
2021-10-18,El Dorado,017,186661,15731,15452,1649,17101,149
2021-10-18,Fresno,019,978130,135729,133688,12160,145848,2063
2021-10-18,Glenn,021,27897,3431,3370,987,4357,32
2021-10-18,Humboldt,023,135768,8786,8699,496,9195,104
2021-10-18,Imperial,025,180216,32869,32558,3062,35620,764
2021-10-18,Inyo,027,18085,2129,2020,37,2057,40
2021-10-18,Kern,029,883053,124101,122231,20565,142796,1605
2021-10-18,Kings,031,150075,31270,30698,1815,32513,320
2021-10-18,Lake,033,64148,6574,6455,132,6587,104
2021-10-18,Lassen,035,31185,6708,6607,332,6939,26
2021-10-18,Los Angeles,037,10098052,1425882,1413291,52247,1465538,26446
2021-10-18,Madera,039,155013,22327,21909,1942,23851,277
2021-10-18,Marin,041,260295,17348,17232,429,17661,244
2021-10-18,Mariposa,043,17540,1213,1160,41,1201,5
2021-10-18,Mendocino,045,87422,7295,7156,453,7609,82
2021-10-18,Merced,047,269075,40841,40573,1737,42310,579
2021-10-18,Modoc,049,8938,514,498,183,681,5
2021-10-18,Mono,051,14174,1666,1648,21,1669,3
2021-10-18,Monterey,053,433212,48299,47389,2734,50123,583
2021-10-18,Napa,055,140530,12808,12762,104,12866,100
2021-10-18,Nevada,057,99092,8917,8816,307,9123,90
2021-10-18,Orange,059,3164182,303974,301573,14537,316110,5524
2021-10-18,Placer,061,380077,36141,35598,3489,39087,420
2021-10-18,Plumas,063,18699,1668,1579,32,1611,6
2021-10-18,Riverside,065,2383286,358053,353699,16073,369772,5008
2021-10-18,Sacramento,067,1510023,155567,154428,4309,158737,2203
2021-10-18,San Benito,069,59416,7266,7253,160,7413,71
2021-10-18,San Bernardino,071,2135413,349055,346742,10841,357583,5606
2021-10-18,San Diego,073,3302833,367110,364948,21579,386527,4169
2021-10-18,San Francisco,075,870044,52253,51671,2225,53896,644
2021-10-18,San Joaquin,077,732212,97972,97041,5222,102263,1721
2021-10-18,San Luis Obispo,079,281455,29066,28644,1189,29833,331
2021-10-18,San Mateo,081,765935,53455,52594,817,53411,571
2021-10-18,Santa Barbara,083,443738,43753,43386,1502,44888,522
2021-10-18,Santa Clara,085,1922200,145028,143891,1233,145124,1895
2021-10-18,Santa Cruz,087,273765,20106,19876,981,20857,218
2021-10-18,Shasta,089,179085,20592,20146,3418,23564,313
2021-10-18,Sierra,091,2930,174,166,18,184,0
2021-10-18,Siskiyou,093,43540,3296,3210,1225,4435,42
2021-10-18,Solano,095,438530,45421,44758,1207,45965,339
2021-10-18,Sonoma,097,501317,40656,40349,504,40853,392
2021-10-18,Stanislaus,099,539301,76503,76466,8533,84999,1145
2021-10-18,Sutter,101,95872,13602,13557,311,13868,172
2021-10-18,Tehama,103,63373,8159,8042,1381,9423,107
2021-10-18,Trinity,105,12862,825,688,203,891,11
2021-10-18,Tulare,107,460477,66575,65171,14010,79181,958
2021-10-18,Tuolumne,109,53932,6892,6755,88,6843,89
2021-10-18,Ventura,111,848112,97086,96506,4215,100721,1165
2021-10-18,Yolo,113,214977,19461,19197,925,20122,248
2021-10-18,Yuba,115,75493,9880,9782,287,10069,82
2021-10-17,Alameda,001,1643700,117722,117423,2661,120084,1376
2021-10-17,Alpine,002,1148,101,103,0,103,0
2021-10-17,Amador,005,37829,5413,5341,56,5397,64
2021-10-17,Butte,007,227075,20192,19897,3738,23635,265
2021-10-17,Calaveras,009,45235,3859,3805,46,3851,80
2021-10-17,Colusa,011,21464,2480,2442,601,3043,18
2021-10-17,Contra Costa,013,1133247,98076,97485,2072,99557,995
2021-10-17,Del Norte,015,27424,3613,3526,51,3577,41
2021-10-17,El Dorado,017,186661,15673,15438,1642,17080,149
2021-10-17,Fresno,019,978130,135261,133429,12116,145545,2063
2021-10-17,Glenn,021,27897,3421,3364,982,4346,32
2021-10-17,Humboldt,023,135768,8766,8690,493,9183,104
2021-10-17,Imperial,025,180216,32787,32520,3055,35575,764
2021-10-17,Inyo,027,18085,2101,2000,37,2037,40
2021-10-17,Kern,029,883053,123751,122085,20467,142552,1603
2021-10-17,Kings,031,150075,31157,30636,1807,32443,315
2021-10-17,Lake,033,64148,6558,6437,132,6569,104
2021-10-17,Lassen,035,31185,6696,6605,328,6933,26
2021-10-17,Los Angeles,037,10098052,1424546,1412371,52175,1464546,26443
2021-10-17,Madera,039,155013,22265,21869,1931,23800,277
2021-10-17,Marin,041,260295,17326,17211,429,17640,243
2021-10-17,Mariposa,043,17540,1206,1150,41,1191,5
2021-10-17,Mendocino,045,87422,7266,7148,447,7595,82
2021-10-17,Merced,047,269075,40715,40531,1721,42252,579
2021-10-17,Modoc,049,8938,511,498,181,679,5
2021-10-17,Mono,051,14174,1664,1640,20,1660,3
2021-10-17,Monterey,053,433212,48258,47369,2724,50093,583
2021-10-17,Napa,055,140530,12792,12753,101,12854,100
2021-10-17,Nevada,057,99092,8900,8794,306,9100,90
2021-10-17,Orange,059,3164182,303659,301414,14504,315918,5524
2021-10-17,Placer,061,380077,36041,35559,3474,39033,420
2021-10-17,Plumas,063,18699,1644,1571,31,1602,6
2021-10-17,Riverside,065,2383286,357568,353500,16059,369559,5008
2021-10-17,Sacramento,067,1510023,155168,154080,4292,158372,2213
2021-10-17,San Benito,069,59416,7257,7250,159,7409,71
2021-10-17,San Bernardino,071,2135413,348619,346524,10821,357345,5597
2021-10-17,San Diego,073,3302833,366519,364675,21551,386226,4163
2021-10-17,San Francisco,075,870044,52181,51625,2216,53841,644
2021-10-17,San Joaquin,077,732212,97799,96950,5213,102163,1721
2021-10-17,San Luis Obispo,079,281455,29014,28604,1181,29785,331
2021-10-17,San Mateo,081,765935,53403,52541,813,53354,571
2021-10-17,Santa Barbara,083,443738,43690,43344,1501,44845,522
2021-10-17,Santa Clara,085,1922200,144850,143768,1224,144992,1895
2021-10-17,Santa Cruz,087,273765,20079,19861,979,20840,218
2021-10-17,Shasta,089,179085,20502,20116,3408,23524,312
2021-10-17,Sierra,091,2930,172,165,18,183,0
2021-10-17,Siskiyou,093,43540,3288,3204,1222,4426,42
2021-10-17,Solano,095,438530,45364,44722,1206,45928,340
2021-10-17,Sonoma,097,501317,40580,40306,503,40809,392
2021-10-17,Stanislaus,099,539301,76305,76354,8519,84873,1145
2021-10-17,Sutter,101,95872,13585,13543,309,13852,172
2021-10-17,Tehama,103,63373,8127,8015,1365,9380,107
2021-10-17,Trinity,105,12862,822,686,202,888,11
2021-10-17,Tulare,107,460477,66391,65057,13938,78995,958
2021-10-17,Tuolumne,109,53932,6858,6735,87,6822,89
2021-10-17,Ventura,111,848112,96986,96458,4212,100670,1165
2021-10-17,Yolo,113,214977,19416,19171,919,20090,248
2021-10-17,Yuba,115,75493,9854,9771,285,10056,82
2021-10-16,Alameda,001,1643700,117633,117027,2659,119686,1365
2021-10-16,Alpine,002,1148,100,102,0,102,0
2021-10-16,Amador,005,37829,5406,5310,56,5366,64
2021-10-16,Butte,007,227075,20161,19612,3728,23340,260
2021-10-16,Calaveras,009,45235,3852,3771,46,3817,80
2021-10-16,Colusa,011,21464,2476,2431,598,3029,18
2021-10-16,Contra Costa,013,1133247,97984,97107,2065,99172,982
2021-10-16,Del Norte,015,27424,3610,3516,51,3567,41
2021-10-16,El Dorado,017,186661,15652,15315,1640,16955,149
2021-10-16,Fresno,019,978130,135107,132433,12099,144532,2051
2021-10-16,Glenn,021,27897,3415,3331,982,4313,26
2021-10-16,Humboldt,023,135768,8755,8621,488,9109,104
2021-10-16,Imperial,025,180216,32772,32368,3053,35421,764
2021-10-16,Inyo,027,18085,2087,1932,37,1969,39
2021-10-16,Kern,029,883053,123595,121354,20386,141740,1590
2021-10-16,Kings,031,150075,31111,30418,1804,32222,314
2021-10-16,Lake,033,64148,6547,6378,132,6510,104
2021-10-16,Lassen,035,31185,6687,6559,324,6883,26
2021-10-16,Los Angeles,037,10098052,1423893,1409418,52122,1461540,26398
2021-10-16,Madera,039,155013,22221,21707,1927,23634,277
2021-10-16,Marin,041,260295,17316,17148,429,17577,243
2021-10-16,Mariposa,043,17540,1203,1096,41,1137,5
2021-10-16,Mendocino,045,87422,7255,7099,447,7546,82
2021-10-16,Merced,047,269075,40683,40265,1719,41984,577
2021-10-16,Modoc,049,8938,508,492,181,673,5
2021-10-16,Mono,051,14174,1660,1628,20,1648,3
2021-10-16,Monterey,053,433212,48241,47293,2716,50009,582
2021-10-16,Napa,055,140530,12781,12706,101,12807,100
2021-10-16,Nevada,057,99092,8880,8739,306,9045,90
2021-10-16,Orange,059,3164182,303483,300722,14479,315201,5509
2021-10-16,Placer,061,380077,35957,35343,3468,38811,412
2021-10-16,Plumas,063,18699,1639,1542,30,1572,6
2021-10-16,Riverside,065,2383286,357297,352435,16047,368482,4990
2021-10-16,Sacramento,067,1510023,154970,153264,4288,157552,2192
2021-10-16,San Benito,069,59416,7244,7210,158,7368,71
2021-10-16,San Bernardino,071,2135413,348411,345418,10813,356231,5566
2021-10-16,San Diego,073,3302833,366203,363109,21535,384644,4151
2021-10-16,San Francisco,075,870044,52134,51436,2212,53648,645
2021-10-16,San Joaquin,077,732212,97727,96507,5210,101717,1708
2021-10-16,San Luis Obispo,079,281455,28988,28460,1180,29640,329
2021-10-16,San Mateo,081,765935,53354,52399,812,53211,569
2021-10-16,Santa Barbara,083,443738,43654,43175,1500,44675,521
2021-10-16,Santa Clara,085,1922200,144750,143282,1216,144498,1890
2021-10-16,Santa Cruz,087,273765,20063,19794,978,20772,218
2021-10-16,Shasta,089,179085,20452,19932,3397,23329,309
2021-10-16,Sierra,091,2930,170,160,18,178,0
2021-10-16,Siskiyou,093,43540,3286,3173,1215,4388,42
2021-10-16,Solano,095,438530,45338,44585,1202,45787,334
2021-10-16,Sonoma,097,501317,40540,40195,503,40698,390
2021-10-16,Stanislaus,099,539301,76219,75868,8509,84377,1142
2021-10-16,Sutter,101,95872,13566,13471,308,13779,169
2021-10-16,Tehama,103,63373,8114,7907,1360,9267,104
2021-10-16,Trinity,105,12862,822,679,202,881,11
2021-10-16,Tulare,107,460477,66253,64489,13907,78396,951
2021-10-16,Tuolumne,109,53932,6826,6666,87,6753,89
2021-10-16,Ventura,111,848112,96954,96181,4207,100388,1164
2021-10-16,Yolo,113,214977,19387,19078,916,19994,247
2021-10-16,Yuba,115,75493,9830,9705,282,9987,82
2021-10-15,Alameda,001,1643700,117561,117027,2655,119682,1365
2021-10-15,Alpine,002,1148,100,102,0,102,0
2021-10-15,Amador,005,37829,5382,5310,56,5366,64
2021-10-15,Butte,007,227075,20125,19612,3720,23332,260
2021-10-15,Calaveras,009,45235,3846,3771,46,3817,80
2021-10-15,Colusa,011,21464,2474,2431,595,3026,18
2021-10-15,Contra Costa,013,1133247,97902,97107,2062,99169,982
2021-10-15,Del Norte,015,27424,3608,3516,51,3567,41
2021-10-15,El Dorado,017,186661,15632,15315,1635,16950,149
2021-10-15,Fresno,019,978130,134854,132433,12089,144522,2051
2021-10-15,Glenn,021,27897,3409,3331,981,4312,26
2021-10-15,Humboldt,023,135768,8746,8621,486,9107,104
2021-10-15,Imperial,025,180216,32725,32368,3049,35417,764
2021-10-15,Inyo,027,18085,2069,1932,37,1969,39
2021-10-15,Kern,029,883053,123459,121354,20312,141666,1590
2021-10-15,Kings,031,150075,31056,30418,1800,32218,314
2021-10-15,Lake,033,64148,6538,6378,132,6510,104
2021-10-15,Lassen,035,31185,6675,6559,323,6882,26
2021-10-15,Los Angeles,037,10098052,1423207,1409418,52075,1461493,26398
2021-10-15,Madera,039,155013,22177,21707,1919,23626,277
2021-10-15,Marin,041,260295,17305,17148,429,17577,243
2021-10-15,Mariposa,043,17540,1195,1096,41,1137,5
2021-10-15,Mendocino,045,87422,7240,7099,447,7546,82
2021-10-15,Merced,047,269075,40653,40265,1716,41981,577
2021-10-15,Modoc,049,8938,507,492,181,673,5
2021-10-15,Mono,051,14174,1657,1628,20,1648,3
2021-10-15,Monterey,053,433212,48219,47293,2714,50007,582
2021-10-15,Napa,055,140530,12777,12706,101,12807,100
2021-10-15,Nevada,057,99092,8865,8739,306,9045,90
2021-10-15,Orange,059,3164182,303315,300722,14461,315183,5509
2021-10-15,Placer,061,380077,35903,35343,3462,38805,412
2021-10-15,Plumas,063,18699,1631,1542,30,1572,6
2021-10-15,Riverside,065,2383286,357055,352435,16042,368477,4990
2021-10-15,Sacramento,067,1510023,154782,153264,4278,157542,2192
2021-10-15,San Benito,069,59416,7241,7210,158,7368,71
2021-10-15,San Bernardino,071,2135413,348179,345418,10810,356228,5566
2021-10-15,San Diego,073,3302833,365844,363109,21510,384619,4151
2021-10-15,San Francisco,075,870044,52094,51436,2205,53641,645
2021-10-15,San Joaquin,077,732212,97649,96507,5203,101710,1708
2021-10-15,San Luis Obispo,079,281455,28967,28460,1178,29638,329
2021-10-15,San Mateo,081,765935,53310,52399,811,53210,569
2021-10-15,Santa Barbara,083,443738,43616,43175,1500,44675,521
2021-10-15,Santa Clara,085,1922200,144629,143282,1208,144490,1890
2021-10-15,Santa Cruz,087,273765,20052,19794,978,20772,218
2021-10-15,Shasta,089,179085,20396,19932,3389,23321,309
2021-10-15,Sierra,091,2930,170,160,18,178,0
2021-10-15,Siskiyou,093,43540,3285,3173,1212,4385,42
2021-10-15,Solano,095,438530,45312,44585,1202,45787,334
2021-10-15,Sonoma,097,501317,40506,40195,502,40697,390
2021-10-15,Stanislaus,099,539301,76139,75868,8493,84361,1142
2021-10-15,Sutter,101,95872,13549,13471,306,13777,169
2021-10-15,Tehama,103,63373,8092,7907,1355,9262,104
2021-10-15,Trinity,105,12862,822,679,202,881,11
2021-10-15,Tulare,107,460477,66174,64489,13870,78359,951
2021-10-15,Tuolumne,109,53932,6803,6666,85,6751,89
2021-10-15,Ventura,111,848112,96912,96181,4204,100385,1164
2021-10-15,Yolo,113,214977,19370,19078,914,19992,247
2021-10-15,Yuba,115,75493,9820,9705,281,9986,82
2021-10-14,Alameda,001,1643700,117453,117027,2650,119677,1365
2021-10-14,Alpine,002,1148,100,102,0,102,0
2021-10-14,Amador,005,37829,5371,5310,56,5366,64
2021-10-14,Butte,007,227075,20073,19612,3714,23326,260
2021-10-14,Calaveras,009,45235,3833,3771,45,3816,80
2021-10-14,Colusa,011,21464,2472,2431,593,3024,18
2021-10-14,Contra Costa,013,1133247,97768,97107,2055,99162,982
2021-10-14,Del Norte,015,27424,3602,3516,51,3567,41
2021-10-14,El Dorado,017,186661,15594,15315,1632,16947,149
2021-10-14,Fresno,019,978130,134559,132433,12060,144493,2051
2021-10-14,Glenn,021,27897,3404,3331,980,4311,26
2021-10-14,Humboldt,023,135768,8729,8621,483,9104,104
2021-10-14,Imperial,025,180216,32662,32368,3042,35410,764
2021-10-14,Inyo,027,18085,2050,1932,37,1969,39
2021-10-14,Kern,029,883053,123187,121354,20213,141567,1590
2021-10-14,Kings,031,150075,30990,30418,1792,32210,314
2021-10-14,Lake,033,64148,6517,6378,131,6509,104
2021-10-14,Lassen,035,31185,6669,6559,322,6881,26
2021-10-14,Los Angeles,037,10098052,1422221,1409418,52025,1461443,26398
2021-10-14,Madera,039,155013,22112,21707,1913,23620,277
2021-10-14,Marin,041,260295,17300,17148,427,17575,243
2021-10-14,Mariposa,043,17540,1182,1096,40,1136,5
2021-10-14,Mendocino,045,87422,7226,7099,445,7544,82
2021-10-14,Merced,047,269075,40564,40265,1702,41967,577
2021-10-14,Modoc,049,8938,507,492,181,673,5
2021-10-14,Mono,051,14174,1650,1628,20,1648,3
2021-10-14,Monterey,053,433212,48194,47293,2709,50002,582
2021-10-14,Napa,055,140530,12762,12706,101,12807,100
2021-10-14,Nevada,057,99092,8838,8739,304,9043,90
2021-10-14,Orange,059,3164182,303107,300722,14444,315166,5509
2021-10-14,Placer,061,380077,35836,35343,3448,38791,412
2021-10-14,Plumas,063,18699,1616,1542,30,1572,6
2021-10-14,Riverside,065,2383286,356657,352435,16031,368466,4990
2021-10-14,Sacramento,067,1510023,154531,153264,4258,157522,2192
2021-10-14,San Benito,069,59416,7230,7210,158,7368,71
2021-10-14,San Bernardino,071,2135413,347822,345418,10803,356221,5566
2021-10-14,San Diego,073,3302833,365404,363109,21483,384592,4151
2021-10-14,San Francisco,075,870044,52038,51436,2201,53637,645
2021-10-14,San Joaquin,077,732212,97520,96507,5194,101701,1708
2021-10-14,San Luis Obispo,079,281455,28923,28460,1174,29634,329
2021-10-14,San Mateo,081,765935,53262,52399,810,53209,569
2021-10-14,Santa Barbara,083,443738,43560,43175,1495,44670,521
2021-10-14,Santa Clara,085,1922200,144488,143282,1202,144484,1890
2021-10-14,Santa Cruz,087,273765,20029,19794,978,20772,218
2021-10-14,Shasta,089,179085,20339,19932,3377,23309,309
2021-10-14,Sierra,091,2930,169,160,18,178,0
2021-10-14,Siskiyou,093,43540,3282,3173,1204,4377,42
2021-10-14,Solano,095,438530,45262,44585,1194,45779,334
2021-10-14,Sonoma,097,501317,40456,40195,499,40694,390
2021-10-14,Stanislaus,099,539301,75993,75868,8480,84348,1142
2021-10-14,Sutter,101,95872,13529,13471,305,13776,169
2021-10-14,Tehama,103,63373,8061,7907,1348,9255,104
2021-10-14,Trinity,105,12862,821,679,201,880,11
2021-10-14,Tulare,107,460477,65990,64489,13823,78312,951
2021-10-14,Tuolumne,109,53932,6771,6666,84,6750,89
2021-10-14,Ventura,111,848112,96844,96181,4198,100379,1164
2021-10-14,Yolo,113,214977,19334,19078,910,19988,247
2021-10-14,Yuba,115,75493,9806,9705,272,9977,82
2021-10-13,Alameda,001,1643700,117347,116914,2644,119558,1360
2021-10-13,Alpine,002,1148,100,102,0,102,0
2021-10-13,Amador,005,37829,5357,5305,56,5361,63
2021-10-13,Butte,007,227075,19997,19546,3708,23254,257
2021-10-13,Calaveras,009,45235,3812,3756,43,3799,79
2021-10-13,Colusa,011,21464,2465,2430,589,3019,18
2021-10-13,Contra Costa,013,1133247,97651,96975,2054,99029,969
2021-10-13,Del Norte,015,27424,3597,3512,51,3563,39
2021-10-13,El Dorado,017,186661,15571,15302,1627,16929,149
2021-10-13,Fresno,019,978130,134225,132055,12028,144083,2048
2021-10-13,Glenn,021,27897,3399,3327,976,4303,26
2021-10-13,Humboldt,023,135768,8718,8604,479,9083,102
2021-10-13,Imperial,025,180216,32602,32317,3040,35357,762
2021-10-13,Inyo,027,18085,2013,1907,37,1944,39
2021-10-13,Kern,029,883053,122942,120956,20121,141077,1586
2021-10-13,Kings,031,150075,30909,30246,1785,32031,312
2021-10-13,Lake,033,64148,6497,6371,131,6502,103
2021-10-13,Lassen,035,31185,6658,6535,316,6851,25
2021-10-13,Los Angeles,037,10098052,1421166,1408384,51971,1460355,26379
2021-10-13,Madera,039,155013,22059,21609,1899,23508,277
2021-10-13,Marin,041,260295,17276,17137,426,17563,243
2021-10-13,Mariposa,043,17540,1168,1090,40,1130,5
2021-10-13,Mendocino,045,87422,7210,7088,437,7525,82
2021-10-13,Merced,047,269075,40479,40164,1690,41854,577
2021-10-13,Modoc,049,8938,505,490,179,669,5
2021-10-13,Mono,051,14174,1650,1612,20,1632,3
2021-10-13,Monterey,053,433212,48174,47273,2702,49975,582
2021-10-13,Napa,055,140530,12751,12695,99,12794,100
2021-10-13,Nevada,057,99092,8816,8725,304,9029,90
2021-10-13,Orange,059,3164182,302900,300468,14428,314896,5503
2021-10-13,Placer,061,380077,35769,35254,3439,38693,412
2021-10-13,Plumas,063,18699,1602,1514,30,1544,6
2021-10-13,Riverside,065,2383286,356327,352044,16018,368062,4978
2021-10-13,Sacramento,067,1510023,154282,153141,4237,157378,2182
2021-10-13,San Benito,069,59416,7224,7196,157,7353,71
2021-10-13,San Bernardino,071,2135413,347497,344951,10786,355737,5562
2021-10-13,San Diego,073,3302833,364973,362564,21461,384025,4141
2021-10-13,San Francisco,075,870044,51994,51379,2197,53576,644
2021-10-13,San Joaquin,077,732212,97376,96343,5190,101533,1696
2021-10-13,San Luis Obispo,079,281455,28885,28397,1171,29568,330
2021-10-13,San Mateo,081,765935,53210,52352,806,53158,569
2021-10-13,Santa Barbara,083,443738,43508,43109,1495,44604,518
2021-10-13,Santa Clara,085,1922200,144348,143064,1201,144265,1886
2021-10-13,Santa Cruz,087,273765,20003,19763,977,20740,217
2021-10-13,Shasta,089,179085,20269,19802,3357,23159,307
2021-10-13,Sierra,091,2930,169,155,18,173,0
2021-10-13,Siskiyou,093,43540,3274,3173,1203,4376,42
2021-10-13,Solano,095,438530,45223,44558,1191,45749,334
2021-10-13,Sonoma,097,501317,40400,40122,499,40621,390
2021-10-13,Stanislaus,099,539301,75851,75698,8470,84168,1136
2021-10-13,Sutter,101,95872,13499,13458,303,13761,169
2021-10-13,Tehama,103,63373,8025,7849,1342,9191,103
2021-10-13,Trinity,105,12862,818,677,201,878,11
2021-10-13,Tulare,107,460477,65809,64297,13769,78066,945
2021-10-13,Tuolumne,109,53932,6757,6644,83,6727,89
2021-10-13,Ventura,111,848112,96770,96099,4192,100291,1162
2021-10-13,Yolo,113,214977,19305,19023,909,19932,247
2021-10-13,Yuba,115,75493,9781,9690,259,9949,80
2021-10-12,Alameda,001,1643700,117244,116813,2640,119453,1357
2021-10-12,Alpine,002,1148,100,102,0,102,0
2021-10-12,Amador,005,37829,5346,5301,56,5357,63
2021-10-12,Butte,007,227075,19925,19506,3696,23202,256
2021-10-12,Calaveras,009,45235,3797,3750,43,3793,75
2021-10-12,Colusa,011,21464,2462,2428,587,3015,18
2021-10-12,Contra Costa,013,1133247,97538,96894,2045,98939,960
2021-10-12,Del Norte,015,27424,3591,3511,51,3562,39
2021-10-12,El Dorado,017,186661,15537,15287,1625,16912,148
2021-10-12,Fresno,019,978130,133863,131848,11997,143845,2042
2021-10-12,Glenn,021,27897,3385,3321,975,4296,26
2021-10-12,Humboldt,023,135768,8691,8587,473,9060,102
2021-10-12,Imperial,025,180216,32550,32267,3038,35305,762
2021-10-12,Inyo,027,18085,1981,1889,37,1926,39
2021-10-12,Kern,029,883053,122655,120826,20012,140838,1580
2021-10-12,Kings,031,150075,30835,30200,1774,31974,312
2021-10-12,Lake,033,64148,6482,6372,129,6501,97
2021-10-12,Lassen,035,31185,6648,6526,315,6841,25
2021-10-12,Los Angeles,037,10098052,1420106,1407462,51925,1459387,26362
2021-10-12,Madera,039,155013,21988,21574,1886,23460,277
2021-10-12,Marin,041,260295,17253,17126,426,17552,242
2021-10-12,Mariposa,043,17540,1154,1088,40,1128,5
2021-10-12,Mendocino,045,87422,7181,7077,434,7511,82
2021-10-12,Merced,047,269075,40400,40113,1684,41797,567
2021-10-12,Modoc,049,8938,500,485,178,663,5
2021-10-12,Mono,051,14174,1648,1608,20,1628,3
2021-10-12,Monterey,053,433212,48143,47254,2694,49948,582
2021-10-12,Napa,055,140530,12737,12671,99,12770,97
2021-10-12,Nevada,057,99092,8804,8720,303,9023,89
2021-10-12,Orange,059,3164182,302645,300256,14403,314659,5499
2021-10-12,Placer,061,380077,35706,35214,3431,38645,404
2021-10-12,Plumas,063,18699,1588,1488,29,1517,6
2021-10-12,Riverside,065,2383286,356001,351771,16004,367775,4973
2021-10-12,Sacramento,067,1510023,153977,152935,4212,157147,2170
2021-10-12,San Benito,069,59416,7210,7193,157,7350,71
2021-10-12,San Bernardino,071,2135413,347184,344788,10776,355564,5563
2021-10-12,San Diego,073,3302833,364460,362256,21432,383688,4137
2021-10-12,San Francisco,075,870044,51930,51301,2196,53497,643
2021-10-12,San Joaquin,077,732212,97240,96237,5185,101422,1690
2021-10-12,San Luis Obispo,079,281455,28838,28379,1170,29549,327
2021-10-12,San Mateo,081,765935,53159,52328,805,53133,569
2021-10-12,Santa Barbara,083,443738,43447,43076,1495,44571,515
2021-10-12,Santa Clara,085,1922200,144195,142954,1199,144153,1882
2021-10-12,Santa Cruz,087,273765,19978,19757,977,20734,218
2021-10-12,Shasta,089,179085,20195,19731,3336,23067,304
2021-10-12,Sierra,091,2930,169,153,18,171,0
2021-10-12,Siskiyou,093,43540,3263,3166,1197,4363,42
2021-10-12,Solano,095,438530,45181,44516,1185,45701,329
2021-10-12,Sonoma,097,501317,40359,40105,498,40603,390
2021-10-12,Stanislaus,099,539301,75699,75589,8458,84047,1126
2021-10-12,Sutter,101,95872,13476,13436,299,13735,168
2021-10-12,Tehama,103,63373,7993,7820,1338,9158,103
2021-10-12,Trinity,105,12862,815,676,201,877,11
2021-10-12,Tulare,107,460477,65624,64216,13714,77930,944
2021-10-12,Tuolumne,109,53932,6740,6637,82,6719,89
2021-10-12,Ventura,111,848112,96669,96022,4187,100209,1160
2021-10-12,Yolo,113,214977,19274,18987,906,19893,247
2021-10-12,Yuba,115,75493,9766,9676,255,9931,70
2021-10-11,Alameda,001,1643700,117101,116759,2639,119398,1358
2021-10-11,Alpine,002,1148,100,102,0,102,0
2021-10-11,Amador,005,37829,5334,5286,56,5342,62
2021-10-11,Butte,007,227075,19865,19452,3691,23143,253
2021-10-11,Calaveras,009,45235,3776,3750,43,3793,75
2021-10-11,Colusa,011,21464,2458,2427,579,3006,18
2021-10-11,Contra Costa,013,1133247,97402,96832,2040,98872,960
2021-10-11,Del Norte,015,27424,3588,3510,47,3557,39
2021-10-11,El Dorado,017,186661,15508,15273,1621,16894,146
2021-10-11,Fresno,019,978130,133533,131703,11962,143665,2036
2021-10-11,Glenn,021,27897,3368,3308,973,4281,26
2021-10-11,Humboldt,023,135768,8666,8571,466,9037,101
2021-10-11,Imperial,025,180216,32500,32207,3032,35239,762
2021-10-11,Inyo,027,18085,1958,1862,36,1898,39
2021-10-11,Kern,029,883053,122418,120684,19917,140601,1575
2021-10-11,Kings,031,150075,30746,30180,1764,31944,309
2021-10-11,Lake,033,64148,6466,6361,125,6486,97
2021-10-11,Lassen,035,31185,6628,6499,312,6811,25
2021-10-11,Los Angeles,037,10098052,1419060,1406826,51874,1458700,26346
2021-10-11,Madera,039,155013,21930,21555,1869,23424,272
2021-10-11,Marin,041,260295,17235,17121,422,17543,242
2021-10-11,Mariposa,043,17540,1124,1083,39,1122,5
2021-10-11,Mendocino,045,87422,7165,7064,430,7494,82
2021-10-11,Merced,047,269075,40284,40064,1659,41723,566
2021-10-11,Modoc,049,8938,497,482,175,657,5
2021-10-11,Mono,051,14174,1638,1604,20,1624,3
2021-10-11,Monterey,053,433212,48114,47241,2687,49928,580
2021-10-11,Napa,055,140530,12715,12654,97,12751,96
2021-10-11,Nevada,057,99092,8784,8716,302,9018,90
2021-10-11,Orange,059,3164182,302412,299941,14372,314313,5499
2021-10-11,Placer,061,380077,35637,35173,3414,38587,404
2021-10-11,Plumas,063,18699,1570,1469,27,1496,6
2021-10-11,Riverside,065,2383286,355656,351444,15999,367443,4973
2021-10-11,Sacramento,067,1510023,153687,152681,4181,156862,2169
2021-10-11,San Benito,069,59416,7189,7184,155,7339,71
2021-10-11,San Bernardino,071,2135413,346798,344594,10768,355362,5549
2021-10-11,San Diego,073,3302833,363948,361712,21400,383112,4124
2021-10-11,San Francisco,075,870044,51859,51275,2193,53468,643
2021-10-11,San Joaquin,077,732212,97085,96152,5174,101326,1681
2021-10-11,San Luis Obispo,079,281455,28790,28355,1165,29520,327
2021-10-11,San Mateo,081,765935,53111,52298,805,53103,569
2021-10-11,Santa Barbara,083,443738,43401,43018,1494,44512,515
2021-10-11,Santa Clara,085,1922200,144033,142836,1195,144031,1882
2021-10-11,Santa Cruz,087,273765,19954,19745,976,20721,217
2021-10-11,Shasta,089,179085,20116,19662,3320,22982,295
2021-10-11,Sierra,091,2930,166,147,17,164,0
2021-10-11,Siskiyou,093,43540,3256,3159,1193,4352,42
2021-10-11,Solano,095,438530,45132,44474,1182,45656,329
2021-10-11,Sonoma,097,501317,40314,40067,498,40565,390
2021-10-11,Stanislaus,099,539301,75528,75478,8437,83915,1118
2021-10-11,Sutter,101,95872,13457,13427,297,13724,165
2021-10-11,Tehama,103,63373,7952,7795,1329,9124,102
2021-10-11,Trinity,105,12862,809,675,200,875,11
2021-10-11,Tulare,107,460477,65444,64094,13647,77741,942
2021-10-11,Tuolumne,109,53932,6702,6602,82,6684,89
2021-10-11,Ventura,111,848112,96572,95876,4180,100056,1160
2021-10-11,Yolo,113,214977,19226,18977,904,19881,247
2021-10-11,Yuba,115,75493,9749,9657,243,9900,69
2021-10-10,Alameda,001,1643700,116982,116679,2635,119314,1358
2021-10-10,Alpine,002,1148,100,102,0,102,0
2021-10-10,Amador,005,37829,5320,5278,56,5334,62
2021-10-10,Butte,007,227075,19800,19430,3676,23106,253
2021-10-10,Calaveras,009,45235,3764,3747,43,3790,75
2021-10-10,Colusa,011,21464,2457,2425,578,3003,18
2021-10-10,Contra Costa,013,1133247,97303,96760,2034,98794,960
2021-10-10,Del Norte,015,27424,3584,3507,47,3554,39
2021-10-10,El Dorado,017,186661,15478,15250,1615,16865,146
2021-10-10,Fresno,019,978130,133202,131434,11931,143365,2035
2021-10-10,Glenn,021,27897,3363,3297,971,4268,26
2021-10-10,Humboldt,023,135768,8645,8554,462,9016,101
2021-10-10,Imperial,025,180216,32425,32167,3031,35198,762
2021-10-10,Inyo,027,18085,1937,1857,36,1893,39
2021-10-10,Kern,029,883053,122092,120552,19814,140366,1573
2021-10-10,Kings,031,150075,30657,30122,1754,31876,308
2021-10-10,Lake,033,64148,6450,6349,124,6473,97
2021-10-10,Lassen,035,31185,6609,6495,311,6806,26
2021-10-10,Los Angeles,037,10098052,1417873,1406034,51800,1457834,26338
2021-10-10,Madera,039,155013,21884,21486,1860,23346,272
2021-10-10,Marin,041,260295,17218,17112,422,17534,242
2021-10-10,Mariposa,043,17540,1121,1074,39,1113,5
2021-10-10,Mendocino,045,87422,7150,7060,422,7482,81
2021-10-10,Merced,047,269075,40201,40036,1640,41676,566
2021-10-10,Modoc,049,8938,497,482,175,657,5
2021-10-10,Mono,051,14174,1637,1596,20,1616,3
2021-10-10,Monterey,053,433212,48085,47228,2686,49914,580
2021-10-10,Napa,055,140530,12692,12641,97,12738,96
2021-10-10,Nevada,057,99092,8772,8689,302,8991,90
2021-10-10,Orange,059,3164182,302149,299787,14344,314131,5499
2021-10-10,Placer,061,380077,35544,35128,3402,38530,404
2021-10-10,Plumas,063,18699,1554,1468,25,1493,6
2021-10-10,Riverside,065,2383286,355282,351248,15981,367229,4973
2021-10-10,Sacramento,067,1510023,153423,152405,4164,156569,2178
2021-10-10,San Benito,069,59416,7184,7180,154,7334,71
2021-10-10,San Bernardino,071,2135413,346485,344423,10760,355183,5551
2021-10-10,San Diego,073,3302833,363432,361038,21353,382391,4113
2021-10-10,San Francisco,075,870044,51812,51216,2191,53407,643
2021-10-10,San Joaquin,077,732212,96914,96084,5160,101244,1681
2021-10-10,San Luis Obispo,079,281455,28746,28343,1165,29508,326
2021-10-10,San Mateo,081,765935,53069,52273,804,53077,569
2021-10-10,Santa Barbara,083,443738,43354,42987,1493,44480,515
2021-10-10,Santa Clara,085,1922200,143867,142768,1188,143956,1881
2021-10-10,Santa Cruz,087,273765,19934,19727,976,20703,217
2021-10-10,Shasta,089,179085,20027,19635,3311,22946,296
2021-10-10,Sierra,091,2930,164,147,17,164,0
2021-10-10,Siskiyou,093,43540,3242,3155,1186,4341,42
2021-10-10,Solano,095,438530,45076,44431,1182,45613,329
2021-10-10,Sonoma,097,501317,40262,40027,498,40525,390
2021-10-10,Stanislaus,099,539301,75350,75403,8423,83826,1118
2021-10-10,Sutter,101,95872,13433,13412,292,13704,165
2021-10-10,Tehama,103,63373,7914,7764,1320,9084,102
2021-10-10,Trinity,105,12862,808,669,199,868,11
2021-10-10,Tulare,107,460477,65273,63930,13598,77528,940
2021-10-10,Tuolumne,109,53932,6678,6580,81,6661,89
2021-10-10,Ventura,111,848112,96483,95829,4180,100009,1160
2021-10-10,Yolo,113,214977,19192,18952,900,19852,247
2021-10-10,Yuba,115,75493,9733,9641,238,9879,69
2021-10-09,Alameda,001,1643700,116884,116253,2633,118886,1356
2021-10-09,Alpine,002,1148,99,102,0,102,0
2021-10-09,Amador,005,37829,5318,5237,55,5292,62
2021-10-09,Butte,007,227075,19770,19277,3672,22949,250
2021-10-09,Calaveras,009,45235,3760,3716,43,3759,75
2021-10-09,Colusa,011,21464,2453,2419,577,2996,18
2021-10-09,Contra Costa,013,1133247,97234,96378,2028,98406,958
2021-10-09,Del Norte,015,27424,3583,3495,47,3542,39
2021-10-09,El Dorado,017,186661,15460,15153,1612,16765,144
2021-10-09,Fresno,019,978130,133070,130508,11913,142421,2018
2021-10-09,Glenn,021,27897,3359,3277,969,4246,26
2021-10-09,Humboldt,023,135768,8631,8448,460,8908,97
2021-10-09,Imperial,025,180216,32391,31989,3029,35018,760
2021-10-09,Inyo,027,18085,1928,1808,36,1844,39
2021-10-09,Kern,029,883053,121951,119795,19787,139582,1559
2021-10-09,Kings,031,150075,30608,29894,1752,31646,308
2021-10-09,Lake,033,64148,6431,6283,123,6406,97
2021-10-09,Lassen,035,31185,6604,6442,310,6752,25
2021-10-09,Los Angeles,037,10098052,1417287,1402810,51763,1454573,26280
2021-10-09,Madera,039,155013,21851,21313,1846,23159,271
2021-10-09,Marin,041,260295,17213,17049,420,17469,242
2021-10-09,Mariposa,043,17540,1114,1042,38,1080,5
2021-10-09,Mendocino,045,87422,7143,7011,421,7432,82
2021-10-09,Merced,047,269075,40158,39784,1640,41424,565
2021-10-09,Modoc,049,8938,495,477,174,651,5
2021-10-09,Mono,051,14174,1634,1577,20,1597,3
2021-10-09,Monterey,053,433212,48073,47168,2683,49851,577
2021-10-09,Napa,055,140530,12688,12586,97,12683,96
2021-10-09,Nevada,057,99092,8761,8613,301,8914,90
2021-10-09,Orange,059,3164182,301968,299089,14325,313414,5457
2021-10-09,Placer,061,380077,35506,34877,3395,38272,393
2021-10-09,Plumas,063,18699,1543,1418,25,1443,6
2021-10-09,Riverside,065,2383286,355030,350082,15965,366047,4965
2021-10-09,Sacramento,067,1510023,153213,151566,4151,155717,2160
2021-10-09,San Benito,069,59416,7176,7123,154,7277,71
2021-10-09,San Bernardino,071,2135413,346297,343452,10756,354208,5556
2021-10-09,San Diego,073,3302833,363127,359909,21348,381257,4111
2021-10-09,San Francisco,075,870044,51764,50960,2184,53144,643
2021-10-09,San Joaquin,077,732212,96848,95606,5155,100761,1669
2021-10-09,San Luis Obispo,079,281455,28729,28197,1163,29360,324
2021-10-09,San Mateo,081,765935,53038,52121,803,52924,569
2021-10-09,Santa Barbara,083,443738,43327,42735,1493,44228,514
2021-10-09,Santa Clara,085,1922200,143743,142298,1182,143480,1873
2021-10-09,Santa Cruz,087,273765,19924,19635,975,20610,217
2021-10-09,Shasta,089,179085,19976,19437,3306,22743,290
2021-10-09,Sierra,091,2930,161,141,17,158,0
2021-10-09,Siskiyou,093,43540,3241,3124,1185,4309,42
2021-10-09,Solano,095,438530,45059,44265,1181,45446,329
2021-10-09,Sonoma,097,501317,40218,39848,498,40346,387
2021-10-09,Stanislaus,099,539301,75260,74899,8412,83311,1114
2021-10-09,Sutter,101,95872,13424,13314,290,13604,165
2021-10-09,Tehama,103,63373,7903,7670,1315,8985,99
2021-10-09,Trinity,105,12862,807,660,199,859,11
2021-10-09,Tulare,107,460477,65165,63398,13577,76975,932
2021-10-09,Tuolumne,109,53932,6659,6521,81,6602,89
2021-10-09,Ventura,111,848112,96429,95542,4177,99719,1158
2021-10-09,Yolo,113,214977,19169,18850,899,19749,247
2021-10-09,Yuba,115,75493,9721,9551,237,9788,69
2021-10-08,Alameda,001,1643700,116802,116253,2629,118882,1356
2021-10-08,Alpine,002,1148,99,102,0,102,0
2021-10-08,Amador,005,37829,5305,5237,55,5292,62
2021-10-08,Butte,007,227075,19741,19277,3668,22945,250
2021-10-08,Calaveras,009,45235,3755,3716,43,3759,75
2021-10-08,Colusa,011,21464,2451,2419,577,2996,18
2021-10-08,Contra Costa,013,1133247,97190,96378,2023,98401,958
2021-10-08,Del Norte,015,27424,3582,3495,47,3542,39
2021-10-08,El Dorado,017,186661,15440,15153,1608,16761,144
2021-10-08,Fresno,019,978130,132874,130508,11892,142400,2018
2021-10-08,Glenn,021,27897,3351,3277,966,4243,26
2021-10-08,Humboldt,023,135768,8620,8448,457,8905,97
2021-10-08,Imperial,025,180216,32362,31989,3025,35014,760
2021-10-08,Inyo,027,18085,1910,1808,36,1844,39
2021-10-08,Kern,029,883053,121814,119795,19745,139540,1559
2021-10-08,Kings,031,150075,30514,29894,1751,31645,308
2021-10-08,Lake,033,64148,6423,6283,123,6406,97
2021-10-08,Lassen,035,31185,6590,6442,307,6749,25
2021-10-08,Los Angeles,037,10098052,1416626,1402810,51731,1454541,26280
2021-10-08,Madera,039,155013,21792,21313,1839,23152,271
2021-10-08,Marin,041,260295,17202,17049,419,17468,242
2021-10-08,Mariposa,043,17540,1107,1042,36,1078,5
2021-10-08,Mendocino,045,87422,7130,7011,421,7432,82
2021-10-08,Merced,047,269075,40126,39784,1637,41421,565
2021-10-08,Modoc,049,8938,493,477,174,651,5
2021-10-08,Mono,051,14174,1631,1577,20,1597,3
2021-10-08,Monterey,053,433212,48046,47168,2681,49849,577
2021-10-08,Napa,055,140530,12672,12586,97,12683,96
2021-10-08,Nevada,057,99092,8749,8613,301,8914,90
2021-10-08,Orange,059,3164182,301821,299089,14305,313394,5457
2021-10-08,Placer,061,380077,35468,34877,3388,38265,393
2021-10-08,Plumas,063,18699,1531,1418,25,1443,6
2021-10-08,Riverside,065,2383286,354761,350082,15954,366036,4965
2021-10-08,Sacramento,067,1510023,153049,151566,4137,155703,2160
2021-10-08,San Benito,069,59416,7172,7123,152,7275,71
2021-10-08,San Bernardino,071,2135413,346088,343452,10748,354200,5556
2021-10-08,San Diego,073,3302833,362801,359909,21329,381238,4111
2021-10-08,San Francisco,075,870044,51717,50960,2177,53137,643
2021-10-08,San Joaquin,077,732212,96780,95606,5149,100755,1669
2021-10-08,San Luis Obispo,079,281455,28702,28197,1162,29359,324
2021-10-08,San Mateo,081,765935,53010,52121,803,52924,569
2021-10-08,Santa Barbara,083,443738,43292,42735,1492,44227,514
2021-10-08,Santa Clara,085,1922200,143630,142298,1177,143475,1873
2021-10-08,Santa Cruz,087,273765,19909,19635,975,20610,217
2021-10-08,Shasta,089,179085,19934,19437,3300,22737,290
2021-10-08,Sierra,091,2930,159,141,15,156,0
2021-10-08,Siskiyou,093,43540,3233,3124,1184,4308,42
2021-10-08,Solano,095,438530,45020,44265,1181,45446,329
2021-10-08,Sonoma,097,501317,40182,39848,498,40346,387
2021-10-08,Stanislaus,099,539301,75191,74899,8403,83302,1114
2021-10-08,Sutter,101,95872,13410,13314,288,13602,165
2021-10-08,Tehama,103,63373,7886,7670,1313,8983,99
2021-10-08,Trinity,105,12862,806,660,199,859,11
2021-10-08,Tulare,107,460477,65047,63398,13545,76943,932
2021-10-08,Tuolumne,109,53932,6636,6521,81,6602,89
2021-10-08,Ventura,111,848112,96378,95542,4171,99713,1158
2021-10-08,Yolo,113,214977,19154,18850,897,19747,247
2021-10-08,Yuba,115,75493,9701,9551,236,9787,69
2021-10-07,Alameda,001,1643700,116682,116253,2628,118881,1356
2021-10-07,Alpine,002,1148,99,102,0,102,0
2021-10-07,Amador,005,37829,5298,5237,55,5292,62
2021-10-07,Butte,007,227075,19693,19277,3657,22934,250
2021-10-07,Calaveras,009,45235,3743,3716,43,3759,75
2021-10-07,Colusa,011,21464,2448,2419,571,2990,18
2021-10-07,Contra Costa,013,1133247,97067,96378,2020,98398,958
2021-10-07,Del Norte,015,27424,3579,3495,47,3542,39
2021-10-07,El Dorado,017,186661,15403,15153,1604,16757,144
2021-10-07,Fresno,019,978130,132600,130508,11868,142376,2018
2021-10-07,Glenn,021,27897,3344,3277,963,4240,26
2021-10-07,Humboldt,023,135768,8594,8448,454,8902,97
2021-10-07,Imperial,025,180216,32291,31989,3012,35001,760
2021-10-07,Inyo,027,18085,1891,1808,36,1844,39
2021-10-07,Kern,029,883053,121582,119795,19681,139476,1559
2021-10-07,Kings,031,150075,30448,29894,1745,31639,308
2021-10-07,Lake,033,64148,6412,6283,123,6406,97
2021-10-07,Lassen,035,31185,6572,6442,305,6747,25
2021-10-07,Los Angeles,037,10098052,1415670,1402810,51686,1454496,26280
2021-10-07,Madera,039,155013,21719,21313,1825,23138,271
2021-10-07,Marin,041,260295,17184,17049,419,17468,242
2021-10-07,Mariposa,043,17540,1099,1042,36,1078,5
2021-10-07,Mendocino,045,87422,7120,7011,417,7428,82
2021-10-07,Merced,047,269075,40059,39784,1620,41404,565
2021-10-07,Modoc,049,8938,490,477,173,650,5
2021-10-07,Mono,051,14174,1623,1577,20,1597,3
2021-10-07,Monterey,053,433212,48021,47168,2672,49840,577
2021-10-07,Napa,055,140530,12657,12586,97,12683,96
2021-10-07,Nevada,057,99092,8721,8613,301,8914,90
2021-10-07,Orange,059,3164182,301595,299089,14291,313380,5457
2021-10-07,Placer,061,380077,35406,34877,3381,38258,393
2021-10-07,Plumas,063,18699,1514,1418,25,1443,6
2021-10-07,Riverside,065,2383286,354429,350082,15942,366024,4965
2021-10-07,Sacramento,067,1510023,152766,151566,4109,155675,2160
2021-10-07,San Benito,069,59416,7156,7123,150,7273,71
2021-10-07,San Bernardino,071,2135413,345814,343452,10740,354192,5556
2021-10-07,San Diego,073,3302833,362406,359909,21308,381217,4111
2021-10-07,San Francisco,075,870044,51646,50960,2174,53134,643
2021-10-07,San Joaquin,077,732212,96626,95606,5141,100747,1669
2021-10-07,San Luis Obispo,079,281455,28651,28197,1160,29357,324
2021-10-07,San Mateo,081,765935,52970,52121,802,52923,569
2021-10-07,Santa Barbara,083,443738,43223,42735,1486,44221,514
2021-10-07,Santa Clara,085,1922200,143480,142298,1171,143469,1873
2021-10-07,Santa Cruz,087,273765,19889,19635,974,20609,217
2021-10-07,Shasta,089,179085,19846,19437,3285,22722,290
2021-10-07,Sierra,091,2930,158,141,15,156,0
2021-10-07,Siskiyou,093,43540,3229,3124,1179,4303,42
2021-10-07,Solano,095,438530,44975,44265,1177,45442,329
2021-10-07,Sonoma,097,501317,40145,39848,496,40344,387
2021-10-07,Stanislaus,099,539301,75029,74899,8378,83277,1114
2021-10-07,Sutter,101,95872,13388,13314,285,13599,165
2021-10-07,Tehama,103,63373,7853,7670,1307,8977,99
2021-10-07,Trinity,105,12862,804,660,199,859,11
2021-10-07,Tulare,107,460477,64882,63398,13509,76907,932
2021-10-07,Tuolumne,109,53932,6614,6521,81,6602,89
2021-10-07,Ventura,111,848112,96305,95542,4168,99710,1158
2021-10-07,Yolo,113,214977,19121,18850,893,19743,247
2021-10-07,Yuba,115,75493,9675,9551,229,9780,69
2021-10-06,Alameda,001,1643700,116545,116058,2622,118680,1353
2021-10-06,Alpine,002,1148,99,102,0,102,0
2021-10-06,Amador,005,37829,5295,5205,55,5260,62
2021-10-06,Butte,007,227075,19631,19208,3650,22858,247
2021-10-06,Calaveras,009,45235,3734,3669,43,3712,75
2021-10-06,Colusa,011,21464,2445,2414,564,2978,18
2021-10-06,Contra Costa,013,1133247,96942,96184,2016,98200,953
2021-10-06,Del Norte,015,27424,3576,3490,44,3534,39
2021-10-06,El Dorado,017,186661,15377,15078,1601,16679,140
2021-10-06,Fresno,019,978130,132310,130074,11843,141917,2008
2021-10-06,Glenn,021,27897,3335,3270,961,4231,26
2021-10-06,Humboldt,023,135768,8579,8416,448,8864,94
2021-10-06,Imperial,025,180216,32238,31930,3002,34932,760
2021-10-06,Inyo,027,18085,1876,1806,36,1842,39
2021-10-06,Kern,029,883053,121325,119491,19590,139081,1552
2021-10-06,Kings,031,150075,30382,29785,1737,31522,308
2021-10-06,Lake,033,64148,6398,6271,123,6394,97
2021-10-06,Lassen,035,31185,6556,6429,304,6733,25
2021-10-06,Los Angeles,037,10098052,1414714,1401675,51637,1453312,26252
2021-10-06,Madera,039,155013,21664,21230,1815,23045,269
2021-10-06,Marin,041,260295,17175,17042,416,17458,242
2021-10-06,Mariposa,043,17540,1092,1036,36,1072,5
2021-10-06,Mendocino,045,87422,7111,6986,415,7401,81
2021-10-06,Merced,047,269075,39984,39666,1608,41274,563
2021-10-06,Modoc,049,8938,490,477,171,648,5
2021-10-06,Mono,051,14174,1611,1568,20,1588,3
2021-10-06,Monterey,053,433212,47988,47136,2667,49803,577
2021-10-06,Napa,055,140530,12633,12552,96,12648,96
2021-10-06,Nevada,057,99092,8705,8582,300,8882,90
2021-10-06,Orange,059,3164182,301356,298785,14279,313064,5448
2021-10-06,Placer,061,380077,35355,34764,3375,38139,390
2021-10-06,Plumas,063,18699,1491,1383,25,1408,6
2021-10-06,Riverside,065,2383286,354073,349645,15921,365566,4953
2021-10-06,Sacramento,067,1510023,152513,151164,4078,155242,2141
2021-10-06,San Benito,069,59416,7141,7108,150,7258,69
2021-10-06,San Bernardino,071,2135413,345522,343022,10733,353755,5551
2021-10-06,San Diego,073,3302833,361914,359564,21282,380846,4104
2021-10-06,San Francisco,075,870044,51582,50894,2171,53065,641
2021-10-06,San Joaquin,077,732212,96492,95418,5129,100547,1658
2021-10-06,San Luis Obispo,079,281455,28602,28170,1154,29324,323
2021-10-06,San Mateo,081,765935,52920,52056,797,52853,569
2021-10-06,Santa Barbara,083,443738,43140,42687,1484,44171,513
2021-10-06,Santa Clara,085,1922200,143329,142124,1166,143290,1872
2021-10-06,Santa Cruz,087,273765,19860,19604,972,20576,217
2021-10-06,Shasta,089,179085,19771,19325,3272,22597,287
2021-10-06,Sierra,091,2930,156,138,15,153,0
2021-10-06,Siskiyou,093,43540,3219,3116,1172,4288,42
2021-10-06,Solano,095,438530,44941,44185,1176,45361,328
2021-10-06,Sonoma,097,501317,40095,39787,495,40282,383
2021-10-06,Stanislaus,099,539301,74887,74699,8365,83064,1114
2021-10-06,Sutter,101,95872,13367,13284,283,13567,164
2021-10-06,Tehama,103,63373,7817,7629,1299,8928,99
2021-10-06,Trinity,105,12862,801,656,199,855,11
2021-10-06,Tulare,107,460477,64702,63198,13453,76651,926
2021-10-06,Tuolumne,109,53932,6587,6486,81,6567,89
2021-10-06,Ventura,111,848112,96214,95449,4160,99609,1158
2021-10-06,Yolo,113,214977,19088,18815,890,19705,247
2021-10-06,Yuba,115,75493,9651,9520,228,9748,69
2021-10-05,Alameda,001,1643700,116401,115968,2617,118585,1350
2021-10-05,Alpine,002,1148,99,102,0,102,0
2021-10-05,Amador,005,37829,5274,5194,54,5248,61
2021-10-05,Butte,007,227075,19582,19137,3635,22772,246
2021-10-05,Calaveras,009,45235,3718,3657,43,3700,73
2021-10-05,Colusa,011,21464,2438,2414,563,2977,18
2021-10-05,Contra Costa,013,1133247,96825,96108,2011,98119,941
2021-10-05,Del Norte,015,27424,3574,3485,43,3528,39
2021-10-05,El Dorado,017,186661,15338,15052,1598,16650,140
2021-10-05,Fresno,019,978130,131970,129957,11807,141764,1987
2021-10-05,Glenn,021,27897,3324,3270,956,4226,26
2021-10-05,Humboldt,023,135768,8548,8398,444,8842,94
2021-10-05,Imperial,025,180216,32191,31909,2997,34906,759
2021-10-05,Inyo,027,18085,1859,1800,36,1836,39
2021-10-05,Kern,029,883053,121061,119260,19489,138749,1540
2021-10-05,Kings,031,150075,30307,29749,1732,31481,301
2021-10-05,Lake,033,64148,6377,6264,122,6386,97
2021-10-05,Lassen,035,31185,6537,6417,302,6719,25
2021-10-05,Los Angeles,037,10098052,1413571,1400300,51584,1451884,26223
2021-10-05,Madera,039,155013,21606,21183,1803,22986,269
2021-10-05,Marin,041,260295,17163,17024,416,17440,242
2021-10-05,Mariposa,043,17540,1073,1033,33,1066,5
2021-10-05,Mendocino,045,87422,7095,6972,408,7380,79
2021-10-05,Merced,047,269075,39918,39608,1600,41208,562
2021-10-05,Modoc,049,8938,486,475,170,645,5
2021-10-05,Mono,051,14174,1603,1565,20,1585,3
2021-10-05,Monterey,053,433212,47971,47087,2657,49744,573
2021-10-05,Napa,055,140530,12609,12533,96,12629,96
2021-10-05,Nevada,057,99092,8675,8576,300,8876,90
2021-10-05,Orange,059,3164182,301079,298589,14247,312836,5441
2021-10-05,Placer,061,380077,35275,34728,3368,38096,382
2021-10-05,Plumas,063,18699,1466,1357,25,1382,6
2021-10-05,Riverside,065,2383286,353715,349365,15906,365271,4942
2021-10-05,Sacramento,067,1510023,152239,151111,4050,155161,2126
2021-10-05,San Benito,069,59416,7123,7103,148,7251,69
2021-10-05,San Bernardino,071,2135413,345196,342711,10726,353437,5557
2021-10-05,San Diego,073,3302833,361339,359194,21255,380449,4092
2021-10-05,San Francisco,075,870044,51483,50826,2168,52994,641
2021-10-05,San Joaquin,077,732212,96339,95276,5103,100379,1651
2021-10-05,San Luis Obispo,079,281455,28558,28113,1152,29265,324
2021-10-05,San Mateo,081,765935,52873,52008,797,52805,569
2021-10-05,Santa Barbara,083,443738,43062,42595,1480,44075,511
2021-10-05,Santa Clara,085,1922200,143167,141971,1159,143130,1873
2021-10-05,Santa Cruz,087,273765,19818,19582,972,20554,216
2021-10-05,Shasta,089,179085,19697,19285,3259,22544,286
2021-10-05,Sierra,091,2930,152,136,15,151,0
2021-10-05,Siskiyou,093,43540,3205,3107,1172,4279,42
2021-10-05,Solano,095,438530,44870,44149,1175,45324,325
2021-10-05,Sonoma,097,501317,40040,39756,490,40246,383
2021-10-05,Stanislaus,099,539301,74725,74599,8348,82947,1114
2021-10-05,Sutter,101,95872,13339,13270,282,13552,164
2021-10-05,Tehama,103,63373,7788,7607,1290,8897,98
2021-10-05,Trinity,105,12862,798,655,199,854,11
2021-10-05,Tulare,107,460477,64494,63093,13400,76493,920
2021-10-05,Tuolumne,109,53932,6571,6473,80,6553,89
2021-10-05,Ventura,111,848112,96108,95351,4159,99510,1155
2021-10-05,Yolo,113,214977,19052,18782,884,19666,245
2021-10-05,Yuba,115,75493,9619,9504,225,9729,69
2021-10-04,Alameda,001,1643700,116240,115845,2614,118459,1347
2021-10-04,Alpine,002,1148,99,102,0,102,0
2021-10-04,Amador,005,37829,5264,5163,53,5216,61
2021-10-04,Butte,007,227075,19505,19081,3624,22705,245
2021-10-04,Calaveras,009,45235,3709,3641,43,3684,73
2021-10-04,Colusa,011,21464,2437,2414,561,2975,18
2021-10-04,Contra Costa,013,1133247,96683,95958,2006,97964,937
2021-10-04,Del Norte,015,27424,3572,3485,39,3524,39
2021-10-04,El Dorado,017,186661,15292,15031,1591,16622,138
2021-10-04,Fresno,019,978130,131660,129665,11778,141443,1978
2021-10-04,Glenn,021,27897,3317,3270,953,4223,26
2021-10-04,Humboldt,023,135768,8516,8355,437,8792,94
2021-10-04,Imperial,025,180216,32142,31866,2990,34856,757
2021-10-04,Inyo,027,18085,1847,1792,34,1826,39
2021-10-04,Kern,029,883053,120770,118984,19369,138353,1531
2021-10-04,Kings,031,150075,30214,29702,1729,31431,303
2021-10-04,Lake,033,64148,6364,6248,122,6370,97
2021-10-04,Lassen,035,31185,6520,6405,302,6707,25
2021-10-04,Los Angeles,037,10098052,1412451,1399604,51528,1451132,26186
2021-10-04,Madera,039,155013,21542,21126,1791,22917,266
2021-10-04,Marin,041,260295,17147,17008,415,17423,242
2021-10-04,Mariposa,043,17540,1061,1024,33,1057,5
2021-10-04,Mendocino,045,87422,7077,6947,405,7352,79
2021-10-04,Merced,047,269075,39801,39565,1584,41149,558
2021-10-04,Modoc,049,8938,483,473,170,643,5
2021-10-04,Mono,051,14174,1595,1561,20,1581,3
2021-10-04,Monterey,053,433212,47950,47058,2650,49708,571
2021-10-04,Napa,055,140530,12586,12506,96,12602,96
2021-10-04,Nevada,057,99092,8655,8563,300,8863,90
2021-10-04,Orange,059,3164182,300783,298165,14215,312380,5438
2021-10-04,Placer,061,380077,35193,34630,3341,37971,379
2021-10-04,Plumas,063,18699,1444,1329,25,1354,6
2021-10-04,Riverside,065,2383286,353335,348828,15896,364724,4923
2021-10-04,Sacramento,067,1510023,151915,150887,4023,154910,2115
2021-10-04,San Benito,069,59416,7110,7099,148,7247,69
2021-10-04,San Bernardino,071,2135413,344835,342418,10715,353133,5551
2021-10-04,San Diego,073,3302833,360773,358525,21224,379749,4090
2021-10-04,San Francisco,075,870044,51388,50798,2164,52962,638
2021-10-04,San Joaquin,077,732212,96142,95198,5083,100281,1649
2021-10-04,San Luis Obispo,079,281455,28513,28090,1146,29236,323
2021-10-04,San Mateo,081,765935,52813,51958,796,52754,569
2021-10-04,Santa Barbara,083,443738,42977,42585,1479,44064,511
2021-10-04,Santa Clara,085,1922200,143020,141840,1153,142993,1869
2021-10-04,Santa Cruz,087,273765,19789,19559,971,20530,216
2021-10-04,Shasta,089,179085,19590,19170,3245,22415,279
2021-10-04,Sierra,091,2930,145,136,14,150,0
2021-10-04,Siskiyou,093,43540,3196,3103,1157,4260,42
2021-10-04,Solano,095,438530,44811,44092,1171,45263,322
2021-10-04,Sonoma,097,501317,39974,39720,490,40210,381
2021-10-04,Stanislaus,099,539301,74574,74444,8329,82773,1106
2021-10-04,Sutter,101,95872,13310,13261,281,13542,164
2021-10-04,Tehama,103,63373,7747,7585,1284,8869,95
2021-10-04,Trinity,105,12862,797,649,198,847,11
2021-10-04,Tulare,107,460477,64308,62957,13332,76289,920
2021-10-04,Tuolumne,109,53932,6545,6442,80,6522,89
2021-10-04,Ventura,111,848112,96016,95170,4153,99323,1153
2021-10-04,Yolo,113,214977,19008,18761,880,19641,242
2021-10-04,Yuba,115,75493,9580,9481,223,9704,68
2021-10-03,Alameda,001,1643700,116097,115751,2604,118355,1349
2021-10-03,Alpine,002,1148,99,102,0,102,0
2021-10-03,Amador,005,37829,5246,5160,51,5211,61
2021-10-03,Butte,007,227075,19432,19066,3605,22671,245
2021-10-03,Calaveras,009,45235,3692,3632,43,3675,73
2021-10-03,Colusa,011,21464,2435,2413,558,2971,18
2021-10-03,Contra Costa,013,1133247,96550,95890,1999,97889,937
2021-10-03,Del Norte,015,27424,3566,3483,38,3521,39
2021-10-03,El Dorado,017,186661,15233,15014,1584,16598,139
2021-10-03,Fresno,019,978130,131279,129365,11737,141102,1978
2021-10-03,Glenn,021,27897,3310,3266,945,4211,26
2021-10-03,Humboldt,023,135768,8470,8352,433,8785,94
2021-10-03,Imperial,025,180216,32075,31844,2982,34826,757
2021-10-03,Inyo,027,18085,1826,1788,34,1822,39
2021-10-03,Kern,029,883053,120465,118851,19247,138098,1535
2021-10-03,Kings,031,150075,30115,29623,1722,31345,300
2021-10-03,Lake,033,64148,6338,6239,122,6361,97
2021-10-03,Lassen,035,31185,6498,6400,300,6700,25
2021-10-03,Los Angeles,037,10098052,1411191,1398790,51474,1450264,26179
2021-10-03,Madera,039,155013,21470,21066,1781,22847,266
2021-10-03,Marin,041,260295,17124,16995,410,17405,242
2021-10-03,Mariposa,043,17540,1054,1011,33,1044,5
2021-10-03,Mendocino,045,87422,7057,6939,397,7336,79
2021-10-03,Merced,047,269075,39694,39516,1564,41080,558
2021-10-03,Modoc,049,8938,482,472,169,641,5
2021-10-03,Mono,051,14174,1591,1554,20,1574,3
2021-10-03,Monterey,053,433212,47925,47049,2639,49688,571
2021-10-03,Napa,055,140530,12557,12489,94,12583,96
2021-10-03,Nevada,057,99092,8620,8545,300,8845,90
2021-10-03,Orange,059,3164182,300501,298027,14195,312222,5447
2021-10-03,Placer,061,380077,35055,34596,3325,37921,379
2021-10-03,Plumas,063,18699,1416,1328,25,1353,6
2021-10-03,Riverside,065,2383286,352904,348593,15876,364469,4924
2021-10-03,Sacramento,067,1510023,151626,150664,3994,154658,2120
2021-10-03,San Benito,069,59416,7101,7095,148,7243,69
2021-10-03,San Bernardino,071,2135413,344417,342302,10708,353010,5555
2021-10-03,San Diego,073,3302833,360193,358153,21192,379345,4081
2021-10-03,San Francisco,075,870044,51303,50733,2161,52894,638
2021-10-03,San Joaquin,077,732212,95953,95133,5075,100208,1649
2021-10-03,San Luis Obispo,079,281455,28447,28065,1141,29206,325
2021-10-03,San Mateo,081,765935,52746,51923,795,52718,569
2021-10-03,Santa Barbara,083,443738,42881,42550,1471,44021,511
2021-10-03,Santa Clara,085,1922200,142849,141737,1146,142883,1869
2021-10-03,Santa Cruz,087,273765,19749,19548,969,20517,216
2021-10-03,Shasta,089,179085,19485,19132,3217,22349,279
2021-10-03,Sierra,091,2930,142,136,14,150,0
2021-10-03,Siskiyou,093,43540,3183,3096,1147,4243,42
2021-10-03,Solano,095,438530,44748,44051,1168,45219,322
2021-10-03,Sonoma,097,501317,39908,39679,490,40169,381
2021-10-03,Stanislaus,099,539301,74386,74366,8311,82677,1106
2021-10-03,Sutter,101,95872,13295,13248,277,13525,164
2021-10-03,Tehama,103,63373,7704,7564,1279,8843,94
2021-10-03,Trinity,105,12862,793,647,196,843,11
2021-10-03,Tulare,107,460477,64104,62860,13260,76120,924
2021-10-03,Tuolumne,109,53932,6516,6430,78,6508,89
2021-10-03,Ventura,111,848112,95911,95108,4150,99258,1153
2021-10-03,Yolo,113,214977,18978,18720,874,19594,242
2021-10-03,Yuba,115,75493,9563,9462,222,9684,68
2021-10-02,Alameda,001,1643700,115989,115185,2599,117784,1343
2021-10-02,Alpine,002,1148,99,102,0,102,0
2021-10-02,Amador,005,37829,5237,5105,51,5156,61
2021-10-02,Butte,007,227075,19403,18911,3597,22508,243
2021-10-02,Calaveras,009,45235,3685,3585,43,3628,72
2021-10-02,Colusa,011,21464,2434,2403,556,2959,18
2021-10-02,Contra Costa,013,1133247,96479,95369,1995,97364,933
2021-10-02,Del Norte,015,27424,3561,3468,38,3506,39
2021-10-02,El Dorado,017,186661,15207,14887,1583,16470,136
2021-10-02,Fresno,019,978130,131108,128450,11724,140174,1964
2021-10-02,Glenn,021,27897,3305,3234,945,4179,26
2021-10-02,Humboldt,023,135768,8452,8244,433,8677,94
2021-10-02,Imperial,025,180216,32040,31674,2979,34653,757
2021-10-02,Inyo,027,18085,1817,1746,34,1780,39
2021-10-02,Kern,029,883053,120332,117962,19166,137128,1524
2021-10-02,Kings,031,150075,30066,29339,1718,31057,301
2021-10-02,Lake,033,64148,6329,6191,122,6313,97
2021-10-02,Lassen,035,31185,6493,6360,300,6660,25
2021-10-02,Los Angeles,037,10098052,1410579,1395070,51438,1446508,26126
2021-10-02,Madera,039,155013,21445,20931,1772,22703,266
2021-10-02,Marin,041,260295,17119,16936,407,17343,242
2021-10-02,Mariposa,043,17540,1052,967,33,1000,5
2021-10-02,Mendocino,045,87422,7047,6869,397,7266,78
2021-10-02,Merced,047,269075,39667,39196,1560,40756,552
2021-10-02,Modoc,049,8938,480,468,169,637,5
2021-10-02,Mono,051,14174,1589,1540,20,1560,3
2021-10-02,Monterey,053,433212,47870,46964,2638,49602,571
2021-10-02,Napa,055,140530,12546,12433,94,12527,96
2021-10-02,Nevada,057,99092,8609,8474,299,8773,87
2021-10-02,Orange,059,3164182,300335,297307,14175,311482,5435
2021-10-02,Placer,061,380077,34989,34377,3316,37693,381
2021-10-02,Plumas,063,18699,1405,1298,25,1323,6
2021-10-02,Riverside,065,2383286,352662,347227,15865,363092,4895
2021-10-02,Sacramento,067,1510023,151453,149897,3986,153883,2099
2021-10-02,San Benito,069,59416,7094,7055,148,7203,69
2021-10-02,San Bernardino,071,2135413,344230,341212,10656,351868,5540
2021-10-02,San Diego,073,3302833,359876,356454,21170,377624,4078
2021-10-02,San Francisco,075,870044,51254,50393,2156,52549,634
2021-10-02,San Joaquin,077,732212,95888,94599,5069,99668,1646
2021-10-02,San Luis Obispo,079,281455,28423,27915,1141,29056,323
2021-10-02,San Mateo,081,765935,52705,51767,791,52558,573
2021-10-02,Santa Barbara,083,443738,42841,42423,1471,43894,508
2021-10-02,Santa Clara,085,1922200,142735,141231,1142,142373,1862
2021-10-02,Santa Cruz,087,273765,19732,19461,968,20429,214
2021-10-02,Shasta,089,179085,19439,18912,3211,22123,270
2021-10-02,Sierra,091,2930,141,131,14,145,0
2021-10-02,Siskiyou,093,43540,3182,3053,1144,4197,42
2021-10-02,Solano,095,438530,44703,43800,1167,44967,321
2021-10-02,Sonoma,097,501317,39874,39497,489,39986,382
2021-10-02,Stanislaus,099,539301,74300,73859,8298,82157,1099
2021-10-02,Sutter,101,95872,13286,13160,276,13436,160
2021-10-02,Tehama,103,63373,7689,7453,1279,8732,93
2021-10-02,Trinity,105,12862,790,625,196,821,10
2021-10-02,Tulare,107,460477,64028,62247,13234,75481,908
2021-10-02,Tuolumne,109,53932,6502,6369,78,6447,89
2021-10-02,Ventura,111,848112,95839,94854,4145,98999,1148
2021-10-02,Yolo,113,214977,18951,18640,872,19512,242
2021-10-02,Yuba,115,75493,9544,9370,221,9591,66
2021-10-01,Alameda,001,1643700,115912,115185,2593,117778,1343
2021-10-01,Alpine,002,1148,99,102,0,102,0
2021-10-01,Amador,005,37829,5217,5105,51,5156,61
2021-10-01,Butte,007,227075,19363,18911,3590,22501,243
2021-10-01,Calaveras,009,45235,3675,3585,43,3628,72
2021-10-01,Colusa,011,21464,2432,2403,556,2959,18
2021-10-01,Contra Costa,013,1133247,96383,95369,1991,97360,933
2021-10-01,Del Norte,015,27424,3558,3468,37,3505,39
2021-10-01,El Dorado,017,186661,15190,14887,1579,16466,136
2021-10-01,Fresno,019,978130,130920,128450,11714,140164,1964
2021-10-01,Glenn,021,27897,3303,3234,944,4178,26
2021-10-01,Humboldt,023,135768,8435,8244,433,8677,94
2021-10-01,Imperial,025,180216,32021,31674,2970,34644,757
2021-10-01,Inyo,027,18085,1808,1746,34,1780,39
2021-10-01,Kern,029,883053,120179,117962,19110,137072,1524
2021-10-01,Kings,031,150075,30032,29339,1713,31052,301
2021-10-01,Lake,033,64148,6319,6191,122,6313,97
2021-10-01,Lassen,035,31185,6482,6360,299,6659,25
2021-10-01,Los Angeles,037,10098052,1409814,1395070,51395,1446465,26126
2021-10-01,Madera,039,155013,21395,20931,1763,22694,266
2021-10-01,Marin,041,260295,17104,16936,406,17342,242
2021-10-01,Mariposa,043,17540,1045,967,33,1000,5
2021-10-01,Mendocino,045,87422,7035,6869,397,7266,78
2021-10-01,Merced,047,269075,39623,39196,1552,40748,552
2021-10-01,Modoc,049,8938,479,468,169,637,5
2021-10-01,Mono,051,14174,1586,1540,20,1560,3
2021-10-01,Monterey,053,433212,47849,46964,2635,49599,571
2021-10-01,Napa,055,140530,12536,12433,93,12526,96
2021-10-01,Nevada,057,99092,8595,8474,298,8772,87
2021-10-01,Orange,059,3164182,300150,297307,14155,311462,5435
2021-10-01,Placer,061,380077,34955,34377,3312,37689,381
2021-10-01,Plumas,063,18699,1396,1298,25,1323,6
2021-10-01,Riverside,065,2383286,352369,347227,15858,363085,4895
2021-10-01,Sacramento,067,1510023,151300,149897,3976,153873,2099
2021-10-01,San Benito,069,59416,7092,7055,146,7201,69
2021-10-01,San Bernardino,071,2135413,344030,341212,10653,351865,5540
2021-10-01,San Diego,073,3302833,359516,356454,21149,377603,4078
2021-10-01,San Francisco,075,870044,51213,50393,2155,52548,634
2021-10-01,San Joaquin,077,732212,95818,94599,5065,99664,1646
2021-10-01,San Luis Obispo,079,281455,28399,27915,1138,29053,323
2021-10-01,San Mateo,081,765935,52665,51767,788,52555,573
2021-10-01,Santa Barbara,083,443738,42805,42423,1471,43894,508
2021-10-01,Santa Clara,085,1922200,142642,141231,1137,142368,1862
2021-10-01,Santa Cruz,087,273765,19712,19461,967,20428,214
2021-10-01,Shasta,089,179085,19385,18912,3204,22116,270
2021-10-01,Sierra,091,2930,141,131,14,145,0
2021-10-01,Siskiyou,093,43540,3181,3053,1141,4194,42
2021-10-01,Solano,095,438530,44650,43800,1161,44961,321
2021-10-01,Sonoma,097,501317,39842,39497,488,39985,382
2021-10-01,Stanislaus,099,539301,74216,73859,8287,82146,1099
2021-10-01,Sutter,101,95872,13270,13160,274,13434,160
2021-10-01,Tehama,103,63373,7677,7453,1277,8730,93
2021-10-01,Trinity,105,12862,788,625,196,821,10
2021-10-01,Tulare,107,460477,63925,62247,13199,75446,908
2021-10-01,Tuolumne,109,53932,6485,6369,78,6447,89
2021-10-01,Ventura,111,848112,95772,94854,4140,98994,1148
2021-10-01,Yolo,113,214977,18928,18640,870,19510,242
2021-10-01,Yuba,115,75493,9522,9370,221,9591,66
2021-09-30,Alameda,001,1643700,115767,115185,2589,117774,1343
2021-09-30,Alpine,002,1148,99,102,0,102,0
2021-09-30,Amador,005,37829,5205,5105,51,5156,61
2021-09-30,Butte,007,227075,19314,18911,3581,22492,243
2021-09-30,Calaveras,009,45235,3661,3585,43,3628,72
2021-09-30,Colusa,011,21464,2429,2403,555,2958,18
2021-09-30,Contra Costa,013,1133247,96278,95369,1986,97355,933
2021-09-30,Del Norte,015,27424,3554,3468,34,3502,39
2021-09-30,El Dorado,017,186661,15164,14887,1571,16458,136
2021-09-30,Fresno,019,978130,130644,128450,11680,140130,1964
2021-09-30,Glenn,021,27897,3293,3234,941,4175,26
2021-09-30,Humboldt,023,135768,8403,8244,427,8671,94
2021-09-30,Imperial,025,180216,31969,31674,2968,34642,757
2021-09-30,Inyo,027,18085,1798,1746,34,1780,39
2021-09-30,Kern,029,883053,119935,117962,19029,136991,1524
2021-09-30,Kings,031,150075,29942,29339,1709,31048,301
2021-09-30,Lake,033,64148,6301,6191,122,6313,97
2021-09-30,Lassen,035,31185,6468,6360,299,6659,25
2021-09-30,Los Angeles,037,10098052,1408605,1395070,51336,1446406,26126
2021-09-30,Madera,039,155013,21312,20931,1748,22679,266
2021-09-30,Marin,041,260295,17084,16936,405,17341,242
2021-09-30,Mariposa,043,17540,1023,967,33,1000,5
2021-09-30,Mendocino,045,87422,7026,6869,388,7257,78
2021-09-30,Merced,047,269075,39527,39196,1547,40743,552
2021-09-30,Modoc,049,8938,479,468,168,636,5
2021-09-30,Mono,051,14174,1578,1540,20,1560,3
2021-09-30,Monterey,053,433212,47819,46964,2624,49588,571
2021-09-30,Napa,055,140530,12516,12433,93,12526,96
2021-09-30,Nevada,057,99092,8578,8474,297,8771,87
2021-09-30,Orange,059,3164182,299878,297307,14117,311424,5435
2021-09-30,Placer,061,380077,34901,34377,3292,37669,381
2021-09-30,Plumas,063,18699,1378,1298,25,1323,6
2021-09-30,Riverside,065,2383286,351935,347227,15837,363064,4895
2021-09-30,Sacramento,067,1510023,151039,149897,3950,153847,2099
2021-09-30,San Benito,069,59416,7086,7055,146,7201,69
2021-09-30,San Bernardino,071,2135413,343717,341212,10639,351851,5540
2021-09-30,San Diego,073,3302833,359035,356454,21123,377577,4078
2021-09-30,San Francisco,075,870044,51136,50393,2151,52544,634
2021-09-30,San Joaquin,077,732212,95686,94599,5057,99656,1646
2021-09-30,San Luis Obispo,079,281455,28351,27915,1134,29049,323
2021-09-30,San Mateo,081,765935,52616,51767,785,52552,573
2021-09-30,Santa Barbara,083,443738,42748,42423,1470,43893,508
2021-09-30,Santa Clara,085,1922200,142493,141231,1134,142365,1862
2021-09-30,Santa Cruz,087,273765,19672,19461,966,20427,214
2021-09-30,Shasta,089,179085,19323,18912,3189,22101,270
2021-09-30,Sierra,091,2930,140,131,14,145,0
2021-09-30,Siskiyou,093,43540,3173,3053,1136,4189,42
2021-09-30,Solano,095,438530,44596,43800,1158,44958,321
2021-09-30,Sonoma,097,501317,39793,39497,488,39985,382
2021-09-30,Stanislaus,099,539301,74056,73859,8268,82127,1099
2021-09-30,Sutter,101,95872,13249,13160,274,13434,160
2021-09-30,Tehama,103,63373,7640,7453,1265,8718,93
2021-09-30,Trinity,105,12862,784,625,196,821,10
2021-09-30,Tulare,107,460477,63749,62247,13142,75389,908
2021-09-30,Tuolumne,109,53932,6462,6369,78,6447,89
2021-09-30,Ventura,111,848112,95667,94854,4133,98987,1148
2021-09-30,Yolo,113,214977,18888,18640,867,19507,242
2021-09-30,Yuba,115,75493,9499,9370,220,9590,66
2021-09-29,Alameda,001,1643700,115621,114998,2586,117584,1339
2021-09-29,Alpine,002,1148,99,101,0,101,0
2021-09-29,Amador,005,37829,5183,5058,51,5109,61
2021-09-29,Butte,007,227075,19260,18835,3574,22409,242
2021-09-29,Calaveras,009,45235,3644,3553,42,3595,72
2021-09-29,Colusa,011,21464,2427,2401,555,2956,18
2021-09-29,Contra Costa,013,1133247,96164,95213,1978,97191,929
2021-09-29,Del Norte,015,27424,3548,3467,34,3501,39
2021-09-29,El Dorado,017,186661,15130,14834,1564,16398,136
2021-09-29,Fresno,019,978130,130344,128068,11659,139727,1957
2021-09-29,Glenn,021,27897,3288,3213,939,4152,26
2021-09-29,Humboldt,023,135768,8380,8203,426,8629,94
2021-09-29,Imperial,025,180216,31904,31600,2963,34563,757
2021-09-29,Inyo,027,18085,1788,1740,33,1773,39
2021-09-29,Kern,029,883053,119700,117605,18953,136558,1513
2021-09-29,Kings,031,150075,29860,29195,1694,30889,299
2021-09-29,Lake,033,64148,6281,6164,122,6286,97
2021-09-29,Lassen,035,31185,6454,6347,299,6646,25
2021-09-29,Los Angeles,037,10098052,1407384,1393617,51268,1444885,26098
2021-09-29,Madera,039,155013,21268,20818,1732,22550,266
2021-09-29,Marin,041,260295,17066,16921,403,17324,242
2021-09-29,Mariposa,043,17540,1008,963,33,996,5
2021-09-29,Mendocino,045,87422,7014,6821,380,7201,78
2021-09-29,Merced,047,269075,39434,39026,1536,40562,552
2021-09-29,Modoc,049,8938,477,468,168,636,5
2021-09-29,Mono,051,14174,1576,1527,20,1547,3
2021-09-29,Monterey,053,433212,47781,46917,2610,49527,571
2021-09-29,Napa,055,140530,12496,12416,90,12506,96
2021-09-29,Nevada,057,99092,8565,8434,297,8731,87
2021-09-29,Orange,059,3164182,299608,296936,14082,311018,5429
2021-09-29,Placer,061,380077,34837,34271,3270,37541,379
2021-09-29,Plumas,063,18699,1359,1289,25,1314,6
2021-09-29,Riverside,065,2383286,351500,346558,15824,362382,4886
2021-09-29,Sacramento,067,1510023,150788,149686,3940,153626,2099
2021-09-29,San Benito,069,59416,7075,7039,146,7185,69
2021-09-29,San Bernardino,071,2135413,343397,340672,10624,351296,5539
2021-09-29,San Diego,073,3302833,358548,355899,21093,376992,4066
2021-09-29,San Francisco,075,870044,51052,50286,2147,52433,629
2021-09-29,San Joaquin,077,732212,95528,94356,5035,99391,1645
2021-09-29,San Luis Obispo,079,281455,28305,27800,1128,28928,323
2021-09-29,San Mateo,081,765935,52556,51673,783,52456,573
2021-09-29,Santa Barbara,083,443738,42676,42328,1467,43795,507
2021-09-29,Santa Clara,085,1922200,142357,141036,1129,142165,1861
2021-09-29,Santa Cruz,087,273765,19654,19425,965,20390,214
2021-09-29,Shasta,089,179085,19257,18805,3178,21983,271
2021-09-29,Sierra,091,2930,136,130,14,144,0
2021-09-29,Siskiyou,093,43540,3160,3043,1129,4172,42
2021-09-29,Solano,095,438530,44540,43724,1151,44875,321
2021-09-29,Sonoma,097,501317,39732,39426,486,39912,370
2021-09-29,Stanislaus,099,539301,73925,73634,8257,81891,1096
2021-09-29,Sutter,101,95872,13222,13135,271,13406,155
2021-09-29,Tehama,103,63373,7610,7409,1250,8659,88
2021-09-29,Trinity,105,12862,780,616,196,812,10
2021-09-29,Tulare,107,460477,63574,62046,13083,75129,908
2021-09-29,Tuolumne,109,53932,6445,6336,78,6414,89
2021-09-29,Ventura,111,848112,95577,94753,4129,98882,1144
2021-09-29,Yolo,113,214977,18854,18587,863,19450,239
2021-09-29,Yuba,115,75493,9468,9351,216,9567,66
2021-09-28,Alameda,001,1643700,115463,114869,2580,117449,1333
2021-09-28,Alpine,002,1148,99,101,0,101,0
2021-09-28,Amador,005,37829,5161,5049,51,5100,61
2021-09-28,Butte,007,227075,19211,18764,3558,22322,241
2021-09-28,Calaveras,009,45235,3624,3530,42,3572,72
2021-09-28,Colusa,011,21464,2424,2399,553,2952,18
2021-09-28,Contra Costa,013,1133247,96023,95115,1973,97088,929
2021-09-28,Del Norte,015,27424,3545,3462,34,3496,39
2021-09-28,El Dorado,017,186661,15084,14793,1560,16353,133
2021-09-28,Fresno,019,978130,129999,127877,11625,139502,1948
2021-09-28,Glenn,021,27897,3283,3205,938,4143,26
2021-09-28,Humboldt,023,135768,8340,8159,423,8582,91
2021-09-28,Imperial,025,180216,31859,31543,2959,34502,757
2021-09-28,Inyo,027,18085,1774,1708,32,1740,39
2021-09-28,Kern,029,883053,119431,117420,18858,136278,1506
2021-09-28,Kings,031,150075,29758,29141,1686,30827,295
2021-09-28,Lake,033,64148,6266,6155,122,6277,95
2021-09-28,Lassen,035,31185,6448,6340,295,6635,25
2021-09-28,Los Angeles,037,10098052,1406095,1392445,51202,1443647,26068
2021-09-28,Madera,039,155013,21214,20764,1717,22481,266
2021-09-28,Marin,041,260295,17047,16887,401,17288,242
2021-09-28,Mariposa,043,17540,1003,952,33,985,5
2021-09-28,Mendocino,045,87422,6992,6804,378,7182,78
2021-09-28,Merced,047,269075,39348,38953,1523,40476,551
2021-09-28,Modoc,049,8938,476,467,168,635,5
2021-09-28,Mono,051,14174,1566,1527,20,1547,3
2021-09-28,Monterey,053,433212,47744,46859,2601,49460,571
2021-09-28,Napa,055,140530,12479,12388,89,12477,96
2021-09-28,Nevada,057,99092,8542,8409,296,8705,84
2021-09-28,Orange,059,3164182,299354,296596,14053,310649,5421
2021-09-28,Placer,061,380077,34772,34187,3252,37439,370
2021-09-28,Plumas,063,18699,1350,1276,25,1301,6
2021-09-28,Riverside,065,2383286,351040,346096,15803,361899,4874
2021-09-28,Sacramento,067,1510023,150497,149310,3918,153228,2086
2021-09-28,San Benito,069,59416,7058,7028,145,7173,69
2021-09-28,San Bernardino,071,2135413,343050,340342,10606,350948,5540
2021-09-28,San Diego,073,3302833,358001,355373,21061,376434,4054
2021-09-28,San Francisco,075,870044,50950,50234,2146,52380,627
2021-09-28,San Joaquin,077,732212,95376,94194,5022,99216,1639
2021-09-28,San Luis Obispo,079,281455,28271,27755,1123,28878,321
2021-09-28,San Mateo,081,765935,52511,51620,783,52403,571
2021-09-28,Santa Barbara,083,443738,42603,42226,1466,43692,506
2021-09-28,Santa Clara,085,1922200,142196,140886,1120,142006,1858
2021-09-28,Santa Cruz,087,273765,19613,19324,964,20288,214
2021-09-28,Shasta,089,179085,19196,18701,3164,21865,267
2021-09-28,Sierra,091,2930,135,130,13,143,0
2021-09-28,Siskiyou,093,43540,3148,3032,1126,4158,42
2021-09-28,Solano,095,438530,44467,43652,1148,44800,316
2021-09-28,Sonoma,097,501317,39685,39395,485,39880,370
2021-09-28,Stanislaus,099,539301,73754,73528,8245,81773,1094
2021-09-28,Sutter,101,95872,13203,13102,267,13369,155
2021-09-28,Tehama,103,63373,7592,7382,1235,8617,88
2021-09-28,Trinity,105,12862,777,613,196,809,10
2021-09-28,Tulare,107,460477,63412,61916,13025,74941,905
2021-09-28,Tuolumne,109,53932,6418,6308,78,6386,89
2021-09-28,Ventura,111,848112,95451,94632,4126,98758,1143
2021-09-28,Yolo,113,214977,18828,18564,859,19423,239
2021-09-28,Yuba,115,75493,9449,9323,215,9538,66
2021-09-27,Alameda,001,1643700,115269,114731,2571,117302,1327
2021-09-27,Alpine,002,1148,99,101,0,101,0
2021-09-27,Amador,005,37829,5147,5017,51,5068,59
2021-09-27,Butte,007,227075,19151,18687,3540,22227,239
2021-09-27,Calaveras,009,45235,3604,3514,41,3555,70
2021-09-27,Colusa,011,21464,2423,2393,552,2945,18
2021-09-27,Contra Costa,013,1133247,95891,94979,1964,96943,924
2021-09-27,Del Norte,015,27424,3543,3468,32,3500,37
2021-09-27,El Dorado,017,186661,15045,14764,1553,16317,132
2021-09-27,Fresno,019,978130,129679,127475,11592,139067,1942
2021-09-27,Glenn,021,27897,3270,3189,934,4123,26
2021-09-27,Humboldt,023,135768,8300,8118,423,8541,91
2021-09-27,Imperial,025,180216,31796,31491,2952,34443,756
2021-09-27,Inyo,027,18085,1762,1698,32,1730,39
2021-09-27,Kern,029,883053,119156,117064,18763,135827,1503
2021-09-27,Kings,031,150075,29660,28998,1674,30672,297
2021-09-27,Lake,033,64148,6246,6126,121,6247,95
2021-09-27,Lassen,035,31185,6433,6327,291,6618,25
2021-09-27,Los Angeles,037,10098052,1404758,1391538,51134,1442672,26040
2021-09-27,Madera,039,155013,21149,20691,1709,22400,262
2021-09-27,Marin,041,260295,17026,16861,400,17261,242
2021-09-27,Mariposa,043,17540,993,931,33,964,5
2021-09-27,Mendocino,045,87422,6966,6761,371,7132,74
2021-09-27,Merced,047,269075,39248,38840,1517,40357,548
2021-09-27,Modoc,049,8938,475,465,166,631,5
2021-09-27,Mono,051,14174,1554,1525,20,1545,3
2021-09-27,Monterey,053,433212,47701,46811,2590,49401,571
2021-09-27,Napa,055,140530,12455,12354,88,12442,95
2021-09-27,Nevada,057,99092,8518,8379,293,8672,84
2021-09-27,Orange,059,3164182,299047,296334,14023,310357,5409
2021-09-27,Placer,061,380077,34685,34087,3247,37334,370
2021-09-27,Plumas,063,18699,1340,1269,25,1294,6
2021-09-27,Riverside,065,2383286,350597,345529,15793,361322,4864
2021-09-27,Sacramento,067,1510023,150181,149096,3895,152991,2076
2021-09-27,San Benito,069,59416,7041,7017,145,7162,67
2021-09-27,San Bernardino,071,2135413,342635,339952,10582,350534,5544
2021-09-27,San Diego,073,3302833,357349,354755,21036,375791,4054
2021-09-27,San Francisco,075,870044,50866,50157,2143,52300,622
2021-09-27,San Joaquin,077,732212,95191,94085,5019,99104,1633
2021-09-27,San Luis Obispo,079,281455,28216,27674,1120,28794,320
2021-09-27,San Mateo,081,765935,52435,51552,783,52335,571
2021-09-27,Santa Barbara,083,443738,42536,42012,1462,43474,505
2021-09-27,Santa Clara,085,1922200,142015,140802,1110,141912,1853
2021-09-27,Santa Cruz,087,273765,19589,19292,963,20255,214
2021-09-27,Shasta,089,179085,19115,18599,3137,21736,267
2021-09-27,Sierra,091,2930,135,128,13,141,0
2021-09-27,Siskiyou,093,43540,3136,3015,1121,4136,42
2021-09-27,Solano,095,438530,44391,43582,1143,44725,314
2021-09-27,Sonoma,097,501317,39631,39347,485,39832,370
2021-09-27,Stanislaus,099,539301,73600,73370,8225,81595,1091
2021-09-27,Sutter,101,95872,13172,13082,264,13346,155
2021-09-27,Tehama,103,63373,7552,7345,1226,8571,88
2021-09-27,Trinity,105,12862,766,605,195,800,9
2021-09-27,Tulare,107,460477,63212,61708,12954,74662,904
2021-09-27,Tuolumne,109,53932,6396,6264,78,6342,89
2021-09-27,Ventura,111,848112,95326,94477,4122,98599,1138
2021-09-27,Yolo,113,214977,18793,18524,859,19383,239
2021-09-27,Yuba,115,75493,9412,9292,211,9503,64
2021-09-26,Alameda,001,1643700,115075,114601,2564,117165,1326
2021-09-26,Alpine,002,1148,99,101,0,101,0
2021-09-26,Amador,005,37829,5115,5001,50,5051,59
2021-09-26,Butte,007,227075,19076,18634,3520,22154,238
2021-09-26,Calaveras,009,45235,3582,3505,41,3546,70
2021-09-26,Colusa,011,21464,2418,2392,550,2942,18
2021-09-26,Contra Costa,013,1133247,95716,94877,1951,96828,924
2021-09-26,Del Norte,015,27424,3538,3466,31,3497,37
2021-09-26,El Dorado,017,186661,15003,14738,1545,16283,132
2021-09-26,Fresno,019,978130,129323,127235,11546,138781,1939
2021-09-26,Glenn,021,27897,3262,3182,930,4112,26
2021-09-26,Humboldt,023,135768,8263,8098,422,8520,91
2021-09-26,Imperial,025,180216,31736,31462,2951,34413,756
2021-09-26,Inyo,027,18085,1747,1685,32,1717,39
2021-09-26,Kern,029,883053,118817,116927,18653,135580,1502
2021-09-26,Kings,031,150075,29559,28930,1663,30593,293
2021-09-26,Lake,033,64148,6229,6113,121,6234,95
2021-09-26,Lassen,035,31185,6423,6319,286,6605,25
2021-09-26,Los Angeles,037,10098052,1403268,1390577,51067,1441644,26035
2021-09-26,Madera,039,155013,21074,20629,1690,22319,262
2021-09-26,Marin,041,260295,17003,16860,400,17260,242
2021-09-26,Mariposa,043,17540,987,929,33,962,5
2021-09-26,Mendocino,045,87422,6932,6744,356,7100,74
2021-09-26,Merced,047,269075,39087,38717,1509,40226,548
2021-09-26,Modoc,049,8938,475,465,165,630,5
2021-09-26,Mono,051,14174,1550,1516,20,1536,3
2021-09-26,Monterey,053,433212,47654,46792,2577,49369,571
2021-09-26,Napa,055,140530,12431,12340,87,12427,95
2021-09-26,Nevada,057,99092,8487,8356,288,8644,84
2021-09-26,Orange,059,3164182,298704,296085,13990,310075,5409
2021-09-26,Placer,061,380077,34591,34043,3238,37281,370
2021-09-26,Plumas,063,18699,1322,1268,25,1293,6
2021-09-26,Riverside,065,2383286,350065,345257,15779,361036,4864
2021-09-26,Sacramento,067,1510023,149775,148745,3876,152621,2071
2021-09-26,San Benito,069,59416,7024,7012,144,7156,67
2021-09-26,San Bernardino,071,2135413,342176,339771,10568,350339,5545
2021-09-26,San Diego,073,3302833,356727,354414,20995,375409,4051
2021-09-26,San Francisco,075,870044,50740,50092,2134,52226,622
2021-09-26,San Joaquin,077,732212,94987,93935,5005,98940,1633
2021-09-26,San Luis Obispo,079,281455,28143,27624,1115,28739,319
2021-09-26,San Mateo,081,765935,52366,51496,781,52277,571
2021-09-26,Santa Barbara,083,443738,42450,41946,1459,43405,505
2021-09-26,Santa Clara,085,1922200,141814,140667,1107,141774,1852
2021-09-26,Santa Cruz,087,273765,19564,19279,963,20242,214
2021-09-26,Shasta,089,179085,19006,18566,3114,21680,266
2021-09-26,Sierra,091,2930,135,128,13,141,0
2021-09-26,Siskiyou,093,43540,3122,2998,1111,4109,42
2021-09-26,Solano,095,438530,44324,43537,1142,44679,314
2021-09-26,Sonoma,097,501317,39572,39302,485,39787,370
2021-09-26,Stanislaus,099,539301,73400,73243,8197,81440,1091
2021-09-26,Sutter,101,95872,13135,13045,263,13308,155
2021-09-26,Tehama,103,63373,7495,7323,1215,8538,88
2021-09-26,Trinity,105,12862,763,591,195,786,9
2021-09-26,Tulare,107,460477,62991,61560,12877,74437,904
2021-09-26,Tuolumne,109,53932,6368,6236,76,6312,89
2021-09-26,Ventura,111,848112,95212,94391,4115,98506,1138
2021-09-26,Yolo,113,214977,18756,18496,852,19348,239
2021-09-26,Yuba,115,75493,9385,9275,211,9486,64
2021-09-25,Alameda,001,1643700,114996,114014,2561,116575,1324
2021-09-25,Alpine,002,1148,99,101,0,101,0
2021-09-25,Amador,005,37829,5101,4934,50,4984,59
2021-09-25,Butte,007,227075,19047,18396,3512,21908,236
2021-09-25,Calaveras,009,45235,3579,3461,41,3502,70
2021-09-25,Colusa,011,21464,2415,2387,548,2935,16
2021-09-25,Contra Costa,013,1133247,95645,94337,1947,96284,924
2021-09-25,Del Norte,015,27424,3537,3404,31,3435,35
2021-09-25,El Dorado,017,186661,14980,14641,1541,16182,130
2021-09-25,Fresno,019,978130,129178,126299,11530,137829,1927
2021-09-25,Glenn,021,27897,3257,3144,929,4073,25
2021-09-25,Humboldt,023,135768,8244,8014,420,8434,88
2021-09-25,Imperial,025,180216,31709,31280,2951,34231,755
2021-09-25,Inyo,027,18085,1739,1657,32,1689,39
2021-09-25,Kern,029,883053,118662,116021,18586,134607,1485
2021-09-25,Kings,031,150075,29508,28636,1660,30296,293
2021-09-25,Lake,033,64148,6223,6046,120,6166,92
2021-09-25,Lassen,035,31185,6411,6248,285,6533,25
2021-09-25,Los Angeles,037,10098052,1402559,1386417,51025,1437442,25964
2021-09-25,Madera,039,155013,21049,20432,1684,22116,262
2021-09-25,Marin,041,260295,16994,16802,398,17200,242
2021-09-25,Mariposa,043,17540,982,906,33,939,5
2021-09-25,Mendocino,045,87422,6913,6657,355,7012,74
2021-09-25,Merced,047,269075,39041,38393,1507,39900,546
2021-09-25,Modoc,049,8938,475,460,165,625,5
2021-09-25,Mono,051,14174,1547,1501,20,1521,3
2021-09-25,Monterey,053,433212,47624,46653,2575,49228,567
2021-09-25,Napa,055,140530,12411,12266,87,12353,95
2021-09-25,Nevada,057,99092,8470,8285,288,8573,84
2021-09-25,Orange,059,3164182,298531,294514,13973,308487,5374
2021-09-25,Placer,061,380077,34527,33764,3236,37000,367
2021-09-25,Plumas,063,18699,1318,1238,25,1263,6
2021-09-25,Riverside,065,2383286,349742,343463,15771,359234,4843
2021-09-25,Sacramento,067,1510023,149600,147728,3868,151596,2049
2021-09-25,San Benito,069,59416,7019,6965,144,7109,67
2021-09-25,San Bernardino,071,2135413,341938,338413,10555,348968,5540
2021-09-25,San Diego,073,3302833,356382,352017,20969,372986,4039
2021-09-25,San Francisco,075,870044,50696,49840,2133,51973,615
2021-09-25,San Joaquin,077,732212,94901,93273,5003,98276,1628
2021-09-25,San Luis Obispo,079,281455,28105,27447,1111,28558,318
2021-09-25,San Mateo,081,765935,52302,51266,779,52045,568
2021-09-25,Santa Barbara,083,443738,42392,41728,1459,43187,505
2021-09-25,Santa Clara,085,1922200,141707,140023,1105,141128,1844
2021-09-25,Santa Cruz,087,273765,19548,19200,961,20161,214
2021-09-25,Shasta,089,179085,18955,18256,3105,21361,262
2021-09-25,Sierra,091,2930,134,127,13,140,0
2021-09-25,Siskiyou,093,43540,3115,2956,1101,4057,41
2021-09-25,Solano,095,438530,44283,43331,1139,44470,312
2021-09-25,Sonoma,097,501317,39532,39112,485,39597,369
2021-09-25,Stanislaus,099,539301,73290,72628,8183,80811,1091
2021-09-25,Sutter,101,95872,13117,12976,260,13236,154
2021-09-25,Tehama,103,63373,7479,7200,1213,8413,86
2021-09-25,Trinity,105,12862,763,576,195,771,9
2021-09-25,Tulare,107,460477,62909,60909,12834,73743,898
2021-09-25,Tuolumne,109,53932,6356,6168,76,6244,89
2021-09-25,Ventura,111,848112,95145,94059,4111,98170,1129
2021-09-25,Yolo,113,214977,18734,18393,851,19244,239
2021-09-25,Yuba,115,75493,9365,9191,211,9402,61
2021-09-24,Alameda,001,1643700,114891,114014,2557,116571,1324
2021-09-24,Alpine,002,1148,99,101,0,101,0
2021-09-24,Amador,005,37829,5071,4934,50,4984,59
2021-09-24,Butte,007,227075,18995,18396,3501,21897,236
2021-09-24,Calaveras,009,45235,3572,3461,40,3501,70
2021-09-24,Colusa,011,21464,2412,2387,547,2934,16
2021-09-24,Contra Costa,013,1133247,95535,94337,1943,96280,924
2021-09-24,Del Norte,015,27424,3534,3404,31,3435,35
2021-09-24,El Dorado,017,186661,14962,14641,1539,16180,130
2021-09-24,Fresno,019,978130,128980,126299,11518,137817,1927
2021-09-24,Glenn,021,27897,3249,3144,929,4073,25
2021-09-24,Humboldt,023,135768,8225,8014,417,8431,88
2021-09-24,Imperial,025,180216,31671,31280,2949,34229,755
2021-09-24,Inyo,027,18085,1730,1657,32,1689,39
2021-09-24,Kern,029,883053,118526,116021,18520,134541,1485
2021-09-24,Kings,031,150075,29467,28636,1656,30292,293
2021-09-24,Lake,033,64148,6215,6046,120,6166,92
2021-09-24,Lassen,035,31185,6403,6248,284,6532,25
2021-09-24,Los Angeles,037,10098052,1401672,1386417,50984,1437401,25964
2021-09-24,Madera,039,155013,21018,20432,1675,22107,262
2021-09-24,Marin,041,260295,16980,16802,397,17199,242
2021-09-24,Mariposa,043,17540,970,906,33,939,5
2021-09-24,Mendocino,045,87422,6900,6657,355,7012,74
2021-09-24,Merced,047,269075,38997,38393,1507,39900,546
2021-09-24,Modoc,049,8938,475,460,164,624,5
2021-09-24,Mono,051,14174,1542,1501,20,1521,3
2021-09-24,Monterey,053,433212,47603,46653,2567,49220,567
2021-09-24,Napa,055,140530,12391,12266,87,12353,95
2021-09-24,Nevada,057,99092,8456,8285,285,8570,84
2021-09-24,Orange,059,3164182,298324,294514,13955,308469,5374
2021-09-24,Placer,061,380077,34472,33764,3224,36988,367
2021-09-24,Plumas,063,18699,1314,1238,25,1263,6
2021-09-24,Riverside,065,2383286,349408,343463,15764,359227,4843
2021-09-24,Sacramento,067,1510023,149414,147728,3864,151592,2049
2021-09-24,San Benito,069,59416,7013,6965,144,7109,67
2021-09-24,San Bernardino,071,2135413,341669,338413,10545,348958,5540
2021-09-24,San Diego,073,3302833,356031,352017,20954,372971,4039
2021-09-24,San Francisco,075,870044,50632,49840,2126,51966,615
2021-09-24,San Joaquin,077,732212,94788,93273,5001,98274,1628
2021-09-24,San Luis Obispo,079,281455,28073,27447,1107,28554,318
2021-09-24,San Mateo,081,765935,52242,51266,778,52044,568
2021-09-24,Santa Barbara,083,443738,42352,41728,1458,43186,505
2021-09-24,Santa Clara,085,1922200,141594,140023,1104,141127,1844
2021-09-24,Santa Cruz,087,273765,19525,19200,960,20160,214
2021-09-24,Shasta,089,179085,18901,18256,3091,21347,262
2021-09-24,Sierra,091,2930,133,127,13,140,0
2021-09-24,Siskiyou,093,43540,3106,2956,1095,4051,41
2021-09-24,Solano,095,438530,44245,43331,1137,44468,312
2021-09-24,Sonoma,097,501317,39499,39112,485,39597,369
2021-09-24,Stanislaus,099,539301,73175,72628,8168,80796,1091
2021-09-24,Sutter,101,95872,13098,12976,259,13235,154
2021-09-24,Tehama,103,63373,7466,7200,1208,8408,86
2021-09-24,Trinity,105,12862,760,576,195,771,9
2021-09-24,Tulare,107,460477,62820,60909,12792,73701,898
2021-09-24,Tuolumne,109,53932,6327,6168,76,6244,89
2021-09-24,Ventura,111,848112,95067,94059,4104,98163,1129
2021-09-24,Yolo,113,214977,18703,18393,847,19240,239
2021-09-24,Yuba,115,75493,9346,9191,211,9402,61
2021-09-23,Alameda,001,1643700,114734,114014,2551,116565,1324
2021-09-23,Alpine,002,1148,99,101,0,101,0
2021-09-23,Amador,005,37829,5058,4934,50,4984,59
2021-09-23,Butte,007,227075,18933,18396,3470,21866,236
2021-09-23,Calaveras,009,45235,3551,3461,40,3501,70
2021-09-23,Colusa,011,21464,2410,2387,544,2931,16
2021-09-23,Contra Costa,013,1133247,95394,94337,1936,96273,924
2021-09-23,Del Norte,015,27424,3525,3404,30,3434,35
2021-09-23,El Dorado,017,186661,14936,14641,1533,16174,130
2021-09-23,Fresno,019,978130,128683,126299,11499,137798,1927
2021-09-23,Glenn,021,27897,3235,3144,926,4070,25
2021-09-23,Humboldt,023,135768,8202,8014,415,8429,88
2021-09-23,Imperial,025,180216,31635,31280,2949,34229,755
2021-09-23,Inyo,027,18085,1716,1657,32,1689,39
2021-09-23,Kern,029,883053,118268,116021,18440,134461,1485
2021-09-23,Kings,031,150075,29363,28636,1647,30283,293
2021-09-23,Lake,033,64148,6205,6046,120,6166,92
2021-09-23,Lassen,035,31185,6394,6248,279,6527,25
2021-09-23,Los Angeles,037,10098052,1400475,1386417,50920,1437337,25964
2021-09-23,Madera,039,155013,20934,20432,1671,22103,262
2021-09-23,Marin,041,260295,16965,16802,394,17196,242
2021-09-23,Mariposa,043,17540,957,906,33,939,5
2021-09-23,Mendocino,045,87422,6877,6657,350,7007,74
2021-09-23,Merced,047,269075,38892,38393,1500,39893,546
2021-09-23,Modoc,049,8938,474,460,164,624,5
2021-09-23,Mono,051,14174,1539,1501,20,1521,3
2021-09-23,Monterey,053,433212,47554,46653,2556,49209,567
2021-09-23,Napa,055,140530,12374,12266,87,12353,95
2021-09-23,Nevada,057,99092,8429,8285,285,8570,84
2021-09-23,Orange,059,3164182,298027,294514,13931,308445,5374
2021-09-23,Placer,061,380077,34396,33764,3218,36982,367
2021-09-23,Plumas,063,18699,1297,1238,24,1262,6
2021-09-23,Riverside,065,2383286,348955,343463,15757,359220,4843
2021-09-23,Sacramento,067,1510023,149091,147728,3845,151573,2049
2021-09-23,San Benito,069,59416,7002,6965,144,7109,67
2021-09-23,San Bernardino,071,2135413,341303,338413,10529,348942,5540
2021-09-23,San Diego,073,3302833,355575,352017,20915,372932,4039
2021-09-23,San Francisco,075,870044,50559,49840,2124,51964,615
2021-09-23,San Joaquin,077,732212,94615,93273,4986,98259,1628
2021-09-23,San Luis Obispo,079,281455,28030,27447,1105,28552,318
2021-09-23,San Mateo,081,765935,52167,51266,777,52043,568
2021-09-23,Santa Barbara,083,443738,42274,41728,1455,43183,505
2021-09-23,Santa Clara,085,1922200,141442,140023,1097,141120,1844
2021-09-23,Santa Cruz,087,273765,19494,19200,960,20160,214
2021-09-23,Shasta,089,179085,18821,18256,3074,21330,262
2021-09-23,Sierra,091,2930,133,127,13,140,0
2021-09-23,Siskiyou,093,43540,3102,2956,1084,4040,41
2021-09-23,Solano,095,438530,44177,43331,1134,44465,312
2021-09-23,Sonoma,097,501317,39440,39112,482,39594,369
2021-09-23,Stanislaus,099,539301,73019,72628,8136,80764,1091
2021-09-23,Sutter,101,95872,13069,12976,259,13235,154
2021-09-23,Tehama,103,63373,7425,7200,1203,8403,86
2021-09-23,Trinity,105,12862,746,576,194,770,9
2021-09-23,Tulare,107,460477,62643,60909,12738,73647,898
2021-09-23,Tuolumne,109,53932,6302,6168,75,6243,89
2021-09-23,Ventura,111,848112,94963,94059,4097,98156,1129
2021-09-23,Yolo,113,214977,18672,18393,843,19236,239
2021-09-23,Yuba,115,75493,9317,9191,210,9401,61
2021-09-22,Alameda,001,1643700,114579,113862,2547,116409,1322
2021-09-22,Alpine,002,1148,99,100,0,100,0
2021-09-22,Amador,005,37829,5042,4915,50,4965,59
2021-09-22,Butte,007,227075,18873,18337,3452,21789,235
2021-09-22,Calaveras,009,45235,3535,3448,40,3488,70
2021-09-22,Colusa,011,21464,2405,2384,543,2927,16
2021-09-22,Contra Costa,013,1133247,95207,94209,1927,96136,924
2021-09-22,Del Norte,015,27424,3514,3386,29,3415,35
2021-09-22,El Dorado,017,186661,14900,14605,1527,16132,127
2021-09-22,Fresno,019,978130,128427,126006,11484,137490,1908
2021-09-22,Glenn,021,27897,3228,3138,925,4063,25
2021-09-22,Humboldt,023,135768,8180,7998,407,8405,80
2021-09-22,Imperial,025,180216,31583,31243,2942,34185,755
2021-09-22,Inyo,027,18085,1706,1651,32,1683,39
2021-09-22,Kern,029,883053,118026,115757,18318,134075,1477
2021-09-22,Kings,031,150075,29278,28589,1641,30230,292
2021-09-22,Lake,033,64148,6193,6035,120,6155,93
2021-09-22,Lassen,035,31185,6374,6209,275,6484,25
2021-09-22,Los Angeles,037,10098052,1399152,1384719,50865,1435584,25930
2021-09-22,Madera,039,155013,20877,20382,1661,22043,262
2021-09-22,Marin,041,260295,16954,16782,391,17173,242
2021-09-22,Mariposa,043,17540,951,901,33,934,5
2021-09-22,Mendocino,045,87422,6851,6624,344,6968,70
2021-09-22,Merced,047,269075,38761,38305,1498,39803,541
2021-09-22,Modoc,049,8938,471,458,164,622,5
2021-09-22,Mono,051,14174,1530,1496,19,1515,3
2021-09-22,Monterey,053,433212,47503,46615,2549,49164,566
2021-09-22,Napa,055,140530,12352,12248,86,12334,95
2021-09-22,Nevada,057,99092,8406,8273,282,8555,84
2021-09-22,Orange,059,3164182,297751,294214,13914,308128,5366
2021-09-22,Placer,061,380077,34308,33661,3205,36866,367
2021-09-22,Plumas,063,18699,1284,1230,24,1254,6
2021-09-22,Riverside,065,2383286,348420,342946,15732,358678,4830
2021-09-22,Sacramento,067,1510023,148786,147533,3816,151349,2043
2021-09-22,San Benito,069,59416,6991,6961,142,7103,67
2021-09-22,San Bernardino,071,2135413,340909,337938,10520,348458,5528
2021-09-22,San Diego,073,3302833,355124,351132,20891,372023,4027
2021-09-22,San Francisco,075,870044,50474,49734,2119,51853,610
2021-09-22,San Joaquin,077,732212,94383,93010,4962,97972,1626
2021-09-22,San Luis Obispo,079,281455,27980,27398,1101,28499,315
2021-09-22,San Mateo,081,765935,52094,51197,773,51970,568
2021-09-22,Santa Barbara,083,443738,42211,41678,1454,43132,504
2021-09-22,Santa Clara,085,1922200,141277,139803,1090,140893,1844
2021-09-22,Santa Cruz,087,273765,19456,19177,959,20136,214
2021-09-22,Shasta,089,179085,18731,18153,3063,21216,260
2021-09-22,Sierra,091,2930,133,127,13,140,0
2021-09-22,Siskiyou,093,43540,3085,2947,1074,4021,41
2021-09-22,Solano,095,438530,44111,43269,1134,44403,312
2021-09-22,Sonoma,097,501317,39387,39063,481,39544,369
2021-09-22,Stanislaus,099,539301,72854,72355,8117,80472,1091
2021-09-22,Sutter,101,95872,13049,12960,256,13216,153
2021-09-22,Tehama,103,63373,7398,7173,1200,8373,86
2021-09-22,Trinity,105,12862,745,572,194,766,9
2021-09-22,Tulare,107,460477,62432,60776,12669,73445,896
2021-09-22,Tuolumne,109,53932,6281,6155,74,6229,89
2021-09-22,Ventura,111,848112,94857,93978,4092,98070,1122
2021-09-22,Yolo,113,214977,18633,18342,836,19178,239
2021-09-22,Yuba,115,75493,9288,9169,205,9374,61
2021-09-21,Alameda,001,1643700,114426,113765,2547,116312,1321
2021-09-21,Alpine,002,1148,99,100,0,100,0
2021-09-21,Amador,005,37829,5020,4897,50,4947,59
2021-09-21,Butte,007,227075,18777,18229,3408,21637,232
2021-09-21,Calaveras,009,45235,3518,3437,40,3477,70
2021-09-21,Colusa,011,21464,2402,2378,542,2920,16
2021-09-21,Contra Costa,013,1133247,95013,94101,1913,96014,924
2021-09-21,Del Norte,015,27424,3502,3378,29,3407,34
2021-09-21,El Dorado,017,186661,14870,14578,1520,16098,127
2021-09-21,Fresno,019,978130,128075,125789,11457,137246,1892
2021-09-21,Glenn,021,27897,3221,3134,921,4055,25
2021-09-21,Humboldt,023,135768,8148,7955,402,8357,80
2021-09-21,Imperial,025,180216,31526,31185,2940,34125,755
2021-09-21,Inyo,027,18085,1696,1646,32,1678,39
2021-09-21,Kern,029,883053,117733,115534,18205,133739,1467
2021-09-21,Kings,031,150075,29190,28545,1633,30178,291
2021-09-21,Lake,033,64148,6170,6013,120,6133,90
2021-09-21,Lassen,035,31185,6356,6159,271,6430,25
2021-09-21,Los Angeles,037,10098052,1397696,1383277,50811,1434088,25893
2021-09-21,Madera,039,155013,20817,20317,1651,21968,262
2021-09-21,Marin,041,260295,16939,16748,390,17138,242
2021-09-21,Mariposa,043,17540,946,894,32,926,5
2021-09-21,Mendocino,045,87422,6813,6580,333,6913,68
2021-09-21,Merced,047,269075,38635,38225,1494,39719,539
2021-09-21,Modoc,049,8938,468,458,164,622,5
2021-09-21,Mono,051,14174,1528,1495,18,1513,3
2021-09-21,Monterey,053,433212,47435,46583,2537,49120,565
2021-09-21,Napa,055,140530,12331,12238,86,12324,95
2021-09-21,Nevada,057,99092,8379,8259,274,8533,84
2021-09-21,Orange,059,3164182,297419,293898,13884,307782,5357
2021-09-21,Placer,061,380077,34207,33609,3194,36803,365
2021-09-21,Plumas,063,18699,1277,1225,24,1249,5
2021-09-21,Riverside,065,2383286,347861,342460,15708,358168,4817
2021-09-21,Sacramento,067,1510023,148405,147378,3788,151166,2027
2021-09-21,San Benito,069,59416,6980,6950,141,7091,67
2021-09-21,San Bernardino,071,2135413,340469,337387,10503,347890,5520
2021-09-21,San Diego,073,3302833,354518,350265,20865,371130,4021
2021-09-21,San Francisco,075,870044,50376,49653,2115,51768,609
2021-09-21,San Joaquin,077,732212,94149,92762,4951,97713,1621
2021-09-21,San Luis Obispo,079,281455,27920,27318,1098,28416,314
2021-09-21,San Mateo,081,765935,52025,51136,773,51909,568
2021-09-21,Santa Barbara,083,443738,42142,41644,1450,43094,503
2021-09-21,Santa Clara,085,1922200,141060,139657,1086,140743,1843
2021-09-21,Santa Cruz,087,273765,19426,19140,958,20098,212
2021-09-21,Shasta,089,179085,18603,18027,3039,21066,258
2021-09-21,Sierra,091,2930,133,127,13,140,0
2021-09-21,Siskiyou,093,43540,3071,2927,1060,3987,36
2021-09-21,Solano,095,438530,44035,43220,1134,44354,311
2021-09-21,Sonoma,097,501317,39334,39042,481,39523,369
2021-09-21,Stanislaus,099,539301,72670,72211,8097,80308,1091
2021-09-21,Sutter,101,95872,13026,12930,253,13183,153
2021-09-21,Tehama,103,63373,7352,7151,1196,8347,85
2021-09-21,Trinity,105,12862,734,572,192,764,9
2021-09-21,Tulare,107,460477,62217,60607,12608,73215,896
2021-09-21,Tuolumne,109,53932,6248,6139,74,6213,89
2021-09-21,Ventura,111,848112,94752,93818,4084,97902,1120
2021-09-21,Yolo,113,214977,18597,18313,833,19146,239
2021-09-21,Yuba,115,75493,9260,9135,205,9340,61
2021-09-20,Alameda,001,1643700,114245,113637,2543,116180,1320
2021-09-20,Alpine,002,1148,99,100,0,100,0
2021-09-20,Amador,005,37829,5002,4883,49,4932,59
2021-09-20,Butte,007,227075,18696,18135,3392,21527,231
2021-09-20,Calaveras,009,45235,3496,3395,39,3434,66
2021-09-20,Colusa,011,21464,2400,2376,539,2915,16
2021-09-20,Contra Costa,013,1133247,94864,93919,1907,95826,924
2021-09-20,Del Norte,015,27424,3494,3374,28,3402,34
2021-09-20,El Dorado,017,186661,14837,14545,1508,16053,127
2021-09-20,Fresno,019,978130,127661,125287,11431,136718,1889
2021-09-20,Glenn,021,27897,3210,3112,918,4030,25
2021-09-20,Humboldt,023,135768,8113,7938,397,8335,80
2021-09-20,Imperial,025,180216,31443,31146,2939,34085,755
2021-09-20,Inyo,027,18085,1688,1641,31,1672,39
2021-09-20,Kern,029,883053,117394,115271,18074,133345,1459
2021-09-20,Kings,031,150075,29103,28471,1627,30098,285
2021-09-20,Lake,033,64148,6155,5984,119,6103,87
2021-09-20,Lassen,035,31185,6326,6132,271,6403,25
2021-09-20,Los Angeles,037,10098052,1396173,1382206,50731,1432937,25858
2021-09-20,Madera,039,155013,20764,20203,1644,21847,257
2021-09-20,Marin,041,260295,16914,16732,388,17120,242
2021-09-20,Mariposa,043,17540,935,887,32,919,5
2021-09-20,Mendocino,045,87422,6779,6568,328,6896,67
2021-09-20,Merced,047,269075,38524,38144,1483,39627,536
2021-09-20,Modoc,049,8938,467,457,162,619,5
2021-09-20,Mono,051,14174,1522,1480,18,1498,3
2021-09-20,Monterey,053,433212,47393,46506,2519,49025,565
2021-09-20,Napa,055,140530,12306,12209,85,12294,95
2021-09-20,Nevada,057,99092,8359,8228,272,8500,84
2021-09-20,Orange,059,3164182,297075,293642,13857,307499,5354
2021-09-20,Placer,061,380077,34117,33531,3179,36710,364
2021-09-20,Plumas,063,18699,1272,1211,24,1235,5
2021-09-20,Riverside,065,2383286,347360,341961,15695,357656,4802
2021-09-20,Sacramento,067,1510023,148032,147016,3754,150770,2016
2021-09-20,San Benito,069,59416,6971,6947,140,7087,67
2021-09-20,San Bernardino,071,2135413,340066,337059,10487,347546,5507
2021-09-20,San Diego,073,3302833,353845,349579,20828,370407,4009
2021-09-20,San Francisco,075,870044,50270,49559,2114,51673,605
2021-09-20,San Joaquin,077,732212,93906,92614,4938,97552,1615
2021-09-20,San Luis Obispo,079,281455,27844,27259,1090,28349,313
2021-09-20,San Mateo,081,765935,51938,51100,770,51870,567
2021-09-20,Santa Barbara,083,443738,42043,41589,1446,43035,500
2021-09-20,Santa Clara,085,1922200,140860,139578,1084,140662,1841
2021-09-20,Santa Cruz,087,273765,19394,19121,958,20079,211
2021-09-20,Shasta,089,179085,18504,17893,3009,20902,258
2021-09-20,Sierra,091,2930,131,126,13,139,0
2021-09-20,Siskiyou,093,43540,3049,2902,1047,3949,35
2021-09-20,Solano,095,438530,43967,43152,1126,44278,312
2021-09-20,Sonoma,097,501317,39288,38991,481,39472,369
2021-09-20,Stanislaus,099,539301,72471,72031,8078,80109,1091
2021-09-20,Sutter,101,95872,12990,12896,248,13144,153
2021-09-20,Tehama,103,63373,7320,7121,1184,8305,84
2021-09-20,Trinity,105,12862,728,568,191,759,7
2021-09-20,Tulare,107,460477,62015,60302,12555,72857,896
2021-09-20,Tuolumne,109,53932,6222,6113,74,6187,89
2021-09-20,Ventura,111,848112,94639,93700,4078,97778,1120
2021-09-20,Yolo,113,214977,18551,18287,831,19118,239
2021-09-20,Yuba,115,75493,9225,9107,203,9310,61
2021-09-19,Alameda,001,1643700,114032,113446,2538,115984,1320
2021-09-19,Alpine,002,1148,99,100,0,100,0
2021-09-19,Amador,005,37829,4962,4875,48,4923,59
2021-09-19,Butte,007,227075,18604,18063,3364,21427,230
2021-09-19,Calaveras,009,45235,3472,3390,36,3426,66
2021-09-19,Colusa,011,21464,2398,2375,537,2912,16
2021-09-19,Contra Costa,013,1133247,94678,93788,1897,95685,924
2021-09-19,Del Norte,015,27424,3468,3344,27,3371,34
2021-09-19,El Dorado,017,186661,14784,14512,1502,16014,127
2021-09-19,Fresno,019,978130,127256,124985,11386,136371,1888
2021-09-19,Glenn,021,27897,3201,3102,915,4017,25
2021-09-19,Humboldt,023,135768,8067,7914,395,8309,80
2021-09-19,Imperial,025,180216,31374,31122,2936,34058,755
2021-09-19,Inyo,027,18085,1679,1639,31,1670,39
2021-09-19,Kern,029,883053,117082,115074,17968,133042,1459
2021-09-19,Kings,031,150075,28976,28416,1618,30034,284
2021-09-19,Lake,033,64148,6124,5962,119,6081,87
2021-09-19,Lassen,035,31185,6306,6129,265,6394,25
2021-09-19,Los Angeles,037,10098052,1394192,1381200,50637,1431837,25852
2021-09-19,Madera,039,155013,20686,20161,1634,21795,257
2021-09-19,Marin,041,260295,16885,16711,386,17097,242
2021-09-19,Mariposa,043,17540,927,881,32,913,5
2021-09-19,Mendocino,045,87422,6734,6538,322,6860,67
2021-09-19,Merced,047,269075,38367,38068,1474,39542,535
2021-09-19,Modoc,049,8938,464,457,160,617,5
2021-09-19,Mono,051,14174,1517,1480,18,1498,3
2021-09-19,Monterey,053,433212,47338,46486,2516,49002,565
2021-09-19,Napa,055,140530,12285,12190,83,12273,95
2021-09-19,Nevada,057,99092,8331,8203,270,8473,84
2021-09-19,Orange,059,3164182,296706,293258,13835,307093,5354
2021-09-19,Placer,061,380077,34004,33406,3161,36567,364
2021-09-19,Plumas,063,18699,1264,1211,24,1235,5
2021-09-19,Riverside,065,2383286,346767,341566,15686,357252,4804
2021-09-19,Sacramento,067,1510023,147669,146603,3709,150312,2012
2021-09-19,San Benito,069,59416,6952,6942,140,7082,67
2021-09-19,San Bernardino,071,2135413,339570,336688,10475,347163,5506
2021-09-19,San Diego,073,3302833,353141,349225,20791,370016,4006
2021-09-19,San Francisco,075,870044,50162,49458,2105,51563,605
2021-09-19,San Joaquin,077,732212,93610,92467,4927,97394,1615
2021-09-19,San Luis Obispo,079,281455,27743,27208,1081,28289,313
2021-09-19,San Mateo,081,765935,51840,51028,769,51797,567
2021-09-19,Santa Barbara,083,443738,41937,41512,1446,42958,500
2021-09-19,Santa Clara,085,1922200,140673,139410,1079,140489,1841
2021-09-19,Santa Cruz,087,273765,19355,19096,958,20054,211
2021-09-19,Shasta,089,179085,18390,17813,2974,20787,258
2021-09-19,Sierra,091,2930,130,126,13,139,0
2021-09-19,Siskiyou,093,43540,3023,2882,1038,3920,35
2021-09-19,Solano,095,438530,43878,43056,1121,44177,312
2021-09-19,Sonoma,097,501317,39217,38956,477,39433,369
2021-09-19,Stanislaus,099,539301,72226,71830,8053,79883,1091
2021-09-19,Sutter,101,95872,12963,12868,241,13109,153
2021-09-19,Tehama,103,63373,7266,7081,1175,8256,84
2021-09-19,Trinity,105,12862,717,562,189,751,7
2021-09-19,Tulare,107,460477,61754,60160,12462,72622,896
2021-09-19,Tuolumne,109,53932,6181,6097,74,6171,89
2021-09-19,Ventura,111,848112,94477,93491,4069,97560,1120
2021-09-19,Yolo,113,214977,18502,18238,826,19064,239
2021-09-19,Yuba,115,75493,9199,9087,202,9289,61
2021-09-18,Alameda,001,1643700,113932,113300,2537,115837,1320
2021-09-18,Alpine,002,1148,99,100,0,100,0
2021-09-18,Amador,005,37829,4952,4850,48,4898,59
2021-09-18,Butte,007,227075,18565,17961,3348,21309,230
2021-09-18,Calaveras,009,45235,3467,3361,35,3396,66
2021-09-18,Colusa,011,21464,2398,2373,536,2909,16
2021-09-18,Contra Costa,013,1133247,94588,93656,1893,95549,924
2021-09-18,Del Norte,015,27424,3460,3326,25,3351,34
2021-09-18,El Dorado,017,186661,14761,14472,1499,15971,127
2021-09-18,Fresno,019,978130,127114,124771,11368,136139,1889
2021-09-18,Glenn,021,27897,3192,3086,912,3998,25
2021-09-18,Humboldt,023,135768,8053,7881,394,8275,80
2021-09-18,Imperial,025,180216,31350,31096,2935,34031,755
2021-09-18,Inyo,027,18085,1673,1636,31,1667,39
2021-09-18,Kern,029,883053,116927,114781,17904,132685,1459
2021-09-18,Kings,031,150075,28928,28330,1613,29943,285
2021-09-18,Lake,033,64148,6107,5936,119,6055,87
2021-09-18,Lassen,035,31185,6296,6121,263,6384,25
2021-09-18,Los Angeles,037,10098052,1393429,1379880,50587,1430467,25849
2021-09-18,Madera,039,155013,20642,20126,1624,21750,257
2021-09-18,Marin,041,260295,16868,16685,385,17070,242
2021-09-18,Mariposa,043,17540,924,871,32,903,5
2021-09-18,Mendocino,045,87422,6713,6523,322,6845,67
2021-09-18,Merced,047,269075,38331,37977,1468,39445,535
2021-09-18,Modoc,049,8938,464,457,159,616,5
2021-09-18,Mono,051,14174,1514,1480,18,1498,3
2021-09-18,Monterey,053,433212,47300,46466,2513,48979,565
2021-09-18,Napa,055,140530,12273,12168,83,12251,95
2021-09-18,Nevada,057,99092,8314,8183,270,8453,84
2021-09-18,Orange,059,3164182,296512,293005,13821,306826,5354
2021-09-18,Placer,061,380077,33932,33309,3158,36467,364
2021-09-18,Plumas,063,18699,1263,1204,24,1228,5
2021-09-18,Riverside,065,2383286,346382,341136,15672,356808,4802
2021-09-18,Sacramento,067,1510023,147486,146162,3700,149862,2016
2021-09-18,San Benito,069,59416,6948,6937,140,7077,67
2021-09-18,San Bernardino,071,2135413,339296,336380,10462,346842,5501
2021-09-18,San Diego,073,3302833,352750,348848,20778,369626,4006
2021-09-18,San Francisco,075,870044,50099,49359,2100,51459,605
2021-09-18,San Joaquin,077,732212,93500,92242,4915,97157,1615
2021-09-18,San Luis Obispo,079,281455,27706,27181,1078,28259,313
2021-09-18,San Mateo,081,765935,51790,50961,767,51728,567
2021-09-18,Santa Barbara,083,443738,41872,41465,1446,42911,500
2021-09-18,Santa Clara,085,1922200,140553,139233,1076,140309,1841
2021-09-18,Santa Cruz,087,273765,19335,19079,958,20037,211
2021-09-18,Shasta,089,179085,18327,17777,2958,20735,258
2021-09-18,Sierra,091,2930,129,125,13,138,0
2021-09-18,Siskiyou,093,43540,3020,2875,1032,3907,35
2021-09-18,Solano,095,438530,43838,42966,1118,44084,312
2021-09-18,Sonoma,097,501317,39182,38891,475,39366,369
2021-09-18,Stanislaus,099,539301,72081,71587,8031,79618,1091
2021-09-18,Sutter,101,95872,12949,12829,241,13070,153
2021-09-18,Tehama,103,63373,7252,7055,1168,8223,84
2021-09-18,Trinity,105,12862,715,561,189,750,7
2021-09-18,Tulare,107,460477,61678,60003,12412,72415,896
2021-09-18,Tuolumne,109,53932,6166,6069,74,6143,89
2021-09-18,Ventura,111,848112,94409,93424,4064,97488,1120
2021-09-18,Yolo,113,214977,18474,18213,822,19035,239
2021-09-18,Yuba,115,75493,9185,9061,201,9262,61
2021-09-17,Alameda,001,1643700,113806,113070,2535,115605,1320
2021-09-17,Alpine,002,1148,99,99,0,99,0
2021-09-17,Amador,005,37829,4936,4835,47,4882,58
2021-09-17,Butte,007,227075,18513,17870,3336,21206,230
2021-09-17,Calaveras,009,45235,3455,3338,34,3372,66
2021-09-17,Colusa,011,21464,2397,2369,531,2900,16
2021-09-17,Contra Costa,013,1133247,94485,93485,1890,95375,924
2021-09-17,Del Norte,015,27424,3455,3311,23,3334,34
2021-09-17,El Dorado,017,186661,14742,14421,1497,15918,127
2021-09-17,Fresno,019,978130,126895,124296,11352,135648,1882
2021-09-17,Glenn,021,27897,3175,3072,908,3980,25
2021-09-17,Humboldt,023,135768,8032,7850,394,8244,80
2021-09-17,Imperial,025,180216,31324,31031,2934,33965,755
2021-09-17,Inyo,027,18085,1665,1634,31,1665,39
2021-09-17,Kern,029,883053,116736,114303,17807,132110,1456
2021-09-17,Kings,031,150075,28863,28240,1611,29851,281
2021-09-17,Lake,033,64148,6094,5915,119,6034,87
2021-09-17,Lassen,035,31185,6281,6080,261,6341,25
2021-09-17,Los Angeles,037,10098052,1392450,1377905,50521,1428426,25820
2021-09-17,Madera,039,155013,20592,20040,1612,21652,257
2021-09-17,Marin,041,260295,16855,16658,383,17041,242
2021-09-17,Mariposa,043,17540,922,869,32,901,5
2021-09-17,Mendocino,045,87422,6694,6498,322,6820,67
2021-09-17,Merced,047,269075,38285,37803,1466,39269,533
2021-09-17,Modoc,049,8938,464,456,159,615,5
2021-09-17,Mono,051,14174,1510,1457,18,1475,3
2021-09-17,Monterey,053,433212,47277,46421,2512,48933,564
2021-09-17,Napa,055,140530,12252,12153,83,12236,95
2021-09-17,Nevada,057,99092,8299,8157,270,8427,84
2021-09-17,Orange,059,3164182,296293,292685,13803,306488,5346
2021-09-17,Placer,061,380077,33872,33188,3148,36336,362
2021-09-17,Plumas,063,18699,1254,1192,23,1215,5
2021-09-17,Riverside,065,2383286,345982,340445,15661,356106,4792
2021-09-17,Sacramento,067,1510023,147286,145985,3689,149674,1999
2021-09-17,San Benito,069,59416,6945,6929,140,7069,67
2021-09-17,San Bernardino,071,2135413,338936,335810,10455,346265,5488
2021-09-17,San Diego,073,3302833,352327,348098,20761,368859,4002
2021-09-17,San Francisco,075,870044,50048,49249,2095,51344,605
2021-09-17,San Joaquin,077,732212,93362,91977,4904,96881,1610
2021-09-17,San Luis Obispo,079,281455,27672,27102,1067,28169,311
2021-09-17,San Mateo,081,765935,51737,50854,766,51620,564
2021-09-17,Santa Barbara,083,443738,41809,41354,1445,42799,498
2021-09-17,Santa Clara,085,1922200,140404,138939,1075,140014,1838
2021-09-17,Santa Cruz,087,273765,19311,19039,958,19997,211
2021-09-17,Shasta,089,179085,18257,17617,2945,20562,254
2021-09-17,Sierra,091,2930,129,124,13,137,0
2021-09-17,Siskiyou,093,43540,3005,2852,1032,3884,35
2021-09-17,Solano,095,438530,43775,42898,1114,44012,312
2021-09-17,Sonoma,097,501317,39145,38808,474,39282,369
2021-09-17,Stanislaus,099,539301,71974,71408,8013,79421,1091
2021-09-17,Sutter,101,95872,12933,12799,238,13037,153
2021-09-17,Tehama,103,63373,7229,7020,1156,8176,84
2021-09-17,Trinity,105,12862,710,556,188,744,7
2021-09-17,Tulare,107,460477,61563,59689,12377,72066,895
2021-09-17,Tuolumne,109,53932,6147,6047,74,6121,89
2021-09-17,Ventura,111,848112,94297,93273,4062,97335,1116
2021-09-17,Yolo,113,214977,18443,18177,818,18995,239
2021-09-17,Yuba,115,75493,9158,9019,200,9219,61
2021-09-16,Alameda,001,1643700,113629,112770,2532,115302,1318
2021-09-16,Alpine,002,1148,99,99,0,99,0
2021-09-16,Amador,005,37829,4916,4819,47,4866,58
2021-09-16,Butte,007,227075,18438,17750,3320,21070,230
2021-09-16,Calaveras,009,45235,3424,3313,34,3347,66
2021-09-16,Colusa,011,21464,2395,2363,529,2892,16
2021-09-16,Contra Costa,013,1133247,94313,93213,1882,95095,917
2021-09-16,Del Norte,015,27424,3437,3285,23,3308,34
2021-09-16,El Dorado,017,186661,14701,14372,1489,15861,127
2021-09-16,Fresno,019,978130,126539,123853,11311,135164,1868
2021-09-16,Glenn,021,27897,3165,3068,906,3974,24
2021-09-16,Humboldt,023,135768,7999,7809,386,8195,80
2021-09-16,Imperial,025,180216,31281,30966,2926,33892,753
2021-09-16,Inyo,027,18085,1663,1623,31,1654,39
2021-09-16,Kern,029,883053,116464,113828,17740,131568,1448
2021-09-16,Kings,031,150075,28777,28114,1603,29717,280
2021-09-16,Lake,033,64148,6070,5890,116,6006,87
2021-09-16,Lassen,035,31185,6246,6028,256,6284,25
2021-09-16,Los Angeles,037,10098052,1391058,1376277,50456,1426733,25796
2021-09-16,Madera,039,155013,20514,19974,1607,21581,257
2021-09-16,Marin,041,260295,16828,16625,382,17007,242
2021-09-16,Mariposa,043,17540,916,849,32,881,6
2021-09-16,Mendocino,045,87422,6656,6445,311,6756,67
2021-09-16,Merced,047,269075,38178,37675,1464,39139,532
2021-09-16,Modoc,049,8938,462,455,159,614,5
2021-09-16,Mono,051,14174,1504,1449,18,1467,3
2021-09-16,Monterey,053,433212,47223,46342,2506,48848,562
2021-09-16,Napa,055,140530,12227,12115,79,12194,95
2021-09-16,Nevada,057,99092,8272,8121,269,8390,84
2021-09-16,Orange,059,3164182,295947,292183,13783,305966,5340
2021-09-16,Placer,061,380077,33776,33037,3128,36165,354
2021-09-16,Plumas,063,18699,1245,1178,23,1201,5
2021-09-16,Riverside,065,2383286,345452,339770,15647,355417,4786
2021-09-16,Sacramento,067,1510023,146930,145754,3657,149411,1996
2021-09-16,San Benito,069,59416,6933,6913,139,7052,67
2021-09-16,San Bernardino,071,2135413,338513,335129,10448,345577,5474
2021-09-16,San Diego,073,3302833,351713,347472,20722,368194,3994
2021-09-16,San Francisco,075,870044,49962,49133,2087,51220,605
2021-09-16,San Joaquin,077,732212,93124,91650,4861,96511,1608
2021-09-16,San Luis Obispo,079,281455,27599,27044,1063,28107,310
2021-09-16,San Mateo,081,765935,51659,50773,764,51537,564
2021-09-16,Santa Barbara,083,443738,41743,41272,1442,42714,497
2021-09-16,Santa Clara,085,1922200,140250,138685,1071,139756,1835
2021-09-16,Santa Cruz,087,273765,19284,19011,958,19969,211
2021-09-16,Shasta,089,179085,18132,17438,2912,20350,251
2021-09-16,Sierra,091,2930,129,123,13,136,0
2021-09-16,Siskiyou,093,43540,2985,2819,1025,3844,35
2021-09-16,Solano,095,438530,43703,42792,1105,43897,312
2021-09-16,Sonoma,097,501317,39082,38707,473,39180,369
2021-09-16,Stanislaus,099,539301,71741,71105,7997,79102,1091
2021-09-16,Sutter,101,95872,12889,12729,233,12962,152
2021-09-16,Tehama,103,63373,7189,6953,1145,8098,83
2021-09-16,Trinity,105,12862,707,547,187,734,7
2021-09-16,Tulare,107,460477,61341,59459,12305,71764,894
2021-09-16,Tuolumne,109,53932,6125,5999,73,6072,89
2021-09-16,Ventura,111,848112,94157,93087,4058,97145,1110
2021-09-16,Yolo,113,214977,18411,18135,816,18951,239
2021-09-16,Yuba,115,75493,9124,8981,197,9178,61
2021-09-15,Alameda,001,1643700,113463,112498,2525,115023,1317
2021-09-15,Alpine,002,1148,99,99,0,99,0
2021-09-15,Amador,005,37829,4908,4792,47,4839,58
2021-09-15,Butte,007,227075,18340,17664,3300,20964,228
2021-09-15,Calaveras,009,45235,3395,3293,32,3325,66
2021-09-15,Colusa,011,21464,2393,2352,526,2878,16
2021-09-15,Contra Costa,013,1133247,94131,92989,1871,94860,913
2021-09-15,Del Norte,015,27424,3424,3271,21,3292,34
2021-09-15,El Dorado,017,186661,14674,14309,1480,15789,127
2021-09-15,Fresno,019,978130,126160,123370,11255,134625,1867
2021-09-15,Glenn,021,27897,3153,3051,901,3952,20
2021-09-15,Humboldt,023,135768,7963,7754,381,8135,52
2021-09-15,Imperial,025,180216,31226,30891,2921,33812,753
2021-09-15,Inyo,027,18085,1659,1614,31,1645,39
2021-09-15,Kern,029,883053,116118,113546,17642,131188,1434
2021-09-15,Kings,031,150075,28698,27991,1595,29586,279
2021-09-15,Lake,033,64148,6037,5852,115,5967,85
2021-09-15,Lassen,035,31185,6186,6018,251,6269,25
2021-09-15,Los Angeles,037,10098052,1389554,1374307,50387,1424694,25767
2021-09-15,Madera,039,155013,20439,19880,1600,21480,257
2021-09-15,Marin,041,260295,16793,16592,377,16969,242
2021-09-15,Mariposa,043,17540,904,843,32,875,5
2021-09-15,Mendocino,045,87422,6626,6399,306,6705,66
2021-09-15,Merced,047,269075,38070,37508,1462,38970,529
2021-09-15,Modoc,049,8938,462,454,159,613,5
2021-09-15,Mono,051,14174,1498,1445,18,1463,3
2021-09-15,Monterey,053,433212,47153,46317,2495,48812,562
2021-09-15,Napa,055,140530,12206,12082,79,12161,95
2021-09-15,Nevada,057,99092,8250,8081,266,8347,84
2021-09-15,Orange,059,3164182,295623,291834,13764,305598,5328
2021-09-15,Placer,061,380077,33664,32860,3107,35967,352
2021-09-15,Plumas,063,18699,1240,1164,22,1186,5
2021-09-15,Riverside,065,2383286,344869,339077,15623,354700,4769
2021-09-15,Sacramento,067,1510023,146504,145202,3625,148827,1981
2021-09-15,San Benito,069,59416,6930,6902,139,7041,67
2021-09-15,San Bernardino,071,2135413,338051,334556,10434,344990,5470
2021-09-15,San Diego,073,3302833,351093,346933,20694,367627,3983
2021-09-15,San Francisco,075,870044,49851,48999,2082,51081,605
2021-09-15,San Joaquin,077,732212,92848,91322,4821,96143,1607
2021-09-15,San Luis Obispo,079,281455,27516,26943,1057,28000,306
2021-09-15,San Mateo,081,765935,51577,50691,761,51452,564
2021-09-15,Santa Barbara,083,443738,41640,41077,1438,42515,497
2021-09-15,Santa Clara,085,1922200,140076,138410,1066,139476,1833
2021-09-15,Santa Cruz,087,273765,19246,18984,956,19940,210
2021-09-15,Shasta,089,179085,18021,17317,2891,20208,250
2021-09-15,Sierra,091,2930,129,123,13,136,0
2021-09-15,Siskiyou,093,43540,2965,2804,995,3799,35
2021-09-15,Solano,095,438530,43631,42682,1100,43782,312
2021-09-15,Sonoma,097,501317,39025,38629,473,39102,369
2021-09-15,Stanislaus,099,539301,71517,70852,7975,78827,1091
2021-09-15,Sutter,101,95872,12856,12699,228,12927,151
2021-09-15,Tehama,103,63373,7148,6894,1136,8030,79
2021-09-15,Trinity,105,12862,705,541,185,726,7
2021-09-15,Tulare,107,460477,61082,59149,12244,71393,890
2021-09-15,Tuolumne,109,53932,6099,5969,73,6042,89
2021-09-15,Ventura,111,848112,94014,92960,4051,97011,1109
2021-09-15,Yolo,113,214977,18377,18064,810,18874,239
2021-09-15,Yuba,115,75493,9090,8953,197,9150,61
2021-09-14,Alameda,001,1643700,113256,112329,2522,114851,1316
2021-09-14,Alpine,002,1148,99,98,0,98,0
2021-09-14,Amador,005,37829,4888,4790,47,4837,57
2021-09-14,Butte,007,227075,18207,17516,3276,20792,226
2021-09-14,Calaveras,009,45235,3375,3280,29,3309,66
2021-09-14,Colusa,011,21464,2389,2344,523,2867,16
2021-09-14,Contra Costa,013,1133247,93933,92822,1863,94685,908
2021-09-14,Del Norte,015,27424,3408,3252,21,3273,32
2021-09-14,El Dorado,017,186661,14621,14247,1472,15719,123
2021-09-14,Fresno,019,978130,125685,123151,11203,134354,1856
2021-09-14,Glenn,021,27897,3136,3045,897,3942,20
2021-09-14,Humboldt,023,135768,7929,7717,376,8093,52
2021-09-14,Imperial,025,180216,31177,30845,2918,33763,752
2021-09-14,Inyo,027,18085,1650,1605,30,1635,39
2021-09-14,Kern,029,883053,115735,113250,17519,130769,1428
2021-09-14,Kings,031,150075,28622,27955,1587,29542,278
2021-09-14,Lake,033,64148,6005,5845,115,5960,83
2021-09-14,Lassen,035,31185,6172,5977,246,6223,25
2021-09-14,Los Angeles,037,10098052,1387718,1372831,50307,1423138,25729
2021-09-14,Madera,039,155013,20357,19800,1589,21389,254
2021-09-14,Marin,041,260295,16765,16584,375,16959,242
2021-09-14,Mariposa,043,17540,893,834,31,865,5
2021-09-14,Mendocino,045,87422,6590,6372,295,6667,65
2021-09-14,Merced,047,269075,37919,37430,1458,38888,526
2021-09-14,Modoc,049,8938,461,453,159,612,5
2021-09-14,Mono,051,14174,1494,1440,18,1458,4
2021-09-14,Monterey,053,433212,47112,46224,2484,48708,558
2021-09-14,Napa,055,140530,12173,12070,78,12148,91
2021-09-14,Nevada,057,99092,8216,8056,266,8322,83
2021-09-14,Orange,059,3164182,295230,291423,13740,305163,5319
2021-09-14,Placer,061,380077,33532,32735,3087,35822,350
2021-09-14,Plumas,063,18699,1225,1148,22,1170,5
2021-09-14,Riverside,065,2383286,344228,338534,15592,354126,4748
2021-09-14,Sacramento,067,1510023,146119,145051,3576,148627,1977
2021-09-14,San Benito,069,59416,6920,6887,139,7026,64
2021-09-14,San Bernardino,071,2135413,337554,333968,10409,344377,5465
2021-09-14,San Diego,073,3302833,350433,346204,20643,366847,3966
2021-09-14,San Francisco,075,870044,49717,48998,2080,51078,603
2021-09-14,San Joaquin,077,732212,92609,91128,4812,95940,1596
2021-09-14,San Luis Obispo,079,281455,27443,26845,1052,27897,304
2021-09-14,San Mateo,081,765935,51480,50602,758,51360,564
2021-09-14,Santa Barbara,083,443738,41544,40783,1429,42212,495
2021-09-14,Santa Clara,085,1922200,139841,138321,1063,139384,1828
2021-09-14,Santa Cruz,087,273765,19206,18965,954,19919,210
2021-09-14,Shasta,089,179085,17890,17152,2870,20022,246
2021-09-14,Sierra,091,2930,129,123,13,136,0
2021-09-14,Siskiyou,093,43540,2941,2756,978,3734,35
2021-09-14,Solano,095,438530,43548,42599,1097,43696,307
2021-09-14,Sonoma,097,501317,38956,38595,469,39064,369
2021-09-14,Stanislaus,099,539301,71257,70697,7947,78644,1091
2021-09-14,Sutter,101,95872,12814,12670,221,12891,149
2021-09-14,Tehama,103,63373,7094,6859,1128,7987,80
2021-09-14,Trinity,105,12862,699,538,184,722,7
2021-09-14,Tulare,107,460477,60829,58961,12173,71134,888
2021-09-14,Tuolumne,109,53932,6078,5951,71,6022,89
2021-09-14,Ventura,111,848112,93829,92841,4034,96875,1107
2021-09-14,Yolo,113,214977,18333,18039,805,18844,239
2021-09-14,Yuba,115,75493,9054,8928,197,9125,61
2021-09-13,Alameda,001,1643700,113042,112159,2517,114676,1309
2021-09-13,Alpine,002,1148,98,98,0,98,0
2021-09-13,Amador,005,37829,4870,4761,47,4808,56
2021-09-13,Butte,007,227075,18083,17393,3247,20640,225
2021-09-13,Calaveras,009,45235,3349,3253,27,3280,65
2021-09-13,Colusa,011,21464,2380,2346,519,2865,16
2021-09-13,Contra Costa,013,1133247,93687,92658,1858,94516,908
2021-09-13,Del Norte,015,27424,3372,3232,21,3253,28
2021-09-13,El Dorado,017,186661,14560,14194,1464,15658,119
2021-09-13,Fresno,019,978130,125218,122650,11137,133787,1853
2021-09-13,Glenn,021,27897,3122,3026,891,3917,20
2021-09-13,Humboldt,023,135768,7896,7659,373,8032,52
2021-09-13,Imperial,025,180216,31124,30802,2915,33717,751
2021-09-13,Inyo,027,18085,1643,1602,30,1632,39
2021-09-13,Kern,029,883053,115351,112930,17397,130327,1424
2021-09-13,Kings,031,150075,28512,27858,1575,29433,275
2021-09-13,Lake,033,64148,5983,5809,115,5924,82
2021-09-13,Lassen,035,31185,6137,5953,245,6198,25
2021-09-13,Los Angeles,037,10098052,1385853,1371423,50241,1421664,25703
2021-09-13,Madera,039,155013,20287,19735,1574,21309,252
2021-09-13,Marin,041,260295,16729,16557,374,16931,242
2021-09-13,Mariposa,043,17540,879,825,31,856,5
2021-09-13,Mendocino,045,87422,6555,6323,286,6609,61
2021-09-13,Merced,047,269075,37769,37291,1453,38744,521
2021-09-13,Modoc,049,8938,460,451,159,610,5
2021-09-13,Mono,051,14174,1488,1435,18,1453,3
2021-09-13,Monterey,053,433212,47022,46188,2471,48659,558
2021-09-13,Napa,055,140530,12155,12039,78,12117,91
2021-09-13,Nevada,057,99092,8190,8021,264,8285,83
2021-09-13,Orange,059,3164182,294797,291128,13718,304846,5312
2021-09-13,Placer,061,380077,33367,32617,3070,35687,343
2021-09-13,Plumas,063,18699,1216,1142,22,1164,5
2021-09-13,Riverside,065,2383286,343582,337876,15574,353450,4731
2021-09-13,Sacramento,067,1510023,145631,144537,3542,148079,1956
2021-09-13,San Benito,069,59416,6904,6867,138,7005,64
2021-09-13,San Bernardino,071,2135413,337063,333613,10384,343997,5441
2021-09-13,San Diego,073,3302833,349646,345647,20591,366238,3961
2021-09-13,San Francisco,075,870044,49587,48914,2074,50988,603
2021-09-13,San Joaquin,077,732212,92324,90966,4794,95760,1581
2021-09-13,San Luis Obispo,079,281455,27346,26805,1049,27854,300
2021-09-13,San Mateo,081,765935,51388,50525,753,51278,564
2021-09-13,Santa Barbara,083,443738,41425,40661,1422,42083,494
2021-09-13,Santa Clara,085,1922200,139596,138152,1058,139210,1820
2021-09-13,Santa Cruz,087,273765,19166,18917,953,19870,210
2021-09-13,Shasta,089,179085,17760,17033,2830,19863,243
2021-09-13,Sierra,091,2930,129,123,13,136,0
2021-09-13,Siskiyou,093,43540,2926,2745,966,3711,35
2021-09-13,Solano,095,438530,43444,42501,1094,43595,306
2021-09-13,Sonoma,097,501317,38889,38513,466,38979,368
2021-09-13,Stanislaus,099,539301,71002,70477,7911,78388,1091
2021-09-13,Sutter,101,95872,12756,12624,217,12841,145
2021-09-13,Tehama,103,63373,7031,6803,1116,7919,79
2021-09-13,Trinity,105,12862,697,533,182,715,7
2021-09-13,Tulare,107,460477,60545,58768,12113,70881,887
2021-09-13,Tuolumne,109,53932,6048,5909,71,5980,89
2021-09-13,Ventura,111,848112,93667,92679,4027,96706,1107
2021-09-13,Yolo,113,214977,18289,17974,799,18773,239
2021-09-13,Yuba,115,75493,9009,8884,196,9080,61
2021-09-12,Alameda,001,1643700,112781,111961,2514,114475,1309
2021-09-12,Alpine,002,1148,98,98,0,98,0
2021-09-12,Amador,005,37829,4849,4752,47,4799,56
2021-09-12,Butte,007,227075,17938,17257,3200,20457,221
2021-09-12,Calaveras,009,45235,3318,3236,23,3259,65
2021-09-12,Colusa,011,21464,2377,2344,518,2862,16
2021-09-12,Contra Costa,013,1133247,93419,92498,1846,94344,908
2021-09-12,Del Norte,015,27424,3337,3200,21,3221,28
2021-09-12,El Dorado,017,186661,14487,14167,1448,15615,119
2021-09-12,Fresno,019,978130,124698,122407,11080,133487,1853
2021-09-12,Glenn,021,27897,3105,3016,885,3901,20
2021-09-12,Humboldt,023,135768,7826,7636,362,7998,52
2021-09-12,Imperial,025,180216,31061,30790,2910,33700,751
2021-09-12,Inyo,027,18085,1633,1596,30,1626,39
2021-09-12,Kern,029,883053,114939,112602,17238,129840,1424
2021-09-12,Kings,031,150075,28401,27764,1558,29322,274
2021-09-12,Lake,033,64148,5943,5781,113,5894,82
2021-09-12,Lassen,035,31185,6100,5943,236,6179,25
2021-09-12,Los Angeles,037,10098052,1383794,1365968,50168,1416136,25630
2021-09-12,Madera,039,155013,20200,19691,1562,21253,252
2021-09-12,Marin,041,260295,16706,16526,374,16900,242
2021-09-12,Mariposa,043,17540,868,811,29,840,5
2021-09-12,Mendocino,045,87422,6515,6283,277,6560,61
2021-09-12,Merced,047,269075,37597,37172,1442,38614,521
2021-09-12,Modoc,049,8938,460,451,158,609,5
2021-09-12,Mono,051,14174,1481,1431,18,1449,3
2021-09-12,Monterey,053,433212,46923,46167,2461,48628,558
2021-09-12,Napa,055,140530,12125,12011,78,12089,91
2021-09-12,Nevada,057,99092,8150,7987,263,8250,83
2021-09-12,Orange,059,3164182,294335,290718,13697,304415,5312
2021-09-12,Placer,061,380077,33218,32520,3048,35568,343
2021-09-12,Plumas,063,18699,1197,1138,22,1160,5
2021-09-12,Riverside,065,2383286,342898,337332,15540,352872,4731
2021-09-12,Sacramento,067,1510023,145124,144030,3503,147533,1959
2021-09-12,San Benito,069,59416,6885,6852,137,6989,64
2021-09-12,San Bernardino,071,2135413,336452,333049,10371,343420,5439
2021-09-12,San Diego,073,3302833,348836,345058,20515,365573,3942
2021-09-12,San Francisco,075,870044,49476,48819,2067,50886,603
2021-09-12,San Joaquin,077,732212,91995,90730,4786,95516,1581
2021-09-12,San Luis Obispo,079,281455,27227,26729,1036,27765,299
2021-09-12,San Mateo,081,765935,51277,50432,749,51181,564
2021-09-12,Santa Barbara,083,443738,41313,40600,1415,42015,494
2021-09-12,Santa Clara,085,1922200,139339,137899,1055,138954,1820
2021-09-12,Santa Cruz,087,273765,19133,18892,952,19844,210
2021-09-12,Shasta,089,179085,17595,16957,2772,19729,243
2021-09-12,Sierra,091,2930,129,123,13,136,0
2021-09-12,Siskiyou,093,43540,2898,2730,951,3681,35
2021-09-12,Solano,095,438530,43338,42409,1091,43500,306
2021-09-12,Sonoma,097,501317,38809,38456,464,38920,368
2021-09-12,Stanislaus,099,539301,70703,70184,7872,78056,1091
2021-09-12,Sutter,101,95872,12714,12589,211,12800,145
2021-09-12,Tehama,103,63373,6967,6732,1104,7836,79
2021-09-12,Trinity,105,12862,693,529,180,709,7
2021-09-12,Tulare,107,460477,60192,58582,12053,70635,887
2021-09-12,Tuolumne,109,53932,6015,5888,71,5959,89
2021-09-12,Ventura,111,848112,93540,92496,4021,96517,1107
2021-09-12,Yolo,113,214977,18223,17943,791,18734,239
2021-09-12,Yuba,115,75493,8974,8842,196,9038,61
2021-09-11,Alameda,001,1643700,112657,111715,2512,114227,1309
2021-09-11,Alpine,002,1148,98,98,0,98,0
2021-09-11,Amador,005,37829,4836,4728,46,4774,56
2021-09-11,Butte,007,227075,17855,17218,3173,20391,221
2021-09-11,Calaveras,009,45235,3310,3208,22,3230,65
2021-09-11,Colusa,011,21464,2376,2338,515,2853,16
2021-09-11,Contra Costa,013,1133247,93300,92269,1842,94111,908
2021-09-11,Del Norte,015,27424,3321,3184,21,3205,28
2021-09-11,El Dorado,017,186661,14468,14117,1441,15558,119
2021-09-11,Fresno,019,978130,124519,122224,11055,133279,1853
2021-09-11,Glenn,021,27897,3095,3007,882,3889,20
2021-09-11,Humboldt,023,135768,7804,7615,359,7974,52
2021-09-11,Imperial,025,180216,31036,30760,2907,33667,751
2021-09-11,Inyo,027,18085,1630,1590,30,1620,39
2021-09-11,Kern,029,883053,114689,112205,17124,129329,1424
2021-09-11,Kings,031,150075,28352,27631,1552,29183,275
2021-09-11,Lake,033,64148,5922,5761,113,5874,82
2021-09-11,Lassen,035,31185,6085,5930,232,6162,25
2021-09-11,Los Angeles,037,10098052,1382821,1365831,50103,1415934,25630
2021-09-11,Madera,039,155013,20148,19648,1557,21205,252
2021-09-11,Marin,041,260295,16678,16496,373,16869,242
2021-09-11,Mariposa,043,17540,863,799,29,828,5
2021-09-11,Mendocino,045,87422,6491,6257,277,6534,61
2021-09-11,Merced,047,269075,37543,37042,1439,38481,521
2021-09-11,Modoc,049,8938,460,449,158,607,5
2021-09-11,Mono,051,14174,1475,1431,18,1449,3
2021-09-11,Monterey,053,433212,46886,46140,2458,48598,558
2021-09-11,Napa,055,140530,12102,11991,78,12069,91
2021-09-11,Nevada,057,99092,8135,7967,263,8230,83
2021-09-11,Orange,059,3164182,294033,290429,13681,304110,5306
2021-09-11,Placer,061,380077,33135,32414,3037,35451,344
2021-09-11,Plumas,063,18699,1190,1112,22,1134,5
2021-09-11,Riverside,065,2383286,342460,336585,15527,352112,4731
2021-09-11,Sacramento,067,1510023,144824,143557,3491,147048,1955
2021-09-11,San Benito,069,59416,6872,6844,137,6981,64
2021-09-11,San Bernardino,071,2135413,336109,332512,10357,342869,5430
2021-09-11,San Diego,073,3302833,348352,344355,20491,364846,3942
2021-09-11,San Francisco,075,870044,49420,48660,2063,50723,603
2021-09-11,San Joaquin,077,732212,91852,90482,4779,95261,1581
2021-09-11,San Luis Obispo,079,281455,27181,26651,1035,27686,299
2021-09-11,San Mateo,081,765935,51205,50341,748,51089,564
2021-09-11,Santa Barbara,083,443738,41240,40451,1415,41866,494
2021-09-11,Santa Clara,085,1922200,139186,137659,1052,138711,1820
2021-09-11,Santa Cruz,087,273765,19104,18865,952,19817,210
2021-09-11,Shasta,089,179085,17501,16877,2752,19629,243
2021-09-11,Sierra,091,2930,129,123,13,136,0
2021-09-11,Siskiyou,093,43540,2881,2717,948,3665,35
2021-09-11,Solano,095,438530,43287,42344,1088,43432,306
2021-09-11,Sonoma,097,501317,38762,38399,462,38861,368
2021-09-11,Stanislaus,099,539301,70578,69974,7859,77833,1091
2021-09-11,Sutter,101,95872,12688,12538,208,12746,145
2021-09-11,Tehama,103,63373,6946,6703,1096,7799,79
2021-09-11,Trinity,105,12862,686,526,180,706,7
2021-09-11,Tulare,107,460477,60080,58321,12007,70328,889
2021-09-11,Tuolumne,109,53932,5996,5879,68,5947,89
2021-09-11,Ventura,111,848112,93458,92328,4016,96344,1107
2021-09-11,Yolo,113,214977,18198,17906,788,18694,239
2021-09-11,Yuba,115,75493,8949,8813,196,9009,61
2021-09-10,Alameda,001,1643700,112466,111386,2511,113897,1306
2021-09-10,Alpine,002,1148,97,97,0,97,0
2021-09-10,Amador,005,37829,4824,4706,46,4752,56
2021-09-10,Butte,007,227075,17780,17051,3155,20206,222
2021-09-10,Calaveras,009,45235,3302,3183,22,3205,65
2021-09-10,Colusa,011,21464,2372,2327,512,2839,16
2021-09-10,Contra Costa,013,1133247,93177,92024,1840,93864,908
2021-09-10,Del Norte,015,27424,3306,3128,20,3148,28
2021-09-10,El Dorado,017,186661,14438,14051,1437,15488,119
2021-09-10,Fresno,019,978130,124195,121659,11027,132686,1846
2021-09-10,Glenn,021,27897,3088,2977,881,3858,20
2021-09-10,Humboldt,023,135768,7772,7543,355,7898,52
2021-09-10,Imperial,025,180216,31013,30716,2905,33621,751
2021-09-10,Inyo,027,18085,1626,1590,30,1620,39
2021-09-10,Kern,029,883053,114435,111832,17008,128840,1419
2021-09-10,Kings,031,150075,28278,27473,1545,29018,274
2021-09-10,Lake,033,64148,5906,5713,111,5824,79
2021-09-10,Lassen,035,31185,6077,5914,229,6143,25
2021-09-10,Los Angeles,037,10098052,1381616,1365709,50039,1415748,25630
2021-09-10,Madera,039,155013,20102,19520,1550,21070,252
2021-09-10,Marin,041,260295,16658,16458,370,16828,242
2021-09-10,Mariposa,043,17540,858,795,29,824,5
2021-09-10,Mendocino,045,87422,6459,6184,276,6460,61
2021-09-10,Merced,047,269075,37491,36884,1438,38322,521
2021-09-10,Modoc,049,8938,460,448,158,606,5
2021-09-10,Mono,051,14174,1470,1422,18,1440,3
2021-09-10,Monterey,053,433212,46842,46084,2456,48540,557
2021-09-10,Napa,055,140530,12077,11948,78,12026,90
2021-09-10,Nevada,057,99092,8117,7932,262,8194,83
2021-09-10,Orange,059,3164182,293726,290022,13671,303693,5302
2021-09-10,Placer,061,380077,33033,32264,3024,35288,343
2021-09-10,Plumas,063,18699,1182,1111,22,1133,5
2021-09-10,Riverside,065,2383286,341987,335988,15520,351508,4720
2021-09-10,Sacramento,067,1510023,144481,143244,3483,146727,1950
2021-09-10,San Benito,069,59416,6868,6824,137,6961,64
2021-09-10,San Bernardino,071,2135413,335690,331894,10348,342242,5422
2021-09-10,San Diego,073,3302833,347805,343173,20454,363627,3941
2021-09-10,San Francisco,075,870044,49341,48518,2056,50574,602
2021-09-10,San Joaquin,077,732212,91672,90208,4773,94981,1573
2021-09-10,San Luis Obispo,079,281455,27148,26526,1033,27559,299
2021-09-10,San Mateo,081,765935,51138,50251,747,50998,564
2021-09-10,Santa Barbara,083,443738,41187,40321,1412,41733,492
2021-09-10,Santa Clara,085,1922200,139003,137337,1051,138388,1817
2021-09-10,Santa Cruz,087,273765,19085,18785,951,19736,210
2021-09-10,Shasta,089,179085,17407,16667,2724,19391,242
2021-09-10,Sierra,091,2930,129,117,13,130,0
2021-09-10,Siskiyou,093,43540,2869,2702,944,3646,35
2021-09-10,Solano,095,438530,43213,42230,1081,43311,305
2021-09-10,Sonoma,097,501317,38704,38271,461,38732,368
2021-09-10,Stanislaus,099,539301,70422,69617,7835,77452,1091
2021-09-10,Sutter,101,95872,12654,12468,208,12676,145
2021-09-10,Tehama,103,63373,6913,6652,1090,7742,77
2021-09-10,Trinity,105,12862,682,524,180,704,7
2021-09-10,Tulare,107,460477,59932,57930,11958,69888,883
2021-09-10,Tuolumne,109,53932,5976,5842,68,5910,89
2021-09-10,Ventura,111,848112,93361,92145,4012,96157,1104
2021-09-10,Yolo,113,214977,18172,17825,784,18609,239
2021-09-10,Yuba,115,75493,8930,8760,195,8955,62
2021-09-09,Alameda,001,1643700,112247,111014,2507,113521,1306
2021-09-09,Alpine,002,1148,97,94,0,94,0
2021-09-09,Amador,005,37829,4803,4698,45,4743,56
2021-09-09,Butte,007,227075,17633,16874,3128,20002,221
2021-09-09,Calaveras,009,45235,3268,3165,22,3187,65
2021-09-09,Colusa,011,21464,2365,2321,511,2832,16
2021-09-09,Contra Costa,013,1133247,92967,91687,1835,93522,904
2021-09-09,Del Norte,015,27424,3283,3102,20,3122,28
2021-09-09,El Dorado,017,186661,14381,13970,1427,15397,119
2021-09-09,Fresno,019,978130,123720,121040,10981,132021,1838
2021-09-09,Glenn,021,27897,3076,2947,877,3824,20
2021-09-09,Humboldt,023,135768,7722,7471,349,7820,52
2021-09-09,Imperial,025,180216,30975,30661,2902,33563,751
2021-09-09,Inyo,027,18085,1619,1586,30,1616,39
2021-09-09,Kern,029,883053,114088,111390,16852,128242,1414
2021-09-09,Kings,031,150075,28176,27282,1534,28816,273
2021-09-09,Lake,033,64148,5882,5638,109,5747,79
2021-09-09,Lassen,035,31185,6027,5860,223,6083,25
2021-09-09,Los Angeles,037,10098052,1379749,1363735,49966,1413701,25583
2021-09-09,Madera,039,155013,20029,19401,1537,20938,252
2021-09-09,Marin,041,260295,16635,16416,367,16783,242
2021-09-09,Mariposa,043,17540,845,779,28,807,5
2021-09-09,Mendocino,045,87422,6425,6089,267,6356,61
2021-09-09,Merced,047,269075,37337,36634,1425,38059,516
2021-09-09,Modoc,049,8938,460,448,158,606,5
2021-09-09,Mono,051,14174,1460,1420,18,1438,3
2021-09-09,Monterey,053,433212,46788,45991,2445,48436,556
2021-09-09,Napa,055,140530,12045,11878,78,11956,90
2021-09-09,Nevada,057,99092,8079,7855,262,8117,82
2021-09-09,Orange,059,3164182,293317,289109,13640,302749,5299
2021-09-09,Placer,061,380077,32914,32048,3009,35057,342
2021-09-09,Plumas,063,18699,1171,1098,22,1120,5
2021-09-09,Riverside,065,2383286,341348,334774,15502,350276,4701
2021-09-09,Sacramento,067,1510023,144000,142728,3438,146166,1929
2021-09-09,San Benito,069,59416,6858,6820,136,6956,64
2021-09-09,San Bernardino,071,2135413,335116,331040,10335,341375,5417
2021-09-09,San Diego,073,3302833,347091,342149,20397,362546,3929
2021-09-09,San Francisco,075,870044,49227,48404,2047,50451,597
2021-09-09,San Joaquin,077,732212,91399,89874,4755,94629,1570
2021-09-09,San Luis Obispo,079,281455,27066,26472,1030,27502,296
2021-09-09,San Mateo,081,765935,51017,50143,744,50887,561
2021-09-09,Santa Barbara,083,443738,41081,40180,1408,41588,490
2021-09-09,Santa Clara,085,1922200,138780,137017,1046,138063,1816
2021-09-09,Santa Cruz,087,273765,19039,18728,951,19679,210
2021-09-09,Shasta,089,179085,17261,16401,2683,19084,238
2021-09-09,Sierra,091,2930,129,115,13,128,0
2021-09-09,Siskiyou,093,43540,2846,2683,930,3613,35
2021-09-09,Solano,095,438530,43097,42081,1077,43158,303
2021-09-09,Sonoma,097,501317,38636,38171,460,38631,360
2021-09-09,Stanislaus,099,539301,70142,69178,7803,76981,1074
2021-09-09,Sutter,101,95872,12599,12396,206,12602,144
2021-09-09,Tehama,103,63373,6859,6554,1085,7639,75
2021-09-09,Trinity,105,12862,676,523,178,701,6
2021-09-09,Tulare,107,460477,59691,57564,11899,69463,879
2021-09-09,Tuolumne,109,53932,5948,5802,67,5869,89
2021-09-09,Ventura,111,848112,93216,91610,4003,95613,1098
2021-09-09,Yolo,113,214977,18115,17724,781,18505,239
2021-09-09,Yuba,115,75493,8885,8707,192,8899,55
2021-09-08,Alameda,001,1643700,112003,110781,2505,113286,1305
2021-09-08,Alpine,002,1148,97,94,0,94,0
2021-09-08,Amador,005,37829,4791,4693,45,4738,56
2021-09-08,Butte,007,227075,17499,16775,3108,19883,220
2021-09-08,Calaveras,009,45235,3250,3157,22,3179,63
2021-09-08,Colusa,011,21464,2363,2308,511,2819,16
2021-09-08,Contra Costa,013,1133247,92687,91471,1830,93301,900
2021-09-08,Del Norte,015,27424,3260,3085,20,3105,25
2021-09-08,El Dorado,017,186661,14301,13928,1407,15335,119
2021-09-08,Fresno,019,978130,123220,120644,10917,131561,1831
2021-09-08,Glenn,021,27897,3061,2942,868,3810,20
2021-09-08,Humboldt,023,135768,7677,7438,341,7779,52
2021-09-08,Imperial,025,180216,30942,30609,2889,33498,751
2021-09-08,Inyo,027,18085,1608,1580,30,1610,39
2021-09-08,Kern,029,883053,113690,110933,16714,127647,1409
2021-09-08,Kings,031,150075,28047,27235,1520,28755,267
2021-09-08,Lake,033,64148,5851,5618,107,5725,79
2021-09-08,Lassen,035,31185,6009,5848,216,6064,25
2021-09-08,Los Angeles,037,10098052,1377678,1362029,49880,1411909,25533
2021-09-08,Madera,039,155013,19968,19352,1524,20876,252
2021-09-08,Marin,041,260295,16607,16386,366,16752,242
2021-09-08,Mariposa,043,17540,833,777,27,804,5
2021-09-08,Mendocino,045,87422,6381,6069,258,6327,61
2021-09-08,Merced,047,269075,37176,36500,1413,37913,516
2021-09-08,Modoc,049,8938,460,448,158,606,5
2021-09-08,Mono,051,14174,1454,1418,18,1436,3
2021-09-08,Monterey,053,433212,46739,45959,2439,48398,554
2021-09-08,Napa,055,140530,12010,11842,76,11918,90
2021-09-08,Nevada,057,99092,8044,7843,261,8104,82
2021-09-08,Orange,059,3164182,292907,288511,13617,302128,5290
2021-09-08,Placer,061,380077,32777,31852,2992,34844,337
2021-09-08,Plumas,063,18699,1164,1072,22,1094,5
2021-09-08,Riverside,065,2383286,340590,334037,15477,349514,4683
2021-09-08,Sacramento,067,1510023,143521,142448,3390,145838,1921
2021-09-08,San Benito,069,59416,6840,6800,136,6936,64
2021-09-08,San Bernardino,071,2135413,334510,330279,10318,340597,5411
2021-09-08,San Diego,073,3302833,346174,341437,20346,361783,3926
2021-09-08,San Francisco,075,870044,49088,48263,2043,50306,589
2021-09-08,San Joaquin,077,732212,91118,89631,4731,94362,1561
2021-09-08,San Luis Obispo,079,281455,26972,26303,1025,27328,294
2021-09-08,San Mateo,081,765935,50912,50051,744,50795,561
2021-09-08,Santa Barbara,083,443738,40969,40000,1404,41404,490
2021-09-08,Santa Clara,085,1922200,138547,136836,1042,137878,1810
2021-09-08,Santa Cruz,087,273765,19002,18699,951,19650,210
2021-09-08,Shasta,089,179085,17106,16227,2636,18863,234
2021-09-08,Sierra,091,2930,129,113,13,126,0
2021-09-08,Siskiyou,093,43540,2813,2643,919,3562,35
2021-09-08,Solano,095,438530,43003,41971,1075,43046,302
2021-09-08,Sonoma,097,501317,38552,38075,459,38534,360
2021-09-08,Stanislaus,099,539301,69910,68945,7764,76709,1074
2021-09-08,Sutter,101,95872,12534,12349,203,12552,144
2021-09-08,Tehama,103,63373,6792,6520,1067,7587,75
2021-09-08,Trinity,105,12862,673,520,174,694,6
2021-09-08,Tulare,107,460477,59368,57425,11842,69267,876
2021-09-08,Tuolumne,109,53932,5916,5783,65,5848,89
2021-09-08,Ventura,111,848112,93064,91345,3985,95330,1096
2021-09-08,Yolo,113,214977,18033,17680,777,18457,239
2021-09-08,Yuba,115,75493,8843,8675,190,8865,55
2021-09-07,Alameda,001,1643700,111703,110550,2498,113048,1301
2021-09-07,Alpine,002,1148,96,94,0,94,0
2021-09-07,Amador,005,37829,4764,4679,45,4724,53
2021-09-07,Butte,007,227075,17343,16723,3072,19795,220
2021-09-07,Calaveras,009,45235,3209,3140,20,3160,63
2021-09-07,Colusa,011,21464,2353,2306,509,2815,16
2021-09-07,Contra Costa,013,1133247,92421,91167,1824,92991,891
2021-09-07,Del Norte,015,27424,3246,3081,20,3101,24
2021-09-07,El Dorado,017,186661,14229,13892,1392,15284,119
2021-09-07,Fresno,019,978130,122662,120268,10823,131091,1828
2021-09-07,Glenn,021,27897,3049,2937,862,3799,20
2021-09-07,Humboldt,023,135768,7617,7397,324,7721,52
2021-09-07,Imperial,025,180216,30902,30584,2881,33465,751
2021-09-07,Inyo,027,18085,1602,1579,29,1608,39
2021-09-07,Kern,029,883053,113258,110674,16556,127230,1408
2021-09-07,Kings,031,150075,27923,27169,1502,28671,267
2021-09-07,Lake,033,64148,5808,5597,99,5696,78
2021-09-07,Lassen,035,31185,5991,5842,210,6052,21
2021-09-07,Los Angeles,037,10098052,1375447,1360407,49789,1410196,25486
2021-09-07,Madera,039,155013,19881,19316,1516,20832,249
2021-09-07,Marin,041,260295,16568,16363,366,16729,242
2021-09-07,Mariposa,043,17540,817,771,27,798,5
2021-09-07,Mendocino,045,87422,6321,6036,248,6284,61
2021-09-07,Merced,047,269075,37001,36400,1407,37807,513
2021-09-07,Modoc,049,8938,458,449,158,607,5
2021-09-07,Mono,051,14174,1445,1416,18,1434,3
2021-09-07,Monterey,053,433212,46656,45911,2427,48338,543
2021-09-07,Napa,055,140530,11969,11814,76,11890,90
2021-09-07,Nevada,057,99092,8017,7829,261,8090,82
2021-09-07,Orange,059,3164182,292478,288225,13587,301812,5274
2021-09-07,Placer,061,380077,32624,31710,2964,34674,337
2021-09-07,Plumas,063,18699,1149,1071,22,1093,5
2021-09-07,Riverside,065,2383286,339802,333390,15458,348848,4666
2021-09-07,Sacramento,067,1510023,142982,142364,3343,145707,1905
2021-09-07,San Benito,069,59416,6822,6786,136,6922,64
2021-09-07,San Bernardino,071,2135413,333758,329962,10293,340255,5407
2021-09-07,San Diego,073,3302833,345176,340709,20280,360989,3922
2021-09-07,San Francisco,075,870044,48948,48175,2038,50213,589
2021-09-07,San Joaquin,077,732212,90782,89468,4717,94185,1548
2021-09-07,San Luis Obispo,079,281455,26855,26253,1016,27269,287
2021-09-07,San Mateo,081,765935,50816,49913,743,50656,561
2021-09-07,Santa Barbara,083,443738,40843,39957,1399,41356,489
2021-09-07,Santa Clara,085,1922200,138258,136631,1037,137668,1807
2021-09-07,Santa Cruz,087,273765,18953,18669,949,19618,210
2021-09-07,Shasta,089,179085,16950,16096,2584,18680,226
2021-09-07,Sierra,091,2930,129,111,13,124,0
2021-09-07,Siskiyou,093,43540,2787,2607,902,3509,34
2021-09-07,Solano,095,438530,42873,41862,1071,42933,300
2021-09-07,Sonoma,097,501317,38468,38013,457,38470,358
2021-09-07,Stanislaus,099,539301,69639,68831,7737,76568,1074
2021-09-07,Sutter,101,95872,12460,12310,197,12507,138
2021-09-07,Tehama,103,63373,6740,6482,1047,7529,74
2021-09-07,Trinity,105,12862,667,517,174,691,6
2021-09-07,Tulare,107,460477,59018,57228,11763,68991,874
2021-09-07,Tuolumne,109,53932,5879,5759,65,5824,88
2021-09-07,Ventura,111,848112,92853,91246,3975,95221,1093
2021-09-07,Yolo,113,214977,17963,17653,775,18428,235
2021-09-07,Yuba,115,75493,8800,8642,185,8827,55
2021-09-06,Alameda,001,1643700,111390,110357,2490,112847,1301
2021-09-06,Alpine,002,1148,94,94,0,94,0
2021-09-06,Amador,005,37829,4748,4648,44,4692,53
2021-09-06,Butte,007,227075,17152,16588,3029,19617,218
2021-09-06,Calaveras,009,45235,3187,3122,20,3142,63
2021-09-06,Colusa,011,21464,2346,2306,505,2811,16
2021-09-06,Contra Costa,013,1133247,92125,90971,1814,92785,891
2021-09-06,Del Norte,015,27424,3205,3037,19,3056,24
2021-09-06,El Dorado,017,186661,14160,13848,1376,15224,119
2021-09-06,Fresno,019,978130,122085,119738,10748,130486,1828
2021-09-06,Glenn,021,27897,3020,2912,854,3766,20
2021-09-06,Humboldt,023,135768,7541,7320,306,7626,52
2021-09-06,Imperial,025,180216,30840,30576,2875,33451,751
2021-09-06,Inyo,027,18085,1593,1578,17,1595,39
2021-09-06,Kern,029,883053,112745,110347,16368,126715,1408
2021-09-06,Kings,031,150075,27780,27094,1487,28581,264
2021-09-06,Lake,033,64148,5744,5548,92,5640,78
2021-09-06,Lassen,035,31185,5965,5822,200,6022,21
2021-09-06,Los Angeles,037,10098052,1373071,1359348,49675,1409023,25477
2021-09-06,Madera,039,155013,19778,19191,1493,20684,249
2021-09-06,Marin,041,260295,16528,16356,366,16722,242
2021-09-06,Mariposa,043,17540,805,764,27,791,5
2021-09-06,Mendocino,045,87422,6251,5984,235,6219,61
2021-09-06,Merced,047,269075,36786,36300,1393,37693,513
2021-09-06,Modoc,049,8938,455,449,158,607,5
2021-09-06,Mono,051,14174,1441,1416,18,1434,3
2021-09-06,Monterey,053,433212,46562,45833,2411,48244,541
2021-09-06,Napa,055,140530,11926,11792,75,11867,90
2021-09-06,Nevada,057,99092,7969,7748,259,8007,82
2021-09-06,Orange,059,3164182,291984,287948,13536,301484,5274
2021-09-06,Placer,061,380077,32447,31595,2926,34521,337
2021-09-06,Plumas,063,18699,1128,1068,19,1087,5
2021-09-06,Riverside,065,2383286,338986,333052,15438,348490,4666
2021-09-06,Sacramento,067,1510023,142346,141730,3275,145005,1905
2021-09-06,San Benito,069,59416,6799,6777,133,6910,64
2021-09-06,San Bernardino,071,2135413,332868,329693,10262,339955,5398
2021-09-06,San Diego,073,3302833,344177,340222,20183,360405,3922
2021-09-06,San Francisco,075,870044,48814,48120,2033,50153,589
2021-09-06,San Joaquin,077,732212,90438,89293,4691,93984,1548
2021-09-06,San Luis Obispo,079,281455,26726,26183,1012,27195,286
2021-09-06,San Mateo,081,765935,50686,49859,741,50600,561
2021-09-06,Santa Barbara,083,443738,40712,39876,1390,41266,489
2021-09-06,Santa Clara,085,1922200,137966,136458,1035,137493,1807
2021-09-06,Santa Cruz,087,273765,18905,18615,946,19561,210
2021-09-06,Shasta,089,179085,16769,15985,2530,18515,226
2021-09-06,Sierra,091,2930,129,109,13,122,0
2021-09-06,Siskiyou,093,43540,2743,2595,868,3463,34
2021-09-06,Solano,095,438530,42725,41774,1065,42839,300
2021-09-06,Sonoma,097,501317,38347,37929,456,38385,358
2021-09-06,Stanislaus,099,539301,69297,68596,7693,76289,1074
2021-09-06,Sutter,101,95872,12398,12238,188,12426,138
2021-09-06,Tehama,103,63373,6678,6413,1020,7433,74
2021-09-06,Trinity,105,12862,664,515,172,687,6
2021-09-06,Tulare,107,460477,58658,57068,11682,68750,874
2021-09-06,Tuolumne,109,53932,5843,5697,65,5762,88
2021-09-06,Ventura,111,848112,92676,91132,3963,95095,1093
2021-09-06,Yolo,113,214977,17877,17576,770,18346,235
2021-09-06,Yuba,115,75493,8750,8584,181,8765,55
2021-09-05,Alameda,001,1643700,111197,110173,2487,112660,1301
2021-09-05,Alpine,002,1148,94,94,0,94,0
2021-09-05,Amador,005,37829,4736,4642,44,4686,53
2021-09-05,Butte,007,227075,17062,16504,3000,19504,218
2021-09-05,Calaveras,009,45235,3181,3106,20,3126,63
2021-09-05,Colusa,011,21464,2338,2305,503,2808,16
2021-09-05,Contra Costa,013,1133247,91940,90862,1809,92671,891
2021-09-05,Del Norte,015,27424,3185,3023,19,3042,24
2021-09-05,El Dorado,017,186661,14131,13827,1363,15190,119
2021-09-05,Fresno,019,978130,121787,119384,10707,130091,1828
2021-09-05,Glenn,021,27897,3006,2899,852,3751,20
2021-09-05,Humboldt,023,135768,7508,7312,303,7615,52
2021-09-05,Imperial,025,180216,30811,30548,2873,33421,751
2021-09-05,Inyo,027,18085,1590,1572,17,1589,39
2021-09-05,Kern,029,883053,112446,110073,16209,126282,1408
2021-09-05,Kings,031,150075,27703,26989,1483,28472,264
2021-09-05,Lake,033,64148,5724,5525,92,5617,78
2021-09-05,Lassen,035,31185,5943,5820,196,6016,21
2021-09-05,Los Angeles,037,10098052,1371774,1357748,49608,1407356,25465
2021-09-05,Madera,039,155013,19737,19155,1482,20637,249
2021-09-05,Marin,041,260295,16509,16342,365,16707,242
2021-09-05,Mariposa,043,17540,801,761,27,788,5
2021-09-05,Mendocino,045,87422,6217,5965,235,6200,61
2021-09-05,Merced,047,269075,36711,36243,1391,37634,513
2021-09-05,Modoc,049,8938,455,447,158,605,5
2021-09-05,Mono,051,14174,1441,1416,18,1434,3
2021-09-05,Monterey,053,433212,46534,45795,2402,48197,540
2021-09-05,Napa,055,140530,11901,11770,75,11845,90
2021-09-05,Nevada,057,99092,7947,7722,258,7980,82
2021-09-05,Orange,059,3164182,291696,287614,13519,301133,5274
2021-09-05,Placer,061,380077,32320,31487,2912,34399,337
2021-09-05,Plumas,063,18699,1121,1067,19,1086,5
2021-09-05,Riverside,065,2383286,338531,332604,15426,348030,4654
2021-09-05,Sacramento,067,1510023,141908,141276,3257,144533,1905
2021-09-05,San Benito,069,59416,6798,6764,133,6897,64
2021-09-05,San Bernardino,071,2135413,332484,329062,10246,339308,5392
2021-09-05,San Diego,073,3302833,343625,339427,20142,359569,3914
2021-09-05,San Francisco,075,870044,48735,48035,2029,50064,589
2021-09-05,San Joaquin,077,732212,90272,89121,4674,93795,1548
2021-09-05,San Luis Obispo,079,281455,26676,26098,1011,27109,285
2021-09-05,San Mateo,081,765935,50618,49809,737,50546,561
2021-09-05,Santa Barbara,083,443738,40645,39762,1388,41150,489
2021-09-05,Santa Clara,085,1922200,137756,136146,1033,137179,1807
2021-09-05,Santa Cruz,087,273765,18885,18588,944,19532,210
2021-09-05,Shasta,089,179085,16687,15960,2504,18464,226
2021-09-05,Sierra,091,2930,128,109,13,122,0
2021-09-05,Siskiyou,093,43540,2726,2585,854,3439,34
2021-09-05,Solano,095,438530,42630,41687,1060,42747,300
2021-09-05,Sonoma,097,501317,38262,37881,455,38336,358
2021-09-05,Stanislaus,099,539301,69157,68434,7669,76103,1074
2021-09-05,Sutter,101,95872,12368,12179,182,12361,138
2021-09-05,Tehama,103,63373,6651,6400,1014,7414,74
2021-09-05,Trinity,105,12862,658,505,171,676,6
2021-09-05,Tulare,107,460477,58488,56915,11638,68553,874
2021-09-05,Tuolumne,109,53932,5831,5688,65,5753,88
2021-09-05,Ventura,111,848112,92540,91004,3959,94963,1093
2021-09-05,Yolo,113,214977,17840,17557,765,18322,235
2021-09-05,Yuba,115,75493,8724,8521,179,8700,55
2021-09-04,Alameda,001,1643700,111074,109944,2480,112424,1301
2021-09-04,Alpine,002,1148,94,94,0,94,0
2021-09-04,Amador,005,37829,4718,4637,43,4680,53
2021-09-04,Butte,007,227075,17004,16403,2985,19388,218
2021-09-04,Calaveras,009,45235,3169,3087,19,3106,63
2021-09-04,Colusa,011,21464,2336,2301,503,2804,16
2021-09-04,Contra Costa,013,1133247,91823,90623,1806,92429,891
2021-09-04,Del Norte,015,27424,3174,2984,19,3003,24
2021-09-04,El Dorado,017,186661,14105,13782,1355,15137,119
2021-09-04,Fresno,019,978130,121592,119033,10687,129720,1828
2021-09-04,Glenn,021,27897,2996,2878,846,3724,20
2021-09-04,Humboldt,023,135768,7477,7298,297,7595,52
2021-09-04,Imperial,025,180216,30788,30526,2871,33397,751
2021-09-04,Inyo,027,18085,1588,1571,17,1588,39
2021-09-04,Kern,029,883053,112203,109751,16079,125830,1408
2021-09-04,Kings,031,150075,27616,26896,1477,28373,263
2021-09-04,Lake,033,64148,5706,5507,92,5599,78
2021-09-04,Lassen,035,31185,5928,5814,188,6002,21
2021-09-04,Los Angeles,037,10098052,1370815,1355634,49552,1405186,25454
2021-09-04,Madera,039,155013,19704,19112,1475,20587,249
2021-09-04,Marin,041,260295,16493,16319,364,16683,242
2021-09-04,Mariposa,043,17540,796,759,27,786,5
2021-09-04,Mendocino,045,87422,6181,5933,235,6168,61
2021-09-04,Merced,047,269075,36667,36083,1386,37469,513
2021-09-04,Modoc,049,8938,455,447,158,605,5
2021-09-04,Mono,051,14174,1438,1417,18,1435,3
2021-09-04,Monterey,053,433212,46503,45756,2398,48154,540
2021-09-04,Napa,055,140530,11876,11760,73,11833,90
2021-09-04,Nevada,057,99092,7932,7691,257,7948,82
2021-09-04,Orange,059,3164182,291433,287244,13498,300742,5274
2021-09-04,Placer,061,380077,32216,31374,2895,34269,337
2021-09-04,Plumas,063,18699,1113,1067,19,1086,5
2021-09-04,Riverside,065,2383286,338061,331958,15414,347372,4654
2021-09-04,Sacramento,067,1510023,141614,140735,3249,143984,1896
2021-09-04,San Benito,069,59416,6789,6758,133,6891,64
2021-09-04,San Bernardino,071,2135413,332152,328425,10232,338657,5393
2021-09-04,San Diego,073,3302833,343190,338748,20120,358868,3914
2021-09-04,San Francisco,075,870044,48660,47937,2021,49958,589
2021-09-04,San Joaquin,077,732212,90157,88846,4666,93512,1548
2021-09-04,San Luis Obispo,079,281455,26644,26020,1011,27031,285
2021-09-04,San Mateo,081,765935,50564,49721,737,50458,560
2021-09-04,Santa Barbara,083,443738,40579,39667,1386,41053,489
2021-09-04,Santa Clara,085,1922200,137571,135845,1030,136875,1806
2021-09-04,Santa Cruz,087,273765,18867,18579,940,19519,210
2021-09-04,Shasta,089,179085,16610,15924,2478,18402,226
2021-09-04,Sierra,091,2930,126,108,13,121,0
2021-09-04,Siskiyou,093,43540,2700,2563,843,3406,34
2021-09-04,Solano,095,438530,42557,41614,1058,42672,300
2021-09-04,Sonoma,097,501317,38229,37809,455,38264,358
2021-09-04,Stanislaus,099,539301,69010,68210,7644,75854,1074
2021-09-04,Sutter,101,95872,12327,12137,181,12318,138
2021-09-04,Tehama,103,63373,6626,6367,996,7363,74
2021-09-04,Trinity,105,12862,656,497,171,668,6
2021-09-04,Tulare,107,460477,58380,56719,11595,68314,874
2021-09-04,Tuolumne,109,53932,5812,5667,63,5730,88
2021-09-04,Ventura,111,848112,92405,90904,3956,94860,1090
2021-09-04,Yolo,113,214977,17804,17522,761,18283,235
2021-09-04,Yuba,115,75493,8695,8475,178,8653,55
2021-09-03,Alameda,001,1643700,110914,109636,2478,112114,1301
2021-09-03,Alpine,002,1148,94,94,0,94,0
2021-09-03,Amador,005,37829,4696,4614,43,4657,53
2021-09-03,Butte,007,227075,16913,16259,2959,19218,215
2021-09-03,Calaveras,009,45235,3159,3069,19,3088,63
2021-09-03,Colusa,011,21464,2331,2295,502,2797,16
2021-09-03,Contra Costa,013,1133247,91671,90299,1803,92102,886
2021-09-03,Del Norte,015,27424,3146,2943,18,2961,24
2021-09-03,El Dorado,017,186661,14072,13710,1351,15061,119
2021-09-03,Fresno,019,978130,121256,118508,10665,129173,1822
2021-09-03,Glenn,021,27897,2987,2867,838,3705,20
2021-09-03,Humboldt,023,135768,7452,7194,292,7486,52
2021-09-03,Imperial,025,180216,30764,30475,2866,33341,751
2021-09-03,Inyo,027,18085,1583,1567,17,1584,39
2021-09-03,Kern,029,883053,111987,109296,15968,125264,1407
2021-09-03,Kings,031,150075,27532,26753,1474,28227,263
2021-09-03,Lake,033,64148,5686,5479,90,5569,78
2021-09-03,Lassen,035,31185,5911,5789,184,5973,21
2021-09-03,Los Angeles,037,10098052,1369483,1351185,49487,1400672,25384
2021-09-03,Madera,039,155013,19619,19021,1469,20490,247
2021-09-03,Marin,041,260295,16471,16293,363,16656,242
2021-09-03,Mariposa,043,17540,789,753,25,778,5
2021-09-03,Mendocino,045,87422,6146,5891,235,6126,61
2021-09-03,Merced,047,269075,36613,35941,1377,37318,512
2021-09-03,Modoc,049,8938,455,445,158,603,5
2021-09-03,Mono,051,14174,1437,1410,18,1428,3
2021-09-03,Monterey,053,433212,46465,45707,2394,48101,540
2021-09-03,Napa,055,140530,11855,11733,73,11806,89
2021-09-03,Nevada,057,99092,7898,7632,257,7889,82
2021-09-03,Orange,059,3164182,291115,286818,13471,300289,5253
2021-09-03,Placer,061,380077,32109,31238,2871,34109,335
2021-09-03,Plumas,063,18699,1102,1057,19,1076,5
2021-09-03,Riverside,065,2383286,337529,331011,15398,346409,4653
2021-09-03,Sacramento,067,1510023,141250,139982,3231,143213,1886
2021-09-03,San Benito,069,59416,6783,6746,133,6879,64
2021-09-03,San Bernardino,071,2135413,331735,327599,10222,337821,5381
2021-09-03,San Diego,073,3302833,342570,337627,20087,357714,3911
2021-09-03,San Francisco,075,870044,48584,47822,2015,49837,589
2021-09-03,San Joaquin,077,732212,90004,88366,4658,93024,1540
2021-09-03,San Luis Obispo,079,281455,26569,25917,1009,26926,283
2021-09-03,San Mateo,081,765935,50469,49617,735,50352,560
2021-09-03,Santa Barbara,083,443738,40512,39507,1383,40890,489
2021-09-03,Santa Clara,085,1922200,137369,135522,1026,136548,1801
2021-09-03,Santa Cruz,087,273765,18842,18532,940,19472,210
2021-09-03,Shasta,089,179085,16535,15778,2454,18232,226
2021-09-03,Sierra,091,2930,124,105,13,118,0
2021-09-03,Siskiyou,093,43540,2688,2529,830,3359,34
2021-09-03,Solano,095,438530,42461,41457,1055,42512,300
2021-09-03,Sonoma,097,501317,38166,37699,455,38154,358
2021-09-03,Stanislaus,099,539301,68834,67887,7618,75505,1074
2021-09-03,Sutter,101,95872,12288,12073,180,12253,139
2021-09-03,Tehama,103,63373,6587,6334,989,7323,72
2021-09-03,Trinity,105,12862,654,490,167,657,6
2021-09-03,Tulare,107,460477,58254,56401,11543,67944,872
2021-09-03,Tuolumne,109,53932,5770,5630,63,5693,88
2021-09-03,Ventura,111,848112,92271,90742,3952,94694,1088
2021-09-03,Yolo,113,214977,17780,17446,757,18203,235
2021-09-03,Yuba,115,75493,8664,8412,178,8590,55
2021-09-02,Alameda,001,1643700,110656,109377,2475,111852,1301
2021-09-02,Alpine,002,1148,93,92,0,92,0
2021-09-02,Amador,005,37829,4680,4606,43,4649,53
2021-09-02,Butte,007,227075,16786,16154,2940,19094,215
2021-09-02,Calaveras,009,45235,3146,3042,19,3061,62
2021-09-02,Colusa,011,21464,2327,2290,502,2792,16
2021-09-02,Contra Costa,013,1133247,91489,90038,1792,91830,886
2021-09-02,Del Norte,015,27424,3115,2891,18,2909,24
2021-09-02,El Dorado,017,186661,14014,13641,1326,14967,119
2021-09-02,Fresno,019,978130,120769,117974,10611,128585,1804
2021-09-02,Glenn,021,27897,2971,2855,832,3687,20
2021-09-02,Humboldt,023,135768,7405,7141,281,7422,52
2021-09-02,Imperial,025,180216,30720,30449,2861,33310,751
2021-09-02,Inyo,027,18085,1578,1564,16,1580,39
2021-09-02,Kern,029,883053,111574,108930,15824,124754,1404
2021-09-02,Kings,031,150075,27439,26638,1464,28102,263
2021-09-02,Lake,033,64148,5656,5432,86,5518,78
2021-09-02,Lassen,035,31185,5897,5747,177,5924,21
2021-09-02,Los Angeles,037,10098052,1367626,1351105,49395,1400500,25382
2021-09-02,Madera,039,155013,19528,18937,1451,20388,247
2021-09-02,Marin,041,260295,16458,16244,361,16605,242
2021-09-02,Mariposa,043,17540,782,745,22,767,5
2021-09-02,Mendocino,045,87422,6104,5848,232,6080,61
2021-09-02,Merced,047,269075,36450,35820,1370,37190,508
2021-09-02,Modoc,049,8938,455,437,158,595,5
2021-09-02,Mono,051,14174,1437,1409,18,1427,3
2021-09-02,Monterey,053,433212,46399,45648,2379,48027,539
2021-09-02,Napa,055,140530,11826,11684,73,11757,88
2021-09-02,Nevada,057,99092,7846,7575,256,7831,82
2021-09-02,Orange,059,3164182,290655,286326,13437,299763,5240
2021-09-02,Placer,061,380077,31971,31067,2842,33909,330
2021-09-02,Plumas,063,18699,1091,1045,18,1063,5
2021-09-02,Riverside,065,2383286,336813,330190,15374,345564,4644
2021-09-02,Sacramento,067,1510023,140667,139274,3191,142465,1882
2021-09-02,San Benito,069,59416,6778,6734,132,6866,64
2021-09-02,San Bernardino,071,2135413,331125,326940,10149,337089,5369
2021-09-02,San Diego,073,3302833,341612,336382,20034,356416,3909
2021-09-02,San Francisco,075,870044,48474,47674,2011,49685,587
2021-09-02,San Joaquin,077,732212,89720,88056,4634,92690,1540
2021-09-02,San Luis Obispo,079,281455,26484,25851,1004,26855,283
2021-09-02,San Mateo,081,765935,50368,49490,733,50223,558
2021-09-02,Santa Barbara,083,443738,40422,39386,1370,40756,486
2021-09-02,Santa Clara,085,1922200,137068,135216,1020,136236,1799
2021-09-02,Santa Cruz,087,273765,18808,18473,937,19410,210
2021-09-02,Shasta,089,179085,16397,15670,2425,18095,224
2021-09-02,Sierra,091,2930,124,105,13,118,0
2021-09-02,Siskiyou,093,43540,2667,2513,802,3315,34
2021-09-02,Solano,095,438530,42355,41293,1052,42345,294
2021-09-02,Sonoma,097,501317,38085,37558,455,38013,352
2021-09-02,Stanislaus,099,539301,68594,67576,7598,75174,1074
2021-09-02,Sutter,101,95872,12219,11995,176,12171,138
2021-09-02,Tehama,103,63373,6529,6265,970,7235,72
2021-09-02,Trinity,105,12862,650,484,165,649,6
2021-09-02,Tulare,107,460477,58024,56105,11490,67595,872
2021-09-02,Tuolumne,109,53932,5713,5578,63,5641,88
2021-09-02,Ventura,111,848112,92088,90610,3947,94557,1084
2021-09-02,Yolo,113,214977,17705,17357,751,18108,235
2021-09-02,Yuba,115,75493,8604,8363,178,8541,55
2021-09-01,Alameda,001,1643700,110388,109075,2470,111545,1299
2021-09-01,Alpine,002,1148,93,92,0,92,0
2021-09-01,Amador,005,37829,4664,4599,42,4641,53
2021-09-01,Butte,007,227075,16671,16046,2911,18957,215
2021-09-01,Calaveras,009,45235,3134,3023,19,3042,59
2021-09-01,Colusa,011,21464,2322,2281,501,2782,16
2021-09-01,Contra Costa,013,1133247,91253,89834,1785,91619,877
2021-09-01,Del Norte,015,27424,3082,2860,18,2878,24
2021-09-01,El Dorado,017,186661,13958,13577,1297,14874,119
2021-09-01,Fresno,019,978130,120278,117492,10541,128033,1800
2021-09-01,Glenn,021,27897,2946,2846,824,3670,20
2021-09-01,Humboldt,023,135768,7358,7090,274,7364,52
2021-09-01,Imperial,025,180216,30682,30393,2856,33249,750
2021-09-01,Inyo,027,18085,1574,1561,15,1576,39
2021-09-01,Kern,029,883053,111144,108449,15686,124135,1400
2021-09-01,Kings,031,150075,27326,26443,1453,27896,263
2021-09-01,Lake,033,64148,5615,5396,81,5477,77
2021-09-01,Lassen,035,31185,5875,5731,173,5904,21
2021-09-01,Los Angeles,037,10098052,1365361,1348589,49294,1397883,25341
2021-09-01,Madera,039,155013,19450,18852,1436,20288,247
2021-09-01,Marin,041,260295,16436,16224,356,16580,240
2021-09-01,Mariposa,043,17540,774,735,22,757,5
2021-09-01,Mendocino,045,87422,6061,5821,227,6048,59
2021-09-01,Merced,047,269075,36272,35686,1360,37046,500
2021-09-01,Modoc,049,8938,449,436,156,592,5
2021-09-01,Mono,051,14174,1437,1400,18,1418,3
2021-09-01,Monterey,053,433212,46319,45590,2364,47954,539
2021-09-01,Napa,055,140530,11793,11653,73,11726,88
2021-09-01,Nevada,057,99092,7793,7508,255,7763,82
2021-09-01,Orange,059,3164182,290181,285840,13400,299240,5233
2021-09-01,Placer,061,380077,31814,30902,2828,33730,330
2021-09-01,Plumas,063,18699,1083,1033,18,1051,5
2021-09-01,Riverside,065,2383286,336001,329388,15344,344732,4634
2021-09-01,Sacramento,067,1510023,140059,138499,3146,141645,1875
2021-09-01,San Benito,069,59416,6761,6716,132,6848,64
2021-09-01,San Bernardino,071,2135413,330479,326250,10120,336370,5364
2021-09-01,San Diego,073,3302833,340590,335302,19978,355280,3908
2021-09-01,San Francisco,075,870044,48366,47538,2004,49542,584
2021-09-01,San Joaquin,077,732212,89398,87640,4611,92251,1540
2021-09-01,San Luis Obispo,079,281455,26388,25691,999,26690,283
2021-09-01,San Mateo,081,765935,50249,49394,727,50121,558
2021-09-01,Santa Barbara,083,443738,40304,39263,1354,40617,483
2021-09-01,Santa Clara,085,1922200,136800,134855,1014,135869,1796
2021-09-01,Santa Cruz,087,273765,18761,18453,935,19388,210
2021-09-01,Shasta,089,179085,16265,15552,2385,17937,221
2021-09-01,Sierra,091,2930,123,98,13,111,0
2021-09-01,Siskiyou,093,43540,2637,2482,782,3264,34
2021-09-01,Solano,095,438530,42204,41194,1046,42240,293
2021-09-01,Sonoma,097,501317,37991,37454,454,37908,352
2021-09-01,Stanislaus,099,539301,68309,67287,7567,74854,1075
2021-09-01,Sutter,101,95872,12155,11945,169,12114,136
2021-09-01,Tehama,103,63373,6495,6228,953,7181,72
2021-09-01,Trinity,105,12862,649,482,162,644,5
2021-09-01,Tulare,107,460477,57741,55768,11453,67221,870
2021-09-01,Tuolumne,109,53932,5674,5553,63,5616,88
2021-09-01,Ventura,111,848112,91873,90471,3931,94402,1089
2021-09-01,Yolo,113,214977,17645,17264,749,18013,235
2021-09-01,Yuba,115,75493,8542,8308,178,8486,55
2021-08-31,Alameda,001,1643700,110095,108837,2464,111301,1297
2021-08-31,Alpine,002,1148,91,92,0,92,0
2021-08-31,Amador,005,37829,4643,4555,42,4597,53
2021-08-31,Butte,007,227075,16531,15896,2868,18764,216
2021-08-31,Calaveras,009,45235,3094,3008,19,3027,59
2021-08-31,Colusa,011,21464,2320,2275,499,2774,16
2021-08-31,Contra Costa,013,1133247,90958,89546,1773,91319,871
2021-08-31,Del Norte,015,27424,3046,2830,18,2848,19
2021-08-31,El Dorado,017,186661,13887,13539,1279,14818,119
2021-08-31,Fresno,019,978130,119701,117155,10462,127617,1801
2021-08-31,Glenn,021,27897,2930,2829,814,3643,20
2021-08-31,Humboldt,023,135768,7283,7030,261,7291,52
2021-08-31,Imperial,025,180216,30645,30348,2848,33196,750
2021-08-31,Inyo,027,18085,1570,1550,15,1565,39
2021-08-31,Kern,029,883053,110642,108151,15507,123658,1393
2021-08-31,Kings,031,150075,27185,26405,1439,27844,260
2021-08-31,Lake,033,64148,5571,5359,80,5439,74
2021-08-31,Lassen,035,31185,5849,5702,170,5872,21
2021-08-31,Los Angeles,037,10098052,1362769,1346686,49217,1395903,25303
2021-08-31,Madera,039,155013,19360,18811,1419,20230,247
2021-08-31,Marin,041,260295,16407,16215,353,16568,240
2021-08-31,Mariposa,043,17540,766,732,22,754,5
2021-08-31,Mendocino,045,87422,6019,5777,226,6003,59
2021-08-31,Merced,047,269075,36102,35512,1355,36867,498
2021-08-31,Modoc,049,8938,448,436,156,592,5
2021-08-31,Mono,051,14174,1425,1398,18,1416,3
2021-08-31,Monterey,053,433212,46235,45550,2351,47901,539
2021-08-31,Napa,055,140530,11745,11618,73,11691,88
2021-08-31,Nevada,057,99092,7727,7460,255,7715,82
2021-08-31,Orange,059,3164182,289582,285310,13368,298678,5229
2021-08-31,Placer,061,380077,31624,30745,2791,33536,325
2021-08-31,Plumas,063,18699,1079,1018,17,1035,5
2021-08-31,Riverside,065,2383286,335029,328556,15311,343867,4627
2021-08-31,Sacramento,067,1510023,139374,137879,3114,140993,1863
2021-08-31,San Benito,069,59416,6749,6694,130,6824,64
2021-08-31,San Bernardino,071,2135413,329730,325446,10100,335546,5350
2021-08-31,San Diego,073,3302833,339337,334377,19920,354297,3888
2021-08-31,San Francisco,075,870044,48216,47440,1993,49433,581
2021-08-31,San Joaquin,077,732212,88954,87365,4596,91961,1540
2021-08-31,San Luis Obispo,079,281455,26265,25518,995,26513,282
2021-08-31,San Mateo,081,765935,50137,49299,727,50026,556
2021-08-31,Santa Barbara,083,443738,40154,39091,1348,40439,481
2021-08-31,Santa Clara,085,1922200,136447,134637,1007,135644,1793
2021-08-31,Santa Cruz,087,273765,18723,18419,932,19351,210
2021-08-31,Shasta,089,179085,16113,15368,2358,17726,220
2021-08-31,Sierra,091,2930,120,95,13,108,0
2021-08-31,Siskiyou,093,43540,2617,2435,766,3201,33
2021-08-31,Solano,095,438530,42064,41067,1040,42107,289
2021-08-31,Sonoma,097,501317,37895,37379,453,37832,352
2021-08-31,Stanislaus,099,539301,67954,67004,7532,74536,1075
2021-08-31,Sutter,101,95872,12090,11901,165,12066,136
2021-08-31,Tehama,103,63373,6434,6169,922,7091,72
2021-08-31,Trinity,105,12862,643,480,162,642,3
2021-08-31,Tulare,107,460477,57407,55567,11383,66950,870
2021-08-31,Tuolumne,109,53932,5638,5516,63,5579,88
2021-08-31,Ventura,111,848112,91654,90292,3919,94211,1081
2021-08-31,Yolo,113,214977,17559,17205,747,17952,234
2021-08-31,Yuba,115,75493,8488,8253,178,8431,54
2021-08-30,Alameda,001,1643700,109778,107734,2453,110187,1296
2021-08-30,Alpine,002,1148,91,92,0,92,0
2021-08-30,Amador,005,37829,4632,4507,42,4549,53
2021-08-30,Butte,007,227075,16379,15719,2834,18553,214
2021-08-30,Calaveras,009,45235,3079,2975,19,2994,59
2021-08-30,Colusa,011,21464,2311,2271,496,2767,16
2021-08-30,Contra Costa,013,1133247,90698,87679,1763,89442,872
2021-08-30,Del Norte,015,27424,3004,2796,17,2813,11
2021-08-30,El Dorado,017,186661,13818,13217,1262,14479,119
2021-08-30,Fresno,019,978130,119130,115867,10390,126257,1790
2021-08-30,Glenn,021,27897,2919,2804,808,3612,20
2021-08-30,Humboldt,023,135768,7229,6930,255,7185,52
2021-08-30,Imperial,025,180216,30607,30311,2843,33154,750
2021-08-30,Inyo,027,18085,1565,1544,15,1559,39
2021-08-30,Kern,029,883053,110164,107615,15345,122960,1389
2021-08-30,Kings,031,150075,27069,26236,1424,27660,259
2021-08-30,Lake,033,64148,5536,5323,77,5400,74
2021-08-30,Lassen,035,31185,5827,5667,164,5831,21
2021-08-30,Los Angeles,037,10098052,1360310,1344949,49132,1394081,25269
2021-08-30,Madera,039,155013,19278,18622,1399,20021,247
2021-08-30,Marin,041,260295,16376,16160,353,16513,240
2021-08-30,Mariposa,043,17540,760,715,21,736,5
2021-08-30,Mendocino,045,87422,5985,5721,222,5943,55
2021-08-30,Merced,047,269075,35974,35335,1351,36686,497
2021-08-30,Modoc,049,8938,446,436,155,591,5
2021-08-30,Mono,051,14174,1424,1390,18,1408,3
2021-08-30,Monterey,053,433212,46173,45463,2334,47797,539
2021-08-30,Napa,055,140530,11696,11579,71,11650,87
2021-08-30,Nevada,057,99092,7668,7356,252,7608,82
2021-08-30,Orange,059,3164182,289000,284750,13319,298069,5223
2021-08-30,Placer,061,380077,31459,29825,2768,32593,319
2021-08-30,Plumas,063,18699,1062,998,17,1015,5
2021-08-30,Riverside,065,2383286,334138,327593,15280,342873,4623
2021-08-30,Sacramento,067,1510023,138716,134571,3068,137639,1847
2021-08-30,San Benito,069,59416,6740,6663,130,6793,64
2021-08-30,San Bernardino,071,2135413,329052,324870,10070,334940,5348
2021-08-30,San Diego,073,3302833,338066,333011,19840,352851,3885
2021-08-30,San Francisco,075,870044,48075,46966,1980,48946,581
2021-08-30,San Joaquin,077,732212,88623,86203,4575,90778,1528
2021-08-30,San Luis Obispo,079,281455,26140,25422,988,26410,280
2021-08-30,San Mateo,081,765935,50011,48839,721,49560,554
2021-08-30,Santa Barbara,083,443738,40002,38998,1343,40341,481
2021-08-30,Santa Clara,085,1922200,136126,133281,1000,134281,1789
2021-08-30,Santa Cruz,087,273765,18669,18326,928,19254,210
2021-08-30,Shasta,089,179085,15984,15238,2319,17557,217
2021-08-30,Sierra,091,2930,118,91,13,104,0
2021-08-30,Siskiyou,093,43540,2604,2411,755,3166,33
2021-08-30,Solano,095,438530,41903,39986,1036,41022,290
2021-08-30,Sonoma,097,501317,37790,36764,453,37217,352
2021-08-30,Stanislaus,099,539301,67615,66173,7501,73674,1074
2021-08-30,Sutter,101,95872,12020,11791,158,11949,136
2021-08-30,Tehama,103,63373,6355,6085,898,6983,71
2021-08-30,Trinity,105,12862,632,468,159,627,3
2021-08-30,Tulare,107,460477,57095,55140,11308,66448,870
2021-08-30,Tuolumne,109,53932,5592,5492,63,5555,74
2021-08-30,Ventura,111,848112,91438,90149,3907,94056,1082
2021-08-30,Yolo,113,214977,17497,17071,743,17814,231
2021-08-30,Yuba,115,75493,8414,8129,177,8306,54
2021-08-29,Alameda,001,1643700,109446,107494,2442,109936,1296
2021-08-29,Alpine,002,1148,91,92,0,92,0
2021-08-29,Amador,005,37829,4618,4501,42,4543,53
2021-08-29,Butte,007,227075,16209,15602,2797,18399,214
2021-08-29,Calaveras,009,45235,3047,2970,19,2989,59
2021-08-29,Colusa,011,21464,2304,2260,490,2750,16
2021-08-29,Contra Costa,013,1133247,90401,87439,1758,89197,872
2021-08-29,Del Norte,015,27424,2961,2752,17,2769,11
2021-08-29,El Dorado,017,186661,13762,13166,1251,14417,119
2021-08-29,Fresno,019,978130,118533,115502,10320,125822,1790
2021-08-29,Glenn,021,27897,2901,2778,801,3579,20
2021-08-29,Humboldt,023,135768,7185,6922,240,7162,52
2021-08-29,Imperial,025,180216,30546,30293,2832,33125,750
2021-08-29,Inyo,027,18085,1555,1543,14,1557,39
2021-08-29,Kern,029,883053,109713,107324,15175,122499,1389
2021-08-29,Kings,031,150075,26915,26143,1410,27553,259
2021-08-29,Lake,033,64148,5496,5293,67,5360,74
2021-08-29,Lassen,035,31185,5804,5666,160,5826,21
2021-08-29,Los Angeles,037,10098052,1357562,1342541,49021,1391562,25263
2021-08-29,Madera,039,155013,19191,18594,1383,19977,247
2021-08-29,Marin,041,260295,16345,16134,351,16485,240
2021-08-29,Mariposa,043,17540,754,709,19,728,5
2021-08-29,Mendocino,045,87422,5927,5689,209,5898,55
2021-08-29,Merced,047,269075,35735,35250,1339,36589,497
2021-08-29,Modoc,049,8938,443,436,155,591,5
2021-08-29,Mono,051,14174,1417,1387,18,1405,3
2021-08-29,Monterey,053,433212,46068,45424,2311,47735,539
2021-08-29,Napa,055,140530,11665,11552,71,11623,87
2021-08-29,Nevada,057,99092,7611,7294,251,7545,82
2021-08-29,Orange,059,3164182,288372,284432,13277,297709,5223
2021-08-29,Placer,061,380077,31286,29674,2727,32401,319
2021-08-29,Plumas,063,18699,1051,996,17,1013,5
2021-08-29,Riverside,065,2383286,333277,326987,15259,342246,4623
2021-08-29,Sacramento,067,1510023,137963,133981,3019,137000,1843
2021-08-29,San Benito,069,59416,6715,6646,130,6776,64
2021-08-29,San Bernardino,071,2135413,328267,324266,10037,334303,5347
2021-08-29,San Diego,073,3302833,336960,332014,19745,351759,3880
2021-08-29,San Francisco,075,870044,47940,46885,1968,48853,581
2021-08-29,San Joaquin,077,732212,88175,85922,4555,90477,1528
2021-08-29,San Luis Obispo,079,281455,25942,25288,980,26268,280
2021-08-29,San Mateo,081,765935,49898,48737,716,49453,554
2021-08-29,Santa Barbara,083,443738,39836,38900,1339,40239,481
2021-08-29,Santa Clara,085,1922200,135773,132979,994,133973,1789
2021-08-29,Santa Cruz,087,273765,18622,18285,926,19211,210
2021-08-29,Shasta,089,179085,15830,15198,2292,17490,217
2021-08-29,Sierra,091,2930,116,91,13,104,0
2021-08-29,Siskiyou,093,43540,2557,2407,735,3142,33
2021-08-29,Solano,095,438530,41749,39887,1029,40916,290
2021-08-29,Sonoma,097,501317,37655,36650,449,37099,352
2021-08-29,Stanislaus,099,539301,67270,65956,7465,73421,1074
2021-08-29,Sutter,101,95872,11961,11719,151,11870,136
2021-08-29,Tehama,103,63373,6284,6040,875,6915,71
2021-08-29,Trinity,105,12862,629,468,156,624,3
2021-08-29,Tulare,107,460477,56761,54974,11224,66198,870
2021-08-29,Tuolumne,109,53932,5566,5478,62,5540,74
2021-08-29,Ventura,111,848112,91180,90114,3898,94012,1082
2021-08-29,Yolo,113,214977,17397,17015,730,17745,231
2021-08-29,Yuba,115,75493,8350,8042,177,8219,54
2021-08-28,Alameda,001,1643700,109283,107007,2433,109440,1296
2021-08-28,Alpine,002,1148,91,92,0,92,0
2021-08-28,Amador,005,37829,4599,4484,41,4525,53
2021-08-28,Butte,007,227075,16149,15487,2769,18256,214
2021-08-28,Calaveras,009,45235,3037,2926,19,2945,59
2021-08-28,Colusa,011,21464,2300,2252,488,2740,16
2021-08-28,Contra Costa,013,1133247,90190,86938,1755,88693,872
2021-08-28,Del Norte,015,27424,2934,2734,16,2750,11
2021-08-28,El Dorado,017,186661,13723,13089,1245,14334,119
2021-08-28,Fresno,019,978130,118292,115079,10289,125368,1792
2021-08-28,Glenn,021,27897,2892,2773,794,3567,20
2021-08-28,Humboldt,023,135768,7150,6887,235,7122,52
2021-08-28,Imperial,025,180216,30519,30260,2829,33089,750
2021-08-28,Inyo,027,18085,1553,1539,14,1553,39
2021-08-28,Kern,029,883053,109475,107012,15035,122047,1389
2021-08-28,Kings,031,150075,26848,26059,1407,27466,257
2021-08-28,Lake,033,64148,5473,5267,63,5330,74
2021-08-28,Lassen,035,31185,5789,5665,159,5824,21
2021-08-28,Los Angeles,037,10098052,1356347,1337097,48950,1386047,25234
2021-08-28,Madera,039,155013,19140,18553,1369,19922,247
2021-08-28,Marin,041,260295,16330,16106,351,16457,240
2021-08-28,Mariposa,043,17540,752,704,19,723,5
2021-08-28,Mendocino,045,87422,5902,5658,209,5867,55
2021-08-28,Merced,047,269075,35683,35108,1336,36444,497
2021-08-28,Modoc,049,8938,443,436,154,590,5
2021-08-28,Mono,051,14174,1414,1385,18,1403,3
2021-08-28,Monterey,053,433212,46026,45394,2306,47700,539
2021-08-28,Napa,055,140530,11642,11512,70,11582,88
2021-08-28,Nevada,057,99092,7587,7238,249,7487,82
2021-08-28,Orange,059,3164182,288015,283953,13229,297182,5222
2021-08-28,Placer,061,380077,31177,29428,2714,32142,319
2021-08-28,Plumas,063,18699,1044,991,17,1008,5
2021-08-28,Riverside,065,2383286,332689,326222,15249,341471,4623
2021-08-28,Sacramento,067,1510023,137572,132985,3001,135986,1844
2021-08-28,San Benito,069,59416,6708,6636,130,6766,64
2021-08-28,San Bernardino,071,2135413,327819,323672,10029,333701,5348
2021-08-28,San Diego,073,3302833,336376,331330,19709,351039,3880
2021-08-28,San Francisco,075,870044,47868,46654,1961,48615,581
2021-08-28,San Joaquin,077,732212,88005,85481,4546,90027,1527
2021-08-28,San Luis Obispo,079,281455,25875,25138,975,26113,280
2021-08-28,San Mateo,081,765935,49824,48575,712,49287,554
2021-08-28,Santa Barbara,083,443738,39765,38780,1339,40119,481
2021-08-28,Santa Clara,085,1922200,135567,132488,992,133480,1789
2021-08-28,Santa Cruz,087,273765,18604,18240,923,19163,210
2021-08-28,Shasta,089,179085,15727,15147,2274,17421,217
2021-08-28,Sierra,091,2930,112,91,13,104,0
2021-08-28,Siskiyou,093,43540,2549,2402,724,3126,33
2021-08-28,Solano,095,438530,41700,39610,1028,40638,290
2021-08-28,Sonoma,097,501317,37582,36466,447,36913,352
2021-08-28,Stanislaus,099,539301,67112,65670,7448,73118,1074
2021-08-28,Sutter,101,95872,11940,11669,150,11819,136
2021-08-28,Tehama,103,63373,6258,6004,864,6868,71
2021-08-28,Trinity,105,12862,625,463,155,618,3
2021-08-28,Tulare,107,460477,56631,54746,11182,65928,870
2021-08-28,Tuolumne,109,53932,5550,5469,62,5531,74
2021-08-28,Ventura,111,848112,91062,89934,3896,93830,1081
2021-08-28,Yolo,113,214977,17362,16907,723,17630,231
2021-08-28,Yuba,115,75493,8319,7985,176,8161,55
2021-08-27,Alameda,001,1643700,109072,106622,2431,109053,1296
2021-08-27,Alpine,002,1148,91,92,0,92,0
2021-08-27,Amador,005,37829,4583,4458,40,4498,53
2021-08-27,Butte,007,227075,16068,15277,2748,18025,214
2021-08-27,Calaveras,009,45235,3023,2903,19,2922,59
2021-08-27,Colusa,011,21464,2294,2240,486,2726,16
2021-08-27,Contra Costa,013,1133247,89992,86386,1752,88138,872
2021-08-27,Del Norte,015,27424,2902,2695,16,2711,11
2021-08-27,El Dorado,017,186661,13684,12968,1241,14209,119
2021-08-27,Fresno,019,978130,117856,114481,10268,124749,1774
2021-08-27,Glenn,021,27897,2874,2754,785,3539,20
2021-08-27,Humboldt,023,135768,7117,6782,232,7014,52
2021-08-27,Imperial,025,180216,30499,30201,2827,33028,750
2021-08-27,Inyo,027,18085,1552,1529,14,1543,39
2021-08-27,Kern,029,883053,109181,106570,14925,121495,1385
2021-08-27,Kings,031,150075,26769,25957,1405,27362,257
2021-08-27,Lake,033,64148,5448,5228,62,5290,74
2021-08-27,Lassen,035,31185,5773,5646,154,5800,21
2021-08-27,Los Angeles,037,10098052,1354818,1337006,48889,1385895,25230
2021-08-27,Madera,039,155013,19084,18476,1356,19832,247
2021-08-27,Marin,041,260295,16314,16055,349,16404,240
2021-08-27,Mariposa,043,17540,746,690,19,709,5
2021-08-27,Mendocino,045,87422,5871,5602,208,5810,55
2021-08-27,Merced,047,269075,35629,34906,1328,36234,495
2021-08-27,Modoc,049,8938,443,434,154,588,5
2021-08-27,Mono,051,14174,1409,1385,18,1403,3
2021-08-27,Monterey,053,433212,45977,45337,2298,47635,539
2021-08-27,Napa,055,140530,11608,11460,70,11530,87
2021-08-27,Nevada,057,99092,7547,7169,247,7416,82
2021-08-27,Orange,059,3164182,287655,283407,13190,296597,5206
2021-08-27,Placer,061,380077,31047,29157,2695,31852,320
2021-08-27,Plumas,063,18699,1038,984,17,1001,5
2021-08-27,Riverside,065,2383286,332171,325379,15234,340613,4622
2021-08-27,Sacramento,067,1510023,137137,131921,2988,134909,1838
2021-08-27,San Benito,069,59416,6702,6622,130,6752,64
2021-08-27,San Bernardino,071,2135413,327293,322893,10011,332904,5342
2021-08-27,San Diego,073,3302833,335595,330162,19655,349817,3877
2021-08-27,San Francisco,075,870044,47792,46456,1943,48399,581
2021-08-27,San Joaquin,077,732212,87822,84949,4527,89476,1524
2021-08-27,San Luis Obispo,079,281455,25826,24952,972,25924,280
2021-08-27,San Mateo,081,765935,49749,48424,708,49132,553
2021-08-27,Santa Barbara,083,443738,39673,38675,1337,40012,480
2021-08-27,Santa Clara,085,1922200,135338,132011,989,133000,1783
2021-08-27,Santa Cruz,087,273765,18564,18163,919,19082,210
2021-08-27,Shasta,089,179085,15648,14996,2258,17254,217
2021-08-27,Sierra,091,2930,111,91,13,104,0
2021-08-27,Siskiyou,093,43540,2534,2358,710,3068,33
2021-08-27,Solano,095,438530,41586,39347,1024,40371,287
2021-08-27,Sonoma,097,501317,37511,36326,446,36772,342
2021-08-27,Stanislaus,099,539301,66903,65167,7411,72578,1061
2021-08-27,Sutter,101,95872,11894,11590,148,11738,135
2021-08-27,Tehama,103,63373,6226,5964,849,6813,71
2021-08-27,Trinity,105,12862,625,458,154,612,3
2021-08-27,Tulare,107,460477,56495,54443,11137,65580,870
2021-08-27,Tuolumne,109,53932,5518,5438,62,5500,74
2021-08-27,Ventura,111,848112,90933,89774,3892,93666,1076
2021-08-27,Yolo,113,214977,17320,16805,718,17523,231
2021-08-27,Yuba,115,75493,8262,7926,176,8102,54
2021-08-26,Alameda,001,1643700,108804,106146,2423,108569,1296
2021-08-26,Alpine,002,1148,91,92,0,92,0
2021-08-26,Amador,005,37829,4568,4442,39,4481,53
2021-08-26,Butte,007,227075,15934,15159,2709,17868,214
2021-08-26,Calaveras,009,45235,3012,2873,19,2892,59
2021-08-26,Colusa,011,21464,2287,2234,482,2716,16
2021-08-26,Contra Costa,013,1133247,89632,85808,1746,87554,866
2021-08-26,Del Norte,015,27424,2866,2625,16,2641,8
2021-08-26,El Dorado,017,186661,13615,12863,1227,14090,118
2021-08-26,Fresno,019,978130,117354,113854,10214,124068,1770
2021-08-26,Glenn,021,27897,2856,2740,776,3516,20
2021-08-26,Humboldt,023,135768,7059,6695,222,6917,53
2021-08-26,Imperial,025,180216,30450,30121,2820,32941,748
2021-08-26,Inyo,027,18085,1542,1521,13,1534,39
2021-08-26,Kern,029,883053,108753,106051,14783,120834,1380
2021-08-26,Kings,031,150075,26646,25838,1396,27234,260
2021-08-26,Lake,033,64148,5402,5196,59,5255,74
2021-08-26,Lassen,035,31185,5761,5626,152,5778,21
2021-08-26,Los Angeles,037,10098052,1352543,1334372,48796,1383168,25199
2021-08-26,Madera,039,155013,19014,18393,1343,19736,247
2021-08-26,Marin,041,260295,16285,15983,346,16329,240
2021-08-26,Mariposa,043,17540,736,677,19,696,5
2021-08-26,Mendocino,045,87422,5833,5533,203,5736,55
2021-08-26,Merced,047,269075,35461,34755,1307,36062,495
2021-08-26,Modoc,049,8938,443,433,154,587,5
2021-08-26,Mono,051,14174,1405,1385,18,1403,3
2021-08-26,Monterey,053,433212,45904,45265,2287,47552,539
2021-08-26,Napa,055,140530,11585,11394,69,11463,87
2021-08-26,Nevada,057,99092,7489,7086,244,7330,80
2021-08-26,Orange,059,3164182,287163,282814,13166,295980,5200
2021-08-26,Placer,061,380077,30877,28898,2669,31567,319
2021-08-26,Plumas,063,18699,1031,971,16,987,5
2021-08-26,Riverside,065,2383286,331379,324486,15214,339700,4615
2021-08-26,Sacramento,067,1510023,136603,130977,2947,133924,1827
2021-08-26,San Benito,069,59416,6692,6604,130,6734,64
2021-08-26,San Bernardino,071,2135413,326635,322100,9986,332086,5339
2021-08-26,San Diego,073,3302833,334568,328276,19589,347865,3869
2021-08-26,San Francisco,075,870044,47666,46288,1937,48225,581
2021-08-26,San Joaquin,077,732212,87444,84429,4506,88935,1513
2021-08-26,San Luis Obispo,079,281455,25676,24831,965,25796,278
2021-08-26,San Mateo,081,765935,49620,48263,706,48969,553
2021-08-26,Santa Barbara,083,443738,39588,38566,1336,39902,479
2021-08-26,Santa Clara,085,1922200,135013,131443,985,132428,1782
2021-08-26,Santa Cruz,087,273765,18504,18072,917,18989,210
2021-08-26,Shasta,089,179085,15526,14891,2230,17121,217
2021-08-26,Sierra,091,2930,109,90,13,103,0
2021-08-26,Siskiyou,093,43540,2512,2342,697,3039,33
2021-08-26,Solano,095,438530,41437,39027,1015,40042,286
2021-08-26,Sonoma,097,501317,37422,36102,446,36548,337
2021-08-26,Stanislaus,099,539301,66603,64785,7370,72155,1061
2021-08-26,Sutter,101,95872,11834,11499,145,11644,135
2021-08-26,Tehama,103,63373,6168,5913,836,6749,68
2021-08-26,Trinity,105,12862,620,450,152,602,3
2021-08-26,Tulare,107,460477,56238,54157,11090,65247,870
2021-08-26,Tuolumne,109,53932,5498,5387,62,5449,74
2021-08-26,Ventura,111,848112,90747,89595,3883,93478,1080
2021-08-26,Yolo,113,214977,17255,16727,708,17435,231
2021-08-26,Yuba,115,75493,8189,7834,174,8008,54
2021-08-25,Alameda,001,1643700,108488,105636,2416,108052,1296
2021-08-25,Alpine,002,1148,91,92,0,92,0
2021-08-25,Amador,005,37829,4553,4415,39,4454,53
2021-08-25,Butte,007,227075,15826,15039,2665,17704,214
2021-08-25,Calaveras,009,45235,2993,2851,19,2870,59
2021-08-25,Colusa,011,21464,2280,2227,473,2700,16
2021-08-25,Contra Costa,013,1133247,89244,85322,1740,87062,863
2021-08-25,Del Norte,015,27424,2821,2573,16,2589,8
2021-08-25,El Dorado,017,186661,13555,12787,1212,13999,118
2021-08-25,Fresno,019,978130,116824,113384,10172,123556,1761
2021-08-25,Glenn,021,27897,2838,2728,761,3489,20
2021-08-25,Humboldt,023,135768,6990,6653,213,6866,52
2021-08-25,Imperial,025,180216,30413,30085,2814,32899,748
2021-08-25,Inyo,027,18085,1538,1518,13,1531,39
2021-08-25,Kern,029,883053,108322,105687,14628,120315,1379
2021-08-25,Kings,031,150075,26539,25676,1390,27066,258
2021-08-25,Lake,033,64148,5372,5163,56,5219,74
2021-08-25,Lassen,035,31185,5744,5583,151,5734,21
2021-08-25,Los Angeles,037,10098052,1349942,1331400,48700,1380100,25170
2021-08-25,Madera,039,155013,18950,18311,1321,19632,247
2021-08-25,Marin,041,260295,16263,15938,340,16278,240
2021-08-25,Mariposa,043,17540,730,676,19,695,5
2021-08-25,Mendocino,045,87422,5799,5486,197,5683,53
2021-08-25,Merced,047,269075,35329,34600,1294,35894,492
2021-08-25,Modoc,049,8938,443,433,154,587,5
2021-08-25,Mono,051,14174,1401,1382,18,1400,3
2021-08-25,Monterey,053,433212,45830,45196,2272,47468,539
2021-08-25,Napa,055,140530,11552,11348,68,11416,87
2021-08-25,Nevada,057,99092,7423,7000,243,7243,77
2021-08-25,Orange,059,3164182,286637,282061,13132,295193,5193
2021-08-25,Placer,061,380077,30701,28740,2637,31377,319
2021-08-25,Plumas,063,18699,1016,962,16,978,5
2021-08-25,Riverside,065,2383286,330535,323548,15192,338740,4610
2021-08-25,Sacramento,067,1510023,135920,130046,2908,132954,1827
2021-08-25,San Benito,069,59416,6671,6587,129,6716,64
2021-08-25,San Bernardino,071,2135413,325943,321228,9965,331193,5337
2021-08-25,San Diego,073,3302833,333300,327166,19504,346670,3859
2021-08-25,San Francisco,075,870044,47516,46107,1932,48039,578
2021-08-25,San Joaquin,077,732212,87059,84002,4489,88491,1510
2021-08-25,San Luis Obispo,079,281455,25484,24607,961,25568,276
2021-08-25,San Mateo,081,765935,49498,48153,703,48856,553
2021-08-25,Santa Barbara,083,443738,39459,38450,1336,39786,479
2021-08-25,Santa Clara,085,1922200,134645,130995,983,131978,1783
2021-08-25,Santa Cruz,087,273765,18444,17987,914,18901,210
2021-08-25,Shasta,089,179085,15400,14752,2198,16950,217
2021-08-25,Sierra,091,2930,106,90,13,103,0
2021-08-25,Siskiyou,093,43540,2467,2322,679,3001,33
2021-08-25,Solano,095,438530,41266,38848,1003,39851,286
2021-08-25,Sonoma,097,501317,37298,35986,443,36429,336
2021-08-25,Stanislaus,099,539301,66321,64441,7338,71779,1061
2021-08-25,Sutter,101,95872,11766,11451,141,11592,134
2021-08-25,Tehama,103,63373,6109,5861,819,6680,68
2021-08-25,Trinity,105,12862,614,450,151,601,3
2021-08-25,Tulare,107,460477,55954,53877,11020,64897,866
2021-08-25,Tuolumne,109,53932,5472,5354,62,5416,74
2021-08-25,Ventura,111,848112,90563,89379,3869,93248,1068
2021-08-25,Yolo,113,214977,17190,16667,698,17365,231
2021-08-25,Yuba,115,75493,8123,7771,173,7944,54
2021-08-24,Alameda,001,1643700,108180,105319,2404,107723,1296
2021-08-24,Alpine,002,1148,91,92,0,92,0
2021-08-24,Amador,005,37829,4534,4380,39,4419,50
2021-08-24,Butte,007,227075,15672,14964,2631,17595,214
2021-08-24,Calaveras,009,45235,2954,2811,19,2830,59
2021-08-24,Colusa,011,21464,2272,2221,468,2689,16
2021-08-24,Contra Costa,013,1133247,88880,84963,1735,86698,857
2021-08-24,Del Norte,015,27424,2794,2543,16,2559,8
2021-08-24,El Dorado,017,186661,13478,12732,1197,13929,118
2021-08-24,Fresno,019,978130,116212,113024,10109,123133,1761
2021-08-24,Glenn,021,27897,2823,2717,754,3471,20
2021-08-24,Humboldt,023,135768,6927,6585,200,6785,52
2021-08-24,Imperial,025,180216,30352,30045,2809,32854,748
2021-08-24,Inyo,027,18085,1533,1512,13,1525,39
2021-08-24,Kern,029,883053,107858,105399,14464,119863,1375
2021-08-24,Kings,031,150075,26418,25629,1375,27004,258
2021-08-24,Lake,033,64148,5337,5135,56,5191,72
2021-08-24,Lassen,035,31185,5728,5576,149,5725,21
2021-08-24,Los Angeles,037,10098052,1347077,1328777,48594,1377371,25135
2021-08-24,Madera,039,155013,18874,18251,1304,19555,247
2021-08-24,Marin,041,260295,16227,15900,336,16236,240
2021-08-24,Mariposa,043,17540,723,670,19,689,5
2021-08-24,Mendocino,045,87422,5756,5416,190,5606,52
2021-08-24,Merced,047,269075,35161,34490,1283,35773,491
2021-08-24,Modoc,049,8938,443,432,154,586,5
2021-08-24,Mono,051,14174,1399,1382,18,1400,3
2021-08-24,Monterey,053,433212,45764,45126,2255,47381,539
2021-08-24,Napa,055,140530,11520,11299,67,11366,85
2021-08-24,Nevada,057,99092,7353,6981,241,7222,77
2021-08-24,Orange,059,3164182,286037,281461,13108,294569,5187
2021-08-24,Placer,061,380077,30496,28618,2598,31216,318
2021-08-24,Plumas,063,18699,1006,953,16,969,5
2021-08-24,Riverside,065,2383286,329662,322620,15163,337783,4605
2021-08-24,Sacramento,067,1510023,135237,129542,2862,132404,1812
2021-08-24,San Benito,069,59416,6658,6576,129,6705,64
2021-08-24,San Bernardino,071,2135413,325188,320300,9936,330236,5328
2021-08-24,San Diego,073,3302833,331857,325823,19395,345218,3851
2021-08-24,San Francisco,075,870044,47341,46010,1922,47932,574
2021-08-24,San Joaquin,077,732212,86619,83684,4452,88136,1508
2021-08-24,San Luis Obispo,079,281455,25307,24443,950,25393,274
2021-08-24,San Mateo,081,765935,49349,48050,701,48751,553
2021-08-24,Santa Barbara,083,443738,39328,38307,1335,39642,478
2021-08-24,Santa Clara,085,1922200,134221,130763,978,131741,1779
2021-08-24,Santa Cruz,087,273765,18369,17928,908,18836,209
2021-08-24,Shasta,089,179085,15292,14664,2167,16831,217
2021-08-24,Sierra,091,2930,103,90,13,103,0
2021-08-24,Siskiyou,093,43540,2445,2294,664,2958,33
2021-08-24,Solano,095,438530,41057,38724,991,39715,283
2021-08-24,Sonoma,097,501317,37170,35849,441,36290,336
2021-08-24,Stanislaus,099,539301,65992,64195,7284,71479,1058
2021-08-24,Sutter,101,95872,11699,11384,138,11522,134
2021-08-24,Tehama,103,63373,6063,5826,805,6631,67
2021-08-24,Trinity,105,12862,603,446,143,589,3
2021-08-24,Tulare,107,460477,55602,53702,10930,64632,856
2021-08-24,Tuolumne,109,53932,5441,5287,62,5349,74
2021-08-24,Ventura,111,848112,90379,89167,3858,93025,1068
2021-08-24,Yolo,113,214977,17112,16492,685,17177,231
2021-08-24,Yuba,115,75493,8040,7723,171,7894,54
2021-08-23,Alameda,001,1643700,107772,104922,2391,107313,1294
2021-08-23,Alpine,002,1148,91,91,0,91,0
2021-08-23,Amador,005,37829,4520,4369,39,4408,50
2021-08-23,Butte,007,227075,15527,14847,2593,17440,211
2021-08-23,Calaveras,009,45235,2927,2803,19,2822,59
2021-08-23,Colusa,011,21464,2268,2206,465,2671,16
2021-08-23,Contra Costa,013,1133247,88502,84651,1728,86379,857
2021-08-23,Del Norte,015,27424,2748,2499,16,2515,8
2021-08-23,El Dorado,017,186661,13375,12684,1175,13859,118
2021-08-23,Fresno,019,978130,115645,112445,10059,122504,1759
2021-08-23,Glenn,021,27897,2807,2696,744,3440,20
2021-08-23,Humboldt,023,135768,6854,6498,186,6684,52
2021-08-23,Imperial,025,180216,30301,30011,2806,32817,748
2021-08-23,Inyo,027,18085,1526,1509,13,1522,39
2021-08-23,Kern,029,883053,107403,104995,14310,119305,1375
2021-08-23,Kings,031,150075,26287,25465,1369,26834,257
2021-08-23,Lake,033,64148,5297,5099,54,5153,69
2021-08-23,Lassen,035,31185,5716,5562,149,5711,21
2021-08-23,Los Angeles,037,10098052,1344106,1326412,48464,1374876,25096
2021-08-23,Madera,039,155013,18788,18155,1289,19444,246
2021-08-23,Marin,041,260295,16179,15856,332,16188,240
2021-08-23,Mariposa,043,17540,712,645,19,664,5
2021-08-23,Mendocino,045,87422,5689,5374,183,5557,51
2021-08-23,Merced,047,269075,34979,34322,1278,35600,488
2021-08-23,Modoc,049,8938,440,431,153,584,6
2021-08-23,Mono,051,14174,1395,1384,18,1402,3
2021-08-23,Monterey,053,433212,45664,45047,2245,47292,538
2021-08-23,Napa,055,140530,11482,11257,67,11324,85
2021-08-23,Nevada,057,99092,7272,6930,239,7169,77
2021-08-23,Orange,059,3164182,285403,280891,13074,293965,5181
2021-08-23,Placer,061,380077,30295,28540,2560,31100,314
2021-08-23,Plumas,063,18699,998,934,16,950,5
2021-08-23,Riverside,065,2383286,328744,321650,15137,336787,4598
2021-08-23,Sacramento,067,1510023,134449,128969,2795,131764,1807
2021-08-23,San Benito,069,59416,6640,6562,127,6689,64
2021-08-23,San Bernardino,071,2135413,324383,319577,9897,329474,5324
2021-08-23,San Diego,073,3302833,330424,324536,19272,343808,3848
2021-08-23,San Francisco,075,870044,47185,45945,1913,47858,573
2021-08-23,San Joaquin,077,732212,86187,83466,4419,87885,1499
2021-08-23,San Luis Obispo,079,281455,25124,24317,948,25265,274
2021-08-23,San Mateo,081,765935,49211,47935,698,48633,553
2021-08-23,Santa Barbara,083,443738,39149,38181,1333,39514,478
2021-08-23,Santa Clara,085,1922200,133821,130489,974,131463,1778
2021-08-23,Santa Cruz,087,273765,18312,17871,907,18778,209
2021-08-23,Shasta,089,179085,15165,14537,2129,16666,216
2021-08-23,Sierra,091,2930,103,90,13,103,0
2021-08-23,Siskiyou,093,43540,2424,2274,643,2917,33
2021-08-23,Solano,095,438530,40903,38612,982,39594,283
2021-08-23,Sonoma,097,501317,37049,35769,440,36209,336
2021-08-23,Stanislaus,099,539301,65657,63922,7245,71167,1058
2021-08-23,Sutter,101,95872,11611,11314,130,11444,133
2021-08-23,Tehama,103,63373,6009,5805,789,6594,67
2021-08-23,Trinity,105,12862,600,435,140,575,3
2021-08-23,Tulare,107,460477,55295,53370,10858,64228,856
2021-08-23,Tuolumne,109,53932,5399,5240,62,5302,73
2021-08-23,Ventura,111,848112,90161,88960,3846,92806,1063
2021-08-23,Yolo,113,214977,17023,16445,671,17116,226
2021-08-23,Yuba,115,75493,7969,7653,169,7822,54
2021-08-22,Alameda,001,1643700,107328,104539,2364,106903,1294
2021-08-22,Alpine,002,1148,91,91,0,91,0
2021-08-22,Amador,005,37829,4490,4349,39,4388,50
2021-08-22,Butte,007,227075,15388,14791,2558,17349,211
2021-08-22,Calaveras,009,45235,2889,2771,19,2790,59
2021-08-22,Colusa,011,21464,2261,2201,459,2660,16
2021-08-22,Contra Costa,013,1133247,87959,84371,1715,86086,857
2021-08-22,Del Norte,015,27424,2688,2455,16,2471,8
2021-08-22,El Dorado,017,186661,13271,12629,1155,13784,118
2021-08-22,Fresno,019,978130,115045,112057,9991,122048,1759
2021-08-22,Glenn,021,27897,2780,2678,731,3409,20
2021-08-22,Humboldt,023,135768,6776,6483,168,6651,52
2021-08-22,Imperial,025,180216,30243,29993,2801,32794,748
2021-08-22,Inyo,027,18085,1520,1505,13,1518,39
2021-08-22,Kern,029,883053,106877,104691,14158,118849,1375
2021-08-22,Kings,031,150075,26129,25391,1352,26743,257
2021-08-22,Lake,033,64148,5252,5069,51,5120,69
2021-08-22,Lassen,035,31185,5684,5556,145,5701,21
2021-08-22,Los Angeles,037,10098052,1340783,1324151,48334,1372485,25089
2021-08-22,Madera,039,155013,18669,18120,1275,19395,246
2021-08-22,Marin,041,260295,16127,15822,324,16146,240
2021-08-22,Mariposa,043,17540,702,638,17,655,5
2021-08-22,Mendocino,045,87422,5630,5336,183,5519,51
2021-08-22,Merced,047,269075,34776,34234,1265,35499,488
2021-08-22,Modoc,049,8938,438,431,153,584,6
2021-08-22,Mono,051,14174,1393,1378,18,1396,3
2021-08-22,Monterey,053,433212,45564,45017,2231,47248,538
2021-08-22,Napa,055,140530,11437,11231,67,11298,85
2021-08-22,Nevada,057,99092,7198,6864,237,7101,77
2021-08-22,Orange,059,3164182,284709,280390,13030,293420,5181
2021-08-22,Placer,061,380077,30089,28395,2524,30919,314
2021-08-22,Plumas,063,18699,980,923,15,938,5
2021-08-22,Riverside,065,2383286,327723,320836,15090,335926,4594
2021-08-22,Sacramento,067,1510023,133673,128231,2755,130986,1802
2021-08-22,San Benito,069,59416,6624,6550,127,6677,64
2021-08-22,San Bernardino,071,2135413,323416,318839,9862,328701,5324
2021-08-22,San Diego,073,3302833,329102,323591,19166,342757,3848
2021-08-22,San Francisco,075,870044,47019,45831,1904,47735,573
2021-08-22,San Joaquin,077,732212,85730,83121,4384,87505,1498
2021-08-22,San Luis Obispo,079,281455,24918,24250,941,25191,274
2021-08-22,San Mateo,081,765935,49035,47821,693,48514,553
2021-08-22,Santa Barbara,083,443738,38968,38099,1325,39424,478
2021-08-22,Santa Clara,085,1922200,133404,130189,967,131156,1778
2021-08-22,Santa Cruz,087,273765,18254,17823,902,18725,209
2021-08-22,Shasta,089,179085,15028,14478,2093,16571,216
2021-08-22,Sierra,091,2930,103,87,13,100,0
2021-08-22,Siskiyou,093,43540,2395,2261,625,2886,33
2021-08-22,Solano,095,438530,40705,38489,969,39458,283
2021-08-22,Sonoma,097,501317,36892,35676,438,36114,336
2021-08-22,Stanislaus,099,539301,65304,63683,7155,70838,1058
2021-08-22,Sutter,101,95872,11529,11251,126,11377,133
2021-08-22,Tehama,103,63373,5963,5791,770,6561,67
2021-08-22,Trinity,105,12862,593,433,138,571,3
2021-08-22,Tulare,107,460477,54977,53220,10775,63995,856
2021-08-22,Tuolumne,109,53932,5356,5214,62,5276,73
2021-08-22,Ventura,111,848112,89952,88791,3829,92620,1063
2021-08-22,Yolo,113,214977,16920,16374,664,17038,226
2021-08-22,Yuba,115,75493,7896,7626,168,7794,54
2021-08-21,Alameda,001,1643700,107127,104281,2358,106639,1294
2021-08-21,Alpine,002,1148,91,91,0,91,0
2021-08-21,Amador,005,37829,4480,4338,38,4376,50
2021-08-21,Butte,007,227075,15320,14714,2539,17253,211
2021-08-21,Calaveras,009,45235,2873,2744,19,2763,59
2021-08-21,Colusa,011,21464,2255,2192,455,2647,16
2021-08-21,Contra Costa,013,1133247,87700,84136,1707,85843,857
2021-08-21,Del Norte,015,27424,2665,2409,16,2425,8
2021-08-21,El Dorado,017,186661,13227,12590,1151,13741,118
2021-08-21,Fresno,019,978130,114844,111765,9979,121744,1759
2021-08-21,Glenn,021,27897,2767,2654,723,3377,20
2021-08-21,Humboldt,023,135768,6738,6446,163,6609,52
2021-08-21,Imperial,025,180216,30200,29976,2798,32774,748
2021-08-21,Inyo,027,18085,1517,1500,13,1513,39
2021-08-21,Kern,029,883053,106622,104443,14035,118478,1375
2021-08-21,Kings,031,150075,26058,25313,1347,26660,257
2021-08-21,Lake,033,64148,5231,5055,49,5104,69
2021-08-21,Lassen,035,31185,5670,5553,145,5698,21
2021-08-21,Los Angeles,037,10098052,1339485,1321308,48242,1369550,25080
2021-08-21,Madera,039,155013,18631,18067,1269,19336,246
2021-08-21,Marin,041,260295,16093,15775,322,16097,240
2021-08-21,Mariposa,043,17540,692,634,17,651,5
2021-08-21,Mendocino,045,87422,5584,5307,182,5489,51
2021-08-21,Merced,047,269075,34671,34148,1260,35408,488
2021-08-21,Modoc,049,8938,438,430,153,583,6
2021-08-21,Mono,051,14174,1393,1378,18,1396,3
2021-08-21,Monterey,053,433212,45517,44969,2224,47193,538
2021-08-21,Napa,055,140530,11402,11211,67,11278,85
2021-08-21,Nevada,057,99092,7154,6810,236,7046,77
2021-08-21,Orange,059,3164182,284257,279855,12996,292851,5181
2021-08-21,Placer,061,380077,29951,28289,2500,30789,314
2021-08-21,Plumas,063,18699,976,916,14,930,5
2021-08-21,Riverside,065,2383286,327143,320086,15077,335163,4594
2021-08-21,Sacramento,067,1510023,133177,127751,2744,130495,1809
2021-08-21,San Benito,069,59416,6614,6542,126,6668,64
2021-08-21,San Bernardino,071,2135413,322967,318293,9841,328134,5324
2021-08-21,San Diego,073,3302833,328446,322620,19117,341737,3848
2021-08-21,San Francisco,075,870044,46917,45637,1897,47534,573
2021-08-21,San Joaquin,077,732212,85513,82825,4368,87193,1498
2021-08-21,San Luis Obispo,079,281455,24860,24169,941,25110,273
2021-08-21,San Mateo,081,765935,48940,47685,693,48378,553
2021-08-21,Santa Barbara,083,443738,38886,37951,1321,39272,478
2021-08-21,Santa Clara,085,1922200,133139,129911,963,130874,1778
2021-08-21,Santa Cruz,087,273765,18217,17763,897,18660,209
2021-08-21,Shasta,089,179085,14954,14417,2079,16496,217
2021-08-21,Sierra,091,2930,98,85,13,98,0
2021-08-21,Siskiyou,093,43540,2381,2246,614,2860,33
2021-08-21,Solano,095,438530,40594,38423,959,39382,281
2021-08-21,Sonoma,097,501317,36805,35582,437,36019,336
2021-08-21,Stanislaus,099,539301,65122,63512,7138,70650,1058
2021-08-21,Sutter,101,95872,11484,11204,124,11328,133
2021-08-21,Tehama,103,63373,5938,5757,763,6520,67
2021-08-21,Trinity,105,12862,588,431,136,567,3
2021-08-21,Tulare,107,460477,54832,53045,10732,63777,857
2021-08-21,Tuolumne,109,53932,5325,5193,62,5255,73
2021-08-21,Ventura,111,848112,89807,88558,3814,92372,1063
2021-08-21,Yolo,113,214977,16873,16322,658,16980,226
2021-08-21,Yuba,115,75493,7850,7580,167,7747,54
2021-08-20,Alameda,001,1643700,106891,103812,2350,106162,1294
2021-08-20,Alpine,002,1148,91,91,0,91,0
2021-08-20,Amador,005,37829,4454,4323,38,4361,50
2021-08-20,Butte,007,227075,15247,14617,2515,17132,211
2021-08-20,Calaveras,009,45235,2853,2717,19,2736,59
2021-08-20,Colusa,011,21464,2250,2178,453,2631,16
2021-08-20,Contra Costa,013,1133247,87425,83721,1700,85421,857
2021-08-20,Del Norte,015,27424,2633,2316,16,2332,8
2021-08-20,El Dorado,017,186661,13189,12495,1143,13638,118
2021-08-20,Fresno,019,978130,114486,111315,9945,121260,1759
2021-08-20,Glenn,021,27897,2760,2642,713,3355,20
2021-08-20,Humboldt,023,135768,6686,6349,158,6507,52
2021-08-20,Imperial,025,180216,30177,29934,2798,32732,747
2021-08-20,Inyo,027,18085,1511,1495,13,1508,39
2021-08-20,Kern,029,883053,106339,104048,13907,117955,1373
2021-08-20,Kings,031,150075,25992,25241,1345,26586,256
2021-08-20,Lake,033,64148,5216,5024,46,5070,69
2021-08-20,Lassen,035,31185,5650,5539,145,5684,21
2021-08-20,Los Angeles,037,10098052,1337606,1317541,48142,1365683,25049
2021-08-20,Madera,039,155013,18582,18018,1254,19272,246
2021-08-20,Marin,041,260295,16075,15727,318,16045,240
2021-08-20,Mariposa,043,17540,687,630,17,647,5
2021-08-20,Mendocino,045,87422,5538,5241,181,5422,51
2021-08-20,Merced,047,269075,34607,34035,1250,35285,486
2021-08-20,Modoc,049,8938,438,429,153,582,6
2021-08-20,Mono,051,14174,1392,1368,18,1386,3
2021-08-20,Monterey,053,433212,45479,44890,2218,47108,538
2021-08-20,Napa,055,140530,11370,11152,67,11219,83
2021-08-20,Nevada,057,99092,7112,6753,230,6983,77
2021-08-20,Orange,059,3164182,283812,279193,12975,292168,5179
2021-08-20,Placer,061,380077,29855,28156,2471,30627,313
2021-08-20,Plumas,063,18699,966,908,14,922,5
2021-08-20,Riverside,065,2383286,326447,319072,15046,334118,4594
2021-08-20,Sacramento,067,1510023,132701,127226,2727,129953,1797
2021-08-20,San Benito,069,59416,6600,6508,126,6634,64
2021-08-20,San Bernardino,071,2135413,322356,317372,9812,327184,5322
2021-08-20,San Diego,073,3302833,327537,321102,19047,340149,3846
2021-08-20,San Francisco,075,870044,46821,45432,1882,47314,573
2021-08-20,San Joaquin,077,732212,85282,82419,4349,86768,1496
2021-08-20,San Luis Obispo,079,281455,24782,23986,937,24923,273
2021-08-20,San Mateo,081,765935,48827,47561,690,48251,551
2021-08-20,Santa Barbara,083,443738,38800,37794,1316,39110,477
2021-08-20,Santa Clara,085,1922200,132857,129510,958,130468,1774
2021-08-20,Santa Cruz,087,273765,18177,17701,894,18595,209
2021-08-20,Shasta,089,179085,14873,14277,2061,16338,215
2021-08-20,Sierra,091,2930,97,83,13,96,0
2021-08-20,Siskiyou,093,43540,2365,2226,609,2835,33
2021-08-20,Solano,095,438530,40453,38214,948,39162,277
2021-08-20,Sonoma,097,501317,36737,35416,436,35852,336
2021-08-20,Stanislaus,099,539301,64933,63219,7114,70333,1047
2021-08-20,Sutter,101,95872,11428,11136,123,11259,133
2021-08-20,Tehama,103,63373,5922,5730,751,6481,66
2021-08-20,Trinity,105,12862,588,422,135,557,3
2021-08-20,Tulare,107,460477,54702,52855,10689,63544,856
2021-08-20,Tuolumne,109,53932,5301,5153,61,5214,73
2021-08-20,Ventura,111,848112,89639,88285,3811,92096,1061
2021-08-20,Yolo,113,214977,16818,16236,652,16888,225
2021-08-20,Yuba,115,75493,7809,7523,167,7690,54
2021-08-19,Alameda,001,1643700,106446,103276,2328,105604,1294
2021-08-19,Alpine,002,1148,91,91,0,91,0
2021-08-19,Amador,005,37829,4447,4317,38,4355,50
2021-08-19,Butte,007,227075,15113,14518,2487,17005,211
2021-08-19,Calaveras,009,45235,2831,2673,19,2692,59
2021-08-19,Colusa,011,21464,2241,2167,448,2615,16
2021-08-19,Contra Costa,013,1133247,86985,83296,1687,84983,852
2021-08-19,Del Norte,015,27424,2583,2257,16,2273,8
2021-08-19,El Dorado,017,186661,13103,12410,1124,13534,118
2021-08-19,Fresno,019,978130,114044,110947,9891,120838,1759
2021-08-19,Glenn,021,27897,2742,2629,706,3335,20
2021-08-19,Humboldt,023,135768,6625,6246,152,6398,52
2021-08-19,Imperial,025,180216,30131,29865,2793,32658,747
2021-08-19,Inyo,027,18085,1504,1494,13,1507,39
2021-08-19,Kern,029,883053,105943,103731,13766,117497,1371
2021-08-19,Kings,031,150075,25861,25128,1333,26461,256
2021-08-19,Lake,033,64148,5184,4991,42,5033,69
2021-08-19,Lassen,035,31185,5632,5520,144,5664,21
2021-08-19,Los Angeles,037,10098052,1334622,1314453,48003,1362456,25020
2021-08-19,Madera,039,155013,18520,17947,1239,19186,246
2021-08-19,Marin,041,260295,16042,15672,315,15987,240
2021-08-19,Mariposa,043,17540,672,618,17,635,5
2021-08-19,Mendocino,045,87422,5505,5167,178,5345,51
2021-08-19,Merced,047,269075,34472,33851,1236,35087,486
2021-08-19,Modoc,049,8938,438,427,153,580,6
2021-08-19,Mono,051,14174,1388,1349,18,1367,3
2021-08-19,Monterey,053,433212,45406,44821,2208,47029,538
2021-08-19,Napa,055,140530,11318,11104,67,11171,83
2021-08-19,Nevada,057,99092,7049,6695,227,6922,77
2021-08-19,Orange,059,3164182,283175,278562,12924,291486,5172
2021-08-19,Placer,061,380077,29675,27953,2454,30407,313
2021-08-19,Plumas,063,18699,953,896,14,910,5
2021-08-19,Riverside,065,2383286,325415,318056,15017,333073,4589
2021-08-19,Sacramento,067,1510023,131998,126720,2692,129412,1801
2021-08-19,San Benito,069,59416,6583,6493,125,6618,64
2021-08-19,San Bernardino,071,2135413,321532,316398,9789,326187,5318
2021-08-19,San Diego,073,3302833,326286,319582,18949,338531,3839
2021-08-19,San Francisco,075,870044,46658,45220,1869,47089,571
2021-08-19,San Joaquin,077,732212,84833,82047,4300,86347,1491
2021-08-19,San Luis Obispo,079,281455,24644,23878,930,24808,271
2021-08-19,San Mateo,081,765935,48695,47431,689,48120,551
2021-08-19,Santa Barbara,083,443738,38655,37693,1313,39006,477
2021-08-19,Santa Clara,085,1922200,132467,129133,951,130084,1774
2021-08-19,Santa Cruz,087,273765,18114,17644,887,18531,209
2021-08-19,Shasta,089,179085,14749,14200,2038,16238,214
2021-08-19,Sierra,091,2930,93,83,13,96,0
2021-08-19,Siskiyou,093,43540,2350,2218,597,2815,33
2021-08-19,Solano,095,438530,40295,38025,937,38962,273
2021-08-19,Sonoma,097,501317,36649,35233,435,35668,336
2021-08-19,Stanislaus,099,539301,64589,62928,7070,69998,1047
2021-08-19,Sutter,101,95872,11343,11057,122,11179,133
2021-08-19,Tehama,103,63373,5886,5683,725,6408,66
2021-08-19,Trinity,105,12862,584,414,133,547,3
2021-08-19,Tulare,107,460477,54470,52685,10626,63311,856
2021-08-19,Tuolumne,109,53932,5265,5112,60,5172,64
2021-08-19,Ventura,111,848112,89436,88073,3797,91870,1060
2021-08-19,Yolo,113,214977,16733,16153,644,16797,225
2021-08-19,Yuba,115,75493,7757,7458,166,7624,51
2021-08-18,Alameda,001,1643700,106040,102696,2307,105003,1294
2021-08-18,Alpine,002,1148,90,91,0,91,0
2021-08-18,Amador,005,37829,4431,4279,37,4316,50
2021-08-18,Butte,007,227075,15003,14426,2456,16882,208
2021-08-18,Calaveras,009,45235,2794,2643,18,2661,59
2021-08-18,Colusa,011,21464,2233,2160,444,2604,16
2021-08-18,Contra Costa,013,1133247,86485,82767,1681,84448,851
2021-08-18,Del Norte,015,27424,2526,2219,16,2235,8
2021-08-18,El Dorado,017,186661,13013,12306,1110,13416,118
2021-08-18,Fresno,019,978130,113587,110523,9830,120353,1759
2021-08-18,Glenn,021,27897,2709,2623,698,3321,20
2021-08-18,Humboldt,023,135768,6554,6195,147,6342,52
2021-08-18,Imperial,025,180216,30098,29821,2791,32612,746
2021-08-18,Inyo,027,18085,1501,1494,13,1507,39
2021-08-18,Kern,029,883053,105596,103440,13672,117112,1370
2021-08-18,Kings,031,150075,25752,24984,1325,26309,256
2021-08-18,Lake,033,64148,5143,4957,41,4998,69
2021-08-18,Lassen,035,31185,5613,5506,143,5649,21
2021-08-18,Los Angeles,037,10098052,1331469,1311477,47872,1359349,24984
2021-08-18,Madera,039,155013,18461,17871,1226,19097,246
2021-08-18,Marin,041,260295,16004,15610,312,15922,240
2021-08-18,Mariposa,043,17540,659,615,16,631,5
2021-08-18,Mendocino,045,87422,5454,5129,176,5305,51
2021-08-18,Merced,047,269075,34308,33708,1225,34933,484
2021-08-18,Modoc,049,8938,438,427,152,579,6
2021-08-18,Mono,051,14174,1385,1344,18,1362,3
2021-08-18,Monterey,053,433212,45322,44735,2191,46926,532
2021-08-18,Napa,055,140530,11279,11060,66,11126,83
2021-08-18,Nevada,057,99092,6983,6633,227,6860,76
2021-08-18,Orange,059,3164182,282537,277795,12872,290667,5168
2021-08-18,Placer,061,380077,29447,27741,2426,30167,312
2021-08-18,Plumas,063,18699,944,874,14,888,5
2021-08-18,Riverside,065,2383286,324416,317107,14984,332091,4585
2021-08-18,Sacramento,067,1510023,131237,125599,2660,128259,1781
2021-08-18,San Benito,069,59416,6572,6481,124,6605,64
2021-08-18,San Bernardino,071,2135413,320733,315477,9770,325247,5304
2021-08-18,San Diego,073,3302833,324946,318152,18883,337035,3834
2021-08-18,San Francisco,075,870044,46456,44957,1860,46817,568
2021-08-18,San Joaquin,077,732212,84380,81601,4269,85870,1491
2021-08-18,San Luis Obispo,079,281455,24494,23726,917,24643,270
2021-08-18,San Mateo,081,765935,48531,47255,688,47943,551
2021-08-18,Santa Barbara,083,443738,38525,37599,1307,38906,475
2021-08-18,Santa Clara,085,1922200,132103,128563,948,129511,1773
2021-08-18,Santa Cruz,087,273765,18059,17566,883,18449,209
2021-08-18,Shasta,089,179085,14650,14087,2019,16106,213
2021-08-18,Sierra,091,2930,92,83,13,96,0
2021-08-18,Siskiyou,093,43540,2321,2204,585,2789,33
2021-08-18,Solano,095,438530,40089,37812,922,38734,271
2021-08-18,Sonoma,097,501317,36505,35063,434,35497,333
2021-08-18,Stanislaus,099,539301,64258,62613,7027,69640,1047
2021-08-18,Sutter,101,95872,11271,11004,117,11121,130
2021-08-18,Tehama,103,63373,5851,5653,715,6368,66
2021-08-18,Trinity,105,12862,577,409,130,539,3
2021-08-18,Tulare,107,460477,54231,52486,10557,63043,856
2021-08-18,Tuolumne,109,53932,5229,5081,58,5139,64
2021-08-18,Ventura,111,848112,89204,87835,3787,91622,1055
2021-08-18,Yolo,113,214977,16650,16047,626,16673,225
2021-08-18,Yuba,115,75493,7692,7391,166,7557,51
2021-08-17,Alameda,001,1643700,105642,102379,2292,104671,1290
2021-08-17,Alpine,002,1148,90,91,0,91,0
2021-08-17,Amador,005,37829,4402,4266,37,4303,50
2021-08-17,Butte,007,227075,14896,14357,2421,16778,206
2021-08-17,Calaveras,009,45235,2760,2624,18,2642,59
2021-08-17,Colusa,011,21464,2224,2156,440,2596,16
2021-08-17,Contra Costa,013,1133247,86037,82482,1671,84153,848
2021-08-17,Del Norte,015,27424,2472,2188,16,2204,8
2021-08-17,El Dorado,017,186661,12926,12242,1096,13338,118
2021-08-17,Fresno,019,978130,113101,110263,9767,120030,1755
2021-08-17,Glenn,021,27897,2695,2608,689,3297,20
2021-08-17,Humboldt,023,135768,6474,6155,145,6300,52
2021-08-17,Imperial,025,180216,30047,29768,2787,32555,746
2021-08-17,Inyo,027,18085,1498,1492,13,1505,39
2021-08-17,Kern,029,883053,105202,103048,13551,116599,1367
2021-08-17,Kings,031,150075,25647,24930,1314,26244,254
2021-08-17,Lake,033,64148,5100,4930,35,4965,68
2021-08-17,Lassen,035,31185,5596,5499,141,5640,21
2021-08-17,Los Angeles,037,10098052,1327900,1307999,47745,1355744,24952
2021-08-17,Madera,039,155013,18387,17838,1208,19046,246
2021-08-17,Marin,041,260295,15948,15570,312,15882,240
2021-08-17,Mariposa,043,17540,651,609,15,624,5
2021-08-17,Mendocino,045,87422,5399,5097,176,5273,51
2021-08-17,Merced,047,269075,34158,33508,1214,34722,482
2021-08-17,Modoc,049,8938,435,424,150,574,6
2021-08-17,Mono,051,14174,1380,1341,18,1359,3
2021-08-17,Monterey,053,433212,45238,44672,2181,46853,528
2021-08-17,Napa,055,140530,11238,11007,65,11072,83
2021-08-17,Nevada,057,99092,6908,6605,225,6830,75
2021-08-17,Orange,059,3164182,281892,277121,12836,289957,5164
2021-08-17,Placer,061,380077,29232,27634,2397,30031,312
2021-08-17,Plumas,063,18699,932,860,14,874,5
2021-08-17,Riverside,065,2383286,323403,316051,14941,330992,4582
2021-08-17,Sacramento,067,1510023,130443,125151,2618,127769,1774
2021-08-17,San Benito,069,59416,6553,6470,124,6594,64
2021-08-17,San Bernardino,071,2135413,319794,314402,9730,324132,5302
2021-08-17,San Diego,073,3302833,323336,317058,18785,335843,3824
2021-08-17,San Francisco,075,870044,46257,44820,1854,46674,567
2021-08-17,San Joaquin,077,732212,83912,81300,4235,85535,1489
2021-08-17,San Luis Obispo,079,281455,24338,23556,914,24470,268
2021-08-17,San Mateo,081,765935,48376,47127,683,47810,551
2021-08-17,Santa Barbara,083,443738,38366,37478,1300,38778,475
2021-08-17,Santa Clara,085,1922200,131700,128354,942,129296,1773
2021-08-17,Santa Cruz,087,273765,17974,17528,882,18410,209
2021-08-17,Shasta,089,179085,14519,14012,2000,16012,214
2021-08-17,Sierra,091,2930,91,82,13,95,0
2021-08-17,Siskiyou,093,43540,2305,2183,572,2755,33
2021-08-17,Solano,095,438530,39860,37662,909,38571,269
2021-08-17,Sonoma,097,501317,36357,34943,430,35373,333
2021-08-17,Stanislaus,099,539301,63917,62385,6968,69353,1047
2021-08-17,Sutter,101,95872,11199,10973,117,11090,130
2021-08-17,Tehama,103,63373,5817,5612,694,6306,66
2021-08-17,Trinity,105,12862,572,406,128,534,3
2021-08-17,Tulare,107,460477,53963,52362,10492,62854,856
2021-08-17,Tuolumne,109,53932,5186,5042,57,5099,64
2021-08-17,Ventura,111,848112,88965,87601,3766,91367,1053
2021-08-17,Yolo,113,214977,16561,15975,612,16587,225
2021-08-17,Yuba,115,75493,7620,7355,166,7521,51
2021-08-16,Alameda,001,1643700,105145,102052,2284,104336,1287
2021-08-16,Alpine,002,1148,90,91,0,91,0
2021-08-16,Amador,005,37829,4392,4235,37,4272,50
2021-08-16,Butte,007,227075,14779,14283,2384,16667,206
2021-08-16,Calaveras,009,45235,2700,2609,17,2626,57
2021-08-16,Colusa,011,21464,2213,2147,436,2583,16
2021-08-16,Contra Costa,013,1133247,85495,82070,1661,83731,848
2021-08-16,Del Norte,015,27424,2395,2125,16,2141,8
2021-08-16,El Dorado,017,186661,12825,12139,1083,13222,118
2021-08-16,Fresno,019,978130,112601,109623,9715,119338,1753
2021-08-16,Glenn,021,27897,2676,2593,683,3276,20
2021-08-16,Humboldt,023,135768,6402,6064,124,6188,52
2021-08-16,Imperial,025,180216,30006,29737,2773,32510,746
2021-08-16,Inyo,027,18085,1495,1490,13,1503,39
2021-08-16,Kern,029,883053,104827,102690,13435,116125,1367
2021-08-16,Kings,031,150075,25544,24817,1305,26122,254
2021-08-16,Lake,033,64148,5073,4898,34,4932,68
2021-08-16,Lassen,035,31185,5580,5481,133,5614,21
2021-08-16,Los Angeles,037,10098052,1324517,1305330,47605,1352935,24923
2021-08-16,Madera,039,155013,18312,17756,1187,18943,246
2021-08-16,Marin,041,260295,15889,15497,311,15808,239
2021-08-16,Mariposa,043,17540,634,597,15,612,5
2021-08-16,Mendocino,045,87422,5343,5037,174,5211,49
2021-08-16,Merced,047,269075,33957,33364,1201,34565,481
2021-08-16,Modoc,049,8938,433,421,149,570,5
2021-08-16,Mono,051,14174,1375,1339,18,1357,3
2021-08-16,Monterey,053,433212,45159,44595,2169,46764,527
2021-08-16,Napa,055,140530,11209,10946,65,11011,83
2021-08-16,Nevada,057,99092,6852,6535,224,6759,74
2021-08-16,Orange,059,3164182,281098,275985,12790,288775,5161
2021-08-16,Placer,061,380077,29050,27384,2365,29749,306
2021-08-16,Plumas,063,18699,921,851,14,865,5
2021-08-16,Riverside,065,2383286,322310,314774,14904,329678,4582
2021-08-16,Sacramento,067,1510023,129633,124554,2575,127129,1762
2021-08-16,San Benito,069,59416,6529,6452,124,6576,64
2021-08-16,San Bernardino,071,2135413,318827,313617,9703,323320,5301
2021-08-16,San Diego,073,3302833,321738,315348,18645,333993,3824
2021-08-16,San Francisco,075,870044,46054,44681,1847,46528,567
2021-08-16,San Joaquin,077,732212,83408,81087,4207,85294,1488
2021-08-16,San Luis Obispo,079,281455,24188,23452,906,24358,265
2021-08-16,San Mateo,081,765935,48193,47024,677,47701,548
2021-08-16,Santa Barbara,083,443738,38196,37358,1295,38653,475
2021-08-16,Santa Clara,085,1922200,131236,127978,938,128916,1773
2021-08-16,Santa Cruz,087,273765,17910,17491,876,18367,209
2021-08-16,Shasta,089,179085,14430,13862,1984,15846,211
2021-08-16,Sierra,091,2930,88,82,13,95,0
2021-08-16,Siskiyou,093,43540,2288,2169,552,2721,33
2021-08-16,Solano,095,438530,39579,37436,897,38333,263
2021-08-16,Sonoma,097,501317,36189,34844,427,35271,333
2021-08-16,Stanislaus,099,539301,63578,62033,6916,68949,1039
2021-08-16,Sutter,101,95872,11130,10902,116,11018,130
2021-08-16,Tehama,103,63373,5754,5565,689,6254,66
2021-08-16,Trinity,105,12862,566,400,127,527,3
2021-08-16,Tulare,107,460477,53719,52162,10424,62586,856
2021-08-16,Tuolumne,109,53932,5147,4984,56,5040,64
2021-08-16,Ventura,111,848112,88720,86954,3748,90702,1052
2021-08-16,Yolo,113,214977,16460,15922,604,16526,225
2021-08-16,Yuba,115,75493,7536,7314,165,7479,51
2021-08-15,Alameda,001,1643700,104663,101660,2267,103927,1287
2021-08-15,Alpine,002,1148,90,91,0,91,0
2021-08-15,Amador,005,37829,4364,4231,37,4268,49
2021-08-15,Butte,007,227075,14656,14263,2360,16623,206
2021-08-15,Calaveras,009,45235,2658,2599,17,2616,57
2021-08-15,Colusa,011,21464,2201,2140,426,2566,16
2021-08-15,Contra Costa,013,1133247,85011,81781,1646,83427,848
2021-08-15,Del Norte,015,27424,2328,2060,16,2076,8
2021-08-15,El Dorado,017,186661,12690,12057,1066,13123,118
2021-08-15,Fresno,019,978130,112123,109382,9649,119031,1753
2021-08-15,Glenn,021,27897,2653,2592,671,3263,20
2021-08-15,Humboldt,023,135768,6328,6024,118,6142,52
2021-08-15,Imperial,025,180216,29940,29711,2769,32480,746
2021-08-15,Inyo,027,18085,1494,1489,13,1502,39
2021-08-15,Kern,029,883053,104383,102524,13323,115847,1367
2021-08-15,Kings,031,150075,25398,24736,1295,26031,254
2021-08-15,Lake,033,64148,5014,4886,33,4919,68
2021-08-15,Lassen,035,31185,5563,5482,132,5614,21
2021-08-15,Los Angeles,037,10098052,1320982,1302882,47436,1350318,24918
2021-08-15,Madera,039,155013,18224,17714,1171,18885,246
2021-08-15,Marin,041,260295,15830,15461,309,15770,239
2021-08-15,Mariposa,043,17540,627,591,14,605,5
2021-08-15,Mendocino,045,87422,5286,5022,168,5190,49
2021-08-15,Merced,047,269075,33713,33305,1190,34495,481
2021-08-15,Modoc,049,8938,431,421,149,570,5
2021-08-15,Mono,051,14174,1371,1334,18,1352,3
2021-08-15,Monterey,053,433212,45037,44567,2148,46715,527
2021-08-15,Napa,055,140530,11154,10919,65,10984,83
2021-08-15,Nevada,057,99092,6767,6486,224,6710,74
2021-08-15,Orange,059,3164182,280328,275447,12750,288197,5161
2021-08-15,Placer,061,380077,28828,27220,2317,29537,306
2021-08-15,Plumas,063,18699,909,850,14,864,5
2021-08-15,Riverside,065,2383286,321172,314133,14877,329010,4582
2021-08-15,Sacramento,067,1510023,128815,123924,2543,126467,1761
2021-08-15,San Benito,069,59416,6511,6446,123,6569,64
2021-08-15,San Bernardino,071,2135413,317755,313120,9672,322792,5301
2021-08-15,San Diego,073,3302833,320266,314247,18518,332765,3824
2021-08-15,San Francisco,075,870044,45829,44531,1832,46363,567
2021-08-15,San Joaquin,077,732212,82920,80832,4168,85000,1488
2021-08-15,San Luis Obispo,079,281455,23992,23404,896,24300,265
2021-08-15,San Mateo,081,765935,48006,46897,671,47568,548
2021-08-15,Santa Barbara,083,443738,38024,37276,1288,38564,475
2021-08-15,Santa Clara,085,1922200,130802,127715,932,128647,1773
2021-08-15,Santa Cruz,087,273765,17840,17440,869,18309,209
2021-08-15,Shasta,089,179085,14327,13835,1959,15794,211
2021-08-15,Sierra,091,2930,87,82,12,94,0
2021-08-15,Siskiyou,093,43540,2267,2169,538,2707,33
2021-08-15,Solano,095,438530,39322,37320,886,38206,263
2021-08-15,Sonoma,097,501317,35993,34706,419,35125,333
2021-08-15,Stanislaus,099,539301,63209,61795,6839,68634,1039
2021-08-15,Sutter,101,95872,11039,10863,116,10979,130
2021-08-15,Tehama,103,63373,5705,5550,683,6233,66
2021-08-15,Trinity,105,12862,562,400,126,526,3
2021-08-15,Tulare,107,460477,53464,52046,10365,62411,856
2021-08-15,Tuolumne,109,53932,5109,4934,54,4988,64
2021-08-15,Ventura,111,848112,88415,86797,3733,90530,1052
2021-08-15,Yolo,113,214977,16365,15873,594,16467,225
2021-08-15,Yuba,115,75493,7459,7265,164,7429,51
2021-08-14,Alameda,001,1643700,104447,101305,2263,103568,1287
2021-08-14,Alpine,002,1148,90,91,0,91,0
2021-08-14,Amador,005,37829,4346,4206,37,4243,49
2021-08-14,Butte,007,227075,14620,14192,2344,16536,206
2021-08-14,Calaveras,009,45235,2651,2579,17,2596,57
2021-08-14,Colusa,011,21464,2190,2134,422,2556,16
2021-08-14,Contra Costa,013,1133247,84763,81458,1638,83096,848
2021-08-14,Del Norte,015,27424,2301,2015,16,2031,8
2021-08-14,El Dorado,017,186661,12654,12019,1058,13077,118
2021-08-14,Fresno,019,978130,111960,109056,9619,118675,1753
2021-08-14,Glenn,021,27897,2642,2583,668,3251,20
2021-08-14,Humboldt,023,135768,6275,5998,115,6113,52
2021-08-14,Imperial,025,180216,29913,29671,2769,32440,746
2021-08-14,Inyo,027,18085,1492,1487,13,1500,39
2021-08-14,Kern,029,883053,104188,102306,13227,115533,1367
2021-08-14,Kings,031,150075,25300,24647,1287,25934,254
2021-08-14,Lake,033,64148,4997,4850,32,4882,68
2021-08-14,Lassen,035,31185,5556,5475,131,5606,21
2021-08-14,Los Angeles,037,10098052,1319209,1299346,47299,1346645,24911
2021-08-14,Madera,039,155013,18177,17691,1166,18857,246
2021-08-14,Marin,041,260295,15796,15441,309,15750,239
2021-08-14,Mariposa,043,17540,623,584,14,598,5
2021-08-14,Mendocino,045,87422,5250,4977,165,5142,49
2021-08-14,Merced,047,269075,33649,33234,1184,34418,481
2021-08-14,Modoc,049,8938,431,421,149,570,5
2021-08-14,Mono,051,14174,1366,1332,18,1350,3
2021-08-14,Monterey,053,433212,44992,44514,2145,46659,527
2021-08-14,Napa,055,140530,11124,10878,64,10942,83
2021-08-14,Nevada,057,99092,6732,6419,223,6642,74
2021-08-14,Orange,059,3164182,279894,274732,12723,287455,5161
2021-08-14,Placer,061,380077,28682,27115,2293,29408,306
2021-08-14,Plumas,063,18699,899,849,14,863,5
2021-08-14,Riverside,065,2383286,320456,313264,14856,328120,4582
2021-08-14,Sacramento,067,1510023,128322,123438,2524,125962,1758
2021-08-14,San Benito,069,59416,6498,6428,123,6551,64
2021-08-14,San Bernardino,071,2135413,317205,312142,9651,321793,5301
2021-08-14,San Diego,073,3302833,319595,313589,18450,332039,3824
2021-08-14,San Francisco,075,870044,45700,44353,1813,46166,567
2021-08-14,San Joaquin,077,732212,82703,80585,4153,84738,1488
2021-08-14,San Luis Obispo,079,281455,23931,23328,893,24221,265
2021-08-14,San Mateo,081,765935,47887,46792,667,47459,548
2021-08-14,Santa Barbara,083,443738,37930,37118,1286,38404,475
2021-08-14,Santa Clara,085,1922200,130523,127432,929,128361,1772
2021-08-14,Santa Cruz,087,273765,17801,17384,868,18252,209
2021-08-14,Shasta,089,179085,14252,13813,1938,15751,211
2021-08-14,Sierra,091,2930,86,81,12,93,0
2021-08-14,Siskiyou,093,43540,2257,2160,528,2688,33
2021-08-14,Solano,095,438530,39235,37237,874,38111,263
2021-08-14,Sonoma,097,501317,35870,34606,417,35023,333
2021-08-14,Stanislaus,099,539301,63033,61564,6795,68359,1039
2021-08-14,Sutter,101,95872,10994,10808,115,10923,130
2021-08-14,Tehama,103,63373,5681,5530,678,6208,66
2021-08-14,Trinity,105,12862,556,399,126,525,3
2021-08-14,Tulare,107,460477,53328,51951,10320,62271,856
2021-08-14,Tuolumne,109,53932,5074,4924,54,4978,64
2021-08-14,Ventura,111,848112,88259,86569,3713,90282,1052
2021-08-14,Yolo,113,214977,16320,15815,585,16400,225
2021-08-14,Yuba,115,75493,7410,7223,164,7387,51
2021-08-13,Alameda,001,1643700,104152,100930,2255,103185,1284
2021-08-13,Alpine,002,1148,90,91,0,91,0
2021-08-13,Amador,005,37829,4318,4169,37,4206,49
2021-08-13,Butte,007,227075,14550,14100,2328,16428,206
2021-08-13,Calaveras,009,45235,2645,2564,17,2581,57
2021-08-13,Colusa,011,21464,2183,2123,417,2540,16
2021-08-13,Contra Costa,013,1133247,84451,81046,1631,82677,848
2021-08-13,Del Norte,015,27424,2261,1973,16,1989,8
2021-08-13,El Dorado,017,186661,12614,11951,1046,12997,118
2021-08-13,Fresno,019,978130,111668,108638,9595,118233,1753
2021-08-13,Glenn,021,27897,2631,2574,665,3239,20
2021-08-13,Humboldt,023,135768,6228,5882,112,5994,52
2021-08-13,Imperial,025,180216,29886,29654,2768,32422,745
2021-08-13,Inyo,027,18085,1491,1484,13,1497,39
2021-08-13,Kern,029,883053,103979,102029,13118,115147,1364
2021-08-13,Kings,031,150075,25215,24531,1280,25811,253
2021-08-13,Lake,033,64148,4974,4811,31,4842,68
2021-08-13,Lassen,035,31185,5548,5455,130,5585,21
2021-08-13,Los Angeles,037,10098052,1316885,1295406,47161,1342567,24891
2021-08-13,Madera,039,155013,18128,17614,1157,18771,246
2021-08-13,Marin,041,260295,15765,15380,309,15689,239
2021-08-13,Mariposa,043,17540,617,577,14,591,5
2021-08-13,Mendocino,045,87422,5197,4924,163,5087,49
2021-08-13,Merced,047,269075,33602,33111,1178,34289,480
2021-08-13,Modoc,049,8938,430,421,148,569,5
2021-08-13,Mono,051,14174,1363,1331,18,1349,3
2021-08-13,Monterey,053,433212,44932,44450,2143,46593,527
2021-08-13,Napa,055,140530,11088,10830,64,10894,83
2021-08-13,Nevada,057,99092,6691,6356,222,6578,74
2021-08-13,Orange,059,3164182,279401,274004,12674,286678,5159
2021-08-13,Placer,061,380077,28581,26987,2266,29253,306
2021-08-13,Plumas,063,18699,885,842,14,856,5
2021-08-13,Riverside,065,2383286,319717,312408,14831,327239,4581
2021-08-13,Sacramento,067,1510023,127852,122868,2497,125365,1758
2021-08-13,San Benito,069,59416,6492,6422,121,6543,64
2021-08-13,San Bernardino,071,2135413,316537,311378,9632,321010,5301
2021-08-13,San Diego,073,3302833,318549,312293,18371,330664,3821
2021-08-13,San Francisco,075,870044,45564,44196,1790,45986,567
2021-08-13,San Joaquin,077,732212,82486,80232,4137,84369,1481
2021-08-13,San Luis Obispo,079,281455,23868,23226,890,24116,265
2021-08-13,San Mateo,081,765935,47768,46660,666,47326,548
2021-08-13,Santa Barbara,083,443738,37845,37023,1282,38305,474
2021-08-13,Santa Clara,085,1922200,130236,126958,923,127881,1769
2021-08-13,Santa Cruz,087,273765,17761,17332,861,18193,209
2021-08-13,Shasta,089,179085,14189,13698,1924,15622,211
2021-08-13,Sierra,091,2930,85,81,12,93,0
2021-08-13,Siskiyou,093,43540,2248,2147,524,2671,33
2021-08-13,Solano,095,438530,39101,37104,866,37970,264
2021-08-13,Sonoma,097,501317,35765,34464,417,34881,333
2021-08-13,Stanislaus,099,539301,62861,61294,6754,68048,1039
2021-08-13,Sutter,101,95872,10950,10751,114,10865,130
2021-08-13,Tehama,103,63373,5657,5496,676,6172,66
2021-08-13,Trinity,105,12862,552,392,126,518,3
2021-08-13,Tulare,107,460477,53224,51770,10247,62017,856
2021-08-13,Tuolumne,109,53932,5041,4899,53,4952,64
2021-08-13,Ventura,111,848112,88101,86368,3700,90068,1052
2021-08-13,Yolo,113,214977,16266,15761,575,16336,225
2021-08-13,Yuba,115,75493,7372,7184,164,7348,51
2021-08-12,Alameda,001,1643700,103665,100472,2242,102714,1284
2021-08-12,Alpine,002,1148,90,91,0,91,0
2021-08-12,Amador,005,37829,4288,4161,36,4197,49
2021-08-12,Butte,007,227075,14480,14006,2310,16316,206
2021-08-12,Calaveras,009,45235,2629,2531,17,2548,57
2021-08-12,Colusa,011,21464,2178,2111,416,2527,17
2021-08-12,Contra Costa,013,1133247,83966,80738,1616,82354,846
2021-08-12,Del Norte,015,27424,2189,1923,16,1939,8
2021-08-12,El Dorado,017,186661,12500,11880,1037,12917,118
2021-08-12,Fresno,019,978130,111245,108193,9527,117720,1753
2021-08-12,Glenn,021,27897,2623,2559,653,3212,20
2021-08-12,Humboldt,023,135768,6159,5845,108,5953,52
2021-08-12,Imperial,025,180216,29830,29585,2762,32347,745
2021-08-12,Inyo,027,18085,1489,1483,13,1496,39
2021-08-12,Kern,029,883053,103689,101698,13039,114737,1364
2021-08-12,Kings,031,150075,25115,24423,1272,25695,252
2021-08-12,Lake,033,64148,4948,4774,31,4805,68
2021-08-12,Lassen,035,31185,5526,5428,129,5557,21
2021-08-12,Los Angeles,037,10098052,1313693,1291875,47027,1338902,24874
2021-08-12,Madera,039,155013,18064,17564,1145,18709,246
2021-08-12,Marin,041,260295,15716,15277,306,15583,239
2021-08-12,Mariposa,043,17540,608,568,13,581,5
2021-08-12,Mendocino,045,87422,5167,4873,157,5030,49
2021-08-12,Merced,047,269075,33478,32960,1171,34131,480
2021-08-12,Modoc,049,8938,429,423,148,571,5
2021-08-12,Mono,051,14174,1358,1325,18,1343,3
2021-08-12,Monterey,053,433212,44856,44383,2128,46511,527
2021-08-12,Napa,055,140530,11039,10780,63,10843,83
2021-08-12,Nevada,057,99092,6630,6283,222,6505,74
2021-08-12,Orange,059,3164182,278722,273167,12616,285783,5158
2021-08-12,Placer,061,380077,28382,26856,2243,29099,306
2021-08-12,Plumas,063,18699,877,829,14,843,5
2021-08-12,Riverside,065,2383286,318708,311304,14799,326103,4575
2021-08-12,Sacramento,067,1510023,127079,122222,2467,124689,1758
2021-08-12,San Benito,069,59416,6475,6398,119,6517,64
2021-08-12,San Bernardino,071,2135413,315663,310420,9602,320022,5297
2021-08-12,San Diego,073,3302833,317178,310596,18282,328878,3821
2021-08-12,San Francisco,075,870044,45357,43774,1777,45551,564
2021-08-12,San Joaquin,077,732212,82091,79945,4113,84058,1479
2021-08-12,San Luis Obispo,079,281455,23768,23101,877,23978,264
2021-08-12,San Mateo,081,765935,47624,46435,663,47098,548
2021-08-12,Santa Barbara,083,443738,37708,36881,1274,38155,473
2021-08-12,Santa Clara,085,1922200,129787,126614,917,127531,1769
2021-08-12,Santa Cruz,087,273765,17697,17261,860,18121,209
2021-08-12,Shasta,089,179085,14104,13621,1897,15518,211
2021-08-12,Sierra,091,2930,85,81,12,93,0
2021-08-12,Siskiyou,093,43540,2241,2134,515,2649,33
2021-08-12,Solano,095,438530,38872,36980,857,37837,262
2021-08-12,Sonoma,097,501317,35617,34299,414,34713,333
2021-08-12,Stanislaus,099,539301,62596,61026,6695,67721,1039
2021-08-12,Sutter,101,95872,10889,10695,112,10807,130
2021-08-12,Tehama,103,63373,5627,5462,667,6129,66
2021-08-12,Trinity,105,12862,548,386,125,511,3
2021-08-12,Tulare,107,460477,53079,51632,10198,61830,856
2021-08-12,Tuolumne,109,53932,4994,4845,51,4896,64
2021-08-12,Ventura,111,848112,87864,86106,3676,89782,1052
2021-08-12,Yolo,113,214977,16194,15686,561,16247,224
2021-08-12,Yuba,115,75493,7324,7128,163,7291,51
2021-08-11,Alameda,001,1643700,103159,100040,2239,102279,1281
2021-08-11,Alpine,002,1148,90,91,0,91,0
2021-08-11,Amador,005,37829,4264,4127,36,4163,49
2021-08-11,Butte,007,227075,14379,13905,2284,16189,206
2021-08-11,Calaveras,009,45235,2607,2505,17,2522,57
2021-08-11,Colusa,011,21464,2168,2101,414,2515,16
2021-08-11,Contra Costa,013,1133247,83465,80275,1598,81873,843
2021-08-11,Del Norte,015,27424,2130,1893,16,1909,8
2021-08-11,El Dorado,017,186661,12389,11799,1025,12824,119
2021-08-11,Fresno,019,978130,110788,107773,9481,117254,1751
2021-08-11,Glenn,021,27897,2614,2547,643,3190,20
2021-08-11,Humboldt,023,135768,6112,5765,107,5872,52
2021-08-11,Imperial,025,180216,29787,29565,2758,32323,745
2021-08-11,Inyo,027,18085,1489,1483,13,1496,39
2021-08-11,Kern,029,883053,103375,101448,12932,114380,1363
2021-08-11,Kings,031,150075,25002,24304,1263,25567,250
2021-08-11,Lake,033,64148,4911,4713,30,4743,68
2021-08-11,Lassen,035,31185,5517,5408,127,5535,21
2021-08-11,Los Angeles,037,10098052,1310364,1288238,46842,1335080,24851
2021-08-11,Madera,039,155013,18014,17511,1134,18645,245
2021-08-11,Marin,041,260295,15667,15235,306,15541,239
2021-08-11,Mariposa,043,17540,598,554,12,566,5
2021-08-11,Mendocino,045,87422,5098,4796,148,4944,49
2021-08-11,Merced,047,269075,33345,32802,1167,33969,479
2021-08-11,Modoc,049,8938,429,421,148,569,5
2021-08-11,Mono,051,14174,1353,1320,18,1338,3
2021-08-11,Monterey,053,433212,44757,44314,2110,46424,527
2021-08-11,Napa,055,140530,10998,10732,63,10795,83
2021-08-11,Nevada,057,99092,6577,6172,219,6391,74
2021-08-11,Orange,059,3164182,277864,272212,12570,284782,5155
2021-08-11,Placer,061,380077,28170,26687,2217,28904,305
2021-08-11,Plumas,063,18699,868,824,14,838,5
2021-08-11,Riverside,065,2383286,317715,310265,14764,325029,4570
2021-08-11,Sacramento,067,1510023,126288,121603,2427,124030,1757
2021-08-11,San Benito,069,59416,6462,6381,119,6500,64
2021-08-11,San Bernardino,071,2135413,314770,309498,9583,319081,5296
2021-08-11,San Diego,073,3302833,315708,309406,18178,327584,3818
2021-08-11,San Francisco,075,870044,45132,43555,1769,45324,564
2021-08-11,San Joaquin,077,732212,81684,79641,4086,83727,1478
2021-08-11,San Luis Obispo,079,281455,23664,22920,870,23790,264
2021-08-11,San Mateo,081,765935,47456,46300,660,46960,548
2021-08-11,Santa Barbara,083,443738,37545,36699,1266,37965,472
2021-08-11,Santa Clara,085,1922200,129305,126301,909,127210,1769
2021-08-11,Santa Cruz,087,273765,17632,17191,857,18048,209
2021-08-11,Shasta,089,179085,14030,13546,1882,15428,211
2021-08-11,Sierra,091,2930,84,81,12,93,0
2021-08-11,Siskiyou,093,43540,2227,2124,508,2632,33
2021-08-11,Solano,095,438530,38637,36862,843,37705,262
2021-08-11,Sonoma,097,501317,35438,34188,409,34597,333
2021-08-11,Stanislaus,099,539301,62265,60767,6665,67432,1037
2021-08-11,Sutter,101,95872,10817,10628,112,10740,130
2021-08-11,Tehama,103,63373,5598,5410,651,6061,66
2021-08-11,Trinity,105,12862,546,385,125,510,3
2021-08-11,Tulare,107,460477,52911,51464,10154,61618,854
2021-08-11,Tuolumne,109,53932,4962,4794,51,4845,64
2021-08-11,Ventura,111,848112,87612,85863,3655,89518,1051
2021-08-11,Yolo,113,214977,16119,15593,545,16138,218
2021-08-11,Yuba,115,75493,7265,7063,162,7225,53
2021-08-10,Alameda,001,1643700,102692,99771,2232,102003,1281
2021-08-10,Alpine,002,1148,90,91,0,91,0
2021-08-10,Amador,005,37829,4248,4093,36,4129,49
2021-08-10,Butte,007,227075,14295,13853,2264,16117,205
2021-08-10,Calaveras,009,45235,2583,2491,15,2506,57
2021-08-10,Colusa,011,21464,2155,2088,405,2493,16
2021-08-10,Contra Costa,013,1133247,82921,80018,1588,81606,840
2021-08-10,Del Norte,015,27424,2086,1870,16,1886,8
2021-08-10,El Dorado,017,186661,12288,11734,1013,12747,117
2021-08-10,Fresno,019,978130,110330,107616,9425,117041,1747
2021-08-10,Glenn,021,27897,2601,2538,633,3171,20
2021-08-10,Humboldt,023,135768,6058,5718,104,5822,52
2021-08-10,Imperial,025,180216,29752,29522,2751,32273,745
2021-08-10,Inyo,027,18085,1489,1482,13,1495,39
2021-08-10,Kern,029,883053,103047,101254,12836,114090,1359
2021-08-10,Kings,031,150075,24876,24252,1247,25499,251
2021-08-10,Lake,033,64148,4870,4700,30,4730,67
2021-08-10,Lassen,035,31185,5499,5401,127,5528,21
2021-08-10,Los Angeles,037,10098052,1306607,1285140,46679,1331819,24821
2021-08-10,Madera,039,155013,17941,17481,1124,18605,245
2021-08-10,Marin,041,260295,15620,15194,306,15500,239
2021-08-10,Mariposa,043,17540,585,550,12,562,5
2021-08-10,Mendocino,045,87422,5053,4775,144,4919,49
2021-08-10,Merced,047,269075,33197,32721,1158,33879,477
2021-08-10,Modoc,049,8938,428,421,148,569,5
2021-08-10,Mono,051,14174,1348,1320,18,1338,3
2021-08-10,Monterey,053,433212,44695,44259,2095,46354,527
2021-08-10,Napa,055,140530,10943,10703,62,10765,83
2021-08-10,Nevada,057,99092,6512,6151,218,6369,73
2021-08-10,Orange,059,3164182,276984,271688,12523,284211,5155
2021-08-10,Placer,061,380077,27951,26561,2175,28736,305
2021-08-10,Plumas,063,18699,859,816,14,830,5
2021-08-10,Riverside,065,2383286,316600,309529,14738,324267,4564
2021-08-10,Sacramento,067,1510023,125435,121159,2396,123555,1755
2021-08-10,San Benito,069,59416,6448,6371,119,6490,64
2021-08-10,San Bernardino,071,2135413,313846,308672,9565,318237,5295
2021-08-10,San Diego,073,3302833,314060,308288,18086,326374,3815
2021-08-10,San Francisco,075,870044,44879,43389,1754,45143,564
2021-08-10,San Joaquin,077,732212,81286,79391,4068,83459,1478
2021-08-10,San Luis Obispo,079,281455,23538,22776,868,23644,264
2021-08-10,San Mateo,081,765935,47284,46184,658,46842,548
2021-08-10,Santa Barbara,083,443738,37380,36574,1259,37833,472
2021-08-10,Santa Clara,085,1922200,128842,126019,902,126921,1770
2021-08-10,Santa Cruz,087,273765,17549,17142,855,17997,209
2021-08-10,Shasta,089,179085,13952,13461,1859,15320,211
2021-08-10,Sierra,091,2930,84,76,12,88,0
2021-08-10,Siskiyou,093,43540,2218,2088,501,2589,33
2021-08-10,Solano,095,438530,38391,36767,832,37599,262
2021-08-10,Sonoma,097,501317,35293,34054,406,34460,333
2021-08-10,Stanislaus,099,539301,61919,60605,6628,67233,1037
2021-08-10,Sutter,101,95872,10752,10569,112,10681,130
2021-08-10,Tehama,103,63373,5569,5392,646,6038,66
2021-08-10,Trinity,105,12862,546,384,125,509,3
2021-08-10,Tulare,107,460477,52747,51390,10102,61492,854
2021-08-10,Tuolumne,109,53932,4933,4780,49,4829,64
2021-08-10,Ventura,111,848112,87323,85714,3634,89348,1051
2021-08-10,Yolo,113,214977,16032,15568,535,16103,218
2021-08-10,Yuba,115,75493,7216,7028,162,7190,50
2021-08-09,Alameda,001,1643700,102141,99496,2228,101724,1276
2021-08-09,Alpine,002,1148,90,91,0,91,0
2021-08-09,Amador,005,37829,4222,4078,36,4114,48
2021-08-09,Butte,007,227075,14196,13813,2235,16048,205
2021-08-09,Calaveras,009,45235,2558,2472,15,2487,57
2021-08-09,Colusa,011,21464,2145,2075,398,2473,16
2021-08-09,Contra Costa,013,1133247,82379,79740,1576,81316,840
2021-08-09,Del Norte,015,27424,2018,1848,16,1864,8
2021-08-09,El Dorado,017,186661,12181,11672,1000,12672,117
2021-08-09,Fresno,019,978130,109836,107310,9386,116696,1747
2021-08-09,Glenn,021,27897,2590,2532,621,3153,20
2021-08-09,Humboldt,023,135768,5967,5632,102,5734,52
2021-08-09,Imperial,025,180216,29707,29512,2747,32259,745
2021-08-09,Inyo,027,18085,1489,1481,13,1494,39
2021-08-09,Kern,029,883053,102735,101069,12750,113819,1359
2021-08-09,Kings,031,150075,24769,24155,1233,25388,250
2021-08-09,Lake,033,64148,4835,4670,28,4698,66
2021-08-09,Lassen,035,31185,5477,5393,126,5519,21
2021-08-09,Los Angeles,037,10098052,1302589,1282891,46480,1329371,24798
2021-08-09,Madera,039,155013,17882,17429,1104,18533,245
2021-08-09,Marin,041,260295,15567,15154,305,15459,239
2021-08-09,Mariposa,043,17540,572,545,12,557,5
2021-08-09,Mendocino,045,87422,5002,4732,136,4868,49
2021-08-09,Merced,047,269075,33051,32666,1151,33817,477
2021-08-09,Modoc,049,8938,428,419,148,567,5
2021-08-09,Mono,051,14174,1345,1337,18,1355,3
2021-08-09,Monterey,053,433212,44623,44190,2080,46270,527
2021-08-09,Napa,055,140530,10896,10679,62,10741,83
2021-08-09,Nevada,057,99092,6440,6088,217,6305,73
2021-08-09,Orange,059,3164182,275945,271036,12468,283504,5153
2021-08-09,Placer,061,380077,27727,26457,2144,28601,305
2021-08-09,Plumas,063,18699,842,803,14,817,5
2021-08-09,Riverside,065,2383286,315523,308678,14720,323398,4562
2021-08-09,Sacramento,067,1510023,124601,120812,2371,123183,1748
2021-08-09,San Benito,069,59416,6428,6359,117,6476,63
2021-08-09,San Bernardino,071,2135413,312861,308038,9542,317580,5295
2021-08-09,San Diego,073,3302833,312401,306855,17987,324842,3811
2021-08-09,San Francisco,075,870044,44633,43261,1738,44999,564
2021-08-09,San Joaquin,077,732212,80903,79198,4050,83248,1469
2021-08-09,San Luis Obispo,079,281455,23399,22695,859,23554,264
2021-08-09,San Mateo,081,765935,47112,46040,655,46695,548
2021-08-09,Santa Barbara,083,443738,37196,36474,1251,37725,470
2021-08-09,Santa Clara,085,1922200,128339,125791,893,126684,2187
2021-08-09,Santa Cruz,087,273765,17487,17082,855,17937,209
2021-08-09,Shasta,089,179085,13835,13397,1848,15245,210
2021-08-09,Sierra,091,2930,83,75,12,87,0
2021-08-09,Siskiyou,093,43540,2206,2047,486,2533,32
2021-08-09,Solano,095,438530,38114,36653,830,37483,262
2021-08-09,Sonoma,097,501317,35112,33933,404,34337,333
2021-08-09,Stanislaus,099,539301,61640,60410,6579,66989,1037
2021-08-09,Sutter,101,95872,10703,10525,109,10634,129
2021-08-09,Tehama,103,63373,5527,5373,645,6018,66
2021-08-09,Trinity,105,12862,544,378,123,501,3
2021-08-09,Tulare,107,460477,52588,51274,10039,61313,854
2021-08-09,Tuolumne,109,53932,4891,4745,49,4794,64
2021-08-09,Ventura,111,848112,87051,85514,3623,89137,1047
2021-08-09,Yolo,113,214977,15954,15521,514,16035,218
2021-08-09,Yuba,115,75493,7157,6994,162,7156,50
2021-08-08,Alameda,001,1643700,101592,99135,2222,101357,1276
2021-08-08,Alpine,002,1148,90,91,0,91,0
2021-08-08,Amador,005,37829,4188,4057,35,4092,48
2021-08-08,Butte,007,227075,14114,13791,2215,16006,205
2021-08-08,Calaveras,009,45235,2525,2462,15,2477,57
2021-08-08,Colusa,011,21464,2128,2070,391,2461,16
2021-08-08,Contra Costa,013,1133247,81854,79454,1568,81022,840
2021-08-08,Del Norte,015,27424,1972,1810,16,1826,8
2021-08-08,El Dorado,017,186661,12060,11631,990,12621,117
2021-08-08,Fresno,019,978130,109393,107078,9349,116427,1747
2021-08-08,Glenn,021,27897,2582,2527,614,3141,20
2021-08-08,Humboldt,023,135768,5878,5571,102,5673,52
2021-08-08,Imperial,025,180216,29683,29485,2737,32222,745
2021-08-08,Inyo,027,18085,1489,1481,13,1494,39
2021-08-08,Kern,029,883053,102415,100909,12638,113547,1359
2021-08-08,Kings,031,150075,24655,24095,1224,25319,250
2021-08-08,Lake,033,64148,4785,4636,27,4663,66
2021-08-08,Lassen,035,31185,5462,5391,125,5516,21
2021-08-08,Los Angeles,037,10098052,1298339,1279982,46297,1326279,24793
2021-08-08,Madera,039,155013,17803,17398,1087,18485,245
2021-08-08,Marin,041,260295,15514,15124,303,15427,239
2021-08-08,Mariposa,043,17540,568,538,12,550,5
2021-08-08,Mendocino,045,87422,4940,4702,123,4825,49
2021-08-08,Merced,047,269075,32904,32634,1142,33776,477
2021-08-08,Modoc,049,8938,427,419,147,566,5
2021-08-08,Mono,051,14174,1341,1336,18,1354,3
2021-08-08,Monterey,053,433212,44553,44171,2069,46240,527
2021-08-08,Napa,055,140530,10860,10668,62,10730,83
2021-08-08,Nevada,057,99092,6356,6009,215,6224,73
2021-08-08,Orange,059,3164182,275031,270532,12426,282958,5153
2021-08-08,Placer,061,380077,27518,26332,2103,28435,305
2021-08-08,Plumas,063,18699,833,803,14,817,5
2021-08-08,Riverside,065,2383286,314400,308042,14697,322739,4562
2021-08-08,Sacramento,067,1510023,123772,120109,2359,122468,1744
2021-08-08,San Benito,069,59416,6411,6350,116,6466,63
2021-08-08,San Bernardino,071,2135413,311719,307378,9513,316891,5295
2021-08-08,San Diego,073,3302833,311060,305983,17889,323872,3811
2021-08-08,San Francisco,075,870044,44371,43098,1716,44814,564
2021-08-08,San Joaquin,077,732212,80455,79002,4034,83036,1469
2021-08-08,San Luis Obispo,079,281455,23225,22668,851,23519,263
2021-08-08,San Mateo,081,765935,46922,45927,652,46579,548
2021-08-08,Santa Barbara,083,443738,37019,36417,1244,37661,470
2021-08-08,Santa Clara,085,1922200,127887,125553,888,126441,2187
2021-08-08,Santa Cruz,087,273765,17415,17035,850,17885,209
2021-08-08,Shasta,089,179085,13750,13381,1837,15218,210
2021-08-08,Sierra,091,2930,83,74,12,86,0
2021-08-08,Siskiyou,093,43540,2190,2041,481,2522,32
2021-08-08,Solano,095,438530,37862,36551,826,37377,262
2021-08-08,Sonoma,097,501317,34868,33805,403,34208,333
2021-08-08,Stanislaus,099,539301,61314,60269,6534,66803,1037
2021-08-08,Sutter,101,95872,10643,10481,108,10589,129
2021-08-08,Tehama,103,63373,5491,5359,642,6001,66
2021-08-08,Trinity,105,12862,539,378,123,501,3
2021-08-08,Tulare,107,460477,52409,51220,9980,61200,854
2021-08-08,Tuolumne,109,53932,4851,4731,49,4780,64
2021-08-08,Ventura,111,848112,86760,85382,3613,88995,1047
2021-08-08,Yolo,113,214977,15861,15477,507,15984,218
2021-08-08,Yuba,115,75493,7118,6967,162,7129,50
2021-08-07,Alameda,001,1643700,101345,98812,2216,101028,1276
2021-08-07,Alpine,002,1148,90,91,0,91,0
2021-08-07,Amador,005,37829,4171,4041,34,4075,48
2021-08-07,Butte,007,227075,14062,13714,2203,15917,205
2021-08-07,Calaveras,009,45235,2515,2446,15,2461,57
2021-08-07,Colusa,011,21464,2123,2067,382,2449,16
2021-08-07,Contra Costa,013,1133247,81558,79168,1565,80733,840
2021-08-07,Del Norte,015,27424,1940,1791,16,1807,8
2021-08-07,El Dorado,017,186661,12012,11575,983,12558,117
2021-08-07,Fresno,019,978130,109189,106861,9323,116184,1747
2021-08-07,Glenn,021,27897,2574,2515,613,3128,20
2021-08-07,Humboldt,023,135768,5828,5510,99,5609,52
2021-08-07,Imperial,025,180216,29664,29470,2737,32207,745
2021-08-07,Inyo,027,18085,1487,1476,13,1489,39
2021-08-07,Kern,029,883053,102257,100693,12582,113275,1359
2021-08-07,Kings,031,150075,24594,24048,1218,25266,250
2021-08-07,Lake,033,64148,4764,4613,27,4640,66
2021-08-07,Lassen,035,31185,5458,5386,125,5511,21
2021-08-07,Los Angeles,037,10098052,1296301,1276853,46152,1323005,24786
2021-08-07,Madera,039,155013,17768,17366,1083,18449,245
2021-08-07,Marin,041,260295,15480,15085,302,15387,239
2021-08-07,Mariposa,043,17540,565,530,12,542,5
2021-08-07,Mendocino,045,87422,4904,4690,121,4811,49
2021-08-07,Merced,047,269075,32840,32569,1139,33708,477
2021-08-07,Modoc,049,8938,427,419,147,566,5
2021-08-07,Mono,051,14174,1338,1329,18,1347,3
2021-08-07,Monterey,053,433212,44501,44124,2064,46188,527
2021-08-07,Napa,055,140530,10839,10658,61,10719,83
2021-08-07,Nevada,057,99092,6306,5967,213,6180,73
2021-08-07,Orange,059,3164182,274439,269900,12396,282296,5153
2021-08-07,Placer,061,380077,27329,26244,2094,28338,305
2021-08-07,Plumas,063,18699,828,801,14,815,5
2021-08-07,Riverside,065,2383286,313727,307326,14690,322016,4562
2021-08-07,Sacramento,067,1510023,123270,119636,2355,121991,1744
2021-08-07,San Benito,069,59416,6401,6332,116,6448,63
2021-08-07,San Bernardino,071,2135413,311131,306663,9496,316159,5295
2021-08-07,San Diego,073,3302833,310304,304974,17854,322828,3811
2021-08-07,San Francisco,075,870044,44199,42926,1698,44624,564
2021-08-07,San Joaquin,077,732212,80291,78769,4019,82788,1469
2021-08-07,San Luis Obispo,079,281455,23156,22579,850,23429,263
2021-08-07,San Mateo,081,765935,46794,45804,650,46454,548
2021-08-07,Santa Barbara,083,443738,36923,36303,1238,37541,470
2021-08-07,Santa Clara,085,1922200,127616,125196,883,126079,2188
2021-08-07,Santa Cruz,087,273765,17373,16994,848,17842,209
2021-08-07,Shasta,089,179085,13694,13361,1830,15191,210
2021-08-07,Sierra,091,2930,83,74,12,86,0
2021-08-07,Siskiyou,093,43540,2178,2039,479,2518,32
2021-08-07,Solano,095,438530,37746,36458,818,37276,262
2021-08-07,Sonoma,097,501317,34746,33716,403,34119,333
2021-08-07,Stanislaus,099,539301,61143,60093,6504,66597,1037
2021-08-07,Sutter,101,95872,10606,10447,108,10555,129
2021-08-07,Tehama,103,63373,5480,5343,637,5980,66
2021-08-07,Trinity,105,12862,535,377,122,499,3
2021-08-07,Tulare,107,460477,52323,51133,9942,61075,854
2021-08-07,Tuolumne,109,53932,4821,4721,49,4770,64
2021-08-07,Ventura,111,848112,86580,85232,3599,88831,1047
2021-08-07,Yolo,113,214977,15818,15423,502,15925,218
2021-08-07,Yuba,115,75493,7093,6937,160,7097,50
2021-08-06,Alameda,001,1643700,101016,98487,2210,100697,1275
2021-08-06,Alpine,002,1148,90,91,0,91,0
2021-08-06,Amador,005,37829,4150,4002,34,4036,48
2021-08-06,Butte,007,227075,14012,13626,2188,15814,205
2021-08-06,Calaveras,009,45235,2504,2419,15,2434,57
2021-08-06,Colusa,011,21464,2116,2045,377,2422,16
2021-08-06,Contra Costa,013,1133247,81263,78796,1560,80356,840
2021-08-06,Del Norte,015,27424,1913,1755,15,1770,8
2021-08-06,El Dorado,017,186661,11962,11498,971,12469,117
2021-08-06,Fresno,019,978130,108925,106542,9296,115838,1747
2021-08-06,Glenn,021,27897,2559,2504,610,3114,20
2021-08-06,Humboldt,023,135768,5777,5421,96,5517,52
2021-08-06,Imperial,025,180216,29653,29404,2733,32137,745
2021-08-06,Inyo,027,18085,1484,1471,13,1484,39
2021-08-06,Kern,029,883053,102080,100427,12497,112924,1359
2021-08-06,Kings,031,150075,24539,23974,1214,25188,250
2021-08-06,Lake,033,64148,4741,4557,27,4584,66
2021-08-06,Lassen,035,31185,5436,5368,125,5493,21
2021-08-06,Los Angeles,037,10098052,1293808,1273081,46003,1319084,24772
2021-08-06,Madera,039,155013,17729,17324,1074,18398,245
2021-08-06,Marin,041,260295,15447,15051,302,15353,239
2021-08-06,Mariposa,043,17540,556,511,12,523,5
2021-08-06,Mendocino,045,87422,4862,4649,120,4769,49
2021-08-06,Merced,047,269075,32780,32456,1136,33592,477
2021-08-06,Modoc,049,8938,427,419,147,566,5
2021-08-06,Mono,051,14174,1337,1328,18,1346,3
2021-08-06,Monterey,053,433212,44433,44058,2051,46109,527
2021-08-06,Napa,055,140530,10812,10620,61,10681,83
2021-08-06,Nevada,057,99092,6250,5874,213,6087,73
2021-08-06,Orange,059,3164182,273873,269077,12379,281456,5151
2021-08-06,Placer,061,380077,27206,26086,2073,28159,305
2021-08-06,Plumas,063,18699,819,795,14,809,5
2021-08-06,Riverside,065,2383286,313017,306304,14679,320983,4562
2021-08-06,Sacramento,067,1510023,122778,119169,2336,121505,1740
2021-08-06,San Benito,069,59416,6384,6315,116,6431,63
2021-08-06,San Bernardino,071,2135413,310430,305806,9486,315292,5286
2021-08-06,San Diego,073,3302833,309265,303691,17805,321496,3810
2021-08-06,San Francisco,075,870044,44043,42659,1680,44339,565
2021-08-06,San Joaquin,077,732212,80141,78405,4007,82412,1469
2021-08-06,San Luis Obispo,079,281455,23088,22472,845,23317,263
2021-08-06,San Mateo,081,765935,46642,45665,645,46310,548
2021-08-06,Santa Barbara,083,443738,36834,36208,1234,37442,470
2021-08-06,Santa Clara,085,1922200,127326,124767,878,125645,2185
2021-08-06,Santa Cruz,087,273765,17329,16924,844,17768,207
2021-08-06,Shasta,089,179085,13628,13284,1824,15108,210
2021-08-06,Sierra,091,2930,83,73,12,85,0
2021-08-06,Siskiyou,093,43540,2168,2030,475,2505,32
2021-08-06,Solano,095,438530,37636,36351,809,37160,262
2021-08-06,Sonoma,097,501317,34660,33594,402,33996,333
2021-08-06,Stanislaus,099,539301,61005,59854,6484,66338,1037
2021-08-06,Sutter,101,95872,10563,10391,108,10499,128
2021-08-06,Tehama,103,63373,5456,5325,635,5960,66
2021-08-06,Trinity,105,12862,534,371,121,492,3
2021-08-06,Tulare,107,460477,52222,51018,9895,60913,854
2021-08-06,Tuolumne,109,53932,4794,4674,49,4723,64
2021-08-06,Ventura,111,848112,86409,85046,3587,88633,1047
2021-08-06,Yolo,113,214977,15765,15299,497,15796,218
2021-08-06,Yuba,115,75493,7070,6904,160,7064,50
2021-08-05,Alameda,001,1643700,100532,98052,2206,100258,1275
2021-08-05,Alpine,002,1148,90,91,0,91,0
2021-08-05,Amador,005,37829,4130,3992,34,4026,48
2021-08-05,Butte,007,227075,13951,13564,2165,15729,206
2021-08-05,Calaveras,009,45235,2485,2397,15,2412,57
2021-08-05,Colusa,011,21464,2104,2036,372,2408,16
2021-08-05,Contra Costa,013,1133247,80836,78514,1553,80067,840
2021-08-05,Del Norte,015,27424,1886,1731,15,1746,8
2021-08-05,El Dorado,017,186661,11877,11408,960,12368,117
2021-08-05,Fresno,019,978130,108552,106219,9259,115478,1747
2021-08-05,Glenn,021,27897,2553,2494,607,3101,20
2021-08-05,Humboldt,023,135768,5703,5328,95,5423,52
2021-08-05,Imperial,025,180216,29622,29383,2729,32112,745
2021-08-05,Inyo,027,18085,1480,1468,13,1481,38
2021-08-05,Kern,029,883053,101858,100091,12412,112503,1358
2021-08-05,Kings,031,150075,24455,23906,1209,25115,249
2021-08-05,Lake,033,64148,4702,4490,25,4515,66
2021-08-05,Lassen,035,31185,5428,5344,125,5469,21
2021-08-05,Los Angeles,037,10098052,1290588,1269445,45871,1315316,24756
2021-08-05,Madera,039,155013,17688,17301,1066,18367,245
2021-08-05,Marin,041,260295,15403,15005,298,15303,239
2021-08-05,Mariposa,043,17540,545,504,11,515,5
2021-08-05,Mendocino,045,87422,4819,4597,111,4708,49
2021-08-05,Merced,047,269075,32713,32381,1125,33506,477
2021-08-05,Modoc,049,8938,426,418,147,565,5
2021-08-05,Mono,051,14174,1329,1309,18,1327,3
2021-08-05,Monterey,053,433212,44376,43992,2033,46025,527
2021-08-05,Napa,055,140530,10776,10591,59,10650,83
2021-08-05,Nevada,057,99092,6168,5778,210,5988,73
2021-08-05,Orange,059,3164182,273092,268329,12352,280681,5149
2021-08-05,Placer,061,380077,27006,25965,2046,28011,305
2021-08-05,Plumas,063,18699,810,787,14,801,5
2021-08-05,Riverside,065,2383286,312099,305415,14653,320068,4562
2021-08-05,Sacramento,067,1510023,122070,118590,2322,120912,1739
2021-08-05,San Benito,069,59416,6366,6305,116,6421,63
2021-08-05,San Bernardino,071,2135413,309595,304956,9465,314421,5284
2021-08-05,San Diego,073,3302833,307993,302220,17723,319943,3806
2021-08-05,San Francisco,075,870044,43831,42301,1671,43972,564
2021-08-05,San Joaquin,077,732212,79779,78151,3989,82140,1468
2021-08-05,San Luis Obispo,079,281455,22973,22362,839,23201,263
2021-08-05,San Mateo,081,765935,46469,45554,643,46197,548
2021-08-05,Santa Barbara,083,443738,36727,36112,1231,37343,470
2021-08-05,Santa Clara,085,1922200,126993,124490,878,125368,2185
2021-08-05,Santa Cruz,087,273765,17285,16867,841,17708,207
2021-08-05,Shasta,089,179085,13570,13217,1816,15033,210
2021-08-05,Sierra,091,2930,78,73,12,85,0
2021-08-05,Siskiyou,093,43540,2147,2024,466,2490,32
2021-08-05,Solano,095,438530,37455,36250,802,37052,262
2021-08-05,Sonoma,097,501317,34525,33455,401,33856,330
2021-08-05,Stanislaus,099,539301,60783,59692,6445,66137,1037
2021-08-05,Sutter,101,95872,10508,10349,108,10457,127
2021-08-05,Tehama,103,63373,5438,5305,632,5937,66
2021-08-05,Trinity,105,12862,528,367,121,488,3
2021-08-05,Tulare,107,460477,52105,50889,9841,60730,854
2021-08-05,Tuolumne,109,53932,4764,4619,49,4668,64
2021-08-05,Ventura,111,848112,86158,84837,3573,88410,1047
2021-08-05,Yolo,113,214977,15698,15250,487,15737,218
2021-08-05,Yuba,115,75493,7027,6872,158,7030,50
2021-08-04,Alameda,001,1643700,100028,97477,2195,99672,1274
2021-08-04,Alpine,002,1148,90,91,0,91,0
2021-08-04,Amador,005,37829,4100,3962,33,3995,48
2021-08-04,Butte,007,227075,13883,13509,2148,15657,205
2021-08-04,Calaveras,009,45235,2460,2374,15,2389,57
2021-08-04,Colusa,011,21464,2092,2025,366,2391,16
2021-08-04,Contra Costa,013,1133247,80319,77966,1548,79514,840
2021-08-04,Del Norte,015,27424,1863,1701,15,1716,8
2021-08-04,El Dorado,017,186661,11797,11319,949,12268,117
2021-08-04,Fresno,019,978130,108181,105899,9220,115119,1747
2021-08-04,Glenn,021,27897,2545,2487,605,3092,20
2021-08-04,Humboldt,023,135768,5627,5271,94,5365,52
2021-08-04,Imperial,025,180216,29574,29375,2727,32102,745
2021-08-04,Inyo,027,18085,1479,1465,13,1478,38
2021-08-04,Kern,029,883053,101608,99868,12329,112197,1358
2021-08-04,Kings,031,150075,24383,23840,1201,25041,250
2021-08-04,Lake,033,64148,4672,4423,20,4443,65
2021-08-04,Lassen,035,31185,5420,5340,125,5465,21
2021-08-04,Los Angeles,037,10098052,1287095,1265788,45712,1311500,24737
2021-08-04,Madera,039,155013,17653,17251,1059,18310,245
2021-08-04,Marin,041,260295,15356,14950,296,15246,239
2021-08-04,Mariposa,043,17540,530,497,11,508,5
2021-08-04,Mendocino,045,87422,4795,4560,107,4667,49
2021-08-04,Merced,047,269075,32575,32274,1120,33394,476
2021-08-04,Modoc,049,8938,426,416,147,563,5
2021-08-04,Mono,051,14174,1325,1307,18,1325,3
2021-08-04,Monterey,053,433212,44311,43926,2022,45948,526
2021-08-04,Napa,055,140530,10739,10544,59,10603,82
2021-08-04,Nevada,057,99092,6104,5702,209,5911,73
2021-08-04,Orange,059,3164182,272217,267199,12315,279514,5146
2021-08-04,Placer,061,380077,26789,25688,2026,27714,305
2021-08-04,Plumas,063,18699,804,784,14,798,5
2021-08-04,Riverside,065,2383286,311174,304272,14628,318900,4562
2021-08-04,Sacramento,067,1510023,121313,117882,2296,120178,1736
2021-08-04,San Benito,069,59416,6351,6300,116,6416,63
2021-08-04,San Bernardino,071,2135413,308738,304164,9446,313610,5285
2021-08-04,San Diego,073,3302833,306479,301100,17656,318756,3805
2021-08-04,San Francisco,075,870044,43575,41913,1659,43572,562
2021-08-04,San Joaquin,077,732212,79422,77846,3977,81823,1466
2021-08-04,San Luis Obispo,079,281455,22863,22245,833,23078,262
2021-08-04,San Mateo,081,765935,46297,45392,642,46034,548
2021-08-04,Santa Barbara,083,443738,36598,36013,1223,37236,470
2021-08-04,Santa Clara,085,1922200,126602,124127,871,124998,2183
2021-08-04,Santa Cruz,087,273765,17223,16820,834,17654,208
2021-08-04,Shasta,089,179085,13519,13134,1805,14939,211
2021-08-04,Sierra,091,2930,78,73,12,85,0
2021-08-04,Siskiyou,093,43540,2127,2010,462,2472,32
2021-08-04,Solano,095,438530,37254,36025,793,36818,262
2021-08-04,Sonoma,097,501317,34353,33311,399,33710,330
2021-08-04,Stanislaus,099,539301,60557,59396,6407,65803,1037
2021-08-04,Sutter,101,95872,10471,10294,108,10402,127
2021-08-04,Tehama,103,63373,5412,5281,626,5907,66
2021-08-04,Trinity,105,12862,526,362,118,480,3
2021-08-04,Tulare,107,460477,51995,50797,9797,60594,855
2021-08-04,Tuolumne,109,53932,4739,4584,49,4633,64
2021-08-04,Ventura,111,848112,85900,84406,3551,87957,1047
2021-08-04,Yolo,113,214977,15618,15189,474,15663,215
2021-08-04,Yuba,115,75493,6987,6827,157,6984,50
2021-08-03,Alameda,001,1643700,99581,97275,2190,99465,1270
2021-08-03,Alpine,002,1148,90,91,0,91,0
2021-08-03,Amador,005,37829,4064,3953,33,3986,48
2021-08-03,Butte,007,227075,13816,13468,2133,15601,205
2021-08-03,Calaveras,009,45235,2438,2356,15,2371,57
2021-08-03,Colusa,011,21464,2079,2023,360,2383,16
2021-08-03,Contra Costa,013,1133247,79837,77739,1541,79280,836
2021-08-03,Del Norte,015,27424,1831,1691,14,1705,8
2021-08-03,El Dorado,017,186661,11704,11255,938,12193,117
2021-08-03,Fresno,019,978130,107819,105732,9189,114921,1746
2021-08-03,Glenn,021,27897,2538,2481,599,3080,20
2021-08-03,Humboldt,023,135768,5562,5199,89,5288,52
2021-08-03,Imperial,025,180216,29552,29333,2720,32053,745
2021-08-03,Inyo,027,18085,1476,1459,13,1472,38
2021-08-03,Kern,029,883053,101346,99708,12250,111958,1358
2021-08-03,Kings,031,150075,24295,23780,1194,24974,249
2021-08-03,Lake,033,64148,4616,4408,16,4424,66
2021-08-03,Lassen,035,31185,5410,5341,125,5466,21
2021-08-03,Los Angeles,037,10098052,1283348,1262678,45539,1308217,24721
2021-08-03,Madera,039,155013,17612,17220,1044,18264,245
2021-08-03,Marin,041,260295,15307,14906,293,15199,243
2021-08-03,Mariposa,043,17540,519,495,11,506,5
2021-08-03,Mendocino,045,87422,4746,4546,106,4652,49
2021-08-03,Merced,047,269075,32492,32197,1118,33315,476
2021-08-03,Modoc,049,8938,426,416,147,563,5
2021-08-03,Mono,051,14174,1320,1303,18,1321,3
2021-08-03,Monterey,053,433212,44248,43872,2009,45881,525
2021-08-03,Napa,055,140530,10696,10527,58,10585,82
2021-08-03,Nevada,057,99092,6023,5685,208,5893,73
2021-08-03,Orange,059,3164182,271478,266649,12285,278934,5146
2021-08-03,Placer,061,380077,26588,25624,2002,27626,305
2021-08-03,Plumas,063,18699,797,779,14,793,5
2021-08-03,Riverside,065,2383286,310249,303499,14602,318101,4562
2021-08-03,Sacramento,067,1510023,120568,117591,2276,119867,1732
2021-08-03,San Benito,069,59416,6336,6284,115,6399,63
2021-08-03,San Bernardino,071,2135413,307816,303386,9428,312814,5265
2021-08-03,San Diego,073,3302833,305040,300189,17546,317735,3803
2021-08-03,San Francisco,075,870044,43291,41758,1639,43397,562
2021-08-03,San Joaquin,077,732212,79071,77615,3956,81571,1461
2021-08-03,San Luis Obispo,079,281455,22723,22166,826,22992,264
2021-08-03,San Mateo,081,765935,46105,45255,637,45892,548
2021-08-03,Santa Barbara,083,443738,36479,35912,1217,37129,469
2021-08-03,Santa Clara,085,1922200,126181,123914,865,124779,2183
2021-08-03,Santa Cruz,087,273765,17157,16778,831,17609,207
2021-08-03,Shasta,089,179085,13444,13091,1794,14885,211
2021-08-03,Sierra,091,2930,78,72,12,84,0
2021-08-03,Siskiyou,093,43540,2116,1998,457,2455,32
2021-08-03,Solano,095,438530,37034,35953,781,36734,261
2021-08-03,Sonoma,097,501317,34172,33243,398,33641,330
2021-08-03,Stanislaus,099,539301,60335,59282,6388,65670,1037
2021-08-03,Sutter,101,95872,10431,10263,107,10370,127
2021-08-03,Tehama,103,63373,5385,5269,621,5890,66
2021-08-03,Trinity,105,12862,523,361,115,476,3
2021-08-03,Tulare,107,460477,51900,50729,9751,60480,854
2021-08-03,Tuolumne,109,53932,4704,4563,49,4612,64
2021-08-03,Ventura,111,848112,85656,84270,3530,87800,1046
2021-08-03,Yolo,113,214977,15526,15149,459,15608,215
2021-08-03,Yuba,115,75493,6950,6781,155,6936,50
2021-08-02,Alameda,001,1643700,99024,96954,2186,99140,1270
2021-08-02,Alpine,002,1148,90,91,0,91,0
2021-08-02,Amador,005,37829,4044,3927,33,3960,48
2021-08-02,Butte,007,227075,13736,13442,2114,15556,205
2021-08-02,Calaveras,009,45235,2413,2347,15,2362,57
2021-08-02,Colusa,011,21464,2067,2019,357,2376,16
2021-08-02,Contra Costa,013,1133247,79327,77516,1527,79043,836
2021-08-02,Del Norte,015,27424,1801,1653,14,1667,8
2021-08-02,El Dorado,017,186661,11601,11226,924,12150,116
2021-08-02,Fresno,019,978130,107475,105471,9152,114623,1744
2021-08-02,Glenn,021,27897,2530,2477,596,3073,20
2021-08-02,Humboldt,023,135768,5479,5161,87,5248,52
2021-08-02,Imperial,025,180216,29519,29302,2717,32019,743
2021-08-02,Inyo,027,18085,1470,1455,13,1468,38
2021-08-02,Kern,029,883053,101091,99556,12159,111715,1357
2021-08-02,Kings,031,150075,24225,23722,1188,24910,249
2021-08-02,Lake,033,64148,4573,4375,16,4391,66
2021-08-02,Lassen,035,31185,5387,5338,123,5461,21
2021-08-02,Los Angeles,037,10098052,1279625,1260807,45334,1306141,24705
2021-08-02,Madera,039,155013,17568,17158,1031,18189,245
2021-08-02,Marin,041,260295,15264,14859,292,15151,239
2021-08-02,Mariposa,043,17540,510,490,11,501,5
2021-08-02,Mendocino,045,87422,4706,4512,103,4615,49
2021-08-02,Merced,047,269075,32394,32163,1111,33274,474
2021-08-02,Modoc,049,8938,426,415,147,562,5
2021-08-02,Mono,051,14174,1313,1296,18,1314,3
2021-08-02,Monterey,053,433212,44188,43842,2001,45843,525
2021-08-02,Napa,055,140530,10653,10490,55,10545,82
2021-08-02,Nevada,057,99092,5952,5611,207,5818,73
2021-08-02,Orange,059,3164182,270563,266050,12240,278290,5146
2021-08-02,Placer,061,380077,26441,25516,1968,27484,306
2021-08-02,Plumas,063,18699,790,762,14,776,5
2021-08-02,Riverside,065,2383286,309311,302756,14587,317343,4562
2021-08-02,Sacramento,067,1510023,119870,117183,2257,119440,1728
2021-08-02,San Benito,069,59416,6317,6276,114,6390,63
2021-08-02,San Bernardino,071,2135413,306941,303000,9395,312395,5253
2021-08-02,San Diego,073,3302833,303560,299021,17466,316487,3798
2021-08-02,San Francisco,075,870044,43004,41553,1616,43169,562
2021-08-02,San Joaquin,077,732212,78728,77447,3931,81378,1461
2021-08-02,San Luis Obispo,079,281455,22629,22093,819,22912,261
2021-08-02,San Mateo,081,765935,45928,45154,625,45779,548
2021-08-02,Santa Barbara,083,443738,36341,35851,1211,37062,469
2021-08-02,Santa Clara,085,1922200,125709,123655,857,124512,2183
2021-08-02,Santa Cruz,087,273765,17099,16746,827,17573,207
2021-08-02,Shasta,089,179085,13382,13049,1780,14829,212
2021-08-02,Sierra,091,2930,78,71,12,83,0
2021-08-02,Siskiyou,093,43540,2105,1992,443,2435,31
2021-08-02,Solano,095,438530,36786,35852,768,36620,260
2021-08-02,Sonoma,097,501317,33946,33132,393,33525,330
2021-08-02,Stanislaus,099,539301,60116,59160,6361,65521,1037
2021-08-02,Sutter,101,95872,10385,10220,107,10327,127
2021-08-02,Tehama,103,63373,5362,5260,617,5877,66
2021-08-02,Trinity,105,12862,518,359,114,473,3
2021-08-02,Tulare,107,460477,51799,50640,9679,60319,854
2021-08-02,Tuolumne,109,53932,4637,4524,49,4573,64
2021-08-02,Ventura,111,848112,85471,84143,3507,87650,1044
2021-08-02,Yolo,113,214977,15428,15072,442,15514,215
2021-08-02,Yuba,115,75493,6908,6743,152,6895,50
2021-08-01,Alameda,001,1643700,98493,96775,2180,98955,1270
2021-08-01,Alpine,002,1148,90,91,0,91,0
2021-08-01,Amador,005,37829,4006,3923,33,3956,48
2021-08-01,Butte,007,227075,13658,13406,2096,15502,205
2021-08-01,Calaveras,009,45235,2389,2341,15,2356,57
2021-08-01,Colusa,011,21464,2056,2014,355,2369,16
2021-08-01,Contra Costa,013,1133247,78891,77360,1520,78880,836
2021-08-01,Del Norte,015,27424,1769,1642,14,1656,8
2021-08-01,El Dorado,017,186661,11501,11189,913,12102,116
2021-08-01,Fresno,019,978130,107148,105339,9107,114446,1744
2021-08-01,Glenn,021,27897,2524,2476,593,3069,20
2021-08-01,Humboldt,023,135768,5402,5118,83,5201,52
2021-08-01,Imperial,025,180216,29484,29297,2713,32010,743
2021-08-01,Inyo,027,18085,1468,1454,13,1467,38
2021-08-01,Kern,029,883053,100813,99396,12084,111480,1357
2021-08-01,Kings,031,150075,24138,23700,1183,24883,249
2021-08-01,Lake,033,64148,4494,4356,16,4372,66
2021-08-01,Lassen,035,31185,5374,5336,121,5457,21
2021-08-01,Los Angeles,037,10098052,1275933,1258461,45112,1303573,24700
2021-08-01,Madera,039,155013,17512,17146,1026,18172,245
2021-08-01,Marin,041,260295,15187,14844,291,15135,239
2021-08-01,Mariposa,043,17540,503,482,11,493,5
2021-08-01,Mendocino,045,87422,4660,4476,99,4575,49
2021-08-01,Merced,047,269075,32303,32144,1105,33249,474
2021-08-01,Modoc,049,8938,424,413,147,560,5
2021-08-01,Mono,051,14174,1310,1294,18,1312,3
2021-08-01,Monterey,053,433212,44141,43808,1988,45796,525
2021-08-01,Napa,055,140530,10604,10473,53,10526,82
2021-08-01,Nevada,057,99092,5865,5561,206,5767,73
2021-08-01,Orange,059,3164182,269749,265467,12197,277664,5146
2021-08-01,Placer,061,380077,26224,25464,1938,27402,306
2021-08-01,Plumas,063,18699,784,761,14,775,5
2021-08-01,Riverside,065,2383286,308378,302256,14569,316825,4562
2021-08-01,Sacramento,067,1510023,119133,116923,2243,119166,1727
2021-08-01,San Benito,069,59416,6300,6271,114,6385,63
2021-08-01,San Bernardino,071,2135413,306007,302542,9384,311926,5248
2021-08-01,San Diego,073,3302833,302374,298002,17401,315403,3798
2021-08-01,San Francisco,075,870044,42667,41432,1603,43035,562
2021-08-01,San Joaquin,077,732212,78361,77338,3906,81244,1461
2021-08-01,San Luis Obispo,079,281455,22527,22083,814,22897,261
2021-08-01,San Mateo,081,765935,45745,45036,618,45654,548
2021-08-01,Santa Barbara,083,443738,36217,35809,1207,37016,469
2021-08-01,Santa Clara,085,1922200,125297,123511,849,124360,2183
2021-08-01,Santa Cruz,087,273765,17020,16709,820,17529,207
2021-08-01,Shasta,089,179085,13311,13036,1771,14807,212
2021-08-01,Sierra,091,2930,76,71,12,83,0
2021-08-01,Siskiyou,093,43540,2099,1989,437,2426,31
2021-08-01,Solano,095,438530,36551,35800,759,36559,260
2021-08-01,Sonoma,097,501317,33754,33076,390,33466,330
2021-08-01,Stanislaus,099,539301,59879,59078,6329,65407,1037
2021-08-01,Sutter,101,95872,10330,10198,104,10302,127
2021-08-01,Tehama,103,63373,5345,5252,613,5865,66
2021-08-01,Trinity,105,12862,515,359,113,472,3
2021-08-01,Tulare,107,460477,51642,50600,9618,60218,854
2021-08-01,Tuolumne,109,53932,4599,4489,49,4538,64
2021-08-01,Ventura,111,848112,85241,84040,3492,87532,1044
2021-08-01,Yolo,113,214977,15358,15042,432,15474,215
2021-08-01,Yuba,115,75493,6871,6721,151,6872,50
2021-07-31,Alameda,001,1643700,98161,95279,2175,97454,1265
2021-07-31,Alpine,002,1148,90,89,0,89,0
2021-07-31,Amador,005,37829,3986,3877,33,3910,48
2021-07-31,Butte,007,227075,13624,13235,2075,15310,205
2021-07-31,Calaveras,009,45235,2380,2294,15,2309,57
2021-07-31,Colusa,011,21464,2050,2006,353,2359,16
2021-07-31,Contra Costa,013,1133247,78612,75866,1518,77384,832
2021-07-31,Del Norte,015,27424,1743,1576,14,1590,8
2021-07-31,El Dorado,017,186661,11448,11017,907,11924,116
2021-07-31,Fresno,019,978130,106989,104639,9094,113733,1744
2021-07-31,Glenn,021,27897,2519,2465,588,3053,20
2021-07-31,Humboldt,023,135768,5347,4978,82,5060,52
2021-07-31,Imperial,025,180216,29467,29164,2710,31874,743
2021-07-31,Inyo,027,18085,1465,1442,13,1455,38
2021-07-31,Kern,029,883053,100648,98903,12025,110928,1357
2021-07-31,Kings,031,150075,24085,23548,1178,24726,248
2021-07-31,Lake,033,64148,4469,4238,16,4254,66
2021-07-31,Lassen,035,31185,5367,5320,121,5441,21
2021-07-31,Los Angeles,037,10098052,1273726,1248545,44972,1293517,24691
2021-07-31,Madera,039,155013,17479,17058,1020,18078,245
2021-07-31,Marin,041,260295,15143,14701,290,14991,239
2021-07-31,Mariposa,043,17540,494,470,11,481,5
2021-07-31,Mendocino,045,87422,4635,4400,96,4496,49
2021-07-31,Merced,047,269075,32255,31959,1100,33059,474
2021-07-31,Modoc,049,8938,424,413,147,560,5
2021-07-31,Mono,051,14174,1308,1287,18,1305,3
2021-07-31,Monterey,053,433212,44101,43720,1978,45698,525
2021-07-31,Napa,055,140530,10585,10401,52,10453,82
2021-07-31,Nevada,057,99092,5826,5373,205,5578,72
2021-07-31,Orange,059,3164182,269175,263446,12179,275625,5144
2021-07-31,Placer,061,380077,26092,25104,1931,27035,306
2021-07-31,Plumas,063,18699,781,743,14,757,5
2021-07-31,Riverside,065,2383286,307761,300315,14559,314874,4554
2021-07-31,Sacramento,067,1510023,118721,115259,2235,117494,1720
2021-07-31,San Benito,069,59416,6289,6251,114,6365,63
2021-07-31,San Bernardino,071,2135413,305433,300726,9381,310107,5240
2021-07-31,San Diego,073,3302833,301701,295054,17355,312409,3798
2021-07-31,San Francisco,075,870044,42439,40412,1583,41995,562
2021-07-31,San Joaquin,077,732212,78196,76575,3893,80468,1443
2021-07-31,San Luis Obispo,079,281455,22474,21922,812,22734,260
2021-07-31,San Mateo,081,765935,45588,44622,613,45235,548
2021-07-31,Santa Barbara,083,443738,36136,35531,1206,36737,467
2021-07-31,Santa Clara,085,1922200,125042,122614,847,123461,2099
2021-07-31,Santa Cruz,087,273765,16981,16576,819,17395,207
2021-07-31,Shasta,089,179085,13274,12918,1763,14681,212
2021-07-31,Sierra,091,2930,76,68,12,80,0
2021-07-31,Siskiyou,093,43540,2090,1976,431,2407,31
2021-07-31,Solano,095,438530,36450,35340,752,36092,263
2021-07-31,Sonoma,097,501317,33628,32601,390,32991,329
2021-07-31,Stanislaus,099,539301,59720,58586,6307,64893,1035
2021-07-31,Sutter,101,95872,10296,10068,103,10171,127
2021-07-31,Tehama,103,63373,5330,5216,610,5826,66
2021-07-31,Trinity,105,12862,514,354,112,466,3
2021-07-31,Tulare,107,460477,51552,50409,9565,59974,854
2021-07-31,Tuolumne,109,53932,4560,4362,49,4411,64
2021-07-31,Ventura,111,848112,85080,83509,3476,86985,1044
2021-07-31,Yolo,113,214977,15310,14863,421,15284,215
2021-07-31,Yuba,115,75493,6848,6615,147,6762,50
2021-07-30,Alameda,001,1643700,97835,95279,2171,97450,1265
2021-07-30,Alpine,002,1148,90,89,0,89,0
2021-07-30,Amador,005,37829,3963,3877,33,3910,48
2021-07-30,Butte,007,227075,13569,13235,2062,15297,205
2021-07-30,Calaveras,009,45235,2370,2294,15,2309,57
2021-07-30,Colusa,011,21464,2046,2006,351,2357,16
2021-07-30,Contra Costa,013,1133247,78366,75866,1514,77380,832
2021-07-30,Del Norte,015,27424,1725,1576,14,1590,8
2021-07-30,El Dorado,017,186661,11415,11017,901,11918,116
2021-07-30,Fresno,019,978130,106795,104639,9082,113721,1744
2021-07-30,Glenn,021,27897,2514,2465,587,3052,20
2021-07-30,Humboldt,023,135768,5284,4978,79,5057,52
2021-07-30,Imperial,025,180216,29453,29164,2707,31871,743
2021-07-30,Inyo,027,18085,1464,1442,13,1455,38
2021-07-30,Kern,029,883053,100524,98903,11978,110881,1357
2021-07-30,Kings,031,150075,24045,23548,1174,24722,248
2021-07-30,Lake,033,64148,4441,4238,16,4254,66
2021-07-30,Lassen,035,31185,5363,5320,121,5441,21
2021-07-30,Los Angeles,037,10098052,1271393,1248545,44825,1293370,24691
2021-07-30,Madera,039,155013,17437,17058,1017,18075,245
2021-07-30,Marin,041,260295,15109,14701,290,14991,239
2021-07-30,Mariposa,043,17540,490,470,11,481,5
2021-07-30,Mendocino,045,87422,4605,4400,95,4495,49
2021-07-30,Merced,047,269075,32214,31959,1096,33055,474
2021-07-30,Modoc,049,8938,422,413,147,560,5
2021-07-30,Mono,051,14174,1303,1287,18,1305,3
2021-07-30,Monterey,053,433212,44067,43720,1969,45689,525
2021-07-30,Napa,055,140530,10563,10401,51,10452,82
2021-07-30,Nevada,057,99092,5769,5373,205,5578,72
2021-07-30,Orange,059,3164182,268550,263446,12153,275599,5144
2021-07-30,Placer,061,380077,26002,25104,1913,27017,306
2021-07-30,Plumas,063,18699,776,743,14,757,5
2021-07-30,Riverside,065,2383286,307124,300315,14549,314864,4554
2021-07-30,Sacramento,067,1510023,118269,115259,2229,117488,1720
2021-07-30,San Benito,069,59416,6282,6251,114,6365,63
2021-07-30,San Bernardino,071,2135413,304919,300726,9374,310100,5240
2021-07-30,San Diego,073,3302833,300926,295054,17297,312351,3798
2021-07-30,San Francisco,075,870044,42226,40412,1569,41981,562
2021-07-30,San Joaquin,077,732212,78042,76575,3888,80463,1443
2021-07-30,San Luis Obispo,079,281455,22436,21922,808,22730,260
2021-07-30,San Mateo,081,765935,45463,44622,600,45222,548
2021-07-30,Santa Barbara,083,443738,36067,35531,1200,36731,467
2021-07-30,Santa Clara,085,1922200,124819,122614,845,123459,2099
2021-07-30,Santa Cruz,087,273765,16955,16576,817,17393,207
2021-07-30,Shasta,089,179085,13229,12918,1763,14681,212
2021-07-30,Sierra,091,2930,75,68,12,80,0
2021-07-30,Siskiyou,093,43540,2081,1976,430,2406,31
2021-07-30,Solano,095,438530,36359,35340,736,36076,263
2021-07-30,Sonoma,097,501317,33533,32601,390,32991,329
2021-07-30,Stanislaus,099,539301,59577,58586,6287,64873,1035
2021-07-30,Sutter,101,95872,10261,10068,103,10171,127
2021-07-30,Tehama,103,63373,5320,5216,610,5826,66
2021-07-30,Trinity,105,12862,514,354,112,466,3
2021-07-30,Tulare,107,460477,51509,50409,9530,59939,854
2021-07-30,Tuolumne,109,53932,4542,4362,49,4411,64
2021-07-30,Ventura,111,848112,84916,83509,3461,86970,1044
2021-07-30,Yolo,113,214977,15250,14863,417,15280,215
2021-07-30,Yuba,115,75493,6812,6615,146,6761,50
2021-07-29,Alameda,001,1643700,97423,95279,2165,97444,1265
2021-07-29,Alpine,002,1148,90,89,0,89,0
2021-07-29,Amador,005,37829,3944,3877,33,3910,48
2021-07-29,Butte,007,227075,13520,13235,2054,15289,205
2021-07-29,Calaveras,009,45235,2355,2294,15,2309,57
2021-07-29,Colusa,011,21464,2039,2006,351,2357,16
2021-07-29,Contra Costa,013,1133247,77926,75866,1512,77378,832
2021-07-29,Del Norte,015,27424,1701,1576,14,1590,8
2021-07-29,El Dorado,017,186661,11351,11017,889,11906,116
2021-07-29,Fresno,019,978130,106531,104639,9056,113695,1744
2021-07-29,Glenn,021,27897,2504,2465,586,3051,20
2021-07-29,Humboldt,023,135768,5224,4978,77,5055,52
2021-07-29,Imperial,025,180216,29408,29164,2705,31869,743
2021-07-29,Inyo,027,18085,1460,1442,13,1455,38
2021-07-29,Kern,029,883053,100317,98903,11901,110804,1357
2021-07-29,Kings,031,150075,23999,23548,1170,24718,248
2021-07-29,Lake,033,64148,4406,4238,16,4254,66
2021-07-29,Lassen,035,31185,5355,5320,118,5438,21
2021-07-29,Los Angeles,037,10098052,1268289,1248545,44648,1293193,24691
2021-07-29,Madera,039,155013,17390,17058,1013,18071,245
2021-07-29,Marin,041,260295,15065,14701,290,14991,239
2021-07-29,Mariposa,043,17540,486,470,11,481,5
2021-07-29,Mendocino,045,87422,4582,4400,93,4493,49
2021-07-29,Merced,047,269075,32159,31959,1096,33055,474
2021-07-29,Modoc,049,8938,422,413,147,560,5
2021-07-29,Mono,051,14174,1301,1287,18,1305,3
2021-07-29,Monterey,053,433212,44018,43720,1959,45679,525
2021-07-29,Napa,055,140530,10531,10401,49,10450,82
2021-07-29,Nevada,057,99092,5717,5373,204,5577,72
2021-07-29,Orange,059,3164182,267838,263446,12121,275567,5144
2021-07-29,Placer,061,380077,25879,25104,1898,27002,306
2021-07-29,Plumas,063,18699,768,743,14,757,5
2021-07-29,Riverside,065,2383286,306419,300315,14525,314840,4554
2021-07-29,Sacramento,067,1510023,117714,115259,2216,117475,1720
2021-07-29,San Benito,069,59416,6271,6251,114,6365,63
2021-07-29,San Bernardino,071,2135413,304282,300726,9365,310091,5240
2021-07-29,San Diego,073,3302833,299869,295054,17229,312283,3798
2021-07-29,San Francisco,075,870044,41975,40412,1548,41960,562
2021-07-29,San Joaquin,077,732212,77787,76575,3880,80455,1443
2021-07-29,San Luis Obispo,079,281455,22381,21922,806,22728,260
2021-07-29,San Mateo,081,765935,45336,44622,590,45212,548
2021-07-29,Santa Barbara,083,443738,35981,35531,1199,36730,467
2021-07-29,Santa Clara,085,1922200,124523,122614,842,123456,2099
2021-07-29,Santa Cruz,087,273765,16902,16576,815,17391,207
2021-07-29,Shasta,089,179085,13175,12918,1754,14672,212
2021-07-29,Sierra,091,2930,75,68,12,80,0
2021-07-29,Siskiyou,093,43540,2076,1976,428,2404,31
2021-07-29,Solano,095,438530,36199,35340,726,36066,263
2021-07-29,Sonoma,097,501317,33359,32601,388,32989,329
2021-07-29,Stanislaus,099,539301,59405,58586,6272,64858,1035
2021-07-29,Sutter,101,95872,10215,10068,102,10170,127
2021-07-29,Tehama,103,63373,5307,5216,604,5820,66
2021-07-29,Trinity,105,12862,512,354,111,465,3
2021-07-29,Tulare,107,460477,51419,50409,9490,59899,854
2021-07-29,Tuolumne,109,53932,4502,4362,48,4410,64
2021-07-29,Ventura,111,848112,84750,83509,3454,86963,1044
2021-07-29,Yolo,113,214977,15183,14863,403,15266,215
2021-07-29,Yuba,115,75493,6763,6615,143,6758,50
2021-07-28,Alameda,001,1643700,96963,94965,2158,97123,1262
2021-07-28,Alpine,002,1148,90,89,0,89,0
2021-07-28,Amador,005,37829,3930,3870,33,3903,48
2021-07-28,Butte,007,227075,13463,13184,2041,15225,205
2021-07-28,Calaveras,009,45235,2334,2289,15,2304,57
2021-07-28,Colusa,011,21464,2036,2001,350,2351,16
2021-07-28,Contra Costa,013,1133247,77437,75487,1504,76991,832
2021-07-28,Del Norte,015,27424,1668,1545,14,1559,8
2021-07-28,El Dorado,017,186661,11301,10967,880,11847,116
2021-07-28,Fresno,019,978130,106280,104458,9036,113494,1744
2021-07-28,Glenn,021,27897,2501,2464,583,3047,20
2021-07-28,Humboldt,023,135768,5173,4946,76,5022,52
2021-07-28,Imperial,025,180216,29361,29096,2705,31801,743
2021-07-28,Inyo,027,18085,1454,1439,12,1451,38
2021-07-28,Kern,029,883053,100161,98781,11855,110636,1352
2021-07-28,Kings,031,150075,23935,23503,1160,24663,248
2021-07-28,Lake,033,64148,4360,4191,15,4206,65
2021-07-28,Lassen,035,31185,5347,5318,118,5436,21
2021-07-28,Los Angeles,037,10098052,1265112,1245485,44465,1289950,24673
2021-07-28,Madera,039,155013,17349,17024,1007,18031,245
2021-07-28,Marin,041,260295,15011,14652,290,14942,239
2021-07-28,Mariposa,043,17540,479,469,11,480,5
2021-07-28,Mendocino,045,87422,4554,4377,93,4470,49
2021-07-28,Merced,047,269075,32103,31886,1092,32978,474
2021-07-28,Modoc,049,8938,420,413,147,560,5
2021-07-28,Mono,051,14174,1300,1286,18,1304,3
2021-07-28,Monterey,053,433212,43971,43668,1950,45618,524
2021-07-28,Napa,055,140530,10491,10376,47,10423,82
2021-07-28,Nevada,057,99092,5663,5320,204,5524,72
2021-07-28,Orange,059,3164182,267046,262735,12092,274827,5143
2021-07-28,Placer,061,380077,25732,24978,1883,26861,306
2021-07-28,Plumas,063,18699,763,754,14,768,5
2021-07-28,Riverside,065,2383286,305652,299611,14506,314117,4554
2021-07-28,Sacramento,067,1510023,117061,114665,2197,116862,1714
2021-07-28,San Benito,069,59416,6260,6236,114,6350,63
2021-07-28,San Bernardino,071,2135413,303660,300121,9353,309474,5236
2021-07-28,San Diego,073,3302833,298595,294176,17156,311332,3798
2021-07-28,San Francisco,075,870044,41671,40144,1522,41666,561
2021-07-28,San Joaquin,077,732212,77536,76312,3850,80162,1443
2021-07-28,San Luis Obispo,079,281455,22322,21865,805,22670,260
2021-07-28,San Mateo,081,765935,45185,44477,581,45058,547
2021-07-28,Santa Barbara,083,443738,35906,35431,1194,36625,467
2021-07-28,Santa Clara,085,1922200,124261,122345,840,123185,2099
2021-07-28,Santa Cruz,087,273765,16864,16551,814,17365,207
2021-07-28,Shasta,089,179085,13130,12882,1744,14626,212
2021-07-28,Sierra,091,2930,71,67,12,79,0
2021-07-28,Siskiyou,093,43540,2067,1971,425,2396,31
2021-07-28,Solano,095,438530,36025,35204,719,35923,262
2021-07-28,Sonoma,097,501317,33215,32434,385,32819,328
2021-07-28,Stanislaus,099,539301,59208,58427,6256,64683,1035
2021-07-28,Sutter,101,95872,10183,10033,101,10134,126
2021-07-28,Tehama,103,63373,5295,5209,601,5810,66
2021-07-28,Trinity,105,12862,511,352,111,463,3
2021-07-28,Tulare,107,460477,51331,50363,9443,59806,854
2021-07-28,Tuolumne,109,53932,4463,4313,48,4361,64
2021-07-28,Ventura,111,848112,84554,83360,3438,86798,1043
2021-07-28,Yolo,113,214977,15111,14801,394,15195,215
2021-07-28,Yuba,115,75493,6730,6591,142,6733,51
2021-07-27,Alameda,001,1643700,96562,94682,2150,96832,1256
2021-07-27,Alpine,002,1148,90,89,0,89,0
2021-07-27,Amador,005,37829,3914,3861,33,3894,48
2021-07-27,Butte,007,227075,13415,13127,2029,15156,205
2021-07-27,Calaveras,009,45235,2323,2280,15,2295,57
2021-07-27,Colusa,011,21464,2027,1999,349,2348,16
2021-07-27,Contra Costa,013,1133247,76952,75227,1500,76727,830
2021-07-27,Del Norte,015,27424,1648,1538,14,1552,8
2021-07-27,El Dorado,017,186661,11241,10941,870,11811,116
2021-07-27,Fresno,019,978130,105988,104288,9013,113301,1746
2021-07-27,Glenn,021,27897,2493,2460,581,3041,20
2021-07-27,Humboldt,023,135768,5119,4925,75,5000,52
2021-07-27,Imperial,025,180216,29316,29048,2704,31752,743
2021-07-27,Inyo,027,18085,1452,1430,12,1442,38
2021-07-27,Kern,029,883053,99991,98724,11799,110523,1352
2021-07-27,Kings,031,150075,23878,23463,1150,24613,248
2021-07-27,Lake,033,64148,4321,4157,15,4172,65
2021-07-27,Lassen,035,31185,5341,5315,118,5433,21
2021-07-27,Los Angeles,037,10098052,1261642,1243336,44262,1287598,24658
2021-07-27,Madera,039,155013,17296,16998,1001,17999,245
2021-07-27,Marin,041,260295,14963,14631,287,14918,239
2021-07-27,Mariposa,043,17540,476,468,11,479,5
2021-07-27,Mendocino,045,87422,4531,4371,93,4464,49
2021-07-27,Merced,047,269075,32036,31825,1089,32914,473
2021-07-27,Modoc,049,8938,419,413,147,560,5
2021-07-27,Mono,051,14174,1296,1288,18,1306,3
2021-07-27,Monterey,053,433212,43931,43646,1939,45585,523
2021-07-27,Napa,055,140530,10461,10354,47,10401,82
2021-07-27,Nevada,057,99092,5586,5305,202,5507,72
2021-07-27,Orange,059,3164182,266306,262193,12066,274259,5143
2021-07-27,Placer,061,380077,25573,24916,1857,26773,306
2021-07-27,Plumas,063,18699,760,752,14,766,5
2021-07-27,Riverside,065,2383286,304923,299160,14487,313647,4554
2021-07-27,Sacramento,067,1510023,116458,114413,2188,116601,1710
2021-07-27,San Benito,069,59416,6251,6229,114,6343,63
2021-07-27,San Bernardino,071,2135413,302977,299593,9331,308924,5236
2021-07-27,San Diego,073,3302833,297506,293408,17077,310485,3798
2021-07-27,San Francisco,075,870044,41315,39939,1504,41443,561
2021-07-27,San Joaquin,077,732212,77274,76166,3831,79997,1442
2021-07-27,San Luis Obispo,079,281455,22267,21803,796,22599,260
2021-07-27,San Mateo,081,765935,45034,44378,578,44956,547
2021-07-27,Santa Barbara,083,443738,35811,35355,1192,36547,467
2021-07-27,Santa Clara,085,1922200,123967,122154,838,122992,2099
2021-07-27,Santa Cruz,087,273765,16818,16523,813,17336,207
2021-07-27,Shasta,089,179085,13080,12846,1731,14577,212
2021-07-27,Sierra,091,2930,71,65,12,77,0
2021-07-27,Siskiyou,093,43540,2062,1964,422,2386,31
2021-07-27,Solano,095,438530,35893,35093,709,35802,261
2021-07-27,Sonoma,097,501317,33071,32367,383,32750,328
2021-07-27,Stanislaus,099,539301,59040,58333,6228,64561,1033
2021-07-27,Sutter,101,95872,10142,9998,101,10099,115
2021-07-27,Tehama,103,63373,5273,5192,599,5791,66
2021-07-27,Trinity,105,12862,510,351,111,462,3
2021-07-27,Tulare,107,460477,51265,50324,9412,59736,854
2021-07-27,Tuolumne,109,53932,4411,4282,48,4330,64
2021-07-27,Ventura,111,848112,84346,83189,3426,86615,1043
2021-07-27,Yolo,113,214977,15038,14759,388,15147,215
2021-07-27,Yuba,115,75493,6708,6564,140,6704,51
2021-07-26,Alameda,001,1643700,96117,94436,2146,96582,1259
2021-07-26,Alpine,002,1148,90,89,0,89,0
2021-07-26,Amador,005,37829,3904,3854,33,3887,48
2021-07-26,Butte,007,227075,13360,13082,2013,15095,203
2021-07-26,Calaveras,009,45235,2317,2276,15,2291,57
2021-07-26,Colusa,011,21464,2020,1996,347,2343,16
2021-07-26,Contra Costa,013,1133247,76455,74854,1493,76347,830
2021-07-26,Del Norte,015,27424,1627,1530,14,1544,8
2021-07-26,El Dorado,017,186661,11177,10899,867,11766,116
2021-07-26,Fresno,019,978130,105784,104143,8990,113133,1742
2021-07-26,Glenn,021,27897,2491,2461,580,3041,20
2021-07-26,Humboldt,023,135768,5080,4906,73,4979,52
2021-07-26,Imperial,025,180216,29276,29034,2704,31738,743
2021-07-26,Inyo,027,18085,1447,1429,12,1441,38
2021-07-26,Kern,029,883053,99825,98633,11734,110367,1351
2021-07-26,Kings,031,150075,23829,23426,1146,24572,247
2021-07-26,Lake,033,64148,4300,4133,15,4148,65
2021-07-26,Lassen,035,31185,5337,5314,118,5432,21
2021-07-26,Los Angeles,037,10098052,1258294,1241527,44091,1285618,24647
2021-07-26,Madera,039,155013,17268,16971,994,17965,245
2021-07-26,Marin,041,260295,14906,14579,286,14865,239
2021-07-26,Mariposa,043,17540,475,467,11,478,5
2021-07-26,Mendocino,045,87422,4510,4354,93,4447,49
2021-07-26,Merced,047,269075,31945,31774,1085,32859,473
2021-07-26,Modoc,049,8938,419,413,147,560,5
2021-07-26,Mono,051,14174,1295,1286,18,1304,3
2021-07-26,Monterey,053,433212,43888,43595,1927,45522,521
2021-07-26,Napa,055,140530,10438,10332,47,10379,82
2021-07-26,Nevada,057,99092,5500,5280,202,5482,72
2021-07-26,Orange,059,3164182,265667,261803,12046,273849,5142
2021-07-26,Placer,061,380077,25436,24842,1836,26678,304
2021-07-26,Plumas,063,18699,756,750,14,764,5
2021-07-26,Riverside,065,2383286,304231,298626,14473,313099,4553
2021-07-26,Sacramento,067,1510023,115858,113986,2172,116158,1705
2021-07-26,San Benito,069,59416,6245,6222,114,6336,63
2021-07-26,San Bernardino,071,2135413,302362,299238,9318,308556,5237
2021-07-26,San Diego,073,3302833,296398,292688,16995,309683,3793
2021-07-26,San Francisco,075,870044,40953,39800,1478,41278,561
2021-07-26,San Joaquin,077,732212,77039,76033,3827,79860,1440
2021-07-26,San Luis Obispo,079,281455,22218,21752,793,22545,260
2021-07-26,San Mateo,081,765935,44886,44297,570,44867,547
2021-07-26,Santa Barbara,083,443738,35738,35311,1180,36491,467
2021-07-26,Santa Clara,085,1922200,123658,121978,829,122807,2099
2021-07-26,Santa Cruz,087,273765,16778,16493,810,17303,207
2021-07-26,Shasta,089,179085,13031,12819,1720,14539,211
2021-07-26,Sierra,091,2930,70,65,12,77,0
2021-07-26,Siskiyou,093,43540,2059,1962,420,2382,31
2021-07-26,Solano,095,438530,35738,34990,702,35692,259
2021-07-26,Sonoma,097,501317,32935,32283,381,32664,328
2021-07-26,Stanislaus,099,539301,58895,58219,6209,64428,1033
2021-07-26,Sutter,101,95872,10102,9963,98,10061,115
2021-07-26,Tehama,103,63373,5263,5183,595,5778,66
2021-07-26,Trinity,105,12862,510,351,110,461,3
2021-07-26,Tulare,107,460477,51199,50265,9383,59648,854
2021-07-26,Tuolumne,109,53932,4381,4271,47,4318,64
2021-07-26,Ventura,111,848112,84173,83072,3411,86483,1041
2021-07-26,Yolo,113,214977,14977,14727,376,15103,215
2021-07-26,Yuba,115,75493,6674,6538,138,6676,51
2021-07-25,Alameda,001,1643700,95629,94146,2141,96287,1259
2021-07-25,Alpine,002,1148,88,89,0,89,0
2021-07-25,Amador,005,37829,3889,3848,33,3881,48
2021-07-25,Butte,007,227075,13321,13074,2001,15075,203
2021-07-25,Calaveras,009,45235,2306,2275,15,2290,57
2021-07-25,Colusa,011,21464,2011,1996,343,2339,16
2021-07-25,Contra Costa,013,1133247,75971,74634,1479,76113,830
2021-07-25,Del Norte,015,27424,1606,1526,14,1540,8
2021-07-25,El Dorado,017,186661,11120,10878,863,11741,116
2021-07-25,Fresno,019,978130,105542,104019,8974,112993,1742
2021-07-25,Glenn,021,27897,2482,2461,578,3039,20
2021-07-25,Humboldt,023,135768,5021,4892,72,4964,52
2021-07-25,Imperial,025,180216,29240,29037,2704,31741,743
2021-07-25,Inyo,027,18085,1442,1427,12,1439,38
2021-07-25,Kern,029,883053,99653,98503,11663,110166,1351
2021-07-25,Kings,031,150075,23775,23396,1142,24538,247
2021-07-25,Lake,033,64148,4247,4109,14,4123,65
2021-07-25,Lassen,035,31185,5332,5314,118,5432,21
2021-07-25,Los Angeles,037,10098052,1254873,1239596,43899,1283495,24643
2021-07-25,Madera,039,155013,17231,16947,987,17934,245
2021-07-25,Marin,041,260295,14857,14558,283,14841,239
2021-07-25,Mariposa,043,17540,472,465,11,476,5
2021-07-25,Mendocino,045,87422,4481,4335,91,4426,49
2021-07-25,Merced,047,269075,31872,31760,1083,32843,473
2021-07-25,Modoc,049,8938,419,413,147,560,5
2021-07-25,Mono,051,14174,1292,1286,18,1304,3
2021-07-25,Monterey,053,433212,43850,43590,1919,45509,521
2021-07-25,Napa,055,140530,10402,10316,46,10362,82
2021-07-25,Nevada,057,99092,5435,5256,199,5455,72
2021-07-25,Orange,059,3164182,264959,261351,12023,273374,5142
2021-07-25,Placer,061,380077,25314,24755,1815,26570,304
2021-07-25,Plumas,063,18699,754,750,14,764,5
2021-07-25,Riverside,065,2383286,303467,298181,14456,312637,4553
2021-07-25,Sacramento,067,1510023,115308,113611,2157,115768,1704
2021-07-25,San Benito,069,59416,6238,6217,114,6331,63
2021-07-25,San Bernardino,071,2135413,301703,298982,9311,308293,5237
2021-07-25,San Diego,073,3302833,295336,290626,16921,307547,3793
2021-07-25,San Francisco,075,870044,40603,39663,1453,41116,561
2021-07-25,San Joaquin,077,732212,76782,75926,3808,79734,1440
2021-07-25,San Luis Obispo,079,281455,22145,21741,790,22531,260
2021-07-25,San Mateo,081,765935,44724,44189,564,44753,547
2021-07-25,Santa Barbara,083,443738,35658,35261,1177,36438,467
2021-07-25,Santa Clara,085,1922200,123328,121800,824,122624,2099
2021-07-25,Santa Cruz,087,273765,16731,16474,809,17283,207
2021-07-25,Shasta,089,179085,12984,12815,1715,14530,211
2021-07-25,Sierra,091,2930,70,65,12,77,0
2021-07-25,Siskiyou,093,43540,2051,1963,417,2380,31
2021-07-25,Solano,095,438530,35546,34863,699,35562,259
2021-07-25,Sonoma,097,501317,32810,32202,378,32580,328
2021-07-25,Stanislaus,099,539301,58729,58154,6204,64358,1033
2021-07-25,Sutter,101,95872,10049,9937,96,10033,115
2021-07-25,Tehama,103,63373,5247,5181,594,5775,66
2021-07-25,Trinity,105,12862,508,351,108,459,3
2021-07-25,Tulare,107,460477,51125,50221,9345,59566,854
2021-07-25,Tuolumne,109,53932,4330,4267,47,4314,64
2021-07-25,Ventura,111,848112,83959,82986,3388,86374,1041
2021-07-25,Yolo,113,214977,14916,14693,362,15055,215
2021-07-25,Yuba,115,75493,6642,6519,138,6657,51
2021-07-24,Alameda,001,1643700,95348,93170,2137,95307,1259
2021-07-24,Alpine,002,1148,88,89,0,89,0
2021-07-24,Amador,005,37829,3880,3816,33,3849,48
2021-07-24,Butte,007,227075,13292,12982,1997,14979,203
2021-07-24,Calaveras,009,45235,2301,2267,15,2282,57
2021-07-24,Colusa,011,21464,2010,1992,341,2333,16
2021-07-24,Contra Costa,013,1133247,75743,73682,1476,75158,830
2021-07-24,Del Norte,015,27424,1595,1497,14,1511,8
2021-07-24,El Dorado,017,186661,11086,10773,860,11633,116
2021-07-24,Fresno,019,978130,105424,103637,8964,112601,1736
2021-07-24,Glenn,021,27897,2480,2457,578,3035,20
2021-07-24,Humboldt,023,135768,4986,4780,71,4851,52
2021-07-24,Imperial,025,180216,29220,28996,2704,31700,742
2021-07-24,Inyo,027,18085,1439,1424,12,1436,38
2021-07-24,Kern,029,883053,99575,98261,11641,109902,1350
2021-07-24,Kings,031,150075,23744,23304,1139,24443,246
2021-07-24,Lake,033,64148,4224,3963,14,3977,64
2021-07-24,Lassen,035,31185,5331,5311,118,5429,21
2021-07-24,Los Angeles,037,10098052,1253096,1232164,43772,1275936,24623
2021-07-24,Madera,039,155013,17207,16885,985,17870,245
2021-07-24,Marin,041,260295,14818,14454,283,14737,238
2021-07-24,Mariposa,043,17540,472,453,11,464,5
2021-07-24,Mendocino,045,87422,4456,4293,91,4384,49
2021-07-24,Merced,047,269075,31850,31661,1082,32743,473
2021-07-24,Modoc,049,8938,419,413,147,560,5
2021-07-24,Mono,051,14174,1290,1284,18,1302,3
2021-07-24,Monterey,053,433212,43825,43525,1912,45437,521
2021-07-24,Napa,055,140530,10386,10230,46,10276,81
2021-07-24,Nevada,057,99092,5403,5183,199,5382,72
2021-07-24,Orange,059,3164182,264493,259973,12011,271984,5141
2021-07-24,Placer,061,380077,25232,24530,1810,26340,303
2021-07-24,Plumas,063,18699,753,737,14,751,4
2021-07-24,Riverside,065,2383286,302999,296912,14446,311358,4552
2021-07-24,Sacramento,067,1510023,114993,112438,2153,114591,1698
2021-07-24,San Benito,069,59416,6234,6200,113,6313,63
2021-07-24,San Bernardino,071,2135413,301312,297899,9302,307201,5236
2021-07-24,San Diego,073,3302833,294870,289368,16893,306261,3788
2021-07-24,San Francisco,075,870044,40430,38954,1437,40391,561
2021-07-24,San Joaquin,077,732212,76654,75461,3797,79258,1436
2021-07-24,San Luis Obispo,079,281455,22114,21616,788,22404,260
2021-07-24,San Mateo,081,765935,44607,43880,558,44438,542
2021-07-24,Santa Barbara,083,443738,35599,35071,1173,36244,465
2021-07-24,Santa Clara,085,1922200,123116,121092,823,121915,2099
2021-07-24,Santa Cruz,087,273765,16708,16416,809,17225,207
2021-07-24,Shasta,089,179085,12956,12759,1712,14471,211
2021-07-24,Sierra,091,2930,69,64,12,76,0
2021-07-24,Siskiyou,093,43540,2051,1951,417,2368,31
2021-07-24,Solano,095,438530,35454,34499,690,35189,259
2021-07-24,Sonoma,097,501317,32685,31928,376,32304,327
2021-07-24,Stanislaus,099,539301,58637,57879,6194,64073,1030
2021-07-24,Sutter,101,95872,10022,9890,96,9986,115
2021-07-24,Tehama,103,63373,5240,5166,592,5758,65
2021-07-24,Trinity,105,12862,508,345,108,453,3
2021-07-24,Tulare,107,460477,51082,50104,9328,59432,854
2021-07-24,Tuolumne,109,53932,4304,4216,47,4263,64
2021-07-24,Ventura,111,848112,83832,82687,3372,86059,1041
2021-07-24,Yolo,113,214977,14878,14557,358,14915,214
2021-07-24,Yuba,115,75493,6623,6449,138,6587,51
2021-07-23,Alameda,001,1643700,95095,93170,2133,95303,1259
2021-07-23,Alpine,002,1148,88,89,0,89,0
2021-07-23,Amador,005,37829,3873,3816,33,3849,48
2021-07-23,Butte,007,227075,13263,12982,1988,14970,203
2021-07-23,Calaveras,009,45235,2291,2267,15,2282,57
2021-07-23,Colusa,011,21464,2009,1992,341,2333,16
2021-07-23,Contra Costa,013,1133247,75483,73682,1467,75149,830
2021-07-23,Del Norte,015,27424,1587,1497,14,1511,8
2021-07-23,El Dorado,017,186661,11057,10773,856,11629,116
2021-07-23,Fresno,019,978130,105292,103637,8954,112591,1736
2021-07-23,Glenn,021,27897,2478,2457,575,3032,20
2021-07-23,Humboldt,023,135768,4964,4780,68,4848,52
2021-07-23,Imperial,025,180216,29208,28996,2704,31700,742
2021-07-23,Inyo,027,18085,1436,1424,12,1436,38
2021-07-23,Kern,029,883053,99493,98261,11616,109877,1350
2021-07-23,Kings,031,150075,23713,23304,1136,24440,246
2021-07-23,Lake,033,64148,4195,3963,14,3977,64
2021-07-23,Lassen,035,31185,5329,5311,118,5429,21
2021-07-23,Los Angeles,037,10098052,1251153,1232164,43665,1275829,24623
2021-07-23,Madera,039,155013,17177,16885,980,17865,245
2021-07-23,Marin,041,260295,14781,14454,281,14735,238
2021-07-23,Mariposa,043,17540,469,453,11,464,5
2021-07-23,Mendocino,045,87422,4443,4293,91,4384,49
2021-07-23,Merced,047,269075,31825,31661,1082,32743,473
2021-07-23,Modoc,049,8938,419,413,147,560,5
2021-07-23,Mono,051,14174,1289,1284,18,1302,3
2021-07-23,Monterey,053,433212,43799,43525,1912,45437,521
2021-07-23,Napa,055,140530,10365,10230,46,10276,81
2021-07-23,Nevada,057,99092,5359,5183,199,5382,72
2021-07-23,Orange,059,3164182,264044,259973,11988,271961,5141
2021-07-23,Placer,061,380077,25152,24530,1794,26324,303
2021-07-23,Plumas,063,18699,751,737,14,751,4
2021-07-23,Riverside,065,2383286,302533,296912,14434,311346,4552
2021-07-23,Sacramento,067,1510023,114638,112438,2151,114589,1698
2021-07-23,San Benito,069,59416,6228,6200,113,6313,63
2021-07-23,San Bernardino,071,2135413,300930,297899,9293,307192,5236
2021-07-23,San Diego,073,3302833,294261,289368,16845,306213,3788
2021-07-23,San Francisco,075,870044,40244,38954,1425,40379,561
2021-07-23,San Joaquin,077,732212,76550,75461,3782,79243,1436
2021-07-23,San Luis Obispo,079,281455,22075,21616,788,22404,260
2021-07-23,San Mateo,081,765935,44503,43880,554,44434,542
2021-07-23,Santa Barbara,083,443738,35534,35071,1172,36243,465
2021-07-23,Santa Clara,085,1922200,122897,121092,820,121912,2099
2021-07-23,Santa Cruz,087,273765,16683,16416,809,17225,207
2021-07-23,Shasta,089,179085,12929,12759,1709,14468,211
2021-07-23,Sierra,091,2930,69,64,12,76,0
2021-07-23,Siskiyou,093,43540,2049,1951,417,2368,31
2021-07-23,Solano,095,438530,35362,34499,686,35185,259
2021-07-23,Sonoma,097,501317,32590,31928,375,32303,327
2021-07-23,Stanislaus,099,539301,58561,57879,6185,64064,1030
2021-07-23,Sutter,101,95872,9993,9890,96,9986,115
2021-07-23,Tehama,103,63373,5231,5166,592,5758,65
2021-07-23,Trinity,105,12862,507,345,107,452,3
2021-07-23,Tulare,107,460477,51036,50104,9307,59411,854
2021-07-23,Tuolumne,109,53932,4282,4216,47,4263,64
2021-07-23,Ventura,111,848112,83670,82687,3354,86041,1041
2021-07-23,Yolo,113,214977,14842,14557,351,14908,214
2021-07-23,Yuba,115,75493,6597,6449,137,6586,51
2021-07-22,Alameda,001,1643700,94743,93170,2128,95298,1259
2021-07-22,Alpine,002,1148,88,89,0,89,0
2021-07-22,Amador,005,37829,3864,3816,33,3849,48
2021-07-22,Butte,007,227075,13229,12982,1979,14961,203
2021-07-22,Calaveras,009,45235,2281,2267,15,2282,57
2021-07-22,Colusa,011,21464,2007,1992,338,2330,16
2021-07-22,Contra Costa,013,1133247,75144,73682,1462,75144,830
2021-07-22,Del Norte,015,27424,1570,1497,14,1511,8
2021-07-22,El Dorado,017,186661,11021,10773,848,11621,116
2021-07-22,Fresno,019,978130,105163,103637,8944,112581,1736
2021-07-22,Glenn,021,27897,2474,2457,575,3032,20
2021-07-22,Humboldt,023,135768,4933,4780,66,4846,52
2021-07-22,Imperial,025,180216,29178,28996,2704,31700,742
2021-07-22,Inyo,027,18085,1434,1424,12,1436,38
2021-07-22,Kern,029,883053,99378,98261,11575,109836,1350
2021-07-22,Kings,031,150075,23674,23304,1134,24438,246
2021-07-22,Lake,033,64148,4144,3963,14,3977,64
2021-07-22,Lassen,035,31185,5326,5311,118,5429,21
2021-07-22,Los Angeles,037,10098052,1248713,1232164,43490,1275654,24623
2021-07-22,Madera,039,155013,17142,16885,978,17863,245
2021-07-22,Marin,041,260295,14740,14454,280,14734,238
2021-07-22,Mariposa,043,17540,462,453,11,464,5
2021-07-22,Mendocino,045,87422,4430,4293,90,4383,49
2021-07-22,Merced,047,269075,31783,31661,1081,32742,473
2021-07-22,Modoc,049,8938,419,413,147,560,5
2021-07-22,Mono,051,14174,1288,1284,18,1302,3
2021-07-22,Monterey,053,433212,43771,43525,1906,45431,521
2021-07-22,Napa,055,140530,10347,10230,46,10276,81
2021-07-22,Nevada,057,99092,5333,5183,198,5381,72
2021-07-22,Orange,059,3164182,263491,259973,11979,271952,5141
2021-07-22,Placer,061,380077,25058,24530,1783,26313,303
2021-07-22,Plumas,063,18699,750,737,14,751,4
2021-07-22,Riverside,065,2383286,302025,296912,14413,311325,4552
2021-07-22,Sacramento,067,1510023,114201,112438,2142,114580,1698
2021-07-22,San Benito,069,59416,6221,6200,113,6313,63
2021-07-22,San Bernardino,071,2135413,300527,297899,9278,307177,5236
2021-07-22,San Diego,073,3302833,293532,289368,16785,306153,3788
2021-07-22,San Francisco,075,870044,40031,38954,1413,40367,561
2021-07-22,San Joaquin,077,732212,76407,75461,3770,79231,1436
2021-07-22,San Luis Obispo,079,281455,22037,21616,784,22400,260
2021-07-22,San Mateo,081,765935,44391,43880,549,44429,542
2021-07-22,Santa Barbara,083,443738,35468,35071,1170,36241,465
2021-07-22,Santa Clara,085,1922200,122656,121092,817,121909,2099
2021-07-22,Santa Cruz,087,273765,16646,16416,808,17224,207
2021-07-22,Shasta,089,179085,12905,12759,1705,14464,211
2021-07-22,Sierra,091,2930,67,64,12,76,0
2021-07-22,Siskiyou,093,43540,2046,1951,417,2368,31
2021-07-22,Solano,095,438530,35216,34499,679,35178,259
2021-07-22,Sonoma,097,501317,32480,31928,373,32301,327
2021-07-22,Stanislaus,099,539301,58433,57879,6173,64052,1030
2021-07-22,Sutter,101,95872,9972,9890,96,9986,115
2021-07-22,Tehama,103,63373,5225,5166,592,5758,65
2021-07-22,Trinity,105,12862,507,345,107,452,3
2021-07-22,Tulare,107,460477,50993,50104,9279,59383,854
2021-07-22,Tuolumne,109,53932,4270,4216,47,4263,64
2021-07-22,Ventura,111,848112,83536,82687,3341,86028,1041
2021-07-22,Yolo,113,214977,14804,14557,351,14908,214
2021-07-22,Yuba,115,75493,6566,6449,134,6583,51
2021-07-21,Alameda,001,1643700,94423,92840,2125,94965,1256
2021-07-21,Alpine,002,1148,88,89,0,89,0
2021-07-21,Amador,005,37829,3851,3813,33,3846,48
2021-07-21,Butte,007,227075,13188,12939,1974,14913,203
2021-07-21,Calaveras,009,45235,2277,2257,15,2272,57
2021-07-21,Colusa,011,21464,2003,1988,337,2325,16
2021-07-21,Contra Costa,013,1133247,74880,73320,1453,74773,827
2021-07-21,Del Norte,015,27424,1560,1492,14,1506,8
2021-07-21,El Dorado,017,186661,10984,10742,844,11586,116
2021-07-21,Fresno,019,978130,105014,103504,8935,112439,1736
2021-07-21,Glenn,021,27897,2472,2455,574,3029,20
2021-07-21,Humboldt,023,135768,4901,4763,64,4827,52
2021-07-21,Imperial,025,180216,29166,28964,2701,31665,742
2021-07-21,Inyo,027,18085,1434,1423,12,1435,38
2021-07-21,Kern,029,883053,99260,98152,11534,109686,1350
2021-07-21,Kings,031,150075,23646,23270,1130,24400,246
2021-07-21,Lake,033,64148,4078,3896,14,3910,64
2021-07-21,Lassen,035,31185,5323,5310,118,5428,21
2021-07-21,Los Angeles,037,10098052,1246201,1229598,43352,1272950,24609
2021-07-21,Madera,039,155013,17118,16858,976,17834,245
2021-07-21,Marin,041,260295,14690,14427,280,14707,238
2021-07-21,Mariposa,043,17540,458,449,11,460,5
2021-07-21,Mendocino,045,87422,4412,4274,90,4364,49
2021-07-21,Merced,047,269075,31744,31607,1077,32684,473
2021-07-21,Modoc,049,8938,419,413,147,560,5
2021-07-21,Mono,051,14174,1285,1282,18,1300,3
2021-07-21,Monterey,053,433212,43741,43502,1903,45405,515
2021-07-21,Napa,055,140530,10321,10209,46,10255,81
2021-07-21,Nevada,057,99092,5298,5152,198,5350,72
2021-07-21,Orange,059,3164182,262936,259615,11949,271564,5139
2021-07-21,Placer,061,380077,24949,24441,1772,26213,303
2021-07-21,Plumas,063,18699,750,736,14,750,4
2021-07-21,Riverside,065,2383286,301512,296419,14396,310815,4552
2021-07-21,Sacramento,067,1510023,113778,112043,2131,114174,1696
2021-07-21,San Benito,069,59416,6211,6196,113,6309,63
2021-07-21,San Bernardino,071,2135413,300071,297519,9270,306789,5230
2021-07-21,San Diego,073,3302833,292682,288682,16722,305404,3787
2021-07-21,San Francisco,075,870044,39806,38699,1408,40107,559
2021-07-21,San Joaquin,077,732212,76218,75288,3758,79046,1434
2021-07-21,San Luis Obispo,079,281455,22000,21579,781,22360,260
2021-07-21,San Mateo,081,765935,44299,43755,545,44300,542
2021-07-21,Santa Barbara,083,443738,35409,34998,1154,36152,465
2021-07-21,Santa Clara,085,1922200,122447,120838,815,121653,2099
2021-07-21,Santa Cruz,087,273765,16612,16407,808,17215,207
2021-07-21,Shasta,089,179085,12872,12751,1702,14453,211
2021-07-21,Sierra,091,2930,67,64,12,76,0
2021-07-21,Siskiyou,093,43540,2044,1943,415,2358,31
2021-07-21,Solano,095,438530,35058,34374,674,35048,258
2021-07-21,Sonoma,097,501317,32364,31789,373,32162,327
2021-07-21,Stanislaus,099,539301,58331,57774,6163,63937,1028
2021-07-21,Sutter,101,95872,9948,9862,96,9958,113
2021-07-21,Tehama,103,63373,5221,5161,592,5753,65
2021-07-21,Trinity,105,12862,505,345,106,451,3
2021-07-21,Tulare,107,460477,50934,50066,9254,59320,854
2021-07-21,Tuolumne,109,53932,4233,4156,47,4203,64
2021-07-21,Ventura,111,848112,83414,82573,3329,85902,1041
2021-07-21,Yolo,113,214977,14763,14525,350,14875,213
2021-07-21,Yuba,115,75493,6538,6425,134,6559,52
2021-07-20,Alameda,001,1643700,94052,92625,2111,94736,1256
2021-07-20,Alpine,002,1148,88,89,0,89,0
2021-07-20,Amador,005,37829,3840,3807,33,3840,48
2021-07-20,Butte,007,227075,13151,12916,1968,14884,203
2021-07-20,Calaveras,009,45235,2274,2249,15,2264,57
2021-07-20,Colusa,011,21464,2003,1985,337,2322,16
2021-07-20,Contra Costa,013,1133247,74595,73143,1435,74578,825
2021-07-20,Del Norte,015,27424,1550,1490,14,1504,8
2021-07-20,El Dorado,017,186661,10944,10727,840,11567,116
2021-07-20,Fresno,019,978130,104879,103438,8916,112354,1736
2021-07-20,Glenn,021,27897,2472,2453,574,3027,20
2021-07-20,Humboldt,023,135768,4856,4735,62,4797,52
2021-07-20,Imperial,025,180216,29146,28933,2701,31634,742
2021-07-20,Inyo,027,18085,1430,1420,12,1432,36
2021-07-20,Kern,029,883053,99146,98082,11506,109588,1350
2021-07-20,Kings,031,150075,23605,23254,1125,24379,246
2021-07-20,Lake,033,64148,4053,3871,14,3885,64
2021-07-20,Lassen,035,31185,5323,5306,118,5424,21
2021-07-20,Los Angeles,037,10098052,1243405,1227404,43187,1270591,24603
2021-07-20,Madera,039,155013,17097,16856,972,17828,245
2021-07-20,Marin,041,260295,14654,14396,277,14673,234
2021-07-20,Mariposa,043,17540,456,448,11,459,5
2021-07-20,Mendocino,045,87422,4395,4259,90,4349,49
2021-07-20,Merced,047,269075,31705,31578,1070,32648,473
2021-07-20,Modoc,049,8938,419,413,147,560,5
2021-07-20,Mono,051,14174,1281,1281,18,1299,3
2021-07-20,Monterey,053,433212,43710,43481,1900,45381,515
2021-07-20,Napa,055,140530,10298,10191,46,10237,81
2021-07-20,Nevada,057,99092,5279,5148,197,5345,72
2021-07-20,Orange,059,3164182,262379,259303,11919,271222,5139
2021-07-20,Placer,061,380077,24858,24408,1750,26158,303
2021-07-20,Plumas,063,18699,748,736,14,750,4
2021-07-20,Riverside,065,2383286,300977,296118,14382,310500,4543
2021-07-20,Sacramento,067,1510023,113337,111796,2101,113897,1695
2021-07-20,San Benito,069,59416,6204,6196,113,6309,63
2021-07-20,San Bernardino,071,2135413,299662,297222,9245,306467,5231
2021-07-20,San Diego,073,3302833,291756,288209,16626,304835,3786
2021-07-20,San Francisco,075,870044,39548,38536,1398,39934,558
2021-07-20,San Joaquin,077,732212,76046,75198,3745,78943,1433
2021-07-20,San Luis Obispo,079,281455,21954,21556,780,22336,259
2021-07-20,San Mateo,081,765935,44180,43670,543,44213,542
2021-07-20,Santa Barbara,083,443738,35339,34935,1148,36083,462
2021-07-20,Santa Clara,085,1922200,122190,120704,813,121517,2098
2021-07-20,Santa Cruz,087,273765,16583,16399,808,17207,207
2021-07-20,Shasta,089,179085,12846,12734,1698,14432,211
2021-07-20,Sierra,091,2930,67,64,12,76,0
2021-07-20,Siskiyou,093,43540,2040,1931,414,2345,31
2021-07-20,Solano,095,438530,34923,34337,667,35004,258
2021-07-20,Sonoma,097,501317,32245,31763,372,32135,326
2021-07-20,Stanislaus,099,539301,58216,57706,6158,63864,1028
2021-07-20,Sutter,101,95872,9921,9854,93,9947,114
2021-07-20,Tehama,103,63373,5219,5153,592,5745,65
2021-07-20,Trinity,105,12862,503,344,105,449,3
2021-07-20,Tulare,107,460477,50892,50047,9237,59284,854
2021-07-20,Tuolumne,109,53932,4214,4156,47,4203,64
2021-07-20,Ventura,111,848112,83261,82504,3314,85818,1041
2021-07-20,Yolo,113,214977,14698,14495,347,14842,213
2021-07-20,Yuba,115,75493,6513,6393,131,6524,52
2021-07-19,Alameda,001,1643700,93674,92357,2096,94453,1256
2021-07-19,Alpine,002,1148,88,89,0,89,0
2021-07-19,Amador,005,37829,3836,3802,33,3835,48
2021-07-19,Butte,007,227075,13107,12901,1963,14864,202
2021-07-19,Calaveras,009,45235,2270,2245,15,2260,57
2021-07-19,Colusa,011,21464,2001,1981,337,2318,16
2021-07-19,Contra Costa,013,1133247,74283,72935,1415,74350,825
2021-07-19,Del Norte,015,27424,1537,1484,14,1498,8
2021-07-19,El Dorado,017,186661,10914,10703,832,11535,114
2021-07-19,Fresno,019,978130,104749,103350,8903,112253,1731
2021-07-19,Glenn,021,27897,2472,2452,573,3025,20
2021-07-19,Humboldt,023,135768,4826,4719,60,4779,52
2021-07-19,Imperial,025,180216,29119,28888,2700,31588,742
2021-07-19,Inyo,027,18085,1429,1417,12,1429,36
2021-07-19,Kern,029,883053,99032,97999,11473,109472,1349
2021-07-19,Kings,031,150075,23575,23221,1119,24340,246
2021-07-19,Lake,033,64148,4017,3848,14,3862,64
2021-07-19,Lassen,035,31185,5322,5305,118,5423,21
2021-07-19,Los Angeles,037,10098052,1240799,1225946,43001,1268947,24600
2021-07-19,Madera,039,155013,17074,16846,969,17815,244
2021-07-19,Marin,041,260295,14619,14369,274,14643,234
2021-07-19,Mariposa,043,17540,450,447,11,458,5
2021-07-19,Mendocino,045,87422,4377,4251,90,4341,49
2021-07-19,Merced,047,269075,31641,31565,1063,32628,472
2021-07-19,Modoc,049,8938,418,413,147,560,5
2021-07-19,Mono,051,14174,1279,1280,18,1298,3
2021-07-19,Monterey,053,433212,43686,43436,1899,45335,515
2021-07-19,Napa,055,140530,10273,10180,44,10224,81
2021-07-19,Nevada,057,99092,5251,5133,196,5329,72
2021-07-19,Orange,059,3164182,261856,258927,11887,270814,5138
2021-07-19,Placer,061,380077,24759,24359,1728,26087,303
2021-07-19,Plumas,063,18699,748,730,14,744,4
2021-07-19,Riverside,065,2383286,300487,295736,14344,310080,4543
2021-07-19,Sacramento,067,1510023,112973,111470,2075,113545,1696
2021-07-19,San Benito,069,59416,6201,6193,113,6306,63
2021-07-19,San Bernardino,071,2135413,299289,296929,9226,306155,5235
2021-07-19,San Diego,073,3302833,290856,287695,16521,304216,3786
2021-07-19,San Francisco,075,870044,39275,38463,1385,39848,560
2021-07-19,San Joaquin,077,732212,75881,75086,3740,78826,1431
2021-07-19,San Luis Obispo,079,281455,21909,21531,776,22307,259
2021-07-19,San Mateo,081,765935,44038,43563,534,44097,542
2021-07-19,Santa Barbara,083,443738,35267,34904,1146,36050,461
2021-07-19,Santa Clara,085,1922200,121932,120554,812,121366,2098
2021-07-19,Santa Cruz,087,273765,16567,16387,808,17195,207
2021-07-19,Shasta,089,179085,12828,12723,1696,14419,209
2021-07-19,Sierra,091,2930,66,64,12,76,0
2021-07-19,Siskiyou,093,43540,2035,1927,412,2339,31
2021-07-19,Solano,095,438530,34748,34262,656,34918,261
2021-07-19,Sonoma,097,501317,32124,31713,371,32084,325
2021-07-19,Stanislaus,099,539301,58115,57644,6148,63792,1027
2021-07-19,Sutter,101,95872,9905,9834,93,9927,114
2021-07-19,Tehama,103,63373,5213,5152,590,5742,65
2021-07-19,Trinity,105,12862,503,344,104,448,3
2021-07-19,Tulare,107,460477,50845,49994,9221,59215,855
2021-07-19,Tuolumne,109,53932,4204,4151,47,4198,64
2021-07-19,Ventura,111,848112,83165,82409,3292,85701,1041
2021-07-19,Yolo,113,214977,14666,14439,345,14784,213
2021-07-19,Yuba,115,75493,6489,6370,131,6501,52
2021-07-18,Alameda,001,1643700,93313,92162,2084,94246,1256
2021-07-18,Alpine,002,1148,88,89,0,89,0
2021-07-18,Amador,005,37829,3825,3799,33,3832,48
2021-07-18,Butte,007,227075,13065,12888,1956,14844,202
2021-07-18,Calaveras,009,45235,2267,2243,15,2258,57
2021-07-18,Colusa,011,21464,2001,1981,336,2317,16
2021-07-18,Contra Costa,013,1133247,73967,72849,1397,74246,825
2021-07-18,Del Norte,015,27424,1528,1482,14,1496,8
2021-07-18,El Dorado,017,186661,10877,10687,824,11511,114
2021-07-18,Fresno,019,978130,104595,103298,8885,112183,1731
2021-07-18,Glenn,021,27897,2471,2452,572,3024,20
2021-07-18,Humboldt,023,135768,4790,4714,60,4774,52
2021-07-18,Imperial,025,180216,29082,28877,2699,31576,742
2021-07-18,Inyo,027,18085,1425,1417,12,1429,36
2021-07-18,Kern,029,883053,98906,97963,11431,109394,1349
2021-07-18,Kings,031,150075,23554,23203,1115,24318,246
2021-07-18,Lake,033,64148,3981,3825,14,3839,64
2021-07-18,Lassen,035,31185,5322,5305,118,5423,21
2021-07-18,Los Angeles,037,10098052,1238111,1224691,42812,1267503,24598
2021-07-18,Madera,039,155013,17049,16838,965,17803,244
2021-07-18,Marin,041,260295,14583,14358,272,14630,234
2021-07-18,Mariposa,043,17540,449,447,11,458,5
2021-07-18,Mendocino,045,87422,4356,4246,90,4336,49
2021-07-18,Merced,047,269075,31610,31537,1061,32598,471
2021-07-18,Modoc,049,8938,418,413,147,560,5
2021-07-18,Mono,051,14174,1278,1280,18,1298,3
2021-07-18,Monterey,053,433212,43668,43422,1889,45311,515
2021-07-18,Napa,055,140530,10256,10174,41,10215,81
2021-07-18,Nevada,057,99092,5225,5124,196,5320,72
2021-07-18,Orange,059,3164182,261372,258724,11859,270583,5138
2021-07-18,Placer,061,380077,24691,24313,1701,26014,303
2021-07-18,Plumas,063,18699,748,730,14,744,4
2021-07-18,Riverside,065,2383286,299995,295522,14302,309824,4543
2021-07-18,Sacramento,067,1510023,112543,111255,2042,113297,1696
2021-07-18,San Benito,069,59416,6193,6191,113,6304,63
2021-07-18,San Bernardino,071,2135413,298814,296739,9211,305950,5233
2021-07-18,San Diego,073,3302833,290040,286287,16437,302724,3786
2021-07-18,San Francisco,075,870044,39039,38367,1374,39741,560
2021-07-18,San Joaquin,077,732212,75704,74997,3727,78724,1431
2021-07-18,San Luis Obispo,079,281455,21874,21527,773,22300,259
2021-07-18,San Mateo,081,765935,43925,43506,528,44034,542
2021-07-18,Santa Barbara,083,443738,35202,34880,1144,36024,461
2021-07-18,Santa Clara,085,1922200,121718,120438,805,121243,2098
2021-07-18,Santa Cruz,087,273765,16535,16372,807,17179,207
2021-07-18,Shasta,089,179085,12803,12714,1692,14406,209
2021-07-18,Sierra,091,2930,66,64,12,76,0
2021-07-18,Siskiyou,093,43540,2029,1927,407,2334,31
2021-07-18,Solano,095,438530,34620,34215,652,34867,261
2021-07-18,Sonoma,097,501317,32019,31675,370,32045,325
2021-07-18,Stanislaus,099,539301,58004,57600,6123,63723,1028
2021-07-18,Sutter,101,95872,9873,9826,93,9919,114
2021-07-18,Tehama,103,63373,5210,5150,589,5739,65
2021-07-18,Trinity,105,12862,503,344,104,448,3
2021-07-18,Tulare,107,460477,50792,49985,9198,59183,855
2021-07-18,Tuolumne,109,53932,4186,4149,47,4196,64
2021-07-18,Ventura,111,848112,83051,82361,3268,85629,1041
2021-07-18,Yolo,113,214977,14607,14425,339,14764,213
2021-07-18,Yuba,115,75493,6448,6357,131,6488,52
2021-07-17,Alameda,001,1643700,93095,91346,2073,93419,1255
2021-07-17,Alpine,002,1148,88,89,0,89,0
2021-07-17,Amador,005,37829,3816,3785,33,3818,48
2021-07-17,Butte,007,227075,13050,12824,1952,14776,202
2021-07-17,Calaveras,009,45235,2262,2237,15,2252,57
2021-07-17,Colusa,011,21464,1998,1976,336,2312,16
2021-07-17,Contra Costa,013,1133247,73785,72254,1384,73638,824
2021-07-17,Del Norte,015,27424,1520,1475,14,1489,8
2021-07-17,El Dorado,017,186661,10850,10622,820,11442,114
2021-07-17,Fresno,019,978130,104522,103055,8871,111926,1730
2021-07-17,Glenn,021,27897,2470,2451,572,3023,20
2021-07-17,Humboldt,023,135768,4777,4654,59,4713,52
2021-07-17,Imperial,025,180216,29066,28840,2699,31539,742
2021-07-17,Inyo,027,18085,1425,1416,12,1428,36
2021-07-17,Kern,029,883053,98849,97796,11395,109191,1348
2021-07-17,Kings,031,150075,23534,23163,1114,24277,246
2021-07-17,Lake,033,64148,3956,3760,14,3774,64
2021-07-17,Lassen,035,31185,5322,5302,118,5420,21
2021-07-17,Los Angeles,037,10098052,1236574,1219733,42671,1262404,24582
2021-07-17,Madera,039,155013,17041,16804,965,17769,240
2021-07-17,Marin,041,260295,14565,14297,270,14567,234
2021-07-17,Mariposa,043,17540,449,445,11,456,5
2021-07-17,Mendocino,045,87422,4344,4209,90,4299,49
2021-07-17,Merced,047,269075,31589,31451,1057,32508,471
2021-07-17,Modoc,049,8938,418,412,147,559,5
2021-07-17,Mono,051,14174,1276,1277,18,1295,3
2021-07-17,Monterey,053,433212,43645,43367,1884,45251,515
2021-07-17,Napa,055,140530,10240,10129,41,10170,81
2021-07-17,Nevada,057,99092,5210,5066,196,5262,72
2021-07-17,Orange,059,3164182,261065,257805,11820,269625,5136
2021-07-17,Placer,061,380077,24624,24169,1687,25856,303
2021-07-17,Plumas,063,18699,743,721,14,735,4
2021-07-17,Riverside,065,2383286,299689,294751,14270,309021,4542
2021-07-17,Sacramento,067,1510023,112307,110432,2022,112454,1694
2021-07-17,San Benito,069,59416,6187,6181,113,6294,63
2021-07-17,San Bernardino,071,2135413,298577,296048,9192,305240,5218
2021-07-17,San Diego,073,3302833,289633,285698,16369,302067,3786
2021-07-17,San Francisco,075,870044,38918,37978,1371,39349,560
2021-07-17,San Joaquin,077,732212,75617,74695,3721,78416,1430
2021-07-17,San Luis Obispo,079,281455,21847,21462,773,22235,258
2021-07-17,San Mateo,081,765935,43854,43324,527,43851,542
2021-07-17,Santa Barbara,083,443738,35161,34769,1141,35910,461
2021-07-17,Santa Clara,085,1922200,121546,119980,802,120782,2097
2021-07-17,Santa Cruz,087,273765,16528,16337,807,17144,207
2021-07-17,Shasta,089,179085,12788,12683,1687,14370,210
2021-07-17,Sierra,091,2930,66,62,12,74,0
2021-07-17,Siskiyou,093,43540,2024,1922,404,2326,29
2021-07-17,Solano,095,438530,34555,34015,644,34659,263
2021-07-17,Sonoma,097,501317,31951,31536,369,31905,322
2021-07-17,Stanislaus,099,539301,57927,57400,6109,63509,1028
2021-07-17,Sutter,101,95872,9863,9778,93,9871,114
2021-07-17,Tehama,103,63373,5207,5145,589,5734,64
2021-07-17,Trinity,105,12862,502,341,104,445,3
2021-07-17,Tulare,107,460477,50770,49937,9186,59123,854
2021-07-17,Tuolumne,109,53932,4176,4131,47,4178,64
2021-07-17,Ventura,111,848112,82982,82125,3257,85382,1041
2021-07-17,Yolo,113,214977,14575,14356,332,14688,213
2021-07-17,Yuba,115,75493,6437,6309,131,6440,52
2021-07-16,Alameda,001,1643700,92856,91346,2062,93408,1255
2021-07-16,Alpine,002,1148,88,89,0,89,0
2021-07-16,Amador,005,37829,3813,3785,33,3818,48
2021-07-16,Butte,007,227075,13025,12824,1948,14772,202
2021-07-16,Calaveras,009,45235,2261,2237,15,2252,57
2021-07-16,Colusa,011,21464,1996,1976,335,2311,16
2021-07-16,Contra Costa,013,1133247,73596,72254,1380,73634,824
2021-07-16,Del Norte,015,27424,1518,1475,14,1489,8
2021-07-16,El Dorado,017,186661,10831,10622,819,11441,114
2021-07-16,Fresno,019,978130,104470,103055,8851,111906,1730
2021-07-16,Glenn,021,27897,2470,2451,572,3023,20
2021-07-16,Humboldt,023,135768,4755,4654,59,4713,52
2021-07-16,Imperial,025,180216,29054,28840,2699,31539,742
2021-07-16,Inyo,027,18085,1423,1416,12,1428,36
2021-07-16,Kern,029,883053,98787,97796,11355,109151,1348
2021-07-16,Kings,031,150075,23509,23163,1113,24276,246
2021-07-16,Lake,033,64148,3929,3760,14,3774,64
2021-07-16,Lassen,035,31185,5321,5302,118,5420,21
2021-07-16,Los Angeles,037,10098052,1235072,1219733,42526,1262259,24582
2021-07-16,Madera,039,155013,17023,16804,965,17769,240
2021-07-16,Marin,041,260295,14541,14297,267,14564,234
2021-07-16,Mariposa,043,17540,449,445,11,456,5
2021-07-16,Mendocino,045,87422,4335,4209,89,4298,49
2021-07-16,Merced,047,269075,31568,31451,1055,32506,471
2021-07-16,Modoc,049,8938,418,412,147,559,5
2021-07-16,Mono,051,14174,1275,1277,18,1295,3
2021-07-16,Monterey,053,433212,43623,43367,1883,45250,515
2021-07-16,Napa,055,140530,10216,10129,40,10169,81
2021-07-16,Nevada,057,99092,5200,5066,196,5262,72
2021-07-16,Orange,059,3164182,260792,257805,11779,269584,5136
2021-07-16,Placer,061,380077,24571,24169,1682,25851,303
2021-07-16,Plumas,063,18699,742,721,14,735,4
2021-07-16,Riverside,065,2383286,299413,294751,14244,308995,4542
2021-07-16,Sacramento,067,1510023,112090,110432,2009,112441,1694
2021-07-16,San Benito,069,59416,6185,6181,113,6294,63
2021-07-16,San Bernardino,071,2135413,298301,296048,9175,305223,5218
2021-07-16,San Diego,073,3302833,289191,285698,16322,302020,3786
2021-07-16,San Francisco,075,870044,38800,37978,1366,39344,560
2021-07-16,San Joaquin,077,732212,75523,74695,3718,78413,1430
2021-07-16,San Luis Obispo,079,281455,21830,21462,773,22235,258
2021-07-16,San Mateo,081,765935,43801,43324,526,43850,542
2021-07-16,Santa Barbara,083,443738,35123,34769,1141,35910,461
2021-07-16,Santa Clara,085,1922200,121399,119980,795,120775,2097
2021-07-16,Santa Cruz,087,273765,16515,16337,807,17144,207
2021-07-16,Shasta,089,179085,12778,12683,1686,14369,210
2021-07-16,Sierra,091,2930,66,62,12,74,0
2021-07-16,Siskiyou,093,43540,2022,1922,402,2324,29
2021-07-16,Solano,095,438530,34488,34015,636,34651,263
2021-07-16,Sonoma,097,501317,31899,31536,366,31902,322
2021-07-16,Stanislaus,099,539301,57877,57400,6099,63499,1028
2021-07-16,Sutter,101,95872,9851,9778,93,9871,114
2021-07-16,Tehama,103,63373,5205,5145,589,5734,64
2021-07-16,Trinity,105,12862,502,341,103,444,3
2021-07-16,Tulare,107,460477,50745,49937,9176,59113,854
2021-07-16,Tuolumne,109,53932,4170,4131,47,4178,64
2021-07-16,Ventura,111,848112,82917,82125,3250,85375,1041
2021-07-16,Yolo,113,214977,14549,14356,329,14685,213
2021-07-16,Yuba,115,75493,6415,6309,130,6439,52
2021-07-15,Alameda,001,1643700,92560,91346,2052,93398,1255
2021-07-15,Alpine,002,1148,88,89,0,89,0
2021-07-15,Amador,005,37829,3810,3785,33,3818,48
2021-07-15,Butte,007,227075,12999,12824,1946,14770,202
2021-07-15,Calaveras,009,45235,2258,2237,15,2252,57
2021-07-15,Colusa,011,21464,1995,1976,334,2310,16
2021-07-15,Contra Costa,013,1133247,73382,72254,1373,73627,824
2021-07-15,Del Norte,015,27424,1515,1475,14,1489,8
2021-07-15,El Dorado,017,186661,10804,10622,817,11439,114
2021-07-15,Fresno,019,978130,104373,103055,8831,111886,1730
2021-07-15,Glenn,021,27897,2470,2451,572,3023,20
2021-07-15,Humboldt,023,135768,4737,4654,58,4712,52
2021-07-15,Imperial,025,180216,29031,28840,2699,31539,742
2021-07-15,Inyo,027,18085,1423,1416,12,1428,36
2021-07-15,Kern,029,883053,98717,97796,11327,109123,1348
2021-07-15,Kings,031,150075,23471,23163,1110,24273,246
2021-07-15,Lake,033,64148,3890,3760,14,3774,64
2021-07-15,Lassen,035,31185,5320,5302,118,5420,21
2021-07-15,Los Angeles,037,10098052,1233085,1219733,42369,1262102,24582
2021-07-15,Madera,039,155013,17001,16804,961,17765,240
2021-07-15,Marin,041,260295,14516,14297,267,14564,234
2021-07-15,Mariposa,043,17540,449,445,11,456,5
2021-07-15,Mendocino,045,87422,4327,4209,88,4297,49
2021-07-15,Merced,047,269075,31538,31451,1055,32506,471
2021-07-15,Modoc,049,8938,418,412,147,559,5
2021-07-15,Mono,051,14174,1275,1277,18,1295,3
2021-07-15,Monterey,053,433212,43594,43367,1880,45247,515
2021-07-15,Napa,055,140530,10191,10129,39,10168,81
2021-07-15,Nevada,057,99092,5183,5066,195,5261,72
2021-07-15,Orange,059,3164182,260441,257805,11748,269553,5136
2021-07-15,Placer,061,380077,24511,24169,1665,25834,303
2021-07-15,Plumas,063,18699,741,721,14,735,4
2021-07-15,Riverside,065,2383286,299092,294751,14229,308980,4542
2021-07-15,Sacramento,067,1510023,111785,110432,1992,112424,1694
2021-07-15,San Benito,069,59416,6183,6181,113,6294,63
2021-07-15,San Bernardino,071,2135413,297994,296048,9161,305209,5218
2021-07-15,San Diego,073,3302833,288553,285698,16244,301942,3786
2021-07-15,San Francisco,075,870044,38649,37978,1358,39336,560
2021-07-15,San Joaquin,077,732212,75406,74695,3713,78408,1430
2021-07-15,San Luis Obispo,079,281455,21798,21462,773,22235,258
2021-07-15,San Mateo,081,765935,43696,43324,521,43845,542
2021-07-15,Santa Barbara,083,443738,35067,34769,1140,35909,461
2021-07-15,Santa Clara,085,1922200,121277,119980,792,120772,2097
2021-07-15,Santa Cruz,087,273765,16502,16337,807,17144,207
2021-07-15,Shasta,089,179085,12770,12683,1682,14365,210
2021-07-15,Sierra,091,2930,66,62,12,74,0
2021-07-15,Siskiyou,093,43540,2021,1922,402,2324,29
2021-07-15,Solano,095,438530,34412,34015,630,34645,263
2021-07-15,Sonoma,097,501317,31838,31536,366,31902,322
2021-07-15,Stanislaus,099,539301,57808,57400,6086,63486,1028
2021-07-15,Sutter,101,95872,9831,9778,92,9870,114
2021-07-15,Tehama,103,63373,5199,5145,588,5733,64
2021-07-15,Trinity,105,12862,502,341,103,444,3
2021-07-15,Tulare,107,460477,50725,49937,9159,59096,854
2021-07-15,Tuolumne,109,53932,4158,4131,47,4178,64
2021-07-15,Ventura,111,848112,82841,82125,3245,85370,1041
2021-07-15,Yolo,113,214977,14521,14356,328,14684,213
2021-07-15,Yuba,115,75493,6400,6309,129,6438,52
2021-07-14,Alameda,001,1643700,92300,91092,2036,93128,1255
2021-07-14,Alpine,002,1148,88,89,0,89,0
2021-07-14,Amador,005,37829,3802,3784,33,3817,48
2021-07-14,Butte,007,227075,12972,12813,1939,14752,202
2021-07-14,Calaveras,009,45235,2251,2234,15,2249,57
2021-07-14,Colusa,011,21464,1992,1974,334,2308,16
2021-07-14,Contra Costa,013,1133247,73153,72091,1361,73452,823
2021-07-14,Del Norte,015,27424,1514,1472,14,1486,8
2021-07-14,El Dorado,017,186661,10778,10598,814,11412,114
2021-07-14,Fresno,019,978130,104293,102966,8820,111786,1728
2021-07-14,Glenn,021,27897,2470,2449,572,3021,20
2021-07-14,Humboldt,023,135768,4713,4644,56,4700,52
2021-07-14,Imperial,025,180216,29002,28822,2699,31521,742
2021-07-14,Inyo,027,18085,1422,1415,12,1427,36
2021-07-14,Kern,029,883053,98653,97736,11302,109038,1346
2021-07-14,Kings,031,150075,23458,23142,1110,24252,246
2021-07-14,Lake,033,64148,3857,3739,14,3753,63
2021-07-14,Lassen,035,31185,5319,5298,118,5416,21
2021-07-14,Los Angeles,037,10098052,1231069,1218265,42228,1260493,24578
2021-07-14,Madera,039,155013,16989,16786,959,17745,240
2021-07-14,Marin,041,260295,14482,14269,265,14534,233
2021-07-14,Mariposa,043,17540,447,445,11,456,5
2021-07-14,Mendocino,045,87422,4313,4193,88,4281,49
2021-07-14,Merced,047,269075,31501,31412,1052,32464,471
2021-07-14,Modoc,049,8938,418,412,147,559,4
2021-07-14,Mono,051,14174,1275,1278,18,1296,3
2021-07-14,Monterey,053,433212,43570,43347,1878,45225,504
2021-07-14,Napa,055,140530,10169,10121,39,10160,81
2021-07-14,Nevada,057,99092,5163,5058,195,5253,72
2021-07-14,Orange,059,3164182,260124,257558,11717,269275,5137
2021-07-14,Placer,061,380077,24458,24125,1653,25778,303
2021-07-14,Plumas,063,18699,734,719,14,733,4
2021-07-14,Riverside,065,2383286,298768,294511,14213,308724,4542
2021-07-14,Sacramento,067,1510023,111457,110193,1968,112161,1688
2021-07-14,San Benito,069,59416,6180,6177,113,6290,63
2021-07-14,San Bernardino,071,2135413,297694,295820,9146,304966,5193
2021-07-14,San Diego,073,3302833,287981,285269,16164,301433,3786
2021-07-14,San Francisco,075,870044,38510,37836,1353,39189,559
2021-07-14,San Joaquin,077,732212,75314,74599,3704,78303,1416
2021-07-14,San Luis Obispo,079,281455,21776,21444,771,22215,258
2021-07-14,San Mateo,081,765935,43597,43249,517,43766,542
2021-07-14,Santa Barbara,083,443738,35025,34719,1138,35857,461
2021-07-14,Santa Clara,085,1922200,121127,119844,789,120633,2098
2021-07-14,Santa Cruz,087,273765,16490,16326,807,17133,207
2021-07-14,Shasta,089,179085,12750,12669,1679,14348,209
2021-07-14,Sierra,091,2930,66,62,12,74,0
2021-07-14,Siskiyou,093,43540,2014,1922,399,2321,29
2021-07-14,Solano,095,438530,34339,33948,630,34578,268
2021-07-14,Sonoma,097,501317,31786,31470,366,31836,322
2021-07-14,Stanislaus,099,539301,57733,57340,6074,63414,1028
2021-07-14,Sutter,101,95872,9809,9766,92,9858,114
2021-07-14,Tehama,103,63373,5197,5142,588,5730,64
2021-07-14,Trinity,105,12862,502,341,103,444,3
2021-07-14,Tulare,107,460477,50708,49908,9145,59053,853
2021-07-14,Tuolumne,109,53932,4155,4128,46,4174,64
2021-07-14,Ventura,111,848112,82747,82041,3234,85275,1040
2021-07-14,Yolo,113,214977,14488,14332,325,14657,213
2021-07-14,Yuba,115,75493,6382,6294,129,6423,52
2021-07-13,Alameda,001,1643700,92036,90874,2026,92900,1255
2021-07-13,Alpine,002,1148,88,89,0,89,0
2021-07-13,Amador,005,37829,3795,3783,33,3816,48
2021-07-13,Butte,007,227075,12958,12802,1938,14740,202
2021-07-13,Calaveras,009,45235,2247,2230,15,2245,57
2021-07-13,Colusa,011,21464,1990,1972,331,2303,16
2021-07-13,Contra Costa,013,1133247,72928,71963,1352,73315,823
2021-07-13,Del Norte,015,27424,1510,1471,14,1485,8
2021-07-13,El Dorado,017,186661,10761,10581,812,11393,114
2021-07-13,Fresno,019,978130,104218,102909,8810,111719,1727
2021-07-13,Glenn,021,27897,2468,2448,572,3020,20
2021-07-13,Humboldt,023,135768,4698,4634,56,4690,51
2021-07-13,Imperial,025,180216,28991,28792,2699,31491,741
2021-07-13,Inyo,027,18085,1421,1415,12,1427,36
2021-07-13,Kern,029,883053,98564,97698,11263,108961,1346
2021-07-13,Kings,031,150075,23440,23132,1110,24242,246
2021-07-13,Lake,033,64148,3830,3719,13,3732,63
2021-07-13,Lassen,035,31185,5317,5292,118,5410,21
2021-07-13,Los Angeles,037,10098052,1229218,1217184,42058,1259242,24569
2021-07-13,Madera,039,155013,16979,16773,955,17728,240
2021-07-13,Marin,041,260295,14453,14254,264,14518,233
2021-07-13,Mariposa,043,17540,446,443,11,454,5
2021-07-13,Mendocino,045,87422,4306,4185,88,4273,49
2021-07-13,Merced,047,269075,31480,31379,1049,32428,471
2021-07-13,Modoc,049,8938,418,411,147,558,4
2021-07-13,Mono,051,14174,1274,1277,18,1295,3
2021-07-13,Monterey,053,433212,43552,43333,1874,45207,504
2021-07-13,Napa,055,140530,10148,10118,39,10157,81
2021-07-13,Nevada,057,99092,5138,5053,195,5248,72
2021-07-13,Orange,059,3164182,259794,257339,11689,269028,5136
2021-07-13,Placer,061,380077,24412,24091,1640,25731,303
2021-07-13,Plumas,063,18699,733,716,14,730,4
2021-07-13,Riverside,065,2383286,298446,294302,14186,308488,4541
2021-07-13,Sacramento,067,1510023,111147,109990,1945,111935,1687
2021-07-13,San Benito,069,59416,6178,6173,113,6286,63
2021-07-13,San Bernardino,071,2135413,297417,295596,9124,304720,5183
2021-07-13,San Diego,073,3302833,287433,284997,16085,301082,3785
2021-07-13,San Francisco,075,870044,38366,37725,1347,39072,559
2021-07-13,San Joaquin,077,732212,75198,74500,3701,78201,1417
2021-07-13,San Luis Obispo,079,281455,21750,21423,768,22191,258
2021-07-13,San Mateo,081,765935,43528,43180,516,43696,542
2021-07-13,Santa Barbara,083,443738,34976,34679,1135,35814,461
2021-07-13,Santa Clara,085,1922200,120974,119727,785,120512,2098
2021-07-13,Santa Cruz,087,273765,16481,16315,805,17120,207
2021-07-13,Shasta,089,179085,12737,12659,1672,14331,209
2021-07-13,Sierra,091,2930,66,62,12,74,0
2021-07-13,Siskiyou,093,43540,2013,1916,397,2313,29
2021-07-13,Solano,095,438530,34274,33918,624,34542,268
2021-07-13,Sonoma,097,501317,31727,31431,366,31797,322
2021-07-13,Stanislaus,099,539301,57662,57282,6059,63341,1028
2021-07-13,Sutter,101,95872,9791,9752,91,9843,114
2021-07-13,Tehama,103,63373,5190,5144,588,5732,64
2021-07-13,Trinity,105,12862,502,341,102,443,3
2021-07-13,Tulare,107,460477,50683,49891,9129,59020,853
2021-07-13,Tuolumne,109,53932,4147,4122,45,4167,64
2021-07-13,Ventura,111,848112,82662,81982,3209,85191,1040
2021-07-13,Yolo,113,214977,14460,14320,319,14639,213
2021-07-13,Yuba,115,75493,6365,6279,129,6408,52
2021-07-12,Alameda,001,1643700,91778,90720,2019,92739,1254
2021-07-12,Alpine,002,1148,88,89,0,89,0
2021-07-12,Amador,005,37829,3788,3781,33,3814,47
2021-07-12,Butte,007,227075,12938,12796,1936,14732,202
2021-07-12,Calaveras,009,45235,2245,2228,15,2243,57
2021-07-12,Colusa,011,21464,1986,1971,330,2301,16
2021-07-12,Contra Costa,013,1133247,72724,71833,1347,73180,823
2021-07-12,Del Norte,015,27424,1507,1469,14,1483,8
2021-07-12,El Dorado,017,186661,10732,10569,810,11379,114
2021-07-12,Fresno,019,978130,104124,102853,8798,111651,1728
2021-07-12,Glenn,021,27897,2468,2446,572,3018,20
2021-07-12,Humboldt,023,135768,4682,4621,56,4677,51
2021-07-12,Imperial,025,180216,28961,28789,2699,31488,741
2021-07-12,Inyo,027,18085,1421,1415,12,1427,36
2021-07-12,Kern,029,883053,98495,97660,11238,108898,1346
2021-07-12,Kings,031,150075,23420,23124,1108,24232,246
2021-07-12,Lake,033,64148,3809,3706,13,3719,63
2021-07-12,Lassen,035,31185,5316,5292,118,5410,21
2021-07-12,Los Angeles,037,10098052,1227421,1216230,41926,1258156,24559
2021-07-12,Madera,039,155013,16968,16772,955,17727,240
2021-07-12,Marin,041,260295,14428,14238,263,14501,233
2021-07-12,Mariposa,043,17540,446,442,11,453,5
2021-07-12,Mendocino,045,87422,4295,4175,88,4263,49
2021-07-12,Merced,047,269075,31449,31374,1048,32422,471
2021-07-12,Modoc,049,8938,417,411,147,558,4
2021-07-12,Mono,051,14174,1272,1275,18,1293,3
2021-07-12,Monterey,053,433212,43531,43315,1870,45185,504
2021-07-12,Napa,055,140530,10130,10104,38,10142,81
2021-07-12,Nevada,057,99092,5115,5046,195,5241,72
2021-07-12,Orange,059,3164182,259440,257171,11665,268836,5136
2021-07-12,Placer,061,380077,24361,24052,1634,25686,302
2021-07-12,Plumas,063,18699,733,716,14,730,4
2021-07-12,Riverside,065,2383286,298138,294108,14157,308265,4541
2021-07-12,Sacramento,067,1510023,110931,109849,1919,111768,1685
2021-07-12,San Benito,069,59416,6175,6166,113,6279,63
2021-07-12,San Bernardino,071,2135413,297145,295447,9109,304556,5171
2021-07-12,San Diego,073,3302833,286964,284648,16009,300657,3785
2021-07-12,San Francisco,075,870044,38220,37656,1344,39000,559
2021-07-12,San Joaquin,077,732212,75104,74424,3691,78115,1415
2021-07-12,San Luis Obispo,079,281455,21731,21408,767,22175,258
2021-07-12,San Mateo,081,765935,43434,43138,509,43647,542
2021-07-12,Santa Barbara,083,443738,34933,34664,1133,35797,461
2021-07-12,Santa Clara,085,1922200,120809,119634,782,120416,2098
2021-07-12,Santa Cruz,087,273765,16456,16310,804,17114,207
2021-07-12,Shasta,089,179085,12730,12648,1669,14317,208
2021-07-12,Sierra,091,2930,66,62,12,74,0
2021-07-12,Siskiyou,093,43540,2008,1916,392,2308,29
2021-07-12,Solano,095,438530,34184,33859,615,34474,268
2021-07-12,Sonoma,097,501317,31679,31377,365,31742,322
2021-07-12,Stanislaus,099,539301,57592,57243,6052,63295,1028
2021-07-12,Sutter,101,95872,9774,9736,90,9826,114
2021-07-12,Tehama,103,63373,5185,5138,587,5725,63
2021-07-12,Trinity,105,12862,498,340,100,440,3
2021-07-12,Tulare,107,460477,50655,49882,9116,58998,853
2021-07-12,Tuolumne,109,53932,4143,4116,45,4161,64
2021-07-12,Ventura,111,848112,82561,81919,3188,85107,1040
2021-07-12,Yolo,113,214977,14432,14303,315,14618,213
2021-07-12,Yuba,115,75493,6350,6266,129,6395,52
2021-07-11,Alameda,001,1643700,91449,90597,2007,92604,1254
2021-07-11,Alpine,002,1148,88,89,0,89,0
2021-07-11,Amador,005,37829,3786,3779,33,3812,47
2021-07-11,Butte,007,227075,12916,12794,1930,14724,202
2021-07-11,Calaveras,009,45235,2243,2226,14,2240,57
2021-07-11,Colusa,011,21464,1985,1971,329,2300,16
2021-07-11,Contra Costa,013,1133247,72514,71744,1340,73084,823
2021-07-11,Del Norte,015,27424,1503,1467,13,1480,8
2021-07-11,El Dorado,017,186661,10703,10554,808,11362,114
2021-07-11,Fresno,019,978130,104029,102813,8778,111591,1728
2021-07-11,Glenn,021,27897,2467,2446,572,3018,20
2021-07-11,Humboldt,023,135768,4669,4611,55,4666,51
2021-07-11,Imperial,025,180216,28943,28787,2698,31485,741
2021-07-11,Inyo,027,18085,1419,1415,12,1427,36
2021-07-11,Kern,029,883053,98422,97637,11222,108859,1346
2021-07-11,Kings,031,150075,23389,23116,1105,24221,246
2021-07-11,Lake,033,64148,3778,3699,13,3712,63
2021-07-11,Lassen,035,31185,5313,5291,118,5409,21
2021-07-11,Los Angeles,037,10098052,1225663,1215182,41771,1256953,24558
2021-07-11,Madera,039,155013,16949,16766,954,17720,240
2021-07-11,Marin,041,260295,14402,14231,263,14494,233
2021-07-11,Mariposa,043,17540,445,442,11,453,5
2021-07-11,Mendocino,045,87422,4275,4167,88,4255,49
2021-07-11,Merced,047,269075,31425,31366,1043,32409,471
2021-07-11,Modoc,049,8938,416,411,147,558,4
2021-07-11,Mono,051,14174,1272,1275,18,1293,3
2021-07-11,Monterey,053,433212,43512,43307,1866,45173,504
2021-07-11,Napa,055,140530,10126,10100,38,10138,81
2021-07-11,Nevada,057,99092,5104,5035,194,5229,72
2021-07-11,Orange,059,3164182,259128,257009,11637,268646,5136
2021-07-11,Placer,061,380077,24304,24017,1622,25639,302
2021-07-11,Plumas,063,18699,733,716,14,730,4
2021-07-11,Riverside,065,2383286,297874,293969,14139,308108,4541
2021-07-11,Sacramento,067,1510023,110653,109696,1907,111603,1685
2021-07-11,San Benito,069,59416,6170,6163,113,6276,63
2021-07-11,San Bernardino,071,2135413,296839,295342,9084,304426,5167
2021-07-11,San Diego,073,3302833,286550,283819,15923,299742,3784
2021-07-11,San Francisco,075,870044,38091,37596,1338,38934,559
2021-07-11,San Joaquin,077,732212,74987,74376,3674,78050,1415
2021-07-11,San Luis Obispo,079,281455,21698,21403,766,22169,258
2021-07-11,San Mateo,081,765935,43355,43107,503,43610,542
2021-07-11,Santa Barbara,083,443738,34886,34646,1133,35779,461
2021-07-11,Santa Clara,085,1922200,120655,119549,781,120330,2098
2021-07-11,Santa Cruz,087,273765,16440,16303,804,17107,207
2021-07-11,Shasta,089,179085,12713,12647,1667,14314,208
2021-07-11,Sierra,091,2930,66,62,12,74,0
2021-07-11,Siskiyou,093,43540,2004,1915,390,2305,29
2021-07-11,Solano,095,438530,34102,33837,611,34448,268
2021-07-11,Sonoma,097,501317,31597,31352,365,31717,322
2021-07-11,Stanislaus,099,539301,57526,57230,6041,63271,1028
2021-07-11,Sutter,101,95872,9760,9728,90,9818,114
2021-07-11,Tehama,103,63373,5182,5138,587,5725,63
2021-07-11,Trinity,105,12862,497,340,100,440,3
2021-07-11,Tulare,107,460477,50630,49877,9098,58975,853
2021-07-11,Tuolumne,109,53932,4137,4116,45,4161,64
2021-07-11,Ventura,111,848112,82488,81875,3168,85043,1040
2021-07-11,Yolo,113,214977,14407,14285,309,14594,213
2021-07-11,Yuba,115,75493,6339,6260,129,6389,52
2021-07-10,Alameda,001,1643700,91299,90090,2003,92093,1252
2021-07-10,Alpine,002,1148,88,89,0,89,0
2021-07-10,Amador,005,37829,3780,3773,33,3806,47
2021-07-10,Butte,007,227075,12906,12764,1927,14691,202
2021-07-10,Calaveras,009,45235,2242,2214,14,2228,57
2021-07-10,Colusa,011,21464,1983,1969,329,2298,16
2021-07-10,Contra Costa,013,1133247,72414,71376,1339,72715,821
2021-07-10,Del Norte,015,27424,1501,1451,13,1464,8
2021-07-10,El Dorado,017,186661,10686,10508,805,11313,114
2021-07-10,Fresno,019,978130,103996,102675,8771,111446,1730
2021-07-10,Glenn,021,27897,2464,2440,571,3011,20
2021-07-10,Humboldt,023,135768,4660,4574,55,4629,51
2021-07-10,Imperial,025,180216,28930,28729,2698,31427,741
2021-07-10,Inyo,027,18085,1418,1415,12,1427,36
2021-07-10,Kern,029,883053,98382,97538,11205,108743,1346
2021-07-10,Kings,031,150075,23382,23090,1104,24194,246
2021-07-10,Lake,033,64148,3761,3667,13,3680,63
2021-07-10,Lassen,035,31185,5313,5290,118,5408,21
2021-07-10,Los Angeles,037,10098052,1224635,1212043,41668,1253711,24542
2021-07-10,Madera,039,155013,16943,16744,951,17695,241
2021-07-10,Marin,041,260295,14388,14194,263,14457,233
2021-07-10,Mariposa,043,17540,445,442,11,453,5
2021-07-10,Mendocino,045,87422,4268,4153,87,4240,49
2021-07-10,Merced,047,269075,31412,31328,1043,32371,470
2021-07-10,Modoc,049,8938,416,410,147,557,4
2021-07-10,Mono,051,14174,1272,1275,18,1293,3
2021-07-10,Monterey,053,433212,43498,43251,1864,45115,499
2021-07-10,Napa,055,140530,10114,10077,38,10115,81
2021-07-10,Nevada,057,99092,5095,5000,194,5194,72
2021-07-10,Orange,059,3164182,258950,256438,11621,268059,5135
2021-07-10,Placer,061,380077,24275,23916,1612,25528,302
2021-07-10,Plumas,063,18699,732,717,14,731,4
2021-07-10,Riverside,065,2383286,297684,293474,14126,307600,4541
2021-07-10,Sacramento,067,1510023,110504,109091,1901,110992,1682
2021-07-10,San Benito,069,59416,6165,6141,113,6254,63
2021-07-10,San Bernardino,071,2135413,296651,294932,9071,304003,5117
2021-07-10,San Diego,073,3302833,286260,283577,15870,299447,3783
2021-07-10,San Francisco,075,870044,38008,37338,1335,38673,559
2021-07-10,San Joaquin,077,732212,74930,74150,3668,77818,1412
2021-07-10,San Luis Obispo,079,281455,21687,21375,765,22140,258
2021-07-10,San Mateo,081,765935,43303,42948,501,43449,542
2021-07-10,Santa Barbara,083,443738,34859,34595,1133,35728,460
2021-07-10,Santa Clara,085,1922200,120552,119330,778,120108,2094
2021-07-10,Santa Cruz,087,273765,16433,16286,804,17090,207
2021-07-10,Shasta,089,179085,12700,12623,1662,14285,206
2021-07-10,Sierra,091,2930,66,61,12,73,0
2021-07-10,Siskiyou,093,43540,2002,1909,387,2296,29
2021-07-10,Solano,095,438530,34060,33678,605,34283,268
2021-07-10,Sonoma,097,501317,31546,31231,365,31596,317
2021-07-10,Stanislaus,099,539301,57490,57104,6031,63135,1026
2021-07-10,Sutter,101,95872,9748,9692,90,9782,114
2021-07-10,Tehama,103,63373,5179,5131,587,5718,63
2021-07-10,Trinity,105,12862,497,341,100,441,3
2021-07-10,Tulare,107,460477,50620,49850,9092,58942,853
2021-07-10,Tuolumne,109,53932,4135,4114,45,4159,64
2021-07-10,Ventura,111,848112,82443,81713,3150,84863,1039
2021-07-10,Yolo,113,214977,14386,14250,306,14556,213
2021-07-10,Yuba,115,75493,6329,6238,129,6367,52
2021-07-09,Alameda,001,1643700,91140,90090,1998,92088,1252
2021-07-09,Alpine,002,1148,88,89,0,89,0
2021-07-09,Amador,005,37829,3779,3773,33,3806,47
2021-07-09,Butte,007,227075,12894,12764,1925,14689,202
2021-07-09,Calaveras,009,45235,2240,2214,14,2228,57
2021-07-09,Colusa,011,21464,1982,1969,329,2298,16
2021-07-09,Contra Costa,013,1133247,72288,71376,1337,72713,821
2021-07-09,Del Norte,015,27424,1496,1451,13,1464,8
2021-07-09,El Dorado,017,186661,10671,10508,804,11312,114
2021-07-09,Fresno,019,978130,103941,102675,8764,111439,1730
2021-07-09,Glenn,021,27897,2463,2440,569,3009,20
2021-07-09,Humboldt,023,135768,4641,4574,55,4629,51
2021-07-09,Imperial,025,180216,28922,28729,2697,31426,741
2021-07-09,Inyo,027,18085,1417,1415,12,1427,36
2021-07-09,Kern,029,883053,98344,97538,11193,108731,1346
2021-07-09,Kings,031,150075,23371,23090,1103,24193,246
2021-07-09,Lake,033,64148,3747,3667,13,3680,63
2021-07-09,Lassen,035,31185,5311,5290,117,5407,21
2021-07-09,Los Angeles,037,10098052,1223630,1212043,41598,1253641,24542
2021-07-09,Madera,039,155013,16933,16744,950,17694,241
2021-07-09,Marin,041,260295,14367,14194,262,14456,233
2021-07-09,Mariposa,043,17540,445,442,11,453,5
2021-07-09,Mendocino,045,87422,4261,4153,87,4240,49
2021-07-09,Merced,047,269075,31397,31328,1043,32371,470
2021-07-09,Modoc,049,8938,416,410,147,557,4
2021-07-09,Mono,051,14174,1272,1275,18,1293,3
2021-07-09,Monterey,053,433212,43489,43251,1864,45115,499
2021-07-09,Napa,055,140530,10107,10077,38,10115,81
2021-07-09,Nevada,057,99092,5086,5000,194,5194,72
2021-07-09,Orange,059,3164182,258744,256438,11607,268045,5135
2021-07-09,Placer,061,380077,24253,23916,1606,25522,302
2021-07-09,Plumas,063,18699,730,717,14,731,4
2021-07-09,Riverside,065,2383286,297498,293474,14113,307587,4541
2021-07-09,Sacramento,067,1510023,110350,109091,1892,110983,1682
2021-07-09,San Benito,069,59416,6163,6141,113,6254,63
2021-07-09,San Bernardino,071,2135413,296499,294932,9064,303996,5117
2021-07-09,San Diego,073,3302833,285971,283577,15822,299399,3783
2021-07-09,San Francisco,075,870044,37928,37338,1328,38666,559
2021-07-09,San Joaquin,077,732212,74856,74150,3661,77811,1412
2021-07-09,San Luis Obispo,079,281455,21675,21375,765,22140,258
2021-07-09,San Mateo,081,765935,43259,42948,497,43445,542
2021-07-09,Santa Barbara,083,443738,34838,34595,1132,35727,460
2021-07-09,Santa Clara,085,1922200,120441,119330,778,120108,2094
2021-07-09,Santa Cruz,087,273765,16430,16286,804,17090,207
2021-07-09,Shasta,089,179085,12694,12623,1657,14280,206
2021-07-09,Sierra,091,2930,66,61,12,73,0
2021-07-09,Siskiyou,093,43540,2000,1909,386,2295,29
2021-07-09,Solano,095,438530,34024,33678,601,34279,268
2021-07-09,Sonoma,097,501317,31510,31231,365,31596,317
2021-07-09,Stanislaus,099,539301,57461,57104,6029,63133,1026
2021-07-09,Sutter,101,95872,9739,9692,90,9782,114
2021-07-09,Tehama,103,63373,5177,5131,587,5718,63
2021-07-09,Trinity,105,12862,496,341,97,438,3
2021-07-09,Tulare,107,460477,50607,49850,9086,58936,853
2021-07-09,Tuolumne,109,53932,4131,4114,45,4159,64
2021-07-09,Ventura,111,848112,82388,81713,3141,84854,1039
2021-07-09,Yolo,113,214977,14371,14250,302,14552,213
2021-07-09,Yuba,115,75493,6316,6238,129,6367,52
2021-07-08,Alameda,001,1643700,90934,90090,1995,92085,1252
2021-07-08,Alpine,002,1148,88,89,0,89,0
2021-07-08,Amador,005,37829,3777,3773,33,3806,47
2021-07-08,Butte,007,227075,12881,12764,1922,14686,202
2021-07-08,Calaveras,009,45235,2237,2214,13,2227,57
2021-07-08,Colusa,011,21464,1982,1969,329,2298,16
2021-07-08,Contra Costa,013,1133247,72160,71376,1332,72708,821
2021-07-08,Del Norte,015,27424,1494,1451,13,1464,8
2021-07-08,El Dorado,017,186661,10654,10508,797,11305,114
2021-07-08,Fresno,019,978130,103878,102675,8753,111428,1730
2021-07-08,Glenn,021,27897,2463,2440,569,3009,20
2021-07-08,Humboldt,023,135768,4625,4574,54,4628,51
2021-07-08,Imperial,025,180216,28910,28729,2696,31425,741
2021-07-08,Inyo,027,18085,1417,1415,12,1427,36
2021-07-08,Kern,029,883053,98296,97538,11178,108716,1346
2021-07-08,Kings,031,150075,23362,23090,1103,24193,246
2021-07-08,Lake,033,64148,3733,3667,13,3680,63
2021-07-08,Lassen,035,31185,5308,5290,117,5407,21
2021-07-08,Los Angeles,037,10098052,1222417,1212043,41504,1253547,24542
2021-07-08,Madera,039,155013,16917,16744,950,17694,241
2021-07-08,Marin,041,260295,14353,14194,262,14456,233
2021-07-08,Mariposa,043,17540,444,442,11,453,5
2021-07-08,Mendocino,045,87422,4258,4153,87,4240,49
2021-07-08,Merced,047,269075,31383,31328,1041,32369,470
2021-07-08,Modoc,049,8938,416,410,147,557,4
2021-07-08,Mono,051,14174,1272,1275,18,1293,3
2021-07-08,Monterey,053,433212,43469,43251,1858,45109,499
2021-07-08,Napa,055,140530,10103,10077,38,10115,81
2021-07-08,Nevada,057,99092,5080,5000,194,5194,72
2021-07-08,Orange,059,3164182,258549,256438,11585,268023,5135
2021-07-08,Placer,061,380077,24214,23916,1598,25514,302
2021-07-08,Plumas,063,18699,729,717,14,731,4
2021-07-08,Riverside,065,2383286,297297,293474,14097,307571,4541
2021-07-08,Sacramento,067,1510023,110128,109091,1887,110978,1682
2021-07-08,San Benito,069,59416,6160,6141,113,6254,63
2021-07-08,San Bernardino,071,2135413,296324,294932,9055,303987,5117
2021-07-08,San Diego,073,3302833,285644,283577,15774,299351,3783
2021-07-08,San Francisco,075,870044,37848,37338,1324,38662,559
2021-07-08,San Joaquin,077,732212,74768,74150,3648,77798,1412
2021-07-08,San Luis Obispo,079,281455,21663,21375,762,22137,258
2021-07-08,San Mateo,081,765935,43208,42948,496,43444,542
2021-07-08,Santa Barbara,083,443738,34811,34595,1130,35725,460
2021-07-08,Santa Clara,085,1922200,120348,119330,777,120107,2094
2021-07-08,Santa Cruz,087,273765,16424,16286,804,17090,207
2021-07-08,Shasta,089,179085,12688,12623,1653,14276,206
2021-07-08,Sierra,091,2930,66,61,12,73,0
2021-07-08,Siskiyou,093,43540,1995,1909,383,2292,29
2021-07-08,Solano,095,438530,33969,33678,595,34273,268
2021-07-08,Sonoma,097,501317,31479,31231,364,31595,317
2021-07-08,Stanislaus,099,539301,57434,57104,6025,63129,1026
2021-07-08,Sutter,101,95872,9725,9692,88,9780,114
2021-07-08,Tehama,103,63373,5174,5131,586,5717,63
2021-07-08,Trinity,105,12862,496,341,97,438,3
2021-07-08,Tulare,107,460477,50589,49850,9079,58929,853
2021-07-08,Tuolumne,109,53932,4129,4114,45,4159,64
2021-07-08,Ventura,111,848112,82324,81713,3125,84838,1039
2021-07-08,Yolo,113,214977,14351,14250,300,14550,213
2021-07-08,Yuba,115,75493,6308,6238,129,6367,52
2021-07-07,Alameda,001,1643700,90751,89995,1989,91984,1253
2021-07-07,Alpine,002,1148,88,89,0,89,0
2021-07-07,Amador,005,37829,3772,3770,33,3803,47
2021-07-07,Butte,007,227075,12868,12750,1917,14667,202
2021-07-07,Calaveras,009,45235,2230,2212,13,2225,57
2021-07-07,Colusa,011,21464,1978,1969,329,2298,16
2021-07-07,Contra Costa,013,1133247,72013,71308,1330,72638,821
2021-07-07,Del Norte,015,27424,1489,1446,13,1459,8
2021-07-07,El Dorado,017,186661,10634,10494,795,11289,114
2021-07-07,Fresno,019,978130,103828,102639,8746,111385,1729
2021-07-07,Glenn,021,27897,2463,2441,569,3010,20
2021-07-07,Humboldt,023,135768,4611,4566,54,4620,51
2021-07-07,Imperial,025,180216,28903,28701,2696,31397,740
2021-07-07,Inyo,027,18085,1416,1415,12,1427,36
2021-07-07,Kern,029,883053,98252,97507,11163,108670,1348
2021-07-07,Kings,031,150075,23349,23085,1100,24185,245
2021-07-07,Lake,033,64148,3714,3660,13,3673,63
2021-07-07,Lassen,035,31185,5308,5286,117,5403,21
2021-07-07,Los Angeles,037,10098052,1221235,1211316,41402,1252718,24531
2021-07-07,Madera,039,155013,16906,16733,948,17681,241
2021-07-07,Marin,041,260295,14334,14183,261,14444,233
2021-07-07,Mariposa,043,17540,442,442,11,453,5
2021-07-07,Mendocino,045,87422,4249,4145,87,4232,49
2021-07-07,Merced,047,269075,31368,31317,1041,32358,470
2021-07-07,Modoc,049,8938,416,410,147,557,4
2021-07-07,Mono,051,14174,1271,1274,18,1292,3
2021-07-07,Monterey,053,433212,43445,43233,1856,45089,494
2021-07-07,Napa,055,140530,10092,10078,38,10116,81
2021-07-07,Nevada,057,99092,5073,4996,194,5190,72
2021-07-07,Orange,059,3164182,258323,256301,11564,267865,5132
2021-07-07,Placer,061,380077,24178,23901,1588,25489,302
2021-07-07,Plumas,063,18699,729,710,14,724,4
2021-07-07,Riverside,065,2383286,297083,293331,14087,307418,4538
2021-07-07,Sacramento,067,1510023,109938,108954,1879,110833,1682
2021-07-07,San Benito,069,59416,6155,6137,113,6250,63
2021-07-07,San Bernardino,071,2135413,296155,294787,9048,303835,5087
2021-07-07,San Diego,073,3302833,285324,283377,15734,299111,3782
2021-07-07,San Francisco,075,870044,37756,37284,1321,38605,558
2021-07-07,San Joaquin,077,732212,74692,74095,3633,77728,1410
2021-07-07,San Luis Obispo,079,281455,21654,21360,760,22120,258
2021-07-07,San Mateo,081,765935,43154,42908,493,43401,542
2021-07-07,Santa Barbara,083,443738,34785,34582,1130,35712,460
2021-07-07,Santa Clara,085,1922200,120250,119250,776,120026,2094
2021-07-07,Santa Cruz,087,273765,16415,16279,803,17082,207
2021-07-07,Shasta,089,179085,12680,12613,1650,14263,206
2021-07-07,Sierra,091,2930,66,60,12,72,0
2021-07-07,Siskiyou,093,43540,1989,1908,379,2287,29
2021-07-07,Solano,095,438530,33920,33659,588,34247,268
2021-07-07,Sonoma,097,501317,31433,31172,364,31536,316
2021-07-07,Stanislaus,099,539301,57402,57102,6020,63122,1028
2021-07-07,Sutter,101,95872,9715,9683,88,9771,114
2021-07-07,Tehama,103,63373,5173,5129,586,5715,63
2021-07-07,Trinity,105,12862,496,341,97,438,3
2021-07-07,Tulare,107,460477,50585,49835,9070,58905,853
2021-07-07,Tuolumne,109,53932,4125,4115,44,4159,64
2021-07-07,Ventura,111,848112,82280,81608,3111,84719,1036
2021-07-07,Yolo,113,214977,14340,14236,297,14533,213
2021-07-07,Yuba,115,75493,6292,6233,129,6362,51
2021-07-06,Alameda,001,1643700,90556,89918,1981,91899,1253
2021-07-06,Alpine,002,1148,88,89,0,89,0
2021-07-06,Amador,005,37829,3771,3768,32,3800,47
2021-07-06,Butte,007,227075,12855,12744,1914,14658,201
2021-07-06,Calaveras,009,45235,2230,2211,13,2224,55
2021-07-06,Colusa,011,21464,1977,1967,326,2293,16
2021-07-06,Contra Costa,013,1133247,71884,71262,1327,72589,820
2021-07-06,Del Norte,015,27424,1485,1445,13,1458,8
2021-07-06,El Dorado,017,186661,10616,10484,793,11277,113
2021-07-06,Fresno,019,978130,103776,102616,8734,111350,1727
2021-07-06,Glenn,021,27897,2462,2438,569,3007,20
2021-07-06,Humboldt,023,135768,4597,4565,53,4618,49
2021-07-06,Imperial,025,180216,28888,28693,2694,31387,739
2021-07-06,Inyo,027,18085,1416,1412,12,1424,36
2021-07-06,Kern,029,883053,98210,97491,11152,108643,1346
2021-07-06,Kings,031,150075,23341,23077,1099,24176,245
2021-07-06,Lake,033,64148,3704,3659,13,3672,63
2021-07-06,Lassen,035,31185,5307,5288,116,5404,21
2021-07-06,Los Angeles,037,10098052,1220016,1210965,41306,1252271,24525
2021-07-06,Madera,039,155013,16894,16730,948,17678,241
2021-07-06,Marin,041,260295,14320,14181,261,14442,233
2021-07-06,Mariposa,043,17540,442,442,11,453,5
2021-07-06,Mendocino,045,87422,4242,4143,87,4230,49
2021-07-06,Merced,047,269075,31351,31317,1040,32357,470
2021-07-06,Modoc,049,8938,416,411,147,558,4
2021-07-06,Mono,051,14174,1270,1274,18,1292,3
2021-07-06,Monterey,053,433212,43423,43224,1854,45078,494
2021-07-06,Napa,055,140530,10081,10081,38,10119,81
2021-07-06,Nevada,057,99092,5064,4988,194,5182,72
2021-07-06,Orange,059,3164182,258079,256227,11547,267774,5129
2021-07-06,Placer,061,380077,24137,23876,1582,25458,302
2021-07-06,Plumas,063,18699,728,708,14,722,4
2021-07-06,Riverside,065,2383286,296880,293227,14069,307296,4539
2021-07-06,Sacramento,067,1510023,109727,108850,1871,110721,1679
2021-07-06,San Benito,069,59416,6151,6137,113,6250,63
2021-07-06,San Bernardino,071,2135413,295976,294712,9035,303747,5056
2021-07-06,San Diego,073,3302833,284966,283278,15675,298953,3782
2021-07-06,San Francisco,075,870044,37639,37251,1320,38571,558
2021-07-06,San Joaquin,077,732212,74622,74019,3621,77640,1410
2021-07-06,San Luis Obispo,079,281455,21637,21354,758,22112,257
2021-07-06,San Mateo,081,765935,43079,42895,493,43388,541
2021-07-06,Santa Barbara,083,443738,34766,34572,1129,35701,460
2021-07-06,Santa Clara,085,1922200,120132,119194,773,119967,2095
2021-07-06,Santa Cruz,087,273765,16410,16274,802,17076,207
2021-07-06,Shasta,089,179085,12670,12606,1648,14254,205
2021-07-06,Sierra,091,2930,65,60,12,72,0
2021-07-06,Siskiyou,093,43540,1986,1905,375,2280,29
2021-07-06,Solano,095,438530,33869,33619,585,34204,268
2021-07-06,Sonoma,097,501317,31370,31130,363,31493,316
2021-07-06,Stanislaus,099,539301,57353,57120,6009,63129,1029
2021-07-06,Sutter,101,95872,9706,9674,87,9761,114
2021-07-06,Tehama,103,63373,5170,5126,585,5711,63
2021-07-06,Trinity,105,12862,496,341,97,438,3
2021-07-06,Tulare,107,460477,50570,49826,9060,58886,853
2021-07-06,Tuolumne,109,53932,4123,4113,44,4157,64
2021-07-06,Ventura,111,848112,82240,81534,3086,84620,1033
2021-07-06,Yolo,113,214977,14318,14227,294,14521,213
2021-07-06,Yuba,115,75493,6281,6231,129,6360,51
2021-07-05,Alameda,001,1643700,90380,89892,1976,91868,1253
2021-07-05,Alpine,002,1148,88,89,0,89,0
2021-07-05,Amador,005,37829,3769,3768,32,3800,47
2021-07-05,Butte,007,227075,12847,12740,1905,14645,201
2021-07-05,Calaveras,009,45235,2228,2211,13,2224,55
2021-07-05,Colusa,011,21464,1975,1966,325,2291,16
2021-07-05,Contra Costa,013,1133247,71756,71235,1327,72562,820
2021-07-05,Del Norte,015,27424,1481,1446,13,1459,8
2021-07-05,El Dorado,017,186661,10591,10481,793,11274,113
2021-07-05,Fresno,019,978130,103717,102592,8719,111311,1727
2021-07-05,Glenn,021,27897,2459,2438,568,3006,20
2021-07-05,Humboldt,023,135768,4583,4563,53,4616,49
2021-07-05,Imperial,025,180216,28869,28689,2694,31383,739
2021-07-05,Inyo,027,18085,1416,1412,12,1424,36
2021-07-05,Kern,029,883053,98162,97479,11132,108611,1346
2021-07-05,Kings,031,150075,23333,23065,1096,24161,245
2021-07-05,Lake,033,64148,3686,3645,13,3658,63
2021-07-05,Lassen,035,31185,5304,5288,115,5403,21
2021-07-05,Los Angeles,037,10098052,1218821,1210653,41204,1251857,24522
2021-07-05,Madera,039,155013,16883,16722,947,17669,241
2021-07-05,Marin,041,260295,14299,14178,261,14439,233
2021-07-05,Mariposa,043,17540,442,441,11,452,5
2021-07-05,Mendocino,045,87422,4237,4139,87,4226,49
2021-07-05,Merced,047,269075,31331,31312,1040,32352,470
2021-07-05,Modoc,049,8938,416,410,147,557,4
2021-07-05,Mono,051,14174,1270,1273,18,1291,3
2021-07-05,Monterey,053,433212,43403,43218,1849,45067,494
2021-07-05,Napa,055,140530,10075,10074,38,10112,81
2021-07-05,Nevada,057,99092,5046,4980,193,5173,72
2021-07-05,Orange,059,3164182,257878,256173,11529,267702,5129
2021-07-05,Placer,061,380077,24090,23867,1574,25441,302
2021-07-05,Plumas,063,18699,727,708,14,722,4
2021-07-05,Riverside,065,2383286,296689,293193,14057,307250,4539
2021-07-05,Sacramento,067,1510023,109545,108758,1861,110619,1679
2021-07-05,San Benito,069,59416,6144,6137,113,6250,63
2021-07-05,San Bernardino,071,2135413,295814,294647,9028,303675,5037
2021-07-05,San Diego,073,3302833,284603,282834,15631,298465,3782
2021-07-05,San Francisco,075,870044,37550,37237,1315,38552,558
2021-07-05,San Joaquin,077,732212,74552,73999,3616,77615,1410
2021-07-05,San Luis Obispo,079,281455,21623,21351,757,22108,257
2021-07-05,San Mateo,081,765935,43027,42876,490,43366,541
2021-07-05,Santa Barbara,083,443738,34746,34569,1129,35698,460
2021-07-05,Santa Clara,085,1922200,120026,119184,771,119955,2095
2021-07-05,Santa Cruz,087,273765,16401,16273,801,17074,208
2021-07-05,Shasta,089,179085,12661,12603,1646,14249,205
2021-07-05,Sierra,091,2930,65,60,12,72,0
2021-07-05,Siskiyou,093,43540,1984,1904,374,2278,29
2021-07-05,Solano,095,438530,33799,33612,579,34191,268
2021-07-05,Sonoma,097,501317,31317,31116,363,31479,316
2021-07-05,Stanislaus,099,539301,57323,57109,5998,63107,1029
2021-07-05,Sutter,101,95872,9694,9667,87,9754,114
2021-07-05,Tehama,103,63373,5169,5125,585,5710,63
2021-07-05,Trinity,105,12862,495,341,96,437,3
2021-07-05,Tulare,107,460477,50551,49818,9057,58875,853
2021-07-05,Tuolumne,109,53932,4119,4112,44,4156,64
2021-07-05,Ventura,111,848112,82189,81519,3067,84586,1033
2021-07-05,Yolo,113,214977,14298,14225,286,14511,213
2021-07-05,Yuba,115,75493,6273,6223,129,6352,51
2021-07-04,Alameda,001,1643700,90216,89683,1973,91656,1253
2021-07-04,Alpine,002,1148,88,89,0,89,0
2021-07-04,Amador,005,37829,3768,3758,32,3790,46
2021-07-04,Butte,007,227075,12837,12684,1905,14589,201
2021-07-04,Calaveras,009,45235,2224,2200,13,2213,55
2021-07-04,Colusa,011,21464,1975,1969,325,2294,15
2021-07-04,Contra Costa,013,1133247,71650,70941,1322,72263,818
2021-07-04,Del Norte,015,27424,1478,1439,13,1452,8
2021-07-04,El Dorado,017,186661,10582,10433,792,11225,113
2021-07-04,Fresno,019,978130,103671,102512,8704,111216,1727
2021-07-04,Glenn,021,27897,2457,2442,567,3009,20
2021-07-04,Humboldt,023,135768,4575,4530,53,4583,49
2021-07-04,Imperial,025,180216,28863,28661,2694,31355,739
2021-07-04,Inyo,027,18085,1416,1412,12,1424,35
2021-07-04,Kern,029,883053,98143,97421,11123,108544,1347
2021-07-04,Kings,031,150075,23325,23051,1096,24147,245
2021-07-04,Lake,033,64148,3676,3623,13,3636,62
2021-07-04,Lassen,035,31185,5303,5277,115,5392,20
2021-07-04,Los Angeles,037,10098052,1217957,1208705,41121,1249826,24506
2021-07-04,Madera,039,155013,16871,16696,946,17642,240
2021-07-04,Marin,041,260295,14284,14143,261,14404,233
2021-07-04,Mariposa,043,17540,442,441,11,452,5
2021-07-04,Mendocino,045,87422,4227,4122,87,4209,49
2021-07-04,Merced,047,269075,31320,31297,1040,32337,469
2021-07-04,Modoc,049,8938,416,410,147,557,4
2021-07-04,Mono,051,14174,1270,1275,18,1293,3
2021-07-04,Monterey,053,433212,43387,43212,1848,45060,492
2021-07-04,Napa,055,140530,10067,10045,37,10082,81
2021-07-04,Nevada,057,99092,5036,4966,193,5159,72
2021-07-04,Orange,059,3164182,257703,255823,11509,267332,5126
2021-07-04,Placer,061,380077,24053,23764,1568,25332,299
2021-07-04,Plumas,063,18699,727,707,14,721,4
2021-07-04,Riverside,065,2383286,296529,293260,14051,307311,4536
2021-07-04,Sacramento,067,1510023,109375,108257,1855,110112,1676
2021-07-04,San Benito,069,59416,6137,6108,113,6221,63
2021-07-04,San Bernardino,071,2135413,295646,294294,9021,303315,5003
2021-07-04,San Diego,073,3302833,284378,282692,15594,298286,3780
2021-07-04,San Francisco,075,870044,37491,37107,1309,38416,558
2021-07-04,San Joaquin,077,732212,74486,73841,3608,77449,1409
2021-07-04,San Luis Obispo,079,281455,21617,21330,756,22086,256
2021-07-04,San Mateo,081,765935,42993,42691,490,43181,541
2021-07-04,Santa Barbara,083,443738,34723,34526,1128,35654,456
2021-07-04,Santa Clara,085,1922200,119936,118966,770,119736,2090
2021-07-04,Santa Cruz,087,273765,16390,16254,801,17055,208
2021-07-04,Shasta,089,179085,12657,12582,1645,14227,204
2021-07-04,Sierra,091,2930,64,60,12,72,0
2021-07-04,Siskiyou,093,43540,1980,1899,373,2272,29
2021-07-04,Solano,095,438530,33758,33486,577,34063,268
2021-07-04,Sonoma,097,501317,31287,31000,363,31363,316
2021-07-04,Stanislaus,099,539301,57308,57018,5992,63010,1018
2021-07-04,Sutter,101,95872,9683,9644,87,9731,114
2021-07-04,Tehama,103,63373,5165,5124,585,5709,63
2021-07-04,Trinity,105,12862,494,341,96,437,3
2021-07-04,Tulare,107,460477,50541,49789,9054,58843,853
2021-07-04,Tuolumne,109,53932,4111,4113,44,4157,64
2021-07-04,Ventura,111,848112,82131,81425,3056,84481,1033
2021-07-04,Yolo,113,214977,14277,14188,283,14471,213
2021-07-04,Yuba,115,75493,6265,6197,129,6326,51
2021-07-03,Alameda,001,1643700,90129,89683,1965,91648,1253
2021-07-03,Alpine,002,1148,88,89,0,89,0
2021-07-03,Amador,005,37829,3768,3758,32,3790,46
2021-07-03,Butte,007,227075,12833,12684,1904,14588,201
2021-07-03,Calaveras,009,45235,2222,2200,13,2213,55
2021-07-03,Colusa,011,21464,1974,1969,325,2294,15
2021-07-03,Contra Costa,013,1133247,71590,70941,1319,72260,818
2021-07-03,Del Norte,015,27424,1475,1439,13,1452,8
2021-07-03,El Dorado,017,186661,10576,10433,790,11223,113
2021-07-03,Fresno,019,978130,103647,102512,8695,111207,1727
2021-07-03,Glenn,021,27897,2457,2442,567,3009,20
2021-07-03,Humboldt,023,135768,4570,4530,53,4583,49
2021-07-03,Imperial,025,180216,28853,28661,2694,31355,739
2021-07-03,Inyo,027,18085,1416,1412,12,1424,35
2021-07-03,Kern,029,883053,98123,97421,11115,108536,1347
2021-07-03,Kings,031,150075,23325,23051,1095,24146,245
2021-07-03,Lake,033,64148,3666,3623,13,3636,62
2021-07-03,Lassen,035,31185,5302,5277,115,5392,20
2021-07-03,Los Angeles,037,10098052,1217528,1208705,41090,1249795,24506
2021-07-03,Madera,039,155013,16862,16696,943,17639,240
2021-07-03,Marin,041,260295,14280,14143,261,14404,233
2021-07-03,Mariposa,043,17540,442,441,11,452,5
2021-07-03,Mendocino,045,87422,4226,4122,87,4209,49
2021-07-03,Merced,047,269075,31307,31297,1039,32336,469
2021-07-03,Modoc,049,8938,415,410,147,557,4
2021-07-03,Mono,051,14174,1269,1275,18,1293,3
2021-07-03,Monterey,053,433212,43375,43212,1846,45058,492
2021-07-03,Napa,055,140530,10062,10045,37,10082,81
2021-07-03,Nevada,057,99092,5022,4966,193,5159,72
2021-07-03,Orange,059,3164182,257619,255823,11502,267325,5126
2021-07-03,Placer,061,380077,24034,23764,1565,25329,299
2021-07-03,Plumas,063,18699,727,707,14,721,4
2021-07-03,Riverside,065,2383286,296437,293260,14047,307307,4536
2021-07-03,Sacramento,067,1510023,109301,108257,1852,110109,1676
2021-07-03,San Benito,069,59416,6130,6108,113,6221,63
2021-07-03,San Bernardino,071,2135413,295556,294294,9018,303312,5003
2021-07-03,San Diego,073,3302833,284247,282692,15575,298267,3780
2021-07-03,San Francisco,075,870044,37450,37107,1306,38413,558
2021-07-03,San Joaquin,077,732212,74450,73841,3603,77444,1409
2021-07-03,San Luis Obispo,079,281455,21605,21330,756,22086,256
2021-07-03,San Mateo,081,765935,42968,42691,489,43180,541
2021-07-03,Santa Barbara,083,443738,34714,34526,1127,35653,456
2021-07-03,Santa Clara,085,1922200,119889,118966,770,119736,2090
2021-07-03,Santa Cruz,087,273765,16383,16254,801,17055,208
2021-07-03,Shasta,089,179085,12653,12582,1643,14225,204
2021-07-03,Sierra,091,2930,64,60,12,72,0
2021-07-03,Siskiyou,093,43540,1979,1899,372,2271,29
2021-07-03,Solano,095,438530,33714,33486,577,34063,268
2021-07-03,Sonoma,097,501317,31253,31000,363,31363,316
2021-07-03,Stanislaus,099,539301,57297,57018,5985,63003,1018
2021-07-03,Sutter,101,95872,9673,9644,87,9731,114
2021-07-03,Tehama,103,63373,5163,5124,585,5709,63
2021-07-03,Trinity,105,12862,494,341,96,437,3
2021-07-03,Tulare,107,460477,50535,49789,9048,58837,853
2021-07-03,Tuolumne,109,53932,4110,4113,44,4157,64
2021-07-03,Ventura,111,848112,82101,81425,3048,84473,1033
2021-07-03,Yolo,113,214977,14267,14188,280,14468,213
2021-07-03,Yuba,115,75493,6259,6197,129,6326,51
2021-07-02,Alameda,001,1643700,90045,89683,1963,91646,1253
2021-07-02,Alpine,002,1148,88,89,0,89,0
2021-07-02,Amador,005,37829,3766,3758,32,3790,46
2021-07-02,Butte,007,227075,12826,12684,1904,14588,201
2021-07-02,Calaveras,009,45235,2220,2200,13,2213,55
2021-07-02,Colusa,011,21464,1973,1969,324,2293,15
2021-07-02,Contra Costa,013,1133247,71520,70941,1315,72256,818
2021-07-02,Del Norte,015,27424,1475,1439,13,1452,8
2021-07-02,El Dorado,017,186661,10568,10433,790,11223,113
2021-07-02,Fresno,019,978130,103619,102512,8689,111201,1727
2021-07-02,Glenn,021,27897,2456,2442,566,3008,20
2021-07-02,Humboldt,023,135768,4567,4530,52,4582,49
2021-07-02,Imperial,025,180216,28847,28661,2693,31354,739
2021-07-02,Inyo,027,18085,1416,1412,12,1424,35
2021-07-02,Kern,029,883053,98105,97421,11107,108528,1347
2021-07-02,Kings,031,150075,23315,23051,1095,24146,245
2021-07-02,Lake,033,64148,3660,3623,13,3636,62
2021-07-02,Lassen,035,31185,5302,5277,115,5392,20
2021-07-02,Los Angeles,037,10098052,1217054,1208705,41052,1249757,24506
2021-07-02,Madera,039,155013,16853,16696,942,17638,240
2021-07-02,Marin,041,260295,14276,14143,261,14404,233
2021-07-02,Mariposa,043,17540,442,441,11,452,5
2021-07-02,Mendocino,045,87422,4222,4122,86,4208,49
2021-07-02,Merced,047,269075,31298,31297,1039,32336,469
2021-07-02,Modoc,049,8938,415,410,147,557,4
2021-07-02,Mono,051,14174,1268,1275,18,1293,3
2021-07-02,Monterey,053,433212,43367,43212,1845,45057,492
2021-07-02,Napa,055,140530,10057,10045,37,10082,81
2021-07-02,Nevada,057,99092,5013,4966,193,5159,72
2021-07-02,Orange,059,3164182,257507,255823,11495,267318,5126
2021-07-02,Placer,061,380077,24017,23764,1558,25322,299
2021-07-02,Plumas,063,18699,727,707,14,721,4
2021-07-02,Riverside,065,2383286,296339,293260,14042,307302,4536
2021-07-02,Sacramento,067,1510023,109223,108257,1851,110108,1676
2021-07-02,San Benito,069,59416,6127,6108,113,6221,63
2021-07-02,San Bernardino,071,2135413,295469,294294,9016,303310,5003
2021-07-02,San Diego,073,3302833,284102,282692,15549,298241,3780
2021-07-02,San Francisco,075,870044,37402,37107,1304,38411,558
2021-07-02,San Joaquin,077,732212,74418,73841,3597,77438,1409
2021-07-02,San Luis Obispo,079,281455,21599,21330,755,22085,256
2021-07-02,San Mateo,081,765935,42933,42691,489,43180,541
2021-07-02,Santa Barbara,083,443738,34704,34526,1127,35653,456
2021-07-02,Santa Clara,085,1922200,119811,118966,770,119736,2090
2021-07-02,Santa Cruz,087,273765,16379,16254,801,17055,208
2021-07-02,Shasta,089,179085,12649,12582,1643,14225,204
2021-07-02,Sierra,091,2930,63,60,12,72,0
2021-07-02,Siskiyou,093,43540,1976,1899,371,2270,29
2021-07-02,Solano,095,438530,33689,33486,577,34063,268
2021-07-02,Sonoma,097,501317,31230,31000,363,31363,316
2021-07-02,Stanislaus,099,539301,57280,57018,5984,63002,1018
2021-07-02,Sutter,101,95872,9669,9644,87,9731,114
2021-07-02,Tehama,103,63373,5161,5124,583,5707,63
2021-07-02,Trinity,105,12862,494,341,96,437,3
2021-07-02,Tulare,107,460477,50525,49789,9040,58829,853
2021-07-02,Tuolumne,109,53932,4107,4113,44,4157,64
2021-07-02,Ventura,111,848112,82058,81425,3040,84465,1033
2021-07-02,Yolo,113,214977,14251,14188,278,14466,213
2021-07-02,Yuba,115,75493,6251,6197,129,6326,51
2021-07-01,Alameda,001,1643700,89944,89683,1961,91644,1253
2021-07-01,Alpine,002,1148,88,89,0,89,0
2021-07-01,Amador,005,37829,3765,3758,32,3790,46
2021-07-01,Butte,007,227075,12814,12684,1902,14586,201
2021-07-01,Calaveras,009,45235,2218,2200,13,2213,55
2021-07-01,Colusa,011,21464,1973,1969,322,2291,15
2021-07-01,Contra Costa,013,1133247,71448,70941,1315,72256,818
2021-07-01,Del Norte,015,27424,1474,1439,13,1452,8
2021-07-01,El Dorado,017,186661,10556,10433,790,11223,113
2021-07-01,Fresno,019,978130,103580,102512,8684,111196,1727
2021-07-01,Glenn,021,27897,2456,2442,566,3008,20
2021-07-01,Humboldt,023,135768,4565,4530,52,4582,49
2021-07-01,Imperial,025,180216,28830,28661,2693,31354,739
2021-07-01,Inyo,027,18085,1416,1412,12,1424,35
2021-07-01,Kern,029,883053,98079,97421,11097,108518,1347
2021-07-01,Kings,031,150075,23301,23051,1095,24146,245
2021-07-01,Lake,033,64148,3657,3623,13,3636,62
2021-07-01,Lassen,035,31185,5300,5277,115,5392,20
2021-07-01,Los Angeles,037,10098052,1216450,1208705,40997,1249702,24506
2021-07-01,Madera,039,155013,16844,16696,941,17637,240
2021-07-01,Marin,041,260295,14272,14143,261,14404,233
2021-07-01,Mariposa,043,17540,442,441,11,452,5
2021-07-01,Mendocino,045,87422,4218,4122,85,4207,49
2021-07-01,Merced,047,269075,31292,31297,1039,32336,469
2021-07-01,Modoc,049,8938,415,410,147,557,4
2021-07-01,Mono,051,14174,1267,1275,18,1293,3
2021-07-01,Monterey,053,433212,43359,43212,1842,45054,492
2021-07-01,Napa,055,140530,10050,10045,37,10082,81
2021-07-01,Nevada,057,99092,5008,4966,193,5159,72
2021-07-01,Orange,059,3164182,257387,255823,11476,267299,5126
2021-07-01,Placer,061,380077,23999,23764,1555,25319,299
2021-07-01,Plumas,063,18699,724,707,12,719,4
2021-07-01,Riverside,065,2383286,296230,293260,14034,307294,4536
2021-07-01,Sacramento,067,1510023,109098,108257,1844,110101,1676
2021-07-01,San Benito,069,59416,6123,6108,113,6221,63
2021-07-01,San Bernardino,071,2135413,295348,294294,9011,303305,5003
2021-07-01,San Diego,073,3302833,283924,282692,15512,298204,3780
2021-07-01,San Francisco,075,870044,37365,37107,1302,38409,558
2021-07-01,San Joaquin,077,732212,74367,73841,3593,77434,1409
2021-07-01,San Luis Obispo,079,281455,21584,21330,754,22084,256
2021-07-01,San Mateo,081,765935,42905,42691,488,43179,541
2021-07-01,Santa Barbara,083,443738,34691,34526,1127,35653,456
2021-07-01,Santa Clara,085,1922200,119762,118966,770,119736,2090
2021-07-01,Santa Cruz,087,273765,16374,16254,801,17055,208
2021-07-01,Shasta,089,179085,12641,12582,1642,14224,204
2021-07-01,Sierra,091,2930,63,60,12,72,0
2021-07-01,Siskiyou,093,43540,1976,1899,371,2270,29
2021-07-01,Solano,095,438530,33648,33486,576,34062,268
2021-07-01,Sonoma,097,501317,31186,31000,363,31363,316
2021-07-01,Stanislaus,099,539301,57263,57018,5980,62998,1018
2021-07-01,Sutter,101,95872,9660,9644,87,9731,114
2021-07-01,Tehama,103,63373,5161,5124,582,5706,63
2021-07-01,Trinity,105,12862,494,341,96,437,3
2021-07-01,Tulare,107,460477,50516,49789,9033,58822,853
2021-07-01,Tuolumne,109,53932,4100,4113,44,4157,64
2021-07-01,Ventura,111,848112,82027,81425,3030,84455,1033
2021-07-01,Yolo,113,214977,14235,14188,276,14464,213
2021-07-01,Yuba,115,75493,6244,6197,129,6326,51
2021-06-30,Alameda,001,1643700,89863,89597,1957,91554,1256
2021-06-30,Alpine,002,1148,88,89,0,89,0
2021-06-30,Amador,005,37829,3763,3756,32,3788,46
2021-06-30,Butte,007,227075,12807,12676,1893,14569,201
2021-06-30,Calaveras,009,45235,2212,2198,13,2211,55
2021-06-30,Colusa,011,21464,1971,1967,319,2286,15
2021-06-30,Contra Costa,013,1133247,71383,70869,1312,72181,818
2021-06-30,Del Norte,015,27424,1469,1435,13,1448,8
2021-06-30,El Dorado,017,186661,10536,10420,790,11210,113
2021-06-30,Fresno,019,978130,103542,102490,8681,111171,1727
2021-06-30,Glenn,021,27897,2454,2440,566,3006,20
2021-06-30,Humboldt,023,135768,4549,4522,50,4572,49
2021-06-30,Imperial,025,180216,28822,28651,2693,31344,739
2021-06-30,Inyo,027,18085,1416,1409,12,1421,35
2021-06-30,Kern,029,883053,98038,97267,11085,108352,1348
2021-06-30,Kings,031,150075,23296,23038,1094,24132,245
2021-06-30,Lake,033,64148,3644,3601,13,3614,56
2021-06-30,Lassen,035,31185,5295,5269,115,5384,20
2021-06-30,Los Angeles,037,10098052,1215776,1208246,40952,1249198,24499
2021-06-30,Madera,039,155013,16836,16688,939,17627,240
2021-06-30,Marin,041,260295,14263,14133,260,14393,232
2021-06-30,Mariposa,043,17540,441,441,11,452,5
2021-06-30,Mendocino,045,87422,4208,4115,85,4200,49
2021-06-30,Merced,047,269075,31282,31286,1039,32325,469
2021-06-30,Modoc,049,8938,415,410,147,557,4
2021-06-30,Mono,051,14174,1267,1275,18,1293,3
2021-06-30,Monterey,053,433212,43354,43209,1840,45049,492
2021-06-30,Napa,055,140530,10042,10039,37,10076,81
2021-06-30,Nevada,057,99092,4997,4958,193,5151,72
2021-06-30,Orange,059,3164182,257262,255764,11466,267230,5125
2021-06-30,Placer,061,380077,23975,23721,1552,25273,299
2021-06-30,Plumas,063,18699,724,705,12,717,4
2021-06-30,Riverside,065,2383286,296116,293280,14026,307306,4535
2021-06-30,Sacramento,067,1510023,108959,108137,1840,109977,1676
2021-06-30,San Benito,069,59416,6119,6105,113,6218,63
2021-06-30,San Bernardino,071,2135413,295188,294211,9006,303217,4975
2021-06-30,San Diego,073,3302833,283788,282583,15484,298067,3780
2021-06-30,San Francisco,075,870044,37316,37065,1297,38362,558
2021-06-30,San Joaquin,077,732212,74305,73777,3592,77369,1409
2021-06-30,San Luis Obispo,079,281455,21571,21326,753,22079,256
2021-06-30,San Mateo,081,765935,42868,42599,487,43086,537
2021-06-30,Santa Barbara,083,443738,34675,34521,1127,35648,456
2021-06-30,Santa Clara,085,1922200,119715,118930,767,119697,2090
2021-06-30,Santa Cruz,087,273765,16368,16250,801,17051,208
2021-06-30,Shasta,089,179085,12635,12564,1642,14206,204
2021-06-30,Sierra,091,2930,63,60,12,72,0
2021-06-30,Siskiyou,093,43540,1974,1900,368,2268,29
2021-06-30,Solano,095,438530,33609,33453,574,34027,268
2021-06-30,Sonoma,097,501317,31156,30947,363,31310,316
2021-06-30,Stanislaus,099,539301,57246,56997,5979,62976,1018
2021-06-30,Sutter,101,95872,9650,9638,87,9725,114
2021-06-30,Tehama,103,63373,5159,5124,582,5706,63
2021-06-30,Trinity,105,12862,494,341,96,437,3
2021-06-30,Tulare,107,460477,50505,49764,9022,58786,853
2021-06-30,Tuolumne,109,53932,4097,4112,44,4156,64
2021-06-30,Ventura,111,848112,81984,81392,3025,84417,1032
2021-06-30,Yolo,113,214977,14229,14178,273,14451,213
2021-06-30,Yuba,115,75493,6237,6191,129,6320,51
2021-06-29,Alameda,001,1643700,89757,89519,1955,91474,1257
2021-06-29,Alpine,002,1148,88,89,0,89,0
2021-06-29,Amador,005,37829,3759,3754,32,3786,46
2021-06-29,Butte,007,227075,12799,12669,1893,14562,201
2021-06-29,Calaveras,009,45235,2206,2198,13,2211,55
2021-06-29,Colusa,011,21464,1969,1967,319,2286,15
2021-06-29,Contra Costa,013,1133247,71309,70775,1311,72086,817
2021-06-29,Del Norte,015,27424,1468,1435,13,1448,8
2021-06-29,El Dorado,017,186661,10523,10403,786,11189,113
2021-06-29,Fresno,019,978130,103509,102464,8678,111142,1725
2021-06-29,Glenn,021,27897,2453,2439,566,3005,20
2021-06-29,Humboldt,023,135768,4545,4514,49,4563,49
2021-06-29,Imperial,025,180216,28813,28645,2692,31337,737
2021-06-29,Inyo,027,18085,1416,1408,12,1420,35
2021-06-29,Kern,029,883053,98017,97173,11079,108252,1347
2021-06-29,Kings,031,150075,23287,23035,1093,24128,245
2021-06-29,Lake,033,64148,3638,3594,13,3607,56
2021-06-29,Lassen,035,31185,5288,5268,115,5383,20
2021-06-29,Los Angeles,037,10098052,1215161,1207895,40924,1248819,24498
2021-06-29,Madera,039,155013,16832,16680,938,17618,240
2021-06-29,Marin,041,260295,14251,14127,260,14387,232
2021-06-29,Mariposa,043,17540,441,441,11,452,5
2021-06-29,Mendocino,045,87422,4204,4107,84,4191,49
2021-06-29,Merced,047,269075,31270,31277,1039,32316,469
2021-06-29,Modoc,049,8938,414,408,147,555,3
2021-06-29,Mono,051,14174,1267,1275,18,1293,3
2021-06-29,Monterey,053,433212,43344,43196,1838,45034,471
2021-06-29,Napa,055,140530,10036,10033,37,10070,81
2021-06-29,Nevada,057,99092,4990,4952,193,5145,72
2021-06-29,Orange,059,3164182,257162,255686,11451,267137,5124
2021-06-29,Placer,061,380077,23951,23693,1550,25243,299
2021-06-29,Plumas,063,18699,724,704,12,716,4
2021-06-29,Riverside,065,2383286,296017,292962,14019,306981,4524
2021-06-29,Sacramento,067,1510023,108806,108067,1836,109903,1677
2021-06-29,San Benito,069,59416,6108,6099,113,6212,63
2021-06-29,San Bernardino,071,2135413,295076,294118,9005,303123,4940
2021-06-29,San Diego,073,3302833,283632,282499,15457,297956,3780
2021-06-29,San Francisco,075,870044,37277,37041,1294,38335,558
2021-06-29,San Joaquin,077,732212,74257,73724,3589,77313,1409
2021-06-29,San Luis Obispo,079,281455,21561,21324,752,22076,256
2021-06-29,San Mateo,081,765935,42834,42540,487,43027,540
2021-06-29,Santa Barbara,083,443738,34665,34507,1126,35633,455
2021-06-29,Santa Clara,085,1922200,119661,118893,766,119659,2090
2021-06-29,Santa Cruz,087,273765,16362,16249,801,17050,208
2021-06-29,Shasta,089,179085,12623,12564,1641,14205,204
2021-06-29,Sierra,091,2930,63,59,12,71,0
2021-06-29,Siskiyou,093,43540,1971,1897,364,2261,29
2021-06-29,Solano,095,438530,33576,33440,572,34012,268
2021-06-29,Sonoma,097,501317,31114,30950,361,31311,316
2021-06-29,Stanislaus,099,539301,57225,56980,5972,62952,1018
2021-06-29,Sutter,101,95872,9639,9634,87,9721,114
2021-06-29,Tehama,103,63373,5159,5124,582,5706,63
2021-06-29,Trinity,105,12862,494,341,96,437,3
2021-06-29,Tulare,107,460477,50492,49751,9017,58768,852
2021-06-29,Tuolumne,109,53932,4095,4111,44,4155,64
2021-06-29,Ventura,111,848112,81946,81363,3019,84382,1032
2021-06-29,Yolo,113,214977,14217,14171,272,14443,213
2021-06-29,Yuba,115,75493,6227,6188,129,6317,51
2021-06-28,Alameda,001,1643700,89662,89638,1952,91590,1259
2021-06-28,Alpine,002,1148,88,89,0,89,0
2021-06-28,Amador,005,37829,3758,3753,32,3785,46
2021-06-28,Butte,007,227075,12790,12697,1891,14588,198
2021-06-28,Calaveras,009,45235,2203,2203,13,2216,55
2021-06-28,Colusa,011,21464,1967,1974,319,2293,15
2021-06-28,Contra Costa,013,1133247,71234,70807,1309,72116,816
2021-06-28,Del Norte,015,27424,1468,1436,13,1449,8
2021-06-28,El Dorado,017,186661,10513,10422,782,11204,115
2021-06-28,Fresno,019,978130,103478,103121,8676,111797,1727
2021-06-28,Glenn,021,27897,2453,2439,566,3005,20
2021-06-28,Humboldt,023,135768,4538,4520,48,4568,49
2021-06-28,Imperial,025,180216,28805,28981,2691,31672,741
2021-06-28,Inyo,027,18085,1413,1407,12,1419,35
2021-06-28,Kern,029,883053,97998,97252,11074,108326,1348
2021-06-28,Kings,031,150075,23281,23134,1093,24227,246
2021-06-28,Lake,033,64148,3631,3591,13,3604,56
2021-06-28,Lassen,035,31185,5286,5268,115,5383,20
2021-06-28,Los Angeles,037,10098052,1214641,1207714,40890,1248604,24496
2021-06-28,Madera,039,155013,16821,16683,937,17620,240
2021-06-28,Marin,041,260295,14236,14186,260,14446,232
2021-06-28,Mariposa,043,17540,441,440,11,451,5
2021-06-28,Mendocino,045,87422,4195,4102,83,4185,49
2021-06-28,Merced,047,269075,31258,31277,1039,32316,469
2021-06-28,Modoc,049,8938,414,411,146,557,3
2021-06-28,Mono,051,14174,1267,1276,18,1294,3
2021-06-28,Monterey,053,433212,43340,43202,1837,45039,462
2021-06-28,Napa,055,140530,10027,10050,36,10086,81
2021-06-28,Nevada,057,99092,4986,4951,193,5144,72
2021-06-28,Orange,059,3164182,257072,255755,11437,267192,5123
2021-06-28,Placer,061,380077,23935,23756,1546,25302,299
2021-06-28,Plumas,063,18699,722,704,12,716,4
2021-06-28,Riverside,065,2383286,295891,292647,14007,306654,4507
2021-06-28,Sacramento,067,1510023,108674,108342,1831,110173,1675
2021-06-28,San Benito,069,59416,6106,6101,113,6214,63
2021-06-28,San Bernardino,071,2135413,294976,294151,9000,303151,4928
2021-06-28,San Diego,073,3302833,283468,282417,15428,297845,3780
2021-06-28,San Francisco,075,870044,37242,37372,1292,38664,559
2021-06-28,San Joaquin,077,732212,74210,73973,3586,77559,1411
2021-06-28,San Luis Obispo,079,281455,21557,21340,751,22091,256
2021-06-28,San Mateo,081,765935,42800,42927,486,43413,540
2021-06-28,Santa Barbara,083,443738,34658,34534,1124,35658,455
2021-06-28,Santa Clara,085,1922200,119597,120377,765,121142,2103
2021-06-28,Santa Cruz,087,273765,16357,16245,801,17046,208
2021-06-28,Shasta,089,179085,12619,12642,1639,14281,203
2021-06-28,Sierra,091,2930,63,58,12,70,0
2021-06-28,Siskiyou,093,43540,1970,1896,364,2260,29
2021-06-28,Solano,095,438530,33540,33524,570,34094,267
2021-06-28,Sonoma,097,501317,31077,31137,360,31497,315
2021-06-28,Stanislaus,099,539301,57207,57047,5968,63015,1018
2021-06-28,Sutter,101,95872,9635,9682,87,9769,114
2021-06-28,Tehama,103,63373,5157,5122,582,5704,63
2021-06-28,Trinity,105,12862,494,341,96,437,3
2021-06-28,Tulare,107,460477,50482,49751,9013,58764,850
2021-06-28,Tuolumne,109,53932,4087,4121,44,4165,64
2021-06-28,Ventura,111,848112,81889,81393,3014,84407,1032
2021-06-28,Yolo,113,214977,14208,14199,269,14468,213
2021-06-28,Yuba,115,75493,6222,6207,129,6336,51
2021-06-27,Alameda,001,1643700,89575,89611,1948,91559,1259
2021-06-27,Alpine,002,1148,88,89,0,89,0
2021-06-27,Amador,005,37829,3757,3752,32,3784,46
2021-06-27,Butte,007,227075,12781,12696,1890,14586,198
2021-06-27,Calaveras,009,45235,2202,2203,13,2216,55
2021-06-27,Colusa,011,21464,1967,1974,319,2293,15
2021-06-27,Contra Costa,013,1133247,71148,70762,1305,72067,816
2021-06-27,Del Norte,015,27424,1465,1436,13,1449,8
2021-06-27,El Dorado,017,186661,10501,10418,779,11197,115
2021-06-27,Fresno,019,978130,103449,103110,8673,111783,1727
2021-06-27,Glenn,021,27897,2452,2439,565,3004,20
2021-06-27,Humboldt,023,135768,4526,4513,45,4558,49
2021-06-27,Imperial,025,180216,28791,28987,2691,31678,741
2021-06-27,Inyo,027,18085,1413,1407,12,1419,35
2021-06-27,Kern,029,883053,97972,97249,11067,108316,1348
2021-06-27,Kings,031,150075,23271,23132,1093,24225,246
2021-06-27,Lake,033,64148,3624,3581,13,3594,56
2021-06-27,Lassen,035,31185,5285,5265,115,5380,20
2021-06-27,Los Angeles,037,10098052,1214089,1207461,40850,1248311,24493
2021-06-27,Madera,039,155013,16813,16680,937,17617,240
2021-06-27,Marin,041,260295,14227,14182,260,14442,232
2021-06-27,Mariposa,043,17540,441,440,11,451,5
2021-06-27,Mendocino,045,87422,4188,4100,83,4183,49
2021-06-27,Merced,047,269075,31246,31266,1039,32305,469
2021-06-27,Modoc,049,8938,414,411,146,557,3
2021-06-27,Mono,051,14174,1267,1279,18,1297,3
2021-06-27,Monterey,053,433212,43327,43199,1837,45036,462
2021-06-27,Napa,055,140530,10021,10046,36,10082,81
2021-06-27,Nevada,057,99092,4980,4946,193,5139,72
2021-06-27,Orange,059,3164182,256958,255710,11426,267136,5123
2021-06-27,Placer,061,380077,23902,23731,1543,25274,299
2021-06-27,Plumas,063,18699,722,704,12,716,4
2021-06-27,Riverside,065,2383286,295789,292641,14001,306642,4507
2021-06-27,Sacramento,067,1510023,108539,108279,1827,110106,1675
2021-06-27,San Benito,069,59416,6100,6101,113,6214,63
2021-06-27,San Bernardino,071,2135413,294863,294115,8998,303113,4927
2021-06-27,San Diego,073,3302833,283328,282359,15402,297761,3780
2021-06-27,San Francisco,075,870044,37205,37360,1291,38651,559
2021-06-27,San Joaquin,077,732212,74174,73960,3584,77544,1411
2021-06-27,San Luis Obispo,079,281455,21550,21340,750,22090,256
2021-06-27,San Mateo,081,765935,42771,42925,483,43408,539
2021-06-27,Santa Barbara,083,443738,34644,34533,1122,35655,455
2021-06-27,Santa Clara,085,1922200,119546,120352,764,121116,2103
2021-06-27,Santa Cruz,087,273765,16348,16241,801,17042,208
2021-06-27,Shasta,089,179085,12613,12640,1638,14278,203
2021-06-27,Sierra,091,2930,63,58,12,70,0
2021-06-27,Siskiyou,093,43540,1968,1896,363,2259,29
2021-06-27,Solano,095,438530,33512,33516,570,34086,267
2021-06-27,Sonoma,097,501317,31039,31129,360,31489,315
2021-06-27,Stanislaus,099,539301,57167,57021,5965,62986,1018
2021-06-27,Sutter,101,95872,9629,9678,87,9765,114
2021-06-27,Tehama,103,63373,5153,5122,582,5704,63
2021-06-27,Trinity,105,12862,494,341,95,436,3
2021-06-27,Tulare,107,460477,50469,49749,9006,58755,850
2021-06-27,Tuolumne,109,53932,4085,4121,44,4165,64
2021-06-27,Ventura,111,848112,81855,81361,3005,84366,1032
2021-06-27,Yolo,113,214977,14193,14194,265,14459,213
2021-06-27,Yuba,115,75493,6216,6205,129,6334,51
2021-06-26,Alameda,001,1643700,89518,89560,1946,91506,1259
2021-06-26,Alpine,002,1148,88,89,0,89,0
2021-06-26,Amador,005,37829,3757,3748,32,3780,46
2021-06-26,Butte,007,227075,12777,12693,1887,14580,198
2021-06-26,Calaveras,009,45235,2200,2202,13,2215,55
2021-06-26,Colusa,011,21464,1967,1973,319,2292,15
2021-06-26,Contra Costa,013,1133247,71105,70712,1304,72016,816
2021-06-26,Del Norte,015,27424,1464,1432,13,1445,8
2021-06-26,El Dorado,017,186661,10493,10414,777,11191,115
2021-06-26,Fresno,019,978130,103429,103091,8671,111762,1727
2021-06-26,Glenn,021,27897,2450,2441,565,3006,20
2021-06-26,Humboldt,023,135768,4523,4509,45,4554,49
2021-06-26,Imperial,025,180216,28787,28970,2691,31661,741
2021-06-26,Inyo,027,18085,1413,1407,12,1419,35
2021-06-26,Kern,029,883053,97946,97239,11058,108297,1348
2021-06-26,Kings,031,150075,23267,23128,1092,24220,246
2021-06-26,Lake,033,64148,3613,3576,13,3589,56
2021-06-26,Lassen,035,31185,5282,5263,115,5378,20
2021-06-26,Los Angeles,037,10098052,1213785,1207198,40819,1248017,24490
2021-06-26,Madera,039,155013,16806,16679,936,17615,240
2021-06-26,Marin,041,260295,14218,14180,260,14440,232
2021-06-26,Mariposa,043,17540,441,440,11,451,5
2021-06-26,Mendocino,045,87422,4186,4096,83,4179,49
2021-06-26,Merced,047,269075,31240,31259,1038,32297,469
2021-06-26,Modoc,049,8938,414,411,146,557,3
2021-06-26,Mono,051,14174,1267,1279,18,1297,3
2021-06-26,Monterey,053,433212,43324,43192,1837,45029,462
2021-06-26,Napa,055,140530,10014,10043,36,10079,81
2021-06-26,Nevada,057,99092,4975,4939,193,5132,72
2021-06-26,Orange,059,3164182,256878,255640,11419,267059,5123
2021-06-26,Placer,061,380077,23888,23702,1541,25243,299
2021-06-26,Plumas,063,18699,722,704,12,716,4
2021-06-26,Riverside,065,2383286,295731,292480,13995,306475,4505
2021-06-26,Sacramento,067,1510023,108468,108179,1824,110003,1675
2021-06-26,San Benito,069,59416,6096,6100,113,6213,63
2021-06-26,San Bernardino,071,2135413,294769,294034,8994,303028,4928
2021-06-26,San Diego,073,3302833,283243,282263,15384,297647,3780
2021-06-26,San Francisco,075,870044,37173,37348,1290,38638,559
2021-06-26,San Joaquin,077,732212,74145,73928,3583,77511,1411
2021-06-26,San Luis Obispo,079,281455,21549,21330,749,22079,256
2021-06-26,San Mateo,081,765935,42751,42898,483,43381,539
2021-06-26,Santa Barbara,083,443738,34635,34525,1122,35647,455
2021-06-26,Santa Clara,085,1922200,119513,120321,764,121085,2103
2021-06-26,Santa Cruz,087,273765,16345,16239,801,17040,208
2021-06-26,Shasta,089,179085,12609,12635,1634,14269,203
2021-06-26,Sierra,091,2930,63,58,12,70,0
2021-06-26,Siskiyou,093,43540,1967,1896,362,2258,29
2021-06-26,Solano,095,438530,33494,33489,568,34057,267
2021-06-26,Sonoma,097,501317,31013,31088,360,31448,315
2021-06-26,Stanislaus,099,539301,57151,57006,5962,62968,1018
2021-06-26,Sutter,101,95872,9628,9669,87,9756,114
2021-06-26,Tehama,103,63373,5153,5119,582,5701,63
2021-06-26,Trinity,105,12862,494,341,95,436,3
2021-06-26,Tulare,107,460477,50463,49745,9006,58751,850
2021-06-26,Tuolumne,109,53932,4085,4121,44,4165,64
2021-06-26,Ventura,111,848112,81831,81352,3004,84356,1032
2021-06-26,Yolo,113,214977,14185,14184,265,14449,213
2021-06-26,Yuba,115,75493,6213,6200,129,6329,51
2021-06-25,Alameda,001,1643700,89450,89453,1944,91397,1271
2021-06-25,Alpine,002,1148,88,89,0,89,0
2021-06-25,Amador,005,37829,3756,3746,32,3778,46
2021-06-25,Butte,007,227075,12772,12682,1884,14566,198
2021-06-25,Calaveras,009,45235,2199,2201,13,2214,55
2021-06-25,Colusa,011,21464,1967,1972,319,2291,15
2021-06-25,Contra Costa,013,1133247,71069,70659,1304,71963,815
2021-06-25,Del Norte,015,27424,1464,1426,13,1439,8
2021-06-25,El Dorado,017,186661,10485,10406,774,11180,115
2021-06-25,Fresno,019,978130,103411,103073,8667,111740,1727
2021-06-25,Glenn,021,27897,2450,2441,565,3006,20
2021-06-25,Humboldt,023,135768,4517,4503,43,4546,49
2021-06-25,Imperial,025,180216,28784,28968,2691,31659,740
2021-06-25,Inyo,027,18085,1412,1406,12,1418,35
2021-06-25,Kern,029,883053,97927,97182,11054,108236,1347
2021-06-25,Kings,031,150075,23261,23118,1092,24210,246
2021-06-25,Lake,033,64148,3607,3571,13,3584,56
2021-06-25,Lassen,035,31185,5281,5259,115,5374,20
2021-06-25,Los Angeles,037,10098052,1213502,1206909,40802,1247711,24483
2021-06-25,Madera,039,155013,16803,16670,936,17606,240
2021-06-25,Marin,041,260295,14215,14179,260,14439,232
2021-06-25,Mariposa,043,17540,441,440,11,451,5
2021-06-25,Mendocino,045,87422,4183,4089,83,4172,49
2021-06-25,Merced,047,269075,31232,31256,1038,32294,467
2021-06-25,Modoc,049,8938,414,411,146,557,3
2021-06-25,Mono,051,14174,1267,1279,18,1297,3
2021-06-25,Monterey,053,433212,43319,43184,1836,45020,462
2021-06-25,Napa,055,140530,10009,10037,36,10073,81
2021-06-25,Nevada,057,99092,4972,4932,193,5125,72
2021-06-25,Orange,059,3164182,256807,255574,11417,266991,5119
2021-06-25,Placer,061,380077,23869,23672,1540,25212,299
2021-06-25,Plumas,063,18699,722,702,11,713,4
2021-06-25,Riverside,065,2383286,295663,291663,13988,305651,4490
2021-06-25,Sacramento,067,1510023,108396,108034,1821,109855,1673
2021-06-25,San Benito,069,59416,6092,6098,113,6211,63
2021-06-25,San Bernardino,071,2135413,294714,293941,8992,302933,4911
2021-06-25,San Diego,073,3302833,283183,282157,15371,297528,3779
2021-06-25,San Francisco,075,870044,37150,37338,1289,38627,559
2021-06-25,San Joaquin,077,732212,74112,73860,3581,77441,1410
2021-06-25,San Luis Obispo,079,281455,21546,21325,748,22073,256
2021-06-25,San Mateo,081,765935,42733,42849,483,43332,537
2021-06-25,Santa Barbara,083,443738,34626,34518,1121,35639,454
2021-06-25,Santa Clara,085,1922200,119493,120272,764,121036,2103
2021-06-25,Santa Cruz,087,273765,16342,16230,799,17029,208
2021-06-25,Shasta,089,179085,12599,12633,1633,14266,202
2021-06-25,Sierra,091,2930,63,58,12,70,0
2021-06-25,Siskiyou,093,43540,1966,1894,362,2256,29
2021-06-25,Solano,095,438530,33474,33449,568,34017,267
2021-06-25,Sonoma,097,501317,30990,31043,360,31403,314
2021-06-25,Stanislaus,099,539301,57135,56973,5955,62928,1018
2021-06-25,Sutter,101,95872,9621,9664,87,9751,114
2021-06-25,Tehama,103,63373,5152,5119,582,5701,63
2021-06-25,Trinity,105,12862,494,338,95,433,3
2021-06-25,Tulare,107,460477,50456,49731,9003,58734,850
2021-06-25,Tuolumne,109,53932,4084,4121,44,4165,64
2021-06-25,Ventura,111,848112,81802,81342,2998,84340,1032
2021-06-25,Yolo,113,214977,14179,14172,265,14437,213
2021-06-25,Yuba,115,75493,6209,6195,129,6324,51
2021-06-24,Alameda,001,1643700,89378,89358,1941,91299,1268
2021-06-24,Alpine,002,1148,88,89,0,89,0
2021-06-24,Amador,005,37829,3752,3745,32,3777,46
2021-06-24,Butte,007,227075,12766,12673,1882,14555,198
2021-06-24,Calaveras,009,45235,2196,2202,13,2215,55
2021-06-24,Colusa,011,21464,1966,1972,319,2291,15
2021-06-24,Contra Costa,013,1133247,71010,70590,1304,71894,813
2021-06-24,Del Norte,015,27424,1463,1421,13,1434,8
2021-06-24,El Dorado,017,186661,10478,10402,774,11176,115
2021-06-24,Fresno,019,978130,103391,103061,8665,111726,1727
2021-06-24,Glenn,021,27897,2449,2439,565,3004,20
2021-06-24,Humboldt,023,135768,4512,4493,43,4536,49
2021-06-24,Imperial,025,180216,28781,28981,2691,31672,740
2021-06-24,Inyo,027,18085,1411,1406,12,1418,35
2021-06-24,Kern,029,883053,97908,97129,11041,108170,1346
2021-06-24,Kings,031,150075,23257,23114,1091,24205,246
2021-06-24,Lake,033,64148,3601,3571,13,3584,56
2021-06-24,Lassen,035,31185,5280,5258,115,5373,20
2021-06-24,Los Angeles,037,10098052,1213177,1206590,40779,1247369,24480
2021-06-24,Madera,039,155013,16792,16662,935,17597,240
2021-06-24,Marin,041,260295,14211,14180,260,14440,232
2021-06-24,Mariposa,043,17540,441,440,11,451,5
2021-06-24,Mendocino,045,87422,4175,4085,83,4168,49
2021-06-24,Merced,047,269075,31222,31248,1037,32285,466
2021-06-24,Modoc,049,8938,414,411,146,557,3
2021-06-24,Mono,051,14174,1267,1276,18,1294,3
2021-06-24,Monterey,053,433212,43312,43180,1836,45016,451
2021-06-24,Napa,055,140530,10007,10036,36,10072,80
2021-06-24,Nevada,057,99092,4970,4927,193,5120,72
2021-06-24,Orange,059,3164182,256743,255520,11409,266929,5117
2021-06-24,Placer,061,380077,23844,23659,1538,25197,299
2021-06-24,Plumas,063,18699,721,702,11,713,4
2021-06-24,Riverside,065,2383286,295582,291067,13977,305044,4473
2021-06-24,Sacramento,067,1510023,108308,107965,1819,109784,1672
2021-06-24,San Benito,069,59416,6089,6098,113,6211,63
2021-06-24,San Bernardino,071,2135413,294643,293895,8986,302881,4898
2021-06-24,San Diego,073,3302833,283079,282053,15358,297411,3778
2021-06-24,San Francisco,075,870044,37128,37320,1287,38607,559
2021-06-24,San Joaquin,077,732212,74064,73814,3581,77395,1408
2021-06-24,San Luis Obispo,079,281455,21540,21326,748,22074,256
2021-06-24,San Mateo,081,765935,42707,42814,482,43296,542
2021-06-24,Santa Barbara,083,443738,34620,34512,1120,35632,454
2021-06-24,Santa Clara,085,1922200,119462,120274,763,121037,2103
2021-06-24,Santa Cruz,087,273765,16341,16227,799,17026,208
2021-06-24,Shasta,089,179085,12594,12629,1629,14258,202
2021-06-24,Sierra,091,2930,63,58,12,70,0
2021-06-24,Siskiyou,093,43540,1966,1892,362,2254,28
2021-06-24,Solano,095,438530,33451,33432,566,33998,267
2021-06-24,Sonoma,097,501317,30961,31020,360,31380,314
2021-06-24,Stanislaus,099,539301,57109,56946,5955,62901,1018
2021-06-24,Sutter,101,95872,9614,9660,87,9747,113
2021-06-24,Tehama,103,63373,5149,5115,582,5697,63
2021-06-24,Trinity,105,12862,493,338,95,433,3
2021-06-24,Tulare,107,460477,50445,49730,9001,58731,850
2021-06-24,Tuolumne,109,53932,4082,4120,44,4164,64
2021-06-24,Ventura,111,848112,81774,81332,2997,84329,1032
2021-06-24,Yolo,113,214977,14170,14169,262,14431,213
2021-06-24,Yuba,115,75493,6204,6195,129,6324,51
2021-06-23,Alameda,001,1643700,89306,89338,1940,91278,1266
2021-06-23,Alpine,002,1148,88,88,0,88,0
2021-06-23,Amador,005,37829,3750,3743,32,3775,46
2021-06-23,Butte,007,227075,12759,12666,1882,14548,198
2021-06-23,Calaveras,009,45235,2195,2199,13,2212,55
2021-06-23,Colusa,011,21464,1965,1972,319,2291,15
2021-06-23,Contra Costa,013,1133247,70945,70526,1303,71829,813
2021-06-23,Del Norte,015,27424,1459,1418,13,1431,8
2021-06-23,El Dorado,017,186661,10468,10395,771,11166,115
2021-06-23,Fresno,019,978130,103362,103020,8663,111683,1724
2021-06-23,Glenn,021,27897,2449,2437,564,3001,20
2021-06-23,Humboldt,023,135768,4503,4490,43,4533,48
2021-06-23,Imperial,025,180216,28774,28908,2691,31599,740
2021-06-23,Inyo,027,18085,1411,1406,12,1418,35
2021-06-23,Kern,029,883053,97880,97078,11028,108106,1345
2021-06-23,Kings,031,150075,23250,23105,1089,24194,245
2021-06-23,Lake,033,64148,3592,3566,13,3579,53
2021-06-23,Lassen,035,31185,5277,5257,115,5372,20
2021-06-23,Los Angeles,037,10098052,1212840,1206358,40769,1247127,24472
2021-06-23,Madera,039,155013,16785,16660,935,17595,240
2021-06-23,Marin,041,260295,14205,14177,260,14437,230
2021-06-23,Mariposa,043,17540,441,439,11,450,5
2021-06-23,Mendocino,045,87422,4171,4078,83,4161,49
2021-06-23,Merced,047,269075,31213,31260,1037,32297,465
2021-06-23,Modoc,049,8938,412,407,146,553,3
2021-06-23,Mono,051,14174,1267,1279,18,1297,3
2021-06-23,Monterey,053,433212,43303,43166,1836,45002,439
2021-06-23,Napa,055,140530,9998,10032,36,10068,80
2021-06-23,Nevada,057,99092,4967,4924,193,5117,72
2021-06-23,Orange,059,3164182,256677,255479,11401,266880,5116
2021-06-23,Placer,061,380077,23815,23630,1533,25163,299
2021-06-23,Plumas,063,18699,720,701,11,712,4
2021-06-23,Riverside,065,2383286,295499,290343,13975,304318,4462
2021-06-23,Sacramento,067,1510023,108215,107868,1814,109682,1671
2021-06-23,San Benito,069,59416,6085,6097,113,6210,63
2021-06-23,San Bernardino,071,2135413,294564,293816,8981,302797,4886
2021-06-23,San Diego,073,3302833,282979,281937,15337,297274,3777
2021-06-23,San Francisco,075,870044,37103,37304,1285,38589,559
2021-06-23,San Joaquin,077,732212,74025,73764,3579,77343,1405
2021-06-23,San Luis Obispo,079,281455,21536,21323,747,22070,257
2021-06-23,San Mateo,081,765935,42691,42756,482,43238,542
2021-06-23,Santa Barbara,083,443738,34610,34505,1120,35625,454
2021-06-23,Santa Clara,085,1922200,119433,120233,763,120996,2098
2021-06-23,Santa Cruz,087,273765,16337,16215,799,17014,209
2021-06-23,Shasta,089,179085,12587,12604,1627,14231,202
2021-06-23,Sierra,091,2930,63,57,12,69,0
2021-06-23,Siskiyou,093,43540,1964,1892,362,2254,28
2021-06-23,Solano,095,438530,33407,33408,566,33974,267
2021-06-23,Sonoma,097,501317,30921,30959,358,31317,314
2021-06-23,Stanislaus,099,539301,57079,56926,5954,62880,1017
2021-06-23,Sutter,101,95872,9608,9653,87,9740,113
2021-06-23,Tehama,103,63373,5149,5119,581,5700,63
2021-06-23,Trinity,105,12862,493,338,95,433,3
2021-06-23,Tulare,107,460477,50438,49711,8998,58709,850
2021-06-23,Tuolumne,109,53932,4079,4120,44,4164,64
2021-06-23,Ventura,111,848112,81751,81312,2994,84306,1032
2021-06-23,Yolo,113,214977,14160,14161,262,14423,212
2021-06-23,Yuba,115,75493,6201,6190,129,6319,51
2021-06-22,Alameda,001,1643700,89239,89308,1940,91248,1263
2021-06-22,Alpine,002,1148,88,88,0,88,0
2021-06-22,Amador,005,37829,3747,3743,32,3775,46
2021-06-22,Butte,007,227075,12755,12662,1879,14541,198
2021-06-22,Calaveras,009,45235,2194,2198,13,2211,55
2021-06-22,Colusa,011,21464,1964,1971,319,2290,15
2021-06-22,Contra Costa,013,1133247,70889,70480,1302,71782,813
2021-06-22,Del Norte,015,27424,1456,1417,13,1430,8
2021-06-22,El Dorado,017,186661,10463,10380,770,11150,113
2021-06-22,Fresno,019,978130,103342,102996,8659,111655,1724
2021-06-22,Glenn,021,27897,2448,2435,562,2997,19
2021-06-22,Humboldt,023,135768,4493,4483,43,4526,42
2021-06-22,Imperial,025,180216,28769,28880,2691,31571,740
2021-06-22,Inyo,027,18085,1411,1405,12,1417,35
2021-06-22,Kern,029,883053,97867,97013,11024,108037,1342
2021-06-22,Kings,031,150075,23242,23098,1088,24186,245
2021-06-22,Lake,033,64148,3590,3564,13,3577,45
2021-06-22,Lassen,035,31185,5272,5254,115,5369,20
2021-06-22,Los Angeles,037,10098052,1212524,1206146,40757,1246903,24461
2021-06-22,Madera,039,155013,16780,16652,935,17587,240
2021-06-22,Marin,041,260295,14203,14174,260,14434,230
2021-06-22,Mariposa,043,17540,441,439,11,450,5
2021-06-22,Mendocino,045,87422,4165,4072,83,4155,49
2021-06-22,Merced,047,269075,31202,31267,1037,32304,464
2021-06-22,Modoc,049,8938,410,405,145,550,3
2021-06-22,Mono,051,14174,1267,1277,18,1295,3
2021-06-22,Monterey,053,433212,43300,43162,1835,44997,427
2021-06-22,Napa,055,140530,9994,10029,36,10065,80
2021-06-22,Nevada,057,99092,4961,4923,193,5116,72
2021-06-22,Orange,059,3164182,256608,255452,11390,266842,5114
2021-06-22,Placer,061,380077,23793,23603,1533,25136,299
2021-06-22,Plumas,063,18699,720,697,11,708,4
2021-06-22,Riverside,065,2383286,295438,289839,13971,303810,4456
2021-06-22,Sacramento,067,1510023,108114,107801,1809,109610,1670
2021-06-22,San Benito,069,59416,6084,6098,113,6211,63
2021-06-22,San Bernardino,071,2135413,294488,293770,8975,302745,4873
2021-06-22,San Diego,073,3302833,282875,281867,15314,297181,3771
2021-06-22,San Francisco,075,870044,37089,37287,1285,38572,556
2021-06-22,San Joaquin,077,732212,73995,73723,3577,77300,1405
2021-06-22,San Luis Obispo,079,281455,21533,21321,746,22067,257
2021-06-22,San Mateo,081,765935,42677,42725,477,43202,542
2021-06-22,Santa Barbara,083,443738,34599,34500,1119,35619,454
2021-06-22,Santa Clara,085,1922200,119401,120194,763,120957,2095
2021-06-22,Santa Cruz,087,273765,16332,16218,799,17017,209
2021-06-22,Shasta,089,179085,12576,12616,1624,14240,202
2021-06-22,Sierra,091,2930,62,57,12,69,0
2021-06-22,Siskiyou,093,43540,1964,1892,362,2254,28
2021-06-22,Solano,095,438530,33389,33397,565,33962,267
2021-06-22,Sonoma,097,501317,30881,30933,358,31291,314
2021-06-22,Stanislaus,099,539301,57063,56915,5952,62867,1017
2021-06-22,Sutter,101,95872,9601,9649,87,9736,113
2021-06-22,Tehama,103,63373,5147,5118,580,5698,63
2021-06-22,Trinity,105,12862,491,337,95,432,3
2021-06-22,Tulare,107,460477,50430,49706,8993,58699,850
2021-06-22,Tuolumne,109,53932,4077,4119,44,4163,64
2021-06-22,Ventura,111,848112,81737,81300,2993,84293,1032
2021-06-22,Yolo,113,214977,14155,14157,260,14417,212
2021-06-22,Yuba,115,75493,6197,6181,129,6310,51
2021-06-21,Alameda,001,1643700,89183,89281,1939,91220,1262
2021-06-21,Alpine,002,1148,88,88,0,88,0
2021-06-21,Amador,005,37829,3741,3742,32,3774,46
2021-06-21,Butte,007,227075,12749,12668,1877,14545,195
2021-06-21,Calaveras,009,45235,2192,2194,13,2207,55
2021-06-21,Colusa,011,21464,1963,1970,318,2288,15
2021-06-21,Contra Costa,013,1133247,70819,70439,1301,71740,813
2021-06-21,Del Norte,015,27424,1452,1416,13,1429,8
2021-06-21,El Dorado,017,186661,10457,10375,769,11144,113
2021-06-21,Fresno,019,978130,103322,102971,8656,111627,1724
2021-06-21,Glenn,021,27897,2447,2433,562,2995,19
2021-06-21,Humboldt,023,135768,4484,4478,42,4520,42
2021-06-21,Imperial,025,180216,28765,28855,2691,31546,740
2021-06-21,Inyo,027,18085,1410,1405,12,1417,35
2021-06-21,Kern,029,883053,97838,96995,11016,108011,1342
2021-06-21,Kings,031,150075,23235,23091,1085,24176,245
2021-06-21,Lake,033,64148,3584,3563,13,3576,45
2021-06-21,Lassen,035,31185,5270,5233,115,5348,19
2021-06-21,Los Angeles,037,10098052,1212230,1205994,40735,1246729,24459
2021-06-21,Madera,039,155013,16771,16647,935,17582,240
2021-06-21,Marin,041,260295,14199,14173,260,14433,230
2021-06-21,Mariposa,043,17540,441,439,11,450,5
2021-06-21,Mendocino,045,87422,4162,4085,83,4168,49
2021-06-21,Merced,047,269075,31192,31264,1036,32300,465
2021-06-21,Modoc,049,8938,410,405,145,550,3
2021-06-21,Mono,051,14174,1267,1277,18,1295,3
2021-06-21,Monterey,053,433212,43297,43157,1835,44992,427
2021-06-21,Napa,055,140530,9989,10028,36,10064,80
2021-06-21,Nevada,057,99092,4957,4921,193,5114,72
2021-06-21,Orange,059,3164182,256535,255400,11383,266783,5113
2021-06-21,Placer,061,380077,23769,23577,1533,25110,298
2021-06-21,Plumas,063,18699,718,697,11,708,4
2021-06-21,Riverside,065,2383286,295362,289797,13966,303763,4456
2021-06-21,Sacramento,067,1510023,108003,107757,1808,109565,1669
2021-06-21,San Benito,069,59416,6080,6098,113,6211,63
2021-06-21,San Bernardino,071,2135413,294401,293736,8971,302707,4850
2021-06-21,San Diego,073,3302833,282770,281811,15294,297105,3771
2021-06-21,San Francisco,075,870044,37073,37275,1284,38559,556
2021-06-21,San Joaquin,077,732212,73954,73687,3576,77263,1405
2021-06-21,San Luis Obispo,079,281455,21524,21316,746,22062,257
2021-06-21,San Mateo,081,765935,42661,42685,476,43161,542
2021-06-21,Santa Barbara,083,443738,34594,34492,1119,35611,455
2021-06-21,Santa Clara,085,1922200,119368,120192,762,120954,2093
2021-06-21,Santa Cruz,087,273765,16330,16212,799,17011,208
2021-06-21,Shasta,089,179085,12563,12617,1621,14238,201
2021-06-21,Sierra,091,2930,62,57,12,69,0
2021-06-21,Siskiyou,093,43540,1964,1892,362,2254,27
2021-06-21,Solano,095,438530,33366,33383,564,33947,266
2021-06-21,Sonoma,097,501317,30858,30912,358,31270,314
2021-06-21,Stanislaus,099,539301,57033,56891,5947,62838,1017
2021-06-21,Sutter,101,95872,9598,9649,87,9736,113
2021-06-21,Tehama,103,63373,5147,5115,579,5694,63
2021-06-21,Trinity,105,12862,491,337,95,432,3
2021-06-21,Tulare,107,460477,50419,49689,8989,58678,849
2021-06-21,Tuolumne,109,53932,4073,4119,44,4163,63
2021-06-21,Ventura,111,848112,81709,81291,2989,84280,1031
2021-06-21,Yolo,113,214977,14149,14165,260,14425,212
2021-06-21,Yuba,115,75493,6196,6172,129,6301,51
2021-06-20,Alameda,001,1643700,89118,89255,1938,91193,1263
2021-06-20,Alpine,002,1148,88,88,0,88,0
2021-06-20,Amador,005,37829,3738,3740,32,3772,46
2021-06-20,Butte,007,227075,12742,12668,1876,14544,194
2021-06-20,Calaveras,009,45235,2191,2193,13,2206,55
2021-06-20,Colusa,011,21464,1963,1970,318,2288,15
2021-06-20,Contra Costa,013,1133247,70762,70401,1299,71700,813
2021-06-20,Del Norte,015,27424,1448,1416,13,1429,8
2021-06-20,El Dorado,017,186661,10443,10372,766,11138,113
2021-06-20,Fresno,019,978130,103281,102947,8653,111600,1724
2021-06-20,Glenn,021,27897,2447,2434,562,2996,19
2021-06-20,Humboldt,023,135768,4478,4472,42,4514,42
2021-06-20,Imperial,025,180216,28756,28855,2691,31546,740
2021-06-20,Inyo,027,18085,1409,1405,12,1417,35
2021-06-20,Kern,029,883053,97817,96985,11005,107990,1342
2021-06-20,Kings,031,150075,23230,23088,1083,24171,245
2021-06-20,Lake,033,64148,3582,3563,13,3576,45
2021-06-20,Lassen,035,31185,5267,5230,115,5345,19
2021-06-20,Los Angeles,037,10098052,1211925,1205874,40727,1246601,24456
2021-06-20,Madera,039,155013,16763,16638,933,17571,240
2021-06-20,Marin,041,260295,14196,14166,260,14426,230
2021-06-20,Mariposa,043,17540,439,439,11,450,5
2021-06-20,Mendocino,045,87422,4155,4080,83,4163,49
2021-06-20,Merced,047,269075,31180,31265,1036,32301,465
2021-06-20,Modoc,049,8938,410,405,145,550,3
2021-06-20,Mono,051,14174,1267,1275,18,1293,3
2021-06-20,Monterey,053,433212,43288,43156,1834,44990,427
2021-06-20,Napa,055,140530,9982,10026,35,10061,80
2021-06-20,Nevada,057,99092,4950,4919,193,5112,72
2021-06-20,Orange,059,3164182,256471,255377,11372,266749,5113
2021-06-20,Placer,061,380077,23735,23562,1529,25091,298
2021-06-20,Plumas,063,18699,717,697,11,708,4
2021-06-20,Riverside,065,2383286,295283,289770,13955,303725,4456
2021-06-20,Sacramento,067,1510023,107891,107700,1805,109505,1669
2021-06-20,San Benito,069,59416,6080,6098,113,6211,63
2021-06-20,San Bernardino,071,2135413,294300,293713,8967,302680,4845
2021-06-20,San Diego,073,3302833,282664,281750,15272,297022,3771
2021-06-20,San Francisco,075,870044,37050,37269,1284,38553,556
2021-06-20,San Joaquin,077,732212,73909,73676,3567,77243,1405
2021-06-20,San Luis Obispo,079,281455,21522,21313,746,22059,257
2021-06-20,San Mateo,081,765935,42632,42681,476,43157,542
2021-06-20,Santa Barbara,083,443738,34585,34487,1119,35606,455
2021-06-20,Santa Clara,085,1922200,119333,120163,762,120925,2093
2021-06-20,Santa Cruz,087,273765,16325,16210,799,17009,208
2021-06-20,Shasta,089,179085,12558,12617,1619,14236,201
2021-06-20,Sierra,091,2930,62,57,12,69,0
2021-06-20,Siskiyou,093,43540,1963,1891,362,2253,27
2021-06-20,Solano,095,438530,33344,33361,562,33923,266
2021-06-20,Sonoma,097,501317,30811,30884,355,31239,314
2021-06-20,Stanislaus,099,539301,57000,56868,5946,62814,1017
2021-06-20,Sutter,101,95872,9595,9645,87,9732,113
2021-06-20,Tehama,103,63373,5143,5115,579,5694,63
2021-06-20,Trinity,105,12862,491,337,95,432,3
2021-06-20,Tulare,107,460477,50410,49685,8987,58672,849
2021-06-20,Tuolumne,109,53932,4070,4117,44,4161,63
2021-06-20,Ventura,111,848112,81693,81282,2987,84269,1031
2021-06-20,Yolo,113,214977,14142,14160,260,14420,212
2021-06-20,Yuba,115,75493,6189,6167,129,6296,51
2021-06-19,Alameda,001,1643700,89083,89202,1938,91140,1263
2021-06-19,Alpine,002,1148,88,88,0,88,0
2021-06-19,Amador,005,37829,3736,3739,32,3771,46
2021-06-19,Butte,007,227075,12738,12659,1876,14535,194
2021-06-19,Calaveras,009,45235,2191,2192,13,2205,55
2021-06-19,Colusa,011,21464,1963,1969,318,2287,15
2021-06-19,Contra Costa,013,1133247,70731,70334,1298,71632,813
2021-06-19,Del Norte,015,27424,1447,1416,13,1429,8
2021-06-19,El Dorado,017,186661,10442,10363,765,11128,113
2021-06-19,Fresno,019,978130,103268,102922,8652,111574,1724
2021-06-19,Glenn,021,27897,2446,2434,561,2995,19
2021-06-19,Humboldt,023,135768,4467,4463,42,4505,42
2021-06-19,Imperial,025,180216,28755,28813,2691,31504,740
2021-06-19,Inyo,027,18085,1409,1405,12,1417,35
2021-06-19,Kern,029,883053,97801,96966,11001,107967,1342
2021-06-19,Kings,031,150075,23227,23086,1083,24169,245
2021-06-19,Lake,033,64148,3578,3563,13,3576,45
2021-06-19,Lassen,035,31185,5266,5225,115,5340,19
2021-06-19,Los Angeles,037,10098052,1211722,1205602,40711,1246313,24454
2021-06-19,Madera,039,155013,16761,16632,933,17565,240
2021-06-19,Marin,041,260295,14188,14152,260,14412,230
2021-06-19,Mariposa,043,17540,439,439,11,450,5
2021-06-19,Mendocino,045,87422,4150,4077,83,4160,49
2021-06-19,Merced,047,269075,31178,31256,1036,32292,465
2021-06-19,Modoc,049,8938,409,402,145,547,3
2021-06-19,Mono,051,14174,1267,1275,18,1293,3
2021-06-19,Monterey,053,433212,43282,43153,1834,44987,427
2021-06-19,Napa,055,140530,9978,10025,35,10060,80
2021-06-19,Nevada,057,99092,4945,4910,193,5103,72
2021-06-19,Orange,059,3164182,256425,255329,11369,266698,5112
2021-06-19,Placer,061,380077,23719,23537,1526,25063,298
2021-06-19,Plumas,063,18699,716,697,11,708,4
2021-06-19,Riverside,065,2383286,295237,289720,13955,303675,4456
2021-06-19,Sacramento,067,1510023,107844,107631,1802,109433,1669
2021-06-19,San Benito,069,59416,6079,6098,113,6211,63
2021-06-19,San Bernardino,071,2135413,294257,293673,8965,302638,4844
2021-06-19,San Diego,073,3302833,282604,281682,15258,296940,3771
2021-06-19,San Francisco,075,870044,37037,37256,1284,38540,556
2021-06-19,San Joaquin,077,732212,73893,73652,3563,77215,1405
2021-06-19,San Luis Obispo,079,281455,21520,21308,744,22052,257
2021-06-19,San Mateo,081,765935,42614,42646,474,43120,542
2021-06-19,Santa Barbara,083,443738,34583,34472,1119,35591,455
2021-06-19,Santa Clara,085,1922200,119310,120110,761,120871,2093
2021-06-19,Santa Cruz,087,273765,16320,16206,799,17005,208
2021-06-19,Shasta,089,179085,12556,12615,1618,14233,201
2021-06-19,Sierra,091,2930,62,57,12,69,0
2021-06-19,Siskiyou,093,43540,1963,1891,362,2253,27
2021-06-19,Solano,095,438530,33334,33341,561,33902,266
2021-06-19,Sonoma,097,501317,30770,30841,355,31196,314
2021-06-19,Stanislaus,099,539301,56981,56847,5943,62790,1017
2021-06-19,Sutter,101,95872,9592,9645,87,9732,113
2021-06-19,Tehama,103,63373,5142,5115,579,5694,63
2021-06-19,Trinity,105,12862,491,337,95,432,3
2021-06-19,Tulare,107,460477,50403,49681,8982,58663,849
2021-06-19,Tuolumne,109,53932,4070,4117,44,4161,63
2021-06-19,Ventura,111,848112,81680,81270,2986,84256,1031
2021-06-19,Yolo,113,214977,14138,14156,259,14415,212
2021-06-19,Yuba,115,75493,6188,6157,129,6286,51
2021-06-18,Alameda,001,1643700,89046,89123,1938,91061,1263
2021-06-18,Alpine,002,1148,88,88,0,88,0
2021-06-18,Amador,005,37829,3736,3739,32,3771,46
2021-06-18,Butte,007,227075,12735,12653,1873,14526,194
2021-06-18,Calaveras,009,45235,2191,2191,13,2204,55
2021-06-18,Colusa,011,21464,1962,1969,318,2287,15
2021-06-18,Contra Costa,013,1133247,70689,70271,1296,71567,813
2021-06-18,Del Norte,015,27424,1447,1415,13,1428,8
2021-06-18,El Dorado,017,186661,10439,10348,763,11111,113
2021-06-18,Fresno,019,978130,103252,102894,8650,111544,1722
2021-06-18,Glenn,021,27897,2445,2430,561,2991,19
2021-06-18,Humboldt,023,135768,4459,4450,42,4492,42
2021-06-18,Imperial,025,180216,28753,28809,2691,31500,740
2021-06-18,Inyo,027,18085,1409,1405,12,1417,35
2021-06-18,Kern,029,883053,97790,96948,10995,107943,1341
2021-06-18,Kings,031,150075,23222,23082,1083,24165,245
2021-06-18,Lake,033,64148,3574,3563,13,3576,45
2021-06-18,Lassen,035,31185,5265,5224,115,5339,19
2021-06-18,Los Angeles,037,10098052,1211555,1205472,40695,1246167,24451
2021-06-18,Madera,039,155013,16755,16625,933,17558,241
2021-06-18,Marin,041,260295,14185,14147,260,14407,230
2021-06-18,Mariposa,043,17540,439,439,11,450,5
2021-06-18,Mendocino,045,87422,4145,4068,83,4151,49
2021-06-18,Merced,047,269075,31176,31262,1036,32298,464
2021-06-18,Modoc,049,8938,409,402,145,547,3
2021-06-18,Mono,051,14174,1266,1275,17,1292,3
2021-06-18,Monterey,053,433212,43279,43148,1834,44982,427
2021-06-18,Napa,055,140530,9974,10021,35,10056,80
2021-06-18,Nevada,057,99092,4937,4903,193,5096,72
2021-06-18,Orange,059,3164182,256388,255274,11366,266640,5108
2021-06-18,Placer,061,380077,23711,23500,1523,25023,298
2021-06-18,Plumas,063,18699,716,697,11,708,4
2021-06-18,Riverside,065,2383286,295188,289676,13954,303630,4457
2021-06-18,Sacramento,067,1510023,107796,107570,1802,109372,1669
2021-06-18,San Benito,069,59416,6078,6097,113,6210,63
2021-06-18,San Bernardino,071,2135413,294213,293629,8961,302590,4826
2021-06-18,San Diego,073,3302833,282528,281608,15247,296855,3771
2021-06-18,San Francisco,075,870044,37028,37246,1284,38530,556
2021-06-18,San Joaquin,077,732212,73875,73623,3561,77184,1403
2021-06-18,San Luis Obispo,079,281455,21516,21301,742,22043,257
2021-06-18,San Mateo,081,765935,42603,42630,473,43103,542
2021-06-18,Santa Barbara,083,443738,34573,34469,1119,35588,455
2021-06-18,Santa Clara,085,1922200,119289,120081,759,120840,2093
2021-06-18,Santa Cruz,087,273765,16316,16202,799,17001,208
2021-06-18,Shasta,089,179085,12552,12607,1616,14223,201
2021-06-18,Sierra,091,2930,61,57,12,69,0
2021-06-18,Siskiyou,093,43540,1963,1890,362,2252,27
2021-06-18,Solano,095,438530,33320,33323,561,33884,266
2021-06-18,Sonoma,097,501317,30752,30816,354,31170,313
2021-06-18,Stanislaus,099,539301,56966,56803,5941,62744,1012
2021-06-18,Sutter,101,95872,9589,9643,87,9730,113
2021-06-18,Tehama,103,63373,5140,5114,579,5693,63
2021-06-18,Trinity,105,12862,491,337,94,431,3
2021-06-18,Tulare,107,460477,50401,49664,8975,58639,849
2021-06-18,Tuolumne,109,53932,4067,4116,44,4160,63
2021-06-18,Ventura,111,848112,81670,81256,2981,84237,1031
2021-06-18,Yolo,113,214977,14135,14148,257,14405,212
2021-06-18,Yuba,115,75493,6182,6150,129,6279,51
2021-06-17,Alameda,001,1643700,89000,89087,1938,91025,1262
2021-06-17,Alpine,002,1148,88,88,0,88,0
2021-06-17,Amador,005,37829,3734,3731,32,3763,46
2021-06-17,Butte,007,227075,12725,12644,1872,14516,194
2021-06-17,Calaveras,009,45235,2190,2189,13,2202,55
2021-06-17,Colusa,011,21464,1961,1969,318,2287,15
2021-06-17,Contra Costa,013,1133247,70650,70190,1292,71482,810
2021-06-17,Del Norte,015,27424,1445,1413,13,1426,8
2021-06-17,El Dorado,017,186661,10429,10341,763,11104,113
2021-06-17,Fresno,019,978130,103226,102867,8646,111513,1722
2021-06-17,Glenn,021,27897,2445,2430,561,2991,19
2021-06-17,Humboldt,023,135768,4450,4438,42,4480,42
2021-06-17,Imperial,025,180216,28745,28801,2691,31492,741
2021-06-17,Inyo,027,18085,1409,1405,12,1417,35
2021-06-17,Kern,029,883053,97775,96840,10989,107829,1340
2021-06-17,Kings,031,150075,23218,23078,1082,24160,245
2021-06-17,Lake,033,64148,3571,3563,9,3572,45
2021-06-17,Lassen,035,31185,5261,5223,115,5338,19
2021-06-17,Los Angeles,037,10098052,1211340,1205301,40668,1245969,24444
2021-06-17,Madera,039,155013,16750,16618,933,17551,241
2021-06-17,Marin,041,260295,14185,14141,260,14401,229
2021-06-17,Mariposa,043,17540,439,439,11,450,5
2021-06-17,Mendocino,045,87422,4138,4054,83,4137,49
2021-06-17,Merced,047,269075,31171,31262,1036,32298,464
2021-06-17,Modoc,049,8938,408,401,145,546,3
2021-06-17,Mono,051,14174,1265,1275,17,1292,3
2021-06-17,Monterey,053,433212,43271,43140,1834,44974,416
2021-06-17,Napa,055,140530,9974,10014,35,10049,80
2021-06-17,Nevada,057,99092,4933,4898,193,5091,72
2021-06-17,Orange,059,3164182,256343,255240,11356,266596,5109
2021-06-17,Placer,061,380077,23695,23461,1521,24982,298
2021-06-17,Plumas,063,18699,715,697,11,708,4
2021-06-17,Riverside,065,2383286,295133,289627,13952,303579,4458
2021-06-17,Sacramento,067,1510023,107732,107492,1800,109292,1666
2021-06-17,San Benito,069,59416,6078,6097,113,6210,63
2021-06-17,San Bernardino,071,2135413,294172,293560,8961,302521,4811
2021-06-17,San Diego,073,3302833,282452,281531,15233,296764,3771
2021-06-17,San Francisco,075,870044,37016,37243,1283,38526,556
2021-06-17,San Joaquin,077,732212,73852,73560,3556,77116,1403
2021-06-17,San Luis Obispo,079,281455,21514,21297,742,22039,257
2021-06-17,San Mateo,081,765935,42597,42615,473,43088,542
2021-06-17,Santa Barbara,083,443738,34567,34466,1119,35585,453
2021-06-17,Santa Clara,085,1922200,119264,120032,758,120790,2093
2021-06-17,Santa Cruz,087,273765,16312,16197,799,16996,208
2021-06-17,Shasta,089,179085,12544,12597,1616,14213,201
2021-06-17,Sierra,091,2930,61,56,12,68,0
2021-06-17,Siskiyou,093,43540,1962,1889,362,2251,27
2021-06-17,Solano,095,438530,33299,33296,560,33856,266
2021-06-17,Sonoma,097,501317,30722,30793,354,31147,323
2021-06-17,Stanislaus,099,539301,56935,56752,5936,62688,1012
2021-06-17,Sutter,101,95872,9586,9629,87,9716,113
2021-06-17,Tehama,103,63373,5139,5112,577,5689,63
2021-06-17,Trinity,105,12862,490,337,94,431,3
2021-06-17,Tulare,107,460477,50396,49649,8967,58616,849
2021-06-17,Tuolumne,109,53932,4066,4116,44,4160,63
2021-06-17,Ventura,111,848112,81661,81248,2978,84226,1030
2021-06-17,Yolo,113,214977,14127,14141,257,14398,212
2021-06-17,Yuba,115,75493,6173,6140,129,6269,51
2021-06-16,Alameda,001,1643700,88951,89045,1937,90982,1265
2021-06-16,Alpine,002,1148,88,88,0,88,0
2021-06-16,Amador,005,37829,3733,3730,32,3762,46
2021-06-16,Butte,007,227075,12723,12635,1870,14505,194
2021-06-16,Calaveras,009,45235,2188,2188,13,2201,55
2021-06-16,Colusa,011,21464,1961,1967,318,2285,15
2021-06-16,Contra Costa,013,1133247,70598,70136,1291,71427,810
2021-06-16,Del Norte,015,27424,1442,1413,13,1426,8
2021-06-16,El Dorado,017,186661,10423,10334,762,11096,113
2021-06-16,Fresno,019,978130,103195,102842,8642,111484,1722
2021-06-16,Glenn,021,27897,2445,2430,561,2991,19
2021-06-16,Humboldt,023,135768,4441,4427,41,4468,42
2021-06-16,Imperial,025,180216,28742,28796,2691,31487,741
2021-06-16,Inyo,027,18085,1408,1405,12,1417,35
2021-06-16,Kern,029,883053,97753,96789,10982,107771,1339
2021-06-16,Kings,031,150075,23217,23072,1081,24153,245
2021-06-16,Lake,033,64148,3571,3562,9,3571,45
2021-06-16,Lassen,035,31185,5258,5216,115,5331,19
2021-06-16,Los Angeles,037,10098052,1211116,1205102,40658,1245760,24439
2021-06-16,Madera,039,155013,16746,16603,933,17536,240
2021-06-16,Marin,041,260295,14183,14137,260,14397,229
2021-06-16,Mariposa,043,17540,439,437,11,448,5
2021-06-16,Mendocino,045,87422,4130,4041,83,4124,49
2021-06-16,Merced,047,269075,31163,31250,1036,32286,463
2021-06-16,Modoc,049,8938,407,383,144,527,3
2021-06-16,Mono,051,14174,1265,1275,17,1292,3
2021-06-16,Monterey,053,433212,43268,43122,1834,44956,416
2021-06-16,Napa,055,140530,9970,10011,35,10046,80
2021-06-16,Nevada,057,99092,4928,4894,193,5087,72
2021-06-16,Orange,059,3164182,256289,255188,11348,266536,5109
2021-06-16,Placer,061,380077,23685,23425,1517,24942,298
2021-06-16,Plumas,063,18699,715,697,11,708,4
2021-06-16,Riverside,065,2383286,295072,289539,13950,303489,4457
2021-06-16,Sacramento,067,1510023,107662,107422,1796,109218,1665
2021-06-16,San Benito,069,59416,6078,6090,113,6203,63
2021-06-16,San Bernardino,071,2135413,294123,293499,8959,302458,4797
2021-06-16,San Diego,073,3302833,282373,281423,15220,296643,3770
2021-06-16,San Francisco,075,870044,37003,37222,1281,38503,555
2021-06-16,San Joaquin,077,732212,73814,73530,3552,77082,1399
2021-06-16,San Luis Obispo,079,281455,21509,21294,742,22036,257
2021-06-16,San Mateo,081,765935,42581,42601,473,43074,542
2021-06-16,Santa Barbara,083,443738,34561,34459,1119,35578,460
2021-06-16,Santa Clara,085,1922200,119232,119982,758,120740,2087
2021-06-16,Santa Cruz,087,273765,16309,16187,799,16986,208
2021-06-16,Shasta,089,179085,12539,12592,1615,14207,200
2021-06-16,Sierra,091,2930,61,56,12,68,0
2021-06-16,Siskiyou,093,43540,1961,1886,362,2248,26
2021-06-16,Solano,095,438530,33271,33276,560,33836,266
2021-06-16,Sonoma,097,501317,30686,30741,354,31095,323
2021-06-16,Stanislaus,099,539301,56904,56738,5934,62672,984
2021-06-16,Sutter,101,95872,9582,9620,87,9707,113
2021-06-16,Tehama,103,63373,5137,5106,577,5683,63
2021-06-16,Trinity,105,12862,489,332,94,426,3
2021-06-16,Tulare,107,460477,50391,49578,8963,58541,849
2021-06-16,Tuolumne,109,53932,4066,4110,44,4154,63
2021-06-16,Ventura,111,848112,81647,81229,2976,84205,1029
2021-06-16,Yolo,113,214977,14118,14135,256,14391,212
2021-06-16,Yuba,115,75493,6163,6134,129,6263,51
2021-06-15,Alameda,001,1643700,88910,89008,1937,90945,1262
2021-06-15,Alpine,002,1148,88,88,0,88,0
2021-06-15,Amador,005,37829,3730,3723,32,3755,46
2021-06-15,Butte,007,227075,12715,12620,1869,14489,194
2021-06-15,Calaveras,009,45235,2187,2188,13,2201,55
2021-06-15,Colusa,011,21464,1961,1967,316,2283,15
2021-06-15,Contra Costa,013,1133247,70536,70101,1291,71392,810
2021-06-15,Del Norte,015,27424,1441,1411,13,1424,8
2021-06-15,El Dorado,017,186661,10414,10330,762,11092,113
2021-06-15,Fresno,019,978130,103163,102828,8641,111469,1722
2021-06-15,Glenn,021,27897,2444,2426,561,2987,19
2021-06-15,Humboldt,023,135768,4432,4414,40,4454,42
2021-06-15,Imperial,025,180216,28736,28789,2691,31480,741
2021-06-15,Inyo,027,18085,1408,1405,12,1417,35
2021-06-15,Kern,029,883053,97725,96782,10974,107756,1338
2021-06-15,Kings,031,150075,23211,23070,1079,24149,245
2021-06-15,Lake,033,64148,3570,3559,9,3568,45
2021-06-15,Lassen,035,31185,5257,5211,115,5326,19
2021-06-15,Los Angeles,037,10098052,1210891,1204926,40650,1245576,24435
2021-06-15,Madera,039,155013,16739,16600,932,17532,240
2021-06-15,Marin,041,260295,14175,14135,260,14395,229
2021-06-15,Mariposa,043,17540,439,437,11,448,5
2021-06-15,Mendocino,045,87422,4123,4034,83,4117,49
2021-06-15,Merced,047,269075,31157,31244,1036,32280,461
2021-06-15,Modoc,049,8938,406,383,144,527,3
2021-06-15,Mono,051,14174,1265,1275,17,1292,3
2021-06-15,Monterey,053,433212,43262,43118,1834,44952,416
2021-06-15,Napa,055,140530,9968,10010,35,10045,80
2021-06-15,Nevada,057,99092,4925,4888,193,5081,72
2021-06-15,Orange,059,3164182,256248,255127,11339,266466,5105
2021-06-15,Placer,061,380077,23663,23396,1516,24912,298
2021-06-15,Plumas,063,18699,714,697,11,708,4
2021-06-15,Riverside,065,2383286,295012,289508,13946,303454,4455
2021-06-15,Sacramento,067,1510023,107587,107370,1790,109160,1662
2021-06-15,San Benito,069,59416,6077,6089,113,6202,63
2021-06-15,San Bernardino,071,2135413,294073,293463,8953,302416,4790
2021-06-15,San Diego,073,3302833,282289,281375,15205,296580,3770
2021-06-15,San Francisco,075,870044,36994,37210,1280,38490,555
2021-06-15,San Joaquin,077,732212,73774,73494,3547,77041,1399
2021-06-15,San Luis Obispo,079,281455,21504,21293,741,22034,257
2021-06-15,San Mateo,081,765935,42568,42593,473,43066,543
2021-06-15,Santa Barbara,083,443738,34556,34451,1119,35570,460
2021-06-15,Santa Clara,085,1922200,119194,119963,758,120721,2086
2021-06-15,Santa Cruz,087,273765,16303,16180,798,16978,208
2021-06-15,Shasta,089,179085,12533,12583,1615,14198,201
2021-06-15,Sierra,091,2930,60,55,12,67,0
2021-06-15,Siskiyou,093,43540,1960,1887,362,2249,26
2021-06-15,Solano,095,438530,33252,33264,560,33824,266
2021-06-15,Sonoma,097,501317,30647,30707,353,31060,323
2021-06-15,Stanislaus,099,539301,56876,56724,5931,62655,979
2021-06-15,Sutter,101,95872,9573,9616,87,9703,113
2021-06-15,Tehama,103,63373,5135,5102,577,5679,63
2021-06-15,Trinity,105,12862,488,332,93,425,3
2021-06-15,Tulare,107,460477,50385,49561,8960,58521,848
2021-06-15,Tuolumne,109,53932,4066,4111,44,4155,63
2021-06-15,Ventura,111,848112,81636,81215,2973,84188,1029
2021-06-15,Yolo,113,214977,14114,14127,254,14381,212
2021-06-15,Yuba,115,75493,6152,6130,129,6259,51
2021-06-14,Alameda,001,1643700,88862,88966,1937,90903,1264
2021-06-14,Alpine,002,1148,88,88,0,88,0
2021-06-14,Amador,005,37829,3729,3722,32,3754,46
2021-06-14,Butte,007,227075,12704,12613,1865,14478,194
2021-06-14,Calaveras,009,45235,2186,2190,13,2203,55
2021-06-14,Colusa,011,21464,1960,1966,316,2282,15
2021-06-14,Contra Costa,013,1133247,70483,70069,1289,71358,810
2021-06-14,Del Norte,015,27424,1441,1411,13,1424,8
2021-06-14,El Dorado,017,186661,10405,10327,760,11087,113
2021-06-14,Fresno,019,978130,103141,102812,8639,111451,1719
2021-06-14,Glenn,021,27897,2444,2426,561,2987,19
2021-06-14,Humboldt,023,135768,4424,4407,39,4446,42
2021-06-14,Imperial,025,180216,28724,28836,2691,31527,741
2021-06-14,Inyo,027,18085,1407,1405,12,1417,35
2021-06-14,Kern,029,883053,97705,96760,10964,107724,1337
2021-06-14,Kings,031,150075,23208,23071,1078,24149,245
2021-06-14,Lake,033,64148,3569,3557,9,3566,45
2021-06-14,Lassen,035,31185,5254,5209,114,5323,19
2021-06-14,Los Angeles,037,10098052,1210649,1204748,40640,1245388,24434
2021-06-14,Madera,039,155013,16733,16597,931,17528,240
2021-06-14,Marin,041,260295,14173,14133,260,14393,229
2021-06-14,Mariposa,043,17540,438,437,11,448,5
2021-06-14,Mendocino,045,87422,4117,4028,83,4111,49
2021-06-14,Merced,047,269075,31148,31241,1035,32276,461
2021-06-14,Modoc,049,8938,397,382,142,524,3
2021-06-14,Mono,051,14174,1265,1275,17,1292,3
2021-06-14,Monterey,053,433212,43259,43110,1834,44944,415
2021-06-14,Napa,055,140530,9964,10000,35,10035,80
2021-06-14,Nevada,057,99092,4918,4885,193,5078,72
2021-06-14,Orange,059,3164182,256210,255069,11335,266404,5103
2021-06-14,Placer,061,380077,23638,23379,1515,24894,298
2021-06-14,Plumas,063,18699,714,696,11,707,4
2021-06-14,Riverside,065,2383286,294958,289476,13946,303422,4453
2021-06-14,Sacramento,067,1510023,107532,107334,1784,109118,1661
2021-06-14,San Benito,069,59416,6077,6087,113,6200,63
2021-06-14,San Bernardino,071,2135413,294017,293446,8949,302395,4790
2021-06-14,San Diego,073,3302833,282183,281314,15185,296499,3770
2021-06-14,San Francisco,075,870044,36980,37206,1280,38486,555
2021-06-14,San Joaquin,077,732212,73745,73453,3547,77000,1398
2021-06-14,San Luis Obispo,079,281455,21502,21302,741,22043,256
2021-06-14,San Mateo,081,765935,42555,42619,472,43091,543
2021-06-14,Santa Barbara,083,443738,34553,34449,1119,35568,460
2021-06-14,Santa Clara,085,1922200,119163,119957,757,120714,2085
2021-06-14,Santa Cruz,087,273765,16300,16175,798,16973,208
2021-06-14,Shasta,089,179085,12522,12561,1612,14173,201
2021-06-14,Sierra,091,2930,59,55,12,67,0
2021-06-14,Siskiyou,093,43540,1960,1886,362,2248,26
2021-06-14,Solano,095,438530,33235,33243,559,33802,266
2021-06-14,Sonoma,097,501317,30615,30679,352,31031,323
2021-06-14,Stanislaus,099,539301,56839,56689,5928,62617,975
2021-06-14,Sutter,101,95872,9570,9607,87,9694,112
2021-06-14,Tehama,103,63373,5133,5102,577,5679,63
2021-06-14,Trinity,105,12862,488,332,93,425,3
2021-06-14,Tulare,107,460477,50380,49538,8957,58495,848
2021-06-14,Tuolumne,109,53932,4063,4108,44,4152,63
2021-06-14,Ventura,111,848112,81626,81209,2973,84182,1028
2021-06-14,Yolo,113,214977,14106,14123,254,14377,212
2021-06-14,Yuba,115,75493,6145,6127,129,6256,50
2021-06-13,Alameda,001,1643700,88804,88947,1936,90883,1264
2021-06-13,Alpine,002,1148,87,88,0,88,0
2021-06-13,Amador,005,37829,3725,3721,32,3753,46
2021-06-13,Butte,007,227075,12693,12586,1862,14448,194
2021-06-13,Calaveras,009,45235,2186,2189,13,2202,55
2021-06-13,Colusa,011,21464,1960,1965,315,2280,15
2021-06-13,Contra Costa,013,1133247,70430,70040,1287,71327,810
2021-06-13,Del Norte,015,27424,1439,1412,13,1425,8
2021-06-13,El Dorado,017,186661,10396,10324,760,11084,113
2021-06-13,Fresno,019,978130,103111,102795,8634,111429,1719
2021-06-13,Glenn,021,27897,2443,2425,559,2984,19
2021-06-13,Humboldt,023,135768,4411,4401,39,4440,42
2021-06-13,Imperial,025,180216,28715,28800,2691,31491,741
2021-06-13,Inyo,027,18085,1407,1405,12,1417,35
2021-06-13,Kern,029,883053,97681,96743,10952,107695,1337
2021-06-13,Kings,031,150075,23203,23069,1077,24146,245
2021-06-13,Lake,033,64148,3569,3556,9,3565,45
2021-06-13,Lassen,035,31185,5249,5209,114,5323,19
2021-06-13,Los Angeles,037,10098052,1210381,1204614,40629,1245243,24433
2021-06-13,Madera,039,155013,16719,16590,931,17521,240
2021-06-13,Marin,041,260295,14167,14126,260,14386,229
2021-06-13,Mariposa,043,17540,438,434,11,445,5
2021-06-13,Mendocino,045,87422,4110,4026,83,4109,49
2021-06-13,Merced,047,269075,31142,31240,1034,32274,461
2021-06-13,Modoc,049,8938,395,382,140,522,3
2021-06-13,Mono,051,14174,1265,1275,17,1292,3
2021-06-13,Monterey,053,433212,43251,43108,1834,44942,415
2021-06-13,Napa,055,140530,9958,9995,35,10030,80
2021-06-13,Nevada,057,99092,4913,4883,193,5076,72
2021-06-13,Orange,059,3164182,256155,255043,11332,266375,5103
2021-06-13,Placer,061,380077,23612,23365,1513,24878,295
2021-06-13,Plumas,063,18699,713,696,11,707,4
2021-06-13,Riverside,065,2383286,294891,289447,13943,303390,4453
2021-06-13,Sacramento,067,1510023,107456,107289,1781,109070,1658
2021-06-13,San Benito,069,59416,6077,6086,113,6199,63
2021-06-13,San Bernardino,071,2135413,293965,293416,8944,302360,4788
2021-06-13,San Diego,073,3302833,282104,281268,15169,296437,3770
2021-06-13,San Francisco,075,870044,36968,37197,1280,38477,555
2021-06-13,San Joaquin,077,732212,73710,73438,3545,76983,1398
2021-06-13,San Luis Obispo,079,281455,21496,21298,740,22038,256
2021-06-13,San Mateo,081,765935,42542,42611,472,43083,542
2021-06-13,Santa Barbara,083,443738,34542,34449,1118,35567,460
2021-06-13,Santa Clara,085,1922200,119139,119946,757,120703,2085
2021-06-13,Santa Cruz,087,273765,16293,16172,798,16970,208
2021-06-13,Shasta,089,179085,12513,12560,1611,14171,201
2021-06-13,Sierra,091,2930,59,55,12,67,0
2021-06-13,Siskiyou,093,43540,1959,1885,362,2247,26
2021-06-13,Solano,095,438530,33214,33234,559,33793,266
2021-06-13,Sonoma,097,501317,30580,30663,350,31013,323
2021-06-13,Stanislaus,099,539301,56813,56671,5925,62596,975
2021-06-13,Sutter,101,95872,9563,9603,87,9690,112
2021-06-13,Tehama,103,63373,5131,5100,577,5677,63
2021-06-13,Trinity,105,12862,487,332,93,425,3
2021-06-13,Tulare,107,460477,50371,49537,8952,58489,848
2021-06-13,Tuolumne,109,53932,4061,4107,43,4150,63
2021-06-13,Ventura,111,848112,81612,81201,2973,84174,1028
2021-06-13,Yolo,113,214977,14097,14120,252,14372,212
2021-06-13,Yuba,115,75493,6138,6125,129,6254,50
2021-06-12,Alameda,001,1643700,88777,88901,1936,90837,1271
2021-06-12,Alpine,002,1148,87,88,0,88,0
2021-06-12,Amador,005,37829,3724,3721,32,3753,46
2021-06-12,Butte,007,227075,12689,12576,1861,14437,194
2021-06-12,Calaveras,009,45235,2186,2189,13,2202,55
2021-06-12,Colusa,011,21464,1960,1965,315,2280,15
2021-06-12,Contra Costa,013,1133247,70399,69989,1285,71274,810
2021-06-12,Del Norte,015,27424,1439,1412,13,1425,8
2021-06-12,El Dorado,017,186661,10391,10320,759,11079,113
2021-06-12,Fresno,019,978130,103101,102783,8633,111416,1720
2021-06-12,Glenn,021,27897,2441,2425,559,2984,19
2021-06-12,Humboldt,023,135768,4403,4396,39,4435,42
2021-06-12,Imperial,025,180216,28712,28799,2691,31490,741
2021-06-12,Inyo,027,18085,1407,1405,12,1417,35
2021-06-12,Kern,029,883053,97666,96731,10948,107679,1337
2021-06-12,Kings,031,150075,23201,23067,1077,24144,245
2021-06-12,Lake,033,64148,3568,3552,9,3561,45
2021-06-12,Lassen,035,31185,5249,5208,114,5322,19
2021-06-12,Los Angeles,037,10098052,1210244,1204439,40623,1245062,24434
2021-06-12,Madera,039,155013,16715,16586,931,17517,240
2021-06-12,Marin,041,260295,14164,14121,260,14381,229
2021-06-12,Mariposa,043,17540,438,434,11,445,5
2021-06-12,Mendocino,045,87422,4107,4024,83,4107,49
2021-06-12,Merced,047,269075,31139,31236,1034,32270,461
2021-06-12,Modoc,049,8938,394,382,140,522,3
2021-06-12,Mono,051,14174,1265,1275,17,1292,3
2021-06-12,Monterey,053,433212,43246,43103,1834,44937,415
2021-06-12,Napa,055,140530,9954,9986,35,10021,80
2021-06-12,Nevada,057,99092,4907,4878,193,5071,72
2021-06-12,Orange,059,3164182,256123,255004,11330,266334,5103
2021-06-12,Placer,061,380077,23593,23345,1513,24858,295
2021-06-12,Plumas,063,18699,713,696,11,707,4
2021-06-12,Riverside,065,2383286,294849,289413,13940,303353,4453
2021-06-12,Sacramento,067,1510023,107397,107199,1778,108977,1658
2021-06-12,San Benito,069,59416,6075,6083,113,6196,63
2021-06-12,San Bernardino,071,2135413,293930,293375,8942,302317,4788
2021-06-12,San Diego,073,3302833,282047,281203,15160,296363,3770
2021-06-12,San Francisco,075,870044,36958,37189,1280,38469,555
2021-06-12,San Joaquin,077,732212,73691,73413,3544,76957,1398
2021-06-12,San Luis Obispo,079,281455,21493,21293,740,22033,256
2021-06-12,San Mateo,081,765935,42536,42604,472,43076,542
2021-06-12,Santa Barbara,083,443738,34537,34450,1118,35568,460
2021-06-12,Santa Clara,085,1922200,119099,119894,757,120651,2085
2021-06-12,Santa Cruz,087,273765,16285,16170,798,16968,208
2021-06-12,Shasta,089,179085,12510,12556,1610,14166,201
2021-06-12,Sierra,091,2930,59,55,12,67,0
2021-06-12,Siskiyou,093,43540,1958,1884,362,2246,25
2021-06-12,Solano,095,438530,33205,33219,559,33778,266
2021-06-12,Sonoma,097,501317,30551,30647,350,30997,323
2021-06-12,Stanislaus,099,539301,56796,56649,5924,62573,974
2021-06-12,Sutter,101,95872,9559,9603,87,9690,112
2021-06-12,Tehama,103,63373,5131,5099,576,5675,63
2021-06-12,Trinity,105,12862,487,332,93,425,3
2021-06-12,Tulare,107,460477,50366,49533,8945,58478,848
2021-06-12,Tuolumne,109,53932,4060,4105,43,4148,63
2021-06-12,Ventura,111,848112,81600,81197,2973,84170,1028
2021-06-12,Yolo,113,214977,14094,14118,251,14369,212
2021-06-12,Yuba,115,75493,6133,6120,129,6249,50
2021-06-11,Alameda,001,1643700,88749,88844,1936,90780,1278
2021-06-11,Alpine,002,1148,87,88,0,88,0
2021-06-11,Amador,005,37829,3723,3710,32,3742,46
2021-06-11,Butte,007,227075,12685,12576,1859,14435,194
2021-06-11,Calaveras,009,45235,2186,2188,13,2201,55
2021-06-11,Colusa,011,21464,1959,1964,315,2279,15
2021-06-11,Contra Costa,013,1133247,70366,69940,1283,71223,808
2021-06-11,Del Norte,015,27424,1439,1409,13,1422,8
2021-06-11,El Dorado,017,186661,10388,10316,759,11075,113
2021-06-11,Fresno,019,978130,103082,102770,8632,111402,1720
2021-06-11,Glenn,021,27897,2441,2425,559,2984,19
2021-06-11,Humboldt,023,135768,4399,4389,39,4428,42
2021-06-11,Imperial,025,180216,28707,28793,2691,31484,741
2021-06-11,Inyo,027,18085,1407,1405,12,1417,35
2021-06-11,Kern,029,883053,97654,96718,10945,107663,1340
2021-06-11,Kings,031,150075,23197,23069,1076,24145,245
2021-06-11,Lake,033,64148,3567,3550,9,3559,45
2021-06-11,Lassen,035,31185,5248,5204,114,5318,18
2021-06-11,Los Angeles,037,10098052,1210094,1204259,40608,1244867,24434
2021-06-11,Madera,039,155013,16712,16582,931,17513,240
2021-06-11,Marin,041,260295,14161,14116,260,14376,229
2021-06-11,Mariposa,043,17540,438,434,11,445,5
2021-06-11,Mendocino,045,87422,4104,4022,83,4105,49
2021-06-11,Merced,047,269075,31134,31231,1034,32265,461
2021-06-11,Modoc,049,8938,394,382,139,521,3
2021-06-11,Mono,051,14174,1265,1274,17,1291,3
2021-06-11,Monterey,053,433212,43242,43097,1834,44931,415
2021-06-11,Napa,055,140530,9951,9977,35,10012,80
2021-06-11,Nevada,057,99092,4905,4873,193,5066,72
2021-06-11,Orange,059,3164182,256089,254975,11327,266302,5101
2021-06-11,Placer,061,380077,23588,23330,1513,24843,294
2021-06-11,Plumas,063,18699,713,696,11,707,4
2021-06-11,Riverside,065,2383286,294811,289376,13935,303311,4451
2021-06-11,Sacramento,067,1510023,107338,107119,1777,108896,1659
2021-06-11,San Benito,069,59416,6074,6082,113,6195,63
2021-06-11,San Bernardino,071,2135413,293894,293335,8938,302273,4788
2021-06-11,San Diego,073,3302833,282007,281144,15153,296297,3768
2021-06-11,San Francisco,075,870044,36953,37177,1280,38457,555
2021-06-11,San Joaquin,077,732212,73674,73347,3541,76888,1397
2021-06-11,San Luis Obispo,079,281455,21492,21288,740,22028,256
2021-06-11,San Mateo,081,765935,42522,42585,472,43057,542
2021-06-11,Santa Barbara,083,443738,34534,34438,1118,35556,460
2021-06-11,Santa Clara,085,1922200,119079,119860,757,120617,2083
2021-06-11,Santa Cruz,087,273765,16277,16164,798,16962,208
2021-06-11,Shasta,089,179085,12502,12550,1608,14158,201
2021-06-11,Sierra,091,2930,59,55,12,67,0
2021-06-11,Siskiyou,093,43540,1957,1882,362,2244,25
2021-06-11,Solano,095,438530,33185,33179,558,33737,266
2021-06-11,Sonoma,097,501317,30533,30624,350,30974,323
2021-06-11,Stanislaus,099,539301,56770,56617,5920,62537,974
2021-06-11,Sutter,101,95872,9556,9600,86,9686,112
2021-06-11,Tehama,103,63373,5130,5099,576,5675,63
2021-06-11,Trinity,105,12862,487,331,93,424,3
2021-06-11,Tulare,107,460477,50360,49516,8944,58460,848
2021-06-11,Tuolumne,109,53932,4057,4104,43,4147,63
2021-06-11,Ventura,111,848112,81590,81189,2973,84162,1026
2021-06-11,Yolo,113,214977,14087,14111,247,14358,212
2021-06-11,Yuba,115,75493,6129,6113,129,6242,50
2021-06-10,Alameda,001,1643700,88705,88806,1935,90741,1275
2021-06-10,Alpine,002,1148,87,88,0,88,0
2021-06-10,Amador,005,37829,3719,3709,32,3741,46
2021-06-10,Butte,007,227075,12668,12565,1859,14424,194
2021-06-10,Calaveras,009,45235,2185,2188,13,2201,55
2021-06-10,Colusa,011,21464,1957,1964,315,2279,15
2021-06-10,Contra Costa,013,1133247,70312,69876,1283,71159,807
2021-06-10,Del Norte,015,27424,1439,1405,13,1418,8
2021-06-10,El Dorado,017,186661,10381,10314,755,11069,113
2021-06-10,Fresno,019,978130,103056,102724,8631,111355,1717
2021-06-10,Glenn,021,27897,2441,2425,559,2984,19
2021-06-10,Humboldt,023,135768,4391,4384,39,4423,42
2021-06-10,Imperial,025,180216,28701,28779,2691,31470,739
2021-06-10,Inyo,027,18085,1407,1405,12,1417,35
2021-06-10,Kern,029,883053,97640,96706,10940,107646,1336
2021-06-10,Kings,031,150075,23196,23067,1076,24143,245
2021-06-10,Lake,033,64148,3562,3550,9,3559,45
2021-06-10,Lassen,035,31185,5246,5201,114,5315,18
2021-06-10,Los Angeles,037,10098052,1209928,1204110,40593,1244703,24440
2021-06-10,Madera,039,155013,16705,16581,930,17511,240
2021-06-10,Marin,041,260295,14158,14118,260,14378,229
2021-06-10,Mariposa,043,17540,436,434,11,445,5
2021-06-10,Mendocino,045,87422,4099,4016,83,4099,48
2021-06-10,Merced,047,269075,31126,31231,1031,32262,461
2021-06-10,Modoc,049,8938,393,381,139,520,3
2021-06-10,Mono,051,14174,1264,1274,17,1291,3
2021-06-10,Monterey,053,433212,43236,43090,1834,44924,415
2021-06-10,Napa,055,140530,9950,9974,35,10009,80
2021-06-10,Nevada,057,99092,4900,4866,193,5059,72
2021-06-10,Orange,059,3164182,256060,254950,11320,266270,5097
2021-06-10,Placer,061,380077,23575,23296,1513,24809,293
2021-06-10,Plumas,063,18699,713,696,11,707,4
2021-06-10,Riverside,065,2383286,294769,289335,13930,303265,4450
2021-06-10,Sacramento,067,1510023,107276,107049,1777,108826,1658
2021-06-10,San Benito,069,59416,6074,6079,113,6192,63
2021-06-10,San Bernardino,071,2135413,293853,293281,8935,302216,4782
2021-06-10,San Diego,073,3302833,281949,281052,15136,296188,3766
2021-06-10,San Francisco,075,870044,36943,37159,1278,38437,552
2021-06-10,San Joaquin,077,732212,73640,73276,3540,76816,1393
2021-06-10,San Luis Obispo,079,281455,21489,21280,740,22020,256
2021-06-10,San Mateo,081,765935,42515,42562,472,43034,666
2021-06-10,Santa Barbara,083,443738,34530,34434,1118,35552,460
2021-06-10,Santa Clara,085,1922200,119044,119832,756,120588,2075
2021-06-10,Santa Cruz,087,273765,16276,16159,798,16957,208
2021-06-10,Shasta,089,179085,12492,12536,1608,14144,201
2021-06-10,Sierra,091,2930,58,55,12,67,0
2021-06-10,Siskiyou,093,43540,1957,1881,362,2243,25
2021-06-10,Solano,095,438530,33168,33150,557,33707,265
2021-06-10,Sonoma,097,501317,30497,30571,348,30919,323
2021-06-10,Stanislaus,099,539301,56749,56588,5916,62504,974
2021-06-10,Sutter,101,95872,9549,9594,86,9680,112
2021-06-10,Tehama,103,63373,5130,5096,576,5672,63
2021-06-10,Trinity,105,12862,487,331,93,424,3
2021-06-10,Tulare,107,460477,50352,49503,8944,58447,848
2021-06-10,Tuolumne,109,53932,4057,4100,43,4143,63
2021-06-10,Ventura,111,848112,81579,81172,2972,84144,1026
2021-06-10,Yolo,113,214977,14084,14107,247,14354,212
2021-06-10,Yuba,115,75493,6125,6112,129,6241,50
2021-06-09,Alameda,001,1643700,88661,88762,1934,90696,1271
2021-06-09,Alpine,002,1148,87,88,0,88,0
2021-06-09,Amador,005,37829,3715,3706,32,3738,46
2021-06-09,Butte,007,227075,12662,12555,1857,14412,194
2021-06-09,Calaveras,009,45235,2183,2184,13,2197,55
2021-06-09,Colusa,011,21464,1957,1962,314,2276,15
2021-06-09,Contra Costa,013,1133247,70275,69829,1282,71111,803
2021-06-09,Del Norte,015,27424,1435,1403,13,1416,8
2021-06-09,El Dorado,017,186661,10378,10312,754,11066,113
2021-06-09,Fresno,019,978130,103036,102690,8627,111317,1717
2021-06-09,Glenn,021,27897,2440,2424,559,2983,19
2021-06-09,Humboldt,023,135768,4386,4379,38,4417,42
2021-06-09,Imperial,025,180216,28698,28754,2691,31445,739
2021-06-09,Inyo,027,18085,1407,1405,12,1417,35
2021-06-09,Kern,029,883053,97626,96697,10931,107628,1328
2021-06-09,Kings,031,150075,23194,23061,1076,24137,245
2021-06-09,Lake,033,64148,3559,3541,9,3550,45
2021-06-09,Lassen,035,31185,5245,5200,114,5314,18
2021-06-09,Los Angeles,037,10098052,1209740,1203955,40580,1244535,24432
2021-06-09,Madera,039,155013,16700,16580,930,17510,240
2021-06-09,Marin,041,260295,14153,14114,260,14374,229
2021-06-09,Mariposa,043,17540,436,434,11,445,5
2021-06-09,Mendocino,045,87422,4093,4008,83,4091,47
2021-06-09,Merced,047,269075,31122,31225,1031,32256,461
2021-06-09,Modoc,049,8938,391,377,138,515,3
2021-06-09,Mono,051,14174,1264,1274,17,1291,3
2021-06-09,Monterey,053,433212,43229,43082,1834,44916,415
2021-06-09,Napa,055,140530,9944,9971,35,10006,80
2021-06-09,Nevada,057,99092,4890,4863,192,5055,72
2021-06-09,Orange,059,3164182,256016,254893,11315,266208,5080
2021-06-09,Placer,061,380077,23556,23237,1513,24750,293
2021-06-09,Plumas,063,18699,712,697,11,708,4
2021-06-09,Riverside,065,2383286,294723,289299,13928,303227,4450
2021-06-09,Sacramento,067,1510023,107213,106971,1774,108745,1657
2021-06-09,San Benito,069,59416,6071,6078,113,6191,63
2021-06-09,San Bernardino,071,2135413,293811,293222,8935,302157,4782
2021-06-09,San Diego,073,3302833,281885,280941,15124,296065,3765
2021-06-09,San Francisco,075,870044,36929,37143,1277,38420,552
2021-06-09,San Joaquin,077,732212,73614,73232,3540,76772,1392
2021-06-09,San Luis Obispo,079,281455,21488,21259,740,21999,256
2021-06-09,San Mateo,081,765935,42499,42502,471,42973,666
2021-06-09,Santa Barbara,083,443738,34519,34422,1118,35540,460
2021-06-09,Santa Clara,085,1922200,119007,119793,755,120548,2068
2021-06-09,Santa Cruz,087,273765,16273,16155,798,16953,208
2021-06-09,Shasta,089,179085,12482,12521,1606,14127,201
2021-06-09,Sierra,091,2930,57,55,12,67,0
2021-06-09,Siskiyou,093,43540,1956,1871,362,2233,25
2021-06-09,Solano,095,438530,33152,33137,556,33693,264
2021-06-09,Sonoma,097,501317,30475,30540,348,30888,323
2021-06-09,Stanislaus,099,539301,56729,56560,5913,62473,974
2021-06-09,Sutter,101,95872,9540,9586,85,9671,111
2021-06-09,Tehama,103,63373,5129,5093,576,5669,63
2021-06-09,Trinity,105,12862,486,331,93,424,3
2021-06-09,Tulare,107,460477,50348,49496,8942,58438,847
2021-06-09,Tuolumne,109,53932,4054,4100,43,4143,63
2021-06-09,Ventura,111,848112,81569,81154,2971,84125,1026
2021-06-09,Yolo,113,214977,14082,14102,246,14348,212
2021-06-09,Yuba,115,75493,6121,6109,129,6238,50
2021-06-08,Alameda,001,1643700,88613,88731,1934,90665,1267
2021-06-08,Alpine,002,1148,87,88,0,88,0
2021-06-08,Amador,005,37829,3714,3704,32,3736,46
2021-06-08,Butte,007,227075,12656,12540,1855,14395,194
2021-06-08,Calaveras,009,45235,2182,2181,13,2194,55
2021-06-08,Colusa,011,21464,1957,1961,314,2275,15
2021-06-08,Contra Costa,013,1133247,70227,69762,1281,71043,803
2021-06-08,Del Norte,015,27424,1433,1402,13,1415,8
2021-06-08,El Dorado,017,186661,10373,10306,752,11058,113
2021-06-08,Fresno,019,978130,103011,102680,8625,111305,1717
2021-06-08,Glenn,021,27897,2439,2423,559,2982,19
2021-06-08,Humboldt,023,135768,4381,4363,38,4401,42
2021-06-08,Imperial,025,180216,28689,28752,2691,31443,738
2021-06-08,Inyo,027,18085,1407,1405,12,1417,35
2021-06-08,Kern,029,883053,97607,96671,10924,107595,1325
2021-06-08,Kings,031,150075,23193,23036,1076,24112,245
2021-06-08,Lake,033,64148,3558,3540,9,3549,45
2021-06-08,Lassen,035,31185,5245,5200,114,5314,18
2021-06-08,Los Angeles,037,10098052,1209542,1203794,40568,1244362,24426
2021-06-08,Madera,039,155013,16694,16579,929,17508,240
2021-06-08,Marin,041,260295,14151,14111,259,14370,229
2021-06-08,Mariposa,043,17540,436,434,11,445,5
2021-06-08,Mendocino,045,87422,4086,4002,83,4085,47
2021-06-08,Merced,047,269075,31114,31225,1031,32256,461
2021-06-08,Modoc,049,8938,385,377,137,514,3
2021-06-08,Mono,051,14174,1264,1274,17,1291,3
2021-06-08,Monterey,053,433212,43223,43078,1833,44911,415
2021-06-08,Napa,055,140530,9940,9962,35,9997,80
2021-06-08,Nevada,057,99092,4885,4861,192,5053,72
2021-06-08,Orange,059,3164182,255974,254852,11308,266160,5078
2021-06-08,Placer,061,380077,23538,23209,1509,24718,293
2021-06-08,Plumas,063,18699,712,692,11,703,4
2021-06-08,Riverside,065,2383286,294687,289268,13920,303188,4452
2021-06-08,Sacramento,067,1510023,107151,106901,1771,108672,1654
2021-06-08,San Benito,069,59416,6069,6076,113,6189,63
2021-06-08,San Bernardino,071,2135413,293762,293186,8931,302117,4778
2021-06-08,San Diego,073,3302833,281822,280879,15115,295994,3764
2021-06-08,San Francisco,075,870044,36914,37134,1276,38410,552
2021-06-08,San Joaquin,077,732212,73570,73186,3535,76721,1390
2021-06-08,San Luis Obispo,079,281455,21482,21251,739,21990,255
2021-06-08,San Mateo,081,765935,42486,42488,471,42959,663
2021-06-08,Santa Barbara,083,443738,34515,34418,1118,35536,459
2021-06-08,Santa Clara,085,1922200,118986,119770,754,120524,2068
2021-06-08,Santa Cruz,087,273765,16270,16160,798,16958,208
2021-06-08,Shasta,089,179085,12467,12498,1606,14104,201
2021-06-08,Sierra,091,2930,57,55,12,67,0
2021-06-08,Siskiyou,093,43540,1954,1870,360,2230,21
2021-06-08,Solano,095,438530,33131,33130,556,33686,259
2021-06-08,Sonoma,097,501317,30449,30523,346,30869,323
2021-06-08,Stanislaus,099,539301,56702,56548,5911,62459,973
2021-06-08,Sutter,101,95872,9537,9581,85,9666,111
2021-06-08,Tehama,103,63373,5126,5093,576,5669,63
2021-06-08,Trinity,105,12862,486,330,92,422,3
2021-06-08,Tulare,107,460477,50337,49485,8938,58423,847
2021-06-08,Tuolumne,109,53932,4050,4099,43,4142,63
2021-06-08,Ventura,111,848112,81553,81142,2970,84112,1026
2021-06-08,Yolo,113,214977,14077,14099,245,14344,212
2021-06-08,Yuba,115,75493,6119,6103,129,6232,50
2021-06-07,Alameda,001,1643700,88556,88688,1934,90622,1267
2021-06-07,Alpine,002,1148,87,88,0,88,0
2021-06-07,Amador,005,37829,3704,3697,32,3729,46
2021-06-07,Butte,007,227075,12649,12533,1854,14387,194
2021-06-07,Calaveras,009,45235,2181,2181,13,2194,55
2021-06-07,Colusa,011,21464,1956,1960,314,2274,15
2021-06-07,Contra Costa,013,1133247,70170,69718,1280,70998,817
2021-06-07,Del Norte,015,27424,1433,1401,13,1414,8
2021-06-07,El Dorado,017,186661,10368,10305,752,11057,113
2021-06-07,Fresno,019,978130,102980,102659,8617,111276,1717
2021-06-07,Glenn,021,27897,2439,2423,559,2982,19
2021-06-07,Humboldt,023,135768,4373,4354,38,4392,42
2021-06-07,Imperial,025,180216,28687,28754,2691,31445,738
2021-06-07,Inyo,027,18085,1407,1404,12,1416,35
2021-06-07,Kern,029,883053,97591,96645,10917,107562,1324
2021-06-07,Kings,031,150075,23189,23023,1076,24099,244
2021-06-07,Lake,033,64148,3556,3540,9,3549,45
2021-06-07,Lassen,035,31185,5240,5198,114,5312,18
2021-06-07,Los Angeles,037,10098052,1209318,1203664,40554,1244218,24413
2021-06-07,Madera,039,155013,16687,16572,929,17501,240
2021-06-07,Marin,041,260295,14147,14108,258,14366,229
2021-06-07,Mariposa,043,17540,436,434,11,445,5
2021-06-07,Mendocino,045,87422,4080,3998,83,4081,47
2021-06-07,Merced,047,269075,31102,31212,1030,32242,459
2021-06-07,Modoc,049,8938,384,375,134,509,3
2021-06-07,Mono,051,14174,1264,1275,17,1292,3
2021-06-07,Monterey,053,433212,43216,43077,1833,44910,415
2021-06-07,Napa,055,140530,9932,9962,35,9997,80
2021-06-07,Nevada,057,99092,4883,4860,192,5052,72
2021-06-07,Orange,059,3164182,255934,254808,11300,266108,5073
2021-06-07,Placer,061,380077,23519,23176,1507,24683,293
2021-06-07,Plumas,063,18699,712,692,11,703,4
2021-06-07,Riverside,065,2383286,294644,289232,13916,303148,4451
2021-06-07,Sacramento,067,1510023,107075,106841,1768,108609,1655
2021-06-07,San Benito,069,59416,6068,6074,113,6187,63
2021-06-07,San Bernardino,071,2135413,293724,293129,8930,302059,4775
2021-06-07,San Diego,073,3302833,281740,280808,15102,295910,3764
2021-06-07,San Francisco,075,870044,36896,37122,1276,38398,552
2021-06-07,San Joaquin,077,732212,73525,73130,3528,76658,1388
2021-06-07,San Luis Obispo,079,281455,21469,21252,739,21991,255
2021-06-07,San Mateo,081,765935,42470,42479,471,42950,664
2021-06-07,Santa Barbara,083,443738,34509,34407,1118,35525,459
2021-06-07,Santa Clara,085,1922200,118954,119743,754,120497,2066
2021-06-07,Santa Cruz,087,273765,16269,16159,798,16957,208
2021-06-07,Shasta,089,179085,12453,12483,1601,14084,200
2021-06-07,Sierra,091,2930,57,55,12,67,0
2021-06-07,Siskiyou,093,43540,1954,1869,360,2229,21
2021-06-07,Solano,095,438530,33109,33124,555,33679,258
2021-06-07,Sonoma,097,501317,30413,30504,345,30849,323
2021-06-07,Stanislaus,099,539301,56669,56521,5909,62430,972
2021-06-07,Sutter,101,95872,9533,9571,85,9656,111
2021-06-07,Tehama,103,63373,5122,5092,574,5666,63
2021-06-07,Trinity,105,12862,486,329,92,421,3
2021-06-07,Tulare,107,460477,50331,49471,8938,58409,847
2021-06-07,Tuolumne,109,53932,4049,4098,43,4141,63
2021-06-07,Ventura,111,848112,81536,81137,2968,84105,1025
2021-06-07,Yolo,113,214977,14072,14097,244,14341,211
2021-06-07,Yuba,115,75493,6117,6099,126,6225,49
2021-06-06,Alameda,001,1643700,88518,88636,1933,90569,1267
2021-06-06,Alpine,002,1148,87,88,0,88,0
2021-06-06,Amador,005,37829,3701,3696,32,3728,46
2021-06-06,Butte,007,227075,12638,12527,1853,14380,194
2021-06-06,Calaveras,009,45235,2180,2181,13,2194,55
2021-06-06,Colusa,011,21464,1954,1959,314,2273,15
2021-06-06,Contra Costa,013,1133247,70105,69659,1278,70937,817
2021-06-06,Del Norte,015,27424,1428,1401,13,1414,8
2021-06-06,El Dorado,017,186661,10361,10294,752,11046,113
2021-06-06,Fresno,019,978130,102947,102642,8614,111256,1717
2021-06-06,Glenn,021,27897,2438,2423,559,2982,19
2021-06-06,Humboldt,023,135768,4362,4353,38,4391,42
2021-06-06,Imperial,025,180216,28681,28762,2691,31453,738
2021-06-06,Inyo,027,18085,1406,1404,12,1416,35
2021-06-06,Kern,029,883053,97573,96623,10910,107533,1324
2021-06-06,Kings,031,150075,23183,23021,1076,24097,244
2021-06-06,Lake,033,64148,3556,3535,9,3544,45
2021-06-06,Lassen,035,31185,5238,5191,114,5305,18
2021-06-06,Los Angeles,037,10098052,1209119,1203539,40540,1244079,24410
2021-06-06,Madera,039,155013,16680,16567,929,17496,240
2021-06-06,Marin,041,260295,14141,14106,257,14363,229
2021-06-06,Mariposa,043,17540,435,435,11,446,5
2021-06-06,Mendocino,045,87422,4076,3993,83,4076,47
2021-06-06,Merced,047,269075,31096,31215,1029,32244,459
2021-06-06,Modoc,049,8938,384,375,133,508,3
2021-06-06,Mono,051,14174,1264,1275,17,1292,3
2021-06-06,Monterey,053,433212,43211,43078,1833,44911,415
2021-06-06,Napa,055,140530,9926,9963,35,9998,80
2021-06-06,Nevada,057,99092,4876,4854,191,5045,72
2021-06-06,Orange,059,3164182,255898,254782,11295,266077,5073
2021-06-06,Placer,061,380077,23494,23156,1504,24660,293
2021-06-06,Plumas,063,18699,712,692,11,703,4
2021-06-06,Riverside,065,2383286,294605,289201,13910,303111,4451
2021-06-06,Sacramento,067,1510023,106989,106749,1767,108516,1655
2021-06-06,San Benito,069,59416,6062,6074,113,6187,63
2021-06-06,San Bernardino,071,2135413,293667,293117,8921,302038,4773
2021-06-06,San Diego,073,3302833,281660,280743,15085,295828,3764
2021-06-06,San Francisco,075,870044,36881,37118,1274,38392,552
2021-06-06,San Joaquin,077,732212,73493,73105,3524,76629,1388
2021-06-06,San Luis Obispo,079,281455,21466,21246,739,21985,255
2021-06-06,San Mateo,081,765935,42453,42457,471,42928,664
2021-06-06,Santa Barbara,083,443738,34505,34403,1117,35520,459
2021-06-06,Santa Clara,085,1922200,118932,119711,754,120465,2066
2021-06-06,Santa Cruz,087,273765,16268,16158,798,16956,208
2021-06-06,Shasta,089,179085,12438,12478,1598,14076,200
2021-06-06,Sierra,091,2930,57,55,12,67,0
2021-06-06,Siskiyou,093,43540,1951,1869,360,2229,21
2021-06-06,Solano,095,438530,33082,33093,555,33648,258
2021-06-06,Sonoma,097,501317,30381,30478,344,30822,323
2021-06-06,Stanislaus,099,539301,56633,56486,5906,62392,972
2021-06-06,Sutter,101,95872,9526,9567,85,9652,111
2021-06-06,Tehama,103,63373,5112,5092,572,5664,63
2021-06-06,Trinity,105,12862,486,328,92,420,3
2021-06-06,Tulare,107,460477,50322,49466,8933,58399,847
2021-06-06,Tuolumne,109,53932,4046,4097,43,4140,63
2021-06-06,Ventura,111,848112,81525,81130,2965,84095,1025
2021-06-06,Yolo,113,214977,14064,14089,243,14332,210
2021-06-06,Yuba,115,75493,6109,6096,126,6222,49
2021-06-05,Alameda,001,1643700,88485,88612,1933,90545,1268
2021-06-05,Alpine,002,1148,87,88,0,88,0
2021-06-05,Amador,005,37829,3701,3694,32,3726,46
2021-06-05,Butte,007,227075,12632,12514,1852,14366,194
2021-06-05,Calaveras,009,45235,2180,2181,13,2194,55
2021-06-05,Colusa,011,21464,1954,1959,314,2273,15
2021-06-05,Contra Costa,013,1133247,70076,69601,1278,70879,817
2021-06-05,Del Norte,015,27424,1428,1400,13,1413,8
2021-06-05,El Dorado,017,186661,10359,10288,751,11039,113
2021-06-05,Fresno,019,978130,102938,102626,8614,111240,1717
2021-06-05,Glenn,021,27897,2437,2423,559,2982,19
2021-06-05,Humboldt,023,135768,4357,4346,38,4384,42
2021-06-05,Imperial,025,180216,28678,28764,2691,31455,738
2021-06-05,Inyo,027,18085,1406,1405,12,1417,35
2021-06-05,Kern,029,883053,97560,96597,10906,107503,1324
2021-06-05,Kings,031,150075,23180,23017,1076,24093,244
2021-06-05,Lake,033,64148,3553,3534,9,3543,45
2021-06-05,Lassen,035,31185,5237,5191,114,5305,18
2021-06-05,Los Angeles,037,10098052,1208990,1203338,40529,1243867,24411
2021-06-05,Madera,039,155013,16676,16563,929,17492,240
2021-06-05,Marin,041,260295,14139,14101,257,14358,229
2021-06-05,Mariposa,043,17540,435,435,11,446,5
2021-06-05,Mendocino,045,87422,4073,3989,83,4072,47
2021-06-05,Merced,047,269075,31094,31212,1028,32240,459
2021-06-05,Modoc,049,8938,384,375,132,507,3
2021-06-05,Mono,051,14174,1264,1274,17,1291,3
2021-06-05,Monterey,053,433212,43207,43071,1832,44903,415
2021-06-05,Napa,055,140530,9921,9960,35,9995,80
2021-06-05,Nevada,057,99092,4874,4849,191,5040,72
2021-06-05,Orange,059,3164182,255874,254752,11292,266044,5069
2021-06-05,Placer,061,380077,23478,23133,1504,24637,293
2021-06-05,Plumas,063,18699,712,692,11,703,4
2021-06-05,Riverside,065,2383286,294570,289157,13906,303063,4451
2021-06-05,Sacramento,067,1510023,106937,106688,1765,108453,1655
2021-06-05,San Benito,069,59416,6060,6074,113,6187,63
2021-06-05,San Bernardino,071,2135413,293634,293081,8920,302001,4772
2021-06-05,San Diego,073,3302833,281619,280676,15072,295748,3764
2021-06-05,San Francisco,075,870044,36872,37111,1274,38385,552
2021-06-05,San Joaquin,077,732212,73477,73078,3518,76596,1388
2021-06-05,San Luis Obispo,079,281455,21463,21236,739,21975,255
2021-06-05,San Mateo,081,765935,42443,42433,471,42904,664
2021-06-05,Santa Barbara,083,443738,34502,34399,1116,35515,459
2021-06-05,Santa Clara,085,1922200,118910,119676,752,120428,2066
2021-06-05,Santa Cruz,087,273765,16268,16154,798,16952,208
2021-06-05,Shasta,089,179085,12428,12472,1597,14069,200
2021-06-05,Sierra,091,2930,57,55,12,67,0
2021-06-05,Siskiyou,093,43540,1951,1867,360,2227,21
2021-06-05,Solano,095,438530,33067,33074,555,33629,257
2021-06-05,Sonoma,097,501317,30354,30450,342,30792,323
2021-06-05,Stanislaus,099,539301,56624,56463,5904,62367,973
2021-06-05,Sutter,101,95872,9523,9559,85,9644,111
2021-06-05,Tehama,103,63373,5111,5092,571,5663,63
2021-06-05,Trinity,105,12862,486,328,92,420,3
2021-06-05,Tulare,107,460477,50316,49463,8933,58396,847
2021-06-05,Tuolumne,109,53932,4044,4098,43,4141,63
2021-06-05,Ventura,111,848112,81516,81119,2963,84082,1025
2021-06-05,Yolo,113,214977,14062,14088,243,14331,210
2021-06-05,Yuba,115,75493,6108,6087,126,6213,49
2021-06-04,Alameda,001,1643700,88458,88585,1930,90515,1263
2021-06-04,Alpine,002,1148,87,88,0,88,0
2021-06-04,Amador,005,37829,3701,3690,32,3722,46
2021-06-04,Butte,007,227075,12621,12494,1849,14343,193
2021-06-04,Calaveras,009,45235,2180,2179,13,2192,55
2021-06-04,Colusa,011,21464,1954,1959,314,2273,15
2021-06-04,Contra Costa,013,1133247,70041,69540,1275,70815,816
2021-06-04,Del Norte,015,27424,1428,1398,13,1411,8
2021-06-04,El Dorado,017,186661,10355,10284,749,11033,112
2021-06-04,Fresno,019,978130,102922,102601,8614,111215,1712
2021-06-04,Glenn,021,27897,2437,2423,558,2981,19
2021-06-04,Humboldt,023,135768,4352,4327,38,4365,42
2021-06-04,Imperial,025,180216,28674,28753,2691,31444,738
2021-06-04,Inyo,027,18085,1406,1404,12,1416,35
2021-06-04,Kern,029,883053,97542,96573,10904,107477,1327
2021-06-04,Kings,031,150075,23179,23002,1076,24078,244
2021-06-04,Lake,033,64148,3551,3528,9,3537,45
2021-06-04,Lassen,035,31185,5237,5180,114,5294,18
2021-06-04,Los Angeles,037,10098052,1208869,1203106,40520,1243626,24400
2021-06-04,Madera,039,155013,16674,16557,929,17486,240
2021-06-04,Marin,041,260295,14138,14099,256,14355,229
2021-06-04,Mariposa,043,17540,435,435,11,446,5
2021-06-04,Mendocino,045,87422,4064,3983,83,4066,47
2021-06-04,Merced,047,269075,31089,31204,1027,32231,459
2021-06-04,Modoc,049,8938,382,375,132,507,3
2021-06-04,Mono,051,14174,1264,1275,17,1292,3
2021-06-04,Monterey,053,433212,43203,43068,1832,44900,415
2021-06-04,Napa,055,140530,9917,9958,35,9993,80
2021-06-04,Nevada,057,99092,4870,4844,191,5035,72
2021-06-04,Orange,059,3164182,255837,254730,11288,266018,5059
2021-06-04,Placer,061,380077,23462,23110,1503,24613,293
2021-06-04,Plumas,063,18699,712,691,11,702,4
2021-06-04,Riverside,065,2383286,294544,289098,13902,303000,4452
2021-06-04,Sacramento,067,1510023,106883,106616,1764,108380,1654
2021-06-04,San Benito,069,59416,6058,6073,113,6186,63
2021-06-04,San Bernardino,071,2135413,293610,293056,8918,301974,4768
2021-06-04,San Diego,073,3302833,281576,280556,15065,295621,3763
2021-06-04,San Francisco,075,870044,36865,37079,1273,38352,551
2021-06-04,San Joaquin,077,732212,73458,73039,3516,76555,1388
2021-06-04,San Luis Obispo,079,281455,21460,21234,738,21972,255
2021-06-04,San Mateo,081,765935,42431,42413,471,42884,478
2021-06-04,Santa Barbara,083,443738,34496,34402,1115,35517,459
2021-06-04,Santa Clara,085,1922200,118880,119619,752,120371,2065
2021-06-04,Santa Cruz,087,273765,16265,16150,798,16948,207
2021-06-04,Shasta,089,179085,12422,12458,1592,14050,200
2021-06-04,Sierra,091,2930,57,55,12,67,0
2021-06-04,Siskiyou,093,43540,1950,1865,360,2225,21
2021-06-04,Solano,095,438530,33056,33058,555,33613,256
2021-06-04,Sonoma,097,501317,30333,30411,342,30753,323
2021-06-04,Stanislaus,099,539301,56609,56442,5902,62344,973
2021-06-04,Sutter,101,95872,9518,9554,85,9639,111
2021-06-04,Tehama,103,63373,5106,5090,571,5661,63
2021-06-04,Trinity,105,12862,486,328,92,420,3
2021-06-04,Tulare,107,460477,50307,49452,8931,58383,847
2021-06-04,Tuolumne,109,53932,4043,4095,43,4138,63
2021-06-04,Ventura,111,848112,81509,81104,2961,84065,1023
2021-06-04,Yolo,113,214977,14060,14083,243,14326,210
2021-06-04,Yuba,115,75493,6105,6084,126,6210,49
2021-06-03,Alameda,001,1643700,88420,88555,1927,90482,1257
2021-06-03,Alpine,002,1148,87,88,0,88,0
2021-06-03,Amador,005,37829,3693,3688,32,3720,46
2021-06-03,Butte,007,227075,12617,12478,1848,14326,193
2021-06-03,Calaveras,009,45235,2180,2179,13,2192,55
2021-06-03,Colusa,011,21464,1954,1957,314,2271,15
2021-06-03,Contra Costa,013,1133247,69987,69500,1270,70770,816
2021-06-03,Del Norte,015,27424,1426,1397,13,1410,8
2021-06-03,El Dorado,017,186661,10349,10284,746,11030,112
2021-06-03,Fresno,019,978130,102905,102566,8614,111180,1709
2021-06-03,Glenn,021,27897,2437,2421,558,2979,19
2021-06-03,Humboldt,023,135768,4344,4314,38,4352,42
2021-06-03,Imperial,025,180216,28663,28737,2691,31428,738
2021-06-03,Inyo,027,18085,1406,1404,12,1416,35
2021-06-03,Kern,029,883053,97515,96507,10890,107397,1326
2021-06-03,Kings,031,150075,23175,22982,1076,24058,244
2021-06-03,Lake,033,64148,3549,3526,9,3535,45
2021-06-03,Lassen,035,31185,5228,5177,114,5291,12
2021-06-03,Los Angeles,037,10098052,1208697,1202923,40512,1243435,24386
2021-06-03,Madera,039,155013,16667,16554,929,17483,240
2021-06-03,Marin,041,260295,14133,14095,256,14351,230
2021-06-03,Mariposa,043,17540,435,435,11,446,5
2021-06-03,Mendocino,045,87422,4057,3978,83,4061,47
2021-06-03,Merced,047,269075,31086,31199,1027,32226,459
2021-06-03,Modoc,049,8938,381,376,131,507,3
2021-06-03,Mono,051,14174,1264,1275,17,1292,3
2021-06-03,Monterey,053,433212,43200,43063,1832,44895,415
2021-06-03,Napa,055,140530,9910,9957,35,9992,81
2021-06-03,Nevada,057,99092,4866,4837,191,5028,72
2021-06-03,Orange,059,3164182,255809,254676,11278,265954,5056
2021-06-03,Placer,061,380077,23453,23100,1502,24602,293
2021-06-03,Plumas,063,18699,712,691,11,702,4
2021-06-03,Riverside,065,2383286,294489,289035,13898,302933,4447
2021-06-03,Sacramento,067,1510023,106804,106526,1762,108288,1654
2021-06-03,San Benito,069,59416,6058,6073,113,6186,63
2021-06-03,San Bernardino,071,2135413,293579,293021,8918,301939,4762
2021-06-03,San Diego,073,3302833,281512,280430,15055,295485,3761
2021-06-03,San Francisco,075,870044,36858,37072,1273,38345,551
2021-06-03,San Joaquin,077,732212,73430,72989,3512,76501,1388
2021-06-03,San Luis Obispo,079,281455,21455,21224,738,21962,255
2021-06-03,San Mateo,081,765935,42418,42396,471,42867,467
2021-06-03,Santa Barbara,083,443738,34493,34391,1115,35506,459
2021-06-03,Santa Clara,085,1922200,118858,119592,750,120342,2058
2021-06-03,Santa Cruz,087,273765,16263,16144,798,16942,207
2021-06-03,Shasta,089,179085,12407,12441,1589,14030,199
2021-06-03,Sierra,091,2930,57,55,12,67,0
2021-06-03,Siskiyou,093,43540,1950,1862,359,2221,21
2021-06-03,Solano,095,438530,33042,33019,555,33574,256
2021-06-03,Sonoma,097,501317,30311,30383,341,30724,322
2021-06-03,Stanislaus,099,539301,56590,56401,5896,62297,973
2021-06-03,Sutter,101,95872,9509,9539,85,9624,111
2021-06-03,Tehama,103,63373,5106,5087,571,5658,63
2021-06-03,Trinity,105,12862,486,328,92,420,3
2021-06-03,Tulare,107,460477,50304,49442,8927,58369,848
2021-06-03,Tuolumne,109,53932,4041,4095,43,4138,63
2021-06-03,Ventura,111,848112,81497,81078,2959,84037,1023
2021-06-03,Yolo,113,214977,14056,14078,241,14319,210
2021-06-03,Yuba,115,75493,6098,6077,126,6203,49
2021-06-02,Alameda,001,1643700,88375,88525,1925,90450,1254
2021-06-02,Alpine,002,1148,87,88,0,88,0
2021-06-02,Amador,005,37829,3691,3687,32,3719,46
2021-06-02,Butte,007,227075,12597,12432,1846,14278,193
2021-06-02,Calaveras,009,45235,2177,2174,13,2187,55
2021-06-02,Colusa,011,21464,1953,1957,314,2271,15
2021-06-02,Contra Costa,013,1133247,69936,69455,1268,70723,814
2021-06-02,Del Norte,015,27424,1424,1395,13,1408,8
2021-06-02,El Dorado,017,186661,10345,10275,746,11021,110
2021-06-02,Fresno,019,978130,102881,102547,8611,111158,1707
2021-06-02,Glenn,021,27897,2437,2421,558,2979,19
2021-06-02,Humboldt,023,135768,4329,4302,38,4340,42
2021-06-02,Imperial,025,180216,28657,28737,2690,31427,738
2021-06-02,Inyo,027,18085,1405,1403,12,1415,35
2021-06-02,Kern,029,883053,97488,96481,10883,107364,1326
2021-06-02,Kings,031,150075,23173,22981,1075,24056,244
2021-06-02,Lake,033,64148,3544,3522,9,3531,45
2021-06-02,Lassen,035,31185,5227,5177,114,5291,6
2021-06-02,Los Angeles,037,10098052,1208493,1202760,40503,1243263,24375
2021-06-02,Madera,039,155013,16659,16550,929,17479,240
2021-06-02,Marin,041,260295,14131,14091,255,14346,229
2021-06-02,Mariposa,043,17540,435,434,11,445,5
2021-06-02,Mendocino,045,87422,4051,3970,83,4053,47
2021-06-02,Merced,047,269075,31073,31195,1026,32221,458
2021-06-02,Modoc,049,8938,380,375,130,505,3
2021-06-02,Mono,051,14174,1264,1275,17,1292,3
2021-06-02,Monterey,053,433212,43198,43056,1832,44888,380
2021-06-02,Napa,055,140530,9909,9953,35,9988,82
2021-06-02,Nevada,057,99092,4863,4833,191,5024,72
2021-06-02,Orange,059,3164182,255760,254637,11271,265908,5055
2021-06-02,Placer,061,380077,23432,23058,1500,24558,293
2021-06-02,Plumas,063,18699,712,690,11,701,4
2021-06-02,Riverside,065,2383286,294431,289012,13888,302900,4445
2021-06-02,Sacramento,067,1510023,106739,106435,1756,108191,1649
2021-06-02,San Benito,069,59416,6057,6073,113,6186,63
2021-06-02,San Bernardino,071,2135413,293531,293004,8913,301917,4760
2021-06-02,San Diego,073,3302833,281432,280347,15034,295381,3760
2021-06-02,San Francisco,075,870044,36838,37050,1272,38322,550
2021-06-02,San Joaquin,077,732212,73399,72893,3509,76402,1387
2021-06-02,San Luis Obispo,079,281455,21448,21214,737,21951,255
2021-06-02,San Mateo,081,765935,42408,42383,470,42853,464
2021-06-02,Santa Barbara,083,443738,34486,34381,1115,35496,456
2021-06-02,Santa Clara,085,1922200,118830,119553,749,120302,2058
2021-06-02,Santa Cruz,087,273765,16260,16144,798,16942,207
2021-06-02,Shasta,089,179085,12389,12426,1584,14010,199
2021-06-02,Sierra,091,2930,57,55,12,67,0
2021-06-02,Siskiyou,093,43540,1950,1861,357,2218,21
2021-06-02,Solano,095,438530,33030,33007,554,33561,256
2021-06-02,Sonoma,097,501317,30292,30359,336,30695,322
2021-06-02,Stanislaus,099,539301,56571,56377,5891,62268,973
2021-06-02,Sutter,101,95872,9506,9533,85,9618,111
2021-06-02,Tehama,103,63373,5103,5081,571,5652,63
2021-06-02,Trinity,105,12862,484,328,92,420,3
2021-06-02,Tulare,107,460477,50296,49434,8923,58357,846
2021-06-02,Tuolumne,109,53932,4040,4095,43,4138,63
2021-06-02,Ventura,111,848112,81472,81033,2959,83992,1020
2021-06-02,Yolo,113,214977,14053,14074,240,14314,210
2021-06-02,Yuba,115,75493,6092,6072,126,6198,48
2021-06-01,Alameda,001,1643700,88340,88472,1923,90395,1253
2021-06-01,Alpine,002,1148,87,88,0,88,0
2021-06-01,Amador,005,37829,3689,3687,32,3719,46
2021-06-01,Butte,007,227075,12583,12427,1845,14272,193
2021-06-01,Calaveras,009,45235,2175,2173,13,2186,55
2021-06-01,Colusa,011,21464,1952,1955,313,2268,15
2021-06-01,Contra Costa,013,1133247,69878,69404,1268,70672,813
2021-06-01,Del Norte,015,27424,1423,1394,13,1407,8
2021-06-01,El Dorado,017,186661,10339,10271,746,11017,110
2021-06-01,Fresno,019,978130,102857,102534,8608,111142,1706
2021-06-01,Glenn,021,27897,2437,2422,558,2980,18
2021-06-01,Humboldt,023,135768,4319,4299,38,4337,42
2021-06-01,Imperial,025,180216,28653,28722,2688,31410,736
2021-06-01,Inyo,027,18085,1405,1403,12,1415,35
2021-06-01,Kern,029,883053,97461,96477,10875,107352,1319
2021-06-01,Kings,031,150075,23169,22977,1075,24052,244
2021-06-01,Lake,033,64148,3543,3523,9,3532,45
2021-06-01,Lassen,035,31185,5220,5172,114,5286,6
2021-06-01,Los Angeles,037,10098052,1208256,1202673,40489,1243162,24367
2021-06-01,Madera,039,155013,16650,16549,928,17477,240
2021-06-01,Marin,041,260295,14129,14081,255,14336,229
2021-06-01,Mariposa,043,17540,435,431,11,442,5
2021-06-01,Mendocino,045,87422,4044,3966,83,4049,47
2021-06-01,Merced,047,269075,31063,31195,1026,32221,456
2021-06-01,Modoc,049,8938,378,375,130,505,3
2021-06-01,Mono,051,14174,1264,1275,17,1292,3
2021-06-01,Monterey,053,433212,43192,43051,1832,44883,379
2021-06-01,Napa,055,140530,9907,9949,35,9984,82
2021-06-01,Nevada,057,99092,4858,4825,191,5016,72
2021-06-01,Orange,059,3164182,255724,254603,11263,265866,5051
2021-06-01,Placer,061,380077,23402,23021,1498,24519,293
2021-06-01,Plumas,063,18699,711,690,11,701,4
2021-06-01,Riverside,065,2383286,294378,288996,13882,302878,4442
2021-06-01,Sacramento,067,1510023,106667,106330,1754,108084,1644
2021-06-01,San Benito,069,59416,6056,6073,112,6185,63
2021-06-01,San Bernardino,071,2135413,293506,292990,8912,301902,4758
2021-06-01,San Diego,073,3302833,281328,280305,15017,295322,3756
2021-06-01,San Francisco,075,870044,36822,37031,1272,38303,550
2021-06-01,San Joaquin,077,732212,73367,72858,3508,76366,1383
2021-06-01,San Luis Obispo,079,281455,21443,21217,737,21954,256
2021-06-01,San Mateo,081,765935,42392,42383,469,42852,462
2021-06-01,Santa Barbara,083,443738,34482,34374,1115,35489,456
2021-06-01,Santa Clara,085,1922200,118802,119528,749,120277,2057
2021-06-01,Santa Cruz,087,273765,16256,16143,797,16940,207
2021-06-01,Shasta,089,179085,12380,12409,1579,13988,199
2021-06-01,Sierra,091,2930,57,55,12,67,0
2021-06-01,Siskiyou,093,43540,1943,1860,356,2216,21
2021-06-01,Solano,095,438530,33005,32974,553,33527,256
2021-06-01,Sonoma,097,501317,30253,30324,335,30659,322
2021-06-01,Stanislaus,099,539301,56554,56348,5889,62237,973
2021-06-01,Sutter,101,95872,9499,9528,85,9613,111
2021-06-01,Tehama,103,63373,5101,5079,571,5650,63
2021-06-01,Trinity,105,12862,483,328,91,419,3
2021-06-01,Tulare,107,460477,50288,49419,8919,58338,845
2021-06-01,Tuolumne,109,53932,4040,4094,43,4137,63
2021-06-01,Ventura,111,848112,81456,81018,2958,83976,1021
2021-06-01,Yolo,113,214977,14047,14067,240,14307,210
2021-06-01,Yuba,115,75493,6088,6067,126,6193,48
2021-05-31,Alameda,001,1643700,88304,88458,1919,90377,1253
2021-05-31,Alpine,002,1148,87,88,0,88,0
2021-05-31,Amador,005,37829,3683,3687,32,3719,46
2021-05-31,Butte,007,227075,12570,12429,1845,14274,193
2021-05-31,Calaveras,009,45235,2174,2171,13,2184,55
2021-05-31,Colusa,011,21464,1952,1956,312,2268,15
2021-05-31,Contra Costa,013,1133247,69841,69390,1267,70657,813
2021-05-31,Del Norte,015,27424,1420,1394,13,1407,8
2021-05-31,El Dorado,017,186661,10333,10271,744,11015,110
2021-05-31,Fresno,019,978130,102820,102507,8608,111115,1706
2021-05-31,Glenn,021,27897,2436,2422,557,2979,18
2021-05-31,Humboldt,023,135768,4307,4295,38,4333,42
2021-05-31,Imperial,025,180216,28647,28732,2685,31417,736
2021-05-31,Inyo,027,18085,1404,1403,12,1415,35
2021-05-31,Kern,029,883053,97425,96457,10866,107323,1319
2021-05-31,Kings,031,150075,23165,22977,1075,24052,244
2021-05-31,Lake,033,64148,3538,3523,9,3532,45
2021-05-31,Lassen,035,31185,5218,5172,113,5285,6
2021-05-31,Los Angeles,037,10098052,1208013,1202567,40480,1243047,24364
2021-05-31,Madera,039,155013,16649,16543,927,17470,240
2021-05-31,Marin,041,260295,14127,14080,255,14335,229
2021-05-31,Mariposa,043,17540,435,430,11,441,5
2021-05-31,Mendocino,045,87422,4034,3961,83,4044,47
2021-05-31,Merced,047,269075,31058,31194,1026,32220,456
2021-05-31,Modoc,049,8938,377,374,130,504,3
2021-05-31,Mono,051,14174,1264,1275,17,1292,3
2021-05-31,Monterey,053,433212,43188,43051,1832,44883,379
2021-05-31,Napa,055,140530,9900,9948,35,9983,82
2021-05-31,Nevada,057,99092,4848,4823,190,5013,72
2021-05-31,Orange,059,3164182,255696,254572,11255,265827,5051
2021-05-31,Placer,061,380077,23375,23019,1494,24513,293
2021-05-31,Plumas,063,18699,710,690,11,701,4
2021-05-31,Riverside,065,2383286,294321,288970,13870,302840,4442
2021-05-31,Sacramento,067,1510023,106570,106278,1749,108027,1644
2021-05-31,San Benito,069,59416,6056,6072,112,6184,63
2021-05-31,San Bernardino,071,2135413,293458,292973,8911,301884,4758
2021-05-31,San Diego,073,3302833,281224,280254,15005,295259,3756
2021-05-31,San Francisco,075,870044,36807,37022,1271,38293,550
2021-05-31,San Joaquin,077,732212,73318,72856,3502,76358,1383
2021-05-31,San Luis Obispo,079,281455,21435,21215,737,21952,256
2021-05-31,San Mateo,081,765935,42376,42389,469,42858,442
2021-05-31,Santa Barbara,083,443738,34469,34369,1113,35482,456
2021-05-31,Santa Clara,085,1922200,118758,119515,749,120264,2057
2021-05-31,Santa Cruz,087,273765,16253,16139,797,16936,207
2021-05-31,Shasta,089,179085,12364,12408,1576,13984,199
2021-05-31,Sierra,091,2930,57,55,12,67,0
2021-05-31,Siskiyou,093,43540,1942,1856,355,2211,21
2021-05-31,Solano,095,438530,32955,32973,553,33526,256
2021-05-31,Sonoma,097,501317,30210,30314,335,30649,322
2021-05-31,Stanislaus,099,539301,56513,56335,5886,62221,973
2021-05-31,Sutter,101,95872,9480,9523,85,9608,111
2021-05-31,Tehama,103,63373,5098,5076,570,5646,63
2021-05-31,Trinity,105,12862,483,328,91,419,3
2021-05-31,Tulare,107,460477,50277,49404,8914,58318,845
2021-05-31,Tuolumne,109,53932,4038,4095,43,4138,63
2021-05-31,Ventura,111,848112,81441,81017,2955,83972,1021
2021-05-31,Yolo,113,214977,14043,14064,240,14304,210
2021-05-31,Yuba,115,75493,6082,6063,123,6186,48
2021-05-30,Alameda,001,1643700,88281,88429,1919,90348,1253
2021-05-30,Alpine,002,1148,87,88,0,88,0
2021-05-30,Amador,005,37829,3679,3685,32,3717,46
2021-05-30,Butte,007,227075,12561,12427,1843,14270,190
2021-05-30,Calaveras,009,45235,2170,2166,13,2179,55
2021-05-30,Colusa,011,21464,1952,1954,312,2266,15
2021-05-30,Contra Costa,013,1133247,69807,69381,1265,70646,813
2021-05-30,Del Norte,015,27424,1419,1393,13,1406,8
2021-05-30,El Dorado,017,186661,10330,10271,744,11015,110
2021-05-30,Fresno,019,978130,102803,102499,8604,111103,1706
2021-05-30,Glenn,021,27897,2436,2422,556,2978,18
2021-05-30,Humboldt,023,135768,4299,4291,38,4329,42
2021-05-30,Imperial,025,180216,28643,28732,2684,31416,736
2021-05-30,Inyo,027,18085,1404,1403,12,1415,35
2021-05-30,Kern,029,883053,97409,96443,10863,107306,1319
2021-05-30,Kings,031,150075,23164,22974,1075,24049,244
2021-05-30,Lake,033,64148,3538,3517,9,3526,45
2021-05-30,Lassen,035,31185,5216,5171,113,5284,6
2021-05-30,Los Angeles,037,10098052,1207898,1202425,40473,1242898,24360
2021-05-30,Madera,039,155013,16645,16538,927,17465,240
2021-05-30,Marin,041,260295,14123,14083,254,14337,229
2021-05-30,Mariposa,043,17540,435,430,11,441,5
2021-05-30,Mendocino,045,87422,4027,3955,83,4038,47
2021-05-30,Merced,047,269075,31054,31189,1025,32214,456
2021-05-30,Modoc,049,8938,377,374,130,504,3
2021-05-30,Mono,051,14174,1264,1275,17,1292,3
2021-05-30,Monterey,053,433212,43185,43049,1832,44881,379
2021-05-30,Napa,055,140530,9899,9948,35,9983,82
2021-05-30,Nevada,057,99092,4842,4818,190,5008,72
2021-05-30,Orange,059,3164182,255673,254559,11254,265813,5051
2021-05-30,Placer,061,380077,23369,23016,1494,24510,293
2021-05-30,Plumas,063,18699,708,690,11,701,4
2021-05-30,Riverside,065,2383286,294300,288961,13868,302829,4442
2021-05-30,Sacramento,067,1510023,106525,106252,1747,107999,1644
2021-05-30,San Benito,069,59416,6056,6072,112,6184,63
2021-05-30,San Bernardino,071,2135413,293432,292981,8910,301891,4758
2021-05-30,San Diego,073,3302833,281168,280209,15000,295209,3756
2021-05-30,San Francisco,075,870044,36788,37016,1271,38287,550
2021-05-30,San Joaquin,077,732212,73301,72853,3501,76354,1383
2021-05-30,San Luis Obispo,079,281455,21426,21211,736,21947,256
2021-05-30,San Mateo,081,765935,42368,42386,469,42855,439
2021-05-30,Santa Barbara,083,443738,34465,34369,1113,35482,456
2021-05-30,Santa Clara,085,1922200,118736,119510,745,120255,2057
2021-05-30,Santa Cruz,087,273765,16251,16140,797,16937,207
2021-05-30,Shasta,089,179085,12362,12408,1573,13981,199
2021-05-30,Sierra,091,2930,57,55,12,67,0
2021-05-30,Siskiyou,093,43540,1942,1856,355,2211,21
2021-05-30,Solano,095,438530,32944,32952,552,33504,256
2021-05-30,Sonoma,097,501317,30193,30310,334,30644,322
2021-05-30,Stanislaus,099,539301,56502,56323,5885,62208,973
2021-05-30,Sutter,101,95872,9479,9519,84,9603,111
2021-05-30,Tehama,103,63373,5098,5073,570,5643,63
2021-05-30,Trinity,105,12862,483,328,91,419,3
2021-05-30,Tulare,107,460477,50270,49397,8906,58303,845
2021-05-30,Tuolumne,109,53932,4038,4094,43,4137,63
2021-05-30,Ventura,111,848112,81437,81012,2954,83966,1021
2021-05-30,Yolo,113,214977,14038,14059,239,14298,210
2021-05-30,Yuba,115,75493,6075,6063,122,6185,48
2021-05-29,Alameda,001,1643700,88258,88433,1917,90350,1253
2021-05-29,Alpine,002,1148,87,88,0,88,0
2021-05-29,Amador,005,37829,3678,3683,32,3715,46
2021-05-29,Butte,007,227075,12555,12425,1843,14268,190
2021-05-29,Calaveras,009,45235,2169,2166,13,2179,55
2021-05-29,Colusa,011,21464,1949,1954,312,2266,15
2021-05-29,Contra Costa,013,1133247,69774,69351,1265,70616,813
2021-05-29,Del Norte,015,27424,1419,1391,13,1404,8
2021-05-29,El Dorado,017,186661,10329,10269,742,11011,110
2021-05-29,Fresno,019,978130,102791,102470,8601,111071,1706
2021-05-29,Glenn,021,27897,2436,2422,555,2977,18
2021-05-29,Humboldt,023,135768,4293,4283,38,4321,42
2021-05-29,Imperial,025,180216,28640,28729,2683,31412,736
2021-05-29,Inyo,027,18085,1404,1404,12,1416,35
2021-05-29,Kern,029,883053,97398,96424,10850,107274,1319
2021-05-29,Kings,031,150075,23163,22970,1074,24044,244
2021-05-29,Lake,033,64148,3538,3515,9,3524,45
2021-05-29,Lassen,035,31185,5216,5171,113,5284,6
2021-05-29,Los Angeles,037,10098052,1207776,1202264,40470,1242734,24359
2021-05-29,Madera,039,155013,16643,16535,927,17462,240
2021-05-29,Marin,041,260295,14119,14071,253,14324,229
2021-05-29,Mariposa,043,17540,434,428,11,439,5
2021-05-29,Mendocino,045,87422,4021,3952,83,4035,47
2021-05-29,Merced,047,269075,31042,31187,1025,32212,456
2021-05-29,Modoc,049,8938,377,374,130,504,3
2021-05-29,Mono,051,14174,1264,1275,17,1292,3
2021-05-29,Monterey,053,433212,43183,43042,1832,44874,379
2021-05-29,Napa,055,140530,9896,9948,35,9983,82
2021-05-29,Nevada,057,99092,4841,4816,190,5006,72
2021-05-29,Orange,059,3164182,255651,254537,11244,265781,5049
2021-05-29,Placer,061,380077,23354,23009,1493,24502,293
2021-05-29,Plumas,063,18699,708,689,11,700,4
2021-05-29,Riverside,065,2383286,294280,288908,13867,302775,4442
2021-05-29,Sacramento,067,1510023,106495,106218,1746,107964,1643
2021-05-29,San Benito,069,59416,6055,6072,112,6184,63
2021-05-29,San Bernardino,071,2135413,293399,292961,8909,301870,4757
2021-05-29,San Diego,073,3302833,281109,280151,14995,295146,3756
2021-05-29,San Francisco,075,870044,36779,37008,1271,38279,550
2021-05-29,San Joaquin,077,732212,73285,72827,3499,76326,1383
2021-05-29,San Luis Obispo,079,281455,21424,21201,736,21937,256
2021-05-29,San Mateo,081,765935,42360,42375,468,42843,439
2021-05-29,Santa Barbara,083,443738,34461,34367,1113,35480,456
2021-05-29,Santa Clara,085,1922200,118712,119498,744,120242,2056
2021-05-29,Santa Cruz,087,273765,16250,16137,797,16934,207
2021-05-29,Shasta,089,179085,12354,12401,1572,13973,199
2021-05-29,Sierra,091,2930,57,55,12,67,0
2021-05-29,Siskiyou,093,43540,1937,1856,355,2211,21
2021-05-29,Solano,095,438530,32935,32917,552,33469,256
2021-05-29,Sonoma,097,501317,30170,30298,333,30631,322
2021-05-29,Stanislaus,099,539301,56484,56305,5883,62188,974
2021-05-29,Sutter,101,95872,9475,9516,84,9600,111
2021-05-29,Tehama,103,63373,5097,5070,570,5640,63
2021-05-29,Trinity,105,12862,483,328,91,419,3
2021-05-29,Tulare,107,460477,50260,49392,8902,58294,845
2021-05-29,Tuolumne,109,53932,4038,4093,43,4136,63
2021-05-29,Ventura,111,848112,81429,81008,2954,83962,1021
2021-05-29,Yolo,113,214977,14037,14055,239,14294,210
2021-05-29,Yuba,115,75493,6075,6059,122,6181,48
2021-05-28,Alameda,001,1643700,88234,88391,1913,90304,1261
2021-05-28,Alpine,002,1148,87,88,0,88,0
2021-05-28,Amador,005,37829,3678,3680,32,3712,46
2021-05-28,Butte,007,227075,12552,12407,1842,14249,190
2021-05-28,Calaveras,009,45235,2168,2165,13,2178,55
2021-05-28,Colusa,011,21464,1949,1954,310,2264,15
2021-05-28,Contra Costa,013,1133247,69738,69290,1264,70554,813
2021-05-28,Del Norte,015,27424,1418,1390,13,1403,8
2021-05-28,El Dorado,017,186661,10326,10265,742,11007,110
2021-05-28,Fresno,019,978130,102776,102437,8601,111038,1705
2021-05-28,Glenn,021,27897,2436,2419,555,2974,18
2021-05-28,Humboldt,023,135768,4286,4265,38,4303,42
2021-05-28,Imperial,025,180216,28637,28722,2683,31405,736
2021-05-28,Inyo,027,18085,1404,1404,12,1416,35
2021-05-28,Kern,029,883053,97381,96396,10842,107238,1320
2021-05-28,Kings,031,150075,23161,22962,1074,24036,244
2021-05-28,Lake,033,64148,3536,3515,9,3524,45
2021-05-28,Lassen,035,31185,5216,5169,113,5282,6
2021-05-28,Los Angeles,037,10098052,1207665,1202103,40460,1242563,24357
2021-05-28,Madera,039,155013,16641,16530,927,17457,240
2021-05-28,Marin,041,260295,14118,14063,252,14315,229
2021-05-28,Mariposa,043,17540,434,428,11,439,5
2021-05-28,Mendocino,045,87422,4016,3947,83,4030,47
2021-05-28,Merced,047,269075,31039,31176,1025,32201,455
2021-05-28,Modoc,049,8938,377,374,130,504,3
2021-05-28,Mono,051,14174,1264,1274,17,1291,3
2021-05-28,Monterey,053,433212,43182,43036,1832,44868,379
2021-05-28,Napa,055,140530,9896,9941,35,9976,82
2021-05-28,Nevada,057,99092,4839,4813,190,5003,71
2021-05-28,Orange,059,3164182,255631,254494,11242,265736,5047
2021-05-28,Placer,061,380077,23344,22987,1491,24478,293
2021-05-28,Plumas,063,18699,706,688,11,699,4
2021-05-28,Riverside,065,2383286,294258,288872,13865,302737,4442
2021-05-28,Sacramento,067,1510023,106439,106131,1744,107875,1642
2021-05-28,San Benito,069,59416,6055,6074,112,6186,63
2021-05-28,San Bernardino,071,2135413,293376,292905,8909,301814,4757
2021-05-28,San Diego,073,3302833,281046,280043,14984,295027,3756
2021-05-28,San Francisco,075,870044,36773,36987,1271,38258,546
2021-05-28,San Joaquin,077,732212,73255,72793,3497,76290,1383
2021-05-28,San Luis Obispo,079,281455,21419,21190,734,21924,256
2021-05-28,San Mateo,081,765935,42354,42364,468,42832,439
2021-05-28,Santa Barbara,083,443738,34460,34371,1113,35484,455
2021-05-28,Santa Clara,085,1922200,118688,119462,744,120206,2056
2021-05-28,Santa Cruz,087,273765,16249,16129,797,16926,207
2021-05-28,Shasta,089,179085,12345,12383,1570,13953,198
2021-05-28,Sierra,091,2930,57,54,12,66,0
2021-05-28,Siskiyou,093,43540,1935,1850,355,2205,19
2021-05-28,Solano,095,438530,32920,32892,552,33444,256
2021-05-28,Sonoma,097,501317,30151,30270,333,30603,321
2021-05-28,Stanislaus,099,539301,56465,56278,5880,62158,974
2021-05-28,Sutter,101,95872,9471,9511,84,9595,111
2021-05-28,Tehama,103,63373,5091,5064,570,5634,63
2021-05-28,Trinity,105,12862,483,328,91,419,3
2021-05-28,Tulare,107,460477,50255,49375,8893,58268,846
2021-05-28,Tuolumne,109,53932,4038,4090,43,4133,63
2021-05-28,Ventura,111,848112,81418,80985,2953,83938,1021
2021-05-28,Yolo,113,214977,14034,14050,238,14288,210
2021-05-28,Yuba,115,75493,6073,6050,121,6171,48
2021-05-27,Alameda,001,1643700,88199,88342,1913,90255,1274
2021-05-27,Alpine,002,1148,87,88,0,88,0
2021-05-27,Amador,005,37829,3675,3680,32,3712,46
2021-05-27,Butte,007,227075,12547,12401,1841,14242,190
2021-05-27,Calaveras,009,45235,2167,2163,13,2176,55
2021-05-27,Colusa,011,21464,1946,1952,310,2262,15
2021-05-27,Contra Costa,013,1133247,69696,69245,1262,70507,813
2021-05-27,Del Norte,015,27424,1418,1388,13,1401,8
2021-05-27,El Dorado,017,186661,10325,10248,742,10990,112
2021-05-27,Fresno,019,978130,102760,102413,8598,111011,1704
2021-05-27,Glenn,021,27897,2436,2415,555,2970,18
2021-05-27,Humboldt,023,135768,4278,4260,38,4298,42
2021-05-27,Imperial,025,180216,28626,28728,2683,31411,736
2021-05-27,Inyo,027,18085,1404,1404,12,1416,35
2021-05-27,Kern,029,883053,97365,96364,10834,107198,1322
2021-05-27,Kings,031,150075,23158,22953,1074,24027,245
2021-05-27,Lake,033,64148,3531,3509,9,3518,45
2021-05-27,Lassen,035,31185,5215,5170,112,5282,6
2021-05-27,Los Angeles,037,10098052,1207495,1201927,40447,1242374,24348
2021-05-27,Madera,039,155013,16632,16527,927,17454,240
2021-05-27,Marin,041,260295,14114,14061,252,14313,229
2021-05-27,Mariposa,043,17540,432,427,11,438,5
2021-05-27,Mendocino,045,87422,4010,3945,83,4028,47
2021-05-27,Merced,047,269075,31027,31161,1025,32186,455
2021-05-27,Modoc,049,8938,376,374,130,504,3
2021-05-27,Mono,051,14174,1264,1276,17,1293,3
2021-05-27,Monterey,053,433212,43176,43032,1832,44864,379
2021-05-27,Napa,055,140530,9895,9934,35,9969,82
2021-05-27,Nevada,057,99092,4835,4807,188,4995,71
2021-05-27,Orange,059,3164182,255594,254438,11238,265676,5059
2021-05-27,Placer,061,380077,23335,22966,1491,24457,293
2021-05-27,Plumas,063,18699,706,687,11,698,4
2021-05-27,Riverside,065,2383286,294222,288835,13860,302695,4443
2021-05-27,Sacramento,067,1510023,106364,106015,1742,107757,1642
2021-05-27,San Benito,069,59416,6054,6074,112,6186,63
2021-05-27,San Bernardino,071,2135413,293340,292755,8907,301662,4756
2021-05-27,San Diego,073,3302833,280972,279960,14970,294930,3756
2021-05-27,San Francisco,075,870044,36767,36980,1268,38248,546
2021-05-27,San Joaquin,077,732212,73223,72714,3494,76208,1388
2021-05-27,San Luis Obispo,079,281455,21414,21171,734,21905,256
2021-05-27,San Mateo,081,765935,42345,42345,468,42813,436
2021-05-27,Santa Barbara,083,443738,34455,34355,1113,35468,456
2021-05-27,Santa Clara,085,1922200,118667,119452,744,120196,2053
2021-05-27,Santa Cruz,087,273765,16247,16134,797,16931,207
2021-05-27,Shasta,089,179085,12335,12380,1570,13950,202
2021-05-27,Sierra,091,2930,57,54,12,66,0
2021-05-27,Siskiyou,093,43540,1932,1846,355,2201,18
2021-05-27,Solano,095,438530,32879,32855,551,33406,257
2021-05-27,Sonoma,097,501317,30124,30253,329,30582,321
2021-05-27,Stanislaus,099,539301,56440,56207,5879,62086,974
2021-05-27,Sutter,101,95872,9467,9501,84,9585,111
2021-05-27,Tehama,103,63373,5088,5064,569,5633,63
2021-05-27,Trinity,105,12862,483,328,91,419,3
2021-05-27,Tulare,107,460477,50241,49366,8884,58250,840
2021-05-27,Tuolumne,109,53932,4037,4090,43,4133,66
2021-05-27,Ventura,111,848112,81405,80965,2950,83915,1023
2021-05-27,Yolo,113,214977,14031,14036,238,14274,213
2021-05-27,Yuba,115,75493,6068,6040,120,6160,48
2021-05-26,Alameda,001,1643700,88170,88297,1913,90210,1266
2021-05-26,Alpine,002,1148,87,88,0,88,0
2021-05-26,Amador,005,37829,3675,3679,32,3711,46
2021-05-26,Butte,007,227075,12538,12332,1840,14172,190
2021-05-26,Calaveras,009,45235,2166,2154,13,2167,55
2021-05-26,Colusa,011,21464,1945,1952,310,2262,15
2021-05-26,Contra Costa,013,1133247,69659,69210,1262,70472,812
2021-05-26,Del Norte,015,27424,1418,1386,12,1398,8
2021-05-26,El Dorado,017,186661,10321,10242,741,10983,112
2021-05-26,Fresno,019,978130,102727,102374,8593,110967,1702
2021-05-26,Glenn,021,27897,2435,2415,555,2970,18
2021-05-26,Humboldt,023,135768,4273,4246,38,4284,42
2021-05-26,Imperial,025,180216,28621,28712,2681,31393,734
2021-05-26,Inyo,027,18085,1404,1403,12,1415,36
2021-05-26,Kern,029,883053,97340,96343,10827,107170,1320
2021-05-26,Kings,031,150075,23154,22950,1073,24023,245
2021-05-26,Lake,033,64148,3530,3508,9,3517,45
2021-05-26,Lassen,035,31185,5214,5164,112,5276,6
2021-05-26,Los Angeles,037,10098052,1207327,1198100,40431,1238531,24221
2021-05-26,Madera,039,155013,16629,16520,927,17447,240
2021-05-26,Marin,041,260295,14111,14061,251,14312,227
2021-05-26,Mariposa,043,17540,432,427,11,438,5
2021-05-26,Mendocino,045,87422,4004,3938,83,4021,47
2021-05-26,Merced,047,269075,31018,31139,1025,32164,455
2021-05-26,Modoc,049,8938,376,371,129,500,3
2021-05-26,Mono,051,14174,1264,1274,17,1291,3
2021-05-26,Monterey,053,433212,43170,43018,1831,44849,379
2021-05-26,Napa,055,140530,9888,9932,33,9965,82
2021-05-26,Nevada,057,99092,4830,4803,188,4991,70
2021-05-26,Orange,059,3164182,255558,254368,11235,265603,5058
2021-05-26,Placer,061,380077,23311,22940,1491,24431,293
2021-05-26,Plumas,063,18699,705,685,11,696,4
2021-05-26,Riverside,065,2383286,294176,288782,13853,302635,4443
2021-05-26,Sacramento,067,1510023,106278,105919,1738,107657,1637
2021-05-26,San Benito,069,59416,6054,6074,112,6186,63
2021-05-26,San Bernardino,071,2135413,293305,292662,8906,301568,4755
2021-05-26,San Diego,073,3302833,280897,279859,14960,294819,3755
2021-05-26,San Francisco,075,870044,36755,36954,1268,38222,546
2021-05-26,San Joaquin,077,732212,73181,72681,3491,76172,1388
2021-05-26,San Luis Obispo,079,281455,21408,21163,734,21897,256
2021-05-26,San Mateo,081,765935,42336,42331,468,42799,436
2021-05-26,Santa Barbara,083,443738,34446,34348,1113,35461,459
2021-05-26,Santa Clara,085,1922200,118640,119421,743,120164,2031
2021-05-26,Santa Cruz,087,273765,16246,16139,797,16936,207
2021-05-26,Shasta,089,179085,12320,12357,1567,13924,202
2021-05-26,Sierra,091,2930,57,54,12,66,0
2021-05-26,Siskiyou,093,43540,1930,1847,353,2200,18
2021-05-26,Solano,095,438530,32843,32831,551,33382,257
2021-05-26,Sonoma,097,501317,30097,30230,329,30559,321
2021-05-26,Stanislaus,099,539301,56418,56193,5877,62070,974
2021-05-26,Sutter,101,95872,9462,9495,84,9579,112
2021-05-26,Tehama,103,63373,5087,5054,566,5620,63
2021-05-26,Trinity,105,12862,483,328,91,419,3
2021-05-26,Tulare,107,460477,50234,49352,8880,58232,839
2021-05-26,Tuolumne,109,53932,4033,4088,42,4130,66
2021-05-26,Ventura,111,848112,81382,80944,2948,83892,1023
2021-05-26,Yolo,113,214977,14028,14025,238,14263,213
2021-05-26,Yuba,115,75493,6063,6036,120,6156,49
2021-05-25,Alameda,001,1643700,88139,88237,1913,90150,1263
2021-05-25,Alpine,002,1148,87,88,0,88,0
2021-05-25,Amador,005,37829,3670,3676,32,3708,46
2021-05-25,Butte,007,227075,12527,12295,1839,14134,189
2021-05-25,Calaveras,009,45235,2164,2148,13,2161,55
2021-05-25,Colusa,011,21464,1944,1949,310,2259,15
2021-05-25,Contra Costa,013,1133247,69607,69167,1257,70424,809
2021-05-25,Del Norte,015,27424,1418,1385,12,1397,8
2021-05-25,El Dorado,017,186661,10314,10240,740,10980,112
2021-05-25,Fresno,019,978130,102706,102329,8592,110921,1701
2021-05-25,Glenn,021,27897,2434,2414,554,2968,17
2021-05-25,Humboldt,023,135768,4266,4231,36,4267,42
2021-05-25,Imperial,025,180216,28614,28586,2681,31267,735
2021-05-25,Inyo,027,18085,1404,1402,12,1414,36
2021-05-25,Kern,029,883053,97309,96319,10813,107132,1319
2021-05-25,Kings,031,150075,23147,22944,1073,24017,245
2021-05-25,Lake,033,64148,3529,3508,9,3517,44
2021-05-25,Lassen,035,31185,5210,5164,112,5276,6
2021-05-25,Los Angeles,037,10098052,1207140,1197940,40413,1238353,24212
2021-05-25,Madera,039,155013,16624,16519,926,17445,240
2021-05-25,Marin,041,260295,14105,14053,251,14304,227
2021-05-25,Mariposa,043,17540,431,427,11,438,5
2021-05-25,Mendocino,045,87422,3999,3928,83,4011,47
2021-05-25,Merced,047,269075,30997,31132,1025,32157,455
2021-05-25,Modoc,049,8938,375,367,129,496,3
2021-05-25,Mono,051,14174,1264,1274,17,1291,3
2021-05-25,Monterey,053,433212,43166,43012,1830,44842,379
2021-05-25,Napa,055,140530,9886,9926,33,9959,82
2021-05-25,Nevada,057,99092,4824,4795,188,4983,70
2021-05-25,Orange,059,3164182,255529,254321,11234,265555,5057
2021-05-25,Placer,061,380077,23300,22920,1489,24409,292
2021-05-25,Plumas,063,18699,705,684,11,695,4
2021-05-25,Riverside,065,2383286,294137,288725,13850,302575,4443
2021-05-25,Sacramento,067,1510023,106197,105828,1735,107563,1633
2021-05-25,San Benito,069,59416,6054,6073,112,6185,63
2021-05-25,San Bernardino,071,2135413,293245,292485,8904,301389,4755
2021-05-25,San Diego,073,3302833,280815,279786,14955,294741,3753
2021-05-25,San Francisco,075,870044,36732,36939,1268,38207,546
2021-05-25,San Joaquin,077,732212,73139,72628,3488,76116,1387
2021-05-25,San Luis Obispo,079,281455,21405,21153,734,21887,256
2021-05-25,San Mateo,081,765935,42326,42268,468,42736,435
2021-05-25,Santa Barbara,083,443738,34443,34337,1113,35450,459
2021-05-25,Santa Clara,085,1922200,118616,119393,742,120135,2032
2021-05-25,Santa Cruz,087,273765,16241,16141,797,16938,207
2021-05-25,Shasta,089,179085,12311,12328,1565,13893,202
2021-05-25,Sierra,091,2930,56,54,12,66,0
2021-05-25,Siskiyou,093,43540,1929,1845,352,2197,18
2021-05-25,Solano,095,438530,32823,32817,550,33367,256
2021-05-25,Sonoma,097,501317,30068,30207,328,30535,321
2021-05-25,Stanislaus,099,539301,56382,56168,5874,62042,974
2021-05-25,Sutter,101,95872,9458,9495,84,9579,112
2021-05-25,Tehama,103,63373,5085,5048,565,5613,63
2021-05-25,Trinity,105,12862,483,328,90,418,3
2021-05-25,Tulare,107,460477,50224,49326,8872,58198,838
2021-05-25,Tuolumne,109,53932,4033,4084,42,4126,66
2021-05-25,Ventura,111,848112,81364,80905,2948,83853,1022
2021-05-25,Yolo,113,214977,14020,14018,236,14254,213
2021-05-25,Yuba,115,75493,6056,6028,120,6148,49
2021-05-24,Alameda,001,1643700,88099,88182,1911,90093,1263
2021-05-24,Alpine,002,1148,87,88,0,88,0
2021-05-24,Amador,005,37829,3668,3675,32,3707,46
2021-05-24,Butte,007,227075,12514,12279,1836,14115,189
2021-05-24,Calaveras,009,45235,2162,2146,13,2159,54
2021-05-24,Colusa,011,21464,1944,1949,310,2259,15
2021-05-24,Contra Costa,013,1133247,69566,69107,1253,70360,809
2021-05-24,Del Norte,015,27424,1417,1384,12,1396,8
2021-05-24,El Dorado,017,186661,10304,10227,739,10966,112
2021-05-24,Fresno,019,978130,102659,102289,8591,110880,1698
2021-05-24,Glenn,021,27897,2434,2413,554,2967,17
2021-05-24,Humboldt,023,135768,4259,4225,36,4261,42
2021-05-24,Imperial,025,180216,28612,28575,2681,31256,735
2021-05-24,Inyo,027,18085,1404,1402,12,1414,36
2021-05-24,Kern,029,883053,97282,96296,10808,107104,1319
2021-05-24,Kings,031,150075,23143,22940,1073,24013,246
2021-05-24,Lake,033,64148,3527,3506,9,3515,43
2021-05-24,Lassen,035,31185,5206,5163,112,5275,6
2021-05-24,Los Angeles,037,10098052,1206968,1197782,40399,1238181,24201
2021-05-24,Madera,039,155013,16620,16513,925,17438,239
2021-05-24,Marin,041,260295,14103,14051,251,14302,227
2021-05-24,Mariposa,043,17540,430,427,11,438,5
2021-05-24,Mendocino,045,87422,3997,3919,83,4002,47
2021-05-24,Merced,047,269075,30987,31128,1024,32152,455
2021-05-24,Modoc,049,8938,375,366,128,494,3
2021-05-24,Mono,051,14174,1264,1270,17,1287,3
2021-05-24,Monterey,053,433212,43161,43005,1829,44834,379
2021-05-24,Napa,055,140530,9886,9924,33,9957,82
2021-05-24,Nevada,057,99092,4821,4790,188,4978,70
2021-05-24,Orange,059,3164182,255495,254287,11224,265511,5056
2021-05-24,Placer,061,380077,23281,22895,1488,24383,292
2021-05-24,Plumas,063,18699,704,683,11,694,4
2021-05-24,Riverside,065,2383286,294080,288669,13840,302509,4442
2021-05-24,Sacramento,067,1510023,106082,105716,1734,107450,1632
2021-05-24,San Benito,069,59416,6054,6072,112,6184,63
2021-05-24,San Bernardino,071,2135413,293205,292343,8903,301246,4747
2021-05-24,San Diego,073,3302833,280707,279715,14945,294660,3749
2021-05-24,San Francisco,075,870044,36712,36934,1265,38199,547
2021-05-24,San Joaquin,077,732212,73107,72586,3488,76074,1371
2021-05-24,San Luis Obispo,079,281455,21387,21146,733,21879,256
2021-05-24,San Mateo,081,765935,42316,42249,468,42717,433
2021-05-24,Santa Barbara,083,443738,34438,34322,1113,35435,459
2021-05-24,Santa Clara,085,1922200,118584,119358,742,120100,2030
2021-05-24,Santa Cruz,087,273765,16235,16135,797,16932,207
2021-05-24,Shasta,089,179085,12294,12315,1562,13877,201
2021-05-24,Sierra,091,2930,56,54,12,66,0
2021-05-24,Siskiyou,093,43540,1926,1840,352,2192,17
2021-05-24,Solano,095,438530,32799,32792,549,33341,254
2021-05-24,Sonoma,097,501317,30053,30187,328,30515,321
2021-05-24,Stanislaus,099,539301,56348,56128,5870,61998,974
2021-05-24,Sutter,101,95872,9452,9486,84,9570,113
2021-05-24,Tehama,103,63373,5082,5043,563,5606,63
2021-05-24,Trinity,105,12862,483,328,90,418,3
2021-05-24,Tulare,107,460477,50217,49318,8868,58186,838
2021-05-24,Tuolumne,109,53932,4033,4083,42,4125,65
2021-05-24,Ventura,111,848112,81351,80876,2946,83822,1022
2021-05-24,Yolo,113,214977,14003,14012,234,14246,213
2021-05-24,Yuba,115,75493,6047,6022,120,6142,49
2021-05-23,Alameda,001,1643700,88036,88157,1909,90066,1263
2021-05-23,Alpine,002,1148,87,88,0,88,0
2021-05-23,Amador,005,37829,3667,3673,32,3705,46
2021-05-23,Butte,007,227075,12500,12271,1835,14106,189
2021-05-23,Calaveras,009,45235,2154,2144,13,2157,54
2021-05-23,Colusa,011,21464,1944,1949,308,2257,15
2021-05-23,Contra Costa,013,1133247,69522,69075,1251,70326,809
2021-05-23,Del Norte,015,27424,1413,1383,12,1395,8
2021-05-23,El Dorado,017,186661,10298,10222,739,10961,112
2021-05-23,Fresno,019,978130,102614,102270,8586,110856,1698
2021-05-23,Glenn,021,27897,2432,2413,554,2967,17
2021-05-23,Humboldt,023,135768,4241,4216,36,4252,42
2021-05-23,Imperial,025,180216,28606,28569,2680,31249,735
2021-05-23,Inyo,027,18085,1404,1402,12,1414,36
2021-05-23,Kern,029,883053,97258,96282,10800,107082,1319
2021-05-23,Kings,031,150075,23130,22939,1071,24010,246
2021-05-23,Lake,033,64148,3524,3504,9,3513,43
2021-05-23,Lassen,035,31185,5202,5163,111,5274,6
2021-05-23,Los Angeles,037,10098052,1206779,1197633,40388,1238021,24197
2021-05-23,Madera,039,155013,16614,16504,925,17429,239
2021-05-23,Marin,041,260295,14094,14048,250,14298,227
2021-05-23,Mariposa,043,17540,430,427,11,438,5
2021-05-23,Mendocino,045,87422,3991,3913,82,3995,47
2021-05-23,Merced,047,269075,30978,31118,1024,32142,455
2021-05-23,Modoc,049,8938,371,366,128,494,3
2021-05-23,Mono,051,14174,1263,1270,17,1287,3
2021-05-23,Monterey,053,433212,43151,43003,1829,44832,379
2021-05-23,Napa,055,140530,9882,9923,33,9956,82
2021-05-23,Nevada,057,99092,4811,4790,188,4978,70
2021-05-23,Orange,059,3164182,255457,254277,11218,265495,5050
2021-05-23,Placer,061,380077,23261,22888,1488,24376,292
2021-05-23,Plumas,063,18699,703,683,11,694,4
2021-05-23,Riverside,065,2383286,294012,288641,13836,302477,4442
2021-05-23,Sacramento,067,1510023,105966,105663,1731,107394,1632
2021-05-23,San Benito,069,59416,6053,6072,112,6184,63
2021-05-23,San Bernardino,071,2135413,293154,292327,8902,301229,4747
2021-05-23,San Diego,073,3302833,280617,279690,14934,294624,3751
2021-05-23,San Francisco,075,870044,36701,36927,1264,38191,547
2021-05-23,San Joaquin,077,732212,73058,72571,3486,76057,1371
2021-05-23,San Luis Obispo,079,281455,21377,21141,732,21873,256
2021-05-23,San Mateo,081,765935,42299,42248,468,42716,433
2021-05-23,Santa Barbara,083,443738,34431,34319,1113,35432,459
2021-05-23,Santa Clara,085,1922200,118560,119333,742,120075,2030
2021-05-23,Santa Cruz,087,273765,16232,16130,797,16927,207
2021-05-23,Shasta,089,179085,12277,12313,1558,13871,201
2021-05-23,Sierra,091,2930,56,54,12,66,0
2021-05-23,Siskiyou,093,43540,1921,1826,345,2171,17
2021-05-23,Solano,095,438530,32781,32780,548,33328,254
2021-05-23,Sonoma,097,501317,30024,30168,327,30495,321
2021-05-23,Stanislaus,099,539301,56300,56104,5867,61971,974
2021-05-23,Sutter,101,95872,9443,9479,84,9563,113
2021-05-23,Tehama,103,63373,5075,5041,561,5602,63
2021-05-23,Trinity,105,12862,483,328,90,418,3
2021-05-23,Tulare,107,460477,50203,49310,8864,58174,838
2021-05-23,Tuolumne,109,53932,4030,4081,42,4123,65
2021-05-23,Ventura,111,848112,81321,80872,2945,83817,1022
2021-05-23,Yolo,113,214977,13991,14004,231,14235,213
2021-05-23,Yuba,115,75493,6042,6017,120,6137,49
2021-05-22,Alameda,001,1643700,88009,88101,1909,90010,1263
2021-05-22,Alpine,002,1148,87,88,0,88,0
2021-05-22,Amador,005,37829,3666,3672,32,3704,46
2021-05-22,Butte,007,227075,12488,12265,1834,14099,189
2021-05-22,Calaveras,009,45235,2150,2141,13,2154,54
2021-05-22,Colusa,011,21464,1940,1949,307,2256,15
2021-05-22,Contra Costa,013,1133247,69489,69004,1250,70254,809
2021-05-22,Del Norte,015,27424,1412,1381,12,1393,8
2021-05-22,El Dorado,017,186661,10293,10215,738,10953,112
2021-05-22,Fresno,019,978130,102600,102238,8584,110822,1698
2021-05-22,Glenn,021,27897,2432,2412,554,2966,17
2021-05-22,Humboldt,023,135768,4232,4194,35,4229,42
2021-05-22,Imperial,025,180216,28597,28574,2680,31254,735
2021-05-22,Inyo,027,18085,1404,1402,12,1414,36
2021-05-22,Kern,029,883053,97246,96260,10793,107053,1319
2021-05-22,Kings,031,150075,23130,22936,1071,24007,246
2021-05-22,Lake,033,64148,3521,3502,9,3511,43
2021-05-22,Lassen,035,31185,5202,5163,111,5274,6
2021-05-22,Los Angeles,037,10098052,1206670,1197454,40380,1237834,24192
2021-05-22,Madera,039,155013,16611,16503,925,17428,239
2021-05-22,Marin,041,260295,14091,14043,250,14293,227
2021-05-22,Mariposa,043,17540,430,427,11,438,5
2021-05-22,Mendocino,045,87422,3985,3908,82,3990,47
2021-05-22,Merced,047,269075,30968,31099,1024,32123,455
2021-05-22,Modoc,049,8938,371,366,128,494,3
2021-05-22,Mono,051,14174,1261,1270,17,1287,3
2021-05-22,Monterey,053,433212,43145,42998,1829,44827,379
2021-05-22,Napa,055,140530,9881,9918,33,9951,82
2021-05-22,Nevada,057,99092,4804,4787,187,4974,70
2021-05-22,Orange,059,3164182,255436,254238,11213,265451,5048
2021-05-22,Placer,061,380077,23247,22865,1487,24352,292
2021-05-22,Plumas,063,18699,702,683,11,694,4
2021-05-22,Riverside,065,2383286,293980,288580,13835,302415,4442
2021-05-22,Sacramento,067,1510023,105891,105551,1728,107279,1632
2021-05-22,San Benito,069,59416,6053,6071,112,6183,63
2021-05-22,San Bernardino,071,2135413,293129,292292,8902,301194,4747
2021-05-22,San Diego,073,3302833,280558,279614,14926,294540,3751
2021-05-22,San Francisco,075,870044,36691,36906,1262,38168,547
2021-05-22,San Joaquin,077,732212,73036,72528,3483,76011,1371
2021-05-22,San Luis Obispo,079,281455,21369,21134,731,21865,256
2021-05-22,San Mateo,081,765935,42289,42218,468,42686,433
2021-05-22,Santa Barbara,083,443738,34427,34313,1112,35425,459
2021-05-22,Santa Clara,085,1922200,118537,119292,742,120034,2030
2021-05-22,Santa Cruz,087,273765,16232,16125,797,16922,207
2021-05-22,Shasta,089,179085,12270,12307,1555,13862,201
2021-05-22,Sierra,091,2930,56,54,12,66,0
2021-05-22,Siskiyou,093,43540,1920,1824,344,2168,17
2021-05-22,Solano,095,438530,32768,32753,548,33301,254
2021-05-22,Sonoma,097,501317,30012,30154,327,30481,321
2021-05-22,Stanislaus,099,539301,56276,56069,5866,61935,974
2021-05-22,Sutter,101,95872,9438,9476,84,9560,113
2021-05-22,Tehama,103,63373,5074,5036,561,5597,63
2021-05-22,Trinity,105,12862,483,328,90,418,3
2021-05-22,Tulare,107,460477,50198,49299,8859,58158,838
2021-05-22,Tuolumne,109,53932,4030,4078,42,4120,65
2021-05-22,Ventura,111,848112,81317,80859,2945,83804,1022
2021-05-22,Yolo,113,214977,13989,13997,231,14228,213
2021-05-22,Yuba,115,75493,6039,6010,120,6130,49
2021-05-21,Alameda,001,1643700,87983,88041,1908,89949,1263
2021-05-21,Alpine,002,1148,87,88,0,88,0
2021-05-21,Amador,005,37829,3663,3672,32,3704,46
2021-05-21,Butte,007,227075,12482,12236,1832,14068,188
2021-05-21,Calaveras,009,45235,2148,2138,13,2151,54
2021-05-21,Colusa,011,21464,1940,1947,307,2254,15
2021-05-21,Contra Costa,013,1133247,69446,68965,1249,70214,810
2021-05-21,Del Norte,015,27424,1411,1376,12,1388,8
2021-05-21,El Dorado,017,186661,10289,10204,738,10942,112
2021-05-21,Fresno,019,978130,102572,102189,8582,110771,1698
2021-05-21,Glenn,021,27897,2431,2408,554,2962,17
2021-05-21,Humboldt,023,135768,4225,4175,35,4210,42
2021-05-21,Imperial,025,180216,28590,28572,2679,31251,732
2021-05-21,Inyo,027,18085,1404,1402,12,1414,36
2021-05-21,Kern,029,883053,97232,96233,10786,107019,1318
2021-05-21,Kings,031,150075,23130,22927,1071,23998,246
2021-05-21,Lake,033,64148,3519,3500,9,3509,43
2021-05-21,Lassen,035,31185,5201,5161,111,5272,6
2021-05-21,Los Angeles,037,10098052,1206552,1197263,40372,1237635,24180
2021-05-21,Madera,039,155013,16610,16500,924,17424,238
2021-05-21,Marin,041,260295,14086,14042,250,14292,227
2021-05-21,Mariposa,043,17540,429,427,11,438,5
2021-05-21,Mendocino,045,87422,3980,3897,82,3979,47
2021-05-21,Merced,047,269075,30960,31076,1024,32100,455
2021-05-21,Modoc,049,8938,371,365,128,493,3
2021-05-21,Mono,051,14174,1261,1269,17,1286,3
2021-05-21,Monterey,053,433212,43143,42995,1829,44824,379
2021-05-21,Napa,055,140530,9877,9913,33,9946,82
2021-05-21,Nevada,057,99092,4803,4779,187,4966,70
2021-05-21,Orange,059,3164182,255416,254171,11211,265382,5042
2021-05-21,Placer,061,380077,23238,22853,1487,24340,292
2021-05-21,Plumas,063,18699,702,683,10,693,4
2021-05-21,Riverside,065,2383286,293953,288499,13828,302327,4442
2021-05-21,Sacramento,067,1510023,105823,105476,1725,107201,1632
2021-05-21,San Benito,069,59416,6053,6068,112,6180,63
2021-05-21,San Bernardino,071,2135413,293097,292205,8900,301105,4744
2021-05-21,San Diego,073,3302833,280485,279554,14916,294470,3748
2021-05-21,San Francisco,075,870044,36686,36879,1262,38141,546
2021-05-21,San Joaquin,077,732212,73016,72467,3481,75948,1371
2021-05-21,San Luis Obispo,079,281455,21363,21128,728,21856,256
2021-05-21,San Mateo,081,765935,42276,42163,467,42630,432
2021-05-21,Santa Barbara,083,443738,34422,34302,1112,35414,459
2021-05-21,Santa Clara,085,1922200,118510,119247,742,119989,2029
2021-05-21,Santa Cruz,087,273765,16228,16120,797,16917,207
2021-05-21,Shasta,089,179085,12253,12289,1553,13842,201
2021-05-21,Sierra,091,2930,56,54,12,66,0
2021-05-21,Siskiyou,093,43540,1919,1815,344,2159,16
2021-05-21,Solano,095,438530,32753,32742,548,33290,254
2021-05-21,Sonoma,097,501317,29999,30126,327,30453,321
2021-05-21,Stanislaus,099,539301,56246,56036,5864,61900,975
2021-05-21,Sutter,101,95872,9436,9470,84,9554,113
2021-05-21,Tehama,103,63373,5068,5030,561,5591,63
2021-05-21,Trinity,105,12862,483,329,89,418,3
2021-05-21,Tulare,107,460477,50193,49271,8857,58128,838
2021-05-21,Tuolumne,109,53932,4028,4079,42,4121,65
2021-05-21,Ventura,111,848112,81309,80821,2942,83763,1021
2021-05-21,Yolo,113,214977,13983,13983,231,14214,213
2021-05-21,Yuba,115,75493,6033,6006,120,6126,49
2021-05-20,Alameda,001,1643700,87940,87975,1906,89881,1264
2021-05-20,Alpine,002,1148,87,88,0,88,0
2021-05-20,Amador,005,37829,3662,3671,32,3703,46
2021-05-20,Butte,007,227075,12475,12220,1829,14049,188
2021-05-20,Calaveras,009,45235,2144,2138,13,2151,54
2021-05-20,Colusa,011,21464,1939,1946,305,2251,15
2021-05-20,Contra Costa,013,1133247,69401,68913,1247,70160,809
2021-05-20,Del Norte,015,27424,1411,1373,12,1385,8
2021-05-20,El Dorado,017,186661,10279,10188,738,10926,112
2021-05-20,Fresno,019,978130,102550,102135,8580,110715,1696
2021-05-20,Glenn,021,27897,2428,2406,554,2960,17
2021-05-20,Humboldt,023,135768,4208,4162,34,4196,42
2021-05-20,Imperial,025,180216,28585,28551,2679,31230,732
2021-05-20,Inyo,027,18085,1404,1402,12,1414,36
2021-05-20,Kern,029,883053,97211,96204,10779,106983,1317
2021-05-20,Kings,031,150075,23128,22922,1071,23993,246
2021-05-20,Lake,033,64148,3516,3500,9,3509,43
2021-05-20,Lassen,035,31185,5199,5160,110,5270,6
2021-05-20,Los Angeles,037,10098052,1206395,1197073,40362,1237435,24168
2021-05-20,Madera,039,155013,16604,16499,922,17421,238
2021-05-20,Marin,041,260295,14082,14036,249,14285,227
2021-05-20,Mariposa,043,17540,429,426,11,437,5
2021-05-20,Mendocino,045,87422,3973,3897,82,3979,47
2021-05-20,Merced,047,269075,30947,31046,1023,32069,454
2021-05-20,Modoc,049,8938,371,365,128,493,3
2021-05-20,Mono,051,14174,1260,1269,17,1286,3
2021-05-20,Monterey,053,433212,43137,42984,1828,44812,379
2021-05-20,Napa,055,140530,9874,9913,33,9946,82
2021-05-20,Nevada,057,99092,4802,4775,187,4962,70
2021-05-20,Orange,059,3164182,255373,254127,11208,265335,5038
2021-05-20,Placer,061,380077,23225,22823,1486,24309,292
2021-05-20,Plumas,063,18699,700,682,10,692,4
2021-05-20,Riverside,065,2383286,293905,288453,13823,302276,4442
2021-05-20,Sacramento,067,1510023,105727,105414,1722,107136,1629
2021-05-20,San Benito,069,59416,6052,6067,112,6179,63
2021-05-20,San Bernardino,071,2135413,293051,292153,8899,301052,4728
2021-05-20,San Diego,073,3302833,280397,279490,14904,294394,3749
2021-05-20,San Francisco,075,870044,36677,36860,1262,38122,546
2021-05-20,San Joaquin,077,732212,72978,72388,3479,75867,1371
2021-05-20,San Luis Obispo,079,281455,21351,21095,726,21821,256
2021-05-20,San Mateo,081,765935,42262,42152,465,42617,432
2021-05-20,Santa Barbara,083,443738,34418,34293,1112,35405,459
2021-05-20,Santa Clara,085,1922200,118489,119222,742,119964,2029
2021-05-20,Santa Cruz,087,273765,16223,16119,797,16916,207
2021-05-20,Shasta,089,179085,12240,12266,1550,13816,200
2021-05-20,Sierra,091,2930,56,54,12,66,0
2021-05-20,Siskiyou,093,43540,1912,1811,343,2154,16
2021-05-20,Solano,095,438530,32738,32725,548,33273,253
2021-05-20,Sonoma,097,501317,29982,30107,326,30433,321
2021-05-20,Stanislaus,099,539301,56217,55979,5862,61841,970
2021-05-20,Sutter,101,95872,9432,9467,84,9551,113
2021-05-20,Tehama,103,63373,5066,5029,561,5590,63
2021-05-20,Trinity,105,12862,483,329,88,417,3
2021-05-20,Tulare,107,460477,50182,49217,8854,58071,837
2021-05-20,Tuolumne,109,53932,4027,4077,42,4119,65
2021-05-20,Ventura,111,848112,81298,80800,2942,83742,1019
2021-05-20,Yolo,113,214977,13978,13973,231,14204,211
2021-05-20,Yuba,115,75493,6024,6002,120,6122,49
2021-05-19,Alameda,001,1643700,87901,87889,1905,89794,1260
2021-05-19,Alpine,002,1148,87,88,0,88,0
2021-05-19,Amador,005,37829,3662,3669,32,3701,46
2021-05-19,Butte,007,227075,12464,12198,1829,14027,188
2021-05-19,Calaveras,009,45235,2140,2132,13,2145,54
2021-05-19,Colusa,011,21464,1939,1945,303,2248,15
2021-05-19,Contra Costa,013,1133247,69354,68836,1247,70083,808
2021-05-19,Del Norte,015,27424,1409,1371,12,1383,8
2021-05-19,El Dorado,017,186661,10274,10179,737,10916,112
2021-05-19,Fresno,019,978130,102519,102085,8577,110662,1693
2021-05-19,Glenn,021,27897,2428,2404,554,2958,17
2021-05-19,Humboldt,023,135768,4198,4143,34,4177,42
2021-05-19,Imperial,025,180216,28576,28550,2679,31229,732
2021-05-19,Inyo,027,18085,1404,1402,12,1414,36
2021-05-19,Kern,029,883053,97182,96173,10772,106945,1316
2021-05-19,Kings,031,150075,23122,22919,1071,23990,246
2021-05-19,Lake,033,64148,3516,3497,9,3506,43
2021-05-19,Lassen,035,31185,5198,5157,110,5267,6
2021-05-19,Los Angeles,037,10098052,1206198,1196856,40348,1237204,24143
2021-05-19,Madera,039,155013,16601,16496,922,17418,238
2021-05-19,Marin,041,260295,14078,14033,247,14280,227
2021-05-19,Mariposa,043,17540,429,425,11,436,5
2021-05-19,Mendocino,045,87422,3969,3886,82,3968,47
2021-05-19,Merced,047,269075,30931,31044,1023,32067,452
2021-05-19,Modoc,049,8938,371,364,125,489,3
2021-05-19,Mono,051,14174,1260,1266,17,1283,3
2021-05-19,Monterey,053,433212,43132,42973,1827,44800,379
2021-05-19,Napa,055,140530,9871,9906,33,9939,82
2021-05-19,Nevada,057,99092,4800,4769,187,4956,70
2021-05-19,Orange,059,3164182,255336,254087,11198,265285,5035
2021-05-19,Placer,061,380077,23206,22784,1481,24265,291
2021-05-19,Plumas,063,18699,700,682,10,692,4
2021-05-19,Riverside,065,2383286,293859,288398,13821,302219,4442
2021-05-19,Sacramento,067,1510023,105648,105225,1721,106946,1629
2021-05-19,San Benito,069,59416,6051,6064,112,6176,63
2021-05-19,San Bernardino,071,2135413,293007,292078,8896,300974,4725
2021-05-19,San Diego,073,3302833,280312,279345,14883,294228,3746
2021-05-19,San Francisco,075,870044,36664,36835,1261,38096,546
2021-05-19,San Joaquin,077,732212,72935,72338,3474,75812,1369
2021-05-19,San Luis Obispo,079,281455,21343,21085,725,21810,256
2021-05-19,San Mateo,081,765935,42255,42126,465,42591,429
2021-05-19,Santa Barbara,083,443738,34410,34292,1112,35404,459
2021-05-19,Santa Clara,085,1922200,118449,119176,741,119917,2015
2021-05-19,Santa Cruz,087,273765,16219,16121,796,16917,207
2021-05-19,Shasta,089,179085,12222,12233,1547,13780,200
2021-05-19,Sierra,091,2930,56,54,12,66,0
2021-05-19,Siskiyou,093,43540,1909,1803,342,2145,16
2021-05-19,Solano,095,438530,32711,32678,546,33224,253
2021-05-19,Sonoma,097,501317,29967,30080,326,30406,321
2021-05-19,Stanislaus,099,539301,56197,55912,5857,61769,967
2021-05-19,Sutter,101,95872,9425,9459,83,9542,113
2021-05-19,Tehama,103,63373,5057,5026,557,5583,63
2021-05-19,Trinity,105,12862,483,329,88,417,3
2021-05-19,Tulare,107,460477,50169,49163,8849,58012,837
2021-05-19,Tuolumne,109,53932,4027,4074,42,4116,64
2021-05-19,Ventura,111,848112,81283,80747,2941,83688,1019
2021-05-19,Yolo,113,214977,13972,13961,230,14191,211
2021-05-19,Yuba,115,75493,6020,5993,120,6113,49
2021-05-18,Alameda,001,1643700,87827,87816,1905,89721,1254
2021-05-18,Alpine,002,1148,87,88,0,88,0
2021-05-18,Amador,005,37829,3662,3669,32,3701,46
2021-05-18,Butte,007,227075,12451,12164,1826,13990,191
2021-05-18,Calaveras,009,45235,2136,2131,13,2144,54
2021-05-18,Colusa,011,21464,1939,1943,303,2246,14
2021-05-18,Contra Costa,013,1133247,69297,68750,1246,69996,808
2021-05-18,Del Norte,015,27424,1406,1371,12,1383,8
2021-05-18,El Dorado,017,186661,10263,10169,736,10905,112
2021-05-18,Fresno,019,978130,102483,102056,8574,110630,1690
2021-05-18,Glenn,021,27897,2422,2403,553,2956,17
2021-05-18,Humboldt,023,135768,4180,4132,34,4166,42
2021-05-18,Imperial,025,180216,28571,28538,2677,31215,730
2021-05-18,Inyo,027,18085,1404,1401,12,1413,36
2021-05-18,Kern,029,883053,97149,96128,10758,106886,1315
2021-05-18,Kings,031,150075,23116,22916,1071,23987,247
2021-05-18,Lake,033,64148,3514,3495,9,3504,43
2021-05-18,Lassen,035,31185,5197,5157,109,5266,6
2021-05-18,Los Angeles,037,10098052,1206018,1196668,40337,1237005,24133
2021-05-18,Madera,039,155013,16591,16491,921,17412,238
2021-05-18,Marin,041,260295,14075,14026,247,14273,227
2021-05-18,Mariposa,043,17540,429,424,11,435,5
2021-05-18,Mendocino,045,87422,3957,3877,81,3958,47
2021-05-18,Merced,047,269075,30912,31036,1023,32059,452
2021-05-18,Modoc,049,8938,370,364,124,488,3
2021-05-18,Mono,051,14174,1259,1265,17,1282,3
2021-05-18,Monterey,053,433212,43126,43001,1827,44828,379
2021-05-18,Napa,055,140530,9871,9905,33,9938,82
2021-05-18,Nevada,057,99092,4793,4762,187,4949,70
2021-05-18,Orange,059,3164182,255296,254041,11188,265229,5031
2021-05-18,Placer,061,380077,23173,22726,1477,24203,291
2021-05-18,Plumas,063,18699,700,682,10,692,4
2021-05-18,Riverside,065,2383286,293804,288354,13814,302168,4438
2021-05-18,Sacramento,067,1510023,105546,105083,1719,106802,1629
2021-05-18,San Benito,069,59416,6050,6065,112,6177,63
2021-05-18,San Bernardino,071,2135413,292949,292014,8891,300905,4722
2021-05-18,San Diego,073,3302833,280204,279254,14874,294128,3742
2021-05-18,San Francisco,075,870044,36644,36818,1261,38079,546
2021-05-18,San Joaquin,077,732212,72888,72282,3470,75752,1368
2021-05-18,San Luis Obispo,079,281455,21333,21080,723,21803,256
2021-05-18,San Mateo,081,765935,42243,42099,464,42563,428
2021-05-18,Santa Barbara,083,443738,34401,34278,1112,35390,459
2021-05-18,Santa Clara,085,1922200,118422,119171,741,119912,2014
2021-05-18,Santa Cruz,087,273765,16211,16137,796,16933,207
2021-05-18,Shasta,089,179085,12204,12197,1541,13738,200
2021-05-18,Sierra,091,2930,56,54,12,66,0
2021-05-18,Siskiyou,093,43540,1908,1799,342,2141,16
2021-05-18,Solano,095,438530,32686,32644,546,33190,253
2021-05-18,Sonoma,097,501317,29947,30054,325,30379,321
2021-05-18,Stanislaus,099,539301,56161,55860,5857,61717,959
2021-05-18,Sutter,101,95872,9417,9453,83,9536,113
2021-05-18,Tehama,103,63373,5051,5020,555,5575,63
2021-05-18,Trinity,105,12862,483,329,87,416,3
2021-05-18,Tulare,107,460477,50161,49142,8844,57986,836
2021-05-18,Tuolumne,109,53932,4025,4073,42,4115,64
2021-05-18,Ventura,111,848112,81267,80726,2939,83665,1017
2021-05-18,Yolo,113,214977,13964,13951,230,14181,211
2021-05-18,Yuba,115,75493,6016,5989,120,6109,49
2021-05-17,Alameda,001,1643700,87774,87766,1902,89668,1253
2021-05-17,Alpine,002,1148,87,88,0,88,0
2021-05-17,Amador,005,37829,3659,3668,32,3700,46
2021-05-17,Butte,007,227075,12443,12144,1826,13970,192
2021-05-17,Calaveras,009,45235,2136,2131,13,2144,53
2021-05-17,Colusa,011,21464,1939,1943,303,2246,14
2021-05-17,Contra Costa,013,1133247,69242,68720,1245,69965,805
2021-05-17,Del Norte,015,27424,1401,1369,12,1381,8
2021-05-17,El Dorado,017,186661,10246,10163,736,10899,112
2021-05-17,Fresno,019,978130,102439,102013,8566,110579,1690
2021-05-17,Glenn,021,27897,2422,2401,553,2954,17
2021-05-17,Humboldt,023,135768,4169,4112,34,4146,42
2021-05-17,Imperial,025,180216,28565,28533,2675,31208,729
2021-05-17,Inyo,027,18085,1404,1401,12,1413,36
2021-05-17,Kern,029,883053,97120,96095,10740,106835,1315
2021-05-17,Kings,031,150075,23113,22918,1071,23989,246
2021-05-17,Lake,033,64148,3509,3489,9,3498,43
2021-05-17,Lassen,035,31185,5194,5156,108,5264,6
2021-05-17,Los Angeles,037,10098052,1205837,1196556,40331,1236887,24123
2021-05-17,Madera,039,155013,16584,16486,921,17407,238
2021-05-17,Marin,041,260295,14069,14021,247,14268,227
2021-05-17,Mariposa,043,17540,428,423,11,434,5
2021-05-17,Mendocino,045,87422,3948,3868,81,3949,46
2021-05-17,Merced,047,269075,30897,31031,1023,32054,450
2021-05-17,Modoc,049,8938,369,362,124,486,3
2021-05-17,Mono,051,14174,1255,1265,17,1282,3
2021-05-17,Monterey,053,433212,43119,42995,1827,44822,379
2021-05-17,Napa,055,140530,9870,9894,33,9927,82
2021-05-17,Nevada,057,99092,4789,4761,186,4947,70
2021-05-17,Orange,059,3164182,255249,253993,11181,265174,5031
2021-05-17,Placer,061,380077,23150,22706,1470,24176,289
2021-05-17,Plumas,063,18699,700,682,10,692,4
2021-05-17,Riverside,065,2383286,293735,288304,13810,302114,4433
2021-05-17,Sacramento,067,1510023,105439,105035,1717,106752,1629
2021-05-17,San Benito,069,59416,6047,6067,112,6179,63
2021-05-17,San Bernardino,071,2135413,292899,291989,8883,300872,4724
2021-05-17,San Diego,073,3302833,280072,279146,14852,293998,3742
2021-05-17,San Francisco,075,870044,36632,36816,1259,38075,546
2021-05-17,San Joaquin,077,732212,72850,72234,3467,75701,1359
2021-05-17,San Luis Obispo,079,281455,21324,21079,721,21800,256
2021-05-17,San Mateo,081,765935,42215,42083,464,42547,428
2021-05-17,Santa Barbara,083,443738,34394,34275,1112,35387,459
2021-05-17,Santa Clara,085,1922200,118385,119116,739,119855,2015
2021-05-17,Santa Cruz,087,273765,16208,16151,796,16947,206
2021-05-17,Shasta,089,179085,12182,12163,1540,13703,200
2021-05-17,Sierra,091,2930,56,54,12,66,0
2021-05-17,Siskiyou,093,43540,1899,1795,339,2134,15
2021-05-17,Solano,095,438530,32668,32627,545,33172,253
2021-05-17,Sonoma,097,501317,29924,30043,324,30367,321
2021-05-17,Stanislaus,099,539301,56113,55839,5850,61689,951
2021-05-17,Sutter,101,95872,9410,9447,83,9530,113
2021-05-17,Tehama,103,63373,5047,5016,554,5570,63
2021-05-17,Trinity,105,12862,483,328,87,415,3
2021-05-17,Tulare,107,460477,50139,49107,8839,57946,836
2021-05-17,Tuolumne,109,53932,4025,4071,42,4113,64
2021-05-17,Ventura,111,848112,81247,80699,2939,83638,1017
2021-05-17,Yolo,113,214977,13957,13941,230,14171,211
2021-05-17,Yuba,115,75493,6008,5987,120,6107,49
2021-05-16,Alameda,001,1643700,87710,87743,1902,89645,1253
2021-05-16,Alpine,002,1148,87,88,0,88,0
2021-05-16,Amador,005,37829,3658,3667,32,3699,46
2021-05-16,Butte,007,227075,12429,12140,1825,13965,192
2021-05-16,Calaveras,009,45235,2134,2129,13,2142,53
2021-05-16,Colusa,011,21464,1937,1943,303,2246,14
2021-05-16,Contra Costa,013,1133247,69174,68694,1243,69937,805
2021-05-16,Del Norte,015,27424,1398,1365,12,1377,8
2021-05-16,El Dorado,017,186661,10230,10159,735,10894,112
2021-05-16,Fresno,019,978130,102395,101987,8560,110547,1690
2021-05-16,Glenn,021,27897,2422,2401,552,2953,17
2021-05-16,Humboldt,023,135768,4155,4104,34,4138,42
2021-05-16,Imperial,025,180216,28554,28516,2674,31190,729
2021-05-16,Inyo,027,18085,1404,1401,12,1413,36
2021-05-16,Kern,029,883053,97087,96083,10720,106803,1315
2021-05-16,Kings,031,150075,23109,22918,1068,23986,246
2021-05-16,Lake,033,64148,3506,3489,9,3498,43
2021-05-16,Lassen,035,31185,5193,5156,108,5264,6
2021-05-16,Los Angeles,037,10098052,1205611,1196397,40315,1236712,24120
2021-05-16,Madera,039,155013,16579,16483,918,17401,238
2021-05-16,Marin,041,260295,14066,14015,247,14262,227
2021-05-16,Mariposa,043,17540,428,423,11,434,5
2021-05-16,Mendocino,045,87422,3938,3863,81,3944,46
2021-05-16,Merced,047,269075,30876,31023,1021,32044,450
2021-05-16,Modoc,049,8938,369,362,124,486,3
2021-05-16,Mono,051,14174,1255,1265,17,1282,3
2021-05-16,Monterey,053,433212,43114,42991,1827,44818,379
2021-05-16,Napa,055,140530,9867,9891,33,9924,82
2021-05-16,Nevada,057,99092,4785,4755,186,4941,70
2021-05-16,Orange,059,3164182,255217,253962,11178,265140,5031
2021-05-16,Placer,061,380077,23118,22696,1464,24160,289
2021-05-16,Plumas,063,18699,699,682,10,692,4
2021-05-16,Riverside,065,2383286,293659,288259,13801,302060,4433
2021-05-16,Sacramento,067,1510023,105325,105013,1715,106728,1628
2021-05-16,San Benito,069,59416,6046,6067,111,6178,63
2021-05-16,San Bernardino,071,2135413,292827,291940,8881,300821,4724
2021-05-16,San Diego,073,3302833,279954,279099,14839,293938,3742
2021-05-16,San Francisco,075,870044,36608,36808,1258,38066,546
2021-05-16,San Joaquin,077,732212,72801,72218,3462,75680,1359
2021-05-16,San Luis Obispo,079,281455,21316,21072,720,21792,256
2021-05-16,San Mateo,081,765935,42204,42063,463,42526,428
2021-05-16,Santa Barbara,083,443738,34387,34270,1112,35382,459
2021-05-16,Santa Clara,085,1922200,118355,119098,738,119836,2015
2021-05-16,Santa Cruz,087,273765,16206,16143,796,16939,206
2021-05-16,Shasta,089,179085,12166,12156,1536,13692,200
2021-05-16,Sierra,091,2930,56,54,12,66,0
2021-05-16,Siskiyou,093,43540,1895,1790,338,2128,15
2021-05-16,Solano,095,438530,32635,32619,543,33162,253
2021-05-16,Sonoma,097,501317,29905,30033,324,30357,321
2021-05-16,Stanislaus,099,539301,56060,55814,5839,61653,951
2021-05-16,Sutter,101,95872,9403,9445,83,9528,113
2021-05-16,Tehama,103,63373,5043,5013,553,5566,63
2021-05-16,Trinity,105,12862,483,328,87,415,3
2021-05-16,Tulare,107,460477,50122,49091,8836,57927,837
2021-05-16,Tuolumne,109,53932,4021,4070,42,4112,64
2021-05-16,Ventura,111,848112,81216,80689,2939,83628,1017
2021-05-16,Yolo,113,214977,13942,13938,230,14168,211
2021-05-16,Yuba,115,75493,6005,5987,120,6107,49
2021-05-15,Alameda,001,1643700,87684,87677,1901,89578,1252
2021-05-15,Alpine,002,1148,87,88,0,88,0
2021-05-15,Amador,005,37829,3658,3666,32,3698,46
2021-05-15,Butte,007,227075,12422,12095,1824,13919,192
2021-05-15,Calaveras,009,45235,2133,2126,13,2139,53
2021-05-15,Colusa,011,21464,1937,1941,301,2242,14
2021-05-15,Contra Costa,013,1133247,69128,68658,1243,69901,805
2021-05-15,Del Norte,015,27424,1393,1359,12,1371,8
2021-05-15,El Dorado,017,186661,10218,10156,734,10890,112
2021-05-15,Fresno,019,978130,102358,101957,8558,110515,1690
2021-05-15,Glenn,021,27897,2422,2400,552,2952,17
2021-05-15,Humboldt,023,135768,4145,4080,34,4114,42
2021-05-15,Imperial,025,180216,28551,28504,2673,31177,729
2021-05-15,Inyo,027,18085,1404,1402,12,1414,36
2021-05-15,Kern,029,883053,97073,96061,10706,106767,1315
2021-05-15,Kings,031,150075,23108,22913,1068,23981,246
2021-05-15,Lake,033,64148,3505,3485,9,3494,43
2021-05-15,Lassen,035,31185,5190,5156,107,5263,6
2021-05-15,Los Angeles,037,10098052,1205488,1196255,40302,1236557,24115
2021-05-15,Madera,039,155013,16576,16482,918,17400,238
2021-05-15,Marin,041,260295,14062,14012,247,14259,227
2021-05-15,Mariposa,043,17540,428,423,11,434,5
2021-05-15,Mendocino,045,87422,3935,3861,81,3942,46
2021-05-15,Merced,047,269075,30855,31012,1021,32033,450
2021-05-15,Modoc,049,8938,369,362,124,486,3
2021-05-15,Mono,051,14174,1255,1265,17,1282,3
2021-05-15,Monterey,053,433212,43110,42982,1827,44809,379
2021-05-15,Napa,055,140530,9864,9887,33,9920,82
2021-05-15,Nevada,057,99092,4784,4755,186,4941,70
2021-05-15,Orange,059,3164182,255190,253919,11171,265090,5030
2021-05-15,Placer,061,380077,23097,22688,1464,24152,289
2021-05-15,Plumas,063,18699,699,681,10,691,4
2021-05-15,Riverside,065,2383286,293617,288203,13796,301999,4433
2021-05-15,Sacramento,067,1510023,105253,104929,1712,106641,1628
2021-05-15,San Benito,069,59416,6046,6066,111,6177,63
2021-05-15,San Bernardino,071,2135413,292785,291892,8879,300771,4724
2021-05-15,San Diego,073,3302833,279883,278991,14824,293815,3737
2021-05-15,San Francisco,075,870044,36592,36795,1256,38051,546
2021-05-15,San Joaquin,077,732212,72775,72197,3460,75657,1359
2021-05-15,San Luis Obispo,079,281455,21313,21061,719,21780,256
2021-05-15,San Mateo,081,765935,42188,42059,463,42522,428
2021-05-15,Santa Barbara,083,443738,34379,34259,1112,35371,459
2021-05-15,Santa Clara,085,1922200,118334,119060,738,119798,2016
2021-05-15,Santa Cruz,087,273765,16202,16137,796,16933,206
2021-05-15,Shasta,089,179085,12154,12152,1533,13685,200
2021-05-15,Sierra,091,2930,56,54,12,66,0
2021-05-15,Siskiyou,093,43540,1889,1788,336,2124,15
2021-05-15,Solano,095,438530,32626,32604,542,33146,253
2021-05-15,Sonoma,097,501317,29886,30020,324,30344,321
2021-05-15,Stanislaus,099,539301,56029,55795,5832,61627,952
2021-05-15,Sutter,101,95872,9401,9436,83,9519,113
2021-05-15,Tehama,103,63373,5039,5012,552,5564,63
2021-05-15,Trinity,105,12862,483,328,87,415,3
2021-05-15,Tulare,107,460477,50112,49080,8832,57912,837
2021-05-15,Tuolumne,109,53932,4019,4064,42,4106,63
2021-05-15,Ventura,111,848112,81205,80662,2939,83601,1017
2021-05-15,Yolo,113,214977,13935,13932,229,14161,211
2021-05-15,Yuba,115,75493,6002,5979,119,6098,49
2021-05-14,Alameda,001,1643700,87650,87621,1899,89520,1249
2021-05-14,Alpine,002,1148,87,88,0,88,0
2021-05-14,Amador,005,37829,3658,3665,32,3697,46
2021-05-14,Butte,007,227075,12413,12076,1821,13897,192
2021-05-14,Calaveras,009,45235,2129,2121,13,2134,53
2021-05-14,Colusa,011,21464,1936,1940,300,2240,14
2021-05-14,Contra Costa,013,1133247,69086,68589,1241,69830,806
2021-05-14,Del Norte,015,27424,1393,1355,12,1367,8
2021-05-14,El Dorado,017,186661,10211,10143,733,10876,113
2021-05-14,Fresno,019,978130,102329,101917,8552,110469,1688
2021-05-14,Glenn,021,27897,2421,2398,552,2950,17
2021-05-14,Humboldt,023,135768,4138,4050,34,4084,37
2021-05-14,Imperial,025,180216,28543,28485,2672,31157,728
2021-05-14,Inyo,027,18085,1404,1400,12,1412,36
2021-05-14,Kern,029,883053,97043,96033,10697,106730,1311
2021-05-14,Kings,031,150075,23107,22910,1068,23978,246
2021-05-14,Lake,033,64148,3501,3483,9,3492,43
2021-05-14,Lassen,035,31185,5190,5154,107,5261,6
2021-05-14,Los Angeles,037,10098052,1205353,1196038,40297,1236335,24101
2021-05-14,Madera,039,155013,16573,16474,918,17392,238
2021-05-14,Marin,041,260295,14058,14010,247,14257,227
2021-05-14,Mariposa,043,17540,428,422,11,433,5
2021-05-14,Mendocino,045,87422,3933,3855,81,3936,46
2021-05-14,Merced,047,269075,30845,31010,1021,32031,450
2021-05-14,Modoc,049,8938,369,362,124,486,3
2021-05-14,Mono,051,14174,1254,1265,17,1282,3
2021-05-14,Monterey,053,433212,43105,42973,1827,44800,380
2021-05-14,Napa,055,140530,9861,9883,33,9916,82
2021-05-14,Nevada,057,99092,4779,4745,186,4931,70
2021-05-14,Orange,059,3164182,255156,253855,11164,265019,5028
2021-05-14,Placer,061,380077,23078,22660,1458,24118,287
2021-05-14,Plumas,063,18699,698,680,10,690,4
2021-05-14,Riverside,065,2383286,293567,288140,13793,301933,4433
2021-05-14,Sacramento,067,1510023,105164,104828,1711,106539,1627
2021-05-14,San Benito,069,59416,6046,6064,111,6175,63
2021-05-14,San Bernardino,071,2135413,292737,291834,8879,300713,4721
2021-05-14,San Diego,073,3302833,279810,278853,14813,293666,3732
2021-05-14,San Francisco,075,870044,36583,36771,1252,38023,545
2021-05-14,San Joaquin,077,732212,72743,72160,3453,75613,1359
2021-05-14,San Luis Obispo,079,281455,21309,21051,719,21770,256
2021-05-14,San Mateo,081,765935,42178,42041,463,42504,428
2021-05-14,Santa Barbara,083,443738,34369,34243,1112,35355,456
2021-05-14,Santa Clara,085,1922200,118305,119006,738,119744,2014
2021-05-14,Santa Cruz,087,273765,16197,16130,796,16926,207
2021-05-14,Shasta,089,179085,12148,12130,1528,13658,200
2021-05-14,Sierra,091,2930,56,54,12,66,0
2021-05-14,Siskiyou,093,43540,1882,1779,335,2114,14
2021-05-14,Solano,095,438530,32606,32585,541,33126,252
2021-05-14,Sonoma,097,501317,29867,30007,324,30331,321
2021-05-14,Stanislaus,099,539301,55994,55752,5826,61578,950
2021-05-14,Sutter,101,95872,9392,9433,81,9514,113
2021-05-14,Tehama,103,63373,5032,5005,552,5557,63
2021-05-14,Trinity,105,12862,483,328,87,415,3
2021-05-14,Tulare,107,460477,50095,49060,8827,57887,836
2021-05-14,Tuolumne,109,53932,4019,4060,42,4102,63
2021-05-14,Ventura,111,848112,81191,80628,2939,83567,1014
2021-05-14,Yolo,113,214977,13930,13922,225,14147,210
2021-05-14,Yuba,115,75493,5998,5970,119,6089,47
2021-05-13,Alameda,001,1643700,87607,87557,1898,89455,1250
2021-05-13,Alpine,002,1148,87,88,0,88,0
2021-05-13,Amador,005,37829,3658,3662,32,3694,46
2021-05-13,Butte,007,227075,12399,12051,1820,13871,196
2021-05-13,Calaveras,009,45235,2127,2120,13,2133,53
2021-05-13,Colusa,011,21464,1935,1939,296,2235,14
2021-05-13,Contra Costa,013,1133247,69038,68522,1240,69762,806
2021-05-13,Del Norte,015,27424,1391,1354,12,1366,8
2021-05-13,El Dorado,017,186661,10208,10133,733,10866,112
2021-05-13,Fresno,019,978130,102300,101862,8551,110413,1687
2021-05-13,Glenn,021,27897,2420,2395,552,2947,17
2021-05-13,Humboldt,023,135768,4120,4027,34,4061,37
2021-05-13,Imperial,025,180216,28528,28468,2670,31138,729
2021-05-13,Inyo,027,18085,1404,1400,12,1412,36
2021-05-13,Kern,029,883053,97019,95996,10678,106674,1311
2021-05-13,Kings,031,150075,23106,22904,1068,23972,246
2021-05-13,Lake,033,64148,3501,3479,9,3488,43
2021-05-13,Lassen,035,31185,5190,5152,106,5258,6
2021-05-13,Los Angeles,037,10098052,1205164,1195504,40283,1235787,24083
2021-05-13,Madera,039,155013,16565,16467,918,17385,238
2021-05-13,Marin,041,260295,14053,14004,245,14249,227
2021-05-13,Mariposa,043,17540,428,422,11,433,5
2021-05-13,Mendocino,045,87422,3929,3846,81,3927,46
2021-05-13,Merced,047,269075,30838,30989,1020,32009,450
2021-05-13,Modoc,049,8938,369,362,124,486,3
2021-05-13,Mono,051,14174,1254,1265,17,1282,3
2021-05-13,Monterey,053,433212,43090,42966,1827,44793,380
2021-05-13,Napa,055,140530,9854,9877,33,9910,82
2021-05-13,Nevada,057,99092,4775,4743,185,4928,70
2021-05-13,Orange,059,3164182,255110,253778,11162,264940,5026
2021-05-13,Placer,061,380077,23051,22668,1451,24119,288
2021-05-13,Plumas,063,18699,698,680,10,690,4
2021-05-13,Riverside,065,2383286,293501,288067,13788,301855,4433
2021-05-13,Sacramento,067,1510023,105078,104711,1709,106420,1626
2021-05-13,San Benito,069,59416,6044,6062,111,6173,63
2021-05-13,San Bernardino,071,2135413,292671,291765,8879,300644,4722
2021-05-13,San Diego,073,3302833,279696,278592,14796,293388,3729
2021-05-13,San Francisco,075,870044,36559,36741,1250,37991,544
2021-05-13,San Joaquin,077,732212,72701,72096,3449,75545,1357
2021-05-13,San Luis Obispo,079,281455,21294,21043,718,21761,255
2021-05-13,San Mateo,081,765935,42161,42059,463,42522,426
2021-05-13,Santa Barbara,083,443738,34357,34242,1112,35354,456
2021-05-13,Santa Clara,085,1922200,118278,118952,738,119690,2013
2021-05-13,Santa Cruz,087,273765,16191,16129,796,16925,208
2021-05-13,Shasta,089,179085,12128,12111,1524,13635,200
2021-05-13,Sierra,091,2930,56,54,12,66,0
2021-05-13,Siskiyou,093,43540,1875,1769,332,2101,14
2021-05-13,Solano,095,438530,32593,32548,539,33087,252
2021-05-13,Sonoma,097,501317,29842,29991,324,30315,321
2021-05-13,Stanislaus,099,539301,55956,55678,5820,61498,949
2021-05-13,Sutter,101,95872,9387,9431,80,9511,112
2021-05-13,Tehama,103,63373,5027,4997,552,5549,63
2021-05-13,Trinity,105,12862,482,327,86,413,3
2021-05-13,Tulare,107,460477,50069,49032,8819,57851,837
2021-05-13,Tuolumne,109,53932,4018,4059,42,4101,63
2021-05-13,Ventura,111,848112,81161,80615,2938,83553,1012
2021-05-13,Yolo,113,214977,13921,13914,223,14137,210
2021-05-13,Yuba,115,75493,5989,5962,119,6081,47
2021-05-12,Alameda,001,1643700,87575,87482,1896,89378,1261
2021-05-12,Alpine,002,1148,87,88,0,88,0
2021-05-12,Amador,005,37829,3658,3658,32,3690,46
2021-05-12,Butte,007,227075,12389,12026,1820,13846,199
2021-05-12,Calaveras,009,45235,2124,2119,13,2132,53
2021-05-12,Colusa,011,21464,1933,1939,295,2234,14
2021-05-12,Contra Costa,013,1133247,68979,68462,1234,69696,805
2021-05-12,Del Norte,015,27424,1389,1352,12,1364,8
2021-05-12,El Dorado,017,186661,10198,10123,733,10856,112
2021-05-12,Fresno,019,978130,102251,101838,8540,110378,1688
2021-05-12,Glenn,021,27897,2417,2391,552,2943,17
2021-05-12,Humboldt,023,135768,4092,3982,34,4016,37
2021-05-12,Imperial,025,180216,28510,28443,2667,31110,726
2021-05-12,Inyo,027,18085,1404,1400,12,1412,36
2021-05-12,Kern,029,883053,96983,95955,10671,106626,1310
2021-05-12,Kings,031,150075,23104,22896,1068,23964,246
2021-05-12,Lake,033,64148,3499,3476,9,3485,43
2021-05-12,Lassen,035,31185,5188,5151,106,5257,6
2021-05-12,Los Angeles,037,10098052,1204979,1195318,40268,1235586,24067
2021-05-12,Madera,039,155013,16558,16462,917,17379,238
2021-05-12,Marin,041,260295,14048,13997,245,14242,227
2021-05-12,Mariposa,043,17540,428,422,11,433,5
2021-05-12,Mendocino,045,87422,3919,3836,81,3917,46
2021-05-12,Merced,047,269075,30822,30941,1020,31961,450
2021-05-12,Modoc,049,8938,368,362,124,486,3
2021-05-12,Mono,051,14174,1254,1265,17,1282,3
2021-05-12,Monterey,053,433212,43078,42950,1826,44776,380
2021-05-12,Napa,055,140530,9848,9870,33,9903,82
2021-05-12,Nevada,057,99092,4771,4738,185,4923,70
2021-05-12,Orange,059,3164182,255059,253587,11158,264745,5024
2021-05-12,Placer,061,380077,23033,22652,1444,24096,288
2021-05-12,Plumas,063,18699,698,681,10,691,4
2021-05-12,Riverside,065,2383286,293431,287830,13784,301614,4431
2021-05-12,Sacramento,067,1510023,104983,104592,1707,106299,1621
2021-05-12,San Benito,069,59416,6044,6062,111,6173,63
2021-05-12,San Bernardino,071,2135413,292622,291505,8874,300379,4715
2021-05-12,San Diego,073,3302833,279592,278402,14775,293177,3729
2021-05-12,San Francisco,075,870044,36539,36720,1249,37969,544
2021-05-12,San Joaquin,077,732212,72647,72043,3445,75488,1356
2021-05-12,San Luis Obispo,079,281455,21284,21021,718,21739,255
2021-05-12,San Mateo,081,765935,42152,42038,462,42500,426
2021-05-12,Santa Barbara,083,443738,34349,34218,1112,35330,456
2021-05-12,Santa Clara,085,1922200,118234,118897,738,119635,2005
2021-05-12,Santa Cruz,087,273765,16185,16123,796,16919,207
2021-05-12,Shasta,089,179085,12108,12092,1522,13614,200
2021-05-12,Sierra,091,2930,56,54,12,66,0
2021-05-12,Siskiyou,093,43540,1871,1760,331,2091,13
2021-05-12,Solano,095,438530,32569,32519,539,33058,252
2021-05-12,Sonoma,097,501317,29830,29976,324,30300,320
2021-05-12,Stanislaus,099,539301,55915,55632,5813,61445,919
2021-05-12,Sutter,101,95872,9384,9427,80,9507,112
2021-05-12,Tehama,103,63373,5022,4989,552,5541,62
2021-05-12,Trinity,105,12862,482,327,86,413,3
2021-05-12,Tulare,107,460477,50053,49001,8811,57812,838
2021-05-12,Tuolumne,109,53932,4017,4056,42,4098,63
2021-05-12,Ventura,111,848112,81142,80577,2938,83515,1010
2021-05-12,Yolo,113,214977,13913,13910,222,14132,210
2021-05-12,Yuba,115,75493,5986,5956,119,6075,47
2021-05-11,Alameda,001,1643700,87510,87413,1892,89305,1290
2021-05-11,Alpine,002,1148,87,88,0,88,0
2021-05-11,Amador,005,37829,3656,3657,32,3689,46
2021-05-11,Butte,007,227075,12374,12008,1817,13825,199
2021-05-11,Calaveras,009,45235,2124,2118,13,2131,52
2021-05-11,Colusa,011,21464,1932,1939,295,2234,14
2021-05-11,Contra Costa,013,1133247,68919,68406,1233,69639,806
2021-05-11,Del Norte,015,27424,1387,1347,12,1359,8
2021-05-11,El Dorado,017,186661,10192,10108,732,10840,112
2021-05-11,Fresno,019,978130,102205,101792,8535,110327,1686
2021-05-11,Glenn,021,27897,2416,2387,551,2938,17
2021-05-11,Humboldt,023,135768,4071,3964,33,3997,37
2021-05-11,Imperial,025,180216,28502,28413,2663,31076,722
2021-05-11,Inyo,027,18085,1403,1402,12,1414,36
2021-05-11,Kern,029,883053,96955,95938,10658,106596,1310
2021-05-11,Kings,031,150075,23096,22887,1068,23955,246
2021-05-11,Lake,033,64148,3498,3473,9,3482,43
2021-05-11,Lassen,035,31185,5186,5148,106,5254,6
2021-05-11,Los Angeles,037,10098052,1204742,1195100,40251,1235351,24048
2021-05-11,Madera,039,155013,16554,16459,916,17375,238
2021-05-11,Marin,041,260295,14041,13987,245,14232,227
2021-05-11,Mariposa,043,17540,428,421,11,432,5
2021-05-11,Mendocino,045,87422,3911,3821,81,3902,46
2021-05-11,Merced,047,269075,30813,30893,1020,31913,449
2021-05-11,Modoc,049,8938,368,362,123,485,3
2021-05-11,Mono,051,14174,1254,1265,17,1282,3
2021-05-11,Monterey,053,433212,43070,42934,1825,44759,380
2021-05-11,Napa,055,140530,9841,9870,33,9903,81
2021-05-11,Nevada,057,99092,4767,4737,185,4922,70
2021-05-11,Orange,059,3164182,254995,253545,11151,264696,5017
2021-05-11,Placer,061,380077,23011,22615,1440,24055,287
2021-05-11,Plumas,063,18699,696,679,10,689,4
2021-05-11,Riverside,065,2383286,293369,287757,13779,301536,4429
2021-05-11,Sacramento,067,1510023,104884,104496,1704,106200,1616
2021-05-11,San Benito,069,59416,6041,6058,111,6169,63
2021-05-11,San Bernardino,071,2135413,292562,291421,8872,300293,4707
2021-05-11,San Diego,073,3302833,279457,278308,14756,293064,3725
2021-05-11,San Francisco,075,870044,36519,36707,1249,37956,543
2021-05-11,San Joaquin,077,732212,72599,71999,3442,75441,1356
2021-05-11,San Luis Obispo,079,281455,21277,21008,716,21724,255
2021-05-11,San Mateo,081,765935,42133,41985,461,42446,425
2021-05-11,Santa Barbara,083,443738,34339,34207,1112,35319,456
2021-05-11,Santa Clara,085,1922200,118187,118857,737,119594,2005
2021-05-11,Santa Cruz,087,273765,16181,16113,796,16909,206
2021-05-11,Shasta,089,179085,12085,12050,1516,13566,200
2021-05-11,Sierra,091,2930,56,54,12,66,0
2021-05-11,Siskiyou,093,43540,1861,1756,329,2085,13
2021-05-11,Solano,095,438530,32551,32499,537,33036,250
2021-05-11,Sonoma,097,501317,29815,29966,324,30290,318
2021-05-11,Stanislaus,099,539301,55867,55589,5809,61398,909
2021-05-11,Sutter,101,95872,9377,9417,80,9497,112
2021-05-11,Tehama,103,63373,5018,4985,551,5536,62
2021-05-11,Trinity,105,12862,482,327,85,412,3
2021-05-11,Tulare,107,460477,50026,48974,8796,57770,837
2021-05-11,Tuolumne,109,53932,4016,4056,42,4098,63
2021-05-11,Ventura,111,848112,81118,80544,2935,83479,1008
2021-05-11,Yolo,113,214977,13900,13902,219,14121,210
2021-05-11,Yuba,115,75493,5977,5950,119,6069,46
2021-05-10,Alameda,001,1643700,87442,87366,1891,89257,1284
2021-05-10,Alpine,002,1148,87,88,0,88,0
2021-05-10,Amador,005,37829,3655,3657,32,3689,46
2021-05-10,Butte,007,227075,12358,11993,1812,13805,199
2021-05-10,Calaveras,009,45235,2117,2118,13,2131,52
2021-05-10,Colusa,011,21464,1932,1939,295,2234,14
2021-05-10,Contra Costa,013,1133247,68855,68357,1233,69590,806
2021-05-10,Del Norte,015,27424,1384,1339,12,1351,8
2021-05-10,El Dorado,017,186661,10178,10093,732,10825,113
2021-05-10,Fresno,019,978130,102173,101755,8529,110284,1682
2021-05-10,Glenn,021,27897,2415,2384,550,2934,17
2021-05-10,Humboldt,023,135768,4041,3961,33,3994,36
2021-05-10,Imperial,025,180216,28488,28397,2659,31056,722
2021-05-10,Inyo,027,18085,1403,1401,12,1413,36
2021-05-10,Kern,029,883053,96912,95920,10644,106564,1310
2021-05-10,Kings,031,150075,23085,22884,1067,23951,246
2021-05-10,Lake,033,64148,3490,3471,9,3480,43
2021-05-10,Lassen,035,31185,5182,5148,106,5254,5
2021-05-10,Los Angeles,037,10098052,1204475,1194976,40236,1235212,24030
2021-05-10,Madera,039,155013,16544,16450,916,17366,238
2021-05-10,Marin,041,260295,14038,13981,245,14226,228
2021-05-10,Mariposa,043,17540,427,420,11,431,5
2021-05-10,Mendocino,045,87422,3905,3818,81,3899,46
2021-05-10,Merced,047,269075,30802,30880,1020,31900,448
2021-05-10,Modoc,049,8938,368,361,123,484,3
2021-05-10,Mono,051,14174,1254,1265,17,1282,3
2021-05-10,Monterey,053,433212,43064,42927,1820,44747,380
2021-05-10,Napa,055,140530,9839,9860,33,9893,81
2021-05-10,Nevada,057,99092,4760,4735,185,4920,70
2021-05-10,Orange,059,3164182,254942,253484,11145,264629,5008
2021-05-10,Placer,061,380077,22989,22590,1437,24027,286
2021-05-10,Plumas,063,18699,695,679,10,689,4
2021-05-10,Riverside,065,2383286,293300,287689,13773,301462,4427
2021-05-10,Sacramento,067,1510023,104773,104378,1699,106077,1613
2021-05-10,San Benito,069,59416,6040,6058,111,6169,63
2021-05-10,San Bernardino,071,2135413,292511,291360,8871,300231,4707
2021-05-10,San Diego,073,3302833,279293,278183,14729,292912,3725
2021-05-10,San Francisco,075,870044,36500,36683,1249,37932,543
2021-05-10,San Joaquin,077,732212,72562,71954,3428,75382,1356
2021-05-10,San Luis Obispo,079,281455,21259,20993,715,21708,256
2021-05-10,San Mateo,081,765935,42116,41926,461,42387,424
2021-05-10,Santa Barbara,083,443738,34331,34201,1112,35313,456
2021-05-10,Santa Clara,085,1922200,118128,118822,737,119559,2003
2021-05-10,Santa Cruz,087,273765,16176,16114,796,16910,206
2021-05-10,Shasta,089,179085,12071,12036,1512,13548,200
2021-05-10,Sierra,091,2930,56,54,12,66,0
2021-05-10,Siskiyou,093,43540,1851,1752,327,2079,13
2021-05-10,Solano,095,438530,32531,32466,535,33001,250
2021-05-10,Sonoma,097,501317,29799,29955,323,30278,318
2021-05-10,Stanislaus,099,539301,55793,55541,5803,61344,898
2021-05-10,Sutter,101,95872,9371,9412,80,9492,111
2021-05-10,Tehama,103,63373,5014,4980,551,5531,62
2021-05-10,Trinity,105,12862,482,327,83,410,3
2021-05-10,Tulare,107,460477,50003,48956,8790,57746,837
2021-05-10,Tuolumne,109,53932,4012,4054,41,4095,63
2021-05-10,Ventura,111,848112,81102,80501,2934,83435,1008
2021-05-10,Yolo,113,214977,13888,13898,217,14115,209
2021-05-10,Yuba,115,75493,5975,5942,119,6061,46
2021-05-09,Alameda,001,1643700,87372,87292,1888,89180,1284
2021-05-09,Alpine,002,1148,87,88,0,88,0
2021-05-09,Amador,005,37829,3653,3655,32,3687,46
2021-05-09,Butte,007,227075,12340,11985,1808,13793,199
2021-05-09,Calaveras,009,45235,2116,2116,13,2129,52
2021-05-09,Colusa,011,21464,1931,1940,295,2235,14
2021-05-09,Contra Costa,013,1133247,68792,68302,1231,69533,806
2021-05-09,Del Norte,015,27424,1377,1338,12,1350,8
2021-05-09,El Dorado,017,186661,10164,10089,728,10817,113
2021-05-09,Fresno,019,978130,102135,101729,8520,110249,1682
2021-05-09,Glenn,021,27897,2408,2382,547,2929,17
2021-05-09,Humboldt,023,135768,4021,3950,33,3983,36
2021-05-09,Imperial,025,180216,28465,28388,2651,31039,722
2021-05-09,Inyo,027,18085,1403,1401,11,1412,36
2021-05-09,Kern,029,883053,96884,95903,10634,106537,1310
2021-05-09,Kings,031,150075,23076,22878,1067,23945,246
2021-05-09,Lake,033,64148,3486,3471,9,3480,43
2021-05-09,Lassen,035,31185,5180,5147,106,5253,5
2021-05-09,Los Angeles,037,10098052,1204217,1194820,40221,1235041,24026
2021-05-09,Madera,039,155013,16535,16444,910,17354,238
2021-05-09,Marin,041,260295,14027,13979,244,14223,228
2021-05-09,Mariposa,043,17540,424,420,11,431,5
2021-05-09,Mendocino,045,87422,3895,3814,81,3895,46
2021-05-09,Merced,047,269075,30779,30883,1020,31903,448
2021-05-09,Modoc,049,8938,368,360,123,483,3
2021-05-09,Mono,051,14174,1254,1264,17,1281,3
2021-05-09,Monterey,053,433212,43046,42918,1820,44738,380
2021-05-09,Napa,055,140530,9828,9857,33,9890,81
2021-05-09,Nevada,057,99092,4753,4727,185,4912,70
2021-05-09,Orange,059,3164182,254888,253451,11137,264588,5008
2021-05-09,Placer,061,380077,22963,22566,1434,24000,286
2021-05-09,Plumas,063,18699,694,679,10,689,4
2021-05-09,Riverside,065,2383286,293220,287644,13767,301411,4427
2021-05-09,Sacramento,067,1510023,104624,104309,1693,106002,1612
2021-05-09,San Benito,069,59416,6038,6056,111,6167,63
2021-05-09,San Bernardino,071,2135413,292428,291337,8865,300202,4707
2021-05-09,San Diego,073,3302833,279126,277950,14707,292657,3725
2021-05-09,San Francisco,075,870044,36474,36669,1247,37916,543
2021-05-09,San Joaquin,077,732212,72516,71927,3427,75354,1356
2021-05-09,San Luis Obispo,079,281455,21248,20999,715,21714,256
2021-05-09,San Mateo,081,765935,42086,41903,461,42364,424
2021-05-09,Santa Barbara,083,443738,34318,34196,1111,35307,456
2021-05-09,Santa Clara,085,1922200,118074,118798,736,119534,2003
2021-05-09,Santa Cruz,087,273765,16170,16094,796,16890,206
2021-05-09,Shasta,089,179085,12041,12034,1507,13541,200
2021-05-09,Sierra,091,2930,56,54,12,66,0
2021-05-09,Siskiyou,093,43540,1844,1741,324,2065,13
2021-05-09,Solano,095,438530,32492,32434,533,32967,250
2021-05-09,Sonoma,097,501317,29785,29953,322,30275,318
2021-05-09,Stanislaus,099,539301,55727,55511,5799,61310,898
2021-05-09,Sutter,101,95872,9365,9413,80,9493,111
2021-05-09,Tehama,103,63373,5009,4979,551,5530,62
2021-05-09,Trinity,105,12862,482,327,83,410,3
2021-05-09,Tulare,107,460477,49976,48948,8785,57733,837
2021-05-09,Tuolumne,109,53932,4010,4053,41,4094,63
2021-05-09,Ventura,111,848112,81087,80487,2933,83420,1008
2021-05-09,Yolo,113,214977,13877,13897,217,14114,209
2021-05-09,Yuba,115,75493,5969,5934,119,6053,46
2021-05-08,Alameda,001,1643700,87330,87213,1884,89097,1284
2021-05-08,Alpine,002,1148,87,88,0,88,0
2021-05-08,Amador,005,37829,3651,3652,32,3684,46
2021-05-08,Butte,007,227075,12328,11962,1807,13769,199
2021-05-08,Calaveras,009,45235,2115,2114,13,2127,52
2021-05-08,Colusa,011,21464,1931,1939,295,2234,14
2021-05-08,Contra Costa,013,1133247,68759,68223,1229,69452,803
2021-05-08,Del Norte,015,27424,1374,1335,12,1347,8
2021-05-08,El Dorado,017,186661,10150,10079,728,10807,113
2021-05-08,Fresno,019,978130,102099,101676,8515,110191,1682
2021-05-08,Glenn,021,27897,2406,2382,545,2927,17
2021-05-08,Humboldt,023,135768,4005,3939,33,3972,36
2021-05-08,Imperial,025,180216,28456,28373,2651,31024,721
2021-05-08,Inyo,027,18085,1403,1402,11,1413,36
2021-05-08,Kern,029,883053,96859,95880,10621,106501,1310
2021-05-08,Kings,031,150075,23073,22872,1066,23938,246
2021-05-08,Lake,033,64148,3485,3470,9,3479,43
2021-05-08,Lassen,035,31185,5179,5145,106,5251,5
2021-05-08,Los Angeles,037,10098052,1204063,1194584,40205,1234789,24022
2021-05-08,Madera,039,155013,16531,16442,910,17352,238
2021-05-08,Marin,041,260295,14024,13974,243,14217,228
2021-05-08,Mariposa,043,17540,424,420,11,431,5
2021-05-08,Mendocino,045,87422,3890,3810,80,3890,46
2021-05-08,Merced,047,269075,30769,30876,1020,31896,448
2021-05-08,Modoc,049,8938,368,360,122,482,3
2021-05-08,Mono,051,14174,1254,1262,17,1279,3
2021-05-08,Monterey,053,433212,43041,42914,1819,44733,380
2021-05-08,Napa,055,140530,9821,9853,33,9886,81
2021-05-08,Nevada,057,99092,4750,4716,185,4901,70
2021-05-08,Orange,059,3164182,254854,253412,11133,264545,5006
2021-05-08,Placer,061,380077,22945,22547,1432,23979,286
2021-05-08,Plumas,063,18699,693,679,10,689,4
2021-05-08,Riverside,065,2383286,293177,287574,13765,301339,4427
2021-05-08,Sacramento,067,1510023,104539,104208,1690,105898,1610
2021-05-08,San Benito,069,59416,6037,6048,111,6159,63
2021-05-08,San Bernardino,071,2135413,292385,291296,8865,300161,4707
2021-05-08,San Diego,073,3302833,279043,277760,14689,292449,3725
2021-05-08,San Francisco,075,870044,36451,36642,1247,37889,543
2021-05-08,San Joaquin,077,732212,72487,71869,3418,75287,1356
2021-05-08,San Luis Obispo,079,281455,21237,20992,715,21707,256
2021-05-08,San Mateo,081,765935,42075,41871,461,42332,424
2021-05-08,Santa Barbara,083,443738,34305,34185,1111,35296,456
2021-05-08,Santa Clara,085,1922200,118043,118751,736,119487,2003
2021-05-08,Santa Cruz,087,273765,16167,16089,796,16885,206
2021-05-08,Shasta,089,179085,12031,12030,1503,13533,200
2021-05-08,Sierra,091,2930,56,54,12,66,0
2021-05-08,Siskiyou,093,43540,1843,1741,320,2061,13
2021-05-08,Solano,095,438530,32468,32395,531,32926,249
2021-05-08,Sonoma,097,501317,29772,29942,322,30264,318
2021-05-08,Stanislaus,099,539301,55696,55467,5795,61262,898
2021-05-08,Sutter,101,95872,9362,9413,80,9493,111
2021-05-08,Tehama,103,63373,5007,4977,551,5528,62
2021-05-08,Trinity,105,12862,482,327,83,410,3
2021-05-08,Tulare,107,460477,49963,48929,8775,57704,837
2021-05-08,Tuolumne,109,53932,4009,4050,41,4091,63
2021-05-08,Ventura,111,848112,81076,80481,2930,83411,1008
2021-05-08,Yolo,113,214977,13874,13894,216,14110,209
2021-05-08,Yuba,115,75493,5961,5928,119,6047,46
2021-05-07,Alameda,001,1643700,87277,87128,1884,89012,1280
2021-05-07,Alpine,002,1148,87,88,0,88,0
2021-05-07,Amador,005,37829,3648,3651,32,3683,46
2021-05-07,Butte,007,227075,12307,11943,1804,13747,199
2021-05-07,Calaveras,009,45235,2113,2114,13,2127,52
2021-05-07,Colusa,011,21464,1931,1937,295,2232,14
2021-05-07,Contra Costa,013,1133247,68712,68156,1227,69383,804
2021-05-07,Del Norte,015,27424,1369,1329,12,1341,8
2021-05-07,El Dorado,017,186661,10137,10065,727,10792,112
2021-05-07,Fresno,019,978130,102066,101625,8514,110139,1684
2021-05-07,Glenn,021,27897,2403,2381,544,2925,17
2021-05-07,Humboldt,023,135768,3990,3919,33,3952,36
2021-05-07,Imperial,025,180216,28448,28352,2651,31003,721
2021-05-07,Inyo,027,18085,1403,1402,11,1413,36
2021-05-07,Kern,029,883053,96846,95839,10609,106448,1308
2021-05-07,Kings,031,150075,23072,22857,1065,23922,246
2021-05-07,Lake,033,64148,3483,3467,9,3476,43
2021-05-07,Lassen,035,31185,5178,5144,105,5249,5
2021-05-07,Los Angeles,037,10098052,1203883,1194294,40198,1234492,24008
2021-05-07,Madera,039,155013,16526,16439,910,17349,238
2021-05-07,Marin,041,260295,14020,13968,243,14211,228
2021-05-07,Mariposa,043,17540,423,419,11,430,5
2021-05-07,Mendocino,045,87422,3884,3805,80,3885,46
2021-05-07,Merced,047,269075,30766,30862,1020,31882,446
2021-05-07,Modoc,049,8938,368,360,122,482,3
2021-05-07,Mono,051,14174,1253,1261,17,1278,3
2021-05-07,Monterey,053,433212,43035,42909,1817,44726,380
2021-05-07,Napa,055,140530,9820,9849,33,9882,81
2021-05-07,Nevada,057,99092,4746,4704,185,4889,70
2021-05-07,Orange,059,3164182,254814,253338,11125,264463,5000
2021-05-07,Placer,061,380077,22925,22524,1430,23954,286
2021-05-07,Plumas,063,18699,693,678,10,688,4
2021-05-07,Riverside,065,2383286,293119,287479,13764,301243,4426
2021-05-07,Sacramento,067,1510023,104467,104068,1685,105753,1609
2021-05-07,San Benito,069,59416,6036,6048,111,6159,63
2021-05-07,San Bernardino,071,2135413,292343,291185,8860,300045,4697
2021-05-07,San Diego,073,3302833,278957,277534,14673,292207,3718
2021-05-07,San Francisco,075,870044,36438,36616,1246,37862,543
2021-05-07,San Joaquin,077,732212,72446,71804,3416,75220,1351
2021-05-07,San Luis Obispo,079,281455,21230,20979,715,21694,256
2021-05-07,San Mateo,081,765935,42060,41844,461,42305,424
2021-05-07,Santa Barbara,083,443738,34295,34166,1111,35277,453
2021-05-07,Santa Clara,085,1922200,118010,118691,735,119426,2002
2021-05-07,Santa Cruz,087,273765,16164,16074,796,16870,206
2021-05-07,Shasta,089,179085,12009,12005,1501,13506,200
2021-05-07,Sierra,091,2930,56,54,12,66,0
2021-05-07,Siskiyou,093,43540,1840,1723,320,2043,13
2021-05-07,Solano,095,438530,32440,32352,529,32881,249
2021-05-07,Sonoma,097,501317,29754,29925,320,30245,318
2021-05-07,Stanislaus,099,539301,55656,55407,5790,61197,896
2021-05-07,Sutter,101,95872,9362,9407,80,9487,111
2021-05-07,Tehama,103,63373,5000,4974,551,5525,57
2021-05-07,Trinity,105,12862,482,327,83,410,3
2021-05-07,Tulare,107,460477,49946,48913,8770,57683,837
2021-05-07,Tuolumne,109,53932,4007,4048,41,4089,63
2021-05-07,Ventura,111,848112,81052,80444,2930,83374,1008
2021-05-07,Yolo,113,214977,13868,13875,215,14090,209
2021-05-07,Yuba,115,75493,5951,5910,119,6029,46
2021-05-06,Alameda,001,1643700,87201,87028,1881,88909,1278
2021-05-06,Alpine,002,1148,87,88,0,88,0
2021-05-06,Amador,005,37829,3646,3650,32,3682,46
2021-05-06,Butte,007,227075,12287,11929,1799,13728,198
2021-05-06,Calaveras,009,45235,2113,2111,13,2124,52
2021-05-06,Colusa,011,21464,1931,1935,295,2230,14
2021-05-06,Contra Costa,013,1133247,68657,68076,1224,69300,802
2021-05-06,Del Norte,015,27424,1361,1324,12,1336,6
2021-05-06,El Dorado,017,186661,10130,10048,727,10775,112
2021-05-06,Fresno,019,978130,102022,101536,8510,110046,1680
2021-05-06,Glenn,021,27897,2402,2380,543,2923,17
2021-05-06,Humboldt,023,135768,3965,3898,33,3931,36
2021-05-06,Imperial,025,180216,28437,28311,2650,30961,720
2021-05-06,Inyo,027,18085,1403,1401,11,1412,36
2021-05-06,Kern,029,883053,96821,95801,10592,106393,1307
2021-05-06,Kings,031,150075,23065,22848,1064,23912,246
2021-05-06,Lake,033,64148,3482,3465,9,3474,43
2021-05-06,Lassen,035,31185,5177,5143,105,5248,1
2021-05-06,Los Angeles,037,10098052,1203641,1193954,40182,1234136,23991
2021-05-06,Madera,039,155013,16518,16430,910,17340,238
2021-05-06,Marin,041,260295,14016,13956,243,14199,228
2021-05-06,Mariposa,043,17540,422,419,11,430,5
2021-05-06,Mendocino,045,87422,3873,3802,80,3882,46
2021-05-06,Merced,047,269075,30751,30863,1019,31882,444
2021-05-06,Modoc,049,8938,368,360,122,482,3
2021-05-06,Mono,051,14174,1251,1261,17,1278,3
2021-05-06,Monterey,053,433212,43020,42899,1817,44716,379
2021-05-06,Napa,055,140530,9814,9843,33,9876,81
2021-05-06,Nevada,057,99092,4745,4687,185,4872,70
2021-05-06,Orange,059,3164182,254746,253286,11119,264405,4991
2021-05-06,Placer,061,380077,22903,22493,1430,23923,286
2021-05-06,Plumas,063,18699,693,678,10,688,4
2021-05-06,Riverside,065,2383286,293046,287399,13759,301158,4422
2021-05-06,Sacramento,067,1510023,104351,103956,1682,105638,1609
2021-05-06,San Benito,069,59416,6035,6045,111,6156,63
2021-05-06,San Bernardino,071,2135413,292273,291085,8859,299944,4683
2021-05-06,San Diego,073,3302833,278830,277324,14650,291974,3716
2021-05-06,San Francisco,075,870044,36423,36599,1246,37845,543
2021-05-06,San Joaquin,077,732212,72391,71729,3413,75142,1350
2021-05-06,San Luis Obispo,079,281455,21218,20965,713,21678,256
2021-05-06,San Mateo,081,765935,42041,41802,460,42262,424
2021-05-06,Santa Barbara,083,443738,34282,34152,1111,35263,453
2021-05-06,Santa Clara,085,1922200,117969,118591,735,119326,2001
2021-05-06,Santa Cruz,087,273765,16157,16050,796,16846,206
2021-05-06,Shasta,089,179085,11987,11983,1495,13478,199
2021-05-06,Sierra,091,2930,56,54,12,66,0
2021-05-06,Siskiyou,093,43540,1830,1711,319,2030,12
2021-05-06,Solano,095,438530,32414,32320,521,32841,249
2021-05-06,Sonoma,097,501317,29746,29911,320,30231,318
2021-05-06,Stanislaus,099,539301,55600,55323,5785,61108,834
2021-05-06,Sutter,101,95872,9356,9396,80,9476,111
2021-05-06,Tehama,103,63373,4995,4970,551,5521,53
2021-05-06,Trinity,105,12862,482,327,83,410,3
2021-05-06,Tulare,107,460477,49921,48890,8755,57645,836
2021-05-06,Tuolumne,109,53932,4003,4047,41,4088,63
2021-05-06,Ventura,111,848112,81021,80411,2927,83338,1005
2021-05-06,Yolo,113,214977,13860,13871,212,14083,209
2021-05-06,Yuba,115,75493,5939,5901,119,6020,46
2021-05-05,Alameda,001,1643700,87140,86950,1879,88829,1278
2021-05-05,Alpine,002,1148,87,88,0,88,0
2021-05-05,Amador,005,37829,3643,3650,32,3682,46
2021-05-05,Butte,007,227075,12269,11907,1796,13703,198
2021-05-05,Calaveras,009,45235,2109,2103,13,2116,52
2021-05-05,Colusa,011,21464,1930,1933,295,2228,14
2021-05-05,Contra Costa,013,1133247,68592,67997,1220,69217,803
2021-05-05,Del Norte,015,27424,1358,1317,12,1329,6
2021-05-05,El Dorado,017,186661,10119,10020,726,10746,111
2021-05-05,Fresno,019,978130,101973,101491,8501,109992,1680
2021-05-05,Glenn,021,27897,2399,2380,542,2922,17
2021-05-05,Humboldt,023,135768,3946,3886,32,3918,36
2021-05-05,Imperial,025,180216,28396,28295,2643,30938,720
2021-05-05,Inyo,027,18085,1402,1401,11,1412,36
2021-05-05,Kern,029,883053,96777,95753,10588,106341,1304
2021-05-05,Kings,031,150075,23059,22840,1063,23903,246
2021-05-05,Lake,033,64148,3479,3458,9,3467,43
2021-05-05,Lassen,035,31185,5177,5143,104,5247,1
2021-05-05,Los Angeles,037,10098052,1203374,1193608,40168,1233776,23977
2021-05-05,Madera,039,155013,16516,16423,910,17333,235
2021-05-05,Marin,041,260295,14008,13950,242,14192,228
2021-05-05,Mariposa,043,17540,422,418,11,429,5
2021-05-05,Mendocino,045,87422,3869,3799,80,3879,46
2021-05-05,Merced,047,269075,30730,30844,1019,31863,444
2021-05-05,Modoc,049,8938,367,361,121,482,3
2021-05-05,Mono,051,14174,1251,1260,17,1277,3
2021-05-05,Monterey,053,433212,43007,42870,1814,44684,379
2021-05-05,Napa,055,140530,9808,9833,33,9866,81
2021-05-05,Nevada,057,99092,4742,4666,185,4851,70
2021-05-05,Orange,059,3164182,254688,253237,11114,264351,4978
2021-05-05,Placer,061,380077,22871,22362,1426,23788,287
2021-05-05,Plumas,063,18699,693,677,10,687,4
2021-05-05,Riverside,065,2383286,292951,287353,13750,301103,4414
2021-05-05,Sacramento,067,1510023,104263,103476,1677,105153,1607
2021-05-05,San Benito,069,59416,6026,6046,111,6157,63
2021-05-05,San Bernardino,071,2135413,292198,291008,8855,299863,4677
2021-05-05,San Diego,073,3302833,278693,277098,14631,291729,3716
2021-05-05,San Francisco,075,870044,36408,36577,1245,37822,543
2021-05-05,San Joaquin,077,732212,72339,71638,3410,75048,1345
2021-05-05,San Luis Obispo,079,281455,21210,20958,713,21671,256
2021-05-05,San Mateo,081,765935,42012,41755,459,42214,415
2021-05-05,Santa Barbara,083,443738,34267,34139,1110,35249,453
2021-05-05,Santa Clara,085,1922200,117939,118482,732,119214,1992
2021-05-05,Santa Cruz,087,273765,16151,16013,796,16809,207
2021-05-05,Shasta,089,179085,11971,11939,1491,13430,200
2021-05-05,Sierra,091,2930,56,54,12,66,0
2021-05-05,Siskiyou,093,43540,1813,1706,311,2017,11
2021-05-05,Solano,095,438530,32379,32250,519,32769,249
2021-05-05,Sonoma,097,501317,29733,29879,320,30199,318
2021-05-05,Stanislaus,099,539301,55543,55231,5783,61014,807
2021-05-05,Sutter,101,95872,9350,9387,80,9467,111
2021-05-05,Tehama,103,63373,4991,4968,551,5519,53
2021-05-05,Trinity,105,12862,482,326,83,409,3
2021-05-05,Tulare,107,460477,49897,48875,8748,57623,835
2021-05-05,Tuolumne,109,53932,4000,4040,41,4081,63
2021-05-05,Ventura,111,848112,80993,80372,2923,83295,1005
2021-05-05,Yolo,113,214977,13856,13846,210,14056,209
2021-05-05,Yuba,115,75493,5929,5895,118,6013,44
2021-05-04,Alameda,001,1643700,87048,86894,1879,88773,1277
2021-05-04,Alpine,002,1148,87,88,0,88,0
2021-05-04,Amador,005,37829,3643,3650,32,3682,46
2021-05-04,Butte,007,227075,12245,11883,1795,13678,198
2021-05-04,Calaveras,009,45235,2105,2100,13,2113,52
2021-05-04,Colusa,011,21464,1929,1933,295,2228,14
2021-05-04,Contra Costa,013,1133247,68512,67931,1218,69149,799
2021-05-04,Del Norte,015,27424,1358,1314,12,1326,6
2021-05-04,El Dorado,017,186661,10108,10009,722,10731,110
2021-05-04,Fresno,019,978130,101918,101451,8494,109945,1677
2021-05-04,Glenn,021,27897,2396,2379,539,2918,17
2021-05-04,Humboldt,023,135768,3920,3877,32,3909,36
2021-05-04,Imperial,025,180216,28377,28276,2640,30916,720
2021-05-04,Inyo,027,18085,1402,1399,11,1410,36
2021-05-04,Kern,029,883053,96741,95720,10570,106290,1301
2021-05-04,Kings,031,150075,23045,22822,1060,23882,246
2021-05-04,Lake,033,64148,3478,3454,9,3463,43
2021-05-04,Lassen,035,31185,5176,5142,104,5246,1
2021-05-04,Los Angeles,037,10098052,1203084,1193453,40155,1233608,23957
2021-05-04,Madera,039,155013,16515,16418,910,17328,235
2021-05-04,Marin,041,260295,14000,13935,242,14177,228
2021-05-04,Mariposa,043,17540,422,418,11,429,5
2021-05-04,Mendocino,045,87422,3864,3794,80,3874,46
2021-05-04,Merced,047,269075,30713,30829,1019,31848,444
2021-05-04,Modoc,049,8938,366,360,120,480,3
2021-05-04,Mono,051,14174,1251,1260,17,1277,3
2021-05-04,Monterey,053,433212,42995,42845,1813,44658,380
2021-05-04,Napa,055,140530,9799,9824,33,9857,81
2021-05-04,Nevada,057,99092,4735,4656,185,4841,70
2021-05-04,Orange,059,3164182,254620,253177,11106,264283,4977
2021-05-04,Placer,061,380077,22843,22326,1423,23749,287
2021-05-04,Plumas,063,18699,692,675,10,685,4
2021-05-04,Riverside,065,2383286,292867,287285,13743,301028,4411
2021-05-04,Sacramento,067,1510023,104134,103383,1672,105055,1604
2021-05-04,San Benito,069,59416,6025,6039,111,6150,63
2021-05-04,San Bernardino,071,2135413,292121,290934,8848,299782,4668
2021-05-04,San Diego,073,3302833,278526,276879,14614,291493,3713
2021-05-04,San Francisco,075,870044,36390,36550,1245,37795,541
2021-05-04,San Joaquin,077,732212,72278,71582,3405,74987,1342
2021-05-04,San Luis Obispo,079,281455,21204,20923,711,21634,255
2021-05-04,San Mateo,081,765935,41986,41708,459,42167,415
2021-05-04,Santa Barbara,083,443738,34252,34131,1109,35240,453
2021-05-04,Santa Clara,085,1922200,117876,118431,731,119162,1988
2021-05-04,Santa Cruz,087,273765,16145,16005,796,16801,207
2021-05-04,Shasta,089,179085,11951,11923,1485,13408,198
2021-05-04,Sierra,091,2930,56,54,12,66,0
2021-05-04,Siskiyou,093,43540,1806,1694,309,2003,11
2021-05-04,Solano,095,438530,32338,32220,517,32737,249
2021-05-04,Sonoma,097,501317,29713,29867,319,30186,318
2021-05-04,Stanislaus,099,539301,55487,55165,5780,60945,807
2021-05-04,Sutter,101,95872,9345,9375,80,9455,111
2021-05-04,Tehama,103,63373,4988,4959,550,5509,53
2021-05-04,Trinity,105,12862,482,326,83,409,3
2021-05-04,Tulare,107,460477,49870,48857,8740,57597,835
2021-05-04,Tuolumne,109,53932,3998,4041,41,4082,61
2021-05-04,Ventura,111,848112,80964,80351,2921,83272,1005
2021-05-04,Yolo,113,214977,13843,13820,208,14028,208
2021-05-04,Yuba,115,75493,5923,5891,118,6009,44
2021-05-03,Alameda,001,1643700,86972,86845,1874,88719,1272
2021-05-03,Alpine,002,1148,87,88,0,88,0
2021-05-03,Amador,005,37829,3643,3651,32,3683,46
2021-05-03,Butte,007,227075,12235,11864,1792,13656,198
2021-05-03,Calaveras,009,45235,2103,2099,13,2112,50
2021-05-03,Colusa,011,21464,1928,1931,293,2224,14
2021-05-03,Contra Costa,013,1133247,68453,67895,1214,69109,799
2021-05-03,Del Norte,015,27424,1353,1306,11,1317,6
2021-05-03,El Dorado,017,186661,10090,9984,717,10701,110
2021-05-03,Fresno,019,978130,101862,101405,8484,109889,1678
2021-05-03,Glenn,021,27897,2396,2375,538,2913,17
2021-05-03,Humboldt,023,135768,3905,3865,32,3897,36
2021-05-03,Imperial,025,180216,28355,28280,2637,30917,720
2021-05-03,Inyo,027,18085,1401,1398,11,1409,36
2021-05-03,Kern,029,883053,96704,95693,10559,106252,1299
2021-05-03,Kings,031,150075,23036,22821,1060,23881,246
2021-05-03,Lake,033,64148,3476,3446,9,3455,43
2021-05-03,Lassen,035,31185,5175,5142,104,5246,1
2021-05-03,Los Angeles,037,10098052,1202816,1193261,40129,1233390,23942
2021-05-03,Madera,039,155013,16510,16414,909,17323,235
2021-05-03,Marin,041,260295,13994,13927,242,14169,228
2021-05-03,Mariposa,043,17540,422,418,11,429,5
2021-05-03,Mendocino,045,87422,3857,3792,80,3872,46
2021-05-03,Merced,047,269075,30702,30814,1017,31831,444
2021-05-03,Modoc,049,8938,366,360,120,480,3
2021-05-03,Mono,051,14174,1251,1259,17,1276,3
2021-05-03,Monterey,053,433212,42983,42837,1811,44648,380
2021-05-03,Napa,055,140530,9794,9815,33,9848,81
2021-05-03,Nevada,057,99092,4727,4650,185,4835,70
2021-05-03,Orange,059,3164182,254562,253107,11097,264204,4968
2021-05-03,Placer,061,380077,22812,22289,1417,23706,287
2021-05-03,Plumas,063,18699,691,675,10,685,4
2021-05-03,Riverside,065,2383286,292793,287233,13742,300975,4412
2021-05-03,Sacramento,067,1510023,103981,103303,1662,104965,1602
2021-05-03,San Benito,069,59416,6024,6038,111,6149,63
2021-05-03,San Bernardino,071,2135413,292053,290886,8845,299731,4659
2021-05-03,San Diego,073,3302833,278363,276693,14589,291282,3712
2021-05-03,San Francisco,075,870044,36364,36538,1245,37783,541
2021-05-03,San Joaquin,077,732212,72228,71504,3402,74906,1325
2021-05-03,San Luis Obispo,079,281455,21188,20915,708,21623,254
2021-05-03,San Mateo,081,765935,41963,41689,458,42147,413
2021-05-03,Santa Barbara,083,443738,34240,34119,1109,35228,453
2021-05-03,Santa Clara,085,1922200,117822,118373,730,119103,1988
2021-05-03,Santa Cruz,087,273765,16142,16000,796,16796,207
2021-05-03,Shasta,089,179085,11928,11890,1480,13370,197
2021-05-03,Sierra,091,2930,56,54,12,66,0
2021-05-03,Siskiyou,093,43540,1800,1683,303,1986,11
2021-05-03,Solano,095,438530,32297,32201,516,32717,249
2021-05-03,Sonoma,097,501317,29701,29855,316,30171,318
2021-05-03,Stanislaus,099,539301,55421,55116,5771,60887,774
2021-05-03,Sutter,101,95872,9333,9370,80,9450,111
2021-05-03,Tehama,103,63373,4980,4952,550,5502,53
2021-05-03,Trinity,105,12862,482,326,83,409,3
2021-05-03,Tulare,107,460477,49852,48844,8730,57574,835
2021-05-03,Tuolumne,109,53932,3997,4038,41,4079,61
2021-05-03,Ventura,111,848112,80942,80291,2921,83212,1005
2021-05-03,Yolo,113,214977,13829,13809,207,14016,208
2021-05-03,Yuba,115,75493,5918,5880,118,5998,44
2021-05-02,Alameda,001,1643700,86887,86784,1872,88656,1272
2021-05-02,Alpine,002,1148,87,88,0,88,0
2021-05-02,Amador,005,37829,3643,3650,32,3682,46
2021-05-02,Butte,007,227075,12211,11859,1790,13649,198
2021-05-02,Calaveras,009,45235,2099,2098,13,2111,50
2021-05-02,Colusa,011,21464,1927,1931,292,2223,14
2021-05-02,Contra Costa,013,1133247,68368,67843,1212,69055,800
2021-05-02,Del Norte,015,27424,1346,1305,11,1316,6
2021-05-02,El Dorado,017,186661,10075,9962,716,10678,110
2021-05-02,Fresno,019,978130,101790,101372,8473,109845,1678
2021-05-02,Glenn,021,27897,2395,2374,536,2910,17
2021-05-02,Humboldt,023,135768,3893,3858,31,3889,36
2021-05-02,Imperial,025,180216,28321,28275,2628,30903,721
2021-05-02,Inyo,027,18085,1399,1398,11,1409,36
2021-05-02,Kern,029,883053,96646,95668,10552,106220,1299
2021-05-02,Kings,031,150075,23018,22816,1059,23875,246
2021-05-02,Lake,033,64148,3474,3443,9,3452,43
2021-05-02,Lassen,035,31185,5174,5142,103,5245,1
2021-05-02,Los Angeles,037,10098052,1202464,1193056,40108,1233164,23943
2021-05-02,Madera,039,155013,16504,16410,909,17319,235
2021-05-02,Marin,041,260295,13984,13917,242,14159,228
2021-05-02,Mariposa,043,17540,422,419,11,430,5
2021-05-02,Mendocino,045,87422,3852,3787,80,3867,46
2021-05-02,Merced,047,269075,30682,30793,1013,31806,444
2021-05-02,Modoc,049,8938,365,360,120,480,3
2021-05-02,Mono,051,14174,1250,1259,17,1276,3
2021-05-02,Monterey,053,433212,42969,42837,1810,44647,380
2021-05-02,Napa,055,140530,9790,9805,33,9838,81
2021-05-02,Nevada,057,99092,4711,4635,185,4820,70
2021-05-02,Orange,059,3164182,254488,253025,11083,264108,4968
2021-05-02,Placer,061,380077,22783,22264,1414,23678,287
2021-05-02,Plumas,063,18699,691,675,10,685,4
2021-05-02,Riverside,065,2383286,292693,287197,13732,300929,4412
2021-05-02,Sacramento,067,1510023,103842,103153,1654,104807,1602
2021-05-02,San Benito,069,59416,6019,6037,111,6148,63
2021-05-02,San Bernardino,071,2135413,291954,290859,8843,299702,4655
2021-05-02,San Diego,073,3302833,278167,276521,14562,291083,3712
2021-05-02,San Francisco,075,870044,36338,36522,1245,37767,541
2021-05-02,San Joaquin,077,732212,72164,71447,3396,74843,1325
2021-05-02,San Luis Obispo,079,281455,21167,20910,707,21617,254
2021-05-02,San Mateo,081,765935,41947,41656,457,42113,412
2021-05-02,Santa Barbara,083,443738,34226,34106,1109,35215,453
2021-05-02,Santa Clara,085,1922200,117748,118321,730,119051,1988
2021-05-02,Santa Cruz,087,273765,16137,15995,795,16790,207
2021-05-02,Shasta,089,179085,11912,11885,1472,13357,197
2021-05-02,Sierra,091,2930,56,54,12,66,0
2021-05-02,Siskiyou,093,43540,1789,1661,302,1963,11
2021-05-02,Solano,095,438530,32258,32151,512,32663,249
2021-05-02,Sonoma,097,501317,29679,29842,316,30158,318
2021-05-02,Stanislaus,099,539301,55347,55057,5764,60821,774
2021-05-02,Sutter,101,95872,9327,9363,80,9443,111
2021-05-02,Tehama,103,63373,4975,4950,548,5498,53
2021-05-02,Trinity,105,12862,482,326,83,409,3
2021-05-02,Tulare,107,460477,49834,48834,8722,57556,835
2021-05-02,Tuolumne,109,53932,3994,4038,41,4079,61
2021-05-02,Ventura,111,848112,80904,80284,2920,83204,1005
2021-05-02,Yolo,113,214977,13817,13799,206,14005,208
2021-05-02,Yuba,115,75493,5908,5879,118,5997,44
2021-05-01,Alameda,001,1643700,86844,86704,1869,88573,1270
2021-05-01,Alpine,002,1148,87,88,0,88,0
2021-05-01,Amador,005,37829,3643,3650,32,3682,46
2021-05-01,Butte,007,227075,12197,11845,1785,13630,198
2021-05-01,Calaveras,009,45235,2097,2096,13,2109,50
2021-05-01,Colusa,011,21464,1926,1931,292,2223,14
2021-05-01,Contra Costa,013,1133247,68316,67779,1209,68988,800
2021-05-01,Del Norte,015,27424,1345,1292,11,1303,6
2021-05-01,El Dorado,017,186661,10061,9944,714,10658,110
2021-05-01,Fresno,019,978130,101745,101326,8467,109793,1678
2021-05-01,Glenn,021,27897,2392,2369,535,2904,17
2021-05-01,Humboldt,023,135768,3879,3845,31,3876,36
2021-05-01,Imperial,025,180216,28314,28262,2628,30890,721
2021-05-01,Inyo,027,18085,1399,1397,11,1408,36
2021-05-01,Kern,029,883053,96619,95645,10541,106186,1299
2021-05-01,Kings,031,150075,23015,22797,1058,23855,246
2021-05-01,Lake,033,64148,3472,3441,9,3450,43
2021-05-01,Lassen,035,31185,5172,5142,103,5245,1
2021-05-01,Los Angeles,037,10098052,1202294,1192781,40094,1232875,23946
2021-05-01,Madera,039,155013,16500,16408,909,17317,235
2021-05-01,Marin,041,260295,13976,13902,242,14144,228
2021-05-01,Mariposa,043,17540,422,418,11,429,5
2021-05-01,Mendocino,045,87422,3850,3782,80,3862,46
2021-05-01,Merced,047,269075,30665,30771,1012,31783,444
2021-05-01,Modoc,049,8938,365,361,120,481,3
2021-05-01,Mono,051,14174,1250,1258,17,1275,3
2021-05-01,Monterey,053,433212,42963,42828,1810,44638,379
2021-05-01,Napa,055,140530,9787,9800,33,9833,81
2021-05-01,Nevada,057,99092,4706,4625,185,4810,70
2021-05-01,Orange,059,3164182,254445,252969,11073,264042,4964
2021-05-01,Placer,061,380077,22757,22240,1412,23652,287
2021-05-01,Plumas,063,18699,690,675,10,685,4
2021-05-01,Riverside,065,2383286,292654,287129,13730,300859,4412
2021-05-01,Sacramento,067,1510023,103761,103043,1653,104696,1602
2021-05-01,San Benito,069,59416,6016,6030,111,6141,63
2021-05-01,San Bernardino,071,2135413,291911,290802,8842,299644,4652
2021-05-01,San Diego,073,3302833,278043,276367,14541,290908,3706
2021-05-01,San Francisco,075,870044,36323,36496,1245,37741,541
2021-05-01,San Joaquin,077,732212,72115,71389,3394,74783,1325
2021-05-01,San Luis Obispo,079,281455,21162,20896,707,21603,254
2021-05-01,San Mateo,081,765935,41918,41617,456,42073,411
2021-05-01,Santa Barbara,083,443738,34221,34085,1108,35193,453
2021-05-01,Santa Clara,085,1922200,117696,118265,728,118993,1988
2021-05-01,Santa Cruz,087,273765,16134,15984,795,16779,207
2021-05-01,Shasta,089,179085,11892,11878,1465,13343,197
2021-05-01,Sierra,091,2930,56,53,12,65,0
2021-05-01,Siskiyou,093,43540,1781,1653,301,1954,11
2021-05-01,Solano,095,438530,32228,32124,504,32628,249
2021-05-01,Sonoma,097,501317,29676,29835,316,30151,318
2021-05-01,Stanislaus,099,539301,55312,55005,5758,60763,774
2021-05-01,Sutter,101,95872,9324,9358,80,9438,110
2021-05-01,Tehama,103,63373,4974,4950,547,5497,53
2021-05-01,Trinity,105,12862,482,326,82,408,3
2021-05-01,Tulare,107,460477,49827,48818,8716,57534,835
2021-05-01,Tuolumne,109,53932,3988,4035,41,4076,61
2021-05-01,Ventura,111,848112,80886,80268,2920,83188,1005
2021-05-01,Yolo,113,214977,13810,13784,204,13988,208
2021-05-01,Yuba,115,75493,5906,5875,118,5993,44
2021-04-30,Alameda,001,1643700,86783,86602,1866,88468,1268
2021-04-30,Alpine,002,1148,87,88,0,88,0
2021-04-30,Amador,005,37829,3641,3650,32,3682,46
2021-04-30,Butte,007,227075,12178,11812,1781,13593,197
2021-04-30,Calaveras,009,45235,2096,2087,13,2100,50
2021-04-30,Colusa,011,21464,1926,1931,291,2222,14
2021-04-30,Contra Costa,013,1133247,68268,67684,1206,68890,800
2021-04-30,Del Norte,015,27424,1333,1276,11,1287,6
2021-04-30,El Dorado,017,186661,10047,9906,714,10620,110
2021-04-30,Fresno,019,978130,101699,101263,8463,109726,1670
2021-04-30,Glenn,021,27897,2391,2369,535,2904,17
2021-04-30,Humboldt,023,135768,3866,3834,31,3865,36
2021-04-30,Imperial,025,180216,28305,28244,2625,30869,721
2021-04-30,Inyo,027,18085,1399,1397,11,1408,36
2021-04-30,Kern,029,883053,96602,95605,10537,106142,1298
2021-04-30,Kings,031,150075,23012,22793,1057,23850,246
2021-04-30,Lake,033,64148,3468,3440,9,3449,43
2021-04-30,Lassen,035,31185,5171,5140,103,5243,1
2021-04-30,Los Angeles,037,10098052,1202083,1192393,40081,1232474,23919
2021-04-30,Madera,039,155013,16494,16395,909,17304,235
2021-04-30,Marin,041,260295,13968,13895,240,14135,228
2021-04-30,Mariposa,043,17540,422,417,11,428,5
2021-04-30,Mendocino,045,87422,3846,3777,80,3857,46
2021-04-30,Merced,047,269075,30652,30740,1011,31751,444
2021-04-30,Modoc,049,8938,364,360,120,480,3
2021-04-30,Mono,051,14174,1250,1258,17,1275,3
2021-04-30,Monterey,053,433212,42949,42810,1809,44619,379
2021-04-30,Napa,055,140530,9783,9792,33,9825,81
2021-04-30,Nevada,057,99092,4698,4608,185,4793,70
2021-04-30,Orange,059,3164182,254387,252883,11067,263950,4956
2021-04-30,Placer,061,380077,22738,22190,1408,23598,287
2021-04-30,Plumas,063,18699,690,677,10,687,4
2021-04-30,Riverside,065,2383286,292596,287030,13723,300753,4412
2021-04-30,Sacramento,067,1510023,103660,102864,1649,104513,1596
2021-04-30,San Benito,069,59416,6012,6024,110,6134,63
2021-04-30,San Bernardino,071,2135413,291851,290704,8841,299545,4640
2021-04-30,San Diego,073,3302833,277947,276157,14530,290687,3702
2021-04-30,San Francisco,075,870044,36312,36453,1244,37697,538
2021-04-30,San Joaquin,077,732212,72063,71311,3391,74702,1306
2021-04-30,San Luis Obispo,079,281455,21156,20884,707,21591,255
2021-04-30,San Mateo,081,765935,41904,41583,455,42038,380
2021-04-30,Santa Barbara,083,443738,34208,34061,1108,35169,451
2021-04-30,Santa Clara,085,1922200,117638,118170,724,118894,1988
2021-04-30,Santa Cruz,087,273765,16129,15975,795,16770,207
2021-04-30,Shasta,089,179085,11871,11848,1462,13310,197
2021-04-30,Sierra,091,2930,56,53,12,65,0
2021-04-30,Siskiyou,093,43540,1770,1628,298,1926,11
2021-04-30,Solano,095,438530,32196,32050,501,32551,249
2021-04-30,Sonoma,097,501317,29666,29816,314,30130,318
2021-04-30,Stanislaus,099,539301,55261,54938,5755,60693,774
2021-04-30,Sutter,101,95872,9322,9353,80,9433,110
2021-04-30,Tehama,103,63373,4971,4944,547,5491,53
2021-04-30,Trinity,105,12862,482,326,82,408,3
2021-04-30,Tulare,107,460477,49817,48797,8700,57497,836
2021-04-30,Tuolumne,109,53932,3987,4033,41,4074,61
2021-04-30,Ventura,111,848112,80846,80232,2915,83147,1004
2021-04-30,Yolo,113,214977,13798,13756,204,13960,208
2021-04-30,Yuba,115,75493,5898,5870,118,5988,44
2021-04-29,Alameda,001,1643700,86716,86490,1865,88355,1263
2021-04-29,Alpine,002,1148,87,88,0,88,0
2021-04-29,Amador,005,37829,3641,3649,32,3681,46
2021-04-29,Butte,007,227075,12163,11787,1779,13566,196
2021-04-29,Calaveras,009,45235,2093,2082,13,2095,50
2021-04-29,Colusa,011,21464,1926,1929,291,2220,14
2021-04-29,Contra Costa,013,1133247,68213,67606,1203,68809,795
2021-04-29,Del Norte,015,27424,1329,1271,11,1282,6
2021-04-29,El Dorado,017,186661,10027,9884,711,10595,107
2021-04-29,Fresno,019,978130,101645,101189,8452,109641,1667
2021-04-29,Glenn,021,27897,2388,2369,535,2904,17
2021-04-29,Humboldt,023,135768,3852,3815,31,3846,36
2021-04-29,Imperial,025,180216,28293,28235,2624,30859,720
2021-04-29,Inyo,027,18085,1399,1396,11,1407,36
2021-04-29,Kern,029,883053,96569,95547,10533,106080,1295
2021-04-29,Kings,031,150075,23002,22777,1052,23829,245
2021-04-29,Lake,033,64148,3460,3438,9,3447,43
2021-04-29,Lassen,035,31185,5171,5140,103,5243,1
2021-04-29,Los Angeles,037,10098052,1201805,1192068,40060,1232128,23899
2021-04-29,Madera,039,155013,16489,16383,908,17291,235
2021-04-29,Marin,041,260295,13964,13884,232,14116,228
2021-04-29,Mariposa,043,17540,421,416,11,427,5
2021-04-29,Mendocino,045,87422,3840,3774,80,3854,46
2021-04-29,Merced,047,269075,30633,30706,1010,31716,444
2021-04-29,Modoc,049,8938,364,360,120,480,3
2021-04-29,Mono,051,14174,1247,1259,17,1276,3
2021-04-29,Monterey,053,433212,42932,42797,1808,44605,379
2021-04-29,Napa,055,140530,9769,9789,33,9822,81
2021-04-29,Nevada,057,99092,4687,4590,185,4775,70
2021-04-29,Orange,059,3164182,254317,252823,11052,263875,4934
2021-04-29,Placer,061,380077,22713,22161,1406,23567,286
2021-04-29,Plumas,063,18699,689,676,10,686,4
2021-04-29,Riverside,065,2383286,292528,286947,13721,300668,4409
2021-04-29,Sacramento,067,1510023,103527,102686,1639,104325,1593
2021-04-29,San Benito,069,59416,6011,6023,110,6133,63
2021-04-29,San Bernardino,071,2135413,291779,290606,8836,299442,4609
2021-04-29,San Diego,073,3302833,277796,275961,14513,290474,3700
2021-04-29,San Francisco,075,870044,36287,36412,1244,37656,537
2021-04-29,San Joaquin,077,732212,71997,71225,3386,74611,1301
2021-04-29,San Luis Obispo,079,281455,21145,20876,707,21583,255
2021-04-29,San Mateo,081,765935,41876,41538,454,41992,358
2021-04-29,Santa Barbara,083,443738,34192,34039,1106,35145,448
2021-04-29,Santa Clara,085,1922200,117583,118082,721,118803,1984
2021-04-29,Santa Cruz,087,273765,16123,15961,795,16756,205
2021-04-29,Shasta,089,179085,11840,11836,1454,13290,193
2021-04-29,Sierra,091,2930,56,53,12,65,0
2021-04-29,Siskiyou,093,43540,1761,1615,295,1910,11
2021-04-29,Solano,095,438530,32155,32002,497,32499,248
2021-04-29,Sonoma,097,501317,29651,29785,311,30096,318
2021-04-29,Stanislaus,099,539301,55194,54836,5750,60586,774
2021-04-29,Sutter,101,95872,9315,9346,80,9426,110
2021-04-29,Tehama,103,63373,4963,4939,547,5486,53
2021-04-29,Trinity,105,12862,482,326,82,408,3
2021-04-29,Tulare,107,460477,49799,48785,8689,57474,832
2021-04-29,Tuolumne,109,53932,3986,4030,41,4071,58
2021-04-29,Ventura,111,848112,80812,80188,2913,83101,1002
2021-04-29,Yolo,113,214977,13778,13745,203,13948,205
2021-04-29,Yuba,115,75493,5888,5865,118,5983,44
2021-04-28,Alameda,001,1643700,86644,86390,1861,88251,1260
2021-04-28,Alpine,002,1148,87,88,0,88,0
2021-04-28,Amador,005,37829,3641,3646,32,3678,46
2021-04-28,Butte,007,227075,12143,11762,1774,13536,196
2021-04-28,Calaveras,009,45235,2089,2078,12,2090,50
2021-04-28,Colusa,011,21464,1923,1927,290,2217,14
2021-04-28,Contra Costa,013,1133247,68153,67539,1201,68740,795
2021-04-28,Del Norte,015,27424,1321,1267,11,1278,6
2021-04-28,El Dorado,017,186661,10002,9873,711,10584,107
2021-04-28,Fresno,019,978130,101599,101161,8442,109603,1666
2021-04-28,Glenn,021,27897,2385,2368,535,2903,17
2021-04-28,Humboldt,023,135768,3836,3796,31,3827,36
2021-04-28,Imperial,025,180216,28279,28177,2623,30800,720
2021-04-28,Inyo,027,18085,1399,1396,10,1406,36
2021-04-28,Kern,029,883053,96540,95494,10524,106018,1295
2021-04-28,Kings,031,150075,22990,22767,1050,23817,245
2021-04-28,Lake,033,64148,3457,3433,9,3442,43
2021-04-28,Lassen,035,31185,5171,5138,103,5241,1
2021-04-28,Los Angeles,037,10098052,1201503,1191729,40033,1231762,23858
2021-04-28,Madera,039,155013,16485,16372,908,17280,235
2021-04-28,Marin,041,260295,13953,13866,232,14098,227
2021-04-28,Mariposa,043,17540,418,415,11,426,5
2021-04-28,Mendocino,045,87422,3834,3770,78,3848,46
2021-04-28,Merced,047,269075,30615,30649,1010,31659,443
2021-04-28,Modoc,049,8938,364,360,120,480,3
2021-04-28,Mono,051,14174,1247,1258,17,1275,3
2021-04-28,Monterey,053,433212,42927,42776,1808,44584,379
2021-04-28,Napa,055,140530,9758,9777,33,9810,81
2021-04-28,Nevada,057,99092,4667,4570,185,4755,70
2021-04-28,Orange,059,3164182,254237,252747,11040,263787,4931
2021-04-28,Placer,061,380077,22686,22115,1405,23520,285
2021-04-28,Plumas,063,18699,689,676,10,686,4
2021-04-28,Riverside,065,2383286,292472,286868,13715,300583,4407
2021-04-28,Sacramento,067,1510023,103406,102613,1635,104248,1591
2021-04-28,San Benito,069,59416,6009,6021,110,6131,63
2021-04-28,San Bernardino,071,2135413,291700,290548,8826,299374,4582
2021-04-28,San Diego,073,3302833,277642,275821,14499,290320,3698
2021-04-28,San Francisco,075,870044,36257,36382,1243,37625,534
2021-04-28,San Joaquin,077,732212,71917,71171,3378,74549,1301
2021-04-28,San Luis Obispo,079,281455,21137,20851,707,21558,255
2021-04-28,San Mateo,081,765935,41851,41498,452,41950,358
2021-04-28,Santa Barbara,083,443738,34178,34003,1106,35109,448
2021-04-28,Santa Clara,085,1922200,117514,117997,719,118716,1969
2021-04-28,Santa Cruz,087,273765,16119,15943,794,16737,205
2021-04-28,Shasta,089,179085,11824,11815,1447,13262,192
2021-04-28,Sierra,091,2930,56,51,12,63,0
2021-04-28,Siskiyou,093,43540,1748,1603,292,1895,11
2021-04-28,Solano,095,438530,32123,31982,492,32474,248
2021-04-28,Sonoma,097,501317,29637,29773,307,30080,318
2021-04-28,Stanislaus,099,539301,55139,54745,5747,60492,774
2021-04-28,Sutter,101,95872,9310,9343,80,9423,110
2021-04-28,Tehama,103,63373,4958,4930,546,5476,53
2021-04-28,Trinity,105,12862,482,326,82,408,3
2021-04-28,Tulare,107,460477,49781,48754,8674,57428,832
2021-04-28,Tuolumne,109,53932,3983,4029,41,4070,58
2021-04-28,Ventura,111,848112,80777,80172,2911,83083,1000
2021-04-28,Yolo,113,214977,13764,13721,202,13923,205
2021-04-28,Yuba,115,75493,5882,5857,118,5975,44
2021-04-27,Alameda,001,1643700,86554,86301,1855,88156,1260
2021-04-27,Alpine,002,1148,87,88,0,88,0
2021-04-27,Amador,005,37829,3641,3645,32,3677,46
2021-04-27,Butte,007,227075,12118,11738,1768,13506,196
2021-04-27,Calaveras,009,45235,2087,2076,12,2088,50
2021-04-27,Colusa,011,21464,1922,1926,290,2216,14
2021-04-27,Contra Costa,013,1133247,68084,67470,1197,68667,791
2021-04-27,Del Norte,015,27424,1309,1266,11,1277,6
2021-04-27,El Dorado,017,186661,9973,9866,708,10574,106
2021-04-27,Fresno,019,978130,101534,101138,8432,109570,1663
2021-04-27,Glenn,021,27897,2385,2368,535,2903,17
2021-04-27,Humboldt,023,135768,3824,3780,31,3811,35
2021-04-27,Imperial,025,180216,28263,28149,2617,30766,720
2021-04-27,Inyo,027,18085,1399,1396,10,1406,36
2021-04-27,Kern,029,883053,96483,95466,10514,105980,1295
2021-04-27,Kings,031,150075,22975,22759,1048,23807,244
2021-04-27,Lake,033,64148,3456,3431,9,3440,43
2021-04-27,Lassen,035,31185,5171,5137,103,5240,1
2021-04-27,Los Angeles,037,10098052,1201180,1191504,40003,1231507,23825
2021-04-27,Madera,039,155013,16478,16365,908,17273,235
2021-04-27,Marin,041,260295,13932,13855,232,14087,227
2021-04-27,Mariposa,043,17540,417,413,11,424,5
2021-04-27,Mendocino,045,87422,3830,3765,78,3843,46
2021-04-27,Merced,047,269075,30574,30620,1010,31630,443
2021-04-27,Modoc,049,8938,363,360,120,480,3
2021-04-27,Mono,051,14174,1247,1257,17,1274,3
2021-04-27,Monterey,053,433212,42909,42752,1805,44557,379
2021-04-27,Napa,055,140530,9751,9774,31,9805,81
2021-04-27,Nevada,057,99092,4652,4557,185,4742,70
2021-04-27,Orange,059,3164182,254167,252667,11035,263702,4925
2021-04-27,Placer,061,380077,22656,22050,1401,23451,285
2021-04-27,Plumas,063,18699,688,675,10,685,4
2021-04-27,Riverside,065,2383286,292396,286820,13711,300531,4405
2021-04-27,Sacramento,067,1510023,103277,102595,1625,104220,1589
2021-04-27,San Benito,069,59416,6004,6016,110,6126,63
2021-04-27,San Bernardino,071,2135413,291633,290461,8821,299282,4575
2021-04-27,San Diego,073,3302833,277485,275685,14479,290164,3692
2021-04-27,San Francisco,075,870044,36229,36358,1242,37600,533
2021-04-27,San Joaquin,077,732212,71863,71104,3372,74476,1301
2021-04-27,San Luis Obispo,079,281455,21130,20841,707,21548,255
2021-04-27,San Mateo,081,765935,41816,41474,451,41925,358
2021-04-27,Santa Barbara,083,443738,34154,33973,1105,35078,448
2021-04-27,Santa Clara,085,1922200,117464,117945,718,118663,1969
2021-04-27,Santa Cruz,087,273765,16112,15905,793,16698,205
2021-04-27,Shasta,089,179085,11796,11802,1440,13242,192
2021-04-27,Sierra,091,2930,56,51,12,63,0
2021-04-27,Siskiyou,093,43540,1733,1597,291,1888,11
2021-04-27,Solano,095,438530,32075,31964,491,32455,248
2021-04-27,Sonoma,097,501317,29619,29761,306,30067,318
2021-04-27,Stanislaus,099,539301,55069,54695,5739,60434,752
2021-04-27,Sutter,101,95872,9305,9342,80,9422,110
2021-04-27,Tehama,103,63373,4955,4922,542,5464,53
2021-04-27,Trinity,105,12862,482,326,82,408,3
2021-04-27,Tulare,107,460477,49764,48744,8665,57409,832
2021-04-27,Tuolumne,109,53932,3980,4028,41,4069,58
2021-04-27,Ventura,111,848112,80748,80152,2909,83061,1000
2021-04-27,Yolo,113,214977,13750,13697,201,13898,205
2021-04-27,Yuba,115,75493,5882,5853,118,5971,44
2021-04-26,Alameda,001,1643700,86460,86230,1852,88082,1256
2021-04-26,Alpine,002,1148,87,88,0,88,0
2021-04-26,Amador,005,37829,3640,3645,32,3677,46
2021-04-26,Butte,007,227075,12094,11720,1763,13483,196
2021-04-26,Calaveras,009,45235,2081,2074,12,2086,50
2021-04-26,Colusa,011,21464,1922,1925,289,2214,14
2021-04-26,Contra Costa,013,1133247,68017,67392,1193,68585,789
2021-04-26,Del Norte,015,27424,1300,1263,11,1274,6
2021-04-26,El Dorado,017,186661,9952,9849,707,10556,106
2021-04-26,Fresno,019,978130,101479,101099,8419,109518,1662
2021-04-26,Glenn,021,27897,2383,2367,535,2902,17
2021-04-26,Humboldt,023,135768,3814,3764,30,3794,35
2021-04-26,Imperial,025,180216,28250,28148,2614,30762,720
2021-04-26,Inyo,027,18085,1398,1396,10,1406,36
2021-04-26,Kern,029,883053,96456,95429,10508,105937,1295
2021-04-26,Kings,031,150075,22972,22756,1045,23801,244
2021-04-26,Lake,033,64148,3451,3428,9,3437,43
2021-04-26,Lassen,035,31185,5171,5138,103,5241,1
2021-04-26,Los Angeles,037,10098052,1200851,1191253,39984,1231237,23802
2021-04-26,Madera,039,155013,16466,16353,907,17260,231
2021-04-26,Marin,041,260295,13917,13849,232,14081,227
2021-04-26,Mariposa,043,17540,416,410,11,421,5
2021-04-26,Mendocino,045,87422,3828,3757,77,3834,46
2021-04-26,Merced,047,269075,30557,30611,1007,31618,443
2021-04-26,Modoc,049,8938,363,360,120,480,3
2021-04-26,Mono,051,14174,1247,1258,17,1275,3
2021-04-26,Monterey,053,433212,42893,42740,1804,44544,379
2021-04-26,Napa,055,140530,9739,9769,31,9800,79
2021-04-26,Nevada,057,99092,4631,4548,185,4733,70
2021-04-26,Orange,059,3164182,254084,252592,11025,263617,4919
2021-04-26,Placer,061,380077,22628,22032,1396,23428,285
2021-04-26,Plumas,063,18699,688,670,10,680,4
2021-04-26,Riverside,065,2383286,292334,286724,13703,300427,4401
2021-04-26,Sacramento,067,1510023,103105,102459,1613,104072,1587
2021-04-26,San Benito,069,59416,6002,6013,110,6123,63
2021-04-26,San Bernardino,071,2135413,291581,290394,8820,299214,4572
2021-04-26,San Diego,073,3302833,277310,275541,14451,289992,3692
2021-04-26,San Francisco,075,870044,36201,36330,1241,37571,532
2021-04-26,San Joaquin,077,732212,71797,71050,3364,74414,1301
2021-04-26,San Luis Obispo,079,281455,21122,20830,706,21536,255
2021-04-26,San Mateo,081,765935,41786,41457,451,41908,357
2021-04-26,Santa Barbara,083,443738,34123,33948,1105,35053,448
2021-04-26,Santa Clara,085,1922200,117364,117874,715,118589,1968
2021-04-26,Santa Cruz,087,273765,16103,15877,793,16670,205
2021-04-26,Shasta,089,179085,11779,11787,1434,13221,192
2021-04-26,Sierra,091,2930,55,51,12,63,0
2021-04-26,Siskiyou,093,43540,1723,1592,288,1880,11
2021-04-26,Solano,095,438530,32030,31913,489,32402,247
2021-04-26,Sonoma,097,501317,29596,29755,304,30059,318
2021-04-26,Stanislaus,099,539301,54979,54638,5733,60371,744
2021-04-26,Sutter,101,95872,9300,9328,80,9408,110
2021-04-26,Tehama,103,63373,4950,4920,539,5459,53
2021-04-26,Trinity,105,12862,482,326,82,408,3
2021-04-26,Tulare,107,460477,49744,48735,8656,57391,831
2021-04-26,Tuolumne,109,53932,3979,4024,41,4065,58
2021-04-26,Ventura,111,848112,80723,80137,2906,83043,999
2021-04-26,Yolo,113,214977,13730,13684,198,13882,205
2021-04-26,Yuba,115,75493,5880,5851,118,5969,44
2021-04-25,Alameda,001,1643700,86359,86162,1846,88008,1256
2021-04-25,Alpine,002,1148,87,87,0,87,0
2021-04-25,Amador,005,37829,3639,3643,32,3675,46
2021-04-25,Butte,007,227075,12065,11709,1756,13465,196
2021-04-25,Calaveras,009,45235,2076,2072,11,2083,50
2021-04-25,Colusa,011,21464,1921,1924,289,2213,14
2021-04-25,Contra Costa,013,1133247,67925,67316,1192,68508,789
2021-04-25,Del Norte,015,27424,1294,1259,11,1270,6
2021-04-25,El Dorado,017,186661,9935,9837,705,10542,106
2021-04-25,Fresno,019,978130,101419,101061,8407,109468,1662
2021-04-25,Glenn,021,27897,2383,2366,535,2901,17
2021-04-25,Humboldt,023,135768,3801,3751,30,3781,35
2021-04-25,Imperial,025,180216,28224,28136,2612,30748,720
2021-04-25,Inyo,027,18085,1398,1396,10,1406,36
2021-04-25,Kern,029,883053,96390,95398,10496,105894,1295
2021-04-25,Kings,031,150075,22958,22755,1043,23798,244
2021-04-25,Lake,033,64148,3449,3427,9,3436,43
2021-04-25,Lassen,035,31185,5169,5138,103,5241,1
2021-04-25,Los Angeles,037,10098052,1200515,1190970,39964,1230934,23799
2021-04-25,Madera,039,155013,16454,16346,907,17253,231
2021-04-25,Marin,041,260295,13908,13852,232,14084,227
2021-04-25,Mariposa,043,17540,416,410,11,421,5
2021-04-25,Mendocino,045,87422,3821,3757,77,3834,46
2021-04-25,Merced,047,269075,30523,30586,1006,31592,443
2021-04-25,Modoc,049,8938,363,360,120,480,3
2021-04-25,Mono,051,14174,1247,1257,17,1274,3
2021-04-25,Monterey,053,433212,42880,42737,1802,44539,379
2021-04-25,Napa,055,140530,9734,9762,31,9793,79
2021-04-25,Nevada,057,99092,4619,4536,185,4721,70
2021-04-25,Orange,059,3164182,254008,252531,11019,263550,4919
2021-04-25,Placer,061,380077,22582,22011,1388,23399,285
2021-04-25,Plumas,063,18699,687,670,10,680,4
2021-04-25,Riverside,065,2383286,292241,286651,13697,300348,4401
2021-04-25,Sacramento,067,1510023,102937,102319,1603,103922,1587
2021-04-25,San Benito,069,59416,6000,6014,109,6123,63
2021-04-25,San Bernardino,071,2135413,291506,290357,8812,299169,4571
2021-04-25,San Diego,073,3302833,277097,275412,14418,289830,3692
2021-04-25,San Francisco,075,870044,36170,36310,1241,37551,532
2021-04-25,San Joaquin,077,732212,71702,70987,3354,74341,1301
2021-04-25,San Luis Obispo,079,281455,21103,20820,704,21524,255
2021-04-25,San Mateo,081,765935,41751,41465,450,41915,356
2021-04-25,Santa Barbara,083,443738,34097,33931,1105,35036,448
2021-04-25,Santa Clara,085,1922200,117285,117778,713,118491,1968
2021-04-25,Santa Cruz,087,273765,16097,15868,791,16659,205
2021-04-25,Shasta,089,179085,11756,11784,1429,13213,192
2021-04-25,Sierra,091,2930,55,51,12,63,0
2021-04-25,Siskiyou,093,43540,1712,1580,286,1866,11
2021-04-25,Solano,095,438530,31983,31864,481,32345,247
2021-04-25,Sonoma,097,501317,29578,29756,304,30060,318
2021-04-25,Stanislaus,099,539301,54883,54543,5725,60268,744
2021-04-25,Sutter,101,95872,9294,9326,80,9406,110
2021-04-25,Tehama,103,63373,4946,4916,537,5453,53
2021-04-25,Trinity,105,12862,482,326,82,408,3
2021-04-25,Tulare,107,460477,49728,48728,8643,57371,831
2021-04-25,Tuolumne,109,53932,3977,4022,41,4063,58
2021-04-25,Ventura,111,848112,80699,80110,2906,83016,999
2021-04-25,Yolo,113,214977,13704,13667,197,13864,205
2021-04-25,Yuba,115,75493,5877,5849,117,5966,44
2021-04-24,Alameda,001,1643700,86304,86016,1844,87860,1257
2021-04-24,Alpine,002,1148,87,86,0,86,0
2021-04-24,Amador,005,37829,3638,3640,32,3672,46
2021-04-24,Butte,007,227075,12049,11678,1754,13432,196
2021-04-24,Calaveras,009,45235,2072,2067,11,2078,50
2021-04-24,Colusa,011,21464,1920,1921,289,2210,14
2021-04-24,Contra Costa,013,1133247,67854,67222,1190,68412,789
2021-04-24,Del Norte,015,27424,1289,1255,11,1266,6
2021-04-24,El Dorado,017,186661,9924,9814,704,10518,106
2021-04-24,Fresno,019,978130,101388,100991,8401,109392,1662
2021-04-24,Glenn,021,27897,2383,2363,535,2898,17
2021-04-24,Humboldt,023,135768,3787,3722,30,3752,35
2021-04-24,Imperial,025,180216,28217,28124,2611,30735,720
2021-04-24,Inyo,027,18085,1397,1396,10,1406,36
2021-04-24,Kern,029,883053,96371,95365,10486,105851,1295
2021-04-24,Kings,031,150075,22955,22749,1043,23792,244
2021-04-24,Lake,033,64148,3448,3426,9,3435,43
2021-04-24,Lassen,035,31185,5168,5137,103,5240,1
2021-04-24,Los Angeles,037,10098052,1200283,1190603,39948,1230551,23802
2021-04-24,Madera,039,155013,16451,16338,907,17245,231
2021-04-24,Marin,041,260295,13900,13847,232,14079,227
2021-04-24,Mariposa,043,17540,416,409,11,420,5
2021-04-24,Mendocino,045,87422,3819,3754,75,3829,46
2021-04-24,Merced,047,269075,30503,30559,1006,31565,443
2021-04-24,Modoc,049,8938,363,360,120,480,3
2021-04-24,Mono,051,14174,1247,1256,17,1273,3
2021-04-24,Monterey,053,433212,42868,42727,1801,44528,379
2021-04-24,Napa,055,140530,9728,9756,31,9787,79
2021-04-24,Nevada,057,99092,4612,4522,185,4707,70
2021-04-24,Orange,059,3164182,253964,252441,11013,263454,4910
2021-04-24,Placer,061,380077,22569,21983,1387,23370,285
2021-04-24,Plumas,063,18699,686,670,10,680,4
2021-04-24,Riverside,065,2383286,292173,286552,13693,300245,4400
2021-04-24,Sacramento,067,1510023,102854,102179,1596,103775,1587
2021-04-24,San Benito,069,59416,5998,6007,109,6116,63
2021-04-24,San Bernardino,071,2135413,291458,290264,8811,299075,4568
2021-04-24,San Diego,073,3302833,276994,275252,14398,289650,3688
2021-04-24,San Francisco,075,870044,36141,36285,1236,37521,532
2021-04-24,San Joaquin,077,732212,71659,70911,3351,74262,1301
2021-04-24,San Luis Obispo,079,281455,21093,20797,703,21500,255
2021-04-24,San Mateo,081,765935,41738,41424,448,41872,355
2021-04-24,Santa Barbara,083,443738,34082,33911,1104,35015,448
2021-04-24,Santa Clara,085,1922200,117230,117674,711,118385,1968
2021-04-24,Santa Cruz,087,273765,16089,15840,791,16631,205
2021-04-24,Shasta,089,179085,11738,11770,1426,13196,192
2021-04-24,Sierra,091,2930,55,51,12,63,0
2021-04-24,Siskiyou,093,43540,1702,1574,285,1859,11
2021-04-24,Solano,095,438530,31960,31821,478,32299,247
2021-04-24,Sonoma,097,501317,29576,29739,304,30043,318
2021-04-24,Stanislaus,099,539301,54834,54455,5722,60177,744
2021-04-24,Sutter,101,95872,9291,9316,80,9396,110
2021-04-24,Tehama,103,63373,4941,4907,537,5444,53
2021-04-24,Trinity,105,12862,482,326,82,408,3
2021-04-24,Tulare,107,460477,49717,48705,8633,57338,830
2021-04-24,Tuolumne,109,53932,3973,4020,41,4061,58
2021-04-24,Ventura,111,848112,80686,80097,2904,83001,999
2021-04-24,Yolo,113,214977,13693,13653,197,13850,205
2021-04-24,Yuba,115,75493,5875,5837,117,5954,44
2021-04-23,Alameda,001,1643700,86230,85935,1841,87776,1256
2021-04-23,Alpine,002,1148,86,86,0,86,0
2021-04-23,Amador,005,37829,3637,3637,32,3669,46
2021-04-23,Butte,007,227075,12028,11672,1749,13421,196
2021-04-23,Calaveras,009,45235,2069,2064,11,2075,50
2021-04-23,Colusa,011,21464,1919,1921,289,2210,14
2021-04-23,Contra Costa,013,1133247,67800,67164,1188,68352,785
2021-04-23,Del Norte,015,27424,1288,1254,11,1265,6
2021-04-23,El Dorado,017,186661,9907,9788,701,10489,106
2021-04-23,Fresno,019,978130,101347,100928,8395,109323,1662
2021-04-23,Glenn,021,27897,2383,2361,534,2895,17
2021-04-23,Humboldt,023,135768,3777,3698,30,3728,35
2021-04-23,Imperial,025,180216,28202,28108,2610,30718,720
2021-04-23,Inyo,027,18085,1397,1395,10,1405,36
2021-04-23,Kern,029,883053,96346,95330,10480,105810,1295
2021-04-23,Kings,031,150075,22952,22735,1043,23778,244
2021-04-23,Lake,033,64148,3446,3425,9,3434,43
2021-04-23,Lassen,035,31185,5168,5141,103,5244,1
2021-04-23,Los Angeles,037,10098052,1200013,1190264,39924,1230188,23785
2021-04-23,Madera,039,155013,16442,16328,907,17235,231
2021-04-23,Marin,041,260295,13895,13838,232,14070,227
2021-04-23,Mariposa,043,17540,415,405,11,416,5
2021-04-23,Mendocino,045,87422,3817,3745,74,3819,46
2021-04-23,Merced,047,269075,30486,30530,1005,31535,443
2021-04-23,Modoc,049,8938,363,360,120,480,3
2021-04-23,Mono,051,14174,1245,1256,17,1273,3
2021-04-23,Monterey,053,433212,42862,42722,1801,44523,377
2021-04-23,Napa,055,140530,9723,9752,31,9783,79
2021-04-23,Nevada,057,99092,4603,4510,185,4695,70
2021-04-23,Orange,059,3164182,253920,252399,11006,263405,4904
2021-04-23,Placer,061,380077,22546,21959,1386,23345,282
2021-04-23,Plumas,063,18699,685,670,10,680,4
2021-04-23,Riverside,065,2383286,292114,286456,13688,300144,4399
2021-04-23,Sacramento,067,1510023,102767,102041,1593,103634,1586
2021-04-23,San Benito,069,59416,5996,6005,109,6114,63
2021-04-23,San Bernardino,071,2135413,291407,290189,8810,298999,4568
2021-04-23,San Diego,073,3302833,276855,275097,14375,289472,3684
2021-04-23,San Francisco,075,870044,36125,36252,1235,37487,532
2021-04-23,San Joaquin,077,732212,71603,70840,3348,74188,1295
2021-04-23,San Luis Obispo,079,281455,21084,20781,702,21483,255
2021-04-23,San Mateo,081,765935,41712,41386,448,41834,355
2021-04-23,Santa Barbara,083,443738,34072,33895,1102,34997,447
2021-04-23,Santa Clara,085,1922200,117168,117593,710,118303,1965
2021-04-23,Santa Cruz,087,273765,16082,15802,791,16593,205
2021-04-23,Shasta,089,179085,11731,11759,1425,13184,192
2021-04-23,Sierra,091,2930,55,51,12,63,0
2021-04-23,Siskiyou,093,43540,1690,1567,284,1851,11
2021-04-23,Solano,095,438530,31928,31784,474,32258,247
2021-04-23,Sonoma,097,501317,29562,29727,304,30031,318
2021-04-23,Stanislaus,099,539301,54772,54391,5714,60105,744
2021-04-23,Sutter,101,95872,9289,9312,80,9392,110
2021-04-23,Tehama,103,63373,4938,4906,537,5443,53
2021-04-23,Trinity,105,12862,482,326,82,408,3
2021-04-23,Tulare,107,460477,49700,48694,8626,57320,829
2021-04-23,Tuolumne,109,53932,3972,4020,41,4061,58
2021-04-23,Ventura,111,848112,80667,80095,2904,82999,996
2021-04-23,Yolo,113,214977,13681,13647,197,13844,205
2021-04-23,Yuba,115,75493,5872,5828,117,5945,44
2021-04-22,Alameda,001,1643700,86140,85829,1840,87669,1253
2021-04-22,Alpine,002,1148,86,86,0,86,0
2021-04-22,Amador,005,37829,3636,3633,32,3665,46
2021-04-22,Butte,007,227075,12014,11656,1746,13402,196
2021-04-22,Calaveras,009,45235,2067,2059,11,2070,50
2021-04-22,Colusa,011,21464,1917,1920,287,2207,14
2021-04-22,Contra Costa,013,1133247,67728,67029,1184,68213,782
2021-04-22,Del Norte,015,27424,1283,1252,11,1263,6
2021-04-22,El Dorado,017,186661,9895,9773,698,10471,106
2021-04-22,Fresno,019,978130,101302,100864,8384,109248,1657
2021-04-22,Glenn,021,27897,2382,2361,534,2895,17
2021-04-22,Humboldt,023,135768,3768,3680,30,3710,35
2021-04-22,Imperial,025,180216,28181,28096,2607,30703,720
2021-04-22,Inyo,027,18085,1396,1394,10,1404,36
2021-04-22,Kern,029,883053,96303,95292,10465,105757,1299
2021-04-22,Kings,031,150075,22942,22725,1043,23768,243
2021-04-22,Lake,033,64148,3444,3423,9,3432,43
2021-04-22,Lassen,035,31185,5168,5155,103,5258,1
2021-04-22,Los Angeles,037,10098052,1199691,1189878,39903,1229781,23762
2021-04-22,Madera,039,155013,16423,16316,907,17223,231
2021-04-22,Marin,041,260295,13887,13832,232,14064,227
2021-04-22,Mariposa,043,17540,414,403,11,414,5
2021-04-22,Mendocino,045,87422,3811,3729,74,3803,46
2021-04-22,Merced,047,269075,30451,30490,1004,31494,443
2021-04-22,Modoc,049,8938,363,360,120,480,3
2021-04-22,Mono,051,14174,1245,1254,17,1271,3
2021-04-22,Monterey,053,433212,42855,42708,1799,44507,377
2021-04-22,Napa,055,140530,9713,9734,31,9765,79
2021-04-22,Nevada,057,99092,4593,4504,183,4687,70
2021-04-22,Orange,059,3164182,253847,252307,10993,263300,4898
2021-04-22,Placer,061,380077,22516,21916,1382,23298,282
2021-04-22,Plumas,063,18699,684,670,10,680,4
2021-04-22,Riverside,065,2383286,292015,286362,13679,300041,4398
2021-04-22,Sacramento,067,1510023,102618,101870,1584,103454,1585
2021-04-22,San Benito,069,59416,5992,5998,109,6107,63
2021-04-22,San Bernardino,071,2135413,291338,290125,8801,298926,4571
2021-04-22,San Diego,073,3302833,276689,275913,14353,290266,3684
2021-04-22,San Francisco,075,870044,36102,36218,1232,37450,532
2021-04-22,San Joaquin,077,732212,71544,70751,3341,74092,1295
2021-04-22,San Luis Obispo,079,281455,21070,20761,702,21463,255
2021-04-22,San Mateo,081,765935,41686,41345,446,41791,355
2021-04-22,Santa Barbara,083,443738,34049,33870,1101,34971,446
2021-04-22,Santa Clara,085,1922200,117080,117457,706,118163,1954
2021-04-22,Santa Cruz,087,273765,16079,15737,790,16527,205
2021-04-22,Shasta,089,179085,11716,11738,1423,13161,192
2021-04-22,Sierra,091,2930,55,51,12,63,0
2021-04-22,Siskiyou,093,43540,1686,1564,283,1847,11
2021-04-22,Solano,095,438530,31883,31731,471,32202,247
2021-04-22,Sonoma,097,501317,29547,29705,300,30005,318
2021-04-22,Stanislaus,099,539301,54699,54313,5708,60021,744
2021-04-22,Sutter,101,95872,9285,9302,80,9382,110
2021-04-22,Tehama,103,63373,4932,4896,533,5429,53
2021-04-22,Trinity,105,12862,482,326,82,408,3
2021-04-22,Tulare,107,460477,49680,48669,8617,57286,828
2021-04-22,Tuolumne,109,53932,3968,4020,41,4061,58
2021-04-22,Ventura,111,848112,80641,80073,2902,82975,996
2021-04-22,Yolo,113,214977,13660,13616,197,13813,205
2021-04-22,Yuba,115,75493,5862,5825,117,5942,44
2021-04-21,Alameda,001,1643700,86061,85762,1838,87600,1249
2021-04-21,Alpine,002,1148,86,86,0,86,0
2021-04-21,Amador,005,37829,3633,3632,32,3664,46
2021-04-21,Butte,007,227075,11994,11643,1744,13387,196
2021-04-21,Calaveras,009,45235,2059,2057,11,2068,50
2021-04-21,Colusa,011,21464,1915,1920,286,2206,14
2021-04-21,Contra Costa,013,1133247,67662,66981,1183,68164,782
2021-04-21,Del Norte,015,27424,1279,1252,11,1263,6
2021-04-21,El Dorado,017,186661,9878,9760,695,10455,106
2021-04-21,Fresno,019,978130,101246,100838,8378,109216,1654
2021-04-21,Glenn,021,27897,2381,2361,534,2895,17
2021-04-21,Humboldt,023,135768,3749,3642,30,3672,35
2021-04-21,Imperial,025,180216,28169,28052,2606,30658,719
2021-04-21,Inyo,027,18085,1396,1392,10,1402,36
2021-04-21,Kern,029,883053,96257,95257,10455,105712,1297
2021-04-21,Kings,031,150075,22935,22713,1042,23755,243
2021-04-21,Lake,033,64148,3441,3421,9,3430,43
2021-04-21,Lassen,035,31185,5167,5156,103,5259,1
2021-04-21,Los Angeles,037,10098052,1199349,1189530,39884,1229414,23729
2021-04-21,Madera,039,155013,16418,16309,907,17216,231
2021-04-21,Marin,041,260295,13872,13822,232,14054,227
2021-04-21,Mariposa,043,17540,413,402,11,413,5
2021-04-21,Mendocino,045,87422,3809,3729,74,3803,46
2021-04-21,Merced,047,269075,30431,30471,1002,31473,442
2021-04-21,Modoc,049,8938,363,360,120,480,3
2021-04-21,Mono,051,14174,1245,1254,17,1271,3
2021-04-21,Monterey,053,433212,42840,42699,1797,44496,377
2021-04-21,Napa,055,140530,9707,9727,31,9758,79
2021-04-21,Nevada,057,99092,4579,4499,183,4682,70
2021-04-21,Orange,059,3164182,253770,252243,10980,263223,4889
2021-04-21,Placer,061,380077,22485,21896,1377,23273,282
2021-04-21,Plumas,063,18699,684,670,10,680,4
2021-04-21,Riverside,065,2383286,291921,286299,13672,299971,4388
2021-04-21,Sacramento,067,1510023,102489,101803,1578,103381,1579
2021-04-21,San Benito,069,59416,5989,5998,109,6107,63
2021-04-21,San Bernardino,071,2135413,291262,290049,8799,298848,4572
2021-04-21,San Diego,073,3302833,276480,275632,14315,289947,3681
2021-04-21,San Francisco,075,870044,36082,36194,1231,37425,529
2021-04-21,San Joaquin,077,732212,71489,70687,3331,74018,1295
2021-04-21,San Luis Obispo,079,281455,21055,20724,701,21425,255
2021-04-21,San Mateo,081,765935,41655,41318,445,41763,355
2021-04-21,Santa Barbara,083,443738,34030,33830,1100,34930,445
2021-04-21,Santa Clara,085,1922200,117002,117318,700,118018,1946
2021-04-21,Santa Cruz,087,273765,16070,15698,790,16488,204
2021-04-21,Shasta,089,179085,11697,11722,1421,13143,192
2021-04-21,Sierra,091,2930,55,51,12,63,0
2021-04-21,Siskiyou,093,43540,1679,1557,283,1840,11
2021-04-21,Solano,095,438530,31844,31712,470,32182,244
2021-04-21,Sonoma,097,501317,29535,29697,299,29996,318
2021-04-21,Stanislaus,099,539301,54638,54290,5702,59992,742
2021-04-21,Sutter,101,95872,9277,9297,80,9377,110
2021-04-21,Tehama,103,63373,4925,4893,532,5425,53
2021-04-21,Trinity,105,12862,482,326,82,408,3
2021-04-21,Tulare,107,460477,49665,48653,8604,57257,828
2021-04-21,Tuolumne,109,53932,3965,4019,41,4060,58
2021-04-21,Ventura,111,848112,80609,80039,2899,82938,996
2021-04-21,Yolo,113,214977,13640,13606,196,13802,200
2021-04-21,Yuba,115,75493,5855,5822,116,5938,44
2021-04-20,Alameda,001,1643700,85966,85652,1836,87488,1248
2021-04-20,Alpine,002,1148,85,85,0,85,0
2021-04-20,Amador,005,37829,3632,3631,32,3663,46
2021-04-20,Butte,007,227075,11976,11619,1742,13361,196
2021-04-20,Calaveras,009,45235,2058,2053,11,2064,50
2021-04-20,Colusa,011,21464,1915,1915,285,2200,14
2021-04-20,Contra Costa,013,1133247,67578,66889,1180,68069,782
2021-04-20,Del Norte,015,27424,1278,1250,11,1261,6
2021-04-20,El Dorado,017,186661,9850,9743,693,10436,106
2021-04-20,Fresno,019,978130,101188,100768,8368,109136,1650
2021-04-20,Glenn,021,27897,2379,2359,533,2892,17
2021-04-20,Humboldt,023,135768,3731,3612,30,3642,35
2021-04-20,Imperial,025,180216,28150,28024,2602,30626,719
2021-04-20,Inyo,027,18085,1396,1393,10,1403,36
2021-04-20,Kern,029,883053,96221,95223,10439,105662,1295
2021-04-20,Kings,031,150075,22929,22693,1039,23732,243
2021-04-20,Lake,033,64148,3439,3418,9,3427,43
2021-04-20,Lassen,035,31185,5167,5155,103,5258,1
2021-04-20,Los Angeles,037,10098052,1199002,1189256,39854,1229110,23694
2021-04-20,Madera,039,155013,16412,16301,907,17208,231
2021-04-20,Marin,041,260295,13858,13807,232,14039,227
2021-04-20,Mariposa,043,17540,412,402,11,413,5
2021-04-20,Mendocino,045,87422,3808,3726,74,3800,46
2021-04-20,Merced,047,269075,30404,30439,1001,31440,441
2021-04-20,Modoc,049,8938,363,359,120,479,3
2021-04-20,Mono,051,14174,1244,1254,17,1271,3
2021-04-20,Monterey,053,433212,42829,42663,1795,44458,363
2021-04-20,Napa,055,140530,9703,9711,31,9742,79
2021-04-20,Nevada,057,99092,4561,4485,183,4668,70
2021-04-20,Orange,059,3164182,253680,252134,10968,263102,4887
2021-04-20,Placer,061,380077,22451,21846,1373,23219,282
2021-04-20,Plumas,063,18699,683,670,10,680,4
2021-04-20,Riverside,065,2383286,291824,286194,13667,299861,4388
2021-04-20,Sacramento,067,1510023,102351,101629,1570,103199,1574
2021-04-20,San Benito,069,59416,5986,5988,109,6097,63
2021-04-20,San Bernardino,071,2135413,291181,289905,8797,298702,4569
2021-04-20,San Diego,073,3302833,276249,275369,14282,289651,3674
2021-04-20,San Francisco,075,870044,36062,36117,1230,37347,529
2021-04-20,San Joaquin,077,732212,71416,70590,3322,73912,1289
2021-04-20,San Luis Obispo,079,281455,21032,20691,693,21384,254
2021-04-20,San Mateo,081,765935,41624,41251,445,41696,355
2021-04-20,Santa Barbara,083,443738,34011,33803,1100,34903,445
2021-04-20,Santa Clara,085,1922200,116904,117228,696,117924,1944
2021-04-20,Santa Cruz,087,273765,16058,15647,790,16437,204
2021-04-20,Shasta,089,179085,11681,11677,1418,13095,189
2021-04-20,Sierra,091,2930,55,51,12,63,0
2021-04-20,Siskiyou,093,43540,1671,1551,282,1833,10
2021-04-20,Solano,095,438530,31788,31673,466,32139,243
2021-04-20,Sonoma,097,501317,29526,29676,297,29973,311
2021-04-20,Stanislaus,099,539301,54573,54236,5689,59925,735
2021-04-20,Sutter,101,95872,9273,9279,80,9359,109
2021-04-20,Tehama,103,63373,4920,4887,531,5418,52
2021-04-20,Trinity,105,12862,482,326,82,408,3
2021-04-20,Tulare,107,460477,49643,48650,8596,57246,831
2021-04-20,Tuolumne,109,53932,3965,4014,41,4055,58
2021-04-20,Ventura,111,848112,80581,80018,2897,82915,995
2021-04-20,Yolo,113,214977,13620,13581,195,13776,200
2021-04-20,Yuba,115,75493,5845,5814,116,5930,44
2021-04-19,Alameda,001,1643700,85848,85583,1832,87415,1247
2021-04-19,Alpine,002,1148,85,85,0,85,0
2021-04-19,Amador,005,37829,3631,3629,32,3661,46
2021-04-19,Butte,007,227075,11958,11601,1737,13338,196
2021-04-19,Calaveras,009,45235,2056,2050,11,2061,50
2021-04-19,Colusa,011,21464,1915,1913,284,2197,14
2021-04-19,Contra Costa,013,1133247,67500,66833,1178,68011,782
2021-04-19,Del Norte,015,27424,1276,1247,11,1258,6
2021-04-19,El Dorado,017,186661,9834,9726,688,10414,106
2021-04-19,Fresno,019,978130,101120,100702,8356,109058,1646
2021-04-19,Glenn,021,27897,2379,2358,532,2890,17
2021-04-19,Humboldt,023,135768,3711,3602,28,3630,35
2021-04-19,Imperial,025,180216,28129,27995,2602,30597,719
2021-04-19,Inyo,027,18085,1396,1392,10,1402,36
2021-04-19,Kern,029,883053,96191,95162,10424,105586,1290
2021-04-19,Kings,031,150075,22914,22688,1039,23727,243
2021-04-19,Lake,033,64148,3438,3416,9,3425,43
2021-04-19,Lassen,035,31185,5166,5156,103,5259,1
2021-04-19,Los Angeles,037,10098052,1198623,1188945,39829,1228774,23666
2021-04-19,Madera,039,155013,16401,16289,906,17195,231
2021-04-19,Marin,041,260295,13847,13804,231,14035,226
2021-04-19,Mariposa,043,17540,411,401,11,412,5
2021-04-19,Mendocino,045,87422,3806,3722,74,3796,46
2021-04-19,Merced,047,269075,30375,30422,1000,31422,441
2021-04-19,Modoc,049,8938,363,359,120,479,3
2021-04-19,Mono,051,14174,1243,1254,17,1271,3
2021-04-19,Monterey,053,433212,42816,42642,1790,44432,356
2021-04-19,Napa,055,140530,9695,9680,31,9711,79
2021-04-19,Nevada,057,99092,4545,4477,183,4660,70
2021-04-19,Orange,059,3164182,253562,252013,10953,262966,4883
2021-04-19,Placer,061,380077,22428,21814,1369,23183,282
2021-04-19,Plumas,063,18699,683,665,10,675,4
2021-04-19,Riverside,065,2383286,291729,286087,13657,299744,4371
2021-04-19,Sacramento,067,1510023,102216,101482,1560,103042,1572
2021-04-19,San Benito,069,59416,5978,5989,109,6098,63
2021-04-19,San Bernardino,071,2135413,291096,289738,8791,298529,4561
2021-04-19,San Diego,073,3302833,276001,275113,14249,289362,3674
2021-04-19,San Francisco,075,870044,36025,36094,1228,37322,529
2021-04-19,San Joaquin,077,732212,71336,70514,3316,73830,1289
2021-04-19,San Luis Obispo,079,281455,21006,20669,687,21356,254
2021-04-19,San Mateo,081,765935,41591,41226,444,41670,355
2021-04-19,Santa Barbara,083,443738,33997,33786,1100,34886,446
2021-04-19,Santa Clara,085,1922200,116793,117099,692,117791,1944
2021-04-19,Santa Cruz,087,273765,16046,15600,790,16390,204
2021-04-19,Shasta,089,179085,11666,11662,1410,13072,189
2021-04-19,Sierra,091,2930,55,51,12,63,0
2021-04-19,Siskiyou,093,43540,1661,1544,282,1826,10
2021-04-19,Solano,095,438530,31749,31643,461,32104,239
2021-04-19,Sonoma,097,501317,29507,29667,297,29964,311
2021-04-19,Stanislaus,099,539301,54497,54179,5685,59864,728
2021-04-19,Sutter,101,95872,9262,9269,80,9349,109
2021-04-19,Tehama,103,63373,4914,4878,531,5409,52
2021-04-19,Trinity,105,12862,482,326,81,407,3
2021-04-19,Tulare,107,460477,49627,48630,8583,57213,831
2021-04-19,Tuolumne,109,53932,3964,4010,41,4051,58
2021-04-19,Ventura,111,848112,80555,80000,2895,82895,996
2021-04-19,Yolo,113,214977,13607,13572,193,13765,200
2021-04-19,Yuba,115,75493,5838,5804,115,5919,44
2021-04-18,Alameda,001,1643700,85733,85481,1824,87305,1247
2021-04-18,Alpine,002,1148,85,85,0,85,0
2021-04-18,Amador,005,37829,3628,3627,32,3659,46
2021-04-18,Butte,007,227075,11940,11591,1732,13323,196
2021-04-18,Calaveras,009,45235,2050,2047,11,2058,50
2021-04-18,Colusa,011,21464,1911,1912,283,2195,14
2021-04-18,Contra Costa,013,1133247,67397,66750,1174,67924,782
2021-04-18,Del Norte,015,27424,1276,1240,11,1251,6
2021-04-18,El Dorado,017,186661,9811,9710,686,10396,106
2021-04-18,Fresno,019,978130,101062,100621,8350,108971,1646
2021-04-18,Glenn,021,27897,2374,2358,532,2890,17
2021-04-18,Humboldt,023,135768,3683,3590,28,3618,35
2021-04-18,Imperial,025,180216,28114,27991,2597,30588,719
2021-04-18,Inyo,027,18085,1395,1392,10,1402,36
2021-04-18,Kern,029,883053,96155,95129,10409,105538,1290
2021-04-18,Kings,031,150075,22905,22685,1039,23724,243
2021-04-18,Lake,033,64148,3437,3413,9,3422,43
2021-04-18,Lassen,035,31185,5163,5156,103,5259,1
2021-04-18,Los Angeles,037,10098052,1198163,1188620,39806,1228426,23648
2021-04-18,Madera,039,155013,16390,16277,905,17182,231
2021-04-18,Marin,041,260295,13840,13801,230,14031,226
2021-04-18,Mariposa,043,17540,410,400,10,410,5
2021-04-18,Mendocino,045,87422,3803,3722,74,3796,46
2021-04-18,Merced,047,269075,30338,30405,999,31404,441
2021-04-18,Modoc,049,8938,363,359,120,479,3
2021-04-18,Mono,051,14174,1243,1254,17,1271,3
2021-04-18,Monterey,053,433212,42804,42638,1789,44427,356
2021-04-18,Napa,055,140530,9679,9674,31,9705,79
2021-04-18,Nevada,057,99092,4530,4464,183,4647,70
2021-04-18,Orange,059,3164182,253448,251940,10946,262886,4883
2021-04-18,Placer,061,380077,22385,21783,1364,23147,282
2021-04-18,Plumas,063,18699,682,665,10,675,4
2021-04-18,Riverside,065,2383286,291639,286043,13653,299696,4371
2021-04-18,Sacramento,067,1510023,102041,101354,1554,102908,1572
2021-04-18,San Benito,069,59416,5976,5989,109,6098,63
2021-04-18,San Bernardino,071,2135413,291003,289691,8782,298473,4556
2021-04-18,San Diego,073,3302833,275722,274961,14214,289175,3674
2021-04-18,San Francisco,075,870044,35988,36073,1224,37297,525
2021-04-18,San Joaquin,077,732212,71255,70466,3307,73773,1289
2021-04-18,San Luis Obispo,079,281455,20984,20656,681,21337,254
2021-04-18,San Mateo,081,765935,41562,41201,443,41644,352
2021-04-18,Santa Barbara,083,443738,33962,33769,1099,34868,446
2021-04-18,Santa Clara,085,1922200,116625,116996,687,117683,1944
2021-04-18,Santa Cruz,087,273765,16036,15580,789,16369,204
2021-04-18,Shasta,089,179085,11645,11658,1407,13065,189
2021-04-18,Sierra,091,2930,55,51,12,63,0
2021-04-18,Siskiyou,093,43540,1650,1538,281,1819,10
2021-04-18,Solano,095,438530,31699,31606,460,32066,239
2021-04-18,Sonoma,097,501317,29491,29660,295,29955,311
2021-04-18,Stanislaus,099,539301,54415,54132,5679,59811,728
2021-04-18,Sutter,101,95872,9248,9261,80,9341,109
2021-04-18,Tehama,103,63373,4905,4877,530,5407,52
2021-04-18,Trinity,105,12862,482,326,81,407,3
2021-04-18,Tulare,107,460477,49614,48618,8578,57196,829
2021-04-18,Tuolumne,109,53932,3963,4008,40,4048,58
2021-04-18,Ventura,111,848112,80524,79984,2892,82876,996
2021-04-18,Yolo,113,214977,13595,13562,191,13753,200
2021-04-18,Yuba,115,75493,5831,5804,115,5919,44
2021-04-17,Alameda,001,1643700,85660,85367,1822,87189,1247
2021-04-17,Alpine,002,1148,85,85,0,85,0
2021-04-17,Amador,005,37829,3626,3625,32,3657,46
2021-04-17,Butte,007,227075,11920,11573,1728,13301,196
2021-04-17,Calaveras,009,45235,2048,2045,11,2056,50
2021-04-17,Colusa,011,21464,1911,1912,283,2195,14
2021-04-17,Contra Costa,013,1133247,67349,66657,1166,67823,782
2021-04-17,Del Norte,015,27424,1276,1238,11,1249,6
2021-04-17,El Dorado,017,186661,9796,9692,683,10375,106
2021-04-17,Fresno,019,978130,101029,100562,8345,108907,1646
2021-04-17,Glenn,021,27897,2374,2357,532,2889,17
2021-04-17,Humboldt,023,135768,3659,3579,28,3607,35
2021-04-17,Imperial,025,180216,28103,27987,2597,30584,719
2021-04-17,Inyo,027,18085,1392,1392,10,1402,36
2021-04-17,Kern,029,883053,96137,95102,10405,105507,1290
2021-04-17,Kings,031,150075,22900,22678,1038,23716,243
2021-04-17,Lake,033,64148,3436,3409,9,3418,43
2021-04-17,Lassen,035,31185,5163,5154,103,5257,1
2021-04-17,Los Angeles,037,10098052,1197903,1188262,39776,1228038,23653
2021-04-17,Madera,039,155013,16386,16260,904,17164,231
2021-04-17,Marin,041,260295,13836,13797,230,14027,226
2021-04-17,Mariposa,043,17540,409,398,10,408,5
2021-04-17,Mendocino,045,87422,3800,3721,74,3795,46
2021-04-17,Merced,047,269075,30322,30392,998,31390,441
2021-04-17,Modoc,049,8938,363,357,120,477,3
2021-04-17,Mono,051,14174,1243,1253,17,1270,3
2021-04-17,Monterey,053,433212,42795,42630,1787,44417,356
2021-04-17,Napa,055,140530,9675,9666,31,9697,79
2021-04-17,Nevada,057,99092,4522,4457,183,4640,70
2021-04-17,Orange,059,3164182,253379,251873,10934,262807,4878
2021-04-17,Placer,061,380077,22362,21736,1359,23095,282
2021-04-17,Plumas,063,18699,681,666,10,676,4
2021-04-17,Riverside,065,2383286,291570,285963,13645,299608,4371
2021-04-17,Sacramento,067,1510023,101931,101172,1543,102715,1572
2021-04-17,San Benito,069,59416,5970,5986,109,6095,63
2021-04-17,San Bernardino,071,2135413,290948,289624,8779,298403,4555
2021-04-17,San Diego,073,3302833,275575,274812,14180,288992,3674
2021-04-17,San Francisco,075,870044,35966,36032,1221,37253,523
2021-04-17,San Joaquin,077,732212,71215,70372,3297,73669,1288
2021-04-17,San Luis Obispo,079,281455,20971,20642,678,21320,254
2021-04-17,San Mateo,081,765935,41539,41157,443,41600,352
2021-04-17,Santa Barbara,083,443738,33931,33738,1097,34835,446
2021-04-17,Santa Clara,085,1922200,116533,116887,685,117572,1944
2021-04-17,Santa Cruz,087,273765,16030,15571,789,16360,204
2021-04-17,Shasta,089,179085,11630,11647,1406,13053,189
2021-04-17,Sierra,091,2930,55,51,12,63,0
2021-04-17,Siskiyou,093,43540,1645,1539,278,1817,10
2021-04-17,Solano,095,438530,31668,31541,457,31998,239
2021-04-17,Sonoma,097,501317,29484,29637,295,29932,311
2021-04-17,Stanislaus,099,539301,54378,54058,5674,59732,728
2021-04-17,Sutter,101,95872,9242,9252,80,9332,109
2021-04-17,Tehama,103,63373,4899,4875,529,5404,52
2021-04-17,Trinity,105,12862,482,326,81,407,3
2021-04-17,Tulare,107,460477,49602,48603,8574,57177,829
2021-04-17,Tuolumne,109,53932,3961,4005,40,4045,58
2021-04-17,Ventura,111,848112,80503,79964,2892,82856,996
2021-04-17,Yolo,113,214977,13585,13580,191,13771,200
2021-04-17,Yuba,115,75493,5826,5802,114,5916,44
2021-04-16,Alameda,001,1643700,85580,85243,1820,87063,1245
2021-04-16,Alpine,002,1148,85,85,0,85,0
2021-04-16,Amador,005,37829,3621,3621,32,3653,46
2021-04-16,Butte,007,227075,11908,11549,1726,13275,196
2021-04-16,Calaveras,009,45235,2046,2042,11,2053,50
2021-04-16,Colusa,011,21464,1909,1911,283,2194,14
2021-04-16,Contra Costa,013,1133247,67295,66569,1163,67732,782
2021-04-16,Del Norte,015,27424,1275,1237,11,1248,6
2021-04-16,El Dorado,017,186661,9776,9665,679,10344,106
2021-04-16,Fresno,019,978130,100979,100500,8339,108839,1643
2021-04-16,Glenn,021,27897,2374,2355,532,2887,17
2021-04-16,Humboldt,023,135768,3638,3570,27,3597,35
2021-04-16,Imperial,025,180216,28093,27962,2597,30559,719
2021-04-16,Inyo,027,18085,1392,1392,10,1402,36
2021-04-16,Kern,029,883053,96108,95066,10402,105468,1288
2021-04-16,Kings,031,150075,22896,22667,1037,23704,243
2021-04-16,Lake,033,64148,3430,3406,9,3415,43
2021-04-16,Lassen,035,31185,5162,5155,103,5258,1
2021-04-16,Los Angeles,037,10098052,1197602,1187818,39740,1227558,23627
2021-04-16,Madera,039,155013,16380,16250,903,17153,231
2021-04-16,Marin,041,260295,13833,13788,230,14018,226
2021-04-16,Mariposa,043,17540,408,396,9,405,5
2021-04-16,Mendocino,045,87422,3798,3719,74,3793,46
2021-04-16,Merced,047,269075,30307,30355,998,31353,438
2021-04-16,Modoc,049,8938,363,355,120,475,3
2021-04-16,Mono,051,14174,1243,1253,17,1270,3
2021-04-16,Monterey,053,433212,42784,42620,1784,44404,351
2021-04-16,Napa,055,140530,9667,9653,31,9684,79
2021-04-16,Nevada,057,99092,4513,4443,183,4626,70
2021-04-16,Orange,059,3164182,253315,251770,10925,262695,4873
2021-04-16,Placer,061,380077,22335,21680,1355,23035,282
2021-04-16,Plumas,063,18699,680,665,10,675,4
2021-04-16,Riverside,065,2383286,291493,285818,13643,299461,4369
2021-04-16,Sacramento,067,1510023,101833,100993,1538,102531,1572
2021-04-16,San Benito,069,59416,5968,5982,109,6091,63
2021-04-16,San Bernardino,071,2135413,290901,289424,8778,298202,4550
2021-04-16,San Diego,073,3302833,275421,274567,14162,288729,3662
2021-04-16,San Francisco,075,870044,35940,35993,1218,37211,517
2021-04-16,San Joaquin,077,732212,71148,70280,3289,73569,1288
2021-04-16,San Luis Obispo,079,281455,20959,20623,677,21300,253
2021-04-16,San Mateo,081,765935,41510,41107,442,41549,352
2021-04-16,Santa Barbara,083,443738,33913,33703,1097,34800,446
2021-04-16,Santa Clara,085,1922200,116433,116693,682,117375,1941
2021-04-16,Santa Cruz,087,273765,16028,15539,789,16328,204
2021-04-16,Shasta,089,179085,11618,11623,1405,13028,189
2021-04-16,Sierra,091,2930,55,51,12,63,0
2021-04-16,Siskiyou,093,43540,1641,1530,276,1806,10
2021-04-16,Solano,095,438530,31629,31470,454,31924,239
2021-04-16,Sonoma,097,501317,29473,29617,295,29912,311
2021-04-16,Stanislaus,099,539301,54330,53983,5672,59655,728
2021-04-16,Sutter,101,95872,9236,9247,80,9327,109
2021-04-16,Tehama,103,63373,4898,4866,529,5395,52
2021-04-16,Trinity,105,12862,482,326,81,407,3
2021-04-16,Tulare,107,460477,49590,48583,8570,57153,830
2021-04-16,Tuolumne,109,53932,3958,4005,40,4045,58
2021-04-16,Ventura,111,848112,80478,79942,2887,82829,994
2021-04-16,Yolo,113,214977,13572,13559,189,13748,198
2021-04-16,Yuba,115,75493,5823,5795,113,5908,44
2021-04-15,Alameda,001,1643700,85473,85089,1818,86907,1246
2021-04-15,Alpine,002,1148,85,85,0,85,0
2021-04-15,Amador,005,37829,3620,3616,32,3648,46
2021-04-15,Butte,007,227075,11893,11529,1723,13252,196
2021-04-15,Calaveras,009,45235,2045,2039,11,2050,50
2021-04-15,Colusa,011,21464,1907,1909,282,2191,14
2021-04-15,Contra Costa,013,1133247,67222,66480,1159,67639,781
2021-04-15,Del Norte,015,27424,1268,1235,11,1246,6
2021-04-15,El Dorado,017,186661,9761,9639,677,10316,106
2021-04-15,Fresno,019,978130,100917,100431,8333,108764,1642
2021-04-15,Glenn,021,27897,2374,2354,532,2886,17
2021-04-15,Humboldt,023,135768,3617,3561,27,3588,35
2021-04-15,Imperial,025,180216,28065,27920,2594,30514,718
2021-04-15,Inyo,027,18085,1392,1393,10,1403,36
2021-04-15,Kern,029,883053,96075,94989,10389,105378,1289
2021-04-15,Kings,031,150075,22882,22648,1037,23685,242
2021-04-15,Lake,033,64148,3429,3399,9,3408,43
2021-04-15,Lassen,035,31185,5161,5152,103,5255,1
2021-04-15,Los Angeles,037,10098052,1197197,1187274,39704,1226978,23598
2021-04-15,Madera,039,155013,16365,16234,903,17137,231
2021-04-15,Marin,041,260295,13829,13783,229,14012,226
2021-04-15,Mariposa,043,17540,406,395,9,404,5
2021-04-15,Mendocino,045,87422,3797,3714,74,3788,46
2021-04-15,Merced,047,269075,30281,30325,997,31322,437
2021-04-15,Modoc,049,8938,363,355,120,475,3
2021-04-15,Mono,051,14174,1242,1253,17,1270,3
2021-04-15,Monterey,053,433212,42774,42604,1782,44386,347
2021-04-15,Napa,055,140530,9659,9645,31,9676,79
2021-04-15,Nevada,057,99092,4501,4434,182,4616,70
2021-04-15,Orange,059,3164182,253220,251679,10913,262592,4857
2021-04-15,Placer,061,380077,22304,21614,1348,22962,281
2021-04-15,Plumas,063,18699,678,665,10,675,4
2021-04-15,Riverside,065,2383286,291389,285698,13636,299334,4363
2021-04-15,Sacramento,067,1510023,101703,100782,1524,102306,1570
2021-04-15,San Benito,069,59416,5965,5969,108,6077,63
2021-04-15,San Bernardino,071,2135413,290811,289288,8771,298059,4544
2021-04-15,San Diego,073,3302833,275174,274250,14103,288353,3653
2021-04-15,San Francisco,075,870044,35921,35947,1216,37163,510
2021-04-15,San Joaquin,077,732212,71067,70189,3281,73470,1288
2021-04-15,San Luis Obispo,079,281455,20943,20591,674,21265,253
2021-04-15,San Mateo,081,765935,41471,41050,441,41491,352
2021-04-15,Santa Barbara,083,443738,33895,33672,1093,34765,446
2021-04-15,Santa Clara,085,1922200,116327,116602,678,117280,1927
2021-04-15,Santa Cruz,087,273765,16018,15509,789,16298,203
2021-04-15,Shasta,089,179085,11604,11597,1401,12998,191
2021-04-15,Sierra,091,2930,55,51,12,63,0
2021-04-15,Siskiyou,093,43540,1635,1524,275,1799,10
2021-04-15,Solano,095,438530,31591,31394,453,31847,239
2021-04-15,Sonoma,097,501317,29459,29587,295,29882,311
2021-04-15,Stanislaus,099,539301,54276,53918,5663,59581,728
2021-04-15,Sutter,101,95872,9229,9237,80,9317,109
2021-04-15,Tehama,103,63373,4897,4854,528,5382,52
2021-04-15,Trinity,105,12862,482,326,81,407,3
2021-04-15,Tulare,107,460477,49569,48556,8570,57126,829
2021-04-15,Tuolumne,109,53932,3958,4003,40,4043,57
2021-04-15,Ventura,111,848112,80459,79917,2885,82802,989
2021-04-15,Yolo,113,214977,13553,13547,187,13734,198
2021-04-15,Yuba,115,75493,5820,5788,113,5901,44
2021-04-14,Alameda,001,1643700,85376,85009,1817,86826,1247
2021-04-14,Alpine,002,1148,85,85,0,85,0
2021-04-14,Amador,005,37829,3619,3613,32,3645,46
2021-04-14,Butte,007,227075,11880,11513,1722,13235,196
2021-04-14,Calaveras,009,45235,2044,2037,11,2048,50
2021-04-14,Colusa,011,21464,1907,1905,282,2187,14
2021-04-14,Contra Costa,013,1133247,67136,66400,1153,67553,781
2021-04-14,Del Norte,015,27424,1268,1228,11,1239,6
2021-04-14,El Dorado,017,186661,9746,9625,672,10297,106
2021-04-14,Fresno,019,978130,100860,100376,8321,108697,1640
2021-04-14,Glenn,021,27897,2374,2353,532,2885,17
2021-04-14,Humboldt,023,135768,3595,3551,26,3577,35
2021-04-14,Imperial,025,180216,28043,27907,2592,30499,718
2021-04-14,Inyo,027,18085,1392,1392,10,1402,36
2021-04-14,Kern,029,883053,96050,94947,10382,105329,1287
2021-04-14,Kings,031,150075,22873,22641,1035,23676,243
2021-04-14,Lake,033,64148,3424,3396,9,3405,43
2021-04-14,Lassen,035,31185,5160,5151,103,5254,1
2021-04-14,Los Angeles,037,10098052,1196798,1186821,39659,1226480,23579
2021-04-14,Madera,039,155013,16356,16218,903,17121,231
2021-04-14,Marin,041,260295,13827,13768,228,13996,226
2021-04-14,Mariposa,043,17540,405,394,9,403,5
2021-04-14,Mendocino,045,87422,3792,3711,74,3785,46
2021-04-14,Merced,047,269075,30265,30296,995,31291,436
2021-04-14,Modoc,049,8938,363,355,120,475,3
2021-04-14,Mono,051,14174,1241,1252,17,1269,3
2021-04-14,Monterey,053,433212,42758,42595,1778,44373,347
2021-04-14,Napa,055,140530,9648,9643,31,9674,79
2021-04-14,Nevada,057,99092,4494,4421,182,4603,70
2021-04-14,Orange,059,3164182,253115,251568,10894,262462,4849
2021-04-14,Placer,061,380077,22271,21575,1347,22922,280
2021-04-14,Plumas,063,18699,678,665,10,675,4
2021-04-14,Riverside,065,2383286,291279,285583,13630,299213,4358
2021-04-14,Sacramento,067,1510023,101528,100645,1510,102155,1570
2021-04-14,San Benito,069,59416,5963,5960,108,6068,62
2021-04-14,San Bernardino,071,2135413,290743,289078,8769,297847,4523
2021-04-14,San Diego,073,3302833,274963,273969,14074,288043,3648
2021-04-14,San Francisco,075,870044,35883,35898,1215,37113,510
2021-04-14,San Joaquin,077,732212,70997,70095,3275,73370,1288
2021-04-14,San Luis Obispo,079,281455,20920,20561,664,21225,253
2021-04-14,San Mateo,081,765935,41431,40982,438,41420,352
2021-04-14,Santa Barbara,083,443738,33866,33650,1093,34743,445
2021-04-14,Santa Clara,085,1922200,116210,116488,675,117163,1922
2021-04-14,Santa Cruz,087,273765,16008,15481,789,16270,203
2021-04-14,Shasta,089,179085,11578,11581,1399,12980,190
2021-04-14,Sierra,091,2930,55,51,12,63,0
2021-04-14,Siskiyou,093,43540,1627,1518,274,1792,10
2021-04-14,Solano,095,438530,31538,31357,446,31803,239
2021-04-14,Sonoma,097,501317,29451,29572,293,29865,311
2021-04-14,Stanislaus,099,539301,54205,53836,5654,59490,727
2021-04-14,Sutter,101,95872,9221,9230,80,9310,106
2021-04-14,Tehama,103,63373,4891,4853,527,5380,52
2021-04-14,Trinity,105,12862,482,326,81,407,3
2021-04-14,Tulare,107,460477,49543,48527,8567,57094,827
2021-04-14,Tuolumne,109,53932,3957,3997,40,4037,57
2021-04-14,Ventura,111,848112,80423,79891,2883,82774,986
2021-04-14,Yolo,113,214977,13537,13530,185,13715,198
2021-04-14,Yuba,115,75493,5818,5778,113,5891,44
2021-04-13,Alameda,001,1643700,85270,84921,1814,86735,1239
2021-04-13,Alpine,002,1148,85,85,0,85,0
2021-04-13,Amador,005,37829,3616,3609,32,3641,46
2021-04-13,Butte,007,227075,11862,11497,1719,13216,196
2021-04-13,Calaveras,009,45235,2042,2035,11,2046,50
2021-04-13,Colusa,011,21464,1905,1905,280,2185,14
2021-04-13,Contra Costa,013,1133247,67048,66304,1153,67457,778
2021-04-13,Del Norte,015,27424,1263,1221,11,1232,6
2021-04-13,El Dorado,017,186661,9720,9609,669,10278,106
2021-04-13,Fresno,019,978130,100779,100357,8315,108672,1636
2021-04-13,Glenn,021,27897,2373,2351,532,2883,17
2021-04-13,Humboldt,023,135768,3578,3540,26,3566,35
2021-04-13,Imperial,025,180216,28023,27887,2584,30471,718
2021-04-13,Inyo,027,18085,1392,1391,10,1401,36
2021-04-13,Kern,029,883053,96006,94908,10370,105278,1285
2021-04-13,Kings,031,150075,22857,22636,1034,23670,243
2021-04-13,Lake,033,64148,3421,3390,9,3399,43
2021-04-13,Lassen,035,31185,5159,5147,103,5250,1
2021-04-13,Los Angeles,037,10098052,1196344,1186482,39618,1226100,23526
2021-04-13,Madera,039,155013,16346,16207,901,17108,231
2021-04-13,Marin,041,260295,13819,13760,227,13987,224
2021-04-13,Mariposa,043,17540,404,394,6,400,5
2021-04-13,Mendocino,045,87422,3786,3702,74,3776,46
2021-04-13,Merced,047,269075,30235,30276,992,31268,435
2021-04-13,Modoc,049,8938,363,355,120,475,3
2021-04-13,Mono,051,14174,1241,1251,17,1268,3
2021-04-13,Monterey,053,433212,42747,42577,1778,44355,347
2021-04-13,Napa,055,140530,9638,9627,31,9658,79
2021-04-13,Nevada,057,99092,4482,4415,182,4597,69
2021-04-13,Orange,059,3164182,253020,251491,10877,262368,4836
2021-04-13,Placer,061,380077,22234,21534,1344,22878,280
2021-04-13,Plumas,063,18699,677,665,10,675,4
2021-04-13,Riverside,065,2383286,291160,285505,13624,299129,4348
2021-04-13,Sacramento,067,1510023,101353,100551,1505,102056,1569
2021-04-13,San Benito,069,59416,5960,5946,108,6054,62
2021-04-13,San Bernardino,071,2135413,290627,288929,8763,297692,4521
2021-04-13,San Diego,073,3302833,274709,273709,14039,287748,3623
2021-04-13,San Francisco,075,870044,35847,35869,1211,37080,506
2021-04-13,San Joaquin,077,732212,70889,70034,3267,73301,1288
2021-04-13,San Luis Obispo,079,281455,20893,20536,654,21190,253
2021-04-13,San Mateo,081,765935,41386,40955,438,41393,353
2021-04-13,Santa Barbara,083,443738,33843,33613,1090,34703,444
2021-04-13,Santa Clara,085,1922200,116081,116363,674,117037,1923
2021-04-13,Santa Cruz,087,273765,16001,15449,789,16238,203
2021-04-13,Shasta,089,179085,11558,11536,1396,12932,189
2021-04-13,Sierra,091,2930,55,51,12,63,0
2021-04-13,Siskiyou,093,43540,1619,1511,271,1782,10
2021-04-13,Solano,095,438530,31489,31335,442,31777,239
2021-04-13,Sonoma,097,501317,29443,29544,292,29836,311
2021-04-13,Stanislaus,099,539301,54133,53797,5645,59442,722
2021-04-13,Sutter,101,95872,9217,9226,80,9306,106
2021-04-13,Tehama,103,63373,4884,4850,524,5374,52
2021-04-13,Trinity,105,12862,482,326,81,407,3
2021-04-13,Tulare,107,460477,49530,48511,8564,57075,825
2021-04-13,Tuolumne,109,53932,3955,3995,40,4035,57
2021-04-13,Ventura,111,848112,80391,79854,2881,82735,986
2021-04-13,Yolo,113,214977,13525,13516,184,13700,198
2021-04-13,Yuba,115,75493,5809,5776,113,5889,44
2021-04-12,Alameda,001,1643700,85168,84817,1812,86629,1238
2021-04-12,Alpine,002,1148,85,85,0,85,0
2021-04-12,Amador,005,37829,3615,3607,32,3639,46
2021-04-12,Butte,007,227075,11847,11488,1715,13203,193
2021-04-12,Calaveras,009,45235,2038,2033,11,2044,50
2021-04-12,Colusa,011,21464,1903,1904,278,2182,14
2021-04-12,Contra Costa,013,1133247,66968,66176,1153,67329,777
2021-04-12,Del Norte,015,27424,1260,1216,11,1227,6
2021-04-12,El Dorado,017,186661,9703,9588,667,10255,106
2021-04-12,Fresno,019,978130,100718,100277,8292,108569,1633
2021-04-12,Glenn,021,27897,2372,2349,532,2881,17
2021-04-12,Humboldt,023,135768,3564,3533,25,3558,35
2021-04-12,Imperial,025,180216,27993,27851,2580,30431,717
2021-04-12,Inyo,027,18085,1392,1390,10,1400,36
2021-04-12,Kern,029,883053,95969,94861,10360,105221,1283
2021-04-12,Kings,031,150075,22849,22621,1033,23654,241
2021-04-12,Lake,033,64148,3417,3380,9,3389,43
2021-04-12,Lassen,035,31185,5158,5147,103,5250,1
2021-04-12,Los Angeles,037,10098052,1195841,1186145,39581,1225726,23505
2021-04-12,Madera,039,155013,16334,16174,899,17073,231
2021-04-12,Marin,041,260295,13806,13751,225,13976,224
2021-04-12,Mariposa,043,17540,403,394,6,400,5
2021-04-12,Mendocino,045,87422,3785,3699,74,3773,46
2021-04-12,Merced,047,269075,30204,30261,989,31250,435
2021-04-12,Modoc,049,8938,361,352,120,472,3
2021-04-12,Mono,051,14174,1241,1251,17,1268,3
2021-04-12,Monterey,053,433212,42733,42555,1776,44331,346
2021-04-12,Napa,055,140530,9624,9603,31,9634,80
2021-04-12,Nevada,057,99092,4471,4408,182,4590,69
2021-04-12,Orange,059,3164182,252933,251350,10856,262206,4826
2021-04-12,Placer,061,380077,22183,21475,1341,22816,278
2021-04-12,Plumas,063,18699,675,666,10,676,4
2021-04-12,Riverside,065,2383286,291049,285361,13618,298979,4336
2021-04-12,Sacramento,067,1510023,101179,100394,1500,101894,1566
2021-04-12,San Benito,069,59416,5952,5942,107,6049,62
2021-04-12,San Bernardino,071,2135413,290520,288736,8751,297487,4493
2021-04-12,San Diego,073,3302833,274448,273431,14010,287441,3621
2021-04-12,San Francisco,075,870044,35813,35841,1210,37051,506
2021-04-12,San Joaquin,077,732212,70817,69968,3260,73228,1288
2021-04-12,San Luis Obispo,079,281455,20848,20515,641,21156,253
2021-04-12,San Mateo,081,765935,41344,40920,434,41354,353
2021-04-12,Santa Barbara,083,443738,33811,33606,1090,34696,444
2021-04-12,Santa Clara,085,1922200,115953,116252,672,116924,1923
2021-04-12,Santa Cruz,087,273765,15981,15406,789,16195,203
2021-04-12,Shasta,089,179085,11541,11509,1392,12901,189
2021-04-12,Sierra,091,2930,55,51,12,63,0
2021-04-12,Siskiyou,093,43540,1608,1511,268,1779,7
2021-04-12,Solano,095,438530,31447,31305,439,31744,238
2021-04-12,Sonoma,097,501317,29415,29500,292,29792,310
2021-04-12,Stanislaus,099,539301,54067,53722,5638,59360,707
2021-04-12,Sutter,101,95872,9206,9221,80,9301,106
2021-04-12,Tehama,103,63373,4875,4834,520,5354,52
2021-04-12,Trinity,105,12862,482,324,81,405,3
2021-04-12,Tulare,107,460477,49510,48495,8554,57049,824
2021-04-12,Tuolumne,109,53932,3951,3993,40,4033,57
2021-04-12,Ventura,111,848112,80358,79818,2879,82697,985
2021-04-12,Yolo,113,214977,13511,13510,183,13693,198
2021-04-12,Yuba,115,75493,5803,5773,113,5886,43
2021-04-11,Alameda,001,1643700,85031,84756,1807,86563,1238
2021-04-11,Alpine,002,1148,85,85,0,85,0
2021-04-11,Amador,005,37829,3613,3605,32,3637,46
2021-04-11,Butte,007,227075,11812,11487,1711,13198,193
2021-04-11,Calaveras,009,45235,2034,2036,11,2047,50
2021-04-11,Colusa,011,21464,1902,1904,277,2181,14
2021-04-11,Contra Costa,013,1133247,66859,66107,1151,67258,777
2021-04-11,Del Norte,015,27424,1254,1214,11,1225,6
2021-04-11,El Dorado,017,186661,9689,9575,664,10239,106
2021-04-11,Fresno,019,978130,100650,100230,8282,108512,1633
2021-04-11,Glenn,021,27897,2368,2348,532,2880,17
2021-04-11,Humboldt,023,135768,3554,3523,25,3548,35
2021-04-11,Imperial,025,180216,27969,27841,2578,30419,717
2021-04-11,Inyo,027,18085,1392,1390,10,1400,36
2021-04-11,Kern,029,883053,95908,94830,10352,105182,1283
2021-04-11,Kings,031,150075,22840,22618,1030,23648,241
2021-04-11,Lake,033,64148,3413,3377,9,3386,43
2021-04-11,Lassen,035,31185,5154,5147,103,5250,1
2021-04-11,Los Angeles,037,10098052,1195329,1185757,39539,1225296,23503
2021-04-11,Madera,039,155013,16315,16166,898,17064,231
2021-04-11,Marin,041,260295,13799,13741,224,13965,226
2021-04-11,Mariposa,043,17540,403,394,6,400,5
2021-04-11,Mendocino,045,87422,3783,3696,74,3770,46
2021-04-11,Merced,047,269075,30166,30249,988,31237,435
2021-04-11,Modoc,049,8938,360,352,118,470,3
2021-04-11,Mono,051,14174,1240,1250,17,1267,3
2021-04-11,Monterey,053,433212,42727,42547,1769,44316,346
2021-04-11,Napa,055,140530,9613,9592,31,9623,80
2021-04-11,Nevada,057,99092,4457,4394,182,4576,69
2021-04-11,Orange,059,3164182,252806,251233,10845,262078,4826
2021-04-11,Placer,061,380077,22126,21458,1336,22794,278
2021-04-11,Plumas,063,18699,675,666,10,676,4
2021-04-11,Riverside,065,2383286,290915,285269,13608,298877,4336
2021-04-11,Sacramento,067,1510023,101008,100296,1488,101784,1566
2021-04-11,San Benito,069,59416,5944,5941,106,6047,62
2021-04-11,San Bernardino,071,2135413,290413,288686,8745,297431,4492
2021-04-11,San Diego,073,3302833,274150,273287,13951,287238,3621
2021-04-11,San Francisco,075,870044,35777,35815,1207,37022,498
2021-04-11,San Joaquin,077,732212,70731,69939,3249,73188,1288
2021-04-11,San Luis Obispo,079,281455,20822,20501,638,21139,253
2021-04-11,San Mateo,081,765935,41286,40901,433,41334,353
2021-04-11,Santa Barbara,083,443738,33776,33591,1089,34680,444
2021-04-11,Santa Clara,085,1922200,115817,116161,669,116830,1923
2021-04-11,Santa Cruz,087,273765,15969,15382,789,16171,203
2021-04-11,Shasta,089,179085,11497,11504,1391,12895,189
2021-04-11,Sierra,091,2930,55,51,12,63,0
2021-04-11,Siskiyou,093,43540,1601,1509,265,1774,7
2021-04-11,Solano,095,438530,31393,31268,435,31703,238
2021-04-11,Sonoma,097,501317,29389,29496,288,29784,310
2021-04-11,Stanislaus,099,539301,53984,53683,5629,59312,707
2021-04-11,Sutter,101,95872,9197,9222,80,9302,106
2021-04-11,Tehama,103,63373,4872,4832,519,5351,52
2021-04-11,Trinity,105,12862,482,324,81,405,3
2021-04-11,Tulare,107,460477,49496,48479,8547,57026,824
2021-04-11,Tuolumne,109,53932,3949,3993,40,4033,57
2021-04-11,Ventura,111,848112,80310,79800,2874,82674,985
2021-04-11,Yolo,113,214977,13491,13496,181,13677,198
2021-04-11,Yuba,115,75493,5793,5768,113,5881,43
2021-04-10,Alameda,001,1643700,84967,84626,1807,86433,1238
2021-04-10,Alpine,002,1148,85,85,0,85,0
2021-04-10,Amador,005,37829,3611,3603,32,3635,46
2021-04-10,Butte,007,227075,11801,11482,1710,13192,193
2021-04-10,Calaveras,009,45235,2032,2032,11,2043,50
2021-04-10,Colusa,011,21464,1902,1902,277,2179,14
2021-04-10,Contra Costa,013,1133247,66798,66001,1148,67149,778
2021-04-10,Del Norte,015,27424,1251,1212,11,1223,6
2021-04-10,El Dorado,017,186661,9677,9549,661,10210,106
2021-04-10,Fresno,019,978130,100617,100135,8275,108410,1633
2021-04-10,Glenn,021,27897,2368,2343,532,2875,17
2021-04-10,Humboldt,023,135768,3544,3508,25,3533,35
2021-04-10,Imperial,025,180216,27955,27816,2578,30394,717
2021-04-10,Inyo,027,18085,1392,1387,10,1397,36
2021-04-10,Kern,029,883053,95894,94802,10346,105148,1284
2021-04-10,Kings,031,150075,22836,22614,1028,23642,241
2021-04-10,Lake,033,64148,3408,3368,9,3377,43
2021-04-10,Lassen,035,31185,5154,5146,102,5248,1
2021-04-10,Los Angeles,037,10098052,1195054,1185246,39522,1224768,23493
2021-04-10,Madera,039,155013,16307,16143,897,17040,231
2021-04-10,Marin,041,260295,13794,13731,224,13955,226
2021-04-10,Mariposa,043,17540,400,393,6,399,5
2021-04-10,Mendocino,045,87422,3781,3696,74,3770,46
2021-04-10,Merced,047,269075,30147,30225,987,31212,435
2021-04-10,Modoc,049,8938,360,352,118,470,3
2021-04-10,Mono,051,14174,1240,1249,17,1266,3
2021-04-10,Monterey,053,433212,42716,42527,1768,44295,346
2021-04-10,Napa,055,140530,9606,9569,31,9600,79
2021-04-10,Nevada,057,99092,4450,4379,182,4561,69
2021-04-10,Orange,059,3164182,252713,251139,10839,261978,4818
2021-04-10,Placer,061,380077,22095,21402,1330,22732,278
2021-04-10,Plumas,063,18699,675,666,10,676,4
2021-04-10,Riverside,065,2383286,290835,285082,13600,298682,4336
2021-04-10,Sacramento,067,1510023,100905,100048,1486,101534,1566
2021-04-10,San Benito,069,59416,5933,5932,105,6037,62
2021-04-10,San Bernardino,071,2135413,290349,288590,8738,297328,4489
2021-04-10,San Diego,073,3302833,273934,273058,13931,286989,3613
2021-04-10,San Francisco,075,870044,35747,35774,1204,36978,498
2021-04-10,San Joaquin,077,732212,70696,69852,3239,73091,1288
2021-04-10,San Luis Obispo,079,281455,20806,20461,637,21098,253
2021-04-10,San Mateo,081,765935,41253,40878,433,41311,350
2021-04-10,Santa Barbara,083,443738,33748,33541,1087,34628,444
2021-04-10,Santa Clara,085,1922200,115721,116015,668,116683,1923
2021-04-10,Santa Cruz,087,273765,15963,15360,789,16149,203
2021-04-10,Shasta,089,179085,11488,11492,1388,12880,189
2021-04-10,Sierra,091,2930,55,51,12,63,0
2021-04-10,Siskiyou,093,43540,1598,1512,265,1777,7
2021-04-10,Solano,095,438530,31359,31218,431,31649,238
2021-04-10,Sonoma,097,501317,29374,29469,288,29757,310
2021-04-10,Stanislaus,099,539301,53949,53596,5623,59219,707
2021-04-10,Sutter,101,95872,9195,9214,80,9294,106
2021-04-10,Tehama,103,63373,4870,4820,517,5337,52
2021-04-10,Trinity,105,12862,482,324,81,405,3
2021-04-10,Tulare,107,460477,49487,48470,8541,57011,824
2021-04-10,Tuolumne,109,53932,3946,3991,40,4031,57
2021-04-10,Ventura,111,848112,80282,79758,2872,82630,985
2021-04-10,Yolo,113,214977,13483,13494,180,13674,198
2021-04-10,Yuba,115,75493,5790,5757,112,5869,43
2021-04-09,Alameda,001,1643700,84900,84404,1799,86203,1237
2021-04-09,Alpine,002,1148,85,85,0,85,0
2021-04-09,Amador,005,37829,3610,3600,32,3632,46
2021-04-09,Butte,007,227075,11791,11454,1709,13163,193
2021-04-09,Calaveras,009,45235,2031,2028,11,2039,50
2021-04-09,Colusa,011,21464,1902,1898,277,2175,14
2021-04-09,Contra Costa,013,1133247,66705,65857,1142,66999,777
2021-04-09,Del Norte,015,27424,1250,1207,11,1218,6
2021-04-09,El Dorado,017,186661,9655,9528,657,10185,106
2021-04-09,Fresno,019,978130,100583,100027,8270,108297,1630
2021-04-09,Glenn,021,27897,2368,2337,532,2869,17
2021-04-09,Humboldt,023,135768,3535,3496,25,3521,35
2021-04-09,Imperial,025,180216,27940,27764,2576,30340,717
2021-04-09,Inyo,027,18085,1391,1386,10,1396,36
2021-04-09,Kern,029,883053,95856,94675,10344,105019,1282
2021-04-09,Kings,031,150075,22827,22595,1025,23620,242
2021-04-09,Lake,033,64148,3404,3362,9,3371,43
2021-04-09,Lassen,035,31185,5154,5140,102,5242,1
2021-04-09,Los Angeles,037,10098052,1194685,1184501,39494,1223995,23458
2021-04-09,Madera,039,155013,16304,16118,897,17015,231
2021-04-09,Marin,041,260295,13787,13721,224,13945,226
2021-04-09,Mariposa,043,17540,400,393,6,399,5
2021-04-09,Mendocino,045,87422,3779,3693,74,3767,46
2021-04-09,Merced,047,269075,30118,30179,986,31165,435
2021-04-09,Modoc,049,8938,359,352,118,470,3
2021-04-09,Mono,051,14174,1240,1247,17,1264,3
2021-04-09,Monterey,053,433212,42707,42481,1764,44245,344
2021-04-09,Napa,055,140530,9587,9574,31,9605,80
2021-04-09,Nevada,057,99092,4442,4373,182,4555,69
2021-04-09,Orange,059,3164182,252639,250852,10834,261686,4813
2021-04-09,Placer,061,380077,22064,21327,1322,22649,278
2021-04-09,Plumas,063,18699,674,666,10,676,4
2021-04-09,Riverside,065,2383286,290752,284562,13594,298156,4325
2021-04-09,Sacramento,067,1510023,100749,99722,1480,101202,1564
2021-04-09,San Benito,069,59416,5928,5925,104,6029,62
2021-04-09,San Bernardino,071,2135413,290280,288000,8735,296735,4467
2021-04-09,San Diego,073,3302833,273736,272697,13889,286586,3600
2021-04-09,San Francisco,075,870044,35706,35716,1199,36915,497
2021-04-09,San Joaquin,077,732212,70632,69675,3227,72902,1281
2021-04-09,San Luis Obispo,079,281455,20791,20427,637,21064,252
2021-04-09,San Mateo,081,765935,41217,40800,432,41232,350
2021-04-09,Santa Barbara,083,443738,33725,33424,1084,34508,444
2021-04-09,Santa Clara,085,1922200,115637,115749,666,116415,1923
2021-04-09,Santa Cruz,087,273765,15958,15331,789,16120,203
2021-04-09,Shasta,089,179085,11478,11478,1385,12863,188
2021-04-09,Sierra,091,2930,55,51,12,63,0
2021-04-09,Siskiyou,093,43540,1595,1510,264,1774,7
2021-04-09,Solano,095,438530,31326,31166,426,31592,238
2021-04-09,Sonoma,097,501317,29361,29433,288,29721,310
2021-04-09,Stanislaus,099,539301,53894,53504,5614,59118,705
2021-04-09,Sutter,101,95872,9188,9201,80,9281,106
2021-04-09,Tehama,103,63373,4864,4806,517,5323,52
2021-04-09,Trinity,105,12862,481,324,81,405,3
2021-04-09,Tulare,107,460477,49483,48430,8535,56965,824
2021-04-09,Tuolumne,109,53932,3945,3986,40,4026,57
2021-04-09,Ventura,111,848112,80254,79698,2872,82570,987
2021-04-09,Yolo,113,214977,13471,13478,178,13656,198
2021-04-09,Yuba,115,75493,5783,5754,112,5866,43
2021-04-08,Alameda,001,1643700,84792,84213,1796,86009,1232
2021-04-08,Alpine,002,1148,85,85,0,85,0
2021-04-08,Amador,005,37829,3606,3595,32,3627,46
2021-04-08,Butte,007,227075,11780,11414,1708,13122,193
2021-04-08,Calaveras,009,45235,2029,2027,11,2038,50
2021-04-08,Colusa,011,21464,1901,1897,277,2174,14
2021-04-08,Contra Costa,013,1133247,66597,65706,1139,66845,775
2021-04-08,Del Norte,015,27424,1244,1201,11,1212,6
2021-04-08,El Dorado,017,186661,9639,9513,652,10165,106
2021-04-08,Fresno,019,978130,100520,99935,8263,108198,1627
2021-04-08,Glenn,021,27897,2367,2337,532,2869,17
2021-04-08,Humboldt,023,135768,3525,3486,25,3511,35
2021-04-08,Imperial,025,180216,27912,27744,2573,30317,713
2021-04-08,Inyo,027,18085,1390,1386,10,1396,36
2021-04-08,Kern,029,883053,95810,94493,10331,104824,1281
2021-04-08,Kings,031,150075,22820,22589,1023,23612,243
2021-04-08,Lake,033,64148,3397,3360,9,3369,43
2021-04-08,Lassen,035,31185,5153,5136,102,5238,1
2021-04-08,Los Angeles,037,10098052,1194186,1184443,39456,1223899,23416
2021-04-08,Madera,039,155013,16292,16103,897,17000,231
2021-04-08,Marin,041,260295,13780,13704,224,13928,226
2021-04-08,Mariposa,043,17540,399,393,6,399,5
2021-04-08,Mendocino,045,87422,3777,3690,74,3764,45
2021-04-08,Merced,047,269075,30096,30163,986,31149,430
2021-04-08,Modoc,049,8938,359,352,118,470,3
2021-04-08,Mono,051,14174,1238,1247,17,1264,3
2021-04-08,Monterey,053,433212,42685,42437,1759,44196,342
2021-04-08,Napa,055,140530,9571,9569,31,9600,80
2021-04-08,Nevada,057,99092,4431,4367,182,4549,69
2021-04-08,Orange,059,3164182,252529,250529,10819,261348,4797
2021-04-08,Placer,061,380077,22022,21258,1313,22571,277
2021-04-08,Plumas,063,18699,674,665,10,675,4
2021-04-08,Riverside,065,2383286,290638,283853,13589,297442,4296
2021-04-08,Sacramento,067,1510023,100610,99319,1469,100788,1561
2021-04-08,San Benito,069,59416,5925,5914,102,6016,62
2021-04-08,San Bernardino,071,2135413,290183,287190,8732,295922,4445
2021-04-08,San Diego,073,3302833,273506,272495,13853,286348,3592
2021-04-08,San Francisco,075,870044,35682,35657,1198,36855,494
2021-04-08,San Joaquin,077,732212,70560,69479,3221,72700,1279
2021-04-08,San Luis Obispo,079,281455,20772,20402,635,21037,252
2021-04-08,San Mateo,081,765935,41177,40749,432,41181,350
2021-04-08,Santa Barbara,083,443738,33701,33309,1083,34392,444
2021-04-08,Santa Clara,085,1922200,115531,115487,665,116152,1905
2021-04-08,Santa Cruz,087,273765,15951,15296,789,16085,203
2021-04-08,Shasta,089,179085,11468,11466,1381,12847,186
2021-04-08,Sierra,091,2930,55,51,12,63,0
2021-04-08,Siskiyou,093,43540,1592,1511,264,1775,7
2021-04-08,Solano,095,438530,31276,31120,426,31546,238
2021-04-08,Sonoma,097,501317,29341,29410,287,29697,310
2021-04-08,Stanislaus,099,539301,53816,53401,5604,59005,706
2021-04-08,Sutter,101,95872,9184,9195,80,9275,106
2021-04-08,Tehama,103,63373,4860,4802,517,5319,52
2021-04-08,Trinity,105,12862,481,324,81,405,3
2021-04-08,Tulare,107,460477,49470,48409,8525,56934,821
2021-04-08,Tuolumne,109,53932,3945,3986,40,4026,57
2021-04-08,Ventura,111,848112,80217,79626,2868,82494,986
2021-04-08,Yolo,113,214977,13462,13468,177,13645,198
2021-04-08,Yuba,115,75493,5779,5743,112,5855,43
2021-04-07,Alameda,001,1643700,84708,84130,1794,85924,1224
2021-04-07,Alpine,002,1148,85,85,0,85,0
2021-04-07,Amador,005,37829,3603,3590,32,3622,46
2021-04-07,Butte,007,227075,11776,11405,1705,13110,193
2021-04-07,Calaveras,009,45235,2028,2022,11,2033,50
2021-04-07,Colusa,011,21464,1897,1894,276,2170,14
2021-04-07,Contra Costa,013,1133247,66511,65619,1138,66757,775
2021-04-07,Del Norte,015,27424,1242,1198,11,1209,6
2021-04-07,El Dorado,017,186661,9618,9500,646,10146,106
2021-04-07,Fresno,019,978130,100455,99865,8252,108117,1627
2021-04-07,Glenn,021,27897,2365,2337,531,2868,17
2021-04-07,Humboldt,023,135768,3512,3484,25,3509,35
2021-04-07,Imperial,025,180216,27888,27704,2567,30271,713
2021-04-07,Inyo,027,18085,1389,1386,10,1396,36
2021-04-07,Kern,029,883053,95774,94456,10316,104772,1275
2021-04-07,Kings,031,150075,22818,22589,1023,23612,243
2021-04-07,Lake,033,64148,3395,3358,9,3367,43
2021-04-07,Lassen,035,31185,5153,5137,102,5239,1
2021-04-07,Los Angeles,037,10098052,1193745,1183862,39436,1223298,23372
2021-04-07,Madera,039,155013,16273,16090,896,16986,231
2021-04-07,Marin,041,260295,13769,13688,223,13911,225
2021-04-07,Mariposa,043,17540,398,391,6,397,5
2021-04-07,Mendocino,045,87422,3776,3691,74,3765,45
2021-04-07,Merced,047,269075,30073,30132,982,31114,430
2021-04-07,Modoc,049,8938,359,351,118,469,3
2021-04-07,Mono,051,14174,1238,1246,17,1263,3
2021-04-07,Monterey,053,433212,42667,42427,1758,44185,341
2021-04-07,Napa,055,140530,9557,9556,31,9587,80
2021-04-07,Nevada,057,99092,4425,4364,182,4546,69
2021-04-07,Orange,059,3164182,252404,250378,10797,261175,4778
2021-04-07,Placer,061,380077,21978,21227,1305,22532,276
2021-04-07,Plumas,063,18699,674,665,10,675,4
2021-04-07,Riverside,065,2383286,290518,283749,13579,297328,4285
2021-04-07,Sacramento,067,1510023,100442,99202,1463,100665,1544
2021-04-07,San Benito,069,59416,5920,5912,101,6013,62
2021-04-07,San Bernardino,071,2135413,290064,286978,8727,295705,4433
2021-04-07,San Diego,073,3302833,273280,272195,13824,286019,3588
2021-04-07,San Francisco,075,870044,35642,35618,1194,36812,493
2021-04-07,San Joaquin,077,732212,70489,69375,3216,72591,1278
2021-04-07,San Luis Obispo,079,281455,20746,20373,632,21005,252
2021-04-07,San Mateo,081,765935,41133,40693,432,41125,350
2021-04-07,Santa Barbara,083,443738,33675,33289,1080,34369,444
2021-04-07,Santa Clara,085,1922200,115399,115311,663,115974,1900
2021-04-07,Santa Cruz,087,273765,15940,15275,789,16064,203
2021-04-07,Shasta,089,179085,11456,11456,1377,12833,184
2021-04-07,Sierra,091,2930,55,51,12,63,0
2021-04-07,Siskiyou,093,43540,1586,1512,263,1775,7
2021-04-07,Solano,095,438530,31225,31097,425,31522,238
2021-04-07,Sonoma,097,501317,29323,29394,286,29680,310
2021-04-07,Stanislaus,099,539301,53748,53344,5594,58938,686
2021-04-07,Sutter,101,95872,9181,9188,80,9268,106
2021-04-07,Tehama,103,63373,4852,4802,515,5317,52
2021-04-07,Trinity,105,12862,481,322,81,403,3
2021-04-07,Tulare,107,460477,49455,48386,8515,56901,820
2021-04-07,Tuolumne,109,53932,3943,3982,40,4022,57
2021-04-07,Ventura,111,848112,80183,79595,2866,82461,986
2021-04-07,Yolo,113,214977,13447,13450,175,13625,198
2021-04-07,Yuba,115,75493,5775,5737,112,5849,43
2021-04-06,Alameda,001,1643700,84595,84091,1791,85882,1223
2021-04-06,Alpine,002,1148,85,85,0,85,0
2021-04-06,Amador,005,37829,3602,3587,32,3619,45
2021-04-06,Butte,007,227075,11761,11396,1703,13099,193
2021-04-06,Calaveras,009,45235,2024,2021,11,2032,50
2021-04-06,Colusa,011,21464,1895,1894,274,2168,14
2021-04-06,Contra Costa,013,1133247,66433,65575,1137,66712,774
2021-04-06,Del Norte,015,27424,1237,1197,11,1208,6
2021-04-06,El Dorado,017,186661,9588,9489,644,10133,106
2021-04-06,Fresno,019,978130,100391,99814,8246,108060,1626
2021-04-06,Glenn,021,27897,2364,2335,530,2865,17
2021-04-06,Humboldt,023,135768,3503,3477,25,3502,35
2021-04-06,Imperial,025,180216,27855,27661,2558,30219,713
2021-04-06,Inyo,027,18085,1389,1379,10,1389,36
2021-04-06,Kern,029,883053,95730,94422,10310,104732,1259
2021-04-06,Kings,031,150075,22812,22587,1023,23610,240
2021-04-06,Lake,033,64148,3392,3358,9,3367,43
2021-04-06,Lassen,035,31185,5151,5137,102,5239,1
2021-04-06,Los Angeles,037,10098052,1193233,1183499,39397,1222896,23323
2021-04-06,Madera,039,155013,16253,16085,891,16976,230
2021-04-06,Marin,041,260295,13760,13675,219,13894,224
2021-04-06,Mariposa,043,17540,398,390,6,396,5
2021-04-06,Mendocino,045,87422,3774,3686,74,3760,45
2021-04-06,Merced,047,269075,30043,30100,977,31077,430
2021-04-06,Modoc,049,8938,358,351,118,469,3
2021-04-06,Mono,051,14174,1238,1246,17,1263,3
2021-04-06,Monterey,053,433212,42658,42412,1757,44169,341
2021-04-06,Napa,055,140530,9538,9509,31,9540,78
2021-04-06,Nevada,057,99092,4415,4356,180,4536,69
2021-04-06,Orange,059,3164182,252295,250304,10784,261088,4771
2021-04-06,Placer,061,380077,21930,21184,1303,22487,276
2021-04-06,Plumas,063,18699,674,665,10,675,4
2021-04-06,Riverside,065,2383286,290337,283622,13568,297190,4264
2021-04-06,Sacramento,067,1510023,100234,99110,1457,100567,1537
2021-04-06,San Benito,069,59416,5911,5907,101,6008,62
2021-04-06,San Bernardino,071,2135413,289951,286792,8717,295509,4428
2021-04-06,San Diego,073,3302833,273018,271867,13796,285663,3585
2021-04-06,San Francisco,075,870044,35599,35572,1194,36766,488
2021-04-06,San Joaquin,077,732212,70406,69316,3204,72520,1278
2021-04-06,San Luis Obispo,079,281455,20724,20350,629,20979,252
2021-04-06,San Mateo,081,765935,41085,40649,431,41080,350
2021-04-06,Santa Barbara,083,443738,33657,33257,1079,34336,443
2021-04-06,Santa Clara,085,1922200,115228,115184,662,115846,1900
2021-04-06,Santa Cruz,087,273765,15930,15252,789,16041,203
2021-04-06,Shasta,089,179085,11435,11443,1375,12818,184
2021-04-06,Sierra,091,2930,55,51,12,63,0
2021-04-06,Siskiyou,093,43540,1582,1510,262,1772,7
2021-04-06,Solano,095,438530,31178,31078,424,31502,237
2021-04-06,Sonoma,097,501317,29297,29386,284,29670,311
2021-04-06,Stanislaus,099,539301,53692,53304,5588,58892,686
2021-04-06,Sutter,101,95872,9171,9179,80,9259,106
2021-04-06,Tehama,103,63373,4843,4798,515,5313,52
2021-04-06,Trinity,105,12862,481,321,81,402,3
2021-04-06,Tulare,107,460477,49412,48372,8511,56883,819
2021-04-06,Tuolumne,109,53932,3943,3981,40,4021,57
2021-04-06,Ventura,111,848112,80146,79556,2864,82420,983
2021-04-06,Yolo,113,214977,13434,13443,174,13617,198
2021-04-06,Yuba,115,75493,5771,5733,111,5844,43
2021-04-05,Alameda,001,1643700,84479,84007,1787,85794,1219
2021-04-05,Alpine,002,1148,85,85,0,85,0
2021-04-05,Amador,005,37829,3599,3584,32,3616,45
2021-04-05,Butte,007,227075,11746,11384,1703,13087,193
2021-04-05,Calaveras,009,45235,2022,2019,11,2030,50
2021-04-05,Colusa,011,21464,1895,1894,273,2167,14
2021-04-05,Contra Costa,013,1133247,66366,65457,1135,66592,774
2021-04-05,Del Norte,015,27424,1235,1189,11,1200,6
2021-04-05,El Dorado,017,186661,9573,9463,644,10107,106
2021-04-05,Fresno,019,978130,100302,99755,8238,107993,1622
2021-04-05,Glenn,021,27897,2363,2335,530,2865,17
2021-04-05,Humboldt,023,135768,3494,3475,25,3500,35
2021-04-05,Imperial,025,180216,27823,27604,2553,30157,710
2021-04-05,Inyo,027,18085,1386,1377,10,1387,36
2021-04-05,Kern,029,883053,95675,94401,10285,104686,1249
2021-04-05,Kings,031,150075,22808,22580,1023,23603,239
2021-04-05,Lake,033,64148,3384,3359,9,3368,43
2021-04-05,Lassen,035,31185,5151,5138,101,5239,1
2021-04-05,Los Angeles,037,10098052,1192697,1183200,39349,1222549,23302
2021-04-05,Madera,039,155013,16238,16065,890,16955,230
2021-04-05,Marin,041,260295,13746,13666,215,13881,221
2021-04-05,Mariposa,043,17540,398,390,6,396,5
2021-04-05,Mendocino,045,87422,3772,3687,74,3761,45
2021-04-05,Merced,047,269075,30018,30068,975,31043,427
2021-04-05,Modoc,049,8938,356,346,118,464,3
2021-04-05,Mono,051,14174,1238,1246,17,1263,3
2021-04-05,Monterey,053,433212,42645,42396,1753,44149,341
2021-04-05,Napa,055,140530,9515,9492,31,9523,78
2021-04-05,Nevada,057,99092,4404,4346,180,4526,69
2021-04-05,Orange,059,3164182,252180,250177,10760,260937,4759
2021-04-05,Placer,061,380077,21884,21133,1296,22429,276
2021-04-05,Plumas,063,18699,674,666,10,676,4
2021-04-05,Riverside,065,2383286,290200,283549,13556,297105,4237
2021-04-05,Sacramento,067,1510023,100072,98908,1449,100357,1533
2021-04-05,San Benito,069,59416,5905,5904,101,6005,61
2021-04-05,San Bernardino,071,2135413,289841,286597,8714,295311,4425
2021-04-05,San Diego,073,3302833,272769,271655,13755,285410,3583
2021-04-05,San Francisco,075,870044,35568,35538,1194,36732,488
2021-04-05,San Joaquin,077,732212,70317,69214,3195,72409,1268
2021-04-05,San Luis Obispo,079,281455,20687,20333,629,20962,252
2021-04-05,San Mateo,081,765935,41041,40609,430,41039,350
2021-04-05,Santa Barbara,083,443738,33622,33235,1079,34314,443
2021-04-05,Santa Clara,085,1922200,115061,115091,659,115750,1893
2021-04-05,Santa Cruz,087,273765,15923,15228,789,16017,201
2021-04-05,Shasta,089,179085,11414,11435,1372,12807,184
2021-04-05,Sierra,091,2930,55,50,12,62,0
2021-04-05,Siskiyou,093,43540,1579,1509,260,1769,7
2021-04-05,Solano,095,438530,31138,31026,422,31448,237
2021-04-05,Sonoma,097,501317,29265,29361,282,29643,311
2021-04-05,Stanislaus,099,539301,53612,53238,5585,58823,686
2021-04-05,Sutter,101,95872,9164,9169,80,9249,106
2021-04-05,Tehama,103,63373,4837,4794,515,5309,52
2021-04-05,Trinity,105,12862,480,321,81,402,3
2021-04-05,Tulare,107,460477,49400,48356,8504,56860,818
2021-04-05,Tuolumne,109,53932,3942,3980,40,4020,57
2021-04-05,Ventura,111,848112,80115,79549,2861,82410,983
2021-04-05,Yolo,113,214977,13420,13427,173,13600,198
2021-04-05,Yuba,115,75493,5766,5728,110,5838,43
2021-04-04,Alameda,001,1643700,84360,83951,1783,85734,1219
2021-04-04,Alpine,002,1148,85,85,0,85,0
2021-04-04,Amador,005,37829,3593,3582,32,3614,45
2021-04-04,Butte,007,227075,11731,11375,1702,13077,193
2021-04-04,Calaveras,009,45235,2018,2020,11,2031,50
2021-04-04,Colusa,011,21464,1894,1893,273,2166,14
2021-04-04,Contra Costa,013,1133247,66260,65408,1130,66538,774
2021-04-04,Del Norte,015,27424,1227,1186,11,1197,6
2021-04-04,El Dorado,017,186661,9554,9455,641,10096,106
2021-04-04,Fresno,019,978130,100228,99702,8226,107928,1622
2021-04-04,Glenn,021,27897,2360,2335,529,2864,17
2021-04-04,Humboldt,023,135768,3483,3472,25,3497,35
2021-04-04,Imperial,025,180216,27767,27588,2551,30139,710
2021-04-04,Inyo,027,18085,1382,1377,10,1387,36
2021-04-04,Kern,029,883053,95631,94388,10264,104652,1247
2021-04-04,Kings,031,150075,22806,22580,1022,23602,239
2021-04-04,Lake,033,64148,3378,3355,8,3363,43
2021-04-04,Lassen,035,31185,5149,5138,101,5239,1
2021-04-04,Los Angeles,037,10098052,1192152,1182872,39305,1222177,23301
2021-04-04,Madera,039,155013,16212,16052,886,16938,230
2021-04-04,Marin,041,260295,13733,13663,214,13877,221
2021-04-04,Mariposa,043,17540,398,390,6,396,5
2021-04-04,Mendocino,045,87422,3769,3684,74,3758,45
2021-04-04,Merced,047,269075,29975,30048,972,31020,427
2021-04-04,Modoc,049,8938,356,346,118,464,3
2021-04-04,Mono,051,14174,1237,1245,17,1262,3
2021-04-04,Monterey,053,433212,42628,42391,1752,44143,341
2021-04-04,Napa,055,140530,9503,9486,31,9517,78
2021-04-04,Nevada,057,99092,4392,4337,180,4517,69
2021-04-04,Orange,059,3164182,252045,250117,10744,260861,4759
2021-04-04,Placer,061,380077,21837,21104,1278,22382,276
2021-04-04,Plumas,063,18699,674,666,10,676,4
2021-04-04,Riverside,065,2383286,290074,283537,13552,297089,4237
2021-04-04,Sacramento,067,1510023,99873,98821,1440,100261,1531
2021-04-04,San Benito,069,59416,5895,5901,97,5998,61
2021-04-04,San Bernardino,071,2135413,289701,286561,8706,295267,4423
2021-04-04,San Diego,073,3302833,272457,271528,13714,285242,3583
2021-04-04,San Francisco,075,870044,35514,35525,1191,36716,488
2021-04-04,San Joaquin,077,732212,70216,69147,3183,72330,1268
2021-04-04,San Luis Obispo,079,281455,20655,20328,621,20949,252
2021-04-04,San Mateo,081,765935,40998,40587,428,41015,350
2021-04-04,Santa Barbara,083,443738,33586,33213,1079,34292,443
2021-04-04,Santa Clara,085,1922200,114895,114976,652,115628,1893
2021-04-04,Santa Cruz,087,273765,15914,15219,789,16008,201
2021-04-04,Shasta,089,179085,11388,11433,1371,12804,184
2021-04-04,Sierra,091,2930,55,50,12,62,0
2021-04-04,Siskiyou,093,43540,1576,1509,256,1765,7
2021-04-04,Solano,095,438530,31091,31002,420,31422,237
2021-04-04,Sonoma,097,501317,29233,29340,280,29620,311
2021-04-04,Stanislaus,099,539301,53519,53181,5577,58758,686
2021-04-04,Sutter,101,95872,9157,9164,80,9244,106
2021-04-04,Tehama,103,63373,4824,4792,514,5306,52
2021-04-04,Trinity,105,12862,478,321,81,402,3
2021-04-04,Tulare,107,460477,49386,48343,8496,56839,818
2021-04-04,Tuolumne,109,53932,3934,3980,40,4020,57
2021-04-04,Ventura,111,848112,80072,79526,2859,82385,983
2021-04-04,Yolo,113,214977,13399,13425,172,13597,198
2021-04-04,Yuba,115,75493,5759,5722,110,5832,43
2021-04-03,Alameda,001,1643700,84293,83861,1781,85642,1218
2021-04-03,Alpine,002,1148,85,85,0,85,0
2021-04-03,Amador,005,37829,3590,3577,32,3609,45
2021-04-03,Butte,007,227075,11727,11359,1698,13057,193
2021-04-03,Calaveras,009,45235,2016,2019,11,2030,50
2021-04-03,Colusa,011,21464,1894,1891,273,2164,14
2021-04-03,Contra Costa,013,1133247,66188,65338,1130,66468,774
2021-04-03,Del Norte,015,27424,1222,1183,11,1194,6
2021-04-03,El Dorado,017,186661,9545,9448,640,10088,106
2021-04-03,Fresno,019,978130,100171,99602,8221,107823,1622
2021-04-03,Glenn,021,27897,2359,2334,528,2862,17
2021-04-03,Humboldt,023,135768,3481,3467,25,3492,35
2021-04-03,Imperial,025,180216,27751,27572,2548,30120,710
2021-04-03,Inyo,027,18085,1381,1376,10,1386,36
2021-04-03,Kern,029,883053,95605,94369,10248,104617,1243
2021-04-03,Kings,031,150075,22804,22580,1022,23602,239
2021-04-03,Lake,033,64148,3377,3350,8,3358,43
2021-04-03,Lassen,035,31185,5148,5136,101,5237,1
2021-04-03,Los Angeles,037,10098052,1191845,1182402,39288,1221690,23301
2021-04-03,Madera,039,155013,16203,16051,884,16935,230
2021-04-03,Marin,041,260295,13725,13658,213,13871,221
2021-04-03,Mariposa,043,17540,398,390,5,395,5
2021-04-03,Mendocino,045,87422,3768,3684,74,3758,45
2021-04-03,Merced,047,269075,29960,30031,972,31003,427
2021-04-03,Modoc,049,8938,356,346,118,464,3
2021-04-03,Mono,051,14174,1237,1245,17,1262,3
2021-04-03,Monterey,053,433212,42615,42376,1750,44126,341
2021-04-03,Napa,055,140530,9494,9473,31,9504,78
2021-04-03,Nevada,057,99092,4388,4323,180,4503,69
2021-04-03,Orange,059,3164182,251964,249982,10726,260708,4755
2021-04-03,Placer,061,380077,21806,21060,1274,22334,276
2021-04-03,Plumas,063,18699,674,666,10,676,4
2021-04-03,Riverside,065,2383286,289996,283423,13549,296972,4237
2021-04-03,Sacramento,067,1510023,99765,98660,1434,100094,1531
2021-04-03,San Benito,069,59416,5892,5893,96,5989,61
2021-04-03,San Bernardino,071,2135413,289637,286473,8700,295173,4422
2021-04-03,San Diego,073,3302833,272288,271335,13697,285032,3571
2021-04-03,San Francisco,075,870044,35495,35488,1189,36677,489
2021-04-03,San Joaquin,077,732212,70175,69100,3167,72267,1268
2021-04-03,San Luis Obispo,079,281455,20636,20301,621,20922,252
2021-04-03,San Mateo,081,765935,40973,40560,428,40988,350
2021-04-03,Santa Barbara,083,443738,33560,33172,1078,34250,443
2021-04-03,Santa Clara,085,1922200,114787,114865,650,115515,1893
2021-04-03,Santa Cruz,087,273765,15907,15205,789,15994,201
2021-04-03,Shasta,089,179085,11380,11418,1371,12789,184
2021-04-03,Sierra,091,2930,55,50,12,62,0
2021-04-03,Siskiyou,093,43540,1575,1509,256,1765,7
2021-04-03,Solano,095,438530,31070,30970,417,31387,237
2021-04-03,Sonoma,097,501317,29217,29315,279,29594,311
2021-04-03,Stanislaus,099,539301,53484,53137,5571,58708,686
2021-04-03,Sutter,101,95872,9151,9158,80,9238,106
2021-04-03,Tehama,103,63373,4816,4788,514,5302,52
2021-04-03,Trinity,105,12862,478,321,81,402,3
2021-04-03,Tulare,107,460477,49376,48327,8492,56819,818
2021-04-03,Tuolumne,109,53932,3934,3980,40,4020,57
2021-04-03,Ventura,111,848112,80051,79489,2857,82346,983
2021-04-03,Yolo,113,214977,13393,13414,172,13586,198
2021-04-03,Yuba,115,75493,5753,5716,110,5826,43
2021-04-02,Alameda,001,1643700,84220,83776,1778,85554,1217
2021-04-02,Alpine,002,1148,85,85,0,85,0
2021-04-02,Amador,005,37829,3586,3573,31,3604,45
2021-04-02,Butte,007,227075,11718,11350,1698,13048,193
2021-04-02,Calaveras,009,45235,2014,2010,11,2021,50
2021-04-02,Colusa,011,21464,1894,1891,273,2164,14
2021-04-02,Contra Costa,013,1133247,66124,65299,1129,66428,774
2021-04-02,Del Norte,015,27424,1219,1174,11,1185,6
2021-04-02,El Dorado,017,186661,9532,9437,637,10074,106
2021-04-02,Fresno,019,978130,100117,99551,8210,107761,1620
2021-04-02,Glenn,021,27897,2359,2331,528,2859,17
2021-04-02,Humboldt,023,135768,3477,3465,25,3490,35
2021-04-02,Imperial,025,180216,27739,27553,2542,30095,710
2021-04-02,Inyo,027,18085,1381,1377,10,1387,36
2021-04-02,Kern,029,883053,95587,94348,10245,104593,1233
2021-04-02,Kings,031,150075,22804,22571,1019,23590,239
2021-04-02,Lake,033,64148,3375,3348,8,3356,43
2021-04-02,Lassen,035,31185,5148,5134,101,5235,1
2021-04-02,Los Angeles,037,10098052,1191535,1181682,39267,1220949,23264
2021-04-02,Madera,039,155013,16194,16036,883,16919,230
2021-04-02,Marin,041,260295,13717,13649,213,13862,221
2021-04-02,Mariposa,043,17540,396,390,5,395,5
2021-04-02,Mendocino,045,87422,3765,3682,74,3756,45
2021-04-02,Merced,047,269075,29935,29998,972,30970,426
2021-04-02,Modoc,049,8938,353,346,118,464,3
2021-04-02,Mono,051,14174,1237,1246,17,1263,3
2021-04-02,Monterey,053,433212,42605,42359,1747,44106,341
2021-04-02,Napa,055,140530,9479,9453,31,9484,78
2021-04-02,Nevada,057,99092,4384,4323,180,4503,69
2021-04-02,Orange,059,3164182,251869,249891,10714,260605,4748
2021-04-02,Placer,061,380077,21770,21035,1268,22303,275
2021-04-02,Plumas,063,18699,674,666,10,676,4
2021-04-02,Riverside,065,2383286,289910,283328,13540,296868,4213
2021-04-02,Sacramento,067,1510023,99658,98648,1427,100075,1527
2021-04-02,San Benito,069,59416,5890,5888,94,5982,61
2021-04-02,San Bernardino,071,2135413,289565,286308,8696,295004,4417
2021-04-02,San Diego,073,3302833,272101,271036,13671,284707,3568
2021-04-02,San Francisco,075,870044,35460,35451,1187,36638,488
2021-04-02,San Joaquin,077,732212,70110,68996,3152,72148,1268
2021-04-02,San Luis Obispo,079,281455,20619,20271,620,20891,252
2021-04-02,San Mateo,081,765935,40931,40514,428,40942,350
2021-04-02,Santa Barbara,083,443738,33532,33145,1078,34223,443
2021-04-02,Santa Clara,085,1922200,114676,114777,648,115425,1882
2021-04-02,Santa Cruz,087,273765,15899,15216,789,16005,202
2021-04-02,Shasta,089,179085,11375,11377,1364,12741,181
2021-04-02,Sierra,091,2930,55,50,12,62,0
2021-04-02,Siskiyou,093,43540,1575,1508,255,1763,7
2021-04-02,Solano,095,438530,31041,30951,414,31365,237
2021-04-02,Sonoma,097,501317,29196,29288,278,29566,311
2021-04-02,Stanislaus,099,539301,53439,53073,5565,58638,687
2021-04-02,Sutter,101,95872,9143,9131,80,9211,106
2021-04-02,Tehama,103,63373,4809,4775,513,5288,52
2021-04-02,Trinity,105,12862,478,320,81,401,3
2021-04-02,Tulare,107,460477,49370,48306,8486,56792,818
2021-04-02,Tuolumne,109,53932,3931,3980,40,4020,57
2021-04-02,Ventura,111,848112,80024,79434,2855,82289,982
2021-04-02,Yolo,113,214977,13383,13381,172,13553,197
2021-04-02,Yuba,115,75493,5749,5709,110,5819,44
2021-04-01,Alameda,001,1643700,84141,83574,1773,85347,1216
2021-04-01,Alpine,002,1148,85,85,0,85,0
2021-04-01,Amador,005,37829,3582,3558,31,3589,45
2021-04-01,Butte,007,227075,11700,11328,1696,13024,193
2021-04-01,Calaveras,009,45235,2011,2006,11,2017,50
2021-04-01,Colusa,011,21464,1891,1890,273,2163,14
2021-04-01,Contra Costa,013,1133247,66065,65176,1127,66303,771
2021-04-01,Del Norte,015,27424,1214,1138,11,1149,6
2021-04-01,El Dorado,017,186661,9523,9393,633,10026,106
2021-04-01,Fresno,019,978130,100064,99317,8202,107519,1616
2021-04-01,Glenn,021,27897,2359,2322,527,2849,17
2021-04-01,Humboldt,023,135768,3473,3464,25,3489,35
2021-04-01,Imperial,025,180216,27709,27520,2537,30057,710
2021-04-01,Inyo,027,18085,1380,1374,10,1384,36
2021-04-01,Kern,029,883053,95551,94244,10233,104477,1233
2021-04-01,Kings,031,150075,22797,22560,1018,23578,239
2021-04-01,Lake,033,64148,3370,3337,8,3345,43
2021-04-01,Lassen,035,31185,5147,5132,101,5233,1
2021-04-01,Los Angeles,037,10098052,1191042,1181101,39238,1220339,23220
2021-04-01,Madera,039,155013,16178,16023,883,16906,230
2021-04-01,Marin,041,260295,13707,13635,213,13848,221
2021-04-01,Mariposa,043,17540,394,389,5,394,5
2021-04-01,Mendocino,045,87422,3765,3680,74,3754,45
2021-04-01,Merced,047,269075,29902,29820,972,30792,425
2021-04-01,Modoc,049,8938,352,346,118,464,3
2021-04-01,Mono,051,14174,1237,1245,17,1262,3
2021-04-01,Monterey,053,433212,42597,42324,1745,44069,339
2021-04-01,Napa,055,140530,9467,9410,31,9441,78
2021-04-01,Nevada,057,99092,4374,4288,179,4467,68
2021-04-01,Orange,059,3164182,251749,249617,10697,260314,4742
2021-04-01,Placer,061,380077,21731,20909,1256,22165,274
2021-04-01,Plumas,063,18699,674,664,10,674,4
2021-04-01,Riverside,065,2383286,289805,283128,13537,296665,4193
2021-04-01,Sacramento,067,1510023,99514,97952,1414,99366,1521
2021-04-01,San Benito,069,59416,5882,5878,93,5971,61
2021-04-01,San Bernardino,071,2135413,289449,286086,8687,294773,4404
2021-04-01,San Diego,073,3302833,271878,270540,13641,284181,3555
2021-04-01,San Francisco,075,870044,35439,35386,1184,36570,488
2021-04-01,San Joaquin,077,732212,70028,68802,3144,71946,1262
2021-04-01,San Luis Obispo,079,281455,20590,20235,619,20854,252
2021-04-01,San Mateo,081,765935,40890,40454,428,40882,350
2021-04-01,Santa Barbara,083,443738,33485,33096,1073,34169,443
2021-04-01,Santa Clara,085,1922200,114563,114606,647,115253,1874
2021-04-01,Santa Cruz,087,273765,15884,15271,789,16060,202
2021-04-01,Shasta,089,179085,11360,11355,1359,12714,181
2021-04-01,Sierra,091,2930,55,50,12,62,0
2021-04-01,Siskiyou,093,43540,1573,1507,254,1761,7
2021-04-01,Solano,095,438530,31008,30850,411,31261,237
2021-04-01,Sonoma,097,501317,29165,29241,271,29512,311
2021-04-01,Stanislaus,099,539301,53377,52825,5559,58384,687
2021-04-01,Sutter,101,95872,9131,9105,80,9185,106
2021-04-01,Tehama,103,63373,4803,4764,510,5274,52
2021-04-01,Trinity,105,12862,478,319,81,400,3
2021-04-01,Tulare,107,460477,49347,48279,8476,56755,817
2021-04-01,Tuolumne,109,53932,3929,3978,40,4018,57
2021-04-01,Ventura,111,848112,80000,79369,2854,82223,977
2021-04-01,Yolo,113,214977,13370,13342,172,13514,197
2021-04-01,Yuba,115,75493,5744,5694,110,5804,44
2021-03-31,Alameda,001,1643700,84059,83475,1768,85243,1215
2021-03-31,Alpine,002,1148,85,85,0,85,0
2021-03-31,Amador,005,37829,3579,3556,31,3587,45
2021-03-31,Butte,007,227075,11690,11321,1692,13013,193
2021-03-31,Calaveras,009,45235,2009,2005,11,2016,50
2021-03-31,Colusa,011,21464,1891,1890,273,2163,14
2021-03-31,Contra Costa,013,1133247,65980,65109,1126,66235,769
2021-03-31,Del Norte,015,27424,1205,1129,11,1140,6
2021-03-31,El Dorado,017,186661,9506,9390,633,10023,106
2021-03-31,Fresno,019,978130,99971,99240,8186,107426,1616
2021-03-31,Glenn,021,27897,2355,2318,525,2843,17
2021-03-31,Humboldt,023,135768,3467,3460,25,3485,35
2021-03-31,Imperial,025,180216,27689,27506,2536,30042,710
2021-03-31,Inyo,027,18085,1377,1373,9,1382,35
2021-03-31,Kern,029,883053,95508,94205,10224,104429,1229
2021-03-31,Kings,031,150075,22794,22540,1018,23558,239
2021-03-31,Lake,033,64148,3366,3332,8,3340,43
2021-03-31,Lassen,035,31185,5143,5132,101,5233,1
2021-03-31,Los Angeles,037,10098052,1190574,1180538,39200,1219738,23171
2021-03-31,Madera,039,155013,16164,16015,882,16897,229
2021-03-31,Marin,041,260295,13696,13624,213,13837,221
2021-03-31,Mariposa,043,17540,394,389,5,394,5
2021-03-31,Mendocino,045,87422,3759,3675,74,3749,45
2021-03-31,Merced,047,269075,29873,29780,972,30752,423
2021-03-31,Modoc,049,8938,352,346,118,464,3
2021-03-31,Mono,051,14174,1237,1245,17,1262,3
2021-03-31,Monterey,053,433212,42580,42309,1743,44052,338
2021-03-31,Napa,055,140530,9449,9401,31,9432,78
2021-03-31,Nevada,057,99092,4368,4283,179,4462,68
2021-03-31,Orange,059,3164182,251638,249518,10682,260200,4731
2021-03-31,Placer,061,380077,21681,20885,1249,22134,271
2021-03-31,Plumas,063,18699,673,663,10,673,4
2021-03-31,Riverside,065,2383286,289703,283006,13526,296532,4171
2021-03-31,Sacramento,067,1510023,99339,97760,1407,99167,1519
2021-03-31,San Benito,069,59416,5872,5875,93,5968,61
2021-03-31,San Bernardino,071,2135413,289355,285916,8684,294600,4356
2021-03-31,San Diego,073,3302833,271646,270288,13606,283894,3555
2021-03-31,San Francisco,075,870044,35394,35347,1183,36530,474
2021-03-31,San Joaquin,077,732212,69939,68685,3128,71813,1259
2021-03-31,San Luis Obispo,079,281455,20568,20215,618,20833,251
2021-03-31,San Mateo,081,765935,40860,40423,428,40851,350
2021-03-31,Santa Barbara,083,443738,33453,33052,1071,34123,443
2021-03-31,Santa Clara,085,1922200,114436,114499,647,115146,1874
2021-03-31,Santa Cruz,087,273765,15871,15295,788,16083,201
2021-03-31,Shasta,089,179085,11348,11327,1351,12678,179
2021-03-31,Sierra,091,2930,55,50,12,62,0
2021-03-31,Siskiyou,093,43540,1572,1505,254,1759,7
2021-03-31,Solano,095,438530,30962,30824,410,31234,235
2021-03-31,Sonoma,097,501317,29138,29216,271,29487,311
2021-03-31,Stanislaus,099,539301,53309,52782,5547,58329,687
2021-03-31,Sutter,101,95872,9120,9111,80,9191,106
2021-03-31,Tehama,103,63373,4798,4762,508,5270,52
2021-03-31,Trinity,105,12862,478,319,81,400,3
2021-03-31,Tulare,107,460477,49327,48261,8460,56721,816
2021-03-31,Tuolumne,109,53932,3928,3976,40,4016,57
2021-03-31,Ventura,111,848112,79968,79326,2850,82176,969
2021-03-31,Yolo,113,214977,13353,13359,171,13530,197
2021-03-31,Yuba,115,75493,5737,5686,110,5796,44
2021-03-30,Alameda,001,1643700,83959,83395,1765,85160,1211
2021-03-30,Alpine,002,1148,85,85,0,85,0
2021-03-30,Amador,005,37829,3576,3551,31,3582,45
2021-03-30,Butte,007,227075,11678,11296,1689,12985,193
2021-03-30,Calaveras,009,45235,2005,1997,11,2008,50
2021-03-30,Colusa,011,21464,1890,1890,272,2162,14
2021-03-30,Contra Costa,013,1133247,65891,65041,1124,66165,767
2021-03-30,Del Norte,015,27424,1197,1118,10,1128,6
2021-03-30,El Dorado,017,186661,9487,9381,630,10011,105
2021-03-30,Fresno,019,978130,99906,99156,8173,107329,1609
2021-03-30,Glenn,021,27897,2355,2310,524,2834,17
2021-03-30,Humboldt,023,135768,3465,3461,25,3486,35
2021-03-30,Imperial,025,180216,27661,27471,2534,30005,706
2021-03-30,Inyo,027,18085,1377,1374,9,1383,35
2021-03-30,Kern,029,883053,95466,94151,10215,104366,1221
2021-03-30,Kings,031,150075,22790,22530,1016,23546,238
2021-03-30,Lake,033,64148,3360,3330,8,3338,43
2021-03-30,Lassen,035,31185,5143,5132,101,5233,1
2021-03-30,Los Angeles,037,10098052,1190078,1180044,39178,1219222,23136
2021-03-30,Madera,039,155013,16154,16003,878,16881,229
2021-03-30,Marin,041,260295,13687,13611,205,13816,221
2021-03-30,Mariposa,043,17540,394,388,5,393,5
2021-03-30,Mendocino,045,87422,3757,3670,74,3744,45
2021-03-30,Merced,047,269075,29836,29731,972,30703,423
2021-03-30,Modoc,049,8938,351,346,118,464,3
2021-03-30,Mono,051,14174,1236,1245,17,1262,3
2021-03-30,Monterey,053,433212,42554,42308,1741,44049,338
2021-03-30,Napa,055,140530,9434,9391,31,9422,78
2021-03-30,Nevada,057,99092,4356,4266,178,4444,68
2021-03-30,Orange,059,3164182,251509,249412,10655,260067,4727
2021-03-30,Placer,061,380077,21641,20866,1243,22109,271
2021-03-30,Plumas,063,18699,673,661,10,671,4
2021-03-30,Riverside,065,2383286,289578,282930,13517,296447,4154
2021-03-30,Sacramento,067,1510023,99202,97718,1404,99122,1516
2021-03-30,San Benito,069,59416,5866,5870,93,5963,61
2021-03-30,San Bernardino,071,2135413,289246,285758,8675,294433,4343
2021-03-30,San Diego,073,3302833,271407,269998,13568,283566,3555
2021-03-30,San Francisco,075,870044,35344,35325,1182,36507,474
2021-03-30,San Joaquin,077,732212,69851,68613,3118,71731,1232
2021-03-30,San Luis Obispo,079,281455,20548,20194,618,20812,251
2021-03-30,San Mateo,081,765935,40816,40377,428,40805,349
2021-03-30,Santa Barbara,083,443738,33428,33016,1071,34087,441
2021-03-30,Santa Clara,085,1922200,114314,114413,646,115059,1873
2021-03-30,Santa Cruz,087,273765,15865,15278,788,16066,201
2021-03-30,Shasta,089,179085,11340,11316,1350,12666,184
2021-03-30,Sierra,091,2930,55,50,12,62,0
2021-03-30,Siskiyou,093,43540,1571,1501,254,1755,7
2021-03-30,Solano,095,438530,30932,30802,409,31211,232
2021-03-30,Sonoma,097,501317,29106,29198,271,29469,311
2021-03-30,Stanislaus,099,539301,53231,52690,5539,58229,677
2021-03-30,Sutter,101,95872,9116,9107,79,9186,106
2021-03-30,Tehama,103,63373,4789,4748,507,5255,52
2021-03-30,Trinity,105,12862,478,316,81,397,3
2021-03-30,Tulare,107,460477,49312,48249,8451,56700,815
2021-03-30,Tuolumne,109,53932,3923,3972,40,4012,57
2021-03-30,Ventura,111,848112,79924,79282,2847,82129,958
2021-03-30,Yolo,113,214977,13340,13353,171,13524,195
2021-03-30,Yuba,115,75493,5726,5679,104,5783,42
2021-03-29,Alameda,001,1643700,83859,83338,1763,85101,1211
2021-03-29,Alpine,002,1148,85,85,0,85,0
2021-03-29,Amador,005,37829,3570,3549,31,3580,45
2021-03-29,Butte,007,227075,11670,11291,1686,12977,191
2021-03-29,Calaveras,009,45235,2003,1998,11,2009,50
2021-03-29,Colusa,011,21464,1890,1889,271,2160,14
2021-03-29,Contra Costa,013,1133247,65822,64971,1123,66094,767
2021-03-29,Del Norte,015,27424,1192,1116,9,1125,6
2021-03-29,El Dorado,017,186661,9467,9374,625,9999,105
2021-03-29,Fresno,019,978130,99823,99085,8158,107243,1606
2021-03-29,Glenn,021,27897,2348,2310,524,2834,17
2021-03-29,Humboldt,023,135768,3460,3459,25,3484,34
2021-03-29,Imperial,025,180216,27640,27442,2532,29974,704
2021-03-29,Inyo,027,18085,1377,1372,9,1381,35
2021-03-29,Kern,029,883053,95419,94098,10196,104294,1220
2021-03-29,Kings,031,150075,22778,22522,1015,23537,238
2021-03-29,Lake,033,64148,3357,3325,8,3333,43
2021-03-29,Lassen,035,31185,5143,5131,101,5232,1
2021-03-29,Los Angeles,037,10098052,1189582,1179736,39138,1218874,23108
2021-03-29,Madera,039,155013,16134,15987,876,16863,210
2021-03-29,Marin,041,260295,13675,13600,202,13802,220
2021-03-29,Mariposa,043,17540,393,388,5,393,5
2021-03-29,Mendocino,045,87422,3754,3667,74,3741,45
2021-03-29,Merced,047,269075,29812,29699,972,30671,422
2021-03-29,Modoc,049,8938,350,344,118,462,3
2021-03-29,Mono,051,14174,1235,1243,17,1260,3
2021-03-29,Monterey,053,433212,42538,42305,1736,44041,337
2021-03-29,Napa,055,140530,9418,9379,31,9410,78
2021-03-29,Nevada,057,99092,4349,4258,178,4436,68
2021-03-29,Orange,059,3164182,251399,249295,10643,259938,4713
2021-03-29,Placer,061,380077,21606,20827,1236,22063,267
2021-03-29,Plumas,063,18699,672,660,10,670,4
2021-03-29,Riverside,065,2383286,289475,282867,13516,296383,4133
2021-03-29,Sacramento,067,1510023,99009,97577,1396,98973,1514
2021-03-29,San Benito,069,59416,5859,5865,93,5958,61
2021-03-29,San Bernardino,071,2135413,289149,285615,8671,294286,4335
2021-03-29,San Diego,073,3302833,271141,269771,13542,283313,3547
2021-03-29,San Francisco,075,870044,35309,35291,1179,36470,474
2021-03-29,San Joaquin,077,732212,69765,68537,3105,71642,1211
2021-03-29,San Luis Obispo,079,281455,20513,20176,617,20793,250
2021-03-29,San Mateo,081,765935,40774,40357,427,40784,348
2021-03-29,Santa Barbara,083,443738,33394,32983,1070,34053,439
2021-03-29,Santa Clara,085,1922200,114205,114335,641,114976,1871
2021-03-29,Santa Cruz,087,273765,15854,15249,787,16036,201
2021-03-29,Shasta,089,179085,11322,11313,1348,12661,183
2021-03-29,Sierra,091,2930,55,50,12,62,0
2021-03-29,Siskiyou,093,43540,1569,1497,254,1751,6
2021-03-29,Solano,095,438530,30893,30762,407,31169,232
2021-03-29,Sonoma,097,501317,29083,29184,268,29452,310
2021-03-29,Stanislaus,099,539301,53147,52614,5532,58146,677
2021-03-29,Sutter,101,95872,9109,9105,79,9184,106
2021-03-29,Tehama,103,63373,4781,4742,506,5248,52
2021-03-29,Trinity,105,12862,478,314,81,395,3
2021-03-29,Tulare,107,460477,49284,48226,8440,56666,815
2021-03-29,Tuolumne,109,53932,3921,3969,40,4009,57
2021-03-29,Ventura,111,848112,79882,79252,2847,82099,956
2021-03-29,Yolo,113,214977,13321,13346,171,13517,195
2021-03-29,Yuba,115,75493,5719,5671,103,5774,42
2021-03-28,Alameda,001,1643700,83738,83239,1761,85000,1212
2021-03-28,Alpine,002,1148,85,85,0,85,0
2021-03-28,Amador,005,37829,3566,3541,31,3572,45
2021-03-28,Butte,007,227075,11657,11285,1684,12969,191
2021-03-28,Calaveras,009,45235,2001,1995,11,2006,50
2021-03-28,Colusa,011,21464,1889,1889,271,2160,14
2021-03-28,Contra Costa,013,1133247,65748,64878,1119,65997,767
2021-03-28,Del Norte,015,27424,1185,1107,7,1114,6
2021-03-28,El Dorado,017,186661,9452,9371,623,9994,105
2021-03-28,Fresno,019,978130,99741,99004,8146,107150,1606
2021-03-28,Glenn,021,27897,2344,2309,522,2831,17
2021-03-28,Humboldt,023,135768,3457,3452,24,3476,34
2021-03-28,Imperial,025,180216,27612,27426,2529,29955,704
2021-03-28,Inyo,027,18085,1376,1372,9,1381,35
2021-03-28,Kern,029,883053,95374,94084,10185,104269,1219
2021-03-28,Kings,031,150075,22773,22514,1012,23526,238
2021-03-28,Lake,033,64148,3352,3320,8,3328,43
2021-03-28,Lassen,035,31185,5143,5131,100,5231,1
2021-03-28,Los Angeles,037,10098052,1189030,1179316,39080,1218396,23101
2021-03-28,Madera,039,155013,16119,15973,875,16848,210
2021-03-28,Marin,041,260295,13662,13594,200,13794,221
2021-03-28,Mariposa,043,17540,393,388,5,393,5
2021-03-28,Mendocino,045,87422,3752,3666,74,3740,45
2021-03-28,Merced,047,269075,29755,29679,972,30651,422
2021-03-28,Modoc,049,8938,350,344,118,462,3
2021-03-28,Mono,051,14174,1234,1242,17,1259,3
2021-03-28,Monterey,053,433212,42515,42294,1732,44026,337
2021-03-28,Napa,055,140530,9404,9368,31,9399,78
2021-03-28,Nevada,057,99092,4335,4239,178,4417,68
2021-03-28,Orange,059,3164182,251244,249238,10633,259871,4713
2021-03-28,Placer,061,380077,21562,20796,1230,22026,267
2021-03-28,Plumas,063,18699,670,657,10,667,4
2021-03-28,Riverside,065,2383286,289361,282811,13508,296319,4132
2021-03-28,Sacramento,067,1510023,98835,97425,1390,98815,1514
2021-03-28,San Benito,069,59416,5854,5862,93,5955,61
2021-03-28,San Bernardino,071,2135413,289029,285570,8663,294233,4332
2021-03-28,San Diego,073,3302833,270865,269476,13513,282989,3547
2021-03-28,San Francisco,075,870044,35263,35286,1175,36461,474
2021-03-28,San Joaquin,077,732212,69641,68459,3086,71545,1211
2021-03-28,San Luis Obispo,079,281455,20478,20172,614,20786,250
2021-03-28,San Mateo,081,765935,40729,40305,427,40732,348
2021-03-28,Santa Barbara,083,443738,33352,32953,1069,34022,439
2021-03-28,Santa Clara,085,1922200,114105,114232,637,114869,1871
2021-03-28,Santa Cruz,087,273765,15839,15238,786,16024,201
2021-03-28,Shasta,089,179085,11296,11308,1337,12645,183
2021-03-28,Sierra,091,2930,55,50,12,62,0
2021-03-28,Siskiyou,093,43540,1569,1497,253,1750,6
2021-03-28,Solano,095,438530,30856,30719,405,31124,232
2021-03-28,Sonoma,097,501317,29047,29161,266,29427,310
2021-03-28,Stanislaus,099,539301,53059,52567,5519,58086,678
2021-03-28,Sutter,101,95872,9100,9094,79,9173,106
2021-03-28,Tehama,103,63373,4771,4740,504,5244,52
2021-03-28,Trinity,105,12862,476,314,80,394,3
2021-03-28,Tulare,107,460477,49255,48218,8434,56652,815
2021-03-28,Tuolumne,109,53932,3918,3969,39,4008,57
2021-03-28,Ventura,111,848112,79831,79222,2842,82064,956
2021-03-28,Yolo,113,214977,13304,13325,170,13495,194
2021-03-28,Yuba,115,75493,5715,5662,103,5765,42
2021-03-27,Alameda,001,1643700,83667,83169,1757,84926,1211
2021-03-27,Alpine,002,1148,85,85,0,85,0
2021-03-27,Amador,005,37829,3561,3538,31,3569,45
2021-03-27,Butte,007,227075,11650,11278,1683,12961,191
2021-03-27,Calaveras,009,45235,1998,1992,11,2003,50
2021-03-27,Colusa,011,21464,1889,1889,271,2160,14
2021-03-27,Contra Costa,013,1133247,65678,64804,1116,65920,767
2021-03-27,Del Norte,015,27424,1175,1104,7,1111,6
2021-03-27,El Dorado,017,186661,9438,9367,623,9990,105
2021-03-27,Fresno,019,978130,99688,98901,8140,107041,1606
2021-03-27,Glenn,021,27897,2343,2308,522,2830,17
2021-03-27,Humboldt,023,135768,3452,3442,24,3466,34
2021-03-27,Imperial,025,180216,27600,27406,2526,29932,704
2021-03-27,Inyo,027,18085,1374,1372,9,1381,35
2021-03-27,Kern,029,883053,95354,94041,10174,104215,1217
2021-03-27,Kings,031,150075,22770,22502,1012,23514,238
2021-03-27,Lake,033,64148,3350,3317,8,3325,43
2021-03-27,Lassen,035,31185,5143,5129,100,5229,1
2021-03-27,Los Angeles,037,10098052,1188716,1178831,39054,1217885,23103
2021-03-27,Madera,039,155013,16112,15968,873,16841,210
2021-03-27,Marin,041,260295,13657,13579,200,13779,222
2021-03-27,Mariposa,043,17540,393,386,5,391,5
2021-03-27,Mendocino,045,87422,3750,3666,74,3740,45
2021-03-27,Merced,047,269075,29722,29647,970,30617,422
2021-03-27,Modoc,049,8938,350,344,118,462,3
2021-03-27,Mono,051,14174,1232,1241,17,1258,3
2021-03-27,Monterey,053,433212,42505,42271,1732,44003,337
2021-03-27,Napa,055,140530,9392,9360,31,9391,78
2021-03-27,Nevada,057,99092,4325,4231,178,4409,68
2021-03-27,Orange,059,3164182,251149,249160,10617,259777,4698
2021-03-27,Placer,061,380077,21542,20717,1223,21940,267
2021-03-27,Plumas,063,18699,669,655,10,665,4
2021-03-27,Riverside,065,2383286,289299,282707,13500,296207,4132
2021-03-27,Sacramento,067,1510023,98745,97247,1388,98635,1513
2021-03-27,San Benito,069,59416,5852,5862,91,5953,61
2021-03-27,San Bernardino,071,2135413,288967,285480,8662,294142,4325
2021-03-27,San Diego,073,3302833,270694,269271,13491,282762,3540
2021-03-27,San Francisco,075,870044,35240,35244,1173,36417,474
2021-03-27,San Joaquin,077,732212,69581,68365,3078,71443,1211
2021-03-27,San Luis Obispo,079,281455,20467,20153,611,20764,250
2021-03-27,San Mateo,081,765935,40706,40264,427,40691,348
2021-03-27,Santa Barbara,083,443738,33329,32921,1069,33990,439
2021-03-27,Santa Clara,085,1922200,114009,114124,635,114759,1871
2021-03-27,Santa Cruz,087,273765,15833,15215,786,16001,201
2021-03-27,Shasta,089,179085,11285,11288,1335,12623,183
2021-03-27,Sierra,091,2930,55,50,12,62,0
2021-03-27,Siskiyou,093,43540,1569,1497,253,1750,6
2021-03-27,Solano,095,438530,30828,30669,404,31073,232
2021-03-27,Sonoma,097,501317,29032,29133,264,29397,310
2021-03-27,Stanislaus,099,539301,52994,52497,5511,58008,678
2021-03-27,Sutter,101,95872,9093,9093,79,9172,106
2021-03-27,Tehama,103,63373,4765,4738,502,5240,52
2021-03-27,Trinity,105,12862,476,313,80,393,3
2021-03-27,Tulare,107,460477,49239,48203,8427,56630,813
2021-03-27,Tuolumne,109,53932,3915,3968,39,4007,57
2021-03-27,Ventura,111,848112,79804,79184,2840,82024,956
2021-03-27,Yolo,113,214977,13299,13317,169,13486,194
2021-03-27,Yuba,115,75493,5713,5657,103,5760,42
2021-03-26,Alameda,001,1643700,83605,83043,1755,84798,1208
2021-03-26,Alpine,002,1148,85,85,0,85,0
2021-03-26,Amador,005,37829,3556,3532,31,3563,45
2021-03-26,Butte,007,227075,11639,11278,1683,12961,191
2021-03-26,Calaveras,009,45235,1995,1989,11,2000,50
2021-03-26,Colusa,011,21464,1889,1889,271,2160,14
2021-03-26,Contra Costa,013,1133247,65618,64699,1113,65812,761
2021-03-26,Del Norte,015,27424,1172,1101,7,1108,6
2021-03-26,El Dorado,017,186661,9433,9353,623,9976,105
2021-03-26,Fresno,019,978130,99626,98731,8130,106861,1601
2021-03-26,Glenn,021,27897,2343,2307,521,2828,17
2021-03-26,Humboldt,023,135768,3450,3431,24,3455,34
2021-03-26,Imperial,025,180216,27576,27374,2526,29900,701
2021-03-26,Inyo,027,18085,1373,1369,9,1378,35
2021-03-26,Kern,029,883053,95328,93949,10168,104117,1211
2021-03-26,Kings,031,150075,22762,22493,1010,23503,239
2021-03-26,Lake,033,64148,3349,3314,8,3322,43
2021-03-26,Lassen,035,31185,5142,5131,100,5231,1
2021-03-26,Los Angeles,037,10098052,1188380,1178213,39041,1217254,23080
2021-03-26,Madera,039,155013,16102,15952,873,16825,210
2021-03-26,Marin,041,260295,13651,13553,195,13748,221
2021-03-26,Mariposa,043,17540,393,386,5,391,5
2021-03-26,Mendocino,045,87422,3749,3664,74,3738,45
2021-03-26,Merced,047,269075,29699,29613,969,30582,419
2021-03-26,Modoc,049,8938,350,344,118,462,3
2021-03-26,Mono,051,14174,1231,1236,17,1253,3
2021-03-26,Monterey,053,433212,42492,42241,1728,43969,338
2021-03-26,Napa,055,140530,9382,9349,31,9380,78
2021-03-26,Nevada,057,99092,4305,4222,178,4400,83
2021-03-26,Orange,059,3164182,251086,248995,10603,259598,4671
2021-03-26,Placer,061,380077,21516,20679,1222,21901,259
2021-03-26,Plumas,063,18699,668,654,10,664,4
2021-03-26,Riverside,065,2383286,289221,282602,13494,296096,4109
2021-03-26,Sacramento,067,1510023,98644,97040,1383,98423,1509
2021-03-26,San Benito,069,59416,5849,5855,91,5946,61
2021-03-26,San Bernardino,071,2135413,288911,285313,8660,293973,4288
2021-03-26,San Diego,073,3302833,270516,269045,13465,282510,3525
2021-03-26,San Francisco,075,870044,35214,35186,1173,36359,472
2021-03-26,San Joaquin,077,732212,69518,68249,3074,71323,1202
2021-03-26,San Luis Obispo,079,281455,20454,20118,611,20729,250
2021-03-26,San Mateo,081,765935,40671,40199,427,40626,348
2021-03-26,Santa Barbara,083,443738,33299,32895,1068,33963,439
2021-03-26,Santa Clara,085,1922200,113911,113959,634,114593,1868
2021-03-26,Santa Cruz,087,273765,15818,15199,785,15984,201
2021-03-26,Shasta,089,179085,11276,11276,1329,12605,182
2021-03-26,Sierra,091,2930,55,50,12,62,0
2021-03-26,Siskiyou,093,43540,1569,1493,252,1745,6
2021-03-26,Solano,095,438530,30803,30640,404,31044,205
2021-03-26,Sonoma,097,501317,29016,29101,261,29362,310
2021-03-26,Stanislaus,099,539301,52926,52420,5507,57927,678
2021-03-26,Sutter,101,95872,9090,9082,79,9161,104
2021-03-26,Tehama,103,63373,4764,4722,501,5223,51
2021-03-26,Trinity,105,12862,476,311,80,391,3
2021-03-26,Tulare,107,460477,49224,48179,8420,56599,813
2021-03-26,Tuolumne,109,53932,3914,3965,39,4004,57
2021-03-26,Ventura,111,848112,79770,79122,2838,81960,953
2021-03-26,Yolo,113,214977,13292,13299,167,13466,194
2021-03-26,Yuba,115,75493,5703,5653,103,5756,42
2021-03-25,Alameda,001,1643700,83511,82945,1753,84698,1206
2021-03-25,Alpine,002,1148,85,84,0,84,0
2021-03-25,Amador,005,37829,3554,3530,31,3561,45
2021-03-25,Butte,007,227075,11629,11270,1683,12953,188
2021-03-25,Calaveras,009,45235,1994,1982,11,1993,50
2021-03-25,Colusa,011,21464,1889,1888,271,2159,14
2021-03-25,Contra Costa,013,1133247,65551,64606,1110,65716,757
2021-03-25,Del Norte,015,27424,1166,1095,7,1102,6
2021-03-25,El Dorado,017,186661,9423,9331,623,9954,105
2021-03-25,Fresno,019,978130,99508,98602,8117,106719,1593
2021-03-25,Glenn,021,27897,2342,2302,520,2822,17
2021-03-25,Humboldt,023,135768,3445,3423,24,3447,34
2021-03-25,Imperial,025,180216,27560,27352,2525,29877,699
2021-03-25,Inyo,027,18085,1373,1369,9,1378,35
2021-03-25,Kern,029,883053,95296,93857,10163,104020,1206
2021-03-25,Kings,031,150075,22752,22472,1010,23482,237
2021-03-25,Lake,033,64148,3344,3312,8,3320,43
2021-03-25,Lassen,035,31185,5142,5129,100,5229,1
2021-03-25,Los Angeles,037,10098052,1187942,1177490,39008,1216498,23051
2021-03-25,Madera,039,155013,16083,15937,871,16808,210
2021-03-25,Marin,041,260295,13641,13538,192,13730,219
2021-03-25,Mariposa,043,17540,393,386,5,391,5
2021-03-25,Mendocino,045,87422,3748,3664,74,3738,45
2021-03-25,Merced,047,269075,29665,29576,962,30538,416
2021-03-25,Modoc,049,8938,350,343,118,461,3
2021-03-25,Mono,051,14174,1231,1235,17,1252,3
2021-03-25,Monterey,053,433212,42471,42220,1723,43943,336
2021-03-25,Napa,055,140530,9363,9321,31,9352,78
2021-03-25,Nevada,057,99092,4287,4202,176,4378,84
2021-03-25,Orange,059,3164182,250971,248871,10583,259454,4655
2021-03-25,Placer,061,380077,21475,20639,1215,21854,252
2021-03-25,Plumas,063,18699,668,654,10,664,4
2021-03-25,Riverside,065,2383286,289124,282492,13483,295975,4078
2021-03-25,Sacramento,067,1510023,98498,96823,1381,98204,1505
2021-03-25,San Benito,069,59416,5846,5850,91,5941,61
2021-03-25,San Bernardino,071,2135413,288830,285134,8655,293789,4222
2021-03-25,San Diego,073,3302833,270288,268623,13434,282057,3520
2021-03-25,San Francisco,075,870044,35174,35154,1171,36325,468
2021-03-25,San Joaquin,077,732212,69421,68089,3036,71125,1196
2021-03-25,San Luis Obispo,079,281455,20436,20076,611,20687,250
2021-03-25,San Mateo,081,765935,40631,40147,427,40574,348
2021-03-25,Santa Barbara,083,443738,33272,32857,1068,33925,439
2021-03-25,Santa Clara,085,1922200,113807,113877,632,114509,1868
2021-03-25,Santa Cruz,087,273765,15797,15170,785,15955,201
2021-03-25,Shasta,089,179085,11259,11262,1326,12588,181
2021-03-25,Sierra,091,2930,55,50,12,62,0
2021-03-25,Siskiyou,093,43540,1567,1491,251,1742,6
2021-03-25,Solano,095,438530,30742,30583,402,30985,193
2021-03-25,Sonoma,097,501317,28982,29060,257,29317,310
2021-03-25,Stanislaus,099,539301,52859,52321,5500,57821,678
2021-03-25,Sutter,101,95872,9081,9069,79,9148,104
2021-03-25,Tehama,103,63373,4762,4719,500,5219,52
2021-03-25,Trinity,105,12862,476,310,80,390,3
2021-03-25,Tulare,107,460477,49197,48148,8408,56556,811
2021-03-25,Tuolumne,109,53932,3913,3962,39,4001,57
2021-03-25,Ventura,111,848112,79729,79045,2834,81879,952
2021-03-25,Yolo,113,214977,13286,13287,167,13454,194
2021-03-25,Yuba,115,75493,5697,5647,97,5744,42
2021-03-24,Alameda,001,1643700,83418,82871,1750,84621,1199
2021-03-24,Alpine,002,1148,85,84,0,84,0
2021-03-24,Amador,005,37829,3548,3529,31,3560,45
2021-03-24,Butte,007,227075,11619,11252,1679,12931,187
2021-03-24,Calaveras,009,45235,1991,1975,11,1986,50
2021-03-24,Colusa,011,21464,1889,1886,271,2157,14
2021-03-24,Contra Costa,013,1133247,65471,64539,1109,65648,755
2021-03-24,Del Norte,015,27424,1161,1087,7,1094,6
2021-03-24,El Dorado,017,186661,9417,9319,622,9941,105
2021-03-24,Fresno,019,978130,99418,98437,8102,106539,1585
2021-03-24,Glenn,021,27897,2341,2297,519,2816,17
2021-03-24,Humboldt,023,135768,3442,3414,24,3438,34
2021-03-24,Imperial,025,180216,27551,27325,2525,29850,699
2021-03-24,Inyo,027,18085,1373,1368,9,1377,35
2021-03-24,Kern,029,883053,95248,93800,10154,103954,1198
2021-03-24,Kings,031,150075,22737,22456,1008,23464,237
2021-03-24,Lake,033,64148,3340,3307,8,3315,43
2021-03-24,Lassen,035,31185,5140,5130,99,5229,1
2021-03-24,Los Angeles,037,10098052,1187455,1177015,38975,1215990,22993
2021-03-24,Madera,039,155013,16074,15918,870,16788,210
2021-03-24,Marin,041,260295,13627,13526,190,13716,219
2021-03-24,Mariposa,043,17540,393,384,5,389,5
2021-03-24,Mendocino,045,87422,3745,3660,74,3734,45
2021-03-24,Merced,047,269075,29624,29525,962,30487,415
2021-03-24,Modoc,049,8938,349,341,118,459,3
2021-03-24,Mono,051,14174,1230,1243,17,1260,3
2021-03-24,Monterey,053,433212,42449,42201,1720,43921,335
2021-03-24,Napa,055,140530,9343,9310,31,9341,78
2021-03-24,Nevada,057,99092,4272,4191,175,4366,85
2021-03-24,Orange,059,3164182,250858,248775,10565,259340,4638
2021-03-24,Placer,061,380077,21445,20606,1207,21813,250
2021-03-24,Plumas,063,18699,666,652,10,662,4
2021-03-24,Riverside,065,2383286,289040,282410,13480,295890,4058
2021-03-24,Sacramento,067,1510023,98323,96628,1370,97998,1500
2021-03-24,San Benito,069,59416,5845,5847,91,5938,61
2021-03-24,San Bernardino,071,2135413,288743,284983,8653,293636,4170
2021-03-24,San Diego,073,3302833,270074,268413,13406,281819,3509
2021-03-24,San Francisco,075,870044,35147,35103,1168,36271,462
2021-03-24,San Joaquin,077,732212,69350,67978,3024,71002,1196
2021-03-24,San Luis Obispo,079,281455,20406,20021,610,20631,250
2021-03-24,San Mateo,081,765935,40581,40083,427,40510,348
2021-03-24,Santa Barbara,083,443738,33244,32810,1068,33878,438
2021-03-24,Santa Clara,085,1922200,113691,113757,629,114386,1851
2021-03-24,Santa Cruz,087,273765,15783,15138,784,15922,202
2021-03-24,Shasta,089,179085,11240,11243,1324,12567,181
2021-03-24,Sierra,091,2930,55,50,12,62,0
2021-03-24,Siskiyou,093,43540,1565,1490,251,1741,6
2021-03-24,Solano,095,438530,30705,30552,401,30953,178
2021-03-24,Sonoma,097,501317,28962,29034,253,29287,310
2021-03-24,Stanislaus,099,539301,52783,52259,5491,57750,677
2021-03-24,Sutter,101,95872,9065,9049,79,9128,104
2021-03-24,Tehama,103,63373,4756,4719,499,5218,49
2021-03-24,Trinity,105,12862,475,310,80,390,3
2021-03-24,Tulare,107,460477,49186,48109,8395,56504,808
2021-03-24,Tuolumne,109,53932,3911,3961,39,4000,57
2021-03-24,Ventura,111,848112,79677,78993,2827,81820,944
2021-03-24,Yolo,113,214977,13274,13269,167,13436,194
2021-03-24,Yuba,115,75493,5691,5634,94,5728,42
2021-03-23,Alameda,001,1643700,83316,82799,1746,84545,1190
2021-03-23,Alpine,002,1148,85,84,0,84,0
2021-03-23,Amador,005,37829,3542,3524,31,3555,45
2021-03-23,Butte,007,227075,11607,11227,1678,12905,187
2021-03-23,Calaveras,009,45235,1989,1971,11,1982,50
2021-03-23,Colusa,011,21464,1887,1885,270,2155,14
2021-03-23,Contra Costa,013,1133247,65371,64491,1108,65599,750
2021-03-23,Del Norte,015,27424,1156,1082,7,1089,6
2021-03-23,El Dorado,017,186661,9407,9318,619,9937,105
2021-03-23,Fresno,019,978130,99304,98362,8078,106440,1575
2021-03-23,Glenn,021,27897,2336,2293,517,2810,17
2021-03-23,Humboldt,023,135768,3433,3405,24,3429,34
2021-03-23,Imperial,025,180216,27543,27320,2525,29845,699
2021-03-23,Inyo,027,18085,1371,1364,9,1373,35
2021-03-23,Kern,029,883053,95141,93728,10147,103875,1191
2021-03-23,Kings,031,150075,22726,22439,1006,23445,237
2021-03-23,Lake,033,64148,3338,3294,8,3302,43
2021-03-23,Lassen,035,31185,5140,5130,99,5229,1
2021-03-23,Los Angeles,037,10098052,1186934,1176572,38938,1215510,22904
2021-03-23,Madera,039,155013,16058,15908,869,16777,210
2021-03-23,Marin,041,260295,13604,13514,188,13702,221
2021-03-23,Mariposa,043,17540,392,384,5,389,5
2021-03-23,Mendocino,045,87422,3743,3652,74,3726,45
2021-03-23,Merced,047,269075,29591,29485,962,30447,415
2021-03-23,Modoc,049,8938,348,342,118,460,3
2021-03-23,Mono,051,14174,1229,1263,17,1280,3
2021-03-23,Monterey,053,433212,42438,42180,1718,43898,335
2021-03-23,Napa,055,140530,9318,9299,31,9330,78
2021-03-23,Nevada,057,99092,4253,4179,174,4353,89
2021-03-23,Orange,059,3164182,250732,248661,10547,259208,4626
2021-03-23,Placer,061,380077,21410,20567,1203,21770,248
2021-03-23,Plumas,063,18699,666,652,10,662,4
2021-03-23,Riverside,065,2383286,288940,282317,13474,295791,4035
2021-03-23,Sacramento,067,1510023,98131,96521,1366,97887,1496
2021-03-23,San Benito,069,59416,5840,5845,90,5935,61
2021-03-23,San Bernardino,071,2135413,288658,284875,8645,293520,4134
2021-03-23,San Diego,073,3302833,269829,268156,13374,281530,3498
2021-03-23,San Francisco,075,870044,35089,35071,1163,36234,462
2021-03-23,San Joaquin,077,732212,69254,67903,3006,70909,1182
2021-03-23,San Luis Obispo,079,281455,20366,20009,609,20618,250
2021-03-23,San Mateo,081,765935,40525,40032,426,40458,348
2021-03-23,Santa Barbara,083,443738,33206,32771,1067,33838,438
2021-03-23,Santa Clara,085,1922200,113575,113645,626,114271,1848
2021-03-23,Santa Cruz,087,273765,15768,15106,784,15890,201
2021-03-23,Shasta,089,179085,11227,11234,1323,12557,175
2021-03-23,Sierra,091,2930,55,50,12,62,0
2021-03-23,Siskiyou,093,43540,1560,1485,249,1734,6
2021-03-23,Solano,095,438530,30664,30524,400,30924,178
2021-03-23,Sonoma,097,501317,28925,29020,252,29272,310
2021-03-23,Stanislaus,099,539301,52684,52148,5484,57632,677
2021-03-23,Sutter,101,95872,9057,9039,79,9118,104
2021-03-23,Tehama,103,63373,4747,4707,498,5205,46
2021-03-23,Trinity,105,12862,475,310,80,390,3
2021-03-23,Tulare,107,460477,49159,48095,8379,56474,808
2021-03-23,Tuolumne,109,53932,3908,3957,39,3996,57
2021-03-23,Ventura,111,848112,79616,78930,2824,81754,932
2021-03-23,Yolo,113,214977,13263,13255,167,13422,194
2021-03-23,Yuba,115,75493,5686,5628,94,5722,42
2021-03-22,Alameda,001,1643700,83225,82748,1741,84489,1189
2021-03-22,Alpine,002,1148,84,83,0,83,0
2021-03-22,Amador,005,37829,3534,3522,31,3553,44
2021-03-22,Butte,007,227075,11598,11211,1676,12887,185
2021-03-22,Calaveras,009,45235,1985,1963,11,1974,49
2021-03-22,Colusa,011,21464,1885,1885,270,2155,13
2021-03-22,Contra Costa,013,1133247,65276,64432,1106,65538,740
2021-03-22,Del Norte,015,27424,1150,1082,7,1089,6
2021-03-22,El Dorado,017,186661,9391,9310,615,9925,105
2021-03-22,Fresno,019,978130,99207,98276,8066,106342,1556
2021-03-22,Glenn,021,27897,2328,2291,517,2808,17
2021-03-22,Humboldt,023,135768,3428,3403,24,3427,34
2021-03-22,Imperial,025,180216,27528,27302,2522,29824,699
2021-03-22,Inyo,027,18085,1368,1363,9,1372,35
2021-03-22,Kern,029,883053,95070,93675,10131,103806,1178
2021-03-22,Kings,031,150075,22713,22433,1001,23434,236
2021-03-22,Lake,033,64148,3337,3290,8,3298,43
2021-03-22,Lassen,035,31185,5138,5129,99,5228,1
2021-03-22,Los Angeles,037,10098052,1186417,1176205,38908,1215113,22843
2021-03-22,Madera,039,155013,16043,15904,869,16773,210
2021-03-22,Marin,041,260295,13595,13501,187,13688,221
2021-03-22,Mariposa,043,17540,391,381,5,386,5
2021-03-22,Mendocino,045,87422,3741,3653,74,3727,45
2021-03-22,Merced,047,269075,29548,29468,959,30427,413
2021-03-22,Modoc,049,8938,346,342,118,460,3
2021-03-22,Mono,051,14174,1224,1263,17,1280,3
2021-03-22,Monterey,053,433212,42422,42161,1716,43877,335
2021-03-22,Napa,055,140530,9307,9288,31,9319,77
2021-03-22,Nevada,057,99092,4243,4174,170,4344,89
2021-03-22,Orange,059,3164182,250583,248517,10513,259030,4599
2021-03-22,Placer,061,380077,21375,20543,1198,21741,242
2021-03-22,Plumas,063,18699,666,652,10,662,4
2021-03-22,Riverside,065,2383286,288840,282242,13463,295705,4009
2021-03-22,Sacramento,067,1510023,97953,96385,1356,97741,1493
2021-03-22,San Benito,069,59416,5837,5844,89,5933,61
2021-03-22,San Bernardino,071,2135413,288570,284771,8633,293404,4107
2021-03-22,San Diego,073,3302833,269617,267913,13354,281267,3494
2021-03-22,San Francisco,075,870044,35047,35040,1159,36199,462
2021-03-22,San Joaquin,077,732212,69162,67815,2989,70804,1182
2021-03-22,San Luis Obispo,079,281455,20342,20000,608,20608,250
2021-03-22,San Mateo,081,765935,40474,40024,425,40449,348
2021-03-22,Santa Barbara,083,443738,33161,32756,1065,33821,437
2021-03-22,Santa Clara,085,1922200,113455,113575,626,114201,1845
2021-03-22,Santa Cruz,087,273765,15756,15077,783,15860,201
2021-03-22,Shasta,089,179085,11213,11218,1322,12540,150
2021-03-22,Sierra,091,2930,55,50,12,62,0
2021-03-22,Siskiyou,093,43540,1559,1487,248,1735,5
2021-03-22,Solano,095,438530,30624,30490,396,30886,171
2021-03-22,Sonoma,097,501317,28896,29010,248,29258,310
2021-03-22,Stanislaus,099,539301,52600,52083,5479,57562,677
2021-03-22,Sutter,101,95872,9044,9024,79,9103,104
2021-03-22,Tehama,103,63373,4739,4704,498,5202,45
2021-03-22,Trinity,105,12862,475,310,80,390,3
2021-03-22,Tulare,107,460477,49144,48074,8359,56433,807
2021-03-22,Tuolumne,109,53932,3905,3954,39,3993,57
2021-03-22,Ventura,111,848112,79570,78890,2821,81711,927
2021-03-22,Yolo,113,214977,13251,13243,166,13409,190
2021-03-22,Yuba,115,75493,5675,5627,92,5719,42
2021-03-21,Alameda,001,1643700,83138,82684,1738,84422,1187
2021-03-21,Alpine,002,1148,84,83,0,83,0
2021-03-21,Amador,005,37829,3530,3519,31,3550,44
2021-03-21,Butte,007,227075,11582,11208,1671,12879,185
2021-03-21,Calaveras,009,45235,1979,1962,11,1973,49
2021-03-21,Colusa,011,21464,1885,1885,270,2155,13
2021-03-21,Contra Costa,013,1133247,65194,64382,1102,65484,740
2021-03-21,Del Norte,015,27424,1135,1076,7,1083,6
2021-03-21,El Dorado,017,186661,9381,9302,610,9912,105
2021-03-21,Fresno,019,978130,99092,98211,8043,106254,1556
2021-03-21,Glenn,021,27897,2325,2288,516,2804,17
2021-03-21,Humboldt,023,135768,3423,3402,24,3426,34
2021-03-21,Imperial,025,180216,27511,27267,2517,29784,699
2021-03-21,Inyo,027,18085,1368,1363,9,1372,35
2021-03-21,Kern,029,883053,95004,93649,10122,103771,1170
2021-03-21,Kings,031,150075,22696,22422,1001,23423,236
2021-03-21,Lake,033,64148,3333,3286,8,3294,43
2021-03-21,Lassen,035,31185,5138,5129,99,5228,1
2021-03-21,Los Angeles,037,10098052,1185881,1175684,38861,1214545,22834
2021-03-21,Madera,039,155013,16023,15895,867,16762,210
2021-03-21,Marin,041,260295,13579,13495,186,13681,220
2021-03-21,Mariposa,043,17540,391,381,5,386,5
2021-03-21,Mendocino,045,87422,3738,3651,74,3725,45
2021-03-21,Merced,047,269075,29488,29446,953,30399,413
2021-03-21,Modoc,049,8938,346,341,118,459,3
2021-03-21,Mono,051,14174,1219,1263,17,1280,3
2021-03-21,Monterey,053,433212,42397,42153,1713,43866,335
2021-03-21,Napa,055,140530,9286,9282,31,9313,77
2021-03-21,Nevada,057,99092,4230,4169,170,4339,89
2021-03-21,Orange,059,3164182,250450,248442,10486,258928,4598
2021-03-21,Placer,061,380077,21339,20520,1190,21710,242
2021-03-21,Plumas,063,18699,666,653,10,663,4
2021-03-21,Riverside,065,2383286,288732,282187,13452,295639,4009
2021-03-21,Sacramento,067,1510023,97759,96269,1349,97618,1489
2021-03-21,San Benito,069,59416,5831,5842,89,5931,61
2021-03-21,San Bernardino,071,2135413,288480,284732,8627,293359,4094
2021-03-21,San Diego,073,3302833,269357,267724,13328,281052,3494
2021-03-21,San Francisco,075,870044,35000,35012,1153,36165,460
2021-03-21,San Joaquin,077,732212,69040,67729,2971,70700,1182
2021-03-21,San Luis Obispo,079,281455,20310,19979,606,20585,250
2021-03-21,San Mateo,081,765935,40429,39988,424,40412,344
2021-03-21,Santa Barbara,083,443738,33122,32743,1064,33807,437
2021-03-21,Santa Clara,085,1922200,113326,113487,623,114110,1840
2021-03-21,Santa Cruz,087,273765,15749,15064,783,15847,199
2021-03-21,Shasta,089,179085,11193,11215,1321,12536,150
2021-03-21,Sierra,091,2930,55,50,12,62,0
2021-03-21,Siskiyou,093,43540,1559,1486,247,1733,5
2021-03-21,Solano,095,438530,30585,30474,393,30867,171
2021-03-21,Sonoma,097,501317,28867,28986,247,29233,310
2021-03-21,Stanislaus,099,539301,52510,52014,5477,57491,677
2021-03-21,Sutter,101,95872,9031,9021,79,9100,104
2021-03-21,Tehama,103,63373,4735,4701,498,5199,45
2021-03-21,Trinity,105,12862,473,310,80,390,3
2021-03-21,Tulare,107,460477,49128,48060,8347,56407,807
2021-03-21,Tuolumne,109,53932,3903,3953,39,3992,57
2021-03-21,Ventura,111,848112,79507,78863,2816,81679,927
2021-03-21,Yolo,113,214977,13229,13235,166,13401,190
2021-03-21,Yuba,115,75493,5665,5624,92,5716,42
2021-03-20,Alameda,001,1643700,83070,82614,1736,84350,1178
2021-03-20,Alpine,002,1148,84,83,0,83,0
2021-03-20,Amador,005,37829,3528,3518,31,3549,44
2021-03-20,Butte,007,227075,11576,11199,1669,12868,185
2021-03-20,Calaveras,009,45235,1975,1961,11,1972,49
2021-03-20,Colusa,011,21464,1885,1883,270,2153,12
2021-03-20,Contra Costa,013,1133247,65134,64313,1102,65415,713
2021-03-20,Del Norte,015,27424,1134,1075,7,1082,6
2021-03-20,El Dorado,017,186661,9375,9290,610,9900,105
2021-03-20,Fresno,019,978130,99032,98112,8036,106148,1532
2021-03-20,Glenn,021,27897,2324,2288,514,2802,17
2021-03-20,Humboldt,023,135768,3416,3399,24,3423,33
2021-03-20,Imperial,025,180216,27505,27239,2515,29754,695
2021-03-20,Inyo,027,18085,1368,1362,9,1371,35
2021-03-20,Kern,029,883053,94975,93606,10118,103724,1155
2021-03-20,Kings,031,150075,22691,22415,1000,23415,236
2021-03-20,Lake,033,64148,3329,3280,8,3288,43
2021-03-20,Lassen,035,31185,5138,5128,99,5227,1
2021-03-20,Los Angeles,037,10098052,1185582,1175290,38837,1214127,22810
2021-03-20,Madera,039,155013,16015,15891,866,16757,210
2021-03-20,Marin,041,260295,13567,13470,182,13652,220
2021-03-20,Mariposa,043,17540,390,381,5,386,5
2021-03-20,Mendocino,045,87422,3737,3639,74,3713,43
2021-03-20,Merced,047,269075,29457,29411,950,30361,412
2021-03-20,Modoc,049,8938,345,341,118,459,3
2021-03-20,Mono,051,14174,1219,1256,17,1273,3
2021-03-20,Monterey,053,433212,42388,42146,1712,43858,334
2021-03-20,Napa,055,140530,9278,9274,31,9305,77
2021-03-20,Nevada,057,99092,4219,4164,169,4333,89
2021-03-20,Orange,059,3164182,250369,248348,10476,258824,4522
2021-03-20,Placer,061,380077,21316,20505,1188,21693,242
2021-03-20,Plumas,063,18699,663,652,10,662,4
2021-03-20,Riverside,065,2383286,288657,282081,13448,295529,4000
2021-03-20,Sacramento,067,1510023,97648,96126,1346,97472,1488
2021-03-20,San Benito,069,59416,5827,5840,89,5929,61
2021-03-20,San Bernardino,071,2135413,288414,284690,8623,293313,3965
2021-03-20,San Diego,073,3302833,269186,267532,13321,280853,3493
2021-03-20,San Francisco,075,870044,34977,34968,1146,36114,453
2021-03-20,San Joaquin,077,732212,68999,67662,2964,70626,1161
2021-03-20,San Luis Obispo,079,281455,20294,19951,600,20551,250
2021-03-20,San Mateo,081,765935,40395,39958,423,40381,344
2021-03-20,Santa Barbara,083,443738,33097,32723,1063,33786,434
2021-03-20,Santa Clara,085,1922200,113234,113384,622,114006,1799
2021-03-20,Santa Cruz,087,273765,15733,15053,783,15836,199
2021-03-20,Shasta,089,179085,11187,11211,1321,12532,147
2021-03-20,Sierra,091,2930,55,50,12,62,0
2021-03-20,Siskiyou,093,43540,1559,1483,247,1730,5
2021-03-20,Solano,095,438530,30555,30439,393,30832,170
2021-03-20,Sonoma,097,501317,28852,28962,247,29209,309
2021-03-20,Stanislaus,099,539301,52454,51925,5470,57395,673
2021-03-20,Sutter,101,95872,9023,9014,79,9093,103
2021-03-20,Tehama,103,63373,4730,4696,496,5192,33
2021-03-20,Trinity,105,12862,472,310,80,390,3
2021-03-20,Tulare,107,460477,49113,48030,8330,56360,804
2021-03-20,Tuolumne,109,53932,3900,3950,39,3989,57
2021-03-20,Ventura,111,848112,79472,78818,2814,81632,922
2021-03-20,Yolo,113,214977,13225,13226,166,13392,190
2021-03-20,Yuba,115,75493,5662,5621,91,5712,42
2021-03-19,Alameda,001,1643700,82998,82499,1735,84234,1187
2021-03-19,Alpine,002,1148,83,82,0,82,0
2021-03-19,Amador,005,37829,3525,3515,31,3546,44
2021-03-19,Butte,007,227075,11568,11191,1666,12857,185
2021-03-19,Calaveras,009,45235,1974,1957,11,1968,49
2021-03-19,Colusa,011,21464,1884,1883,270,2153,12
2021-03-19,Contra Costa,013,1133247,65075,64195,1099,65294,737
2021-03-19,Del Norte,015,27424,1128,1071,5,1076,6
2021-03-19,El Dorado,017,186661,9366,9274,610,9884,105
2021-03-19,Fresno,019,978130,98948,97969,8023,105992,1527
2021-03-19,Glenn,021,27897,2324,2282,514,2796,17
2021-03-19,Humboldt,023,135768,3407,3388,24,3412,33
2021-03-19,Imperial,025,180216,27493,27218,2512,29730,695
2021-03-19,Inyo,027,18085,1366,1356,9,1365,35
2021-03-19,Kern,029,883053,94942,93534,10105,103639,1152
2021-03-19,Kings,031,150075,22682,22369,997,23366,235
2021-03-19,Lake,033,64148,3323,3262,8,3270,43
2021-03-19,Lassen,035,31185,5138,5126,99,5225,1
2021-03-19,Los Angeles,037,10098052,1185242,1174818,38820,1213638,22752
2021-03-19,Madera,039,155013,16008,15877,865,16742,210
2021-03-19,Marin,041,260295,13555,13441,182,13623,220
2021-03-19,Mariposa,043,17540,389,380,5,385,5
2021-03-19,Mendocino,045,87422,3736,3639,74,3713,45
2021-03-19,Merced,047,269075,29430,29376,948,30324,412
2021-03-19,Modoc,049,8938,345,341,118,459,3
2021-03-19,Mono,051,14174,1217,1244,17,1261,3
2021-03-19,Monterey,053,433212,42379,42125,1710,43835,335
2021-03-19,Napa,055,140530,9266,9256,31,9287,77
2021-03-19,Nevada,057,99092,4208,4156,169,4325,88
2021-03-19,Orange,059,3164182,250269,248146,10467,258613,4501
2021-03-19,Placer,061,380077,21298,20451,1186,21637,242
2021-03-19,Plumas,063,18699,663,650,10,660,4
2021-03-19,Riverside,065,2383286,288574,281937,13443,295380,3989
2021-03-19,Sacramento,067,1510023,97545,95934,1343,97277,1486
2021-03-19,San Benito,069,59416,5827,5845,89,5934,61
2021-03-19,San Bernardino,071,2135413,288343,284501,8621,293122,4017
2021-03-19,San Diego,073,3302833,269051,267173,13311,280484,3491
2021-03-19,San Francisco,075,870044,34932,34936,1143,36079,461
2021-03-19,San Joaquin,077,732212,68929,67515,2950,70465,1180
2021-03-19,San Luis Obispo,079,281455,20274,19913,598,20511,249
2021-03-19,San Mateo,081,765935,40371,39893,423,40316,344
2021-03-19,Santa Barbara,083,443738,33067,32685,1062,33747,435
2021-03-19,Santa Clara,085,1922200,113159,113232,621,113853,1797
2021-03-19,Santa Cruz,087,273765,15726,15026,783,15809,199
2021-03-19,Shasta,089,179085,11180,11104,1319,12423,103
2021-03-19,Sierra,091,2930,54,49,12,61,0
2021-03-19,Siskiyou,093,43540,1559,1480,246,1726,5
2021-03-19,Solano,095,438530,30525,30395,391,30786,172
2021-03-19,Sonoma,097,501317,28831,28932,245,29177,292
2021-03-19,Stanislaus,099,539301,52396,51755,5467,57222,679
2021-03-19,Sutter,101,95872,9021,9005,79,9084,103
2021-03-19,Tehama,103,63373,4723,4685,496,5181,33
2021-03-19,Trinity,105,12862,472,310,80,390,3
2021-03-19,Tulare,107,460477,49090,47989,8307,56296,805
2021-03-19,Tuolumne,109,53932,3897,3946,39,3985,57
2021-03-19,Ventura,111,848112,79439,78753,2810,81563,920
2021-03-19,Yolo,113,214977,13217,13197,166,13363,189
2021-03-19,Yuba,115,75493,5659,5615,90,5705,42
2021-03-18,Alameda,001,1643700,82917,82419,1732,84151,1189
2021-03-18,Alpine,002,1148,83,82,0,82,0
2021-03-18,Amador,005,37829,3521,3513,31,3544,44
2021-03-18,Butte,007,227075,11557,11179,1664,12843,185
2021-03-18,Calaveras,009,45235,1972,1954,11,1965,49
2021-03-18,Colusa,011,21464,1884,1882,270,2152,12
2021-03-18,Contra Costa,013,1133247,65002,64103,1096,65199,739
2021-03-18,Del Norte,015,27424,1119,1059,5,1064,6
2021-03-18,El Dorado,017,186661,9353,9261,609,9870,105
2021-03-18,Fresno,019,978130,98851,97856,8008,105864,1527
2021-03-18,Glenn,021,27897,2320,2275,513,2788,17
2021-03-18,Humboldt,023,135768,3399,3381,24,3405,34
2021-03-18,Imperial,025,180216,27478,27190,2507,29697,695
2021-03-18,Inyo,027,18085,1363,1354,9,1363,35
2021-03-18,Kern,029,883053,94885,93458,10091,103549,1158
2021-03-18,Kings,031,150075,22675,22354,996,23350,235
2021-03-18,Lake,033,64148,3320,3260,8,3268,43
2021-03-18,Lassen,035,31185,5137,5126,99,5225,1
2021-03-18,Los Angeles,037,10098052,1184809,1174205,38792,1212997,22689
2021-03-18,Madera,039,155013,15996,15860,862,16722,211
2021-03-18,Marin,041,260295,13537,13435,181,13616,219
2021-03-18,Mariposa,043,17540,387,380,5,385,5
2021-03-18,Mendocino,045,87422,3726,3630,74,3704,45
2021-03-18,Merced,047,269075,29395,29317,948,30265,410
2021-03-18,Modoc,049,8938,345,341,118,459,3
2021-03-18,Mono,051,14174,1213,1215,16,1231,3
2021-03-18,Monterey,053,433212,42367,42105,1710,43815,335
2021-03-18,Napa,055,140530,9257,9243,31,9274,77
2021-03-18,Nevada,057,99092,4201,4154,169,4323,74
2021-03-18,Orange,059,3164182,250166,248050,10455,258505,4514
2021-03-18,Placer,061,380077,21266,20421,1183,21604,243
2021-03-18,Plumas,063,18699,661,648,10,658,4
2021-03-18,Riverside,065,2383286,288493,281789,13436,295225,3957
2021-03-18,Sacramento,067,1510023,97397,95819,1339,97158,1481
2021-03-18,San Benito,069,59416,5825,5842,89,5931,61
2021-03-18,San Bernardino,071,2135413,288260,284294,8591,292885,4076
2021-03-18,San Diego,073,3302833,268898,266752,13301,280053,3478
2021-03-18,San Francisco,075,870044,34893,34904,1142,36046,461
2021-03-18,San Joaquin,077,732212,68829,67301,2938,70239,1169
2021-03-18,San Luis Obispo,079,281455,20245,19894,597,20491,249
2021-03-18,San Mateo,081,765935,40330,39874,423,40297,344
2021-03-18,Santa Barbara,083,443738,33026,32640,1062,33702,434
2021-03-18,Santa Clara,085,1922200,113042,113119,617,113736,1808
2021-03-18,Santa Cruz,087,273765,15716,14998,783,15781,198
2021-03-18,Shasta,089,179085,11166,11059,1317,12376,100
2021-03-18,Sierra,091,2930,54,49,12,61,0
2021-03-18,Siskiyou,093,43540,1556,1480,245,1725,5
2021-03-18,Solano,095,438530,30483,30352,388,30740,172
2021-03-18,Sonoma,097,501317,28810,28915,243,29158,292
2021-03-18,Stanislaus,099,539301,52324,51615,5463,57078,682
2021-03-18,Sutter,101,95872,9009,8999,79,9078,103
2021-03-18,Tehama,103,63373,4717,4683,495,5178,35
2021-03-18,Trinity,105,12862,472,310,80,390,3
2021-03-18,Tulare,107,460477,49071,47964,8292,56256,805
2021-03-18,Tuolumne,109,53932,3896,3942,39,3981,57
2021-03-18,Ventura,111,848112,79379,78697,2810,81507,918
2021-03-18,Yolo,113,214977,13204,13183,166,13349,191
2021-03-18,Yuba,115,75493,5655,5612,90,5702,42
2021-03-17,Alameda,001,1643700,82841,82353,1727,84080,1185
2021-03-17,Alpine,002,1148,83,82,0,82,0
2021-03-17,Amador,005,37829,3519,3511,31,3542,44
2021-03-17,Butte,007,227075,11548,11170,1662,12832,185
2021-03-17,Calaveras,009,45235,1969,1946,11,1957,49
2021-03-17,Colusa,011,21464,1883,1882,270,2152,12
2021-03-17,Contra Costa,013,1133247,64933,64026,1095,65121,737
2021-03-17,Del Norte,015,27424,1115,1053,5,1058,6
2021-03-17,El Dorado,017,186661,9343,9252,609,9861,105
2021-03-17,Fresno,019,978130,98740,97727,7990,105717,1507
2021-03-17,Glenn,021,27897,2313,2269,512,2781,17
2021-03-17,Humboldt,023,135768,3391,3365,24,3389,33
2021-03-17,Imperial,025,180216,27461,27168,2504,29672,691
2021-03-17,Inyo,027,18085,1361,1351,9,1360,35
2021-03-17,Kern,029,883053,94829,93392,10078,103470,1149
2021-03-17,Kings,031,150075,22659,22336,995,23331,233
2021-03-17,Lake,033,64148,3313,3251,8,3259,43
2021-03-17,Lassen,035,31185,5136,5125,99,5224,1
2021-03-17,Los Angeles,037,10098052,1184355,1173416,38759,1212175,22602
2021-03-17,Madera,039,155013,15989,15835,862,16697,214
2021-03-17,Marin,041,260295,13520,13428,180,13608,218
2021-03-17,Mariposa,043,17540,387,379,5,384,5
2021-03-17,Mendocino,045,87422,3722,3625,74,3699,44
2021-03-17,Merced,047,269075,29367,29250,944,30194,408
2021-03-17,Modoc,049,8938,345,341,118,459,3
2021-03-17,Mono,051,14174,1211,1212,16,1228,3
2021-03-17,Monterey,053,433212,42349,42061,1707,43768,334
2021-03-17,Napa,055,140530,9242,9219,31,9250,76
2021-03-17,Nevada,057,99092,4191,4145,169,4314,74
2021-03-17,Orange,059,3164182,250048,247943,10427,258370,4502
2021-03-17,Placer,061,380077,21238,20369,1182,21551,243
2021-03-17,Plumas,063,18699,660,645,10,655,4
2021-03-17,Riverside,065,2383286,288378,281649,13428,295077,3925
2021-03-17,Sacramento,067,1510023,97269,95650,1334,96984,1477
2021-03-17,San Benito,069,59416,5822,5841,89,5930,61
2021-03-17,San Bernardino,071,2135413,288143,284170,8586,292756,4049
2021-03-17,San Diego,073,3302833,268687,266313,13283,279596,3470
2021-03-17,San Francisco,075,870044,34858,34873,1141,36014,457
2021-03-17,San Joaquin,077,732212,68744,67093,2922,70015,1164
2021-03-17,San Luis Obispo,079,281455,20222,19858,593,20451,249
2021-03-17,San Mateo,081,765935,40300,39838,422,40260,344
2021-03-17,Santa Barbara,083,443738,33004,32585,1061,33646,433
2021-03-17,Santa Clara,085,1922200,112949,112983,616,113599,1805
2021-03-17,Santa Cruz,087,273765,15708,14967,783,15750,199
2021-03-17,Shasta,089,179085,11161,11045,1314,12359,100
2021-03-17,Sierra,091,2930,54,49,12,61,0
2021-03-17,Siskiyou,093,43540,1555,1479,244,1723,5
2021-03-17,Solano,095,438530,30457,30320,386,30706,171
2021-03-17,Sonoma,097,501317,28786,28877,242,29119,292
2021-03-17,Stanislaus,099,539301,52249,51524,5456,56980,682
2021-03-17,Sutter,101,95872,8999,8982,79,9061,103
2021-03-17,Tehama,103,63373,4712,4670,495,5165,34
2021-03-17,Trinity,105,12862,472,308,80,388,3
2021-03-17,Tulare,107,460477,49051,47929,8282,56211,805
2021-03-17,Tuolumne,109,53932,3893,3938,39,3977,57
2021-03-17,Ventura,111,848112,79323,78648,2807,81455,916
2021-03-17,Yolo,113,214977,13187,13169,166,13335,190
2021-03-17,Yuba,115,75493,5652,5603,90,5693,42
2021-03-16,Alameda,001,1643700,82730,82259,1725,83984,1177
2021-03-16,Alpine,002,1148,83,82,0,82,0
2021-03-16,Amador,005,37829,3517,3510,31,3541,44
2021-03-16,Butte,007,227075,11536,11154,1661,12815,184
2021-03-16,Calaveras,009,45235,1964,1945,11,1956,49
2021-03-16,Colusa,011,21464,1882,1882,270,2152,12
2021-03-16,Contra Costa,013,1133247,64850,63951,1092,65043,736
2021-03-16,Del Norte,015,27424,1107,1048,5,1053,6
2021-03-16,El Dorado,017,186661,9328,9249,609,9858,105
2021-03-16,Fresno,019,978130,98602,97638,7970,105608,1498
2021-03-16,Glenn,021,27897,2305,2267,508,2775,17
2021-03-16,Humboldt,023,135768,3387,3351,24,3375,33
2021-03-16,Imperial,025,180216,27450,27143,2501,29644,689
2021-03-16,Inyo,027,18085,1360,1346,9,1355,35
2021-03-16,Kern,029,883053,94763,93340,10063,103403,1144
2021-03-16,Kings,031,150075,22623,22320,994,23314,233
2021-03-16,Lake,033,64148,3305,3246,8,3254,43
2021-03-16,Lassen,035,31185,5135,5126,99,5225,1
2021-03-16,Los Angeles,037,10098052,1183823,1172676,38721,1211397,22527
2021-03-16,Madera,039,155013,15973,15822,860,16682,214
2021-03-16,Marin,041,260295,13502,13419,180,13599,218
2021-03-16,Mariposa,043,17540,384,379,5,384,5
2021-03-16,Mendocino,045,87422,3717,3623,74,3697,44
2021-03-16,Merced,047,269075,29314,29198,943,30141,407
2021-03-16,Modoc,049,8938,345,341,118,459,3
2021-03-16,Mono,051,14174,1210,1207,16,1223,3
2021-03-16,Monterey,053,433212,42330,42023,1707,43730,334
2021-03-16,Napa,055,140530,9232,9209,31,9240,75
2021-03-16,Nevada,057,99092,4182,4132,168,4300,67
2021-03-16,Orange,059,3164182,249909,247843,10408,258251,4479
2021-03-16,Placer,061,380077,21206,20339,1178,21517,240
2021-03-16,Plumas,063,18699,659,643,10,653,4
2021-03-16,Riverside,065,2383286,288264,281540,13416,294956,3893
2021-03-16,Sacramento,067,1510023,97126,95522,1330,96852,1466
2021-03-16,San Benito,069,59416,5817,5831,89,5920,61
2021-03-16,San Bernardino,071,2135413,288013,283980,8579,292559,4032
2021-03-16,San Diego,073,3302833,268455,265903,13270,279173,3462
2021-03-16,San Francisco,075,870044,34829,34833,1136,35969,456
2021-03-16,San Joaquin,077,732212,68642,66856,2910,69766,1163
2021-03-16,San Luis Obispo,079,281455,20192,19832,591,20423,248
2021-03-16,San Mateo,081,765935,40266,39806,420,40226,344
2021-03-16,Santa Barbara,083,443738,32972,32556,1060,33616,433
2021-03-16,Santa Clara,085,1922200,112831,112845,613,113458,1797
2021-03-16,Santa Cruz,087,273765,15702,14926,783,15709,199
2021-03-16,Shasta,089,179085,11145,11035,1312,12347,100
2021-03-16,Sierra,091,2930,53,49,12,61,0
2021-03-16,Siskiyou,093,43540,1552,1477,244,1721,5
2021-03-16,Solano,095,438530,30423,30298,384,30682,171
2021-03-16,Sonoma,097,501317,28753,28850,240,29090,291
2021-03-16,Stanislaus,099,539301,52169,51410,5449,56859,683
2021-03-16,Sutter,101,95872,8991,8970,79,9049,102
2021-03-16,Tehama,103,63373,4709,4660,494,5154,34
2021-03-16,Trinity,105,12862,472,308,79,387,3
2021-03-16,Tulare,107,460477,49003,47895,8274,56169,803
2021-03-16,Tuolumne,109,53932,3890,3938,39,3977,57
2021-03-16,Ventura,111,848112,79257,78671,2800,81471,916
2021-03-16,Yolo,113,214977,13172,13162,166,13328,190
2021-03-16,Yuba,115,75493,5649,5596,89,5685,42
2021-03-15,Alameda,001,1643700,82641,82159,1725,83884,1167
2021-03-15,Alpine,002,1148,83,82,0,82,0
2021-03-15,Amador,005,37829,3516,3506,31,3537,44
2021-03-15,Butte,007,227075,11523,11141,1657,12798,185
2021-03-15,Calaveras,009,45235,1963,1941,11,1952,49
2021-03-15,Colusa,011,21464,1882,1883,270,2153,12
2021-03-15,Contra Costa,013,1133247,64788,63847,1091,64938,732
2021-03-15,Del Norte,015,27424,1104,1048,5,1053,6
2021-03-15,El Dorado,017,186661,9322,9235,609,9844,103
2021-03-15,Fresno,019,978130,98475,97520,7955,105475,1496
2021-03-15,Glenn,021,27897,2300,2261,505,2766,15
2021-03-15,Humboldt,023,135768,3381,3337,24,3361,32
2021-03-15,Imperial,025,180216,27430,27122,2498,29620,684
2021-03-15,Inyo,027,18085,1360,1346,9,1355,35
2021-03-15,Kern,029,883053,94703,93266,10056,103322,1141
2021-03-15,Kings,031,150075,22606,22294,988,23282,233
2021-03-15,Lake,033,64148,3293,3237,8,3245,43
2021-03-15,Lassen,035,31185,5135,5125,99,5224,1
2021-03-15,Los Angeles,037,10098052,1183250,1172445,38689,1211134,22477
2021-03-15,Madera,039,155013,15962,15806,858,16664,214
2021-03-15,Marin,041,260295,13496,13408,179,13587,218
2021-03-15,Mariposa,043,17540,384,376,5,381,5
2021-03-15,Mendocino,045,87422,3713,3615,74,3689,44
2021-03-15,Merced,047,269075,29276,29169,941,30110,407
2021-03-15,Modoc,049,8938,345,340,118,458,3
2021-03-15,Mono,051,14174,1209,1206,16,1222,3
2021-03-15,Monterey,053,433212,42301,42011,1704,43715,333
2021-03-15,Napa,055,140530,9221,9196,31,9227,75
2021-03-15,Nevada,057,99092,4177,4123,167,4290,66
2021-03-15,Orange,059,3164182,249796,247697,10389,258086,4481
2021-03-15,Placer,061,380077,21183,20308,1178,21486,238
2021-03-15,Plumas,063,18699,659,642,10,652,4
2021-03-15,Riverside,065,2383286,288112,281367,13406,294773,3856
2021-03-15,Sacramento,067,1510023,96973,95414,1324,96738,1463
2021-03-15,San Benito,069,59416,5814,5831,89,5920,61
2021-03-15,San Bernardino,071,2135413,287922,283815,8571,292386,4004
2021-03-15,San Diego,073,3302833,268206,265646,13254,278900,3452
2021-03-15,San Francisco,075,870044,34794,34820,1132,35952,456
2021-03-15,San Joaquin,077,732212,68539,66622,2898,69520,1140
2021-03-15,San Luis Obispo,079,281455,20161,19813,587,20400,247
2021-03-15,San Mateo,081,765935,40212,39765,420,40185,344
2021-03-15,Santa Barbara,083,443738,32949,32529,1057,33586,431
2021-03-15,Santa Clara,085,1922200,112730,112729,611,113340,1798
2021-03-15,Santa Cruz,087,273765,15696,14899,782,15681,200
2021-03-15,Shasta,089,179085,11129,11019,1307,12326,92
2021-03-15,Sierra,091,2930,53,49,12,61,0
2021-03-15,Siskiyou,093,43540,1552,1475,244,1719,5
2021-03-15,Solano,095,438530,30394,30258,383,30641,171
2021-03-15,Sonoma,097,501317,28735,28814,237,29051,285
2021-03-15,Stanislaus,099,539301,52090,51357,5442,56799,683
2021-03-15,Sutter,101,95872,8985,8962,79,9041,102
2021-03-15,Tehama,103,63373,4694,4650,493,5143,34
2021-03-15,Trinity,105,12862,472,308,79,387,3
2021-03-15,Tulare,107,460477,48973,47857,8259,56116,800
2021-03-15,Tuolumne,109,53932,3888,3937,38,3975,57
2021-03-15,Ventura,111,848112,79201,78626,2799,81425,910
2021-03-15,Yolo,113,214977,13153,13131,166,13297,190
2021-03-15,Yuba,115,75493,5644,5585,88,5673,42
2021-03-14,Alameda,001,1643700,82556,82116,1722,83838,1168
2021-03-14,Alpine,002,1148,83,82,0,82,0
2021-03-14,Amador,005,37829,3511,3504,31,3535,44
2021-03-14,Butte,007,227075,11510,11140,1653,12793,185
2021-03-14,Calaveras,009,45235,1959,1939,11,1950,49
2021-03-14,Colusa,011,21464,1882,1883,270,2153,12
2021-03-14,Contra Costa,013,1133247,64684,63808,1090,64898,731
2021-03-14,Del Norte,015,27424,1090,1048,5,1053,6
2021-03-14,El Dorado,017,186661,9312,9231,609,9840,103
2021-03-14,Fresno,019,978130,98367,97461,7937,105398,1496
2021-03-14,Glenn,021,27897,2295,2260,502,2762,15
2021-03-14,Humboldt,023,135768,3367,3335,24,3359,32
2021-03-14,Imperial,025,180216,27415,27122,2493,29615,685
2021-03-14,Inyo,027,18085,1356,1346,9,1355,35
2021-03-14,Kern,029,883053,94620,93252,10038,103290,1141
2021-03-14,Kings,031,150075,22587,22292,986,23278,232
2021-03-14,Lake,033,64148,3288,3237,8,3245,43
2021-03-14,Lassen,035,31185,5133,5125,99,5224,1
2021-03-14,Los Angeles,037,10098052,1182673,1172100,38659,1210759,22476
2021-03-14,Madera,039,155013,15937,15804,858,16662,214
2021-03-14,Marin,041,260295,13480,13405,177,13582,218
2021-03-14,Mariposa,043,17540,382,376,5,381,5
2021-03-14,Mendocino,045,87422,3708,3613,74,3687,44
2021-03-14,Merced,047,269075,29208,29149,937,30086,407
2021-03-14,Modoc,049,8938,345,340,118,458,3
2021-03-14,Mono,051,14174,1203,1206,16,1222,3
2021-03-14,Monterey,053,433212,42277,42007,1701,43708,333
2021-03-14,Napa,055,140530,9203,9194,31,9225,75
2021-03-14,Nevada,057,99092,4171,4122,165,4287,66
2021-03-14,Orange,059,3164182,249664,247656,10370,258026,4460
2021-03-14,Placer,061,380077,21148,20288,1170,21458,238
2021-03-14,Plumas,063,18699,657,642,10,652,4
2021-03-14,Riverside,065,2383286,287954,281332,13398,294730,3845
2021-03-14,Sacramento,067,1510023,96795,95343,1319,96662,1462
2021-03-14,San Benito,069,59416,5805,5829,89,5918,61
2021-03-14,San Bernardino,071,2135413,287799,283791,8560,292351,3996
2021-03-14,San Diego,073,3302833,267971,265468,13241,278709,3452
2021-03-14,San Francisco,075,870044,34755,34810,1129,35939,455
2021-03-14,San Joaquin,077,732212,68411,66563,2881,69444,1140
2021-03-14,San Luis Obispo,079,281455,20133,19806,585,20391,247
2021-03-14,San Mateo,081,765935,40173,39744,420,40164,342
2021-03-14,Santa Barbara,083,443738,32905,32514,1055,33569,431
2021-03-14,Santa Clara,085,1922200,112602,112648,610,113258,1796
2021-03-14,Santa Cruz,087,273765,15680,14887,780,15667,200
2021-03-14,Shasta,089,179085,11113,11019,1300,12319,92
2021-03-14,Sierra,091,2930,53,49,12,61,0
2021-03-14,Siskiyou,093,43540,1549,1473,244,1717,5
2021-03-14,Solano,095,438530,30362,30230,378,30608,171
2021-03-14,Sonoma,097,501317,28700,28798,233,29031,284
2021-03-14,Stanislaus,099,539301,51970,51306,5434,56740,690
2021-03-14,Sutter,101,95872,8969,8958,79,9037,102
2021-03-14,Tehama,103,63373,4687,4650,492,5142,34
2021-03-14,Trinity,105,12862,471,308,78,386,3
2021-03-14,Tulare,107,460477,48940,47845,8238,56083,800
2021-03-14,Tuolumne,109,53932,3886,3937,38,3975,57
2021-03-14,Ventura,111,848112,79153,78611,2793,81404,910
2021-03-14,Yolo,113,214977,13130,13128,163,13291,189
2021-03-14,Yuba,115,75493,5634,5583,88,5671,42
2021-03-13,Alameda,001,1643700,82496,82010,1722,83732,1168
2021-03-13,Alpine,002,1148,83,82,0,82,0
2021-03-13,Amador,005,37829,3508,3504,31,3535,44
2021-03-13,Butte,007,227075,11501,11131,1652,12783,185
2021-03-13,Calaveras,009,45235,1958,1939,11,1950,49
2021-03-13,Colusa,011,21464,1882,1882,270,2152,12
2021-03-13,Contra Costa,013,1133247,64623,63689,1090,64779,731
2021-03-13,Del Norte,015,27424,1086,1041,5,1046,6
2021-03-13,El Dorado,017,186661,9304,9221,609,9830,103
2021-03-13,Fresno,019,978130,98308,97324,7917,105241,1495
2021-03-13,Glenn,021,27897,2294,2260,501,2761,15
2021-03-13,Humboldt,023,135768,3360,3325,24,3349,32
2021-03-13,Imperial,025,180216,27409,27099,2489,29588,677
2021-03-13,Inyo,027,18085,1355,1344,9,1353,35
2021-03-13,Kern,029,883053,94581,93197,10032,103229,1140
2021-03-13,Kings,031,150075,22571,22265,985,23250,232
2021-03-13,Lake,033,64148,3281,3234,7,3241,43
2021-03-13,Lassen,035,31185,5133,5125,99,5224,1
2021-03-13,Los Angeles,037,10098052,1182355,1171505,38617,1210122,22451
2021-03-13,Madera,039,155013,15925,15780,858,16638,214
2021-03-13,Marin,041,260295,13474,13391,175,13566,218
2021-03-13,Mariposa,043,17540,381,376,5,381,5
2021-03-13,Mendocino,045,87422,3704,3611,74,3685,44
2021-03-13,Merced,047,269075,29177,29106,937,30043,406
2021-03-13,Modoc,049,8938,345,340,117,457,3
2021-03-13,Mono,051,14174,1203,1207,16,1223,3
2021-03-13,Monterey,053,433212,42267,41989,1699,43688,332
2021-03-13,Napa,055,140530,9197,9190,31,9221,75
2021-03-13,Nevada,057,99092,4164,4111,164,4275,66
2021-03-13,Orange,059,3164182,249583,247514,10354,257868,4423
2021-03-13,Placer,061,380077,21127,20238,1167,21405,239
2021-03-13,Plumas,063,18699,655,642,10,652,4
2021-03-13,Riverside,065,2383286,287862,281191,13390,294581,3848
2021-03-13,Sacramento,067,1510023,96708,95192,1317,96509,1461
2021-03-13,San Benito,069,59416,5802,5823,89,5912,61
2021-03-13,San Bernardino,071,2135413,287745,283727,8554,292281,3972
2021-03-13,San Diego,073,3302833,267816,265270,13227,278497,3444
2021-03-13,San Francisco,075,870044,34738,34784,1120,35904,455
2021-03-13,San Joaquin,077,732212,68355,66480,2859,69339,1141
2021-03-13,San Luis Obispo,079,281455,20115,19789,584,20373,247
2021-03-13,San Mateo,081,765935,40146,39689,419,40108,341
2021-03-13,Santa Barbara,083,443738,32880,32486,1054,33540,431
2021-03-13,Santa Clara,085,1922200,112517,112531,609,113140,1790
2021-03-13,Santa Cruz,087,273765,15673,14875,780,15655,199
2021-03-13,Shasta,089,179085,11105,11021,1297,12318,108
2021-03-13,Sierra,091,2930,52,49,12,61,0
2021-03-13,Siskiyou,093,43540,1547,1470,244,1714,5
2021-03-13,Solano,095,438530,30345,30198,378,30576,171
2021-03-13,Sonoma,097,501317,28680,28762,229,28991,285
2021-03-13,Stanislaus,099,539301,51919,51257,5430,56687,695
2021-03-13,Sutter,101,95872,8962,8948,79,9027,102
2021-03-13,Tehama,103,63373,4685,4647,492,5139,33
2021-03-13,Trinity,105,12862,471,306,78,384,3
2021-03-13,Tulare,107,460477,48914,47818,8230,56048,798
2021-03-13,Tuolumne,109,53932,3883,3937,38,3975,57
2021-03-13,Ventura,111,848112,79101,78693,2793,81486,906
2021-03-13,Yolo,113,214977,13121,13087,163,13250,189
2021-03-13,Yuba,115,75493,5633,5577,88,5665,42
2021-03-12,Alameda,001,1643700,82419,81898,1721,83619,1164
2021-03-12,Alpine,002,1148,83,82,0,82,0
2021-03-12,Amador,005,37829,3505,3503,31,3534,44
2021-03-12,Butte,007,227075,11491,11126,1650,12776,184
2021-03-12,Calaveras,009,45235,1958,1916,11,1927,49
2021-03-12,Colusa,011,21464,1882,1883,270,2153,12
2021-03-12,Contra Costa,013,1133247,64547,63583,1090,64673,728
2021-03-12,Del Norte,015,27424,1080,1033,5,1038,6
2021-03-12,El Dorado,017,186661,9295,9219,609,9828,103
2021-03-12,Fresno,019,978130,98211,97185,7906,105091,1489
2021-03-12,Glenn,021,27897,2293,2258,500,2758,15
2021-03-12,Humboldt,023,135768,3355,3315,24,3339,32
2021-03-12,Imperial,025,180216,27398,27071,2487,29558,677
2021-03-12,Inyo,027,18085,1353,1339,9,1348,35
2021-03-12,Kern,029,883053,94547,93142,10016,103158,1132
2021-03-12,Kings,031,150075,22552,22233,985,23218,232
2021-03-12,Lake,033,64148,3275,3226,6,3232,43
2021-03-12,Lassen,035,31185,5133,5125,98,5223,1
2021-03-12,Los Angeles,037,10098052,1181960,1170860,38600,1209460,22409
2021-03-12,Madera,039,155013,15913,15761,855,16616,214
2021-03-12,Marin,041,260295,13467,13375,175,13550,218
2021-03-12,Mariposa,043,17540,379,376,5,381,5
2021-03-12,Mendocino,045,87422,3701,3605,74,3679,43
2021-03-12,Merced,047,269075,29146,29064,937,30001,403
2021-03-12,Modoc,049,8938,345,340,117,457,3
2021-03-12,Mono,051,14174,1202,1206,16,1222,3
2021-03-12,Monterey,053,433212,42253,41964,1694,43658,329
2021-03-12,Napa,055,140530,9188,9180,31,9211,75
2021-03-12,Nevada,057,99092,4154,4101,164,4265,66
2021-03-12,Orange,059,3164182,249491,247388,10343,257731,4401
2021-03-12,Placer,061,380077,21094,20210,1162,21372,239
2021-03-12,Plumas,063,18699,654,641,10,651,4
2021-03-12,Riverside,065,2383286,287763,281037,13383,294420,3854
2021-03-12,Sacramento,067,1510023,96584,95061,1311,96372,1460
2021-03-12,San Benito,069,59416,5799,5817,89,5906,61
2021-03-12,San Bernardino,071,2135413,287689,283558,8549,292107,3917
2021-03-12,San Diego,073,3302833,267653,264886,13219,278105,3434
2021-03-12,San Francisco,075,870044,34717,34758,1117,35875,452
2021-03-12,San Joaquin,077,732212,68284,66482,2850,69332,1144
2021-03-12,San Luis Obispo,079,281455,20102,19769,582,20351,247
2021-03-12,San Mateo,081,765935,40110,39638,417,40055,341
2021-03-12,Santa Barbara,083,443738,32857,32457,1051,33508,429
2021-03-12,Santa Clara,085,1922200,112422,112396,608,113004,1766
2021-03-12,Santa Cruz,087,273765,15661,14846,778,15624,195
2021-03-12,Shasta,089,179085,11096,11143,1295,12438,153
2021-03-12,Sierra,091,2930,52,49,12,61,0
2021-03-12,Siskiyou,093,43540,1547,1468,243,1711,5
2021-03-12,Solano,095,438530,30326,30180,377,30557,171
2021-03-12,Sonoma,097,501317,28653,28714,229,28943,285
2021-03-12,Stanislaus,099,539301,51860,51146,5424,56570,701
2021-03-12,Sutter,101,95872,8956,8940,79,9019,101
2021-03-12,Tehama,103,63373,4681,4638,491,5129,33
2021-03-12,Trinity,105,12862,470,306,78,384,3
2021-03-12,Tulare,107,460477,48889,47772,8224,55996,798
2021-03-12,Tuolumne,109,53932,3882,3936,38,3974,57
2021-03-12,Ventura,111,848112,79055,78698,2789,81487,899
2021-03-12,Yolo,113,214977,13111,13061,156,13217,189
2021-03-12,Yuba,115,75493,5626,5563,87,5650,42
2021-03-11,Alameda,001,1643700,82328,81809,1716,83525,1164
2021-03-11,Alpine,002,1148,83,78,0,78,0
2021-03-11,Amador,005,37829,3504,3498,31,3529,42
2021-03-11,Butte,007,227075,11480,11110,1648,12758,185
2021-03-11,Calaveras,009,45235,1955,1915,11,1926,49
2021-03-11,Colusa,011,21464,1882,1883,270,2153,12
2021-03-11,Contra Costa,013,1133247,64474,63469,1088,64557,728
2021-03-11,Del Norte,015,27424,1075,1027,5,1032,6
2021-03-11,El Dorado,017,186661,9281,9211,609,9820,101
2021-03-11,Fresno,019,978130,98095,97026,7877,104903,1481
2021-03-11,Glenn,021,27897,2290,2255,500,2755,15
2021-03-11,Humboldt,023,135768,3338,3302,24,3326,32
2021-03-11,Imperial,025,180216,27391,27045,2484,29529,675
2021-03-11,Inyo,027,18085,1348,1335,9,1344,35
2021-03-11,Kern,029,883053,94491,93052,9977,103029,1121
2021-03-11,Kings,031,150075,22537,22183,982,23165,230
2021-03-11,Lake,033,64148,3271,3214,6,3220,42
2021-03-11,Lassen,035,31185,5132,5124,98,5222,1
2021-03-11,Los Angeles,037,10098052,1181427,1170111,38569,1208680,22316
2021-03-11,Madera,039,155013,15902,15725,853,16578,214
2021-03-11,Marin,041,260295,13455,13356,174,13530,217
2021-03-11,Mariposa,043,17540,379,376,5,381,5
2021-03-11,Mendocino,045,87422,3694,3604,74,3678,42
2021-03-11,Merced,047,269075,29098,29001,936,29937,401
2021-03-11,Modoc,049,8938,345,340,117,457,3
2021-03-11,Mono,051,14174,1201,1206,16,1222,3
2021-03-11,Monterey,053,433212,42230,41936,1688,43624,329
2021-03-11,Napa,055,140530,9175,9173,31,9204,75
2021-03-11,Nevada,057,99092,4142,4085,162,4247,66
2021-03-11,Orange,059,3164182,249353,247217,10326,257543,4373
2021-03-11,Placer,061,380077,21052,20178,1158,21336,239
2021-03-11,Plumas,063,18699,653,640,10,650,4
2021-03-11,Riverside,065,2383286,287592,280881,13370,294251,3842
2021-03-11,Sacramento,067,1510023,96443,94912,1308,96220,1455
2021-03-11,San Benito,069,59416,5796,5816,89,5905,61
2021-03-11,San Bernardino,071,2135413,287593,283312,8543,291855,3869
2021-03-11,San Diego,073,3302833,267488,264524,13203,277727,3422
2021-03-11,San Francisco,075,870044,34681,34722,1111,35833,452
2021-03-11,San Joaquin,077,732212,68172,66522,2842,69364,1157
2021-03-11,San Luis Obispo,079,281455,20077,19748,581,20329,247
2021-03-11,San Mateo,081,765935,40073,39590,416,40006,341
2021-03-11,Santa Barbara,083,443738,32829,32408,1046,33454,430
2021-03-11,Santa Clara,085,1922200,112293,112246,605,112851,1765
2021-03-11,Santa Cruz,087,273765,15649,14812,777,15589,193
2021-03-11,Shasta,089,179085,11086,11139,1290,12429,158
2021-03-11,Sierra,091,2930,52,48,12,60,0
2021-03-11,Siskiyou,093,43540,1544,1466,242,1708,5
2021-03-11,Solano,095,438530,30298,30138,376,30514,171
2021-03-11,Sonoma,097,501317,28624,28677,229,28906,285
2021-03-11,Stanislaus,099,539301,51775,51038,5416,56454,707
2021-03-11,Sutter,101,95872,8950,8933,79,9012,101
2021-03-11,Tehama,103,63373,4673,4632,491,5123,33
2021-03-11,Trinity,105,12862,469,304,77,381,3
2021-03-11,Tulare,107,460477,48852,47709,8213,55922,797
2021-03-11,Tuolumne,109,53932,3880,3934,38,3972,57
2021-03-11,Ventura,111,848112,79005,78697,2785,81482,889
2021-03-11,Yolo,113,214977,13093,13041,155,13196,190
2021-03-11,Yuba,115,75493,5622,5553,87,5640,42
2021-03-10,Alameda,001,1643700,82222,81701,1711,83412,1160
2021-03-10,Alpine,002,1148,82,78,0,78,0
2021-03-10,Amador,005,37829,3502,3496,31,3527,42
2021-03-10,Butte,007,227075,11470,11096,1648,12744,185
2021-03-10,Calaveras,009,45235,1949,1913,11,1924,48
2021-03-10,Colusa,011,21464,1882,1882,270,2152,12
2021-03-10,Contra Costa,013,1133247,64374,63372,1084,64456,725
2021-03-10,Del Norte,015,27424,1073,1020,5,1025,5
2021-03-10,El Dorado,017,186661,9268,9203,609,9812,100
2021-03-10,Fresno,019,978130,97988,96866,7861,104727,1471
2021-03-10,Glenn,021,27897,2287,2253,498,2751,15
2021-03-10,Humboldt,023,135768,3328,3296,23,3319,32
2021-03-10,Imperial,025,180216,27376,27051,2484,29535,675
2021-03-10,Inyo,027,18085,1348,1328,9,1337,35
2021-03-10,Kern,029,883053,94425,92965,9956,102921,1102
2021-03-10,Kings,031,150075,22518,22166,981,23147,226
2021-03-10,Lake,033,64148,3261,3207,6,3213,42
2021-03-10,Lassen,035,31185,5132,5120,98,5218,1
2021-03-10,Los Angeles,037,10098052,1180880,1169079,38544,1207623,22199
2021-03-10,Madera,039,155013,15881,15705,850,16555,212
2021-03-10,Marin,041,260295,13445,13348,173,13521,216
2021-03-10,Mariposa,043,17540,379,376,5,381,5
2021-03-10,Mendocino,045,87422,3689,3602,74,3676,42
2021-03-10,Merced,047,269075,29060,28927,933,29860,401
2021-03-10,Modoc,049,8938,344,338,117,455,3
2021-03-10,Mono,051,14174,1197,1204,16,1220,3
2021-03-10,Monterey,053,433212,42208,41920,1684,43604,329
2021-03-10,Napa,055,140530,9166,9165,31,9196,75
2021-03-10,Nevada,057,99092,4138,4074,162,4236,66
2021-03-10,Orange,059,3164182,249204,247075,10311,257386,4342
2021-03-10,Placer,061,380077,21018,20144,1152,21296,239
2021-03-10,Plumas,063,18699,652,639,10,649,4
2021-03-10,Riverside,065,2383286,287451,280708,13356,294064,3822
2021-03-10,Sacramento,067,1510023,96313,94796,1302,96098,1452
2021-03-10,San Benito,069,59416,5787,5811,89,5900,61
2021-03-10,San Bernardino,071,2135413,287500,283140,8537,291677,3841
2021-03-10,San Diego,073,3302833,267266,264094,13191,277285,3413
2021-03-10,San Francisco,075,870044,34646,34688,1103,35791,450
2021-03-10,San Joaquin,077,732212,68070,66483,2825,69308,1156
2021-03-10,San Luis Obispo,079,281455,20053,19710,577,20287,247
2021-03-10,San Mateo,081,765935,40049,39571,416,39987,338
2021-03-10,Santa Barbara,083,443738,32802,32356,1043,33399,429
2021-03-10,Santa Clara,085,1922200,112184,112103,601,112704,1759
2021-03-10,Santa Cruz,087,273765,15634,14790,776,15566,192
2021-03-10,Shasta,089,179085,11076,11125,1287,12412,155
2021-03-10,Sierra,091,2930,52,48,12,60,0
2021-03-10,Siskiyou,093,43540,1542,1458,242,1700,5
2021-03-10,Solano,095,438530,30268,30111,375,30486,170
2021-03-10,Sonoma,097,501317,28589,28638,228,28866,286
2021-03-10,Stanislaus,099,539301,51688,50968,5397,56365,706
2021-03-10,Sutter,101,95872,8939,8918,79,8997,101
2021-03-10,Tehama,103,63373,4662,4623,490,5113,33
2021-03-10,Trinity,105,12862,469,304,77,381,3
2021-03-10,Tulare,107,460477,48804,47659,8195,55854,793
2021-03-10,Tuolumne,109,53932,3879,3931,38,3969,57
2021-03-10,Ventura,111,848112,78928,78609,2783,81392,878
2021-03-10,Yolo,113,214977,13069,13021,155,13176,189
2021-03-10,Yuba,115,75493,5609,5545,86,5631,42
2021-03-09,Alameda,001,1643700,82135,81618,1711,83329,1151
2021-03-09,Alpine,002,1148,82,78,0,78,0
2021-03-09,Amador,005,37829,3500,3494,31,3525,42
2021-03-09,Butte,007,227075,11457,11092,1647,12739,185
2021-03-09,Calaveras,009,45235,1947,1913,11,1924,48
2021-03-09,Colusa,011,21464,1882,1880,270,2150,11
2021-03-09,Contra Costa,013,1133247,64284,63314,1082,64396,723
2021-03-09,Del Norte,015,27424,1065,1017,5,1022,5
2021-03-09,El Dorado,017,186661,9260,9198,609,9807,98
2021-03-09,Fresno,019,978130,97869,96744,7835,104579,1463
2021-03-09,Glenn,021,27897,2283,2251,496,2747,15
2021-03-09,Humboldt,023,135768,3316,3288,22,3310,32
2021-03-09,Imperial,025,180216,27366,27045,2480,29525,675
2021-03-09,Inyo,027,18085,1346,1324,9,1333,35
2021-03-09,Kern,029,883053,94346,92924,9938,102862,1088
2021-03-09,Kings,031,150075,22493,22143,979,23122,226
2021-03-09,Lake,033,64148,3255,3202,6,3208,42
2021-03-09,Lassen,035,31185,5132,5120,98,5218,1
2021-03-09,Los Angeles,037,10098052,1180283,1167967,38511,1206478,22080
2021-03-09,Madera,039,155013,15870,15701,848,16549,211
2021-03-09,Marin,041,260295,13427,13335,171,13506,214
2021-03-09,Mariposa,043,17540,379,376,5,381,5
2021-03-09,Mendocino,045,87422,3685,3595,74,3669,42
2021-03-09,Merced,047,269075,29000,28876,930,29806,399
2021-03-09,Modoc,049,8938,344,338,116,454,3
2021-03-09,Mono,051,14174,1196,1203,16,1219,3
2021-03-09,Monterey,053,433212,42189,41894,1676,43570,329
2021-03-09,Napa,055,140530,9152,9155,31,9186,75
2021-03-09,Nevada,057,99092,4130,4062,162,4224,66
2021-03-09,Orange,059,3164182,249062,246989,10292,257281,4310
2021-03-09,Placer,061,380077,20976,20122,1147,21269,239
2021-03-09,Plumas,063,18699,649,639,10,649,4
2021-03-09,Riverside,065,2383286,287318,280562,13352,293914,3821
2021-03-09,Sacramento,067,1510023,96146,94720,1296,96016,1442
2021-03-09,San Benito,069,59416,5783,5800,89,5889,61
2021-03-09,San Bernardino,071,2135413,287385,282971,8531,291502,3823
2021-03-09,San Diego,073,3302833,267034,263745,13170,276915,3405
2021-03-09,San Francisco,075,870044,34615,34654,1099,35753,450
2021-03-09,San Joaquin,077,732212,67943,66383,2815,69198,1150
2021-03-09,San Luis Obispo,079,281455,20036,19672,570,20242,245
2021-03-09,San Mateo,081,765935,40001,39535,414,39949,336
2021-03-09,Santa Barbara,083,443738,32761,32314,1041,33355,428
2021-03-09,Santa Clara,085,1922200,112073,111963,596,112559,1756
2021-03-09,Santa Cruz,087,273765,15612,14764,775,15539,188
2021-03-09,Shasta,089,179085,11069,11113,1282,12395,155
2021-03-09,Sierra,091,2930,52,48,12,60,0
2021-03-09,Siskiyou,093,43540,1538,1447,240,1687,5
2021-03-09,Solano,095,438530,30232,30090,373,30463,169
2021-03-09,Sonoma,097,501317,28539,28601,225,28826,284
2021-03-09,Stanislaus,099,539301,51590,50884,5388,56272,703
2021-03-09,Sutter,101,95872,8926,8914,79,8993,101
2021-03-09,Tehama,103,63373,4657,4620,490,5110,33
2021-03-09,Trinity,105,12862,469,304,77,381,3
2021-03-09,Tulare,107,460477,48777,47637,8176,55813,792
2021-03-09,Tuolumne,109,53932,3877,3929,38,3967,56
2021-03-09,Ventura,111,848112,78865,78526,2781,81307,863
2021-03-09,Yolo,113,214977,13057,13015,153,13168,189
2021-03-09,Yuba,115,75493,5602,5539,86,5625,42
2021-03-08,Alameda,001,1643700,82024,81543,1710,83253,1142
2021-03-08,Alpine,002,1148,82,78,0,78,0
2021-03-08,Amador,005,37829,3497,3490,31,3521,42
2021-03-08,Butte,007,227075,11444,11082,1646,12728,185
2021-03-08,Calaveras,009,45235,1943,1909,11,1920,48
2021-03-08,Colusa,011,21464,1882,1877,270,2147,11
2021-03-08,Contra Costa,013,1133247,64188,63240,1082,64322,719
2021-03-08,Del Norte,015,27424,1060,1012,5,1017,5
2021-03-08,El Dorado,017,186661,9257,9188,608,9796,97
2021-03-08,Fresno,019,978130,97771,96665,7814,104479,1442
2021-03-08,Glenn,021,27897,2282,2249,496,2745,15
2021-03-08,Humboldt,023,135768,3302,3278,22,3300,31
2021-03-08,Imperial,025,180216,27358,27033,2477,29510,663
2021-03-08,Inyo,027,18085,1344,1320,9,1329,35
2021-03-08,Kern,029,883053,94280,92857,9918,102775,1087
2021-03-08,Kings,031,150075,22472,22130,977,23107,226
2021-03-08,Lake,033,64148,3243,3195,6,3201,42
2021-03-08,Lassen,035,31185,5132,5119,98,5217,1
2021-03-08,Los Angeles,037,10098052,1179662,1163409,38480,1201889,21868
2021-03-08,Madera,039,155013,15860,15691,846,16537,211
2021-03-08,Marin,041,260295,13407,13328,169,13497,214
2021-03-08,Mariposa,043,17540,379,376,5,381,5
2021-03-08,Mendocino,045,87422,3683,3590,73,3663,42
2021-03-08,Merced,047,269075,28940,28841,929,29770,398
2021-03-08,Modoc,049,8938,344,338,116,454,3
2021-03-08,Mono,051,14174,1195,1200,16,1216,3
2021-03-08,Monterey,053,433212,42168,41863,1675,43538,328
2021-03-08,Napa,055,140530,9149,9146,31,9177,75
2021-03-08,Nevada,057,99092,4122,4059,162,4221,66
2021-03-08,Orange,059,3164182,248889,246900,10261,257161,4243
2021-03-08,Placer,061,380077,20941,20102,1136,21238,239
2021-03-08,Plumas,063,18699,648,635,10,645,4
2021-03-08,Riverside,065,2383286,287166,280463,13342,293805,3783
2021-03-08,Sacramento,067,1510023,95977,94654,1291,95945,1438
2021-03-08,San Benito,069,59416,5780,5797,89,5886,61
2021-03-08,San Bernardino,071,2135413,287274,282894,8524,291418,3811
2021-03-08,San Diego,073,3302833,266793,263272,13155,276427,3390
2021-03-08,San Francisco,075,870044,34589,34634,1095,35729,446
2021-03-08,San Joaquin,077,732212,67827,66307,2806,69113,1139
2021-03-08,San Luis Obispo,079,281455,19993,19656,567,20223,245
2021-03-08,San Mateo,081,765935,39952,39492,412,39904,335
2021-03-08,Santa Barbara,083,443738,32729,32293,1041,33334,427
2021-03-08,Santa Clara,085,1922200,111945,111882,594,112476,1756
2021-03-08,Santa Cruz,087,273765,15592,14729,775,15504,188
2021-03-08,Shasta,089,179085,11061,11088,1277,12365,155
2021-03-08,Sierra,091,2930,52,48,12,60,0
2021-03-08,Siskiyou,093,43540,1537,1440,240,1680,5
2021-03-08,Solano,095,438530,30192,30068,371,30439,169
2021-03-08,Sonoma,097,501317,28495,28571,224,28795,284
2021-03-08,Stanislaus,099,539301,51511,50825,5383,56208,690
2021-03-08,Sutter,101,95872,8923,8905,79,8984,100
2021-03-08,Tehama,103,63373,4653,4615,490,5105,33
2021-03-08,Trinity,105,12862,468,302,77,379,3
2021-03-08,Tulare,107,460477,48736,47587,8151,55738,791
2021-03-08,Tuolumne,109,53932,3876,3921,38,3959,56
2021-03-08,Ventura,111,848112,78792,78526,2773,81299,852
2021-03-08,Yolo,113,214977,13034,13000,153,13153,189
2021-03-08,Yuba,115,75493,5592,5530,86,5616,42
2021-03-07,Alameda,001,1643700,81904,81413,1709,83122,1145
2021-03-07,Alpine,002,1148,82,78,0,78,0
2021-03-07,Amador,005,37829,3494,3489,31,3520,42
2021-03-07,Butte,007,227075,11428,11075,1645,12720,185
2021-03-07,Calaveras,009,45235,1939,1906,11,1917,48
2021-03-07,Colusa,011,21464,1882,1876,270,2146,11
2021-03-07,Contra Costa,013,1133247,64089,63148,1080,64228,719
2021-03-07,Del Norte,015,27424,1055,1010,5,1015,5
2021-03-07,El Dorado,017,186661,9254,9184,607,9791,97
2021-03-07,Fresno,019,978130,97593,96549,7792,104341,1442
2021-03-07,Glenn,021,27897,2280,2244,496,2740,15
2021-03-07,Humboldt,023,135768,3292,3274,22,3296,31
2021-03-07,Imperial,025,180216,27349,27019,2475,29494,658
2021-03-07,Inyo,027,18085,1341,1320,9,1329,35
2021-03-07,Kern,029,883053,94193,92746,9888,102634,1086
2021-03-07,Kings,031,150075,22450,22103,977,23080,224
2021-03-07,Lake,033,64148,3237,3192,6,3198,42
2021-03-07,Lassen,035,31185,5131,5119,98,5217,1
2021-03-07,Los Angeles,037,10098052,1178935,1162749,38447,1201196,21857
2021-03-07,Madera,039,155013,15841,15675,846,16521,211
2021-03-07,Marin,041,260295,13399,13313,167,13480,214
2021-03-07,Mariposa,043,17540,378,376,5,381,5
2021-03-07,Mendocino,045,87422,3679,3581,73,3654,42
2021-03-07,Merced,047,269075,28866,28829,925,29754,399
2021-03-07,Modoc,049,8938,344,338,116,454,3
2021-03-07,Mono,051,14174,1193,1199,16,1215,3
2021-03-07,Monterey,053,433212,42147,41858,1672,43530,328
2021-03-07,Napa,055,140530,9139,9137,31,9168,75
2021-03-07,Nevada,057,99092,4108,4052,161,4213,66
2021-03-07,Orange,059,3164182,248697,246771,10234,257005,4218
2021-03-07,Placer,061,380077,20900,20070,1132,21202,239
2021-03-07,Plumas,063,18699,647,635,10,645,4
2021-03-07,Riverside,065,2383286,287018,280379,13333,293712,3779
2021-03-07,Sacramento,067,1510023,95800,94513,1285,95798,1437
2021-03-07,San Benito,069,59416,5773,5795,89,5884,61
2021-03-07,San Bernardino,071,2135413,287123,282860,8519,291379,3810
2021-03-07,San Diego,073,3302833,266511,262965,13131,276096,3390
2021-03-07,San Francisco,075,870044,34555,34594,1090,35684,445
2021-03-07,San Joaquin,077,732212,67691,66252,2793,69045,1139
2021-03-07,San Luis Obispo,079,281455,19956,19614,565,20179,245
2021-03-07,San Mateo,081,765935,39912,39436,409,39845,329
2021-03-07,Santa Barbara,083,443738,32683,32218,1040,33258,425
2021-03-07,Santa Clara,085,1922200,111800,111745,590,112335,1752
2021-03-07,Santa Cruz,087,273765,15570,14715,774,15489,189
2021-03-07,Shasta,089,179085,11048,11083,1269,12352,156
2021-03-07,Sierra,091,2930,51,48,12,60,0
2021-03-07,Siskiyou,093,43540,1536,1435,236,1671,5
2021-03-07,Solano,095,438530,30155,30027,371,30398,169
2021-03-07,Sonoma,097,501317,28446,28533,222,28755,284
2021-03-07,Stanislaus,099,539301,51379,50783,5367,56150,699
2021-03-07,Sutter,101,95872,8913,8900,79,8979,100
2021-03-07,Tehama,103,63373,4646,4614,489,5103,33
2021-03-07,Trinity,105,12862,468,302,77,379,3
2021-03-07,Tulare,107,460477,48677,47569,8120,55689,790
2021-03-07,Tuolumne,109,53932,3875,3922,37,3959,56
2021-03-07,Ventura,111,848112,78700,78487,2771,81258,851
2021-03-07,Yolo,113,214977,13015,12988,153,13141,189
2021-03-07,Yuba,115,75493,5587,5516,86,5602,42
2021-03-06,Alameda,001,1643700,81847,81310,1708,83018,1143
2021-03-06,Alpine,002,1148,82,78,0,78,0
2021-03-06,Amador,005,37829,3490,3487,31,3518,42
2021-03-06,Butte,007,227075,11423,11065,1644,12709,185
2021-03-06,Calaveras,009,45235,1935,1904,11,1915,48
2021-03-06,Colusa,011,21464,1880,1874,270,2144,11
2021-03-06,Contra Costa,013,1133247,64027,63040,1076,64116,719
2021-03-06,Del Norte,015,27424,1050,1000,5,1005,5
2021-03-06,El Dorado,017,186661,9250,9166,607,9773,97
2021-03-06,Fresno,019,978130,97497,96366,7781,104147,1440
2021-03-06,Glenn,021,27897,2280,2241,496,2737,15
2021-03-06,Humboldt,023,135768,3282,3260,22,3282,31
2021-03-06,Imperial,025,180216,27344,27009,2470,29479,658
2021-03-06,Inyo,027,18085,1338,1312,9,1321,35
2021-03-06,Kern,029,883053,94147,92684,9868,102552,1082
2021-03-06,Kings,031,150075,22435,22094,977,23071,224
2021-03-06,Lake,033,64148,3235,3189,6,3195,42
2021-03-06,Lassen,035,31185,5131,5119,98,5217,1
2021-03-06,Los Angeles,037,10098052,1178495,1161745,38419,1200164,21843
2021-03-06,Madera,039,155013,15832,15646,845,16491,211
2021-03-06,Marin,041,260295,13390,13289,167,13456,213
2021-03-06,Mariposa,043,17540,378,376,5,381,5
2021-03-06,Mendocino,045,87422,3677,3579,73,3652,42
2021-03-06,Merced,047,269075,28823,28771,925,29696,399
2021-03-06,Modoc,049,8938,343,338,116,454,3
2021-03-06,Mono,051,14174,1192,1198,16,1214,3
2021-03-06,Monterey,053,433212,42142,41838,1669,43507,327
2021-03-06,Napa,055,140530,9131,9129,31,9160,75
2021-03-06,Nevada,057,99092,4102,4044,161,4205,66
2021-03-06,Orange,059,3164182,248606,246634,10220,256854,4165
2021-03-06,Placer,061,380077,20877,20030,1130,21160,239
2021-03-06,Plumas,063,18699,647,634,10,644,4
2021-03-06,Riverside,065,2383286,286924,280225,13325,293550,3781
2021-03-06,Sacramento,067,1510023,95712,94332,1276,95608,1436
2021-03-06,San Benito,069,59416,5768,5793,89,5882,61
2021-03-06,San Bernardino,071,2135413,287039,282737,8517,291254,3791
2021-03-06,San Diego,073,3302833,266324,262778,13114,275892,3385
2021-03-06,San Francisco,075,870044,34523,34560,1086,35646,435
2021-03-06,San Joaquin,077,732212,67617,66162,2783,68945,1138
2021-03-06,San Luis Obispo,079,281455,19936,19592,563,20155,245
2021-03-06,San Mateo,081,765935,39887,39384,409,39793,329
2021-03-06,Santa Barbara,083,443738,32653,32176,1040,33216,424
2021-03-06,Santa Clara,085,1922200,111705,111570,587,112157,1749
2021-03-06,Santa Cruz,087,273765,15559,14701,774,15475,188
2021-03-06,Shasta,089,179085,11039,11076,1267,12343,158
2021-03-06,Sierra,091,2930,51,48,12,60,0
2021-03-06,Siskiyou,093,43540,1534,1432,236,1668,5
2021-03-06,Solano,095,438530,30126,30000,370,30370,169
2021-03-06,Sonoma,097,501317,28423,28484,220,28704,284
2021-03-06,Stanislaus,099,539301,51309,50691,5361,56052,711
2021-03-06,Sutter,101,95872,8907,8887,79,8966,100
2021-03-06,Tehama,103,63373,4644,4610,486,5096,33
2021-03-06,Trinity,105,12862,468,302,77,379,3
2021-03-06,Tulare,107,460477,48645,47515,8092,55607,789
2021-03-06,Tuolumne,109,53932,3873,3920,37,3957,56
2021-03-06,Ventura,111,848112,78644,78439,2770,81209,848
2021-03-06,Yolo,113,214977,13009,12951,152,13103,189
2021-03-06,Yuba,115,75493,5578,5504,86,5590,42
2021-03-05,Alameda,001,1643700,81761,81215,1707,82922,1141
2021-03-05,Alpine,002,1148,82,78,0,78,0
2021-03-05,Amador,005,37829,3489,3484,31,3515,42
2021-03-05,Butte,007,227075,11412,11050,1643,12693,185
2021-03-05,Calaveras,009,45235,1932,1902,11,1913,48
2021-03-05,Colusa,011,21464,1880,1874,270,2144,11
2021-03-05,Contra Costa,013,1133247,63947,62886,1073,63959,711
2021-03-05,Del Norte,015,27424,1046,995,5,1000,5
2021-03-05,El Dorado,017,186661,9245,9150,606,9756,97
2021-03-05,Fresno,019,978130,97389,96184,7762,103946,1432
2021-03-05,Glenn,021,27897,2277,2241,495,2736,15
2021-03-05,Humboldt,023,135768,3274,3234,22,3256,31
2021-03-05,Imperial,025,180216,27334,26970,2461,29431,651
2021-03-05,Inyo,027,18085,1334,1309,9,1318,35
2021-03-05,Kern,029,883053,94106,92601,9855,102456,1076
2021-03-05,Kings,031,150075,22417,22063,976,23039,224
2021-03-05,Lake,033,64148,3233,3185,6,3191,42
2021-03-05,Lassen,035,31185,5131,5117,96,5213,1
2021-03-05,Los Angeles,037,10098052,1178004,1160688,38390,1199078,21745
2021-03-05,Madera,039,155013,15822,15624,843,16467,211
2021-03-05,Marin,041,260295,13378,13275,166,13441,215
2021-03-05,Mariposa,043,17540,378,375,5,380,4
2021-03-05,Mendocino,045,87422,3674,3577,73,3650,42
2021-03-05,Merced,047,269075,28790,28734,924,29658,399
2021-03-05,Modoc,049,8938,343,337,116,453,3
2021-03-05,Mono,051,14174,1191,1197,16,1213,3
2021-03-05,Monterey,053,433212,42129,41802,1669,43471,325
2021-03-05,Napa,055,140530,9123,9109,31,9140,75
2021-03-05,Nevada,057,99092,4099,4033,161,4194,66
2021-03-05,Orange,059,3164182,248493,246489,10207,256696,4108
2021-03-05,Placer,061,380077,20851,19973,1126,21099,239
2021-03-05,Plumas,063,18699,647,635,10,645,4
2021-03-05,Riverside,065,2383286,286813,280075,13320,293395,3781
2021-03-05,Sacramento,067,1510023,95616,94182,1269,95451,1430
2021-03-05,San Benito,069,59416,5765,5790,89,5879,61
2021-03-05,San Bernardino,071,2135413,286946,282640,8513,291153,3774
2021-03-05,San Diego,073,3302833,266091,262357,13097,275454,3371
2021-03-05,San Francisco,075,870044,34483,34526,1082,35608,430
2021-03-05,San Joaquin,077,732212,67538,66041,2774,68815,1133
2021-03-05,San Luis Obispo,079,281455,19915,19557,561,20118,244
2021-03-05,San Mateo,081,765935,39855,39305,409,39714,326
2021-03-05,Santa Barbara,083,443738,32616,32139,1035,33174,424
2021-03-05,Santa Clara,085,1922200,111610,111384,587,111971,1745
2021-03-05,Santa Cruz,087,273765,15548,14694,774,15468,188
2021-03-05,Shasta,089,179085,11027,11062,1261,12323,148
2021-03-05,Sierra,091,2930,51,48,12,60,0
2021-03-05,Siskiyou,093,43540,1529,1429,235,1664,5
2021-03-05,Solano,095,438530,30109,29951,368,30319,168
2021-03-05,Sonoma,097,501317,28397,28417,220,28637,279
2021-03-05,Stanislaus,099,539301,51258,50606,5351,55957,721
2021-03-05,Sutter,101,95872,8900,8876,79,8955,100
2021-03-05,Tehama,103,63373,4635,4606,486,5092,33
2021-03-05,Trinity,105,12862,468,302,77,379,3
2021-03-05,Tulare,107,460477,48616,47469,8073,55542,789
2021-03-05,Tuolumne,109,53932,3871,3917,37,3954,56
2021-03-05,Ventura,111,848112,78577,78368,2769,81137,839
2021-03-05,Yolo,113,214977,12997,12920,151,13071,188
2021-03-05,Yuba,115,75493,5566,5496,86,5582,42
2021-03-04,Alameda,001,1643700,81652,81115,1706,82821,1136
2021-03-04,Alpine,002,1148,82,78,0,78,0
2021-03-04,Amador,005,37829,3488,3480,31,3511,42
2021-03-04,Butte,007,227075,11405,11033,1642,12675,185
2021-03-04,Calaveras,009,45235,1931,1896,11,1907,48
2021-03-04,Colusa,011,21464,1878,1873,265,2138,11
2021-03-04,Contra Costa,013,1133247,63847,62789,1071,63860,708
2021-03-04,Del Norte,015,27424,1038,989,5,994,5
2021-03-04,El Dorado,017,186661,9230,9133,606,9739,97
2021-03-04,Fresno,019,978130,97225,96023,7743,103766,1422
2021-03-04,Glenn,021,27897,2270,2236,494,2730,15
2021-03-04,Humboldt,023,135768,3260,3212,22,3234,31
2021-03-04,Imperial,025,180216,27321,26946,2458,29404,646
2021-03-04,Inyo,027,18085,1331,1300,9,1309,35
2021-03-04,Kern,029,883053,94017,92525,9836,102361,1070
2021-03-04,Kings,031,150075,22391,22025,973,22998,224
2021-03-04,Lake,033,64148,3225,3181,6,3187,42
2021-03-04,Lassen,035,31185,5131,5116,96,5212,1
2021-03-04,Los Angeles,037,10098052,1177392,1159405,38340,1197745,21610
2021-03-04,Madera,039,155013,15787,15596,840,16436,208
2021-03-04,Marin,041,260295,13362,13240,163,13403,215
2021-03-04,Mariposa,043,17540,378,376,5,381,4
2021-03-04,Mendocino,045,87422,3671,3569,73,3642,42
2021-03-04,Merced,047,269075,28739,28671,922,29593,396
2021-03-04,Modoc,049,8938,342,336,116,452,3
2021-03-04,Mono,051,14174,1191,1197,16,1213,3
2021-03-04,Monterey,053,433212,42109,41771,1667,43438,325
2021-03-04,Napa,055,140530,9115,9094,31,9125,74
2021-03-04,Nevada,057,99092,4089,4020,161,4181,66
2021-03-04,Orange,059,3164182,248336,246354,10190,256544,4096
2021-03-04,Placer,061,380077,20819,19900,1120,21020,239
2021-03-04,Plumas,063,18699,647,634,10,644,4
2021-03-04,Riverside,065,2383286,286683,279871,13307,293178,3766
2021-03-04,Sacramento,067,1510023,95481,93982,1266,95248,1426
2021-03-04,San Benito,069,59416,5765,5781,89,5870,61
2021-03-04,San Bernardino,071,2135413,286815,282407,8509,290916,3757
2021-03-04,San Diego,073,3302833,265830,261858,13053,274911,3359
2021-03-04,San Francisco,075,870044,34448,34480,1079,35559,426
2021-03-04,San Joaquin,077,732212,67444,65931,2765,68696,1129
2021-03-04,San Luis Obispo,079,281455,19878,19520,559,20079,243
2021-03-04,San Mateo,081,765935,39811,39225,408,39633,322
2021-03-04,Santa Barbara,083,443738,32579,32090,1034,33124,423
2021-03-04,Santa Clara,085,1922200,111476,111194,585,111779,1723
2021-03-04,Santa Cruz,087,273765,15529,14669,774,15443,186
2021-03-04,Shasta,089,179085,11024,11050,1252,12302,150
2021-03-04,Sierra,091,2930,51,48,12,60,0
2021-03-04,Siskiyou,093,43540,1522,1427,235,1662,5
2021-03-04,Solano,095,438530,30082,29905,367,30272,168
2021-03-04,Sonoma,097,501317,28342,28379,219,28598,279
2021-03-04,Stanislaus,099,539301,51171,50521,5343,55864,731
2021-03-04,Sutter,101,95872,8888,8849,79,8928,100
2021-03-04,Tehama,103,63373,4627,4604,486,5090,33
2021-03-04,Trinity,105,12862,468,302,77,379,3
2021-03-04,Tulare,107,460477,48571,47398,8048,55446,784
2021-03-04,Tuolumne,109,53932,3865,3916,37,3953,56
2021-03-04,Ventura,111,848112,78487,78184,2766,80950,831
2021-03-04,Yolo,113,214977,12977,12895,151,13046,189
2021-03-04,Yuba,115,75493,5554,5483,86,5569,41
2021-03-03,Alameda,001,1643700,81532,80972,1705,82677,1127
2021-03-03,Alpine,002,1148,82,77,0,77,0
2021-03-03,Amador,005,37829,3486,3478,30,3508,42
2021-03-03,Butte,007,227075,11397,11014,1641,12655,184
2021-03-03,Calaveras,009,45235,1930,1893,11,1904,48
2021-03-03,Colusa,011,21464,1877,1873,265,2138,11
2021-03-03,Contra Costa,013,1133247,63749,62668,1068,63736,708
2021-03-03,Del Norte,015,27424,1035,988,5,993,5
2021-03-03,El Dorado,017,186661,9220,9121,606,9727,97
2021-03-03,Fresno,019,978130,97081,95893,7726,103619,1415
2021-03-03,Glenn,021,27897,2270,2233,494,2727,15
2021-03-03,Humboldt,023,135768,3249,3196,22,3218,30
2021-03-03,Imperial,025,180216,27305,26939,2454,29393,640
2021-03-03,Inyo,027,18085,1323,1294,9,1303,35
2021-03-03,Kern,029,883053,93941,92434,9819,102253,1063
2021-03-03,Kings,031,150075,22375,22009,972,22981,223
2021-03-03,Lake,033,64148,3218,3175,6,3181,40
2021-03-03,Lassen,035,31185,5131,5115,96,5211,1
2021-03-03,Los Angeles,037,10098052,1176753,1157911,38301,1196212,21500
2021-03-03,Madera,039,155013,15768,15553,834,16387,203
2021-03-03,Marin,041,260295,13348,13216,163,13379,214
2021-03-03,Mariposa,043,17540,377,376,5,381,4
2021-03-03,Mendocino,045,87422,3663,3564,73,3637,42
2021-03-03,Merced,047,269075,28687,28625,922,29547,393
2021-03-03,Modoc,049,8938,342,333,115,448,3
2021-03-03,Mono,051,14174,1191,1191,16,1207,3
2021-03-03,Monterey,053,433212,42077,41731,1664,43395,325
2021-03-03,Napa,055,140530,9107,9090,31,9121,72
2021-03-03,Nevada,057,99092,4079,4009,161,4170,66
2021-03-03,Orange,059,3164182,248191,246120,10176,256296,4072
2021-03-03,Placer,061,380077,20793,19851,1117,20968,239
2021-03-03,Plumas,063,18699,646,631,10,641,4
2021-03-03,Riverside,065,2383286,286550,279626,13301,292927,3735
2021-03-03,Sacramento,067,1510023,95320,93819,1258,95077,1419
2021-03-03,San Benito,069,59416,5764,5774,89,5863,61
2021-03-03,San Bernardino,071,2135413,286674,282138,8503,290641,3664
2021-03-03,San Diego,073,3302833,265566,261350,13022,274372,3342
2021-03-03,San Francisco,075,870044,34416,34443,1076,35519,426
2021-03-03,San Joaquin,077,732212,67331,65855,2758,68613,1115
2021-03-03,San Luis Obispo,079,281455,19852,19479,556,20035,241
2021-03-03,San Mateo,081,765935,39765,39189,407,39596,319
2021-03-03,Santa Barbara,083,443738,32541,32027,1034,33061,421
2021-03-03,Santa Clara,085,1922200,111322,110991,583,111574,1720
2021-03-03,Santa Cruz,087,273765,15518,14645,774,15419,185
2021-03-03,Shasta,089,179085,11014,11023,1245,12268,150
2021-03-03,Sierra,091,2930,51,48,12,60,0
2021-03-03,Siskiyou,093,43540,1520,1424,235,1659,5
2021-03-03,Solano,095,438530,30046,29866,366,30232,167
2021-03-03,Sonoma,097,501317,28303,28307,218,28525,279
2021-03-03,Stanislaus,099,539301,51093,50438,5336,55774,730
2021-03-03,Sutter,101,95872,8880,8840,79,8919,99
2021-03-03,Tehama,103,63373,4625,4601,486,5087,32
2021-03-03,Trinity,105,12862,468,302,77,379,3
2021-03-03,Tulare,107,460477,48520,47348,8019,55367,778
2021-03-03,Tuolumne,109,53932,3863,3914,36,3950,56
2021-03-03,Ventura,111,848112,78403,78057,2761,80818,822
2021-03-03,Yolo,113,214977,12964,12890,151,13041,189
2021-03-03,Yuba,115,75493,5541,5479,86,5565,41
2021-03-02,Alameda,001,1643700,81410,80904,1703,82607,1116
2021-03-02,Alpine,002,1148,82,77,0,77,0
2021-03-02,Amador,005,37829,3484,3474,30,3504,42
2021-03-02,Butte,007,227075,11387,11007,1638,12645,182
2021-03-02,Calaveras,009,45235,1922,1890,11,1901,48
2021-03-02,Colusa,011,21464,1877,1872,264,2136,11
2021-03-02,Contra Costa,013,1133247,63638,62557,1064,63621,694
2021-03-02,Del Norte,015,27424,1028,983,5,988,5
2021-03-02,El Dorado,017,186661,9212,9116,606,9722,98
2021-03-02,Fresno,019,978130,96935,95785,7700,103485,1410
2021-03-02,Glenn,021,27897,2264,2232,493,2725,15
2021-03-02,Humboldt,023,135768,3230,3184,22,3206,30
2021-03-02,Imperial,025,180216,27295,26926,2452,29378,637
2021-03-02,Inyo,027,18085,1319,1292,9,1301,35
2021-03-02,Kern,029,883053,93835,92313,9792,102105,1046
2021-03-02,Kings,031,150075,22323,21999,969,22968,217
2021-03-02,Lake,033,64148,3212,3169,6,3175,40
2021-03-02,Lassen,035,31185,5126,5115,95,5210,1
2021-03-02,Los Angeles,037,10098052,1176117,1156826,38256,1195082,21395
2021-03-02,Madera,039,155013,15748,15523,831,16354,194
2021-03-02,Marin,041,260295,13325,13186,162,13348,214
2021-03-02,Mariposa,043,17540,377,376,5,381,4
2021-03-02,Mendocino,045,87422,3660,3562,72,3634,41
2021-03-02,Merced,047,269075,28630,28598,922,29520,389
2021-03-02,Modoc,049,8938,342,332,115,447,3
2021-03-02,Mono,051,14174,1190,1191,16,1207,3
2021-03-02,Monterey,053,433212,42050,41716,1664,43380,325
2021-03-02,Napa,055,140530,9096,9080,31,9111,71
2021-03-02,Nevada,057,99092,4070,3983,160,4143,66
2021-03-02,Orange,059,3164182,248046,246004,10158,256162,4037
2021-03-02,Placer,061,380077,20740,19828,1114,20942,239
2021-03-02,Plumas,063,18699,643,628,10,638,4
2021-03-02,Riverside,065,2383286,286378,279486,13293,292779,3721
2021-03-02,Sacramento,067,1510023,95153,93690,1257,94947,1411
2021-03-02,San Benito,069,59416,5757,5770,89,5859,60
2021-03-02,San Bernardino,071,2135413,286540,281919,8497,290416,3604
2021-03-02,San Diego,073,3302833,265322,260998,13000,273998,3317
2021-03-02,San Francisco,075,870044,34376,34387,1072,35459,424
2021-03-02,San Joaquin,077,732212,67223,65769,2741,68510,1111
2021-03-02,San Luis Obispo,079,281455,19820,19452,556,20008,241
2021-03-02,San Mateo,081,765935,39713,39148,406,39554,317
2021-03-02,Santa Barbara,083,443738,32492,31964,1030,32994,416
2021-03-02,Santa Clara,085,1922200,111143,110832,582,111414,1706
2021-03-02,Santa Cruz,087,273765,15504,14611,772,15383,185
2021-03-02,Shasta,089,179085,11000,11012,1234,12246,149
2021-03-02,Sierra,091,2930,51,48,12,60,0
2021-03-02,Siskiyou,093,43540,1516,1412,233,1645,5
2021-03-02,Solano,095,438530,30013,29827,364,30191,167
2021-03-02,Sonoma,097,501317,28248,28261,218,28479,279
2021-03-02,Stanislaus,099,539301,51006,50359,5324,55683,724
2021-03-02,Sutter,101,95872,8871,8832,79,8911,99
2021-03-02,Tehama,103,63373,4621,4597,485,5082,32
2021-03-02,Trinity,105,12862,468,301,77,378,3
2021-03-02,Tulare,107,460477,48457,47326,7999,55325,783
2021-03-02,Tuolumne,109,53932,3859,3908,36,3944,53
2021-03-02,Ventura,111,848112,78310,77952,2757,80709,780
2021-03-02,Yolo,113,214977,12948,12867,151,13018,189
2021-03-02,Yuba,115,75493,5533,5475,86,5561,41
2021-03-01,Alameda,001,1643700,81283,80805,1701,82506,1105
2021-03-01,Alpine,002,1148,80,77,0,77,0
2021-03-01,Amador,005,37829,3481,3469,30,3499,42
2021-03-01,Butte,007,227075,11372,10981,1634,12615,180
2021-03-01,Calaveras,009,45235,1917,1885,11,1896,46
2021-03-01,Colusa,011,21464,1876,1871,264,2135,11
2021-03-01,Contra Costa,013,1133247,63530,62458,1063,63521,694
2021-03-01,Del Norte,015,27424,1023,982,5,987,5
2021-03-01,El Dorado,017,186661,9188,9085,606,9691,98
2021-03-01,Fresno,019,978130,96797,95677,7677,103354,1405
2021-03-01,Glenn,021,27897,2259,2232,492,2724,15
2021-03-01,Humboldt,023,135768,3211,3179,22,3201,30
2021-03-01,Imperial,025,180216,27285,26913,2444,29357,636
2021-03-01,Inyo,027,18085,1316,1285,9,1294,35
2021-03-01,Kern,029,883053,93746,92219,9766,101985,1041
2021-03-01,Kings,031,150075,22306,21988,963,22951,217
2021-03-01,Lake,033,64148,3207,3164,6,3170,40
2021-03-01,Lassen,035,31185,5124,5111,95,5206,1
2021-03-01,Los Angeles,037,10098052,1175457,1155984,38216,1194200,21293
2021-03-01,Madera,039,155013,15719,15505,821,16326,194
2021-03-01,Marin,041,260295,13297,13161,161,13322,214
2021-03-01,Mariposa,043,17540,377,375,5,380,4
2021-03-01,Mendocino,045,87422,3653,3561,72,3633,41
2021-03-01,Merced,047,269075,28585,28575,918,29493,385
2021-03-01,Modoc,049,8938,339,331,114,445,3
2021-03-01,Mono,051,14174,1189,1192,16,1208,3
2021-03-01,Monterey,053,433212,42025,41697,1662,43359,324
2021-03-01,Napa,055,140530,9088,9056,31,9087,70
2021-03-01,Nevada,057,99092,4051,3979,160,4139,66
2021-03-01,Orange,059,3164182,247853,245852,10144,255996,3976
2021-03-01,Placer,061,380077,20701,19803,1111,20914,239
2021-03-01,Plumas,063,18699,643,628,10,638,4
2021-03-01,Riverside,065,2383286,286159,279323,13286,292609,3680
2021-03-01,Sacramento,067,1510023,95008,93546,1255,94801,1401
2021-03-01,San Benito,069,59416,5752,5772,89,5861,57
2021-03-01,San Bernardino,071,2135413,286396,281685,8493,290178,3603
2021-03-01,San Diego,073,3302833,265005,260622,12967,273589,3303
2021-03-01,San Francisco,075,870044,34332,34318,1064,35382,424
2021-03-01,San Joaquin,077,732212,67114,65699,2731,68430,1097
2021-03-01,San Luis Obispo,079,281455,19798,19429,554,19983,239
2021-03-01,San Mateo,081,765935,39661,39096,406,39502,314
2021-03-01,Santa Barbara,083,443738,32449,31909,1029,32938,413
2021-03-01,Santa Clara,085,1922200,110984,110684,579,111263,1704
2021-03-01,Santa Cruz,087,273765,15485,14575,771,15346,185
2021-03-01,Shasta,089,179085,10988,10990,1231,12221,149
2021-03-01,Sierra,091,2930,51,48,12,60,0
2021-03-01,Siskiyou,093,43540,1512,1408,231,1639,5
2021-03-01,Solano,095,438530,29970,29779,363,30142,166
2021-03-01,Sonoma,097,501317,28200,28222,216,28438,278
2021-03-01,Stanislaus,099,539301,50932,50293,5318,55611,722
2021-03-01,Sutter,101,95872,8860,8825,79,8904,99
2021-03-01,Tehama,103,63373,4615,4595,485,5080,32
2021-03-01,Trinity,105,12862,468,298,76,374,3
2021-03-01,Tulare,107,460477,48419,47275,7965,55240,781
2021-03-01,Tuolumne,109,53932,3856,3907,36,3943,53
2021-03-01,Ventura,111,848112,78229,77849,2756,80605,775
2021-03-01,Yolo,113,214977,12931,12854,149,13003,188
2021-03-01,Yuba,115,75493,5521,5466,86,5552,41
2021-02-28,Alameda,001,1643700,81162,80727,1699,82426,1105
2021-02-28,Alpine,002,1148,80,77,0,77,0
2021-02-28,Amador,005,37829,3476,3466,29,3495,42
2021-02-28,Butte,007,227075,11357,10970,1633,12603,180
2021-02-28,Calaveras,009,45235,1913,1881,11,1892,46
2021-02-28,Colusa,011,21464,1876,1871,263,2134,11
2021-02-28,Contra Costa,013,1133247,63403,62386,1058,63444,694
2021-02-28,Del Norte,015,27424,1021,981,5,986,5
2021-02-28,El Dorado,017,186661,9177,9082,606,9688,98
2021-02-28,Fresno,019,978130,96615,95548,7643,103191,1405
2021-02-28,Glenn,021,27897,2257,2230,490,2720,15
2021-02-28,Humboldt,023,135768,3188,3179,22,3201,30
2021-02-28,Imperial,025,180216,27259,26909,2440,29349,636
2021-02-28,Inyo,027,18085,1311,1282,9,1291,35
2021-02-28,Kern,029,883053,93631,92169,9746,101915,1012
2021-02-28,Kings,031,150075,22285,21967,962,22929,217
2021-02-28,Lake,033,64148,3202,3164,6,3170,40
2021-02-28,Lassen,035,31185,5123,5106,95,5201,1
2021-02-28,Los Angeles,037,10098052,1174669,1155141,38154,1193295,21261
2021-02-28,Madera,039,155013,15677,15496,818,16314,199
2021-02-28,Marin,041,260295,13274,13152,159,13311,214
2021-02-28,Mariposa,043,17540,377,374,5,379,4
2021-02-28,Mendocino,045,87422,3647,3558,72,3630,41
2021-02-28,Merced,047,269075,28522,28546,917,29463,384
2021-02-28,Modoc,049,8938,339,331,114,445,3
2021-02-28,Mono,051,14174,1186,1192,16,1208,3
2021-02-28,Monterey,053,433212,41993,41683,1660,43343,323
2021-02-28,Napa,055,140530,9069,9053,31,9084,70
2021-02-28,Nevada,057,99092,4038,3972,160,4132,66
2021-02-28,Orange,059,3164182,247656,245706,10137,255843,3970
2021-02-28,Placer,061,380077,20655,19775,1109,20884,239
2021-02-28,Plumas,063,18699,643,628,10,638,4
2021-02-28,Riverside,065,2383286,285926,279214,13275,292489,3661
2021-02-28,Sacramento,067,1510023,94824,93463,1250,94713,1398
2021-02-28,San Benito,069,59416,5741,5772,89,5861,57
2021-02-28,San Bernardino,071,2135413,286254,281620,8481,290101,3595
2021-02-28,San Diego,073,3302833,264708,260353,12933,273286,3303
2021-02-28,San Francisco,075,870044,34290,34291,1058,35349,417
2021-02-28,San Joaquin,077,732212,67006,65662,2722,68384,1097
2021-02-28,San Luis Obispo,079,281455,19762,19422,552,19974,237
2021-02-28,San Mateo,081,765935,39608,39059,405,39464,314
2021-02-28,Santa Barbara,083,443738,32397,31877,1029,32906,413
2021-02-28,Santa Clara,085,1922200,110785,110556,576,111132,1704
2021-02-28,Santa Cruz,087,273765,15456,14571,768,15339,185
2021-02-28,Shasta,089,179085,10967,10990,1227,12217,149
2021-02-28,Sierra,091,2930,51,48,12,60,0
2021-02-28,Siskiyou,093,43540,1504,1408,231,1639,5
2021-02-28,Solano,095,438530,29915,29758,357,30115,166
2021-02-28,Sonoma,097,501317,28137,28193,215,28408,279
2021-02-28,Stanislaus,099,539301,50841,50228,5306,55534,728
2021-02-28,Sutter,101,95872,8845,8825,79,8904,99
2021-02-28,Tehama,103,63373,4610,4590,485,5075,32
2021-02-28,Trinity,105,12862,468,298,76,374,3
2021-02-28,Tulare,107,460477,48357,47258,7934,55192,780
2021-02-28,Tuolumne,109,53932,3851,3905,36,3941,53
2021-02-28,Ventura,111,848112,78117,77749,2753,80502,775
2021-02-28,Yolo,113,214977,12908,12851,149,13000,188
2021-02-28,Yuba,115,75493,5511,5461,86,5547,41
2021-02-27,Alameda,001,1643700,81089,80565,1697,82262,1108
2021-02-27,Alpine,002,1148,80,77,0,77,0
2021-02-27,Amador,005,37829,3474,3463,29,3492,42
2021-02-27,Butte,007,227075,11345,10962,1633,12595,180
2021-02-27,Calaveras,009,45235,1908,1875,11,1886,46
2021-02-27,Colusa,011,21464,1875,1869,263,2132,11
2021-02-27,Contra Costa,013,1133247,63333,62248,1055,63303,693
2021-02-27,Del Norte,015,27424,1019,978,5,983,5
2021-02-27,El Dorado,017,186661,9173,9072,606,9678,98
2021-02-27,Fresno,019,978130,96538,95393,7632,103025,1400
2021-02-27,Glenn,021,27897,2256,2225,489,2714,15
2021-02-27,Humboldt,023,135768,3182,3167,22,3189,30
2021-02-27,Imperial,025,180216,27251,26903,2438,29341,633
2021-02-27,Inyo,027,18085,1308,1275,9,1284,35
2021-02-27,Kern,029,883053,93570,92053,9731,101784,996
2021-02-27,Kings,031,150075,22275,21955,959,22914,216
2021-02-27,Lake,033,64148,3199,3156,6,3162,40
2021-02-27,Lassen,035,31185,5123,5106,95,5201,1
2021-02-27,Los Angeles,037,10098052,1174168,1154275,38127,1192402,21158
2021-02-27,Madera,039,155013,15660,15467,817,16284,199
2021-02-27,Marin,041,260295,13250,13134,159,13293,214
2021-02-27,Mariposa,043,17540,377,374,5,379,4
2021-02-27,Mendocino,045,87422,3644,3555,72,3627,41
2021-02-27,Merced,047,269075,28480,28501,909,29410,384
2021-02-27,Modoc,049,8938,339,331,113,444,3
2021-02-27,Mono,051,14174,1184,1191,16,1207,3
2021-02-27,Monterey,053,433212,41984,41665,1659,43324,322
2021-02-27,Napa,055,140530,9058,9038,31,9069,71
2021-02-27,Nevada,057,99092,4032,3960,160,4120,66
2021-02-27,Orange,059,3164182,247529,245542,10126,255668,3960
2021-02-27,Placer,061,380077,20619,19726,1106,20832,239
2021-02-27,Plumas,063,18699,643,628,10,638,4
2021-02-27,Riverside,065,2383286,285816,279048,13265,292313,3663
2021-02-27,Sacramento,067,1510023,94741,93281,1240,94521,1396
2021-02-27,San Benito,069,59416,5740,5767,88,5855,57
2021-02-27,San Bernardino,071,2135413,286175,281471,8476,289947,3527
2021-02-27,San Diego,073,3302833,264518,260091,12895,272986,3284
2021-02-27,San Francisco,075,870044,34256,34260,1055,35315,413
2021-02-27,San Joaquin,077,732212,66960,65578,2720,68298,1100
2021-02-27,San Luis Obispo,079,281455,19741,19411,551,19962,237
2021-02-27,San Mateo,081,765935,39567,38998,404,39402,313
2021-02-27,Santa Barbara,083,443738,32363,31805,1028,32833,411
2021-02-27,Santa Clara,085,1922200,110637,110361,574,110935,1703
2021-02-27,Santa Cruz,087,273765,15447,14552,767,15319,185
2021-02-27,Shasta,089,179085,10961,10985,1223,12208,149
2021-02-27,Sierra,091,2930,51,48,12,60,0
2021-02-27,Siskiyou,093,43540,1502,1407,230,1637,5
2021-02-27,Solano,095,438530,29887,29718,356,30074,165
2021-02-27,Sonoma,097,501317,28093,28141,210,28351,281
2021-02-27,Stanislaus,099,539301,50786,50147,5296,55443,733
2021-02-27,Sutter,101,95872,8840,8820,79,8899,99
2021-02-27,Tehama,103,63373,4605,4584,484,5068,32
2021-02-27,Trinity,105,12862,468,298,76,374,3
2021-02-27,Tulare,107,460477,48320,47209,7908,55117,770
2021-02-27,Tuolumne,109,53932,3848,3899,36,3935,53
2021-02-27,Ventura,111,848112,78044,77623,2750,80373,771
2021-02-27,Yolo,113,214977,12896,12834,149,12983,188
2021-02-27,Yuba,115,75493,5508,5450,86,5536,39
2021-02-26,Alameda,001,1643700,80994,80387,1692,82079,1106
2021-02-26,Alpine,002,1148,80,77,0,77,0
2021-02-26,Amador,005,37829,3468,3457,29,3486,42
2021-02-26,Butte,007,227075,11335,10941,1633,12574,180
2021-02-26,Calaveras,009,45235,1906,1873,11,1884,46
2021-02-26,Colusa,011,21464,1875,1865,263,2128,11
2021-02-26,Contra Costa,013,1133247,63251,62114,1055,63169,685
2021-02-26,Del Norte,015,27424,1015,968,5,973,5
2021-02-26,El Dorado,017,186661,9168,9038,604,9642,98
2021-02-26,Fresno,019,978130,96436,95202,7624,102826,1391
2021-02-26,Glenn,021,27897,2253,2220,489,2709,15
2021-02-26,Humboldt,023,135768,3176,3152,22,3174,30
2021-02-26,Imperial,025,180216,27244,26888,2436,29324,631
2021-02-26,Inyo,027,18085,1306,1271,9,1280,34
2021-02-26,Kern,029,883053,93491,91884,9715,101599,997
2021-02-26,Kings,031,150075,22259,21917,956,22873,216
2021-02-26,Lake,033,64148,3194,3153,6,3159,40
2021-02-26,Lassen,035,31185,5123,5102,95,5197,1
2021-02-26,Los Angeles,037,10098052,1173591,1153131,38067,1191198,21070
2021-02-26,Madera,039,155013,15644,15436,815,16251,199
2021-02-26,Marin,041,260295,13237,13091,159,13250,214
2021-02-26,Mariposa,043,17540,377,375,5,380,4
2021-02-26,Mendocino,045,87422,3639,3549,72,3621,41
2021-02-26,Merced,047,269075,28446,28455,908,29363,382
2021-02-26,Modoc,049,8938,338,330,113,443,3
2021-02-26,Mono,051,14174,1182,1191,16,1207,3
2021-02-26,Monterey,053,433212,41958,41607,1658,43265,322
2021-02-26,Napa,055,140530,9052,9014,31,9045,70
2021-02-26,Nevada,057,99092,4021,3952,160,4112,66
2021-02-26,Orange,059,3164182,247390,245278,10116,255394,3918
2021-02-26,Placer,061,380077,20593,19712,1100,20812,239
2021-02-26,Plumas,063,18699,643,628,10,638,4
2021-02-26,Riverside,065,2383286,285672,278772,13259,292031,3653
2021-02-26,Sacramento,067,1510023,94618,93180,1237,94417,1390
2021-02-26,San Benito,069,59416,5739,5759,88,5847,57
2021-02-26,San Bernardino,071,2135413,286075,281132,8474,289606,3461
2021-02-26,San Diego,073,3302833,264290,259641,12874,272515,3271
2021-02-26,San Francisco,075,870044,34226,34213,1052,35265,413
2021-02-26,San Joaquin,077,732212,66879,65492,2714,68206,1070
2021-02-26,San Luis Obispo,079,281455,19725,19359,549,19908,234
2021-02-26,San Mateo,081,765935,39522,38922,404,39326,313
2021-02-26,Santa Barbara,083,443738,32319,31724,1027,32751,410
2021-02-26,Santa Clara,085,1922200,110505,110168,572,110740,1700
2021-02-26,Santa Cruz,087,273765,15435,14528,766,15294,185
2021-02-26,Shasta,089,179085,10954,10972,1214,12186,149
2021-02-26,Sierra,091,2930,51,47,12,59,0
2021-02-26,Siskiyou,093,43540,1502,1401,229,1630,5
2021-02-26,Solano,095,438530,29853,29651,355,30006,165
2021-02-26,Sonoma,097,501317,28064,28063,209,28272,280
2021-02-26,Stanislaus,099,539301,50730,50054,5288,55342,737
2021-02-26,Sutter,101,95872,8831,8806,79,8885,99
2021-02-26,Tehama,103,63373,4603,4581,484,5065,32
2021-02-26,Trinity,105,12862,467,298,76,374,3
2021-02-26,Tulare,107,460477,48284,47135,7879,55014,770
2021-02-26,Tuolumne,109,53932,3847,3896,36,3932,53
2021-02-26,Ventura,111,848112,77944,77534,2746,80280,765
2021-02-26,Yolo,113,214977,12889,12816,149,12965,188
2021-02-26,Yuba,115,75493,5503,5438,86,5524,39
2021-02-25,Alameda,001,1643700,80873,80181,1691,81872,1093
2021-02-25,Alpine,002,1148,80,77,0,77,0
2021-02-25,Amador,005,37829,3465,3448,29,3477,41
2021-02-25,Butte,007,227075,11314,10922,1628,12550,178
2021-02-25,Calaveras,009,45235,1898,1868,11,1879,46
2021-02-25,Colusa,011,21464,1872,1863,262,2125,11
2021-02-25,Contra Costa,013,1133247,63149,61910,1055,62965,686
2021-02-25,Del Norte,015,27424,1005,966,5,971,5
2021-02-25,El Dorado,017,186661,9152,9012,604,9616,98
2021-02-25,Fresno,019,978130,96292,95015,7604,102619,1377
2021-02-25,Glenn,021,27897,2250,2219,488,2707,15
2021-02-25,Humboldt,023,135768,3169,3129,22,3151,30
2021-02-25,Imperial,025,180216,27237,26855,2432,29287,628
2021-02-25,Inyo,027,18085,1300,1264,9,1273,33
2021-02-25,Kern,029,883053,93375,91735,9690,101425,992
2021-02-25,Kings,031,150075,22250,21900,953,22853,216
2021-02-25,Lake,033,64148,3185,3141,6,3147,40
2021-02-25,Lassen,035,31185,5122,5097,94,5191,1
2021-02-25,Los Angeles,037,10098052,1172844,1151846,38010,1189856,20931
2021-02-25,Madera,039,155013,15609,15414,811,16225,194
2021-02-25,Marin,041,260295,13214,13067,159,13226,214
2021-02-25,Mariposa,043,17540,377,375,5,380,4
2021-02-25,Mendocino,045,87422,3634,3542,72,3614,41
2021-02-25,Merced,047,269075,28397,28383,906,29289,382
2021-02-25,Modoc,049,8938,338,329,113,442,3
2021-02-25,Mono,051,14174,1181,1190,16,1206,3
2021-02-25,Monterey,053,433212,41933,41564,1653,43217,321
2021-02-25,Napa,055,140530,9026,8998,31,9029,70
2021-02-25,Nevada,057,99092,4004,3940,159,4099,66
2021-02-25,Orange,059,3164182,247217,245000,10106,255106,3882
2021-02-25,Placer,061,380077,20554,19661,1098,20759,239
2021-02-25,Plumas,063,18699,643,626,10,636,4
2021-02-25,Riverside,065,2383286,285484,278544,13239,291783,3646
2021-02-25,Sacramento,067,1510023,94460,92961,1225,94186,1386
2021-02-25,San Benito,069,59416,5734,5752,88,5840,58
2021-02-25,San Bernardino,071,2135413,285940,280946,8466,289412,3409
2021-02-25,San Diego,073,3302833,263996,258979,12844,271823,3260
2021-02-25,San Francisco,075,870044,34183,34138,1050,35188,408
2021-02-25,San Joaquin,077,732212,66795,65389,2702,68091,1047
2021-02-25,San Luis Obispo,079,281455,19704,19335,547,19882,234
2021-02-25,San Mateo,081,765935,39475,38872,404,39276,300
2021-02-25,Santa Barbara,083,443738,32242,31631,1026,32657,408
2021-02-25,Santa Clara,085,1922200,110340,109923,571,110494,1677
2021-02-25,Santa Cruz,087,273765,15416,14492,765,15257,185
2021-02-25,Shasta,089,179085,10942,10947,1209,12156,148
2021-02-25,Sierra,091,2930,51,47,12,59,0
2021-02-25,Siskiyou,093,43540,1497,1390,226,1616,4
2021-02-25,Solano,095,438530,29821,29616,355,29971,161
2021-02-25,Sonoma,097,501317,28010,28004,206,28210,278
2021-02-25,Stanislaus,099,539301,50639,49964,5278,55242,738
2021-02-25,Sutter,101,95872,8817,8789,78,8867,99
2021-02-25,Tehama,103,63373,4600,4578,482,5060,32
2021-02-25,Trinity,105,12862,467,297,76,373,3
2021-02-25,Tulare,107,460477,48234,47052,7853,54905,765
2021-02-25,Tuolumne,109,53932,3844,3894,36,3930,53
2021-02-25,Ventura,111,848112,77836,77395,2740,80135,751
2021-02-25,Yolo,113,214977,12872,12787,149,12936,188
2021-02-25,Yuba,115,75493,5496,5429,86,5515,39
2021-02-24,Alameda,001,1643700,80753,80070,1687,81757,1082
2021-02-24,Alpine,002,1148,79,77,0,77,0
2021-02-24,Amador,005,37829,3460,3444,29,3473,41
2021-02-24,Butte,007,227075,11301,10915,1624,12539,178
2021-02-24,Calaveras,009,45235,1894,1864,11,1875,31
2021-02-24,Colusa,011,21464,1870,1863,262,2125,11
2021-02-24,Contra Costa,013,1133247,63041,61776,1055,62831,663
2021-02-24,Del Norte,015,27424,1004,960,4,964,5
2021-02-24,El Dorado,017,186661,9139,8993,604,9597,98
2021-02-24,Fresno,019,978130,96143,94794,7588,102382,1369
2021-02-24,Glenn,021,27897,2249,2210,488,2698,14
2021-02-24,Humboldt,023,135768,3157,3123,22,3145,29
2021-02-24,Imperial,025,180216,27224,26843,2427,29270,596
2021-02-24,Inyo,027,18085,1295,1253,9,1262,32
2021-02-24,Kern,029,883053,93242,91525,9674,101199,992
2021-02-24,Kings,031,150075,22225,21871,951,22822,216
2021-02-24,Lake,033,64148,3178,3134,6,3140,40
2021-02-24,Lassen,035,31185,5118,5095,93,5188,1
2021-02-24,Los Angeles,037,10098052,1172084,1150322,37971,1188293,20817
2021-02-24,Madera,039,155013,15582,15390,811,16201,194
2021-02-24,Marin,041,260295,13191,13044,158,13202,214
2021-02-24,Mariposa,043,17540,377,374,5,379,4
2021-02-24,Mendocino,045,87422,3627,3540,72,3612,41
2021-02-24,Merced,047,269075,28359,28295,902,29197,383
2021-02-24,Modoc,049,8938,337,329,113,442,3
2021-02-24,Mono,051,14174,1179,1189,16,1205,3
2021-02-24,Monterey,053,433212,41908,41495,1651,43146,320
2021-02-24,Napa,055,140530,9009,8976,31,9007,70
2021-02-24,Nevada,057,99092,3994,3927,159,4086,66
2021-02-24,Orange,059,3164182,246998,244743,10093,254836,3835
2021-02-24,Placer,061,380077,20515,19648,1092,20740,239
2021-02-24,Plumas,063,18699,641,626,10,636,4
2021-02-24,Riverside,065,2383286,285256,278293,13230,291523,3603
2021-02-24,Sacramento,067,1510023,94306,92742,1220,93962,1375
2021-02-24,San Benito,069,59416,5733,5743,88,5831,57
2021-02-24,San Bernardino,071,2135413,285788,280583,8462,289045,3360
2021-02-24,San Diego,073,3302833,263700,258460,12828,271288,3230
2021-02-24,San Francisco,075,870044,34137,34061,1047,35108,406
2021-02-24,San Joaquin,077,732212,66685,65274,2700,67974,1019
2021-02-24,San Luis Obispo,079,281455,19681,19309,545,19854,233
2021-02-24,San Mateo,081,765935,39438,38763,404,39167,300
2021-02-24,Santa Barbara,083,443738,32190,31563,1023,32586,405
2021-02-24,Santa Clara,085,1922200,110191,109671,570,110241,1674
2021-02-24,Santa Cruz,087,273765,15395,14458,765,15223,185
2021-02-24,Shasta,089,179085,10929,10922,1206,12128,148
2021-02-24,Sierra,091,2930,51,47,12,59,0
2021-02-24,Siskiyou,093,43540,1490,1385,222,1607,4
2021-02-24,Solano,095,438530,29782,29577,353,29930,158
2021-02-24,Sonoma,097,501317,27946,27954,202,28156,278
2021-02-24,Stanislaus,099,539301,50568,49851,5271,55122,732
2021-02-24,Sutter,101,95872,8807,8778,78,8856,99
2021-02-24,Tehama,103,63373,4597,4566,482,5048,31
2021-02-24,Trinity,105,12862,467,294,75,369,3
2021-02-24,Tulare,107,460477,48178,46976,7825,54801,759
2021-02-24,Tuolumne,109,53932,3841,3887,36,3923,53
2021-02-24,Ventura,111,848112,77728,77238,2739,79977,718
2021-02-24,Yolo,113,214977,12859,12760,149,12909,188
2021-02-24,Yuba,115,75493,5485,5425,84,5509,39
2021-02-23,Alameda,001,1643700,80614,79948,1685,81633,1070
2021-02-23,Alpine,002,1148,78,77,0,77,0
2021-02-23,Amador,005,37829,3458,3440,29,3469,41
2021-02-23,Butte,007,227075,11285,10887,1621,12508,176
2021-02-23,Calaveras,009,45235,1893,1863,11,1874,21
2021-02-23,Colusa,011,21464,1867,1862,262,2124,11
2021-02-23,Contra Costa,013,1133247,62907,61613,1052,62665,661
2021-02-23,Del Norte,015,27424,1002,953,4,957,3
2021-02-23,El Dorado,017,186661,9126,8969,604,9573,96
2021-02-23,Fresno,019,978130,95982,94741,7574,102315,1356
2021-02-23,Glenn,021,27897,2247,2209,488,2697,14
2021-02-23,Humboldt,023,135768,3140,3108,22,3130,29
2021-02-23,Imperial,025,180216,27204,26816,2422,29238,591
2021-02-23,Inyo,027,18085,1291,1250,9,1259,32
2021-02-23,Kern,029,883053,93103,91390,9646,101036,982
2021-02-23,Kings,031,150075,22210,21839,947,22786,216
2021-02-23,Lake,033,64148,3170,3121,6,3127,40
2021-02-23,Lassen,035,31185,5115,5092,93,5185,1
2021-02-23,Los Angeles,037,10098052,1171210,1148965,37919,1186884,19887
2021-02-23,Madera,039,155013,15568,15352,805,16157,193
2021-02-23,Marin,041,260295,13171,13015,157,13172,214
2021-02-23,Mariposa,043,17540,377,374,5,379,4
2021-02-23,Mendocino,045,87422,3625,3540,71,3611,41
2021-02-23,Merced,047,269075,28279,28209,895,29104,381
2021-02-23,Modoc,049,8938,336,328,112,440,3
2021-02-23,Mono,051,14174,1179,1189,16,1205,3
2021-02-23,Monterey,053,433212,41869,41439,1646,43085,317
2021-02-23,Napa,055,140530,8997,8967,31,8998,70
2021-02-23,Nevada,057,99092,3986,3912,159,4071,66
2021-02-23,Orange,059,3164182,246800,244566,10075,254641,3843
2021-02-23,Placer,061,380077,20490,19608,1088,20696,238
2021-02-23,Plumas,063,18699,640,626,10,636,4
2021-02-23,Riverside,065,2383286,285019,278075,13216,291291,3599
2021-02-23,Sacramento,067,1510023,94149,92632,1214,93846,1370
2021-02-23,San Benito,069,59416,5727,5731,87,5818,57
2021-02-23,San Bernardino,071,2135413,285600,280279,8457,288736,3283
2021-02-23,San Diego,073,3302833,263323,257802,12798,270600,3218
2021-02-23,San Francisco,075,870044,34088,33994,1046,35040,405
2021-02-23,San Joaquin,077,732212,66585,65141,2693,67834,1004
2021-02-23,San Luis Obispo,079,281455,19652,19233,544,19777,230
2021-02-23,San Mateo,081,765935,39377,38662,404,39066,299
2021-02-23,Santa Barbara,083,443738,32135,31483,1022,32505,402
2021-02-23,Santa Clara,085,1922200,109994,109449,567,110016,1661
2021-02-23,Santa Cruz,087,273765,15366,14435,763,15198,178
2021-02-23,Shasta,089,179085,10917,10903,1202,12105,146
2021-02-23,Sierra,091,2930,51,47,12,59,0
2021-02-23,Siskiyou,093,43540,1485,1380,220,1600,4
2021-02-23,Solano,095,438530,29742,29545,350,29895,154
2021-02-23,Sonoma,097,501317,27903,27882,199,28081,278
2021-02-23,Stanislaus,099,539301,50490,49749,5255,55004,722
2021-02-23,Sutter,101,95872,8794,8766,78,8844,98
2021-02-23,Tehama,103,63373,4591,4556,481,5037,30
2021-02-23,Trinity,105,12862,467,292,74,366,3
2021-02-23,Tulare,107,460477,48100,46937,7792,54729,757
2021-02-23,Tuolumne,109,53932,3837,3864,36,3900,53
2021-02-23,Ventura,111,848112,77612,77093,2730,79823,689
2021-02-23,Yolo,113,214977,12830,12729,149,12878,188
2021-02-23,Yuba,115,75493,5472,5417,83,5500,38
2021-02-22,Alameda,001,1643700,80463,79796,1681,81477,1062
2021-02-22,Alpine,002,1148,78,77,0,77,0
2021-02-22,Amador,005,37829,3453,3438,29,3467,39
2021-02-22,Butte,007,227075,11272,10855,1616,12471,176
2021-02-22,Calaveras,009,45235,1891,1862,11,1873,21
2021-02-22,Colusa,011,21464,1867,1860,262,2122,11
2021-02-22,Contra Costa,013,1133247,62779,61478,1051,62529,661
2021-02-22,Del Norte,015,27424,1001,948,4,952,3
2021-02-22,El Dorado,017,186661,9109,8940,604,9544,96
2021-02-22,Fresno,019,978130,95820,94584,7557,102141,1351
2021-02-22,Glenn,021,27897,2242,2207,486,2693,14
2021-02-22,Humboldt,023,135768,3128,3095,22,3117,29
2021-02-22,Imperial,025,180216,27182,26778,2415,29193,590
2021-02-22,Inyo,027,18085,1286,1248,9,1257,32
2021-02-22,Kern,029,883053,92986,91201,9624,100825,982
2021-02-22,Kings,031,150075,22187,21801,944,22745,214
2021-02-22,Lake,033,64148,3164,3107,6,3113,40
2021-02-22,Lassen,035,31185,5115,5088,92,5180,1
2021-02-22,Los Angeles,037,10098052,1170350,1147541,37863,1185404,19730
2021-02-22,Madera,039,155013,15543,15325,801,16126,193
2021-02-22,Marin,041,260295,13146,12991,154,13145,213
2021-02-22,Mariposa,043,17540,376,374,5,379,4
2021-02-22,Mendocino,045,87422,3619,3535,71,3606,41
2021-02-22,Merced,047,269075,28216,28166,892,29058,379
2021-02-22,Modoc,049,8938,336,329,112,441,3
2021-02-22,Mono,051,14174,1175,1189,16,1205,3
2021-02-22,Monterey,053,433212,41824,41397,1640,43037,311
2021-02-22,Napa,055,140530,8970,8950,31,8981,69
2021-02-22,Nevada,057,99092,3977,3900,157,4057,66
2021-02-22,Orange,059,3164182,246564,244118,10057,254175,3843
2021-02-22,Placer,061,380077,20453,19587,1080,20667,238
2021-02-22,Plumas,063,18699,640,625,10,635,4
2021-02-22,Riverside,065,2383286,284757,277730,13208,290938,3567
2021-02-22,Sacramento,067,1510023,93982,92476,1204,93680,1359
2021-02-22,San Benito,069,59416,5725,5723,87,5810,57
2021-02-22,San Bernardino,071,2135413,285423,279984,8444,288428,3259
2021-02-22,San Diego,073,3302833,262913,257348,12765,270113,3189
2021-02-22,San Francisco,075,870044,34028,33947,1041,34988,405
2021-02-22,San Joaquin,077,732212,66489,65060,2680,67740,1001
2021-02-22,San Luis Obispo,079,281455,19615,19198,542,19740,229
2021-02-22,San Mateo,081,765935,39320,38542,401,38943,282
2021-02-22,Santa Barbara,083,443738,32069,31421,1019,32440,399
2021-02-22,Santa Clara,085,1922200,109785,109213,556,109769,1655
2021-02-22,Santa Cruz,087,273765,15340,14417,763,15180,176
2021-02-22,Shasta,089,179085,10902,10872,1197,12069,145
2021-02-22,Sierra,091,2930,51,47,12,59,0
2021-02-22,Siskiyou,093,43540,1479,1373,219,1592,4
2021-02-22,Solano,095,438530,29703,29508,349,29857,150
2021-02-22,Sonoma,097,501317,27858,27845,198,28043,278
2021-02-22,Stanislaus,099,539301,50388,49630,5237,54867,722
2021-02-22,Sutter,101,95872,8786,8698,78,8776,98
2021-02-22,Tehama,103,63373,4588,4550,480,5030,30
2021-02-22,Trinity,105,12862,467,287,73,360,3
2021-02-22,Tulare,107,460477,48038,46879,7760,54639,751
2021-02-22,Tuolumne,109,53932,3833,3856,36,3892,53
2021-02-22,Ventura,111,848112,77484,76947,2725,79672,677
2021-02-22,Yolo,113,214977,12803,12689,149,12838,183
2021-02-22,Yuba,115,75493,5469,5404,82,5486,38
2021-02-21,Alameda,001,1643700,80269,79649,1677,81326,1061
2021-02-21,Alpine,002,1148,78,77,0,77,0
2021-02-21,Amador,005,37829,3445,3435,29,3464,39
2021-02-21,Butte,007,227075,11254,10855,1614,12469,176
2021-02-21,Calaveras,009,45235,1890,1860,11,1871,21
2021-02-21,Colusa,011,21464,1866,1860,258,2118,11
2021-02-21,Contra Costa,013,1133247,62624,61364,1048,62412,661
2021-02-21,Del Norte,015,27424,995,942,4,946,3
2021-02-21,El Dorado,017,186661,9091,8927,603,9530,96
2021-02-21,Fresno,019,978130,95677,94374,7541,101915,1349
2021-02-21,Glenn,021,27897,2240,2201,484,2685,14
2021-02-21,Humboldt,023,135768,3116,3096,22,3118,29
2021-02-21,Imperial,025,180216,27168,26779,2413,29192,590
2021-02-21,Inyo,027,18085,1280,1232,9,1241,32
2021-02-21,Kern,029,883053,92861,91141,9586,100727,980
2021-02-21,Kings,031,150075,22151,21784,942,22726,213
2021-02-21,Lake,033,64148,3156,3100,6,3106,40
2021-02-21,Lassen,035,31185,5107,5077,92,5169,1
2021-02-21,Los Angeles,037,10098052,1169308,1146756,37819,1184575,19711
2021-02-21,Madera,039,155013,15510,15298,798,16096,192
2021-02-21,Marin,041,260295,13117,12968,154,13122,212
2021-02-21,Mariposa,043,17540,376,373,5,378,4
2021-02-21,Mendocino,045,87422,3614,3535,71,3606,41
2021-02-21,Merced,047,269075,28142,28106,877,28983,379
2021-02-21,Modoc,049,8938,333,329,112,441,3
2021-02-21,Mono,051,14174,1175,1189,16,1205,3
2021-02-21,Monterey,053,433212,41768,41373,1633,43006,309
2021-02-21,Napa,055,140530,8956,8929,31,8960,69
2021-02-21,Nevada,057,99092,3964,3895,157,4052,66
2021-02-21,Orange,059,3164182,246267,243985,10040,254025,3801
2021-02-21,Placer,061,380077,20417,19553,1076,20629,238
2021-02-21,Plumas,063,18699,640,625,10,635,4
2021-02-21,Riverside,065,2383286,284524,277555,13195,290750,3564
2021-02-21,Sacramento,067,1510023,93772,92288,1194,93482,1354
2021-02-21,San Benito,069,59416,5715,5716,84,5800,57
2021-02-21,San Bernardino,071,2135413,285199,279870,8430,288300,3247
2021-02-21,San Diego,073,3302833,262479,257027,12719,269746,3190
2021-02-21,San Francisco,075,870044,33964,33891,1037,34928,405
2021-02-21,San Joaquin,077,732212,66350,64997,2668,67665,1001
2021-02-21,San Luis Obispo,079,281455,19582,19178,540,19718,229
2021-02-21,San Mateo,081,765935,39258,38448,397,38845,282
2021-02-21,Santa Barbara,083,443738,32007,31374,1016,32390,399
2021-02-21,Santa Clara,085,1922200,109561,108992,548,109540,1654
2021-02-21,Santa Cruz,087,273765,15317,14401,762,15163,176
2021-02-21,Shasta,089,179085,10888,10867,1192,12059,145
2021-02-21,Sierra,091,2930,51,47,12,59,0
2021-02-21,Siskiyou,093,43540,1473,1371,219,1590,4
2021-02-21,Solano,095,438530,29648,29471,348,29819,150
2021-02-21,Sonoma,097,501317,27794,27793,191,27984,278
2021-02-21,Stanislaus,099,539301,50275,49527,5223,54750,726
2021-02-21,Sutter,101,95872,8769,8687,77,8764,97
2021-02-21,Tehama,103,63373,4579,4547,480,5027,30
2021-02-21,Trinity,105,12862,465,286,73,359,3
2021-02-21,Tulare,107,460477,47970,46830,7725,54555,749
2021-02-21,Tuolumne,109,53932,3819,3828,36,3864,53
2021-02-21,Ventura,111,848112,77335,76862,2712,79574,677
2021-02-21,Yolo,113,214977,12772,12670,148,12818,183
2021-02-21,Yuba,115,75493,5461,5396,81,5477,38
2021-02-20,Alameda,001,1643700,80178,79496,1672,81168,1055
2021-02-20,Alpine,002,1148,78,77,0,77,0
2021-02-20,Amador,005,37829,3443,3432,29,3461,39
2021-02-20,Butte,007,227075,11246,10838,1613,12451,176
2021-02-20,Calaveras,009,45235,1889,1858,11,1869,21
2021-02-20,Colusa,011,21464,1865,1858,258,2116,11
2021-02-20,Contra Costa,013,1133247,62540,61205,1046,62251,663
2021-02-20,Del Norte,015,27424,991,937,4,941,3
2021-02-20,El Dorado,017,186661,9081,8911,602,9513,96
2021-02-20,Fresno,019,978130,95594,94234,7521,101755,1341
2021-02-20,Glenn,021,27897,2236,2199,483,2682,14
2021-02-20,Humboldt,023,135768,3108,3073,22,3095,29
2021-02-20,Imperial,025,180216,27158,26771,2413,29184,590
2021-02-20,Inyo,027,18085,1276,1226,9,1235,32
2021-02-20,Kern,029,883053,92790,91025,9554,100579,968
2021-02-20,Kings,031,150075,22133,21773,941,22714,212
2021-02-20,Lake,033,64148,3149,3089,6,3095,40
2021-02-20,Lassen,035,31185,5105,5067,92,5159,1
2021-02-20,Los Angeles,037,10098052,1168738,1145594,37779,1183373,19630
2021-02-20,Madera,039,155013,15490,15274,797,16071,191
2021-02-20,Marin,041,260295,13096,12945,152,13097,211
2021-02-20,Mariposa,043,17540,376,372,5,377,4
2021-02-20,Mendocino,045,87422,3612,3533,71,3604,40
2021-02-20,Merced,047,269075,28099,28066,874,28940,379
2021-02-20,Modoc,049,8938,333,328,112,440,3
2021-02-20,Mono,051,14174,1174,1187,16,1203,3
2021-02-20,Monterey,053,433212,41746,41313,1631,42944,309
2021-02-20,Napa,055,140530,8947,8910,31,8941,69
2021-02-20,Nevada,057,99092,3954,3887,156,4043,66
2021-02-20,Orange,059,3164182,246098,243761,10026,253787,3755
2021-02-20,Placer,061,380077,20376,19509,1072,20581,236
2021-02-20,Plumas,063,18699,640,626,10,636,4
2021-02-20,Riverside,065,2383286,284370,277267,13186,290453,3559
2021-02-20,Sacramento,067,1510023,93649,92057,1192,93249,1352
2021-02-20,San Benito,069,59416,5704,5709,84,5793,57
2021-02-20,San Bernardino,071,2135413,285097,279608,8425,288033,3203
2021-02-20,San Diego,073,3302833,262237,256510,12690,269200,3188
2021-02-20,San Francisco,075,870044,33922,33820,1029,34849,399
2021-02-20,San Joaquin,077,732212,66280,64916,2663,67579,1001
2021-02-20,San Luis Obispo,079,281455,19558,19138,539,19677,229
2021-02-20,San Mateo,081,765935,39214,38371,396,38767,282
2021-02-20,Santa Barbara,083,443738,31973,31289,1015,32304,396
2021-02-20,Santa Clara,085,1922200,109383,108728,545,109273,1649
2021-02-20,Santa Cruz,087,273765,15306,14378,760,15138,176
2021-02-20,Shasta,089,179085,10874,10850,1187,12037,146
2021-02-20,Sierra,091,2930,51,47,12,59,0
2021-02-20,Siskiyou,093,43540,1470,1366,219,1585,4
2021-02-20,Solano,095,438530,29634,29440,346,29786,150
2021-02-20,Sonoma,097,501317,27765,27703,189,27892,278
2021-02-20,Stanislaus,099,539301,50224,49445,5209,54654,733
2021-02-20,Sutter,101,95872,8763,8681,77,8758,97
2021-02-20,Tehama,103,63373,4574,4545,480,5025,30
2021-02-20,Trinity,105,12862,464,285,72,357,3
2021-02-20,Tulare,107,460477,47934,46769,7703,54472,739
2021-02-20,Tuolumne,109,53932,3814,3823,36,3859,53
2021-02-20,Ventura,111,848112,77240,76757,2709,79466,671
2021-02-20,Yolo,113,214977,12758,12639,148,12787,183
2021-02-20,Yuba,115,75493,5458,5386,81,5467,38
2021-02-19,Alameda,001,1643700,80078,79318,1668,80986,1047
2021-02-19,Alpine,002,1148,78,77,0,77,0
2021-02-19,Amador,005,37829,3439,3427,29,3456,39
2021-02-19,Butte,007,227075,11232,10823,1606,12429,176
2021-02-19,Calaveras,009,45235,1888,1856,11,1867,21
2021-02-19,Colusa,011,21464,1865,1858,258,2116,11
2021-02-19,Contra Costa,013,1133247,62428,61017,1043,62060,651
2021-02-19,Del Norte,015,27424,986,932,4,936,2
2021-02-19,El Dorado,017,186661,9072,8882,601,9483,96
2021-02-19,Fresno,019,978130,95464,93973,7505,101478,1330
2021-02-19,Glenn,021,27897,2231,2199,482,2681,14
2021-02-19,Humboldt,023,135768,3096,3037,22,3059,29
2021-02-19,Imperial,025,180216,27152,26751,2410,29161,589
2021-02-19,Inyo,027,18085,1271,1212,9,1221,32
2021-02-19,Kern,029,883053,92721,90807,9514,100321,963
2021-02-19,Kings,031,150075,22119,21724,939,22663,211
2021-02-19,Lake,033,64148,3143,3078,6,3084,40
2021-02-19,Lassen,035,31185,5104,5057,92,5149,1
2021-02-19,Los Angeles,037,10098052,1167987,1143828,37739,1181567,19498
2021-02-19,Madera,039,155013,15473,15222,795,16017,188
2021-02-19,Marin,041,260295,13078,12919,151,13070,210
2021-02-19,Mariposa,043,17540,376,371,5,376,4
2021-02-19,Mendocino,045,87422,3610,3526,71,3597,39
2021-02-19,Merced,047,269075,28069,27985,871,28856,376
2021-02-19,Modoc,049,8938,333,328,112,440,3
2021-02-19,Mono,051,14174,1174,1186,16,1202,3
2021-02-19,Monterey,053,433212,41719,41209,1627,42836,309
2021-02-19,Napa,055,140530,8934,8899,31,8930,69
2021-02-19,Nevada,057,99092,3948,3863,156,4019,66
2021-02-19,Orange,059,3164182,245922,243397,10014,253411,3715
2021-02-19,Placer,061,380077,20354,19457,1072,20529,236
2021-02-19,Plumas,063,18699,638,624,10,634,4
2021-02-19,Riverside,065,2383286,284201,276941,13169,290110,3541
2021-02-19,Sacramento,067,1510023,93529,91815,1188,93003,1351
2021-02-19,San Benito,069,59416,5699,5699,84,5783,57
2021-02-19,San Bernardino,071,2135413,284961,279209,8420,287629,3117
2021-02-19,San Diego,073,3302833,261946,255799,12667,268466,3169
2021-02-19,San Francisco,075,870044,33874,33746,1023,34769,387
2021-02-19,San Joaquin,077,732212,66204,64774,2655,67429,988
2021-02-19,San Luis Obispo,079,281455,19527,19061,537,19598,230
2021-02-19,San Mateo,081,765935,39156,38256,394,38650,282
2021-02-19,Santa Barbara,083,443738,31909,31204,1014,32218,392
2021-02-19,Santa Clara,085,1922200,109171,108400,543,108943,1634
2021-02-19,Santa Cruz,087,273765,15291,14354,760,15114,176
2021-02-19,Shasta,089,179085,10863,10833,1184,12017,140
2021-02-19,Sierra,091,2930,51,47,12,59,0
2021-02-19,Siskiyou,093,43540,1466,1363,217,1580,4
2021-02-19,Solano,095,438530,29609,29383,345,29728,150
2021-02-19,Sonoma,097,501317,27718,27595,187,27782,280
2021-02-19,Stanislaus,099,539301,50162,49282,5193,54475,739
2021-02-19,Sutter,101,95872,8753,8665,77,8742,96
2021-02-19,Tehama,103,63373,4572,4535,480,5015,30
2021-02-19,Trinity,105,12862,462,282,70,352,3
2021-02-19,Tulare,107,460477,47889,46662,7678,54340,736
2021-02-19,Tuolumne,109,53932,3807,3817,36,3853,52
2021-02-19,Ventura,111,848112,77161,76582,2706,79288,667
2021-02-19,Yolo,113,214977,12742,12606,148,12754,183
2021-02-19,Yuba,115,75493,5448,5376,81,5457,38
2021-02-18,Alameda,001,1643700,79944,79111,1661,80772,1012
2021-02-18,Alpine,002,1148,78,77,0,77,0
2021-02-18,Amador,005,37829,3435,3417,28,3445,38
2021-02-18,Butte,007,227075,11215,10791,1604,12395,175
2021-02-18,Calaveras,009,45235,1883,1873,11,1884,21
2021-02-18,Colusa,011,21464,1863,1856,256,2112,11
2021-02-18,Contra Costa,013,1133247,62314,60868,1041,61909,640
2021-02-18,Del Norte,015,27424,981,929,4,933,2
2021-02-18,El Dorado,017,186661,9057,8850,600,9450,94
2021-02-18,Fresno,019,978130,95295,93734,7480,101214,1323
2021-02-18,Glenn,021,27897,2225,2195,482,2677,14
2021-02-18,Humboldt,023,135768,3084,3023,22,3045,29
2021-02-18,Imperial,025,180216,27126,26731,2403,29134,591
2021-02-18,Inyo,027,18085,1267,1213,8,1221,32
2021-02-18,Kern,029,883053,92567,90655,9484,100139,961
2021-02-18,Kings,031,150075,22095,21648,938,22586,211
2021-02-18,Lake,033,64148,3138,3066,6,3072,40
2021-02-18,Lassen,035,31185,5095,5052,92,5144,1
2021-02-18,Los Angeles,037,10098052,1167035,1141930,37676,1179606,19358
2021-02-18,Madera,039,155013,15451,15175,790,15965,188
2021-02-18,Marin,041,260295,13065,12895,150,13045,209
2021-02-18,Mariposa,043,17540,375,369,5,374,4
2021-02-18,Mendocino,045,87422,3607,3519,70,3589,39
2021-02-18,Merced,047,269075,28020,27870,865,28735,372
2021-02-18,Modoc,049,8938,331,327,111,438,3
2021-02-18,Mono,051,14174,1174,1182,16,1198,3
2021-02-18,Monterey,053,433212,41661,41091,1618,42709,307
2021-02-18,Napa,055,140530,8917,8877,31,8908,68
2021-02-18,Nevada,057,99092,3939,3836,155,3991,66
2021-02-18,Orange,059,3164182,245699,243098,9997,253095,3673
2021-02-18,Placer,061,380077,20327,19429,1071,20500,232
2021-02-18,Plumas,063,18699,638,624,10,634,4
2021-02-18,Riverside,065,2383286,283913,276595,13148,289743,3510
2021-02-18,Sacramento,067,1510023,93367,91476,1182,92658,1334
2021-02-18,San Benito,069,59416,5696,5697,83,5780,58
2021-02-18,San Bernardino,071,2135413,284752,278887,8406,287293,3066
2021-02-18,San Diego,073,3302833,261591,254987,12644,267631,3135
2021-02-18,San Francisco,075,870044,33816,33650,1020,34670,386
2021-02-18,San Joaquin,077,732212,66121,64634,2645,67279,982
2021-02-18,San Luis Obispo,079,281455,19485,18987,534,19521,230
2021-02-18,San Mateo,081,765935,39094,38185,390,38575,282
2021-02-18,Santa Barbara,083,443738,31831,31054,1007,32061,387
2021-02-18,Santa Clara,085,1922200,108946,108210,540,108750,1605
2021-02-18,Santa Cruz,087,273765,15265,14314,760,15074,176
2021-02-18,Shasta,089,179085,10845,10811,1181,11992,139
2021-02-18,Sierra,091,2930,50,47,12,59,0
2021-02-18,Siskiyou,093,43540,1461,1359,216,1575,4
2021-02-18,Solano,095,438530,29583,29349,344,29693,150
2021-02-18,Sonoma,097,501317,27651,27512,186,27698,281
2021-02-18,Stanislaus,099,539301,50062,49150,5176,54326,738
2021-02-18,Sutter,101,95872,8745,8654,77,8731,96
2021-02-18,Tehama,103,63373,4569,4528,480,5008,30
2021-02-18,Trinity,105,12862,461,282,70,352,3
2021-02-18,Tulare,107,460477,47826,46591,7639,54230,728
2021-02-18,Tuolumne,109,53932,3770,3811,36,3847,52
2021-02-18,Ventura,111,848112,77029,76442,2698,79140,659
2021-02-18,Yolo,113,214977,12716,12549,148,12697,183
2021-02-18,Yuba,115,75493,5431,5358,81,5439,38
2021-02-17,Alameda,001,1643700,79782,78895,1659,80554,1002
2021-02-17,Alpine,002,1148,78,77,0,77,0
2021-02-17,Amador,005,37829,3431,3415,28,3443,38
2021-02-17,Butte,007,227075,11197,10770,1600,12370,174
2021-02-17,Calaveras,009,45235,1883,1876,11,1887,21
2021-02-17,Colusa,011,21464,1860,1854,256,2110,10
2021-02-17,Contra Costa,013,1133247,62176,60723,1038,61761,635
2021-02-17,Del Norte,015,27424,974,920,4,924,2
2021-02-17,El Dorado,017,186661,9046,8847,600,9447,94
2021-02-17,Fresno,019,978130,95156,93555,7453,101008,1307
2021-02-17,Glenn,021,27897,2224,2189,481,2670,14
2021-02-17,Humboldt,023,135768,3069,3006,22,3028,29
2021-02-17,Imperial,025,180216,27112,26726,2399,29125,580
2021-02-17,Inyo,027,18085,1259,1197,8,1205,32
2021-02-17,Kern,029,883053,92449,90454,9440,99894,962
2021-02-17,Kings,031,150075,22057,21617,934,22551,211
2021-02-17,Lake,033,64148,3128,3057,2,3059,38
2021-02-17,Lassen,035,31185,5090,5052,91,5143,1
2021-02-17,Los Angeles,037,10098052,1165980,1139786,37615,1177401,19213
2021-02-17,Madera,039,155013,15426,15135,781,15916,177
2021-02-17,Marin,041,260295,13040,12881,150,13031,207
2021-02-17,Mariposa,043,17540,375,368,4,372,4
2021-02-17,Mendocino,045,87422,3605,3494,69,3563,39
2021-02-17,Merced,047,269075,27965,27824,856,28680,372
2021-02-17,Modoc,049,8938,331,327,111,438,3
2021-02-17,Mono,051,14174,1174,1180,16,1196,3
2021-02-17,Monterey,053,433212,41606,41014,1607,42621,304
2021-02-17,Napa,055,140530,8903,8865,31,8896,68
2021-02-17,Nevada,057,99092,3920,3822,152,3974,52
2021-02-17,Orange,059,3164182,245438,242716,9964,252680,3626
2021-02-17,Placer,061,380077,20293,19405,1067,20472,230
2021-02-17,Plumas,063,18699,637,623,10,633,4
2021-02-17,Riverside,065,2383286,283625,276289,13127,289416,3491
2021-02-17,Sacramento,067,1510023,93208,91309,1175,92484,1326
2021-02-17,San Benito,069,59416,5690,5661,83,5744,57
2021-02-17,San Bernardino,071,2135413,284549,278461,8386,286847,3020
2021-02-17,San Diego,073,3302833,261213,254177,12623,266800,3099
2021-02-17,San Francisco,075,870044,33740,33558,1015,34573,379
2021-02-17,San Joaquin,077,732212,66015,64556,2639,67195,979
2021-02-17,San Luis Obispo,079,281455,19440,18964,534,19498,230
2021-02-17,San Mateo,081,765935,39030,38124,390,38514,282
2021-02-17,Santa Barbara,083,443738,31763,30927,1006,31933,384
2021-02-17,Santa Clara,085,1922200,108714,107949,538,108487,1592
2021-02-17,Santa Cruz,087,273765,15232,14268,757,15025,174
2021-02-17,Shasta,089,179085,10825,10770,1180,11950,139
2021-02-17,Sierra,091,2930,50,47,12,59,0
2021-02-17,Siskiyou,093,43540,1455,1352,213,1565,4
2021-02-17,Solano,095,438530,29526,29288,344,29632,149
2021-02-17,Sonoma,097,501317,27579,27408,181,27589,281
2021-02-17,Stanislaus,099,539301,49949,49050,5160,54210,730
2021-02-17,Sutter,101,95872,8735,8681,77,8758,95
2021-02-17,Tehama,103,63373,4566,4511,480,4991,30
2021-02-17,Trinity,105,12862,461,277,68,345,3
2021-02-17,Tulare,107,460477,47761,46495,7614,54109,726
2021-02-17,Tuolumne,109,53932,3761,3806,36,3842,49
2021-02-17,Ventura,111,848112,76907,76234,2692,78926,646
2021-02-17,Yolo,113,214977,12697,12506,146,12652,182
2021-02-17,Yuba,115,75493,5422,5345,81,5426,38
2021-02-16,Alameda,001,1643700,79613,78756,1656,80412,997
2021-02-16,Alpine,002,1148,78,76,0,76,0
2021-02-16,Amador,005,37829,3424,3413,28,3441,39
2021-02-16,Butte,007,227075,11173,10748,1597,12345,164
2021-02-16,Calaveras,009,45235,1881,1872,11,1883,21
2021-02-16,Colusa,011,21464,1857,1852,254,2106,10
2021-02-16,Contra Costa,013,1133247,62025,60564,1033,61597,631
2021-02-16,Del Norte,015,27424,966,913,4,917,2
2021-02-16,El Dorado,017,186661,9036,8836,598,9434,94
2021-02-16,Fresno,019,978130,94991,93363,7423,100786,1293
2021-02-16,Glenn,021,27897,2220,2189,477,2666,14
2021-02-16,Humboldt,023,135768,3046,2994,21,3015,29
2021-02-16,Imperial,025,180216,27099,26711,2395,29106,580
2021-02-16,Inyo,027,18085,1251,1191,8,1199,32
2021-02-16,Kern,029,883053,92317,90267,9410,99677,959
2021-02-16,Kings,031,150075,22011,21583,930,22513,206
2021-02-16,Lake,033,64148,3121,3041,2,3043,38
2021-02-16,Lassen,035,31185,5078,5047,91,5138,1
2021-02-16,Los Angeles,037,10098052,1164726,1138262,37555,1175817,19044
2021-02-16,Madera,039,155013,15388,15120,776,15896,172
2021-02-16,Marin,041,260295,13012,12832,150,12982,205
2021-02-16,Mariposa,043,17540,375,367,4,371,4
2021-02-16,Mendocino,045,87422,3601,3489,69,3558,39
2021-02-16,Merced,047,269075,27884,27724,850,28574,368
2021-02-16,Modoc,049,8938,331,326,111,437,3
2021-02-16,Mono,051,14174,1174,1180,16,1196,3
2021-02-16,Monterey,053,433212,41530,40962,1598,42560,303
2021-02-16,Napa,055,140530,8890,8854,31,8885,66
2021-02-16,Nevada,057,99092,3907,3774,151,3925,47
2021-02-16,Orange,059,3164182,245117,242382,9948,252330,3612
2021-02-16,Placer,061,380077,20260,19367,1064,20431,230
2021-02-16,Plumas,063,18699,637,619,10,629,4
2021-02-16,Riverside,065,2383286,283318,275954,13105,289059,3471
2021-02-16,Sacramento,067,1510023,92954,91246,1169,92415,1305
2021-02-16,San Benito,069,59416,5682,5659,82,5741,56
2021-02-16,San Bernardino,071,2135413,284326,277947,8377,286324,2978
2021-02-16,San Diego,073,3302833,260748,253638,12584,266222,3042
2021-02-16,San Francisco,075,870044,33668,33491,1010,34501,373
2021-02-16,San Joaquin,077,732212,65885,64448,2636,67084,979
2021-02-16,San Luis Obispo,079,281455,19395,18925,531,19456,229
2021-02-16,San Mateo,081,765935,38971,38041,388,38429,277
2021-02-16,Santa Barbara,083,443738,31689,30865,1003,31868,378
2021-02-16,Santa Clara,085,1922200,108462,107754,535,108289,1591
2021-02-16,Santa Cruz,087,273765,15212,14256,756,15012,174
2021-02-16,Shasta,089,179085,10810,10736,1178,11914,139
2021-02-16,Sierra,091,2930,50,47,12,59,0
2021-02-16,Siskiyou,093,43540,1451,1351,213,1564,4
2021-02-16,Solano,095,438530,29488,29246,343,29589,148
2021-02-16,Sonoma,097,501317,27520,27380,175,27555,279
2021-02-16,Stanislaus,099,539301,49825,48927,5146,54073,716
2021-02-16,Sutter,101,95872,8712,8671,77,8748,95
2021-02-16,Tehama,103,63373,4557,4501,478,4979,30
2021-02-16,Trinity,105,12862,457,275,68,343,3
2021-02-16,Tulare,107,460477,47697,46444,7571,54015,716
2021-02-16,Tuolumne,109,53932,3759,3796,36,3832,49
2021-02-16,Ventura,111,848112,76765,76043,2689,78732,631
2021-02-16,Yolo,113,214977,12668,12457,146,12603,175
2021-02-16,Yuba,115,75493,5415,5332,80,5412,38
2021-02-15,Alameda,001,1643700,79416,78647,1645,80292,996
2021-02-15,Alpine,002,1148,78,76,0,76,0
2021-02-15,Amador,005,37829,3420,3409,28,3437,39
2021-02-15,Butte,007,227075,11155,10723,1593,12316,155
2021-02-15,Calaveras,009,45235,1877,1871,11,1882,21
2021-02-15,Colusa,011,21464,1857,1849,250,2099,10
2021-02-15,Contra Costa,013,1133247,61854,60444,1028,61472,631
2021-02-15,Del Norte,015,27424,962,913,4,917,2
2021-02-15,El Dorado,017,186661,9019,8816,598,9414,94
2021-02-15,Fresno,019,978130,94792,93231,7384,100615,1288
2021-02-15,Glenn,021,27897,2218,2185,476,2661,14
2021-02-15,Humboldt,023,135768,3039,2997,21,3018,29
2021-02-15,Imperial,025,180216,27079,26700,2392,29092,580
2021-02-15,Inyo,027,18085,1232,1184,8,1192,32
2021-02-15,Kern,029,883053,92173,90181,9379,99560,959
2021-02-15,Kings,031,150075,21966,21574,925,22499,205
2021-02-15,Lake,033,64148,3107,3030,1,3031,38
2021-02-15,Lassen,035,31185,5076,5047,90,5137,1
2021-02-15,Los Angeles,037,10098052,1163339,1137164,37495,1174659,18925
2021-02-15,Madera,039,155013,15357,15108,774,15882,106
2021-02-15,Marin,041,260295,12991,12810,147,12957,203
2021-02-15,Mariposa,043,17540,373,367,4,371,4
2021-02-15,Mendocino,045,87422,3589,3481,69,3550,39
2021-02-15,Merced,047,269075,27810,27656,843,28499,368
2021-02-15,Modoc,049,8938,331,326,111,437,3
2021-02-15,Mono,051,14174,1171,1178,16,1194,3
2021-02-15,Monterey,053,433212,41466,40911,1586,42497,302
2021-02-15,Napa,055,140530,8876,8837,31,8868,57
2021-02-15,Nevada,057,99092,3890,3767,150,3917,47
2021-02-15,Orange,059,3164182,244798,242176,9920,252096,3586
2021-02-15,Placer,061,380077,20234,19361,1063,20424,230
2021-02-15,Plumas,063,18699,637,620,10,630,4
2021-02-15,Riverside,065,2383286,282965,275771,13086,288857,3468
2021-02-15,Sacramento,067,1510023,92627,91091,1164,92255,1304
2021-02-15,San Benito,069,59416,5676,5649,82,5731,56
2021-02-15,San Bernardino,071,2135413,284075,277869,8369,286238,2945
2021-02-15,San Diego,073,3302833,260235,252940,12553,265493,3037
2021-02-15,San Francisco,075,870044,33595,33454,1004,34458,373
2021-02-15,San Joaquin,077,732212,65720,64382,2629,67011,979
2021-02-15,San Luis Obispo,079,281455,19342,18891,529,19420,227
2021-02-15,San Mateo,081,765935,38892,37969,385,38354,277
2021-02-15,Santa Barbara,083,443738,31586,30810,1000,31810,378
2021-02-15,Santa Clara,085,1922200,108232,107630,533,108163,1588
2021-02-15,Santa Cruz,087,273765,15180,14239,753,14992,175
2021-02-15,Shasta,089,179085,10790,10730,1173,11903,139
2021-02-15,Sierra,091,2930,50,47,12,59,0
2021-02-15,Siskiyou,093,43540,1443,1345,212,1557,4
2021-02-15,Solano,095,438530,29433,29225,343,29568,148
2021-02-15,Sonoma,097,501317,27436,27359,171,27530,276
2021-02-15,Stanislaus,099,539301,49698,48808,5133,53941,716
2021-02-15,Sutter,101,95872,8697,8652,77,8729,95
2021-02-15,Tehama,103,63373,4548,4492,477,4969,30
2021-02-15,Trinity,105,12862,456,274,68,342,3
2021-02-15,Tulare,107,460477,47626,46344,7532,53876,715
2021-02-15,Tuolumne,109,53932,3749,3794,36,3830,49
2021-02-15,Ventura,111,848112,76610,75889,2686,78575,629
2021-02-15,Yolo,113,214977,12632,12412,145,12557,175
2021-02-15,Yuba,115,75493,5398,5320,79,5399,38
2021-02-14,Alameda,001,1643700,79264,78442,1644,80086,995
2021-02-14,Alpine,002,1148,78,76,0,76,0
2021-02-14,Amador,005,37829,3415,3398,28,3426,39
2021-02-14,Butte,007,227075,11131,10717,1590,12307,155
2021-02-14,Calaveras,009,45235,1873,1866,11,1877,21
2021-02-14,Colusa,011,21464,1853,1845,247,2092,10
2021-02-14,Contra Costa,013,1133247,61704,60272,1025,61297,631
2021-02-14,Del Norte,015,27424,958,911,4,915,2
2021-02-14,El Dorado,017,186661,8987,8790,597,9387,94
2021-02-14,Fresno,019,978130,94621,93065,7361,100426,1287
2021-02-14,Glenn,021,27897,2215,2184,476,2660,14
2021-02-14,Humboldt,023,135768,3026,2992,21,3013,29
2021-02-14,Imperial,025,180216,27072,26696,2391,29087,580
2021-02-14,Inyo,027,18085,1226,1177,8,1185,32
2021-02-14,Kern,029,883053,92013,90038,9326,99364,959
2021-02-14,Kings,031,150075,21940,21538,923,22461,205
2021-02-14,Lake,033,64148,3096,3030,1,3031,38
2021-02-14,Lassen,035,31185,5072,5037,90,5127,1
2021-02-14,Los Angeles,037,10098052,1161993,1135450,37415,1172865,18898
2021-02-14,Madera,039,155013,15325,15089,770,15859,106
2021-02-14,Marin,041,260295,12967,12784,147,12931,201
2021-02-14,Mariposa,043,17540,373,365,4,369,4
2021-02-14,Mendocino,045,87422,3583,3475,69,3544,39
2021-02-14,Merced,047,269075,27728,27601,838,28439,368
2021-02-14,Modoc,049,8938,331,326,111,437,3
2021-02-14,Mono,051,14174,1170,1180,16,1196,3
2021-02-14,Monterey,053,433212,41415,40842,1581,42423,302
2021-02-14,Napa,055,140530,8856,8826,31,8857,57
2021-02-14,Nevada,057,99092,3874,3761,150,3911,47
2021-02-14,Orange,059,3164182,244489,241859,9902,251761,3564
2021-02-14,Placer,061,380077,20195,19313,1058,20371,230
2021-02-14,Plumas,063,18699,636,620,10,630,4
2021-02-14,Riverside,065,2383286,282634,275518,13067,288585,3471
2021-02-14,Sacramento,067,1510023,92420,90856,1160,92016,1304
2021-02-14,San Benito,069,59416,5667,5641,81,5722,56
2021-02-14,San Bernardino,071,2135413,283769,277664,8349,286013,2929
2021-02-14,San Diego,073,3302833,259743,252247,12506,264753,3037
2021-02-14,San Francisco,075,870044,33521,33374,996,34370,372
2021-02-14,San Joaquin,077,732212,65622,64243,2615,66858,979
2021-02-14,San Luis Obispo,079,281455,19304,18868,526,19394,225
2021-02-14,San Mateo,081,765935,38807,37859,385,38244,277
2021-02-14,Santa Barbara,083,443738,31494,30744,996,31740,377
2021-02-14,Santa Clara,085,1922200,108033,107412,529,107941,1582
2021-02-14,Santa Cruz,087,273765,15152,14225,748,14973,175
2021-02-14,Shasta,089,179085,10758,10720,1169,11889,139
2021-02-14,Sierra,091,2930,50,47,12,59,0
2021-02-14,Siskiyou,093,43540,1439,1340,212,1552,4
2021-02-14,Solano,095,438530,29391,29150,340,29490,148
2021-02-14,Sonoma,097,501317,27361,27266,169,27435,276
2021-02-14,Stanislaus,099,539301,49588,48672,5118,53790,716
2021-02-14,Sutter,101,95872,8674,8642,77,8719,95
2021-02-14,Tehama,103,63373,4542,4490,474,4964,30
2021-02-14,Trinity,105,12862,456,272,68,340,3
2021-02-14,Tulare,107,460477,47541,46263,7482,53745,715
2021-02-14,Tuolumne,109,53932,3748,3764,36,3800,49
2021-02-14,Ventura,111,848112,76441,75742,2675,78417,629
2021-02-14,Yolo,113,214977,12603,12399,144,12543,175
2021-02-14,Yuba,115,75493,5388,5314,79,5393,38
2021-02-13,Alameda,001,1643700,79142,78246,1641,79887,995
2021-02-13,Alpine,002,1148,78,76,0,76,0
2021-02-13,Amador,005,37829,3412,3387,28,3415,38
2021-02-13,Butte,007,227075,11115,10699,1588,12287,155
2021-02-13,Calaveras,009,45235,1870,1863,11,1874,21
2021-02-13,Colusa,011,21464,1853,1837,247,2084,10
2021-02-13,Contra Costa,013,1133247,61583,60100,1025,61125,629
2021-02-13,Del Norte,015,27424,956,908,4,912,2
2021-02-13,El Dorado,017,186661,8975,8758,596,9354,93
2021-02-13,Fresno,019,978130,94507,92807,7339,100146,1287
2021-02-13,Glenn,021,27897,2214,2182,474,2656,14
2021-02-13,Humboldt,023,135768,3013,2974,20,2994,29
2021-02-13,Imperial,025,180216,27065,26680,2389,29069,580
2021-02-13,Inyo,027,18085,1222,1168,8,1176,32
2021-02-13,Kern,029,883053,91924,89915,9300,99215,957
2021-02-13,Kings,031,150075,21925,21513,921,22434,205
2021-02-13,Lake,033,64148,3087,3025,1,3026,37
2021-02-13,Lassen,035,31185,5069,5028,90,5118,1
2021-02-13,Los Angeles,037,10098052,1161134,1133752,37369,1171121,18822
2021-02-13,Madera,039,155013,15316,15053,766,15819,106
2021-02-13,Marin,041,260295,12943,12757,147,12904,201
2021-02-13,Mariposa,043,17540,373,365,4,369,4
2021-02-13,Mendocino,045,87422,3573,3466,69,3535,38
2021-02-13,Merced,047,269075,27684,27541,835,28376,368
2021-02-13,Modoc,049,8938,331,325,111,436,3
2021-02-13,Mono,051,14174,1170,1176,16,1192,3
2021-02-13,Monterey,053,433212,41383,40731,1580,42311,301
2021-02-13,Napa,055,140530,8847,8809,31,8840,57
2021-02-13,Nevada,057,99092,3865,3742,149,3891,47
2021-02-13,Orange,059,3164182,244283,241545,9883,251428,3520
2021-02-13,Placer,061,380077,20175,19214,1058,20272,230
2021-02-13,Plumas,063,18699,636,616,10,626,4
2021-02-13,Riverside,065,2383286,282405,275276,13058,288334,3462
2021-02-13,Sacramento,067,1510023,92253,90401,1157,91558,1302
2021-02-13,San Benito,069,59416,5650,5633,81,5714,56
2021-02-13,San Bernardino,071,2135413,283617,277405,8336,285741,2899
2021-02-13,San Diego,073,3302833,259411,251679,12494,264173,3009
2021-02-13,San Francisco,075,870044,33471,33291,986,34277,364
2021-02-13,San Joaquin,077,732212,65553,64105,2605,66710,977
2021-02-13,San Luis Obispo,079,281455,19276,18803,520,19323,225
2021-02-13,San Mateo,081,765935,38754,37745,385,38130,277
2021-02-13,Santa Barbara,083,443738,31442,30594,995,31589,374
2021-02-13,Santa Clara,085,1922200,107844,107125,526,107651,1570
2021-02-13,Santa Cruz,087,273765,15125,14198,747,14945,173
2021-02-13,Shasta,089,179085,10745,10713,1164,11877,139
2021-02-13,Sierra,091,2930,50,47,12,59,0
2021-02-13,Siskiyou,093,43540,1436,1336,212,1548,4
2021-02-13,Solano,095,438530,29355,29084,340,29424,148
2021-02-13,Sonoma,097,501317,27313,27157,167,27324,276
2021-02-13,Stanislaus,099,539301,49517,48568,5112,53680,697
2021-02-13,Sutter,101,95872,8662,8626,77,8703,94
2021-02-13,Tehama,103,63373,4532,4484,473,4957,30
2021-02-13,Trinity,105,12862,455,272,67,339,3
2021-02-13,Tulare,107,460477,47490,46162,7451,53613,709
2021-02-13,Tuolumne,109,53932,3747,3752,36,3788,49
2021-02-13,Ventura,111,848112,76301,75481,2669,78150,618
2021-02-13,Yolo,113,214977,12590,12374,143,12517,175
2021-02-13,Yuba,115,75493,5380,5289,79,5368,38
2021-02-12,Alameda,001,1643700,78993,77958,1635,79593,974
2021-02-12,Alpine,002,1148,78,76,0,76,0
2021-02-12,Amador,005,37829,3408,3381,28,3409,38
2021-02-12,Butte,007,227075,11102,10655,1581,12236,155
2021-02-12,Calaveras,009,45235,1867,1860,11,1871,21
2021-02-12,Colusa,011,21464,1853,1836,247,2083,10
2021-02-12,Contra Costa,013,1133247,61433,59878,1021,60899,620
2021-02-12,Del Norte,015,27424,946,901,4,905,2
2021-02-12,El Dorado,017,186661,8960,8725,593,9318,92
2021-02-12,Fresno,019,978130,94353,92520,7319,99839,1273
2021-02-12,Glenn,021,27897,2211,2175,474,2649,14
2021-02-12,Humboldt,023,135768,3005,2961,20,2981,29
2021-02-12,Imperial,025,180216,27058,26646,2386,29032,585
2021-02-12,Inyo,027,18085,1216,1156,8,1164,32
2021-02-12,Kern,029,883053,91810,89532,9268,98800,949
2021-02-12,Kings,031,150075,21893,21462,916,22378,202
2021-02-12,Lake,033,64148,3082,3012,1,3013,36
2021-02-12,Lassen,035,31185,5067,5015,90,5105,1
2021-02-12,Los Angeles,037,10098052,1159921,1131185,37303,1168488,18637
2021-02-12,Madera,039,155013,15289,15022,763,15785,106
2021-02-12,Marin,041,260295,12917,12720,147,12867,200
2021-02-12,Mariposa,043,17540,372,365,4,369,4
2021-02-12,Mendocino,045,87422,3571,3447,69,3516,38
2021-02-12,Merced,047,269075,27633,27453,832,28285,367
2021-02-12,Modoc,049,8938,331,324,111,435,3
2021-02-12,Mono,051,14174,1169,1172,16,1188,3
2021-02-12,Monterey,053,433212,41335,40633,1571,42204,297
2021-02-12,Napa,055,140530,8835,8785,31,8816,55
2021-02-12,Nevada,057,99092,3860,3728,149,3877,47
2021-02-12,Orange,059,3164182,244044,241075,9868,250943,3505
2021-02-12,Placer,061,380077,20133,19174,1053,20227,230
2021-02-12,Plumas,063,18699,635,614,10,624,4
2021-02-12,Riverside,065,2383286,282127,274792,13043,287835,3438
2021-02-12,Sacramento,067,1510023,92051,90252,1156,91408,1295
2021-02-12,San Benito,069,59416,5634,5622,80,5702,56
2021-02-12,San Bernardino,071,2135413,283427,276890,8325,285215,2827
2021-02-12,San Diego,073,3302833,259023,250788,12468,263256,2979
2021-02-12,San Francisco,075,870044,33411,33179,982,34161,359
2021-02-12,San Joaquin,077,732212,65456,63966,2597,66563,975
2021-02-12,San Luis Obispo,079,281455,19235,18687,519,19206,224
2021-02-12,San Mateo,081,765935,38682,37560,385,37945,254
2021-02-12,Santa Barbara,083,443738,31371,30454,990,31444,372
2021-02-12,Santa Clara,085,1922200,107672,106759,523,107282,1543
2021-02-12,Santa Cruz,087,273765,15105,14147,747,14894,170
2021-02-12,Shasta,089,179085,10727,10693,1154,11847,142
2021-02-12,Sierra,091,2930,49,45,12,57,0
2021-02-12,Siskiyou,093,43540,1432,1324,209,1533,4
2021-02-12,Solano,095,438530,29323,28996,337,29333,147
2021-02-12,Sonoma,097,501317,27258,27064,163,27227,275
2021-02-12,Stanislaus,099,539301,49429,48418,5090,53508,697
2021-02-12,Sutter,101,95872,8649,8609,77,8686,93
2021-02-12,Tehama,103,63373,4525,4470,472,4942,27
2021-02-12,Trinity,105,12862,455,269,67,336,3
2021-02-12,Tulare,107,460477,47412,46016,7425,53441,710
2021-02-12,Tuolumne,109,53932,3744,3736,35,3771,49
2021-02-12,Ventura,111,848112,76131,75210,2663,77873,605
2021-02-12,Yolo,113,214977,12569,12340,143,12483,175
2021-02-12,Yuba,115,75493,5372,5274,79,5353,38
2021-02-11,Alameda,001,1643700,78767,77564,1630,79194,960
2021-02-11,Alpine,002,1148,77,76,0,76,0
2021-02-11,Amador,005,37829,3404,3368,28,3396,35
2021-02-11,Butte,007,227075,11079,10624,1580,12204,155
2021-02-11,Calaveras,009,45235,1864,1856,11,1867,21
2021-02-11,Colusa,011,21464,1848,1823,245,2068,10
2021-02-11,Contra Costa,013,1133247,61265,59633,1017,60650,605
2021-02-11,Del Norte,015,27424,941,894,4,898,2
2021-02-11,El Dorado,017,186661,8939,8698,593,9291,92
2021-02-11,Fresno,019,978130,94200,92168,7296,99464,1255
2021-02-11,Glenn,021,27897,2206,2166,473,2639,14
2021-02-11,Humboldt,023,135768,2992,2954,19,2973,29
2021-02-11,Imperial,025,180216,27034,26545,2384,28929,578
2021-02-11,Inyo,027,18085,1207,1144,8,1152,32
2021-02-11,Kern,029,883053,91619,89224,9225,98449,941
2021-02-11,Kings,031,150075,21863,21373,913,22286,202
2021-02-11,Lake,033,64148,3072,3002,1,3003,36
2021-02-11,Lassen,035,31185,5056,5004,87,5091,1
2021-02-11,Los Angeles,037,10098052,1158293,1128437,37233,1165670,18500
2021-02-11,Madera,039,155013,15268,14984,761,15745,106
2021-02-11,Marin,041,260295,12880,12682,147,12829,200
2021-02-11,Mariposa,043,17540,372,361,4,365,4
2021-02-11,Mendocino,045,87422,3564,3420,69,3489,38
2021-02-11,Merced,047,269075,27567,27325,828,28153,363
2021-02-11,Modoc,049,8938,330,317,111,428,3
2021-02-11,Mono,051,14174,1165,1173,16,1189,3
2021-02-11,Monterey,053,433212,41229,40469,1565,42034,295
2021-02-11,Napa,055,140530,8814,8777,31,8808,55
2021-02-11,Nevada,057,99092,3844,3720,149,3869,47
2021-02-11,Orange,059,3164182,243677,240590,9844,250434,3476
2021-02-11,Placer,061,380077,20093,19118,1052,20170,224
2021-02-11,Plumas,063,18699,634,592,10,602,4
2021-02-11,Riverside,065,2383286,281760,274313,13028,287341,3394
2021-02-11,Sacramento,067,1510023,91808,89988,1150,91138,1286
2021-02-11,San Benito,069,59416,5625,5609,80,5689,56
2021-02-11,San Bernardino,071,2135413,283129,276349,8311,284660,2774
2021-02-11,San Diego,073,3302833,258470,249971,12434,262405,2955
2021-02-11,San Francisco,075,870044,33328,33076,973,34049,356
2021-02-11,San Joaquin,077,732212,65288,63719,2587,66306,971
2021-02-11,San Luis Obispo,079,281455,19170,18615,515,19130,219
2021-02-11,San Mateo,081,765935,38590,37439,383,37822,253
2021-02-11,Santa Barbara,083,443738,31273,30375,985,31360,370
2021-02-11,Santa Clara,085,1922200,107412,106392,518,106910,1507
2021-02-11,Santa Cruz,087,273765,15082,14088,742,14830,165
2021-02-11,Shasta,089,179085,10703,10672,1150,11822,140
2021-02-11,Sierra,091,2930,49,45,12,57,0
2021-02-11,Siskiyou,093,43540,1417,1320,209,1529,4
2021-02-11,Solano,095,438530,29270,28885,337,29222,138
2021-02-11,Sonoma,097,501317,27173,26971,160,27131,272
2021-02-11,Stanislaus,099,539301,49284,48205,5078,53283,697
2021-02-11,Sutter,101,95872,8635,8590,76,8666,93
2021-02-11,Tehama,103,63373,4519,4463,472,4935,26
2021-02-11,Trinity,105,12862,455,269,67,336,3
2021-02-11,Tulare,107,460477,47317,45897,7386,53283,706
2021-02-11,Tuolumne,109,53932,3707,3716,35,3751,48
2021-02-11,Ventura,111,848112,75929,74959,2654,77613,590
2021-02-11,Yolo,113,214977,12545,12303,143,12446,173
2021-02-11,Yuba,115,75493,5358,5261,78,5339,38
2021-02-10,Alameda,001,1643700,78566,77344,1629,78973,944
2021-02-10,Alpine,002,1148,77,76,0,76,0
2021-02-10,Amador,005,37829,3392,3348,28,3376,35
2021-02-10,Butte,007,227075,11051,10594,1579,12173,155
2021-02-10,Calaveras,009,45235,1862,1850,11,1861,21
2021-02-10,Colusa,011,21464,1841,1815,243,2058,10
2021-02-10,Contra Costa,013,1133247,61090,59488,1015,60503,590
2021-02-10,Del Norte,015,27424,935,888,4,892,2
2021-02-10,El Dorado,017,186661,8908,8682,589,9271,87
2021-02-10,Fresno,019,978130,94025,91876,7271,99147,1247
2021-02-10,Glenn,021,27897,2202,2160,471,2631,14
2021-02-10,Humboldt,023,135768,2984,2924,19,2943,29
2021-02-10,Imperial,025,180216,26996,26522,2381,28903,578
2021-02-10,Inyo,027,18085,1195,1138,8,1146,30
2021-02-10,Kern,029,883053,91412,88933,9171,98104,926
2021-02-10,Kings,031,150075,21820,21294,911,22205,197
2021-02-10,Lake,033,64148,3059,2975,1,2976,36
2021-02-10,Lassen,035,31185,5052,4993,87,5080,1
2021-02-10,Los Angeles,037,10098052,1156544,1125437,37106,1162543,18338
2021-02-10,Madera,039,155013,15229,14925,759,15684,105
2021-02-10,Marin,041,260295,12843,12651,147,12798,199
2021-02-10,Mariposa,043,17540,370,360,4,364,4
2021-02-10,Mendocino,045,87422,3549,3395,69,3464,38
2021-02-10,Merced,047,269075,27484,27246,817,28063,359
2021-02-10,Modoc,049,8938,329,315,109,424,3
2021-02-10,Mono,051,14174,1160,1170,16,1186,3
2021-02-10,Monterey,053,433212,41152,40366,1551,41917,288
2021-02-10,Napa,055,140530,8795,8769,31,8800,55
2021-02-10,Nevada,057,99092,3829,3693,147,3840,47
2021-02-10,Orange,059,3164182,243259,239974,9813,249787,3439
2021-02-10,Placer,061,380077,20053,19062,1047,20109,220
2021-02-10,Plumas,063,18699,631,589,10,599,2
2021-02-10,Riverside,065,2383286,281332,273721,13018,286739,3374
2021-02-10,Sacramento,067,1510023,91557,89653,1146,90799,1275
2021-02-10,San Benito,069,59416,5611,5591,80,5671,55
2021-02-10,San Bernardino,071,2135413,282775,275616,8295,283911,2696
2021-02-10,San Diego,073,3302833,257888,248858,12396,261254,2904
2021-02-10,San Francisco,075,870044,33245,32955,970,33925,351
2021-02-10,San Joaquin,077,732212,65146,63484,2573,66057,954
2021-02-10,San Luis Obispo,079,281455,19091,18549,513,19062,216
2021-02-10,San Mateo,081,765935,38499,37323,383,37706,245
2021-02-10,Santa Barbara,083,443738,31182,30216,980,31196,359
2021-02-10,Santa Clara,085,1922200,107172,106048,515,106563,1489
2021-02-10,Santa Cruz,087,273765,15046,14007,740,14747,165
2021-02-10,Shasta,089,179085,10680,10645,1147,11792,142
2021-02-10,Sierra,091,2930,49,45,12,57,0
2021-02-10,Siskiyou,093,43540,1412,1314,208,1522,4
2021-02-10,Solano,095,438530,29195,28835,335,29170,137
2021-02-10,Sonoma,097,501317,27077,26881,158,27039,271
2021-02-10,Stanislaus,099,539301,49167,48016,5062,53078,696
2021-02-10,Sutter,101,95872,8618,8571,76,8647,93
2021-02-10,Tehama,103,63373,4511,4445,472,4917,23
2021-02-10,Trinity,105,12862,452,268,67,335,3
2021-02-10,Tulare,107,460477,47199,45782,7348,53130,696
2021-02-10,Tuolumne,109,53932,3699,3691,35,3726,48
2021-02-10,Ventura,111,848112,75701,74651,2637,77288,580
2021-02-10,Yolo,113,214977,12521,12276,143,12419,174
2021-02-10,Yuba,115,75493,5340,5241,78,5319,38
2021-02-09,Alameda,001,1643700,78304,77018,1625,78643,936
2021-02-09,Alpine,002,1148,77,76,0,76,0
2021-02-09,Amador,005,37829,3384,3347,28,3375,35
2021-02-09,Butte,007,227075,11025,10563,1576,12139,153
2021-02-09,Calaveras,009,45235,1858,1847,11,1858,21
2021-02-09,Colusa,011,21464,1832,1812,238,2050,10
2021-02-09,Contra Costa,013,1133247,60900,59307,1009,60316,583
2021-02-09,Del Norte,015,27424,929,886,4,890,2
2021-02-09,El Dorado,017,186661,8880,8663,587,9250,87
2021-02-09,Fresno,019,978130,93783,91730,7243,98973,1211
2021-02-09,Glenn,021,27897,2198,2156,471,2627,14
2021-02-09,Humboldt,023,135768,2976,2904,19,2923,29
2021-02-09,Imperial,025,180216,26966,26509,2378,28887,568
2021-02-09,Inyo,027,18085,1187,1137,8,1145,30
2021-02-09,Kern,029,883053,91160,88684,9124,97808,920
2021-02-09,Kings,031,150075,21778,21275,909,22184,196
2021-02-09,Lake,033,64148,3048,2955,1,2956,36
2021-02-09,Lassen,035,31185,5045,4983,87,5070,1
2021-02-09,Los Angeles,037,10098052,1154565,1122745,37025,1159770,18198
2021-02-09,Madera,039,155013,15209,14912,756,15668,105
2021-02-09,Marin,041,260295,12811,12623,146,12769,197
2021-02-09,Mariposa,043,17540,368,355,4,359,4
2021-02-09,Mendocino,045,87422,3531,3369,69,3438,38
2021-02-09,Merced,047,269075,27386,27166,812,27978,354
2021-02-09,Modoc,049,8938,328,316,109,425,3
2021-02-09,Mono,051,14174,1159,1167,16,1183,3
2021-02-09,Monterey,053,433212,41044,40279,1538,41817,285
2021-02-09,Napa,055,140530,8782,8749,31,8780,55
2021-02-09,Nevada,057,99092,3812,3687,147,3834,44
2021-02-09,Orange,059,3164182,242848,239169,9782,248951,3406
2021-02-09,Placer,061,380077,19988,19008,1040,20048,220
2021-02-09,Plumas,063,18699,631,584,10,594,2
2021-02-09,Riverside,065,2383286,280838,273465,13001,286466,3334
2021-02-09,Sacramento,067,1510023,91247,89378,1145,90523,1265
2021-02-09,San Benito,069,59416,5599,5566,79,5645,54
2021-02-09,San Bernardino,071,2135413,282404,274998,8282,283280,2613
2021-02-09,San Diego,073,3302833,257230,248048,12353,260401,2853
2021-02-09,San Francisco,075,870044,33165,32782,960,33742,349
2021-02-09,San Joaquin,077,732212,64971,63341,2568,65909,937
2021-02-09,San Luis Obispo,079,281455,19032,18489,512,19001,216
2021-02-09,San Mateo,081,765935,38368,37227,382,37609,235
2021-02-09,Santa Barbara,083,443738,31070,30118,974,31092,351
2021-02-09,Santa Clara,085,1922200,106866,105762,512,106274,1463
2021-02-09,Santa Cruz,087,273765,14995,13958,735,14693,162
2021-02-09,Shasta,089,179085,10652,10595,1145,11740,139
2021-02-09,Sierra,091,2930,49,44,12,56,0
2021-02-09,Siskiyou,093,43540,1404,1306,206,1512,4
2021-02-09,Solano,095,438530,29116,28769,332,29101,131
2021-02-09,Sonoma,097,501317,26987,26826,156,26982,267
2021-02-09,Stanislaus,099,539301,49007,47906,5047,52953,679
2021-02-09,Sutter,101,95872,8602,8541,76,8617,92
2021-02-09,Tehama,103,63373,4504,4416,471,4887,22
2021-02-09,Trinity,105,12862,452,266,67,333,3
2021-02-09,Tulare,107,460477,47065,45704,7296,53000,686
2021-02-09,Tuolumne,109,53932,3680,3673,35,3708,48
2021-02-09,Ventura,111,848112,75450,74333,2629,76962,567
2021-02-09,Yolo,113,214977,12479,12220,143,12363,174
2021-02-09,Yuba,115,75493,5331,5235,78,5313,35
2021-02-08,Alameda,001,1643700,78043,76735,1620,78355,924
2021-02-08,Alpine,002,1148,77,73,0,73,0
2021-02-08,Amador,005,37829,3377,3344,27,3371,33
2021-02-08,Butte,007,227075,11003,10524,1572,12096,152
2021-02-08,Calaveras,009,45235,1857,1840,11,1851,21
2021-02-08,Colusa,011,21464,1824,1802,234,2036,10
2021-02-08,Contra Costa,013,1133247,60689,59039,1007,60046,567
2021-02-08,Del Norte,015,27424,926,885,4,889,2
2021-02-08,El Dorado,017,186661,8848,8627,584,9211,86
2021-02-08,Fresno,019,978130,93571,91430,7218,98648,1207
2021-02-08,Glenn,021,27897,2194,2148,469,2617,14
2021-02-08,Humboldt,023,135768,2968,2902,19,2921,29
2021-02-08,Imperial,025,180216,26944,26526,2376,28902,567
2021-02-08,Inyo,027,18085,1174,1126,8,1134,30
2021-02-08,Kern,029,883053,90943,88380,9063,97443,920
2021-02-08,Kings,031,150075,21716,21232,906,22138,195
2021-02-08,Lake,033,64148,3029,2949,1,2950,36
2021-02-08,Lassen,035,31185,5032,4976,87,5063,1
2021-02-08,Los Angeles,037,10098052,1152468,1120179,36904,1157083,17977
2021-02-08,Madera,039,155013,15173,14887,749,15636,93
2021-02-08,Marin,041,260295,12781,12591,146,12737,194
2021-02-08,Mariposa,043,17540,368,355,4,359,4
2021-02-08,Mendocino,045,87422,3517,3355,69,3424,38
2021-02-08,Merced,047,269075,27303,27082,807,27889,346
2021-02-08,Modoc,049,8938,326,318,109,427,3
2021-02-08,Mono,051,14174,1159,1165,16,1181,3
2021-02-08,Monterey,053,433212,40924,40186,1519,41705,283
2021-02-08,Napa,055,140530,8767,8719,31,8750,55
2021-02-08,Nevada,057,99092,3800,3671,147,3818,44
2021-02-08,Orange,059,3164182,242380,238715,9759,248474,3361
2021-02-08,Placer,061,380077,19947,18944,1034,19978,211
2021-02-08,Plumas,063,18699,630,584,10,594,2
2021-02-08,Riverside,065,2383286,280270,272904,12975,285879,3301
2021-02-08,Sacramento,067,1510023,90961,89267,1142,90409,1247
2021-02-08,San Benito,069,59416,5594,5553,78,5631,52
2021-02-08,San Bernardino,071,2135413,282001,274661,8276,282937,2587
2021-02-08,San Diego,073,3302833,256487,247259,12312,259571,2821
2021-02-08,San Francisco,075,870044,33071,32679,952,33631,348
2021-02-08,San Joaquin,077,732212,64810,63148,2558,65706,929
2021-02-08,San Luis Obispo,079,281455,18975,18421,507,18928,214
2021-02-08,San Mateo,081,765935,38259,37084,382,37466,232
2021-02-08,Santa Barbara,083,443738,30955,29978,967,30945,340
2021-02-08,Santa Clara,085,1922200,106543,105413,504,105917,1456
2021-02-08,Santa Cruz,087,273765,14956,13921,729,14650,161
2021-02-08,Shasta,089,179085,10625,10574,1139,11713,137
2021-02-08,Sierra,091,2930,49,44,12,56,0
2021-02-08,Siskiyou,093,43540,1401,1303,206,1509,4
2021-02-08,Solano,095,438530,29050,28644,330,28974,130
2021-02-08,Sonoma,097,501317,26896,26760,155,26915,259
2021-02-08,Stanislaus,099,539301,48852,47704,5019,52723,679
2021-02-08,Sutter,101,95872,8583,8526,76,8602,92
2021-02-08,Tehama,103,63373,4494,4403,468,4871,22
2021-02-08,Trinity,105,12862,450,266,67,333,3
2021-02-08,Tulare,107,460477,46957,45617,7256,52873,673
2021-02-08,Tuolumne,109,53932,3672,3647,35,3682,48
2021-02-08,Ventura,111,848112,75193,74068,2624,76692,565
2021-02-08,Yolo,113,214977,12447,12169,142,12311,162
2021-02-08,Yuba,115,75493,5315,5215,78,5293,35
2021-02-07,Alameda,001,1643700,77742,76500,1612,78112,924
2021-02-07,Alpine,002,1148,74,72,0,72,0
2021-02-07,Amador,005,37829,3356,3343,27,3370,33
2021-02-07,Butte,007,227075,10971,10513,1564,12077,152
2021-02-07,Calaveras,009,45235,1853,1837,11,1848,21
2021-02-07,Colusa,011,21464,1813,1795,232,2027,10
2021-02-07,Contra Costa,013,1133247,60445,58836,1002,59838,566
2021-02-07,Del Norte,015,27424,922,881,4,885,2
2021-02-07,El Dorado,017,186661,8819,8596,582,9178,86
2021-02-07,Fresno,019,978130,93340,91184,7180,98364,1207
2021-02-07,Glenn,021,27897,2190,2141,464,2605,14
2021-02-07,Humboldt,023,135768,2947,2895,19,2914,28
2021-02-07,Imperial,025,180216,26915,26518,2371,28889,567
2021-02-07,Inyo,027,18085,1163,1124,8,1132,27
2021-02-07,Kern,029,883053,90695,88146,9005,97151,920
2021-02-07,Kings,031,150075,21655,21180,903,22083,192
2021-02-07,Lake,033,64148,3014,2940,1,2941,36
2021-02-07,Lassen,035,31185,5021,4973,87,5060,1
2021-02-07,Los Angeles,037,10098052,1149708,1117551,36780,1154331,17889
2021-02-07,Madera,039,155013,15139,14850,745,15595,93
2021-02-07,Marin,041,260295,12748,12571,144,12715,194
2021-02-07,Mariposa,043,17540,367,355,4,359,4
2021-02-07,Mendocino,045,87422,3500,3348,69,3417,38
2021-02-07,Merced,047,269075,27191,26977,795,27772,346
2021-02-07,Modoc,049,8938,326,317,105,422,3
2021-02-07,Mono,051,14174,1156,1165,16,1181,3
2021-02-07,Monterey,053,433212,40788,40113,1500,41613,283
2021-02-07,Napa,055,140530,8744,8701,31,8732,55
2021-02-07,Nevada,057,99092,3789,3643,147,3790,44
2021-02-07,Orange,059,3164182,241782,238155,9726,247881,3336
2021-02-07,Placer,061,380077,19900,18903,1021,19924,211
2021-02-07,Plumas,063,18699,630,584,10,594,2
2021-02-07,Riverside,065,2383286,279741,272301,12954,285255,3267
2021-02-07,Sacramento,067,1510023,90628,88919,1135,90054,1246
2021-02-07,San Benito,069,59416,5575,5548,77,5625,52
2021-02-07,San Bernardino,071,2135413,281408,274316,8251,282567,2587
2021-02-07,San Diego,073,3302833,255701,246561,12248,258809,2821
2021-02-07,San Francisco,075,870044,32951,32609,940,33549,348
2021-02-07,San Joaquin,077,732212,64536,63051,2544,65595,929
2021-02-07,San Luis Obispo,079,281455,18903,18349,500,18849,214
2021-02-07,San Mateo,081,765935,38125,36984,380,37364,232
2021-02-07,Santa Barbara,083,443738,30815,29815,955,30770,340
2021-02-07,Santa Clara,085,1922200,106204,105118,494,105612,1450
2021-02-07,Santa Cruz,087,273765,14902,13887,724,14611,161
2021-02-07,Shasta,089,179085,10605,10570,1131,11701,137
2021-02-07,Sierra,091,2930,49,43,12,55,0
2021-02-07,Siskiyou,093,43540,1394,1295,204,1499,4
2021-02-07,Solano,095,438530,28939,28567,329,28896,130
2021-02-07,Sonoma,097,501317,26789,26684,151,26835,257
2021-02-07,Stanislaus,099,539301,48662,47551,4987,52538,679
2021-02-07,Sutter,101,95872,8555,8515,76,8591,92
2021-02-07,Tehama,103,63373,4478,4396,467,4863,22
2021-02-07,Trinity,105,12862,447,264,65,329,3
2021-02-07,Tulare,107,460477,46835,45520,7178,52698,671
2021-02-07,Tuolumne,109,53932,3648,3619,34,3653,48
2021-02-07,Ventura,111,848112,74882,73759,2612,76371,561
2021-02-07,Yolo,113,214977,12402,12135,142,12277,162
2021-02-07,Yuba,115,75493,5300,5198,76,5274,35
2021-02-06,Alameda,001,1643700,77589,76170,1601,77771,922
2021-02-06,Alpine,002,1148,74,72,0,72,0
2021-02-06,Amador,005,37829,3350,3306,27,3333,33
2021-02-06,Butte,007,227075,10954,10480,1560,12040,150
2021-02-06,Calaveras,009,45235,1851,1832,11,1843,21
2021-02-06,Colusa,011,21464,1811,1791,231,2022,10
2021-02-06,Contra Costa,013,1133247,60298,58567,996,59563,566
2021-02-06,Del Norte,015,27424,918,879,4,883,2
2021-02-06,El Dorado,017,186661,8812,8575,578,9153,86
2021-02-06,Fresno,019,978130,93227,90944,7159,98103,1207
2021-02-06,Glenn,021,27897,2188,2136,463,2599,14
2021-02-06,Humboldt,023,135768,2936,2880,19,2899,28
2021-02-06,Imperial,025,180216,26903,26514,2370,28884,567
2021-02-06,Inyo,027,18085,1160,1113,8,1121,27
2021-02-06,Kern,029,883053,90541,87919,8959,96878,912
2021-02-06,Kings,031,150075,21624,21156,903,22059,190
2021-02-06,Lake,033,64148,3009,2920,1,2921,34
2021-02-06,Lassen,035,31185,5017,4964,86,5050,1
2021-02-06,Los Angeles,037,10098052,1148352,1114718,36683,1151401,17793
2021-02-06,Madera,039,155013,15118,14807,743,15550,93
2021-02-06,Marin,041,260295,12728,12531,144,12675,194
2021-02-06,Mariposa,043,17540,366,355,3,358,4
2021-02-06,Mendocino,045,87422,3482,3316,68,3384,38
2021-02-06,Merced,047,269075,27105,26881,787,27668,346
2021-02-06,Modoc,049,8938,326,313,105,418,3
2021-02-06,Mono,051,14174,1155,1159,16,1175,3
2021-02-06,Monterey,053,433212,40730,39995,1492,41487,282
2021-02-06,Napa,055,140530,8731,8639,31,8670,55
2021-02-06,Nevada,057,99092,3777,3624,147,3771,43
2021-02-06,Orange,059,3164182,241418,237391,9692,247083,3293
2021-02-06,Placer,061,380077,19863,18836,1018,19854,211
2021-02-06,Plumas,063,18699,630,584,10,594,2
2021-02-06,Riverside,065,2383286,279373,271741,12935,284676,3243
2021-02-06,Sacramento,067,1510023,90411,88532,1125,89657,1237
2021-02-06,San Benito,069,59416,5557,5516,77,5593,52
2021-02-06,San Bernardino,071,2135413,281099,273718,8229,281947,2564
2021-02-06,San Diego,073,3302833,255205,245331,12213,257544,2812
2021-02-06,San Francisco,075,870044,32877,32437,930,33367,346
2021-02-06,San Joaquin,077,732212,64457,62840,2533,65373,906
2021-02-06,San Luis Obispo,079,281455,18861,18284,496,18780,214
2021-02-06,San Mateo,081,765935,38057,36824,377,37201,232
2021-02-06,Santa Barbara,083,443738,30739,29645,953,30598,337
2021-02-06,Santa Clara,085,1922200,105982,104639,489,105128,1439
2021-02-06,Santa Cruz,087,273765,14871,13845,720,14565,161
2021-02-06,Shasta,089,179085,10594,10561,1129,11690,137
2021-02-06,Sierra,091,2930,49,43,12,55,0
2021-02-06,Siskiyou,093,43540,1391,1289,203,1492,4
2021-02-06,Solano,095,438530,28903,28446,328,28774,129
2021-02-06,Sonoma,097,501317,26752,26564,149,26713,257
2021-02-06,Stanislaus,099,539301,48566,47325,4972,52297,679
2021-02-06,Sutter,101,95872,8547,8485,76,8561,92
2021-02-06,Tehama,103,63373,4468,4380,466,4846,22
2021-02-06,Trinity,105,12862,447,263,65,328,3
2021-02-06,Tulare,107,460477,46767,45349,7133,52482,664
2021-02-06,Tuolumne,109,53932,3641,3612,34,3646,48
2021-02-06,Ventura,111,848112,74702,73431,2606,76037,552
2021-02-06,Yolo,113,214977,12379,12061,142,12203,161
2021-02-06,Yuba,115,75493,5290,5177,75,5252,35
2021-02-05,Alameda,001,1643700,77360,75716,1599,77315,916
2021-02-05,Alpine,002,1148,74,72,0,72,0
2021-02-05,Amador,005,37829,3345,3299,26,3325,33
2021-02-05,Butte,007,227075,10935,10421,1553,11974,150
2021-02-05,Calaveras,009,45235,1847,1818,11,1829,21
2021-02-05,Colusa,011,21464,1807,1785,231,2016,10
2021-02-05,Contra Costa,013,1133247,60137,58195,994,59189,560
2021-02-05,Del Norte,015,27424,917,874,4,878,2
2021-02-05,El Dorado,017,186661,8793,8527,576,9103,86
2021-02-05,Fresno,019,978130,93025,90513,7138,97651,1194
2021-02-05,Glenn,021,27897,2185,2122,458,2580,14
2021-02-05,Humboldt,023,135768,2926,2857,19,2876,28
2021-02-05,Imperial,025,180216,26884,26474,2369,28843,557
2021-02-05,Inyo,027,18085,1156,1104,8,1112,27
2021-02-05,Kern,029,883053,90372,87470,8893,96363,906
2021-02-05,Kings,031,150075,21586,21021,900,21921,190
2021-02-05,Lake,033,64148,2997,2906,1,2907,33
2021-02-05,Lassen,035,31185,5013,4936,86,5022,1
2021-02-05,Los Angeles,037,10098052,1146252,1110384,36552,1146936,17608
2021-02-05,Madera,039,155013,15084,14752,738,15490,95
2021-02-05,Marin,041,260295,12693,12479,144,12623,193
2021-02-05,Mariposa,043,17540,366,352,3,355,4
2021-02-05,Mendocino,045,87422,3468,3272,68,3340,38
2021-02-05,Merced,047,269075,27045,26760,786,27546,345
2021-02-05,Modoc,049,8938,326,312,105,417,3
2021-02-05,Mono,051,14174,1154,1157,16,1173,3
2021-02-05,Monterey,053,433212,40663,39840,1481,41321,281
2021-02-05,Napa,055,140530,8717,8598,31,8629,55
2021-02-05,Nevada,057,99092,3774,3607,147,3754,43
2021-02-05,Orange,059,3164182,240991,236335,9665,246000,3260
2021-02-05,Placer,061,380077,19827,18756,1016,19772,211
2021-02-05,Plumas,063,18699,628,578,10,588,2
2021-02-05,Riverside,065,2383286,278957,270666,12916,283582,3235
2021-02-05,Sacramento,067,1510023,90230,87992,1118,89110,1231
2021-02-05,San Benito,069,59416,5546,5502,77,5579,51
2021-02-05,San Bernardino,071,2135413,280754,272938,8213,281151,2495
2021-02-05,San Diego,073,3302833,254629,244066,12178,256244,2777
2021-02-05,San Francisco,075,870044,32787,32229,919,33148,337
2021-02-05,San Joaquin,077,732212,64308,62565,2525,65090,902
2021-02-05,San Luis Obispo,079,281455,18800,18152,492,18644,213
2021-02-05,San Mateo,081,765935,37974,36582,376,36958,227
2021-02-05,Santa Barbara,083,443738,30642,29455,940,30395,334
2021-02-05,Santa Clara,085,1922200,105734,104112,487,104599,1421
2021-02-05,Santa Cruz,087,273765,14850,13776,718,14494,161
2021-02-05,Shasta,089,179085,10578,10507,1122,11629,136
2021-02-05,Sierra,091,2930,49,42,12,54,0
2021-02-05,Siskiyou,093,43540,1384,1276,201,1477,4
2021-02-05,Solano,095,438530,28853,28283,328,28611,127
2021-02-05,Sonoma,097,501317,26683,26423,146,26569,252
2021-02-05,Stanislaus,099,539301,48421,47024,4954,51978,678
2021-02-05,Sutter,101,95872,8527,8443,76,8519,92
2021-02-05,Tehama,103,63373,4459,4355,465,4820,22
2021-02-05,Trinity,105,12862,446,260,65,325,3
2021-02-05,Tulare,107,460477,46690,45138,7085,52223,663
2021-02-05,Tuolumne,109,53932,3615,3595,34,3629,45
2021-02-05,Ventura,111,848112,74457,72953,2594,75547,546
2021-02-05,Yolo,113,214977,12361,12025,139,12164,162
2021-02-05,Yuba,115,75493,5273,5145,75,5220,35
2021-02-04,Alameda,001,1643700,77075,75422,1593,77015,899
2021-02-04,Alpine,002,1148,73,72,0,72,0
2021-02-04,Amador,005,37829,3342,3288,26,3314,33
2021-02-04,Butte,007,227075,10902,10386,1545,11931,147
2021-02-04,Calaveras,009,45235,1845,1808,11,1819,21
2021-02-04,Colusa,011,21464,1803,1777,229,2006,10
2021-02-04,Contra Costa,013,1133247,59949,57991,990,58981,550
2021-02-04,Del Norte,015,27424,911,870,4,874,2
2021-02-04,El Dorado,017,186661,8767,8490,573,9063,86
2021-02-04,Fresno,019,978130,92810,90126,7111,97237,1114
2021-02-04,Glenn,021,27897,2180,2102,457,2559,14
2021-02-04,Humboldt,023,135768,2916,2827,19,2846,28
2021-02-04,Imperial,025,180216,26839,26411,2367,28778,556
2021-02-04,Inyo,027,18085,1144,1084,8,1092,27
2021-02-04,Kern,029,883053,90098,87156,8817,95973,898
2021-02-04,Kings,031,150075,21536,20918,894,21812,187
2021-02-04,Lake,033,64148,2985,2882,1,2883,34
2021-02-04,Lassen,035,31185,5010,4927,86,5013,1
2021-02-04,Los Angeles,037,10098052,1143453,1106323,36426,1142749,17396
2021-02-04,Madera,039,155013,15053,14706,735,15441,95
2021-02-04,Marin,041,260295,12658,12431,144,12575,192
2021-02-04,Mariposa,043,17540,366,348,3,351,4
2021-02-04,Mendocino,045,87422,3450,3240,66,3306,38
2021-02-04,Merced,047,269075,26950,26629,783,27412,345
2021-02-04,Modoc,049,8938,326,309,105,414,3
2021-02-04,Mono,051,14174,1152,1153,16,1169,3
2021-02-04,Monterey,053,433212,40552,39619,1464,41083,279
2021-02-04,Napa,055,140530,8688,8573,31,8604,55
2021-02-04,Nevada,057,99092,3754,3590,146,3736,37
2021-02-04,Orange,059,3164182,240349,235677,9623,245300,3238
2021-02-04,Placer,061,380077,19767,18711,1007,19718,210
2021-02-04,Plumas,063,18699,625,562,10,572,2
2021-02-04,Riverside,065,2383286,278194,269851,12877,282728,3230
2021-02-04,Sacramento,067,1510023,89929,87658,1108,88766,1222
2021-02-04,San Benito,069,59416,5532,5488,76,5564,51
2021-02-04,San Bernardino,071,2135413,280205,272223,8193,280416,2409
2021-02-04,San Diego,073,3302833,253841,242613,12112,254725,2738
2021-02-04,San Francisco,075,870044,32673,32116,910,33026,326
2021-02-04,San Joaquin,077,732212,64083,62374,2517,64891,883
2021-02-04,San Luis Obispo,079,281455,18733,18058,490,18548,211
2021-02-04,San Mateo,081,765935,37853,36437,373,36810,226
2021-02-04,Santa Barbara,083,443738,30507,29344,923,30267,322
2021-02-04,Santa Clara,085,1922200,105391,103781,484,104265,1404
2021-02-04,Santa Cruz,087,273765,14817,13713,710,14423,156
2021-02-04,Shasta,089,179085,10552,10466,1117,11583,131
2021-02-04,Sierra,091,2930,49,42,12,54,0
2021-02-04,Siskiyou,093,43540,1375,1273,201,1474,4
2021-02-04,Solano,095,438530,28750,28192,327,28519,120
2021-02-04,Sonoma,097,501317,26601,26276,143,26419,249
2021-02-04,Stanislaus,099,539301,48260,46822,4935,51757,678
2021-02-04,Sutter,101,95872,8507,8401,76,8477,92
2021-02-04,Tehama,103,63373,4442,4327,464,4791,21
2021-02-04,Trinity,105,12862,445,260,64,324,3
2021-02-04,Tulare,107,460477,46563,44983,7027,52010,656
2021-02-04,Tuolumne,109,53932,3575,3585,34,3619,45
2021-02-04,Ventura,111,848112,74125,72595,2581,75176,537
2021-02-04,Yolo,113,214977,12327,11982,138,12120,161
2021-02-04,Yuba,115,75493,5247,5135,75,5210,34
2021-02-03,Alameda,001,1643700,76751,74968,1590,76558,880
2021-02-03,Alpine,002,1148,73,72,0,72,0
2021-02-03,Amador,005,37829,3338,3281,26,3307,33
2021-02-03,Butte,007,227075,10870,10355,1538,11893,144
2021-02-03,Calaveras,009,45235,1830,1799,11,1810,21
2021-02-03,Colusa,011,21464,1798,1773,228,2001,10
2021-02-03,Contra Costa,013,1133247,59708,57762,978,58740,537
2021-02-03,Del Norte,015,27424,906,869,4,873,2
2021-02-03,El Dorado,017,186661,8746,8428,572,9000,86
2021-02-03,Fresno,019,978130,92588,89748,7072,96820,1015
2021-02-03,Glenn,021,27897,2170,2098,456,2554,14
2021-02-03,Humboldt,023,135768,2906,2800,19,2819,27
2021-02-03,Imperial,025,180216,26803,26363,2361,28724,547
2021-02-03,Inyo,027,18085,1134,1071,8,1079,27
2021-02-03,Kern,029,883053,89855,86771,8776,95547,877
2021-02-03,Kings,031,150075,21475,20831,892,21723,172
2021-02-03,Lake,033,64148,2967,2869,1,2870,33
2021-02-03,Lassen,035,31185,4998,4910,86,4996,1
2021-02-03,Los Angeles,037,10098052,1140368,1101890,36307,1138197,17163
2021-02-03,Madera,039,155013,15013,14605,733,15338,94
2021-02-03,Marin,041,260295,12623,12406,144,12550,190
2021-02-03,Mariposa,043,17540,365,347,3,350,4
2021-02-03,Mendocino,045,87422,3424,3236,65,3301,38
2021-02-03,Merced,047,269075,26835,26520,779,27299,343
2021-02-03,Modoc,049,8938,325,308,105,413,3
2021-02-03,Mono,051,14174,1145,1146,16,1162,3
2021-02-03,Monterey,053,433212,40425,39500,1447,40947,279
2021-02-03,Napa,055,140530,8653,8534,31,8565,54
2021-02-03,Nevada,057,99092,3740,3572,146,3718,35
2021-02-03,Orange,059,3164182,239605,234738,9591,244329,3189
2021-02-03,Placer,061,380077,19712,18646,1005,19651,210
2021-02-03,Plumas,063,18699,625,559,10,569,2
2021-02-03,Riverside,065,2383286,277451,269019,12847,281866,3195
2021-02-03,Sacramento,067,1510023,89606,87415,1104,88519,1212
2021-02-03,San Benito,069,59416,5514,5463,73,5536,51
2021-02-03,San Bernardino,071,2135413,279719,271477,8170,279647,2308
2021-02-03,San Diego,073,3302833,252939,241015,12066,253081,2683
2021-02-03,San Francisco,075,870044,32543,31983,905,32888,325
2021-02-03,San Joaquin,077,732212,63855,61976,2507,64483,880
2021-02-03,San Luis Obispo,079,281455,18655,17922,487,18409,206
2021-02-03,San Mateo,081,765935,37715,36227,369,36596,225
2021-02-03,Santa Barbara,083,443738,30358,29121,914,30035,315
2021-02-03,Santa Clara,085,1922200,105075,103278,482,103760,1364
2021-02-03,Santa Cruz,087,273765,14762,13611,704,14315,154
2021-02-03,Shasta,089,179085,10509,10422,1112,11534,130
2021-02-03,Sierra,091,2930,49,42,12,54,0
2021-02-03,Siskiyou,093,43540,1364,1268,200,1468,4
2021-02-03,Solano,095,438530,28628,28057,327,28384,119
2021-02-03,Sonoma,097,501317,26517,26155,142,26297,248
2021-02-03,Stanislaus,099,539301,48084,46598,4916,51514,662
2021-02-03,Sutter,101,95872,8482,8379,76,8455,90
2021-02-03,Tehama,103,63373,4424,4309,461,4770,21
2021-02-03,Trinity,105,12862,445,260,63,323,3
2021-02-03,Tulare,107,460477,46392,44838,6971,51809,640
2021-02-03,Tuolumne,109,53932,3564,3568,34,3602,45
2021-02-03,Ventura,111,848112,73788,72124,2571,74695,526
2021-02-03,Yolo,113,214977,12302,11933,138,12071,161
2021-02-03,Yuba,115,75493,5229,5124,75,5199,34
2021-02-02,Alameda,001,1643700,76408,74642,1578,76220,869
2021-02-02,Alpine,002,1148,73,72,0,72,0
2021-02-02,Amador,005,37829,3307,3275,26,3301,33
2021-02-02,Butte,007,227075,10844,10307,1529,11836,141
2021-02-02,Calaveras,009,45235,1820,1786,11,1797,21
2021-02-02,Colusa,011,21464,1790,1769,223,1992,9
2021-02-02,Contra Costa,013,1133247,59428,57551,975,58526,536
2021-02-02,Del Norte,015,27424,900,868,4,872,2
2021-02-02,El Dorado,017,186661,8706,8405,572,8977,84
2021-02-02,Fresno,019,978130,92287,89542,7037,96579,1009
2021-02-02,Glenn,021,27897,2158,2090,453,2543,14
2021-02-02,Humboldt,023,135768,2894,2784,19,2803,25
2021-02-02,Imperial,025,180216,26750,26317,2355,28672,535
2021-02-02,Inyo,027,18085,1131,1074,8,1082,27
2021-02-02,Kern,029,883053,89552,86485,8700,95185,867
2021-02-02,Kings,031,150075,21397,20785,884,21669,172
2021-02-02,Lake,033,64148,2947,2857,1,2858,33
2021-02-02,Lassen,035,31185,4991,4908,86,4994,1
2021-02-02,Los Angeles,037,10098052,1136986,1097573,36147,1133720,16913
2021-02-02,Madera,039,155013,14962,14595,728,15323,94
2021-02-02,Marin,041,260295,12593,12367,144,12511,189
2021-02-02,Mariposa,043,17540,362,345,3,348,4
2021-02-02,Mendocino,045,87422,3391,3210,65,3275,38
2021-02-02,Merced,047,269075,26738,26427,773,27200,340
2021-02-02,Modoc,049,8938,320,306,105,411,3
2021-02-02,Mono,051,14174,1143,1147,16,1163,3
2021-02-02,Monterey,053,433212,40290,39371,1433,40804,278
2021-02-02,Napa,055,140530,8624,8505,31,8536,53
2021-02-02,Nevada,057,99092,3725,3548,146,3694,20
2021-02-02,Orange,059,3164182,238802,233783,9556,243339,3152
2021-02-02,Placer,061,380077,19653,18615,1001,19616,205
2021-02-02,Plumas,063,18699,625,560,10,570,2
2021-02-02,Riverside,065,2383286,276594,267901,12813,280714,3169
2021-02-02,Sacramento,067,1510023,89316,87107,1093,88200,1202
2021-02-02,San Benito,069,59416,5500,5444,72,5516,50
2021-02-02,San Bernardino,071,2135413,279042,270486,8141,278627,2244
2021-02-02,San Diego,073,3302833,251900,240047,11979,252026,2629
2021-02-02,San Francisco,075,870044,32389,31788,895,32683,324
2021-02-02,San Joaquin,077,732212,63634,61708,2494,64202,878
2021-02-02,San Luis Obispo,079,281455,18561,17811,485,18296,201
2021-02-02,San Mateo,081,765935,37551,36004,363,36367,225
2021-02-02,Santa Barbara,083,443738,30187,28951,907,29858,304
2021-02-02,Santa Clara,085,1922200,104610,102872,477,103349,1349
2021-02-02,Santa Cruz,087,273765,14703,13572,700,14272,150
2021-02-02,Shasta,089,179085,10483,10371,1102,11473,128
2021-02-02,Sierra,091,2930,49,42,12,54,0
2021-02-02,Siskiyou,093,43540,1357,1252,197,1449,4
2021-02-02,Solano,095,438530,28532,27963,323,28286,118
2021-02-02,Sonoma,097,501317,26401,26054,142,26196,247
2021-02-02,Stanislaus,099,539301,47865,46306,4884,51190,641
2021-02-02,Sutter,101,95872,8459,8340,76,8416,89
2021-02-02,Tehama,103,63373,4410,4289,460,4749,21
2021-02-02,Trinity,105,12862,445,260,63,323,3
2021-02-02,Tulare,107,460477,46236,44720,6906,51626,625
2021-02-02,Tuolumne,109,53932,3552,3548,34,3582,39
2021-02-02,Ventura,111,848112,73372,71557,2561,74118,514
2021-02-02,Yolo,113,214977,12257,11886,136,12022,158
2021-02-02,Yuba,115,75493,5211,5111,74,5185,34
2021-02-01,Alameda,001,1643700,76052,74374,1573,75947,858
2021-02-01,Alpine,002,1148,73,72,0,72,0
2021-02-01,Amador,005,37829,3296,3234,26,3260,32
2021-02-01,Butte,007,227075,10800,10263,1525,11788,141
2021-02-01,Calaveras,009,45235,1813,1785,11,1796,21
2021-02-01,Colusa,011,21464,1785,1763,214,1977,9
2021-02-01,Contra Costa,013,1133247,59186,57324,974,58298,531
2021-02-01,Del Norte,015,27424,896,865,4,869,2
2021-02-01,El Dorado,017,186661,8667,8337,572,8909,83
2021-02-01,Fresno,019,978130,91955,89272,7002,96274,994
2021-02-01,Glenn,021,27897,2142,2086,445,2531,14
2021-02-01,Humboldt,023,135768,2873,2773,18,2791,25
2021-02-01,Imperial,025,180216,26707,26224,2353,28577,530
2021-02-01,Inyo,027,18085,1121,1072,8,1080,27
2021-02-01,Kern,029,883053,89155,86170,8632,94802,862
2021-02-01,Kings,031,150075,21306,20746,876,21622,172
2021-02-01,Lake,033,64148,2931,2843,1,2844,33
2021-02-01,Lassen,035,31185,4971,4907,86,4993,1
2021-02-01,Los Angeles,037,10098052,1133157,1094341,35983,1130324,16695
2021-02-01,Madera,039,155013,14927,14572,725,15297,94
2021-02-01,Marin,041,260295,12554,12341,143,12484,188
2021-02-01,Mariposa,043,17540,360,344,3,347,4
2021-02-01,Mendocino,045,87422,3358,3192,65,3257,37
2021-02-01,Merced,047,269075,26614,26282,764,27046,337
2021-02-01,Modoc,049,8938,314,303,101,404,1
2021-02-01,Mono,051,14174,1140,1145,16,1161,3
2021-02-01,Monterey,053,433212,40106,39196,1412,40608,278
2021-02-01,Napa,055,140530,8591,8449,31,8480,52
2021-02-01,Nevada,057,99092,3708,3535,145,3680,20
2021-02-01,Orange,059,3164182,237888,233155,9511,242666,3100
2021-02-01,Placer,061,380077,19586,18574,994,19568,204
2021-02-01,Plumas,063,18699,623,554,10,564,2
2021-02-01,Riverside,065,2383286,275654,267025,12778,279803,3092
2021-02-01,Sacramento,067,1510023,88913,86856,1082,87938,1193
2021-02-01,San Benito,069,59416,5482,5432,72,5504,48
2021-02-01,San Bernardino,071,2135413,278347,270012,8102,278114,2172
2021-02-01,San Diego,073,3302833,250675,239121,11903,251024,2619
2021-02-01,San Francisco,075,870044,32254,31703,883,32586,324
2021-02-01,San Joaquin,077,732212,63428,61542,2483,64025,877
2021-02-01,San Luis Obispo,079,281455,18441,17690,478,18168,199
2021-02-01,San Mateo,081,765935,37402,35843,363,36206,220
2021-02-01,Santa Barbara,083,443738,30018,28837,899,29736,297
2021-02-01,Santa Clara,085,1922200,104193,102462,476,102938,1343
2021-02-01,Santa Cruz,087,273765,14650,13524,698,14222,149
2021-02-01,Shasta,089,179085,10458,10329,1096,11425,112
2021-02-01,Sierra,091,2930,49,42,12,54,0
2021-02-01,Siskiyou,093,43540,1350,1238,194,1432,4
2021-02-01,Solano,095,438530,28427,27844,322,28166,117
2021-02-01,Sonoma,097,501317,26313,26011,141,26152,243
2021-02-01,Stanislaus,099,539301,47608,46112,4856,50968,642
2021-02-01,Sutter,101,95872,8420,8313,76,8389,89
2021-02-01,Tehama,103,63373,4384,4263,460,4723,21
2021-02-01,Trinity,105,12862,443,260,63,323,3
2021-02-01,Tulare,107,460477,46091,44569,6826,51395,618
2021-02-01,Tuolumne,109,53932,3544,3534,34,3568,39
2021-02-01,Ventura,111,848112,72967,71104,2544,73648,502
2021-02-01,Yolo,113,214977,12210,11824,135,11959,151
2021-02-01,Yuba,115,75493,5197,5084,73,5157,33
2021-01-31,Alameda,001,1643700,75627,73979,1565,75544,857
2021-01-31,Alpine,002,1148,73,72,0,72,0
2021-01-31,Amador,005,37829,3286,3212,25,3237,32
2021-01-31,Butte,007,227075,10755,10215,1515,11730,140
2021-01-31,Calaveras,009,45235,1793,1778,11,1789,21
2021-01-31,Colusa,011,21464,1779,1754,209,1963,9
2021-01-31,Contra Costa,013,1133247,58855,57079,974,58053,531
2021-01-31,Del Norte,015,27424,894,865,4,869,2
2021-01-31,El Dorado,017,186661,8629,8317,570,8887,83
2021-01-31,Fresno,019,978130,91643,88852,6948,95800,994
2021-01-31,Glenn,021,27897,2132,2083,444,2527,14
2021-01-31,Humboldt,023,135768,2857,2767,18,2785,25
2021-01-31,Imperial,025,180216,26634,26206,2344,28550,530
2021-01-31,Inyo,027,18085,1108,1072,8,1080,27
2021-01-31,Kern,029,883053,88658,85872,8548,94420,861
2021-01-31,Kings,031,150075,21222,20709,864,21573,172
2021-01-31,Lake,033,64148,2910,2826,1,2827,33
2021-01-31,Lassen,035,31185,4955,4900,86,4986,1
2021-01-31,Los Angeles,037,10098052,1128525,1090304,35783,1126087,16609
2021-01-31,Madera,039,155013,14873,14496,717,15213,94
2021-01-31,Marin,041,260295,12507,12297,139,12436,185
2021-01-31,Mariposa,043,17540,358,344,3,347,4
2021-01-31,Mendocino,045,87422,3335,3181,64,3245,37
2021-01-31,Merced,047,269075,26472,26222,759,26981,337
2021-01-31,Modoc,049,8938,311,304,99,403,1
2021-01-31,Mono,051,14174,1137,1146,16,1162,3
2021-01-31,Monterey,053,433212,39927,39035,1385,40420,278
2021-01-31,Napa,055,140530,8550,8404,31,8435,52
2021-01-31,Nevada,057,99092,3686,3518,143,3661,20
2021-01-31,Orange,059,3164182,236871,232347,9471,241818,3053
2021-01-31,Placer,061,380077,19509,18506,983,19489,204
2021-01-31,Plumas,063,18699,622,554,10,564,2
2021-01-31,Riverside,065,2383286,274637,266145,12731,278876,3074
2021-01-31,Sacramento,067,1510023,88472,86560,1068,87628,1186
2021-01-31,San Benito,069,59416,5460,5425,70,5495,48
2021-01-31,San Bernardino,071,2135413,277345,269533,8073,277606,2156
2021-01-31,San Diego,073,3302833,249362,238039,11789,249828,2619
2021-01-31,San Francisco,075,870044,32065,31563,872,32435,323
2021-01-31,San Joaquin,077,732212,63027,61379,2474,63853,877
2021-01-31,San Luis Obispo,079,281455,18308,17615,473,18088,199
2021-01-31,San Mateo,081,765935,37212,35659,360,36019,219
2021-01-31,Santa Barbara,083,443738,29774,28570,890,29460,297
2021-01-31,Santa Clara,085,1922200,103658,101986,467,102453,1330
2021-01-31,Santa Cruz,087,273765,14555,13469,684,14153,149
2021-01-31,Shasta,089,179085,10413,10313,1088,11401,112
2021-01-31,Sierra,091,2930,48,43,12,55,0
2021-01-31,Siskiyou,093,43540,1340,1238,194,1432,4
2021-01-31,Solano,095,438530,28297,27678,322,28000,118
2021-01-31,Sonoma,097,501317,26210,25925,140,26065,243
2021-01-31,Stanislaus,099,539301,47324,45971,4826,50797,642
2021-01-31,Sutter,101,95872,8375,8289,76,8365,89
2021-01-31,Tehama,103,63373,4362,4256,459,4715,21
2021-01-31,Trinity,105,12862,441,260,63,323,3
2021-01-31,Tulare,107,460477,45923,44440,6747,51187,618
2021-01-31,Tuolumne,109,53932,3506,3519,34,3553,39
2021-01-31,Ventura,111,848112,72372,70635,2531,73166,502
2021-01-31,Yolo,113,214977,12150,11771,135,11906,151
2021-01-31,Yuba,115,75493,5177,5071,73,5144,33
2021-01-30,Alameda,001,1643700,75424,73622,1560,75182,850
2021-01-30,Alpine,002,1148,73,72,0,72,0
2021-01-30,Amador,005,37829,3282,3181,25,3206,32
2021-01-30,Butte,007,227075,10721,10177,1506,11683,139
2021-01-30,Calaveras,009,45235,1780,1763,11,1774,21
2021-01-30,Colusa,011,21464,1777,1748,209,1957,9
2021-01-30,Contra Costa,013,1133247,58676,56763,970,57733,531
2021-01-30,Del Norte,015,27424,893,865,4,869,2
2021-01-30,El Dorado,017,186661,8609,8299,569,8868,83
2021-01-30,Fresno,019,978130,91463,88476,6928,95404,964
2021-01-30,Glenn,021,27897,2129,2074,442,2516,14
2021-01-30,Humboldt,023,135768,2846,2742,18,2760,24
2021-01-30,Imperial,025,180216,26610,26160,2342,28502,530
2021-01-30,Inyo,027,18085,1104,1068,8,1076,27
2021-01-30,Kern,029,883053,88457,85572,8483,94055,848
2021-01-30,Kings,031,150075,21151,20605,859,21464,169
2021-01-30,Lake,033,64148,2904,2809,1,2810,33
2021-01-30,Lassen,035,31185,4951,4890,86,4976,1
2021-01-30,Los Angeles,037,10098052,1126126,1084763,35640,1120403,16484
2021-01-30,Madera,039,155013,14831,14443,712,15155,94
2021-01-30,Marin,041,260295,12480,12225,138,12363,185
2021-01-30,Mariposa,043,17540,356,344,3,347,4
2021-01-30,Mendocino,045,87422,3321,3153,63,3216,36
2021-01-30,Merced,047,269075,26398,26078,757,26835,335
2021-01-30,Modoc,049,8938,311,303,99,402,1
2021-01-30,Mono,051,14174,1137,1143,16,1159,3
2021-01-30,Monterey,053,433212,39867,38847,1383,40230,277
2021-01-30,Napa,055,140530,8534,8342,31,8373,52
2021-01-30,Nevada,057,99092,3667,3499,143,3642,20
2021-01-30,Orange,059,3164182,236326,231358,9434,240792,3013
2021-01-30,Placer,061,380077,19456,18430,977,19407,205
2021-01-30,Plumas,063,18699,620,554,10,564,2
2021-01-30,Riverside,065,2383286,274041,265137,12700,277837,3061
2021-01-30,Sacramento,067,1510023,88281,86388,1063,87451,1184
2021-01-30,San Benito,069,59416,5442,5401,69,5470,48
2021-01-30,San Bernardino,071,2135413,276917,268660,8053,276713,2122
2021-01-30,San Diego,073,3302833,248597,236765,11744,248509,2603
2021-01-30,San Francisco,075,870044,31964,31427,869,32296,316
2021-01-30,San Joaquin,077,732212,62895,61120,2465,63585,864
2021-01-30,San Luis Obispo,079,281455,18228,17522,472,17994,198
2021-01-30,San Mateo,081,765935,37073,35451,359,35810,219
2021-01-30,Santa Barbara,083,443738,29632,28342,888,29230,296
2021-01-30,Santa Clara,085,1922200,103329,101471,465,101936,1307
2021-01-30,Santa Cruz,087,273765,14515,13383,683,14066,149
2021-01-30,Shasta,089,179085,10394,10283,1085,11368,112
2021-01-30,Sierra,091,2930,48,43,12,55,0
2021-01-30,Siskiyou,093,43540,1337,1236,193,1429,4
2021-01-30,Solano,095,438530,28214,27511,321,27832,118
2021-01-30,Sonoma,097,501317,26162,25810,137,25947,243
2021-01-30,Stanislaus,099,539301,47194,45697,4799,50496,642
2021-01-30,Sutter,101,95872,8359,8226,76,8302,87
2021-01-30,Tehama,103,63373,4349,4229,458,4687,21
2021-01-30,Trinity,105,12862,441,259,63,322,3
2021-01-30,Tulare,107,460477,45787,44203,6711,50914,615
2021-01-30,Tuolumne,109,53932,3502,3508,34,3542,36
2021-01-30,Ventura,111,848112,72060,69931,2517,72448,493
2021-01-30,Yolo,113,214977,12136,11698,134,11832,151
2021-01-30,Yuba,115,75493,5167,5042,72,5114,33
2021-01-29,Alameda,001,1643700,75157,73210,1553,74763,841
2021-01-29,Alpine,002,1148,73,72,0,72,0
2021-01-29,Amador,005,37829,3270,3134,24,3158,32
2021-01-29,Butte,007,227075,10689,10122,1497,11619,138
2021-01-29,Calaveras,009,45235,1769,1757,11,1768,21
2021-01-29,Colusa,011,21464,1773,1734,208,1942,8
2021-01-29,Contra Costa,013,1133247,58509,56318,968,57286,529
2021-01-29,Del Norte,015,27424,892,865,4,869,2
2021-01-29,El Dorado,017,186661,8592,8231,568,8799,83
2021-01-29,Fresno,019,978130,91249,87936,6891,94827,962
2021-01-29,Glenn,021,27897,2124,2061,441,2502,14
2021-01-29,Humboldt,023,135768,2833,2707,18,2725,24
2021-01-29,Imperial,025,180216,26595,26045,2339,28384,521
2021-01-29,Inyo,027,18085,1092,1048,8,1056,27
2021-01-29,Kern,029,883053,88230,85044,8432,93476,836
2021-01-29,Kings,031,150075,21112,20466,854,21320,169
2021-01-29,Lake,033,64148,2894,2792,1,2793,32
2021-01-29,Lassen,035,31185,4948,4874,86,4960,1
2021-01-29,Los Angeles,037,10098052,1122630,1078329,35491,1113820,16190
2021-01-29,Madera,039,155013,14784,14377,712,15089,94
2021-01-29,Marin,041,260295,12435,12145,137,12282,185
2021-01-29,Mariposa,043,17540,355,342,3,345,4
2021-01-29,Mendocino,045,87422,3312,3131,62,3193,36
2021-01-29,Merced,047,269075,26324,25865,752,26617,334
2021-01-29,Modoc,049,8938,310,297,99,396,1
2021-01-29,Mono,051,14174,1135,1139,16,1155,3
2021-01-29,Monterey,053,433212,39754,38539,1375,39914,277
2021-01-29,Napa,055,140530,8503,8276,31,8307,52
2021-01-29,Nevada,057,99092,3658,3487,142,3629,20
2021-01-29,Orange,059,3164182,235650,229917,9397,239314,2967
2021-01-29,Placer,061,380077,19403,18367,973,19340,203
2021-01-29,Plumas,063,18699,619,548,10,558,2
2021-01-29,Riverside,065,2383286,273240,263504,12668,276172,3008
2021-01-29,Sacramento,067,1510023,88027,86320,1058,87378,1169
2021-01-29,San Benito,069,59416,5434,5386,69,5455,48
2021-01-29,San Bernardino,071,2135413,276399,267490,8015,275505,2095
2021-01-29,San Diego,073,3302833,247655,234637,11666,246303,2571
2021-01-29,San Francisco,075,870044,31825,31294,861,32155,307
2021-01-29,San Joaquin,077,732212,62751,60899,2451,63350,858
2021-01-29,San Luis Obispo,079,281455,18168,17440,467,17907,193
2021-01-29,San Mateo,081,765935,36940,35223,356,35579,218
2021-01-29,Santa Barbara,083,443738,29499,28105,882,28987,291
2021-01-29,Santa Clara,085,1922200,102974,101010,463,101473,1273
2021-01-29,Santa Cruz,087,273765,14462,13311,680,13991,148
2021-01-29,Shasta,089,179085,10378,10220,1081,11301,112
2021-01-29,Sierra,091,2930,48,43,12,55,0
2021-01-29,Siskiyou,093,43540,1336,1227,193,1420,4
2021-01-29,Solano,095,438530,28131,27352,319,27671,116
2021-01-29,Sonoma,097,501317,26106,25710,136,25846,243
2021-01-29,Stanislaus,099,539301,47051,45466,4777,50243,642
2021-01-29,Sutter,101,95872,8340,8181,76,8257,87
2021-01-29,Tehama,103,63373,4337,4191,456,4647,20
2021-01-29,Trinity,105,12862,441,260,63,323,3
2021-01-29,Tulare,107,460477,45680,43925,6672,50597,606
2021-01-29,Tuolumne,109,53932,3492,3483,34,3517,36
2021-01-29,Ventura,111,848112,71638,69511,2504,72015,484
2021-01-29,Yolo,113,214977,12098,11612,134,11746,151
2021-01-29,Yuba,115,75493,5152,5018,72,5090,32
2021-01-28,Alameda,001,1643700,74734,72758,1545,74303,833
2021-01-28,Alpine,002,1148,73,72,0,72,0
2021-01-28,Amador,005,37829,3233,3124,24,3148,31
2021-01-28,Butte,007,227075,10648,10037,1487,11524,138
2021-01-28,Calaveras,009,45235,1756,1747,10,1757,21
2021-01-28,Colusa,011,21464,1766,1731,204,1935,8
2021-01-28,Contra Costa,013,1133247,58266,55999,958,56957,525
2021-01-28,Del Norte,015,27424,891,862,4,866,2
2021-01-28,El Dorado,017,186661,8577,8198,563,8761,79
2021-01-28,Fresno,019,978130,90963,87401,6844,94245,949
2021-01-28,Glenn,021,27897,2119,2043,434,2477,14
2021-01-28,Humboldt,023,135768,2816,2686,18,2704,24
2021-01-28,Imperial,025,180216,26552,25984,2332,28316,517
2021-01-28,Inyo,027,18085,1087,1039,8,1047,27
2021-01-28,Kern,029,883053,87901,84708,8349,93057,817
2021-01-28,Kings,031,150075,21052,20328,851,21179,167
2021-01-28,Lake,033,64148,2879,2772,1,2773,32
2021-01-28,Lassen,035,31185,4942,4865,86,4951,1
2021-01-28,Los Angeles,037,10098052,1118718,1072412,35303,1107715,15967
2021-01-28,Madera,039,155013,14729,14301,708,15009,94
2021-01-28,Marin,041,260295,12386,12079,136,12215,183
2021-01-28,Mariposa,043,17540,355,334,3,337,4
2021-01-28,Mendocino,045,87422,3295,3110,62,3172,36
2021-01-28,Merced,047,269075,26202,25620,740,26360,328
2021-01-28,Modoc,049,8938,309,297,99,396,0
2021-01-28,Mono,051,14174,1133,1131,16,1147,3
2021-01-28,Monterey,053,433212,39560,38312,1356,39668,274
2021-01-28,Napa,055,140530,8456,8233,31,8264,50
2021-01-28,Nevada,057,99092,3643,3452,141,3593,19
2021-01-28,Orange,059,3164182,234675,228636,9367,238003,2860
2021-01-28,Placer,061,380077,19343,18246,970,19216,198
2021-01-28,Plumas,063,18699,618,547,10,557,2
2021-01-28,Riverside,065,2383286,272460,262342,12620,274962,2981
2021-01-28,Sacramento,067,1510023,87662,85698,1047,86745,1149
2021-01-28,San Benito,069,59416,5416,5344,68,5412,47
2021-01-28,San Bernardino,071,2135413,275697,266456,7994,274450,2057
2021-01-28,San Diego,073,3302833,246502,232967,11577,244544,2534
2021-01-28,San Francisco,075,870044,31688,31193,845,32038,290
2021-01-28,San Joaquin,077,732212,62489,60627,2437,63064,854
2021-01-28,San Luis Obispo,079,281455,18068,17279,465,17744,189
2021-01-28,San Mateo,081,765935,36771,34931,340,35271,218
2021-01-28,Santa Barbara,083,443738,29276,27674,869,28543,284
2021-01-28,Santa Clara,085,1922200,102518,100470,461,100931,1219
2021-01-28,Santa Cruz,087,273765,14373,13188,674,13862,145
2021-01-28,Shasta,089,179085,10344,10176,1073,11249,110
2021-01-28,Sierra,091,2930,48,43,12,55,0
2021-01-28,Siskiyou,093,43540,1329,1218,191,1409,4
2021-01-28,Solano,095,438530,27971,27163,318,27481,114
2021-01-28,Sonoma,097,501317,26015,25564,136,25700,236
2021-01-28,Stanislaus,099,539301,46843,45162,4758,49920,640
2021-01-28,Sutter,101,95872,8293,8136,76,8212,85
2021-01-28,Tehama,103,63373,4314,4163,453,4616,20
2021-01-28,Trinity,105,12862,439,260,63,323,3
2021-01-28,Tulare,107,460477,45525,43742,6597,50339,595
2021-01-28,Tuolumne,109,53932,3478,3472,34,3506,32
2021-01-28,Ventura,111,848112,71126,68896,2488,71384,475
2021-01-28,Yolo,113,214977,12056,11500,130,11630,151
2021-01-28,Yuba,115,75493,5136,4994,71,5065,32
2021-01-27,Alameda,001,1643700,74315,72188,1538,73726,815
2021-01-27,Alpine,002,1148,73,72,0,72,0
2021-01-27,Amador,005,37829,3217,3116,24,3140,31
2021-01-27,Butte,007,227075,10609,9988,1476,11464,138
2021-01-27,Calaveras,009,45235,1747,1737,10,1747,21
2021-01-27,Colusa,011,21464,1760,1724,202,1926,8
2021-01-27,Contra Costa,013,1133247,57971,55578,955,56533,507
2021-01-27,Del Norte,015,27424,890,859,4,863,2
2021-01-27,El Dorado,017,186661,8551,8141,562,8703,76
2021-01-27,Fresno,019,978130,90671,86886,6802,93688,938
2021-01-27,Glenn,021,27897,2115,2042,433,2475,14
2021-01-27,Humboldt,023,135768,2794,2630,18,2648,24
2021-01-27,Imperial,025,180216,26498,25861,2320,28181,504
2021-01-27,Inyo,027,18085,1083,1023,8,1031,27
2021-01-27,Kern,029,883053,87591,84244,8278,92522,809
2021-01-27,Kings,031,150075,20946,20211,843,21054,167
2021-01-27,Lake,033,64148,2859,2750,1,2751,32
2021-01-27,Lassen,035,31185,4936,4851,86,4937,1
2021-01-27,Los Angeles,037,10098052,1113906,1066569,35100,1101669,15757
2021-01-27,Madera,039,155013,14687,14194,703,14897,86
2021-01-27,Marin,041,260295,12348,12028,135,12163,180
2021-01-27,Mariposa,043,17540,355,333,3,336,4
2021-01-27,Mendocino,045,87422,3275,3095,62,3157,36
2021-01-27,Merced,047,269075,26043,25439,728,26167,315
2021-01-27,Modoc,049,8938,309,297,96,393,0
2021-01-27,Mono,051,14174,1131,1131,16,1147,3
2021-01-27,Monterey,053,433212,39353,38139,1337,39476,268
2021-01-27,Napa,055,140530,8383,8187,31,8218,46
2021-01-27,Nevada,057,99092,3621,3431,141,3572,18
2021-01-27,Orange,059,3164182,233558,227110,9315,236425,2832
2021-01-27,Placer,061,380077,19273,18106,959,19065,198
2021-01-27,Plumas,063,18699,618,544,10,554,2
2021-01-27,Riverside,065,2383286,271265,260796,12569,273365,2931
2021-01-27,Sacramento,067,1510023,87302,85428,1035,86463,1142
2021-01-27,San Benito,069,59416,5401,5284,68,5352,47
2021-01-27,San Bernardino,071,2135413,274843,265153,7961,273114,2019
2021-01-27,San Diego,073,3302833,245173,231478,11472,242950,2465
2021-01-27,San Francisco,075,870044,31543,31082,838,31920,287
2021-01-27,San Joaquin,077,732212,62219,60131,2418,62549,853
2021-01-27,San Luis Obispo,079,281455,17960,17119,461,17580,188
2021-01-27,San Mateo,081,765935,36616,34619,337,34956,216
2021-01-27,Santa Barbara,083,443738,29099,27435,863,28298,282
2021-01-27,Santa Clara,085,1922200,102103,99732,457,100189,1184
2021-01-27,Santa Cruz,087,273765,14303,13111,671,13782,143
2021-01-27,Shasta,089,179085,10310,10106,1067,11173,105
2021-01-27,Sierra,091,2930,48,44,12,56,0
2021-01-27,Siskiyou,093,43540,1324,1214,188,1402,4
2021-01-27,Solano,095,438530,27794,26982,311,27293,112
2021-01-27,Sonoma,097,501317,25917,25361,132,25493,237
2021-01-27,Stanislaus,099,539301,46659,44874,4733,49607,624
2021-01-27,Sutter,101,95872,8250,8093,76,8169,83
2021-01-27,Tehama,103,63373,4294,4133,449,4582,20
2021-01-27,Trinity,105,12862,439,260,63,323,3
2021-01-27,Tulare,107,460477,45338,43462,6527,49989,583
2021-01-27,Tuolumne,109,53932,3468,3464,34,3498,32
2021-01-27,Ventura,111,848112,70652,68291,2463,70754,468
2021-01-27,Yolo,113,214977,12009,11427,128,11555,151
2021-01-27,Yuba,115,75493,5120,4968,71,5039,32
2021-01-26,Alameda,001,1643700,73939,71851,1521,73372,789
2021-01-26,Alpine,002,1148,73,72,0,72,0
2021-01-26,Amador,005,37829,3206,3113,24,3137,31
2021-01-26,Butte,007,227075,10567,9943,1470,11413,136
2021-01-26,Calaveras,009,45235,1737,1723,10,1733,21
2021-01-26,Colusa,011,21464,1753,1719,199,1918,8
2021-01-26,Contra Costa,013,1133247,57698,55337,947,56284,491
2021-01-26,Del Norte,015,27424,889,856,4,860,2
2021-01-26,El Dorado,017,186661,8527,8115,560,8675,71
2021-01-26,Fresno,019,978130,90313,86673,6759,93432,923
2021-01-26,Glenn,021,27897,2105,2034,428,2462,13
2021-01-26,Humboldt,023,135768,2773,2612,17,2629,24
2021-01-26,Imperial,025,180216,26426,25812,2308,28120,498
2021-01-26,Inyo,027,18085,1077,1018,8,1026,27
2021-01-26,Kern,029,883053,87168,83868,8203,92071,790
2021-01-26,Kings,031,150075,20888,20156,838,20994,159
2021-01-26,Lake,033,64148,2851,2748,1,2749,32
2021-01-26,Lassen,035,31185,4930,4844,86,4930,1
2021-01-26,Los Angeles,037,10098052,1108615,1060492,34902,1095394,15458
2021-01-26,Madera,039,155013,14630,14130,697,14827,86
2021-01-26,Marin,041,260295,12304,11993,133,12126,179
2021-01-26,Mariposa,043,17540,353,332,3,335,3
2021-01-26,Mendocino,045,87422,3249,3076,61,3137,36
2021-01-26,Merced,047,269075,25903,25359,720,26079,309
2021-01-26,Modoc,049,8938,302,291,95,386,0
2021-01-26,Mono,051,14174,1129,1120,16,1136,3
2021-01-26,Monterey,053,433212,39159,37963,1317,39280,255
2021-01-26,Napa,055,140530,8326,8145,31,8176,43
2021-01-26,Nevada,057,99092,3614,3410,140,3550,18
2021-01-26,Orange,059,3164182,232435,225987,9269,235256,2760
2021-01-26,Placer,061,380077,19197,18016,957,18973,193
2021-01-26,Plumas,063,18699,616,536,10,546,2
2021-01-26,Riverside,065,2383286,269896,259399,12506,271905,2898
2021-01-26,Sacramento,067,1510023,86942,85062,1028,86090,1127
2021-01-26,San Benito,069,59416,5387,5251,67,5318,45
2021-01-26,San Bernardino,071,2135413,273848,263736,7919,271655,1970
2021-01-26,San Diego,073,3302833,243677,230063,11370,241433,2421
2021-01-26,San Francisco,075,870044,31411,30874,819,31693,286
2021-01-26,San Joaquin,077,732212,61967,59889,2402,62291,847
2021-01-26,San Luis Obispo,079,281455,17879,17016,458,17474,186
2021-01-26,San Mateo,081,765935,36422,34441,326,34767,213
2021-01-26,Santa Barbara,083,443738,28923,27321,851,28172,273
2021-01-26,Santa Clara,085,1922200,101624,99215,454,99669,1171
2021-01-26,Santa Cruz,087,273765,14237,13045,665,13710,134
2021-01-26,Shasta,089,179085,10275,10036,1059,11095,103
2021-01-26,Sierra,091,2930,48,43,12,55,0
2021-01-26,Siskiyou,093,43540,1309,1208,186,1394,4
2021-01-26,Solano,095,438530,27638,26858,304,27162,110
2021-01-26,Sonoma,097,501317,25798,25273,130,25403,236
2021-01-26,Stanislaus,099,539301,46477,44703,4693,49396,599
2021-01-26,Sutter,101,95872,8207,8067,76,8143,83
2021-01-26,Tehama,103,63373,4261,4115,449,4564,20
2021-01-26,Trinity,105,12862,439,260,63,323,3
2021-01-26,Tulare,107,460477,45135,43394,6459,49853,579
2021-01-26,Tuolumne,109,53932,3458,3451,34,3485,30
2021-01-26,Ventura,111,848112,70120,67526,2437,69963,448
2021-01-26,Yolo,113,214977,11965,11361,125,11486,148
2021-01-26,Yuba,115,75493,5095,4944,69,5013,31
2021-01-25,Alameda,001,1643700,73514,71255,1511,72766,780
2021-01-25,Alpine,002,1148,73,72,0,72,0
2021-01-25,Amador,005,37829,3166,3074,24,3098,30
2021-01-25,Butte,007,227075,10502,9865,1462,11327,133
2021-01-25,Calaveras,009,45235,1722,1713,10,1723,21
2021-01-25,Colusa,011,21464,1741,1709,195,1904,8
2021-01-25,Contra Costa,013,1133247,57346,54989,940,55929,488
2021-01-25,Del Norte,015,27424,889,855,4,859,2
2021-01-25,El Dorado,017,186661,8502,8060,559,8619,66
2021-01-25,Fresno,019,978130,89943,86336,6727,93063,913
2021-01-25,Glenn,021,27897,2096,2028,428,2456,13
2021-01-25,Humboldt,023,135768,2739,2587,17,2604,24
2021-01-25,Imperial,025,180216,26378,25745,2301,28046,491
2021-01-25,Inyo,027,18085,1071,1015,8,1023,27
2021-01-25,Kern,029,883053,86783,83401,8118,91519,787
2021-01-25,Kings,031,150075,20768,20067,834,20901,159
2021-01-25,Lake,033,64148,2833,2729,1,2730,32
2021-01-25,Lassen,035,31185,4903,4835,86,4921,1
2021-01-25,Los Angeles,037,10098052,1102650,1055181,34682,1089863,15163
2021-01-25,Madera,039,155013,14575,14068,692,14760,86
2021-01-25,Marin,041,260295,12255,11923,129,12052,177
2021-01-25,Mariposa,043,17540,350,331,3,334,3
2021-01-25,Mendocino,045,87422,3238,3054,61,3115,35
2021-01-25,Merced,047,269075,25764,25181,711,25892,305
2021-01-25,Modoc,049,8938,301,288,91,379,0
2021-01-25,Mono,051,14174,1126,1114,15,1129,3
2021-01-25,Monterey,053,433212,38907,37726,1298,39024,255
2021-01-25,Napa,055,140530,8292,8057,30,8087,43
2021-01-25,Nevada,057,99092,3600,3365,140,3505,18
2021-01-25,Orange,059,3164182,231226,225105,9224,234329,2696
2021-01-25,Placer,061,380077,19107,17936,942,18878,193
2021-01-25,Plumas,063,18699,613,533,10,543,2
2021-01-25,Riverside,065,2383286,268159,258082,12453,270535,2789
2021-01-25,Sacramento,067,1510023,86500,84653,1020,85673,1118
2021-01-25,San Benito,069,59416,5352,5238,66,5304,43
2021-01-25,San Bernardino,071,2135413,272922,263174,7883,271057,1947
2021-01-25,San Diego,073,3302833,242063,228630,11298,239928,2375
2021-01-25,San Francisco,075,870044,31265,30734,796,31530,288
2021-01-25,San Joaquin,077,732212,61676,59291,2377,61668,838
2021-01-25,San Luis Obispo,079,281455,17745,16868,453,17321,179
2021-01-25,San Mateo,081,765935,36189,34187,320,34507,213
2021-01-25,Santa Barbara,083,443738,28689,27065,841,27906,269
2021-01-25,Santa Clara,085,1922200,101100,98647,446,99093,1143
2021-01-25,Santa Cruz,087,273765,14150,12973,661,13634,133
2021-01-25,Shasta,089,179085,10234,9991,1048,11039,103
2021-01-25,Sierra,091,2930,48,42,12,54,0
2021-01-25,Siskiyou,093,43540,1301,1205,183,1388,4
2021-01-25,Solano,095,438530,27470,26648,303,26951,109
2021-01-25,Sonoma,097,501317,25691,25160,128,25288,233
2021-01-25,Stanislaus,099,539301,46231,44293,4651,48944,599
2021-01-25,Sutter,101,95872,8164,8023,76,8099,83
2021-01-25,Tehama,103,63373,4234,4082,445,4527,20
2021-01-25,Trinity,105,12862,439,262,63,325,3
2021-01-25,Tulare,107,460477,44918,43124,6357,49481,578
2021-01-25,Tuolumne,109,53932,3449,3422,34,3456,29
2021-01-25,Ventura,111,848112,69499,66910,2421,69331,439
2021-01-25,Yolo,113,214977,11881,11276,124,11400,140
2021-01-25,Yuba,115,75493,5074,4900,67,4967,31
2021-01-24,Alameda,001,1643700,73012,70823,1500,72323,780
2021-01-24,Alpine,002,1148,73,72,0,72,0
2021-01-24,Amador,005,37829,3133,3054,24,3078,30
2021-01-24,Butte,007,227075,10418,9820,1446,11266,133
2021-01-24,Calaveras,009,45235,1709,1704,10,1714,21
2021-01-24,Colusa,011,21464,1730,1689,189,1878,8
2021-01-24,Contra Costa,013,1133247,56960,54694,928,55622,488
2021-01-24,Del Norte,015,27424,885,855,4,859,2
2021-01-24,El Dorado,017,186661,8467,8003,555,8558,66
2021-01-24,Fresno,019,978130,89504,85808,6688,92496,911
2021-01-24,Glenn,021,27897,2088,2026,427,2453,13
2021-01-24,Humboldt,023,135768,2700,2562,17,2579,24
2021-01-24,Imperial,025,180216,26283,25707,2280,27987,488
2021-01-24,Inyo,027,18085,1055,1007,8,1015,27
2021-01-24,Kern,029,883053,86348,83125,8011,91136,785
2021-01-24,Kings,031,150075,20640,19988,818,20806,159
2021-01-24,Lake,033,64148,2816,2724,0,2724,32
2021-01-24,Lassen,035,31185,4892,4828,83,4911,1
2021-01-24,Los Angeles,037,10098052,1096232,1048757,34378,1083135,15119
2021-01-24,Madera,039,155013,14492,14000,686,14686,86
2021-01-24,Marin,041,260295,12191,11872,128,12000,177
2021-01-24,Mariposa,043,17540,346,322,3,325,3
2021-01-24,Mendocino,045,87422,3217,3037,60,3097,33
2021-01-24,Merced,047,269075,25553,25047,702,25749,305
2021-01-24,Modoc,049,8938,301,285,91,376,0
2021-01-24,Mono,051,14174,1119,1113,15,1128,3
2021-01-24,Monterey,053,433212,38635,37527,1264,38791,254
2021-01-24,Napa,055,140530,8250,8005,30,8035,43
2021-01-24,Nevada,057,99092,3558,3349,138,3487,18
2021-01-24,Orange,059,3164182,229792,223853,9155,233008,2632
2021-01-24,Placer,061,380077,18994,17839,922,18761,193
2021-01-24,Plumas,063,18699,610,532,10,542,2
2021-01-24,Riverside,065,2383286,266519,256767,12377,269144,2761
2021-01-24,Sacramento,067,1510023,85947,84110,1012,85122,1112
2021-01-24,San Benito,069,59416,5310,5223,63,5286,43
2021-01-24,San Bernardino,071,2135413,271609,262370,7831,270201,1935
2021-01-24,San Diego,073,3302833,240369,227193,11167,238360,2375
2021-01-24,San Francisco,075,870044,31075,30559,775,31334,275
2021-01-24,San Joaquin,077,732212,61251,59021,2363,61384,838
2021-01-24,San Luis Obispo,079,281455,17620,16758,451,17209,179
2021-01-24,San Mateo,081,765935,35944,33956,314,34270,213
2021-01-24,Santa Barbara,083,443738,28374,26735,831,27566,269
2021-01-24,Santa Clara,085,1922200,100465,98103,441,98544,1109
2021-01-24,Santa Cruz,087,273765,14064,12905,653,13558,133
2021-01-24,Shasta,089,179085,10163,9978,1039,11017,103
2021-01-24,Sierra,091,2930,47,42,12,54,0
2021-01-24,Siskiyou,093,43540,1294,1195,183,1378,4
2021-01-24,Solano,095,438530,27285,26515,299,26814,109
2021-01-24,Sonoma,097,501317,25529,25045,127,25172,233
2021-01-24,Stanislaus,099,539301,45922,44031,4592,48623,599
2021-01-24,Sutter,101,95872,8100,7980,76,8056,83
2021-01-24,Tehama,103,63373,4194,4062,442,4504,20
2021-01-24,Trinity,105,12862,439,262,63,325,3
2021-01-24,Tulare,107,460477,44698,43006,6268,49274,577
2021-01-24,Tuolumne,109,53932,3438,3416,34,3450,29
2021-01-24,Ventura,111,848112,68809,66347,2399,68746,439
2021-01-24,Yolo,113,214977,11798,11210,120,11330,140
2021-01-24,Yuba,115,75493,5034,4875,66,4941,31
2021-01-23,Alameda,001,1643700,72764,70080,1494,71574,780
2021-01-23,Alpine,002,1148,73,72,0,72,0
2021-01-23,Amador,005,37829,3130,3049,24,3073,30
2021-01-23,Butte,007,227075,10389,9757,1443,11200,133
2021-01-23,Calaveras,009,45235,1706,1695,10,1705,21
2021-01-23,Colusa,011,21464,1726,1672,188,1860,8
2021-01-23,Contra Costa,013,1133247,56746,54162,922,55084,487
2021-01-23,Del Norte,015,27424,883,855,4,859,2
2021-01-23,El Dorado,017,186661,8451,7984,553,8537,66
2021-01-23,Fresno,019,978130,89317,85274,6660,91934,910
2021-01-23,Glenn,021,27897,2085,2015,423,2438,13
2021-01-23,Humboldt,023,135768,2681,2493,16,2509,23
2021-01-23,Imperial,025,180216,26249,25581,2268,27849,487
2021-01-23,Inyo,027,18085,1046,987,8,995,27
2021-01-23,Kern,029,883053,86105,82602,7943,90545,783
2021-01-23,Kings,031,150075,20596,19904,816,20720,159
2021-01-23,Lake,033,64148,2807,2673,0,2673,32
2021-01-23,Lassen,035,31185,4891,4816,80,4896,1
2021-01-23,Los Angeles,037,10098052,1092993,1040961,34220,1075181,15034
2021-01-23,Madera,039,155013,14455,13858,683,14541,86
2021-01-23,Marin,041,260295,12135,11796,126,11922,177
2021-01-23,Mariposa,043,17540,346,323,3,326,3
2021-01-23,Mendocino,045,87422,3203,2991,60,3051,32
2021-01-23,Merced,047,269075,25461,24787,688,25475,303
2021-01-23,Modoc,049,8938,301,285,91,376,0
2021-01-23,Mono,051,14174,1117,1111,15,1126,3
2021-01-23,Monterey,053,433212,38552,37165,1259,38424,253
2021-01-23,Napa,055,140530,8225,7893,30,7923,43
2021-01-23,Nevada,057,99092,3547,3332,137,3469,18
2021-01-23,Orange,059,3164182,229023,221722,9115,230837,2618
2021-01-23,Placer,061,380077,18944,17617,917,18534,193
2021-01-23,Plumas,063,18699,609,528,10,538,2
2021-01-23,Riverside,065,2383286,265620,253636,12327,265963,2733
2021-01-23,Sacramento,067,1510023,85719,83408,1009,84417,1108
2021-01-23,San Benito,069,59416,5286,5166,62,5228,43
2021-01-23,San Bernardino,071,2135413,271052,260381,7801,268182,1922
2021-01-23,San Diego,073,3302833,239308,225556,11095,236651,2344
2021-01-23,San Francisco,075,870044,30970,30308,745,31053,268
2021-01-23,San Joaquin,077,732212,61123,58164,2353,60517,836
2021-01-23,San Luis Obispo,079,281455,17556,16652,448,17100,176
2021-01-23,San Mateo,081,765935,35768,33696,303,33999,213
2021-01-23,Santa Barbara,083,443738,28189,26234,822,27056,264
2021-01-23,Santa Clara,085,1922200,100106,97189,440,97629,1086
2021-01-23,Santa Cruz,087,273765,14006,12771,650,13421,127
2021-01-23,Shasta,089,179085,10134,9951,1038,10989,103
2021-01-23,Sierra,091,2930,47,41,12,53,0
2021-01-23,Siskiyou,093,43540,1285,1190,182,1372,4
2021-01-23,Solano,095,438530,27192,26261,297,26558,107
2021-01-23,Sonoma,097,501317,25449,24790,127,24917,232
2021-01-23,Stanislaus,099,539301,45755,43723,4561,48284,599
2021-01-23,Sutter,101,95872,8082,7943,75,8018,80
2021-01-23,Tehama,103,63373,4175,4006,441,4447,20
2021-01-23,Trinity,105,12862,439,262,63,325,3
2021-01-23,Tulare,107,460477,44545,42661,6208,48869,575
2021-01-23,Tuolumne,109,53932,3431,3407,34,3441,29
2021-01-23,Ventura,111,848112,68353,65581,2376,67957,438
2021-01-23,Yolo,113,214977,11757,11087,118,11205,141
2021-01-23,Yuba,115,75493,5022,4831,65,4896,30
2021-01-22,Alameda,001,1643700,72446,69693,1487,71180,751
2021-01-22,Alpine,002,1148,73,71,0,71,0
2021-01-22,Amador,005,37829,3125,3042,24,3066,30
2021-01-22,Butte,007,227075,10345,9711,1430,11141,133
2021-01-22,Calaveras,009,45235,1697,1672,10,1682,21
2021-01-22,Colusa,011,21464,1724,1668,188,1856,7
2021-01-22,Contra Costa,013,1133247,56508,53887,916,54803,485
2021-01-22,Del Norte,015,27424,882,852,4,856,2
2021-01-22,El Dorado,017,186661,8418,7877,550,8427,64
2021-01-22,Fresno,019,978130,88976,84744,6632,91376,892
2021-01-22,Glenn,021,27897,2080,1985,417,2402,13
2021-01-22,Humboldt,023,135768,2657,2452,16,2468,23
2021-01-22,Imperial,025,180216,26215,25562,2253,27815,474
2021-01-22,Inyo,027,18085,1035,961,8,969,26
2021-01-22,Kern,029,883053,85808,82101,7867,89968,771
2021-01-22,Kings,031,150075,20520,19760,812,20572,159
2021-01-22,Lake,033,64148,2795,2681,0,2681,32
2021-01-22,Lassen,035,31185,4882,4765,79,4844,1
2021-01-22,Los Angeles,037,10098052,1088523,1031177,34033,1065210,14777
2021-01-22,Madera,039,155013,14395,13781,682,14463,86
2021-01-22,Marin,041,260295,12098,11769,124,11893,177
2021-01-22,Mariposa,043,17540,346,323,3,326,3
2021-01-22,Mendocino,045,87422,3178,2994,59,3053,32
2021-01-22,Merced,047,269075,25338,24616,681,25297,290
2021-01-22,Modoc,049,8938,301,285,91,376,0
2021-01-22,Mono,051,14174,1117,1108,15,1123,3
2021-01-22,Monterey,053,433212,38399,36909,1254,38163,253
2021-01-22,Napa,055,140530,8180,7828,30,7858,40
2021-01-22,Nevada,057,99092,3522,3296,136,3432,18
2021-01-22,Orange,059,3164182,228070,220384,9068,229452,2542
2021-01-22,Placer,061,380077,18887,17636,902,18538,193
2021-01-22,Plumas,063,18699,607,522,10,532,2
2021-01-22,Riverside,065,2383286,264476,252440,12261,264701,2710
2021-01-22,Sacramento,067,1510023,85388,82861,1001,83862,1094
2021-01-22,San Benito,069,59416,5260,5143,62,5205,43
2021-01-22,San Bernardino,071,2135413,270249,259121,7771,266892,1849
2021-01-22,San Diego,073,3302833,238068,222576,11030,233606,2301
2021-01-22,San Francisco,075,870044,30856,30027,728,30755,266
2021-01-22,San Joaquin,077,732212,60939,58485,2341,60826,812
2021-01-22,San Luis Obispo,079,281455,17466,16336,445,16781,172
2021-01-22,San Mateo,081,765935,35546,33401,300,33701,211
2021-01-22,Santa Barbara,083,443738,27989,25989,811,26800,256
2021-01-22,Santa Clara,085,1922200,99660,96435,437,96872,1062
2021-01-22,Santa Cruz,087,273765,13948,12687,646,13333,123
2021-01-22,Shasta,089,179085,10114,9866,1036,10902,103
2021-01-22,Sierra,091,2930,47,40,12,52,0
2021-01-22,Siskiyou,093,43540,1281,1182,180,1362,4
2021-01-22,Solano,095,438530,27101,26048,295,26343,107
2021-01-22,Sonoma,097,501317,25364,24659,127,24786,232
2021-01-22,Stanislaus,099,539301,45589,43489,4535,48024,599
2021-01-22,Sutter,101,95872,8057,7878,75,7953,80
2021-01-22,Tehama,103,63373,4161,3993,439,4432,19
2021-01-22,Trinity,105,12862,438,263,63,326,3
2021-01-22,Tulare,107,460477,44366,42307,6141,48448,573
2021-01-22,Tuolumne,109,53932,3403,3379,34,3413,29
2021-01-22,Ventura,111,848112,67840,64404,2357,66761,426
2021-01-22,Yolo,113,214977,11724,11014,116,11130,141
2021-01-22,Yuba,115,75493,4998,4789,63,4852,29
2021-01-21,Alameda,001,1643700,72012,69314,1470,70784,739
2021-01-21,Alpine,002,1148,73,71,0,71,0
2021-01-21,Amador,005,37829,3103,3038,24,3062,29
2021-01-21,Butte,007,227075,10281,9643,1423,11066,130
2021-01-21,Calaveras,009,45235,1689,1647,10,1657,21
2021-01-21,Colusa,011,21464,1717,1662,186,1848,7
2021-01-21,Contra Costa,013,1133247,56118,53595,904,54499,478
2021-01-21,Del Norte,015,27424,880,850,3,853,2
2021-01-21,El Dorado,017,186661,8369,7823,547,8370,58
2021-01-21,Fresno,019,978130,88572,84137,6592,90729,889
2021-01-21,Glenn,021,27897,2072,1964,412,2376,13
2021-01-21,Humboldt,023,135768,2634,2423,16,2439,23
2021-01-21,Imperial,025,180216,26130,25509,2241,27750,463
2021-01-21,Inyo,027,18085,1026,946,8,954,26
2021-01-21,Kern,029,883053,85395,81328,7752,89080,769
2021-01-21,Kings,031,150075,20449,19633,795,20428,158
2021-01-21,Lake,033,64148,2781,2669,0,2669,32
2021-01-21,Lassen,035,31185,4875,4763,79,4842,1
2021-01-21,Los Angeles,037,10098052,1081855,1023055,33721,1056776,14537
2021-01-21,Madera,039,155013,14331,13664,674,14338,86
2021-01-21,Marin,041,260295,12044,11732,122,11854,173
2021-01-21,Mariposa,043,17540,342,322,3,325,3
2021-01-21,Mendocino,045,87422,3155,2967,57,3024,32
2021-01-21,Merced,047,269075,25184,24426,674,25100,245
2021-01-21,Modoc,049,8938,298,284,90,374,0
2021-01-21,Mono,051,14174,1112,1104,15,1119,3
2021-01-21,Monterey,053,433212,38118,36149,1245,37394,253
2021-01-21,Napa,055,140530,8116,7774,30,7804,40
2021-01-21,Nevada,057,99092,3493,3274,135,3409,18
2021-01-21,Orange,059,3164182,226694,218867,9014,227881,2540
2021-01-21,Placer,061,380077,18809,17553,898,18451,190
2021-01-21,Plumas,063,18699,603,518,10,528,2
2021-01-21,Riverside,065,2383286,262760,251007,12183,263190,2676
2021-01-21,Sacramento,067,1510023,84909,82303,981,83284,1084
2021-01-21,San Benito,069,59416,5230,5100,57,5157,43
2021-01-21,San Bernardino,071,2135413,268931,257754,7706,265460,1832
2021-01-21,San Diego,073,3302833,236293,219729,10923,230652,2222
2021-01-21,San Francisco,075,870044,30683,29801,694,30495,266
2021-01-21,San Joaquin,077,732212,60633,58270,2323,60593,806
2021-01-21,San Luis Obispo,079,281455,17380,16153,437,16590,169
2021-01-21,San Mateo,081,765935,35300,33156,287,33443,210
2021-01-21,Santa Barbara,083,443738,27701,25654,798,26452,253
2021-01-21,Santa Clara,085,1922200,99073,96028,432,96460,1062
2021-01-21,Santa Cruz,087,273765,13864,12548,636,13184,119
2021-01-21,Shasta,089,179085,10071,9795,1021,10816,98
2021-01-21,Sierra,091,2930,47,40,12,52,0
2021-01-21,Siskiyou,093,43540,1278,1178,178,1356,4
2021-01-21,Solano,095,438530,26923,25885,291,26176,106
2021-01-21,Sonoma,097,501317,25224,24440,125,24565,230
2021-01-21,Stanislaus,099,539301,45291,43223,4491,47714,599
2021-01-21,Sutter,101,95872,8023,7822,75,7897,80
2021-01-21,Tehama,103,63373,4122,3938,438,4376,19
2021-01-21,Trinity,105,12862,438,261,63,324,3
2021-01-21,Tulare,107,460477,44155,42082,6067,48149,569
2021-01-21,Tuolumne,109,53932,3393,3365,33,3398,29
2021-01-21,Ventura,111,848112,67141,63995,2337,66332,420
2021-01-21,Yolo,113,214977,11633,10940,108,11048,141
2021-01-21,Yuba,115,75493,4966,4757,62,4819,29
2021-01-20,Alameda,001,1643700,71539,68785,1454,70239,702
2021-01-20,Alpine,002,1148,73,71,0,71,0
2021-01-20,Amador,005,37829,3072,3036,24,3060,29
2021-01-20,Butte,007,227075,10225,9582,1413,10995,130
2021-01-20,Calaveras,009,45235,1667,1637,9,1646,21
2021-01-20,Colusa,011,21464,1700,1630,181,1811,7
2021-01-20,Contra Costa,013,1133247,55692,53108,895,54003,461
2021-01-20,Del Norte,015,27424,879,848,3,851,2
2021-01-20,El Dorado,017,186661,8319,7785,544,8329,53
2021-01-20,Fresno,019,978130,88153,83591,6538,90129,872
2021-01-20,Glenn,021,27897,2053,1955,410,2365,13
2021-01-20,Humboldt,023,135768,2591,2390,16,2406,22
2021-01-20,Imperial,025,180216,26058,25380,2207,27587,461
2021-01-20,Inyo,027,18085,1016,901,8,909,26
2021-01-20,Kern,029,883053,84945,80701,7647,88348,754
2021-01-20,Kings,031,150075,20359,19522,787,20309,146
2021-01-20,Lake,033,64148,2761,2646,0,2646,31
2021-01-20,Lassen,035,31185,4867,4758,77,4835,1
2021-01-20,Los Angeles,037,10098052,1074352,1015608,33443,1049051,14299
2021-01-20,Madera,039,155013,14266,13585,670,14255,86
2021-01-20,Marin,041,260295,11988,11684,120,11804,171
2021-01-20,Mariposa,043,17540,340,322,3,325,3
2021-01-20,Mendocino,045,87422,3140,2957,57,3014,32
2021-01-20,Merced,047,269075,25011,24220,652,24872,243
2021-01-20,Modoc,049,8938,297,282,90,372,0
2021-01-20,Mono,051,14174,1105,1105,14,1119,3
2021-01-20,Monterey,053,433212,37806,35960,1225,37185,249
2021-01-20,Napa,055,140530,8047,7731,30,7761,40
2021-01-20,Nevada,057,99092,3461,3238,135,3373,18
2021-01-20,Orange,059,3164182,225158,216893,8953,225846,2500
2021-01-20,Placer,061,380077,18715,17455,880,18335,186
2021-01-20,Plumas,063,18699,601,512,10,522,2
2021-01-20,Riverside,065,2383286,260716,248686,12100,260786,2615
2021-01-20,Sacramento,067,1510023,84349,81687,971,82658,1072
2021-01-20,San Benito,069,59416,5199,5036,56,5092,35
2021-01-20,San Bernardino,071,2135413,267609,255921,7659,263580,1801
2021-01-20,San Diego,073,3302833,234438,218553,10819,229372,2174
2021-01-20,San Francisco,075,870044,30496,29665,673,30338,262
2021-01-20,San Joaquin,077,732212,60230,58025,2314,60339,783
2021-01-20,San Luis Obispo,079,281455,17198,15936,428,16364,164
2021-01-20,San Mateo,081,765935,35073,32929,286,33215,210
2021-01-20,Santa Barbara,083,443738,27383,25312,786,26098,248
2021-01-20,Santa Clara,085,1922200,98428,94995,430,95425,1040
2021-01-20,Santa Cruz,087,273765,13757,12460,623,13083,107
2021-01-20,Shasta,089,179085,10019,9697,1011,10708,98
2021-01-20,Sierra,091,2930,47,40,12,52,0
2021-01-20,Siskiyou,093,43540,1271,1163,177,1340,4
2021-01-20,Solano,095,438530,26730,25659,287,25946,106
2021-01-20,Sonoma,097,501317,25087,24262,123,24385,223
2021-01-20,Stanislaus,099,539301,45011,42955,4453,47408,585
2021-01-20,Sutter,101,95872,7972,7772,73,7845,80
2021-01-20,Tehama,103,63373,4096,3892,435,4327,19
2021-01-20,Trinity,105,12862,438,260,63,323,3
2021-01-20,Tulare,107,460477,43898,41799,5977,47776,559
2021-01-20,Tuolumne,109,53932,3379,3355,32,3387,29
2021-01-20,Ventura,111,848112,66180,63413,2308,65721,395
2021-01-20,Yolo,113,214977,11568,10852,105,10957,141
2021-01-20,Yuba,115,75493,4939,4729,62,4791,29
2021-01-19,Alameda,001,1643700,70898,68434,1445,69879,680
2021-01-19,Alpine,002,1148,73,71,0,71,0
2021-01-19,Amador,005,37829,3063,3024,24,3048,28
2021-01-19,Butte,007,227075,10162,9528,1399,10927,129
2021-01-19,Calaveras,009,45235,1652,1621,8,1629,21
2021-01-19,Colusa,011,21464,1678,1617,178,1795,7
2021-01-19,Contra Costa,013,1133247,55229,52730,885,53615,448
2021-01-19,Del Norte,015,27424,877,843,3,846,2
2021-01-19,El Dorado,017,186661,8258,7743,536,8279,47
2021-01-19,Fresno,019,978130,87631,83200,6488,89688,857
2021-01-19,Glenn,021,27897,2041,1948,405,2353,13
2021-01-19,Humboldt,023,135768,2567,2359,13,2372,22
2021-01-19,Imperial,025,180216,25978,25333,2190,27523,452
2021-01-19,Inyo,027,18085,1008,891,8,899,26
2021-01-19,Kern,029,883053,84357,80272,7542,87814,742
2021-01-19,Kings,031,150075,20220,19375,777,20152,143
2021-01-19,Lake,033,64148,2748,2625,0,2625,31
2021-01-19,Lassen,035,31185,4860,4753,77,4830,1
2021-01-19,Los Angeles,037,10098052,1065678,1010375,33179,1043554,14014
2021-01-19,Madera,039,155013,14155,13528,665,14193,86
2021-01-19,Marin,041,260295,11933,11654,116,11770,169
2021-01-19,Mariposa,043,17540,340,322,3,325,3
2021-01-19,Mendocino,045,87422,3123,2930,57,2987,32
2021-01-19,Merced,047,269075,24799,24108,643,24751,242
2021-01-19,Modoc,049,8938,296,281,90,371,0
2021-01-19,Mono,051,14174,1104,1106,14,1120,3
2021-01-19,Monterey,053,433212,37505,35840,1204,37044,248
2021-01-19,Napa,055,140530,7989,7672,30,7702,38
2021-01-19,Nevada,057,99092,3443,3216,133,3349,18
2021-01-19,Orange,059,3164182,223425,215244,8886,224130,2468
2021-01-19,Placer,061,380077,18618,17348,870,18218,182
2021-01-19,Plumas,063,18699,594,509,10,519,2
2021-01-19,Riverside,065,2383286,258629,246248,12022,258270,2585
2021-01-19,Sacramento,067,1510023,83812,81183,951,82134,1053
2021-01-19,San Benito,069,59416,5153,4988,55,5043,35
2021-01-19,San Bernardino,071,2135413,265905,253651,7605,261256,1777
2021-01-19,San Diego,073,3302833,232015,216833,10721,227554,2109
2021-01-19,San Francisco,075,870044,30277,29502,642,30144,261
2021-01-19,San Joaquin,077,732212,59850,57655,2303,59958,782
2021-01-19,San Luis Obispo,079,281455,16935,15855,425,16280,161
2021-01-19,San Mateo,081,765935,34788,32730,275,33005,208
2021-01-19,Santa Barbara,083,443738,26999,24991,770,25761,236
2021-01-19,Santa Clara,085,1922200,97693,94483,429,94912,1010
2021-01-19,Santa Cruz,087,273765,13640,12410,615,13025,106
2021-01-19,Shasta,089,179085,9983,9614,1001,10615,93
2021-01-19,Sierra,091,2930,47,40,10,50,0
2021-01-19,Siskiyou,093,43540,1263,1149,175,1324,4
2021-01-19,Solano,095,438530,26482,25520,286,25806,106
2021-01-19,Sonoma,097,501317,24907,24133,121,24254,223
2021-01-19,Stanislaus,099,539301,44663,42723,4408,47131,561
2021-01-19,Sutter,101,95872,7922,7709,67,7776,80
2021-01-19,Tehama,103,63373,4066,3876,433,4309,19
2021-01-19,Trinity,105,12862,437,260,63,323,3
2021-01-19,Tulare,107,460477,43619,41559,5882,47441,549
2021-01-19,Tuolumne,109,53932,3352,3328,32,3360,29
2021-01-19,Ventura,111,848112,65496,62656,2281,64937,383
2021-01-19,Yolo,113,214977,11483,10789,105,10894,134
2021-01-19,Yuba,115,75493,4906,4695,61,4756,29
2021-01-18,Alameda,001,1643700,70266,67938,1428,69366,680
2021-01-18,Alpine,002,1148,73,71,0,71,0
2021-01-18,Amador,005,37829,3049,3016,24,3040,28
2021-01-18,Butte,007,227075,10076,9474,1387,10861,129
2021-01-18,Calaveras,009,45235,1631,1617,7,1624,21
2021-01-18,Colusa,011,21464,1662,1608,176,1784,7
2021-01-18,Contra Costa,013,1133247,54720,52323,877,53200,448
2021-01-18,Del Norte,015,27424,876,840,3,843,2
2021-01-18,El Dorado,017,186661,8192,7707,534,8241,47
2021-01-18,Fresno,019,978130,87020,82485,6422,88907,857
2021-01-18,Glenn,021,27897,2024,1935,401,2336,13
2021-01-18,Humboldt,023,135768,2529,2343,13,2356,22
2021-01-18,Imperial,025,180216,25910,25317,2166,27483,452
2021-01-18,Inyo,027,18085,996,872,8,880,26
2021-01-18,Kern,029,883053,83720,79930,7451,87381,740
2021-01-18,Kings,031,150075,20050,19267,765,20032,141
2021-01-18,Lake,033,64148,2731,2591,0,2591,30
2021-01-18,Lassen,035,31185,4824,4749,76,4825,1
2021-01-18,Los Angeles,037,10098052,1056166,1002614,32895,1035509,13828
2021-01-18,Madera,039,155013,14053,13443,656,14099,85
2021-01-18,Marin,041,260295,11887,11607,114,11721,165
2021-01-18,Mariposa,043,17540,337,320,2,322,3
2021-01-18,Mendocino,045,87422,3100,2919,57,2976,31
2021-01-18,Merced,047,269075,24554,23927,627,24554,242
2021-01-18,Modoc,049,8938,293,281,87,368,0
2021-01-18,Mono,051,14174,1101,1101,14,1115,3
2021-01-18,Monterey,053,433212,37063,35549,1190,36739,247
2021-01-18,Napa,055,140530,7916,7601,30,7631,38
2021-01-18,Nevada,057,99092,3405,3199,133,3332,17
2021-01-18,Orange,059,3164182,221536,213866,8832,222698,2405
2021-01-18,Placer,061,380077,18502,17263,861,18124,182
2021-01-18,Plumas,063,18699,591,506,10,516,2
2021-01-18,Riverside,065,2383286,256318,244151,11929,256080,2568
2021-01-18,Sacramento,067,1510023,83142,80546,935,81481,1046
2021-01-18,San Benito,069,59416,5105,4963,53,5016,35
2021-01-18,San Bernardino,071,2135413,264187,252808,7550,260358,1775
2021-01-18,San Diego,073,3302833,229366,214335,10592,224927,2103
2021-01-18,San Francisco,075,870044,30070,29321,618,29939,259
2021-01-18,San Joaquin,077,732212,59338,57405,2282,59687,782
2021-01-18,San Luis Obispo,079,281455,16748,15742,415,16157,158
2021-01-18,San Mateo,081,765935,34476,32515,256,32771,208
2021-01-18,Santa Barbara,083,443738,26620,24638,757,25395,235
2021-01-18,Santa Clara,085,1922200,96906,93688,425,94113,992
2021-01-18,Santa Cruz,087,273765,13507,12298,602,12900,106
2021-01-18,Shasta,089,179085,9944,9600,991,10591,92
2021-01-18,Sierra,091,2930,46,40,10,50,0
2021-01-18,Siskiyou,093,43540,1250,1144,174,1318,4
2021-01-18,Solano,095,438530,26204,25344,282,25626,105
2021-01-18,Sonoma,097,501317,24639,24068,120,24188,223
2021-01-18,Stanislaus,099,539301,44306,42413,4352,46765,562
2021-01-18,Sutter,101,95872,7865,7680,65,7745,78
2021-01-18,Tehama,103,63373,4021,3854,426,4280,19
2021-01-18,Trinity,105,12862,437,260,63,323,3
2021-01-18,Tulare,107,460477,43329,41196,5776,46972,549
2021-01-18,Tuolumne,109,53932,3328,3318,31,3349,28
2021-01-18,Ventura,111,848112,65063,61859,2259,64118,379
2021-01-18,Yolo,113,214977,11361,10620,102,10722,134
2021-01-18,Yuba,115,75493,4879,4671,59,4730,29
2021-01-17,Alameda,001,1643700,69702,67375,1410,68785,676
2021-01-17,Alpine,002,1148,73,71,0,71,0
2021-01-17,Amador,005,37829,3042,3001,24,3025,28
2021-01-17,Butte,007,227075,10001,9411,1363,10774,129
2021-01-17,Calaveras,009,45235,1618,1608,7,1615,21
2021-01-17,Colusa,011,21464,1649,1588,172,1760,7
2021-01-17,Contra Costa,013,1133247,54213,51932,866,52798,447
2021-01-17,Del Norte,015,27424,876,838,3,841,2
2021-01-17,El Dorado,017,186661,8137,7659,523,8182,47
2021-01-17,Fresno,019,978130,86466,82039,6347,88386,857
2021-01-17,Glenn,021,27897,2013,1924,396,2320,9
2021-01-17,Humboldt,023,135768,2493,2322,11,2333,22
2021-01-17,Imperial,025,180216,25839,25253,2125,27378,451
2021-01-17,Inyo,027,18085,990,864,8,872,26
2021-01-17,Kern,029,883053,83171,79489,7365,86854,738
2021-01-17,Kings,031,150075,19914,19201,751,19952,131
2021-01-17,Lake,033,64148,2717,2572,0,2572,30
2021-01-17,Lassen,035,31185,4816,4740,75,4815,1
2021-01-17,Los Angeles,037,10098052,1049504,993028,32508,1025536,13741
2021-01-17,Madera,039,155013,13963,13328,652,13980,85
2021-01-17,Marin,041,260295,11838,11552,112,11664,164
2021-01-17,Mariposa,043,17540,337,319,2,321,3
2021-01-17,Mendocino,045,87422,3072,2912,56,2968,31
2021-01-17,Merced,047,269075,24341,23800,609,24409,242
2021-01-17,Modoc,049,8938,292,279,87,366,0
2021-01-17,Mono,051,14174,1094,1091,13,1104,3
2021-01-17,Monterey,053,433212,36819,35340,1164,36504,244
2021-01-17,Napa,055,140530,7860,7521,30,7551,38
2021-01-17,Nevada,057,99092,3380,3176,131,3307,17
2021-01-17,Orange,059,3164182,219542,212389,8759,221148,2359
2021-01-17,Placer,061,380077,18396,17194,846,18040,181
2021-01-17,Plumas,063,18699,589,505,9,514,2
2021-01-17,Riverside,065,2383286,254208,242206,11813,254019,2534
2021-01-17,Sacramento,067,1510023,82542,80154,923,81077,1045
2021-01-17,San Benito,069,59416,5067,4941,53,4994,35
2021-01-17,San Bernardino,071,2135413,262089,251487,7463,258950,1775
2021-01-17,San Diego,073,3302833,227172,211785,10485,222270,2103
2021-01-17,San Francisco,075,870044,29881,29139,581,29720,255
2021-01-17,San Joaquin,077,732212,58981,57094,2268,59362,780
2021-01-17,San Luis Obispo,079,281455,16626,15658,406,16064,157
2021-01-17,San Mateo,081,765935,34224,32186,233,32419,208
2021-01-17,Santa Barbara,083,443738,26159,24401,745,25146,235
2021-01-17,Santa Clara,085,1922200,96146,92752,422,93174,976
2021-01-17,Santa Cruz,087,273765,13395,12196,599,12795,106
2021-01-17,Shasta,089,179085,9886,9588,983,10571,92
2021-01-17,Sierra,091,2930,46,38,9,47,0
2021-01-17,Siskiyou,093,43540,1243,1136,171,1307,4
2021-01-17,Solano,095,438530,25978,25216,280,25496,105
2021-01-17,Sonoma,097,501317,24465,23871,120,23991,223
2021-01-17,Stanislaus,099,539301,43986,42221,4289,46510,562
2021-01-17,Sutter,101,95872,7802,7604,64,7668,77
2021-01-17,Tehama,103,63373,3990,3837,422,4259,18
2021-01-17,Trinity,105,12862,437,261,63,324,3
2021-01-17,Tulare,107,460477,43042,41016,5660,46676,549
2021-01-17,Tuolumne,109,53932,3311,3287,31,3318,27
2021-01-17,Ventura,111,848112,64212,61257,2212,63469,376
2021-01-17,Yolo,113,214977,11262,10519,100,10619,134
2021-01-17,Yuba,115,75493,4832,4640,56,4696,28
2021-01-16,Alameda,001,1643700,69380,66583,1398,67981,673
2021-01-16,Alpine,002,1148,73,71,0,71,0
2021-01-16,Amador,005,37829,3039,2986,24,3010,28
2021-01-16,Butte,007,227075,9970,9359,1343,10702,129
2021-01-16,Calaveras,009,45235,1605,1596,7,1603,21
2021-01-16,Colusa,011,21464,1638,1578,172,1750,7
2021-01-16,Contra Costa,013,1133247,53934,51363,859,52222,443
2021-01-16,Del Norte,015,27424,871,833,3,836,2
2021-01-16,El Dorado,017,186661,8115,7575,522,8097,47
2021-01-16,Fresno,019,978130,86190,81294,6293,87587,846
2021-01-16,Glenn,021,27897,2009,1894,393,2287,9
2021-01-16,Humboldt,023,135768,2473,2294,9,2303,22
2021-01-16,Imperial,025,180216,25801,25140,2118,27258,451
2021-01-16,Inyo,027,18085,986,845,8,853,25
2021-01-16,Kern,029,883053,82804,78865,7311,86176,733
2021-01-16,Kings,031,150075,19858,19072,748,19820,131
2021-01-16,Lake,033,64148,2705,2504,0,2504,30
2021-01-16,Lassen,035,31185,4804,4719,75,4794,1
2021-01-16,Los Angeles,037,10098052,1045418,982684,32274,1014958,13654
2021-01-16,Madera,039,155013,13897,13193,647,13840,85
2021-01-16,Marin,041,260295,11796,11482,112,11594,164
2021-01-16,Mariposa,043,17540,336,317,2,319,3
2021-01-16,Mendocino,045,87422,3058,2890,53,2943,31
2021-01-16,Merced,047,269075,24254,23478,595,24073,242
2021-01-16,Modoc,049,8938,292,278,87,365,0
2021-01-16,Mono,051,14174,1092,1079,13,1092,3
2021-01-16,Monterey,053,433212,36708,34972,1148,36120,243
2021-01-16,Napa,055,140530,7821,7356,30,7386,39
2021-01-16,Nevada,057,99092,3347,3144,131,3275,17
2021-01-16,Orange,059,3164182,218509,210111,8703,218814,2312
2021-01-16,Placer,061,380077,18332,16995,844,17839,177
2021-01-16,Plumas,063,18699,587,502,9,511,2
2021-01-16,Riverside,065,2383286,252850,239412,11698,251110,2506
2021-01-16,Sacramento,067,1510023,82168,79122,906,80028,1033
2021-01-16,San Benito,069,59416,5034,4875,53,4928,35
2021-01-16,San Bernardino,071,2135413,261261,249401,7396,256797,1755
2021-01-16,San Diego,073,3302833,225874,209895,10388,220283,2065
2021-01-16,San Francisco,075,870044,29752,28853,550,29403,244
2021-01-16,San Joaquin,077,732212,58738,56642,2235,58877,776
2021-01-16,San Luis Obispo,079,281455,16525,15466,404,15870,152
2021-01-16,San Mateo,081,765935,34059,31805,227,32032,208
2021-01-16,Santa Barbara,083,443738,25958,24088,741,24829,229
2021-01-16,Santa Clara,085,1922200,95651,91584,415,91999,954
2021-01-16,Santa Cruz,087,273765,13336,12026,597,12623,106
2021-01-16,Shasta,089,179085,9853,9547,979,10526,92
2021-01-16,Sierra,091,2930,45,38,9,47,0
2021-01-16,Siskiyou,093,43540,1238,1124,171,1295,4
2021-01-16,Solano,095,438530,25869,24732,276,25008,103
2021-01-16,Sonoma,097,501317,24374,23607,119,23726,223
2021-01-16,Stanislaus,099,539301,43798,41809,4239,46048,562
2021-01-16,Sutter,101,95872,7770,7560,64,7624,76
2021-01-16,Tehama,103,63373,3976,3783,422,4205,18
2021-01-16,Trinity,105,12862,437,261,63,324,3
2021-01-16,Tulare,107,460477,42863,40655,5587,46242,542
2021-01-16,Tuolumne,109,53932,3303,3269,31,3300,27
2021-01-16,Ventura,111,848112,63659,60368,2182,62550,369
2021-01-16,Yolo,113,214977,11211,10406,99,10505,134
2021-01-16,Yuba,115,75493,4804,4602,56,4658,27
2021-01-15,Alameda,001,1643700,68952,65416,1387,66803,672
2021-01-15,Alpine,002,1148,73,71,0,71,0
2021-01-15,Amador,005,37829,3032,2953,24,2977,28
2021-01-15,Butte,007,227075,9928,9233,1329,10562,129
2021-01-15,Calaveras,009,45235,1598,1538,7,1545,21
2021-01-15,Colusa,011,21464,1627,1541,167,1708,7
2021-01-15,Contra Costa,013,1133247,53598,50408,852,51260,428
2021-01-15,Del Norte,015,27424,867,828,2,830,2
2021-01-15,El Dorado,017,186661,8065,7439,514,7953,47
2021-01-15,Fresno,019,978130,85652,79950,6257,86207,832
2021-01-15,Glenn,021,27897,2005,1824,390,2214,9
2021-01-15,Humboldt,023,135768,2446,2218,8,2226,22
2021-01-15,Imperial,025,180216,25765,24944,2112,27056,446
2021-01-15,Inyo,027,18085,969,814,8,822,25
2021-01-15,Kern,029,883053,82388,77873,7246,85119,719
2021-01-15,Kings,031,150075,19749,18661,742,19403,131
2021-01-15,Lake,033,64148,2679,2434,0,2434,28
2021-01-15,Lassen,035,31185,4793,4693,73,4766,1
2021-01-15,Los Angeles,037,10098052,1038365,968979,31992,1000971,13404
2021-01-15,Madera,039,155013,13807,12883,643,13526,85
2021-01-15,Marin,041,260295,11740,11310,112,11422,160
2021-01-15,Mariposa,043,17540,334,307,2,309,3
2021-01-15,Mendocino,045,87422,3047,2835,53,2888,31
2021-01-15,Merced,047,269075,24142,23060,591,23651,239
2021-01-15,Modoc,049,8938,292,278,85,363,0
2021-01-15,Mono,051,14174,1089,1057,13,1070,3
2021-01-15,Monterey,053,433212,36491,34460,1091,35551,243
2021-01-15,Napa,055,140530,7759,7231,30,7261,38
2021-01-15,Nevada,057,99092,3334,3099,128,3227,17
2021-01-15,Orange,059,3164182,217154,207129,8651,215780,2254
2021-01-15,Placer,061,380077,18227,16712,835,17547,173
2021-01-15,Plumas,063,18699,584,499,9,508,2
2021-01-15,Riverside,065,2383286,250988,235235,11619,246854,2458
2021-01-15,Sacramento,067,1510023,81745,80279,898,81177,1023
2021-01-15,San Benito,069,59416,4995,4766,51,4817,35
2021-01-15,San Bernardino,071,2135413,260078,246182,7335,253517,1726
2021-01-15,San Diego,073,3302833,224125,206868,10323,217191,2037
2021-01-15,San Francisco,075,870044,29579,28574,530,29104,242
2021-01-15,San Joaquin,077,732212,58510,55885,2221,58106,748
2021-01-15,San Luis Obispo,079,281455,16391,15129,399,15528,148
2021-01-15,San Mateo,081,765935,33814,31291,223,31514,208
2021-01-15,Santa Barbara,083,443738,25675,23487,737,24224,226
2021-01-15,Santa Clara,085,1922200,94990,90103,410,90513,942
2021-01-15,Santa Cruz,087,273765,13227,11776,584,12360,105
2021-01-15,Shasta,089,179085,9814,9459,972,10431,91
2021-01-15,Sierra,091,2930,44,36,7,43,0
2021-01-15,Siskiyou,093,43540,1234,1119,171,1290,4
2021-01-15,Solano,095,438530,25721,24222,274,24496,103
2021-01-15,Sonoma,097,501317,24243,23204,118,23322,222
2021-01-15,Stanislaus,099,539301,43548,41178,4197,45375,562
2021-01-15,Sutter,101,95872,7723,7484,63,7547,75
2021-01-15,Tehama,103,63373,3954,3714,421,4135,17
2021-01-15,Trinity,105,12862,437,262,63,325,3
2021-01-15,Tulare,107,460477,42621,39951,5504,45455,535
2021-01-15,Tuolumne,109,53932,3287,3231,31,3262,27
2021-01-15,Ventura,111,848112,62916,59061,2149,61210,353
2021-01-15,Yolo,113,214977,11153,10240,98,10338,134
2021-01-15,Yuba,115,75493,4784,4549,56,4605,27
2021-01-14,Alameda,001,1643700,68325,64364,1372,65736,686
2021-01-14,Alpine,002,1148,73,71,0,71,0
2021-01-14,Amador,005,37829,3026,2940,24,2964,28
2021-01-14,Butte,007,227075,9840,9127,1308,10435,129
2021-01-14,Calaveras,009,45235,1581,1513,7,1520,21
2021-01-14,Colusa,011,21464,1612,1535,161,1696,7
2021-01-14,Contra Costa,013,1133247,53055,49545,840,50385,415
2021-01-14,Del Norte,015,27424,861,821,2,823,2
2021-01-14,El Dorado,017,186661,7991,7321,507,7828,45
2021-01-14,Fresno,019,978130,85020,79033,6177,85210,814
2021-01-14,Glenn,021,27897,1993,1798,385,2183,9
2021-01-14,Humboldt,023,135768,2403,2169,8,2177,22
2021-01-14,Imperial,025,180216,25659,24882,2082,26964,447
2021-01-14,Inyo,027,18085,962,790,8,798,25
2021-01-14,Kern,029,883053,81716,77070,7145,84215,705
2021-01-14,Kings,031,150075,19619,18405,738,19143,108
2021-01-14,Lake,033,64148,2640,2378,0,2378,27
2021-01-14,Lassen,035,31185,4783,4673,71,4744,1
2021-01-14,Los Angeles,037,10098052,1028335,954652,31627,986279,13147
2021-01-14,Madera,039,155013,13692,12742,634,13376,85
2021-01-14,Marin,041,260295,11664,11155,111,11266,159
2021-01-14,Mariposa,043,17540,331,302,2,304,3
2021-01-14,Mendocino,045,87422,3033,2801,51,2852,31
2021-01-14,Merced,047,269075,23915,22780,581,23361,239
2021-01-14,Modoc,049,8938,292,273,85,358,0
2021-01-14,Mono,051,14174,1081,1020,13,1033,3
2021-01-14,Monterey,053,433212,36070,34105,1069,35174,242
2021-01-14,Napa,055,140530,7673,7117,30,7147,38
2021-01-14,Nevada,057,99092,3307,3075,126,3201,17
2021-01-14,Orange,059,3164182,215248,204442,8567,213009,2162
2021-01-14,Placer,061,380077,18066,16488,828,17316,169
2021-01-14,Plumas,063,18699,576,496,9,505,2
2021-01-14,Riverside,065,2383286,248341,231684,11518,243202,2357
2021-01-14,Sacramento,067,1510023,81106,79137,875,80012,1007
2021-01-14,San Benito,069,59416,4959,4678,50,4728,35
2021-01-14,San Bernardino,071,2135413,258094,243379,7264,250643,1750
2021-01-14,San Diego,073,3302833,221727,204173,10203,214376,2005
2021-01-14,San Francisco,075,870044,29332,28200,484,28684,238
2021-01-14,San Joaquin,077,732212,57992,55058,2208,57266,739
2021-01-14,San Luis Obispo,079,281455,16229,14851,390,15241,146
2021-01-14,San Mateo,081,765935,33445,30694,214,30908,208
2021-01-14,Santa Barbara,083,443738,25254,23126,720,23846,219
2021-01-14,Santa Clara,085,1922200,94079,88505,404,88909,910
2021-01-14,Santa Cruz,087,273765,13080,11583,569,12152,109
2021-01-14,Shasta,089,179085,9765,9334,956,10290,90
2021-01-14,Sierra,091,2930,44,35,6,41,0
2021-01-14,Siskiyou,093,43540,1222,1108,168,1276,3
2021-01-14,Solano,095,438530,25460,23782,270,24052,103
2021-01-14,Sonoma,097,501317,24003,22910,118,23028,202
2021-01-14,Stanislaus,099,539301,43221,40597,4156,44753,574
2021-01-14,Sutter,101,95872,7664,7416,60,7476,74
2021-01-14,Tehama,103,63373,3925,3664,417,4081,17
2021-01-14,Trinity,105,12862,437,261,62,323,3
2021-01-14,Tulare,107,460477,42237,39565,5395,44960,533
2021-01-14,Tuolumne,109,53932,3266,3215,31,3246,28
2021-01-14,Ventura,111,848112,62042,57941,2112,60053,347
2021-01-14,Yolo,113,214977,11050,10097,92,10189,135
2021-01-14,Yuba,115,75493,4752,4496,56,4552,27
2021-01-13,Alameda,001,1643700,67575,63568,1354,64922,690
2021-01-13,Alpine,002,1148,73,71,0,71,0
2021-01-13,Amador,005,37829,3012,2914,24,2938,26
2021-01-13,Butte,007,227075,9759,9013,1293,10306,126
2021-01-13,Calaveras,009,45235,1559,1493,7,1500,21
2021-01-13,Colusa,011,21464,1602,1524,153,1677,7
2021-01-13,Contra Costa,013,1133247,52482,48877,829,49706,403
2021-01-13,Del Norte,015,27424,857,820,2,822,2
2021-01-13,El Dorado,017,186661,7897,7247,499,7746,43
2021-01-13,Fresno,019,978130,84301,78278,6136,84414,804
2021-01-13,Glenn,021,27897,1977,1792,376,2168,9
2021-01-13,Humboldt,023,135768,2370,2114,8,2122,22
2021-01-13,Imperial,025,180216,25535,24717,2050,26767,463
2021-01-13,Inyo,027,18085,950,785,8,793,25
2021-01-13,Kern,029,883053,81059,76049,7055,83104,704
2021-01-13,Kings,031,150075,19452,18121,717,18838,108
2021-01-13,Lake,033,64148,2599,2305,0,2305,27
2021-01-13,Lassen,035,31185,4776,4663,70,4733,1
2021-01-13,Los Angeles,037,10098052,1017540,937985,31230,969215,12873
2021-01-13,Madera,039,155013,13576,12570,629,13199,85
2021-01-13,Marin,041,260295,11612,11039,111,11150,161
2021-01-13,Mariposa,043,17540,329,304,2,306,3
2021-01-13,Mendocino,045,87422,3013,2790,51,2841,31
2021-01-13,Merced,047,269075,23676,22497,567,23064,241
2021-01-13,Modoc,049,8938,291,274,82,356,0
2021-01-13,Mono,051,14174,1077,1017,13,1030,3
2021-01-13,Monterey,053,433212,35645,33748,1045,34793,241
2021-01-13,Napa,055,140530,7559,7028,30,7058,36
2021-01-13,Nevada,057,99092,3283,3037,123,3160,17
2021-01-13,Orange,059,3164182,213176,201158,8497,209655,2172
2021-01-13,Placer,061,380077,17941,16272,814,17086,172
2021-01-13,Plumas,063,18699,574,490,9,499,2
2021-01-13,Riverside,065,2383286,245194,228192,11405,239597,2278
2021-01-13,Sacramento,067,1510023,80445,78268,868,79136,996
2021-01-13,San Benito,069,59416,4903,4583,49,4632,35
2021-01-13,San Bernardino,071,2135413,255707,240191,7189,247380,1759
2021-01-13,San Diego,073,3302833,219112,201578,10100,211678,1952
2021-01-13,San Francisco,075,870044,29093,27863,464,28327,238
2021-01-13,San Joaquin,077,732212,57370,54373,2180,56553,738
2021-01-13,San Luis Obispo,079,281455,16074,14625,379,15004,140
2021-01-13,San Mateo,081,765935,33106,30195,212,30407,207
2021-01-13,Santa Barbara,083,443738,24812,22714,704,23418,216
2021-01-13,Santa Clara,085,1922200,93106,87187,400,87587,911
2021-01-13,Santa Cruz,087,273765,12907,11423,555,11978,110
2021-01-13,Shasta,089,179085,9701,9180,942,10122,93
2021-01-13,Sierra,091,2930,44,33,6,39,0
2021-01-13,Siskiyou,093,43540,1216,1102,164,1266,3
2021-01-13,Solano,095,438530,25182,23503,267,23770,105
2021-01-13,Sonoma,097,501317,23752,22610,117,22727,206
2021-01-13,Stanislaus,099,539301,42829,40167,4103,44270,574
2021-01-13,Sutter,101,95872,7618,7350,59,7409,73
2021-01-13,Tehama,103,63373,3874,3589,412,4001,17
2021-01-13,Trinity,105,12862,437,260,62,322,3
2021-01-13,Tulare,107,460477,41834,39129,5295,44424,522
2021-01-13,Tuolumne,109,53932,3252,3196,31,3227,28
2021-01-13,Ventura,111,848112,61030,56453,2072,58525,338
2021-01-13,Yolo,113,214977,10951,9933,89,10022,135
2021-01-13,Yuba,115,75493,4707,4448,53,4501,27
2021-01-12,Alameda,001,1643700,66750,62642,1336,63978,677
2021-01-12,Alpine,002,1148,73,71,0,71,0
2021-01-12,Amador,005,37829,2995,2897,24,2921,26
2021-01-12,Butte,007,227075,9671,8883,1279,10162,124
2021-01-12,Calaveras,009,45235,1523,1475,7,1482,21
2021-01-12,Colusa,011,21464,1590,1510,149,1659,7
2021-01-12,Contra Costa,013,1133247,51840,48242,815,49057,399
2021-01-12,Del Norte,015,27424,852,816,2,818,2
2021-01-12,El Dorado,017,186661,7813,7156,488,7644,41
2021-01-12,Fresno,019,978130,83429,77651,6068,83719,796
2021-01-12,Glenn,021,27897,1952,1781,372,2153,9
2021-01-12,Humboldt,023,135768,2316,2077,7,2084,22
2021-01-12,Imperial,025,180216,25443,24566,2009,26575,457
2021-01-12,Inyo,027,18085,932,773,8,781,25
2021-01-12,Kern,029,883053,80351,75320,6960,82280,689
2021-01-12,Kings,031,150075,19241,18072,707,18779,108
2021-01-12,Lake,033,64148,2551,2260,0,2260,27
2021-01-12,Lassen,035,31185,4754,4659,68,4727,1
2021-01-12,Los Angeles,037,10098052,1005878,926295,30834,957129,12610
2021-01-12,Madera,039,155013,13428,12485,620,13105,85
2021-01-12,Marin,041,260295,11505,10960,111,11071,157
2021-01-12,Mariposa,043,17540,326,302,2,304,3
2021-01-12,Mendocino,045,87422,2993,2762,47,2809,31
2021-01-12,Merced,047,269075,23425,22172,545,22717,239
2021-01-12,Modoc,049,8938,289,274,82,356,0
2021-01-12,Mono,051,14174,1067,1008,13,1021,3
2021-01-12,Monterey,053,433212,35154,33381,1028,34409,240
2021-01-12,Napa,055,140530,7476,6936,30,6966,36
2021-01-12,Nevada,057,99092,3255,3014,121,3135,17
2021-01-12,Orange,059,3164182,210905,198260,8411,206671,2142
2021-01-12,Placer,061,380077,17771,16087,808,16895,163
2021-01-12,Plumas,063,18699,568,483,9,492,2
2021-01-12,Riverside,065,2383286,242063,225580,11266,236846,2266
2021-01-12,Sacramento,067,1510023,79717,77201,860,78061,985
2021-01-12,San Benito,069,59416,4834,4515,49,4564,35
2021-01-12,San Bernardino,071,2135413,253122,237008,7120,244128,1739
2021-01-12,San Diego,073,3302833,216197,198317,9983,208300,1898
2021-01-12,San Francisco,075,870044,28816,27531,431,27962,238
2021-01-12,San Joaquin,077,732212,56729,53630,2152,55782,725
2021-01-12,San Luis Obispo,079,281455,15829,14367,371,14738,132
2021-01-12,San Mateo,081,765935,32715,29747,200,29947,206
2021-01-12,Santa Barbara,083,443738,24390,22182,684,22866,209
2021-01-12,Santa Clara,085,1922200,91992,86075,392,86467,904
2021-01-12,Santa Cruz,087,273765,12692,11267,540,11807,110
2021-01-12,Shasta,089,179085,9628,9086,929,10015,84
2021-01-12,Sierra,091,2930,43,33,6,39,0
2021-01-12,Siskiyou,093,43540,1206,1091,157,1248,3
2021-01-12,Solano,095,438530,24881,23160,263,23423,102
2021-01-12,Sonoma,097,501317,23447,22403,117,22520,205
2021-01-12,Stanislaus,099,539301,42390,39615,4068,43683,571
2021-01-12,Sutter,101,95872,7555,7276,58,7334,73
2021-01-12,Tehama,103,63373,3836,3567,407,3974,17
2021-01-12,Trinity,105,12862,437,258,62,320,3
2021-01-12,Tulare,107,460477,41374,38797,5179,43976,509
2021-01-12,Tuolumne,109,53932,3219,3178,31,3209,28
2021-01-12,Ventura,111,848112,60056,55342,2040,57382,324
2021-01-12,Yolo,113,214977,10815,9857,85,9942,133
2021-01-12,Yuba,115,75493,4662,4389,53,4442,27
2021-01-11,Alameda,001,1643700,65898,61949,1318,63267,652
2021-01-11,Alpine,002,1148,73,70,0,70,0
2021-01-11,Amador,005,37829,2981,2867,24,2891,24
2021-01-11,Butte,007,227075,9558,8757,1261,10018,119
2021-01-11,Calaveras,009,45235,1504,1460,7,1467,21
2021-01-11,Colusa,011,21464,1571,1494,144,1638,7
2021-01-11,Contra Costa,013,1133247,51159,47728,804,48532,398
2021-01-11,Del Norte,015,27424,848,810,2,812,2
2021-01-11,El Dorado,017,186661,7719,6987,481,7468,36
2021-01-11,Fresno,019,978130,82550,76581,5992,82573,775
2021-01-11,Glenn,021,27897,1925,1763,366,2129,9
2021-01-11,Humboldt,023,135768,2277,2069,7,2076,22
2021-01-11,Imperial,025,180216,25332,24418,1972,26390,453
2021-01-11,Inyo,027,18085,913,763,8,771,25
2021-01-11,Kern,029,883053,79491,74489,6861,81350,682
2021-01-11,Kings,031,150075,18978,17909,698,18607,108
2021-01-11,Lake,033,64148,2500,2205,0,2205,26
2021-01-11,Lassen,035,31185,4731,4647,68,4715,1
2021-01-11,Los Angeles,037,10098052,992648,914434,30378,944812,12304
2021-01-11,Madera,039,155013,13291,12366,609,12975,85
2021-01-11,Marin,041,260295,11406,10814,110,10924,156
2021-01-11,Mariposa,043,17540,319,296,2,298,3
2021-01-11,Mendocino,045,87422,2965,2728,47,2775,31
2021-01-11,Merced,047,269075,23102,21884,531,22415,238
2021-01-11,Modoc,049,8938,288,271,81,352,0
2021-01-11,Mono,051,14174,1061,1006,13,1019,3
2021-01-11,Monterey,053,433212,34615,32858,966,33824,239
2021-01-11,Napa,055,140530,7374,6822,30,6852,36
2021-01-11,Nevada,057,99092,3227,2980,121,3101,17
2021-01-11,Orange,059,3164182,208320,196340,8312,204652,2113
2021-01-11,Placer,061,380077,17592,15919,799,16718,163
2021-01-11,Plumas,063,18699,564,477,9,486,2
2021-01-11,Riverside,065,2383286,238559,222907,11122,234029,2222
2021-01-11,Sacramento,067,1510023,78784,76009,844,76853,974
2021-01-11,San Benito,069,59416,4762,4482,42,4524,34
2021-01-11,San Bernardino,071,2135413,250324,235543,7023,242566,1739
2021-01-11,San Diego,073,3302833,212928,194793,9823,204616,1857
2021-01-11,San Francisco,075,870044,28537,27264,411,27675,238
2021-01-11,San Joaquin,077,732212,56120,53002,2123,55125,725
2021-01-11,San Luis Obispo,079,281455,15458,14213,364,14577,126
2021-01-11,San Mateo,081,765935,32271,29355,188,29543,206
2021-01-11,Santa Barbara,083,443738,23939,21740,672,22412,200
2021-01-11,Santa Clara,085,1922200,90748,84851,384,85235,877
2021-01-11,Santa Cruz,087,273765,12512,11093,517,11610,106
2021-01-11,Shasta,089,179085,9530,8977,916,9893,81
2021-01-11,Sierra,091,2930,41,33,6,39,0
2021-01-11,Siskiyou,093,43540,1197,1087,155,1242,3
2021-01-11,Solano,095,438530,24560,22893,257,23150,101
2021-01-11,Sonoma,097,501317,23199,22191,117,22308,205
2021-01-11,Stanislaus,099,539301,41899,39149,4019,43168,571
2021-01-11,Sutter,101,95872,7496,7204,57,7261,71
2021-01-11,Tehama,103,63373,3774,3524,386,3910,17
2021-01-11,Trinity,105,12862,437,256,62,318,2
2021-01-11,Tulare,107,460477,40959,38380,5099,43479,497
2021-01-11,Tuolumne,109,53932,3208,3165,31,3196,27
2021-01-11,Ventura,111,848112,58919,54202,2016,56218,320
2021-01-11,Yolo,113,214977,10609,9699,84,9783,129
2021-01-11,Yuba,115,75493,4624,4349,46,4395,27
2021-01-10,Alameda,001,1643700,64919,61111,1290,62401,650
2021-01-10,Alpine,002,1148,73,70,0,70,0
2021-01-10,Amador,005,37829,2957,2861,24,2885,24
2021-01-10,Butte,007,227075,9438,8665,1236,9901,119
2021-01-10,Calaveras,009,45235,1481,1449,7,1456,21
2021-01-10,Colusa,011,21464,1549,1478,142,1620,7
2021-01-10,Contra Costa,013,1133247,50362,47109,785,47894,398
2021-01-10,Del Norte,015,27424,846,809,2,811,2
2021-01-10,El Dorado,017,186661,7630,6904,464,7368,36
2021-01-10,Fresno,019,978130,81740,75621,5870,81491,775
2021-01-10,Glenn,021,27897,1906,1746,358,2104,9
2021-01-10,Humboldt,023,135768,2216,2049,7,2056,22
2021-01-10,Imperial,025,180216,25173,24233,1922,26155,453
2021-01-10,Inyo,027,18085,886,748,8,756,25
2021-01-10,Kern,029,883053,78659,73712,6731,80443,679
2021-01-10,Kings,031,150075,18759,17812,691,18503,108
2021-01-10,Lake,033,64148,2445,2174,0,2174,26
2021-01-10,Lassen,035,31185,4709,4642,68,4710,1
2021-01-10,Los Angeles,037,10098052,978029,901783,29767,931550,12170
2021-01-10,Madera,039,155013,13100,12179,592,12771,85
2021-01-10,Marin,041,260295,11282,10737,109,10846,155
2021-01-10,Mariposa,043,17540,319,291,2,293,3
2021-01-10,Mendocino,045,87422,2934,2706,43,2749,31
2021-01-10,Merced,047,269075,22831,21691,520,22211,238
2021-01-10,Modoc,049,8938,288,271,79,350,0
2021-01-10,Mono,051,14174,1043,965,13,978,3
2021-01-10,Monterey,053,433212,34175,32571,934,33505,237
2021-01-10,Napa,055,140530,7272,6687,28,6715,36
2021-01-10,Nevada,057,99092,3208,2959,117,3076,17
2021-01-10,Orange,059,3164182,205534,193766,8190,201956,2104
2021-01-10,Placer,061,380077,17403,15779,779,16558,163
2021-01-10,Plumas,063,18699,554,477,9,486,2
2021-01-10,Riverside,065,2383286,235199,219486,10933,230419,2216
2021-01-10,Sacramento,067,1510023,77822,75394,817,76211,965
2021-01-10,San Benito,069,59416,4660,4434,41,4475,34
2021-01-10,San Bernardino,071,2135413,246915,232171,6920,239091,1736
2021-01-10,San Diego,073,3302833,209260,191886,9656,201542,1857
2021-01-10,San Francisco,075,870044,28156,27054,380,27434,238
2021-01-10,San Joaquin,077,732212,55309,52535,2090,54625,725
2021-01-10,San Luis Obispo,079,281455,15129,13968,352,14320,122
2021-01-10,San Mateo,081,765935,31781,28972,174,29146,206
2021-01-10,Santa Barbara,083,443738,23380,21290,657,21947,200
2021-01-10,Santa Clara,085,1922200,89564,83779,375,84154,858
2021-01-10,Santa Cruz,087,273765,12299,10951,499,11450,106
2021-01-10,Shasta,089,179085,9418,8936,901,9837,81
2021-01-10,Sierra,091,2930,40,32,6,38,0
2021-01-10,Siskiyou,093,43540,1191,1075,152,1227,3
2021-01-10,Solano,095,438530,24158,22621,254,22875,101
2021-01-10,Sonoma,097,501317,22923,21925,116,22041,204
2021-01-10,Stanislaus,099,539301,41325,38809,3942,42751,571
2021-01-10,Sutter,101,95872,7435,7133,54,7187,71
2021-01-10,Tehama,103,63373,3701,3504,374,3878,17
2021-01-10,Trinity,105,12862,437,253,60,313,2
2021-01-10,Tulare,107,460477,40544,38012,4981,42993,497
2021-01-10,Tuolumne,109,53932,3174,3143,30,3173,27
2021-01-10,Ventura,111,848112,57650,53095,1973,55068,319
2021-01-10,Yolo,113,214977,10457,9610,84,9694,129
2021-01-10,Yuba,115,75493,4571,4300,43,4343,27
2021-01-09,Alameda,001,1643700,64375,60125,1275,61400,649
2021-01-09,Alpine,002,1148,73,70,0,70,0
2021-01-09,Amador,005,37829,2950,2809,24,2833,24
2021-01-09,Butte,007,227075,9359,8552,1212,9764,118
2021-01-09,Calaveras,009,45235,1471,1425,7,1432,21
2021-01-09,Colusa,011,21464,1542,1468,141,1609,7
2021-01-09,Contra Costa,013,1133247,50008,46406,770,47176,393
2021-01-09,Del Norte,015,27424,844,802,2,804,2
2021-01-09,El Dorado,017,186661,7596,6800,461,7261,36
2021-01-09,Fresno,019,978130,81330,74816,5830,80646,773
2021-01-09,Glenn,021,27897,1891,1707,355,2062,9
2021-01-09,Humboldt,023,135768,2198,2026,7,2033,22
2021-01-09,Imperial,025,180216,25104,24028,1909,25937,448
2021-01-09,Inyo,027,18085,877,734,8,742,25
2021-01-09,Kern,029,883053,78190,73015,6654,79669,677
2021-01-09,Kings,031,150075,18664,17679,687,18366,108
2021-01-09,Lake,033,64148,2409,2144,0,2144,26
2021-01-09,Lassen,035,31185,4697,4613,68,4681,1
2021-01-09,Los Angeles,037,10098052,972447,887949,29340,917289,12011
2021-01-09,Madera,039,155013,13005,12063,586,12649,85
2021-01-09,Marin,041,260295,11221,10634,108,10742,154
2021-01-09,Mariposa,043,17540,316,287,2,289,3
2021-01-09,Mendocino,045,87422,2916,2664,43,2707,31
2021-01-09,Merced,047,269075,22689,21357,511,21868,237
2021-01-09,Modoc,049,8938,288,271,78,349,0
2021-01-09,Mono,051,14174,1038,964,13,977,3
2021-01-09,Monterey,053,433212,34025,31948,924,32872,235
2021-01-09,Napa,055,140530,7202,6594,25,6619,36
2021-01-09,Nevada,057,99092,3186,2932,114,3046,17
2021-01-09,Orange,059,3164182,204015,191004,8098,199102,2034
2021-01-09,Placer,061,380077,17296,15609,777,16386,162
2021-01-09,Plumas,063,18699,552,477,9,486,2
2021-01-09,Riverside,065,2383286,233444,216076,10797,226873,2201
2021-01-09,Sacramento,067,1510023,77289,74482,812,75294,953
2021-01-09,San Benito,069,59416,4608,4335,41,4376,34
2021-01-09,San Bernardino,071,2135413,245691,228857,6853,235710,1714
2021-01-09,San Diego,073,3302833,207566,188598,9536,198134,1824
2021-01-09,San Francisco,075,870044,27986,26708,339,27047,235
2021-01-09,San Joaquin,077,732212,54981,51927,2071,53998,724
2021-01-09,San Luis Obispo,079,281455,15005,13647,341,13988,121
2021-01-09,San Mateo,081,765935,31482,28512,167,28679,205
2021-01-09,Santa Barbara,083,443738,23168,20971,652,21623,197
2021-01-09,Santa Clara,085,1922200,88724,82269,363,82632,808
2021-01-09,Santa Cruz,087,273765,12204,10717,493,11210,107
2021-01-09,Shasta,089,179085,9385,8893,897,9790,81
2021-01-09,Sierra,091,2930,38,32,6,38,0
2021-01-09,Siskiyou,093,43540,1187,1062,147,1209,3
2021-01-09,Solano,095,438530,23999,22226,252,22478,101
2021-01-09,Sonoma,097,501317,22801,21393,116,21509,202
2021-01-09,Stanislaus,099,539301,41034,38403,3908,42311,567
2021-01-09,Sutter,101,95872,7399,7072,53,7125,69
2021-01-09,Tehama,103,63373,3669,3451,363,3814,15
2021-01-09,Trinity,105,12862,437,252,60,312,2
2021-01-09,Tulare,107,460477,40293,37684,4917,42601,496
2021-01-09,Tuolumne,109,53932,3166,3117,29,3146,26
2021-01-09,Ventura,111,848112,56822,51988,1947,53935,306
2021-01-09,Yolo,113,214977,10386,9524,83,9607,129
2021-01-09,Yuba,115,75493,4540,4265,43,4308,27
2021-01-08,Alameda,001,1643700,63813,59172,1266,60438,646
2021-01-08,Alpine,002,1148,73,70,0,70,0
2021-01-08,Amador,005,37829,2943,2792,24,2816,24
2021-01-08,Butte,007,227075,9299,8430,1197,9627,115
2021-01-08,Calaveras,009,45235,1457,1385,7,1392,21
2021-01-08,Colusa,011,21464,1530,1448,140,1588,7
2021-01-08,Contra Costa,013,1133247,49472,45667,766,46433,381
2021-01-08,Del Norte,015,27424,842,795,2,797,2
2021-01-08,El Dorado,017,186661,7526,6690,449,7139,36
2021-01-08,Fresno,019,978130,80518,73689,5772,79461,771
2021-01-08,Glenn,021,27897,1876,1680,350,2030,9
2021-01-08,Humboldt,023,135768,2174,1988,7,1995,22
2021-01-08,Imperial,025,180216,25039,23751,1894,25645,446
2021-01-08,Inyo,027,18085,862,682,8,690,24
2021-01-08,Kern,029,883053,77626,71978,6581,78559,674
2021-01-08,Kings,031,150075,18536,17441,682,18123,108
2021-01-08,Lake,033,64148,2381,2098,0,2098,26
2021-01-08,Lassen,035,31185,4689,4598,66,4664,1
2021-01-08,Los Angeles,037,10098052,961633,871188,28924,900112,11796
2021-01-08,Madera,039,155013,12855,11846,577,12423,85
2021-01-08,Marin,041,260295,11129,10531,108,10639,153
2021-01-08,Mariposa,043,17540,315,273,2,275,3
2021-01-08,Mendocino,045,87422,2897,2634,40,2674,31
2021-01-08,Merced,047,269075,22494,20862,506,21368,236
2021-01-08,Modoc,049,8938,288,266,78,344,0
2021-01-08,Mono,051,14174,1028,951,13,964,3
2021-01-08,Monterey,053,433212,33773,31543,914,32457,224
2021-01-08,Napa,055,140530,7132,6544,25,6569,32
2021-01-08,Nevada,057,99092,3164,2888,114,3002,17
2021-01-08,Orange,059,3164182,202015,186608,8012,194620,1991
2021-01-08,Placer,061,380077,17163,15401,770,16171,161
2021-01-08,Plumas,063,18699,546,465,9,474,2
2021-01-08,Riverside,065,2383286,231037,212122,10674,222796,2184
2021-01-08,Sacramento,067,1510023,76716,73245,806,74051,939
2021-01-08,San Benito,069,59416,4571,4225,40,4265,33
2021-01-08,San Bernardino,071,2135413,243811,224267,6782,231049,1703
2021-01-08,San Diego,073,3302833,205028,185060,9442,194502,1771
2021-01-08,San Francisco,075,870044,27735,26378,317,26695,207
2021-01-08,San Joaquin,077,732212,54656,50990,2043,53033,710
2021-01-08,San Luis Obispo,079,281455,14872,13286,329,13615,119
2021-01-08,San Mateo,081,765935,31133,28072,165,28237,204
2021-01-08,Santa Barbara,083,443738,22882,20461,647,21108,189
2021-01-08,Santa Clara,085,1922200,87780,80561,360,80921,789
2021-01-08,Santa Cruz,087,273765,12062,10486,485,10971,106
2021-01-08,Shasta,089,179085,9335,8772,882,9654,81
2021-01-08,Sierra,091,2930,38,31,6,37,0
2021-01-08,Siskiyou,093,43540,1184,1027,146,1173,3
2021-01-08,Solano,095,438530,23828,21832,249,22081,100
2021-01-08,Sonoma,097,501317,22659,21178,116,21294,201
2021-01-08,Stanislaus,099,539301,40735,37858,3874,41732,566
2021-01-08,Sutter,101,95872,7349,6982,53,7035,68
2021-01-08,Tehama,103,63373,3645,3406,360,3766,15
2021-01-08,Trinity,105,12862,437,247,60,307,2
2021-01-08,Tulare,107,460477,40025,36946,4822,41768,491
2021-01-08,Tuolumne,109,53932,3158,3099,29,3128,19
2021-01-08,Ventura,111,848112,55956,50553,1923,52476,294
2021-01-08,Yolo,113,214977,10297,9391,83,9474,129
2021-01-08,Yuba,115,75493,4498,4195,42,4237,26
2021-01-07,Alameda,001,1643700,62952,57921,1239,59160,632
2021-01-07,Alpine,002,1148,71,70,0,70,0
2021-01-07,Amador,005,37829,2930,2740,23,2763,24
2021-01-07,Butte,007,227075,9202,8278,1176,9454,112
2021-01-07,Calaveras,009,45235,1440,1342,6,1348,21
2021-01-07,Colusa,011,21464,1518,1420,133,1553,7
2021-01-07,Contra Costa,013,1133247,48695,44756,752,45508,376
2021-01-07,Del Norte,015,27424,840,791,2,793,2
2021-01-07,El Dorado,017,186661,7425,6545,439,6984,36
2021-01-07,Fresno,019,978130,79563,72557,5672,78229,765
2021-01-07,Glenn,021,27897,1858,1639,340,1979,9
2021-01-07,Humboldt,023,135768,2147,1954,7,1961,22
2021-01-07,Imperial,025,180216,24859,23608,1843,25451,431
2021-01-07,Inyo,027,18085,850,656,8,664,20
2021-01-07,Kern,029,883053,76764,70953,6433,77386,660
2021-01-07,Kings,031,150075,18410,17238,672,17910,108
2021-01-07,Lake,033,64148,2328,2054,0,2054,26
2021-01-07,Lassen,035,31185,4684,4581,64,4645,1
2021-01-07,Los Angeles,037,10098052,946708,853187,28399,881586,11480
2021-01-07,Madera,039,155013,12700,11644,567,12211,76
2021-01-07,Marin,041,260295,11040,10364,106,10470,153
2021-01-07,Mariposa,043,17540,313,264,2,266,3
2021-01-07,Mendocino,045,87422,2843,2585,35,2620,30
2021-01-07,Merced,047,269075,22172,20510,490,21000,234
2021-01-07,Modoc,049,8938,288,265,78,343,0
2021-01-07,Mono,051,14174,1017,905,13,918,3
2021-01-07,Monterey,053,433212,33268,30903,891,31794,222
2021-01-07,Napa,055,140530,7023,6408,25,6433,32
2021-01-07,Nevada,057,99092,3130,2847,109,2956,17
2021-01-07,Orange,059,3164182,199187,181922,7912,189834,1974
2021-01-07,Placer,061,380077,16984,15155,742,15897,144
2021-01-07,Plumas,063,18699,544,454,9,463,2
2021-01-07,Riverside,065,2383286,227579,208177,10524,218701,2156
2021-01-07,Sacramento,067,1510023,75811,72342,785,73127,919
2021-01-07,San Benito,069,59416,4510,4112,38,4150,33
2021-01-07,San Bernardino,071,2135413,240373,219691,6698,226389,1666
2021-01-07,San Diego,073,3302833,201722,180510,9264,189774,1738
2021-01-07,San Francisco,075,870044,27410,25885,304,26189,202
2021-01-07,San Joaquin,077,732212,53986,50156,2014,52170,689
2021-01-07,San Luis Obispo,079,281455,14633,12810,316,13126,118
2021-01-07,San Mateo,081,765935,30623,27494,162,27656,201
2021-01-07,Santa Barbara,083,443738,22455,19931,636,20567,187
2021-01-07,Santa Clara,085,1922200,86661,78808,356,79164,775
2021-01-07,Santa Cruz,087,273765,11853,10228,477,10705,104
2021-01-07,Shasta,089,179085,9247,8612,874,9486,81
2021-01-07,Sierra,091,2930,38,31,6,37,0
2021-01-07,Siskiyou,093,43540,1179,1010,145,1155,3
2021-01-07,Solano,095,438530,23438,21384,245,21629,100
2021-01-07,Sonoma,097,501317,22398,20857,115,20972,200
2021-01-07,Stanislaus,099,539301,40318,37296,3822,41118,553
2021-01-07,Sutter,101,95872,7290,6890,52,6942,65
2021-01-07,Tehama,103,63373,3621,3330,352,3682,15
2021-01-07,Trinity,105,12862,437,247,60,307,2
2021-01-07,Tulare,107,460477,39638,36397,4692,41089,482
2021-01-07,Tuolumne,109,53932,3138,3068,28,3096,14
2021-01-07,Ventura,111,848112,54795,49083,1895,50978,288
2021-01-07,Yolo,113,214977,10155,9207,81,9288,128
2021-01-07,Yuba,115,75493,4458,4128,42,4170,25
2021-01-06,Alameda,001,1643700,62098,57081,1212,58293,616
2021-01-06,Alpine,002,1148,71,70,0,70,0
2021-01-06,Amador,005,37829,2909,2717,22,2739,24
2021-01-06,Butte,007,227075,9090,8147,1157,9304,110
2021-01-06,Calaveras,009,45235,1417,1321,6,1327,21
2021-01-06,Colusa,011,21464,1498,1385,128,1513,7
2021-01-06,Contra Costa,013,1133247,47899,44054,736,44790,358
2021-01-06,Del Norte,015,27424,834,780,2,782,2
2021-01-06,El Dorado,017,186661,7313,6397,425,6822,35
2021-01-06,Fresno,019,978130,78717,71404,5570,76974,752
2021-01-06,Glenn,021,27897,1832,1622,336,1958,9
2021-01-06,Humboldt,023,135768,2121,1912,7,1919,22
2021-01-06,Imperial,025,180216,24612,23400,1800,25200,431
2021-01-06,Inyo,027,18085,834,630,8,638,20
2021-01-06,Kern,029,883053,75821,69893,6307,76200,646
2021-01-06,Kings,031,150075,18212,17019,653,17672,108
2021-01-06,Lake,033,64148,2294,2033,0,2033,26
2021-01-06,Lassen,035,31185,4672,4560,60,4620,1
2021-01-06,Los Angeles,037,10098052,930744,835052,27718,862770,11285
2021-01-06,Madera,039,155013,12566,11407,560,11967,67
2021-01-06,Marin,041,260295,10917,10282,105,10387,153
2021-01-06,Mariposa,043,17540,310,259,2,261,3
2021-01-06,Mendocino,045,87422,2813,2561,35,2596,30
2021-01-06,Merced,047,269075,21837,20258,475,20733,232
2021-01-06,Modoc,049,8938,288,263,78,341,0
2021-01-06,Mono,051,14174,986,905,13,918,3
2021-01-06,Monterey,053,433212,32667,30387,860,31247,222
2021-01-06,Napa,055,140530,6893,6342,25,6367,32
2021-01-06,Nevada,057,99092,3110,2805,108,2913,15
2021-01-06,Orange,059,3164182,195749,177686,7771,185457,1935
2021-01-06,Placer,061,380077,16797,14940,724,15664,134
2021-01-06,Plumas,063,18699,536,445,9,454,2
2021-01-06,Riverside,065,2383286,223566,203714,10338,214052,2121
2021-01-06,Sacramento,067,1510023,74787,71572,768,72340,909
2021-01-06,San Benito,069,59416,4434,4031,37,4068,32
2021-01-06,San Bernardino,071,2135413,236687,215286,6595,221881,1634
2021-01-06,San Diego,073,3302833,198221,176660,9093,185753,1691
2021-01-06,San Francisco,075,870044,27044,25424,296,25720,199
2021-01-06,San Joaquin,077,732212,53253,49286,1972,51258,673
2021-01-06,San Luis Obispo,079,281455,14239,12305,309,12614,115
2021-01-06,San Mateo,081,765935,30198,27050,159,27209,200
2021-01-06,Santa Barbara,083,443738,21966,19453,627,20080,177
2021-01-06,Santa Clara,085,1922200,85340,77485,349,77834,746
2021-01-06,Santa Cruz,087,273765,11634,9954,459,10413,97
2021-01-06,Shasta,089,179085,9177,8482,867,9349,78
2021-01-06,Sierra,091,2930,37,31,6,37,0
2021-01-06,Siskiyou,093,43540,1167,998,141,1139,3
2021-01-06,Solano,095,438530,23060,21102,242,21344,99
2021-01-06,Sonoma,097,501317,22090,20558,115,20673,196
2021-01-06,Stanislaus,099,539301,39751,36751,3762,40513,553
2021-01-06,Sutter,101,95872,7209,6839,51,6890,59
2021-01-06,Tehama,103,63373,3592,3306,346,3652,15
2021-01-06,Trinity,105,12862,437,246,60,306,2
2021-01-06,Tulare,107,460477,39145,35882,4597,40479,465
2021-01-06,Tuolumne,109,53932,3117,3008,28,3036,14
2021-01-06,Ventura,111,848112,53551,47428,1871,49299,280
2021-01-06,Yolo,113,214977,9990,9083,78,9161,127
2021-01-06,Yuba,115,75493,4408,4097,42,4139,25
2021-01-05,Alameda,001,1643700,60981,56432,1182,57614,602
2021-01-05,Alpine,002,1148,71,70,0,70,0
2021-01-05,Amador,005,37829,2869,2695,22,2717,24
2021-01-05,Butte,007,227075,8950,8008,1130,9138,107
2021-01-05,Calaveras,009,45235,1370,1292,6,1298,21
2021-01-05,Colusa,011,21464,1476,1376,122,1498,7
2021-01-05,Contra Costa,013,1133247,47039,43442,724,44166,353
2021-01-05,Del Norte,015,27424,828,770,2,772,2
2021-01-05,El Dorado,017,186661,7195,6270,404,6674,32
2021-01-05,Fresno,019,978130,77497,70971,5480,76451,741
2021-01-05,Glenn,021,27897,1809,1608,320,1928,9
2021-01-05,Humboldt,023,135768,2085,1884,7,1891,22
2021-01-05,Imperial,025,180216,24441,23165,1758,24923,421
2021-01-05,Inyo,027,18085,820,627,8,635,20
2021-01-05,Kern,029,883053,74743,68257,6172,74429,624
2021-01-05,Kings,031,150075,18014,16860,631,17491,108
2021-01-05,Lake,033,64148,2248,2015,0,2015,25
2021-01-05,Lassen,035,31185,4657,4554,56,4610,1
2021-01-05,Los Angeles,037,10098052,912004,823783,27063,850846,11028
2021-01-05,Madera,039,155013,12396,11359,548,11907,67
2021-01-05,Marin,041,260295,10769,10214,104,10318,151
2021-01-05,Mariposa,043,17540,304,257,2,259,3
2021-01-05,Mendocino,045,87422,2777,2501,35,2536,30
2021-01-05,Merced,047,269075,21485,20051,463,20514,230
2021-01-05,Modoc,049,8938,288,254,78,332,0
2021-01-05,Mono,051,14174,980,896,13,909,3
2021-01-05,Monterey,053,433212,32120,30045,827,30872,213
2021-01-05,Napa,055,140530,6807,6264,25,6289,29
2021-01-05,Nevada,057,99092,3082,2781,106,2887,15
2021-01-05,Orange,059,3164182,192122,174869,7581,182450,1918
2021-01-05,Placer,061,380077,16574,14723,701,15424,133
2021-01-05,Plumas,063,18699,529,428,9,437,2
2021-01-05,Riverside,065,2383286,219441,200439,10169,210608,2069
2021-01-05,Sacramento,067,1510023,73858,70677,742,71419,888
2021-01-05,San Benito,069,59416,4332,3961,35,3996,28
2021-01-05,San Bernardino,071,2135413,232723,212522,6479,219001,1615
2021-01-05,San Diego,073,3302833,194081,172845,8879,181724,1654
2021-01-05,San Francisco,075,870044,26673,24989,280,25269,196
2021-01-05,San Joaquin,077,732212,52395,48969,1928,50897,663
2021-01-05,San Luis Obispo,079,281455,13841,12027,299,12326,106
2021-01-05,San Mateo,081,765935,29717,26486,157,26643,198
2021-01-05,Santa Barbara,083,443738,21519,19063,619,19682,172
2021-01-05,Santa Clara,085,1922200,83792,76355,337,76692,729
2021-01-05,Santa Cruz,087,273765,11361,9753,435,10188,93
2021-01-05,Shasta,089,179085,9070,8345,849,9194,73
2021-01-05,Sierra,091,2930,37,31,6,37,0
2021-01-05,Siskiyou,093,43540,1155,985,139,1124,3
2021-01-05,Solano,095,438530,22651,20860,237,21097,97
2021-01-05,Sonoma,097,501317,21732,20247,114,20361,194
2021-01-05,Stanislaus,099,539301,39207,36363,3711,40074,553
2021-01-05,Sutter,101,95872,7112,6769,50,6819,59
2021-01-05,Tehama,103,63373,3540,3255,342,3597,9
2021-01-05,Trinity,105,12862,437,246,60,306,2
2021-01-05,Tulare,107,460477,38570,35585,4456,40041,455
2021-01-05,Tuolumne,109,53932,3094,2996,23,3019,13
2021-01-05,Ventura,111,848112,52307,46456,1849,48305,264
2021-01-05,Yolo,113,214977,9812,8980,76,9056,127
2021-01-05,Yuba,115,75493,4349,4053,41,4094,21
2021-01-04,Alameda,001,1643700,59760,55899,1148,57047,583
2021-01-04,Alpine,002,1148,71,68,0,68,0
2021-01-04,Amador,005,37829,2829,2596,22,2618,24
2021-01-04,Butte,007,227075,8791,7893,1109,9002,105
2021-01-04,Calaveras,009,45235,1329,1276,5,1281,21
2021-01-04,Colusa,011,21464,1451,1368,108,1476,7
2021-01-04,Contra Costa,013,1133247,46180,43019,700,43719,353
2021-01-04,Del Norte,015,27424,817,770,2,772,2
2021-01-04,El Dorado,017,186661,7061,6152,390,6542,27
2021-01-04,Fresno,019,978130,76230,69871,5382,75253,726
2021-01-04,Glenn,021,27897,1776,1590,315,1905,9
2021-01-04,Humboldt,023,135768,2048,1845,7,1852,22
2021-01-04,Imperial,025,180216,24294,23035,1707,24742,420
2021-01-04,Inyo,027,18085,794,623,8,631,20
2021-01-04,Kern,029,883053,73660,67418,5978,73396,623
2021-01-04,Kings,031,150075,17738,16801,607,17408,108
2021-01-04,Lake,033,64148,2212,1984,0,1984,25
2021-01-04,Lassen,035,31185,4635,4550,55,4605,1
2021-01-04,Los Angeles,037,10098052,891858,813022,26224,839246,10790
2021-01-04,Madera,039,155013,12180,11204,527,11731,67
2021-01-04,Marin,041,260295,10629,10115,102,10217,151
2021-01-04,Mariposa,043,17540,298,253,2,255,3
2021-01-04,Mendocino,045,87422,2737,2460,31,2491,28
2021-01-04,Merced,047,269075,21072,19804,444,20248,230
2021-01-04,Modoc,049,8938,272,250,76,326,0
2021-01-04,Mono,051,14174,969,895,13,908,3
2021-01-04,Monterey,053,433212,31506,29659,806,30465,212
2021-01-04,Napa,055,140530,6666,6187,25,6212,29
2021-01-04,Nevada,057,99092,3044,2765,103,2868,15
2021-01-04,Orange,059,3164182,188237,172458,7459,179917,1918
2021-01-04,Placer,061,380077,16315,14622,688,15310,133
2021-01-04,Plumas,063,18699,519,419,9,428,1
2021-01-04,Riverside,065,2383286,214893,196809,9983,206792,2066
2021-01-04,Sacramento,067,1510023,72804,70164,733,70897,870
2021-01-04,San Benito,069,59416,4219,3914,35,3949,28
2021-01-04,San Bernardino,071,2135413,228455,210868,6331,217199,1615
2021-01-04,San Diego,073,3302833,189507,171031,8683,179714,1598
2021-01-04,San Francisco,075,870044,26287,24753,274,25027,191
2021-01-04,San Joaquin,077,732212,51504,48644,1887,50531,661
2021-01-04,San Luis Obispo,079,281455,13354,11945,292,12237,96
2021-01-04,San Mateo,081,765935,29153,26150,152,26302,198
2021-01-04,Santa Barbara,083,443738,20996,18735,590,19325,165
2021-01-04,Santa Clara,085,1922200,82036,75297,330,75627,727
2021-01-04,Santa Cruz,087,273765,11073,9680,418,10098,85
2021-01-04,Shasta,089,179085,8965,8224,832,9056,72
2021-01-04,Sierra,091,2930,36,30,6,36,0
2021-01-04,Siskiyou,093,43540,1139,980,136,1116,3
2021-01-04,Solano,095,438530,22149,20588,229,20817,97
2021-01-04,Sonoma,097,501317,21394,20210,113,20323,194
2021-01-04,Stanislaus,099,539301,38644,36141,3656,39797,553
2021-01-04,Sutter,101,95872,7016,6712,49,6761,56
2021-01-04,Tehama,103,63373,3471,3190,337,3527,9
2021-01-04,Trinity,105,12862,434,245,60,305,2
2021-01-04,Tulare,107,460477,38031,35060,4357,39417,455
2021-01-04,Tuolumne,109,53932,3069,2987,23,3010,13
2021-01-04,Ventura,111,848112,50804,45014,1829,46843,255
2021-01-04,Yolo,113,214977,9617,8834,75,8909,121
2021-01-04,Yuba,115,75493,4294,4023,41,4064,21
2021-01-03,Alameda,001,1643700,58512,55082,1121,56203,580
2021-01-03,Alpine,002,1148,69,68,0,68,0
2021-01-03,Amador,005,37829,2772,2565,22,2587,24
2021-01-03,Butte,007,227075,8597,7837,1063,8900,105
2021-01-03,Calaveras,009,45235,1292,1249,3,1252,21
2021-01-03,Colusa,011,21464,1423,1337,102,1439,7
2021-01-03,Contra Costa,013,1133247,45294,42432,679,43111,352
2021-01-03,Del Norte,015,27424,806,768,2,770,2
2021-01-03,El Dorado,017,186661,6933,6034,373,6407,27
2021-01-03,Fresno,019,978130,75081,69326,5266,74592,719
2021-01-03,Glenn,021,27897,1751,1581,309,1890,9
2021-01-03,Humboldt,023,135768,2011,1833,7,1840,21
2021-01-03,Imperial,025,180216,24053,22951,1629,24580,419
2021-01-03,Inyo,027,18085,775,615,8,623,20
2021-01-03,Kern,029,883053,72399,66895,5803,72698,609
2021-01-03,Kings,031,150075,17462,16593,578,17171,108
2021-01-03,Lake,033,64148,2166,1976,0,1976,24
2021-01-03,Lassen,035,31185,4602,4531,54,4585,1
2021-01-03,Los Angeles,037,10098052,869793,792168,25192,817360,10633
2021-01-03,Madera,039,155013,11952,11152,504,11656,67
2021-01-03,Marin,041,260295,10479,10034,98,10132,150
2021-01-03,Mariposa,043,17540,291,248,2,250,3
2021-01-03,Mendocino,045,87422,2697,2445,29,2474,24
2021-01-03,Merced,047,269075,20605,19600,418,20018,230
2021-01-03,Modoc,049,8938,268,245,75,320,0
2021-01-03,Mono,051,14174,944,893,13,906,3
2021-01-03,Monterey,053,433212,30916,29357,771,30128,191
2021-01-03,Napa,055,140530,6565,6094,25,6119,29
2021-01-03,Nevada,057,99092,2983,2742,100,2842,15
2021-01-03,Orange,059,3164182,184047,169881,7270,177151,1919
2021-01-03,Placer,061,380077,16064,14319,665,14984,133
2021-01-03,Plumas,063,18699,506,416,9,425,1
2021-01-03,Riverside,065,2383286,210018,195048,9736,204784,2005
2021-01-03,Sacramento,067,1510023,71598,68558,712,69270,859
2021-01-03,San Benito,069,59416,4123,3882,34,3916,28
2021-01-03,San Bernardino,071,2135413,223179,208294,6160,214454,1592
2021-01-03,San Diego,073,3302833,184247,168018,8454,176472,1592
2021-01-03,San Francisco,075,870044,25796,24588,255,24843,193
2021-01-03,San Joaquin,077,732212,50395,47899,1832,49731,661
2021-01-03,San Luis Obispo,079,281455,12886,11636,284,11920,95
2021-01-03,San Mateo,081,765935,28559,25770,145,25915,196
2021-01-03,Santa Barbara,083,443738,20263,18267,576,18843,164
2021-01-03,Santa Clara,085,1922200,80446,74534,324,74858,720
2021-01-03,Santa Cruz,087,273765,10768,9528,403,9931,84
2021-01-03,Shasta,089,179085,8838,8192,792,8984,72
2021-01-03,Sierra,091,2930,36,30,6,36,0
2021-01-03,Siskiyou,093,43540,1106,976,127,1103,3
2021-01-03,Solano,095,438530,21616,20105,223,20328,97
2021-01-03,Sonoma,097,501317,21008,19982,111,20093,193
2021-01-03,Stanislaus,099,539301,37937,35762,3573,39335,553
2021-01-03,Sutter,101,95872,6919,6664,48,6712,53
2021-01-03,Tehama,103,63373,3417,3176,329,3505,9
2021-01-03,Trinity,105,12862,429,243,58,301,2
2021-01-03,Tulare,107,460477,37454,34747,4213,38960,455
2021-01-03,Tuolumne,109,53932,3008,2978,20,2998,13
2021-01-03,Ventura,111,848112,48978,43748,1812,45560,254
2021-01-03,Yolo,113,214977,9456,8674,74,8748,121
2021-01-03,Yuba,115,75493,4243,3966,40,4006,20
2021-01-02,Alameda,001,1643700,57890,54518,1090,55608,581
2021-01-02,Alpine,002,1148,69,68,0,68,0
2021-01-02,Amador,005,37829,2753,2540,22,2562,24
2021-01-02,Butte,007,227075,8491,7750,1042,8792,105
2021-01-02,Calaveras,009,45235,1272,1230,3,1233,21
2021-01-02,Colusa,011,21464,1412,1332,101,1433,7
2021-01-02,Contra Costa,013,1133247,44748,41993,671,42664,352
2021-01-02,Del Norte,015,27424,804,764,2,766,2
2021-01-02,El Dorado,017,186661,6878,5959,369,6328,27
2021-01-02,Fresno,019,978130,74538,68740,5155,73895,717
2021-01-02,Glenn,021,27897,1734,1546,308,1854,9
2021-01-02,Humboldt,023,135768,1984,1815,7,1822,21
2021-01-02,Imperial,025,180216,23965,22867,1597,24464,420
2021-01-02,Inyo,027,18085,764,609,8,617,20
2021-01-02,Kern,029,883053,71679,66457,5691,72148,610
2021-01-02,Kings,031,150075,17368,16515,574,17089,108
2021-01-02,Lake,033,64148,2129,1925,0,1925,24
2021-01-02,Lassen,035,31185,4591,4457,53,4510,1
2021-01-02,Los Angeles,037,10098052,861419,791892,24517,816409,10633
2021-01-02,Madera,039,155013,11837,11039,492,11531,67
2021-01-02,Marin,041,260295,10431,9924,95,10019,151
2021-01-02,Mariposa,043,17540,284,243,2,245,3
2021-01-02,Mendocino,045,87422,2654,2428,28,2456,24
2021-01-02,Merced,047,269075,20463,19395,401,19796,230
2021-01-02,Modoc,049,8938,267,245,75,320,0
2021-01-02,Mono,051,14174,933,884,13,897,3
2021-01-02,Monterey,053,433212,30700,28991,759,29750,191
2021-01-02,Napa,055,140530,6506,5994,25,6019,29
2021-01-02,Nevada,057,99092,2954,2706,96,2802,15
2021-01-02,Orange,059,3164182,181824,168457,7122,175579,1918
2021-01-02,Placer,061,380077,15891,14182,656,14838,133
2021-01-02,Plumas,063,18699,503,413,9,422,1
2021-01-02,Riverside,065,2383286,207372,192069,9510,201579,2008
2021-01-02,Sacramento,067,1510023,70962,67810,694,68504,858
2021-01-02,San Benito,069,59416,4041,3829,34,3863,28
2021-01-02,San Bernardino,071,2135413,221517,206939,6038,212977,1597
2021-01-02,San Diego,073,3302833,181648,164498,8257,172755,1592
2021-01-02,San Francisco,075,870044,25543,24414,247,24661,194
2021-01-02,San Joaquin,077,732212,49992,47310,1804,49114,662
2021-01-02,San Luis Obispo,079,281455,12752,11467,278,11745,95
2021-01-02,San Mateo,081,765935,28222,25483,137,25620,196
2021-01-02,Santa Barbara,083,443738,19974,18135,573,18708,164
2021-01-02,Santa Clara,085,1922200,79270,73662,318,73980,720
2021-01-02,Santa Cruz,087,273765,10613,9340,395,9735,85
2021-01-02,Shasta,089,179085,8772,8154,781,8935,72
2021-01-02,Sierra,091,2930,36,28,6,34,0
2021-01-02,Siskiyou,093,43540,1095,949,125,1074,3
2021-01-02,Solano,095,438530,21414,19805,214,20019,97
2021-01-02,Sonoma,097,501317,20839,19761,111,19872,194
2021-01-02,Stanislaus,099,539301,37604,35431,3509,38940,553
2021-01-02,Sutter,101,95872,6867,6621,48,6669,53
2021-01-02,Tehama,103,63373,3389,3146,325,3471,9
2021-01-02,Trinity,105,12862,426,243,58,301,2
2021-01-02,Tulare,107,460477,37126,34479,4139,38618,455
2021-01-02,Tuolumne,109,53932,2994,2942,18,2960,13
2021-01-02,Ventura,111,848112,47823,43397,1779,45176,254
2021-01-02,Yolo,113,214977,9359,8571,72,8643,122
2021-01-02,Yuba,115,75493,4205,3930,40,3970,21
2021-01-01,Alameda,001,1643700,57242,53518,1076,54594,579
2021-01-01,Alpine,002,1148,69,68,0,68,0
2021-01-01,Amador,005,37829,2727,2513,20,2533,24
2021-01-01,Butte,007,227075,8389,7589,1020,8609,105
2021-01-01,Calaveras,009,45235,1257,1186,3,1189,21
2021-01-01,Colusa,011,21464,1402,1314,99,1413,7
2021-01-01,Contra Costa,013,1133247,44273,41412,651,42063,351
2021-01-01,Del Norte,015,27424,799,758,2,760,2
2021-01-01,El Dorado,017,186661,6785,5832,361,6193,27
2021-01-01,Fresno,019,978130,73466,67484,5071,72555,717
2021-01-01,Glenn,021,27897,1717,1520,299,1819,9
2021-01-01,Humboldt,023,135768,1945,1783,7,1790,21
2021-01-01,Imperial,025,180216,23869,22715,1546,24261,418
2021-01-01,Inyo,027,18085,739,606,8,614,20
2021-01-01,Kern,029,883053,70853,65571,5584,71155,609
2021-01-01,Kings,031,150075,17185,16358,567,16925,108
2021-01-01,Lake,033,64148,2091,1888,0,1888,24
2021-01-01,Lassen,035,31185,4585,4377,53,4430,1
2021-01-01,Los Angeles,037,10098052,847199,775578,23848,799426,10515
2021-01-01,Madera,039,155013,11682,10752,483,11235,66
2021-01-01,Marin,041,260295,10333,9821,94,9915,148
2021-01-01,Mariposa,043,17540,276,236,2,238,3
2021-01-01,Mendocino,045,87422,2600,2400,28,2428,24
2021-01-01,Merced,047,269075,20279,19118,385,19503,229
2021-01-01,Modoc,049,8938,267,241,75,316,0
2021-01-01,Mono,051,14174,915,884,12,896,3
2021-01-01,Monterey,053,433212,30462,28465,750,29215,191
2021-01-01,Napa,055,140530,6421,5899,25,5924,28
2021-01-01,Nevada,057,99092,2930,2663,96,2759,15
2021-01-01,Orange,059,3164182,179030,165440,6979,172419,1893
2021-01-01,Placer,061,380077,15701,13987,641,14628,133
2021-01-01,Plumas,063,18699,498,412,9,421,1
2021-01-01,Riverside,065,2383286,204182,188674,9257,197931,1990
2021-01-01,Sacramento,067,1510023,70364,66956,677,67633,848
2021-01-01,San Benito,069,59416,4004,3773,34,3807,28
2021-01-01,San Bernardino,071,2135413,218753,203651,5908,209559,1590
2021-01-01,San Diego,073,3302833,178575,160071,8078,168149,1592
2021-01-01,San Francisco,075,870044,25265,24145,236,24381,187
2021-01-01,San Joaquin,077,732212,49668,46640,1760,48400,657
2021-01-01,San Luis Obispo,079,281455,12523,11160,270,11430,94
2021-01-01,San Mateo,081,765935,27773,25041,133,25174,194
2021-01-01,Santa Barbara,083,443738,19654,17759,563,18322,164
2021-01-01,Santa Clara,085,1922200,78049,71904,314,72218,680
2021-01-01,Santa Cruz,087,273765,10433,9146,385,9531,84
2021-01-01,Shasta,089,179085,8691,8102,764,8866,72
2021-01-01,Sierra,091,2930,36,26,6,32,0
2021-01-01,Siskiyou,093,43540,1081,944,120,1064,3
2021-01-01,Solano,095,438530,21200,19393,212,19605,97
2021-01-01,Sonoma,097,501317,20643,19513,111,19624,189
2021-01-01,Stanislaus,099,539301,37316,34978,3447,38425,553
2021-01-01,Sutter,101,95872,6810,6553,47,6600,52
2021-01-01,Tehama,103,63373,3331,3079,318,3397,9
2021-01-01,Trinity,105,12862,426,243,58,301,2
2021-01-01,Tulare,107,460477,36717,33994,4051,38045,454
2021-01-01,Tuolumne,109,53932,2977,2909,18,2927,13
2021-01-01,Ventura,111,848112,46330,42026,1753,43779,253
2021-01-01,Yolo,113,214977,9249,8461,69,8530,120
2021-01-01,Yuba,115,75493,4151,3845,39,3884,19
2020-12-31,Alameda,001,1643700,56693,52475,1043,53518,579
2020-12-31,Alpine,002,1148,69,66,0,66,0
2020-12-31,Amador,005,37829,2713,2493,20,2513,24
2020-12-31,Butte,007,227075,8314,7405,999,8404,105
2020-12-31,Calaveras,009,45235,1246,1161,3,1164,21
2020-12-31,Colusa,011,21464,1390,1301,96,1397,7
2020-12-31,Contra Costa,013,1133247,43869,40512,635,41147,336
2020-12-31,Del Norte,015,27424,798,748,2,750,2
2020-12-31,El Dorado,017,186661,6733,5662,352,6014,26
2020-12-31,Fresno,019,978130,73035,66442,5009,71451,711
2020-12-31,Glenn,021,27897,1689,1484,291,1775,9
2020-12-31,Humboldt,023,135768,1928,1713,7,1720,21
2020-12-31,Imperial,025,180216,23799,22494,1529,24023,417
2020-12-31,Inyo,027,18085,731,591,8,599,20
2020-12-31,Kern,029,883053,70379,64904,5496,70400,609
2020-12-31,Kings,031,150075,17110,16077,558,16635,108
2020-12-31,Lake,033,64148,2070,1848,0,1848,23
2020-12-31,Lassen,035,31185,4579,4340,52,4392,1
2020-12-31,Los Angeles,037,10098052,841851,755844,23397,779241,10320
2020-12-31,Madera,039,155013,11597,10609,475,11084,64
2020-12-31,Marin,041,260295,10281,9731,92,9823,148
2020-12-31,Mariposa,043,17540,274,217,2,219,3
2020-12-31,Mendocino,045,87422,2585,2367,24,2391,24
2020-12-31,Merced,047,269075,20189,18808,375,19183,226
2020-12-31,Modoc,049,8938,267,238,75,313,0
2020-12-31,Mono,051,14174,907,868,12,880,3
2020-12-31,Monterey,053,433212,30232,27720,738,28458,188
2020-12-31,Napa,055,140530,6358,5801,25,5826,28
2020-12-31,Nevada,057,99092,2907,2619,95,2714,15
2020-12-31,Orange,059,3164182,177129,161586,6850,168436,1866
2020-12-31,Placer,061,380077,15545,13708,638,14346,126
2020-12-31,Plumas,063,18699,494,401,8,409,1
2020-12-31,Riverside,065,2383286,202500,184193,9128,193321,1958
2020-12-31,Sacramento,067,1510023,69834,65817,667,66484,830
2020-12-31,San Benito,069,59416,3980,3673,34,3707,28
2020-12-31,San Bernardino,071,2135413,217059,199115,5835,204950,1586
2020-12-31,San Diego,073,3302833,176812,155593,7979,163572,1534
2020-12-31,San Francisco,075,870044,25030,23740,229,23969,183
2020-12-31,San Joaquin,077,732212,49316,45764,1722,47486,646
2020-12-31,San Luis Obispo,079,281455,12408,10846,270,11116,89
2020-12-31,San Mateo,081,765935,27443,24570,127,24697,192
2020-12-31,Santa Barbara,083,443738,19410,17434,556,17990,161
2020-12-31,Santa Clara,085,1922200,77172,70032,309,70341,665
2020-12-31,Santa Cruz,087,273765,10315,8909,373,9282,84
2020-12-31,Shasta,089,179085,8625,7996,754,8750,69
2020-12-31,Sierra,091,2930,36,26,6,32,0
2020-12-31,Siskiyou,093,43540,1065,940,117,1057,3
2020-12-31,Solano,095,438530,20970,18942,211,19153,97
2020-12-31,Sonoma,097,501317,20522,19129,110,19239,188
2020-12-31,Stanislaus,099,539301,37008,34398,3400,37798,552
2020-12-31,Sutter,101,95872,6779,6432,47,6479,51
2020-12-31,Tehama,103,63373,3293,3036,317,3353,9
2020-12-31,Trinity,105,12862,425,241,58,299,2
2020-12-31,Tulare,107,460477,36513,33412,3990,37402,446
2020-12-31,Tuolumne,109,53932,2968,2902,18,2920,12
2020-12-31,Ventura,111,848112,45820,40854,1736,42590,251
2020-12-31,Yolo,113,214977,9160,8295,68,8363,117
2020-12-31,Yuba,115,75493,4114,3799,38,3837,18
2020-12-30,Alameda,001,1643700,55912,50158,990,51148,573
2020-12-30,Alpine,002,1148,69,66,0,66,0
2020-12-30,Amador,005,37829,2693,2418,19,2437,24
2020-12-30,Butte,007,227075,8153,7140,980,8120,103
2020-12-30,Calaveras,009,45235,1221,1135,3,1138,21
2020-12-30,Colusa,011,21464,1372,1289,90,1379,7
2020-12-30,Contra Costa,013,1133247,43320,39601,622,40223,337
2020-12-30,Del Norte,015,27424,793,726,2,728,2
2020-12-30,El Dorado,017,186661,6632,5595,342,5937,27
2020-12-30,Fresno,019,978130,72190,65566,4859,70425,711
2020-12-30,Glenn,021,27897,1658,1471,279,1750,9
2020-12-30,Humboldt,023,135768,1894,1654,7,1661,22
2020-12-30,Imperial,025,180216,23633,22098,1453,23551,412
2020-12-30,Inyo,027,18085,725,572,8,580,20
2020-12-30,Kern,029,883053,69651,63292,5351,68643,604
2020-12-30,Kings,031,150075,16991,15862,549,16411,108
2020-12-30,Lake,033,64148,2051,1731,0,1731,23
2020-12-30,Lassen,035,31185,4570,4300,52,4352,1
2020-12-30,Los Angeles,037,10098052,830929,741907,22727,764634,10046
2020-12-30,Madera,039,155013,11487,10249,464,10713,65
2020-12-30,Marin,041,260295,10187,9569,85,9654,148
2020-12-30,Mariposa,043,17540,270,214,2,216,3
2020-12-30,Mendocino,045,87422,2567,2291,21,2312,24
2020-12-30,Merced,047,269075,19899,18519,365,18884,225
2020-12-30,Modoc,049,8938,264,234,75,309,0
2020-12-30,Mono,051,14174,904,868,12,880,3
2020-12-30,Monterey,053,433212,29602,26977,716,27693,186
2020-12-30,Napa,055,140530,6253,5754,25,5779,28
2020-12-30,Nevada,057,99092,2872,2595,93,2688,15
2020-12-30,Orange,059,3164182,174471,153951,6663,160614,1863
2020-12-30,Placer,061,380077,15313,13540,626,14166,127
2020-12-30,Plumas,063,18699,489,397,8,405,1
2020-12-30,Riverside,065,2383286,199552,176402,8945,185347,1919
2020-12-30,Sacramento,067,1510023,68961,64119,650,64769,847
2020-12-30,San Benito,069,59416,3898,3464,30,3494,29
2020-12-30,San Bernardino,071,2135413,214491,192648,5750,198398,1591
2020-12-30,San Diego,073,3302833,173179,152510,7804,160314,1472
2020-12-30,San Francisco,075,870044,24754,23099,224,23323,182
2020-12-30,San Joaquin,077,732212,48595,44465,1681,46146,634
2020-12-30,San Luis Obispo,079,281455,12139,10542,262,10804,89
2020-12-30,San Mateo,081,765935,27014,24150,123,24273,190
2020-12-30,Santa Barbara,083,443738,19008,16895,535,17430,161
2020-12-30,Santa Clara,085,1922200,75963,67218,305,67523,661
2020-12-30,Santa Cruz,087,273765,10141,8787,364,9151,86
2020-12-30,Shasta,089,179085,8511,7818,740,8558,69
2020-12-30,Sierra,091,2930,36,25,6,31,0
2020-12-30,Siskiyou,093,43540,1058,913,109,1022,3
2020-12-30,Solano,095,438530,20581,18300,208,18508,96
2020-12-30,Sonoma,097,501317,20266,18947,110,19057,191
2020-12-30,Stanislaus,099,539301,36545,33730,3325,37055,526
2020-12-30,Sutter,101,95872,6719,6328,45,6373,51
2020-12-30,Tehama,103,63373,3249,2969,313,3282,9
2020-12-30,Trinity,105,12862,424,231,57,288,2
2020-12-30,Tulare,107,460477,35983,32413,3930,36343,430
2020-12-30,Tuolumne,109,53932,2958,2772,16,2788,12
2020-12-30,Ventura,111,848112,44533,39039,1712,40751,251
2020-12-30,Yolo,113,214977,9052,8067,66,8133,117
2020-12-30,Yuba,115,75493,4046,3612,38,3650,18
2020-12-29,Alameda,001,1643700,54842,50946,955,51901,552
2020-12-29,Alpine,002,1148,69,65,0,65,0
2020-12-29,Amador,005,37829,2641,2388,18,2406,23
2020-12-29,Butte,007,227075,7981,7178,956,8134,98
2020-12-29,Calaveras,009,45235,1177,1111,2,1113,21
2020-12-29,Colusa,011,21464,1351,1272,85,1357,7
2020-12-29,Contra Costa,013,1133247,42550,39225,596,39821,325
2020-12-29,Del Norte,015,27424,786,724,2,726,2
2020-12-29,El Dorado,017,186661,6502,5551,329,5880,22
2020-12-29,Fresno,019,978130,70817,65149,4710,69859,688
2020-12-29,Glenn,021,27897,1624,1454,272,1726,9
2020-12-29,Humboldt,023,135768,1846,1616,7,1623,19
2020-12-29,Imperial,025,180216,23418,22105,1371,23476,407
2020-12-29,Inyo,027,18085,707,571,8,579,19
2020-12-29,Kern,029,883053,68486,63096,5183,68279,589
2020-12-29,Kings,031,150075,16822,15777,537,16314,108
2020-12-29,Lake,033,64148,2020,1805,0,1805,22
2020-12-29,Lassen,035,31185,4555,4288,52,4340,1
2020-12-29,Los Angeles,037,10098052,810717,731907,21903,753810,9786
2020-12-29,Madera,039,155013,11185,10251,451,10702,64
2020-12-29,Marin,041,260295,10044,9595,81,9676,146
2020-12-29,Mariposa,043,17540,262,212,2,214,3
2020-12-29,Mendocino,045,87422,2524,2249,20,2269,24
2020-12-29,Merced,047,269075,19549,18464,349,18813,221
2020-12-29,Modoc,049,8938,261,232,75,307,0
2020-12-29,Mono,051,14174,895,868,12,880,3
2020-12-29,Monterey,053,433212,28951,26894,691,27585,185
2020-12-29,Napa,055,140530,6135,5663,25,5688,28
2020-12-29,Nevada,057,99092,2824,2550,92,2642,15
2020-12-29,Orange,059,3164182,170697,154411,6500,160911,1839
2020-12-29,Placer,061,380077,15100,13392,605,13997,126
2020-12-29,Plumas,063,18699,480,395,8,403,1
2020-12-29,Riverside,065,2383286,194954,177624,8696,186320,1904
2020-12-29,Sacramento,067,1510023,67910,65078,638,65716,820
2020-12-29,San Benito,069,59416,3779,3474,29,3503,25
2020-12-29,San Bernardino,071,2135413,209655,190476,5614,196090,1557
2020-12-29,San Diego,073,3302833,168956,150062,7573,157635,1435
2020-12-29,San Francisco,075,870044,24414,22996,217,23213,178
2020-12-29,San Joaquin,077,732212,47655,44699,1628,46327,622
2020-12-29,San Luis Obispo,079,281455,11843,10387,254,10641,80
2020-12-29,San Mateo,081,765935,26472,23773,111,23884,189
2020-12-29,Santa Barbara,083,443738,18539,16797,509,17306,155
2020-12-29,Santa Clara,085,1922200,74463,67581,301,67882,621
2020-12-29,Santa Cruz,087,273765,9875,8492,355,8847,84
2020-12-29,Shasta,089,179085,8407,7782,725,8507,65
2020-12-29,Sierra,091,2930,34,24,5,29,0
2020-12-29,Siskiyou,093,43540,1043,926,107,1033,3
2020-12-29,Solano,095,438530,20205,18412,203,18615,96
2020-12-29,Sonoma,097,501317,19934,18790,108,18898,187
2020-12-29,Stanislaus,099,539301,36068,33775,3255,37030,508
2020-12-29,Sutter,101,95872,6652,6302,45,6347,50
2020-12-29,Tehama,103,63373,3179,2962,301,3263,9
2020-12-29,Trinity,105,12862,423,241,57,298,2
2020-12-29,Tulare,107,460477,35355,32545,3807,36352,419
2020-12-29,Tuolumne,109,53932,2916,2797,16,2813,12
2020-12-29,Ventura,111,848112,43278,38669,1686,40355,235
2020-12-29,Yolo,113,214977,8922,8124,64,8188,111
2020-12-29,Yuba,115,75493,3967,3723,38,3761,18
2020-12-28,Alameda,001,1643700,53799,50405,935,51340,551
2020-12-28,Alpine,002,1148,68,65,0,65,0
2020-12-28,Amador,005,37829,2571,2255,18,2273,23
2020-12-28,Butte,007,227075,7815,7053,926,7979,86
2020-12-28,Calaveras,009,45235,1154,1102,2,1104,21
2020-12-28,Colusa,011,21464,1325,1255,74,1329,7
2020-12-28,Contra Costa,013,1133247,41608,38872,567,39439,324
2020-12-28,Del Norte,015,27424,777,718,2,720,2
2020-12-28,El Dorado,017,186661,6346,5441,317,5758,18
2020-12-28,Fresno,019,978130,69552,64274,4559,68833,679
2020-12-28,Glenn,021,27897,1590,1435,260,1695,9
2020-12-28,Humboldt,023,135768,1811,1579,7,1586,19
2020-12-28,Imperial,025,180216,23162,22003,1297,23300,405
2020-12-28,Inyo,027,18085,701,569,8,577,19
2020-12-28,Kern,029,883053,67420,62392,4983,67375,579
2020-12-28,Kings,031,150075,16605,15733,520,16253,108
2020-12-28,Lake,033,64148,1980,1785,0,1785,22
2020-12-28,Lassen,035,31185,4448,4284,51,4335,1
2020-12-28,Los Angeles,037,10098052,788357,720699,21120,741819,9544
2020-12-28,Madera,039,155013,11012,10123,431,10554,64
2020-12-28,Marin,041,260295,9937,9546,75,9621,145
2020-12-28,Mariposa,043,17540,238,211,2,213,3
2020-12-28,Mendocino,045,87422,2489,2214,20,2234,23
2020-12-28,Merced,047,269075,19229,18245,331,18576,213
2020-12-28,Modoc,049,8938,256,220,73,293,0
2020-12-28,Mono,051,14174,891,848,12,860,3
2020-12-28,Monterey,053,433212,28103,26529,682,27211,182
2020-12-28,Napa,055,140530,6025,5576,25,5601,26
2020-12-28,Nevada,057,99092,2776,2532,88,2620,15
2020-12-28,Orange,059,3164182,166596,152089,6325,158414,1839
2020-12-28,Placer,061,380077,14760,13234,578,13812,126
2020-12-28,Plumas,063,18699,476,391,8,399,0
2020-12-28,Riverside,065,2383286,190058,174029,8409,182438,1855
2020-12-28,Sacramento,067,1510023,66676,64322,614,64936,813
2020-12-28,San Benito,069,59416,3710,3429,29,3458,24
2020-12-28,San Bernardino,071,2135413,204562,188919,5501,194420,1552
2020-12-28,San Diego,073,3302833,164211,147528,7391,154919,1404
2020-12-28,San Francisco,075,870044,24054,22726,212,22938,178
2020-12-28,San Joaquin,077,732212,46716,44172,1596,45768,618
2020-12-28,San Luis Obispo,079,281455,11493,10260,250,10510,76
2020-12-28,San Mateo,081,765935,25998,23467,107,23574,189
2020-12-28,Santa Barbara,083,443738,18071,16579,497,17076,155
2020-12-28,Santa Clara,085,1922200,72982,66418,294,66712,619
2020-12-28,Santa Cruz,087,273765,9617,8310,345,8655,81
2020-12-28,Shasta,089,179085,8290,7688,712,8400,65
2020-12-28,Sierra,091,2930,32,24,4,28,0
2020-12-28,Siskiyou,093,43540,1027,915,102,1017,3
2020-12-28,Solano,095,438530,19645,18171,196,18367,96
2020-12-28,Sonoma,097,501317,19587,18667,106,18773,185
2020-12-28,Stanislaus,099,539301,35522,33473,3196,36669,507
2020-12-28,Sutter,101,95872,6572,6253,45,6298,49
2020-12-28,Tehama,103,63373,3126,2934,294,3228,9
2020-12-28,Trinity,105,12862,421,240,57,297,2
2020-12-28,Tulare,107,460477,34706,32010,3706,35716,404
2020-12-28,Tuolumne,109,53932,2899,2777,16,2793,12
2020-12-28,Ventura,111,848112,41608,37151,1641,38792,230
2020-12-28,Yolo,113,214977,8769,8031,63,8094,111
2020-12-28,Yuba,115,75493,3912,3679,37,3716,18
2020-12-27,Alameda,001,1643700,52558,49764,909,50673,551
2020-12-27,Alpine,002,1148,66,65,0,65,0
2020-12-27,Amador,005,37829,2451,2218,18,2236,23
2020-12-27,Butte,007,227075,7660,7016,888,7904,86
2020-12-27,Calaveras,009,45235,1108,1097,2,1099,21
2020-12-27,Colusa,011,21464,1300,1253,71,1324,7
2020-12-27,Contra Costa,013,1133247,40663,38428,543,38971,324
2020-12-27,Del Norte,015,27424,753,712,2,714,2
2020-12-27,El Dorado,017,186661,6132,5388,294,5682,18
2020-12-27,Fresno,019,978130,68306,63811,4354,68165,679
2020-12-27,Glenn,021,27897,1562,1434,246,1680,9
2020-12-27,Humboldt,023,135768,1767,1575,7,1582,17
2020-12-27,Imperial,025,180216,22883,21934,1190,23124,405
2020-12-27,Inyo,027,18085,682,565,7,572,18
2020-12-27,Kern,029,883053,66139,61914,4818,66732,568
2020-12-27,Kings,031,150075,16369,15593,486,16079,108
2020-12-27,Lake,033,64148,1931,1769,0,1769,22
2020-12-27,Lassen,035,31185,4371,4230,44,4274,1
2020-12-27,Los Angeles,037,10098052,766826,707260,20255,727515,9476
2020-12-27,Madera,039,155013,10755,10005,421,10426,64
2020-12-27,Marin,041,260295,9818,9477,73,9550,144
2020-12-27,Mariposa,043,17540,231,208,2,210,3
2020-12-27,Mendocino,045,87422,2442,2209,20,2229,23
2020-12-27,Merced,047,269075,18862,18075,315,18390,213
2020-12-27,Modoc,049,8938,247,221,69,290,0
2020-12-27,Mono,051,14174,879,849,12,861,3
2020-12-27,Monterey,053,433212,27540,26322,665,26987,181
2020-12-27,Napa,055,140530,5891,5496,25,5521,26
2020-12-27,Nevada,057,99092,2740,2519,88,2607,15
2020-12-27,Orange,059,3164182,162193,149276,6137,155413,1839
2020-12-27,Placer,061,380077,14465,13017,546,13563,126
2020-12-27,Plumas,063,18699,470,390,8,398,0
2020-12-27,Riverside,065,2383286,185143,171995,8109,180104,1836
2020-12-27,Sacramento,067,1510023,65465,63416,592,64008,811
2020-12-27,San Benito,069,59416,3625,3394,29,3423,24
2020-12-27,San Bernardino,071,2135413,199471,186776,5364,192140,1551
2020-12-27,San Diego,073,3302833,159804,145777,7204,152981,1402
2020-12-27,San Francisco,075,870044,23700,22514,204,22718,178
2020-12-27,San Joaquin,077,732212,45666,43529,1547,45076,618
2020-12-27,San Luis Obispo,079,281455,11085,10154,245,10399,76
2020-12-27,San Mateo,081,765935,25434,23136,104,23240,187
2020-12-27,Santa Barbara,083,443738,17542,16364,470,16834,155
2020-12-27,Santa Clara,085,1922200,71287,65288,288,65576,619
2020-12-27,Santa Cruz,087,273765,9359,8234,337,8571,81
2020-12-27,Shasta,089,179085,8163,7671,690,8361,65
2020-12-27,Sierra,091,2930,32,24,3,27,0
2020-12-27,Siskiyou,093,43540,1017,914,97,1011,3
2020-12-27,Solano,095,438530,19163,17840,191,18031,96
2020-12-27,Sonoma,097,501317,19296,18487,105,18592,185
2020-12-27,Stanislaus,099,539301,34910,33076,3113,36189,506
2020-12-27,Sutter,101,95872,6491,6218,43,6261,48
2020-12-27,Tehama,103,63373,3054,2922,278,3200,9
2020-12-27,Trinity,105,12862,414,240,55,295,2
2020-12-27,Tulare,107,460477,34104,31864,3588,35452,400
2020-12-27,Tuolumne,109,53932,2793,2750,14,2764,12
2020-12-27,Ventura,111,848112,40546,36661,1590,38251,230
2020-12-27,Yolo,113,214977,8580,7919,59,7978,111
2020-12-27,Yuba,115,75493,3849,3665,35,3700,18
2020-12-26,Alameda,001,1643700,51934,49084,896,49980,551
2020-12-26,Alpine,002,1148,66,65,0,65,0
2020-12-26,Amador,005,37829,2437,2189,18,2207,23
2020-12-26,Butte,007,227075,7566,6968,864,7832,86
2020-12-26,Calaveras,009,45235,1102,1084,2,1086,21
2020-12-26,Colusa,011,21464,1290,1240,71,1311,7
2020-12-26,Contra Costa,013,1133247,40185,38008,526,38534,324
2020-12-26,Del Norte,015,27424,748,709,2,711,2
2020-12-26,El Dorado,017,186661,6077,5279,290,5569,18
2020-12-26,Fresno,019,978130,67837,63080,4291,67371,679
2020-12-26,Glenn,021,27897,1541,1413,241,1654,9
2020-12-26,Humboldt,023,135768,1729,1545,7,1552,17
2020-12-26,Imperial,025,180216,22788,21734,1137,22871,405
2020-12-26,Inyo,027,18085,667,554,7,561,18
2020-12-26,Kern,029,883053,65468,61174,4671,65845,564
2020-12-26,Kings,031,150075,16251,15517,482,15999,108
2020-12-26,Lake,033,64148,1891,1710,0,1710,22
2020-12-26,Lassen,035,31185,4350,3981,44,4025,1
2020-12-26,Los Angeles,037,10098052,758249,694149,19767,713916,9424
2020-12-26,Madera,039,155013,10679,9908,409,10317,64
2020-12-26,Marin,041,260295,9778,9413,70,9483,143
2020-12-26,Mariposa,043,17540,230,206,2,208,3
2020-12-26,Mendocino,045,87422,2396,2194,20,2214,23
2020-12-26,Merced,047,269075,18704,17890,310,18200,213
2020-12-26,Modoc,049,8938,244,222,69,291,0
2020-12-26,Mono,051,14174,873,850,12,862,3
2020-12-26,Monterey,053,433212,27402,26010,656,26666,182
2020-12-26,Napa,055,140530,5833,5427,25,5452,26
2020-12-26,Nevada,057,99092,2712,2480,88,2568,15
2020-12-26,Orange,059,3164182,159970,147304,6046,153350,1838
2020-12-26,Placer,061,380077,14293,12816,531,13347,122
2020-12-26,Plumas,063,18699,467,381,8,389,0
2020-12-26,Riverside,065,2383286,182657,169360,7951,177311,1834
2020-12-26,Sacramento,067,1510023,64840,62435,582,63017,807
2020-12-26,San Benito,069,59416,3552,3330,29,3359,24
2020-12-26,San Bernardino,071,2135413,197790,185111,5282,190393,1551
2020-12-26,San Diego,073,3302833,157279,142644,7057,149701,1402
2020-12-26,San Francisco,075,870044,23459,22319,204,22523,177
2020-12-26,San Joaquin,077,732212,45278,42887,1501,44388,618
2020-12-26,San Luis Obispo,079,281455,10998,9945,240,10185,76
2020-12-26,San Mateo,081,765935,25096,22908,99,23007,187
2020-12-26,Santa Barbara,083,443738,17303,16159,464,16623,155
2020-12-26,Santa Clara,085,1922200,70172,64185,286,64471,618
2020-12-26,Santa Cruz,087,273765,9228,8113,328,8441,81
2020-12-26,Shasta,089,179085,8103,7641,678,8319,65
2020-12-26,Sierra,091,2930,32,24,3,27,0
2020-12-26,Siskiyou,093,43540,1010,909,94,1003,2
2020-12-26,Solano,095,438530,18923,17528,191,17719,96
2020-12-26,Sonoma,097,501317,19093,18261,103,18364,184
2020-12-26,Stanislaus,099,539301,34611,32678,3060,35738,505
2020-12-26,Sutter,101,95872,6433,6121,43,6164,48
2020-12-26,Tehama,103,63373,3025,2884,272,3156,9
2020-12-26,Trinity,105,12862,412,237,54,291,2
2020-12-26,Tulare,107,460477,33794,31665,3525,35190,398
2020-12-26,Tuolumne,109,53932,2782,2703,14,2717,12
2020-12-26,Ventura,111,848112,39581,36064,1560,37624,230
2020-12-26,Yolo,113,214977,8478,7785,57,7842,111
2020-12-26,Yuba,115,75493,3817,3599,35,3634,18
2020-12-25,Alameda,001,1643700,51363,48365,881,49246,542
2020-12-25,Alpine,002,1148,66,64,0,64,0
2020-12-25,Amador,005,37829,2394,2172,18,2190,23
2020-12-25,Butte,007,227075,7467,6873,845,7718,85
2020-12-25,Calaveras,009,45235,1099,1062,2,1064,21
2020-12-25,Colusa,011,21464,1277,1219,70,1289,7
2020-12-25,Contra Costa,013,1133247,39698,37480,502,37982,324
2020-12-25,Del Norte,015,27424,746,692,2,694,2
2020-12-25,El Dorado,017,186661,6012,5170,277,5447,16
2020-12-25,Fresno,019,978130,66976,62251,4210,66461,679
2020-12-25,Glenn,021,27897,1525,1390,234,1624,9
2020-12-25,Humboldt,023,135768,1689,1532,7,1539,16
2020-12-25,Imperial,025,180216,22685,21646,1125,22771,405
2020-12-25,Inyo,027,18085,657,546,7,553,18
2020-12-25,Kern,029,883053,64738,60417,4525,64942,562
2020-12-25,Kings,031,150075,16140,15460,478,15938,108
2020-12-25,Lake,033,64148,1872,1669,0,1669,20
2020-12-25,Lassen,035,31185,4335,3926,44,3970,1
2020-12-25,Los Angeles,037,10098052,744579,665600,19112,684712,9292
2020-12-25,Madera,039,155013,10515,9770,403,10173,64
2020-12-25,Marin,041,260295,9725,9375,68,9443,143
2020-12-25,Mariposa,043,17540,224,203,2,205,3
2020-12-25,Mendocino,045,87422,2353,2176,20,2196,23
2020-12-25,Merced,047,269075,18543,17726,302,18028,213
2020-12-25,Modoc,049,8938,243,221,69,290,0
2020-12-25,Mono,051,14174,871,843,12,855,3
2020-12-25,Monterey,053,433212,27125,25788,647,26435,182
2020-12-25,Napa,055,140530,5756,5351,25,5376,26
2020-12-25,Nevada,057,99092,2686,2458,86,2544,15
2020-12-25,Orange,059,3164182,157277,144542,5855,150397,1814
2020-12-25,Placer,061,380077,14108,12660,509,13169,122
2020-12-25,Plumas,063,18699,460,381,8,389,0
2020-12-25,Riverside,065,2383286,179376,166690,7640,174330,1825
2020-12-25,Sacramento,067,1510023,64149,61630,557,62187,796
2020-12-25,San Benito,069,59416,3511,3281,27,3308,24
2020-12-25,San Bernardino,071,2135413,195192,181812,5167,186979,1546
2020-12-25,San Diego,073,3302833,154799,139958,6879,146837,1402
2020-12-25,San Francisco,075,870044,23177,22130,199,22329,175
2020-12-25,San Joaquin,077,732212,44978,42089,1448,43537,614
2020-12-25,San Luis Obispo,079,281455,10815,9749,233,9982,76
2020-12-25,San Mateo,081,765935,24774,22568,97,22665,187
2020-12-25,Santa Barbara,083,443738,17079,15936,457,16393,155
2020-12-25,Santa Clara,085,1922200,69035,63173,277,63450,612
2020-12-25,Santa Cruz,087,273765,9078,8018,307,8325,81
2020-12-25,Shasta,089,179085,8029,7612,655,8267,65
2020-12-25,Sierra,091,2930,32,24,3,27,0
2020-12-25,Siskiyou,093,43540,1004,905,92,997,2
2020-12-25,Solano,095,438530,18744,17280,189,17469,96
2020-12-25,Sonoma,097,501317,18918,18035,101,18136,184
2020-12-25,Stanislaus,099,539301,34329,32290,3005,35295,498
2020-12-25,Sutter,101,95872,6374,6051,42,6093,47
2020-12-25,Tehama,103,63373,2977,2839,259,3098,9
2020-12-25,Trinity,105,12862,408,236,54,290,2
2020-12-25,Tulare,107,460477,33383,31323,3457,34780,398
2020-12-25,Tuolumne,109,53932,2763,2674,14,2688,12
2020-12-25,Ventura,111,848112,38425,35514,1512,37026,230
2020-12-25,Yolo,113,214977,8386,7700,55,7755,111
2020-12-25,Yuba,115,75493,3777,3549,34,3583,17
2020-12-24,Alameda,001,1643700,51007,47527,863,48390,541
2020-12-24,Alpine,002,1148,66,64,0,64,0
2020-12-24,Amador,005,37829,2381,2145,18,2163,23
2020-12-24,Butte,007,227075,7429,6716,829,7545,84
2020-12-24,Calaveras,009,45235,1096,1032,2,1034,21
2020-12-24,Colusa,011,21464,1272,1188,68,1256,7
2020-12-24,Contra Costa,013,1133247,39446,36623,489,37112,311
2020-12-24,Del Norte,015,27424,745,678,2,680,2
2020-12-24,El Dorado,017,186661,5986,5042,269,5311,16
2020-12-24,Fresno,019,978130,66754,61435,4196,65631,663
2020-12-24,Glenn,021,27897,1514,1363,226,1589,9
2020-12-24,Humboldt,023,135768,1666,1516,7,1523,16
2020-12-24,Imperial,025,180216,22622,21545,1115,22660,402
2020-12-24,Inyo,027,18085,655,532,7,539,17
2020-12-24,Kern,029,883053,64450,59601,4512,64113,556
2020-12-24,Kings,031,150075,16100,15211,477,15688,108
2020-12-24,Lake,033,64148,1850,1629,0,1629,20
2020-12-24,Lassen,035,31185,4322,3894,44,3938,1
2020-12-24,Los Angeles,037,10098052,740384,664840,18870,683710,9288
2020-12-24,Madera,039,155013,10466,9547,395,9942,63
2020-12-24,Marin,041,260295,9686,9287,68,9355,143
2020-12-24,Mariposa,043,17540,220,197,2,199,3
2020-12-24,Mendocino,045,87422,2342,2150,20,2170,23
2020-12-24,Merced,047,269075,18473,17485,298,17783,212
2020-12-24,Modoc,049,8938,243,220,68,288,0
2020-12-24,Mono,051,14174,869,817,12,829,3
2020-12-24,Monterey,053,433212,27012,25131,640,25771,180
2020-12-24,Napa,055,140530,5701,5265,25,5290,26
2020-12-24,Nevada,057,99092,2662,2429,86,2515,15
2020-12-24,Orange,059,3164182,155783,141205,5804,147009,1775
2020-12-24,Placer,061,380077,14018,12457,502,12959,121
2020-12-24,Plumas,063,18699,457,376,8,384,0
2020-12-24,Riverside,065,2383286,178440,162435,7600,170035,1816
2020-12-24,Sacramento,067,1510023,63874,60596,555,61151,788
2020-12-24,San Benito,069,59416,3480,3183,27,3210,24
2020-12-24,San Bernardino,071,2135413,194102,176866,5134,182000,1533
2020-12-24,San Diego,073,3302833,153715,136952,6847,143799,1382
2020-12-24,San Francisco,075,870044,23004,21830,196,22026,175
2020-12-24,San Joaquin,077,732212,44811,41324,1430,42754,611
2020-12-24,San Luis Obispo,079,281455,10746,9504,231,9735,77
2020-12-24,San Mateo,081,765935,24579,22093,97,22190,186
2020-12-24,Santa Barbara,083,443738,16974,15644,449,16093,153
2020-12-24,Santa Clara,085,1922200,68346,61742,270,62012,591
2020-12-24,Santa Cruz,087,273765,8999,7856,295,8151,82
2020-12-24,Shasta,089,179085,7988,7540,638,8178,65
2020-12-24,Sierra,091,2930,29,23,1,24,0
2020-12-24,Siskiyou,093,43540,999,900,86,986,2
2020-12-24,Solano,095,438530,18603,16872,184,17056,96
2020-12-24,Sonoma,097,501317,18817,17710,101,17811,183
2020-12-24,Stanislaus,099,539301,34127,31848,2978,34826,498
2020-12-24,Sutter,101,95872,6333,5960,41,6001,47
2020-12-24,Tehama,103,63373,2959,2779,257,3036,9
2020-12-24,Trinity,105,12862,407,235,54,289,2
2020-12-24,Tulare,107,460477,33235,30827,3431,34258,390
2020-12-24,Tuolumne,109,53932,2755,2653,14,2667,12
2020-12-24,Ventura,111,848112,38145,34400,1505,35905,224
2020-12-24,Yolo,113,214977,8344,7566,54,7620,113
2020-12-24,Yuba,115,75493,3746,3483,34,3517,16
2020-12-23,Alameda,001,1643700,50429,46753,835,47588,537
2020-12-23,Alpine,002,1148,66,64,0,64,0
2020-12-23,Amador,005,37829,2312,2108,17,2125,23
2020-12-23,Butte,007,227075,7340,6588,802,7390,84
2020-12-23,Calaveras,009,45235,1088,1002,1,1003,21
2020-12-23,Colusa,011,21464,1261,1167,67,1234,7
2020-12-23,Contra Costa,013,1133247,39049,36190,475,36665,311
2020-12-23,Del Norte,015,27424,737,670,2,672,2
2020-12-23,El Dorado,017,186661,5911,4967,261,5228,14
2020-12-23,Fresno,019,978130,66144,60488,4131,64619,654
2020-12-23,Glenn,021,27897,1500,1349,222,1571,9
2020-12-23,Humboldt,023,135768,1641,1458,7,1465,16
2020-12-23,Imperial,025,180216,22527,21323,1086,22409,399
2020-12-23,Inyo,027,18085,642,517,7,524,17
2020-12-23,Kern,029,883053,63931,58656,4421,63077,549
2020-12-23,Kings,031,150075,16023,14923,474,15397,105
2020-12-23,Lake,033,64148,1833,1595,0,1595,20
2020-12-23,Lassen,035,31185,4312,3865,41,3906,1
2020-12-23,Los Angeles,037,10098052,731310,651958,18353,670311,9146
2020-12-23,Madera,039,155013,10309,9371,380,9751,63
2020-12-23,Marin,041,260295,9626,9199,65,9264,142
2020-12-23,Mariposa,043,17540,218,194,2,196,3
2020-12-23,Mendocino,045,87422,2330,2121,20,2141,23
2020-12-23,Merced,047,269075,18317,17250,290,17540,203
2020-12-23,Modoc,049,8938,239,197,67,264,0
2020-12-23,Mono,051,14174,866,814,12,826,3
2020-12-23,Monterey,053,433212,26712,24856,635,25491,176
2020-12-23,Napa,055,140530,5634,5172,25,5197,25
2020-12-23,Nevada,057,99092,2617,2406,85,2491,15
2020-12-23,Orange,059,3164182,153328,138050,5643,143693,1771
2020-12-23,Placer,061,380077,13808,12213,494,12707,111
2020-12-23,Plumas,063,18699,450,369,8,377,0
2020-12-23,Riverside,065,2383286,176169,158110,7446,165556,1790
2020-12-23,Sacramento,067,1510023,63225,59661,542,60203,779
2020-12-23,San Benito,069,59416,3426,3073,25,3098,24
2020-12-23,San Bernardino,071,2135413,192036,172888,5066,177954,1509
2020-12-23,San Diego,073,3302833,151289,134695,6710,141405,1350
2020-12-23,San Francisco,075,870044,22783,21498,193,21691,174
2020-12-23,San Joaquin,077,732212,44285,35664,1388,37052,602
2020-12-23,San Luis Obispo,079,281455,10604,9267,226,9493,74
2020-12-23,San Mateo,081,765935,24277,21780,95,21875,186
2020-12-23,Santa Barbara,083,443738,16766,15399,424,15823,152
2020-12-23,Santa Clara,085,1922200,67399,60455,265,60720,579
2020-12-23,Santa Cruz,087,273765,8840,7637,277,7914,75
2020-12-23,Shasta,089,179085,7916,7487,632,8119,66
2020-12-23,Sierra,091,2930,27,23,1,24,0
2020-12-23,Siskiyou,093,43540,978,891,85,976,2
2020-12-23,Solano,095,438530,18389,16626,179,16805,95
2020-12-23,Sonoma,097,501317,18612,17397,101,17498,182
2020-12-23,Stanislaus,099,539301,33775,31492,2926,34418,499
2020-12-23,Sutter,101,95872,6266,5871,41,5912,46
2020-12-23,Tehama,103,63373,2941,2737,250,2987,9
2020-12-23,Trinity,105,12862,407,234,53,287,2
2020-12-23,Tulare,107,460477,32923,30315,3391,33706,385
2020-12-23,Tuolumne,109,53932,2716,2540,14,2554,12
2020-12-23,Ventura,111,848112,37747,33377,1476,34853,216
2020-12-23,Yolo,113,214977,8265,7508,54,7562,112
2020-12-23,Yuba,115,75493,3686,3438,34,3472,14
2020-12-22,Alameda,001,1643700,49544,45751,805,46556,534
2020-12-22,Alpine,002,1148,66,64,0,64,0
2020-12-22,Amador,005,37829,2301,1839,17,1856,23
2020-12-22,Butte,007,227075,7211,6467,787,7254,85
2020-12-22,Calaveras,009,45235,1061,988,0,988,21
2020-12-22,Colusa,011,21464,1238,1150,64,1214,7
2020-12-22,Contra Costa,013,1133247,38424,35681,461,36142,301
2020-12-22,Del Norte,015,27424,727,666,2,668,2
2020-12-22,El Dorado,017,186661,5788,4885,249,5134,12
2020-12-22,Fresno,019,978130,65112,59640,4029,63669,640
2020-12-22,Glenn,021,27897,1477,1337,211,1548,9
2020-12-22,Humboldt,023,135768,1608,1440,7,1447,16
2020-12-22,Imperial,025,180216,22338,21128,1045,22173,398
2020-12-22,Inyo,027,18085,621,506,7,513,17
2020-12-22,Kern,029,883053,62978,57816,4286,62102,547
2020-12-22,Kings,031,150075,15881,14855,468,15323,102
2020-12-22,Lake,033,64148,1809,1569,0,1569,20
2020-12-22,Lassen,035,31185,4170,3848,39,3887,1
2020-12-22,Los Angeles,037,10098052,714037,635931,17695,653626,9013
2020-12-22,Madera,039,155013,10195,9187,365,9552,63
2020-12-22,Marin,041,260295,9560,9115,64,9179,142
2020-12-22,Mariposa,043,17540,215,194,2,196,3
2020-12-22,Mendocino,045,87422,2297,2092,19,2111,23
2020-12-22,Merced,047,269075,18071,17012,285,17297,201
2020-12-22,Modoc,049,8938,231,182,66,248,0
2020-12-22,Mono,051,14174,860,786,12,798,3
2020-12-22,Monterey,053,433212,26041,24152,614,24766,176
2020-12-22,Napa,055,140530,5545,5059,25,5084,23
2020-12-22,Nevada,057,99092,2589,2367,84,2451,14
2020-12-22,Orange,059,3164182,149992,134850,5475,140325,1774
2020-12-22,Placer,061,380077,13564,11943,474,12417,105
2020-12-22,Plumas,063,18699,444,360,8,368,0
2020-12-22,Riverside,065,2383286,172361,155059,7180,162239,1777
2020-12-22,Sacramento,067,1510023,62297,57966,523,58489,772
2020-12-22,San Benito,069,59416,3348,2998,25,3023,24
2020-12-22,San Bernardino,071,2135413,187426,169266,4922,174188,1500
2020-12-22,San Diego,073,3302833,147930,132097,6548,138645,1311
2020-12-22,San Francisco,075,870044,22512,21232,189,21421,174
2020-12-22,San Joaquin,077,732212,43522,39423,1340,40763,592
2020-12-22,San Luis Obispo,079,281455,10258,9174,221,9395,69
2020-12-22,San Mateo,081,765935,23950,21382,79,21461,186
2020-12-22,Santa Barbara,083,443738,16500,15189,414,15603,150
2020-12-22,Santa Clara,085,1922200,66221,59192,258,59450,569
2020-12-22,Santa Cruz,087,273765,8657,7471,251,7722,72
2020-12-22,Shasta,089,179085,7837,7371,615,7986,64
2020-12-22,Sierra,091,2930,27,23,0,23,0
2020-12-22,Siskiyou,093,43540,972,880,84,964,2
2020-12-22,Solano,095,438530,17987,16229,176,16405,95
2020-12-22,Sonoma,097,501317,18291,17216,101,17317,180
2020-12-22,Stanislaus,099,539301,33391,30914,2852,33766,499
2020-12-22,Sutter,101,95872,6207,5791,40,5831,46
2020-12-22,Tehama,103,63373,2892,2688,244,2932,9
2020-12-22,Trinity,105,12862,406,231,53,284,2
2020-12-22,Tulare,107,460477,32458,30025,3327,33352,377
2020-12-22,Tuolumne,109,53932,2665,2526,14,2540,12
2020-12-22,Ventura,111,848112,36981,32488,1433,33921,213
2020-12-22,Yolo,113,214977,8153,7388,53,7441,113
2020-12-22,Yuba,115,75493,3638,3379,34,3413,14
2020-12-21,Alameda,001,1643700,48643,44756,779,45535,518
2020-12-21,Alpine,002,1148,65,64,0,64,0
2020-12-21,Amador,005,37829,2224,1815,17,1832,23
2020-12-21,Butte,007,227075,7056,6335,764,7099,81
2020-12-21,Calaveras,009,45235,1031,963,0,963,21
2020-12-21,Colusa,011,21464,1211,1135,59,1194,7
2020-12-21,Contra Costa,013,1133247,37674,35207,425,35632,300
2020-12-21,Del Norte,015,27424,712,660,2,662,2
2020-12-21,El Dorado,017,186661,5643,4805,237,5042,10
2020-12-21,Fresno,019,978130,63964,58568,3888,62456,634
2020-12-21,Glenn,021,27897,1445,1323,203,1526,9
2020-12-21,Humboldt,023,135768,1585,1419,7,1426,16
2020-12-21,Imperial,025,180216,22072,20994,1004,21998,395
2020-12-21,Inyo,027,18085,600,482,7,489,17
2020-12-21,Kern,029,883053,62089,56836,4152,60988,541
2020-12-21,Kings,031,150075,15631,14760,453,15213,100
2020-12-21,Lake,033,64148,1761,1538,0,1538,20
2020-12-21,Lassen,035,31185,4010,3798,37,3835,1
2020-12-21,Los Angeles,037,10098052,694939,624129,17033,641162,8918
2020-12-21,Madera,039,155013,10005,9069,344,9413,63
2020-12-21,Marin,041,260295,9490,9035,64,9099,142
2020-12-21,Mariposa,043,17540,210,186,2,188,3
2020-12-21,Mendocino,045,87422,2266,2066,19,2085,23
2020-12-21,Merced,047,269075,17821,16710,270,16980,198
2020-12-21,Modoc,049,8938,217,181,65,246,0
2020-12-21,Mono,051,14174,848,781,12,793,3
2020-12-21,Monterey,053,433212,25509,23673,600,24273,174
2020-12-21,Napa,055,140530,5459,4952,25,4977,23
2020-12-21,Nevada,057,99092,2556,2337,84,2421,13
2020-12-21,Orange,059,3164182,146589,130444,5323,135767,1772
2020-12-21,Placer,061,380077,13332,11715,455,12170,105
2020-12-21,Plumas,063,18699,440,353,8,361,0
2020-12-21,Riverside,065,2383286,168141,151713,6861,158574,1743
2020-12-21,Sacramento,067,1510023,61278,57064,506,57570,759
2020-12-21,San Benito,069,59416,3279,2921,25,2946,22
2020-12-21,San Bernardino,071,2135413,182613,165086,4756,169842,1476
2020-12-21,San Diego,073,3302833,144479,129716,6384,136100,1284
2020-12-21,San Francisco,075,870044,22220,21086,187,21273,174
2020-12-21,San Joaquin,077,732212,42724,38811,1290,40101,586
2020-12-21,San Luis Obispo,079,281455,10069,9006,216,9222,64
2020-12-21,San Mateo,081,765935,23546,21035,76,21111,185
2020-12-21,Santa Barbara,083,443738,16226,14988,409,15397,149
2020-12-21,Santa Clara,085,1922200,65028,57699,246,57945,570
2020-12-21,Santa Cruz,087,273765,8450,7315,238,7553,69
2020-12-21,Shasta,089,179085,7772,7299,605,7904,64
2020-12-21,Sierra,091,2930,24,23,0,23,0
2020-12-21,Siskiyou,093,43540,965,878,83,961,2
2020-12-21,Solano,095,438530,17528,15878,171,16049,95
2020-12-21,Sonoma,097,501317,18018,17075,98,17173,176
2020-12-21,Stanislaus,099,539301,32934,30437,2776,33213,499
2020-12-21,Sutter,101,95872,6112,5708,40,5748,46
2020-12-21,Tehama,103,63373,2827,2656,235,2891,9
2020-12-21,Trinity,105,12862,404,226,51,277,2
2020-12-21,Tulare,107,460477,31972,29482,3236,32718,373
2020-12-21,Tuolumne,109,53932,2640,2423,12,2435,12
2020-12-21,Ventura,111,848112,35901,31759,1396,33155,212
2020-12-21,Yolo,113,214977,8016,7266,49,7315,109
2020-12-21,Yuba,115,75493,3580,3329,34,3363,14
2020-12-20,Alameda,001,1643700,47759,44004,758,44762,516
2020-12-20,Alpine,002,1148,65,64,0,64,0
2020-12-20,Amador,005,37829,2166,1771,17,1788,23
2020-12-20,Butte,007,227075,6909,6228,727,6955,81
2020-12-20,Calaveras,009,45235,1007,926,0,926,21
2020-12-20,Colusa,011,21464,1183,1121,53,1174,7
2020-12-20,Contra Costa,013,1133247,37073,34798,407,35205,301
2020-12-20,Del Norte,015,27424,690,652,2,654,2
2020-12-20,El Dorado,017,186661,5518,4697,228,4925,10
2020-12-20,Fresno,019,978130,62977,57616,3753,61369,634
2020-12-20,Glenn,021,27897,1436,1295,196,1491,9
2020-12-20,Humboldt,023,135768,1548,1386,6,1392,15
2020-12-20,Imperial,025,180216,21832,20882,902,21784,395
2020-12-20,Inyo,027,18085,584,476,7,483,17
2020-12-20,Kern,029,883053,60991,55983,3998,59981,540
2020-12-20,Kings,031,150075,15411,14629,437,15066,100
2020-12-20,Lake,033,64148,1718,1463,0,1463,20
2020-12-20,Lassen,035,31185,3956,3669,35,3704,1
2020-12-20,Los Angeles,037,10098052,676833,612975,16315,629290,8862
2020-12-20,Madera,039,155013,9795,8871,337,9208,63
2020-12-20,Marin,041,260295,9389,8948,61,9009,142
2020-12-20,Mariposa,043,17540,209,179,2,181,3
2020-12-20,Mendocino,045,87422,2241,2033,19,2052,23
2020-12-20,Merced,047,269075,17504,16435,263,16698,198
2020-12-20,Modoc,049,8938,217,181,63,244,0
2020-12-20,Mono,051,14174,830,774,12,786,3
2020-12-20,Monterey,053,433212,25026,23250,562,23812,173
2020-12-20,Napa,055,140530,5338,4865,24,4889,23
2020-12-20,Nevada,057,99092,2510,2289,78,2367,13
2020-12-20,Orange,059,3164182,143099,128780,5175,133955,1763
2020-12-20,Placer,061,380077,13107,11496,437,11933,105
2020-12-20,Plumas,063,18699,432,347,8,355,0
2020-12-20,Riverside,065,2383286,163936,148714,6574,155288,1742
2020-12-20,Sacramento,067,1510023,60279,56017,486,56503,755
2020-12-20,San Benito,069,59416,3208,2885,24,2909,21
2020-12-20,San Bernardino,071,2135413,177605,162810,4599,167409,1458
2020-12-20,San Diego,073,3302833,140761,126465,6214,132679,1280
2020-12-20,San Francisco,075,870044,21903,20937,184,21121,174
2020-12-20,San Joaquin,077,732212,41876,38268,1230,39498,587
2020-12-20,San Luis Obispo,079,281455,9778,8881,210,9091,63
2020-12-20,San Mateo,081,765935,23112,20764,72,20836,185
2020-12-20,Santa Barbara,083,443738,15904,14817,391,15208,148
2020-12-20,Santa Clara,085,1922200,63632,56860,240,57100,566
2020-12-20,Santa Cruz,087,273765,8240,7178,225,7403,69
2020-12-20,Shasta,089,179085,7658,7256,591,7847,64
2020-12-20,Sierra,091,2930,24,22,0,22,0
2020-12-20,Siskiyou,093,43540,956,870,82,952,2
2020-12-20,Solano,095,438530,17145,15533,160,15693,95
2020-12-20,Sonoma,097,501317,17742,16802,97,16899,175
2020-12-20,Stanislaus,099,539301,32403,29995,2677,32672,498
2020-12-20,Sutter,101,95872,6025,5601,40,5641,43
2020-12-20,Tehama,103,63373,2779,2602,216,2818,9
2020-12-20,Trinity,105,12862,396,221,50,271,2
2020-12-20,Tulare,107,460477,31455,29078,3143,32221,373
2020-12-20,Tuolumne,109,53932,2532,2152,11,2163,12
2020-12-20,Ventura,111,848112,35200,31335,1364,32699,210
2020-12-20,Yolo,113,214977,7864,7121,46,7167,109
2020-12-20,Yuba,115,75493,3530,3254,32,3286,12
2020-12-19,Alameda,001,1643700,47311,43109,751,43860,516
2020-12-19,Alpine,002,1148,65,64,0,64,0
2020-12-19,Amador,005,37829,2142,1754,17,1771,23
2020-12-19,Butte,007,227075,6809,6118,705,6823,81
2020-12-19,Calaveras,009,45235,990,900,0,900,21
2020-12-19,Colusa,011,21464,1175,1096,50,1146,7
2020-12-19,Contra Costa,013,1133247,36745,34321,393,34714,301
2020-12-19,Del Norte,015,27424,688,641,1,642,2
2020-12-19,El Dorado,017,186661,5451,4588,220,4808,10
2020-12-19,Fresno,019,978130,62652,55428,3687,59115,634
2020-12-19,Glenn,021,27897,1401,1286,195,1481,9
2020-12-19,Humboldt,023,135768,1531,1357,6,1363,15
2020-12-19,Imperial,025,180216,21739,20711,856,21567,395
2020-12-19,Inyo,027,18085,577,475,7,482,17
2020-12-19,Kern,029,883053,60507,55118,3892,59010,540
2020-12-19,Kings,031,150075,15332,14474,435,14909,100
2020-12-19,Lake,033,64148,1678,1438,0,1438,20
2020-12-19,Lassen,035,31185,3928,3595,35,3630,1
2020-12-19,Los Angeles,037,10098052,669708,599888,15794,615682,8804
2020-12-19,Madera,039,155013,9694,8717,325,9042,63
2020-12-19,Marin,041,260295,9349,8864,61,8925,142
2020-12-19,Mariposa,043,17540,207,177,2,179,3
2020-12-19,Mendocino,045,87422,2216,2008,19,2027,23
2020-12-19,Merced,047,269075,17365,16230,255,16485,198
2020-12-19,Modoc,049,8938,214,181,63,244,0
2020-12-19,Mono,051,14174,823,766,12,778,3
2020-12-19,Monterey,053,433212,24912,22799,557,23356,172
2020-12-19,Napa,055,140530,5276,4772,24,4796,23
2020-12-19,Nevada,057,99092,2488,2260,78,2338,13
2020-12-19,Orange,059,3164182,141171,125574,5027,130601,1733
2020-12-19,Placer,061,380077,12952,11246,431,11677,105
2020-12-19,Plumas,063,18699,429,343,8,351,0
2020-12-19,Riverside,065,2383286,161948,146703,6343,153046,1737
2020-12-19,Sacramento,067,1510023,59744,55169,472,55641,746
2020-12-19,San Benito,069,59416,3160,2820,23,2843,21
2020-12-19,San Bernardino,071,2135413,176021,159883,4491,164374,1433
2020-12-19,San Diego,073,3302833,138994,122972,6075,129047,1280
2020-12-19,San Francisco,075,870044,21748,20643,184,20827,174
2020-12-19,San Joaquin,077,732212,41472,37340,1182,38522,586
2020-12-19,San Luis Obispo,079,281455,9707,8788,207,8995,63
2020-12-19,San Mateo,081,765935,22903,20393,65,20458,182
2020-12-19,Santa Barbara,083,443738,15748,14667,385,15052,148
2020-12-19,Santa Clara,085,1922200,62782,55540,236,55776,558
2020-12-19,Santa Cruz,087,273765,8134,7054,221,7275,68
2020-12-19,Shasta,089,179085,7606,7221,579,7800,63
2020-12-19,Sierra,091,2930,24,23,0,23,0
2020-12-19,Siskiyou,093,43540,952,853,81,934,2
2020-12-19,Solano,095,438530,16967,15204,157,15361,95
2020-12-19,Sonoma,097,501317,17633,16553,97,16650,175
2020-12-19,Stanislaus,099,539301,32076,29555,2605,32160,498
2020-12-19,Sutter,101,95872,5969,5506,40,5546,41
2020-12-19,Tehama,103,63373,2730,2574,214,2788,9
2020-12-19,Trinity,105,12862,395,219,50,269,2
2020-12-19,Tulare,107,460477,31217,28734,3077,31811,375
2020-12-19,Tuolumne,109,53932,2518,2107,11,2118,12
2020-12-19,Ventura,111,848112,34919,30843,1334,32177,209
2020-12-19,Yolo,113,214977,7789,7025,45,7070,109
2020-12-19,Yuba,115,75493,3500,3168,32,3200,11
2020-12-18,Alameda,001,1643700,46776,42196,735,42931,515
2020-12-18,Alpine,002,1148,65,64,0,64,0
2020-12-18,Amador,005,37829,2125,1727,15,1742,20
2020-12-18,Butte,007,227075,6724,5891,680,6571,81
2020-12-18,Calaveras,009,45235,980,870,0,870,21
2020-12-18,Colusa,011,21464,1166,1068,50,1118,7
2020-12-18,Contra Costa,013,1133247,36453,33610,382,33992,300
2020-12-18,Del Norte,015,27424,683,627,0,627,2
2020-12-18,El Dorado,017,186661,5389,4494,211,4705,10
2020-12-18,Fresno,019,978130,61825,52643,3626,56269,613
2020-12-18,Glenn,021,27897,1384,1264,190,1454,9
2020-12-18,Humboldt,023,135768,1516,1331,6,1337,15
2020-12-18,Imperial,025,180216,21656,20430,810,21240,393
2020-12-18,Inyo,027,18085,558,454,7,461,17
2020-12-18,Kern,029,883053,59847,54220,3807,58027,533
2020-12-18,Kings,031,150075,15206,14284,429,14713,98
2020-12-18,Lake,033,64148,1662,1397,0,1397,20
2020-12-18,Lassen,035,31185,3920,3486,35,3521,1
2020-12-18,Los Angeles,037,10098052,657561,586413,15314,601727,8744
2020-12-18,Madera,039,155013,9591,8609,319,8928,63
2020-12-18,Marin,041,260295,9265,8799,61,8860,142
2020-12-18,Mariposa,043,17540,204,176,2,178,3
2020-12-18,Mendocino,045,87422,2198,1977,19,1996,24
2020-12-18,Merced,047,269075,17284,15956,253,16209,195
2020-12-18,Modoc,049,8938,214,179,63,242,0
2020-12-18,Mono,051,14174,815,731,12,743,3
2020-12-18,Monterey,053,433212,24619,22336,552,22888,165
2020-12-18,Napa,055,140530,5227,4688,24,4712,23
2020-12-18,Nevada,057,99092,2471,2220,77,2297,13
2020-12-18,Orange,059,3164182,138740,121681,4878,126559,1725
2020-12-18,Placer,061,380077,12781,10995,423,11418,104
2020-12-18,Plumas,063,18699,423,336,8,344,0
2020-12-18,Riverside,065,2383286,159106,142375,6081,148456,1733
2020-12-18,Sacramento,067,1510023,59118,53980,456,54436,736
2020-12-18,San Benito,069,59416,3111,2744,23,2767,21
2020-12-18,San Bernardino,071,2135413,173723,154272,4356,158628,1430
2020-12-18,San Diego,073,3302833,136816,120463,5936,126399,1253
2020-12-18,San Francisco,075,870044,21581,20315,178,20493,173
2020-12-18,San Joaquin,077,732212,41115,36484,1153,37637,559
2020-12-18,San Luis Obispo,079,281455,9609,8598,202,8800,62
2020-12-18,San Mateo,081,765935,22590,19971,61,20032,182
2020-12-18,Santa Barbara,083,443738,15607,14361,372,14733,148
2020-12-18,Santa Clara,085,1922200,61885,53992,227,54219,539
2020-12-18,Santa Cruz,087,273765,8015,6838,213,7051,68
2020-12-18,Shasta,089,179085,7568,7114,568,7682,62
2020-12-18,Sierra,091,2930,24,23,0,23,0
2020-12-18,Siskiyou,093,43540,950,840,81,921,2
2020-12-18,Solano,095,438530,16810,14667,153,14820,95
2020-12-18,Sonoma,097,501317,17513,16261,97,16358,173
2020-12-18,Stanislaus,099,539301,31800,28967,2568,31535,490
2020-12-18,Sutter,101,95872,5885,5399,40,5439,39
2020-12-18,Tehama,103,63373,2715,2523,204,2727,9
2020-12-18,Trinity,105,12862,394,215,50,265,2
2020-12-18,Tulare,107,460477,30925,28322,2999,31321,370
2020-12-18,Tuolumne,109,53932,2507,2067,11,2078,12
2020-12-18,Ventura,111,848112,34415,29907,1291,31198,209
2020-12-18,Yolo,113,214977,7720,6901,44,6945,109
2020-12-18,Yuba,115,75493,3440,3097,32,3129,11
2020-12-17,Alameda,001,1643700,45971,41548,710,42258,508
2020-12-17,Alpine,002,1148,65,64,0,64,0
2020-12-17,Amador,005,37829,2077,1703,13,1716,19
2020-12-17,Butte,007,227075,6599,5746,661,6407,78
2020-12-17,Calaveras,009,45235,957,848,0,848,21
2020-12-17,Colusa,011,21464,1155,1053,48,1101,7
2020-12-17,Contra Costa,013,1133247,35920,33006,352,33358,293
2020-12-17,Del Norte,015,27424,678,583,0,583,1
2020-12-17,El Dorado,017,186661,5243,4327,198,4525,9
2020-12-17,Fresno,019,978130,60963,49918,3499,53417,597
2020-12-17,Glenn,021,27897,1360,1244,183,1427,9
2020-12-17,Humboldt,023,135768,1483,1322,6,1328,14
2020-12-17,Imperial,025,180216,21494,20208,745,20953,391
2020-12-17,Inyo,027,18085,540,450,6,456,16
2020-12-17,Kern,029,883053,58890,53683,3672,57355,526
2020-12-17,Kings,031,150075,15103,14057,414,14471,98
2020-12-17,Lake,033,64148,1633,1374,0,1374,20
2020-12-17,Lassen,035,31185,3884,3417,35,3452,1
2020-12-17,Los Angeles,037,10098052,641880,571093,14778,585871,8657
2020-12-17,Madera,039,155013,9470,8465,315,8780,62
2020-12-17,Marin,041,260295,9203,8721,59,8780,142
2020-12-17,Mariposa,043,17540,200,172,2,174,3
2020-12-17,Mendocino,045,87422,2164,1942,19,1961,23
2020-12-17,Merced,047,269075,17022,15648,245,15893,192
2020-12-17,Modoc,049,8938,211,179,63,242,0
2020-12-17,Mono,051,14174,801,718,12,730,3
2020-12-17,Monterey,053,433212,24100,21951,537,22488,163
2020-12-17,Napa,055,140530,5115,4612,24,4636,23
2020-12-17,Nevada,057,99092,2430,2173,74,2247,13
2020-12-17,Orange,059,3164182,135373,118367,4746,123113,1725
2020-12-17,Placer,061,380077,12507,10756,409,11165,99
2020-12-17,Plumas,063,18699,414,324,8,332,0
2020-12-17,Riverside,065,2383286,155233,139325,5867,145192,1696
2020-12-17,Sacramento,067,1510023,58211,53189,434,53623,721
2020-12-17,San Benito,069,59416,3042,2645,22,2667,20
2020-12-17,San Bernardino,071,2135413,169778,149838,4240,154078,1425
2020-12-17,San Diego,073,3302833,134015,116852,5780,122632,1239
2020-12-17,San Francisco,075,870044,21291,19939,173,20112,170
2020-12-17,San Joaquin,077,732212,40387,35894,1119,37013,554
2020-12-17,San Luis Obispo,079,281455,9490,8365,201,8566,59
2020-12-17,San Mateo,081,765935,22220,19647,61,19708,181
2020-12-17,Santa Barbara,083,443738,15374,14207,365,14572,147
2020-12-17,Santa Clara,085,1922200,60695,52559,221,52780,527
2020-12-17,Santa Cruz,087,273765,7859,6687,200,6887,64
2020-12-17,Shasta,089,179085,7492,7000,549,7549,62
2020-12-17,Sierra,091,2930,23,23,0,23,0
2020-12-17,Siskiyou,093,43540,942,827,80,907,2
2020-12-17,Solano,095,438530,16496,14361,150,14511,96
2020-12-17,Sonoma,097,501317,17241,15993,96,16089,171
2020-12-17,Stanislaus,099,539301,31381,28582,2508,31090,489
2020-12-17,Sutter,101,95872,5787,5309,38,5347,39
2020-12-17,Tehama,103,63373,2666,2480,198,2678,9
2020-12-17,Trinity,105,12862,389,213,50,263,2
2020-12-17,Tulare,107,460477,30524,27852,2920,30772,358
2020-12-17,Tuolumne,109,53932,2214,1992,11,2003,11
2020-12-17,Ventura,111,848112,33805,29404,1255,30659,208
2020-12-17,Yolo,113,214977,7599,6800,43,6843,105
2020-12-17,Yuba,115,75493,3380,3035,31,3066,12
2020-12-16,Alameda,001,1643700,45115,40751,686,41437,497
2020-12-16,Alpine,002,1148,65,64,0,64,0
2020-12-16,Amador,005,37829,2030,1693,12,1705,19
2020-12-16,Butte,007,227075,6410,5659,633,6292,76
2020-12-16,Calaveras,009,45235,922,821,0,821,21
2020-12-16,Colusa,011,21464,1142,1038,45,1083,7
2020-12-16,Contra Costa,013,1133247,35362,32429,333,32762,293
2020-12-16,Del Norte,015,27424,676,575,0,575,1
2020-12-16,El Dorado,017,186661,5122,4237,189,4426,9
2020-12-16,Fresno,019,978130,60008,49173,3403,52576,584
2020-12-16,Glenn,021,27897,1342,1236,172,1408,9
2020-12-16,Humboldt,023,135768,1451,1308,5,1313,12
2020-12-16,Imperial,025,180216,21312,19980,681,20661,388
2020-12-16,Inyo,027,18085,527,444,6,450,16
2020-12-16,Kern,029,883053,58013,52896,3543,56439,522
2020-12-16,Kings,031,150075,14923,13734,398,14132,99
2020-12-16,Lake,033,64148,1594,1363,0,1363,20
2020-12-16,Lassen,035,31185,3851,3396,34,3430,1
2020-12-16,Los Angeles,037,10098052,625341,557907,14113,572020,8561
2020-12-16,Madera,039,155013,9344,8278,307,8585,62
2020-12-16,Marin,041,260295,9132,8641,59,8700,142
2020-12-16,Mariposa,043,17540,197,175,2,177,3
2020-12-16,Mendocino,045,87422,2129,1929,19,1948,23
2020-12-16,Merced,047,269075,16738,15443,242,15685,190
2020-12-16,Modoc,049,8938,208,178,63,241,0
2020-12-16,Mono,051,14174,782,702,12,714,3
2020-12-16,Monterey,053,433212,23540,21107,526,21633,163
2020-12-16,Napa,055,140530,5017,4544,24,4568,23
2020-12-16,Nevada,057,99092,2394,2149,72,2221,13
2020-12-16,Orange,059,3164182,131892,115260,4581,119841,1712
2020-12-16,Placer,061,380077,12270,10554,388,10942,96
2020-12-16,Plumas,063,18699,405,319,8,327,0
2020-12-16,Riverside,065,2383286,151117,135751,5622,141373,1664
2020-12-16,Sacramento,067,1510023,57239,52166,409,52575,715
2020-12-16,San Benito,069,59416,2952,2582,22,2604,20
2020-12-16,San Bernardino,071,2135413,165171,143565,4106,147671,1403
2020-12-16,San Diego,073,3302833,130910,114248,5626,119874,1217
2020-12-16,San Francisco,075,870044,21032,19624,173,19797,170
2020-12-16,San Joaquin,077,732212,39564,35010,1079,36089,547
2020-12-16,San Luis Obispo,079,281455,9295,8252,192,8444,58
2020-12-16,San Mateo,081,765935,21895,19292,57,19349,179
2020-12-16,Santa Barbara,083,443738,15122,13966,353,14319,144
2020-12-16,Santa Clara,085,1922200,59443,51502,218,51720,523
2020-12-16,Santa Cruz,087,273765,7671,6536,189,6725,63
2020-12-16,Shasta,089,179085,7419,6914,526,7440,62
2020-12-16,Sierra,091,2930,23,23,0,23,0
2020-12-16,Siskiyou,093,43540,934,818,80,898,2
2020-12-16,Solano,095,438530,16025,14157,146,14303,96
2020-12-16,Sonoma,097,501317,16986,15768,96,15864,170
2020-12-16,Stanislaus,099,539301,30888,28279,2437,30716,489
2020-12-16,Sutter,101,95872,5708,5223,38,5261,39
2020-12-16,Tehama,103,63373,2631,2441,174,2615,9
2020-12-16,Trinity,105,12862,383,212,50,262,2
2020-12-16,Tulare,107,460477,30097,27500,2830,30330,352
2020-12-16,Tuolumne,109,53932,2171,1941,11,1952,11
2020-12-16,Ventura,111,848112,33032,28566,1213,29779,203
2020-12-16,Yolo,113,214977,7472,6649,42,6691,103
2020-12-16,Yuba,115,75493,3294,2980,30,3010,11
2020-12-15,Alameda,001,1643700,44258,40026,665,40691,492
2020-12-15,Alpine,002,1148,65,64,0,64,0
2020-12-15,Amador,005,37829,1917,1669,10,1679,19
2020-12-15,Butte,007,227075,6271,5565,605,6170,75
2020-12-15,Calaveras,009,45235,890,799,0,799,21
2020-12-15,Colusa,011,21464,1129,1026,44,1070,7
2020-12-15,Contra Costa,013,1133247,34708,31423,319,31742,281
2020-12-15,Del Norte,015,27424,669,564,0,564,1
2020-12-15,El Dorado,017,186661,5014,4113,175,4288,9
2020-12-15,Fresno,019,978130,58635,47316,3268,50584,574
2020-12-15,Glenn,021,27897,1329,1207,156,1363,9
2020-12-15,Humboldt,023,135768,1431,1276,5,1281,12
2020-12-15,Imperial,025,180216,21087,19756,603,20359,380
2020-12-15,Inyo,027,18085,515,394,6,400,16
2020-12-15,Kern,029,883053,57002,52002,3437,55439,511
2020-12-15,Kings,031,150075,14759,13652,379,14031,97
2020-12-15,Lake,033,64148,1568,1341,0,1341,21
2020-12-15,Lassen,035,31185,3679,3378,33,3411,1
2020-12-15,Los Angeles,037,10098052,608939,536258,13485,549743,8429
2020-12-15,Madera,039,155013,9187,8118,300,8418,60
2020-12-15,Marin,041,260295,9027,8528,58,8586,141
2020-12-15,Mariposa,043,17540,193,171,2,173,3
2020-12-15,Mendocino,045,87422,2102,1883,19,1902,24
2020-12-15,Merced,047,269075,16442,15120,238,15358,190
2020-12-15,Modoc,049,8938,206,179,63,242,0
2020-12-15,Mono,051,14174,766,702,12,714,3
2020-12-15,Monterey,053,433212,22943,19905,465,20370,161
2020-12-15,Napa,055,140530,4914,4440,24,4464,23
2020-12-15,Nevada,057,99092,2361,2117,70,2187,11
2020-12-15,Orange,059,3164182,128261,112893,4432,117325,1689
2020-12-15,Placer,061,380077,12036,10301,366,10667,95
2020-12-15,Plumas,063,18699,400,313,8,321,0
2020-12-15,Riverside,065,2383286,147065,131822,5347,137169,1624
2020-12-15,Sacramento,067,1510023,56221,51076,396,51472,703
2020-12-15,San Benito,069,59416,2873,2520,21,2541,19
2020-12-15,San Bernardino,071,2135413,160708,137548,3957,141505,1351
2020-12-15,San Diego,073,3302833,127343,111441,5463,116904,1194
2020-12-15,San Francisco,075,870044,20725,19283,170,19453,171
2020-12-15,San Joaquin,077,732212,38642,33849,1045,34894,537
2020-12-15,San Luis Obispo,079,281455,9186,8074,189,8263,55
2020-12-15,San Mateo,081,765935,21486,18907,55,18962,178
2020-12-15,Santa Barbara,083,443738,14895,13782,345,14127,144
2020-12-15,Santa Clara,085,1922200,58015,50311,215,50526,505
2020-12-15,Santa Cruz,087,273765,7484,6361,176,6537,59
2020-12-15,Shasta,089,179085,7360,6794,501,7295,54
2020-12-15,Sierra,091,2930,23,23,0,23,0
2020-12-15,Siskiyou,093,43540,926,812,79,891,2
2020-12-15,Solano,095,438530,15671,13796,146,13942,95
2020-12-15,Sonoma,097,501317,16765,15406,96,15502,167
2020-12-15,Stanislaus,099,539301,30391,27823,2358,30181,485
2020-12-15,Sutter,101,95872,5609,5080,37,5117,36
2020-12-15,Tehama,103,63373,2593,2392,168,2560,9
2020-12-15,Trinity,105,12862,375,213,48,261,1
2020-12-15,Tulare,107,460477,29598,27026,2743,29769,342
2020-12-15,Tuolumne,109,53932,2141,1874,11,1885,8
2020-12-15,Ventura,111,848112,32410,27936,1166,29102,201
2020-12-15,Yolo,113,214977,7347,6531,40,6571,104
2020-12-15,Yuba,115,75493,3199,2891,29,2920,11
2020-12-14,Alameda,001,1643700,43359,39252,646,39898,487
2020-12-14,Alpine,002,1148,65,63,0,63,0
2020-12-14,Amador,005,37829,1845,1609,10,1619,19
2020-12-14,Butte,007,227075,6103,5202,588,5790,75
2020-12-14,Calaveras,009,45235,852,718,0,718,21
2020-12-14,Colusa,011,21464,1105,949,43,992,7
2020-12-14,Contra Costa,013,1133247,34017,30594,305,30899,281
2020-12-14,Del Norte,015,27424,663,560,0,560,1
2020-12-14,El Dorado,017,186661,4858,4018,159,4177,9
2020-12-14,Fresno,019,978130,57610,44726,3094,47820,560
2020-12-14,Glenn,021,27897,1303,1186,148,1334,9
2020-12-14,Humboldt,023,135768,1418,1256,5,1261,9
2020-12-14,Imperial,025,180216,20848,19608,529,20137,379
2020-12-14,Inyo,027,18085,502,382,6,388,16
2020-12-14,Kern,029,883053,55965,50538,3316,53854,510
2020-12-14,Kings,031,150075,14574,13491,352,13843,97
2020-12-14,Lake,033,64148,1517,1301,0,1301,21
2020-12-14,Lassen,035,31185,3581,2905,30,2935,1
2020-12-14,Los Angeles,037,10098052,591293,524668,12862,537530,8340
2020-12-14,Madera,039,155013,8923,8011,291,8302,60
2020-12-14,Marin,041,260295,8942,8475,57,8532,141
2020-12-14,Mariposa,043,17540,192,171,2,173,3
2020-12-14,Mendocino,045,87422,2081,1845,19,1864,24
2020-12-14,Merced,047,269075,16037,14572,224,14796,189
2020-12-14,Modoc,049,8938,200,180,61,241,0
2020-12-14,Mono,051,14174,758,685,12,697,3
2020-12-14,Monterey,053,433212,22420,19154,459,19613,155
2020-12-14,Napa,055,140530,4821,4289,24,4313,22
2020-12-14,Nevada,057,99092,2324,2070,67,2137,11
2020-12-14,Orange,059,3164182,124379,108602,4296,112898,1688
2020-12-14,Placer,061,380077,11755,9551,355,9906,95
2020-12-14,Plumas,063,18699,388,309,8,317,0
2020-12-14,Riverside,065,2383286,142943,123715,5085,128800,1588
2020-12-14,Sacramento,067,1510023,55114,50304,371,50675,691
2020-12-14,San Benito,069,59416,2807,2467,20,2487,19
2020-12-14,San Bernardino,071,2135413,156259,129151,3831,132982,1347
2020-12-14,San Diego,073,3302833,123607,109578,5278,114856,1162
2020-12-14,San Francisco,075,870044,20355,18904,168,19072,171
2020-12-14,San Joaquin,077,732212,37807,32522,999,33521,534
2020-12-14,San Luis Obispo,079,281455,8941,7791,185,7976,52
2020-12-14,San Mateo,081,765935,20989,18361,52,18413,178
2020-12-14,Santa Barbara,083,443738,14623,13587,337,13924,144
2020-12-14,Santa Clara,085,1922200,56502,49180,204,49384,502
2020-12-14,Santa Cruz,087,273765,7302,6049,161,6210,54
2020-12-14,Shasta,089,179085,7271,6665,483,7148,54
2020-12-14,Sierra,091,2930,23,21,0,21,0
2020-12-14,Siskiyou,093,43540,903,764,73,837,2
2020-12-14,Solano,095,438530,15316,13352,145,13497,93
2020-12-14,Sonoma,097,501317,16458,14807,95,14902,167
2020-12-14,Stanislaus,099,539301,29863,27311,2312,29623,485
2020-12-14,Sutter,101,95872,5506,5001,30,5031,35
2020-12-14,Tehama,103,63373,2551,2344,165,2509,9
2020-12-14,Trinity,105,12862,371,205,46,251,1
2020-12-14,Tulare,107,460477,29119,25735,2654,28389,341
2020-12-14,Tuolumne,109,53932,2088,1647,11,1658,8
2020-12-14,Ventura,111,848112,31487,27436,1108,28544,202
2020-12-14,Yolo,113,214977,7189,6389,39,6428,95
2020-12-14,Yuba,115,75493,3136,2851,29,2880,11
2020-12-13,Alameda,001,1643700,42158,38064,622,38686,486
2020-12-13,Alpine,002,1148,65,63,0,63,0
2020-12-13,Amador,005,37829,1789,1457,9,1466,19
2020-12-13,Butte,007,227075,5954,5103,550,5653,75
2020-12-13,Calaveras,009,45235,818,710,0,710,21
2020-12-13,Colusa,011,21464,1089,945,40,985,7
2020-12-13,Contra Costa,013,1133247,33290,29667,299,29966,281
2020-12-13,Del Norte,015,27424,611,542,0,542,1
2020-12-13,El Dorado,017,186661,4757,3770,150,3920,9
2020-12-13,Fresno,019,978130,56504,44114,2940,47054,559
2020-12-13,Glenn,021,27897,1290,1171,137,1308,9
2020-12-13,Humboldt,023,135768,1395,1238,4,1242,9
2020-12-13,Imperial,025,180216,20566,19472,409,19881,379
2020-12-13,Inyo,027,18085,481,380,6,386,16
2020-12-13,Kern,029,883053,54936,49051,3161,52212,510
2020-12-13,Kings,031,150075,14294,13357,334,13691,97
2020-12-13,Lake,033,64148,1476,1271,0,1271,21
2020-12-13,Lassen,035,31185,3474,2867,25,2892,1
2020-12-13,Los Angeles,037,10098052,573652,517472,12180,529652,8294
2020-12-13,Madera,039,155013,8738,7909,278,8187,60
2020-12-13,Marin,041,260295,8821,8409,57,8466,141
2020-12-13,Mariposa,043,17540,188,167,2,169,3
2020-12-13,Mendocino,045,87422,2047,1793,19,1812,24
2020-12-13,Merced,047,269075,15684,14384,221,14605,189
2020-12-13,Modoc,049,8938,190,179,56,235,0
2020-12-13,Mono,051,14174,742,675,12,687,3
2020-12-13,Monterey,053,433212,21999,18913,445,19358,153
2020-12-13,Napa,055,140530,4714,4194,24,4218,22
2020-12-13,Nevada,057,99092,2277,2030,65,2095,11
2020-12-13,Orange,059,3164182,120438,104768,4123,108891,1688
2020-12-13,Placer,061,380077,11441,9405,337,9742,95
2020-12-13,Plumas,063,18699,382,291,8,299,0
2020-12-13,Riverside,065,2383286,138818,119691,4825,124516,1581
2020-12-13,Sacramento,067,1510023,53846,49480,342,49822,682
2020-12-13,San Benito,069,59416,2738,2408,19,2427,19
2020-12-13,San Bernardino,071,2135413,151362,126718,3676,130394,1333
2020-12-13,San Diego,073,3302833,120007,107372,5109,112481,1162
2020-12-13,San Francisco,075,870044,20018,18686,159,18845,167
2020-12-13,San Joaquin,077,732212,37005,32170,959,33129,534
2020-12-13,San Luis Obispo,079,281455,8750,7625,177,7802,52
2020-12-13,San Mateo,081,765935,20498,18090,46,18136,177
2020-12-13,Santa Barbara,083,443738,14354,13249,323,13572,144
2020-12-13,Santa Clara,085,1922200,55096,47920,196,48116,499
2020-12-13,Santa Cruz,087,273765,7055,5986,151,6137,54
2020-12-13,Shasta,089,179085,7196,6647,457,7104,54
2020-12-13,Sierra,091,2930,23,21,0,21,0
2020-12-13,Siskiyou,093,43540,890,762,68,830,2
2020-12-13,Solano,095,438530,14881,13276,142,13418,93
2020-12-13,Sonoma,097,501317,16145,14495,94,14589,167
2020-12-13,Stanislaus,099,539301,29306,26569,2261,28830,485
2020-12-13,Sutter,101,95872,5379,4798,26,4824,34
2020-12-13,Tehama,103,63373,2507,2325,150,2475,9
2020-12-13,Trinity,105,12862,365,204,46,250,1
2020-12-13,Tulare,107,460477,28637,25496,2576,28072,340
2020-12-13,Tuolumne,109,53932,2026,1611,11,1622,8
2020-12-13,Ventura,111,848112,30488,26588,1048,27636,202
2020-12-13,Yolo,113,214977,7003,6265,33,6298,95
2020-12-13,Yuba,115,75493,3073,2754,26,2780,11
2020-12-12,Alameda,001,1643700,41715,37027,603,37630,486
2020-12-12,Alpine,002,1148,65,63,0,63,0
2020-12-12,Amador,005,37829,1761,1236,8,1244,19
2020-12-12,Butte,007,227075,5881,4972,536,5508,73
2020-12-12,Calaveras,009,45235,808,708,0,708,21
2020-12-12,Colusa,011,21464,1069,945,39,984,7
2020-12-12,Contra Costa,013,1133247,32943,29506,290,29796,281
2020-12-12,Del Norte,015,27424,603,529,0,529,1
2020-12-12,El Dorado,017,186661,4682,3706,134,3840,9
2020-12-12,Fresno,019,978130,56152,43756,2881,46637,559
2020-12-12,Glenn,021,27897,1282,1143,133,1276,8
2020-12-12,Humboldt,023,135768,1376,1208,4,1212,9
2020-12-12,Imperial,025,180216,20477,18947,354,19301,379
2020-12-12,Inyo,027,18085,475,380,6,386,16
2020-12-12,Kern,029,883053,54417,48194,3074,51268,507
2020-12-12,Kings,031,150075,14205,13205,330,13535,96
2020-12-12,Lake,033,64148,1460,1232,0,1232,21
2020-12-12,Lassen,035,31185,3451,2866,22,2888,1
2020-12-12,Los Angeles,037,10098052,566835,504317,11693,516010,8269
2020-12-12,Madera,039,155013,8611,7765,275,8040,59
2020-12-12,Marin,041,260295,8765,8363,56,8419,141
2020-12-12,Mariposa,043,17540,187,164,2,166,3
2020-12-12,Mendocino,045,87422,2011,1771,19,1790,24
2020-12-12,Merced,047,269075,15592,14181,217,14398,188
2020-12-12,Modoc,049,8938,189,169,53,222,0
2020-12-12,Mono,051,14174,735,640,12,652,3
2020-12-12,Monterey,053,433212,21886,18596,416,19012,151
2020-12-12,Napa,055,140530,4669,4113,24,4137,22
2020-12-12,Nevada,057,99092,2259,1981,63,2044,10
2020-12-12,Orange,059,3164182,118539,100468,3978,104446,1674
2020-12-12,Placer,061,380077,11276,9390,332,9722,95
2020-12-12,Plumas,063,18699,376,291,8,299,0
2020-12-12,Riverside,065,2383286,136757,118335,4624,122959,1579
2020-12-12,Sacramento,067,1510023,53264,48319,329,48648,673
2020-12-12,San Benito,069,59416,2683,2355,19,2374,19
2020-12-12,San Bernardino,071,2135413,149729,125741,3574,129315,1321
2020-12-12,San Diego,073,3302833,118386,104958,5012,109970,1151
2020-12-12,San Francisco,075,870044,19821,18413,155,18568,167
2020-12-12,San Joaquin,077,732212,36677,32200,929,33129,534
2020-12-12,San Luis Obispo,079,281455,8651,7462,171,7633,50
2020-12-12,San Mateo,081,765935,20277,17574,45,17619,177
2020-12-12,Santa Barbara,083,443738,14202,13174,315,13489,144
2020-12-12,Santa Clara,085,1922200,54161,45892,193,46085,498
2020-12-12,Santa Cruz,087,273765,6957,5905,142,6047,54
2020-12-12,Shasta,089,179085,7163,6551,439,6990,54
2020-12-12,Sierra,091,2930,23,21,0,21,0
2020-12-12,Siskiyou,093,43540,888,762,65,827,2
2020-12-12,Solano,095,438530,14687,12748,135,12883,93
2020-12-12,Sonoma,097,501317,16024,14466,94,14560,166
2020-12-12,Stanislaus,099,539301,29001,26246,2211,28457,483
2020-12-12,Sutter,101,95872,5317,4717,26,4743,32
2020-12-12,Tehama,103,63373,2489,2252,145,2397,9
2020-12-12,Trinity,105,12862,363,204,44,248,1
2020-12-12,Tulare,107,460477,28373,25333,2517,27850,341
2020-12-12,Tuolumne,109,53932,1982,1536,11,1547,8
2020-12-12,Ventura,111,848112,30043,25955,1015,26970,202
2020-12-12,Yolo,113,214977,6920,6116,31,6147,95
2020-12-12,Yuba,115,75493,3046,2692,25,2717,10
2020-12-11,Alameda,001,1643700,41148,36281,591,36872,482
2020-12-11,Alpine,002,1148,65,63,0,63,0
2020-12-11,Amador,005,37829,1745,1213,8,1221,19
2020-12-11,Butte,007,227075,5808,4941,517,5458,73
2020-12-11,Calaveras,009,45235,792,697,0,697,21
2020-12-11,Colusa,011,21464,1059,923,37,960,7
2020-12-11,Contra Costa,013,1133247,32512,29036,287,29323,282
2020-12-11,Del Norte,015,27424,595,505,0,505,1
2020-12-11,El Dorado,017,186661,4601,3669,119,3788,9
2020-12-11,Fresno,019,978130,55140,43071,2815,45886,550
2020-12-11,Glenn,021,27897,1266,1135,129,1264,8
2020-12-11,Humboldt,023,135768,1358,1190,4,1194,9
2020-12-11,Imperial,025,180216,20387,18599,310,18909,377
2020-12-11,Inyo,027,18085,465,372,6,378,16
2020-12-11,Kern,029,883053,53739,47664,3011,50675,502
2020-12-11,Kings,031,150075,14061,13118,326,13444,94
2020-12-11,Lake,033,64148,1443,1205,0,1205,21
2020-12-11,Lassen,035,31185,3439,2790,21,2811,1
2020-12-11,Los Angeles,037,10098052,555027,493592,11288,504880,8198
2020-12-11,Madera,039,155013,8519,7648,265,7913,59
2020-12-11,Marin,041,260295,8676,8317,55,8372,141
2020-12-11,Mariposa,043,17540,186,164,2,166,3
2020-12-11,Mendocino,045,87422,1987,1769,19,1788,24
2020-12-11,Merced,047,269075,15472,14038,209,14247,186
2020-12-11,Modoc,049,8938,189,168,52,220,0
2020-12-11,Mono,051,14174,725,631,12,643,3
2020-12-11,Monterey,053,433212,21585,18421,411,18832,150
2020-12-11,Napa,055,140530,4614,4054,24,4078,22
2020-12-11,Nevada,057,99092,2242,1959,60,2019,10
2020-12-11,Orange,059,3164182,116217,98357,3877,102234,1656
2020-12-11,Placer,061,380077,11114,8904,316,9220,93
2020-12-11,Plumas,063,18699,368,286,8,294,0
2020-12-11,Riverside,065,2383286,133682,115329,4406,119735,1573
2020-12-11,Sacramento,067,1510023,52601,47468,321,47789,669
2020-12-11,San Benito,069,59416,2632,2319,19,2338,19
2020-12-11,San Bernardino,071,2135413,147031,123092,3460,126552,1313
2020-12-11,San Diego,073,3302833,116426,102468,4929,107397,1137
2020-12-11,San Francisco,075,870044,19591,18246,154,18400,165
2020-12-11,San Joaquin,077,732212,36328,32044,902,32946,534
2020-12-11,San Luis Obispo,079,281455,8490,7415,169,7584,49
2020-12-11,San Mateo,081,765935,20007,17240,34,17274,177
2020-12-11,Santa Barbara,083,443738,14059,12997,307,13304,144
2020-12-11,Santa Clara,085,1922200,53154,45101,184,45285,494
2020-12-11,Santa Cruz,087,273765,6837,5764,133,5897,50
2020-12-11,Shasta,089,179085,7118,6459,432,6891,54
2020-12-11,Sierra,091,2930,23,19,0,19,0
2020-12-11,Siskiyou,093,43540,881,753,62,815,2
2020-12-11,Solano,095,438530,14500,12554,131,12685,92
2020-12-11,Sonoma,097,501317,15857,14298,92,14390,166
2020-12-11,Stanislaus,099,539301,28729,25928,2164,28092,464
2020-12-11,Sutter,101,95872,5254,4600,25,4625,30
2020-12-11,Tehama,103,63373,2458,2232,141,2373,9
2020-12-11,Trinity,105,12862,360,204,44,248,1
2020-12-11,Tulare,107,460477,28018,24953,2464,27417,338
2020-12-11,Tuolumne,109,53932,1967,1510,11,1521,8
2020-12-11,Ventura,111,848112,29436,24999,993,25992,202
2020-12-11,Yolo,113,214977,6816,6006,30,6036,95
2020-12-11,Yuba,115,75493,2985,2649,23,2672,10
2020-12-10,Alameda,001,1643700,40377,35686,571,36257,477
2020-12-10,Alpine,002,1148,65,63,0,63,0
2020-12-10,Amador,005,37829,1688,1191,8,1199,18
2020-12-10,Butte,007,227075,5693,4863,493,5356,72
2020-12-10,Calaveras,009,45235,774,684,0,684,21
2020-12-10,Colusa,011,21464,1036,909,34,943,7
2020-12-10,Contra Costa,013,1133247,31834,28413,281,28694,276
2020-12-10,Del Norte,015,27424,584,501,0,501,1
2020-12-10,El Dorado,017,186661,4483,3557,114,3671,9
2020-12-10,Fresno,019,978130,54161,42461,2675,45136,540
2020-12-10,Glenn,021,27897,1246,1126,120,1246,8
2020-12-10,Humboldt,023,135768,1338,1140,4,1144,9
2020-12-10,Imperial,025,180216,20175,18333,235,18568,370
2020-12-10,Inyo,027,18085,445,365,6,371,15
2020-12-10,Kern,029,883053,52758,47176,2848,50024,499
2020-12-10,Kings,031,150075,13903,12993,320,13313,92
2020-12-10,Lake,033,64148,1403,1167,0,1167,21
2020-12-10,Lassen,035,31185,3417,2764,17,2781,0
2020-12-10,Los Angeles,037,10098052,541046,480354,10764,491118,8149
2020-12-10,Madera,039,155013,8411,7445,250,7695,59
2020-12-10,Marin,041,260295,8626,8245,54,8299,140
2020-12-10,Mariposa,043,17540,185,160,2,162,3
2020-12-10,Mendocino,045,87422,1961,1748,16,1764,24
2020-12-10,Merced,047,269075,15226,13756,206,13962,186
2020-12-10,Modoc,049,8938,184,165,50,215,0
2020-12-10,Mono,051,14174,720,601,12,613,3
2020-12-10,Monterey,053,433212,21103,18266,401,18667,145
2020-12-10,Napa,055,140530,4528,3974,23,3997,22
2020-12-10,Nevada,057,99092,2206,1919,60,1979,10
2020-12-10,Orange,059,3164182,113113,95297,3718,99015,1651
2020-12-10,Placer,061,380077,10861,8906,299,9205,90
2020-12-10,Plumas,063,18699,357,281,8,289,0
2020-12-10,Riverside,065,2383286,129997,112794,4139,116933,1552
2020-12-10,Sacramento,067,1510023,51700,46471,300,46771,664
2020-12-10,San Benito,069,59416,2571,2268,18,2286,19
2020-12-10,San Bernardino,071,2135413,142789,120186,3286,123472,1306
2020-12-10,San Diego,073,3302833,113901,99601,4780,104381,1114
2020-12-10,San Francisco,075,870044,19283,17945,147,18092,164
2020-12-10,San Joaquin,077,732212,35694,31228,873,32101,534
2020-12-10,San Luis Obispo,079,281455,8327,7245,158,7403,49
2020-12-10,San Mateo,081,765935,19565,16701,24,16725,177
2020-12-10,Santa Barbara,083,443738,13880,12788,299,13087,143
2020-12-10,Santa Clara,085,1922200,52000,43939,170,44109,491
2020-12-10,Santa Cruz,087,273765,6671,5645,121,5766,48
2020-12-10,Shasta,089,179085,7051,6312,407,6719,53
2020-12-10,Sierra,091,2930,23,18,0,18,0
2020-12-10,Siskiyou,093,43540,871,712,61,773,2
2020-12-10,Solano,095,438530,14136,12017,126,12143,90
2020-12-10,Sonoma,097,501317,15602,14282,90,14372,167
2020-12-10,Stanislaus,099,539301,28270,25582,2090,27672,464
2020-12-10,Sutter,101,95872,5124,4528,23,4551,27
2020-12-10,Tehama,103,63373,2414,2190,133,2323,9
2020-12-10,Trinity,105,12862,356,202,42,244,1
2020-12-10,Tulare,107,460477,27561,24506,2401,26907,337
2020-12-10,Tuolumne,109,53932,1724,1451,11,1462,8
2020-12-10,Ventura,111,848112,28586,24075,949,25024,202
2020-12-10,Yolo,113,214977,6695,5896,29,5925,95
2020-12-10,Yuba,115,75493,2921,2604,22,2626,10
2020-12-09,Alameda,001,1643700,39542,35047,550,35597,470
2020-12-09,Alpine,002,1148,65,58,0,58,0
2020-12-09,Amador,005,37829,1645,1121,8,1129,19
2020-12-09,Butte,007,227075,5550,4733,474,5207,70
2020-12-09,Calaveras,009,45235,745,670,0,670,21
2020-12-09,Colusa,011,21464,1021,896,33,929,7
2020-12-09,Contra Costa,013,1133247,31126,28308,269,28577,273
2020-12-09,Del Norte,015,27424,576,481,0,481,2
2020-12-09,El Dorado,017,186661,4348,3449,106,3555,8
2020-12-09,Fresno,019,978130,53160,41954,2522,44476,533
2020-12-09,Glenn,021,27897,1232,1107,114,1221,8
2020-12-09,Humboldt,023,135768,1306,1086,4,1090,10
2020-12-09,Imperial,025,180216,19916,17757,199,17956,368
2020-12-09,Inyo,027,18085,432,356,6,362,15
2020-12-09,Kern,029,883053,51601,46379,2706,49085,494
2020-12-09,Kings,031,150075,13758,12716,312,13028,92
2020-12-09,Lake,033,64148,1374,1158,0,1158,20
2020-12-09,Lassen,035,31185,3348,2331,15,2346,0
2020-12-09,Los Angeles,037,10098052,527540,467971,10234,478205,8075
2020-12-09,Madera,039,155013,8295,7216,247,7463,59
2020-12-09,Marin,041,260295,8563,8182,53,8235,138
2020-12-09,Mariposa,043,17540,183,154,2,156,3
2020-12-09,Mendocino,045,87422,1936,1703,15,1718,24
2020-12-09,Merced,047,269075,14985,13588,200,13788,183
2020-12-09,Modoc,049,8938,179,146,41,187,0
2020-12-09,Mono,051,14174,708,601,12,613,3
2020-12-09,Monterey,053,433212,20703,17891,393,18284,143
2020-12-09,Napa,055,140530,4443,3858,22,3880,21
2020-12-09,Nevada,057,99092,2153,1864,60,1924,10
2020-12-09,Orange,059,3164182,110008,93763,3550,97313,1629
2020-12-09,Placer,061,380077,10600,8588,285,8873,85
2020-12-09,Plumas,063,18699,349,271,8,279,0
2020-12-09,Riverside,065,2383286,126295,110376,3938,114314,1543
2020-12-09,Sacramento,067,1510023,50637,45284,275,45559,659
2020-12-09,San Benito,069,59416,2499,2217,16,2233,19
2020-12-09,San Bernardino,071,2135413,138509,114516,3090,117606,1305
2020-12-09,San Diego,073,3302833,110921,97551,4641,102192,1103
2020-12-09,San Francisco,075,870044,18984,17628,146,17774,163
2020-12-09,San Joaquin,077,732212,34880,30539,849,31388,531
2020-12-09,San Luis Obispo,079,281455,8109,7105,150,7255,47
2020-12-09,San Mateo,081,765935,19115,16422,23,16445,175
2020-12-09,Santa Barbara,083,443738,13680,12630,289,12919,142
2020-12-09,Santa Clara,085,1922200,50823,42912,155,43067,489
2020-12-09,Santa Cruz,087,273765,6510,5527,106,5633,47
2020-12-09,Shasta,089,179085,6986,6105,393,6498,52
2020-12-09,Sierra,091,2930,23,18,0,18,0
2020-12-09,Siskiyou,093,43540,860,713,60,773,2
2020-12-09,Solano,095,438530,13793,11862,118,11980,90
2020-12-09,Sonoma,097,501317,15345,13994,87,14081,164
2020-12-09,Stanislaus,099,539301,27781,25157,2027,27184,463
2020-12-09,Sutter,101,95872,5005,4418,19,4437,24
2020-12-09,Tehama,103,63373,2378,2102,129,2231,9
2020-12-09,Trinity,105,12862,348,199,39,238,0
2020-12-09,Tulare,107,460477,26960,24124,2325,26449,334
2020-12-09,Tuolumne,109,53932,1691,1319,11,1330,8
2020-12-09,Ventura,111,848112,27722,23830,907,24737,201
2020-12-09,Yolo,113,214977,6569,5760,27,5787,95
2020-12-09,Yuba,115,75493,2853,2513,21,2534,10
2020-12-08,Alameda,001,1643700,38642,34373,534,34907,469
2020-12-08,Alpine,002,1148,64,53,0,53,0
2020-12-08,Amador,005,37829,1359,1043,8,1051,17
2020-12-08,Butte,007,227075,5392,4651,434,5085,70
2020-12-08,Calaveras,009,45235,721,657,0,657,21
2020-12-08,Colusa,011,21464,1005,875,32,907,6
2020-12-08,Contra Costa,013,1133247,30431,27926,254,28180,270
2020-12-08,Del Norte,015,27424,562,465,0,465,2
2020-12-08,El Dorado,017,186661,4224,3296,93,3389,8
2020-12-08,Fresno,019,978130,51895,41574,2366,43940,529
2020-12-08,Glenn,021,27897,1212,1094,106,1200,8
2020-12-08,Humboldt,023,135768,1280,1059,4,1063,10
2020-12-08,Imperial,025,180216,19407,17568,192,17760,363
2020-12-08,Inyo,027,18085,408,333,6,339,15
2020-12-08,Kern,029,883053,50310,45116,2553,47669,487
2020-12-08,Kings,031,150075,13604,12623,303,12926,90
2020-12-08,Lake,033,64148,1334,1127,0,1127,20
2020-12-08,Lassen,035,31185,3192,2165,15,2180,0
2020-12-08,Los Angeles,037,10098052,514828,459738,9764,469502,8004
2020-12-08,Madera,039,155013,8166,7082,235,7317,59
2020-12-08,Marin,041,260295,8486,8099,52,8151,137
2020-12-08,Mariposa,043,17540,179,150,2,152,2
2020-12-08,Mendocino,045,87422,1894,1666,15,1681,23
2020-12-08,Merced,047,269075,14673,13380,199,13579,181
2020-12-08,Modoc,049,8938,171,138,38,176,0
2020-12-08,Mono,051,14174,694,597,12,609,3
2020-12-08,Monterey,053,433212,20132,17752,386,18138,134
2020-12-08,Napa,055,140530,4357,3778,20,3798,22
2020-12-08,Nevada,057,99092,2099,1809,57,1866,11
2020-12-08,Orange,059,3164182,106784,91406,3387,94793,1629
2020-12-08,Placer,061,380077,10332,8224,280,8504,82
2020-12-08,Plumas,063,18699,339,258,8,266,0
2020-12-08,Riverside,065,2383286,122926,107620,3761,111381,1514
2020-12-08,Sacramento,067,1510023,49574,44635,261,44896,649
2020-12-08,San Benito,069,59416,2445,2180,16,2196,18
2020-12-08,San Bernardino,071,2135413,134162,110676,2969,113645,1301
2020-12-08,San Diego,073,3302833,107550,95447,4484,99931,1088
2020-12-08,San Francisco,075,870044,18677,17384,144,17528,162
2020-12-08,San Joaquin,077,732212,33986,30225,816,31041,530
2020-12-08,San Luis Obispo,079,281455,7980,6903,139,7042,45
2020-12-08,San Mateo,081,765935,18716,16305,23,16328,175
2020-12-08,Santa Barbara,083,443738,13497,12516,280,12796,141
2020-12-08,Santa Clara,085,1922200,49512,41309,147,41456,484
2020-12-08,Santa Cruz,087,273765,6329,5374,104,5478,45
2020-12-08,Shasta,089,179085,6876,5946,385,6331,50
2020-12-08,Sierra,091,2930,22,18,0,18,0
2020-12-08,Siskiyou,093,43540,846,704,58,762,2
2020-12-08,Solano,095,438530,13387,11669,116,11785,89
2020-12-08,Sonoma,097,501317,15086,13601,86,13687,164
2020-12-08,Stanislaus,099,539301,27289,24793,1962,26755,461
2020-12-08,Sutter,101,95872,4909,4342,18,4360,24
2020-12-08,Tehama,103,63373,2304,2057,121,2178,9
2020-12-08,Trinity,105,12862,339,198,38,236,0
2020-12-08,Tulare,107,460477,26354,23607,2262,25869,330
2020-12-08,Tuolumne,109,53932,1667,1264,11,1275,7
2020-12-08,Ventura,111,848112,27061,23665,865,24530,195
2020-12-08,Yolo,113,214977,6437,5560,27,5587,90
2020-12-08,Yuba,115,75493,2775,2477,21,2498,10
2020-12-07,Alameda,001,1643700,37777,33887,500,34387,466
2020-12-07,Alpine,002,1148,63,53,0,53,0
2020-12-07,Amador,005,37829,1284,993,7,1000,17
2020-12-07,Butte,007,227075,5256,4604,413,5017,67
2020-12-07,Calaveras,009,45235,692,606,0,606,21
2020-12-07,Colusa,011,21464,980,825,27,852,6
2020-12-07,Contra Costa,013,1133247,29823,27307,241,27548,270
2020-12-07,Del Norte,015,27424,547,424,0,424,2
2020-12-07,El Dorado,017,186661,4045,3275,86,3361,8
2020-12-07,Fresno,019,978130,50421,41098,2246,43344,526
2020-12-07,Glenn,021,27897,1193,1085,100,1185,8
2020-12-07,Humboldt,023,135768,1245,1023,4,1027,9
2020-12-07,Imperial,025,180216,18992,17234,182,17416,364
2020-12-07,Inyo,027,18085,392,333,6,339,15
2020-12-07,Kern,029,883053,49284,44409,2419,46828,486
2020-12-07,Kings,031,150075,13461,12412,295,12707,90
2020-12-07,Lake,033,64148,1307,1090,0,1090,20
2020-12-07,Lassen,035,31185,3095,2167,15,2182,0
2020-12-07,Los Angeles,037,10098052,501154,451052,9344,460396,7937
2020-12-07,Madera,039,155013,7902,6935,230,7165,59
2020-12-07,Marin,041,260295,8428,8049,51,8100,136
2020-12-07,Mariposa,043,17540,176,146,2,148,2
2020-12-07,Mendocino,045,87422,1858,1638,14,1652,23
2020-12-07,Merced,047,269075,14315,13250,190,13440,179
2020-12-07,Modoc,049,8938,164,128,35,163,0
2020-12-07,Mono,051,14174,681,590,12,602,3
2020-12-07,Monterey,053,433212,19652,17746,375,18121,132
2020-12-07,Napa,055,140530,4266,3684,20,3704,21
2020-12-07,Nevada,057,99092,2050,1777,56,1833,11
2020-12-07,Orange,059,3164182,103516,89793,3268,93061,1628
2020-12-07,Placer,061,380077,10007,7911,266,8177,82
2020-12-07,Plumas,063,18699,327,256,5,261,0
2020-12-07,Riverside,065,2383286,119726,102363,3580,105943,1491
2020-12-07,Sacramento,067,1510023,48479,43419,244,43663,638
2020-12-07,San Benito,069,59416,2395,2165,15,2180,18
2020-12-07,San Bernardino,071,2135413,130211,108161,2854,111015,1295
2020-12-07,San Diego,073,3302833,104761,94171,4303,98474,1062
2020-12-07,San Francisco,075,870044,18381,17220,137,17357,161
2020-12-07,San Joaquin,077,732212,33111,28188,790,28978,530
2020-12-07,San Luis Obispo,079,281455,7798,6782,132,6914,45
2020-12-07,San Mateo,081,765935,18278,16029,22,16051,175
2020-12-07,Santa Barbara,083,443738,13255,12362,270,12632,141
2020-12-07,Santa Clara,085,1922200,48116,40621,138,40759,484
2020-12-07,Santa Cruz,087,273765,6165,5152,96,5248,41
2020-12-07,Shasta,089,179085,6753,5742,370,6112,50
2020-12-07,Sierra,091,2930,20,18,0,18,0
2020-12-07,Siskiyou,093,43540,820,652,58,710,2
2020-12-07,Solano,095,438530,13049,11354,112,11466,89
2020-12-07,Sonoma,097,501317,14802,13376,86,13462,164
2020-12-07,Stanislaus,099,539301,26715,24479,1909,26388,454
2020-12-07,Sutter,101,95872,4768,4106,18,4124,24
2020-12-07,Tehama,103,63373,2253,2030,116,2146,9
2020-12-07,Trinity,105,12862,335,194,38,232,0
2020-12-07,Tulare,107,460477,25806,22760,2203,24963,328
2020-12-07,Tuolumne,109,53932,1582,1256,10,1266,7
2020-12-07,Ventura,111,848112,26473,23354,829,24183,191
2020-12-07,Yolo,113,214977,6277,5537,26,5563,90
2020-12-07,Yuba,115,75493,2708,2428,19,2447,10
2020-12-06,Alameda,001,1643700,36783,33477,480,33957,465
2020-12-06,Alpine,002,1148,59,53,0,53,0
2020-12-06,Amador,005,37829,1221,952,6,958,17
2020-12-06,Butte,007,227075,5103,4527,379,4906,67
2020-12-06,Calaveras,009,45235,672,606,0,606,21
2020-12-06,Colusa,011,21464,963,824,23,847,6
2020-12-06,Contra Costa,013,1133247,29217,26566,234,26800,270
2020-12-06,Del Norte,015,27424,491,414,0,414,2
2020-12-06,El Dorado,017,186661,3908,3086,81,3167,8
2020-12-06,Fresno,019,978130,49469,40869,2130,42999,526
2020-12-06,Glenn,021,27897,1183,1067,96,1163,8
2020-12-06,Humboldt,023,135768,1220,1004,4,1008,9
2020-12-06,Imperial,025,180216,18684,16922,174,17096,364
2020-12-06,Inyo,027,18085,380,333,6,339,15
2020-12-06,Kern,029,883053,48293,43899,2252,46151,486
2020-12-06,Kings,031,150075,13189,12056,278,12334,90
2020-12-06,Lake,033,64148,1271,1075,0,1075,20
2020-12-06,Lassen,035,31185,2991,2168,13,2181,0
2020-12-06,Los Angeles,037,10098052,487557,443230,8918,452148,7910
2020-12-06,Madera,039,155013,7729,6826,221,7047,59
2020-12-06,Marin,041,260295,8348,8013,48,8061,136
2020-12-06,Mariposa,043,17540,175,144,2,146,2
2020-12-06,Mendocino,045,87422,1818,1614,14,1628,23
2020-12-06,Merced,047,269075,13978,12928,181,13109,179
2020-12-06,Modoc,049,8938,151,125,28,153,0
2020-12-06,Mono,051,14174,659,586,11,597,3
2020-12-06,Monterey,053,433212,19034,17426,365,17791,130
2020-12-06,Napa,055,140530,4154,3644,20,3664,21
2020-12-06,Nevada,057,99092,1991,1710,53,1763,10
2020-12-06,Orange,059,3164182,100445,87737,3140,90877,1627
2020-12-06,Placer,061,380077,9724,7837,247,8084,82
2020-12-06,Plumas,063,18699,314,254,4,258,0
2020-12-06,Riverside,065,2383286,116633,100088,3359,103447,1482
2020-12-06,Sacramento,067,1510023,47238,42808,230,43038,638
2020-12-06,San Benito,069,59416,2358,2135,15,2150,18
2020-12-06,San Bernardino,071,2135413,126062,106927,2700,109627,1286
2020-12-06,San Diego,073,3302833,101728,92173,4149,96322,1062
2020-12-06,San Francisco,075,870044,18058,17107,130,17237,161
2020-12-06,San Joaquin,077,732212,32267,28188,762,28950,530
2020-12-06,San Luis Obispo,079,281455,7633,6723,127,6850,45
2020-12-06,San Mateo,081,765935,17774,15855,20,15875,175
2020-12-06,Santa Barbara,083,443738,13023,12252,261,12513,141
2020-12-06,Santa Clara,085,1922200,46720,39112,133,39245,482
2020-12-06,Santa Cruz,087,273765,5988,5069,90,5159,40
2020-12-06,Shasta,089,179085,6613,5743,349,6092,49
2020-12-06,Sierra,091,2930,20,17,0,17,0
2020-12-06,Siskiyou,093,43540,801,652,56,708,2
2020-12-06,Solano,095,438530,12760,11354,102,11456,88
2020-12-06,Sonoma,097,501317,14514,13238,85,13323,164
2020-12-06,Stanislaus,099,539301,26155,24036,1845,25881,454
2020-12-06,Sutter,101,95872,4652,4009,17,4026,21
2020-12-06,Tehama,103,63373,2195,1982,107,2089,9
2020-12-06,Trinity,105,12862,328,181,36,217,0
2020-12-06,Tulare,107,460477,25274,22756,2136,24892,327
2020-12-06,Tuolumne,109,53932,1486,1210,10,1220,7
2020-12-06,Ventura,111,848112,25931,23035,803,23838,191
2020-12-06,Yolo,113,214977,6116,5465,22,5487,90
2020-12-06,Yuba,115,75493,2664,2340,18,2358,10
2020-12-05,Alameda,001,1643700,36425,32781,469,33250,465
2020-12-05,Alpine,002,1148,58,53,0,53,0
2020-12-05,Amador,005,37829,1197,847,6,853,17
2020-12-05,Butte,007,227075,5035,4455,360,4815,66
2020-12-05,Calaveras,009,45235,660,606,0,606,21
2020-12-05,Colusa,011,21464,945,825,20,845,6
2020-12-05,Contra Costa,013,1133247,28919,26217,226,26443,270
2020-12-05,Del Norte,015,27424,486,408,0,408,2
2020-12-05,El Dorado,017,186661,3843,3061,76,3137,8
2020-12-05,Fresno,019,978130,49150,40568,2076,42644,525
2020-12-05,Glenn,021,27897,1170,1056,90,1146,8
2020-12-05,Humboldt,023,135768,1187,979,4,983,9
2020-12-05,Imperial,025,180216,18510,16544,173,16717,362
2020-12-05,Inyo,027,18085,375,332,6,338,15
2020-12-05,Kern,029,883053,47830,43332,2167,45499,484
2020-12-05,Kings,031,150075,13108,11898,275,12173,90
2020-12-05,Lake,033,64148,1242,1069,0,1069,20
2020-12-05,Lassen,035,31185,2800,2168,11,2179,0
2020-12-05,Los Angeles,037,10098052,481757,433120,8607,441727,7888
2020-12-05,Madera,039,155013,7635,6619,214,6833,59
2020-12-05,Marin,041,260295,8321,7961,48,8009,136
2020-12-05,Mariposa,043,17540,170,143,2,145,2
2020-12-05,Mendocino,045,87422,1779,1585,14,1599,23
2020-12-05,Merced,047,269075,13871,12747,170,12917,180
2020-12-05,Modoc,049,8938,151,118,27,145,0
2020-12-05,Mono,051,14174,654,554,11,565,3
2020-12-05,Monterey,053,433212,18888,17077,361,17438,127
2020-12-05,Napa,055,140530,4084,3565,20,3585,21
2020-12-05,Nevada,057,99092,1976,1642,51,1693,10
2020-12-05,Orange,059,3164182,98973,85735,3043,88778,1612
2020-12-05,Placer,061,380077,9605,7811,238,8049,78
2020-12-05,Plumas,063,18699,307,246,1,247,0
2020-12-05,Riverside,065,2383286,115020,98612,3185,101797,1477
2020-12-05,Sacramento,067,1510023,46573,41878,216,42094,625
2020-12-05,San Benito,069,59416,2314,2073,15,2088,18
2020-12-05,San Bernardino,071,2135413,124533,105382,2572,107954,1283
2020-12-05,San Diego,073,3302833,100376,90470,4068,94538,1055
2020-12-05,San Francisco,075,870044,17872,16786,126,16912,161
2020-12-05,San Joaquin,077,732212,32000,28105,730,28835,523
2020-12-05,San Luis Obispo,079,281455,7566,6623,124,6747,44
2020-12-05,San Mateo,081,765935,17517,15512,20,15532,175
2020-12-05,Santa Barbara,083,443738,12923,12107,255,12362,141
2020-12-05,Santa Clara,085,1922200,45960,38339,128,38467,474
2020-12-05,Santa Cruz,087,273765,5915,4997,89,5086,40
2020-12-05,Shasta,089,179085,6552,5653,338,5991,49
2020-12-05,Sierra,091,2930,20,17,0,17,0
2020-12-05,Siskiyou,093,43540,793,649,55,704,2
2020-12-05,Solano,095,438530,12589,11351,100,11451,87
2020-12-05,Sonoma,097,501317,14418,13137,85,13222,164
2020-12-05,Stanislaus,099,539301,25836,23662,1810,25472,454
2020-12-05,Sutter,101,95872,4587,3937,17,3954,20
2020-12-05,Tehama,103,63373,2180,1926,105,2031,9
2020-12-05,Trinity,105,12862,327,177,36,213,0
2020-12-05,Tulare,107,460477,25055,22660,2078,24738,324
2020-12-05,Tuolumne,109,53932,1429,1180,10,1190,7
2020-12-05,Ventura,111,848112,25559,22710,789,23499,191
2020-12-05,Yolo,113,214977,6037,5351,21,5372,90
2020-12-05,Yuba,115,75493,2627,2275,18,2293,10
2020-12-04,Alameda,001,1643700,35875,31871,456,32327,465
2020-12-04,Alpine,002,1148,58,53,0,53,0
2020-12-04,Amador,005,37829,1183,766,3,769,16
2020-12-04,Butte,007,227075,4963,4336,340,4676,65
2020-12-04,Calaveras,009,45235,655,585,0,585,21
2020-12-04,Colusa,011,21464,931,790,18,808,6
2020-12-04,Contra Costa,013,1133247,28573,25705,214,25919,264
2020-12-04,Del Norte,015,27424,477,401,0,401,2
2020-12-04,El Dorado,017,186661,3755,2933,73,3006,7
2020-12-04,Fresno,019,978130,48440,40108,2008,42116,522
2020-12-04,Glenn,021,27897,1164,1017,82,1099,8
2020-12-04,Humboldt,023,135768,1169,960,4,964,9
2020-12-04,Imperial,025,180216,18263,16484,173,16657,362
2020-12-04,Inyo,027,18085,366,324,6,330,15
2020-12-04,Kern,029,883053,47279,42497,2064,44561,485
2020-12-04,Kings,031,150075,13015,11767,269,12036,88
2020-12-04,Lake,033,64148,1212,1018,0,1018,20
2020-12-04,Lassen,035,31185,2793,2167,10,2177,0
2020-12-04,Los Angeles,037,10098052,473137,424164,8319,432483,7845
2020-12-04,Madera,039,155013,7540,6479,211,6690,58
2020-12-04,Marin,041,260295,8266,7896,45,7941,136
2020-12-04,Mariposa,043,17540,170,136,2,138,2
2020-12-04,Mendocino,045,87422,1760,1563,13,1576,23
2020-12-04,Merced,047,269075,13756,12474,162,12636,177
2020-12-04,Modoc,049,8938,151,115,27,142,0
2020-12-04,Mono,051,14174,649,549,11,560,3
2020-12-04,Monterey,053,433212,18676,16737,352,17089,127
2020-12-04,Napa,055,140530,4030,3432,20,3452,19
2020-12-04,Nevada,057,99092,1951,1560,48,1608,10
2020-12-04,Orange,059,3164182,97044,83738,2979,86717,1597
2020-12-04,Placer,061,380077,9481,7461,225,7686,76
2020-12-04,Plumas,063,18699,300,232,0,232,0
2020-12-04,Riverside,065,2383286,112820,95255,3028,98283,1475
2020-12-04,Sacramento,067,1510023,45808,41061,199,41260,618
2020-12-04,San Benito,069,59416,2281,2006,15,2021,17
2020-12-04,San Bernardino,071,2135413,122260,102418,2464,104882,1290
2020-12-04,San Diego,073,3302833,98892,88183,3981,92164,1047
2020-12-04,San Francisco,075,870044,17682,16499,126,16625,161
2020-12-04,San Joaquin,077,732212,31560,27806,693,28499,522
2020-12-04,San Luis Obispo,079,281455,7482,6473,121,6594,42
2020-12-04,San Mateo,081,765935,17229,15112,19,15131,173
2020-12-04,Santa Barbara,083,443738,12816,11947,249,12196,141
2020-12-04,Santa Clara,085,1922200,45023,37465,122,37587,468
2020-12-04,Santa Cruz,087,273765,5825,4985,87,5072,32
2020-12-04,Shasta,089,179085,6463,5439,329,5768,49
2020-12-04,Sierra,091,2930,19,17,0,17,0
2020-12-04,Siskiyou,093,43540,786,639,52,691,2
2020-12-04,Solano,095,438530,12439,11037,97,11134,87
2020-12-04,Sonoma,097,501317,14270,12962,84,13046,164
2020-12-04,Stanislaus,099,539301,25558,23206,1766,24972,448
2020-12-04,Sutter,101,95872,4515,3791,12,3803,20
2020-12-04,Tehama,103,63373,2140,1876,100,1976,9
2020-12-04,Trinity,105,12862,325,172,36,208,0
2020-12-04,Tulare,107,460477,24762,22273,2006,24279,322
2020-12-04,Tuolumne,109,53932,1398,1134,10,1144,7
2020-12-04,Ventura,111,848112,25182,22024,773,22797,189
2020-12-04,Yolo,113,214977,5964,5294,20,5314,87
2020-12-04,Yuba,115,75493,2583,2225,17,2242,10
2020-12-03,Alameda,001,1643700,35107,31184,439,31623,465
2020-12-03,Alpine,002,1148,57,53,0,53,0
2020-12-03,Amador,005,37829,1132,653,3,656,16
2020-12-03,Butte,007,227075,4868,4305,321,4626,65
2020-12-03,Calaveras,009,45235,634,572,0,572,21
2020-12-03,Colusa,011,21464,918,774,17,791,6
2020-12-03,Contra Costa,013,1133247,28065,25464,207,25671,265
2020-12-03,Del Norte,015,27424,471,388,0,388,2
2020-12-03,El Dorado,017,186661,3629,2740,71,2811,6
2020-12-03,Fresno,019,978130,47686,39680,1936,41616,516
2020-12-03,Glenn,021,27897,1146,997,74,1071,8
2020-12-03,Humboldt,023,135768,1139,923,4,927,9
2020-12-03,Imperial,025,180216,18055,16436,161,16597,359
2020-12-03,Inyo,027,18085,364,321,6,327,15
2020-12-03,Kern,029,883053,46433,42062,1963,44025,483
2020-12-03,Kings,031,150075,12916,11658,258,11916,87
2020-12-03,Lake,033,64148,1197,991,0,991,20
2020-12-03,Lassen,035,31185,2753,2128,9,2137,0
2020-12-03,Los Angeles,037,10098052,463037,415805,7963,423768,7787
2020-12-03,Madera,039,155013,7417,6398,205,6603,58
2020-12-03,Marin,041,260295,8202,7861,41,7902,136
2020-12-03,Mariposa,043,17540,166,132,2,134,2
2020-12-03,Mendocino,045,87422,1743,1547,10,1557,23
2020-12-03,Merced,047,269075,13511,12310,155,12465,177
2020-12-03,Modoc,049,8938,149,114,27,141,0
2020-12-03,Mono,051,14174,627,527,11,538,3
2020-12-03,Monterey,053,433212,18215,16218,343,16561,125
2020-12-03,Napa,055,140530,3916,3360,20,3380,19
2020-12-03,Nevada,057,99092,1873,1472,47,1519,10
2020-12-03,Orange,059,3164182,94510,82187,2911,85098,1591
2020-12-03,Placer,061,380077,9279,7270,209,7479,73
2020-12-03,Plumas,063,18699,285,223,0,223,0
2020-12-03,Riverside,065,2383286,110058,92489,2869,95358,1461
2020-12-03,Sacramento,067,1510023,44750,40280,186,40466,614
2020-12-03,San Benito,069,59416,2235,1967,15,1982,16
2020-12-03,San Bernardino,071,2135413,118932,100787,2381,103168,1283
2020-12-03,San Diego,073,3302833,97077,86144,3863,90007,1040
2020-12-03,San Francisco,075,870044,17458,16236,125,16361,161
2020-12-03,San Joaquin,077,732212,30840,27239,650,27889,522
2020-12-03,San Luis Obispo,079,281455,7314,6388,120,6508,42
2020-12-03,San Mateo,081,765935,16876,14909,19,14928,173
2020-12-03,Santa Barbara,083,443738,12687,11829,243,12072,141
2020-12-03,Santa Clara,085,1922200,43812,36621,116,36737,465
2020-12-03,Santa Cruz,087,273765,5681,4850,83,4933,28
2020-12-03,Shasta,089,179085,6354,5330,322,5652,48
2020-12-03,Sierra,091,2930,19,17,0,17,0
2020-12-03,Siskiyou,093,43540,771,629,49,678,2
2020-12-03,Solano,095,438530,12224,10857,93,10950,87
2020-12-03,Sonoma,097,501317,14029,12772,83,12855,164
2020-12-03,Stanislaus,099,539301,25138,22821,1719,24540,447
2020-12-03,Sutter,101,95872,4431,3727,12,3739,20
2020-12-03,Tehama,103,63373,2088,1832,93,1925,9
2020-12-03,Trinity,105,12862,322,166,36,202,0
2020-12-03,Tulare,107,460477,24359,21993,1914,23907,321
2020-12-03,Tuolumne,109,53932,1356,1105,10,1115,7
2020-12-03,Ventura,111,848112,24479,21555,760,22315,187
2020-12-03,Yolo,113,214977,5826,5069,20,5089,87
2020-12-03,Yuba,115,75493,2512,2182,16,2198,10
2020-12-02,Alameda,001,1643700,34478,30697,429,31126,463
2020-12-02,Alpine,002,1148,56,52,0,52,0
2020-12-02,Amador,005,37829,1060,585,3,588,16
2020-12-02,Butte,007,227075,4746,4243,310,4553,65
2020-12-02,Calaveras,009,45235,618,553,0,553,21
2020-12-02,Colusa,011,21464,902,756,15,771,6
2020-12-02,Contra Costa,013,1133247,27600,25147,195,25342,264
2020-12-02,Del Norte,015,27424,455,384,0,384,2
2020-12-02,El Dorado,017,186661,3528,2638,66,2704,5
2020-12-02,Fresno,019,978130,46929,39324,1838,41162,507
2020-12-02,Glenn,021,27897,1129,995,66,1061,7
2020-12-02,Humboldt,023,135768,1113,899,4,903,9
2020-12-02,Imperial,025,180216,17633,16360,154,16514,356
2020-12-02,Inyo,027,18085,357,314,6,320,15
2020-12-02,Kern,029,883053,45535,41660,1868,43528,479
2020-12-02,Kings,031,150075,12563,11531,244,11775,86
2020-12-02,Lake,033,64148,1167,971,0,971,20
2020-12-02,Lassen,035,31185,2694,2115,9,2124,0
2020-12-02,Los Angeles,037,10098052,452983,408289,7642,415931,7739
2020-12-02,Madera,039,155013,7292,6370,199,6569,57
2020-12-02,Marin,041,260295,8153,7819,39,7858,136
2020-12-02,Mariposa,043,17540,163,131,2,133,2
2020-12-02,Mendocino,045,87422,1710,1524,10,1534,23
2020-12-02,Merced,047,269075,13268,12168,147,12315,173
2020-12-02,Modoc,049,8938,146,113,27,140,0
2020-12-02,Mono,051,14174,618,520,11,531,3
2020-12-02,Monterey,053,433212,17735,16064,304,16368,121
2020-12-02,Napa,055,140530,3813,3298,19,3317,19
2020-12-02,Nevada,057,99092,1811,1430,46,1476,9
2020-12-02,Orange,059,3164182,92311,81046,2832,83878,1569
2020-12-02,Placer,061,380077,9045,6941,196,7137,73
2020-12-02,Plumas,063,18699,272,218,0,218,0
2020-12-02,Riverside,065,2383286,107340,90089,2690,92779,1451
2020-12-02,Sacramento,067,1510023,43710,39334,175,39509,597
2020-12-02,San Benito,069,59416,2170,1921,15,1936,16
2020-12-02,San Bernardino,071,2135413,115361,98567,2276,100843,1240
2020-12-02,San Diego,073,3302833,95161,84640,3748,88388,1035
2020-12-02,San Francisco,075,870044,17221,16058,123,16181,157
2020-12-02,San Joaquin,077,732212,30223,26740,627,27367,519
2020-12-02,San Luis Obispo,079,281455,7215,6324,118,6442,42
2020-12-02,San Mateo,081,765935,16513,14757,18,14775,170
2020-12-02,Santa Barbara,083,443738,12536,11705,231,11936,140
2020-12-02,Santa Clara,085,1922200,42689,35878,116,35994,458
2020-12-02,Santa Cruz,087,273765,5549,4766,80,4846,27
2020-12-02,Shasta,089,179085,6230,5188,305,5493,47
2020-12-02,Sierra,091,2930,19,17,0,17,0
2020-12-02,Siskiyou,093,43540,755,624,47,671,1
2020-12-02,Solano,095,438530,11977,10701,89,10790,87
2020-12-02,Sonoma,097,501317,13789,12635,82,12717,163
2020-12-02,Stanislaus,099,539301,24635,22615,1663,24278,448
2020-12-02,Sutter,101,95872,4272,3604,12,3616,18
2020-12-02,Tehama,103,63373,2044,1800,78,1878,9
2020-12-02,Trinity,105,12862,313,165,35,200,0
2020-12-02,Tulare,107,460477,23976,21789,1836,23625,321
2020-12-02,Tuolumne,109,53932,1315,1076,10,1086,7
2020-12-02,Ventura,111,848112,24066,21208,742,21950,186
2020-12-02,Yolo,113,214977,5718,5053,19,5072,87
2020-12-02,Yuba,115,75493,2434,2119,15,2134,10
2020-12-01,Alameda,001,1643700,33786,30252,419,30671,460
2020-12-01,Alpine,002,1148,56,41,0,41,0
2020-12-01,Amador,005,37829,913,575,2,577,16
2020-12-01,Butte,007,227075,4641,4177,294,4471,65
2020-12-01,Calaveras,009,45235,600,544,0,544,21
2020-12-01,Colusa,011,21464,885,747,15,762,6
2020-12-01,Contra Costa,013,1133247,27028,24788,187,24975,264
2020-12-01,Del Norte,015,27424,427,357,0,357,2
2020-12-01,El Dorado,017,186661,3384,2542,61,2603,4
2020-12-01,Fresno,019,978130,46026,39004,1762,40766,505
2020-12-01,Glenn,021,27897,1108,989,62,1051,7
2020-12-01,Humboldt,023,135768,1083,886,4,890,9
2020-12-01,Imperial,025,180216,17318,16278,151,16429,356
2020-12-01,Inyo,027,18085,351,304,6,310,15
2020-12-01,Kern,029,883053,44733,41345,1741,43086,478
2020-12-01,Kings,031,150075,12248,11415,230,11645,86
2020-12-01,Lake,033,64148,1145,969,0,969,19
2020-12-01,Lassen,035,31185,2528,2047,8,2055,0
2020-12-01,Los Angeles,037,10098052,442605,403266,7332,410598,7704
2020-12-01,Madera,039,155013,7172,6270,189,6459,57
2020-12-01,Marin,041,260295,8082,7787,38,7825,136
2020-12-01,Mariposa,043,17540,158,128,2,130,2
2020-12-01,Mendocino,045,87422,1676,1497,10,1507,23
2020-12-01,Merced,047,269075,13028,12032,138,12170,172
2020-12-01,Modoc,049,8938,141,113,23,136,0
2020-12-01,Mono,051,14174,605,520,11,531,3
2020-12-01,Monterey,053,433212,17227,15835,293,16128,121
2020-12-01,Napa,055,140530,3729,3124,18,3142,19
2020-12-01,Nevada,057,99092,1749,1411,45,1456,9
2020-12-01,Orange,059,3164182,90207,79468,2743,82211,1567
2020-12-01,Placer,061,380077,8720,6794,189,6983,72
2020-12-01,Plumas,063,18699,260,201,0,201,0
2020-12-01,Riverside,065,2383286,104530,88530,2530,91060,1448
2020-12-01,Sacramento,067,1510023,42663,38966,172,39138,589
2020-12-01,San Benito,069,59416,2115,1888,15,1903,15
2020-12-01,San Bernardino,071,2135413,111892,95854,2154,98008,1220
2020-12-01,San Diego,073,3302833,92904,83423,3638,87061,1019
2020-12-01,San Francisco,075,870044,16939,15797,120,15917,157
2020-12-01,San Joaquin,077,732212,29422,26432,605,27037,514
2020-12-01,San Luis Obispo,079,281455,7073,6264,113,6377,40
2020-12-01,San Mateo,081,765935,16188,14495,18,14513,170
2020-12-01,Santa Barbara,083,443738,12397,11611,221,11832,140
2020-12-01,Santa Clara,085,1922200,41433,35397,110,35507,452
2020-12-01,Santa Cruz,087,273765,5391,4638,72,4710,27
2020-12-01,Shasta,089,179085,6105,5077,286,5363,47
2020-12-01,Sierra,091,2930,19,17,0,17,0
2020-12-01,Siskiyou,093,43540,741,608,43,651,1
2020-12-01,Solano,095,438530,11716,10604,84,10688,87
2020-12-01,Sonoma,097,501317,13585,12491,79,12570,163
2020-12-01,Stanislaus,099,539301,24174,22351,1605,23956,447
2020-12-01,Sutter,101,95872,4130,3538,12,3550,17
2020-12-01,Tehama,103,63373,1978,1773,68,1841,9
2020-12-01,Trinity,105,12862,299,165,29,194,0
2020-12-01,Tulare,107,460477,23520,21645,1768,23413,319
2020-12-01,Tuolumne,109,53932,1279,1052,8,1060,7
2020-12-01,Ventura,111,848112,23452,20604,720,21324,186
2020-12-01,Yolo,113,214977,5579,4928,19,4947,86
2020-12-01,Yuba,115,75493,2370,2088,14,2102,10
2020-11-30,Alameda,001,1643700,32966,29972,402,30374,457
2020-11-30,Alpine,002,1148,54,41,0,41,0
2020-11-30,Amador,005,37829,872,559,2,561,16
2020-11-30,Butte,007,227075,4523,4148,278,4426,65
2020-11-30,Calaveras,009,45235,579,478,0,478,21
2020-11-30,Colusa,011,21464,858,737,12,749,6
2020-11-30,Contra Costa,013,1133247,26444,24365,183,24548,264
2020-11-30,Del Norte,015,27424,401,339,0,339,2
2020-11-30,El Dorado,017,186661,3210,2488,55,2543,4
2020-11-30,Fresno,019,978130,44914,38712,1653,40365,500
2020-11-30,Glenn,021,27897,1085,954,57,1011,5
2020-11-30,Humboldt,023,135768,1036,870,4,874,9
2020-11-30,Imperial,025,180216,17061,16212,130,16342,356
2020-11-30,Inyo,027,18085,345,304,5,309,15
2020-11-30,Kern,029,883053,43974,40941,1609,42550,473
2020-11-30,Kings,031,150075,12100,11346,215,11561,85
2020-11-30,Lake,033,64148,1111,939,0,939,18
2020-11-30,Lassen,035,31185,2436,1793,8,1801,0
2020-11-30,Los Angeles,037,10098052,431924,396202,7009,403211,7658
2020-11-30,Madera,039,155013,7007,6210,175,6385,57
2020-11-30,Marin,041,260295,8037,7764,37,7801,136
2020-11-30,Mariposa,043,17540,151,123,2,125,2
2020-11-30,Mendocino,045,87422,1648,1482,10,1492,23
2020-11-30,Merced,047,269075,12753,11913,127,12040,172
2020-11-30,Modoc,049,8938,131,113,23,136,0
2020-11-30,Mono,051,14174,583,519,11,530,3
2020-11-30,Monterey,053,433212,16797,15837,285,16122,119
2020-11-30,Napa,055,140530,3630,3091,18,3109,18
2020-11-30,Nevada,057,99092,1663,1347,42,1389,9
2020-11-30,Orange,059,3164182,88092,78711,2647,81358,1568
2020-11-30,Placer,061,380077,8423,6575,176,6751,72
2020-11-30,Plumas,063,18699,249,192,0,192,0
2020-11-30,Riverside,065,2383286,101540,87722,2385,90107,1446
2020-11-30,Sacramento,067,1510023,41581,37834,163,37997,586
2020-11-30,San Benito,069,59416,2068,1875,14,1889,15
2020-11-30,San Bernardino,071,2135413,108161,92704,2042,94746,1220
2020-11-30,San Diego,073,3302833,90541,82045,3511,85556,997
2020-11-30,San Francisco,075,870044,16641,15638,116,15754,157
2020-11-30,San Joaquin,077,732212,28717,25742,579,26321,509
2020-11-30,San Luis Obispo,079,281455,6939,6224,111,6335,36
2020-11-30,San Mateo,081,765935,15829,14276,18,14294,170
2020-11-30,Santa Barbara,083,443738,12218,11572,213,11785,140
2020-11-30,Santa Clara,085,1922200,40219,35019,109,35128,451
2020-11-30,Santa Cruz,087,273765,5252,4558,69,4627,26
2020-11-30,Shasta,089,179085,5960,4933,258,5191,44
2020-11-30,Sierra,091,2930,19,16,0,16,0
2020-11-30,Siskiyou,093,43540,732,605,39,644,1
2020-11-30,Solano,095,438530,11453,10392,79,10471,87
2020-11-30,Sonoma,097,501317,13339,12232,75,12307,163
2020-11-30,Stanislaus,099,539301,23711,22110,1563,23673,446
2020-11-30,Sutter,101,95872,3974,3430,12,3442,16
2020-11-30,Tehama,103,63373,1929,1724,61,1785,9
2020-11-30,Trinity,105,12862,292,162,29,191,0
2020-11-30,Tulare,107,460477,23131,20833,1675,22508,319
2020-11-30,Tuolumne,109,53932,1235,1027,8,1035,7
2020-11-30,Ventura,111,848112,22698,20308,704,21012,180
2020-11-30,Yolo,113,214977,5462,4894,19,4913,81
2020-11-30,Yuba,115,75493,2311,2028,12,2040,10
2020-11-29,Alameda,001,1643700,32177,29918,380,30298,457
2020-11-29,Alpine,002,1148,51,41,0,41,0
2020-11-29,Amador,005,37829,721,548,2,550,16
2020-11-29,Butte,007,227075,4423,4008,262,4270,65
2020-11-29,Calaveras,009,45235,548,478,0,478,21
2020-11-29,Colusa,011,21464,829,723,8,731,6
2020-11-29,Contra Costa,013,1133247,25937,24165,177,24342,264
2020-11-29,Del Norte,015,27424,395,339,0,339,2
2020-11-29,El Dorado,017,186661,3079,2447,53,2500,4
2020-11-29,Fresno,019,978130,43960,38568,1581,40149,500
2020-11-29,Glenn,021,27897,1062,951,55,1006,4
2020-11-29,Humboldt,023,135768,1007,856,4,860,9
2020-11-29,Imperial,025,180216,16828,16138,105,16243,356
2020-11-29,Inyo,027,18085,328,289,5,294,15
2020-11-29,Kern,029,883053,43211,40596,1460,42056,473
2020-11-29,Kings,031,150075,11949,11247,197,11444,85
2020-11-29,Lake,033,64148,1087,927,0,927,18
2020-11-29,Lassen,035,31185,2333,1793,8,1801,0
2020-11-29,Los Angeles,037,10098052,421513,391162,6719,397881,7642
2020-11-29,Madera,039,155013,6864,6184,169,6353,57
2020-11-29,Marin,041,260295,7971,7739,34,7773,135
2020-11-29,Mariposa,043,17540,147,123,2,125,2
2020-11-29,Mendocino,045,87422,1614,1473,10,1483,23
2020-11-29,Merced,047,269075,12513,11773,119,11892,172
2020-11-29,Modoc,049,8938,127,105,21,126,0
2020-11-29,Mono,051,14174,560,515,10,525,3
2020-11-29,Monterey,053,433212,16484,15621,278,15899,119
2020-11-29,Napa,055,140530,3525,3090,17,3107,18
2020-11-29,Nevada,057,99092,1583,1311,40,1351,9
2020-11-29,Orange,059,3164182,86069,78057,2601,80658,1567
2020-11-29,Placer,061,380077,8125,6535,164,6699,72
2020-11-29,Plumas,063,18699,244,191,0,191,0
2020-11-29,Riverside,065,2383286,99148,87383,2233,89616,1442
2020-11-29,Sacramento,067,1510023,40503,37415,154,37569,585
2020-11-29,San Benito,069,59416,2024,1860,14,1874,15
2020-11-29,San Bernardino,071,2135413,104810,92052,1939,93991,1223
2020-11-29,San Diego,073,3302833,88130,81086,3358,84444,997
2020-11-29,San Francisco,075,870044,16359,15571,111,15682,153
2020-11-29,San Joaquin,077,732212,27968,25740,573,26313,509
2020-11-29,San Luis Obispo,079,281455,6816,6145,111,6256,36
2020-11-29,San Mateo,081,765935,15497,14177,18,14195,169
2020-11-29,Santa Barbara,083,443738,12064,11520,209,11729,140
2020-11-29,Santa Clara,085,1922200,39007,34234,103,34337,451
2020-11-29,Santa Cruz,087,273765,5092,4490,67,4557,26
2020-11-29,Shasta,089,179085,5788,4935,230,5165,43
2020-11-29,Sierra,091,2930,19,16,0,16,0
2020-11-29,Siskiyou,093,43540,709,590,37,627,1
2020-11-29,Solano,095,438530,11220,10393,75,10468,87
2020-11-29,Sonoma,097,501317,13087,12052,71,12123,163
2020-11-29,Stanislaus,099,539301,23215,21701,1529,23230,446
2020-11-29,Sutter,101,95872,3858,3297,12,3309,16
2020-11-29,Tehama,103,63373,1878,1710,47,1757,9
2020-11-29,Trinity,105,12862,289,159,27,186,0
2020-11-29,Tulare,107,460477,22762,20793,1600,22393,319
2020-11-29,Tuolumne,109,53932,1198,988,8,996,7
2020-11-29,Ventura,111,848112,22014,19952,692,20644,179
2020-11-29,Yolo,113,214977,5325,4830,18,4848,80
2020-11-29,Yuba,115,75493,2255,1959,12,1971,10
2020-11-28,Alameda,001,1643700,31867,29368,375,29743,456
2020-11-28,Alpine,002,1148,51,41,0,41,0
2020-11-28,Amador,005,37829,644,536,2,538,16
2020-11-28,Butte,007,227075,4365,3894,258,4152,65
2020-11-28,Calaveras,009,45235,542,478,0,478,21
2020-11-28,Colusa,011,21464,820,711,6,717,6
2020-11-28,Contra Costa,013,1133247,25604,23798,173,23971,264
2020-11-28,Del Norte,015,27424,385,328,0,328,2
2020-11-28,El Dorado,017,186661,3011,2415,47,2462,4
2020-11-28,Fresno,019,978130,43613,38288,1543,39831,500
2020-11-28,Glenn,021,27897,1051,925,51,976,4
2020-11-28,Humboldt,023,135768,972,844,4,848,9
2020-11-28,Imperial,025,180216,16759,16019,103,16122,356
2020-11-28,Inyo,027,18085,320,289,5,294,15
2020-11-28,Kern,029,883053,42848,40255,1372,41627,473
2020-11-28,Kings,031,150075,11884,11070,190,11260,85
2020-11-28,Lake,033,64148,1071,920,0,920,18
2020-11-28,Lassen,035,31185,2266,1714,8,1722,0
2020-11-28,Los Angeles,037,10098052,416593,386194,6562,392756,7625
2020-11-28,Madera,039,155013,6761,6119,162,6281,57
2020-11-28,Marin,041,260295,7941,7696,30,7726,135
2020-11-28,Mariposa,043,17540,144,120,2,122,2
2020-11-28,Mendocino,045,87422,1583,1458,10,1468,22
2020-11-28,Merced,047,269075,12413,11688,113,11801,172
2020-11-28,Modoc,049,8938,124,103,21,124,0
2020-11-28,Mono,051,14174,554,505,10,515,3
2020-11-28,Monterey,053,433212,16318,15328,274,15602,118
2020-11-28,Napa,055,140530,3474,3033,17,3050,18
2020-11-28,Nevada,057,99092,1554,1272,38,1310,9
2020-11-28,Orange,059,3164182,84969,76882,2554,79436,1568
2020-11-28,Placer,061,380077,7965,6497,161,6658,70
2020-11-28,Plumas,063,18699,237,188,0,188,0
2020-11-28,Riverside,065,2383286,97740,86854,2132,88986,1440
2020-11-28,Sacramento,067,1510023,39926,36905,150,37055,580
2020-11-28,San Benito,069,59416,1979,1835,14,1849,15
2020-11-28,San Bernardino,071,2135413,103409,91183,1837,93020,1224
2020-11-28,San Diego,073,3302833,86876,80020,3274,83294,997
2020-11-28,San Francisco,075,870044,16184,15450,104,15554,153
2020-11-28,San Joaquin,077,732212,27767,25742,558,26300,509
2020-11-28,San Luis Obispo,079,281455,6746,6106,107,6213,36
2020-11-28,San Mateo,081,765935,15307,14040,18,14058,169
2020-11-28,Santa Barbara,083,443738,11962,11481,204,11685,140
2020-11-28,Santa Clara,085,1922200,38256,33701,101,33802,449
2020-11-28,Santa Cruz,087,273765,5016,4426,67,4493,26
2020-11-28,Shasta,089,179085,5711,4882,223,5105,43
2020-11-28,Sierra,091,2930,19,16,0,16,0
2020-11-28,Siskiyou,093,43540,699,558,34,592,1
2020-11-28,Solano,095,438530,11098,10252,73,10325,87
2020-11-28,Sonoma,097,501317,12983,12008,62,12070,162
2020-11-28,Stanislaus,099,539301,22976,21574,1495,23069,446
2020-11-28,Sutter,101,95872,3774,3244,12,3256,15
2020-11-28,Tehama,103,63373,1859,1678,43,1721,9
2020-11-28,Trinity,105,12862,286,157,25,182,0
2020-11-28,Tulare,107,460477,22565,20701,1558,22259,319
2020-11-28,Tuolumne,109,53932,1176,976,8,984,7
2020-11-28,Ventura,111,848112,21716,19510,682,20192,179
2020-11-28,Yolo,113,214977,5248,4739,16,4755,80
2020-11-28,Yuba,115,75493,2200,1912,12,1924,10
2020-11-27,Alameda,001,1643700,31423,29064,365,29429,450
2020-11-27,Alpine,002,1148,51,41,0,41,0
2020-11-27,Amador,005,37829,597,498,1,499,16
2020-11-27,Butte,007,227075,4324,3894,252,4146,65
2020-11-27,Calaveras,009,45235,533,478,0,478,21
2020-11-27,Colusa,011,21464,803,694,4,698,6
2020-11-27,Contra Costa,013,1133247,25343,23463,167,23630,264
2020-11-27,Del Norte,015,27424,379,307,0,307,2
2020-11-27,El Dorado,017,186661,2940,2238,44,2282,4
2020-11-27,Fresno,019,978130,43208,37994,1487,39481,500
2020-11-27,Glenn,021,27897,1038,891,46,937,4
2020-11-27,Humboldt,023,135768,953,795,3,798,9
2020-11-27,Imperial,025,180216,16691,15960,95,16055,356
2020-11-27,Inyo,027,18085,314,289,5,294,15
2020-11-27,Kern,029,883053,42425,39707,1302,41009,473
2020-11-27,Kings,031,150075,11799,10667,172,10839,85
2020-11-27,Lake,033,64148,1035,909,0,909,18
2020-11-27,Lassen,035,31185,2254,1714,8,1722,0
2020-11-27,Los Angeles,037,10098052,410069,382740,6416,389156,7606
2020-11-27,Madera,039,155013,6689,6050,157,6207,57
2020-11-27,Marin,041,260295,7899,7660,30,7690,135
2020-11-27,Mariposa,043,17540,142,118,2,120,2
2020-11-27,Mendocino,045,87422,1569,1387,9,1396,22
2020-11-27,Merced,047,269075,12307,11550,106,11656,172
2020-11-27,Modoc,049,8938,123,100,21,121,0
2020-11-27,Mono,051,14174,550,498,10,508,3
2020-11-27,Monterey,053,433212,16150,14753,274,15027,113
2020-11-27,Napa,055,140530,3434,2988,17,3005,18
2020-11-27,Nevada,057,99092,1524,1184,36,1220,9
2020-11-27,Orange,059,3164182,83681,75151,2515,77666,1568
2020-11-27,Placer,061,380077,7806,6283,151,6434,68
2020-11-27,Plumas,063,18699,234,188,0,188,0
2020-11-27,Riverside,065,2383286,96130,85769,1980,87749,1440
2020-11-27,Sacramento,067,1510023,39305,36579,146,36725,579
2020-11-27,San Benito,069,59416,1945,1805,13,1818,15
2020-11-27,San Bernardino,071,2135413,101890,90254,1756,92010,1224
2020-11-27,San Diego,073,3302833,85682,78161,3185,81346,996
2020-11-27,San Francisco,075,870044,16029,15377,102,15479,153
2020-11-27,San Joaquin,077,732212,27543,25741,538,26279,509
2020-11-27,San Luis Obispo,079,281455,6663,6039,104,6143,36
2020-11-27,San Mateo,081,765935,15105,13872,17,13889,169
2020-11-27,Santa Barbara,083,443738,11869,11340,201,11541,140
2020-11-27,Santa Clara,085,1922200,37581,32935,94,33029,449
2020-11-27,Santa Cruz,087,273765,4945,4358,65,4423,26
2020-11-27,Shasta,089,179085,5634,4710,210,4920,43
2020-11-27,Sierra,091,2930,18,16,0,16,0
2020-11-27,Siskiyou,093,43540,684,554,31,585,1
2020-11-27,Solano,095,438530,10979,10044,70,10114,87
2020-11-27,Sonoma,097,501317,12850,11924,60,11984,162
2020-11-27,Stanislaus,099,539301,22747,21185,1466,22651,446
2020-11-27,Sutter,101,95872,3706,3101,12,3113,15
2020-11-27,Tehama,103,63373,1833,1649,39,1688,9
2020-11-27,Trinity,105,12862,282,151,25,176,0
2020-11-27,Tulare,107,460477,22375,20634,1501,22135,319
2020-11-27,Tuolumne,109,53932,1144,881,8,889,7
2020-11-27,Ventura,111,848112,21392,19379,660,20039,179
2020-11-27,Yolo,113,214977,5197,4737,16,4753,79
2020-11-27,Yuba,115,75493,2171,1864,11,1875,10
2020-11-26,Alameda,001,1643700,31008,28797,347,29144,447
2020-11-26,Alpine,002,1148,51,41,0,41,0
2020-11-26,Amador,005,37829,589,488,1,489,16
2020-11-26,Butte,007,227075,4261,3894,246,4140,65
2020-11-26,Calaveras,009,45235,506,478,0,478,21
2020-11-26,Colusa,011,21464,789,694,4,698,6
2020-11-26,Contra Costa,013,1133247,25010,23468,161,23629,264
2020-11-26,Del Norte,015,27424,368,307,0,307,2
2020-11-26,El Dorado,017,186661,2859,2217,42,2259,4
2020-11-26,Fresno,019,978130,42803,37724,1442,39166,500
2020-11-26,Glenn,021,27897,1022,892,44,936,4
2020-11-26,Humboldt,023,135768,930,795,2,797,9
2020-11-26,Imperial,025,180216,16576,15722,92,15814,355
2020-11-26,Inyo,027,18085,312,289,5,294,15
2020-11-26,Kern,029,883053,41975,39123,1242,40365,471
2020-11-26,Kings,031,150075,11744,10475,160,10635,85
2020-11-26,Lake,033,64148,1022,890,0,890,18
2020-11-26,Lassen,035,31185,2239,1714,8,1722,0
2020-11-26,Los Angeles,037,10098052,404904,378340,6184,384524,7581
2020-11-26,Madera,039,155013,6610,6003,152,6155,57
2020-11-26,Marin,041,260295,7861,7610,30,7640,135
2020-11-26,Mariposa,043,17540,137,116,2,118,2
2020-11-26,Mendocino,045,87422,1555,1387,7,1394,22
2020-11-26,Merced,047,269075,12159,11440,104,11544,172
2020-11-26,Modoc,049,8938,121,100,21,121,0
2020-11-26,Mono,051,14174,542,485,10,495,2
2020-11-26,Monterey,053,433212,15914,14750,266,15016,113
2020-11-26,Napa,055,140530,3370,2988,17,3005,18
2020-11-26,Nevada,057,99092,1479,1184,36,1220,9
2020-11-26,Orange,059,3164182,82290,74264,2455,76719,1563
2020-11-26,Placer,061,380077,7642,6278,142,6420,68
2020-11-26,Plumas,063,18699,226,188,0,188,0
2020-11-26,Riverside,065,2383286,94528,85774,1856,87630,1440
2020-11-26,Sacramento,067,1510023,38662,35854,138,35992,580
2020-11-26,San Benito,069,59416,1918,1769,13,1782,15
2020-11-26,San Bernardino,071,2135413,100237,89727,1663,91390,1223
2020-11-26,San Diego,073,3302833,84072,76359,3081,79440,996
2020-11-26,San Francisco,075,870044,15894,15156,98,15254,153
2020-11-26,San Joaquin,077,732212,27287,25738,526,26264,509
2020-11-26,San Luis Obispo,079,281455,6570,5964,101,6065,36
2020-11-26,San Mateo,081,765935,14916,13715,16,13731,169
2020-11-26,Santa Barbara,083,443738,11788,11277,200,11477,139
2020-11-26,Santa Clara,085,1922200,36935,32411,87,32498,446
2020-11-26,Santa Cruz,087,273765,4812,4269,59,4328,26
2020-11-26,Shasta,089,179085,5551,4712,198,4910,43
2020-11-26,Sierra,091,2930,18,15,0,15,0
2020-11-26,Siskiyou,093,43540,674,526,31,557,1
2020-11-26,Solano,095,438530,10834,9941,68,10009,87
2020-11-26,Sonoma,097,501317,12702,11922,58,11980,162
2020-11-26,Stanislaus,099,539301,22515,21186,1426,22612,445
2020-11-26,Sutter,101,95872,3612,3101,11,3112,15
2020-11-26,Tehama,103,63373,1793,1612,36,1648,9
2020-11-26,Trinity,105,12862,278,139,25,164,0
2020-11-26,Tulare,107,460477,22135,20649,1440,22089,319
2020-11-26,Tuolumne,109,53932,1116,871,8,879,7
2020-11-26,Ventura,111,848112,20895,19058,646,19704,179
2020-11-26,Yolo,113,214977,5110,4566,16,4582,76
2020-11-26,Yuba,115,75493,2111,1865,9,1874,10
2020-11-25,Alameda,001,1643700,30793,28378,339,28717,447
2020-11-25,Alpine,002,1148,51,41,0,41,0
2020-11-25,Amador,005,37829,579,484,1,485,16
2020-11-25,Butte,007,227075,4230,3848,243,4091,64
2020-11-25,Calaveras,009,45235,503,475,0,475,21
2020-11-25,Colusa,011,21464,772,693,4,697,6
2020-11-25,Contra Costa,013,1133247,24854,23307,160,23467,263
2020-11-25,Del Norte,015,27424,367,304,0,304,2
2020-11-25,El Dorado,017,186661,2823,2154,42,2196,4
2020-11-25,Fresno,019,978130,42570,37349,1420,38769,494
2020-11-25,Glenn,021,27897,1005,891,42,933,4
2020-11-25,Humboldt,023,135768,922,777,2,779,9
2020-11-25,Imperial,025,180216,16504,15640,91,15731,355
2020-11-25,Inyo,027,18085,310,289,5,294,15
2020-11-25,Kern,029,883053,41819,38878,1225,40103,467
2020-11-25,Kings,031,150075,11709,10417,156,10573,85
2020-11-25,Lake,033,64148,1005,878,0,878,18
2020-11-25,Lassen,035,31185,2196,1701,8,1709,0
2020-11-25,Los Angeles,037,10098052,401876,373919,6083,380002,7545
2020-11-25,Madera,039,155013,6587,5989,149,6138,57
2020-11-25,Marin,041,260295,7832,7601,29,7630,135
2020-11-25,Mariposa,043,17540,136,114,2,116,2
2020-11-25,Mendocino,045,87422,1536,1373,7,1380,22
2020-11-25,Merced,047,269075,12103,11346,104,11450,172
2020-11-25,Modoc,049,8938,121,96,21,117,0
2020-11-25,Mono,051,14174,537,487,10,497,2
2020-11-25,Monterey,053,433212,15799,14695,264,14959,113
2020-11-25,Napa,055,140530,3337,2945,17,2962,17
2020-11-25,Nevada,057,99092,1461,1170,34,1204,9
2020-11-25,Orange,059,3164182,81534,73014,2435,75449,1551
2020-11-25,Placer,061,380077,7566,6221,141,6362,68
2020-11-25,Plumas,063,18699,221,183,0,183,0
2020-11-25,Riverside,065,2383286,93983,85077,1838,86915,1438
2020-11-25,Sacramento,067,1510023,38325,35687,135,35822,574
2020-11-25,San Benito,069,59416,1895,1764,13,1777,15
2020-11-25,San Bernardino,071,2135413,99395,88469,1634,90103,1225
2020-11-25,San Diego,073,3302833,83415,75307,3045,78352,988
2020-11-25,San Francisco,075,870044,15787,15053,96,15149,153
2020-11-25,San Joaquin,077,732212,27159,25556,514,26070,515
2020-11-25,San Luis Obispo,079,281455,6527,5913,101,6014,34
2020-11-25,San Mateo,081,765935,14801,13614,16,13630,170
2020-11-25,Santa Barbara,083,443738,11738,11183,200,11383,138
2020-11-25,Santa Clara,085,1922200,36486,32032,86,32118,442
2020-11-25,Santa Cruz,087,273765,4759,4202,58,4260,25
2020-11-25,Shasta,089,179085,5505,4588,191,4779,43
2020-11-25,Sierra,091,2930,18,15,0,15,0
2020-11-25,Siskiyou,093,43540,667,499,31,530,1
2020-11-25,Solano,095,438530,10729,9832,67,9899,87
2020-11-25,Sonoma,097,501317,12640,11775,57,11832,162
2020-11-25,Stanislaus,099,539301,22383,21022,1399,22421,445
2020-11-25,Sutter,101,95872,3568,3064,11,3075,14
2020-11-25,Tehama,103,63373,1780,1587,30,1617,9
2020-11-25,Trinity,105,12862,276,135,25,160,0
2020-11-25,Tulare,107,460477,22044,20528,1410,21938,318
2020-11-25,Tuolumne,109,53932,1099,842,8,850,7
2020-11-25,Ventura,111,848112,20800,18914,640,19554,179
2020-11-25,Yolo,113,214977,5073,4527,16,4543,76
2020-11-25,Yuba,115,75493,2085,1840,9,1849,10
2020-11-24,Alameda,001,1643700,30317,28030,328,28358,444
2020-11-24,Alpine,002,1148,51,41,0,41,0
2020-11-24,Amador,005,37829,554,470,1,471,16
2020-11-24,Butte,007,227075,4144,3798,235,4033,63
2020-11-24,Calaveras,009,45235,497,466,0,466,21
2020-11-24,Colusa,011,21464,754,682,4,686,6
2020-11-24,Contra Costa,013,1133247,24501,23072,154,23226,259
2020-11-24,Del Norte,015,27424,358,298,0,298,2
2020-11-24,El Dorado,017,186661,2718,2005,41,2046,4
2020-11-24,Fresno,019,978130,42167,37021,1345,38366,493
2020-11-24,Glenn,021,27897,987,883,38,921,4
2020-11-24,Humboldt,023,135768,903,774,2,776,9
2020-11-24,Imperial,025,180216,16400,15600,86,15686,355
2020-11-24,Inyo,027,18085,309,282,5,287,15
2020-11-24,Kern,029,883053,41345,38551,1149,39700,465
2020-11-24,Kings,031,150075,11442,10338,143,10481,85
2020-11-24,Lake,033,64148,988,872,0,872,18
2020-11-24,Lassen,035,31185,2173,1657,8,1665,0
2020-11-24,Los Angeles,037,10098052,395565,370008,5852,375860,7501
2020-11-24,Madera,039,155013,6504,5881,142,6023,57
2020-11-24,Marin,041,260295,7785,7591,29,7620,135
2020-11-24,Mariposa,043,17540,126,114,1,115,2
2020-11-24,Mendocino,045,87422,1514,1346,6,1352,22
2020-11-24,Merced,047,269075,11915,11268,98,11366,171
2020-11-24,Modoc,049,8938,117,91,21,112,0
2020-11-24,Mono,051,14174,533,483,10,493,2
2020-11-24,Monterey,053,433212,15537,14354,255,14609,113
2020-11-24,Napa,055,140530,3270,2904,17,2921,17
2020-11-24,Nevada,057,99092,1397,1156,32,1188,9
2020-11-24,Orange,059,3164182,80093,71975,2358,74333,1547
2020-11-24,Placer,061,380077,7386,6147,134,6281,67
2020-11-24,Plumas,063,18699,218,180,0,180,0
2020-11-24,Riverside,065,2383286,92224,83685,1712,85397,1420
2020-11-24,Sacramento,067,1510023,37645,35097,128,35225,568
2020-11-24,San Benito,069,59416,1864,1740,12,1752,15
2020-11-24,San Bernardino,071,2135413,97055,86645,1533,88178,1226
2020-11-24,San Diego,073,3302833,82005,74363,2974,77337,984
2020-11-24,San Francisco,075,870044,15592,14874,92,14966,153
2020-11-24,San Joaquin,077,732212,26846,25318,487,25805,517
2020-11-24,San Luis Obispo,079,281455,6464,5805,100,5905,34
2020-11-24,San Mateo,081,765935,14592,13558,15,13573,170
2020-11-24,Santa Barbara,083,443738,11632,11154,199,11353,138
2020-11-24,Santa Clara,085,1922200,35698,31564,82,31646,438
2020-11-24,Santa Cruz,087,273765,4646,4132,57,4189,25
2020-11-24,Shasta,089,179085,5405,4410,172,4582,43
2020-11-24,Sierra,091,2930,18,15,0,15,0
2020-11-24,Siskiyou,093,43540,649,473,28,501,1
2020-11-24,Solano,095,438530,10557,9716,66,9782,86
2020-11-24,Sonoma,097,501317,12461,11644,54,11698,162
2020-11-24,Stanislaus,099,539301,22141,20830,1356,22186,438
2020-11-24,Sutter,101,95872,3462,2974,11,2985,14
2020-11-24,Tehama,103,63373,1736,1565,25,1590,9
2020-11-24,Trinity,105,12862,269,129,24,153,0
2020-11-24,Tulare,107,460477,21794,20319,1349,21668,315
2020-11-24,Tuolumne,109,53932,1070,832,8,840,7
2020-11-24,Ventura,111,848112,20419,18637,630,19267,179
2020-11-24,Yolo,113,214977,4987,4420,16,4436,76
2020-11-24,Yuba,115,75493,2034,1804,7,1811,10
2020-11-23,Alameda,001,1643700,29900,27718,316,28034,444
2020-11-23,Alpine,002,1148,49,41,0,41,0
2020-11-23,Amador,005,37829,513,457,1,458,16
2020-11-23,Butte,007,227075,4080,3765,229,3994,61
2020-11-23,Calaveras,009,45235,481,434,0,434,21
2020-11-23,Colusa,011,21464,740,662,4,666,6
2020-11-23,Contra Costa,013,1133247,24233,22674,149,22823,260
2020-11-23,Del Norte,015,27424,336,296,0,296,2
2020-11-23,El Dorado,017,186661,2598,2005,40,2045,4
2020-11-23,Fresno,019,978130,41719,36688,1284,37972,488
2020-11-23,Glenn,021,27897,961,853,38,891,4
2020-11-23,Humboldt,023,135768,890,746,2,748,9
2020-11-23,Imperial,025,180216,16237,15104,81,15185,355
2020-11-23,Inyo,027,18085,302,279,5,284,15
2020-11-23,Kern,029,883053,40832,38245,1086,39331,463
2020-11-23,Kings,031,150075,11022,10204,137,10341,85
2020-11-23,Lake,033,64148,965,840,0,840,18
2020-11-23,Lassen,035,31185,2093,1271,7,1278,0
2020-11-23,Los Angeles,037,10098052,389460,366374,5607,371981,7447
2020-11-23,Madera,039,155013,6379,5787,138,5925,56
2020-11-23,Marin,041,260295,7742,7543,29,7572,135
2020-11-23,Mariposa,043,17540,125,97,1,98,2
2020-11-23,Mendocino,045,87422,1484,1330,6,1336,22
2020-11-23,Merced,047,269075,11726,11148,95,11243,169
2020-11-23,Modoc,049,8938,104,91,20,111,0
2020-11-23,Mono,051,14174,520,480,10,490,2
2020-11-23,Monterey,053,433212,15258,14265,249,14514,112
2020-11-23,Napa,055,140530,3203,2811,17,2828,17
2020-11-23,Nevada,057,99092,1308,1087,32,1119,9
2020-11-23,Orange,059,3164182,78687,71074,2314,73388,1546
2020-11-23,Placer,061,380077,7184,5999,133,6132,66
2020-11-23,Plumas,063,18699,214,172,0,172,0
2020-11-23,Riverside,065,2383286,90447,82175,1648,83823,1415
2020-11-23,Sacramento,067,1510023,37074,34141,122,34263,556
2020-11-23,San Benito,069,59416,1836,1729,11,1740,15
2020-11-23,San Bernardino,071,2135413,94947,84387,1469,85856,1224
2020-11-23,San Diego,073,3302833,80542,72817,2886,75703,968
2020-11-23,San Francisco,075,870044,15434,14646,90,14736,153
2020-11-23,San Joaquin,077,732212,26496,24622,483,25105,517
2020-11-23,San Luis Obispo,079,281455,6382,5772,98,5870,34
2020-11-23,San Mateo,081,765935,14402,13364,15,13379,170
2020-11-23,Santa Barbara,083,443738,11525,10944,195,11139,137
2020-11-23,Santa Clara,085,1922200,35044,31064,79,31143,435
2020-11-23,Santa Cruz,087,273765,4536,4003,53,4056,25
2020-11-23,Shasta,089,179085,5287,4100,160,4260,43
2020-11-23,Sierra,091,2930,17,15,0,15,0
2020-11-23,Siskiyou,093,43540,622,460,28,488,0
2020-11-23,Solano,095,438530,10400,9394,63,9457,86
2020-11-23,Sonoma,097,501317,12288,11507,50,11557,160
2020-11-23,Stanislaus,099,539301,21847,20487,1324,21811,436
2020-11-23,Sutter,101,95872,3325,2840,10,2850,14
2020-11-23,Tehama,103,63373,1687,1526,21,1547,9
2020-11-23,Trinity,105,12862,260,120,22,142,0
2020-11-23,Tulare,107,460477,21502,19818,1284,21102,315
2020-11-23,Tuolumne,109,53932,1030,774,8,782,7
2020-11-23,Ventura,111,848112,20044,18480,617,19097,179
2020-11-23,Yolo,113,214977,4906,4265,15,4280,75
2020-11-23,Yuba,115,75493,1967,1702,7,1709,10
2020-11-22,Alameda,001,1643700,29462,27472,305,27777,444
2020-11-22,Alpine,002,1148,46,41,0,41,0
2020-11-22,Amador,005,37829,501,450,1,451,16
2020-11-22,Butte,007,227075,4030,3712,221,3933,61
2020-11-22,Calaveras,009,45235,473,434,0,434,21
2020-11-22,Colusa,011,21464,722,642,3,645,6
2020-11-22,Contra Costa,013,1133247,23928,22407,144,22551,260
2020-11-22,Del Norte,015,27424,312,271,0,271,2
2020-11-22,El Dorado,017,186661,2488,1917,36,1953,4
2020-11-22,Fresno,019,978130,41235,36315,1229,37544,488
2020-11-22,Glenn,021,27897,939,832,34,866,4
2020-11-22,Humboldt,023,135768,874,729,2,731,9
2020-11-22,Imperial,025,180216,16033,15109,36,15145,355
2020-11-22,Inyo,027,18085,295,279,5,284,15
2020-11-22,Kern,029,883053,40253,37904,1053,38957,463
2020-11-22,Kings,031,150075,10923,10035,128,10163,85
2020-11-22,Lake,033,64148,943,834,0,834,18
2020-11-22,Lassen,035,31185,1928,1211,6,1217,0
2020-11-22,Los Angeles,037,10098052,383174,360341,5365,365706,7438
2020-11-22,Madera,039,155013,6297,5745,127,5872,56
2020-11-22,Marin,041,260295,7708,7506,28,7534,135
2020-11-22,Mariposa,043,17540,124,95,1,96,2
2020-11-22,Mendocino,045,87422,1460,1285,5,1290,22
2020-11-22,Merced,047,269075,11577,10939,95,11034,169
2020-11-22,Modoc,049,8938,103,87,19,106,0
2020-11-22,Mono,051,14174,505,481,10,491,2
2020-11-22,Monterey,053,433212,15017,13887,244,14131,111
2020-11-22,Napa,055,140530,3124,2778,17,2795,17
2020-11-22,Nevada,057,99092,1250,1052,32,1084,9
2020-11-22,Orange,059,3164182,77270,69913,2276,72189,1546
2020-11-22,Placer,061,380077,6958,5880,123,6003,66
2020-11-22,Plumas,063,18699,201,172,0,172,0
2020-11-22,Riverside,065,2383286,88848,81565,1589,83154,1409
2020-11-22,Sacramento,067,1510023,36340,33421,109,33530,555
2020-11-22,San Benito,069,59416,1807,1704,11,1715,15
2020-11-22,San Bernardino,071,2135413,92608,83505,1399,84904,1224
2020-11-22,San Diego,073,3302833,78805,71649,2811,74460,968
2020-11-22,San Francisco,075,870044,15264,14515,89,14604,153
2020-11-22,San Joaquin,077,732212,26196,24619,471,25090,517
2020-11-22,San Luis Obispo,079,281455,6275,5664,97,5761,34
2020-11-22,San Mateo,081,765935,14197,13228,15,13243,170
2020-11-22,Santa Barbara,083,443738,11390,10946,190,11136,137
2020-11-22,Santa Clara,085,1922200,34366,30633,77,30710,434
2020-11-22,Santa Cruz,087,273765,4454,3896,46,3942,25
2020-11-22,Shasta,089,179085,5131,4100,142,4242,43
2020-11-22,Sierra,091,2930,17,13,0,13,0
2020-11-22,Siskiyou,093,43540,591,411,28,439,0
2020-11-22,Solano,095,438530,10226,9363,59,9422,86
2020-11-22,Sonoma,097,501317,12130,11415,48,11463,159
2020-11-22,Stanislaus,099,539301,21523,20223,1294,21517,436
2020-11-22,Sutter,101,95872,3208,2677,10,2687,13
2020-11-22,Tehama,103,63373,1650,1457,17,1474,9
2020-11-22,Trinity,105,12862,254,114,22,136,0
2020-11-22,Tulare,107,460477,21248,19818,1218,21036,314
2020-11-22,Tuolumne,109,53932,1003,689,8,697,7
2020-11-22,Ventura,111,848112,19683,18105,604,18709,179
2020-11-22,Yolo,113,214977,4806,4206,15,4221,75
2020-11-22,Yuba,115,75493,1914,1672,7,1679,10
2020-11-21,Alameda,001,1643700,29275,27424,303,27727,444
2020-11-21,Alpine,002,1148,46,41,0,41,0
2020-11-21,Amador,005,37829,487,450,1,451,16
2020-11-21,Butte,007,227075,3982,3664,218,3882,61
2020-11-21,Calaveras,009,45235,465,434,0,434,21
2020-11-21,Colusa,011,21464,713,642,3,645,6
2020-11-21,Contra Costa,013,1133247,23774,22338,142,22480,260
2020-11-21,Del Norte,015,27424,307,271,0,271,2
2020-11-21,El Dorado,017,186661,2439,1900,35,1935,4
2020-11-21,Fresno,019,978130,40981,35973,1194,37167,482
2020-11-21,Glenn,021,27897,934,829,32,861,4
2020-11-21,Humboldt,023,135768,864,728,2,730,9
2020-11-21,Imperial,025,180216,15953,15053,36,15089,355
2020-11-21,Inyo,027,18085,293,283,5,288,15
2020-11-21,Kern,029,883053,39997,37403,1018,38421,463
2020-11-21,Kings,031,150075,10875,10019,124,10143,85
2020-11-21,Lake,033,64148,930,832,0,832,18
2020-11-21,Lassen,035,31185,1861,1211,6,1217,0
2020-11-21,Los Angeles,037,10098052,379988,357754,5225,362979,7428
2020-11-21,Madera,039,155013,6259,5706,127,5833,56
2020-11-21,Marin,041,260295,7685,7488,27,7515,134
2020-11-21,Mariposa,043,17540,124,92,1,93,2
2020-11-21,Mendocino,045,87422,1429,1282,5,1287,22
2020-11-21,Merced,047,269075,11516,10849,94,10943,169
2020-11-21,Modoc,049,8938,99,87,18,105,0
2020-11-21,Mono,051,14174,500,469,10,479,2
2020-11-21,Monterey,053,433212,14919,13886,239,14125,110
2020-11-21,Napa,055,140530,3090,2757,17,2774,17
2020-11-21,Nevada,057,99092,1238,1018,31,1049,9
2020-11-21,Orange,059,3164182,76466,69021,2246,71267,1543
2020-11-21,Placer,061,380077,6843,5778,120,5898,65
2020-11-21,Plumas,063,18699,196,172,0,172,0
2020-11-21,Riverside,065,2383286,88071,80676,1543,82219,1407
2020-11-21,Sacramento,067,1510023,35944,33133,101,33234,548
2020-11-21,San Benito,069,59416,1788,1691,11,1702,15
2020-11-21,San Bernardino,071,2135413,91731,83206,1323,84529,1222
2020-11-21,San Diego,073,3302833,78026,70711,2756,73467,966
2020-11-21,San Francisco,075,870044,15160,14445,88,14533,153
2020-11-21,San Joaquin,077,732212,26063,24620,456,25076,517
2020-11-21,San Luis Obispo,079,281455,6222,5618,94,5712,34
2020-11-21,San Mateo,081,765935,14096,13138,15,13153,170
2020-11-21,Santa Barbara,083,443738,11338,10922,187,11109,137
2020-11-21,Santa Clara,085,1922200,33982,30377,74,30451,433
2020-11-21,Santa Cruz,087,273765,4397,3898,46,3944,25
2020-11-21,Shasta,089,179085,5058,4095,139,4234,42
2020-11-21,Sierra,091,2930,17,13,0,13,0
2020-11-21,Siskiyou,093,43540,575,403,28,431,0
2020-11-21,Solano,095,438530,10136,9290,56,9346,86
2020-11-21,Sonoma,097,501317,12055,11394,47,11441,158
2020-11-21,Stanislaus,099,539301,21380,20111,1270,21381,435
2020-11-21,Sutter,101,95872,3148,2615,9,2624,13
2020-11-21,Tehama,103,63373,1630,1435,16,1451,9
2020-11-21,Trinity,105,12862,251,110,22,132,0
2020-11-21,Tulare,107,460477,21120,19752,1184,20936,313
2020-11-21,Tuolumne,109,53932,984,690,8,698,7
2020-11-21,Ventura,111,848112,19520,18040,594,18634,177
2020-11-21,Yolo,113,214977,4732,4147,14,4161,75
2020-11-21,Yuba,115,75493,1882,1643,7,1650,10
2020-11-20,Alameda,001,1643700,29061,27221,296,27517,444
2020-11-20,Alpine,002,1148,46,20,0,20,0
2020-11-20,Amador,005,37829,483,446,1,447,16
2020-11-20,Butte,007,227075,3950,3618,214,3832,60
2020-11-20,Calaveras,009,45235,455,424,0,424,21
2020-11-20,Colusa,011,21464,705,631,2,633,6
2020-11-20,Contra Costa,013,1133247,23589,22116,138,22254,260
2020-11-20,Del Norte,015,27424,304,264,0,264,2
2020-11-20,El Dorado,017,186661,2342,1868,33,1901,4
2020-11-20,Fresno,019,978130,40687,35635,1165,36800,480
2020-11-20,Glenn,021,27897,922,826,30,856,4
2020-11-20,Humboldt,023,135768,855,714,1,715,9
2020-11-20,Imperial,025,180216,15889,14864,32,14896,353
2020-11-20,Inyo,027,18085,291,262,5,267,15
2020-11-20,Kern,029,883053,39703,37143,993,38136,462
2020-11-20,Kings,031,150075,10827,9903,123,10026,85
2020-11-20,Lake,033,64148,921,820,0,820,18
2020-11-20,Lassen,035,31185,1776,1212,5,1217,0
2020-11-20,Los Angeles,037,10098052,376091,353554,5064,358618,7398
2020-11-20,Madera,039,155013,6165,5635,126,5761,54
2020-11-20,Marin,041,260295,7661,7467,26,7493,134
2020-11-20,Mariposa,043,17540,116,89,1,90,2
2020-11-20,Mendocino,045,87422,1409,1269,5,1274,22
2020-11-20,Merced,047,269075,11431,10729,94,10823,167
2020-11-20,Modoc,049,8938,99,83,18,101,0
2020-11-20,Mono,051,14174,498,469,10,479,2
2020-11-20,Monterey,053,433212,14794,13738,230,13968,110
2020-11-20,Napa,055,140530,3060,2718,17,2735,17
2020-11-20,Nevada,057,99092,1220,990,30,1020,9
2020-11-20,Orange,059,3164182,75630,68212,2209,70421,1532
2020-11-20,Placer,061,380077,6708,5687,105,5792,66
2020-11-20,Plumas,063,18699,194,163,0,163,0
2020-11-20,Riverside,065,2383286,87059,79613,1483,81096,1405
2020-11-20,Sacramento,067,1510023,35568,32832,94,32926,549
2020-11-20,San Benito,069,59416,1776,1668,11,1679,15
2020-11-20,San Bernardino,071,2135413,90361,81203,1241,82444,1220
2020-11-20,San Diego,073,3302833,77028,69233,2674,71907,960
2020-11-20,San Francisco,075,870044,15057,14327,87,14414,153
2020-11-20,San Joaquin,077,732212,25910,24460,443,24903,515
2020-11-20,San Luis Obispo,079,281455,6167,5524,91,5615,34
2020-11-20,San Mateo,081,765935,13963,12980,14,12994,169
2020-11-20,Santa Barbara,083,443738,11282,10825,181,11006,136
2020-11-20,Santa Clara,085,1922200,33561,30002,69,30071,431
2020-11-20,Santa Cruz,087,273765,4332,3815,46,3861,25
2020-11-20,Shasta,089,179085,4985,3861,134,3995,42
2020-11-20,Sierra,091,2930,17,12,0,12,0
2020-11-20,Siskiyou,093,43540,561,387,27,414,0
2020-11-20,Solano,095,438530,10043,9216,54,9270,85
2020-11-20,Sonoma,097,501317,11971,11316,46,11362,158
2020-11-20,Stanislaus,099,539301,21223,19889,1244,21133,433
2020-11-20,Sutter,101,95872,3098,2580,9,2589,13
2020-11-20,Tehama,103,63373,1613,1410,13,1423,9
2020-11-20,Trinity,105,12862,250,102,22,124,0
2020-11-20,Tulare,107,460477,20986,19568,1146,20714,311
2020-11-20,Tuolumne,109,53932,945,662,8,670,7
2020-11-20,Ventura,111,848112,19352,17741,567,18308,175
2020-11-20,Yolo,113,214977,4653,4081,13,4094,74
2020-11-20,Yuba,115,75493,1854,1611,7,1618,10
2020-11-19,Alameda,001,1643700,28715,26971,288,27259,441
2020-11-19,Alpine,002,1148,43,20,0,20,0
2020-11-19,Amador,005,37829,479,436,1,437,16
2020-11-19,Butte,007,227075,3901,3576,207,3783,60
2020-11-19,Calaveras,009,45235,444,417,0,417,21
2020-11-19,Colusa,011,21464,687,621,2,623,6
2020-11-19,Contra Costa,013,1133247,23318,21886,135,22021,259
2020-11-19,Del Norte,015,27424,296,251,0,251,2
2020-11-19,El Dorado,017,186661,2268,1825,29,1854,4
2020-11-19,Fresno,019,978130,40238,35278,1109,36387,478
2020-11-19,Glenn,021,27897,900,806,29,835,4
2020-11-19,Humboldt,023,135768,835,693,1,694,9
2020-11-19,Imperial,025,180216,15679,14507,32,14539,349
2020-11-19,Inyo,027,18085,289,262,5,267,15
2020-11-19,Kern,029,883053,39283,36779,951,37730,459
2020-11-19,Kings,031,150075,10679,9763,116,9879,85
2020-11-19,Lake,033,64148,907,809,0,809,18
2020-11-19,Lassen,035,31185,1659,1201,3,1204,0
2020-11-19,Los Angeles,037,10098052,371064,349493,4901,354394,7365
2020-11-19,Madera,039,155013,6093,5540,118,5658,54
2020-11-19,Marin,041,260295,7630,7451,26,7477,134
2020-11-19,Mariposa,043,17540,109,88,0,88,2
2020-11-19,Mendocino,045,87422,1388,1237,5,1242,23
2020-11-19,Merced,047,269075,11291,10634,88,10722,167
2020-11-19,Modoc,049,8938,96,82,18,100,0
2020-11-19,Mono,051,14174,490,468,10,478,2
2020-11-19,Monterey,053,433212,14580,13369,219,13588,108
2020-11-19,Napa,055,140530,3006,2641,17,2658,17
2020-11-19,Nevada,057,99092,1179,945,29,974,9
2020-11-19,Orange,059,3164182,74365,66998,2167,69165,1530
2020-11-19,Placer,061,380077,6517,5612,104,5716,65
2020-11-19,Plumas,063,18699,189,158,0,158,0
2020-11-19,Riverside,065,2383286,85576,78535,1412,79947,1402
2020-11-19,Sacramento,067,1510023,35054,32367,92,32459,546
2020-11-19,San Benito,069,59416,1753,1643,11,1654,15
2020-11-19,San Bernardino,071,2135413,88462,79244,1163,80407,1215
2020-11-19,San Diego,073,3302833,75778,68142,2570,70712,952
2020-11-19,San Francisco,075,870044,14901,14178,81,14259,153
2020-11-19,San Joaquin,077,732212,25591,24270,433,24703,516
2020-11-19,San Luis Obispo,079,281455,6090,5410,87,5497,34
2020-11-19,San Mateo,081,765935,13825,12714,14,12728,169
2020-11-19,Santa Barbara,083,443738,11202,10741,178,10919,136
2020-11-19,Santa Clara,085,1922200,33007,29630,68,29698,424
2020-11-19,Santa Cruz,087,273765,4240,3679,44,3723,25
2020-11-19,Shasta,089,179085,4847,3685,124,3809,42
2020-11-19,Sierra,091,2930,17,11,0,11,0
2020-11-19,Siskiyou,093,43540,536,360,26,386,0
2020-11-19,Solano,095,438530,9906,9093,50,9143,84
2020-11-19,Sonoma,097,501317,11801,11205,44,11249,156
2020-11-19,Stanislaus,099,539301,20982,19736,1201,20937,433
2020-11-19,Sutter,101,95872,2999,2509,9,2518,13
2020-11-19,Tehama,103,63373,1578,1373,10,1383,9
2020-11-19,Trinity,105,12862,244,97,22,119,0
2020-11-19,Tulare,107,460477,20765,19384,1083,20467,304
2020-11-19,Tuolumne,109,53932,914,602,8,610,7
2020-11-19,Ventura,111,848112,18999,17300,554,17854,174
2020-11-19,Yolo,113,214977,4559,3973,13,3986,72
2020-11-19,Yuba,115,75493,1814,1568,7,1575,10
2020-11-18,Alameda,001,1643700,28451,26610,283,26893,440
2020-11-18,Alpine,002,1148,42,16,0,16,0
2020-11-18,Amador,005,37829,474,430,1,431,16
2020-11-18,Butte,007,227075,3848,3537,194,3731,59
2020-11-18,Calaveras,009,45235,438,409,0,409,21
2020-11-18,Colusa,011,21464,674,611,2,613,6
2020-11-18,Contra Costa,013,1133247,23054,21685,132,21817,258
2020-11-18,Del Norte,015,27424,284,240,0,240,2
2020-11-18,El Dorado,017,186661,2180,1799,28,1827,4
2020-11-18,Fresno,019,978130,39799,34997,1060,36057,474
2020-11-18,Glenn,021,27897,883,803,27,830,4
2020-11-18,Humboldt,023,135768,820,690,1,691,9
2020-11-18,Imperial,025,180216,15453,14428,32,14460,348
2020-11-18,Inyo,027,18085,287,262,5,267,15
2020-11-18,Kern,029,883053,38893,36537,902,37439,456
2020-11-18,Kings,031,150075,10531,9696,113,9809,85
2020-11-18,Lake,033,64148,895,802,0,802,18
2020-11-18,Lassen,035,31185,1559,1124,3,1127,0
2020-11-18,Los Angeles,037,10098052,366185,344675,4725,349400,7338
2020-11-18,Madera,039,155013,6006,5519,106,5625,54
2020-11-18,Marin,041,260295,7606,7435,26,7461,134
2020-11-18,Mariposa,043,17540,106,88,0,88,2
2020-11-18,Mendocino,045,87422,1368,1237,5,1242,23
2020-11-18,Merced,047,269075,11175,10536,87,10623,166
2020-11-18,Modoc,049,8938,93,77,18,95,0
2020-11-18,Mono,051,14174,485,468,10,478,2
2020-11-18,Monterey,053,433212,14385,13340,205,13545,108
2020-11-18,Napa,055,140530,2961,2607,17,2624,17
2020-11-18,Nevada,057,99092,1139,933,27,960,9
2020-11-18,Orange,059,3164182,73270,66381,2142,68523,1521
2020-11-18,Placer,061,380077,6339,5543,99,5642,64
2020-11-18,Plumas,063,18699,184,143,0,143,0
2020-11-18,Riverside,065,2383286,84113,77739,1311,79050,1387
2020-11-18,Sacramento,067,1510023,34429,31816,84,31900,541
2020-11-18,San Benito,069,59416,1728,1632,10,1642,15
2020-11-18,San Bernardino,071,2135413,86703,77400,1084,78484,1206
2020-11-18,San Diego,073,3302833,74484,67243,2510,69753,945
2020-11-18,San Francisco,075,870044,14757,14057,79,14136,153
2020-11-18,San Joaquin,077,732212,25329,24146,419,24565,517
2020-11-18,San Luis Obispo,079,281455,6014,5322,86,5408,34
2020-11-18,San Mateo,081,765935,13672,12631,13,12644,169
2020-11-18,Santa Barbara,083,443738,11123,10684,171,10855,136
2020-11-18,Santa Clara,085,1922200,32541,29285,64,29349,421
2020-11-18,Santa Cruz,087,273765,4151,3618,42,3660,25
2020-11-18,Shasta,089,179085,4714,3547,120,3667,42
2020-11-18,Sierra,091,2930,17,11,0,11,0
2020-11-18,Siskiyou,093,43540,504,351,25,376,0
2020-11-18,Solano,095,438530,9774,8994,48,9042,84
2020-11-18,Sonoma,097,501317,11694,11129,41,11170,155
2020-11-18,Stanislaus,099,539301,20740,19609,1177,20786,431
2020-11-18,Sutter,101,95872,2881,2442,9,2451,13
2020-11-18,Tehama,103,63373,1540,1338,10,1348,8
2020-11-18,Trinity,105,12862,230,95,21,116,0
2020-11-18,Tulare,107,460477,20554,19286,1032,20318,306
2020-11-18,Tuolumne,109,53932,879,590,8,598,7
2020-11-18,Ventura,111,848112,18674,17169,539,17708,173
2020-11-18,Yolo,113,214977,4486,3929,13,3942,71
2020-11-18,Yuba,115,75493,1760,1540,7,1547,10
2020-11-17,Alameda,001,1643700,28124,26425,272,26697,439
2020-11-17,Alpine,002,1148,40,12,0,12,0
2020-11-17,Amador,005,37829,463,423,1,424,16
2020-11-17,Butte,007,227075,3806,3500,183,3683,59
2020-11-17,Calaveras,009,45235,421,405,0,405,21
2020-11-17,Colusa,011,21464,663,606,1,607,6
2020-11-17,Contra Costa,013,1133247,22783,21557,127,21684,256
2020-11-17,Del Norte,015,27424,278,233,0,233,2
2020-11-17,El Dorado,017,186661,2121,1758,28,1786,4
2020-11-17,Fresno,019,978130,39201,34765,1001,35766,472
2020-11-17,Glenn,021,27897,872,795,26,821,4
2020-11-17,Humboldt,023,135768,798,685,1,686,9
2020-11-17,Imperial,025,180216,15215,14204,30,14234,346
2020-11-17,Inyo,027,18085,286,263,5,268,15
2020-11-17,Kern,029,883053,38444,36164,849,37013,455
2020-11-17,Kings,031,150075,10458,9653,105,9758,85
2020-11-17,Lake,033,64148,875,792,0,792,18
2020-11-17,Lassen,035,31185,1480,1124,3,1127,0
2020-11-17,Los Angeles,037,10098052,361233,340933,4568,345501,7302
2020-11-17,Madera,039,155013,5918,5485,99,5584,54
2020-11-17,Marin,041,260295,7574,7404,25,7429,134
2020-11-17,Mariposa,043,17540,103,87,0,87,2
2020-11-17,Mendocino,045,87422,1347,1216,5,1221,23
2020-11-17,Merced,047,269075,11031,10457,82,10539,162
2020-11-17,Modoc,049,8938,87,71,17,88,0
2020-11-17,Mono,051,14174,480,459,10,469,2
2020-11-17,Monterey,053,433212,14156,13220,195,13415,108
2020-11-17,Napa,055,140530,2907,2568,17,2585,17
2020-11-17,Nevada,057,99092,1098,918,26,944,9
2020-11-17,Orange,059,3164182,72119,65757,2116,67873,1519
2020-11-17,Placer,061,380077,6177,5435,93,5528,63
2020-11-17,Plumas,063,18699,176,142,0,142,0
2020-11-17,Riverside,065,2383286,82727,77079,1220,78299,1379
2020-11-17,Sacramento,067,1510023,33831,31341,80,31421,538
2020-11-17,San Benito,069,59416,1712,1611,4,1615,15
2020-11-17,San Bernardino,071,2135413,84894,76134,995,77129,1188
2020-11-17,San Diego,073,3302833,73231,66321,2454,68775,933
2020-11-17,San Francisco,075,870044,14591,13952,78,14030,153
2020-11-17,San Joaquin,077,732212,25053,23997,399,24396,516
2020-11-17,San Luis Obispo,079,281455,5918,5235,86,5321,34
2020-11-17,San Mateo,081,765935,13512,12491,12,12503,169
2020-11-17,Santa Barbara,083,443738,11038,10597,166,10763,136
2020-11-17,Santa Clara,085,1922200,31993,29013,63,29076,419
2020-11-17,Santa Cruz,087,273765,4065,3548,39,3587,25
2020-11-17,Shasta,089,179085,4556,3457,108,3565,40
2020-11-17,Sierra,091,2930,15,11,0,11,0
2020-11-17,Siskiyou,093,43540,456,333,24,357,0
2020-11-17,Solano,095,438530,9629,8905,47,8952,84
2020-11-17,Sonoma,097,501317,11560,11084,40,11124,155
2020-11-17,Stanislaus,099,539301,20517,19466,1150,20616,425
2020-11-17,Sutter,101,95872,2798,2370,8,2378,12
2020-11-17,Tehama,103,63373,1487,1290,10,1300,7
2020-11-17,Trinity,105,12862,213,83,21,104,0
2020-11-17,Tulare,107,460477,20326,19176,971,20147,305
2020-11-17,Tuolumne,109,53932,840,568,8,576,7
2020-11-17,Ventura,111,848112,18402,16797,521,17318,173
2020-11-17,Yolo,113,214977,4310,3887,12,3899,70
2020-11-17,Yuba,115,75493,1712,1519,7,1526,10
2020-11-16,Alameda,001,1643700,27777,26063,267,26330,436
2020-11-16,Alpine,002,1148,37,12,0,12,0
2020-11-16,Amador,005,37829,455,414,1,415,16
2020-11-16,Butte,007,227075,3767,3490,175,3665,58
2020-11-16,Calaveras,009,45235,413,402,0,402,21
2020-11-16,Colusa,011,21464,654,601,1,602,6
2020-11-16,Contra Costa,013,1133247,22517,21386,122,21508,256
2020-11-16,Del Norte,015,27424,271,225,0,225,2
2020-11-16,El Dorado,017,186661,2061,1694,26,1720,4
2020-11-16,Fresno,019,978130,38711,34593,949,35542,471
2020-11-16,Glenn,021,27897,860,786,25,811,4
2020-11-16,Humboldt,023,135768,782,660,1,661,9
2020-11-16,Imperial,025,180216,14967,14111,30,14141,346
2020-11-16,Inyo,027,18085,283,263,5,268,15
2020-11-16,Kern,029,883053,38049,36049,807,36856,455
2020-11-16,Kings,031,150075,10191,9569,101,9670,85
2020-11-16,Lake,033,64148,864,784,0,784,18
2020-11-16,Lassen,035,31185,1299,1124,3,1127,0
2020-11-16,Los Angeles,037,10098052,356477,338778,4400,343178,7277
2020-11-16,Madera,039,155013,5833,5433,93,5526,54
2020-11-16,Marin,041,260295,7543,7359,24,7383,134
2020-11-16,Mariposa,043,17540,100,86,0,86,2
2020-11-16,Mendocino,045,87422,1322,1209,5,1214,23
2020-11-16,Merced,047,269075,10892,10399,79,10478,162
2020-11-16,Modoc,049,8938,85,71,17,88,0
2020-11-16,Mono,051,14174,478,453,10,463,2
2020-11-16,Monterey,053,433212,13910,13089,185,13274,107
2020-11-16,Napa,055,140530,2833,2536,17,2553,17
2020-11-16,Nevada,057,99092,1055,889,24,913,9
2020-11-16,Orange,059,3164182,71024,65396,2102,67498,1519
2020-11-16,Placer,061,380077,6058,5387,85,5472,63
2020-11-16,Plumas,063,18699,169,127,0,127,0
2020-11-16,Riverside,065,2383286,81352,76449,1156,77605,1379
2020-11-16,Sacramento,067,1510023,33193,30954,73,31027,534
2020-11-16,San Benito,069,59416,1694,1603,3,1606,15
2020-11-16,San Bernardino,071,2135413,83068,74401,929,75330,1186
2020-11-16,San Diego,073,3302833,71920,65603,2382,67985,926
2020-11-16,San Francisco,075,870044,14433,13847,76,13923,153
2020-11-16,San Joaquin,077,732212,24765,23515,389,23904,513
2020-11-16,San Luis Obispo,079,281455,5815,5161,82,5243,34
2020-11-16,San Mateo,081,765935,13352,12398,12,12410,169
2020-11-16,Santa Barbara,083,443738,10973,10565,162,10727,135
2020-11-16,Santa Clara,085,1922200,31431,28673,62,28735,419
2020-11-16,Santa Cruz,087,273765,3992,3520,39,3559,25
2020-11-16,Shasta,089,179085,4408,3284,103,3387,37
2020-11-16,Sierra,091,2930,15,11,0,11,0
2020-11-16,Siskiyou,093,43540,429,294,24,318,0
2020-11-16,Solano,095,438530,9430,8827,47,8874,84
2020-11-16,Sonoma,097,501317,11469,10961,39,11000,155
2020-11-16,Stanislaus,099,539301,20280,19333,1123,20456,425
2020-11-16,Sutter,101,95872,2692,2322,8,2330,12
2020-11-16,Tehama,103,63373,1442,1261,7,1268,7
2020-11-16,Trinity,105,12862,201,67,21,88,0
2020-11-16,Tulare,107,460477,20148,18891,918,19809,305
2020-11-16,Tuolumne,109,53932,803,543,8,551,7
2020-11-16,Ventura,111,848112,18064,16691,513,17204,172
2020-11-16,Yolo,113,214977,4215,3858,12,3870,70
2020-11-16,Yuba,115,75493,1676,1500,6,1506,10
2020-11-15,Alameda,001,1643700,27460,25879,262,26141,436
2020-11-15,Alpine,002,1148,35,12,0,12,0
2020-11-15,Amador,005,37829,443,409,1,410,16
2020-11-15,Butte,007,227075,3713,3452,166,3618,58
2020-11-15,Calaveras,009,45235,398,386,0,386,21
2020-11-15,Colusa,011,21464,645,601,1,602,6
2020-11-15,Contra Costa,013,1133247,22219,21179,121,21300,256
2020-11-15,Del Norte,015,27424,257,224,0,224,2
2020-11-15,El Dorado,017,186661,1999,1683,25,1708,4
2020-11-15,Fresno,019,978130,38200,34297,911,35208,471
2020-11-15,Glenn,021,27897,848,783,24,807,4
2020-11-15,Humboldt,023,135768,754,653,1,654,9
2020-11-15,Imperial,025,180216,14732,13940,30,13970,346
2020-11-15,Inyo,027,18085,273,263,5,268,15
2020-11-15,Kern,029,883053,37643,35911,772,36683,455
2020-11-15,Kings,031,150075,9998,9533,98,9631,85
2020-11-15,Lake,033,64148,854,777,0,777,17
2020-11-15,Lassen,035,31185,1252,1124,3,1127,0
2020-11-15,Los Angeles,037,10098052,351428,336035,4233,340268,7271
2020-11-15,Madera,039,155013,5735,5391,87,5478,54
2020-11-15,Marin,041,260295,7516,7347,24,7371,133
2020-11-15,Mariposa,043,17540,97,86,0,86,2
2020-11-15,Mendocino,045,87422,1303,1197,5,1202,22
2020-11-15,Merced,047,269075,10759,10350,79,10429,162
2020-11-15,Modoc,049,8938,84,68,17,85,0
2020-11-15,Mono,051,14174,476,453,10,463,2
2020-11-15,Monterey,053,433212,13714,12999,172,13171,107
2020-11-15,Napa,055,140530,2774,2509,15,2524,17
2020-11-15,Nevada,057,99092,999,859,24,883,9
2020-11-15,Orange,059,3164182,69980,65008,2086,67094,1519
2020-11-15,Placer,061,380077,5903,5330,77,5407,63
2020-11-15,Plumas,063,18699,163,127,0,127,0
2020-11-15,Riverside,065,2383286,80030,75531,1098,76629,1374
2020-11-15,Sacramento,067,1510023,32567,30601,68,30669,534
2020-11-15,San Benito,069,59416,1669,1589,2,1591,15
2020-11-15,San Bernardino,071,2135413,80919,73769,854,74623,1185
2020-11-15,San Diego,073,3302833,70419,64770,2325,67095,926
2020-11-15,San Francisco,075,870044,14257,13757,75,13832,153
2020-11-15,San Joaquin,077,732212,24555,23516,374,23890,513
2020-11-15,San Luis Obispo,079,281455,5694,5120,80,5200,34
2020-11-15,San Mateo,081,765935,13175,12348,12,12360,169
2020-11-15,Santa Barbara,083,443738,10878,10516,160,10676,135
2020-11-15,Santa Clara,085,1922200,30973,28289,61,28350,418
2020-11-15,Santa Cruz,087,273765,3851,3439,38,3477,25
2020-11-15,Shasta,089,179085,4235,3290,94,3384,37
2020-11-15,Sierra,091,2930,15,11,0,11,0
2020-11-15,Siskiyou,093,43540,410,294,24,318,0
2020-11-15,Solano,095,438530,9269,8713,44,8757,84
2020-11-15,Sonoma,097,501317,11351,10833,38,10871,154
2020-11-15,Stanislaus,099,539301,20006,19228,1098,20326,425
2020-11-15,Sutter,101,95872,2602,2230,8,2238,12
2020-11-15,Tehama,103,63373,1391,1222,6,1228,7
2020-11-15,Trinity,105,12862,191,67,19,86,0
2020-11-15,Tulare,107,460477,19931,18891,866,19757,305
2020-11-15,Tuolumne,109,53932,761,486,8,494,7
2020-11-15,Ventura,111,848112,17790,16564,505,17069,172
2020-11-15,Yolo,113,214977,4112,3819,12,3831,67
2020-11-15,Yuba,115,75493,1635,1470,5,1475,10
2020-11-14,Alameda,001,1643700,27193,25714,260,25974,435
2020-11-14,Alpine,002,1148,35,12,0,12,0
2020-11-14,Amador,005,37829,434,404,0,404,16
2020-11-14,Butte,007,227075,3677,3434,152,3586,58
2020-11-14,Calaveras,009,45235,397,386,0,386,21
2020-11-14,Colusa,011,21464,633,601,1,602,6
2020-11-14,Contra Costa,013,1133247,22077,20975,114,21089,256
2020-11-14,Del Norte,015,27424,250,219,0,219,2
2020-11-14,El Dorado,017,186661,1955,1648,25,1673,4
2020-11-14,Fresno,019,978130,37950,33969,875,34844,471
2020-11-14,Glenn,021,27897,839,772,21,793,3
2020-11-14,Humboldt,023,135768,739,643,1,644,9
2020-11-14,Imperial,025,180216,14639,13932,29,13961,346
2020-11-14,Inyo,027,18085,272,263,5,268,15
2020-11-14,Kern,029,883053,37433,35626,753,36379,454
2020-11-14,Kings,031,150075,9963,9490,95,9585,85
2020-11-14,Lake,033,64148,845,773,0,773,17
2020-11-14,Lassen,035,31185,1238,833,3,836,0
2020-11-14,Los Angeles,037,10098052,348719,333021,4125,337146,7269
2020-11-14,Madera,039,155013,5704,5371,85,5456,54
2020-11-14,Marin,041,260295,7499,7325,24,7349,133
2020-11-14,Mariposa,043,17540,96,86,0,86,2
2020-11-14,Mendocino,045,87422,1287,1181,5,1186,22
2020-11-14,Merced,047,269075,10703,10286,77,10363,161
2020-11-14,Modoc,049,8938,83,64,16,80,0
2020-11-14,Mono,051,14174,476,453,10,463,2
2020-11-14,Monterey,053,433212,13618,12854,162,13016,105
2020-11-14,Napa,055,140530,2740,2473,15,2488,17
2020-11-14,Nevada,057,99092,983,835,24,859,9
2020-11-14,Orange,059,3164182,69357,64340,2075,66415,1517
2020-11-14,Placer,061,380077,5827,5215,71,5286,63
2020-11-14,Plumas,063,18699,158,128,0,128,0
2020-11-14,Riverside,065,2383286,79290,74910,1059,75969,1373
2020-11-14,Sacramento,067,1510023,32241,30298,68,30366,532
2020-11-14,San Benito,069,59416,1654,1573,2,1575,15
2020-11-14,San Bernardino,071,2135413,79984,72868,823,73691,1184
2020-11-14,San Diego,073,3302833,69654,63715,2273,65988,926
2020-11-14,San Francisco,075,870044,14170,13661,74,13735,153
2020-11-14,San Joaquin,077,732212,24462,23516,367,23883,511
2020-11-14,San Luis Obispo,079,281455,5631,5073,75,5148,34
2020-11-14,San Mateo,081,765935,13067,12293,12,12305,169
2020-11-14,Santa Barbara,083,443738,10824,10482,158,10640,135
2020-11-14,Santa Clara,085,1922200,30688,27962,59,28021,416
2020-11-14,Santa Cruz,087,273765,3796,3402,38,3440,25
2020-11-14,Shasta,089,179085,4154,3195,92,3287,37
2020-11-14,Sierra,091,2930,15,11,0,11,0
2020-11-14,Siskiyou,093,43540,397,292,24,316,0
2020-11-14,Solano,095,438530,9190,8655,44,8699,84
2020-11-14,Sonoma,097,501317,11298,10769,38,10807,154
2020-11-14,Stanislaus,099,539301,19863,19068,1076,20144,424
2020-11-14,Sutter,101,95872,2557,2182,8,2190,12
2020-11-14,Tehama,103,63373,1369,1206,5,1211,7
2020-11-14,Trinity,105,12862,186,67,19,86,0
2020-11-14,Tulare,107,460477,19838,18853,838,19691,305
2020-11-14,Tuolumne,109,53932,733,448,8,456,7
2020-11-14,Ventura,111,848112,17644,16297,494,16791,172
2020-11-14,Yolo,113,214977,4068,3765,10,3775,65
2020-11-14,Yuba,115,75493,1606,1453,5,1458,10
2020-11-13,Alameda,001,1643700,26977,25515,255,25770,434
2020-11-13,Alpine,002,1148,35,12,0,12,0
2020-11-13,Amador,005,37829,431,397,0,397,16
2020-11-13,Butte,007,227075,3653,3402,142,3544,58
2020-11-13,Calaveras,009,45235,393,378,0,378,21
2020-11-13,Colusa,011,21464,625,598,1,599,6
2020-11-13,Contra Costa,013,1133247,21903,20799,114,20913,256
2020-11-13,Del Norte,015,27424,247,208,0,208,2
2020-11-13,El Dorado,017,186661,1910,1611,24,1635,4
2020-11-13,Fresno,019,978130,37704,33693,861,34554,470
2020-11-13,Glenn,021,27897,825,755,17,772,3
2020-11-13,Humboldt,023,135768,724,638,1,639,9
2020-11-13,Imperial,025,180216,14568,13790,28,13818,341
2020-11-13,Inyo,027,18085,271,262,5,267,15
2020-11-13,Kern,029,883053,37231,35431,736,36167,453
2020-11-13,Kings,031,150075,9904,9428,94,9522,85
2020-11-13,Lake,033,64148,839,770,0,770,17
2020-11-13,Lassen,035,31185,1229,832,3,835,0
2020-11-13,Los Angeles,037,10098052,345589,329364,4023,333387,7248
2020-11-13,Madera,039,155013,5664,5340,84,5424,54
2020-11-13,Marin,041,260295,7486,7307,23,7330,133
2020-11-13,Mariposa,043,17540,94,86,0,86,2
2020-11-13,Mendocino,045,87422,1275,1173,5,1178,22
2020-11-13,Merced,047,269075,10647,10185,74,10259,159
2020-11-13,Modoc,049,8938,83,63,14,77,0
2020-11-13,Mono,051,14174,476,448,9,457,2
2020-11-13,Monterey,053,433212,13423,12681,150,12831,104
2020-11-13,Napa,055,140530,2701,2440,15,2455,17
2020-11-13,Nevada,057,99092,964,798,24,822,9
2020-11-13,Orange,059,3164182,68757,63804,2055,65859,1514
2020-11-13,Placer,061,380077,5722,5122,65,5187,63
2020-11-13,Plumas,063,18699,152,125,0,125,0
2020-11-13,Riverside,065,2383286,78552,74138,1030,75168,1372
2020-11-13,Sacramento,067,1510023,31922,29787,64,29851,524
2020-11-13,San Benito,069,59416,1642,1553,1,1554,15
2020-11-13,San Bernardino,071,2135413,78936,71895,802,72697,1184
2020-11-13,San Diego,073,3302833,68807,62978,2235,65213,921
2020-11-13,San Francisco,075,870044,14077,13516,72,13588,146
2020-11-13,San Joaquin,077,732212,24367,23314,361,23675,510
2020-11-13,San Luis Obispo,079,281455,5564,4960,72,5032,34
2020-11-13,San Mateo,081,765935,12974,12182,12,12194,169
2020-11-13,Santa Barbara,083,443738,10772,10405,156,10561,134
2020-11-13,Santa Clara,085,1922200,30360,27609,57,27666,415
2020-11-13,Santa Cruz,087,273765,3722,3343,38,3381,25
2020-11-13,Shasta,089,179085,4070,2983,88,3071,37
2020-11-13,Sierra,091,2930,15,11,0,11,0
2020-11-13,Siskiyou,093,43540,392,280,23,303,0
2020-11-13,Solano,095,438530,9100,8525,44,8569,84
2020-11-13,Sonoma,097,501317,11237,10685,36,10721,151
2020-11-13,Stanislaus,099,539301,19737,18936,1049,19985,422
2020-11-13,Sutter,101,95872,2511,2121,7,2128,12
2020-11-13,Tehama,103,63373,1342,1167,5,1172,7
2020-11-13,Trinity,105,12862,184,64,19,83,0
2020-11-13,Tulare,107,460477,19712,18714,798,19512,305
2020-11-13,Tuolumne,109,53932,700,427,8,435,7
2020-11-13,Ventura,111,848112,17498,16172,480,16652,171
2020-11-13,Yolo,113,214977,4017,3716,10,3726,65
2020-11-13,Yuba,115,75493,1579,1435,5,1440,10
2020-11-12,Alameda,001,1643700,26710,25345,255,25600,432
2020-11-12,Alpine,002,1148,34,12,0,12,0
2020-11-12,Amador,005,37829,430,392,0,392,16
2020-11-12,Butte,007,227075,3604,3347,139,3486,58
2020-11-12,Calaveras,009,45235,388,373,0,373,21
2020-11-12,Colusa,011,21464,620,591,1,592,6
2020-11-12,Contra Costa,013,1133247,21694,20619,113,20732,255
2020-11-12,Del Norte,015,27424,239,203,0,203,2
2020-11-12,El Dorado,017,186661,1864,1573,20,1593,4
2020-11-12,Fresno,019,978130,37355,33459,820,34279,468
2020-11-12,Glenn,021,27897,806,727,17,744,3
2020-11-12,Humboldt,023,135768,711,625,1,626,9
2020-11-12,Imperial,025,180216,14403,13619,28,13647,341
2020-11-12,Inyo,027,18085,270,255,5,260,15
2020-11-12,Kern,029,883053,36967,35207,722,35929,451
2020-11-12,Kings,031,150075,9837,9335,93,9428,85
2020-11-12,Lake,033,64148,830,764,0,764,17
2020-11-12,Lassen,035,31185,1160,832,2,834,0
2020-11-12,Los Angeles,037,10098052,341846,327001,3925,330926,7223
2020-11-12,Madera,039,155013,5629,5273,80,5353,54
2020-11-12,Marin,041,260295,7457,7268,23,7291,133
2020-11-12,Mariposa,043,17540,92,84,0,84,2
2020-11-12,Mendocino,045,87422,1256,1142,5,1147,22
2020-11-12,Merced,047,269075,10533,10107,71,10178,158
2020-11-12,Modoc,049,8938,83,63,14,77,0
2020-11-12,Mono,051,14174,475,442,9,451,2
2020-11-12,Monterey,053,433212,13302,12489,136,12625,100
2020-11-12,Napa,055,140530,2639,2398,15,2413,16
2020-11-12,Nevada,057,99092,942,780,23,803,9
2020-11-12,Orange,059,3164182,68013,63232,2036,65268,1514
2020-11-12,Placer,061,380077,5613,5044,56,5100,62
2020-11-12,Plumas,063,18699,148,121,0,121,0
2020-11-12,Riverside,065,2383286,77621,73381,987,74368,1362
2020-11-12,Sacramento,067,1510023,31431,29459,56,29515,520
2020-11-12,San Benito,069,59416,1622,1525,1,1526,15
2020-11-12,San Bernardino,071,2135413,77570,70758,763,71521,1183
2020-11-12,San Diego,073,3302833,67827,62336,2184,64520,918
2020-11-12,San Francisco,075,870044,13978,13289,71,13360,146
2020-11-12,San Joaquin,077,732212,24173,23002,340,23342,509
2020-11-12,San Luis Obispo,079,281455,5500,4898,71,4969,33
2020-11-12,San Mateo,081,765935,12849,12086,11,12097,169
2020-11-12,Santa Barbara,083,443738,10710,10325,151,10476,134
2020-11-12,Santa Clara,085,1922200,29983,27261,56,27317,414
2020-11-12,Santa Cruz,087,273765,3639,3317,36,3353,25
2020-11-12,Shasta,089,179085,3933,2825,77,2902,37
2020-11-12,Sierra,091,2930,15,11,0,11,0
2020-11-12,Siskiyou,093,43540,375,275,19,294,0
2020-11-12,Solano,095,438530,9000,8417,43,8460,85
2020-11-12,Sonoma,097,501317,11135,10602,35,10637,151
2020-11-12,Stanislaus,099,539301,19567,18787,1020,19807,422
2020-11-12,Sutter,101,95872,2428,2075,6,2081,12
2020-11-12,Tehama,103,63373,1314,1117,5,1122,7
2020-11-12,Trinity,105,12862,176,62,18,80,0
2020-11-12,Tulare,107,460477,19599,18545,760,19305,305
2020-11-12,Tuolumne,109,53932,661,353,8,361,7
2020-11-12,Ventura,111,848112,17248,16013,474,16487,158
2020-11-12,Yolo,113,214977,3974,3646,10,3656,63
2020-11-12,Yuba,115,75493,1544,1410,5,1415,10
2020-11-11,Alameda,001,1643700,26466,25140,253,25393,429
2020-11-11,Alpine,002,1148,29,12,0,12,0
2020-11-11,Amador,005,37829,423,389,0,389,16
2020-11-11,Butte,007,227075,3578,3348,126,3474,58
2020-11-11,Calaveras,009,45235,378,373,0,373,21
2020-11-11,Colusa,011,21464,614,591,1,592,6
2020-11-11,Contra Costa,013,1133247,21477,20452,111,20563,255
2020-11-11,Del Norte,015,27424,231,203,0,203,2
2020-11-11,El Dorado,017,186661,1818,1564,19,1583,4
2020-11-11,Fresno,019,978130,37037,33287,785,34072,468
2020-11-11,Glenn,021,27897,790,722,16,738,3
2020-11-11,Humboldt,023,135768,697,623,1,624,9
2020-11-11,Imperial,025,180216,14233,13623,26,13649,340
2020-11-11,Inyo,027,18085,268,255,5,260,15
2020-11-11,Kern,029,883053,36692,35014,705,35719,449
2020-11-11,Kings,031,150075,9731,9263,90,9353,85
2020-11-11,Lake,033,64148,819,763,0,763,17
2020-11-11,Lassen,035,31185,1135,831,2,833,0
2020-11-11,Los Angeles,037,10098052,338476,324567,3843,328410,7220
2020-11-11,Madera,039,155013,5595,5248,79,5327,54
2020-11-11,Marin,041,260295,7435,7268,23,7291,133
2020-11-11,Mariposa,043,17540,92,84,0,84,2
2020-11-11,Mendocino,045,87422,1244,1142,5,1147,22
2020-11-11,Merced,047,269075,10462,10074,69,10143,157
2020-11-11,Modoc,049,8938,79,62,13,75,0
2020-11-11,Mono,051,14174,473,443,9,452,2
2020-11-11,Monterey,053,433212,13159,12417,132,12549,100
2020-11-11,Napa,055,140530,2590,2365,13,2378,15
2020-11-11,Nevada,057,99092,900,741,23,764,9
2020-11-11,Orange,059,3164182,67374,62929,2012,64941,1506
2020-11-11,Placer,061,380077,5529,4981,48,5029,60
2020-11-11,Plumas,063,18699,146,111,0,111,0
2020-11-11,Riverside,065,2383286,76719,72953,941,73894,1361
2020-11-11,Sacramento,067,1510023,30974,28968,54,29022,520
2020-11-11,San Benito,069,59416,1608,1512,1,1513,15
2020-11-11,San Bernardino,071,2135413,76284,70374,737,71111,1182
2020-11-11,San Diego,073,3302833,66892,61746,2123,63869,918
2020-11-11,San Francisco,075,870044,13871,13287,70,13357,146
2020-11-11,San Joaquin,077,732212,24013,23001,335,23336,509
2020-11-11,San Luis Obispo,079,281455,5425,4832,68,4900,33
2020-11-11,San Mateo,081,765935,12735,12008,11,12019,169
2020-11-11,Santa Barbara,083,443738,10644,10278,151,10429,134
2020-11-11,Santa Clara,085,1922200,29632,27075,55,27130,413
2020-11-11,Santa Cruz,087,273765,3571,3247,36,3283,25
2020-11-11,Shasta,089,179085,3810,2766,67,2833,36
2020-11-11,Sierra,091,2930,13,11,0,11,0
2020-11-11,Siskiyou,093,43540,344,261,16,277,0
2020-11-11,Solano,095,438530,8881,8353,41,8394,85
2020-11-11,Sonoma,097,501317,11061,10498,35,10533,150
2020-11-11,Stanislaus,099,539301,19430,18671,990,19661,422
2020-11-11,Sutter,101,95872,2380,2049,5,2054,12
2020-11-11,Tehama,103,63373,1270,1105,4,1109,7
2020-11-11,Trinity,105,12862,165,62,18,80,0
2020-11-11,Tulare,107,460477,19469,18500,730,19230,305
2020-11-11,Tuolumne,109,53932,608,354,7,361,7
2020-11-11,Ventura,111,848112,17033,15801,461,16262,158
2020-11-11,Yolo,113,214977,3923,3606,10,3616,63
2020-11-11,Yuba,115,75493,1529,1400,5,1405,10
2020-11-10,Alameda,001,1643700,26236,25008,250,25258,424
2020-11-10,Alpine,002,1148,29,9,0,9,0
2020-11-10,Amador,005,37829,417,384,0,384,16
2020-11-10,Butte,007,227075,3542,3327,122,3449,58
2020-11-10,Calaveras,009,45235,374,367,0,367,21
2020-11-10,Colusa,011,21464,606,590,1,591,6
2020-11-10,Contra Costa,013,1133247,21271,20326,109,20435,255
2020-11-10,Del Norte,015,27424,225,196,0,196,2
2020-11-10,El Dorado,017,186661,1758,1551,19,1570,4
2020-11-10,Fresno,019,978130,36766,33024,749,33773,465
2020-11-10,Glenn,021,27897,782,719,12,731,3
2020-11-10,Humboldt,023,135768,680,610,1,611,9
2020-11-10,Imperial,025,180216,14103,13570,26,13596,338
2020-11-10,Inyo,027,18085,267,252,5,257,14
2020-11-10,Kern,029,883053,36416,34858,686,35544,448
2020-11-10,Kings,031,150075,9684,9236,83,9319,85
2020-11-10,Lake,033,64148,809,762,0,762,16
2020-11-10,Lassen,035,31185,1120,830,2,832,0
2020-11-10,Los Angeles,037,10098052,335225,322569,3728,326297,7205
2020-11-10,Madera,039,155013,5553,5229,73,5302,54
2020-11-10,Marin,041,260295,7416,7259,23,7282,133
2020-11-10,Mariposa,043,17540,90,84,0,84,2
2020-11-10,Mendocino,045,87422,1236,1137,5,1142,22
2020-11-10,Merced,047,269075,10400,9992,63,10055,157
2020-11-10,Modoc,049,8938,77,61,13,74,0
2020-11-10,Mono,051,14174,471,443,9,452,2
2020-11-10,Monterey,053,433212,13024,12335,124,12459,100
2020-11-10,Napa,055,140530,2552,2341,11,2352,15
2020-11-10,Nevada,057,99092,884,734,23,757,9
2020-11-10,Orange,059,3164182,66820,62597,2002,64599,1504
2020-11-10,Placer,061,380077,5449,4902,47,4949,60
2020-11-10,Plumas,063,18699,142,108,0,108,0
2020-11-10,Riverside,065,2383286,76077,72316,916,73232,1359
2020-11-10,Sacramento,067,1510023,30568,28677,51,28728,519
2020-11-10,San Benito,069,59416,1593,1508,1,1509,15
2020-11-10,San Bernardino,071,2135413,75115,69666,704,70370,1182
2020-11-10,San Diego,073,3302833,66001,61085,2086,63171,915
2020-11-10,San Francisco,075,870044,13755,13210,70,13280,146
2020-11-10,San Joaquin,077,732212,23848,22865,328,23193,508
2020-11-10,San Luis Obispo,079,281455,5362,4780,65,4845,33
2020-11-10,San Mateo,081,765935,12635,11939,11,11950,169
2020-11-10,Santa Barbara,083,443738,10577,10252,147,10399,134
2020-11-10,Santa Clara,085,1922200,29284,26917,54,26971,409
2020-11-10,Santa Cruz,087,273765,3509,3221,36,3257,25
2020-11-10,Shasta,089,179085,3667,2686,59,2745,36
2020-11-10,Sierra,091,2930,12,10,0,10,0
2020-11-10,Siskiyou,093,43540,327,263,15,278,0
2020-11-10,Solano,095,438530,8784,8299,41,8340,85
2020-11-10,Sonoma,097,501317,10974,10414,35,10449,150
2020-11-10,Stanislaus,099,539301,19297,18592,966,19558,420
2020-11-10,Sutter,101,95872,2285,2035,4,2039,12
2020-11-10,Tehama,103,63373,1245,1099,3,1102,7
2020-11-10,Trinity,105,12862,156,62,16,78,0
2020-11-10,Tulare,107,460477,19354,18430,706,19136,305
2020-11-10,Tuolumne,109,53932,558,353,7,360,7
2020-11-10,Ventura,111,848112,16850,15625,459,16084,158
2020-11-10,Yolo,113,214977,3862,3573,10,3583,63
2020-11-10,Yuba,115,75493,1506,1392,5,1397,10
2020-11-09,Alameda,001,1643700,25990,24899,246,25145,424
2020-11-09,Alpine,002,1148,27,6,0,6,0
2020-11-09,Amador,005,37829,408,380,0,380,16
2020-11-09,Butte,007,227075,3498,3301,113,3414,57
2020-11-09,Calaveras,009,45235,370,360,0,360,21
2020-11-09,Colusa,011,21464,600,583,1,584,6
2020-11-09,Contra Costa,013,1133247,21097,20193,107,20300,255
2020-11-09,Del Norte,015,27424,219,195,0,195,2
2020-11-09,El Dorado,017,186661,1717,1515,19,1534,4
2020-11-09,Fresno,019,978130,36456,32755,709,33464,465
2020-11-09,Glenn,021,27897,776,714,9,723,3
2020-11-09,Humboldt,023,135768,667,607,1,608,9
2020-11-09,Imperial,025,180216,13984,13508,25,13533,338
2020-11-09,Inyo,027,18085,267,252,5,257,14
2020-11-09,Kern,029,883053,36186,34764,650,35414,448
2020-11-09,Kings,031,150075,9614,9141,81,9222,84
2020-11-09,Lake,033,64148,800,755,0,755,16
2020-11-09,Lassen,035,31185,1024,799,2,801,0
2020-11-09,Los Angeles,037,10098052,332128,320370,3653,324023,7180
2020-11-09,Madera,039,155013,5507,5209,70,5279,54
2020-11-09,Marin,041,260295,7390,7237,22,7259,131
2020-11-09,Mariposa,043,17540,90,84,0,84,2
2020-11-09,Mendocino,045,87422,1224,1132,5,1137,22
2020-11-09,Merced,047,269075,10297,9922,60,9982,157
2020-11-09,Modoc,049,8938,73,54,12,66,0
2020-11-09,Mono,051,14174,468,352,9,361,2
2020-11-09,Monterey,053,433212,12877,12148,116,12264,98
2020-11-09,Napa,055,140530,2509,2309,11,2320,15
2020-11-09,Nevada,057,99092,847,729,22,751,9
2020-11-09,Orange,059,3164182,66178,62335,1989,64324,1501
2020-11-09,Placer,061,380077,5364,4843,36,4879,60
2020-11-09,Plumas,063,18699,135,102,0,102,0
2020-11-09,Riverside,065,2383286,75295,72059,882,72941,1346
2020-11-09,Sacramento,067,1510023,30096,28200,50,28250,516
2020-11-09,San Benito,069,59416,1584,1506,1,1507,15
2020-11-09,San Bernardino,071,2135413,74061,69015,661,69676,1182
2020-11-09,San Diego,073,3302833,65146,60572,2046,62618,908
2020-11-09,San Francisco,075,870044,13635,12984,67,13051,146
2020-11-09,San Joaquin,077,732212,23683,22512,323,22835,505
2020-11-09,San Luis Obispo,079,281455,5275,4746,63,4809,32
2020-11-09,San Mateo,081,765935,12528,11857,11,11868,169
2020-11-09,Santa Barbara,083,443738,10520,10214,142,10356,134
2020-11-09,Santa Clara,085,1922200,28888,26693,54,26747,409
2020-11-09,Santa Cruz,087,273765,3451,3194,36,3230,25
2020-11-09,Shasta,089,179085,3513,2581,50,2631,36
2020-11-09,Sierra,091,2930,10,10,0,10,0
2020-11-09,Siskiyou,093,43540,316,257,13,270,0
2020-11-09,Solano,095,438530,8671,8254,40,8294,85
2020-11-09,Sonoma,097,501317,10866,10310,35,10345,150
2020-11-09,Stanislaus,099,539301,19148,18482,951,19433,418
2020-11-09,Sutter,101,95872,2218,2010,3,2013,12
2020-11-09,Tehama,103,63373,1208,1071,2,1073,7
2020-11-09,Trinity,105,12862,149,46,16,62,0
2020-11-09,Tulare,107,460477,19232,18272,675,18947,304
2020-11-09,Tuolumne,109,53932,504,346,6,352,7
2020-11-09,Ventura,111,848112,16648,15568,456,16024,156
2020-11-09,Yolo,113,214977,3801,3522,10,3532,62
2020-11-09,Yuba,115,75493,1473,1380,5,1385,10
2020-11-08,Alameda,001,1643700,25760,24731,246,24977,424
2020-11-08,Alpine,002,1148,24,6,0,6,0
2020-11-08,Amador,005,37829,401,376,0,376,16
2020-11-08,Butte,007,227075,3460,3285,105,3390,57
2020-11-08,Calaveras,009,45235,368,360,0,360,21
2020-11-08,Colusa,011,21464,597,583,1,584,6
2020-11-08,Contra Costa,013,1133247,20926,20031,105,20136,254
2020-11-08,Del Norte,015,27424,212,195,0,195,2
2020-11-08,El Dorado,017,186661,1680,1502,19,1521,4
2020-11-08,Fresno,019,978130,36117,32619,671,33290,465
2020-11-08,Glenn,021,27897,770,707,8,715,3
2020-11-08,Humboldt,023,135768,651,605,1,606,9
2020-11-08,Imperial,025,180216,13868,13428,25,13453,338
2020-11-08,Inyo,027,18085,264,252,5,257,14
2020-11-08,Kern,029,883053,35967,34644,632,35276,448
2020-11-08,Kings,031,150075,9481,9026,78,9104,84
2020-11-08,Lake,033,64148,792,754,0,754,16
2020-11-08,Lassen,035,31185,876,799,2,801,0
2020-11-08,Los Angeles,037,10098052,329000,318960,3588,322548,7176
2020-11-08,Madera,039,155013,5437,5196,67,5263,54
2020-11-08,Marin,041,260295,7370,7227,22,7249,131
2020-11-08,Mariposa,043,17540,90,83,0,83,2
2020-11-08,Mendocino,045,87422,1215,1129,5,1134,22
2020-11-08,Merced,047,269075,10222,9885,58,9943,157
2020-11-08,Modoc,049,8938,69,54,12,66,0
2020-11-08,Mono,051,14174,462,352,9,361,2
2020-11-08,Monterey,053,433212,12732,12122,106,12228,98
2020-11-08,Napa,055,140530,2470,2274,11,2285,15
2020-11-08,Nevada,057,99092,831,715,22,737,9
2020-11-08,Orange,059,3164182,65590,62034,1975,64009,1501
2020-11-08,Placer,061,380077,5261,4800,31,4831,60
2020-11-08,Plumas,063,18699,130,102,0,102,0
2020-11-08,Riverside,065,2383286,74640,71442,841,72283,1345
2020-11-08,Sacramento,067,1510023,29537,28059,47,28106,515
2020-11-08,San Benito,069,59416,1569,1496,1,1497,15
2020-11-08,San Bernardino,071,2135413,72809,68412,622,69034,1182
2020-11-08,San Diego,073,3302833,64301,60199,2002,62201,908
2020-11-08,San Francisco,075,870044,13505,12985,63,13048,146
2020-11-08,San Joaquin,077,732212,23489,22514,319,22833,505
2020-11-08,San Luis Obispo,079,281455,5209,4698,58,4756,32
2020-11-08,San Mateo,081,765935,12410,11783,11,11794,169
2020-11-08,Santa Barbara,083,443738,10450,10180,140,10320,134
2020-11-08,Santa Clara,085,1922200,28514,26442,53,26495,410
2020-11-08,Santa Cruz,087,273765,3394,3134,36,3170,25
2020-11-08,Shasta,089,179085,3377,2582,44,2626,36
2020-11-08,Sierra,091,2930,10,7,0,7,0
2020-11-08,Siskiyou,093,43540,304,246,12,258,0
2020-11-08,Solano,095,438530,8550,8132,39,8171,85
2020-11-08,Sonoma,097,501317,10759,10229,35,10264,149
2020-11-08,Stanislaus,099,539301,18974,18413,930,19343,418
2020-11-08,Sutter,101,95872,2160,1980,3,1983,12
2020-11-08,Tehama,103,63373,1182,1054,2,1056,7
2020-11-08,Trinity,105,12862,146,46,15,61,0
2020-11-08,Tulare,107,460477,19090,18272,646,18918,304
2020-11-08,Tuolumne,109,53932,478,341,6,347,7
2020-11-08,Ventura,111,848112,16453,15504,448,15952,156
2020-11-08,Yolo,113,214977,3739,3492,10,3502,61
2020-11-08,Yuba,115,75493,1452,1369,5,1374,10
2020-11-07,Alameda,001,1643700,25650,24578,244,24822,424
2020-11-07,Alpine,002,1148,24,6,0,6,0
2020-11-07,Amador,005,37829,398,375,0,375,16
2020-11-07,Butte,007,227075,3448,3277,100,3377,57
2020-11-07,Calaveras,009,45235,366,360,0,360,21
2020-11-07,Colusa,011,21464,597,583,1,584,6
2020-11-07,Contra Costa,013,1133247,20825,19943,104,20047,254
2020-11-07,Del Norte,015,27424,207,194,0,194,2
2020-11-07,El Dorado,017,186661,1655,1495,18,1513,4
2020-11-07,Fresno,019,978130,35962,32497,649,33146,465
2020-11-07,Glenn,021,27897,762,707,8,715,3
2020-11-07,Humboldt,023,135768,640,590,1,591,9
2020-11-07,Imperial,025,180216,13810,13388,24,13412,338
2020-11-07,Inyo,027,18085,262,252,5,257,14
2020-11-07,Kern,029,883053,35811,34513,622,35135,448
2020-11-07,Kings,031,150075,9448,9005,72,9077,84
2020-11-07,Lake,033,64148,788,751,0,751,16
2020-11-07,Lassen,035,31185,860,799,2,801,0
2020-11-07,Los Angeles,037,10098052,327487,316756,3521,320277,7174
2020-11-07,Madera,039,155013,5414,5177,65,5242,54
2020-11-07,Marin,041,260295,7359,7215,22,7237,131
2020-11-07,Mariposa,043,17540,90,81,0,81,2
2020-11-07,Mendocino,045,87422,1204,1118,5,1123,22
2020-11-07,Merced,047,269075,10190,9855,54,9909,157
2020-11-07,Modoc,049,8938,69,51,12,63,0
2020-11-07,Mono,051,14174,459,352,9,361,2
2020-11-07,Monterey,053,433212,12662,12030,102,12132,98
2020-11-07,Napa,055,140530,2440,2260,10,2270,15
2020-11-07,Nevada,057,99092,814,710,22,732,9
2020-11-07,Orange,059,3164182,65302,62038,1969,64007,1505
2020-11-07,Placer,061,380077,5198,4745,31,4776,60
2020-11-07,Plumas,063,18699,127,94,0,94,0
2020-11-07,Riverside,065,2383286,74245,71153,814,71967,1345
2020-11-07,Sacramento,067,1510023,29287,27773,47,27820,515
2020-11-07,San Benito,069,59416,1557,1489,1,1490,15
2020-11-07,San Bernardino,071,2135413,72293,67935,611,68546,1182
2020-11-07,San Diego,073,3302833,63789,59682,1970,61652,909
2020-11-07,San Francisco,075,870044,13444,12980,62,13042,146
2020-11-07,San Joaquin,077,732212,23381,22517,313,22830,505
2020-11-07,San Luis Obispo,079,281455,5160,4668,55,4723,32
2020-11-07,San Mateo,081,765935,12347,11711,11,11722,169
2020-11-07,Santa Barbara,083,443738,10408,10157,138,10295,134
2020-11-07,Santa Clara,085,1922200,28310,26244,52,26296,410
2020-11-07,Santa Cruz,087,273765,3356,3130,36,3166,25
2020-11-07,Shasta,089,179085,3310,2547,42,2589,36
2020-11-07,Sierra,091,2930,10,7,0,7,0
2020-11-07,Siskiyou,093,43540,300,241,12,253,0
2020-11-07,Solano,095,438530,8498,8066,39,8105,85
2020-11-07,Sonoma,097,501317,10713,10200,35,10235,149
2020-11-07,Stanislaus,099,539301,18863,18386,914,19300,418
2020-11-07,Sutter,101,95872,2120,1973,3,1976,12
2020-11-07,Tehama,103,63373,1157,1043,2,1045,7
2020-11-07,Trinity,105,12862,146,42,14,56,0
2020-11-07,Tulare,107,460477,19034,18229,628,18857,304
2020-11-07,Tuolumne,109,53932,466,327,6,333,7
2020-11-07,Ventura,111,848112,16393,15364,443,15807,156
2020-11-07,Yolo,113,214977,3708,3486,10,3496,61
2020-11-07,Yuba,115,75493,1437,1349,5,1354,10
2020-11-06,Alameda,001,1643700,25518,24389,242,24631,420
2020-11-06,Alpine,002,1148,24,6,0,6,0
2020-11-06,Amador,005,37829,396,369,0,369,16
2020-11-06,Butte,007,227075,3423,3254,92,3346,57
2020-11-06,Calaveras,009,45235,365,359,0,359,21
2020-11-06,Colusa,011,21464,595,580,1,581,6
2020-11-06,Contra Costa,013,1133247,20678,19744,104,19848,252
2020-11-06,Del Norte,015,27424,204,194,0,194,2
2020-11-06,El Dorado,017,186661,1629,1475,18,1493,4
2020-11-06,Fresno,019,978130,35774,32278,633,32911,460
2020-11-06,Glenn,021,27897,756,707,7,714,3
2020-11-06,Humboldt,023,135768,637,587,1,588,9
2020-11-06,Imperial,025,180216,13756,13230,24,13254,338
2020-11-06,Inyo,027,18085,260,246,5,251,14
2020-11-06,Kern,029,883053,35647,34360,605,34965,443
2020-11-06,Kings,031,150075,9424,8883,70,8953,83
2020-11-06,Lake,033,64148,787,741,0,741,16
2020-11-06,Lassen,035,31185,852,794,2,796,0
2020-11-06,Los Angeles,037,10098052,325517,314356,3469,317825,7160
2020-11-06,Madera,039,155013,5398,5136,64,5200,54
2020-11-06,Marin,041,260295,7338,7184,22,7206,131
2020-11-06,Mariposa,043,17540,89,79,0,79,2
2020-11-06,Mendocino,045,87422,1199,1113,5,1118,22
2020-11-06,Merced,047,269075,10150,9778,51,9829,157
2020-11-06,Modoc,049,8938,69,48,12,60,0
2020-11-06,Mono,051,14174,453,308,9,317,1
2020-11-06,Monterey,053,433212,12545,11914,101,12015,96
2020-11-06,Napa,055,140530,2415,2189,10,2199,15
2020-11-06,Nevada,057,99092,801,692,21,713,9
2020-11-06,Orange,059,3164182,64999,61049,1959,63008,1494
2020-11-06,Placer,061,380077,5125,4680,31,4711,60
2020-11-06,Plumas,063,18699,122,90,0,90,0
2020-11-06,Riverside,065,2383286,73795,70409,773,71182,1341
2020-11-06,Sacramento,067,1510023,28996,27489,45,27534,514
2020-11-06,San Benito,069,59416,1548,1479,1,1480,15
2020-11-06,San Bernardino,071,2135413,71696,66740,591,67331,1179
2020-11-06,San Diego,073,3302833,63265,59143,1938,61081,907
2020-11-06,San Francisco,075,870044,13374,12825,61,12886,146
2020-11-06,San Joaquin,077,732212,23296,22424,303,22727,502
2020-11-06,San Luis Obispo,079,281455,5095,4531,49,4580,32
2020-11-06,San Mateo,081,765935,12272,11587,11,11598,168
2020-11-06,Santa Barbara,083,443738,10372,10118,134,10252,133
2020-11-06,Santa Clara,085,1922200,28068,25831,52,25883,402
2020-11-06,Santa Cruz,087,273765,3318,3063,36,3099,25
2020-11-06,Shasta,089,179085,3237,2475,41,2516,35
2020-11-06,Sierra,091,2930,9,7,0,7,0
2020-11-06,Siskiyou,093,43540,287,237,11,248,0
2020-11-06,Solano,095,438530,8432,7959,39,7998,85
2020-11-06,Sonoma,097,501317,10663,10142,35,10177,149
2020-11-06,Stanislaus,099,539301,18776,18250,906,19156,417
2020-11-06,Sutter,101,95872,2093,1937,2,1939,12
2020-11-06,Tehama,103,63373,1136,1024,2,1026,6
2020-11-06,Trinity,105,12862,143,41,14,55,0
2020-11-06,Tulare,107,460477,18970,18136,603,18739,300
2020-11-06,Tuolumne,109,53932,442,316,6,322,5
2020-11-06,Ventura,111,848112,16307,15222,440,15662,154
2020-11-06,Yolo,113,214977,3679,3420,10,3430,62
2020-11-06,Yuba,115,75493,1424,1335,5,1340,10
2020-11-05,Alameda,001,1643700,25342,24270,242,24512,420
2020-11-05,Alpine,002,1148,24,6,0,6,0
2020-11-05,Amador,005,37829,393,363,0,363,16
2020-11-05,Butte,007,227075,3400,3239,86,3325,57
2020-11-05,Calaveras,009,45235,357,333,0,333,19
2020-11-05,Colusa,011,21464,591,574,1,575,6
2020-11-05,Contra Costa,013,1133247,20496,19656,101,19757,252
2020-11-05,Del Norte,015,27424,202,192,0,192,2
2020-11-05,El Dorado,017,186661,1605,1466,18,1484,4
2020-11-05,Fresno,019,978130,35533,32056,609,32665,460
2020-11-05,Glenn,021,27897,736,702,7,709,3
2020-11-05,Humboldt,023,135768,627,581,1,582,9
2020-11-05,Imperial,025,180216,13664,13178,23,13201,337
2020-11-05,Inyo,027,18085,259,247,5,252,14
2020-11-05,Kern,029,883053,35446,34232,592,34824,443
2020-11-05,Kings,031,150075,9269,8846,67,8913,83
2020-11-05,Lake,033,64148,783,739,0,739,16
2020-11-05,Lassen,035,31185,821,782,2,784,0
2020-11-05,Los Angeles,037,10098052,323162,312381,3416,315797,7146
2020-11-05,Madera,039,155013,5360,5129,61,5190,54
2020-11-05,Marin,041,260295,7315,7171,22,7193,131
2020-11-05,Mariposa,043,17540,88,79,0,79,2
2020-11-05,Mendocino,045,87422,1187,1112,5,1117,22
2020-11-05,Merced,047,269075,10091,9753,46,9799,155
2020-11-05,Modoc,049,8938,68,47,11,58,0
2020-11-05,Mono,051,14174,451,307,9,316,1
2020-11-05,Monterey,053,433212,12435,11784,97,11881,96
2020-11-05,Napa,055,140530,2388,2158,10,2168,15
2020-11-05,Nevada,057,99092,779,687,20,707,9
2020-11-05,Orange,059,3164182,64552,60740,1948,62688,1484
2020-11-05,Placer,061,380077,5056,4627,26,4653,60
2020-11-05,Plumas,063,18699,114,90,0,90,0
2020-11-05,Riverside,065,2383286,73084,70094,717,70811,1338
2020-11-05,Sacramento,067,1510023,28616,27232,44,27276,512
2020-11-05,San Benito,069,59416,1533,1477,1,1478,15
2020-11-05,San Bernardino,071,2135413,70868,66407,579,66986,1174
2020-11-05,San Diego,073,3302833,62639,58659,1912,60571,904
2020-11-05,San Francisco,075,870044,13262,12726,60,12786,146
2020-11-05,San Joaquin,077,732212,23132,22318,299,22617,502
2020-11-05,San Luis Obispo,079,281455,5028,4459,47,4506,32
2020-11-05,San Mateo,081,765935,12178,11535,11,11546,168
2020-11-05,Santa Barbara,083,443738,10328,10080,131,10211,133
2020-11-05,Santa Clara,085,1922200,27803,25651,52,25703,402
2020-11-05,Santa Cruz,087,273765,3280,3023,36,3059,25
2020-11-05,Shasta,089,179085,3147,2401,40,2441,34
2020-11-05,Sierra,091,2930,9,6,0,6,0
2020-11-05,Siskiyou,093,43540,276,228,11,239,0
2020-11-05,Solano,095,438530,8349,7842,39,7881,85
2020-11-05,Sonoma,097,501317,10551,10064,34,10098,145
2020-11-05,Stanislaus,099,539301,18662,18194,893,19087,417
2020-11-05,Sutter,101,95872,2061,1925,2,1927,12
2020-11-05,Tehama,103,63373,1115,1015,2,1017,6
2020-11-05,Trinity,105,12862,127,41,14,55,0
2020-11-05,Tulare,107,460477,18881,18049,577,18626,301
2020-11-05,Tuolumne,109,53932,412,312,6,318,5
2020-11-05,Ventura,111,848112,16141,15113,429,15542,155
2020-11-05,Yolo,113,214977,3629,3391,10,3401,61
2020-11-05,Yuba,115,75493,1406,1322,5,1327,10
2020-11-04,Alameda,001,1643700,25166,24172,240,24412,418
2020-11-04,Alpine,002,1148,20,5,0,5,0
2020-11-04,Amador,005,37829,390,362,0,362,16
2020-11-04,Butte,007,227075,3375,3218,83,3301,57
2020-11-04,Calaveras,009,45235,354,290,0,290,19
2020-11-04,Colusa,011,21464,589,571,1,572,6
2020-11-04,Contra Costa,013,1133247,20331,19472,98,19570,251
2020-11-04,Del Norte,015,27424,198,188,0,188,2
2020-11-04,El Dorado,017,186661,1590,1448,15,1463,4
2020-11-04,Fresno,019,978130,35301,31952,581,32533,457
2020-11-04,Glenn,021,27897,732,701,6,707,3
2020-11-04,Humboldt,023,135768,618,571,1,572,9
2020-11-04,Imperial,025,180216,13566,13087,23,13110,335
2020-11-04,Inyo,027,18085,258,247,5,252,14
2020-11-04,Kern,029,883053,35291,34027,581,34608,439
2020-11-04,Kings,031,150075,9235,8817,65,8882,83
2020-11-04,Lake,033,64148,776,735,0,735,16
2020-11-04,Lassen,035,31185,816,781,2,783,0
2020-11-04,Los Angeles,037,10098052,320850,310456,3338,313794,7124
2020-11-04,Madera,039,155013,5340,5083,57,5140,54
2020-11-04,Marin,041,260295,7303,7157,22,7179,131
2020-11-04,Mariposa,043,17540,88,79,0,79,2
2020-11-04,Mendocino,045,87422,1169,1089,5,1094,22
2020-11-04,Merced,047,269075,10042,9717,44,9761,153
2020-11-04,Modoc,049,8938,59,47,11,58,0
2020-11-04,Mono,051,14174,448,237,8,245,1
2020-11-04,Monterey,053,433212,12231,11743,91,11834,96
2020-11-04,Napa,055,140530,2334,2133,10,2143,15
2020-11-04,Nevada,057,99092,760,675,20,695,9
2020-11-04,Orange,059,3164182,64117,60463,1927,62390,1483
2020-11-04,Placer,061,380077,4980,4526,23,4549,60
2020-11-04,Plumas,063,18699,112,88,0,88,0
2020-11-04,Riverside,065,2383286,72467,69562,658,70220,1335
2020-11-04,Sacramento,067,1510023,28266,27005,43,27048,510
2020-11-04,San Benito,069,59416,1518,1464,1,1465,15
2020-11-04,San Bernardino,071,2135413,70072,65891,556,66447,1169
2020-11-04,San Diego,073,3302833,61993,58126,1886,60012,904
2020-11-04,San Francisco,075,870044,13179,12649,57,12706,146
2020-11-04,San Joaquin,077,732212,22995,22197,286,22483,500
2020-11-04,San Luis Obispo,079,281455,4961,4389,45,4434,32
2020-11-04,San Mateo,081,765935,12084,11456,11,11467,168
2020-11-04,Santa Barbara,083,443738,10290,10026,130,10156,132
2020-11-04,Santa Clara,085,1922200,27542,25487,52,25539,393
2020-11-04,Santa Cruz,087,273765,3243,2997,36,3033,25
2020-11-04,Shasta,089,179085,3016,2321,35,2356,34
2020-11-04,Sierra,091,2930,9,6,0,6,0
2020-11-04,Siskiyou,093,43540,267,222,11,233,0
2020-11-04,Solano,095,438530,8250,7733,39,7772,85
2020-11-04,Sonoma,097,501317,10457,9965,34,9999,142
2020-11-04,Stanislaus,099,539301,18544,18114,878,18992,416
2020-11-04,Sutter,101,95872,2027,1916,2,1918,12
2020-11-04,Tehama,103,63373,1088,997,2,999,6
2020-11-04,Trinity,105,12862,123,37,14,51,0
2020-11-04,Tulare,107,460477,18771,17952,549,18501,298
2020-11-04,Tuolumne,109,53932,388,310,6,316,5
2020-11-04,Ventura,111,848112,16001,14936,426,15362,155
2020-11-04,Yolo,113,214977,3589,3361,10,3371,62
2020-11-04,Yuba,115,75493,1385,1312,5,1317,10
2020-11-03,Alameda,001,1643700,24982,24055,238,24293,418
2020-11-03,Alpine,002,1148,19,4,0,4,0
2020-11-03,Amador,005,37829,385,361,0,361,16
2020-11-03,Butte,007,227075,3352,3211,77,3288,57
2020-11-03,Calaveras,009,45235,350,287,0,287,19
2020-11-03,Colusa,011,21464,584,572,1,573,6
2020-11-03,Contra Costa,013,1133247,20176,19416,98,19514,250
2020-11-03,Del Norte,015,27424,197,187,0,187,2
2020-11-03,El Dorado,017,186661,1568,1445,14,1459,4
2020-11-03,Fresno,019,978130,35038,31856,559,32415,457
2020-11-03,Glenn,021,27897,726,698,6,704,3
2020-11-03,Humboldt,023,135768,612,570,1,571,8
2020-11-03,Imperial,025,180216,13476,13044,22,13066,335
2020-11-03,Inyo,027,18085,257,244,5,249,14
2020-11-03,Kern,029,883053,35100,33957,570,34527,439
2020-11-03,Kings,031,150075,9072,8783,60,8843,83
2020-11-03,Lake,033,64148,766,732,0,732,16
2020-11-03,Lassen,035,31185,807,782,2,784,0
2020-11-03,Los Angeles,037,10098052,318393,308812,3271,312083,7104
2020-11-03,Madera,039,155013,5304,5058,56,5114,54
2020-11-03,Marin,041,260295,7283,7147,21,7168,131
2020-11-03,Mariposa,043,17540,87,79,0,79,2
2020-11-03,Mendocino,045,87422,1154,1084,5,1089,22
2020-11-03,Merced,047,269075,9989,9713,43,9756,153
2020-11-03,Modoc,049,8938,57,47,9,56,0
2020-11-03,Mono,051,14174,444,210,8,218,1
2020-11-03,Monterey,053,433212,12162,11703,86,11789,94
2020-11-03,Napa,055,140530,2298,2130,10,2140,15
2020-11-03,Nevada,057,99092,740,670,19,689,9
2020-11-03,Orange,059,3164182,63687,60283,1915,62198,1477
2020-11-03,Placer,061,380077,4907,4514,23,4537,60
2020-11-03,Plumas,063,18699,109,86,0,86,0
2020-11-03,Riverside,065,2383286,71848,69300,633,69933,1325
2020-11-03,Sacramento,067,1510023,27885,26841,41,26882,510
2020-11-03,San Benito,069,59416,1508,1463,1,1464,15
2020-11-03,San Bernardino,071,2135413,69261,65320,549,65869,1159
2020-11-03,San Diego,073,3302833,61317,57722,1842,59564,901
2020-11-03,San Francisco,075,870044,13057,12585,57,12642,146
2020-11-03,San Joaquin,077,732212,22860,22109,280,22389,500
2020-11-03,San Luis Obispo,079,281455,4877,4371,43,4414,32
2020-11-03,San Mateo,081,765935,11989,11406,11,11417,162
2020-11-03,Santa Barbara,083,443738,10236,10008,126,10134,132
2020-11-03,Santa Clara,085,1922200,27268,25386,51,25437,393
2020-11-03,Santa Cruz,087,273765,3193,2980,35,3015,25
2020-11-03,Shasta,089,179085,2922,2288,28,2316,33
2020-11-03,Sierra,091,2930,7,6,0,6,0
2020-11-03,Siskiyou,093,43540,263,219,11,230,0
2020-11-03,Solano,095,438530,8166,7691,39,7730,85
2020-11-03,Sonoma,097,501317,10355,9906,34,9940,142
2020-11-03,Stanislaus,099,539301,18423,18080,867,18947,416
2020-11-03,Sutter,101,95872,1994,1914,2,1916,12
2020-11-03,Tehama,103,63373,1067,988,2,990,6
2020-11-03,Trinity,105,12862,116,36,13,49,0
2020-11-03,Tulare,107,460477,18665,17890,524,18414,297
2020-11-03,Tuolumne,109,53932,365,302,6,308,5
2020-11-03,Ventura,111,848112,15874,14816,419,15235,155
2020-11-03,Yolo,113,214977,3537,3343,10,3353,61
2020-11-03,Yuba,115,75493,1372,1295,5,1300,10
2020-11-02,Alameda,001,1643700,24786,23991,236,24227,419
2020-11-02,Alpine,002,1148,16,4,0,4,0
2020-11-02,Amador,005,37829,377,357,0,357,16
2020-11-02,Butte,007,227075,3332,3198,74,3272,57
2020-11-02,Calaveras,009,45235,350,282,0,282,18
2020-11-02,Colusa,011,21464,579,571,1,572,6
2020-11-02,Contra Costa,013,1133247,20018,19339,97,19436,250
2020-11-02,Del Norte,015,27424,194,175,0,175,2
2020-11-02,El Dorado,017,186661,1544,1405,14,1419,4
2020-11-02,Fresno,019,978130,34769,31738,542,32280,451
2020-11-02,Glenn,021,27897,720,692,5,697,3
2020-11-02,Humboldt,023,135768,603,569,1,570,8
2020-11-02,Imperial,025,180216,13396,13004,21,13025,334
2020-11-02,Inyo,027,18085,254,243,5,248,14
2020-11-02,Kern,029,883053,34942,33834,560,34394,437
2020-11-02,Kings,031,150075,9042,8654,57,8711,82
2020-11-02,Lake,033,64148,760,728,0,728,17
2020-11-02,Lassen,035,31185,799,782,2,784,0
2020-11-02,Los Angeles,037,10098052,316045,307620,3197,310817,7079
2020-11-02,Madera,039,155013,5273,5033,55,5088,54
2020-11-02,Marin,041,260295,7265,7132,20,7152,125
2020-11-02,Mariposa,043,17540,87,79,0,79,2
2020-11-02,Mendocino,045,87422,1140,1076,5,1081,21
2020-11-02,Merced,047,269075,9927,9664,37,9701,152
2020-11-02,Modoc,049,8938,54,45,5,50,0
2020-11-02,Mono,051,14174,442,211,8,219,1
2020-11-02,Monterey,053,433212,12055,11602,83,11685,93
2020-11-02,Napa,055,140530,2256,2081,10,2091,15
2020-11-02,Nevada,057,99092,724,656,19,675,9
2020-11-02,Orange,059,3164182,63281,59996,1900,61896,1474
2020-11-02,Placer,061,380077,4837,4461,21,4482,60
2020-11-02,Plumas,063,18699,101,86,0,86,0
2020-11-02,Riverside,065,2383286,71217,68833,592,69425,1321
2020-11-02,Sacramento,067,1510023,27543,26676,39,26715,508
2020-11-02,San Benito,069,59416,1496,1459,1,1460,15
2020-11-02,San Bernardino,071,2135413,68405,64629,538,65167,1157
2020-11-02,San Diego,073,3302833,60594,57429,1797,59226,891
2020-11-02,San Francisco,075,870044,12960,12436,56,12492,145
2020-11-02,San Joaquin,077,732212,22720,21919,272,22191,500
2020-11-02,San Luis Obispo,079,281455,4777,4303,40,4343,31
2020-11-02,San Mateo,081,765935,11880,11328,11,11339,161
2020-11-02,Santa Barbara,083,443738,10195,9985,121,10106,130
2020-11-02,Santa Clara,085,1922200,26981,25222,51,25273,387
2020-11-02,Santa Cruz,087,273765,3151,2943,35,2978,25
2020-11-02,Shasta,089,179085,2819,2174,24,2198,33
2020-11-02,Sierra,091,2930,7,6,0,6,0
2020-11-02,Siskiyou,093,43540,253,216,11,227,0
2020-11-02,Solano,095,438530,8048,7665,39,7704,84
2020-11-02,Sonoma,097,501317,10273,9796,33,9829,140
2020-11-02,Stanislaus,099,539301,18327,18005,858,18863,412
2020-11-02,Sutter,101,95872,1970,1895,2,1897,12
2020-11-02,Tehama,103,63373,1044,971,2,973,6
2020-11-02,Trinity,105,12862,110,30,13,43,0
2020-11-02,Tulare,107,460477,18571,17774,504,18278,299
2020-11-02,Tuolumne,109,53932,349,302,6,308,5
2020-11-02,Ventura,111,848112,15733,14767,405,15172,156
2020-11-02,Yolo,113,214977,3489,3318,10,3328,61
2020-11-02,Yuba,115,75493,1359,1280,5,1285,10
2020-11-01,Alameda,001,1643700,24623,23892,234,24126,419
2020-11-01,Alpine,002,1148,10,4,0,4,0
2020-11-01,Amador,005,37829,374,352,0,352,16
2020-11-01,Butte,007,227075,3309,3185,73,3258,57
2020-11-01,Calaveras,009,45235,349,282,0,282,18
2020-11-01,Colusa,011,21464,577,567,1,568,6
2020-11-01,Contra Costa,013,1133247,19845,19246,96,19342,250
2020-11-01,Del Norte,015,27424,190,175,0,175,2
2020-11-01,El Dorado,017,186661,1528,1394,14,1408,4
2020-11-01,Fresno,019,978130,34513,31613,522,32135,451
2020-11-01,Glenn,021,27897,711,688,3,691,3
2020-11-01,Humboldt,023,135768,595,568,1,569,8
2020-11-01,Imperial,025,180216,13305,12969,19,12988,334
2020-11-01,Inyo,027,18085,252,241,5,246,14
2020-11-01,Kern,029,883053,34761,33760,480,34240,437
2020-11-01,Kings,031,150075,9004,8641,56,8697,82
2020-11-01,Lake,033,64148,754,727,0,727,17
2020-11-01,Lassen,035,31185,799,782,2,784,0
2020-11-01,Los Angeles,037,10098052,313474,306217,3106,309323,7077
2020-11-01,Madera,039,155013,5226,5019,53,5072,54
2020-11-01,Marin,041,260295,7248,7124,20,7144,125
2020-11-01,Mariposa,043,17540,83,79,0,79,2
2020-11-01,Mendocino,045,87422,1126,1074,5,1079,21
2020-11-01,Merced,047,269075,9866,9626,37,9663,152
2020-11-01,Modoc,049,8938,53,45,5,50,0
2020-11-01,Mono,051,14174,413,211,7,218,1
2020-11-01,Monterey,053,433212,11948,11587,80,11667,93
2020-11-01,Napa,055,140530,2222,2067,10,2077,15
2020-11-01,Nevada,057,99092,708,646,18,664,9
2020-11-01,Orange,059,3164182,62879,59733,1874,61607,1475
2020-11-01,Placer,061,380077,4769,4422,20,4442,58
2020-11-01,Plumas,063,18699,96,86,0,86,0
2020-11-01,Riverside,065,2383286,70587,68493,557,69050,1319
2020-11-01,Sacramento,067,1510023,27221,26442,39,26481,508
2020-11-01,San Benito,069,59416,1481,1451,1,1452,15
2020-11-01,San Bernardino,071,2135413,67564,64339,517,64856,1157
2020-11-01,San Diego,073,3302833,59906,57122,1757,58879,891
2020-11-01,San Francisco,075,870044,12837,12436,51,12487,145
2020-11-01,San Joaquin,077,732212,22592,21919,266,22185,500
2020-11-01,San Luis Obispo,079,281455,4697,4303,39,4342,31
2020-11-01,San Mateo,081,765935,11799,11280,11,11291,160
2020-11-01,Santa Barbara,083,443738,10144,9969,105,10074,130
2020-11-01,Santa Clara,085,1922200,26698,25090,51,25141,386
2020-11-01,Santa Cruz,087,273765,3098,2921,35,2956,25
2020-11-01,Shasta,089,179085,2684,2172,23,2195,33
2020-11-01,Sierra,091,2930,7,6,0,6,0
2020-11-01,Siskiyou,093,43540,248,205,11,216,0
2020-11-01,Solano,095,438530,7958,7591,39,7630,84
2020-11-01,Sonoma,097,501317,10181,9688,33,9721,140
2020-11-01,Stanislaus,099,539301,18226,17961,839,18800,412
2020-11-01,Sutter,101,95872,1944,1888,1,1889,12
2020-11-01,Tehama,103,63373,1027,965,2,967,5
2020-11-01,Trinity,105,12862,108,30,12,42,0
2020-11-01,Tulare,107,460477,18459,17774,473,18247,299
2020-11-01,Tuolumne,109,53932,328,295,6,301,5
2020-11-01,Ventura,111,848112,15585,14686,377,15063,156
2020-11-01,Yolo,113,214977,3441,3303,10,3313,60
2020-11-01,Yuba,115,75493,1342,1273,5,1278,10
2020-10-31,Alameda,001,1643700,24507,23780,230,24010,416
2020-10-31,Alpine,002,1148,10,4,0,4,0
2020-10-31,Amador,005,37829,370,347,0,347,16
2020-10-31,Butte,007,227075,3296,3172,71,3243,57
2020-10-31,Calaveras,009,45235,349,280,0,280,18
2020-10-31,Colusa,011,21464,575,555,1,556,6
2020-10-31,Contra Costa,013,1133247,19740,19161,96,19257,249
2020-10-31,Del Norte,015,27424,189,175,0,175,2
2020-10-31,El Dorado,017,186661,1519,1390,14,1404,4
2020-10-31,Fresno,019,978130,34376,31558,519,32077,451
2020-10-31,Glenn,021,27897,709,678,3,681,3
2020-10-31,Humboldt,023,135768,592,561,1,562,8
2020-10-31,Imperial,025,180216,13263,12912,19,12931,334
2020-10-31,Inyo,027,18085,251,241,5,246,14
2020-10-31,Kern,029,883053,34658,33666,471,34137,437
2020-10-31,Kings,031,150075,8983,8612,55,8667,82
2020-10-31,Lake,033,64148,750,724,0,724,16
2020-10-31,Lassen,035,31185,794,782,2,784,0
2020-10-31,Los Angeles,037,10098052,312096,304704,3067,307771,7073
2020-10-31,Madera,039,155013,5207,5013,50,5063,54
2020-10-31,Marin,041,260295,7232,7112,20,7132,125
2020-10-31,Mariposa,043,17540,83,79,0,79,2
2020-10-31,Mendocino,045,87422,1118,1066,5,1071,21
2020-10-31,Merced,047,269075,9833,9597,36,9633,151
2020-10-31,Modoc,049,8938,52,34,4,38,0
2020-10-31,Mono,051,14174,264,194,6,200,1
2020-10-31,Monterey,053,433212,11880,11539,76,11615,93
2020-10-31,Napa,055,140530,2203,2040,10,2050,15
2020-10-31,Nevada,057,99092,690,644,18,662,9
2020-10-31,Orange,059,3164182,62620,59488,1856,61344,1473
2020-10-31,Placer,061,380077,4719,4374,19,4393,58
2020-10-31,Plumas,063,18699,95,85,0,85,0
2020-10-31,Riverside,065,2383286,70230,68178,534,68712,1319
2020-10-31,Sacramento,067,1510023,27022,26316,37,26353,507
2020-10-31,San Benito,069,59416,1474,1448,1,1449,15
2020-10-31,San Bernardino,071,2135413,67138,64016,507,64523,1157
2020-10-31,San Diego,073,3302833,59453,56769,1729,58498,891
2020-10-31,San Francisco,075,870044,12763,12438,50,12488,145
2020-10-31,San Joaquin,077,732212,22517,21918,257,22175,500
2020-10-31,San Luis Obispo,079,281455,4628,4285,36,4321,31
2020-10-31,San Mateo,081,765935,11748,11253,11,11264,160
2020-10-31,Santa Barbara,083,443738,10115,9957,97,10054,130
2020-10-31,Santa Clara,085,1922200,26530,24957,51,25008,379
2020-10-31,Santa Cruz,087,273765,3063,2895,34,2929,25
2020-10-31,Shasta,089,179085,2630,2122,22,2144,33
2020-10-31,Sierra,091,2930,7,6,0,6,0
2020-10-31,Siskiyou,093,43540,246,200,11,211,0
2020-10-31,Solano,095,438530,7893,7545,39,7584,84
2020-10-31,Sonoma,097,501317,10128,9648,33,9681,140
2020-10-31,Stanislaus,099,539301,18163,17920,823,18743,412
2020-10-31,Sutter,101,95872,1935,1876,1,1877,12
2020-10-31,Tehama,103,63373,1017,953,2,955,5
2020-10-31,Trinity,105,12862,105,30,12,42,0
2020-10-31,Tulare,107,460477,18410,17758,466,18224,299
2020-10-31,Tuolumne,109,53932,321,290,6,296,5
2020-10-31,Ventura,111,848112,15501,14635,359,14994,155
2020-10-31,Yolo,113,214977,3406,3290,10,3300,60
2020-10-31,Yuba,115,75493,1326,1260,4,1264,10
2020-10-30,Alameda,001,1643700,24428,23676,228,23904,401
2020-10-30,Alpine,002,1148,10,4,0,4,0
2020-10-30,Amador,005,37829,370,344,0,344,16
2020-10-30,Butte,007,227075,3291,3160,71,3231,57
2020-10-30,Calaveras,009,45235,348,279,0,279,18
2020-10-30,Colusa,011,21464,573,554,1,555,6
2020-10-30,Contra Costa,013,1133247,19667,19074,96,19170,249
2020-10-30,Del Norte,015,27424,188,175,0,175,2
2020-10-30,El Dorado,017,186661,1506,1386,14,1400,4
2020-10-30,Fresno,019,978130,34254,31409,511,31920,446
2020-10-30,Glenn,021,27897,703,674,2,676,3
2020-10-30,Humboldt,023,135768,591,561,1,562,7
2020-10-30,Imperial,025,180216,13222,12853,19,12872,334
2020-10-30,Inyo,027,18085,250,241,5,246,14
2020-10-30,Kern,029,883053,34565,33583,470,34053,437
2020-10-30,Kings,031,150075,8973,8564,53,8617,82
2020-10-30,Lake,033,64148,750,720,0,720,16
2020-10-30,Lassen,035,31185,788,777,2,779,0
2020-10-30,Los Angeles,037,10098052,310660,303425,3032,306457,7060
2020-10-30,Madera,039,155013,5194,4991,48,5039,54
2020-10-30,Marin,041,260295,7212,7097,20,7117,125
2020-10-30,Mariposa,043,17540,83,78,0,78,2
2020-10-30,Mendocino,045,87422,1116,1062,5,1067,21
2020-10-30,Merced,047,269075,9801,9539,36,9575,150
2020-10-30,Modoc,049,8938,51,34,3,37,0
2020-10-30,Mono,051,14174,263,193,6,199,1
2020-10-30,Monterey,053,433212,11817,11491,71,11562,92
2020-10-30,Napa,055,140530,2185,2028,10,2038,15
2020-10-30,Nevada,057,99092,684,634,18,652,9
2020-10-30,Orange,059,3164182,62379,59334,1844,61178,1469
2020-10-30,Placer,061,380077,4672,4335,19,4354,58
2020-10-30,Plumas,063,18699,92,80,0,80,0
2020-10-30,Riverside,065,2383286,69891,67752,514,68266,1317
2020-10-30,Sacramento,067,1510023,26874,26147,37,26184,505
2020-10-30,San Benito,069,59416,1468,1440,1,1441,15
2020-10-30,San Bernardino,071,2135413,66722,63512,504,64016,1156
2020-10-30,San Diego,073,3302833,59048,56387,1707,58094,888
2020-10-30,San Francisco,075,870044,12708,12384,50,12434,145
2020-10-30,San Joaquin,077,732212,22450,21849,251,22100,500
2020-10-30,San Luis Obispo,079,281455,4586,4256,36,4292,31
2020-10-30,San Mateo,081,765935,11689,11207,11,11218,159
2020-10-30,Santa Barbara,083,443738,10092,9937,97,10034,128
2020-10-30,Santa Clara,085,1922200,26382,24811,51,24862,378
2020-10-30,Santa Cruz,087,273765,3045,2874,34,2908,25
2020-10-30,Shasta,089,179085,2586,2048,21,2069,32
2020-10-30,Sierra,091,2930,7,6,0,6,0
2020-10-30,Siskiyou,093,43540,246,192,11,203,0
2020-10-30,Solano,095,438530,7832,7497,39,7536,84
2020-10-30,Sonoma,097,501317,10053,9602,33,9635,140
2020-10-30,Stanislaus,099,539301,18115,17861,808,18669,410
2020-10-30,Sutter,101,95872,1922,1860,1,1861,12
2020-10-30,Tehama,103,63373,1013,932,2,934,5
2020-10-30,Trinity,105,12862,105,29,12,41,0
2020-10-30,Tulare,107,460477,18365,17682,452,18134,299
2020-10-30,Tuolumne,109,53932,313,286,6,292,4
2020-10-30,Ventura,111,848112,15428,14578,348,14926,154
2020-10-30,Yolo,113,214977,3389,3263,10,3273,60
2020-10-30,Yuba,115,75493,1318,1256,4,1260,10
2020-10-29,Alameda,001,1643700,24265,23530,227,23757,401
2020-10-29,Alpine,002,1148,7,4,0,4,0
2020-10-29,Amador,005,37829,366,338,0,338,16
2020-10-29,Butte,007,227075,3273,3143,69,3212,57
2020-10-29,Calaveras,009,45235,346,278,0,278,13
2020-10-29,Colusa,011,21464,569,552,1,553,6
2020-10-29,Contra Costa,013,1133247,19569,18933,95,19028,249
2020-10-29,Del Norte,015,27424,186,174,0,174,2
2020-10-29,El Dorado,017,186661,1484,1370,14,1384,4
2020-10-29,Fresno,019,978130,34095,31321,504,31825,445
2020-10-29,Glenn,021,27897,701,673,2,675,3
2020-10-29,Humboldt,023,135768,586,559,1,560,7
2020-10-29,Imperial,025,180216,13179,12769,19,12788,334
2020-10-29,Inyo,027,18085,248,238,5,243,14
2020-10-29,Kern,029,883053,34464,33460,465,33925,437
2020-10-29,Kings,031,150075,8819,8502,52,8554,82
2020-10-29,Lake,033,64148,747,702,0,702,16
2020-10-29,Lassen,035,31185,787,772,2,774,0
2020-10-29,Los Angeles,037,10098052,309032,302246,2986,305232,7046
2020-10-29,Madera,039,155013,5163,4970,46,5016,53
2020-10-29,Marin,041,260295,7198,7083,20,7103,125
2020-10-29,Mariposa,043,17540,81,78,0,78,2
2020-10-29,Mendocino,045,87422,1110,1058,5,1063,21
2020-10-29,Merced,047,269075,9749,9496,36,9532,150
2020-10-29,Modoc,049,8938,49,31,3,34,0
2020-10-29,Mono,051,14174,256,176,6,182,1
2020-10-29,Monterey,053,433212,11736,11425,69,11494,92
2020-10-29,Napa,055,140530,2161,2009,10,2019,15
2020-10-29,Nevada,057,99092,677,632,18,650,9
2020-10-29,Orange,059,3164182,62111,59046,1824,60870,1464
2020-10-29,Placer,061,380077,4627,4270,18,4288,58
2020-10-29,Plumas,063,18699,90,69,0,69,0
2020-10-29,Riverside,065,2383286,69515,67268,484,67752,1304
2020-10-29,Sacramento,067,1510023,26661,25978,36,26014,507
2020-10-29,San Benito,069,59416,1463,1431,1,1432,15
2020-10-29,San Bernardino,071,2135413,66154,62968,494,63462,1150
2020-10-29,San Diego,073,3302833,58582,55916,1678,57594,885
2020-10-29,San Francisco,075,870044,12630,12312,50,12362,145
2020-10-29,San Joaquin,077,732212,22366,21736,239,21975,498
2020-10-29,San Luis Obispo,079,281455,4555,4223,35,4258,31
2020-10-29,San Mateo,081,765935,11644,11145,11,11156,157
2020-10-29,Santa Barbara,083,443738,10059,9902,95,9997,128
2020-10-29,Santa Clara,085,1922200,26231,24614,51,24665,377
2020-10-29,Santa Cruz,087,273765,3020,2850,34,2884,24
2020-10-29,Shasta,089,179085,2523,2008,21,2029,32
2020-10-29,Sierra,091,2930,6,6,0,6,0
2020-10-29,Siskiyou,093,43540,230,185,11,196,0
2020-10-29,Solano,095,438530,7770,7453,39,7492,78
2020-10-29,Sonoma,097,501317,9988,9533,33,9566,140
2020-10-29,Stanislaus,099,539301,18062,17790,787,18577,410
2020-10-29,Sutter,101,95872,1915,1852,1,1853,12
2020-10-29,Tehama,103,63373,995,925,2,927,5
2020-10-29,Trinity,105,12862,100,28,11,39,0
2020-10-29,Tulare,107,460477,18287,17627,434,18061,299
2020-10-29,Tuolumne,109,53932,308,279,6,285,4
2020-10-29,Ventura,111,848112,15337,14486,344,14830,154
2020-10-29,Yolo,113,214977,3360,3246,10,3256,60
2020-10-29,Yuba,115,75493,1307,1248,4,1252,10
2020-10-28,Alameda,001,1643700,24165,23468,226,23694,400
2020-10-28,Alpine,002,1148,6,4,0,4,0
2020-10-28,Amador,005,37829,363,337,0,337,16
2020-10-28,Butte,007,227075,3257,3134,66,3200,56
2020-10-28,Calaveras,009,45235,345,278,0,278,13
2020-10-28,Colusa,011,21464,566,551,1,552,6
2020-10-28,Contra Costa,013,1133247,19482,18828,94,18922,246
2020-10-28,Del Norte,015,27424,183,173,0,173,2
2020-10-28,El Dorado,017,186661,1472,1363,14,1377,4
2020-10-28,Fresno,019,978130,33975,31195,498,31693,444
2020-10-28,Glenn,021,27897,697,673,2,675,3
2020-10-28,Humboldt,023,135768,582,559,1,560,7
2020-10-28,Imperial,025,180216,13129,12730,19,12749,333
2020-10-28,Inyo,027,18085,248,238,5,243,14
2020-10-28,Kern,029,883053,34362,33424,447,33871,436
2020-10-28,Kings,031,150075,8797,8486,52,8538,82
2020-10-28,Lake,033,64148,744,700,0,700,15
2020-10-28,Lassen,035,31185,783,771,2,773,0
2020-10-28,Los Angeles,037,10098052,307577,300726,2943,303669,7031
2020-10-28,Madera,039,155013,5146,4954,45,4999,53
2020-10-28,Marin,041,260295,7187,7079,20,7099,126
2020-10-28,Mariposa,043,17540,81,78,0,78,2
2020-10-28,Mendocino,045,87422,1109,1037,5,1042,20
2020-10-28,Merced,047,269075,9723,9480,35,9515,150
2020-10-28,Modoc,049,8938,48,31,2,33,0
2020-10-28,Mono,051,14174,238,176,6,182,1
2020-10-28,Monterey,053,433212,11678,11330,67,11397,89
2020-10-28,Napa,055,140530,2135,1998,9,2007,15
2020-10-28,Nevada,057,99092,669,629,18,647,9
2020-10-28,Orange,059,3164182,61847,58801,1808,60609,1459
2020-10-28,Placer,061,380077,4571,4236,18,4254,57
2020-10-28,Plumas,063,18699,89,67,0,67,0
2020-10-28,Riverside,065,2383286,69118,67003,460,67463,1302
2020-10-28,Sacramento,067,1510023,26464,25838,35,25873,506
2020-10-28,San Benito,069,59416,1455,1429,1,1430,15
2020-10-28,San Bernardino,071,2135413,65695,62778,485,63263,1154
2020-10-28,San Diego,073,3302833,58199,55556,1649,57205,881
2020-10-28,San Francisco,075,870044,12572,12261,49,12310,145
2020-10-28,San Joaquin,077,732212,22282,21707,228,21935,498
2020-10-28,San Luis Obispo,079,281455,4511,4197,32,4229,31
2020-10-28,San Mateo,081,765935,11577,11101,11,11112,157
2020-10-28,Santa Barbara,083,443738,10036,9872,93,9965,127
2020-10-28,Santa Clara,085,1922200,26087,24503,51,24554,375
2020-10-28,Santa Cruz,087,273765,2989,2836,34,2870,24
2020-10-28,Shasta,089,179085,2443,1996,20,2016,31
2020-10-28,Sierra,091,2930,6,6,0,6,0
2020-10-28,Siskiyou,093,43540,227,182,10,192,0
2020-10-28,Solano,095,438530,7711,7362,39,7401,77
2020-10-28,Sonoma,097,501317,9898,9457,28,9485,140
2020-10-28,Stanislaus,099,539301,17997,17765,778,18543,409
2020-10-28,Sutter,101,95872,1906,1840,1,1841,12
2020-10-28,Tehama,103,63373,984,921,2,923,5
2020-10-28,Trinity,105,12862,93,28,10,38,0
2020-10-28,Tulare,107,460477,18230,17569,419,17988,297
2020-10-28,Tuolumne,109,53932,304,277,6,283,4
2020-10-28,Ventura,111,848112,15264,14409,335,14744,153
2020-10-28,Yolo,113,214977,3335,3230,10,3240,60
2020-10-28,Yuba,115,75493,1295,1245,4,1249,10
2020-10-27,Alameda,001,1643700,24050,23365,224,23589,400
2020-10-27,Alpine,002,1148,6,3,0,3,0
2020-10-27,Amador,005,37829,360,335,0,335,16
2020-10-27,Butte,007,227075,3241,3107,63,3170,56
2020-10-27,Calaveras,009,45235,343,277,0,277,13
2020-10-27,Colusa,011,21464,561,549,1,550,6
2020-10-27,Contra Costa,013,1133247,19376,18766,94,18860,246
2020-10-27,Del Norte,015,27424,180,173,0,173,2
2020-10-27,El Dorado,017,186661,1459,1351,14,1365,4
2020-10-27,Fresno,019,978130,33857,31096,493,31589,442
2020-10-27,Glenn,021,27897,695,667,1,668,3
2020-10-27,Humboldt,023,135768,579,559,1,560,7
2020-10-27,Imperial,025,180216,13080,12680,19,12699,333
2020-10-27,Inyo,027,18085,248,231,5,236,14
2020-10-27,Kern,029,883053,34245,33328,443,33771,436
2020-10-27,Kings,031,150075,8766,8411,52,8463,83
2020-10-27,Lake,033,64148,741,700,0,700,15
2020-10-27,Lassen,035,31185,781,764,2,766,0
2020-10-27,Los Angeles,037,10098052,306189,299438,2914,302352,7008
2020-10-27,Madera,039,155013,5116,4942,44,4986,53
2020-10-27,Marin,041,260295,7171,7070,20,7090,126
2020-10-27,Mariposa,043,17540,80,78,0,78,2
2020-10-27,Mendocino,045,87422,1103,1033,4,1037,20
2020-10-27,Merced,047,269075,9682,9449,35,9484,150
2020-10-27,Modoc,049,8938,46,31,2,33,0
2020-10-27,Mono,051,14174,224,169,6,175,1
2020-10-27,Monterey,053,433212,11622,11261,65,11326,88
2020-10-27,Napa,055,140530,2119,1979,9,1988,15
2020-10-27,Nevada,057,99092,663,622,18,640,8
2020-10-27,Orange,059,3164182,61577,58550,1792,60342,1448
2020-10-27,Placer,061,380077,4522,4197,16,4213,57
2020-10-27,Plumas,063,18699,86,63,0,63,0
2020-10-27,Riverside,065,2383286,68765,66699,415,67114,1299
2020-10-27,Sacramento,067,1510023,26277,25701,34,25735,501
2020-10-27,San Benito,069,59416,1450,1428,1,1429,15
2020-10-27,San Bernardino,071,2135413,65233,62357,472,62829,1154
2020-10-27,San Diego,073,3302833,57726,55226,1626,56852,877
2020-10-27,San Francisco,075,870044,12497,12218,48,12266,140
2020-10-27,San Joaquin,077,732212,22191,21637,219,21856,496
2020-10-27,San Luis Obispo,079,281455,4484,4148,28,4176,31
2020-10-27,San Mateo,081,765935,11530,11074,11,11085,156
2020-10-27,Santa Barbara,083,443738,10006,9874,92,9966,125
2020-10-27,Santa Clara,085,1922200,25945,24368,51,24419,367
2020-10-27,Santa Cruz,087,273765,2959,2815,33,2848,24
2020-10-27,Shasta,089,179085,2357,1962,20,1982,29
2020-10-27,Sierra,091,2930,6,6,0,6,0
2020-10-27,Siskiyou,093,43540,218,181,10,191,0
2020-10-27,Solano,095,438530,7642,7298,39,7337,77
2020-10-27,Sonoma,097,501317,9831,9389,28,9417,140
2020-10-27,Stanislaus,099,539301,17929,17720,771,18491,408
2020-10-27,Sutter,101,95872,1893,1832,1,1833,12
2020-10-27,Tehama,103,63373,970,913,2,915,5
2020-10-27,Trinity,105,12862,90,28,10,38,0
2020-10-27,Tulare,107,460477,18167,17520,396,17916,296
2020-10-27,Tuolumne,109,53932,300,275,6,281,4
2020-10-27,Ventura,111,848112,15181,14347,328,14675,153
2020-10-27,Yolo,113,214977,3322,3216,10,3226,58
2020-10-27,Yuba,115,75493,1282,1235,4,1239,10
2020-10-26,Alameda,001,1643700,23937,23284,223,23507,398
2020-10-26,Alpine,002,1148,4,3,0,3,0
2020-10-26,Amador,005,37829,356,331,0,331,16
2020-10-26,Butte,007,227075,3230,3095,61,3156,56
2020-10-26,Calaveras,009,45235,340,274,0,274,13
2020-10-26,Colusa,011,21464,559,548,1,549,6
2020-10-26,Contra Costa,013,1133247,19280,18718,93,18811,245
2020-10-26,Del Norte,015,27424,180,171,0,171,2
2020-10-26,El Dorado,017,186661,1445,1336,14,1350,4
2020-10-26,Fresno,019,978130,33744,30969,486,31455,441
2020-10-26,Glenn,021,27897,688,660,1,661,3
2020-10-26,Humboldt,023,135768,571,554,1,555,7
2020-10-26,Imperial,025,180216,13026,12654,16,12670,333
2020-10-26,Inyo,027,18085,248,226,5,231,14
2020-10-26,Kern,029,883053,34161,33233,438,33671,432
2020-10-26,Kings,031,150075,8745,8264,50,8314,82
2020-10-26,Lake,033,64148,739,697,0,697,15
2020-10-26,Lassen,035,31185,778,764,2,766,0
2020-10-26,Los Angeles,037,10098052,304762,297961,2873,300834,6979
2020-10-26,Madera,039,155013,5095,4922,43,4965,53
2020-10-26,Marin,041,260295,7165,7064,19,7083,104
2020-10-26,Mariposa,043,17540,80,77,0,77,2
2020-10-26,Mendocino,045,87422,1095,1026,4,1030,20
2020-10-26,Merced,047,269075,9635,9375,34,9409,150
2020-10-26,Modoc,049,8938,44,28,0,28,0
2020-10-26,Mono,051,14174,218,167,6,173,1
2020-10-26,Monterey,053,433212,11571,11207,61,11268,87
2020-10-26,Napa,055,140530,2087,1966,9,1975,14
2020-10-26,Nevada,057,99092,656,618,18,636,8
2020-10-26,Orange,059,3164182,61373,58377,1774,60151,1442
2020-10-26,Placer,061,380077,4480,4161,15,4176,57
2020-10-26,Plumas,063,18699,84,63,0,63,0
2020-10-26,Riverside,065,2383286,68314,66475,389,66864,1294
2020-10-26,Sacramento,067,1510023,26097,25555,32,25587,496
2020-10-26,San Benito,069,59416,1442,1424,1,1425,15
2020-10-26,San Bernardino,071,2135413,64762,61871,469,62340,1153
2020-10-26,San Diego,073,3302833,57333,54957,1588,56545,870
2020-10-26,San Francisco,075,870044,12437,12072,48,12120,138
2020-10-26,San Joaquin,077,732212,22108,21459,213,21672,495
2020-10-26,San Luis Obispo,079,281455,4458,4133,28,4161,31
2020-10-26,San Mateo,081,765935,11486,11037,11,11048,156
2020-10-26,Santa Barbara,083,443738,9983,9827,92,9919,122
2020-10-26,Santa Clara,085,1922200,25755,24258,50,24308,365
2020-10-26,Santa Cruz,087,273765,2933,2808,33,2841,24
2020-10-26,Shasta,089,179085,2303,1889,20,1909,29
2020-10-26,Sierra,091,2930,6,6,0,6,0
2020-10-26,Siskiyou,093,43540,210,179,10,189,0
2020-10-26,Solano,095,438530,7562,7271,39,7310,62
2020-10-26,Sonoma,097,501317,9754,9315,28,9343,140
2020-10-26,Stanislaus,099,539301,17879,17666,761,18427,400
2020-10-26,Sutter,101,95872,1885,1817,1,1818,12
2020-10-26,Tehama,103,63373,950,892,2,894,5
2020-10-26,Trinity,105,12862,89,26,10,36,0
2020-10-26,Tulare,107,460477,18090,17432,373,17805,296
2020-10-26,Tuolumne,109,53932,291,271,6,277,4
2020-10-26,Ventura,111,848112,15112,14330,325,14655,154
2020-10-26,Yolo,113,214977,3303,3206,10,3216,58
2020-10-26,Yuba,115,75493,1266,1226,4,1230,10
2020-10-25,Alameda,001,1643700,23830,23192,223,23415,398
2020-10-25,Alpine,002,1148,3,3,0,3,0
2020-10-25,Amador,005,37829,345,330,0,330,16
2020-10-25,Butte,007,227075,3210,3087,61,3148,56
2020-10-25,Calaveras,009,45235,339,274,0,274,13
2020-10-25,Colusa,011,21464,555,548,1,549,6
2020-10-25,Contra Costa,013,1133247,19177,18640,93,18733,245
2020-10-25,Del Norte,015,27424,176,171,0,171,2
2020-10-25,El Dorado,017,186661,1430,1328,14,1342,4
2020-10-25,Fresno,019,978130,33610,30858,473,31331,441
2020-10-25,Glenn,021,27897,685,652,1,653,3
2020-10-25,Humboldt,023,135768,568,554,1,555,7
2020-10-25,Imperial,025,180216,12977,12572,16,12588,333
2020-10-25,Inyo,027,18085,245,226,5,231,14
2020-10-25,Kern,029,883053,34054,33185,434,33619,432
2020-10-25,Kings,031,150075,8712,8246,48,8294,82
2020-10-25,Lake,033,64148,722,695,0,695,15
2020-10-25,Lassen,035,31185,776,764,2,766,0
2020-10-25,Los Angeles,037,10098052,303198,297110,2837,299947,6973
2020-10-25,Madera,039,155013,5065,4909,38,4947,53
2020-10-25,Marin,041,260295,7155,7052,19,7071,102
2020-10-25,Mariposa,043,17540,80,77,0,77,2
2020-10-25,Mendocino,045,87422,1088,1024,4,1028,20
2020-10-25,Merced,047,269075,9570,9352,32,9384,150
2020-10-25,Modoc,049,8938,39,28,0,28,0
2020-10-25,Mono,051,14174,210,167,6,173,1
2020-10-25,Monterey,053,433212,11488,11182,56,11238,87
2020-10-25,Napa,055,140530,2057,1962,9,1971,14
2020-10-25,Nevada,057,99092,648,616,18,634,8
2020-10-25,Orange,059,3164182,61084,58185,1765,59950,1443
2020-10-25,Placer,061,380077,4428,4140,15,4155,57
2020-10-25,Plumas,063,18699,84,63,0,63,0
2020-10-25,Riverside,065,2383286,67864,66192,373,66565,1289
2020-10-25,Sacramento,067,1510023,25882,25445,30,25475,496
2020-10-25,San Benito,069,59416,1435,1423,1,1424,15
2020-10-25,San Bernardino,071,2135413,64222,61551,457,62008,1153
2020-10-25,San Diego,073,3302833,56870,54599,1556,56155,870
2020-10-25,San Francisco,075,870044,12364,12072,48,12120,137
2020-10-25,San Joaquin,077,732212,22000,21459,204,21663,495
2020-10-25,San Luis Obispo,079,281455,4416,4126,26,4152,31
2020-10-25,San Mateo,081,765935,11441,10987,11,10998,156
2020-10-25,Santa Barbara,083,443738,9964,9814,92,9906,122
2020-10-25,Santa Clara,085,1922200,25567,24087,50,24137,365
2020-10-25,Santa Cruz,087,273765,2906,2789,33,2822,24
2020-10-25,Shasta,089,179085,2239,1889,20,1909,29
2020-10-25,Sierra,091,2930,6,6,0,6,0
2020-10-25,Siskiyou,093,43540,207,176,10,186,0
2020-10-25,Solano,095,438530,7484,7197,39,7236,60
2020-10-25,Sonoma,097,501317,9661,9235,27,9262,140
2020-10-25,Stanislaus,099,539301,17822,17641,752,18393,400
2020-10-25,Sutter,101,95872,1867,1811,1,1812,12
2020-10-25,Tehama,103,63373,933,880,2,882,5
2020-10-25,Trinity,105,12862,85,26,10,36,0
2020-10-25,Tulare,107,460477,18016,17431,363,17794,296
2020-10-25,Tuolumne,109,53932,286,271,6,277,4
2020-10-25,Ventura,111,848112,15019,14300,319,14619,154
2020-10-25,Yolo,113,214977,3282,3190,10,3200,58
2020-10-25,Yuba,115,75493,1258,1219,4,1223,10
2020-10-24,Alameda,001,1643700,23759,23099,220,23319,398
2020-10-24,Alpine,002,1148,3,3,0,3,0
2020-10-24,Amador,005,37829,344,328,0,328,16
2020-10-24,Butte,007,227075,3201,3078,61,3139,56
2020-10-24,Calaveras,009,45235,337,274,0,274,13
2020-10-24,Colusa,011,21464,550,548,1,549,6
2020-10-24,Contra Costa,013,1133247,19111,18567,93,18660,244
2020-10-24,Del Norte,015,27424,175,171,0,171,2
2020-10-24,El Dorado,017,186661,1414,1317,14,1331,4
2020-10-24,Fresno,019,978130,33549,30752,468,31220,441
2020-10-24,Glenn,021,27897,682,650,1,651,3
2020-10-24,Humboldt,023,135768,566,553,1,554,7
2020-10-24,Imperial,025,180216,12950,12469,16,12485,333
2020-10-24,Inyo,027,18085,245,226,5,231,14
2020-10-24,Kern,029,883053,33996,33105,429,33534,432
2020-10-24,Kings,031,150075,8702,8228,47,8275,82
2020-10-24,Lake,033,64148,717,696,0,696,15
2020-10-24,Lassen,035,31185,775,764,2,766,0
2020-10-24,Los Angeles,037,10098052,302380,296323,2815,299138,6969
2020-10-24,Madera,039,155013,5052,4898,37,4935,53
2020-10-24,Marin,041,260295,7146,7042,19,7061,102
2020-10-24,Mariposa,043,17540,80,77,0,77,2
2020-10-24,Mendocino,045,87422,1076,1022,4,1026,20
2020-10-24,Merced,047,269075,9546,9351,32,9383,150
2020-10-24,Modoc,049,8938,38,28,0,28,0
2020-10-24,Mono,051,14174,196,167,6,173,1
2020-10-24,Monterey,053,433212,11419,11153,55,11208,87
2020-10-24,Napa,055,140530,2040,1957,8,1965,14
2020-10-24,Nevada,057,99092,644,608,18,626,8
2020-10-24,Orange,059,3164182,60929,57928,1755,59683,1441
2020-10-24,Placer,061,380077,4397,4093,15,4108,57
2020-10-24,Plumas,063,18699,78,63,0,63,0
2020-10-24,Riverside,065,2383286,67656,65902,359,66261,1288
2020-10-24,Sacramento,067,1510023,25801,25372,30,25402,496
2020-10-24,San Benito,069,59416,1430,1417,1,1418,15
2020-10-24,San Bernardino,071,2135413,63983,61351,449,61800,1153
2020-10-24,San Diego,073,3302833,56593,54330,1543,55873,868
2020-10-24,San Francisco,075,870044,12305,12073,47,12120,137
2020-10-24,San Joaquin,077,732212,21947,21458,199,21657,495
2020-10-24,San Luis Obispo,079,281455,4393,4119,25,4144,31
2020-10-24,San Mateo,081,765935,11402,10942,11,10953,155
2020-10-24,Santa Barbara,083,443738,9947,9781,92,9873,122
2020-10-24,Santa Clara,085,1922200,25480,23978,50,24028,365
2020-10-24,Santa Cruz,087,273765,2887,2775,33,2808,24
2020-10-24,Shasta,089,179085,2194,1878,20,1898,29
2020-10-24,Sierra,091,2930,6,6,0,6,0
2020-10-24,Siskiyou,093,43540,206,174,10,184,0
2020-10-24,Solano,095,438530,7431,7189,39,7228,60
2020-10-24,Sonoma,097,501317,9627,9179,27,9206,140
2020-10-24,Stanislaus,099,539301,17779,17574,737,18311,400
2020-10-24,Sutter,101,95872,1858,1804,1,1805,12
2020-10-24,Tehama,103,63373,925,872,2,874,5
2020-10-24,Trinity,105,12862,85,25,10,35,0
2020-10-24,Tulare,107,460477,17994,17406,351,17757,295
2020-10-24,Tuolumne,109,53932,283,269,6,275,4
2020-10-24,Ventura,111,848112,14966,14240,318,14558,154
2020-10-24,Yolo,113,214977,3270,3164,10,3174,57
2020-10-24,Yuba,115,75493,1255,1210,4,1214,10
2020-10-23,Alameda,001,1643700,23686,23047,218,23265,393
2020-10-23,Alpine,002,1148,3,3,0,3,0
2020-10-23,Amador,005,37829,343,324,0,324,16
2020-10-23,Butte,007,227075,3192,3059,61,3120,55
2020-10-23,Calaveras,009,45235,336,273,0,273,13
2020-10-23,Colusa,011,21464,550,547,1,548,6
2020-10-23,Contra Costa,013,1133247,19041,18483,92,18575,244
2020-10-23,Del Norte,015,27424,175,171,0,171,2
2020-10-23,El Dorado,017,186661,1405,1310,14,1324,4
2020-10-23,Fresno,019,978130,33482,30590,465,31055,441
2020-10-23,Glenn,021,27897,679,644,1,645,3
2020-10-23,Humboldt,023,135768,564,553,1,554,7
2020-10-23,Imperial,025,180216,12919,12398,15,12413,333
2020-10-23,Inyo,027,18085,244,226,5,231,14
2020-10-23,Kern,029,883053,33928,33077,424,33501,431
2020-10-23,Kings,031,150075,8693,8218,47,8265,82
2020-10-23,Lake,033,64148,715,689,0,689,15
2020-10-23,Lassen,035,31185,774,764,2,766,0
2020-10-23,Los Angeles,037,10098052,301294,294287,2788,297075,6956
2020-10-23,Madera,039,155013,5047,4888,37,4925,53
2020-10-23,Marin,041,260295,7133,7029,19,7048,102
2020-10-23,Mariposa,043,17540,80,77,0,77,2
2020-10-23,Mendocino,045,87422,1073,1019,4,1023,20
2020-10-23,Merced,047,269075,9532,9327,32,9359,149
2020-10-23,Modoc,049,8938,38,28,0,28,0
2020-10-23,Mono,051,14174,194,159,6,165,1
2020-10-23,Monterey,053,433212,11372,11099,51,11150,86
2020-10-23,Napa,055,140530,2032,1942,8,1950,14
2020-10-23,Nevada,057,99092,641,604,18,622,8
2020-10-23,Orange,059,3164182,60759,57595,1740,59335,1430
2020-10-23,Placer,061,380077,4350,4073,15,4088,57
2020-10-23,Plumas,063,18699,75,63,0,63,0
2020-10-23,Riverside,065,2383286,67417,65512,351,65863,1279
2020-10-23,Sacramento,067,1510023,25696,25224,30,25254,496
2020-10-23,San Benito,069,59416,1428,1412,1,1413,15
2020-10-23,San Bernardino,071,2135413,63697,60854,435,61289,1150
2020-10-23,San Diego,073,3302833,56287,53944,1516,55460,867
2020-10-23,San Francisco,075,870044,12274,12015,47,12062,137
2020-10-23,San Joaquin,077,732212,21891,21361,193,21554,495
2020-10-23,San Luis Obispo,079,281455,4368,4102,25,4127,31
2020-10-23,San Mateo,081,765935,11353,10872,11,10883,155
2020-10-23,Santa Barbara,083,443738,9931,9751,92,9843,121
2020-10-23,Santa Clara,085,1922200,25378,23822,50,23872,364
2020-10-23,Santa Cruz,087,273765,2873,2757,33,2790,24
2020-10-23,Shasta,089,179085,2157,1846,19,1865,29
2020-10-23,Sierra,091,2930,6,6,0,6,0
2020-10-23,Siskiyou,093,43540,202,172,10,182,0
2020-10-23,Solano,095,438530,7400,7174,39,7213,59
2020-10-23,Sonoma,097,501317,9570,9112,27,9139,139
2020-10-23,Stanislaus,099,539301,17742,17496,730,18226,395
2020-10-23,Sutter,101,95872,1851,1797,1,1798,12
2020-10-23,Tehama,103,63373,916,862,2,864,5
2020-10-23,Trinity,105,12862,85,26,10,36,0
2020-10-23,Tulare,107,460477,17949,17334,340,17674,295
2020-10-23,Tuolumne,109,53932,280,254,6,260,4
2020-10-23,Ventura,111,848112,14937,14192,318,14510,155
2020-10-23,Yolo,113,214977,3258,3140,10,3150,57
2020-10-23,Yuba,115,75493,1251,1206,4,1210,10
2020-10-22,Alameda,001,1643700,23585,22915,218,23133,393
2020-10-22,Alpine,002,1148,3,3,0,3,0
2020-10-22,Amador,005,37829,339,317,0,317,16
2020-10-22,Butte,007,227075,3182,3046,59,3105,55
2020-10-22,Calaveras,009,45235,333,273,0,273,13
2020-10-22,Colusa,011,21464,550,547,1,548,6
2020-10-22,Contra Costa,013,1133247,18970,18393,92,18485,243
2020-10-22,Del Norte,015,27424,174,168,0,168,2
2020-10-22,El Dorado,017,186661,1395,1308,14,1322,4
2020-10-22,Fresno,019,978130,33371,30471,457,30928,438
2020-10-22,Glenn,021,27897,672,643,1,644,3
2020-10-22,Humboldt,023,135768,562,548,1,549,7
2020-10-22,Imperial,025,180216,12866,12311,15,12326,333
2020-10-22,Inyo,027,18085,241,220,5,225,14
2020-10-22,Kern,029,883053,33847,32991,421,33412,431
2020-10-22,Kings,031,150075,8442,8201,47,8248,82
2020-10-22,Lake,033,64148,711,678,0,678,15
2020-10-22,Lassen,035,31185,771,764,2,766,0
2020-10-22,Los Angeles,037,10098052,299914,291599,2734,294333,6935
2020-10-22,Madera,039,155013,5026,4847,37,4884,52
2020-10-22,Marin,041,260295,7126,7014,19,7033,102
2020-10-22,Mariposa,043,17540,80,77,0,77,2
2020-10-22,Mendocino,045,87422,1068,1016,4,1020,20
2020-10-22,Merced,047,269075,9504,9323,32,9355,149
2020-10-22,Modoc,049,8938,34,26,0,26,0
2020-10-22,Mono,051,14174,189,156,6,162,1
2020-10-22,Monterey,053,433212,11313,11059,48,11107,84
2020-10-22,Napa,055,140530,2017,1928,8,1936,14
2020-10-22,Nevada,057,99092,635,600,18,618,8
2020-10-22,Orange,059,3164182,60545,57418,1723,59141,1422
2020-10-22,Placer,061,380077,4301,4036,15,4051,57
2020-10-22,Plumas,063,18699,72,62,0,62,0
2020-10-22,Riverside,065,2383286,67082,65104,333,65437,1279
2020-10-22,Sacramento,067,1510023,25556,25054,30,25084,492
2020-10-22,San Benito,069,59416,1424,1403,1,1404,15
2020-10-22,San Bernardino,071,2135413,63295,60402,420,60822,1149
2020-10-22,San Diego,073,3302833,55900,53514,1497,55011,866
2020-10-22,San Francisco,075,870044,12216,11991,45,12036,137
2020-10-22,San Joaquin,077,732212,21818,21282,187,21469,495
2020-10-22,San Luis Obispo,079,281455,4352,4081,25,4106,31
2020-10-22,San Mateo,081,765935,11297,10796,11,10807,155
2020-10-22,Santa Barbara,083,443738,9898,9710,90,9800,120
2020-10-22,Santa Clara,085,1922200,25224,23621,50,23671,363
2020-10-22,Santa Cruz,087,273765,2855,2738,32,2770,24
2020-10-22,Shasta,089,179085,2111,1799,19,1818,29
2020-10-22,Sierra,091,2930,6,6,0,6,0
2020-10-22,Siskiyou,093,43540,201,169,10,179,0
2020-10-22,Solano,095,438530,7354,7116,39,7155,59
2020-10-22,Sonoma,097,501317,9504,9052,26,9078,139
2020-10-22,Stanislaus,099,539301,17689,17440,718,18158,395
2020-10-22,Sutter,101,95872,1837,1794,1,1795,12
2020-10-22,Tehama,103,63373,905,852,2,854,5
2020-10-22,Trinity,105,12862,84,26,10,36,0
2020-10-22,Tulare,107,460477,17883,17265,327,17592,293
2020-10-22,Tuolumne,109,53932,277,252,6,258,4
2020-10-22,Ventura,111,848112,14890,14124,316,14440,154
2020-10-22,Yolo,113,214977,3246,3116,10,3126,58
2020-10-22,Yuba,115,75493,1244,1199,3,1202,10
2020-10-21,Alameda,001,1643700,23497,22853,216,23069,392
2020-10-21,Alpine,002,1148,3,3,0,3,0
2020-10-21,Amador,005,37829,334,313,0,313,16
2020-10-21,Butte,007,227075,3170,3041,59,3100,55
2020-10-21,Calaveras,009,45235,332,272,0,272,13
2020-10-21,Colusa,011,21464,550,546,1,547,6
2020-10-21,Contra Costa,013,1133247,18896,18299,92,18391,243
2020-10-21,Del Norte,015,27424,174,169,0,169,2
2020-10-21,El Dorado,017,186661,1383,1305,13,1318,4
2020-10-21,Fresno,019,978130,33275,30328,452,30780,433
2020-10-21,Glenn,021,27897,667,640,1,641,3
2020-10-21,Humboldt,023,135768,561,548,1,549,7
2020-10-21,Imperial,025,180216,12809,12210,15,12225,331
2020-10-21,Inyo,027,18085,237,220,5,225,14
2020-10-21,Kern,029,883053,33772,32956,419,33375,430
2020-10-21,Kings,031,150075,8415,8186,47,8233,80
2020-10-21,Lake,033,64148,710,676,0,676,15
2020-10-21,Lassen,035,31185,770,764,2,766,0
2020-10-21,Los Angeles,037,10098052,298573,288096,2692,290788,6923
2020-10-21,Madera,039,155013,5001,4831,37,4868,52
2020-10-21,Marin,041,260295,7117,7002,19,7021,102
2020-10-21,Mariposa,043,17540,80,77,0,77,2
2020-10-21,Mendocino,045,87422,1066,1011,4,1015,21
2020-10-21,Merced,047,269075,9480,9319,30,9349,149
2020-10-21,Modoc,049,8938,33,26,0,26,0
2020-10-21,Mono,051,14174,187,156,6,162,1
2020-10-21,Monterey,053,433212,11275,11005,47,11052,83
2020-10-21,Napa,055,140530,2002,1918,8,1926,13
2020-10-21,Nevada,057,99092,629,597,18,615,8
2020-10-21,Orange,059,3164182,60333,57189,1714,58903,1409
2020-10-21,Placer,061,380077,4264,4007,15,4022,56
2020-10-21,Plumas,063,18699,69,58,0,58,0
2020-10-21,Riverside,065,2383286,66786,64778,309,65087,1278
2020-10-21,Sacramento,067,1510023,25362,24908,30,24938,490
2020-10-21,San Benito,069,59416,1423,1401,1,1402,14
2020-10-21,San Bernardino,071,2135413,62885,59948,413,60361,1141
2020-10-21,San Diego,073,3302833,55548,53279,1469,54748,863
2020-10-21,San Francisco,075,870044,12167,11976,44,12020,137
2020-10-21,San Joaquin,077,732212,21742,21201,181,21382,495
2020-10-21,San Luis Obispo,079,281455,4325,4055,23,4078,31
2020-10-21,San Mateo,081,765935,11248,10730,11,10741,155
2020-10-21,Santa Barbara,083,443738,9881,9681,89,9770,121
2020-10-21,Santa Clara,085,1922200,25097,23537,50,23587,361
2020-10-21,Santa Cruz,087,273765,2832,2729,32,2761,24
2020-10-21,Shasta,089,179085,2075,1777,19,1796,27
2020-10-21,Sierra,091,2930,6,6,0,6,0
2020-10-21,Siskiyou,093,43540,197,169,10,179,0
2020-10-21,Solano,095,438530,7308,7088,39,7127,59
2020-10-21,Sonoma,097,501317,9424,8987,26,9013,138
2020-10-21,Stanislaus,099,539301,17640,17419,710,18129,392
2020-10-21,Sutter,101,95872,1823,1786,1,1787,12
2020-10-21,Tehama,103,63373,889,824,2,826,5
2020-10-21,Trinity,105,12862,78,25,9,34,0
2020-10-21,Tulare,107,460477,17845,17204,313,17517,292
2020-10-21,Tuolumne,109,53932,276,251,6,257,4
2020-10-21,Ventura,111,848112,14827,14050,313,14363,153
2020-10-21,Yolo,113,214977,3227,3095,10,3105,58
2020-10-21,Yuba,115,75493,1236,1194,3,1197,10
2020-10-20,Alameda,001,1643700,23395,22750,212,22962,391
2020-10-20,Alpine,002,1148,3,3,0,3,0
2020-10-20,Amador,005,37829,333,313,0,313,16
2020-10-20,Butte,007,227075,3158,3027,59,3086,56
2020-10-20,Calaveras,009,45235,330,273,0,273,13
2020-10-20,Colusa,011,21464,547,546,1,547,6
2020-10-20,Contra Costa,013,1133247,18803,18246,92,18338,241
2020-10-20,Del Norte,015,27424,173,169,0,169,2
2020-10-20,El Dorado,017,186661,1377,1295,13,1308,4
2020-10-20,Fresno,019,978130,33172,30220,446,30666,431
2020-10-20,Glenn,021,27897,662,638,1,639,3
2020-10-20,Humboldt,023,135768,557,545,1,546,7
2020-10-20,Imperial,025,180216,12741,12114,15,12129,330
2020-10-20,Inyo,027,18085,237,218,5,223,14
2020-10-20,Kern,029,883053,33697,32889,406,33295,429
2020-10-20,Kings,031,150075,8397,8178,46,8224,80
2020-10-20,Lake,033,64148,708,675,0,675,15
2020-10-20,Lassen,035,31185,769,757,2,759,0
2020-10-20,Los Angeles,037,10098052,297078,287727,2644,290371,6891
2020-10-20,Madera,039,155013,4984,4823,37,4860,52
2020-10-20,Marin,041,260295,7102,6994,19,7013,101
2020-10-20,Mariposa,043,17540,79,77,0,77,2
2020-10-20,Mendocino,045,87422,1064,1004,4,1008,21
2020-10-20,Merced,047,269075,9458,9323,30,9353,149
2020-10-20,Modoc,049,8938,32,26,0,26,0
2020-10-20,Mono,051,14174,187,156,6,162,1
2020-10-20,Monterey,053,433212,11232,10942,44,10986,81
2020-10-20,Napa,055,140530,1983,1912,8,1920,13
2020-10-20,Nevada,057,99092,619,596,18,614,8
2020-10-20,Orange,059,3164182,60069,56914,1704,58618,1397
2020-10-20,Placer,061,380077,4226,3997,15,4012,56
2020-10-20,Plumas,063,18699,66,53,0,53,0
2020-10-20,Riverside,065,2383286,66407,64452,297,64749,1275
2020-10-20,Sacramento,067,1510023,25234,24767,29,24796,485
2020-10-20,San Benito,069,59416,1420,1398,1,1399,14
2020-10-20,San Bernardino,071,2135413,62501,59571,411,59982,1109
2020-10-20,San Diego,073,3302833,55212,53004,1449,54453,857
2020-10-20,San Francisco,075,870044,12120,12013,43,12056,126
2020-10-20,San Joaquin,077,732212,21663,21173,172,21345,490
2020-10-20,San Luis Obispo,079,281455,4307,4043,22,4065,31
2020-10-20,San Mateo,081,765935,11201,10659,11,10670,155
2020-10-20,Santa Barbara,083,443738,9852,9664,87,9751,121
2020-10-20,Santa Clara,085,1922200,24959,23406,50,23456,358
2020-10-20,Santa Cruz,087,273765,2809,2710,32,2742,23
2020-10-20,Shasta,089,179085,2052,1747,19,1766,20
2020-10-20,Sierra,091,2930,6,6,0,6,0
2020-10-20,Siskiyou,093,43540,189,168,10,178,0
2020-10-20,Solano,095,438530,7259,7044,39,7083,57
2020-10-20,Sonoma,097,501317,9361,8904,24,8928,135
2020-10-20,Stanislaus,099,539301,17587,17367,706,18073,393
2020-10-20,Sutter,101,95872,1814,1783,1,1784,12
2020-10-20,Tehama,103,63373,874,813,2,815,5
2020-10-20,Trinity,105,12862,77,25,9,34,0
2020-10-20,Tulare,107,460477,17778,17156,308,17464,289
2020-10-20,Tuolumne,109,53932,274,250,6,256,4
2020-10-20,Ventura,111,848112,14763,13980,311,14291,152
2020-10-20,Yolo,113,214977,3204,3083,10,3093,56
2020-10-20,Yuba,115,75493,1226,1191,3,1194,10
2020-10-19,Alameda,001,1643700,23285,22647,211,22858,392
2020-10-19,Alpine,002,1148,3,3,0,3,0
2020-10-19,Amador,005,37829,327,313,0,313,16
2020-10-19,Butte,007,227075,3147,3026,59,3085,55
2020-10-19,Calaveras,009,45235,329,268,0,268,13
2020-10-19,Colusa,011,21464,547,544,1,545,6
2020-10-19,Contra Costa,013,1133247,18705,18173,92,18265,239
2020-10-19,Del Norte,015,27424,170,167,0,167,2
2020-10-19,El Dorado,017,186661,1356,1287,13,1300,4
2020-10-19,Fresno,019,978130,33063,30152,440,30592,431
2020-10-19,Glenn,021,27897,657,635,0,635,3
2020-10-19,Humboldt,023,135768,557,543,1,544,7
2020-10-19,Imperial,025,180216,12687,12036,14,12050,330
2020-10-19,Inyo,027,18085,236,218,5,223,14
2020-10-19,Kern,029,883053,33621,32840,403,33243,428
2020-10-19,Kings,031,150075,8379,8173,46,8219,80
2020-10-19,Lake,033,64148,705,673,0,673,15
2020-10-19,Lassen,035,31185,768,757,2,759,0
2020-10-19,Los Angeles,037,10098052,295593,287119,2607,289726,6858
2020-10-19,Madera,039,155013,4969,4787,37,4824,52
2020-10-19,Marin,041,260295,7084,6981,19,7000,100
2020-10-19,Mariposa,043,17540,79,77,0,77,2
2020-10-19,Mendocino,045,87422,1059,1001,4,1005,21
2020-10-19,Merced,047,269075,9433,9305,27,9332,148
2020-10-19,Modoc,049,8938,31,26,0,26,0
2020-10-19,Mono,051,14174,182,156,6,162,1
2020-10-19,Monterey,053,433212,11171,10907,44,10951,80
2020-10-19,Napa,055,140530,1971,1892,8,1900,12
2020-10-19,Nevada,057,99092,616,590,18,608,8
2020-10-19,Orange,059,3164182,59785,56652,1689,58341,1396
2020-10-19,Placer,061,380077,4178,3962,15,3977,49
2020-10-19,Plumas,063,18699,64,52,0,52,0
2020-10-19,Riverside,065,2383286,65976,64016,281,64297,1272
2020-10-19,Sacramento,067,1510023,25095,24542,29,24571,483
2020-10-19,San Benito,069,59416,1413,1395,1,1396,14
2020-10-19,San Bernardino,071,2135413,62049,59265,399,59664,1100
2020-10-19,San Diego,073,3302833,54826,52739,1424,54163,853
2020-10-19,San Francisco,075,870044,12076,11879,43,11922,126
2020-10-19,San Joaquin,077,732212,21588,20930,164,21094,489
2020-10-19,San Luis Obispo,079,281455,4291,4016,22,4038,31
2020-10-19,San Mateo,081,765935,11155,10568,11,10579,154
2020-10-19,Santa Barbara,083,443738,9816,9632,87,9719,121
2020-10-19,Santa Clara,085,1922200,24809,23301,50,23351,352
2020-10-19,Santa Cruz,087,273765,2792,2705,32,2737,19
2020-10-19,Shasta,089,179085,2008,1709,18,1727,20
2020-10-19,Sierra,091,2930,6,6,0,6,0
2020-10-19,Siskiyou,093,43540,182,167,10,177,0
2020-10-19,Solano,095,438530,7218,7003,39,7042,57
2020-10-19,Sonoma,097,501317,9274,8830,24,8854,135
2020-10-19,Stanislaus,099,539301,17536,17342,696,18038,390
2020-10-19,Sutter,101,95872,1809,1773,1,1774,12
2020-10-19,Tehama,103,63373,871,793,2,795,5
2020-10-19,Trinity,105,12862,75,23,9,32,0
2020-10-19,Tulare,107,460477,17728,17047,301,17348,291
2020-10-19,Tuolumne,109,53932,272,247,6,253,4
2020-10-19,Ventura,111,848112,14698,13930,308,14238,152
2020-10-19,Yolo,113,214977,3191,3069,10,3079,56
2020-10-19,Yuba,115,75493,1219,1183,3,1186,10
2020-10-18,Alameda,001,1643700,23181,22546,210,22756,392
2020-10-18,Alpine,002,1148,3,3,0,3,0
2020-10-18,Amador,005,37829,316,313,0,313,16
2020-10-18,Butte,007,227075,3134,3019,59,3078,55
2020-10-18,Calaveras,009,45235,328,267,0,267,13
2020-10-18,Colusa,011,21464,545,544,1,545,6
2020-10-18,Contra Costa,013,1133247,18607,18120,92,18212,237
2020-10-18,Del Norte,015,27424,170,167,0,167,2
2020-10-18,El Dorado,017,186661,1347,1283,13,1296,4
2020-10-18,Fresno,019,978130,32933,30051,432,30483,430
2020-10-18,Glenn,021,27897,655,634,0,634,3
2020-10-18,Humboldt,023,135768,554,540,1,541,7
2020-10-18,Imperial,025,180216,12624,11987,13,12000,330
2020-10-18,Inyo,027,18085,233,215,5,220,14
2020-10-18,Kern,029,883053,33548,32799,396,33195,428
2020-10-18,Kings,031,150075,8364,8159,46,8205,80
2020-10-18,Lake,033,64148,698,670,0,670,15
2020-10-18,Lassen,035,31185,768,757,2,759,0
2020-10-18,Los Angeles,037,10098052,293883,286187,2565,288752,6857
2020-10-18,Madera,039,155013,4944,4770,37,4807,52
2020-10-18,Marin,041,260295,7063,6969,19,6988,99
2020-10-18,Mariposa,043,17540,79,77,0,77,2
2020-10-18,Mendocino,045,87422,1057,988,4,992,21
2020-10-18,Merced,047,269075,9398,9292,27,9319,148
2020-10-18,Modoc,049,8938,30,26,0,26,0
2020-10-18,Mono,051,14174,177,155,6,161,1
2020-10-18,Monterey,053,433212,11118,10872,44,10916,80
2020-10-18,Napa,055,140530,1958,1882,8,1890,12
2020-10-18,Nevada,057,99092,610,582,18,600,8
2020-10-18,Orange,059,3164182,59488,56394,1672,58066,1396
2020-10-18,Placer,061,380077,4130,3938,15,3953,49
2020-10-18,Plumas,063,18699,62,52,0,52,0
2020-10-18,Riverside,065,2383286,65663,63765,260,64025,1270
2020-10-18,Sacramento,067,1510023,24940,24425,29,24454,482
2020-10-18,San Benito,069,59416,1406,1395,1,1396,14
2020-10-18,San Bernardino,071,2135413,61550,58893,391,59284,1098
2020-10-18,San Diego,073,3302833,54437,52359,1403,53762,853
2020-10-18,San Francisco,075,870044,12037,11878,43,11921,126
2020-10-18,San Joaquin,077,732212,21505,20931,151,21082,489
2020-10-18,San Luis Obispo,079,281455,4260,4009,20,4029,31
2020-10-18,San Mateo,081,765935,11096,10503,11,10514,154
2020-10-18,Santa Barbara,083,443738,9776,9608,86,9694,121
2020-10-18,Santa Clara,085,1922200,24636,23169,50,23219,352
2020-10-18,Santa Cruz,087,273765,2778,2692,32,2724,19
2020-10-18,Shasta,089,179085,1983,1708,18,1726,20
2020-10-18,Sierra,091,2930,6,6,0,6,0
2020-10-18,Siskiyou,093,43540,182,167,10,177,0
2020-10-18,Solano,095,438530,7171,6962,39,7001,57
2020-10-18,Sonoma,097,501317,9197,8781,23,8804,134
2020-10-18,Stanislaus,099,539301,17479,17290,687,17977,390
2020-10-18,Sutter,101,95872,1800,1764,1,1765,12
2020-10-18,Tehama,103,63373,839,774,2,776,5
2020-10-18,Trinity,105,12862,75,20,9,29,0
2020-10-18,Tulare,107,460477,17634,17048,292,17340,290
2020-10-18,Tuolumne,109,53932,266,245,6,251,4
2020-10-18,Ventura,111,848112,14618,13901,307,14208,151
2020-10-18,Yolo,113,214977,3152,3059,10,3069,55
2020-10-18,Yuba,115,75493,1208,1176,3,1179,10
2020-10-17,Alameda,001,1643700,23136,22394,208,22602,398
2020-10-17,Alpine,002,1148,3,3,0,3,0
2020-10-17,Amador,005,37829,314,309,0,309,16
2020-10-17,Butte,007,227075,3127,3012,57,3069,55
2020-10-17,Calaveras,009,45235,328,267,0,267,13
2020-10-17,Colusa,011,21464,544,544,1,545,6
2020-10-17,Contra Costa,013,1133247,18554,18005,92,18097,237
2020-10-17,Del Norte,015,27424,170,167,0,167,2
2020-10-17,El Dorado,017,186661,1343,1277,13,1290,4
2020-10-17,Fresno,019,978130,32878,29911,430,30341,430
2020-10-17,Glenn,021,27897,652,633,0,633,3
2020-10-17,Humboldt,023,135768,551,535,1,536,7
2020-10-17,Imperial,025,180216,12596,11962,13,11975,330
2020-10-17,Inyo,027,18085,228,212,5,217,14
2020-10-17,Kern,029,883053,33497,32710,393,33103,428
2020-10-17,Kings,031,150075,8358,8151,45,8196,80
2020-10-17,Lake,033,64148,695,663,0,663,15
2020-10-17,Lassen,035,31185,768,757,2,759,0
2020-10-17,Los Angeles,037,10098052,293129,285858,2538,288396,6844
2020-10-17,Madera,039,155013,4938,4759,37,4796,53
2020-10-17,Marin,041,260295,7060,6958,19,6977,99
2020-10-17,Mariposa,043,17540,78,77,0,77,2
2020-10-17,Mendocino,045,87422,1050,977,4,981,21
2020-10-17,Merced,047,269075,9385,9275,27,9302,148
2020-10-17,Modoc,049,8938,30,26,0,26,0
2020-10-17,Mono,051,14174,176,155,6,161,1
2020-10-17,Monterey,053,433212,11079,10807,43,10850,80
2020-10-17,Napa,055,140530,1949,1866,8,1874,12
2020-10-17,Nevada,057,99092,609,580,18,598,8
2020-10-17,Orange,059,3164182,59346,56197,1666,57863,1396
2020-10-17,Placer,061,380077,4103,3898,15,3913,49
2020-10-17,Plumas,063,18699,62,52,0,52,0
2020-10-17,Riverside,065,2383286,65466,63171,251,63422,1270
2020-10-17,Sacramento,067,1510023,24857,24304,29,24333,482
2020-10-17,San Benito,069,59416,1402,1389,1,1390,14
2020-10-17,San Bernardino,071,2135413,61277,58415,384,58799,1097
2020-10-17,San Diego,073,3302833,54212,51986,1392,53378,853
2020-10-17,San Francisco,075,870044,12010,11877,42,11919,126
2020-10-17,San Joaquin,077,732212,21451,20932,145,21077,489
2020-10-17,San Luis Obispo,079,281455,4245,3979,20,3999,31
2020-10-17,San Mateo,081,765935,11068,10423,11,10434,153
2020-10-17,Santa Barbara,083,443738,9757,9588,84,9672,121
2020-10-17,Santa Clara,085,1922200,24546,22997,50,23047,349
2020-10-17,Santa Cruz,087,273765,2764,2680,32,2712,19
2020-10-17,Shasta,089,179085,1957,1679,18,1697,20
2020-10-17,Sierra,091,2930,6,6,0,6,0
2020-10-17,Siskiyou,093,43540,181,167,10,177,0
2020-10-17,Solano,095,438530,7144,6929,39,6968,57
2020-10-17,Sonoma,097,501317,9154,8725,23,8748,134
2020-10-17,Stanislaus,099,539301,17438,17232,678,17910,390
2020-10-17,Sutter,101,95872,1798,1762,1,1763,12
2020-10-17,Tehama,103,63373,823,764,2,766,5
2020-10-17,Trinity,105,12862,75,20,9,29,0
2020-10-17,Tulare,107,460477,17604,16995,283,17278,290
2020-10-17,Tuolumne,109,53932,266,241,6,247,4
2020-10-17,Ventura,111,848112,14573,13845,304,14149,151
2020-10-17,Yolo,113,214977,3137,3045,9,3054,55
2020-10-17,Yuba,115,75493,1203,1164,3,1167,10
2020-10-16,Alameda,001,1643700,23082,22315,208,22523,397
2020-10-16,Alpine,002,1148,3,3,0,3,0
2020-10-16,Amador,005,37829,314,309,0,309,16
2020-10-16,Butte,007,227075,3115,3004,57,3061,54
2020-10-16,Calaveras,009,45235,328,267,0,267,13
2020-10-16,Colusa,011,21464,543,544,1,545,6
2020-10-16,Contra Costa,013,1133247,18502,17956,92,18048,237
2020-10-16,Del Norte,015,27424,169,166,0,166,2
2020-10-16,El Dorado,017,186661,1337,1273,13,1286,4
2020-10-16,Fresno,019,978130,32803,29796,429,30225,427
2020-10-16,Glenn,021,27897,647,632,0,632,3
2020-10-16,Humboldt,023,135768,551,533,1,534,7
2020-10-16,Imperial,025,180216,12556,11885,13,11898,330
2020-10-16,Inyo,027,18085,224,212,5,217,14
2020-10-16,Kern,029,883053,33454,32660,391,33051,428
2020-10-16,Kings,031,150075,8349,8146,44,8190,80
2020-10-16,Lake,033,64148,693,644,0,644,14
2020-10-16,Lassen,035,31185,768,757,2,759,0
2020-10-16,Los Angeles,037,10098052,292065,284988,2517,287505,6835
2020-10-16,Madera,039,155013,4926,4736,36,4772,53
2020-10-16,Marin,041,260295,7050,6933,19,6952,99
2020-10-16,Mariposa,043,17540,78,76,0,76,2
2020-10-16,Mendocino,045,87422,1043,974,4,978,21
2020-10-16,Merced,047,269075,9368,9246,27,9273,148
2020-10-16,Modoc,049,8938,30,26,0,26,0
2020-10-16,Mono,051,14174,174,155,6,161,1
2020-10-16,Monterey,053,433212,11044,10727,43,10770,79
2020-10-16,Napa,055,140530,1940,1855,8,1863,12
2020-10-16,Nevada,057,99092,607,579,18,597,8
2020-10-16,Orange,059,3164182,59168,56091,1660,57751,1388
2020-10-16,Placer,061,380077,4082,3864,15,3879,49
2020-10-16,Plumas,063,18699,61,52,0,52,0
2020-10-16,Riverside,065,2383286,65240,62986,250,63236,1267
2020-10-16,Sacramento,067,1510023,24762,24144,29,24173,479
2020-10-16,San Benito,069,59416,1399,1388,1,1389,14
2020-10-16,San Bernardino,071,2135413,61007,58233,384,58617,1069
2020-10-16,San Diego,073,3302833,53970,51785,1378,53163,850
2020-10-16,San Francisco,075,870044,11987,11840,41,11881,126
2020-10-16,San Joaquin,077,732212,21406,20910,144,21054,489
2020-10-16,San Luis Obispo,079,281455,4229,3952,20,3972,32
2020-10-16,San Mateo,081,765935,11042,10405,11,10416,153
2020-10-16,Santa Barbara,083,443738,9738,9549,84,9633,119
2020-10-16,Santa Clara,085,1922200,24458,22920,50,22970,345
2020-10-16,Santa Cruz,087,273765,2751,2666,32,2698,20
2020-10-16,Shasta,089,179085,1935,1660,18,1678,20
2020-10-16,Sierra,091,2930,6,6,0,6,0
2020-10-16,Siskiyou,093,43540,179,167,10,177,0
2020-10-16,Solano,095,438530,7121,6879,39,6918,55
2020-10-16,Sonoma,097,501317,9098,8652,23,8675,133
2020-10-16,Stanislaus,099,539301,17404,17201,670,17871,366
2020-10-16,Sutter,101,95872,1790,1756,1,1757,12
2020-10-16,Tehama,103,63373,822,737,2,739,3
2020-10-16,Trinity,105,12862,75,20,9,29,0
2020-10-16,Tulare,107,460477,17572,16965,275,17240,290
2020-10-16,Tuolumne,109,53932,264,237,6,243,4
2020-10-16,Ventura,111,848112,14530,13805,299,14104,152
2020-10-16,Yolo,113,214977,3128,3030,9,3039,55
2020-10-16,Yuba,115,75493,1203,1155,3,1158,10
2020-10-15,Alameda,001,1643700,23014,22267,207,22474,390
2020-10-15,Alpine,002,1148,3,3,0,3,0
2020-10-15,Amador,005,37829,314,309,0,309,16
2020-10-15,Butte,007,227075,3103,3000,56,3056,54
2020-10-15,Calaveras,009,45235,327,267,0,267,13
2020-10-15,Colusa,011,21464,542,543,1,544,6
2020-10-15,Contra Costa,013,1133247,18434,17893,91,17984,237
2020-10-15,Del Norte,015,27424,169,164,0,164,2
2020-10-15,El Dorado,017,186661,1332,1265,13,1278,4
2020-10-15,Fresno,019,978130,32703,29727,426,30153,425
2020-10-15,Glenn,021,27897,642,632,0,632,3
2020-10-15,Humboldt,023,135768,547,531,1,532,7
2020-10-15,Imperial,025,180216,12515,11820,12,11832,330
2020-10-15,Inyo,027,18085,224,210,5,215,14
2020-10-15,Kern,029,883053,33373,32593,388,32981,427
2020-10-15,Kings,031,150075,8334,8134,44,8178,80
2020-10-15,Lake,033,64148,691,642,0,642,14
2020-10-15,Lassen,035,31185,767,752,2,754,0
2020-10-15,Los Angeles,037,10098052,290780,284019,2484,286503,6807
2020-10-15,Madera,039,155013,4913,4723,35,4758,50
2020-10-15,Marin,041,260295,7042,6912,19,6931,99
2020-10-15,Mariposa,043,17540,78,76,0,76,2
2020-10-15,Mendocino,045,87422,1037,963,4,967,21
2020-10-15,Merced,047,269075,9341,9213,26,9239,147
2020-10-15,Modoc,049,8938,30,26,0,26,0
2020-10-15,Mono,051,14174,174,155,6,161,1
2020-10-15,Monterey,053,433212,10977,10677,42,10719,79
2020-10-15,Napa,055,140530,1927,1842,8,1850,12
2020-10-15,Nevada,057,99092,603,575,18,593,8
2020-10-15,Orange,059,3164182,58952,55952,1648,57600,1379
2020-10-15,Placer,061,380077,4053,3848,15,3863,48
2020-10-15,Plumas,063,18699,58,52,0,52,0
2020-10-15,Riverside,065,2383286,64908,62819,247,63066,1266
2020-10-15,Sacramento,067,1510023,24646,24068,29,24097,474
2020-10-15,San Benito,069,59416,1396,1384,1,1385,14
2020-10-15,San Bernardino,071,2135413,60668,58068,381,58449,1067
2020-10-15,San Diego,073,3302833,53686,51472,1362,52834,847
2020-10-15,San Francisco,075,870044,11959,11808,38,11846,126
2020-10-15,San Joaquin,077,732212,21335,20880,138,21018,487
2020-10-15,San Luis Obispo,079,281455,4213,3934,20,3954,32
2020-10-15,San Mateo,081,765935,11002,10340,11,10351,152
2020-10-15,Santa Barbara,083,443738,9714,9526,83,9609,117
2020-10-15,Santa Clara,085,1922200,24342,22808,50,22858,343
2020-10-15,Santa Cruz,087,273765,2737,2656,32,2688,13
2020-10-15,Shasta,089,179085,1924,1635,18,1653,20
2020-10-15,Sierra,091,2930,6,6,0,6,0
2020-10-15,Siskiyou,093,43540,175,166,10,176,0
2020-10-15,Solano,095,438530,7082,6830,39,6869,55
2020-10-15,Sonoma,097,501317,9006,8571,23,8594,133
2020-10-15,Stanislaus,099,539301,17366,17151,656,17807,366
2020-10-15,Sutter,101,95872,1787,1752,1,1753,12
2020-10-15,Tehama,103,63373,795,726,2,728,3
2020-10-15,Trinity,105,12862,75,20,9,29,0
2020-10-15,Tulare,107,460477,17512,16918,260,17178,289
2020-10-15,Tuolumne,109,53932,262,236,6,242,4
2020-10-15,Ventura,111,848112,14474,13750,294,14044,152
2020-10-15,Yolo,113,214977,3108,3014,9,3023,55
2020-10-15,Yuba,115,75493,1196,1151,3,1154,10
2020-10-14,Alameda,001,1643700,22915,22227,206,22433,398
2020-10-14,Alpine,002,1148,3,3,0,3,0
2020-10-14,Amador,005,37829,312,308,0,308,16
2020-10-14,Butte,007,227075,3095,2995,56,3051,54
2020-10-14,Calaveras,009,45235,327,266,0,266,12
2020-10-14,Colusa,011,21464,542,543,1,544,6
2020-10-14,Contra Costa,013,1133247,18376,17820,89,17909,236
2020-10-14,Del Norte,015,27424,168,163,0,163,2
2020-10-14,El Dorado,017,186661,1326,1264,12,1276,4
2020-10-14,Fresno,019,978130,32589,29650,420,30070,424
2020-10-14,Glenn,021,27897,641,629,0,629,3
2020-10-14,Humboldt,023,135768,544,531,1,532,7
2020-10-14,Imperial,025,180216,12478,11765,10,11775,330
2020-10-14,Inyo,027,18085,223,209,4,213,14
2020-10-14,Kern,029,883053,33298,32528,386,32914,425
2020-10-14,Kings,031,150075,8316,8118,44,8162,80
2020-10-14,Lake,033,64148,690,642,0,642,14
2020-10-14,Lassen,035,31185,765,752,2,754,0
2020-10-14,Los Angeles,037,10098052,289465,282918,2441,285359,6786
2020-10-14,Madera,039,155013,4898,4713,33,4746,50
2020-10-14,Marin,041,260295,7036,6907,19,6926,99
2020-10-14,Mariposa,043,17540,77,76,0,76,2
2020-10-14,Mendocino,045,87422,1031,955,4,959,21
2020-10-14,Merced,047,269075,9316,9201,25,9226,147
2020-10-14,Modoc,049,8938,30,27,0,27,0
2020-10-14,Mono,051,14174,174,155,6,161,1
2020-10-14,Monterey,053,433212,10927,10616,42,10658,78
2020-10-14,Napa,055,140530,1910,1837,8,1845,12
2020-10-14,Nevada,057,99092,601,573,18,591,7
2020-10-14,Orange,059,3164182,58739,55756,1639,57395,1348
2020-10-14,Placer,061,380077,4030,3829,15,3844,48
2020-10-14,Plumas,063,18699,54,52,0,52,0
2020-10-14,Riverside,065,2383286,64625,62607,246,62853,1261
2020-10-14,Sacramento,067,1510023,24502,24013,29,24042,472
2020-10-14,San Benito,069,59416,1394,1381,0,1381,14
2020-10-14,San Bernardino,071,2135413,60342,57774,377,58151,1063
2020-10-14,San Diego,073,3302833,53367,51329,1338,52667,844
2020-10-14,San Francisco,075,870044,11927,11783,37,11820,123
2020-10-14,San Joaquin,077,732212,21256,20845,124,20969,487
2020-10-14,San Luis Obispo,079,281455,4190,3901,19,3920,32
2020-10-14,San Mateo,081,765935,10951,10309,11,10320,132
2020-10-14,Santa Barbara,083,443738,9680,9509,83,9592,117
2020-10-14,Santa Clara,085,1922200,24193,22735,50,22785,343
2020-10-14,Santa Cruz,087,273765,2727,2618,32,2650,13
2020-10-14,Shasta,089,179085,1886,1553,18,1571,20
2020-10-14,Sierra,091,2930,6,6,0,6,0
2020-10-14,Siskiyou,093,43540,175,166,10,176,0
2020-10-14,Solano,095,438530,7026,6786,39,6825,55
2020-10-14,Sonoma,097,501317,8953,8514,23,8537,133
2020-10-14,Stanislaus,099,539301,17321,17105,653,17758,365
2020-10-14,Sutter,101,95872,1778,1747,1,1748,12
2020-10-14,Tehama,103,63373,784,721,2,723,3
2020-10-14,Trinity,105,12862,74,20,9,29,0
2020-10-14,Tulare,107,460477,17450,16863,247,17110,287
2020-10-14,Tuolumne,109,53932,261,236,6,242,4
2020-10-14,Ventura,111,848112,14420,13697,290,13987,152
2020-10-14,Yolo,113,214977,3090,3007,8,3015,55
2020-10-14,Yuba,115,75493,1188,1147,3,1150,10
2020-10-13,Alameda,001,1643700,22811,22185,204,22389,389
2020-10-13,Alpine,002,1148,3,3,0,3,0
2020-10-13,Amador,005,37829,310,306,0,306,16
2020-10-13,Butte,007,227075,3087,2992,56,3048,54
2020-10-13,Calaveras,009,45235,323,262,0,262,12
2020-10-13,Colusa,011,21464,542,541,1,542,6
2020-10-13,Contra Costa,013,1133247,18319,17783,89,17872,234
2020-10-13,Del Norte,015,27424,168,163,0,163,2
2020-10-13,El Dorado,017,186661,1317,1262,12,1274,4
2020-10-13,Fresno,019,978130,32466,29579,416,29995,424
2020-10-13,Glenn,021,27897,640,629,0,629,3
2020-10-13,Humboldt,023,135768,542,523,1,524,7
2020-10-13,Imperial,025,180216,12442,11727,10,11737,327
2020-10-13,Inyo,027,18085,220,207,4,211,14
2020-10-13,Kern,029,883053,33224,32497,384,32881,419
2020-10-13,Kings,031,150075,8307,8111,44,8155,80
2020-10-13,Lake,033,64148,687,639,0,639,12
2020-10-13,Lassen,035,31185,763,752,2,754,0
2020-10-13,Los Angeles,037,10098052,288184,281716,2401,284117,6767
2020-10-13,Madera,039,155013,4879,4700,33,4733,50
2020-10-13,Marin,041,260295,7014,6900,18,6918,97
2020-10-13,Mariposa,043,17540,77,76,0,76,2
2020-10-13,Mendocino,045,87422,1022,950,4,954,21
2020-10-13,Merced,047,269075,9299,9181,25,9206,146
2020-10-13,Modoc,049,8938,29,28,0,28,0
2020-10-13,Mono,051,14174,174,155,5,160,1
2020-10-13,Monterey,053,433212,10866,10574,41,10615,78
2020-10-13,Napa,055,140530,1901,1825,8,1833,12
2020-10-13,Nevada,057,99092,594,572,18,590,7
2020-10-13,Orange,059,3164182,58526,55515,1626,57141,1326
2020-10-13,Placer,061,380077,3992,3825,15,3840,48
2020-10-13,Plumas,063,18699,52,51,0,51,0
2020-10-13,Riverside,065,2383286,64306,62279,244,62523,1254
2020-10-13,Sacramento,067,1510023,24425,23930,29,23959,466
2020-10-13,San Benito,069,59416,1386,1380,0,1380,14
2020-10-13,San Bernardino,071,2135413,60004,57411,375,57786,1061
2020-10-13,San Diego,073,3302833,53074,51026,1321,52347,840
2020-10-13,San Francisco,075,870044,11890,11659,37,11696,122
2020-10-13,San Joaquin,077,732212,21194,20822,120,20942,481
2020-10-13,San Luis Obispo,079,281455,4173,3892,18,3910,32
2020-10-13,San Mateo,081,765935,10908,10286,11,10297,130
2020-10-13,Santa Barbara,083,443738,9648,9489,83,9572,117
2020-10-13,Santa Clara,085,1922200,24065,22678,50,22728,343
2020-10-13,Santa Cruz,087,273765,2709,2603,32,2635,13
2020-10-13,Shasta,089,179085,1862,1606,18,1624,20
2020-10-13,Sierra,091,2930,6,6,0,6,0
2020-10-13,Siskiyou,093,43540,174,163,10,173,0
2020-10-13,Solano,095,438530,6991,6761,39,6800,55
2020-10-13,Sonoma,097,501317,8870,8456,23,8479,133
2020-10-13,Stanislaus,099,539301,17276,17082,648,17730,362
2020-10-13,Sutter,101,95872,1769,1748,1,1749,12
2020-10-13,Tehama,103,63373,777,717,2,719,3
2020-10-13,Trinity,105,12862,70,19,8,27,0
2020-10-13,Tulare,107,460477,17392,16822,239,17061,286
2020-10-13,Tuolumne,109,53932,259,235,6,241,4
2020-10-13,Ventura,111,848112,14366,13645,286,13931,151
2020-10-13,Yolo,113,214977,3082,2983,7,2990,55
2020-10-13,Yuba,115,75493,1183,1143,3,1146,10
2020-10-12,Alameda,001,1643700,22732,22126,203,22329,389
2020-10-12,Alpine,002,1148,3,3,0,3,0
2020-10-12,Amador,005,37829,309,305,0,305,16
2020-10-12,Butte,007,227075,3080,2975,56,3031,54
2020-10-12,Calaveras,009,45235,323,262,0,262,12
2020-10-12,Colusa,011,21464,542,541,1,542,6
2020-10-12,Contra Costa,013,1133247,18245,17728,89,17817,233
2020-10-12,Del Norte,015,27424,168,161,0,161,2
2020-10-12,El Dorado,017,186661,1314,1254,12,1266,4
2020-10-12,Fresno,019,978130,32334,29523,412,29935,421
2020-10-12,Glenn,021,27897,639,626,0,626,3
2020-10-12,Humboldt,023,135768,539,522,1,523,7
2020-10-12,Imperial,025,180216,12404,11689,10,11699,328
2020-10-12,Inyo,027,18085,217,201,4,205,14
2020-10-12,Kern,029,883053,33131,32425,380,32805,419
2020-10-12,Kings,031,150075,8301,8106,44,8150,80
2020-10-12,Lake,033,64148,681,633,0,633,12
2020-10-12,Lassen,035,31185,763,752,2,754,0
2020-10-12,Los Angeles,037,10098052,286964,280961,2374,283335,6747
2020-10-12,Madera,039,155013,4859,4689,33,4722,50
2020-10-12,Marin,041,260295,6997,6886,18,6904,97
2020-10-12,Mariposa,043,17540,77,76,0,76,2
2020-10-12,Mendocino,045,87422,1016,947,4,951,21
2020-10-12,Merced,047,269075,9278,9141,25,9166,146
2020-10-12,Modoc,049,8938,29,27,0,27,0
2020-10-12,Mono,051,14174,174,154,5,159,1
2020-10-12,Monterey,053,433212,10800,10473,41,10514,77
2020-10-12,Napa,055,140530,1893,1819,8,1827,11
2020-10-12,Nevada,057,99092,590,570,18,588,7
2020-10-12,Orange,059,3164182,58297,55373,1616,56989,1326
2020-10-12,Placer,061,380077,3960,3808,14,3822,48
2020-10-12,Plumas,063,18699,52,51,0,51,0
2020-10-12,Riverside,065,2383286,63995,62279,240,62519,1254
2020-10-12,Sacramento,067,1510023,24320,23807,29,23836,466
2020-10-12,San Benito,069,59416,1383,1376,0,1376,13
2020-10-12,San Bernardino,071,2135413,59628,57235,374,57609,1061
2020-10-12,San Diego,073,3302833,52784,50748,1294,52042,826
2020-10-12,San Francisco,075,870044,11858,11659,37,11696,122
2020-10-12,San Joaquin,077,732212,21131,20701,114,20815,480
2020-10-12,San Luis Obispo,079,281455,4146,3874,18,3892,32
2020-10-12,San Mateo,081,765935,10860,10262,11,10273,130
2020-10-12,Santa Barbara,083,443738,9609,9462,83,9545,117
2020-10-12,Santa Clara,085,1922200,23949,22578,50,22628,343
2020-10-12,Santa Cruz,087,273765,2692,2590,32,2622,13
2020-10-12,Shasta,089,179085,1837,1515,18,1533,20
2020-10-12,Sierra,091,2930,6,6,0,6,0
2020-10-12,Siskiyou,093,43540,173,162,10,172,0
2020-10-12,Solano,095,438530,6952,6742,39,6781,55
2020-10-12,Sonoma,097,501317,8798,8377,23,8400,133
2020-10-12,Stanislaus,099,539301,17227,17051,639,17690,361
2020-10-12,Sutter,101,95872,1761,1741,1,1742,12
2020-10-12,Tehama,103,63373,761,708,2,710,3
2020-10-12,Trinity,105,12862,69,19,8,27,0
2020-10-12,Tulare,107,460477,17341,16742,232,16974,286
2020-10-12,Tuolumne,109,53932,254,234,6,240,4
2020-10-12,Ventura,111,848112,14304,13617,282,13899,151
2020-10-12,Yolo,113,214977,3067,2964,7,2971,55
2020-10-12,Yuba,115,75493,1173,1141,3,1144,10
2020-10-11,Alameda,001,1643700,22642,22057,199,22256,392
2020-10-11,Alpine,002,1148,3,3,0,3,0
2020-10-11,Amador,005,37829,307,305,0,305,16
2020-10-11,Butte,007,227075,3072,2967,55,3022,54
2020-10-11,Calaveras,009,45235,321,262,0,262,12
2020-10-11,Colusa,011,21464,540,541,1,542,6
2020-10-11,Contra Costa,013,1133247,18161,17678,89,17767,233
2020-10-11,Del Norte,015,27424,166,161,0,161,2
2020-10-11,El Dorado,017,186661,1305,1242,12,1254,4
2020-10-11,Fresno,019,978130,32196,29419,404,29823,421
2020-10-11,Glenn,021,27897,637,625,0,625,3
2020-10-11,Humboldt,023,135768,538,521,1,522,7
2020-10-11,Imperial,025,180216,12345,11614,10,11624,328
2020-10-11,Inyo,027,18085,213,201,4,205,14
2020-10-11,Kern,029,883053,33044,32399,372,32771,418
2020-10-11,Kings,031,150075,8284,8094,43,8137,80
2020-10-11,Lake,033,64148,668,631,0,631,12
2020-10-11,Lassen,035,31185,762,752,2,754,0
2020-10-11,Los Angeles,037,10098052,285528,280190,2332,282522,6745
2020-10-11,Madera,039,155013,4831,4680,32,4712,50
2020-10-11,Marin,041,260295,6988,6870,18,6888,97
2020-10-11,Mariposa,043,17540,77,76,0,76,2
2020-10-11,Mendocino,045,87422,1009,944,4,948,21
2020-10-11,Merced,047,269075,9260,9124,25,9149,146
2020-10-11,Modoc,049,8938,29,27,0,27,0
2020-10-11,Mono,051,14174,174,154,5,159,1
2020-10-11,Monterey,053,433212,10749,10445,39,10484,77
2020-10-11,Napa,055,140530,1877,1811,8,1819,11
2020-10-11,Nevada,057,99092,588,569,18,587,7
2020-10-11,Orange,059,3164182,58067,55202,1611,56813,1326
2020-10-11,Placer,061,380077,3939,3787,14,3801,48
2020-10-11,Plumas,063,18699,52,51,0,51,0
2020-10-11,Riverside,065,2383286,63707,62112,236,62348,1254
2020-10-11,Sacramento,067,1510023,24177,23778,29,23807,466
2020-10-11,San Benito,069,59416,1382,1374,0,1374,13
2020-10-11,San Bernardino,071,2135413,59176,56997,372,57369,1061
2020-10-11,San Diego,073,3302833,52434,50553,1272,51825,826
2020-10-11,San Francisco,075,870044,11815,11659,37,11696,122
2020-10-11,San Joaquin,077,732212,21056,20700,104,20804,480
2020-10-11,San Luis Obispo,079,281455,4129,3874,17,3891,32
2020-10-11,San Mateo,081,765935,10828,10240,11,10251,130
2020-10-11,Santa Barbara,083,443738,9578,9440,82,9522,117
2020-10-11,Santa Clara,085,1922200,23809,22487,49,22536,336
2020-10-11,Santa Cruz,087,273765,2678,2578,32,2610,13
2020-10-11,Shasta,089,179085,1807,1515,17,1532,20
2020-10-11,Sierra,091,2930,6,6,0,6,0
2020-10-11,Siskiyou,093,43540,172,162,10,172,0
2020-10-11,Solano,095,438530,6898,6685,39,6724,53
2020-10-11,Sonoma,097,501317,8741,8319,23,8342,133
2020-10-11,Stanislaus,099,539301,17163,17007,623,17630,360
2020-10-11,Sutter,101,95872,1758,1742,1,1743,12
2020-10-11,Tehama,103,63373,737,702,2,704,3
2020-10-11,Trinity,105,12862,69,19,8,27,0
2020-10-11,Tulare,107,460477,17277,16741,224,16965,286
2020-10-11,Tuolumne,109,53932,249,234,6,240,4
2020-10-11,Ventura,111,848112,14243,13604,277,13881,151
2020-10-11,Yolo,113,214977,3037,2952,7,2959,55
2020-10-11,Yuba,115,75493,1162,1137,3,1140,10
2020-10-10,Alameda,001,1643700,22592,21979,198,22177,398
2020-10-10,Alpine,002,1148,3,3,0,3,0
2020-10-10,Amador,005,37829,306,304,0,304,16
2020-10-10,Butte,007,227075,3067,2962,54,3016,54
2020-10-10,Calaveras,009,45235,320,262,0,262,12
2020-10-10,Colusa,011,21464,540,541,1,542,6
2020-10-10,Contra Costa,013,1133247,18125,17566,88,17654,233
2020-10-10,Del Norte,015,27424,166,161,0,161,2
2020-10-10,El Dorado,017,186661,1303,1240,12,1252,4
2020-10-10,Fresno,019,978130,32132,29286,402,29688,421
2020-10-10,Glenn,021,27897,637,623,0,623,3
2020-10-10,Humboldt,023,135768,535,518,1,519,7
2020-10-10,Imperial,025,180216,12330,11591,10,11601,327
2020-10-10,Inyo,027,18085,210,201,4,205,14
2020-10-10,Kern,029,883053,33007,32338,372,32710,418
2020-10-10,Kings,031,150075,8280,8078,43,8121,80
2020-10-10,Lake,033,64148,667,630,0,630,11
2020-10-10,Lassen,035,31185,762,752,2,754,0
2020-10-10,Los Angeles,037,10098052,284810,279213,2298,281511,6743
2020-10-10,Madera,039,155013,4819,4662,32,4694,50
2020-10-10,Marin,041,260295,6979,6852,18,6870,97
2020-10-10,Mariposa,043,17540,77,76,0,76,2
2020-10-10,Mendocino,045,87422,1002,935,4,939,21
2020-10-10,Merced,047,269075,9254,9105,24,9129,146
2020-10-10,Modoc,049,8938,29,27,0,27,0
2020-10-10,Mono,051,14174,174,154,5,159,1
2020-10-10,Monterey,053,433212,10716,10410,39,10449,75
2020-10-10,Napa,055,140530,1870,1804,8,1812,11
2020-10-10,Nevada,057,99092,585,564,18,582,6
2020-10-10,Orange,059,3164182,57946,54965,1606,56571,1324
2020-10-10,Placer,061,380077,3922,3757,14,3771,48
2020-10-10,Plumas,063,18699,52,51,0,51,0
2020-10-10,Riverside,065,2383286,63504,61845,234,62079,1254
2020-10-10,Sacramento,067,1510023,24109,23689,29,23718,466
2020-10-10,San Benito,069,59416,1380,1370,0,1370,13
2020-10-10,San Bernardino,071,2135413,59014,56683,370,57053,1061
2020-10-10,San Diego,073,3302833,52204,50145,1254,51399,825
2020-10-10,San Francisco,075,870044,11794,11663,37,11700,122
2020-10-10,San Joaquin,077,732212,21028,20700,100,20800,481
2020-10-10,San Luis Obispo,079,281455,4109,3832,17,3849,32
2020-10-10,San Mateo,081,765935,10791,10218,11,10229,130
2020-10-10,Santa Barbara,083,443738,9567,9417,82,9499,116
2020-10-10,Santa Clara,085,1922200,23718,22354,49,22403,330
2020-10-10,Santa Cruz,087,273765,2664,2572,32,2604,13
2020-10-10,Shasta,089,179085,1790,1473,17,1490,20
2020-10-10,Sierra,091,2930,6,6,0,6,0
2020-10-10,Siskiyou,093,43540,172,161,10,171,0
2020-10-10,Solano,095,438530,6872,6655,39,6694,53
2020-10-10,Sonoma,097,501317,8721,8235,23,8258,133
2020-10-10,Stanislaus,099,539301,17128,16960,615,17575,360
2020-10-10,Sutter,101,95872,1755,1735,1,1736,12
2020-10-10,Tehama,103,63373,730,693,2,695,3
2020-10-10,Trinity,105,12862,69,19,8,27,0
2020-10-10,Tulare,107,460477,17241,16709,219,16928,286
2020-10-10,Tuolumne,109,53932,249,233,6,239,4
2020-10-10,Ventura,111,848112,14218,13520,277,13797,151
2020-10-10,Yolo,113,214977,3028,2939,7,2946,55
2020-10-10,Yuba,115,75493,1160,1134,3,1137,10
2020-10-09,Alameda,001,1643700,22544,21924,198,22122,399
2020-10-09,Alpine,002,1148,3,3,0,3,0
2020-10-09,Amador,005,37829,306,303,0,303,16
2020-10-09,Butte,007,227075,3064,2956,54,3010,51
2020-10-09,Calaveras,009,45235,318,262,0,262,11
2020-10-09,Colusa,011,21464,540,541,1,542,6
2020-10-09,Contra Costa,013,1133247,18074,17487,88,17575,229
2020-10-09,Del Norte,015,27424,165,161,0,161,2
2020-10-09,El Dorado,017,186661,1299,1234,12,1246,4
2020-10-09,Fresno,019,978130,32059,29208,400,29608,417
2020-10-09,Glenn,021,27897,632,617,0,617,3
2020-10-09,Humboldt,023,135768,533,516,1,517,7
2020-10-09,Imperial,025,180216,12304,11516,10,11526,330
2020-10-09,Inyo,027,18085,207,200,4,204,14
2020-10-09,Kern,029,883053,32963,32237,370,32607,417
2020-10-09,Kings,031,150075,8273,7993,41,8034,80
2020-10-09,Lake,033,64148,657,610,0,610,11
2020-10-09,Lassen,035,31185,762,751,2,753,0
2020-10-09,Los Angeles,037,10098052,283675,278039,2274,280313,6715
2020-10-09,Madera,039,155013,4809,4646,32,4678,50
2020-10-09,Marin,041,260295,6965,6838,18,6856,96
2020-10-09,Mariposa,043,17540,77,76,0,76,2
2020-10-09,Mendocino,045,87422,992,933,4,937,20
2020-10-09,Merced,047,269075,9240,9095,24,9119,145
2020-10-09,Modoc,049,8938,29,27,0,27,0
2020-10-09,Mono,051,14174,174,154,5,159,1
2020-10-09,Monterey,053,433212,10682,10369,39,10408,75
2020-10-09,Napa,055,140530,1860,1795,8,1803,11
2020-10-09,Nevada,057,99092,580,561,18,579,6
2020-10-09,Orange,059,3164182,57775,54746,1601,56347,1305
2020-10-09,Placer,061,380077,3908,3737,13,3750,48
2020-10-09,Plumas,063,18699,52,50,0,50,0
2020-10-09,Riverside,065,2383286,63268,61529,233,61762,1252
2020-10-09,Sacramento,067,1510023,24040,23606,29,23635,457
2020-10-09,San Benito,069,59416,1375,1367,0,1367,13
2020-10-09,San Bernardino,071,2135413,58774,56434,368,56802,1057
2020-10-09,San Diego,073,3302833,51928,49825,1243,51068,821
2020-10-09,San Francisco,075,870044,11764,11620,37,11657,120
2020-10-09,San Joaquin,077,732212,20998,20648,92,20740,481
2020-10-09,San Luis Obispo,079,281455,4090,3810,17,3827,32
2020-10-09,San Mateo,081,765935,10763,10140,11,10151,130
2020-10-09,Santa Barbara,083,443738,9539,9396,82,9478,116
2020-10-09,Santa Clara,085,1922200,23616,22251,48,22299,328
2020-10-09,Santa Cruz,087,273765,2655,2555,32,2587,13
2020-10-09,Shasta,089,179085,1764,1353,16,1369,20
2020-10-09,Sierra,091,2930,6,6,0,6,0
2020-10-09,Siskiyou,093,43540,170,156,10,166,0
2020-10-09,Solano,095,438530,6833,6614,39,6653,53
2020-10-09,Sonoma,097,501317,8667,8133,23,8156,133
2020-10-09,Stanislaus,099,539301,17103,16904,608,17512,362
2020-10-09,Sutter,101,95872,1751,1732,1,1733,12
2020-10-09,Tehama,103,63373,724,682,2,684,3
2020-10-09,Trinity,105,12862,69,25,8,33,0
2020-10-09,Tulare,107,460477,17201,16644,210,16854,286
2020-10-09,Tuolumne,109,53932,246,230,6,236,4
2020-10-09,Ventura,111,848112,14182,13469,274,13743,151
2020-10-09,Yolo,113,214977,3021,2928,7,2935,55
2020-10-09,Yuba,115,75493,1159,1129,3,1132,10
2020-10-08,Alameda,001,1643700,22463,21826,197,22023,395
2020-10-08,Alpine,002,1148,3,3,0,3,0
2020-10-08,Amador,005,37829,305,302,0,302,16
2020-10-08,Butte,007,227075,3054,2935,54,2989,51
2020-10-08,Calaveras,009,45235,317,262,0,262,11
2020-10-08,Colusa,011,21464,540,539,1,540,6
2020-10-08,Contra Costa,013,1133247,18014,17418,87,17505,228
2020-10-08,Del Norte,015,27424,165,151,0,151,2
2020-10-08,El Dorado,017,186661,1298,1230,12,1242,4
2020-10-08,Fresno,019,978130,31955,29111,400,29511,416
2020-10-08,Glenn,021,27897,629,616,0,616,3
2020-10-08,Humboldt,023,135768,529,515,1,516,7
2020-10-08,Imperial,025,180216,12264,11405,10,11415,330
2020-10-08,Inyo,027,18085,204,199,4,203,14
2020-10-08,Kern,029,883053,32905,32169,365,32534,411
2020-10-08,Kings,031,150075,8267,7968,41,8009,80
2020-10-08,Lake,033,64148,652,604,0,604,11
2020-10-08,Lassen,035,31185,757,751,2,753,0
2020-10-08,Los Angeles,037,10098052,282473,276763,2234,278997,6699
2020-10-08,Madera,039,155013,4791,4637,32,4669,50
2020-10-08,Marin,041,260295,6951,6810,18,6828,96
2020-10-08,Mariposa,043,17540,77,76,0,76,2
2020-10-08,Mendocino,045,87422,987,930,4,934,20
2020-10-08,Merced,047,269075,9220,9069,24,9093,144
2020-10-08,Modoc,049,8938,29,27,0,27,0
2020-10-08,Mono,051,14174,174,153,5,158,1
2020-10-08,Monterey,053,433212,10615,10343,39,10382,75
2020-10-08,Napa,055,140530,1845,1779,8,1787,11
2020-10-08,Nevada,057,99092,577,556,18,574,6
2020-10-08,Orange,059,3164182,57582,54523,1590,56113,1293
2020-10-08,Placer,061,380077,3890,3715,13,3728,48
2020-10-08,Plumas,063,18699,52,50,0,50,0
2020-10-08,Riverside,065,2383286,63000,61105,232,61337,1244
2020-10-08,Sacramento,067,1510023,23933,23482,29,23511,454
2020-10-08,San Benito,069,59416,1370,1367,0,1367,13
2020-10-08,San Bernardino,071,2135413,58409,56152,367,56519,1048
2020-10-08,San Diego,073,3302833,51648,49468,1211,50679,819
2020-10-08,San Francisco,075,870044,11726,11608,37,11645,115
2020-10-08,San Joaquin,077,732212,20946,20576,87,20663,478
2020-10-08,San Luis Obispo,079,281455,4074,3785,17,3802,32
2020-10-08,San Mateo,081,765935,10731,10044,11,10055,130
2020-10-08,Santa Barbara,083,443738,9511,9374,82,9456,116
2020-10-08,Santa Clara,085,1922200,23514,22095,48,22143,323
2020-10-08,Santa Cruz,087,273765,2643,2535,32,2567,13
2020-10-08,Shasta,089,179085,1730,1305,16,1321,20
2020-10-08,Sierra,091,2930,6,6,0,6,0
2020-10-08,Siskiyou,093,43540,170,156,10,166,0
2020-10-08,Solano,095,438530,6809,6556,39,6595,53
2020-10-08,Sonoma,097,501317,8601,8063,23,8086,132
2020-10-08,Stanislaus,099,539301,17057,16821,600,17421,360
2020-10-08,Sutter,101,95872,1751,1725,1,1726,12
2020-10-08,Tehama,103,63373,715,676,2,678,3
2020-10-08,Trinity,105,12862,68,25,8,33,0
2020-10-08,Tulare,107,460477,17140,16573,202,16775,283
2020-10-08,Tuolumne,109,53932,245,230,6,236,4
2020-10-08,Ventura,111,848112,14134,13399,272,13671,151
2020-10-08,Yolo,113,214977,3004,2914,7,2921,55
2020-10-08,Yuba,115,75493,1154,1126,3,1129,10
2020-10-07,Alameda,001,1643700,22386,21736,197,21933,395
2020-10-07,Alpine,002,1148,3,3,0,3,0
2020-10-07,Amador,005,37829,305,302,0,302,16
2020-10-07,Butte,007,227075,3043,2927,54,2981,47
2020-10-07,Calaveras,009,45235,315,262,0,262,11
2020-10-07,Colusa,011,21464,539,539,0,539,6
2020-10-07,Contra Costa,013,1133247,17944,17346,86,17432,225
2020-10-07,Del Norte,015,27424,164,149,0,149,2
2020-10-07,El Dorado,017,186661,1290,1219,12,1231,4
2020-10-07,Fresno,019,978130,31834,29069,395,29464,413
2020-10-07,Glenn,021,27897,629,615,0,615,3
2020-10-07,Humboldt,023,135768,526,512,1,513,7
2020-10-07,Imperial,025,180216,12227,11289,9,11298,330
2020-10-07,Inyo,027,18085,204,199,4,203,14
2020-10-07,Kern,029,883053,32832,32068,364,32432,410
2020-10-07,Kings,031,150075,8252,7948,41,7989,80
2020-10-07,Lake,033,64148,651,599,0,599,11
2020-10-07,Lassen,035,31185,757,751,2,753,0
2020-10-07,Los Angeles,037,10098052,281291,275559,2202,277761,6681
2020-10-07,Madera,039,155013,4771,4618,32,4650,50
2020-10-07,Marin,041,260295,6924,6790,18,6808,95
2020-10-07,Mariposa,043,17540,77,75,0,75,2
2020-10-07,Mendocino,045,87422,981,927,4,931,19
2020-10-07,Merced,047,269075,9183,9045,23,9068,144
2020-10-07,Modoc,049,8938,29,27,0,27,0
2020-10-07,Mono,051,14174,173,153,4,157,1
2020-10-07,Monterey,053,433212,10556,10272,39,10311,75
2020-10-07,Napa,055,140530,1832,1774,8,1782,11
2020-10-07,Nevada,057,99092,573,552,18,570,6
2020-10-07,Orange,059,3164182,57365,54332,1579,55911,1277
2020-10-07,Placer,061,380077,3874,3693,13,3706,48
2020-10-07,Plumas,063,18699,52,50,0,50,0
2020-10-07,Riverside,065,2383286,62653,60857,228,61085,1241
2020-10-07,Sacramento,067,1510023,23836,23380,29,23409,452
2020-10-07,San Benito,069,59416,1367,1363,0,1363,13
2020-10-07,San Bernardino,071,2135413,58060,55738,366,56104,1043
2020-10-07,San Diego,073,3302833,51332,49177,1187,50364,813
2020-10-07,San Francisco,075,870044,11690,11551,37,11588,115
2020-10-07,San Joaquin,077,732212,20894,20527,80,20607,478
2020-10-07,San Luis Obispo,079,281455,4044,3749,17,3766,32
2020-10-07,San Mateo,081,765935,10688,9980,11,9991,130
2020-10-07,Santa Barbara,083,443738,9485,9350,81,9431,116
2020-10-07,Santa Clara,085,1922200,23386,21993,48,22041,320
2020-10-07,Santa Cruz,087,273765,2631,2518,32,2550,14
2020-10-07,Shasta,089,179085,1687,1268,16,1284,20
2020-10-07,Sierra,091,2930,6,6,0,6,0
2020-10-07,Siskiyou,093,43540,168,154,10,164,0
2020-10-07,Solano,095,438530,6774,6526,39,6565,53
2020-10-07,Sonoma,097,501317,8526,7993,22,8015,130
2020-10-07,Stanislaus,099,539301,17022,16786,594,17380,357
2020-10-07,Sutter,101,95872,1748,1723,1,1724,12
2020-10-07,Tehama,103,63373,706,666,2,668,3
2020-10-07,Trinity,105,12862,64,25,8,33,0
2020-10-07,Tulare,107,460477,17097,16483,194,16677,282
2020-10-07,Tuolumne,109,53932,245,227,6,233,3
2020-10-07,Ventura,111,848112,14084,13333,266,13599,150
2020-10-07,Yolo,113,214977,2979,2904,7,2911,55
2020-10-07,Yuba,115,75493,1148,1120,3,1123,10
2020-10-06,Alameda,001,1643700,22295,21698,195,21893,385
2020-10-06,Alpine,002,1148,3,3,0,3,0
2020-10-06,Amador,005,37829,303,301,0,301,16
2020-10-06,Butte,007,227075,3036,2925,54,2979,47
2020-10-06,Calaveras,009,45235,315,261,0,261,11
2020-10-06,Colusa,011,21464,538,538,0,538,6
2020-10-06,Contra Costa,013,1133247,17865,17295,86,17381,219
2020-10-06,Del Norte,015,27424,164,144,0,144,2
2020-10-06,El Dorado,017,186661,1286,1211,12,1223,4
2020-10-06,Fresno,019,978130,31691,29022,392,29414,412
2020-10-06,Glenn,021,27897,626,604,0,604,3
2020-10-06,Humboldt,023,135768,523,508,1,509,7
2020-10-06,Imperial,025,180216,12189,11196,9,11205,327
2020-10-06,Inyo,027,18085,202,198,4,202,14
2020-10-06,Kern,029,883053,32756,32006,362,32368,407
2020-10-06,Kings,031,150075,8236,7943,41,7984,81
2020-10-06,Lake,033,64148,645,596,0,596,11
2020-10-06,Lassen,035,31185,757,743,2,745,0
2020-10-06,Los Angeles,037,10098052,280053,274115,2153,276268,6657
2020-10-06,Madera,039,155013,4759,4608,32,4640,50
2020-10-06,Marin,041,260295,6909,6766,18,6784,91
2020-10-06,Mariposa,043,17540,77,75,0,75,2
2020-10-06,Mendocino,045,87422,974,920,4,924,19
2020-10-06,Merced,047,269075,9147,9034,22,9056,143
2020-10-06,Modoc,049,8938,29,26,0,26,0
2020-10-06,Mono,051,14174,173,153,4,157,1
2020-10-06,Monterey,053,433212,10501,10235,37,10272,72
2020-10-06,Napa,055,140530,1826,1770,8,1778,11
2020-10-06,Nevada,057,99092,570,551,18,569,6
2020-10-06,Orange,059,3164182,57149,54203,1570,55773,1273
2020-10-06,Placer,061,380077,3852,3680,13,3693,48
2020-10-06,Plumas,063,18699,52,49,0,49,0
2020-10-06,Riverside,065,2383286,62388,60593,226,60819,1238
2020-10-06,Sacramento,067,1510023,23750,23322,29,23351,442
2020-10-06,San Benito,069,59416,1366,1358,0,1358,12
2020-10-06,San Bernardino,071,2135413,57746,55416,361,55777,1040
2020-10-06,San Diego,073,3302833,50995,48823,1170,49993,806
2020-10-06,San Francisco,075,870044,11664,11513,36,11549,115
2020-10-06,San Joaquin,077,732212,20854,20481,77,20558,477
2020-10-06,San Luis Obispo,079,281455,4010,3723,17,3740,32
2020-10-06,San Mateo,081,765935,10656,9934,11,9945,129
2020-10-06,Santa Barbara,083,443738,9456,9331,80,9411,116
2020-10-06,Santa Clara,085,1922200,23291,21914,48,21962,320
2020-10-06,Santa Cruz,087,273765,2609,2510,32,2542,12
2020-10-06,Shasta,089,179085,1647,1242,16,1258,18
2020-10-06,Sierra,091,2930,6,6,0,6,0
2020-10-06,Siskiyou,093,43540,168,154,10,164,0
2020-10-06,Solano,095,438530,6728,6506,39,6545,52
2020-10-06,Sonoma,097,501317,8433,7895,22,7917,130
2020-10-06,Stanislaus,099,539301,16977,16759,588,17347,354
2020-10-06,Sutter,101,95872,1746,1722,1,1723,12
2020-10-06,Tehama,103,63373,696,660,2,662,3
2020-10-06,Trinity,105,12862,64,25,8,33,0
2020-10-06,Tulare,107,460477,17055,16456,186,16642,280
2020-10-06,Tuolumne,109,53932,244,227,6,233,2
2020-10-06,Ventura,111,848112,14017,13242,261,13503,150
2020-10-06,Yolo,113,214977,2965,2899,7,2906,56
2020-10-06,Yuba,115,75493,1147,1114,3,1117,10
2020-10-05,Alameda,001,1643700,22207,21637,192,21829,383
2020-10-05,Alpine,002,1148,3,2,0,2,0
2020-10-05,Amador,005,37829,303,299,0,299,16
2020-10-05,Butte,007,227075,3026,2910,54,2964,46
2020-10-05,Calaveras,009,45235,315,259,0,259,11
2020-10-05,Colusa,011,21464,538,537,0,537,6
2020-10-05,Contra Costa,013,1133247,17788,17250,86,17336,216
2020-10-05,Del Norte,015,27424,161,142,0,142,2
2020-10-05,El Dorado,017,186661,1282,1202,11,1213,4
2020-10-05,Fresno,019,978130,31574,29136,392,29528,408
2020-10-05,Glenn,021,27897,624,603,0,603,3
2020-10-05,Humboldt,023,135768,522,506,1,507,6
2020-10-05,Imperial,025,180216,12148,11169,9,11178,327
2020-10-05,Inyo,027,18085,202,197,4,201,14
2020-10-05,Kern,029,883053,32677,31933,358,32291,404
2020-10-05,Kings,031,150075,8139,7932,41,7973,80
2020-10-05,Lake,033,64148,641,592,0,592,10
2020-10-05,Lassen,035,31185,756,743,2,745,0
2020-10-05,Los Angeles,037,10098052,278957,273200,2115,275315,6632
2020-10-05,Madera,039,155013,4751,4598,30,4628,50
2020-10-05,Marin,041,260295,6892,6751,18,6769,91
2020-10-05,Mariposa,043,17540,77,75,0,75,2
2020-10-05,Mendocino,045,87422,966,913,4,917,19
2020-10-05,Merced,047,269075,9128,9021,21,9042,143
2020-10-05,Modoc,049,8938,29,26,0,26,0
2020-10-05,Mono,051,14174,173,152,4,156,1
2020-10-05,Monterey,053,433212,10454,10187,37,10224,72
2020-10-05,Napa,055,140530,1815,1760,8,1768,11
2020-10-05,Nevada,057,99092,567,550,17,567,6
2020-10-05,Orange,059,3164182,56933,54103,1557,55660,1271
2020-10-05,Placer,061,380077,3826,3670,13,3683,46
2020-10-05,Plumas,063,18699,51,49,0,49,0
2020-10-05,Riverside,065,2383286,62068,60454,222,60676,1232
2020-10-05,Sacramento,067,1510023,23646,23207,29,23236,438
2020-10-05,San Benito,069,59416,1363,1356,0,1356,12
2020-10-05,San Bernardino,071,2135413,57439,55100,360,55460,1031
2020-10-05,San Diego,073,3302833,50659,48662,1146,49808,803
2020-10-05,San Francisco,075,870044,11625,11476,34,11510,110
2020-10-05,San Joaquin,077,732212,20784,20319,74,20393,476
2020-10-05,San Luis Obispo,079,281455,3983,3710,17,3727,32
2020-10-05,San Mateo,081,765935,10629,9896,11,9907,128
2020-10-05,Santa Barbara,083,443738,9434,9309,80,9389,116
2020-10-05,Santa Clara,085,1922200,23174,21861,48,21909,319
2020-10-05,Santa Cruz,087,273765,2597,2492,32,2524,9
2020-10-05,Shasta,089,179085,1615,1158,16,1174,18
2020-10-05,Sierra,091,2930,6,6,0,6,0
2020-10-05,Siskiyou,093,43540,168,153,10,163,0
2020-10-05,Solano,095,438530,6690,6475,39,6514,52
2020-10-05,Sonoma,097,501317,8341,7817,22,7839,130
2020-10-05,Stanislaus,099,539301,16941,16730,581,17311,351
2020-10-05,Sutter,101,95872,1738,1719,1,1720,12
2020-10-05,Tehama,103,63373,688,642,2,644,3
2020-10-05,Trinity,105,12862,62,22,8,30,0
2020-10-05,Tulare,107,460477,16996,16343,181,16524,278
2020-10-05,Tuolumne,109,53932,241,226,6,232,2
2020-10-05,Ventura,111,848112,13948,13224,242,13466,149
2020-10-05,Yolo,113,214977,2946,2889,7,2896,56
2020-10-05,Yuba,115,75493,1134,1108,3,1111,9
2020-10-04,Alameda,001,1643700,22111,21597,192,21789,383
2020-10-04,Alpine,002,1148,3,2,0,2,0
2020-10-04,Amador,005,37829,302,297,0,297,16
2020-10-04,Butte,007,227075,3012,2903,54,2957,46
2020-10-04,Calaveras,009,45235,315,259,0,259,11
2020-10-04,Colusa,011,21464,537,537,0,537,6
2020-10-04,Contra Costa,013,1133247,17724,17192,86,17278,214
2020-10-04,Del Norte,015,27424,157,142,0,142,2
2020-10-04,El Dorado,017,186661,1278,1196,11,1207,4
2020-10-04,Fresno,019,978130,31451,29065,392,29457,408
2020-10-04,Glenn,021,27897,622,601,0,601,3
2020-10-04,Humboldt,023,135768,521,506,1,507,6
2020-10-04,Imperial,025,180216,12109,11127,9,11136,327
2020-10-04,Inyo,027,18085,199,195,4,199,14
2020-10-04,Kern,029,883053,32602,31906,355,32261,404
2020-10-04,Kings,031,150075,8124,7919,41,7960,80
2020-10-04,Lake,033,64148,627,589,0,589,10
2020-10-04,Lassen,035,31185,756,743,2,745,0
2020-10-04,Los Angeles,037,10098052,277569,272822,2069,274891,6625
2020-10-04,Madera,039,155013,4735,4587,30,4617,50
2020-10-04,Marin,041,260295,6872,6741,18,6759,91
2020-10-04,Mariposa,043,17540,77,75,0,75,2
2020-10-04,Mendocino,045,87422,953,905,4,909,18
2020-10-04,Merced,047,269075,9103,9006,21,9027,140
2020-10-04,Modoc,049,8938,29,26,0,26,0
2020-10-04,Mono,051,14174,172,152,3,155,1
2020-10-04,Monterey,053,433212,10413,10141,36,10177,72
2020-10-04,Napa,055,140530,1803,1759,8,1767,11
2020-10-04,Nevada,057,99092,563,547,16,563,6
2020-10-04,Orange,059,3164182,56697,53966,1548,55514,1270
2020-10-04,Placer,061,380077,3805,3664,13,3677,46
2020-10-04,Plumas,063,18699,51,49,0,49,0
2020-10-04,Riverside,065,2383286,61782,60251,218,60469,1226
2020-10-04,Sacramento,067,1510023,23530,23162,29,23191,438
2020-10-04,San Benito,069,59416,1363,1355,0,1355,12
2020-10-04,San Bernardino,071,2135413,56990,55100,358,55458,1031
2020-10-04,San Diego,073,3302833,50292,48438,1121,49559,803
2020-10-04,San Francisco,075,870044,11593,11474,32,11506,110
2020-10-04,San Joaquin,077,732212,20707,20320,68,20388,476
2020-10-04,San Luis Obispo,079,281455,3958,3688,17,3705,31
2020-10-04,San Mateo,081,765935,10569,9858,11,9869,128
2020-10-04,Santa Barbara,083,443738,9408,9276,78,9354,116
2020-10-04,Santa Clara,085,1922200,23037,21780,48,21828,316
2020-10-04,Santa Cruz,087,273765,2581,2483,32,2515,9
2020-10-04,Shasta,089,179085,1517,1158,15,1173,18
2020-10-04,Sierra,091,2930,6,6,0,6,0
2020-10-04,Siskiyou,093,43540,168,153,10,163,0
2020-10-04,Solano,095,438530,6639,6445,39,6484,52
2020-10-04,Sonoma,097,501317,8253,7794,22,7816,129
2020-10-04,Stanislaus,099,539301,16891,16711,572,17283,351
2020-10-04,Sutter,101,95872,1735,1711,1,1712,11
2020-10-04,Tehama,103,63373,673,637,2,639,3
2020-10-04,Trinity,105,12862,61,21,8,29,0
2020-10-04,Tulare,107,460477,16919,16343,170,16513,278
2020-10-04,Tuolumne,109,53932,239,226,6,232,2
2020-10-04,Ventura,111,848112,13866,13197,225,13422,149
2020-10-04,Yolo,113,214977,2935,2875,7,2882,56
2020-10-04,Yuba,115,75493,1130,1103,3,1106,9
2020-10-03,Alameda,001,1643700,22065,21510,191,21701,386
2020-10-03,Alpine,002,1148,3,2,0,2,0
2020-10-03,Amador,005,37829,301,296,0,296,16
2020-10-03,Butte,007,227075,3006,2894,54,2948,46
2020-10-03,Calaveras,009,45235,315,259,0,259,11
2020-10-03,Colusa,011,21464,536,537,0,537,6
2020-10-03,Contra Costa,013,1133247,17674,17087,84,17171,213
2020-10-03,Del Norte,015,27424,153,142,0,142,2
2020-10-03,El Dorado,017,186661,1271,1188,11,1199,4
2020-10-03,Fresno,019,978130,31391,28975,391,29366,408
2020-10-03,Glenn,021,27897,620,601,0,601,3
2020-10-03,Humboldt,023,135768,520,504,1,505,6
2020-10-03,Imperial,025,180216,12086,11090,9,11099,327
2020-10-03,Inyo,027,18085,199,194,4,198,14
2020-10-03,Kern,029,883053,32552,31864,351,32215,403
2020-10-03,Kings,031,150075,8120,7887,41,7928,80
2020-10-03,Lake,033,64148,617,588,0,588,10
2020-10-03,Lassen,035,31185,756,743,2,745,0
2020-10-03,Los Angeles,037,10098052,276862,271869,2040,273909,6620
2020-10-03,Madera,039,155013,4718,4565,30,4595,50
2020-10-03,Marin,041,260295,6866,6728,18,6746,91
2020-10-03,Mariposa,043,17540,77,75,0,75,2
2020-10-03,Mendocino,045,87422,951,898,4,902,18
2020-10-03,Merced,047,269075,9090,8986,21,9007,139
2020-10-03,Modoc,049,8938,29,26,0,26,0
2020-10-03,Mono,051,14174,171,152,3,155,1
2020-10-03,Monterey,053,433212,10379,10092,33,10125,72
2020-10-03,Napa,055,140530,1799,1752,8,1760,11
2020-10-03,Nevada,057,99092,562,544,16,560,6
2020-10-03,Orange,059,3164182,56580,53573,1543,55116,1268
2020-10-03,Placer,061,380077,3794,3648,13,3661,47
2020-10-03,Plumas,063,18699,51,48,0,48,0
2020-10-03,Riverside,065,2383286,61630,59991,216,60207,1226
2020-10-03,Sacramento,067,1510023,23479,23076,29,23105,437
2020-10-03,San Benito,069,59416,1363,1351,0,1351,12
2020-10-03,San Bernardino,071,2135413,56817,55004,355,55359,1031
2020-10-03,San Diego,073,3302833,50061,48202,1104,49306,798
2020-10-03,San Francisco,075,870044,11568,11475,30,11505,110
2020-10-03,San Joaquin,077,732212,20681,20322,68,20390,476
2020-10-03,San Luis Obispo,079,281455,3934,3670,17,3687,31
2020-10-03,San Mateo,081,765935,10542,9822,10,9832,128
2020-10-03,Santa Barbara,083,443738,9395,9256,78,9334,116
2020-10-03,Santa Clara,085,1922200,22957,21672,48,21720,309
2020-10-03,Santa Cruz,087,273765,2573,2476,32,2508,9
2020-10-03,Shasta,089,179085,1489,1117,14,1131,18
2020-10-03,Sierra,091,2930,6,6,0,6,0
2020-10-03,Siskiyou,093,43540,168,152,10,162,0
2020-10-03,Solano,095,438530,6613,6419,39,6458,52
2020-10-03,Sonoma,097,501317,8211,7747,22,7769,129
2020-10-03,Stanislaus,099,539301,16858,16645,568,17213,351
2020-10-03,Sutter,101,95872,1731,1705,1,1706,11
2020-10-03,Tehama,103,63373,667,630,2,632,3
2020-10-03,Trinity,105,12862,61,15,8,23,0
2020-10-03,Tulare,107,460477,16875,16322,166,16488,278
2020-10-03,Tuolumne,109,53932,238,224,6,230,2
2020-10-03,Ventura,111,848112,13828,13150,221,13371,148
2020-10-03,Yolo,113,214977,2928,2863,7,2870,56
2020-10-03,Yuba,115,75493,1122,1097,3,1100,8
2020-10-02,Alameda,001,1643700,22011,21404,190,21594,382
2020-10-02,Alpine,002,1148,3,2,0,2,0
2020-10-02,Amador,005,37829,300,296,0,296,16
2020-10-02,Butte,007,227075,2996,2879,54,2933,46
2020-10-02,Calaveras,009,45235,314,259,0,259,11
2020-10-02,Colusa,011,21464,535,537,0,537,6
2020-10-02,Contra Costa,013,1133247,17631,17002,83,17085,213
2020-10-02,Del Norte,015,27424,152,141,0,141,2
2020-10-02,El Dorado,017,186661,1264,1168,11,1179,4
2020-10-02,Fresno,019,978130,31309,28855,391,29246,403
2020-10-02,Glenn,021,27897,615,594,0,594,3
2020-10-02,Humboldt,023,135768,519,503,1,504,6
2020-10-02,Imperial,025,180216,12064,11024,9,11033,327
2020-10-02,Inyo,027,18085,197,191,4,195,14
2020-10-02,Kern,029,883053,32500,31790,344,32134,399
2020-10-02,Kings,031,150075,8111,7716,41,7757,79
2020-10-02,Lake,033,64148,611,579,0,579,10
2020-10-02,Lassen,035,31185,756,742,2,744,0
2020-10-02,Los Angeles,037,10098052,275961,270935,2014,272949,6602
2020-10-02,Madera,039,155013,4710,4537,30,4567,49
2020-10-02,Marin,041,260295,6849,6717,18,6735,91
2020-10-02,Mariposa,043,17540,77,75,0,75,2
2020-10-02,Mendocino,045,87422,946,883,4,887,18
2020-10-02,Merced,047,269075,9080,8961,21,8982,139
2020-10-02,Modoc,049,8938,29,26,0,26,0
2020-10-02,Mono,051,14174,171,150,3,153,1
2020-10-02,Monterey,053,433212,10345,9997,33,10030,71
2020-10-02,Napa,055,140530,1793,1737,8,1745,11
2020-10-02,Nevada,057,99092,559,543,16,559,6
2020-10-02,Orange,059,3164182,56449,53299,1536,54835,1262
2020-10-02,Placer,061,380077,3774,3612,13,3625,46
2020-10-02,Plumas,063,18699,51,48,0,48,0
2020-10-02,Riverside,065,2383286,61409,59673,213,59886,1223
2020-10-02,Sacramento,067,1510023,23414,22818,29,22847,436
2020-10-02,San Benito,069,59416,1359,1347,0,1347,12
2020-10-02,San Bernardino,071,2135413,56631,54613,355,54968,1028
2020-10-02,San Diego,073,3302833,49809,47793,1088,48881,794
2020-10-02,San Francisco,075,870044,11545,11398,30,11428,110
2020-10-02,San Joaquin,077,732212,20647,20235,67,20302,474
2020-10-02,San Luis Obispo,079,281455,3911,3654,17,3671,31
2020-10-02,San Mateo,081,765935,10501,9745,10,9755,128
2020-10-02,Santa Barbara,083,443738,9372,9234,78,9312,116
2020-10-02,Santa Clara,085,1922200,22871,21545,47,21592,305
2020-10-02,Santa Cruz,087,273765,2556,2463,32,2495,9
2020-10-02,Shasta,089,179085,1454,1046,14,1060,18
2020-10-02,Sierra,091,2930,6,6,0,6,0
2020-10-02,Siskiyou,093,43540,168,151,10,161,0
2020-10-02,Solano,095,438530,6583,6385,39,6424,52
2020-10-02,Sonoma,097,501317,8154,7662,22,7684,125
2020-10-02,Stanislaus,099,539301,16817,16609,559,17168,349
2020-10-02,Sutter,101,95872,1730,1693,1,1694,11
2020-10-02,Tehama,103,63373,662,619,2,621,3
2020-10-02,Trinity,105,12862,61,15,8,23,0
2020-10-02,Tulare,107,460477,16834,16245,159,16404,278
2020-10-02,Tuolumne,109,53932,236,225,6,231,2
2020-10-02,Ventura,111,848112,13789,13120,216,13336,146
2020-10-02,Yolo,113,214977,2923,2845,7,2852,55
2020-10-02,Yuba,115,75493,1120,1090,3,1093,8
2020-10-01,Alameda,001,1643700,21950,21349,186,21535,383
2020-10-01,Alpine,002,1148,3,2,0,2,0
2020-10-01,Amador,005,37829,300,294,0,294,16
2020-10-01,Butte,007,227075,2988,2865,54,2919,45
2020-10-01,Calaveras,009,45235,314,257,0,257,11
2020-10-01,Colusa,011,21464,535,536,0,536,6
2020-10-01,Contra Costa,013,1133247,17567,16898,83,16981,211
2020-10-01,Del Norte,015,27424,147,140,0,140,2
2020-10-01,El Dorado,017,186661,1260,1162,10,1172,4
2020-10-01,Fresno,019,978130,31229,28796,389,29185,397
2020-10-01,Glenn,021,27897,611,593,0,593,3
2020-10-01,Humboldt,023,135768,519,499,1,500,6
2020-10-01,Imperial,025,180216,12022,10928,9,10937,325
2020-10-01,Inyo,027,18085,197,191,4,195,14
2020-10-01,Kern,029,883053,32437,31678,339,32017,399
2020-10-01,Kings,031,150075,8100,7688,38,7726,79
2020-10-01,Lake,033,64148,605,572,0,572,11
2020-10-01,Lassen,035,31185,753,742,2,744,0
2020-10-01,Los Angeles,037,10098052,274915,271513,1981,273494,6621
2020-10-01,Madera,039,155013,4687,4508,30,4538,48
2020-10-01,Marin,041,260295,6835,6710,18,6728,92
2020-10-01,Mariposa,043,17540,77,76,0,76,2
2020-10-01,Mendocino,045,87422,941,874,4,878,19
2020-10-01,Merced,047,269075,9053,8942,21,8963,138
2020-10-01,Modoc,049,8938,29,26,0,26,0
2020-10-01,Mono,051,14174,169,150,3,153,1
2020-10-01,Monterey,053,433212,10270,9958,33,9991,71
2020-10-01,Napa,055,140530,1785,1729,8,1737,11
2020-10-01,Nevada,057,99092,558,543,16,559,6
2020-10-01,Orange,059,3164182,56283,53088,1523,54611,1257
2020-10-01,Placer,061,380077,3747,3599,13,3612,45
2020-10-01,Plumas,063,18699,51,48,0,48,0
2020-10-01,Riverside,065,2383286,61156,59293,207,59500,1223
2020-10-01,Sacramento,067,1510023,23302,22714,28,22742,433
2020-10-01,San Benito,069,59416,1357,1346,0,1346,12
2020-10-01,San Bernardino,071,2135413,56338,54350,352,54702,1021
2020-10-01,San Diego,073,3302833,49527,47487,1068,48555,792
2020-10-01,San Francisco,075,870044,11514,11284,28,11312,110
2020-10-01,San Joaquin,077,732212,20601,20204,64,20268,471
2020-10-01,San Luis Obispo,079,281455,3884,3625,17,3642,31
2020-10-01,San Mateo,081,765935,10456,9681,10,9691,128
2020-10-01,Santa Barbara,083,443738,9332,9215,78,9293,118
2020-10-01,Santa Clara,085,1922200,22770,21398,47,21445,305
2020-10-01,Santa Cruz,087,273765,2541,2418,32,2450,10
2020-10-01,Shasta,089,179085,1403,991,14,1005,18
2020-10-01,Sierra,091,2930,6,6,0,6,0
2020-10-01,Siskiyou,093,43540,165,150,10,160,0
2020-10-01,Solano,095,438530,6545,6352,39,6391,52
2020-10-01,Sonoma,097,501317,8087,7569,22,7591,125
2020-10-01,Stanislaus,099,539301,16784,16555,553,17108,346
2020-10-01,Sutter,101,95872,1725,1684,1,1685,11
2020-10-01,Tehama,103,63373,652,606,2,608,3
2020-10-01,Trinity,105,12862,61,15,8,23,0
2020-10-01,Tulare,107,460477,16759,16182,156,16338,275
2020-10-01,Tuolumne,109,53932,236,223,6,229,2
2020-10-01,Ventura,111,848112,13737,13057,203,13260,146
2020-10-01,Yolo,113,214977,2905,2833,7,2840,55
2020-10-01,Yuba,115,75493,1116,1082,3,1085,8
2020-09-30,Alameda,001,1643700,21872,21271,183,21454,380
2020-09-30,Alpine,002,1148,3,2,0,2,0
2020-09-30,Amador,005,37829,300,294,0,294,16
2020-09-30,Butte,007,227075,2980,2858,54,2912,44
2020-09-30,Calaveras,009,45235,313,258,0,258,11
2020-09-30,Colusa,011,21464,534,534,0,534,6
2020-09-30,Contra Costa,013,1133247,17499,16819,83,16902,211
2020-09-30,Del Norte,015,27424,146,140,0,140,2
2020-09-30,El Dorado,017,186661,1248,1157,10,1167,4
2020-09-30,Fresno,019,978130,31139,28706,386,29092,395
2020-09-30,Glenn,021,27897,606,592,0,592,3
2020-09-30,Humboldt,023,135768,517,497,1,498,6
2020-09-30,Imperial,025,180216,11997,10868,9,10877,287
2020-09-30,Inyo,027,18085,196,189,4,193,14
2020-09-30,Kern,029,883053,32361,31601,338,31939,398
2020-09-30,Kings,031,150075,8072,7685,38,7723,79
2020-09-30,Lake,033,64148,599,567,0,567,10
2020-09-30,Lassen,035,31185,750,742,2,744,0
2020-09-30,Los Angeles,037,10098052,273693,270260,1949,272209,6568
2020-09-30,Madera,039,155013,4678,4477,30,4507,47
2020-09-30,Marin,041,260295,6811,6700,17,6717,91
2020-09-30,Mariposa,043,17540,77,76,0,76,2
2020-09-30,Mendocino,045,87422,935,867,4,871,17
2020-09-30,Merced,047,269075,9033,8926,21,8947,136
2020-09-30,Modoc,049,8938,29,26,0,26,0
2020-09-30,Mono,051,14174,169,150,3,153,1
2020-09-30,Monterey,053,433212,10219,9898,32,9930,70
2020-09-30,Napa,055,140530,1771,1728,8,1736,11
2020-09-30,Nevada,057,99092,556,540,16,556,6
2020-09-30,Orange,059,3164182,56092,52916,1508,54424,1251
2020-09-30,Placer,061,380077,3726,3585,13,3598,43
2020-09-30,Plumas,063,18699,51,48,0,48,0
2020-09-30,Riverside,065,2383286,60800,59074,203,59277,1220
2020-09-30,Sacramento,067,1510023,23199,22613,28,22641,429
2020-09-30,San Benito,069,59416,1354,1342,0,1342,12
2020-09-30,San Bernardino,071,2135413,56061,53988,351,54339,1018
2020-09-30,San Diego,073,3302833,49223,47182,1047,48229,783
2020-09-30,San Francisco,075,870044,11484,11247,28,11275,106
2020-09-30,San Joaquin,077,732212,20518,20150,62,20212,461
2020-09-30,San Luis Obispo,079,281455,3859,3597,17,3614,31
2020-09-30,San Mateo,081,765935,10414,9634,10,9644,128
2020-09-30,Santa Barbara,083,443738,9306,9186,78,9264,115
2020-09-30,Santa Clara,085,1922200,22665,21318,47,21365,302
2020-09-30,Santa Cruz,087,273765,2528,2405,32,2437,10
2020-09-30,Shasta,089,179085,1347,976,13,989,17
2020-09-30,Sierra,091,2930,6,6,0,6,0
2020-09-30,Siskiyou,093,43540,163,150,10,160,0
2020-09-30,Solano,095,438530,6503,6315,39,6354,51
2020-09-30,Sonoma,097,501317,7998,7494,22,7516,125
2020-09-30,Stanislaus,099,539301,16737,16531,547,17078,343
2020-09-30,Sutter,101,95872,1709,1680,1,1681,10
2020-09-30,Tehama,103,63373,646,594,2,596,3
2020-09-30,Trinity,105,12862,58,15,8,23,0
2020-09-30,Tulare,107,460477,16692,16117,149,16266,274
2020-09-30,Tuolumne,109,53932,234,224,6,230,2
2020-09-30,Ventura,111,848112,13702,12968,187,13155,145
2020-09-30,Yolo,113,214977,2892,2822,7,2829,55
2020-09-30,Yuba,115,75493,1113,1075,3,1078,8
2020-09-29,Alameda,001,1643700,21797,21241,180,21421,374
2020-09-29,Alpine,002,1148,3,2,0,2,0
2020-09-29,Amador,005,37829,298,294,0,294,16
2020-09-29,Butte,007,227075,2966,2848,54,2902,44
2020-09-29,Calaveras,009,45235,311,261,0,261,11
2020-09-29,Colusa,011,21464,534,534,0,534,6
2020-09-29,Contra Costa,013,1133247,17443,16716,81,16797,209
2020-09-29,Del Norte,015,27424,142,142,0,142,2
2020-09-29,El Dorado,017,186661,1239,1151,10,1161,4
2020-09-29,Fresno,019,978130,31042,28621,385,29006,394
2020-09-29,Glenn,021,27897,602,589,0,589,3
2020-09-29,Humboldt,023,135768,515,497,1,498,6
2020-09-29,Imperial,025,180216,11962,10811,9,10820,283
2020-09-29,Inyo,027,18085,195,188,4,192,14
2020-09-29,Kern,029,883053,32305,31534,337,31871,397
2020-09-29,Kings,031,150075,8016,7681,38,7719,78
2020-09-29,Lake,033,64148,597,566,0,566,11
2020-09-29,Lassen,035,31185,750,741,2,743,0
2020-09-29,Los Angeles,037,10098052,272477,269246,1921,271167,6545
2020-09-29,Madera,039,155013,4655,4453,30,4483,47
2020-09-29,Marin,041,260295,6790,6692,17,6709,91
2020-09-29,Mariposa,043,17540,77,74,0,74,2
2020-09-29,Mendocino,045,87422,925,854,4,858,17
2020-09-29,Merced,047,269075,9020,8892,19,8911,136
2020-09-29,Modoc,049,8938,29,26,0,26,0
2020-09-29,Mono,051,14174,169,149,3,152,1
2020-09-29,Monterey,053,433212,10164,9826,30,9856,70
2020-09-29,Napa,055,140530,1768,1727,8,1735,11
2020-09-29,Nevada,057,99092,551,539,16,555,6
2020-09-29,Orange,059,3164182,55905,52755,1497,54252,1231
2020-09-29,Placer,061,380077,3704,3570,13,3583,42
2020-09-29,Plumas,063,18699,51,48,0,48,0
2020-09-29,Riverside,065,2383286,60470,58863,196,59059,1208
2020-09-29,Sacramento,067,1510023,23078,22547,27,22574,425
2020-09-29,San Benito,069,59416,1349,1341,0,1341,12
2020-09-29,San Bernardino,071,2135413,55751,53753,350,54103,1012
2020-09-29,San Diego,073,3302833,48946,46987,1024,48011,781
2020-09-29,San Francisco,075,870044,11448,11142,28,11170,104
2020-09-29,San Joaquin,077,732212,20450,20094,60,20154,454
2020-09-29,San Luis Obispo,079,281455,3837,3581,17,3598,31
2020-09-29,San Mateo,081,765935,10367,9619,10,9629,127
2020-09-29,Santa Barbara,083,443738,9286,9149,77,9226,114
2020-09-29,Santa Clara,085,1922200,22529,21233,46,21279,302
2020-09-29,Santa Cruz,087,273765,2513,2383,31,2414,10
2020-09-29,Shasta,089,179085,1286,943,13,956,17
2020-09-29,Sierra,091,2930,6,6,0,6,0
2020-09-29,Siskiyou,093,43540,157,150,10,160,0
2020-09-29,Solano,095,438530,6469,6303,39,6342,51
2020-09-29,Sonoma,097,501317,7926,7426,22,7448,125
2020-09-29,Stanislaus,099,539301,16707,16505,541,17046,341
2020-09-29,Sutter,101,95872,1703,1677,1,1678,10
2020-09-29,Tehama,103,63373,628,585,2,587,2
2020-09-29,Trinity,105,12862,56,16,8,24,0
2020-09-29,Tulare,107,460477,16627,16055,142,16197,270
2020-09-29,Tuolumne,109,53932,234,224,6,230,2
2020-09-29,Ventura,111,848112,13645,12875,184,13059,145
2020-09-29,Yolo,113,214977,2879,2818,7,2825,55
2020-09-29,Yuba,115,75493,1111,1071,3,1074,8
2020-09-28,Alameda,001,1643700,21710,21133,180,21313,370
2020-09-28,Alpine,002,1148,3,2,0,2,0
2020-09-28,Amador,005,37829,296,294,0,294,16
2020-09-28,Butte,007,227075,2951,2837,54,2891,44
2020-09-28,Calaveras,009,45235,311,257,0,257,11
2020-09-28,Colusa,011,21464,533,531,0,531,6
2020-09-28,Contra Costa,013,1133247,17380,16653,81,16734,195
2020-09-28,Del Norte,015,27424,142,138,0,138,2
2020-09-28,El Dorado,017,186661,1232,1144,10,1154,4
2020-09-28,Fresno,019,978130,30961,28517,379,28896,389
2020-09-28,Glenn,021,27897,600,585,0,585,3
2020-09-28,Humboldt,023,135768,509,495,1,496,6
2020-09-28,Imperial,025,180216,11927,10777,9,10786,283
2020-09-28,Inyo,027,18085,194,188,4,192,14
2020-09-28,Kern,029,883053,32240,31481,333,31814,395
2020-09-28,Kings,031,150075,7875,7661,36,7697,78
2020-09-28,Lake,033,64148,593,559,0,559,10
2020-09-28,Lassen,035,31185,749,737,2,739,0
2020-09-28,Los Angeles,037,10098052,271370,268404,1891,270295,6508
2020-09-28,Madera,039,155013,4634,4438,30,4468,47
2020-09-28,Marin,041,260295,6774,6676,17,6693,91
2020-09-28,Mariposa,043,17540,77,74,0,74,2
2020-09-28,Mendocino,045,87422,910,850,4,854,17
2020-09-28,Merced,047,269075,8992,8869,19,8888,136
2020-09-28,Modoc,049,8938,29,26,0,26,0
2020-09-28,Mono,051,14174,169,148,3,151,1
2020-09-28,Monterey,053,433212,10099,9780,28,9808,69
2020-09-28,Napa,055,140530,1756,1705,8,1713,11
2020-09-28,Nevada,057,99092,543,538,16,554,6
2020-09-28,Orange,059,3164182,55699,52633,1488,54121,1196
2020-09-28,Placer,061,380077,3683,3572,13,3585,42
2020-09-28,Plumas,063,18699,50,48,0,48,0
2020-09-28,Riverside,065,2383286,60172,58570,187,58757,1198
2020-09-28,Sacramento,067,1510023,22931,22392,27,22419,423
2020-09-28,San Benito,069,59416,1346,1336,0,1336,11
2020-09-28,San Bernardino,071,2135413,55403,53501,350,53851,988
2020-09-28,San Diego,073,3302833,48628,46736,1004,47740,776
2020-09-28,San Francisco,075,870044,11414,11114,28,11142,100
2020-09-28,San Joaquin,077,732212,20403,19982,59,20041,448
2020-09-28,San Luis Obispo,079,281455,3816,3567,17,3584,31
2020-09-28,San Mateo,081,765935,10317,9582,10,9592,127
2020-09-28,Santa Barbara,083,443738,9268,9121,77,9198,114
2020-09-28,Santa Clara,085,1922200,22412,21180,46,21226,271
2020-09-28,Santa Cruz,087,273765,2503,2359,31,2390,9
2020-09-28,Shasta,089,179085,1232,883,10,893,17
2020-09-28,Sierra,091,2930,6,6,0,6,0
2020-09-28,Siskiyou,093,43540,157,149,10,159,0
2020-09-28,Solano,095,438530,6432,6254,39,6293,51
2020-09-28,Sonoma,097,501317,7850,7369,22,7391,125
2020-09-28,Stanislaus,099,539301,16668,16467,534,17001,336
2020-09-28,Sutter,101,95872,1696,1676,1,1677,10
2020-09-28,Tehama,103,63373,620,579,2,581,2
2020-09-28,Trinity,105,12862,56,16,8,24,0
2020-09-28,Tulare,107,460477,16574,15918,137,16055,270
2020-09-28,Tuolumne,109,53932,234,225,6,231,2
2020-09-28,Ventura,111,848112,13567,12812,178,12990,139
2020-09-28,Yolo,113,214977,2862,2809,7,2816,55
2020-09-28,Yuba,115,75493,1108,1062,3,1065,7
2020-09-27,Alameda,001,1643700,21628,21077,176,21253,370
2020-09-27,Alpine,002,1148,3,2,0,2,0
2020-09-27,Amador,005,37829,296,291,0,291,16
2020-09-27,Butte,007,227075,2940,2833,53,2886,44
2020-09-27,Calaveras,009,45235,310,257,0,257,11
2020-09-27,Colusa,011,21464,532,531,0,531,6
2020-09-27,Contra Costa,013,1133247,17279,16596,80,16676,195
2020-09-27,Del Norte,015,27424,142,138,0,138,2
2020-09-27,El Dorado,017,186661,1217,1130,10,1140,4
2020-09-27,Fresno,019,978130,30856,28441,379,28820,389
2020-09-27,Glenn,021,27897,596,576,0,576,3
2020-09-27,Humboldt,023,135768,507,492,1,493,6
2020-09-27,Imperial,025,180216,11893,10743,9,10752,283
2020-09-27,Inyo,027,18085,192,188,4,192,14
2020-09-27,Kern,029,883053,32121,31462,330,31792,395
2020-09-27,Kings,031,150075,7855,7641,36,7677,78
2020-09-27,Lake,033,64148,589,555,0,555,10
2020-09-27,Lassen,035,31185,749,737,2,739,0
2020-09-27,Los Angeles,037,10098052,270189,267754,1872,269626,6507
2020-09-27,Madera,039,155013,4605,4416,30,4446,47
2020-09-27,Marin,041,260295,6764,6663,17,6680,91
2020-09-27,Mariposa,043,17540,77,74,0,74,2
2020-09-27,Mendocino,045,87422,904,846,4,850,17
2020-09-27,Merced,047,269075,8958,8853,19,8872,136
2020-09-27,Modoc,049,8938,29,26,0,26,0
2020-09-27,Mono,051,14174,169,148,3,151,1
2020-09-27,Monterey,053,433212,10039,9724,27,9751,69
2020-09-27,Napa,055,140530,1751,1690,8,1698,11
2020-09-27,Nevada,057,99092,542,537,16,553,6
2020-09-27,Orange,059,3164182,55424,52458,1479,53937,1195
2020-09-27,Placer,061,380077,3670,3562,13,3575,42
2020-09-27,Plumas,063,18699,50,48,0,48,0
2020-09-27,Riverside,065,2383286,59876,58509,179,58688,1191
2020-09-27,Sacramento,067,1510023,22833,22356,27,22383,422
2020-09-27,San Benito,069,59416,1346,1331,0,1331,11
2020-09-27,San Bernardino,071,2135413,54967,53127,350,53477,988
2020-09-27,San Diego,073,3302833,48284,46612,987,47599,776
2020-09-27,San Francisco,075,870044,11362,11114,28,11142,100
2020-09-27,San Joaquin,077,732212,20344,19981,59,20040,448
2020-09-27,San Luis Obispo,079,281455,3796,3562,17,3579,31
2020-09-27,San Mateo,081,765935,10249,9566,10,9576,127
2020-09-27,Santa Barbara,083,443738,9247,9090,76,9166,114
2020-09-27,Santa Clara,085,1922200,22303,21091,46,21137,271
2020-09-27,Santa Cruz,087,273765,2481,2359,31,2390,9
2020-09-27,Shasta,089,179085,1189,883,9,892,17
2020-09-27,Sierra,091,2930,6,6,0,6,0
2020-09-27,Siskiyou,093,43540,156,149,10,159,0
2020-09-27,Solano,095,438530,6397,6211,39,6250,51
2020-09-27,Sonoma,097,501317,7769,7336,22,7358,124
2020-09-27,Stanislaus,099,539301,16617,16448,528,16976,336
2020-09-27,Sutter,101,95872,1689,1672,1,1673,10
2020-09-27,Tehama,103,63373,603,573,2,575,2
2020-09-27,Trinity,105,12862,56,16,8,24,0
2020-09-27,Tulare,107,460477,16496,15918,128,16046,270
2020-09-27,Tuolumne,109,53932,233,224,6,230,2
2020-09-27,Ventura,111,848112,13478,12775,169,12944,139
2020-09-27,Yolo,113,214977,2848,2796,7,2803,55
2020-09-27,Yuba,115,75493,1098,1059,3,1062,7
2020-09-26,Alameda,001,1643700,21570,21019,175,21194,370
2020-09-26,Alpine,002,1148,3,2,0,2,0
2020-09-26,Amador,005,37829,295,291,0,291,16
2020-09-26,Butte,007,227075,2932,2827,53,2880,44
2020-09-26,Calaveras,009,45235,310,257,0,257,11
2020-09-26,Colusa,011,21464,532,529,0,529,6
2020-09-26,Contra Costa,013,1133247,17235,16508,80,16588,194
2020-09-26,Del Norte,015,27424,142,138,0,138,2
2020-09-26,El Dorado,017,186661,1212,1127,10,1137,4
2020-09-26,Fresno,019,978130,30789,28336,379,28715,389
2020-09-26,Glenn,021,27897,596,576,0,576,3
2020-09-26,Humboldt,023,135768,507,491,1,492,6
2020-09-26,Imperial,025,180216,11876,10721,9,10730,283
2020-09-26,Inyo,027,18085,191,187,4,191,14
2020-09-26,Kern,029,883053,32070,31410,330,31740,394
2020-09-26,Kings,031,150075,7843,7537,36,7573,78
2020-09-26,Lake,033,64148,586,549,0,549,10
2020-09-26,Lassen,035,31185,749,737,2,739,0
2020-09-26,Los Angeles,037,10098052,269557,266931,1858,268789,6497
2020-09-26,Madera,039,155013,4589,4410,30,4440,47
2020-09-26,Marin,041,260295,6751,6641,17,6658,91
2020-09-26,Mariposa,043,17540,76,74,0,74,2
2020-09-26,Mendocino,045,87422,899,836,4,840,17
2020-09-26,Merced,047,269075,8946,8841,18,8859,136
2020-09-26,Modoc,049,8938,29,26,0,26,0
2020-09-26,Mono,051,14174,169,148,3,151,1
2020-09-26,Monterey,053,433212,10012,9651,27,9678,68
2020-09-26,Napa,055,140530,1749,1681,8,1689,11
2020-09-26,Nevada,057,99092,542,534,16,550,6
2020-09-26,Orange,059,3164182,55285,52203,1473,53676,1194
2020-09-26,Placer,061,380077,3657,3551,13,3564,42
2020-09-26,Plumas,063,18699,49,48,0,48,0
2020-09-26,Riverside,065,2383286,59741,58076,177,58253,1190
2020-09-26,Sacramento,067,1510023,22775,22269,27,22296,421
2020-09-26,San Benito,069,59416,1344,1325,0,1325,11
2020-09-26,San Bernardino,071,2135413,54834,53122,350,53472,988
2020-09-26,San Diego,073,3302833,48079,46333,973,47306,775
2020-09-26,San Francisco,075,870044,11333,11113,28,11141,100
2020-09-26,San Joaquin,077,732212,20308,19982,57,20039,449
2020-09-26,San Luis Obispo,079,281455,3780,3546,17,3563,31
2020-09-26,San Mateo,081,765935,10215,9509,10,9519,127
2020-09-26,Santa Barbara,083,443738,9236,9061,76,9137,114
2020-09-26,Santa Clara,085,1922200,22232,20967,45,21012,270
2020-09-26,Santa Cruz,087,273765,2473,2336,31,2367,9
2020-09-26,Shasta,089,179085,1139,856,8,864,17
2020-09-26,Sierra,091,2930,6,6,0,6,0
2020-09-26,Siskiyou,093,43540,155,149,10,159,0
2020-09-26,Solano,095,438530,6378,6209,39,6248,51
2020-09-26,Sonoma,097,501317,7744,7285,21,7306,124
2020-09-26,Stanislaus,099,539301,16592,16421,520,16941,336
2020-09-26,Sutter,101,95872,1684,1662,1,1663,10
2020-09-26,Tehama,103,63373,591,560,2,562,2
2020-09-26,Trinity,105,12862,54,16,8,24,0
2020-09-26,Tulare,107,460477,16471,15881,126,16007,270
2020-09-26,Tuolumne,109,53932,233,223,6,229,2
2020-09-26,Ventura,111,848112,13443,12729,168,12897,137
2020-09-26,Yolo,113,214977,2846,2789,7,2796,55
2020-09-26,Yuba,115,75493,1094,1056,3,1059,7
2020-09-25,Alameda,001,1643700,21516,20911,175,21086,367
2020-09-25,Alpine,002,1148,3,2,0,2,0
2020-09-25,Amador,005,37829,295,289,0,289,16
2020-09-25,Butte,007,227075,2927,2819,53,2872,43
2020-09-25,Calaveras,009,45235,310,257,0,257,11
2020-09-25,Colusa,011,21464,532,528,0,528,6
2020-09-25,Contra Costa,013,1133247,17177,16401,80,16481,194
2020-09-25,Del Norte,015,27424,142,138,0,138,2
2020-09-25,El Dorado,017,186661,1208,1104,10,1114,4
2020-09-25,Fresno,019,978130,30729,28199,378,28577,385
2020-09-25,Glenn,021,27897,594,570,0,570,3
2020-09-25,Humboldt,023,135768,506,489,1,490,5
2020-09-25,Imperial,025,180216,11858,10681,9,10690,283
2020-09-25,Inyo,027,18085,189,187,4,191,14
2020-09-25,Kern,029,883053,32017,31333,328,31661,393
2020-09-25,Kings,031,150075,7838,7450,36,7486,77
2020-09-25,Lake,033,64148,585,539,0,539,9
2020-09-25,Lassen,035,31185,749,737,2,739,0
2020-09-25,Los Angeles,037,10098052,268763,265713,1845,267558,6483
2020-09-25,Madera,039,155013,4570,4369,30,4399,48
2020-09-25,Marin,041,260295,6748,6622,17,6639,90
2020-09-25,Mariposa,043,17540,76,74,0,74,2
2020-09-25,Mendocino,045,87422,884,819,3,822,17
2020-09-25,Merced,047,269075,8930,8830,18,8848,135
2020-09-25,Modoc,049,8938,29,26,0,26,0
2020-09-25,Mono,051,14174,169,149,3,152,1
2020-09-25,Monterey,053,433212,9960,9581,27,9608,68
2020-09-25,Napa,055,140530,1747,1669,8,1677,11
2020-09-25,Nevada,057,99092,540,529,16,545,6
2020-09-25,Orange,059,3164182,55158,52031,1465,53496,1184
2020-09-25,Placer,061,380077,3646,3527,13,3540,41
2020-09-25,Plumas,063,18699,49,48,0,48,0
2020-09-25,Riverside,065,2383286,59565,57783,172,57955,1183
2020-09-25,Sacramento,067,1510023,22698,22132,27,22159,418
2020-09-25,San Benito,069,59416,1343,1318,0,1318,11
2020-09-25,San Bernardino,071,2135413,54680,52814,350,53164,987
2020-09-25,San Diego,073,3302833,47877,46003,957,46960,775
2020-09-25,San Francisco,075,870044,11299,11066,27,11093,100
2020-09-25,San Joaquin,077,732212,20256,19909,57,19966,449
2020-09-25,San Luis Obispo,079,281455,3768,3512,17,3529,31
2020-09-25,San Mateo,081,765935,10179,9447,10,9457,127
2020-09-25,Santa Barbara,083,443738,9212,9026,76,9102,114
2020-09-25,Santa Clara,085,1922200,22167,20812,44,20856,265
2020-09-25,Santa Cruz,087,273765,2461,2309,30,2339,9
2020-09-25,Shasta,089,179085,1105,806,8,814,16
2020-09-25,Sierra,091,2930,6,6,0,6,0
2020-09-25,Siskiyou,093,43540,155,149,10,159,0
2020-09-25,Solano,095,438530,6362,6179,39,6218,50
2020-09-25,Sonoma,097,501317,7704,7202,21,7223,124
2020-09-25,Stanislaus,099,539301,16574,16381,518,16899,326
2020-09-25,Sutter,101,95872,1681,1655,1,1656,10
2020-09-25,Tehama,103,63373,583,546,2,548,2
2020-09-25,Trinity,105,12862,54,15,8,23,0
2020-09-25,Tulare,107,460477,16431,15815,125,15940,267
2020-09-25,Tuolumne,109,53932,233,223,6,229,2
2020-09-25,Ventura,111,848112,13400,12664,165,12829,137
2020-09-25,Yolo,113,214977,2838,2784,7,2791,55
2020-09-25,Yuba,115,75493,1089,1049,3,1052,5
2020-09-24,Alameda,001,1643700,21441,20838,172,21010,364
2020-09-24,Alpine,002,1148,3,2,0,2,0
2020-09-24,Amador,005,37829,295,288,0,288,16
2020-09-24,Butte,007,227075,2916,2803,53,2856,43
2020-09-24,Calaveras,009,45235,310,258,0,258,11
2020-09-24,Colusa,011,21464,532,523,0,523,6
2020-09-24,Contra Costa,013,1133247,17094,16252,80,16332,192
2020-09-24,Del Norte,015,27424,138,137,0,137,2
2020-09-24,El Dorado,017,186661,1199,1093,10,1103,4
2020-09-24,Fresno,019,978130,30623,28106,374,28480,375
2020-09-24,Glenn,021,27897,590,567,0,567,3
2020-09-24,Humboldt,023,135768,503,482,1,483,5
2020-09-24,Imperial,025,180216,11834,10622,9,10631,283
2020-09-24,Inyo,027,18085,189,187,4,191,13
2020-09-24,Kern,029,883053,31954,31273,326,31599,388
2020-09-24,Kings,031,150075,7822,7428,36,7464,76
2020-09-24,Lake,033,64148,576,531,0,531,9
2020-09-24,Lassen,035,31185,748,737,2,739,0
2020-09-24,Los Angeles,037,10098052,267721,264374,1828,266202,6452
2020-09-24,Madera,039,155013,4551,4344,30,4374,48
2020-09-24,Marin,041,260295,6720,6588,17,6605,85
2020-09-24,Mariposa,043,17540,76,74,0,74,2
2020-09-24,Mendocino,045,87422,880,810,3,813,17
2020-09-24,Merced,047,269075,8901,8813,17,8830,135
2020-09-24,Modoc,049,8938,29,24,0,24,0
2020-09-24,Mono,051,14174,169,149,3,152,1
2020-09-24,Monterey,053,433212,9894,9544,25,9569,67
2020-09-24,Napa,055,140530,1735,1661,8,1669,11
2020-09-24,Nevada,057,99092,539,527,16,543,6
2020-09-24,Orange,059,3164182,54952,51749,1447,53196,1164
2020-09-24,Placer,061,380077,3632,3514,13,3527,41
2020-09-24,Plumas,063,18699,49,48,0,48,0
2020-09-24,Riverside,065,2383286,59300,57491,166,57657,1172
2020-09-24,Sacramento,067,1510023,22570,21985,26,22011,417
2020-09-24,San Benito,069,59416,1341,1308,0,1308,11
2020-09-24,San Bernardino,071,2135413,54343,52455,349,52804,988
2020-09-24,San Diego,073,3302833,47608,45598,942,46540,773
2020-09-24,San Francisco,075,870044,11252,10992,27,11019,99
2020-09-24,San Joaquin,077,732212,20218,19851,55,19906,444
2020-09-24,San Luis Obispo,079,281455,3752,3480,17,3497,31
2020-09-24,San Mateo,081,765935,10131,9376,10,9386,127
2020-09-24,Santa Barbara,083,443738,9159,8988,75,9063,114
2020-09-24,Santa Clara,085,1922200,22079,20689,44,20733,262
2020-09-24,Santa Cruz,087,273765,2441,2300,28,2328,9
2020-09-24,Shasta,089,179085,1068,773,5,778,14
2020-09-24,Sierra,091,2930,6,6,0,6,0
2020-09-24,Siskiyou,093,43540,155,149,10,159,0
2020-09-24,Solano,095,438530,6329,6137,39,6176,49
2020-09-24,Sonoma,097,501317,7623,7163,21,7184,122
2020-09-24,Stanislaus,099,539301,16538,16326,513,16839,326
2020-09-24,Sutter,101,95872,1678,1646,1,1647,10
2020-09-24,Tehama,103,63373,580,540,2,542,2
2020-09-24,Trinity,105,12862,54,15,8,23,0
2020-09-24,Tulare,107,460477,16366,15754,124,15878,267
2020-09-24,Tuolumne,109,53932,233,224,6,230,2
2020-09-24,Ventura,111,848112,13318,12617,164,12781,138
2020-09-24,Yolo,113,214977,2831,2776,7,2783,55
2020-09-24,Yuba,115,75493,1084,1042,3,1045,5
2020-09-23,Alameda,001,1643700,21372,20718,170,20888,361
2020-09-23,Alpine,002,1148,3,2,0,2,0
2020-09-23,Amador,005,37829,294,288,0,288,16
2020-09-23,Butte,007,227075,2908,2790,53,2843,43
2020-09-23,Calaveras,009,45235,309,258,0,258,11
2020-09-23,Colusa,011,21464,531,521,0,521,6
2020-09-23,Contra Costa,013,1133247,17034,16167,80,16247,192
2020-09-23,Del Norte,015,27424,136,137,0,137,2
2020-09-23,El Dorado,017,186661,1185,1088,10,1098,4
2020-09-23,Fresno,019,978130,30529,28019,372,28391,371
2020-09-23,Glenn,021,27897,583,561,0,561,3
2020-09-23,Humboldt,023,135768,499,477,1,478,5
2020-09-23,Imperial,025,180216,11809,10587,9,10596,284
2020-09-23,Inyo,027,18085,188,177,4,181,13
2020-09-23,Kern,029,883053,31910,31172,324,31496,387
2020-09-23,Kings,031,150075,7800,7406,36,7442,76
2020-09-23,Lake,033,64148,571,519,0,519,9
2020-09-23,Lassen,035,31185,748,736,2,738,0
2020-09-23,Los Angeles,037,10098052,266702,263318,1801,265119,6421
2020-09-23,Madera,039,155013,4536,4311,30,4341,48
2020-09-23,Marin,041,260295,6701,6567,17,6584,85
2020-09-23,Mariposa,043,17540,76,74,0,74,2
2020-09-23,Mendocino,045,87422,879,801,2,803,17
2020-09-23,Merced,047,269075,8880,8785,16,8801,134
2020-09-23,Modoc,049,8938,29,24,0,24,0
2020-09-23,Mono,051,14174,169,149,3,152,1
2020-09-23,Monterey,053,433212,9825,9452,24,9476,67
2020-09-23,Napa,055,140530,1726,1653,8,1661,11
2020-09-23,Nevada,057,99092,538,523,16,539,6
2020-09-23,Orange,059,3164182,54725,51658,1439,53097,1155
2020-09-23,Placer,061,380077,3620,3506,13,3519,41
2020-09-23,Plumas,063,18699,49,48,0,48,0
2020-09-23,Riverside,065,2383286,58994,57257,163,57420,1165
2020-09-23,Sacramento,067,1510023,22494,21821,26,21847,415
2020-09-23,San Benito,069,59416,1335,1305,0,1305,10
2020-09-23,San Bernardino,071,2135413,54050,52132,347,52479,973
2020-09-23,San Diego,073,3302833,47332,45427,923,46350,767
2020-09-23,San Francisco,075,870044,11203,10926,27,10953,95
2020-09-23,San Joaquin,077,732212,20164,19785,55,19840,439
2020-09-23,San Luis Obispo,079,281455,3734,3447,17,3464,31
2020-09-23,San Mateo,081,765935,10091,9351,10,9361,127
2020-09-23,Santa Barbara,083,443738,9130,8952,75,9027,112
2020-09-23,Santa Clara,085,1922200,21969,20575,41,20616,260
2020-09-23,Santa Cruz,087,273765,2422,2283,28,2311,9
2020-09-23,Shasta,089,179085,1029,756,4,760,14
2020-09-23,Sierra,091,2930,6,6,0,6,0
2020-09-23,Siskiyou,093,43540,155,149,10,159,0
2020-09-23,Solano,095,438530,6303,6123,39,6162,50
2020-09-23,Sonoma,097,501317,7547,7091,21,7112,122
2020-09-23,Stanislaus,099,539301,16508,16271,510,16781,317
2020-09-23,Sutter,101,95872,1674,1646,1,1647,10
2020-09-23,Tehama,103,63373,574,533,2,535,2
2020-09-23,Trinity,105,12862,53,15,8,23,0
2020-09-23,Tulare,107,460477,16301,15664,123,15787,266
2020-09-23,Tuolumne,109,53932,233,223,6,229,2
2020-09-23,Ventura,111,848112,13262,12591,162,12753,137
2020-09-23,Yolo,113,214977,2813,2766,7,2773,55
2020-09-23,Yuba,115,75493,1082,1038,3,1041,5
2020-09-22,Alameda,001,1643700,21293,20607,168,20775,355
2020-09-22,Alpine,002,1148,2,2,0,2,0
2020-09-22,Amador,005,37829,293,287,0,287,16
2020-09-22,Butte,007,227075,2903,2776,53,2829,43
2020-09-22,Calaveras,009,45235,309,258,0,258,11
2020-09-22,Colusa,011,21464,529,518,0,518,6
2020-09-22,Contra Costa,013,1133247,16944,16090,80,16170,190
2020-09-22,Del Norte,015,27424,136,137,0,137,2
2020-09-22,El Dorado,017,186661,1166,1076,10,1086,4
2020-09-22,Fresno,019,978130,30434,27944,369,28313,369
2020-09-22,Glenn,021,27897,580,560,0,560,3
2020-09-22,Humboldt,023,135768,498,476,1,477,5
2020-09-22,Imperial,025,180216,11780,10529,9,10538,284
2020-09-22,Inyo,027,18085,188,177,4,181,13
2020-09-22,Kern,029,883053,31843,31110,317,31427,383
2020-09-22,Kings,031,150075,7743,7395,35,7430,76
2020-09-22,Lake,033,64148,565,516,0,516,9
2020-09-22,Lassen,035,31185,747,736,2,738,0
2020-09-22,Los Angeles,037,10098052,265636,262117,1775,263892,6394
2020-09-22,Madera,039,155013,4520,4303,30,4333,47
2020-09-22,Marin,041,260295,6688,6561,17,6578,84
2020-09-22,Mariposa,043,17540,76,74,0,74,2
2020-09-22,Mendocino,045,87422,859,794,1,795,18
2020-09-22,Merced,047,269075,8850,8769,16,8785,132
2020-09-22,Modoc,049,8938,29,24,0,24,0
2020-09-22,Mono,051,14174,168,149,3,152,1
2020-09-22,Monterey,053,433212,9767,9393,23,9416,67
2020-09-22,Napa,055,140530,1709,1652,8,1660,11
2020-09-22,Nevada,057,99092,538,523,16,539,6
2020-09-22,Orange,059,3164182,54475,51528,1430,52958,1132
2020-09-22,Placer,061,380077,3608,3492,13,3505,40
2020-09-22,Plumas,063,18699,49,48,0,48,0
2020-09-22,Riverside,065,2383286,58510,57066,159,57225,1162
2020-09-22,Sacramento,067,1510023,22375,21745,26,21771,410
2020-09-22,San Benito,069,59416,1330,1305,0,1305,10
2020-09-22,San Bernardino,071,2135413,53776,51899,347,52246,971
2020-09-22,San Diego,073,3302833,47025,45149,904,46053,765
2020-09-22,San Francisco,075,870044,11159,10893,26,10919,95
2020-09-22,San Joaquin,077,732212,20117,19755,54,19809,426
2020-09-22,San Luis Obispo,079,281455,3712,3420,17,3437,31
2020-09-22,San Mateo,081,765935,10053,9291,10,9301,127
2020-09-22,Santa Barbara,083,443738,9100,8927,74,9001,111
2020-09-22,Santa Clara,085,1922200,21850,20514,41,20555,253
2020-09-22,Santa Cruz,087,273765,2398,2264,28,2292,8
2020-09-22,Shasta,089,179085,994,723,4,727,14
2020-09-22,Sierra,091,2930,6,6,0,6,0
2020-09-22,Siskiyou,093,43540,155,149,10,159,0
2020-09-22,Solano,095,438530,6272,6107,39,6146,48
2020-09-22,Sonoma,097,501317,7468,7068,20,7088,117
2020-09-22,Stanislaus,099,539301,16485,16231,503,16734,316
2020-09-22,Sutter,101,95872,1668,1638,1,1639,10
2020-09-22,Tehama,103,63373,566,529,2,531,2
2020-09-22,Trinity,105,12862,53,15,8,23,0
2020-09-22,Tulare,107,460477,16234,15616,120,15736,263
2020-09-22,Tuolumne,109,53932,232,224,6,230,1
2020-09-22,Ventura,111,848112,13210,12507,158,12665,136
2020-09-22,Yolo,113,214977,2806,2763,7,2770,54
2020-09-22,Yuba,115,75493,1073,1035,3,1038,5
2020-09-21,Alameda,001,1643700,21214,20501,167,20668,343
2020-09-21,Alpine,002,1148,2,2,0,2,0
2020-09-21,Amador,005,37829,291,286,0,286,16
2020-09-21,Butte,007,227075,2889,2769,53,2822,41
2020-09-21,Calaveras,009,45235,307,256,0,256,10
2020-09-21,Colusa,011,21464,528,517,0,517,6
2020-09-21,Contra Costa,013,1133247,16863,16008,80,16088,189
2020-09-21,Del Norte,015,27424,136,132,0,132,2
2020-09-21,El Dorado,017,186661,1157,1074,10,1084,4
2020-09-21,Fresno,019,978130,30333,27843,362,28205,362
2020-09-21,Glenn,021,27897,576,556,0,556,3
2020-09-21,Humboldt,023,135768,494,473,1,474,5
2020-09-21,Imperial,025,180216,11749,10521,9,10530,284
2020-09-21,Inyo,027,18085,187,177,4,181,12
2020-09-21,Kern,029,883053,31772,31031,315,31346,379
2020-09-21,Kings,031,150075,7630,7297,34,7331,76
2020-09-21,Lake,033,64148,560,508,0,508,8
2020-09-21,Lassen,035,31185,745,735,2,737,0
2020-09-21,Los Angeles,037,10098052,264550,261418,1730,263148,6360
2020-09-21,Madera,039,155013,4509,4275,29,4304,47
2020-09-21,Marin,041,260295,6677,6538,16,6554,84
2020-09-21,Mariposa,043,17540,75,74,0,74,2
2020-09-21,Mendocino,045,87422,844,778,0,778,18
2020-09-21,Merced,047,269075,8831,8749,14,8763,128
2020-09-21,Modoc,049,8938,29,22,0,22,0
2020-09-21,Mono,051,14174,168,147,3,150,1
2020-09-21,Monterey,053,433212,9703,9331,20,9351,66
2020-09-21,Napa,055,140530,1698,1641,8,1649,11
2020-09-21,Nevada,057,99092,536,515,16,531,6
2020-09-21,Orange,059,3164182,54253,51363,1423,52786,1110
2020-09-21,Placer,061,380077,3598,3473,13,3486,40
2020-09-21,Plumas,063,18699,49,47,0,47,0
2020-09-21,Riverside,065,2383286,58238,57001,152,57153,1153
2020-09-21,Sacramento,067,1510023,22193,21568,26,21594,404
2020-09-21,San Benito,069,59416,1328,1298,0,1298,10
2020-09-21,San Bernardino,071,2135413,53489,51654,347,52001,970
2020-09-21,San Diego,073,3302833,46741,44927,883,45810,760
2020-09-21,San Francisco,075,870044,11111,10743,26,10769,95
2020-09-21,San Joaquin,077,732212,20060,19579,54,19633,423
2020-09-21,San Luis Obispo,079,281455,3686,3406,17,3423,27
2020-09-21,San Mateo,081,765935,10001,9239,10,9249,127
2020-09-21,Santa Barbara,083,443738,9072,8911,74,8985,110
2020-09-21,Santa Clara,085,1922200,21750,20432,41,20473,252
2020-09-21,Santa Cruz,087,273765,2382,2257,26,2283,8
2020-09-21,Shasta,089,179085,944,696,4,700,14
2020-09-21,Sierra,091,2930,6,6,0,6,0
2020-09-21,Siskiyou,093,43540,155,146,10,156,0
2020-09-21,Solano,095,438530,6248,6019,39,6058,46
2020-09-21,Sonoma,097,501317,7392,7017,20,7037,117
2020-09-21,Stanislaus,099,539301,16455,16186,503,16689,310
2020-09-21,Sutter,101,95872,1661,1634,1,1635,10
2020-09-21,Tehama,103,63373,547,513,2,515,2
2020-09-21,Trinity,105,12862,53,15,8,23,0
2020-09-21,Tulare,107,460477,16160,15528,111,15639,260
2020-09-21,Tuolumne,109,53932,232,221,6,227,1
2020-09-21,Ventura,111,848112,13126,12477,152,12629,133
2020-09-21,Yolo,113,214977,2800,2752,7,2759,54
2020-09-21,Yuba,115,75493,1069,1033,3,1036,1
2020-09-20,Alameda,001,1643700,21113,20425,164,20589,343
2020-09-20,Alpine,002,1148,2,2,0,2,0
2020-09-20,Amador,005,37829,290,286,0,286,16
2020-09-20,Butte,007,227075,2877,2764,53,2817,39
2020-09-20,Calaveras,009,45235,303,256,0,256,10
2020-09-20,Colusa,011,21464,526,510,0,510,6
2020-09-20,Contra Costa,013,1133247,16746,15917,79,15996,189
2020-09-20,Del Norte,015,27424,134,132,0,132,2
2020-09-20,El Dorado,017,186661,1142,1073,10,1083,4
2020-09-20,Fresno,019,978130,30219,27769,357,28126,362
2020-09-20,Glenn,021,27897,572,550,0,550,3
2020-09-20,Humboldt,023,135768,494,472,1,473,5
2020-09-20,Imperial,025,180216,11722,10496,8,10504,284
2020-09-20,Inyo,027,18085,187,177,4,181,12
2020-09-20,Kern,029,883053,31688,30992,311,31303,379
2020-09-20,Kings,031,150075,7583,7159,33,7192,76
2020-09-20,Lake,033,64148,548,492,0,492,8
2020-09-20,Lassen,035,31185,745,735,2,737,0
2020-09-20,Los Angeles,037,10098052,263322,260770,1706,262476,6347
2020-09-20,Madera,039,155013,4489,4257,29,4286,47
2020-09-20,Marin,041,260295,6652,6533,16,6549,83
2020-09-20,Mariposa,043,17540,75,74,0,74,2
2020-09-20,Mendocino,045,87422,832,765,0,765,18
2020-09-20,Merced,047,269075,8804,8745,14,8759,128
2020-09-20,Modoc,049,8938,27,22,0,22,0
2020-09-20,Mono,051,14174,167,147,3,150,1
2020-09-20,Monterey,053,433212,9624,9312,20,9332,65
2020-09-20,Napa,055,140530,1689,1626,8,1634,11
2020-09-20,Nevada,057,99092,533,511,16,527,6
2020-09-20,Orange,059,3164182,54012,51233,1413,52646,1110
2020-09-20,Placer,061,380077,3584,3452,13,3465,40
2020-09-20,Plumas,063,18699,49,47,0,47,0
2020-09-20,Riverside,065,2383286,58037,56783,146,56929,1147
2020-09-20,Sacramento,067,1510023,22006,21394,25,21419,401
2020-09-20,San Benito,069,59416,1317,1291,0,1291,9
2020-09-20,San Bernardino,071,2135413,53172,51559,345,51904,970
2020-09-20,San Diego,073,3302833,46368,44579,854,45433,760
2020-09-20,San Francisco,075,870044,11057,10743,26,10769,95
2020-09-20,San Joaquin,077,732212,19996,19578,47,19625,423
2020-09-20,San Luis Obispo,079,281455,3659,3393,17,3410,27
2020-09-20,San Mateo,081,765935,9935,9198,10,9208,127
2020-09-20,Santa Barbara,083,443738,9036,8880,73,8953,110
2020-09-20,Santa Clara,085,1922200,21631,20330,40,20370,252
2020-09-20,Santa Cruz,087,273765,2362,2199,26,2225,8
2020-09-20,Shasta,089,179085,903,696,3,699,14
2020-09-20,Sierra,091,2930,6,6,0,6,0
2020-09-20,Siskiyou,093,43540,155,146,10,156,0
2020-09-20,Solano,095,438530,6204,6020,39,6059,46
2020-09-20,Sonoma,097,501317,7288,6954,20,6974,117
2020-09-20,Stanislaus,099,539301,16423,16159,496,16655,310
2020-09-20,Sutter,101,95872,1655,1624,1,1625,10
2020-09-20,Tehama,103,63373,534,509,2,511,2
2020-09-20,Trinity,105,12862,53,15,8,23,0
2020-09-20,Tulare,107,460477,16074,15528,104,15632,260
2020-09-20,Tuolumne,109,53932,232,221,6,227,1
2020-09-20,Ventura,111,848112,13060,12406,148,12554,133
2020-09-20,Yolo,113,214977,2792,2745,7,2752,54
2020-09-20,Yuba,115,75493,1062,1029,3,1032,1
2020-09-19,Alameda,001,1643700,21063,20349,161,20510,343
2020-09-19,Alpine,002,1148,2,2,0,2,0
2020-09-19,Amador,005,37829,290,285,0,285,16
2020-09-19,Butte,007,227075,2871,2748,53,2801,38
2020-09-19,Calaveras,009,45235,303,256,0,256,10
2020-09-19,Colusa,011,21464,526,507,0,507,6
2020-09-19,Contra Costa,013,1133247,16684,15783,79,15862,186
2020-09-19,Del Norte,015,27424,133,132,0,132,2
2020-09-19,El Dorado,017,186661,1136,1068,9,1077,4
2020-09-19,Fresno,019,978130,30146,27668,357,28025,362
2020-09-19,Glenn,021,27897,569,547,0,547,3
2020-09-19,Humboldt,023,135768,493,471,1,472,5
2020-09-19,Imperial,025,180216,11707,10496,8,10504,284
2020-09-19,Inyo,027,18085,187,177,4,181,12
2020-09-19,Kern,029,883053,31636,30886,308,31194,379
2020-09-19,Kings,031,150075,7577,7130,33,7163,76
2020-09-19,Lake,033,64148,548,465,0,465,8
2020-09-19,Lassen,035,31185,745,731,2,733,0
2020-09-19,Los Angeles,037,10098052,262698,259801,1692,261493,6325
2020-09-19,Madera,039,155013,4466,4237,29,4266,47
2020-09-19,Marin,041,260295,6645,6513,15,6528,81
2020-09-19,Mariposa,043,17540,75,74,0,74,2
2020-09-19,Mendocino,045,87422,829,750,0,750,18
2020-09-19,Merced,047,269075,8793,8717,13,8730,128
2020-09-19,Modoc,049,8938,27,22,0,22,0
2020-09-19,Mono,051,14174,167,147,3,150,1
2020-09-19,Monterey,053,433212,9582,9237,20,9257,65
2020-09-19,Napa,055,140530,1681,1614,8,1622,11
2020-09-19,Nevada,057,99092,531,505,16,521,6
2020-09-19,Orange,059,3164182,53884,50999,1406,52405,1105
2020-09-19,Placer,061,380077,3575,3412,13,3425,40
2020-09-19,Plumas,063,18699,49,47,0,47,0
2020-09-19,Riverside,065,2383286,57910,56562,145,56707,1147
2020-09-19,Sacramento,067,1510023,21952,21297,25,21322,396
2020-09-19,San Benito,069,59416,1313,1276,0,1276,9
2020-09-19,San Bernardino,071,2135413,53014,51353,342,51695,971
2020-09-19,San Diego,073,3302833,46140,44295,831,45126,773
2020-09-19,San Francisco,075,870044,11024,10741,26,10767,95
2020-09-19,San Joaquin,077,732212,19960,19580,47,19627,424
2020-09-19,San Luis Obispo,079,281455,3638,3369,17,3386,27
2020-09-19,San Mateo,081,765935,9904,9158,10,9168,127
2020-09-19,Santa Barbara,083,443738,9016,8862,73,8935,106
2020-09-19,Santa Clara,085,1922200,21542,20170,40,20210,251
2020-09-19,Santa Cruz,087,273765,2348,2198,25,2223,8
2020-09-19,Shasta,089,179085,876,687,3,690,14
2020-09-19,Sierra,091,2930,6,6,0,6,0
2020-09-19,Siskiyou,093,43540,155,146,10,156,0
2020-09-19,Solano,095,438530,6188,5998,39,6037,46
2020-09-19,Sonoma,097,501317,7255,6905,20,6925,117
2020-09-19,Stanislaus,099,539301,16382,16109,489,16598,313
2020-09-19,Sutter,101,95872,1654,1602,1,1603,10
2020-09-19,Tehama,103,63373,529,498,2,500,2
2020-09-19,Trinity,105,12862,53,15,8,23,0
2020-09-19,Tulare,107,460477,16026,15485,101,15586,260
2020-09-19,Tuolumne,109,53932,232,217,6,223,1
2020-09-19,Ventura,111,848112,13028,12328,148,12476,133
2020-09-19,Yolo,113,214977,2784,2739,7,2746,54
2020-09-19,Yuba,115,75493,1055,1023,3,1026,1
2020-09-18,Alameda,001,1643700,20997,20222,155,20377,341
2020-09-18,Alpine,002,1148,2,2,0,2,0
2020-09-18,Amador,005,37829,290,285,0,285,16
2020-09-18,Butte,007,227075,2869,2738,53,2791,37
2020-09-18,Calaveras,009,45235,303,255,0,255,9
2020-09-18,Colusa,011,21464,526,504,0,504,6
2020-09-18,Contra Costa,013,1133247,16595,15667,79,15746,185
2020-09-18,Del Norte,015,27424,133,131,0,131,2
2020-09-18,El Dorado,017,186661,1123,1063,9,1072,4
2020-09-18,Fresno,019,978130,30081,27560,357,27917,359
2020-09-18,Glenn,021,27897,566,541,0,541,3
2020-09-18,Humboldt,023,135768,490,470,1,471,5
2020-09-18,Imperial,025,180216,11692,10460,8,10468,283
2020-09-18,Inyo,027,18085,187,177,4,181,12
2020-09-18,Kern,029,883053,31576,30742,305,31047,373
2020-09-18,Kings,031,150075,7567,7062,33,7095,74
2020-09-18,Lake,033,64148,542,458,0,458,8
2020-09-18,Lassen,035,31185,744,731,2,733,0
2020-09-18,Los Angeles,037,10098052,261936,258488,1674,260162,6324
2020-09-18,Madera,039,155013,4455,4211,29,4240,45
2020-09-18,Marin,041,260295,6629,6475,15,6490,81
2020-09-18,Mariposa,043,17540,75,74,0,74,2
2020-09-18,Mendocino,045,87422,821,739,0,739,18
2020-09-18,Merced,047,269075,8781,8691,12,8703,127
2020-09-18,Modoc,049,8938,27,22,0,22,0
2020-09-18,Mono,051,14174,165,147,3,150,1
2020-09-18,Monterey,053,433212,9541,9183,20,9203,64
2020-09-18,Napa,055,140530,1675,1604,8,1612,11
2020-09-18,Nevada,057,99092,528,504,16,520,6
2020-09-18,Orange,059,3164182,53738,50733,1394,52127,1107
2020-09-18,Placer,061,380077,3564,3389,13,3402,40
2020-09-18,Plumas,063,18699,49,45,0,45,0
2020-09-18,Riverside,065,2383286,57787,56248,140,56388,1143
2020-09-18,Sacramento,067,1510023,21868,21105,25,21130,391
2020-09-18,San Benito,069,59416,1305,1257,0,1257,8
2020-09-18,San Bernardino,071,2135413,52869,51106,339,51445,970
2020-09-18,San Diego,073,3302833,45890,44009,826,44835,757
2020-09-18,San Francisco,075,870044,10986,10644,25,10669,95
2020-09-18,San Joaquin,077,732212,19917,19531,46,19577,423
2020-09-18,San Luis Obispo,079,281455,3614,3328,17,3345,27
2020-09-18,San Mateo,081,765935,9864,9062,10,9072,127
2020-09-18,Santa Barbara,083,443738,8995,8824,73,8897,107
2020-09-18,Santa Clara,085,1922200,21445,20058,40,20098,252
2020-09-18,Santa Cruz,087,273765,2328,2180,24,2204,8
2020-09-18,Shasta,089,179085,841,668,3,671,14
2020-09-18,Sierra,091,2930,6,6,0,6,0
2020-09-18,Siskiyou,093,43540,154,146,10,156,0
2020-09-18,Solano,095,438530,6172,5961,39,6000,46
2020-09-18,Sonoma,097,501317,7207,6856,20,6876,114
2020-09-18,Stanislaus,099,539301,16352,16042,483,16525,277
2020-09-18,Sutter,101,95872,1647,1586,1,1587,10
2020-09-18,Tehama,103,63373,529,490,2,492,2
2020-09-18,Trinity,105,12862,53,15,7,22,0
2020-09-18,Tulare,107,460477,15993,15435,97,15532,259
2020-09-18,Tuolumne,109,53932,231,216,6,222,1
2020-09-18,Ventura,111,848112,12967,12236,144,12380,133
2020-09-18,Yolo,113,214977,2778,2732,7,2739,54
2020-09-18,Yuba,115,75493,1051,1020,3,1023,1
2020-09-17,Alameda,001,1643700,20898,20146,155,20301,339
2020-09-17,Alpine,002,1148,2,2,0,2,0
2020-09-17,Amador,005,37829,288,284,0,284,16
2020-09-17,Butte,007,227075,2852,2720,53,2773,38
2020-09-17,Calaveras,009,45235,303,254,0,254,9
2020-09-17,Colusa,011,21464,524,499,0,499,6
2020-09-17,Contra Costa,013,1133247,16509,15576,79,15655,184
2020-09-17,Del Norte,015,27424,133,131,0,131,2
2020-09-17,El Dorado,017,186661,1114,1057,9,1066,4
2020-09-17,Fresno,019,978130,29971,27487,352,27839,355
2020-09-17,Glenn,021,27897,565,541,0,541,3
2020-09-17,Humboldt,023,135768,484,466,1,467,5
2020-09-17,Imperial,025,180216,11675,10436,8,10444,281
2020-09-17,Inyo,027,18085,187,176,4,180,12
2020-09-17,Kern,029,883053,31516,30627,298,30925,372
2020-09-17,Kings,031,150075,7496,7015,33,7048,72
2020-09-17,Lake,033,64148,532,433,0,433,8
2020-09-17,Lassen,035,31185,742,731,2,733,0
2020-09-17,Los Angeles,037,10098052,260993,257246,1660,258906,6318
2020-09-17,Madera,039,155013,4421,4152,29,4181,45
2020-09-17,Marin,041,260295,6608,6457,15,6472,81
2020-09-17,Mariposa,043,17540,75,74,0,74,2
2020-09-17,Mendocino,045,87422,810,737,0,737,18
2020-09-17,Merced,047,269075,8762,8671,12,8683,119
2020-09-17,Modoc,049,8938,27,22,0,22,0
2020-09-17,Mono,051,14174,165,147,3,150,1
2020-09-17,Monterey,053,433212,9479,9113,20,9133,62
2020-09-17,Napa,055,140530,1664,1592,8,1600,11
2020-09-17,Nevada,057,99092,526,494,16,510,6
2020-09-17,Orange,059,3164182,53558,50537,1382,51919,1098
2020-09-17,Placer,061,380077,3544,3368,13,3381,40
2020-09-17,Plumas,063,18699,49,45,0,45,0
2020-09-17,Riverside,065,2383286,57562,56007,139,56146,1134
2020-09-17,Sacramento,067,1510023,21633,20895,25,20920,385
2020-09-17,San Benito,069,59416,1303,1252,0,1252,8
2020-09-17,San Bernardino,071,2135413,52665,50770,339,51109,904
2020-09-17,San Diego,073,3302833,45610,43621,814,44435,754
2020-09-17,San Francisco,075,870044,10892,10564,25,10589,95
2020-09-17,San Joaquin,077,732212,19858,19439,46,19485,416
2020-09-17,San Luis Obispo,079,281455,3584,3299,17,3316,27
2020-09-17,San Mateo,081,765935,9822,8984,10,8994,127
2020-09-17,Santa Barbara,083,443738,8971,8779,73,8852,107
2020-09-17,Santa Clara,085,1922200,21328,19825,40,19865,254
2020-09-17,Santa Cruz,087,273765,2312,2155,24,2179,7
2020-09-17,Shasta,089,179085,802,660,3,663,12
2020-09-17,Sierra,091,2930,6,6,0,6,0
2020-09-17,Siskiyou,093,43540,154,146,10,156,0
2020-09-17,Solano,095,438530,6149,5915,39,5954,44
2020-09-17,Sonoma,097,501317,7143,6754,20,6774,114
2020-09-17,Stanislaus,099,539301,16319,15984,479,16463,277
2020-09-17,Sutter,101,95872,1642,1572,1,1573,10
2020-09-17,Tehama,103,63373,516,487,2,489,2
2020-09-17,Trinity,105,12862,53,15,7,22,0
2020-09-17,Tulare,107,460477,15941,15344,95,15439,258
2020-09-17,Tuolumne,109,53932,230,214,6,220,1
2020-09-17,Ventura,111,848112,12880,12167,141,12308,130
2020-09-17,Yolo,113,214977,2769,2724,7,2731,53
2020-09-17,Yuba,115,75493,1047,1015,3,1018,1
2020-09-16,Alameda,001,1643700,20800,20009,153,20162,333
2020-09-16,Alpine,002,1148,2,2,0,2,0
2020-09-16,Amador,005,37829,288,284,0,284,16
2020-09-16,Butte,007,227075,2842,2704,52,2756,38
2020-09-16,Calaveras,009,45235,303,254,0,254,9
2020-09-16,Colusa,011,21464,522,497,0,497,6
2020-09-16,Contra Costa,013,1133247,16422,15473,79,15552,183
2020-09-16,Del Norte,015,27424,133,131,0,131,2
2020-09-16,El Dorado,017,186661,1106,1049,8,1057,4
2020-09-16,Fresno,019,978130,29864,27381,350,27731,343
2020-09-16,Glenn,021,27897,563,539,0,539,3
2020-09-16,Humboldt,023,135768,483,455,1,456,4
2020-09-16,Imperial,025,180216,11652,10401,8,10409,277
2020-09-16,Inyo,027,18085,186,176,4,180,12
2020-09-16,Kern,029,883053,31457,30570,297,30867,371
2020-09-16,Kings,031,150075,7471,7002,31,7033,71
2020-09-16,Lake,033,64148,521,417,0,417,6
2020-09-16,Lassen,035,31185,741,730,2,732,0
2020-09-16,Los Angeles,037,10098052,260012,256101,1643,257744,6299
2020-09-16,Madera,039,155013,4398,4138,29,4167,45
2020-09-16,Marin,041,260295,6580,6430,15,6445,77
2020-09-16,Mariposa,043,17540,75,74,0,74,2
2020-09-16,Mendocino,045,87422,801,727,0,727,18
2020-09-16,Merced,047,269075,8741,8646,12,8658,118
2020-09-16,Modoc,049,8938,27,22,0,22,0
2020-09-16,Mono,051,14174,165,147,3,150,1
2020-09-16,Monterey,053,433212,9425,8997,20,9017,62
2020-09-16,Napa,055,140530,1650,1587,8,1595,11
2020-09-16,Nevada,057,99092,521,495,15,510,6
2020-09-16,Orange,059,3164182,53357,50414,1373,51787,1096
2020-09-16,Placer,061,380077,3526,3351,13,3364,39
2020-09-16,Plumas,063,18699,49,45,0,45,0
2020-09-16,Riverside,065,2383286,57368,55811,131,55942,1127
2020-09-16,Sacramento,067,1510023,21540,20610,25,20635,377
2020-09-16,San Benito,069,59416,1295,1244,0,1244,8
2020-09-16,San Bernardino,071,2135413,52440,50509,338,50847,907
2020-09-16,San Diego,073,3302833,45318,43447,793,44240,748
2020-09-16,San Francisco,075,870044,10845,10502,25,10527,90
2020-09-16,San Joaquin,077,732212,19803,19377,45,19422,409
2020-09-16,San Luis Obispo,079,281455,3553,3285,17,3302,28
2020-09-16,San Mateo,081,765935,9757,8944,10,8954,127
2020-09-16,Santa Barbara,083,443738,8938,8764,73,8837,107
2020-09-16,Santa Clara,085,1922200,21209,19684,40,19724,253
2020-09-16,Santa Cruz,087,273765,2271,2089,23,2112,7
2020-09-16,Shasta,089,179085,776,635,3,638,11
2020-09-16,Sierra,091,2930,6,6,0,6,0
2020-09-16,Siskiyou,093,43540,153,145,10,155,0
2020-09-16,Solano,095,438530,6120,5899,39,5938,44
2020-09-16,Sonoma,097,501317,7081,6731,20,6751,104
2020-09-16,Stanislaus,099,539301,16271,15897,471,16368,263
2020-09-16,Sutter,101,95872,1629,1567,1,1568,10
2020-09-16,Tehama,103,63373,508,485,2,487,2
2020-09-16,Trinity,105,12862,53,15,7,22,0
2020-09-16,Tulare,107,460477,15897,15314,88,15402,258
2020-09-16,Tuolumne,109,53932,229,210,6,216,1
2020-09-16,Ventura,111,848112,12809,12073,139,12212,130
2020-09-16,Yolo,113,214977,2762,2709,7,2716,53
2020-09-16,Yuba,115,75493,1045,1000,3,1003,1
2020-09-15,Alameda,001,1643700,20694,19931,150,20081,327
2020-09-15,Alpine,002,1148,2,2,0,2,0
2020-09-15,Amador,005,37829,287,282,0,282,16
2020-09-15,Butte,007,227075,2829,2695,50,2745,38
2020-09-15,Calaveras,009,45235,303,248,0,248,5
2020-09-15,Colusa,011,21464,516,497,0,497,6
2020-09-15,Contra Costa,013,1133247,16316,15423,77,15500,180
2020-09-15,Del Norte,015,27424,133,129,0,129,2
2020-09-15,El Dorado,017,186661,1101,1046,8,1054,4
2020-09-15,Fresno,019,978130,29756,27312,345,27657,343
2020-09-15,Glenn,021,27897,562,531,0,531,3
2020-09-15,Humboldt,023,135768,481,456,1,457,4
2020-09-15,Imperial,025,180216,11627,10376,8,10384,277
2020-09-15,Inyo,027,18085,186,176,4,180,12
2020-09-15,Kern,029,883053,31344,30429,294,30723,368
2020-09-15,Kings,031,150075,7313,6977,31,7008,70
2020-09-15,Lake,033,64148,508,416,0,416,4
2020-09-15,Lassen,035,31185,737,719,2,721,0
2020-09-15,Los Angeles,037,10098052,258903,255048,1621,256669,6269
2020-09-15,Madera,039,155013,4379,4122,29,4151,45
2020-09-15,Marin,041,260295,6549,6423,15,6438,77
2020-09-15,Mariposa,043,17540,75,74,0,74,2
2020-09-15,Mendocino,045,87422,783,724,0,724,18
2020-09-15,Merced,047,269075,8712,8633,12,8645,114
2020-09-15,Modoc,049,8938,26,21,0,21,0
2020-09-15,Mono,051,14174,165,147,3,150,1
2020-09-15,Monterey,053,433212,9376,8943,20,8963,62
2020-09-15,Napa,055,140530,1636,1580,8,1588,11
2020-09-15,Nevada,057,99092,516,494,15,509,6
2020-09-15,Orange,059,3164182,53175,50294,1359,51653,1088
2020-09-15,Placer,061,380077,3502,3331,13,3344,38
2020-09-15,Plumas,063,18699,49,44,0,44,0
2020-09-15,Riverside,065,2383286,57074,55569,121,55690,1118
2020-09-15,Sacramento,067,1510023,21396,20487,25,20512,372
2020-09-15,San Benito,069,59416,1288,1237,0,1237,7
2020-09-15,San Bernardino,071,2135413,52225,50333,337,50670,904
2020-09-15,San Diego,073,3302833,44999,43183,773,43956,742
2020-09-15,San Francisco,075,870044,10787,10414,25,10439,90
2020-09-15,San Joaquin,077,732212,19751,19313,45,19358,401
2020-09-15,San Luis Obispo,079,281455,3533,3262,17,3279,28
2020-09-15,San Mateo,081,765935,9688,8895,10,8905,127
2020-09-15,Santa Barbara,083,443738,8913,8724,72,8796,104
2020-09-15,Santa Clara,085,1922200,21076,19610,40,19650,252
2020-09-15,Santa Cruz,087,273765,2245,2079,22,2101,7
2020-09-15,Shasta,089,179085,764,627,3,630,11
2020-09-15,Sierra,091,2930,6,6,0,6,0
2020-09-15,Siskiyou,093,43540,153,143,10,153,0
2020-09-15,Solano,095,438530,6086,5878,39,5917,45
2020-09-15,Sonoma,097,501317,7042,6701,20,6721,104
2020-09-15,Stanislaus,099,539301,16223,15880,469,16349,260
2020-09-15,Sutter,101,95872,1618,1556,1,1557,10
2020-09-15,Tehama,103,63373,496,484,2,486,2
2020-09-15,Trinity,105,12862,53,15,7,22,0
2020-09-15,Tulare,107,460477,15820,15203,86,15289,254
2020-09-15,Tuolumne,109,53932,229,209,6,215,1
2020-09-15,Ventura,111,848112,12756,11932,138,12070,128
2020-09-15,Yolo,113,214977,2758,2708,7,2715,53
2020-09-15,Yuba,115,75493,1039,991,3,994,1
2020-09-14,Alameda,001,1643700,20567,19851,149,20000,306
2020-09-14,Alpine,002,1148,2,2,0,2,0
2020-09-14,Amador,005,37829,285,281,0,281,16
2020-09-14,Butte,007,227075,2811,2642,50,2692,37
2020-09-14,Calaveras,009,45235,303,244,0,244,3
2020-09-14,Colusa,011,21464,515,486,0,486,6
2020-09-14,Contra Costa,013,1133247,16192,15354,76,15430,174
2020-09-14,Del Norte,015,27424,130,116,0,116,2
2020-09-14,El Dorado,017,186661,1097,1039,8,1047,3
2020-09-14,Fresno,019,978130,29672,27232,342,27574,344
2020-09-14,Glenn,021,27897,554,521,0,521,3
2020-09-14,Humboldt,023,135768,478,437,1,438,4
2020-09-14,Imperial,025,180216,11607,10340,8,10348,273
2020-09-14,Inyo,027,18085,186,176,4,180,12
2020-09-14,Kern,029,883053,31256,30344,293,30637,368
2020-09-14,Kings,031,150075,7232,6950,31,6981,70
2020-09-14,Lake,033,64148,487,407,0,407,4
2020-09-14,Lassen,035,31185,737,719,2,721,0
2020-09-14,Los Angeles,037,10098052,257874,254622,1596,256218,6226
2020-09-14,Madera,039,155013,4364,4104,29,4133,45
2020-09-14,Marin,041,260295,6529,6409,15,6424,70
2020-09-14,Mariposa,043,17540,75,74,0,74,2
2020-09-14,Mendocino,045,87422,766,710,0,710,17
2020-09-14,Merced,047,269075,8693,8593,12,8605,112
2020-09-14,Modoc,049,8938,26,21,0,21,0
2020-09-14,Mono,051,14174,165,147,3,150,1
2020-09-14,Monterey,053,433212,9305,8845,19,8864,61
2020-09-14,Napa,055,140530,1619,1576,8,1584,11
2020-09-14,Nevada,057,99092,511,489,15,504,6
2020-09-14,Orange,059,3164182,53014,50149,1343,51492,1079
2020-09-14,Placer,061,380077,3480,3302,13,3315,38
2020-09-14,Plumas,063,18699,48,42,0,42,0
2020-09-14,Riverside,065,2383286,56855,55488,117,55605,1113
2020-09-14,Sacramento,067,1510023,21201,20377,24,20401,367
2020-09-14,San Benito,069,59416,1273,1233,0,1233,7
2020-09-14,San Bernardino,071,2135413,52001,50163,336,50499,895
2020-09-14,San Diego,073,3302833,44688,42889,753,43642,734
2020-09-14,San Francisco,075,870044,10720,10255,23,10278,90
2020-09-14,San Joaquin,077,732212,19677,19111,44,19155,397
2020-09-14,San Luis Obispo,079,281455,3508,3248,17,3265,25
2020-09-14,San Mateo,081,765935,9627,8847,10,8857,127
2020-09-14,Santa Barbara,083,443738,8887,8692,72,8764,104
2020-09-14,Santa Clara,085,1922200,20888,19545,40,19585,247
2020-09-14,Santa Cruz,087,273765,2223,2016,21,2037,7
2020-09-14,Shasta,089,179085,741,584,3,587,10
2020-09-14,Sierra,091,2930,6,6,0,6,0
2020-09-14,Siskiyou,093,43540,152,143,10,153,0
2020-09-14,Solano,095,438530,6051,5834,39,5873,44
2020-09-14,Sonoma,097,501317,6980,6630,20,6650,102
2020-09-14,Stanislaus,099,539301,16178,15812,466,16278,253
2020-09-14,Sutter,101,95872,1607,1549,1,1550,10
2020-09-14,Tehama,103,63373,494,475,2,477,1
2020-09-14,Trinity,105,12862,52,14,7,21,0
2020-09-14,Tulare,107,460477,15751,15096,81,15177,254
2020-09-14,Tuolumne,109,53932,228,208,6,214,1
2020-09-14,Ventura,111,848112,12654,11903,135,12038,125
2020-09-14,Yolo,113,214977,2747,2687,7,2694,53
2020-09-14,Yuba,115,75493,1031,977,3,980,1
2020-09-13,Alameda,001,1643700,20461,19815,146,19961,306
2020-09-13,Alpine,002,1148,2,2,0,2,0
2020-09-13,Amador,005,37829,282,279,0,279,16
2020-09-13,Butte,007,227075,2789,2640,50,2690,37
2020-09-13,Calaveras,009,45235,302,246,0,246,3
2020-09-13,Colusa,011,21464,511,486,0,486,6
2020-09-13,Contra Costa,013,1133247,16085,15284,76,15360,172
2020-09-13,Del Norte,015,27424,127,116,0,116,1
2020-09-13,El Dorado,017,186661,1092,1035,8,1043,2
2020-09-13,Fresno,019,978130,29563,27196,333,27529,345
2020-09-13,Glenn,021,27897,550,517,0,517,3
2020-09-13,Humboldt,023,135768,478,434,1,435,4
2020-09-13,Imperial,025,180216,11570,10304,7,10311,273
2020-09-13,Inyo,027,18085,186,176,4,180,12
2020-09-13,Kern,029,883053,31160,30277,287,30564,368
2020-09-13,Kings,031,150075,7213,6937,31,6968,70
2020-09-13,Lake,033,64148,469,397,0,397,4
2020-09-13,Lassen,035,31185,734,719,2,721,0
2020-09-13,Los Angeles,037,10098052,256721,253950,1581,255531,6203
2020-09-13,Madera,039,155013,4307,4090,29,4119,45
2020-09-13,Marin,041,260295,6510,6395,15,6410,70
2020-09-13,Mariposa,043,17540,75,74,0,74,2
2020-09-13,Mendocino,045,87422,759,707,0,707,17
2020-09-13,Merced,047,269075,8659,8575,12,8587,112
2020-09-13,Modoc,049,8938,26,21,0,21,0
2020-09-13,Mono,051,14174,165,147,3,150,1
2020-09-13,Monterey,053,433212,9223,8826,18,8844,61
2020-09-13,Napa,055,140530,1612,1563,8,1571,11
2020-09-13,Nevada,057,99092,503,486,15,501,6
2020-09-13,Orange,059,3164182,52798,50061,1336,51397,1075
2020-09-13,Placer,061,380077,3451,3291,13,3304,38
2020-09-13,Plumas,063,18699,48,42,0,42,0
2020-09-13,Riverside,065,2383286,56648,55235,106,55341,1108
2020-09-13,Sacramento,067,1510023,20856,20279,24,20303,367
2020-09-13,San Benito,069,59416,1265,1217,0,1217,7
2020-09-13,San Bernardino,071,2135413,51714,49968,334,50302,895
2020-09-13,San Diego,073,3302833,44362,42681,719,43400,734
2020-09-13,San Francisco,075,870044,10642,10254,23,10277,90
2020-09-13,San Joaquin,077,732212,19606,19110,43,19153,396
2020-09-13,San Luis Obispo,079,281455,3471,3240,17,3257,24
2020-09-13,San Mateo,081,765935,9566,8811,10,8821,127
2020-09-13,Santa Barbara,083,443738,8850,8690,72,8762,104
2020-09-13,Santa Clara,085,1922200,20749,19456,39,19495,245
2020-09-13,Santa Cruz,087,273765,2189,2016,19,2035,7
2020-09-13,Shasta,089,179085,729,583,3,586,10
2020-09-13,Sierra,091,2930,6,6,0,6,0
2020-09-13,Siskiyou,093,43540,152,143,9,152,0
2020-09-13,Solano,095,438530,6005,5810,39,5849,43
2020-09-13,Sonoma,097,501317,6915,6592,20,6612,95
2020-09-13,Stanislaus,099,539301,16115,15759,454,16213,253
2020-09-13,Sutter,101,95872,1595,1539,1,1540,10
2020-09-13,Tehama,103,63373,490,476,2,478,1
2020-09-13,Trinity,105,12862,52,14,7,21,0
2020-09-13,Tulare,107,460477,15680,15098,80,15178,254
2020-09-13,Tuolumne,109,53932,224,208,6,214,1
2020-09-13,Ventura,111,848112,12546,11855,134,11989,123
2020-09-13,Yolo,113,214977,2735,2675,7,2682,53
2020-09-13,Yuba,115,75493,1026,967,3,970,1
2020-09-12,Alameda,001,1643700,20402,19758,146,19904,307
2020-09-12,Alpine,002,1148,2,2,0,2,0
2020-09-12,Amador,005,37829,281,278,0,278,16
2020-09-12,Butte,007,227075,2782,2629,49,2678,37
2020-09-12,Calaveras,009,45235,300,246,0,246,3
2020-09-12,Colusa,011,21464,507,486,0,486,6
2020-09-12,Contra Costa,013,1133247,16008,15135,75,15210,174
2020-09-12,Del Norte,015,27424,126,116,0,116,1
2020-09-12,El Dorado,017,186661,1085,1034,8,1042,2
2020-09-12,Fresno,019,978130,29493,27076,333,27409,345
2020-09-12,Glenn,021,27897,549,517,0,517,3
2020-09-12,Humboldt,023,135768,477,430,1,431,4
2020-09-12,Imperial,025,180216,11558,10305,7,10312,273
2020-09-12,Inyo,027,18085,186,177,4,181,12
2020-09-12,Kern,029,883053,31094,30202,287,30489,368
2020-09-12,Kings,031,150075,7203,6895,31,6926,70
2020-09-12,Lake,033,64148,461,393,0,393,4
2020-09-12,Lassen,035,31185,734,719,2,721,0
2020-09-12,Los Angeles,037,10098052,256164,253156,1560,254716,6193
2020-09-12,Madera,039,155013,4296,4058,29,4087,43
2020-09-12,Marin,041,260295,6501,6393,15,6408,69
2020-09-12,Mariposa,043,17540,75,72,0,72,2
2020-09-12,Mendocino,045,87422,756,700,0,700,17
2020-09-12,Merced,047,269075,8650,8533,12,8545,112
2020-09-12,Modoc,049,8938,25,21,0,21,0
2020-09-12,Mono,051,14174,165,147,3,150,1
2020-09-12,Monterey,053,433212,9187,8743,18,8761,61
2020-09-12,Napa,055,140530,1609,1556,8,1564,11
2020-09-12,Nevada,057,99092,502,482,15,497,6
2020-09-12,Orange,059,3164182,52683,49895,1333,51228,1078
2020-09-12,Placer,061,380077,3434,3280,13,3293,38
2020-09-12,Plumas,063,18699,48,42,0,42,0
2020-09-12,Riverside,065,2383286,56520,55058,102,55160,1108
2020-09-12,Sacramento,067,1510023,20788,20184,24,20208,367
2020-09-12,San Benito,069,59416,1262,1208,0,1208,7
2020-09-12,San Bernardino,071,2135413,51623,49945,332,50277,896
2020-09-12,San Diego,073,3302833,44167,42416,710,43126,747
2020-09-12,San Francisco,075,870044,10598,10257,23,10280,90
2020-09-12,San Joaquin,077,732212,19578,19108,43,19151,396
2020-09-12,San Luis Obispo,079,281455,3444,3220,17,3237,24
2020-09-12,San Mateo,081,765935,9521,8759,10,8769,127
2020-09-12,Santa Barbara,083,443738,8836,8642,72,8714,104
2020-09-12,Santa Clara,085,1922200,20662,19330,39,19369,237
2020-09-12,Santa Cruz,087,273765,2177,2016,19,2035,7
2020-09-12,Shasta,089,179085,717,569,3,572,10
2020-09-12,Sierra,091,2930,6,6,0,6,0
2020-09-12,Siskiyou,093,43540,152,141,9,150,0
2020-09-12,Solano,095,438530,5981,5772,39,5811,43
2020-09-12,Sonoma,097,501317,6890,6531,20,6551,95
2020-09-12,Stanislaus,099,539301,16083,15675,451,16126,253
2020-09-12,Sutter,101,95872,1589,1529,1,1530,10
2020-09-12,Tehama,103,63373,487,471,2,473,1
2020-09-12,Trinity,105,12862,52,15,7,22,0
2020-09-12,Tulare,107,460477,15635,15018,79,15097,254
2020-09-12,Tuolumne,109,53932,224,208,6,214,1
2020-09-12,Ventura,111,848112,12495,11759,132,11891,123
2020-09-12,Yolo,113,214977,2728,2646,7,2653,53
2020-09-12,Yuba,115,75493,1022,963,3,966,1
2020-09-11,Alameda,001,1643700,20347,19625,145,19770,298
2020-09-11,Alpine,002,1148,2,2,0,2,0
2020-09-11,Amador,005,37829,281,277,0,277,16
2020-09-11,Butte,007,227075,2770,2605,49,2654,37
2020-09-11,Calaveras,009,45235,299,242,0,242,1
2020-09-11,Colusa,011,21464,506,484,0,484,6
2020-09-11,Contra Costa,013,1133247,15950,15001,72,15073,173
2020-09-11,Del Norte,015,27424,126,115,0,115,1
2020-09-11,El Dorado,017,186661,1082,1024,8,1032,2
2020-09-11,Fresno,019,978130,29415,26917,332,27249,344
2020-09-11,Glenn,021,27897,544,515,0,515,3
2020-09-11,Humboldt,023,135768,475,426,1,427,4
2020-09-11,Imperial,025,180216,11540,10286,7,10293,273
2020-09-11,Inyo,027,18085,186,176,4,180,12
2020-09-11,Kern,029,883053,31026,30059,286,30345,365
2020-09-11,Kings,031,150075,7186,6770,31,6801,70
2020-09-11,Lake,033,64148,453,382,0,382,4
2020-09-11,Lassen,035,31185,734,719,2,721,0
2020-09-11,Los Angeles,037,10098052,255485,252057,1549,253606,6172
2020-09-11,Madera,039,155013,4277,4018,29,4047,43
2020-09-11,Marin,041,260295,6496,6364,15,6379,69
2020-09-11,Mariposa,043,17540,75,72,0,72,2
2020-09-11,Mendocino,045,87422,745,700,0,700,17
2020-09-11,Merced,047,269075,8630,8489,12,8501,109
2020-09-11,Modoc,049,8938,25,21,0,21,0
2020-09-11,Mono,051,14174,165,145,3,148,1
2020-09-11,Monterey,053,433212,9139,8595,18,8613,61
2020-09-11,Napa,055,140530,1598,1543,8,1551,11
2020-09-11,Nevada,057,99092,495,483,15,498,6
2020-09-11,Orange,059,3164182,52553,49755,1321,51076,1068
2020-09-11,Placer,061,380077,3419,3254,13,3267,37
2020-09-11,Plumas,063,18699,48,42,0,42,0
2020-09-11,Riverside,065,2383286,56385,54717,99,54816,1099
2020-09-11,Sacramento,067,1510023,20704,20012,24,20036,358
2020-09-11,San Benito,069,59416,1252,1202,0,1202,7
2020-09-11,San Bernardino,071,2135413,51524,49682,332,50014,871
2020-09-11,San Diego,073,3302833,43947,41971,704,42675,730
2020-09-11,San Francisco,075,870044,10550,10133,22,10155,89
2020-09-11,San Joaquin,077,732212,19530,19019,43,19062,391
2020-09-11,San Luis Obispo,079,281455,3426,3190,17,3207,24
2020-09-11,San Mateo,081,765935,9479,8611,10,8621,127
2020-09-11,Santa Barbara,083,443738,8803,8592,71,8663,103
2020-09-11,Santa Clara,085,1922200,20574,19065,39,19104,234
2020-09-11,Santa Cruz,087,273765,2160,1997,19,2016,7
2020-09-11,Shasta,089,179085,707,568,3,571,10
2020-09-11,Sierra,091,2930,6,6,0,6,0
2020-09-11,Siskiyou,093,43540,151,139,9,148,0
2020-09-11,Solano,095,438530,5963,5742,39,5781,42
2020-09-11,Sonoma,097,501317,6847,6469,20,6489,91
2020-09-11,Stanislaus,099,539301,16045,15613,448,16061,253
2020-09-11,Sutter,101,95872,1579,1505,1,1506,11
2020-09-11,Tehama,103,63373,484,466,2,468,1
2020-09-11,Trinity,105,12862,52,16,7,23,0
2020-09-11,Tulare,107,460477,15602,14932,76,15008,251
2020-09-11,Tuolumne,109,53932,224,208,6,214,1
2020-09-11,Ventura,111,848112,12441,11700,130,11830,123
2020-09-11,Yolo,113,214977,2718,2632,7,2639,53
2020-09-11,Yuba,115,75493,1014,946,3,949,1
2020-09-10,Alameda,001,1643700,20273,19509,145,19654,292
2020-09-10,Alpine,002,1148,2,2,0,2,0
2020-09-10,Amador,005,37829,280,277,0,277,16
2020-09-10,Butte,007,227075,2753,2590,49,2639,37
2020-09-10,Calaveras,009,45235,299,244,0,244,1
2020-09-10,Colusa,011,21464,504,482,0,482,6
2020-09-10,Contra Costa,013,1133247,15877,14909,72,14981,172
2020-09-10,Del Norte,015,27424,125,112,0,112,1
2020-09-10,El Dorado,017,186661,1079,1020,8,1028,2
2020-09-10,Fresno,019,978130,29294,26783,332,27115,338
2020-09-10,Glenn,021,27897,534,511,0,511,3
2020-09-10,Humboldt,023,135768,464,422,1,423,4
2020-09-10,Imperial,025,180216,11524,10251,7,10258,270
2020-09-10,Inyo,027,18085,185,176,4,180,11
2020-09-10,Kern,029,883053,30944,29988,282,30270,363
2020-09-10,Kings,031,150075,7156,6739,31,6770,70
2020-09-10,Lake,033,64148,447,377,0,377,4
2020-09-10,Lassen,035,31185,733,716,2,718,0
2020-09-10,Los Angeles,037,10098052,254507,251003,1528,252531,6132
2020-09-10,Madera,039,155013,4259,3979,29,4008,43
2020-09-10,Marin,041,260295,6484,6344,15,6359,68
2020-09-10,Mariposa,043,17540,75,72,0,72,2
2020-09-10,Mendocino,045,87422,735,697,0,697,16
2020-09-10,Merced,047,269075,8584,8461,12,8473,109
2020-09-10,Modoc,049,8938,25,21,0,21,0
2020-09-10,Mono,051,14174,165,145,3,148,1
2020-09-10,Monterey,053,433212,9069,8570,18,8588,59
2020-09-10,Napa,055,140530,1592,1536,8,1544,11
2020-09-10,Nevada,057,99092,491,478,15,493,6
2020-09-10,Orange,059,3164182,52390,49617,1314,50931,1057
2020-09-10,Placer,061,380077,3399,3233,13,3246,37
2020-09-10,Plumas,063,18699,48,42,0,42,0
2020-09-10,Riverside,065,2383286,56066,54417,96,54513,1091
2020-09-10,Sacramento,067,1510023,20584,19618,23,19641,354
2020-09-10,San Benito,069,59416,1246,1201,0,1201,5
2020-09-10,San Bernardino,071,2135413,51335,49467,330,49797,867
2020-09-10,San Diego,073,3302833,43681,41610,677,42287,725
2020-09-10,San Francisco,075,870044,10473,10082,22,10104,89
2020-09-10,San Joaquin,077,732212,19477,18854,43,18897,389
2020-09-10,San Luis Obispo,079,281455,3412,3161,16,3177,24
2020-09-10,San Mateo,081,765935,9433,8529,10,8539,125
2020-09-10,Santa Barbara,083,443738,8758,8552,71,8623,100
2020-09-10,Santa Clara,085,1922200,20459,18870,39,18909,231
2020-09-10,Santa Cruz,087,273765,2145,1986,17,2003,7
2020-09-10,Shasta,089,179085,696,566,3,569,10
2020-09-10,Sierra,091,2930,6,6,0,6,0
2020-09-10,Siskiyou,093,43540,151,137,9,146,0
2020-09-10,Solano,095,438530,5923,5696,39,5735,42
2020-09-10,Sonoma,097,501317,6798,6424,20,6444,91
2020-09-10,Stanislaus,099,539301,15992,15509,443,15952,243
2020-09-10,Sutter,101,95872,1569,1494,1,1495,11
2020-09-10,Tehama,103,63373,477,466,2,468,1
2020-09-10,Trinity,105,12862,52,15,7,22,0
2020-09-10,Tulare,107,460477,15549,14860,73,14933,250
2020-09-10,Tuolumne,109,53932,223,205,6,211,1
2020-09-10,Ventura,111,848112,12347,11600,123,11723,122
2020-09-10,Yolo,113,214977,2713,2612,7,2619,53
2020-09-10,Yuba,115,75493,1008,941,3,944,1
2020-09-09,Alameda,001,1643700,20194,19399,144,19543,289
2020-09-09,Alpine,002,1148,2,2,0,2,0
2020-09-09,Amador,005,37829,279,276,0,276,16
2020-09-09,Butte,007,227075,2736,2561,49,2610,37
2020-09-09,Calaveras,009,45235,299,242,0,242,1
2020-09-09,Colusa,011,21464,499,479,0,479,6
2020-09-09,Contra Costa,013,1133247,15790,14816,72,14888,171
2020-09-09,Del Norte,015,27424,121,109,0,109,1
2020-09-09,El Dorado,017,186661,1076,1020,8,1028,2
2020-09-09,Fresno,019,978130,29191,26724,327,27051,329
2020-09-09,Glenn,021,27897,531,508,0,508,3
2020-09-09,Humboldt,023,135768,462,420,1,421,4
2020-09-09,Imperial,025,180216,11504,10233,7,10240,268
2020-09-09,Inyo,027,18085,184,173,4,177,2
2020-09-09,Kern,029,883053,30846,29925,279,30204,355
2020-09-09,Kings,031,150075,7138,6721,31,6752,72
2020-09-09,Lake,033,64148,438,371,0,371,4
2020-09-09,Lassen,035,31185,732,714,2,716,0
2020-09-09,Los Angeles,037,10098052,253634,249876,1510,251386,6091
2020-09-09,Madera,039,155013,4233,3926,29,3955,43
2020-09-09,Marin,041,260295,6465,6321,15,6336,68
2020-09-09,Mariposa,043,17540,74,72,0,72,2
2020-09-09,Mendocino,045,87422,727,695,0,695,16
2020-09-09,Merced,047,269075,8558,8441,12,8453,107
2020-09-09,Modoc,049,8938,24,20,0,20,0
2020-09-09,Mono,051,14174,165,145,3,148,1
2020-09-09,Monterey,053,433212,8997,8527,18,8545,59
2020-09-09,Napa,055,140530,1582,1531,8,1539,11
2020-09-09,Nevada,057,99092,487,476,15,491,6
2020-09-09,Orange,059,3164182,52211,49394,1307,50701,1054
2020-09-09,Placer,061,380077,3379,3222,13,3235,36
2020-09-09,Plumas,063,18699,46,42,0,42,0
2020-09-09,Riverside,065,2383286,55836,54320,93,54413,1081
2020-09-09,Sacramento,067,1510023,20479,19474,22,19496,347
2020-09-09,San Benito,069,59416,1242,1199,0,1199,5
2020-09-09,San Bernardino,071,2135413,51136,49264,329,49593,866
2020-09-09,San Diego,073,3302833,43392,41326,665,41991,721
2020-09-09,San Francisco,075,870044,10423,9996,21,10017,86
2020-09-09,San Joaquin,077,732212,19414,18799,42,18841,388
2020-09-09,San Luis Obispo,079,281455,3394,3131,16,3147,24
2020-09-09,San Mateo,081,765935,9373,8478,10,8488,125
2020-09-09,Santa Barbara,083,443738,8715,8528,71,8599,97
2020-09-09,Santa Clara,085,1922200,20328,18759,39,18798,228
2020-09-09,Santa Cruz,087,273765,2122,1967,17,1984,7
2020-09-09,Shasta,089,179085,684,562,3,565,10
2020-09-09,Sierra,091,2930,6,6,0,6,0
2020-09-09,Siskiyou,093,43540,149,137,9,146,0
2020-09-09,Solano,095,438530,5891,5680,39,5719,36
2020-09-09,Sonoma,097,501317,6732,6397,20,6417,92
2020-09-09,Stanislaus,099,539301,15952,15469,432,15901,243
2020-09-09,Sutter,101,95872,1561,1487,1,1488,11
2020-09-09,Tehama,103,63373,474,462,2,464,1
2020-09-09,Trinity,105,12862,52,14,7,21,0
2020-09-09,Tulare,107,460477,15499,14787,68,14855,249
2020-09-09,Tuolumne,109,53932,222,204,5,209,1
2020-09-09,Ventura,111,848112,12256,11497,120,11617,121
2020-09-09,Yolo,113,214977,2702,2604,7,2611,53
2020-09-09,Yuba,115,75493,1003,936,3,939,1
2020-09-08,Alameda,001,1643700,20085,19293,144,19437,288
2020-09-08,Alpine,002,1148,2,2,0,2,0
2020-09-08,Amador,005,37829,279,276,0,276,16
2020-09-08,Butte,007,227075,2718,2453,49,2502,36
2020-09-08,Calaveras,009,45235,297,233,0,233,1
2020-09-08,Colusa,011,21464,497,475,0,475,6
2020-09-08,Contra Costa,013,1133247,15661,14740,69,14809,171
2020-09-08,Del Norte,015,27424,121,109,0,109,2
2020-09-08,El Dorado,017,186661,1073,1011,8,1019,2
2020-09-08,Fresno,019,978130,29073,26640,323,26963,329
2020-09-08,Glenn,021,27897,527,492,0,492,3
2020-09-08,Humboldt,023,135768,460,420,1,421,4
2020-09-08,Imperial,025,180216,11488,10198,7,10205,267
2020-09-08,Inyo,027,18085,184,169,4,173,2
2020-09-08,Kern,029,883053,30761,29850,276,30126,351
2020-09-08,Kings,031,150075,7100,6658,31,6689,72
2020-09-08,Lake,033,64148,428,370,0,370,4
2020-09-08,Lassen,035,31185,732,710,2,712,0
2020-09-08,Los Angeles,037,10098052,252702,249217,1481,250698,6034
2020-09-08,Madera,039,155013,4209,3904,29,3933,43
2020-09-08,Marin,041,260295,6434,6313,15,6328,68
2020-09-08,Mariposa,043,17540,74,72,0,72,2
2020-09-08,Mendocino,045,87422,720,690,0,690,16
2020-09-08,Merced,047,269075,8535,8381,12,8393,104
2020-09-08,Modoc,049,8938,24,20,0,20,0
2020-09-08,Mono,051,14174,165,145,3,148,1
2020-09-08,Monterey,053,433212,8912,8491,18,8509,59
2020-09-08,Napa,055,140530,1578,1518,8,1526,11
2020-09-08,Nevada,057,99092,487,470,15,485,6
2020-09-08,Orange,059,3164182,52069,49214,1303,50517,1044
2020-09-08,Placer,061,380077,3365,3205,13,3218,36
2020-09-08,Plumas,063,18699,46,42,0,42,0
2020-09-08,Riverside,065,2383286,55622,54168,90,54258,1069
2020-09-08,Sacramento,067,1510023,20244,19411,21,19432,347
2020-09-08,San Benito,069,59416,1235,1188,0,1188,5
2020-09-08,San Bernardino,071,2135413,50947,49034,327,49361,856
2020-09-08,San Diego,073,3302833,43076,41079,653,41732,709
2020-09-08,San Francisco,075,870044,10349,9821,21,9842,86
2020-09-08,San Joaquin,077,732212,19336,18550,42,18592,388
2020-09-08,San Luis Obispo,079,281455,3379,3120,16,3136,23
2020-09-08,San Mateo,081,765935,9297,8460,10,8470,125
2020-09-08,Santa Barbara,083,443738,8681,8488,70,8558,96
2020-09-08,Santa Clara,085,1922200,20151,18645,39,18684,228
2020-09-08,Santa Cruz,087,273765,2094,1903,17,1920,7
2020-09-08,Shasta,089,179085,676,556,3,559,10
2020-09-08,Sierra,091,2930,6,6,0,6,0
2020-09-08,Siskiyou,093,43540,147,136,9,145,0
2020-09-08,Solano,095,438530,5854,5654,39,5693,36
2020-09-08,Sonoma,097,501317,6663,6356,20,6376,92
2020-09-08,Stanislaus,099,539301,15888,15415,420,15835,238
2020-09-08,Sutter,101,95872,1545,1473,1,1474,11
2020-09-08,Tehama,103,63373,470,458,2,460,1
2020-09-08,Trinity,105,12862,51,13,7,20,0
2020-09-08,Tulare,107,460477,15419,14635,67,14702,249
2020-09-08,Tuolumne,109,53932,221,197,5,202,1
2020-09-08,Ventura,111,848112,12187,11475,117,11592,118
2020-09-08,Yolo,113,214977,2692,2580,7,2587,53
2020-09-08,Yuba,115,75493,991,923,3,926,1
2020-09-07,Alameda,001,1643700,19964,19188,138,19326,281
2020-09-07,Alpine,002,1148,2,2,0,2,0
2020-09-07,Amador,005,37829,279,276,0,276,16
2020-09-07,Butte,007,227075,2685,2450,48,2498,30
2020-09-07,Calaveras,009,45235,287,234,0,234,1
2020-09-07,Colusa,011,21464,496,475,0,475,6
2020-09-07,Contra Costa,013,1133247,15546,14637,66,14703,172
2020-09-07,Del Norte,015,27424,121,109,0,109,2
2020-09-07,El Dorado,017,186661,1062,1011,8,1019,2
2020-09-07,Fresno,019,978130,28979,26565,320,26885,329
2020-09-07,Glenn,021,27897,522,488,0,488,3
2020-09-07,Humboldt,023,135768,451,416,1,417,4
2020-09-07,Imperial,025,180216,11457,10199,7,10206,267
2020-09-07,Inyo,027,18085,184,169,4,173,2
2020-09-07,Kern,029,883053,30640,29790,271,30061,348
2020-09-07,Kings,031,150075,6976,6630,31,6661,72
2020-09-07,Lake,033,64148,405,367,0,367,2
2020-09-07,Lassen,035,31185,732,709,2,711,0
2020-09-07,Los Angeles,037,10098052,251655,248804,1460,250264,6030
2020-09-07,Madera,039,155013,4178,3889,28,3917,43
2020-09-07,Marin,041,260295,6404,6296,15,6311,67
2020-09-07,Mariposa,043,17540,74,72,0,72,2
2020-09-07,Mendocino,045,87422,712,687,0,687,16
2020-09-07,Merced,047,269075,8488,8381,12,8393,104
2020-09-07,Modoc,049,8938,23,20,0,20,0
2020-09-07,Mono,051,14174,165,145,3,148,1
2020-09-07,Monterey,053,433212,8833,8463,18,8481,57
2020-09-07,Napa,055,140530,1566,1514,8,1522,11
2020-09-07,Nevada,057,99092,485,469,15,484,6
2020-09-07,Orange,059,3164182,51895,49132,1299,50431,1042
2020-09-07,Placer,061,380077,3335,3188,12,3200,36
2020-09-07,Plumas,063,18699,45,42,0,42,0
2020-09-07,Riverside,065,2383286,55347,54178,84,54262,1069
2020-09-07,Sacramento,067,1510023,20002,19292,20,19312,345
2020-09-07,San Benito,069,59416,1229,1180,0,1180,4
2020-09-07,San Bernardino,071,2135413,50719,49043,325,49368,821
2020-09-07,San Diego,073,3302833,42676,40868,626,41494,708
2020-09-07,San Francisco,075,870044,10298,9813,20,9833,85
2020-09-07,San Joaquin,077,732212,19254,18552,40,18592,386
2020-09-07,San Luis Obispo,079,281455,3342,3116,16,3132,23
2020-09-07,San Mateo,081,765935,9215,8409,10,8419,125
2020-09-07,Santa Barbara,083,443738,8637,8479,70,8549,95
2020-09-07,Santa Clara,085,1922200,19995,18596,38,18634,226
2020-09-07,Santa Cruz,087,273765,2066,1902,17,1919,7
2020-09-07,Shasta,089,179085,666,556,3,559,10
2020-09-07,Sierra,091,2930,6,6,0,6,0
2020-09-07,Siskiyou,093,43540,146,133,9,142,0
2020-09-07,Solano,095,438530,5789,5640,39,5679,36
2020-09-07,Sonoma,097,501317,6597,6268,20,6288,85
2020-09-07,Stanislaus,099,539301,15823,15343,408,15751,236
2020-09-07,Sutter,101,95872,1528,1468,1,1469,11
2020-09-07,Tehama,103,63373,466,453,2,455,1
2020-09-07,Trinity,105,12862,51,13,7,20,0
2020-09-07,Tulare,107,460477,15312,14637,65,14702,249
2020-09-07,Tuolumne,109,53932,220,196,5,201,1
2020-09-07,Ventura,111,848112,12092,11463,114,11577,118
2020-09-07,Yolo,113,214977,2675,2565,6,2571,53
2020-09-07,Yuba,115,75493,975,923,3,926,1
2020-09-06,Alameda,001,1643700,19906,19029,136,19165,281
2020-09-06,Alpine,002,1148,2,2,0,2,0
2020-09-06,Amador,005,37829,277,275,0,275,16
2020-09-06,Butte,007,227075,2676,2446,48,2494,30
2020-09-06,Calaveras,009,45235,287,235,0,235,1
2020-09-06,Colusa,011,21464,492,475,0,475,6
2020-09-06,Contra Costa,013,1133247,15465,14565,65,14630,171
2020-09-06,Del Norte,015,27424,121,109,0,109,2
2020-09-06,El Dorado,017,186661,1060,1008,8,1016,2
2020-09-06,Fresno,019,978130,28916,26471,318,26789,329
2020-09-06,Glenn,021,27897,516,474,0,474,3
2020-09-06,Humboldt,023,135768,448,404,1,405,4
2020-09-06,Imperial,025,180216,11440,10152,7,10159,267
2020-09-06,Inyo,027,18085,184,169,4,173,2
2020-09-06,Kern,029,883053,30585,29699,267,29966,348
2020-09-06,Kings,031,150075,6956,6561,30,6591,72
2020-09-06,Lake,033,64148,402,362,0,362,2
2020-09-06,Lassen,035,31185,732,709,2,711,0
2020-09-06,Los Angeles,037,10098052,251023,248316,1446,249762,6004
2020-09-06,Madera,039,155013,4134,3867,28,3895,42
2020-09-06,Marin,041,260295,6392,6276,15,6291,67
2020-09-06,Mariposa,043,17540,74,72,0,72,2
2020-09-06,Mendocino,045,87422,711,672,0,672,16
2020-09-06,Merced,047,269075,8469,8327,12,8339,104
2020-09-06,Modoc,049,8938,23,20,0,20,0
2020-09-06,Mono,051,14174,164,145,3,148,1
2020-09-06,Monterey,053,433212,8793,8403,17,8420,56
2020-09-06,Napa,055,140530,1562,1501,6,1507,11
2020-09-06,Nevada,057,99092,485,467,14,481,6
2020-09-06,Orange,059,3164182,51782,48931,1295,50226,1042
2020-09-06,Placer,061,380077,3318,3169,12,3181,36
2020-09-06,Plumas,063,18699,44,42,0,42,0
2020-09-06,Riverside,065,2383286,55230,53970,82,54052,1069
2020-09-06,Sacramento,067,1510023,19906,19128,20,19148,340
2020-09-06,San Benito,069,59416,1227,1178,0,1178,4
2020-09-06,San Bernardino,071,2135413,50612,48923,325,49248,823
2020-09-06,San Diego,073,3302833,42428,40652,620,41272,707
2020-09-06,San Francisco,075,870044,10224,9813,20,9833,85
2020-09-06,San Joaquin,077,732212,19205,18558,40,18598,386
2020-09-06,San Luis Obispo,079,281455,3331,3101,16,3117,23
2020-09-06,San Mateo,081,765935,9162,8387,10,8397,125
2020-09-06,Santa Barbara,083,443738,8608,8434,70,8504,95
2020-09-06,Santa Clara,085,1922200,19893,18495,38,18533,207
2020-09-06,Santa Cruz,087,273765,2059,1902,17,1919,7
2020-09-06,Shasta,089,179085,660,550,3,553,10
2020-09-06,Sierra,091,2930,6,6,0,6,0
2020-09-06,Siskiyou,093,43540,146,132,9,141,0
2020-09-06,Solano,095,438530,5763,5619,39,5658,37
2020-09-06,Sonoma,097,501317,6568,6212,20,6232,85
2020-09-06,Stanislaus,099,539301,15779,15288,404,15692,236
2020-09-06,Sutter,101,95872,1515,1451,1,1452,11
2020-09-06,Tehama,103,63373,465,455,2,457,1
2020-09-06,Trinity,105,12862,50,13,7,20,0
2020-09-06,Tulare,107,460477,15269,14636,64,14700,249
2020-09-06,Tuolumne,109,53932,217,194,5,199,1
2020-09-06,Ventura,111,848112,12047,11315,114,11429,118
2020-09-06,Yolo,113,214977,2661,2556,6,2562,53
2020-09-06,Yuba,115,75493,966,913,3,916,1
2020-09-05,Alameda,001,1643700,19860,18973,134,19107,279
2020-09-05,Alpine,002,1148,2,2,0,2,0
2020-09-05,Amador,005,37829,277,274,0,274,16
2020-09-05,Butte,007,227075,2660,2406,47,2453,30
2020-09-05,Calaveras,009,45235,287,237,0,237,1
2020-09-05,Colusa,011,21464,488,472,0,472,6
2020-09-05,Contra Costa,013,1133247,15388,14456,63,14519,173
2020-09-05,Del Norte,015,27424,121,109,0,109,2
2020-09-05,El Dorado,017,186661,1060,1007,8,1015,2
2020-09-05,Fresno,019,978130,28850,26325,318,26643,331
2020-09-05,Glenn,021,27897,515,474,0,474,3
2020-09-05,Humboldt,023,135768,446,402,1,403,4
2020-09-05,Imperial,025,180216,11423,10151,7,10158,268
2020-09-05,Inyo,027,18085,184,169,4,173,2
2020-09-05,Kern,029,883053,30525,29645,263,29908,347
2020-09-05,Kings,031,150075,6947,6518,30,6548,66
2020-09-05,Lake,033,64148,399,359,0,359,2
2020-09-05,Lassen,035,31185,732,709,2,711,0
2020-09-05,Los Angeles,037,10098052,250488,247572,1434,249006,6001
2020-09-05,Madera,039,155013,4094,3851,28,3879,42
2020-09-05,Marin,041,260295,6384,6259,15,6274,66
2020-09-05,Mariposa,043,17540,74,72,0,72,2
2020-09-05,Mendocino,045,87422,710,658,0,658,16
2020-09-05,Merced,047,269075,8437,8297,10,8307,104
2020-09-05,Modoc,049,8938,23,19,0,19,0
2020-09-05,Mono,051,14174,164,145,3,148,1
2020-09-05,Monterey,053,433212,8763,8301,17,8318,56
2020-09-05,Napa,055,140530,1556,1484,6,1490,11
2020-09-05,Nevada,057,99092,482,461,14,475,6
2020-09-05,Orange,059,3164182,51681,48726,1290,50016,1039
2020-09-05,Placer,061,380077,3308,3141,12,3153,35
2020-09-05,Plumas,063,18699,44,42,0,42,0
2020-09-05,Riverside,065,2383286,55124,53780,82,53862,1066
2020-09-05,Sacramento,067,1510023,19816,18955,20,18975,339
2020-09-05,San Benito,069,59416,1225,1153,0,1153,4
2020-09-05,San Bernardino,071,2135413,50536,48800,324,49124,825
2020-09-05,San Diego,073,3302833,42235,40344,608,40952,717
2020-09-05,San Francisco,075,870044,10191,9812,19,9831,85
2020-09-05,San Joaquin,077,732212,19176,18557,40,18597,386
2020-09-05,San Luis Obispo,079,281455,3320,3083,16,3099,23
2020-09-05,San Mateo,081,765935,9117,8352,10,8362,124
2020-09-05,Santa Barbara,083,443738,8592,8404,70,8474,96
2020-09-05,Santa Clara,085,1922200,19812,18311,38,18349,207
2020-09-05,Santa Cruz,087,273765,2051,1904,17,1921,7
2020-09-05,Shasta,089,179085,659,544,3,547,10
2020-09-05,Sierra,091,2930,6,6,0,6,0
2020-09-05,Siskiyou,093,43540,145,131,9,140,0
2020-09-05,Solano,095,438530,5751,5579,39,5618,37
2020-09-05,Sonoma,097,501317,6535,6149,20,6169,85
2020-09-05,Stanislaus,099,539301,15731,15198,400,15598,236
2020-09-05,Sutter,101,95872,1508,1445,1,1446,11
2020-09-05,Tehama,103,63373,464,447,2,449,1
2020-09-05,Trinity,105,12862,50,13,7,20,0
2020-09-05,Tulare,107,460477,15211,14576,62,14638,249
2020-09-05,Tuolumne,109,53932,217,194,5,199,1
2020-09-05,Ventura,111,848112,12004,11254,114,11368,118
2020-09-05,Yolo,113,214977,2651,2534,6,2540,53
2020-09-05,Yuba,115,75493,960,902,3,905,1
2020-09-04,Alameda,001,1643700,19791,18843,133,18976,276
2020-09-04,Alpine,002,1148,2,2,0,2,0
2020-09-04,Amador,005,37829,276,274,0,274,16
2020-09-04,Butte,007,227075,2637,2325,47,2372,28
2020-09-04,Calaveras,009,45235,285,237,0,237,1
2020-09-04,Colusa,011,21464,486,467,0,467,6
2020-09-04,Contra Costa,013,1133247,15304,14355,62,14417,164
2020-09-04,Del Norte,015,27424,121,109,0,109,2
2020-09-04,El Dorado,017,186661,1056,992,8,1000,2
2020-09-04,Fresno,019,978130,28744,26147,317,26464,321
2020-09-04,Glenn,021,27897,507,463,0,463,3
2020-09-04,Humboldt,023,135768,441,390,1,391,4
2020-09-04,Imperial,025,180216,11414,10136,7,10143,267
2020-09-04,Inyo,027,18085,184,169,4,173,2
2020-09-04,Kern,029,883053,30457,29526,260,29786,345
2020-09-04,Kings,031,150075,6934,6259,30,6289,66
2020-09-04,Lake,033,64148,399,347,0,347,2
2020-09-04,Lassen,035,31185,732,708,2,710,0
2020-09-04,Los Angeles,037,10098052,249919,246396,1415,247811,5977
2020-09-04,Madera,039,155013,4081,3838,28,3866,42
2020-09-04,Marin,041,260295,6372,6251,15,6266,66
2020-09-04,Mariposa,043,17540,74,72,0,72,2
2020-09-04,Mendocino,045,87422,708,646,0,646,16
2020-09-04,Merced,047,269075,8417,8214,10,8224,104
2020-09-04,Modoc,049,8938,23,15,0,15,0
2020-09-04,Mono,051,14174,164,145,3,148,1
2020-09-04,Monterey,053,433212,8718,8208,17,8225,56
2020-09-04,Napa,055,140530,1547,1475,6,1481,11
2020-09-04,Nevada,057,99092,479,455,14,469,6
2020-09-04,Orange,059,3164182,51557,48488,1283,49771,1031
2020-09-04,Placer,061,380077,3296,3101,12,3113,35
2020-09-04,Plumas,063,18699,44,42,0,42,0
2020-09-04,Riverside,065,2383286,55011,53606,77,53683,1066
2020-09-04,Sacramento,067,1510023,19728,18765,20,18785,337
2020-09-04,San Benito,069,59416,1216,1137,0,1137,4
2020-09-04,San Bernardino,071,2135413,50443,48497,322,48819,800
2020-09-04,San Diego,073,3302833,42005,39901,599,40500,701
2020-09-04,San Francisco,075,870044,10151,9694,18,9712,85
2020-09-04,San Joaquin,077,732212,19122,18438,40,18478,376
2020-09-04,San Luis Obispo,079,281455,3305,3049,15,3064,21
2020-09-04,San Mateo,081,765935,9073,8275,10,8285,122
2020-09-04,Santa Barbara,083,443738,8562,8340,70,8410,96
2020-09-04,Santa Clara,085,1922200,19702,18074,38,18112,209
2020-09-04,Santa Cruz,087,273765,2034,1896,16,1912,7
2020-09-04,Shasta,089,179085,656,536,3,539,10
2020-09-04,Sierra,091,2930,6,6,0,6,0
2020-09-04,Siskiyou,093,43540,145,129,9,138,0
2020-09-04,Solano,095,438530,5738,5552,39,5591,37
2020-09-04,Sonoma,097,501317,6470,6050,20,6070,85
2020-09-04,Stanislaus,099,539301,15698,15074,391,15465,233
2020-09-04,Sutter,101,95872,1492,1425,1,1426,11
2020-09-04,Tehama,103,63373,460,442,2,444,1
2020-09-04,Trinity,105,12862,50,13,7,20,0
2020-09-04,Tulare,107,460477,15183,14501,59,14560,247
2020-09-04,Tuolumne,109,53932,217,193,5,198,1
2020-09-04,Ventura,111,848112,11962,11171,114,11285,114
2020-09-04,Yolo,113,214977,2637,2495,6,2501,53
2020-09-04,Yuba,115,75493,955,884,3,887,1
2020-09-03,Alameda,001,1643700,19688,18687,133,18820,275
2020-09-03,Alpine,002,1148,2,2,0,2,0
2020-09-03,Amador,005,37829,276,274,0,274,16
2020-09-03,Butte,007,227075,2593,2274,47,2321,27
2020-09-03,Calaveras,009,45235,284,238,0,238,1
2020-09-03,Colusa,011,21464,484,464,0,464,6
2020-09-03,Contra Costa,013,1133247,15196,14206,59,14265,159
2020-09-03,Del Norte,015,27424,118,109,0,109,2
2020-09-03,El Dorado,017,186661,1052,983,8,991,2
2020-09-03,Fresno,019,978130,28625,25978,312,26290,313
2020-09-03,Glenn,021,27897,503,460,0,460,3
2020-09-03,Humboldt,023,135768,436,390,1,391,4
2020-09-03,Imperial,025,180216,11393,10083,7,10090,255
2020-09-03,Inyo,027,18085,182,171,4,175,3
2020-09-03,Kern,029,883053,30365,29426,246,29672,340
2020-09-03,Kings,031,150075,6854,6200,30,6230,64
2020-09-03,Lake,033,64148,390,347,0,347,2
2020-09-03,Lassen,035,31185,732,707,2,709,0
2020-09-03,Los Angeles,037,10098052,249056,245026,1395,246421,5931
2020-09-03,Madera,039,155013,4062,3780,28,3808,43
2020-09-03,Marin,041,260295,6353,6175,15,6190,66
2020-09-03,Mariposa,043,17540,74,71,0,71,2
2020-09-03,Mendocino,045,87422,699,638,0,638,16
2020-09-03,Merced,047,269075,8375,8136,10,8146,105
2020-09-03,Modoc,049,8938,23,14,0,14,0
2020-09-03,Mono,051,14174,163,144,3,147,1
2020-09-03,Monterey,053,433212,8664,8128,17,8145,56
2020-09-03,Napa,055,140530,1540,1466,6,1472,10
2020-09-03,Nevada,057,99092,476,453,14,467,6
2020-09-03,Orange,059,3164182,51371,48226,1269,49495,1009
2020-09-03,Placer,061,380077,3278,3069,12,3081,34
2020-09-03,Plumas,063,18699,44,39,0,39,0
2020-09-03,Riverside,065,2383286,54831,53341,73,53414,1052
2020-09-03,Sacramento,067,1510023,19600,18553,19,18572,328
2020-09-03,San Benito,069,59416,1205,1121,0,1121,4
2020-09-03,San Bernardino,071,2135413,50277,48165,321,48486,800
2020-09-03,San Diego,073,3302833,41691,39448,583,40031,700
2020-09-03,San Francisco,075,870044,10086,9636,16,9652,84
2020-09-03,San Joaquin,077,732212,19044,18331,40,18371,371
2020-09-03,San Luis Obispo,079,281455,3288,3023,15,3038,21
2020-09-03,San Mateo,081,765935,8999,8211,10,8221,122
2020-09-03,Santa Barbara,083,443738,8515,8277,70,8347,96
2020-09-03,Santa Clara,085,1922200,19521,17879,38,17917,208
2020-09-03,Santa Cruz,087,273765,2019,1870,16,1886,7
2020-09-03,Shasta,089,179085,651,535,3,538,10
2020-09-03,Sierra,091,2930,6,6,0,6,0
2020-09-03,Siskiyou,093,43540,145,128,9,137,0
2020-09-03,Solano,095,438530,5718,5499,38,5537,36
2020-09-03,Sonoma,097,501317,6407,5997,20,6017,62
2020-09-03,Stanislaus,099,539301,15646,14985,387,15372,217
2020-09-03,Sutter,101,95872,1482,1412,1,1413,11
2020-09-03,Tehama,103,63373,456,436,2,438,1
2020-09-03,Trinity,105,12862,48,13,7,20,0
2020-09-03,Tulare,107,460477,15117,14408,58,14466,244
2020-09-03,Tuolumne,109,53932,217,193,5,198,1
2020-09-03,Ventura,111,848112,11844,11109,111,11220,112
2020-09-03,Yolo,113,214977,2621,2475,6,2481,53
2020-09-03,Yuba,115,75493,948,867,3,870,1
2020-09-02,Alameda,001,1643700,19570,18522,130,18652,260
2020-09-02,Alpine,002,1148,2,2,0,2,0
2020-09-02,Amador,005,37829,276,245,0,245,14
2020-09-02,Butte,007,227075,2547,2241,47,2288,27
2020-09-02,Calaveras,009,45235,283,235,0,235,1
2020-09-02,Colusa,011,21464,480,460,0,460,6
2020-09-02,Contra Costa,013,1133247,15107,14097,57,14154,159
2020-09-02,Del Norte,015,27424,117,109,0,109,2
2020-09-02,El Dorado,017,186661,1048,975,7,982,2
2020-09-02,Fresno,019,978130,28478,25785,309,26094,292
2020-09-02,Glenn,021,27897,498,457,0,457,3
2020-09-02,Humboldt,023,135768,433,381,1,382,4
2020-09-02,Imperial,025,180216,11377,9832,7,9839,255
2020-09-02,Inyo,027,18085,182,171,4,175,3
2020-09-02,Kern,029,883053,30273,29288,240,29528,335
2020-09-02,Kings,031,150075,6769,6142,30,6172,64
2020-09-02,Lake,033,64148,386,342,0,342,2
2020-09-02,Lassen,035,31185,730,706,2,708,0
2020-09-02,Los Angeles,037,10098052,248125,243999,1367,245366,5887
2020-09-02,Madera,039,155013,4042,3735,28,3763,41
2020-09-02,Marin,041,260295,6338,6131,15,6146,66
2020-09-02,Mariposa,043,17540,74,71,0,71,2
2020-09-02,Mendocino,045,87422,689,636,0,636,15
2020-09-02,Merced,047,269075,8344,8097,9,8106,103
2020-09-02,Modoc,049,8938,22,11,0,11,0
2020-09-02,Mono,051,14174,163,145,3,148,1
2020-09-02,Monterey,053,433212,8600,8070,17,8087,56
2020-09-02,Napa,055,140530,1528,1454,6,1460,10
2020-09-02,Nevada,057,99092,470,452,13,465,6
2020-09-02,Orange,059,3164182,51190,47871,1259,49130,994
2020-09-02,Placer,061,380077,3253,3047,11,3058,33
2020-09-02,Plumas,063,18699,44,39,0,39,0
2020-09-02,Riverside,065,2383286,54629,52923,70,52993,1032
2020-09-02,Sacramento,067,1510023,19365,18355,18,18373,316
2020-09-02,San Benito,069,59416,1192,1107,0,1107,4
2020-09-02,San Bernardino,071,2135413,50114,47766,318,48084,794
2020-09-02,San Diego,073,3302833,41371,39123,569,39692,695
2020-09-02,San Francisco,075,870044,10017,9587,16,9603,84
2020-09-02,San Joaquin,077,732212,18963,18194,39,18233,352
2020-09-02,San Luis Obispo,079,281455,3262,3002,14,3016,21
2020-09-02,San Mateo,081,765935,8942,8148,10,8158,122
2020-09-02,Santa Barbara,083,443738,8460,8206,69,8275,94
2020-09-02,Santa Clara,085,1922200,19365,17673,38,17711,206
2020-09-02,Santa Cruz,087,273765,1996,1850,16,1866,7
2020-09-02,Shasta,089,179085,650,531,3,534,10
2020-09-02,Sierra,091,2930,6,6,0,6,0
2020-09-02,Siskiyou,093,43540,144,127,9,136,0
2020-09-02,Solano,095,438530,5690,5463,38,5501,36
2020-09-02,Sonoma,097,501317,6345,5846,20,5866,62
2020-09-02,Stanislaus,099,539301,15576,14854,380,15234,220
2020-09-02,Sutter,101,95872,1467,1401,1,1402,10
2020-09-02,Tehama,103,63373,453,429,2,431,1
2020-09-02,Trinity,105,12862,48,13,7,20,0
2020-09-02,Tulare,107,460477,15051,14298,58,14356,244
2020-09-02,Tuolumne,109,53932,217,190,5,195,1
2020-09-02,Ventura,111,848112,11757,11031,110,11141,111
2020-09-02,Yolo,113,214977,2599,2449,6,2455,54
2020-09-02,Yuba,115,75493,941,856,3,859,1
2020-09-01,Alameda,001,1643700,19432,18382,127,18509,248
2020-09-01,Alpine,002,1148,2,2,0,2,0
2020-09-01,Amador,005,37829,275,244,0,244,13
2020-09-01,Butte,007,227075,2490,2146,47,2193,26
2020-09-01,Calaveras,009,45235,275,228,0,228,1
2020-09-01,Colusa,011,21464,476,454,0,454,6
2020-09-01,Contra Costa,013,1133247,15014,13998,55,14053,158
2020-09-01,Del Norte,015,27424,116,108,0,108,2
2020-09-01,El Dorado,017,186661,1040,972,7,979,2
2020-09-01,Fresno,019,978130,28334,25542,307,25849,290
2020-09-01,Glenn,021,27897,491,449,0,449,3
2020-09-01,Humboldt,023,135768,427,378,1,379,4
2020-09-01,Imperial,025,180216,11351,9782,7,9789,250
2020-09-01,Inyo,027,18085,182,171,4,175,3
2020-09-01,Kern,029,883053,30182,29162,235,29397,332
2020-09-01,Kings,031,150075,6738,6088,30,6118,62
2020-09-01,Lake,033,64148,383,341,0,341,2
2020-09-01,Lassen,035,31185,727,706,2,708,0
2020-09-01,Los Angeles,037,10098052,247035,242633,1344,243977,5832
2020-09-01,Madera,039,155013,4013,3703,27,3730,41
2020-09-01,Marin,041,260295,6323,6102,15,6117,67
2020-09-01,Mariposa,043,17540,73,72,0,72,2
2020-09-01,Mendocino,045,87422,674,626,0,626,15
2020-09-01,Merced,047,269075,8291,8046,8,8054,103
2020-09-01,Modoc,049,8938,20,10,0,10,0
2020-09-01,Mono,051,14174,163,145,3,148,1
2020-09-01,Monterey,053,433212,8494,7926,17,7943,56
2020-09-01,Napa,055,140530,1513,1446,6,1452,10
2020-09-01,Nevada,057,99092,464,450,13,463,6
2020-09-01,Orange,059,3164182,51026,47671,1240,48911,976
2020-09-01,Placer,061,380077,3231,3013,11,3024,33
2020-09-01,Plumas,063,18699,44,39,0,39,0
2020-09-01,Riverside,065,2383286,54412,52785,69,52854,1027
2020-09-01,Sacramento,067,1510023,19181,18217,17,18234,305
2020-09-01,San Benito,069,59416,1180,1089,0,1089,4
2020-09-01,San Bernardino,071,2135413,49907,47371,317,47688,786
2020-09-01,San Diego,073,3302833,41013,38873,531,39404,688
2020-09-01,San Francisco,075,870044,9948,9492,16,9508,83
2020-09-01,San Joaquin,077,732212,18882,17915,38,17953,341
2020-09-01,San Luis Obispo,079,281455,3236,2970,14,2984,21
2020-09-01,San Mateo,081,765935,8862,8132,10,8142,122
2020-09-01,Santa Barbara,083,443738,8410,8142,68,8210,93
2020-09-01,Santa Clara,085,1922200,19186,17319,38,17357,204
2020-09-01,Santa Cruz,087,273765,1972,1752,16,1768,7
2020-09-01,Shasta,089,179085,642,527,3,530,9
2020-09-01,Sierra,091,2930,6,6,0,6,0
2020-09-01,Siskiyou,093,43540,141,128,8,136,0
2020-09-01,Solano,095,438530,5664,5438,38,5476,34
2020-09-01,Sonoma,097,501317,6255,5733,20,5753,60
2020-09-01,Stanislaus,099,539301,15500,14784,370,15154,212
2020-09-01,Sutter,101,95872,1456,1389,1,1390,10
2020-09-01,Tehama,103,63373,450,422,2,424,1
2020-09-01,Trinity,105,12862,47,13,6,19,0
2020-09-01,Tulare,107,460477,14967,14156,58,14214,241
2020-09-01,Tuolumne,109,53932,211,183,5,188,1
2020-09-01,Ventura,111,848112,11679,10899,105,11004,108
2020-09-01,Yolo,113,214977,2583,2440,6,2446,51
2020-09-01,Yuba,115,75493,932,841,3,844,1
2020-08-31,Alameda,001,1643700,19285,18148,127,18275,248
2020-08-31,Alpine,002,1148,2,2,0,2,0
2020-08-31,Amador,005,37829,275,243,0,243,13
2020-08-31,Butte,007,227075,2426,2069,47,2116,26
2020-08-31,Calaveras,009,45235,270,212,0,212,1
2020-08-31,Colusa,011,21464,475,443,0,443,6
2020-08-31,Contra Costa,013,1133247,14888,13902,52,13954,153
2020-08-31,Del Norte,015,27424,116,108,0,108,2
2020-08-31,El Dorado,017,186661,1033,965,7,972,2
2020-08-31,Fresno,019,978130,28113,25185,301,25486,290
2020-08-31,Glenn,021,27897,479,437,0,437,3
2020-08-31,Humboldt,023,135768,425,374,1,375,4
2020-08-31,Imperial,025,180216,11320,9759,7,9766,250
2020-08-31,Inyo,027,18085,181,160,4,164,3
2020-08-31,Kern,029,883053,30084,29067,234,29301,318
2020-08-31,Kings,031,150075,6471,6037,30,6067,62
2020-08-31,Lake,033,64148,367,341,0,341,2
2020-08-31,Lassen,035,31185,724,706,2,708,0
2020-08-31,Los Angeles,037,10098052,245928,241793,1316,243109,5787
2020-08-31,Madera,039,155013,3990,3662,26,3688,35
2020-08-31,Marin,041,260295,6287,6074,15,6089,67
2020-08-31,Mariposa,043,17540,73,69,0,69,2
2020-08-31,Mendocino,045,87422,662,618,0,618,15
2020-08-31,Merced,047,269075,8230,7991,8,7999,79
2020-08-31,Modoc,049,8938,18,10,0,10,0
2020-08-31,Mono,051,14174,163,145,3,148,1
2020-08-31,Monterey,053,433212,8387,7839,17,7856,56
2020-08-31,Napa,055,140530,1505,1434,6,1440,10
2020-08-31,Nevada,057,99092,462,447,13,460,6
2020-08-31,Orange,059,3164182,50827,47392,1212,48604,965
2020-08-31,Placer,061,380077,3182,2989,11,3000,33
2020-08-31,Plumas,063,18699,43,39,0,39,0
2020-08-31,Riverside,065,2383286,54190,52508,67,52575,1020
2020-08-31,Sacramento,067,1510023,18940,17999,17,18016,303
2020-08-31,San Benito,069,59416,1164,1080,0,1080,4
2020-08-31,San Bernardino,071,2135413,49695,47370,316,47686,755
2020-08-31,San Diego,073,3302833,40646,38606,498,39104,682
2020-08-31,San Francisco,075,870044,9869,9293,13,9306,83
2020-08-31,San Joaquin,077,732212,18795,17807,37,17844,338
2020-08-31,San Luis Obispo,079,281455,3213,2951,13,2964,21
2020-08-31,San Mateo,081,765935,8792,8065,10,8075,122
2020-08-31,Santa Barbara,083,443738,8365,8124,68,8192,94
2020-08-31,Santa Clara,085,1922200,18998,17211,38,17249,202
2020-08-31,Santa Cruz,087,273765,1947,1742,16,1758,7
2020-08-31,Shasta,089,179085,637,528,3,531,9
2020-08-31,Sierra,091,2930,6,6,0,6,0
2020-08-31,Siskiyou,093,43540,140,127,8,135,0
2020-08-31,Solano,095,438530,5632,5302,37,5339,34
2020-08-31,Sonoma,097,501317,6180,5650,20,5670,60
2020-08-31,Stanislaus,099,539301,15426,14685,361,15046,213
2020-08-31,Sutter,101,95872,1441,1365,1,1366,10
2020-08-31,Tehama,103,63373,447,421,2,423,1
2020-08-31,Trinity,105,12862,47,13,6,19,0
2020-08-31,Tulare,107,460477,14880,13985,56,14041,237
2020-08-31,Tuolumne,109,53932,211,178,5,183,1
2020-08-31,Ventura,111,848112,11591,10866,104,10970,108
2020-08-31,Yolo,113,214977,2565,2423,5,2428,51
2020-08-31,Yuba,115,75493,918,830,3,833,1
2020-08-30,Alameda,001,1643700,19160,18099,125,18224,248
2020-08-30,Alpine,002,1148,2,2,0,2,0
2020-08-30,Amador,005,37829,274,240,0,240,13
2020-08-30,Butte,007,227075,2346,1988,47,2035,26
2020-08-30,Calaveras,009,45235,261,211,0,211,1
2020-08-30,Colusa,011,21464,474,440,0,440,6
2020-08-30,Contra Costa,013,1133247,14750,13780,52,13832,150
2020-08-30,Del Norte,015,27424,115,108,0,108,2
2020-08-30,El Dorado,017,186661,1023,962,7,969,2
2020-08-30,Fresno,019,978130,27987,24963,300,25263,291
2020-08-30,Glenn,021,27897,472,437,0,437,3
2020-08-30,Humboldt,023,135768,414,362,1,363,4
2020-08-30,Imperial,025,180216,11301,9703,7,9710,250
2020-08-30,Inyo,027,18085,181,160,4,164,3
2020-08-30,Kern,029,883053,29991,28987,234,29221,317
2020-08-30,Kings,031,150075,6425,6000,30,6030,62
2020-08-30,Lake,033,64148,362,334,0,334,2
2020-08-30,Lassen,035,31185,722,706,2,708,0
2020-08-30,Los Angeles,037,10098052,244790,240775,1284,242059,5772
2020-08-30,Madera,039,155013,3962,3626,26,3652,33
2020-08-30,Marin,041,260295,6257,6060,15,6075,66
2020-08-30,Mariposa,043,17540,73,69,0,69,2
2020-08-30,Mendocino,045,87422,656,611,0,611,13
2020-08-30,Merced,047,269075,8155,7960,8,7968,79
2020-08-30,Modoc,049,8938,13,10,0,10,0
2020-08-30,Mono,051,14174,163,145,3,148,1
2020-08-30,Monterey,053,433212,8303,7816,17,7833,54
2020-08-30,Napa,055,140530,1493,1423,6,1429,10
2020-08-30,Nevada,057,99092,459,445,13,458,6
2020-08-30,Orange,059,3164182,50630,47283,1198,48481,965
2020-08-30,Placer,061,380077,3149,2961,11,2972,32
2020-08-30,Plumas,063,18699,42,39,0,39,0
2020-08-30,Riverside,065,2383286,54011,52227,66,52293,1017
2020-08-30,Sacramento,067,1510023,18763,17751,17,17768,300
2020-08-30,San Benito,069,59416,1154,1071,0,1071,4
2020-08-30,San Bernardino,071,2135413,49438,47201,316,47517,755
2020-08-30,San Diego,073,3302833,40248,38302,477,38779,682
2020-08-30,San Francisco,075,870044,9772,9294,10,9304,83
2020-08-30,San Joaquin,077,732212,18678,17637,36,17673,338
2020-08-30,San Luis Obispo,079,281455,3188,2934,13,2947,21
2020-08-30,San Mateo,081,765935,8715,8013,10,8023,122
2020-08-30,Santa Barbara,083,443738,8306,8088,68,8156,93
2020-08-30,Santa Clara,085,1922200,18824,17045,38,17083,202
2020-08-30,Santa Cruz,087,273765,1921,1743,16,1759,7
2020-08-30,Shasta,089,179085,634,525,3,528,9
2020-08-30,Sierra,091,2930,6,6,0,6,0
2020-08-30,Siskiyou,093,43540,138,125,8,133,0
2020-08-30,Solano,095,438530,5589,5303,37,5340,34
2020-08-30,Sonoma,097,501317,6120,5590,20,5610,60
2020-08-30,Stanislaus,099,539301,15354,14580,352,14932,209
2020-08-30,Sutter,101,95872,1420,1351,1,1352,10
2020-08-30,Tehama,103,63373,437,419,2,421,1
2020-08-30,Trinity,105,12862,47,13,6,19,0
2020-08-30,Tulare,107,460477,14785,13985,55,14040,236
2020-08-30,Tuolumne,109,53932,207,178,5,183,1
2020-08-30,Ventura,111,848112,11478,10775,99,10874,108
2020-08-30,Yolo,113,214977,2537,2391,4,2395,51
2020-08-30,Yuba,115,75493,904,832,3,835,1
2020-08-29,Alameda,001,1643700,19093,17888,125,18013,250
2020-08-29,Alpine,002,1148,2,2,0,2,0
2020-08-29,Amador,005,37829,274,239,0,239,13
2020-08-29,Butte,007,227075,2315,1948,47,1995,26
2020-08-29,Calaveras,009,45235,257,211,0,211,1
2020-08-29,Colusa,011,21464,471,440,0,440,6
2020-08-29,Contra Costa,013,1133247,14677,13663,51,13714,159
2020-08-29,Del Norte,015,27424,115,108,0,108,1
2020-08-29,El Dorado,017,186661,1020,958,7,965,2
2020-08-29,Fresno,019,978130,27932,24821,300,25121,291
2020-08-29,Glenn,021,27897,466,437,0,437,3
2020-08-29,Humboldt,023,135768,411,363,1,364,4
2020-08-29,Imperial,025,180216,11286,9698,7,9705,250
2020-08-29,Inyo,027,18085,181,160,4,164,3
2020-08-29,Kern,029,883053,29951,28947,233,29180,317
2020-08-29,Kings,031,150075,6410,5906,30,5936,62
2020-08-29,Lake,033,64148,361,329,0,329,2
2020-08-29,Lassen,035,31185,722,706,2,708,0
2020-08-29,Los Angeles,037,10098052,244161,239815,1271,241086,5762
2020-08-29,Madera,039,155013,3953,3605,25,3630,33
2020-08-29,Marin,041,260295,6245,6007,15,6022,64
2020-08-29,Mariposa,043,17540,73,69,0,69,2
2020-08-29,Mendocino,045,87422,652,596,0,596,13
2020-08-29,Merced,047,269075,8125,7867,8,7875,79
2020-08-29,Modoc,049,8938,13,9,0,9,0
2020-08-29,Mono,051,14174,163,145,3,148,1
2020-08-29,Monterey,053,433212,8258,7680,17,7697,53
2020-08-29,Napa,055,140530,1490,1413,6,1419,10
2020-08-29,Nevada,057,99092,459,442,13,455,5
2020-08-29,Orange,059,3164182,50519,47007,1188,48195,960
2020-08-29,Placer,061,380077,3132,2935,11,2946,32
2020-08-29,Plumas,063,18699,41,39,0,39,0
2020-08-29,Riverside,065,2383286,53899,51918,64,51982,1016
2020-08-29,Sacramento,067,1510023,18692,17588,17,17605,291
2020-08-29,San Benito,069,59416,1145,1045,0,1045,4
2020-08-29,San Bernardino,071,2135413,49323,46849,316,47165,755
2020-08-29,San Diego,073,3302833,39982,38049,459,38508,694
2020-08-29,San Francisco,075,870044,9744,9291,9,9300,83
2020-08-29,San Joaquin,077,732212,18634,17493,36,17529,335
2020-08-29,San Luis Obispo,079,281455,3163,2917,13,2930,21
2020-08-29,San Mateo,081,765935,8673,7928,10,7938,122
2020-08-29,Santa Barbara,083,443738,8279,8052,67,8119,93
2020-08-29,Santa Clara,085,1922200,18724,16898,37,16935,202
2020-08-29,Santa Cruz,087,273765,1909,1746,16,1762,7
2020-08-29,Shasta,089,179085,626,522,3,525,9
2020-08-29,Sierra,091,2930,6,6,0,6,0
2020-08-29,Siskiyou,093,43540,138,121,8,129,0
2020-08-29,Solano,095,438530,5568,5303,37,5340,34
2020-08-29,Sonoma,097,501317,6085,5537,20,5557,60
2020-08-29,Stanislaus,099,539301,15305,14479,342,14821,208
2020-08-29,Sutter,101,95872,1415,1333,1,1334,9
2020-08-29,Tehama,103,63373,436,417,2,419,1
2020-08-29,Trinity,105,12862,46,11,6,17,0
2020-08-29,Tulare,107,460477,14747,13890,54,13944,236
2020-08-29,Tuolumne,109,53932,207,178,5,183,1
2020-08-29,Ventura,111,848112,11436,10705,99,10804,108
2020-08-29,Yolo,113,214977,2519,2357,4,2361,51
2020-08-29,Yuba,115,75493,895,822,3,825,1
2020-08-28,Alameda,001,1643700,19010,17729,124,17853,237
2020-08-28,Alpine,002,1148,2,2,0,2,0
2020-08-28,Amador,005,37829,274,234,0,234,13
2020-08-28,Butte,007,227075,2285,1886,47,1933,25
2020-08-28,Calaveras,009,45235,255,207,0,207,1
2020-08-28,Colusa,011,21464,470,441,0,441,6
2020-08-28,Contra Costa,013,1133247,14606,13522,50,13572,158
2020-08-28,Del Norte,015,27424,115,107,0,107,1
2020-08-28,El Dorado,017,186661,1014,949,7,956,2
2020-08-28,Fresno,019,978130,27797,24612,300,24912,282
2020-08-28,Glenn,021,27897,459,429,0,429,3
2020-08-28,Humboldt,023,135768,407,362,1,363,4
2020-08-28,Imperial,025,180216,11272,9656,7,9663,241
2020-08-28,Inyo,027,18085,180,160,4,164,2
2020-08-28,Kern,029,883053,29903,28744,233,28977,306
2020-08-28,Kings,031,150075,6403,5829,29,5858,62
2020-08-28,Lake,033,64148,356,320,0,320,2
2020-08-28,Lassen,035,31185,722,704,2,706,0
2020-08-28,Los Angeles,037,10098052,243347,238544,1246,239790,5740
2020-08-28,Madera,039,155013,3934,3552,25,3577,33
2020-08-28,Marin,041,260295,6223,5991,15,6006,63
2020-08-28,Mariposa,043,17540,73,67,0,67,2
2020-08-28,Mendocino,045,87422,647,588,0,588,11
2020-08-28,Merced,047,269075,8095,7803,8,7811,77
2020-08-28,Modoc,049,8938,13,6,0,6,0
2020-08-28,Mono,051,14174,163,145,3,148,1
2020-08-28,Monterey,053,433212,8201,7591,17,7608,53
2020-08-28,Napa,055,140530,1482,1403,5,1408,10
2020-08-28,Nevada,057,99092,458,438,13,451,5
2020-08-28,Orange,059,3164182,50419,46696,1173,47869,942
2020-08-28,Placer,061,380077,3122,2891,11,2902,32
2020-08-28,Plumas,063,18699,41,39,0,39,0
2020-08-28,Riverside,065,2383286,53768,51510,60,51570,1008
2020-08-28,Sacramento,067,1510023,18594,17119,17,17136,283
2020-08-28,San Benito,069,59416,1129,1016,0,1016,3
2020-08-28,San Bernardino,071,2135413,49204,46553,312,46865,754
2020-08-28,San Diego,073,3302833,39752,37786,444,38230,676
2020-08-28,San Francisco,075,870044,9692,9135,9,9144,83
2020-08-28,San Joaquin,077,732212,18581,17114,35,17149,314
2020-08-28,San Luis Obispo,079,281455,3146,2849,13,2862,20
2020-08-28,San Mateo,081,765935,8627,7783,9,7792,121
2020-08-28,Santa Barbara,083,443738,8247,8001,67,8068,92
2020-08-28,Santa Clara,085,1922200,18597,16696,37,16733,201
2020-08-28,Santa Cruz,087,273765,1897,1747,16,1763,7
2020-08-28,Shasta,089,179085,622,516,3,519,9
2020-08-28,Sierra,091,2930,6,6,0,6,0
2020-08-28,Siskiyou,093,43540,136,119,8,127,0
2020-08-28,Solano,095,438530,5549,5219,37,5256,34
2020-08-28,Sonoma,097,501317,6050,5425,19,5444,58
2020-08-28,Stanislaus,099,539301,15262,14176,338,14514,190
2020-08-28,Sutter,101,95872,1405,1308,1,1309,9
2020-08-28,Tehama,103,63373,431,410,2,412,1
2020-08-28,Trinity,105,12862,46,11,6,17,0
2020-08-28,Tulare,107,460477,14702,13776,54,13830,236
2020-08-28,Tuolumne,109,53932,207,176,5,181,1
2020-08-28,Ventura,111,848112,11400,10606,97,10703,103
2020-08-28,Yolo,113,214977,2510,2323,4,2327,51
2020-08-28,Yuba,115,75493,886,810,3,813,1
2020-08-27,Alameda,001,1643700,18865,17584,121,17705,234
2020-08-27,Alpine,002,1148,2,2,0,2,0
2020-08-27,Amador,005,37829,273,233,0,233,13
2020-08-27,Butte,007,227075,2219,1803,46,1849,25
2020-08-27,Calaveras,009,45235,250,204,0,204,1
2020-08-27,Colusa,011,21464,468,438,0,438,6
2020-08-27,Contra Costa,013,1133247,14506,13379,49,13428,158
2020-08-27,Del Norte,015,27424,115,107,0,107,1
2020-08-27,El Dorado,017,186661,1010,942,7,949,2
2020-08-27,Fresno,019,978130,27617,24367,295,24662,272
2020-08-27,Glenn,021,27897,451,429,0,429,3
2020-08-27,Humboldt,023,135768,399,358,1,359,4
2020-08-27,Imperial,025,180216,11245,9608,7,9615,235
2020-08-27,Inyo,027,18085,180,157,3,160,2
2020-08-27,Kern,029,883053,29832,28635,224,28859,294
2020-08-27,Kings,031,150075,6381,5759,29,5788,62
2020-08-27,Lake,033,64148,354,314,0,314,2
2020-08-27,Lassen,035,31185,722,703,2,705,0
2020-08-27,Los Angeles,037,10098052,242344,237103,1231,238334,5704
2020-08-27,Madera,039,155013,3908,3465,25,3490,33
2020-08-27,Marin,041,260295,6199,5929,15,5944,62
2020-08-27,Mariposa,043,17540,73,67,0,67,2
2020-08-27,Mendocino,045,87422,638,581,0,581,10
2020-08-27,Merced,047,269075,8051,7765,8,7773,75
2020-08-27,Modoc,049,8938,11,5,0,5,0
2020-08-27,Mono,051,14174,163,145,3,148,1
2020-08-27,Monterey,053,433212,8107,7501,17,7518,52
2020-08-27,Napa,055,140530,1476,1397,5,1402,10
2020-08-27,Nevada,057,99092,455,435,13,448,5
2020-08-27,Orange,059,3164182,50262,46449,1162,47611,935
2020-08-27,Placer,061,380077,3091,2869,11,2880,32
2020-08-27,Plumas,063,18699,40,39,0,39,0
2020-08-27,Riverside,065,2383286,53558,51306,57,51363,999
2020-08-27,Sacramento,067,1510023,18396,16875,17,16892,281
2020-08-27,San Benito,069,59416,1113,987,0,987,3
2020-08-27,San Bernardino,071,2135413,48980,46345,306,46651,751
2020-08-27,San Diego,073,3302833,39481,37501,424,37925,673
2020-08-27,San Francisco,075,870044,9626,9014,9,9023,83
2020-08-27,San Joaquin,077,732212,18501,16989,35,17024,314
2020-08-27,San Luis Obispo,079,281455,3121,2808,13,2821,20
2020-08-27,San Mateo,081,765935,8518,7728,9,7737,121
2020-08-27,Santa Barbara,083,443738,8209,7934,67,8001,92
2020-08-27,Santa Clara,085,1922200,18411,16495,37,16532,199
2020-08-27,Santa Cruz,087,273765,1880,1734,16,1750,7
2020-08-27,Shasta,089,179085,616,512,3,515,9
2020-08-27,Sierra,091,2930,6,6,0,6,0
2020-08-27,Siskiyou,093,43540,136,118,8,126,0
2020-08-27,Solano,095,438530,5511,5167,37,5204,34
2020-08-27,Sonoma,097,501317,5943,5357,19,5376,58
2020-08-27,Stanislaus,099,539301,15181,14080,335,14415,186
2020-08-27,Sutter,101,95872,1385,1296,1,1297,9
2020-08-27,Tehama,103,63373,427,398,2,400,1
2020-08-27,Trinity,105,12862,46,11,6,17,0
2020-08-27,Tulare,107,460477,14611,13666,54,13720,231
2020-08-27,Tuolumne,109,53932,202,174,5,179,1
2020-08-27,Ventura,111,848112,11337,10483,93,10576,102
2020-08-27,Yolo,113,214977,2486,2293,4,2297,51
2020-08-27,Yuba,115,75493,875,807,3,810,1
2020-08-26,Alameda,001,1643700,18702,17373,121,17494,233
2020-08-26,Alpine,002,1148,2,2,0,2,0
2020-08-26,Amador,005,37829,273,229,0,229,13
2020-08-26,Butte,007,227075,2151,1765,44,1809,25
2020-08-26,Calaveras,009,45235,242,201,0,201,1
2020-08-26,Colusa,011,21464,462,433,0,433,5
2020-08-26,Contra Costa,013,1133247,14369,13248,49,13297,157
2020-08-26,Del Norte,015,27424,114,86,0,86,1
2020-08-26,El Dorado,017,186661,1008,938,7,945,2
2020-08-26,Fresno,019,978130,27470,24071,293,24364,255
2020-08-26,Glenn,021,27897,449,429,0,429,3
2020-08-26,Humboldt,023,135768,387,357,1,358,4
2020-08-26,Imperial,025,180216,11223,9453,7,9460,227
2020-08-26,Inyo,027,18085,177,157,3,160,2
2020-08-26,Kern,029,883053,29693,28507,221,28728,286
2020-08-26,Kings,031,150075,6360,5720,29,5749,62
2020-08-26,Lake,033,64148,349,308,0,308,2
2020-08-26,Lassen,035,31185,722,702,2,704,0
2020-08-26,Los Angeles,037,10098052,241334,235499,1201,236700,5665
2020-08-26,Madera,039,155013,3879,3458,25,3483,32
2020-08-26,Marin,041,260295,6182,5887,15,5902,56
2020-08-26,Mariposa,043,17540,73,68,0,68,2
2020-08-26,Mendocino,045,87422,627,581,0,581,10
2020-08-26,Merced,047,269075,8018,7720,8,7728,74
2020-08-26,Modoc,049,8938,8,5,0,5,0
2020-08-26,Mono,051,14174,163,141,3,144,1
2020-08-26,Monterey,053,433212,8014,7439,17,7456,51
2020-08-26,Napa,055,140530,1463,1382,5,1387,10
2020-08-26,Nevada,057,99092,452,432,13,445,2
2020-08-26,Orange,059,3164182,50078,46157,1146,47303,905
2020-08-26,Placer,061,380077,3068,2846,9,2855,32
2020-08-26,Plumas,063,18699,39,39,0,39,0
2020-08-26,Riverside,065,2383286,53317,51138,57,51195,987
2020-08-26,Sacramento,067,1510023,18233,16708,17,16725,271
2020-08-26,San Benito,069,59416,1098,978,0,978,3
2020-08-26,San Bernardino,071,2135413,48773,45840,302,46142,743
2020-08-26,San Diego,073,3302833,39143,37224,397,37621,668
2020-08-26,San Francisco,075,870044,9552,8938,9,8947,81
2020-08-26,San Joaquin,077,732212,18412,16845,34,16879,309
2020-08-26,San Luis Obispo,079,281455,3093,2761,13,2774,20
2020-08-26,San Mateo,081,765935,8451,7655,9,7664,121
2020-08-26,Santa Barbara,083,443738,8175,7904,67,7971,90
2020-08-26,Santa Clara,085,1922200,18234,16283,37,16320,198
2020-08-26,Santa Cruz,087,273765,1869,1726,16,1742,7
2020-08-26,Shasta,089,179085,611,511,3,514,9
2020-08-26,Sierra,091,2930,6,6,0,6,0
2020-08-26,Siskiyou,093,43540,133,109,8,117,0
2020-08-26,Solano,095,438530,5487,5131,36,5167,34
2020-08-26,Sonoma,097,501317,5870,5283,19,5302,58
2020-08-26,Stanislaus,099,539301,15104,13964,329,14293,186
2020-08-26,Sutter,101,95872,1367,1275,1,1276,9
2020-08-26,Tehama,103,63373,424,396,2,398,1
2020-08-26,Trinity,105,12862,45,10,6,16,0
2020-08-26,Tulare,107,460477,14544,13568,54,13622,232
2020-08-26,Tuolumne,109,53932,201,172,5,177,1
2020-08-26,Ventura,111,848112,11265,10412,86,10498,100
2020-08-26,Yolo,113,214977,2465,2279,4,2283,49
2020-08-26,Yuba,115,75493,860,779,3,782,1
2020-08-25,Alameda,001,1643700,18545,17278,121,17399,232
2020-08-25,Alpine,002,1148,2,2,0,2,0
2020-08-25,Amador,005,37829,273,227,0,227,13
2020-08-25,Butte,007,227075,2084,1718,43,1761,24
2020-08-25,Calaveras,009,45235,240,196,0,196,1
2020-08-25,Colusa,011,21464,455,430,0,430,5
2020-08-25,Contra Costa,013,1133247,14231,13181,48,13229,156
2020-08-25,Del Norte,015,27424,113,83,0,83,1
2020-08-25,El Dorado,017,186661,1005,928,7,935,2
2020-08-25,Fresno,019,978130,27283,23932,292,24224,250
2020-08-25,Glenn,021,27897,446,429,0,429,3
2020-08-25,Humboldt,023,135768,382,342,1,343,4
2020-08-25,Imperial,025,180216,11195,9381,7,9388,217
2020-08-25,Inyo,027,18085,175,144,3,147,1
2020-08-25,Kern,029,883053,29556,28416,221,28637,285
2020-08-25,Kings,031,150075,6203,5702,29,5731,59
2020-08-25,Lake,033,64148,344,304,0,304,2
2020-08-25,Lassen,035,31185,721,692,2,694,0
2020-08-25,Los Angeles,037,10098052,240036,233961,1153,235114,5612
2020-08-25,Madera,039,155013,3864,3446,24,3470,32
2020-08-25,Marin,041,260295,6144,5860,15,5875,56
2020-08-25,Mariposa,043,17540,73,67,0,67,2
2020-08-25,Mendocino,045,87422,619,571,0,571,10
2020-08-25,Merced,047,269075,7951,7693,7,7700,69
2020-08-25,Modoc,049,8938,8,5,0,5,0
2020-08-25,Mono,051,14174,163,129,3,132,1
2020-08-25,Monterey,053,433212,7933,7333,17,7350,51
2020-08-25,Napa,055,140530,1456,1374,5,1379,10
2020-08-25,Nevada,057,99092,448,430,13,443,2
2020-08-25,Orange,059,3164182,49884,45737,1130,46867,902
2020-08-25,Placer,061,380077,3049,2829,6,2835,31
2020-08-25,Plumas,063,18699,39,39,0,39,0
2020-08-25,Riverside,065,2383286,53086,50889,57,50946,981
2020-08-25,Sacramento,067,1510023,18079,16601,17,16618,265
2020-08-25,San Benito,069,59416,1082,973,0,973,3
2020-08-25,San Bernardino,071,2135413,48538,45544,299,45843,727
2020-08-25,San Diego,073,3302833,38864,36996,375,37371,665
2020-08-25,San Francisco,075,870044,9475,8848,9,8857,81
2020-08-25,San Joaquin,077,732212,18284,16795,34,16829,306
2020-08-25,San Luis Obispo,079,281455,3034,2731,12,2743,20
2020-08-25,San Mateo,081,765935,8391,7636,8,7644,120
2020-08-25,Santa Barbara,083,443738,8123,7854,67,7921,90
2020-08-25,Santa Clara,085,1922200,18065,16199,37,16236,194
2020-08-25,Santa Cruz,087,273765,1850,1708,16,1724,7
2020-08-25,Shasta,089,179085,607,511,3,514,9
2020-08-25,Sierra,091,2930,6,6,0,6,0
2020-08-25,Siskiyou,093,43540,132,109,8,117,0
2020-08-25,Solano,095,438530,5426,5114,36,5150,34
2020-08-25,Sonoma,097,501317,5784,5148,19,5167,56
2020-08-25,Stanislaus,099,539301,14996,13886,318,14204,182
2020-08-25,Sutter,101,95872,1350,1259,1,1260,9
2020-08-25,Tehama,103,63373,421,394,2,396,1
2020-08-25,Trinity,105,12862,44,10,6,16,0
2020-08-25,Tulare,107,460477,14440,13514,53,13567,224
2020-08-25,Tuolumne,109,53932,199,172,5,177,1
2020-08-25,Ventura,111,848112,11180,10313,81,10394,99
2020-08-25,Yolo,113,214977,2452,2254,4,2258,50
2020-08-25,Yuba,115,75493,850,775,3,778,1
2020-08-24,Alameda,001,1643700,18350,16913,120,17033,231
2020-08-24,Alpine,002,1148,2,2,0,2,0
2020-08-24,Amador,005,37829,271,227,0,227,13
2020-08-24,Butte,007,227075,2001,1649,43,1692,23
2020-08-24,Calaveras,009,45235,231,187,0,187,1
2020-08-24,Colusa,011,21464,451,425,0,425,5
2020-08-24,Contra Costa,013,1133247,14114,12906,46,12952,153
2020-08-24,Del Norte,015,27424,113,80,0,80,1
2020-08-24,El Dorado,017,186661,997,908,7,915,2
2020-08-24,Fresno,019,978130,27094,23618,285,23903,235
2020-08-24,Glenn,021,27897,444,421,0,421,2
2020-08-24,Humboldt,023,135768,378,340,1,341,4
2020-08-24,Imperial,025,180216,11162,9323,7,9330,210
2020-08-24,Inyo,027,18085,171,144,3,147,2
2020-08-24,Kern,029,883053,29458,28157,215,28372,277
2020-08-24,Kings,031,150075,6115,5652,29,5681,60
2020-08-24,Lake,033,64148,329,302,0,302,2
2020-08-24,Lassen,035,31185,721,693,2,695,0
2020-08-24,Los Angeles,037,10098052,238671,233036,1137,234173,5562
2020-08-24,Madera,039,155013,3836,3418,24,3442,32
2020-08-24,Marin,041,260295,6079,5834,15,5849,56
2020-08-24,Mariposa,043,17540,71,66,0,66,2
2020-08-24,Mendocino,045,87422,604,550,0,550,10
2020-08-24,Merced,047,269075,7873,7605,7,7612,69
2020-08-24,Modoc,049,8938,8,5,0,5,0
2020-08-24,Mono,051,14174,163,129,3,132,1
2020-08-24,Monterey,053,433212,7824,7212,16,7228,50
2020-08-24,Napa,055,140530,1443,1358,5,1363,10
2020-08-24,Nevada,057,99092,443,423,13,436,2
2020-08-24,Orange,059,3164182,49691,45536,1121,46657,887
2020-08-24,Placer,061,380077,3002,2793,6,2799,31
2020-08-24,Plumas,063,18699,39,37,0,37,0
2020-08-24,Riverside,065,2383286,52808,50496,57,50553,975
2020-08-24,Sacramento,067,1510023,17883,16318,16,16334,249
2020-08-24,San Benito,069,59416,1061,961,0,961,3
2020-08-24,San Bernardino,071,2135413,48275,45199,297,45496,720
2020-08-24,San Diego,073,3302833,38576,36729,347,37076,660
2020-08-24,San Francisco,075,870044,9392,8621,9,8630,81
2020-08-24,San Joaquin,077,732212,18143,16565,33,16598,305
2020-08-24,San Luis Obispo,079,281455,3006,2705,12,2717,20
2020-08-24,San Mateo,081,765935,8324,7502,8,7510,120
2020-08-24,Santa Barbara,083,443738,8082,7784,67,7851,90
2020-08-24,Santa Clara,085,1922200,17861,16049,37,16086,192
2020-08-24,Santa Cruz,087,273765,1830,1627,15,1642,6
2020-08-24,Shasta,089,179085,605,505,3,508,9
2020-08-24,Sierra,091,2930,6,6,0,6,0
2020-08-24,Siskiyou,093,43540,128,107,8,115,0
2020-08-24,Solano,095,438530,5377,4979,34,5013,32
2020-08-24,Sonoma,097,501317,5680,5071,19,5090,56
2020-08-24,Stanislaus,099,539301,14898,13521,304,13825,171
2020-08-24,Sutter,101,95872,1331,1219,1,1220,9
2020-08-24,Tehama,103,63373,416,388,2,390,1
2020-08-24,Trinity,105,12862,44,10,6,16,0
2020-08-24,Tulare,107,460477,14332,13360,52,13412,223
2020-08-24,Tuolumne,109,53932,198,170,5,175,1
2020-08-24,Ventura,111,848112,11100,10261,77,10338,99
2020-08-24,Yolo,113,214977,2418,2239,4,2243,47
2020-08-24,Yuba,115,75493,833,750,3,753,1
2020-08-23,Alameda,001,1643700,18127,16786,119,16905,231
2020-08-23,Alpine,002,1148,2,2,0,2,0
2020-08-23,Amador,005,37829,268,227,0,227,13
2020-08-23,Butte,007,227075,1886,1637,43,1680,23
2020-08-23,Calaveras,009,45235,222,187,0,187,1
2020-08-23,Colusa,011,21464,444,424,0,424,5
2020-08-23,Contra Costa,013,1133247,13952,12642,46,12688,153
2020-08-23,Del Norte,015,27424,113,80,0,80,1
2020-08-23,El Dorado,017,186661,984,901,7,908,2
2020-08-23,Fresno,019,978130,26890,23414,282,23696,235
2020-08-23,Glenn,021,27897,437,421,0,421,2
2020-08-23,Humboldt,023,135768,376,341,1,342,4
2020-08-23,Imperial,025,180216,11133,9243,7,9250,210
2020-08-23,Inyo,027,18085,168,144,3,147,2
2020-08-23,Kern,029,883053,29309,28028,210,28238,277
2020-08-23,Kings,031,150075,6072,5628,29,5657,60
2020-08-23,Lake,033,64148,325,299,0,299,2
2020-08-23,Lassen,035,31185,720,693,2,695,0
2020-08-23,Los Angeles,037,10098052,237070,231833,1070,232903,5549
2020-08-23,Madera,039,155013,3805,3401,23,3424,32
2020-08-23,Marin,041,260295,6042,5807,14,5821,50
2020-08-23,Mariposa,043,17540,71,66,0,66,2
2020-08-23,Mendocino,045,87422,600,550,0,550,10
2020-08-23,Merced,047,269075,7804,7574,6,7580,69
2020-08-23,Modoc,049,8938,7,5,0,5,0
2020-08-23,Mono,051,14174,163,129,3,132,1
2020-08-23,Monterey,053,433212,7734,7173,16,7189,50
2020-08-23,Napa,055,140530,1431,1348,5,1353,10
2020-08-23,Nevada,057,99092,438,421,13,434,2
2020-08-23,Orange,059,3164182,49453,45267,1109,46376,887
2020-08-23,Placer,061,380077,2963,2772,6,2778,31
2020-08-23,Plumas,063,18699,39,37,0,37,0
2020-08-23,Riverside,065,2383286,52538,50293,55,50348,955
2020-08-23,Sacramento,067,1510023,17660,16084,15,16099,243
2020-08-23,San Benito,069,59416,1048,938,0,938,3
2020-08-23,San Bernardino,071,2135413,48007,45010,287,45297,719
2020-08-23,San Diego,073,3302833,38255,36542,320,36862,660
2020-08-23,San Francisco,075,870044,9298,8564,8,8572,80
2020-08-23,San Joaquin,077,732212,18010,16069,32,16101,305
2020-08-23,San Luis Obispo,079,281455,2964,2679,12,2691,20
2020-08-23,San Mateo,081,765935,8229,7450,8,7458,120
2020-08-23,Santa Barbara,083,443738,8014,7725,67,7792,90
2020-08-23,Santa Clara,085,1922200,17665,15912,35,15947,191
2020-08-23,Santa Cruz,087,273765,1804,1627,15,1642,6
2020-08-23,Shasta,089,179085,600,501,3,504,9
2020-08-23,Sierra,091,2930,6,6,0,6,0
2020-08-23,Siskiyou,093,43540,123,107,8,115,0
2020-08-23,Solano,095,438530,5319,4977,32,5009,32
2020-08-23,Sonoma,097,501317,5592,5018,19,5037,56
2020-08-23,Stanislaus,099,539301,14763,13483,281,13764,171
2020-08-23,Sutter,101,95872,1309,1203,1,1204,9
2020-08-23,Tehama,103,63373,406,381,2,383,1
2020-08-23,Trinity,105,12862,44,10,6,16,0
2020-08-23,Tulare,107,460477,14200,13303,49,13352,223
2020-08-23,Tuolumne,109,53932,195,164,5,169,1
2020-08-23,Ventura,111,848112,10999,10126,73,10199,99
2020-08-23,Yolo,113,214977,2390,2210,4,2214,47
2020-08-23,Yuba,115,75493,812,750,3,753,1
2020-08-22,Alameda,001,1643700,18033,16648,118,16766,231
2020-08-22,Alpine,002,1148,2,2,0,2,0
2020-08-22,Amador,005,37829,267,224,0,224,13
2020-08-22,Butte,007,227075,1835,1618,43,1661,22
2020-08-22,Calaveras,009,45235,218,187,0,187,1
2020-08-22,Colusa,011,21464,440,419,0,419,5
2020-08-22,Contra Costa,013,1133247,13865,12522,46,12568,153
2020-08-22,Del Norte,015,27424,112,80,0,80,1
2020-08-22,El Dorado,017,186661,982,900,7,907,2
2020-08-22,Fresno,019,978130,26792,23197,281,23478,235
2020-08-22,Glenn,021,27897,436,421,0,421,2
2020-08-22,Humboldt,023,135768,366,334,1,335,4
2020-08-22,Imperial,025,180216,11125,9244,7,9251,210
2020-08-22,Inyo,027,18085,168,144,3,147,1
2020-08-22,Kern,029,883053,29255,27807,210,28017,277
2020-08-22,Kings,031,150075,6063,5447,29,5476,60
2020-08-22,Lake,033,64148,323,291,0,291,2
2020-08-22,Lassen,035,31185,720,693,2,695,0
2020-08-22,Los Angeles,037,10098052,236409,230858,1054,231912,5540
2020-08-22,Madera,039,155013,3786,3330,23,3353,32
2020-08-22,Marin,041,260295,6030,5789,14,5803,49
2020-08-22,Mariposa,043,17540,71,66,0,66,2
2020-08-22,Mendocino,045,87422,597,529,0,529,10
2020-08-22,Merced,047,269075,7776,7493,6,7499,69
2020-08-22,Modoc,049,8938,7,5,0,5,0
2020-08-22,Mono,051,14174,163,129,3,132,1
2020-08-22,Monterey,053,433212,7686,7081,16,7097,50
2020-08-22,Napa,055,140530,1426,1328,5,1333,11
2020-08-22,Nevada,057,99092,438,411,13,424,2
2020-08-22,Orange,059,3164182,49312,45131,1103,46234,885
2020-08-22,Placer,061,380077,2949,2734,6,2740,30
2020-08-22,Plumas,063,18699,39,37,0,37,0
2020-08-22,Riverside,065,2383286,52390,49944,54,49998,953
2020-08-22,Sacramento,067,1510023,17548,15516,15,15531,239
2020-08-22,San Benito,069,59416,1032,912,0,912,3
2020-08-22,San Bernardino,071,2135413,47878,44803,283,45086,719
2020-08-22,San Diego,073,3302833,38072,36205,309,36514,673
2020-08-22,San Francisco,075,870044,9238,8568,8,8576,80
2020-08-22,San Joaquin,077,732212,17954,16068,32,16100,305
2020-08-22,San Luis Obispo,079,281455,2938,2660,12,2672,20
2020-08-22,San Mateo,081,765935,8182,7361,8,7369,120
2020-08-22,Santa Barbara,083,443738,7988,7685,67,7752,90
2020-08-22,Santa Clara,085,1922200,17557,15590,35,15625,190
2020-08-22,Santa Cruz,087,273765,1788,1628,14,1642,6
2020-08-22,Shasta,089,179085,598,493,3,496,9
2020-08-22,Sierra,091,2930,6,6,0,6,0
2020-08-22,Siskiyou,093,43540,123,106,8,114,0
2020-08-22,Solano,095,438530,5289,4944,31,4975,32
2020-08-22,Sonoma,097,501317,5546,4891,19,4910,57
2020-08-22,Stanislaus,099,539301,14713,13380,264,13644,170
2020-08-22,Sutter,101,95872,1302,1189,1,1190,8
2020-08-22,Tehama,103,63373,405,368,2,370,1
2020-08-22,Trinity,105,12862,44,8,6,14,0
2020-08-22,Tulare,107,460477,14133,13196,49,13245,222
2020-08-22,Tuolumne,109,53932,193,162,5,167,1
2020-08-22,Ventura,111,848112,10944,9959,71,10030,99
2020-08-22,Yolo,113,214977,2374,2188,4,2192,47
2020-08-22,Yuba,115,75493,800,738,3,741,1
2020-08-21,Alameda,001,1643700,17941,16413,118,16531,232
2020-08-21,Alpine,002,1148,2,2,0,2,0
2020-08-21,Amador,005,37829,266,223,0,223,11
2020-08-21,Butte,007,227075,1796,1582,43,1625,19
2020-08-21,Calaveras,009,45235,218,182,0,182,1
2020-08-21,Colusa,011,21464,438,418,0,418,5
2020-08-21,Contra Costa,013,1133247,13775,12333,45,12378,149
2020-08-21,Del Norte,015,27424,112,78,0,78,1
2020-08-21,El Dorado,017,186661,978,885,7,892,2
2020-08-21,Fresno,019,978130,26622,22840,280,23120,232
2020-08-21,Glenn,021,27897,432,418,0,418,2
2020-08-21,Humboldt,023,135768,363,331,1,332,4
2020-08-21,Imperial,025,180216,11109,9166,7,9173,204
2020-08-21,Inyo,027,18085,168,144,3,147,1
2020-08-21,Kern,029,883053,29196,27567,208,27775,269
2020-08-21,Kings,031,150075,6041,5391,29,5420,60
2020-08-21,Lake,033,64148,321,281,0,281,2
2020-08-21,Lassen,035,31185,720,693,2,695,0
2020-08-21,Los Angeles,037,10098052,235533,229235,1035,230270,5494
2020-08-21,Madera,039,155013,3756,3271,23,3294,31
2020-08-21,Marin,041,260295,6010,5762,14,5776,49
2020-08-21,Mariposa,043,17540,71,66,0,66,2
2020-08-21,Mendocino,045,87422,587,505,0,505,10
2020-08-21,Merced,047,269075,7747,7357,6,7363,69
2020-08-21,Modoc,049,8938,7,5,0,5,0
2020-08-21,Mono,051,14174,163,128,3,131,1
2020-08-21,Monterey,053,433212,7614,6974,16,6990,49
2020-08-21,Napa,055,140530,1417,1317,5,1322,10
2020-08-21,Nevada,057,99092,437,406,13,419,2
2020-08-21,Orange,059,3164182,49171,44625,1094,45719,875
2020-08-21,Placer,061,380077,2933,2698,6,2704,30
2020-08-21,Plumas,063,18699,39,36,0,36,0
2020-08-21,Riverside,065,2383286,52195,49409,54,49463,932
2020-08-21,Sacramento,067,1510023,17425,15247,15,15262,237
2020-08-21,San Benito,069,59416,1022,891,0,891,3
2020-08-21,San Bernardino,071,2135413,47759,44249,279,44528,668
2020-08-21,San Diego,073,3302833,37868,35914,292,36206,652
2020-08-21,San Francisco,075,870044,9188,8375,8,8383,80
2020-08-21,San Joaquin,077,732212,17872,15888,30,15918,301
2020-08-21,San Luis Obispo,079,281455,2915,2640,12,2652,19
2020-08-21,San Mateo,081,765935,8125,7253,8,7261,120
2020-08-21,Santa Barbara,083,443738,7947,7645,67,7712,86
2020-08-21,Santa Clara,085,1922200,17406,15399,35,15434,190
2020-08-21,Santa Cruz,087,273765,1776,1617,14,1631,6
2020-08-21,Shasta,089,179085,598,486,3,489,9
2020-08-21,Sierra,091,2930,6,6,0,6,0
2020-08-21,Siskiyou,093,43540,123,103,6,109,0
2020-08-21,Solano,095,438530,5266,4891,30,4921,32
2020-08-21,Sonoma,097,501317,5476,4816,19,4835,57
2020-08-21,Stanislaus,099,539301,14644,13282,250,13532,161
2020-08-21,Sutter,101,95872,1289,1173,1,1174,8
2020-08-21,Tehama,103,63373,403,357,2,359,1
2020-08-21,Trinity,105,12862,44,8,6,14,0
2020-08-21,Tulare,107,460477,14062,13002,47,13049,217
2020-08-21,Tuolumne,109,53932,185,161,5,166,1
2020-08-21,Ventura,111,848112,10879,9865,69,9934,98
2020-08-21,Yolo,113,214977,2359,2164,4,2168,46
2020-08-21,Yuba,115,75493,796,717,3,720,1
2020-08-20,Alameda,001,1643700,17781,16174,118,16292,229
2020-08-20,Alpine,002,1148,2,2,0,2,0
2020-08-20,Amador,005,37829,264,222,0,222,11
2020-08-20,Butte,007,227075,1747,1549,43,1592,18
2020-08-20,Calaveras,009,45235,215,179,0,179,1
2020-08-20,Colusa,011,21464,436,415,0,415,5
2020-08-20,Contra Costa,013,1133247,13648,12108,44,12152,144
2020-08-20,Del Norte,015,27424,112,78,0,78,1
2020-08-20,El Dorado,017,186661,974,881,7,888,2
2020-08-20,Fresno,019,978130,26441,22535,275,22810,228
2020-08-20,Glenn,021,27897,427,414,0,414,2
2020-08-20,Humboldt,023,135768,358,318,1,319,4
2020-08-20,Imperial,025,180216,11090,9086,7,9093,196
2020-08-20,Inyo,027,18085,167,144,3,147,1
2020-08-20,Kern,029,883053,29028,27337,197,27534,267
2020-08-20,Kings,031,150075,6001,5347,28,5375,59
2020-08-20,Lake,033,64148,316,280,0,280,2
2020-08-20,Lassen,035,31185,719,693,2,695,0
2020-08-20,Los Angeles,037,10098052,234298,227492,1016,228508,5445
2020-08-20,Madera,039,155013,3730,3197,23,3220,31
2020-08-20,Marin,041,260295,5992,5745,14,5759,47
2020-08-20,Mariposa,043,17540,71,67,0,67,2
2020-08-20,Mendocino,045,87422,577,497,0,497,10
2020-08-20,Merced,047,269075,7673,7173,6,7179,68
2020-08-20,Modoc,049,8938,7,5,0,5,0
2020-08-20,Mono,051,14174,163,128,3,131,1
2020-08-20,Monterey,053,433212,7543,6892,16,6908,47
2020-08-20,Napa,055,140530,1411,1306,5,1311,10
2020-08-20,Nevada,057,99092,436,401,13,414,2
2020-08-20,Orange,059,3164182,48944,44299,1084,45383,849
2020-08-20,Placer,061,380077,2917,2681,6,2687,30
2020-08-20,Plumas,063,18699,39,36,0,36,0
2020-08-20,Riverside,065,2383286,51976,48953,53,49006,927
2020-08-20,Sacramento,067,1510023,17182,14992,15,15007,231
2020-08-20,San Benito,069,59416,1009,866,0,866,3
2020-08-20,San Bernardino,071,2135413,47503,43627,275,43902,665
2020-08-20,San Diego,073,3302833,37648,35610,274,35884,644
2020-08-20,San Francisco,075,870044,9102,8262,8,8270,72
2020-08-20,San Joaquin,077,732212,17781,15778,30,15808,297
2020-08-20,San Luis Obispo,079,281455,2895,2590,12,2602,19
2020-08-20,San Mateo,081,765935,8060,7188,8,7196,120
2020-08-20,Santa Barbara,083,443738,7909,7571,67,7638,81
2020-08-20,Santa Clara,085,1922200,17234,15162,35,15197,190
2020-08-20,Santa Cruz,087,273765,1763,1581,14,1595,6
2020-08-20,Shasta,089,179085,597,478,3,481,9
2020-08-20,Sierra,091,2930,6,6,0,6,0
2020-08-20,Siskiyou,093,43540,122,102,1,103,0
2020-08-20,Solano,095,438530,5221,4843,30,4873,31
2020-08-20,Sonoma,097,501317,5404,4737,19,4756,54
2020-08-20,Stanislaus,099,539301,14548,13120,241,13361,161
2020-08-20,Sutter,101,95872,1265,1158,1,1159,8
2020-08-20,Tehama,103,63373,398,350,2,352,1
2020-08-20,Trinity,105,12862,44,8,6,14,0
2020-08-20,Tulare,107,460477,13954,12907,46,12953,217
2020-08-20,Tuolumne,109,53932,181,159,5,164,1
2020-08-20,Ventura,111,848112,10766,9744,68,9812,93
2020-08-20,Yolo,113,214977,2337,2150,4,2154,47
2020-08-20,Yuba,115,75493,779,709,3,712,1
2020-08-19,Alameda,001,1643700,17623,15874,117,15991,226
2020-08-19,Alpine,002,1148,2,2,0,2,0
2020-08-19,Amador,005,37829,263,219,0,219,9
2020-08-19,Butte,007,227075,1704,1517,43,1560,16
2020-08-19,Calaveras,009,45235,213,177,0,177,1
2020-08-19,Colusa,011,21464,435,415,0,415,5
2020-08-19,Contra Costa,013,1133247,13535,11895,43,11938,142
2020-08-19,Del Norte,015,27424,112,78,0,78,1
2020-08-19,El Dorado,017,186661,968,870,7,877,2
2020-08-19,Fresno,019,978130,26252,22167,266,22433,221
2020-08-19,Glenn,021,27897,425,414,0,414,2
2020-08-19,Humboldt,023,135768,355,316,1,317,4
2020-08-19,Imperial,025,180216,11062,9041,7,9048,192
2020-08-19,Inyo,027,18085,165,140,3,143,1
2020-08-19,Kern,029,883053,28911,27142,193,27335,263
2020-08-19,Kings,031,150075,5828,5301,26,5327,59
2020-08-19,Lake,033,64148,313,277,0,277,2
2020-08-19,Lassen,035,31185,711,693,2,695,0
2020-08-19,Los Angeles,037,10098052,233020,226006,976,226982,5399
2020-08-19,Madera,039,155013,3696,3158,21,3179,30
2020-08-19,Marin,041,260295,5969,5723,13,5736,46
2020-08-19,Mariposa,043,17540,71,64,0,64,2
2020-08-19,Mendocino,045,87422,560,495,0,495,8
2020-08-19,Merced,047,269075,7546,7082,3,7085,66
2020-08-19,Modoc,049,8938,7,5,0,5,0
2020-08-19,Mono,051,14174,163,128,3,131,1
2020-08-19,Monterey,053,433212,7443,6693,16,6709,45
2020-08-19,Napa,055,140530,1405,1293,5,1298,10
2020-08-19,Nevada,057,99092,429,398,13,411,2
2020-08-19,Orange,059,3164182,48739,43938,1081,45019,829
2020-08-19,Placer,061,380077,2895,2659,6,2665,28
2020-08-19,Plumas,063,18699,39,36,0,36,0
2020-08-19,Riverside,065,2383286,51726,48741,53,48794,922
2020-08-19,Sacramento,067,1510023,17002,14764,15,14779,229
2020-08-19,San Benito,069,59416,992,853,0,853,3
2020-08-19,San Bernardino,071,2135413,47207,43224,269,43493,661
2020-08-19,San Diego,073,3302833,37398,35378,259,35637,638
2020-08-19,San Francisco,075,870044,9038,8236,8,8244,72
2020-08-19,San Joaquin,077,732212,17659,15677,29,15706,296
2020-08-19,San Luis Obispo,079,281455,2855,2553,12,2565,19
2020-08-19,San Mateo,081,765935,7991,7146,8,7154,119
2020-08-19,Santa Barbara,083,443738,7860,7499,67,7566,80
2020-08-19,Santa Clara,085,1922200,17089,14994,35,15029,189
2020-08-19,Santa Cruz,087,273765,1737,1554,14,1568,6
2020-08-19,Shasta,089,179085,593,475,3,478,9
2020-08-19,Sierra,091,2930,6,6,0,6,0
2020-08-19,Siskiyou,093,43540,121,103,1,104,0
2020-08-19,Solano,095,438530,5180,4807,30,4837,31
2020-08-19,Sonoma,097,501317,5324,4614,19,4633,54
2020-08-19,Stanislaus,099,539301,14445,13084,219,13303,160
2020-08-19,Sutter,101,95872,1231,1146,1,1147,8
2020-08-19,Tehama,103,63373,392,342,2,344,1
2020-08-19,Trinity,105,12862,43,8,6,14,0
2020-08-19,Tulare,107,460477,13856,12756,46,12802,217
2020-08-19,Tuolumne,109,53932,178,159,5,164,1
2020-08-19,Ventura,111,848112,10674,9587,66,9653,91
2020-08-19,Yolo,113,214977,2315,2126,4,2130,47
2020-08-19,Yuba,115,75493,767,701,3,704,1
2020-08-18,Alameda,001,1643700,17445,15627,115,15742,223
2020-08-18,Alpine,002,1148,2,2,0,2,0
2020-08-18,Amador,005,37829,262,215,0,215,9
2020-08-18,Butte,007,227075,1671,1491,43,1534,16
2020-08-18,Calaveras,009,45235,210,174,0,174,1
2020-08-18,Colusa,011,21464,434,415,0,415,5
2020-08-18,Contra Costa,013,1133247,13414,11689,41,11730,141
2020-08-18,Del Norte,015,27424,111,78,0,78,0
2020-08-18,El Dorado,017,186661,963,866,7,873,2
2020-08-18,Fresno,019,978130,26030,21798,260,22058,212
2020-08-18,Glenn,021,27897,425,407,0,407,2
2020-08-18,Humboldt,023,135768,353,315,1,316,4
2020-08-18,Imperial,025,180216,11028,8968,7,8975,189
2020-08-18,Inyo,027,18085,164,140,3,143,1
2020-08-18,Kern,029,883053,28758,26978,189,27167,263
2020-08-18,Kings,031,150075,5793,5269,25,5294,58
2020-08-18,Lake,033,64148,310,274,0,274,2
2020-08-18,Lassen,035,31185,711,693,2,695,0
2020-08-18,Los Angeles,037,10098052,231752,224218,940,225158,5339
2020-08-18,Madera,039,155013,3668,3125,21,3146,28
2020-08-18,Marin,041,260295,5939,5708,13,5721,47
2020-08-18,Mariposa,043,17540,71,61,0,61,2
2020-08-18,Mendocino,045,87422,551,468,0,468,8
2020-08-18,Merced,047,269075,7498,6940,3,6943,66
2020-08-18,Modoc,049,8938,7,5,0,5,0
2020-08-18,Mono,051,14174,162,129,3,132,1
2020-08-18,Monterey,053,433212,7351,6691,15,6706,44
2020-08-18,Napa,055,140530,1401,1274,5,1279,10
2020-08-18,Nevada,057,99092,422,389,13,402,2
2020-08-18,Orange,059,3164182,48514,43659,1067,44726,809
2020-08-18,Placer,061,380077,2869,2644,5,2649,28
2020-08-18,Plumas,063,18699,39,34,0,34,0
2020-08-18,Riverside,065,2383286,51394,48447,53,48500,917
2020-08-18,Sacramento,067,1510023,16772,14610,14,14624,222
2020-08-18,San Benito,069,59416,972,836,0,836,3
2020-08-18,San Bernardino,071,2135413,46926,42827,263,43090,648
2020-08-18,San Diego,073,3302833,37105,35164,227,35391,633
2020-08-18,San Francisco,075,870044,8953,8016,8,8024,72
2020-08-18,San Joaquin,077,732212,17545,15509,28,15537,290
2020-08-18,San Luis Obispo,079,281455,2830,2535,11,2546,18
2020-08-18,San Mateo,081,765935,7930,7074,8,7082,119
2020-08-18,Santa Barbara,083,443738,7818,7472,67,7539,81
2020-08-18,Santa Clara,085,1922200,16920,14786,34,14820,184
2020-08-18,Santa Cruz,087,273765,1724,1509,14,1523,6
2020-08-18,Shasta,089,179085,589,468,3,471,9
2020-08-18,Sierra,091,2930,6,6,0,6,0
2020-08-18,Siskiyou,093,43540,120,103,1,104,0
2020-08-18,Solano,095,438530,5153,4700,30,4730,31
2020-08-18,Sonoma,097,501317,5255,4506,19,4525,48
2020-08-18,Stanislaus,099,539301,14347,12935,203,13138,149
2020-08-18,Sutter,101,95872,1212,1126,1,1127,8
2020-08-18,Tehama,103,63373,382,333,2,335,1
2020-08-18,Trinity,105,12862,41,8,6,14,0
2020-08-18,Tulare,107,460477,13725,12637,43,12680,212
2020-08-18,Tuolumne,109,53932,175,159,5,164,1
2020-08-18,Ventura,111,848112,10584,9536,61,9597,89
2020-08-18,Yolo,113,214977,2293,2102,4,2106,47
2020-08-18,Yuba,115,75493,759,679,3,682,1
2020-08-17,Alameda,001,1643700,17252,15454,114,15568,221
2020-08-17,Alpine,002,1148,2,2,0,2,0
2020-08-17,Amador,005,37829,262,215,0,215,9
2020-08-17,Butte,007,227075,1626,1463,43,1506,15
2020-08-17,Calaveras,009,45235,206,167,0,167,1
2020-08-17,Colusa,011,21464,431,408,0,408,5
2020-08-17,Contra Costa,013,1133247,13277,11442,41,11483,141
2020-08-17,Del Norte,015,27424,107,77,0,77,0
2020-08-17,El Dorado,017,186661,960,846,7,853,2
2020-08-17,Fresno,019,978130,25823,21316,253,21569,211
2020-08-17,Glenn,021,27897,424,402,0,402,2
2020-08-17,Humboldt,023,135768,349,302,1,303,4
2020-08-17,Imperial,025,180216,10987,8897,7,8904,188
2020-08-17,Inyo,027,18085,156,124,3,127,1
2020-08-17,Kern,029,883053,28611,26773,179,26952,249
2020-08-17,Kings,031,150075,5755,5249,25,5274,58
2020-08-17,Lake,033,64148,305,270,0,270,2
2020-08-17,Lassen,035,31185,711,666,2,668,0
2020-08-17,Los Angeles,037,10098052,230233,223418,896,224314,5282
2020-08-17,Madera,039,155013,3625,3050,20,3070,26
2020-08-17,Marin,041,260295,5916,5683,12,5695,46
2020-08-17,Mariposa,043,17540,71,61,0,61,2
2020-08-17,Mendocino,045,87422,533,454,0,454,8
2020-08-17,Merced,047,269075,7403,6814,3,6817,66
2020-08-17,Modoc,049,8938,7,5,0,5,0
2020-08-17,Mono,051,14174,162,126,3,129,1
2020-08-17,Monterey,053,433212,7251,6553,15,6568,44
2020-08-17,Napa,055,140530,1380,1255,5,1260,10
2020-08-17,Nevada,057,99092,417,383,13,396,2
2020-08-17,Orange,059,3164182,48304,43621,1054,44675,804
2020-08-17,Placer,061,380077,2844,2609,5,2614,28
2020-08-17,Plumas,063,18699,39,33,0,33,0
2020-08-17,Riverside,065,2383286,51060,48062,51,48113,916
2020-08-17,Sacramento,067,1510023,16552,14333,14,14347,219
2020-08-17,San Benito,069,59416,957,822,0,822,2
2020-08-17,San Bernardino,071,2135413,46582,42005,254,42259,604
2020-08-17,San Diego,073,3302833,36839,34962,213,35175,626
2020-08-17,San Francisco,075,870044,8882,7600,8,7608,72
2020-08-17,San Joaquin,077,732212,17383,15323,27,15350,280
2020-08-17,San Luis Obispo,079,281455,2797,2527,11,2538,18
2020-08-17,San Mateo,081,765935,7873,6987,7,6994,118
2020-08-17,Santa Barbara,083,443738,7776,7438,67,7505,80
2020-08-17,Santa Clara,085,1922200,16695,14546,34,14580,183
2020-08-17,Santa Cruz,087,273765,1708,1453,13,1466,6
2020-08-17,Shasta,089,179085,583,467,3,470,9
2020-08-17,Sierra,091,2930,6,6,0,6,0
2020-08-17,Siskiyou,093,43540,119,103,0,103,0
2020-08-17,Solano,095,438530,5096,4479,30,4509,31
2020-08-17,Sonoma,097,501317,5167,4402,17,4419,48
2020-08-17,Stanislaus,099,539301,14222,12745,196,12941,148
2020-08-17,Sutter,101,95872,1196,1071,1,1072,8
2020-08-17,Tehama,103,63373,372,324,2,326,1
2020-08-17,Trinity,105,12862,41,8,6,14,0
2020-08-17,Tulare,107,460477,13613,12487,42,12529,210
2020-08-17,Tuolumne,109,53932,172,157,5,162,1
2020-08-17,Ventura,111,848112,10461,9490,56,9546,89
2020-08-17,Yolo,113,214977,2266,2083,4,2087,47
2020-08-17,Yuba,115,75493,744,647,3,650,1
2020-08-16,Alameda,001,1643700,16961,15338,114,15452,221
2020-08-16,Alpine,002,1148,2,2,0,2,0
2020-08-16,Amador,005,37829,259,215,0,215,9
2020-08-16,Butte,007,227075,1588,1432,43,1475,15
2020-08-16,Calaveras,009,45235,199,167,0,167,1
2020-08-16,Colusa,011,21464,429,407,0,407,5
2020-08-16,Contra Costa,013,1133247,13091,11255,41,11296,140
2020-08-16,Del Norte,015,27424,103,77,0,77,0
2020-08-16,El Dorado,017,186661,948,843,7,850,2
2020-08-16,Fresno,019,978130,25601,21010,248,21258,211
2020-08-16,Glenn,021,27897,422,400,0,400,2
2020-08-16,Humboldt,023,135768,347,301,1,302,4
2020-08-16,Imperial,025,180216,10943,8883,7,8890,188
2020-08-16,Inyo,027,18085,149,125,2,127,1
2020-08-16,Kern,029,883053,28412,26520,171,26691,249
2020-08-16,Kings,031,150075,5724,5146,25,5171,58
2020-08-16,Lake,033,64148,301,269,0,269,2
2020-08-16,Lassen,035,31185,711,666,2,668,0
2020-08-16,Los Angeles,037,10098052,228663,222236,867,223103,5263
2020-08-16,Madera,039,155013,3580,3013,20,3033,26
2020-08-16,Marin,041,260295,5890,5664,12,5676,46
2020-08-16,Mariposa,043,17540,71,61,0,61,2
2020-08-16,Mendocino,045,87422,525,451,0,451,8
2020-08-16,Merced,047,269075,7321,6744,3,6747,66
2020-08-16,Modoc,049,8938,7,5,0,5,0
2020-08-16,Mono,051,14174,162,126,3,129,1
2020-08-16,Monterey,053,433212,7153,6516,14,6530,44
2020-08-16,Napa,055,140530,1362,1241,3,1244,10
2020-08-16,Nevada,057,99092,408,379,13,392,2
2020-08-16,Orange,059,3164182,48054,43303,1043,44346,803
2020-08-16,Placer,061,380077,2815,2583,4,2587,28
2020-08-16,Plumas,063,18699,39,33,0,33,0
2020-08-16,Riverside,065,2383286,50729,47669,50,47719,910
2020-08-16,Sacramento,067,1510023,16312,14210,14,14224,219
2020-08-16,San Benito,069,59416,928,815,0,815,2
2020-08-16,San Bernardino,071,2135413,46159,41724,246,41970,603
2020-08-16,San Diego,073,3302833,36575,34680,198,34878,626
2020-08-16,San Francisco,075,870044,8795,7602,8,7610,72
2020-08-16,San Joaquin,077,732212,17182,15288,27,15315,280
2020-08-16,San Luis Obispo,079,281455,2768,2494,11,2505,17
2020-08-16,San Mateo,081,765935,7799,6942,7,6949,118
2020-08-16,Santa Barbara,083,443738,7727,7368,67,7435,79
2020-08-16,Santa Clara,085,1922200,16495,14329,34,14363,183
2020-08-16,Santa Cruz,087,273765,1681,1449,12,1461,6
2020-08-16,Shasta,089,179085,576,465,3,468,9
2020-08-16,Sierra,091,2930,6,6,0,6,0
2020-08-16,Siskiyou,093,43540,118,102,0,102,0
2020-08-16,Solano,095,438530,5036,4479,30,4509,31
2020-08-16,Sonoma,097,501317,5063,4329,17,4346,46
2020-08-16,Stanislaus,099,539301,14064,12668,186,12854,148
2020-08-16,Sutter,101,95872,1178,1071,1,1072,8
2020-08-16,Tehama,103,63373,363,318,2,320,1
2020-08-16,Trinity,105,12862,38,8,6,14,0
2020-08-16,Tulare,107,460477,13481,12334,39,12373,211
2020-08-16,Tuolumne,109,53932,172,156,5,161,1
2020-08-16,Ventura,111,848112,10352,9408,51,9459,89
2020-08-16,Yolo,113,214977,2247,2057,4,2061,47
2020-08-16,Yuba,115,75493,735,647,2,649,1
2020-08-15,Alameda,001,1643700,16884,15165,114,15279,221
2020-08-15,Alpine,002,1148,2,2,0,2,0
2020-08-15,Amador,005,37829,259,210,0,210,9
2020-08-15,Butte,007,227075,1567,1409,43,1452,15
2020-08-15,Calaveras,009,45235,197,167,0,167,1
2020-08-15,Colusa,011,21464,428,401,0,401,5
2020-08-15,Contra Costa,013,1133247,12995,11106,41,11147,138
2020-08-15,Del Norte,015,27424,103,77,0,77,0
2020-08-15,El Dorado,017,186661,943,838,7,845,2
2020-08-15,Fresno,019,978130,25486,20603,246,20849,211
2020-08-15,Glenn,021,27897,422,398,0,398,2
2020-08-15,Humboldt,023,135768,346,301,1,302,4
2020-08-15,Imperial,025,180216,10923,8794,7,8801,188
2020-08-15,Inyo,027,18085,149,123,2,125,1
2020-08-15,Kern,029,883053,28324,26338,171,26509,249
2020-08-15,Kings,031,150075,5706,5039,25,5064,56
2020-08-15,Lake,033,64148,299,268,0,268,2
2020-08-15,Lassen,035,31185,711,666,2,668,0
2020-08-15,Los Angeles,037,10098052,227912,221043,857,221900,5252
2020-08-15,Madera,039,155013,3530,2950,20,2970,26
2020-08-15,Marin,041,260295,5883,5628,12,5640,46
2020-08-15,Mariposa,043,17540,71,61,0,61,2
2020-08-15,Mendocino,045,87422,521,444,0,444,8
2020-08-15,Merced,047,269075,7286,6656,3,6659,66
2020-08-15,Modoc,049,8938,7,5,0,5,0
2020-08-15,Mono,051,14174,162,126,3,129,1
2020-08-15,Monterey,053,433212,7108,6162,14,6176,44
2020-08-15,Napa,055,140530,1352,1232,3,1235,10
2020-08-15,Nevada,057,99092,408,376,13,389,2
2020-08-15,Orange,059,3164182,47941,42811,1032,43843,801
2020-08-15,Placer,061,380077,2794,2551,4,2555,27
2020-08-15,Plumas,063,18699,39,33,0,33,0
2020-08-15,Riverside,065,2383286,50578,46720,50,46770,910
2020-08-15,Sacramento,067,1510023,16202,14018,14,14032,219
2020-08-15,San Benito,069,59416,915,805,0,805,2
2020-08-15,San Bernardino,071,2135413,46007,41231,244,41475,602
2020-08-15,San Diego,073,3302833,36409,34346,184,34530,639
2020-08-15,San Francisco,075,870044,8733,7601,8,7609,69
2020-08-15,San Joaquin,077,732212,17108,15113,27,15140,280
2020-08-15,San Luis Obispo,079,281455,2751,2461,11,2472,17
2020-08-15,San Mateo,081,765935,7762,6860,7,6867,118
2020-08-15,Santa Barbara,083,443738,7699,7338,67,7405,79
2020-08-15,Santa Clara,085,1922200,16399,14105,34,14139,183
2020-08-15,Santa Cruz,087,273765,1660,1449,12,1461,6
2020-08-15,Shasta,089,179085,573,458,3,461,9
2020-08-15,Sierra,091,2930,6,6,0,6,0
2020-08-15,Siskiyou,093,43540,117,100,0,100,0
2020-08-15,Solano,095,438530,5014,4477,30,4507,31
2020-08-15,Sonoma,097,501317,5008,4134,17,4151,45
2020-08-15,Stanislaus,099,539301,14000,12541,185,12726,149
2020-08-15,Sutter,101,95872,1167,1046,1,1047,8
2020-08-15,Tehama,103,63373,362,312,2,314,1
2020-08-15,Trinity,105,12862,36,6,6,12,0
2020-08-15,Tulare,107,460477,13442,12262,39,12301,211
2020-08-15,Tuolumne,109,53932,172,155,5,160,1
2020-08-15,Ventura,111,848112,10293,9379,49,9428,89
2020-08-15,Yolo,113,214977,2235,2031,4,2035,46
2020-08-15,Yuba,115,75493,731,623,2,625,1
2020-08-14,Alameda,001,1643700,16744,14909,114,15023,221
2020-08-14,Alpine,002,1148,2,2,0,2,0
2020-08-14,Amador,005,37829,259,209,0,209,9
2020-08-14,Butte,007,227075,1559,1384,43,1427,15
2020-08-14,Calaveras,009,45235,193,165,0,165,1
2020-08-14,Colusa,011,21464,426,399,0,399,5
2020-08-14,Contra Costa,013,1133247,12883,10893,41,10934,137
2020-08-14,Del Norte,015,27424,103,76,0,76,0
2020-08-14,El Dorado,017,186661,935,827,7,834,2
2020-08-14,Fresno,019,978130,25350,19900,246,20146,208
2020-08-14,Glenn,021,27897,420,395,0,395,2
2020-08-14,Humboldt,023,135768,340,294,1,295,4
2020-08-14,Imperial,025,180216,10900,8756,7,8763,185
2020-08-14,Inyo,027,18085,148,115,2,117,1
2020-08-14,Kern,029,883053,28220,25893,170,26063,249
2020-08-14,Kings,031,150075,5692,4953,25,4978,56
2020-08-14,Lake,033,64148,290,267,0,267,2
2020-08-14,Lassen,035,31185,711,665,2,667,0
2020-08-14,Los Angeles,037,10098052,226738,219083,841,219924,5222
2020-08-14,Madera,039,155013,3500,2876,20,2896,26
2020-08-14,Marin,041,260295,5872,5601,12,5613,46
2020-08-14,Mariposa,043,17540,70,61,0,61,2
2020-08-14,Mendocino,045,87422,512,432,0,432,8
2020-08-14,Merced,047,269075,7256,6466,3,6469,67
2020-08-14,Modoc,049,8938,7,5,0,5,0
2020-08-14,Mono,051,14174,162,126,3,129,1
2020-08-14,Monterey,053,433212,7057,6121,14,6135,41
2020-08-14,Napa,055,140530,1342,1230,3,1233,10
2020-08-14,Nevada,057,99092,404,377,13,390,2
2020-08-14,Orange,059,3164182,47791,42399,1020,43419,798
2020-08-14,Placer,061,380077,2775,2546,4,2550,26
2020-08-14,Plumas,063,18699,38,33,0,33,0
2020-08-14,Riverside,065,2383286,50348,46456,50,46506,891
2020-08-14,Sacramento,067,1510023,16053,13645,14,13659,212
2020-08-14,San Benito,069,59416,898,783,0,783,2
2020-08-14,San Bernardino,071,2135413,45820,40442,241,40683,594
2020-08-14,San Diego,073,3302833,36215,34067,177,34244,622
2020-08-14,San Francisco,075,870044,8675,7467,8,7475,69
2020-08-14,San Joaquin,077,732212,17008,14925,27,14952,276
2020-08-14,San Luis Obispo,079,281455,2736,2422,11,2433,17
2020-08-14,San Mateo,081,765935,7703,6655,7,6662,118
2020-08-14,Santa Barbara,083,443738,7649,7302,67,7369,77
2020-08-14,Santa Clara,085,1922200,16229,13785,33,13818,183
2020-08-14,Santa Cruz,087,273765,1638,1418,11,1429,6
2020-08-14,Shasta,089,179085,568,446,3,449,9
2020-08-14,Sierra,091,2930,6,5,0,5,0
2020-08-14,Siskiyou,093,43540,117,98,0,98,0
2020-08-14,Solano,095,438530,4993,4421,30,4451,31
2020-08-14,Sonoma,097,501317,4949,4087,14,4101,45
2020-08-14,Stanislaus,099,539301,13922,12379,181,12560,140
2020-08-14,Sutter,101,95872,1159,1039,1,1040,8
2020-08-14,Tehama,103,63373,357,305,2,307,1
2020-08-14,Trinity,105,12862,36,6,6,12,0
2020-08-14,Tulare,107,460477,13365,12009,39,12048,211
2020-08-14,Tuolumne,109,53932,171,155,5,160,1
2020-08-14,Ventura,111,848112,10218,9313,49,9362,89
2020-08-14,Yolo,113,214977,2221,1991,4,1995,45
2020-08-14,Yuba,115,75493,715,606,2,608,1
2020-08-13,Alameda,001,1643700,16463,14385,114,14499,218
2020-08-13,Alpine,002,1148,2,2,0,2,0
2020-08-13,Amador,005,37829,259,198,0,198,8
2020-08-13,Butte,007,227075,1535,1345,43,1388,15
2020-08-13,Calaveras,009,45235,191,162,0,162,1
2020-08-13,Colusa,011,21464,426,395,0,395,5
2020-08-13,Contra Costa,013,1133247,12729,10545,40,10585,136
2020-08-13,Del Norte,015,27424,102,74,0,74,0
2020-08-13,El Dorado,017,186661,930,803,7,810,2
2020-08-13,Fresno,019,978130,25125,19157,240,19397,201
2020-08-13,Glenn,021,27897,416,392,0,392,1
2020-08-13,Humboldt,023,135768,332,281,1,282,4
2020-08-13,Imperial,025,180216,10868,8640,7,8647,170
2020-08-13,Inyo,027,18085,144,97,2,99,1
2020-08-13,Kern,029,883053,28053,25472,167,25639,242
2020-08-13,Kings,031,150075,5657,4824,25,4849,52
2020-08-13,Lake,033,64148,285,263,0,263,2
2020-08-13,Lassen,035,31185,711,652,2,654,0
2020-08-13,Los Angeles,037,10098052,225358,216497,819,217316,5179
2020-08-13,Madera,039,155013,3456,2675,19,2694,25
2020-08-13,Marin,041,260295,5856,5503,12,5515,44
2020-08-13,Mariposa,043,17540,69,61,0,61,2
2020-08-13,Mendocino,045,87422,507,401,0,401,8
2020-08-13,Merced,047,269075,7139,5945,3,5948,63
2020-08-13,Modoc,049,8938,7,5,0,5,0
2020-08-13,Mono,051,14174,162,124,3,127,1
2020-08-13,Monterey,053,433212,6974,5925,14,5939,38
2020-08-13,Napa,055,140530,1333,1179,3,1182,10
2020-08-13,Nevada,057,99092,400,362,13,375,1
2020-08-13,Orange,059,3164182,47552,42019,1008,43027,773
2020-08-13,Placer,061,380077,2752,2460,4,2464,26
2020-08-13,Plumas,063,18699,38,32,0,32,0
2020-08-13,Riverside,065,2383286,50052,45327,50,45377,885
2020-08-13,Sacramento,067,1510023,15849,13237,14,13251,197
2020-08-13,San Benito,069,59416,869,757,0,757,2
2020-08-13,San Bernardino,071,2135413,45423,39395,234,39629,591
2020-08-13,San Diego,073,3302833,35979,33661,159,33820,627
2020-08-13,San Francisco,075,870044,8581,7277,8,7285,69
2020-08-13,San Joaquin,077,732212,16852,14537,26,14563,261
2020-08-13,San Luis Obispo,079,281455,2714,2283,11,2294,16
2020-08-13,San Mateo,081,765935,7641,6503,7,6510,117
2020-08-13,Santa Barbara,083,443738,7604,7129,66,7195,74
2020-08-13,Santa Clara,085,1922200,16007,13257,33,13290,182
2020-08-13,Santa Cruz,087,273765,1613,1383,11,1394,6
2020-08-13,Shasta,089,179085,563,428,3,431,9
2020-08-13,Sierra,091,2930,6,5,0,5,0
2020-08-13,Siskiyou,093,43540,117,95,0,95,0
2020-08-13,Solano,095,438530,4956,4305,30,4335,31
2020-08-13,Sonoma,097,501317,4875,3902,14,3916,45
2020-08-13,Stanislaus,099,539301,13793,11953,165,12118,136
2020-08-13,Sutter,101,95872,1138,992,1,993,8
2020-08-13,Tehama,103,63373,348,302,2,304,1
2020-08-13,Trinity,105,12862,35,6,6,12,0
2020-08-13,Tulare,107,460477,13221,11692,36,11728,210
2020-08-13,Tuolumne,109,53932,170,152,5,157,1
2020-08-13,Ventura,111,848112,10129,9114,49,9163,90
2020-08-13,Yolo,113,214977,2194,1938,4,1942,44
2020-08-13,Yuba,115,75493,699,568,2,570,1
2020-08-12,Alameda,001,1643700,16250,14214,114,14328,215
2020-08-12,Alpine,002,1148,2,2,0,2,0
2020-08-12,Amador,005,37829,256,197,0,197,8
2020-08-12,Butte,007,227075,1506,1317,43,1360,15
2020-08-12,Calaveras,009,45235,188,157,0,157,1
2020-08-12,Colusa,011,21464,421,394,0,394,5
2020-08-12,Contra Costa,013,1133247,12584,10304,39,10343,134
2020-08-12,Del Norte,015,27424,101,74,0,74,0
2020-08-12,El Dorado,017,186661,912,794,7,801,2
2020-08-12,Fresno,019,978130,24894,18690,234,18924,194
2020-08-12,Glenn,021,27897,413,388,0,388,1
2020-08-12,Humboldt,023,135768,325,281,1,282,4
2020-08-12,Imperial,025,180216,10845,8566,7,8573,167
2020-08-12,Inyo,027,18085,127,97,2,99,1
2020-08-12,Kern,029,883053,27861,25191,165,25356,232
2020-08-12,Kings,031,150075,5618,4736,25,4761,50
2020-08-12,Lake,033,64148,283,253,0,253,2
2020-08-12,Lassen,035,31185,710,651,2,653,0
2020-08-12,Los Angeles,037,10098052,223959,214542,803,215345,5119
2020-08-12,Madera,039,155013,3422,2681,17,2698,23
2020-08-12,Marin,041,260295,5834,5423,12,5435,44
2020-08-12,Mariposa,043,17540,69,61,0,61,2
2020-08-12,Mendocino,045,87422,488,386,0,386,9
2020-08-12,Merced,047,269075,7077,5777,3,5780,66
2020-08-12,Modoc,049,8938,7,5,0,5,0
2020-08-12,Mono,051,14174,161,124,3,127,1
2020-08-12,Monterey,053,433212,6870,5919,14,5933,38
2020-08-12,Napa,055,140530,1323,1161,3,1164,10
2020-08-12,Nevada,057,99092,395,357,13,370,1
2020-08-12,Orange,059,3164182,47301,41576,984,42560,754
2020-08-12,Placer,061,380077,2720,2417,4,2421,25
2020-08-12,Plumas,063,18699,38,31,0,31,0
2020-08-12,Riverside,065,2383286,49704,44747,50,44797,867
2020-08-12,Sacramento,067,1510023,15637,12528,14,12542,189
2020-08-12,San Benito,069,59416,856,751,0,751,2
2020-08-12,San Bernardino,071,2135413,45080,38811,225,39036,589
2020-08-12,San Diego,073,3302833,35770,33395,139,33534,608
2020-08-12,San Francisco,075,870044,8498,7194,8,7202,66
2020-08-12,San Joaquin,077,732212,16704,14154,26,14180,253
2020-08-12,San Luis Obispo,079,281455,2689,2263,11,2274,15
2020-08-12,San Mateo,081,765935,7562,6427,7,6434,117
2020-08-12,Santa Barbara,083,443738,7544,7049,64,7113,74
2020-08-12,Santa Clara,085,1922200,15832,13002,33,13035,182
2020-08-12,Santa Cruz,087,273765,1584,1382,10,1392,6
2020-08-12,Shasta,089,179085,559,417,3,420,9
2020-08-12,Sierra,091,2930,5,4,0,4,0
2020-08-12,Siskiyou,093,43540,116,90,0,90,0
2020-08-12,Solano,095,438530,4911,4258,30,4288,31
2020-08-12,Sonoma,097,501317,4801,3847,14,3861,47
2020-08-12,Stanislaus,099,539301,13653,11682,158,11840,136
2020-08-12,Sutter,101,95872,1114,987,1,988,7
2020-08-12,Tehama,103,63373,338,289,2,291,1
2020-08-12,Trinity,105,12862,34,6,6,12,0
2020-08-12,Tulare,107,460477,13093,11460,36,11496,211
2020-08-12,Tuolumne,109,53932,169,150,5,155,1
2020-08-12,Ventura,111,848112,10042,9005,49,9054,87
2020-08-12,Yolo,113,214977,2170,1921,4,1925,44
2020-08-12,Yuba,115,75493,677,549,1,550,1
2020-08-11,Alameda,001,1643700,15989,13960,111,14071,204
2020-08-11,Alpine,002,1148,2,2,0,2,0
2020-08-11,Amador,005,37829,250,187,0,187,3
2020-08-11,Butte,007,227075,1478,1296,43,1339,15
2020-08-11,Calaveras,009,45235,186,161,0,161,1
2020-08-11,Colusa,011,21464,416,390,0,390,5
2020-08-11,Contra Costa,013,1133247,12396,10012,37,10049,131
2020-08-11,Del Norte,015,27424,100,73,0,73,0
2020-08-11,El Dorado,017,186661,905,786,6,792,2
2020-08-11,Fresno,019,978130,24573,18344,231,18575,187
2020-08-11,Glenn,021,27897,411,380,0,380,1
2020-08-11,Humboldt,023,135768,320,283,1,284,4
2020-08-11,Imperial,025,180216,10790,8518,7,8525,165
2020-08-11,Inyo,027,18085,122,97,2,99,1
2020-08-11,Kern,029,883053,27526,25042,163,25205,230
2020-08-11,Kings,031,150075,5427,4696,25,4721,50
2020-08-11,Lake,033,64148,280,243,0,243,2
2020-08-11,Lassen,035,31185,704,605,2,607,0
2020-08-11,Los Angeles,037,10098052,222457,212421,780,213201,5065
2020-08-11,Madera,039,155013,3368,2673,17,2690,22
2020-08-11,Marin,041,260295,5807,5287,11,5298,44
2020-08-11,Mariposa,043,17540,68,60,0,60,2
2020-08-11,Mendocino,045,87422,478,385,0,385,9
2020-08-11,Merced,047,269075,6982,5322,2,5324,65
2020-08-11,Modoc,049,8938,7,5,0,5,0
2020-08-11,Mono,051,14174,161,124,3,127,1
2020-08-11,Monterey,053,433212,6761,5624,14,5638,36
2020-08-11,Napa,055,140530,1312,1143,2,1145,11
2020-08-11,Nevada,057,99092,392,358,13,371,1
2020-08-11,Orange,059,3164182,47081,41205,963,42168,742
2020-08-11,Placer,061,380077,2688,2393,4,2397,24
2020-08-11,Plumas,063,18699,38,31,0,31,0
2020-08-11,Riverside,065,2383286,49347,44237,50,44287,836
2020-08-11,Sacramento,067,1510023,15346,12298,14,12312,182
2020-08-11,San Benito,069,59416,844,750,0,750,2
2020-08-11,San Bernardino,071,2135413,44740,38467,218,38685,584
2020-08-11,San Diego,073,3302833,35503,33159,120,33279,602
2020-08-11,San Francisco,075,870044,8402,6988,8,6996,66
2020-08-11,San Joaquin,077,732212,16526,13997,21,14018,251
2020-08-11,San Luis Obispo,079,281455,2632,2234,11,2245,15
2020-08-11,San Mateo,081,765935,7488,6339,7,6346,117
2020-08-11,Santa Barbara,083,443738,7495,6942,64,7006,70
2020-08-11,Santa Clara,085,1922200,15611,12920,33,12953,183
2020-08-11,Santa Cruz,087,273765,1561,1352,10,1362,4
2020-08-11,Shasta,089,179085,555,416,3,419,9
2020-08-11,Sierra,091,2930,5,4,0,4,0
2020-08-11,Siskiyou,093,43540,116,90,0,90,0
2020-08-11,Solano,095,438530,4863,4206,29,4235,31
2020-08-11,Sonoma,097,501317,4706,3752,14,3766,45
2020-08-11,Stanislaus,099,539301,13549,11592,146,11738,128
2020-08-11,Sutter,101,95872,1092,964,1,965,7
2020-08-11,Tehama,103,63373,334,289,2,291,1
2020-08-11,Trinity,105,12862,34,5,6,11,0
2020-08-11,Tulare,107,460477,12968,11392,35,11427,201
2020-08-11,Tuolumne,109,53932,165,146,5,151,1
2020-08-11,Ventura,111,848112,9974,8953,48,9001,88
2020-08-11,Yolo,113,214977,2148,1912,4,1916,44
2020-08-11,Yuba,115,75493,666,540,1,541,1
2020-08-10,Alameda,001,1643700,15749,13420,109,13529,203
2020-08-10,Alpine,002,1148,2,2,0,2,0
2020-08-10,Amador,005,37829,249,172,0,172,2
2020-08-10,Butte,007,227075,1454,1174,41,1215,15
2020-08-10,Calaveras,009,45235,175,121,0,121,1
2020-08-10,Colusa,011,21464,414,387,0,387,4
2020-08-10,Contra Costa,013,1133247,12242,9454,35,9489,130
2020-08-10,Del Norte,015,27424,98,69,0,69,0
2020-08-10,El Dorado,017,186661,893,771,6,777,2
2020-08-10,Fresno,019,978130,24292,17978,231,18209,183
2020-08-10,Glenn,021,27897,408,381,0,381,1
2020-08-10,Humboldt,023,135768,314,277,1,278,4
2020-08-10,Imperial,025,180216,10746,8465,7,8472,165
2020-08-10,Inyo,027,18085,122,97,2,99,1
2020-08-10,Kern,029,883053,27300,24499,162,24661,215
2020-08-10,Kings,031,150075,5321,4588,25,4613,50
2020-08-10,Lake,033,64148,273,239,0,239,2
2020-08-10,Lassen,035,31185,704,588,2,590,0
2020-08-10,Los Angeles,037,10098052,220879,211035,762,211797,5003
2020-08-10,Madera,039,155013,3335,2365,17,2382,22
2020-08-10,Marin,041,260295,5762,5242,10,5252,44
2020-08-10,Mariposa,043,17540,68,57,0,57,2
2020-08-10,Mendocino,045,87422,454,364,0,364,1
2020-08-10,Merced,047,269075,6900,4913,2,4915,51
2020-08-10,Modoc,049,8938,7,5,0,5,0
2020-08-10,Mono,051,14174,161,123,3,126,1
2020-08-10,Monterey,053,433212,6651,5358,14,5372,34
2020-08-10,Napa,055,140530,1294,1084,2,1086,8
2020-08-10,Nevada,057,99092,384,356,13,369,1
2020-08-10,Orange,059,3164182,46811,40445,945,41390,721
2020-08-10,Placer,061,380077,2649,2298,4,2302,21
2020-08-10,Plumas,063,18699,38,27,0,27,0
2020-08-10,Riverside,065,2383286,48962,43296,49,43345,830
2020-08-10,Sacramento,067,1510023,15035,12059,14,12073,168
2020-08-10,San Benito,069,59416,831,743,0,743,2
2020-08-10,San Bernardino,071,2135413,44364,37367,209,37576,579
2020-08-10,San Diego,073,3302833,35237,32977,104,33081,594
2020-08-10,San Francisco,075,870044,8312,6816,7,6823,66
2020-08-10,San Joaquin,077,732212,16342,13308,21,13329,240
2020-08-10,San Luis Obispo,079,281455,2533,2208,11,2219,15
2020-08-10,San Mateo,081,765935,7411,6222,7,6229,117
2020-08-10,Santa Barbara,083,443738,7440,6869,64,6933,66
2020-08-10,Santa Clara,085,1922200,15351,12615,32,12647,182
2020-08-10,Santa Cruz,087,273765,1541,1239,9,1248,4
2020-08-10,Shasta,089,179085,551,384,3,387,9
2020-08-10,Sierra,091,2930,5,3,0,3,0
2020-08-10,Siskiyou,093,43540,113,88,0,88,0
2020-08-10,Solano,095,438530,4803,4101,29,4130,31
2020-08-10,Sonoma,097,501317,4537,3640,10,3650,42
2020-08-10,Stanislaus,099,539301,13366,10855,130,10985,106
2020-08-10,Sutter,101,95872,1067,865,1,866,7
2020-08-10,Tehama,103,63373,327,282,2,284,1
2020-08-10,Trinity,105,12862,31,5,6,11,0
2020-08-10,Tulare,107,460477,12795,10750,33,10783,194
2020-08-10,Tuolumne,109,53932,165,143,4,147,1
2020-08-10,Ventura,111,848112,9890,8851,47,8898,85
2020-08-10,Yolo,113,214977,2125,1840,4,1844,45
2020-08-10,Yuba,115,75493,649,527,1,528,1
2020-08-09,Alameda,001,1643700,15468,13241,107,13348,203
2020-08-09,Alpine,002,1148,2,2,0,2,0
2020-08-09,Amador,005,37829,244,153,0,153,2
2020-08-09,Butte,007,227075,1411,1155,41,1196,15
2020-08-09,Calaveras,009,45235,170,122,0,122,1
2020-08-09,Colusa,011,21464,410,371,0,371,4
2020-08-09,Contra Costa,013,1133247,12014,9214,34,9248,130
2020-08-09,Del Norte,015,27424,98,69,0,69,0
2020-08-09,El Dorado,017,186661,885,748,6,754,2
2020-08-09,Fresno,019,978130,23982,17846,227,18073,183
2020-08-09,Glenn,021,27897,406,354,0,354,1
2020-08-09,Humboldt,023,135768,308,279,1,280,4
2020-08-09,Imperial,025,180216,10703,8310,6,8316,165
2020-08-09,Inyo,027,18085,117,86,1,87,1
2020-08-09,Kern,029,883053,27044,23680,162,23842,215
2020-08-09,Kings,031,150075,5278,4446,24,4470,50
2020-08-09,Lake,033,64148,266,225,0,225,2
2020-08-09,Lassen,035,31185,698,589,2,591,0
2020-08-09,Los Angeles,037,10098052,218817,208810,740,209550,4984
2020-08-09,Madera,039,155013,3277,2322,13,2335,22
2020-08-09,Marin,041,260295,5719,5204,10,5214,44
2020-08-09,Mariposa,043,17540,66,56,0,56,2
2020-08-09,Mendocino,045,87422,444,283,0,283,1
2020-08-09,Merced,047,269075,6807,4735,1,4736,51
2020-08-09,Modoc,049,8938,7,4,0,4,0
2020-08-09,Mono,051,14174,160,113,3,116,1
2020-08-09,Monterey,053,433212,6527,5199,14,5213,34
2020-08-09,Napa,055,140530,1275,1062,2,1064,8
2020-08-09,Nevada,057,99092,376,332,13,345,1
2020-08-09,Orange,059,3164182,46512,39244,930,40174,722
2020-08-09,Placer,061,380077,2620,2211,4,2215,20
2020-08-09,Plumas,063,18699,38,27,0,27,0
2020-08-09,Riverside,065,2383286,48615,41894,49,41943,828
2020-08-09,Sacramento,067,1510023,14756,11301,14,11315,167
2020-08-09,San Benito,069,59416,812,687,0,687,2
2020-08-09,San Bernardino,071,2135413,43887,36092,209,36301,579
2020-08-09,San Diego,073,3302833,34946,32749,93,32842,594
2020-08-09,San Francisco,075,870044,8197,6820,7,6827,66
2020-08-09,San Joaquin,077,732212,16137,12933,20,12953,240
2020-08-09,San Luis Obispo,079,281455,2497,2124,11,2135,15
2020-08-09,San Mateo,081,765935,7316,6094,7,6101,117
2020-08-09,Santa Barbara,083,443738,7352,6669,64,6733,66
2020-08-09,Santa Clara,085,1922200,15081,11878,32,11910,181
2020-08-09,Santa Cruz,087,273765,1517,1246,9,1255,4
2020-08-09,Shasta,089,179085,547,361,3,364,9
2020-08-09,Sierra,091,2930,5,3,0,3,0
2020-08-09,Siskiyou,093,43540,112,74,0,74,0
2020-08-09,Solano,095,438530,4750,3954,28,3982,31
2020-08-09,Sonoma,097,501317,4401,3531,8,3539,41
2020-08-09,Stanislaus,099,539301,13158,10264,117,10381,106
2020-08-09,Sutter,101,95872,1033,857,1,858,7
2020-08-09,Tehama,103,63373,319,265,2,267,1
2020-08-09,Trinity,105,12862,31,5,6,11,0
2020-08-09,Tulare,107,460477,12605,10630,30,10660,194
2020-08-09,Tuolumne,109,53932,161,143,4,147,1
2020-08-09,Ventura,111,848112,9742,8633,46,8679,85
2020-08-09,Yolo,113,214977,2094,1765,4,1769,44
2020-08-09,Yuba,115,75493,629,442,1,443,1
2020-08-08,Alameda,001,1643700,15358,13087,107,13194,204
2020-08-08,Alpine,002,1148,2,2,0,2,0
2020-08-08,Amador,005,37829,244,139,0,139,2
2020-08-08,Butte,007,227075,1393,1140,41,1181,15
2020-08-08,Calaveras,009,45235,169,122,0,122,1
2020-08-08,Colusa,011,21464,409,368,0,368,4
2020-08-08,Contra Costa,013,1133247,11905,9104,34,9138,129
2020-08-08,Del Norte,015,27424,97,69,0,69,0
2020-08-08,El Dorado,017,186661,878,734,6,740,2
2020-08-08,Fresno,019,978130,23844,17538,225,17763,183
2020-08-08,Glenn,021,27897,406,344,0,344,1
2020-08-08,Humboldt,023,135768,305,277,1,278,4
2020-08-08,Imperial,025,180216,10688,8213,6,8219,165
2020-08-08,Inyo,027,18085,113,86,1,87,1
2020-08-08,Kern,029,883053,26930,22803,162,22965,215
2020-08-08,Kings,031,150075,5264,4367,24,4391,49
2020-08-08,Lake,033,64148,264,221,0,221,2
2020-08-08,Lassen,035,31185,698,589,2,591,0
2020-08-08,Los Angeles,037,10098052,217933,206971,729,207700,4974
2020-08-08,Madera,039,155013,3246,2275,13,2288,22
2020-08-08,Marin,041,260295,5699,5118,10,5128,44
2020-08-08,Mariposa,043,17540,65,55,0,55,2
2020-08-08,Mendocino,045,87422,442,264,0,264,1
2020-08-08,Merced,047,269075,6767,4570,1,4571,51
2020-08-08,Modoc,049,8938,7,4,0,4,0
2020-08-08,Mono,051,14174,160,113,3,116,1
2020-08-08,Monterey,053,433212,6469,5101,14,5115,33
2020-08-08,Napa,055,140530,1267,1062,2,1064,8
2020-08-08,Nevada,057,99092,374,325,13,338,1
2020-08-08,Orange,059,3164182,46382,38688,921,39609,718
2020-08-08,Placer,061,380077,2604,2153,4,2157,20
2020-08-08,Plumas,063,18699,38,27,0,27,0
2020-08-08,Riverside,065,2383286,48410,41412,49,41461,823
2020-08-08,Sacramento,067,1510023,14626,11144,14,11158,166
2020-08-08,San Benito,069,59416,804,684,0,684,2
2020-08-08,San Bernardino,071,2135413,43693,35691,208,35899,531
2020-08-08,San Diego,073,3302833,34757,32332,84,32416,593
2020-08-08,San Francisco,075,870044,8131,6820,7,6827,66
2020-08-08,San Joaquin,077,732212,16057,12559,19,12578,240
2020-08-08,San Luis Obispo,079,281455,2474,2081,11,2092,15
2020-08-08,San Mateo,081,765935,7258,6021,7,6028,117
2020-08-08,Santa Barbara,083,443738,7314,6598,64,6662,66
2020-08-08,Santa Clara,085,1922200,14929,11615,32,11647,181
2020-08-08,Santa Cruz,087,273765,1503,1247,9,1256,4
2020-08-08,Shasta,089,179085,545,343,3,346,9
2020-08-08,Sierra,091,2930,5,3,0,3,0
2020-08-08,Siskiyou,093,43540,112,73,0,73,0
2020-08-08,Solano,095,438530,4729,3889,27,3916,31
2020-08-08,Sonoma,097,501317,4370,3399,8,3407,41
2020-08-08,Stanislaus,099,539301,13083,9963,112,10075,105
2020-08-08,Sutter,101,95872,1023,830,1,831,7
2020-08-08,Tehama,103,63373,318,251,2,253,1
2020-08-08,Trinity,105,12862,31,5,6,11,0
2020-08-08,Tulare,107,460477,12530,10505,30,10535,192
2020-08-08,Tuolumne,109,53932,161,143,4,147,1
2020-08-08,Ventura,111,848112,9687,8462,45,8507,85
2020-08-08,Yolo,113,214977,2081,1725,4,1729,44
2020-08-08,Yuba,115,75493,620,430,1,431,1
2020-08-07,Alameda,001,1643700,15248,12805,107,12912,204
2020-08-07,Alpine,002,1148,2,2,0,2,0
2020-08-07,Amador,005,37829,242,125,0,125,2
2020-08-07,Butte,007,227075,1375,1092,41,1133,13
2020-08-07,Calaveras,009,45235,169,119,0,119,1
2020-08-07,Colusa,011,21464,408,358,0,358,4
2020-08-07,Contra Costa,013,1133247,11757,8810,34,8844,126
2020-08-07,Del Norte,015,27424,97,69,0,69,0
2020-08-07,El Dorado,017,186661,873,724,6,730,2
2020-08-07,Fresno,019,978130,23684,17290,225,17515,171
2020-08-07,Glenn,021,27897,405,339,0,339,1
2020-08-07,Humboldt,023,135768,301,274,1,275,4
2020-08-07,Imperial,025,180216,10663,8085,6,8091,164
2020-08-07,Inyo,027,18085,112,81,1,82,1
2020-08-07,Kern,029,883053,26804,22143,160,22303,206
2020-08-07,Kings,031,150075,5247,4315,24,4339,48
2020-08-07,Lake,033,64148,262,215,0,215,1
2020-08-07,Lassen,035,31185,697,588,2,590,0
2020-08-07,Los Angeles,037,10098052,216466,204406,718,205124,4924
2020-08-07,Madera,039,155013,3214,2245,13,2258,20
2020-08-07,Marin,041,260295,5670,5094,10,5104,43
2020-08-07,Mariposa,043,17540,65,53,0,53,2
2020-08-07,Mendocino,045,87422,428,262,0,262,1
2020-08-07,Merced,047,269075,6724,4358,1,4359,30
2020-08-07,Modoc,049,8938,7,4,0,4,0
2020-08-07,Mono,051,14174,160,112,3,115,1
2020-08-07,Monterey,053,433212,6394,5041,14,5055,33
2020-08-07,Napa,055,140530,1262,1055,2,1057,8
2020-08-07,Nevada,057,99092,371,324,13,337,1
2020-08-07,Orange,059,3164182,46171,38459,904,39363,701
2020-08-07,Placer,061,380077,2586,2078,4,2082,20
2020-08-07,Plumas,063,18699,38,25,0,25,0
2020-08-07,Riverside,065,2383286,48146,40902,48,40950,810
2020-08-07,Sacramento,067,1510023,14481,10798,14,10812,160
2020-08-07,San Benito,069,59416,798,647,0,647,2
2020-08-07,San Bernardino,071,2135413,43446,35200,207,35407,524
2020-08-07,San Diego,073,3302833,34572,31781,81,31862,586
2020-08-07,San Francisco,075,870044,8053,6765,7,6772,66
2020-08-07,San Joaquin,077,732212,15970,12392,19,12411,223
2020-08-07,San Luis Obispo,079,281455,2443,2050,11,2061,14
2020-08-07,San Mateo,081,765935,7198,5948,7,5955,117
2020-08-07,Santa Barbara,083,443738,7263,6509,64,6573,66
2020-08-07,Santa Clara,085,1922200,14730,11409,32,11441,180
2020-08-07,Santa Cruz,087,273765,1485,1234,9,1243,5
2020-08-07,Shasta,089,179085,540,342,3,345,9
2020-08-07,Sierra,091,2930,5,3,0,3,0
2020-08-07,Siskiyou,093,43540,109,73,0,73,0
2020-08-07,Solano,095,438530,4697,3844,26,3870,31
2020-08-07,Sonoma,097,501317,4304,3329,8,3337,34
2020-08-07,Stanislaus,099,539301,12961,9665,102,9767,98
2020-08-07,Sutter,101,95872,1019,807,1,808,6
2020-08-07,Tehama,103,63373,314,246,2,248,1
2020-08-07,Trinity,105,12862,30,5,6,11,0
2020-08-07,Tulare,107,460477,12453,10292,30,10322,195
2020-08-07,Tuolumne,109,53932,160,136,4,140,1
2020-08-07,Ventura,111,848112,9627,8356,43,8399,84
2020-08-07,Yolo,113,214977,2054,1689,4,1693,37
2020-08-07,Yuba,115,75493,615,413,1,414,1
2020-08-06,Alameda,001,1643700,15026,12474,106,12580,200
2020-08-06,Alpine,002,1148,2,2,0,2,0
2020-08-06,Amador,005,37829,228,125,0,125,0
2020-08-06,Butte,007,227075,1356,1060,41,1101,13
2020-08-06,Calaveras,009,45235,167,117,0,117,1
2020-08-06,Colusa,011,21464,405,358,0,358,3
2020-08-06,Contra Costa,013,1133247,11563,8583,33,8616,124
2020-08-06,Del Norte,015,27424,97,69,0,69,0
2020-08-06,El Dorado,017,186661,862,703,6,709,1
2020-08-06,Fresno,019,978130,23388,17031,218,17249,161
2020-08-06,Glenn,021,27897,400,332,0,332,1
2020-08-06,Humboldt,023,135768,296,266,1,267,4
2020-08-06,Imperial,025,180216,10620,8064,6,8070,163
2020-08-06,Inyo,027,18085,104,83,1,84,1
2020-08-06,Kern,029,883053,26568,21843,159,22002,197
2020-08-06,Kings,031,150075,5185,4264,23,4287,47
2020-08-06,Lake,033,64148,259,209,0,209,1
2020-08-06,Lassen,035,31185,695,588,2,590,0
2020-08-06,Los Angeles,037,10098052,214393,201372,702,202074,4874
2020-08-06,Madera,039,155013,3166,2240,12,2252,19
2020-08-06,Marin,041,260295,5638,5058,10,5068,43
2020-08-06,Mariposa,043,17540,64,52,0,52,2
2020-08-06,Mendocino,045,87422,414,260,0,260,1
2020-08-06,Merced,047,269075,6622,4235,1,4236,30
2020-08-06,Modoc,049,8938,7,4,0,4,0
2020-08-06,Mono,051,14174,159,111,3,114,1
2020-08-06,Monterey,053,433212,6285,5001,13,5014,33
2020-08-06,Napa,055,140530,1248,1032,2,1034,8
2020-08-06,Nevada,057,99092,366,321,13,334,1
2020-08-06,Orange,059,3164182,45879,38399,899,39298,694
2020-08-06,Placer,061,380077,2560,2045,4,2049,20
2020-08-06,Plumas,063,18699,37,25,0,25,0
2020-08-06,Riverside,065,2383286,47751,40269,48,40317,781
2020-08-06,Sacramento,067,1510023,14253,10548,14,10562,153
2020-08-06,San Benito,069,59416,790,626,0,626,2
2020-08-06,San Bernardino,071,2135413,43041,34819,205,35024,516
2020-08-06,San Diego,073,3302833,34305,31129,74,31203,583
2020-08-06,San Francisco,075,870044,7960,6737,6,6743,60
2020-08-06,San Joaquin,077,732212,15811,12269,19,12288,203
2020-08-06,San Luis Obispo,079,281455,2419,2000,10,2010,13
2020-08-06,San Mateo,081,765935,7098,5885,7,5892,117
2020-08-06,Santa Barbara,083,443738,7203,6620,64,6684,65
2020-08-06,Santa Clara,085,1922200,14501,11280,32,11312,178
2020-08-06,Santa Cruz,087,273765,1464,1215,9,1224,4
2020-08-06,Shasta,089,179085,531,343,3,346,9
2020-08-06,Sierra,091,2930,5,3,0,3,0
2020-08-06,Siskiyou,093,43540,109,73,0,73,0
2020-08-06,Solano,095,438530,4653,3784,26,3810,29
2020-08-06,Sonoma,097,501317,4240,3259,8,3267,33
2020-08-06,Stanislaus,099,539301,12811,9566,86,9652,98
2020-08-06,Sutter,101,95872,988,797,1,798,6
2020-08-06,Tehama,103,63373,311,242,2,244,1
2020-08-06,Trinity,105,12862,27,5,6,11,0
2020-08-06,Tulare,107,460477,12293,10169,30,10199,195
2020-08-06,Tuolumne,109,53932,159,136,4,140,1
2020-08-06,Ventura,111,848112,9512,8245,40,8285,80
2020-08-06,Yolo,113,214977,2030,1662,4,1666,36
2020-08-06,Yuba,115,75493,606,407,0,407,1
2020-08-05,Alameda,001,1643700,14810,12140,106,12246,193
2020-08-05,Alpine,002,1148,2,2,0,2,0
2020-08-05,Amador,005,37829,218,123,0,123,0
2020-08-05,Butte,007,227075,1323,1038,39,1077,13
2020-08-05,Calaveras,009,45235,164,116,0,116,1
2020-08-05,Colusa,011,21464,401,354,0,354,3
2020-08-05,Contra Costa,013,1133247,11394,8362,33,8395,122
2020-08-05,Del Norte,015,27424,96,69,0,69,0
2020-08-05,El Dorado,017,186661,854,692,6,698,1
2020-08-05,Fresno,019,978130,23144,16625,213,16838,159
2020-08-05,Glenn,021,27897,397,330,0,330,1
2020-08-05,Humboldt,023,135768,294,249,1,250,4
2020-08-05,Imperial,025,180216,10585,8036,6,8042,163
2020-08-05,Inyo,027,18085,102,62,1,63,1
2020-08-05,Kern,029,883053,26380,21540,154,21694,194
2020-08-05,Kings,031,150075,5140,4192,22,4214,47
2020-08-05,Lake,033,64148,252,209,0,209,1
2020-08-05,Lassen,035,31185,648,557,2,559,0
2020-08-05,Los Angeles,037,10098052,212472,198355,682,199037,4832
2020-08-05,Madera,039,155013,3124,2172,12,2184,19
2020-08-05,Marin,041,260295,5606,5036,10,5046,43
2020-08-05,Mariposa,043,17540,64,52,0,52,2
2020-08-05,Mendocino,045,87422,402,248,0,248,1
2020-08-05,Merced,047,269075,6489,4119,1,4120,30
2020-08-05,Modoc,049,8938,7,3,0,3,0
2020-08-05,Mono,051,14174,159,104,3,107,1
2020-08-05,Monterey,053,433212,6170,4936,13,4949,32
2020-08-05,Napa,055,140530,1236,1020,2,1022,8
2020-08-05,Nevada,057,99092,357,327,13,340,2
2020-08-05,Orange,059,3164182,45570,37907,891,38798,663
2020-08-05,Placer,061,380077,2519,1989,4,1993,18
2020-08-05,Plumas,063,18699,36,25,0,25,0
2020-08-05,Riverside,065,2383286,47357,39454,46,39500,761
2020-08-05,Sacramento,067,1510023,14035,10261,13,10274,151
2020-08-05,San Benito,069,59416,781,613,0,613,2
2020-08-05,San Bernardino,071,2135413,42579,34442,200,34642,504
2020-08-05,San Diego,073,3302833,34081,30866,58,30924,578
2020-08-05,San Francisco,075,870044,7867,6701,6,6707,60
2020-08-05,San Joaquin,077,732212,15650,12148,19,12167,199
2020-08-05,San Luis Obispo,079,281455,2395,1928,10,1938,13
2020-08-05,San Mateo,081,765935,7003,5695,7,5702,116
2020-08-05,Santa Barbara,083,443738,7143,6597,64,6661,63
2020-08-05,Santa Clara,085,1922200,14267,11074,32,11106,176
2020-08-05,Santa Cruz,087,273765,1444,1192,7,1199,4
2020-08-05,Shasta,089,179085,525,338,3,341,9
2020-08-05,Sierra,091,2930,5,3,0,3,0
2020-08-05,Siskiyou,093,43540,105,72,0,72,0
2020-08-05,Solano,095,438530,4602,3750,25,3775,29
2020-08-05,Sonoma,097,501317,4157,3173,8,3181,33
2020-08-05,Stanislaus,099,539301,12652,9408,81,9489,97
2020-08-05,Sutter,101,95872,977,780,1,781,6
2020-08-05,Tehama,103,63373,308,231,2,233,1
2020-08-05,Trinity,105,12862,27,5,6,11,0
2020-08-05,Tulare,107,460477,12152,9924,30,9954,192
2020-08-05,Tuolumne,109,53932,159,137,4,141,0
2020-08-05,Ventura,111,848112,9396,8162,36,8198,75
2020-08-05,Yolo,113,214977,2002,1634,4,1638,36
2020-08-05,Yuba,115,75493,589,400,0,400,1
2020-08-04,Alameda,001,1643700,14593,11983,105,12088,192
2020-08-04,Alpine,002,1148,2,2,0,2,0
2020-08-04,Amador,005,37829,203,123,0,123,0
2020-08-04,Butte,007,227075,1299,1011,38,1049,10
2020-08-04,Calaveras,009,45235,160,116,0,116,1
2020-08-04,Colusa,011,21464,396,354,0,354,3
2020-08-04,Contra Costa,013,1133247,11227,8210,33,8243,122
2020-08-04,Del Norte,015,27424,94,69,0,69,0
2020-08-04,El Dorado,017,186661,844,668,6,674,1
2020-08-04,Fresno,019,978130,22859,16272,206,16478,154
2020-08-04,Glenn,021,27897,396,325,0,325,1
2020-08-04,Humboldt,023,135768,284,241,1,242,4
2020-08-04,Imperial,025,180216,10548,7974,6,7980,163
2020-08-04,Inyo,027,18085,88,59,1,60,1
2020-08-04,Kern,029,883053,26097,21403,154,21557,190
2020-08-04,Kings,031,150075,5075,4163,22,4185,47
2020-08-04,Lake,033,64148,252,206,0,206,1
2020-08-04,Lassen,035,31185,645,556,2,558,0
2020-08-04,Los Angeles,037,10098052,210531,196014,656,196670,4764
2020-08-04,Madera,039,155013,3081,2161,8,2169,19
2020-08-04,Marin,041,260295,5575,5020,9,5029,43
2020-08-04,Mariposa,043,17540,64,51,0,51,2
2020-08-04,Mendocino,045,87422,377,248,0,248,1
2020-08-04,Merced,047,269075,6379,4085,1,4086,30
2020-08-04,Modoc,049,8938,7,3,0,3,0
2020-08-04,Mono,051,14174,158,104,2,106,1
2020-08-04,Monterey,053,433212,6056,4892,13,4905,32
2020-08-04,Napa,055,140530,1223,994,0,994,8
2020-08-04,Nevada,057,99092,356,322,13,335,2
2020-08-04,Orange,059,3164182,45194,37844,885,38729,659
2020-08-04,Placer,061,380077,2482,1964,4,1968,17
2020-08-04,Plumas,063,18699,36,25,0,25,0
2020-08-04,Riverside,065,2383286,46971,38991,45,39036,743
2020-08-04,Sacramento,067,1510023,13816,10205,13,10218,146
2020-08-04,San Benito,069,59416,765,608,0,608,2
2020-08-04,San Bernardino,071,2135413,42029,34215,195,34410,495
2020-08-04,San Diego,073,3302833,33788,30518,46,30564,568
2020-08-04,San Francisco,075,870044,7779,6568,6,6574,60
2020-08-04,San Joaquin,077,732212,15522,12087,16,12103,189
2020-08-04,San Luis Obispo,079,281455,2365,1886,10,1896,13
2020-08-04,San Mateo,081,765935,6897,5690,7,5697,116
2020-08-04,Santa Barbara,083,443738,7083,6591,64,6655,61
2020-08-04,Santa Clara,085,1922200,13965,10986,31,11017,175
2020-08-04,Santa Cruz,087,273765,1425,1202,7,1209,4
2020-08-04,Shasta,089,179085,519,335,3,338,9
2020-08-04,Sierra,091,2930,5,1,0,1,0
2020-08-04,Siskiyou,093,43540,103,71,0,71,0
2020-08-04,Solano,095,438530,4531,3690,25,3715,29
2020-08-04,Sonoma,097,501317,4090,3108,8,3116,33
2020-08-04,Stanislaus,099,539301,12483,9359,74,9433,97
2020-08-04,Sutter,101,95872,963,761,1,762,6
2020-08-04,Tehama,103,63373,301,226,2,228,1
2020-08-04,Trinity,105,12862,27,5,6,11,0
2020-08-04,Tulare,107,460477,11972,9866,30,9896,192
2020-08-04,Tuolumne,109,53932,158,127,4,131,0
2020-08-04,Ventura,111,848112,9282,8134,34,8168,75
2020-08-04,Yolo,113,214977,1976,1626,4,1630,37
2020-08-04,Yuba,115,75493,574,398,0,398,1
2020-08-03,Alameda,001,1643700,14413,11817,102,11919,189
2020-08-03,Alpine,002,1148,2,2,0,2,0
2020-08-03,Amador,005,37829,199,119,0,119,0
2020-08-03,Butte,007,227075,1253,989,35,1024,9
2020-08-03,Calaveras,009,45235,157,117,0,117,1
2020-08-03,Colusa,011,21464,392,336,0,336,2
2020-08-03,Contra Costa,013,1133247,11030,8069,30,8099,120
2020-08-03,Del Norte,015,27424,90,68,0,68,0
2020-08-03,El Dorado,017,186661,833,645,6,651,1
2020-08-03,Fresno,019,978130,22565,15945,200,16145,151
2020-08-03,Glenn,021,27897,389,316,0,316,1
2020-08-03,Humboldt,023,135768,277,234,1,235,4
2020-08-03,Imperial,025,180216,10492,7953,6,7959,161
2020-08-03,Inyo,027,18085,85,57,1,58,1
2020-08-03,Kern,029,883053,25731,21285,147,21432,176
2020-08-03,Kings,031,150075,4963,4107,21,4128,47
2020-08-03,Lake,033,64148,245,201,0,201,1
2020-08-03,Lassen,035,31185,645,555,2,557,0
2020-08-03,Los Angeles,037,10098052,208494,194103,628,194731,4706
2020-08-03,Madera,039,155013,3032,2143,7,2150,18
2020-08-03,Marin,041,260295,5528,5001,9,5010,43
2020-08-03,Mariposa,043,17540,63,52,0,52,2
2020-08-03,Mendocino,045,87422,354,248,0,248,1
2020-08-03,Merced,047,269075,6263,4028,1,4029,29
2020-08-03,Modoc,049,8938,7,2,0,2,0
2020-08-03,Mono,051,14174,158,104,2,106,1
2020-08-03,Monterey,053,433212,5905,4806,10,4816,28
2020-08-03,Napa,055,140530,1209,973,0,973,8
2020-08-03,Nevada,057,99092,352,315,13,328,2
2020-08-03,Orange,059,3164182,44800,37705,875,38580,651
2020-08-03,Placer,061,380077,2426,1947,3,1950,16
2020-08-03,Plumas,063,18699,36,25,0,25,0
2020-08-03,Riverside,065,2383286,46503,38642,45,38687,740
2020-08-03,Sacramento,067,1510023,13621,10143,13,10156,142
2020-08-03,San Benito,069,59416,753,603,0,603,2
2020-08-03,San Bernardino,071,2135413,41504,33979,189,34168,444
2020-08-03,San Diego,073,3302833,33474,30228,36,30264,565
2020-08-03,San Francisco,075,870044,7685,6319,6,6325,60
2020-08-03,San Joaquin,077,732212,15325,12007,15,12022,189
2020-08-03,San Luis Obispo,079,281455,2323,1863,8,1871,14
2020-08-03,San Mateo,081,765935,6816,5661,7,5668,115
2020-08-03,Santa Barbara,083,443738,7039,6580,64,6644,59
2020-08-03,Santa Clara,085,1922200,13688,10747,31,10778,172
2020-08-03,Santa Cruz,087,273765,1405,1154,7,1161,4
2020-08-03,Shasta,089,179085,512,322,3,325,9
2020-08-03,Sierra,091,2930,5,1,0,1,0
2020-08-03,Siskiyou,093,43540,99,67,0,67,0
2020-08-03,Solano,095,438530,4462,3610,24,3634,29
2020-08-03,Sonoma,097,501317,3989,3079,7,3086,33
2020-08-03,Stanislaus,099,539301,12274,9308,66,9374,96
2020-08-03,Sutter,101,95872,939,713,1,714,6
2020-08-03,Tehama,103,63373,293,225,2,227,1
2020-08-03,Trinity,105,12862,27,5,6,11,0
2020-08-03,Tulare,107,460477,11788,9703,30,9733,188
2020-08-03,Tuolumne,109,53932,158,123,4,127,0
2020-08-03,Ventura,111,848112,9191,8084,31,8115,74
2020-08-03,Yolo,113,214977,1941,1598,3,1601,37
2020-08-03,Yuba,115,75493,550,393,0,393,1
2020-08-02,Alameda,001,1643700,14167,11696,90,11786,188
2020-08-02,Alpine,002,1148,2,2,0,2,0
2020-08-02,Amador,005,37829,194,117,0,117,0
2020-08-02,Butte,007,227075,1218,987,34,1021,9
2020-08-02,Calaveras,009,45235,154,116,0,116,1
2020-08-02,Colusa,011,21464,387,335,0,335,2
2020-08-02,Contra Costa,013,1133247,10791,7995,30,8025,118
2020-08-02,Del Norte,015,27424,89,68,0,68,0
2020-08-02,El Dorado,017,186661,823,643,6,649,1
2020-08-02,Fresno,019,978130,22291,15759,194,15953,151
2020-08-02,Glenn,021,27897,388,315,0,315,1
2020-08-02,Humboldt,023,135768,272,232,1,233,4
2020-08-02,Imperial,025,180216,10429,7919,6,7925,157
2020-08-02,Inyo,027,18085,84,45,1,46,1
2020-08-02,Kern,029,883053,25433,21162,145,21307,176
2020-08-02,Kings,031,150075,4901,3964,20,3984,47
2020-08-02,Lake,033,64148,240,201,0,201,1
2020-08-02,Lassen,035,31185,645,555,2,557,0
2020-08-02,Los Angeles,037,10098052,206403,192480,610,193090,4698
2020-08-02,Madera,039,155013,2966,2123,5,2128,18
2020-08-02,Marin,041,260295,5493,4985,9,4994,43
2020-08-02,Mariposa,043,17540,61,52,0,52,2
2020-08-02,Mendocino,045,87422,344,247,0,247,1
2020-08-02,Merced,047,269075,6121,4011,1,4012,29
2020-08-02,Modoc,049,8938,7,2,0,2,0
2020-08-02,Mono,051,14174,151,104,2,106,1
2020-08-02,Monterey,053,433212,5779,4698,10,4708,28
2020-08-02,Napa,055,140530,1195,956,0,956,8
2020-08-02,Nevada,057,99092,349,314,13,327,2
2020-08-02,Orange,059,3164182,44419,37266,864,38130,651
2020-08-02,Placer,061,380077,2387,1920,3,1923,15
2020-08-02,Plumas,063,18699,36,25,0,25,0
2020-08-02,Riverside,065,2383286,46070,38507,44,38551,735
2020-08-02,Sacramento,067,1510023,13342,10099,13,10112,142
2020-08-02,San Benito,069,59416,739,599,0,599,2
2020-08-02,San Bernardino,071,2135413,40902,33643,185,33828,443
2020-08-02,San Diego,073,3302833,33134,29885,27,29912,565
2020-08-02,San Francisco,075,870044,7567,6297,6,6303,60
2020-08-02,San Joaquin,077,732212,15044,11937,13,11950,189
2020-08-02,San Luis Obispo,079,281455,2260,1821,8,1829,14
2020-08-02,San Mateo,081,765935,6701,5618,7,5625,115
2020-08-02,Santa Barbara,083,443738,6949,6532,64,6596,59
2020-08-02,Santa Clara,085,1922200,13468,10577,31,10608,172
2020-08-02,Santa Cruz,087,273765,1385,1162,7,1169,4
2020-08-02,Shasta,089,179085,508,318,3,321,9
2020-08-02,Sierra,091,2930,4,1,0,1,0
2020-08-02,Siskiyou,093,43540,99,65,0,65,0
2020-08-02,Solano,095,438530,4403,3609,24,3633,29
2020-08-02,Sonoma,097,501317,3904,3005,7,3012,33
2020-08-02,Stanislaus,099,539301,12059,9277,61,9338,96
2020-08-02,Sutter,101,95872,904,714,1,715,6
2020-08-02,Tehama,103,63373,287,222,2,224,1
2020-08-02,Trinity,105,12862,27,5,6,11,0
2020-08-02,Tulare,107,460477,11579,9593,30,9623,188
2020-08-02,Tuolumne,109,53932,155,123,4,127,0
2020-08-02,Ventura,111,848112,9044,8014,31,8045,73
2020-08-02,Yolo,113,214977,1916,1588,3,1591,37
2020-08-02,Yuba,115,75493,530,393,0,393,1
2020-08-01,Alameda,001,1643700,14055,11590,90,11680,188
2020-08-01,Alpine,002,1148,2,2,0,2,0
2020-08-01,Amador,005,37829,190,109,0,109,0
2020-08-01,Butte,007,227075,1204,976,34,1010,9
2020-08-01,Calaveras,009,45235,150,116,0,116,1
2020-08-01,Colusa,011,21464,386,327,0,327,2
2020-08-01,Contra Costa,013,1133247,10658,7867,29,7896,116
2020-08-01,Del Norte,015,27424,89,68,0,68,0
2020-08-01,El Dorado,017,186661,820,637,6,643,1
2020-08-01,Fresno,019,978130,22154,15448,194,15642,149
2020-08-01,Glenn,021,27897,387,311,0,311,1
2020-08-01,Humboldt,023,135768,271,232,1,233,4
2020-08-01,Imperial,025,180216,10393,7919,6,7925,156
2020-08-01,Inyo,027,18085,82,45,1,46,1
2020-08-01,Kern,029,883053,25275,20796,141,20937,176
2020-08-01,Kings,031,150075,4875,3948,20,3968,47
2020-08-01,Lake,033,64148,238,194,0,194,1
2020-08-01,Lassen,035,31185,644,555,2,557,0
2020-08-01,Los Angeles,037,10098052,205511,191023,583,191606,4674
2020-08-01,Madera,039,155013,2927,2103,5,2108,18
2020-08-01,Marin,041,260295,5478,4945,9,4954,43
2020-08-01,Mariposa,043,17540,61,50,0,50,2
2020-08-01,Mendocino,045,87422,337,243,0,243,1
2020-08-01,Merced,047,269075,6073,3972,1,3973,29
2020-08-01,Modoc,049,8938,7,2,0,2,0
2020-08-01,Mono,051,14174,150,104,2,106,1
2020-08-01,Monterey,053,433212,5712,4611,9,4620,28
2020-08-01,Napa,055,140530,1186,923,0,923,8
2020-08-01,Nevada,057,99092,345,305,13,318,2
2020-08-01,Orange,059,3164182,44192,36703,858,37561,648
2020-08-01,Placer,061,380077,2353,1891,3,1894,14
2020-08-01,Plumas,063,18699,35,25,0,25,0
2020-08-01,Riverside,065,2383286,45858,38216,42,38258,704
2020-08-01,Sacramento,067,1510023,13191,10044,13,10057,141
2020-08-01,San Benito,069,59416,728,579,0,579,2
2020-08-01,San Bernardino,071,2135413,40666,32947,184,33131,440
2020-08-01,San Diego,073,3302833,32917,29579,19,29598,565
2020-08-01,San Francisco,075,870044,7506,6296,6,6302,60
2020-08-01,San Joaquin,077,732212,14969,11807,12,11819,189
2020-08-01,San Luis Obispo,079,281455,2231,1798,8,1806,13
2020-08-01,San Mateo,081,765935,6647,5520,7,5527,115
2020-08-01,Santa Barbara,083,443738,6909,6465,64,6529,59
2020-08-01,Santa Clara,085,1922200,13317,10281,30,10311,171
2020-08-01,Santa Cruz,087,273765,1369,1164,7,1171,4
2020-08-01,Shasta,089,179085,503,312,3,315,9
2020-08-01,Sierra,091,2930,3,1,0,1,0
2020-08-01,Siskiyou,093,43540,99,64,0,64,0
2020-08-01,Solano,095,438530,4369,3591,23,3614,29
2020-08-01,Sonoma,097,501317,3858,2890,7,2897,29
2020-08-01,Stanislaus,099,539301,11941,9221,54,9275,96
2020-08-01,Sutter,101,95872,900,714,1,715,6
2020-08-01,Tehama,103,63373,284,220,2,222,1
2020-08-01,Trinity,105,12862,27,5,6,11,0
2020-08-01,Tulare,107,460477,11511,9520,30,9550,188
2020-08-01,Tuolumne,109,53932,155,123,4,127,0
2020-08-01,Ventura,111,848112,8998,7819,31,7850,73
2020-08-01,Yolo,113,214977,1906,1557,3,1560,37
2020-08-01,Yuba,115,75493,525,387,0,387,1
2020-07-31,Alameda,001,1643700,13926,11441,90,11531,187
2020-07-31,Alpine,002,1148,2,2,0,2,0
2020-07-31,Amador,005,37829,189,98,0,98,0
2020-07-31,Butte,007,227075,1181,925,34,959,7
2020-07-31,Calaveras,009,45235,150,112,0,112,1
2020-07-31,Colusa,011,21464,376,319,0,319,2
2020-07-31,Contra Costa,013,1133247,10511,7697,28,7725,113
2020-07-31,Del Norte,015,27424,88,68,0,68,0
2020-07-31,El Dorado,017,186661,809,616,6,622,1
2020-07-31,Fresno,019,978130,21934,15083,194,15277,133
2020-07-31,Glenn,021,27897,380,304,0,304,1
2020-07-31,Humboldt,023,135768,264,229,1,230,4
2020-07-31,Imperial,025,180216,10361,7886,5,7891,155
2020-07-31,Inyo,027,18085,72,45,1,46,1
2020-07-31,Kern,029,883053,25034,20061,137,20198,173
2020-07-31,Kings,031,150075,4847,3807,20,3827,45
2020-07-31,Lake,033,64148,237,191,0,191,1
2020-07-31,Lassen,035,31185,639,544,2,546,0
2020-07-31,Los Angeles,037,10098052,203912,188688,570,189258,4628
2020-07-31,Madera,039,155013,2880,2036,5,2041,19
2020-07-31,Marin,041,260295,5434,4885,6,4891,43
2020-07-31,Mariposa,043,17540,61,49,0,49,2
2020-07-31,Mendocino,045,87422,322,232,0,232,1
2020-07-31,Merced,047,269075,5990,3789,1,3790,30
2020-07-31,Modoc,049,8938,6,0,0,0,0
2020-07-31,Mono,051,14174,149,104,2,106,1
2020-07-31,Monterey,053,433212,5620,4493,9,4502,24
2020-07-31,Napa,055,140530,1174,897,0,897,7
2020-07-31,Nevada,057,99092,343,302,13,315,2
2020-07-31,Orange,059,3164182,43893,36196,841,37037,620
2020-07-31,Placer,061,380077,2328,1853,3,1856,14
2020-07-31,Plumas,063,18699,34,25,0,25,0
2020-07-31,Riverside,065,2383286,45468,37612,41,37653,694
2020-07-31,Sacramento,067,1510023,13013,9872,13,9885,132
2020-07-31,San Benito,069,59416,720,567,0,567,2
2020-07-31,San Bernardino,071,2135413,40336,32332,182,32514,434
2020-07-31,San Diego,073,3302833,32683,29050,11,29061,561
2020-07-31,San Francisco,075,870044,7406,6126,6,6132,60
2020-07-31,San Joaquin,077,732212,14829,11561,12,11573,177
2020-07-31,San Luis Obispo,079,281455,2162,1746,8,1754,12
2020-07-31,San Mateo,081,765935,6575,5416,7,5423,115
2020-07-31,Santa Barbara,083,443738,6842,6375,64,6439,58
2020-07-31,Santa Clara,085,1922200,13096,9863,30,9893,171
2020-07-31,Santa Cruz,087,273765,1346,1118,7,1125,4
2020-07-31,Shasta,089,179085,493,305,3,308,9
2020-07-31,Sierra,091,2930,3,1,0,1,0
2020-07-31,Siskiyou,093,43540,97,61,0,61,0
2020-07-31,Solano,095,438530,4321,3510,22,3532,29
2020-07-31,Sonoma,097,501317,3800,2745,7,2752,27
2020-07-31,Stanislaus,099,539301,11835,9061,49,9110,94
2020-07-31,Sutter,101,95872,895,714,1,715,6
2020-07-31,Tehama,103,63373,281,213,2,215,1
2020-07-31,Trinity,105,12862,27,5,6,11,0
2020-07-31,Tulare,107,460477,11390,9365,30,9395,184
2020-07-31,Tuolumne,109,53932,155,120,4,124,0
2020-07-31,Ventura,111,848112,8923,7521,31,7552,71
2020-07-31,Yolo,113,214977,1880,1522,3,1525,38
2020-07-31,Yuba,115,75493,516,369,0,369,1
2020-07-30,Alameda,001,1643700,13721,11303,52,11355,185
2020-07-30,Alpine,002,1148,2,2,0,2,0
2020-07-30,Amador,005,37829,171,97,0,97,0
2020-07-30,Butte,007,227075,1165,915,34,949,7
2020-07-30,Calaveras,009,45235,146,111,0,111,1
2020-07-30,Colusa,011,21464,373,315,0,315,2
2020-07-30,Contra Costa,013,1133247,10327,7615,27,7642,112
2020-07-30,Del Norte,015,27424,88,68,0,68,0
2020-07-30,El Dorado,017,186661,802,608,6,614,1
2020-07-30,Fresno,019,978130,21601,14793,188,14981,133
2020-07-30,Glenn,021,27897,373,297,0,297,1
2020-07-30,Humboldt,023,135768,262,228,1,229,4
2020-07-30,Imperial,025,180216,10302,7849,5,7854,151
2020-07-30,Inyo,027,18085,68,44,1,45,1
2020-07-30,Kern,029,883053,24741,19552,133,19685,171
2020-07-30,Kings,031,150075,4743,3785,20,3805,43
2020-07-30,Lake,033,64148,231,181,0,181,1
2020-07-30,Lassen,035,31185,636,544,2,546,0
2020-07-30,Los Angeles,037,10098052,201884,186177,540,186717,4564
2020-07-30,Madera,039,155013,2810,2007,5,2012,18
2020-07-30,Marin,041,260295,5392,4835,5,4840,39
2020-07-30,Mariposa,043,17540,61,49,0,49,1
2020-07-30,Mendocino,045,87422,315,232,0,232,1
2020-07-30,Merced,047,269075,5826,3695,1,3696,30
2020-07-30,Modoc,049,8938,6,0,0,0,0
2020-07-30,Mono,051,14174,148,104,2,106,1
2020-07-30,Monterey,053,433212,5508,4352,9,4361,24
2020-07-30,Napa,055,140530,1157,874,0,874,7
2020-07-30,Nevada,057,99092,338,292,13,305,2
2020-07-30,Orange,059,3164182,43478,36105,817,36922,607
2020-07-30,Placer,061,380077,2277,1821,3,1824,14
2020-07-30,Plumas,063,18699,33,25,0,25,0
2020-07-30,Riverside,065,2383286,44926,37308,41,37349,685
2020-07-30,Sacramento,067,1510023,12794,9704,13,9717,126
2020-07-30,San Benito,069,59416,707,558,0,558,2
2020-07-30,San Bernardino,071,2135413,39812,32010,182,32192,427
2020-07-30,San Diego,073,3302833,32336,28670,9,28679,558
2020-07-30,San Francisco,075,870044,7305,6107,6,6113,59
2020-07-30,San Joaquin,077,732212,14633,11435,12,11447,161
2020-07-30,San Luis Obispo,079,281455,2126,1703,8,1711,12
2020-07-30,San Mateo,081,765935,6480,5369,7,5376,115
2020-07-30,Santa Barbara,083,443738,6762,6273,64,6337,52
2020-07-30,Santa Clara,085,1922200,12863,9708,29,9737,170
2020-07-30,Santa Cruz,087,273765,1318,1087,7,1094,4
2020-07-30,Shasta,089,179085,489,306,3,309,8
2020-07-30,Sierra,091,2930,3,1,0,1,0
2020-07-30,Siskiyou,093,43540,96,60,0,60,0
2020-07-30,Solano,095,438530,4270,3463,22,3485,29
2020-07-30,Sonoma,097,501317,3729,2684,7,2691,25
2020-07-30,Stanislaus,099,539301,11622,8890,41,8931,94
2020-07-30,Sutter,101,95872,876,698,1,699,6
2020-07-30,Tehama,103,63373,278,208,2,210,1
2020-07-30,Trinity,105,12862,26,4,6,10,0
2020-07-30,Tulare,107,460477,11261,9167,30,9197,177
2020-07-30,Tuolumne,109,53932,154,119,4,123,0
2020-07-30,Ventura,111,848112,8811,7304,29,7333,69
2020-07-30,Yolo,113,214977,1860,1511,3,1514,37
2020-07-30,Yuba,115,75493,503,362,0,362,1
2020-07-29,Alameda,001,1643700,13500,11177,47,11224,180
2020-07-29,Alpine,002,1148,2,2,0,2,0
2020-07-29,Amador,005,37829,163,80,0,80,0
2020-07-29,Butte,007,227075,1139,889,32,921,7
2020-07-29,Calaveras,009,45235,139,107,0,107,1
2020-07-29,Colusa,011,21464,369,302,0,302,2
2020-07-29,Contra Costa,013,1133247,10123,7520,27,7547,108
2020-07-29,Del Norte,015,27424,88,68,0,68,0
2020-07-29,El Dorado,017,186661,792,588,6,594,1
2020-07-29,Fresno,019,978130,21309,14312,188,14500,125
2020-07-29,Glenn,021,27897,366,294,0,294,1
2020-07-29,Humboldt,023,135768,259,221,1,222,4
2020-07-29,Imperial,025,180216,10254,7825,5,7830,147
2020-07-29,Inyo,027,18085,63,44,1,45,1
2020-07-29,Kern,029,883053,24402,19073,130,19203,162
2020-07-29,Kings,031,150075,4695,3755,20,3775,43
2020-07-29,Lake,033,64148,229,179,0,179,1
2020-07-29,Lassen,035,31185,621,513,2,515,0
2020-07-29,Los Angeles,037,10098052,199858,183600,523,184123,4523
2020-07-29,Madera,039,155013,2756,1941,5,1946,18
2020-07-29,Marin,041,260295,5354,4747,5,4752,34
2020-07-29,Mariposa,043,17540,60,47,0,47,1
2020-07-29,Mendocino,045,87422,307,228,0,228,0
2020-07-29,Merced,047,269075,5686,3605,1,3606,25
2020-07-29,Modoc,049,8938,5,0,0,0,0
2020-07-29,Mono,051,14174,145,102,2,104,1
2020-07-29,Monterey,053,433212,5408,4252,9,4261,24
2020-07-29,Napa,055,140530,1129,866,0,866,7
2020-07-29,Nevada,057,99092,334,288,13,301,1
2020-07-29,Orange,059,3164182,43044,35339,806,36145,589
2020-07-29,Placer,061,380077,2245,1798,3,1801,14
2020-07-29,Plumas,063,18699,33,25,0,25,0
2020-07-29,Riverside,065,2383286,44335,36968,41,37009,678
2020-07-29,Sacramento,067,1510023,12548,9538,13,9551,122
2020-07-29,San Benito,069,59416,692,537,0,537,2
2020-07-29,San Bernardino,071,2135413,39323,31168,171,31339,417
2020-07-29,San Diego,073,3302833,32011,28289,8,28297,552
2020-07-29,San Francisco,075,870044,7211,6041,6,6047,56
2020-07-29,San Joaquin,077,732212,14384,11249,9,11258,154
2020-07-29,San Luis Obispo,079,281455,2105,1673,8,1681,11
2020-07-29,San Mateo,081,765935,6392,5305,7,5312,114
2020-07-29,Santa Barbara,083,443738,6695,6215,64,6279,31
2020-07-29,Santa Clara,085,1922200,12657,9567,29,9596,165
2020-07-29,Santa Cruz,087,273765,1294,1051,7,1058,4
2020-07-29,Shasta,089,179085,477,297,3,300,8
2020-07-29,Sierra,091,2930,2,1,0,1,0
2020-07-29,Siskiyou,093,43540,94,58,0,58,0
2020-07-29,Solano,095,438530,4216,3380,22,3402,29
2020-07-29,Sonoma,097,501317,3651,2598,7,2605,26
2020-07-29,Stanislaus,099,539301,11401,8745,35,8780,94
2020-07-29,Sutter,101,95872,848,678,1,679,6
2020-07-29,Tehama,103,63373,274,206,2,208,1
2020-07-29,Trinity,105,12862,26,4,6,10,0
2020-07-29,Tulare,107,460477,11090,9028,30,9058,156
2020-07-29,Tuolumne,109,53932,154,118,4,122,0
2020-07-29,Ventura,111,848112,8706,7161,29,7190,68
2020-07-29,Yolo,113,214977,1834,1488,3,1491,36
2020-07-29,Yuba,115,75493,487,350,0,350,1
2020-07-28,Alameda,001,1643700,13270,10875,46,10921,180
2020-07-28,Alpine,002,1148,2,2,0,2,0
2020-07-28,Amador,005,37829,153,77,0,77,0
2020-07-28,Butte,007,227075,1104,857,32,889,7
2020-07-28,Calaveras,009,45235,138,105,0,105,1
2020-07-28,Colusa,011,21464,363,290,0,290,2
2020-07-28,Contra Costa,013,1133247,9901,7426,27,7453,107
2020-07-28,Del Norte,015,27424,87,68,0,68,0
2020-07-28,El Dorado,017,186661,777,558,6,564,1
2020-07-28,Fresno,019,978130,20975,13933,182,14115,125
2020-07-28,Glenn,021,27897,364,289,0,289,1
2020-07-28,Humboldt,023,135768,258,218,1,219,4
2020-07-28,Imperial,025,180216,10218,7804,5,7809,145
2020-07-28,Inyo,027,18085,61,43,1,44,1
2020-07-28,Kern,029,883053,24039,18834,124,18958,155
2020-07-28,Kings,031,150075,4649,3721,20,3741,41
2020-07-28,Lake,033,64148,225,179,0,179,1
2020-07-28,Lassen,035,31185,615,508,2,510,0
2020-07-28,Los Angeles,037,10098052,197626,179107,502,179609,4435
2020-07-28,Madera,039,155013,2690,1889,5,1894,18
2020-07-28,Marin,041,260295,5285,4698,5,4703,23
2020-07-28,Mariposa,043,17540,58,45,0,45,1
2020-07-28,Mendocino,045,87422,296,222,0,222,0
2020-07-28,Merced,047,269075,5541,3446,1,3447,23
2020-07-28,Modoc,049,8938,4,0,0,0,0
2020-07-28,Mono,051,14174,144,102,2,104,1
2020-07-28,Monterey,053,433212,5288,4047,9,4056,22
2020-07-28,Napa,055,140530,1107,824,0,824,6
2020-07-28,Nevada,057,99092,329,278,13,291,1
2020-07-28,Orange,059,3164182,42586,34832,792,35624,582
2020-07-28,Placer,061,380077,2209,1759,3,1762,14
2020-07-28,Plumas,063,18699,33,22,0,22,0
2020-07-28,Riverside,065,2383286,43734,36458,41,36499,668
2020-07-28,Sacramento,067,1510023,12289,9429,12,9441,117
2020-07-28,San Benito,069,59416,682,503,0,503,2
2020-07-28,San Bernardino,071,2135413,38800,30493,167,30660,412
2020-07-28,San Diego,073,3302833,31661,28007,6,28013,547
2020-07-28,San Francisco,075,870044,7098,5888,6,5894,56
2020-07-28,San Joaquin,077,732212,14102,10958,6,10964,141
2020-07-28,San Luis Obispo,079,281455,2072,1636,8,1644,9
2020-07-28,San Mateo,081,765935,6319,5171,7,5178,114
2020-07-28,Santa Barbara,083,443738,6631,6110,62,6172,31
2020-07-28,Santa Clara,085,1922200,12423,9307,29,9336,165
2020-07-28,Santa Cruz,087,273765,1267,1018,7,1025,4
2020-07-28,Shasta,089,179085,465,275,3,278,8
2020-07-28,Sierra,091,2930,2,1,0,1,0
2020-07-28,Siskiyou,093,43540,90,57,0,57,0
2020-07-28,Solano,095,438530,4169,3292,21,3313,29
2020-07-28,Sonoma,097,501317,3576,2553,7,2560,20
2020-07-28,Stanislaus,099,539301,11179,8492,27,8519,92
2020-07-28,Sutter,101,95872,811,653,0,653,2
2020-07-28,Tehama,103,63373,269,199,2,201,1
2020-07-28,Trinity,105,12862,26,3,6,9,0
2020-07-28,Tulare,107,460477,10903,8787,30,8817,96
2020-07-28,Tuolumne,109,53932,153,116,4,120,0
2020-07-28,Ventura,111,848112,8580,7045,28,7073,68
2020-07-28,Yolo,113,214977,1806,1459,3,1462,36
2020-07-28,Yuba,115,75493,470,333,0,333,1
2020-07-27,Alameda,001,1643700,13042,10645,43,10688,176
2020-07-27,Alpine,002,1148,2,2,0,2,0
2020-07-27,Amador,005,37829,148,72,0,72,0
2020-07-27,Butte,007,227075,1077,843,32,875,7
2020-07-27,Calaveras,009,45235,134,103,0,103,1
2020-07-27,Colusa,011,21464,356,271,0,271,2
2020-07-27,Contra Costa,013,1133247,9678,7256,27,7283,104
2020-07-27,Del Norte,015,27424,86,67,0,67,0
2020-07-27,El Dorado,017,186661,765,548,6,554,1
2020-07-27,Fresno,019,978130,20626,13485,176,13661,117
2020-07-27,Glenn,021,27897,362,277,0,277,1
2020-07-27,Humboldt,023,135768,253,218,1,219,4
2020-07-27,Imperial,025,180216,10168,7789,5,7794,144
2020-07-27,Inyo,027,18085,61,43,1,44,1
2020-07-27,Kern,029,883053,23537,17994,118,18112,148
2020-07-27,Kings,031,150075,4400,3685,20,3705,39
2020-07-27,Lake,033,64148,221,176,0,176,1
2020-07-27,Lassen,035,31185,615,503,2,505,0
2020-07-27,Los Angeles,037,10098052,195200,176351,484,176835,4379
2020-07-27,Madera,039,155013,2625,1793,5,1798,17
2020-07-27,Marin,041,260295,5197,4669,5,4674,22
2020-07-27,Mariposa,043,17540,58,43,0,43,1
2020-07-27,Mendocino,045,87422,282,209,0,209,0
2020-07-27,Merced,047,269075,5401,3292,1,3293,23
2020-07-27,Modoc,049,8938,3,0,0,0,0
2020-07-27,Mono,051,14174,140,99,2,101,1
2020-07-27,Monterey,053,433212,5099,3960,9,3969,21
2020-07-27,Napa,055,140530,1092,769,0,769,6
2020-07-27,Nevada,057,99092,325,268,13,281,1
2020-07-27,Orange,059,3164182,42146,34649,776,35425,566
2020-07-27,Placer,061,380077,2159,1679,3,1682,12
2020-07-27,Plumas,063,18699,33,22,0,22,0
2020-07-27,Riverside,065,2383286,43055,35822,41,35863,667
2020-07-27,Sacramento,067,1510023,11996,9091,12,9103,114
2020-07-27,San Benito,069,59416,667,498,0,498,2
2020-07-27,San Bernardino,071,2135413,38208,29928,157,30085,401
2020-07-27,San Diego,073,3302833,31287,27509,5,27514,533
2020-07-27,San Francisco,075,870044,7011,5825,6,5831,55
2020-07-27,San Joaquin,077,732212,13814,10728,6,10734,129
2020-07-27,San Luis Obispo,079,281455,2026,1612,8,1620,9
2020-07-27,San Mateo,081,765935,6210,5108,7,5115,113
2020-07-27,Santa Barbara,083,443738,6552,6026,60,6086,30
2020-07-27,Santa Clara,085,1922200,12154,9157,28,9185,166
2020-07-27,Santa Cruz,087,273765,1243,984,7,991,4
2020-07-27,Shasta,089,179085,458,275,3,278,8
2020-07-27,Sierra,091,2930,2,1,0,1,0
2020-07-27,Siskiyou,093,43540,88,54,0,54,0
2020-07-27,Solano,095,438530,4102,3198,20,3218,29
2020-07-27,Sonoma,097,501317,3485,2504,7,2511,20
2020-07-27,Stanislaus,099,539301,10954,8288,19,8307,84
2020-07-27,Sutter,101,95872,785,620,0,620,2
2020-07-27,Tehama,103,63373,261,192,2,194,1
2020-07-27,Trinity,105,12862,26,3,6,9,0
2020-07-27,Tulare,107,460477,10685,8462,30,8492,172
2020-07-27,Tuolumne,109,53932,150,115,4,119,0
2020-07-27,Ventura,111,848112,8452,6998,27,7025,68
2020-07-27,Yolo,113,214977,1761,1439,3,1442,33
2020-07-27,Yuba,115,75493,450,328,0,328,1
2020-07-26,Alameda,001,1643700,12803,10489,42,10531,176
2020-07-26,Alpine,002,1148,2,2,0,2,0
2020-07-26,Amador,005,37829,142,67,0,67,0
2020-07-26,Butte,007,227075,1040,822,31,853,5
2020-07-26,Calaveras,009,45235,131,103,0,103,1
2020-07-26,Colusa,011,21464,347,270,0,270,2
2020-07-26,Contra Costa,013,1133247,9440,7095,27,7122,104
2020-07-26,Del Norte,015,27424,84,67,0,67,0
2020-07-26,El Dorado,017,186661,747,539,6,545,1
2020-07-26,Fresno,019,978130,20235,13209,168,13377,117
2020-07-26,Glenn,021,27897,354,265,0,265,1
2020-07-26,Humboldt,023,135768,247,214,1,215,4
2020-07-26,Imperial,025,180216,10096,7781,5,7786,144
2020-07-26,Inyo,027,18085,56,43,1,44,1
2020-07-26,Kern,029,883053,23012,17394,115,17509,148
2020-07-26,Kings,031,150075,4341,3591,20,3611,39
2020-07-26,Lake,033,64148,213,174,0,174,1
2020-07-26,Lassen,035,31185,574,503,2,505,0
2020-07-26,Los Angeles,037,10098052,192631,174322,466,174788,4364
2020-07-26,Madera,039,155013,2538,1744,5,1749,17
2020-07-26,Marin,041,260295,5151,4595,5,4600,22
2020-07-26,Mariposa,043,17540,56,43,0,43,1
2020-07-26,Mendocino,045,87422,273,206,0,206,0
2020-07-26,Merced,047,269075,5221,3251,1,3252,23
2020-07-26,Modoc,049,8938,3,0,0,0,0
2020-07-26,Mono,051,14174,136,82,2,84,1
2020-07-26,Monterey,053,433212,4933,3901,9,3910,21
2020-07-26,Napa,055,140530,1073,769,0,769,6
2020-07-26,Nevada,057,99092,322,261,13,274,1
2020-07-26,Orange,059,3164182,41621,34352,745,35097,564
2020-07-26,Placer,061,380077,2095,1628,3,1631,12
2020-07-26,Plumas,063,18699,33,22,0,22,0
2020-07-26,Riverside,065,2383286,42495,35636,41,35677,665
2020-07-26,Sacramento,067,1510023,11690,8972,12,8984,114
2020-07-26,San Benito,069,59416,655,495,0,495,2
2020-07-26,San Bernardino,071,2135413,37567,29545,149,29694,400
2020-07-26,San Diego,073,3302833,30891,26986,4,26990,533
2020-07-26,San Francisco,075,870044,6905,5823,6,5829,55
2020-07-26,San Joaquin,077,732212,13522,10637,6,10643,129
2020-07-26,San Luis Obispo,079,281455,1984,1565,8,1573,8
2020-07-26,San Mateo,081,765935,6105,5078,7,5085,113
2020-07-26,Santa Barbara,083,443738,6451,5939,60,5999,30
2020-07-26,Santa Clara,085,1922200,11925,8986,28,9014,166
2020-07-26,Santa Cruz,087,273765,1216,970,7,977,4
2020-07-26,Shasta,089,179085,451,265,3,268,8
2020-07-26,Sierra,091,2930,2,1,0,1,0
2020-07-26,Siskiyou,093,43540,86,54,0,54,0
2020-07-26,Solano,095,438530,4023,3197,18,3215,29
2020-07-26,Sonoma,097,501317,3396,2503,6,2509,20
2020-07-26,Stanislaus,099,539301,10691,8228,18,8246,84
2020-07-26,Sutter,101,95872,771,612,0,612,2
2020-07-26,Tehama,103,63373,254,175,2,177,1
2020-07-26,Trinity,105,12862,26,3,6,9,0
2020-07-26,Tulare,107,460477,10479,8392,30,8422,172
2020-07-26,Tuolumne,109,53932,145,113,4,117,0
2020-07-26,Ventura,111,848112,8245,6844,27,6871,67
2020-07-26,Yolo,113,214977,1730,1408,3,1411,33
2020-07-26,Yuba,115,75493,431,313,0,313,1
2020-07-25,Alameda,001,1643700,12706,10361,40,10401,176
2020-07-25,Alpine,002,1148,2,2,0,2,0
2020-07-25,Amador,005,37829,139,67,0,67,0
2020-07-25,Butte,007,227075,1031,810,31,841,5
2020-07-25,Calaveras,009,45235,128,103,0,103,1
2020-07-25,Colusa,011,21464,340,265,0,265,2
2020-07-25,Contra Costa,013,1133247,9297,6920,27,6947,104
2020-07-25,Del Norte,015,27424,84,67,0,67,0
2020-07-25,El Dorado,017,186661,736,528,6,534,1
2020-07-25,Fresno,019,978130,20048,12866,168,13034,117
2020-07-25,Glenn,021,27897,352,260,0,260,1
2020-07-25,Humboldt,023,135768,244,212,1,213,4
2020-07-25,Imperial,025,180216,10070,7727,5,7732,144
2020-07-25,Inyo,027,18085,55,43,1,44,1
2020-07-25,Kern,029,883053,22794,16910,114,17024,148
2020-07-25,Kings,031,150075,4324,3516,20,3536,39
2020-07-25,Lake,033,64148,211,173,0,173,1
2020-07-25,Lassen,035,31185,574,503,2,505,0
2020-07-25,Los Angeles,037,10098052,191496,172611,460,173071,4357
2020-07-25,Madera,039,155013,2506,1724,5,1729,17
2020-07-25,Marin,041,260295,5135,4562,5,4567,22
2020-07-25,Mariposa,043,17540,55,43,0,43,1
2020-07-25,Mendocino,045,87422,267,190,0,190,0
2020-07-25,Merced,047,269075,5142,3176,1,3177,23
2020-07-25,Modoc,049,8938,3,0,0,0,0
2020-07-25,Mono,051,14174,136,82,2,84,1
2020-07-25,Monterey,053,433212,4856,3805,9,3814,21
2020-07-25,Napa,055,140530,1060,746,0,746,6
2020-07-25,Nevada,057,99092,320,257,13,270,1
2020-07-25,Orange,059,3164182,41402,33978,724,34702,561
2020-07-25,Placer,061,380077,2079,1596,3,1599,12
2020-07-25,Plumas,063,18699,33,22,0,22,0
2020-07-25,Riverside,065,2383286,42226,34921,41,34962,655
2020-07-25,Sacramento,067,1510023,11544,8674,11,8685,113
2020-07-25,San Benito,069,59416,639,492,0,492,2
2020-07-25,San Bernardino,071,2135413,37289,29265,146,29411,394
2020-07-25,San Diego,073,3302833,30630,26703,3,26706,533
2020-07-25,San Francisco,075,870044,6847,5644,6,5650,55
2020-07-25,San Joaquin,077,732212,13396,10347,5,10352,129
2020-07-25,San Luis Obispo,079,281455,1964,1530,7,1537,8
2020-07-25,San Mateo,081,765935,6042,5023,7,5030,113
2020-07-25,Santa Barbara,083,443738,6416,5880,60,5940,30
2020-07-25,Santa Clara,085,1922200,11791,8767,28,8795,166
2020-07-25,Santa Cruz,087,273765,1199,939,7,946,4
2020-07-25,Shasta,089,179085,446,263,1,264,8
2020-07-25,Sierra,091,2930,2,1,0,1,0
2020-07-25,Siskiyou,093,43540,84,54,0,54,0
2020-07-25,Solano,095,438530,3983,3107,16,3123,29
2020-07-25,Sonoma,097,501317,3357,2412,6,2418,20
2020-07-25,Stanislaus,099,539301,10588,7994,14,8008,84
2020-07-25,Sutter,101,95872,752,603,0,603,2
2020-07-25,Tehama,103,63373,253,169,2,171,1
2020-07-25,Trinity,105,12862,26,3,6,9,0
2020-07-25,Tulare,107,460477,10379,8310,30,8340,172
2020-07-25,Tuolumne,109,53932,144,99,4,103,0
2020-07-25,Ventura,111,848112,8172,6662,27,6689,62
2020-07-25,Yolo,113,214977,1714,1357,3,1360,35
2020-07-25,Yuba,115,75493,425,312,0,312,1
2020-07-24,Alameda,001,1643700,12565,10216,37,10253,176
2020-07-24,Alpine,002,1148,2,2,0,2,0
2020-07-24,Amador,005,37829,137,66,0,66,0
2020-07-24,Butte,007,227075,1019,751,31,782,5
2020-07-24,Calaveras,009,45235,124,102,0,102,0
2020-07-24,Colusa,011,21464,337,255,0,255,2
2020-07-24,Contra Costa,013,1133247,9152,6814,27,6841,100
2020-07-24,Del Norte,015,27424,84,66,0,66,0
2020-07-24,El Dorado,017,186661,714,516,6,522,1
2020-07-24,Fresno,019,978130,19823,12564,168,12732,115
2020-07-24,Glenn,021,27897,349,251,0,251,1
2020-07-24,Humboldt,023,135768,241,210,1,211,4
2020-07-24,Imperial,025,180216,10048,7686,5,7691,141
2020-07-24,Inyo,027,18085,55,41,1,42,1
2020-07-24,Kern,029,883053,22553,16124,114,16238,143
2020-07-24,Kings,031,150075,4294,3471,20,3491,39
2020-07-24,Lake,033,64148,209,167,0,167,1
2020-07-24,Lassen,035,31185,574,503,2,505,0
2020-07-24,Los Angeles,037,10098052,189471,169078,449,169527,4302
2020-07-24,Madera,039,155013,2473,1679,5,1684,16
2020-07-24,Marin,041,260295,5108,4517,5,4522,22
2020-07-24,Mariposa,043,17540,55,41,0,41,1
2020-07-24,Mendocino,045,87422,260,188,0,188,0
2020-07-24,Merced,047,269075,5057,3100,1,3101,23
2020-07-24,Modoc,049,8938,3,0,0,0,0
2020-07-24,Mono,051,14174,135,82,2,84,1
2020-07-24,Monterey,053,433212,4784,3748,9,3757,21
2020-07-24,Napa,055,140530,1047,741,0,741,6
2020-07-24,Nevada,057,99092,317,255,13,268,1
2020-07-24,Orange,059,3164182,41115,33530,708,34238,557
2020-07-24,Placer,061,380077,2048,1551,3,1554,12
2020-07-24,Plumas,063,18699,33,22,0,22,0
2020-07-24,Riverside,065,2383286,41802,34513,40,34553,631
2020-07-24,Sacramento,067,1510023,11356,8570,11,8581,110
2020-07-24,San Benito,069,59416,632,485,0,485,2
2020-07-24,San Bernardino,071,2135413,36918,28990,141,29131,386
2020-07-24,San Diego,073,3302833,30330,26100,3,26103,524
2020-07-24,San Francisco,075,870044,6753,5611,6,5617,55
2020-07-24,San Joaquin,077,732212,13247,10190,5,10195,118
2020-07-24,San Luis Obispo,079,281455,1940,1476,7,1483,8
2020-07-24,San Mateo,081,765935,5979,4954,7,4961,112
2020-07-24,Santa Barbara,083,443738,6363,5776,58,5834,30
2020-07-24,Santa Clara,085,1922200,11626,8658,28,8686,165
2020-07-24,Santa Cruz,087,273765,1179,930,7,937,4
2020-07-24,Shasta,089,179085,438,262,1,263,8
2020-07-24,Sierra,091,2930,2,1,0,1,0
2020-07-24,Siskiyou,093,43540,84,53,0,53,0
2020-07-24,Solano,095,438530,3947,3062,13,3075,29
2020-07-24,Sonoma,097,501317,3305,2345,6,2351,20
2020-07-24,Stanislaus,099,539301,10416,7861,12,7873,82
2020-07-24,Sutter,101,95872,741,593,0,593,2
2020-07-24,Tehama,103,63373,245,170,2,172,1
2020-07-24,Trinity,105,12862,25,3,6,9,0
2020-07-24,Tulare,107,460477,10285,8167,28,8195,167
2020-07-24,Tuolumne,109,53932,140,99,4,103,0
2020-07-24,Ventura,111,848112,8087,6553,27,6580,60
2020-07-24,Yolo,113,214977,1700,1329,3,1332,35
2020-07-24,Yuba,115,75493,410,307,0,307,1
2020-07-23,Alameda,001,1643700,12322,9924,37,9961,171
2020-07-23,Alpine,002,1148,2,2,0,2,0
2020-07-23,Amador,005,37829,120,61,0,61,0
2020-07-23,Butte,007,227075,1004,726,30,756,5
2020-07-23,Calaveras,009,45235,117,102,0,102,0
2020-07-23,Colusa,011,21464,329,242,0,242,2
2020-07-23,Contra Costa,013,1133247,8953,6619,25,6644,98
2020-07-23,Del Norte,015,27424,84,66,0,66,0
2020-07-23,El Dorado,017,186661,703,491,6,497,1
2020-07-23,Fresno,019,978130,19466,12164,165,12329,112
2020-07-23,Glenn,021,27897,344,246,0,246,1
2020-07-23,Humboldt,023,135768,240,208,1,209,4
2020-07-23,Imperial,025,180216,9997,7604,5,7609,138
2020-07-23,Inyo,027,18085,53,38,1,39,1
2020-07-23,Kern,029,883053,22146,14491,110,14601,128
2020-07-23,Kings,031,150075,4182,3371,20,3391,39
2020-07-23,Lake,033,64148,200,160,0,160,1
2020-07-23,Lassen,035,31185,571,503,2,505,0
2020-07-23,Los Angeles,037,10098052,186922,167198,423,167621,4265
2020-07-23,Madera,039,155013,2407,1659,4,1663,13
2020-07-23,Marin,041,260295,5056,4423,5,4428,22
2020-07-23,Mariposa,043,17540,55,40,0,40,1
2020-07-23,Mendocino,045,87422,250,178,0,178,0
2020-07-23,Merced,047,269075,4903,2972,1,2973,22
2020-07-23,Modoc,049,8938,3,0,0,0,0
2020-07-23,Mono,051,14174,131,82,2,84,1
2020-07-23,Monterey,053,433212,4667,3655,9,3664,21
2020-07-23,Napa,055,140530,1023,713,0,713,5
2020-07-23,Nevada,057,99092,314,247,13,260,1
2020-07-23,Orange,059,3164182,40619,32863,678,33541,544
2020-07-23,Placer,061,380077,2004,1519,3,1522,12
2020-07-23,Plumas,063,18699,32,21,0,21,0
2020-07-23,Riverside,065,2383286,41197,33833,40,33873,630
2020-07-23,Sacramento,067,1510023,11123,8222,11,8233,108
2020-07-23,San Benito,069,59416,618,478,0,478,2
2020-07-23,San Bernardino,071,2135413,36399,28121,135,28256,369
2020-07-23,San Diego,073,3302833,29956,25109,3,25112,505
2020-07-23,San Francisco,075,870044,6652,5543,6,5549,55
2020-07-23,San Joaquin,077,732212,13028,9861,5,9866,111
2020-07-23,San Luis Obispo,079,281455,1911,1438,7,1445,7
2020-07-23,San Mateo,081,765935,5874,4895,7,4902,113
2020-07-23,Santa Barbara,083,443738,6290,5628,58,5686,30
2020-07-23,Santa Clara,085,1922200,11407,8458,28,8486,165
2020-07-23,Santa Cruz,087,273765,1143,887,7,894,3
2020-07-23,Shasta,089,179085,427,254,1,255,9
2020-07-23,Sierra,091,2930,2,1,0,1,0
2020-07-23,Siskiyou,093,43540,82,53,0,53,0
2020-07-23,Solano,095,438530,3883,2962,11,2973,29
2020-07-23,Sonoma,097,501317,3229,2289,6,2295,18
2020-07-23,Stanislaus,099,539301,10174,7603,12,7615,71
2020-07-23,Sutter,101,95872,708,570,0,570,2
2020-07-23,Tehama,103,63373,239,158,2,160,1
2020-07-23,Trinity,105,12862,24,3,6,9,0
2020-07-23,Tulare,107,460477,10096,7898,28,7926,168
2020-07-23,Tuolumne,109,53932,140,93,4,97,0
2020-07-23,Ventura,111,848112,7963,6303,27,6330,56
2020-07-23,Yolo,113,214977,1682,1279,3,1282,35
2020-07-23,Yuba,115,75493,390,297,0,297,1
2020-07-22,Alameda,001,1643700,12105,9678,36,9714,169
2020-07-22,Alpine,002,1148,2,2,0,2,0
2020-07-22,Amador,005,37829,118,58,0,58,0
2020-07-22,Butte,007,227075,968,694,30,724,5
2020-07-22,Calaveras,009,45235,117,98,0,98,0
2020-07-22,Colusa,011,21464,322,236,0,236,0
2020-07-22,Contra Costa,013,1133247,8727,6401,25,6426,98
2020-07-22,Del Norte,015,27424,84,66,0,66,0
2020-07-22,El Dorado,017,186661,690,466,6,472,1
2020-07-22,Fresno,019,978130,19102,11756,159,11915,110
2020-07-22,Glenn,021,27897,338,236,0,236,1
2020-07-22,Humboldt,023,135768,238,201,1,202,4
2020-07-22,Imperial,025,180216,9938,7533,5,7538,134
2020-07-22,Inyo,027,18085,49,38,1,39,1
2020-07-22,Kern,029,883053,21714,13513,102,13615,127
2020-07-22,Kings,031,150075,4126,3271,20,3291,38
2020-07-22,Lake,033,64148,197,160,0,160,1
2020-07-22,Lassen,035,31185,568,500,2,502,0
2020-07-22,Los Angeles,037,10098052,184271,165242,402,165644,4218
2020-07-22,Madera,039,155013,2332,1578,4,1582,10
2020-07-22,Marin,041,260295,5000,4373,5,4378,23
2020-07-22,Mariposa,043,17540,55,38,0,38,1
2020-07-22,Mendocino,045,87422,243,166,0,166,0
2020-07-22,Merced,047,269075,4777,2828,1,2829,15
2020-07-22,Modoc,049,8938,3,0,0,0,0
2020-07-22,Mono,051,14174,128,82,2,84,1
2020-07-22,Monterey,053,433212,4566,3533,9,3542,20
2020-07-22,Napa,055,140530,1001,687,0,687,5
2020-07-22,Nevada,057,99092,308,239,12,251,1
2020-07-22,Orange,059,3164182,40120,32047,669,32716,522
2020-07-22,Placer,061,380077,1948,1469,3,1472,12
2020-07-22,Plumas,063,18699,31,20,0,20,0
2020-07-22,Riverside,065,2383286,40561,33093,40,33133,612
2020-07-22,Sacramento,067,1510023,10861,8028,11,8039,106
2020-07-22,San Benito,069,59416,604,465,0,465,2
2020-07-22,San Bernardino,071,2135413,35877,26820,124,26944,348
2020-07-22,San Diego,073,3302833,29568,25109,2,25111,505
2020-07-22,San Francisco,075,870044,6548,5473,5,5478,53
2020-07-22,San Joaquin,077,732212,12750,9628,5,9633,102
2020-07-22,San Luis Obispo,079,281455,1865,1373,7,1380,7
2020-07-22,San Mateo,081,765935,5785,4796,7,4803,112
2020-07-22,Santa Barbara,083,443738,6206,5508,56,5564,29
2020-07-22,Santa Clara,085,1922200,11164,8266,28,8294,166
2020-07-22,Santa Cruz,087,273765,1119,866,7,873,3
2020-07-22,Shasta,089,179085,417,246,1,247,9
2020-07-22,Sierra,091,2930,1,1,0,1,0
2020-07-22,Siskiyou,093,43540,81,52,0,52,0
2020-07-22,Solano,095,438530,3822,2839,10,2849,29
2020-07-22,Sonoma,097,501317,3152,2255,6,2261,17
2020-07-22,Stanislaus,099,539301,10003,7401,12,7413,71
2020-07-22,Sutter,101,95872,684,551,0,551,2
2020-07-22,Tehama,103,63373,231,155,2,157,1
2020-07-22,Trinity,105,12862,23,3,6,9,0
2020-07-22,Tulare,107,460477,9863,7640,28,7668,167
2020-07-22,Tuolumne,109,53932,136,91,4,95,0
2020-07-22,Ventura,111,848112,7835,6223,25,6248,56
2020-07-22,Yolo,113,214977,1640,1233,3,1236,34
2020-07-22,Yuba,115,75493,375,288,0,288,1
2020-07-21,Alameda,001,1643700,11891,9390,36,9426,166
2020-07-21,Alpine,002,1148,2,2,0,2,0
2020-07-21,Amador,005,37829,113,55,0,55,0
2020-07-21,Butte,007,227075,923,659,29,688,5
2020-07-21,Calaveras,009,45235,111,96,0,96,0
2020-07-21,Colusa,011,21464,298,227,0,227,0
2020-07-21,Contra Costa,013,1133247,8485,6210,25,6235,98
2020-07-21,Del Norte,015,27424,84,66,0,66,0
2020-07-21,El Dorado,017,186661,682,440,6,446,1
2020-07-21,Fresno,019,978130,18702,11412,153,11565,107
2020-07-21,Glenn,021,27897,331,229,0,229,1
2020-07-21,Humboldt,023,135768,236,198,1,199,4
2020-07-21,Imperial,025,180216,9888,7458,5,7463,128
2020-07-21,Inyo,027,18085,48,38,1,39,1
2020-07-21,Kern,029,883053,21292,11998,96,12094,119
2020-07-21,Kings,031,150075,4061,3187,19,3206,38
2020-07-21,Lake,033,64148,197,157,0,157,1
2020-07-21,Lassen,035,31185,566,474,2,476,0
2020-07-21,Los Angeles,037,10098052,181283,162205,378,162583,4159
2020-07-21,Madera,039,155013,2267,1508,3,1511,10
2020-07-21,Marin,041,260295,4928,4318,5,4323,21
2020-07-21,Mariposa,043,17540,54,37,0,37,1
2020-07-21,Mendocino,045,87422,232,160,0,160,0
2020-07-21,Merced,047,269075,4596,2725,1,2726,15
2020-07-21,Modoc,049,8938,3,0,0,0,0
2020-07-21,Mono,051,14174,124,79,2,81,1
2020-07-21,Monterey,053,433212,4434,3404,8,3412,20
2020-07-21,Napa,055,140530,974,660,0,660,5
2020-07-21,Nevada,057,99092,306,228,10,238,1
2020-07-21,Orange,059,3164182,39624,31356,637,31993,515
2020-07-21,Placer,061,380077,1907,1413,3,1416,11
2020-07-21,Plumas,063,18699,31,19,0,19,0
2020-07-21,Riverside,065,2383286,39859,32231,40,32271,583
2020-07-21,Sacramento,067,1510023,10589,7789,10,7799,102
2020-07-21,San Benito,069,59416,593,444,0,444,2
2020-07-21,San Bernardino,071,2135413,35230,25323,117,25440,343
2020-07-21,San Diego,073,3302833,29119,24522,2,24524,487
2020-07-21,San Francisco,075,870044,6439,5377,5,5382,53
2020-07-21,San Joaquin,077,732212,12422,9150,5,9155,99
2020-07-21,San Luis Obispo,079,281455,1816,1338,7,1345,7
2020-07-21,San Mateo,081,765935,5693,4733,7,4740,111
2020-07-21,Santa Barbara,083,443738,6126,5422,55,5477,29
2020-07-21,Santa Clara,085,1922200,10901,7989,28,8017,164
2020-07-21,Santa Cruz,087,273765,1086,835,7,842,3
2020-07-21,Shasta,089,179085,409,241,1,242,9
2020-07-21,Sierra,091,2930,1,1,0,1,0
2020-07-21,Siskiyou,093,43540,81,48,0,48,0
2020-07-21,Solano,095,438530,3750,2727,10,2737,27
2020-07-21,Sonoma,097,501317,3095,2200,6,2206,17
2020-07-21,Stanislaus,099,539301,9740,6984,12,6996,69
2020-07-21,Sutter,101,95872,668,533,0,533,2
2020-07-21,Tehama,103,63373,221,150,2,152,1
2020-07-21,Trinity,105,12862,23,2,6,8,0
2020-07-21,Tulare,107,460477,9661,7447,28,7475,167
2020-07-21,Tuolumne,109,53932,134,75,4,79,0
2020-07-21,Ventura,111,848112,7703,6131,25,6156,55
2020-07-21,Yolo,113,214977,1586,1204,3,1207,34
2020-07-21,Yuba,115,75493,369,269,0,269,1
2020-07-20,Alameda,001,1643700,11636,9244,35,9279,162
2020-07-20,Alpine,002,1148,2,2,0,2,0
2020-07-20,Amador,005,37829,110,53,0,53,0
2020-07-20,Butte,007,227075,886,586,29,615,4
2020-07-20,Calaveras,009,45235,108,90,0,90,0
2020-07-20,Colusa,011,21464,287,217,0,217,0
2020-07-20,Contra Costa,013,1133247,8277,5823,25,5848,97
2020-07-20,Del Norte,015,27424,84,61,0,61,0
2020-07-20,El Dorado,017,186661,659,407,6,413,0
2020-07-20,Fresno,019,978130,18259,10891,152,11043,106
2020-07-20,Glenn,021,27897,323,225,0,225,1
2020-07-20,Humboldt,023,135768,229,194,1,195,4
2020-07-20,Imperial,025,180216,9847,7337,5,7342,124
2020-07-20,Inyo,027,18085,46,38,1,39,1
2020-07-20,Kern,029,883053,20782,10908,92,11000,118
2020-07-20,Kings,031,150075,4011,3093,19,3112,37
2020-07-20,Lake,033,64148,194,147,0,147,1
2020-07-20,Lassen,035,31185,564,474,2,476,0
2020-07-20,Los Angeles,037,10098052,178320,159202,351,159553,4108
2020-07-20,Madera,039,155013,2192,1433,3,1436,10
2020-07-20,Marin,041,260295,4845,4255,5,4260,21
2020-07-20,Mariposa,043,17540,53,36,0,36,1
2020-07-20,Mendocino,045,87422,219,153,0,153,0
2020-07-20,Merced,047,269075,4424,2584,1,2585,15
2020-07-20,Modoc,049,8938,3,0,0,0,0
2020-07-20,Mono,051,14174,118,78,2,80,1
2020-07-20,Monterey,053,433212,4328,3205,8,3213,19
2020-07-20,Napa,055,140530,939,632,0,632,5
2020-07-20,Nevada,057,99092,298,218,10,228,1
2020-07-20,Orange,059,3164182,39014,30337,607,30944,507
2020-07-20,Placer,061,380077,1856,1364,3,1367,11
2020-07-20,Plumas,063,18699,30,17,0,17,0
2020-07-20,Riverside,065,2383286,39027,31163,40,31203,581
2020-07-20,Sacramento,067,1510023,10261,7369,10,7379,99
2020-07-20,San Benito,069,59416,575,433,0,433,2
2020-07-20,San Bernardino,071,2135413,34422,24226,113,24339,338
2020-07-20,San Diego,073,3302833,28677,24137,2,24139,478
2020-07-20,San Francisco,075,870044,6318,5090,5,5095,53
2020-07-20,San Joaquin,077,732212,12066,8583,5,8588,97
2020-07-20,San Luis Obispo,079,281455,1774,1282,7,1289,6
2020-07-20,San Mateo,081,765935,5593,4609,7,4616,111
2020-07-20,Santa Barbara,083,443738,6016,5266,53,5319,29
2020-07-20,Santa Clara,085,1922200,10673,7711,27,7738,164
2020-07-20,Santa Cruz,087,273765,1054,758,7,765,3
2020-07-20,Shasta,089,179085,394,233,1,234,9
2020-07-20,Sierra,091,2930,1,1,0,1,0
2020-07-20,Siskiyou,093,43540,77,42,0,42,0
2020-07-20,Solano,095,438530,3667,2537,10,2547,26
2020-07-20,Sonoma,097,501317,2989,2148,6,2154,17
2020-07-20,Stanislaus,099,539301,9456,6835,12,6847,58
2020-07-20,Sutter,101,95872,635,507,0,507,2
2020-07-20,Tehama,103,63373,211,146,2,148,1
2020-07-20,Trinity,105,12862,23,2,6,8,0
2020-07-20,Tulare,107,460477,9427,6974,28,7002,166
2020-07-20,Tuolumne,109,53932,133,75,4,79,0
2020-07-20,Ventura,111,848112,7569,5912,25,5937,52
2020-07-20,Yolo,113,214977,1545,1155,3,1158,30
2020-07-20,Yuba,115,75493,349,258,0,258,1
2020-07-19,Alameda,001,1643700,11395,9227,29,9256,162
2020-07-19,Alpine,002,1148,2,2,0,2,0
2020-07-19,Amador,005,37829,103,51,0,51,0
2020-07-19,Butte,007,227075,861,555,25,580,4
2020-07-19,Calaveras,009,45235,106,89,0,89,0
2020-07-19,Colusa,011,21464,279,187,0,187,0
2020-07-19,Contra Costa,013,1133247,7986,5691,23,5714,95
2020-07-19,Del Norte,015,27424,83,61,0,61,0
2020-07-19,El Dorado,017,186661,641,385,6,391,0
2020-07-19,Fresno,019,978130,17736,10639,140,10779,106
2020-07-19,Glenn,021,27897,309,215,0,215,0
2020-07-19,Humboldt,023,135768,221,195,1,196,4
2020-07-19,Imperial,025,180216,9756,7280,5,7285,124
2020-07-19,Inyo,027,18085,42,38,1,39,1
2020-07-19,Kern,029,883053,20165,10094,84,10178,115
2020-07-19,Kings,031,150075,3925,3035,19,3054,37
2020-07-19,Lake,033,64148,189,144,0,144,1
2020-07-19,Lassen,035,31185,545,474,2,476,0
2020-07-19,Los Angeles,037,10098052,174874,156039,328,156367,4100
2020-07-19,Madera,039,155013,2115,1301,3,1304,10
2020-07-19,Marin,041,260295,4790,4172,5,4177,21
2020-07-19,Mariposa,043,17540,49,35,0,35,1
2020-07-19,Mendocino,045,87422,214,137,0,137,0
2020-07-19,Merced,047,269075,4216,2460,1,2461,15
2020-07-19,Modoc,049,8938,3,0,0,0,0
2020-07-19,Mono,051,14174,107,63,2,65,1
2020-07-19,Monterey,053,433212,4209,3079,8,3087,18
2020-07-19,Napa,055,140530,910,612,0,612,5
2020-07-19,Nevada,057,99092,292,210,10,220,1
2020-07-19,Orange,059,3164182,38450,29941,594,30535,505
2020-07-19,Placer,061,380077,1809,1246,3,1249,11
2020-07-19,Plumas,063,18699,30,17,0,17,0
2020-07-19,Riverside,065,2383286,38322,30340,40,30380,581
2020-07-19,Sacramento,067,1510023,9868,6985,10,6995,97
2020-07-19,San Benito,069,59416,559,412,0,412,2
2020-07-19,San Bernardino,071,2135413,33649,23928,101,24029,337
2020-07-19,San Diego,073,3302833,28176,23684,2,23686,478
2020-07-19,San Francisco,075,870044,6172,5094,5,5099,52
2020-07-19,San Joaquin,077,732212,11659,8308,5,8313,93
2020-07-19,San Luis Obispo,079,281455,1730,1262,7,1269,6
2020-07-19,San Mateo,081,765935,5489,4522,7,4529,110
2020-07-19,Santa Barbara,083,443738,5914,5145,50,5195,29
2020-07-19,Santa Clara,085,1922200,10429,7403,27,7430,164
2020-07-19,Santa Cruz,087,273765,1010,753,7,760,3
2020-07-19,Shasta,089,179085,381,218,1,219,9
2020-07-19,Sierra,091,2930,1,1,0,1,0
2020-07-19,Siskiyou,093,43540,75,42,0,42,0
2020-07-19,Solano,095,438530,3562,2551,10,2561,26
2020-07-19,Sonoma,097,501317,2889,2074,6,2080,17
2020-07-19,Stanislaus,099,539301,9160,6508,12,6520,58
2020-07-19,Sutter,101,95872,604,480,0,480,2
2020-07-19,Tehama,103,63373,207,138,2,140,1
2020-07-19,Trinity,105,12862,23,2,6,8,0
2020-07-19,Tulare,107,460477,9179,6856,28,6884,166
2020-07-19,Tuolumne,109,53932,128,75,4,79,0
2020-07-19,Ventura,111,848112,7379,5706,25,5731,52
2020-07-19,Yolo,113,214977,1505,1127,3,1130,30
2020-07-19,Yuba,115,75493,329,240,0,240,1
2020-07-18,Alameda,001,1643700,11258,9089,28,9117,162
2020-07-18,Alpine,002,1148,2,2,0,2,0
2020-07-18,Amador,005,37829,99,49,0,49,0
2020-07-18,Butte,007,227075,852,551,24,575,4
2020-07-18,Calaveras,009,45235,102,89,0,89,0
2020-07-18,Colusa,011,21464,274,182,0,182,0
2020-07-18,Contra Costa,013,1133247,7852,5617,23,5640,95
2020-07-18,Del Norte,015,27424,83,61,0,61,0
2020-07-18,El Dorado,017,186661,638,385,6,391,0
2020-07-18,Fresno,019,978130,17487,10381,138,10519,106
2020-07-18,Glenn,021,27897,303,212,0,212,0
2020-07-18,Humboldt,023,135768,218,189,1,190,4
2020-07-18,Imperial,025,180216,9726,7268,5,7273,124
2020-07-18,Inyo,027,18085,42,38,1,39,1
2020-07-18,Kern,029,883053,19862,9250,81,9331,114
2020-07-18,Kings,031,150075,3885,2996,18,3014,37
2020-07-18,Lake,033,64148,186,142,0,142,1
2020-07-18,Lassen,035,31185,544,474,2,476,0
2020-07-18,Los Angeles,037,10098052,173428,153265,318,153583,4088
2020-07-18,Madera,039,155013,2069,1260,3,1263,9
2020-07-18,Marin,041,260295,4761,4089,5,4094,21
2020-07-18,Mariposa,043,17540,49,35,0,35,1
2020-07-18,Mendocino,045,87422,208,137,0,137,0
2020-07-18,Merced,047,269075,4099,2424,1,2425,15
2020-07-18,Modoc,049,8938,3,0,0,0,0
2020-07-18,Mono,051,14174,105,54,2,56,1
2020-07-18,Monterey,053,433212,4141,3020,8,3028,17
2020-07-18,Napa,055,140530,899,609,0,609,5
2020-07-18,Nevada,057,99092,288,204,9,213,1
2020-07-18,Orange,059,3164182,38131,29603,574,30177,493
2020-07-18,Placer,061,380077,1786,1233,3,1236,11
2020-07-18,Plumas,063,18699,30,17,0,17,0
2020-07-18,Riverside,065,2383286,37968,30245,39,30284,581
2020-07-18,Sacramento,067,1510023,9623,6739,10,6749,95
2020-07-18,San Benito,069,59416,544,407,0,407,2
2020-07-18,San Bernardino,071,2135413,33189,23680,94,23774,336
2020-07-18,San Diego,073,3302833,27873,23116,2,23118,478
2020-07-18,San Francisco,075,870044,6070,5051,5,5056,52
2020-07-18,San Joaquin,077,732212,11446,8118,5,8123,93
2020-07-18,San Luis Obispo,079,281455,1695,1234,7,1241,6
2020-07-18,San Mateo,081,765935,5429,4488,7,4495,110
2020-07-18,Santa Barbara,083,443738,5854,5110,48,5158,29
2020-07-18,Santa Clara,085,1922200,10280,7255,26,7281,164
2020-07-18,Santa Cruz,087,273765,993,751,7,758,3
2020-07-18,Shasta,089,179085,372,216,1,217,9
2020-07-18,Sierra,091,2930,1,1,0,1,0
2020-07-18,Siskiyou,093,43540,71,42,0,42,0
2020-07-18,Solano,095,438530,3521,2503,10,2513,26
2020-07-18,Sonoma,097,501317,2838,2019,6,2025,15
2020-07-18,Stanislaus,099,539301,9025,6344,12,6356,58
2020-07-18,Sutter,101,95872,598,473,0,473,2
2020-07-18,Tehama,103,63373,202,136,2,138,1
2020-07-18,Trinity,105,12862,23,2,6,8,0
2020-07-18,Tulare,107,460477,9088,6810,27,6837,167
2020-07-18,Tuolumne,109,53932,125,75,4,79,0
2020-07-18,Ventura,111,848112,7297,5630,25,5655,52
2020-07-18,Yolo,113,214977,1477,1077,3,1080,30
2020-07-18,Yuba,115,75493,318,237,0,237,1
2020-07-17,Alameda,001,1643700,11116,8893,27,8920,160
2020-07-17,Alpine,002,1148,2,1,0,1,0
2020-07-17,Amador,005,37829,97,48,0,48,0
2020-07-17,Butte,007,227075,838,497,24,521,4
2020-07-17,Calaveras,009,45235,99,86,0,86,0
2020-07-17,Colusa,011,21464,272,146,0,146,0
2020-07-17,Contra Costa,013,1133247,7704,5483,23,5506,93
2020-07-17,Del Norte,015,27424,82,60,0,60,0
2020-07-17,El Dorado,017,186661,622,368,6,374,0
2020-07-17,Fresno,019,978130,17191,9954,138,10092,104
2020-07-17,Glenn,021,27897,296,203,0,203,0
2020-07-17,Humboldt,023,135768,217,185,1,186,4
2020-07-17,Imperial,025,180216,9704,7193,5,7198,120
2020-07-17,Inyo,027,18085,42,38,1,39,1
2020-07-17,Kern,029,883053,19542,8291,80,8371,113
2020-07-17,Kings,031,150075,3846,2978,18,2996,37
2020-07-17,Lake,033,64148,184,139,0,139,1
2020-07-17,Lassen,035,31185,525,391,2,393,0
2020-07-17,Los Angeles,037,10098052,171055,150481,305,150786,4052
2020-07-17,Madera,039,155013,2025,1214,3,1217,9
2020-07-17,Marin,041,260295,4724,3839,5,3844,21
2020-07-17,Mariposa,043,17540,47,35,0,35,1
2020-07-17,Mendocino,045,87422,200,126,0,126,0
2020-07-17,Merced,047,269075,4025,2328,1,2329,12
2020-07-17,Modoc,049,8938,2,0,0,0,0
2020-07-17,Mono,051,14174,100,54,2,56,1
2020-07-17,Monterey,053,433212,4012,2922,8,2930,18
2020-07-17,Napa,055,140530,885,598,0,598,5
2020-07-17,Nevada,057,99092,281,200,9,209,1
2020-07-17,Orange,059,3164182,37668,28962,541,29503,485
2020-07-17,Placer,061,380077,1757,1207,3,1210,11
2020-07-17,Plumas,063,18699,27,16,0,16,0
2020-07-17,Riverside,065,2383286,37368,29639,39,29678,580
2020-07-17,Sacramento,067,1510023,9379,6563,10,6573,95
2020-07-17,San Benito,069,59416,529,399,0,399,2
2020-07-17,San Bernardino,071,2135413,32670,23057,91,23148,322
2020-07-17,San Diego,073,3302833,27485,22491,2,22493,472
2020-07-17,San Francisco,075,870044,5976,4967,5,4972,52
2020-07-17,San Joaquin,077,732212,11202,7925,5,7930,86
2020-07-17,San Luis Obispo,079,281455,1658,1190,7,1197,6
2020-07-17,San Mateo,081,765935,5332,4407,7,4414,110
2020-07-17,Santa Barbara,083,443738,5782,5001,47,5048,29
2020-07-17,Santa Clara,085,1922200,10062,7080,26,7106,164
2020-07-17,Santa Cruz,087,273765,971,716,7,723,3
2020-07-17,Shasta,089,179085,360,213,1,214,8
2020-07-17,Sierra,091,2930,1,1,0,1,0
2020-07-17,Siskiyou,093,43540,70,40,0,40,0
2020-07-17,Solano,095,438530,3472,2452,10,2462,26
2020-07-17,Sonoma,097,501317,2789,1982,6,1988,15
2020-07-17,Stanislaus,099,539301,8851,6220,12,6232,56
2020-07-17,Sutter,101,95872,585,458,0,458,2
2020-07-17,Tehama,103,63373,198,128,2,130,1
2020-07-17,Trinity,105,12862,23,2,6,8,0
2020-07-17,Tulare,107,460477,8952,6671,27,6698,166
2020-07-17,Tuolumne,109,53932,124,73,4,77,0
2020-07-17,Ventura,111,848112,7214,5451,25,5476,51
2020-07-17,Yolo,113,214977,1453,1055,3,1058,30
2020-07-17,Yuba,115,75493,308,231,0,231,1
2020-07-16,Alameda,001,1643700,10883,8719,22,8741,153
2020-07-16,Alpine,002,1148,2,1,0,1,0
2020-07-16,Amador,005,37829,94,46,0,46,0
2020-07-16,Butte,007,227075,801,465,23,488,4
2020-07-16,Calaveras,009,45235,97,82,0,82,0
2020-07-16,Colusa,011,21464,263,140,0,140,0
2020-07-16,Contra Costa,013,1133247,7492,5338,17,5355,91
2020-07-16,Del Norte,015,27424,82,60,0,60,0
2020-07-16,El Dorado,017,186661,605,357,6,363,0
2020-07-16,Fresno,019,978130,16680,9481,129,9610,101
2020-07-16,Glenn,021,27897,287,190,0,190,0
2020-07-16,Humboldt,023,135768,215,184,1,185,4
2020-07-16,Imperial,025,180216,9610,7148,5,7153,113
2020-07-16,Inyo,027,18085,42,38,1,39,1
2020-07-16,Kern,029,883053,19020,7435,78,7513,112
2020-07-16,Kings,031,150075,3680,2937,18,2955,37
2020-07-16,Lake,033,64148,179,128,0,128,1
2020-07-16,Lassen,035,31185,524,355,2,357,0
2020-07-16,Los Angeles,037,10098052,167833,147759,280,148039,3994
2020-07-16,Madera,039,155013,1961,1192,3,1195,8
2020-07-16,Marin,041,260295,4651,3546,5,3551,21
2020-07-16,Mariposa,043,17540,45,34,0,34,1
2020-07-16,Mendocino,045,87422,195,121,0,121,0
2020-07-16,Merced,047,269075,3864,2228,1,2229,12
2020-07-16,Modoc,049,8938,1,0,0,0,0
2020-07-16,Mono,051,14174,97,53,2,55,1
2020-07-16,Monterey,053,433212,3907,2857,7,2864,18
2020-07-16,Napa,055,140530,856,581,0,581,5
2020-07-16,Nevada,057,99092,278,191,9,200,1
2020-07-16,Orange,059,3164182,36965,28525,505,29030,471
2020-07-16,Placer,061,380077,1709,1168,3,1171,11
2020-07-16,Plumas,063,18699,25,16,0,16,0
2020-07-16,Riverside,065,2383286,36621,28904,37,28941,577
2020-07-16,Sacramento,067,1510023,9066,6440,9,6449,91
2020-07-16,San Benito,069,59416,512,389,0,389,2
2020-07-16,San Bernardino,071,2135413,31809,22355,73,22428,321
2020-07-16,San Diego,073,3302833,26998,21857,2,21859,465
2020-07-16,San Francisco,075,870044,5835,4838,5,4843,52
2020-07-16,San Joaquin,077,732212,10839,7713,5,7718,82
2020-07-16,San Luis Obispo,079,281455,1614,1146,7,1153,6
2020-07-16,San Mateo,081,765935,5228,4336,7,4343,110
2020-07-16,Santa Barbara,083,443738,5687,4872,46,4918,28
2020-07-16,Santa Clara,085,1922200,9782,6990,24,7014,164
2020-07-16,Santa Cruz,087,273765,930,698,7,705,3
2020-07-16,Shasta,089,179085,345,208,1,209,7
2020-07-16,Sierra,091,2930,1,1,0,1,0
2020-07-16,Siskiyou,093,43540,67,39,0,39,0
2020-07-16,Solano,095,438530,3378,2372,10,2382,25
2020-07-16,Sonoma,097,501317,2699,1954,6,1960,14
2020-07-16,Stanislaus,099,539301,8568,6077,11,6088,56
2020-07-16,Sutter,101,95872,569,444,0,444,2
2020-07-16,Tehama,103,63373,188,126,2,128,1
2020-07-16,Trinity,105,12862,23,2,5,7,0
2020-07-16,Tulare,107,460477,8738,6467,26,6493,163
2020-07-16,Tuolumne,109,53932,117,71,4,75,0
2020-07-16,Ventura,111,848112,7052,5231,25,5256,50
2020-07-16,Yolo,113,214977,1411,1034,3,1037,29
2020-07-16,Yuba,115,75493,290,221,0,221,1
2020-07-15,Alameda,001,1643700,10678,8615,17,8632,153
2020-07-15,Alpine,002,1148,2,1,0,1,0
2020-07-15,Amador,005,37829,73,44,0,44,0
2020-07-15,Butte,007,227075,759,420,23,443,4
2020-07-15,Calaveras,009,45235,97,75,0,75,0
2020-07-15,Colusa,011,21464,258,135,0,135,0
2020-07-15,Contra Costa,013,1133247,7261,5246,17,5263,90
2020-07-15,Del Norte,015,27424,81,60,0,60,0
2020-07-15,El Dorado,017,186661,581,339,6,345,0
2020-07-15,Fresno,019,978130,16208,9124,123,9247,101
2020-07-15,Glenn,021,27897,278,184,0,184,0
2020-07-15,Humboldt,023,135768,213,181,1,182,4
2020-07-15,Imperial,025,180216,9543,7110,5,7115,110
2020-07-15,Inyo,027,18085,42,36,1,37,1
2020-07-15,Kern,029,883053,18400,7155,74,7229,108
2020-07-15,Kings,031,150075,3618,2906,18,2924,37
2020-07-15,Lake,033,64148,177,122,0,122,1
2020-07-15,Lassen,035,31185,520,319,2,321,0
2020-07-15,Los Angeles,037,10098052,164365,143343,265,143608,3946
2020-07-15,Madera,039,155013,1892,1147,3,1150,4
2020-07-15,Marin,041,260295,4596,3458,5,3463,21
2020-07-15,Mariposa,043,17540,45,34,0,34,1
2020-07-15,Mendocino,045,87422,192,119,0,119,0
2020-07-15,Merced,047,269075,3718,2156,1,2157,12
2020-07-15,Modoc,049,8938,1,0,0,0,0
2020-07-15,Mono,051,14174,95,52,2,54,1
2020-07-15,Monterey,053,433212,3795,2780,7,2787,18
2020-07-15,Napa,055,140530,830,573,0,573,5
2020-07-15,Nevada,057,99092,274,185,7,192,1
2020-07-15,Orange,059,3164182,36166,27718,471,28189,454
2020-07-15,Placer,061,380077,1651,1145,3,1148,11
2020-07-15,Plumas,063,18699,25,16,0,16,0
2020-07-15,Riverside,065,2383286,35839,28492,35,28527,568
2020-07-15,Sacramento,067,1510023,8686,6217,9,6226,91
2020-07-15,San Benito,069,59416,503,388,0,388,2
2020-07-15,San Bernardino,071,2135413,31019,21508,57,21565,317
2020-07-15,San Diego,073,3302833,26531,21448,2,21450,448
2020-07-15,San Francisco,075,870044,5721,4757,5,4762,50
2020-07-15,San Joaquin,077,732212,10408,7381,4,7385,75
2020-07-15,San Luis Obispo,079,281455,1571,1097,7,1104,6
2020-07-15,San Mateo,081,765935,5115,4258,7,4265,109
2020-07-15,Santa Barbara,083,443738,5573,4733,46,4779,28
2020-07-15,Santa Clara,085,1922200,9479,6900,24,6924,164
2020-07-15,Santa Cruz,087,273765,894,660,6,666,3
2020-07-15,Shasta,089,179085,336,193,1,194,7
2020-07-15,Sierra,091,2930,1,1,0,1,0
2020-07-15,Siskiyou,093,43540,66,38,0,38,0
2020-07-15,Solano,095,438530,3283,2343,10,2353,25
2020-07-15,Sonoma,097,501317,2601,1920,6,1926,14
2020-07-15,Stanislaus,099,539301,8271,5777,11,5788,56
2020-07-15,Sutter,101,95872,543,433,0,433,2
2020-07-15,Tehama,103,63373,180,126,2,128,1
2020-07-15,Trinity,105,12862,22,2,5,7,0
2020-07-15,Tulare,107,460477,8526,6320,26,6346,156
2020-07-15,Tuolumne,109,53932,110,68,4,72,0
2020-07-15,Ventura,111,848112,6875,5087,25,5112,50
2020-07-15,Yolo,113,214977,1377,1002,3,1005,27
2020-07-15,Yuba,115,75493,278,221,0,221,1
2020-07-14,Alameda,001,1643700,10337,8388,11,8399,151
2020-07-14,Alpine,002,1148,2,1,0,1,0
2020-07-14,Amador,005,37829,69,44,0,44,0
2020-07-14,Butte,007,227075,713,382,23,405,4
2020-07-14,Calaveras,009,45235,95,74,0,74,0
2020-07-14,Colusa,011,21464,248,128,0,128,0
2020-07-14,Contra Costa,013,1133247,7024,5110,15,5125,90
2020-07-14,Del Norte,015,27424,80,60,0,60,0
2020-07-14,El Dorado,017,186661,566,324,6,330,0
2020-07-14,Fresno,019,978130,15785,8941,118,9059,98
2020-07-14,Glenn,021,27897,268,177,0,177,0
2020-07-14,Humboldt,023,135768,210,175,1,176,4
2020-07-14,Imperial,025,180216,9417,7095,5,7100,109
2020-07-14,Inyo,027,18085,42,35,1,36,1
2020-07-14,Kern,029,883053,17641,6979,61,7040,107
2020-07-14,Kings,031,150075,3551,2867,17,2884,37
2020-07-14,Lake,033,64148,171,120,0,120,1
2020-07-14,Lassen,035,31185,503,263,2,265,0
2020-07-14,Los Angeles,037,10098052,161232,140632,236,140868,3900
2020-07-14,Madera,039,155013,1818,1118,3,1121,4
2020-07-14,Marin,041,260295,4482,3451,5,3456,21
2020-07-14,Mariposa,043,17540,41,32,0,32,1
2020-07-14,Mendocino,045,87422,184,110,0,110,0
2020-07-14,Merced,047,269075,3535,2084,1,2085,12
2020-07-14,Modoc,049,8938,1,0,0,0,0
2020-07-14,Mono,051,14174,85,48,2,50,1
2020-07-14,Monterey,053,433212,3682,2724,7,2731,18
2020-07-14,Napa,055,140530,774,557,0,557,4
2020-07-14,Nevada,057,99092,257,180,6,186,1
2020-07-14,Orange,059,3164182,35284,26915,423,27338,432
2020-07-14,Placer,061,380077,1593,1122,3,1125,11
2020-07-14,Plumas,063,18699,24,14,0,14,0
2020-07-14,Riverside,065,2383286,35082,27850,34,27884,547
2020-07-14,Sacramento,067,1510023,8332,5978,9,5987,87
2020-07-14,San Benito,069,59416,484,360,0,360,2
2020-07-14,San Bernardino,071,2135413,30167,20489,47,20536,316
2020-07-14,San Diego,073,3302833,25911,20887,2,20889,436
2020-07-14,San Francisco,075,870044,5570,4659,4,4663,50
2020-07-14,San Joaquin,077,732212,9981,7143,4,7147,75
2020-07-14,San Luis Obispo,079,281455,1533,1060,7,1067,5
2020-07-14,San Mateo,081,765935,5022,4173,7,4180,108
2020-07-14,Santa Barbara,083,443738,5449,4641,44,4685,28
2020-07-14,Santa Clara,085,1922200,9151,6686,21,6707,164
2020-07-14,Santa Cruz,087,273765,855,639,6,645,3
2020-07-14,Shasta,089,179085,327,190,1,191,7
2020-07-14,Sierra,091,2930,1,1,0,1,0
2020-07-14,Siskiyou,093,43540,65,38,0,38,0
2020-07-14,Solano,095,438530,3184,2266,9,2275,25
2020-07-14,Sonoma,097,501317,2508,1866,6,1872,14
2020-07-14,Stanislaus,099,539301,7896,5631,10,5641,53
2020-07-14,Sutter,101,95872,524,405,0,405,2
2020-07-14,Tehama,103,63373,168,123,2,125,1
2020-07-14,Trinity,105,12862,21,2,5,7,0
2020-07-14,Tulare,107,460477,8280,6199,26,6225,156
2020-07-14,Tuolumne,109,53932,105,68,4,72,0
2020-07-14,Ventura,111,848112,6714,4950,25,4975,50
2020-07-14,Yolo,113,214977,1330,966,3,969,27
2020-07-14,Yuba,115,75493,261,210,0,210,1
2020-07-13,Alameda,001,1643700,10028,8115,11,8126,148
2020-07-13,Alpine,002,1148,2,1,0,1,0
2020-07-13,Amador,005,37829,65,42,0,42,0
2020-07-13,Butte,007,227075,677,354,23,377,4
2020-07-13,Calaveras,009,45235,87,63,0,63,0
2020-07-13,Colusa,011,21464,242,116,0,116,0
2020-07-13,Contra Costa,013,1133247,6754,4882,13,4895,88
2020-07-13,Del Norte,015,27424,74,59,0,59,0
2020-07-13,El Dorado,017,186661,535,298,6,304,0
2020-07-13,Fresno,019,978130,15355,8666,113,8779,95
2020-07-13,Glenn,021,27897,261,168,0,168,0
2020-07-13,Humboldt,023,135768,205,174,1,175,4
2020-07-13,Imperial,025,180216,9330,7052,5,7057,109
2020-07-13,Inyo,027,18085,41,35,1,36,1
2020-07-13,Kern,029,883053,16956,6808,55,6863,107
2020-07-13,Kings,031,150075,3500,2824,17,2841,37
2020-07-13,Lake,033,64148,166,118,0,118,1
2020-07-13,Lassen,035,31185,498,237,2,239,0
2020-07-13,Los Angeles,037,10098052,157996,136368,222,136590,3829
2020-07-13,Madera,039,155013,1749,1059,3,1062,4
2020-07-13,Marin,041,260295,4378,3402,5,3407,21
2020-07-13,Mariposa,043,17540,40,31,0,31,1
2020-07-13,Mendocino,045,87422,180,87,0,87,0
2020-07-13,Merced,047,269075,3386,2007,1,2008,12
2020-07-13,Modoc,049,8938,1,0,0,0,0
2020-07-13,Mono,051,14174,81,47,1,48,1
2020-07-13,Monterey,053,433212,3559,2613,5,2618,18
2020-07-13,Napa,055,140530,738,534,0,534,4
2020-07-13,Nevada,057,99092,243,172,6,178,1
2020-07-13,Orange,059,3164182,34418,25978,391,26369,423
2020-07-13,Placer,061,380077,1548,1096,3,1099,11
2020-07-13,Plumas,063,18699,22,14,0,14,0
2020-07-13,Riverside,065,2383286,34155,27136,32,27168,545
2020-07-13,Sacramento,067,1510023,8035,5747,9,5756,85
2020-07-13,San Benito,069,59416,471,343,0,343,2
2020-07-13,San Bernardino,071,2135413,29292,19610,40,19650,313
2020-07-13,San Diego,073,3302833,25344,20348,2,20350,422
2020-07-13,San Francisco,075,870044,5443,4534,3,4537,50
2020-07-13,San Joaquin,077,732212,9566,6927,4,6931,71
2020-07-13,San Luis Obispo,079,281455,1502,989,7,996,5
2020-07-13,San Mateo,081,765935,4891,4057,7,4064,108
2020-07-13,Santa Barbara,083,443738,5335,4441,43,4484,28
2020-07-13,Santa Clara,085,1922200,8828,6488,20,6508,164
2020-07-13,Santa Cruz,087,273765,817,574,6,580,3
2020-07-13,Shasta,089,179085,316,185,1,186,6
2020-07-13,Sierra,091,2930,1,1,0,1,0
2020-07-13,Siskiyou,093,43540,61,37,0,37,0
2020-07-13,Solano,095,438530,3072,2046,9,2055,23
2020-07-13,Sonoma,097,501317,2397,1818,6,1824,14
2020-07-13,Stanislaus,099,539301,7593,5324,9,5333,53
2020-07-13,Sutter,101,95872,486,379,0,379,2
2020-07-13,Tehama,103,63373,155,112,2,114,1
2020-07-13,Trinity,105,12862,21,2,5,7,0
2020-07-13,Tulare,107,460477,8019,5930,24,5954,147
2020-07-13,Tuolumne,109,53932,97,56,4,60,0
2020-07-13,Ventura,111,848112,6524,4800,22,4822,50
2020-07-13,Yolo,113,214977,1285,941,3,944,27
2020-07-13,Yuba,115,75493,246,194,0,194,1
2020-07-12,Alameda,001,1643700,9758,8056,11,8067,148
2020-07-12,Alpine,002,1148,2,1,0,1,0
2020-07-12,Amador,005,37829,55,40,0,40,0
2020-07-12,Butte,007,227075,627,341,22,363,4
2020-07-12,Calaveras,009,45235,87,62,0,62,0
2020-07-12,Colusa,011,21464,208,116,0,116,0
2020-07-12,Contra Costa,013,1133247,6486,4708,11,4719,88
2020-07-12,Del Norte,015,27424,63,59,0,59,0
2020-07-12,El Dorado,017,186661,513,290,6,296,0
2020-07-12,Fresno,019,978130,14932,8407,108,8515,95
2020-07-12,Glenn,021,27897,248,166,0,166,0
2020-07-12,Humboldt,023,135768,201,174,1,175,4
2020-07-12,Imperial,025,180216,9215,6999,5,7004,109
2020-07-12,Inyo,027,18085,39,35,1,36,1
2020-07-12,Kern,029,883053,16213,6662,51,6713,105
2020-07-12,Kings,031,150075,3438,2779,17,2796,34
2020-07-12,Lake,033,64148,157,114,0,114,1
2020-07-12,Lassen,035,31185,491,237,2,239,0
2020-07-12,Los Angeles,037,10098052,154572,133830,193,134023,3816
2020-07-12,Madera,039,155013,1693,1025,3,1028,4
2020-07-12,Marin,041,260295,4302,3358,5,3363,21
2020-07-12,Mariposa,043,17540,39,31,0,31,1
2020-07-12,Mendocino,045,87422,161,88,0,88,0
2020-07-12,Merced,047,269075,3251,1908,1,1909,12
2020-07-12,Modoc,049,8938,1,0,0,0,0
2020-07-12,Mono,051,14174,71,45,1,46,1
2020-07-12,Monterey,053,433212,3444,2521,5,2526,18
2020-07-12,Napa,055,140530,707,519,0,519,4
2020-07-12,Nevada,057,99092,233,166,6,172,1
2020-07-12,Orange,059,3164182,33539,25399,382,25781,422
2020-07-12,Placer,061,380077,1491,1058,3,1061,11
2020-07-12,Plumas,063,18699,21,14,0,14,0
2020-07-12,Riverside,065,2383286,33397,26404,31,26435,542
2020-07-12,Sacramento,067,1510023,7723,5515,7,5522,85
2020-07-12,San Benito,069,59416,456,324,0,324,2
2020-07-12,San Bernardino,071,2135413,28380,19042,36,19078,312
2020-07-12,San Diego,073,3302833,24714,19929,2,19931,422
2020-07-12,San Francisco,075,870044,5294,4535,3,4538,50
2020-07-12,San Joaquin,077,732212,9203,6703,4,6707,71
2020-07-12,San Luis Obispo,079,281455,1455,972,7,979,5
2020-07-12,San Mateo,081,765935,4773,3988,7,3995,108
2020-07-12,Santa Barbara,083,443738,5205,4353,42,4395,28
2020-07-12,Santa Clara,085,1922200,8589,6252,19,6271,164
2020-07-12,Santa Cruz,087,273765,775,573,5,578,3
2020-07-12,Shasta,089,179085,310,173,1,174,6
2020-07-12,Sierra,091,2930,1,1,0,1,0
2020-07-12,Siskiyou,093,43540,59,36,0,36,0
2020-07-12,Solano,095,438530,2947,2037,9,2046,23
2020-07-12,Sonoma,097,501317,2303,1743,6,1749,13
2020-07-12,Stanislaus,099,539301,7289,5177,9,5186,53
2020-07-12,Sutter,101,95872,468,362,0,362,2
2020-07-12,Tehama,103,63373,148,111,2,113,1
2020-07-12,Trinity,105,12862,21,2,5,7,0
2020-07-12,Tulare,107,460477,7763,5864,23,5887,146
2020-07-12,Tuolumne,109,53932,90,52,4,56,0
2020-07-12,Ventura,111,848112,6308,4724,21,4745,50
2020-07-12,Yolo,113,214977,1244,889,3,892,27
2020-07-12,Yuba,115,75493,235,188,0,188,1
2020-07-11,Alameda,001,1643700,9655,7845,11,7856,148
2020-07-11,Alpine,002,1148,2,1,0,1,0
2020-07-11,Amador,005,37829,51,37,0,37,0
2020-07-11,Butte,007,227075,611,325,22,347,4
2020-07-11,Calaveras,009,45235,84,62,0,62,0
2020-07-11,Colusa,011,21464,203,110,0,110,0
2020-07-11,Contra Costa,013,1133247,6371,4650,11,4661,87
2020-07-11,Del Norte,015,27424,63,59,0,59,0
2020-07-11,El Dorado,017,186661,502,283,6,289,0
2020-07-11,Fresno,019,978130,14671,8086,105,8191,95
2020-07-11,Glenn,021,27897,240,161,0,161,0
2020-07-11,Humboldt,023,135768,200,174,1,175,4
2020-07-11,Imperial,025,180216,9176,6884,5,6889,109
2020-07-11,Inyo,027,18085,39,35,1,36,1
2020-07-11,Kern,029,883053,15856,6509,50,6559,103
2020-07-11,Kings,031,150075,3411,2753,17,2770,33
2020-07-11,Lake,033,64148,156,110,0,110,1
2020-07-11,Lassen,035,31185,490,237,2,239,0
2020-07-11,Los Angeles,037,10098052,152854,130479,183,130662,3802
2020-07-11,Madera,039,155013,1652,988,3,991,4
2020-07-11,Marin,041,260295,4274,3191,5,3196,21
2020-07-11,Mariposa,043,17540,39,31,0,31,1
2020-07-11,Mendocino,045,87422,157,88,0,88,0
2020-07-11,Merced,047,269075,3171,1851,1,1852,12
2020-07-11,Modoc,049,8938,1,0,0,0,0
2020-07-11,Mono,051,14174,68,45,1,46,1
2020-07-11,Monterey,053,433212,3355,2376,5,2381,18
2020-07-11,Napa,055,140530,695,509,0,509,4
2020-07-11,Nevada,057,99092,224,163,5,168,1
2020-07-11,Orange,059,3164182,33162,24430,368,24798,422
2020-07-11,Placer,061,380077,1457,1029,3,1032,11
2020-07-11,Plumas,063,18699,21,12,0,12,0
2020-07-11,Riverside,065,2383286,33006,25994,31,26025,538
2020-07-11,Sacramento,067,1510023,7549,5367,7,5374,84
2020-07-11,San Benito,069,59416,441,314,0,314,2
2020-07-11,San Bernardino,071,2135413,27943,18907,34,18941,310
2020-07-11,San Diego,073,3302833,24322,19371,2,19373,422
2020-07-11,San Francisco,075,870044,5198,4430,2,4432,50
2020-07-11,San Joaquin,077,732212,9025,6518,4,6522,72
2020-07-11,San Luis Obispo,079,281455,1407,930,7,937,4
2020-07-11,San Mateo,081,765935,4705,3956,7,3963,108
2020-07-11,Santa Barbara,083,443738,5136,4283,41,4324,28
2020-07-11,Santa Clara,085,1922200,8429,5959,19,5978,164
2020-07-11,Santa Cruz,087,273765,744,571,5,576,3
2020-07-11,Shasta,089,179085,303,168,1,169,6
2020-07-11,Sierra,091,2930,1,1,0,1,0
2020-07-11,Siskiyou,093,43540,59,36,0,36,0
2020-07-11,Solano,095,438530,2906,2034,9,2043,23
2020-07-11,Sonoma,097,501317,2265,1690,6,1696,13
2020-07-11,Stanislaus,099,539301,7149,4911,9,4920,51
2020-07-11,Sutter,101,95872,452,352,0,352,2
2020-07-11,Tehama,103,63373,146,111,2,113,1
2020-07-11,Trinity,105,12862,21,2,5,7,0
2020-07-11,Tulare,107,460477,7657,5780,23,5803,149
2020-07-11,Tuolumne,109,53932,87,50,4,54,0
2020-07-11,Ventura,111,848112,6212,4545,20,4565,49
2020-07-11,Yolo,113,214977,1215,833,3,836,27
2020-07-11,Yuba,115,75493,225,175,0,175,1
2020-07-10,Alameda,001,1643700,9498,7551,11,7562,147
2020-07-10,Alpine,002,1148,2,1,0,1,0
2020-07-10,Amador,005,37829,47,37,0,37,0
2020-07-10,Butte,007,227075,600,318,22,340,4
2020-07-10,Calaveras,009,45235,84,61,0,61,0
2020-07-10,Colusa,011,21464,197,103,0,103,0
2020-07-10,Contra Costa,013,1133247,6232,4482,11,4493,86
2020-07-10,Del Norte,015,27424,63,57,0,57,0
2020-07-10,El Dorado,017,186661,484,266,6,272,0
2020-07-10,Fresno,019,978130,14339,7760,102,7862,93
2020-07-10,Glenn,021,27897,235,157,0,157,0
2020-07-10,Humboldt,023,135768,199,168,1,169,4
2020-07-10,Imperial,025,180216,9130,6878,4,6882,98
2020-07-10,Inyo,027,18085,39,35,1,36,1
2020-07-10,Kern,029,883053,15424,6344,49,6393,102
2020-07-10,Kings,031,150075,3375,2707,17,2724,33
2020-07-10,Lake,033,64148,149,104,0,104,1
2020-07-10,Lassen,035,31185,489,235,2,237,0
2020-07-10,Los Angeles,037,10098052,150431,127503,177,127680,3750
2020-07-10,Madera,039,155013,1606,914,3,917,4
2020-07-10,Marin,041,260295,4211,3101,5,3106,21
2020-07-10,Mariposa,043,17540,38,31,0,31,1
2020-07-10,Mendocino,045,87422,149,88,0,88,0
2020-07-10,Merced,047,269075,3089,1802,1,1803,12
2020-07-10,Modoc,049,8938,1,0,0,0,0
2020-07-10,Mono,051,14174,67,45,1,46,1
2020-07-10,Monterey,053,433212,3277,2285,5,2290,18
2020-07-10,Napa,055,140530,684,496,0,496,4
2020-07-10,Nevada,057,99092,219,161,5,166,1
2020-07-10,Orange,059,3164182,32576,23692,365,24057,416
2020-07-10,Placer,061,380077,1415,1002,3,1005,11
2020-07-10,Plumas,063,18699,19,12,0,12,0
2020-07-10,Riverside,065,2383286,32488,25481,31,25512,533
2020-07-10,Sacramento,067,1510023,7294,5181,7,5188,81
2020-07-10,San Benito,069,59416,432,302,0,302,2
2020-07-10,San Bernardino,071,2135413,27419,18242,31,18273,308
2020-07-10,San Diego,073,3302833,23938,18862,2,18864,420
2020-07-10,San Francisco,075,870044,5107,4305,2,4307,50
2020-07-10,San Joaquin,077,732212,8792,6225,4,6229,67
2020-07-10,San Luis Obispo,079,281455,1369,891,7,898,4
2020-07-10,San Mateo,081,765935,4640,3844,7,3851,107
2020-07-10,Santa Barbara,083,443738,5039,4177,40,4217,28
2020-07-10,Santa Clara,085,1922200,8205,5819,19,5838,164
2020-07-10,Santa Cruz,087,273765,716,540,5,545,3
2020-07-10,Shasta,089,179085,299,158,1,159,6
2020-07-10,Sierra,091,2930,1,1,0,1,0
2020-07-10,Siskiyou,093,43540,59,31,0,31,0
2020-07-10,Solano,095,438530,2859,1950,9,1959,23
2020-07-10,Sonoma,097,501317,2218,1606,5,1611,13
2020-07-10,Stanislaus,099,539301,6979,4781,9,4790,46
2020-07-10,Sutter,101,95872,445,338,0,338,2
2020-07-10,Tehama,103,63373,145,107,2,109,1
2020-07-10,Trinity,105,12862,21,2,5,7,0
2020-07-10,Tulare,107,460477,7520,5677,23,5700,150
2020-07-10,Tuolumne,109,53932,86,49,4,53,0
2020-07-10,Ventura,111,848112,6098,4416,20,4436,48
2020-07-10,Yolo,113,214977,1191,794,3,797,27
2020-07-10,Yuba,115,75493,211,164,0,164,1
2020-07-09,Alameda,001,1643700,9268,7433,11,7444,146
2020-07-09,Alpine,002,1148,2,1,0,1,0
2020-07-09,Amador,005,37829,44,36,0,36,0
2020-07-09,Butte,007,227075,568,295,21,316,4
2020-07-09,Calaveras,009,45235,83,59,0,59,0
2020-07-09,Colusa,011,21464,189,97,0,97,0
2020-07-09,Contra Costa,013,1133247,5991,4388,11,4399,86
2020-07-09,Del Norte,015,27424,63,57,0,57,0
2020-07-09,El Dorado,017,186661,459,255,5,260,0
2020-07-09,Fresno,019,978130,13885,7385,99,7484,90
2020-07-09,Glenn,021,27897,225,150,0,150,0
2020-07-09,Humboldt,023,135768,196,166,1,167,4
2020-07-09,Imperial,025,180216,9032,6778,4,6782,87
2020-07-09,Inyo,027,18085,37,35,1,36,1
2020-07-09,Kern,029,883053,14778,6100,47,6147,95
2020-07-09,Kings,031,150075,3312,2686,17,2703,33
2020-07-09,Lake,033,64148,146,99,0,99,1
2020-07-09,Lassen,035,31185,433,221,2,223,0
2020-07-09,Los Angeles,037,10098052,147172,125062,154,125216,3698
2020-07-09,Madera,039,155013,1529,850,3,853,4
2020-07-09,Marin,041,260295,4061,2975,4,2979,20
2020-07-09,Mariposa,043,17540,38,32,0,32,1
2020-07-09,Mendocino,045,87422,145,88,0,88,0
2020-07-09,Merced,047,269075,2954,1728,1,1729,11
2020-07-09,Modoc,049,8938,1,0,0,0,0
2020-07-09,Mono,051,14174,63,45,1,46,1
2020-07-09,Monterey,053,433212,3152,2223,5,2228,17
2020-07-09,Napa,055,140530,667,468,0,468,4
2020-07-09,Nevada,057,99092,213,156,5,161,1
2020-07-09,Orange,059,3164182,31601,22960,347,23307,407
2020-07-09,Placer,061,380077,1373,982,3,985,11
2020-07-09,Plumas,063,18699,19,12,0,12,0
2020-07-09,Riverside,065,2383286,31595,24980,30,25010,529
2020-07-09,Sacramento,067,1510023,6967,4950,7,4957,81
2020-07-09,San Benito,069,59416,416,295,0,295,2
2020-07-09,San Bernardino,071,2135413,26549,17339,25,17364,307
2020-07-09,San Diego,073,3302833,23346,18404,2,18406,415
2020-07-09,San Francisco,075,870044,4975,4143,2,4145,50
2020-07-09,San Joaquin,077,732212,8433,6004,4,6008,66
2020-07-09,San Luis Obispo,079,281455,1328,869,7,876,3
2020-07-09,San Mateo,081,765935,4514,3792,7,3799,106
2020-07-09,Santa Barbara,083,443738,4907,4068,40,4108,28
2020-07-09,Santa Clara,085,1922200,7944,5638,19,5657,164
2020-07-09,Santa Cruz,087,273765,689,526,5,531,3
2020-07-09,Shasta,089,179085,293,155,1,156,5
2020-07-09,Sierra,091,2930,1,1,0,1,0
2020-07-09,Siskiyou,093,43540,55,31,0,31,0
2020-07-09,Solano,095,438530,2761,1892,9,1901,23
2020-07-09,Sonoma,097,501317,2132,1584,5,1589,13
2020-07-09,Stanislaus,099,539301,6664,4633,8,4641,46
2020-07-09,Sutter,101,95872,428,321,0,321,2
2020-07-09,Tehama,103,63373,140,102,2,104,1
2020-07-09,Trinity,105,12862,21,2,5,7,0
2020-07-09,Tulare,107,460477,7301,5501,22,5523,146
2020-07-09,Tuolumne,109,53932,85,47,4,51,0
2020-07-09,Ventura,111,848112,5930,4278,20,4298,47
2020-07-09,Yolo,113,214977,1143,764,3,767,27
2020-07-09,Yuba,115,75493,194,152,0,152,1
2020-07-08,Alameda,001,1643700,8978,7335,11,7346,142
2020-07-08,Alpine,002,1148,2,1,0,1,0
2020-07-08,Amador,005,37829,41,35,0,35,0
2020-07-08,Butte,007,227075,531,281,21,302,3
2020-07-08,Calaveras,009,45235,78,58,0,58,0
2020-07-08,Colusa,011,21464,176,90,0,90,0
2020-07-08,Contra Costa,013,1133247,5745,4268,9,4277,84
2020-07-08,Del Norte,015,27424,61,57,0,57,0
2020-07-08,El Dorado,017,186661,437,248,5,253,0
2020-07-08,Fresno,019,978130,13470,7102,91,7193,86
2020-07-08,Glenn,021,27897,214,146,0,146,0
2020-07-08,Humboldt,023,135768,193,162,1,163,4
2020-07-08,Imperial,025,180216,8945,6727,4,6731,76
2020-07-08,Inyo,027,18085,37,35,1,36,1
2020-07-08,Kern,029,883053,14200,5873,45,5918,91
2020-07-08,Kings,031,150075,3253,2629,14,2643,33
2020-07-08,Lake,033,64148,139,97,0,97,1
2020-07-08,Lassen,035,31185,337,221,2,223,0
2020-07-08,Los Angeles,037,10098052,143966,123462,126,123588,3650
2020-07-08,Madera,039,155013,1459,828,3,831,4
2020-07-08,Marin,041,260295,3962,2756,4,2760,17
2020-07-08,Mariposa,043,17540,38,31,0,31,1
2020-07-08,Mendocino,045,87422,132,84,0,84,0
2020-07-08,Merced,047,269075,2832,1578,1,1579,11
2020-07-08,Modoc,049,8938,1,0,0,0,0
2020-07-08,Mono,051,14174,60,45,0,45,1
2020-07-08,Monterey,053,433212,3034,2182,4,2186,17
2020-07-08,Napa,055,140530,645,468,0,468,4
2020-07-08,Nevada,057,99092,204,156,5,161,1
2020-07-08,Orange,059,3164182,30645,22088,342,22430,378
2020-07-08,Placer,061,380077,1326,948,3,951,11
2020-07-08,Plumas,063,18699,19,12,0,12,0
2020-07-08,Riverside,065,2383286,30631,24042,29,24071,508
2020-07-08,Sacramento,067,1510023,6678,4799,7,4806,80
2020-07-08,San Benito,069,59416,399,282,0,282,2
2020-07-08,San Bernardino,071,2135413,25695,16510,21,16531,296
2020-07-08,San Diego,073,3302833,22776,17844,2,17846,406
2020-07-08,San Francisco,075,870044,4886,4093,2,4095,50
2020-07-08,San Joaquin,077,732212,8090,5759,4,5763,61
2020-07-08,San Luis Obispo,079,281455,1276,825,7,832,2
2020-07-08,San Mateo,081,765935,4394,3733,7,3740,106
2020-07-08,Santa Barbara,083,443738,4788,3985,40,4025,28
2020-07-08,Santa Clara,085,1922200,7711,5510,19,5529,164
2020-07-08,Santa Cruz,087,273765,656,509,4,513,3
2020-07-08,Shasta,089,179085,284,148,1,149,6
2020-07-08,Sierra,091,2930,1,1,0,1,0
2020-07-08,Siskiyou,093,43540,55,31,0,31,0
2020-07-08,Solano,095,438530,2645,1821,9,1830,23
2020-07-08,Sonoma,097,501317,2056,1495,5,1500,9
2020-07-08,Stanislaus,099,539301,6364,4344,8,4352,46
2020-07-08,Sutter,101,95872,403,298,0,298,2
2020-07-08,Tehama,103,63373,134,100,2,102,1
2020-07-08,Trinity,105,12862,20,2,5,7,0
2020-07-08,Tulare,107,460477,7109,5307,17,5324,138
2020-07-08,Tuolumne,109,53932,81,42,4,46,0
2020-07-08,Ventura,111,848112,5765,4139,20,4159,47
2020-07-08,Yolo,113,214977,1099,727,3,730,26
2020-07-08,Yuba,115,75493,181,145,0,145,1
2020-07-07,Alameda,001,1643700,8658,7097,10,7107,141
2020-07-07,Alpine,002,1148,2,1,0,1,0
2020-07-07,Amador,005,37829,41,33,0,33,0
2020-07-07,Butte,007,227075,488,269,21,290,3
2020-07-07,Calaveras,009,45235,76,58,0,58,0
2020-07-07,Colusa,011,21464,143,84,0,84,0
2020-07-07,Contra Costa,013,1133247,5507,4131,8,4139,84
2020-07-07,Del Norte,015,27424,61,57,0,57,0
2020-07-07,El Dorado,017,186661,417,244,5,249,0
2020-07-07,Fresno,019,978130,13016,6738,91,6829,84
2020-07-07,Glenn,021,27897,205,145,0,145,0
2020-07-07,Humboldt,023,135768,190,150,1,151,4
2020-07-07,Imperial,025,180216,8847,6678,4,6682,51
2020-07-07,Inyo,027,18085,36,32,1,33,1
2020-07-07,Kern,029,883053,13501,5645,41,5686,88
2020-07-07,Kings,031,150075,3190,2623,13,2636,33
2020-07-07,Lake,033,64148,129,94,0,94,1
2020-07-07,Lassen,035,31185,266,219,2,221,0
2020-07-07,Los Angeles,037,10098052,140386,121026,119,121145,3588
2020-07-07,Madera,039,155013,1415,794,3,797,4
2020-07-07,Marin,041,260295,3870,2627,4,2631,17
2020-07-07,Mariposa,043,17540,38,31,0,31,1
2020-07-07,Mendocino,045,87422,124,82,0,82,0
2020-07-07,Merced,047,269075,2662,1531,1,1532,10
2020-07-07,Modoc,049,8938,1,0,0,0,0
2020-07-07,Mono,051,14174,59,42,0,42,1
2020-07-07,Monterey,053,433212,2891,2166,4,2170,17
2020-07-07,Napa,055,140530,626,459,0,459,4
2020-07-07,Nevada,057,99092,198,150,5,155,1
2020-07-07,Orange,059,3164182,29625,21741,329,22070,373
2020-07-07,Placer,061,380077,1285,930,3,933,11
2020-07-07,Plumas,063,18699,17,12,0,12,0
2020-07-07,Riverside,065,2383286,29616,23279,29,23308,499
2020-07-07,Sacramento,067,1510023,6336,4592,7,4599,76
2020-07-07,San Benito,069,59416,381,274,0,274,2
2020-07-07,San Bernardino,071,2135413,24825,16004,19,16023,277
2020-07-07,San Diego,073,3302833,22057,17580,2,17582,399
2020-07-07,San Francisco,075,870044,4794,4045,1,4046,50
2020-07-07,San Joaquin,077,732212,7748,5547,4,5551,59
2020-07-07,San Luis Obispo,079,281455,1215,795,7,802,2
2020-07-07,San Mateo,081,765935,4279,3691,7,3698,106
2020-07-07,Santa Barbara,083,443738,4660,3866,39,3905,27
2020-07-07,Santa Clara,085,1922200,7442,5438,19,5457,164
2020-07-07,Santa Cruz,087,273765,622,502,3,505,2
2020-07-07,Shasta,089,179085,271,144,1,145,6
2020-07-07,Sierra,091,2930,1,1,0,1,0
2020-07-07,Siskiyou,093,43540,54,30,0,30,0
2020-07-07,Solano,095,438530,2534,1776,8,1784,22
2020-07-07,Sonoma,097,501317,1986,1473,5,1478,8
2020-07-07,Stanislaus,099,539301,6026,4101,8,4109,46
2020-07-07,Sutter,101,95872,377,273,0,273,2
2020-07-07,Tehama,103,63373,125,95,2,97,1
2020-07-07,Trinity,105,12862,20,2,5,7,0
2020-07-07,Tulare,107,460477,6929,5189,16,5205,137
2020-07-07,Tuolumne,109,53932,75,40,4,44,0
2020-07-07,Ventura,111,848112,5596,3992,18,4010,46
2020-07-07,Yolo,113,214977,1031,706,3,709,26
2020-07-07,Yuba,115,75493,161,138,0,138,1
2020-07-06,Alameda,001,1643700,8423,6970,10,6980,141
2020-07-06,Alpine,002,1148,1,1,0,1,0
2020-07-06,Amador,005,37829,39,33,0,33,0
2020-07-06,Butte,007,227075,432,257,18,275,2
2020-07-06,Calaveras,009,45235,73,45,0,45,0
2020-07-06,Colusa,011,21464,134,80,0,80,0
2020-07-06,Contra Costa,013,1133247,5279,3901,7,3908,83
2020-07-06,Del Norte,015,27424,60,57,0,57,0
2020-07-06,El Dorado,017,186661,402,232,4,236,0
2020-07-06,Fresno,019,978130,12547,6364,85,6449,82
2020-07-06,Glenn,021,27897,197,129,0,129,0
2020-07-06,Humboldt,023,135768,188,148,1,149,3
2020-07-06,Imperial,025,180216,8730,6443,4,6447,47
2020-07-06,Inyo,027,18085,36,32,1,33,1
2020-07-06,Kern,029,883053,12695,5491,40,5531,82
2020-07-06,Kings,031,150075,3139,2583,9,2592,33
2020-07-06,Lake,033,64148,122,93,0,93,1
2020-07-06,Lassen,035,31185,264,219,2,221,0
2020-07-06,Los Angeles,037,10098052,136786,116707,106,116813,3541
2020-07-06,Madera,039,155013,1345,734,3,737,4
2020-07-06,Marin,041,260295,3630,2136,4,2140,17
2020-07-06,Mariposa,043,17540,36,31,0,31,1
2020-07-06,Mendocino,045,87422,107,72,0,72,0
2020-07-06,Merced,047,269075,2507,1396,1,1397,10
2020-07-06,Modoc,049,8938,1,0,0,0,0
2020-07-06,Mono,051,14174,58,40,0,40,1
2020-07-06,Monterey,053,433212,2802,2078,4,2082,15
2020-07-06,Napa,055,140530,608,454,0,454,4
2020-07-06,Nevada,057,99092,192,146,5,151,1
2020-07-06,Orange,059,3164182,28560,20167,292,20459,372
2020-07-06,Placer,061,380077,1222,904,3,907,11
2020-07-06,Plumas,063,18699,17,11,0,11,0
2020-07-06,Riverside,065,2383286,28561,22485,28,22513,477
2020-07-06,Sacramento,067,1510023,5985,4420,7,4427,71
2020-07-06,San Benito,069,59416,366,264,0,264,2
2020-07-06,San Bernardino,071,2135413,23972,15346,16,15362,272
2020-07-06,San Diego,073,3302833,21325,17002,2,17004,387
2020-07-06,San Francisco,075,870044,4673,3861,1,3862,50
2020-07-06,San Joaquin,077,732212,7377,5104,4,5108,57
2020-07-06,San Luis Obispo,079,281455,1157,751,7,758,2
2020-07-06,San Mateo,081,765935,4187,3650,6,3656,106
2020-07-06,Santa Barbara,083,443738,4523,3763,38,3801,27
2020-07-06,Santa Clara,085,1922200,7170,5369,19,5388,165
2020-07-06,Santa Cruz,087,273765,600,466,2,468,2
2020-07-06,Shasta,089,179085,261,143,1,144,6
2020-07-06,Sierra,091,2930,1,1,0,1,0
2020-07-06,Siskiyou,093,43540,50,30,0,30,0
2020-07-06,Solano,095,438530,2398,1668,8,1676,22
2020-07-06,Sonoma,097,501317,1922,1369,5,1374,8
2020-07-06,Stanislaus,099,539301,5624,3983,8,3991,46
2020-07-06,Sutter,101,95872,350,250,0,250,2
2020-07-06,Tehama,103,63373,122,95,2,97,1
2020-07-06,Trinity,105,12862,19,2,5,7,0
2020-07-06,Tulare,107,460477,6724,5039,14,5053,136
2020-07-06,Tuolumne,109,53932,72,30,4,34,0
2020-07-06,Ventura,111,848112,5403,3912,18,3930,44
2020-07-06,Yolo,113,214977,975,685,3,688,26
2020-07-06,Yuba,115,75493,147,124,0,124,1
2020-07-05,Alameda,001,1643700,8173,6861,10,6871,141
2020-07-05,Alpine,002,1148,1,1,0,1,0
2020-07-05,Amador,005,37829,37,31,0,31,0
2020-07-05,Butte,007,227075,397,248,18,266,2
2020-07-05,Calaveras,009,45235,69,45,0,45,0
2020-07-05,Colusa,011,21464,124,79,0,79,0
2020-07-05,Contra Costa,013,1133247,5032,3665,6,3671,80
2020-07-05,Del Norte,015,27424,60,57,0,57,0
2020-07-05,El Dorado,017,186661,384,227,4,231,0
2020-07-05,Fresno,019,978130,11980,6186,84,6270,82
2020-07-05,Glenn,021,27897,194,129,0,129,0
2020-07-05,Humboldt,023,135768,184,147,1,148,3
2020-07-05,Imperial,025,180216,8593,6441,4,6445,47
2020-07-05,Inyo,027,18085,35,32,1,33,1
2020-07-05,Kern,029,883053,11987,5351,40,5391,82
2020-07-05,Kings,031,150075,3056,2546,8,2554,31
2020-07-05,Lake,033,64148,122,92,0,92,1
2020-07-05,Lassen,035,31185,258,219,2,221,0
2020-07-05,Los Angeles,037,10098052,133555,115133,100,115233,3495
2020-07-05,Madera,039,155013,1268,564,3,567,4
2020-07-05,Marin,041,260295,3448,2080,4,2084,17
2020-07-05,Mariposa,043,17540,36,31,0,31,1
2020-07-05,Mendocino,045,87422,104,72,0,72,0
2020-07-05,Merced,047,269075,2362,1340,1,1341,10
2020-07-05,Modoc,049,8938,1,0,0,0,0
2020-07-05,Mono,051,14174,54,39,0,39,1
2020-07-05,Monterey,053,433212,2699,1994,4,1998,15
2020-07-05,Napa,055,140530,578,450,0,450,4
2020-07-05,Nevada,057,99092,186,141,5,146,1
2020-07-05,Orange,059,3164182,27613,19430,279,19709,372
2020-07-05,Placer,061,380077,1165,855,3,858,11
2020-07-05,Plumas,063,18699,16,11,0,11,0
2020-07-05,Riverside,065,2383286,27703,21511,28,21539,474
2020-07-05,Sacramento,067,1510023,5670,4265,6,4271,71
2020-07-05,San Benito,069,59416,348,258,0,258,2
2020-07-05,San Bernardino,071,2135413,23094,15026,16,15042,270
2020-07-05,San Diego,073,3302833,20634,16728,2,16730,387
2020-07-05,San Francisco,075,870044,4556,3861,1,3862,50
2020-07-05,San Joaquin,077,732212,7058,5015,4,5019,57
2020-07-05,San Luis Obispo,079,281455,1078,730,7,737,2
2020-07-05,San Mateo,081,765935,4077,3575,6,3581,106
2020-07-05,Santa Barbara,083,443738,4376,3671,35,3706,27
2020-07-05,Santa Clara,085,1922200,6874,5237,19,5256,162
2020-07-05,Santa Cruz,087,273765,582,467,0,467,2
2020-07-05,Shasta,089,179085,255,138,1,139,6
2020-07-05,Sierra,091,2930,1,1,0,1,0
2020-07-05,Siskiyou,093,43540,46,30,0,30,0
2020-07-05,Solano,095,438530,2277,1547,8,1555,22
2020-07-05,Sonoma,097,501317,1841,1369,5,1374,8
2020-07-05,Stanislaus,099,539301,5294,3777,7,3784,45
2020-07-05,Sutter,101,95872,322,241,0,241,2
2020-07-05,Tehama,103,63373,120,95,2,97,1
2020-07-05,Trinity,105,12862,19,2,5,7,0
2020-07-05,Tulare,107,460477,6465,4981,12,4993,135
2020-07-05,Tuolumne,109,53932,67,30,3,33,0
2020-07-05,Ventura,111,848112,5200,3866,18,3884,44
2020-07-05,Yolo,113,214977,935,644,3,647,26
2020-07-05,Yuba,115,75493,137,115,0,115,1
2020-07-04,Alameda,001,1643700,8061,6737,10,6747,141
2020-07-04,Alpine,002,1148,1,1,0,1,0
2020-07-04,Amador,005,37829,36,31,0,31,0
2020-07-04,Butte,007,227075,379,224,18,242,2
2020-07-04,Calaveras,009,45235,69,45,0,45,0
2020-07-04,Colusa,011,21464,123,76,0,76,0
2020-07-04,Contra Costa,013,1133247,4886,3583,6,3589,80
2020-07-04,Del Norte,015,27424,60,50,0,50,0
2020-07-04,El Dorado,017,186661,365,211,4,215,0
2020-07-04,Fresno,019,978130,11663,5999,82,6081,82
2020-07-04,Glenn,021,27897,187,128,0,128,0
2020-07-04,Humboldt,023,135768,177,144,1,145,3
2020-07-04,Imperial,025,180216,8543,6441,4,6445,47
2020-07-04,Inyo,027,18085,35,32,1,33,1
2020-07-04,Kern,029,883053,11683,5231,40,5271,81
2020-07-04,Kings,031,150075,3013,2509,8,2517,31
2020-07-04,Lake,033,64148,115,86,0,86,1
2020-07-04,Lassen,035,31185,258,219,2,221,0
2020-07-04,Los Angeles,037,10098052,131739,107256,89,107345,3462
2020-07-04,Madera,039,155013,1222,568,3,571,4
2020-07-04,Marin,041,260295,3419,1962,4,1966,17
2020-07-04,Mariposa,043,17540,36,28,0,28,1
2020-07-04,Mendocino,045,87422,104,72,0,72,0
2020-07-04,Merced,047,269075,2263,1252,1,1253,10
2020-07-04,Modoc,049,8938,1,0,0,0,0
2020-07-04,Mono,051,14174,54,37,0,37,1
2020-07-04,Monterey,053,433212,2619,1878,4,1882,15
2020-07-04,Napa,055,140530,569,426,0,426,4
2020-07-04,Nevada,057,99092,183,125,5,130,1
2020-07-04,Orange,059,3164182,27176,19247,266,19513,372
2020-07-04,Placer,061,380077,1130,796,3,799,11
2020-07-04,Plumas,063,18699,16,11,0,11,0
2020-07-04,Riverside,065,2383286,27337,21508,28,21536,474
2020-07-04,Sacramento,067,1510023,5499,4039,6,4045,71
2020-07-04,San Benito,069,59416,335,255,0,255,2
2020-07-04,San Bernardino,071,2135413,22668,14636,14,14650,270
2020-07-04,San Diego,073,3302833,20174,16166,2,16168,387
2020-07-04,San Francisco,075,870044,4464,3861,1,3862,50
2020-07-04,San Joaquin,077,732212,6846,4807,4,4811,57
2020-07-04,San Luis Obispo,079,281455,1038,699,7,706,2
2020-07-04,San Mateo,081,765935,4014,3532,6,3538,106
2020-07-04,Santa Barbara,083,443738,4301,3520,33,3553,27
2020-07-04,Santa Clara,085,1922200,6683,5045,18,5063,161
2020-07-04,Santa Cruz,087,273765,572,466,0,466,2
2020-07-04,Shasta,089,179085,252,135,1,136,6
2020-07-04,Sierra,091,2930,1,1,0,1,0
2020-07-04,Siskiyou,093,43540,39,30,0,30,0
2020-07-04,Solano,095,438530,2241,1548,8,1556,22
2020-07-04,Sonoma,097,501317,1815,1370,5,1375,8
2020-07-04,Stanislaus,099,539301,5136,3572,7,3579,44
2020-07-04,Sutter,101,95872,303,225,0,225,2
2020-07-04,Tehama,103,63373,117,92,2,94,1
2020-07-04,Trinity,105,12862,19,2,5,7,0
2020-07-04,Tulare,107,460477,6353,4802,12,4814,135
2020-07-04,Tuolumne,109,53932,63,30,3,33,0
2020-07-04,Ventura,111,848112,5076,3687,18,3705,44
2020-07-04,Yolo,113,214977,910,615,3,618,26
2020-07-04,Yuba,115,75493,130,102,0,102,1
2020-07-03,Alameda,001,1643700,7940,6486,10,6496,141
2020-07-03,Alpine,002,1148,1,1,0,1,0
2020-07-03,Amador,005,37829,36,25,0,25,0
2020-07-03,Butte,007,227075,367,212,18,230,2
2020-07-03,Calaveras,009,45235,69,44,0,44,0
2020-07-03,Colusa,011,21464,117,70,0,70,0
2020-07-03,Contra Costa,013,1133247,4750,3447,6,3453,78
2020-07-03,Del Norte,015,27424,60,50,0,50,0
2020-07-03,El Dorado,017,186661,353,201,4,205,0
2020-07-03,Fresno,019,978130,11358,5783,80,5863,81
2020-07-03,Glenn,021,27897,182,122,0,122,0
2020-07-03,Humboldt,023,135768,173,143,1,144,3
2020-07-03,Imperial,025,180216,8495,6345,4,6349,47
2020-07-03,Inyo,027,18085,35,32,1,33,1
2020-07-03,Kern,029,883053,11421,5213,40,5253,81
2020-07-03,Kings,031,150075,2977,2492,8,2500,31
2020-07-03,Lake,033,64148,108,83,0,83,0
2020-07-03,Lassen,035,31185,258,219,2,221,0
2020-07-03,Los Angeles,037,10098052,130226,107236,85,107321,3461
2020-07-03,Madera,039,155013,1178,565,3,568,4
2020-07-03,Marin,041,260295,3390,1776,4,1780,17
2020-07-03,Mariposa,043,17540,36,28,0,28,1
2020-07-03,Mendocino,045,87422,103,72,0,72,0
2020-07-03,Merced,047,269075,2196,1188,1,1189,10
2020-07-03,Modoc,049,8938,1,0,0,0,0
2020-07-03,Mono,051,14174,54,37,0,37,1
2020-07-03,Monterey,053,433212,2549,1804,4,1808,15
2020-07-03,Napa,055,140530,551,388,0,388,4
2020-07-03,Nevada,057,99092,182,125,5,130,1
2020-07-03,Orange,059,3164182,26785,18819,258,19077,366
2020-07-03,Placer,061,380077,1103,745,3,748,11
2020-07-03,Plumas,063,18699,16,11,0,11,0
2020-07-03,Riverside,065,2383286,27031,21171,28,21199,472
2020-07-03,Sacramento,067,1510023,5365,3711,6,3717,71
2020-07-03,San Benito,069,59416,328,243,0,243,2
2020-07-03,San Bernardino,071,2135413,22280,14040,14,14054,269
2020-07-03,San Diego,073,3302833,19719,15698,2,15700,387
2020-07-03,San Francisco,075,870044,4418,3781,1,3782,50
2020-07-03,San Joaquin,077,732212,6708,4416,3,4419,56
2020-07-03,San Luis Obispo,079,281455,1003,676,7,683,2
2020-07-03,San Mateo,081,765935,3957,3439,6,3445,106
2020-07-03,Santa Barbara,083,443738,4214,3406,32,3438,27
2020-07-03,Santa Clara,085,1922200,6571,4820,18,4838,161
2020-07-03,Santa Cruz,087,273765,558,436,0,436,2
2020-07-03,Shasta,089,179085,244,113,1,114,6
2020-07-03,Sierra,091,2930,1,1,0,1,0
2020-07-03,Siskiyou,093,43540,36,30,0,30,0
2020-07-03,Solano,095,438530,2197,1496,7,1503,22
2020-07-03,Sonoma,097,501317,1767,1282,5,1287,8
2020-07-03,Stanislaus,099,539301,5012,3021,7,3028,43
2020-07-03,Sutter,101,95872,293,205,0,205,2
2020-07-03,Tehama,103,63373,115,89,2,91,1
2020-07-03,Trinity,105,12862,19,2,5,7,0
2020-07-03,Tulare,107,460477,6238,4656,12,4668,134
2020-07-03,Tuolumne,109,53932,61,27,3,30,0
2020-07-03,Ventura,111,848112,4980,3536,18,3554,44
2020-07-03,Yolo,113,214977,876,586,3,589,25
2020-07-03,Yuba,115,75493,125,96,0,96,1
2020-07-02,Alameda,001,1643700,7814,6386,10,6396,139
2020-07-02,Alpine,002,1148,1,1,0,1,0
2020-07-02,Amador,005,37829,35,23,0,23,0
2020-07-02,Butte,007,227075,350,199,18,217,2
2020-07-02,Calaveras,009,45235,65,42,0,42,0
2020-07-02,Colusa,011,21464,109,60,0,60,0
2020-07-02,Contra Costa,013,1133247,4568,3347,6,3353,77
2020-07-02,Del Norte,015,27424,59,50,0,50,0
2020-07-02,El Dorado,017,186661,342,193,4,197,0
2020-07-02,Fresno,019,978130,10897,5402,80,5482,78
2020-07-02,Glenn,021,27897,176,114,0,114,0
2020-07-02,Humboldt,023,135768,169,138,1,139,3
2020-07-02,Imperial,025,180216,8394,6236,4,6240,47
2020-07-02,Inyo,027,18085,35,29,1,30,1
2020-07-02,Kern,029,883053,10886,5036,38,5074,78
2020-07-02,Kings,031,150075,2926,2419,8,2427,31
2020-07-02,Lake,033,64148,104,81,0,81,0
2020-07-02,Lassen,035,31185,256,218,2,220,0
2020-07-02,Los Angeles,037,10098052,128209,107144,62,107206,3458
2020-07-02,Madera,039,155013,1110,548,3,551,4
2020-07-02,Marin,041,260295,3304,1706,4,1710,17
2020-07-02,Mariposa,043,17540,35,28,0,28,1
2020-07-02,Mendocino,045,87422,99,71,0,71,0
2020-07-02,Merced,047,269075,2094,1122,1,1123,10
2020-07-02,Modoc,049,8938,1,0,0,0,0
2020-07-02,Mono,051,14174,54,37,0,37,1
2020-07-02,Monterey,053,433212,2489,1796,4,1800,15
2020-07-02,Napa,055,140530,534,352,0,352,4
2020-07-02,Nevada,057,99092,176,118,4,122,1
2020-07-02,Orange,059,3164182,26017,17056,245,17301,360
2020-07-02,Placer,061,380077,1079,740,3,743,11
2020-07-02,Plumas,063,18699,15,8,0,8,0
2020-07-02,Riverside,065,2383286,26457,20253,28,20281,458
2020-07-02,Sacramento,067,1510023,5138,3587,6,3593,70
2020-07-02,San Benito,069,59416,320,236,0,236,2
2020-07-02,San Bernardino,071,2135413,21744,13185,14,13199,260
2020-07-02,San Diego,073,3302833,19254,15208,2,15210,377
2020-07-02,San Francisco,075,870044,4323,3676,1,3677,50
2020-07-02,San Joaquin,077,732212,6361,4243,3,4246,56
2020-07-02,San Luis Obispo,079,281455,958,659,7,666,2
2020-07-02,San Mateo,081,765935,3877,3390,6,3396,107
2020-07-02,Santa Barbara,083,443738,4114,3385,30,3415,27
2020-07-02,Santa Clara,085,1922200,6444,4722,18,4740,160
2020-07-02,Santa Cruz,087,273765,535,414,0,414,2
2020-07-02,Shasta,089,179085,241,110,1,111,5
2020-07-02,Sierra,091,2930,1,1,0,1,0
2020-07-02,Siskiyou,093,43540,36,30,0,30,0
2020-07-02,Solano,095,438530,2114,1429,7,1436,21
2020-07-02,Sonoma,097,501317,1709,1244,5,1249,6
2020-07-02,Stanislaus,099,539301,4840,2850,7,2857,41
2020-07-02,Sutter,101,95872,282,195,0,195,2
2020-07-02,Tehama,103,63373,113,86,2,88,1
2020-07-02,Trinity,105,12862,19,2,5,7,0
2020-07-02,Tulare,107,460477,6071,4559,11,4570,132
2020-07-02,Tuolumne,109,53932,58,23,2,25,0
2020-07-02,Ventura,111,848112,4824,3394,18,3412,42
2020-07-02,Yolo,113,214977,844,554,3,557,24
2020-07-02,Yuba,115,75493,115,93,0,93,1
2020-07-01,Alameda,001,1643700,7596,6125,10,6135,137
2020-07-01,Alpine,002,1148,1,1,0,1,0
2020-07-01,Amador,005,37829,34,22,0,22,0
2020-07-01,Butte,007,227075,325,185,18,203,2
2020-07-01,Calaveras,009,45235,63,37,0,37,0
2020-07-01,Colusa,011,21464,103,53,0,53,0
2020-07-01,Contra Costa,013,1133247,4355,3259,6,3265,76
2020-07-01,Del Norte,015,27424,59,50,0,50,0
2020-07-01,El Dorado,017,186661,315,183,4,187,0
2020-07-01,Fresno,019,978130,10462,5111,77,5188,76
2020-07-01,Glenn,021,27897,170,110,0,110,0
2020-07-01,Humboldt,023,135768,164,134,0,134,3
2020-07-01,Imperial,025,180216,8297,6150,4,6154,46
2020-07-01,Inyo,027,18085,34,30,1,31,1
2020-07-01,Kern,029,883053,10252,4853,37,4890,78
2020-07-01,Kings,031,150075,2858,2360,8,2368,30
2020-07-01,Lake,033,64148,103,75,0,75,0
2020-07-01,Lassen,035,31185,255,217,2,219,0
2020-07-01,Los Angeles,037,10098052,125011,105325,53,105378,3408
2020-07-01,Madera,039,155013,1069,519,3,522,4
2020-07-01,Marin,041,260295,3147,1636,4,1640,17
2020-07-01,Mariposa,043,17540,35,29,0,29,1
2020-07-01,Mendocino,045,87422,95,70,0,70,0
2020-07-01,Merced,047,269075,1995,1052,1,1053,10
2020-07-01,Modoc,049,8938,1,0,0,0,0
2020-07-01,Mono,051,14174,51,37,0,37,1
2020-07-01,Monterey,053,433212,2381,1703,3,1706,15
2020-07-01,Napa,055,140530,511,347,0,347,4
2020-07-01,Nevada,057,99092,166,115,4,119,1
2020-07-01,Orange,059,3164182,25124,15662,224,15886,343
2020-07-01,Placer,061,380077,1032,713,3,716,11
2020-07-01,Plumas,063,18699,13,8,0,8,0
2020-07-01,Riverside,065,2383286,25614,19537,27,19564,457
2020-07-01,Sacramento,067,1510023,4883,3425,6,3431,64
2020-07-01,San Benito,069,59416,311,219,0,219,2
2020-07-01,San Bernardino,071,2135413,20850,12712,11,12723,253
2020-07-01,San Diego,073,3302833,18686,14624,2,14626,372
2020-07-01,San Francisco,075,870044,4230,3626,1,3627,50
2020-07-01,San Joaquin,077,732212,6003,3990,3,3993,54
2020-07-01,San Luis Obispo,079,281455,931,613,7,620,1
2020-07-01,San Mateo,081,765935,3815,3326,6,3332,84
2020-07-01,Santa Barbara,083,443738,3994,3268,29,3297,27
2020-07-01,Santa Clara,085,1922200,6258,4547,17,4564,159
2020-07-01,Santa Cruz,087,273765,511,398,0,398,2
2020-07-01,Shasta,089,179085,236,104,1,105,5
2020-07-01,Sierra,091,2930,1,1,0,1,0
2020-07-01,Siskiyou,093,43540,36,28,0,28,0
2020-07-01,Solano,095,438530,2022,1350,7,1357,21
2020-07-01,Sonoma,097,501317,1614,1178,5,1183,6
2020-07-01,Stanislaus,099,539301,4562,2619,7,2626,41
2020-07-01,Sutter,101,95872,269,188,0,188,2
2020-07-01,Tehama,103,63373,106,80,2,82,1
2020-07-01,Trinity,105,12862,19,2,4,6,0
2020-07-01,Tulare,107,460477,5894,4359,11,4370,128
2020-07-01,Tuolumne,109,53932,55,17,2,19,0
2020-07-01,Ventura,111,848112,4682,3224,16,3240,41
2020-07-01,Yolo,113,214977,793,526,3,529,24
2020-07-01,Yuba,115,75493,110,57,0,57,1
2020-06-30,Alameda,001,1643700,7349,5959,8,5967,137
2020-06-30,Alpine,002,1148,1,1,0,1,0
2020-06-30,Amador,005,37829,34,21,0,21,0
2020-06-30,Butte,007,227075,308,163,17,180,2
2020-06-30,Calaveras,009,45235,59,31,0,31,0
2020-06-30,Colusa,011,21464,94,33,0,33,0
2020-06-30,Contra Costa,013,1133247,4144,3140,6,3146,75
2020-06-30,Del Norte,015,27424,59,48,0,48,0
2020-06-30,El Dorado,017,186661,302,175,4,179,0
2020-06-30,Fresno,019,978130,10017,4826,72,4898,75
2020-06-30,Glenn,021,27897,165,96,0,96,0
2020-06-30,Humboldt,023,135768,160,132,0,132,3
2020-06-30,Imperial,025,180216,8198,5968,4,5972,45
2020-06-30,Inyo,027,18085,34,30,1,31,1
2020-06-30,Kern,029,883053,9605,4721,34,4755,75
2020-06-30,Kings,031,150075,2809,2315,5,2320,30
2020-06-30,Lake,033,64148,95,56,0,56,0
2020-06-30,Lassen,035,31185,248,215,2,217,0
2020-06-30,Los Angeles,037,10098052,121428,103640,50,103690,3378
2020-06-30,Madera,039,155013,1012,475,3,478,4
2020-06-30,Marin,041,260295,3076,1614,4,1618,17
2020-06-30,Mariposa,043,17540,34,27,0,27,1
2020-06-30,Mendocino,045,87422,90,65,0,65,0
2020-06-30,Merced,047,269075,1859,970,1,971,10
2020-06-30,Modoc,049,8938,1,0,0,0,0
2020-06-30,Mono,051,14174,49,36,0,36,1
2020-06-30,Monterey,053,433212,2284,1657,3,1660,15
2020-06-30,Napa,055,140530,486,342,0,342,4
2020-06-30,Nevada,057,99092,158,113,4,117,1
2020-06-30,Orange,059,3164182,24186,14354,214,14568,335
2020-06-30,Placer,061,380077,1005,667,3,670,11
2020-06-30,Plumas,063,18699,12,8,0,8,0
2020-06-30,Riverside,065,2383286,24896,18656,26,18682,449
2020-06-30,Sacramento,067,1510023,4594,3246,6,3252,64
2020-06-30,San Benito,069,59416,300,200,0,200,2
2020-06-30,San Bernardino,071,2135413,19868,12375,10,12385,249
2020-06-30,San Diego,073,3302833,17981,14150,2,14152,365
2020-06-30,San Francisco,075,870044,4125,3555,1,3556,50
2020-06-30,San Joaquin,077,732212,5629,3744,3,3747,52
2020-06-30,San Luis Obispo,079,281455,891,583,7,590,1
2020-06-30,San Mateo,081,765935,3737,3268,6,3274,84
2020-06-30,Santa Barbara,083,443738,3878,3102,29,3131,25
2020-06-30,Santa Clara,085,1922200,6055,4346,17,4363,157
2020-06-30,Santa Cruz,087,273765,485,379,0,379,2
2020-06-30,Shasta,089,179085,220,100,1,101,5
2020-06-30,Sierra,091,2930,1,1,0,1,0
2020-06-30,Siskiyou,093,43540,35,26,0,26,0
2020-06-30,Solano,095,438530,1930,1256,7,1263,21
2020-06-30,Sonoma,097,501317,1551,1122,5,1127,6
2020-06-30,Stanislaus,099,539301,4265,2578,7,2585,41
2020-06-30,Sutter,101,95872,246,168,0,168,2
2020-06-30,Tehama,103,63373,104,75,2,77,1
2020-06-30,Trinity,105,12862,19,2,4,6,0
2020-06-30,Tulare,107,460477,5685,4207,11,4218,117
2020-06-30,Tuolumne,109,53932,51,16,2,18,0
2020-06-30,Ventura,111,848112,4548,3030,16,3046,40
2020-06-30,Yolo,113,214977,755,515,3,518,24
2020-06-30,Yuba,115,75493,106,55,0,55,1
2020-06-29,Alameda,001,1643700,7141,5766,8,5774,135
2020-06-29,Alpine,002,1148,1,1,0,1,0
2020-06-29,Amador,005,37829,31,20,0,20,0
2020-06-29,Butte,007,227075,287,157,17,174,2
2020-06-29,Calaveras,009,45235,56,30,0,30,0
2020-06-29,Colusa,011,21464,89,17,0,17,0
2020-06-29,Contra Costa,013,1133247,3980,2976,5,2981,75
2020-06-29,Del Norte,015,27424,59,47,0,47,0
2020-06-29,El Dorado,017,186661,288,163,2,165,0
2020-06-29,Fresno,019,978130,9670,4531,71,4602,74
2020-06-29,Glenn,021,27897,156,77,0,77,0
2020-06-29,Humboldt,023,135768,159,128,0,128,3
2020-06-29,Imperial,025,180216,8068,5512,4,5516,45
2020-06-29,Inyo,027,18085,33,29,0,29,1
2020-06-29,Kern,029,883053,8942,4613,32,4645,73
2020-06-29,Kings,031,150075,2744,2280,5,2285,20
2020-06-29,Lake,033,64148,88,53,0,53,0
2020-06-29,Lassen,035,31185,240,77,2,79,0
2020-06-29,Los Angeles,037,10098052,118390,100846,44,100890,3337
2020-06-29,Madera,039,155013,955,422,3,425,4
2020-06-29,Marin,041,260295,3000,1517,4,1521,17
2020-06-29,Mariposa,043,17540,32,25,0,25,1
2020-06-29,Mendocino,045,87422,87,63,0,63,0
2020-06-29,Merced,047,269075,1751,848,1,849,10
2020-06-29,Modoc,049,8938,1,0,0,0,0
2020-06-29,Mono,051,14174,47,35,0,35,1
2020-06-29,Monterey,053,433212,2212,1614,3,1617,14
2020-06-29,Napa,055,140530,464,317,0,317,4
2020-06-29,Nevada,057,99092,155,107,3,110,1
2020-06-29,Orange,059,3164182,23187,13682,199,13881,324
2020-06-29,Placer,061,380077,969,628,3,631,11
2020-06-29,Plumas,063,18699,12,6,0,6,0
2020-06-29,Riverside,065,2383286,23862,17683,26,17709,432
2020-06-29,Sacramento,067,1510023,4307,2985,6,2991,62
2020-06-29,San Benito,069,59416,285,193,0,193,2
2020-06-29,San Bernardino,071,2135413,18905,11643,10,11653,245
2020-06-29,San Diego,073,3302833,17403,13834,2,13836,361
2020-06-29,San Francisco,075,870044,4048,3389,1,3390,50
2020-06-29,San Joaquin,077,732212,5271,3202,3,3205,52
2020-06-29,San Luis Obispo,079,281455,857,544,7,551,1
2020-06-29,San Mateo,081,765935,3683,3170,6,3176,84
2020-06-29,Santa Barbara,083,443738,3769,2933,28,2961,25
2020-06-29,Santa Clara,085,1922200,5885,4231,17,4248,157
2020-06-29,Santa Cruz,087,273765,467,348,0,348,2
2020-06-29,Shasta,089,179085,212,94,1,95,5
2020-06-29,Sierra,091,2930,1,1,0,1,0
2020-06-29,Siskiyou,093,43540,35,25,0,25,0
2020-06-29,Solano,095,438530,1827,1077,7,1084,21
2020-06-29,Sonoma,097,501317,1479,1103,5,1108,5
2020-06-29,Stanislaus,099,539301,4060,2400,6,2406,36
2020-06-29,Sutter,101,95872,224,152,0,152,2
2020-06-29,Tehama,103,63373,100,63,2,65,1
2020-06-29,Trinity,105,12862,18,2,4,6,0
2020-06-29,Tulare,107,460477,5531,3906,10,3916,117
2020-06-29,Tuolumne,109,53932,47,16,2,18,0
2020-06-29,Ventura,111,848112,4401,2794,16,2810,40
2020-06-29,Yolo,113,214977,722,483,3,486,24
2020-06-29,Yuba,115,75493,93,55,0,55,1
2020-06-28,Alameda,001,1643700,6880,5698,8,5706,135
2020-06-28,Alpine,002,1148,1,1,0,1,0
2020-06-28,Amador,005,37829,29,20,0,20,0
2020-06-28,Butte,007,227075,268,150,16,166,2
2020-06-28,Calaveras,009,45235,51,30,0,30,0
2020-06-28,Colusa,011,21464,74,17,0,17,0
2020-06-28,Contra Costa,013,1133247,3790,2803,4,2807,73
2020-06-28,Del Norte,015,27424,58,47,0,47,0
2020-06-28,El Dorado,017,186661,276,162,2,164,0
2020-06-28,Fresno,019,978130,9306,4365,71,4436,74
2020-06-28,Glenn,021,27897,148,77,0,77,0
2020-06-28,Humboldt,023,135768,156,127,0,127,3
2020-06-28,Imperial,025,180216,7878,5513,4,5517,45
2020-06-28,Inyo,027,18085,33,29,0,29,1
2020-06-28,Kern,029,883053,8391,4541,29,4570,72
2020-06-28,Kings,031,150075,2684,2234,5,2239,18
2020-06-28,Lake,033,64148,84,53,0,53,0
2020-06-28,Lassen,035,31185,240,77,2,79,0
2020-06-28,Los Angeles,037,10098052,115186,98003,40,98043,3316
2020-06-28,Madera,039,155013,907,424,3,427,4
2020-06-28,Marin,041,260295,2654,1473,4,1477,17
2020-06-28,Mariposa,043,17540,32,24,0,24,1
2020-06-28,Mendocino,045,87422,85,63,0,63,0
2020-06-28,Merced,047,269075,1637,814,1,815,10
2020-06-28,Modoc,049,8938,1,0,0,0,0
2020-06-28,Mono,051,14174,47,35,0,35,1
2020-06-28,Monterey,053,433212,2130,1560,3,1563,13
2020-06-28,Napa,055,140530,430,307,0,307,4
2020-06-28,Nevada,057,99092,144,102,3,105,1
2020-06-28,Orange,059,3164182,22205,13213,181,13394,324
2020-06-28,Placer,061,380077,930,618,3,621,11
2020-06-28,Plumas,063,18699,11,6,0,6,0
2020-06-28,Riverside,065,2383286,23033,16848,25,16873,432
2020-06-28,Sacramento,067,1510023,4079,2803,6,2809,63
2020-06-28,San Benito,069,59416,274,190,0,190,2
2020-06-28,San Bernardino,071,2135413,18153,11344,9,11353,245
2020-06-28,San Diego,073,3302833,16857,13333,2,13335,361
2020-06-28,San Francisco,075,870044,3970,3388,1,3389,50
2020-06-28,San Joaquin,077,732212,4934,3201,3,3204,52
2020-06-28,San Luis Obispo,079,281455,818,531,6,537,1
2020-06-28,San Mateo,081,765935,3606,3124,5,3129,84
2020-06-28,Santa Barbara,083,443738,3624,2872,28,2900,25
2020-06-28,Santa Clara,085,1922200,5723,4131,17,4148,156
2020-06-28,Santa Cruz,087,273765,444,349,0,349,2
2020-06-28,Shasta,089,179085,199,89,0,89,5
2020-06-28,Sierra,091,2930,1,1,0,1,0
2020-06-28,Siskiyou,093,43540,35,25,0,25,0
2020-06-28,Solano,095,438530,1752,1077,7,1084,21
2020-06-28,Sonoma,097,501317,1425,1084,5,1089,5
2020-06-28,Stanislaus,099,539301,3854,2376,6,2382,36
2020-06-28,Sutter,101,95872,198,145,0,145,2
2020-06-28,Tehama,103,63373,93,63,2,65,1
2020-06-28,Trinity,105,12862,17,2,4,6,0
2020-06-28,Tulare,107,460477,5363,3812,10,3822,117
2020-06-28,Tuolumne,109,53932,42,14,2,16,0
2020-06-28,Ventura,111,848112,4243,2650,16,2666,40
2020-06-28,Yolo,113,214977,687,468,3,471,24
2020-06-28,Yuba,115,75493,89,39,0,39,1
2020-06-27,Alameda,001,1643700,6784,5581,8,5589,135
2020-06-27,Alpine,002,1148,1,1,0,1,0
2020-06-27,Amador,005,37829,27,20,0,20,0
2020-06-27,Butte,007,227075,260,137,15,152,2
2020-06-27,Calaveras,009,45235,49,30,0,30,0
2020-06-27,Colusa,011,21464,68,17,0,17,0
2020-06-27,Contra Costa,013,1133247,3696,2717,3,2720,72
2020-06-27,Del Norte,015,27424,58,47,0,47,0
2020-06-27,El Dorado,017,186661,270,159,2,161,0
2020-06-27,Fresno,019,978130,9059,4238,71,4309,74
2020-06-27,Glenn,021,27897,144,77,0,77,0
2020-06-27,Humboldt,023,135768,154,127,0,127,3
2020-06-27,Imperial,025,180216,7817,5513,4,5517,45
2020-06-27,Inyo,027,18085,33,29,0,29,1
2020-06-27,Kern,029,883053,8128,4411,28,4439,70
2020-06-27,Kings,031,150075,2658,2187,5,2192,18
2020-06-27,Lake,033,64148,81,42,0,42,0
2020-06-27,Lassen,035,31185,240,33,2,35,0
2020-06-27,Los Angeles,037,10098052,113444,95341,37,95378,3291
2020-06-27,Madera,039,155013,864,427,2,429,4
2020-06-27,Marin,041,260295,2609,1423,4,1427,17
2020-06-27,Mariposa,043,17540,31,22,0,22,1
2020-06-27,Mendocino,045,87422,85,63,0,63,0
2020-06-27,Merced,047,269075,1577,807,0,807,10
2020-06-27,Modoc,049,8938,1,0,0,0,0
2020-06-27,Mono,051,14174,46,35,0,35,1
2020-06-27,Monterey,053,433212,2066,1455,3,1458,12
2020-06-27,Napa,055,140530,420,282,0,282,3
2020-06-27,Nevada,057,99092,140,102,2,104,1
2020-06-27,Orange,059,3164182,21694,12951,176,13127,320
2020-06-27,Placer,061,380077,909,584,3,587,10
2020-06-27,Plumas,063,18699,11,6,0,6,0
2020-06-27,Riverside,065,2383286,22643,16209,25,16234,432
2020-06-27,Sacramento,067,1510023,3962,2685,6,2691,63
2020-06-27,San Benito,069,59416,267,182,0,182,2
2020-06-27,San Bernardino,071,2135413,17778,11238,9,11247,243
2020-06-27,San Diego,073,3302833,16492,12836,2,12838,360
2020-06-27,San Francisco,075,870044,3915,3332,1,3333,49
2020-06-27,San Joaquin,077,732212,4768,2995,3,2998,52
2020-06-27,San Luis Obispo,079,281455,795,505,6,511,1
2020-06-27,San Mateo,081,765935,3549,3083,5,3088,83
2020-06-27,Santa Barbara,083,443738,3552,2799,28,2827,25
2020-06-27,Santa Clara,085,1922200,5617,4006,17,4023,157
2020-06-27,Santa Cruz,087,273765,437,347,0,347,2
2020-06-27,Shasta,089,179085,193,87,0,87,5
2020-06-27,Sierra,091,2930,1,1,0,1,0
2020-06-27,Siskiyou,093,43540,35,25,0,25,0
2020-06-27,Solano,095,438530,1719,1076,7,1083,21
2020-06-27,Sonoma,097,501317,1392,1004,5,1009,5
2020-06-27,Stanislaus,099,539301,3754,2164,6,2170,36
2020-06-27,Sutter,101,95872,191,141,0,141,2
2020-06-27,Tehama,103,63373,90,63,2,65,1
2020-06-27,Trinity,105,12862,17,2,4,6,0
2020-06-27,Tulare,107,460477,5266,3810,10,3820,117
2020-06-27,Tuolumne,109,53932,41,13,2,15,0
2020-06-27,Ventura,111,848112,4144,2471,16,2487,40
2020-06-27,Yolo,113,214977,663,432,3,435,24
2020-06-27,Yuba,115,75493,81,39,0,39,1
2020-06-26,Alameda,001,1643700,6698,5502,7,5509,132
2020-06-26,Alpine,002,1148,1,1,0,1,0
2020-06-26,Amador,005,37829,26,20,0,20,0
2020-06-26,Butte,007,227075,245,135,15,150,2
2020-06-26,Calaveras,009,45235,47,30,0,30,0
2020-06-26,Colusa,011,21464,63,17,0,17,0
2020-06-26,Contra Costa,013,1133247,3583,2676,3,2679,72
2020-06-26,Del Norte,015,27424,57,47,0,47,0
2020-06-26,El Dorado,017,186661,262,159,2,161,0
2020-06-26,Fresno,019,978130,8835,4166,71,4237,74
2020-06-26,Glenn,021,27897,137,71,0,71,0
2020-06-26,Humboldt,023,135768,152,126,0,126,3
2020-06-26,Imperial,025,180216,7754,5400,4,5404,44
2020-06-26,Inyo,027,18085,32,29,0,29,1
2020-06-26,Kern,029,883053,7798,4366,28,4394,70
2020-06-26,Kings,031,150075,2626,2176,4,2180,18
2020-06-26,Lake,033,64148,80,42,0,42,0
2020-06-26,Lassen,035,31185,239,30,2,32,0
2020-06-26,Los Angeles,037,10098052,111280,93328,37,93365,3275
2020-06-26,Madera,039,155013,832,409,2,411,4
2020-06-26,Marin,041,260295,2572,1406,4,1410,17
2020-06-26,Mariposa,043,17540,30,21,0,21,1
2020-06-26,Mendocino,045,87422,82,63,0,63,0
2020-06-26,Merced,047,269075,1530,797,0,797,10
2020-06-26,Modoc,049,8938,1,0,0,0,0
2020-06-26,Mono,051,14174,45,35,0,35,1
2020-06-26,Monterey,053,433212,2014,1449,3,1452,12
2020-06-26,Napa,055,140530,410,277,0,277,3
2020-06-26,Nevada,057,99092,136,101,1,102,1
2020-06-26,Orange,059,3164182,21015,12659,173,12832,320
2020-06-26,Placer,061,380077,880,584,3,587,10
2020-06-26,Plumas,063,18699,11,6,0,6,0
2020-06-26,Riverside,065,2383286,22180,15858,25,15883,430
2020-06-26,Sacramento,067,1510023,3797,2687,6,2693,63
2020-06-26,San Benito,069,59416,263,176,0,176,2
2020-06-26,San Bernardino,071,2135413,17400,11111,9,11120,243
2020-06-26,San Diego,073,3302833,16127,12402,2,12404,358
2020-06-26,San Francisco,075,870044,3860,3330,1,3331,49
2020-06-26,San Joaquin,077,732212,4554,2943,3,2946,52
2020-06-26,San Luis Obispo,079,281455,780,498,6,504,1
2020-06-26,San Mateo,081,765935,3497,3055,5,3060,83
2020-06-26,Santa Barbara,083,443738,3462,2784,26,2810,25
2020-06-26,Santa Clara,085,1922200,5517,3968,17,3985,156
2020-06-26,Santa Cruz,087,273765,430,344,0,344,2
2020-06-26,Shasta,089,179085,186,86,0,86,5
2020-06-26,Sierra,091,2930,1,1,0,1,0
2020-06-26,Siskiyou,093,43540,34,24,0,24,0
2020-06-26,Solano,095,438530,1677,1068,7,1075,21
2020-06-26,Sonoma,097,501317,1361,977,5,982,5
2020-06-26,Stanislaus,099,539301,3641,2157,6,2163,36
2020-06-26,Sutter,101,95872,184,138,0,138,2
2020-06-26,Tehama,103,63373,87,63,2,65,1
2020-06-26,Trinity,105,12862,17,2,4,6,0
2020-06-26,Tulare,107,460477,5177,3720,10,3730,117
2020-06-26,Tuolumne,109,53932,39,10,2,12,0
2020-06-26,Ventura,111,848112,4058,2444,16,2460,40
2020-06-26,Yolo,113,214977,640,418,3,421,24
2020-06-26,Yuba,115,75493,75,38,0,38,1
2020-06-25,Alameda,001,1643700,6509,5398,7,5405,130
2020-06-25,Alpine,002,1148,1,1,0,1,0
2020-06-25,Amador,005,37829,25,18,0,18,0
2020-06-25,Butte,007,227075,240,127,15,142,1
2020-06-25,Calaveras,009,45235,42,26,0,26,0
2020-06-25,Colusa,011,21464,53,14,0,14,0
2020-06-25,Contra Costa,013,1133247,3398,2591,3,2594,71
2020-06-25,Del Norte,015,27424,55,47,0,47,0
2020-06-25,El Dorado,017,186661,254,150,2,152,0
2020-06-25,Fresno,019,978130,8522,3938,70,4008,71
2020-06-25,Glenn,021,27897,132,59,0,59,0
2020-06-25,Humboldt,023,135768,151,121,0,121,3
2020-06-25,Imperial,025,180216,7625,5192,4,5196,44
2020-06-25,Inyo,027,18085,29,27,0,27,1
2020-06-25,Kern,029,883053,7374,4236,25,4261,69
2020-06-25,Kings,031,150075,2574,2110,4,2114,17
2020-06-25,Lake,033,64148,79,42,0,42,0
2020-06-25,Lassen,035,31185,233,13,2,15,0
2020-06-25,Los Angeles,037,10098052,108512,91524,37,91561,3239
2020-06-25,Madera,039,155013,788,380,2,382,4
2020-06-25,Marin,041,260295,2470,1321,4,1325,17
2020-06-25,Mariposa,043,17540,29,20,0,20,1
2020-06-25,Mendocino,045,87422,79,61,0,61,0
2020-06-25,Merced,047,269075,1442,747,0,747,10
2020-06-25,Modoc,049,8938,1,0,0,0,0
2020-06-25,Mono,051,14174,44,35,0,35,1
2020-06-25,Monterey,053,433212,1926,1426,3,1429,12
2020-06-25,Napa,055,140530,392,260,0,260,3
2020-06-25,Nevada,057,99092,128,92,1,93,1
2020-06-25,Orange,059,3164182,20088,12221,171,12392,311
2020-06-25,Placer,061,380077,826,574,3,577,10
2020-06-25,Plumas,063,18699,10,6,0,6,0
2020-06-25,Riverside,065,2383286,21425,15224,25,15249,427
2020-06-25,Sacramento,067,1510023,3574,2519,6,2525,62
2020-06-25,San Benito,069,59416,255,174,0,174,2
2020-06-25,San Bernardino,071,2135413,16649,10590,9,10599,242
2020-06-25,San Diego,073,3302833,15588,11963,2,11965,352
2020-06-25,San Francisco,075,870044,3794,3252,1,3253,48
2020-06-25,San Joaquin,077,732212,4282,2803,3,2806,50
2020-06-25,San Luis Obispo,079,281455,748,473,6,479,1
2020-06-25,San Mateo,081,765935,3429,2996,4,3000,82
2020-06-25,Santa Barbara,083,443738,3357,2622,25,2647,25
2020-06-25,Santa Clara,085,1922200,5367,3871,17,3888,156
2020-06-25,Santa Cruz,087,273765,418,335,0,335,2
2020-06-25,Shasta,089,179085,176,84,0,84,5
2020-06-25,Sierra,091,2930,1,1,0,1,0
2020-06-25,Siskiyou,093,43540,33,24,0,24,0
2020-06-25,Solano,095,438530,1624,1034,7,1041,21
2020-06-25,Sonoma,097,501317,1312,953,4,957,5
2020-06-25,Stanislaus,099,539301,3429,2130,6,2136,36
2020-06-25,Sutter,101,95872,172,126,0,126,2
2020-06-25,Tehama,103,63373,83,59,2,61,1
2020-06-25,Trinity,105,12862,17,2,4,6,0
2020-06-25,Tulare,107,460477,5046,3656,10,3666,117
2020-06-25,Tuolumne,109,53932,38,10,1,11,0
2020-06-25,Ventura,111,848112,3876,2346,15,2361,40
2020-06-25,Yolo,113,214977,611,397,3,400,24
2020-06-25,Yuba,115,75493,64,38,0,38,1
2020-06-24,Alameda,001,1643700,6347,5242,7,5249,123
2020-06-24,Alpine,002,1148,1,1,0,1,0
2020-06-24,Amador,005,37829,23,16,0,16,0
2020-06-24,Butte,007,227075,224,119,14,133,1
2020-06-24,Calaveras,009,45235,40,26,0,26,0
2020-06-24,Colusa,011,21464,44,11,0,11,0
2020-06-24,Contra Costa,013,1133247,3243,2520,3,2523,66
2020-06-24,Del Norte,015,27424,49,47,0,47,0
2020-06-24,El Dorado,017,186661,238,149,2,151,0
2020-06-24,Fresno,019,978130,8191,3765,70,3835,71
2020-06-24,Glenn,021,27897,124,54,0,54,0
2020-06-24,Humboldt,023,135768,151,117,0,117,3
2020-06-24,Imperial,025,180216,7506,5138,4,5142,38
2020-06-24,Inyo,027,18085,29,28,0,28,1
2020-06-24,Kern,029,883053,6981,4155,23,4178,67
2020-06-24,Kings,031,150075,2510,2063,4,2067,16
2020-06-24,Lake,033,64148,66,40,0,40,0
2020-06-24,Lassen,035,31185,232,9,2,11,0
2020-06-24,Los Angeles,037,10098052,105751,89566,37,89603,3186
2020-06-24,Madera,039,155013,766,373,2,375,4
2020-06-24,Marin,041,260295,2242,1261,4,1265,17
2020-06-24,Mariposa,043,17540,28,19,0,19,1
2020-06-24,Mendocino,045,87422,79,60,0,60,0
2020-06-24,Merced,047,269075,1354,696,0,696,8
2020-06-24,Modoc,049,8938,1,0,0,0,0
2020-06-24,Mono,051,14174,42,35,0,35,1
2020-06-24,Monterey,053,433212,1850,1407,3,1410,12
2020-06-24,Napa,055,140530,375,258,0,258,3
2020-06-24,Nevada,057,99092,122,92,1,93,1
2020-06-24,Orange,059,3164182,19090,11804,153,11957,303
2020-06-24,Placer,061,380077,787,548,3,551,10
2020-06-24,Plumas,063,18699,10,6,0,6,0
2020-06-24,Riverside,065,2383286,20577,14946,25,14971,410
2020-06-24,Sacramento,067,1510023,3370,2446,5,2451,62
2020-06-24,San Benito,069,59416,251,171,0,171,2
2020-06-24,San Bernardino,071,2135413,15835,10211,9,10220,239
2020-06-24,San Diego,073,3302833,15085,11628,2,11630,347
2020-06-24,San Francisco,075,870044,3731,3216,1,3217,48
2020-06-24,San Joaquin,077,732212,4061,2680,3,2683,49
2020-06-24,San Luis Obispo,079,281455,717,461,5,466,1
2020-06-24,San Mateo,081,765935,3372,2964,4,2968,82
2020-06-24,Santa Barbara,083,443738,3238,2569,23,2592,22
2020-06-24,Santa Clara,085,1922200,5236,3812,17,3829,155
2020-06-24,Santa Cruz,087,273765,406,329,0,329,2
2020-06-24,Shasta,089,179085,168,83,0,83,5
2020-06-24,Sierra,091,2930,1,1,0,1,0
2020-06-24,Siskiyou,093,43540,32,24,0,24,0
2020-06-24,Solano,095,438530,1535,979,6,985,21
2020-06-24,Sonoma,097,501317,1263,933,4,937,4
2020-06-24,Stanislaus,099,539301,3250,2039,6,2045,36
2020-06-24,Sutter,101,95872,159,118,0,118,2
2020-06-24,Tehama,103,63373,81,55,2,57,1
2020-06-24,Trinity,105,12862,16,2,3,5,0
2020-06-24,Tulare,107,460477,4891,3541,10,3551,116
2020-06-24,Tuolumne,109,53932,33,9,1,10,0
2020-06-24,Ventura,111,848112,3535,2314,15,2329,42
2020-06-24,Yolo,113,214977,576,376,3,379,24
2020-06-24,Yuba,115,75493,58,37,0,37,1
2020-06-23,Alameda,001,1643700,6167,5159,7,5166,121
2020-06-23,Alpine,002,1148,1,1,0,1,0
2020-06-23,Amador,005,37829,22,13,0,13,0
2020-06-23,Butte,007,227075,206,111,14,125,1
2020-06-23,Calaveras,009,45235,40,26,0,26,0
2020-06-23,Colusa,011,21464,40,7,0,7,0
2020-06-23,Contra Costa,013,1133247,3116,2453,3,2456,60
2020-06-23,Del Norte,015,27424,48,46,0,46,0
2020-06-23,El Dorado,017,186661,229,142,2,144,0
2020-06-23,Fresno,019,978130,7542,3569,68,3637,67
2020-06-23,Glenn,021,27897,120,47,0,47,0
2020-06-23,Humboldt,023,135768,151,110,0,110,3
2020-06-23,Imperial,025,180216,7342,5025,4,5029,38
2020-06-23,Inyo,027,18085,29,26,0,26,1
2020-06-23,Kern,029,883053,6614,4087,20,4107,64
2020-06-23,Kings,031,150075,2445,1727,4,1731,16
2020-06-23,Lake,033,64148,60,40,0,40,0
2020-06-23,Lassen,035,31185,228,9,2,11,0
2020-06-23,Los Angeles,037,10098052,102807,88433,36,88469,3152
2020-06-23,Madera,039,155013,727,369,2,371,4
2020-06-23,Marin,041,260295,1974,1139,4,1143,17
2020-06-23,Mariposa,043,17540,26,18,0,18,1
2020-06-23,Mendocino,045,87422,78,61,0,61,0
2020-06-23,Merced,047,269075,1257,656,0,656,8
2020-06-23,Modoc,049,8938,1,0,0,0,0
2020-06-23,Mono,051,14174,42,35,0,35,1
2020-06-23,Monterey,053,433212,1780,1346,3,1349,12
2020-06-23,Napa,055,140530,360,230,0,230,3
2020-06-23,Nevada,057,99092,116,81,1,82,1
2020-06-23,Orange,059,3164182,18113,11071,150,11221,278
2020-06-23,Placer,061,380077,761,525,3,528,10
2020-06-23,Plumas,063,18699,9,6,0,6,0
2020-06-23,Riverside,065,2383286,19558,14469,25,14494,406
2020-06-23,Sacramento,067,1510023,3191,2374,5,2379,62
2020-06-23,San Benito,069,59416,237,167,0,167,2
2020-06-23,San Bernardino,071,2135413,15053,9771,9,9780,229
2020-06-23,San Diego,073,3302833,14565,11296,2,11298,341
2020-06-23,San Francisco,075,870044,3658,3177,1,3178,48
2020-06-23,San Joaquin,077,732212,3802,2502,3,2505,48
2020-06-23,San Luis Obispo,079,281455,686,445,5,450,1
2020-06-23,San Mateo,081,765935,3307,2907,4,2911,81
2020-06-23,Santa Barbara,083,443738,3143,2498,23,2521,22
2020-06-23,Santa Clara,085,1922200,5091,3700,17,3717,155
2020-06-23,Santa Cruz,087,273765,396,313,0,313,2
2020-06-23,Shasta,089,179085,159,81,0,81,5
2020-06-23,Sierra,091,2930,1,1,0,1,0
2020-06-23,Siskiyou,093,43540,30,24,0,24,0
2020-06-23,Solano,095,438530,1478,941,5,946,21
2020-06-23,Sonoma,097,501317,1210,912,4,916,4
2020-06-23,Stanislaus,099,539301,3073,1850,6,1856,35
2020-06-23,Sutter,101,95872,149,112,0,112,2
2020-06-23,Tehama,103,63373,79,50,2,52,1
2020-06-23,Trinity,105,12862,16,2,3,5,0
2020-06-23,Tulare,107,460477,4769,3456,10,3466,111
2020-06-23,Tuolumne,109,53932,28,9,0,9,0
2020-06-23,Ventura,111,848112,3375,2209,14,2223,40
2020-06-23,Yolo,113,214977,549,350,0,350,24
2020-06-23,Yuba,115,75493,55,35,0,35,1
2020-06-22,Alameda,001,1643700,6016,4944,7,4951,121
2020-06-22,Alpine,002,1148,1,1,0,1,0
2020-06-22,Amador,005,37829,19,12,0,12,0
2020-06-22,Butte,007,227075,187,104,14,118,1
2020-06-22,Calaveras,009,45235,38,20,0,20,0
2020-06-22,Colusa,011,21464,37,7,0,7,0
2020-06-22,Contra Costa,013,1133247,2975,2363,3,2366,60
2020-06-22,Del Norte,015,27424,48,46,0,46,0
2020-06-22,El Dorado,017,186661,220,137,2,139,0
2020-06-22,Fresno,019,978130,7011,3425,68,3493,67
2020-06-22,Glenn,021,27897,111,40,0,40,0
2020-06-22,Humboldt,023,135768,148,110,0,110,3
2020-06-22,Imperial,025,180216,7185,4700,4,4704,38
2020-06-22,Inyo,027,18085,29,26,0,26,1
2020-06-22,Kern,029,883053,6262,3982,18,4000,60
2020-06-22,Kings,031,150075,2396,1513,4,1517,13
2020-06-22,Lake,033,64148,54,37,0,37,0
2020-06-22,Lassen,035,31185,118,7,2,9,0
2020-06-22,Los Angeles,037,10098052,99906,85925,35,85960,3117
2020-06-22,Madera,039,155013,702,333,2,335,4
2020-06-22,Marin,041,260295,1717,1029,4,1033,17
2020-06-22,Mariposa,043,17540,25,18,0,18,1
2020-06-22,Mendocino,045,87422,73,48,0,48,0
2020-06-22,Merced,047,269075,1170,619,0,619,8
2020-06-22,Modoc,049,8938,1,0,0,0,0
2020-06-22,Mono,051,14174,42,34,0,34,1
2020-06-22,Monterey,053,433212,1719,1293,3,1296,12
2020-06-22,Napa,055,140530,336,222,0,222,3
2020-06-22,Nevada,057,99092,111,79,1,80,1
2020-06-22,Orange,059,3164182,17177,10711,147,10858,275
2020-06-22,Placer,061,380077,735,512,3,515,9
2020-06-22,Plumas,063,18699,7,6,0,6,0
2020-06-22,Riverside,065,2383286,18586,13948,25,13973,403
2020-06-22,Sacramento,067,1510023,2975,2243,4,2247,62
2020-06-22,San Benito,069,59416,228,164,0,164,2
2020-06-22,San Bernardino,071,2135413,14280,9133,9,9142,229
2020-06-22,San Diego,073,3302833,14073,11098,2,11100,338
2020-06-22,San Francisco,075,870044,3565,3000,1,3001,47
2020-06-22,San Joaquin,077,732212,3554,2332,3,2335,48
2020-06-22,San Luis Obispo,079,281455,653,422,5,427,1
2020-06-22,San Mateo,081,765935,3233,2813,3,2816,81
2020-06-22,Santa Barbara,083,443738,3051,2447,23,2470,21
2020-06-22,Santa Clara,085,1922200,4929,3580,17,3597,155
2020-06-22,Santa Cruz,087,273765,383,290,0,290,3
2020-06-22,Shasta,089,179085,156,77,0,77,5
2020-06-22,Sierra,091,2930,1,1,0,1,0
2020-06-22,Siskiyou,093,43540,30,23,0,23,0
2020-06-22,Solano,095,438530,1400,784,4,788,21
2020-06-22,Sonoma,097,501317,1166,860,2,862,4
2020-06-22,Stanislaus,099,539301,2888,1784,6,1790,35
2020-06-22,Sutter,101,95872,140,100,0,100,2
2020-06-22,Tehama,103,63373,75,38,2,40,1
2020-06-22,Trinity,105,12862,16,2,3,5,0
2020-06-22,Tulare,107,460477,4632,3185,10,3195,111
2020-06-22,Tuolumne,109,53932,19,8,0,8,0
2020-06-22,Ventura,111,848112,3227,2065,14,2079,39
2020-06-22,Yolo,113,214977,523,333,0,333,24
2020-06-22,Yuba,115,75493,50,36,0,36,1
2020-06-21,Alameda,001,1643700,5822,4835,7,4842,121
2020-06-21,Alpine,002,1148,1,1,0,1,0
2020-06-21,Amador,005,37829,14,12,0,12,0
2020-06-21,Butte,007,227075,173,97,14,111,1
2020-06-21,Calaveras,009,45235,38,20,0,20,0
2020-06-21,Colusa,011,21464,29,7,0,7,0
2020-06-21,Contra Costa,013,1133247,2848,2282,3,2285,60
2020-06-21,Del Norte,015,27424,47,46,0,46,0
2020-06-21,El Dorado,017,186661,211,132,2,134,0
2020-06-21,Fresno,019,978130,6440,3296,67,3363,67
2020-06-21,Glenn,021,27897,102,40,0,40,0
2020-06-21,Humboldt,023,135768,143,108,0,108,3
2020-06-21,Imperial,025,180216,7002,4701,4,4705,38
2020-06-21,Inyo,027,18085,27,26,0,26,1
2020-06-21,Kern,029,883053,5970,3918,16,3934,60
2020-06-21,Kings,031,150075,2332,1334,4,1338,11
2020-06-21,Lake,033,64148,49,36,0,36,0
2020-06-21,Lassen,035,31185,25,7,2,9,0
2020-06-21,Los Angeles,037,10098052,97015,83383,34,83417,3101
2020-06-21,Madera,039,155013,668,319,2,321,4
2020-06-21,Marin,041,260295,1560,907,4,911,17
2020-06-21,Mariposa,043,17540,22,18,0,18,1
2020-06-21,Mendocino,045,87422,70,48,0,48,0
2020-06-21,Merced,047,269075,1075,577,0,577,8
2020-06-21,Modoc,049,8938,1,0,0,0,0
2020-06-21,Mono,051,14174,42,34,0,34,1
2020-06-21,Monterey,053,433212,1646,1227,3,1230,12
2020-06-21,Napa,055,140530,321,218,0,218,3
2020-06-21,Nevada,057,99092,108,79,1,80,1
2020-06-21,Orange,059,3164182,16339,10563,144,10707,275
2020-06-21,Placer,061,380077,695,498,3,501,9
2020-06-21,Plumas,063,18699,7,6,0,6,0
2020-06-21,Riverside,065,2383286,17879,13528,24,13552,402
2020-06-21,Sacramento,067,1510023,2774,2156,3,2159,62
2020-06-21,San Benito,069,59416,214,151,0,151,2
2020-06-21,San Bernardino,071,2135413,13505,8925,8,8933,229
2020-06-21,San Diego,073,3302833,13527,10796,2,10798,338
2020-06-21,San Francisco,075,870044,3459,3000,1,3001,47
2020-06-21,San Joaquin,077,732212,3318,2188,3,2191,48
2020-06-21,San Luis Obispo,079,281455,627,418,5,423,1
2020-06-21,San Mateo,081,765935,3175,2781,3,2784,81
2020-06-21,Santa Barbara,083,443738,2944,2430,22,2452,21
2020-06-21,Santa Clara,085,1922200,4792,3514,17,3531,154
2020-06-21,Santa Cruz,087,273765,373,290,0,290,3
2020-06-21,Shasta,089,179085,146,75,0,75,5
2020-06-21,Sierra,091,2930,1,1,0,1,0
2020-06-21,Siskiyou,093,43540,30,23,0,23,0
2020-06-21,Solano,095,438530,1300,783,4,787,21
2020-06-21,Sonoma,097,501317,1116,836,2,838,4
2020-06-21,Stanislaus,099,539301,2702,1688,6,1694,35
2020-06-21,Sutter,101,95872,132,96,0,96,2
2020-06-21,Tehama,103,63373,64,35,2,37,1
2020-06-21,Trinity,105,12862,15,2,3,5,0
2020-06-21,Tulare,107,460477,4463,3173,10,3183,111
2020-06-21,Tuolumne,109,53932,17,8,0,8,0
2020-06-21,Ventura,111,848112,3049,2021,14,2035,39
2020-06-21,Yolo,113,214977,491,323,0,323,24
2020-06-21,Yuba,115,75493,46,35,0,35,1
2020-06-20,Alameda,001,1643700,5760,4758,7,4765,119
2020-06-20,Alpine,002,1148,1,1,0,1,0
2020-06-20,Amador,005,37829,14,12,0,12,0
2020-06-20,Butte,007,227075,166,94,14,108,1
2020-06-20,Calaveras,009,45235,38,20,0,20,0
2020-06-20,Colusa,011,21464,26,7,0,7,0
2020-06-20,Contra Costa,013,1133247,2789,2231,3,2234,54
2020-06-20,Del Norte,015,27424,47,46,0,46,0
2020-06-20,El Dorado,017,186661,206,130,2,132,0
2020-06-20,Fresno,019,978130,6314,3222,64,3286,67
2020-06-20,Glenn,021,27897,97,40,0,40,0
2020-06-20,Humboldt,023,135768,143,108,0,108,3
2020-06-20,Imperial,025,180216,6922,4616,4,4620,37
2020-06-20,Inyo,027,18085,27,26,0,26,1
2020-06-20,Kern,029,883053,5805,3836,16,3852,59
2020-06-20,Kings,031,150075,2308,1331,4,1335,9
2020-06-20,Lake,033,64148,49,37,0,37,0
2020-06-20,Lassen,035,31185,24,7,2,9,0
2020-06-20,Los Angeles,037,10098052,95441,81604,33,81637,3093
2020-06-20,Madera,039,155013,635,321,2,323,4
2020-06-20,Marin,041,260295,1540,879,4,883,17
2020-06-20,Mariposa,043,17540,22,18,0,18,1
2020-06-20,Mendocino,045,87422,69,48,0,48,0
2020-06-20,Merced,047,269075,1037,566,0,566,8
2020-06-20,Modoc,049,8938,1,0,0,0,0
2020-06-20,Mono,051,14174,42,34,0,34,1
2020-06-20,Monterey,053,433212,1610,1181,3,1184,12
2020-06-20,Napa,055,140530,312,212,0,212,3
2020-06-20,Nevada,057,99092,105,73,1,74,1
2020-06-20,Orange,059,3164182,15988,10284,140,10424,273
2020-06-20,Placer,061,380077,670,483,3,486,9
2020-06-20,Plumas,063,18699,6,6,0,6,0
2020-06-20,Riverside,065,2383286,17579,13021,24,13045,402
2020-06-20,Sacramento,067,1510023,2703,2069,3,2072,63
2020-06-20,San Benito,069,59416,210,139,0,139,2
2020-06-20,San Bernardino,071,2135413,13141,8718,8,8726,229
2020-06-20,San Diego,073,3302833,13204,10486,2,10488,338
2020-06-20,San Francisco,075,870044,3415,2999,1,3000,47
2020-06-20,San Joaquin,077,732212,3236,2046,3,2049,48
2020-06-20,San Luis Obispo,079,281455,613,405,5,410,1
2020-06-20,San Mateo,081,765935,3127,2755,3,2758,81
2020-06-20,Santa Barbara,083,443738,2887,2358,21,2379,21
2020-06-20,Santa Clara,085,1922200,4718,3435,17,3452,154
2020-06-20,Santa Cruz,087,273765,371,287,0,287,3
2020-06-20,Shasta,089,179085,140,66,0,66,5
2020-06-20,Sierra,091,2930,1,1,0,1,0
2020-06-20,Siskiyou,093,43540,29,22,0,22,0
2020-06-20,Solano,095,438530,1276,784,4,788,21
2020-06-20,Sonoma,097,501317,1080,806,2,808,4
2020-06-20,Stanislaus,099,539301,2594,1598,6,1604,35
2020-06-20,Sutter,101,95872,130,89,0,89,2
2020-06-20,Tehama,103,63373,62,35,2,37,1
2020-06-20,Trinity,105,12862,15,2,3,5,0
2020-06-20,Tulare,107,460477,4390,3172,10,3182,111
2020-06-20,Tuolumne,109,53932,14,8,0,8,0
2020-06-20,Ventura,111,848112,2983,1946,14,1960,37
2020-06-20,Yolo,113,214977,475,309,0,309,24
2020-06-20,Yuba,115,75493,44,34,0,34,1
2020-06-19,Alameda,001,1643700,5687,4646,7,4653,119
2020-06-19,Alpine,002,1148,1,1,0,1,0
2020-06-19,Amador,005,37829,14,12,0,12,0
2020-06-19,Butte,007,227075,161,91,14,105,1
2020-06-19,Calaveras,009,45235,37,20,0,20,0
2020-06-19,Colusa,011,21464,24,7,0,7,0
2020-06-19,Contra Costa,013,1133247,2709,2106,3,2109,54
2020-06-19,Del Norte,015,27424,47,46,0,46,0
2020-06-19,El Dorado,017,186661,198,124,2,126,0
2020-06-19,Fresno,019,978130,6151,3109,63,3172,61
2020-06-19,Glenn,021,27897,91,40,0,40,0
2020-06-19,Humboldt,023,135768,141,106,0,106,3
2020-06-19,Imperial,025,180216,6830,4504,4,4508,36
2020-06-19,Inyo,027,18085,27,26,0,26,1
2020-06-19,Kern,029,883053,5582,3742,15,3757,57
2020-06-19,Kings,031,150075,2287,1285,4,1289,9
2020-06-19,Lake,033,64148,46,36,0,36,0
2020-06-19,Lassen,035,31185,23,7,2,9,0
2020-06-19,Los Angeles,037,10098052,93452,79572,32,79604,3047
2020-06-19,Madera,039,155013,616,300,2,302,4
2020-06-19,Marin,041,260295,1511,829,4,833,17
2020-06-19,Mariposa,043,17540,21,18,0,18,1
2020-06-19,Mendocino,045,87422,68,48,0,48,0
2020-06-19,Merced,047,269075,992,529,0,529,8
2020-06-19,Modoc,049,8938,1,0,0,0,0
2020-06-19,Mono,051,14174,42,34,0,34,1
2020-06-19,Monterey,053,433212,1581,1159,3,1162,12
2020-06-19,Napa,055,140530,302,209,0,209,3
2020-06-19,Nevada,057,99092,102,71,1,72,1
2020-06-19,Orange,059,3164182,15454,9972,133,10105,260
2020-06-19,Placer,061,380077,652,464,3,467,9
2020-06-19,Plumas,063,18699,6,5,0,5,0
2020-06-19,Riverside,065,2383286,17174,12710,24,12734,398
2020-06-19,Sacramento,067,1510023,2620,1976,3,1979,64
2020-06-19,San Benito,069,59416,209,136,0,136,2
2020-06-19,San Bernardino,071,2135413,12736,8454,7,8461,226
2020-06-19,San Diego,073,3302833,12841,10352,2,10354,332
2020-06-19,San Francisco,075,870044,3360,2968,1,2969,47
2020-06-19,San Joaquin,077,732212,3113,1969,3,1972,48
2020-06-19,San Luis Obispo,079,281455,597,392,5,397,1
2020-06-19,San Mateo,081,765935,3088,2713,3,2716,81
2020-06-19,Santa Barbara,083,443738,2814,2284,19,2303,21
2020-06-19,Santa Clara,085,1922200,4645,3376,17,3393,154
2020-06-19,Santa Cruz,087,273765,361,283,0,283,3
2020-06-19,Shasta,089,179085,137,58,0,58,5
2020-06-19,Sierra,091,2930,1,1,0,1,0
2020-06-19,Siskiyou,093,43540,29,21,0,21,0
2020-06-19,Solano,095,438530,1238,755,4,759,21
2020-06-19,Sonoma,097,501317,1053,803,2,805,4
2020-06-19,Stanislaus,099,539301,2484,1549,6,1555,35
2020-06-19,Sutter,101,95872,129,89,0,89,2
2020-06-19,Tehama,103,63373,61,35,2,37,1
2020-06-19,Trinity,105,12862,15,2,3,5,0
2020-06-19,Tulare,107,460477,4320,3053,10,3063,107
2020-06-19,Tuolumne,109,53932,13,8,0,8,0
2020-06-19,Ventura,111,848112,2899,1865,14,1879,37
2020-06-19,Yolo,113,214977,456,303,0,303,24
2020-06-19,Yuba,115,75493,43,33,0,33,1
2020-06-18,Alameda,001,1643700,5558,4589,7,4596,118
2020-06-18,Alpine,002,1148,1,1,0,1,0
2020-06-18,Amador,005,37829,13,12,0,12,0
2020-06-18,Butte,007,227075,156,88,14,102,1
2020-06-18,Calaveras,009,45235,37,20,0,20,0
2020-06-18,Colusa,011,21464,20,7,0,7,0
2020-06-18,Contra Costa,013,1133247,2602,2072,3,2075,53
2020-06-18,Del Norte,015,27424,47,46,0,46,0
2020-06-18,El Dorado,017,186661,194,121,2,123,0
2020-06-18,Fresno,019,978130,5885,2947,62,3009,57
2020-06-18,Glenn,021,27897,82,35,0,35,0
2020-06-18,Humboldt,023,135768,140,106,0,106,3
2020-06-18,Imperial,025,180216,6680,4366,4,4370,36
2020-06-18,Inyo,027,18085,26,25,0,25,1
2020-06-18,Kern,029,883053,5364,3634,14,3648,57
2020-06-18,Kings,031,150075,2228,1141,4,1145,8
2020-06-18,Lake,033,64148,45,36,0,36,0
2020-06-18,Lassen,035,31185,22,5,2,7,0
2020-06-18,Los Angeles,037,10098052,91182,78244,32,78276,3009
2020-06-18,Madera,039,155013,581,288,2,290,4
2020-06-18,Marin,041,260295,1448,819,4,823,17
2020-06-18,Mariposa,043,17540,19,18,0,18,1
2020-06-18,Mendocino,045,87422,64,45,0,45,0
2020-06-18,Merced,047,269075,941,486,0,486,7
2020-06-18,Modoc,049,8938,1,0,0,0,0
2020-06-18,Mono,051,14174,42,34,0,34,1
2020-06-18,Monterey,053,433212,1513,1127,3,1130,12
2020-06-18,Napa,055,140530,287,205,0,205,3
2020-06-18,Nevada,057,99092,98,68,1,69,1
2020-06-18,Orange,059,3164182,14797,9597,114,9711,255
2020-06-18,Placer,061,380077,629,457,3,460,9
2020-06-18,Plumas,063,18699,6,5,0,5,0
2020-06-18,Riverside,065,2383286,16557,12410,24,12434,392
2020-06-18,Sacramento,067,1510023,2504,1938,3,1941,63
2020-06-18,San Benito,069,59416,203,134,0,134,2
2020-06-18,San Bernardino,071,2135413,12096,8141,7,8148,226
2020-06-18,San Diego,073,3302833,12419,10094,2,10096,331
2020-06-18,San Francisco,075,870044,3311,2951,1,2952,47
2020-06-18,San Joaquin,077,732212,2961,1908,3,1911,47
2020-06-18,San Luis Obispo,079,281455,576,378,5,383,1
2020-06-18,San Mateo,081,765935,3049,2674,3,2677,78
2020-06-18,Santa Barbara,083,443738,2740,2201,19,2220,19
2020-06-18,Santa Clara,085,1922200,4542,3338,17,3355,152
2020-06-18,Santa Cruz,087,273765,344,275,0,275,3
2020-06-18,Shasta,089,179085,126,51,0,51,4
2020-06-18,Sierra,091,2930,1,1,0,1,0
2020-06-18,Siskiyou,093,43540,29,18,0,18,0
2020-06-18,Solano,095,438530,1200,735,4,739,21
2020-06-18,Sonoma,097,501317,1011,789,2,791,4
2020-06-18,Stanislaus,099,539301,2351,1495,6,1501,35
2020-06-18,Sutter,101,95872,125,85,0,85,2
2020-06-18,Tehama,103,63373,56,31,2,33,1
2020-06-18,Trinity,105,12862,15,2,3,5,0
2020-06-18,Tulare,107,460477,4197,3005,10,3015,107
2020-06-18,Tuolumne,109,53932,12,8,0,8,0
2020-06-18,Ventura,111,848112,2773,1781,14,1795,37
2020-06-18,Yolo,113,214977,423,294,0,294,24
2020-06-18,Yuba,115,75493,42,32,0,32,1
2020-06-17,Alameda,001,1643700,5435,4485,7,4492,117
2020-06-17,Alpine,002,1148,1,1,0,1,0
2020-06-17,Amador,005,37829,12,10,0,10,0
2020-06-17,Butte,007,227075,147,81,14,95,1
2020-06-17,Calaveras,009,45235,37,20,0,20,0
2020-06-17,Colusa,011,21464,19,7,0,7,0
2020-06-17,Contra Costa,013,1133247,2505,2020,3,2023,45
2020-06-17,Del Norte,015,27424,47,45,0,45,0
2020-06-17,El Dorado,017,186661,187,116,2,118,0
2020-06-17,Fresno,019,978130,5659,2801,61,2862,56
2020-06-17,Glenn,021,27897,75,31,0,31,0
2020-06-17,Humboldt,023,135768,138,105,0,105,3
2020-06-17,Imperial,025,180216,6506,4108,4,4112,36
2020-06-17,Inyo,027,18085,25,25,0,25,1
2020-06-17,Kern,029,883053,5163,3547,14,3561,56
2020-06-17,Kings,031,150075,2198,1097,4,1101,7
2020-06-17,Lake,033,64148,44,32,0,32,0
2020-06-17,Lassen,035,31185,18,5,2,7,0
2020-06-17,Los Angeles,037,10098052,88874,77166,31,77197,2973
2020-06-17,Madera,039,155013,559,258,2,260,4
2020-06-17,Marin,041,260295,1256,771,3,774,17
2020-06-17,Mariposa,043,17540,18,18,0,18,1
2020-06-17,Mendocino,045,87422,62,42,0,42,0
2020-06-17,Merced,047,269075,868,460,0,460,7
2020-06-17,Modoc,049,8938,1,0,0,0,0
2020-06-17,Mono,051,14174,42,34,0,34,1
2020-06-17,Monterey,053,433212,1461,1077,3,1080,12
2020-06-17,Napa,055,140530,272,202,0,202,3
2020-06-17,Nevada,057,99092,94,57,1,58,1
2020-06-17,Orange,059,3164182,14186,9278,108,9386,230
2020-06-17,Placer,061,380077,609,427,3,430,9
2020-06-17,Plumas,063,18699,6,5,0,5,0
2020-06-17,Riverside,065,2383286,15921,11859,24,11883,370
2020-06-17,Sacramento,067,1510023,2397,1889,3,1892,63
2020-06-17,San Benito,069,59416,198,116,0,116,2
2020-06-17,San Bernardino,071,2135413,11547,7670,7,7677,225
2020-06-17,San Diego,073,3302833,12040,9856,2,9858,327
2020-06-17,San Francisco,075,870044,3272,2906,1,2907,46
2020-06-17,San Joaquin,077,732212,2788,1825,3,1828,46
2020-06-17,San Luis Obispo,079,281455,557,362,5,367,1
2020-06-17,San Mateo,081,765935,3002,2649,3,2652,78
2020-06-17,Santa Barbara,083,443738,2668,2147,17,2164,19
2020-06-17,Santa Clara,085,1922200,4449,3264,16,3280,148
2020-06-17,Santa Cruz,087,273765,338,265,0,265,2
2020-06-17,Shasta,089,179085,124,51,0,51,4
2020-06-17,Sierra,091,2930,1,1,0,1,0
2020-06-17,Siskiyou,093,43540,28,16,0,16,0
2020-06-17,Solano,095,438530,1150,722,4,726,21
2020-06-17,Sonoma,097,501317,986,748,2,750,4
2020-06-17,Stanislaus,099,539301,2227,1387,6,1393,35
2020-06-17,Sutter,101,95872,119,79,0,79,2
2020-06-17,Tehama,103,63373,41,24,2,26,1
2020-06-17,Trinity,105,12862,14,2,3,5,0
2020-06-17,Tulare,107,460477,4087,2882,10,2892,106
2020-06-17,Tuolumne,109,53932,12,7,0,7,0
2020-06-17,Ventura,111,848112,2673,1729,14,1743,37
2020-06-17,Yolo,113,214977,403,277,0,277,24
2020-06-17,Yuba,115,75493,41,30,0,30,1
2020-06-16,Alameda,001,1643700,5317,4428,7,4435,113
2020-06-16,Alpine,002,1148,1,1,0,1,0
2020-06-16,Amador,005,37829,12,10,0,10,0
2020-06-16,Butte,007,227075,143,79,14,93,1
2020-06-16,Calaveras,009,45235,34,19,0,19,0
2020-06-16,Colusa,011,21464,16,7,0,7,0
2020-06-16,Contra Costa,013,1133247,2413,1971,2,1973,45
2020-06-16,Del Norte,015,27424,47,45,0,45,0
2020-06-16,El Dorado,017,186661,181,115,2,117,0
2020-06-16,Fresno,019,978130,5420,2731,59,2790,50
2020-06-16,Glenn,021,27897,71,30,0,30,0
2020-06-16,Humboldt,023,135768,135,105,0,105,3
2020-06-16,Imperial,025,180216,6347,3939,4,3943,36
2020-06-16,Inyo,027,18085,25,24,0,24,1
2020-06-16,Kern,029,883053,4939,3496,14,3510,55
2020-06-16,Kings,031,150075,2152,1044,4,1048,6
2020-06-16,Lake,033,64148,44,31,0,31,0
2020-06-16,Lassen,035,31185,15,5,2,7,0
2020-06-16,Los Angeles,037,10098052,86552,75051,29,75080,2942
2020-06-16,Madera,039,155013,533,239,2,241,3
2020-06-16,Marin,041,260295,1203,725,3,728,17
2020-06-16,Mariposa,043,17540,18,17,0,17,1
2020-06-16,Mendocino,045,87422,61,35,0,35,0
2020-06-16,Merced,047,269075,821,436,0,436,7
2020-06-16,Modoc,049,8938,1,0,0,0,0
2020-06-16,Mono,051,14174,42,34,0,34,1
2020-06-16,Monterey,053,433212,1413,1019,3,1022,12
2020-06-16,Napa,055,140530,257,196,0,196,3
2020-06-16,Nevada,057,99092,91,53,1,54,1
2020-06-16,Orange,059,3164182,13601,9163,102,9265,223
2020-06-16,Placer,061,380077,577,392,3,395,9
2020-06-16,Plumas,063,18699,6,5,0,5,0
2020-06-16,Riverside,065,2383286,15246,11638,24,11662,364
2020-06-16,Sacramento,067,1510023,2287,1825,3,1828,60
2020-06-16,San Benito,069,59416,190,110,0,110,2
2020-06-16,San Bernardino,071,2135413,11003,7463,7,7470,225
2020-06-16,San Diego,073,3302833,11678,9732,1,9733,323
2020-06-16,San Francisco,075,870044,3221,2893,1,2894,46
2020-06-16,San Joaquin,077,732212,2635,1718,3,1721,47
2020-06-16,San Luis Obispo,079,281455,533,343,5,348,1
2020-06-16,San Mateo,081,765935,2948,2618,3,2621,77
2020-06-16,Santa Barbara,083,443738,2601,2090,17,2107,16
2020-06-16,Santa Clara,085,1922200,4338,3228,15,3243,148
2020-06-16,Santa Cruz,087,273765,322,257,0,257,2
2020-06-16,Shasta,089,179085,115,51,0,51,4
2020-06-16,Sierra,091,2930,1,1,0,1,0
2020-06-16,Siskiyou,093,43540,27,15,0,15,0
2020-06-16,Solano,095,438530,1060,694,4,698,19
2020-06-16,Sonoma,097,501317,954,739,2,741,4
2020-06-16,Stanislaus,099,539301,2073,1278,6,1284,36
2020-06-16,Sutter,101,95872,112,73,0,73,2
2020-06-16,Tehama,103,63373,37,24,2,26,1
2020-06-16,Trinity,105,12862,14,2,3,5,0
2020-06-16,Tulare,107,460477,3969,2802,10,2812,96
2020-06-16,Tuolumne,109,53932,12,7,0,7,0
2020-06-16,Ventura,111,848112,2573,1676,14,1690,37
2020-06-16,Yolo,113,214977,380,262,0,262,24
2020-06-16,Yuba,115,75493,39,29,0,29,1
2020-06-15,Alameda,001,1643700,5190,4323,7,4330,112
2020-06-15,Alpine,002,1148,1,1,0,1,0
2020-06-15,Amador,005,37829,12,10,0,10,0
2020-06-15,Butte,007,227075,135,78,14,92,1
2020-06-15,Calaveras,009,45235,34,18,0,18,0
2020-06-15,Colusa,011,21464,14,7,0,7,0
2020-06-15,Contra Costa,013,1133247,2337,1918,2,1920,43
2020-06-15,Del Norte,015,27424,47,45,0,45,0
2020-06-15,El Dorado,017,186661,171,114,2,116,0
2020-06-15,Fresno,019,978130,5206,2616,58,2674,48
2020-06-15,Glenn,021,27897,66,21,0,21,0
2020-06-15,Humboldt,023,135768,133,105,0,105,3
2020-06-15,Imperial,025,180216,6172,3726,4,3730,36
2020-06-15,Inyo,027,18085,25,23,0,23,1
2020-06-15,Kern,029,883053,4716,3417,14,3431,55
2020-06-15,Kings,031,150075,2076,1022,4,1026,6
2020-06-15,Lake,033,64148,44,31,0,31,0
2020-06-15,Lassen,035,31185,15,5,2,7,0
2020-06-15,Los Angeles,037,10098052,84365,73705,29,73734,2908
2020-06-15,Madera,039,155013,511,203,2,205,3
2020-06-15,Marin,041,260295,1036,708,3,711,17
2020-06-15,Mariposa,043,17540,18,17,0,17,1
2020-06-15,Mendocino,045,87422,52,33,0,33,0
2020-06-15,Merced,047,269075,774,414,0,414,7
2020-06-15,Modoc,049,8938,1,0,0,0,0
2020-06-15,Mono,051,14174,42,34,0,34,1
2020-06-15,Monterey,053,433212,1347,998,3,1001,12
2020-06-15,Napa,055,140530,249,187,0,187,3
2020-06-15,Nevada,057,99092,85,52,1,53,1
2020-06-15,Orange,059,3164182,13033,8944,94,9038,212
2020-06-15,Placer,061,380077,555,386,3,389,9
2020-06-15,Plumas,063,18699,6,4,0,4,0
2020-06-15,Riverside,065,2383286,14628,11376,23,11399,364
2020-06-15,Sacramento,067,1510023,2171,1791,3,1794,60
2020-06-15,San Benito,069,59416,184,108,0,108,2
2020-06-15,San Bernardino,071,2135413,10500,7189,7,7196,224
2020-06-15,San Diego,073,3302833,11338,9612,1,9613,320
2020-06-15,San Francisco,075,870044,3177,2833,1,2834,45
2020-06-15,San Joaquin,077,732212,2499,1667,3,1670,43
2020-06-15,San Luis Obispo,079,281455,518,332,5,337,1
2020-06-15,San Mateo,081,765935,2901,2591,3,2594,75
2020-06-15,Santa Barbara,083,443738,2533,2054,17,2071,16
2020-06-15,Santa Clara,085,1922200,4238,3204,15,3219,148
2020-06-15,Santa Cruz,087,273765,311,254,0,254,2
2020-06-15,Shasta,089,179085,109,50,0,50,4
2020-06-15,Sierra,091,2930,1,1,0,1,0
2020-06-15,Siskiyou,093,43540,26,14,0,14,0
2020-06-15,Solano,095,438530,1000,638,4,642,19
2020-06-15,Sonoma,097,501317,925,726,2,728,4
2020-06-15,Stanislaus,099,539301,1956,1253,6,1259,35
2020-06-15,Sutter,101,95872,102,71,0,71,2
2020-06-15,Tehama,103,63373,37,17,2,19,1
2020-06-15,Trinity,105,12862,13,2,3,5,0
2020-06-15,Tulare,107,460477,3855,2662,10,2672,96
2020-06-15,Tuolumne,109,53932,11,7,0,7,0
2020-06-15,Ventura,111,848112,2492,1656,14,1670,37
2020-06-15,Yolo,113,214977,360,255,0,255,24
2020-06-15,Yuba,115,75493,39,28,0,28,1
2020-06-14,Alameda,001,1643700,5043,4271,7,4278,112
2020-06-14,Alpine,002,1148,1,1,0,1,0
2020-06-14,Amador,005,37829,12,10,0,10,0
2020-06-14,Butte,007,227075,127,78,14,92,1
2020-06-14,Calaveras,009,45235,33,18,0,18,0
2020-06-14,Colusa,011,21464,13,7,0,7,0
2020-06-14,Contra Costa,013,1133247,2269,1893,2,1895,43
2020-06-14,Del Norte,015,27424,47,45,0,45,0
2020-06-14,El Dorado,017,186661,167,110,2,112,0
2020-06-14,Fresno,019,978130,5021,2585,57,2642,48
2020-06-14,Glenn,021,27897,51,21,0,21,0
2020-06-14,Humboldt,023,135768,129,105,0,105,3
2020-06-14,Imperial,025,180216,5941,3730,4,3734,36
2020-06-14,Inyo,027,18085,24,23,0,23,1
2020-06-14,Kern,029,883053,4505,3328,14,3342,55
2020-06-14,Kings,031,150075,2025,1022,3,1025,6
2020-06-14,Lake,033,64148,41,31,0,31,0
2020-06-14,Lassen,035,31185,15,5,2,7,0
2020-06-14,Los Angeles,037,10098052,82045,72932,27,72959,2887
2020-06-14,Madera,039,155013,492,203,2,205,3
2020-06-14,Marin,041,260295,871,689,2,691,17
2020-06-14,Mariposa,043,17540,18,16,0,16,1
2020-06-14,Mendocino,045,87422,49,33,0,33,0
2020-06-14,Merced,047,269075,722,403,0,403,7
2020-06-14,Modoc,049,8938,1,0,0,0,0
2020-06-14,Mono,051,14174,42,34,0,34,1
2020-06-14,Monterey,053,433212,1286,949,3,952,12
2020-06-14,Napa,055,140530,227,181,0,181,3
2020-06-14,Nevada,057,99092,81,52,1,53,1
2020-06-14,Orange,059,3164182,12602,8744,90,8834,211
2020-06-14,Placer,061,380077,529,369,3,372,9
2020-06-14,Plumas,063,18699,5,4,0,4,0
2020-06-14,Riverside,065,2383286,14185,11218,23,11241,364
2020-06-14,Sacramento,067,1510023,2084,1750,3,1753,60
2020-06-14,San Benito,069,59416,173,104,0,104,2
2020-06-14,San Bernardino,071,2135413,9961,7015,7,7022,224
2020-06-14,San Diego,073,3302833,10963,9442,1,9443,319
2020-06-14,San Francisco,075,870044,3137,2834,1,2835,45
2020-06-14,San Joaquin,077,732212,2348,1603,3,1606,43
2020-06-14,San Luis Obispo,079,281455,503,330,5,335,1
2020-06-14,San Mateo,081,765935,2843,2571,3,2574,75
2020-06-14,Santa Barbara,083,443738,2456,2049,17,2066,17
2020-06-14,Santa Clara,085,1922200,4143,3178,15,3193,148
2020-06-14,Santa Cruz,087,273765,297,254,0,254,2
2020-06-14,Shasta,089,179085,103,48,0,48,4
2020-06-14,Sierra,091,2930,1,1,0,1,0
2020-06-14,Siskiyou,093,43540,25,13,0,13,0
2020-06-14,Solano,095,438530,951,638,4,642,19
2020-06-14,Sonoma,097,501317,897,724,2,726,4
2020-06-14,Stanislaus,099,539301,1807,1159,6,1165,35
2020-06-14,Sutter,101,95872,97,63,0,63,2
2020-06-14,Tehama,103,63373,34,17,2,19,1
2020-06-14,Trinity,105,12862,13,2,3,5,0
2020-06-14,Tulare,107,460477,3721,2646,10,2656,96
2020-06-14,Tuolumne,109,53932,11,7,0,7,0
2020-06-14,Ventura,111,848112,2393,1610,13,1623,37
2020-06-14,Yolo,113,214977,344,254,0,254,24
2020-06-14,Yuba,115,75493,38,28,0,28,1
2020-06-13,Alameda,001,1643700,4979,4196,7,4203,112
2020-06-13,Alpine,002,1148,1,1,0,1,0
2020-06-13,Amador,005,37829,11,10,0,10,0
2020-06-13,Butte,007,227075,118,72,14,86,1
2020-06-13,Calaveras,009,45235,31,18,0,18,0
2020-06-13,Colusa,011,21464,12,7,0,7,0
2020-06-13,Contra Costa,013,1133247,2233,1868,2,1870,43
2020-06-13,Del Norte,015,27424,47,45,0,45,0
2020-06-13,El Dorado,017,186661,163,110,2,112,0
2020-06-13,Fresno,019,978130,4923,2499,57,2556,48
2020-06-13,Glenn,021,27897,49,21,0,21,0
2020-06-13,Humboldt,023,135768,128,104,0,104,3
2020-06-13,Imperial,025,180216,5868,3646,4,3650,36
2020-06-13,Inyo,027,18085,24,23,0,23,1
2020-06-13,Kern,029,883053,4396,3239,14,3253,55
2020-06-13,Kings,031,150075,2005,1023,3,1026,6
2020-06-13,Lake,033,64148,40,29,0,29,0
2020-06-13,Lassen,035,31185,15,5,2,7,0
2020-06-13,Los Angeles,037,10098052,81004,71938,27,71965,2874
2020-06-13,Madera,039,155013,488,203,2,205,3
2020-06-13,Marin,041,260295,840,677,2,679,17
2020-06-13,Mariposa,043,17540,18,16,0,16,1
2020-06-13,Mendocino,045,87422,49,33,0,33,0
2020-06-13,Merced,047,269075,703,376,0,376,7
2020-06-13,Modoc,049,8938,1,0,0,0,0
2020-06-13,Mono,051,14174,42,35,0,35,1
2020-06-13,Monterey,053,433212,1248,900,3,903,11
2020-06-13,Napa,055,140530,224,171,0,171,3
2020-06-13,Nevada,057,99092,79,52,1,53,1
2020-06-13,Orange,059,3164182,12357,8581,87,8668,211
2020-06-13,Placer,061,380077,512,346,3,349,9
2020-06-13,Plumas,063,18699,5,4,0,4,0
2020-06-13,Riverside,065,2383286,13906,10931,23,10954,364
2020-06-13,Sacramento,067,1510023,2029,1713,3,1716,60
2020-06-13,San Benito,069,59416,166,99,0,99,2
2020-06-13,San Bernardino,071,2135413,9738,6885,7,6892,224
2020-06-13,San Diego,073,3302833,10791,9316,1,9317,319
2020-06-13,San Francisco,075,870044,3117,2834,1,2835,44
2020-06-13,San Joaquin,077,732212,2267,1461,3,1464,43
2020-06-13,San Luis Obispo,079,281455,492,326,5,331,1
2020-06-13,San Mateo,081,765935,2820,2551,3,2554,75
2020-06-13,Santa Barbara,083,443738,2398,1999,17,2016,15
2020-06-13,Santa Clara,085,1922200,4100,3141,15,3156,148
2020-06-13,Santa Cruz,087,273765,291,254,0,254,2
2020-06-13,Shasta,089,179085,101,48,0,48,4
2020-06-13,Sierra,091,2930,1,1,0,1,0
2020-06-13,Siskiyou,093,43540,25,13,0,13,0
2020-06-13,Solano,095,438530,923,637,4,641,19
2020-06-13,Sonoma,097,501317,882,711,2,713,4
2020-06-13,Stanislaus,099,539301,1750,1122,6,1128,33
2020-06-13,Sutter,101,95872,96,62,0,62,2
2020-06-13,Tehama,103,63373,33,17,2,19,1
2020-06-13,Trinity,105,12862,13,2,3,5,0
2020-06-13,Tulare,107,460477,3689,2626,10,2636,96
2020-06-13,Tuolumne,109,53932,10,7,0,7,0
2020-06-13,Ventura,111,848112,2347,1567,13,1580,37
2020-06-13,Yolo,113,214977,324,251,0,251,24
2020-06-13,Yuba,115,75493,38,28,0,28,1
2020-06-12,Alameda,001,1643700,4906,4167,7,4174,109
2020-06-12,Alpine,002,1148,1,1,0,1,0
2020-06-12,Amador,005,37829,11,10,0,10,0
2020-06-12,Butte,007,227075,114,71,13,84,1
2020-06-12,Calaveras,009,45235,28,18,0,18,0
2020-06-12,Colusa,011,21464,12,7,0,7,0
2020-06-12,Contra Costa,013,1133247,2196,1827,2,1829,43
2020-06-12,Del Norte,015,27424,47,45,0,45,0
2020-06-12,El Dorado,017,186661,163,110,2,112,0
2020-06-12,Fresno,019,978130,4785,2428,57,2485,47
2020-06-12,Glenn,021,27897,46,21,0,21,0
2020-06-12,Humboldt,023,135768,126,105,0,105,3
2020-06-12,Imperial,025,180216,5783,3543,4,3547,36
2020-06-12,Inyo,027,18085,24,23,0,23,1
2020-06-12,Kern,029,883053,4279,3152,14,3166,54
2020-06-12,Kings,031,150075,1992,987,3,990,6
2020-06-12,Lake,033,64148,39,29,0,29,0
2020-06-12,Lassen,035,31185,15,5,2,7,0
2020-06-12,Los Angeles,037,10098052,79598,70385,27,70412,2814
2020-06-12,Madera,039,155013,463,187,2,189,3
2020-06-12,Marin,041,260295,837,649,2,651,17
2020-06-12,Mariposa,043,17540,18,16,0,16,1
2020-06-12,Mendocino,045,87422,49,33,0,33,0
2020-06-12,Merced,047,269075,672,372,0,372,7
2020-06-12,Modoc,049,8938,1,0,0,0,0
2020-06-12,Mono,051,14174,39,35,0,35,1
2020-06-12,Monterey,053,433212,1207,864,2,866,11
2020-06-12,Napa,055,140530,221,162,0,162,3
2020-06-12,Nevada,057,99092,73,52,1,53,1
2020-06-12,Orange,059,3164182,12051,8440,86,8526,203
2020-06-12,Placer,061,380077,495,333,3,336,9
2020-06-12,Plumas,063,18699,5,4,0,4,0
2020-06-12,Riverside,065,2383286,13569,10616,23,10639,364
2020-06-12,Sacramento,067,1510023,1974,1702,3,1705,60
2020-06-12,San Benito,069,59416,159,96,0,96,2
2020-06-12,San Bernardino,071,2135413,9469,6707,7,6714,223
2020-06-12,San Diego,073,3302833,10621,9132,1,9133,313
2020-06-12,San Francisco,075,870044,3083,2823,1,2824,44
2020-06-12,San Joaquin,077,732212,2187,1406,3,1409,43
2020-06-12,San Luis Obispo,079,281455,476,321,5,326,1
2020-06-12,San Mateo,081,765935,2785,2533,3,2536,75
2020-06-12,Santa Barbara,083,443738,2344,1969,17,1986,14
2020-06-12,Santa Clara,085,1922200,4056,3099,15,3114,149
2020-06-12,Santa Cruz,087,273765,283,251,0,251,2
2020-06-12,Shasta,089,179085,94,48,0,48,5
2020-06-12,Sierra,091,2930,1,1,0,1,0
2020-06-12,Siskiyou,093,43540,25,13,0,13,0
2020-06-12,Solano,095,438530,909,620,4,624,19
2020-06-12,Sonoma,097,501317,863,696,2,698,4
2020-06-12,Stanislaus,099,539301,1691,1092,6,1098,33
2020-06-12,Sutter,101,95872,95,56,0,56,2
2020-06-12,Tehama,103,63373,32,13,2,15,1
2020-06-12,Trinity,105,12862,13,2,3,5,0
2020-06-12,Tulare,107,460477,3635,2552,10,2562,95
2020-06-12,Tuolumne,109,53932,10,7,0,7,0
2020-06-12,Ventura,111,848112,2295,1534,13,1547,35
2020-06-12,Yolo,113,214977,312,243,0,243,24
2020-06-12,Yuba,115,75493,36,27,0,27,1
2020-06-11,Alameda,001,1643700,4777,4073,6,4079,108
2020-06-11,Alpine,002,1148,1,1,0,1,0
2020-06-11,Amador,005,37829,10,10,0,10,0
2020-06-11,Butte,007,227075,108,72,13,85,1
2020-06-11,Calaveras,009,45235,27,16,0,16,0
2020-06-11,Colusa,011,21464,12,7,0,7,0
2020-06-11,Contra Costa,013,1133247,2143,1797,2,1799,43
2020-06-11,Del Norte,015,27424,47,45,0,45,0
2020-06-11,El Dorado,017,186661,155,109,2,111,0
2020-06-11,Fresno,019,978130,4633,2338,57,2395,45
2020-06-11,Glenn,021,27897,42,21,0,21,0
2020-06-11,Humboldt,023,135768,122,113,0,113,3
2020-06-11,Imperial,025,180216,5625,3463,4,3467,36
2020-06-11,Inyo,027,18085,22,23,0,23,1
2020-06-11,Kern,029,883053,4127,3047,12,3059,54
2020-06-11,Kings,031,150075,1959,963,3,966,6
2020-06-11,Lake,033,64148,39,28,0,28,0
2020-06-11,Lassen,035,31185,15,5,2,7,0
2020-06-11,Los Angeles,037,10098052,77932,68807,26,68833,2800
2020-06-11,Madera,039,155013,445,178,2,180,3
2020-06-11,Marin,041,260295,789,637,2,639,17
2020-06-11,Mariposa,043,17540,18,16,0,16,1
2020-06-11,Mendocino,045,87422,40,35,0,35,0
2020-06-11,Merced,047,269075,632,370,0,370,7
2020-06-11,Modoc,049,8938,1,0,0,0,0
2020-06-11,Mono,051,14174,39,35,0,35,1
2020-06-11,Monterey,053,433212,1160,813,2,815,11
2020-06-11,Napa,055,140530,212,162,0,162,3
2020-06-11,Nevada,057,99092,67,50,1,51,1
2020-06-11,Orange,059,3164182,11742,8304,85,8389,188
2020-06-11,Placer,061,380077,476,321,3,324,9
2020-06-11,Plumas,063,18699,5,4,0,4,0
2020-06-11,Riverside,065,2383286,13216,10014,23,10037,361
2020-06-11,Sacramento,067,1510023,1926,1669,3,1672,60
2020-06-11,San Benito,069,59416,153,94,0,94,2
2020-06-11,San Bernardino,071,2135413,9172,6509,7,6516,221
2020-06-11,San Diego,073,3302833,10391,9000,0,9000,308
2020-06-11,San Francisco,075,870044,3054,2766,1,2767,44
2020-06-11,San Joaquin,077,732212,2075,1351,3,1354,43
2020-06-11,San Luis Obispo,079,281455,462,307,5,312,1
2020-06-11,San Mateo,081,765935,2747,2499,3,2502,74
2020-06-11,Santa Barbara,083,443738,2283,1895,17,1912,14
2020-06-11,Santa Clara,085,1922200,3989,3049,15,3064,149
2020-06-11,Santa Cruz,087,273765,279,247,0,247,2
2020-06-11,Shasta,089,179085,87,47,0,47,5
2020-06-11,Sierra,091,2930,1,1,0,1,0
2020-06-11,Siskiyou,093,43540,25,14,0,14,0
2020-06-11,Solano,095,438530,883,616,4,620,19
2020-06-11,Sonoma,097,501317,841,682,2,684,4
2020-06-11,Stanislaus,099,539301,1600,1062,6,1068,30
2020-06-11,Sutter,101,95872,92,56,0,56,2
2020-06-11,Tehama,103,63373,27,10,2,12,1
2020-06-11,Trinity,105,12862,11,2,3,5,0
2020-06-11,Tulare,107,460477,3536,2473,10,2483,95
2020-06-11,Tuolumne,109,53932,10,7,0,7,0
2020-06-11,Ventura,111,848112,2218,1491,12,1503,34
2020-06-11,Yolo,113,214977,304,230,0,230,24
2020-06-11,Yuba,115,75493,36,27,0,27,1
2020-06-10,Alameda,001,1643700,4677,4027,6,4033,107
2020-06-10,Alpine,002,1148,1,1,0,1,0
2020-06-10,Amador,005,37829,10,10,0,10,0
2020-06-10,Butte,007,227075,104,71,13,84,1
2020-06-10,Calaveras,009,45235,27,16,0,16,0
2020-06-10,Colusa,011,21464,11,7,0,7,0
2020-06-10,Contra Costa,013,1133247,2099,1778,2,1780,43
2020-06-10,Del Norte,015,27424,47,45,0,45,0
2020-06-10,El Dorado,017,186661,152,109,2,111,0
2020-06-10,Fresno,019,978130,4458,2324,57,2381,45
2020-06-10,Glenn,021,27897,39,21,0,21,0
2020-06-10,Humboldt,023,135768,118,112,0,112,3
2020-06-10,Imperial,025,180216,5478,3454,4,3458,36
2020-06-10,Inyo,027,18085,22,23,0,23,1
2020-06-10,Kern,029,883053,4002,3000,11,3011,54
2020-06-10,Kings,031,150075,1913,952,2,954,6
2020-06-10,Lake,033,64148,39,28,0,28,0
2020-06-10,Lassen,035,31185,15,5,2,7,0
2020-06-10,Los Angeles,037,10098052,76417,67018,26,67044,2752
2020-06-10,Madera,039,155013,431,176,1,177,3
2020-06-10,Marin,041,260295,757,633,2,635,17
2020-06-10,Mariposa,043,17540,17,16,0,16,1
2020-06-10,Mendocino,045,87422,39,35,0,35,0
2020-06-10,Merced,047,269075,607,370,0,370,7
2020-06-10,Modoc,049,8938,1,0,0,0,0
2020-06-10,Mono,051,14174,39,35,0,35,1
2020-06-10,Monterey,053,433212,1106,791,2,793,11
2020-06-10,Napa,055,140530,209,159,0,159,3
2020-06-10,Nevada,057,99092,65,50,1,51,1
2020-06-10,Orange,059,3164182,11465,8222,81,8303,184
2020-06-10,Placer,061,380077,451,309,3,312,9
2020-06-10,Plumas,063,18699,5,4,0,4,0
2020-06-10,Riverside,065,2383286,12893,9857,23,9880,361
2020-06-10,Sacramento,067,1510023,1887,1643,2,1645,59
2020-06-10,San Benito,069,59416,144,94,0,94,2
2020-06-10,San Bernardino,071,2135413,8879,6438,7,6445,219
2020-06-10,San Diego,073,3302833,10227,8839,0,8839,305
2020-06-10,San Francisco,075,870044,3029,2774,1,2775,44
2020-06-10,San Joaquin,077,732212,1946,1282,3,1285,41
2020-06-10,San Luis Obispo,079,281455,442,306,5,311,1
2020-06-10,San Mateo,081,765935,2707,2492,3,2495,74
2020-06-10,Santa Barbara,083,443738,2227,1878,17,1895,13
2020-06-10,Santa Clara,085,1922200,3938,3032,15,3047,149
2020-06-10,Santa Cruz,087,273765,275,242,0,242,2
2020-06-10,Shasta,089,179085,82,45,0,45,5
2020-06-10,Sierra,091,2930,1,1,0,1,0
2020-06-10,Siskiyou,093,43540,25,14,0,14,0
2020-06-10,Solano,095,438530,847,608,4,612,19
2020-06-10,Sonoma,097,501317,823,673,2,675,4
2020-06-10,Stanislaus,099,539301,1510,1030,6,1036,29
2020-06-10,Sutter,101,95872,91,56,0,56,2
2020-06-10,Tehama,103,63373,25,10,2,12,1
2020-06-10,Trinity,105,12862,11,2,3,5,0
2020-06-10,Tulare,107,460477,3444,2455,10,2465,95
2020-06-10,Tuolumne,109,53932,10,7,0,7,0
2020-06-10,Ventura,111,848112,2172,1446,11,1457,34
2020-06-10,Yolo,113,214977,296,226,0,226,24
2020-06-10,Yuba,115,75493,35,27,0,27,1
2020-06-09,Alameda,001,1643700,4566,3963,6,3969,103
2020-06-09,Alpine,002,1148,1,1,0,1,0
2020-06-09,Amador,005,37829,10,10,0,10,0
2020-06-09,Butte,007,227075,103,70,12,82,1
2020-06-09,Calaveras,009,45235,27,16,0,16,0
2020-06-09,Colusa,011,21464,10,7,0,7,0
2020-06-09,Contra Costa,013,1133247,2058,1744,2,1746,42
2020-06-09,Del Norte,015,27424,47,45,0,45,0
2020-06-09,El Dorado,017,186661,142,108,2,110,0
2020-06-09,Fresno,019,978130,4307,2278,57,2335,43
2020-06-09,Glenn,021,27897,38,19,0,19,0
2020-06-09,Humboldt,023,135768,116,113,0,113,2
2020-06-09,Imperial,025,180216,5328,3067,4,3071,36
2020-06-09,Inyo,027,18085,22,22,0,22,1
2020-06-09,Kern,029,883053,3874,2920,11,2931,51
2020-06-09,Kings,031,150075,1881,934,2,936,6
2020-06-09,Lake,033,64148,39,28,0,28,0
2020-06-09,Lassen,035,31185,15,5,2,7,0
2020-06-09,Los Angeles,037,10098052,74760,65827,26,65853,2692
2020-06-09,Madera,039,155013,416,172,1,173,3
2020-06-09,Marin,041,260295,721,616,2,618,17
2020-06-09,Mariposa,043,17540,17,16,0,16,1
2020-06-09,Mendocino,045,87422,35,35,0,35,0
2020-06-09,Merced,047,269075,575,349,0,349,7
2020-06-09,Modoc,049,8938,1,0,0,0,0
2020-06-09,Mono,051,14174,39,35,0,35,1
2020-06-09,Monterey,053,433212,1065,772,2,774,11
2020-06-09,Napa,055,140530,199,156,0,156,3
2020-06-09,Nevada,057,99092,57,50,1,51,1
2020-06-09,Orange,059,3164182,11221,7991,79,8070,174
2020-06-09,Placer,061,380077,438,301,3,304,9
2020-06-09,Plumas,063,18699,5,4,0,4,0
2020-06-09,Riverside,065,2383286,12515,9511,23,9534,354
2020-06-09,Sacramento,067,1510023,1832,1625,2,1627,59
2020-06-09,San Benito,069,59416,138,95,0,95,2
2020-06-09,San Bernardino,071,2135413,8556,6268,6,6274,217
2020-06-09,San Diego,073,3302833,10042,8731,0,8731,301
2020-06-09,San Francisco,075,870044,3004,2749,1,2750,44
2020-06-09,San Joaquin,077,732212,1840,1240,3,1243,41
2020-06-09,San Luis Obispo,079,281455,429,301,4,305,1
2020-06-09,San Mateo,081,765935,2676,2463,3,2466,74
2020-06-09,Santa Barbara,083,443738,2171,1854,17,1871,13
2020-06-09,Santa Clara,085,1922200,3870,3006,14,3020,147
2020-06-09,Santa Cruz,087,273765,269,237,0,237,2
2020-06-09,Shasta,089,179085,78,44,0,44,4
2020-06-09,Sierra,091,2930,1,1,0,1,0
2020-06-09,Siskiyou,093,43540,20,10,0,10,0
2020-06-09,Solano,095,438530,812,596,4,600,18
2020-06-09,Sonoma,097,501317,800,661,2,663,4
2020-06-09,Stanislaus,099,539301,1409,993,6,999,25
2020-06-09,Sutter,101,95872,88,56,0,56,2
2020-06-09,Tehama,103,63373,25,9,2,11,1
2020-06-09,Trinity,105,12862,10,2,3,5,0
2020-06-09,Tulare,107,460477,3378,2393,10,2403,91
2020-06-09,Tuolumne,109,53932,10,8,0,8,0
2020-06-09,Ventura,111,848112,2106,1407,11,1418,34
2020-06-09,Yolo,113,214977,285,226,0,226,24
2020-06-09,Yuba,115,75493,34,27,0,27,1
2020-06-08,Alameda,001,1643700,4485,3937,6,3943,103
2020-06-08,Alpine,002,1148,1,1,0,1,0
2020-06-08,Amador,005,37829,10,10,0,10,0
2020-06-08,Butte,007,227075,99,68,12,80,1
2020-06-08,Calaveras,009,45235,27,16,0,16,0
2020-06-08,Colusa,011,21464,9,7,0,7,0
2020-06-08,Contra Costa,013,1133247,2015,1714,2,1716,41
2020-06-08,Del Norte,015,27424,47,45,0,45,0
2020-06-08,El Dorado,017,186661,138,107,1,108,0
2020-06-08,Fresno,019,978130,4184,2194,56,2250,42
2020-06-08,Glenn,021,27897,36,17,0,17,0
2020-06-08,Humboldt,023,135768,116,112,0,112,2
2020-06-08,Imperial,025,180216,5176,3051,4,3055,21
2020-06-08,Inyo,027,18085,22,22,0,22,1
2020-06-08,Kern,029,883053,3743,2853,10,2863,49
2020-06-08,Kings,031,150075,1805,892,2,894,6
2020-06-08,Lake,033,64148,39,28,0,28,0
2020-06-08,Lassen,035,31185,15,4,2,6,0
2020-06-08,Los Angeles,037,10098052,73299,64634,26,64660,2640
2020-06-08,Madera,039,155013,386,154,1,155,3
2020-06-08,Marin,041,260295,680,596,2,598,17
2020-06-08,Mariposa,043,17540,16,16,0,16,1
2020-06-08,Mendocino,045,87422,33,32,0,32,0
2020-06-08,Merced,047,269075,541,331,0,331,7
2020-06-08,Modoc,049,8938,1,0,0,0,0
2020-06-08,Mono,051,14174,39,35,0,35,1
2020-06-08,Monterey,053,433212,1014,751,2,753,10
2020-06-08,Napa,055,140530,183,151,0,151,3
2020-06-08,Nevada,057,99092,56,50,1,51,1
2020-06-08,Orange,059,3164182,10969,7786,77,7863,160
2020-06-08,Placer,061,380077,421,290,3,293,9
2020-06-08,Plumas,063,18699,5,4,0,4,0
2020-06-08,Riverside,065,2383286,12146,9246,23,9269,347
2020-06-08,Sacramento,067,1510023,1782,1591,2,1593,59
2020-06-08,San Benito,069,59416,131,93,0,93,2
2020-06-08,San Bernardino,071,2135413,8237,6122,6,6128,214
2020-06-08,San Diego,073,3302833,9885,8621,0,8621,296
2020-06-08,San Francisco,075,870044,2977,2715,1,2716,43
2020-06-08,San Joaquin,077,732212,1733,1198,3,1201,40
2020-06-08,San Luis Obispo,079,281455,423,300,4,304,1
2020-06-08,San Mateo,081,765935,2645,2431,2,2433,74
2020-06-08,Santa Barbara,083,443738,2116,1824,15,1839,13
2020-06-08,Santa Clara,085,1922200,3824,2971,14,2985,146
2020-06-08,Santa Cruz,087,273765,268,234,0,234,2
2020-06-08,Shasta,089,179085,74,43,0,43,4
2020-06-08,Sierra,091,2930,1,1,0,1,0
2020-06-08,Siskiyou,093,43540,20,8,0,8,0
2020-06-08,Solano,095,438530,785,560,4,564,19
2020-06-08,Sonoma,097,501317,784,654,2,656,4
2020-06-08,Stanislaus,099,539301,1326,956,6,962,28
2020-06-08,Sutter,101,95872,81,55,0,55,2
2020-06-08,Tehama,103,63373,19,8,2,10,1
2020-06-08,Trinity,105,12862,10,2,3,5,0
2020-06-08,Tulare,107,460477,3295,2301,10,2311,91
2020-06-08,Tuolumne,109,53932,9,8,0,8,0
2020-06-08,Ventura,111,848112,2048,1382,11,1393,30
2020-06-08,Yolo,113,214977,274,228,0,228,24
2020-06-08,Yuba,115,75493,32,27,0,27,1
2020-06-07,Alameda,001,1643700,4372,3866,6,3872,102
2020-06-07,Alpine,002,1148,1,1,0,1,0
2020-06-07,Amador,005,37829,10,10,0,10,0
2020-06-07,Butte,007,227075,97,64,10,74,1
2020-06-07,Calaveras,009,45235,25,16,0,16,0
2020-06-07,Colusa,011,21464,9,7,0,7,0
2020-06-07,Contra Costa,013,1133247,1964,1653,1,1654,38
2020-06-07,Del Norte,015,27424,45,45,0,45,0
2020-06-07,El Dorado,017,186661,138,104,1,105,0
2020-06-07,Fresno,019,978130,4055,2144,56,2200,41
2020-06-07,Glenn,021,27897,29,16,0,16,0
2020-06-07,Humboldt,023,135768,116,112,0,112,2
2020-06-07,Imperial,025,180216,5026,3048,4,3052,19
2020-06-07,Inyo,027,18085,22,21,0,21,1
2020-06-07,Kern,029,883053,3612,2771,10,2781,46
2020-06-07,Kings,031,150075,1756,882,2,884,6
2020-06-07,Lake,033,64148,36,28,0,28,0
2020-06-07,Lassen,035,31185,14,4,2,6,0
2020-06-07,Los Angeles,037,10098052,71590,63750,26,63776,2629
2020-06-07,Madera,039,155013,369,149,1,150,3
2020-06-07,Marin,041,260295,666,584,2,586,17
2020-06-07,Mariposa,043,17540,16,16,0,16,1
2020-06-07,Mendocino,045,87422,33,32,0,32,0
2020-06-07,Merced,047,269075,511,318,0,318,7
2020-06-07,Modoc,049,8938,1,0,0,0,0
2020-06-07,Mono,051,14174,39,35,0,35,1
2020-06-07,Monterey,053,433212,968,732,2,734,10
2020-06-07,Napa,055,140530,175,142,0,142,3
2020-06-07,Nevada,057,99092,55,50,1,51,1
2020-06-07,Orange,059,3164182,10710,7643,75,7718,158
2020-06-07,Placer,061,380077,400,273,2,275,9
2020-06-07,Plumas,063,18699,5,4,0,4,0
2020-06-07,Riverside,065,2383286,11850,9105,23,9128,344
2020-06-07,Sacramento,067,1510023,1734,1568,2,1570,59
2020-06-07,San Benito,069,59416,128,92,0,92,2
2020-06-07,San Bernardino,071,2135413,7951,6033,6,6039,214
2020-06-07,San Diego,073,3302833,9706,8478,0,8478,296
2020-06-07,San Francisco,075,870044,2933,2674,0,2674,43
2020-06-07,San Joaquin,077,732212,1632,1126,3,1129,37
2020-06-07,San Luis Obispo,079,281455,413,296,4,300,1
2020-06-07,San Mateo,081,765935,2618,2399,2,2401,73
2020-06-07,Santa Barbara,083,443738,2061,1818,15,1833,13
2020-06-07,Santa Clara,085,1922200,3772,2947,14,2961,146
2020-06-07,Santa Cruz,087,273765,260,230,0,230,2
2020-06-07,Shasta,089,179085,73,41,0,41,4
2020-06-07,Sierra,091,2930,1,1,0,1,0
2020-06-07,Siskiyou,093,43540,20,8,0,8,0
2020-06-07,Solano,095,438530,762,560,4,564,19
2020-06-07,Sonoma,097,501317,753,639,2,641,4
2020-06-07,Stanislaus,099,539301,1246,905,5,910,28
2020-06-07,Sutter,101,95872,73,55,0,55,2
2020-06-07,Tehama,103,63373,16,8,2,10,1
2020-06-07,Trinity,105,12862,8,2,3,5,0
2020-06-07,Tulare,107,460477,3173,2219,10,2229,90
2020-06-07,Tuolumne,109,53932,9,4,0,4,0
2020-06-07,Ventura,111,848112,1982,1337,11,1348,30
2020-06-07,Yolo,113,214977,264,224,0,224,24
2020-06-07,Yuba,115,75493,32,27,0,27,1
2020-06-06,Alameda,001,1643700,4326,3801,6,3807,102
2020-06-06,Alpine,002,1148,1,1,0,1,0
2020-06-06,Amador,005,37829,10,10,0,10,0
2020-06-06,Butte,007,227075,96,63,10,73,1
2020-06-06,Calaveras,009,45235,23,16,0,16,0
2020-06-06,Colusa,011,21464,9,7,0,7,0
2020-06-06,Contra Costa,013,1133247,1944,1619,1,1620,37
2020-06-06,Del Norte,015,27424,45,45,0,45,0
2020-06-06,El Dorado,017,186661,133,104,1,105,0
2020-06-06,Fresno,019,978130,3999,2117,56,2173,41
2020-06-06,Glenn,021,27897,27,16,0,16,0
2020-06-06,Humboldt,023,135768,116,112,0,112,2
2020-06-06,Imperial,025,180216,4951,3047,4,3051,19
2020-06-06,Inyo,027,18085,22,21,0,21,1
2020-06-06,Kern,029,883053,3541,2695,10,2705,46
2020-06-06,Kings,031,150075,1737,882,2,884,6
2020-06-06,Lake,033,64148,36,28,0,28,0
2020-06-06,Lassen,035,31185,14,4,2,6,0
2020-06-06,Los Angeles,037,10098052,70835,62269,26,62295,2607
2020-06-06,Madera,039,155013,360,149,1,150,3
2020-06-06,Marin,041,260295,661,556,2,558,17
2020-06-06,Mariposa,043,17540,16,16,0,16,1
2020-06-06,Mendocino,045,87422,33,32,0,32,0
2020-06-06,Merced,047,269075,509,315,0,315,7
2020-06-06,Modoc,049,8938,1,0,0,0,0
2020-06-06,Mono,051,14174,39,35,0,35,1
2020-06-06,Monterey,053,433212,944,679,2,681,10
2020-06-06,Napa,055,140530,169,136,0,136,3
2020-06-06,Nevada,057,99092,54,50,1,51,1
2020-06-06,Orange,059,3164182,10550,7576,74,7650,157
2020-06-06,Placer,061,380077,388,270,2,272,9
2020-06-06,Plumas,063,18699,5,4,0,4,0
2020-06-06,Riverside,065,2383286,11672,8935,23,8958,345
2020-06-06,Sacramento,067,1510023,1711,1533,2,1535,59
2020-06-06,San Benito,069,59416,118,92,0,92,2
2020-06-06,San Bernardino,071,2135413,7802,5946,6,5952,214
2020-06-06,San Diego,073,3302833,9585,8347,0,8347,296
2020-06-06,San Francisco,075,870044,2918,2674,0,2674,43
2020-06-06,San Joaquin,077,732212,1592,1076,3,1079,37
2020-06-06,San Luis Obispo,079,281455,407,295,4,299,1
2020-06-06,San Mateo,081,765935,2603,2342,2,2344,72
2020-06-06,Santa Barbara,083,443738,2022,1815,15,1830,13
2020-06-06,Santa Clara,085,1922200,3731,2934,14,2948,144
2020-06-06,Santa Cruz,087,273765,258,226,0,226,2
2020-06-06,Shasta,089,179085,73,40,0,40,4
2020-06-06,Sierra,091,2930,1,1,0,1,0
2020-06-06,Siskiyou,093,43540,18,8,0,8,0
2020-06-06,Solano,095,438530,747,560,4,564,19
2020-06-06,Sonoma,097,501317,741,622,2,624,4
2020-06-06,Stanislaus,099,539301,1212,858,5,863,27
2020-06-06,Sutter,101,95872,73,51,0,51,2
2020-06-06,Tehama,103,63373,15,8,2,10,1
2020-06-06,Trinity,105,12862,8,2,2,4,0
2020-06-06,Tulare,107,460477,3140,2213,10,2223,90
2020-06-06,Tuolumne,109,53932,9,4,0,4,0
2020-06-06,Ventura,111,848112,1958,1303,11,1314,30
2020-06-06,Yolo,113,214977,262,223,0,223,24
2020-06-06,Yuba,115,75493,32,27,0,27,1
2020-06-05,Alameda,001,1643700,4275,3734,6,3740,102
2020-06-05,Alpine,002,1148,1,1,0,1,0
2020-06-05,Amador,005,37829,10,10,0,10,0
2020-06-05,Butte,007,227075,93,61,10,71,1
2020-06-05,Calaveras,009,45235,22,16,0,16,0
2020-06-05,Colusa,011,21464,9,7,0,7,0
2020-06-05,Contra Costa,013,1133247,1929,1575,1,1576,37
2020-06-05,Del Norte,015,27424,45,45,0,45,0
2020-06-05,El Dorado,017,186661,131,101,1,102,0
2020-06-05,Fresno,019,978130,3935,2051,55,2106,38
2020-06-05,Glenn,021,27897,25,16,0,16,0
2020-06-05,Humboldt,023,135768,115,111,0,111,2
2020-06-05,Imperial,025,180216,4843,2778,4,2782,19
2020-06-05,Inyo,027,18085,22,21,0,21,1
2020-06-05,Kern,029,883053,3452,2624,10,2634,46
2020-06-05,Kings,031,150075,1722,865,2,867,6
2020-06-05,Lake,033,64148,35,28,0,28,0
2020-06-05,Lassen,035,31185,13,4,2,6,0
2020-06-05,Los Angeles,037,10098052,69684,60955,24,60979,2553
2020-06-05,Madera,039,155013,338,144,1,145,3
2020-06-05,Marin,041,260295,652,546,2,548,17
2020-06-05,Mariposa,043,17540,16,16,0,16,1
2020-06-05,Mendocino,045,87422,33,32,0,32,0
2020-06-05,Merced,047,269075,506,309,0,309,7
2020-06-05,Modoc,049,8938,1,0,0,0,0
2020-06-05,Mono,051,14174,39,35,0,35,1
2020-06-05,Monterey,053,433212,912,649,2,651,10
2020-06-05,Napa,055,140530,166,123,0,123,3
2020-06-05,Nevada,057,99092,54,50,1,51,1
2020-06-05,Orange,059,3164182,10354,7391,73,7464,153
2020-06-05,Placer,061,380077,378,265,2,267,9
2020-06-05,Plumas,063,18699,5,4,0,4,0
2020-06-05,Riverside,065,2383286,11413,8700,23,8723,345
2020-06-05,Sacramento,067,1510023,1689,1514,2,1516,59
2020-06-05,San Benito,069,59416,116,92,0,92,2
2020-06-05,San Bernardino,071,2135413,7620,5869,5,5874,212
2020-06-05,San Diego,073,3302833,9470,8182,0,8182,294
2020-06-05,San Francisco,075,870044,2900,2675,0,2675,43
2020-06-05,San Joaquin,077,732212,1513,1046,3,1049,36
2020-06-05,San Luis Obispo,079,281455,400,293,4,297,1
2020-06-05,San Mateo,081,765935,2578,2331,2,2333,72
2020-06-05,Santa Barbara,083,443738,1991,1795,15,1810,13
2020-06-05,Santa Clara,085,1922200,3696,2902,14,2916,144
2020-06-05,Santa Cruz,087,273765,255,222,0,222,2
2020-06-05,Shasta,089,179085,72,40,0,40,4
2020-06-05,Sierra,091,2930,1,1,0,1,0
2020-06-05,Siskiyou,093,43540,16,8,0,8,0
2020-06-05,Solano,095,438530,740,558,4,562,19
2020-06-05,Sonoma,097,501317,720,618,2,620,4
2020-06-05,Stanislaus,099,539301,1179,842,5,847,27
2020-06-05,Sutter,101,95872,73,49,0,49,2
2020-06-05,Tehama,103,63373,15,7,2,9,1
2020-06-05,Trinity,105,12862,8,1,2,3,0
2020-06-05,Tulare,107,460477,3091,2180,10,2190,90
2020-06-05,Tuolumne,109,53932,9,4,0,4,0
2020-06-05,Ventura,111,848112,1925,1274,11,1285,30
2020-06-05,Yolo,113,214977,261,216,0,216,24
2020-06-05,Yuba,115,75493,32,27,0,27,1
2020-06-04,Alameda,001,1643700,4176,3643,6,3649,99
2020-06-04,Alpine,002,1148,1,1,0,1,0
2020-06-04,Amador,005,37829,10,10,0,10,0
2020-06-04,Butte,007,227075,89,57,9,66,1
2020-06-04,Calaveras,009,45235,22,15,0,15,0
2020-06-04,Colusa,011,21464,9,7,0,7,0
2020-06-04,Contra Costa,013,1133247,1872,1551,1,1552,37
2020-06-04,Del Norte,015,27424,45,45,0,45,0
2020-06-04,El Dorado,017,186661,129,101,1,102,0
2020-06-04,Fresno,019,978130,3831,2007,54,2061,35
2020-06-04,Glenn,021,27897,22,16,0,16,0
2020-06-04,Humboldt,023,135768,115,109,0,109,2
2020-06-04,Imperial,025,180216,4661,2631,4,2635,19
2020-06-04,Inyo,027,18085,22,20,0,20,1
2020-06-04,Kern,029,883053,3336,2530,10,2540,46
2020-06-04,Kings,031,150075,1653,842,2,844,6
2020-06-04,Lake,033,64148,34,27,0,27,0
2020-06-04,Lassen,035,31185,11,4,2,6,0
2020-06-04,Los Angeles,037,10098052,68219,59596,24,59620,2515
2020-06-04,Madera,039,155013,330,127,1,128,3
2020-06-04,Marin,041,260295,630,533,2,535,14
2020-06-04,Mariposa,043,17540,16,16,0,16,1
2020-06-04,Mendocino,045,87422,33,29,0,29,0
2020-06-04,Merced,047,269075,496,304,0,304,7
2020-06-04,Modoc,049,8938,1,0,0,0,0
2020-06-04,Mono,051,14174,39,35,0,35,1
2020-06-04,Monterey,053,433212,877,621,1,622,10
2020-06-04,Napa,055,140530,162,117,0,117,3
2020-06-04,Nevada,057,99092,53,49,1,50,1
2020-06-04,Orange,059,3164182,10099,7192,72,7264,148
2020-06-04,Placer,061,380077,362,256,2,258,9
2020-06-04,Plumas,063,18699,4,4,0,4,0
2020-06-04,Riverside,065,2383286,11135,8473,23,8496,341
2020-06-04,Sacramento,067,1510023,1660,1492,2,1494,58
2020-06-04,San Benito,069,59416,114,88,0,88,2
2020-06-04,San Bernardino,071,2135413,7351,5726,5,5731,207
2020-06-04,San Diego,073,3302833,9307,7942,0,7942,288
2020-06-04,San Francisco,075,870044,2867,2636,0,2636,43
2020-06-04,San Joaquin,077,732212,1451,1016,3,1019,36
2020-06-04,San Luis Obispo,079,281455,389,288,4,292,1
2020-06-04,San Mateo,081,765935,2551,2284,2,2286,72
2020-06-04,Santa Barbara,083,443738,1960,1750,14,1764,13
2020-06-04,Santa Clara,085,1922200,3661,2871,14,2885,144
2020-06-04,Santa Cruz,087,273765,249,218,0,218,2
2020-06-04,Shasta,089,179085,66,40,0,40,4
2020-06-04,Sierra,091,2930,1,1,0,1,0
2020-06-04,Siskiyou,093,43540,15,8,0,8,0
2020-06-04,Solano,095,438530,723,551,4,555,19
2020-06-04,Sonoma,097,501317,701,591,1,592,4
2020-06-04,Stanislaus,099,539301,1103,806,5,811,28
2020-06-04,Sutter,101,95872,68,46,0,46,2
2020-06-04,Tehama,103,63373,14,6,1,7,1
2020-06-04,Trinity,105,12862,8,1,2,3,0
2020-06-04,Tulare,107,460477,2974,2086,10,2096,90
2020-06-04,Tuolumne,109,53932,8,4,0,4,0
2020-06-04,Ventura,111,848112,1881,1236,10,1246,30
2020-06-04,Yolo,113,214977,256,216,0,216,24
2020-06-04,Yuba,115,75493,31,27,0,27,1
2020-06-03,Alameda,001,1643700,4117,3589,5,3594,99
2020-06-03,Alpine,002,1148,1,1,0,1,0
2020-06-03,Amador,005,37829,10,10,0,10,0
2020-06-03,Butte,007,227075,87,53,9,62,1
2020-06-03,Calaveras,009,45235,21,15,0,15,0
2020-06-03,Colusa,011,21464,9,7,0,7,0
2020-06-03,Contra Costa,013,1133247,1824,1511,1,1512,37
2020-06-03,Del Norte,015,27424,45,39,0,39,0
2020-06-03,El Dorado,017,186661,126,90,1,91,0
2020-06-03,Fresno,019,978130,3732,1943,54,1997,35
2020-06-03,Glenn,021,27897,22,16,0,16,0
2020-06-03,Humboldt,023,135768,115,103,0,103,2
2020-06-03,Imperial,025,180216,4488,2540,4,2544,19
2020-06-03,Inyo,027,18085,22,20,0,20,1
2020-06-03,Kern,029,883053,3240,2452,9,2461,44
2020-06-03,Kings,031,150075,1592,744,2,746,6
2020-06-03,Lake,033,64148,32,26,0,26,0
2020-06-03,Lassen,035,31185,11,4,2,6,0
2020-06-03,Los Angeles,037,10098052,66621,58166,24,58190,2472
2020-06-03,Madera,039,155013,322,117,1,118,3
2020-06-03,Marin,041,260295,612,527,2,529,14
2020-06-03,Mariposa,043,17540,16,16,0,16,1
2020-06-03,Mendocino,045,87422,32,29,0,29,0
2020-06-03,Merced,047,269075,484,299,0,299,7
2020-06-03,Modoc,049,8938,1,0,0,0,0
2020-06-03,Mono,051,14174,39,35,0,35,1
2020-06-03,Monterey,053,433212,849,592,1,593,10
2020-06-03,Napa,055,140530,161,116,0,116,3
2020-06-03,Nevada,057,99092,52,43,1,44,1
2020-06-03,Orange,059,3164182,9873,6939,71,7010,145
2020-06-03,Placer,061,380077,342,243,2,245,9
2020-06-03,Plumas,063,18699,4,4,0,4,0
2020-06-03,Riverside,065,2383286,10861,8208,23,8231,335
2020-06-03,Sacramento,067,1510023,1631,1457,2,1459,58
2020-06-03,San Benito,069,59416,108,88,0,88,2
2020-06-03,San Bernardino,071,2135413,7128,5565,5,5570,203
2020-06-03,San Diego,073,3302833,9159,7800,0,7800,283
2020-06-03,San Francisco,075,870044,2836,2608,0,2608,43
2020-06-03,San Joaquin,077,732212,1386,1004,3,1007,35
2020-06-03,San Luis Obispo,079,281455,384,279,4,283,1
2020-06-03,San Mateo,081,765935,2523,2243,2,2245,71
2020-06-03,Santa Barbara,083,443738,1926,1722,13,1735,12
2020-06-03,Santa Clara,085,1922200,3619,2836,14,2850,144
2020-06-03,Santa Cruz,087,273765,243,217,0,217,2
2020-06-03,Shasta,089,179085,63,40,0,40,4
2020-06-03,Sierra,091,2930,1,1,0,1,0
2020-06-03,Siskiyou,093,43540,14,8,0,8,0
2020-06-03,Solano,095,438530,698,543,2,545,18
2020-06-03,Sonoma,097,501317,689,578,1,579,4
2020-06-03,Stanislaus,099,539301,1063,780,5,785,27
2020-06-03,Sutter,101,95872,60,45,0,45,2
2020-06-03,Tehama,103,63373,14,6,1,7,1
2020-06-03,Trinity,105,12862,8,1,2,3,0
2020-06-03,Tulare,107,460477,2905,2041,10,2051,88
2020-06-03,Tuolumne,109,53932,6,4,0,4,0
2020-06-03,Ventura,111,848112,1814,1202,10,1212,30
2020-06-03,Yolo,113,214977,252,213,0,213,24
2020-06-03,Yuba,115,75493,31,27,0,27,1
2020-06-02,Alameda,001,1643700,4041,3517,5,3522,99
2020-06-02,Alpine,002,1148,1,1,0,1,0
2020-06-02,Amador,005,37829,10,10,0,10,0
2020-06-02,Butte,007,227075,83,51,8,59,1
2020-06-02,Calaveras,009,45235,21,15,0,15,0
2020-06-02,Colusa,011,21464,9,7,0,7,0
2020-06-02,Contra Costa,013,1133247,1792,1505,1,1506,37
2020-06-02,Del Norte,015,27424,45,39,0,39,0
2020-06-02,El Dorado,017,186661,125,88,1,89,0
2020-06-02,Fresno,019,978130,3618,1917,54,1971,34
2020-06-02,Glenn,021,27897,21,16,0,16,0
2020-06-02,Humboldt,023,135768,115,101,0,101,2
2020-06-02,Imperial,025,180216,4295,2459,4,2463,19
2020-06-02,Inyo,027,18085,20,20,0,20,1
2020-06-02,Kern,029,883053,3141,2406,7,2413,41
2020-06-02,Kings,031,150075,1564,720,2,722,5
2020-06-02,Lake,033,64148,32,25,0,25,0
2020-06-02,Lassen,035,31185,10,4,2,6,0
2020-06-02,Los Angeles,037,10098052,65218,57144,24,57168,2430
2020-06-02,Madera,039,155013,301,110,1,111,2
2020-06-02,Marin,041,260295,585,509,2,511,14
2020-06-02,Mariposa,043,17540,16,16,0,16,1
2020-06-02,Mendocino,045,87422,32,29,0,29,0
2020-06-02,Merced,047,269075,468,297,0,297,6
2020-06-02,Modoc,049,8938,1,0,0,0,0
2020-06-02,Mono,051,14174,39,35,0,35,1
2020-06-02,Monterey,053,433212,819,582,1,583,10
2020-06-02,Napa,055,140530,152,116,0,116,3
2020-06-02,Nevada,057,99092,51,41,1,42,1
2020-06-02,Orange,059,3164182,9671,6790,70,6860,142
2020-06-02,Placer,061,380077,328,226,2,228,9
2020-06-02,Plumas,063,18699,4,4,0,4,0
2020-06-02,Riverside,065,2383286,10565,8091,22,8113,330
2020-06-02,Sacramento,067,1510023,1602,1428,2,1430,58
2020-06-02,San Benito,069,59416,107,86,0,86,2
2020-06-02,San Bernardino,071,2135413,6921,5438,5,5443,202
2020-06-02,San Diego,073,3302833,9013,7676,0,7676,276
2020-06-02,San Francisco,075,870044,2801,2554,0,2554,43
2020-06-02,San Joaquin,077,732212,1320,985,3,988,35
2020-06-02,San Luis Obispo,079,281455,379,275,4,279,1
2020-06-02,San Mateo,081,765935,2488,2203,2,2205,71
2020-06-02,Santa Barbara,083,443738,1886,1703,13,1716,12
2020-06-02,Santa Clara,085,1922200,3569,2819,14,2833,144
2020-06-02,Santa Cruz,087,273765,238,215,0,215,2
2020-06-02,Shasta,089,179085,62,38,0,38,4
2020-06-02,Sierra,091,2930,1,1,0,1,0
2020-06-02,Siskiyou,093,43540,13,8,0,8,0
2020-06-02,Solano,095,438530,683,537,1,538,18
2020-06-02,Sonoma,097,501317,678,571,1,572,4
2020-06-02,Stanislaus,099,539301,1004,772,5,777,27
2020-06-02,Sutter,101,95872,57,43,0,43,2
2020-06-02,Tehama,103,63373,14,6,1,7,1
2020-06-02,Trinity,105,12862,8,1,2,3,0
2020-06-02,Tulare,107,460477,2825,2012,10,2022,86
2020-06-02,Tuolumne,109,53932,6,4,0,4,0
2020-06-02,Ventura,111,848112,1761,1178,10,1188,30
2020-06-02,Yolo,113,214977,250,213,0,213,24
2020-06-02,Yuba,115,75493,31,27,0,27,1
2020-06-01,Alameda,001,1643700,3975,3460,5,3465,98
2020-06-01,Alpine,002,1148,1,1,0,1,0
2020-06-01,Amador,005,37829,10,10,0,10,0
2020-06-01,Butte,007,227075,82,50,7,57,1
2020-06-01,Calaveras,009,45235,21,15,0,15,0
2020-06-01,Colusa,011,21464,9,7,0,7,0
2020-06-01,Contra Costa,013,1133247,1756,1486,1,1487,37
2020-06-01,Del Norte,015,27424,45,38,0,38,0
2020-06-01,El Dorado,017,186661,123,88,1,89,0
2020-06-01,Fresno,019,978130,3523,1854,52,1906,33
2020-06-01,Glenn,021,27897,21,16,0,16,0
2020-06-01,Humboldt,023,135768,115,98,0,98,2
2020-06-01,Imperial,025,180216,4073,2366,4,2370,14
2020-06-01,Inyo,027,18085,20,20,0,20,1
2020-06-01,Kern,029,883053,3058,2366,7,2373,38
2020-06-01,Kings,031,150075,1296,703,2,705,4
2020-06-01,Lake,033,64148,32,22,0,22,0
2020-06-01,Lassen,035,31185,10,4,2,6,0
2020-06-01,Los Angeles,037,10098052,63745,55899,23,55922,2367
2020-06-01,Madera,039,155013,289,103,1,104,2
2020-06-01,Marin,041,260295,544,495,2,497,14
2020-06-01,Mariposa,043,17540,16,16,0,16,1
2020-06-01,Mendocino,045,87422,32,28,0,28,0
2020-06-01,Merced,047,269075,451,289,0,289,6
2020-06-01,Modoc,049,8938,1,0,0,0,0
2020-06-01,Mono,051,14174,39,35,0,35,1
2020-06-01,Monterey,053,433212,795,554,1,555,10
2020-06-01,Napa,055,140530,149,114,0,114,3
2020-06-01,Nevada,057,99092,51,41,1,42,1
2020-06-01,Orange,059,3164182,9474,6640,69,6709,135
2020-06-01,Placer,061,380077,316,218,2,220,9
2020-06-01,Plumas,063,18699,4,4,0,4,0
2020-06-01,Riverside,065,2383286,10113,7921,21,7942,322
2020-06-01,Sacramento,067,1510023,1563,1415,2,1417,58
2020-06-01,San Benito,069,59416,104,86,0,86,2
2020-06-01,San Bernardino,071,2135413,6715,5310,5,5315,202
2020-06-01,San Diego,073,3302833,8833,7556,0,7556,269
2020-06-01,San Francisco,075,870044,2764,2546,0,2546,43
2020-06-01,San Joaquin,077,732212,1255,957,3,960,35
2020-06-01,San Luis Obispo,079,281455,375,275,4,279,1
2020-06-01,San Mateo,081,765935,2458,2190,2,2192,71
2020-06-01,Santa Barbara,083,443738,1852,1671,12,1683,10
2020-06-01,Santa Clara,085,1922200,3531,2797,13,2810,142
2020-06-01,Santa Cruz,087,273765,234,215,0,215,2
2020-06-01,Shasta,089,179085,62,38,0,38,4
2020-06-01,Sierra,091,2930,1,1,0,1,0
2020-06-01,Siskiyou,093,43540,13,7,0,7,0
2020-06-01,Solano,095,438530,659,529,1,530,17
2020-06-01,Sonoma,097,501317,662,565,1,566,4
2020-06-01,Stanislaus,099,539301,967,758,5,763,27
2020-06-01,Sutter,101,95872,52,43,0,43,2
2020-06-01,Tehama,103,63373,11,5,1,6,1
2020-06-01,Trinity,105,12862,7,1,2,3,0
2020-06-01,Tulare,107,460477,2710,1976,10,1986,84
2020-06-01,Tuolumne,109,53932,5,4,0,4,0
2020-06-01,Ventura,111,848112,1708,1163,10,1173,29
2020-06-01,Yolo,113,214977,247,212,0,212,24
2020-06-01,Yuba,115,75493,30,26,0,26,1
2020-05-31,Alameda,001,1643700,3870,3362,5,3367,98
2020-05-31,Alpine,002,1148,1,1,0,1,0
2020-05-31,Amador,005,37829,10,10,0,10,0
2020-05-31,Butte,007,227075,80,51,7,58,0
2020-05-31,Calaveras,009,45235,18,15,0,15,0
2020-05-31,Colusa,011,21464,9,5,0,5,0
2020-05-31,Contra Costa,013,1133247,1722,1458,1,1459,37
2020-05-31,Del Norte,015,27424,45,37,0,37,0
2020-05-31,El Dorado,017,186661,119,88,1,89,0
2020-05-31,Fresno,019,978130,3359,1780,47,1827,31
2020-05-31,Glenn,021,27897,20,16,0,16,0
2020-05-31,Humboldt,023,135768,113,98,0,98,2
2020-05-31,Imperial,025,180216,3806,2197,4,2201,14
2020-05-31,Inyo,027,18085,20,20,0,20,1
2020-05-31,Kern,029,883053,2923,2300,7,2307,38
2020-05-31,Kings,031,150075,1260,703,2,705,3
2020-05-31,Lake,033,64148,32,19,0,19,0
2020-05-31,Lassen,035,31185,10,4,2,6,0
2020-05-31,Los Angeles,037,10098052,62450,54925,23,54948,2344
2020-05-31,Madera,039,155013,271,101,1,102,2
2020-05-31,Marin,041,260295,534,486,2,488,14
2020-05-31,Mariposa,043,17540,16,16,0,16,1
2020-05-31,Mendocino,045,87422,32,24,0,24,0
2020-05-31,Merced,047,269075,418,288,0,288,6
2020-05-31,Modoc,049,8938,0,0,0,0,0
2020-05-31,Mono,051,14174,39,34,0,34,1
2020-05-31,Monterey,053,433212,721,545,1,546,10
2020-05-31,Napa,055,140530,147,114,0,114,3
2020-05-31,Nevada,057,99092,50,41,1,42,1
2020-05-31,Orange,059,3164182,9262,6532,68,6600,135
2020-05-31,Placer,061,380077,294,215,2,217,9
2020-05-31,Plumas,063,18699,4,4,0,4,0
2020-05-31,Riverside,065,2383286,9857,7704,21,7725,321
2020-05-31,Sacramento,067,1510023,1532,1398,2,1400,57
2020-05-31,San Benito,069,59416,98,85,0,85,2
2020-05-31,San Bernardino,071,2135413,6447,5185,5,5190,198
2020-05-31,San Diego,073,3302833,8639,7483,0,7483,269
2020-05-31,San Francisco,075,870044,2728,2501,0,2501,43
2020-05-31,San Joaquin,077,732212,1190,888,3,891,34
2020-05-31,San Luis Obispo,079,281455,365,271,4,275,1
2020-05-31,San Mateo,081,765935,2412,2169,2,2171,71
2020-05-31,Santa Barbara,083,443738,1801,1662,11,1673,9
2020-05-31,Santa Clara,085,1922200,3487,2785,13,2798,142
2020-05-31,Santa Cruz,087,273765,231,210,0,210,2
2020-05-31,Shasta,089,179085,60,38,0,38,4
2020-05-31,Sierra,091,2930,1,1,0,1,0
2020-05-31,Siskiyou,093,43540,12,7,0,7,0
2020-05-31,Solano,095,438530,633,512,1,513,6
2020-05-31,Sonoma,097,501317,642,555,1,556,4
2020-05-31,Stanislaus,099,539301,913,738,5,743,27
2020-05-31,Sutter,101,95872,50,42,0,42,2
2020-05-31,Tehama,103,63373,10,4,1,5,1
2020-05-31,Trinity,105,12862,7,1,2,3,0
2020-05-31,Tulare,107,460477,2637,1884,10,1894,82
2020-05-31,Tuolumne,109,53932,5,4,0,4,0
2020-05-31,Ventura,111,848112,1647,1151,10,1161,30
2020-05-31,Yolo,113,214977,241,211,0,211,24
2020-05-31,Yuba,115,75493,30,26,0,26,1
2020-05-30,Alameda,001,1643700,3844,3304,5,3309,96
2020-05-30,Alpine,002,1148,1,1,0,1,0
2020-05-30,Amador,005,37829,10,10,0,10,0
2020-05-30,Butte,007,227075,79,44,7,51,0
2020-05-30,Calaveras,009,45235,17,15,0,15,0
2020-05-30,Colusa,011,21464,8,5,0,5,0
2020-05-30,Contra Costa,013,1133247,1706,1429,1,1430,37
2020-05-30,Del Norte,015,27424,45,37,0,37,0
2020-05-30,El Dorado,017,186661,118,86,1,87,0
2020-05-30,Fresno,019,978130,3298,1744,46,1790,31
2020-05-30,Glenn,021,27897,19,16,0,16,0
2020-05-30,Humboldt,023,135768,112,98,0,98,2
2020-05-30,Imperial,025,180216,3716,2091,4,2095,14
2020-05-30,Inyo,027,18085,20,20,0,20,1
2020-05-30,Kern,029,883053,2854,2217,7,2224,38
2020-05-30,Kings,031,150075,1246,703,2,705,3
2020-05-30,Lake,033,64148,31,18,0,18,0
2020-05-30,Lassen,035,31185,10,4,2,6,0
2020-05-30,Los Angeles,037,10098052,61915,53627,23,53650,2319
2020-05-30,Madera,039,155013,266,101,1,102,2
2020-05-30,Marin,041,260295,534,462,2,464,14
2020-05-30,Mariposa,043,17540,16,16,0,16,1
2020-05-30,Mendocino,045,87422,32,24,0,24,0
2020-05-30,Merced,047,269075,414,285,0,285,6
2020-05-30,Modoc,049,8938,0,0,0,0,0
2020-05-30,Mono,051,14174,39,34,0,34,1
2020-05-30,Monterey,053,433212,705,520,1,521,10
2020-05-30,Napa,055,140530,145,113,0,113,3
2020-05-30,Nevada,057,99092,50,41,1,42,1
2020-05-30,Orange,059,3164182,9105,6354,67,6421,134
2020-05-30,Placer,061,380077,286,199,1,200,9
2020-05-30,Plumas,063,18699,4,4,0,4,0
2020-05-30,Riverside,065,2383286,9713,7492,21,7513,316
2020-05-30,Sacramento,067,1510023,1521,1384,2,1386,57
2020-05-30,San Benito,069,59416,97,85,0,85,2
2020-05-30,San Bernardino,071,2135413,6338,5122,5,5127,198
2020-05-30,San Diego,073,3302833,8546,7387,0,7387,269
2020-05-30,San Francisco,075,870044,2703,2496,0,2496,41
2020-05-30,San Joaquin,077,732212,1152,888,3,891,34
2020-05-30,San Luis Obispo,079,281455,360,270,4,274,1
2020-05-30,San Mateo,081,765935,2388,2129,2,2131,71
2020-05-30,Santa Barbara,083,443738,1782,1660,11,1671,9
2020-05-30,Santa Clara,085,1922200,3471,2741,13,2754,141
2020-05-30,Santa Cruz,087,273765,231,206,0,206,2
2020-05-30,Shasta,089,179085,60,36,0,36,4
2020-05-30,Sierra,091,2930,1,1,0,1,0
2020-05-30,Siskiyou,093,43540,11,7,0,7,0
2020-05-30,Solano,095,438530,626,512,1,513,6
2020-05-30,Sonoma,097,501317,632,551,1,552,4
2020-05-30,Stanislaus,099,539301,896,712,5,717,27
2020-05-30,Sutter,101,95872,49,40,0,40,2
2020-05-30,Tehama,103,63373,10,4,1,5,1
2020-05-30,Trinity,105,12862,7,1,2,3,0
2020-05-30,Tulare,107,460477,2600,1879,10,1889,81
2020-05-30,Tuolumne,109,53932,5,4,0,4,0
2020-05-30,Ventura,111,848112,1630,1116,10,1126,30
2020-05-30,Yolo,113,214977,237,210,0,210,24
2020-05-30,Yuba,115,75493,30,25,0,25,1
2020-05-29,Alameda,001,1643700,3809,3209,5,3214,96
2020-05-29,Alpine,002,1148,1,1,0,1,0
2020-05-29,Amador,005,37829,10,10,0,10,0
2020-05-29,Butte,007,227075,74,41,7,48,0
2020-05-29,Calaveras,009,45235,17,15,0,15,0
2020-05-29,Colusa,011,21464,8,5,0,5,0
2020-05-29,Contra Costa,013,1133247,1690,1411,1,1412,37
2020-05-29,Del Norte,015,27424,45,37,0,37,0
2020-05-29,El Dorado,017,186661,117,85,1,86,0
2020-05-29,Fresno,019,978130,3248,1687,46,1733,31
2020-05-29,Glenn,021,27897,19,14,0,14,0
2020-05-29,Humboldt,023,135768,111,98,0,98,2
2020-05-29,Imperial,025,180216,3598,1607,4,1611,14
2020-05-29,Inyo,027,18085,20,20,0,20,1
2020-05-29,Kern,029,883053,2796,2128,7,2135,36
2020-05-29,Kings,031,150075,1235,693,2,695,3
2020-05-29,Lake,033,64148,30,17,0,17,0
2020-05-29,Lassen,035,31185,10,0,2,2,0
2020-05-29,Los Angeles,037,10098052,60959,51578,23,51601,2273
2020-05-29,Madera,039,155013,251,98,1,99,2
2020-05-29,Marin,041,260295,526,448,2,450,14
2020-05-29,Mariposa,043,17540,16,16,0,16,1
2020-05-29,Mendocino,045,87422,30,25,0,25,0
2020-05-29,Merced,047,269075,404,285,0,285,7
2020-05-29,Modoc,049,8938,0,0,0,0,0
2020-05-29,Mono,051,14174,38,34,0,34,1
2020-05-29,Monterey,053,433212,675,479,1,480,10
2020-05-29,Napa,055,140530,142,113,0,113,3
2020-05-29,Nevada,057,99092,50,41,1,42,1
2020-05-29,Orange,059,3164182,8919,6176,64,6240,133
2020-05-29,Placer,061,380077,264,199,1,200,9
2020-05-29,Plumas,063,18699,4,4,0,4,0
2020-05-29,Riverside,065,2383286,9527,7376,21,7397,313
2020-05-29,Sacramento,067,1510023,1498,1360,2,1362,57
2020-05-29,San Benito,069,59416,97,84,0,84,2
2020-05-29,San Bernardino,071,2135413,6230,4983,5,4988,196
2020-05-29,San Diego,073,3302833,8423,7242,0,7242,266
2020-05-29,San Francisco,075,870044,2679,2453,0,2453,41
2020-05-29,San Joaquin,077,732212,1115,855,3,858,34
2020-05-29,San Luis Obispo,079,281455,356,270,4,274,1
2020-05-29,San Mateo,081,765935,2372,2103,2,2105,71
2020-05-29,Santa Barbara,083,443738,1754,1656,11,1667,9
2020-05-29,Santa Clara,085,1922200,3443,2707,13,2720,141
2020-05-29,Santa Cruz,087,273765,228,203,0,203,2
2020-05-29,Shasta,089,179085,60,36,0,36,4
2020-05-29,Sierra,091,2930,1,1,0,1,0
2020-05-29,Siskiyou,093,43540,11,7,0,7,0
2020-05-29,Solano,095,438530,618,498,1,499,6
2020-05-29,Sonoma,097,501317,621,537,1,538,4
2020-05-29,Stanislaus,099,539301,866,698,5,703,27
2020-05-29,Sutter,101,95872,47,40,0,40,2
2020-05-29,Tehama,103,63373,9,4,1,5,1
2020-05-29,Trinity,105,12862,7,1,2,3,0
2020-05-29,Tulare,107,460477,2562,1852,10,1862,80
2020-05-29,Tuolumne,109,53932,5,4,0,4,0
2020-05-29,Ventura,111,848112,1606,1093,10,1103,29
2020-05-29,Yolo,113,214977,233,211,0,211,24
2020-05-29,Yuba,115,75493,29,25,0,25,1
2020-05-28,Alameda,001,1643700,3710,3083,5,3088,94
2020-05-28,Alpine,002,1148,1,1,0,1,0
2020-05-28,Amador,005,37829,10,10,0,10,0
2020-05-28,Butte,007,227075,73,40,7,47,0
2020-05-28,Calaveras,009,45235,16,15,0,15,0
2020-05-28,Colusa,011,21464,8,5,0,5,0
2020-05-28,Contra Costa,013,1133247,1651,1392,1,1393,37
2020-05-28,Del Norte,015,27424,45,37,0,37,0
2020-05-28,El Dorado,017,186661,114,82,1,83,0
2020-05-28,Fresno,019,978130,3168,1653,45,1698,31
2020-05-28,Glenn,021,27897,18,14,0,14,0
2020-05-28,Humboldt,023,135768,110,97,0,97,2
2020-05-28,Imperial,025,180216,3403,1430,4,1434,14
2020-05-28,Inyo,027,18085,20,20,0,20,1
2020-05-28,Kern,029,883053,2718,2069,7,2076,36
2020-05-28,Kings,031,150075,898,626,2,628,3
2020-05-28,Lake,033,64148,29,17,0,17,0
2020-05-28,Lassen,035,31185,10,0,2,2,0
2020-05-28,Los Angeles,037,10098052,59383,49861,23,49884,2222
2020-05-28,Madera,039,155013,233,93,1,94,2
2020-05-28,Marin,041,260295,501,443,2,445,14
2020-05-28,Mariposa,043,17540,16,16,0,16,1
2020-05-28,Mendocino,045,87422,28,24,0,24,0
2020-05-28,Merced,047,269075,394,283,0,283,7
2020-05-28,Modoc,049,8938,0,0,0,0,0
2020-05-28,Mono,051,14174,38,34,0,34,1
2020-05-28,Monterey,053,433212,643,471,1,472,10
2020-05-28,Napa,055,140530,139,113,0,113,3
2020-05-28,Nevada,057,99092,45,41,1,42,1
2020-05-28,Orange,059,3164182,8724,6045,64,6109,130
2020-05-28,Placer,061,380077,257,196,1,197,9
2020-05-28,Plumas,063,18699,4,4,0,4,0
2020-05-28,Riverside,065,2383286,9123,7240,20,7260,304
2020-05-28,Sacramento,067,1510023,1478,1339,2,1341,57
2020-05-28,San Benito,069,59416,96,82,0,82,2
2020-05-28,San Bernardino,071,2135413,6065,4831,5,4836,191
2020-05-28,San Diego,073,3302833,8266,7102,0,7102,260
2020-05-28,San Francisco,075,870044,2645,2417,0,2417,40
2020-05-28,San Joaquin,077,732212,1080,840,3,843,34
2020-05-28,San Luis Obispo,079,281455,353,267,4,271,1
2020-05-28,San Mateo,081,765935,2345,2070,2,2072,71
2020-05-28,Santa Barbara,083,443738,1726,1642,10,1652,9
2020-05-28,Santa Clara,085,1922200,3403,2698,13,2711,140
2020-05-28,Santa Cruz,087,273765,227,201,0,201,2
2020-05-28,Shasta,089,179085,58,36,0,36,4
2020-05-28,Sierra,091,2930,1,1,0,1,0
2020-05-28,Siskiyou,093,43540,9,6,0,6,0
2020-05-28,Solano,095,438530,601,489,1,490,6
2020-05-28,Sonoma,097,501317,599,529,1,530,4
2020-05-28,Stanislaus,099,539301,825,684,5,689,27
2020-05-28,Sutter,101,95872,47,40,0,40,2
2020-05-28,Tehama,103,63373,9,4,1,5,1
2020-05-28,Trinity,105,12862,6,1,2,3,0
2020-05-28,Tulare,107,460477,2526,1832,10,1842,79
2020-05-28,Tuolumne,109,53932,5,4,0,4,0
2020-05-28,Ventura,111,848112,1573,1083,10,1093,29
2020-05-28,Yolo,113,214977,230,206,0,206,22
2020-05-28,Yuba,115,75493,28,24,0,24,1
2020-05-27,Alameda,001,1643700,3627,3037,5,3042,94
2020-05-27,Alpine,002,1148,1,1,0,1,0
2020-05-27,Amador,005,37829,10,10,0,10,0
2020-05-27,Butte,007,227075,70,40,6,46,0
2020-05-27,Calaveras,009,45235,15,15,0,15,0
2020-05-27,Colusa,011,21464,8,5,0,5,0
2020-05-27,Contra Costa,013,1133247,1611,1373,1,1374,37
2020-05-27,Del Norte,015,27424,45,34,0,34,0
2020-05-27,El Dorado,017,186661,113,82,1,83,0
2020-05-27,Fresno,019,978130,3078,1620,45,1665,27
2020-05-27,Glenn,021,27897,18,14,0,14,0
2020-05-27,Humboldt,023,135768,110,86,0,86,2
2020-05-27,Imperial,025,180216,3223,1369,4,1373,14
2020-05-27,Inyo,027,18085,20,20,0,20,1
2020-05-27,Kern,029,883053,2653,1999,7,2006,37
2020-05-27,Kings,031,150075,871,586,2,588,3
2020-05-27,Lake,033,64148,29,13,0,13,0
2020-05-27,Lassen,035,31185,10,0,2,2,0
2020-05-27,Los Angeles,037,10098052,58012,48711,23,48734,2177
2020-05-27,Madera,039,155013,224,91,1,92,2
2020-05-27,Marin,041,260295,472,439,2,441,14
2020-05-27,Mariposa,043,17540,16,16,0,16,1
2020-05-27,Mendocino,045,87422,27,21,0,21,0
2020-05-27,Merced,047,269075,388,278,0,278,7
2020-05-27,Modoc,049,8938,0,0,0,0,0
2020-05-27,Mono,051,14174,38,34,0,34,1
2020-05-27,Monterey,053,433212,603,443,1,444,8
2020-05-27,Napa,055,140530,134,112,0,112,3
2020-05-27,Nevada,057,99092,44,41,1,42,1
2020-05-27,Orange,059,3164182,8569,5849,64,5913,121
2020-05-27,Placer,061,380077,238,196,0,196,9
2020-05-27,Plumas,063,18699,4,4,0,4,0
2020-05-27,Riverside,065,2383286,8744,7156,20,7176,299
2020-05-27,Sacramento,067,1510023,1450,1318,2,1320,50
2020-05-27,San Benito,069,59416,93,74,0,74,2
2020-05-27,San Bernardino,071,2135413,5881,4708,5,4713,183
2020-05-27,San Diego,073,3302833,8115,6985,0,6985,255
2020-05-27,San Francisco,075,870044,2616,2394,0,2394,40
2020-05-27,San Joaquin,077,732212,1039,825,3,828,34
2020-05-27,San Luis Obispo,079,281455,348,266,4,270,1
2020-05-27,San Mateo,081,765935,2305,2045,2,2047,71
2020-05-27,Santa Barbara,083,443738,1711,1629,10,1639,9
2020-05-27,Santa Clara,085,1922200,3370,2680,13,2693,140
2020-05-27,Santa Cruz,087,273765,223,202,0,202,2
2020-05-27,Shasta,089,179085,55,36,0,36,4
2020-05-27,Sierra,091,2930,1,1,0,1,0
2020-05-27,Siskiyou,093,43540,9,6,0,6,0
2020-05-27,Solano,095,438530,581,477,1,478,5
2020-05-27,Sonoma,097,501317,585,521,1,522,4
2020-05-27,Stanislaus,099,539301,800,675,5,680,27
2020-05-27,Sutter,101,95872,46,40,0,40,2
2020-05-27,Tehama,103,63373,9,3,1,4,1
2020-05-27,Trinity,105,12862,6,1,2,3,0
2020-05-27,Tulare,107,460477,2474,1817,10,1827,77
2020-05-27,Tuolumne,109,53932,5,4,0,4,0
2020-05-27,Ventura,111,848112,1548,1065,10,1075,28
2020-05-27,Yolo,113,214977,229,204,0,204,22
2020-05-27,Yuba,115,75493,28,24,0,24,1
2020-05-26,Alameda,001,1643700,3532,2956,5,2961,92
2020-05-26,Alpine,002,1148,1,1,0,1,0
2020-05-26,Amador,005,37829,10,10,0,10,0
2020-05-26,Butte,007,227075,68,37,5,42,0
2020-05-26,Calaveras,009,45235,15,13,0,13,0
2020-05-26,Colusa,011,21464,8,4,0,4,0
2020-05-26,Contra Costa,013,1133247,1575,1352,1,1353,37
2020-05-26,Del Norte,015,27424,44,30,0,30,0
2020-05-26,El Dorado,017,186661,109,79,1,80,0
2020-05-26,Fresno,019,978130,2991,1496,45,1541,22
2020-05-26,Glenn,021,27897,16,12,0,12,0
2020-05-26,Humboldt,023,135768,108,81,0,81,2
2020-05-26,Imperial,025,180216,3010,1369,4,1373,14
2020-05-26,Inyo,027,18085,20,20,0,20,1
2020-05-26,Kern,029,883053,2575,1890,7,1897,31
2020-05-26,Kings,031,150075,803,449,1,450,2
2020-05-26,Lake,033,64148,27,12,0,12,0
2020-05-26,Lassen,035,31185,9,0,2,2,0
2020-05-26,Los Angeles,037,10098052,56546,47760,23,47783,2121
2020-05-26,Madera,039,155013,209,83,1,84,2
2020-05-26,Marin,041,260295,460,424,2,426,14
2020-05-26,Mariposa,043,17540,16,16,0,16,1
2020-05-26,Mendocino,045,87422,25,20,0,20,0
2020-05-26,Merced,047,269075,377,266,0,266,7
2020-05-26,Modoc,049,8938,0,1,0,1,0
2020-05-26,Mono,051,14174,37,34,0,34,1
2020-05-26,Monterey,053,433212,575,424,1,425,8
2020-05-26,Napa,055,140530,129,109,0,109,3
2020-05-26,Nevada,057,99092,43,41,1,42,1
2020-05-26,Orange,059,3164182,8299,5651,63,5714,115
2020-05-26,Placer,061,380077,233,188,0,188,9
2020-05-26,Plumas,063,18699,4,4,0,4,0
2020-05-26,Riverside,065,2383286,8297,6917,20,6937,284
2020-05-26,Sacramento,067,1510023,1424,1298,2,1300,50
2020-05-26,San Benito,069,59416,88,69,0,69,2
2020-05-26,San Bernardino,071,2135413,5713,4430,5,4435,175
2020-05-26,San Diego,073,3302833,7972,6884,0,6884,249
2020-05-26,San Francisco,075,870044,2583,2363,0,2363,40
2020-05-26,San Joaquin,077,732212,992,760,3,763,33
2020-05-26,San Luis Obispo,079,281455,346,260,4,264,1
2020-05-26,San Mateo,081,765935,2267,1967,2,1969,71
2020-05-26,Santa Barbara,083,443738,1694,1590,9,1599,9
2020-05-26,Santa Clara,085,1922200,3338,2659,13,2672,139
2020-05-26,Santa Cruz,087,273765,221,197,0,197,2
2020-05-26,Shasta,089,179085,55,36,0,36,4
2020-05-26,Sierra,091,2930,1,1,0,1,0
2020-05-26,Siskiyou,093,43540,8,6,0,6,0
2020-05-26,Solano,095,438530,563,470,1,471,5
2020-05-26,Sonoma,097,501317,577,509,0,509,4
2020-05-26,Stanislaus,099,539301,780,663,5,668,27
2020-05-26,Sutter,101,95872,45,39,0,39,2
2020-05-26,Tehama,103,63373,8,2,1,3,1
2020-05-26,Trinity,105,12862,6,1,2,3,0
2020-05-26,Tulare,107,460477,2418,1768,10,1778,76
2020-05-26,Tuolumne,109,53932,5,2,0,2,0
2020-05-26,Ventura,111,848112,1511,1033,8,1041,27
2020-05-26,Yolo,113,214977,223,198,0,198,22
2020-05-26,Yuba,115,75493,27,24,0,24,1
2020-05-25,Alameda,001,1643700,3438,2900,5,2905,92
2020-05-25,Alpine,002,1148,1,1,0,1,0
2020-05-25,Amador,005,37829,10,10,0,10,0
2020-05-25,Butte,007,227075,65,37,5,42,0
2020-05-25,Calaveras,009,45235,15,13,0,13,0
2020-05-25,Colusa,011,21464,7,4,0,4,0
2020-05-25,Contra Costa,013,1133247,1543,1348,1,1349,37
2020-05-25,Del Norte,015,27424,44,20,0,20,0
2020-05-25,El Dorado,017,186661,101,78,1,79,0
2020-05-25,Fresno,019,978130,2889,1496,43,1539,22
2020-05-25,Glenn,021,27897,16,12,0,12,0
2020-05-25,Humboldt,023,135768,107,81,0,81,2
2020-05-25,Imperial,025,180216,2803,1369,4,1373,14
2020-05-25,Inyo,027,18085,19,20,0,20,1
2020-05-25,Kern,029,883053,2504,1890,7,1897,31
2020-05-25,Kings,031,150075,773,447,1,448,2
2020-05-25,Lake,033,64148,25,13,0,13,0
2020-05-25,Lassen,035,31185,9,0,2,2,0
2020-05-25,Los Angeles,037,10098052,54733,45952,22,45974,2094
2020-05-25,Madera,039,155013,196,83,1,84,2
2020-05-25,Marin,041,260295,442,415,2,417,14
2020-05-25,Mariposa,043,17540,16,15,0,15,1
2020-05-25,Mendocino,045,87422,22,19,0,19,0
2020-05-25,Merced,047,269075,371,262,0,262,6
2020-05-25,Modoc,049,8938,0,1,0,1,0
2020-05-25,Mono,051,14174,37,34,0,34,1
2020-05-25,Monterey,053,433212,545,418,1,419,8
2020-05-25,Napa,055,140530,129,107,0,107,3
2020-05-25,Nevada,057,99092,43,41,1,42,1
2020-05-25,Orange,059,3164182,8076,5601,62,5663,115
2020-05-25,Placer,061,380077,229,186,0,186,9
2020-05-25,Plumas,063,18699,4,4,0,4,0
2020-05-25,Riverside,065,2383286,8066,6900,20,6920,284
2020-05-25,Sacramento,067,1510023,1404,1290,1,1291,50
2020-05-25,San Benito,069,59416,87,70,0,70,2
2020-05-25,San Bernardino,071,2135413,5523,4393,4,4397,175
2020-05-25,San Diego,073,3302833,7796,6799,0,6799,249
2020-05-25,San Francisco,075,870044,2546,2358,0,2358,40
2020-05-25,San Joaquin,077,732212,966,760,3,763,33
2020-05-25,San Luis Obispo,079,281455,343,260,4,264,1
2020-05-25,San Mateo,081,765935,2230,1938,2,1940,71
2020-05-25,Santa Barbara,083,443738,1684,1590,9,1599,9
2020-05-25,Santa Clara,085,1922200,3305,2647,13,2660,139
2020-05-25,Santa Cruz,087,273765,219,191,0,191,2
2020-05-25,Shasta,089,179085,54,36,0,36,4
2020-05-25,Sierra,091,2930,1,1,0,1,0
2020-05-25,Siskiyou,093,43540,8,6,0,6,0
2020-05-25,Solano,095,438530,549,437,1,438,5
2020-05-25,Sonoma,097,501317,565,496,0,496,4
2020-05-25,Stanislaus,099,539301,750,651,5,656,27
2020-05-25,Sutter,101,95872,45,38,0,38,2
2020-05-25,Tehama,103,63373,7,2,1,3,1
2020-05-25,Trinity,105,12862,6,1,2,3,0
2020-05-25,Tulare,107,460477,2354,1747,10,1757,76
2020-05-25,Tuolumne,109,53932,5,2,0,2,0
2020-05-25,Ventura,111,848112,1470,1020,8,1028,27
2020-05-25,Yolo,113,214977,221,197,0,197,22
2020-05-25,Yuba,115,75493,26,24,0,24,1
2020-05-24,Alameda,001,1643700,3365,2830,5,2835,92
2020-05-24,Alpine,002,1148,1,1,0,1,0
2020-05-24,Amador,005,37829,10,9,0,9,0
2020-05-24,Butte,007,227075,63,35,5,40,0
2020-05-24,Calaveras,009,45235,15,13,0,13,0
2020-05-24,Colusa,011,21464,7,4,0,4,0
2020-05-24,Contra Costa,013,1133247,1515,1325,1,1326,37
2020-05-24,Del Norte,015,27424,43,16,0,16,0
2020-05-24,El Dorado,017,186661,100,76,1,77,0
2020-05-24,Fresno,019,978130,2822,1455,42,1497,22
2020-05-24,Glenn,021,27897,15,12,0,12,0
2020-05-24,Humboldt,023,135768,107,81,0,81,2
2020-05-24,Imperial,025,180216,2677,1369,4,1373,14
2020-05-24,Inyo,027,18085,19,20,0,20,1
2020-05-24,Kern,029,883053,2431,1861,6,1867,31
2020-05-24,Kings,031,150075,762,446,1,447,2
2020-05-24,Lake,033,64148,24,12,0,12,0
2020-05-24,Lassen,035,31185,8,0,2,2,0
2020-05-24,Los Angeles,037,10098052,53717,44954,22,44976,2085
2020-05-24,Madera,039,155013,190,83,1,84,2
2020-05-24,Marin,041,260295,440,401,2,403,14
2020-05-24,Mariposa,043,17540,16,15,0,15,1
2020-05-24,Mendocino,045,87422,21,19,0,19,0
2020-05-24,Merced,047,269075,370,258,0,258,6
2020-05-24,Modoc,049,8938,0,0,0,0,0
2020-05-24,Mono,051,14174,37,34,0,34,1
2020-05-24,Monterey,053,433212,517,405,1,406,8
2020-05-24,Napa,055,140530,127,104,0,104,3
2020-05-24,Nevada,057,99092,43,41,1,42,1
2020-05-24,Orange,059,3164182,7922,5439,61,5500,113
2020-05-24,Placer,061,380077,221,184,0,184,9
2020-05-24,Plumas,063,18699,4,4,0,4,0
2020-05-24,Riverside,065,2383286,7925,6571,20,6591,284
2020-05-24,Sacramento,067,1510023,1388,1283,1,1284,50
2020-05-24,San Benito,069,59416,86,67,0,67,2
2020-05-24,San Bernardino,071,2135413,5415,4262,4,4266,175
2020-05-24,San Diego,073,3302833,7653,6703,0,6703,249
2020-05-24,San Francisco,075,870044,2523,2318,0,2318,40
2020-05-24,San Joaquin,077,732212,947,760,3,763,33
2020-05-24,San Luis Obispo,079,281455,341,257,4,261,1
2020-05-24,San Mateo,081,765935,2195,1925,2,1927,71
2020-05-24,Santa Barbara,083,443738,1672,1573,9,1582,9
2020-05-24,Santa Clara,085,1922200,3285,2623,13,2636,139
2020-05-24,Santa Cruz,087,273765,216,185,0,185,2
2020-05-24,Shasta,089,179085,53,36,0,36,4
2020-05-24,Sierra,091,2930,1,1,0,1,0
2020-05-24,Siskiyou,093,43540,7,6,0,6,0
2020-05-24,Solano,095,438530,541,436,0,436,5
2020-05-24,Sonoma,097,501317,554,485,0,485,4
2020-05-24,Stanislaus,099,539301,730,634,5,639,27
2020-05-24,Sutter,101,95872,45,38,0,38,2
2020-05-24,Tehama,103,63373,5,2,1,3,1
2020-05-24,Trinity,105,12862,6,1,2,3,0
2020-05-24,Tulare,107,460477,2308,1684,10,1694,74
2020-05-24,Tuolumne,109,53932,5,2,0,2,0
2020-05-24,Ventura,111,848112,1458,982,8,990,27
2020-05-24,Yolo,113,214977,219,192,0,192,22
2020-05-24,Yuba,115,75493,26,24,0,24,1
2020-05-23,Alameda,001,1643700,3324,2783,5,2788,91
2020-05-23,Alpine,002,1148,1,1,0,1,0
2020-05-23,Amador,005,37829,10,9,0,9,0
2020-05-23,Butte,007,227075,62,34,5,39,0
2020-05-23,Calaveras,009,45235,15,13,0,13,0
2020-05-23,Colusa,011,21464,7,4,0,4,0
2020-05-23,Contra Costa,013,1133247,1504,1302,1,1303,36
2020-05-23,Del Norte,015,27424,43,10,0,10,0
2020-05-23,El Dorado,017,186661,100,74,1,75,0
2020-05-23,Fresno,019,978130,2802,1447,42,1489,21
2020-05-23,Glenn,021,27897,15,12,0,12,0
2020-05-23,Humboldt,023,135768,105,80,0,80,2
2020-05-23,Imperial,025,180216,2589,1283,4,1287,14
2020-05-23,Inyo,027,18085,19,20,0,20,1
2020-05-23,Kern,029,883053,2388,1806,6,1812,31
2020-05-23,Kings,031,150075,758,444,1,445,2
2020-05-23,Lake,033,64148,23,10,0,10,0
2020-05-23,Lassen,035,31185,8,0,2,2,0
2020-05-23,Los Angeles,037,10098052,53172,44029,22,44051,2069
2020-05-23,Madera,039,155013,186,83,1,84,2
2020-05-23,Marin,041,260295,440,393,1,394,14
2020-05-23,Mariposa,043,17540,16,15,0,15,1
2020-05-23,Mendocino,045,87422,21,13,0,13,0
2020-05-23,Merced,047,269075,365,247,0,247,6
2020-05-23,Modoc,049,8938,0,0,0,0,0
2020-05-23,Mono,051,14174,36,34,0,34,1
2020-05-23,Monterey,053,433212,503,397,1,398,8
2020-05-23,Napa,055,140530,123,101,0,101,3
2020-05-23,Nevada,057,99092,43,41,1,42,1
2020-05-23,Orange,059,3164182,7763,5313,60,5373,113
2020-05-23,Placer,061,380077,215,184,0,184,9
2020-05-23,Plumas,063,18699,4,4,0,4,0
2020-05-23,Riverside,065,2383286,7834,6460,20,6480,284
2020-05-23,Sacramento,067,1510023,1372,1275,1,1276,50
2020-05-23,San Benito,069,59416,81,67,0,67,2
2020-05-23,San Bernardino,071,2135413,5321,4172,4,4176,175
2020-05-23,San Diego,073,3302833,7562,6561,0,6561,249
2020-05-23,San Francisco,075,870044,2504,2312,0,2312,40
2020-05-23,San Joaquin,077,732212,932,759,3,762,33
2020-05-23,San Luis Obispo,079,281455,337,256,4,260,1
2020-05-23,San Mateo,081,765935,2167,1862,2,1864,71
2020-05-23,Santa Barbara,083,443738,1664,1566,9,1575,9
2020-05-23,Santa Clara,085,1922200,3271,2593,12,2605,139
2020-05-23,Santa Cruz,087,273765,214,177,0,177,2
2020-05-23,Shasta,089,179085,53,35,0,35,4
2020-05-23,Sierra,091,2930,1,1,0,1,0
2020-05-23,Siskiyou,093,43540,7,6,0,6,0
2020-05-23,Solano,095,438530,536,435,0,435,5
2020-05-23,Sonoma,097,501317,540,462,0,462,4
2020-05-23,Stanislaus,099,539301,722,625,5,630,27
2020-05-23,Sutter,101,95872,44,38,0,38,2
2020-05-23,Tehama,103,63373,5,2,1,3,1
2020-05-23,Trinity,105,12862,6,1,2,3,0
2020-05-23,Tulare,107,460477,2287,1682,10,1692,73
2020-05-23,Tuolumne,109,53932,5,2,0,2,0
2020-05-23,Ventura,111,848112,1438,961,8,969,27
2020-05-23,Yolo,113,214977,218,188,0,188,22
2020-05-23,Yuba,115,75493,26,24,0,24,1
2020-05-22,Alameda,001,1643700,3270,2722,5,2727,91
2020-05-22,Alpine,002,1148,1,1,0,1,0
2020-05-22,Amador,005,37829,10,9,0,9,0
2020-05-22,Butte,007,227075,60,34,5,39,0
2020-05-22,Calaveras,009,45235,15,13,0,13,0
2020-05-22,Colusa,011,21464,7,4,0,4,0
2020-05-22,Contra Costa,013,1133247,1492,1272,1,1273,36
2020-05-22,Del Norte,015,27424,41,9,0,9,0
2020-05-22,El Dorado,017,186661,97,74,1,75,0
2020-05-22,Fresno,019,978130,2743,1399,41,1440,20
2020-05-22,Glenn,021,27897,15,12,0,12,0
2020-05-22,Humboldt,023,135768,105,80,0,80,2
2020-05-22,Imperial,025,180216,2487,1214,4,1218,14
2020-05-22,Inyo,027,18085,19,20,0,20,1
2020-05-22,Kern,029,883053,2339,1749,6,1755,28
2020-05-22,Kings,031,150075,755,428,1,429,2
2020-05-22,Lake,033,64148,22,10,0,10,0
2020-05-22,Lassen,035,31185,6,0,2,2,0
2020-05-22,Los Angeles,037,10098052,52375,43025,22,43047,2027
2020-05-22,Madera,039,155013,182,82,1,83,2
2020-05-22,Marin,041,260295,436,372,1,373,14
2020-05-22,Mariposa,043,17540,16,15,0,15,1
2020-05-22,Mendocino,045,87422,20,13,0,13,0
2020-05-22,Merced,047,269075,359,233,0,233,6
2020-05-22,Modoc,049,8938,0,0,0,0,0
2020-05-22,Mono,051,14174,36,34,0,34,1
2020-05-22,Monterey,053,433212,492,372,1,373,8
2020-05-22,Napa,055,140530,121,97,0,97,3
2020-05-22,Nevada,057,99092,42,41,1,42,1
2020-05-22,Orange,059,3164182,7566,5144,58,5202,113
2020-05-22,Placer,061,380077,215,181,0,181,9
2020-05-22,Plumas,063,18699,4,4,0,4,0
2020-05-22,Riverside,065,2383286,7719,6351,20,6371,283
2020-05-22,Sacramento,067,1510023,1356,1262,1,1263,50
2020-05-22,San Benito,069,59416,80,64,0,64,2
2020-05-22,San Bernardino,071,2135413,5246,4107,4,4111,173
2020-05-22,San Diego,073,3302833,7476,6436,0,6436,242
2020-05-22,San Francisco,075,870044,2486,2251,0,2251,40
2020-05-22,San Joaquin,077,732212,919,747,3,750,33
2020-05-22,San Luis Obispo,079,281455,336,254,4,258,1
2020-05-22,San Mateo,081,765935,2148,1847,2,1849,71
2020-05-22,Santa Barbara,083,443738,1654,1554,9,1563,9
2020-05-22,Santa Clara,085,1922200,3251,2537,12,2549,139
2020-05-22,Santa Cruz,087,273765,211,171,0,171,2
2020-05-22,Shasta,089,179085,53,34,0,34,4
2020-05-22,Sierra,091,2930,1,0,0,0,0
2020-05-22,Siskiyou,093,43540,7,6,0,6,0
2020-05-22,Solano,095,438530,533,431,0,431,4
2020-05-22,Sonoma,097,501317,536,444,0,444,4
2020-05-22,Stanislaus,099,539301,712,616,5,621,27
2020-05-22,Sutter,101,95872,44,38,0,38,2
2020-05-22,Tehama,103,63373,5,2,0,2,1
2020-05-22,Trinity,105,12862,6,1,2,3,0
2020-05-22,Tulare,107,460477,2257,1662,10,1672,73
2020-05-22,Tuolumne,109,53932,5,2,0,2,0
2020-05-22,Ventura,111,848112,1420,937,8,945,27
2020-05-22,Yolo,113,214977,216,187,0,187,22
2020-05-22,Yuba,115,75493,26,24,0,24,1
2020-05-21,Alameda,001,1643700,3204,2606,5,2611,89
2020-05-21,Alpine,002,1148,1,1,0,1,0
2020-05-21,Amador,005,37829,10,9,0,9,0
2020-05-21,Butte,007,227075,59,31,5,36,0
2020-05-21,Calaveras,009,45235,15,13,0,13,0
2020-05-21,Colusa,011,21464,7,4,0,4,0
2020-05-21,Contra Costa,013,1133247,1456,1243,1,1244,36
2020-05-21,Del Norte,015,27424,38,9,0,9,0
2020-05-21,El Dorado,017,186661,95,67,1,68,0
2020-05-21,Fresno,019,978130,2653,1362,40,1402,20
2020-05-21,Glenn,021,27897,14,12,0,12,0
2020-05-21,Humboldt,023,135768,104,79,0,79,0
2020-05-21,Imperial,025,180216,2326,1096,4,1100,14
2020-05-21,Inyo,027,18085,19,20,0,20,1
2020-05-21,Kern,029,883053,2263,1684,5,1689,27
2020-05-21,Kings,031,150075,734,417,1,418,2
2020-05-21,Lake,033,64148,17,10,0,10,0
2020-05-21,Lassen,035,31185,6,0,2,2,0
2020-05-21,Los Angeles,037,10098052,51335,42063,22,42085,1996
2020-05-21,Madera,039,155013,179,82,1,83,2
2020-05-21,Marin,041,260295,425,359,1,360,14
2020-05-21,Mariposa,043,17540,16,15,0,15,1
2020-05-21,Mendocino,045,87422,20,12,0,12,0
2020-05-21,Merced,047,269075,351,226,0,226,6
2020-05-21,Modoc,049,8938,0,0,0,0,0
2020-05-21,Mono,051,14174,36,33,0,33,1
2020-05-21,Monterey,053,433212,481,363,1,364,8
2020-05-21,Napa,055,140530,119,96,0,96,3
2020-05-21,Nevada,057,99092,42,41,1,42,1
2020-05-21,Orange,059,3164182,7363,4975,58,5033,106
2020-05-21,Placer,061,380077,208,176,0,176,8
2020-05-21,Plumas,063,18699,4,4,0,4,0
2020-05-21,Riverside,065,2383286,7532,6245,20,6265,279
2020-05-21,Sacramento,067,1510023,1343,1258,1,1259,56
2020-05-21,San Benito,069,59416,77,61,0,61,2
2020-05-21,San Bernardino,071,2135413,5099,3950,4,3954,167
2020-05-21,San Diego,073,3302833,7340,6317,0,6317,241
2020-05-21,San Francisco,075,870044,2462,2248,0,2248,37
2020-05-21,San Joaquin,077,732212,883,730,3,733,33
2020-05-21,San Luis Obispo,079,281455,336,251,3,254,1
2020-05-21,San Mateo,081,765935,2112,1791,2,1793,74
2020-05-21,Santa Barbara,083,443738,1639,1541,9,1550,10
2020-05-21,Santa Clara,085,1922200,3229,2520,12,2532,138
2020-05-21,Santa Cruz,087,273765,203,164,0,164,3
2020-05-21,Shasta,089,179085,51,34,0,34,4
2020-05-21,Sierra,091,2930,1,0,0,0,0
2020-05-21,Siskiyou,093,43540,7,6,0,6,0
2020-05-21,Solano,095,438530,524,424,0,424,4
2020-05-21,Sonoma,097,501317,518,427,0,427,4
2020-05-21,Stanislaus,099,539301,700,602,5,607,27
2020-05-21,Sutter,101,95872,43,38,0,38,2
2020-05-21,Tehama,103,63373,4,2,0,2,1
2020-05-21,Trinity,105,12862,5,1,2,3,0
2020-05-21,Tulare,107,460477,2207,1606,8,1614,73
2020-05-21,Tuolumne,109,53932,3,2,0,2,0
2020-05-21,Ventura,111,848112,1371,907,8,915,30
2020-05-21,Yolo,113,214977,213,185,0,185,22
2020-05-21,Yuba,115,75493,26,24,0,24,1
2020-05-20,Alameda,001,1643700,3131,2554,5,2559,89
2020-05-20,Alpine,002,1148,1,1,0,1,0
2020-05-20,Amador,005,37829,10,9,0,9,0
2020-05-20,Butte,007,227075,56,30,5,35,0
2020-05-20,Calaveras,009,45235,15,13,0,13,0
2020-05-20,Colusa,011,21464,7,3,0,3,0
2020-05-20,Contra Costa,013,1133247,1426,1223,1,1224,33
2020-05-20,Del Norte,015,27424,31,9,0,9,0
2020-05-20,El Dorado,017,186661,94,67,1,68,0
2020-05-20,Fresno,019,978130,2580,1329,39,1368,17
2020-05-20,Glenn,021,27897,13,12,0,12,0
2020-05-20,Humboldt,023,135768,101,73,0,73,0
2020-05-20,Imperial,025,180216,2212,1047,4,1051,14
2020-05-20,Inyo,027,18085,19,20,0,20,1
2020-05-20,Kern,029,883053,2200,1639,4,1643,27
2020-05-20,Kings,031,150075,590,403,1,404,2
2020-05-20,Lake,033,64148,17,9,0,9,0
2020-05-20,Lassen,035,31185,5,0,2,2,0
2020-05-20,Los Angeles,037,10098052,50345,40932,22,40954,1955
2020-05-20,Madera,039,155013,177,82,1,83,2
2020-05-20,Marin,041,260295,398,348,1,349,14
2020-05-20,Mariposa,043,17540,16,15,0,15,1
2020-05-20,Mendocino,045,87422,20,12,0,12,0
2020-05-20,Merced,047,269075,346,225,0,225,6
2020-05-20,Modoc,049,8938,0,0,0,0,0
2020-05-20,Mono,051,14174,36,33,0,33,1
2020-05-20,Monterey,053,433212,467,356,1,357,8
2020-05-20,Napa,055,140530,112,93,0,93,3
2020-05-20,Nevada,057,99092,42,41,1,42,1
2020-05-20,Orange,059,3164182,7155,4866,56,4922,96
2020-05-20,Placer,061,380077,206,176,0,176,8
2020-05-20,Plumas,063,18699,4,4,0,4,0
2020-05-20,Riverside,065,2383286,7389,6090,20,6110,265
2020-05-20,Sacramento,067,1510023,1333,1244,1,1245,56
2020-05-20,San Benito,069,59416,76,61,0,61,2
2020-05-20,San Bernardino,071,2135413,4971,3771,4,3775,161
2020-05-20,San Diego,073,3302833,7223,6142,0,6142,230
2020-05-20,San Francisco,075,870044,2439,2199,0,2199,37
2020-05-20,San Joaquin,077,732212,847,713,3,716,33
2020-05-20,San Luis Obispo,079,281455,329,249,3,252,1
2020-05-20,San Mateo,081,765935,2059,1739,2,1741,74
2020-05-20,Santa Barbara,083,443738,1620,1524,9,1533,10
2020-05-20,Santa Clara,085,1922200,3208,2508,11,2519,138
2020-05-20,Santa Cruz,087,273765,200,163,0,163,3
2020-05-20,Shasta,089,179085,51,34,0,34,4
2020-05-20,Sierra,091,2930,1,0,0,0,0
2020-05-20,Siskiyou,093,43540,7,6,0,6,0
2020-05-20,Solano,095,438530,519,418,0,418,4
2020-05-20,Sonoma,097,501317,509,411,0,411,4
2020-05-20,Stanislaus,099,539301,684,584,4,588,25
2020-05-20,Sutter,101,95872,43,38,0,38,2
2020-05-20,Tehama,103,63373,4,2,0,2,1
2020-05-20,Trinity,105,12862,4,1,1,2,0
2020-05-20,Tulare,107,460477,2166,1585,8,1593,71
2020-05-20,Tuolumne,109,53932,3,2,0,2,0
2020-05-20,Ventura,111,848112,1335,879,8,887,29
2020-05-20,Yolo,113,214977,210,184,0,184,22
2020-05-20,Yuba,115,75493,26,23,0,23,1
2020-05-19,Alameda,001,1643700,3054,2493,3,2496,88
2020-05-19,Alpine,002,1148,1,1,0,1,0
2020-05-19,Amador,005,37829,10,9,0,9,0
2020-05-19,Butte,007,227075,54,25,5,30,0
2020-05-19,Calaveras,009,45235,15,13,0,13,0
2020-05-19,Colusa,011,21464,5,3,0,3,0
2020-05-19,Contra Costa,013,1133247,1402,1205,1,1206,33
2020-05-19,Del Norte,015,27424,28,8,0,8,0
2020-05-19,El Dorado,017,186661,91,67,0,67,0
2020-05-19,Fresno,019,978130,2467,1288,38,1326,15
2020-05-19,Glenn,021,27897,13,12,0,12,0
2020-05-19,Humboldt,023,135768,101,72,0,72,0
2020-05-19,Imperial,025,180216,2051,1012,4,1016,14
2020-05-19,Inyo,027,18085,19,20,0,20,1
2020-05-19,Kern,029,883053,2102,1601,4,1605,26
2020-05-19,Kings,031,150075,579,393,1,394,2
2020-05-19,Lake,033,64148,14,11,0,11,0
2020-05-19,Lassen,035,31185,5,0,2,2,0
2020-05-19,Los Angeles,037,10098052,49140,39670,22,39692,1906
2020-05-19,Madera,039,155013,173,80,1,81,2
2020-05-19,Marin,041,260295,374,340,1,341,14
2020-05-19,Mariposa,043,17540,16,15,0,15,1
2020-05-19,Mendocino,045,87422,20,12,0,12,0
2020-05-19,Merced,047,269075,338,222,0,222,5
2020-05-19,Modoc,049,8938,0,0,0,0,0
2020-05-19,Mono,051,14174,36,33,0,33,1
2020-05-19,Monterey,053,433212,455,350,1,351,8
2020-05-19,Napa,055,140530,111,93,0,93,3
2020-05-19,Nevada,057,99092,42,41,1,42,1
2020-05-19,Orange,059,3164182,6961,4746,54,4800,90
2020-05-19,Placer,061,380077,204,177,0,177,8
2020-05-19,Plumas,063,18699,4,5,0,5,0
2020-05-19,Riverside,065,2383286,7229,5963,19,5982,265
2020-05-19,Sacramento,067,1510023,1319,1239,1,1240,57
2020-05-19,San Benito,069,59416,74,59,0,59,2
2020-05-19,San Bernardino,071,2135413,4821,3656,4,3660,158
2020-05-19,San Diego,073,3302833,7079,6028,0,6028,222
2020-05-19,San Francisco,075,870044,2405,2186,0,2186,37
2020-05-19,San Joaquin,077,732212,825,705,3,708,33
2020-05-19,San Luis Obispo,079,281455,329,245,3,248,1
2020-05-19,San Mateo,081,765935,2018,1704,2,1706,71
2020-05-19,Santa Barbara,083,443738,1606,1521,9,1530,10
2020-05-19,Santa Clara,085,1922200,3158,2480,11,2491,138
2020-05-19,Santa Cruz,087,273765,189,161,0,161,3
2020-05-19,Shasta,089,179085,51,34,0,34,4
2020-05-19,Sierra,091,2930,0,0,0,0,0
2020-05-19,Siskiyou,093,43540,7,6,0,6,0
2020-05-19,Solano,095,438530,505,415,0,415,4
2020-05-19,Sonoma,097,501317,498,389,0,389,4
2020-05-19,Stanislaus,099,539301,670,582,4,586,25
2020-05-19,Sutter,101,95872,43,38,0,38,2
2020-05-19,Tehama,103,63373,4,2,0,2,1
2020-05-19,Trinity,105,12862,3,1,0,1,0
2020-05-19,Tulare,107,460477,2118,1551,8,1559,68
2020-05-19,Tuolumne,109,53932,3,2,0,2,0
2020-05-19,Ventura,111,848112,1294,861,7,868,28
2020-05-19,Yolo,113,214977,208,183,0,183,22
2020-05-19,Yuba,115,75493,26,23,0,23,1
2020-05-18,Alameda,001,1643700,2981,2442,3,2445,84
2020-05-18,Alpine,002,1148,1,1,0,1,0
2020-05-18,Amador,005,37829,10,8,0,8,0
2020-05-18,Butte,007,227075,52,24,5,29,0
2020-05-18,Calaveras,009,45235,15,13,0,13,0
2020-05-18,Colusa,011,21464,5,3,0,3,0
2020-05-18,Contra Costa,013,1133247,1371,1173,1,1174,33
2020-05-18,Del Norte,015,27424,23,8,0,8,0
2020-05-18,El Dorado,017,186661,89,67,0,67,0
2020-05-18,Fresno,019,978130,2391,1244,37,1281,14
2020-05-18,Glenn,021,27897,13,11,0,11,0
2020-05-18,Humboldt,023,135768,101,70,0,70,0
2020-05-18,Imperial,025,180216,1899,767,4,771,14
2020-05-18,Inyo,027,18085,19,20,0,20,1
2020-05-18,Kern,029,883053,2053,1566,4,1570,26
2020-05-18,Kings,031,150075,548,381,1,382,2
2020-05-18,Lake,033,64148,13,9,0,9,0
2020-05-18,Lassen,035,31185,5,0,2,2,0
2020-05-18,Los Angeles,037,10098052,48114,38477,22,38499,1825
2020-05-18,Madera,039,155013,167,74,1,75,2
2020-05-18,Marin,041,260295,361,329,1,330,14
2020-05-18,Mariposa,043,17540,16,15,0,15,1
2020-05-18,Mendocino,045,87422,15,12,0,12,0
2020-05-18,Merced,047,269075,329,217,0,217,5
2020-05-18,Modoc,049,8938,0,0,0,0,0
2020-05-18,Mono,051,14174,36,33,0,33,1
2020-05-18,Monterey,053,433212,444,345,1,346,8
2020-05-18,Napa,055,140530,107,92,0,92,3
2020-05-18,Nevada,057,99092,42,41,1,42,1
2020-05-18,Orange,059,3164182,6771,4558,52,4610,88
2020-05-18,Placer,061,380077,202,176,0,176,8
2020-05-18,Plumas,063,18699,4,5,0,5,0
2020-05-18,Riverside,065,2383286,7029,5873,18,5891,253
2020-05-18,Sacramento,067,1510023,1313,1233,0,1233,57
2020-05-18,San Benito,069,59416,72,59,0,59,2
2020-05-18,San Bernardino,071,2135413,4674,3558,4,3562,156
2020-05-18,San Diego,073,3302833,6946,5948,0,5948,211
2020-05-18,San Francisco,075,870044,2382,2183,0,2183,36
2020-05-18,San Joaquin,077,732212,813,697,3,700,33
2020-05-18,San Luis Obispo,079,281455,325,243,3,246,1
2020-05-18,San Mateo,081,765935,1980,1701,2,1703,68
2020-05-18,Santa Barbara,083,443738,1595,1501,9,1510,10
2020-05-18,Santa Clara,085,1922200,3125,2468,11,2479,137
2020-05-18,Santa Cruz,087,273765,187,160,0,160,3
2020-05-18,Shasta,089,179085,50,34,0,34,4
2020-05-18,Sierra,091,2930,0,0,0,0,0
2020-05-18,Siskiyou,093,43540,7,6,0,6,0
2020-05-18,Solano,095,438530,495,398,0,398,4
2020-05-18,Sonoma,097,501317,480,387,0,387,4
2020-05-18,Stanislaus,099,539301,658,572,4,576,25
2020-05-18,Sutter,101,95872,43,38,0,38,2
2020-05-18,Tehama,103,63373,4,2,0,2,1
2020-05-18,Trinity,105,12862,3,1,0,1,0
2020-05-18,Tulare,107,460477,2074,1491,8,1499,63
2020-05-18,Tuolumne,109,53932,3,2,0,2,0
2020-05-18,Ventura,111,848112,1271,850,6,856,27
2020-05-18,Yolo,113,214977,203,183,0,183,22
2020-05-18,Yuba,115,75493,26,23,0,23,1
2020-05-17,Alameda,001,1643700,2886,2389,3,2392,83
2020-05-17,Alpine,002,1148,1,1,0,1,0
2020-05-17,Amador,005,37829,10,8,0,8,0
2020-05-17,Butte,007,227075,51,23,5,28,0
2020-05-17,Calaveras,009,45235,15,13,0,13,0
2020-05-17,Colusa,011,21464,3,3,0,3,0
2020-05-17,Contra Costa,013,1133247,1332,1155,1,1156,33
2020-05-17,Del Norte,015,27424,23,7,0,7,0
2020-05-17,El Dorado,017,186661,89,65,0,65,0
2020-05-17,Fresno,019,978130,2286,1213,34,1247,14
2020-05-17,Glenn,021,27897,13,9,0,9,0
2020-05-17,Humboldt,023,135768,94,70,0,70,0
2020-05-17,Imperial,025,180216,1751,715,4,719,14
2020-05-17,Inyo,027,18085,19,20,0,20,1
2020-05-17,Kern,029,883053,1975,1546,3,1549,26
2020-05-17,Kings,031,150075,501,356,1,357,2
2020-05-17,Lake,033,64148,13,7,0,7,0
2020-05-17,Lassen,035,31185,5,0,2,2,0
2020-05-17,Los Angeles,037,10098052,46873,37996,22,38018,1807
2020-05-17,Madera,039,155013,165,69,1,70,2
2020-05-17,Marin,041,260295,350,315,1,316,14
2020-05-17,Mariposa,043,17540,15,15,0,15,1
2020-05-17,Mendocino,045,87422,14,10,0,10,0
2020-05-17,Merced,047,269075,319,214,0,214,5
2020-05-17,Modoc,049,8938,0,0,0,0,0
2020-05-17,Mono,051,14174,36,32,0,32,1
2020-05-17,Monterey,053,433212,424,342,1,343,8
2020-05-17,Napa,055,140530,104,89,0,89,3
2020-05-17,Nevada,057,99092,42,41,1,42,1
2020-05-17,Orange,059,3164182,6591,4466,51,4517,88
2020-05-17,Placer,061,380077,197,175,0,175,8
2020-05-17,Plumas,063,18699,4,4,0,4,0
2020-05-17,Riverside,065,2383286,6856,5776,18,5794,245
2020-05-17,Sacramento,067,1510023,1302,1224,0,1224,56
2020-05-17,San Benito,069,59416,71,59,0,59,2
2020-05-17,San Bernardino,071,2135413,4524,3467,4,3471,155
2020-05-17,San Diego,073,3302833,6814,5838,0,5838,209
2020-05-17,San Francisco,075,870044,2355,2132,0,2132,36
2020-05-17,San Joaquin,077,732212,783,688,3,691,32
2020-05-17,San Luis Obispo,079,281455,323,242,3,245,1
2020-05-17,San Mateo,081,765935,1943,1680,2,1682,68
2020-05-17,Santa Barbara,083,443738,1576,1457,9,1466,10
2020-05-17,Santa Clara,085,1922200,3087,2453,11,2464,135
2020-05-17,Santa Cruz,087,273765,176,155,0,155,3
2020-05-17,Shasta,089,179085,49,34,0,34,4
2020-05-17,Sierra,091,2930,0,0,0,0,0
2020-05-17,Siskiyou,093,43540,7,6,0,6,0
2020-05-17,Solano,095,438530,483,392,0,392,4
2020-05-17,Sonoma,097,501317,459,376,0,376,4
2020-05-17,Stanislaus,099,539301,647,566,4,570,25
2020-05-17,Sutter,101,95872,42,38,0,38,2
2020-05-17,Tehama,103,63373,3,2,0,2,1
2020-05-17,Trinity,105,12862,2,1,0,1,0
2020-05-17,Tulare,107,460477,1998,1430,7,1437,63
2020-05-17,Tuolumne,109,53932,3,2,0,2,0
2020-05-17,Ventura,111,848112,1226,838,6,844,27
2020-05-17,Yolo,113,214977,201,182,0,182,22
2020-05-17,Yuba,115,75493,26,21,0,21,1
2020-05-16,Alameda,001,1643700,2836,2327,3,2330,83
2020-05-16,Alpine,002,1148,1,1,0,1,0
2020-05-16,Amador,005,37829,10,8,0,8,0
2020-05-16,Butte,007,227075,46,22,5,27,0
2020-05-16,Calaveras,009,45235,15,13,0,13,0
2020-05-16,Colusa,011,21464,3,3,0,3,0
2020-05-16,Contra Costa,013,1133247,1314,1136,1,1137,33
2020-05-16,Del Norte,015,27424,19,4,0,4,0
2020-05-16,El Dorado,017,186661,89,65,0,65,0
2020-05-16,Fresno,019,978130,2230,1177,34,1211,14
2020-05-16,Glenn,021,27897,13,9,0,9,0
2020-05-16,Humboldt,023,135768,92,69,0,69,0
2020-05-16,Imperial,025,180216,1686,712,4,716,14
2020-05-16,Inyo,027,18085,19,20,0,20,1
2020-05-16,Kern,029,883053,1939,1509,3,1512,26
2020-05-16,Kings,031,150075,491,356,1,357,2
2020-05-16,Lake,033,64148,13,7,0,7,0
2020-05-16,Lassen,035,31185,4,0,2,2,0
2020-05-16,Los Angeles,037,10098052,46298,37352,22,37374,1778
2020-05-16,Madera,039,155013,163,70,1,71,2
2020-05-16,Marin,041,260295,346,297,1,298,14
2020-05-16,Mariposa,043,17540,15,15,0,15,1
2020-05-16,Mendocino,045,87422,14,10,0,10,0
2020-05-16,Merced,047,269075,317,201,0,201,5
2020-05-16,Modoc,049,8938,0,0,0,0,0
2020-05-16,Mono,051,14174,36,32,0,32,1
2020-05-16,Monterey,053,433212,409,329,1,330,8
2020-05-16,Napa,055,140530,104,86,0,86,3
2020-05-16,Nevada,057,99092,42,41,1,42,1
2020-05-16,Orange,059,3164182,6515,4396,50,4446,87
2020-05-16,Placer,061,380077,195,174,0,174,8
2020-05-16,Plumas,063,18699,4,4,0,4,0
2020-05-16,Riverside,065,2383286,6771,5633,18,5651,243
2020-05-16,Sacramento,067,1510023,1295,1209,0,1209,55
2020-05-16,San Benito,069,59416,66,58,0,58,2
2020-05-16,San Bernardino,071,2135413,4452,3362,4,3366,155
2020-05-16,San Diego,073,3302833,6728,5664,0,5664,209
2020-05-16,San Francisco,075,870044,2332,2094,0,2094,36
2020-05-16,San Joaquin,077,732212,775,668,3,671,32
2020-05-16,San Luis Obispo,079,281455,322,240,3,243,1
2020-05-16,San Mateo,081,765935,1928,1652,2,1654,68
2020-05-16,Santa Barbara,083,443738,1565,1422,9,1431,10
2020-05-16,Santa Clara,085,1922200,3069,2420,11,2431,135
2020-05-16,Santa Cruz,087,273765,173,154,0,154,3
2020-05-16,Shasta,089,179085,49,33,0,33,4
2020-05-16,Sierra,091,2930,0,0,0,0,0
2020-05-16,Siskiyou,093,43540,7,6,0,6,0
2020-05-16,Solano,095,438530,478,392,0,392,4
2020-05-16,Sonoma,097,501317,446,356,0,356,4
2020-05-16,Stanislaus,099,539301,638,546,4,550,24
2020-05-16,Sutter,101,95872,42,35,0,35,2
2020-05-16,Tehama,103,63373,3,2,0,2,1
2020-05-16,Trinity,105,12862,2,1,0,1,0
2020-05-16,Tulare,107,460477,1980,1426,7,1433,63
2020-05-16,Tuolumne,109,53932,3,2,0,2,0
2020-05-16,Ventura,111,848112,1200,813,6,819,25
2020-05-16,Yolo,113,214977,200,181,0,181,22
2020-05-16,Yuba,115,75493,26,21,0,21,1
2020-05-15,Alameda,001,1643700,2802,2289,3,2292,83
2020-05-15,Alpine,002,1148,1,1,0,1,0
2020-05-15,Amador,005,37829,10,8,0,8,0
2020-05-15,Butte,007,227075,44,22,5,27,0
2020-05-15,Calaveras,009,45235,14,13,0,13,0
2020-05-15,Colusa,011,21464,3,3,0,3,0
2020-05-15,Contra Costa,013,1133247,1296,1106,1,1107,33
2020-05-15,Del Norte,015,27424,14,4,0,4,0
2020-05-15,El Dorado,017,186661,89,64,0,64,0
2020-05-15,Fresno,019,978130,2164,1126,34,1160,14
2020-05-15,Glenn,021,27897,13,9,0,9,0
2020-05-15,Humboldt,023,135768,91,60,0,60,0
2020-05-15,Imperial,025,180216,1602,680,0,680,14
2020-05-15,Inyo,027,18085,19,20,0,20,1
2020-05-15,Kern,029,883053,1883,1472,3,1475,25
2020-05-15,Kings,031,150075,488,347,1,348,2
2020-05-15,Lake,033,64148,13,7,0,7,0
2020-05-15,Lassen,035,31185,4,0,2,2,0
2020-05-15,Los Angeles,037,10098052,45510,36317,22,36339,1734
2020-05-15,Madera,039,155013,162,71,1,72,2
2020-05-15,Marin,041,260295,338,295,1,296,14
2020-05-15,Mariposa,043,17540,15,15,0,15,1
2020-05-15,Mendocino,045,87422,14,10,0,10,0
2020-05-15,Merced,047,269075,313,191,0,191,5
2020-05-15,Modoc,049,8938,0,0,0,0,0
2020-05-15,Mono,051,14174,36,31,0,31,1
2020-05-15,Monterey,053,433212,403,321,1,322,8
2020-05-15,Napa,055,140530,104,83,0,83,3
2020-05-15,Nevada,057,99092,42,41,1,42,1
2020-05-15,Orange,059,3164182,6343,4281,50,4331,87
2020-05-15,Placer,061,380077,193,174,0,174,8
2020-05-15,Plumas,063,18699,4,4,0,4,0
2020-05-15,Riverside,065,2383286,6657,5496,18,5514,233
2020-05-15,Sacramento,067,1510023,1285,1203,0,1203,55
2020-05-15,San Benito,069,59416,63,57,0,57,2
2020-05-15,San Bernardino,071,2135413,4374,3225,4,3229,153
2020-05-15,San Diego,073,3302833,6621,5525,0,5525,208
2020-05-15,San Francisco,075,870044,2316,2062,0,2062,36
2020-05-15,San Joaquin,077,732212,769,656,3,659,32
2020-05-15,San Luis Obispo,079,281455,320,237,3,240,1
2020-05-15,San Mateo,081,765935,1906,1612,2,1614,68
2020-05-15,Santa Barbara,083,443738,1556,1409,8,1417,10
2020-05-15,Santa Clara,085,1922200,3026,2395,10,2405,135
2020-05-15,Santa Cruz,087,273765,172,146,0,146,3
2020-05-15,Shasta,089,179085,48,33,0,33,4
2020-05-15,Sierra,091,2930,0,0,0,0,0
2020-05-15,Siskiyou,093,43540,6,5,0,5,0
2020-05-15,Solano,095,438530,474,388,0,388,4
2020-05-15,Sonoma,097,501317,438,349,0,349,4
2020-05-15,Stanislaus,099,539301,631,540,4,544,23
2020-05-15,Sutter,101,95872,41,35,0,35,2
2020-05-15,Tehama,103,63373,3,1,0,1,1
2020-05-15,Trinity,105,12862,2,1,0,1,0
2020-05-15,Tulare,107,460477,1952,1356,7,1363,61
2020-05-15,Tuolumne,109,53932,3,2,0,2,0
2020-05-15,Ventura,111,848112,1182,789,5,794,25
2020-05-15,Yolo,113,214977,199,182,0,182,22
2020-05-15,Yuba,115,75493,26,21,0,21,1
2020-05-14,Alameda,001,1643700,2710,2255,3,2258,80
2020-05-14,Alpine,002,1148,1,1,0,1,0
2020-05-14,Amador,005,37829,10,8,0,8,0
2020-05-14,Butte,007,227075,42,22,5,27,0
2020-05-14,Calaveras,009,45235,14,13,0,13,0
2020-05-14,Colusa,011,21464,3,3,0,3,0
2020-05-14,Contra Costa,013,1133247,1269,1090,1,1091,32
2020-05-14,Del Norte,015,27424,14,4,0,4,0
2020-05-14,El Dorado,017,186661,80,59,0,59,0
2020-05-14,Fresno,019,978130,2104,1038,30,1068,12
2020-05-14,Glenn,021,27897,12,8,0,8,0
2020-05-14,Humboldt,023,135768,89,59,0,59,0
2020-05-14,Imperial,025,180216,1486,652,0,652,13
2020-05-14,Inyo,027,18085,19,20,0,20,1
2020-05-14,Kern,029,883053,1841,1430,3,1433,21
2020-05-14,Kings,031,150075,472,342,1,343,1
2020-05-14,Lake,033,64148,13,7,0,7,0
2020-05-14,Lassen,035,31185,4,0,2,2,0
2020-05-14,Los Angeles,037,10098052,44338,35427,22,35449,1693
2020-05-14,Madera,039,155013,153,69,1,70,2
2020-05-14,Marin,041,260295,320,283,1,284,14
2020-05-14,Mariposa,043,17540,15,15,0,15,0
2020-05-14,Mendocino,045,87422,13,10,0,10,0
2020-05-14,Merced,047,269075,303,182,0,182,3
2020-05-14,Modoc,049,8938,0,0,0,0,0
2020-05-14,Mono,051,14174,36,31,0,31,1
2020-05-14,Monterey,053,433212,393,317,1,318,7
2020-05-14,Napa,055,140530,102,83,0,83,3
2020-05-14,Nevada,057,99092,41,41,1,42,1
2020-05-14,Orange,059,3164182,6168,4163,48,4211,83
2020-05-14,Placer,061,380077,193,172,0,172,8
2020-05-14,Plumas,063,18699,4,4,0,4,0
2020-05-14,Riverside,065,2383286,6473,5339,18,5357,224
2020-05-14,Sacramento,067,1510023,1273,1181,0,1181,55
2020-05-14,San Benito,069,59416,61,56,0,56,2
2020-05-14,San Bernardino,071,2135413,4195,3149,4,3153,149
2020-05-14,San Diego,073,3302833,6486,5393,0,5393,200
2020-05-14,San Francisco,075,870044,2283,2029,0,2029,36
2020-05-14,San Joaquin,077,732212,754,643,3,646,31
2020-05-14,San Luis Obispo,079,281455,317,236,3,239,1
2020-05-14,San Mateo,081,765935,1874,1588,2,1590,67
2020-05-14,Santa Barbara,083,443738,1544,1395,8,1403,11
2020-05-14,Santa Clara,085,1922200,3003,2380,10,2390,134
2020-05-14,Santa Cruz,087,273765,170,145,0,145,3
2020-05-14,Shasta,089,179085,48,33,0,33,4
2020-05-14,Sierra,091,2930,0,0,0,0,0
2020-05-14,Siskiyou,093,43540,6,5,0,5,0
2020-05-14,Solano,095,438530,465,372,0,372,4
2020-05-14,Sonoma,097,501317,421,333,0,333,4
2020-05-14,Stanislaus,099,539301,612,533,4,537,23
2020-05-14,Sutter,101,95872,41,34,0,34,2
2020-05-14,Tehama,103,63373,3,1,0,1,1
2020-05-14,Trinity,105,12862,2,1,0,1,0
2020-05-14,Tulare,107,460477,1913,1317,7,1324,55
2020-05-14,Tuolumne,109,53932,3,2,0,2,0
2020-05-14,Ventura,111,848112,1151,760,5,765,25
2020-05-14,Yolo,113,214977,199,180,0,180,22
2020-05-14,Yuba,115,75493,26,21,0,21,1
2020-05-13,Alameda,001,1643700,2652,2181,3,2184,78
2020-05-13,Alpine,002,1148,1,1,0,1,0
2020-05-13,Amador,005,37829,10,8,0,8,0
2020-05-13,Butte,007,227075,42,21,5,26,0
2020-05-13,Calaveras,009,45235,14,13,0,13,0
2020-05-13,Colusa,011,21464,3,3,0,3,0
2020-05-13,Contra Costa,013,1133247,1247,1082,1,1083,32
2020-05-13,Del Norte,015,27424,13,4,0,4,0
2020-05-13,El Dorado,017,186661,79,58,0,58,0
2020-05-13,Fresno,019,978130,2004,993,30,1023,10
2020-05-13,Glenn,021,27897,11,6,0,6,0
2020-05-13,Humboldt,023,135768,83,58,0,58,0
2020-05-13,Imperial,025,180216,1415,610,0,610,11
2020-05-13,Inyo,027,18085,19,20,0,20,1
2020-05-13,Kern,029,883053,1795,1390,3,1393,19
2020-05-13,Kings,031,150075,458,314,1,315,1
2020-05-13,Lake,033,64148,13,7,0,7,0
2020-05-13,Lassen,035,31185,4,0,2,2,0
2020-05-13,Los Angeles,037,10098052,43026,34574,22,34596,1643
2020-05-13,Madera,039,155013,144,69,1,70,2
2020-05-13,Marin,041,260295,307,278,1,279,14
2020-05-13,Mariposa,043,17540,15,15,0,15,0
2020-05-13,Mendocino,045,87422,13,10,0,10,0
2020-05-13,Merced,047,269075,299,176,0,176,3
2020-05-13,Modoc,049,8938,0,0,0,0,0
2020-05-13,Mono,051,14174,35,31,0,31,1
2020-05-13,Monterey,053,433212,383,309,1,310,6
2020-05-13,Napa,055,140530,102,81,0,81,3
2020-05-13,Nevada,057,99092,41,41,1,42,1
2020-05-13,Orange,059,3164182,5922,4025,46,4071,79
2020-05-13,Placer,061,380077,192,170,0,170,8
2020-05-13,Plumas,063,18699,4,4,0,4,0
2020-05-13,Riverside,065,2383286,6350,5204,18,5222,216
2020-05-13,Sacramento,067,1510023,1258,1173,0,1173,53
2020-05-13,San Benito,069,59416,61,55,0,55,2
2020-05-13,San Bernardino,071,2135413,3939,3064,3,3067,140
2020-05-13,San Diego,073,3302833,6350,5280,0,5280,194
2020-05-13,San Francisco,075,870044,2255,2004,0,2004,35
2020-05-13,San Joaquin,077,732212,733,639,3,642,31
2020-05-13,San Luis Obispo,079,281455,315,231,3,234,1
2020-05-13,San Mateo,081,765935,1842,1550,2,1552,66
2020-05-13,Santa Barbara,083,443738,1533,1382,8,1390,10
2020-05-13,Santa Clara,085,1922200,2983,2370,10,2380,132
2020-05-13,Santa Cruz,087,273765,166,142,0,142,2
2020-05-13,Shasta,089,179085,48,32,0,32,4
2020-05-13,Sierra,091,2930,0,0,0,0,0
2020-05-13,Siskiyou,093,43540,6,5,0,5,0
2020-05-13,Solano,095,438530,452,368,0,368,4
2020-05-13,Sonoma,097,501317,411,330,0,330,4
2020-05-13,Stanislaus,099,539301,603,521,4,525,15
2020-05-13,Sutter,101,95872,41,33,0,33,2
2020-05-13,Tehama,103,63373,3,1,0,1,1
2020-05-13,Trinity,105,12862,2,2,0,2,0
2020-05-13,Tulare,107,460477,1880,1283,7,1290,54
2020-05-13,Tuolumne,109,53932,3,2,0,2,0
2020-05-13,Ventura,111,848112,1120,742,5,747,25
2020-05-13,Yolo,113,214977,197,178,0,178,22
2020-05-13,Yuba,115,75493,24,19,0,19,1
2020-05-12,Alameda,001,1643700,2588,2146,3,2149,74
2020-05-12,Alpine,002,1148,1,1,0,1,0
2020-05-12,Amador,005,37829,10,8,0,8,0
2020-05-12,Butte,007,227075,40,20,5,25,0
2020-05-12,Calaveras,009,45235,13,13,0,13,0
2020-05-12,Colusa,011,21464,3,3,0,3,0
2020-05-12,Contra Costa,013,1133247,1216,1067,1,1068,32
2020-05-12,Del Norte,015,27424,10,3,0,3,0
2020-05-12,El Dorado,017,186661,76,56,0,56,0
2020-05-12,Fresno,019,978130,1921,978,28,1006,9
2020-05-12,Glenn,021,27897,10,6,0,6,0
2020-05-12,Humboldt,023,135768,80,58,0,58,0
2020-05-12,Imperial,025,180216,1286,602,0,602,9
2020-05-12,Inyo,027,18085,19,20,0,20,1
2020-05-12,Kern,029,883053,1754,1363,3,1366,18
2020-05-12,Kings,031,150075,437,302,1,303,1
2020-05-12,Lake,033,64148,13,7,0,7,0
2020-05-12,Lassen,035,31185,4,0,2,2,0
2020-05-12,Los Angeles,037,10098052,42033,33281,21,33302,1601
2020-05-12,Madera,039,155013,138,69,1,70,2
2020-05-12,Marin,041,260295,302,274,1,275,14
2020-05-12,Mariposa,043,17540,15,15,0,15,0
2020-05-12,Mendocino,045,87422,13,10,0,10,0
2020-05-12,Merced,047,269075,286,175,0,175,3
2020-05-12,Modoc,049,8938,0,0,0,0,0
2020-05-12,Mono,051,14174,35,31,0,31,1
2020-05-12,Monterey,053,433212,376,298,1,299,6
2020-05-12,Napa,055,140530,100,80,0,80,3
2020-05-12,Nevada,057,99092,41,41,1,42,1
2020-05-12,Orange,059,3164182,5739,3843,44,3887,78
2020-05-12,Placer,061,380077,191,170,0,170,8
2020-05-12,Plumas,063,18699,4,4,0,4,0
2020-05-12,Riverside,065,2383286,6227,5134,18,5152,210
2020-05-12,Sacramento,067,1510023,1238,1166,0,1166,52
2020-05-12,San Benito,069,59416,61,55,0,55,2
2020-05-12,San Bernardino,071,2135413,3787,2997,3,3000,131
2020-05-12,San Diego,073,3302833,6206,3,0,3,0
2020-05-12,San Francisco,075,870044,2220,1981,0,1981,35
2020-05-12,San Joaquin,077,732212,718,625,3,628,30
2020-05-12,San Luis Obispo,079,281455,312,226,3,229,1
2020-05-12,San Mateo,081,765935,1816,1533,2,1535,66
2020-05-12,Santa Barbara,083,443738,1502,1377,8,1385,10
2020-05-12,Santa Clara,085,1922200,2952,2362,10,2372,131
2020-05-12,Santa Cruz,087,273765,164,141,0,141,2
2020-05-12,Shasta,089,179085,47,33,0,33,4
2020-05-12,Sierra,091,2930,0,0,0,0,0
2020-05-12,Siskiyou,093,43540,6,5,0,5,0
2020-05-12,Solano,095,438530,444,361,0,361,4
2020-05-12,Sonoma,097,501317,388,308,0,308,4
2020-05-12,Stanislaus,099,539301,596,515,4,519,15
2020-05-12,Sutter,101,95872,41,33,0,33,2
2020-05-12,Tehama,103,63373,3,1,0,1,1
2020-05-12,Trinity,105,12862,2,1,0,1,0
2020-05-12,Tulare,107,460477,1848,1261,7,1268,52
2020-05-12,Tuolumne,109,53932,3,2,0,2,0
2020-05-12,Ventura,111,848112,1064,718,5,723,20
2020-05-12,Yolo,113,214977,196,176,0,176,22
2020-05-12,Yuba,115,75493,24,19,0,19,1
2020-05-11,Alameda,001,1643700,2538,2103,3,2106,71
2020-05-11,Alpine,002,1148,1,1,0,1,0
2020-05-11,Amador,005,37829,10,8,0,8,0
2020-05-11,Butte,007,227075,39,19,5,24,0
2020-05-11,Calaveras,009,45235,13,13,0,13,0
2020-05-11,Colusa,011,21464,3,3,0,3,0
2020-05-11,Contra Costa,013,1133247,1202,1052,1,1053,32
2020-05-11,Del Norte,015,27424,8,3,0,3,0
2020-05-11,El Dorado,017,186661,76,55,0,55,0
2020-05-11,Fresno,019,978130,1830,937,27,964,8
2020-05-11,Glenn,021,27897,10,6,0,6,0
2020-05-11,Humboldt,023,135768,77,56,0,56,0
2020-05-11,Imperial,025,180216,1180,562,0,562,9
2020-05-11,Inyo,027,18085,19,20,0,20,1
2020-05-11,Kern,029,883053,1702,1331,3,1334,17
2020-05-11,Kings,031,150075,414,289,0,289,1
2020-05-11,Lake,033,64148,12,7,0,7,0
2020-05-11,Lassen,035,31185,4,0,2,2,0
2020-05-11,Los Angeles,037,10098052,40850,32279,21,32300,1553
2020-05-11,Madera,039,155013,129,68,1,69,2
2020-05-11,Marin,041,260295,293,271,1,272,14
2020-05-11,Mariposa,043,17540,15,15,0,15,0
2020-05-11,Mendocino,045,87422,13,10,0,10,0
2020-05-11,Merced,047,269075,269,158,0,158,3
2020-05-11,Modoc,049,8938,0,0,0,0,0
2020-05-11,Mono,051,14174,35,30,0,30,1
2020-05-11,Monterey,053,433212,373,286,1,287,6
2020-05-11,Napa,055,140530,94,79,0,79,2
2020-05-11,Nevada,057,99092,41,41,1,42,1
2020-05-11,Orange,059,3164182,5524,3699,38,3737,77
2020-05-11,Placer,061,380077,191,170,0,170,8
2020-05-11,Plumas,063,18699,4,4,0,4,0
2020-05-11,Riverside,065,2383286,6069,5082,17,5099,203
2020-05-11,Sacramento,067,1510023,1223,1160,0,1160,52
2020-05-11,San Benito,069,59416,59,52,0,52,2
2020-05-11,San Bernardino,071,2135413,3676,2945,3,2948,124
2020-05-11,San Diego,073,3302833,6053,5067,0,5067,175
2020-05-11,San Francisco,075,870044,2174,1974,0,1974,35
2020-05-11,San Joaquin,077,732212,708,620,3,623,30
2020-05-11,San Luis Obispo,079,281455,310,224,3,227,1
2020-05-11,San Mateo,081,765935,1790,1499,2,1501,66
2020-05-11,Santa Barbara,083,443738,1491,1372,7,1379,10
2020-05-11,Santa Clara,085,1922200,2935,2340,10,2350,129
2020-05-11,Santa Cruz,087,273765,161,140,0,140,2
2020-05-11,Shasta,089,179085,47,31,0,31,4
2020-05-11,Sierra,091,2930,0,0,0,0,0
2020-05-11,Siskiyou,093,43540,6,5,0,5,0
2020-05-11,Solano,095,438530,439,354,0,354,4
2020-05-11,Sonoma,097,501317,378,303,0,303,3
2020-05-11,Stanislaus,099,539301,586,507,4,511,14
2020-05-11,Sutter,101,95872,40,32,0,32,2
2020-05-11,Tehama,103,63373,3,1,0,1,1
2020-05-11,Trinity,105,12862,2,1,0,1,0
2020-05-11,Tulare,107,460477,1799,1203,7,1210,49
2020-05-11,Tuolumne,109,53932,3,2,0,2,0
2020-05-11,Ventura,111,848112,1003,698,4,702,19
2020-05-11,Yolo,113,214977,196,174,0,174,20
2020-05-11,Yuba,115,75493,24,18,0,18,1
2020-05-10,Alameda,001,1643700,2461,2047,3,2050,71
2020-05-10,Alpine,002,1148,1,1,0,1,0
2020-05-10,Amador,005,37829,10,8,0,8,0
2020-05-10,Butte,007,227075,34,18,5,23,0
2020-05-10,Calaveras,009,45235,13,13,0,13,0
2020-05-10,Colusa,011,21464,3,3,0,3,0
2020-05-10,Contra Costa,013,1133247,1188,1046,0,1046,31
2020-05-10,Del Norte,015,27424,7,3,0,3,0
2020-05-10,El Dorado,017,186661,76,55,0,55,0
2020-05-10,Fresno,019,978130,1745,894,27,921,8
2020-05-10,Glenn,021,27897,10,6,0,6,0
2020-05-10,Humboldt,023,135768,73,56,0,56,0
2020-05-10,Imperial,025,180216,1086,509,0,509,7
2020-05-10,Inyo,027,18085,19,20,0,20,1
2020-05-10,Kern,029,883053,1651,1300,2,1302,16
2020-05-10,Kings,031,150075,401,266,0,266,1
2020-05-10,Lake,033,64148,12,7,0,7,0
2020-05-10,Lassen,035,31185,4,0,2,2,0
2020-05-10,Los Angeles,037,10098052,39591,31711,21,31732,1514
2020-05-10,Madera,039,155013,127,65,1,66,2
2020-05-10,Marin,041,260295,285,267,1,268,14
2020-05-10,Mariposa,043,17540,15,15,0,15,0
2020-05-10,Mendocino,045,87422,12,10,0,10,0
2020-05-10,Merced,047,269075,253,154,0,154,3
2020-05-10,Modoc,049,8938,0,0,0,0,0
2020-05-10,Mono,051,14174,35,27,0,27,1
2020-05-10,Monterey,053,433212,359,282,1,283,6
2020-05-10,Napa,055,140530,88,79,0,79,2
2020-05-10,Nevada,057,99092,41,41,1,42,1
2020-05-10,Orange,059,3164182,5381,3627,38,3665,76
2020-05-10,Placer,061,380077,190,168,0,168,8
2020-05-10,Plumas,063,18699,4,4,0,4,0
2020-05-10,Riverside,065,2383286,5947,4951,17,4968,193
2020-05-10,Sacramento,067,1510023,1207,1152,0,1152,52
2020-05-10,San Benito,069,59416,59,52,0,52,2
2020-05-10,San Bernardino,071,2135413,3578,2910,3,2913,121
2020-05-10,San Diego,073,3302833,5901,4928,0,4928,175
2020-05-10,San Francisco,075,870044,2156,1953,0,1953,35
2020-05-10,San Joaquin,077,732212,693,611,3,614,29
2020-05-10,San Luis Obispo,079,281455,307,218,3,221,1
2020-05-10,San Mateo,081,765935,1768,1463,2,1465,65
2020-05-10,Santa Barbara,083,443738,1480,1323,7,1330,10
2020-05-10,Santa Clara,085,1922200,2908,2331,10,2341,129
2020-05-10,Santa Cruz,087,273765,160,139,0,139,2
2020-05-10,Shasta,089,179085,47,31,0,31,4
2020-05-10,Sierra,091,2930,0,0,0,0,0
2020-05-10,Siskiyou,093,43540,5,5,0,5,0
2020-05-10,Solano,095,438530,429,322,0,322,4
2020-05-10,Sonoma,097,501317,368,290,0,290,3
2020-05-10,Stanislaus,099,539301,579,498,4,502,14
2020-05-10,Sutter,101,95872,37,31,0,31,2
2020-05-10,Tehama,103,63373,3,1,0,1,1
2020-05-10,Trinity,105,12862,2,1,0,1,0
2020-05-10,Tulare,107,460477,1728,1143,7,1150,47
2020-05-10,Tuolumne,109,53932,3,2,0,2,0
2020-05-10,Ventura,111,848112,945,690,2,692,19
2020-05-10,Yolo,113,214977,196,173,0,173,20
2020-05-10,Yuba,115,75493,23,17,0,17,1
2020-05-09,Alameda,001,1643700,2418,2011,3,2014,71
2020-05-09,Alpine,002,1148,1,1,0,1,0
2020-05-09,Amador,005,37829,9,8,0,8,0
2020-05-09,Butte,007,227075,33,18,5,23,0
2020-05-09,Calaveras,009,45235,13,13,0,13,0
2020-05-09,Colusa,011,21464,3,3,0,3,0
2020-05-09,Contra Costa,013,1133247,1174,1039,0,1039,31
2020-05-09,Del Norte,015,27424,7,3,0,3,0
2020-05-09,El Dorado,017,186661,73,54,0,54,0
2020-05-09,Fresno,019,978130,1707,861,26,887,8
2020-05-09,Glenn,021,27897,9,6,0,6,0
2020-05-09,Humboldt,023,135768,71,55,0,55,0
2020-05-09,Imperial,025,180216,1029,474,0,474,7
2020-05-09,Inyo,027,18085,19,20,0,20,1
2020-05-09,Kern,029,883053,1615,1262,1,1263,15
2020-05-09,Kings,031,150075,396,264,0,264,1
2020-05-09,Lake,033,64148,12,7,0,7,0
2020-05-09,Lassen,035,31185,4,0,2,2,0
2020-05-09,Los Angeles,037,10098052,38969,31268,21,31289,1499
2020-05-09,Madera,039,155013,126,61,1,62,2
2020-05-09,Marin,041,260295,284,261,1,262,14
2020-05-09,Mariposa,043,17540,15,15,0,15,0
2020-05-09,Mendocino,045,87422,12,10,0,10,0
2020-05-09,Merced,047,269075,249,153,0,153,3
2020-05-09,Modoc,049,8938,0,0,0,0,0
2020-05-09,Mono,051,14174,35,27,0,27,1
2020-05-09,Monterey,053,433212,352,273,0,273,6
2020-05-09,Napa,055,140530,87,78,0,78,2
2020-05-09,Nevada,057,99092,41,41,1,42,1
2020-05-09,Orange,059,3164182,5298,3506,38,3544,75
2020-05-09,Placer,061,380077,189,168,0,168,8
2020-05-09,Plumas,063,18699,4,4,0,4,0
2020-05-09,Riverside,065,2383286,5852,4871,17,4888,183
2020-05-09,Sacramento,067,1510023,1203,1150,0,1150,52
2020-05-09,San Benito,069,59416,58,52,0,52,2
2020-05-09,San Bernardino,071,2135413,3522,2825,3,2828,121
2020-05-09,San Diego,073,3302833,5789,4778,0,4778,175
2020-05-09,San Francisco,075,870044,2141,1944,0,1944,34
2020-05-09,San Joaquin,077,732212,684,605,3,608,28
2020-05-09,San Luis Obispo,079,281455,303,213,3,216,1
2020-05-09,San Mateo,081,765935,1749,1453,2,1455,65
2020-05-09,Santa Barbara,083,443738,1472,1245,7,1252,10
2020-05-09,Santa Clara,085,1922200,2894,2317,10,2327,128
2020-05-09,Santa Cruz,087,273765,159,138,0,138,2
2020-05-09,Shasta,089,179085,47,31,0,31,4
2020-05-09,Sierra,091,2930,0,0,0,0,0
2020-05-09,Siskiyou,093,43540,5,5,0,5,0
2020-05-09,Solano,095,438530,423,321,0,321,4
2020-05-09,Sonoma,097,501317,364,288,0,288,3
2020-05-09,Stanislaus,099,539301,571,491,4,495,12
2020-05-09,Sutter,101,95872,37,31,0,31,2
2020-05-09,Tehama,103,63373,2,1,0,1,1
2020-05-09,Trinity,105,12862,2,1,0,1,0
2020-05-09,Tulare,107,460477,1700,1083,7,1090,47
2020-05-09,Tuolumne,109,53932,3,2,0,2,0
2020-05-09,Ventura,111,848112,924,679,2,681,19
2020-05-09,Yolo,113,214977,196,172,0,172,18
2020-05-09,Yuba,115,75493,23,17,0,17,1
2020-05-08,Alameda,001,1643700,2375,1955,3,1958,70
2020-05-08,Alpine,002,1148,1,1,0,1,0
2020-05-08,Amador,005,37829,9,8,0,8,0
2020-05-08,Butte,007,227075,33,18,5,23,0
2020-05-08,Calaveras,009,45235,13,13,0,13,0
2020-05-08,Colusa,011,21464,3,3,0,3,0
2020-05-08,Contra Costa,013,1133247,1162,1024,0,1024,29
2020-05-08,Del Norte,015,27424,7,3,0,3,0
2020-05-08,El Dorado,017,186661,72,54,0,54,0
2020-05-08,Fresno,019,978130,1666,838,24,862,8
2020-05-08,Glenn,021,27897,8,6,0,6,0
2020-05-08,Humboldt,023,135768,68,54,0,54,0
2020-05-08,Imperial,025,180216,983,467,0,467,7
2020-05-08,Inyo,027,18085,19,20,0,20,1
2020-05-08,Kern,029,883053,1584,1214,1,1215,13
2020-05-08,Kings,031,150075,387,236,0,236,1
2020-05-08,Lake,033,64148,12,7,0,7,0
2020-05-08,Lassen,035,31185,4,0,2,2,0
2020-05-08,Los Angeles,037,10098052,38235,30357,21,30378,1447
2020-05-08,Madera,039,155013,123,57,1,58,2
2020-05-08,Marin,041,260295,284,257,1,258,14
2020-05-08,Mariposa,043,17540,15,15,0,15,0
2020-05-08,Mendocino,045,87422,12,10,0,10,0
2020-05-08,Merced,047,269075,248,151,0,151,3
2020-05-08,Modoc,049,8938,0,0,0,0,0
2020-05-08,Mono,051,14174,32,27,0,27,1
2020-05-08,Monterey,053,433212,344,265,0,265,6
2020-05-08,Napa,055,140530,86,78,0,78,2
2020-05-08,Nevada,057,99092,41,41,1,42,1
2020-05-08,Orange,059,3164182,5151,3395,38,3433,72
2020-05-08,Placer,061,380077,187,166,0,166,8
2020-05-08,Plumas,063,18699,4,4,0,4,0
2020-05-08,Riverside,065,2383286,5752,4672,16,4688,181
2020-05-08,Sacramento,067,1510023,1198,1145,0,1145,51
2020-05-08,San Benito,069,59416,58,51,0,51,2
2020-05-08,San Bernardino,071,2135413,3474,2631,3,2634,119
2020-05-08,San Diego,073,3302833,5682,4664,0,4664,169
2020-05-08,San Francisco,075,870044,2123,1890,0,1890,33
2020-05-08,San Joaquin,077,732212,677,595,3,598,28
2020-05-08,San Luis Obispo,079,281455,300,210,3,213,1
2020-05-08,San Mateo,081,765935,1664,1423,2,1425,62
2020-05-08,Santa Barbara,083,443738,1463,1054,5,1059,8
2020-05-08,Santa Clara,085,1922200,2871,2285,10,2295,128
2020-05-08,Santa Cruz,087,273765,155,137,0,137,2
2020-05-08,Shasta,089,179085,47,31,0,31,4
2020-05-08,Sierra,091,2930,0,0,0,0,0
2020-05-08,Siskiyou,093,43540,5,5,0,5,0
2020-05-08,Solano,095,438530,418,314,0,314,4
2020-05-08,Sonoma,097,501317,359,285,0,285,3
2020-05-08,Stanislaus,099,539301,557,487,4,491,12
2020-05-08,Sutter,101,95872,37,30,0,30,2
2020-05-08,Tehama,103,63373,2,1,0,1,1
2020-05-08,Trinity,105,12862,2,0,0,0,0
2020-05-08,Tulare,107,460477,1655,1050,6,1056,43
2020-05-08,Tuolumne,109,53932,3,2,0,2,0
2020-05-08,Ventura,111,848112,906,665,2,667,19
2020-05-08,Yolo,113,214977,195,172,0,172,18
2020-05-08,Yuba,115,75493,22,16,0,16,1
2020-05-07,Alameda,001,1643700,2315,1914,3,1917,68
2020-05-07,Alpine,002,1148,1,1,0,1,0
2020-05-07,Amador,005,37829,9,8,0,8,0
2020-05-07,Butte,007,227075,33,19,4,23,0
2020-05-07,Calaveras,009,45235,13,13,0,13,0
2020-05-07,Colusa,011,21464,3,3,0,3,0
2020-05-07,Contra Costa,013,1133247,1148,1005,0,1005,29
2020-05-07,Del Norte,015,27424,6,3,0,3,0
2020-05-07,El Dorado,017,186661,71,54,0,54,0
2020-05-07,Fresno,019,978130,1581,812,23,835,8
2020-05-07,Glenn,021,27897,8,5,0,5,0
2020-05-07,Humboldt,023,135768,67,54,0,54,0
2020-05-07,Imperial,025,180216,919,442,0,442,6
2020-05-07,Inyo,027,18085,19,20,0,20,1
2020-05-07,Kern,029,883053,1540,1176,1,1177,13
2020-05-07,Kings,031,150075,364,219,0,219,1
2020-05-07,Lake,033,64148,11,7,0,7,0
2020-05-07,Lassen,035,31185,4,0,2,2,0
2020-05-07,Los Angeles,037,10098052,37113,29544,21,29565,1399
2020-05-07,Madera,039,155013,119,54,1,55,2
2020-05-07,Marin,041,260295,277,252,1,253,14
2020-05-07,Mariposa,043,17540,15,15,0,15,0
2020-05-07,Mendocino,045,87422,12,10,0,10,0
2020-05-07,Merced,047,269075,236,146,0,146,3
2020-05-07,Modoc,049,8938,0,0,0,0,0
2020-05-07,Mono,051,14174,32,26,0,26,1
2020-05-07,Monterey,053,433212,336,249,0,249,6
2020-05-07,Napa,055,140530,86,78,0,78,2
2020-05-07,Nevada,057,99092,41,41,1,42,1
2020-05-07,Orange,059,3164182,4966,3283,37,3320,69
2020-05-07,Placer,061,380077,187,165,0,165,8
2020-05-07,Plumas,063,18699,4,4,0,4,0
2020-05-07,Riverside,065,2383286,5636,4608,16,4624,170
2020-05-07,Sacramento,067,1510023,1192,1139,0,1139,50
2020-05-07,San Benito,069,59416,58,50,0,50,2
2020-05-07,San Bernardino,071,2135413,3382,2522,3,2525,115
2020-05-07,San Diego,073,3302833,5525,4431,0,4431,165
2020-05-07,San Francisco,075,870044,2092,1852,0,1852,33
2020-05-07,San Joaquin,077,732212,664,583,3,586,28
2020-05-07,San Luis Obispo,079,281455,289,209,3,212,1
2020-05-07,San Mateo,081,765935,1642,1398,2,1400,58
2020-05-07,Santa Barbara,083,443738,1436,720,4,724,8
2020-05-07,Santa Clara,085,1922200,2833,2281,10,2291,127
2020-05-07,Santa Cruz,087,273765,152,136,0,136,2
2020-05-07,Shasta,089,179085,46,31,0,31,4
2020-05-07,Sierra,091,2930,0,0,0,0,0
2020-05-07,Siskiyou,093,43540,5,5,0,5,0
2020-05-07,Solano,095,438530,412,307,0,307,4
2020-05-07,Sonoma,097,501317,347,282,0,282,3
2020-05-07,Stanislaus,099,539301,548,466,4,470,10
2020-05-07,Sutter,101,95872,37,29,0,29,2
2020-05-07,Tehama,103,63373,2,1,0,1,1
2020-05-07,Trinity,105,12862,2,0,0,0,0
2020-05-07,Tulare,107,460477,1587,1001,6,1007,41
2020-05-07,Tuolumne,109,53932,3,2,0,2,0
2020-05-07,Ventura,111,848112,882,647,1,648,19
2020-05-07,Yolo,113,214977,194,172,0,172,18
2020-05-07,Yuba,115,75493,22,16,0,16,1
2020-05-06,Alameda,001,1643700,2277,1864,3,1867,67
2020-05-06,Alpine,002,1148,1,1,0,1,0
2020-05-06,Amador,005,37829,9,8,0,8,0
2020-05-06,Butte,007,227075,32,19,4,23,0
2020-05-06,Calaveras,009,45235,13,13,0,13,0
2020-05-06,Colusa,011,21464,3,3,0,3,0
2020-05-06,Contra Costa,013,1133247,1127,990,0,990,29
2020-05-06,Del Norte,015,27424,6,3,0,3,0
2020-05-06,El Dorado,017,186661,69,53,0,53,0
2020-05-06,Fresno,019,978130,1518,773,21,794,8
2020-05-06,Glenn,021,27897,8,3,0,3,0
2020-05-06,Humboldt,023,135768,66,54,0,54,0
2020-05-06,Imperial,025,180216,851,399,0,399,6
2020-05-06,Inyo,027,18085,19,20,0,20,1
2020-05-06,Kern,029,883053,1484,1112,1,1113,12
2020-05-06,Kings,031,150075,346,208,0,208,1
2020-05-06,Lake,033,64148,11,7,0,7,0
2020-05-06,Lassen,035,31185,4,0,2,2,0
2020-05-06,Los Angeles,037,10098052,36111,28687,21,28708,1347
2020-05-06,Madera,039,155013,117,55,1,56,2
2020-05-06,Marin,041,260295,270,244,1,245,14
2020-05-06,Mariposa,043,17540,15,14,0,14,0
2020-05-06,Mendocino,045,87422,12,10,0,10,0
2020-05-06,Merced,047,269075,229,140,0,140,3
2020-05-06,Modoc,049,8938,0,0,0,0,0
2020-05-06,Mono,051,14174,32,26,0,26,1
2020-05-06,Monterey,053,433212,328,246,0,246,6
2020-05-06,Napa,055,140530,85,78,0,78,2
2020-05-06,Nevada,057,99092,41,41,1,42,1
2020-05-06,Orange,059,3164182,4782,3156,36,3192,66
2020-05-06,Placer,061,380077,184,164,0,164,8
2020-05-06,Plumas,063,18699,4,4,0,4,0
2020-05-06,Riverside,065,2383286,5492,4535,16,4551,163
2020-05-06,Sacramento,067,1510023,1186,1135,0,1135,49
2020-05-06,San Benito,069,59416,57,50,0,50,2
2020-05-06,San Bernardino,071,2135413,3260,2426,2,2428,110
2020-05-06,San Diego,073,3302833,5392,4321,0,4321,158
2020-05-06,San Francisco,075,870044,2067,1804,0,1804,32
2020-05-06,San Joaquin,077,732212,651,581,3,584,28
2020-05-06,San Luis Obispo,079,281455,285,207,3,210,1
2020-05-06,San Mateo,081,765935,1611,1348,2,1350,57
2020-05-06,Santa Barbara,083,443738,1395,565,3,568,8
2020-05-06,Santa Clara,085,1922200,2816,2270,9,2279,127
2020-05-06,Santa Cruz,087,273765,149,135,0,135,2
2020-05-06,Shasta,089,179085,45,31,0,31,4
2020-05-06,Sierra,091,2930,0,0,0,0,0
2020-05-06,Siskiyou,093,43540,5,5,0,5,0
2020-05-06,Solano,095,438530,402,300,0,300,4
2020-05-06,Sonoma,097,501317,331,269,0,269,3
2020-05-06,Stanislaus,099,539301,532,434,4,438,9
2020-05-06,Sutter,101,95872,37,29,0,29,2
2020-05-06,Tehama,103,63373,2,1,0,1,1
2020-05-06,Trinity,105,12862,2,0,0,0,0
2020-05-06,Tulare,107,460477,1539,963,6,969,40
2020-05-06,Tuolumne,109,53932,3,2,0,2,0
2020-05-06,Ventura,111,848112,855,619,1,620,19
2020-05-06,Yolo,113,214977,193,172,0,172,18
2020-05-06,Yuba,115,75493,22,15,0,15,1
2020-05-05,Alameda,001,1643700,2234,1819,3,1822,67
2020-05-05,Alpine,002,1148,1,1,0,1,0
2020-05-05,Amador,005,37829,9,8,0,8,0
2020-05-05,Butte,007,227075,31,19,4,23,0
2020-05-05,Calaveras,009,45235,13,13,0,13,0
2020-05-05,Colusa,011,21464,3,3,0,3,0
2020-05-05,Contra Costa,013,1133247,1109,976,0,976,29
2020-05-05,Del Norte,015,27424,6,3,0,3,0
2020-05-05,El Dorado,017,186661,67,54,0,54,0
2020-05-05,Fresno,019,978130,1445,726,19,745,8
2020-05-05,Glenn,021,27897,8,3,0,3,0
2020-05-05,Humboldt,023,135768,63,54,0,54,0
2020-05-05,Imperial,025,180216,795,389,0,389,6
2020-05-05,Inyo,027,18085,19,20,0,20,1
2020-05-05,Kern,029,883053,1432,1084,1,1085,11
2020-05-05,Kings,031,150075,328,187,0,187,1
2020-05-05,Lake,033,64148,10,7,0,7,0
2020-05-05,Lassen,035,31185,4,0,2,2,0
2020-05-05,Los Angeles,037,10098052,35044,27867,21,27888,1289
2020-05-05,Madera,039,155013,113,53,1,54,2
2020-05-05,Marin,041,260295,264,244,1,245,14
2020-05-05,Mariposa,043,17540,15,14,0,14,0
2020-05-05,Mendocino,045,87422,12,10,0,10,0
2020-05-05,Merced,047,269075,224,141,0,141,3
2020-05-05,Modoc,049,8938,0,0,0,0,0
2020-05-05,Mono,051,14174,32,25,0,25,1
2020-05-05,Monterey,053,433212,314,240,0,240,6
2020-05-05,Napa,055,140530,85,74,0,74,2
2020-05-05,Nevada,057,99092,41,41,1,42,1
2020-05-05,Orange,059,3164182,4658,3041,36,3077,63
2020-05-05,Placer,061,380077,184,162,0,162,8
2020-05-05,Plumas,063,18699,4,4,0,4,0
2020-05-05,Riverside,065,2383286,5382,4309,16,4325,161
2020-05-05,Sacramento,067,1510023,1179,1125,0,1125,48
2020-05-05,San Benito,069,59416,56,50,0,50,2
2020-05-05,San Bernardino,071,2135413,3167,2345,2,2347,104
2020-05-05,San Diego,073,3302833,5249,4162,0,4162,150
2020-05-05,San Francisco,075,870044,2032,1779,0,1779,31
2020-05-05,San Joaquin,077,732212,642,577,3,580,26
2020-05-05,San Luis Obispo,079,281455,283,203,3,206,1
2020-05-05,San Mateo,081,765935,1579,1335,2,1337,56
2020-05-05,Santa Barbara,083,443738,1174,541,3,544,7
2020-05-05,Santa Clara,085,1922200,2770,2249,8,2257,124
2020-05-05,Santa Cruz,087,273765,146,134,0,134,2
2020-05-05,Shasta,089,179085,44,31,0,31,4
2020-05-05,Sierra,091,2930,0,0,0,0,0
2020-05-05,Siskiyou,093,43540,5,5,0,5,0
2020-05-05,Solano,095,438530,386,299,0,299,4
2020-05-05,Sonoma,097,501317,328,263,0,263,3
2020-05-05,Stanislaus,099,539301,520,430,4,434,9
2020-05-05,Sutter,101,95872,36,29,0,29,2
2020-05-05,Tehama,103,63373,2,1,0,1,1
2020-05-05,Trinity,105,12862,2,0,0,0,0
2020-05-05,Tulare,107,460477,1441,869,6,875,40
2020-05-05,Tuolumne,109,53932,3,2,0,2,0
2020-05-05,Ventura,111,848112,831,607,1,608,19
2020-05-05,Yolo,113,214977,191,171,0,171,18
2020-05-05,Yuba,115,75493,22,15,0,15,1
2020-05-04,Alameda,001,1643700,2176,1762,2,1764,65
2020-05-04,Alpine,002,1148,1,1,0,1,0
2020-05-04,Amador,005,37829,8,8,0,8,0
2020-05-04,Butte,007,227075,30,16,3,19,0
2020-05-04,Calaveras,009,45235,13,13,0,13,0
2020-05-04,Colusa,011,21464,3,3,0,3,0
2020-05-04,Contra Costa,013,1133247,1091,949,0,949,28
2020-05-04,Del Norte,015,27424,5,3,0,3,0
2020-05-04,El Dorado,017,186661,66,51,0,51,0
2020-05-04,Fresno,019,978130,1375,680,18,698,8
2020-05-04,Glenn,021,27897,8,4,0,4,0
2020-05-04,Humboldt,023,135768,61,54,0,54,0
2020-05-04,Imperial,025,180216,744,351,0,351,6
2020-05-04,Inyo,027,18085,19,20,0,20,1
2020-05-04,Kern,029,883053,1390,1047,1,1048,8
2020-05-04,Kings,031,150075,311,153,0,153,1
2020-05-04,Lake,033,64148,9,7,0,7,0
2020-05-04,Lassen,035,31185,3,0,2,2,0
2020-05-04,Los Angeles,037,10098052,33761,26243,19,26262,1235
2020-05-04,Madera,039,155013,110,52,1,53,2
2020-05-04,Marin,041,260295,259,244,1,245,13
2020-05-04,Mariposa,043,17540,15,13,0,13,0
2020-05-04,Mendocino,045,87422,12,10,0,10,0
2020-05-04,Merced,047,269075,224,138,0,138,3
2020-05-04,Modoc,049,8938,0,0,0,0,0
2020-05-04,Mono,051,14174,32,25,0,25,1
2020-05-04,Monterey,053,433212,303,237,0,237,6
2020-05-04,Napa,055,140530,85,72,0,72,2
2020-05-04,Nevada,057,99092,41,41,1,42,1
2020-05-04,Orange,059,3164182,4520,2931,33,2964,57
2020-05-04,Placer,061,380077,182,162,0,162,8
2020-05-04,Plumas,063,18699,4,4,0,4,0
2020-05-04,Riverside,065,2383286,5288,4221,16,4237,147
2020-05-04,Sacramento,067,1510023,1169,1119,0,1119,44
2020-05-04,San Benito,069,59416,54,49,0,49,2
2020-05-04,San Bernardino,071,2135413,3027,2184,2,2186,99
2020-05-04,San Diego,073,3302833,5108,4022,0,4022,144
2020-05-04,San Francisco,075,870044,1994,1760,0,1760,31
2020-05-04,San Joaquin,077,732212,628,574,3,577,26
2020-05-04,San Luis Obispo,079,281455,280,202,3,205,1
2020-05-04,San Mateo,081,765935,1554,1313,2,1315,53
2020-05-04,Santa Barbara,083,443738,927,524,3,527,7
2020-05-04,Santa Clara,085,1922200,2755,2238,8,2246,119
2020-05-04,Santa Cruz,087,273765,145,133,0,133,2
2020-05-04,Shasta,089,179085,42,31,0,31,4
2020-05-04,Sierra,091,2930,0,0,0,0,0
2020-05-04,Siskiyou,093,43540,5,5,0,5,0
2020-05-04,Solano,095,438530,372,293,0,293,4
2020-05-04,Sonoma,097,501317,314,256,0,256,4
2020-05-04,Stanislaus,099,539301,514,422,4,426,8
2020-05-04,Sutter,101,95872,33,28,0,28,2
2020-05-04,Tehama,103,63373,2,1,0,1,1
2020-05-04,Trinity,105,12862,1,0,0,0,0
2020-05-04,Tulare,107,460477,1362,760,6,766,40
2020-05-04,Tuolumne,109,53932,3,3,0,3,0
2020-05-04,Ventura,111,848112,810,590,1,591,19
2020-05-04,Yolo,113,214977,190,171,0,171,18
2020-05-04,Yuba,115,75493,19,16,0,16,1
2020-05-03,Alameda,001,1643700,2118,1731,2,1733,64
2020-05-03,Alpine,002,1148,1,1,0,1,0
2020-05-03,Amador,005,37829,8,8,0,8,0
2020-05-03,Butte,007,227075,30,17,3,20,0
2020-05-03,Calaveras,009,45235,13,13,0,13,0
2020-05-03,Colusa,011,21464,3,3,0,3,0
2020-05-03,Contra Costa,013,1133247,1075,945,0,945,28
2020-05-03,Del Norte,015,27424,5,3,0,3,0
2020-05-03,El Dorado,017,186661,64,49,0,49,0
2020-05-03,Fresno,019,978130,1282,646,15,661,8
2020-05-03,Glenn,021,27897,7,5,0,5,0
2020-05-03,Humboldt,023,135768,60,54,0,54,0
2020-05-03,Imperial,025,180216,688,351,0,351,6
2020-05-03,Inyo,027,18085,19,20,0,20,1
2020-05-03,Kern,029,883053,1335,1025,1,1026,8
2020-05-03,Kings,031,150075,291,137,0,137,1
2020-05-03,Lake,033,64148,9,7,0,7,0
2020-05-03,Lassen,035,31185,3,0,2,2,0
2020-05-03,Los Angeles,037,10098052,32804,25708,18,25726,1210
2020-05-03,Madera,039,155013,103,46,1,47,2
2020-05-03,Marin,041,260295,254,243,1,244,13
2020-05-03,Mariposa,043,17540,15,13,0,13,0
2020-05-03,Mendocino,045,87422,12,10,0,10,0
2020-05-03,Merced,047,269075,217,134,0,134,3
2020-05-03,Modoc,049,8938,0,0,0,0,0
2020-05-03,Mono,051,14174,32,25,0,25,1
2020-05-03,Monterey,053,433212,294,235,0,235,6
2020-05-03,Napa,055,140530,85,72,0,72,2
2020-05-03,Nevada,057,99092,41,41,1,42,1
2020-05-03,Orange,059,3164182,4346,2859,32,2891,55
2020-05-03,Placer,061,380077,182,161,0,161,8
2020-05-03,Plumas,063,18699,4,4,0,4,0
2020-05-03,Riverside,065,2383286,5183,4034,16,4050,139
2020-05-03,Sacramento,067,1510023,1160,1109,0,1109,43
2020-05-03,San Benito,069,59416,54,49,0,49,2
2020-05-03,San Bernardino,071,2135413,2967,2123,2,2125,99
2020-05-03,San Diego,073,3302833,4971,3929,0,3929,142
2020-05-03,San Francisco,075,870044,1965,1692,0,1692,30
2020-05-03,San Joaquin,077,732212,621,570,3,573,26
2020-05-03,San Luis Obispo,079,281455,277,200,3,203,1
2020-05-03,San Mateo,081,765935,1526,1277,2,1279,53
2020-05-03,Santa Barbara,083,443738,568,512,3,515,7
2020-05-03,Santa Clara,085,1922200,2718,2235,8,2243,116
2020-05-03,Santa Cruz,087,273765,145,133,0,133,2
2020-05-03,Shasta,089,179085,40,31,0,31,4
2020-05-03,Sierra,091,2930,0,0,0,0,0
2020-05-03,Siskiyou,093,43540,5,5,0,5,0
2020-05-03,Solano,095,438530,362,266,0,266,4
2020-05-03,Sonoma,097,501317,305,254,0,254,4
2020-05-03,Stanislaus,099,539301,486,411,4,415,8
2020-05-03,Sutter,101,95872,31,28,0,28,2
2020-05-03,Tehama,103,63373,2,1,0,1,1
2020-05-03,Trinity,105,12862,1,0,0,0,0
2020-05-03,Tulare,107,460477,1283,736,6,742,40
2020-05-03,Tuolumne,109,53932,3,3,0,3,0
2020-05-03,Ventura,111,848112,776,583,1,584,19
2020-05-03,Yolo,113,214977,189,171,0,171,18
2020-05-03,Yuba,115,75493,19,16,0,16,1
2020-05-02,Alameda,001,1643700,2081,1678,2,1680,63
2020-05-02,Alpine,002,1148,1,1,0,1,0
2020-05-02,Amador,005,37829,8,8,0,8,0
2020-05-02,Butte,007,227075,30,17,3,20,0
2020-05-02,Calaveras,009,45235,13,13,0,13,0
2020-05-02,Colusa,011,21464,3,3,0,3,0
2020-05-02,Contra Costa,013,1133247,1057,929,0,929,28
2020-05-02,Del Norte,015,27424,5,3,0,3,0
2020-05-02,El Dorado,017,186661,64,47,0,47,0
2020-05-02,Fresno,019,978130,1257,629,14,643,8
2020-05-02,Glenn,021,27897,7,5,0,5,0
2020-05-02,Humboldt,023,135768,60,54,0,54,0
2020-05-02,Imperial,025,180216,661,345,0,345,6
2020-05-02,Inyo,027,18085,19,20,0,20,1
2020-05-02,Kern,029,883053,1309,1007,1,1008,8
2020-05-02,Kings,031,150075,288,120,0,120,1
2020-05-02,Lake,033,64148,9,7,0,7,0
2020-05-02,Lassen,035,31185,3,0,2,2,0
2020-05-02,Los Angeles,037,10098052,32274,24955,18,24973,1192
2020-05-02,Madera,039,155013,103,46,1,47,2
2020-05-02,Marin,041,260295,253,243,1,244,13
2020-05-02,Mariposa,043,17540,15,13,0,13,0
2020-05-02,Mendocino,045,87422,12,10,0,10,0
2020-05-02,Merced,047,269075,212,131,0,131,3
2020-05-02,Modoc,049,8938,0,0,0,0,0
2020-05-02,Mono,051,14174,32,25,0,25,1
2020-05-02,Monterey,053,433212,288,225,0,225,5
2020-05-02,Napa,055,140530,85,71,0,71,2
2020-05-02,Nevada,057,99092,41,41,1,42,1
2020-05-02,Orange,059,3164182,4232,2774,32,2806,52
2020-05-02,Placer,061,380077,180,150,0,150,8
2020-05-02,Plumas,063,18699,4,4,0,4,0
2020-05-02,Riverside,065,2383286,5117,3997,16,4013,137
2020-05-02,Sacramento,067,1510023,1157,1097,0,1097,43
2020-05-02,San Benito,069,59416,54,49,0,49,2
2020-05-02,San Bernardino,071,2135413,2928,2124,2,2126,99
2020-05-02,San Diego,073,3302833,4869,3844,0,3844,138
2020-05-02,San Francisco,075,870044,1942,1632,0,1632,29
2020-05-02,San Joaquin,077,732212,613,559,3,562,25
2020-05-02,San Luis Obispo,079,281455,271,193,3,196,1
2020-05-02,San Mateo,081,765935,1510,1272,2,1274,52
2020-05-02,Santa Barbara,083,443738,560,506,3,509,7
2020-05-02,Santa Clara,085,1922200,2708,2203,8,2211,115
2020-05-02,Santa Cruz,087,273765,144,131,0,131,2
2020-05-02,Shasta,089,179085,40,31,0,31,4
2020-05-02,Sierra,091,2930,0,0,0,0,0
2020-05-02,Siskiyou,093,43540,5,5,0,5,0
2020-05-02,Solano,095,438530,355,267,0,267,4
2020-05-02,Sonoma,097,501317,302,250,0,250,3
2020-05-02,Stanislaus,099,539301,478,388,4,392,8
2020-05-02,Sutter,101,95872,31,28,0,28,2
2020-05-02,Tehama,103,63373,2,1,0,1,1
2020-05-02,Trinity,105,12862,1,0,0,0,0
2020-05-02,Tulare,107,460477,1240,711,6,717,35
2020-05-02,Tuolumne,109,53932,3,3,0,3,0
2020-05-02,Ventura,111,848112,762,564,1,565,19
2020-05-02,Yolo,113,214977,189,169,0,169,17
2020-05-02,Yuba,115,75493,19,16,0,16,1
2020-05-01,Alameda,001,1643700,2043,1630,2,1632,63
2020-05-01,Alpine,002,1148,1,1,0,1,0
2020-05-01,Amador,005,37829,8,8,0,8,0
2020-05-01,Butte,007,227075,30,17,3,20,0
2020-05-01,Calaveras,009,45235,13,13,0,13,0
2020-05-01,Colusa,011,21464,3,3,0,3,0
2020-05-01,Contra Costa,013,1133247,1043,915,0,915,28
2020-05-01,Del Norte,015,27424,5,3,0,3,0
2020-05-01,El Dorado,017,186661,64,47,0,47,0
2020-05-01,Fresno,019,978130,1226,617,14,631,7
2020-05-01,Glenn,021,27897,7,4,0,4,0
2020-05-01,Humboldt,023,135768,60,54,0,54,0
2020-05-01,Imperial,025,180216,624,337,0,337,6
2020-05-01,Inyo,027,18085,19,20,0,20,1
2020-05-01,Kern,029,883053,1282,972,1,973,8
2020-05-01,Kings,031,150075,271,112,0,112,1
2020-05-01,Lake,033,64148,9,6,0,6,0
2020-05-01,Lassen,035,31185,3,0,2,2,0
2020-05-01,Los Angeles,037,10098052,31518,24306,18,24324,1155
2020-05-01,Madera,039,155013,99,46,1,47,2
2020-05-01,Marin,041,260295,253,242,1,243,13
2020-05-01,Mariposa,043,17540,15,10,0,10,0
2020-05-01,Mendocino,045,87422,12,11,0,11,0
2020-05-01,Merced,047,269075,209,131,0,131,3
2020-05-01,Modoc,049,8938,0,0,0,0,0
2020-05-01,Mono,051,14174,32,25,0,25,1
2020-05-01,Monterey,053,433212,284,222,0,222,5
2020-05-01,Napa,055,140530,85,69,0,69,2
2020-05-01,Nevada,057,99092,41,41,1,42,1
2020-05-01,Orange,059,3164182,4155,2660,30,2690,51
2020-05-01,Placer,061,380077,179,149,0,149,8
2020-05-01,Plumas,063,18699,4,4,0,4,0
2020-05-01,Riverside,065,2383286,5053,3893,16,3909,132
2020-05-01,Sacramento,067,1510023,1152,1081,0,1081,43
2020-05-01,San Benito,069,59416,54,49,0,49,2
2020-05-01,San Bernardino,071,2135413,2873,2084,2,2086,98
2020-05-01,San Diego,073,3302833,4778,3713,0,3713,134
2020-05-01,San Francisco,075,870044,1898,1552,0,1552,29
2020-05-01,San Joaquin,077,732212,609,554,3,557,25
2020-05-01,San Luis Obispo,079,281455,268,186,3,189,1
2020-05-01,San Mateo,081,765935,1488,1222,2,1224,52
2020-05-01,Santa Barbara,083,443738,554,499,2,501,7
2020-05-01,Santa Clara,085,1922200,2696,2176,8,2184,112
2020-05-01,Santa Cruz,087,273765,144,127,0,127,2
2020-05-01,Shasta,089,179085,40,31,0,31,4
2020-05-01,Sierra,091,2930,0,0,0,0,0
2020-05-01,Siskiyou,093,43540,5,5,0,5,0
2020-05-01,Solano,095,438530,347,266,0,266,4
2020-05-01,Sonoma,097,501317,299,242,0,242,3
2020-05-01,Stanislaus,099,539301,473,384,4,388,8
2020-05-01,Sutter,101,95872,31,28,0,28,2
2020-05-01,Tehama,103,63373,2,1,0,1,1
2020-05-01,Trinity,105,12862,1,0,0,0,0
2020-05-01,Tulare,107,460477,1196,685,6,691,32
2020-05-01,Tuolumne,109,53932,3,3,0,3,0
2020-05-01,Ventura,111,848112,749,556,1,557,18
2020-05-01,Yolo,113,214977,189,165,0,165,18
2020-05-01,Yuba,115,75493,19,16,0,16,1
2020-04-30,Alameda,001,1643700,1983,1599,2,1601,60
2020-04-30,Alpine,002,1148,1,1,0,1,0
2020-04-30,Amador,005,37829,8,8,0,8,0
2020-04-30,Butte,007,227075,30,16,3,19,0
2020-04-30,Calaveras,009,45235,13,13,0,13,0
2020-04-30,Colusa,011,21464,3,3,0,3,0
2020-04-30,Contra Costa,013,1133247,1021,900,0,900,25
2020-04-30,Del Norte,015,27424,4,3,0,3,0
2020-04-30,El Dorado,017,186661,64,44,0,44,0
2020-04-30,Fresno,019,978130,1161,562,11,573,7
2020-04-30,Glenn,021,27897,7,4,0,4,0
2020-04-30,Humboldt,023,135768,60,54,0,54,0
2020-04-30,Imperial,025,180216,578,322,0,322,6
2020-04-30,Inyo,027,18085,19,20,0,20,1
2020-04-30,Kern,029,883053,1250,941,1,942,8
2020-04-30,Kings,031,150075,259,87,0,87,1
2020-04-30,Lake,033,64148,9,6,0,6,0
2020-04-30,Lassen,035,31185,3,0,2,2,0
2020-04-30,Los Angeles,037,10098052,30509,23284,18,23302,1099
2020-04-30,Madera,039,155013,88,46,1,47,2
2020-04-30,Marin,041,260295,253,240,1,241,13
2020-04-30,Mariposa,043,17540,15,3,0,3,0
2020-04-30,Mendocino,045,87422,12,11,0,11,0
2020-04-30,Merced,047,269075,202,122,0,122,3
2020-04-30,Modoc,049,8938,0,0,0,0,0
2020-04-30,Mono,051,14174,31,25,0,25,1
2020-04-30,Monterey,053,433212,274,213,0,213,5
2020-04-30,Napa,055,140530,83,69,0,69,2
2020-04-30,Nevada,057,99092,41,41,1,42,1
2020-04-30,Orange,059,3164182,3933,2591,27,2618,46
2020-04-30,Placer,061,380077,178,148,0,148,8
2020-04-30,Plumas,063,18699,4,4,0,4,0
2020-04-30,Riverside,065,2383286,4953,3820,15,3835,124
2020-04-30,Sacramento,067,1510023,1146,1071,0,1071,43
2020-04-30,San Benito,069,59416,54,48,0,48,2
2020-04-30,San Bernardino,071,2135413,2671,2020,2,2022,96
2020-04-30,San Diego,073,3302833,4607,3566,0,3566,124
2020-04-30,San Francisco,075,870044,1864,1518,0,1518,26
2020-04-30,San Joaquin,077,732212,601,548,3,551,25
2020-04-30,San Luis Obispo,079,281455,265,182,3,185,1
2020-04-30,San Mateo,081,765935,1458,1194,2,1196,52
2020-04-30,Santa Barbara,083,443738,542,490,2,492,7
2020-04-30,Santa Clara,085,1922200,2656,2172,8,2180,111
2020-04-30,Santa Cruz,087,273765,143,126,0,126,2
2020-04-30,Shasta,089,179085,39,31,0,31,4
2020-04-30,Sierra,091,2930,0,0,0,0,0
2020-04-30,Siskiyou,093,43540,5,5,0,5,0
2020-04-30,Solano,095,438530,337,262,0,262,4
2020-04-30,Sonoma,097,501317,290,233,0,233,3
2020-04-30,Stanislaus,099,539301,466,378,4,382,7
2020-04-30,Sutter,101,95872,31,28,0,28,2
2020-04-30,Tehama,103,63373,1,1,0,1,1
2020-04-30,Trinity,105,12862,1,0,0,0,0
2020-04-30,Tulare,107,460477,1130,637,6,643,31
2020-04-30,Tuolumne,109,53932,3,3,0,3,0
2020-04-30,Ventura,111,848112,721,547,1,548,18
2020-04-30,Yolo,113,214977,188,164,0,164,16
2020-04-30,Yuba,115,75493,19,15,0,15,1
2020-04-29,Alameda,001,1643700,1925,1564,2,1566,60
2020-04-29,Alpine,002,1148,1,1,0,1,0
2020-04-29,Amador,005,37829,8,8,0,8,0
2020-04-29,Butte,007,227075,30,16,3,19,0
2020-04-29,Calaveras,009,45235,13,13,0,13,0
2020-04-29,Colusa,011,21464,3,3,0,3,0
2020-04-29,Contra Costa,013,1133247,1002,885,0,885,25
2020-04-29,Del Norte,015,27424,4,3,0,3,0
2020-04-29,El Dorado,017,186661,62,44,0,44,0
2020-04-29,Fresno,019,978130,1109,544,11,555,7
2020-04-29,Glenn,021,27897,7,4,0,4,0
2020-04-29,Humboldt,023,135768,60,53,0,53,0
2020-04-29,Imperial,025,180216,548,300,0,300,6
2020-04-29,Inyo,027,18085,19,20,0,20,1
2020-04-29,Kern,029,883053,1207,910,1,911,6
2020-04-29,Kings,031,150075,240,80,0,80,1
2020-04-29,Lake,033,64148,9,6,0,6,0
2020-04-29,Lassen,035,31185,3,0,2,2,0
2020-04-29,Los Angeles,037,10098052,29532,22560,17,22577,1043
2020-04-29,Madera,039,155013,86,45,1,46,2
2020-04-29,Marin,041,260295,250,234,1,235,13
2020-04-29,Mariposa,043,17540,15,1,0,1,0
2020-04-29,Mendocino,045,87422,12,11,0,11,0
2020-04-29,Merced,047,269075,195,116,0,116,3
2020-04-29,Modoc,049,8938,0,0,0,0,0
2020-04-29,Mono,051,14174,31,25,0,25,1
2020-04-29,Monterey,053,433212,266,204,0,204,5
2020-04-29,Napa,055,140530,81,68,0,68,2
2020-04-29,Nevada,057,99092,41,41,1,42,1
2020-04-29,Orange,059,3164182,3799,2421,26,2447,43
2020-04-29,Placer,061,380077,176,145,0,145,8
2020-04-29,Plumas,063,18699,4,4,0,4,0
2020-04-29,Riverside,065,2383286,4876,3700,15,3715,116
2020-04-29,Sacramento,067,1510023,1124,1055,0,1055,41
2020-04-29,San Benito,069,59416,54,48,0,48,2
2020-04-29,San Bernardino,071,2135413,2584,1975,1,1976,91
2020-04-29,San Diego,073,3302833,4465,3434,0,3434,120
2020-04-29,San Francisco,075,870044,1836,1489,0,1489,23
2020-04-29,San Joaquin,077,732212,593,540,3,543,25
2020-04-29,San Luis Obispo,079,281455,263,181,3,184,1
2020-04-29,San Mateo,081,765935,1432,1170,2,1172,50
2020-04-29,Santa Barbara,083,443738,529,477,2,479,7
2020-04-29,Santa Clara,085,1922200,2629,2147,8,2155,108
2020-04-29,Santa Cruz,087,273765,142,124,0,124,2
2020-04-29,Shasta,089,179085,38,31,0,31,4
2020-04-29,Sierra,091,2930,0,0,0,0,0
2020-04-29,Siskiyou,093,43540,5,5,0,5,0
2020-04-29,Solano,095,438530,313,252,0,252,3
2020-04-29,Sonoma,097,501317,282,230,0,230,2
2020-04-29,Stanislaus,099,539301,453,374,4,378,5
2020-04-29,Sutter,101,95872,31,28,0,28,2
2020-04-29,Tehama,103,63373,1,1,0,1,1
2020-04-29,Trinity,105,12862,1,0,0,0,0
2020-04-29,Tulare,107,460477,1057,615,5,620,30
2020-04-29,Tuolumne,109,53932,3,4,0,4,0
2020-04-29,Ventura,111,848112,697,530,1,531,18
2020-04-29,Yolo,113,214977,185,161,0,161,11
2020-04-29,Yuba,115,75493,19,15,0,15,1
2020-04-28,Alameda,001,1643700,1868,1525,2,1527,55
2020-04-28,Alpine,002,1148,1,1,0,1,0
2020-04-28,Amador,005,37829,8,8,0,8,0
2020-04-28,Butte,007,227075,30,16,3,19,0
2020-04-28,Calaveras,009,45235,13,13,0,13,0
2020-04-28,Colusa,011,21464,3,3,0,3,0
2020-04-28,Contra Costa,013,1133247,995,866,0,866,25
2020-04-28,Del Norte,015,27424,4,3,0,3,0
2020-04-28,El Dorado,017,186661,61,43,0,43,0
2020-04-28,Fresno,019,978130,1058,525,9,534,7
2020-04-28,Glenn,021,27897,5,4,0,4,0
2020-04-28,Humboldt,023,135768,59,53,0,53,0
2020-04-28,Imperial,025,180216,515,295,0,295,6
2020-04-28,Inyo,027,18085,19,20,0,20,1
2020-04-28,Kern,029,883053,1164,882,1,883,5
2020-04-28,Kings,031,150075,227,57,0,57,1
2020-04-28,Lake,033,64148,9,6,0,6,0
2020-04-28,Lassen,035,31185,3,0,2,2,0
2020-04-28,Los Angeles,037,10098052,28468,21029,17,21046,984
2020-04-28,Madera,039,155013,86,44,1,45,2
2020-04-28,Marin,041,260295,249,228,1,229,12
2020-04-28,Mariposa,043,17540,15,0,0,0,0
2020-04-28,Mendocino,045,87422,12,10,0,10,0
2020-04-28,Merced,047,269075,188,108,0,108,3
2020-04-28,Modoc,049,8938,0,0,0,0,0
2020-04-28,Mono,051,14174,31,25,0,25,1
2020-04-28,Monterey,053,433212,260,191,0,191,5
2020-04-28,Napa,055,140530,80,67,0,67,2
2020-04-28,Nevada,057,99092,41,41,1,42,1
2020-04-28,Orange,059,3164182,3636,2324,25,2349,42
2020-04-28,Placer,061,380077,166,143,0,143,8
2020-04-28,Plumas,063,18699,4,4,0,4,0
2020-04-28,Riverside,065,2383286,4781,3504,15,3519,113
2020-04-28,Sacramento,067,1510023,1109,1044,0,1044,41
2020-04-28,San Benito,069,59416,52,46,0,46,2
2020-04-28,San Bernardino,071,2135413,2507,1891,1,1892,89
2020-04-28,San Diego,073,3302833,4335,3316,0,3316,118
2020-04-28,San Francisco,075,870044,1801,1471,0,1471,23
2020-04-28,San Joaquin,077,732212,587,532,3,535,25
2020-04-28,San Luis Obispo,079,281455,255,172,3,175,1
2020-04-28,San Mateo,081,765935,1419,1129,2,1131,48
2020-04-28,Santa Barbara,083,443738,524,469,2,471,7
2020-04-28,Santa Clara,085,1922200,2595,2130,8,2138,106
2020-04-28,Santa Cruz,087,273765,142,123,0,123,2
2020-04-28,Shasta,089,179085,38,29,0,29,4
2020-04-28,Sierra,091,2930,0,0,0,0,0
2020-04-28,Siskiyou,093,43540,5,5,0,5,0
2020-04-28,Solano,095,438530,294,246,0,246,3
2020-04-28,Sonoma,097,501317,279,226,0,226,1
2020-04-28,Stanislaus,099,539301,437,330,4,334,5
2020-04-28,Sutter,101,95872,31,25,0,25,2
2020-04-28,Tehama,103,63373,1,1,0,1,1
2020-04-28,Trinity,105,12862,1,0,0,0,0
2020-04-28,Tulare,107,460477,960,579,5,584,30
2020-04-28,Tuolumne,109,53932,3,4,0,4,0
2020-04-28,Ventura,111,848112,677,517,1,518,17
2020-04-28,Yolo,113,214977,185,160,0,160,10
2020-04-28,Yuba,115,75493,19,15,0,15,1
2020-04-27,Alameda,001,1643700,1808,1494,2,1496,53
2020-04-27,Alpine,002,1148,1,1,0,1,0
2020-04-27,Amador,005,37829,8,8,0,8,0
2020-04-27,Butte,007,227075,29,16,3,19,0
2020-04-27,Calaveras,009,45235,13,13,0,13,0
2020-04-27,Colusa,011,21464,3,3,0,3,0
2020-04-27,Contra Costa,013,1133247,983,843,0,843,25
2020-04-27,Del Norte,015,27424,4,3,0,3,0
2020-04-27,El Dorado,017,186661,60,43,0,43,0
2020-04-27,Fresno,019,978130,956,504,8,512,7
2020-04-27,Glenn,021,27897,5,4,0,4,0
2020-04-27,Humboldt,023,135768,59,52,0,52,0
2020-04-27,Imperial,025,180216,485,290,0,290,6
2020-04-27,Inyo,027,18085,19,20,0,20,1
2020-04-27,Kern,029,883053,1125,865,1,866,4
2020-04-27,Kings,031,150075,204,48,0,48,1
2020-04-27,Lake,033,64148,8,6,0,6,0
2020-04-27,Lassen,035,31185,3,0,2,2,0
2020-04-27,Los Angeles,037,10098052,27448,20456,17,20473,931
2020-04-27,Madera,039,155013,84,42,1,43,2
2020-04-27,Marin,041,260295,244,227,1,228,12
2020-04-27,Mariposa,043,17540,14,0,0,0,0
2020-04-27,Mendocino,045,87422,12,10,0,10,0
2020-04-27,Merced,047,269075,185,108,0,108,3
2020-04-27,Modoc,049,8938,0,0,0,0,0
2020-04-27,Mono,051,14174,31,23,0,23,1
2020-04-27,Monterey,053,433212,253,185,0,185,4
2020-04-27,Napa,055,140530,77,64,0,64,2
2020-04-27,Nevada,057,99092,41,39,1,40,1
2020-04-27,Orange,059,3164182,3467,2198,25,2223,42
2020-04-27,Placer,061,380077,166,142,0,142,8
2020-04-27,Plumas,063,18699,4,4,0,4,0
2020-04-27,Riverside,065,2383286,4658,3381,15,3396,100
2020-04-27,Sacramento,067,1510023,1094,1035,0,1035,41
2020-04-27,San Benito,069,59416,50,45,0,45,2
2020-04-27,San Bernardino,071,2135413,2393,1742,1,1743,82
2020-04-27,San Diego,073,3302833,4209,3143,0,3143,113
2020-04-27,San Francisco,075,870044,1747,1453,0,1453,23
2020-04-27,San Joaquin,077,732212,581,522,3,525,25
2020-04-27,San Luis Obispo,079,281455,247,166,3,169,1
2020-04-27,San Mateo,081,765935,1397,1092,2,1094,46
2020-04-27,Santa Barbara,083,443738,516,466,2,468,7
2020-04-27,Santa Clara,085,1922200,2570,2104,7,2111,105
2020-04-27,Santa Cruz,087,273765,142,123,0,123,2
2020-04-27,Shasta,089,179085,38,29,0,29,4
2020-04-27,Sierra,091,2930,0,0,0,0,0
2020-04-27,Siskiyou,093,43540,5,5,0,5,0
2020-04-27,Solano,095,438530,294,222,0,222,3
2020-04-27,Sonoma,097,501317,270,220,0,220,1
2020-04-27,Stanislaus,099,539301,421,316,4,320,5
2020-04-27,Sutter,101,95872,29,26,0,26,2
2020-04-27,Tehama,103,63373,1,1,0,1,1
2020-04-27,Trinity,105,12862,1,0,0,0,0
2020-04-27,Tulare,107,460477,889,535,5,540,28
2020-04-27,Tuolumne,109,53932,3,3,0,3,0
2020-04-27,Ventura,111,848112,658,513,1,514,17
2020-04-27,Yolo,113,214977,182,160,0,160,9
2020-04-27,Yuba,115,75493,19,15,0,15,1
2020-04-26,Alameda,001,1643700,1747,1449,2,1451,52
2020-04-26,Alpine,002,1148,1,1,0,1,0
2020-04-26,Amador,005,37829,8,8,0,8,0
2020-04-26,Butte,007,227075,29,16,3,19,0
2020-04-26,Calaveras,009,45235,13,13,0,13,0
2020-04-26,Colusa,011,21464,3,3,0,3,0
2020-04-26,Contra Costa,013,1133247,967,830,0,830,25
2020-04-26,Del Norte,015,27424,3,3,0,3,0
2020-04-26,El Dorado,017,186661,58,41,0,41,0
2020-04-26,Fresno,019,978130,862,476,7,483,7
2020-04-26,Glenn,021,27897,5,4,0,4,0
2020-04-26,Humboldt,023,135768,59,53,0,53,0
2020-04-26,Imperial,025,180216,450,272,0,272,6
2020-04-26,Inyo,027,18085,19,20,0,20,1
2020-04-26,Kern,029,883053,1075,831,1,832,4
2020-04-26,Kings,031,150075,179,33,0,33,1
2020-04-26,Lake,033,64148,8,6,0,6,0
2020-04-26,Lassen,035,31185,3,0,2,2,0
2020-04-26,Los Angeles,037,10098052,26294,19570,17,19587,901
2020-04-26,Madera,039,155013,82,39,1,40,2
2020-04-26,Marin,041,260295,238,225,1,226,12
2020-04-26,Mariposa,043,17540,14,0,0,0,0
2020-04-26,Mendocino,045,87422,12,5,0,5,0
2020-04-26,Merced,047,269075,169,104,0,104,3
2020-04-26,Modoc,049,8938,0,0,0,0,0
2020-04-26,Mono,051,14174,31,23,0,23,1
2020-04-26,Monterey,053,433212,246,182,0,182,4
2020-04-26,Napa,055,140530,76,62,0,62,2
2020-04-26,Nevada,057,99092,41,37,1,38,1
2020-04-26,Orange,059,3164182,3302,2124,25,2149,40
2020-04-26,Placer,061,380077,165,141,0,141,8
2020-04-26,Plumas,063,18699,4,4,0,4,0
2020-04-26,Riverside,065,2383286,4515,3301,15,3316,95
2020-04-26,Sacramento,067,1510023,1085,1027,0,1027,41
2020-04-26,San Benito,069,59416,50,45,0,45,2
2020-04-26,San Bernardino,071,2135413,2297,1681,1,1682,82
2020-04-26,San Diego,073,3302833,4067,3045,0,3045,111
2020-04-26,San Francisco,075,870044,1708,1403,0,1403,23
2020-04-26,San Joaquin,077,732212,573,514,3,517,25
2020-04-26,San Luis Obispo,079,281455,244,165,3,168,1
2020-04-26,San Mateo,081,765935,1371,1070,2,1072,46
2020-04-26,Santa Barbara,083,443738,509,464,2,466,7
2020-04-26,Santa Clara,085,1922200,2547,2097,6,2103,102
2020-04-26,Santa Cruz,087,273765,142,116,0,116,2
2020-04-26,Shasta,089,179085,35,29,0,29,4
2020-04-26,Sierra,091,2930,0,0,0,0,0
2020-04-26,Siskiyou,093,43540,5,5,0,5,0
2020-04-26,Solano,095,438530,285,205,0,205,3
2020-04-26,Sonoma,097,501317,259,216,0,216,1
2020-04-26,Stanislaus,099,539301,406,294,4,298,4
2020-04-26,Sutter,101,95872,29,26,0,26,2
2020-04-26,Tehama,103,63373,1,1,0,1,1
2020-04-26,Trinity,105,12862,1,0,0,0,0
2020-04-26,Tulare,107,460477,830,497,5,502,28
2020-04-26,Tuolumne,109,53932,3,3,0,3,0
2020-04-26,Ventura,111,848112,640,509,1,510,17
2020-04-26,Yolo,113,214977,181,158,0,158,8
2020-04-26,Yuba,115,75493,18,15,0,15,1
2020-04-25,Alameda,001,1643700,1722,1396,2,1398,52
2020-04-25,Alpine,002,1148,1,1,0,1,0
2020-04-25,Amador,005,37829,8,8,0,8,0
2020-04-25,Butte,007,227075,28,16,3,19,0
2020-04-25,Calaveras,009,45235,13,12,0,12,0
2020-04-25,Colusa,011,21464,3,3,0,3,0
2020-04-25,Contra Costa,013,1133247,953,821,0,821,24
2020-04-25,Del Norte,015,27424,2,2,0,2,0
2020-04-25,El Dorado,017,186661,57,41,0,41,0
2020-04-25,Fresno,019,978130,830,459,6,465,7
2020-04-25,Glenn,021,27897,5,4,0,4,0
2020-04-25,Humboldt,023,135768,59,53,0,53,0
2020-04-25,Imperial,025,180216,433,232,0,232,6
2020-04-25,Inyo,027,18085,19,20,0,20,1
2020-04-25,Kern,029,883053,1044,802,1,803,4
2020-04-25,Kings,031,150075,167,33,0,33,1
2020-04-25,Lake,033,64148,6,6,0,6,0
2020-04-25,Lassen,035,31185,3,0,2,2,0
2020-04-25,Los Angeles,037,10098052,25661,19144,17,19161,881
2020-04-25,Madera,039,155013,79,39,1,40,2
2020-04-25,Marin,041,260295,238,215,1,216,12
2020-04-25,Mariposa,043,17540,14,0,0,0,0
2020-04-25,Mendocino,045,87422,11,5,0,5,0
2020-04-25,Merced,047,269075,167,103,0,103,3
2020-04-25,Modoc,049,8938,0,0,0,0,0
2020-04-25,Mono,051,14174,31,23,0,23,1
2020-04-25,Monterey,053,433212,244,173,0,173,4
2020-04-25,Napa,055,140530,76,60,0,60,2
2020-04-25,Nevada,057,99092,41,37,1,38,1
2020-04-25,Orange,059,3164182,3194,2047,25,2072,40
2020-04-25,Placer,061,380077,165,137,0,137,8
2020-04-25,Plumas,063,18699,4,4,0,4,0
2020-04-25,Riverside,065,2383286,4425,3037,15,3052,93
2020-04-25,Sacramento,067,1510023,1083,1015,0,1015,41
2020-04-25,San Benito,069,59416,50,45,0,45,2
2020-04-25,San Bernardino,071,2135413,2251,1675,1,1676,82
2020-04-25,San Diego,073,3302833,3966,2945,0,2945,111
2020-04-25,San Francisco,075,870044,1683,1341,0,1341,22
2020-04-25,San Joaquin,077,732212,566,497,3,500,24
2020-04-25,San Luis Obispo,079,281455,243,159,3,162,1
2020-04-25,San Mateo,081,765935,1353,1054,2,1056,46
2020-04-25,Santa Barbara,083,443738,502,457,2,459,7
2020-04-25,Santa Clara,085,1922200,2525,2045,5,2050,99
2020-04-25,Santa Cruz,087,273765,142,112,0,112,2
2020-04-25,Shasta,089,179085,35,29,0,29,4
2020-04-25,Sierra,091,2930,0,0,0,0,0
2020-04-25,Siskiyou,093,43540,5,5,0,5,0
2020-04-25,Solano,095,438530,281,203,0,203,3
2020-04-25,Sonoma,097,501317,254,199,0,199,1
2020-04-25,Stanislaus,099,539301,398,276,4,280,4
2020-04-25,Sutter,101,95872,29,24,0,24,2
2020-04-25,Tehama,103,63373,1,1,0,1,1
2020-04-25,Trinity,105,12862,0,0,0,0,0
2020-04-25,Tulare,107,460477,797,478,5,483,28
2020-04-25,Tuolumne,109,53932,3,2,0,2,0
2020-04-25,Ventura,111,848112,626,494,1,495,16
2020-04-25,Yolo,113,214977,181,157,0,157,8
2020-04-25,Yuba,115,75493,17,15,0,15,1
2020-04-24,Alameda,001,1643700,1691,1385,2,1387,50
2020-04-24,Alpine,002,1148,1,1,0,1,0
2020-04-24,Amador,005,37829,8,8,0,8,0
2020-04-24,Butte,007,227075,27,15,3,18,0
2020-04-24,Calaveras,009,45235,13,12,0,12,0
2020-04-24,Colusa,011,21464,3,3,0,3,0
2020-04-24,Contra Costa,013,1133247,944,806,0,806,23
2020-04-24,Del Norte,015,27424,2,2,0,2,0
2020-04-24,El Dorado,017,186661,56,41,0,41,0
2020-04-24,Fresno,019,978130,807,449,6,455,7
2020-04-24,Glenn,021,27897,5,4,0,4,0
2020-04-24,Humboldt,023,135768,59,53,0,53,0
2020-04-24,Imperial,025,180216,416,232,0,232,6
2020-04-24,Inyo,027,18085,19,20,0,20,0
2020-04-24,Kern,029,883053,1020,770,1,771,4
2020-04-24,Kings,031,150075,138,30,0,30,1
2020-04-24,Lake,033,64148,6,6,0,6,0
2020-04-24,Lassen,035,31185,3,0,2,2,0
2020-04-24,Los Angeles,037,10098052,24731,18553,17,18570,836
2020-04-24,Madera,039,155013,79,39,1,40,2
2020-04-24,Marin,041,260295,238,211,1,212,11
2020-04-24,Mariposa,043,17540,8,0,0,0,0
2020-04-24,Mendocino,045,87422,11,5,0,5,0
2020-04-24,Merced,047,269075,164,102,0,102,3
2020-04-24,Modoc,049,8938,0,0,0,0,0
2020-04-24,Mono,051,14174,30,23,0,23,1
2020-04-24,Monterey,053,433212,237,167,0,167,4
2020-04-24,Napa,055,140530,75,59,0,59,2
2020-04-24,Nevada,057,99092,41,36,1,37,1
2020-04-24,Orange,059,3164182,3087,1945,25,1970,39
2020-04-24,Placer,061,380077,163,137,0,137,8
2020-04-24,Plumas,063,18699,4,4,0,4,0
2020-04-24,Riverside,065,2383286,4344,3044,15,3059,87
2020-04-24,Sacramento,067,1510023,1077,1009,0,1009,41
2020-04-24,San Benito,069,59416,50,45,0,45,2
2020-04-24,San Bernardino,071,2135413,2216,1667,1,1668,80
2020-04-24,San Diego,073,3302833,3855,2828,0,2828,102
2020-04-24,San Francisco,075,870044,1625,1345,0,1345,22
2020-04-24,San Joaquin,077,732212,559,484,3,487,24
2020-04-24,San Luis Obispo,079,281455,240,151,3,154,1
2020-04-24,San Mateo,081,765935,1330,1004,2,1006,43
2020-04-24,Santa Barbara,083,443738,496,450,2,452,6
2020-04-24,Santa Clara,085,1922200,2483,2026,5,2031,98
2020-04-24,Santa Cruz,087,273765,138,111,0,111,2
2020-04-24,Shasta,089,179085,35,28,0,28,4
2020-04-24,Sierra,091,2930,0,0,0,0,0
2020-04-24,Siskiyou,093,43540,5,5,0,5,0
2020-04-24,Solano,095,438530,279,203,0,203,3
2020-04-24,Sonoma,097,501317,250,199,0,199,1
2020-04-24,Stanislaus,099,539301,395,273,4,277,4
2020-04-24,Sutter,101,95872,28,24,0,24,2
2020-04-24,Tehama,103,63373,1,1,0,1,1
2020-04-24,Trinity,105,12862,0,0,0,0,0
2020-04-24,Tulare,107,460477,769,459,5,464,27
2020-04-24,Tuolumne,109,53932,3,2,0,2,0
2020-04-24,Ventura,111,848112,616,489,1,490,16
2020-04-24,Yolo,113,214977,180,155,0,155,8
2020-04-24,Yuba,115,75493,16,15,0,15,1
2020-04-23,Alameda,001,1643700,1653,1336,2,1338,46
2020-04-23,Alpine,002,1148,1,1,0,1,0
2020-04-23,Amador,005,37829,8,8,0,8,0
2020-04-23,Butte,007,227075,27,15,3,18,0
2020-04-23,Calaveras,009,45235,13,12,0,12,0
2020-04-23,Colusa,011,21464,3,3,0,3,0
2020-04-23,Contra Costa,013,1133247,923,786,0,786,23
2020-04-23,Del Norte,015,27424,2,2,0,2,0
2020-04-23,El Dorado,017,186661,55,39,0,39,0
2020-04-23,Fresno,019,978130,769,426,6,432,7
2020-04-23,Glenn,021,27897,5,3,0,3,0
2020-04-23,Humboldt,023,135768,59,53,0,53,0
2020-04-23,Imperial,025,180216,397,181,0,181,4
2020-04-23,Inyo,027,18085,19,19,0,19,0
2020-04-23,Kern,029,883053,972,732,1,733,4
2020-04-23,Kings,031,150075,123,28,0,28,1
2020-04-23,Lake,033,64148,6,6,0,6,0
2020-04-23,Lassen,035,31185,3,0,2,2,0
2020-04-23,Los Angeles,037,10098052,23669,17548,16,17564,784
2020-04-23,Madera,039,155013,77,37,1,38,2
2020-04-23,Marin,041,260295,225,209,1,210,11
2020-04-23,Mariposa,043,17540,7,0,0,0,0
2020-04-23,Mendocino,045,87422,9,5,0,5,0
2020-04-23,Merced,047,269075,160,98,0,98,3
2020-04-23,Modoc,049,8938,0,0,0,0,0
2020-04-23,Mono,051,14174,30,23,0,23,1
2020-04-23,Monterey,053,433212,233,161,0,161,4
2020-04-23,Napa,055,140530,68,59,0,59,2
2020-04-23,Nevada,057,99092,41,36,1,37,1
2020-04-23,Orange,059,3164182,2908,1841,24,1865,37
2020-04-23,Placer,061,380077,160,136,0,136,8
2020-04-23,Plumas,063,18699,4,4,0,4,0
2020-04-23,Riverside,065,2383286,4230,2935,14,2949,78
2020-04-23,Sacramento,067,1510023,1065,978,0,978,41
2020-04-23,San Benito,069,59416,47,43,0,43,2
2020-04-23,San Bernardino,071,2135413,2151,1604,1,1605,79
2020-04-23,San Diego,073,3302833,3694,2645,0,2645,100
2020-04-23,San Francisco,075,870044,1600,1312,0,1312,21
2020-04-23,San Joaquin,077,732212,549,479,3,482,20
2020-04-23,San Luis Obispo,079,281455,236,146,3,149,1
2020-04-23,San Mateo,081,765935,1291,970,2,972,42
2020-04-23,Santa Barbara,083,443738,490,445,2,447,6
2020-04-23,Santa Clara,085,1922200,2448,1996,5,2001,95
2020-04-23,Santa Cruz,087,273765,137,110,0,110,2
2020-04-23,Shasta,089,179085,35,27,0,27,3
2020-04-23,Sierra,091,2930,0,0,0,0,0
2020-04-23,Siskiyou,093,43540,5,5,0,5,0
2020-04-23,Solano,095,438530,265,196,0,196,3
2020-04-23,Sonoma,097,501317,238,187,0,187,1
2020-04-23,Stanislaus,099,539301,391,254,4,258,4
2020-04-23,Sutter,101,95872,28,24,0,24,2
2020-04-23,Tehama,103,63373,1,1,0,1,1
2020-04-23,Trinity,105,12862,0,0,0,0,0
2020-04-23,Tulare,107,460477,740,440,5,445,25
2020-04-23,Tuolumne,109,53932,3,2,0,2,0
2020-04-23,Ventura,111,848112,602,479,1,480,16
2020-04-23,Yolo,113,214977,177,151,0,151,8
2020-04-23,Yuba,115,75493,16,15,0,15,1
2020-04-22,Alameda,001,1643700,1604,1275,2,1277,46
2020-04-22,Alpine,002,1148,1,1,0,1,0
2020-04-22,Amador,005,37829,8,7,0,7,0
2020-04-22,Butte,007,227075,26,15,3,18,0
2020-04-22,Calaveras,009,45235,13,12,0,12,0
2020-04-22,Colusa,011,21464,3,3,0,3,0
2020-04-22,Contra Costa,013,1133247,908,772,0,772,22
2020-04-22,Del Norte,015,27424,2,2,0,2,0
2020-04-22,El Dorado,017,186661,55,39,0,39,0
2020-04-22,Fresno,019,978130,729,388,6,394,7
2020-04-22,Glenn,021,27897,5,3,0,3,0
2020-04-22,Humboldt,023,135768,59,53,0,53,0
2020-04-22,Imperial,025,180216,386,170,0,170,3
2020-04-22,Inyo,027,18085,19,18,0,18,0
2020-04-22,Kern,029,883053,950,713,1,714,4
2020-04-22,Kings,031,150075,102,28,0,28,1
2020-04-22,Lake,033,64148,6,6,0,6,0
2020-04-22,Lassen,035,31185,3,0,2,2,0
2020-04-22,Los Angeles,037,10098052,22643,16400,16,16416,715
2020-04-22,Madera,039,155013,75,37,1,38,2
2020-04-22,Marin,041,260295,223,202,1,203,11
2020-04-22,Mariposa,043,17540,6,0,0,0,0
2020-04-22,Mendocino,045,87422,6,5,0,5,0
2020-04-22,Merced,047,269075,146,92,0,92,3
2020-04-22,Modoc,049,8938,0,0,0,0,0
2020-04-22,Mono,051,14174,29,23,0,23,1
2020-04-22,Monterey,053,433212,226,154,0,154,4
2020-04-22,Napa,055,140530,67,58,0,58,2
2020-04-22,Nevada,057,99092,41,36,1,37,1
2020-04-22,Orange,059,3164182,2814,1785,23,1808,36
2020-04-22,Placer,061,380077,158,133,0,133,8
2020-04-22,Plumas,063,18699,4,4,0,4,0
2020-04-22,Riverside,065,2383286,4126,2822,14,2836,76
2020-04-22,Sacramento,067,1510023,1060,959,0,959,36
2020-04-22,San Benito,069,59416,46,43,0,43,2
2020-04-22,San Bernardino,071,2135413,2088,1564,1,1565,74
2020-04-22,San Diego,073,3302833,3566,2493,0,2493,96
2020-04-22,San Francisco,075,870044,1563,1255,0,1255,21
2020-04-22,San Joaquin,077,732212,538,462,3,465,20
2020-04-22,San Luis Obispo,079,281455,227,142,3,145,1
2020-04-22,San Mateo,081,765935,1268,945,2,947,40
2020-04-22,Santa Barbara,083,443738,485,437,2,439,6
2020-04-22,Santa Clara,085,1922200,2432,1969,5,1974,95
2020-04-22,Santa Cruz,087,273765,133,106,0,106,2
2020-04-22,Shasta,089,179085,34,26,0,26,3
2020-04-22,Sierra,091,2930,0,0,0,0,0
2020-04-22,Siskiyou,093,43540,5,5,0,5,0
2020-04-22,Solano,095,438530,247,195,0,195,3
2020-04-22,Sonoma,097,501317,235,185,0,185,1
2020-04-22,Stanislaus,099,539301,334,247,4,251,4
2020-04-22,Sutter,101,95872,28,22,0,22,2
2020-04-22,Tehama,103,63373,1,1,0,1,1
2020-04-22,Trinity,105,12862,0,0,0,0,0
2020-04-22,Tulare,107,460477,706,425,5,430,23
2020-04-22,Tuolumne,109,53932,3,2,0,2,0
2020-04-22,Ventura,111,848112,591,465,1,466,15
2020-04-22,Yolo,113,214977,176,147,0,147,8
2020-04-22,Yuba,115,75493,16,15,0,15,1
2020-04-21,Alameda,001,1643700,1574,1234,2,1236,46
2020-04-21,Alpine,002,1148,1,1,0,1,0
2020-04-21,Amador,005,37829,8,7,0,7,0
2020-04-21,Butte,007,227075,25,15,3,18,0
2020-04-21,Calaveras,009,45235,12,12,0,12,0
2020-04-21,Colusa,011,21464,3,3,0,3,0
2020-04-21,Contra Costa,013,1133247,894,766,0,766,22
2020-04-21,Del Norte,015,27424,2,2,0,2,0
2020-04-21,El Dorado,017,186661,54,36,0,36,0
2020-04-21,Fresno,019,978130,695,372,6,378,7
2020-04-21,Glenn,021,27897,5,3,0,3,0
2020-04-21,Humboldt,023,135768,58,53,0,53,0
2020-04-21,Imperial,025,180216,366,165,0,165,2
2020-04-21,Inyo,027,18085,19,18,0,18,0
2020-04-21,Kern,029,883053,908,676,1,677,4
2020-04-21,Kings,031,150075,88,28,0,28,1
2020-04-21,Lake,033,64148,6,6,0,6,0
2020-04-21,Lassen,035,31185,3,0,2,2,0
2020-04-21,Los Angeles,037,10098052,21780,15096,16,15112,650
2020-04-21,Madera,039,155013,75,37,1,38,2
2020-04-21,Marin,041,260295,217,202,1,203,10
2020-04-21,Mariposa,043,17540,5,0,0,0,0
2020-04-21,Mendocino,045,87422,6,5,0,5,0
2020-04-21,Merced,047,269075,142,89,0,89,3
2020-04-21,Modoc,049,8938,0,0,0,0,0
2020-04-21,Mono,051,14174,29,23,0,23,1
2020-04-21,Monterey,053,433212,223,151,0,151,4
2020-04-21,Napa,055,140530,66,58,0,58,2
2020-04-21,Nevada,057,99092,41,36,1,37,1
2020-04-21,Orange,059,3164182,2691,1717,22,1739,36
2020-04-21,Placer,061,380077,156,133,0,133,8
2020-04-21,Plumas,063,18699,4,4,0,4,0
2020-04-21,Riverside,065,2383286,3994,2631,14,2645,68
2020-04-21,Sacramento,067,1510023,1050,941,0,941,33
2020-04-21,San Benito,069,59416,44,43,0,43,2
2020-04-21,San Bernardino,071,2135413,2028,1499,1,1500,71
2020-04-21,San Diego,073,3302833,3410,2436,0,2436,87
2020-04-21,San Francisco,075,870044,1533,1232,0,1232,20
2020-04-21,San Joaquin,077,732212,528,447,3,450,20
2020-04-21,San Luis Obispo,079,281455,219,134,3,137,1
2020-04-21,San Mateo,081,765935,1222,933,2,935,34
2020-04-21,Santa Barbara,083,443738,476,414,2,416,5
2020-04-21,Santa Clara,085,1922200,2382,1943,5,1948,91
2020-04-21,Santa Cruz,087,273765,131,104,0,104,2
2020-04-21,Shasta,089,179085,33,26,0,26,3
2020-04-21,Sierra,091,2930,0,0,0,0,0
2020-04-21,Siskiyou,093,43540,5,5,0,5,0
2020-04-21,Solano,095,438530,239,193,0,193,3
2020-04-21,Sonoma,097,501317,225,182,0,182,1
2020-04-21,Stanislaus,099,539301,315,235,4,239,4
2020-04-21,Sutter,101,95872,28,22,0,22,2
2020-04-21,Tehama,103,63373,1,1,0,1,1
2020-04-21,Trinity,105,12862,0,0,0,0,0
2020-04-21,Tulare,107,460477,669,410,5,415,23
2020-04-21,Tuolumne,109,53932,3,2,0,2,0
2020-04-21,Ventura,111,848112,579,455,1,456,14
2020-04-21,Yolo,113,214977,174,143,0,143,8
2020-04-21,Yuba,115,75493,16,15,0,15,1
2020-04-20,Alameda,001,1643700,1541,1181,2,1183,42
2020-04-20,Alpine,002,1148,1,1,0,1,0
2020-04-20,Amador,005,37829,8,7,0,7,0
2020-04-20,Butte,007,227075,24,15,3,18,0
2020-04-20,Calaveras,009,45235,12,12,0,12,0
2020-04-20,Colusa,011,21464,3,3,0,3,0
2020-04-20,Contra Costa,013,1133247,884,753,0,753,22
2020-04-20,Del Norte,015,27424,2,2,0,2,0
2020-04-20,El Dorado,017,186661,54,36,0,36,0
2020-04-20,Fresno,019,978130,678,356,6,362,7
2020-04-20,Glenn,021,27897,4,3,0,3,0
2020-04-20,Humboldt,023,135768,58,53,0,53,0
2020-04-20,Imperial,025,180216,347,149,0,149,2
2020-04-20,Inyo,027,18085,19,17,0,17,0
2020-04-20,Kern,029,883053,876,651,1,652,3
2020-04-20,Kings,031,150075,77,19,0,19,1
2020-04-20,Lake,033,64148,6,6,0,6,0
2020-04-20,Lassen,035,31185,3,0,2,2,0
2020-04-20,Los Angeles,037,10098052,20868,13787,15,13802,608
2020-04-20,Madera,039,155013,74,35,1,36,2
2020-04-20,Marin,041,260295,213,200,1,201,10
2020-04-20,Mariposa,043,17540,5,0,0,0,0
2020-04-20,Mendocino,045,87422,6,5,0,5,0
2020-04-20,Merced,047,269075,135,88,0,88,3
2020-04-20,Modoc,049,8938,0,0,0,0,0
2020-04-20,Mono,051,14174,29,23,0,23,1
2020-04-20,Monterey,053,433212,214,147,0,147,4
2020-04-20,Napa,055,140530,66,55,0,55,2
2020-04-20,Nevada,057,99092,41,34,1,35,1
2020-04-20,Orange,059,3164182,2607,1679,22,1701,33
2020-04-20,Placer,061,380077,155,132,0,132,8
2020-04-20,Plumas,063,18699,4,4,0,4,0
2020-04-20,Riverside,065,2383286,3869,2477,14,2491,61
2020-04-20,Sacramento,067,1510023,1040,924,0,924,32
2020-04-20,San Benito,069,59416,44,43,0,43,2
2020-04-20,San Bernardino,071,2135413,1941,1344,1,1345,63
2020-04-20,San Diego,073,3302833,3268,2327,0,2327,72
2020-04-20,San Francisco,075,870044,1501,1223,0,1223,19
2020-04-20,San Joaquin,077,732212,524,422,3,425,17
2020-04-20,San Luis Obispo,079,281455,205,132,3,135,1
2020-04-20,San Mateo,081,765935,1199,890,2,892,31
2020-04-20,Santa Barbara,083,443738,469,388,2,390,4
2020-04-20,Santa Clara,085,1922200,2351,1920,5,1925,84
2020-04-20,Santa Cruz,087,273765,129,102,0,102,2
2020-04-20,Shasta,089,179085,33,26,0,26,3
2020-04-20,Sierra,091,2930,0,0,0,0,0
2020-04-20,Siskiyou,093,43540,5,5,0,5,0
2020-04-20,Solano,095,438530,236,185,0,185,2
2020-04-20,Sonoma,097,501317,217,178,0,178,1
2020-04-20,Stanislaus,099,539301,301,228,4,232,3
2020-04-20,Sutter,101,95872,27,22,0,22,2
2020-04-20,Tehama,103,63373,1,1,0,1,1
2020-04-20,Trinity,105,12862,0,0,0,0,0
2020-04-20,Tulare,107,460477,659,401,5,406,20
2020-04-20,Tuolumne,109,53932,3,2,0,2,0
2020-04-20,Ventura,111,848112,565,426,1,427,13
2020-04-20,Yolo,113,214977,173,125,0,125,5
2020-04-20,Yuba,115,75493,16,15,0,15,1
2020-04-19,Alameda,001,1643700,1491,1134,2,1136,41
2020-04-19,Alpine,002,1148,1,1,0,1,0
2020-04-19,Amador,005,37829,7,7,0,7,0
2020-04-19,Butte,007,227075,23,15,3,18,0
2020-04-19,Calaveras,009,45235,12,12,0,12,0
2020-04-19,Colusa,011,21464,3,3,0,3,0
2020-04-19,Contra Costa,013,1133247,868,731,0,731,20
2020-04-19,Del Norte,015,27424,2,2,0,2,0
2020-04-19,El Dorado,017,186661,54,36,0,36,0
2020-04-19,Fresno,019,978130,642,326,6,332,7
2020-04-19,Glenn,021,27897,4,3,0,3,0
2020-04-19,Humboldt,023,135768,58,53,0,53,0
2020-04-19,Imperial,025,180216,319,144,0,144,2
2020-04-19,Inyo,027,18085,19,17,0,17,0
2020-04-19,Kern,029,883053,851,629,1,630,3
2020-04-19,Kings,031,150075,67,17,0,17,1
2020-04-19,Lake,033,64148,6,6,0,6,0
2020-04-19,Lassen,035,31185,3,0,2,2,0
2020-04-19,Los Angeles,037,10098052,19861,12299,15,12314,589
2020-04-19,Madera,039,155013,72,34,1,35,2
2020-04-19,Marin,041,260295,212,194,1,195,10
2020-04-19,Mariposa,043,17540,2,0,0,0,0
2020-04-19,Mendocino,045,87422,6,4,0,4,0
2020-04-19,Merced,047,269075,130,85,0,85,3
2020-04-19,Modoc,049,8938,0,0,0,0,0
2020-04-19,Mono,051,14174,29,23,0,23,1
2020-04-19,Monterey,053,433212,205,140,0,140,4
2020-04-19,Napa,055,140530,64,49,0,49,2
2020-04-19,Nevada,057,99092,40,34,1,35,1
2020-04-19,Orange,059,3164182,2510,1591,21,1612,32
2020-04-19,Placer,061,380077,154,131,0,131,8
2020-04-19,Plumas,063,18699,4,4,0,4,0
2020-04-19,Riverside,065,2383286,3726,2316,14,2330,56
2020-04-19,Sacramento,067,1510023,1013,912,0,912,32
2020-04-19,San Benito,069,59416,42,40,0,40,2
2020-04-19,San Bernardino,071,2135413,1878,1262,1,1263,58
2020-04-19,San Diego,073,3302833,3101,2270,0,2270,71
2020-04-19,San Francisco,075,870044,1468,1153,0,1153,19
2020-04-19,San Joaquin,077,732212,506,404,3,407,17
2020-04-19,San Luis Obispo,079,281455,200,132,3,135,1
2020-04-19,San Mateo,081,765935,1163,845,2,847,31
2020-04-19,Santa Barbara,083,443738,462,377,2,379,3
2020-04-19,Santa Clara,085,1922200,2306,1878,5,1883,81
2020-04-19,Santa Cruz,087,273765,126,98,0,98,2
2020-04-19,Shasta,089,179085,31,26,0,26,3
2020-04-19,Sierra,091,2930,0,0,0,0,0
2020-04-19,Siskiyou,093,43540,5,5,0,5,0
2020-04-19,Solano,095,438530,228,174,0,174,2
2020-04-19,Sonoma,097,501317,211,172,0,172,1
2020-04-19,Stanislaus,099,539301,293,221,4,225,3
2020-04-19,Sutter,101,95872,26,21,0,21,2
2020-04-19,Tehama,103,63373,1,1,0,1,1
2020-04-19,Trinity,105,12862,0,0,0,0,0
2020-04-19,Tulare,107,460477,613,391,5,396,17
2020-04-19,Tuolumne,109,53932,3,2,0,2,0
2020-04-19,Ventura,111,848112,557,418,1,419,13
2020-04-19,Yolo,113,214977,173,120,0,120,5
2020-04-19,Yuba,115,75493,16,15,0,15,1
2020-04-18,Alameda,001,1643700,1466,1085,2,1087,40
2020-04-18,Alpine,002,1148,1,1,0,1,0
2020-04-18,Amador,005,37829,7,7,0,7,0
2020-04-18,Butte,007,227075,22,15,3,18,0
2020-04-18,Calaveras,009,45235,12,12,0,12,0
2020-04-18,Colusa,011,21464,3,3,0,3,0
2020-04-18,Contra Costa,013,1133247,856,721,0,721,17
2020-04-18,Del Norte,015,27424,2,2,0,2,0
2020-04-18,El Dorado,017,186661,54,36,0,36,0
2020-04-18,Fresno,019,978130,621,319,6,325,7
2020-04-18,Glenn,021,27897,4,3,0,3,0
2020-04-18,Humboldt,023,135768,58,52,0,52,0
2020-04-18,Imperial,025,180216,309,137,0,137,2
2020-04-18,Inyo,027,18085,19,17,0,17,0
2020-04-18,Kern,029,883053,829,626,1,627,3
2020-04-18,Kings,031,150075,66,17,0,17,1
2020-04-18,Lake,033,64148,6,6,0,6,0
2020-04-18,Lassen,035,31185,3,0,2,2,0
2020-04-18,Los Angeles,037,10098052,19332,11984,15,11999,566
2020-04-18,Madera,039,155013,71,34,1,35,2
2020-04-18,Marin,041,260295,210,193,1,194,10
2020-04-18,Mariposa,043,17540,2,0,0,0,0
2020-04-18,Mendocino,045,87422,6,4,0,4,0
2020-04-18,Merced,047,269075,128,82,0,82,3
2020-04-18,Modoc,049,8938,0,0,0,0,0
2020-04-18,Mono,051,14174,29,22,0,22,1
2020-04-18,Monterey,053,433212,201,135,0,135,3
2020-04-18,Napa,055,140530,64,49,0,49,2
2020-04-18,Nevada,057,99092,39,34,1,35,1
2020-04-18,Orange,059,3164182,2445,1569,20,1589,32
2020-04-18,Placer,061,380077,152,130,0,130,8
2020-04-18,Plumas,063,18699,4,4,0,4,0
2020-04-18,Riverside,065,2383286,3651,2257,14,2271,56
2020-04-18,Sacramento,067,1510023,1001,901,0,901,32
2020-04-18,San Benito,069,59416,42,40,0,40,2
2020-04-18,San Bernardino,071,2135413,1833,1255,1,1256,58
2020-04-18,San Diego,073,3302833,2999,2215,0,2215,71
2020-04-18,San Francisco,075,870044,1429,1144,0,1144,19
2020-04-18,San Joaquin,077,732212,497,392,3,395,17
2020-04-18,San Luis Obispo,079,281455,196,129,3,132,1
2020-04-18,San Mateo,081,765935,1141,821,2,823,31
2020-04-18,Santa Barbara,083,443738,456,372,2,374,3
2020-04-18,Santa Clara,085,1922200,2273,1862,5,1867,79
2020-04-18,Santa Cruz,087,273765,124,96,0,96,2
2020-04-18,Shasta,089,179085,31,26,0,26,3
2020-04-18,Sierra,091,2930,0,0,0,0,0
2020-04-18,Siskiyou,093,43540,5,5,0,5,0
2020-04-18,Solano,095,438530,225,175,0,175,2
2020-04-18,Sonoma,097,501317,207,168,0,168,1
2020-04-18,Stanislaus,099,539301,285,216,4,220,3
2020-04-18,Sutter,101,95872,26,21,0,21,2
2020-04-18,Tehama,103,63373,1,1,0,1,1
2020-04-18,Trinity,105,12862,0,0,0,0,0
2020-04-18,Tulare,107,460477,602,385,5,390,17
2020-04-18,Tuolumne,109,53932,3,2,0,2,0
2020-04-18,Ventura,111,848112,549,416,1,417,13
2020-04-18,Yolo,113,214977,171,118,0,118,5
2020-04-18,Yuba,115,75493,16,14,0,14,1
2020-04-17,Alameda,001,1643700,1411,1043,1,1044,40
2020-04-17,Alpine,002,1148,1,1,0,1,0
2020-04-17,Amador,005,37829,7,7,0,7,0
2020-04-17,Butte,007,227075,22,15,3,18,0
2020-04-17,Calaveras,009,45235,12,11,0,11,0
2020-04-17,Colusa,011,21464,3,3,0,3,0
2020-04-17,Contra Costa,013,1133247,845,687,0,687,15
2020-04-17,Del Norte,015,27424,2,2,0,2,0
2020-04-17,El Dorado,017,186661,54,35,0,35,0
2020-04-17,Fresno,019,978130,599,315,6,321,7
2020-04-17,Glenn,021,27897,4,3,0,3,0
2020-04-17,Humboldt,023,135768,57,52,0,52,0
2020-04-17,Imperial,025,180216,300,135,0,135,2
2020-04-17,Inyo,027,18085,19,17,0,17,0
2020-04-17,Kern,029,883053,809,612,1,613,3
2020-04-17,Kings,031,150075,64,15,0,15,1
2020-04-17,Lake,033,64148,6,6,0,6,0
2020-04-17,Lassen,035,31185,3,0,2,2,0
2020-04-17,Los Angeles,037,10098052,18692,11354,15,11369,489
2020-04-17,Madera,039,155013,71,34,1,35,2
2020-04-17,Marin,041,260295,207,189,1,190,10
2020-04-17,Mariposa,043,17540,1,0,0,0,0
2020-04-17,Mendocino,045,87422,6,4,0,4,0
2020-04-17,Merced,047,269075,127,80,0,80,3
2020-04-17,Modoc,049,8938,0,0,0,0,0
2020-04-17,Mono,051,14174,29,22,0,22,1
2020-04-17,Monterey,053,433212,196,119,0,119,3
2020-04-17,Napa,055,140530,62,46,0,46,2
2020-04-17,Nevada,057,99092,38,34,1,35,1
2020-04-17,Orange,059,3164182,2394,1496,20,1516,31
2020-04-17,Placer,061,380077,152,130,0,130,8
2020-04-17,Plumas,063,18699,4,4,0,4,0
2020-04-17,Riverside,065,2383286,3524,2080,14,2094,50
2020-04-17,Sacramento,067,1510023,994,882,0,882,32
2020-04-17,San Benito,069,59416,42,38,0,38,2
2020-04-17,San Bernardino,071,2135413,1794,1229,1,1230,57
2020-04-17,San Diego,073,3302833,2909,2160,0,2160,70
2020-04-17,San Francisco,075,870044,1404,1090,0,1090,19
2020-04-17,San Joaquin,077,732212,486,356,3,359,17
2020-04-17,San Luis Obispo,079,281455,189,116,3,119,1
2020-04-17,San Mateo,081,765935,1125,768,2,770,31
2020-04-17,Santa Barbara,083,443738,451,349,2,351,3
2020-04-17,Santa Clara,085,1922200,2237,1834,5,1839,74
2020-04-17,Santa Cruz,087,273765,123,94,0,94,2
2020-04-17,Shasta,089,179085,31,26,0,26,3
2020-04-17,Sierra,091,2930,0,0,0,0,0
2020-04-17,Siskiyou,093,43540,5,5,0,5,0
2020-04-17,Solano,095,438530,224,173,0,173,2
2020-04-17,Sonoma,097,501317,204,167,0,167,1
2020-04-17,Stanislaus,099,539301,283,201,4,205,3
2020-04-17,Sutter,101,95872,26,20,0,20,2
2020-04-17,Tehama,103,63373,1,1,0,1,1
2020-04-17,Trinity,105,12862,0,0,0,0,0
2020-04-17,Tulare,107,460477,595,370,5,375,17
2020-04-17,Tuolumne,109,53932,3,2,0,2,0
2020-04-17,Ventura,111,848112,544,398,1,399,13
2020-04-17,Yolo,113,214977,170,117,0,117,5
2020-04-17,Yuba,115,75493,16,14,0,14,1
2020-04-16,Alameda,001,1643700,1378,981,1,982,39
2020-04-16,Alpine,002,1148,1,1,0,1,0
2020-04-16,Amador,005,37829,7,7,0,7,0
2020-04-16,Butte,007,227075,21,15,2,17,0
2020-04-16,Calaveras,009,45235,12,10,0,10,0
2020-04-16,Colusa,011,21464,3,3,0,3,0
2020-04-16,Contra Costa,013,1133247,831,675,0,675,14
2020-04-16,Del Norte,015,27424,2,2,0,2,0
2020-04-16,El Dorado,017,186661,53,34,0,34,0
2020-04-16,Fresno,019,978130,569,289,6,295,7
2020-04-16,Glenn,021,27897,4,3,0,3,0
2020-04-16,Humboldt,023,135768,57,47,0,47,0
2020-04-16,Imperial,025,180216,285,132,0,132,2
2020-04-16,Inyo,027,18085,17,17,0,17,0
2020-04-16,Kern,029,883053,782,587,1,588,3
2020-04-16,Kings,031,150075,60,12,0,12,1
2020-04-16,Lake,033,64148,6,6,0,6,0
2020-04-16,Lassen,035,31185,3,0,2,2,0
2020-04-16,Los Angeles,037,10098052,17801,10786,15,10801,447
2020-04-16,Madera,039,155013,69,34,1,35,2
2020-04-16,Marin,041,260295,203,170,1,171,10
2020-04-16,Mariposa,043,17540,1,1,0,1,0
2020-04-16,Mendocino,045,87422,6,4,0,4,0
2020-04-16,Merced,047,269075,121,76,0,76,3
2020-04-16,Modoc,049,8938,0,0,0,0,0
2020-04-16,Mono,051,14174,29,22,0,22,1
2020-04-16,Monterey,053,433212,193,116,0,116,3
2020-04-16,Napa,055,140530,59,44,0,44,2
2020-04-16,Nevada,057,99092,38,34,1,35,1
2020-04-16,Orange,059,3164182,2329,1439,19,1458,28
2020-04-16,Placer,061,380077,150,129,0,129,7
2020-04-16,Plumas,063,18699,4,4,0,4,0
2020-04-16,Riverside,065,2383286,3404,1913,14,1927,45
2020-04-16,Sacramento,067,1510023,986,865,0,865,32
2020-04-16,San Benito,069,59416,42,36,0,36,2
2020-04-16,San Bernardino,071,2135413,1713,1143,0,1143,54
2020-04-16,San Diego,073,3302833,2801,2089,0,2089,63
2020-04-16,San Francisco,075,870044,1360,1039,0,1039,16
2020-04-16,San Joaquin,077,732212,471,345,3,348,17
2020-04-16,San Luis Obispo,079,281455,185,113,3,116,1
2020-04-16,San Mateo,081,765935,1096,745,2,747,29
2020-04-16,Santa Barbara,083,443738,440,331,2,333,3
2020-04-16,Santa Clara,085,1922200,2200,1789,5,1794,70
2020-04-16,Santa Cruz,087,273765,121,90,0,90,2
2020-04-16,Shasta,089,179085,31,25,0,25,3
2020-04-16,Sierra,091,2930,0,0,0,0,0
2020-04-16,Siskiyou,093,43540,5,5,0,5,0
2020-04-16,Solano,095,438530,221,162,0,162,2
2020-04-16,Sonoma,097,501317,199,145,0,145,1
2020-04-16,Stanislaus,099,539301,280,185,4,189,3
2020-04-16,Sutter,101,95872,25,21,0,21,2
2020-04-16,Tehama,103,63373,1,1,0,1,1
2020-04-16,Trinity,105,12862,0,0,0,0,0
2020-04-16,Tulare,107,460477,578,305,5,310,16
2020-04-16,Tuolumne,109,53932,3,1,0,1,0
2020-04-16,Ventura,111,848112,532,384,1,385,13
2020-04-16,Yolo,113,214977,168,98,0,98,4
2020-04-16,Yuba,115,75493,15,14,0,14,1
2020-04-15,Alameda,001,1643700,1328,915,1,916,38
2020-04-15,Alpine,002,1148,1,1,0,1,0
2020-04-15,Amador,005,37829,7,7,0,7,0
2020-04-15,Butte,007,227075,21,14,2,16,0
2020-04-15,Calaveras,009,45235,11,9,0,9,0
2020-04-15,Colusa,011,21464,3,3,0,3,0
2020-04-15,Contra Costa,013,1133247,809,645,0,645,14
2020-04-15,Del Norte,015,27424,2,2,0,2,0
2020-04-15,El Dorado,017,186661,51,33,0,33,0
2020-04-15,Fresno,019,978130,543,264,6,270,7
2020-04-15,Glenn,021,27897,4,3,0,3,0
2020-04-15,Humboldt,023,135768,57,47,0,47,0
2020-04-15,Imperial,025,180216,259,115,0,115,2
2020-04-15,Inyo,027,18085,17,12,0,12,0
2020-04-15,Kern,029,883053,760,500,1,501,3
2020-04-15,Kings,031,150075,56,12,0,12,1
2020-04-15,Lake,033,64148,6,4,0,4,0
2020-04-15,Lassen,035,31185,3,0,2,2,0
2020-04-15,Los Angeles,037,10098052,16978,10416,15,10431,394
2020-04-15,Madera,039,155013,69,30,1,31,2
2020-04-15,Marin,041,260295,200,162,1,163,10
2020-04-15,Mariposa,043,17540,0,0,0,0,0
2020-04-15,Mendocino,045,87422,5,4,0,4,0
2020-04-15,Merced,047,269075,119,74,0,74,3
2020-04-15,Modoc,049,8938,0,0,0,0,0
2020-04-15,Mono,051,14174,29,22,0,22,1
2020-04-15,Monterey,053,433212,185,106,0,106,3
2020-04-15,Napa,055,140530,56,34,0,34,2
2020-04-15,Nevada,057,99092,37,34,1,35,1
2020-04-15,Orange,059,3164182,2226,1377,19,1396,24
2020-04-15,Placer,061,380077,149,123,0,123,6
2020-04-15,Plumas,063,18699,4,4,0,4,0
2020-04-15,Riverside,065,2383286,3209,1723,14,1737,42
2020-04-15,Sacramento,067,1510023,977,839,0,839,32
2020-04-15,San Benito,069,59416,42,34,0,34,2
2020-04-15,San Bernardino,071,2135413,1643,1063,0,1063,45
2020-04-15,San Diego,073,3302833,2713,2014,0,2014,60
2020-04-15,San Francisco,075,870044,1324,1006,0,1006,16
2020-04-15,San Joaquin,077,732212,463,329,3,332,17
2020-04-15,San Luis Obispo,079,281455,177,112,3,115,1
2020-04-15,San Mateo,081,765935,1047,707,2,709,28
2020-04-15,Santa Barbara,083,443738,424,317,2,319,2
2020-04-15,Santa Clara,085,1922200,2161,1692,5,1697,69
2020-04-15,Santa Cruz,087,273765,117,92,0,92,2
2020-04-15,Shasta,089,179085,31,25,0,25,3
2020-04-15,Sierra,091,2930,0,0,0,0,0
2020-04-15,Siskiyou,093,43540,5,5,0,5,0
2020-04-15,Solano,095,438530,216,153,0,153,2
2020-04-15,Sonoma,097,501317,197,140,0,140,1
2020-04-15,Stanislaus,099,539301,273,174,4,178,3
2020-04-15,Sutter,101,95872,25,19,0,19,2
2020-04-15,Tehama,103,63373,1,1,0,1,1
2020-04-15,Trinity,105,12862,0,0,0,0,0
2020-04-15,Tulare,107,460477,560,289,5,294,14
2020-04-15,Tuolumne,109,53932,3,1,0,1,0
2020-04-15,Ventura,111,848112,517,365,1,366,13
2020-04-15,Yolo,113,214977,161,93,0,93,3
2020-04-15,Yuba,115,75493,15,15,0,15,1
2020-04-14,Alameda,001,1643700,1283,843,1,844,30
2020-04-14,Alpine,002,1148,1,1,0,1,0
2020-04-14,Amador,005,37829,7,6,0,6,0
2020-04-14,Butte,007,227075,21,13,2,15,0
2020-04-14,Calaveras,009,45235,11,5,0,5,0
2020-04-14,Colusa,011,21464,3,3,0,3,0
2020-04-14,Contra Costa,013,1133247,797,617,0,617,12
2020-04-14,Del Norte,015,27424,2,2,0,2,0
2020-04-14,El Dorado,017,186661,51,30,0,30,0
2020-04-14,Fresno,019,978130,520,244,6,250,6
2020-04-14,Glenn,021,27897,4,3,0,3,0
2020-04-14,Humboldt,023,135768,57,44,0,44,0
2020-04-14,Imperial,025,180216,239,86,0,86,2
2020-04-14,Inyo,027,18085,17,12,0,12,0
2020-04-14,Kern,029,883053,736,453,1,454,3
2020-04-14,Kings,031,150075,55,12,0,12,1
2020-04-14,Lake,033,64148,6,3,0,3,0
2020-04-14,Lassen,035,31185,3,0,2,2,0
2020-04-14,Los Angeles,037,10098052,16085,9948,14,9962,357
2020-04-14,Madera,039,155013,68,29,1,30,2
2020-04-14,Marin,041,260295,196,147,1,148,9
2020-04-14,Mariposa,043,17540,0,0,0,0,0
2020-04-14,Mendocino,045,87422,5,4,0,4,0
2020-04-14,Merced,047,269075,112,61,0,61,3
2020-04-14,Modoc,049,8938,0,0,0,0,0
2020-04-14,Mono,051,14174,29,22,0,22,1
2020-04-14,Monterey,053,433212,180,98,0,98,3
2020-04-14,Napa,055,140530,56,33,0,33,2
2020-04-14,Nevada,057,99092,37,34,1,35,1
2020-04-14,Orange,059,3164182,2126,1362,19,1381,24
2020-04-14,Placer,061,380077,148,117,0,117,5
2020-04-14,Plumas,063,18699,4,3,0,3,0
2020-04-14,Riverside,065,2383286,3074,1467,14,1481,40
2020-04-14,Sacramento,067,1510023,968,737,0,737,29
2020-04-14,San Benito,069,59416,39,34,0,34,2
2020-04-14,San Bernardino,071,2135413,1588,933,0,933,37
2020-04-14,San Diego,073,3302833,2618,1932,0,1932,53
2020-04-14,San Francisco,075,870044,1270,968,0,968,14
2020-04-14,San Joaquin,077,732212,453,280,3,283,17
2020-04-14,San Luis Obispo,079,281455,174,109,3,112,1
2020-04-14,San Mateo,081,765935,1013,681,2,683,28
2020-04-14,Santa Barbara,083,443738,400,292,2,294,2
2020-04-14,Santa Clara,085,1922200,2128,1561,5,1566,63
2020-04-14,Santa Cruz,087,273765,109,84,0,84,2
2020-04-14,Shasta,089,179085,31,24,0,24,3
2020-04-14,Sierra,091,2930,0,0,0,0,0
2020-04-14,Siskiyou,093,43540,5,5,0,5,0
2020-04-14,Solano,095,438530,213,140,0,140,2
2020-04-14,Sonoma,097,501317,193,133,0,133,1
2020-04-14,Stanislaus,099,539301,260,136,4,140,3
2020-04-14,Sutter,101,95872,24,19,0,19,2
2020-04-14,Tehama,103,63373,1,1,0,1,1
2020-04-14,Trinity,105,12862,0,0,0,0,0
2020-04-14,Tulare,107,460477,536,228,5,233,12
2020-04-14,Tuolumne,109,53932,3,0,0,0,0
2020-04-14,Ventura,111,848112,504,328,1,329,11
2020-04-14,Yolo,113,214977,158,81,0,81,3
2020-04-14,Yuba,115,75493,14,14,0,14,1
2020-04-13,Alameda,001,1643700,1245,821,1,822,23
2020-04-13,Alpine,002,1148,1,1,0,1,0
2020-04-13,Amador,005,37829,7,6,0,6,0
2020-04-13,Butte,007,227075,20,13,2,15,0
2020-04-13,Calaveras,009,45235,10,5,0,5,0
2020-04-13,Colusa,011,21464,3,3,0,3,0
2020-04-13,Contra Costa,013,1133247,781,569,0,569,12
2020-04-13,Del Norte,015,27424,2,2,0,2,0
2020-04-13,El Dorado,017,186661,49,29,0,29,0
2020-04-13,Fresno,019,978130,498,205,5,210,4
2020-04-13,Glenn,021,27897,4,3,0,3,0
2020-04-13,Humboldt,023,135768,57,44,0,44,0
2020-04-13,Imperial,025,180216,221,82,0,82,2
2020-04-13,Inyo,027,18085,17,12,0,12,0
2020-04-13,Kern,029,883053,711,346,1,347,3
2020-04-13,Kings,031,150075,51,9,0,9,0
2020-04-13,Lake,033,64148,6,3,0,3,0
2020-04-13,Lassen,035,31185,3,0,2,2,0
2020-04-13,Los Angeles,037,10098052,15364,9367,14,9381,317
2020-04-13,Madera,039,155013,66,29,1,30,2
2020-04-13,Marin,041,260295,192,144,1,145,6
2020-04-13,Mariposa,043,17540,0,0,0,0,0
2020-04-13,Mendocino,045,87422,5,4,0,4,0
2020-04-13,Merced,047,269075,111,60,0,60,3
2020-04-13,Modoc,049,8938,0,0,0,0,0
2020-04-13,Mono,051,14174,29,21,0,21,1
2020-04-13,Monterey,053,433212,173,86,0,86,3
2020-04-13,Napa,055,140530,55,30,0,30,2
2020-04-13,Nevada,057,99092,37,24,1,25,1
2020-04-13,Orange,059,3164182,2054,1313,19,1332,21
2020-04-13,Placer,061,380077,147,116,0,116,5
2020-04-13,Plumas,063,18699,4,3,0,3,0
2020-04-13,Riverside,065,2383286,2933,1460,13,1473,35
2020-04-13,Sacramento,067,1510023,956,723,0,723,25
2020-04-13,San Benito,069,59416,38,33,0,33,2
2020-04-13,San Bernardino,071,2135413,1513,920,0,920,30
2020-04-13,San Diego,073,3302833,2535,1849,0,1849,47
2020-04-13,San Francisco,075,870044,1232,948,0,948,12
2020-04-13,San Joaquin,077,732212,438,255,3,258,16
2020-04-13,San Luis Obispo,079,281455,169,106,3,109,1
2020-04-13,San Mateo,081,765935,973,679,2,681,25
2020-04-13,Santa Barbara,083,443738,381,271,1,272,2
2020-04-13,Santa Clara,085,1922200,2082,1540,5,1545,58
2020-04-13,Santa Cruz,087,273765,103,82,0,82,1
2020-04-13,Shasta,089,179085,30,24,0,24,3
2020-04-13,Sierra,091,2930,0,0,0,0,0
2020-04-13,Siskiyou,093,43540,5,5,0,5,0
2020-04-13,Solano,095,438530,210,136,0,136,2
2020-04-13,Sonoma,097,501317,186,133,0,133,1
2020-04-13,Stanislaus,099,539301,254,130,4,134,1
2020-04-13,Sutter,101,95872,24,18,0,18,2
2020-04-13,Tehama,103,63373,1,1,0,1,0
2020-04-13,Trinity,105,12862,0,0,0,0,0
2020-04-13,Tulare,107,460477,500,185,5,190,11
2020-04-13,Tuolumne,109,53932,3,0,0,0,0
2020-04-13,Ventura,111,848112,483,309,0,309,9
2020-04-13,Yolo,113,214977,152,81,0,81,3
2020-04-13,Yuba,115,75493,14,13,0,13,1
2020-04-12,Alameda,001,1643700,1202,774,1,775,23
2020-04-12,Alpine,002,1148,1,1,0,1,0
2020-04-12,Amador,005,37829,7,6,0,6,0
2020-04-12,Butte,007,227075,20,13,2,15,0
2020-04-12,Calaveras,009,45235,10,5,0,5,0
2020-04-12,Colusa,011,21464,3,3,0,3,0
2020-04-12,Contra Costa,013,1133247,768,553,0,553,12
2020-04-12,Del Norte,015,27424,2,2,0,2,0
2020-04-12,El Dorado,017,186661,49,28,0,28,0
2020-04-12,Fresno,019,978130,469,205,5,210,4
2020-04-12,Glenn,021,27897,4,3,0,3,0
2020-04-12,Humboldt,023,135768,57,43,0,43,0
2020-04-12,Imperial,025,180216,198,78,0,78,2
2020-04-12,Inyo,027,18085,15,12,0,12,0
2020-04-12,Kern,029,883053,679,319,0,319,3
2020-04-12,Kings,031,150075,49,9,0,9,0
2020-04-12,Lake,033,64148,6,3,0,3,0
2020-04-12,Lassen,035,31185,3,0,2,2,0
2020-04-12,Los Angeles,037,10098052,14644,9133,14,9147,294
2020-04-12,Madera,039,155013,65,29,1,30,2
2020-04-12,Marin,041,260295,181,138,1,139,6
2020-04-12,Mariposa,043,17540,0,0,0,0,0
2020-04-12,Mendocino,045,87422,5,4,0,4,0
2020-04-12,Merced,047,269075,107,58,0,58,3
2020-04-12,Modoc,049,8938,0,0,0,0,0
2020-04-12,Mono,051,14174,29,20,0,20,1
2020-04-12,Monterey,053,433212,159,85,0,85,3
2020-04-12,Napa,055,140530,53,29,0,29,2
2020-04-12,Nevada,057,99092,37,24,1,25,1
2020-04-12,Orange,059,3164182,1994,1283,18,1301,21
2020-04-12,Placer,061,380077,146,114,0,114,4
2020-04-12,Plumas,063,18699,4,3,0,3,0
2020-04-12,Riverside,065,2383286,2751,1330,13,1343,34
2020-04-12,Sacramento,067,1510023,919,689,0,689,25
2020-04-12,San Benito,069,59416,36,33,0,33,2
2020-04-12,San Bernardino,071,2135413,1437,827,0,827,30
2020-04-12,San Diego,073,3302833,2445,1806,0,1806,45
2020-04-12,San Francisco,075,870044,1205,886,0,886,11
2020-04-12,San Joaquin,077,732212,420,246,3,249,15
2020-04-12,San Luis Obispo,079,281455,166,102,2,104,1
2020-04-12,San Mateo,081,765935,947,664,2,666,25
2020-04-12,Santa Barbara,083,443738,362,261,1,262,2
2020-04-12,Santa Clara,085,1922200,2054,1461,5,1466,53
2020-04-12,Santa Cruz,087,273765,102,80,0,80,1
2020-04-12,Shasta,089,179085,30,24,0,24,3
2020-04-12,Sierra,091,2930,0,0,0,0,0
2020-04-12,Siskiyou,093,43540,5,5,0,5,0
2020-04-12,Solano,095,438530,204,136,0,136,2
2020-04-12,Sonoma,097,501317,183,131,0,131,1
2020-04-12,Stanislaus,099,539301,246,117,4,121,1
2020-04-12,Sutter,101,95872,23,18,0,18,2
2020-04-12,Tehama,103,63373,1,1,0,1,0
2020-04-12,Trinity,105,12862,0,0,0,0,0
2020-04-12,Tulare,107,460477,488,166,5,171,11
2020-04-12,Tuolumne,109,53932,3,0,0,0,0
2020-04-12,Ventura,111,848112,473,306,0,306,9
2020-04-12,Yolo,113,214977,138,67,0,67,3
2020-04-12,Yuba,115,75493,14,13,0,13,1
2020-04-11,Alameda,001,1643700,1160,751,1,752,23
2020-04-11,Alpine,002,1148,1,1,0,1,0
2020-04-11,Amador,005,37829,7,6,0,6,0
2020-04-11,Butte,007,227075,20,13,2,15,0
2020-04-11,Calaveras,009,45235,10,5,0,5,0
2020-04-11,Colusa,011,21464,3,3,0,3,0
2020-04-11,Contra Costa,013,1133247,759,550,0,550,12
2020-04-11,Del Norte,015,27424,2,2,0,2,0
2020-04-11,El Dorado,017,186661,48,29,0,29,0
2020-04-11,Fresno,019,978130,459,201,5,206,4
2020-04-11,Glenn,021,27897,4,3,0,3,0
2020-04-11,Humboldt,023,135768,57,38,0,38,0
2020-04-11,Imperial,025,180216,188,78,0,78,2
2020-04-11,Inyo,027,18085,15,12,0,12,0
2020-04-11,Kern,029,883053,651,304,0,304,3
2020-04-11,Kings,031,150075,46,9,0,9,0
2020-04-11,Lake,033,64148,6,3,0,3,0
2020-04-11,Lassen,035,31185,3,0,2,2,0
2020-04-11,Los Angeles,037,10098052,14168,8823,14,8837,262
2020-04-11,Madera,039,155013,64,29,1,30,2
2020-04-11,Marin,041,260295,178,136,1,137,6
2020-04-11,Mariposa,043,17540,0,0,0,0,0
2020-04-11,Mendocino,045,87422,5,4,0,4,0
2020-04-11,Merced,047,269075,104,59,0,59,3
2020-04-11,Modoc,049,8938,0,0,0,0,0
2020-04-11,Mono,051,14174,29,20,0,20,1
2020-04-11,Monterey,053,433212,153,78,0,78,3
2020-04-11,Napa,055,140530,53,29,0,29,2
2020-04-11,Nevada,057,99092,37,24,1,25,1
2020-04-11,Orange,059,3164182,1932,1267,18,1285,21
2020-04-11,Placer,061,380077,146,113,0,113,4
2020-04-11,Plumas,063,18699,4,3,0,3,0
2020-04-11,Riverside,065,2383286,2672,1260,13,1273,33
2020-04-11,Sacramento,067,1510023,908,685,0,685,25
2020-04-11,San Benito,069,59416,36,33,0,33,2
2020-04-11,San Bernardino,071,2135413,1401,826,0,826,28
2020-04-11,San Diego,073,3302833,2379,1763,0,1763,45
2020-04-11,San Francisco,075,870044,1183,860,0,860,11
2020-04-11,San Joaquin,077,732212,415,244,3,247,15
2020-04-11,San Luis Obispo,079,281455,166,100,1,101,1
2020-04-11,San Mateo,081,765935,935,662,2,664,25
2020-04-11,Santa Barbara,083,443738,354,258,1,259,2
2020-04-11,Santa Clara,085,1922200,1995,1441,5,1446,51
2020-04-11,Santa Cruz,087,273765,102,79,0,79,1
2020-04-11,Shasta,089,179085,30,24,0,24,3
2020-04-11,Sierra,091,2930,0,0,0,0,0
2020-04-11,Siskiyou,093,43540,5,5,0,5,0
2020-04-11,Solano,095,438530,200,138,0,138,2
2020-04-11,Sonoma,097,501317,181,131,0,131,1
2020-04-11,Stanislaus,099,539301,238,119,3,122,1
2020-04-11,Sutter,101,95872,23,18,0,18,2
2020-04-11,Tehama,103,63373,1,1,0,1,0
2020-04-11,Trinity,105,12862,0,0,0,0,0
2020-04-11,Tulare,107,460477,466,168,5,173,10
2020-04-11,Tuolumne,109,53932,3,0,0,0,0
2020-04-11,Ventura,111,848112,463,304,0,304,9
2020-04-11,Yolo,113,214977,135,67,0,67,3
2020-04-11,Yuba,115,75493,14,13,0,13,1
2020-04-10,Alameda,001,1643700,1119,706,1,707,21
2020-04-10,Alpine,002,1148,1,1,0,1,0
2020-04-10,Amador,005,37829,7,5,0,5,0
2020-04-10,Butte,007,227075,20,13,2,15,0
2020-04-10,Calaveras,009,45235,10,5,0,5,0
2020-04-10,Colusa,011,21464,3,3,0,3,0
2020-04-10,Contra Costa,013,1133247,746,537,0,537,10
2020-04-10,Del Norte,015,27424,2,2,0,2,0
2020-04-10,El Dorado,017,186661,48,26,0,26,0
2020-04-10,Fresno,019,978130,452,186,4,190,3
2020-04-10,Glenn,021,27897,4,3,0,3,0
2020-04-10,Humboldt,023,135768,57,36,0,36,0
2020-04-10,Imperial,025,180216,181,70,0,70,2
2020-04-10,Inyo,027,18085,13,11,0,11,0
2020-04-10,Kern,029,883053,627,272,0,272,3
2020-04-10,Kings,031,150075,43,7,0,7,0
2020-04-10,Lake,033,64148,6,3,0,3,0
2020-04-10,Lassen,035,31185,3,0,2,2,0
2020-04-10,Los Angeles,037,10098052,13651,8384,13,8397,239
2020-04-10,Madera,039,155013,63,29,1,30,2
2020-04-10,Marin,041,260295,173,128,1,129,6
2020-04-10,Mariposa,043,17540,0,0,0,0,0
2020-04-10,Mendocino,045,87422,5,4,0,4,0
2020-04-10,Merced,047,269075,102,56,0,56,3
2020-04-10,Modoc,049,8938,0,0,0,0,0
2020-04-10,Mono,051,14174,29,20,0,20,1
2020-04-10,Monterey,053,433212,142,78,0,78,3
2020-04-10,Napa,055,140530,50,28,0,28,2
2020-04-10,Nevada,057,99092,37,23,1,24,1
2020-04-10,Orange,059,3164182,1885,1167,18,1185,21
2020-04-10,Placer,061,380077,145,112,0,112,4
2020-04-10,Plumas,063,18699,4,3,0,3,0
2020-04-10,Riverside,065,2383286,2606,1162,13,1175,30
2020-04-10,Sacramento,067,1510023,899,642,0,642,24
2020-04-10,San Benito,069,59416,36,32,0,32,2
2020-04-10,San Bernardino,071,2135413,1353,779,0,779,27
2020-04-10,San Diego,073,3302833,2319,1695,0,1695,44
2020-04-10,San Francisco,075,870044,1152,797,0,797,10
2020-04-10,San Joaquin,077,732212,403,234,3,237,14
2020-04-10,San Luis Obispo,079,281455,166,97,1,98,1
2020-04-10,San Mateo,081,765935,919,642,2,644,24
2020-04-10,Santa Barbara,083,443738,346,254,1,255,2
2020-04-10,Santa Clara,085,1922200,1943,1351,5,1356,50
2020-04-10,Santa Cruz,087,273765,101,75,0,75,1
2020-04-10,Shasta,089,179085,30,24,0,24,3
2020-04-10,Sierra,091,2930,0,0,0,0,0
2020-04-10,Siskiyou,093,43540,5,5,0,5,0
2020-04-10,Solano,095,438530,197,129,0,129,2
2020-04-10,Sonoma,097,501317,180,129,0,129,1
2020-04-10,Stanislaus,099,539301,231,101,3,104,0
2020-04-10,Sutter,101,95872,23,18,0,18,2
2020-04-10,Tehama,103,63373,1,1,0,1,0
2020-04-10,Trinity,105,12862,0,0,0,0,0
2020-04-10,Tulare,107,460477,424,163,5,168,10
2020-04-10,Tuolumne,109,53932,3,0,0,0,0
2020-04-10,Ventura,111,848112,454,290,0,290,9
2020-04-10,Yolo,113,214977,133,62,0,62,3
2020-04-10,Yuba,115,75493,14,13,0,13,1
2020-04-09,Alameda,001,1643700,1069,641,1,642,17
2020-04-09,Alpine,002,1148,1,1,0,1,0
2020-04-09,Amador,005,37829,7,2,0,2,0
2020-04-09,Butte,007,227075,20,12,2,14,0
2020-04-09,Calaveras,009,45235,10,5,0,5,0
2020-04-09,Colusa,011,21464,3,3,0,3,0
2020-04-09,Contra Costa,013,1133247,703,505,0,505,7
2020-04-09,Del Norte,015,27424,2,2,0,2,0
2020-04-09,El Dorado,017,186661,47,25,0,25,0
2020-04-09,Fresno,019,978130,427,165,4,169,3
2020-04-09,Glenn,021,27897,4,2,0,2,0
2020-04-09,Humboldt,023,135768,57,36,0,36,0
2020-04-09,Imperial,025,180216,160,67,0,67,2
2020-04-09,Inyo,027,18085,12,11,0,11,0
2020-04-09,Kern,029,883053,591,241,0,241,2
2020-04-09,Kings,031,150075,40,5,0,5,0
2020-04-09,Lake,033,64148,5,1,0,1,0
2020-04-09,Lassen,035,31185,3,0,2,2,0
2020-04-09,Los Angeles,037,10098052,13022,7919,13,7932,220
2020-04-09,Madera,039,155013,63,28,1,29,2
2020-04-09,Marin,041,260295,171,126,1,127,7
2020-04-09,Mariposa,043,17540,0,0,0,0,0
2020-04-09,Mendocino,045,87422,5,4,0,4,0
2020-04-09,Merced,047,269075,98,41,0,41,3
2020-04-09,Modoc,049,8938,0,0,0,0,0
2020-04-09,Mono,051,14174,29,19,0,19,1
2020-04-09,Monterey,053,433212,124,70,0,70,3
2020-04-09,Napa,055,140530,46,27,0,27,2
2020-04-09,Nevada,057,99092,36,23,1,24,1
2020-04-09,Orange,059,3164182,1811,1105,18,1123,19
2020-04-09,Placer,061,380077,144,107,0,107,4
2020-04-09,Plumas,063,18699,4,3,0,3,0
2020-04-09,Riverside,065,2383286,2463,1083,13,1096,29
2020-04-09,Sacramento,067,1510023,876,601,0,601,21
2020-04-09,San Benito,069,59416,36,32,0,32,2
2020-04-09,San Bernardino,071,2135413,1284,717,0,717,27
2020-04-09,San Diego,073,3302833,2223,1630,0,1630,40
2020-04-09,San Francisco,075,870044,1132,748,0,748,8
2020-04-09,San Joaquin,077,732212,382,223,3,226,14
2020-04-09,San Luis Obispo,079,281455,158,93,1,94,1
2020-04-09,San Mateo,081,765935,903,630,2,632,23
2020-04-09,Santa Barbara,083,443738,336,232,1,233,2
2020-04-09,Santa Clara,085,1922200,1873,1301,5,1306,49
2020-04-09,Santa Cruz,087,273765,101,73,0,73,1
2020-04-09,Shasta,089,179085,30,22,0,22,3
2020-04-09,Sierra,091,2930,0,0,0,0,0
2020-04-09,Siskiyou,093,43540,5,4,0,4,0
2020-04-09,Solano,095,438530,188,118,0,118,2
2020-04-09,Sonoma,097,501317,176,113,0,113,1
2020-04-09,Stanislaus,099,539301,219,93,3,96,0
2020-04-09,Sutter,101,95872,23,17,0,17,2
2020-04-09,Tehama,103,63373,1,1,0,1,0
2020-04-09,Trinity,105,12862,0,0,0,0,0
2020-04-09,Tulare,107,460477,395,147,5,152,9
2020-04-09,Tuolumne,109,53932,3,0,0,0,0
2020-04-09,Ventura,111,848112,435,273,0,273,9
2020-04-09,Yolo,113,214977,124,59,0,59,3
2020-04-09,Yuba,115,75493,14,13,0,13,0
2020-04-08,Alameda,001,1643700,1027,594,1,595,15
2020-04-08,Alpine,002,1148,1,1,0,1,0
2020-04-08,Amador,005,37829,7,2,0,2,0
2020-04-08,Butte,007,227075,19,11,2,13,0
2020-04-08,Calaveras,009,45235,10,5,0,5,0
2020-04-08,Colusa,011,21464,3,3,0,3,0
2020-04-08,Contra Costa,013,1133247,690,481,0,481,7
2020-04-08,Del Norte,015,27424,2,2,0,2,0
2020-04-08,El Dorado,017,186661,47,25,0,25,0
2020-04-08,Fresno,019,978130,407,151,4,155,3
2020-04-08,Glenn,021,27897,4,2,0,2,0
2020-04-08,Humboldt,023,135768,57,40,0,40,0
2020-04-08,Imperial,025,180216,149,59,0,59,2
2020-04-08,Inyo,027,18085,12,11,0,11,0
2020-04-08,Kern,029,883053,550,198,0,198,2
2020-04-08,Kings,031,150075,40,5,0,5,0
2020-04-08,Lake,033,64148,5,1,0,1,0
2020-04-08,Lassen,035,31185,3,0,2,2,0
2020-04-08,Los Angeles,037,10098052,12424,7505,13,7518,196
2020-04-08,Madera,039,155013,62,28,1,29,2
2020-04-08,Marin,041,260295,165,125,1,126,7
2020-04-08,Mariposa,043,17540,0,0,0,0,0
2020-04-08,Mendocino,045,87422,5,4,0,4,0
2020-04-08,Merced,047,269075,87,35,0,35,1
2020-04-08,Modoc,049,8938,0,0,0,0,0
2020-04-08,Mono,051,14174,29,19,0,19,1
2020-04-08,Monterey,053,433212,115,68,0,68,3
2020-04-08,Napa,055,140530,44,21,0,21,2
2020-04-08,Nevada,057,99092,36,21,1,22,1
2020-04-08,Orange,059,3164182,1748,1034,18,1052,19
2020-04-08,Placer,061,380077,144,102,0,102,4
2020-04-08,Plumas,063,18699,4,3,0,3,0
2020-04-08,Riverside,065,2383286,2306,974,13,987,28
2020-04-08,Sacramento,067,1510023,842,565,0,565,21
2020-04-08,San Benito,069,59416,36,31,0,31,2
2020-04-08,San Bernardino,071,2135413,1227,635,0,635,22
2020-04-08,San Diego,073,3302833,2149,1532,0,1532,36
2020-04-08,San Francisco,075,870044,1065,687,0,687,7
2020-04-08,San Joaquin,077,732212,365,211,3,214,12
2020-04-08,San Luis Obispo,079,281455,156,90,1,91,1
2020-04-08,San Mateo,081,765935,888,608,2,610,22
2020-04-08,Santa Barbara,083,443738,319,221,1,222,2
2020-04-08,Santa Clara,085,1922200,1828,1257,5,1262,47
2020-04-08,Santa Cruz,087,273765,100,69,0,69,1
2020-04-08,Shasta,089,179085,30,18,0,18,3
2020-04-08,Sierra,091,2930,0,0,0,0,0
2020-04-08,Siskiyou,093,43540,5,4,0,4,0
2020-04-08,Solano,095,438530,175,111,0,111,2
2020-04-08,Sonoma,097,501317,170,107,0,107,1
2020-04-08,Stanislaus,099,539301,203,86,3,89,0
2020-04-08,Sutter,101,95872,22,17,0,17,2
2020-04-08,Tehama,103,63373,1,1,0,1,0
2020-04-08,Trinity,105,12862,0,0,0,0,0
2020-04-08,Tulare,107,460477,364,145,5,150,6
2020-04-08,Tuolumne,109,53932,3,0,0,0,0
2020-04-08,Ventura,111,848112,426,263,0,263,7
2020-04-08,Yolo,113,214977,107,56,0,56,3
2020-04-08,Yuba,115,75493,14,10,0,10,0
2020-04-07,Alameda,001,1643700,992,560,1,561,14
2020-04-07,Alpine,002,1148,1,1,0,1,0
2020-04-07,Amador,005,37829,7,2,0,2,0
2020-04-07,Butte,007,227075,18,11,2,13,0
2020-04-07,Calaveras,009,45235,9,5,0,5,0
2020-04-07,Colusa,011,21464,3,2,0,2,0
2020-04-07,Contra Costa,013,1133247,670,471,0,471,7
2020-04-07,Del Norte,015,27424,2,2,0,2,0
2020-04-07,El Dorado,017,186661,46,22,0,22,0
2020-04-07,Fresno,019,978130,393,138,4,142,3
2020-04-07,Glenn,021,27897,4,2,0,2,0
2020-04-07,Humboldt,023,135768,56,40,0,40,0
2020-04-07,Imperial,025,180216,130,53,0,53,2
2020-04-07,Inyo,027,18085,12,11,0,11,0
2020-04-07,Kern,029,883053,507,134,0,134,2
2020-04-07,Kings,031,150075,37,5,0,5,0
2020-04-07,Lake,033,64148,4,1,0,1,0
2020-04-07,Lassen,035,31185,3,0,2,2,0
2020-04-07,Los Angeles,037,10098052,11773,6885,13,6898,170
2020-04-07,Madera,039,155013,60,28,0,28,2
2020-04-07,Marin,041,260295,163,122,1,123,7
2020-04-07,Mariposa,043,17540,0,0,0,0,0
2020-04-07,Mendocino,045,87422,5,4,0,4,0
2020-04-07,Merced,047,269075,79,27,0,27,1
2020-04-07,Modoc,049,8938,0,0,0,0,0
2020-04-07,Mono,051,14174,28,18,0,18,1
2020-04-07,Monterey,053,433212,106,63,0,63,2
2020-04-07,Napa,055,140530,42,18,0,18,2
2020-04-07,Nevada,057,99092,36,20,1,21,1
2020-04-07,Orange,059,3164182,1701,971,16,987,19
2020-04-07,Placer,061,380077,139,94,0,94,3
2020-04-07,Plumas,063,18699,4,3,0,3,0
2020-04-07,Riverside,065,2383286,2149,905,13,918,25
2020-04-07,Sacramento,067,1510023,812,513,0,513,18
2020-04-07,San Benito,069,59416,36,26,0,26,2
2020-04-07,San Bernardino,071,2135413,1160,554,0,554,19
2020-04-07,San Diego,073,3302833,2072,1456,0,1456,31
2020-04-07,San Francisco,075,870044,1005,636,0,636,6
2020-04-07,San Joaquin,077,732212,347,198,3,201,12
2020-04-07,San Luis Obispo,079,281455,149,87,1,88,1
2020-04-07,San Mateo,081,765935,867,573,2,575,22
2020-04-07,Santa Barbara,083,443738,305,209,1,210,2
2020-04-07,Santa Clara,085,1922200,1759,1193,4,1197,46
2020-04-07,Santa Cruz,087,273765,100,67,0,67,1
2020-04-07,Shasta,089,179085,29,16,0,16,3
2020-04-07,Sierra,091,2930,0,0,0,0,0
2020-04-07,Siskiyou,093,43540,5,4,0,4,0
2020-04-07,Solano,095,438530,170,99,0,99,1
2020-04-07,Sonoma,097,501317,167,102,0,102,1
2020-04-07,Stanislaus,099,539301,186,83,3,86,0
2020-04-07,Sutter,101,95872,22,16,0,16,2
2020-04-07,Tehama,103,63373,1,1,0,1,0
2020-04-07,Trinity,105,12862,0,0,0,0,0
2020-04-07,Tulare,107,460477,335,144,5,149,5
2020-04-07,Tuolumne,109,53932,3,1,0,1,0
2020-04-07,Ventura,111,848112,409,247,0,247,6
2020-04-07,Yolo,113,214977,100,51,0,51,2
2020-04-07,Yuba,115,75493,14,10,0,10,0
2020-04-06,Alameda,001,1643700,961,527,1,528,13
2020-04-06,Alpine,002,1148,1,1,0,1,0
2020-04-06,Amador,005,37829,6,2,0,2,0
2020-04-06,Butte,007,227075,17,11,2,13,0
2020-04-06,Calaveras,009,45235,9,4,0,4,0
2020-04-06,Colusa,011,21464,3,1,0,1,0
2020-04-06,Contra Costa,013,1133247,645,447,0,447,7
2020-04-06,Del Norte,015,27424,2,2,0,2,0
2020-04-06,El Dorado,017,186661,44,23,0,23,0
2020-04-06,Fresno,019,978130,371,122,4,126,1
2020-04-06,Glenn,021,27897,4,2,0,2,0
2020-04-06,Humboldt,023,135768,55,37,0,37,0
2020-04-06,Imperial,025,180216,123,47,0,47,1
2020-04-06,Inyo,027,18085,11,11,0,11,0
2020-04-06,Kern,029,883053,470,117,0,117,2
2020-04-06,Kings,031,150075,37,3,0,3,0
2020-04-06,Lake,033,64148,4,1,0,1,0
2020-04-06,Lassen,035,31185,3,0,2,2,0
2020-04-06,Los Angeles,037,10098052,11043,6346,13,6359,145
2020-04-06,Madera,039,155013,58,29,0,29,2
2020-04-06,Marin,041,260295,160,119,1,120,7
2020-04-06,Mariposa,043,17540,0,0,0,0,0
2020-04-06,Mendocino,045,87422,5,4,0,4,0
2020-04-06,Merced,047,269075,74,25,0,25,1
2020-04-06,Modoc,049,8938,0,0,0,0,0
2020-04-06,Mono,051,14174,28,18,0,18,1
2020-04-06,Monterey,053,433212,101,62,0,62,2
2020-04-06,Napa,055,140530,42,18,0,18,2
2020-04-06,Nevada,057,99092,36,19,1,20,1
2020-04-06,Orange,059,3164182,1657,910,15,925,17
2020-04-06,Placer,061,380077,139,90,0,90,3
2020-04-06,Plumas,063,18699,4,2,0,2,0
2020-04-06,Riverside,065,2383286,2023,854,13,867,17
2020-04-06,Sacramento,067,1510023,782,448,0,448,15
2020-04-06,San Benito,069,59416,34,25,0,25,1
2020-04-06,San Bernardino,071,2135413,1101,550,0,550,13
2020-04-06,San Diego,073,3302833,1990,1406,0,1406,19
2020-04-06,San Francisco,075,870044,965,586,0,586,6
2020-04-06,San Joaquin,077,732212,332,191,3,194,10
2020-04-06,San Luis Obispo,079,281455,147,85,1,86,1
2020-04-06,San Mateo,081,765935,849,569,2,571,20
2020-04-06,Santa Barbara,083,443738,296,189,1,190,2
2020-04-06,Santa Clara,085,1922200,1706,1128,4,1132,43
2020-04-06,Santa Cruz,087,273765,98,65,0,65,1
2020-04-06,Shasta,089,179085,29,16,0,16,3
2020-04-06,Sierra,091,2930,0,0,0,0,0
2020-04-06,Siskiyou,093,43540,4,4,0,4,0
2020-04-06,Solano,095,438530,163,95,0,95,1
2020-04-06,Sonoma,097,501317,166,102,0,102,1
2020-04-06,Stanislaus,099,539301,170,72,3,75,0
2020-04-06,Sutter,101,95872,22,14,0,14,2
2020-04-06,Tehama,103,63373,1,1,0,1,0
2020-04-06,Trinity,105,12862,0,0,0,0,0
2020-04-06,Tulare,107,460477,319,126,5,131,5
2020-04-06,Tuolumne,109,53932,3,1,0,1,0
2020-04-06,Ventura,111,848112,391,234,0,234,6
2020-04-06,Yolo,113,214977,96,43,0,43,1
2020-04-06,Yuba,115,75493,14,8,0,8,0
2020-04-05,Alameda,001,1643700,919,475,1,476,12
2020-04-05,Alpine,002,1148,1,1,0,1,0
2020-04-05,Amador,005,37829,6,2,0,2,0
2020-04-05,Butte,007,227075,17,10,2,12,0
2020-04-05,Calaveras,009,45235,9,3,0,3,0
2020-04-05,Colusa,011,21464,3,1,0,1,0
2020-04-05,Contra Costa,013,1133247,628,415,0,415,6
2020-04-05,Del Norte,015,27424,2,1,0,1,0
2020-04-05,El Dorado,017,186661,42,19,0,19,0
2020-04-05,Fresno,019,978130,337,102,4,106,1
2020-04-05,Glenn,021,27897,4,2,0,2,0
2020-04-05,Humboldt,023,135768,55,29,0,29,0
2020-04-05,Imperial,025,180216,115,42,0,42,1
2020-04-05,Inyo,027,18085,11,10,0,10,0
2020-04-05,Kern,029,883053,415,109,0,109,2
2020-04-05,Kings,031,150075,36,4,0,4,0
2020-04-05,Lake,033,64148,4,0,0,0,0
2020-04-05,Lassen,035,31185,3,0,2,2,0
2020-04-05,Los Angeles,037,10098052,10476,5892,13,5905,130
2020-04-05,Madera,039,155013,57,27,0,27,2
2020-04-05,Marin,041,260295,160,113,1,114,6
2020-04-05,Mariposa,043,17540,0,0,0,0,0
2020-04-05,Mendocino,045,87422,5,4,0,4,0
2020-04-05,Merced,047,269075,67,16,0,16,0
2020-04-05,Modoc,049,8938,0,0,0,0,0
2020-04-05,Mono,051,14174,28,18,0,18,1
2020-04-05,Monterey,053,433212,94,61,0,61,2
2020-04-05,Napa,055,140530,40,15,0,15,2
2020-04-05,Nevada,057,99092,36,19,1,20,1
2020-04-05,Orange,059,3164182,1601,820,15,835,15
2020-04-05,Placer,061,380077,136,86,0,86,3
2020-04-05,Plumas,063,18699,3,2,0,2,0
2020-04-05,Riverside,065,2383286,1894,669,13,682,17
2020-04-05,Sacramento,067,1510023,751,393,0,393,11
2020-04-05,San Benito,069,59416,34,22,0,22,1
2020-04-05,San Bernardino,071,2135413,1028,375,0,375,13
2020-04-05,San Diego,073,3302833,1908,1328,0,1328,19
2020-04-05,San Francisco,075,870044,918,559,0,559,6
2020-04-05,San Joaquin,077,732212,317,179,3,182,10
2020-04-05,San Luis Obispo,079,281455,145,83,1,84,1
2020-04-05,San Mateo,081,765935,829,528,2,530,19
2020-04-05,Santa Barbara,083,443738,280,171,1,172,1
2020-04-05,Santa Clara,085,1922200,1659,1052,4,1056,42
2020-04-05,Santa Cruz,087,273765,98,59,0,59,1
2020-04-05,Shasta,089,179085,28,11,0,11,2
2020-04-05,Sierra,091,2930,0,0,0,0,0
2020-04-05,Siskiyou,093,43540,4,3,0,3,0
2020-04-05,Solano,095,438530,159,78,0,78,1
2020-04-05,Sonoma,097,501317,164,88,0,88,1
2020-04-05,Stanislaus,099,539301,156,51,3,54,0
2020-04-05,Sutter,101,95872,22,14,0,14,1
2020-04-05,Tehama,103,63373,1,1,0,1,0
2020-04-05,Trinity,105,12862,0,0,0,0,0
2020-04-05,Tulare,107,460477,282,81,5,86,4
2020-04-05,Tuolumne,109,53932,3,1,0,1,0
2020-04-05,Ventura,111,848112,377,196,0,196,6
2020-04-05,Yolo,113,214977,77,37,0,37,2
2020-04-05,Yuba,115,75493,14,7,0,7,0
2020-04-04,Alameda,001,1643700,896,468,1,469,12
2020-04-04,Alpine,002,1148,1,1,0,1,0
2020-04-04,Amador,005,37829,5,2,0,2,0
2020-04-04,Butte,007,227075,17,10,2,12,0
2020-04-04,Calaveras,009,45235,9,3,0,3,0
2020-04-04,Colusa,011,21464,3,1,0,1,0
2020-04-04,Contra Costa,013,1133247,620,382,0,382,5
2020-04-04,Del Norte,015,27424,2,1,0,1,0
2020-04-04,El Dorado,017,186661,42,19,0,19,0
2020-04-04,Fresno,019,978130,327,102,4,106,1
2020-04-04,Glenn,021,27897,4,2,0,2,0
2020-04-04,Humboldt,023,135768,55,29,0,29,0
2020-04-04,Imperial,025,180216,114,42,0,42,1
2020-04-04,Inyo,027,18085,11,10,0,10,0
2020-04-04,Kern,029,883053,385,103,0,103,2
2020-04-04,Kings,031,150075,36,3,0,3,0
2020-04-04,Lake,033,64148,4,0,0,0,0
2020-04-04,Lassen,035,31185,3,0,2,2,0
2020-04-04,Los Angeles,037,10098052,9861,5275,13,5288,117
2020-04-04,Madera,039,155013,55,27,0,27,2
2020-04-04,Marin,041,260295,158,111,0,111,6
2020-04-04,Mariposa,043,17540,0,0,0,0,0
2020-04-04,Mendocino,045,87422,5,4,0,4,0
2020-04-04,Merced,047,269075,64,11,0,11,0
2020-04-04,Modoc,049,8938,0,0,0,0,0
2020-04-04,Mono,051,14174,28,18,0,18,1
2020-04-04,Monterey,053,433212,91,61,0,61,2
2020-04-04,Napa,055,140530,40,15,0,15,2
2020-04-04,Nevada,057,99092,36,19,1,20,1
2020-04-04,Orange,059,3164182,1559,781,14,795,15
2020-04-04,Placer,061,380077,135,87,0,87,2
2020-04-04,Plumas,063,18699,3,2,0,2,0
2020-04-04,Riverside,065,2383286,1793,652,13,665,15
2020-04-04,Sacramento,067,1510023,733,393,0,393,11
2020-04-04,San Benito,069,59416,34,22,0,22,1
2020-04-04,San Bernardino,071,2135413,980,373,0,373,13
2020-04-04,San Diego,073,3302833,1860,1211,0,1211,18
2020-04-04,San Francisco,075,870044,880,537,0,537,6
2020-04-04,San Joaquin,077,732212,294,171,3,174,10
2020-04-04,San Luis Obispo,079,281455,145,82,1,83,0
2020-04-04,San Mateo,081,765935,817,520,2,522,17
2020-04-04,Santa Barbara,083,443738,271,167,1,168,1
2020-04-04,Santa Clara,085,1922200,1607,1045,4,1049,39
2020-04-04,Santa Cruz,087,273765,98,56,0,56,1
2020-04-04,Shasta,089,179085,27,11,0,11,2
2020-04-04,Sierra,091,2930,0,0,0,0,0
2020-04-04,Siskiyou,093,43540,4,3,0,3,0
2020-04-04,Solano,095,438530,154,79,0,79,1
2020-04-04,Sonoma,097,501317,161,88,0,88,1
2020-04-04,Stanislaus,099,539301,145,51,3,54,0
2020-04-04,Sutter,101,95872,22,14,0,14,1
2020-04-04,Tehama,103,63373,1,1,0,1,0
2020-04-04,Trinity,105,12862,0,0,0,0,0
2020-04-04,Tulare,107,460477,268,79,5,84,4
2020-04-04,Tuolumne,109,53932,3,1,0,1,0
2020-04-04,Ventura,111,848112,364,194,0,194,6
2020-04-04,Yolo,113,214977,75,40,0,40,2
2020-04-04,Yuba,115,75493,13,7,0,7,0
2020-04-03,Alameda,001,1643700,860,395,1,396,11
2020-04-03,Alpine,002,1148,1,1,0,1,0
2020-04-03,Amador,005,37829,5,2,0,2,0
2020-04-03,Butte,007,227075,17,8,2,10,0
2020-04-03,Calaveras,009,45235,9,3,0,3,0
2020-04-03,Colusa,011,21464,3,1,0,1,0
2020-04-03,Contra Costa,013,1133247,597,327,0,327,5
2020-04-03,Del Norte,015,27424,2,1,0,1,0
2020-04-03,El Dorado,017,186661,40,16,0,16,0
2020-04-03,Fresno,019,978130,315,98,4,102,1
2020-04-03,Glenn,021,27897,4,2,0,2,0
2020-04-03,Humboldt,023,135768,55,34,0,34,0
2020-04-03,Imperial,025,180216,105,35,0,35,0
2020-04-03,Inyo,027,18085,11,10,0,10,0
2020-04-03,Kern,029,883053,359,87,0,87,1
2020-04-03,Kings,031,150075,34,3,0,3,0
2020-04-03,Lake,033,64148,3,0,0,0,0
2020-04-03,Lassen,035,31185,3,0,2,2,0
2020-04-03,Los Angeles,037,10098052,9247,4566,13,4579,91
2020-04-03,Madera,039,155013,54,28,0,28,2
2020-04-03,Marin,041,260295,156,106,0,106,6
2020-04-03,Mariposa,043,17540,0,0,0,0,0
2020-04-03,Mendocino,045,87422,5,4,0,4,0
2020-04-03,Merced,047,269075,60,9,0,9,0
2020-04-03,Modoc,049,8938,0,0,0,0,0
2020-04-03,Mono,051,14174,28,18,0,18,1
2020-04-03,Monterey,053,433212,88,58,0,58,2
2020-04-03,Napa,055,140530,39,13,0,13,1
2020-04-03,Nevada,057,99092,36,19,1,20,1
2020-04-03,Orange,059,3164182,1520,713,14,727,13
2020-04-03,Placer,061,380077,131,76,0,76,2
2020-04-03,Plumas,063,18699,3,2,0,2,0
2020-04-03,Riverside,065,2383286,1713,540,13,553,14
2020-04-03,Sacramento,067,1510023,712,363,0,363,11
2020-04-03,San Benito,069,59416,34,22,0,22,1
2020-04-03,San Bernardino,071,2135413,935,356,0,356,11
2020-04-03,San Diego,073,3302833,1799,1114,0,1114,17
2020-04-03,San Francisco,075,870044,856,506,0,506,6
2020-04-03,San Joaquin,077,732212,282,162,3,165,10
2020-04-03,San Luis Obispo,079,281455,144,82,1,83,0
2020-04-03,San Mateo,081,765935,800,474,2,476,13
2020-04-03,Santa Barbara,083,443738,260,154,1,155,1
2020-04-03,Santa Clara,085,1922200,1571,983,4,987,39
2020-04-03,Santa Cruz,087,273765,98,52,0,52,1
2020-04-03,Shasta,089,179085,27,10,0,10,1
2020-04-03,Sierra,091,2930,0,0,0,0,0
2020-04-03,Siskiyou,093,43540,4,3,0,3,0
2020-04-03,Solano,095,438530,146,72,0,72,1
2020-04-03,Sonoma,097,501317,161,84,0,84,1
2020-04-03,Stanislaus,099,539301,139,48,3,51,0
2020-04-03,Sutter,101,95872,22,12,0,12,1
2020-04-03,Tehama,103,63373,1,1,0,1,0
2020-04-03,Trinity,105,12862,0,0,0,0,0
2020-04-03,Tulare,107,460477,254,73,5,78,3
2020-04-03,Tuolumne,109,53932,3,1,0,1,0
2020-04-03,Ventura,111,848112,354,186,0,186,6
2020-04-03,Yolo,113,214977,74,33,0,33,1
2020-04-03,Yuba,115,75493,13,6,0,6,0
2020-04-02,Alameda,001,1643700,809,345,1,346,10
2020-04-02,Alpine,002,1148,1,1,0,1,0
2020-04-02,Amador,005,37829,5,2,0,2,0
2020-04-02,Butte,007,227075,17,7,1,8,0
2020-04-02,Calaveras,009,45235,7,3,0,3,0
2020-04-02,Colusa,011,21464,3,1,0,1,0
2020-04-02,Contra Costa,013,1133247,567,297,0,297,3
2020-04-02,Del Norte,015,27424,2,0,0,0,0
2020-04-02,El Dorado,017,186661,38,16,0,16,0
2020-04-02,Fresno,019,978130,299,92,4,96,0
2020-04-02,Glenn,021,27897,3,2,0,2,0
2020-04-02,Humboldt,023,135768,51,23,0,23,0
2020-04-02,Imperial,025,180216,101,24,0,24,0
2020-04-02,Inyo,027,18085,10,8,0,8,0
2020-04-02,Kern,029,883053,332,74,0,74,0
2020-04-02,Kings,031,150075,34,3,0,3,0
2020-04-02,Lake,033,64148,3,0,0,0,0
2020-04-02,Lassen,035,31185,3,0,2,2,0
2020-04-02,Los Angeles,037,10098052,8418,4040,13,4053,79
2020-04-02,Madera,039,155013,52,25,0,25,1
2020-04-02,Marin,041,260295,150,102,0,102,1
2020-04-02,Mariposa,043,17540,0,0,0,0,0
2020-04-02,Mendocino,045,87422,5,4,0,4,0
2020-04-02,Merced,047,269075,55,9,0,9,0
2020-04-02,Modoc,049,8938,0,0,0,0,0
2020-04-02,Mono,051,14174,28,16,0,16,1
2020-04-02,Monterey,053,433212,86,50,0,50,2
2020-04-02,Napa,055,140530,39,13,0,13,0
2020-04-02,Nevada,057,99092,35,17,1,18,0
2020-04-02,Orange,059,3164182,1468,640,13,653,12
2020-04-02,Placer,061,380077,130,72,0,72,2
2020-04-02,Plumas,063,18699,3,1,0,1,0
2020-04-02,Riverside,065,2383286,1596,438,13,451,13
2020-04-02,Sacramento,067,1510023,694,322,0,322,9
2020-04-02,San Benito,069,59416,32,18,0,18,1
2020-04-02,San Bernardino,071,2135413,880,335,0,335,8
2020-04-02,San Diego,073,3302833,1732,968,0,968,16
2020-04-02,San Francisco,075,870044,830,473,0,473,6
2020-04-02,San Joaquin,077,732212,263,148,3,151,9
2020-04-02,San Luis Obispo,079,281455,139,79,1,80,0
2020-04-02,San Mateo,081,765935,779,423,2,425,13
2020-04-02,Santa Barbara,083,443738,249,125,1,126,1
2020-04-02,Santa Clara,085,1922200,1520,908,4,912,38
2020-04-02,Santa Cruz,087,273765,96,49,0,49,1
2020-04-02,Shasta,089,179085,26,7,0,7,1
2020-04-02,Sierra,091,2930,0,0,0,0,0
2020-04-02,Siskiyou,093,43540,4,3,0,3,0
2020-04-02,Solano,095,438530,136,65,0,65,0
2020-04-02,Sonoma,097,501317,157,76,0,76,1
2020-04-02,Stanislaus,099,539301,128,40,3,43,0
2020-04-02,Sutter,101,95872,21,10,0,10,1
2020-04-02,Tehama,103,63373,1,1,0,1,0
2020-04-02,Trinity,105,12862,0,0,0,0,0
2020-04-02,Tulare,107,460477,220,64,5,69,1
2020-04-02,Tuolumne,109,53932,3,1,0,1,0
2020-04-02,Ventura,111,848112,336,178,0,178,5
2020-04-02,Yolo,113,214977,72,29,0,29,1
2020-04-02,Yuba,115,75493,10,5,0,5,0
2020-04-01,Alameda,001,1643700,782,287,1,288,8
2020-04-01,Alpine,002,1148,1,1,0,1,0
2020-04-01,Amador,005,37829,5,1,0,1,0
2020-04-01,Butte,007,227075,17,6,1,7,0
2020-04-01,Calaveras,009,45235,6,3,0,3,0
2020-04-01,Colusa,011,21464,3,1,0,1,0
2020-04-01,Contra Costa,013,1133247,524,267,0,267,3
2020-04-01,Del Norte,015,27424,2,0,0,0,0
2020-04-01,El Dorado,017,186661,37,14,0,14,0
2020-04-01,Fresno,019,978130,277,75,3,78,0
2020-04-01,Glenn,021,27897,3,2,0,2,0
2020-04-01,Humboldt,023,135768,51,19,0,19,0
2020-04-01,Imperial,025,180216,95,25,0,25,0
2020-04-01,Inyo,027,18085,10,8,0,8,0
2020-04-01,Kern,029,883053,305,53,0,53,0
2020-04-01,Kings,031,150075,32,3,0,3,0
2020-04-01,Lake,033,64148,3,0,0,0,0
2020-04-01,Lassen,035,31185,3,0,2,2,0
2020-04-01,Los Angeles,037,10098052,7770,3502,13,3515,66
2020-04-01,Madera,039,155013,50,17,0,17,1
2020-04-01,Marin,041,260295,146,87,0,87,1
2020-04-01,Mariposa,043,17540,0,0,0,0,0
2020-04-01,Mendocino,045,87422,5,4,0,4,0
2020-04-01,Merced,047,269075,54,7,0,7,0
2020-04-01,Modoc,049,8938,0,0,0,0,0
2020-04-01,Mono,051,14174,28,12,0,12,1
2020-04-01,Monterey,053,433212,85,47,0,47,2
2020-04-01,Napa,055,140530,36,11,0,11,0
2020-04-01,Nevada,057,99092,35,15,1,16,0
2020-04-01,Orange,059,3164182,1416,579,13,592,11
2020-04-01,Placer,061,380077,128,52,0,52,2
2020-04-01,Plumas,063,18699,3,1,0,1,0
2020-04-01,Riverside,065,2383286,1428,306,12,318,11
2020-04-01,Sacramento,067,1510023,661,299,0,299,8
2020-04-01,San Benito,069,59416,29,14,0,14,1
2020-04-01,San Bernardino,071,2135413,831,245,0,245,5
2020-04-01,San Diego,073,3302833,1662,851,0,851,11
2020-04-01,San Francisco,075,870044,802,432,0,432,6
2020-04-01,San Joaquin,077,732212,251,132,3,135,8
2020-04-01,San Luis Obispo,079,281455,133,69,1,70,0
2020-04-01,San Mateo,081,765935,761,354,2,356,13
2020-04-01,Santa Barbara,083,443738,236,103,1,104,0
2020-04-01,Santa Clara,085,1922200,1478,805,4,809,33
2020-04-01,Santa Cruz,087,273765,91,44,0,44,1
2020-04-01,Shasta,089,179085,25,5,0,5,1
2020-04-01,Sierra,091,2930,0,0,0,0,0
2020-04-01,Siskiyou,093,43540,4,3,0,3,0
2020-04-01,Solano,095,438530,131,57,0,57,0
2020-04-01,Sonoma,097,501317,153,60,0,60,1
2020-04-01,Stanislaus,099,539301,117,29,3,32,0
2020-04-01,Sutter,101,95872,21,9,0,9,1
2020-04-01,Tehama,103,63373,1,0,0,0,0
2020-04-01,Trinity,105,12862,0,0,0,0,0
2020-04-01,Tulare,107,460477,182,43,5,48,1
2020-04-01,Tuolumne,109,53932,3,1,0,1,0
2020-04-01,Ventura,111,848112,323,154,0,154,5
2020-04-01,Yolo,113,214977,67,22,0,22,1
2020-04-01,Yuba,115,75493,9,5,0,5,0
2020-03-31,Alameda,001,1643700,716,269,1,270,7
2020-03-31,Alpine,002,1148,1,1,0,1,0
2020-03-31,Amador,005,37829,5,1,0,1,0
2020-03-31,Butte,007,227075,17,6,1,7,0
2020-03-31,Calaveras,009,45235,6,3,0,3,0
2020-03-31,Colusa,011,21464,3,1,0,1,0
2020-03-31,Contra Costa,013,1133247,499,246,0,246,3
2020-03-31,Del Norte,015,27424,1,0,0,0,0
2020-03-31,El Dorado,017,186661,33,14,0,14,0
2020-03-31,Fresno,019,978130,252,59,3,62,0
2020-03-31,Glenn,021,27897,3,2,0,2,0
2020-03-31,Humboldt,023,135768,51,18,0,18,0
2020-03-31,Imperial,025,180216,89,17,0,17,0
2020-03-31,Inyo,027,18085,10,8,0,8,0
2020-03-31,Kern,029,883053,281,47,0,47,0
2020-03-31,Kings,031,150075,30,2,0,2,0
2020-03-31,Lake,033,64148,1,0,0,0,0
2020-03-31,Lassen,035,31185,3,0,2,2,0
2020-03-31,Los Angeles,037,10098052,7108,3001,13,3014,53
2020-03-31,Madera,039,155013,49,17,0,17,1
2020-03-31,Marin,041,260295,137,85,0,85,1
2020-03-31,Mariposa,043,17540,0,0,0,0,0
2020-03-31,Mendocino,045,87422,5,4,0,4,0
2020-03-31,Merced,047,269075,45,6,0,6,0
2020-03-31,Modoc,049,8938,0,0,0,0,0
2020-03-31,Mono,051,14174,26,12,0,12,0
2020-03-31,Monterey,053,433212,83,43,0,43,2
2020-03-31,Napa,055,140530,35,9,0,9,0
2020-03-31,Nevada,057,99092,35,15,1,16,0
2020-03-31,Orange,059,3164182,1346,506,13,519,7
2020-03-31,Placer,061,380077,121,49,0,49,2
2020-03-31,Plumas,063,18699,1,0,0,0,0
2020-03-31,Riverside,065,2383286,1284,284,12,296,8
2020-03-31,Sacramento,067,1510023,609,271,0,271,8
2020-03-31,San Benito,069,59416,29,14,0,14,1
2020-03-31,San Bernardino,071,2135413,746,193,0,193,5
2020-03-31,San Diego,073,3302833,1580,736,0,736,9
2020-03-31,San Francisco,075,870044,767,404,0,404,5
2020-03-31,San Joaquin,077,732212,235,122,3,125,7
2020-03-31,San Luis Obispo,079,281455,129,67,1,68,0
2020-03-31,San Mateo,081,765935,742,297,2,299,12
2020-03-31,Santa Barbara,083,443738,221,89,1,90,0
2020-03-31,Santa Clara,085,1922200,1428,777,4,781,30
2020-03-31,Santa Cruz,087,273765,84,40,0,40,1
2020-03-31,Shasta,089,179085,22,5,0,5,1
2020-03-31,Sierra,091,2930,0,0,0,0,0
2020-03-31,Siskiyou,093,43540,4,3,0,3,0
2020-03-31,Solano,095,438530,117,56,0,56,0
2020-03-31,Sonoma,097,501317,148,58,0,58,1
2020-03-31,Stanislaus,099,539301,102,28,3,31,0
2020-03-31,Sutter,101,95872,21,8,0,8,0
2020-03-31,Tehama,103,63373,1,0,0,0,0
2020-03-31,Trinity,105,12862,0,0,0,0,0
2020-03-31,Tulare,107,460477,159,42,4,46,1
2020-03-31,Tuolumne,109,53932,3,1,0,1,0
2020-03-31,Ventura,111,848112,312,143,0,143,4
2020-03-31,Yolo,113,214977,60,21,0,21,1
2020-03-31,Yuba,115,75493,9,5,0,5,0
2020-03-30,Alameda,001,1643700,677,250,1,251,7
2020-03-30,Alpine,002,1148,1,1,0,1,0
2020-03-30,Amador,005,37829,5,1,0,1,0
2020-03-30,Butte,007,227075,15,5,1,6,0
2020-03-30,Calaveras,009,45235,6,3,0,3,0
2020-03-30,Colusa,011,21464,3,1,0,1,0
2020-03-30,Contra Costa,013,1133247,473,212,0,212,3
2020-03-30,Del Norte,015,27424,0,0,0,0,0
2020-03-30,El Dorado,017,186661,33,11,0,11,0
2020-03-30,Fresno,019,978130,227,46,3,49,0
2020-03-30,Glenn,021,27897,3,2,0,2,0
2020-03-30,Humboldt,023,135768,49,11,0,11,0
2020-03-30,Imperial,025,180216,86,9,0,9,0
2020-03-30,Inyo,027,18085,10,5,0,5,0
2020-03-30,Kern,029,883053,248,30,0,30,0
2020-03-30,Kings,031,150075,30,1,0,1,0
2020-03-30,Lake,033,64148,1,0,0,0,0
2020-03-30,Lassen,035,31185,3,0,1,1,0
2020-03-30,Los Angeles,037,10098052,6446,2467,13,2480,44
2020-03-30,Madera,039,155013,48,14,0,14,1
2020-03-30,Marin,041,260295,130,78,0,78,0
2020-03-30,Mariposa,043,17540,0,0,0,0,0
2020-03-30,Mendocino,045,87422,5,2,0,2,0
2020-03-30,Merced,047,269075,41,6,0,6,0
2020-03-30,Modoc,049,8938,0,0,0,0,0
2020-03-30,Mono,051,14174,26,11,0,11,0
2020-03-30,Monterey,053,433212,78,41,0,41,1
2020-03-30,Napa,055,140530,34,9,0,9,0
2020-03-30,Nevada,057,99092,34,14,1,15,0
2020-03-30,Orange,059,3164182,1281,418,13,431,5
2020-03-30,Placer,061,380077,118,44,0,44,2
2020-03-30,Plumas,063,18699,1,0,0,0,0
2020-03-30,Riverside,065,2383286,1203,204,12,216,7
2020-03-30,Sacramento,067,1510023,585,238,0,238,8
2020-03-30,San Benito,069,59416,29,11,0,11,1
2020-03-30,San Bernardino,071,2135413,702,145,0,145,4
2020-03-30,San Diego,073,3302833,1510,605,0,605,7
2020-03-30,San Francisco,075,870044,727,368,0,368,5
2020-03-30,San Joaquin,077,732212,228,112,3,115,5
2020-03-30,San Luis Obispo,079,281455,126,62,1,63,0
2020-03-30,San Mateo,081,765935,717,257,2,259,11
2020-03-30,Santa Barbara,083,443738,212,79,1,80,0
2020-03-30,Santa Clara,085,1922200,1397,745,3,748,31
2020-03-30,Santa Cruz,087,273765,81,36,0,36,1
2020-03-30,Shasta,089,179085,21,4,0,4,1
2020-03-30,Sierra,091,2930,0,0,0,0,0
2020-03-30,Siskiyou,093,43540,4,2,0,2,0
2020-03-30,Solano,095,438530,111,50,0,50,0
2020-03-30,Sonoma,097,501317,145,57,0,57,1
2020-03-30,Stanislaus,099,539301,95,28,3,31,0
2020-03-30,Sutter,101,95872,20,6,0,6,0
2020-03-30,Tehama,103,63373,1,0,0,0,0
2020-03-30,Trinity,105,12862,0,0,0,0,0
2020-03-30,Tulare,107,460477,147,40,3,43,1
2020-03-30,Tuolumne,109,53932,3,1,0,1,0
2020-03-30,Ventura,111,848112,301,118,0,118,2
2020-03-30,Yolo,113,214977,57,17,0,17,1
2020-03-30,Yuba,115,75493,8,5,0,5,0
2020-03-29,Alameda,001,1643700,643,207,1,208,6
2020-03-29,Alpine,002,1148,1,0,0,0,0
2020-03-29,Amador,005,37829,5,1,0,1,0
2020-03-29,Butte,007,227075,15,4,1,5,0
2020-03-29,Calaveras,009,45235,6,2,0,2,0
2020-03-29,Colusa,011,21464,3,1,0,1,0
2020-03-29,Contra Costa,013,1133247,443,187,0,187,3
2020-03-29,Del Norte,015,27424,0,0,0,0,0
2020-03-29,El Dorado,017,186661,32,9,0,9,0
2020-03-29,Fresno,019,978130,203,31,3,34,0
2020-03-29,Glenn,021,27897,2,1,0,1,0
2020-03-29,Humboldt,023,135768,46,9,0,9,0
2020-03-29,Imperial,025,180216,79,9,0,9,0
2020-03-29,Inyo,027,18085,9,0,0,0,0
2020-03-29,Kern,029,883053,230,20,0,20,0
2020-03-29,Kings,031,150075,27,1,0,1,0
2020-03-29,Lake,033,64148,0,0,0,0,0
2020-03-29,Lassen,035,31185,3,0,1,1,0
2020-03-29,Los Angeles,037,10098052,5796,2119,12,2131,37
2020-03-29,Madera,039,155013,43,11,0,11,1
2020-03-29,Marin,041,260295,125,60,0,60,0
2020-03-29,Mariposa,043,17540,0,0,0,0,0
2020-03-29,Mendocino,045,87422,5,2,0,2,0
2020-03-29,Merced,047,269075,38,4,0,4,0
2020-03-29,Modoc,049,8938,0,0,0,0,0
2020-03-29,Mono,051,14174,26,8,0,8,0
2020-03-29,Monterey,053,433212,73,36,0,36,1
2020-03-29,Napa,055,140530,32,5,0,5,0
2020-03-29,Nevada,057,99092,32,13,1,14,0
2020-03-29,Orange,059,3164182,1208,343,13,356,2
2020-03-29,Placer,061,380077,117,35,0,35,2
2020-03-29,Plumas,063,18699,1,0,0,0,0
2020-03-29,Riverside,065,2383286,1079,122,12,134,7
2020-03-29,Sacramento,067,1510023,545,217,0,217,7
2020-03-29,San Benito,069,59416,28,10,0,10,1
2020-03-29,San Bernardino,071,2135413,650,94,0,94,2
2020-03-29,San Diego,073,3302833,1438,521,0,521,7
2020-03-29,San Francisco,075,870044,683,333,0,333,5
2020-03-29,San Joaquin,077,732212,219,86,3,89,4
2020-03-29,San Luis Obispo,079,281455,119,55,0,55,0
2020-03-29,San Mateo,081,765935,692,234,2,236,12
2020-03-29,Santa Barbara,083,443738,204,52,1,53,0
2020-03-29,Santa Clara,085,1922200,1340,591,3,594,30
2020-03-29,Santa Cruz,087,273765,81,33,0,33,1
2020-03-29,Shasta,089,179085,20,4,0,4,1
2020-03-29,Sierra,091,2930,0,0,0,0,0
2020-03-29,Siskiyou,093,43540,4,2,0,2,0
2020-03-29,Solano,095,438530,103,48,0,48,0
2020-03-29,Sonoma,097,501317,143,35,0,35,1
2020-03-29,Stanislaus,099,539301,90,19,3,22,0
2020-03-29,Sutter,101,95872,17,6,0,6,0
2020-03-29,Tehama,103,63373,1,0,0,0,0
2020-03-29,Trinity,105,12862,0,0,0,0,0
2020-03-29,Tulare,107,460477,122,24,3,27,1
2020-03-29,Tuolumne,109,53932,2,1,0,1,0
2020-03-29,Ventura,111,848112,274,92,0,92,2
2020-03-29,Yolo,113,214977,52,13,0,13,1
2020-03-29,Yuba,115,75493,8,3,0,3,0
2020-03-28,Alameda,001,1643700,616,410,1,411,12
2020-03-28,Alpine,002,1148,1,0,0,0,0
2020-03-28,Amador,005,37829,5,2,0,2,0
2020-03-28,Butte,007,227075,15,8,1,9,0
2020-03-28,Calaveras,009,45235,6,4,0,4,0
2020-03-28,Colusa,011,21464,3,2,0,2,0
2020-03-28,Contra Costa,013,1133247,420,350,0,350,4
2020-03-28,Del Norte,015,27424,0,0,0,0,0
2020-03-28,El Dorado,017,186661,31,18,0,18,0
2020-03-28,Fresno,019,978130,193,62,3,65,0
2020-03-28,Glenn,021,27897,2,2,0,2,0
2020-03-28,Humboldt,023,135768,46,18,0,18,0
2020-03-28,Imperial,025,180216,74,18,0,18,0
2020-03-28,Inyo,027,18085,9,0,0,0,0
2020-03-28,Kern,029,883053,213,40,0,40,0
2020-03-28,Kings,031,150075,26,2,0,2,0
2020-03-28,Lake,033,64148,0,0,0,0,0
2020-03-28,Lassen,035,31185,3,0,1,1,0
2020-03-28,Los Angeles,037,10098052,5411,3600,11,3611,64
2020-03-28,Madera,039,155013,43,22,0,22,2
2020-03-28,Marin,041,260295,120,116,0,116,0
2020-03-28,Mariposa,043,17540,0,0,0,0,0
2020-03-28,Mendocino,045,87422,5,4,0,4,0
2020-03-28,Merced,047,269075,37,8,0,8,0
2020-03-28,Modoc,049,8938,0,0,0,0,0
2020-03-28,Mono,051,14174,24,12,0,12,0
2020-03-28,Monterey,053,433212,72,64,0,64,2
2020-03-28,Napa,055,140530,27,10,0,10,0
2020-03-28,Nevada,057,99092,32,22,1,23,0
2020-03-28,Orange,059,3164182,1172,656,13,669,4
2020-03-28,Placer,061,380077,112,70,0,70,2
2020-03-28,Plumas,063,18699,1,0,0,0,0
2020-03-28,Riverside,065,2383286,1011,242,12,254,14
2020-03-28,Sacramento,067,1510023,527,406,0,406,14
2020-03-28,San Benito,069,59416,28,20,0,20,2
2020-03-28,San Bernardino,071,2135413,603,162,0,162,4
2020-03-28,San Diego,073,3302833,1379,980,0,980,14
2020-03-28,San Francisco,075,870044,659,600,0,600,6
2020-03-28,San Joaquin,077,732212,212,166,3,169,8
2020-03-28,San Luis Obispo,079,281455,117,104,0,104,0
2020-03-28,San Mateo,081,765935,672,462,2,464,17
2020-03-28,Santa Barbara,083,443738,194,98,1,99,0
2020-03-28,Santa Clara,085,1922200,1321,1174,3,1177,54
2020-03-28,Santa Cruz,087,273765,80,62,0,62,0
2020-03-28,Shasta,089,179085,20,8,0,8,2
2020-03-28,Sierra,091,2930,0,0,0,0,0
2020-03-28,Siskiyou,093,43540,4,4,0,4,0
2020-03-28,Solano,095,438530,99,96,0,96,0
2020-03-28,Sonoma,097,501317,141,70,0,70,2
2020-03-28,Stanislaus,099,539301,85,34,3,37,0
2020-03-28,Sutter,101,95872,17,6,0,6,0
2020-03-28,Tehama,103,63373,1,0,0,0,0
2020-03-28,Trinity,105,12862,0,0,0,0,0
2020-03-28,Tulare,107,460477,114,46,3,49,0
2020-03-28,Tuolumne,109,53932,2,2,0,2,0
2020-03-28,Ventura,111,848112,270,178,0,178,4
2020-03-28,Yolo,113,214977,51,26,0,26,2
2020-03-28,Yuba,115,75493,8,6,0,6,0
2020-03-27,Alameda,001,1643700,597,185,1,186,4
2020-03-27,Alpine,002,1148,1,0,0,0,0
2020-03-27,Amador,005,37829,4,1,0,1,0
2020-03-27,Butte,007,227075,13,4,1,5,0
2020-03-27,Calaveras,009,45235,6,2,0,2,0
2020-03-27,Colusa,011,21464,3,0,0,0,0
2020-03-27,Contra Costa,013,1133247,399,161,0,161,2
2020-03-27,Del Norte,015,27424,0,0,0,0,0
2020-03-27,El Dorado,017,186661,29,9,0,9,0
2020-03-27,Fresno,019,978130,181,29,2,31,0
2020-03-27,Glenn,021,27897,2,0,0,0,0
2020-03-27,Humboldt,023,135768,42,9,0,9,0
2020-03-27,Imperial,025,180216,69,9,0,9,0
2020-03-27,Inyo,027,18085,9,0,0,0,0
2020-03-27,Kern,029,883053,200,20,0,20,0
2020-03-27,Kings,031,150075,25,0,0,0,0
2020-03-27,Lake,033,64148,0,0,0,0,0
2020-03-27,Lassen,035,31185,3,0,1,1,0
2020-03-27,Los Angeles,037,10098052,5003,1474,11,1485,26
2020-03-27,Madera,039,155013,41,10,0,10,1
2020-03-27,Marin,041,260295,115,58,0,58,0
2020-03-27,Mariposa,043,17540,0,0,0,0,0
2020-03-27,Mendocino,045,87422,5,2,0,2,0
2020-03-27,Merced,047,269075,35,3,0,3,0
2020-03-27,Modoc,049,8938,0,0,0,0,0
2020-03-27,Mono,051,14174,24,6,0,6,0
2020-03-27,Monterey,053,433212,69,26,0,26,1
2020-03-27,Napa,055,140530,27,5,0,5,0
2020-03-27,Nevada,057,99092,32,6,1,7,0
2020-03-27,Orange,059,3164182,1122,299,13,312,2
2020-03-27,Placer,061,380077,109,33,0,33,1
2020-03-27,Plumas,063,18699,0,0,0,0,0
2020-03-27,Riverside,065,2383286,955,121,12,133,7
2020-03-27,Sacramento,067,1510023,504,163,0,163,6
2020-03-27,San Benito,069,59416,27,9,0,9,1
2020-03-27,San Bernardino,071,2135413,513,77,0,77,2
2020-03-27,San Diego,073,3302833,1322,419,0,419,5
2020-03-27,San Francisco,075,870044,634,285,0,285,2
2020-03-27,San Joaquin,077,732212,201,73,3,76,3
2020-03-27,San Luis Obispo,079,281455,115,46,0,46,0
2020-03-27,San Mateo,081,765935,646,213,2,215,7
2020-03-27,Santa Barbara,083,443738,180,37,1,38,0
2020-03-27,Santa Clara,085,1922200,1283,557,3,560,25
2020-03-27,Santa Cruz,087,273765,79,31,0,31,0
2020-03-27,Shasta,089,179085,17,3,0,3,1
2020-03-27,Sierra,091,2930,0,0,0,0,0
2020-03-27,Siskiyou,093,43540,4,2,0,2,0
2020-03-27,Solano,095,438530,93,48,0,48,0
2020-03-27,Sonoma,097,501317,133,35,0,35,1
2020-03-27,Stanislaus,099,539301,83,16,3,19,0
2020-03-27,Sutter,101,95872,16,2,0,2,0
2020-03-27,Tehama,103,63373,1,0,0,0,0
2020-03-27,Trinity,105,12862,0,0,0,0,0
2020-03-27,Tulare,107,460477,106,15,3,18,0
2020-03-27,Tuolumne,109,53932,2,1,0,1,0
2020-03-27,Ventura,111,848112,261,80,0,80,2
2020-03-27,Yolo,113,214977,50,13,0,13,1
2020-03-27,Yuba,115,75493,7,3,0,3,0
2020-03-26,Alameda,001,1643700,557,172,1,173,4
2020-03-26,Alpine,002,1148,1,0,0,0,0
2020-03-26,Amador,005,37829,4,1,0,1,0
2020-03-26,Butte,007,227075,13,4,1,5,0
2020-03-26,Calaveras,009,45235,6,2,0,2,0
2020-03-26,Colusa,011,21464,3,0,0,0,0
2020-03-26,Contra Costa,013,1133247,388,147,0,147,2
2020-03-26,Del Norte,015,27424,0,0,0,0,0
2020-03-26,El Dorado,017,186661,27,7,0,7,0
2020-03-26,Fresno,019,978130,172,25,2,27,0
2020-03-26,Glenn,021,27897,2,0,0,0,0
2020-03-26,Humboldt,023,135768,38,8,0,8,0
2020-03-26,Imperial,025,180216,65,8,0,8,0
2020-03-26,Inyo,027,18085,8,0,0,0,0
2020-03-26,Kern,029,883053,184,20,0,20,0
2020-03-26,Kings,031,150075,25,0,0,0,0
2020-03-26,Lake,033,64148,0,0,0,0,0
2020-03-26,Lassen,035,31185,3,0,1,1,0
2020-03-26,Los Angeles,037,10098052,4596,1075,11,1086,19
2020-03-26,Madera,039,155013,39,8,0,8,0
2020-03-26,Marin,041,260295,106,56,0,56,0
2020-03-26,Mariposa,043,17540,0,0,0,0,0
2020-03-26,Mendocino,045,87422,4,1,0,1,0
2020-03-26,Merced,047,269075,32,1,0,1,0
2020-03-26,Modoc,049,8938,0,0,0,0,0
2020-03-26,Mono,051,14174,23,5,0,5,0
2020-03-26,Monterey,053,433212,66,25,0,25,1
2020-03-26,Napa,055,140530,26,5,0,5,0
2020-03-26,Nevada,057,99092,32,7,1,8,0
2020-03-26,Orange,059,3164182,1060,279,11,290,1
2020-03-26,Placer,061,380077,106,34,0,34,1
2020-03-26,Plumas,063,18699,0,0,0,0,0
2020-03-26,Riverside,065,2383286,884,118,12,130,7
2020-03-26,Sacramento,067,1510023,471,147,0,147,5
2020-03-26,San Benito,069,59416,27,8,0,8,1
2020-03-26,San Bernardino,071,2135413,447,57,0,57,1
2020-03-26,San Diego,073,3302833,1255,299,0,299,2
2020-03-26,San Francisco,075,870044,607,261,0,261,1
2020-03-26,San Joaquin,077,732212,190,69,3,72,3
2020-03-26,San Luis Obispo,079,281455,110,38,0,38,0
2020-03-26,San Mateo,081,765935,612,122,2,124,5
2020-03-26,Santa Barbara,083,443738,167,33,1,34,0
2020-03-26,Santa Clara,085,1922200,1238,487,2,489,20
2020-03-26,Santa Cruz,087,273765,75,30,0,30,0
2020-03-26,Shasta,089,179085,17,3,0,3,1
2020-03-26,Sierra,091,2930,0,0,0,0,0
2020-03-26,Siskiyou,093,43540,4,2,0,2,0
2020-03-26,Solano,095,438530,85,41,0,41,0
2020-03-26,Sonoma,097,501317,128,33,0,33,1
2020-03-26,Stanislaus,099,539301,81,15,3,18,0
2020-03-26,Sutter,101,95872,12,2,0,2,0
2020-03-26,Tehama,103,63373,1,0,0,0,0
2020-03-26,Trinity,105,12862,0,0,0,0,0
2020-03-26,Tulare,107,460477,97,15,3,18,0
2020-03-26,Tuolumne,109,53932,2,0,0,0,0
2020-03-26,Ventura,111,848112,245,70,0,70,1
2020-03-26,Yolo,113,214977,46,13,0,13,1
2020-03-26,Yuba,115,75493,7,3,0,3,0
2020-03-25,Alameda,001,1643700,536,134,1,135,3
2020-03-25,Alpine,002,1148,1,0,0,0,0
2020-03-25,Amador,005,37829,4,1,0,1,0
2020-03-25,Butte,007,227075,13,4,1,5,0
2020-03-25,Calaveras,009,45235,6,2,0,2,0
2020-03-25,Colusa,011,21464,2,0,0,0,0
2020-03-25,Contra Costa,013,1133247,374,131,0,131,1
2020-03-25,Del Norte,015,27424,0,0,0,0,0
2020-03-25,El Dorado,017,186661,27,5,0,5,0
2020-03-25,Fresno,019,978130,152,21,2,23,0
2020-03-25,Glenn,021,27897,2,0,0,0,0
2020-03-25,Humboldt,023,135768,35,3,0,3,0
2020-03-25,Imperial,025,180216,57,8,0,8,0
2020-03-25,Inyo,027,18085,5,0,0,0,0
2020-03-25,Kern,029,883053,164,13,0,13,0
2020-03-25,Kings,031,150075,23,0,0,0,0
2020-03-25,Lake,033,64148,0,0,0,0,0
2020-03-25,Lassen,035,31185,3,0,1,1,0
2020-03-25,Los Angeles,037,10098052,4196,725,11,736,10
2020-03-25,Madera,039,155013,37,6,0,6,0
2020-03-25,Marin,041,260295,100,47,0,47,0
2020-03-25,Mariposa,043,17540,0,0,0,0,0
2020-03-25,Mendocino,045,87422,3,1,0,1,0
2020-03-25,Merced,047,269075,29,0,0,0,0
2020-03-25,Modoc,049,8938,0,0,0,0,0
2020-03-25,Mono,051,14174,22,4,0,4,0
2020-03-25,Monterey,053,433212,63,23,0,23,1
2020-03-25,Napa,055,140530,26,5,0,5,0
2020-03-25,Nevada,057,99092,31,5,1,6,0
2020-03-25,Orange,059,3164182,1002,214,9,223,1
2020-03-25,Placer,061,380077,100,30,0,30,1
2020-03-25,Plumas,063,18699,0,1,0,1,0
2020-03-25,Riverside,065,2383286,813,87,12,99,5
2020-03-25,Sacramento,067,1510023,445,114,0,114,5
2020-03-25,San Benito,069,59416,26,4,0,4,1
2020-03-25,San Bernardino,071,2135413,408,46,0,46,1
2020-03-25,San Diego,073,3302833,1193,238,0,238,2
2020-03-25,San Francisco,075,870044,566,212,0,212,1
2020-03-25,San Joaquin,077,732212,177,64,3,67,2
2020-03-25,San Luis Obispo,079,281455,105,35,0,35,0
2020-03-25,San Mateo,081,765935,577,111,2,113,5
2020-03-25,Santa Barbara,083,443738,157,25,1,26,0
2020-03-25,Santa Clara,085,1922200,1194,452,2,454,20
2020-03-25,Santa Cruz,087,273765,72,26,0,26,0
2020-03-25,Shasta,089,179085,16,3,0,3,1
2020-03-25,Sierra,091,2930,0,0,0,0,0
2020-03-25,Siskiyou,093,43540,4,2,0,2,0
2020-03-25,Solano,095,438530,80,39,0,39,0
2020-03-25,Sonoma,097,501317,123,31,0,31,1
2020-03-25,Stanislaus,099,539301,74,14,3,17,0
2020-03-25,Sutter,101,95872,9,1,0,1,0
2020-03-25,Tehama,103,63373,1,0,0,0,0
2020-03-25,Trinity,105,12862,0,0,0,0,0
2020-03-25,Tulare,107,460477,87,11,3,14,0
2020-03-25,Tuolumne,109,53932,2,0,0,0,0
2020-03-25,Ventura,111,848112,229,53,0,53,1
2020-03-25,Yolo,113,214977,44,9,0,9,1
2020-03-25,Yuba,115,75493,7,2,0,2,0
2020-03-24,Alameda,001,1643700,504,96,1,97,2
2020-03-24,Alpine,002,1148,1,0,0,0,0
2020-03-24,Amador,005,37829,2,1,0,1,0
2020-03-24,Butte,007,227075,12,3,1,4,0
2020-03-24,Calaveras,009,45235,5,2,0,2,0
2020-03-24,Colusa,011,21464,2,0,0,0,0
2020-03-24,Contra Costa,013,1133247,361,108,0,108,1
2020-03-24,Del Norte,015,27424,0,0,0,0,0
2020-03-24,El Dorado,017,186661,27,3,0,3,0
2020-03-24,Fresno,019,978130,133,18,2,20,0
2020-03-24,Glenn,021,27897,2,0,0,0,0
2020-03-24,Humboldt,023,135768,33,2,0,2,0
2020-03-24,Imperial,025,180216,54,3,0,3,0
2020-03-24,Inyo,027,18085,5,0,0,0,0
2020-03-24,Kern,029,883053,144,5,0,5,0
2020-03-24,Kings,031,150075,22,0,0,0,0
2020-03-24,Lake,033,64148,0,0,0,0,0
2020-03-24,Lassen,035,31185,3,0,1,1,0
2020-03-24,Los Angeles,037,10098052,3752,633,11,644,7
2020-03-24,Madera,039,155013,36,6,0,6,0
2020-03-24,Marin,041,260295,89,44,0,44,0
2020-03-24,Mariposa,043,17540,0,0,0,0,0
2020-03-24,Mendocino,045,87422,3,1,0,1,0
2020-03-24,Merced,047,269075,26,0,0,0,0
2020-03-24,Modoc,049,8938,0,0,0,0,0
2020-03-24,Mono,051,14174,21,1,0,1,0
2020-03-24,Monterey,053,433212,59,23,0,23,1
2020-03-24,Napa,055,140530,23,2,0,2,0
2020-03-24,Nevada,057,99092,30,4,1,5,0
2020-03-24,Orange,059,3164182,940,166,9,175,0
2020-03-24,Placer,061,380077,93,22,0,22,1
2020-03-24,Plumas,063,18699,0,1,0,1,0
2020-03-24,Riverside,065,2383286,746,56,12,68,5
2020-03-24,Sacramento,067,1510023,426,93,0,93,4
2020-03-24,San Benito,069,59416,25,4,0,4,1
2020-03-24,San Bernardino,071,2135413,364,27,0,27,0
2020-03-24,San Diego,073,3302833,1126,231,0,231,2
2020-03-24,San Francisco,075,870044,534,181,0,181,1
2020-03-24,San Joaquin,077,732212,166,52,3,55,2
2020-03-24,San Luis Obispo,079,281455,102,32,0,32,0
2020-03-24,San Mateo,081,765935,536,100,2,102,2
2020-03-24,Santa Barbara,083,443738,151,20,1,21,0
2020-03-24,Santa Clara,085,1922200,1125,389,2,391,17
2020-03-24,Santa Cruz,087,273765,67,22,0,22,0
2020-03-24,Shasta,089,179085,15,3,0,3,0
2020-03-24,Sierra,091,2930,0,0,0,0,0
2020-03-24,Siskiyou,093,43540,4,2,0,2,0
2020-03-24,Solano,095,438530,78,34,0,34,0
2020-03-24,Sonoma,097,501317,116,27,0,27,1
2020-03-24,Stanislaus,099,539301,65,13,3,16,0
2020-03-24,Sutter,101,95872,9,0,0,0,0
2020-03-24,Tehama,103,63373,1,0,0,0,0
2020-03-24,Trinity,105,12862,0,0,0,0,0
2020-03-24,Tulare,107,460477,77,10,3,13,0
2020-03-24,Tuolumne,109,53932,2,0,0,0,0
2020-03-24,Ventura,111,848112,213,44,0,44,1
2020-03-24,Yolo,113,214977,40,8,0,8,0
2020-03-24,Yuba,115,75493,7,2,0,2,0
2020-03-23,Alameda,001,1643700,472,88,1,89,1
2020-03-23,Alpine,002,1148,1,0,0,0,0
2020-03-23,Amador,005,37829,2,1,0,1,0
2020-03-23,Butte,007,227075,12,2,0,2,0
2020-03-23,Calaveras,009,45235,5,2,0,2,0
2020-03-23,Colusa,011,21464,1,0,0,0,0
2020-03-23,Contra Costa,013,1133247,341,91,0,91,2
2020-03-23,Del Norte,015,27424,0,0,0,0,0
2020-03-23,El Dorado,017,186661,26,3,0,3,0
2020-03-23,Fresno,019,978130,123,10,2,12,0
2020-03-23,Glenn,021,27897,2,0,0,0,0
2020-03-23,Humboldt,023,135768,31,2,0,2,0
2020-03-23,Imperial,025,180216,50,2,0,2,0
2020-03-23,Inyo,027,18085,3,0,0,0,0
2020-03-23,Kern,029,883053,130,5,0,5,0
2020-03-23,Kings,031,150075,22,0,0,0,0
2020-03-23,Lake,033,64148,0,0,0,0,0
2020-03-23,Lassen,035,31185,3,0,1,1,0
2020-03-23,Los Angeles,037,10098052,3444,389,10,399,4
2020-03-23,Madera,039,155013,36,4,0,4,0
2020-03-23,Marin,041,260295,84,30,0,30,0
2020-03-23,Mariposa,043,17540,0,0,0,0,0
2020-03-23,Mendocino,045,87422,3,1,0,1,0
2020-03-23,Merced,047,269075,19,0,0,0,0
2020-03-23,Modoc,049,8938,0,0,0,0,0
2020-03-23,Mono,051,14174,19,1,0,1,0
2020-03-23,Monterey,053,433212,54,14,0,14,1
2020-03-23,Napa,055,140530,21,1,0,1,0
2020-03-23,Nevada,057,99092,27,2,1,3,0
2020-03-23,Orange,059,3164182,885,138,7,145,0
2020-03-23,Placer,061,380077,90,19,0,19,1
2020-03-23,Plumas,063,18699,0,0,0,0,0
2020-03-23,Riverside,065,2383286,703,39,12,51,5
2020-03-23,Sacramento,067,1510023,393,87,0,87,4
2020-03-23,San Benito,069,59416,24,4,0,4,1
2020-03-23,San Bernardino,071,2135413,334,17,0,17,0
2020-03-23,San Diego,073,3302833,1067,178,0,178,1
2020-03-23,San Francisco,075,870044,505,152,0,152,0
2020-03-23,San Joaquin,077,732212,154,37,3,40,2
2020-03-23,San Luis Obispo,079,281455,96,23,0,23,0
2020-03-23,San Mateo,081,765935,497,88,2,90,1
2020-03-23,Santa Barbara,083,443738,133,18,1,19,0
2020-03-23,Santa Clara,085,1922200,1076,336,2,338,13
2020-03-23,Santa Cruz,087,273765,65,21,0,21,0
2020-03-23,Shasta,089,179085,13,2,0,2,0
2020-03-23,Sierra,091,2930,0,0,0,0,0
2020-03-23,Siskiyou,093,43540,4,2,0,2,0
2020-03-23,Solano,095,438530,74,33,0,33,0
2020-03-23,Sonoma,097,501317,104,19,0,19,1
2020-03-23,Stanislaus,099,539301,57,10,3,13,0
2020-03-23,Sutter,101,95872,9,0,0,0,0
2020-03-23,Tehama,103,63373,1,0,0,0,0
2020-03-23,Trinity,105,12862,0,0,0,0,0
2020-03-23,Tulare,107,460477,68,9,3,12,0
2020-03-23,Tuolumne,109,53932,2,0,0,0,0
2020-03-23,Ventura,111,848112,196,30,0,30,0
2020-03-23,Yolo,113,214977,39,8,0,8,0
2020-03-23,Yuba,115,75493,7,2,0,2,0
2020-03-22,Alameda,001,1643700,433,72,1,73,1
2020-03-22,Alpine,002,1148,1,0,0,0,0
2020-03-22,Amador,005,37829,2,1,0,1,0
2020-03-22,Butte,007,227075,8,1,0,1,0
2020-03-22,Calaveras,009,45235,4,2,0,2,0
2020-03-22,Colusa,011,21464,1,0,0,0,0
2020-03-22,Contra Costa,013,1133247,314,79,0,79,1
2020-03-22,Del Norte,015,27424,0,0,0,0,0
2020-03-22,El Dorado,017,186661,24,1,0,1,0
2020-03-22,Fresno,019,978130,103,8,2,10,0
2020-03-22,Glenn,021,27897,2,0,0,0,0
2020-03-22,Humboldt,023,135768,28,1,0,1,0
2020-03-22,Imperial,025,180216,48,2,0,2,0
2020-03-22,Inyo,027,18085,1,0,0,0,0
2020-03-22,Kern,029,883053,114,3,0,3,0
2020-03-22,Kings,031,150075,19,0,0,0,0
2020-03-22,Lake,033,64148,0,0,0,0,0
2020-03-22,Lassen,035,31185,3,0,1,1,0
2020-03-22,Los Angeles,037,10098052,3114,384,10,394,3
2020-03-22,Madera,039,155013,33,4,0,4,0
2020-03-22,Marin,041,260295,74,30,0,30,0
2020-03-22,Mariposa,043,17540,0,0,0,0,0
2020-03-22,Mendocino,045,87422,3,1,0,1,0
2020-03-22,Merced,047,269075,16,0,0,0,0
2020-03-22,Modoc,049,8938,0,0,0,0,0
2020-03-22,Mono,051,14174,14,1,0,1,0
2020-03-22,Monterey,053,433212,51,14,0,14,1
2020-03-22,Napa,055,140530,17,1,0,1,0
2020-03-22,Nevada,057,99092,23,2,1,3,0
2020-03-22,Orange,059,3164182,812,102,4,106,0
2020-03-22,Placer,061,380077,88,18,0,18,1
2020-03-22,Plumas,063,18699,0,0,0,0,0
2020-03-22,Riverside,065,2383286,613,26,8,34,5
2020-03-22,Sacramento,067,1510023,361,82,0,82,4
2020-03-22,San Benito,069,59416,19,4,0,4,1
2020-03-22,San Bernardino,071,2135413,290,16,0,16,0
2020-03-22,San Diego,073,3302833,979,161,0,161,0
2020-03-22,San Francisco,075,870044,468,134,0,134,0
2020-03-22,San Joaquin,077,732212,140,30,3,33,2
2020-03-22,San Luis Obispo,079,281455,89,19,0,19,0
2020-03-22,San Mateo,081,765935,464,82,2,84,1
2020-03-22,Santa Barbara,083,443738,119,16,1,17,0
2020-03-22,Santa Clara,085,1922200,1012,284,2,286,13
2020-03-22,Santa Cruz,087,273765,64,19,0,19,0
2020-03-22,Shasta,089,179085,13,1,0,1,0
2020-03-22,Sierra,091,2930,0,0,0,0,0
2020-03-22,Siskiyou,093,43540,4,2,0,2,0
2020-03-22,Solano,095,438530,65,30,0,30,0
2020-03-22,Sonoma,097,501317,99,18,0,18,1
2020-03-22,Stanislaus,099,539301,51,8,3,11,0
2020-03-22,Sutter,101,95872,8,0,0,0,0
2020-03-22,Tehama,103,63373,0,0,0,0,0
2020-03-22,Trinity,105,12862,0,0,0,0,0
2020-03-22,Tulare,107,460477,62,5,3,8,0
2020-03-22,Tuolumne,109,53932,2,0,0,0,0
2020-03-22,Ventura,111,848112,174,26,0,26,0
2020-03-22,Yolo,113,214977,33,6,0,6,0
2020-03-22,Yuba,115,75493,7,2,0,2,0
2020-03-21,Alameda,001,1643700,409,62,1,63,0
2020-03-21,Alpine,002,1148,1,0,0,0,0
2020-03-21,Amador,005,37829,2,1,0,1,0
2020-03-21,Butte,007,227075,7,1,0,1,0
2020-03-21,Calaveras,009,45235,4,2,0,2,0
2020-03-21,Colusa,011,21464,1,0,0,0,0
2020-03-21,Contra Costa,013,1133247,303,62,0,62,1
2020-03-21,Del Norte,015,27424,0,0,0,0,0
2020-03-21,El Dorado,017,186661,21,1,0,1,0
2020-03-21,Fresno,019,978130,99,8,2,10,0
2020-03-21,Glenn,021,27897,2,0,0,0,0
2020-03-21,Humboldt,023,135768,25,1,0,1,0
2020-03-21,Imperial,025,180216,44,2,0,2,0
2020-03-21,Inyo,027,18085,1,0,0,0,0
2020-03-21,Kern,029,883053,108,3,0,3,0
2020-03-21,Kings,031,150075,19,0,0,0,0
2020-03-21,Lake,033,64148,0,0,0,0,0
2020-03-21,Lassen,035,31185,3,0,1,1,0
2020-03-21,Los Angeles,037,10098052,2837,322,10,332,2
2020-03-21,Madera,039,155013,33,4,0,4,0
2020-03-21,Marin,041,260295,69,30,0,30,0
2020-03-21,Mariposa,043,17540,0,0,0,0,0
2020-03-21,Mendocino,045,87422,3,1,0,1,0
2020-03-21,Merced,047,269075,12,0,0,0,0
2020-03-21,Modoc,049,8938,0,0,0,0,0
2020-03-21,Mono,051,14174,14,1,0,1,0
2020-03-21,Monterey,053,433212,48,8,0,8,1
2020-03-21,Napa,055,140530,17,0,0,0,0
2020-03-21,Nevada,057,99092,23,2,1,3,0
2020-03-21,Orange,059,3164182,763,85,4,89,0
2020-03-21,Placer,061,380077,78,11,0,11,1
2020-03-21,Plumas,063,18699,0,0,0,0,0
2020-03-21,Riverside,065,2383286,566,20,8,28,3
2020-03-21,Sacramento,067,1510023,334,66,0,66,3
2020-03-21,San Benito,069,59416,17,4,0,4,1
2020-03-21,San Bernardino,071,2135413,270,13,0,13,0
2020-03-21,San Diego,073,3302833,901,121,0,121,0
2020-03-21,San Francisco,075,870044,432,106,0,106,0
2020-03-21,San Joaquin,077,732212,131,26,3,29,2
2020-03-21,San Luis Obispo,079,281455,84,16,0,16,0
2020-03-21,San Mateo,081,765935,426,78,2,80,1
2020-03-21,Santa Barbara,083,443738,109,8,1,9,0
2020-03-21,Santa Clara,085,1922200,950,269,2,271,10
2020-03-21,Santa Cruz,087,273765,62,17,0,17,0
2020-03-21,Shasta,089,179085,12,1,0,1,0
2020-03-21,Sierra,091,2930,0,0,0,0,0
2020-03-21,Siskiyou,093,43540,4,0,0,0,0
2020-03-21,Solano,095,438530,63,30,0,30,0
2020-03-21,Sonoma,097,501317,98,15,0,15,1
2020-03-21,Stanislaus,099,539301,45,7,3,10,0
2020-03-21,Sutter,101,95872,7,0,0,0,0
2020-03-21,Tehama,103,63373,0,0,0,0,0
2020-03-21,Trinity,105,12862,0,0,0,0,0
2020-03-21,Tulare,107,460477,54,5,3,8,0
2020-03-21,Tuolumne,109,53932,2,0,0,0,0
2020-03-21,Ventura,111,848112,166,22,0,22,0
2020-03-21,Yolo,113,214977,33,6,0,6,0
2020-03-21,Yuba,115,75493,7,1,0,1,0
2020-03-20,Alameda,001,1643700,388,42,1,43,0
2020-03-20,Alpine,002,1148,1,0,0,0,0
2020-03-20,Amador,005,37829,1,0,0,0,0
2020-03-20,Butte,007,227075,7,0,0,0,0
2020-03-20,Calaveras,009,45235,4,2,0,2,0
2020-03-20,Colusa,011,21464,1,0,0,0,0
2020-03-20,Contra Costa,013,1133247,273,52,0,52,1
2020-03-20,Del Norte,015,27424,0,0,0,0,0
2020-03-20,El Dorado,017,186661,20,1,0,1,0
2020-03-20,Fresno,019,978130,96,7,2,9,0
2020-03-20,Glenn,021,27897,1,0,0,0,0
2020-03-20,Humboldt,023,135768,25,1,0,1,0
2020-03-20,Imperial,025,180216,43,2,0,2,0
2020-03-20,Inyo,027,18085,0,0,0,0,0
2020-03-20,Kern,029,883053,93,3,0,3,0
2020-03-20,Kings,031,150075,18,0,0,0,0
2020-03-20,Lake,033,64148,0,0,0,0,0
2020-03-20,Lassen,035,31185,3,0,1,1,0
2020-03-20,Los Angeles,037,10098052,2609,267,9,276,1
2020-03-20,Madera,039,155013,32,4,0,4,0
2020-03-20,Marin,041,260295,66,30,0,30,0
2020-03-20,Mariposa,043,17540,0,0,0,0,0
2020-03-20,Mendocino,045,87422,3,1,0,1,0
2020-03-20,Merced,047,269075,10,0,0,0,0
2020-03-20,Modoc,049,8938,0,0,0,0,0
2020-03-20,Mono,051,14174,14,0,0,0,0
2020-03-20,Monterey,053,433212,47,4,0,4,0
2020-03-20,Napa,055,140530,16,0,0,0,0
2020-03-20,Nevada,057,99092,20,2,1,3,0
2020-03-20,Orange,059,3164182,716,71,4,75,2
2020-03-20,Placer,061,380077,72,9,0,9,1
2020-03-20,Plumas,063,18699,0,0,0,0,0
2020-03-20,Riverside,065,2383286,507,19,8,27,3
2020-03-20,Sacramento,067,1510023,313,56,0,56,4
2020-03-20,San Benito,069,59416,17,4,0,4,1
2020-03-20,San Bernardino,071,2135413,243,9,0,9,0
2020-03-20,San Diego,073,3302833,849,98,0,98,0
2020-03-20,San Francisco,075,870044,399,87,0,87,0
2020-03-20,San Joaquin,077,732212,116,18,3,21,2
2020-03-20,San Luis Obispo,079,281455,80,11,0,11,0
2020-03-20,San Mateo,081,765935,396,71,2,73,1
2020-03-20,Santa Barbara,083,443738,97,7,1,8,0
2020-03-20,Santa Clara,085,1922200,914,246,2,248,8
2020-03-20,Santa Cruz,087,273765,60,13,0,13,0
2020-03-20,Shasta,089,179085,11,1,0,1,0
2020-03-20,Sierra,091,2930,0,0,0,0,0
2020-03-20,Siskiyou,093,43540,4,0,0,0,0
2020-03-20,Solano,095,438530,59,29,0,29,0
2020-03-20,Sonoma,097,501317,90,7,0,7,0
2020-03-20,Stanislaus,099,539301,39,7,3,10,0
2020-03-20,Sutter,101,95872,7,0,0,0,0
2020-03-20,Tehama,103,63373,0,0,0,0,0
2020-03-20,Trinity,105,12862,0,0,0,0,0
2020-03-20,Tulare,107,460477,50,4,3,7,0
2020-03-20,Tuolumne,109,53932,2,0,0,0,0
2020-03-20,Ventura,111,848112,156,18,0,18,0
2020-03-20,Yolo,113,214977,31,5,0,5,0
2020-03-20,Yuba,115,75493,6,0,0,0,0
2020-03-19,Alameda,001,1643700,352,36,1,37,0
2020-03-19,Alpine,002,1148,1,0,0,0,0
2020-03-19,Amador,005,37829,1,0,0,0,0
2020-03-19,Butte,007,227075,5,0,0,0,0
2020-03-19,Calaveras,009,45235,4,2,0,2,0
2020-03-19,Colusa,011,21464,0,0,0,0,0
2020-03-19,Contra Costa,013,1133247,257,46,0,46,0
2020-03-19,Del Norte,015,27424,0,0,0,0,0
2020-03-19,El Dorado,017,186661,18,0,0,0,0
2020-03-19,Fresno,019,978130,87,6,2,8,0
2020-03-19,Glenn,021,27897,1,0,0,0,0
2020-03-19,Humboldt,023,135768,23,1,0,1,0
2020-03-19,Imperial,025,180216,36,2,0,2,0
2020-03-19,Inyo,027,18085,0,0,0,0,0
2020-03-19,Kern,029,883053,81,3,0,3,0
2020-03-19,Kings,031,150075,14,0,0,0,0
2020-03-19,Lake,033,64148,0,0,0,0,0
2020-03-19,Lassen,035,31185,2,0,1,1,0
2020-03-19,Los Angeles,037,10098052,2319,233,9,242,0
2020-03-19,Madera,039,155013,31,3,0,3,0
2020-03-19,Marin,041,260295,63,19,0,19,0
2020-03-19,Mariposa,043,17540,0,0,0,0,0
2020-03-19,Mendocino,045,87422,2,1,0,1,0
2020-03-19,Merced,047,269075,9,0,0,0,0
2020-03-19,Modoc,049,8938,0,0,0,0,0
2020-03-19,Mono,051,14174,12,0,0,0,0
2020-03-19,Monterey,053,433212,39,3,0,3,0
2020-03-19,Napa,055,140530,14,0,0,0,0
2020-03-19,Nevada,057,99092,18,2,1,3,0
2020-03-19,Orange,059,3164182,635,59,4,63,0
2020-03-19,Placer,061,380077,64,8,0,8,1
2020-03-19,Plumas,063,18699,0,0,0,0,0
2020-03-19,Riverside,065,2383286,396,14,6,20,3
2020-03-19,Sacramento,067,1510023,280,52,0,52,3
2020-03-19,San Benito,069,59416,14,3,0,3,0
2020-03-19,San Bernardino,071,2135413,213,7,0,7,0
2020-03-19,San Diego,073,3302833,766,68,0,68,0
2020-03-19,San Francisco,075,870044,363,80,0,80,0
2020-03-19,San Joaquin,077,732212,102,15,3,18,2
2020-03-19,San Luis Obispo,079,281455,77,6,0,6,0
2020-03-19,San Mateo,081,765935,361,58,2,60,1
2020-03-19,Santa Barbara,083,443738,85,5,0,5,0
2020-03-19,Santa Clara,085,1922200,847,183,2,185,8
2020-03-19,Santa Cruz,087,273765,57,13,0,13,0
2020-03-19,Shasta,089,179085,10,1,0,1,0
2020-03-19,Sierra,091,2930,0,0,0,0,0
2020-03-19,Siskiyou,093,43540,3,0,0,0,0
2020-03-19,Solano,095,438530,55,26,0,26,0
2020-03-19,Sonoma,097,501317,87,8,0,8,0
2020-03-19,Stanislaus,099,539301,38,7,3,10,0
2020-03-19,Sutter,101,95872,7,0,0,0,0
2020-03-19,Tehama,103,63373,0,0,0,0,0
2020-03-19,Trinity,105,12862,0,0,0,0,0
2020-03-19,Tulare,107,460477,44,3,3,6,0
2020-03-19,Tuolumne,109,53932,2,0,0,0,0
2020-03-19,Ventura,111,848112,134,15,0,15,0
2020-03-19,Yolo,113,214977,27,5,0,5,0
2020-03-19,Yuba,115,75493,5,0,0,0,0
2020-03-18,Alameda,001,1643700,323,29,1,30,0
2020-03-18,Alpine,002,1148,1,0,0,0,0
2020-03-18,Amador,005,37829,1,0,0,0,0
2020-03-18,Butte,007,227075,4,0,0,0,0
2020-03-18,Calaveras,009,45235,4,2,0,2,0
2020-03-18,Colusa,011,21464,0,0,0,0,0
2020-03-18,Contra Costa,013,1133247,235,44,0,44,0
2020-03-18,Del Norte,015,27424,0,0,0,0,0
2020-03-18,El Dorado,017,186661,17,0,0,0,0
2020-03-18,Fresno,019,978130,78,3,1,4,0
2020-03-18,Glenn,021,27897,1,0,0,0,0
2020-03-18,Humboldt,023,135768,19,1,0,1,0
2020-03-18,Imperial,025,180216,30,2,0,2,0
2020-03-18,Inyo,027,18085,0,0,0,0,0
2020-03-18,Kern,029,883053,66,1,0,1,0
2020-03-18,Kings,031,150075,12,0,0,0,0
2020-03-18,Lake,033,64148,0,0,0,0,0
2020-03-18,Lassen,035,31185,1,0,1,1,0
2020-03-18,Los Angeles,037,10098052,2074,47,9,56,0
2020-03-18,Madera,039,155013,30,2,0,2,0
2020-03-18,Marin,041,260295,58,10,0,10,0
2020-03-18,Mariposa,043,17540,0,0,0,0,0
2020-03-18,Mendocino,045,87422,2,0,0,0,0
2020-03-18,Merced,047,269075,9,0,0,0,0
2020-03-18,Modoc,049,8938,0,0,0,0,0
2020-03-18,Mono,051,14174,11,0,0,0,0
2020-03-18,Monterey,053,433212,31,1,0,1,0
2020-03-18,Napa,055,140530,11,0,0,0,0
2020-03-18,Nevada,057,99092,16,2,1,3,0
2020-03-18,Orange,059,3164182,577,38,4,42,0
2020-03-18,Placer,061,380077,57,8,0,8,1
2020-03-18,Plumas,063,18699,0,0,0,0,0
2020-03-18,Riverside,065,2383286,333,11,5,16,2
2020-03-18,Sacramento,067,1510023,257,46,0,46,3
2020-03-18,San Benito,069,59416,13,3,0,3,0
2020-03-18,San Bernardino,071,2135413,191,3,0,3,0
2020-03-18,San Diego,073,3302833,681,40,0,40,0
2020-03-18,San Francisco,075,870044,344,65,0,65,0
2020-03-18,San Joaquin,077,732212,90,14,3,17,2
2020-03-18,San Luis Obispo,079,281455,70,5,0,5,0
2020-03-18,San Mateo,081,765935,340,57,2,59,1
2020-03-18,Santa Barbara,083,443738,77,2,0,2,0
2020-03-18,Santa Clara,085,1922200,796,151,2,153,6
2020-03-18,Santa Cruz,087,273765,55,11,0,11,0
2020-03-18,Shasta,089,179085,9,1,0,1,0
2020-03-18,Sierra,091,2930,0,0,0,0,0
2020-03-18,Siskiyou,093,43540,3,0,0,0,0
2020-03-18,Solano,095,438530,51,26,0,26,0
2020-03-18,Sonoma,097,501317,78,6,0,6,0
2020-03-18,Stanislaus,099,539301,34,5,2,7,0
2020-03-18,Sutter,101,95872,5,0,0,0,0
2020-03-18,Tehama,103,63373,0,0,0,0,0
2020-03-18,Trinity,105,12862,0,0,0,0,0
2020-03-18,Tulare,107,460477,34,3,3,6,0
2020-03-18,Tuolumne,109,53932,2,0,0,0,0
2020-03-18,Ventura,111,848112,115,11,0,11,0
2020-03-18,Yolo,113,214977,24,4,0,4,0
2020-03-18,Yuba,115,75493,4,0,0,0,0
2020-03-17,Alameda,001,1643700,291,19,0,19,0
2020-03-17,Alpine,002,1148,0,0,0,0,0
2020-03-17,Amador,005,37829,1,0,0,0,0
2020-03-17,Butte,007,227075,4,0,0,0,0
2020-03-17,Calaveras,009,45235,4,2,0,2,0
2020-03-17,Colusa,011,21464,0,0,0,0,0
2020-03-17,Contra Costa,013,1133247,213,37,0,37,0
2020-03-17,Del Norte,015,27424,0,0,0,0,0
2020-03-17,El Dorado,017,186661,16,0,0,0,0
2020-03-17,Fresno,019,978130,68,2,1,3,0
2020-03-17,Glenn,021,27897,1,0,0,0,0
2020-03-17,Humboldt,023,135768,17,1,0,1,0
2020-03-17,Imperial,025,180216,24,2,0,2,0
2020-03-17,Inyo,027,18085,0,0,0,0,0
2020-03-17,Kern,029,883053,52,0,0,0,0
2020-03-17,Kings,031,150075,9,0,0,0,0
2020-03-17,Lake,033,64148,0,0,0,0,0
2020-03-17,Lassen,035,31185,1,0,1,1,0
2020-03-17,Los Angeles,037,10098052,1866,41,9,50,0
2020-03-17,Madera,039,155013,22,2,0,2,0
2020-03-17,Marin,041,260295,51,4,0,4,0
2020-03-17,Mariposa,043,17540,0,0,0,0,0
2020-03-17,Mendocino,045,87422,2,0,0,0,0
2020-03-17,Merced,047,269075,9,0,0,0,0
2020-03-17,Modoc,049,8938,0,0,0,0,0
2020-03-17,Mono,051,14174,9,0,0,0,0
2020-03-17,Monterey,053,433212,29,0,0,0,0
2020-03-17,Napa,055,140530,8,0,0,0,0
2020-03-17,Nevada,057,99092,15,1,1,2,0
2020-03-17,Orange,059,3164182,499,24,3,27,0
2020-03-17,Placer,061,380077,47,7,0,7,1
2020-03-17,Plumas,063,18699,0,0,0,0,0
2020-03-17,Riverside,065,2383286,271,11,5,16,0
2020-03-17,Sacramento,067,1510023,237,36,0,36,1
2020-03-17,San Benito,069,59416,12,2,0,2,0
2020-03-17,San Bernardino,071,2135413,163,2,0,2,0
2020-03-17,San Diego,073,3302833,614,17,0,17,0
2020-03-17,San Francisco,075,870044,317,46,0,46,0
2020-03-17,San Joaquin,077,732212,84,11,3,14,0
2020-03-17,San Luis Obispo,079,281455,62,1,0,1,0
2020-03-17,San Mateo,081,765935,308,46,2,48,1
2020-03-17,Santa Barbara,083,443738,65,0,0,0,0
2020-03-17,Santa Clara,085,1922200,738,121,2,123,4
2020-03-17,Santa Cruz,087,273765,52,10,0,10,0
2020-03-17,Shasta,089,179085,5,1,0,1,0
2020-03-17,Sierra,091,2930,0,0,0,0,0
2020-03-17,Siskiyou,093,43540,3,0,0,0,0
2020-03-17,Solano,095,438530,48,27,0,27,0
2020-03-17,Sonoma,097,501317,70,4,0,4,0
2020-03-17,Stanislaus,099,539301,31,4,2,6,0
2020-03-17,Sutter,101,95872,5,0,0,0,0
2020-03-17,Tehama,103,63373,0,0,0,0,0
2020-03-17,Trinity,105,12862,0,0,0,0,0
2020-03-17,Tulare,107,460477,29,2,3,5,0
2020-03-17,Tuolumne,109,53932,2,0,0,0,0
2020-03-17,Ventura,111,848112,98,7,0,7,0
2020-03-17,Yolo,113,214977,20,2,0,2,0
2020-03-17,Yuba,115,75493,4,0,0,0,0
2020-03-16,Alameda,001,1643700,262,17,0,17,0
2020-03-16,Alpine,002,1148,0,0,0,0,0
2020-03-16,Amador,005,37829,1,0,0,0,0
2020-03-16,Butte,007,227075,3,0,0,0,0
2020-03-16,Calaveras,009,45235,4,2,0,2,0
2020-03-16,Colusa,011,21464,0,0,0,0,0
2020-03-16,Contra Costa,013,1133247,189,36,0,36,0
2020-03-16,Del Norte,015,27424,0,0,0,0,0
2020-03-16,El Dorado,017,186661,15,0,0,0,0
2020-03-16,Fresno,019,978130,53,2,1,3,0
2020-03-16,Glenn,021,27897,0,0,0,0,0
2020-03-16,Humboldt,023,135768,13,1,0,1,0
2020-03-16,Imperial,025,180216,19,2,0,2,0
2020-03-16,Inyo,027,18085,0,0,0,0,0
2020-03-16,Kern,029,883053,43,0,0,0,0
2020-03-16,Kings,031,150075,8,0,0,0,0
2020-03-16,Lake,033,64148,0,0,0,0,0
2020-03-16,Lassen,035,31185,1,0,0,0,0
2020-03-16,Los Angeles,037,10098052,1628,43,9,52,0
2020-03-16,Madera,039,155013,21,2,0,2,0
2020-03-16,Marin,041,260295,48,4,0,4,0
2020-03-16,Mariposa,043,17540,0,0,0,0,0
2020-03-16,Mendocino,045,87422,2,0,0,0,0
2020-03-16,Merced,047,269075,7,0,0,0,0
2020-03-16,Modoc,049,8938,0,0,0,0,0
2020-03-16,Mono,051,14174,7,0,0,0,0
2020-03-16,Monterey,053,433212,28,0,0,0,0
2020-03-16,Napa,055,140530,7,0,0,0,0
2020-03-16,Nevada,057,99092,11,1,1,2,0
2020-03-16,Orange,059,3164182,416,18,3,21,0
2020-03-16,Placer,061,380077,39,7,0,7,1
2020-03-16,Plumas,063,18699,0,0,0,0,0
2020-03-16,Riverside,065,2383286,235,10,5,15,0
2020-03-16,Sacramento,067,1510023,210,34,0,34,1
2020-03-16,San Benito,069,59416,8,2,0,2,0
2020-03-16,San Bernardino,071,2135413,143,1,0,1,0
2020-03-16,San Diego,073,3302833,523,17,0,17,0
2020-03-16,San Francisco,075,870044,279,40,0,40,0
2020-03-16,San Joaquin,077,732212,74,9,3,12,0
2020-03-16,San Luis Obispo,079,281455,55,1,0,1,0
2020-03-16,San Mateo,081,765935,269,42,2,44,1
2020-03-16,Santa Barbara,083,443738,55,0,0,0,0
2020-03-16,Santa Clara,085,1922200,658,115,1,116,2
2020-03-16,Santa Cruz,087,273765,45,9,0,9,0
2020-03-16,Shasta,089,179085,5,1,0,1,0
2020-03-16,Sierra,091,2930,0,0,0,0,0
2020-03-16,Siskiyou,093,43540,2,0,0,0,0
2020-03-16,Solano,095,438530,43,27,0,27,0
2020-03-16,Sonoma,097,501317,62,4,0,4,0
2020-03-16,Stanislaus,099,539301,27,2,2,4,0
2020-03-16,Sutter,101,95872,3,0,0,0,0
2020-03-16,Tehama,103,63373,0,0,0,0,0
2020-03-16,Trinity,105,12862,0,0,0,0,0
2020-03-16,Tulare,107,460477,25,2,3,5,0
2020-03-16,Tuolumne,109,53932,2,0,0,0,0
2020-03-16,Ventura,111,848112,88,7,0,7,0
2020-03-16,Yolo,113,214977,18,2,0,2,0
2020-03-16,Yuba,115,75493,3,0,0,0,0
2020-03-15,Alameda,001,1643700,215,17,0,17,0
2020-03-15,Alpine,002,1148,0,0,0,0,0
2020-03-15,Amador,005,37829,1,0,0,0,0
2020-03-15,Butte,007,227075,3,0,0,0,0
2020-03-15,Calaveras,009,45235,2,2,0,2,0
2020-03-15,Colusa,011,21464,0,0,0,0,0
2020-03-15,Contra Costa,013,1133247,164,34,0,34,0
2020-03-15,Del Norte,015,27424,0,0,0,0,0
2020-03-15,El Dorado,017,186661,14,0,0,0,0
2020-03-15,Fresno,019,978130,33,1,1,2,0
2020-03-15,Glenn,021,27897,0,0,0,0,0
2020-03-15,Humboldt,023,135768,11,1,0,1,0
2020-03-15,Imperial,025,180216,14,2,0,2,0
2020-03-15,Inyo,027,18085,0,0,0,0,0
2020-03-15,Kern,029,883053,37,0,0,0,0
2020-03-15,Kings,031,150075,8,0,0,0,0
2020-03-15,Lake,033,64148,0,0,0,0,0
2020-03-15,Lassen,035,31185,1,0,0,0,0
2020-03-15,Los Angeles,037,10098052,1380,41,9,50,0
2020-03-15,Madera,039,155013,20,2,0,2,0
2020-03-15,Marin,041,260295,41,3,0,3,0
2020-03-15,Mariposa,043,17540,0,0,0,0,0
2020-03-15,Mendocino,045,87422,2,0,0,0,0
2020-03-15,Merced,047,269075,4,0,0,0,0
2020-03-15,Modoc,049,8938,0,0,0,0,0
2020-03-15,Mono,051,14174,6,0,0,0,0
2020-03-15,Monterey,053,433212,21,0,0,0,0
2020-03-15,Napa,055,140530,7,0,0,0,0
2020-03-15,Nevada,057,99092,11,0,1,1,0
2020-03-15,Orange,059,3164182,348,16,1,17,0
2020-03-15,Placer,061,380077,33,7,0,7,1
2020-03-15,Plumas,063,18699,0,0,0,0,0
2020-03-15,Riverside,065,2383286,183,10,5,15,0
2020-03-15,Sacramento,067,1510023,174,30,0,30,1
2020-03-15,San Benito,069,59416,8,2,0,2,0
2020-03-15,San Bernardino,071,2135413,121,0,0,0,0
2020-03-15,San Diego,073,3302833,436,16,0,16,0
2020-03-15,San Francisco,075,870044,221,31,0,31,0
2020-03-15,San Joaquin,077,732212,63,6,3,9,0
2020-03-15,San Luis Obispo,079,281455,45,1,0,1,0
2020-03-15,San Mateo,081,765935,235,29,1,30,1
2020-03-15,Santa Barbara,083,443738,46,0,0,0,0
2020-03-15,Santa Clara,085,1922200,586,79,1,80,2
2020-03-15,Santa Cruz,087,273765,38,8,0,8,0
2020-03-15,Shasta,089,179085,5,1,0,1,0
2020-03-15,Sierra,091,2930,0,0,0,0,0
2020-03-15,Siskiyou,093,43540,2,0,0,0,0
2020-03-15,Solano,095,438530,42,26,0,26,0
2020-03-15,Sonoma,097,501317,53,4,0,4,0
2020-03-15,Stanislaus,099,539301,26,2,2,4,0
2020-03-15,Sutter,101,95872,2,0,0,0,0
2020-03-15,Tehama,103,63373,0,0,0,0,0
2020-03-15,Trinity,105,12862,0,0,0,0,0
2020-03-15,Tulare,107,460477,19,2,3,5,0
2020-03-15,Tuolumne,109,53932,1,0,0,0,0
2020-03-15,Ventura,111,848112,77,5,0,5,0
2020-03-15,Yolo,113,214977,15,2,0,2,0
2020-03-15,Yuba,115,75493,2,0,0,0,0
2020-03-14,Alameda,001,1643700,196,11,0,11,0
2020-03-14,Alpine,002,1148,0,0,0,0,0
2020-03-14,Amador,005,37829,1,0,0,0,0
2020-03-14,Butte,007,227075,2,0,0,0,0
2020-03-14,Calaveras,009,45235,2,2,0,2,0
2020-03-14,Colusa,011,21464,0,0,0,0,0
2020-03-14,Contra Costa,013,1133247,142,30,0,30,0
2020-03-14,Del Norte,015,27424,0,0,0,0,0
2020-03-14,El Dorado,017,186661,12,0,0,0,0
2020-03-14,Fresno,019,978130,25,1,1,2,0
2020-03-14,Glenn,021,27897,0,0,0,0,0
2020-03-14,Humboldt,023,135768,7,1,0,1,0
2020-03-14,Imperial,025,180216,10,2,0,2,0
2020-03-14,Inyo,027,18085,0,0,0,0,0
2020-03-14,Kern,029,883053,32,0,0,0,0
2020-03-14,Kings,031,150075,8,0,0,0,0
2020-03-14,Lake,033,64148,0,0,0,0,0
2020-03-14,Lassen,035,31185,1,0,0,0,0
2020-03-14,Los Angeles,037,10098052,1198,35,9,44,0
2020-03-14,Madera,039,155013,19,2,0,2,0
2020-03-14,Marin,041,260295,37,3,0,3,0
2020-03-14,Mariposa,043,17540,0,0,0,0,0
2020-03-14,Mendocino,045,87422,2,0,0,0,0
2020-03-14,Merced,047,269075,4,0,0,0,0
2020-03-14,Modoc,049,8938,0,0,0,0,0
2020-03-14,Mono,051,14174,5,0,0,0,0
2020-03-14,Monterey,053,433212,15,0,0,0,0
2020-03-14,Napa,055,140530,5,0,0,0,0
2020-03-14,Nevada,057,99092,8,0,1,1,0
2020-03-14,Orange,059,3164182,309,14,0,14,0
2020-03-14,Placer,061,380077,29,6,0,6,1
2020-03-14,Plumas,063,18699,0,0,0,0,0
2020-03-14,Riverside,065,2383286,163,10,5,15,0
2020-03-14,Sacramento,067,1510023,152,31,0,31,1
2020-03-14,San Benito,069,59416,8,2,0,2,0
2020-03-14,San Bernardino,071,2135413,102,0,0,0,0
2020-03-14,San Diego,073,3302833,361,10,0,10,0
2020-03-14,San Francisco,075,870044,200,29,0,29,0
2020-03-14,San Joaquin,077,732212,54,6,3,9,0
2020-03-14,San Luis Obispo,079,281455,40,0,0,0,0
2020-03-14,San Mateo,081,765935,212,27,1,28,0
2020-03-14,Santa Barbara,083,443738,37,0,0,0,0
2020-03-14,Santa Clara,085,1922200,531,62,1,63,2
2020-03-14,Santa Cruz,087,273765,33,8,0,8,0
2020-03-14,Shasta,089,179085,5,1,0,1,0
2020-03-14,Sierra,091,2930,0,0,0,0,0
2020-03-14,Siskiyou,093,43540,1,0,0,0,0
2020-03-14,Solano,095,438530,40,26,0,26,0
2020-03-14,Sonoma,097,501317,40,2,0,2,0
2020-03-14,Stanislaus,099,539301,22,2,2,4,0
2020-03-14,Sutter,101,95872,2,0,0,0,0
2020-03-14,Tehama,103,63373,0,0,0,0,0
2020-03-14,Trinity,105,12862,0,0,0,0,0
2020-03-14,Tulare,107,460477,17,2,2,4,0
2020-03-14,Tuolumne,109,53932,1,0,0,0,0
2020-03-14,Ventura,111,848112,68,5,0,5,0
2020-03-14,Yolo,113,214977,15,2,0,2,0
2020-03-14,Yuba,115,75493,1,0,0,0,0
2020-03-13,Alameda,001,1643700,177,12,0,12,0
2020-03-13,Alpine,002,1148,0,0,0,0,0
2020-03-13,Amador,005,37829,1,0,0,0,0
2020-03-13,Butte,007,227075,0,0,0,0,0
2020-03-13,Calaveras,009,45235,2,2,0,2,0
2020-03-13,Colusa,011,21464,0,0,0,0,0
2020-03-13,Contra Costa,013,1133247,128,22,0,22,0
2020-03-13,Del Norte,015,27424,0,0,0,0,0
2020-03-13,El Dorado,017,186661,11,0,0,0,0
2020-03-13,Fresno,019,978130,20,1,1,2,0
2020-03-13,Glenn,021,27897,0,0,0,0,0
2020-03-13,Humboldt,023,135768,7,1,0,1,0
2020-03-13,Imperial,025,180216,9,2,0,2,0
2020-03-13,Inyo,027,18085,0,0,0,0,0
2020-03-13,Kern,029,883053,27,0,0,0,0
2020-03-13,Kings,031,150075,7,0,0,0,0
2020-03-13,Lake,033,64148,0,0,0,0,0
2020-03-13,Lassen,035,31185,1,0,0,0,0
2020-03-13,Los Angeles,037,10098052,1041,30,7,37,0
2020-03-13,Madera,039,155013,18,1,0,1,0
2020-03-13,Marin,041,260295,34,3,0,3,0
2020-03-13,Mariposa,043,17540,0,0,0,0,0
2020-03-13,Mendocino,045,87422,2,0,0,0,0
2020-03-13,Merced,047,269075,2,0,0,0,0
2020-03-13,Modoc,049,8938,0,0,0,0,0
2020-03-13,Mono,051,14174,3,0,0,0,0
2020-03-13,Monterey,053,433212,10,0,0,0,0
2020-03-13,Napa,055,140530,3,0,0,0,0
2020-03-13,Nevada,057,99092,7,0,1,1,0
2020-03-13,Orange,059,3164182,269,10,0,10,0
2020-03-13,Placer,061,380077,27,6,0,6,1
2020-03-13,Plumas,063,18699,0,0,0,0,0
2020-03-13,Riverside,065,2383286,133,5,4,9,0
2020-03-13,Sacramento,067,1510023,130,18,0,18,1
2020-03-13,San Benito,069,59416,6,2,0,2,0
2020-03-13,San Bernardino,071,2135413,96,0,0,0,0
2020-03-13,San Diego,073,3302833,311,8,0,8,0
2020-03-13,San Francisco,075,870044,185,28,0,28,0
2020-03-13,San Joaquin,077,732212,50,6,3,9,0
2020-03-13,San Luis Obispo,079,281455,33,0,0,0,0
2020-03-13,San Mateo,081,765935,191,24,1,25,0
2020-03-13,Santa Barbara,083,443738,33,0,0,0,0
2020-03-13,Santa Clara,085,1922200,469,59,1,60,1
2020-03-13,Santa Cruz,087,273765,32,7,0,7,0
2020-03-13,Shasta,089,179085,3,1,0,1,0
2020-03-13,Sierra,091,2930,0,0,0,0,0
2020-03-13,Siskiyou,093,43540,0,0,0,0,0
2020-03-13,Solano,095,438530,39,26,0,26,0
2020-03-13,Sonoma,097,501317,39,2,0,2,0
2020-03-13,Stanislaus,099,539301,17,2,2,4,0
2020-03-13,Sutter,101,95872,2,0,0,0,0
2020-03-13,Tehama,103,63373,0,0,0,0,0
2020-03-13,Trinity,105,12862,0,0,0,0,0
2020-03-13,Tulare,107,460477,14,2,2,4,0
2020-03-13,Tuolumne,109,53932,1,0,0,0,0
2020-03-13,Ventura,111,848112,54,5,0,5,0
2020-03-13,Yolo,113,214977,14,1,0,1,0
2020-03-13,Yuba,115,75493,1,0,0,0,0
2020-03-12,Alameda,001,1643700,152,9,0,9,0
2020-03-12,Alpine,002,1148,0,0,0,0,0
2020-03-12,Amador,005,37829,1,0,0,0,0
2020-03-12,Butte,007,227075,0,0,0,0,0
2020-03-12,Calaveras,009,45235,2,2,0,2,0
2020-03-12,Colusa,011,21464,0,0,0,0,0
2020-03-12,Contra Costa,013,1133247,110,18,0,18,0
2020-03-12,Del Norte,015,27424,0,0,0,0,0
2020-03-12,El Dorado,017,186661,9,0,0,0,0
2020-03-12,Fresno,019,978130,12,1,1,2,0
2020-03-12,Glenn,021,27897,0,0,0,0,0
2020-03-12,Humboldt,023,135768,6,1,0,1,0
2020-03-12,Imperial,025,180216,8,2,0,2,0
2020-03-12,Inyo,027,18085,0,0,0,0,0
2020-03-12,Kern,029,883053,18,0,0,0,0
2020-03-12,Kings,031,150075,4,0,0,0,0
2020-03-12,Lake,033,64148,0,0,0,0,0
2020-03-12,Lassen,035,31185,1,0,0,0,0
2020-03-12,Los Angeles,037,10098052,877,30,7,37,0
2020-03-12,Madera,039,155013,15,1,0,1,0
2020-03-12,Marin,041,260295,24,1,0,1,0
2020-03-12,Mariposa,043,17540,0,0,0,0,0
2020-03-12,Mendocino,045,87422,2,0,0,0,0
2020-03-12,Merced,047,269075,2,0,0,0,0
2020-03-12,Modoc,049,8938,0,0,0,0,0
2020-03-12,Mono,051,14174,3,0,0,0,0
2020-03-12,Monterey,053,433212,8,0,0,0,0
2020-03-12,Napa,055,140530,3,0,0,0,0
2020-03-12,Nevada,057,99092,4,0,1,1,0
2020-03-12,Orange,059,3164182,232,7,0,7,0
2020-03-12,Placer,061,380077,23,6,0,6,1
2020-03-12,Plumas,063,18699,0,0,0,0,0
2020-03-12,Riverside,065,2383286,107,5,2,7,0
2020-03-12,Sacramento,067,1510023,106,17,0,17,1
2020-03-12,San Benito,069,59416,5,2,0,2,0
2020-03-12,San Bernardino,071,2135413,80,0,0,0,0
2020-03-12,San Diego,073,3302833,256,9,0,9,0
2020-03-12,San Francisco,075,870044,159,20,0,20,0
2020-03-12,San Joaquin,077,732212,44,3,3,6,1
2020-03-12,San Luis Obispo,079,281455,26,0,0,0,0
2020-03-12,San Mateo,081,765935,157,21,1,22,0
2020-03-12,Santa Barbara,083,443738,22,0,0,0,0
2020-03-12,Santa Clara,085,1922200,411,51,1,52,1
2020-03-12,Santa Cruz,087,273765,29,5,0,5,0
2020-03-12,Shasta,089,179085,2,1,0,1,0
2020-03-12,Sierra,091,2930,0,0,0,0,0
2020-03-12,Siskiyou,093,43540,0,0,0,0,0
2020-03-12,Solano,095,438530,34,26,0,26,0
2020-03-12,Sonoma,097,501317,34,2,0,2,0
2020-03-12,Stanislaus,099,539301,15,2,2,4,0
2020-03-12,Sutter,101,95872,0,0,0,0,0
2020-03-12,Tehama,103,63373,0,0,0,0,0
2020-03-12,Trinity,105,12862,0,0,0,0,0
2020-03-12,Tulare,107,460477,12,1,1,2,0
2020-03-12,Tuolumne,109,53932,1,0,0,0,0
2020-03-12,Ventura,111,848112,45,3,0,3,0
2020-03-12,Yolo,113,214977,13,1,0,1,0
2020-03-12,Yuba,115,75493,1,0,0,0,0
2020-03-11,Alameda,001,1643700,122,5,0,5,0
2020-03-11,Alpine,002,1148,0,0,0,0,0
2020-03-11,Amador,005,37829,1,0,0,0,0
2020-03-11,Butte,007,227075,0,0,0,0,0
2020-03-11,Calaveras,009,45235,2,2,0,2,0
2020-03-11,Colusa,011,21464,0,0,0,0,0
2020-03-11,Contra Costa,013,1133247,94,16,0,16,0
2020-03-11,Del Norte,015,27424,0,0,0,0,0
2020-03-11,El Dorado,017,186661,8,0,0,0,0
2020-03-11,Fresno,019,978130,9,1,1,2,0
2020-03-11,Glenn,021,27897,0,0,0,0,0
2020-03-11,Humboldt,023,135768,6,1,0,1,0
2020-03-11,Imperial,025,180216,6,0,0,0,0
2020-03-11,Inyo,027,18085,0,0,0,0,0
2020-03-11,Kern,029,883053,16,0,0,0,0
2020-03-11,Kings,031,150075,2,0,0,0,0
2020-03-11,Lake,033,64148,0,0,0,0,0
2020-03-11,Lassen,035,31185,1,0,0,0,0
2020-03-11,Los Angeles,037,10098052,704,21,7,28,0
2020-03-11,Madera,039,155013,12,1,0,1,0
2020-03-11,Marin,041,260295,17,1,0,1,0
2020-03-11,Mariposa,043,17540,0,0,0,0,0
2020-03-11,Mendocino,045,87422,1,0,0,0,0
2020-03-11,Merced,047,269075,2,0,0,0,0
2020-03-11,Modoc,049,8938,0,0,0,0,0
2020-03-11,Mono,051,14174,3,0,0,0,0
2020-03-11,Monterey,053,433212,7,0,0,0,0
2020-03-11,Napa,055,140530,2,0,0,0,0
2020-03-11,Nevada,057,99092,4,0,1,1,0
2020-03-11,Orange,059,3164182,203,6,0,6,0
2020-03-11,Placer,061,380077,18,6,0,6,1
2020-03-11,Plumas,063,18699,0,0,0,0,0
2020-03-11,Riverside,065,2383286,81,4,1,5,0
2020-03-11,Sacramento,067,1510023,88,9,0,9,1
2020-03-11,San Benito,069,59416,5,2,0,2,0
2020-03-11,San Bernardino,071,2135413,73,0,0,0,0
2020-03-11,San Diego,073,3302833,206,4,0,4,0
2020-03-11,San Francisco,075,870044,127,17,0,17,0
2020-03-11,San Joaquin,077,732212,33,1,3,4,0
2020-03-11,San Luis Obispo,079,281455,23,0,0,0,0
2020-03-11,San Mateo,081,765935,139,16,0,16,0
2020-03-11,Santa Barbara,083,443738,13,0,0,0,0
2020-03-11,Santa Clara,085,1922200,370,48,1,49,1
2020-03-11,Santa Cruz,087,273765,26,2,0,2,0
2020-03-11,Shasta,089,179085,2,1,0,1,0
2020-03-11,Sierra,091,2930,0,0,0,0,0
2020-03-11,Siskiyou,093,43540,0,0,0,0,0
2020-03-11,Solano,095,438530,29,26,0,26,0
2020-03-11,Sonoma,097,501317,30,2,0,2,0
2020-03-11,Stanislaus,099,539301,15,2,2,4,0
2020-03-11,Sutter,101,95872,0,0,0,0,0
2020-03-11,Tehama,103,63373,0,0,0,0,0
2020-03-11,Trinity,105,12862,0,0,0,0,0
2020-03-11,Tulare,107,460477,10,0,1,1,0
2020-03-11,Tuolumne,109,53932,1,0,0,0,0
2020-03-11,Ventura,111,848112,37,3,0,3,0
2020-03-11,Yolo,113,214977,9,1,0,1,0
2020-03-11,Yuba,115,75493,1,0,0,0,0
2020-03-10,Alameda,001,1643700,101,4,0,4,0
2020-03-10,Alpine,002,1148,0,0,0,0,0
2020-03-10,Amador,005,37829,1,0,0,0,0
2020-03-10,Butte,007,227075,0,0,0,0,0
2020-03-10,Calaveras,009,45235,2,2,0,2,0
2020-03-10,Colusa,011,21464,0,0,0,0,0
2020-03-10,Contra Costa,013,1133247,84,11,0,11,0
2020-03-10,Del Norte,015,27424,0,0,0,0,0
2020-03-10,El Dorado,017,186661,7,0,0,0,0
2020-03-10,Fresno,019,978130,7,1,1,2,0
2020-03-10,Glenn,021,27897,0,0,0,0,0
2020-03-10,Humboldt,023,135768,6,1,0,1,0
2020-03-10,Imperial,025,180216,5,0,0,0,0
2020-03-10,Inyo,027,18085,0,0,0,0,0
2020-03-10,Kern,029,883053,11,0,0,0,0
2020-03-10,Kings,031,150075,2,0,0,0,0
2020-03-10,Lake,033,64148,0,0,0,0,0
2020-03-10,Lassen,035,31185,1,0,0,0,0
2020-03-10,Los Angeles,037,10098052,568,20,7,27,0
2020-03-10,Madera,039,155013,7,1,0,1,0
2020-03-10,Marin,041,260295,16,1,0,1,0
2020-03-10,Mariposa,043,17540,0,0,0,0,0
2020-03-10,Mendocino,045,87422,0,0,0,0,0
2020-03-10,Merced,047,269075,2,0,0,0,0
2020-03-10,Modoc,049,8938,0,0,0,0,0
2020-03-10,Mono,051,14174,3,0,0,0,0
2020-03-10,Monterey,053,433212,5,0,0,0,0
2020-03-10,Napa,055,140530,2,0,0,0,0
2020-03-10,Nevada,057,99092,3,0,1,1,0
2020-03-10,Orange,059,3164182,183,5,0,5,1
2020-03-10,Placer,061,380077,14,7,0,7,1
2020-03-10,Plumas,063,18699,0,0,0,0,0
2020-03-10,Riverside,065,2383286,59,4,1,5,0
2020-03-10,Sacramento,067,1510023,79,8,0,8,0
2020-03-10,San Benito,069,59416,5,2,0,2,0
2020-03-10,San Bernardino,071,2135413,65,0,0,0,0
2020-03-10,San Diego,073,3302833,163,3,0,3,0
2020-03-10,San Francisco,075,870044,94,16,0,16,0
2020-03-10,San Joaquin,077,732212,30,1,3,4,0
2020-03-10,San Luis Obispo,079,281455,15,0,0,0,0
2020-03-10,San Mateo,081,765935,123,11,0,11,0
2020-03-10,Santa Barbara,083,443738,10,0,0,0,0
2020-03-10,Santa Clara,085,1922200,322,45,1,46,1
2020-03-10,Santa Cruz,087,273765,22,2,0,2,0
2020-03-10,Shasta,089,179085,2,1,0,1,0
2020-03-10,Sierra,091,2930,0,0,0,0,0
2020-03-10,Siskiyou,093,43540,0,0,0,0,0
2020-03-10,Solano,095,438530,27,26,0,26,0
2020-03-10,Sonoma,097,501317,27,2,0,2,0
2020-03-10,Stanislaus,099,539301,11,0,2,2,0
2020-03-10,Sutter,101,95872,0,0,0,0,0
2020-03-10,Tehama,103,63373,0,0,0,0,0
2020-03-10,Trinity,105,12862,0,0,0,0,0
2020-03-10,Tulare,107,460477,9,0,1,1,0
2020-03-10,Tuolumne,109,53932,1,0,0,0,0
2020-03-10,Ventura,111,848112,29,1,0,1,0
2020-03-10,Yolo,113,214977,6,2,0,2,0
2020-03-10,Yuba,115,75493,1,0,0,0,0
2020-03-09,Alameda,001,1643700,73,4,0,4,0
2020-03-09,Alpine,002,1148,0,0,0,0,0
2020-03-09,Amador,005,37829,0,0,0,0,0
2020-03-09,Butte,007,227075,0,0,0,0,0
2020-03-09,Calaveras,009,45235,2,0,0,0,0
2020-03-09,Colusa,011,21464,0,0,0,0,0
2020-03-09,Contra Costa,013,1133247,72,9,0,9,0
2020-03-09,Del Norte,015,27424,0,0,0,0,0
2020-03-09,El Dorado,017,186661,5,0,0,0,0
2020-03-09,Fresno,019,978130,7,1,1,2,0
2020-03-09,Glenn,021,27897,0,0,0,0,0
2020-03-09,Humboldt,023,135768,5,1,0,1,0
2020-03-09,Imperial,025,180216,5,0,0,0,0
2020-03-09,Inyo,027,18085,0,0,0,0,0
2020-03-09,Kern,029,883053,8,0,0,0,0
2020-03-09,Kings,031,150075,1,0,0,0,0
2020-03-09,Lake,033,64148,0,0,0,0,0
2020-03-09,Lassen,035,31185,1,0,0,0,0
2020-03-09,Los Angeles,037,10098052,464,17,6,23,0
2020-03-09,Madera,039,155013,7,1,0,1,0
2020-03-09,Marin,041,260295,15,1,0,1,0
2020-03-09,Mariposa,043,17540,0,0,0,0,0
2020-03-09,Mendocino,045,87422,0,0,0,0,0
2020-03-09,Merced,047,269075,2,0,0,0,0
2020-03-09,Modoc,049,8938,0,0,0,0,0
2020-03-09,Mono,051,14174,3,0,0,0,0
2020-03-09,Monterey,053,433212,3,0,0,0,0
2020-03-09,Napa,055,140530,2,0,0,0,0
2020-03-09,Nevada,057,99092,2,0,1,1,0
2020-03-09,Orange,059,3164182,155,4,0,4,0
2020-03-09,Placer,061,380077,12,7,0,7,1
2020-03-09,Plumas,063,18699,0,0,0,0,0
2020-03-09,Riverside,065,2383286,49,4,1,5,0
2020-03-09,Sacramento,067,1510023,75,8,0,8,0
2020-03-09,San Benito,069,59416,3,2,0,2,0
2020-03-09,San Bernardino,071,2135413,54,0,0,0,0
2020-03-09,San Diego,073,3302833,124,2,0,2,0
2020-03-09,San Francisco,075,870044,72,14,0,14,0
2020-03-09,San Joaquin,077,732212,21,0,3,3,0
2020-03-09,San Luis Obispo,079,281455,15,0,0,0,0
2020-03-09,San Mateo,081,765935,109,6,0,6,0
2020-03-09,Santa Barbara,083,443738,8,0,0,0,0
2020-03-09,Santa Clara,085,1922200,278,42,1,43,1
2020-03-09,Santa Cruz,087,273765,19,2,0,2,0
2020-03-09,Shasta,089,179085,2,1,0,1,0
2020-03-09,Sierra,091,2930,0,0,0,0,0
2020-03-09,Siskiyou,093,43540,0,0,0,0,0
2020-03-09,Solano,095,438530,25,26,0,26,0
2020-03-09,Sonoma,097,501317,22,2,0,2,0
2020-03-09,Stanislaus,099,539301,11,0,2,2,0
2020-03-09,Sutter,101,95872,0,0,0,0,0
2020-03-09,Tehama,103,63373,0,0,0,0,0
2020-03-09,Trinity,105,12862,0,0,0,0,0
2020-03-09,Tulare,107,460477,9,0,1,1,0
2020-03-09,Tuolumne,109,53932,1,0,0,0,0
2020-03-09,Ventura,111,848112,25,1,0,1,0
2020-03-09,Yolo,113,214977,5,2,0,2,0
2020-03-09,Yuba,115,75493,0,0,0,0,0
2020-03-08,Alameda,001,1643700,48,4,0,4,0
2020-03-08,Alpine,002,1148,0,0,0,0,0
2020-03-08,Amador,005,37829,0,0,0,0,0
2020-03-08,Butte,007,227075,0,0,0,0,0
2020-03-08,Calaveras,009,45235,2,0,0,0,0
2020-03-08,Colusa,011,21464,0,0,0,0,0
2020-03-08,Contra Costa,013,1133247,58,9,0,9,0
2020-03-08,Del Norte,015,27424,0,0,0,0,0
2020-03-08,El Dorado,017,186661,5,0,0,0,0
2020-03-08,Fresno,019,978130,5,1,1,2,0
2020-03-08,Glenn,021,27897,0,0,0,0,0
2020-03-08,Humboldt,023,135768,5,1,0,1,0
2020-03-08,Imperial,025,180216,5,0,0,0,0
2020-03-08,Inyo,027,18085,0,0,0,0,0
2020-03-08,Kern,029,883053,8,0,0,0,0
2020-03-08,Kings,031,150075,0,0,0,0,0
2020-03-08,Lake,033,64148,0,0,0,0,0
2020-03-08,Lassen,035,31185,0,0,0,0,0
2020-03-08,Los Angeles,037,10098052,369,14,6,20,0
2020-03-08,Madera,039,155013,7,1,0,1,0
2020-03-08,Marin,041,260295,13,1,0,1,0
2020-03-08,Mariposa,043,17540,0,0,0,0,0
2020-03-08,Mendocino,045,87422,0,0,0,0,0
2020-03-08,Merced,047,269075,2,0,0,0,0
2020-03-08,Modoc,049,8938,0,0,0,0,0
2020-03-08,Mono,051,14174,3,0,0,0,0
2020-03-08,Monterey,053,433212,3,0,0,0,0
2020-03-08,Napa,055,140530,2,0,0,0,0
2020-03-08,Nevada,057,99092,1,0,1,1,0
2020-03-08,Orange,059,3164182,130,4,0,4,0
2020-03-08,Placer,061,380077,11,7,0,7,1
2020-03-08,Plumas,063,18699,0,0,0,0,0
2020-03-08,Riverside,065,2383286,41,1,1,2,0
2020-03-08,Sacramento,067,1510023,65,5,0,5,0
2020-03-08,San Benito,069,59416,3,2,0,2,0
2020-03-08,San Bernardino,071,2135413,43,0,0,0,0
2020-03-08,San Diego,073,3302833,90,2,0,2,0
2020-03-08,San Francisco,075,870044,53,9,0,9,0
2020-03-08,San Joaquin,077,732212,18,0,3,3,0
2020-03-08,San Luis Obispo,079,281455,9,0,0,0,0
2020-03-08,San Mateo,081,765935,96,4,0,4,0
2020-03-08,Santa Barbara,083,443738,5,0,0,0,0
2020-03-08,Santa Clara,085,1922200,236,36,1,37,0
2020-03-08,Santa Cruz,087,273765,17,1,0,1,0
2020-03-08,Shasta,089,179085,2,0,0,0,0
2020-03-08,Sierra,091,2930,0,0,0,0,0
2020-03-08,Siskiyou,093,43540,0,0,0,0,0
2020-03-08,Solano,095,438530,24,26,0,26,0
2020-03-08,Sonoma,097,501317,17,2,0,2,0
2020-03-08,Stanislaus,099,539301,10,0,2,2,0
2020-03-08,Sutter,101,95872,0,0,0,0,0
2020-03-08,Tehama,103,63373,0,0,0,0,0
2020-03-08,Trinity,105,12862,0,0,0,0,0
2020-03-08,Tulare,107,460477,9,0,0,0,0
2020-03-08,Tuolumne,109,53932,1,0,0,0,0
2020-03-08,Ventura,111,848112,21,1,0,1,0
2020-03-08,Yolo,113,214977,2,2,0,2,0
2020-03-08,Yuba,115,75493,0,0,0,0,0
2020-03-07,Alameda,001,1643700,43,3,0,3,0
2020-03-07,Alpine,002,1148,0,0,0,0,0
2020-03-07,Amador,005,37829,0,0,0,0,0
2020-03-07,Butte,007,227075,0,0,0,0,0
2020-03-07,Calaveras,009,45235,2,0,0,0,0
2020-03-07,Colusa,011,21464,0,0,0,0,0
2020-03-07,Contra Costa,013,1133247,55,4,0,4,0
2020-03-07,Del Norte,015,27424,0,0,0,0,0
2020-03-07,El Dorado,017,186661,4,0,0,0,0
2020-03-07,Fresno,019,978130,4,1,1,2,0
2020-03-07,Glenn,021,27897,0,0,0,0,0
2020-03-07,Humboldt,023,135768,5,1,0,1,0
2020-03-07,Imperial,025,180216,4,0,0,0,0
2020-03-07,Inyo,027,18085,0,0,0,0,0
2020-03-07,Kern,029,883053,7,0,0,0,0
2020-03-07,Kings,031,150075,0,0,0,0,0
2020-03-07,Lake,033,64148,0,0,0,0,0
2020-03-07,Lassen,035,31185,0,0,0,0,0
2020-03-07,Los Angeles,037,10098052,318,14,6,20,0
2020-03-07,Madera,039,155013,6,1,0,1,0
2020-03-07,Marin,041,260295,11,0,0,0,0
2020-03-07,Mariposa,043,17540,0,0,0,0,0
2020-03-07,Mendocino,045,87422,0,0,0,0,0
2020-03-07,Merced,047,269075,2,0,0,0,0
2020-03-07,Modoc,049,8938,0,0,0,0,0
2020-03-07,Mono,051,14174,3,0,0,0,0
2020-03-07,Monterey,053,433212,3,0,0,0,0
2020-03-07,Napa,055,140530,1,0,0,0,0
2020-03-07,Nevada,057,99092,1,0,1,1,0
2020-03-07,Orange,059,3164182,122,4,0,4,0
2020-03-07,Placer,061,380077,11,6,0,6,1
2020-03-07,Plumas,063,18699,0,0,0,0,0
2020-03-07,Riverside,065,2383286,31,0,1,1,0
2020-03-07,Sacramento,067,1510023,52,4,0,4,0
2020-03-07,San Benito,069,59416,3,2,0,2,0
2020-03-07,San Bernardino,071,2135413,41,0,0,0,0
2020-03-07,San Diego,073,3302833,72,2,0,2,0
2020-03-07,San Francisco,075,870044,47,9,0,9,0
2020-03-07,San Joaquin,077,732212,16,0,3,3,0
2020-03-07,San Luis Obispo,079,281455,6,0,0,0,0
2020-03-07,San Mateo,081,765935,86,1,0,1,0
2020-03-07,Santa Barbara,083,443738,5,0,0,0,0
2020-03-07,Santa Clara,085,1922200,206,31,1,32,0
2020-03-07,Santa Cruz,087,273765,17,1,0,1,0
2020-03-07,Shasta,089,179085,2,0,0,0,0
2020-03-07,Sierra,091,2930,0,0,0,0,0
2020-03-07,Siskiyou,093,43540,0,0,0,0,0
2020-03-07,Solano,095,438530,23,25,0,25,0
2020-03-07,Sonoma,097,501317,13,2,0,2,0
2020-03-07,Stanislaus,099,539301,9,0,2,2,0
2020-03-07,Sutter,101,95872,0,0,0,0,0
2020-03-07,Tehama,103,63373,0,0,0,0,0
2020-03-07,Trinity,105,12862,0,0,0,0,0
2020-03-07,Tulare,107,460477,6,0,0,0,0
2020-03-07,Tuolumne,109,53932,1,0,0,0,0
2020-03-07,Ventura,111,848112,18,1,0,1,0
2020-03-07,Yolo,113,214977,2,2,0,2,0
2020-03-07,Yuba,115,75493,0,0,0,0,0
2020-03-06,Alameda,001,1643700,41,3,0,3,0
2020-03-06,Alpine,002,1148,0,0,0,0,0
2020-03-06,Amador,005,37829,0,0,0,0,0
2020-03-06,Butte,007,227075,0,0,0,0,0
2020-03-06,Calaveras,009,45235,2,0,0,0,0
2020-03-06,Colusa,011,21464,0,0,0,0,0
2020-03-06,Contra Costa,013,1133247,46,4,0,4,0
2020-03-06,Del Norte,015,27424,0,0,0,0,0
2020-03-06,El Dorado,017,186661,3,0,0,0,0
2020-03-06,Fresno,019,978130,3,0,1,1,0
2020-03-06,Glenn,021,27897,0,0,0,0,0
2020-03-06,Humboldt,023,135768,4,1,0,1,0
2020-03-06,Imperial,025,180216,3,0,0,0,0
2020-03-06,Inyo,027,18085,0,0,0,0,0
2020-03-06,Kern,029,883053,6,0,0,0,0
2020-03-06,Kings,031,150075,0,0,0,0,0
2020-03-06,Lake,033,64148,0,0,0,0,0
2020-03-06,Lassen,035,31185,0,0,0,0,0
2020-03-06,Los Angeles,037,10098052,275,13,6,19,0
2020-03-06,Madera,039,155013,5,0,0,0,0
2020-03-06,Marin,041,260295,10,0,0,0,0
2020-03-06,Mariposa,043,17540,0,0,0,0,0
2020-03-06,Mendocino,045,87422,0,0,0,0,0
2020-03-06,Merced,047,269075,2,0,0,0,0
2020-03-06,Modoc,049,8938,0,0,0,0,0
2020-03-06,Mono,051,14174,1,0,0,0,0
2020-03-06,Monterey,053,433212,3,0,0,0,0
2020-03-06,Napa,055,140530,1,0,0,0,0
2020-03-06,Nevada,057,99092,1,0,1,1,0
2020-03-06,Orange,059,3164182,96,4,0,4,0
2020-03-06,Placer,061,380077,10,5,0,5,1
2020-03-06,Plumas,063,18699,0,0,0,0,0
2020-03-06,Riverside,065,2383286,30,0,1,1,0
2020-03-06,Sacramento,067,1510023,43,2,0,2,0
2020-03-06,San Benito,069,59416,3,2,0,2,0
2020-03-06,San Bernardino,071,2135413,39,0,0,0,0
2020-03-06,San Diego,073,3302833,59,2,0,2,0
2020-03-06,San Francisco,075,870044,41,2,0,2,0
2020-03-06,San Joaquin,077,732212,13,0,3,3,0
2020-03-06,San Luis Obispo,079,281455,4,0,0,0,0
2020-03-06,San Mateo,081,765935,78,1,0,1,0
2020-03-06,Santa Barbara,083,443738,3,0,0,0,0
2020-03-06,Santa Clara,085,1922200,188,20,1,21,0
2020-03-06,Santa Cruz,087,273765,15,0,0,0,0
2020-03-06,Shasta,089,179085,2,0,0,0,0
2020-03-06,Sierra,091,2930,0,0,0,0,0
2020-03-06,Siskiyou,093,43540,0,0,0,0,0
2020-03-06,Solano,095,438530,22,25,0,25,0
2020-03-06,Sonoma,097,501317,13,2,0,2,0
2020-03-06,Stanislaus,099,539301,5,0,2,2,0
2020-03-06,Sutter,101,95872,0,0,0,0,0
2020-03-06,Tehama,103,63373,0,0,0,0,0
2020-03-06,Trinity,105,12862,0,0,0,0,0
2020-03-06,Tulare,107,460477,6,0,0,0,0
2020-03-06,Tuolumne,109,53932,1,0,0,0,0
2020-03-06,Ventura,111,848112,15,1,0,1,0
2020-03-06,Yolo,113,214977,2,1,0,1,0
2020-03-06,Yuba,115,75493,0,0,0,0,0
2020-03-05,Alameda,001,1643700,35,2,0,2,0
2020-03-05,Alpine,002,1148,0,0,0,0,0
2020-03-05,Amador,005,37829,0,0,0,0,0
2020-03-05,Butte,007,227075,0,0,0,0,0
2020-03-05,Calaveras,009,45235,2,0,0,0,0
2020-03-05,Colusa,011,21464,0,0,0,0,0
2020-03-05,Contra Costa,013,1133247,39,1,0,1,0
2020-03-05,Del Norte,015,27424,0,0,0,0,0
2020-03-05,El Dorado,017,186661,1,0,0,0,0
2020-03-05,Fresno,019,978130,3,0,1,1,0
2020-03-05,Glenn,021,27897,0,0,0,0,0
2020-03-05,Humboldt,023,135768,4,1,0,1,0
2020-03-05,Imperial,025,180216,2,0,0,0,0
2020-03-05,Inyo,027,18085,0,0,0,0,0
2020-03-05,Kern,029,883053,6,0,0,0,0
2020-03-05,Kings,031,150075,0,0,0,0,0
2020-03-05,Lake,033,64148,0,0,0,0,0
2020-03-05,Lassen,035,31185,0,0,0,0,0
2020-03-05,Los Angeles,037,10098052,228,11,6,17,0
2020-03-05,Madera,039,155013,5,0,0,0,0
2020-03-05,Marin,041,260295,10,0,0,0,0
2020-03-05,Mariposa,043,17540,0,0,0,0,0
2020-03-05,Mendocino,045,87422,0,0,0,0,0
2020-03-05,Merced,047,269075,2,0,0,0,0
2020-03-05,Modoc,049,8938,0,0,0,0,0
2020-03-05,Mono,051,14174,1,0,0,0,0
2020-03-05,Monterey,053,433212,3,0,0,0,0
2020-03-05,Napa,055,140530,1,0,0,0,0
2020-03-05,Nevada,057,99092,0,0,1,1,0
2020-03-05,Orange,059,3164182,81,3,0,3,0
2020-03-05,Placer,061,380077,10,2,0,2,1
2020-03-05,Plumas,063,18699,0,0,0,0,0
2020-03-05,Riverside,065,2383286,27,0,1,1,0
2020-03-05,Sacramento,067,1510023,37,2,0,2,0
2020-03-05,San Benito,069,59416,1,2,0,2,0
2020-03-05,San Bernardino,071,2135413,34,0,0,0,0
2020-03-05,San Diego,073,3302833,52,2,0,2,0
2020-03-05,San Francisco,075,870044,31,2,0,2,0
2020-03-05,San Joaquin,077,732212,10,0,3,3,0
2020-03-05,San Luis Obispo,079,281455,4,0,0,0,0
2020-03-05,San Mateo,081,765935,65,1,0,1,0
2020-03-05,Santa Barbara,083,443738,2,0,0,0,0
2020-03-05,Santa Clara,085,1922200,164,14,1,15,0
2020-03-05,Santa Cruz,087,273765,13,0,0,0,0
2020-03-05,Shasta,089,179085,2,0,0,0,0
2020-03-05,Sierra,091,2930,0,0,0,0,0
2020-03-05,Siskiyou,093,43540,0,0,0,0,0
2020-03-05,Solano,095,438530,22,24,0,24,0
2020-03-05,Sonoma,097,501317,12,2,0,2,0
2020-03-05,Stanislaus,099,539301,4,0,2,2,0
2020-03-05,Sutter,101,95872,0,0,0,0,0
2020-03-05,Tehama,103,63373,0,0,0,0,0
2020-03-05,Trinity,105,12862,0,0,0,0,0
2020-03-05,Tulare,107,460477,6,0,0,0,0
2020-03-05,Tuolumne,109,53932,1,0,0,0,0
2020-03-05,Ventura,111,848112,13,0,0,0,0
2020-03-05,Yolo,113,214977,2,0,0,0,0
2020-03-05,Yuba,115,75493,0,0,0,0,0
2020-03-04,Alameda,001,1643700,31,2,0,2,0
2020-03-04,Alpine,002,1148,0,0,0,0,0
2020-03-04,Amador,005,37829,0,0,0,0,0
2020-03-04,Butte,007,227075,0,0,0,0,0
2020-03-04,Calaveras,009,45235,0,0,0,0,0
2020-03-04,Colusa,011,21464,0,0,0,0,0
2020-03-04,Contra Costa,013,1133247,34,1,0,1,0
2020-03-04,Del Norte,015,27424,0,0,0,0,0
2020-03-04,El Dorado,017,186661,1,0,0,0,0
2020-03-04,Fresno,019,978130,3,0,1,1,0
2020-03-04,Glenn,021,27897,0,0,0,0,0
2020-03-04,Humboldt,023,135768,1,1,0,1,0
2020-03-04,Imperial,025,180216,2,0,0,0,0
2020-03-04,Inyo,027,18085,0,0,0,0,0
2020-03-04,Kern,029,883053,6,0,0,0,0
2020-03-04,Kings,031,150075,0,0,0,0,0
2020-03-04,Lake,033,64148,0,0,0,0,0
2020-03-04,Lassen,035,31185,0,0,0,0,0
2020-03-04,Los Angeles,037,10098052,192,7,6,13,0
2020-03-04,Madera,039,155013,5,0,0,0,0
2020-03-04,Marin,041,260295,10,0,0,0,0
2020-03-04,Mariposa,043,17540,0,0,0,0,0
2020-03-04,Mendocino,045,87422,0,0,0,0,0
2020-03-04,Merced,047,269075,2,0,0,0,0
2020-03-04,Modoc,049,8938,0,0,0,0,0
2020-03-04,Mono,051,14174,1,0,0,0,0
2020-03-04,Monterey,053,433212,3,0,0,0,0
2020-03-04,Napa,055,140530,1,0,0,0,0
2020-03-04,Nevada,057,99092,0,0,1,1,0
2020-03-04,Orange,059,3164182,78,3,0,3,0
2020-03-04,Placer,061,380077,9,2,0,2,1
2020-03-04,Plumas,063,18699,0,0,0,0,0
2020-03-04,Riverside,065,2383286,23,0,1,1,0
2020-03-04,Sacramento,067,1510023,32,1,0,1,0
2020-03-04,San Benito,069,59416,1,2,0,2,0
2020-03-04,San Bernardino,071,2135413,31,0,0,0,0
2020-03-04,San Diego,073,3302833,39,2,0,2,0
2020-03-04,San Francisco,075,870044,26,0,0,0,0
2020-03-04,San Joaquin,077,732212,9,0,3,3,0
2020-03-04,San Luis Obispo,079,281455,4,0,0,0,0
2020-03-04,San Mateo,081,765935,60,1,0,1,0
2020-03-04,Santa Barbara,083,443738,2,0,0,0,0
2020-03-04,Santa Clara,085,1922200,147,12,1,13,0
2020-03-04,Santa Cruz,087,273765,13,0,0,0,0
2020-03-04,Shasta,089,179085,2,0,0,0,0
2020-03-04,Sierra,091,2930,0,0,0,0,0
2020-03-04,Siskiyou,093,43540,0,0,0,0,0
2020-03-04,Solano,095,438530,21,24,0,24,0
2020-03-04,Sonoma,097,501317,11,2,0,2,0
2020-03-04,Stanislaus,099,539301,4,0,2,2,0
2020-03-04,Sutter,101,95872,0,0,0,0,0
2020-03-04,Tehama,103,63373,0,0,0,0,0
2020-03-04,Trinity,105,12862,0,0,0,0,0
2020-03-04,Tulare,107,460477,6,0,0,0,0
2020-03-04,Tuolumne,109,53932,0,0,0,0,0
2020-03-04,Ventura,111,848112,12,0,0,0,0
2020-03-04,Yolo,113,214977,2,0,0,0,0
2020-03-04,Yuba,115,75493,0,0,0,0,0
2020-03-03,Alameda,001,1643700,25,2,0,2,0
2020-03-03,Alpine,002,1148,0,0,0,0,0
2020-03-03,Amador,005,37829,0,0,0,0,0
2020-03-03,Butte,007,227075,0,0,0,0,0
2020-03-03,Calaveras,009,45235,0,0,0,0,0
2020-03-03,Colusa,011,21464,0,0,0,0,0
2020-03-03,Contra Costa,013,1133247,30,0,0,0,0
2020-03-03,Del Norte,015,27424,0,0,0,0,0
2020-03-03,El Dorado,017,186661,1,0,0,0,0
2020-03-03,Fresno,019,978130,2,0,1,1,0
2020-03-03,Glenn,021,27897,0,0,0,0,0
2020-03-03,Humboldt,023,135768,1,1,0,1,0
2020-03-03,Imperial,025,180216,2,0,0,0,0
2020-03-03,Inyo,027,18085,0,0,0,0,0
2020-03-03,Kern,029,883053,4,0,0,0,0
2020-03-03,Kings,031,150075,0,0,0,0,0
2020-03-03,Lake,033,64148,0,0,0,0,0
2020-03-03,Lassen,035,31185,0,0,0,0,0
2020-03-03,Los Angeles,037,10098052,173,5,6,11,0
2020-03-03,Madera,039,155013,4,0,0,0,0
2020-03-03,Marin,041,260295,6,0,0,0,0
2020-03-03,Mariposa,043,17540,0,0,0,0,0
2020-03-03,Mendocino,045,87422,0,0,0,0,0
2020-03-03,Merced,047,269075,2,0,0,0,0
2020-03-03,Modoc,049,8938,0,0,0,0,0
2020-03-03,Mono,051,14174,1,0,0,0,0
2020-03-03,Monterey,053,433212,2,0,0,0,0
2020-03-03,Napa,055,140530,1,0,0,0,0
2020-03-03,Nevada,057,99092,0,0,1,1,0
2020-03-03,Orange,059,3164182,70,1,0,1,0
2020-03-03,Placer,061,380077,8,2,0,2,0
2020-03-03,Plumas,063,18699,0,0,0,0,0
2020-03-03,Riverside,065,2383286,20,0,1,1,0
2020-03-03,Sacramento,067,1510023,31,1,0,1,0
2020-03-03,San Benito,069,59416,1,2,0,2,0
2020-03-03,San Bernardino,071,2135413,28,0,0,0,0
2020-03-03,San Diego,073,3302833,32,2,0,2,0
2020-03-03,San Francisco,075,870044,24,0,0,0,0
2020-03-03,San Joaquin,077,732212,8,0,3,3,0
2020-03-03,San Luis Obispo,079,281455,2,0,0,0,0
2020-03-03,San Mateo,081,765935,53,1,0,1,0
2020-03-03,Santa Barbara,083,443738,1,0,0,0,0
2020-03-03,Santa Clara,085,1922200,132,11,1,12,0
2020-03-03,Santa Cruz,087,273765,10,0,0,0,0
2020-03-03,Shasta,089,179085,2,0,0,0,0
2020-03-03,Sierra,091,2930,0,0,0,0,0
2020-03-03,Siskiyou,093,43540,0,0,0,0,0
2020-03-03,Solano,095,438530,20,24,0,24,0
2020-03-03,Sonoma,097,501317,11,1,0,1,0
2020-03-03,Stanislaus,099,539301,4,0,2,2,0
2020-03-03,Sutter,101,95872,0,0,0,0,0
2020-03-03,Tehama,103,63373,0,0,0,0,0
2020-03-03,Trinity,105,12862,0,0,0,0,0
2020-03-03,Tulare,107,460477,6,0,0,0,0
2020-03-03,Tuolumne,109,53932,0,0,0,0,0
2020-03-03,Ventura,111,848112,11,0,0,0,0
2020-03-03,Yolo,113,214977,1,0,0,0,0
2020-03-03,Yuba,115,75493,0,0,0,0,0
2020-03-02,Alameda,001,1643700,22,1,0,1,0
2020-03-02,Alpine,002,1148,0,0,0,0,0
2020-03-02,Amador,005,37829,0,0,0,0,0
2020-03-02,Butte,007,227075,0,0,0,0,0
2020-03-02,Calaveras,009,45235,0,0,0,0,0
2020-03-02,Colusa,011,21464,0,0,0,0,0
2020-03-02,Contra Costa,013,1133247,27,0,0,0,0
2020-03-02,Del Norte,015,27424,0,0,0,0,0
2020-03-02,El Dorado,017,186661,1,0,0,0,0
2020-03-02,Fresno,019,978130,2,0,1,1,0
2020-03-02,Glenn,021,27897,0,0,0,0,0
2020-03-02,Humboldt,023,135768,1,1,0,1,0
2020-03-02,Imperial,025,180216,2,0,0,0,0
2020-03-02,Inyo,027,18085,0,0,0,0,0
2020-03-02,Kern,029,883053,4,0,0,0,0
2020-03-02,Kings,031,150075,0,0,0,0,0
2020-03-02,Lake,033,64148,0,0,0,0,0
2020-03-02,Lassen,035,31185,0,0,0,0,0
2020-03-02,Los Angeles,037,10098052,158,1,6,7,0
2020-03-02,Madera,039,155013,4,0,0,0,0
2020-03-02,Marin,041,260295,6,0,0,0,0
2020-03-02,Mariposa,043,17540,0,0,0,0,0
2020-03-02,Mendocino,045,87422,0,0,0,0,0
2020-03-02,Merced,047,269075,1,0,0,0,0
2020-03-02,Modoc,049,8938,0,0,0,0,0
2020-03-02,Mono,051,14174,1,0,0,0,0
2020-03-02,Monterey,053,433212,2,0,0,0,0
2020-03-02,Napa,055,140530,1,0,0,0,0
2020-03-02,Nevada,057,99092,0,0,1,1,0
2020-03-02,Orange,059,3164182,65,1,0,1,0
2020-03-02,Placer,061,380077,8,1,0,1,0
2020-03-02,Plumas,063,18699,0,0,0,0,0
2020-03-02,Riverside,065,2383286,19,0,1,1,0
2020-03-02,Sacramento,067,1510023,25,1,0,1,0
2020-03-02,San Benito,069,59416,1,2,0,2,0
2020-03-02,San Bernardino,071,2135413,28,0,0,0,0
2020-03-02,San Diego,073,3302833,26,2,0,2,0
2020-03-02,San Francisco,075,870044,17,0,0,0,0
2020-03-02,San Joaquin,077,732212,7,0,3,3,0
2020-03-02,San Luis Obispo,079,281455,2,0,0,0,0
2020-03-02,San Mateo,081,765935,44,1,0,1,0
2020-03-02,Santa Barbara,083,443738,1,0,0,0,0
2020-03-02,Santa Clara,085,1922200,110,7,1,8,0
2020-03-02,Santa Cruz,087,273765,9,0,0,0,0
2020-03-02,Shasta,089,179085,2,0,0,0,0
2020-03-02,Sierra,091,2930,0,0,0,0,0
2020-03-02,Siskiyou,093,43540,0,0,0,0,0
2020-03-02,Solano,095,438530,19,24,0,24,0
2020-03-02,Sonoma,097,501317,10,1,0,1,0
2020-03-02,Stanislaus,099,539301,2,0,2,2,0
2020-03-02,Sutter,101,95872,0,0,0,0,0
2020-03-02,Tehama,103,63373,0,0,0,0,0
2020-03-02,Trinity,105,12862,0,0,0,0,0
2020-03-02,Tulare,107,460477,6,0,0,0,0
2020-03-02,Tuolumne,109,53932,0,0,0,0,0
2020-03-02,Ventura,111,848112,10,0,0,0,0
2020-03-02,Yolo,113,214977,1,0,0,0,0
2020-03-02,Yuba,115,75493,0,0,0,0,0
2020-03-01,Alameda,001,1643700,21,1,0,1,0
2020-03-01,Alpine,002,1148,0,0,0,0,0
2020-03-01,Amador,005,37829,0,0,0,0,0
2020-03-01,Butte,007,227075,0,0,0,0,0
2020-03-01,Calaveras,009,45235,0,0,0,0,0
2020-03-01,Colusa,011,21464,0,0,0,0,0
2020-03-01,Contra Costa,013,1133247,24,0,0,0,0
2020-03-01,Del Norte,015,27424,0,0,0,0,0
2020-03-01,El Dorado,017,186661,1,0,0,0,0
2020-03-01,Fresno,019,978130,1,0,1,1,0
2020-03-01,Glenn,021,27897,0,0,0,0,0
2020-03-01,Humboldt,023,135768,1,1,0,1,0
2020-03-01,Imperial,025,180216,2,0,0,0,0
2020-03-01,Inyo,027,18085,0,0,0,0,0
2020-03-01,Kern,029,883053,2,0,0,0,0
2020-03-01,Kings,031,150075,0,0,0,0,0
2020-03-01,Lake,033,64148,0,0,0,0,0
2020-03-01,Lassen,035,31185,0,0,0,0,0
2020-03-01,Los Angeles,037,10098052,139,1,6,7,0
2020-03-01,Madera,039,155013,2,0,0,0,0
2020-03-01,Marin,041,260295,5,0,0,0,0
2020-03-01,Mariposa,043,17540,0,0,0,0,0
2020-03-01,Mendocino,045,87422,0,0,0,0,0
2020-03-01,Merced,047,269075,1,0,0,0,0
2020-03-01,Modoc,049,8938,0,0,0,0,0
2020-03-01,Mono,051,14174,1,0,0,0,0
2020-03-01,Monterey,053,433212,1,0,0,0,0
2020-03-01,Napa,055,140530,1,0,0,0,0
2020-03-01,Nevada,057,99092,0,0,1,1,0
2020-03-01,Orange,059,3164182,62,1,0,1,0
2020-03-01,Placer,061,380077,8,0,0,0,0
2020-03-01,Plumas,063,18699,0,0,0,0,0
2020-03-01,Riverside,065,2383286,18,0,1,1,0
2020-03-01,Sacramento,067,1510023,21,1,0,1,0
2020-03-01,San Benito,069,59416,0,2,0,2,0
2020-03-01,San Bernardino,071,2135413,27,0,0,0,0
2020-03-01,San Diego,073,3302833,19,2,0,2,0
2020-03-01,San Francisco,075,870044,13,0,0,0,0
2020-03-01,San Joaquin,077,732212,7,0,3,3,0
2020-03-01,San Luis Obispo,079,281455,2,0,0,0,0
2020-03-01,San Mateo,081,765935,36,0,0,0,0
2020-03-01,Santa Barbara,083,443738,1,0,0,0,0
2020-03-01,Santa Clara,085,1922200,97,6,1,7,0
2020-03-01,Santa Cruz,087,273765,8,0,0,0,0
2020-03-01,Shasta,089,179085,2,0,0,0,0
2020-03-01,Sierra,091,2930,0,0,0,0,0
2020-03-01,Siskiyou,093,43540,0,0,0,0,0
2020-03-01,Solano,095,438530,19,24,0,24,0
2020-03-01,Sonoma,097,501317,9,0,0,0,0
2020-03-01,Stanislaus,099,539301,2,0,2,2,0
2020-03-01,Sutter,101,95872,0,0,0,0,0
2020-03-01,Tehama,103,63373,0,0,0,0,0
2020-03-01,Trinity,105,12862,0,0,0,0,0
2020-03-01,Tulare,107,460477,6,0,0,0,0
2020-03-01,Tuolumne,109,53932,0,0,0,0,0
2020-03-01,Ventura,111,848112,8,0,0,0,0
2020-03-01,Yolo,113,214977,1,0,0,0,0
2020-03-01,Yuba,115,75493,0,0,0,0,0
2020-02-29,Alameda,001,1643700,17,0,0,0,0
2020-02-29,Alpine,002,1148,0,0,0,0,0
2020-02-29,Amador,005,37829,0,0,0,0,0
2020-02-29,Butte,007,227075,0,0,0,0,0
2020-02-29,Calaveras,009,45235,0,0,0,0,0
2020-02-29,Colusa,011,21464,0,0,0,0,0
2020-02-29,Contra Costa,013,1133247,20,0,0,0,0
2020-02-29,Del Norte,015,27424,0,0,0,0,0
2020-02-29,El Dorado,017,186661,1,0,0,0,0
2020-02-29,Fresno,019,978130,1,0,0,0,0
2020-02-29,Glenn,021,27897,0,0,0,0,0
2020-02-29,Humboldt,023,135768,1,1,0,1,0
2020-02-29,Imperial,025,180216,1,0,0,0,0
2020-02-29,Inyo,027,18085,0,0,0,0,0
2020-02-29,Kern,029,883053,2,0,0,0,0
2020-02-29,Kings,031,150075,0,0,0,0,0
2020-02-29,Lake,033,64148,0,0,0,0,0
2020-02-29,Lassen,035,31185,0,0,0,0,0
2020-02-29,Los Angeles,037,10098052,111,1,6,7,0
2020-02-29,Madera,039,155013,2,0,0,0,0
2020-02-29,Marin,041,260295,4,0,0,0,0
2020-02-29,Mariposa,043,17540,0,0,0,0,0
2020-02-29,Mendocino,045,87422,0,0,0,0,0
2020-02-29,Merced,047,269075,1,0,0,0,0
2020-02-29,Modoc,049,8938,0,0,0,0,0
2020-02-29,Mono,051,14174,1,0,0,0,0
2020-02-29,Monterey,053,433212,1,0,0,0,0
2020-02-29,Napa,055,140530,1,0,0,0,0
2020-02-29,Nevada,057,99092,0,0,1,1,0
2020-02-29,Orange,059,3164182,57,1,0,1,0
2020-02-29,Placer,061,380077,7,0,0,0,0
2020-02-29,Plumas,063,18699,0,0,0,0,0
2020-02-29,Riverside,065,2383286,15,0,1,1,0
2020-02-29,Sacramento,067,1510023,16,1,0,1,0
2020-02-29,San Benito,069,59416,0,2,0,2,0
2020-02-29,San Bernardino,071,2135413,25,0,0,0,0
2020-02-29,San Diego,073,3302833,14,2,0,2,0
2020-02-29,San Francisco,075,870044,12,0,0,0,0
2020-02-29,San Joaquin,077,732212,6,0,3,3,0
2020-02-29,San Luis Obispo,079,281455,2,0,0,0,0
2020-02-29,San Mateo,081,765935,29,0,0,0,0
2020-02-29,Santa Barbara,083,443738,0,0,0,0,0
2020-02-29,Santa Clara,085,1922200,75,3,1,4,0
2020-02-29,Santa Cruz,087,273765,8,0,0,0,0
2020-02-29,Shasta,089,179085,2,0,0,0,0
2020-02-29,Sierra,091,2930,0,0,0,0,0
2020-02-29,Siskiyou,093,43540,0,0,0,0,0
2020-02-29,Solano,095,438530,18,23,0,23,0
2020-02-29,Sonoma,097,501317,6,0,0,0,0
2020-02-29,Stanislaus,099,539301,2,0,2,2,0
2020-02-29,Sutter,101,95872,0,0,0,0,0
2020-02-29,Tehama,103,63373,0,0,0,0,0
2020-02-29,Trinity,105,12862,0,0,0,0,0
2020-02-29,Tulare,107,460477,4,0,0,0,0
2020-02-29,Tuolumne,109,53932,0,0,0,0,0
2020-02-29,Ventura,111,848112,6,0,0,0,0
2020-02-29,Yolo,113,214977,1,0,0,0,0
2020-02-29,Yuba,115,75493,0,0,0,0,0
2020-02-28,Alameda,001,1643700,15,0,0,0,0
2020-02-28,Alpine,002,1148,0,0,0,0,0
2020-02-28,Amador,005,37829,0,0,0,0,0
2020-02-28,Butte,007,227075,0,0,0,0,0
2020-02-28,Calaveras,009,45235,0,0,0,0,0
2020-02-28,Colusa,011,21464,0,0,0,0,0
2020-02-28,Contra Costa,013,1133247,20,0,0,0,0
2020-02-28,Del Norte,015,27424,0,0,0,0,0
2020-02-28,El Dorado,017,186661,0,0,0,0,0
2020-02-28,Fresno,019,978130,1,0,0,0,0
2020-02-28,Glenn,021,27897,0,0,0,0,0
2020-02-28,Humboldt,023,135768,1,1,0,1,0
2020-02-28,Imperial,025,180216,1,0,0,0,0
2020-02-28,Inyo,027,18085,0,0,0,0,0
2020-02-28,Kern,029,883053,2,0,0,0,0
2020-02-28,Kings,031,150075,0,0,0,0,0
2020-02-28,Lake,033,64148,0,0,0,0,0
2020-02-28,Lassen,035,31185,0,0,0,0,0
2020-02-28,Los Angeles,037,10098052,103,1,6,7,0
2020-02-28,Madera,039,155013,2,0,0,0,0
2020-02-28,Marin,041,260295,2,0,0,0,0
2020-02-28,Mariposa,043,17540,0,0,0,0,0
2020-02-28,Mendocino,045,87422,0,0,0,0,0
2020-02-28,Merced,047,269075,1,0,0,0,0
2020-02-28,Modoc,049,8938,0,0,0,0,0
2020-02-28,Mono,051,14174,0,0,0,0,0
2020-02-28,Monterey,053,433212,1,0,0,0,0
2020-02-28,Napa,055,140530,1,0,0,0,0
2020-02-28,Nevada,057,99092,0,0,1,1,0
2020-02-28,Orange,059,3164182,55,1,0,1,0
2020-02-28,Placer,061,380077,7,0,0,0,0
2020-02-28,Plumas,063,18699,0,0,0,0,0
2020-02-28,Riverside,065,2383286,13,0,1,1,0
2020-02-28,Sacramento,067,1510023,10,1,0,1,0
2020-02-28,San Benito,069,59416,0,2,0,2,0
2020-02-28,San Bernardino,071,2135413,25,0,0,0,0
2020-02-28,San Diego,073,3302833,11,2,0,2,0
2020-02-28,San Francisco,075,870044,10,0,0,0,0
2020-02-28,San Joaquin,077,732212,6,0,3,3,0
2020-02-28,San Luis Obispo,079,281455,2,0,0,0,0
2020-02-28,San Mateo,081,765935,24,0,0,0,0
2020-02-28,Santa Barbara,083,443738,0,0,0,0,0
2020-02-28,Santa Clara,085,1922200,70,3,1,4,0
2020-02-28,Santa Cruz,087,273765,8,0,0,0,0
2020-02-28,Shasta,089,179085,2,0,0,0,0
2020-02-28,Sierra,091,2930,0,0,0,0,0
2020-02-28,Siskiyou,093,43540,0,0,0,0,0
2020-02-28,Solano,095,438530,17,23,0,23,0
2020-02-28,Sonoma,097,501317,6,0,0,0,0
2020-02-28,Stanislaus,099,539301,2,0,2,2,0
2020-02-28,Sutter,101,95872,0,0,0,0,0
2020-02-28,Tehama,103,63373,0,0,0,0,0
2020-02-28,Trinity,105,12862,0,0,0,0,0
2020-02-28,Tulare,107,460477,3,0,0,0,0
2020-02-28,Tuolumne,109,53932,0,0,0,0,0
2020-02-28,Ventura,111,848112,6,0,0,0,0
2020-02-28,Yolo,113,214977,1,0,0,0,0
2020-02-28,Yuba,115,75493,0,0,0,0,0
2020-02-27,Alameda,001,1643700,14,0,0,0,0
2020-02-27,Alpine,002,1148,0,0,0,0,0
2020-02-27,Amador,005,37829,0,0,0,0,0
2020-02-27,Butte,007,227075,0,0,0,0,0
2020-02-27,Calaveras,009,45235,0,0,0,0,0
2020-02-27,Colusa,011,21464,0,0,0,0,0
2020-02-27,Contra Costa,013,1133247,14,0,0,0,0
2020-02-27,Del Norte,015,27424,0,0,0,0,0
2020-02-27,El Dorado,017,186661,0,0,0,0,0
2020-02-27,Fresno,019,978130,1,0,0,0,0
2020-02-27,Glenn,021,27897,0,0,0,0,0
2020-02-27,Humboldt,023,135768,1,1,0,1,0
2020-02-27,Imperial,025,180216,1,0,0,0,0
2020-02-27,Inyo,027,18085,0,0,0,0,0
2020-02-27,Kern,029,883053,2,0,0,0,0
2020-02-27,Kings,031,150075,0,0,0,0,0
2020-02-27,Lake,033,64148,0,0,0,0,0
2020-02-27,Lassen,035,31185,0,0,0,0,0
2020-02-27,Los Angeles,037,10098052,95,1,6,7,0
2020-02-27,Madera,039,155013,2,0,0,0,0
2020-02-27,Marin,041,260295,1,0,0,0,0
2020-02-27,Mariposa,043,17540,0,0,0,0,0
2020-02-27,Mendocino,045,87422,0,0,0,0,0
2020-02-27,Merced,047,269075,1,0,0,0,0
2020-02-27,Modoc,049,8938,0,0,0,0,0
2020-02-27,Mono,051,14174,0,0,0,0,0
2020-02-27,Monterey,053,433212,1,0,0,0,0
2020-02-27,Napa,055,140530,1,0,0,0,0
2020-02-27,Nevada,057,99092,0,0,1,1,0
2020-02-27,Orange,059,3164182,49,1,0,1,0
2020-02-27,Placer,061,380077,6,0,0,0,0
2020-02-27,Plumas,063,18699,0,0,0,0,0
2020-02-27,Riverside,065,2383286,12,0,1,1,0
2020-02-27,Sacramento,067,1510023,10,1,0,1,0
2020-02-27,San Benito,069,59416,0,2,0,2,0
2020-02-27,San Bernardino,071,2135413,25,0,0,0,0
2020-02-27,San Diego,073,3302833,10,2,0,2,0
2020-02-27,San Francisco,075,870044,9,0,0,0,0
2020-02-27,San Joaquin,077,732212,5,0,3,3,0
2020-02-27,San Luis Obispo,079,281455,2,0,0,0,0
2020-02-27,San Mateo,081,765935,20,0,0,0,0
2020-02-27,Santa Barbara,083,443738,0,0,0,0,0
2020-02-27,Santa Clara,085,1922200,59,2,1,3,0
2020-02-27,Santa Cruz,087,273765,6,0,0,0,0
2020-02-27,Shasta,089,179085,0,0,0,0,0
2020-02-27,Sierra,091,2930,0,0,0,0,0
2020-02-27,Siskiyou,093,43540,0,0,0,0,0
2020-02-27,Solano,095,438530,17,23,0,23,0
2020-02-27,Sonoma,097,501317,5,0,0,0,0
2020-02-27,Stanislaus,099,539301,2,0,2,2,0
2020-02-27,Sutter,101,95872,0,0,0,0,0
2020-02-27,Tehama,103,63373,0,0,0,0,0
2020-02-27,Trinity,105,12862,0,0,0,0,0
2020-02-27,Tulare,107,460477,3,0,0,0,0
2020-02-27,Tuolumne,109,53932,0,0,0,0,0
2020-02-27,Ventura,111,848112,4,0,0,0,0
2020-02-27,Yolo,113,214977,1,0,0,0,0
2020-02-27,Yuba,115,75493,0,0,0,0,0
2020-02-26,Alameda,001,1643700,14,0,0,0,0
2020-02-26,Alpine,002,1148,0,0,0,0,0
2020-02-26,Amador,005,37829,0,0,0,0,0
2020-02-26,Butte,007,227075,0,0,0,0,0
2020-02-26,Calaveras,009,45235,0,0,0,0,0
2020-02-26,Colusa,011,21464,0,0,0,0,0
2020-02-26,Contra Costa,013,1133247,13,0,0,0,0
2020-02-26,Del Norte,015,27424,0,0,0,0,0
2020-02-26,El Dorado,017,186661,0,0,0,0,0
2020-02-26,Fresno,019,978130,1,0,0,0,0
2020-02-26,Glenn,021,27897,0,0,0,0,0
2020-02-26,Humboldt,023,135768,1,1,0,1,0
2020-02-26,Imperial,025,180216,1,0,0,0,0
2020-02-26,Inyo,027,18085,0,0,0,0,0
2020-02-26,Kern,029,883053,2,0,0,0,0
2020-02-26,Kings,031,150075,0,0,0,0,0
2020-02-26,Lake,033,64148,0,0,0,0,0
2020-02-26,Lassen,035,31185,0,0,0,0,0
2020-02-26,Los Angeles,037,10098052,89,1,6,7,0
2020-02-26,Madera,039,155013,2,0,0,0,0
2020-02-26,Marin,041,260295,1,0,0,0,0
2020-02-26,Mariposa,043,17540,0,0,0,0,0
2020-02-26,Mendocino,045,87422,0,0,0,0,0
2020-02-26,Merced,047,269075,1,0,0,0,0
2020-02-26,Modoc,049,8938,0,0,0,0,0
2020-02-26,Mono,051,14174,0,0,0,0,0
2020-02-26,Monterey,053,433212,1,0,0,0,0
2020-02-26,Napa,055,140530,0,0,0,0,0
2020-02-26,Nevada,057,99092,0,0,1,1,0
2020-02-26,Orange,059,3164182,48,1,0,1,0
2020-02-26,Placer,061,380077,5,0,0,0,0
2020-02-26,Plumas,063,18699,0,0,0,0,0
2020-02-26,Riverside,065,2383286,10,0,1,1,0
2020-02-26,Sacramento,067,1510023,10,1,0,1,0
2020-02-26,San Benito,069,59416,0,2,0,2,0
2020-02-26,San Bernardino,071,2135413,23,0,0,0,0
2020-02-26,San Diego,073,3302833,9,2,0,2,0
2020-02-26,San Francisco,075,870044,9,0,0,0,0
2020-02-26,San Joaquin,077,732212,5,0,3,3,0
2020-02-26,San Luis Obispo,079,281455,2,0,0,0,0
2020-02-26,San Mateo,081,765935,18,0,0,0,0
2020-02-26,Santa Barbara,083,443738,0,0,0,0,0
2020-02-26,Santa Clara,085,1922200,50,2,1,3,0
2020-02-26,Santa Cruz,087,273765,6,0,0,0,0
2020-02-26,Shasta,089,179085,0,0,0,0,0
2020-02-26,Sierra,091,2930,0,0,0,0,0
2020-02-26,Siskiyou,093,43540,0,0,0,0,0
2020-02-26,Solano,095,438530,17,23,0,23,0
2020-02-26,Sonoma,097,501317,5,0,0,0,0
2020-02-26,Stanislaus,099,539301,2,0,2,2,0
2020-02-26,Sutter,101,95872,0,0,0,0,0
2020-02-26,Tehama,103,63373,0,0,0,0,0
2020-02-26,Trinity,105,12862,0,0,0,0,0
2020-02-26,Tulare,107,460477,3,0,0,0,0
2020-02-26,Tuolumne,109,53932,0,0,0,0,0
2020-02-26,Ventura,111,848112,4,0,0,0,0
2020-02-26,Yolo,113,214977,1,0,0,0,0
2020-02-26,Yuba,115,75493,0,0,0,0,0
2020-02-25,Alameda,001,1643700,14,0,0,0,0
2020-02-25,Alpine,002,1148,0,0,0,0,0
2020-02-25,Amador,005,37829,0,0,0,0,0
2020-02-25,Butte,007,227075,0,0,0,0,0
2020-02-25,Calaveras,009,45235,0,0,0,0,0
2020-02-25,Colusa,011,21464,0,0,0,0,0
2020-02-25,Contra Costa,013,1133247,11,0,0,0,0
2020-02-25,Del Norte,015,27424,0,0,0,0,0
2020-02-25,El Dorado,017,186661,0,0,0,0,0
2020-02-25,Fresno,019,978130,1,0,0,0,0
2020-02-25,Glenn,021,27897,0,0,0,0,0
2020-02-25,Humboldt,023,135768,1,1,0,1,0
2020-02-25,Imperial,025,180216,1,0,0,0,0
2020-02-25,Inyo,027,18085,0,0,0,0,0
2020-02-25,Kern,029,883053,2,0,0,0,0
2020-02-25,Kings,031,150075,0,0,0,0,0
2020-02-25,Lake,033,64148,0,0,0,0,0
2020-02-25,Lassen,035,31185,0,0,0,0,0
2020-02-25,Los Angeles,037,10098052,77,1,6,7,0
2020-02-25,Madera,039,155013,2,0,0,0,0
2020-02-25,Marin,041,260295,1,0,0,0,0
2020-02-25,Mariposa,043,17540,0,0,0,0,0
2020-02-25,Mendocino,045,87422,0,0,0,0,0
2020-02-25,Merced,047,269075,0,0,0,0,0
2020-02-25,Modoc,049,8938,0,0,0,0,0
2020-02-25,Mono,051,14174,0,0,0,0,0
2020-02-25,Monterey,053,433212,1,0,0,0,0
2020-02-25,Napa,055,140530,0,0,0,0,0
2020-02-25,Nevada,057,99092,0,0,1,1,0
2020-02-25,Orange,059,3164182,47,1,0,1,0
2020-02-25,Placer,061,380077,5,0,0,0,0
2020-02-25,Plumas,063,18699,0,0,0,0,0
2020-02-25,Riverside,065,2383286,10,0,1,1,0
2020-02-25,Sacramento,067,1510023,8,1,0,1,0
2020-02-25,San Benito,069,59416,0,2,0,2,0
2020-02-25,San Bernardino,071,2135413,21,0,0,0,0
2020-02-25,San Diego,073,3302833,5,2,0,2,0
2020-02-25,San Francisco,075,870044,7,0,0,0,0
2020-02-25,San Joaquin,077,732212,5,0,2,2,0
2020-02-25,San Luis Obispo,079,281455,2,0,0,0,0
2020-02-25,San Mateo,081,765935,17,0,0,0,0
2020-02-25,Santa Barbara,083,443738,0,0,0,0,0
2020-02-25,Santa Clara,085,1922200,40,2,1,3,0
2020-02-25,Santa Cruz,087,273765,5,0,0,0,0
2020-02-25,Shasta,089,179085,0,0,0,0,0
2020-02-25,Sierra,091,2930,0,0,0,0,0
2020-02-25,Siskiyou,093,43540,0,0,0,0,0
2020-02-25,Solano,095,438530,16,21,0,21,0
2020-02-25,Sonoma,097,501317,5,0,0,0,0
2020-02-25,Stanislaus,099,539301,2,0,2,2,0
2020-02-25,Sutter,101,95872,0,0,0,0,0
2020-02-25,Tehama,103,63373,0,0,0,0,0
2020-02-25,Trinity,105,12862,0,0,0,0,0
2020-02-25,Tulare,107,460477,3,0,0,0,0
2020-02-25,Tuolumne,109,53932,0,0,0,0,0
2020-02-25,Ventura,111,848112,4,0,0,0,0
2020-02-25,Yolo,113,214977,1,0,0,0,0
2020-02-25,Yuba,115,75493,0,0,0,0,0
2020-02-24,Alameda,001,1643700,14,0,0,0,0
2020-02-24,Alpine,002,1148,0,0,0,0,0
2020-02-24,Amador,005,37829,0,0,0,0,0
2020-02-24,Butte,007,227075,0,0,0,0,0
2020-02-24,Calaveras,009,45235,0,0,0,0,0
2020-02-24,Colusa,011,21464,0,0,0,0,0
2020-02-24,Contra Costa,013,1133247,9,0,0,0,0
2020-02-24,Del Norte,015,27424,0,0,0,0,0
2020-02-24,El Dorado,017,186661,0,0,0,0,0
2020-02-24,Fresno,019,978130,1,0,0,0,0
2020-02-24,Glenn,021,27897,0,0,0,0,0
2020-02-24,Humboldt,023,135768,1,1,0,1,0
2020-02-24,Imperial,025,180216,1,0,0,0,0
2020-02-24,Inyo,027,18085,0,0,0,0,0
2020-02-24,Kern,029,883053,2,0,0,0,0
2020-02-24,Kings,031,150075,0,0,0,0,0
2020-02-24,Lake,033,64148,0,0,0,0,0
2020-02-24,Lassen,035,31185,0,0,0,0,0
2020-02-24,Los Angeles,037,10098052,71,1,6,7,0
2020-02-24,Madera,039,155013,1,0,0,0,0
2020-02-24,Marin,041,260295,1,0,0,0,0
2020-02-24,Mariposa,043,17540,0,0,0,0,0
2020-02-24,Mendocino,045,87422,0,0,0,0,0
2020-02-24,Merced,047,269075,0,0,0,0,0
2020-02-24,Modoc,049,8938,0,0,0,0,0
2020-02-24,Mono,051,14174,0,0,0,0,0
2020-02-24,Monterey,053,433212,1,0,0,0,0
2020-02-24,Napa,055,140530,0,0,0,0,0
2020-02-24,Nevada,057,99092,0,0,1,1,0
2020-02-24,Orange,059,3164182,45,1,0,1,0
2020-02-24,Placer,061,380077,3,0,0,0,0
2020-02-24,Plumas,063,18699,0,0,0,0,0
2020-02-24,Riverside,065,2383286,9,0,1,1,0
2020-02-24,Sacramento,067,1510023,7,1,0,1,0
2020-02-24,San Benito,069,59416,0,2,0,2,0
2020-02-24,San Bernardino,071,2135413,21,0,0,0,0
2020-02-24,San Diego,073,3302833,5,2,0,2,0
2020-02-24,San Francisco,075,870044,6,0,0,0,0
2020-02-24,San Joaquin,077,732212,5,0,1,1,0
2020-02-24,San Luis Obispo,079,281455,2,0,0,0,0
2020-02-24,San Mateo,081,765935,13,0,0,0,0
2020-02-24,Santa Barbara,083,443738,0,0,0,0,0
2020-02-24,Santa Clara,085,1922200,38,2,1,3,0
2020-02-24,Santa Cruz,087,273765,5,0,0,0,0
2020-02-24,Shasta,089,179085,0,0,0,0,0
2020-02-24,Sierra,091,2930,0,0,0,0,0
2020-02-24,Siskiyou,093,43540,0,0,0,0,0
2020-02-24,Solano,095,438530,13,15,0,15,0
2020-02-24,Sonoma,097,501317,5,0,0,0,0
2020-02-24,Stanislaus,099,539301,2,0,2,2,0
2020-02-24,Sutter,101,95872,0,0,0,0,0
2020-02-24,Tehama,103,63373,0,0,0,0,0
2020-02-24,Trinity,105,12862,0,0,0,0,0
2020-02-24,Tulare,107,460477,3,0,0,0,0
2020-02-24,Tuolumne,109,53932,0,0,0,0,0
2020-02-24,Ventura,111,848112,4,0,0,0,0
2020-02-24,Yolo,113,214977,1,0,0,0,0
2020-02-24,Yuba,115,75493,0,0,0,0,0
2020-02-23,Alameda,001,1643700,12,0,0,0,0
2020-02-23,Alpine,002,1148,0,0,0,0,0
2020-02-23,Amador,005,37829,0,0,0,0,0
2020-02-23,Butte,007,227075,0,0,0,0,0
2020-02-23,Calaveras,009,45235,0,0,0,0,0
2020-02-23,Colusa,011,21464,0,0,0,0,0
2020-02-23,Contra Costa,013,1133247,6,0,0,0,0
2020-02-23,Del Norte,015,27424,0,0,0,0,0
2020-02-23,El Dorado,017,186661,0,0,0,0,0
2020-02-23,Fresno,019,978130,1,0,0,0,0
2020-02-23,Glenn,021,27897,0,0,0,0,0
2020-02-23,Humboldt,023,135768,1,1,0,1,0
2020-02-23,Imperial,025,180216,1,0,0,0,0
2020-02-23,Inyo,027,18085,0,0,0,0,0
2020-02-23,Kern,029,883053,2,0,0,0,0
2020-02-23,Kings,031,150075,0,0,0,0,0
2020-02-23,Lake,033,64148,0,0,0,0,0
2020-02-23,Lassen,035,31185,0,0,0,0,0
2020-02-23,Los Angeles,037,10098052,63,1,6,7,0
2020-02-23,Madera,039,155013,1,0,0,0,0
2020-02-23,Marin,041,260295,1,0,0,0,0
2020-02-23,Mariposa,043,17540,0,0,0,0,0
2020-02-23,Mendocino,045,87422,0,0,0,0,0
2020-02-23,Merced,047,269075,0,0,0,0,0
2020-02-23,Modoc,049,8938,0,0,0,0,0
2020-02-23,Mono,051,14174,0,0,0,0,0
2020-02-23,Monterey,053,433212,1,0,0,0,0
2020-02-23,Napa,055,140530,0,0,0,0,0
2020-02-23,Nevada,057,99092,0,0,1,1,0
2020-02-23,Orange,059,3164182,45,1,0,1,0
2020-02-23,Placer,061,380077,3,0,0,0,0
2020-02-23,Plumas,063,18699,0,0,0,0,0
2020-02-23,Riverside,065,2383286,9,0,0,0,0
2020-02-23,Sacramento,067,1510023,6,1,0,1,0
2020-02-23,San Benito,069,59416,0,2,0,2,0
2020-02-23,San Bernardino,071,2135413,20,0,0,0,0
2020-02-23,San Diego,073,3302833,4,2,0,2,0
2020-02-23,San Francisco,075,870044,5,0,0,0,0
2020-02-23,San Joaquin,077,732212,4,0,1,1,0
2020-02-23,San Luis Obispo,079,281455,2,0,0,0,0
2020-02-23,San Mateo,081,765935,10,0,0,0,0
2020-02-23,Santa Barbara,083,443738,0,0,0,0,0
2020-02-23,Santa Clara,085,1922200,26,2,1,3,0
2020-02-23,Santa Cruz,087,273765,2,0,0,0,0
2020-02-23,Shasta,089,179085,0,0,0,0,0
2020-02-23,Sierra,091,2930,0,0,0,0,0
2020-02-23,Siskiyou,093,43540,0,0,0,0,0
2020-02-23,Solano,095,438530,11,15,0,15,0
2020-02-23,Sonoma,097,501317,5,0,0,0,0
2020-02-23,Stanislaus,099,539301,2,0,2,2,0
2020-02-23,Sutter,101,95872,0,0,0,0,0
2020-02-23,Tehama,103,63373,0,0,0,0,0
2020-02-23,Trinity,105,12862,0,0,0,0,0
2020-02-23,Tulare,107,460477,2,0,0,0,0
2020-02-23,Tuolumne,109,53932,0,0,0,0,0
2020-02-23,Ventura,111,848112,4,0,0,0,0
2020-02-23,Yolo,113,214977,1,0,0,0,0
2020-02-23,Yuba,115,75493,0,0,0,0,0
2020-02-22,Alameda,001,1643700,11,0,0,0,0
2020-02-22,Alpine,002,1148,0,0,0,0,0
2020-02-22,Amador,005,37829,0,0,0,0,0
2020-02-22,Butte,007,227075,0,0,0,0,0
2020-02-22,Calaveras,009,45235,0,0,0,0,0
2020-02-22,Colusa,011,21464,0,0,0,0,0
2020-02-22,Contra Costa,013,1133247,5,0,0,0,0
2020-02-22,Del Norte,015,27424,0,0,0,0,0
2020-02-22,El Dorado,017,186661,0,0,0,0,0
2020-02-22,Fresno,019,978130,1,0,0,0,0
2020-02-22,Glenn,021,27897,0,0,0,0,0
2020-02-22,Humboldt,023,135768,1,1,0,1,0
2020-02-22,Imperial,025,180216,0,0,0,0,0
2020-02-22,Inyo,027,18085,0,0,0,0,0
2020-02-22,Kern,029,883053,2,0,0,0,0
2020-02-22,Kings,031,150075,0,0,0,0,0
2020-02-22,Lake,033,64148,0,0,0,0,0
2020-02-22,Lassen,035,31185,0,0,0,0,0
2020-02-22,Los Angeles,037,10098052,61,1,6,7,0
2020-02-22,Madera,039,155013,0,0,0,0,0
2020-02-22,Marin,041,260295,1,0,0,0,0
2020-02-22,Mariposa,043,17540,0,0,0,0,0
2020-02-22,Mendocino,045,87422,0,0,0,0,0
2020-02-22,Merced,047,269075,0,0,0,0,0
2020-02-22,Modoc,049,8938,0,0,0,0,0
2020-02-22,Mono,051,14174,0,0,0,0,0
2020-02-22,Monterey,053,433212,1,0,0,0,0
2020-02-22,Napa,055,140530,0,0,0,0,0
2020-02-22,Nevada,057,99092,0,0,1,1,0
2020-02-22,Orange,059,3164182,44,1,0,1,0
2020-02-22,Placer,061,380077,3,0,0,0,0
2020-02-22,Plumas,063,18699,0,0,0,0,0
2020-02-22,Riverside,065,2383286,9,0,0,0,0
2020-02-22,Sacramento,067,1510023,6,1,0,1,0
2020-02-22,San Benito,069,59416,0,2,0,2,0
2020-02-22,San Bernardino,071,2135413,18,0,0,0,0
2020-02-22,San Diego,073,3302833,3,2,0,2,0
2020-02-22,San Francisco,075,870044,3,0,0,0,0
2020-02-22,San Joaquin,077,732212,4,0,1,1,0
2020-02-22,San Luis Obispo,079,281455,2,0,0,0,0
2020-02-22,San Mateo,081,765935,8,0,0,0,0
2020-02-22,Santa Barbara,083,443738,0,0,0,0,0
2020-02-22,Santa Clara,085,1922200,23,2,1,3,0
2020-02-22,Santa Cruz,087,273765,2,0,0,0,0
2020-02-22,Shasta,089,179085,0,0,0,0,0
2020-02-22,Sierra,091,2930,0,0,0,0,0
2020-02-22,Siskiyou,093,43540,0,0,0,0,0
2020-02-22,Solano,095,438530,11,11,0,11,0
2020-02-22,Sonoma,097,501317,4,0,0,0,0
2020-02-22,Stanislaus,099,539301,2,0,2,2,0
2020-02-22,Sutter,101,95872,0,0,0,0,0
2020-02-22,Tehama,103,63373,0,0,0,0,0
2020-02-22,Trinity,105,12862,0,0,0,0,0
2020-02-22,Tulare,107,460477,2,0,0,0,0
2020-02-22,Tuolumne,109,53932,0,0,0,0,0
2020-02-22,Ventura,111,848112,4,0,0,0,0
2020-02-22,Yolo,113,214977,0,0,0,0,0
2020-02-22,Yuba,115,75493,0,0,0,0,0
2020-02-21,Alameda,001,1643700,10,0,0,0,0
2020-02-21,Alpine,002,1148,0,0,0,0,0
2020-02-21,Amador,005,37829,0,0,0,0,0
2020-02-21,Butte,007,227075,0,0,0,0,0
2020-02-21,Calaveras,009,45235,0,0,0,0,0
2020-02-21,Colusa,011,21464,0,0,0,0,0
2020-02-21,Contra Costa,013,1133247,4,0,0,0,0
2020-02-21,Del Norte,015,27424,0,0,0,0,0
2020-02-21,El Dorado,017,186661,0,0,0,0,0
2020-02-21,Fresno,019,978130,1,0,0,0,0
2020-02-21,Glenn,021,27897,0,0,0,0,0
2020-02-21,Humboldt,023,135768,1,1,0,1,0
2020-02-21,Imperial,025,180216,0,0,0,0,0
2020-02-21,Inyo,027,18085,0,0,0,0,0
2020-02-21,Kern,029,883053,2,0,0,0,0
2020-02-21,Kings,031,150075,0,0,0,0,0
2020-02-21,Lake,033,64148,0,0,0,0,0
2020-02-21,Lassen,035,31185,0,0,0,0,0
2020-02-21,Los Angeles,037,10098052,57,1,6,7,0
2020-02-21,Madera,039,155013,0,0,0,0,0
2020-02-21,Marin,041,260295,1,0,0,0,0
2020-02-21,Mariposa,043,17540,0,0,0,0,0
2020-02-21,Mendocino,045,87422,0,0,0,0,0
2020-02-21,Merced,047,269075,0,0,0,0,0
2020-02-21,Modoc,049,8938,0,0,0,0,0
2020-02-21,Mono,051,14174,0,0,0,0,0
2020-02-21,Monterey,053,433212,1,0,0,0,0
2020-02-21,Napa,055,140530,0,0,0,0,0
2020-02-21,Nevada,057,99092,0,0,1,1,0
2020-02-21,Orange,059,3164182,42,1,0,1,0
2020-02-21,Placer,061,380077,2,0,0,0,0
2020-02-21,Plumas,063,18699,0,0,0,0,0
2020-02-21,Riverside,065,2383286,9,0,0,0,0
2020-02-21,Sacramento,067,1510023,5,1,0,1,0
2020-02-21,San Benito,069,59416,0,2,0,2,0
2020-02-21,San Bernardino,071,2135413,17,0,0,0,0
2020-02-21,San Diego,073,3302833,3,2,0,2,0
2020-02-21,San Francisco,075,870044,3,0,0,0,0
2020-02-21,San Joaquin,077,732212,2,0,1,1,0
2020-02-21,San Luis Obispo,079,281455,2,0,0,0,0
2020-02-21,San Mateo,081,765935,8,0,0,0,0
2020-02-21,Santa Barbara,083,443738,0,0,0,0,0
2020-02-21,Santa Clara,085,1922200,21,2,1,3,0
2020-02-21,Santa Cruz,087,273765,2,0,0,0,0
2020-02-21,Shasta,089,179085,0,0,0,0,0
2020-02-21,Sierra,091,2930,0,0,0,0,0
2020-02-21,Siskiyou,093,43540,0,0,0,0,0
2020-02-21,Solano,095,438530,10,11,0,11,0
2020-02-21,Sonoma,097,501317,3,0,0,0,0
2020-02-21,Stanislaus,099,539301,2,0,2,2,0
2020-02-21,Sutter,101,95872,0,0,0,0,0
2020-02-21,Tehama,103,63373,0,0,0,0,0
2020-02-21,Trinity,105,12862,0,0,0,0,0
2020-02-21,Tulare,107,460477,2,0,0,0,0
2020-02-21,Tuolumne,109,53932,0,0,0,0,0
2020-02-21,Ventura,111,848112,4,0,0,0,0
2020-02-21,Yolo,113,214977,0,0,0,0,0
2020-02-21,Yuba,115,75493,0,0,0,0,0
2020-02-20,Alameda,001,1643700,8,0,0,0,0
2020-02-20,Alpine,002,1148,0,0,0,0,0
2020-02-20,Amador,005,37829,0,0,0,0,0
2020-02-20,Butte,007,227075,0,0,0,0,0
2020-02-20,Calaveras,009,45235,0,0,0,0,0
2020-02-20,Colusa,011,21464,0,0,0,0,0
2020-02-20,Contra Costa,013,1133247,3,0,0,0,0
2020-02-20,Del Norte,015,27424,0,0,0,0,0
2020-02-20,El Dorado,017,186661,0,0,0,0,0
2020-02-20,Fresno,019,978130,1,0,0,0,0
2020-02-20,Glenn,021,27897,0,0,0,0,0
2020-02-20,Humboldt,023,135768,1,1,0,1,0
2020-02-20,Imperial,025,180216,0,0,0,0,0
2020-02-20,Inyo,027,18085,0,0,0,0,0
2020-02-20,Kern,029,883053,2,0,0,0,0
2020-02-20,Kings,031,150075,0,0,0,0,0
2020-02-20,Lake,033,64148,0,0,0,0,0
2020-02-20,Lassen,035,31185,0,0,0,0,0
2020-02-20,Los Angeles,037,10098052,56,1,5,6,0
2020-02-20,Madera,039,155013,0,0,0,0,0
2020-02-20,Marin,041,260295,0,0,0,0,0
2020-02-20,Mariposa,043,17540,0,0,0,0,0
2020-02-20,Mendocino,045,87422,0,0,0,0,0
2020-02-20,Merced,047,269075,0,0,0,0,0
2020-02-20,Modoc,049,8938,0,0,0,0,0
2020-02-20,Mono,051,14174,0,0,0,0,0
2020-02-20,Monterey,053,433212,1,0,0,0,0
2020-02-20,Napa,055,140530,0,0,0,0,0
2020-02-20,Nevada,057,99092,0,0,1,1,0
2020-02-20,Orange,059,3164182,42,1,0,1,0
2020-02-20,Placer,061,380077,2,0,0,0,0
2020-02-20,Plumas,063,18699,0,0,0,0,0
2020-02-20,Riverside,065,2383286,7,0,0,0,0
2020-02-20,Sacramento,067,1510023,2,1,0,1,0
2020-02-20,San Benito,069,59416,0,2,0,2,0
2020-02-20,San Bernardino,071,2135413,15,0,0,0,0
2020-02-20,San Diego,073,3302833,3,2,0,2,0
2020-02-20,San Francisco,075,870044,3,0,0,0,0
2020-02-20,San Joaquin,077,732212,2,0,1,1,0
2020-02-20,San Luis Obispo,079,281455,2,0,0,0,0
2020-02-20,San Mateo,081,765935,7,0,0,0,0
2020-02-20,Santa Barbara,083,443738,0,0,0,0,0
2020-02-20,Santa Clara,085,1922200,17,2,1,3,0
2020-02-20,Santa Cruz,087,273765,2,0,0,0,0
2020-02-20,Shasta,089,179085,0,0,0,0,0
2020-02-20,Sierra,091,2930,0,0,0,0,0
2020-02-20,Siskiyou,093,43540,0,0,0,0,0
2020-02-20,Solano,095,438530,8,7,0,7,0
2020-02-20,Sonoma,097,501317,2,0,0,0,0
2020-02-20,Stanislaus,099,539301,2,0,2,2,0
2020-02-20,Sutter,101,95872,0,0,0,0,0
2020-02-20,Tehama,103,63373,0,0,0,0,0
2020-02-20,Trinity,105,12862,0,0,0,0,0
2020-02-20,Tulare,107,460477,2,0,0,0,0
2020-02-20,Tuolumne,109,53932,0,0,0,0,0
2020-02-20,Ventura,111,848112,4,0,0,0,0
2020-02-20,Yolo,113,214977,0,0,0,0,0
2020-02-20,Yuba,115,75493,0,0,0,0,0
2020-02-19,Alameda,001,1643700,7,0,0,0,0
2020-02-19,Alpine,002,1148,0,0,0,0,0
2020-02-19,Amador,005,37829,0,0,0,0,0
2020-02-19,Butte,007,227075,0,0,0,0,0
2020-02-19,Calaveras,009,45235,0,0,0,0,0
2020-02-19,Colusa,011,21464,0,0,0,0,0
2020-02-19,Contra Costa,013,1133247,3,0,0,0,0
2020-02-19,Del Norte,015,27424,0,0,0,0,0
2020-02-19,El Dorado,017,186661,0,0,0,0,0
2020-02-19,Fresno,019,978130,1,0,0,0,0
2020-02-19,Glenn,021,27897,0,0,0,0,0
2020-02-19,Humboldt,023,135768,1,0,0,0,0
2020-02-19,Imperial,025,180216,0,0,0,0,0
2020-02-19,Inyo,027,18085,0,0,0,0,0
2020-02-19,Kern,029,883053,2,0,0,0,0
2020-02-19,Kings,031,150075,0,0,0,0,0
2020-02-19,Lake,033,64148,0,0,0,0,0
2020-02-19,Lassen,035,31185,0,0,0,0,0
2020-02-19,Los Angeles,037,10098052,54,1,5,6,0
2020-02-19,Madera,039,155013,0,0,0,0,0
2020-02-19,Marin,041,260295,0,0,0,0,0
2020-02-19,Mariposa,043,17540,0,0,0,0,0
2020-02-19,Mendocino,045,87422,0,0,0,0,0
2020-02-19,Merced,047,269075,0,0,0,0,0
2020-02-19,Modoc,049,8938,0,0,0,0,0
2020-02-19,Mono,051,14174,0,0,0,0,0
2020-02-19,Monterey,053,433212,1,0,0,0,0
2020-02-19,Napa,055,140530,0,0,0,0,0
2020-02-19,Nevada,057,99092,0,0,1,1,0
2020-02-19,Orange,059,3164182,41,1,0,1,0
2020-02-19,Placer,061,380077,2,0,0,0,0
2020-02-19,Plumas,063,18699,0,0,0,0,0
2020-02-19,Riverside,065,2383286,5,0,0,0,0
2020-02-19,Sacramento,067,1510023,2,0,0,0,0
2020-02-19,San Benito,069,59416,0,2,0,2,0
2020-02-19,San Bernardino,071,2135413,14,0,0,0,0
2020-02-19,San Diego,073,3302833,2,2,0,2,0
2020-02-19,San Francisco,075,870044,2,0,0,0,0
2020-02-19,San Joaquin,077,732212,2,0,1,1,0
2020-02-19,San Luis Obispo,079,281455,2,0,0,0,0
2020-02-19,San Mateo,081,765935,6,0,0,0,0
2020-02-19,Santa Barbara,083,443738,0,0,0,0,0
2020-02-19,Santa Clara,085,1922200,15,2,1,3,0
2020-02-19,Santa Cruz,087,273765,0,0,0,0,0
2020-02-19,Shasta,089,179085,0,0,0,0,0
2020-02-19,Sierra,091,2930,0,0,0,0,0
2020-02-19,Siskiyou,093,43540,0,0,0,0,0
2020-02-19,Solano,095,438530,5,7,0,7,0
2020-02-19,Sonoma,097,501317,2,0,0,0,0
2020-02-19,Stanislaus,099,539301,1,0,2,2,0
2020-02-19,Sutter,101,95872,0,0,0,0,0
2020-02-19,Tehama,103,63373,0,0,0,0,0
2020-02-19,Trinity,105,12862,0,0,0,0,0
2020-02-19,Tulare,107,460477,2,0,0,0,0
2020-02-19,Tuolumne,109,53932,0,0,0,0,0
2020-02-19,Ventura,111,848112,2,0,0,0,0
2020-02-19,Yolo,113,214977,0,0,0,0,0
2020-02-19,Yuba,115,75493,0,0,0,0,0
2020-02-18,Alameda,001,1643700,7,0,0,0,0
2020-02-18,Alpine,002,1148,0,0,0,0,0
2020-02-18,Amador,005,37829,0,0,0,0,0
2020-02-18,Butte,007,227075,0,0,0,0,0
2020-02-18,Calaveras,009,45235,0,0,0,0,0
2020-02-18,Colusa,011,21464,0,0,0,0,0
2020-02-18,Contra Costa,013,1133247,3,0,0,0,0
2020-02-18,Del Norte,015,27424,0,0,0,0,0
2020-02-18,El Dorado,017,186661,0,0,0,0,0
2020-02-18,Fresno,019,978130,0,0,0,0,0
2020-02-18,Glenn,021,27897,0,0,0,0,0
2020-02-18,Humboldt,023,135768,1,0,0,0,0
2020-02-18,Imperial,025,180216,0,0,0,0,0
2020-02-18,Inyo,027,18085,0,0,0,0,0
2020-02-18,Kern,029,883053,2,0,0,0,0
2020-02-18,Kings,031,150075,0,0,0,0,0
2020-02-18,Lake,033,64148,0,0,0,0,0
2020-02-18,Lassen,035,31185,0,0,0,0,0
2020-02-18,Los Angeles,037,10098052,51,1,4,5,0
2020-02-18,Madera,039,155013,0,0,0,0,0
2020-02-18,Marin,041,260295,0,0,0,0,0
2020-02-18,Mariposa,043,17540,0,0,0,0,0
2020-02-18,Mendocino,045,87422,0,0,0,0,0
2020-02-18,Merced,047,269075,0,0,0,0,0
2020-02-18,Modoc,049,8938,0,0,0,0,0
2020-02-18,Mono,051,14174,0,0,0,0,0
2020-02-18,Monterey,053,433212,1,0,0,0,0
2020-02-18,Napa,055,140530,0,0,0,0,0
2020-02-18,Nevada,057,99092,0,0,1,1,0
2020-02-18,Orange,059,3164182,40,1,0,1,0
2020-02-18,Placer,061,380077,0,0,0,0,0
2020-02-18,Plumas,063,18699,0,0,0,0,0
2020-02-18,Riverside,065,2383286,5,0,0,0,0
2020-02-18,Sacramento,067,1510023,2,0,0,0,0
2020-02-18,San Benito,069,59416,0,2,0,2,0
2020-02-18,San Bernardino,071,2135413,13,0,0,0,0
2020-02-18,San Diego,073,3302833,2,2,0,2,0
2020-02-18,San Francisco,075,870044,2,0,0,0,0
2020-02-18,San Joaquin,077,732212,1,0,1,1,0
2020-02-18,San Luis Obispo,079,281455,2,0,0,0,0
2020-02-18,San Mateo,081,765935,5,0,0,0,0
2020-02-18,Santa Barbara,083,443738,0,0,0,0,0
2020-02-18,Santa Clara,085,1922200,14,2,1,3,0
2020-02-18,Santa Cruz,087,273765,0,0,0,0,0
2020-02-18,Shasta,089,179085,0,0,0,0,0
2020-02-18,Sierra,091,2930,0,0,0,0,0
2020-02-18,Siskiyou,093,43540,0,0,0,0,0
2020-02-18,Solano,095,438530,5,7,0,7,0
2020-02-18,Sonoma,097,501317,1,0,0,0,0
2020-02-18,Stanislaus,099,539301,1,0,2,2,0
2020-02-18,Sutter,101,95872,0,0,0,0,0
2020-02-18,Tehama,103,63373,0,0,0,0,0
2020-02-18,Trinity,105,12862,0,0,0,0,0
2020-02-18,Tulare,107,460477,2,0,0,0,0
2020-02-18,Tuolumne,109,53932,0,0,0,0,0
2020-02-18,Ventura,111,848112,2,0,0,0,0
2020-02-18,Yolo,113,214977,0,0,0,0,0
2020-02-18,Yuba,115,75493,0,0,0,0,0
2020-02-17,Alameda,001,1643700,7,0,0,0,0
2020-02-17,Alpine,002,1148,0,0,0,0,0
2020-02-17,Amador,005,37829,0,0,0,0,0
2020-02-17,Butte,007,227075,0,0,0,0,0
2020-02-17,Calaveras,009,45235,0,0,0,0,0
2020-02-17,Colusa,011,21464,0,0,0,0,0
2020-02-17,Contra Costa,013,1133247,3,0,0,0,0
2020-02-17,Del Norte,015,27424,0,0,0,0,0
2020-02-17,El Dorado,017,186661,0,0,0,0,0
2020-02-17,Fresno,019,978130,0,0,0,0,0
2020-02-17,Glenn,021,27897,0,0,0,0,0
2020-02-17,Humboldt,023,135768,1,0,0,0,0
2020-02-17,Imperial,025,180216,0,0,0,0,0
2020-02-17,Inyo,027,18085,0,0,0,0,0
2020-02-17,Kern,029,883053,2,0,0,0,0
2020-02-17,Kings,031,150075,0,0,0,0,0
2020-02-17,Lake,033,64148,0,0,0,0,0
2020-02-17,Lassen,035,31185,0,0,0,0,0
2020-02-17,Los Angeles,037,10098052,48,1,4,5,0
2020-02-17,Madera,039,155013,0,0,0,0,0
2020-02-17,Marin,041,260295,0,0,0,0,0
2020-02-17,Mariposa,043,17540,0,0,0,0,0
2020-02-17,Mendocino,045,87422,0,0,0,0,0
2020-02-17,Merced,047,269075,0,0,0,0,0
2020-02-17,Modoc,049,8938,0,0,0,0,0
2020-02-17,Mono,051,14174,0,0,0,0,0
2020-02-17,Monterey,053,433212,1,0,0,0,0
2020-02-17,Napa,055,140530,0,0,0,0,0
2020-02-17,Nevada,057,99092,0,0,1,1,0
2020-02-17,Orange,059,3164182,40,1,0,1,0
2020-02-17,Placer,061,380077,0,0,0,0,0
2020-02-17,Plumas,063,18699,0,0,0,0,0
2020-02-17,Riverside,065,2383286,5,0,0,0,0
2020-02-17,Sacramento,067,1510023,2,0,0,0,0
2020-02-17,San Benito,069,59416,0,2,0,2,0
2020-02-17,San Bernardino,071,2135413,11,0,0,0,0
2020-02-17,San Diego,073,3302833,2,2,0,2,0
2020-02-17,San Francisco,075,870044,2,0,0,0,0
2020-02-17,San Joaquin,077,732212,1,0,1,1,0
2020-02-17,San Luis Obispo,079,281455,1,0,0,0,0
2020-02-17,San Mateo,081,765935,5,0,0,0,0
2020-02-17,Santa Barbara,083,443738,0,0,0,0,0
2020-02-17,Santa Clara,085,1922200,12,2,1,3,0
2020-02-17,Santa Cruz,087,273765,0,0,0,0,0
2020-02-17,Shasta,089,179085,0,0,0,0,0
2020-02-17,Sierra,091,2930,0,0,0,0,0
2020-02-17,Siskiyou,093,43540,0,0,0,0,0
2020-02-17,Solano,095,438530,3,5,0,5,0
2020-02-17,Sonoma,097,501317,1,0,0,0,0
2020-02-17,Stanislaus,099,539301,1,0,2,2,0
2020-02-17,Sutter,101,95872,0,0,0,0,0
2020-02-17,Tehama,103,63373,0,0,0,0,0
2020-02-17,Trinity,105,12862,0,0,0,0,0
2020-02-17,Tulare,107,460477,2,0,0,0,0
2020-02-17,Tuolumne,109,53932,0,0,0,0,0
2020-02-17,Ventura,111,848112,2,0,0,0,0
2020-02-17,Yolo,113,214977,0,0,0,0,0
2020-02-17,Yuba,115,75493,0,0,0,0,0
2020-02-16,Alameda,001,1643700,6,0,0,0,0
2020-02-16,Alpine,002,1148,0,0,0,0,0
2020-02-16,Amador,005,37829,0,0,0,0,0
2020-02-16,Butte,007,227075,0,0,0,0,0
2020-02-16,Calaveras,009,45235,0,0,0,0,0
2020-02-16,Colusa,011,21464,0,0,0,0,0
2020-02-16,Contra Costa,013,1133247,3,0,0,0,0
2020-02-16,Del Norte,015,27424,0,0,0,0,0
2020-02-16,El Dorado,017,186661,0,0,0,0,0
2020-02-16,Fresno,019,978130,0,0,0,0,0
2020-02-16,Glenn,021,27897,0,0,0,0,0
2020-02-16,Humboldt,023,135768,1,0,0,0,0
2020-02-16,Imperial,025,180216,0,0,0,0,0
2020-02-16,Inyo,027,18085,0,0,0,0,0
2020-02-16,Kern,029,883053,2,0,0,0,0
2020-02-16,Kings,031,150075,0,0,0,0,0
2020-02-16,Lake,033,64148,0,0,0,0,0
2020-02-16,Lassen,035,31185,0,0,0,0,0
2020-02-16,Los Angeles,037,10098052,43,1,4,5,0
2020-02-16,Madera,039,155013,0,0,0,0,0
2020-02-16,Marin,041,260295,0,0,0,0,0
2020-02-16,Mariposa,043,17540,0,0,0,0,0
2020-02-16,Mendocino,045,87422,0,0,0,0,0
2020-02-16,Merced,047,269075,0,0,0,0,0
2020-02-16,Modoc,049,8938,0,0,0,0,0
2020-02-16,Mono,051,14174,0,0,0,0,0
2020-02-16,Monterey,053,433212,1,0,0,0,0
2020-02-16,Napa,055,140530,0,0,0,0,0
2020-02-16,Nevada,057,99092,0,0,0,0,0
2020-02-16,Orange,059,3164182,39,1,0,1,0
2020-02-16,Placer,061,380077,0,0,0,0,0
2020-02-16,Plumas,063,18699,0,0,0,0,0
2020-02-16,Riverside,065,2383286,5,0,0,0,0
2020-02-16,Sacramento,067,1510023,2,0,0,0,0
2020-02-16,San Benito,069,59416,0,2,0,2,0
2020-02-16,San Bernardino,071,2135413,10,0,0,0,0
2020-02-16,San Diego,073,3302833,2,2,0,2,0
2020-02-16,San Francisco,075,870044,2,0,0,0,0
2020-02-16,San Joaquin,077,732212,1,0,1,1,0
2020-02-16,San Luis Obispo,079,281455,1,0,0,0,0
2020-02-16,San Mateo,081,765935,4,0,0,0,0
2020-02-16,Santa Barbara,083,443738,0,0,0,0,0
2020-02-16,Santa Clara,085,1922200,10,2,1,3,0
2020-02-16,Santa Cruz,087,273765,0,0,0,0,0
2020-02-16,Shasta,089,179085,0,0,0,0,0
2020-02-16,Sierra,091,2930,0,0,0,0,0
2020-02-16,Siskiyou,093,43540,0,0,0,0,0
2020-02-16,Solano,095,438530,1,0,0,0,0
2020-02-16,Sonoma,097,501317,1,0,0,0,0
2020-02-16,Stanislaus,099,539301,1,0,2,2,0
2020-02-16,Sutter,101,95872,0,0,0,0,0
2020-02-16,Tehama,103,63373,0,0,0,0,0
2020-02-16,Trinity,105,12862,0,0,0,0,0
2020-02-16,Tulare,107,460477,2,0,0,0,0
2020-02-16,Tuolumne,109,53932,0,0,0,0,0
2020-02-16,Ventura,111,848112,2,0,0,0,0
2020-02-16,Yolo,113,214977,0,0,0,0,0
2020-02-16,Yuba,115,75493,0,0,0,0,0
2020-02-15,Alameda,001,1643700,6,0,0,0,0
2020-02-15,Alpine,002,1148,0,0,0,0,0
2020-02-15,Amador,005,37829,0,0,0,0,0
2020-02-15,Butte,007,227075,0,0,0,0,0
2020-02-15,Calaveras,009,45235,0,0,0,0,0
2020-02-15,Colusa,011,21464,0,0,0,0,0
2020-02-15,Contra Costa,013,1133247,3,0,0,0,0
2020-02-15,Del Norte,015,27424,0,0,0,0,0
2020-02-15,El Dorado,017,186661,0,0,0,0,0
2020-02-15,Fresno,019,978130,0,0,0,0,0
2020-02-15,Glenn,021,27897,0,0,0,0,0
2020-02-15,Humboldt,023,135768,1,0,0,0,0
2020-02-15,Imperial,025,180216,0,0,0,0,0
2020-02-15,Inyo,027,18085,0,0,0,0,0
2020-02-15,Kern,029,883053,2,0,0,0,0
2020-02-15,Kings,031,150075,0,0,0,0,0
2020-02-15,Lake,033,64148,0,0,0,0,0
2020-02-15,Lassen,035,31185,0,0,0,0,0
2020-02-15,Los Angeles,037,10098052,40,1,4,5,0
2020-02-15,Madera,039,155013,0,0,0,0,0
2020-02-15,Marin,041,260295,0,0,0,0,0
2020-02-15,Mariposa,043,17540,0,0,0,0,0
2020-02-15,Mendocino,045,87422,0,0,0,0,0
2020-02-15,Merced,047,269075,0,0,0,0,0
2020-02-15,Modoc,049,8938,0,0,0,0,0
2020-02-15,Mono,051,14174,0,0,0,0,0
2020-02-15,Monterey,053,433212,1,0,0,0,0
2020-02-15,Napa,055,140530,0,0,0,0,0
2020-02-15,Nevada,057,99092,0,0,0,0,0
2020-02-15,Orange,059,3164182,38,1,0,1,0
2020-02-15,Placer,061,380077,0,0,0,0,0
2020-02-15,Plumas,063,18699,0,0,0,0,0
2020-02-15,Riverside,065,2383286,4,0,0,0,0
2020-02-15,Sacramento,067,1510023,2,0,0,0,0
2020-02-15,San Benito,069,59416,0,2,0,2,0
2020-02-15,San Bernardino,071,2135413,9,0,0,0,0
2020-02-15,San Diego,073,3302833,2,2,0,2,0
2020-02-15,San Francisco,075,870044,2,0,0,0,0
2020-02-15,San Joaquin,077,732212,1,0,1,1,0
2020-02-15,San Luis Obispo,079,281455,1,0,0,0,0
2020-02-15,San Mateo,081,765935,4,0,0,0,0
2020-02-15,Santa Barbara,083,443738,0,0,0,0,0
2020-02-15,Santa Clara,085,1922200,10,2,1,3,0
2020-02-15,Santa Cruz,087,273765,0,0,0,0,0
2020-02-15,Shasta,089,179085,0,0,0,0,0
2020-02-15,Sierra,091,2930,0,0,0,0,0
2020-02-15,Siskiyou,093,43540,0,0,0,0,0
2020-02-15,Solano,095,438530,1,0,0,0,0
2020-02-15,Sonoma,097,501317,0,0,0,0,0
2020-02-15,Stanislaus,099,539301,1,0,2,2,0
2020-02-15,Sutter,101,95872,0,0,0,0,0
2020-02-15,Tehama,103,63373,0,0,0,0,0
2020-02-15,Trinity,105,12862,0,0,0,0,0
2020-02-15,Tulare,107,460477,2,0,0,0,0
2020-02-15,Tuolumne,109,53932,0,0,0,0,0
2020-02-15,Ventura,111,848112,2,0,0,0,0
2020-02-15,Yolo,113,214977,0,0,0,0,0
2020-02-15,Yuba,115,75493,0,0,0,0,0
2020-02-14,Alameda,001,1643700,5,0,0,0,0
2020-02-14,Alpine,002,1148,0,0,0,0,0
2020-02-14,Amador,005,37829,0,0,0,0,0
2020-02-14,Butte,007,227075,0,0,0,0,0
2020-02-14,Calaveras,009,45235,0,0,0,0,0
2020-02-14,Colusa,011,21464,0,0,0,0,0
2020-02-14,Contra Costa,013,1133247,3,0,0,0,0
2020-02-14,Del Norte,015,27424,0,0,0,0,0
2020-02-14,El Dorado,017,186661,0,0,0,0,0
2020-02-14,Fresno,019,978130,0,0,0,0,0
2020-02-14,Glenn,021,27897,0,0,0,0,0
2020-02-14,Humboldt,023,135768,1,0,0,0,0
2020-02-14,Imperial,025,180216,0,0,0,0,0
2020-02-14,Inyo,027,18085,0,0,0,0,0
2020-02-14,Kern,029,883053,2,0,0,0,0
2020-02-14,Kings,031,150075,0,0,0,0,0
2020-02-14,Lake,033,64148,0,0,0,0,0
2020-02-14,Lassen,035,31185,0,0,0,0,0
2020-02-14,Los Angeles,037,10098052,35,1,4,5,0
2020-02-14,Madera,039,155013,0,0,0,0,0
2020-02-14,Marin,041,260295,0,0,0,0,0
2020-02-14,Mariposa,043,17540,0,0,0,0,0
2020-02-14,Mendocino,045,87422,0,0,0,0,0
2020-02-14,Merced,047,269075,0,0,0,0,0
2020-02-14,Modoc,049,8938,0,0,0,0,0
2020-02-14,Mono,051,14174,0,0,0,0,0
2020-02-14,Monterey,053,433212,1,0,0,0,0
2020-02-14,Napa,055,140530,0,0,0,0,0
2020-02-14,Nevada,057,99092,0,0,0,0,0
2020-02-14,Orange,059,3164182,38,1,0,1,0
2020-02-14,Placer,061,380077,0,0,0,0,0
2020-02-14,Plumas,063,18699,0,0,0,0,0
2020-02-14,Riverside,065,2383286,4,0,0,0,0
2020-02-14,Sacramento,067,1510023,1,0,0,0,0
2020-02-14,San Benito,069,59416,0,2,0,2,0
2020-02-14,San Bernardino,071,2135413,9,0,0,0,0
2020-02-14,San Diego,073,3302833,1,2,0,2,0
2020-02-14,San Francisco,075,870044,2,0,0,0,0
2020-02-14,San Joaquin,077,732212,1,0,1,1,0
2020-02-14,San Luis Obispo,079,281455,0,0,0,0,0
2020-02-14,San Mateo,081,765935,3,0,0,0,0
2020-02-14,Santa Barbara,083,443738,0,0,0,0,0
2020-02-14,Santa Clara,085,1922200,8,2,1,3,0
2020-02-14,Santa Cruz,087,273765,0,0,0,0,0
2020-02-14,Shasta,089,179085,0,0,0,0,0
2020-02-14,Sierra,091,2930,0,0,0,0,0
2020-02-14,Siskiyou,093,43540,0,0,0,0,0
2020-02-14,Solano,095,438530,1,0,0,0,0
2020-02-14,Sonoma,097,501317,0,0,0,0,0
2020-02-14,Stanislaus,099,539301,1,0,2,2,0
2020-02-14,Sutter,101,95872,0,0,0,0,0
2020-02-14,Tehama,103,63373,0,0,0,0,0
2020-02-14,Trinity,105,12862,0,0,0,0,0
2020-02-14,Tulare,107,460477,2,0,0,0,0
2020-02-14,Tuolumne,109,53932,0,0,0,0,0
2020-02-14,Ventura,111,848112,2,0,0,0,0
2020-02-14,Yolo,113,214977,0,0,0,0,0
2020-02-14,Yuba,115,75493,0,0,0,0,0
2020-02-13,Alameda,001,1643700,5,0,0,0,0
2020-02-13,Alpine,002,1148,0,0,0,0,0
2020-02-13,Amador,005,37829,0,0,0,0,0
2020-02-13,Butte,007,227075,0,0,0,0,0
2020-02-13,Calaveras,009,45235,0,0,0,0,0
2020-02-13,Colusa,011,21464,0,0,0,0,0
2020-02-13,Contra Costa,013,1133247,3,0,0,0,0
2020-02-13,Del Norte,015,27424,0,0,0,0,0
2020-02-13,El Dorado,017,186661,0,0,0,0,0
2020-02-13,Fresno,019,978130,0,0,0,0,0
2020-02-13,Glenn,021,27897,0,0,0,0,0
2020-02-13,Humboldt,023,135768,1,0,0,0,0
2020-02-13,Imperial,025,180216,0,0,0,0,0
2020-02-13,Inyo,027,18085,0,0,0,0,0
2020-02-13,Kern,029,883053,2,0,0,0,0
2020-02-13,Kings,031,150075,0,0,0,0,0
2020-02-13,Lake,033,64148,0,0,0,0,0
2020-02-13,Lassen,035,31185,0,0,0,0,0
2020-02-13,Los Angeles,037,10098052,32,1,3,4,0
2020-02-13,Madera,039,155013,0,0,0,0,0
2020-02-13,Marin,041,260295,0,0,0,0,0
2020-02-13,Mariposa,043,17540,0,0,0,0,0
2020-02-13,Mendocino,045,87422,0,0,0,0,0
2020-02-13,Merced,047,269075,0,0,0,0,0
2020-02-13,Modoc,049,8938,0,0,0,0,0
2020-02-13,Mono,051,14174,0,0,0,0,0
2020-02-13,Monterey,053,433212,1,0,0,0,0
2020-02-13,Napa,055,140530,0,0,0,0,0
2020-02-13,Nevada,057,99092,0,0,0,0,0
2020-02-13,Orange,059,3164182,37,1,0,1,0
2020-02-13,Placer,061,380077,0,0,0,0,0
2020-02-13,Plumas,063,18699,0,0,0,0,0
2020-02-13,Riverside,065,2383286,4,0,0,0,0
2020-02-13,Sacramento,067,1510023,1,0,0,0,0
2020-02-13,San Benito,069,59416,0,2,0,2,0
2020-02-13,San Bernardino,071,2135413,8,0,0,0,0
2020-02-13,San Diego,073,3302833,0,2,0,2,0
2020-02-13,San Francisco,075,870044,2,0,0,0,0
2020-02-13,San Joaquin,077,732212,1,0,1,1,0
2020-02-13,San Luis Obispo,079,281455,0,0,0,0,0
2020-02-13,San Mateo,081,765935,2,0,0,0,0
2020-02-13,Santa Barbara,083,443738,0,0,0,0,0
2020-02-13,Santa Clara,085,1922200,7,2,0,2,0
2020-02-13,Santa Cruz,087,273765,0,0,0,0,0
2020-02-13,Shasta,089,179085,0,0,0,0,0
2020-02-13,Sierra,091,2930,0,0,0,0,0
2020-02-13,Siskiyou,093,43540,0,0,0,0,0
2020-02-13,Solano,095,438530,0,0,0,0,0
2020-02-13,Sonoma,097,501317,0,0,0,0,0
2020-02-13,Stanislaus,099,539301,1,0,1,1,0
2020-02-13,Sutter,101,95872,0,0,0,0,0
2020-02-13,Tehama,103,63373,0,0,0,0,0
2020-02-13,Trinity,105,12862,0,0,0,0,0
2020-02-13,Tulare,107,460477,2,0,0,0,0
2020-02-13,Tuolumne,109,53932,0,0,0,0,0
2020-02-13,Ventura,111,848112,2,0,0,0,0
2020-02-13,Yolo,113,214977,0,0,0,0,0
2020-02-13,Yuba,115,75493,0,0,0,0,0
2020-02-12,Alameda,001,1643700,5,0,0,0,0
2020-02-12,Alpine,002,1148,0,0,0,0,0
2020-02-12,Amador,005,37829,0,0,0,0,0
2020-02-12,Butte,007,227075,0,0,0,0,0
2020-02-12,Calaveras,009,45235,0,0,0,0,0
2020-02-12,Colusa,011,21464,0,0,0,0,0
2020-02-12,Contra Costa,013,1133247,3,0,0,0,0
2020-02-12,Del Norte,015,27424,0,0,0,0,0
2020-02-12,El Dorado,017,186661,0,0,0,0,0
2020-02-12,Fresno,019,978130,0,0,0,0,0
2020-02-12,Glenn,021,27897,0,0,0,0,0
2020-02-12,Humboldt,023,135768,1,0,0,0,0
2020-02-12,Imperial,025,180216,0,0,0,0,0
2020-02-12,Inyo,027,18085,0,0,0,0,0
2020-02-12,Kern,029,883053,2,0,0,0,0
2020-02-12,Kings,031,150075,0,0,0,0,0
2020-02-12,Lake,033,64148,0,0,0,0,0
2020-02-12,Lassen,035,31185,0,0,0,0,0
2020-02-12,Los Angeles,037,10098052,31,1,3,4,0
2020-02-12,Madera,039,155013,0,0,0,0,0
2020-02-12,Marin,041,260295,0,0,0,0,0
2020-02-12,Mariposa,043,17540,0,0,0,0,0
2020-02-12,Mendocino,045,87422,0,0,0,0,0
2020-02-12,Merced,047,269075,0,0,0,0,0
2020-02-12,Modoc,049,8938,0,0,0,0,0
2020-02-12,Mono,051,14174,0,0,0,0,0
2020-02-12,Monterey,053,433212,1,0,0,0,0
2020-02-12,Napa,055,140530,0,0,0,0,0
2020-02-12,Nevada,057,99092,0,0,0,0,0
2020-02-12,Orange,059,3164182,37,1,0,1,0
2020-02-12,Placer,061,380077,0,0,0,0,0
2020-02-12,Plumas,063,18699,0,0,0,0,0
2020-02-12,Riverside,065,2383286,4,0,0,0,0
2020-02-12,Sacramento,067,1510023,1,0,0,0,0
2020-02-12,San Benito,069,59416,0,2,0,2,0
2020-02-12,San Bernardino,071,2135413,8,0,0,0,0
2020-02-12,San Diego,073,3302833,0,2,0,2,0
2020-02-12,San Francisco,075,870044,2,0,0,0,0
2020-02-12,San Joaquin,077,732212,1,0,1,1,0
2020-02-12,San Luis Obispo,079,281455,0,0,0,0,0
2020-02-12,San Mateo,081,765935,2,0,0,0,0
2020-02-12,Santa Barbara,083,443738,0,0,0,0,0
2020-02-12,Santa Clara,085,1922200,6,2,0,2,0
2020-02-12,Santa Cruz,087,273765,0,0,0,0,0
2020-02-12,Shasta,089,179085,0,0,0,0,0
2020-02-12,Sierra,091,2930,0,0,0,0,0
2020-02-12,Siskiyou,093,43540,0,0,0,0,0
2020-02-12,Solano,095,438530,0,0,0,0,0
2020-02-12,Sonoma,097,501317,0,0,0,0,0
2020-02-12,Stanislaus,099,539301,1,0,1,1,0
2020-02-12,Sutter,101,95872,0,0,0,0,0
2020-02-12,Tehama,103,63373,0,0,0,0,0
2020-02-12,Trinity,105,12862,0,0,0,0,0
2020-02-12,Tulare,107,460477,2,0,0,0,0
2020-02-12,Tuolumne,109,53932,0,0,0,0,0
2020-02-12,Ventura,111,848112,2,0,0,0,0
2020-02-12,Yolo,113,214977,0,0,0,0,0
2020-02-12,Yuba,115,75493,0,0,0,0,0
2020-02-11,Alameda,001,1643700,5,0,0,0,0
2020-02-11,Alpine,002,1148,0,0,0,0,0
2020-02-11,Amador,005,37829,0,0,0,0,0
2020-02-11,Butte,007,227075,0,0,0,0,0
2020-02-11,Calaveras,009,45235,0,0,0,0,0
2020-02-11,Colusa,011,21464,0,0,0,0,0
2020-02-11,Contra Costa,013,1133247,3,0,0,0,0
2020-02-11,Del Norte,015,27424,0,0,0,0,0
2020-02-11,El Dorado,017,186661,0,0,0,0,0
2020-02-11,Fresno,019,978130,0,0,0,0,0
2020-02-11,Glenn,021,27897,0,0,0,0,0
2020-02-11,Humboldt,023,135768,1,0,0,0,0
2020-02-11,Imperial,025,180216,0,0,0,0,0
2020-02-11,Inyo,027,18085,0,0,0,0,0
2020-02-11,Kern,029,883053,2,0,0,0,0
2020-02-11,Kings,031,150075,0,0,0,0,0
2020-02-11,Lake,033,64148,0,0,0,0,0
2020-02-11,Lassen,035,31185,0,0,0,0,0
2020-02-11,Los Angeles,037,10098052,31,1,3,4,0
2020-02-11,Madera,039,155013,0,0,0,0,0
2020-02-11,Marin,041,260295,0,0,0,0,0
2020-02-11,Mariposa,043,17540,0,0,0,0,0
2020-02-11,Mendocino,045,87422,0,0,0,0,0
2020-02-11,Merced,047,269075,0,0,0,0,0
2020-02-11,Modoc,049,8938,0,0,0,0,0
2020-02-11,Mono,051,14174,0,0,0,0,0
2020-02-11,Monterey,053,433212,1,0,0,0,0
2020-02-11,Napa,055,140530,0,0,0,0,0
2020-02-11,Nevada,057,99092,0,0,0,0,0
2020-02-11,Orange,059,3164182,36,1,0,1,0
2020-02-11,Placer,061,380077,0,0,0,0,0
2020-02-11,Plumas,063,18699,0,0,0,0,0
2020-02-11,Riverside,065,2383286,4,0,0,0,0
2020-02-11,Sacramento,067,1510023,1,0,0,0,0
2020-02-11,San Benito,069,59416,0,2,0,2,0
2020-02-11,San Bernardino,071,2135413,8,0,0,0,0
2020-02-11,San Diego,073,3302833,0,1,0,1,0
2020-02-11,San Francisco,075,870044,2,0,0,0,0
2020-02-11,San Joaquin,077,732212,0,0,1,1,0
2020-02-11,San Luis Obispo,079,281455,0,0,0,0,0
2020-02-11,San Mateo,081,765935,2,0,0,0,0
2020-02-11,Santa Barbara,083,443738,0,0,0,0,0
2020-02-11,Santa Clara,085,1922200,5,2,0,2,0
2020-02-11,Santa Cruz,087,273765,0,0,0,0,0
2020-02-11,Shasta,089,179085,0,0,0,0,0
2020-02-11,Sierra,091,2930,0,0,0,0,0
2020-02-11,Siskiyou,093,43540,0,0,0,0,0
2020-02-11,Solano,095,438530,0,0,0,0,0
2020-02-11,Sonoma,097,501317,0,0,0,0,0
2020-02-11,Stanislaus,099,539301,1,0,1,1,0
2020-02-11,Sutter,101,95872,0,0,0,0,0
2020-02-11,Tehama,103,63373,0,0,0,0,0
2020-02-11,Trinity,105,12862,0,0,0,0,0
2020-02-11,Tulare,107,460477,2,0,0,0,0
2020-02-11,Tuolumne,109,53932,0,0,0,0,0
2020-02-11,Ventura,111,848112,2,0,0,0,0
2020-02-11,Yolo,113,214977,0,0,0,0,0
2020-02-11,Yuba,115,75493,0,0,0,0,0
2020-02-10,Alameda,001,1643700,5,0,0,0,0
2020-02-10,Alpine,002,1148,0,0,0,0,0
2020-02-10,Amador,005,37829,0,0,0,0,0
2020-02-10,Butte,007,227075,0,0,0,0,0
2020-02-10,Calaveras,009,45235,0,0,0,0,0
2020-02-10,Colusa,011,21464,0,0,0,0,0
2020-02-10,Contra Costa,013,1133247,3,0,0,0,0
2020-02-10,Del Norte,015,27424,0,0,0,0,0
2020-02-10,El Dorado,017,186661,0,0,0,0,0
2020-02-10,Fresno,019,978130,0,0,0,0,0
2020-02-10,Glenn,021,27897,0,0,0,0,0
2020-02-10,Humboldt,023,135768,0,0,0,0,0
2020-02-10,Imperial,025,180216,0,0,0,0,0
2020-02-10,Inyo,027,18085,0,0,0,0,0
2020-02-10,Kern,029,883053,2,0,0,0,0
2020-02-10,Kings,031,150075,0,0,0,0,0
2020-02-10,Lake,033,64148,0,0,0,0,0
2020-02-10,Lassen,035,31185,0,0,0,0,0
2020-02-10,Los Angeles,037,10098052,29,1,3,4,0
2020-02-10,Madera,039,155013,0,0,0,0,0
2020-02-10,Marin,041,260295,0,0,0,0,0
2020-02-10,Mariposa,043,17540,0,0,0,0,0
2020-02-10,Mendocino,045,87422,0,0,0,0,0
2020-02-10,Merced,047,269075,0,0,0,0,0
2020-02-10,Modoc,049,8938,0,0,0,0,0
2020-02-10,Mono,051,14174,0,0,0,0,0
2020-02-10,Monterey,053,433212,1,0,0,0,0
2020-02-10,Napa,055,140530,0,0,0,0,0
2020-02-10,Nevada,057,99092,0,0,0,0,0
2020-02-10,Orange,059,3164182,36,1,0,1,0
2020-02-10,Placer,061,380077,0,0,0,0,0
2020-02-10,Plumas,063,18699,0,0,0,0,0
2020-02-10,Riverside,065,2383286,4,0,0,0,0
2020-02-10,Sacramento,067,1510023,1,0,0,0,0
2020-02-10,San Benito,069,59416,0,2,0,2,0
2020-02-10,San Bernardino,071,2135413,7,0,0,0,0
2020-02-10,San Diego,073,3302833,0,0,0,0,0
2020-02-10,San Francisco,075,870044,2,0,0,0,0
2020-02-10,San Joaquin,077,732212,0,0,1,1,0
2020-02-10,San Luis Obispo,079,281455,0,0,0,0,0
2020-02-10,San Mateo,081,765935,2,0,0,0,0
2020-02-10,Santa Barbara,083,443738,0,0,0,0,0
2020-02-10,Santa Clara,085,1922200,5,2,0,2,0
2020-02-10,Santa Cruz,087,273765,0,0,0,0,0
2020-02-10,Shasta,089,179085,0,0,0,0,0
2020-02-10,Sierra,091,2930,0,0,0,0,0
2020-02-10,Siskiyou,093,43540,0,0,0,0,0
2020-02-10,Solano,095,438530,0,0,0,0,0
2020-02-10,Sonoma,097,501317,0,0,0,0,0
2020-02-10,Stanislaus,099,539301,1,0,0,0,0
2020-02-10,Sutter,101,95872,0,0,0,0,0
2020-02-10,Tehama,103,63373,0,0,0,0,0
2020-02-10,Trinity,105,12862,0,0,0,0,0
2020-02-10,Tulare,107,460477,2,0,0,0,0
2020-02-10,Tuolumne,109,53932,0,0,0,0,0
2020-02-10,Ventura,111,848112,2,0,0,0,0
2020-02-10,Yolo,113,214977,0,0,0,0,0
2020-02-10,Yuba,115,75493,0,0,0,0,0
2020-02-09,Alameda,001,1643700,5,0,0,0,0
2020-02-09,Alpine,002,1148,0,0,0,0,0
2020-02-09,Amador,005,37829,0,0,0,0,0
2020-02-09,Butte,007,227075,0,0,0,0,0
2020-02-09,Calaveras,009,45235,0,0,0,0,0
2020-02-09,Colusa,011,21464,0,0,0,0,0
2020-02-09,Contra Costa,013,1133247,3,0,0,0,0
2020-02-09,Del Norte,015,27424,0,0,0,0,0
2020-02-09,El Dorado,017,186661,0,0,0,0,0
2020-02-09,Fresno,019,978130,0,0,0,0,0
2020-02-09,Glenn,021,27897,0,0,0,0,0
2020-02-09,Humboldt,023,135768,0,0,0,0,0
2020-02-09,Imperial,025,180216,0,0,0,0,0
2020-02-09,Inyo,027,18085,0,0,0,0,0
2020-02-09,Kern,029,883053,2,0,0,0,0
2020-02-09,Kings,031,150075,0,0,0,0,0
2020-02-09,Lake,033,64148,0,0,0,0,0
2020-02-09,Lassen,035,31185,0,0,0,0,0
2020-02-09,Los Angeles,037,10098052,28,1,3,4,0
2020-02-09,Madera,039,155013,0,0,0,0,0
2020-02-09,Marin,041,260295,0,0,0,0,0
2020-02-09,Mariposa,043,17540,0,0,0,0,0
2020-02-09,Mendocino,045,87422,0,0,0,0,0
2020-02-09,Merced,047,269075,0,0,0,0,0
2020-02-09,Modoc,049,8938,0,0,0,0,0
2020-02-09,Mono,051,14174,0,0,0,0,0
2020-02-09,Monterey,053,433212,1,0,0,0,0
2020-02-09,Napa,055,140530,0,0,0,0,0
2020-02-09,Nevada,057,99092,0,0,0,0,0
2020-02-09,Orange,059,3164182,36,1,0,1,0
2020-02-09,Placer,061,380077,0,0,0,0,0
2020-02-09,Plumas,063,18699,0,0,0,0,0
2020-02-09,Riverside,065,2383286,4,0,0,0,0
2020-02-09,Sacramento,067,1510023,0,0,0,0,0
2020-02-09,San Benito,069,59416,0,2,0,2,0
2020-02-09,San Bernardino,071,2135413,7,0,0,0,0
2020-02-09,San Diego,073,3302833,0,0,0,0,0
2020-02-09,San Francisco,075,870044,1,0,0,0,0
2020-02-09,San Joaquin,077,732212,0,0,1,1,0
2020-02-09,San Luis Obispo,079,281455,0,0,0,0,0
2020-02-09,San Mateo,081,765935,2,0,0,0,0
2020-02-09,Santa Barbara,083,443738,0,0,0,0,0
2020-02-09,Santa Clara,085,1922200,4,2,0,2,0
2020-02-09,Santa Cruz,087,273765,0,0,0,0,0
2020-02-09,Shasta,089,179085,0,0,0,0,0
2020-02-09,Sierra,091,2930,0,0,0,0,0
2020-02-09,Siskiyou,093,43540,0,0,0,0,0
2020-02-09,Solano,095,438530,0,0,0,0,0
2020-02-09,Sonoma,097,501317,0,0,0,0,0
2020-02-09,Stanislaus,099,539301,0,0,0,0,0
2020-02-09,Sutter,101,95872,0,0,0,0,0
2020-02-09,Tehama,103,63373,0,0,0,0,0
2020-02-09,Trinity,105,12862,0,0,0,0,0
2020-02-09,Tulare,107,460477,2,0,0,0,0
2020-02-09,Tuolumne,109,53932,0,0,0,0,0
2020-02-09,Ventura,111,848112,1,0,0,0,0
2020-02-09,Yolo,113,214977,0,0,0,0,0
2020-02-09,Yuba,115,75493,0,0,0,0,0
2020-02-08,Alameda,001,1643700,4,0,0,0,0
2020-02-08,Alpine,002,1148,0,0,0,0,0
2020-02-08,Amador,005,37829,0,0,0,0,0
2020-02-08,Butte,007,227075,0,0,0,0,0
2020-02-08,Calaveras,009,45235,0,0,0,0,0
2020-02-08,Colusa,011,21464,0,0,0,0,0
2020-02-08,Contra Costa,013,1133247,2,0,0,0,0
2020-02-08,Del Norte,015,27424,0,0,0,0,0
2020-02-08,El Dorado,017,186661,0,0,0,0,0
2020-02-08,Fresno,019,978130,0,0,0,0,0
2020-02-08,Glenn,021,27897,0,0,0,0,0
2020-02-08,Humboldt,023,135768,0,0,0,0,0
2020-02-08,Imperial,025,180216,0,0,0,0,0
2020-02-08,Inyo,027,18085,0,0,0,0,0
2020-02-08,Kern,029,883053,2,0,0,0,0
2020-02-08,Kings,031,150075,0,0,0,0,0
2020-02-08,Lake,033,64148,0,0,0,0,0
2020-02-08,Lassen,035,31185,0,0,0,0,0
2020-02-08,Los Angeles,037,10098052,25,1,1,2,0
2020-02-08,Madera,039,155013,0,0,0,0,0
2020-02-08,Marin,041,260295,0,0,0,0,0
2020-02-08,Mariposa,043,17540,0,0,0,0,0
2020-02-08,Mendocino,045,87422,0,0,0,0,0
2020-02-08,Merced,047,269075,0,0,0,0,0
2020-02-08,Modoc,049,8938,0,0,0,0,0
2020-02-08,Mono,051,14174,0,0,0,0,0
2020-02-08,Monterey,053,433212,1,0,0,0,0
2020-02-08,Napa,055,140530,0,0,0,0,0
2020-02-08,Nevada,057,99092,0,0,0,0,0
2020-02-08,Orange,059,3164182,36,1,0,1,0
2020-02-08,Placer,061,380077,0,0,0,0,0
2020-02-08,Plumas,063,18699,0,0,0,0,0
2020-02-08,Riverside,065,2383286,4,0,0,0,0
2020-02-08,Sacramento,067,1510023,0,0,0,0,0
2020-02-08,San Benito,069,59416,0,2,0,2,0
2020-02-08,San Bernardino,071,2135413,7,0,0,0,0
2020-02-08,San Diego,073,3302833,0,0,0,0,0
2020-02-08,San Francisco,075,870044,1,0,0,0,0
2020-02-08,San Joaquin,077,732212,0,0,1,1,0
2020-02-08,San Luis Obispo,079,281455,0,0,0,0,0
2020-02-08,San Mateo,081,765935,2,0,0,0,0
2020-02-08,Santa Barbara,083,443738,0,0,0,0,0
2020-02-08,Santa Clara,085,1922200,4,2,0,2,0
2020-02-08,Santa Cruz,087,273765,0,0,0,0,0
2020-02-08,Shasta,089,179085,0,0,0,0,0
2020-02-08,Sierra,091,2930,0,0,0,0,0
2020-02-08,Siskiyou,093,43540,0,0,0,0,0
2020-02-08,Solano,095,438530,0,0,0,0,0
2020-02-08,Sonoma,097,501317,0,0,0,0,0
2020-02-08,Stanislaus,099,539301,0,0,0,0,0
2020-02-08,Sutter,101,95872,0,0,0,0,0
2020-02-08,Tehama,103,63373,0,0,0,0,0
2020-02-08,Trinity,105,12862,0,0,0,0,0
2020-02-08,Tulare,107,460477,2,0,0,0,0
2020-02-08,Tuolumne,109,53932,0,0,0,0,0
2020-02-08,Ventura,111,848112,1,0,0,0,0
2020-02-08,Yolo,113,214977,0,0,0,0,0
2020-02-08,Yuba,115,75493,0,0,0,0,0
2020-02-07,Alameda,001,1643700,4,0,0,0,0
2020-02-07,Alpine,002,1148,0,0,0,0,0
2020-02-07,Amador,005,37829,0,0,0,0,0
2020-02-07,Butte,007,227075,0,0,0,0,0
2020-02-07,Calaveras,009,45235,0,0,0,0,0
2020-02-07,Colusa,011,21464,0,0,0,0,0
2020-02-07,Contra Costa,013,1133247,2,0,0,0,0
2020-02-07,Del Norte,015,27424,0,0,0,0,0
2020-02-07,El Dorado,017,186661,0,0,0,0,0
2020-02-07,Fresno,019,978130,0,0,0,0,0
2020-02-07,Glenn,021,27897,0,0,0,0,0
2020-02-07,Humboldt,023,135768,0,0,0,0,0
2020-02-07,Imperial,025,180216,0,0,0,0,0
2020-02-07,Inyo,027,18085,0,0,0,0,0
2020-02-07,Kern,029,883053,2,0,0,0,0
2020-02-07,Kings,031,150075,0,0,0,0,0
2020-02-07,Lake,033,64148,0,0,0,0,0
2020-02-07,Lassen,035,31185,0,0,0,0,0
2020-02-07,Los Angeles,037,10098052,24,1,0,1,0
2020-02-07,Madera,039,155013,0,0,0,0,0
2020-02-07,Marin,041,260295,0,0,0,0,0
2020-02-07,Mariposa,043,17540,0,0,0,0,0
2020-02-07,Mendocino,045,87422,0,0,0,0,0
2020-02-07,Merced,047,269075,0,0,0,0,0
2020-02-07,Modoc,049,8938,0,0,0,0,0
2020-02-07,Mono,051,14174,0,0,0,0,0
2020-02-07,Monterey,053,433212,1,0,0,0,0
2020-02-07,Napa,055,140530,0,0,0,0,0
2020-02-07,Nevada,057,99092,0,0,0,0,0
2020-02-07,Orange,059,3164182,34,1,0,1,0
2020-02-07,Placer,061,380077,0,0,0,0,0
2020-02-07,Plumas,063,18699,0,0,0,0,0
2020-02-07,Riverside,065,2383286,4,0,0,0,0
2020-02-07,Sacramento,067,1510023,0,0,0,0,0
2020-02-07,San Benito,069,59416,0,2,0,2,0
2020-02-07,San Bernardino,071,2135413,4,0,0,0,0
2020-02-07,San Diego,073,3302833,0,0,0,0,0
2020-02-07,San Francisco,075,870044,1,0,0,0,0
2020-02-07,San Joaquin,077,732212,0,0,1,1,0
2020-02-07,San Luis Obispo,079,281455,0,0,0,0,0
2020-02-07,San Mateo,081,765935,1,0,0,0,0
2020-02-07,Santa Barbara,083,443738,0,0,0,0,0
2020-02-07,Santa Clara,085,1922200,4,2,0,2,0
2020-02-07,Santa Cruz,087,273765,0,0,0,0,0
2020-02-07,Shasta,089,179085,0,0,0,0,0
2020-02-07,Sierra,091,2930,0,0,0,0,0
2020-02-07,Siskiyou,093,43540,0,0,0,0,0
2020-02-07,Solano,095,438530,0,0,0,0,0
2020-02-07,Sonoma,097,501317,0,0,0,0,0
2020-02-07,Stanislaus,099,539301,0,0,0,0,0
2020-02-07,Sutter,101,95872,0,0,0,0,0
2020-02-07,Tehama,103,63373,0,0,0,0,0
2020-02-07,Trinity,105,12862,0,0,0,0,0
2020-02-07,Tulare,107,460477,2,0,0,0,0
2020-02-07,Tuolumne,109,53932,0,0,0,0,0
2020-02-07,Ventura,111,848112,1,0,0,0,0
2020-02-07,Yolo,113,214977,0,0,0,0,0
2020-02-07,Yuba,115,75493,0,0,0,0,0
2020-02-06,Alameda,001,1643700,4,0,0,0,0
2020-02-06,Alpine,002,1148,0,0,0,0,0
2020-02-06,Amador,005,37829,0,0,0,0,0
2020-02-06,Butte,007,227075,0,0,0,0,0
2020-02-06,Calaveras,009,45235,0,0,0,0,0
2020-02-06,Colusa,011,21464,0,0,0,0,0
2020-02-06,Contra Costa,013,1133247,2,0,0,0,0
2020-02-06,Del Norte,015,27424,0,0,0,0,0
2020-02-06,El Dorado,017,186661,0,0,0,0,0
2020-02-06,Fresno,019,978130,0,0,0,0,0
2020-02-06,Glenn,021,27897,0,0,0,0,0
2020-02-06,Humboldt,023,135768,0,0,0,0,0
2020-02-06,Imperial,025,180216,0,0,0,0,0
2020-02-06,Inyo,027,18085,0,0,0,0,0
2020-02-06,Kern,029,883053,2,0,0,0,0
2020-02-06,Kings,031,150075,0,0,0,0,0
2020-02-06,Lake,033,64148,0,0,0,0,0
2020-02-06,Lassen,035,31185,0,0,0,0,0
2020-02-06,Los Angeles,037,10098052,23,1,0,1,0
2020-02-06,Madera,039,155013,0,0,0,0,0
2020-02-06,Marin,041,260295,0,0,0,0,0
2020-02-06,Mariposa,043,17540,0,0,0,0,0
2020-02-06,Mendocino,045,87422,0,0,0,0,0
2020-02-06,Merced,047,269075,0,0,0,0,0
2020-02-06,Modoc,049,8938,0,0,0,0,0
2020-02-06,Mono,051,14174,0,0,0,0,0
2020-02-06,Monterey,053,433212,1,0,0,0,0
2020-02-06,Napa,055,140530,0,0,0,0,0
2020-02-06,Nevada,057,99092,0,0,0,0,0
2020-02-06,Orange,059,3164182,4,1,0,1,0
2020-02-06,Placer,061,380077,0,0,0,0,0
2020-02-06,Plumas,063,18699,0,0,0,0,0
2020-02-06,Riverside,065,2383286,4,0,0,0,0
2020-02-06,Sacramento,067,1510023,0,0,0,0,0
2020-02-06,San Benito,069,59416,0,2,0,2,0
2020-02-06,San Bernardino,071,2135413,4,0,0,0,0
2020-02-06,San Diego,073,3302833,0,0,0,0,0
2020-02-06,San Francisco,075,870044,1,0,0,0,0
2020-02-06,San Joaquin,077,732212,0,0,1,1,0
2020-02-06,San Luis Obispo,079,281455,0,0,0,0,0
2020-02-06,San Mateo,081,765935,1,0,0,0,0
2020-02-06,Santa Barbara,083,443738,0,0,0,0,0
2020-02-06,Santa Clara,085,1922200,4,2,0,2,0
2020-02-06,Santa Cruz,087,273765,0,0,0,0,0
2020-02-06,Shasta,089,179085,0,0,0,0,0
2020-02-06,Sierra,091,2930,0,0,0,0,0
2020-02-06,Siskiyou,093,43540,0,0,0,0,0
2020-02-06,Solano,095,438530,0,0,0,0,0
2020-02-06,Sonoma,097,501317,0,0,0,0,0
2020-02-06,Stanislaus,099,539301,0,0,0,0,0
2020-02-06,Sutter,101,95872,0,0,0,0,0
2020-02-06,Tehama,103,63373,0,0,0,0,0
2020-02-06,Trinity,105,12862,0,0,0,0,0
2020-02-06,Tulare,107,460477,2,0,0,0,0
2020-02-06,Tuolumne,109,53932,0,0,0,0,0
2020-02-06,Ventura,111,848112,1,0,0,0,0
2020-02-06,Yolo,113,214977,0,0,0,0,0
2020-02-06,Yuba,115,75493,0,0,0,0,0
2020-02-05,Alameda,001,1643700,3,0,0,0,0
2020-02-05,Alpine,002,1148,0,0,0,0,0
2020-02-05,Amador,005,37829,0,0,0,0,0
2020-02-05,Butte,007,227075,0,0,0,0,0
2020-02-05,Calaveras,009,45235,0,0,0,0,0
2020-02-05,Colusa,011,21464,0,0,0,0,0
2020-02-05,Contra Costa,013,1133247,2,0,0,0,0
2020-02-05,Del Norte,015,27424,0,0,0,0,0
2020-02-05,El Dorado,017,186661,0,0,0,0,0
2020-02-05,Fresno,019,978130,0,0,0,0,0
2020-02-05,Glenn,021,27897,0,0,0,0,0
2020-02-05,Humboldt,023,135768,0,0,0,0,0
2020-02-05,Imperial,025,180216,0,0,0,0,0
2020-02-05,Inyo,027,18085,0,0,0,0,0
2020-02-05,Kern,029,883053,1,0,0,0,0
2020-02-05,Kings,031,150075,0,0,0,0,0
2020-02-05,Lake,033,64148,0,0,0,0,0
2020-02-05,Lassen,035,31185,0,0,0,0,0
2020-02-05,Los Angeles,037,10098052,23,1,0,1,0
2020-02-05,Madera,039,155013,0,0,0,0,0
2020-02-05,Marin,041,260295,0,0,0,0,0
2020-02-05,Mariposa,043,17540,0,0,0,0,0
2020-02-05,Mendocino,045,87422,0,0,0,0,0
2020-02-05,Merced,047,269075,0,0,0,0,0
2020-02-05,Modoc,049,8938,0,0,0,0,0
2020-02-05,Mono,051,14174,0,0,0,0,0
2020-02-05,Monterey,053,433212,1,0,0,0,0
2020-02-05,Napa,055,140530,0,0,0,0,0
2020-02-05,Nevada,057,99092,0,0,0,0,0
2020-02-05,Orange,059,3164182,3,1,0,1,0
2020-02-05,Placer,061,380077,0,0,0,0,0
2020-02-05,Plumas,063,18699,0,0,0,0,0
2020-02-05,Riverside,065,2383286,4,0,0,0,0
2020-02-05,Sacramento,067,1510023,0,0,0,0,0
2020-02-05,San Benito,069,59416,0,2,0,2,0
2020-02-05,San Bernardino,071,2135413,4,0,0,0,0
2020-02-05,San Diego,073,3302833,0,0,0,0,0
2020-02-05,San Francisco,075,870044,1,0,0,0,0
2020-02-05,San Joaquin,077,732212,0,0,1,1,0
2020-02-05,San Luis Obispo,079,281455,0,0,0,0,0
2020-02-05,San Mateo,081,765935,1,0,0,0,0
2020-02-05,Santa Barbara,083,443738,0,0,0,0,0
2020-02-05,Santa Clara,085,1922200,2,2,0,2,0
2020-02-05,Santa Cruz,087,273765,0,0,0,0,0
2020-02-05,Shasta,089,179085,0,0,0,0,0
2020-02-05,Sierra,091,2930,0,0,0,0,0
2020-02-05,Siskiyou,093,43540,0,0,0,0,0
2020-02-05,Solano,095,438530,0,0,0,0,0
2020-02-05,Sonoma,097,501317,0,0,0,0,0
2020-02-05,Stanislaus,099,539301,0,0,0,0,0
2020-02-05,Sutter,101,95872,0,0,0,0,0
2020-02-05,Tehama,103,63373,0,0,0,0,0
2020-02-05,Trinity,105,12862,0,0,0,0,0
2020-02-05,Tulare,107,460477,2,0,0,0,0
2020-02-05,Tuolumne,109,53932,0,0,0,0,0
2020-02-05,Ventura,111,848112,0,0,0,0,0
2020-02-05,Yolo,113,214977,0,0,0,0,0
2020-02-05,Yuba,115,75493,0,0,0,0,0
2020-02-04,Alameda,001,1643700,3,0,0,0,0
2020-02-04,Alpine,002,1148,0,0,0,0,0
2020-02-04,Amador,005,37829,0,0,0,0,0
2020-02-04,Butte,007,227075,0,0,0,0,0
2020-02-04,Calaveras,009,45235,0,0,0,0,0
2020-02-04,Colusa,011,21464,0,0,0,0,0
2020-02-04,Contra Costa,013,1133247,2,0,0,0,0
2020-02-04,Del Norte,015,27424,0,0,0,0,0
2020-02-04,El Dorado,017,186661,0,0,0,0,0
2020-02-04,Fresno,019,978130,0,0,0,0,0
2020-02-04,Glenn,021,27897,0,0,0,0,0
2020-02-04,Humboldt,023,135768,0,0,0,0,0
2020-02-04,Imperial,025,180216,0,0,0,0,0
2020-02-04,Inyo,027,18085,0,0,0,0,0
2020-02-04,Kern,029,883053,0,0,0,0,0
2020-02-04,Kings,031,150075,0,0,0,0,0
2020-02-04,Lake,033,64148,0,0,0,0,0
2020-02-04,Lassen,035,31185,0,0,0,0,0
2020-02-04,Los Angeles,037,10098052,23,1,0,1,0
2020-02-04,Madera,039,155013,0,0,0,0,0
2020-02-04,Marin,041,260295,0,0,0,0,0
2020-02-04,Mariposa,043,17540,0,0,0,0,0
2020-02-04,Mendocino,045,87422,0,0,0,0,0
2020-02-04,Merced,047,269075,0,0,0,0,0
2020-02-04,Modoc,049,8938,0,0,0,0,0
2020-02-04,Mono,051,14174,0,0,0,0,0
2020-02-04,Monterey,053,433212,1,0,0,0,0
2020-02-04,Napa,055,140530,0,0,0,0,0
2020-02-04,Nevada,057,99092,0,0,0,0,0
2020-02-04,Orange,059,3164182,3,1,0,1,0
2020-02-04,Placer,061,380077,0,0,0,0,0
2020-02-04,Plumas,063,18699,0,0,0,0,0
2020-02-04,Riverside,065,2383286,4,0,0,0,0
2020-02-04,Sacramento,067,1510023,0,0,0,0,0
2020-02-04,San Benito,069,59416,0,2,0,2,0
2020-02-04,San Bernardino,071,2135413,3,0,0,0,0
2020-02-04,San Diego,073,3302833,0,0,0,0,0
2020-02-04,San Francisco,075,870044,1,0,0,0,0
2020-02-04,San Joaquin,077,732212,0,0,1,1,0
2020-02-04,San Luis Obispo,079,281455,0,0,0,0,0
2020-02-04,San Mateo,081,765935,0,0,0,0,0
2020-02-04,Santa Barbara,083,443738,0,0,0,0,0
2020-02-04,Santa Clara,085,1922200,2,2,0,2,0
2020-02-04,Santa Cruz,087,273765,0,0,0,0,0
2020-02-04,Shasta,089,179085,0,0,0,0,0
2020-02-04,Sierra,091,2930,0,0,0,0,0
2020-02-04,Siskiyou,093,43540,0,0,0,0,0
2020-02-04,Solano,095,438530,0,0,0,0,0
2020-02-04,Sonoma,097,501317,0,0,0,0,0
2020-02-04,Stanislaus,099,539301,0,0,0,0,0
2020-02-04,Sutter,101,95872,0,0,0,0,0
2020-02-04,Tehama,103,63373,0,0,0,0,0
2020-02-04,Trinity,105,12862,0,0,0,0,0
2020-02-04,Tulare,107,460477,2,0,0,0,0
2020-02-04,Tuolumne,109,53932,0,0,0,0,0
2020-02-04,Ventura,111,848112,0,0,0,0,0
2020-02-04,Yolo,113,214977,0,0,0,0,0
2020-02-04,Yuba,115,75493,0,0,0,0,0
2020-02-03,Alameda,001,1643700,3,0,0,0,0
2020-02-03,Alpine,002,1148,0,0,0,0,0
2020-02-03,Amador,005,37829,0,0,0,0,0
2020-02-03,Butte,007,227075,0,0,0,0,0
2020-02-03,Calaveras,009,45235,0,0,0,0,0
2020-02-03,Colusa,011,21464,0,0,0,0,0
2020-02-03,Contra Costa,013,1133247,2,0,0,0,0
2020-02-03,Del Norte,015,27424,0,0,0,0,0
2020-02-03,El Dorado,017,186661,0,0,0,0,0
2020-02-03,Fresno,019,978130,0,0,0,0,0
2020-02-03,Glenn,021,27897,0,0,0,0,0
2020-02-03,Humboldt,023,135768,0,0,0,0,0
2020-02-03,Imperial,025,180216,0,0,0,0,0
2020-02-03,Inyo,027,18085,0,0,0,0,0
2020-02-03,Kern,029,883053,0,0,0,0,0
2020-02-03,Kings,031,150075,0,0,0,0,0
2020-02-03,Lake,033,64148,0,0,0,0,0
2020-02-03,Lassen,035,31185,0,0,0,0,0
2020-02-03,Los Angeles,037,10098052,22,1,0,1,0
2020-02-03,Madera,039,155013,0,0,0,0,0
2020-02-03,Marin,041,260295,0,0,0,0,0
2020-02-03,Mariposa,043,17540,0,0,0,0,0
2020-02-03,Mendocino,045,87422,0,0,0,0,0
2020-02-03,Merced,047,269075,0,0,0,0,0
2020-02-03,Modoc,049,8938,0,0,0,0,0
2020-02-03,Mono,051,14174,0,0,0,0,0
2020-02-03,Monterey,053,433212,1,0,0,0,0
2020-02-03,Napa,055,140530,0,0,0,0,0
2020-02-03,Nevada,057,99092,0,0,0,0,0
2020-02-03,Orange,059,3164182,1,1,0,1,0
2020-02-03,Placer,061,380077,0,0,0,0,0
2020-02-03,Plumas,063,18699,0,0,0,0,0
2020-02-03,Riverside,065,2383286,4,0,0,0,0
2020-02-03,Sacramento,067,1510023,0,0,0,0,0
2020-02-03,San Benito,069,59416,0,2,0,2,0
2020-02-03,San Bernardino,071,2135413,3,0,0,0,0
2020-02-03,San Diego,073,3302833,0,0,0,0,0
2020-02-03,San Francisco,075,870044,1,0,0,0,0
2020-02-03,San Joaquin,077,732212,0,0,1,1,0
2020-02-03,San Luis Obispo,079,281455,0,0,0,0,0
2020-02-03,San Mateo,081,765935,0,0,0,0,0
2020-02-03,Santa Barbara,083,443738,0,0,0,0,0
2020-02-03,Santa Clara,085,1922200,2,2,0,2,0
2020-02-03,Santa Cruz,087,273765,0,0,0,0,0
2020-02-03,Shasta,089,179085,0,0,0,0,0
2020-02-03,Sierra,091,2930,0,0,0,0,0
2020-02-03,Siskiyou,093,43540,0,0,0,0,0
2020-02-03,Solano,095,438530,0,0,0,0,0
2020-02-03,Sonoma,097,501317,0,0,0,0,0
2020-02-03,Stanislaus,099,539301,0,0,0,0,0
2020-02-03,Sutter,101,95872,0,0,0,0,0
2020-02-03,Tehama,103,63373,0,0,0,0,0
2020-02-03,Trinity,105,12862,0,0,0,0,0
2020-02-03,Tulare,107,460477,2,0,0,0,0
2020-02-03,Tuolumne,109,53932,0,0,0,0,0
2020-02-03,Ventura,111,848112,0,0,0,0,0
2020-02-03,Yolo,113,214977,0,0,0,0,0
2020-02-03,Yuba,115,75493,0,0,0,0,0
2020-02-02,Alameda,001,1643700,3,0,0,0,0
2020-02-02,Alpine,002,1148,0,0,0,0,0
2020-02-02,Amador,005,37829,0,0,0,0,0
2020-02-02,Butte,007,227075,0,0,0,0,0
2020-02-02,Calaveras,009,45235,0,0,0,0,0
2020-02-02,Colusa,011,21464,0,0,0,0,0
2020-02-02,Contra Costa,013,1133247,1,0,0,0,0
2020-02-02,Del Norte,015,27424,0,0,0,0,0
2020-02-02,El Dorado,017,186661,0,0,0,0,0
2020-02-02,Fresno,019,978130,0,0,0,0,0
2020-02-02,Glenn,021,27897,0,0,0,0,0
2020-02-02,Humboldt,023,135768,0,0,0,0,0
2020-02-02,Imperial,025,180216,0,0,0,0,0
2020-02-02,Inyo,027,18085,0,0,0,0,0
2020-02-02,Kern,029,883053,0,0,0,0,0
2020-02-02,Kings,031,150075,0,0,0,0,0
2020-02-02,Lake,033,64148,0,0,0,0,0
2020-02-02,Lassen,035,31185,0,0,0,0,0
2020-02-02,Los Angeles,037,10098052,18,1,0,1,0
2020-02-02,Madera,039,155013,0,0,0,0,0
2020-02-02,Marin,041,260295,0,0,0,0,0
2020-02-02,Mariposa,043,17540,0,0,0,0,0
2020-02-02,Mendocino,045,87422,0,0,0,0,0
2020-02-02,Merced,047,269075,0,0,0,0,0
2020-02-02,Modoc,049,8938,0,0,0,0,0
2020-02-02,Mono,051,14174,0,0,0,0,0
2020-02-02,Monterey,053,433212,1,0,0,0,0
2020-02-02,Napa,055,140530,0,0,0,0,0
2020-02-02,Nevada,057,99092,0,0,0,0,0
2020-02-02,Orange,059,3164182,1,1,0,1,0
2020-02-02,Placer,061,380077,0,0,0,0,0
2020-02-02,Plumas,063,18699,0,0,0,0,0
2020-02-02,Riverside,065,2383286,3,0,0,0,0
2020-02-02,Sacramento,067,1510023,0,0,0,0,0
2020-02-02,San Benito,069,59416,0,2,0,2,0
2020-02-02,San Bernardino,071,2135413,2,0,0,0,0
2020-02-02,San Diego,073,3302833,0,0,0,0,0
2020-02-02,San Francisco,075,870044,1,0,0,0,0
2020-02-02,San Joaquin,077,732212,0,0,1,1,0
2020-02-02,San Luis Obispo,079,281455,0,0,0,0,0
2020-02-02,San Mateo,081,765935,0,0,0,0,0
2020-02-02,Santa Barbara,083,443738,0,0,0,0,0
2020-02-02,Santa Clara,085,1922200,2,2,0,2,0
2020-02-02,Santa Cruz,087,273765,0,0,0,0,0
2020-02-02,Shasta,089,179085,0,0,0,0,0
2020-02-02,Sierra,091,2930,0,0,0,0,0
2020-02-02,Siskiyou,093,43540,0,0,0,0,0
2020-02-02,Solano,095,438530,0,0,0,0,0
2020-02-02,Sonoma,097,501317,0,0,0,0,0
2020-02-02,Stanislaus,099,539301,0,0,0,0,0
2020-02-02,Sutter,101,95872,0,0,0,0,0
2020-02-02,Tehama,103,63373,0,0,0,0,0
2020-02-02,Trinity,105,12862,0,0,0,0,0
2020-02-02,Tulare,107,460477,2,0,0,0,0
2020-02-02,Tuolumne,109,53932,0,0,0,0,0
2020-02-02,Ventura,111,848112,0,0,0,0,0
2020-02-02,Yolo,113,214977,0,0,0,0,0
2020-02-02,Yuba,115,75493,0,0,0,0,0
2020-02-01,Alameda,001,1643700,3,0,0,0,0
2020-02-01,Alpine,002,1148,0,0,0,0,0
2020-02-01,Amador,005,37829,0,0,0,0,0
2020-02-01,Butte,007,227075,0,0,0,0,0
2020-02-01,Calaveras,009,45235,0,0,0,0,0
2020-02-01,Colusa,011,21464,0,0,0,0,0
2020-02-01,Contra Costa,013,1133247,0,0,0,0,0
2020-02-01,Del Norte,015,27424,0,0,0,0,0
2020-02-01,El Dorado,017,186661,0,0,0,0,0
2020-02-01,Fresno,019,978130,0,0,0,0,0
2020-02-01,Glenn,021,27897,0,0,0,0,0
2020-02-01,Humboldt,023,135768,0,0,0,0,0
2020-02-01,Imperial,025,180216,0,0,0,0,0
2020-02-01,Inyo,027,18085,0,0,0,0,0
2020-02-01,Kern,029,883053,0,0,0,0,0
2020-02-01,Kings,031,150075,0,0,0,0,0
2020-02-01,Lake,033,64148,0,0,0,0,0
2020-02-01,Lassen,035,31185,0,0,0,0,0
2020-02-01,Los Angeles,037,10098052,14,1,0,1,0
2020-02-01,Madera,039,155013,0,0,0,0,0
2020-02-01,Marin,041,260295,0,0,0,0,0
2020-02-01,Mariposa,043,17540,0,0,0,0,0
2020-02-01,Mendocino,045,87422,0,0,0,0,0
2020-02-01,Merced,047,269075,0,0,0,0,0
2020-02-01,Modoc,049,8938,0,0,0,0,0
2020-02-01,Mono,051,14174,0,0,0,0,0
2020-02-01,Monterey,053,433212,0,0,0,0,0
2020-02-01,Napa,055,140530,0,0,0,0,0
2020-02-01,Nevada,057,99092,0,0,0,0,0
2020-02-01,Orange,059,3164182,1,1,0,1,0
2020-02-01,Placer,061,380077,0,0,0,0,0
2020-02-01,Plumas,063,18699,0,0,0,0,0
2020-02-01,Riverside,065,2383286,2,0,0,0,0
2020-02-01,Sacramento,067,1510023,0,0,0,0,0
2020-02-01,San Benito,069,59416,0,0,0,0,0
2020-02-01,San Bernardino,071,2135413,1,0,0,0,0
2020-02-01,San Diego,073,3302833,0,0,0,0,0
2020-02-01,San Francisco,075,870044,1,0,0,0,0
2020-02-01,San Joaquin,077,732212,0,0,1,1,0
2020-02-01,San Luis Obispo,079,281455,0,0,0,0,0
2020-02-01,San Mateo,081,765935,0,0,0,0,0
2020-02-01,Santa Barbara,083,443738,0,0,0,0,0
2020-02-01,Santa Clara,085,1922200,2,1,0,1,0
2020-02-01,Santa Cruz,087,273765,0,0,0,0,0
2020-02-01,Shasta,089,179085,0,0,0,0,0
2020-02-01,Sierra,091,2930,0,0,0,0,0
2020-02-01,Siskiyou,093,43540,0,0,0,0,0
2020-02-01,Solano,095,438530,0,0,0,0,0
2020-02-01,Sonoma,097,501317,0,0,0,0,0
2020-02-01,Stanislaus,099,539301,0,0,0,0,0
2020-02-01,Sutter,101,95872,0,0,0,0,0
2020-02-01,Tehama,103,63373,0,0,0,0,0
2020-02-01,Trinity,105,12862,0,0,0,0,0
2020-02-01,Tulare,107,460477,1,0,0,0,0
2020-02-01,Tuolumne,109,53932,0,0,0,0,0
2020-02-01,Ventura,111,848112,0,0,0,0,0
2020-02-01,Yolo,113,214977,0,0,0,0,0
2020-02-01,Yuba,115,75493,0,0,0,0,0
