date,county,fips,population,confirmed_cases,reported_cases,probable_cases,reported_and_probable_cases,reported_deaths
2022-03-02,Alameda,001,1643700,251917,251886,13511,265397,1759
2022-03-02,Alpine,003,1148,125,125,1,126,0
2022-03-02,Amador,005,37829,8357,8341,648,8989,83
2022-03-02,Butte,007,227075,32645,32636,6531,39167,372
2022-03-02,Calaveras,009,45235,7226,7225,349,7574,116
2022-03-02,Colusa,011,21464,3427,3428,1064,4492,21
2022-03-02,Contra Costa,013,1133247,185629,185589,12757,198346,1236
2022-03-02,Del Norte,015,27424,5706,5708,179,5887,47
2022-03-02,El Dorado,017,186661,26433,26433,3139,29572,192
2022-03-02,Fresno,019,978130,226937,226932,21587,248519,2629
2022-03-02,Glenn,021,27897,4921,4922,1530,6452,43
2022-03-02,Humboldt,023,135768,16748,16747,2892,19639,135
2022-03-02,Imperial,025,180216,54632,54629,10869,65498,878
2022-03-02,Inyo,027,18085,4041,4041,461,4502,56
2022-03-02,Kern,029,883053,189703,189656,42630,232286,2136
2022-03-02,Kings,031,150075,50826,50819,3438,54257,431
2022-03-02,Lake,033,64148,10497,10495,862,11357,130
2022-03-02,Lassen,035,31185,8811,8811,889,9700,62
2022-03-02,Los Angeles,037,10098052,2670019,2670287,120440,2790727,30535
2022-03-02,Madera,039,155013,37096,37077,5923,43000,354
2022-03-02,Marin,041,260295,32790,32794,2177,34971,272
2022-03-02,Mariposa,043,17540,2359,2359,194,2553,6
2022-03-02,Mendocino,045,87422,12831,12832,2873,15705,112
2022-03-02,Merced,047,269075,61619,61606,8282,69888,785
2022-03-02,Modoc,049,8938,729,729,247,976,7
2022-03-02,Mono,051,14174,2961,2961,118,3079,5
2022-03-02,Monterey,053,433212,78043,77963,12873,90836,703
2022-03-02,Napa,055,140530,25383,25382,950,26332,134
2022-03-02,Nevada,057,99092,15913,15920,1166,17086,122
2022-03-02,Orange,059,3164182,541243,541230,40510,581740,6623
2022-03-02,Placer,061,380077,62071,62066,7224,69290,589
2022-03-02,Plumas,063,18699,2700,2700,338,3038,13
2022-03-02,Riverside,065,2383286,586526,586513,27636,614149,6229
2022-03-02,Sacramento,067,1510023,273302,273291,26547,299838,2837
2022-03-02,San Benito,069,59416,12813,12814,508,13322,94
2022-03-02,San Bernardino,071,2135413,557053,557082,23707,580789,6619
2022-03-02,San Diego,073,3302833,739803,739803,48300,788103,5034
2022-03-02,San Francisco,075,870044,123428,123442,8634,132076,792
2022-03-02,San Joaquin,077,732212,164986,164968,8948,173916,2063
2022-03-02,San Luis Obispo,079,281455,51681,51686,3635,55321,446
2022-03-02,San Mateo,081,765935,118518,118518,6866,125384,617
2022-03-02,Santa Barbara,083,443738,85195,85183,4730,89913,655
2022-03-02,Santa Clara,085,1922200,307374,307354,12184,319538,2184
2022-03-02,Santa Cruz,087,273765,46540,46534,1871,48405,253
2022-03-02,Shasta,089,179085,30259,30253,6093,36346,490
2022-03-02,Sierra,091,2930,273,273,40,313,4
2022-03-02,Siskiyou,093,43540,4384,4384,2691,7075,74
2022-03-02,Solano,095,438530,80626,80626,5406,86032,433
2022-03-02,Sonoma,097,501317,82201,82208,1923,84131,473
2022-03-02,Stanislaus,099,539301,117399,117411,16364,133775,1519
2022-03-02,Sutter,101,95872,20311,20317,1828,22145,216
2022-03-02,Tehama,103,63373,11926,11930,2581,14511,158
2022-03-02,Trinity,105,12862,1160,1160,292,1452,20
2022-03-02,Tulare,107,460477,103479,103451,27798,131249,1302
2022-03-02,Tuolumne,109,53932,12296,12297,560,12857,179
2022-03-02,Ventura,111,848112,171771,171770,9142,180912,1427
2022-03-02,Yolo,113,214977,35803,35799,3059,38858,305
2022-03-02,Yuba,115,75493,15650,15653,1166,16819,115
2022-03-01,Alameda,001,1643700,251917,251830,13511,265341,1749
2022-03-01,Alpine,003,1148,125,125,1,126,0
2022-03-01,Amador,005,37829,8357,8334,648,8982,83
2022-03-01,Butte,007,227075,32645,32575,6531,39106,372
2022-03-01,Calaveras,009,45235,7226,7223,349,7572,116
2022-03-01,Colusa,011,21464,3427,3423,1064,4487,21
2022-03-01,Contra Costa,013,1133247,185629,185378,12757,198135,1231
2022-03-01,Del Norte,015,27424,5706,5701,179,5880,45
2022-03-01,El Dorado,017,186661,26433,26413,3139,29552,192
2022-03-01,Fresno,019,978130,226937,226594,21587,248181,2628
2022-03-01,Glenn,021,27897,4921,4919,1530,6449,40
2022-03-01,Humboldt,023,135768,16748,16727,2892,19619,135
2022-03-01,Imperial,025,180216,54632,54570,10869,65439,875
2022-03-01,Inyo,027,18085,4041,4041,461,4502,56
2022-03-01,Kern,029,883053,189703,189365,42630,231995,2120
2022-03-01,Kings,031,150075,50826,50763,3438,54201,427
2022-03-01,Lake,033,64148,10497,10471,862,11333,128
2022-03-01,Lassen,035,31185,8811,8801,889,9690,61
2022-03-01,Los Angeles,037,10098052,2670019,2669489,120440,2789929,30486
2022-03-01,Madera,039,155013,37096,37046,5923,42969,354
2022-03-01,Marin,041,260295,32790,32764,2177,34941,272
2022-03-01,Mariposa,043,17540,2359,2357,194,2551,6
2022-03-01,Mendocino,045,87422,12831,12818,2873,15691,112
2022-03-01,Merced,047,269075,61619,61549,8282,69831,781
2022-03-01,Modoc,049,8938,729,729,247,976,7
2022-03-01,Mono,051,14174,2961,2960,118,3078,6
2022-03-01,Monterey,053,433212,78043,77911,12873,90784,696
2022-03-01,Napa,055,140530,25383,25344,950,26294,134
2022-03-01,Nevada,057,99092,15913,15916,1166,17082,121
2022-03-01,Orange,059,3164182,541243,541054,40510,581564,6612
2022-03-01,Placer,061,380077,62071,62021,7224,69245,583
2022-03-01,Plumas,063,18699,2700,2694,338,3032,13
2022-03-01,Riverside,065,2383286,586526,586184,27636,613820,6198
2022-03-01,Sacramento,067,1510023,273302,273089,26547,299636,2831
2022-03-01,San Benito,069,59416,12813,12806,508,13314,94
2022-03-01,San Bernardino,071,2135413,557053,556743,23707,580450,6588
2022-03-01,San Diego,073,3302833,739803,739136,48300,787436,5029
2022-03-01,San Francisco,075,870044,123428,123481,8634,132115,792
2022-03-01,San Joaquin,077,732212,164986,164894,8948,173842,2062
2022-03-01,San Luis Obispo,079,281455,51681,51592,3635,55227,445
2022-03-01,San Mateo,081,765935,118518,118358,6866,125224,613
2022-03-01,Santa Barbara,083,443738,85195,85134,4730,89864,654
2022-03-01,Santa Clara,085,1922200,307374,306978,12184,319162,2190
2022-03-01,Santa Cruz,087,273765,46540,46471,1871,48342,253
2022-03-01,Shasta,089,179085,30259,30227,6093,36320,489
2022-03-01,Sierra,091,2930,273,274,40,314,5
2022-03-01,Siskiyou,093,43540,4384,4384,2691,7075,74
2022-03-01,Solano,095,438530,80626,80556,5406,85962,434
2022-03-01,Sonoma,097,501317,82201,82103,1923,84026,477
2022-03-01,Stanislaus,099,539301,117399,117308,16364,133672,1521
2022-03-01,Sutter,101,95872,20311,20288,1828,22116,217
2022-03-01,Tehama,103,63373,11926,11923,2581,14504,158
2022-03-01,Trinity,105,12862,1160,1159,292,1451,20
2022-03-01,Tulare,107,460477,103479,103371,27798,131169,1302
2022-03-01,Tuolumne,109,53932,12296,12276,560,12836,175
2022-03-01,Ventura,111,848112,171771,171672,9142,180814,1427
2022-03-01,Yolo,113,214977,35803,35801,3059,38860,299
2022-03-01,Yuba,115,75493,15650,15637,1166,16803,116
2022-02-28,Alameda,001,1643700,251890,251714,13511,265225,1742
2022-02-28,Alpine,003,1148,125,125,1,126,0
2022-02-28,Amador,005,37829,8354,8308,648,8956,83
2022-02-28,Butte,007,227075,32640,32550,6531,39081,368
2022-02-28,Calaveras,009,45235,7224,7220,349,7569,110
2022-02-28,Colusa,011,21464,3425,3422,1064,4486,21
2022-02-28,Contra Costa,013,1133247,185621,185272,12757,198029,1231
2022-02-28,Del Norte,015,27424,5705,5699,179,5878,45
2022-02-28,El Dorado,017,186661,26430,26409,3139,29548,191
2022-02-28,Fresno,019,978130,226919,226519,21587,248106,2622
2022-02-28,Glenn,021,27897,4921,4918,1530,6448,40
2022-02-28,Humboldt,023,135768,16748,16717,2892,19609,135
2022-02-28,Imperial,025,180216,54625,54517,10869,65386,875
2022-02-28,Inyo,027,18085,4041,4041,461,4502,56
2022-02-28,Kern,029,883053,189685,189245,42630,231875,2115
2022-02-28,Kings,031,150075,50820,50741,3438,54179,427
2022-02-28,Lake,033,64148,10495,10468,862,11330,128
2022-02-28,Lassen,035,31185,8811,8794,889,9683,55
2022-02-28,Los Angeles,037,10098052,2670002,2666804,120440,2787244,30410
2022-02-28,Madera,039,155013,37094,37023,5923,42946,354
2022-02-28,Marin,041,260295,32779,32775,2177,34952,272
2022-02-28,Mariposa,043,17540,2358,2354,194,2548,6
2022-02-28,Mendocino,045,87422,12823,12800,2873,15673,112
2022-02-28,Merced,047,269075,61615,61519,8282,69801,781
2022-02-28,Modoc,049,8938,729,727,247,974,7
2022-02-28,Mono,051,14174,2961,2961,118,3079,5
2022-02-28,Monterey,053,433212,78036,77865,12873,90738,693
2022-02-28,Napa,055,140530,25372,25317,950,26267,129
2022-02-28,Nevada,057,99092,15913,15908,1166,17074,121
2022-02-28,Orange,059,3164182,541205,540839,40510,581349,6605
2022-02-28,Placer,061,380077,62068,61976,7224,69200,577
2022-02-28,Plumas,063,18699,2700,2691,338,3029,13
2022-02-28,Riverside,065,2383286,586499,585891,27636,613527,6179
2022-02-28,Sacramento,067,1510023,273283,273038,26547,299585,2825
2022-02-28,San Benito,069,59416,12812,12798,508,13306,94
2022-02-28,San Bernardino,071,2135413,557023,556540,23707,580247,6576
2022-02-28,San Diego,073,3302833,739803,737760,48300,786060,5018
2022-02-28,San Francisco,075,870044,123408,123402,8634,132036,792
2022-02-28,San Joaquin,077,732212,164965,164833,8948,173781,2060
2022-02-28,San Luis Obispo,079,281455,51676,51565,3635,55200,440
2022-02-28,San Mateo,081,765935,118507,118301,6866,125167,611
2022-02-28,Santa Barbara,083,443738,85187,85076,4730,89806,653
2022-02-28,Santa Clara,085,1922200,307355,306930,12184,319114,2180
2022-02-28,Santa Cruz,087,273765,46538,46447,1871,48318,253
2022-02-28,Shasta,089,179085,30255,30213,6093,36306,488
2022-02-28,Sierra,091,2930,273,273,40,313,4
2022-02-28,Siskiyou,093,43540,4384,4382,2691,7073,74
2022-02-28,Solano,095,438530,80618,80544,5406,85950,430
2022-02-28,Sonoma,097,501317,82196,82058,1923,83981,477
2022-02-28,Stanislaus,099,539301,117375,117231,16364,133595,1521
2022-02-28,Sutter,101,95872,20301,20285,1828,22113,214
2022-02-28,Tehama,103,63373,11926,11917,2581,14498,158
2022-02-28,Trinity,105,12862,1160,1160,292,1452,20
2022-02-28,Tulare,107,460477,103471,103304,27798,131102,1300
2022-02-28,Tuolumne,109,53932,12291,12247,560,12807,175
2022-02-28,Ventura,111,848112,171759,171614,9142,180756,1423
2022-02-28,Yolo,113,214977,35802,35754,3059,38813,299
2022-02-28,Yuba,115,75493,15642,15625,1166,16791,115
2022-02-27,Alameda,001,1643700,251691,251624,13511,265135,1744
2022-02-27,Alpine,003,1148,125,125,1,126,0
2022-02-27,Amador,005,37829,8351,8305,648,8953,83
2022-02-27,Butte,007,227075,32618,32551,6531,39082,368
2022-02-27,Calaveras,009,45235,7223,7214,349,7563,110
2022-02-27,Colusa,011,21464,3424,3422,1064,4486,21
2022-02-27,Contra Costa,013,1133247,185531,185185,12757,197942,1230
2022-02-27,Del Norte,015,27424,5700,5691,179,5870,45
2022-02-27,El Dorado,017,186661,26420,26410,3139,29549,191
2022-02-27,Fresno,019,978130,226774,226397,21587,247984,2621
2022-02-27,Glenn,021,27897,4921,4915,1530,6445,40
2022-02-27,Humboldt,023,135768,16741,16713,2892,19605,135
2022-02-27,Imperial,025,180216,54585,54509,10869,65378,875
2022-02-27,Inyo,027,18085,4041,4041,461,4502,56
2022-02-27,Kern,029,883053,189641,189219,42630,231849,2115
2022-02-27,Kings,031,150075,50802,50733,3438,54171,428
2022-02-27,Lake,033,64148,10491,10463,862,11325,128
2022-02-27,Lassen,035,31185,8806,8786,889,9675,55
2022-02-27,Los Angeles,037,10098052,2669902,2666789,120440,2787229,30410
2022-02-27,Madera,039,155013,37069,37009,5923,42932,354
2022-02-27,Marin,041,260295,32753,32756,2177,34933,272
2022-02-27,Mariposa,043,17540,2357,2352,194,2546,6
2022-02-27,Mendocino,045,87422,12810,12798,2873,15671,112
2022-02-27,Merced,047,269075,61580,61491,8282,69773,779
2022-02-27,Modoc,049,8938,728,727,247,974,7
2022-02-27,Mono,051,14174,2960,2960,118,3078,5
2022-02-27,Monterey,053,433212,77995,77851,12873,90724,693
2022-02-27,Napa,055,140530,25345,25316,950,26266,129
2022-02-27,Nevada,057,99092,15910,15900,1166,17066,121
2022-02-27,Orange,059,3164182,541076,540659,40510,581169,6605
2022-02-27,Placer,061,380077,62047,61965,7224,69189,577
2022-02-27,Plumas,063,18699,2694,2691,338,3029,13
2022-02-27,Riverside,065,2383286,586340,585833,27636,613469,6179
2022-02-27,Sacramento,067,1510023,273165,272927,26547,299474,2822
2022-02-27,San Benito,069,59416,12806,12798,508,13306,94
2022-02-27,San Bernardino,071,2135413,556916,556457,23707,580164,6572
2022-02-27,San Diego,073,3302833,739708,737760,48300,786060,5018
2022-02-27,San Francisco,075,870044,123310,123327,8634,131961,791
2022-02-27,San Joaquin,077,732212,164894,164814,8948,173762,2060
2022-02-27,San Luis Obispo,079,281455,51600,51564,3635,55199,439
2022-02-27,San Mateo,081,765935,118416,118244,6866,125110,611
2022-02-27,Santa Barbara,083,443738,85145,85050,4730,89780,653
2022-02-27,Santa Clara,085,1922200,307143,306756,12184,318940,2180
2022-02-27,Santa Cruz,087,273765,46489,46411,1871,48282,253
2022-02-27,Shasta,089,179085,30236,30206,6093,36299,488
2022-02-27,Sierra,091,2930,273,273,40,313,4
2022-02-27,Siskiyou,093,43540,4382,4378,2691,7069,74
2022-02-27,Solano,095,438530,80568,80515,5406,85921,430
2022-02-27,Sonoma,097,501317,82145,82041,1923,83964,476
2022-02-27,Stanislaus,099,539301,117329,117200,16364,133564,1522
2022-02-27,Sutter,101,95872,20292,20280,1828,22108,214
2022-02-27,Tehama,103,63373,11925,11915,2581,14496,158
2022-02-27,Trinity,105,12862,1160,1158,292,1450,20
2022-02-27,Tulare,107,460477,103428,103270,27798,131068,1300
2022-02-27,Tuolumne,109,53932,12283,12243,560,12803,175
2022-02-27,Ventura,111,848112,171719,171660,9142,180802,1423
2022-02-27,Yolo,113,214977,35794,35744,3059,38803,299
2022-02-27,Yuba,115,75493,15636,15619,1166,16785,113
2022-02-26,Alameda,001,1643700,251613,250867,13511,264378,1716
2022-02-26,Alpine,003,1148,125,125,1,126,0
2022-02-26,Amador,005,37829,8350,8282,648,8930,83
2022-02-26,Butte,007,227075,32607,32466,6531,38997,368
2022-02-26,Calaveras,009,45235,7221,7192,349,7541,110
2022-02-26,Colusa,011,21464,3424,3414,1064,4478,21
2022-02-26,Contra Costa,013,1133247,185482,184686,12757,197443,1209
2022-02-26,Del Norte,015,27424,5698,5639,179,5818,45
2022-02-26,El Dorado,017,186661,26410,26355,3139,29494,191
2022-02-26,Fresno,019,978130,226699,225679,21587,247266,2597
2022-02-26,Glenn,021,27897,4919,4909,1530,6439,40
2022-02-26,Humboldt,023,135768,16718,16619,2892,19511,133
2022-02-26,Imperial,025,180216,54563,54367,10869,65236,871
2022-02-26,Inyo,027,18085,4041,4034,461,4495,56
2022-02-26,Kern,029,883053,189605,188584,42630,231214,2106
2022-02-26,Kings,031,150075,50794,50579,3438,54017,423
2022-02-26,Lake,033,64148,10488,10383,862,11245,128
2022-02-26,Lassen,035,31185,8804,8761,889,9650,55
2022-02-26,Los Angeles,037,10098052,2669720,2660973,120440,2781413,30202
2022-02-26,Madera,039,155013,37060,36933,5923,42856,330
2022-02-26,Marin,041,260295,32743,32651,2177,34828,267
2022-02-26,Mariposa,043,17540,2357,2332,194,2526,6
2022-02-26,Mendocino,045,87422,12808,12762,2873,15635,111
2022-02-26,Merced,047,269075,61562,61348,8282,69630,775
2022-02-26,Modoc,049,8938,728,726,247,973,7
2022-02-26,Mono,051,14174,2960,2959,118,3077,5
2022-02-26,Monterey,053,433212,77981,77610,12873,90483,692
2022-02-26,Napa,055,140530,25336,25221,950,26171,130
2022-02-26,Nevada,057,99092,15908,15850,1166,17016,121
2022-02-26,Orange,059,3164182,540969,539992,40510,580502,6540
2022-02-26,Placer,061,380077,62038,61803,7224,69027,573
2022-02-26,Plumas,063,18699,2694,2673,338,3011,13
2022-02-26,Riverside,065,2383286,586247,584835,27636,612471,6143
2022-02-26,Sacramento,067,1510023,273106,272339,26547,298886,2793
2022-02-26,San Benito,069,59416,12802,12770,508,13278,92
2022-02-26,San Bernardino,071,2135413,556863,555668,23707,579375,6505
2022-02-26,San Diego,073,3302833,739619,736049,48300,784349,5002
2022-02-26,San Francisco,075,870044,123263,123079,8634,131713,769
2022-02-26,San Joaquin,077,732212,164876,164418,8948,173366,2048
2022-02-26,San Luis Obispo,079,281455,51587,51358,3635,54993,438
2022-02-26,San Mateo,081,765935,118375,117860,6866,124726,603
2022-02-26,Santa Barbara,083,443738,85119,84830,4730,89560,652
2022-02-26,Santa Clara,085,1922200,307045,305895,12184,318079,2166
2022-02-26,Santa Cruz,087,273765,46477,46186,1871,48057,251
2022-02-26,Shasta,089,179085,30233,30108,6093,36201,485
2022-02-26,Sierra,091,2930,273,270,40,310,1
2022-02-26,Siskiyou,093,43540,4382,4359,2691,7050,72
2022-02-26,Solano,095,438530,80545,80225,5406,85631,428
2022-02-26,Sonoma,097,501317,82126,81702,1923,83625,432
2022-02-26,Stanislaus,099,539301,117298,116896,16364,133260,1503
2022-02-26,Sutter,101,95872,20284,20230,1828,22058,214
2022-02-26,Tehama,103,63373,11922,11878,2581,14459,158
2022-02-26,Trinity,105,12862,1160,1156,292,1448,20
2022-02-26,Tulare,107,460477,103400,102983,27798,130781,1295
2022-02-26,Tuolumne,109,53932,12281,12169,560,12729,175
2022-02-26,Ventura,111,848112,171689,171292,9142,180434,1411
2022-02-26,Yolo,113,214977,35780,35615,3059,38674,296
2022-02-26,Yuba,115,75493,15625,15587,1166,16753,113
2022-02-25,Alameda,001,1643700,251508,250867,13511,264378,1716
2022-02-25,Alpine,003,1148,125,125,1,126,0
2022-02-25,Amador,005,37829,8339,8282,648,8930,83
2022-02-25,Butte,007,227075,32599,32466,6531,38997,368
2022-02-25,Calaveras,009,45235,7219,7192,349,7541,110
2022-02-25,Colusa,011,21464,3424,3414,1064,4478,21
2022-02-25,Contra Costa,013,1133247,185421,184686,12757,197443,1209
2022-02-25,Del Norte,015,27424,5693,5639,179,5818,45
2022-02-25,El Dorado,017,186661,26404,26355,3139,29494,191
2022-02-25,Fresno,019,978130,226621,225679,21587,247266,2597
2022-02-25,Glenn,021,27897,4917,4909,1530,6439,40
2022-02-25,Humboldt,023,135768,16714,16619,2892,19511,133
2022-02-25,Imperial,025,180216,54545,54367,10869,65236,871
2022-02-25,Inyo,027,18085,4041,4034,461,4495,56
2022-02-25,Kern,029,883053,189548,188584,42630,231214,2106
2022-02-25,Kings,031,150075,50780,50579,3438,54017,423
2022-02-25,Lake,033,64148,10476,10383,862,11245,128
2022-02-25,Lassen,035,31185,8804,8761,889,9650,55
2022-02-25,Los Angeles,037,10098052,2669316,2660973,120440,2781413,30202
2022-02-25,Madera,039,155013,37044,36933,5923,42856,330
2022-02-25,Marin,041,260295,32732,32651,2177,34828,267
2022-02-25,Mariposa,043,17540,2355,2332,194,2526,6
2022-02-25,Mendocino,045,87422,12803,12762,2873,15635,111
2022-02-25,Merced,047,269075,61536,61348,8282,69630,775
2022-02-25,Modoc,049,8938,728,726,247,973,7
2022-02-25,Mono,051,14174,2959,2959,118,3077,5
2022-02-25,Monterey,053,433212,77964,77610,12873,90483,692
2022-02-25,Napa,055,140530,25324,25221,950,26171,130
2022-02-25,Nevada,057,99092,15900,15850,1166,17016,121
2022-02-25,Orange,059,3164182,540838,539992,40510,580502,6540
2022-02-25,Placer,061,380077,62028,61803,7224,69027,573
2022-02-25,Plumas,063,18699,2693,2673,338,3011,13
2022-02-25,Riverside,065,2383286,586130,584835,27636,612471,6143
2022-02-25,Sacramento,067,1510023,273024,272339,26547,298886,2793
2022-02-25,San Benito,069,59416,12800,12770,508,13278,92
2022-02-25,San Bernardino,071,2135413,556795,555668,23707,579375,6505
2022-02-25,San Diego,073,3302833,739527,736049,48300,784349,5002
2022-02-25,San Francisco,075,870044,123199,123079,8634,131713,769
2022-02-25,San Joaquin,077,732212,164849,164418,8948,173366,2048
2022-02-25,San Luis Obispo,079,281455,51582,51358,3635,54993,438
2022-02-25,San Mateo,081,765935,118333,117860,6866,124726,603
2022-02-25,Santa Barbara,083,443738,85099,84830,4730,89560,652
2022-02-25,Santa Clara,085,1922200,306895,305895,12184,318079,2166
2022-02-25,Santa Cruz,087,273765,46446,46186,1871,48057,251
2022-02-25,Shasta,089,179085,30225,30108,6093,36201,485
2022-02-25,Sierra,091,2930,273,270,40,310,1
2022-02-25,Siskiyou,093,43540,4382,4359,2691,7050,72
2022-02-25,Solano,095,438530,80518,80225,5406,85631,428
2022-02-25,Sonoma,097,501317,82096,81702,1923,83625,432
2022-02-25,Stanislaus,099,539301,117279,116896,16364,133260,1503
2022-02-25,Sutter,101,95872,20276,20230,1828,22058,214
2022-02-25,Tehama,103,63373,11919,11878,2581,14459,158
2022-02-25,Trinity,105,12862,1160,1156,292,1448,20
2022-02-25,Tulare,107,460477,103375,102983,27798,130781,1295
2022-02-25,Tuolumne,109,53932,12279,12169,560,12729,175
2022-02-25,Ventura,111,848112,171649,171292,9142,180434,1411
2022-02-25,Yolo,113,214977,35767,35615,3059,38674,296
2022-02-25,Yuba,115,75493,15619,15587,1166,16753,113
2022-02-24,Alameda,001,1643700,251288,250867,13511,264378,1716
2022-02-24,Alpine,003,1148,125,125,1,126,0
2022-02-24,Amador,005,37829,8334,8282,648,8930,83
2022-02-24,Butte,007,227075,32580,32466,6531,38997,368
2022-02-24,Calaveras,009,45235,7216,7192,349,7541,110
2022-02-24,Colusa,011,21464,3423,3414,1064,4478,21
2022-02-24,Contra Costa,013,1133247,185313,184686,12757,197443,1209
2022-02-24,Del Norte,015,27424,5681,5639,179,5818,45
2022-02-24,El Dorado,017,186661,26397,26355,3139,29494,191
2022-02-24,Fresno,019,978130,226429,225679,21587,247266,2597
2022-02-24,Glenn,021,27897,4916,4909,1530,6439,40
2022-02-24,Humboldt,023,135768,16701,16619,2892,19511,133
2022-02-24,Imperial,025,180216,54510,54367,10869,65236,871
2022-02-24,Inyo,027,18085,4040,4034,461,4495,56
2022-02-24,Kern,029,883053,189409,188584,42630,231214,2106
2022-02-24,Kings,031,150075,50749,50579,3438,54017,423
2022-02-24,Lake,033,64148,10454,10383,862,11245,128
2022-02-24,Lassen,035,31185,8800,8761,889,9650,55
2022-02-24,Los Angeles,037,10098052,2668312,2660973,120440,2781413,30202
2022-02-24,Madera,039,155013,37023,36933,5923,42856,330
2022-02-24,Marin,041,260295,32713,32651,2177,34828,267
2022-02-24,Mariposa,043,17540,2349,2332,194,2526,6
2022-02-24,Mendocino,045,87422,12798,12762,2873,15635,111
2022-02-24,Merced,047,269075,61509,61348,8282,69630,775
2022-02-24,Modoc,049,8938,727,726,247,973,7
2022-02-24,Mono,051,14174,2958,2959,118,3077,5
2022-02-24,Monterey,053,433212,77913,77610,12873,90483,692
2022-02-24,Napa,055,140530,25287,25221,950,26171,130
2022-02-24,Nevada,057,99092,15886,15850,1166,17016,121
2022-02-24,Orange,059,3164182,540594,539992,40510,580502,6540
2022-02-24,Placer,061,380077,61999,61803,7224,69027,573
2022-02-24,Plumas,063,18699,2688,2673,338,3011,13
2022-02-24,Riverside,065,2383286,585885,584835,27636,612471,6143
2022-02-24,Sacramento,067,1510023,272869,272339,26547,298886,2793
2022-02-24,San Benito,069,59416,12789,12770,508,13278,92
2022-02-24,San Bernardino,071,2135413,556659,555668,23707,579375,6505
2022-02-24,San Diego,073,3302833,739293,736049,48300,784349,5002
2022-02-24,San Francisco,075,870044,123095,123079,8634,131713,769
2022-02-24,San Joaquin,077,732212,164733,164418,8948,173366,2048
2022-02-24,San Luis Obispo,079,281455,51535,51358,3635,54993,438
2022-02-24,San Mateo,081,765935,118246,117860,6866,124726,603
2022-02-24,Santa Barbara,083,443738,85047,84830,4730,89560,652
2022-02-24,Santa Clara,085,1922200,306671,305895,12184,318079,2166
2022-02-24,Santa Cruz,087,273765,46365,46186,1871,48057,251
2022-02-24,Shasta,089,179085,30203,30108,6093,36201,485
2022-02-24,Sierra,091,2930,273,270,40,310,1
2022-02-24,Siskiyou,093,43540,4379,4359,2691,7050,72
2022-02-24,Solano,095,438530,80454,80225,5406,85631,428
2022-02-24,Sonoma,097,501317,82057,81702,1923,83625,432
2022-02-24,Stanislaus,099,539301,117216,116896,16364,133260,1503
2022-02-24,Sutter,101,95872,20261,20230,1828,22058,214
2022-02-24,Tehama,103,63373,11913,11878,2581,14459,158
2022-02-24,Trinity,105,12862,1158,1156,292,1448,20
2022-02-24,Tulare,107,460477,103326,102983,27798,130781,1295
2022-02-24,Tuolumne,109,53932,12268,12169,560,12729,175
2022-02-24,Ventura,111,848112,171582,171292,9142,180434,1411
2022-02-24,Yolo,113,214977,35741,35615,3059,38674,296
2022-02-24,Yuba,115,75493,15611,15587,1166,16753,113
2022-02-23,Alameda,001,1643700,251066,247686,13511,261197,1713
2022-02-23,Alpine,003,1148,125,125,1,126,0
2022-02-23,Amador,005,37829,8318,8274,648,8922,79
2022-02-23,Butte,007,227075,32552,32417,6531,38948,367
2022-02-23,Calaveras,009,45235,7206,7182,349,7531,107
2022-02-23,Colusa,011,21464,3420,3411,1064,4475,21
2022-02-23,Contra Costa,013,1133247,185178,184013,12757,196770,1209
2022-02-23,Del Norte,015,27424,5675,5625,179,5804,45
2022-02-23,El Dorado,017,186661,26384,26317,3139,29456,189
2022-02-23,Fresno,019,978130,226237,225308,21587,246895,2596
2022-02-23,Glenn,021,27897,4914,4909,1530,6439,40
2022-02-23,Humboldt,023,135768,16687,16601,2892,19493,132
2022-02-23,Imperial,025,180216,54480,54292,10869,65161,871
2022-02-23,Inyo,027,18085,4039,4031,461,4492,54
2022-02-23,Kern,029,883053,189301,188432,42630,231062,2106
2022-02-23,Kings,031,150075,50718,50416,3438,53854,423
2022-02-23,Lake,033,64148,10438,10368,862,11230,126
2022-02-23,Lassen,035,31185,8784,8749,889,9638,55
2022-02-23,Los Angeles,037,10098052,2667082,2659569,120440,2780009,30167
2022-02-23,Madera,039,155013,36995,36876,5923,42799,330
2022-02-23,Marin,041,260295,32694,32625,2177,34802,267
2022-02-23,Mariposa,043,17540,2344,2325,194,2519,6
2022-02-23,Mendocino,045,87422,12793,12747,2873,15620,111
2022-02-23,Merced,047,269075,61476,61295,8282,69577,772
2022-02-23,Modoc,049,8938,727,723,247,970,7
2022-02-23,Mono,051,14174,2957,2960,118,3078,5
2022-02-23,Monterey,053,433212,77875,77472,12873,90345,691
2022-02-23,Napa,055,140530,25263,25185,950,26135,128
2022-02-23,Nevada,057,99092,15881,15825,1166,16991,121
2022-02-23,Orange,059,3164182,540301,539631,40510,580141,6520
2022-02-23,Placer,061,380077,61960,61758,7224,68982,573
2022-02-23,Plumas,063,18699,2685,2663,338,3001,13
2022-02-23,Riverside,065,2383286,585607,584381,27636,612017,6119
2022-02-23,Sacramento,067,1510023,272713,272057,26547,298604,2796
2022-02-23,San Benito,069,59416,12782,12756,508,13264,92
2022-02-23,San Bernardino,071,2135413,556516,555238,23707,578945,6479
2022-02-23,San Diego,073,3302833,738883,735406,48300,783706,4988
2022-02-23,San Francisco,075,870044,122983,122127,8634,130761,769
2022-02-23,San Joaquin,077,732212,164655,164257,8948,173205,2042
2022-02-23,San Luis Obispo,079,281455,51487,51264,3635,54899,434
2022-02-23,San Mateo,081,765935,118167,117585,6866,124451,603
2022-02-23,Santa Barbara,083,443738,84990,84760,4730,89490,651
2022-02-23,Santa Clara,085,1922200,306442,305484,12184,317668,2157
2022-02-23,Santa Cruz,087,273765,46298,46059,1871,47930,251
2022-02-23,Shasta,089,179085,30175,30066,6093,36159,481
2022-02-23,Sierra,091,2930,273,270,40,310,1
2022-02-23,Siskiyou,093,43540,4375,4356,2691,7047,71
2022-02-23,Solano,095,438530,80369,80103,5406,85509,427
2022-02-23,Sonoma,097,501317,82013,81594,1923,83517,432
2022-02-23,Stanislaus,099,539301,117148,116789,16364,133153,1482
2022-02-23,Sutter,101,95872,20244,20194,1828,22022,213
2022-02-23,Tehama,103,63373,11905,11863,2581,14444,154
2022-02-23,Trinity,105,12862,1158,1156,292,1448,20
2022-02-23,Tulare,107,460477,103267,102812,27798,130610,1290
2022-02-23,Tuolumne,109,53932,12257,12158,560,12718,175
2022-02-23,Ventura,111,848112,171503,171163,9142,180305,1401
2022-02-23,Yolo,113,214977,35709,35590,3059,38649,296
2022-02-23,Yuba,115,75493,15605,15571,1166,16737,113
2022-02-22,Alameda,001,1643700,250846,247434,13511,260945,1706
2022-02-22,Alpine,003,1148,125,124,1,125,0
2022-02-22,Amador,005,37829,8308,8243,648,8891,79
2022-02-22,Butte,007,227075,32517,32359,6531,38890,366
2022-02-22,Calaveras,009,45235,7195,7178,349,7527,107
2022-02-22,Colusa,011,21464,3419,3402,1064,4466,21
2022-02-22,Contra Costa,013,1133247,185044,183812,12757,196569,1201
2022-02-22,Del Norte,015,27424,5669,5611,179,5790,45
2022-02-22,El Dorado,017,186661,26376,26289,3139,29428,189
2022-02-22,Fresno,019,978130,226006,225104,21587,246691,2592
2022-02-22,Glenn,021,27897,4913,4900,1530,6430,40
2022-02-22,Humboldt,023,135768,16669,16559,2892,19451,132
2022-02-22,Imperial,025,180216,54441,54227,10869,65096,864
2022-02-22,Inyo,027,18085,4038,4026,461,4487,54
2022-02-22,Kern,029,883053,189162,188237,42630,230867,2102
2022-02-22,Kings,031,150075,50651,50359,3438,53797,423
2022-02-22,Lake,033,64148,10428,10353,862,11215,126
2022-02-22,Lassen,035,31185,8780,8730,889,9619,55
2022-02-22,Los Angeles,037,10098052,2665672,2658230,120440,2778670,30129
2022-02-22,Madera,039,155013,36967,36833,5923,42756,330
2022-02-22,Marin,041,260295,32673,32591,2177,34768,267
2022-02-22,Mariposa,043,17540,2336,2322,194,2516,6
2022-02-22,Mendocino,045,87422,12782,12714,2873,15587,110
2022-02-22,Merced,047,269075,61424,61241,8282,69523,770
2022-02-22,Modoc,049,8938,724,720,247,967,6
2022-02-22,Mono,051,14174,2956,2961,118,3079,5
2022-02-22,Monterey,053,433212,77827,77359,12873,90232,690
2022-02-22,Napa,055,140530,25234,25151,950,26101,128
2022-02-22,Nevada,057,99092,15863,15815,1166,16981,121
2022-02-22,Orange,059,3164182,540023,539390,40510,579900,6502
2022-02-22,Placer,061,380077,61923,61709,7224,68933,572
2022-02-22,Plumas,063,18699,2679,2659,338,2997,13
2022-02-22,Riverside,065,2383286,585366,583969,27636,611605,6097
2022-02-22,Sacramento,067,1510023,272527,271789,26547,298336,2775
2022-02-22,San Benito,069,59416,12771,12742,508,13250,92
2022-02-22,San Bernardino,071,2135413,556321,554903,23707,578610,6451
2022-02-22,San Diego,073,3302833,738410,734536,48300,782836,4974
2022-02-22,San Francisco,075,870044,122865,121954,8634,130588,769
2022-02-22,San Joaquin,077,732212,164547,164111,8948,173059,2040
2022-02-22,San Luis Obispo,079,281455,51399,51193,3635,54828,431
2022-02-22,San Mateo,081,765935,118083,117418,6866,124284,603
2022-02-22,Santa Barbara,083,443738,84932,84701,4730,89431,650
2022-02-22,Santa Clara,085,1922200,306180,305045,12184,317229,2155
2022-02-22,Santa Cruz,087,273765,46234,45958,1871,47829,251
2022-02-22,Shasta,089,179085,30154,30024,6093,36117,479
2022-02-22,Sierra,091,2930,273,269,40,309,0
2022-02-22,Siskiyou,093,43540,4372,4350,2691,7041,70
2022-02-22,Solano,095,438530,80292,79968,5406,85374,425
2022-02-22,Sonoma,097,501317,81943,81412,1923,83335,431
2022-02-22,Stanislaus,099,539301,117074,116676,16364,133040,1475
2022-02-22,Sutter,101,95872,20228,20164,1828,21992,210
2022-02-22,Tehama,103,63373,11897,11852,2581,14433,152
2022-02-22,Trinity,105,12862,1158,1147,292,1439,20
2022-02-22,Tulare,107,460477,103152,102717,27798,130515,1287
2022-02-22,Tuolumne,109,53932,12237,12136,560,12696,175
2022-02-22,Ventura,111,848112,171426,171064,9142,180206,1401
2022-02-22,Yolo,113,214977,35674,35527,3059,38586,292
2022-02-22,Yuba,115,75493,15598,15550,1166,16716,110
2022-02-21,Alameda,001,1643700,250593,247434,13511,260945,1704
2022-02-21,Alpine,003,1148,125,124,1,125,0
2022-02-21,Amador,005,37829,8301,8246,648,8894,79
2022-02-21,Butte,007,227075,32471,32356,6531,38887,366
2022-02-21,Calaveras,009,45235,7187,7175,349,7524,107
2022-02-21,Colusa,011,21464,3417,3401,1064,4465,21
2022-02-21,Contra Costa,013,1133247,184816,183701,12757,196458,1201
2022-02-21,Del Norte,015,27424,5649,5601,179,5780,45
2022-02-21,El Dorado,017,186661,26349,26273,3138,29411,189
2022-02-21,Fresno,019,978130,225698,224923,21587,246510,2592
2022-02-21,Glenn,021,27897,4909,4897,1529,6426,40
2022-02-21,Humboldt,023,135768,16630,16548,2892,19440,132
2022-02-21,Imperial,025,180216,54386,54208,10869,65077,864
2022-02-21,Inyo,027,18085,4034,4023,461,4484,54
2022-02-21,Kern,029,883053,188978,188188,42628,230816,2102
2022-02-21,Kings,031,150075,50584,50188,3437,53625,422
2022-02-21,Lake,033,64148,10405,10334,862,11196,126
2022-02-21,Lassen,035,31185,8774,8705,889,9594,55
2022-02-21,Los Angeles,037,10098052,2664025,2656873,120436,2777309,30108
2022-02-21,Madera,039,155013,36923,36796,5923,42719,330
2022-02-21,Marin,041,260295,32652,32570,2175,34745,258
2022-02-21,Mariposa,043,17540,2333,2321,194,2515,6
2022-02-21,Mendocino,045,87422,12757,12706,2873,15579,110
2022-02-21,Merced,047,269075,61367,61209,8282,69491,770
2022-02-21,Modoc,049,8938,723,718,247,965,6
2022-02-21,Mono,051,14174,2956,2960,118,3078,5
2022-02-21,Monterey,053,433212,77730,77354,12872,90226,690
2022-02-21,Napa,055,140530,25194,25126,949,26075,128
2022-02-21,Nevada,057,99092,15852,15810,1166,16976,121
2022-02-21,Orange,059,3164182,539675,539068,40510,579578,6502
2022-02-21,Placer,061,380077,61872,61727,7224,68951,572
2022-02-21,Plumas,063,18699,2675,2657,338,2995,13
2022-02-21,Riverside,065,2383286,585013,583712,27615,611327,6097
2022-02-21,Sacramento,067,1510023,272260,271588,26547,298135,2769
2022-02-21,San Benito,069,59416,12758,12731,508,13239,92
2022-02-21,San Bernardino,071,2135413,556092,554662,23707,578369,6441
2022-02-21,San Diego,073,3302833,737827,732298,48300,780598,4974
2022-02-21,San Francisco,075,870044,122695,121865,8634,130499,769
2022-02-21,San Joaquin,077,732212,164412,164036,8948,172984,2040
2022-02-21,San Luis Obispo,079,281455,51305,51184,3635,54819,429
2022-02-21,San Mateo,081,765935,118001,117259,6866,124125,605
2022-02-21,Santa Barbara,083,443738,84860,84626,4730,89356,650
2022-02-21,Santa Clara,085,1922200,305853,304858,12184,317042,2158
2022-02-21,Santa Cruz,087,273765,46108,45941,1871,47812,251
2022-02-21,Shasta,089,179085,30109,30004,6093,36097,479
2022-02-21,Sierra,091,2930,273,269,40,309,0
2022-02-21,Siskiyou,093,43540,4363,4337,2691,7028,70
2022-02-21,Solano,095,438530,80195,79906,5406,85312,425
2022-02-21,Sonoma,097,501317,81837,81361,1923,83284,431
2022-02-21,Stanislaus,099,539301,116970,116597,16295,132892,1475
2022-02-21,Sutter,101,95872,20203,20152,1828,21980,210
2022-02-21,Tehama,103,63373,11882,11842,2580,14422,152
2022-02-21,Trinity,105,12862,1157,1147,292,1439,20
2022-02-21,Tulare,107,460477,103048,102614,27783,130397,1287
2022-02-21,Tuolumne,109,53932,12229,12126,560,12686,175
2022-02-21,Ventura,111,848112,171294,170939,9142,180081,1401
2022-02-21,Yolo,113,214977,35633,35518,3059,38577,292
2022-02-21,Yuba,115,75493,15578,15546,1157,16703,110
2022-02-20,Alameda,001,1643700,250390,246028,13502,259530,1700
2022-02-20,Alpine,003,1148,125,124,1,125,0
2022-02-20,Amador,005,37829,8289,8203,648,8851,79
2022-02-20,Butte,007,227075,32443,32173,6524,38697,364
2022-02-20,Calaveras,009,45235,7186,7136,348,7484,107
2022-02-20,Colusa,011,21464,3414,3389,1063,4452,21
2022-02-20,Contra Costa,013,1133247,184697,182797,12756,195553,1190
2022-02-20,Del Norte,015,27424,5633,5511,178,5689,45
2022-02-20,El Dorado,017,186661,26331,26101,3137,29238,189
2022-02-20,Fresno,019,978130,225510,223594,21580,245174,2544
2022-02-20,Glenn,021,27897,4908,4881,1529,6410,39
2022-02-20,Humboldt,023,135768,16619,16393,2889,19282,132
2022-02-20,Imperial,025,180216,54335,53967,10863,64830,862
2022-02-20,Inyo,027,18085,4033,4018,460,4478,52
2022-02-20,Kern,029,883053,188848,187158,42622,229780,2095
2022-02-20,Kings,031,150075,50554,49724,3436,53160,421
2022-02-20,Lake,033,64148,10379,10184,862,11046,126
2022-02-20,Lassen,035,31185,8763,8640,889,9529,55
2022-02-20,Los Angeles,037,10098052,2662907,2642878,120434,2763312,29842
2022-02-20,Madera,039,155013,36894,36526,5920,42446,330
2022-02-20,Marin,041,260295,32636,32441,2174,34615,258
2022-02-20,Mariposa,043,17540,2327,2310,193,2503,6
2022-02-20,Mendocino,045,87422,12748,12625,2869,15494,110
2022-02-20,Merced,047,269075,61341,60886,8282,69168,769
2022-02-20,Modoc,049,8938,722,714,247,961,6
2022-02-20,Mono,051,14174,2956,2956,118,3074,5
2022-02-20,Monterey,053,433212,77674,76765,12865,89630,682
2022-02-20,Napa,055,140530,25176,24970,949,25919,127
2022-02-20,Nevada,057,99092,15829,15715,1164,16879,121
2022-02-20,Orange,059,3164182,539360,538019,40492,578511,6416
2022-02-20,Placer,061,380077,61835,61417,7223,68640,560
2022-02-20,Plumas,063,18699,2672,2646,338,2984,13
2022-02-20,Riverside,065,2383286,584728,581788,27597,609385,6087
2022-02-20,Sacramento,067,1510023,272080,270080,26535,296615,2747
2022-02-20,San Benito,069,59416,12755,12665,508,13173,92
2022-02-20,San Bernardino,071,2135413,555902,553151,23701,576852,6400
2022-02-20,San Diego,073,3302833,737291,729549,48290,777839,4947
2022-02-20,San Francisco,075,870044,122554,121197,8624,129821,756
2022-02-20,San Joaquin,077,732212,164298,163083,8945,172028,2033
2022-02-20,San Luis Obispo,079,281455,51275,50823,3634,54457,424
2022-02-20,San Mateo,081,765935,117933,116648,6862,123510,598
2022-02-20,Santa Barbara,083,443738,84815,83988,4730,88718,642
2022-02-20,Santa Clara,085,1922200,305582,303077,12178,315255,2138
2022-02-20,Santa Cruz,087,273765,46042,45532,1868,47400,250
2022-02-20,Shasta,089,179085,30078,29847,6090,35937,479
2022-02-20,Sierra,091,2930,273,269,40,309,0
2022-02-20,Siskiyou,093,43540,4357,4307,2691,6998,70
2022-02-20,Solano,095,438530,80120,78914,5402,84316,424
2022-02-20,Sonoma,097,501317,81763,80843,1923,82766,431
2022-02-20,Stanislaus,099,539301,116903,115976,16284,132260,1454
2022-02-20,Sutter,101,95872,20190,20060,1827,21887,210
2022-02-20,Tehama,103,63373,11869,11760,2580,14340,152
2022-02-20,Trinity,105,12862,1156,1130,292,1422,20
2022-02-20,Tulare,107,460477,102960,101996,27752,129748,1286
2022-02-20,Tuolumne,109,53932,12208,12036,559,12595,175
2022-02-20,Ventura,111,848112,171200,170331,9142,179473,1384
2022-02-20,Yolo,113,214977,35607,35363,3056,38419,293
2022-02-20,Yuba,115,75493,15563,15449,1157,16606,112
2022-02-19,Alameda,001,1643700,250240,246028,13498,259526,1700
2022-02-19,Alpine,003,1148,125,124,1,125,0
2022-02-19,Amador,005,37829,8285,8203,648,8851,79
2022-02-19,Butte,007,227075,32420,32173,6520,38693,364
2022-02-19,Calaveras,009,45235,7186,7136,348,7484,107
2022-02-19,Colusa,011,21464,3413,3389,1063,4452,21
2022-02-19,Contra Costa,013,1133247,184599,182797,12755,195552,1190
2022-02-19,Del Norte,015,27424,5623,5511,177,5688,45
2022-02-19,El Dorado,017,186661,26316,26101,3137,29238,189
2022-02-19,Fresno,019,978130,225394,223594,21578,245172,2544
2022-02-19,Glenn,021,27897,4905,4881,1529,6410,39
2022-02-19,Humboldt,023,135768,16603,16393,2889,19282,132
2022-02-19,Imperial,025,180216,54316,53967,10860,64827,862
2022-02-19,Inyo,027,18085,4032,4018,460,4478,52
2022-02-19,Kern,029,883053,188752,187158,42617,229775,2095
2022-02-19,Kings,031,150075,50533,49724,3434,53158,421
2022-02-19,Lake,033,64148,10372,10184,862,11046,126
2022-02-19,Lassen,035,31185,8751,8640,889,9529,55
2022-02-19,Los Angeles,037,10098052,2662250,2642878,120407,2763285,29842
2022-02-19,Madera,039,155013,36870,36526,5919,42445,330
2022-02-19,Marin,041,260295,32614,32441,2173,34614,258
2022-02-19,Mariposa,043,17540,2324,2310,193,2503,6
2022-02-19,Mendocino,045,87422,12740,12625,2869,15494,110
2022-02-19,Merced,047,269075,61297,60886,8280,69166,769
2022-02-19,Modoc,049,8938,722,714,246,960,6
2022-02-19,Mono,051,14174,2955,2956,118,3074,5
2022-02-19,Monterey,053,433212,77590,76765,12864,89629,682
2022-02-19,Napa,055,140530,25165,24970,949,25919,127
2022-02-19,Nevada,057,99092,15821,15715,1164,16879,121
2022-02-19,Orange,059,3164182,539168,538019,40464,578483,6416
2022-02-19,Placer,061,380077,61789,61417,7223,68640,560
2022-02-19,Plumas,063,18699,2672,2646,338,2984,13
2022-02-19,Riverside,065,2383286,584539,581788,27583,609371,6087
2022-02-19,Sacramento,067,1510023,271941,270080,26530,296610,2747
2022-02-19,San Benito,069,59416,12741,12665,507,13172,92
2022-02-19,San Bernardino,071,2135413,555762,553151,23695,576846,6400
2022-02-19,San Diego,073,3302833,736966,729549,48262,777811,4947
2022-02-19,San Francisco,075,870044,122469,121197,8619,129816,756
2022-02-19,San Joaquin,077,732212,164225,163083,8942,172025,2033
2022-02-19,San Luis Obispo,079,281455,51262,50823,3634,54457,424
2022-02-19,San Mateo,081,765935,117890,116648,6862,123510,598
2022-02-19,Santa Barbara,083,443738,84741,83988,4730,88718,642
2022-02-19,Santa Clara,085,1922200,305389,303077,12173,315250,2138
2022-02-19,Santa Cruz,087,273765,46007,45532,1868,47400,250
2022-02-19,Shasta,089,179085,30066,29847,6088,35935,479
2022-02-19,Sierra,091,2930,273,269,40,309,0
2022-02-19,Siskiyou,093,43540,4354,4307,2691,6998,70
2022-02-19,Solano,095,438530,80079,78914,5401,84315,424
2022-02-19,Sonoma,097,501317,81720,80843,1923,82766,431
2022-02-19,Stanislaus,099,539301,116833,115976,16281,132257,1454
2022-02-19,Sutter,101,95872,20182,20060,1827,21887,210
2022-02-19,Tehama,103,63373,11863,11760,2580,14340,152
2022-02-19,Trinity,105,12862,1154,1130,292,1422,20
2022-02-19,Tulare,107,460477,102910,101996,27745,129741,1286
2022-02-19,Tuolumne,109,53932,12200,12036,559,12595,175
2022-02-19,Ventura,111,848112,171122,170331,9138,179469,1384
2022-02-19,Yolo,113,214977,35578,35363,3056,38419,293
2022-02-19,Yuba,115,75493,15554,15449,1157,16606,112
2022-02-18,Alameda,001,1643700,250077,246028,13493,259521,1700
2022-02-18,Alpine,003,1148,124,124,1,125,0
2022-02-18,Amador,005,37829,8278,8203,648,8851,79
2022-02-18,Butte,007,227075,32401,32173,6518,38691,364
2022-02-18,Calaveras,009,45235,7180,7136,347,7483,107
2022-02-18,Colusa,011,21464,3411,3389,1063,4452,21
2022-02-18,Contra Costa,013,1133247,184499,182797,12751,195548,1190
2022-02-18,Del Norte,015,27424,5608,5511,177,5688,45
2022-02-18,El Dorado,017,186661,26305,26101,3137,29238,189
2022-02-18,Fresno,019,978130,225207,223594,21575,245169,2544
2022-02-18,Glenn,021,27897,4903,4881,1528,6409,39
2022-02-18,Humboldt,023,135768,16587,16393,2887,19280,132
2022-02-18,Imperial,025,180216,54292,53967,10851,64818,862
2022-02-18,Inyo,027,18085,4031,4018,460,4478,52
2022-02-18,Kern,029,883053,188639,187158,42607,229765,2095
2022-02-18,Kings,031,150075,50445,49724,3434,53158,421
2022-02-18,Lake,033,64148,10355,10184,862,11046,126
2022-02-18,Lassen,035,31185,8731,8640,889,9529,55
2022-02-18,Los Angeles,037,10098052,2661373,2642878,120381,2763259,29842
2022-02-18,Madera,039,155013,36846,36526,5918,42444,330
2022-02-18,Marin,041,260295,32590,32441,2171,34612,258
2022-02-18,Mariposa,043,17540,2322,2310,193,2503,6
2022-02-18,Mendocino,045,87422,12731,12625,2869,15494,110
2022-02-18,Merced,047,269075,61253,60886,8270,69156,769
2022-02-18,Modoc,049,8938,722,714,246,960,6
2022-02-18,Mono,051,14174,2955,2956,118,3074,5
2022-02-18,Monterey,053,433212,77521,76765,12863,89628,682
2022-02-18,Napa,055,140530,25147,24970,949,25919,127
2022-02-18,Nevada,057,99092,15813,15715,1164,16879,121
2022-02-18,Orange,059,3164182,538931,538019,40421,578440,6416
2022-02-18,Placer,061,380077,61760,61417,7220,68637,560
2022-02-18,Plumas,063,18699,2669,2646,338,2984,13
2022-02-18,Riverside,065,2383286,584337,581788,27580,609368,6087
2022-02-18,Sacramento,067,1510023,271752,270080,26521,296601,2747
2022-02-18,San Benito,069,59416,12733,12665,507,13172,92
2022-02-18,San Bernardino,071,2135413,555588,553151,23688,576839,6400
2022-02-18,San Diego,073,3302833,736562,729549,48248,777797,4947
2022-02-18,San Francisco,075,870044,122382,121197,8613,129810,756
2022-02-18,San Joaquin,077,732212,164159,163083,8937,172020,2033
2022-02-18,San Luis Obispo,079,281455,51247,50823,3633,54456,424
2022-02-18,San Mateo,081,765935,117829,116648,6859,123507,598
2022-02-18,Santa Barbara,083,443738,84701,83988,4730,88718,642
2022-02-18,Santa Clara,085,1922200,305153,303077,12172,315249,2138
2022-02-18,Santa Cruz,087,273765,45974,45532,1868,47400,250
2022-02-18,Shasta,089,179085,30054,29847,6088,35935,479
2022-02-18,Sierra,091,2930,273,269,40,309,0
2022-02-18,Siskiyou,093,43540,4351,4307,2691,6998,70
2022-02-18,Solano,095,438530,80007,78914,5398,84312,424
2022-02-18,Sonoma,097,501317,81665,80843,1923,82766,431
2022-02-18,Stanislaus,099,539301,116787,115976,16275,132251,1454
2022-02-18,Sutter,101,95872,20171,20060,1826,21886,210
2022-02-18,Tehama,103,63373,11852,11760,2580,14340,152
2022-02-18,Trinity,105,12862,1153,1130,292,1422,20
2022-02-18,Tulare,107,460477,102860,101996,27710,129706,1286
2022-02-18,Tuolumne,109,53932,12193,12036,559,12595,175
2022-02-18,Ventura,111,848112,171033,170331,9136,179467,1384
2022-02-18,Yolo,113,214977,35550,35363,3054,38417,293
2022-02-18,Yuba,115,75493,15540,15449,1157,16606,112
2022-02-17,Alameda,001,1643700,249803,246028,13464,259492,1700
2022-02-17,Alpine,003,1148,124,124,1,125,0
2022-02-17,Amador,005,37829,8274,8203,645,8848,79
2022-02-17,Butte,007,227075,32364,32173,6513,38686,364
2022-02-17,Calaveras,009,45235,7170,7136,344,7480,107
2022-02-17,Colusa,011,21464,3409,3389,1062,4451,21
2022-02-17,Contra Costa,013,1133247,184307,182797,12722,195519,1190
2022-02-17,Del Norte,015,27424,5585,5511,177,5688,45
2022-02-17,El Dorado,017,186661,26279,26101,3132,29233,189
2022-02-17,Fresno,019,978130,224918,223594,21551,245145,2544
2022-02-17,Glenn,021,27897,4901,4881,1525,6406,39
2022-02-17,Humboldt,023,135768,16541,16393,2883,19276,132
2022-02-17,Imperial,025,180216,54226,53967,10829,64796,862
2022-02-17,Inyo,027,18085,4030,4018,460,4478,52
2022-02-17,Kern,029,883053,188486,187158,42592,229750,2095
2022-02-17,Kings,031,150075,50379,49724,3427,53151,421
2022-02-17,Lake,033,64148,10331,10184,858,11042,126
2022-02-17,Lassen,035,31185,8716,8640,887,9527,55
2022-02-17,Los Angeles,037,10098052,2659688,2642878,120344,2763222,29842
2022-02-17,Madera,039,155013,36802,36526,5913,42439,330
2022-02-17,Marin,041,260295,32558,32441,2168,34609,258
2022-02-17,Mariposa,043,17540,2319,2310,192,2502,6
2022-02-17,Mendocino,045,87422,12714,12625,2865,15490,110
2022-02-17,Merced,047,269075,61177,60886,8262,69148,769
2022-02-17,Modoc,049,8938,721,714,246,960,6
2022-02-17,Mono,051,14174,2953,2956,118,3074,5
2022-02-17,Monterey,053,433212,77411,76765,12833,89598,682
2022-02-17,Napa,055,140530,25115,24970,947,25917,127
2022-02-17,Nevada,057,99092,15794,15715,1163,16878,121
2022-02-17,Orange,059,3164182,538594,538019,40397,578416,6416
2022-02-17,Placer,061,380077,61718,61417,7215,68632,560
2022-02-17,Plumas,063,18699,2666,2646,338,2984,13
2022-02-17,Riverside,065,2383286,583948,581788,27552,609340,6087
2022-02-17,Sacramento,067,1510023,271458,270080,26463,296543,2747
2022-02-17,San Benito,069,59416,12723,12665,507,13172,92
2022-02-17,San Bernardino,071,2135413,555292,553151,23679,576830,6400
2022-02-17,San Diego,073,3302833,735986,729549,48225,777774,4947
2022-02-17,San Francisco,075,870044,122246,121197,8601,129798,756
2022-02-17,San Joaquin,077,732212,164002,163083,8927,172010,2033
2022-02-17,San Luis Obispo,079,281455,51140,50823,3627,54450,424
2022-02-17,San Mateo,081,765935,117737,116648,6852,123500,598
2022-02-17,Santa Barbara,083,443738,84592,83988,4722,88710,642
2022-02-17,Santa Clara,085,1922200,304792,303077,12159,315236,2138
2022-02-17,Santa Cruz,087,273765,45897,45532,1868,47400,250
2022-02-17,Shasta,089,179085,30025,29847,6086,35933,479
2022-02-17,Sierra,091,2930,273,269,40,309,0
2022-02-17,Siskiyou,093,43540,4342,4307,2685,6992,70
2022-02-17,Solano,095,438530,79923,78914,5391,84305,424
2022-02-17,Sonoma,097,501317,81597,80843,1918,82761,431
2022-02-17,Stanislaus,099,539301,116685,115976,16242,132218,1454
2022-02-17,Sutter,101,95872,20156,20060,1819,21879,210
2022-02-17,Tehama,103,63373,11841,11760,2578,14338,152
2022-02-17,Trinity,105,12862,1151,1130,290,1420,20
2022-02-17,Tulare,107,460477,102737,101996,27675,129671,1286
2022-02-17,Tuolumne,109,53932,12182,12036,558,12594,175
2022-02-17,Ventura,111,848112,170894,170331,9135,179466,1384
2022-02-17,Yolo,113,214977,35512,35363,3054,38417,293
2022-02-17,Yuba,115,75493,15526,15449,1157,16606,112
2022-02-16,Alameda,001,1643700,249485,245662,13423,259085,1691
2022-02-16,Alpine,003,1148,124,124,1,125,0
2022-02-16,Amador,005,37829,8255,8197,643,8840,77
2022-02-16,Butte,007,227075,32320,32095,6500,38595,363
2022-02-16,Calaveras,009,45235,7164,7129,341,7470,107
2022-02-16,Colusa,011,21464,3404,3384,1062,4446,21
2022-02-16,Contra Costa,013,1133247,184072,182423,12683,195106,1179
2022-02-16,Del Norte,015,27424,5558,5473,174,5647,45
2022-02-16,El Dorado,017,186661,26246,26061,3127,29188,189
2022-02-16,Fresno,019,978130,224557,223056,21515,244571,2542
2022-02-16,Glenn,021,27897,4896,4873,1519,6392,39
2022-02-16,Humboldt,023,135768,16515,16342,2869,19211,132
2022-02-16,Imperial,025,180216,54156,53901,10790,64691,861
2022-02-16,Inyo,027,18085,4025,4013,458,4471,52
2022-02-16,Kern,029,883053,188266,186740,42557,229297,2084
2022-02-16,Kings,031,150075,50324,49575,3416,52991,420
2022-02-16,Lake,033,64148,10303,10145,858,11003,125
2022-02-16,Lassen,035,31185,8680,8618,887,9505,55
2022-02-16,Los Angeles,037,10098052,2657655,2640005,120278,2760283,29749
2022-02-16,Madera,039,155013,36736,36382,5897,42279,330
2022-02-16,Marin,041,260295,32522,32381,2164,34545,257
2022-02-16,Mariposa,043,17540,2317,2305,192,2497,6
2022-02-16,Mendocino,045,87422,12692,12605,2855,15460,108
2022-02-16,Merced,047,269075,61106,60776,8248,69024,767
2022-02-16,Modoc,049,8938,721,711,242,953,6
2022-02-16,Mono,051,14174,2951,2953,118,3071,5
2022-02-16,Monterey,053,433212,77264,76624,12789,89413,682
2022-02-16,Napa,055,140530,25074,24897,944,25841,128
2022-02-16,Nevada,057,99092,15775,15677,1160,16837,121
2022-02-16,Orange,059,3164182,538200,537934,40355,578289,6392
2022-02-16,Placer,061,380077,61662,61278,7202,68480,556
2022-02-16,Plumas,063,18699,2662,2644,337,2981,13
2022-02-16,Riverside,065,2383286,583537,580828,27500,608328,6064
2022-02-16,Sacramento,067,1510023,271127,269416,26403,295819,2736
2022-02-16,San Benito,069,59416,12697,12644,507,13151,92
2022-02-16,San Bernardino,071,2135413,555010,552353,23653,576006,6379
2022-02-16,San Diego,073,3302833,735243,728610,48162,776772,4931
2022-02-16,San Francisco,075,870044,122065,120987,8594,129581,756
2022-02-16,San Joaquin,077,732212,163828,162752,8919,171671,2032
2022-02-16,San Luis Obispo,079,281455,51071,50704,3610,54314,425
2022-02-16,San Mateo,081,765935,117619,116438,6834,123272,595
2022-02-16,Santa Barbara,083,443738,84515,83968,4709,88677,642
2022-02-16,Santa Clara,085,1922200,304413,302439,12120,314559,2130
2022-02-16,Santa Cruz,087,273765,45806,45274,1865,47139,250
2022-02-16,Shasta,089,179085,29982,29767,6074,35841,477
2022-02-16,Sierra,091,2930,272,269,40,309,0
2022-02-16,Siskiyou,093,43540,4335,4302,2679,6981,71
2022-02-16,Solano,095,438530,79801,78742,5383,84125,422
2022-02-16,Sonoma,097,501317,81467,80642,1910,82552,431
2022-02-16,Stanislaus,099,539301,116573,115751,16209,131960,1443
2022-02-16,Sutter,101,95872,20136,20020,1817,21837,210
2022-02-16,Tehama,103,63373,11821,11738,2576,14314,152
2022-02-16,Trinity,105,12862,1151,1130,289,1419,20
2022-02-16,Tulare,107,460477,102606,101817,27604,129421,1281
2022-02-16,Tuolumne,109,53932,12170,11991,558,12549,171
2022-02-16,Ventura,111,848112,170758,170117,9125,179242,1372
2022-02-16,Yolo,113,214977,35458,35284,3053,38337,292
2022-02-16,Yuba,115,75493,15502,15405,1154,16559,110
2022-02-15,Alameda,001,1643700,249119,245265,13397,258662,1683
2022-02-15,Alpine,003,1148,124,124,1,125,0
2022-02-15,Amador,005,37829,8243,8183,642,8825,77
2022-02-15,Butte,007,227075,32266,32011,6489,38500,361
2022-02-15,Calaveras,009,45235,7155,7115,340,7455,106
2022-02-15,Colusa,011,21464,3396,3374,1061,4435,21
2022-02-15,Contra Costa,013,1133247,183795,182041,12648,194689,1179
2022-02-15,Del Norte,015,27424,5535,5439,172,5611,45
2022-02-15,El Dorado,017,186661,26216,25988,3122,29110,189
2022-02-15,Fresno,019,978130,224172,222673,21461,244134,2543
2022-02-15,Glenn,021,27897,4888,4862,1518,6380,39
2022-02-15,Humboldt,023,135768,16471,16297,2853,19150,132
2022-02-15,Imperial,025,180216,54090,53813,10763,64576,860
2022-02-15,Inyo,027,18085,4024,4009,456,4465,52
2022-02-15,Kern,029,883053,188043,186324,42524,228848,2072
2022-02-15,Kings,031,150075,50225,49473,3407,52880,418
2022-02-15,Lake,033,64148,10267,10112,851,10963,123
2022-02-15,Lassen,035,31185,8664,8587,884,9471,55
2022-02-15,Los Angeles,037,10098052,2655479,2638266,120187,2758453,29691
2022-02-15,Madera,039,155013,36670,36260,5870,42130,330
2022-02-15,Marin,041,260295,32478,32355,2162,34517,255
2022-02-15,Mariposa,043,17540,2316,2302,192,2494,6
2022-02-15,Mendocino,045,87422,12675,12580,2834,15414,108
2022-02-15,Merced,047,269075,61022,60674,8208,68882,763
2022-02-15,Modoc,049,8938,719,710,240,950,6
2022-02-15,Mono,051,14174,2950,2952,118,3070,5
2022-02-15,Monterey,053,433212,77130,75530,12733,88263,682
2022-02-15,Napa,055,140530,25023,24832,935,25767,127
2022-02-15,Nevada,057,99092,15744,15643,1159,16802,121
2022-02-15,Orange,059,3164182,537741,537478,40312,577790,6374
2022-02-15,Placer,061,380077,61585,61170,7188,68358,554
2022-02-15,Plumas,063,18699,2657,2638,337,2975,13
2022-02-15,Riverside,065,2383286,583005,579940,27439,607379,6049
2022-02-15,Sacramento,067,1510023,270730,268950,26308,295258,2721
2022-02-15,San Benito,069,59416,12678,12616,507,13123,91
2022-02-15,San Bernardino,071,2135413,554632,551803,23629,575432,6372
2022-02-15,San Diego,073,3302833,734270,727486,48080,775566,4914
2022-02-15,San Francisco,075,870044,121877,120759,8581,129340,756
2022-02-15,San Joaquin,077,732212,163612,162518,8905,171423,2021
2022-02-15,San Luis Obispo,079,281455,50970,50534,3594,54128,419
2022-02-15,San Mateo,081,765935,117484,116253,6812,123065,595
2022-02-15,Santa Barbara,083,443738,84374,83734,4696,88430,640
2022-02-15,Santa Clara,085,1922200,303908,301831,12081,313912,2130
2022-02-15,Santa Cruz,087,273765,45700,45171,1861,47032,250
2022-02-15,Shasta,089,179085,29938,29684,6060,35744,477
2022-02-15,Sierra,091,2930,272,269,40,309,0
2022-02-15,Siskiyou,093,43540,4328,4288,2673,6961,70
2022-02-15,Solano,095,438530,79661,78626,5376,84002,426
2022-02-15,Sonoma,097,501317,81334,80433,1905,82338,431
2022-02-15,Stanislaus,099,539301,116426,115549,16152,131701,1429
2022-02-15,Sutter,101,95872,20108,19980,1814,21794,208
2022-02-15,Tehama,103,63373,11803,11717,2575,14292,151
2022-02-15,Trinity,105,12862,1146,1125,285,1410,20
2022-02-15,Tulare,107,460477,102434,101645,27539,129184,1278
2022-02-15,Tuolumne,109,53932,12148,11945,555,12500,171
2022-02-15,Ventura,111,848112,170583,169942,9116,179058,1372
2022-02-15,Yolo,113,214977,35404,35241,3045,38286,289
2022-02-15,Yuba,115,75493,15468,15372,1149,16521,109
2022-02-14,Alameda,001,1643700,248667,244315,13360,257675,1677
2022-02-14,Alpine,003,1148,124,125,1,126,0
2022-02-14,Amador,005,37829,8228,8164,636,8800,77
2022-02-14,Butte,007,227075,32205,31946,6475,38421,360
2022-02-14,Calaveras,009,45235,7143,7097,338,7435,106
2022-02-14,Colusa,011,21464,3391,3367,1057,4424,21
2022-02-14,Contra Costa,013,1133247,183502,181753,12603,194356,1167
2022-02-14,Del Norte,015,27424,5502,5426,169,5595,45
2022-02-14,El Dorado,017,186661,26181,25915,3117,29032,188
2022-02-14,Fresno,019,978130,223689,222360,21380,243740,2538
2022-02-14,Glenn,021,27897,4883,4854,1517,6371,39
2022-02-14,Humboldt,023,135768,16424,16264,2831,19095,132
2022-02-14,Imperial,025,180216,54011,53765,10718,64483,860
2022-02-14,Inyo,027,18085,4023,4010,455,4465,52
2022-02-14,Kern,029,883053,187700,186037,42449,228486,2063
2022-02-14,Kings,031,150075,50114,49395,3397,52792,419
2022-02-14,Lake,033,64148,10233,10090,848,10938,123
2022-02-14,Lassen,035,31185,8651,8539,882,9421,55
2022-02-14,Los Angeles,037,10098052,2652993,2636064,120068,2756132,29650
2022-02-14,Madera,039,155013,36600,36194,5846,42040,330
2022-02-14,Marin,041,260295,32430,32304,2159,34463,255
2022-02-14,Mariposa,043,17540,2310,2295,192,2487,6
2022-02-14,Mendocino,045,87422,12646,12541,2802,15343,108
2022-02-14,Merced,047,269075,60927,60591,8144,68735,758
2022-02-14,Modoc,049,8938,714,707,240,947,6
2022-02-14,Mono,051,14174,2948,2954,118,3072,5
2022-02-14,Monterey,053,433212,76939,75407,12636,88043,678
2022-02-14,Napa,055,140530,24964,24776,935,25711,127
2022-02-14,Nevada,057,99092,15719,15629,1158,16787,121
2022-02-14,Orange,059,3164182,537245,536924,40248,577172,6355
2022-02-14,Placer,061,380077,61493,61123,7171,68294,554
2022-02-14,Plumas,063,18699,2656,2631,335,2966,13
2022-02-14,Riverside,065,2383286,582418,579174,27368,606542,5994
2022-02-14,Sacramento,067,1510023,270268,268547,26189,294736,2717
2022-02-14,San Benito,069,59416,12654,12598,505,13103,91
2022-02-14,San Bernardino,071,2135413,554201,551338,23603,574941,6372
2022-02-14,San Diego,073,3302833,733311,723902,48005,771907,4894
2022-02-14,San Francisco,075,870044,121667,120581,8560,129141,756
2022-02-14,San Joaquin,077,732212,163371,162363,8891,171254,2018
2022-02-14,San Luis Obispo,079,281455,50845,50465,3582,54047,416
2022-02-14,San Mateo,081,765935,117310,116129,6802,122931,592
2022-02-14,Santa Barbara,083,443738,84218,83697,4685,88382,636
2022-02-14,Santa Clara,085,1922200,303371,301319,12055,313374,2127
2022-02-14,Santa Cruz,087,273765,45532,45042,1857,46899,250
2022-02-14,Shasta,089,179085,29855,29595,6038,35633,474
2022-02-14,Sierra,091,2930,272,269,40,309,0
2022-02-14,Siskiyou,093,43540,4317,4278,2661,6939,69
2022-02-14,Solano,095,438530,79473,78533,5366,83899,427
2022-02-14,Sonoma,097,501317,81172,80336,1898,82234,431
2022-02-14,Stanislaus,099,539301,116248,115426,16096,131522,1406
2022-02-14,Sutter,101,95872,20076,19957,1808,21765,209
2022-02-14,Tehama,103,63373,11779,11686,2572,14258,151
2022-02-14,Trinity,105,12862,1140,1123,283,1406,20
2022-02-14,Tulare,107,460477,102226,101448,27431,128879,1276
2022-02-14,Tuolumne,109,53932,12118,11920,552,12472,170
2022-02-14,Ventura,111,848112,170404,169725,9101,178826,1361
2022-02-14,Yolo,113,214977,35339,35112,3035,38147,286
2022-02-14,Yuba,115,75493,15435,15375,1145,16520,108
2022-02-13,Alameda,001,1643700,248130,243681,13317,256998,1677
2022-02-13,Alpine,003,1148,124,125,1,126,0
2022-02-13,Amador,005,37829,8197,8146,631,8777,77
2022-02-13,Butte,007,227075,32127,31865,6448,38313,360
2022-02-13,Calaveras,009,45235,7135,7083,335,7418,106
2022-02-13,Colusa,011,21464,3387,3366,1055,4421,21
2022-02-13,Contra Costa,013,1133247,183131,181313,12537,193850,1159
2022-02-13,Del Norte,015,27424,5463,5379,165,5544,45
2022-02-13,El Dorado,017,186661,26138,25871,3112,28983,188
2022-02-13,Fresno,019,978130,223150,221686,21327,243013,2537
2022-02-13,Glenn,021,27897,4874,4847,1515,6362,39
2022-02-13,Humboldt,023,135768,16378,16210,2805,19015,132
2022-02-13,Imperial,025,180216,53927,53658,10655,64313,860
2022-02-13,Inyo,027,18085,4017,4006,451,4457,52
2022-02-13,Kern,029,883053,187453,185640,42416,228056,2063
2022-02-13,Kings,031,150075,49978,49243,3384,52627,416
2022-02-13,Lake,033,64148,10168,10042,838,10880,123
2022-02-13,Lassen,035,31185,8625,8503,879,9382,55
2022-02-13,Los Angeles,037,10098052,2649895,2631267,119954,2751221,29595
2022-02-13,Madera,039,155013,36479,36054,5817,41871,330
2022-02-13,Marin,041,260295,32356,32222,2153,34375,255
2022-02-13,Mariposa,043,17540,2304,2292,190,2482,6
2022-02-13,Mendocino,045,87422,12616,12521,2760,15281,108
2022-02-13,Merced,047,269075,60781,60460,8089,68549,758
2022-02-13,Modoc,049,8938,712,704,233,937,6
2022-02-13,Mono,051,14174,2945,2949,117,3066,5
2022-02-13,Monterey,053,433212,76732,75295,12574,87869,678
2022-02-13,Napa,055,140530,24884,24743,932,25675,127
2022-02-13,Nevada,057,99092,15682,15590,1151,16741,121
2022-02-13,Orange,059,3164182,536603,536134,40180,576314,6355
2022-02-13,Placer,061,380077,61411,61020,7152,68172,554
2022-02-13,Plumas,063,18699,2649,2626,332,2958,13
2022-02-13,Riverside,065,2383286,581803,578363,27321,605684,5995
2022-02-13,Sacramento,067,1510023,269727,267947,26045,293992,2699
2022-02-13,San Benito,069,59416,12620,12578,504,13082,91
2022-02-13,San Bernardino,071,2135413,553675,550632,23570,574202,6367
2022-02-13,San Diego,073,3302833,732161,723902,47914,771816,4894
2022-02-13,San Francisco,075,870044,121391,120295,8548,128843,756
2022-02-13,San Joaquin,077,732212,163067,162028,8870,170898,2018
2022-02-13,San Luis Obispo,079,281455,50701,50384,3575,53959,415
2022-02-13,San Mateo,081,765935,117096,115876,6779,122655,592
2022-02-13,Santa Barbara,083,443738,84052,83547,4675,88222,635
2022-02-13,Santa Clara,085,1922200,302709,300412,12016,312428,2114
2022-02-13,Santa Cruz,087,273765,45371,44887,1855,46742,240
2022-02-13,Shasta,089,179085,29776,29531,6009,35540,474
2022-02-13,Sierra,091,2930,272,269,40,309,0
2022-02-13,Siskiyou,093,43540,4310,4264,2643,6907,69
2022-02-13,Solano,095,438530,79318,78424,5342,83766,426
2022-02-13,Sonoma,097,501317,80994,80172,1891,82063,431
2022-02-13,Stanislaus,099,539301,116039,115156,16066,131222,1406
2022-02-13,Sutter,101,95872,20035,19900,1808,21708,209
2022-02-13,Tehama,103,63373,11747,11644,2566,14210,151
2022-02-13,Trinity,105,12862,1136,1120,280,1400,20
2022-02-13,Tulare,107,460477,101969,101135,27321,128456,1276
2022-02-13,Tuolumne,109,53932,12091,11891,548,12439,170
2022-02-13,Ventura,111,848112,170205,169422,9080,178502,1361
2022-02-13,Yolo,113,214977,35268,35057,3020,38077,286
2022-02-13,Yuba,115,75493,15399,15346,1143,16489,107
2022-02-12,Alameda,001,1643700,247931,242137,13309,255446,1668
2022-02-12,Alpine,003,1148,124,124,1,125,0
2022-02-12,Amador,005,37829,8191,8091,631,8722,76
2022-02-12,Butte,007,227075,32098,31601,6442,38043,360
2022-02-12,Calaveras,009,45235,7132,7022,334,7356,106
2022-02-12,Colusa,011,21464,3382,3345,1055,4400,21
2022-02-12,Contra Costa,013,1133247,182942,180270,12533,192803,1141
2022-02-12,Del Norte,015,27424,5449,5262,165,5427,45
2022-02-12,El Dorado,017,186661,26127,25692,3111,28803,188
2022-02-12,Fresno,019,978130,222937,219909,21319,241228,2509
2022-02-12,Glenn,021,27897,4873,4818,1514,6332,39
2022-02-12,Humboldt,023,135768,16354,16058,2801,18859,132
2022-02-12,Imperial,025,180216,53878,53304,10646,63950,860
2022-02-12,Inyo,027,18085,4015,3991,451,4442,52
2022-02-12,Kern,029,883053,187346,184639,42408,227047,2037
2022-02-12,Kings,031,150075,49940,48893,3384,52277,415
2022-02-12,Lake,033,64148,10147,9926,834,10760,123
2022-02-12,Lassen,035,31185,8600,8477,879,9356,55
2022-02-12,Los Angeles,037,10098052,2648775,2616426,119889,2736315,29364
2022-02-12,Madera,039,155013,36448,35710,5811,41521,330
2022-02-12,Marin,041,260295,32331,32048,2150,34198,255
2022-02-12,Mariposa,043,17540,2304,2286,190,2476,6
2022-02-12,Mendocino,045,87422,12600,12439,2760,15199,107
2022-02-12,Merced,047,269075,60733,60187,8087,68274,758
2022-02-12,Modoc,049,8938,712,697,233,930,6
2022-02-12,Mono,051,14174,2945,2939,117,3056,5
2022-02-12,Monterey,053,433212,76676,74842,12563,87405,672
2022-02-12,Napa,055,140530,24856,24530,932,25462,124
2022-02-12,Nevada,057,99092,15672,15499,1149,16648,119
2022-02-12,Orange,059,3164182,536317,534503,40140,574643,6305
2022-02-12,Placer,061,380077,61359,60636,7150,67786,554
2022-02-12,Plumas,063,18699,2648,2617,331,2948,13
2022-02-12,Riverside,065,2383286,581461,575566,27292,602858,5961
2022-02-12,Sacramento,067,1510023,269477,266347,26032,292379,2686
2022-02-12,San Benito,069,59416,12608,12526,504,13030,91
2022-02-12,San Bernardino,071,2135413,553448,548822,23561,572383,6360
2022-02-12,San Diego,073,3302833,731671,720287,47877,768164,4854
2022-02-12,San Francisco,075,870044,121277,119113,8534,127647,740
2022-02-12,San Joaquin,077,732212,162941,161234,8865,170099,2014
2022-02-12,San Luis Obispo,079,281455,50667,50064,3571,53635,416
2022-02-12,San Mateo,081,765935,117000,115235,6770,122005,589
2022-02-12,Santa Barbara,083,443738,83957,83390,4665,88055,631
2022-02-12,Santa Clara,085,1922200,302359,298176,12009,310185,2093
2022-02-12,Santa Cruz,087,273765,45337,44447,1853,46300,239
2022-02-12,Shasta,089,179085,29750,29370,6005,35375,473
2022-02-12,Sierra,091,2930,272,268,39,307,0
2022-02-12,Siskiyou,093,43540,4304,4231,2643,6874,68
2022-02-12,Solano,095,438530,79277,77865,5339,83204,424
2022-02-12,Sonoma,097,501317,80900,79533,1889,81422,431
2022-02-12,Stanislaus,099,539301,115924,114531,16061,130592,1406
2022-02-12,Sutter,101,95872,20020,19800,1808,21608,211
2022-02-12,Tehama,103,63373,11736,11580,2565,14145,151
2022-02-12,Trinity,105,12862,1135,1115,280,1395,20
2022-02-12,Tulare,107,460477,101879,100434,27288,127722,1273
2022-02-12,Tuolumne,109,53932,12073,11754,548,12302,125
2022-02-12,Ventura,111,848112,170095,168736,9075,177811,1340
2022-02-12,Yolo,113,214977,35230,34773,3015,37788,286
2022-02-12,Yuba,115,75493,15385,15242,1143,16385,107
2022-02-11,Alameda,001,1643700,247632,242137,13298,255435,1668
2022-02-11,Alpine,003,1148,124,124,1,125,0
2022-02-11,Amador,005,37829,8179,8091,631,8722,76
2022-02-11,Butte,007,227075,32053,31601,6431,38032,360
2022-02-11,Calaveras,009,45235,7127,7022,334,7356,106
2022-02-11,Colusa,011,21464,3380,3345,1054,4399,21
2022-02-11,Contra Costa,013,1133247,182741,180270,12517,192787,1141
2022-02-11,Del Norte,015,27424,5438,5262,165,5427,45
2022-02-11,El Dorado,017,186661,26102,25692,3109,28801,188
2022-02-11,Fresno,019,978130,222635,219909,21307,241216,2509
2022-02-11,Glenn,021,27897,4869,4818,1514,6332,39
2022-02-11,Humboldt,023,135768,16325,16058,2795,18853,132
2022-02-11,Imperial,025,180216,53845,53304,10643,63947,860
2022-02-11,Inyo,027,18085,4013,3991,450,4441,52
2022-02-11,Kern,029,883053,187189,184639,42397,227036,2037
2022-02-11,Kings,031,150075,49905,48893,3384,52277,415
2022-02-11,Lake,033,64148,10122,9926,832,10758,123
2022-02-11,Lassen,035,31185,8561,8477,879,9356,55
2022-02-11,Los Angeles,037,10098052,2647155,2616426,119811,2736237,29364
2022-02-11,Madera,039,155013,36405,35710,5806,41516,330
2022-02-11,Marin,041,260295,32294,32048,2148,34196,255
2022-02-11,Mariposa,043,17540,2299,2286,190,2476,6
2022-02-11,Mendocino,045,87422,12585,12439,2760,15199,107
2022-02-11,Merced,047,269075,60683,60187,8086,68273,758
2022-02-11,Modoc,049,8938,710,697,233,930,6
2022-02-11,Mono,051,14174,2944,2939,117,3056,5
2022-02-11,Monterey,053,433212,76561,74842,12557,87399,672
2022-02-11,Napa,055,140530,24826,24530,932,25462,124
2022-02-11,Nevada,057,99092,15658,15499,1147,16646,119
2022-02-11,Orange,059,3164182,535955,534503,40079,574582,6305
2022-02-11,Placer,061,380077,61313,60636,7149,67785,554
2022-02-11,Plumas,063,18699,2644,2617,329,2946,13
2022-02-11,Riverside,065,2383286,581041,575566,27275,602841,5961
2022-02-11,Sacramento,067,1510023,269220,266347,26022,292369,2686
2022-02-11,San Benito,069,59416,12603,12526,504,13030,91
2022-02-11,San Bernardino,071,2135413,553130,548822,23549,572371,6360
2022-02-11,San Diego,073,3302833,730965,720287,47837,768124,4854
2022-02-11,San Francisco,075,870044,121163,119113,8518,127631,740
2022-02-11,San Joaquin,077,732212,162772,161234,8857,170091,2014
2022-02-11,San Luis Obispo,079,281455,50627,50064,3568,53632,416
2022-02-11,San Mateo,081,765935,116879,115235,6762,121997,589
2022-02-11,Santa Barbara,083,443738,83871,83390,4665,88055,631
2022-02-11,Santa Clara,085,1922200,301920,298176,11989,310165,2093
2022-02-11,Santa Cruz,087,273765,45241,44447,1853,46300,239
2022-02-11,Shasta,089,179085,29718,29370,5995,35365,473
2022-02-11,Sierra,091,2930,271,268,39,307,0
2022-02-11,Siskiyou,093,43540,4293,4231,2638,6869,68
2022-02-11,Solano,095,438530,79150,77865,5333,83198,424
2022-02-11,Sonoma,097,501317,80819,79533,1888,81421,431
2022-02-11,Stanislaus,099,539301,115827,114531,16053,130584,1406
2022-02-11,Sutter,101,95872,19996,19800,1806,21606,211
2022-02-11,Tehama,103,63373,11722,11580,2565,14145,151
2022-02-11,Trinity,105,12862,1134,1115,280,1395,20
2022-02-11,Tulare,107,460477,101766,100434,27229,127663,1273
2022-02-11,Tuolumne,109,53932,12056,11754,547,12301,125
2022-02-11,Ventura,111,848112,169954,168736,9070,177806,1340
2022-02-11,Yolo,113,214977,35197,34773,3012,37785,286
2022-02-11,Yuba,115,75493,15368,15242,1142,16384,107
2022-02-10,Alameda,001,1643700,247071,242137,13259,255396,1668
2022-02-10,Alpine,003,1148,124,124,1,125,0
2022-02-10,Amador,005,37829,8169,8091,625,8716,76
2022-02-10,Butte,007,227075,32000,31601,6420,38021,360
2022-02-10,Calaveras,009,45235,7112,7022,332,7354,106
2022-02-10,Colusa,011,21464,3374,3345,1052,4397,21
2022-02-10,Contra Costa,013,1133247,182385,180270,12455,192725,1141
2022-02-10,Del Norte,015,27424,5404,5262,163,5425,45
2022-02-10,El Dorado,017,186661,26061,25692,3100,28792,188
2022-02-10,Fresno,019,978130,222047,219909,21242,241151,2509
2022-02-10,Glenn,021,27897,4863,4818,1512,6330,39
2022-02-10,Humboldt,023,135768,16274,16058,2772,18830,132
2022-02-10,Imperial,025,180216,53764,53304,10598,63902,860
2022-02-10,Inyo,027,18085,4012,3991,450,4441,52
2022-02-10,Kern,029,883053,186886,184639,42340,226979,2037
2022-02-10,Kings,031,150075,49796,48893,3373,52266,415
2022-02-10,Lake,033,64148,10091,9926,830,10756,123
2022-02-10,Lassen,035,31185,8548,8477,878,9355,55
2022-02-10,Los Angeles,037,10098052,2643203,2616426,119664,2736090,29364
2022-02-10,Madera,039,155013,36303,35710,5775,41485,330
2022-02-10,Marin,041,260295,32231,32048,2134,34182,255
2022-02-10,Mariposa,043,17540,2295,2286,188,2474,6
2022-02-10,Mendocino,045,87422,12565,12439,2736,15175,107
2022-02-10,Merced,047,269075,60558,60187,8032,68219,758
2022-02-10,Modoc,049,8938,709,697,232,929,6
2022-02-10,Mono,051,14174,2942,2939,117,3056,5
2022-02-10,Monterey,053,433212,76382,74842,12479,87321,672
2022-02-10,Napa,055,140530,24758,24530,930,25460,124
2022-02-10,Nevada,057,99092,15631,15499,1146,16645,119
2022-02-10,Orange,059,3164182,535276,534503,40013,574516,6305
2022-02-10,Placer,061,380077,61225,60636,7138,67774,554
2022-02-10,Plumas,063,18699,2641,2617,322,2939,13
2022-02-10,Riverside,065,2383286,580306,575566,27218,602784,5961
2022-02-10,Sacramento,067,1510023,268698,266347,25921,292268,2686
2022-02-10,San Benito,069,59416,12582,12526,502,13028,91
2022-02-10,San Bernardino,071,2135413,552561,548822,23518,572340,6360
2022-02-10,San Diego,073,3302833,729831,720287,47732,768019,4854
2022-02-10,San Francisco,075,870044,120947,119113,8499,127612,740
2022-02-10,San Joaquin,077,732212,162450,161234,8850,170084,2014
2022-02-10,San Luis Obispo,079,281455,50528,50064,3557,53621,416
2022-02-10,San Mateo,081,765935,116650,115235,6745,121980,589
2022-02-10,Santa Barbara,083,443738,83694,83390,4658,88048,631
2022-02-10,Santa Clara,085,1922200,301237,298176,11929,310105,2093
2022-02-10,Santa Cruz,087,273765,45098,44447,1852,46299,239
2022-02-10,Shasta,089,179085,29656,29370,5975,35345,473
2022-02-10,Sierra,091,2930,271,268,39,307,0
2022-02-10,Siskiyou,093,43540,4287,4231,2625,6856,68
2022-02-10,Solano,095,438530,78953,77865,5315,83180,424
2022-02-10,Sonoma,097,501317,80684,79533,1875,81408,431
2022-02-10,Stanislaus,099,539301,115648,114531,16016,130547,1406
2022-02-10,Sutter,101,95872,19957,19800,1791,21591,211
2022-02-10,Tehama,103,63373,11690,11580,2563,14143,151
2022-02-10,Trinity,105,12862,1132,1115,279,1394,20
2022-02-10,Tulare,107,460477,101545,100434,27150,127584,1273
2022-02-10,Tuolumne,109,53932,12035,11754,542,12296,125
2022-02-10,Ventura,111,848112,169672,168736,9056,177792,1340
2022-02-10,Yolo,113,214977,35121,34773,3006,37779,286
2022-02-10,Yuba,115,75493,15340,15242,1135,16377,107
2022-02-09,Alameda,001,1643700,246534,241141,13197,254338,1668
2022-02-09,Alpine,003,1148,123,124,1,125,0
2022-02-09,Amador,005,37829,8156,8069,621,8690,76
2022-02-09,Butte,007,227075,31908,31433,6404,37837,359
2022-02-09,Calaveras,009,45235,7093,7005,328,7333,106
2022-02-09,Colusa,011,21464,3371,3331,1051,4382,21
2022-02-09,Contra Costa,013,1133247,182039,179695,12408,192103,1132
2022-02-09,Del Norte,015,27424,5354,5204,160,5364,45
2022-02-09,El Dorado,017,186661,26020,25572,3091,28663,186
2022-02-09,Fresno,019,978130,221449,218989,21172,240161,2502
2022-02-09,Glenn,021,27897,4852,4804,1511,6315,39
2022-02-09,Humboldt,023,135768,16224,15929,2746,18675,131
2022-02-09,Imperial,025,180216,53661,53102,10515,63617,858
2022-02-09,Inyo,027,18085,4007,3989,449,4438,52
2022-02-09,Kern,029,883053,186519,184068,42283,226351,2021
2022-02-09,Kings,031,150075,49683,48718,3367,52085,410
2022-02-09,Lake,033,64148,10051,9880,825,10705,124
2022-02-09,Lassen,035,31185,8519,8459,878,9337,55
2022-02-09,Los Angeles,037,10098052,2639569,2611611,119523,2731134,29263
2022-02-09,Madera,039,155013,36199,35559,5744,41303,330
2022-02-09,Marin,041,260295,32178,31965,2127,34092,255
2022-02-09,Mariposa,043,17540,2292,2279,188,2467,6
2022-02-09,Mendocino,045,87422,12532,12378,2707,15085,107
2022-02-09,Merced,047,269075,60431,59952,7975,67927,755
2022-02-09,Modoc,049,8938,705,691,231,922,6
2022-02-09,Mono,051,14174,2940,2937,117,3054,5
2022-02-09,Monterey,053,433212,76195,74500,12391,86891,670
2022-02-09,Napa,055,140530,24712,24429,924,25353,123
2022-02-09,Nevada,057,99092,15610,15446,1144,16590,119
2022-02-09,Orange,059,3164182,534627,534316,39933,574249,6263
2022-02-09,Placer,061,380077,61127,60490,7118,67608,553
2022-02-09,Plumas,063,18699,2636,2609,318,2927,13
2022-02-09,Riverside,065,2383286,579545,573907,27169,601076,5911
2022-02-09,Sacramento,067,1510023,268125,265624,25791,291415,2673
2022-02-09,San Benito,069,59416,12559,12492,502,12994,91
2022-02-09,San Bernardino,071,2135413,551952,547768,23491,571259,6349
2022-02-09,San Diego,073,3302833,728473,717896,47639,765535,4832
2022-02-09,San Francisco,075,870044,120689,118550,8486,127036,731
2022-02-09,San Joaquin,077,732212,162141,160618,8838,169456,2014
2022-02-09,San Luis Obispo,079,281455,50385,49833,3552,53385,414
2022-02-09,San Mateo,081,765935,116464,114890,6704,121594,589
2022-02-09,Santa Barbara,083,443738,83518,82830,4651,87481,629
2022-02-09,Santa Clara,085,1922200,300517,297157,11871,309028,2090
2022-02-09,Santa Cruz,087,273765,44917,44200,1845,46045,239
2022-02-09,Shasta,089,179085,29586,29215,5951,35166,471
2022-02-09,Sierra,091,2930,270,268,39,307,0
2022-02-09,Siskiyou,093,43540,4271,4217,2616,6833,68
2022-02-09,Solano,095,438530,78758,77299,5303,82602,423
2022-02-09,Sonoma,097,501317,80508,79165,1871,81036,431
2022-02-09,Stanislaus,099,539301,115403,114039,15906,129945,1406
2022-02-09,Sutter,101,95872,19915,19758,1778,21536,207
2022-02-09,Tehama,103,63373,11663,11542,2559,14101,149
2022-02-09,Trinity,105,12862,1130,1110,277,1387,20
2022-02-09,Tulare,107,460477,101326,100049,27050,127099,1271
2022-02-09,Tuolumne,109,53932,11997,11702,539,12241,95
2022-02-09,Ventura,111,848112,169441,168253,9044,177297,1325
2022-02-09,Yolo,113,214977,35048,34588,2994,37582,285
2022-02-09,Yuba,115,75493,15311,15187,1123,16310,105
2022-02-08,Alameda,001,1643700,245894,240587,13126,253713,1651
2022-02-08,Alpine,003,1148,123,124,1,125,0
2022-02-08,Amador,005,37829,8148,8050,614,8664,76
2022-02-08,Butte,007,227075,31822,31353,6379,37732,359
2022-02-08,Calaveras,009,45235,7070,6981,326,7307,101
2022-02-08,Colusa,011,21464,3361,3320,1051,4371,21
2022-02-08,Contra Costa,013,1133247,181602,179078,12331,191409,1132
2022-02-08,Del Norte,015,27424,5312,5156,157,5313,44
2022-02-08,El Dorado,017,186661,25968,25446,3084,28530,186
2022-02-08,Fresno,019,978130,220725,218416,21073,239489,2502
2022-02-08,Glenn,021,27897,4836,4784,1507,6291,39
2022-02-08,Humboldt,023,135768,16166,15865,2714,18579,130
2022-02-08,Imperial,025,180216,53538,52977,10463,63440,855
2022-02-08,Inyo,027,18085,4001,3983,448,4431,52
2022-02-08,Kern,029,883053,186190,183519,42188,225707,2010
2022-02-08,Kings,031,150075,49534,48479,3356,51835,411
2022-02-08,Lake,033,64148,10012,9806,818,10624,125
2022-02-08,Lassen,035,31185,8511,8423,871,9294,55
2022-02-08,Los Angeles,037,10098052,2635306,2611204,119360,2730564,29259
2022-02-08,Madera,039,155013,36091,35381,5685,41066,330
2022-02-08,Marin,041,260295,32091,31878,2120,33998,255
2022-02-08,Mariposa,043,17540,2290,2266,180,2446,6
2022-02-08,Mendocino,045,87422,12496,12336,2677,15013,107
2022-02-08,Merced,047,269075,60316,59789,7915,67704,751
2022-02-08,Modoc,049,8938,702,684,231,915,6
2022-02-08,Mono,051,14174,2939,2932,116,3048,5
2022-02-08,Monterey,053,433212,75993,74316,12292,86608,670
2022-02-08,Napa,055,140530,24637,24346,917,25263,121
2022-02-08,Nevada,057,99092,15579,15383,1140,16523,117
2022-02-08,Orange,059,3164182,533922,533507,39854,573361,6205
2022-02-08,Placer,061,380077,61006,60301,7104,67405,553
2022-02-08,Plumas,063,18699,2630,2596,314,2910,13
2022-02-08,Riverside,065,2383286,578689,571892,27090,598982,5908
2022-02-08,Sacramento,067,1510023,267482,264479,25621,290100,2664
2022-02-08,San Benito,069,59416,12534,12434,500,12934,91
2022-02-08,San Bernardino,071,2135413,551275,544658,23452,568110,6335
2022-02-08,San Diego,073,3302833,726882,717896,47515,765411,4832
2022-02-08,San Francisco,075,870044,120334,117942,8475,126417,731
2022-02-08,San Joaquin,077,732212,161769,160147,8820,168967,2005
2022-02-08,San Luis Obispo,079,281455,50216,49556,3521,53077,410
2022-02-08,San Mateo,081,765935,116247,114541,6673,121214,589
2022-02-08,Santa Barbara,083,443738,83334,82461,4623,87084,627
2022-02-08,Santa Clara,085,1922200,299661,295679,11821,307500,2091
2022-02-08,Santa Cruz,087,273765,44762,43884,1840,45724,239
2022-02-08,Shasta,089,179085,29501,29084,5920,35004,470
2022-02-08,Sierra,091,2930,270,267,39,306,0
2022-02-08,Siskiyou,093,43540,4260,4191,2603,6794,68
2022-02-08,Solano,095,438530,78530,77031,5290,82321,421
2022-02-08,Sonoma,097,501317,80276,78798,1852,80650,431
2022-02-08,Stanislaus,099,539301,115163,113733,15849,129582,1406
2022-02-08,Sutter,101,95872,19878,19717,1765,21482,203
2022-02-08,Tehama,103,63373,11636,11491,2549,14040,149
2022-02-08,Trinity,105,12862,1128,1110,277,1387,20
2022-02-08,Tulare,107,460477,101035,99694,26905,126599,1267
2022-02-08,Tuolumne,109,53932,11973,11665,537,12202,92
2022-02-08,Ventura,111,848112,169208,167830,9028,176858,1325
2022-02-08,Yolo,113,214977,34963,34462,2984,37446,281
2022-02-08,Yuba,115,75493,15266,15126,1101,16227,107
2022-02-07,Alameda,001,1643700,245183,238678,13063,251741,1643
2022-02-07,Alpine,003,1148,123,124,1,125,0
2022-02-07,Amador,005,37829,8119,7980,607,8587,75
2022-02-07,Butte,007,227075,31736,31184,6352,37536,355
2022-02-07,Calaveras,009,45235,7048,6910,325,7235,100
2022-02-07,Colusa,011,21464,3350,3283,1045,4328,21
2022-02-07,Contra Costa,013,1133247,181151,177767,12258,190025,1130
2022-02-07,Del Norte,015,27424,5261,5093,153,5246,44
2022-02-07,El Dorado,017,186661,25910,25257,3076,28333,185
2022-02-07,Fresno,019,978130,219893,216495,20955,237450,2493
2022-02-07,Glenn,021,27897,4830,4762,1503,6265,39
2022-02-07,Humboldt,023,135768,16090,15764,2689,18453,129
2022-02-07,Imperial,025,180216,53412,52689,10389,63078,853
2022-02-07,Inyo,027,18085,3994,3976,441,4417,51
2022-02-07,Kern,029,883053,185736,182047,42074,224121,1998
2022-02-07,Kings,031,150075,49351,48147,3341,51488,403
2022-02-07,Lake,033,64148,9965,9519,809,10328,125
2022-02-07,Lassen,035,31185,8488,8362,865,9227,55
2022-02-07,Los Angeles,037,10098052,2630917,2607438,119173,2726611,29210
2022-02-07,Madera,039,155013,35964,35083,5633,40716,330
2022-02-07,Marin,041,260295,32012,31670,2109,33779,255
2022-02-07,Mariposa,043,17540,2285,2253,176,2429,6
2022-02-07,Mendocino,045,87422,12436,12237,2639,14876,107
2022-02-07,Merced,047,269075,60188,59472,7824,67296,748
2022-02-07,Modoc,049,8938,698,679,231,910,6
2022-02-07,Mono,051,14174,2936,2917,116,3033,5
2022-02-07,Monterey,053,433212,75742,69433,12184,81617,670
2022-02-07,Napa,055,140530,24553,23237,909,24146,120
2022-02-07,Nevada,057,99092,15537,15268,1134,16402,113
2022-02-07,Orange,059,3164182,533146,531442,39762,571204,6179
2022-02-07,Placer,061,380077,60885,59894,7085,66979,546
2022-02-07,Plumas,063,18699,2621,2573,308,2881,13
2022-02-07,Riverside,065,2383286,577735,568874,27004,595878,5868
2022-02-07,Sacramento,067,1510023,266801,262834,25438,288272,2631
2022-02-07,San Benito,069,59416,12499,12285,498,12783,90
2022-02-07,San Bernardino,071,2135413,550490,542846,23415,566261,6335
2022-02-07,San Diego,073,3302833,725161,716244,47344,763588,4811
2022-02-07,San Francisco,075,870044,119936,113945,8441,122386,727
2022-02-07,San Joaquin,077,732212,161380,159358,8803,168161,1998
2022-02-07,San Luis Obispo,079,281455,50052,48994,3501,52495,406
2022-02-07,San Mateo,081,765935,115968,107060,6643,113703,589
2022-02-07,Santa Barbara,083,443738,83141,81608,4609,86217,624
2022-02-07,Santa Clara,085,1922200,298701,293360,11773,305133,2085
2022-02-07,Santa Cruz,087,273765,44547,43244,1837,45081,239
2022-02-07,Shasta,089,179085,29416,28900,5892,34792,468
2022-02-07,Sierra,091,2930,270,265,39,304,0
2022-02-07,Siskiyou,093,43540,4248,4157,2588,6745,68
2022-02-07,Solano,095,438530,78258,73934,5263,79197,420
2022-02-07,Sonoma,097,501317,80018,78296,1842,80138,431
2022-02-07,Stanislaus,099,539301,114907,113029,15765,128794,1406
2022-02-07,Sutter,101,95872,19846,19599,1737,21336,203
2022-02-07,Tehama,103,63373,11600,11418,2541,13959,146
2022-02-07,Trinity,105,12862,1126,1109,274,1383,20
2022-02-07,Tulare,107,460477,100695,98774,26757,125531,1263
2022-02-07,Tuolumne,109,53932,11925,11578,533,12111,92
2022-02-07,Ventura,111,848112,168895,166904,9015,175919,1324
2022-02-07,Yolo,113,214977,34852,34007,2970,36977,281
2022-02-07,Yuba,115,75493,15220,14998,1094,16092,105
2022-02-06,Alameda,001,1643700,244255,237188,12973,250161,1643
2022-02-06,Alpine,003,1148,123,123,1,124,0
2022-02-06,Amador,005,37829,8091,7922,594,8516,73
2022-02-06,Butte,007,227075,31610,31021,6307,37328,355
2022-02-06,Calaveras,009,45235,7018,6870,320,7190,99
2022-02-06,Colusa,011,21464,3342,3282,1044,4326,21
2022-02-06,Contra Costa,013,1133247,180502,176863,12100,188963,1128
2022-02-06,Del Norte,015,27424,5198,5038,149,5187,44
2022-02-06,El Dorado,017,186661,25840,25165,3063,28228,185
2022-02-06,Fresno,019,978130,219070,214726,20713,235439,2489
2022-02-06,Glenn,021,27897,4817,4738,1492,6230,39
2022-02-06,Humboldt,023,135768,16000,15658,2650,18308,128
2022-02-06,Imperial,025,180216,53228,52396,10333,62729,853
2022-02-06,Inyo,027,18085,3991,3970,439,4409,51
2022-02-06,Kern,029,883053,185199,181188,41878,223066,1996
2022-02-06,Kings,031,150075,49125,47669,3315,50984,401
2022-02-06,Lake,033,64148,9897,9468,791,10259,125
2022-02-06,Lassen,035,31185,8464,8326,860,9186,55
2022-02-06,Los Angeles,037,10098052,2625468,2602620,118953,2721573,29180
2022-02-06,Madera,039,155013,35775,34901,5531,40432,330
2022-02-06,Marin,041,260295,31912,31488,2094,33582,255
2022-02-06,Mariposa,043,17540,2277,2244,165,2409,6
2022-02-06,Mendocino,045,87422,12391,12169,2572,14741,107
2022-02-06,Merced,047,269075,59972,59112,7658,66770,748
2022-02-06,Modoc,049,8938,693,675,230,905,6
2022-02-06,Mono,051,14174,2930,2901,114,3015,5
2022-02-06,Monterey,053,433212,75377,67912,12005,79917,670
2022-02-06,Napa,055,140530,24435,23230,899,24129,120
2022-02-06,Nevada,057,99092,15463,15192,1122,16314,113
2022-02-06,Orange,059,3164182,532174,527906,39647,567553,6171
2022-02-06,Placer,061,380077,60689,59507,7054,66561,544
2022-02-06,Plumas,063,18699,2614,2559,300,2859,13
2022-02-06,Riverside,065,2383286,576557,568276,26917,595193,5865
2022-02-06,Sacramento,067,1510023,265938,261353,25160,286513,2631
2022-02-06,San Benito,069,59416,12444,12186,490,12676,90
2022-02-06,San Bernardino,071,2135413,549548,541103,23347,564450,6334
2022-02-06,San Diego,073,3302833,723083,709938,47109,757047,4786
2022-02-06,San Francisco,075,870044,119554,113115,8410,121525,728
2022-02-06,San Joaquin,077,732212,160819,158510,8775,167285,1997
2022-02-06,San Luis Obispo,079,281455,49829,48843,3444,52287,405
2022-02-06,San Mateo,081,765935,115630,105556,6605,112161,587
2022-02-06,Santa Barbara,083,443738,82827,81118,4570,85688,623
2022-02-06,Santa Clara,085,1922200,297577,291732,11653,303385,2075
2022-02-06,Santa Cruz,087,273765,44229,42952,1825,44777,239
2022-02-06,Shasta,089,179085,29287,28762,5842,34604,468
2022-02-06,Sierra,091,2930,270,265,39,304,0
2022-02-06,Siskiyou,093,43540,4226,4118,2560,6678,68
2022-02-06,Solano,095,438530,77959,73475,5225,78700,419
2022-02-06,Sonoma,097,501317,79674,77887,1828,79715,431
2022-02-06,Stanislaus,099,539301,114524,112521,15652,128173,1406
2022-02-06,Sutter,101,95872,19802,19523,1692,21215,203
2022-02-06,Tehama,103,63373,11559,11366,2514,13880,146
2022-02-06,Trinity,105,12862,1125,1102,273,1375,20
2022-02-06,Tulare,107,460477,100255,98260,26566,124826,1262
2022-02-06,Tuolumne,109,53932,11873,11507,514,12021,92
2022-02-06,Ventura,111,848112,168516,166235,9004,175239,1323
2022-02-06,Yolo,113,214977,34713,33784,2951,36735,281
2022-02-06,Yuba,115,75493,15171,14917,1085,16002,104
2022-02-05,Alameda,001,1643700,243865,235698,12965,248663,1638
2022-02-05,Alpine,003,1148,123,124,1,125,0
2022-02-05,Amador,005,37829,8082,7855,592,8447,71
2022-02-05,Butte,007,227075,31558,30733,6293,37026,355
2022-02-05,Calaveras,009,45235,6999,6789,320,7109,99
2022-02-05,Colusa,011,21464,3336,3234,1042,4276,21
2022-02-05,Contra Costa,013,1133247,180244,175871,12089,187960,1115
2022-02-05,Del Norte,015,27424,5174,4978,149,5127,44
2022-02-05,El Dorado,017,186661,25813,24813,3061,27874,185
2022-02-05,Fresno,019,978130,218737,213539,20700,234239,2477
2022-02-05,Glenn,021,27897,4814,4691,1485,6176,39
2022-02-05,Humboldt,023,135768,15953,15514,2646,18160,127
2022-02-05,Imperial,025,180216,53168,52153,10324,62477,853
2022-02-05,Inyo,027,18085,3988,3948,439,4387,51
2022-02-05,Kern,029,883053,184995,180296,41829,222125,1987
2022-02-05,Kings,031,150075,49047,47538,3312,50850,402
2022-02-05,Lake,033,64148,9882,9289,785,10074,124
2022-02-05,Lassen,035,31185,8454,8288,860,9148,55
2022-02-05,Los Angeles,037,10098052,2623321,2572702,118833,2691535,28947
2022-02-05,Madera,039,155013,35719,34471,5514,39985,329
2022-02-05,Marin,041,260295,31859,31299,2089,33388,255
2022-02-05,Mariposa,043,17540,2276,2222,164,2386,6
2022-02-05,Mendocino,045,87422,12365,12066,2570,14636,107
2022-02-05,Merced,047,269075,59888,58908,7655,66563,744
2022-02-05,Modoc,049,8938,692,664,230,894,6
2022-02-05,Mono,051,14174,2929,2904,114,3018,5
2022-02-05,Monterey,053,433212,75276,67342,11991,79333,666
2022-02-05,Napa,055,140530,24380,22973,898,23871,118
2022-02-05,Nevada,057,99092,15447,15002,1117,16119,113
2022-02-05,Orange,059,3164182,531710,527516,39558,567074,6134
2022-02-05,Placer,061,380077,60571,59043,7041,66084,533
2022-02-05,Plumas,063,18699,2613,2550,299,2849,13
2022-02-05,Riverside,065,2383286,575966,563991,26845,590836,5827
2022-02-05,Sacramento,067,1510023,265578,259437,25131,284568,2610
2022-02-05,San Benito,069,59416,12399,12142,490,12632,90
2022-02-05,San Bernardino,071,2135413,549057,539312,23324,562636,6322
2022-02-05,San Diego,073,3302833,722239,703957,47051,751008,4735
2022-02-05,San Francisco,075,870044,119379,112481,8382,120863,720
2022-02-05,San Joaquin,077,732212,160634,157420,8771,166191,1989
2022-02-05,San Luis Obispo,079,281455,49791,48361,3442,51803,404
2022-02-05,San Mateo,081,765935,115440,104810,6597,111407,587
2022-02-05,Santa Barbara,083,443738,82667,80478,4558,85036,617
2022-02-05,Santa Clara,085,1922200,296918,289262,11637,300899,2067
2022-02-05,Santa Cruz,087,273765,44156,42553,1822,44375,239
2022-02-05,Shasta,089,179085,29245,28604,5833,34437,466
2022-02-05,Sierra,091,2930,270,262,39,301,0
2022-02-05,Siskiyou,093,43540,4219,4106,2548,6654,67
2022-02-05,Solano,095,438530,77885,73112,5217,78329,415
2022-02-05,Sonoma,097,501317,79511,77213,1825,79038,431
2022-02-05,Stanislaus,099,539301,114326,111783,15636,127419,1406
2022-02-05,Sutter,101,95872,19772,19406,1686,21092,203
2022-02-05,Tehama,103,63373,11544,11259,2508,13767,146
2022-02-05,Trinity,105,12862,1123,1085,273,1358,20
2022-02-05,Tulare,107,460477,100116,97414,26502,123916,1254
2022-02-05,Tuolumne,109,53932,11846,11409,511,11920,91
2022-02-05,Ventura,111,848112,168288,165532,8988,174520,1308
2022-02-05,Yolo,113,214977,34630,33614,2938,36552,281
2022-02-05,Yuba,115,75493,15143,14801,1077,15878,105
2022-02-04,Alameda,001,1643700,243398,235698,12957,248655,1638
2022-02-04,Alpine,003,1148,123,124,1,125,0
2022-02-04,Amador,005,37829,8067,7855,588,8443,71
2022-02-04,Butte,007,227075,31496,30733,6284,37017,355
2022-02-04,Calaveras,009,45235,6989,6789,318,7107,99
2022-02-04,Colusa,011,21464,3331,3234,1040,4274,21
2022-02-04,Contra Costa,013,1133247,179923,175871,12072,187943,1115
2022-02-04,Del Norte,015,27424,5149,4978,149,5127,44
2022-02-04,El Dorado,017,186661,25776,24813,3058,27871,185
2022-02-04,Fresno,019,978130,218265,213539,20681,234220,2477
2022-02-04,Glenn,021,27897,4805,4691,1482,6173,39
2022-02-04,Humboldt,023,135768,15925,15514,2643,18157,127
2022-02-04,Imperial,025,180216,53097,52153,10311,62464,853
2022-02-04,Inyo,027,18085,3985,3948,437,4385,51
2022-02-04,Kern,029,883053,184780,180296,41754,222050,1987
2022-02-04,Kings,031,150075,48968,47538,3308,50846,402
2022-02-04,Lake,033,64148,9854,9289,783,10072,124
2022-02-04,Lassen,035,31185,8429,8288,860,9148,55
2022-02-04,Los Angeles,037,10098052,2620504,2572702,118736,2691438,28947
2022-02-04,Madera,039,155013,35632,34471,5505,39976,329
2022-02-04,Marin,041,260295,31799,31299,2082,33381,255
2022-02-04,Mariposa,043,17540,2274,2222,162,2384,6
2022-02-04,Mendocino,045,87422,12336,12066,2568,14634,107
2022-02-04,Merced,047,269075,59812,58908,7647,66555,744
2022-02-04,Modoc,049,8938,692,664,230,894,6
2022-02-04,Mono,051,14174,2928,2904,114,3018,5
2022-02-04,Monterey,053,433212,75096,67342,11974,79316,666
2022-02-04,Napa,055,140530,24334,22973,896,23869,118
2022-02-04,Nevada,057,99092,15410,15002,1113,16115,113
2022-02-04,Orange,059,3164182,531170,527516,39498,567014,6134
2022-02-04,Placer,061,380077,60476,59043,7033,66076,533
2022-02-04,Plumas,063,18699,2610,2550,297,2847,13
2022-02-04,Riverside,065,2383286,575244,563991,26833,590824,5827
2022-02-04,Sacramento,067,1510023,265133,259437,25114,284551,2610
2022-02-04,San Benito,069,59416,12380,12142,488,12630,90
2022-02-04,San Bernardino,071,2135413,548488,539312,23305,562617,6322
2022-02-04,San Diego,073,3302833,721137,703957,47004,750961,4735
2022-02-04,San Francisco,075,870044,119153,112481,8358,120839,720
2022-02-04,San Joaquin,077,732212,160406,157420,8763,166183,1989
2022-02-04,San Luis Obispo,079,281455,49732,48361,3437,51798,404
2022-02-04,San Mateo,081,765935,115208,104810,6583,111393,587
2022-02-04,Santa Barbara,083,443738,82519,80478,4557,85035,617
2022-02-04,Santa Clara,085,1922200,296236,289262,11616,300878,2067
2022-02-04,Santa Cruz,087,273765,43955,42553,1819,44372,239
2022-02-04,Shasta,089,179085,29196,28604,5822,34426,466
2022-02-04,Sierra,091,2930,270,262,39,301,0
2022-02-04,Siskiyou,093,43540,4211,4106,2541,6647,67
2022-02-04,Solano,095,438530,77691,73112,5180,78292,415
2022-02-04,Sonoma,097,501317,79361,77213,1823,79036,431
2022-02-04,Stanislaus,099,539301,114143,111783,15627,127410,1406
2022-02-04,Sutter,101,95872,19748,19406,1679,21085,203
2022-02-04,Tehama,103,63373,11530,11259,2507,13766,146
2022-02-04,Trinity,105,12862,1122,1085,272,1357,20
2022-02-04,Tulare,107,460477,99953,97414,26431,123845,1254
2022-02-04,Tuolumne,109,53932,11832,11409,510,11919,91
2022-02-04,Ventura,111,848112,168020,165532,8980,174512,1308
2022-02-04,Yolo,113,214977,34541,33614,2931,36545,281
2022-02-04,Yuba,115,75493,15125,14801,1077,15878,105
2022-02-03,Alameda,001,1643700,242618,235698,12896,248594,1638
2022-02-03,Alpine,003,1148,123,124,1,125,0
2022-02-03,Amador,005,37829,8047,7855,583,8438,71
2022-02-03,Butte,007,227075,31389,30733,6257,36990,355
2022-02-03,Calaveras,009,45235,6958,6789,314,7103,99
2022-02-03,Colusa,011,21464,3318,3234,1034,4268,21
2022-02-03,Contra Costa,013,1133247,179351,175871,11978,187849,1115
2022-02-03,Del Norte,015,27424,5098,4978,147,5125,44
2022-02-03,El Dorado,017,186661,25703,24813,3053,27866,185
2022-02-03,Fresno,019,978130,217343,213539,20539,234078,2477
2022-02-03,Glenn,021,27897,4787,4691,1464,6155,39
2022-02-03,Humboldt,023,135768,15849,15514,2606,18120,127
2022-02-03,Imperial,025,180216,52950,52153,10254,62407,853
2022-02-03,Inyo,027,18085,3982,3948,434,4382,51
2022-02-03,Kern,029,883053,184319,180296,41605,221901,1987
2022-02-03,Kings,031,150075,48800,47538,3300,50838,402
2022-02-03,Lake,033,64148,9797,9289,777,10066,124
2022-02-03,Lassen,035,31185,8403,8288,858,9146,55
2022-02-03,Los Angeles,037,10098052,2614893,2572702,118524,2691226,28947
2022-02-03,Madera,039,155013,35489,34471,5459,39930,329
2022-02-03,Marin,041,260295,31698,31299,2078,33377,255
2022-02-03,Mariposa,043,17540,2262,2222,159,2381,6
2022-02-03,Mendocino,045,87422,12291,12066,2544,14610,107
2022-02-03,Merced,047,269075,59657,58908,7539,66447,744
2022-02-03,Modoc,049,8938,689,664,230,894,6
2022-02-03,Mono,051,14174,2923,2904,114,3018,5
2022-02-03,Monterey,053,433212,74823,67342,11805,79147,666
2022-02-03,Napa,055,140530,24199,22973,896,23869,118
2022-02-03,Nevada,057,99092,15368,15002,1101,16103,113
2022-02-03,Orange,059,3164182,530209,527516,39399,566915,6134
2022-02-03,Placer,061,380077,60273,59043,7014,66057,533
2022-02-03,Plumas,063,18699,2595,2550,294,2844,13
2022-02-03,Riverside,065,2383286,574031,563991,26762,590753,5827
2022-02-03,Sacramento,067,1510023,264227,259437,24912,284349,2610
2022-02-03,San Benito,069,59416,12353,12142,485,12627,90
2022-02-03,San Bernardino,071,2135413,547523,539312,23269,562581,6322
2022-02-03,San Diego,073,3302833,719179,703957,46843,750800,4735
2022-02-03,San Francisco,075,870044,118818,112481,8324,120805,720
2022-02-03,San Joaquin,077,732212,159928,157420,8737,166157,1989
2022-02-03,San Luis Obispo,079,281455,49535,48361,3420,51781,404
2022-02-03,San Mateo,081,765935,114853,104810,6549,111359,587
2022-02-03,Santa Barbara,083,443738,82146,80478,4528,85006,617
2022-02-03,Santa Clara,085,1922200,295032,289262,11505,300767,2067
2022-02-03,Santa Cruz,087,273765,43613,42553,1812,44365,239
2022-02-03,Shasta,089,179085,29089,28604,5793,34397,466
2022-02-03,Sierra,091,2930,270,262,39,301,0
2022-02-03,Siskiyou,093,43540,4195,4106,2522,6628,67
2022-02-03,Solano,095,438530,77354,73112,5162,78274,415
2022-02-03,Sonoma,097,501317,79060,77213,1817,79030,431
2022-02-03,Stanislaus,099,539301,113781,111783,15563,127346,1406
2022-02-03,Sutter,101,95872,19695,19406,1670,21076,203
2022-02-03,Tehama,103,63373,11503,11259,2498,13757,146
2022-02-03,Trinity,105,12862,1121,1085,271,1356,20
2022-02-03,Tulare,107,460477,99567,97414,26277,123691,1254
2022-02-03,Tuolumne,109,53932,11788,11409,500,11909,91
2022-02-03,Ventura,111,848112,167633,165532,8970,174502,1308
2022-02-03,Yolo,113,214977,34433,33614,2917,36531,281
2022-02-03,Yuba,115,75493,15076,14801,1062,15863,105
2022-02-02,Alameda,001,1643700,241641,234300,12792,247092,1632
2022-02-02,Alpine,003,1148,123,123,1,124,0
2022-02-02,Amador,005,37829,8017,7781,573,8354,71
2022-02-02,Butte,007,227075,31282,30550,6225,36775,355
2022-02-02,Calaveras,009,45235,6930,6753,310,7063,99
2022-02-02,Colusa,011,21464,3303,3211,1033,4244,21
2022-02-02,Contra Costa,013,1133247,178769,174876,11890,186766,1113
2022-02-02,Del Norte,015,27424,5054,4924,142,5066,44
2022-02-02,El Dorado,017,186661,25633,24690,3035,27725,185
2022-02-02,Fresno,019,978130,216349,211976,20441,232417,2463
2022-02-02,Glenn,021,27897,4763,4667,1458,6125,39
2022-02-02,Humboldt,023,135768,15788,15392,2567,17959,127
2022-02-02,Imperial,025,180216,52738,51875,10105,61980,853
2022-02-02,Inyo,027,18085,3976,3944,432,4376,51
2022-02-02,Kern,029,883053,183732,179386,41457,220843,1974
2022-02-02,Kings,031,150075,48617,47061,3277,50338,401
2022-02-02,Lake,033,64148,9736,9235,770,10005,120
2022-02-02,Lassen,035,31185,8386,8258,846,9104,55
2022-02-02,Los Angeles,037,10098052,2608454,2561902,118196,2680098,28850
2022-02-02,Madera,039,155013,35306,34265,5384,39649,329
2022-02-02,Marin,041,260295,31594,31149,2068,33217,255
2022-02-02,Mariposa,043,17540,2251,2215,154,2369,6
2022-02-02,Mendocino,045,87422,12236,11996,2505,14501,105
2022-02-02,Merced,047,269075,59487,58532,7444,65976,744
2022-02-02,Modoc,049,8938,683,662,230,892,6
2022-02-02,Mono,051,14174,2912,2887,114,3001,5
2022-02-02,Monterey,053,433212,74458,66852,11644,78496,666
2022-02-02,Napa,055,140530,24077,22859,879,23738,117
2022-02-02,Nevada,057,99092,15315,14895,1077,15972,112
2022-02-02,Orange,059,3164182,529116,524418,39290,563708,6127
2022-02-02,Placer,061,380077,60077,58654,6980,65634,533
2022-02-02,Plumas,063,18699,2587,2540,290,2830,12
2022-02-02,Riverside,065,2383286,572713,561220,26716,587936,5827
2022-02-02,Sacramento,067,1510023,263244,258078,24686,282764,2602
2022-02-02,San Benito,069,59416,12315,12058,481,12539,90
2022-02-02,San Bernardino,071,2135413,546571,537485,23207,560692,6317
2022-02-02,San Diego,073,3302833,716964,703957,46677,750634,4735
2022-02-02,San Francisco,075,870044,118441,112008,8308,120316,714
2022-02-02,San Joaquin,077,732212,159341,156537,8712,165249,1986
2022-02-02,San Luis Obispo,079,281455,49338,48119,3407,51526,403
2022-02-02,San Mateo,081,765935,114479,104201,6479,110680,587
2022-02-02,Santa Barbara,083,443738,81776,79979,4495,84474,612
2022-02-02,Santa Clara,085,1922200,293884,287443,11389,298832,2051
2022-02-02,Santa Cruz,087,273765,43337,42127,1802,43929,239
2022-02-02,Shasta,089,179085,28991,28429,5751,34180,465
2022-02-02,Sierra,091,2930,270,262,39,301,0
2022-02-02,Siskiyou,093,43540,4185,4078,2495,6573,67
2022-02-02,Solano,095,438530,76998,72711,5140,77851,414
2022-02-02,Sonoma,097,501317,78748,76681,1809,78490,431
2022-02-02,Stanislaus,099,539301,113390,111167,15457,126624,1403
2022-02-02,Sutter,101,95872,19631,19290,1640,20930,203
2022-02-02,Tehama,103,63373,11449,11193,2480,13673,146
2022-02-02,Trinity,105,12862,1118,1074,269,1343,20
2022-02-02,Tulare,107,460477,99191,96820,26105,122925,1249
2022-02-02,Tuolumne,109,53932,11712,11342,496,11838,91
2022-02-02,Ventura,111,848112,167233,164905,8950,173855,1292
2022-02-02,Yolo,113,214977,34312,33332,2895,36227,281
2022-02-02,Yuba,115,75493,15011,14720,1054,15774,104
2022-02-01,Alameda,001,1643700,240528,233782,12689,246471,1620
2022-02-01,Alpine,003,1148,123,123,1,124,0
2022-02-01,Amador,005,37829,7972,7783,567,8350,73
2022-02-01,Butte,007,227075,31148,30496,6186,36682,355
2022-02-01,Calaveras,009,45235,6889,6749,306,7055,98
2022-02-01,Colusa,011,21464,3284,3202,1007,4209,21
2022-02-01,Contra Costa,013,1133247,178025,174379,11753,186132,1115
2022-02-01,Del Norte,015,27424,5012,4907,141,5048,44
2022-02-01,El Dorado,017,186661,25567,24664,3016,27680,184
2022-02-01,Fresno,019,978130,215204,211352,20301,231653,2464
2022-02-01,Glenn,021,27897,4750,4649,1448,6097,39
2022-02-01,Humboldt,023,135768,15704,15354,2537,17891,127
2022-02-01,Imperial,025,180216,52536,51675,10038,61713,846
2022-02-01,Inyo,027,18085,3965,3928,429,4357,51
2022-02-01,Kern,029,883053,183111,178987,41305,220292,1967
2022-02-01,Kings,031,150075,48362,46959,3251,50210,400
2022-02-01,Lake,033,64148,9682,9211,764,9975,119
2022-02-01,Lassen,035,31185,8365,8231,840,9071,55
2022-02-01,Los Angeles,037,10098052,2601119,2548794,117865,2666659,28752
2022-02-01,Madera,039,155013,35077,34124,5300,39424,329
2022-02-01,Marin,041,260295,31474,31099,2052,33151,255
2022-02-01,Mariposa,043,17540,2244,2210,153,2363,6
2022-02-01,Mendocino,045,87422,12175,11978,2469,14447,105
2022-02-01,Merced,047,269075,59287,58362,7321,65683,743
2022-02-01,Modoc,049,8938,676,664,230,894,6
2022-02-01,Mono,051,14174,2906,2888,113,3001,5
2022-02-01,Monterey,053,433212,74044,66553,11442,77995,665
2022-02-01,Napa,055,140530,23980,22795,860,23655,116
2022-02-01,Nevada,057,99092,15248,14863,1064,15927,112
2022-02-01,Orange,059,3164182,527872,523741,39151,562892,6108
2022-02-01,Placer,061,380077,59807,58486,6935,65421,532
2022-02-01,Plumas,063,18699,2581,2526,287,2813,12
2022-02-01,Riverside,065,2383286,571304,560010,26665,586675,5825
2022-02-01,Sacramento,067,1510023,262216,257504,24399,281903,2593
2022-02-01,San Benito,069,59416,12252,12053,478,12531,90
2022-02-01,San Bernardino,071,2135413,545388,536591,23144,559735,6311
2022-02-01,San Diego,073,3302833,714472,701009,46472,747481,4710
2022-02-01,San Francisco,075,870044,117914,111606,8284,119890,713
2022-02-01,San Joaquin,077,732212,158813,156300,8688,164988,1987
2022-02-01,San Luis Obispo,079,281455,49113,47842,3344,51186,403
2022-02-01,San Mateo,081,765935,114003,103868,6434,110302,589
2022-02-01,Santa Barbara,083,443738,81320,79659,4458,84117,608
2022-02-01,Santa Clara,085,1922200,292333,286109,11281,297390,2070
2022-02-01,Santa Cruz,087,273765,43043,41782,1788,43570,239
2022-02-01,Shasta,089,179085,28864,28382,5697,34079,465
2022-02-01,Sierra,091,2930,268,262,39,301,0
2022-02-01,Siskiyou,093,43540,4170,4072,2469,6541,66
2022-02-01,Solano,095,438530,76724,72494,5124,77618,415
2022-02-01,Sonoma,097,501317,78385,76379,1791,78170,431
2022-02-01,Stanislaus,099,539301,112985,110925,15377,126302,1403
2022-02-01,Sutter,101,95872,19563,19256,1607,20863,202
2022-02-01,Tehama,103,63373,11394,11165,2464,13629,146
2022-02-01,Trinity,105,12862,1115,1073,269,1342,19
2022-02-01,Tulare,107,460477,98717,96467,25888,122355,1247
2022-02-01,Tuolumne,109,53932,11663,11318,487,11805,91
2022-02-01,Ventura,111,848112,166736,164721,8927,173648,1293
2022-02-01,Yolo,113,214977,34173,33257,2869,36126,275
2022-02-01,Yuba,115,75493,14950,14693,1048,15741,103
2022-01-31,Alameda,001,1643700,239197,232743,12572,245315,1607
2022-01-31,Alpine,003,1148,122,123,1,124,0
2022-01-31,Amador,005,37829,7919,7682,552,8234,73
2022-01-31,Butte,007,227075,30987,30371,6148,36519,354
2022-01-31,Calaveras,009,45235,6856,6700,295,6995,96
2022-01-31,Colusa,011,21464,3272,3187,998,4185,21
2022-01-31,Contra Costa,013,1133247,177246,173466,11625,185091,1115
2022-01-31,Del Norte,015,27424,4971,4879,133,5012,43
2022-01-31,El Dorado,017,186661,25466,24545,2994,27539,184
2022-01-31,Fresno,019,978130,213732,210589,20124,230713,2464
2022-01-31,Glenn,021,27897,4714,4641,1436,6077,39
2022-01-31,Humboldt,023,135768,15614,15308,2502,17810,126
2022-01-31,Imperial,025,180216,52329,51472,9907,61379,846
2022-01-31,Inyo,027,18085,3951,3922,424,4346,50
2022-01-31,Kern,029,883053,182367,178375,41067,219442,1967
2022-01-31,Kings,031,150075,48009,46845,3226,50071,398
2022-01-31,Lake,033,64148,9609,9141,749,9890,119
2022-01-31,Lassen,035,31185,8337,8162,835,8997,55
2022-01-31,Los Angeles,037,10098052,2592749,2541189,117536,2658725,28718
2022-01-31,Madera,039,155013,34866,33886,5204,39090,329
2022-01-31,Marin,041,260295,31344,31023,2037,33060,253
2022-01-31,Mariposa,043,17540,2234,2203,143,2346,6
2022-01-31,Mendocino,045,87422,12104,11896,2426,14322,104
2022-01-31,Merced,047,269075,59008,58198,7131,65329,740
2022-01-31,Modoc,049,8938,673,661,230,891,6
2022-01-31,Mono,051,14174,2888,2889,113,3002,5
2022-01-31,Monterey,053,433212,73613,66117,11236,77353,661
2022-01-31,Napa,055,140530,23810,22707,845,23552,113
2022-01-31,Nevada,057,99092,15164,14813,1051,15864,112
2022-01-31,Orange,059,3164182,526475,522358,39022,561380,6098
2022-01-31,Placer,061,380077,59559,58252,6902,65154,523
2022-01-31,Plumas,063,18699,2575,2513,285,2798,12
2022-01-31,Riverside,065,2383286,569471,558166,26592,584758,5785
2022-01-31,Sacramento,067,1510023,260963,256594,24112,280706,2571
2022-01-31,San Benito,069,59416,12194,11976,477,12453,90
2022-01-31,San Bernardino,071,2135413,543822,535276,23065,558341,6302
2022-01-31,San Diego,073,3302833,711567,698571,46235,744806,4686
2022-01-31,San Francisco,075,870044,117498,111119,8239,119358,712
2022-01-31,San Joaquin,077,732212,158049,155736,8658,164394,1985
2022-01-31,San Luis Obispo,079,281455,48862,47656,3285,50941,395
2022-01-31,San Mateo,081,765935,113486,103313,6377,109690,589
2022-01-31,Santa Barbara,083,443738,80800,79267,4415,83682,606
2022-01-31,Santa Clara,085,1922200,290635,284562,11172,295734,2041
2022-01-31,Santa Cruz,087,273765,42672,41630,1784,43414,239
2022-01-31,Shasta,089,179085,28733,28190,5656,33846,462
2022-01-31,Sierra,091,2930,267,261,39,300,0
2022-01-31,Siskiyou,093,43540,4153,4054,2453,6507,66
2022-01-31,Solano,095,438530,75994,72258,5077,77335,414
2022-01-31,Sonoma,097,501317,77934,76199,1779,77978,431
2022-01-31,Stanislaus,099,539301,112466,110493,15231,125724,1403
2022-01-31,Sutter,101,95872,19483,19189,1565,20754,202
2022-01-31,Tehama,103,63373,11323,11112,2433,13545,145
2022-01-31,Trinity,105,12862,1111,1071,266,1337,19
2022-01-31,Tulare,107,460477,98105,96053,25620,121673,1245
2022-01-31,Tuolumne,109,53932,11569,11278,480,11758,91
2022-01-31,Ventura,111,848112,166195,164060,8904,172964,1286
2022-01-31,Yolo,113,214977,34021,33175,2843,36018,274
2022-01-31,Yuba,115,75493,14887,14652,1028,15680,103
2022-01-30,Alameda,001,1643700,237661,231838,12421,244259,1607
2022-01-30,Alpine,003,1148,122,123,1,124,0
2022-01-30,Amador,005,37829,7867,7644,529,8173,73
2022-01-30,Butte,007,227075,30790,30255,6086,36341,354
2022-01-30,Calaveras,009,45235,6800,6676,281,6957,96
2022-01-30,Colusa,011,21464,3248,3168,986,4154,21
2022-01-30,Contra Costa,013,1133247,176307,172902,11423,184325,1102
2022-01-30,Del Norte,015,27424,4921,4833,128,4961,43
2022-01-30,El Dorado,017,186661,25346,24491,2969,27460,184
2022-01-30,Fresno,019,978130,212222,209645,19891,229536,2463
2022-01-30,Glenn,021,27897,4683,4619,1426,6045,39
2022-01-30,Humboldt,023,135768,15500,15247,2442,17689,126
2022-01-30,Imperial,025,180216,52017,51415,9715,61130,846
2022-01-30,Inyo,027,18085,3938,3921,421,4342,50
2022-01-30,Kern,029,883053,181526,177924,40813,218737,1967
2022-01-30,Kings,031,150075,47651,46654,3163,49817,398
2022-01-30,Lake,033,64148,9518,9080,727,9807,119
2022-01-30,Lassen,035,31185,8308,8158,826,8984,55
2022-01-30,Los Angeles,037,10098052,2582434,2530739,117149,2647888,28678
2022-01-30,Madera,039,155013,34569,33752,5010,38762,329
2022-01-30,Marin,041,260295,31187,30875,2022,32897,253
2022-01-30,Mariposa,043,17540,2222,2177,137,2314,6
2022-01-30,Mendocino,045,87422,12030,11860,2321,14181,104
2022-01-30,Merced,047,269075,58647,58006,6829,64835,740
2022-01-30,Modoc,049,8938,670,661,230,891,6
2022-01-30,Mono,051,14174,2884,2888,113,3001,5
2022-01-30,Monterey,053,433212,73013,65996,10940,76936,661
2022-01-30,Napa,055,140530,23642,22588,826,23414,114
2022-01-30,Nevada,057,99092,15062,14741,1035,15776,112
2022-01-30,Orange,059,3164182,524818,521334,38855,560189,6098
2022-01-30,Placer,061,380077,59177,58030,6857,64887,523
2022-01-30,Plumas,063,18699,2560,2510,270,2780,12
2022-01-30,Riverside,065,2383286,567374,557088,26498,583586,5767
2022-01-30,Sacramento,067,1510023,259499,255715,23606,279321,2572
2022-01-30,San Benito,069,59416,12130,11945,472,12417,90
2022-01-30,San Bernardino,071,2135413,542163,534050,22968,557018,6302
2022-01-30,San Diego,073,3302833,708008,687145,45848,732993,4665
2022-01-30,San Francisco,075,870044,116934,110772,8197,118969,712
2022-01-30,San Joaquin,077,732212,157066,155165,8622,163787,1985
2022-01-30,San Luis Obispo,079,281455,48466,47599,3248,50847,394
2022-01-30,San Mateo,081,765935,112914,102979,6327,109306,589
2022-01-30,Santa Barbara,083,443738,80123,79072,4352,83424,606
2022-01-30,Santa Clara,085,1922200,288647,282846,11038,293884,2035
2022-01-30,Santa Cruz,087,273765,42220,41330,1777,43107,239
2022-01-30,Shasta,089,179085,28570,28105,5570,33675,462
2022-01-30,Sierra,091,2930,267,261,39,300,0
2022-01-30,Siskiyou,093,43540,4124,4039,2402,6441,66
2022-01-30,Solano,095,438530,75471,71857,5029,76886,414
2022-01-30,Sonoma,097,501317,77409,75890,1762,77652,431
2022-01-30,Stanislaus,099,539301,111826,110111,15069,125180,1403
2022-01-30,Sutter,101,95872,19391,19108,1478,20586,202
2022-01-30,Tehama,103,63373,11253,11071,2404,13475,145
2022-01-30,Trinity,105,12862,1105,1068,266,1334,19
2022-01-30,Tulare,107,460477,97388,95676,25350,121026,1245
2022-01-30,Tuolumne,109,53932,11459,11242,442,11684,91
2022-01-30,Ventura,111,848112,165613,163521,8875,172396,1286
2022-01-30,Yolo,113,214977,33814,33043,2810,35853,274
2022-01-30,Yuba,115,75493,14795,14584,1006,15590,103
2022-01-29,Alameda,001,1643700,237009,225602,12406,238008,1605
2022-01-29,Alpine,003,1148,122,123,1,124,0
2022-01-29,Amador,005,37829,7846,7505,526,8031,73
2022-01-29,Butte,007,227075,30705,29557,6062,35619,353
2022-01-29,Calaveras,009,45235,6781,6484,280,6764,96
2022-01-29,Colusa,011,21464,3242,3107,983,4090,21
2022-01-29,Contra Costa,013,1133247,175791,168003,11400,179403,1101
2022-01-29,Del Norte,015,27424,4913,4589,126,4715,43
2022-01-29,El Dorado,017,186661,25298,24008,2965,26973,184
2022-01-29,Fresno,019,978130,211783,202691,19862,222553,2457
2022-01-29,Glenn,021,27897,4676,4516,1419,5935,39
2022-01-29,Humboldt,023,135768,15453,14812,2435,17247,126
2022-01-29,Imperial,025,180216,51909,50153,9662,59815,845
2022-01-29,Inyo,027,18085,3936,3895,413,4308,50
2022-01-29,Kern,029,883053,181193,174456,40683,215139,1962
2022-01-29,Kings,031,150075,47538,45047,3161,48208,397
2022-01-29,Lake,033,64148,9490,8747,723,9470,119
2022-01-29,Lassen,035,31185,8290,7961,825,8786,55
2022-01-29,Los Angeles,037,10098052,2578771,2473332,116913,2590245,28467
2022-01-29,Madera,039,155013,34461,32753,4986,37739,329
2022-01-29,Marin,041,260295,31117,30137,2019,32156,253
2022-01-29,Mariposa,043,17540,2220,2117,135,2252,6
2022-01-29,Mendocino,045,87422,12007,11591,2306,13897,104
2022-01-29,Merced,047,269075,58544,56472,6827,63299,735
2022-01-29,Modoc,049,8938,670,654,230,884,6
2022-01-29,Mono,051,14174,2884,2860,113,2973,5
2022-01-29,Monterey,053,433212,72870,64090,10916,75006,658
2022-01-29,Napa,055,140530,23585,22121,824,22945,113
2022-01-29,Nevada,057,99092,15030,14337,1032,15369,112
2022-01-29,Orange,059,3164182,524163,511255,38745,550000,6038
2022-01-29,Placer,061,380077,58980,56562,6844,63406,523
2022-01-29,Plumas,063,18699,2553,2463,266,2729,12
2022-01-29,Riverside,065,2383286,566352,548121,26461,574582,5726
2022-01-29,Sacramento,067,1510023,258937,249130,23561,272691,2558
2022-01-29,San Benito,069,59416,12071,11670,471,12141,90
2022-01-29,San Bernardino,071,2135413,541446,525249,22930,548179,6297
2022-01-29,San Diego,073,3302833,706705,683027,45777,728804,4643
2022-01-29,San Francisco,075,870044,116638,108265,8132,116397,712
2022-01-29,San Joaquin,077,732212,156822,150849,8608,159457,1971
2022-01-29,San Luis Obispo,079,281455,48378,46374,3244,49618,391
2022-01-29,San Mateo,081,765935,112565,100306,6301,106607,586
2022-01-29,Santa Barbara,083,443738,79916,76546,4345,80891,604
2022-01-29,Santa Clara,085,1922200,287698,273879,11010,284889,2019
2022-01-29,Santa Cruz,087,273765,42093,39228,1775,41003,240
2022-01-29,Shasta,089,179085,28512,27504,5556,33060,452
2022-01-29,Sierra,091,2930,267,260,39,299,0
2022-01-29,Siskiyou,093,43540,4114,3987,2395,6382,66
2022-01-29,Solano,095,438530,75328,69862,5016,74878,407
2022-01-29,Sonoma,097,501317,77185,73439,1758,75197,427
2022-01-29,Stanislaus,099,539301,111580,107668,15034,122702,1403
2022-01-29,Sutter,101,95872,19342,18797,1463,20260,202
2022-01-29,Tehama,103,63373,11224,10880,2398,13278,145
2022-01-29,Trinity,105,12862,1102,1033,265,1298,19
2022-01-29,Tulare,107,460477,97161,93154,25293,118447,1237
2022-01-29,Tuolumne,109,53932,11434,10806,434,11240,91
2022-01-29,Ventura,111,848112,165280,160466,8858,169324,1271
2022-01-29,Yolo,113,214977,33711,32123,2796,34919,275
2022-01-29,Yuba,115,75493,14757,14295,1004,15299,103
2022-01-28,Alameda,001,1643700,236055,225602,12388,237990,1605
2022-01-28,Alpine,003,1148,122,123,1,124,0
2022-01-28,Amador,005,37829,7819,7505,525,8030,73
2022-01-28,Butte,007,227075,30629,29557,6043,35600,353
2022-01-28,Calaveras,009,45235,6762,6484,279,6763,96
2022-01-28,Colusa,011,21464,3238,3107,981,4088,21
2022-01-28,Contra Costa,013,1133247,175284,168003,11364,179367,1101
2022-01-28,Del Norte,015,27424,4890,4589,125,4714,43
2022-01-28,El Dorado,017,186661,25257,24008,2962,26970,184
2022-01-28,Fresno,019,978130,210995,202691,19823,222514,2457
2022-01-28,Glenn,021,27897,4663,4516,1417,5933,39
2022-01-28,Humboldt,023,135768,15416,14812,2425,17237,126
2022-01-28,Imperial,025,180216,51787,50153,9629,59782,845
2022-01-28,Inyo,027,18085,3933,3895,410,4305,50
2022-01-28,Kern,029,883053,180788,174456,40556,215012,1962
2022-01-28,Kings,031,150075,47403,45047,3158,48205,397
2022-01-28,Lake,033,64148,9463,8747,722,9469,119
2022-01-28,Lassen,035,31185,8223,7961,824,8785,55
2022-01-28,Los Angeles,037,10098052,2573240,2473332,116722,2590054,28467
2022-01-28,Madera,039,155013,34330,32753,4969,37722,329
2022-01-28,Marin,041,260295,31025,30137,1996,32133,253
2022-01-28,Mariposa,043,17540,2210,2117,133,2250,6
2022-01-28,Mendocino,045,87422,11969,11591,2304,13895,104
2022-01-28,Merced,047,269075,58444,56472,6816,63288,735
2022-01-28,Modoc,049,8938,669,654,230,884,6
2022-01-28,Mono,051,14174,2879,2860,113,2973,5
2022-01-28,Monterey,053,433212,72672,64090,10882,74972,658
2022-01-28,Napa,055,140530,23507,22121,823,22944,113
2022-01-28,Nevada,057,99092,14996,14337,1030,15367,112
2022-01-28,Orange,059,3164182,523067,511255,38653,549908,6038
2022-01-28,Placer,061,380077,58802,56562,6820,63382,523
2022-01-28,Plumas,063,18699,2546,2463,264,2727,12
2022-01-28,Riverside,065,2383286,565021,548121,26424,574545,5726
2022-01-28,Sacramento,067,1510023,258192,249130,23514,272644,2558
2022-01-28,San Benito,069,59416,12049,11670,466,12136,90
2022-01-28,San Bernardino,071,2135413,540451,525249,22903,548152,6297
2022-01-28,San Diego,073,3302833,704899,683027,45708,728735,4643
2022-01-28,San Francisco,075,870044,116268,108265,8082,116347,712
2022-01-28,San Joaquin,077,732212,156532,150849,8598,159447,1971
2022-01-28,San Luis Obispo,079,281455,48294,46374,3237,49611,391
2022-01-28,San Mateo,081,765935,112214,100306,6278,106584,586
2022-01-28,Santa Barbara,083,443738,79660,76546,4341,80887,604
2022-01-28,Santa Clara,085,1922200,286475,273879,10961,284840,2019
2022-01-28,Santa Cruz,087,273765,41911,39228,1768,40996,240
2022-01-28,Shasta,089,179085,28456,27504,5542,33046,452
2022-01-28,Sierra,091,2930,267,260,39,299,0
2022-01-28,Siskiyou,093,43540,4106,3987,2391,6378,66
2022-01-28,Solano,095,438530,74753,69862,4949,74811,407
2022-01-28,Sonoma,097,501317,76977,73439,1753,75192,427
2022-01-28,Stanislaus,099,539301,111323,107668,15008,122676,1403
2022-01-28,Sutter,101,95872,19298,18797,1461,20258,202
2022-01-28,Tehama,103,63373,11191,10880,2394,13274,145
2022-01-28,Trinity,105,12862,1095,1033,265,1298,19
2022-01-28,Tulare,107,460477,96915,93154,25202,118356,1237
2022-01-28,Tuolumne,109,53932,11403,10806,428,11234,91
2022-01-28,Ventura,111,848112,164830,160466,8838,169304,1271
2022-01-28,Yolo,113,214977,33605,32123,2789,34912,275
2022-01-28,Yuba,115,75493,14718,14295,998,15293,103
2022-01-27,Alameda,001,1643700,234471,225602,12255,237857,1605
2022-01-27,Alpine,003,1148,122,123,1,124,0
2022-01-27,Amador,005,37829,7773,7505,512,8017,73
2022-01-27,Butte,007,227075,30477,29557,5991,35548,353
2022-01-27,Calaveras,009,45235,6734,6484,263,6747,96
2022-01-27,Colusa,011,21464,3224,3107,974,4081,21
2022-01-27,Contra Costa,013,1133247,174272,168003,11194,179197,1101
2022-01-27,Del Norte,015,27424,4841,4589,121,4710,43
2022-01-27,El Dorado,017,186661,25148,24008,2945,26953,184
2022-01-27,Fresno,019,978130,209401,202691,19629,222320,2457
2022-01-27,Glenn,021,27897,4632,4516,1409,5925,39
2022-01-27,Humboldt,023,135768,15324,14812,2387,17199,126
2022-01-27,Imperial,025,180216,51496,50153,9515,59668,845
2022-01-27,Inyo,027,18085,3927,3895,399,4294,50
2022-01-27,Kern,029,883053,180020,174456,40253,214709,1962
2022-01-27,Kings,031,150075,47059,45047,3125,48172,397
2022-01-27,Lake,033,64148,9411,8747,702,9449,119
2022-01-27,Lassen,035,31185,8185,7961,817,8778,55
2022-01-27,Los Angeles,037,10098052,2562364,2473332,116314,2589646,28467
2022-01-27,Madera,039,155013,34110,32753,4862,37615,329
2022-01-27,Marin,041,260295,30860,30137,1980,32117,253
2022-01-27,Mariposa,043,17540,2187,2117,129,2246,6
2022-01-27,Mendocino,045,87422,11919,11591,2255,13846,104
2022-01-27,Merced,047,269075,58173,56472,6663,63135,735
2022-01-27,Modoc,049,8938,667,654,229,883,6
2022-01-27,Mono,051,14174,2876,2860,111,2971,5
2022-01-27,Monterey,053,433212,72049,64090,10639,74729,658
2022-01-27,Napa,055,140530,23348,22121,795,22916,113
2022-01-27,Nevada,057,99092,14927,14337,1003,15340,112
2022-01-27,Orange,059,3164182,521318,511255,38501,549756,6038
2022-01-27,Placer,061,380077,58488,56562,6771,63333,523
2022-01-27,Plumas,063,18699,2537,2463,251,2714,12
2022-01-27,Riverside,065,2383286,562842,548121,26353,574474,5726
2022-01-27,Sacramento,067,1510023,256904,249130,23163,272293,2558
2022-01-27,San Benito,069,59416,11993,11670,461,12131,90
2022-01-27,San Bernardino,071,2135413,538636,525249,22811,548060,6297
2022-01-27,San Diego,073,3302833,701552,683027,45387,728414,4643
2022-01-27,San Francisco,075,870044,115749,108265,8025,116290,712
2022-01-27,San Joaquin,077,732212,155670,150849,8550,159399,1971
2022-01-27,San Luis Obispo,079,281455,48022,46374,3199,49573,391
2022-01-27,San Mateo,081,765935,111627,100306,6204,106510,586
2022-01-27,Santa Barbara,083,443738,79174,76546,4288,80834,604
2022-01-27,Santa Clara,085,1922200,284387,273879,10809,284688,2019
2022-01-27,Santa Cruz,087,273765,41257,39228,1754,40982,240
2022-01-27,Shasta,089,179085,28321,27504,5490,32994,452
2022-01-27,Sierra,091,2930,266,260,39,299,0
2022-01-27,Siskiyou,093,43540,4085,3987,2355,6342,66
2022-01-27,Solano,095,438530,74100,69862,4902,74764,407
2022-01-27,Sonoma,097,501317,76504,73439,1747,75186,427
2022-01-27,Stanislaus,099,539301,110801,107668,14900,122568,1403
2022-01-27,Sutter,101,95872,19191,18797,1439,20236,202
2022-01-27,Tehama,103,63373,11136,10880,2377,13257,145
2022-01-27,Trinity,105,12862,1091,1033,264,1297,19
2022-01-27,Tulare,107,460477,96292,93154,24938,118092,1237
2022-01-27,Tuolumne,109,53932,11352,10806,416,11222,91
2022-01-27,Ventura,111,848112,164175,160466,8805,169271,1271
2022-01-27,Yolo,113,214977,33466,32123,2774,34897,275
2022-01-27,Yuba,115,75493,14640,14295,982,15277,103
2022-01-26,Alameda,001,1643700,232575,222680,12090,234770,1596
2022-01-26,Alpine,003,1148,122,123,1,124,0
2022-01-26,Amador,005,37829,7700,7427,495,7922,73
2022-01-26,Butte,007,227075,30272,29229,5933,35162,353
2022-01-26,Calaveras,009,45235,6687,6387,255,6642,96
2022-01-26,Colusa,011,21464,3209,3094,968,4062,21
2022-01-26,Contra Costa,013,1133247,173160,165972,11027,176999,1095
2022-01-26,Del Norte,015,27424,4771,4542,120,4662,43
2022-01-26,El Dorado,017,186661,25028,23819,2923,26742,181
2022-01-26,Fresno,019,978130,207595,199689,19440,219129,2452
2022-01-26,Glenn,021,27897,4598,4472,1404,5876,39
2022-01-26,Humboldt,023,135768,15223,14715,2341,17056,126
2022-01-26,Imperial,025,180216,51150,49477,9353,58830,839
2022-01-26,Inyo,027,18085,3924,3889,368,4257,50
2022-01-26,Kern,029,883053,179112,173052,39971,213023,1953
2022-01-26,Kings,031,150075,46646,44367,3104,47471,396
2022-01-26,Lake,033,64148,9328,8645,694,9339,119
2022-01-26,Lassen,035,31185,8149,7888,814,8702,55
2022-01-26,Los Angeles,037,10098052,2550330,2450620,115839,2566459,28382
2022-01-26,Madera,039,155013,33865,32323,4739,37062,329
2022-01-26,Marin,041,260295,30684,29813,1961,31774,253
2022-01-26,Mariposa,043,17540,2170,2108,123,2231,6
2022-01-26,Mendocino,045,87422,11870,11453,2205,13658,103
2022-01-26,Merced,047,269075,57811,56060,6481,62541,733
2022-01-26,Modoc,049,8938,666,652,228,880,6
2022-01-26,Mono,051,14174,2873,2852,111,2963,4
2022-01-26,Monterey,053,433212,71509,63264,10340,73604,659
2022-01-26,Napa,055,140530,23189,21864,785,22649,112
2022-01-26,Nevada,057,99092,14834,14128,992,15120,112
2022-01-26,Orange,059,3164182,519246,506419,38329,544748,6007
2022-01-26,Placer,061,380077,58161,55892,6708,62600,524
2022-01-26,Plumas,063,18699,2526,2425,249,2674,12
2022-01-26,Riverside,065,2383286,560313,543788,26236,570024,5701
2022-01-26,Sacramento,067,1510023,255221,246416,22793,269209,2559
2022-01-26,San Benito,069,59416,11923,11563,448,12011,90
2022-01-26,San Bernardino,071,2135413,536483,521699,22707,544406,6291
2022-01-26,San Diego,073,3302833,697354,676392,45062,721454,4622
2022-01-26,San Francisco,075,870044,115100,107174,7985,115159,704
2022-01-26,San Joaquin,077,732212,154676,148770,8505,157275,1971
2022-01-26,San Luis Obispo,079,281455,47723,45716,3172,48888,391
2022-01-26,San Mateo,081,765935,110971,99016,6077,105093,586
2022-01-26,Santa Barbara,083,443738,78633,75548,4226,79774,600
2022-01-26,Santa Clara,085,1922200,282270,270470,10634,281104,2015
2022-01-26,Santa Cruz,087,273765,40761,38298,1742,40040,239
2022-01-26,Shasta,089,179085,28172,27255,5441,32696,452
2022-01-26,Sierra,091,2930,265,260,38,298,0
2022-01-26,Siskiyou,093,43540,4069,3971,2332,6303,66
2022-01-26,Solano,095,438530,73396,69150,4841,73991,401
2022-01-26,Sonoma,097,501317,75941,72509,1717,74226,423
2022-01-26,Stanislaus,099,539301,110241,106582,14745,121327,1396
2022-01-26,Sutter,101,95872,19079,18670,1398,20068,202
2022-01-26,Tehama,103,63373,11074,10749,2360,13109,145
2022-01-26,Trinity,105,12862,1086,1008,264,1272,19
2022-01-26,Tulare,107,460477,95568,91904,24697,116601,1234
2022-01-26,Tuolumne,109,53932,11209,10699,404,11103,91
2022-01-26,Ventura,111,848112,163457,159077,8766,167843,1263
2022-01-26,Yolo,113,214977,33259,31913,2735,34648,275
2022-01-26,Yuba,115,75493,14556,14171,960,15131,103
2022-01-25,Alameda,001,1643700,230664,219753,11908,231661,1589
2022-01-25,Alpine,003,1148,122,122,1,123,0
2022-01-25,Amador,005,37829,7627,7352,484,7836,73
2022-01-25,Butte,007,227075,30067,28887,5859,34746,351
2022-01-25,Calaveras,009,45235,6619,6266,241,6507,95
2022-01-25,Colusa,011,21464,3188,3074,966,4040,21
2022-01-25,Contra Costa,013,1133247,171835,163792,10812,174604,1092
2022-01-25,Del Norte,015,27424,4700,4514,115,4629,43
2022-01-25,El Dorado,017,186661,24890,23339,2899,26238,179
2022-01-25,Fresno,019,978130,205473,198262,19169,217431,2434
2022-01-25,Glenn,021,27897,4568,4418,1389,5807,39
2022-01-25,Humboldt,023,135768,15129,14574,2314,16888,126
2022-01-25,Imperial,025,180216,50668,48913,9102,58015,832
2022-01-25,Inyo,027,18085,3909,3857,322,4179,50
2022-01-25,Kern,029,883053,178096,171695,39582,211277,1947
2022-01-25,Kings,031,150075,46147,43853,3067,46920,396
2022-01-25,Lake,033,64148,9248,8543,681,9224,118
2022-01-25,Lassen,035,31185,8120,7834,805,8639,55
2022-01-25,Los Angeles,037,10098052,2535560,2433516,115265,2548781,28293
2022-01-25,Madera,039,155013,33545,31794,4600,36394,329
2022-01-25,Marin,041,260295,30514,29589,1948,31537,253
2022-01-25,Mariposa,043,17540,2158,2069,117,2186,6
2022-01-25,Mendocino,045,87422,11750,11280,2102,13382,103
2022-01-25,Merced,047,269075,57419,55555,6339,61894,733
2022-01-25,Modoc,049,8938,664,652,228,880,6
2022-01-25,Mono,051,14174,2863,2826,111,2937,4
2022-01-25,Monterey,053,433212,70935,62498,9950,72448,654
2022-01-25,Napa,055,140530,22993,21668,749,22417,111
2022-01-25,Nevada,057,99092,14710,13944,969,14913,112
2022-01-25,Orange,059,3164182,516918,504274,38130,542404,5980
2022-01-25,Placer,061,380077,57737,55465,6633,62098,518
2022-01-25,Plumas,063,18699,2508,2397,245,2642,12
2022-01-25,Riverside,065,2383286,557254,540723,26074,566797,5686
2022-01-25,Sacramento,067,1510023,253275,244468,22243,266711,2545
2022-01-25,San Benito,069,59416,11823,11446,444,11890,88
2022-01-25,San Bernardino,071,2135413,533994,519150,22594,541744,6288
2022-01-25,San Diego,073,3302833,692341,670110,44627,714737,4604
2022-01-25,San Francisco,075,870044,114228,106254,7936,114190,703
2022-01-25,San Joaquin,077,732212,153676,147271,8452,155723,1972
2022-01-25,San Luis Obispo,079,281455,47365,45130,3124,48254,391
2022-01-25,San Mateo,081,765935,110168,98010,5963,103973,586
2022-01-25,Santa Barbara,083,443738,77912,74686,4145,78831,594
2022-01-25,Santa Clara,085,1922200,279597,268031,10423,278454,2006
2022-01-25,Santa Cruz,087,273765,40100,37850,1729,39579,237
2022-01-25,Shasta,089,179085,28009,27090,5372,32462,452
2022-01-25,Sierra,091,2930,265,260,33,293,0
2022-01-25,Siskiyou,093,43540,4044,3958,2287,6245,65
2022-01-25,Solano,095,438530,72831,68657,4791,73448,399
2022-01-25,Sonoma,097,501317,75246,71633,1683,73316,423
2022-01-25,Stanislaus,099,539301,109588,105965,14573,120538,1396
2022-01-25,Sutter,101,95872,18977,18508,1357,19865,200
2022-01-25,Tehama,103,63373,11016,10669,2334,13003,145
2022-01-25,Trinity,105,12862,1077,999,263,1262,19
2022-01-25,Tulare,107,460477,94771,91237,24353,115590,1229
2022-01-25,Tuolumne,109,53932,11040,10516,380,10896,91
2022-01-25,Ventura,111,848112,162605,157971,8722,166693,1263
2022-01-25,Yolo,113,214977,33013,31677,2689,34366,274
2022-01-25,Yuba,115,75493,14472,14038,932,14970,103
2022-01-24,Alameda,001,1643700,228217,216252,11639,227891,1581
2022-01-24,Alpine,003,1148,122,120,1,121,0
2022-01-24,Amador,005,37829,7578,7166,440,7606,73
2022-01-24,Butte,007,227075,29838,28607,5796,34403,350
2022-01-24,Calaveras,009,45235,6565,6172,227,6399,95
2022-01-24,Colusa,011,21464,3168,3052,950,4002,21
2022-01-24,Contra Costa,013,1133247,170334,162161,10596,172757,1092
2022-01-24,Del Norte,015,27424,4628,4460,114,4574,43
2022-01-24,El Dorado,017,186661,24725,23128,2868,25996,179
2022-01-24,Fresno,019,978130,203170,196092,18882,214974,2430
2022-01-24,Glenn,021,27897,4526,4367,1379,5746,39
2022-01-24,Humboldt,023,135768,15016,14416,2268,16684,126
2022-01-24,Imperial,025,180216,50119,48228,8758,56986,824
2022-01-24,Inyo,027,18085,3904,3805,298,4103,50
2022-01-24,Kern,029,883053,176791,169892,39186,209078,1946
2022-01-24,Kings,031,150075,45559,43260,3005,46265,396
2022-01-24,Lake,033,64148,9132,8423,666,9089,118
2022-01-24,Lassen,035,31185,8027,7732,783,8515,55
2022-01-24,Los Angeles,037,10098052,2519191,2391045,114627,2505672,28230
2022-01-24,Madera,039,155013,33107,31339,4415,35754,329
2022-01-24,Marin,041,260295,30282,29301,1912,31213,253
2022-01-24,Mariposa,043,17540,2133,2033,113,2146,6
2022-01-24,Mendocino,045,87422,11640,11002,2023,13025,103
2022-01-24,Merced,047,269075,56921,54970,6057,61027,730
2022-01-24,Modoc,049,8938,661,648,227,875,6
2022-01-24,Mono,051,14174,2852,2802,109,2911,4
2022-01-24,Monterey,053,433212,70110,61975,9578,71553,654
2022-01-24,Napa,055,140530,22811,21494,736,22230,111
2022-01-24,Nevada,057,99092,14566,13774,946,14720,112
2022-01-24,Orange,059,3164182,514273,501634,37865,539499,5969
2022-01-24,Placer,061,380077,57230,54933,6583,61516,518
2022-01-24,Plumas,063,18699,2486,2370,229,2599,12
2022-01-24,Riverside,065,2383286,553554,535962,25863,561825,5661
2022-01-24,Sacramento,067,1510023,250957,241522,21668,263190,2526
2022-01-24,San Benito,069,59416,11728,11331,431,11762,88
2022-01-24,San Bernardino,071,2135413,531232,515604,22454,538058,6285
2022-01-24,San Diego,073,3302833,686725,663580,44109,707689,4586
2022-01-24,San Francisco,075,870044,113190,105418,7819,113237,703
2022-01-24,San Joaquin,077,732212,152345,145984,8406,154390,1959
2022-01-24,San Luis Obispo,079,281455,46893,44616,3069,47685,387
2022-01-24,San Mateo,081,765935,109243,96968,5840,102808,586
2022-01-24,Santa Barbara,083,443738,77050,73866,4048,77914,591
2022-01-24,Santa Clara,085,1922200,276652,265341,10222,275563,2006
2022-01-24,Santa Cruz,087,273765,39266,37188,1710,38898,237
2022-01-24,Shasta,089,179085,27820,26871,5282,32153,452
2022-01-24,Sierra,091,2930,265,258,33,291,0
2022-01-24,Siskiyou,093,43540,4031,3934,2244,6178,64
2022-01-24,Solano,095,438530,72150,68094,4714,72808,400
2022-01-24,Sonoma,097,501317,74335,70733,1660,72393,423
2022-01-24,Stanislaus,099,539301,108832,104933,14339,119272,1395
2022-01-24,Sutter,101,95872,18859,18336,1272,19608,200
2022-01-24,Tehama,103,63373,10944,10567,2315,12882,145
2022-01-24,Trinity,105,12862,1068,978,261,1239,19
2022-01-24,Tulare,107,460477,93762,90089,23963,114052,1219
2022-01-24,Tuolumne,109,53932,10933,10374,367,10741,91
2022-01-24,Ventura,111,848112,161570,156551,8679,165230,1261
2022-01-24,Yolo,113,214977,32729,31480,2654,34134,273
2022-01-24,Yuba,115,75493,14363,13862,892,14754,103
2022-01-23,Alameda,001,1643700,225532,214003,11295,225298,1583
2022-01-23,Alpine,003,1148,122,120,1,121,0
2022-01-23,Amador,005,37829,7523,7090,400,7490,73
2022-01-23,Butte,007,227075,29544,28340,5689,34029,350
2022-01-23,Calaveras,009,45235,6496,6095,204,6299,95
2022-01-23,Colusa,011,21464,3138,3040,943,3983,21
2022-01-23,Contra Costa,013,1133247,168463,160798,10233,171031,1092
2022-01-23,Del Norte,015,27424,4553,4419,106,4525,43
2022-01-23,El Dorado,017,186661,24528,22925,2820,25745,179
2022-01-23,Fresno,019,978130,200710,193642,18445,212087,2430
2022-01-23,Glenn,021,27897,4475,4340,1356,5696,39
2022-01-23,Humboldt,023,135768,14894,14296,2184,16480,126
2022-01-23,Imperial,025,180216,49526,47935,8462,56397,824
2022-01-23,Inyo,027,18085,3878,3781,283,4064,50
2022-01-23,Kern,029,883053,175432,168585,38743,207328,1946
2022-01-23,Kings,031,150075,44927,42622,2911,45533,397
2022-01-23,Lake,033,64148,8962,8363,635,8998,118
2022-01-23,Lassen,035,31185,7970,7710,759,8469,55
2022-01-23,Los Angeles,037,10098052,2499064,2390590,113635,2504225,28231
2022-01-23,Madera,039,155013,32740,30962,4170,35132,329
2022-01-23,Marin,041,260295,30031,29025,1874,30899,253
2022-01-23,Mariposa,043,17540,2118,2011,110,2121,6
2022-01-23,Mendocino,045,87422,11513,10889,1899,12788,103
2022-01-23,Merced,047,269075,56377,54644,5612,60256,730
2022-01-23,Modoc,049,8938,659,645,224,869,6
2022-01-23,Mono,051,14174,2844,2788,106,2894,4
2022-01-23,Monterey,053,433212,69281,61522,9126,70648,654
2022-01-23,Napa,055,140530,22547,21281,724,22005,111
2022-01-23,Nevada,057,99092,14392,13629,916,14545,112
2022-01-23,Orange,059,3164182,511115,498968,37560,536528,5970
2022-01-23,Placer,061,380077,56648,54568,6486,61054,518
2022-01-23,Plumas,063,18699,2464,2368,200,2568,12
2022-01-23,Riverside,065,2383286,549128,532273,25559,557832,5661
2022-01-23,Sacramento,067,1510023,248360,239589,20688,260277,2530
2022-01-23,San Benito,069,59416,11604,11225,420,11645,88
2022-01-23,San Bernardino,071,2135413,527957,512657,22210,534867,6281
2022-01-23,San Diego,073,3302833,680180,640215,43386,683601,4566
2022-01-23,San Francisco,075,870044,112043,104485,7682,112167,704
2022-01-23,San Joaquin,077,732212,150726,144621,8331,152952,1959
2022-01-23,San Luis Obispo,079,281455,46204,44183,2991,47174,386
2022-01-23,San Mateo,081,765935,108155,95940,5692,101632,586
2022-01-23,Santa Barbara,083,443738,75924,73041,3922,76963,590
2022-01-23,Santa Clara,085,1922200,273293,261991,9892,271883,2005
2022-01-23,Santa Cruz,087,273765,38724,36547,1681,38228,237
2022-01-23,Shasta,089,179085,27522,26732,5159,31891,452
2022-01-23,Sierra,091,2930,264,252,33,285,0
2022-01-23,Siskiyou,093,43540,4005,3916,2186,6102,64
2022-01-23,Solano,095,438530,71353,67457,4617,72074,400
2022-01-23,Sonoma,097,501317,73388,69791,1623,71414,423
2022-01-23,Stanislaus,099,539301,107969,104067,14070,118137,1395
2022-01-23,Sutter,101,95872,18698,18175,1168,19343,200
2022-01-23,Tehama,103,63373,10840,10481,2283,12764,145
2022-01-23,Trinity,105,12862,1065,961,259,1220,19
2022-01-23,Tulare,107,460477,92615,89120,23518,112638,1219
2022-01-23,Tuolumne,109,53932,10778,10243,349,10592,91
2022-01-23,Ventura,111,848112,160388,155052,8606,163658,1261
2022-01-23,Yolo,113,214977,32367,30908,2611,33519,273
2022-01-23,Yuba,115,75493,14236,13762,837,14599,103
2022-01-22,Alameda,001,1643700,224468,203927,11266,215193,1575
2022-01-22,Alpine,003,1148,121,119,1,120,0
2022-01-22,Amador,005,37829,7491,6845,395,7240,73
2022-01-22,Butte,007,227075,29428,27232,5661,32893,350
2022-01-22,Calaveras,009,45235,6465,5835,203,6038,95
2022-01-22,Colusa,011,21464,3121,2954,941,3895,21
2022-01-22,Contra Costa,013,1133247,167523,154111,10204,164315,1091
2022-01-22,Del Norte,015,27424,4532,4269,105,4374,43
2022-01-22,El Dorado,017,186661,24457,22273,2809,25082,179
2022-01-22,Fresno,019,978130,199896,185292,18394,203686,2429
2022-01-22,Glenn,021,27897,4469,4174,1353,5527,39
2022-01-22,Humboldt,023,135768,14825,13628,2171,15799,125
2022-01-22,Imperial,025,180216,49334,45741,8402,54143,820
2022-01-22,Inyo,027,18085,3874,3706,259,3965,50
2022-01-22,Kern,029,883053,174818,162902,38521,201423,1946
2022-01-22,Kings,031,150075,44736,40580,2907,43487,396
2022-01-22,Lake,033,64148,8928,8056,624,8680,118
2022-01-22,Lassen,035,31185,7930,7545,752,8297,55
2022-01-22,Los Angeles,037,10098052,2491722,2286280,113125,2399405,28038
2022-01-22,Madera,039,155013,32622,29595,4156,33751,329
2022-01-22,Marin,041,260295,29908,27893,1872,29765,253
2022-01-22,Mariposa,043,17540,2114,1920,110,2030,6
2022-01-22,Mendocino,045,87422,11464,10395,1877,12272,103
2022-01-22,Merced,047,269075,56234,53025,5603,58628,727
2022-01-22,Modoc,049,8938,658,639,224,863,6
2022-01-22,Mono,051,14174,2843,2723,105,2828,4
2022-01-22,Monterey,053,433212,69075,59038,9095,68133,651
2022-01-22,Napa,055,140530,22452,20402,713,21115,111
2022-01-22,Nevada,057,99092,14334,12957,908,13865,112
2022-01-22,Orange,059,3164182,509496,480329,37293,517622,5946
2022-01-22,Placer,061,380077,56399,52557,6456,59013,512
2022-01-22,Plumas,063,18699,2447,2289,196,2485,12
2022-01-22,Riverside,065,2383286,547213,513567,25486,539053,5623
2022-01-22,Sacramento,067,1510023,247442,230206,20599,250805,2510
2022-01-22,San Benito,069,59416,11544,10743,415,11158,88
2022-01-22,San Bernardino,071,2135413,526500,495209,22133,517342,6267
2022-01-22,San Diego,073,3302833,677730,628904,43223,672127,4559
2022-01-22,San Francisco,075,870044,111385,100238,7524,107762,702
2022-01-22,San Joaquin,077,732212,150296,138264,8303,146567,1960
2022-01-22,San Luis Obispo,079,281455,46085,42154,2984,45138,385
2022-01-22,San Mateo,081,765935,107578,91440,5623,97063,585
2022-01-22,Santa Barbara,083,443738,75505,69555,3916,73471,589
2022-01-22,Santa Clara,085,1922200,271575,249205,9826,259031,1993
2022-01-22,Santa Cruz,087,273765,38539,33741,1677,35418,237
2022-01-22,Shasta,089,179085,27429,25919,5137,31056,450
2022-01-22,Sierra,091,2930,264,248,32,280,0
2022-01-22,Siskiyou,093,43540,3989,3845,2170,6015,62
2022-01-22,Solano,095,438530,71126,63882,4578,68460,391
2022-01-22,Sonoma,097,501317,72982,66013,1614,67627,422
2022-01-22,Stanislaus,099,539301,107511,100092,14001,114093,1393
2022-01-22,Sutter,101,95872,18633,17616,1159,18775,199
2022-01-22,Tehama,103,63373,10805,10171,2278,12449,142
2022-01-22,Trinity,105,12862,1063,925,259,1184,19
2022-01-22,Tulare,107,460477,92253,85223,23415,108638,1211
2022-01-22,Tuolumne,109,53932,10716,9731,343,10074,91
2022-01-22,Ventura,111,848112,159683,148742,8576,157318,1250
2022-01-22,Yolo,113,214977,32196,30061,2595,32656,273
2022-01-22,Yuba,115,75493,14145,13288,832,14120,103
2022-01-21,Alameda,001,1643700,222893,203927,11235,215162,1575
2022-01-21,Alpine,003,1148,121,119,1,120,0
2022-01-21,Amador,005,37829,7435,6845,392,7237,73
2022-01-21,Butte,007,227075,29292,27232,5615,32847,350
2022-01-21,Calaveras,009,45235,6423,5835,203,6038,95
2022-01-21,Colusa,011,21464,3114,2954,939,3893,21
2022-01-21,Contra Costa,013,1133247,166466,154111,10125,164236,1091
2022-01-21,Del Norte,015,27424,4494,4269,105,4374,43
2022-01-21,El Dorado,017,186661,24378,22273,2792,25065,179
2022-01-21,Fresno,019,978130,198650,185292,18329,203621,2429
2022-01-21,Glenn,021,27897,4451,4174,1348,5522,39
2022-01-21,Humboldt,023,135768,14753,13628,2152,15780,125
2022-01-21,Imperial,025,180216,49140,45741,8313,54054,820
2022-01-21,Inyo,027,18085,3861,3706,253,3959,50
2022-01-21,Kern,029,883053,174110,162902,38241,201143,1946
2022-01-21,Kings,031,150075,44550,40580,2901,43481,396
2022-01-21,Lake,033,64148,8876,8056,611,8667,118
2022-01-21,Lassen,035,31185,7888,7545,748,8293,55
2022-01-21,Los Angeles,037,10098052,2480513,2286280,112667,2398947,28038
2022-01-21,Madera,039,155013,32325,29595,4128,33723,329
2022-01-21,Marin,041,260295,29727,27893,1846,29739,253
2022-01-21,Mariposa,043,17540,2102,1920,109,2029,6
2022-01-21,Mendocino,045,87422,11386,10395,1874,12269,103
2022-01-21,Merced,047,269075,56083,53025,5602,58627,727
2022-01-21,Modoc,049,8938,657,639,224,863,6
2022-01-21,Mono,051,14174,2826,2723,103,2826,4
2022-01-21,Monterey,053,433212,68623,59038,8989,68027,651
2022-01-21,Napa,055,140530,22332,20402,706,21108,111
2022-01-21,Nevada,057,99092,14237,12957,904,13861,112
2022-01-21,Orange,059,3164182,507251,480329,37058,517387,5946
2022-01-21,Placer,061,380077,56009,52557,6395,58952,512
2022-01-21,Plumas,063,18699,2436,2289,191,2480,12
2022-01-21,Riverside,065,2383286,544558,513567,25409,538976,5623
2022-01-21,Sacramento,067,1510023,246060,230206,20528,250734,2510
2022-01-21,San Benito,069,59416,11509,10743,412,11155,88
2022-01-21,San Bernardino,071,2135413,524567,495209,22072,517281,6267
2022-01-21,San Diego,073,3302833,673596,628904,43098,672002,4559
2022-01-21,San Francisco,075,870044,110607,100238,7409,107647,702
2022-01-21,San Joaquin,077,732212,149710,138264,8268,146532,1960
2022-01-21,San Luis Obispo,079,281455,45959,42154,2982,45136,385
2022-01-21,San Mateo,081,765935,106905,91440,5578,97018,585
2022-01-21,Santa Barbara,083,443738,75009,69555,3907,73462,589
2022-01-21,Santa Clara,085,1922200,269718,249205,9717,258922,1993
2022-01-21,Santa Cruz,087,273765,37817,33741,1668,35409,237
2022-01-21,Shasta,089,179085,27341,25919,5088,31007,450
2022-01-21,Sierra,091,2930,262,248,31,279,0
2022-01-21,Siskiyou,093,43540,3983,3845,2154,5999,62
2022-01-21,Solano,095,438530,70714,63882,4496,68378,391
2022-01-21,Sonoma,097,501317,72459,66013,1604,67617,422
2022-01-21,Stanislaus,099,539301,107006,100092,13951,114043,1393
2022-01-21,Sutter,101,95872,18545,17616,1142,18758,199
2022-01-21,Tehama,103,63373,10773,10171,2277,12448,142
2022-01-21,Trinity,105,12862,1056,925,258,1183,19
2022-01-21,Tulare,107,460477,91811,85223,23270,108493,1211
2022-01-21,Tuolumne,109,53932,10638,9731,336,10067,91
2022-01-21,Ventura,111,848112,158862,148742,8547,157289,1250
2022-01-21,Yolo,113,214977,32032,30061,2573,32634,273
2022-01-21,Yuba,115,75493,14075,13288,827,14115,103
2022-01-20,Alameda,001,1643700,219789,203927,10989,214916,1575
2022-01-20,Alpine,003,1148,121,119,1,120,0
2022-01-20,Amador,005,37829,7370,6845,374,7219,73
2022-01-20,Butte,007,227075,29016,27232,5527,32759,350
2022-01-20,Calaveras,009,45235,6307,5835,194,6029,95
2022-01-20,Colusa,011,21464,3078,2954,928,3882,21
2022-01-20,Contra Costa,013,1133247,164494,154111,9863,163974,1091
2022-01-20,Del Norte,015,27424,4451,4269,103,4372,43
2022-01-20,El Dorado,017,186661,24174,22273,2743,25016,179
2022-01-20,Fresno,019,978130,196073,185292,17978,203270,2429
2022-01-20,Glenn,021,27897,4417,4174,1339,5513,39
2022-01-20,Humboldt,023,135768,14621,13628,2100,15728,125
2022-01-20,Imperial,025,180216,48565,45741,8139,53880,820
2022-01-20,Inyo,027,18085,3849,3706,242,3948,50
2022-01-20,Kern,029,883053,172627,162902,37763,200665,1946
2022-01-20,Kings,031,150075,44020,40580,2855,43435,396
2022-01-20,Lake,033,64148,8777,8056,591,8647,118
2022-01-20,Lassen,035,31185,7842,7545,729,8274,55
2022-01-20,Los Angeles,037,10098052,2455866,2286280,111668,2397948,28038
2022-01-20,Madera,039,155013,31926,29595,4001,33596,329
2022-01-20,Marin,041,260295,29411,27893,1809,29702,253
2022-01-20,Mariposa,043,17540,2074,1920,106,2026,6
2022-01-20,Mendocino,045,87422,11286,10395,1799,12194,103
2022-01-20,Merced,047,269075,55648,53025,5374,58399,727
2022-01-20,Modoc,049,8938,655,639,224,863,6
2022-01-20,Mono,051,14174,2817,2723,102,2825,4
2022-01-20,Monterey,053,433212,67870,59038,8583,67621,651
2022-01-20,Napa,055,140530,22063,20402,668,21070,111
2022-01-20,Nevada,057,99092,14076,12957,880,13837,112
2022-01-20,Orange,059,3164182,503139,480329,36730,517059,5946
2022-01-20,Placer,061,380077,55538,52557,6339,58896,512
2022-01-20,Plumas,063,18699,2416,2289,187,2476,12
2022-01-20,Riverside,065,2383286,539955,513567,25164,538731,5623
2022-01-20,Sacramento,067,1510023,243792,230206,19872,250078,2510
2022-01-20,San Benito,069,59416,11397,10743,399,11142,88
2022-01-20,San Bernardino,071,2135413,520596,495209,21807,517016,6267
2022-01-20,San Diego,073,3302833,666619,628904,42479,671383,4559
2022-01-20,San Francisco,075,870044,109396,100238,7255,107493,702
2022-01-20,San Joaquin,077,732212,148056,138264,8173,146437,1960
2022-01-20,San Luis Obispo,079,281455,45450,42154,2948,45102,385
2022-01-20,San Mateo,081,765935,105709,91440,5365,96805,585
2022-01-20,Santa Barbara,083,443738,74092,69555,3796,73351,589
2022-01-20,Santa Clara,085,1922200,266340,249205,9380,258585,1993
2022-01-20,Santa Cruz,087,273765,36934,33741,1652,35393,237
2022-01-20,Shasta,089,179085,27150,25919,5019,30938,450
2022-01-20,Sierra,091,2930,262,248,29,277,0
2022-01-20,Siskiyou,093,43540,3970,3845,2118,5963,62
2022-01-20,Solano,095,438530,69742,63882,4410,68292,391
2022-01-20,Sonoma,097,501317,71441,66013,1566,67579,422
2022-01-20,Stanislaus,099,539301,106057,100092,13752,113844,1393
2022-01-20,Sutter,101,95872,18382,17616,1121,18737,199
2022-01-20,Tehama,103,63373,10696,10171,2258,12429,142
2022-01-20,Trinity,105,12862,1044,925,256,1181,19
2022-01-20,Tulare,107,460477,90830,85223,22967,108190,1211
2022-01-20,Tuolumne,109,53932,10513,9731,324,10055,91
2022-01-20,Ventura,111,848112,157481,148742,8475,157217,1250
2022-01-20,Yolo,113,214977,31752,30061,2536,32597,273
2022-01-20,Yuba,115,75493,13967,13288,794,14082,103
2022-01-19,Alameda,001,1643700,216419,199739,10654,210393,1571
2022-01-19,Alpine,003,1148,120,119,1,120,0
2022-01-19,Amador,005,37829,7290,6789,331,7120,73
2022-01-19,Butte,007,227075,28699,26839,5454,32293,351
2022-01-19,Calaveras,009,45235,6209,5765,185,5950,95
2022-01-19,Colusa,011,21464,3048,2938,914,3852,21
2022-01-19,Contra Costa,013,1133247,162188,151543,9621,161164,1091
2022-01-19,Del Norte,015,27424,4406,4240,101,4341,43
2022-01-19,El Dorado,017,186661,23916,21953,2700,24653,177
2022-01-19,Fresno,019,978130,193240,181526,17707,199233,2430
2022-01-19,Glenn,021,27897,4366,4127,1330,5457,39
2022-01-19,Humboldt,023,135768,14449,13391,2046,15437,125
2022-01-19,Imperial,025,180216,47819,45156,7935,53091,820
2022-01-19,Inyo,027,18085,3826,3680,203,3883,49
2022-01-19,Kern,029,883053,170877,160747,37179,197926,1946
2022-01-19,Kings,031,150075,43333,40027,2792,42819,395
2022-01-19,Lake,033,64148,8652,7972,578,8550,118
2022-01-19,Lassen,035,31185,7777,7507,705,8212,55
2022-01-19,Los Angeles,037,10098052,2427504,2251718,110232,2361950,27934
2022-01-19,Madera,039,155013,31533,29021,3823,32844,329
2022-01-19,Marin,041,260295,29094,27375,1769,29144,251
2022-01-19,Mariposa,043,17540,2048,1896,100,1996,6
2022-01-19,Mendocino,045,87422,11108,10252,1705,11957,103
2022-01-19,Merced,047,269075,55084,52355,5019,57374,724
2022-01-19,Modoc,049,8938,653,635,223,858,6
2022-01-19,Mono,051,14174,2797,2677,100,2777,4
2022-01-19,Monterey,053,433212,66966,58426,8124,66550,651
2022-01-19,Napa,055,140530,21809,20090,638,20728,110
2022-01-19,Nevada,057,99092,13924,12703,851,13554,112
2022-01-19,Orange,059,3164182,498413,468460,36336,504796,5943
2022-01-19,Placer,061,380077,54982,51545,6270,57815,511
2022-01-19,Plumas,063,18699,2386,2239,179,2418,12
2022-01-19,Riverside,065,2383286,534364,503575,24925,528500,5604
2022-01-19,Sacramento,067,1510023,240913,226035,19095,245130,2512
2022-01-19,San Benito,069,59416,11256,10639,387,11026,88
2022-01-19,San Bernardino,071,2135413,516121,487846,21467,509313,6265
2022-01-19,San Diego,073,3302833,657936,614709,41856,656565,4553
2022-01-19,San Francisco,075,870044,107985,98652,7169,105821,694
2022-01-19,San Joaquin,077,732212,146143,135953,8080,144033,1959
2022-01-19,San Luis Obispo,079,281455,44850,41374,2883,44257,382
2022-01-19,San Mateo,081,765935,104343,89715,5096,94811,585
2022-01-19,Santa Barbara,083,443738,73066,68531,3692,72223,586
2022-01-19,Santa Clara,085,1922200,262557,244922,9008,253930,1991
2022-01-19,Santa Cruz,087,273765,35669,33026,1632,34658,237
2022-01-19,Shasta,089,179085,26882,25355,4948,30303,450
2022-01-19,Sierra,091,2930,262,245,28,273,0
2022-01-19,Siskiyou,093,43540,3948,3821,2061,5882,62
2022-01-19,Solano,095,438530,68908,63003,4289,67292,392
2022-01-19,Sonoma,097,501317,70332,64689,1537,66226,420
2022-01-19,Stanislaus,099,539301,105005,98952,13478,112430,1381
2022-01-19,Sutter,101,95872,18216,17436,1055,18491,199
2022-01-19,Tehama,103,63373,10579,10064,2211,12275,142
2022-01-19,Trinity,105,12862,1030,916,255,1171,19
2022-01-19,Tulare,107,460477,89648,83743,22498,106241,1200
2022-01-19,Tuolumne,109,53932,10368,9613,295,9908,91
2022-01-19,Ventura,111,848112,155955,144738,8403,153141,1234
2022-01-19,Yolo,113,214977,31400,29392,2498,31890,273
2022-01-19,Yuba,115,75493,13806,13114,781,13895,104
2022-01-18,Alameda,001,1643700,213045,195728,10336,206064,1566
2022-01-18,Alpine,003,1148,120,118,1,119,0
2022-01-18,Amador,005,37829,7152,6691,292,6983,73
2022-01-18,Butte,007,227075,28306,26514,5359,31873,347
2022-01-18,Calaveras,009,45235,6126,5684,170,5854,94
2022-01-18,Colusa,011,21464,3007,2903,909,3812,21
2022-01-18,Contra Costa,013,1133247,160180,149446,9248,158694,1085
2022-01-18,Del Norte,015,27424,4342,4229,97,4326,43
2022-01-18,El Dorado,017,186661,23529,21707,2654,24361,175
2022-01-18,Fresno,019,978130,189940,178922,17313,196235,2425
2022-01-18,Glenn,021,27897,4333,4070,1318,5388,39
2022-01-18,Humboldt,023,135768,14275,13218,1977,15195,125
2022-01-18,Imperial,025,180216,47133,44742,7738,52480,819
2022-01-18,Inyo,027,18085,3785,3654,192,3846,49
2022-01-18,Kern,029,883053,168883,158864,36513,195377,1943
2022-01-18,Kings,031,150075,42515,39440,2720,42160,392
2022-01-18,Lake,033,64148,8541,7919,553,8472,117
2022-01-18,Lassen,035,31185,7687,7461,662,8123,55
2022-01-18,Los Angeles,037,10098052,2393976,2227360,108795,2336155,27871
2022-01-18,Madera,039,155013,31007,28717,3634,32351,329
2022-01-18,Marin,041,260295,28808,27036,1727,28763,251
2022-01-18,Mariposa,043,17540,2023,1872,96,1968,6
2022-01-18,Mendocino,045,87422,10941,10114,1623,11737,103
2022-01-18,Merced,047,269075,54483,51746,4740,56486,718
2022-01-18,Modoc,049,8938,651,633,218,851,6
2022-01-18,Mono,051,14174,2774,2643,99,2742,4
2022-01-18,Monterey,053,433212,66189,57846,7646,65492,650
2022-01-18,Napa,055,140530,21472,19911,617,20528,109
2022-01-18,Nevada,057,99092,13724,12584,806,13390,111
2022-01-18,Orange,059,3164182,492947,461324,35832,497156,5938
2022-01-18,Placer,061,380077,54314,50983,6187,57170,508
2022-01-18,Plumas,063,18699,2355,2218,173,2391,12
2022-01-18,Riverside,065,2383286,528328,497278,24614,521892,5599
2022-01-18,Sacramento,067,1510023,237922,223745,18045,241790,2496
2022-01-18,San Benito,069,59416,11113,10520,373,10893,88
2022-01-18,San Bernardino,071,2135413,510946,483753,21067,504820,6258
2022-01-18,San Diego,073,3302833,647825,605137,40949,646086,4547
2022-01-18,San Francisco,075,870044,106417,96505,7034,103539,694
2022-01-18,San Joaquin,077,732212,144189,134365,7936,142301,1957
2022-01-18,San Luis Obispo,079,281455,44165,40848,2798,43646,381
2022-01-18,San Mateo,081,765935,102857,88225,4895,93120,585
2022-01-18,Santa Barbara,083,443738,71818,67216,3517,70733,581
2022-01-18,Santa Clara,085,1922200,258363,240281,8605,248886,1986
2022-01-18,Santa Cruz,087,273765,35042,32203,1607,33810,237
2022-01-18,Shasta,089,179085,26601,25162,4849,30011,448
2022-01-18,Sierra,091,2930,258,244,28,272,0
2022-01-18,Siskiyou,093,43540,3915,3799,2014,5813,62
2022-01-18,Solano,095,438530,68064,62204,4180,66384,391
2022-01-18,Sonoma,097,501317,68965,63714,1489,65203,419
2022-01-18,Stanislaus,099,539301,103791,98000,13134,111134,1379
2022-01-18,Sutter,101,95872,18032,17295,999,18294,198
2022-01-18,Tehama,103,63373,10469,9975,2155,12130,142
2022-01-18,Trinity,105,12862,1018,907,254,1161,19
2022-01-18,Tulare,107,460477,88259,82667,22026,104693,1196
2022-01-18,Tuolumne,109,53932,10209,9528,283,9811,91
2022-01-18,Ventura,111,848112,154236,143384,8330,151714,1233
2022-01-18,Yolo,113,214977,31028,28786,2449,31235,270
2022-01-18,Yuba,115,75493,13644,12971,756,13727,101
2022-01-17,Alameda,001,1643700,208342,193276,9747,203023,1565
2022-01-17,Alpine,003,1148,119,118,0,118,0
2022-01-17,Amador,005,37829,7042,6640,233,6873,73
2022-01-17,Butte,007,227075,27921,26303,5246,31549,348
2022-01-17,Calaveras,009,45235,5985,5584,142,5726,94
2022-01-17,Colusa,011,21464,2982,2905,903,3808,21
2022-01-17,Contra Costa,013,1133247,157426,147993,8763,156756,1086
2022-01-17,Del Norte,015,27424,4294,4209,89,4298,43
2022-01-17,El Dorado,017,186661,23278,21540,2572,24112,175
2022-01-17,Fresno,019,978130,186457,176959,16851,193810,2426
2022-01-17,Glenn,021,27897,4276,4055,1304,5359,39
2022-01-17,Humboldt,023,135768,14064,13120,1812,14932,125
2022-01-17,Imperial,025,180216,46468,44412,7584,51996,821
2022-01-17,Inyo,027,18085,3763,3650,166,3816,49
2022-01-17,Kern,029,883053,166385,157645,35774,193419,1944
2022-01-17,Kings,031,150075,41338,39143,2596,41739,392
2022-01-17,Lake,033,64148,8392,7864,510,8374,117
2022-01-17,Lassen,035,31185,7580,7417,623,8040,55
2022-01-17,Los Angeles,037,10098052,2354688,2205740,106786,2312526,27832
2022-01-17,Madera,039,155013,30355,28568,3445,32013,329
2022-01-17,Marin,041,260295,28392,26633,1665,28298,251
2022-01-17,Mariposa,043,17540,1997,1862,90,1952,6
2022-01-17,Mendocino,045,87422,10718,10030,1495,11525,103
2022-01-17,Merced,047,269075,53805,51227,4177,55404,718
2022-01-17,Modoc,049,8938,647,630,218,848,6
2022-01-17,Mono,051,14174,2751,2642,97,2739,4
2022-01-17,Monterey,053,433212,65077,57318,7153,64471,647
2022-01-17,Napa,055,140530,21126,19647,595,20242,109
2022-01-17,Nevada,057,99092,13528,12414,766,13180,111
2022-01-17,Orange,059,3164182,486868,457418,35374,492792,5933
2022-01-17,Placer,061,380077,53528,50511,6025,56536,508
2022-01-17,Plumas,063,18699,2326,2205,142,2347,12
2022-01-17,Riverside,065,2383286,521482,491322,24149,515471,5600
2022-01-17,Sacramento,067,1510023,233904,221143,16638,237781,2497
2022-01-17,San Benito,069,59416,10945,10432,345,10777,88
2022-01-17,San Bernardino,071,2135413,504822,480243,20560,500803,6259
2022-01-17,San Diego,073,3302833,635814,569241,39829,609070,4545
2022-01-17,San Francisco,075,870044,104541,95292,6775,102067,694
2022-01-17,San Joaquin,077,732212,141309,133414,7792,141206,1958
2022-01-17,San Luis Obispo,079,281455,43338,40425,2697,43122,379
2022-01-17,San Mateo,081,765935,100925,87013,4634,91647,585
2022-01-17,Santa Barbara,083,443738,70464,66704,3319,70023,581
2022-01-17,Santa Clara,085,1922200,253789,237934,8162,246096,1985
2022-01-17,Santa Cruz,087,273765,34203,31714,1582,33296,237
2022-01-17,Shasta,089,179085,26304,25025,4725,29750,448
2022-01-17,Sierra,091,2930,255,242,28,270,0
2022-01-17,Siskiyou,093,43540,3877,3764,1932,5696,62
2022-01-17,Solano,095,438530,67017,61497,3915,65412,391
2022-01-17,Sonoma,097,501317,67440,62763,1435,64198,419
2022-01-17,Stanislaus,099,539301,102463,96951,12672,109623,1379
2022-01-17,Sutter,101,95872,17828,17159,874,18033,198
2022-01-17,Tehama,103,63373,10332,9912,2088,12000,142
2022-01-17,Trinity,105,12862,1007,906,248,1154,19
2022-01-17,Tulare,107,460477,86620,81741,21457,103198,1199
2022-01-17,Tuolumne,109,53932,10081,9416,250,9666,91
2022-01-17,Ventura,111,848112,152112,142070,8220,150290,1234
2022-01-17,Yolo,113,214977,30515,28638,2382,31020,270
2022-01-17,Yuba,115,75493,13444,12871,700,13571,101
2022-01-16,Alameda,001,1643700,205331,190691,9494,200185,1564
2022-01-16,Alpine,003,1148,119,118,0,118,0
2022-01-16,Amador,005,37829,6968,6618,226,6844,73
2022-01-16,Butte,007,227075,27589,26139,5204,31343,348
2022-01-16,Calaveras,009,45235,5876,5537,138,5675,94
2022-01-16,Colusa,011,21464,2964,2886,892,3778,21
2022-01-16,Contra Costa,013,1133247,155519,146307,8562,154869,1086
2022-01-16,Del Norte,015,27424,4251,4177,88,4265,43
2022-01-16,El Dorado,017,186661,23011,21303,2531,23834,175
2022-01-16,Fresno,019,978130,183832,174818,16505,191323,2425
2022-01-16,Glenn,021,27897,4221,4049,1282,5331,39
2022-01-16,Humboldt,023,135768,13914,13075,1793,14868,125
2022-01-16,Imperial,025,180216,45879,44035,7453,51488,821
2022-01-16,Inyo,027,18085,3727,3602,144,3746,49
2022-01-16,Kern,029,883053,165150,156655,35108,191763,1944
2022-01-16,Kings,031,150075,40981,38861,2568,41429,392
2022-01-16,Lake,033,64148,8284,7823,476,8299,117
2022-01-16,Lassen,035,31185,7536,7391,612,8003,55
2022-01-16,Los Angeles,037,10098052,2331705,2174403,105309,2279712,27805
2022-01-16,Madera,039,155013,29983,28313,3392,31705,329
2022-01-16,Marin,041,260295,28090,26292,1649,27941,251
2022-01-16,Mariposa,043,17540,1969,1851,85,1936,6
2022-01-16,Mendocino,045,87422,10573,9992,1378,11370,102
2022-01-16,Merced,047,269075,53211,50882,4160,55042,718
2022-01-16,Modoc,049,8938,644,629,218,847,6
2022-01-16,Mono,051,14174,2747,2614,94,2708,4
2022-01-16,Monterey,053,433212,64303,57012,7029,64041,647
2022-01-16,Napa,055,140530,20860,19521,585,20106,109
2022-01-16,Nevada,057,99092,13292,12307,744,13051,111
2022-01-16,Orange,059,3164182,481519,451962,34844,486806,5932
2022-01-16,Placer,061,380077,52735,50076,5909,55985,508
2022-01-16,Plumas,063,18699,2289,2204,131,2335,12
2022-01-16,Riverside,065,2383286,515970,485191,23923,509114,5600
2022-01-16,Sacramento,067,1510023,230998,218819,15919,234738,2491
2022-01-16,San Benito,069,59416,10789,10377,343,10720,88
2022-01-16,San Bernardino,071,2135413,501141,474425,20356,494781,6259
2022-01-16,San Diego,073,3302833,628421,569241,39459,608700,4545
2022-01-16,San Francisco,075,870044,102822,94139,6615,100754,694
2022-01-16,San Joaquin,077,732212,139524,132214,7703,139917,1958
2022-01-16,San Luis Obispo,079,281455,42683,40113,2660,42773,379
2022-01-16,San Mateo,081,765935,99427,85966,4534,90500,585
2022-01-16,Santa Barbara,083,443738,69473,66111,3280,69391,582
2022-01-16,Santa Clara,085,1922200,250052,234293,8010,242303,1984
2022-01-16,Santa Cruz,087,273765,33555,31469,1570,33039,237
2022-01-16,Shasta,089,179085,26060,24980,4657,29637,449
2022-01-16,Sierra,091,2930,252,238,28,266,0
2022-01-16,Siskiyou,093,43540,3850,3748,1894,5642,62
2022-01-16,Solano,095,438530,66308,60885,3783,64668,391
2022-01-16,Sonoma,097,501317,66363,61842,1421,63263,419
2022-01-16,Stanislaus,099,539301,101388,96370,12528,108898,1379
2022-01-16,Sutter,101,95872,17627,16996,861,17857,198
2022-01-16,Tehama,103,63373,10254,9868,2068,11936,142
2022-01-16,Trinity,105,12862,1003,889,246,1135,19
2022-01-16,Tulare,107,460477,85342,80867,21202,102069,1199
2022-01-16,Tuolumne,109,53932,9978,9369,242,9611,91
2022-01-16,Ventura,111,848112,150523,140715,8149,148864,1234
2022-01-16,Yolo,113,214977,30142,28481,2326,30807,270
2022-01-16,Yuba,115,75493,13271,12760,694,13454,101
2022-01-15,Alameda,001,1643700,204009,177768,9445,187213,1561
2022-01-15,Alpine,003,1148,119,117,0,117,0
2022-01-15,Amador,005,37829,6937,6434,212,6646,72
2022-01-15,Butte,007,227075,27440,25032,5159,30191,348
2022-01-15,Calaveras,009,45235,5851,5258,138,5396,93
2022-01-15,Colusa,011,21464,2957,2796,886,3682,21
2022-01-15,Contra Costa,013,1133247,154317,137643,8518,146161,1082
2022-01-15,Del Norte,015,27424,4239,4065,87,4152,43
2022-01-15,El Dorado,017,186661,22917,20434,2516,22950,175
2022-01-15,Fresno,019,978130,182929,167361,16438,183799,2415
2022-01-15,Glenn,021,27897,4215,3906,1275,5181,39
2022-01-15,Humboldt,023,135768,13812,12419,1776,14195,123
2022-01-15,Imperial,025,180216,45739,42508,7345,49853,817
2022-01-15,Inyo,027,18085,3717,3395,144,3539,49
2022-01-15,Kern,029,883053,164330,150085,34793,184878,1938
2022-01-15,Kings,031,150075,40757,37221,2557,39778,391
2022-01-15,Lake,033,64148,8246,7641,465,8106,117
2022-01-15,Lassen,035,31185,7510,7274,608,7882,55
2022-01-15,Los Angeles,037,10098052,2320237,2047927,104341,2152268,27641
2022-01-15,Madera,039,155013,29837,27294,3371,30665,329
2022-01-15,Marin,041,260295,27896,25248,1642,26890,251
2022-01-15,Mariposa,043,17540,1962,1762,85,1847,6
2022-01-15,Mendocino,045,87422,10502,9534,1374,10908,102
2022-01-15,Merced,047,269075,53052,48904,4151,53055,715
2022-01-15,Modoc,049,8938,642,628,218,846,6
2022-01-15,Mono,051,14174,2742,2508,93,2601,4
2022-01-15,Monterey,053,433212,63814,55315,6990,62305,647
2022-01-15,Napa,055,140530,20742,17648,581,18229,109
2022-01-15,Nevada,057,99092,13234,11773,731,12504,111
2022-01-15,Orange,059,3164182,479039,433141,34579,467720,5914
2022-01-15,Placer,061,380077,52473,47780,5888,53668,501
2022-01-15,Plumas,063,18699,2271,2158,126,2284,12
2022-01-15,Riverside,065,2383286,513380,466381,23789,490170,5578
2022-01-15,Sacramento,067,1510023,230005,208156,15842,223998,2491
2022-01-15,San Benito,069,59416,10689,9868,337,10205,87
2022-01-15,San Bernardino,071,2135413,498964,454395,20229,474624,6233
2022-01-15,San Diego,073,3302833,624732,559385,39242,598627,4540
2022-01-15,San Francisco,075,870044,101841,88004,6471,94475,692
2022-01-15,San Joaquin,077,732212,138968,125136,7609,132745,1954
2022-01-15,San Luis Obispo,079,281455,42494,38231,2647,40878,374
2022-01-15,San Mateo,081,765935,98466,80494,4492,84986,582
2022-01-15,Santa Barbara,083,443738,68895,62312,3270,65582,579
2022-01-15,Santa Clara,085,1922200,247833,218986,7894,226880,1974
2022-01-15,Santa Cruz,087,273765,33227,29414,1566,30980,235
2022-01-15,Shasta,089,179085,25973,24482,4625,29107,445
2022-01-15,Sierra,091,2930,251,232,27,259,0
2022-01-15,Siskiyou,093,43540,3840,3661,1883,5544,62
2022-01-15,Solano,095,438530,66038,58061,3734,61795,389
2022-01-15,Sonoma,097,501317,65791,58181,1415,59596,418
2022-01-15,Stanislaus,099,539301,100805,92986,12431,105417,1379
2022-01-15,Sutter,101,95872,17539,16345,853,17198,197
2022-01-15,Tehama,103,63373,10211,9572,2053,11625,141
2022-01-15,Trinity,105,12862,1001,872,246,1118,19
2022-01-15,Tulare,107,460477,84969,77769,21105,98874,1192
2022-01-15,Tuolumne,109,53932,9887,9042,237,9279,91
2022-01-15,Ventura,111,848112,149743,134736,8113,142849,1227
2022-01-15,Yolo,113,214977,29972,27311,2307,29618,270
2022-01-15,Yuba,115,75493,13207,12200,690,12890,101
2022-01-14,Alameda,001,1643700,201975,177768,9394,187162,1561
2022-01-14,Alpine,003,1148,119,117,0,117,0
2022-01-14,Amador,005,37829,6861,6434,203,6637,72
2022-01-14,Butte,007,227075,27256,25032,5134,30166,348
2022-01-14,Calaveras,009,45235,5815,5258,137,5395,93
2022-01-14,Colusa,011,21464,2948,2796,877,3673,21
2022-01-14,Contra Costa,013,1133247,152879,137643,8418,146061,1082
2022-01-14,Del Norte,015,27424,4221,4065,86,4151,43
2022-01-14,El Dorado,017,186661,22757,20434,2500,22934,175
2022-01-14,Fresno,019,978130,181354,167361,16363,183724,2415
2022-01-14,Glenn,021,27897,4193,3906,1266,5172,39
2022-01-14,Humboldt,023,135768,13706,12419,1743,14162,123
2022-01-14,Imperial,025,180216,45596,42508,7330,49838,817
2022-01-14,Inyo,027,18085,3692,3395,140,3535,49
2022-01-14,Kern,029,883053,163339,150085,34422,184507,1938
2022-01-14,Kings,031,150075,40508,37221,2549,39770,391
2022-01-14,Lake,033,64148,8192,7641,453,8094,117
2022-01-14,Lassen,035,31185,7493,7274,600,7874,55
2022-01-14,Los Angeles,037,10098052,2301063,2047927,103310,2151237,27641
2022-01-14,Madera,039,155013,29600,27294,3348,30642,329
2022-01-14,Marin,041,260295,27639,25248,1599,26847,251
2022-01-14,Mariposa,043,17540,1947,1762,85,1847,6
2022-01-14,Mendocino,045,87422,10392,9534,1360,10894,102
2022-01-14,Merced,047,269075,52866,48904,4131,53035,715
2022-01-14,Modoc,049,8938,641,628,218,846,6
2022-01-14,Mono,051,14174,2722,2508,91,2599,4
2022-01-14,Monterey,053,433212,63144,55315,6922,62237,647
2022-01-14,Napa,055,140530,20567,17648,576,18224,109
2022-01-14,Nevada,057,99092,13121,11773,720,12493,111
2022-01-14,Orange,059,3164182,475361,433141,34300,467441,5914
2022-01-14,Placer,061,380077,52044,47780,5818,53598,501
2022-01-14,Plumas,063,18699,2262,2158,120,2278,12
2022-01-14,Riverside,065,2383286,509939,466381,23647,490028,5578
2022-01-14,Sacramento,067,1510023,228154,208156,15723,223879,2491
2022-01-14,San Benito,069,59416,10636,9868,336,10204,87
2022-01-14,San Bernardino,071,2135413,495936,454395,20056,474451,6233
2022-01-14,San Diego,073,3302833,619185,559385,39017,598402,4540
2022-01-14,San Francisco,075,870044,100685,88004,6285,94289,692
2022-01-14,San Joaquin,077,732212,138120,125136,7560,132696,1954
2022-01-14,San Luis Obispo,079,281455,42329,38231,2624,40855,374
2022-01-14,San Mateo,081,765935,97268,80494,4462,84956,582
2022-01-14,Santa Barbara,083,443738,68389,62312,3261,65573,579
2022-01-14,Santa Clara,085,1922200,245232,218986,7791,226777,1974
2022-01-14,Santa Cruz,087,273765,32897,29414,1562,30976,235
2022-01-14,Shasta,089,179085,25857,24482,4591,29073,445
2022-01-14,Sierra,091,2930,249,232,25,257,0
2022-01-14,Siskiyou,093,43540,3827,3661,1872,5533,62
2022-01-14,Solano,095,438530,65174,58061,3642,61703,389
2022-01-14,Sonoma,097,501317,65264,58181,1391,59572,418
2022-01-14,Stanislaus,099,539301,100201,92986,12334,105320,1379
2022-01-14,Sutter,101,95872,17417,16345,843,17188,197
2022-01-14,Tehama,103,63373,10162,9572,2042,11614,141
2022-01-14,Trinity,105,12862,996,872,245,1117,19
2022-01-14,Tulare,107,460477,84498,77769,20950,98719,1192
2022-01-14,Tuolumne,109,53932,9778,9042,232,9274,91
2022-01-14,Ventura,111,848112,148640,134736,8054,142790,1227
2022-01-14,Yolo,113,214977,29740,27311,2278,29589,270
2022-01-14,Yuba,115,75493,13102,12200,685,12885,101
2022-01-13,Alameda,001,1643700,197656,177768,9034,186802,1561
2022-01-13,Alpine,003,1148,118,117,0,117,0
2022-01-13,Amador,005,37829,6802,6434,182,6616,72
2022-01-13,Butte,007,227075,26957,25032,5023,30055,348
2022-01-13,Calaveras,009,45235,5717,5258,133,5391,93
2022-01-13,Colusa,011,21464,2917,2796,867,3663,21
2022-01-13,Contra Costa,013,1133247,150361,137643,7960,145603,1082
2022-01-13,Del Norte,015,27424,4194,4065,85,4150,43
2022-01-13,El Dorado,017,186661,22505,20434,2455,22889,175
2022-01-13,Fresno,019,978130,178618,167361,16012,183373,2415
2022-01-13,Glenn,021,27897,4146,3906,1240,5146,39
2022-01-13,Humboldt,023,135768,13549,12419,1679,14098,123
2022-01-13,Imperial,025,180216,45057,42508,7147,49655,817
2022-01-13,Inyo,027,18085,3636,3395,123,3518,49
2022-01-13,Kern,029,883053,161774,150085,33891,183976,1938
2022-01-13,Kings,031,150075,39998,37221,2505,39726,391
2022-01-13,Lake,033,64148,8098,7641,436,8077,117
2022-01-13,Lassen,035,31185,7473,7274,582,7856,55
2022-01-13,Los Angeles,037,10098052,2264955,2047927,101617,2149544,27641
2022-01-13,Madera,039,155013,29134,27294,3256,30550,329
2022-01-13,Marin,041,260295,27293,25248,1560,26808,251
2022-01-13,Mariposa,043,17540,1924,1762,82,1844,6
2022-01-13,Mendocino,045,87422,10308,9534,1291,10825,102
2022-01-13,Merced,047,269075,52218,48904,3864,52768,715
2022-01-13,Modoc,049,8938,638,628,218,846,6
2022-01-13,Mono,051,14174,2695,2508,89,2597,4
2022-01-13,Monterey,053,433212,62251,55315,6635,61950,647
2022-01-13,Napa,055,140530,20271,17648,566,18214,109
2022-01-13,Nevada,057,99092,12916,11773,689,12462,111
2022-01-13,Orange,059,3164182,468880,433141,33862,467003,5914
2022-01-13,Placer,061,380077,51377,47780,5709,53489,501
2022-01-13,Plumas,063,18699,2243,2158,110,2268,12
2022-01-13,Riverside,065,2383286,503736,466381,23319,489700,5578
2022-01-13,Sacramento,067,1510023,225143,208156,14914,223070,2491
2022-01-13,San Benito,069,59416,10534,9868,328,10196,87
2022-01-13,San Bernardino,071,2135413,490366,454395,19616,474011,6233
2022-01-13,San Diego,073,3302833,610768,559385,38196,597581,4540
2022-01-13,San Francisco,075,870044,98889,88004,6070,94074,692
2022-01-13,San Joaquin,077,732212,136037,125136,7449,132585,1954
2022-01-13,San Luis Obispo,079,281455,41724,38231,2519,40750,374
2022-01-13,San Mateo,081,765935,95524,80494,4219,84713,582
2022-01-13,Santa Barbara,083,443738,67404,62312,3103,65415,579
2022-01-13,Santa Clara,085,1922200,240929,218986,7457,226443,1974
2022-01-13,Santa Cruz,087,273765,32165,29414,1545,30959,235
2022-01-13,Shasta,089,179085,25645,24482,4519,29001,445
2022-01-13,Sierra,091,2930,248,232,25,257,0
2022-01-13,Siskiyou,093,43540,3807,3661,1826,5487,62
2022-01-13,Solano,095,438530,64034,58061,3530,61591,389
2022-01-13,Sonoma,097,501317,64192,58181,1339,59520,418
2022-01-13,Stanislaus,099,539301,99034,92986,12077,105063,1379
2022-01-13,Sutter,101,95872,17216,16345,789,17134,197
2022-01-13,Tehama,103,63373,10061,9572,1996,11568,141
2022-01-13,Trinity,105,12862,987,872,244,1116,19
2022-01-13,Tulare,107,460477,83315,77769,20641,98410,1192
2022-01-13,Tuolumne,109,53932,9642,9042,212,9254,91
2022-01-13,Ventura,111,848112,146855,134736,7972,142708,1227
2022-01-13,Yolo,113,214977,29342,27311,2235,29546,270
2022-01-13,Yuba,115,75493,12964,12200,657,12857,101
2022-01-12,Alameda,001,1643700,193044,173001,8567,181568,1563
2022-01-12,Alpine,003,1148,118,117,0,117,0
2022-01-12,Amador,005,37829,6753,6354,168,6522,71
2022-01-12,Butte,007,227075,26624,24631,4938,29569,348
2022-01-12,Calaveras,009,45235,5626,5151,127,5278,93
2022-01-12,Colusa,011,21464,2878,2772,852,3624,21
2022-01-12,Contra Costa,013,1133247,147821,134579,7590,142169,1077
2022-01-12,Del Norte,015,27424,4168,4019,83,4102,43
2022-01-12,El Dorado,017,186661,22164,20092,2414,22506,175
2022-01-12,Fresno,019,978130,175920,165316,15639,180955,2413
2022-01-12,Glenn,021,27897,4095,3859,1217,5076,39
2022-01-12,Humboldt,023,135768,13375,12081,1598,13679,122
2022-01-12,Imperial,025,180216,44430,41985,6821,48806,814
2022-01-12,Inyo,027,18085,3590,3334,107,3441,49
2022-01-12,Kern,029,883053,159673,148435,33250,181685,1933
2022-01-12,Kings,031,150075,39364,36780,2464,39244,391
2022-01-12,Lake,033,64148,7984,7535,392,7927,117
2022-01-12,Lassen,035,31185,7433,7223,555,7778,55
2022-01-12,Los Angeles,037,10098052,2225937,2005065,99420,2104485,27601
2022-01-12,Madera,039,155013,28808,26952,3158,30110,329
2022-01-12,Marin,041,260295,26807,24704,1510,26214,251
2022-01-12,Mariposa,043,17540,1894,1725,80,1805,6
2022-01-12,Mendocino,045,87422,10144,9379,1191,10570,103
2022-01-12,Merced,047,269075,51524,48441,3585,52026,710
2022-01-12,Modoc,049,8938,636,627,218,845,6
2022-01-12,Mono,051,14174,2660,2466,85,2551,4
2022-01-12,Monterey,053,433212,61303,54524,6286,60810,647
2022-01-12,Napa,055,140530,20013,17347,539,17886,109
2022-01-12,Nevada,057,99092,12687,11552,640,12192,111
2022-01-12,Orange,059,3164182,462094,425737,33280,459017,5912
2022-01-12,Placer,061,380077,50724,47004,5595,52599,501
2022-01-12,Plumas,063,18699,2220,2135,101,2236,12
2022-01-12,Riverside,065,2383286,496628,458881,22972,481853,5565
2022-01-12,Sacramento,067,1510023,221589,204696,14019,218715,2479
2022-01-12,San Benito,069,59416,10403,9737,316,10053,87
2022-01-12,San Bernardino,071,2135413,484241,447869,19041,466910,6222
2022-01-12,San Diego,073,3302833,600373,551669,37393,589062,4529
2022-01-12,San Francisco,075,870044,96975,85700,5948,91648,691
2022-01-12,San Joaquin,077,732212,133736,122850,7332,130182,1948
2022-01-12,San Luis Obispo,079,281455,40989,37727,2439,40166,373
2022-01-12,San Mateo,081,765935,93517,78476,3837,82313,582
2022-01-12,Santa Barbara,083,443738,66208,60815,2997,63812,578
2022-01-12,Santa Clara,085,1922200,236383,213177,7074,220251,1971
2022-01-12,Santa Cruz,087,273765,31517,28463,1505,29968,235
2022-01-12,Shasta,089,179085,25426,24324,4453,28777,446
2022-01-12,Sierra,091,2930,247,228,25,253,0
2022-01-12,Siskiyou,093,43540,3780,3639,1780,5419,62
2022-01-12,Solano,095,438530,62974,57052,3405,60457,386
2022-01-12,Sonoma,097,501317,62894,56394,1268,57662,417
2022-01-12,Stanislaus,099,539301,97773,91738,11762,103500,1373
2022-01-12,Sutter,101,95872,17022,16135,761,16896,197
2022-01-12,Tehama,103,63373,9978,9475,1934,11409,141
2022-01-12,Trinity,105,12862,984,868,244,1112,19
2022-01-12,Tulare,107,460477,82326,76943,20260,97203,1192
2022-01-12,Tuolumne,109,53932,9522,8870,194,9064,91
2022-01-12,Ventura,111,848112,144957,132180,7892,140072,1220
2022-01-12,Yolo,113,214977,28944,26888,2157,29045,270
2022-01-12,Yuba,115,75493,12802,12015,630,12645,101
2022-01-11,Alameda,001,1643700,188535,169181,8165,177346,1561
2022-01-11,Alpine,003,1148,118,116,0,116,0
2022-01-11,Amador,005,37829,6669,6317,152,6469,71
2022-01-11,Butte,007,227075,26215,24479,4845,29324,347
2022-01-11,Calaveras,009,45235,5480,5083,113,5196,93
2022-01-11,Colusa,011,21464,2851,2766,833,3599,21
2022-01-11,Contra Costa,013,1133247,144856,132410,7108,139518,1077
2022-01-11,Del Norte,015,27424,4133,4006,82,4088,43
2022-01-11,El Dorado,017,186661,21822,19842,2340,22182,174
2022-01-11,Fresno,019,978130,172922,163509,15336,178845,2404
2022-01-11,Glenn,021,27897,4033,3844,1165,5009,39
2022-01-11,Humboldt,023,135768,13145,11960,1504,13464,122
2022-01-11,Imperial,025,180216,43832,41444,6630,48074,813
2022-01-11,Inyo,027,18085,3491,3278,100,3378,49
2022-01-11,Kern,029,883053,157455,146942,32501,179443,1929
2022-01-11,Kings,031,150075,38761,36524,2431,38955,389
2022-01-11,Lake,033,64148,7913,7494,378,7872,117
2022-01-11,Lassen,035,31185,7389,7210,540,7750,55
2022-01-11,Los Angeles,037,10098052,2184056,1966319,97194,2063513,27563
2022-01-11,Madera,039,155013,28385,26688,3073,29761,329
2022-01-11,Marin,041,260295,26463,24387,1464,25851,251
2022-01-11,Mariposa,043,17540,1872,1718,77,1795,6
2022-01-11,Mendocino,045,87422,9977,9301,1092,10393,102
2022-01-11,Merced,047,269075,50765,48068,3401,51469,708
2022-01-11,Modoc,049,8938,635,626,217,843,6
2022-01-11,Mono,051,14174,2615,2425,84,2509,4
2022-01-11,Monterey,053,433212,60267,53911,5933,59844,646
2022-01-11,Napa,055,140530,19570,17020,486,17506,109
2022-01-11,Nevada,057,99092,12432,11467,606,12073,110
2022-01-11,Orange,059,3164182,454448,417703,32642,450345,5909
2022-01-11,Placer,061,380077,49975,46459,5453,51912,500
2022-01-11,Plumas,063,18699,2198,2099,99,2198,12
2022-01-11,Riverside,065,2383286,488986,453766,22654,476420,5551
2022-01-11,Sacramento,067,1510023,217580,201058,12963,214021,2489
2022-01-11,San Benito,069,59416,10263,9624,304,9928,83
2022-01-11,San Bernardino,071,2135413,476761,442960,18473,461433,6198
2022-01-11,San Diego,073,3302833,588508,536954,36391,573345,4520
2022-01-11,San Francisco,075,870044,94734,83678,5770,89448,691
2022-01-11,San Joaquin,077,732212,131359,121139,7203,128342,1944
2022-01-11,San Luis Obispo,079,281455,40215,37183,2322,39505,372
2022-01-11,San Mateo,081,765935,91265,76756,3613,80369,582
2022-01-11,Santa Barbara,083,443738,64876,59758,2860,62618,578
2022-01-11,Santa Clara,085,1922200,230914,208425,6612,215037,1971
2022-01-11,Santa Cruz,087,273765,31032,27709,1460,29169,232
2022-01-11,Shasta,089,179085,25175,24132,4356,28488,446
2022-01-11,Sierra,091,2930,244,228,24,252,0
2022-01-11,Siskiyou,093,43540,3754,3621,1728,5349,62
2022-01-11,Solano,095,438530,61534,56349,3250,59599,388
2022-01-11,Sonoma,097,501317,61399,55411,1198,56609,416
2022-01-11,Stanislaus,099,539301,96409,90998,11430,102428,1372
2022-01-11,Sutter,101,95872,16827,15993,709,16702,197
2022-01-11,Tehama,103,63373,9849,9406,1887,11293,140
2022-01-11,Trinity,105,12862,971,858,242,1100,19
2022-01-11,Tulare,107,460477,81133,76267,19861,96128,1188
2022-01-11,Tuolumne,109,53932,9379,8811,187,8998,91
2022-01-11,Ventura,111,848112,142721,129548,7762,137310,1220
2022-01-11,Yolo,113,214977,28393,26482,2093,28575,270
2022-01-11,Yuba,115,75493,12628,11912,609,12521,101
2022-01-10,Alameda,001,1643700,183432,165657,7642,173299,1559
2022-01-10,Alpine,003,1148,118,116,0,116,0
2022-01-10,Amador,005,37829,6566,6279,136,6415,71
2022-01-10,Butte,007,227075,25853,24217,4741,28958,347
2022-01-10,Calaveras,009,45235,5377,5025,107,5132,93
2022-01-10,Colusa,011,21464,2822,2758,825,3583,21
2022-01-10,Contra Costa,013,1133247,142140,129951,6591,136542,1077
2022-01-10,Del Norte,015,27424,4111,3970,82,4052,43
2022-01-10,El Dorado,017,186661,21260,19606,2284,21890,172
2022-01-10,Fresno,019,978130,169942,161593,14990,176583,2404
2022-01-10,Glenn,021,27897,3973,3807,1152,4959,39
2022-01-10,Humboldt,023,135768,12897,11778,1372,13150,121
2022-01-10,Imperial,025,180216,43156,41080,6436,47516,811
2022-01-10,Inyo,027,18085,3437,3227,88,3315,49
2022-01-10,Kern,029,883053,154890,145744,31829,177573,1929
2022-01-10,Kings,031,150075,38118,36286,2393,38679,389
2022-01-10,Lake,033,64148,7826,7416,353,7769,117
2022-01-10,Lassen,035,31185,7353,7192,519,7711,55
2022-01-10,Los Angeles,037,10098052,2139590,1932475,94808,2027283,27546
2022-01-10,Madera,039,155013,27928,26501,2974,29475,328
2022-01-10,Marin,041,260295,25961,24023,1391,25414,251
2022-01-10,Mariposa,043,17540,1831,1684,71,1755,6
2022-01-10,Mendocino,045,87422,9801,9163,1004,10167,101
2022-01-10,Merced,047,269075,49978,47632,3096,50728,707
2022-01-10,Modoc,049,8938,634,622,215,837,6
2022-01-10,Mono,051,14174,2544,2415,80,2495,4
2022-01-10,Monterey,053,433212,59314,53485,5620,59105,645
2022-01-10,Napa,055,140530,19192,16775,472,17247,109
2022-01-10,Nevada,057,99092,12209,11300,568,11868,110
2022-01-10,Orange,059,3164182,445866,406170,31811,437981,5906
2022-01-10,Placer,061,380077,49149,45642,5298,50940,498
2022-01-10,Plumas,063,18699,2176,2086,97,2183,12
2022-01-10,Riverside,065,2383286,480856,445536,22201,467737,5546
2022-01-10,Sacramento,067,1510023,213235,198023,11939,209962,2474
2022-01-10,San Benito,069,59416,10092,9467,294,9761,83
2022-01-10,San Bernardino,071,2135413,468818,437207,17796,455003,6184
2022-01-10,San Diego,073,3302833,575964,530506,35316,565822,4500
2022-01-10,San Francisco,075,870044,92897,82209,5476,87685,690
2022-01-10,San Joaquin,077,732212,128678,119587,7008,126595,1927
2022-01-10,San Luis Obispo,079,281455,39406,36618,2225,38843,371
2022-01-10,San Mateo,081,765935,88657,75210,3354,78564,582
2022-01-10,Santa Barbara,083,443738,63605,58957,2667,61624,578
2022-01-10,Santa Clara,085,1922200,225052,203540,6125,209665,1971
2022-01-10,Santa Cruz,087,273765,30163,26906,1426,28332,232
2022-01-10,Shasta,089,179085,24978,23983,4280,28263,446
2022-01-10,Sierra,091,2930,241,223,24,247,0
2022-01-10,Siskiyou,093,43540,3720,3592,1684,5276,62
2022-01-10,Solano,095,438530,60480,55663,3045,58708,385
2022-01-10,Sonoma,097,501317,59821,54478,1162,55640,412
2022-01-10,Stanislaus,099,539301,95089,89997,11116,101113,1372
2022-01-10,Sutter,101,95872,16586,15823,664,16487,196
2022-01-10,Tehama,103,63373,9740,9360,1835,11195,140
2022-01-10,Trinity,105,12862,967,849,240,1089,19
2022-01-10,Tulare,107,460477,79754,75498,19459,94957,1186
2022-01-10,Tuolumne,109,53932,9260,8685,176,8861,91
2022-01-10,Ventura,111,848112,140126,126240,7622,133862,1217
2022-01-10,Yolo,113,214977,27838,26065,2041,28106,270
2022-01-10,Yuba,115,75493,12378,11776,574,12350,101
2022-01-09,Alameda,001,1643700,178945,162701,6952,169653,1561
2022-01-09,Alpine,003,1148,118,116,0,116,0
2022-01-09,Amador,005,37829,6480,6215,124,6339,71
2022-01-09,Butte,007,227075,25467,24018,4614,28632,347
2022-01-09,Calaveras,009,45235,5259,4976,98,5074,93
2022-01-09,Colusa,011,21464,2796,2750,808,3558,21
2022-01-09,Contra Costa,013,1133247,139306,128050,5938,133988,1077
2022-01-09,Del Norte,015,27424,4066,3950,76,4026,43
2022-01-09,El Dorado,017,186661,20895,19430,2216,21646,172
2022-01-09,Fresno,019,978130,167420,159989,14663,174652,2405
2022-01-09,Glenn,021,27897,3917,3797,1123,4920,39
2022-01-09,Humboldt,023,135768,12648,11582,1246,12828,121
2022-01-09,Imperial,025,180216,42353,40608,6192,46800,811
2022-01-09,Inyo,027,18085,3329,3149,79,3228,49
2022-01-09,Kern,029,883053,152451,144819,31154,175973,1927
2022-01-09,Kings,031,150075,37423,36041,2354,38395,389
2022-01-09,Lake,033,64148,7713,7393,309,7702,117
2022-01-09,Lassen,035,31185,7291,7172,490,7662,55
2022-01-09,Los Angeles,037,10098052,2093134,1887830,91847,1979677,27532
2022-01-09,Madera,039,155013,27545,26325,2872,29197,328
2022-01-09,Marin,041,260295,25473,23708,1297,25005,251
2022-01-09,Mariposa,043,17540,1781,1660,70,1730,6
2022-01-09,Mendocino,045,87422,9586,9097,895,9992,101
2022-01-09,Merced,047,269075,49108,47294,2822,50116,706
2022-01-09,Modoc,049,8938,632,619,215,834,6
2022-01-09,Mono,051,14174,2511,2390,71,2461,4
2022-01-09,Monterey,053,433212,58256,53251,5328,58579,645
2022-01-09,Napa,055,140530,18695,16614,457,17071,109
2022-01-09,Nevada,057,99092,11968,11152,504,11656,110
2022-01-09,Orange,059,3164182,436000,400563,30886,431449,5905
2022-01-09,Placer,061,380077,48167,45081,5156,50237,498
2022-01-09,Plumas,063,18699,2145,2081,75,2156,12
2022-01-09,Riverside,065,2383286,471968,440413,21654,462067,5546
2022-01-09,Sacramento,067,1510023,208689,195444,10815,206259,2475
2022-01-09,San Benito,069,59416,9906,9363,266,9629,83
2022-01-09,San Bernardino,071,2135413,461041,430257,17036,447293,6180
2022-01-09,San Diego,073,3302833,562970,478206,33531,511737,4500
2022-01-09,San Francisco,075,870044,91016,80463,5192,85655,690
2022-01-09,San Joaquin,077,732212,125602,118422,6863,125285,1927
2022-01-09,San Luis Obispo,079,281455,38594,36291,2116,38407,371
2022-01-09,San Mateo,081,765935,86196,73867,3024,76891,582
2022-01-09,Santa Barbara,083,443738,61935,58280,2405,60685,578
2022-01-09,Santa Clara,085,1922200,218892,199889,5567,205456,1976
2022-01-09,Santa Cruz,087,273765,29406,26513,1396,27909,232
2022-01-09,Shasta,089,179085,24750,23926,4192,28118,446
2022-01-09,Sierra,091,2930,239,223,23,246,0
2022-01-09,Siskiyou,093,43540,3691,3580,1614,5194,62
2022-01-09,Solano,095,438530,59325,54985,2772,57757,384
2022-01-09,Sonoma,097,501317,58163,53543,1136,54679,412
2022-01-09,Stanislaus,099,539301,93711,89248,10864,100112,1372
2022-01-09,Sutter,101,95872,16304,15695,590,16285,196
2022-01-09,Tehama,103,63373,9622,9306,1785,11091,140
2022-01-09,Trinity,105,12862,961,848,240,1088,19
2022-01-09,Tulare,107,460477,78420,75085,19100,94185,1186
2022-01-09,Tuolumne,109,53932,9104,8595,159,8754,91
2022-01-09,Ventura,111,848112,137066,124269,7392,131661,1217
2022-01-09,Yolo,113,214977,27245,25632,1996,27628,270
2022-01-09,Yuba,115,75493,12182,11666,544,12210,101
2022-01-08,Alameda,001,1643700,177053,148560,6806,155366,1558
2022-01-08,Alpine,003,1148,118,114,0,114,0
2022-01-08,Amador,005,37829,6446,6091,119,6210,71
2022-01-08,Butte,007,227075,25287,23429,4580,28009,347
2022-01-08,Calaveras,009,45235,5225,4823,94,4917,93
2022-01-08,Colusa,011,21464,2784,2713,805,3518,21
2022-01-08,Contra Costa,013,1133247,137817,119907,5865,125772,1077
2022-01-08,Del Norte,015,27424,4053,3902,76,3978,43
2022-01-08,El Dorado,017,186661,20719,18599,2180,20779,172
2022-01-08,Fresno,019,978130,166545,155394,14575,169969,2393
2022-01-08,Glenn,021,27897,3909,3732,1121,4853,39
2022-01-08,Humboldt,023,135768,12528,11149,1220,12369,121
2022-01-08,Imperial,025,180216,42182,39429,6051,45480,800
2022-01-08,Inyo,027,18085,3315,3020,76,3096,49
2022-01-08,Kern,029,883053,151331,140410,30759,171169,1921
2022-01-08,Kings,031,150075,37204,35275,2343,37618,390
2022-01-08,Lake,033,64148,7673,7209,300,7509,117
2022-01-08,Lassen,035,31185,7267,7127,475,7602,55
2022-01-08,Los Angeles,037,10098052,2075218,1765787,90095,1855882,27476
2022-01-08,Madera,039,155013,27382,25767,2835,28602,328
2022-01-08,Marin,041,260295,25203,22377,1285,23662,251
2022-01-08,Mariposa,043,17540,1771,1588,70,1658,6
2022-01-08,Mendocino,045,87422,9516,8792,893,9685,101
2022-01-08,Merced,047,269075,48949,46094,2809,48903,703
2022-01-08,Modoc,049,8938,632,610,215,825,6
2022-01-08,Mono,051,14174,2507,2240,68,2308,4
2022-01-08,Monterey,053,433212,57884,51721,5250,56971,644
2022-01-08,Napa,055,140530,18540,15819,428,16247,109
2022-01-08,Nevada,057,99092,11899,10765,492,11257,110
2022-01-08,Orange,059,3164182,432325,375124,30025,405149,5903
2022-01-08,Placer,061,380077,47766,43172,5118,48290,495
2022-01-08,Plumas,063,18699,2138,2053,71,2124,12
2022-01-08,Riverside,065,2383286,468488,422591,21381,443972,5535
2022-01-08,Sacramento,067,1510023,207447,185118,10690,195808,2470
2022-01-08,San Benito,069,59416,9742,9016,263,9279,83
2022-01-08,San Bernardino,071,2135413,457860,411724,16682,428406,6122
2022-01-08,San Diego,073,3302833,558143,472273,33032,505305,4495
2022-01-08,San Francisco,075,870044,89801,73660,4873,78533,690
2022-01-08,San Joaquin,077,732212,124634,112514,6766,119280,1916
2022-01-08,San Luis Obispo,079,281455,38391,34489,2073,36562,369
2022-01-08,San Mateo,081,765935,84849,67918,2937,70855,582
2022-01-08,Santa Barbara,083,443738,61265,54617,2372,56989,575
2022-01-08,Santa Clara,085,1922200,215825,183842,5361,189203,1966
2022-01-08,Santa Cruz,087,273765,29006,24678,1385,26063,230
2022-01-08,Shasta,089,179085,24664,23585,4160,27745,445
2022-01-08,Sierra,091,2930,235,215,23,238,0
2022-01-08,Siskiyou,093,43540,3680,3545,1603,5148,62
2022-01-08,Solano,095,438530,58929,52452,2702,55154,383
2022-01-08,Sonoma,097,501317,57674,50130,1104,51234,411
2022-01-08,Stanislaus,099,539301,93073,87049,10759,97808,1372
2022-01-08,Sutter,101,95872,16188,15261,578,15839,195
2022-01-08,Tehama,103,63373,9591,9109,1780,10889,140
2022-01-08,Trinity,105,12862,956,836,240,1076,19
2022-01-08,Tulare,107,460477,78052,73600,18954,92554,1185
2022-01-08,Tuolumne,109,53932,9011,8360,156,8516,91
2022-01-08,Ventura,111,848112,135902,117229,7263,124492,1216
2022-01-08,Yolo,113,214977,26961,24006,1969,25975,270
2022-01-08,Yuba,115,75493,12098,11277,541,11818,101
2022-01-07,Alameda,001,1643700,174410,148560,6698,155258,1558
2022-01-07,Alpine,003,1148,118,114,0,114,0
2022-01-07,Amador,005,37829,6398,6091,116,6207,71
2022-01-07,Butte,007,227075,25088,23429,4550,27979,347
2022-01-07,Calaveras,009,45235,5194,4823,94,4917,93
2022-01-07,Colusa,011,21464,2776,2713,798,3511,21
2022-01-07,Contra Costa,013,1133247,135965,119907,5743,125650,1077
2022-01-07,Del Norte,015,27424,4036,3902,75,3977,43
2022-01-07,El Dorado,017,186661,20560,18599,2166,20765,172
2022-01-07,Fresno,019,978130,165210,155394,14493,169887,2393
2022-01-07,Glenn,021,27897,3890,3732,1119,4851,39
2022-01-07,Humboldt,023,135768,12380,11149,1193,12342,121
2022-01-07,Imperial,025,180216,42041,39429,5976,45405,800
2022-01-07,Inyo,027,18085,3296,3020,74,3094,49
2022-01-07,Kern,029,883053,150367,140410,30342,170752,1921
2022-01-07,Kings,031,150075,37024,35275,2330,37605,390
2022-01-07,Lake,033,64148,7625,7209,276,7485,117
2022-01-07,Lassen,035,31185,7253,7127,472,7599,55
2022-01-07,Los Angeles,037,10098052,2044688,1765787,88626,1854413,27476
2022-01-07,Madera,039,155013,27204,25767,2806,28573,328
2022-01-07,Marin,041,260295,24837,22377,1273,23650,251
2022-01-07,Mariposa,043,17540,1755,1588,70,1658,6
2022-01-07,Mendocino,045,87422,9423,8792,892,9684,101
2022-01-07,Merced,047,269075,48787,46094,2793,48887,703
2022-01-07,Modoc,049,8938,631,610,215,825,6
2022-01-07,Mono,051,14174,2465,2240,62,2302,4
2022-01-07,Monterey,053,433212,57468,51721,5170,56891,644
2022-01-07,Napa,055,140530,18312,15819,407,16226,109
2022-01-07,Nevada,057,99092,11784,10765,474,11239,110
2022-01-07,Orange,059,3164182,427574,375124,29443,404567,5903
2022-01-07,Placer,061,380077,47301,43172,5076,48248,495
2022-01-07,Plumas,063,18699,2130,2053,70,2123,12
2022-01-07,Riverside,065,2383286,464722,422591,21153,443744,5535
2022-01-07,Sacramento,067,1510023,205419,185118,10568,195686,2470
2022-01-07,San Benito,069,59416,9696,9016,262,9278,83
2022-01-07,San Bernardino,071,2135413,454130,411724,16477,428201,6122
2022-01-07,San Diego,073,3302833,551066,472273,32534,504807,4495
2022-01-07,San Francisco,075,870044,88312,73660,4597,78257,690
2022-01-07,San Joaquin,077,732212,123692,112514,6709,119223,1916
2022-01-07,San Luis Obispo,079,281455,38174,34489,2018,36507,369
2022-01-07,San Mateo,081,765935,83400,67918,2878,70796,582
2022-01-07,Santa Barbara,083,443738,60579,54617,2350,56967,575
2022-01-07,Santa Clara,085,1922200,212566,183842,5248,189090,1966
2022-01-07,Santa Cruz,087,273765,28544,24678,1373,26051,230
2022-01-07,Shasta,089,179085,24570,23585,4126,27711,445
2022-01-07,Sierra,091,2930,232,215,23,238,0
2022-01-07,Siskiyou,093,43540,3672,3545,1594,5139,62
2022-01-07,Solano,095,438530,58223,52452,2661,55113,383
2022-01-07,Sonoma,097,501317,57076,50130,1073,51203,411
2022-01-07,Stanislaus,099,539301,92554,87049,10673,97722,1372
2022-01-07,Sutter,101,95872,16040,15261,569,15830,195
2022-01-07,Tehama,103,63373,9552,9109,1767,10876,140
2022-01-07,Trinity,105,12862,951,836,239,1075,19
2022-01-07,Tulare,107,460477,77667,73600,18807,92407,1185
2022-01-07,Tuolumne,109,53932,8930,8360,152,8512,91
2022-01-07,Ventura,111,848112,134291,117229,7135,124364,1216
2022-01-07,Yolo,113,214977,26604,24006,1950,25956,270
2022-01-07,Yuba,115,75493,11999,11277,537,11814,101
2022-01-06,Alameda,001,1643700,169068,148560,6296,154856,1558
2022-01-06,Alpine,003,1148,117,114,0,114,0
2022-01-06,Amador,005,37829,6349,6091,110,6201,71
2022-01-06,Butte,007,227075,24794,23429,4473,27902,347
2022-01-06,Calaveras,009,45235,5066,4823,92,4915,93
2022-01-06,Colusa,011,21464,2755,2713,789,3502,21
2022-01-06,Contra Costa,013,1133247,133113,119907,5331,125238,1077
2022-01-06,Del Norte,015,27424,4006,3902,73,3975,43
2022-01-06,El Dorado,017,186661,20225,18599,2125,20724,172
2022-01-06,Fresno,019,978130,163106,155394,14259,169653,2393
2022-01-06,Glenn,021,27897,3864,3732,1110,4842,39
2022-01-06,Humboldt,023,135768,12138,11149,1152,12301,121
2022-01-06,Imperial,025,180216,41471,39429,5778,45207,800
2022-01-06,Inyo,027,18085,3255,3020,74,3094,49
2022-01-06,Kern,029,883053,148734,140410,29699,170109,1921
2022-01-06,Kings,031,150075,36676,35275,2304,37579,390
2022-01-06,Lake,033,64148,7554,7209,262,7471,117
2022-01-06,Lassen,035,31185,7229,7127,465,7592,55
2022-01-06,Los Angeles,037,10098052,1991667,1765787,86274,1852061,27476
2022-01-06,Madera,039,155013,26897,25767,2747,28514,328
2022-01-06,Marin,041,260295,24448,22377,1240,23617,251
2022-01-06,Mariposa,043,17540,1736,1588,68,1656,6
2022-01-06,Mendocino,045,87422,9331,8792,851,9643,101
2022-01-06,Merced,047,269075,48236,46094,2662,48756,703
2022-01-06,Modoc,049,8938,630,610,215,825,6
2022-01-06,Mono,051,14174,2441,2240,58,2298,4
2022-01-06,Monterey,053,433212,56747,51721,4926,56647,644
2022-01-06,Napa,055,140530,17910,15819,398,16217,109
2022-01-06,Nevada,057,99092,11587,10765,462,11227,110
2022-01-06,Orange,059,3164182,418263,375124,28722,403846,5903
2022-01-06,Placer,061,380077,46580,43172,5001,48173,495
2022-01-06,Plumas,063,18699,2118,2053,64,2117,12
2022-01-06,Riverside,065,2383286,457304,422591,20856,443447,5535
2022-01-06,Sacramento,067,1510023,201645,185118,9837,194955,2470
2022-01-06,San Benito,069,59416,9595,9016,255,9271,83
2022-01-06,San Bernardino,071,2135413,446981,411724,16046,427770,6122
2022-01-06,San Diego,073,3302833,539533,472273,31614,503887,4495
2022-01-06,San Francisco,075,870044,85861,73660,4333,77993,690
2022-01-06,San Joaquin,077,732212,121556,112514,6628,119142,1916
2022-01-06,San Luis Obispo,079,281455,37472,34489,1947,36436,369
2022-01-06,San Mateo,081,765935,81025,67918,2698,70616,582
2022-01-06,Santa Barbara,083,443738,59415,54617,2290,56907,575
2022-01-06,Santa Clara,085,1922200,207620,183842,4852,188694,1966
2022-01-06,Santa Cruz,087,273765,27997,24678,1356,26034,230
2022-01-06,Shasta,089,179085,24423,23585,4077,27662,445
2022-01-06,Sierra,091,2930,228,215,23,238,0
2022-01-06,Siskiyou,093,43540,3656,3545,1550,5095,62
2022-01-06,Solano,095,438530,57216,52452,2492,54944,383
2022-01-06,Sonoma,097,501317,55708,50130,1048,51178,411
2022-01-06,Stanislaus,099,539301,91406,87049,10514,97563,1372
2022-01-06,Sutter,101,95872,15865,15261,548,15809,195
2022-01-06,Tehama,103,63373,9479,9109,1739,10848,140
2022-01-06,Trinity,105,12862,944,836,238,1074,19
2022-01-06,Tulare,107,460477,77004,73600,18634,92234,1185
2022-01-06,Tuolumne,109,53932,8822,8360,147,8507,91
2022-01-06,Ventura,111,848112,131597,117229,6979,124208,1216
2022-01-06,Yolo,113,214977,26081,24006,1906,25912,270
2022-01-06,Yuba,115,75493,11868,11277,520,11797,101
2022-01-05,Alameda,001,1643700,163951,144824,5862,150686,1548
2022-01-05,Alpine,003,1148,117,112,0,112,0
2022-01-05,Amador,005,37829,6307,6012,107,6119,70
2022-01-05,Butte,007,227075,24480,23134,4419,27553,343
2022-01-05,Calaveras,009,45235,5018,4758,90,4848,90
2022-01-05,Colusa,011,21464,2743,2704,778,3482,21
2022-01-05,Contra Costa,013,1133247,130096,117188,4882,122070,1071
2022-01-05,Del Norte,015,27424,3986,3862,71,3933,43
2022-01-05,El Dorado,017,186661,19847,18367,2095,20462,171
2022-01-05,Fresno,019,978130,161108,153033,14026,167059,2377
2022-01-05,Glenn,021,27897,3817,3700,1101,4801,39
2022-01-05,Humboldt,023,135768,11929,10938,1102,12040,120
2022-01-05,Imperial,025,180216,40848,38789,5640,44429,800
2022-01-05,Inyo,027,18085,3166,2939,70,3009,49
2022-01-05,Kern,029,883053,146988,138186,29161,167347,1913
2022-01-05,Kings,031,150075,36354,34893,2288,37181,387
2022-01-05,Lake,033,64148,7464,7129,246,7375,117
2022-01-05,Lassen,035,31185,7211,7077,457,7534,55
2022-01-05,Los Angeles,037,10098052,1936690,1729640,84015,1813655,27443
2022-01-05,Madera,039,155013,26646,25392,2667,28059,327
2022-01-05,Marin,041,260295,24127,21829,1191,23020,251
2022-01-05,Mariposa,043,17540,1710,1564,67,1631,6
2022-01-05,Mendocino,045,87422,9206,8625,816,9441,101
2022-01-05,Merced,047,269075,47668,45721,2533,48254,700
2022-01-05,Modoc,049,8938,627,603,215,818,6
2022-01-05,Mono,051,14174,2422,2201,53,2254,4
2022-01-05,Monterey,053,433212,55927,51241,4740,55981,639
2022-01-05,Napa,055,140530,17546,15494,368,15862,108
2022-01-05,Nevada,057,99092,11392,10624,446,11070,110
2022-01-05,Orange,059,3164182,408368,366139,27661,393800,5869
2022-01-05,Placer,061,380077,45715,42456,4908,47364,492
2022-01-05,Plumas,063,18699,2102,2020,63,2083,12
2022-01-05,Riverside,065,2383286,449850,415253,20511,435764,5502
2022-01-05,Sacramento,067,1510023,197179,181488,8893,190381,2455
2022-01-05,San Benito,069,59416,9401,8829,243,9072,83
2022-01-05,San Bernardino,071,2135413,438850,405323,15553,420876,6085
2022-01-05,San Diego,073,3302833,526130,466602,30735,497337,4495
2022-01-05,San Francisco,075,870044,83178,71405,4201,75606,686
2022-01-05,San Joaquin,077,732212,119035,110497,6550,117047,1903
2022-01-05,San Luis Obispo,079,281455,36669,34066,1868,35934,369
2022-01-05,San Mateo,081,765935,78889,66018,2501,68519,578
2022-01-05,Santa Barbara,083,443738,58124,53082,2210,55292,570
2022-01-05,Santa Clara,085,1922200,201787,178629,4436,183065,1961
2022-01-05,Santa Cruz,087,273765,27231,24394,1340,25734,229
2022-01-05,Shasta,089,179085,24261,23361,4048,27409,441
2022-01-05,Sierra,091,2930,225,210,22,232,0
2022-01-05,Siskiyou,093,43540,3645,3513,1523,5036,60
2022-01-05,Solano,095,438530,56188,51505,2364,53869,380
2022-01-05,Sonoma,097,501317,54457,49120,973,50093,412
2022-01-05,Stanislaus,099,539301,90433,86248,10365,96613,1360
2022-01-05,Sutter,101,95872,15662,15117,509,15626,193
2022-01-05,Tehama,103,63373,9383,9011,1708,10719,140
2022-01-05,Trinity,105,12862,941,822,236,1058,19
2022-01-05,Tulare,107,460477,76276,72718,18468,91186,1173
2022-01-05,Tuolumne,109,53932,8731,8223,140,8363,90
2022-01-05,Ventura,111,848112,128850,114752,6774,121526,1211
2022-01-05,Yolo,113,214977,25498,23401,1863,25264,269
2022-01-05,Yuba,115,75493,11688,11138,495,11633,100
2022-01-04,Alameda,001,1643700,158408,143360,5459,148819,1532
2022-01-04,Alpine,003,1148,117,113,0,113,0
2022-01-04,Amador,005,37829,6240,6025,102,6127,71
2022-01-04,Butte,007,227075,24173,23094,4352,27446,346
2022-01-04,Calaveras,009,45235,4944,4767,87,4854,93
2022-01-04,Colusa,011,21464,2731,2689,771,3460,21
2022-01-04,Contra Costa,013,1133247,126957,116005,4521,120526,1075
2022-01-04,Del Norte,015,27424,3955,3882,69,3951,43
2022-01-04,El Dorado,017,186661,19494,18339,2073,20412,172
2022-01-04,Fresno,019,978130,158963,153244,13833,167077,2380
2022-01-04,Glenn,021,27897,3786,3705,1089,4794,39
2022-01-04,Humboldt,023,135768,11667,10865,1053,11918,120
2022-01-04,Imperial,025,180216,40258,38596,5373,43969,800
2022-01-04,Inyo,027,18085,3082,2870,69,2939,49
2022-01-04,Kern,029,883053,145082,138245,28599,166844,1916
2022-01-04,Kings,031,150075,36072,34931,2272,37203,388
2022-01-04,Lake,033,64148,7422,7152,233,7385,117
2022-01-04,Lassen,035,31185,7189,7111,454,7565,55
2022-01-04,Los Angeles,037,10098052,1877562,1705253,81707,1786960,27419
2022-01-04,Madera,039,155013,26303,25425,2605,28030,328
2022-01-04,Marin,041,260295,23668,21675,1135,22810,251
2022-01-04,Mariposa,043,17540,1672,1564,66,1630,6
2022-01-04,Mendocino,045,87422,9084,8636,793,9429,101
2022-01-04,Merced,047,269075,47059,45583,2405,47988,700
2022-01-04,Modoc,049,8938,624,611,215,826,6
2022-01-04,Mono,051,14174,2373,2190,44,2234,4
2022-01-04,Monterey,053,433212,55199,51176,4528,55704,643
2022-01-04,Napa,055,140530,17041,15370,339,15709,107
2022-01-04,Nevada,057,99092,11235,10608,434,11042,110
2022-01-04,Orange,059,3164182,397798,362051,26524,388575,5897
2022-01-04,Placer,061,380077,44898,42285,4799,47084,494
2022-01-04,Plumas,063,18699,2089,2014,61,2075,12
2022-01-04,Riverside,065,2383286,441415,413366,20152,433518,5504
2022-01-04,Sacramento,067,1510023,192624,181271,8165,189436,2453
2022-01-04,San Benito,069,59416,9213,8763,235,8998,79
2022-01-04,San Bernardino,071,2135413,430534,404409,15054,419463,6060
2022-01-04,San Diego,073,3302833,509831,458499,29875,488374,4487
2022-01-04,San Francisco,075,870044,80273,70666,4059,74725,688
2022-01-04,San Joaquin,077,732212,116621,110374,6417,116791,1911
2022-01-04,San Luis Obispo,079,281455,35854,33788,1782,35570,371
2022-01-04,San Mateo,081,765935,76619,65157,2314,67471,582
2022-01-04,Santa Barbara,083,443738,56654,52449,2133,54582,574
2022-01-04,Santa Clara,085,1922200,195774,176854,3969,180823,1964
2022-01-04,Santa Cruz,087,273765,26461,23904,1313,25217,228
2022-01-04,Shasta,089,179085,24117,23366,3993,27359,442
2022-01-04,Sierra,091,2930,225,214,22,236,0
2022-01-04,Siskiyou,093,43540,3628,3509,1504,5013,61
2022-01-04,Solano,095,438530,54897,51300,2170,53470,383
2022-01-04,Sonoma,097,501317,52758,48653,915,49568,410
2022-01-04,Stanislaus,099,539301,89377,86107,10210,96317,1361
2022-01-04,Sutter,101,95872,15509,15032,484,15516,193
2022-01-04,Tehama,103,63373,9304,9020,1686,10706,140
2022-01-04,Trinity,105,12862,934,833,232,1065,18
2022-01-04,Tulare,107,460477,75516,72893,18281,91174,1172
2022-01-04,Tuolumne,109,53932,8627,8235,135,8370,91
2022-01-04,Ventura,111,848112,125764,114079,6542,120621,1213
2022-01-04,Yolo,113,214977,24878,22938,1823,24761,270
2022-01-04,Yuba,115,75493,11510,11104,482,11586,101
2022-01-03,Alameda,001,1643700,152421,142090,5038,147128,1529
2022-01-03,Alpine,003,1148,116,113,0,113,0
2022-01-03,Amador,005,37829,6181,6004,97,6101,71
2022-01-03,Butte,007,227075,23885,22924,4304,27228,345
2022-01-03,Calaveras,009,45235,4885,4742,82,4824,93
2022-01-03,Colusa,011,21464,2723,2683,765,3448,21
2022-01-03,Contra Costa,013,1133247,123640,114966,3927,118893,1073
2022-01-03,Del Norte,015,27424,3936,3873,66,3939,43
2022-01-03,El Dorado,017,186661,19101,18183,2046,20229,172
2022-01-03,Fresno,019,978130,156985,152674,13650,166324,2379
2022-01-03,Glenn,021,27897,3759,3703,1049,4752,39
2022-01-03,Humboldt,023,135768,11462,10784,1004,11788,119
2022-01-03,Imperial,025,180216,39637,38411,5188,43599,800
2022-01-03,Inyo,027,18085,3016,2845,65,2910,49
2022-01-03,Kern,029,883053,143121,137773,28031,165804,1916
2022-01-03,Kings,031,150075,35781,34817,2233,37050,387
2022-01-03,Lake,033,64148,7319,7134,218,7352,117
2022-01-03,Lassen,035,31185,7172,7103,452,7555,55
2022-01-03,Los Angeles,037,10098052,1817625,1686203,78987,1765190,27394
2022-01-03,Madera,039,155013,26016,25323,2565,27888,320
2022-01-03,Marin,041,260295,23094,21532,1096,22628,251
2022-01-03,Mariposa,043,17540,1631,1559,66,1625,6
2022-01-03,Mendocino,045,87422,8937,8573,743,9316,101
2022-01-03,Merced,047,269075,46474,45459,2302,47761,696
2022-01-03,Modoc,049,8938,621,602,215,817,6
2022-01-03,Mono,051,14174,2280,2172,36,2208,4
2022-01-03,Monterey,053,433212,54380,51047,4333,55380,644
2022-01-03,Napa,055,140530,16534,15260,306,15566,107
2022-01-03,Nevada,057,99092,11079,10572,424,10996,110
2022-01-03,Orange,059,3164182,386717,358052,25365,383417,5894
2022-01-03,Placer,061,380077,44110,42054,4737,46791,489
2022-01-03,Plumas,063,18699,2072,2005,61,2066,12
2022-01-03,Riverside,065,2383286,432951,410155,19650,429805,5504
2022-01-03,Sacramento,067,1510023,187870,179992,7616,187608,2452
2022-01-03,San Benito,069,59416,9048,8688,228,8916,79
2022-01-03,San Bernardino,071,2135413,422335,401938,14618,416556,6056
2022-01-03,San Diego,073,3302833,493873,451154,29077,480231,4476
2022-01-03,San Francisco,075,870044,77471,69315,3801,73116,686
2022-01-03,San Joaquin,077,732212,114305,109757,6338,116095,1903
2022-01-03,San Luis Obispo,079,281455,35038,33667,1689,35356,367
2022-01-03,San Mateo,081,765935,73979,64470,2156,66626,582
2022-01-03,Santa Barbara,083,443738,55229,51912,2039,53951,571
2022-01-03,Santa Clara,085,1922200,189819,174215,3493,177708,1963
2022-01-03,Santa Cruz,087,273765,25673,23765,1282,25047,228
2022-01-03,Shasta,089,179085,23934,23301,3964,27265,440
2022-01-03,Sierra,091,2930,219,213,21,234,0
2022-01-03,Siskiyou,093,43540,3602,3500,1481,4981,61
2022-01-03,Solano,095,438530,53606,51030,1979,53009,380
2022-01-03,Sonoma,097,501317,51034,48391,860,49251,410
2022-01-03,Stanislaus,099,539301,88397,85793,10050,95843,1332
2022-01-03,Sutter,101,95872,15356,14973,465,15438,193
2022-01-03,Tehama,103,63373,9230,9005,1659,10664,140
2022-01-03,Trinity,105,12862,929,833,231,1064,18
2022-01-03,Tulare,107,460477,74855,72664,18086,90750,1167
2022-01-03,Tuolumne,109,53932,8498,8179,131,8310,91
2022-01-03,Ventura,111,848112,122598,112762,6331,119093,1211
2022-01-03,Yolo,113,214977,24221,22563,1758,24321,270
2022-01-03,Yuba,115,75493,11377,11037,463,11500,99
2022-01-02,Alameda,001,1643700,148043,133486,4549,138035,1528
2022-01-02,Alpine,003,1148,114,113,0,113,0
2022-01-02,Amador,005,37829,6115,5913,92,6005,70
2022-01-02,Butte,007,227075,23562,22469,4249,26718,341
2022-01-02,Calaveras,009,45235,4825,4668,74,4742,93
2022-01-02,Colusa,011,21464,2718,2659,755,3414,21
2022-01-02,Contra Costa,013,1133247,120130,109593,3490,113083,1073
2022-01-02,Del Norte,015,27424,3907,3841,64,3905,43
2022-01-02,El Dorado,017,186661,18777,17621,1989,19610,172
2022-01-02,Fresno,019,978130,155288,149927,13446,163373,2379
2022-01-02,Glenn,021,27897,3733,3663,1041,4704,39
2022-01-02,Humboldt,023,135768,11228,10381,928,11309,119
2022-01-02,Imperial,025,180216,38967,37672,4971,42643,800
2022-01-02,Inyo,027,18085,2951,2726,54,2780,49
2022-01-02,Kern,029,883053,141224,136123,27442,163565,1917
2022-01-02,Kings,031,150075,35476,34318,2187,36505,386
2022-01-02,Lake,033,64148,7248,7060,202,7262,117
2022-01-02,Lassen,035,31185,7156,7089,450,7539,55
2022-01-02,Los Angeles,037,10098052,1767474,1596123,76147,1672270,27371
2022-01-02,Madera,039,155013,25766,25002,2510,27512,320
2022-01-02,Marin,041,260295,22555,20475,1026,21501,249
2022-01-02,Mariposa,043,17540,1601,1509,64,1573,6
2022-01-02,Mendocino,045,87422,8820,8422,725,9147,101
2022-01-02,Merced,047,269075,45946,44769,2205,46974,694
2022-01-02,Modoc,049,8938,619,601,214,815,6
2022-01-02,Mono,051,14174,2245,2101,33,2134,4
2022-01-02,Monterey,053,433212,53770,50251,4129,54380,643
2022-01-02,Napa,055,140530,15980,14439,295,14734,107
2022-01-02,Nevada,057,99092,10894,10299,409,10708,110
2022-01-02,Orange,059,3164182,375875,339526,24235,363761,5890
2022-01-02,Placer,061,380077,43430,40857,4653,45510,489
2022-01-02,Plumas,063,18699,2057,1994,57,2051,12
2022-01-02,Riverside,065,2383286,424767,397124,19133,416257,5501
2022-01-02,Sacramento,067,1510023,184203,173562,6807,180369,2448
2022-01-02,San Benito,069,59416,8867,8320,213,8533,79
2022-01-02,San Bernardino,071,2135413,415000,386278,14086,400364,6051
2022-01-02,San Diego,073,3302833,479091,427087,28079,455166,4469
2022-01-02,San Francisco,075,870044,74627,64498,3556,68054,682
2022-01-02,San Joaquin,077,732212,112448,106640,6235,112875,1902
2022-01-02,San Luis Obispo,079,281455,34308,32342,1603,33945,365
2022-01-02,San Mateo,081,765935,71509,60504,1917,62421,581
2022-01-02,Santa Barbara,083,443738,53830,49555,1976,51531,568
2022-01-02,Santa Clara,085,1922200,183692,164547,3098,167645,1969
2022-01-02,Santa Cruz,087,273765,25025,22980,1259,24239,228
2022-01-02,Shasta,089,179085,23745,23161,3914,27075,435
2022-01-02,Sierra,091,2930,218,206,21,227,0
2022-01-02,Siskiyou,093,43540,3578,3474,1459,4933,61
2022-01-02,Solano,095,438530,52687,48957,1812,50769,379
2022-01-02,Sonoma,097,501317,49682,46040,825,46865,410
2022-01-02,Stanislaus,099,539301,87557,84367,9937,94304,1332
2022-01-02,Sutter,101,95872,15185,14741,447,15188,193
2022-01-02,Tehama,103,63373,9166,8944,1638,10582,139
2022-01-02,Trinity,105,12862,927,832,230,1062,17
2022-01-02,Tulare,107,460477,74256,71941,17910,89851,1160
2022-01-02,Tuolumne,109,53932,8402,8044,126,8170,91
2022-01-02,Ventura,111,848112,119697,107992,6117,114109,1211
2022-01-02,Yolo,113,214977,23578,21747,1692,23439,270
2022-01-02,Yuba,115,75493,11257,10844,446,11290,99
2022-01-01,Alameda,001,1643700,146270,133486,4295,137781,1528
2022-01-01,Alpine,003,1148,114,113,0,113,0
2022-01-01,Amador,005,37829,6080,5913,88,6001,70
2022-01-01,Butte,007,227075,23388,22469,4224,26693,341
2022-01-01,Calaveras,009,45235,4803,4668,72,4740,93
2022-01-01,Colusa,011,21464,2716,2659,745,3404,21
2022-01-01,Contra Costa,013,1133247,118804,109593,3370,112963,1073
2022-01-01,Del Norte,015,27424,3901,3841,64,3905,43
2022-01-01,El Dorado,017,186661,18635,17621,1975,19596,172
2022-01-01,Fresno,019,978130,154639,149927,13383,163310,2379
2022-01-01,Glenn,021,27897,3728,3663,1041,4704,39
2022-01-01,Humboldt,023,135768,11100,10381,909,11290,119
2022-01-01,Imperial,025,180216,38828,37672,4929,42601,800
2022-01-01,Inyo,027,18085,2923,2726,52,2778,49
2022-01-01,Kern,029,883053,140544,136123,27144,163267,1917
2022-01-01,Kings,031,150075,35350,34318,2171,36489,386
2022-01-01,Lake,033,64148,7216,7060,198,7258,117
2022-01-01,Lassen,035,31185,7150,7089,445,7534,55
2022-01-01,Los Angeles,037,10098052,1747752,1596123,74203,1670326,27371
2022-01-01,Madera,039,155013,25685,25002,2496,27498,320
2022-01-01,Marin,041,260295,22257,20475,985,21460,249
2022-01-01,Mariposa,043,17540,1590,1509,64,1573,6
2022-01-01,Mendocino,045,87422,8729,8422,719,9141,101
2022-01-01,Merced,047,269075,45817,44769,2196,46965,694
2022-01-01,Modoc,049,8938,616,601,214,815,6
2022-01-01,Mono,051,14174,2230,2101,27,2128,4
2022-01-01,Monterey,053,433212,53486,50251,4049,54300,643
2022-01-01,Napa,055,140530,15834,14439,280,14719,107
2022-01-01,Nevada,057,99092,10831,10299,402,10701,110
2022-01-01,Orange,059,3164182,371728,339526,23517,363043,5890
2022-01-01,Placer,061,380077,43146,40857,4590,45447,489
2022-01-01,Plumas,063,18699,2046,1994,57,2051,12
2022-01-01,Riverside,065,2383286,421363,397124,18935,416059,5501
2022-01-01,Sacramento,067,1510023,183086,173562,6555,180117,2448
2022-01-01,San Benito,069,59416,8772,8320,213,8533,79
2022-01-01,San Bernardino,071,2135413,412034,386278,13816,400094,6051
2022-01-01,San Diego,073,3302833,473307,427087,27614,454701,4469
2022-01-01,San Francisco,075,870044,73260,64498,3340,67838,682
2022-01-01,San Joaquin,077,732212,111759,106640,6185,112825,1902
2022-01-01,San Luis Obispo,079,281455,34113,32342,1594,33936,365
2022-01-01,San Mateo,081,765935,70080,60504,1766,62270,581
2022-01-01,Santa Barbara,083,443738,53119,49555,1942,51497,568
2022-01-01,Santa Clara,085,1922200,180671,164547,2901,167448,1969
2022-01-01,Santa Cruz,087,273765,24714,22980,1248,24228,228
2022-01-01,Shasta,089,179085,23664,23161,3896,27057,435
2022-01-01,Sierra,091,2930,217,206,21,227,0
2022-01-01,Siskiyou,093,43540,3576,3474,1453,4927,61
2022-01-01,Solano,095,438530,52429,48957,1755,50712,379
2022-01-01,Sonoma,097,501317,49312,46040,795,46835,410
2022-01-01,Stanislaus,099,539301,87156,84367,9875,94242,1332
2022-01-01,Sutter,101,95872,15109,14741,445,15186,193
2022-01-01,Tehama,103,63373,9135,8944,1626,10570,139
2022-01-01,Trinity,105,12862,924,832,230,1062,17
2022-01-01,Tulare,107,460477,74026,71941,17812,89753,1160
2022-01-01,Tuolumne,109,53932,8345,8044,123,8167,91
2022-01-01,Ventura,111,848112,118312,107992,5989,113981,1211
2022-01-01,Yolo,113,214977,23163,21747,1655,23402,270
2022-01-01,Yuba,115,75493,11192,10844,440,11284,99
2021-12-31,Alameda,001,1643700,145568,133486,4204,137690,1528
2021-12-31,Alpine,003,1148,114,113,0,113,0
2021-12-31,Amador,005,37829,6057,5913,87,6000,70
2021-12-31,Butte,007,227075,23302,22469,4197,26666,341
2021-12-31,Calaveras,009,45235,4782,4668,72,4740,93
2021-12-31,Colusa,011,21464,2711,2659,739,3398,21
2021-12-31,Contra Costa,013,1133247,117969,109593,3309,112902,1073
2021-12-31,Del Norte,015,27424,3892,3841,62,3903,43
2021-12-31,El Dorado,017,186661,18565,17621,1957,19578,172
2021-12-31,Fresno,019,978130,154352,149927,13367,163294,2379
2021-12-31,Glenn,021,27897,3727,3663,1041,4704,39
2021-12-31,Humboldt,023,135768,11013,10381,891,11272,119
2021-12-31,Imperial,025,180216,38721,37672,4918,42590,800
2021-12-31,Inyo,027,18085,2898,2726,52,2778,49
2021-12-31,Kern,029,883053,140043,136123,27014,163137,1917
2021-12-31,Kings,031,150075,35252,34318,2166,36484,386
2021-12-31,Lake,033,64148,7195,7060,195,7255,117
2021-12-31,Lassen,035,31185,7139,7089,445,7534,55
2021-12-31,Los Angeles,037,10098052,1737162,1596123,73466,1669589,27371
2021-12-31,Madera,039,155013,25621,25002,2480,27482,320
2021-12-31,Marin,041,260295,22108,20475,955,21430,249
2021-12-31,Mariposa,043,17540,1584,1509,63,1572,6
2021-12-31,Mendocino,045,87422,8698,8422,716,9138,101
2021-12-31,Merced,047,269075,45741,44769,2179,46948,694
2021-12-31,Modoc,049,8938,612,601,212,813,6
2021-12-31,Mono,051,14174,2221,2101,27,2128,4
2021-12-31,Monterey,053,433212,53371,50251,3985,54236,643
2021-12-31,Napa,055,140530,15725,14439,270,14709,107
2021-12-31,Nevada,057,99092,10770,10299,396,10695,110
2021-12-31,Orange,059,3164182,369345,339526,23104,362630,5890
2021-12-31,Placer,061,380077,42928,40857,4527,45384,489
2021-12-31,Plumas,063,18699,2042,1994,57,2051,12
2021-12-31,Riverside,065,2383286,419782,397124,18792,415916,5501
2021-12-31,Sacramento,067,1510023,182354,173562,6456,180018,2448
2021-12-31,San Benito,069,59416,8758,8320,212,8532,79
2021-12-31,San Bernardino,071,2135413,409943,386278,13629,399907,6051
2021-12-31,San Diego,073,3302833,470189,427087,27335,454422,4469
2021-12-31,San Francisco,075,870044,72389,64498,3284,67782,682
2021-12-31,San Joaquin,077,732212,111154,106640,6142,112782,1902
2021-12-31,San Luis Obispo,079,281455,34007,32342,1581,33923,365
2021-12-31,San Mateo,081,765935,69229,60504,1712,62216,581
2021-12-31,Santa Barbara,083,443738,52759,49555,1928,51483,568
2021-12-31,Santa Clara,085,1922200,178745,164547,2767,167314,1969
2021-12-31,Santa Cruz,087,273765,24495,22980,1232,24212,228
2021-12-31,Shasta,089,179085,23600,23161,3875,27036,435
2021-12-31,Sierra,091,2930,217,206,21,227,0
2021-12-31,Siskiyou,093,43540,3570,3474,1442,4916,61
2021-12-31,Solano,095,438530,52278,48957,1729,50686,379
2021-12-31,Sonoma,097,501317,49088,46040,783,46823,410
2021-12-31,Stanislaus,099,539301,86838,84367,9832,94199,1332
2021-12-31,Sutter,101,95872,15049,14741,439,15180,193
2021-12-31,Tehama,103,63373,9105,8944,1618,10562,139
2021-12-31,Trinity,105,12862,923,832,230,1062,17
2021-12-31,Tulare,107,460477,73840,71941,17730,89671,1160
2021-12-31,Tuolumne,109,53932,8302,8044,122,8166,91
2021-12-31,Ventura,111,848112,117342,107992,5909,113901,1211
2021-12-31,Yolo,113,214977,22943,21747,1633,23380,270
2021-12-31,Yuba,115,75493,11137,10844,434,11278,99
2021-12-30,Alameda,001,1643700,144310,133486,4072,137558,1528
2021-12-30,Alpine,003,1148,113,113,0,113,0
2021-12-30,Amador,005,37829,6039,5913,86,5999,70
2021-12-30,Butte,007,227075,23187,22469,4176,26645,341
2021-12-30,Calaveras,009,45235,4766,4668,72,4740,93
2021-12-30,Colusa,011,21464,2710,2659,737,3396,21
2021-12-30,Contra Costa,013,1133247,116881,109593,3202,112795,1073
2021-12-30,Del Norte,015,27424,3882,3841,61,3902,43
2021-12-30,El Dorado,017,186661,18466,17621,1937,19558,172
2021-12-30,Fresno,019,978130,153868,149927,13304,163231,2379
2021-12-30,Glenn,021,27897,3722,3663,1040,4703,39
2021-12-30,Humboldt,023,135768,10945,10381,879,11260,119
2021-12-30,Imperial,025,180216,38571,37672,4796,42468,800
2021-12-30,Inyo,027,18085,2879,2726,50,2776,49
2021-12-30,Kern,029,883053,139520,136123,26725,162848,1917
2021-12-30,Kings,031,150075,35133,34318,2154,36472,386
2021-12-30,Lake,033,64148,7182,7060,190,7250,117
2021-12-30,Lassen,035,31185,7133,7089,445,7534,55
2021-12-30,Los Angeles,037,10098052,1714197,1596123,72239,1668362,27371
2021-12-30,Madera,039,155013,25540,25002,2460,27462,320
2021-12-30,Marin,041,260295,21938,20475,931,21406,249
2021-12-30,Mariposa,043,17540,1578,1509,63,1572,6
2021-12-30,Mendocino,045,87422,8681,8422,705,9127,101
2021-12-30,Merced,047,269075,45648,44769,2165,46934,694
2021-12-30,Modoc,049,8938,611,601,212,813,6
2021-12-30,Mono,051,14174,2219,2101,26,2127,4
2021-12-30,Monterey,053,433212,53074,50251,3927,54178,643
2021-12-30,Napa,055,140530,15582,14439,261,14700,107
2021-12-30,Nevada,057,99092,10708,10299,388,10687,110
2021-12-30,Orange,059,3164182,364332,339526,22555,362081,5890
2021-12-30,Placer,061,380077,42660,40857,4481,45338,489
2021-12-30,Plumas,063,18699,2039,1994,56,2050,12
2021-12-30,Riverside,065,2383286,416556,397124,18667,415791,5501
2021-12-30,Sacramento,067,1510023,181177,173562,6317,179879,2448
2021-12-30,San Benito,069,59416,8714,8320,208,8528,79
2021-12-30,San Bernardino,071,2135413,407579,386278,13483,399761,6051
2021-12-30,San Diego,073,3302833,465182,427087,26893,453980,4469
2021-12-30,San Francisco,075,870044,71276,64498,3212,67710,682
2021-12-30,San Joaquin,077,732212,110576,106640,6111,112751,1902
2021-12-30,San Luis Obispo,079,281455,33891,32342,1567,33909,365
2021-12-30,San Mateo,081,765935,68223,60504,1579,62083,581
2021-12-30,Santa Barbara,083,443738,52291,49555,1908,51463,568
2021-12-30,Santa Clara,085,1922200,176462,164547,2644,167191,1969
2021-12-30,Santa Cruz,087,273765,24258,22980,1205,24185,228
2021-12-30,Shasta,089,179085,23550,23161,3869,27030,435
2021-12-30,Sierra,091,2930,217,206,21,227,0
2021-12-30,Siskiyou,093,43540,3560,3474,1440,4914,61
2021-12-30,Solano,095,438530,51929,48957,1682,50639,379
2021-12-30,Sonoma,097,501317,48764,46040,774,46814,410
2021-12-30,Stanislaus,099,539301,86521,84367,9785,94152,1332
2021-12-30,Sutter,101,95872,14990,14741,438,15179,193
2021-12-30,Tehama,103,63373,9078,8944,1612,10556,139
2021-12-30,Trinity,105,12862,920,832,230,1062,17
2021-12-30,Tulare,107,460477,73666,71941,17655,89596,1160
2021-12-30,Tuolumne,109,53932,8264,8044,121,8165,91
2021-12-30,Ventura,111,848112,116088,107992,5807,113799,1211
2021-12-30,Yolo,113,214977,22812,21747,1606,23353,270
2021-12-30,Yuba,115,75493,11090,10844,432,11276,99
2021-12-29,Alameda,001,1643700,141119,131586,3919,135505,1529
2021-12-29,Alpine,003,1148,113,113,0,113,0
2021-12-29,Amador,005,37829,6016,5905,83,5988,70
2021-12-29,Butte,007,227075,23048,22353,4140,26493,338
2021-12-29,Calaveras,009,45235,4740,4646,70,4716,93
2021-12-29,Colusa,011,21464,2700,2657,732,3389,21
2021-12-29,Contra Costa,013,1133247,114755,108165,3073,111238,1072
2021-12-29,Del Norte,015,27424,3869,3826,59,3885,43
2021-12-29,El Dorado,017,186661,18239,17489,1919,19408,172
2021-12-29,Fresno,019,978130,152827,149318,13216,162534,2364
2021-12-29,Glenn,021,27897,3712,3653,1038,4691,39
2021-12-29,Humboldt,023,135768,10840,10249,858,11107,119
2021-12-29,Imperial,025,180216,38365,37460,4726,42186,800
2021-12-29,Inyo,027,18085,2847,2703,50,2753,49
2021-12-29,Kern,029,883053,138735,135648,26341,161989,1913
2021-12-29,Kings,031,150075,35017,34216,2150,36366,386
2021-12-29,Lake,033,64148,7151,7048,188,7236,117
2021-12-29,Lassen,035,31185,7130,7085,444,7529,55
2021-12-29,Los Angeles,037,10098052,1684676,1576414,70540,1646954,27349
2021-12-29,Madera,039,155013,25436,24923,2450,27373,320
2021-12-29,Marin,041,260295,21587,20025,911,20936,249
2021-12-29,Mariposa,043,17540,1556,1507,63,1570,6
2021-12-29,Mendocino,045,87422,8622,8386,701,9087,99
2021-12-29,Merced,047,269075,45432,44548,2151,46699,693
2021-12-29,Modoc,049,8938,608,600,212,812,6
2021-12-29,Mono,051,14174,2195,2056,26,2082,4
2021-12-29,Monterey,053,433212,52666,50097,3825,53922,641
2021-12-29,Napa,055,140530,15258,14247,242,14489,107
2021-12-29,Nevada,057,99092,10616,10274,387,10661,110
2021-12-29,Orange,059,3164182,356906,334557,21883,356440,5887
2021-12-29,Placer,061,380077,42179,40545,4406,44951,489
2021-12-29,Plumas,063,18699,2027,1990,56,2046,12
2021-12-29,Riverside,065,2383286,411215,392989,18486,411475,5486
2021-12-29,Sacramento,067,1510023,178923,172145,6163,178308,2437
2021-12-29,San Benito,069,59416,8569,8239,207,8446,79
2021-12-29,San Bernardino,071,2135413,402506,382872,13287,396159,6049
2021-12-29,San Diego,073,3302833,454454,421045,26264,447309,4461
2021-12-29,San Francisco,075,870044,69568,63117,3145,66262,684
2021-12-29,San Joaquin,077,732212,109412,106063,6060,112123,1891
2021-12-29,San Luis Obispo,079,281455,33497,31936,1521,33457,365
2021-12-29,San Mateo,081,765935,66640,59478,1470,60948,581
2021-12-29,Santa Barbara,083,443738,51468,49003,1883,50886,568
2021-12-29,Santa Clara,085,1922200,173328,162008,2509,164517,1962
2021-12-29,Santa Cruz,087,273765,23979,22669,1182,23851,228
2021-12-29,Shasta,089,179085,23475,23083,3857,26940,435
2021-12-29,Sierra,091,2930,217,206,21,227,0
2021-12-29,Siskiyou,093,43540,3548,3472,1430,4902,61
2021-12-29,Solano,095,438530,51224,48562,1626,50188,379
2021-12-29,Sonoma,097,501317,47962,45479,751,46230,410
2021-12-29,Stanislaus,099,539301,86032,84083,9732,93815,1332
2021-12-29,Sutter,101,95872,14925,14688,437,15125,193
2021-12-29,Tehama,103,63373,9057,8914,1600,10514,138
2021-12-29,Trinity,105,12862,919,832,230,1062,17
2021-12-29,Tulare,107,460477,73388,71752,17537,89289,1160
2021-12-29,Tuolumne,109,53932,8211,8012,120,8132,91
2021-12-29,Ventura,111,848112,114142,106974,5627,112601,1207
2021-12-29,Yolo,113,214977,22581,21564,1575,23139,270
2021-12-29,Yuba,115,75493,11029,10808,428,11236,99
2021-12-28,Alameda,001,1643700,138020,130427,3757,134184,1522
2021-12-28,Alpine,003,1148,113,113,0,113,0
2021-12-28,Amador,005,37829,5997,5900,82,5982,70
2021-12-28,Butte,007,227075,22908,22285,4123,26408,338
2021-12-28,Calaveras,009,45235,4725,4641,69,4710,91
2021-12-28,Colusa,011,21464,2694,2653,730,3383,21
2021-12-28,Contra Costa,013,1133247,112485,107160,2956,110116,1072
2021-12-28,Del Norte,015,27424,3863,3815,59,3874,43
2021-12-28,El Dorado,017,186661,18015,17419,1908,19327,172
2021-12-28,Fresno,019,978130,151864,148987,13142,162129,2365
2021-12-28,Glenn,021,27897,3690,3639,1037,4676,39
2021-12-28,Humboldt,023,135768,10721,10198,833,11031,119
2021-12-28,Imperial,025,180216,38094,37223,4619,41842,800
2021-12-28,Inyo,027,18085,2790,2676,49,2725,48
2021-12-28,Kern,029,883053,138036,135346,25997,161343,1909
2021-12-28,Kings,031,150075,34876,34165,2136,36301,386
2021-12-28,Lake,033,64148,7135,7044,184,7228,116
2021-12-28,Lassen,035,31185,7122,7083,444,7527,55
2021-12-28,Los Angeles,037,10098052,1652620,1561791,69032,1630823,27323
2021-12-28,Madera,039,155013,25310,24865,2433,27298,320
2021-12-28,Marin,041,260295,21176,19739,881,20620,249
2021-12-28,Mariposa,043,17540,1545,1499,62,1561,6
2021-12-28,Mendocino,045,87422,8561,8366,693,9059,98
2021-12-28,Merced,047,269075,45195,44434,2143,46577,691
2021-12-28,Modoc,049,8938,608,599,211,810,6
2021-12-28,Mono,051,14174,2170,2045,24,2069,4
2021-12-28,Monterey,053,433212,52303,49973,3750,53723,639
2021-12-28,Napa,055,140530,14938,14131,215,14346,107
2021-12-28,Nevada,057,99092,10526,10250,384,10634,110
2021-12-28,Orange,059,3164182,349332,331279,21141,352420,5882
2021-12-28,Placer,061,380077,41713,40410,4336,44746,489
2021-12-28,Plumas,063,18699,2024,1989,56,2045,12
2021-12-28,Riverside,065,2383286,406030,390343,18240,408583,5470
2021-12-28,Sacramento,067,1510023,176787,171290,6036,177326,2426
2021-12-28,San Benito,069,59416,8429,8170,205,8375,79
2021-12-28,San Bernardino,071,2135413,397115,381316,13083,394399,6047
2021-12-28,San Diego,073,3302833,443764,417383,25783,443166,4450
2021-12-28,San Francisco,075,870044,67950,61745,3085,64830,682
2021-12-28,San Joaquin,077,732212,108366,105572,6015,111587,1884
2021-12-28,San Luis Obispo,079,281455,33039,31759,1507,33266,365
2021-12-28,San Mateo,081,765935,65181,58712,1383,60095,582
2021-12-28,Santa Barbara,083,443738,50844,48493,1864,50357,568
2021-12-28,Santa Clara,085,1922200,170185,160811,2413,163224,1962
2021-12-28,Santa Cruz,087,273765,23598,22513,1151,23664,228
2021-12-28,Shasta,089,179085,23404,23035,3852,26887,434
2021-12-28,Sierra,091,2930,214,206,21,227,0
2021-12-28,Siskiyou,093,43540,3539,3468,1424,4892,60
2021-12-28,Solano,095,438530,50283,48318,1571,49889,378
2021-12-28,Sonoma,097,501317,47119,45086,725,45811,410
2021-12-28,Stanislaus,099,539301,85546,83946,9682,93628,1331
2021-12-28,Sutter,101,95872,14875,14662,435,15097,193
2021-12-28,Tehama,103,63373,9040,8893,1598,10491,138
2021-12-28,Trinity,105,12862,917,831,229,1060,17
2021-12-28,Tulare,107,460477,73129,71630,17411,89041,1156
2021-12-28,Tuolumne,109,53932,8168,8006,120,8126,91
2021-12-28,Ventura,111,848112,112026,105883,5496,111379,1207
2021-12-28,Yolo,113,214977,22258,21320,1526,22846,270
2021-12-28,Yuba,115,75493,10974,10778,425,11203,99
2021-12-27,Alameda,001,1643700,135472,129910,3612,133522,1530
2021-12-27,Alpine,003,1148,113,113,0,113,0
2021-12-27,Amador,005,37829,5969,5891,82,5973,70
2021-12-27,Butte,007,227075,22780,22234,4101,26335,335
2021-12-27,Calaveras,009,45235,4703,4630,68,4698,91
2021-12-27,Colusa,011,21464,2685,2652,724,3376,21
2021-12-27,Contra Costa,013,1133247,110371,106692,2873,109565,1071
2021-12-27,Del Norte,015,27424,3854,3802,58,3860,43
2021-12-27,El Dorado,017,186661,17851,17361,1896,19257,172
2021-12-27,Fresno,019,978130,151011,148826,13076,161902,2364
2021-12-27,Glenn,021,27897,3681,3634,1030,4664,39
2021-12-27,Humboldt,023,135768,10605,10164,811,10975,119
2021-12-27,Imperial,025,180216,37883,37180,4518,41698,800
2021-12-27,Inyo,027,18085,2761,2662,47,2709,48
2021-12-27,Kern,029,883053,137385,135119,25700,160819,1907
2021-12-27,Kings,031,150075,34723,34126,2125,36251,382
2021-12-27,Lake,033,64148,7112,7037,175,7212,116
2021-12-27,Lassen,035,31185,7116,7080,444,7524,55
2021-12-27,Los Angeles,037,10098052,1616796,1554074,67329,1621403,27300
2021-12-27,Madera,039,155013,25194,24840,2415,27255,320
2021-12-27,Marin,041,260295,20788,19601,854,20455,249
2021-12-27,Mariposa,043,17540,1530,1495,62,1557,6
2021-12-27,Mendocino,045,87422,8494,8351,689,9040,98
2021-12-27,Merced,047,269075,44969,44383,2126,46509,690
2021-12-27,Modoc,049,8938,606,599,211,810,6
2021-12-27,Mono,051,14174,2093,2026,24,2050,4
2021-12-27,Monterey,053,433212,52009,49918,3699,53617,639
2021-12-27,Napa,055,140530,14671,14083,206,14289,107
2021-12-27,Nevada,057,99092,10457,10239,376,10615,110
2021-12-27,Orange,059,3164182,341962,329222,20340,349562,5875
2021-12-27,Placer,061,380077,41331,40263,4288,44551,489
2021-12-27,Plumas,063,18699,2022,1988,54,2042,12
2021-12-27,Riverside,065,2383286,401493,389096,17978,407074,5470
2021-12-27,Sacramento,067,1510023,174825,170858,5864,176722,2422
2021-12-27,San Benito,069,59416,8308,8133,201,8334,79
2021-12-27,San Bernardino,071,2135413,391544,380526,12899,393425,6047
2021-12-27,San Diego,073,3302833,433918,414968,25334,440302,4445
2021-12-27,San Francisco,075,870044,66201,60920,3018,63938,682
2021-12-27,San Joaquin,077,732212,107458,105413,5968,111381,1876
2021-12-27,San Luis Obispo,079,281455,32595,31671,1485,33156,365
2021-12-27,San Mateo,081,765935,63702,58397,1284,59681,581
2021-12-27,Santa Barbara,083,443738,50079,48209,1843,50052,568
2021-12-27,Santa Clara,085,1922200,167207,159904,2290,162194,1961
2021-12-27,Santa Cruz,087,273765,23311,22456,1134,23590,228
2021-12-27,Shasta,089,179085,23340,23015,3841,26856,432
2021-12-27,Sierra,091,2930,214,206,21,227,0
2021-12-27,Siskiyou,093,43540,3530,3466,1419,4885,60
2021-12-27,Solano,095,438530,49552,48172,1523,49695,378
2021-12-27,Sonoma,097,501317,46553,44990,706,45696,410
2021-12-27,Stanislaus,099,539301,85094,83833,9646,93479,1331
2021-12-27,Sutter,101,95872,14820,14642,430,15072,191
2021-12-27,Tehama,103,63373,9025,8887,1591,10478,136
2021-12-27,Trinity,105,12862,917,827,229,1056,17
2021-12-27,Tulare,107,460477,72884,71562,17314,88876,1146
2021-12-27,Tuolumne,109,53932,8131,7978,119,8097,91
2021-12-27,Ventura,111,848112,109914,105212,5363,110575,1206
2021-12-27,Yolo,113,214977,21976,21300,1492,22792,270
2021-12-27,Yuba,115,75493,10914,10759,424,11183,98
2021-12-26,Alameda,001,1643700,133460,127221,3539,130760,1525
2021-12-26,Alpine,003,1148,113,113,0,113,0
2021-12-26,Amador,005,37829,5953,5861,80,5941,70
2021-12-26,Butte,007,227075,22632,22087,4078,26165,330
2021-12-26,Calaveras,009,45235,4681,4591,68,4659,91
2021-12-26,Colusa,011,21464,2675,2647,718,3365,21
2021-12-26,Contra Costa,013,1133247,108689,105022,2774,107796,1071
2021-12-26,Del Norte,015,27424,3849,3795,58,3853,43
2021-12-26,El Dorado,017,186661,17700,17188,1887,19075,172
2021-12-26,Fresno,019,978130,150377,148027,13011,161038,2358
2021-12-26,Glenn,021,27897,3674,3611,1026,4637,39
2021-12-26,Humboldt,023,135768,10461,10052,788,10840,119
2021-12-26,Imperial,025,180216,37601,36878,4428,41306,800
2021-12-26,Inyo,027,18085,2736,2636,44,2680,47
2021-12-26,Kern,029,883053,136674,134591,25446,160037,1908
2021-12-26,Kings,031,150075,34569,34009,2119,36128,379
2021-12-26,Lake,033,64148,7092,7019,172,7191,116
2021-12-26,Lassen,035,31185,7110,7072,443,7515,55
2021-12-26,Los Angeles,037,10098052,1587238,1515469,65558,1581027,27257
2021-12-26,Madera,039,155013,25076,24741,2400,27141,320
2021-12-26,Marin,041,260295,20411,19085,792,19877,249
2021-12-26,Mariposa,043,17540,1524,1480,62,1542,6
2021-12-26,Mendocino,045,87422,8444,8314,687,9001,98
2021-12-26,Merced,047,269075,44722,44208,2116,46324,690
2021-12-26,Modoc,049,8938,605,597,209,806,6
2021-12-26,Mono,051,14174,2068,2000,24,2024,4
2021-12-26,Monterey,053,433212,51736,49709,3650,53359,638
2021-12-26,Napa,055,140530,14438,13809,199,14008,107
2021-12-26,Nevada,057,99092,10401,10153,369,10522,110
2021-12-26,Orange,059,3164182,335730,322991,19546,342537,5863
2021-12-26,Placer,061,380077,40985,39852,4217,44069,489
2021-12-26,Plumas,063,18699,2015,1987,53,2040,12
2021-12-26,Riverside,065,2383286,397359,384567,17817,402384,5470
2021-12-26,Sacramento,067,1510023,173188,169144,5719,174863,2418
2021-12-26,San Benito,069,59416,8222,7991,197,8188,79
2021-12-26,San Bernardino,071,2135413,387069,376052,12727,388779,6043
2021-12-26,San Diego,073,3302833,425101,406616,24895,431511,4442
2021-12-26,San Francisco,075,870044,64622,58229,2956,61185,682
2021-12-26,San Joaquin,077,732212,106648,104590,5916,110506,1872
2021-12-26,San Luis Obispo,079,281455,32157,31290,1467,32757,365
2021-12-26,San Mateo,081,765935,62312,56973,1236,58209,581
2021-12-26,Santa Barbara,083,443738,49418,47553,1813,49366,567
2021-12-26,Santa Clara,085,1922200,164502,156872,2159,159031,1967
2021-12-26,Santa Cruz,087,273765,23025,22176,1122,23298,228
2021-12-26,Shasta,089,179085,23257,22959,3829,26788,432
2021-12-26,Sierra,091,2930,214,202,21,223,0
2021-12-26,Siskiyou,093,43540,3522,3460,1410,4870,60
2021-12-26,Solano,095,438530,49053,47646,1485,49131,377
2021-12-26,Sonoma,097,501317,46066,44358,673,45031,408
2021-12-26,Stanislaus,099,539301,84720,83368,9609,92977,1331
2021-12-26,Sutter,101,95872,14757,14533,427,14960,191
2021-12-26,Tehama,103,63373,8993,8861,1588,10449,136
2021-12-26,Trinity,105,12862,917,826,228,1054,17
2021-12-26,Tulare,107,460477,72655,71292,17204,88496,1137
2021-12-26,Tuolumne,109,53932,8094,7919,119,8038,91
2021-12-26,Ventura,111,848112,108071,103498,5215,108713,1206
2021-12-26,Yolo,113,214977,21699,21084,1452,22536,270
2021-12-26,Yuba,115,75493,10864,10694,422,11116,98
2021-12-25,Alameda,001,1643700,132439,127221,3477,130698,1525
2021-12-25,Alpine,003,1148,113,113,0,113,0
2021-12-25,Amador,005,37829,5934,5861,80,5941,70
2021-12-25,Butte,007,227075,22540,22087,4062,26149,330
2021-12-25,Calaveras,009,45235,4653,4591,67,4658,91
2021-12-25,Colusa,011,21464,2671,2647,712,3359,21
2021-12-25,Contra Costa,013,1133247,107896,105022,2721,107743,1071
2021-12-25,Del Norte,015,27424,3842,3795,57,3852,43
2021-12-25,El Dorado,017,186661,17648,17188,1875,19063,172
2021-12-25,Fresno,019,978130,150083,148027,12975,161002,2358
2021-12-25,Glenn,021,27897,3665,3611,1024,4635,39
2021-12-25,Humboldt,023,135768,10385,10052,780,10832,119
2021-12-25,Imperial,025,180216,37491,36878,4403,41281,800
2021-12-25,Inyo,027,18085,2716,2636,44,2680,47
2021-12-25,Kern,029,883053,136327,134591,25322,159913,1908
2021-12-25,Kings,031,150075,34483,34009,2110,36119,379
2021-12-25,Lake,033,64148,7080,7019,170,7189,116
2021-12-25,Lassen,035,31185,7108,7072,443,7515,55
2021-12-25,Los Angeles,037,10098052,1574618,1515469,64228,1579697,27257
2021-12-25,Madera,039,155013,25028,24741,2394,27135,320
2021-12-25,Marin,041,260295,20074,19085,743,19828,249
2021-12-25,Mariposa,043,17540,1518,1480,62,1542,6
2021-12-25,Mendocino,045,87422,8406,8314,687,9001,98
2021-12-25,Merced,047,269075,44623,44208,2114,46322,690
2021-12-25,Modoc,049,8938,605,597,209,806,6
2021-12-25,Mono,051,14174,2056,2000,24,2024,4
2021-12-25,Monterey,053,433212,51573,49709,3616,53325,638
2021-12-25,Napa,055,140530,14325,13809,191,14000,107
2021-12-25,Nevada,057,99092,10373,10153,369,10522,110
2021-12-25,Orange,059,3164182,332922,322991,18970,341961,5863
2021-12-25,Placer,061,380077,40796,39852,4181,44033,489
2021-12-25,Plumas,063,18699,2013,1987,53,2040,12
2021-12-25,Riverside,065,2383286,395109,384567,17696,402263,5470
2021-12-25,Sacramento,067,1510023,172410,169144,5615,174759,2418
2021-12-25,San Benito,069,59416,8158,7991,197,8188,79
2021-12-25,San Bernardino,071,2135413,384964,376052,12595,388647,6043
2021-12-25,San Diego,073,3302833,421088,406616,24632,431248,4442
2021-12-25,San Francisco,075,870044,63584,58229,2919,61148,682
2021-12-25,San Joaquin,077,732212,106317,104590,5885,110475,1872
2021-12-25,San Luis Obispo,079,281455,32003,31290,1459,32749,365
2021-12-25,San Mateo,081,765935,61290,56973,1193,58166,581
2021-12-25,Santa Barbara,083,443738,49060,47553,1801,49354,567
2021-12-25,Santa Clara,085,1922200,163015,156872,2090,158962,1967
2021-12-25,Santa Cruz,087,273765,22867,22176,1116,23292,228
2021-12-25,Shasta,089,179085,23226,22959,3823,26782,432
2021-12-25,Sierra,091,2930,214,202,21,223,0
2021-12-25,Siskiyou,093,43540,3519,3460,1404,4864,60
2021-12-25,Solano,095,438530,48932,47646,1467,49113,377
2021-12-25,Sonoma,097,501317,45686,44358,647,45005,408
2021-12-25,Stanislaus,099,539301,84506,83368,9588,92956,1331
2021-12-25,Sutter,101,95872,14716,14533,425,14958,191
2021-12-25,Tehama,103,63373,8973,8861,1584,10445,136
2021-12-25,Trinity,105,12862,916,826,228,1054,17
2021-12-25,Tulare,107,460477,72530,71292,17127,88419,1137
2021-12-25,Tuolumne,109,53932,8064,7919,119,8038,91
2021-12-25,Ventura,111,848112,106905,103498,5105,108603,1206
2021-12-25,Yolo,113,214977,21588,21084,1431,22515,270
2021-12-25,Yuba,115,75493,10838,10694,421,11115,98
2021-12-24,Alameda,001,1643700,131854,127221,3459,130680,1525
2021-12-24,Alpine,003,1148,113,113,0,113,0
2021-12-24,Amador,005,37829,5926,5861,79,5940,70
2021-12-24,Butte,007,227075,22486,22087,4049,26136,330
2021-12-24,Calaveras,009,45235,4647,4591,67,4658,91
2021-12-24,Colusa,011,21464,2669,2647,711,3358,21
2021-12-24,Contra Costa,013,1133247,107605,105022,2690,107712,1071
2021-12-24,Del Norte,015,27424,3835,3795,57,3852,43
2021-12-24,El Dorado,017,186661,17599,17188,1870,19058,172
2021-12-24,Fresno,019,978130,149924,148027,12965,160992,2358
2021-12-24,Glenn,021,27897,3664,3611,1024,4635,39
2021-12-24,Humboldt,023,135768,10329,10052,774,10826,119
2021-12-24,Imperial,025,180216,37410,36878,4398,41276,800
2021-12-24,Inyo,027,18085,2696,2636,44,2680,47
2021-12-24,Kern,029,883053,136202,134591,25280,159871,1908
2021-12-24,Kings,031,150075,34428,34009,2109,36118,379
2021-12-24,Lake,033,64148,7076,7019,170,7189,116
2021-12-24,Lassen,035,31185,7105,7072,443,7515,55
2021-12-24,Los Angeles,037,10098052,1569885,1515469,63721,1579190,27257
2021-12-24,Madera,039,155013,24995,24741,2389,27130,320
2021-12-24,Marin,041,260295,19930,19085,713,19798,249
2021-12-24,Mariposa,043,17540,1516,1480,62,1542,6
2021-12-24,Mendocino,045,87422,8391,8314,687,9001,98
2021-12-24,Merced,047,269075,44576,44208,2112,46320,690
2021-12-24,Modoc,049,8938,605,597,209,806,6
2021-12-24,Mono,051,14174,2048,2000,24,2024,4
2021-12-24,Monterey,053,433212,51477,49709,3591,53300,638
2021-12-24,Napa,055,140530,14260,13809,187,13996,107
2021-12-24,Nevada,057,99092,10346,10153,367,10520,110
2021-12-24,Orange,059,3164182,331924,322991,18815,341806,5863
2021-12-24,Placer,061,380077,40680,39852,4165,44017,489
2021-12-24,Plumas,063,18699,2012,1987,53,2040,12
2021-12-24,Riverside,065,2383286,394127,384567,17606,402173,5470
2021-12-24,Sacramento,067,1510023,172111,169144,5577,174721,2418
2021-12-24,San Benito,069,59416,8150,7991,196,8187,79
2021-12-24,San Bernardino,071,2135413,383899,376052,12527,388579,6043
2021-12-24,San Diego,073,3302833,420002,406616,24507,431123,4442
2021-12-24,San Francisco,075,870044,63076,58229,2901,61130,682
2021-12-24,San Joaquin,077,732212,106131,104590,5878,110468,1872
2021-12-24,San Luis Obispo,079,281455,31941,31290,1449,32739,365
2021-12-24,San Mateo,081,765935,60863,56973,1171,58144,581
2021-12-24,Santa Barbara,083,443738,48858,47553,1795,49348,567
2021-12-24,Santa Clara,085,1922200,162199,156872,2056,158928,1967
2021-12-24,Santa Cruz,087,273765,22785,22176,1113,23289,228
2021-12-24,Shasta,089,179085,23195,22959,3819,26778,432
2021-12-24,Sierra,091,2930,213,202,21,223,0
2021-12-24,Siskiyou,093,43540,3514,3460,1400,4860,60
2021-12-24,Solano,095,438530,48880,47646,1465,49111,377
2021-12-24,Sonoma,097,501317,45526,44358,639,44997,408
2021-12-24,Stanislaus,099,539301,84395,83368,9573,92941,1331
2021-12-24,Sutter,101,95872,14696,14533,422,14955,191
2021-12-24,Tehama,103,63373,8964,8861,1581,10442,136
2021-12-24,Trinity,105,12862,914,826,228,1054,17
2021-12-24,Tulare,107,460477,72465,71292,17083,88375,1137
2021-12-24,Tuolumne,109,53932,8040,7919,119,8038,91
2021-12-24,Ventura,111,848112,106456,103498,5049,108547,1206
2021-12-24,Yolo,113,214977,21516,21084,1413,22497,270
2021-12-24,Yuba,115,75493,10815,10694,420,11114,98
2021-12-23,Alameda,001,1643700,131185,127221,3423,130644,1525
2021-12-23,Alpine,003,1148,113,113,0,113,0
2021-12-23,Amador,005,37829,5914,5861,77,5938,70
2021-12-23,Butte,007,227075,22436,22087,4038,26125,330
2021-12-23,Calaveras,009,45235,4636,4591,67,4658,91
2021-12-23,Colusa,011,21464,2663,2647,707,3354,21
2021-12-23,Contra Costa,013,1133247,107209,105022,2648,107670,1071
2021-12-23,Del Norte,015,27424,3832,3795,57,3852,43
2021-12-23,El Dorado,017,186661,17541,17188,1864,19052,172
2021-12-23,Fresno,019,978130,149733,148027,12949,160976,2358
2021-12-23,Glenn,021,27897,3661,3611,1024,4635,39
2021-12-23,Humboldt,023,135768,10276,10052,771,10823,119
2021-12-23,Imperial,025,180216,37342,36878,4368,41246,800
2021-12-23,Inyo,027,18085,2684,2636,44,2680,47
2021-12-23,Kern,029,883053,136053,134591,25185,159776,1908
2021-12-23,Kings,031,150075,34389,34009,2108,36117,379
2021-12-23,Lake,033,64148,7066,7019,168,7187,116
2021-12-23,Lassen,035,31185,7104,7072,443,7515,55
2021-12-23,Los Angeles,037,10098052,1560475,1515469,62623,1578092,27257
2021-12-23,Madera,039,155013,24964,24741,2386,27127,320
2021-12-23,Marin,041,260295,19796,19085,696,19781,249
2021-12-23,Mariposa,043,17540,1511,1480,62,1542,6
2021-12-23,Mendocino,045,87422,8382,8314,687,9001,98
2021-12-23,Merced,047,269075,44529,44208,2110,46318,690
2021-12-23,Modoc,049,8938,605,597,209,806,6
2021-12-23,Mono,051,14174,2038,2000,23,2023,4
2021-12-23,Monterey,053,433212,51362,49709,3569,53278,638
2021-12-23,Napa,055,140530,14179,13809,181,13990,107
2021-12-23,Nevada,057,99092,10323,10153,366,10519,110
2021-12-23,Orange,059,3164182,330284,322991,18481,341472,5863
2021-12-23,Placer,061,380077,40557,39852,4149,44001,489
2021-12-23,Plumas,063,18699,2012,1987,53,2040,12
2021-12-23,Riverside,065,2383286,392925,384567,17545,402112,5470
2021-12-23,Sacramento,067,1510023,171681,169144,5532,174676,2418
2021-12-23,San Benito,069,59416,8131,7991,194,8185,79
2021-12-23,San Bernardino,071,2135413,382786,376052,12426,388478,6043
2021-12-23,San Diego,073,3302833,418174,406616,24311,430927,4442
2021-12-23,San Francisco,075,870044,62346,58229,2873,61102,682
2021-12-23,San Joaquin,077,732212,105913,104590,5865,110455,1872
2021-12-23,San Luis Obispo,079,281455,31869,31290,1445,32735,365
2021-12-23,San Mateo,081,765935,60317,56973,1151,58124,581
2021-12-23,Santa Barbara,083,443738,48659,47553,1793,49346,567
2021-12-23,Santa Clara,085,1922200,161289,156872,1997,158869,1967
2021-12-23,Santa Cruz,087,273765,22667,22176,1103,23279,228
2021-12-23,Shasta,089,179085,23169,22959,3816,26775,432
2021-12-23,Sierra,091,2930,210,202,21,223,0
2021-12-23,Siskiyou,093,43540,3514,3460,1398,4858,60
2021-12-23,Solano,095,438530,48778,47646,1450,49096,377
2021-12-23,Sonoma,097,501317,45350,44358,636,44994,408
2021-12-23,Stanislaus,099,539301,84268,83368,9559,92927,1331
2021-12-23,Sutter,101,95872,14678,14533,421,14954,191
2021-12-23,Tehama,103,63373,8952,8861,1577,10438,136
2021-12-23,Trinity,105,12862,914,826,228,1054,17
2021-12-23,Tulare,107,460477,72390,71292,17038,88330,1137
2021-12-23,Tuolumne,109,53932,8022,7919,118,8037,91
2021-12-23,Ventura,111,848112,105920,103498,4982,108480,1206
2021-12-23,Yolo,113,214977,21448,21084,1395,22479,270
2021-12-23,Yuba,115,75493,10802,10694,420,11114,98
2021-12-22,Alameda,001,1643700,130277,126533,3340,129873,1522
2021-12-22,Alpine,003,1148,113,112,0,112,0
2021-12-22,Amador,005,37829,5901,5850,76,5926,70
2021-12-22,Butte,007,227075,22387,22070,4027,26097,330
2021-12-22,Calaveras,009,45235,4627,4580,67,4647,91
2021-12-22,Colusa,011,21464,2663,2645,704,3349,21
2021-12-22,Contra Costa,013,1133247,106613,104559,2604,107163,1070
2021-12-22,Del Norte,015,27424,3832,3794,57,3851,43
2021-12-22,El Dorado,017,186661,17480,17140,1855,18995,172
2021-12-22,Fresno,019,978130,149482,147838,12922,160760,2349
2021-12-22,Glenn,021,27897,3656,3604,1024,4628,39
2021-12-22,Humboldt,023,135768,10216,10022,766,10788,119
2021-12-22,Imperial,025,180216,37261,36755,4330,41085,798
2021-12-22,Inyo,027,18085,2666,2632,44,2676,47
2021-12-22,Kern,029,883053,135817,134433,25101,159534,1900
2021-12-22,Kings,031,150075,34342,33953,2101,36054,376
2021-12-22,Lake,033,64148,7060,7008,166,7174,116
2021-12-22,Lassen,035,31185,7099,7069,442,7511,55
2021-12-22,Los Angeles,037,10098052,1547089,1507110,61462,1568572,27234
2021-12-22,Madera,039,155013,24925,24702,2382,27084,320
2021-12-22,Marin,041,260295,19575,18927,672,19599,249
2021-12-22,Mariposa,043,17540,1504,1480,62,1542,6
2021-12-22,Mendocino,045,87422,8373,8299,687,8986,99
2021-12-22,Merced,047,269075,44459,44137,2108,46245,689
2021-12-22,Modoc,049,8938,605,595,209,804,6
2021-12-22,Mono,051,14174,2035,1979,22,2001,4
2021-12-22,Monterey,053,433212,51212,49650,3553,53203,639
2021-12-22,Napa,055,140530,14052,13746,171,13917,107
2021-12-22,Nevada,057,99092,10296,10101,361,10462,110
2021-12-22,Orange,059,3164182,328041,321765,18048,339813,5858
2021-12-22,Placer,061,380077,40376,39758,4112,43870,489
2021-12-22,Plumas,063,18699,2008,1986,53,2039,12
2021-12-22,Riverside,065,2383286,391115,383319,17437,400756,5472
2021-12-22,Sacramento,067,1510023,171048,168695,5474,174169,2422
2021-12-22,San Benito,069,59416,8078,7971,192,8163,79
2021-12-22,San Bernardino,071,2135413,381182,375044,12343,387387,6039
2021-12-22,San Diego,073,3302833,414059,404269,23993,428262,4434
2021-12-22,San Francisco,075,870044,61349,57520,2827,60347,682
2021-12-22,San Joaquin,077,732212,105642,104385,5851,110236,1870
2021-12-22,San Luis Obispo,079,281455,31727,31175,1426,32601,365
2021-12-22,San Mateo,081,765935,59636,56604,1122,57726,581
2021-12-22,Santa Barbara,083,443738,48403,47372,1778,49150,566
2021-12-22,Santa Clara,085,1922200,160171,156258,1957,158215,1954
2021-12-22,Santa Cruz,087,273765,22561,22075,1097,23172,228
2021-12-22,Shasta,089,179085,23141,22937,3811,26748,432
2021-12-22,Sierra,091,2930,210,202,21,223,0
2021-12-22,Siskiyou,093,43540,3511,3458,1395,4853,59
2021-12-22,Solano,095,438530,48546,47531,1435,48966,375
2021-12-22,Sonoma,097,501317,45074,44201,625,44826,408
2021-12-22,Stanislaus,099,539301,84126,83245,9544,92789,1331
2021-12-22,Sutter,101,95872,14643,14513,418,14931,191
2021-12-22,Tehama,103,63373,8939,8853,1574,10427,136
2021-12-22,Trinity,105,12862,914,826,228,1054,17
2021-12-22,Tulare,107,460477,72294,71226,16986,88212,1137
2021-12-22,Tuolumne,109,53932,8002,7903,118,8021,91
2021-12-22,Ventura,111,848112,105311,103089,4875,107964,1206
2021-12-22,Yolo,113,214977,21374,21012,1381,22393,270
2021-12-22,Yuba,115,75493,10785,10681,420,11101,98
2021-12-21,Alameda,001,1643700,129291,126007,3283,129290,1518
2021-12-21,Alpine,003,1148,113,112,0,112,0
2021-12-21,Amador,005,37829,5891,5845,76,5921,70
2021-12-21,Butte,007,227075,22326,22041,4014,26055,330
2021-12-21,Calaveras,009,45235,4614,4575,67,4642,91
2021-12-21,Colusa,011,21464,2661,2643,703,3346,21
2021-12-21,Contra Costa,013,1133247,106005,104255,2542,106797,1068
2021-12-21,Del Norte,015,27424,3831,3793,57,3850,43
2021-12-21,El Dorado,017,186661,17417,17098,1843,18941,172
2021-12-21,Fresno,019,978130,149220,147707,12893,160600,2341
2021-12-21,Glenn,021,27897,3642,3602,1024,4626,39
2021-12-21,Humboldt,023,135768,10151,9989,761,10750,118
2021-12-21,Imperial,025,180216,37169,36580,4287,40867,792
2021-12-21,Inyo,027,18085,2654,2627,44,2671,47
2021-12-21,Kern,029,883053,135607,134321,24995,159316,1892
2021-12-21,Kings,031,150075,34285,33914,2100,36014,376
2021-12-21,Lake,033,64148,7055,7004,164,7168,116
2021-12-21,Lassen,035,31185,7097,7069,442,7511,55
2021-12-21,Los Angeles,037,10098052,1533331,1501169,60437,1561606,27220
2021-12-21,Madera,039,155013,24890,24688,2376,27064,320
2021-12-21,Marin,041,260295,19405,18828,637,19465,249
2021-12-21,Mariposa,043,17540,1503,1480,61,1541,6
2021-12-21,Mendocino,045,87422,8357,8282,685,8967,97
2021-12-21,Merced,047,269075,44387,44096,2105,46201,688
2021-12-21,Modoc,049,8938,603,595,207,802,6
2021-12-21,Mono,051,14174,2015,1979,22,2001,4
2021-12-21,Monterey,053,433212,51122,49586,3535,53121,638
2021-12-21,Napa,055,140530,13951,13703,160,13863,107
2021-12-21,Nevada,057,99092,10267,10095,361,10456,110
2021-12-21,Orange,059,3164182,325939,320705,17595,338300,5855
2021-12-21,Placer,061,380077,40233,39649,4083,43732,487
2021-12-21,Plumas,063,18699,2008,1975,53,2028,12
2021-12-21,Riverside,065,2383286,389405,382415,17319,399734,5465
2021-12-21,Sacramento,067,1510023,170420,168422,5416,173838,2419
2021-12-21,San Benito,069,59416,8037,7950,190,8140,79
2021-12-21,San Bernardino,071,2135413,379614,374219,12239,386458,6026
2021-12-21,San Diego,073,3302833,410315,402386,23677,426063,4424
2021-12-21,San Francisco,075,870044,60387,56950,2793,59743,681
2021-12-21,San Joaquin,077,732212,105352,104238,5832,110070,1870
2021-12-21,San Luis Obispo,079,281455,31563,31103,1414,32517,365
2021-12-21,San Mateo,081,765935,59021,56381,1099,57480,581
2021-12-21,Santa Barbara,083,443738,48178,47194,1763,48957,564
2021-12-21,Santa Clara,085,1922200,159146,155769,1916,157685,1951
2021-12-21,Santa Cruz,087,273765,22446,22028,1086,23114,228
2021-12-21,Shasta,089,179085,23111,22920,3807,26727,429
2021-12-21,Sierra,091,2930,208,201,21,222,0
2021-12-21,Siskiyou,093,43540,3510,3455,1395,4850,59
2021-12-21,Solano,095,438530,48389,47474,1428,48902,372
2021-12-21,Sonoma,097,501317,44851,44051,615,44666,408
2021-12-21,Stanislaus,099,539301,83971,83167,9517,92684,1331
2021-12-21,Sutter,101,95872,14620,14492,417,14909,190
2021-12-21,Tehama,103,63373,8931,8849,1569,10418,136
2021-12-21,Trinity,105,12862,914,826,228,1054,17
2021-12-21,Tulare,107,460477,72206,71166,16944,88110,1137
2021-12-21,Tuolumne,109,53932,7978,7893,118,8011,91
2021-12-21,Ventura,111,848112,104693,102631,4761,107392,1205
2021-12-21,Yolo,113,214977,21265,20944,1377,22321,267
2021-12-21,Yuba,115,75493,10768,10668,420,11088,98
2021-12-20,Alameda,001,1643700,128367,125762,3215,128977,1515
2021-12-20,Alpine,003,1148,113,112,0,112,0
2021-12-20,Amador,005,37829,5877,5838,76,5914,70
2021-12-20,Butte,007,227075,22265,22030,4005,26035,329
2021-12-20,Calaveras,009,45235,4604,4569,67,4636,91
2021-12-20,Colusa,011,21464,2659,2644,703,3347,21
2021-12-20,Contra Costa,013,1133247,105487,104051,2497,106548,1068
2021-12-20,Del Norte,015,27424,3829,3792,57,3849,43
2021-12-20,El Dorado,017,186661,17356,17083,1834,18917,172
2021-12-20,Fresno,019,978130,148985,147605,12867,160472,2341
2021-12-20,Glenn,021,27897,3636,3597,1024,4621,39
2021-12-20,Humboldt,023,135768,10107,9973,758,10731,118
2021-12-20,Imperial,025,180216,37059,36532,4254,40786,792
2021-12-20,Inyo,027,18085,2651,2615,44,2659,47
2021-12-20,Kern,029,883053,135411,134203,24935,159138,1883
2021-12-20,Kings,031,150075,34245,33898,2099,35997,376
2021-12-20,Lake,033,64148,7050,6999,164,7163,116
2021-12-20,Lassen,035,31185,7095,7065,441,7506,55
2021-12-20,Los Angeles,037,10098052,1521922,1495251,59717,1554968,27188
2021-12-20,Madera,039,155013,24861,24668,2372,27040,313
2021-12-20,Marin,041,260295,19191,18747,619,19366,249
2021-12-20,Mariposa,043,17540,1494,1479,61,1540,6
2021-12-20,Mendocino,045,87422,8345,8264,683,8947,96
2021-12-20,Merced,047,269075,44330,44071,2100,46171,687
2021-12-20,Modoc,049,8938,603,595,204,799,6
2021-12-20,Mono,051,14174,1994,1973,22,1995,4
2021-12-20,Monterey,053,433212,51027,49556,3517,53073,636
2021-12-20,Napa,055,140530,13867,13672,150,13822,107
2021-12-20,Nevada,057,99092,10227,10079,360,10439,109
2021-12-20,Orange,059,3164182,324354,320235,17272,337507,5852
2021-12-20,Placer,061,380077,40106,39579,4053,43632,485
2021-12-20,Plumas,063,18699,2006,1971,52,2023,12
2021-12-20,Riverside,065,2383286,387968,381841,17228,399069,5452
2021-12-20,Sacramento,067,1510023,169855,168153,5374,173527,2414
2021-12-20,San Benito,069,59416,7992,7934,188,8122,79
2021-12-20,San Bernardino,071,2135413,378172,373881,12156,386037,6023
2021-12-20,San Diego,073,3302833,407082,401483,23440,424923,4412
2021-12-20,San Francisco,075,870044,59326,56661,2732,59393,681
2021-12-20,San Joaquin,077,732212,105110,104188,5823,110011,1865
2021-12-20,San Luis Obispo,079,281455,31450,31075,1406,32481,365
2021-12-20,San Mateo,081,765935,58467,56247,1080,57327,581
2021-12-20,Santa Barbara,083,443738,47971,47131,1758,48889,562
2021-12-20,Santa Clara,085,1922200,158189,155427,1867,157294,1950
2021-12-20,Santa Cruz,087,273765,22365,21989,1081,23070,227
2021-12-20,Shasta,089,179085,23090,22888,3802,26690,429
2021-12-20,Sierra,091,2930,207,201,21,222,0
2021-12-20,Siskiyou,093,43540,3509,3453,1393,4846,59
2021-12-20,Solano,095,438530,48258,47394,1420,48814,370
2021-12-20,Sonoma,097,501317,44663,43982,607,44589,408
2021-12-20,Stanislaus,099,539301,83846,83110,9490,92600,1331
2021-12-20,Sutter,101,95872,14598,14480,417,14897,190
2021-12-20,Tehama,103,63373,8923,8840,1567,10407,136
2021-12-20,Trinity,105,12862,914,826,228,1054,17
2021-12-20,Tulare,107,460477,72121,71124,16877,88001,1129
2021-12-20,Tuolumne,109,53932,7965,7867,114,7981,91
2021-12-20,Ventura,111,848112,104180,102452,4683,107135,1203
2021-12-20,Yolo,113,214977,21179,20903,1365,22268,267
2021-12-20,Yuba,115,75493,10752,10656,417,11073,97
2021-12-19,Alameda,001,1643700,127501,125464,3168,128632,1519
2021-12-19,Alpine,003,1148,113,112,0,112,0
2021-12-19,Amador,005,37829,5865,5832,75,5907,70
2021-12-19,Butte,007,227075,22213,22022,3999,26021,329
2021-12-19,Calaveras,009,45235,4588,4563,66,4629,91
2021-12-19,Colusa,011,21464,2659,2643,700,3343,21
2021-12-19,Contra Costa,013,1133247,105000,103906,2462,106368,1068
2021-12-19,Del Norte,015,27424,3825,3797,57,3854,43
2021-12-19,El Dorado,017,186661,17300,17067,1832,18899,172
2021-12-19,Fresno,019,978130,148752,147505,12845,160350,2341
2021-12-19,Glenn,021,27897,3632,3596,1024,4620,39
2021-12-19,Humboldt,023,135768,10068,9957,753,10710,118
2021-12-19,Imperial,025,180216,36935,36501,4208,40709,792
2021-12-19,Inyo,027,18085,2642,2613,44,2657,47
2021-12-19,Kern,029,883053,135215,134136,24865,159001,1883
2021-12-19,Kings,031,150075,34186,33874,2095,35969,378
2021-12-19,Lake,033,64148,7041,6999,161,7160,116
2021-12-19,Lassen,035,31185,7091,7065,441,7506,55
2021-12-19,Los Angeles,037,10098052,1513025,1495082,59112,1554194,27189
2021-12-19,Madera,039,155013,24836,24642,2366,27008,313
2021-12-19,Marin,041,260295,19015,18707,597,19304,249
2021-12-19,Mariposa,043,17540,1488,1475,61,1536,6
2021-12-19,Mendocino,045,87422,8328,8257,680,8937,96
2021-12-19,Merced,047,269075,44235,44045,2092,46137,687
2021-12-19,Modoc,049,8938,602,595,204,799,6
2021-12-19,Mono,051,14174,1985,1968,22,1990,4
2021-12-19,Monterey,053,433212,50927,49516,3495,53011,636
2021-12-19,Napa,055,140530,13794,13659,141,13800,107
2021-12-19,Nevada,057,99092,10191,10057,357,10414,109
2021-12-19,Orange,059,3164182,322986,319615,17042,336657,5852
2021-12-19,Placer,061,380077,39986,39525,4037,43562,485
2021-12-19,Plumas,063,18699,2003,1971,52,2023,12
2021-12-19,Riverside,065,2383286,386542,381305,17151,398456,5452
2021-12-19,Sacramento,067,1510023,169368,167933,5346,173279,2415
2021-12-19,San Benito,069,59416,7967,7929,187,8116,79
2021-12-19,San Bernardino,071,2135413,376896,373480,12116,385596,6023
2021-12-19,San Diego,073,3302833,404579,398197,23244,421441,4406
2021-12-19,San Francisco,075,870044,58445,56358,2675,59033,681
2021-12-19,San Joaquin,077,732212,104853,104125,5809,109934,1865
2021-12-19,San Luis Obispo,079,281455,31326,31035,1394,32429,366
2021-12-19,San Mateo,081,765935,58011,56132,1065,57197,581
2021-12-19,Santa Barbara,083,443738,47752,47070,1751,48821,562
2021-12-19,Santa Clara,085,1922200,157299,155049,1839,156888,1950
2021-12-19,Santa Cruz,087,273765,22265,21960,1076,23036,227
2021-12-19,Shasta,089,179085,23054,22875,3798,26673,429
2021-12-19,Sierra,091,2930,206,201,21,222,0
2021-12-19,Siskiyou,093,43540,3506,3452,1393,4845,59
2021-12-19,Solano,095,438530,48140,47341,1414,48755,370
2021-12-19,Sonoma,097,501317,44482,43944,605,44549,408
2021-12-19,Stanislaus,099,539301,83708,83040,9459,92499,1331
2021-12-19,Sutter,101,95872,14559,14475,416,14891,190
2021-12-19,Tehama,103,63373,8915,8840,1567,10407,136
2021-12-19,Trinity,105,12862,914,826,228,1054,17
2021-12-19,Tulare,107,460477,72027,71085,16836,87921,1129
2021-12-19,Tuolumne,109,53932,7949,7865,113,7978,91
2021-12-19,Ventura,111,848112,103600,102170,4619,106789,1203
2021-12-19,Yolo,113,214977,21105,20887,1346,22233,267
2021-12-19,Yuba,115,75493,10735,10646,415,11061,97
2021-12-18,Alameda,001,1643700,127098,124583,3143,127726,1512
2021-12-18,Alpine,003,1148,113,110,0,110,0
2021-12-18,Amador,005,37829,5859,5821,75,5896,69
2021-12-18,Butte,007,227075,22196,21956,3994,25950,328
2021-12-18,Calaveras,009,45235,4581,4534,66,4600,91
2021-12-18,Colusa,011,21464,2657,2635,698,3333,21
2021-12-18,Contra Costa,013,1133247,104790,103380,2448,105828,1065
2021-12-18,Del Norte,015,27424,3822,3791,57,3848,43
2021-12-18,El Dorado,017,186661,17272,16968,1829,18797,171
2021-12-18,Fresno,019,978130,148649,147038,12834,159872,2335
2021-12-18,Glenn,021,27897,3629,3590,1024,4614,39
2021-12-18,Humboldt,023,135768,10052,9889,753,10642,118
2021-12-18,Imperial,025,180216,36868,36280,4196,40476,790
2021-12-18,Inyo,027,18085,2636,2607,44,2651,47
2021-12-18,Kern,029,883053,135125,133754,24818,158572,1873
2021-12-18,Kings,031,150075,34154,33783,2091,35874,374
2021-12-18,Lake,033,64148,7040,6976,161,7137,115
2021-12-18,Lassen,035,31185,7089,7061,440,7501,55
2021-12-18,Los Angeles,037,10098052,1508958,1484840,58797,1543637,27135
2021-12-18,Madera,039,155013,24822,24575,2364,26939,313
2021-12-18,Marin,041,260295,18917,18537,585,19122,249
2021-12-18,Mariposa,043,17540,1487,1468,61,1529,6
2021-12-18,Mendocino,045,87422,8322,8219,680,8899,95
2021-12-18,Merced,047,269075,44202,43929,2091,46020,686
2021-12-18,Modoc,049,8938,600,595,204,799,6
2021-12-18,Mono,051,14174,1984,1956,22,1978,4
2021-12-18,Monterey,053,433212,50870,49343,3490,52833,635
2021-12-18,Napa,055,140530,13768,13581,139,13720,107
2021-12-18,Nevada,057,99092,10169,9991,355,10346,108
2021-12-18,Orange,059,3164182,322326,318149,16906,335055,5844
2021-12-18,Placer,061,380077,39885,39336,4023,43359,485
2021-12-18,Plumas,063,18699,2003,1964,52,2016,13
2021-12-18,Riverside,065,2383286,385849,379354,17109,396463,5439
2021-12-18,Sacramento,067,1510023,169130,167046,5325,172371,2404
2021-12-18,San Benito,069,59416,7952,7894,187,8081,79
2021-12-18,San Bernardino,071,2135413,376249,371658,12089,383747,6017
2021-12-18,San Diego,073,3302833,403628,397130,23193,420323,4399
2021-12-18,San Francisco,075,870044,57945,55562,2644,58206,679
2021-12-18,San Joaquin,077,732212,104764,103698,5801,109499,1858
2021-12-18,San Luis Obispo,079,281455,31283,30873,1388,32261,365
2021-12-18,San Mateo,081,765935,57778,55730,1060,56790,580
2021-12-18,Santa Barbara,083,443738,47656,46776,1749,48525,562
2021-12-18,Santa Clara,085,1922200,156847,154243,1827,156070,1946
2021-12-18,Santa Cruz,087,273765,22213,21805,1074,22879,225
2021-12-18,Shasta,089,179085,23033,22811,3798,26609,429
2021-12-18,Sierra,091,2930,206,199,21,220,0
2021-12-18,Siskiyou,093,43540,3504,3441,1392,4833,58
2021-12-18,Solano,095,438530,48094,47174,1412,48586,369
2021-12-18,Sonoma,097,501317,44371,43658,601,44259,407
2021-12-18,Stanislaus,099,539301,83626,82736,9448,92184,1330
2021-12-18,Sutter,101,95872,14541,14435,416,14851,190
2021-12-18,Tehama,103,63373,8909,8814,1566,10380,136
2021-12-18,Trinity,105,12862,914,823,228,1051,17
2021-12-18,Tulare,107,460477,71990,70922,16811,87733,1120
2021-12-18,Tuolumne,109,53932,7935,7834,113,7947,91
2021-12-18,Ventura,111,848112,103315,101612,4596,106208,1201
2021-12-18,Yolo,113,214977,21066,20793,1340,22133,267
2021-12-18,Yuba,115,75493,10723,10599,415,11014,96
2021-12-17,Alameda,001,1643700,126767,124583,3123,127706,1512
2021-12-17,Alpine,003,1148,113,110,0,110,0
2021-12-17,Amador,005,37829,5852,5821,75,5896,69
2021-12-17,Butte,007,227075,22176,21956,3988,25944,328
2021-12-17,Calaveras,009,45235,4577,4534,66,4600,91
2021-12-17,Colusa,011,21464,2656,2635,697,3332,21
2021-12-17,Contra Costa,013,1133247,104587,103380,2444,105824,1065
2021-12-17,Del Norte,015,27424,3821,3791,57,3848,43
2021-12-17,El Dorado,017,186661,17243,16968,1826,18794,171
2021-12-17,Fresno,019,978130,148545,147038,12834,159872,2335
2021-12-17,Glenn,021,27897,3622,3590,1024,4614,39
2021-12-17,Humboldt,023,135768,10033,9889,751,10640,118
2021-12-17,Imperial,025,180216,36810,36280,4178,40458,790
2021-12-17,Inyo,027,18085,2631,2607,44,2651,47
2021-12-17,Kern,029,883053,135035,133754,24781,158535,1873
2021-12-17,Kings,031,150075,34135,33783,2091,35874,374
2021-12-17,Lake,033,64148,7036,6976,161,7137,115
2021-12-17,Lassen,035,31185,7089,7061,439,7500,55
2021-12-17,Los Angeles,037,10098052,1505023,1484840,58553,1543393,27135
2021-12-17,Madera,039,155013,24806,24575,2359,26934,313
2021-12-17,Marin,041,260295,18841,18537,581,19118,249
2021-12-17,Mariposa,043,17540,1483,1468,61,1529,6
2021-12-17,Mendocino,045,87422,8311,8219,680,8899,95
2021-12-17,Merced,047,269075,44175,43929,2090,46019,686
2021-12-17,Modoc,049,8938,600,595,204,799,6
2021-12-17,Mono,051,14174,1981,1956,22,1978,4
2021-12-17,Monterey,053,433212,50813,49343,3485,52828,635
2021-12-17,Napa,055,140530,13741,13581,138,13719,107
2021-12-17,Nevada,057,99092,10158,9991,355,10346,108
2021-12-17,Orange,059,3164182,321771,318149,16837,334986,5844
2021-12-17,Placer,061,380077,39831,39336,4017,43353,485
2021-12-17,Plumas,063,18699,2002,1964,52,2016,13
2021-12-17,Riverside,065,2383286,385205,379354,17099,396453,5439
2021-12-17,Sacramento,067,1510023,168905,167046,5312,172358,2404
2021-12-17,San Benito,069,59416,7950,7894,187,8081,79
2021-12-17,San Bernardino,071,2135413,375718,371658,12072,383730,6017
2021-12-17,San Diego,073,3302833,402695,397130,23145,420275,4399
2021-12-17,San Francisco,075,870044,57618,55562,2613,58175,679
2021-12-17,San Joaquin,077,732212,104690,103698,5791,109489,1858
2021-12-17,San Luis Obispo,079,281455,31255,30873,1384,32257,365
2021-12-17,San Mateo,081,765935,57596,55730,1053,56783,580
2021-12-17,Santa Barbara,083,443738,47579,46776,1743,48519,562
2021-12-17,Santa Clara,085,1922200,156476,154243,1810,156053,1946
2021-12-17,Santa Cruz,087,273765,22166,21805,1071,22876,225
2021-12-17,Shasta,089,179085,23020,22811,3796,26607,429
2021-12-17,Sierra,091,2930,205,199,21,220,0
2021-12-17,Siskiyou,093,43540,3500,3441,1390,4831,58
2021-12-17,Solano,095,438530,48026,47174,1408,48582,369
2021-12-17,Sonoma,097,501317,44276,43658,598,44256,407
2021-12-17,Stanislaus,099,539301,83575,82736,9442,92178,1330
2021-12-17,Sutter,101,95872,14530,14435,414,14849,190
2021-12-17,Tehama,103,63373,8902,8814,1565,10379,136
2021-12-17,Trinity,105,12862,914,823,228,1051,17
2021-12-17,Tulare,107,460477,71948,70922,16780,87702,1120
2021-12-17,Tuolumne,109,53932,7923,7834,113,7947,91
2021-12-17,Ventura,111,848112,103065,101612,4585,106197,1201
2021-12-17,Yolo,113,214977,21034,20793,1335,22128,267
2021-12-17,Yuba,115,75493,10712,10599,412,11011,96
2021-12-16,Alameda,001,1643700,126395,124583,3110,127693,1512
2021-12-16,Alpine,003,1148,111,110,0,110,0
2021-12-16,Amador,005,37829,5844,5821,75,5896,69
2021-12-16,Butte,007,227075,22157,21956,3985,25941,328
2021-12-16,Calaveras,009,45235,4569,4534,66,4600,91
2021-12-16,Colusa,011,21464,2656,2635,697,3332,21
2021-12-16,Contra Costa,013,1133247,104366,103380,2432,105812,1065
2021-12-16,Del Norte,015,27424,3818,3791,57,3848,43
2021-12-16,El Dorado,017,186661,17207,16968,1821,18789,171
2021-12-16,Fresno,019,978130,148388,147038,12827,159865,2335
2021-12-16,Glenn,021,27897,3621,3590,1024,4614,39
2021-12-16,Humboldt,023,135768,10008,9889,742,10631,118
2021-12-16,Imperial,025,180216,36727,36280,4148,40428,790
2021-12-16,Inyo,027,18085,2627,2607,43,2650,47
2021-12-16,Kern,029,883053,134893,133754,24729,158483,1873
2021-12-16,Kings,031,150075,34111,33783,2090,35873,374
2021-12-16,Lake,033,64148,7032,6976,161,7137,115
2021-12-16,Lassen,035,31185,7086,7061,438,7499,55
2021-12-16,Los Angeles,037,10098052,1500834,1484840,58299,1543139,27135
2021-12-16,Madera,039,155013,24777,24575,2355,26930,313
2021-12-16,Marin,041,260295,18794,18537,573,19110,249
2021-12-16,Mariposa,043,17540,1480,1468,61,1529,6
2021-12-16,Mendocino,045,87422,8300,8219,677,8896,95
2021-12-16,Merced,047,269075,44137,43929,2090,46019,686
2021-12-16,Modoc,049,8938,600,595,204,799,6
2021-12-16,Mono,051,14174,1976,1956,22,1978,4
2021-12-16,Monterey,053,433212,50742,49343,3468,52811,635
2021-12-16,Napa,055,140530,13709,13581,138,13719,107
2021-12-16,Nevada,057,99092,10131,9991,355,10346,108
2021-12-16,Orange,059,3164182,321174,318149,16756,334905,5844
2021-12-16,Placer,061,380077,39754,39336,4012,43348,485
2021-12-16,Plumas,063,18699,2002,1964,52,2016,13
2021-12-16,Riverside,065,2383286,384407,379354,17085,396439,5439
2021-12-16,Sacramento,067,1510023,168626,167046,5287,172333,2404
2021-12-16,San Benito,069,59416,7943,7894,187,8081,79
2021-12-16,San Bernardino,071,2135413,375078,371658,12054,383712,6017
2021-12-16,San Diego,073,3302833,401511,397130,23084,420214,4399
2021-12-16,San Francisco,075,870044,57240,55562,2590,58152,679
2021-12-16,San Joaquin,077,732212,104573,103698,5784,109482,1858
2021-12-16,San Luis Obispo,079,281455,31186,30873,1378,32251,365
2021-12-16,San Mateo,081,765935,57394,55730,1050,56780,580
2021-12-16,Santa Barbara,083,443738,47457,46776,1739,48515,562
2021-12-16,Santa Clara,085,1922200,156149,154243,1800,156043,1946
2021-12-16,Santa Cruz,087,273765,22119,21805,1070,22875,225
2021-12-16,Shasta,089,179085,22990,22811,3794,26605,429
2021-12-16,Sierra,091,2930,205,199,21,220,0
2021-12-16,Siskiyou,093,43540,3499,3441,1386,4827,58
2021-12-16,Solano,095,438530,47958,47174,1401,48575,369
2021-12-16,Sonoma,097,501317,44178,43658,596,44254,407
2021-12-16,Stanislaus,099,539301,83488,82736,9429,92165,1330
2021-12-16,Sutter,101,95872,14517,14435,413,14848,190
2021-12-16,Tehama,103,63373,8895,8814,1564,10378,136
2021-12-16,Trinity,105,12862,914,823,228,1051,17
2021-12-16,Tulare,107,460477,71900,70922,16753,87675,1120
2021-12-16,Tuolumne,109,53932,7904,7834,113,7947,91
2021-12-16,Ventura,111,848112,102796,101612,4578,106190,1201
2021-12-16,Yolo,113,214977,20985,20793,1330,22123,267
2021-12-16,Yuba,115,75493,10697,10599,411,11010,96
2021-12-15,Alameda,001,1643700,126074,124342,3098,127440,1509
2021-12-15,Alpine,003,1148,111,109,0,109,0
2021-12-15,Amador,005,37829,5838,5810,75,5885,69
2021-12-15,Butte,007,227075,22139,21922,3984,25906,327
2021-12-15,Calaveras,009,45235,4563,4523,66,4589,89
2021-12-15,Colusa,011,21464,2655,2632,696,3328,21
2021-12-15,Contra Costa,013,1133247,104147,103236,2429,105665,1064
2021-12-15,Del Norte,015,27424,3817,3789,56,3845,43
2021-12-15,El Dorado,017,186661,17175,16936,1815,18751,171
2021-12-15,Fresno,019,978130,148260,146859,12816,159675,2319
2021-12-15,Glenn,021,27897,3621,3589,1024,4613,39
2021-12-15,Humboldt,023,135768,9988,9854,741,10595,118
2021-12-15,Imperial,025,180216,36652,36187,4104,40291,789
2021-12-15,Inyo,027,18085,2622,2606,43,2649,47
2021-12-15,Kern,029,883053,134753,133590,24682,158272,1866
2021-12-15,Kings,031,150075,34082,33716,2086,35802,374
2021-12-15,Lake,033,64148,7023,6968,160,7128,115
2021-12-15,Lassen,035,31185,7086,7062,438,7500,55
2021-12-15,Los Angeles,037,10098052,1496965,1482735,58107,1540842,27116
2021-12-15,Madera,039,155013,24759,24549,2349,26898,313
2021-12-15,Marin,041,260295,18736,18514,568,19082,249
2021-12-15,Mariposa,043,17540,1477,1463,61,1524,6
2021-12-15,Mendocino,045,87422,8296,8209,674,8883,95
2021-12-15,Merced,047,269075,44096,43890,2078,45968,685
2021-12-15,Modoc,049,8938,600,595,204,799,6
2021-12-15,Mono,051,14174,1973,1955,22,1977,4
2021-12-15,Monterey,053,433212,50687,49279,3449,52728,635
2021-12-15,Napa,055,140530,13680,13557,136,13693,107
2021-12-15,Nevada,057,99092,10109,9958,355,10313,107
2021-12-15,Orange,059,3164182,320606,317808,16714,334522,5838
2021-12-15,Placer,061,380077,39700,39264,4002,43266,485
2021-12-15,Plumas,063,18699,1998,1957,52,2009,12
2021-12-15,Riverside,065,2383286,383693,378769,17074,395843,5438
2021-12-15,Sacramento,067,1510023,168323,166793,5265,172058,2401
2021-12-15,San Benito,069,59416,7930,7877,187,8064,79
2021-12-15,San Bernardino,071,2135413,374548,371122,12023,383145,6013
2021-12-15,San Diego,073,3302833,400328,396546,23014,419560,4395
2021-12-15,San Francisco,075,870044,56921,55414,2572,57986,679
2021-12-15,San Joaquin,077,732212,104425,103579,5775,109354,1853
2021-12-15,San Luis Obispo,079,281455,31138,30784,1371,32155,365
2021-12-15,San Mateo,081,765935,57258,55657,1038,56695,580
2021-12-15,Santa Barbara,083,443738,47377,46681,1737,48418,562
2021-12-15,Santa Clara,085,1922200,155839,153928,1779,155707,1944
2021-12-15,Santa Cruz,087,273765,22079,21753,1063,22816,225
2021-12-15,Shasta,089,179085,22975,22778,3790,26568,427
2021-12-15,Sierra,091,2930,205,199,21,220,0
2021-12-15,Siskiyou,093,43540,3498,3434,1385,4819,58
2021-12-15,Solano,095,438530,47889,47098,1394,48492,367
2021-12-15,Sonoma,097,501317,44095,43580,591,44171,407
2021-12-15,Stanislaus,099,539301,83378,82628,9422,92050,1298
2021-12-15,Sutter,101,95872,14497,14428,412,14840,189
2021-12-15,Tehama,103,63373,8888,8806,1563,10369,136
2021-12-15,Trinity,105,12862,913,822,228,1050,17
2021-12-15,Tulare,107,460477,71847,70846,16721,87567,1120
2021-12-15,Tuolumne,109,53932,7895,7818,112,7930,91
2021-12-15,Ventura,111,848112,102581,101447,4572,106019,1199
2021-12-15,Yolo,113,214977,20957,20749,1325,22074,267
2021-12-15,Yuba,115,75493,10686,10587,410,10997,96
2021-12-14,Alameda,001,1643700,125759,124272,3089,127361,1506
2021-12-14,Alpine,003,1148,110,109,0,109,0
2021-12-14,Amador,005,37829,5832,5808,74,5882,69
2021-12-14,Butte,007,227075,22106,21901,3982,25883,326
2021-12-14,Calaveras,009,45235,4551,4517,66,4583,89
2021-12-14,Colusa,011,21464,2653,2628,696,3324,21
2021-12-14,Contra Costa,013,1133247,103966,103135,2425,105560,1064
2021-12-14,Del Norte,015,27424,3814,3788,56,3844,43
2021-12-14,El Dorado,017,186661,17141,16915,1813,18728,170
2021-12-14,Fresno,019,978130,148093,146756,12813,159569,2316
2021-12-14,Glenn,021,27897,3620,3589,1024,4613,39
2021-12-14,Humboldt,023,135768,9975,9836,732,10568,118
2021-12-14,Imperial,025,180216,36588,36049,4061,40110,789
2021-12-14,Inyo,027,18085,2622,2601,43,2644,46
2021-12-14,Kern,029,883053,134616,133498,24633,158131,1863
2021-12-14,Kings,031,150075,34045,33693,2083,35776,373
2021-12-14,Lake,033,64148,7013,6961,160,7121,115
2021-12-14,Lassen,035,31185,7085,7061,438,7499,55
2021-12-14,Los Angeles,037,10098052,1493340,1481131,57927,1539058,27099
2021-12-14,Madera,039,155013,24733,24535,2341,26876,313
2021-12-14,Marin,041,260295,18688,18491,566,19057,249
2021-12-14,Mariposa,043,17540,1474,1463,60,1523,6
2021-12-14,Mendocino,045,87422,8269,8206,672,8878,95
2021-12-14,Merced,047,269075,44050,43870,2076,45946,684
2021-12-14,Modoc,049,8938,599,595,204,799,6
2021-12-14,Mono,051,14174,1966,1955,22,1977,4
2021-12-14,Monterey,053,433212,50603,49237,3438,52675,635
2021-12-14,Napa,055,140530,13651,13528,136,13664,107
2021-12-14,Nevada,057,99092,10083,9956,354,10310,106
2021-12-14,Orange,059,3164182,320059,317465,16661,334126,5827
2021-12-14,Placer,061,380077,39623,39221,3997,43218,482
2021-12-14,Plumas,063,18699,1994,1950,50,2000,12
2021-12-14,Riverside,065,2383286,383022,378227,17057,395284,5427
2021-12-14,Sacramento,067,1510023,168012,166605,5242,171847,2394
2021-12-14,San Benito,069,59416,7912,7871,187,8058,79
2021-12-14,San Bernardino,071,2135413,373936,370604,11994,382598,6013
2021-12-14,San Diego,073,3302833,399192,395876,22964,418840,4393
2021-12-14,San Francisco,075,870044,56609,55278,2560,57838,679
2021-12-14,San Joaquin,077,732212,104284,103488,5757,109245,1848
2021-12-14,San Luis Obispo,079,281455,31079,30753,1367,32120,363
2021-12-14,San Mateo,081,765935,57097,55601,1031,56632,580
2021-12-14,Santa Barbara,083,443738,47278,46648,1732,48380,560
2021-12-14,Santa Clara,085,1922200,155525,153814,1766,155580,1945
2021-12-14,Santa Cruz,087,273765,22013,21737,1059,22796,225
2021-12-14,Shasta,089,179085,22948,22756,3789,26545,427
2021-12-14,Sierra,091,2930,203,199,21,220,0
2021-12-14,Siskiyou,093,43540,3493,3430,1384,4814,58
2021-12-14,Solano,095,438530,47842,47065,1388,48453,367
2021-12-14,Sonoma,097,501317,44013,43538,590,44128,407
2021-12-14,Stanislaus,099,539301,83291,82581,9409,91990,1293
2021-12-14,Sutter,101,95872,14485,14421,411,14832,189
2021-12-14,Tehama,103,63373,8884,8805,1563,10368,134
2021-12-14,Trinity,105,12862,913,821,228,1049,17
2021-12-14,Tulare,107,460477,71775,70803,16690,87493,1120
2021-12-14,Tuolumne,109,53932,7882,7815,112,7927,91
2021-12-14,Ventura,111,848112,102357,101343,4565,105908,1199
2021-12-14,Yolo,113,214977,20924,20734,1311,22045,267
2021-12-14,Yuba,115,75493,10669,10574,410,10984,92
2021-12-13,Alameda,001,1643700,125476,124174,3073,127247,1501
2021-12-13,Alpine,003,1148,110,109,0,109,0
2021-12-13,Amador,005,37829,5828,5797,74,5871,69
2021-12-13,Butte,007,227075,22084,21889,3978,25867,326
2021-12-13,Calaveras,009,45235,4544,4507,65,4572,89
2021-12-13,Colusa,011,21464,2651,2627,696,3323,21
2021-12-13,Contra Costa,013,1133247,103820,103041,2413,105454,1064
2021-12-13,Del Norte,015,27424,3810,3787,56,3843,42
2021-12-13,El Dorado,017,186661,17118,16896,1811,18707,170
2021-12-13,Fresno,019,978130,147947,146641,12803,159444,2312
2021-12-13,Glenn,021,27897,3615,3589,1022,4611,37
2021-12-13,Humboldt,023,135768,9946,9821,728,10549,118
2021-12-13,Imperial,025,180216,36510,35974,4041,40015,787
2021-12-13,Inyo,027,18085,2621,2592,43,2635,46
2021-12-13,Kern,029,883053,134489,133381,24580,157961,1863
2021-12-13,Kings,031,150075,34002,33680,2078,35758,372
2021-12-13,Lake,033,64148,7011,6958,158,7116,115
2021-12-13,Lassen,035,31185,7084,7057,438,7495,55
2021-12-13,Los Angeles,037,10098052,1490569,1480195,57760,1537955,27085
2021-12-13,Madera,039,155013,24705,24527,2336,26863,311
2021-12-13,Marin,041,260295,18628,18471,563,19034,249
2021-12-13,Mariposa,043,17540,1471,1462,60,1522,6
2021-12-13,Mendocino,045,87422,8256,8196,670,8866,95
2021-12-13,Merced,047,269075,44011,43848,2072,45920,682
2021-12-13,Modoc,049,8938,598,595,204,799,6
2021-12-13,Mono,051,14174,1959,1952,22,1974,4
2021-12-13,Monterey,053,433212,50550,49222,3419,52641,631
2021-12-13,Napa,055,140530,13638,13518,136,13654,107
2021-12-13,Nevada,057,99092,10064,9946,353,10299,106
2021-12-13,Orange,059,3164182,319598,317112,16608,333720,5824
2021-12-13,Placer,061,380077,39562,39168,3986,43154,481
2021-12-13,Plumas,063,18699,1990,1943,50,1993,12
2021-12-13,Riverside,065,2383286,382441,377728,17042,394770,5414
2021-12-13,Sacramento,067,1510023,167736,166439,5208,171647,2392
2021-12-13,San Benito,069,59416,7903,7856,187,8043,79
2021-12-13,San Bernardino,071,2135413,373372,370274,11988,382262,6011
2021-12-13,San Diego,073,3302833,398382,395266,22912,418178,4389
2021-12-13,San Francisco,075,870044,56338,55245,2547,57792,678
2021-12-13,San Joaquin,077,732212,104169,103449,5748,109197,1846
2021-12-13,San Luis Obispo,079,281455,31032,30746,1363,32109,363
2021-12-13,San Mateo,081,765935,56941,55569,1023,56592,580
2021-12-13,Santa Barbara,083,443738,47191,46608,1727,48335,560
2021-12-13,Santa Clara,085,1922200,155261,153672,1755,155427,1944
2021-12-13,Santa Cruz,087,273765,21959,21698,1056,22754,225
2021-12-13,Shasta,089,179085,22927,22731,3787,26518,426
2021-12-13,Sierra,091,2930,203,199,21,220,0
2021-12-13,Siskiyou,093,43540,3489,3426,1381,4807,57
2021-12-13,Solano,095,438530,47769,47045,1383,48428,365
2021-12-13,Sonoma,097,501317,43917,43492,588,44080,407
2021-12-13,Stanislaus,099,539301,83175,82507,9389,91896,1282
2021-12-13,Sutter,101,95872,14478,14408,411,14819,188
2021-12-13,Tehama,103,63373,8872,8800,1563,10363,134
2021-12-13,Trinity,105,12862,913,820,228,1048,17
2021-12-13,Tulare,107,460477,71719,70758,16666,87424,1114
2021-12-13,Tuolumne,109,53932,7871,7804,112,7916,91
2021-12-13,Ventura,111,848112,102133,101180,4554,105734,1197
2021-12-13,Yolo,113,214977,20878,20706,1305,22011,267
2021-12-13,Yuba,115,75493,10652,10570,410,10980,92
2021-12-12,Alameda,001,1643700,125193,124075,3060,127135,1503
2021-12-12,Alpine,003,1148,110,109,0,109,0
2021-12-12,Amador,005,37829,5821,5797,73,5870,69
2021-12-12,Butte,007,227075,22059,21874,3975,25849,326
2021-12-12,Calaveras,009,45235,4534,4501,65,4566,89
2021-12-12,Colusa,011,21464,2647,2627,693,3320,21
2021-12-12,Contra Costa,013,1133247,103634,102976,2411,105387,1065
2021-12-12,Del Norte,015,27424,3807,3793,56,3849,42
2021-12-12,El Dorado,017,186661,17082,16890,1803,18693,170
2021-12-12,Fresno,019,978130,147785,146518,12788,159306,2310
2021-12-12,Glenn,021,27897,3612,3589,1021,4610,37
2021-12-12,Humboldt,023,135768,9922,9804,721,10525,118
2021-12-12,Imperial,025,180216,36374,35926,4007,39933,787
2021-12-12,Inyo,027,18085,2616,2592,43,2635,46
2021-12-12,Kern,029,883053,134323,133314,24539,157853,1861
2021-12-12,Kings,031,150075,33951,33661,2076,35737,372
2021-12-12,Lake,033,64148,7004,6955,156,7111,115
2021-12-12,Lassen,035,31185,7083,7057,438,7495,55
2021-12-12,Los Angeles,037,10098052,1487673,1479054,57576,1536630,27074
2021-12-12,Madera,039,155013,24675,24493,2328,26821,311
2021-12-12,Marin,041,260295,18575,18451,559,19010,249
2021-12-12,Mariposa,043,17540,1470,1461,60,1521,6
2021-12-12,Mendocino,045,87422,8243,8190,669,8859,95
2021-12-12,Merced,047,269075,43979,43821,2065,45886,682
2021-12-12,Modoc,049,8938,598,595,203,798,6
2021-12-12,Mono,051,14174,1955,1947,22,1969,4
2021-12-12,Monterey,053,433212,50497,49192,3392,52584,631
2021-12-12,Napa,055,140530,13595,13508,134,13642,107
2021-12-12,Nevada,057,99092,10038,9938,352,10290,106
2021-12-12,Orange,059,3164182,319097,316918,16543,333461,5825
2021-12-12,Placer,061,380077,39498,39139,3980,43119,481
2021-12-12,Plumas,063,18699,1986,1942,48,1990,12
2021-12-12,Riverside,065,2383286,381768,377467,17016,394483,5414
2021-12-12,Sacramento,067,1510023,167465,166291,5187,171478,2392
2021-12-12,San Benito,069,59416,7883,7853,187,8040,79
2021-12-12,San Bernardino,071,2135413,372744,369977,11962,381939,6011
2021-12-12,San Diego,073,3302833,397483,393307,22874,416181,4378
2021-12-12,San Francisco,075,870044,56082,55180,2535,57715,678
2021-12-12,San Joaquin,077,732212,104030,103405,5738,109143,1846
2021-12-12,San Luis Obispo,079,281455,30980,30719,1361,32080,363
2021-12-12,San Mateo,081,765935,56826,55505,1019,56524,580
2021-12-12,Santa Barbara,083,443738,47117,46586,1725,48311,560
2021-12-12,Santa Clara,085,1922200,154981,153452,1741,155193,1945
2021-12-12,Santa Cruz,087,273765,21911,21671,1054,22725,225
2021-12-12,Shasta,089,179085,22899,22732,3786,26518,426
2021-12-12,Sierra,091,2930,203,199,21,220,0
2021-12-12,Siskiyou,093,43540,3489,3424,1381,4805,57
2021-12-12,Solano,095,438530,47703,47021,1378,48399,365
2021-12-12,Sonoma,097,501317,43823,43424,585,44009,407
2021-12-12,Stanislaus,099,539301,83074,82460,9378,91838,1282
2021-12-12,Sutter,101,95872,14467,14396,411,14807,189
2021-12-12,Tehama,103,63373,8861,8796,1561,10357,134
2021-12-12,Trinity,105,12862,911,820,228,1048,17
2021-12-12,Tulare,107,460477,71642,70733,16624,87357,1115
2021-12-12,Tuolumne,109,53932,7854,7794,112,7906,91
2021-12-12,Ventura,111,848112,101939,101105,4540,105645,1197
2021-12-12,Yolo,113,214977,20828,20685,1294,21979,267
2021-12-12,Yuba,115,75493,10638,10565,407,10972,92
2021-12-11,Alameda,001,1643700,125060,123572,3058,126630,1496
2021-12-11,Alpine,003,1148,110,109,0,109,0
2021-12-11,Amador,005,37829,5816,5787,73,5860,69
2021-12-11,Butte,007,227075,22045,21819,3974,25793,326
2021-12-11,Calaveras,009,45235,4526,4469,64,4533,89
2021-12-11,Colusa,011,21464,2643,2619,692,3311,21
2021-12-11,Contra Costa,013,1133247,103548,102618,2409,105027,1061
2021-12-11,Del Norte,015,27424,3807,3778,56,3834,42
2021-12-11,El Dorado,017,186661,17061,16796,1802,18598,170
2021-12-11,Fresno,019,978130,147699,145988,12782,158770,2294
2021-12-11,Glenn,021,27897,3611,3585,1020,4605,37
2021-12-11,Humboldt,023,135768,9905,9721,718,10439,118
2021-12-11,Imperial,025,180216,36314,35635,3996,39631,782
2021-12-11,Inyo,027,18085,2611,2576,43,2619,46
2021-12-11,Kern,029,883053,134254,132852,24504,157356,1854
2021-12-11,Kings,031,150075,33938,33530,2074,35604,371
2021-12-11,Lake,033,64148,7003,6932,154,7086,114
2021-12-11,Lassen,035,31185,7082,7049,438,7487,55
2021-12-11,Los Angeles,037,10098052,1486460,1474030,57484,1531514,27031
2021-12-11,Madera,039,155013,24669,24417,2327,26744,311
2021-12-11,Marin,041,260295,18541,18339,556,18895,249
2021-12-11,Mariposa,043,17540,1469,1450,60,1510,6
2021-12-11,Mendocino,045,87422,8236,8130,669,8799,95
2021-12-11,Merced,047,269075,43960,43690,2064,45754,681
2021-12-11,Modoc,049,8938,598,594,203,797,6
2021-12-11,Mono,051,14174,1953,1926,22,1948,4
2021-12-11,Monterey,053,433212,50469,49008,3389,52397,631
2021-12-11,Napa,055,140530,13578,13459,134,13593,107
2021-12-11,Nevada,057,99092,10024,9880,352,10232,106
2021-12-11,Orange,059,3164182,318843,315759,16516,332275,5805
2021-12-11,Placer,061,380077,39440,38959,3973,42932,481
2021-12-11,Plumas,063,18699,1980,1934,48,1982,12
2021-12-11,Riverside,065,2383286,381351,375649,17002,392651,5408
2021-12-11,Sacramento,067,1510023,167339,165530,5177,170707,2386
2021-12-11,San Benito,069,59416,7869,7808,187,7995,79
2021-12-11,San Bernardino,071,2135413,372384,368145,11953,380098,6007
2021-12-11,San Diego,073,3302833,397059,392274,22834,415108,4374
2021-12-11,San Francisco,075,870044,55929,54869,2529,57398,678
2021-12-11,San Joaquin,077,732212,103969,103013,5734,108747,1842
2021-12-11,San Luis Obispo,079,281455,30957,30567,1357,31924,362
2021-12-11,San Mateo,081,765935,56751,55284,1017,56301,580
2021-12-11,Santa Barbara,083,443738,47083,46309,1725,48034,559
2021-12-11,Santa Clara,085,1922200,154785,152846,1729,154575,1941
2021-12-11,Santa Cruz,087,273765,21887,21557,1054,22611,225
2021-12-11,Shasta,089,179085,22884,22660,3782,26442,419
2021-12-11,Sierra,091,2930,203,199,21,220,0
2021-12-11,Siskiyou,093,43540,3483,3418,1378,4796,57
2021-12-11,Solano,095,438530,47674,46891,1373,48264,365
2021-12-11,Sonoma,097,501317,43775,43227,585,43812,407
2021-12-11,Stanislaus,099,539301,83024,82133,9369,91502,1264
2021-12-11,Sutter,101,95872,14458,14354,411,14765,187
2021-12-11,Tehama,103,63373,8858,8776,1559,10335,134
2021-12-11,Trinity,105,12862,911,819,228,1047,17
2021-12-11,Tulare,107,460477,71600,70523,16614,87137,1103
2021-12-11,Tuolumne,109,53932,7845,7760,112,7872,91
2021-12-11,Ventura,111,848112,101862,100711,4533,105244,1195
2021-12-11,Yolo,113,214977,20808,20608,1290,21898,267
2021-12-11,Yuba,115,75493,10626,10519,406,10925,92
2021-12-10,Alameda,001,1643700,124934,123572,3051,126623,1496
2021-12-10,Alpine,003,1148,109,109,0,109,0
2021-12-10,Amador,005,37829,5809,5787,73,5860,69
2021-12-10,Butte,007,227075,22032,21819,3972,25791,326
2021-12-10,Calaveras,009,45235,4523,4469,64,4533,89
2021-12-10,Colusa,011,21464,2642,2619,692,3311,21
2021-12-10,Contra Costa,013,1133247,103451,102618,2408,105026,1061
2021-12-10,Del Norte,015,27424,3807,3778,56,3834,42
2021-12-10,El Dorado,017,186661,17048,16796,1802,18598,170
2021-12-10,Fresno,019,978130,147610,145988,12776,158764,2294
2021-12-10,Glenn,021,27897,3611,3585,1020,4605,37
2021-12-10,Humboldt,023,135768,9888,9721,716,10437,118
2021-12-10,Imperial,025,180216,36258,35635,3979,39614,782
2021-12-10,Inyo,027,18085,2608,2576,43,2619,46
2021-12-10,Kern,029,883053,134166,132852,24480,157332,1854
2021-12-10,Kings,031,150075,33923,33530,2072,35602,371
2021-12-10,Lake,033,64148,6996,6932,154,7086,114
2021-12-10,Lassen,035,31185,7081,7049,438,7487,55
2021-12-10,Los Angeles,037,10098052,1485369,1474030,57397,1531427,27031
2021-12-10,Madera,039,155013,24651,24417,2325,26742,311
2021-12-10,Marin,041,260295,18519,18339,556,18895,249
2021-12-10,Mariposa,043,17540,1466,1450,60,1510,6
2021-12-10,Mendocino,045,87422,8229,8130,668,8798,95
2021-12-10,Merced,047,269075,43943,43690,2062,45752,681
2021-12-10,Modoc,049,8938,598,594,203,797,6
2021-12-10,Mono,051,14174,1950,1926,22,1948,4
2021-12-10,Monterey,053,433212,50432,49008,3383,52391,631
2021-12-10,Napa,055,140530,13566,13459,133,13592,107
2021-12-10,Nevada,057,99092,10015,9880,352,10232,106
2021-12-10,Orange,059,3164182,318570,315759,16483,332242,5805
2021-12-10,Placer,061,380077,39397,38959,3970,42929,481
2021-12-10,Plumas,063,18699,1978,1934,48,1982,12
2021-12-10,Riverside,065,2383286,380944,375649,16991,392640,5408
2021-12-10,Sacramento,067,1510023,167184,165530,5175,170705,2386
2021-12-10,San Benito,069,59416,7865,7808,187,7995,79
2021-12-10,San Bernardino,071,2135413,372010,368145,11930,380075,6007
2021-12-10,San Diego,073,3302833,396579,392274,22820,415094,4374
2021-12-10,San Francisco,075,870044,55845,54869,2523,57392,678
2021-12-10,San Joaquin,077,732212,103915,103013,5730,108743,1842
2021-12-10,San Luis Obispo,079,281455,30947,30567,1354,31921,362
2021-12-10,San Mateo,081,765935,56694,55284,1014,56298,580
2021-12-10,Santa Barbara,083,443738,47047,46309,1724,48033,559
2021-12-10,Santa Clara,085,1922200,154614,152846,1716,154562,1941
2021-12-10,Santa Cruz,087,273765,21868,21557,1053,22610,225
2021-12-10,Shasta,089,179085,22873,22660,3779,26439,419
2021-12-10,Sierra,091,2930,203,199,21,220,0
2021-12-10,Siskiyou,093,43540,3476,3418,1378,4796,57
2021-12-10,Solano,095,438530,47632,46891,1369,48260,365
2021-12-10,Sonoma,097,501317,43741,43227,584,43811,407
2021-12-10,Stanislaus,099,539301,82959,82133,9363,91496,1264
2021-12-10,Sutter,101,95872,14449,14354,411,14765,187
2021-12-10,Tehama,103,63373,8856,8776,1557,10333,134
2021-12-10,Trinity,105,12862,911,819,228,1047,17
2021-12-10,Tulare,107,460477,71570,70523,16587,87110,1103
2021-12-10,Tuolumne,109,53932,7840,7760,112,7872,91
2021-12-10,Ventura,111,848112,101758,100711,4530,105241,1195
2021-12-10,Yolo,113,214977,20793,20608,1288,21896,267
2021-12-10,Yuba,115,75493,10614,10519,405,10924,92
2021-12-09,Alameda,001,1643700,124791,123572,3046,126618,1496
2021-12-09,Alpine,003,1148,109,109,0,109,0
2021-12-09,Amador,005,37829,5806,5787,72,5859,69
2021-12-09,Butte,007,227075,22011,21819,3969,25788,326
2021-12-09,Calaveras,009,45235,4514,4469,64,4533,89
2021-12-09,Colusa,011,21464,2640,2619,692,3311,21
2021-12-09,Contra Costa,013,1133247,103332,102618,2402,105020,1061
2021-12-09,Del Norte,015,27424,3806,3778,56,3834,42
2021-12-09,El Dorado,017,186661,17020,16796,1797,18593,170
2021-12-09,Fresno,019,978130,147464,145988,12766,158754,2294
2021-12-09,Glenn,021,27897,3611,3585,1020,4605,37
2021-12-09,Humboldt,023,135768,9866,9721,715,10436,118
2021-12-09,Imperial,025,180216,36189,35635,3949,39584,782
2021-12-09,Inyo,027,18085,2606,2576,43,2619,46
2021-12-09,Kern,029,883053,134040,132852,24447,157299,1854
2021-12-09,Kings,031,150075,33897,33530,2069,35599,371
2021-12-09,Lake,033,64148,6988,6932,154,7086,114
2021-12-09,Lassen,035,31185,7079,7049,438,7487,55
2021-12-09,Los Angeles,037,10098052,1483840,1474030,57311,1531341,27031
2021-12-09,Madera,039,155013,24626,24417,2322,26739,311
2021-12-09,Marin,041,260295,18506,18339,554,18893,249
2021-12-09,Mariposa,043,17540,1465,1450,60,1510,6
2021-12-09,Mendocino,045,87422,8215,8130,668,8798,95
2021-12-09,Merced,047,269075,43904,43690,2051,45741,681
2021-12-09,Modoc,049,8938,598,594,203,797,6
2021-12-09,Mono,051,14174,1944,1926,22,1948,4
2021-12-09,Monterey,053,433212,50384,49008,3372,52380,631
2021-12-09,Napa,055,140530,13546,13459,129,13588,107
2021-12-09,Nevada,057,99092,9996,9880,352,10232,106
2021-12-09,Orange,059,3164182,318241,315759,16445,332204,5805
2021-12-09,Placer,061,380077,39354,38959,3957,42916,481
2021-12-09,Plumas,063,18699,1970,1934,48,1982,12
2021-12-09,Riverside,065,2383286,380397,375649,16976,392625,5408
2021-12-09,Sacramento,067,1510023,166966,165530,5159,170689,2386
2021-12-09,San Benito,069,59416,7853,7808,186,7994,79
2021-12-09,San Bernardino,071,2135413,371525,368145,11909,380054,6007
2021-12-09,San Diego,073,3302833,395934,392274,22790,415064,4374
2021-12-09,San Francisco,075,870044,55760,54869,2516,57385,678
2021-12-09,San Joaquin,077,732212,103823,103013,5724,108737,1842
2021-12-09,San Luis Obispo,079,281455,30919,30567,1352,31919,362
2021-12-09,San Mateo,081,765935,56605,55284,1012,56296,580
2021-12-09,Santa Barbara,083,443738,46969,46309,1717,48026,559
2021-12-09,Santa Clara,085,1922200,154401,152846,1705,154551,1941
2021-12-09,Santa Cruz,087,273765,21840,21557,1053,22610,225
2021-12-09,Shasta,089,179085,22857,22660,3778,26438,419
2021-12-09,Sierra,091,2930,203,199,21,220,0
2021-12-09,Siskiyou,093,43540,3472,3418,1377,4795,57
2021-12-09,Solano,095,438530,47596,46891,1367,48258,365
2021-12-09,Sonoma,097,501317,43684,43227,583,43810,407
2021-12-09,Stanislaus,099,539301,82888,82133,9350,91483,1264
2021-12-09,Sutter,101,95872,14434,14354,411,14765,187
2021-12-09,Tehama,103,63373,8849,8776,1556,10332,134
2021-12-09,Trinity,105,12862,911,819,228,1047,17
2021-12-09,Tulare,107,460477,71514,70523,16558,87081,1103
2021-12-09,Tuolumne,109,53932,7830,7760,112,7872,91
2021-12-09,Ventura,111,848112,101613,100711,4518,105229,1195
2021-12-09,Yolo,113,214977,20770,20608,1280,21888,267
2021-12-09,Yuba,115,75493,10606,10519,402,10921,92
2021-12-08,Alameda,001,1643700,124644,123438,3036,126474,1496
2021-12-08,Alpine,003,1148,109,108,0,108,0
2021-12-08,Amador,005,37829,5801,5781,72,5853,69
2021-12-08,Butte,007,227075,21995,21780,3966,25746,326
2021-12-08,Calaveras,009,45235,4505,4455,64,4519,89
2021-12-08,Colusa,011,21464,2637,2619,691,3310,21
2021-12-08,Contra Costa,013,1133247,103201,102506,2400,104906,1058
2021-12-08,Del Norte,015,27424,3805,3767,56,3823,42
2021-12-08,El Dorado,017,186661,16988,16757,1797,18554,170
2021-12-08,Fresno,019,978130,147308,145830,12755,158585,2293
2021-12-08,Glenn,021,27897,3611,3584,1018,4602,37
2021-12-08,Humboldt,023,135768,9844,9704,713,10417,117
2021-12-08,Imperial,025,180216,36116,35537,3917,39454,782
2021-12-08,Inyo,027,18085,2603,2570,43,2613,46
2021-12-08,Kern,029,883053,133917,132709,24400,157109,1846
2021-12-08,Kings,031,150075,33862,33468,2068,35536,371
2021-12-08,Lake,033,64148,6983,6927,153,7080,114
2021-12-08,Lassen,035,31185,7077,7041,436,7477,55
2021-12-08,Los Angeles,037,10098052,1482315,1472410,57200,1529610,27018
2021-12-08,Madera,039,155013,24605,24396,2315,26711,311
2021-12-08,Marin,041,260295,18485,18305,551,18856,249
2021-12-08,Mariposa,043,17540,1463,1447,60,1507,6
2021-12-08,Mendocino,045,87422,8203,8118,667,8785,95
2021-12-08,Merced,047,269075,43872,43631,2043,45674,680
2021-12-08,Modoc,049,8938,598,594,203,797,6
2021-12-08,Mono,051,14174,1940,1924,22,1946,4
2021-12-08,Monterey,053,433212,50319,48957,3356,52313,631
2021-12-08,Napa,055,140530,13532,13421,129,13550,107
2021-12-08,Nevada,057,99092,9980,9862,352,10214,106
2021-12-08,Orange,059,3164182,317897,315421,16407,331828,5795
2021-12-08,Placer,061,380077,39302,38934,3952,42886,478
2021-12-08,Plumas,063,18699,1968,1924,48,1972,12
2021-12-08,Riverside,065,2383286,379893,375099,16952,392051,5404
2021-12-08,Sacramento,067,1510023,166715,165278,5131,170409,2373
2021-12-08,San Benito,069,59416,7844,7793,186,7979,79
2021-12-08,San Bernardino,071,2135413,371064,367516,11884,379400,6006
2021-12-08,San Diego,073,3302833,395284,391676,22758,414434,4369
2021-12-08,San Francisco,075,870044,55673,54792,2507,57299,677
2021-12-08,San Joaquin,077,732212,103722,102877,5714,108591,1841
2021-12-08,San Luis Obispo,079,281455,30872,30519,1347,31866,361
2021-12-08,San Mateo,081,765935,56534,55220,1006,56226,580
2021-12-08,Santa Barbara,083,443738,46914,46250,1714,47964,558
2021-12-08,Santa Clara,085,1922200,154239,152674,1694,154368,1937
2021-12-08,Santa Cruz,087,273765,21793,21505,1051,22556,224
2021-12-08,Shasta,089,179085,22837,22616,3772,26388,419
2021-12-08,Sierra,091,2930,203,199,21,220,0
2021-12-08,Siskiyou,093,43540,3471,3415,1375,4790,57
2021-12-08,Solano,095,438530,47566,46837,1366,48203,365
2021-12-08,Sonoma,097,501317,43621,43179,582,43761,405
2021-12-08,Stanislaus,099,539301,82804,82038,9339,91377,1264
2021-12-08,Sutter,101,95872,14418,14336,409,14745,187
2021-12-08,Tehama,103,63373,8840,8768,1556,10324,133
2021-12-08,Trinity,105,12862,911,818,228,1046,17
2021-12-08,Tulare,107,460477,71451,70472,16533,87005,1102
2021-12-08,Tuolumne,109,53932,7817,7749,112,7861,91
2021-12-08,Ventura,111,848112,101484,100647,4515,105162,1194
2021-12-08,Yolo,113,214977,20744,20575,1274,21849,267
2021-12-08,Yuba,115,75493,10592,10499,399,10898,92
2021-12-07,Alameda,001,1643700,124473,123325,3027,126352,1497
2021-12-07,Alpine,003,1148,109,108,0,108,0
2021-12-07,Amador,005,37829,5798,5778,71,5849,69
2021-12-07,Butte,007,227075,21971,21761,3961,25722,324
2021-12-07,Calaveras,009,45235,4489,4445,64,4509,88
2021-12-07,Colusa,011,21464,2635,2619,691,3310,21
2021-12-07,Contra Costa,013,1133247,103079,102421,2391,104812,1058
2021-12-07,Del Norte,015,27424,3804,3766,56,3822,42
2021-12-07,El Dorado,017,186661,16965,16742,1794,18536,170
2021-12-07,Fresno,019,978130,147161,145715,12738,158453,2289
2021-12-07,Glenn,021,27897,3610,3579,1017,4596,36
2021-12-07,Humboldt,023,135768,9820,9693,708,10401,117
2021-12-07,Imperial,025,180216,36038,35502,3895,39397,778
2021-12-07,Inyo,027,18085,2600,2567,43,2610,46
2021-12-07,Kern,029,883053,133761,132564,24347,156911,1838
2021-12-07,Kings,031,150075,33830,33441,2065,35506,372
2021-12-07,Lake,033,64148,6978,6925,153,7078,113
2021-12-07,Lassen,035,31185,7076,7040,435,7475,55
2021-12-07,Los Angeles,037,10098052,1480537,1470904,57097,1528001,27007
2021-12-07,Madera,039,155013,24583,24367,2308,26675,311
2021-12-07,Marin,041,260295,18451,18284,545,18829,249
2021-12-07,Mariposa,043,17540,1461,1446,60,1506,6
2021-12-07,Mendocino,045,87422,8185,8107,667,8774,95
2021-12-07,Merced,047,269075,43830,43600,2036,45636,675
2021-12-07,Modoc,049,8938,598,594,202,796,6
2021-12-07,Mono,051,14174,1936,1921,22,1943,4
2021-12-07,Monterey,053,433212,50236,48880,3339,52219,631
2021-12-07,Napa,055,140530,13514,13409,129,13538,107
2021-12-07,Nevada,057,99092,9966,9858,351,10209,105
2021-12-07,Orange,059,3164182,317565,315138,16358,331496,5784
2021-12-07,Placer,061,380077,39227,38860,3948,42808,474
2021-12-07,Plumas,063,18699,1964,1915,48,1963,12
2021-12-07,Riverside,065,2383286,379366,374552,16936,391488,5397
2021-12-07,Sacramento,067,1510023,166470,165148,5117,170265,2375
2021-12-07,San Benito,069,59416,7828,7776,186,7962,78
2021-12-07,San Bernardino,071,2135413,370502,366981,11866,378847,6007
2021-12-07,San Diego,073,3302833,394432,391110,22720,413830,4357
2021-12-07,San Francisco,075,870044,55563,54729,2502,57231,676
2021-12-07,San Joaquin,077,732212,103604,102797,5702,108499,1839
2021-12-07,San Luis Obispo,079,281455,30833,30495,1345,31840,361
2021-12-07,San Mateo,081,765935,56445,55163,1000,56163,580
2021-12-07,Santa Barbara,083,443738,46843,46205,1712,47917,556
2021-12-07,Santa Clara,085,1922200,154054,152465,1685,154150,1941
2021-12-07,Santa Cruz,087,273765,21746,21493,1051,22544,224
2021-12-07,Shasta,089,179085,22814,22594,3769,26363,418
2021-12-07,Sierra,091,2930,203,199,21,220,0
2021-12-07,Siskiyou,093,43540,3469,3412,1375,4787,57
2021-12-07,Solano,095,438530,47526,46812,1364,48176,365
2021-12-07,Sonoma,097,501317,43547,43154,581,43735,405
2021-12-07,Stanislaus,099,539301,82726,81980,9326,91306,1258
2021-12-07,Sutter,101,95872,14410,14322,408,14730,186
2021-12-07,Tehama,103,63373,8832,8765,1555,10320,133
2021-12-07,Trinity,105,12862,911,818,228,1046,17
2021-12-07,Tulare,107,460477,71392,70411,16504,86915,1103
2021-12-07,Tuolumne,109,53932,7809,7743,112,7855,91
2021-12-07,Ventura,111,848112,101388,100569,4505,105074,1194
2021-12-07,Yolo,113,214977,20718,20560,1271,21831,263
2021-12-07,Yuba,115,75493,10575,10491,398,10889,91
2021-12-06,Alameda,001,1643700,124306,123227,3024,126251,1496
2021-12-06,Alpine,003,1148,109,108,0,108,0
2021-12-06,Amador,005,37829,5792,5769,70,5839,67
2021-12-06,Butte,007,227075,21954,21732,3958,25690,321
2021-12-06,Calaveras,009,45235,4482,4443,64,4507,88
2021-12-06,Colusa,011,21464,2634,2615,687,3302,21
2021-12-06,Contra Costa,013,1133247,102959,102327,2388,104715,1058
2021-12-06,Del Norte,015,27424,3802,3744,56,3800,42
2021-12-06,El Dorado,017,186661,16941,16726,1792,18518,168
2021-12-06,Fresno,019,978130,146967,145539,12728,158267,2285
2021-12-06,Glenn,021,27897,3607,3577,1015,4592,36
2021-12-06,Humboldt,023,135768,9800,9671,701,10372,117
2021-12-06,Imperial,025,180216,35960,35453,3877,39330,778
2021-12-06,Inyo,027,18085,2594,2562,42,2604,46
2021-12-06,Kern,029,883053,133575,132366,24289,156655,1835
2021-12-06,Kings,031,150075,33797,33399,2060,35459,368
2021-12-06,Lake,033,64148,6974,6922,153,7075,113
2021-12-06,Lassen,035,31185,7071,7032,433,7465,51
2021-12-06,Los Angeles,037,10098052,1478881,1470059,57005,1527064,26993
2021-12-06,Madera,039,155013,24556,24334,2304,26638,307
2021-12-06,Marin,041,260295,18423,18252,543,18795,249
2021-12-06,Mariposa,043,17540,1458,1443,60,1503,6
2021-12-06,Mendocino,045,87422,8172,8079,664,8743,95
2021-12-06,Merced,047,269075,43790,43549,2026,45575,672
2021-12-06,Modoc,049,8938,598,593,202,795,6
2021-12-06,Mono,051,14174,1931,1913,22,1935,4
2021-12-06,Monterey,053,433212,50160,48831,3319,52150,626
2021-12-06,Napa,055,140530,13491,13387,127,13514,107
2021-12-06,Nevada,057,99092,9939,9847,350,10197,105
2021-12-06,Orange,059,3164182,317188,314859,16315,331174,5771
2021-12-06,Placer,061,380077,39169,38785,3943,42728,473
2021-12-06,Plumas,063,18699,1956,1913,48,1961,10
2021-12-06,Riverside,065,2383286,378848,374116,16922,391038,5388
2021-12-06,Sacramento,067,1510023,166189,164926,5096,170022,2367
2021-12-06,San Benito,069,59416,7812,7755,186,7941,78
2021-12-06,San Bernardino,071,2135413,369954,366606,11839,378445,5998
2021-12-06,San Diego,073,3302833,393582,390389,22675,413064,4352
2021-12-06,San Francisco,075,870044,55455,54659,2497,57156,674
2021-12-06,San Joaquin,077,732212,103477,102728,5695,108423,1837
2021-12-06,San Luis Obispo,079,281455,30796,30464,1343,31807,361
2021-12-06,San Mateo,081,765935,56369,55112,997,56109,580
2021-12-06,Santa Barbara,083,443738,46752,46146,1711,47857,556
2021-12-06,Santa Clara,085,1922200,153846,152310,1670,153980,1937
2021-12-06,Santa Cruz,087,273765,21711,21450,1048,22498,224
2021-12-06,Shasta,089,179085,22791,22556,3761,26317,416
2021-12-06,Sierra,091,2930,202,198,21,219,0
2021-12-06,Siskiyou,093,43540,3467,3409,1370,4779,57
2021-12-06,Solano,095,438530,47481,46748,1363,48111,360
2021-12-06,Sonoma,097,501317,43479,43114,573,43687,405
2021-12-06,Stanislaus,099,539301,82629,81889,9293,91182,1241
2021-12-06,Sutter,101,95872,14398,14319,408,14727,186
2021-12-06,Tehama,103,63373,8824,8760,1555,10315,133
2021-12-06,Trinity,105,12862,911,815,227,1042,17
2021-12-06,Tulare,107,460477,71315,70285,16465,86750,1101
2021-12-06,Tuolumne,109,53932,7795,7726,112,7838,91
2021-12-06,Ventura,111,848112,101286,100426,4497,104923,1194
2021-12-06,Yolo,113,214977,20695,20548,1270,21818,263
2021-12-06,Yuba,115,75493,10560,10480,393,10873,91
2021-12-05,Alameda,001,1643700,124117,123104,3016,126120,1496
2021-12-05,Alpine,003,1148,108,108,0,108,0
2021-12-05,Amador,005,37829,5789,5761,70,5831,67
2021-12-05,Butte,007,227075,21920,21720,3952,25672,320
2021-12-05,Calaveras,009,45235,4466,4434,64,4498,88
2021-12-05,Colusa,011,21464,2633,2615,686,3301,21
2021-12-05,Contra Costa,013,1133247,102830,102251,2378,104629,1058
2021-12-05,Del Norte,015,27424,3800,3751,56,3807,42
2021-12-05,El Dorado,017,186661,16903,16717,1786,18503,168
2021-12-05,Fresno,019,978130,146792,145452,12707,158159,2284
2021-12-05,Glenn,021,27897,3605,3577,1013,4590,36
2021-12-05,Humboldt,023,135768,9770,9662,698,10360,117
2021-12-05,Imperial,025,180216,35870,35422,3847,39269,778
2021-12-05,Inyo,027,18085,2587,2559,42,2601,46
2021-12-05,Kern,029,883053,133410,132286,24236,156522,1833
2021-12-05,Kings,031,150075,33733,33360,2060,35420,369
2021-12-05,Lake,033,64148,6970,6919,152,7071,113
2021-12-05,Lassen,035,31185,7069,7031,433,7464,51
2021-12-05,Los Angeles,037,10098052,1477046,1468937,56869,1525806,26991
2021-12-05,Madera,039,155013,24515,24311,2301,26612,307
2021-12-05,Marin,041,260295,18376,18216,535,18751,249
2021-12-05,Mariposa,043,17540,1455,1440,59,1499,6
2021-12-05,Mendocino,045,87422,8153,8069,658,8727,95
2021-12-05,Merced,047,269075,43747,43534,2017,45551,672
2021-12-05,Modoc,049,8938,598,593,202,795,6
2021-12-05,Mono,051,14174,1924,1907,22,1929,4
2021-12-05,Monterey,053,433212,50089,48813,3287,52100,626
2021-12-05,Napa,055,140530,13465,13382,124,13506,107
2021-12-05,Nevada,057,99092,9918,9827,350,10177,105
2021-12-05,Orange,059,3164182,316756,314560,16273,330833,5771
2021-12-05,Placer,061,380077,39111,38738,3934,42672,473
2021-12-05,Plumas,063,18699,1952,1913,47,1960,9
2021-12-05,Riverside,065,2383286,378193,373827,16892,390719,5388
2021-12-05,Sacramento,067,1510023,165881,164721,5078,169799,2367
2021-12-05,San Benito,069,59416,7795,7748,185,7933,78
2021-12-05,San Bernardino,071,2135413,369263,366282,11793,378075,5998
2021-12-05,San Diego,073,3302833,392784,387979,22627,410606,4351
2021-12-05,San Francisco,075,870044,55354,54603,2496,57099,674
2021-12-05,San Joaquin,077,732212,103336,102698,5690,108388,1837
2021-12-05,San Luis Obispo,079,281455,30727,30454,1340,31794,360
2021-12-05,San Mateo,081,765935,56280,55050,987,56037,580
2021-12-05,Santa Barbara,083,443738,46669,46097,1703,47800,555
2021-12-05,Santa Clara,085,1922200,153592,152114,1650,153764,1933
2021-12-05,Santa Cruz,087,273765,21661,21424,1048,22472,224
2021-12-05,Shasta,089,179085,22733,22550,3760,26310,416
2021-12-05,Sierra,091,2930,202,198,21,219,0
2021-12-05,Siskiyou,093,43540,3465,3409,1368,4777,57
2021-12-05,Solano,095,438530,47418,46715,1361,48076,360
2021-12-05,Sonoma,097,501317,43402,43038,568,43606,405
2021-12-05,Stanislaus,099,539301,82486,81847,9285,91132,1241
2021-12-05,Sutter,101,95872,14374,14303,403,14706,186
2021-12-05,Tehama,103,63373,8816,8755,1554,10309,133
2021-12-05,Trinity,105,12862,910,815,227,1042,17
2021-12-05,Tulare,107,460477,71232,70254,16417,86671,1102
2021-12-05,Tuolumne,109,53932,7782,7718,112,7830,91
2021-12-05,Ventura,111,848112,101149,100367,4484,104851,1194
2021-12-05,Yolo,113,214977,20653,20512,1268,21780,263
2021-12-05,Yuba,115,75493,10547,10467,386,10853,91
2021-12-04,Alameda,001,1643700,124010,122508,3012,125520,1494
2021-12-04,Alpine,003,1148,108,108,0,108,0
2021-12-04,Amador,005,37829,5786,5729,70,5799,67
2021-12-04,Butte,007,227075,21901,21638,3948,25586,318
2021-12-04,Calaveras,009,45235,4458,4392,63,4455,88
2021-12-04,Colusa,011,21464,2633,2600,684,3284,21
2021-12-04,Contra Costa,013,1133247,102757,101824,2372,104196,1056
2021-12-04,Del Norte,015,27424,3797,3726,56,3782,42
2021-12-04,El Dorado,017,186661,16894,16621,1785,18406,168
2021-12-04,Fresno,019,978130,146704,144734,12702,157436,2270
2021-12-04,Glenn,021,27897,3605,3559,1013,4572,36
2021-12-04,Humboldt,023,135768,9755,9596,694,10290,117
2021-12-04,Imperial,025,180216,35815,35206,3834,39040,776
2021-12-04,Inyo,027,18085,2582,2538,42,2580,46
2021-12-04,Kern,029,883053,133332,131771,24213,155984,1817
2021-12-04,Kings,031,150075,33709,33183,2059,35242,367
2021-12-04,Lake,033,64148,6961,6903,152,7055,113
2021-12-04,Lassen,035,31185,7068,7014,431,7445,51
2021-12-04,Los Angeles,037,10098052,1476178,1463270,56791,1520061,26952
2021-12-04,Madera,039,155013,24501,24188,2297,26485,307
2021-12-04,Marin,041,260295,18354,18075,534,18609,249
2021-12-04,Mariposa,043,17540,1451,1421,59,1480,6
2021-12-04,Mendocino,045,87422,8148,7981,658,8639,91
2021-12-04,Merced,047,269075,43719,43337,2015,45352,671
2021-12-04,Modoc,049,8938,598,591,202,793,6
2021-12-04,Mono,051,14174,1924,1883,22,1905,4
2021-12-04,Monterey,053,433212,50056,48682,3280,51962,626
2021-12-04,Napa,055,140530,13455,13327,123,13450,106
2021-12-04,Nevada,057,99092,9911,9752,350,10102,105
2021-12-04,Orange,059,3164182,316528,313112,16247,329359,5748
2021-12-04,Placer,061,380077,39071,38460,3928,42388,473
2021-12-04,Plumas,063,18699,1949,1903,47,1950,7
2021-12-04,Riverside,065,2383286,377835,371768,16886,388654,5381
2021-12-04,Sacramento,067,1510023,165741,163900,5070,168970,2365
2021-12-04,San Benito,069,59416,7769,7688,185,7873,78
2021-12-04,San Bernardino,071,2135413,368875,364154,11780,375934,5983
2021-12-04,San Diego,073,3302833,392304,386710,22598,409308,4350
2021-12-04,San Francisco,075,870044,55286,54286,2493,56779,674
2021-12-04,San Joaquin,077,732212,103283,102286,5688,107974,1835
2021-12-04,San Luis Obispo,079,281455,30706,30318,1336,31654,360
2021-12-04,San Mateo,081,765935,56232,54774,984,55758,579
2021-12-04,Santa Barbara,083,443738,46624,45774,1703,47477,555
2021-12-04,Santa Clara,085,1922200,153436,151275,1636,152911,1928
2021-12-04,Santa Cruz,087,273765,21635,21286,1047,22333,224
2021-12-04,Shasta,089,179085,22716,22418,3758,26176,414
2021-12-04,Sierra,091,2930,202,196,21,217,0
2021-12-04,Siskiyou,093,43540,3463,3398,1368,4766,57
2021-12-04,Solano,095,438530,47398,46529,1360,47889,360
2021-12-04,Sonoma,097,501317,43356,42778,565,43343,405
2021-12-04,Stanislaus,099,539301,82413,81462,9278,90740,1231
2021-12-04,Sutter,101,95872,14366,14258,402,14660,186
2021-12-04,Tehama,103,63373,8814,8742,1554,10296,131
2021-12-04,Trinity,105,12862,909,801,227,1028,17
2021-12-04,Tulare,107,460477,71194,70014,16389,86403,1100
2021-12-04,Tuolumne,109,53932,7777,7676,112,7788,91
2021-12-04,Ventura,111,848112,101058,99751,4480,104231,1192
2021-12-04,Yolo,113,214977,20631,20442,1266,21708,261
2021-12-04,Yuba,115,75493,10536,10418,385,10803,91
2021-12-03,Alameda,001,1643700,123917,122508,3002,125510,1494
2021-12-03,Alpine,003,1148,108,108,0,108,0
2021-12-03,Amador,005,37829,5781,5729,69,5798,67
2021-12-03,Butte,007,227075,21888,21638,3943,25581,318
2021-12-03,Calaveras,009,45235,4449,4392,63,4455,88
2021-12-03,Colusa,011,21464,2631,2600,684,3284,21
2021-12-03,Contra Costa,013,1133247,102684,101824,2367,104191,1056
2021-12-03,Del Norte,015,27424,3795,3726,56,3782,42
2021-12-03,El Dorado,017,186661,16865,16621,1783,18404,168
2021-12-03,Fresno,019,978130,146589,144734,12700,157434,2270
2021-12-03,Glenn,021,27897,3604,3559,1012,4571,36
2021-12-03,Humboldt,023,135768,9738,9596,692,10288,117
2021-12-03,Imperial,025,180216,35770,35206,3804,39010,776
2021-12-03,Inyo,027,18085,2575,2538,42,2580,46
2021-12-03,Kern,029,883053,133261,131771,24176,155947,1817
2021-12-03,Kings,031,150075,33681,33183,2059,35242,367
2021-12-03,Lake,033,64148,6961,6903,152,7055,113
2021-12-03,Lassen,035,31185,7066,7014,430,7444,51
2021-12-03,Los Angeles,037,10098052,1475238,1463270,56710,1519980,26952
2021-12-03,Madera,039,155013,24475,24188,2293,26481,307
2021-12-03,Marin,041,260295,18322,18075,530,18605,249
2021-12-03,Mariposa,043,17540,1449,1421,59,1480,6
2021-12-03,Mendocino,045,87422,8141,7981,658,8639,91
2021-12-03,Merced,047,269075,43696,43337,2012,45349,671
2021-12-03,Modoc,049,8938,598,591,202,793,6
2021-12-03,Mono,051,14174,1919,1883,22,1905,4
2021-12-03,Monterey,053,433212,50017,48682,3269,51951,626
2021-12-03,Napa,055,140530,13443,13327,123,13450,106
2021-12-03,Nevada,057,99092,9900,9752,350,10102,105
2021-12-03,Orange,059,3164182,316261,313112,16214,329326,5748
2021-12-03,Placer,061,380077,39034,38460,3921,42381,473
2021-12-03,Plumas,063,18699,1946,1903,47,1950,7
2021-12-03,Riverside,065,2383286,377444,371768,16880,388648,5381
2021-12-03,Sacramento,067,1510023,165562,163900,5056,168956,2365
2021-12-03,San Benito,069,59416,7762,7688,185,7873,78
2021-12-03,San Bernardino,071,2135413,368434,364154,11770,375924,5983
2021-12-03,San Diego,073,3302833,391826,386710,22574,409284,4350
2021-12-03,San Francisco,075,870044,55216,54286,2489,56775,674
2021-12-03,San Joaquin,077,732212,103226,102286,5687,107973,1835
2021-12-03,San Luis Obispo,079,281455,30680,30318,1333,31651,360
2021-12-03,San Mateo,081,765935,56170,54774,981,55755,579
2021-12-03,Santa Barbara,083,443738,46589,45774,1703,47477,555
2021-12-03,Santa Clara,085,1922200,153254,151275,1621,152896,1928
2021-12-03,Santa Cruz,087,273765,21608,21286,1047,22333,224
2021-12-03,Shasta,089,179085,22701,22418,3758,26176,414
2021-12-03,Sierra,091,2930,202,196,21,217,0
2021-12-03,Siskiyou,093,43540,3460,3398,1366,4764,57
2021-12-03,Solano,095,438530,47356,46529,1359,47888,360
2021-12-03,Sonoma,097,501317,43320,42778,563,43341,405
2021-12-03,Stanislaus,099,539301,82356,81462,9269,90731,1231
2021-12-03,Sutter,101,95872,14353,14258,400,14658,186
2021-12-03,Tehama,103,63373,8813,8742,1553,10295,131
2021-12-03,Trinity,105,12862,909,801,227,1028,17
2021-12-03,Tulare,107,460477,71154,70014,16357,86371,1100
2021-12-03,Tuolumne,109,53932,7768,7676,112,7788,91
2021-12-03,Ventura,111,848112,100971,99751,4473,104224,1192
2021-12-03,Yolo,113,214977,20614,20442,1265,21707,261
2021-12-03,Yuba,115,75493,10528,10418,385,10803,91
2021-12-02,Alameda,001,1643700,123762,122508,2993,125501,1494
2021-12-02,Alpine,003,1148,108,108,0,108,0
2021-12-02,Amador,005,37829,5776,5729,68,5797,67
2021-12-02,Butte,007,227075,21863,21638,3940,25578,318
2021-12-02,Calaveras,009,45235,4439,4392,62,4454,88
2021-12-02,Colusa,011,21464,2630,2600,684,3284,21
2021-12-02,Contra Costa,013,1133247,102571,101824,2363,104187,1056
2021-12-02,Del Norte,015,27424,3787,3726,56,3782,42
2021-12-02,El Dorado,017,186661,16844,16621,1781,18402,168
2021-12-02,Fresno,019,978130,146425,144734,12690,157424,2270
2021-12-02,Glenn,021,27897,3604,3559,1011,4570,36
2021-12-02,Humboldt,023,135768,9719,9596,690,10286,117
2021-12-02,Imperial,025,180216,35705,35206,3781,38987,776
2021-12-02,Inyo,027,18085,2570,2538,42,2580,46
2021-12-02,Kern,029,883053,133090,131771,24122,155893,1817
2021-12-02,Kings,031,150075,33626,33183,2057,35240,367
2021-12-02,Lake,033,64148,6957,6903,152,7055,113
2021-12-02,Lassen,035,31185,7062,7014,430,7444,51
2021-12-02,Los Angeles,037,10098052,1473727,1463270,56627,1519897,26952
2021-12-02,Madera,039,155013,24438,24188,2284,26472,307
2021-12-02,Marin,041,260295,18292,18075,526,18601,249
2021-12-02,Mariposa,043,17540,1447,1421,59,1480,6
2021-12-02,Mendocino,045,87422,8125,7981,657,8638,91
2021-12-02,Merced,047,269075,43650,43337,2006,45343,671
2021-12-02,Modoc,049,8938,597,591,202,793,6
2021-12-02,Mono,051,14174,1906,1883,22,1905,4
2021-12-02,Monterey,053,433212,49945,48682,3247,51929,626
2021-12-02,Napa,055,140530,13430,13327,123,13450,106
2021-12-02,Nevada,057,99092,9882,9752,349,10101,105
2021-12-02,Orange,059,3164182,315922,313112,16177,329289,5748
2021-12-02,Placer,061,380077,38969,38460,3916,42376,473
2021-12-02,Plumas,063,18699,1944,1903,47,1950,7
2021-12-02,Riverside,065,2383286,376918,371768,16870,388638,5381
2021-12-02,Sacramento,067,1510023,165335,163900,5046,168946,2365
2021-12-02,San Benito,069,59416,7742,7688,185,7873,78
2021-12-02,San Bernardino,071,2135413,367889,364154,11750,375904,5983
2021-12-02,San Diego,073,3302833,391181,386710,22520,409230,4350
2021-12-02,San Francisco,075,870044,55116,54286,2484,56770,674
2021-12-02,San Joaquin,077,732212,103112,102286,5682,107968,1835
2021-12-02,San Luis Obispo,079,281455,30647,30318,1326,31644,360
2021-12-02,San Mateo,081,765935,56089,54774,973,55747,579
2021-12-02,Santa Barbara,083,443738,46509,45774,1700,47474,555
2021-12-02,Santa Clara,085,1922200,153006,151275,1604,152879,1928
2021-12-02,Santa Cruz,087,273765,21557,21286,1046,22332,224
2021-12-02,Shasta,089,179085,22669,22418,3757,26175,414
2021-12-02,Sierra,091,2930,202,196,21,217,0
2021-12-02,Siskiyou,093,43540,3459,3398,1359,4757,57
2021-12-02,Solano,095,438530,47305,46529,1357,47886,360
2021-12-02,Sonoma,097,501317,43249,42778,563,43341,405
2021-12-02,Stanislaus,099,539301,82260,81462,9261,90723,1231
2021-12-02,Sutter,101,95872,14340,14258,397,14655,186
2021-12-02,Tehama,103,63373,8806,8742,1551,10293,131
2021-12-02,Trinity,105,12862,909,801,227,1028,17
2021-12-02,Tulare,107,460477,71067,70014,16305,86319,1100
2021-12-02,Tuolumne,109,53932,7753,7676,111,7787,91
2021-12-02,Ventura,111,848112,100845,99751,4471,104222,1192
2021-12-02,Yolo,113,214977,20589,20442,1261,21703,261
2021-12-02,Yuba,115,75493,10512,10418,382,10800,91
2021-12-01,Alameda,001,1643700,123609,122298,2983,125281,1492
2021-12-01,Alpine,003,1148,108,108,0,108,0
2021-12-01,Amador,005,37829,5769,5723,68,5791,67
2021-12-01,Butte,007,227075,21843,21600,3935,25535,318
2021-12-01,Calaveras,009,45235,4434,4371,62,4433,88
2021-12-01,Colusa,011,21464,2623,2595,681,3276,20
2021-12-01,Contra Costa,013,1133247,102463,101651,2352,104003,1048
2021-12-01,Del Norte,015,27424,3785,3722,56,3778,42
2021-12-01,El Dorado,017,186661,16823,16575,1779,18354,166
2021-12-01,Fresno,019,978130,146219,144507,12681,157188,2264
2021-12-01,Glenn,021,27897,3597,3556,1010,4566,36
2021-12-01,Humboldt,023,135768,9695,9573,685,10258,117
2021-12-01,Imperial,025,180216,35624,35085,3754,38839,776
2021-12-01,Inyo,027,18085,2566,2533,42,2575,46
2021-12-01,Kern,029,883053,132943,131580,24067,155647,1804
2021-12-01,Kings,031,150075,33577,33112,2056,35168,364
2021-12-01,Lake,033,64148,6949,6896,151,7047,112
2021-12-01,Lassen,035,31185,7056,7008,428,7436,51
2021-12-01,Los Angeles,037,10098052,1472142,1461394,56532,1517926,26928
2021-12-01,Madera,039,155013,24406,24134,2275,26409,307
2021-12-01,Marin,041,260295,18255,18038,520,18558,249
2021-12-01,Mariposa,043,17540,1443,1415,59,1474,6
2021-12-01,Mendocino,045,87422,8111,7966,652,8618,90
2021-12-01,Merced,047,269075,43594,43259,1985,45244,670
2021-12-01,Modoc,049,8938,597,576,202,778,5
2021-12-01,Mono,051,14174,1904,1876,22,1898,4
2021-12-01,Monterey,053,433212,49896,48611,3238,51849,626
2021-12-01,Napa,055,140530,13413,13319,120,13439,107
2021-12-01,Nevada,057,99092,9869,9706,349,10055,105
2021-12-01,Orange,059,3164182,315561,312772,16139,328911,5735
2021-12-01,Placer,061,380077,38913,38373,3910,42283,472
2021-12-01,Plumas,063,18699,1940,1893,47,1940,7
2021-12-01,Riverside,065,2383286,376396,371189,16854,388043,5369
2021-12-01,Sacramento,067,1510023,165122,163616,5026,168642,2360
2021-12-01,San Benito,069,59416,7728,7669,185,7854,78
2021-12-01,San Bernardino,071,2135413,367313,363368,11725,375093,5973
2021-12-01,San Diego,073,3302833,390385,386056,22468,408524,4346
2021-12-01,San Francisco,075,870044,55035,54199,2477,56676,672
2021-12-01,San Joaquin,077,732212,103004,102109,5681,107790,1834
2021-12-01,San Luis Obispo,079,281455,30606,30238,1322,31560,360
2021-12-01,San Mateo,081,765935,56007,54711,969,55680,579
2021-12-01,Santa Barbara,083,443738,46439,45681,1698,47379,554
2021-12-01,Santa Clara,085,1922200,152788,150961,1587,152548,1925
2021-12-01,Santa Cruz,087,273765,21527,21191,1045,22236,224
2021-12-01,Shasta,089,179085,22637,22375,3751,26126,410
2021-12-01,Sierra,091,2930,202,195,21,216,0
2021-12-01,Siskiyou,093,43540,3456,3391,1359,4750,55
2021-12-01,Solano,095,438530,47261,46485,1357,47842,360
2021-12-01,Sonoma,097,501317,43176,42713,562,43275,405
2021-12-01,Stanislaus,099,539301,82163,81330,9250,90580,1231
2021-12-01,Sutter,101,95872,14325,14229,396,14625,186
2021-12-01,Tehama,103,63373,8796,8728,1551,10279,130
2021-12-01,Trinity,105,12862,904,801,227,1028,17
2021-12-01,Tulare,107,460477,70989,69953,16265,86218,1098
2021-12-01,Tuolumne,109,53932,7745,7655,111,7766,91
2021-12-01,Ventura,111,848112,100738,99680,4460,104140,1191
2021-12-01,Yolo,113,214977,20561,20393,1261,21654,260
2021-12-01,Yuba,115,75493,10500,10401,381,10782,89
2021-11-30,Alameda,001,1643700,123440,122196,2974,125170,1489
2021-11-30,Alpine,003,1148,108,108,0,108,0
2021-11-30,Amador,005,37829,5761,5716,68,5784,66
2021-11-30,Butte,007,227075,21814,21565,3926,25491,318
2021-11-30,Calaveras,009,45235,4416,4360,62,4422,88
2021-11-30,Colusa,011,21464,2622,2592,681,3273,21
2021-11-30,Contra Costa,013,1133247,102326,101538,2345,103883,1046
2021-11-30,Del Norte,015,27424,3779,3718,56,3774,42
2021-11-30,El Dorado,017,186661,16795,16558,1773,18331,166
2021-11-30,Fresno,019,978130,146022,144384,12673,157057,2259
2021-11-30,Glenn,021,27897,3592,3555,1009,4564,36
2021-11-30,Humboldt,023,135768,9664,9539,679,10218,116
2021-11-30,Imperial,025,180216,35515,34999,3726,38725,773
2021-11-30,Inyo,027,18085,2557,2530,42,2572,46
2021-11-30,Kern,029,883053,132770,131451,24010,155461,1799
2021-11-30,Kings,031,150075,33526,33074,2052,35126,362
2021-11-30,Lake,033,64148,6944,6892,149,7041,110
2021-11-30,Lassen,035,31185,7052,7003,427,7430,51
2021-11-30,Los Angeles,037,10098052,1470356,1460177,56427,1516604,26913
2021-11-30,Madera,039,155013,24372,24108,2270,26378,307
2021-11-30,Marin,041,260295,18211,18010,518,18528,249
2021-11-30,Mariposa,043,17540,1437,1412,59,1471,6
2021-11-30,Mendocino,045,87422,8082,7960,646,8606,89
2021-11-30,Merced,047,269075,43524,43200,1978,45178,668
2021-11-30,Modoc,049,8938,596,576,202,778,5
2021-11-30,Mono,051,14174,1898,1873,22,1895,4
2021-11-30,Monterey,053,433212,49832,48581,3228,51809,626
2021-11-30,Napa,055,140530,13393,13308,120,13428,105
2021-11-30,Nevada,057,99092,9853,9699,348,10047,105
2021-11-30,Orange,059,3164182,315142,312451,16098,328549,5724
2021-11-30,Placer,061,380077,38812,38324,3902,42226,470
2021-11-30,Plumas,063,18699,1935,1887,46,1933,7
2021-11-30,Riverside,065,2383286,375713,370739,16829,387568,5358
2021-11-30,Sacramento,067,1510023,164840,163420,5003,168423,2353
2021-11-30,San Benito,069,59416,7706,7645,184,7829,78
2021-11-30,San Bernardino,071,2135413,366646,363006,11702,374708,5967
2021-11-30,San Diego,073,3302833,389453,385405,22424,407829,4340
2021-11-30,San Francisco,075,870044,54927,54147,2468,56615,672
2021-11-30,San Joaquin,077,732212,102878,101972,5673,107645,1834
2021-11-30,San Luis Obispo,079,281455,30581,30200,1319,31519,360
2021-11-30,San Mateo,081,765935,55907,54656,959,55615,579
2021-11-30,Santa Barbara,083,443738,46343,45628,1692,47320,553
2021-11-30,Santa Clara,085,1922200,152527,150799,1568,152367,1929
2021-11-30,Santa Cruz,087,273765,21468,21169,1041,22210,224
2021-11-30,Shasta,089,179085,22607,22347,3748,26095,401
2021-11-30,Sierra,091,2930,199,195,21,216,0
2021-11-30,Siskiyou,093,43540,3452,3385,1356,4741,55
2021-11-30,Solano,095,438530,47198,46434,1351,47785,358
2021-11-30,Sonoma,097,501317,43098,42663,561,43224,405
2021-11-30,Stanislaus,099,539301,82059,81276,9225,90501,1227
2021-11-30,Sutter,101,95872,14314,14210,393,14603,186
2021-11-30,Tehama,103,63373,8789,8727,1550,10277,130
2021-11-30,Trinity,105,12862,903,799,227,1026,17
2021-11-30,Tulare,107,460477,70900,69900,16219,86119,1099
2021-11-30,Tuolumne,109,53932,7730,7643,111,7754,91
2021-11-30,Ventura,111,848112,100584,99601,4448,104049,1191
2021-11-30,Yolo,113,214977,20521,20376,1255,21631,260
2021-11-30,Yuba,115,75493,10481,10398,376,10774,89
2021-11-29,Alameda,001,1643700,123282,122136,2964,125100,1489
2021-11-29,Alpine,003,1148,108,108,0,108,0
2021-11-29,Amador,005,37829,5754,5706,68,5774,66
2021-11-29,Butte,007,227075,21787,21544,3920,25464,314
2021-11-29,Calaveras,009,45235,4400,4353,62,4415,88
2021-11-29,Colusa,011,21464,2620,2585,678,3263,20
2021-11-29,Contra Costa,013,1133247,102178,101441,2337,103778,1046
2021-11-29,Del Norte,015,27424,3775,3704,56,3760,42
2021-11-29,El Dorado,017,186661,16777,16534,1768,18302,166
2021-11-29,Fresno,019,978130,145818,144282,12657,156939,2254
2021-11-29,Glenn,021,27897,3589,3555,1008,4563,36
2021-11-29,Humboldt,023,135768,9647,9514,672,10186,115
2021-11-29,Imperial,025,180216,35451,34960,3705,38665,773
2021-11-29,Inyo,027,18085,2552,2529,42,2571,46
2021-11-29,Kern,029,883053,132585,131362,23969,155331,1789
2021-11-29,Kings,031,150075,33474,33059,2048,35107,363
2021-11-29,Lake,033,64148,6932,6889,149,7038,110
2021-11-29,Lassen,035,31185,7049,7003,425,7428,51
2021-11-29,Los Angeles,037,10098052,1468510,1459446,56340,1515786,26889
2021-11-29,Madera,039,155013,24334,24069,2262,26331,307
2021-11-29,Marin,041,260295,18164,17980,513,18493,249
2021-11-29,Mariposa,043,17540,1429,1409,59,1468,6
2021-11-29,Mendocino,045,87422,8065,7954,642,8596,89
2021-11-29,Merced,047,269075,43450,43167,1971,45138,667
2021-11-29,Modoc,049,8938,595,569,202,771,5
2021-11-29,Mono,051,14174,1877,1859,22,1881,4
2021-11-29,Monterey,053,433212,49772,48548,3212,51760,626
2021-11-29,Napa,055,140530,13383,13304,120,13424,104
2021-11-29,Nevada,057,99092,9839,9689,348,10037,105
2021-11-29,Orange,059,3164182,314743,312203,16052,328255,5709
2021-11-29,Placer,061,380077,38747,38261,3897,42158,470
2021-11-29,Plumas,063,18699,1932,1884,46,1930,7
2021-11-29,Riverside,065,2383286,375180,370334,16818,387152,5358
2021-11-29,Sacramento,067,1510023,164588,163282,4969,168251,2342
2021-11-29,San Benito,069,59416,7686,7631,183,7814,77
2021-11-29,San Bernardino,071,2135413,366056,362694,11671,374365,5962
2021-11-29,San Diego,073,3302833,388562,384853,22393,407246,4335
2021-11-29,San Francisco,075,870044,54829,54125,2464,56589,669
2021-11-29,San Joaquin,077,732212,102740,101927,5666,107593,1834
2021-11-29,San Luis Obispo,079,281455,30547,30165,1315,31480,359
2021-11-29,San Mateo,081,765935,55805,54622,955,55577,579
2021-11-29,Santa Barbara,083,443738,46246,45576,1688,47264,549
2021-11-29,Santa Clara,085,1922200,152255,150620,1562,152182,1925
2021-11-29,Santa Cruz,087,273765,21430,21149,1039,22188,224
2021-11-29,Shasta,089,179085,22573,22315,3744,26059,399
2021-11-29,Sierra,091,2930,199,195,21,216,0
2021-11-29,Siskiyou,093,43540,3449,3374,1349,4723,55
2021-11-29,Solano,095,438530,47145,46412,1349,47761,357
2021-11-29,Sonoma,097,501317,43023,42624,558,43182,405
2021-11-29,Stanislaus,099,539301,81977,81227,9207,90434,1223
2021-11-29,Sutter,101,95872,14298,14204,390,14594,186
2021-11-29,Tehama,103,63373,8784,8720,1545,10265,130
2021-11-29,Trinity,105,12862,898,798,227,1025,17
2021-11-29,Tulare,107,460477,70823,69850,16184,86034,1096
2021-11-29,Tuolumne,109,53932,7717,7627,110,7737,90
2021-11-29,Ventura,111,848112,100464,99520,4438,103958,1190
2021-11-29,Yolo,113,214977,20477,20344,1252,21596,257
2021-11-29,Yuba,115,75493,10464,10395,375,10770,89
2021-11-28,Alameda,001,1643700,123062,122082,2957,125039,1491
2021-11-28,Alpine,003,1148,108,108,0,108,0
2021-11-28,Amador,005,37829,5744,5703,68,5771,66
2021-11-28,Butte,007,227075,21749,21530,3918,25448,313
2021-11-28,Calaveras,009,45235,4378,4350,62,4412,88
2021-11-28,Colusa,011,21464,2616,2586,677,3263,19
2021-11-28,Contra Costa,013,1133247,102006,101355,2326,103681,1046
2021-11-28,Del Norte,015,27424,3770,3703,56,3759,42
2021-11-28,El Dorado,017,186661,16736,16527,1767,18294,166
2021-11-28,Fresno,019,978130,145573,144164,12637,156801,2252
2021-11-28,Glenn,021,27897,3586,3547,1006,4553,36
2021-11-28,Humboldt,023,135768,9615,9499,668,10167,115
2021-11-28,Imperial,025,180216,35343,34929,3682,38611,773
2021-11-28,Inyo,027,18085,2545,2531,42,2573,46
2021-11-28,Kern,029,883053,132377,131279,23912,155191,1789
2021-11-28,Kings,031,150075,33399,33057,2041,35098,364
2021-11-28,Lake,033,64148,6922,6885,148,7033,110
2021-11-28,Lassen,035,31185,7041,7002,421,7423,51
2021-11-28,Los Angeles,037,10098052,1466341,1458646,56252,1514898,26878
2021-11-28,Madera,039,155013,24286,24055,2255,26310,307
2021-11-28,Marin,041,260295,18115,17962,509,18471,249
2021-11-28,Mariposa,043,17540,1425,1406,59,1465,6
2021-11-28,Mendocino,045,87422,8034,7943,637,8580,89
2021-11-28,Merced,047,269075,43384,43166,1956,45122,667
2021-11-28,Modoc,049,8938,594,569,202,771,5
2021-11-28,Mono,051,14174,1870,1841,22,1863,4
2021-11-28,Monterey,053,433212,49707,48537,3192,51729,626
2021-11-28,Napa,055,140530,13370,13303,120,13423,104
2021-11-28,Nevada,057,99092,9811,9684,347,10031,105
2021-11-28,Orange,059,3164182,314362,312028,16008,328036,5693
2021-11-28,Placer,061,380077,38665,38240,3878,42118,470
2021-11-28,Plumas,063,18699,1926,1884,45,1929,7
2021-11-28,Riverside,065,2383286,374525,370051,16796,386847,5358
2021-11-28,Sacramento,067,1510023,164232,163170,4946,168116,2335
2021-11-28,San Benito,069,59416,7668,7623,182,7805,77
2021-11-28,San Bernardino,071,2135413,365343,362407,11646,374053,5958
2021-11-28,San Diego,073,3302833,387671,383025,22329,405354,4325
2021-11-28,San Francisco,075,870044,54753,54082,2461,56543,669
2021-11-28,San Joaquin,077,732212,102557,101895,5649,107544,1834
2021-11-28,San Luis Obispo,079,281455,30484,30152,1311,31463,358
2021-11-28,San Mateo,081,765935,55710,54567,951,55518,579
2021-11-28,Santa Barbara,083,443738,46167,45551,1677,47228,549
2021-11-28,Santa Clara,085,1922200,151944,150436,1547,151983,1920
2021-11-28,Santa Cruz,087,273765,21359,21110,1038,22148,224
2021-11-28,Shasta,089,179085,22533,22316,3742,26058,400
2021-11-28,Sierra,091,2930,199,195,21,216,0
2021-11-28,Siskiyou,093,43540,3443,3372,1345,4717,55
2021-11-28,Solano,095,438530,47083,46385,1348,47733,356
2021-11-28,Sonoma,097,501317,42937,42583,555,43138,405
2021-11-28,Stanislaus,099,539301,81851,81181,9189,90370,1223
2021-11-28,Sutter,101,95872,14276,14192,384,14576,186
2021-11-28,Tehama,103,63373,8776,8720,1541,10261,130
2021-11-28,Trinity,105,12862,897,797,227,1024,17
2021-11-28,Tulare,107,460477,70728,69833,16130,85963,1095
2021-11-28,Tuolumne,109,53932,7696,7620,110,7730,90
2021-11-28,Ventura,111,848112,100308,99486,4427,103913,1190
2021-11-28,Yolo,113,214977,20436,20333,1251,21584,257
2021-11-28,Yuba,115,75493,10446,10391,373,10764,89
2021-11-27,Alameda,001,1643700,122967,121618,2954,124572,1477
2021-11-27,Alpine,003,1148,108,106,0,106,0
2021-11-27,Amador,005,37829,5743,5670,68,5738,66
2021-11-27,Butte,007,227075,21726,21384,3913,25297,309
2021-11-27,Calaveras,009,45235,4372,4294,62,4356,85
2021-11-27,Colusa,011,21464,2615,2568,675,3243,19
2021-11-27,Contra Costa,013,1133247,101921,100961,2325,103286,1045
2021-11-27,Del Norte,015,27424,3763,3661,56,3717,42
2021-11-27,El Dorado,017,186661,16701,16399,1766,18165,161
2021-11-27,Fresno,019,978130,145464,143386,12632,156018,2246
2021-11-27,Glenn,021,27897,3582,3532,1006,4538,36
2021-11-27,Humboldt,023,135768,9587,9399,666,10065,115
2021-11-27,Imperial,025,180216,35261,34611,3666,38277,769
2021-11-27,Inyo,027,18085,2542,2506,42,2548,45
2021-11-27,Kern,029,883053,132292,130245,23883,154128,1773
2021-11-27,Kings,031,150075,33376,32891,2039,34930,358
2021-11-27,Lake,033,64148,6919,6836,147,6983,110
2021-11-27,Lassen,035,31185,7039,6959,420,7379,47
2021-11-27,Los Angeles,037,10098052,1465337,1454495,56182,1510677,26817
2021-11-27,Madera,039,155013,24266,23880,2251,26131,296
2021-11-27,Marin,041,260295,18077,17857,504,18361,248
2021-11-27,Mariposa,043,17540,1423,1374,59,1433,6
2021-11-27,Mendocino,045,87422,8015,7871,637,8508,89
2021-11-27,Merced,047,269075,43349,42921,1953,44874,664
2021-11-27,Modoc,049,8938,592,551,202,753,5
2021-11-27,Mono,051,14174,1868,1810,22,1832,4
2021-11-27,Monterey,053,433212,49674,48400,3178,51578,625
2021-11-27,Napa,055,140530,13356,13256,120,13376,104
2021-11-27,Nevada,057,99092,9789,9584,346,9930,103
2021-11-27,Orange,059,3164182,314110,310809,15971,326780,5665
2021-11-27,Placer,061,380077,38604,38001,3872,41873,468
2021-11-27,Plumas,063,18699,1922,1860,45,1905,7
2021-11-27,Riverside,065,2383286,374166,367601,16789,384390,5306
2021-11-27,Sacramento,067,1510023,164078,162328,4943,167271,2335
2021-11-27,San Benito,069,59416,7651,7575,182,7757,77
2021-11-27,San Bernardino,071,2135413,364911,360033,11637,371670,5932
2021-11-27,San Diego,073,3302833,387171,382634,22303,404937,4319
2021-11-27,San Francisco,075,870044,54703,53830,2458,56288,669
2021-11-27,San Joaquin,077,732212,102490,101368,5647,107015,1833
2021-11-27,San Luis Obispo,079,281455,30449,29983,1307,31290,358
2021-11-27,San Mateo,081,765935,55654,54360,948,55308,577
2021-11-27,Santa Barbara,083,443738,46113,45318,1675,46993,548
2021-11-27,Santa Clara,085,1922200,151738,149700,1541,151241,1922
2021-11-27,Santa Cruz,087,273765,21319,20929,1035,21964,222
2021-11-27,Shasta,089,179085,22510,22151,3741,25892,396
2021-11-27,Sierra,091,2930,198,194,21,215,0
2021-11-27,Siskiyou,093,43540,3440,3336,1343,4679,54
2021-11-27,Solano,095,438530,47047,46163,1345,47508,356
2021-11-27,Sonoma,097,501317,42874,42368,555,42923,405
2021-11-27,Stanislaus,099,539301,81778,80782,9171,89953,1220
2021-11-27,Sutter,101,95872,14268,14127,383,14510,181
2021-11-27,Tehama,103,63373,8774,8675,1540,10215,129
2021-11-27,Trinity,105,12862,897,789,227,1016,17
2021-11-27,Tulare,107,460477,70676,69377,16114,85491,1082
2021-11-27,Tuolumne,109,53932,7683,7574,110,7684,90
2021-11-27,Ventura,111,848112,100234,99163,4419,103582,1188
2021-11-27,Yolo,113,214977,20415,20237,1242,21479,257
2021-11-27,Yuba,115,75493,10436,10335,373,10708,88
2021-11-26,Alameda,001,1643700,122856,121618,2952,124570,1477
2021-11-26,Alpine,003,1148,108,106,0,106,0
2021-11-26,Amador,005,37829,5739,5670,68,5738,66
2021-11-26,Butte,007,227075,21703,21384,3908,25292,309
2021-11-26,Calaveras,009,45235,4363,4294,62,4356,85
2021-11-26,Colusa,011,21464,2613,2568,674,3242,19
2021-11-26,Contra Costa,013,1133247,101833,100961,2321,103282,1045
2021-11-26,Del Norte,015,27424,3760,3661,56,3717,42
2021-11-26,El Dorado,017,186661,16684,16399,1763,18162,161
2021-11-26,Fresno,019,978130,145332,143386,12623,156009,2246
2021-11-26,Glenn,021,27897,3575,3532,1006,4538,36
2021-11-26,Humboldt,023,135768,9568,9399,662,10061,115
2021-11-26,Imperial,025,180216,35204,34611,3653,38264,769
2021-11-26,Inyo,027,18085,2542,2506,42,2548,45
2021-11-26,Kern,029,883053,132209,130245,23839,154084,1773
2021-11-26,Kings,031,150075,33352,32891,2037,34928,358
2021-11-26,Lake,033,64148,6917,6836,147,6983,110
2021-11-26,Lassen,035,31185,7033,6959,420,7379,47
2021-11-26,Los Angeles,037,10098052,1464495,1454495,56120,1510615,26817
2021-11-26,Madera,039,155013,24239,23880,2249,26129,296
2021-11-26,Marin,041,260295,18048,17857,504,18361,248
2021-11-26,Mariposa,043,17540,1417,1374,58,1432,6
2021-11-26,Mendocino,045,87422,8005,7871,637,8508,89
2021-11-26,Merced,047,269075,43318,42921,1948,44869,664
2021-11-26,Modoc,049,8938,590,551,202,753,5
2021-11-26,Mono,051,14174,1856,1810,22,1832,4
2021-11-26,Monterey,053,433212,49630,48400,3171,51571,625
2021-11-26,Napa,055,140530,13340,13256,120,13376,104
2021-11-26,Nevada,057,99092,9778,9584,346,9930,103
2021-11-26,Orange,059,3164182,313837,310809,15939,326748,5665
2021-11-26,Placer,061,380077,38560,38001,3864,41865,468
2021-11-26,Plumas,063,18699,1917,1860,45,1905,7
2021-11-26,Riverside,065,2383286,373765,367601,16782,384383,5306
2021-11-26,Sacramento,067,1510023,163967,162328,4938,167266,2335
2021-11-26,San Benito,069,59416,7643,7575,182,7757,77
2021-11-26,San Bernardino,071,2135413,364481,360033,11630,371663,5932
2021-11-26,San Diego,073,3302833,386615,382634,22291,404925,4319
2021-11-26,San Francisco,075,870044,54654,53830,2456,56286,669
2021-11-26,San Joaquin,077,732212,102433,101368,5646,107014,1833
2021-11-26,San Luis Obispo,079,281455,30407,29983,1304,31287,358
2021-11-26,San Mateo,081,765935,55592,54360,947,55307,577
2021-11-26,Santa Barbara,083,443738,46066,45318,1674,46992,548
2021-11-26,Santa Clara,085,1922200,151570,149700,1533,151233,1922
2021-11-26,Santa Cruz,087,273765,21279,20929,1035,21964,222
2021-11-26,Shasta,089,179085,22491,22151,3739,25890,396
2021-11-26,Sierra,091,2930,198,194,21,215,0
2021-11-26,Siskiyou,093,43540,3437,3336,1342,4678,54
2021-11-26,Solano,095,438530,47005,46163,1344,47507,356
2021-11-26,Sonoma,097,501317,42823,42368,553,42921,405
2021-11-26,Stanislaus,099,539301,81702,80782,9160,89942,1220
2021-11-26,Sutter,101,95872,14255,14127,382,14509,181
2021-11-26,Tehama,103,63373,8772,8675,1539,10214,129
2021-11-26,Trinity,105,12862,896,789,227,1016,17
2021-11-26,Tulare,107,460477,70633,69377,16082,85459,1082
2021-11-26,Tuolumne,109,53932,7673,7574,110,7684,90
2021-11-26,Ventura,111,848112,100154,99163,4414,103577,1188
2021-11-26,Yolo,113,214977,20394,20237,1236,21473,257
2021-11-26,Yuba,115,75493,10430,10335,373,10708,88
2021-11-25,Alameda,001,1643700,122749,121618,2947,124565,1477
2021-11-25,Alpine,003,1148,108,106,0,106,0
2021-11-25,Amador,005,37829,5731,5670,68,5738,66
2021-11-25,Butte,007,227075,21685,21384,3906,25290,309
2021-11-25,Calaveras,009,45235,4358,4294,62,4356,85
2021-11-25,Colusa,011,21464,2610,2568,672,3240,19
2021-11-25,Contra Costa,013,1133247,101728,100961,2316,103277,1045
2021-11-25,Del Norte,015,27424,3755,3661,56,3717,42
2021-11-25,El Dorado,017,186661,16665,16399,1762,18161,161
2021-11-25,Fresno,019,978130,145199,143386,12616,156002,2246
2021-11-25,Glenn,021,27897,3574,3532,1006,4538,36
2021-11-25,Humboldt,023,135768,9549,9399,659,10058,115
2021-11-25,Imperial,025,180216,35159,34611,3640,38251,769
2021-11-25,Inyo,027,18085,2540,2506,42,2548,45
2021-11-25,Kern,029,883053,132111,130245,23793,154038,1773
2021-11-25,Kings,031,150075,33324,32891,2036,34927,358
2021-11-25,Lake,033,64148,6910,6836,147,6983,110
2021-11-25,Lassen,035,31185,7031,6959,419,7378,47
2021-11-25,Los Angeles,037,10098052,1463533,1454495,56061,1510556,26817
2021-11-25,Madera,039,155013,24204,23880,2248,26128,296
2021-11-25,Marin,041,260295,18021,17857,499,18356,248
2021-11-25,Mariposa,043,17540,1414,1374,58,1432,6
2021-11-25,Mendocino,045,87422,7987,7871,637,8508,89
2021-11-25,Merced,047,269075,43279,42921,1943,44864,664
2021-11-25,Modoc,049,8938,589,551,202,753,5
2021-11-25,Mono,051,14174,1847,1810,22,1832,4
2021-11-25,Monterey,053,433212,49585,48400,3162,51562,625
2021-11-25,Napa,055,140530,13332,13256,120,13376,104
2021-11-25,Nevada,057,99092,9759,9584,343,9927,103
2021-11-25,Orange,059,3164182,313572,310809,15908,326717,5665
2021-11-25,Placer,061,380077,38512,38001,3858,41859,468
2021-11-25,Plumas,063,18699,1915,1860,45,1905,7
2021-11-25,Riverside,065,2383286,373351,367601,16775,384376,5306
2021-11-25,Sacramento,067,1510023,163785,162328,4932,167260,2335
2021-11-25,San Benito,069,59416,7636,7575,182,7757,77
2021-11-25,San Bernardino,071,2135413,364088,360033,11615,371648,5932
2021-11-25,San Diego,073,3302833,386170,382634,22272,404906,4319
2021-11-25,San Francisco,075,870044,54604,53830,2453,56283,669
2021-11-25,San Joaquin,077,732212,102349,101368,5642,107010,1833
2021-11-25,San Luis Obispo,079,281455,30377,29983,1302,31285,358
2021-11-25,San Mateo,081,765935,55543,54360,945,55305,577
2021-11-25,Santa Barbara,083,443738,46027,45318,1672,46990,548
2021-11-25,Santa Clara,085,1922200,151413,149700,1528,151228,1922
2021-11-25,Santa Cruz,087,273765,21247,20929,1035,21964,222
2021-11-25,Shasta,089,179085,22465,22151,3739,25890,396
2021-11-25,Sierra,091,2930,198,194,21,215,0
2021-11-25,Siskiyou,093,43540,3434,3336,1342,4678,54
2021-11-25,Solano,095,438530,46968,46163,1343,47506,356
2021-11-25,Sonoma,097,501317,42766,42368,549,42917,405
2021-11-25,Stanislaus,099,539301,81631,80782,9146,89928,1220
2021-11-25,Sutter,101,95872,14239,14127,381,14508,181
2021-11-25,Tehama,103,63373,8764,8675,1539,10214,129
2021-11-25,Trinity,105,12862,896,789,227,1016,17
2021-11-25,Tulare,107,460477,70568,69377,16055,85432,1082
2021-11-25,Tuolumne,109,53932,7662,7574,110,7684,90
2021-11-25,Ventura,111,848112,100087,99163,4411,103574,1188
2021-11-25,Yolo,113,214977,20365,20237,1232,21469,257
2021-11-25,Yuba,115,75493,10421,10335,372,10707,88
2021-11-24,Alameda,001,1643700,122685,121618,2943,124561,1477
2021-11-24,Alpine,003,1148,108,106,0,106,0
2021-11-24,Amador,005,37829,5721,5670,68,5738,66
2021-11-24,Butte,007,227075,21670,21384,3905,25289,309
2021-11-24,Calaveras,009,45235,4351,4294,62,4356,85
2021-11-24,Colusa,011,21464,2610,2568,671,3239,19
2021-11-24,Contra Costa,013,1133247,101691,100961,2313,103274,1045
2021-11-24,Del Norte,015,27424,3752,3661,56,3717,42
2021-11-24,El Dorado,017,186661,16653,16399,1761,18160,161
2021-11-24,Fresno,019,978130,145144,143386,12616,156002,2246
2021-11-24,Glenn,021,27897,3571,3532,1005,4537,36
2021-11-24,Humboldt,023,135768,9535,9399,659,10058,115
2021-11-24,Imperial,025,180216,35131,34611,3634,38245,769
2021-11-24,Inyo,027,18085,2537,2506,42,2548,45
2021-11-24,Kern,029,883053,132047,130245,23781,154026,1773
2021-11-24,Kings,031,150075,33310,32891,2034,34925,358
2021-11-24,Lake,033,64148,6906,6836,147,6983,110
2021-11-24,Lassen,035,31185,7031,6959,419,7378,47
2021-11-24,Los Angeles,037,10098052,1463049,1454495,56018,1510513,26817
2021-11-24,Madera,039,155013,24181,23880,2242,26122,296
2021-11-24,Marin,041,260295,18009,17857,497,18354,248
2021-11-24,Mariposa,043,17540,1414,1374,58,1432,6
2021-11-24,Mendocino,045,87422,7975,7871,637,8508,89
2021-11-24,Merced,047,269075,43247,42921,1940,44861,664
2021-11-24,Modoc,049,8938,589,551,202,753,5
2021-11-24,Mono,051,14174,1847,1810,22,1832,4
2021-11-24,Monterey,053,433212,49572,48400,3160,51560,625
2021-11-24,Napa,055,140530,13328,13256,120,13376,104
2021-11-24,Nevada,057,99092,9744,9584,343,9927,103
2021-11-24,Orange,059,3164182,313416,310809,15895,326704,5665
2021-11-24,Placer,061,380077,38479,38001,3856,41857,468
2021-11-24,Plumas,063,18699,1913,1860,45,1905,7
2021-11-24,Riverside,065,2383286,373171,367601,16769,384370,5306
2021-11-24,Sacramento,067,1510023,163712,162328,4932,167260,2335
2021-11-24,San Benito,069,59416,7634,7575,182,7757,77
2021-11-24,San Bernardino,071,2135413,363879,360033,11604,371637,5932
2021-11-24,San Diego,073,3302833,385915,382634,22259,404893,4319
2021-11-24,San Francisco,075,870044,54573,53830,2451,56281,669
2021-11-24,San Joaquin,077,732212,102308,101368,5639,107007,1833
2021-11-24,San Luis Obispo,079,281455,30359,29983,1302,31285,358
2021-11-24,San Mateo,081,765935,55513,54360,944,55304,577
2021-11-24,Santa Barbara,083,443738,46000,45318,1672,46990,548
2021-11-24,Santa Clara,085,1922200,151317,149700,1528,151228,1922
2021-11-24,Santa Cruz,087,273765,21223,20929,1034,21963,222
2021-11-24,Shasta,089,179085,22454,22151,3736,25887,396
2021-11-24,Sierra,091,2930,198,194,21,215,0
2021-11-24,Siskiyou,093,43540,3432,3336,1342,4678,54
2021-11-24,Solano,095,438530,46940,46163,1341,47504,356
2021-11-24,Sonoma,097,501317,42735,42368,547,42915,405
2021-11-24,Stanislaus,099,539301,81593,80782,9141,89923,1220
2021-11-24,Sutter,101,95872,14226,14127,379,14506,181
2021-11-24,Tehama,103,63373,8761,8675,1538,10213,129
2021-11-24,Trinity,105,12862,896,789,227,1016,17
2021-11-24,Tulare,107,460477,70544,69377,16036,85413,1082
2021-11-24,Tuolumne,109,53932,7658,7574,110,7684,90
2021-11-24,Ventura,111,848112,100052,99163,4407,103570,1188
2021-11-24,Yolo,113,214977,20357,20237,1231,21468,257
2021-11-24,Yuba,115,75493,10417,10335,371,10706,88
2021-11-23,Alameda,001,1643700,122569,121618,2935,124553,1477
2021-11-23,Alpine,003,1148,108,106,0,106,0
2021-11-23,Amador,005,37829,5714,5670,68,5738,66
2021-11-23,Butte,007,227075,21641,21384,3901,25285,309
2021-11-23,Calaveras,009,45235,4345,4294,61,4355,85
2021-11-23,Colusa,011,21464,2606,2568,669,3237,19
2021-11-23,Contra Costa,013,1133247,101585,100961,2311,103272,1045
2021-11-23,Del Norte,015,27424,3749,3661,56,3717,42
2021-11-23,El Dorado,017,186661,16621,16399,1758,18157,161
2021-11-23,Fresno,019,978130,145008,143386,12606,155992,2246
2021-11-23,Glenn,021,27897,3565,3532,1005,4537,36
2021-11-23,Humboldt,023,135768,9513,9399,656,10055,115
2021-11-23,Imperial,025,180216,35062,34611,3614,38225,769
2021-11-23,Inyo,027,18085,2533,2506,42,2548,45
2021-11-23,Kern,029,883053,131941,130245,23732,153977,1773
2021-11-23,Kings,031,150075,33269,32891,2033,34924,358
2021-11-23,Lake,033,64148,6901,6836,147,6983,110
2021-11-23,Lassen,035,31185,7027,6959,416,7375,47
2021-11-23,Los Angeles,037,10098052,1462035,1454495,55956,1510451,26817
2021-11-23,Madera,039,155013,24155,23880,2240,26120,296
2021-11-23,Marin,041,260295,17978,17857,493,18350,248
2021-11-23,Mariposa,043,17540,1411,1374,58,1432,6
2021-11-23,Mendocino,045,87422,7954,7871,634,8505,89
2021-11-23,Merced,047,269075,43209,42921,1939,44860,664
2021-11-23,Modoc,049,8938,587,551,202,753,5
2021-11-23,Mono,051,14174,1836,1810,22,1832,4
2021-11-23,Monterey,053,433212,49536,48400,3154,51554,625
2021-11-23,Napa,055,140530,13319,13256,120,13376,104
2021-11-23,Nevada,057,99092,9715,9584,342,9926,103
2021-11-23,Orange,059,3164182,313166,310809,15858,326667,5665
2021-11-23,Placer,061,380077,38421,38001,3839,41840,468
2021-11-23,Plumas,063,18699,1909,1860,45,1905,7
2021-11-23,Riverside,065,2383286,372788,367601,16756,384357,5306
2021-11-23,Sacramento,067,1510023,163528,162328,4920,167248,2335
2021-11-23,San Benito,069,59416,7625,7575,180,7755,77
2021-11-23,San Bernardino,071,2135413,363467,360033,11590,371623,5932
2021-11-23,San Diego,073,3302833,385426,382634,22236,404870,4319
2021-11-23,San Francisco,075,870044,54513,53830,2448,56278,669
2021-11-23,San Joaquin,077,732212,102202,101368,5629,106997,1833
2021-11-23,San Luis Obispo,079,281455,30325,29983,1299,31282,358
2021-11-23,San Mateo,081,765935,55463,54360,943,55303,577
2021-11-23,Santa Barbara,083,443738,45948,45318,1672,46990,548
2021-11-23,Santa Clara,085,1922200,151104,149700,1516,151216,1922
2021-11-23,Santa Cruz,087,273765,21185,20929,1034,21963,222
2021-11-23,Shasta,089,179085,22418,22151,3734,25885,396
2021-11-23,Sierra,091,2930,198,194,21,215,0
2021-11-23,Siskiyou,093,43540,3427,3336,1341,4677,54
2021-11-23,Solano,095,438530,46886,46163,1337,47500,356
2021-11-23,Sonoma,097,501317,42684,42368,544,42912,405
2021-11-23,Stanislaus,099,539301,81523,80782,9128,89910,1220
2021-11-23,Sutter,101,95872,14210,14127,378,14505,181
2021-11-23,Tehama,103,63373,8748,8675,1537,10212,129
2021-11-23,Trinity,105,12862,895,789,227,1016,17
2021-11-23,Tulare,107,460477,70497,69377,16006,85383,1082
2021-11-23,Tuolumne,109,53932,7646,7574,110,7684,90
2021-11-23,Ventura,111,848112,99969,99163,4401,103564,1188
2021-11-23,Yolo,113,214977,20336,20237,1223,21460,257
2021-11-23,Yuba,115,75493,10405,10335,371,10706,88
2021-11-22,Alameda,001,1643700,122456,121566,2932,124498,1475
2021-11-22,Alpine,003,1148,108,106,0,106,0
2021-11-22,Amador,005,37829,5701,5670,68,5738,66
2021-11-22,Butte,007,227075,21602,21363,3895,25258,305
2021-11-22,Calaveras,009,45235,4333,4294,61,4355,84
2021-11-22,Colusa,011,21464,2603,2565,669,3234,19
2021-11-22,Contra Costa,013,1133247,101499,100877,2306,103183,1045
2021-11-22,Del Norte,015,27424,3746,3659,56,3715,42
2021-11-22,El Dorado,017,186661,16598,16378,1755,18133,161
2021-11-22,Fresno,019,978130,144876,143290,12600,155890,2243
2021-11-22,Glenn,021,27897,3560,3530,1004,4534,36
2021-11-22,Humboldt,023,135768,9486,9389,651,10040,115
2021-11-22,Imperial,025,180216,35001,34562,3600,38162,766
2021-11-22,Inyo,027,18085,2527,2501,42,2543,44
2021-11-22,Kern,029,883053,131779,130091,23681,153772,1762
2021-11-22,Kings,031,150075,33233,32867,2028,34895,358
2021-11-22,Lake,033,64148,6896,6837,147,6984,110
2021-11-22,Lassen,035,31185,7026,6954,415,7369,47
2021-11-22,Los Angeles,037,10098052,1460967,1453945,55878,1509823,26800
2021-11-22,Madera,039,155013,24121,23872,2233,26105,296
2021-11-22,Marin,041,260295,17947,17842,491,18333,248
2021-11-22,Mariposa,043,17540,1407,1372,58,1430,6
2021-11-22,Mendocino,045,87422,7938,7859,633,8492,89
2021-11-22,Merced,047,269075,43158,42898,1928,44826,660
2021-11-22,Modoc,049,8938,586,551,202,753,5
2021-11-22,Mono,051,14174,1824,1809,22,1831,4
2021-11-22,Monterey,053,433212,49509,48374,3150,51524,611
2021-11-22,Napa,055,140530,13311,13255,119,13374,104
2021-11-22,Nevada,057,99092,9696,9575,340,9915,96
2021-11-22,Orange,059,3164182,312923,310654,15832,326486,5663
2021-11-22,Placer,061,380077,38376,37956,3831,41787,465
2021-11-22,Plumas,063,18699,1906,1858,45,1903,7
2021-11-22,Riverside,065,2383286,372352,367301,16746,384047,5283
2021-11-22,Sacramento,067,1510023,163335,162222,4911,167133,2328
2021-11-22,San Benito,069,59416,7605,7567,180,7747,77
2021-11-22,San Bernardino,071,2135413,363056,359851,11580,371431,5916
2021-11-22,San Diego,073,3302833,384931,382132,22212,404344,4317
2021-11-22,San Francisco,075,870044,54421,53778,2442,56220,669
2021-11-22,San Joaquin,077,732212,102077,101299,5624,106923,1833
2021-11-22,San Luis Obispo,079,281455,30298,29963,1298,31261,358
2021-11-22,San Mateo,081,765935,55406,54330,941,55271,577
2021-11-22,Santa Barbara,083,443738,45873,45279,1672,46951,546
2021-11-22,Santa Clara,085,1922200,150918,149541,1506,151047,1919
2021-11-22,Santa Cruz,087,273765,21144,20891,1034,21925,222
2021-11-22,Shasta,089,179085,22404,22116,3729,25845,393
2021-11-22,Sierra,091,2930,198,193,21,214,0
2021-11-22,Siskiyou,093,43540,3422,3336,1339,4675,54
2021-11-22,Solano,095,438530,46838,46153,1335,47488,356
2021-11-22,Sonoma,097,501317,42623,42344,543,42887,404
2021-11-22,Stanislaus,099,539301,81434,80718,9119,89837,1209
2021-11-22,Sutter,101,95872,14194,14125,376,14501,181
2021-11-22,Tehama,103,63373,8741,8669,1532,10201,127
2021-11-22,Trinity,105,12862,894,785,227,1012,17
2021-11-22,Tulare,107,460477,70434,69314,15971,85285,1075
2021-11-22,Tuolumne,109,53932,7631,7567,110,7677,90
2021-11-22,Ventura,111,848112,99903,99114,4398,103512,1186
2021-11-22,Yolo,113,214977,20313,20227,1221,21448,257
2021-11-22,Yuba,115,75493,10396,10332,370,10702,88
2021-11-21,Alameda,001,1643700,122329,121443,2928,124371,1475
2021-11-21,Alpine,003,1148,106,106,0,106,0
2021-11-21,Amador,005,37829,5696,5662,67,5729,66
2021-11-21,Butte,007,227075,21561,21342,3890,25232,306
2021-11-21,Calaveras,009,45235,4324,4287,61,4348,84
2021-11-21,Colusa,011,21464,2599,2562,668,3230,19
2021-11-21,Contra Costa,013,1133247,101397,100807,2300,103107,1045
2021-11-21,Del Norte,015,27424,3742,3659,56,3715,42
2021-11-21,El Dorado,017,186661,16571,16370,1749,18119,161
2021-11-21,Fresno,019,978130,144710,143203,12586,155789,2242
2021-11-21,Glenn,021,27897,3557,3529,1004,4533,36
2021-11-21,Humboldt,023,135768,9464,9378,650,10028,115
2021-11-21,Imperial,025,180216,34912,34527,3588,38115,766
2021-11-21,Inyo,027,18085,2520,2501,42,2543,44
2021-11-21,Kern,029,883053,131615,130020,23635,153655,1762
2021-11-21,Kings,031,150075,33196,32843,2024,34867,356
2021-11-21,Lake,033,64148,6889,6834,147,6981,110
2021-11-21,Lassen,035,31185,7017,6953,415,7368,47
2021-11-21,Los Angeles,037,10098052,1459899,1453181,55830,1509011,26793
2021-11-21,Madera,039,155013,24095,23856,2228,26084,296
2021-11-21,Marin,041,260295,17918,17829,488,18317,248
2021-11-21,Mariposa,043,17540,1406,1371,57,1428,6
2021-11-21,Mendocino,045,87422,7932,7846,630,8476,89
2021-11-21,Merced,047,269075,43103,42881,1924,44805,660
2021-11-21,Modoc,049,8938,582,551,202,753,5
2021-11-21,Mono,051,14174,1815,1799,21,1820,4
2021-11-21,Monterey,053,433212,49463,48358,3141,51499,611
2021-11-21,Napa,055,140530,13298,13250,119,13369,104
2021-11-21,Nevada,057,99092,9670,9556,339,9895,96
2021-11-21,Orange,059,3164182,312666,310477,15799,326276,5663
2021-11-21,Placer,061,380077,38294,37929,3830,41759,465
2021-11-21,Plumas,063,18699,1905,1858,45,1903,7
2021-11-21,Riverside,065,2383286,371864,367093,16738,383831,5283
2021-11-21,Sacramento,067,1510023,163115,162087,4901,166988,2327
2021-11-21,San Benito,069,59416,7591,7563,179,7742,77
2021-11-21,San Bernardino,071,2135413,362574,359621,11545,371166,5912
2021-11-21,San Diego,073,3302833,384393,380747,22187,402934,4317
2021-11-21,San Francisco,075,870044,54352,53741,2436,56177,669
2021-11-21,San Joaquin,077,732212,101972,101264,5611,106875,1833
2021-11-21,San Luis Obispo,079,281455,30260,29948,1298,31246,358
2021-11-21,San Mateo,081,765935,55355,54290,939,55229,577
2021-11-21,Santa Barbara,083,443738,45812,45237,1669,46906,546
2021-11-21,Santa Clara,085,1922200,150712,149387,1486,150873,1918
2021-11-21,Santa Cruz,087,273765,21100,20866,1032,21898,222
2021-11-21,Shasta,089,179085,22373,22112,3727,25839,393
2021-11-21,Sierra,091,2930,198,193,21,214,0
2021-11-21,Siskiyou,093,43540,3417,3333,1338,4671,54
2021-11-21,Solano,095,438530,46783,46122,1328,47450,356
2021-11-21,Sonoma,097,501317,42563,42298,542,42840,404
2021-11-21,Stanislaus,099,539301,81336,80687,9107,89794,1209
2021-11-21,Sutter,101,95872,14180,14111,376,14487,181
2021-11-21,Tehama,103,63373,8735,8669,1531,10200,127
2021-11-21,Trinity,105,12862,892,784,225,1009,17
2021-11-21,Tulare,107,460477,70352,69285,15933,85218,1075
2021-11-21,Tuolumne,109,53932,7623,7560,109,7669,90
2021-11-21,Ventura,111,848112,99812,99081,4394,103475,1186
2021-11-21,Yolo,113,214977,20286,20209,1218,21427,257
2021-11-21,Yuba,115,75493,10387,10326,370,10696,88
2021-11-20,Alameda,001,1643700,122234,121059,2922,123981,1473
2021-11-20,Alpine,003,1148,106,105,0,105,0
2021-11-20,Amador,005,37829,5690,5652,66,5718,66
2021-11-20,Butte,007,227075,21545,21265,3886,25151,300
2021-11-20,Calaveras,009,45235,4315,4268,61,4329,84
2021-11-20,Colusa,011,21464,2598,2549,667,3216,19
2021-11-20,Contra Costa,013,1133247,101319,100491,2296,102787,1043
2021-11-20,Del Norte,015,27424,3739,3637,56,3693,42
2021-11-20,El Dorado,017,186661,16549,16308,1747,18055,161
2021-11-20,Fresno,019,978130,144639,142579,12579,155158,2233
2021-11-20,Glenn,021,27897,3557,3526,1003,4529,35
2021-11-20,Humboldt,023,135768,9451,9302,648,9950,115
2021-11-20,Imperial,025,180216,34859,34312,3582,37894,766
2021-11-20,Inyo,027,18085,2519,2467,42,2509,44
2021-11-20,Kern,029,883053,131515,129488,23598,153086,1750
2021-11-20,Kings,031,150075,33186,32720,2024,34744,354
2021-11-20,Lake,033,64148,6886,6808,147,6955,110
2021-11-20,Lassen,035,31185,7016,6931,415,7346,47
2021-11-20,Los Angeles,037,10098052,1459285,1448963,55784,1504747,26741
2021-11-20,Madera,039,155013,24083,23720,2225,25945,296
2021-11-20,Marin,041,260295,17903,17774,488,18262,248
2021-11-20,Mariposa,043,17540,1405,1354,57,1411,6
2021-11-20,Mendocino,045,87422,7924,7773,630,8403,89
2021-11-20,Merced,047,269075,43078,42692,1924,44616,656
2021-11-20,Modoc,049,8938,581,550,202,752,5
2021-11-20,Mono,051,14174,1815,1767,21,1788,4
2021-11-20,Monterey,053,433212,49450,48260,3133,51393,609
2021-11-20,Napa,055,140530,13295,13184,119,13303,103
2021-11-20,Nevada,057,99092,9654,9480,339,9819,92
2021-11-20,Orange,059,3164182,312468,309672,15782,325454,5658
2021-11-20,Placer,061,380077,38253,37800,3825,41625,462
2021-11-20,Plumas,063,18699,1901,1841,45,1886,7
2021-11-20,Riverside,065,2383286,371592,365809,16725,382534,5265
2021-11-20,Sacramento,067,1510023,163012,161533,4897,166430,2316
2021-11-20,San Benito,069,59416,7587,7533,179,7712,77
2021-11-20,San Bernardino,071,2135413,362302,358322,11534,369856,5897
2021-11-20,San Diego,073,3302833,384060,380147,22161,402308,4311
2021-11-20,San Francisco,075,870044,54314,53525,2435,55960,669
2021-11-20,San Joaquin,077,732212,101922,100922,5606,106528,1832
2021-11-20,San Luis Obispo,079,281455,30245,29815,1297,31112,355
2021-11-20,San Mateo,081,765935,55320,54132,938,55070,577
2021-11-20,Santa Barbara,083,443738,45780,45074,1669,46743,544
2021-11-20,Santa Clara,085,1922200,150607,148829,1485,150314,1917
2021-11-20,Santa Cruz,087,273765,21081,20756,1032,21788,222
2021-11-20,Shasta,089,179085,22349,21968,3726,25694,383
2021-11-20,Sierra,091,2930,198,191,21,212,0
2021-11-20,Siskiyou,093,43540,3414,3313,1338,4651,54
2021-11-20,Solano,095,438530,46762,46006,1328,47334,356
2021-11-20,Sonoma,097,501317,42532,42151,542,42693,403
2021-11-20,Stanislaus,099,539301,81289,80412,9103,89515,1205
2021-11-20,Sutter,101,95872,14172,14074,376,14450,181
2021-11-20,Tehama,103,63373,8730,8648,1531,10179,125
2021-11-20,Trinity,105,12862,888,771,225,996,17
2021-11-20,Tulare,107,460477,70315,69074,15912,84986,1054
2021-11-20,Tuolumne,109,53932,7614,7511,109,7620,90
2021-11-20,Ventura,111,848112,99763,98893,4387,103280,1186
2021-11-20,Yolo,113,214977,20279,20139,1214,21353,257
2021-11-20,Yuba,115,75493,10381,10290,369,10659,88
2021-11-19,Alameda,001,1643700,122160,121059,2919,123978,1473
2021-11-19,Alpine,003,1148,106,105,0,105,0
2021-11-19,Amador,005,37829,5680,5652,66,5718,66
2021-11-19,Butte,007,227075,21522,21265,3879,25144,300
2021-11-19,Calaveras,009,45235,4308,4268,61,4329,84
2021-11-19,Colusa,011,21464,2596,2549,666,3215,19
2021-11-19,Contra Costa,013,1133247,101263,100491,2291,102782,1043
2021-11-19,Del Norte,015,27424,3734,3637,56,3693,42
2021-11-19,El Dorado,017,186661,16528,16308,1745,18053,161
2021-11-19,Fresno,019,978130,144524,142579,12575,155154,2233
2021-11-19,Glenn,021,27897,3556,3526,1002,4528,35
2021-11-19,Humboldt,023,135768,9438,9302,645,9947,115
2021-11-19,Imperial,025,180216,34820,34312,3575,37887,766
2021-11-19,Inyo,027,18085,2515,2467,42,2509,44
2021-11-19,Kern,029,883053,131411,129488,23556,153044,1750
2021-11-19,Kings,031,150075,33160,32720,2022,34742,354
2021-11-19,Lake,033,64148,6883,6808,147,6955,110
2021-11-19,Lassen,035,31185,7012,6931,414,7345,47
2021-11-19,Los Angeles,037,10098052,1458604,1448963,55729,1504692,26741
2021-11-19,Madera,039,155013,24062,23720,2221,25941,296
2021-11-19,Marin,041,260295,17884,17774,486,18260,248
2021-11-19,Mariposa,043,17540,1403,1354,57,1411,6
2021-11-19,Mendocino,045,87422,7904,7773,630,8403,89
2021-11-19,Merced,047,269075,43052,42692,1923,44615,656
2021-11-19,Modoc,049,8938,580,550,202,752,5
2021-11-19,Mono,051,14174,1806,1767,21,1788,4
2021-11-19,Monterey,053,433212,49428,48260,3133,51393,609
2021-11-19,Napa,055,140530,13285,13184,118,13302,103
2021-11-19,Nevada,057,99092,9641,9480,339,9819,92
2021-11-19,Orange,059,3164182,312313,309672,15757,325429,5658
2021-11-19,Placer,061,380077,38216,37800,3821,41621,462
2021-11-19,Plumas,063,18699,1897,1841,45,1886,7
2021-11-19,Riverside,065,2383286,371319,365809,16721,382530,5265
2021-11-19,Sacramento,067,1510023,162890,161533,4893,166426,2316
2021-11-19,San Benito,069,59416,7581,7533,177,7710,77
2021-11-19,San Bernardino,071,2135413,361986,358322,11525,369847,5897
2021-11-19,San Diego,073,3302833,383660,380147,22134,402281,4311
2021-11-19,San Francisco,075,870044,54276,53525,2435,55960,669
2021-11-19,San Joaquin,077,732212,101865,100922,5602,106524,1832
2021-11-19,San Luis Obispo,079,281455,30227,29815,1295,31110,355
2021-11-19,San Mateo,081,765935,55271,54132,934,55066,577
2021-11-19,Santa Barbara,083,443738,45744,45074,1669,46743,544
2021-11-19,Santa Clara,085,1922200,150459,148829,1482,150311,1917
2021-11-19,Santa Cruz,087,273765,21054,20756,1029,21785,222
2021-11-19,Shasta,089,179085,22337,21968,3725,25693,383
2021-11-19,Sierra,091,2930,198,191,21,212,0
2021-11-19,Siskiyou,093,43540,3411,3313,1338,4651,54
2021-11-19,Solano,095,438530,46732,46006,1324,47330,356
2021-11-19,Sonoma,097,501317,42499,42151,539,42690,403
2021-11-19,Stanislaus,099,539301,81230,80412,9093,89505,1205
2021-11-19,Sutter,101,95872,14170,14074,376,14450,181
2021-11-19,Tehama,103,63373,8727,8648,1531,10179,125
2021-11-19,Trinity,105,12862,886,771,225,996,17
2021-11-19,Tulare,107,460477,70276,69074,15883,84957,1054
2021-11-19,Tuolumne,109,53932,7603,7511,109,7620,90
2021-11-19,Ventura,111,848112,99697,98893,4383,103276,1186
2021-11-19,Yolo,113,214977,20270,20139,1211,21350,257
2021-11-19,Yuba,115,75493,10378,10290,369,10659,88
2021-11-18,Alameda,001,1643700,122038,121059,2911,123970,1473
2021-11-18,Alpine,003,1148,106,105,0,105,0
2021-11-18,Amador,005,37829,5678,5652,66,5718,66
2021-11-18,Butte,007,227075,21505,21265,3872,25137,300
2021-11-18,Calaveras,009,45235,4301,4268,60,4328,84
2021-11-18,Colusa,011,21464,2588,2549,666,3215,19
2021-11-18,Contra Costa,013,1133247,101161,100491,2283,102774,1043
2021-11-18,Del Norte,015,27424,3731,3637,56,3693,42
2021-11-18,El Dorado,017,186661,16509,16308,1742,18050,161
2021-11-18,Fresno,019,978130,144386,142579,12566,155145,2233
2021-11-18,Glenn,021,27897,3555,3526,1001,4527,35
2021-11-18,Humboldt,023,135768,9422,9302,640,9942,115
2021-11-18,Imperial,025,180216,34765,34312,3559,37871,766
2021-11-18,Inyo,027,18085,2507,2467,42,2509,44
2021-11-18,Kern,029,883053,131267,129488,23508,152996,1750
2021-11-18,Kings,031,150075,33123,32720,2019,34739,354
2021-11-18,Lake,033,64148,6878,6808,147,6955,110
2021-11-18,Lassen,035,31185,7009,6931,409,7340,47
2021-11-18,Los Angeles,037,10098052,1457627,1448963,55665,1504628,26741
2021-11-18,Madera,039,155013,24037,23720,2218,25938,296
2021-11-18,Marin,041,260295,17867,17774,482,18256,248
2021-11-18,Mariposa,043,17540,1400,1354,57,1411,6
2021-11-18,Mendocino,045,87422,7882,7773,621,8394,89
2021-11-18,Merced,047,269075,42995,42692,1921,44613,656
2021-11-18,Modoc,049,8938,569,550,202,752,5
2021-11-18,Mono,051,14174,1794,1767,21,1788,4
2021-11-18,Monterey,053,433212,49403,48260,3128,51388,609
2021-11-18,Napa,055,140530,13273,13184,117,13301,103
2021-11-18,Nevada,057,99092,9617,9480,339,9819,92
2021-11-18,Orange,059,3164182,312077,309672,15738,325410,5658
2021-11-18,Placer,061,380077,38172,37800,3810,41610,462
2021-11-18,Plumas,063,18699,1896,1841,45,1886,7
2021-11-18,Riverside,065,2383286,370948,365809,16708,382517,5265
2021-11-18,Sacramento,067,1510023,162661,161533,4878,166411,2316
2021-11-18,San Benito,069,59416,7571,7533,177,7710,77
2021-11-18,San Bernardino,071,2135413,361558,358322,11506,369828,5897
2021-11-18,San Diego,073,3302833,383155,380147,22118,402265,4311
2021-11-18,San Francisco,075,870044,54224,53525,2431,55956,669
2021-11-18,San Joaquin,077,732212,101772,100922,5593,106515,1832
2021-11-18,San Luis Obispo,079,281455,30197,29815,1294,31109,355
2021-11-18,San Mateo,081,765935,55213,54132,931,55063,577
2021-11-18,Santa Barbara,083,443738,45699,45074,1662,46736,544
2021-11-18,Santa Clara,085,1922200,150272,148829,1474,150303,1917
2021-11-18,Santa Cruz,087,273765,21003,20756,1028,21784,222
2021-11-18,Shasta,089,179085,22301,21968,3720,25688,383
2021-11-18,Sierra,091,2930,197,191,21,212,0
2021-11-18,Siskiyou,093,43540,3411,3313,1334,4647,54
2021-11-18,Solano,095,438530,46690,46006,1321,47327,356
2021-11-18,Sonoma,097,501317,42451,42151,537,42688,403
2021-11-18,Stanislaus,099,539301,81163,80412,9086,89498,1205
2021-11-18,Sutter,101,95872,14159,14074,375,14449,181
2021-11-18,Tehama,103,63373,8722,8648,1531,10179,125
2021-11-18,Trinity,105,12862,885,771,225,996,17
2021-11-18,Tulare,107,460477,70205,69074,15835,84909,1054
2021-11-18,Tuolumne,109,53932,7594,7511,109,7620,90
2021-11-18,Ventura,111,848112,99619,98893,4379,103272,1186
2021-11-18,Yolo,113,214977,20253,20139,1206,21345,257
2021-11-18,Yuba,115,75493,10372,10290,369,10659,88
2021-11-17,Alameda,001,1643700,121915,120913,2910,123823,1472
2021-11-17,Alpine,003,1148,106,105,0,105,0
2021-11-17,Amador,005,37829,5671,5646,66,5712,66
2021-11-17,Butte,007,227075,21479,21230,3869,25099,300
2021-11-17,Calaveras,009,45235,4294,4259,60,4319,84
2021-11-17,Colusa,011,21464,2585,2546,665,3211,19
2021-11-17,Contra Costa,013,1133247,101069,100387,2279,102666,1039
2021-11-17,Del Norte,015,27424,3728,3630,56,3686,42
2021-11-17,El Dorado,017,186661,16490,16269,1741,18010,161
2021-11-17,Fresno,019,978130,144205,142366,12553,154919,2230
2021-11-17,Glenn,021,27897,3554,3527,1000,4527,34
2021-11-17,Humboldt,023,135768,9411,9270,637,9907,115
2021-11-17,Imperial,025,180216,34709,34256,3537,37793,766
2021-11-17,Inyo,027,18085,2501,2457,42,2499,44
2021-11-17,Kern,029,883053,131095,129307,23465,152772,1743
2021-11-17,Kings,031,150075,33095,32669,2015,34684,352
2021-11-17,Lake,033,64148,6874,6795,146,6941,110
2021-11-17,Lassen,035,31185,7007,6918,409,7327,47
2021-11-17,Los Angeles,037,10098052,1456526,1447947,55599,1503546,26721
2021-11-17,Madera,039,155013,24003,23673,2217,25890,287
2021-11-17,Marin,041,260295,17848,17757,480,18237,248
2021-11-17,Mariposa,043,17540,1396,1353,57,1410,6
2021-11-17,Mendocino,045,87422,7874,7735,620,8355,89
2021-11-17,Merced,047,269075,42934,42612,1918,44530,654
2021-11-17,Modoc,049,8938,565,540,202,742,5
2021-11-17,Mono,051,14174,1792,1765,21,1786,5
2021-11-17,Monterey,053,433212,49354,48221,3117,51338,609
2021-11-17,Napa,055,140530,13249,13167,117,13284,103
2021-11-17,Nevada,057,99092,9604,9447,339,9786,92
2021-11-17,Orange,059,3164182,311835,309396,15704,325100,5651
2021-11-17,Placer,061,380077,38123,37725,3801,41526,460
2021-11-17,Plumas,063,18699,1892,1833,45,1878,7
2021-11-17,Riverside,065,2383286,370537,365406,16695,382101,5229
2021-11-17,Sacramento,067,1510023,162490,161269,4870,166139,2302
2021-11-17,San Benito,069,59416,7564,7524,177,7701,77
2021-11-17,San Bernardino,071,2135413,361200,357947,11490,369437,5893
2021-11-17,San Diego,073,3302833,382657,379769,22091,401860,4301
2021-11-17,San Francisco,075,870044,54169,53469,2428,55897,667
2021-11-17,San Joaquin,077,732212,101669,100764,5588,106352,1828
2021-11-17,San Luis Obispo,079,281455,30171,29731,1291,31022,354
2021-11-17,San Mateo,081,765935,55145,54092,928,55020,577
2021-11-17,Santa Barbara,083,443738,45661,45000,1662,46662,542
2021-11-17,Santa Clara,085,1922200,150109,148626,1466,150092,1915
2021-11-17,Santa Cruz,087,273765,20968,20700,1028,21728,222
2021-11-17,Shasta,089,179085,22268,21883,3718,25601,382
2021-11-17,Sierra,091,2930,196,189,21,210,0
2021-11-17,Siskiyou,093,43540,3407,3307,1331,4638,54
2021-11-17,Solano,095,438530,46657,45948,1320,47268,353
2021-11-17,Sonoma,097,501317,42405,42093,534,42627,403
2021-11-17,Stanislaus,099,539301,81073,80276,9076,89352,1199
2021-11-17,Sutter,101,95872,14145,14064,373,14437,181
2021-11-17,Tehama,103,63373,8713,8633,1528,10161,125
2021-11-17,Trinity,105,12862,884,765,225,990,17
2021-11-17,Tulare,107,460477,70134,68977,15809,84786,1047
2021-11-17,Tuolumne,109,53932,7578,7485,109,7594,90
2021-11-17,Ventura,111,848112,99558,98812,4373,103185,1183
2021-11-17,Yolo,113,214977,20234,20100,1203,21303,257
2021-11-17,Yuba,115,75493,10360,10275,365,10640,88
2021-11-16,Alameda,001,1643700,121807,120809,2906,123715,1467
2021-11-16,Alpine,003,1148,106,105,0,105,0
2021-11-16,Amador,005,37829,5665,5644,66,5710,66
2021-11-16,Butte,007,227075,21454,21208,3864,25072,297
2021-11-16,Calaveras,009,45235,4285,4249,60,4309,83
2021-11-16,Colusa,011,21464,2579,2538,665,3203,19
2021-11-16,Contra Costa,013,1133247,100946,100320,2276,102596,1038
2021-11-16,Del Norte,015,27424,3722,3630,56,3686,42
2021-11-16,El Dorado,017,186661,16465,16248,1739,17987,159
2021-11-16,Fresno,019,978130,144018,142200,12537,154737,2218
2021-11-16,Glenn,021,27897,3553,3527,997,4524,34
2021-11-16,Humboldt,023,135768,9390,9252,633,9885,115
2021-11-16,Imperial,025,180216,34624,34177,3524,37701,766
2021-11-16,Inyo,027,18085,2494,2449,42,2491,42
2021-11-16,Kern,029,883053,130937,129136,23403,152539,1735
2021-11-16,Kings,031,150075,33044,32614,2008,34622,350
2021-11-16,Lake,033,64148,6869,6789,146,6935,110
2021-11-16,Lassen,035,31185,6997,6915,409,7324,47
2021-11-16,Los Angeles,037,10098052,1455362,1446815,55527,1502342,26703
2021-11-16,Madera,039,155013,23966,23642,2211,25853,287
2021-11-16,Marin,041,260295,17829,17736,479,18215,248
2021-11-16,Mariposa,043,17540,1388,1349,56,1405,6
2021-11-16,Mendocino,045,87422,7832,7723,616,8339,89
2021-11-16,Merced,047,269075,42897,42578,1911,44489,653
2021-11-16,Modoc,049,8938,564,539,201,740,5
2021-11-16,Mono,051,14174,1785,1767,21,1788,4
2021-11-16,Monterey,053,433212,49324,48195,3103,51298,609
2021-11-16,Napa,055,140530,13238,13151,117,13268,103
2021-11-16,Nevada,057,99092,9587,9435,337,9772,92
2021-11-16,Orange,059,3164182,311567,309170,15670,324840,5651
2021-11-16,Placer,061,380077,38081,37676,3795,41471,459
2021-11-16,Plumas,063,18699,1885,1832,45,1877,7
2021-11-16,Riverside,065,2383286,370116,365078,16673,381751,5208
2021-11-16,Sacramento,067,1510023,162310,161102,4857,165959,2299
2021-11-16,San Benito,069,59416,7550,7513,177,7690,77
2021-11-16,San Bernardino,071,2135413,360788,357528,11438,368966,5901
2021-11-16,San Diego,073,3302833,382099,379435,22064,401499,4287
2021-11-16,San Francisco,075,870044,54096,53415,2421,55836,667
2021-11-16,San Joaquin,077,732212,101529,100637,5572,106209,1807
2021-11-16,San Luis Obispo,079,281455,30140,29703,1288,30991,356
2021-11-16,San Mateo,081,765935,55083,54034,926,54960,577
2021-11-16,Santa Barbara,083,443738,45593,44932,1659,46591,539
2021-11-16,Santa Clara,085,1922200,149929,148452,1454,149906,1916
2021-11-16,Santa Cruz,087,273765,20923,20684,1026,21710,222
2021-11-16,Shasta,089,179085,22229,21853,3714,25567,379
2021-11-16,Sierra,091,2930,196,189,21,210,0
2021-11-16,Siskiyou,093,43540,3404,3304,1329,4633,54
2021-11-16,Solano,095,438530,46617,45908,1319,47227,351
2021-11-16,Sonoma,097,501317,42356,42056,533,42589,401
2021-11-16,Stanislaus,099,539301,80975,80214,9054,89268,1196
2021-11-16,Sutter,101,95872,14133,14058,372,14430,181
2021-11-16,Tehama,103,63373,8706,8621,1521,10142,125
2021-11-16,Trinity,105,12862,884,762,224,986,17
2021-11-16,Tulare,107,460477,70056,68881,15774,84655,1039
2021-11-16,Tuolumne,109,53932,7569,7478,109,7587,90
2021-11-16,Ventura,111,848112,99482,98731,4370,103101,1183
2021-11-16,Yolo,113,214977,20196,20077,1201,21278,257
2021-11-16,Yuba,115,75493,10352,10262,363,10625,85
2021-11-15,Alameda,001,1643700,121653,120731,2901,123632,1464
2021-11-15,Alpine,003,1148,106,105,0,105,0
2021-11-15,Amador,005,37829,5661,5637,66,5703,66
2021-11-15,Butte,007,227075,21429,21182,3860,25042,296
2021-11-15,Calaveras,009,45235,4271,4237,60,4297,83
2021-11-15,Colusa,011,21464,2572,2535,662,3197,19
2021-11-15,Contra Costa,013,1133247,100841,100251,2273,102524,1038
2021-11-15,Del Norte,015,27424,3717,3630,55,3685,42
2021-11-15,El Dorado,017,186661,16441,16236,1735,17971,159
2021-11-15,Fresno,019,978130,143793,142015,12519,154534,2210
2021-11-15,Glenn,021,27897,3551,3526,997,4523,34
2021-11-15,Humboldt,023,135768,9367,9230,625,9855,115
2021-11-15,Imperial,025,180216,34550,34130,3508,37638,766
2021-11-15,Inyo,027,18085,2489,2442,42,2484,42
2021-11-15,Kern,029,883053,130728,128928,23328,152256,1730
2021-11-15,Kings,031,150075,33010,32584,2003,34587,348
2021-11-15,Lake,033,64148,6865,6784,146,6930,109
2021-11-15,Lassen,035,31185,6987,6915,407,7322,47
2021-11-15,Los Angeles,037,10098052,1454178,1446114,55461,1501575,26677
2021-11-15,Madera,039,155013,23927,23605,2200,25805,287
2021-11-15,Marin,041,260295,17812,17723,478,18201,248
2021-11-15,Mariposa,043,17540,1387,1347,54,1401,6
2021-11-15,Mendocino,045,87422,7812,7694,610,8304,89
2021-11-15,Merced,047,269075,42838,42552,1901,44453,648
2021-11-15,Modoc,049,8938,563,538,201,739,5
2021-11-15,Mono,051,14174,1774,1763,21,1784,4
2021-11-15,Monterey,053,433212,49291,48154,3097,51251,609
2021-11-15,Napa,055,140530,13230,13143,117,13260,103
2021-11-15,Nevada,057,99092,9558,9420,337,9757,92
2021-11-15,Orange,059,3164182,311292,308859,15646,324505,5646
2021-11-15,Placer,061,380077,38017,37610,3791,41401,452
2021-11-15,Plumas,063,18699,1879,1829,45,1874,7
2021-11-15,Riverside,065,2383286,369670,364750,16654,381404,5199
2021-11-15,Sacramento,067,1510023,162087,160937,4844,165781,2293
2021-11-15,San Benito,069,59416,7545,7511,176,7687,77
2021-11-15,San Bernardino,071,2135413,360373,357306,11418,368724,5898
2021-11-15,San Diego,073,3302833,381549,378845,22039,400884,4284
2021-11-15,San Francisco,075,870044,54028,53374,2418,55792,667
2021-11-15,San Joaquin,077,732212,101374,100587,5561,106148,1799
2021-11-15,San Luis Obispo,079,281455,30097,29669,1276,30945,351
2021-11-15,San Mateo,081,765935,55030,54010,923,54933,576
2021-11-15,Santa Barbara,083,443738,45538,44879,1653,46532,539
2021-11-15,Santa Clara,085,1922200,149711,148313,1447,149760,1914
2021-11-15,Santa Cruz,087,273765,20880,20630,1025,21655,223
2021-11-15,Shasta,089,179085,22183,21779,3709,25488,374
2021-11-15,Sierra,091,2930,196,189,21,210,0
2021-11-15,Siskiyou,093,43540,3397,3302,1327,4629,54
2021-11-15,Solano,095,438530,46579,45885,1315,47200,351
2021-11-15,Sonoma,097,501317,42305,42021,532,42553,401
2021-11-15,Stanislaus,099,539301,80888,80129,9040,89169,1174
2021-11-15,Sutter,101,95872,14120,14043,371,14414,181
2021-11-15,Tehama,103,63373,8701,8615,1520,10135,125
2021-11-15,Trinity,105,12862,882,757,222,979,17
2021-11-15,Tulare,107,460477,69969,68826,15729,84555,1039
2021-11-15,Tuolumne,109,53932,7559,7461,109,7570,90
2021-11-15,Ventura,111,848112,99398,98605,4365,102970,1183
2021-11-15,Yolo,113,214977,20166,20065,1196,21261,255
2021-11-15,Yuba,115,75493,10333,10254,359,10613,85
2021-11-14,Alameda,001,1643700,121481,120629,2897,123526,1461
2021-11-14,Alpine,003,1148,105,105,0,105,0
2021-11-14,Amador,005,37829,5654,5632,65,5697,66
2021-11-14,Butte,007,227075,21399,21146,3851,24997,296
2021-11-14,Calaveras,009,45235,4260,4222,60,4282,83
2021-11-14,Colusa,011,21464,2570,2532,659,3191,19
2021-11-14,Contra Costa,013,1133247,100733,100188,2271,102459,1038
2021-11-14,Del Norte,015,27424,3714,3629,55,3684,42
2021-11-14,El Dorado,017,186661,16400,16212,1730,17942,159
2021-11-14,Fresno,019,978130,143511,141869,12487,154356,2209
2021-11-14,Glenn,021,27897,3550,3521,997,4518,34
2021-11-14,Humboldt,023,135768,9337,9215,615,9830,115
2021-11-14,Imperial,025,180216,34446,34078,3493,37571,766
2021-11-14,Inyo,027,18085,2477,2441,42,2483,42
2021-11-14,Kern,029,883053,130488,128842,23256,152098,1730
2021-11-14,Kings,031,150075,32953,32545,1996,34541,349
2021-11-14,Lake,033,64148,6857,6777,146,6923,109
2021-11-14,Lassen,035,31185,6977,6911,406,7317,47
2021-11-14,Los Angeles,037,10098052,1452820,1445284,55385,1500669,26667
2021-11-14,Madera,039,155013,23878,23566,2191,25757,287
2021-11-14,Marin,041,260295,17797,17712,478,18190,247
2021-11-14,Mariposa,043,17540,1377,1337,50,1387,6
2021-11-14,Mendocino,045,87422,7778,7684,606,8290,89
2021-11-14,Merced,047,269075,42748,42513,1895,44408,648
2021-11-14,Modoc,049,8938,561,538,201,739,5
2021-11-14,Mono,051,14174,1763,1760,21,1781,4
2021-11-14,Monterey,053,433212,49236,48135,3080,51215,609
2021-11-14,Napa,055,140530,13212,13132,117,13249,103
2021-11-14,Nevada,057,99092,9530,9408,337,9745,92
2021-11-14,Orange,059,3164182,310981,308699,15625,324324,5646
2021-11-14,Placer,061,380077,37936,37569,3781,41350,452
2021-11-14,Plumas,063,18699,1876,1829,44,1873,7
2021-11-14,Riverside,065,2383286,369172,364490,16637,381127,5199
2021-11-14,Sacramento,067,1510023,161850,160761,4827,165588,2295
2021-11-14,San Benito,069,59416,7534,7507,175,7682,77
2021-11-14,San Bernardino,071,2135413,359793,357014,11401,368415,5897
2021-11-14,San Diego,073,3302833,380945,377633,22006,399639,4280
2021-11-14,San Francisco,075,870044,53953,53338,2413,55751,667
2021-11-14,San Joaquin,077,732212,101246,100518,5556,106074,1799
2021-11-14,San Luis Obispo,079,281455,30015,29645,1272,30917,352
2021-11-14,San Mateo,081,765935,54977,53978,921,54899,576
2021-11-14,Santa Barbara,083,443738,45459,44842,1650,46492,539
2021-11-14,Santa Clara,085,1922200,149510,148152,1439,149591,1913
2021-11-14,Santa Cruz,087,273765,20826,20609,1023,21632,223
2021-11-14,Shasta,089,179085,22131,21771,3696,25467,373
2021-11-14,Sierra,091,2930,196,189,21,210,0
2021-11-14,Siskiyou,093,43540,3388,3302,1326,4628,54
2021-11-14,Solano,095,438530,46523,45860,1308,47168,351
2021-11-14,Sonoma,097,501317,42239,41974,530,42504,401
2021-11-14,Stanislaus,099,539301,80753,80076,9028,89104,1174
2021-11-14,Sutter,101,95872,14103,14031,366,14397,181
2021-11-14,Tehama,103,63373,8691,8607,1518,10125,125
2021-11-14,Trinity,105,12862,879,754,220,974,17
2021-11-14,Tulare,107,460477,69850,68772,15670,84442,1037
2021-11-14,Tuolumne,109,53932,7541,7439,108,7547,90
2021-11-14,Ventura,111,848112,99282,98550,4363,102913,1183
2021-11-14,Yolo,113,214977,20138,20040,1190,21230,255
2021-11-14,Yuba,115,75493,10326,10238,357,10595,85
2021-11-13,Alameda,001,1643700,121409,120407,2895,123302,1454
2021-11-13,Alpine,003,1148,105,105,0,105,0
2021-11-13,Amador,005,37829,5653,5614,65,5679,66
2021-11-13,Butte,007,227075,21379,21104,3848,24952,296
2021-11-13,Calaveras,009,45235,4249,4203,60,4263,83
2021-11-13,Colusa,011,21464,2568,2522,659,3181,19
2021-11-13,Contra Costa,013,1133247,100660,100004,2265,102269,1028
2021-11-13,Del Norte,015,27424,3714,3629,55,3684,42
2021-11-13,El Dorado,017,186661,16388,16163,1727,17890,159
2021-11-13,Fresno,019,978130,143404,141452,12476,153928,2205
2021-11-13,Glenn,021,27897,3550,3514,996,4510,34
2021-11-13,Humboldt,023,135768,9322,9177,610,9787,115
2021-11-13,Imperial,025,180216,34396,33990,3476,37466,766
2021-11-13,Inyo,027,18085,2471,2436,42,2478,42
2021-11-13,Kern,029,883053,130388,128472,23211,151683,1719
2021-11-13,Kings,031,150075,32936,32452,1995,34447,347
2021-11-13,Lake,033,64148,6852,6769,146,6915,109
2021-11-13,Lassen,035,31185,6972,6897,406,7303,47
2021-11-13,Los Angeles,037,10098052,1452165,1443088,55343,1498431,26649
2021-11-13,Madera,039,155013,23848,23462,2186,25648,287
2021-11-13,Marin,041,260295,17784,17684,476,18160,247
2021-11-13,Mariposa,043,17540,1374,1323,50,1373,6
2021-11-13,Mendocino,045,87422,7759,7652,604,8256,89
2021-11-13,Merced,047,269075,42710,42411,1892,44303,644
2021-11-13,Modoc,049,8938,560,536,201,737,5
2021-11-13,Mono,051,14174,1762,1750,21,1771,4
2021-11-13,Monterey,053,433212,49211,48087,3078,51165,609
2021-11-13,Napa,055,140530,13204,13110,117,13227,103
2021-11-13,Nevada,057,99092,9510,9369,335,9704,92
2021-11-13,Orange,059,3164182,310815,308211,15597,323808,5641
2021-11-13,Placer,061,380077,37886,37453,3778,41231,445
2021-11-13,Plumas,063,18699,1873,1828,44,1872,8
2021-11-13,Riverside,065,2383286,368867,363801,16630,380431,5187
2021-11-13,Sacramento,067,1510023,161717,160397,4814,165211,2291
2021-11-13,San Benito,069,59416,7521,7491,174,7665,77
2021-11-13,San Bernardino,071,2135413,359541,356325,11394,367719,5873
2021-11-13,San Diego,073,3302833,380608,377633,21978,399611,4280
2021-11-13,San Francisco,075,870044,53920,53195,2412,55607,667
2021-11-13,San Joaquin,077,732212,101189,100263,5547,105810,1799
2021-11-13,San Luis Obispo,079,281455,29985,29589,1270,30859,351
2021-11-13,San Mateo,081,765935,54940,53853,920,54773,574
2021-11-13,Santa Barbara,083,443738,45426,44734,1650,46384,537
2021-11-13,Santa Clara,085,1922200,149390,147821,1434,149255,1905
2021-11-13,Santa Cruz,087,273765,20811,20565,1022,21587,223
2021-11-13,Shasta,089,179085,22100,21713,3692,25405,366
2021-11-13,Sierra,091,2930,195,188,21,209,0
2021-11-13,Siskiyou,093,43540,3379,3299,1325,4624,54
2021-11-13,Solano,095,438530,46494,45774,1304,47078,350
2021-11-13,Sonoma,097,501317,42205,41882,529,42411,399
2021-11-13,Stanislaus,099,539301,80675,79872,9014,88886,1174
2021-11-13,Sutter,101,95872,14093,14017,365,14382,181
2021-11-13,Tehama,103,63373,8685,8592,1514,10106,125
2021-11-13,Trinity,105,12862,878,749,220,969,17
2021-11-13,Tulare,107,460477,69783,68619,15647,84266,1033
2021-11-13,Tuolumne,109,53932,7525,7392,108,7500,90
2021-11-13,Ventura,111,848112,99224,98452,4360,102812,1183
2021-11-13,Yolo,113,214977,20122,20009,1185,21194,255
2021-11-13,Yuba,115,75493,10316,10218,355,10573,85
2021-11-12,Alameda,001,1643700,121327,120407,2892,123299,1454
2021-11-12,Alpine,003,1148,105,105,0,105,0
2021-11-12,Amador,005,37829,5647,5614,64,5678,66
2021-11-12,Butte,007,227075,21362,21104,3844,24948,296
2021-11-12,Calaveras,009,45235,4238,4203,60,4263,83
2021-11-12,Colusa,011,21464,2564,2522,658,3180,19
2021-11-12,Contra Costa,013,1133247,100604,100004,2264,102268,1028
2021-11-12,Del Norte,015,27424,3714,3629,55,3684,42
2021-11-12,El Dorado,017,186661,16369,16163,1726,17889,159
2021-11-12,Fresno,019,978130,143262,141452,12467,153919,2205
2021-11-12,Glenn,021,27897,3547,3514,995,4509,34
2021-11-12,Humboldt,023,135768,9315,9177,608,9785,115
2021-11-12,Imperial,025,180216,34367,33990,3466,37456,766
2021-11-12,Inyo,027,18085,2467,2436,42,2478,42
2021-11-12,Kern,029,883053,130251,128472,23178,151650,1719
2021-11-12,Kings,031,150075,32911,32452,1993,34445,347
2021-11-12,Lake,033,64148,6848,6769,146,6915,109
2021-11-12,Lassen,035,31185,6968,6897,405,7302,47
2021-11-12,Los Angeles,037,10098052,1451438,1443088,55298,1498386,26649
2021-11-12,Madera,039,155013,23818,23462,2181,25643,287
2021-11-12,Marin,041,260295,17768,17684,475,18159,247
2021-11-12,Mariposa,043,17540,1367,1323,50,1373,6
2021-11-12,Mendocino,045,87422,7748,7652,601,8253,89
2021-11-12,Merced,047,269075,42683,42411,1890,44301,644
2021-11-12,Modoc,049,8938,559,536,201,737,5
2021-11-12,Mono,051,14174,1761,1750,21,1771,4
2021-11-12,Monterey,053,433212,49179,48087,3072,51159,609
2021-11-12,Napa,055,140530,13195,13110,117,13227,103
2021-11-12,Nevada,057,99092,9496,9369,334,9703,92
2021-11-12,Orange,059,3164182,310626,308211,15579,323790,5641
2021-11-12,Placer,061,380077,37846,37453,3775,41228,445
2021-11-12,Plumas,063,18699,1868,1828,44,1872,8
2021-11-12,Riverside,065,2383286,368601,363801,16626,380427,5187
2021-11-12,Sacramento,067,1510023,161560,160397,4809,165206,2291
2021-11-12,San Benito,069,59416,7521,7491,174,7665,77
2021-11-12,San Bernardino,071,2135413,359239,356325,11383,367708,5873
2021-11-12,San Diego,073,3302833,380233,377633,21956,399589,4280
2021-11-12,San Francisco,075,870044,53885,53195,2408,55603,667
2021-11-12,San Joaquin,077,732212,101143,100263,5541,105804,1799
2021-11-12,San Luis Obispo,079,281455,29956,29589,1269,30858,351
2021-11-12,San Mateo,081,765935,54891,53853,917,54770,574
2021-11-12,Santa Barbara,083,443738,45372,44734,1649,46383,537
2021-11-12,Santa Clara,085,1922200,149247,147821,1429,149250,1905
2021-11-12,Santa Cruz,087,273765,20784,20565,1020,21585,223
2021-11-12,Shasta,089,179085,22068,21713,3689,25402,366
2021-11-12,Sierra,091,2930,194,188,21,209,0
2021-11-12,Siskiyou,093,43540,3378,3299,1323,4622,54
2021-11-12,Solano,095,438530,46467,45774,1300,47074,350
2021-11-12,Sonoma,097,501317,42164,41882,529,42411,399
2021-11-12,Stanislaus,099,539301,80622,79872,9006,88878,1174
2021-11-12,Sutter,101,95872,14086,14017,365,14382,181
2021-11-12,Tehama,103,63373,8681,8592,1513,10105,125
2021-11-12,Trinity,105,12862,871,749,220,969,17
2021-11-12,Tulare,107,460477,69741,68619,15612,84231,1033
2021-11-12,Tuolumne,109,53932,7512,7392,107,7499,90
2021-11-12,Ventura,111,848112,99159,98452,4359,102811,1183
2021-11-12,Yolo,113,214977,20108,20009,1179,21188,255
2021-11-12,Yuba,115,75493,10307,10218,354,10572,85
2021-11-11,Alameda,001,1643700,121212,120147,2884,123031,1453
2021-11-11,Alpine,003,1148,105,105,0,105,0
2021-11-11,Amador,005,37829,5643,5603,63,5666,66
2021-11-11,Butte,007,227075,21320,21047,3839,24886,293
2021-11-11,Calaveras,009,45235,4220,4179,60,4239,83
2021-11-11,Colusa,011,21464,2556,2518,656,3174,19
2021-11-11,Contra Costa,013,1133247,100499,99808,2259,102067,1028
2021-11-11,Del Norte,015,27424,3712,3622,55,3677,42
2021-11-11,El Dorado,017,186661,16335,16085,1723,17808,159
2021-11-11,Fresno,019,978130,143060,140833,12439,153272,2202
2021-11-11,Glenn,021,27897,3545,3503,995,4498,34
2021-11-11,Humboldt,023,135768,9292,9125,605,9730,115
2021-11-11,Imperial,025,180216,34298,33844,3444,37288,766
2021-11-11,Inyo,027,18085,2462,2428,42,2470,42
2021-11-11,Kern,029,883053,130067,128023,23114,151137,1709
2021-11-11,Kings,031,150075,32860,32318,1991,34309,345
2021-11-11,Lake,033,64148,6841,6745,146,6891,107
2021-11-11,Lassen,035,31185,6962,6875,405,7280,47
2021-11-11,Los Angeles,037,10098052,1450348,1440436,55239,1495675,26614
2021-11-11,Madera,039,155013,23770,23316,2173,25489,287
2021-11-11,Marin,041,260295,17758,17639,475,18114,247
2021-11-11,Mariposa,043,17540,1357,1317,50,1367,6
2021-11-11,Mendocino,045,87422,7733,7612,592,8204,89
2021-11-11,Merced,047,269075,42627,42292,1888,44180,643
2021-11-11,Modoc,049,8938,557,536,201,737,5
2021-11-11,Mono,051,14174,1758,1743,21,1764,4
2021-11-11,Monterey,053,433212,49144,48008,3060,51068,609
2021-11-11,Napa,055,140530,13187,13075,117,13192,103
2021-11-11,Nevada,057,99092,9474,9308,334,9642,92
2021-11-11,Orange,059,3164182,310357,307674,15541,323215,5633
2021-11-11,Placer,061,380077,37795,37333,3767,41100,440
2021-11-11,Plumas,063,18699,1864,1814,44,1858,7
2021-11-11,Riverside,065,2383286,368170,362930,16608,379538,5175
2021-11-11,Sacramento,067,1510023,161348,159962,4790,164752,2289
2021-11-11,San Benito,069,59416,7513,7473,174,7647,76
2021-11-11,San Bernardino,071,2135413,358815,355413,11371,366784,5849
2021-11-11,San Diego,073,3302833,379718,376428,21933,398361,4272
2021-11-11,San Francisco,075,870044,53824,53063,2406,55469,666
2021-11-11,San Joaquin,077,732212,101048,99937,5525,105462,1799
2021-11-11,San Luis Obispo,079,281455,29905,29532,1267,30799,351
2021-11-11,San Mateo,081,765935,54840,53722,912,54634,574
2021-11-11,Santa Barbara,083,443738,45315,44603,1646,46249,534
2021-11-11,Santa Clara,085,1922200,149065,147458,1423,148881,1901
2021-11-11,Santa Cruz,087,273765,20739,20479,1020,21499,222
2021-11-11,Shasta,089,179085,22021,21600,3687,25287,364
2021-11-11,Sierra,091,2930,193,186,21,207,0
2021-11-11,Siskiyou,093,43540,3372,3297,1322,4619,53
2021-11-11,Solano,095,438530,46430,45679,1299,46978,350
2021-11-11,Sonoma,097,501317,42127,41774,529,42303,395
2021-11-11,Stanislaus,099,539301,80536,79570,8992,88562,1166
2021-11-11,Sutter,101,95872,14072,13993,364,14357,181
2021-11-11,Tehama,103,63373,8669,8565,1511,10076,125
2021-11-11,Trinity,105,12862,870,748,220,968,17
2021-11-11,Tulare,107,460477,69650,68367,15575,83942,1028
2021-11-11,Tuolumne,109,53932,7499,7354,107,7461,90
2021-11-11,Ventura,111,848112,99079,98297,4353,102650,1182
2021-11-11,Yolo,113,214977,20081,19946,1177,21123,255
2021-11-11,Yuba,115,75493,10291,10191,354,10545,85
2021-11-10,Alameda,001,1643700,121104,120147,2875,123022,1453
2021-11-10,Alpine,003,1148,105,105,0,105,0
2021-11-10,Amador,005,37829,5637,5603,63,5666,66
2021-11-10,Butte,007,227075,21294,21047,3835,24882,293
2021-11-10,Calaveras,009,45235,4209,4179,60,4239,83
2021-11-10,Colusa,011,21464,2550,2518,656,3174,19
2021-11-10,Contra Costa,013,1133247,100416,99808,2255,102063,1028
2021-11-10,Del Norte,015,27424,3711,3622,55,3677,42
2021-11-10,El Dorado,017,186661,16319,16085,1722,17807,159
2021-11-10,Fresno,019,978130,142882,140833,12427,153260,2202
2021-11-10,Glenn,021,27897,3545,3503,994,4497,34
2021-11-10,Humboldt,023,135768,9274,9125,605,9730,115
2021-11-10,Imperial,025,180216,34247,33844,3425,37269,766
2021-11-10,Inyo,027,18085,2455,2428,42,2470,42
2021-11-10,Kern,029,883053,129918,128023,23058,151081,1709
2021-11-10,Kings,031,150075,32827,32318,1989,34307,345
2021-11-10,Lake,033,64148,6831,6745,146,6891,107
2021-11-10,Lassen,035,31185,6957,6875,405,7280,47
2021-11-10,Los Angeles,037,10098052,1449400,1440436,55183,1495619,26614
2021-11-10,Madera,039,155013,23721,23316,2167,25483,287
2021-11-10,Marin,041,260295,17745,17639,473,18112,247
2021-11-10,Mariposa,043,17540,1351,1317,50,1367,6
2021-11-10,Mendocino,045,87422,7721,7612,591,8203,89
2021-11-10,Merced,047,269075,42592,42292,1886,44178,643
2021-11-10,Modoc,049,8938,556,536,200,736,5
2021-11-10,Mono,051,14174,1757,1743,21,1764,4
2021-11-10,Monterey,053,433212,49111,48008,3048,51056,609
2021-11-10,Napa,055,140530,13173,13075,116,13191,103
2021-11-10,Nevada,057,99092,9467,9308,332,9640,92
2021-11-10,Orange,059,3164182,310099,307674,15509,323183,5633
2021-11-10,Placer,061,380077,37750,37333,3760,41093,440
2021-11-10,Plumas,063,18699,1861,1814,43,1857,7
2021-11-10,Riverside,065,2383286,367790,362930,16602,379532,5175
2021-11-10,Sacramento,067,1510023,161195,159962,4780,164742,2289
2021-11-10,San Benito,069,59416,7505,7473,174,7647,76
2021-11-10,San Bernardino,071,2135413,358476,355413,11363,366776,5849
2021-11-10,San Diego,073,3302833,379303,376428,21911,398339,4272
2021-11-10,San Francisco,075,870044,53762,53063,2403,55466,666
2021-11-10,San Joaquin,077,732212,100941,99937,5519,105456,1799
2021-11-10,San Luis Obispo,079,281455,29875,29532,1266,30798,351
2021-11-10,San Mateo,081,765935,54786,53722,911,54633,574
2021-11-10,Santa Barbara,083,443738,45277,44603,1645,46248,534
2021-11-10,Santa Clara,085,1922200,148916,147458,1417,148875,1901
2021-11-10,Santa Cruz,087,273765,20712,20479,1019,21498,222
2021-11-10,Shasta,089,179085,21985,21600,3685,25285,364
2021-11-10,Sierra,091,2930,192,186,21,207,0
2021-11-10,Siskiyou,093,43540,3370,3297,1322,4619,53
2021-11-10,Solano,095,438530,46400,45679,1297,46976,350
2021-11-10,Sonoma,097,501317,42076,41774,529,42303,395
2021-11-10,Stanislaus,099,539301,80433,79570,8976,88546,1166
2021-11-10,Sutter,101,95872,14064,13993,364,14357,181
2021-11-10,Tehama,103,63373,8657,8565,1505,10070,125
2021-11-10,Trinity,105,12862,866,748,219,967,17
2021-11-10,Tulare,107,460477,69588,68367,15535,83902,1028
2021-11-10,Tuolumne,109,53932,7475,7354,107,7461,90
2021-11-10,Ventura,111,848112,99005,98297,4353,102650,1182
2021-11-10,Yolo,113,214977,20063,19946,1176,21122,255
2021-11-10,Yuba,115,75493,10282,10191,354,10545,85
2021-11-09,Alameda,001,1643700,120966,120051,2866,122917,1450
2021-11-09,Alpine,003,1148,105,105,0,105,0
2021-11-09,Amador,005,37829,5633,5596,63,5659,66
2021-11-09,Butte,007,227075,21273,21022,3832,24854,291
2021-11-09,Calaveras,009,45235,4205,4174,60,4234,84
2021-11-09,Colusa,011,21464,2545,2517,655,3172,19
2021-11-09,Contra Costa,013,1133247,100322,99732,2248,101980,1028
2021-11-09,Del Norte,015,27424,3710,3620,55,3675,42
2021-11-09,El Dorado,017,186661,16281,16073,1717,17790,160
2021-11-09,Fresno,019,978130,142641,140666,12412,153078,2188
2021-11-09,Glenn,021,27897,3540,3499,993,4492,34
2021-11-09,Humboldt,023,135768,9254,9112,600,9712,115
2021-11-09,Imperial,025,180216,34194,33751,3411,37162,766
2021-11-09,Inyo,027,18085,2451,2404,42,2446,42
2021-11-09,Kern,029,883053,129675,127901,22995,150896,1694
2021-11-09,Kings,031,150075,32760,32279,1985,34264,344
2021-11-09,Lake,033,64148,6822,6743,146,6889,106
2021-11-09,Lassen,035,31185,6945,6846,405,7251,47
2021-11-09,Los Angeles,037,10098052,1448160,1439125,55123,1494248,26581
2021-11-09,Madera,039,155013,23671,23285,2158,25443,287
2021-11-09,Marin,041,260295,17726,17630,471,18101,247
2021-11-09,Mariposa,043,17540,1343,1317,49,1366,5
2021-11-09,Mendocino,045,87422,7698,7598,585,8183,85
2021-11-09,Merced,047,269075,42550,42251,1882,44133,613
2021-11-09,Modoc,049,8938,555,536,198,734,5
2021-11-09,Mono,051,14174,1752,1738,21,1759,4
2021-11-09,Monterey,053,433212,49073,47975,3023,50998,609
2021-11-09,Napa,055,140530,13155,13051,116,13167,103
2021-11-09,Nevada,057,99092,9448,9288,332,9620,92
2021-11-09,Orange,059,3164182,309817,307412,15482,322894,5621
2021-11-09,Placer,061,380077,37696,37291,3743,41034,440
2021-11-09,Plumas,063,18699,1859,1802,43,1845,7
2021-11-09,Riverside,065,2383286,367325,362557,16587,379144,5160
2021-11-09,Sacramento,067,1510023,160956,159856,4770,164626,2286
2021-11-09,San Benito,069,59416,7494,7471,173,7644,76
2021-11-09,San Bernardino,071,2135413,358028,354972,11346,366318,5839
2021-11-09,San Diego,073,3302833,378796,375997,21885,397882,4272
2021-11-09,San Francisco,075,870044,53687,52996,2397,55393,666
2021-11-09,San Joaquin,077,732212,100763,99848,5506,105354,1794
2021-11-09,San Luis Obispo,079,281455,29832,29488,1265,30753,350
2021-11-09,San Mateo,081,765935,54738,53697,901,54598,574
2021-11-09,Santa Barbara,083,443738,45210,44579,1637,46216,533
2021-11-09,Santa Clara,085,1922200,148709,147281,1410,148691,1901
2021-11-09,Santa Cruz,087,273765,20677,20463,1018,21481,222
2021-11-09,Shasta,089,179085,21930,21558,3680,25238,364
2021-11-09,Sierra,091,2930,192,186,21,207,0
2021-11-09,Siskiyou,093,43540,3368,3295,1320,4615,52
2021-11-09,Solano,095,438530,46346,45639,1296,46935,350
2021-11-09,Sonoma,097,501317,42021,41727,527,42254,395
2021-11-09,Stanislaus,099,539301,80329,79505,8959,88464,1165
2021-11-09,Sutter,101,95872,14049,13988,362,14350,180
2021-11-09,Tehama,103,63373,8639,8555,1503,10058,125
2021-11-09,Trinity,105,12862,865,746,219,965,17
2021-11-09,Tulare,107,460477,69485,68298,15495,83793,1024
2021-11-09,Tuolumne,109,53932,7456,7347,107,7454,90
2021-11-09,Ventura,111,848112,98922,98202,4348,102550,1182
2021-11-09,Yolo,113,214977,20039,19931,1172,21103,255
2021-11-09,Yuba,115,75493,10265,10175,348,10523,85
2021-11-08,Alameda,001,1643700,120826,119983,2860,122843,1447
2021-11-08,Alpine,003,1148,105,105,0,105,0
2021-11-08,Amador,005,37829,5627,5590,63,5653,66
2021-11-08,Butte,007,227075,21245,21000,3824,24824,288
2021-11-08,Calaveras,009,45235,4197,4166,60,4226,82
2021-11-08,Colusa,011,21464,2544,2514,654,3168,19
2021-11-08,Contra Costa,013,1133247,100220,99669,2243,101912,1028
2021-11-08,Del Norte,015,27424,3706,3619,55,3674,42
2021-11-08,El Dorado,017,186661,16262,16055,1712,17767,156
2021-11-08,Fresno,019,978130,142341,140466,12394,152860,2179
2021-11-08,Glenn,021,27897,3537,3496,989,4485,34
2021-11-08,Humboldt,023,135768,9227,9095,590,9685,109
2021-11-08,Imperial,025,180216,34115,33690,3391,37081,766
2021-11-08,Inyo,027,18085,2444,2398,42,2440,41
2021-11-08,Kern,029,883053,129440,127722,22911,150633,1692
2021-11-08,Kings,031,150075,32714,32248,1984,34232,344
2021-11-08,Lake,033,64148,6816,6737,146,6883,106
2021-11-08,Lassen,035,31185,6938,6830,403,7233,46
2021-11-08,Los Angeles,037,10098052,1446819,1438322,55065,1493387,26575
2021-11-08,Madera,039,155013,23622,23253,2146,25399,287
2021-11-08,Marin,041,260295,17709,17617,468,18085,247
2021-11-08,Mariposa,043,17540,1335,1316,48,1364,5
2021-11-08,Mendocino,045,87422,7684,7581,579,8160,85
2021-11-08,Merced,047,269075,42479,42224,1874,44098,607
2021-11-08,Modoc,049,8938,554,529,198,727,5
2021-11-08,Mono,051,14174,1745,1739,21,1760,4
2021-11-08,Monterey,053,433212,49032,47942,3002,50944,602
2021-11-08,Napa,055,140530,13141,13045,116,13161,103
2021-11-08,Nevada,057,99092,9430,9278,330,9608,92
2021-11-08,Orange,059,3164182,309541,307156,15451,322607,5616
2021-11-08,Placer,061,380077,37644,37250,3740,40990,439
2021-11-08,Plumas,063,18699,1858,1788,42,1830,7
2021-11-08,Riverside,065,2383286,366870,362201,16573,378774,5152
2021-11-08,Sacramento,067,1510023,160741,159735,4750,164485,2275
2021-11-08,San Benito,069,59416,7492,7461,173,7634,75
2021-11-08,San Bernardino,071,2135413,357524,354741,11327,366068,5836
2021-11-08,San Diego,073,3302833,378207,375557,21838,397395,4259
2021-11-08,San Francisco,075,870044,53633,52942,2391,55333,666
2021-11-08,San Joaquin,077,732212,100646,99736,5504,105240,1794
2021-11-08,San Luis Obispo,079,281455,29782,29464,1261,30725,350
2021-11-08,San Mateo,081,765935,54661,53658,896,54554,574
2021-11-08,Santa Barbara,083,443738,45156,44548,1636,46184,532
2021-11-08,Santa Clara,085,1922200,148481,147183,1404,148587,1899
2021-11-08,Santa Cruz,087,273765,20649,20435,1018,21453,222
2021-11-08,Shasta,089,179085,21883,21504,3674,25178,354
2021-11-08,Sierra,091,2930,192,183,21,204,0
2021-11-08,Siskiyou,093,43540,3364,3290,1309,4599,50
2021-11-08,Solano,095,438530,46305,45613,1292,46905,350
2021-11-08,Sonoma,097,501317,41953,41669,525,42194,395
2021-11-08,Stanislaus,099,539301,80177,79417,8945,88362,1150
2021-11-08,Sutter,101,95872,14041,13976,358,14334,180
2021-11-08,Tehama,103,63373,8629,8534,1503,10037,123
2021-11-08,Trinity,105,12862,865,743,218,961,13
2021-11-08,Tulare,107,460477,69369,68199,15457,83656,1020
2021-11-08,Tuolumne,109,53932,7437,7328,106,7434,90
2021-11-08,Ventura,111,848112,98821,98144,4345,102489,1182
2021-11-08,Yolo,113,214977,20001,19916,1167,21083,255
2021-11-08,Yuba,115,75493,10254,10172,345,10517,83
2021-11-07,Alameda,001,1643700,120669,119902,2854,122756,1444
2021-11-07,Alpine,003,1148,105,105,0,105,0
2021-11-07,Amador,005,37829,5620,5580,61,5641,66
2021-11-07,Butte,007,227075,21205,20969,3815,24784,288
2021-11-07,Calaveras,009,45235,4170,4158,59,4217,82
2021-11-07,Colusa,011,21464,2538,2511,652,3163,19
2021-11-07,Contra Costa,013,1133247,100108,99596,2234,101830,1028
2021-11-07,Del Norte,015,27424,3704,3617,55,3672,42
2021-11-07,El Dorado,017,186661,16225,16040,1709,17749,156
2021-11-07,Fresno,019,978130,142001,140263,12370,152633,2179
2021-11-07,Glenn,021,27897,3530,3493,988,4481,34
2021-11-07,Humboldt,023,135768,9202,9074,586,9660,109
2021-11-07,Imperial,025,180216,34042,33674,3371,37045,766
2021-11-07,Inyo,027,18085,2431,2394,42,2436,41
2021-11-07,Kern,029,883053,129168,127583,22819,150402,1692
2021-11-07,Kings,031,150075,32624,32221,1980,34201,343
2021-11-07,Lake,033,64148,6800,6734,145,6879,106
2021-11-07,Lassen,035,31185,6929,6819,399,7218,46
2021-11-07,Los Angeles,037,10098052,1445329,1437314,54992,1492306,26573
2021-11-07,Madera,039,155013,23577,23225,2139,25364,287
2021-11-07,Marin,041,260295,17689,17594,467,18061,247
2021-11-07,Mariposa,043,17540,1334,1306,48,1354,5
2021-11-07,Mendocino,045,87422,7655,7567,575,8142,85
2021-11-07,Merced,047,269075,42398,42186,1844,44030,607
2021-11-07,Modoc,049,8938,551,528,197,725,5
2021-11-07,Mono,051,14174,1740,1739,21,1760,4
2021-11-07,Monterey,053,433212,48980,47924,2997,50921,602
2021-11-07,Napa,055,140530,13120,13041,116,13157,103
2021-11-07,Nevada,057,99092,9381,9254,330,9584,92
2021-11-07,Orange,059,3164182,309219,306954,15412,322366,5616
2021-11-07,Placer,061,380077,37568,37202,3725,40927,439
2021-11-07,Plumas,063,18699,1851,1787,41,1828,7
2021-11-07,Riverside,065,2383286,366336,361960,16554,378514,5152
2021-11-07,Sacramento,067,1510023,160510,159549,4732,164281,2277
2021-11-07,San Benito,069,59416,7479,7460,173,7633,75
2021-11-07,San Bernardino,071,2135413,357023,354488,11304,365792,5832
2021-11-07,San Diego,073,3302833,377618,375165,21805,396970,4250
2021-11-07,San Francisco,075,870044,53549,52868,2384,55252,666
2021-11-07,San Joaquin,077,732212,100461,99696,5498,105194,1794
2021-11-07,San Luis Obispo,079,281455,29732,29454,1257,30711,350
2021-11-07,San Mateo,081,765935,54602,53600,894,54494,574
2021-11-07,Santa Barbara,083,443738,45093,44501,1635,46136,532
2021-11-07,Santa Clara,085,1922200,148279,147054,1391,148445,1898
2021-11-07,Santa Cruz,087,273765,20591,20397,1017,21414,222
2021-11-07,Shasta,089,179085,21836,21479,3668,25147,354
2021-11-07,Sierra,091,2930,190,183,21,204,0
2021-11-07,Siskiyou,093,43540,3358,3289,1307,4596,51
2021-11-07,Solano,095,438530,46250,45582,1285,46867,350
2021-11-07,Sonoma,097,501317,41904,41630,525,42155,395
2021-11-07,Stanislaus,099,539301,80023,79351,8925,88276,1150
2021-11-07,Sutter,101,95872,14028,13964,355,14319,180
2021-11-07,Tehama,103,63373,8606,8528,1501,10029,121
2021-11-07,Trinity,105,12862,864,742,217,959,13
2021-11-07,Tulare,107,460477,69217,68145,15414,83559,1020
2021-11-07,Tuolumne,109,53932,7419,7300,104,7404,90
2021-11-07,Ventura,111,848112,98713,98085,4343,102428,1182
2021-11-07,Yolo,113,214977,19981,19899,1162,21061,255
2021-11-07,Yuba,115,75493,10237,10162,340,10502,83
2021-11-06,Alameda,001,1643700,120606,119499,2851,122350,1436
2021-11-06,Alpine,003,1148,105,105,0,105,0
2021-11-06,Amador,005,37829,5614,5557,61,5618,66
2021-11-06,Butte,007,227075,21185,20796,3811,24607,288
2021-11-06,Calaveras,009,45235,4162,4105,59,4164,82
2021-11-06,Colusa,011,21464,2537,2501,651,3152,19
2021-11-06,Contra Costa,013,1133247,100053,99282,2232,101514,1025
2021-11-06,Del Norte,015,27424,3701,3607,55,3662,42
2021-11-06,El Dorado,017,186661,16208,15958,1709,17667,156
2021-11-06,Fresno,019,978130,141884,139249,12368,151617,2170
2021-11-06,Glenn,021,27897,3527,3479,988,4467,33
2021-11-06,Humboldt,023,135768,9190,8972,582,9554,109
2021-11-06,Imperial,025,180216,33996,33471,3365,36836,766
2021-11-06,Inyo,027,18085,2425,2353,42,2395,41
2021-11-06,Kern,029,883053,129035,126848,22766,149614,1684
2021-11-06,Kings,031,150075,32591,32018,1975,33993,342
2021-11-06,Lake,033,64148,6798,6695,145,6840,106
2021-11-06,Lassen,035,31185,6924,6796,398,7194,46
2021-11-06,Los Angeles,037,10098052,1444554,1433081,54948,1488029,26533
2021-11-06,Madera,039,155013,23541,22994,2130,25124,287
2021-11-06,Marin,041,260295,17670,17520,464,17984,247
2021-11-06,Mariposa,043,17540,1332,1282,48,1330,5
2021-11-06,Mendocino,045,87422,7633,7486,575,8061,85
2021-11-06,Merced,047,269075,42374,41958,1836,43794,604
2021-11-06,Modoc,049,8938,550,523,197,720,5
2021-11-06,Mono,051,14174,1738,1725,21,1746,4
2021-11-06,Monterey,053,433212,48948,47830,2987,50817,602
2021-11-06,Napa,055,140530,13110,12950,116,13066,103
2021-11-06,Nevada,057,99092,9359,9169,329,9498,91
2021-11-06,Orange,059,3164182,309010,306049,15386,321435,5611
2021-11-06,Placer,061,380077,37527,36967,3722,40689,438
2021-11-06,Plumas,063,18699,1847,1755,40,1795,7
2021-11-06,Riverside,065,2383286,366018,360584,16545,377129,5138
2021-11-06,Sacramento,067,1510023,160418,158766,4727,163493,2263
2021-11-06,San Benito,069,59416,7472,7429,173,7602,75
2021-11-06,San Bernardino,071,2135413,356752,353142,11300,364442,5813
2021-11-06,San Diego,073,3302833,377271,373423,21787,395210,4246
2021-11-06,San Francisco,075,870044,53495,52556,2381,54937,666
2021-11-06,San Joaquin,077,732212,100404,99372,5497,104869,1782
2021-11-06,San Luis Obispo,079,281455,29704,29335,1253,30588,350
2021-11-06,San Mateo,081,765935,54568,53442,893,54335,574
2021-11-06,Santa Barbara,083,443738,45057,44301,1634,45935,532
2021-11-06,Santa Clara,085,1922200,148134,146519,1386,147905,1894
2021-11-06,Santa Cruz,087,273765,20572,20311,1015,21326,222
2021-11-06,Shasta,089,179085,21817,21281,3663,24944,349
2021-11-06,Sierra,091,2930,190,181,21,202,0
2021-11-06,Siskiyou,093,43540,3358,3279,1305,4584,48
2021-11-06,Solano,095,438530,46220,45465,1284,46749,350
2021-11-06,Sonoma,097,501317,41854,41398,524,41922,395
2021-11-06,Stanislaus,099,539301,79955,78902,8917,87819,1193
2021-11-06,Sutter,101,95872,14024,13908,354,14262,180
2021-11-06,Tehama,103,63373,8595,8474,1499,9973,120
2021-11-06,Trinity,105,12862,861,732,217,949,11
2021-11-06,Tulare,107,460477,69166,67767,15386,83153,1010
2021-11-06,Tuolumne,109,53932,7406,7245,104,7349,90
2021-11-06,Ventura,111,848112,98646,97770,4339,102109,1180
2021-11-06,Yolo,113,214977,19964,19827,1158,20985,255
2021-11-06,Yuba,115,75493,10223,10107,340,10447,83
2021-11-05,Alameda,001,1643700,120524,119499,2849,122348,1436
2021-11-05,Alpine,003,1148,105,105,0,105,0
2021-11-05,Amador,005,37829,5609,5557,61,5618,66
2021-11-05,Butte,007,227075,21171,20796,3810,24606,288
2021-11-05,Calaveras,009,45235,4157,4105,59,4164,82
2021-11-05,Colusa,011,21464,2537,2501,650,3151,19
2021-11-05,Contra Costa,013,1133247,99987,99282,2230,101512,1025
2021-11-05,Del Norte,015,27424,3699,3607,55,3662,42
2021-11-05,El Dorado,017,186661,16190,15958,1703,17661,156
2021-11-05,Fresno,019,978130,141706,139249,12356,151605,2170
2021-11-05,Glenn,021,27897,3527,3479,988,4467,33
2021-11-05,Humboldt,023,135768,9176,8972,582,9554,109
2021-11-05,Imperial,025,180216,33961,33471,3362,36833,766
2021-11-05,Inyo,027,18085,2417,2353,42,2395,41
2021-11-05,Kern,029,883053,128908,126848,22710,149558,1684
2021-11-05,Kings,031,150075,32568,32018,1974,33992,342
2021-11-05,Lake,033,64148,6792,6695,145,6840,106
2021-11-05,Lassen,035,31185,6920,6796,397,7193,46
2021-11-05,Los Angeles,037,10098052,1443735,1433081,54910,1487991,26533
2021-11-05,Madera,039,155013,23503,22994,2129,25123,287
2021-11-05,Marin,041,260295,17648,17520,463,17983,247
2021-11-05,Mariposa,043,17540,1329,1282,47,1329,5
2021-11-05,Mendocino,045,87422,7622,7486,574,8060,85
2021-11-05,Merced,047,269075,42348,41958,1832,43790,604
2021-11-05,Modoc,049,8938,550,523,197,720,5
2021-11-05,Mono,051,14174,1738,1725,21,1746,4
2021-11-05,Monterey,053,433212,48919,47830,2985,50815,602
2021-11-05,Napa,055,140530,13088,12950,116,13066,103
2021-11-05,Nevada,057,99092,9346,9169,329,9498,91
2021-11-05,Orange,059,3164182,308815,306049,15364,321413,5611
2021-11-05,Placer,061,380077,37500,36967,3712,40679,438
2021-11-05,Plumas,063,18699,1840,1755,40,1795,7
2021-11-05,Riverside,065,2383286,365677,360584,16535,377119,5138
2021-11-05,Sacramento,067,1510023,160295,158766,4721,163487,2263
2021-11-05,San Benito,069,59416,7470,7429,172,7601,75
2021-11-05,San Bernardino,071,2135413,356422,353142,11289,364431,5813
2021-11-05,San Diego,073,3302833,376906,373423,21775,395198,4246
2021-11-05,San Francisco,075,870044,53444,52556,2378,54934,666
2021-11-05,San Joaquin,077,732212,100351,99372,5488,104860,1782
2021-11-05,San Luis Obispo,079,281455,29682,29335,1253,30588,350
2021-11-05,San Mateo,081,765935,54529,53442,891,54333,574
2021-11-05,Santa Barbara,083,443738,45013,44301,1633,45934,532
2021-11-05,Santa Clara,085,1922200,147996,146519,1385,147904,1894
2021-11-05,Santa Cruz,087,273765,20548,20311,1014,21325,222
2021-11-05,Shasta,089,179085,21785,21281,3658,24939,349
2021-11-05,Sierra,091,2930,190,181,21,202,0
2021-11-05,Siskiyou,093,43540,3353,3279,1304,4583,48
2021-11-05,Solano,095,438530,46174,45465,1281,46746,350
2021-11-05,Sonoma,097,501317,41814,41398,524,41922,395
2021-11-05,Stanislaus,099,539301,79897,78902,8905,87807,1193
2021-11-05,Sutter,101,95872,14016,13908,353,14261,180
2021-11-05,Tehama,103,63373,8588,8474,1498,9972,120
2021-11-05,Trinity,105,12862,861,732,217,949,11
2021-11-05,Tulare,107,460477,69095,67767,15348,83115,1010
2021-11-05,Tuolumne,109,53932,7389,7245,103,7348,90
2021-11-05,Ventura,111,848112,98600,97770,4336,102106,1180
2021-11-05,Yolo,113,214977,19954,19827,1157,20984,255
2021-11-05,Yuba,115,75493,10210,10107,338,10445,83
2021-11-04,Alameda,001,1643700,120410,119499,2843,122342,1436
2021-11-04,Alpine,003,1148,105,105,0,105,0
2021-11-04,Amador,005,37829,5601,5557,61,5618,66
2021-11-04,Butte,007,227075,21129,20796,3800,24596,288
2021-11-04,Calaveras,009,45235,4143,4105,57,4162,82
2021-11-04,Colusa,011,21464,2531,2501,649,3150,19
2021-11-04,Contra Costa,013,1133247,99894,99282,2225,101507,1025
2021-11-04,Del Norte,015,27424,3696,3607,55,3662,42
2021-11-04,El Dorado,017,186661,16164,15958,1699,17657,156
2021-11-04,Fresno,019,978130,141427,139249,12349,151598,2170
2021-11-04,Glenn,021,27897,3522,3479,987,4466,33
2021-11-04,Humboldt,023,135768,9151,8972,579,9551,109
2021-11-04,Imperial,025,180216,33902,33471,3353,36824,766
2021-11-04,Inyo,027,18085,2409,2353,42,2395,41
2021-11-04,Kern,029,883053,128675,126848,22641,149489,1684
2021-11-04,Kings,031,150075,32487,32018,1966,33984,342
2021-11-04,Lake,033,64148,6782,6695,143,6838,106
2021-11-04,Lassen,035,31185,6910,6796,392,7188,46
2021-11-04,Los Angeles,037,10098052,1442438,1433081,54828,1487909,26533
2021-11-04,Madera,039,155013,23448,22994,2118,25112,287
2021-11-04,Marin,041,260295,17635,17520,461,17981,247
2021-11-04,Mariposa,043,17540,1322,1282,47,1329,5
2021-11-04,Mendocino,045,87422,7609,7486,568,8054,85
2021-11-04,Merced,047,269075,42293,41958,1828,43786,604
2021-11-04,Modoc,049,8938,549,523,197,720,5
2021-11-04,Mono,051,14174,1735,1725,21,1746,4
2021-11-04,Monterey,053,433212,48874,47830,2969,50799,602
2021-11-04,Napa,055,140530,13067,12950,116,13066,103
2021-11-04,Nevada,057,99092,9315,9169,328,9497,91
2021-11-04,Orange,059,3164182,308564,306049,15345,321394,5611
2021-11-04,Placer,061,380077,37428,36967,3703,40670,438
2021-11-04,Plumas,063,18699,1832,1755,36,1791,7
2021-11-04,Riverside,065,2383286,365281,360584,16526,377110,5138
2021-11-04,Sacramento,067,1510023,160060,158766,4700,163466,2263
2021-11-04,San Benito,069,59416,7464,7429,172,7601,75
2021-11-04,San Bernardino,071,2135413,355989,353142,11282,364424,5813
2021-11-04,San Diego,073,3302833,376425,373423,21754,395177,4246
2021-11-04,San Francisco,075,870044,53363,52556,2374,54930,666
2021-11-04,San Joaquin,077,732212,100244,99372,5476,104848,1782
2021-11-04,San Luis Obispo,079,281455,29658,29335,1247,30582,350
2021-11-04,San Mateo,081,765935,54470,53442,885,54327,574
2021-11-04,Santa Barbara,083,443738,44957,44301,1633,45934,532
2021-11-04,Santa Clara,085,1922200,147842,146519,1381,147900,1894
2021-11-04,Santa Cruz,087,273765,20513,20311,1014,21325,222
2021-11-04,Shasta,089,179085,21727,21281,3652,24933,349
2021-11-04,Sierra,091,2930,188,181,21,202,0
2021-11-04,Siskiyou,093,43540,3350,3279,1297,4576,48
2021-11-04,Solano,095,438530,46132,45465,1280,46745,350
2021-11-04,Sonoma,097,501317,41753,41398,524,41922,395
2021-11-04,Stanislaus,099,539301,79759,78902,8899,87801,1193
2021-11-04,Sutter,101,95872,14005,13908,351,14259,180
2021-11-04,Tehama,103,63373,8579,8474,1494,9968,120
2021-11-04,Trinity,105,12862,860,732,217,949,11
2021-11-04,Tulare,107,460477,68979,67767,15302,83069,1010
2021-11-04,Tuolumne,109,53932,7367,7245,101,7346,90
2021-11-04,Ventura,111,848112,98506,97770,4331,102101,1180
2021-11-04,Yolo,113,214977,19928,19827,1151,20978,255
2021-11-04,Yuba,115,75493,10196,10107,336,10443,83
2021-11-03,Alameda,001,1643700,120268,119356,2840,122196,1428
2021-11-03,Alpine,003,1148,105,105,0,105,0
2021-11-03,Amador,005,37829,5595,5545,60,5605,66
2021-11-03,Butte,007,227075,21084,20769,3791,24560,284
2021-11-03,Calaveras,009,45235,4125,4087,56,4143,82
2021-11-03,Colusa,011,21464,2525,2499,649,3148,20
2021-11-03,Contra Costa,013,1133247,99794,99168,2220,101388,1025
2021-11-03,Del Norte,015,27424,3694,3600,54,3654,42
2021-11-03,El Dorado,017,186661,16138,15915,1696,17611,156
2021-11-03,Fresno,019,978130,141063,138873,12330,151203,2166
2021-11-03,Glenn,021,27897,3518,3470,987,4457,33
2021-11-03,Humboldt,023,135768,9133,8949,574,9523,109
2021-11-03,Imperial,025,180216,33832,33402,3342,36744,766
2021-11-03,Inyo,027,18085,2389,2344,42,2386,41
2021-11-03,Kern,029,883053,128412,126523,22539,149062,1681
2021-11-03,Kings,031,150075,32433,31923,1958,33881,341
2021-11-03,Lake,033,64148,6766,6685,143,6828,106
2021-11-03,Lassen,035,31185,6894,6782,386,7168,46
2021-11-03,Los Angeles,037,10098052,1441093,1431209,54743,1485952,26517
2021-11-03,Madera,039,155013,23381,22893,2109,25002,287
2021-11-03,Marin,041,260295,17614,17491,457,17948,247
2021-11-03,Mariposa,043,17540,1312,1276,47,1323,5
2021-11-03,Mendocino,045,87422,7593,7457,560,8017,84
2021-11-03,Merced,047,269075,42232,41849,1818,43667,597
2021-11-03,Modoc,049,8938,549,521,195,716,5
2021-11-03,Mono,051,14174,1731,1719,21,1740,4
2021-11-03,Monterey,053,433212,48824,47794,2956,50750,601
2021-11-03,Napa,055,140530,13055,12937,115,13052,103
2021-11-03,Nevada,057,99092,9288,9131,327,9458,91
2021-11-03,Orange,059,3164182,308253,305661,15312,320973,5607
2021-11-03,Placer,061,380077,37358,36868,3698,40566,438
2021-11-03,Plumas,063,18699,1821,1739,35,1774,7
2021-11-03,Riverside,065,2383286,364823,360060,16522,376582,5131
2021-11-03,Sacramento,067,1510023,159834,158311,4689,163000,2259
2021-11-03,San Benito,069,59416,7456,7419,172,7591,75
2021-11-03,San Bernardino,071,2135413,355517,352225,11262,363487,5813
2021-11-03,San Diego,073,3302833,375912,372951,21731,394682,4241
2021-11-03,San Francisco,075,870044,53268,52493,2369,54862,663
2021-11-03,San Joaquin,077,732212,100132,99188,5465,104653,1776
2021-11-03,San Luis Obispo,079,281455,29616,29276,1241,30517,348
2021-11-03,San Mateo,081,765935,54405,53396,879,54275,571
2021-11-03,Santa Barbara,083,443738,44900,44220,1630,45850,531
2021-11-03,Santa Clara,085,1922200,147672,146259,1374,147633,1897
2021-11-03,Santa Cruz,087,273765,20478,20275,1014,21289,222
2021-11-03,Shasta,089,179085,21669,21215,3645,24860,346
2021-11-03,Sierra,091,2930,186,180,21,201,0
2021-11-03,Siskiyou,093,43540,3346,3276,1295,4571,46
2021-11-03,Solano,095,438530,46105,45411,1278,46689,351
2021-11-03,Sonoma,097,501317,41676,41326,522,41848,395
2021-11-03,Stanislaus,099,539301,79629,78736,8884,87620,1193
2021-11-03,Sutter,101,95872,13992,13876,349,14225,179
2021-11-03,Tehama,103,63373,8567,8438,1494,9932,118
2021-11-03,Trinity,105,12862,859,730,217,947,11
2021-11-03,Tulare,107,460477,68853,67588,15259,82847,1007
2021-11-03,Tuolumne,109,53932,7350,7218,99,7317,90
2021-11-03,Ventura,111,848112,98389,97682,4327,102009,1178
2021-11-03,Yolo,113,214977,19912,19758,1143,20901,250
2021-11-03,Yuba,115,75493,10184,10092,336,10428,83
2021-11-02,Alameda,001,1643700,120123,119241,2834,122075,1425
2021-11-02,Alpine,003,1148,104,105,0,105,0
2021-11-02,Amador,005,37829,5590,5535,60,5595,66
2021-11-02,Butte,007,227075,21040,20744,3780,24524,282
2021-11-02,Calaveras,009,45235,4102,4075,56,4131,82
2021-11-02,Colusa,011,21464,2520,2497,648,3145,19
2021-11-02,Contra Costa,013,1133247,99691,99080,2208,101288,1025
2021-11-02,Del Norte,015,27424,3692,3596,54,3650,42
2021-11-02,El Dorado,017,186661,16109,15883,1696,17579,154
2021-11-02,Fresno,019,978130,140742,138644,12301,150945,2158
2021-11-02,Glenn,021,27897,3510,3469,984,4453,33
2021-11-02,Humboldt,023,135768,9092,8937,573,9510,109
2021-11-02,Imperial,025,180216,33759,33371,3329,36700,766
2021-11-02,Inyo,027,18085,2382,2324,42,2366,41
2021-11-02,Kern,029,883053,128157,126311,22416,148727,1665
2021-11-02,Kings,031,150075,32374,31896,1953,33849,339
2021-11-02,Lake,033,64148,6761,6681,142,6823,106
2021-11-02,Lassen,035,31185,6882,6777,383,7160,45
2021-11-02,Los Angeles,037,10098052,1439645,1429601,54668,1484269,26496
2021-11-02,Madera,039,155013,23299,22837,2098,24935,287
2021-11-02,Marin,041,260295,17586,17482,457,17939,247
2021-11-02,Mariposa,043,17540,1301,1270,46,1316,5
2021-11-02,Mendocino,045,87422,7569,7447,548,7995,84
2021-11-02,Merced,047,269075,42165,41785,1810,43595,596
2021-11-02,Modoc,049,8938,546,520,194,714,5
2021-11-02,Mono,051,14174,1725,1718,21,1739,4
2021-11-02,Monterey,053,433212,48773,47775,2937,50712,599
2021-11-02,Napa,055,140530,13037,12930,115,13045,104
2021-11-02,Nevada,057,99092,9258,9122,326,9448,91
2021-11-02,Orange,059,3164182,307938,305369,15265,320634,5600
2021-11-02,Placer,061,380077,37286,36817,3683,40500,438
2021-11-02,Plumas,063,18699,1810,1721,35,1756,7
2021-11-02,Riverside,065,2383286,364371,359586,16502,376088,5116
2021-11-02,Sacramento,067,1510023,159578,158112,4666,162778,2250
2021-11-02,San Benito,069,59416,7439,7407,172,7579,75
2021-11-02,San Bernardino,071,2135413,355044,351832,11209,363041,5813
2021-11-02,San Diego,073,3302833,375319,372440,21701,394141,4232
2021-11-02,San Francisco,075,870044,53149,52450,2365,54815,663
2021-11-02,San Joaquin,077,732212,99997,99076,5454,104530,1772
2021-11-02,San Luis Obispo,079,281455,29583,29224,1238,30462,348
2021-11-02,San Mateo,081,765935,54333,53351,876,54227,571
2021-11-02,Santa Barbara,083,443738,44844,44177,1626,45803,531
2021-11-02,Santa Clara,085,1922200,147478,146115,1367,147482,1896
2021-11-02,Santa Cruz,087,273765,20445,20266,1013,21279,222
2021-11-02,Shasta,089,179085,21594,21127,3634,24761,344
2021-11-02,Sierra,091,2930,186,180,20,200,0
2021-11-02,Siskiyou,093,43540,3344,3272,1292,4564,46
2021-11-02,Solano,095,438530,46065,45378,1272,46650,350
2021-11-02,Sonoma,097,501317,41597,41288,521,41809,395
2021-11-02,Stanislaus,099,539301,79475,78629,8864,87493,1193
2021-11-02,Sutter,101,95872,13971,13868,349,14217,179
2021-11-02,Tehama,103,63373,8554,8422,1492,9914,116
2021-11-02,Trinity,105,12862,859,729,217,946,11
2021-11-02,Tulare,107,460477,68728,67502,15210,82712,1002
2021-11-02,Tuolumne,109,53932,7329,7204,97,7301,90
2021-11-02,Ventura,111,848112,98271,97574,4323,101897,1178
2021-11-02,Yolo,113,214977,19881,19736,1141,20877,250
2021-11-02,Yuba,115,75493,10161,10080,334,10414,83
2021-11-01,Alameda,001,1643700,119988,119159,2832,121991,1421
2021-11-01,Alpine,003,1148,104,105,0,105,0
2021-11-01,Amador,005,37829,5588,5532,60,5592,64
2021-11-01,Butte,007,227075,20990,20710,3775,24485,281
2021-11-01,Calaveras,009,45235,4092,4059,55,4114,82
2021-11-01,Colusa,011,21464,2518,2494,645,3139,19
2021-11-01,Contra Costa,013,1133247,99566,99011,2199,101210,1025
2021-11-01,Del Norte,015,27424,3690,3594,54,3648,42
2021-11-01,El Dorado,017,186661,16085,15858,1690,17548,154
2021-11-01,Fresno,019,978130,140366,138421,12270,150691,2149
2021-11-01,Glenn,021,27897,3503,3461,982,4443,33
2021-11-01,Humboldt,023,135768,9064,8929,568,9497,108
2021-11-01,Imperial,025,180216,33708,33342,3320,36662,766
2021-11-01,Inyo,027,18085,2370,2307,42,2349,41
2021-11-01,Kern,029,883053,127857,126092,22301,148393,1660
2021-11-01,Kings,031,150075,32321,31866,1951,33817,337
2021-11-01,Lake,033,64148,6750,6676,141,6817,106
2021-11-01,Lassen,035,31185,6867,6775,380,7155,42
2021-11-01,Los Angeles,037,10098052,1438263,1428891,54576,1483467,26483
2021-11-01,Madera,039,155013,23219,22801,2093,24894,283
2021-11-01,Marin,041,260295,17566,17460,456,17916,247
2021-11-01,Mariposa,043,17540,1293,1266,45,1311,5
2021-11-01,Mendocino,045,87422,7535,7422,530,7952,84
2021-11-01,Merced,047,269075,42076,41740,1808,43548,594
2021-11-01,Modoc,049,8938,541,520,192,712,5
2021-11-01,Mono,051,14174,1720,1714,21,1735,3
2021-11-01,Monterey,053,433212,48731,47756,2925,50681,597
2021-11-01,Napa,055,140530,13010,12916,114,13030,101
2021-11-01,Nevada,057,99092,9235,9108,325,9433,91
2021-11-01,Orange,059,3164182,307599,305192,15223,320415,5596
2021-11-01,Placer,061,380077,37203,36747,3671,40418,435
2021-11-01,Plumas,063,18699,1791,1719,35,1754,7
2021-11-01,Riverside,065,2383286,363870,359263,16480,375743,5115
2021-11-01,Sacramento,067,1510023,159306,157893,4642,162535,2239
2021-11-01,San Benito,069,59416,7429,7406,171,7577,73
2021-11-01,San Bernardino,071,2135413,354560,351620,11189,362809,5815
2021-11-01,San Diego,073,3302833,374734,372043,21683,393726,4232
2021-11-01,San Francisco,075,870044,53062,52418,2358,54776,661
2021-11-01,San Joaquin,077,732212,99834,98969,5447,104416,1772
2021-11-01,San Luis Obispo,079,281455,29539,29199,1234,30433,343
2021-11-01,San Mateo,081,765935,54269,53314,872,54186,571
2021-11-01,Santa Barbara,083,443738,44777,44146,1622,45768,529
2021-11-01,Santa Clara,085,1922200,147281,145978,1362,147340,1907
2021-11-01,Santa Cruz,087,273765,20410,20238,1013,21251,221
2021-11-01,Shasta,089,179085,21541,21104,3627,24731,338
2021-11-01,Sierra,091,2930,186,180,20,200,0
2021-11-01,Siskiyou,093,43540,3337,3272,1287,4559,46
2021-11-01,Solano,095,438530,46007,45358,1272,46630,350
2021-11-01,Sonoma,097,501317,41524,41234,521,41755,395
2021-11-01,Stanislaus,099,539301,79346,78534,8850,87384,1193
2021-11-01,Sutter,101,95872,13947,13852,347,14199,179
2021-11-01,Tehama,103,63373,8526,8412,1491,9903,116
2021-11-01,Trinity,105,12862,857,727,217,944,11
2021-11-01,Tulare,107,460477,68585,67388,15158,82546,1002
2021-11-01,Tuolumne,109,53932,7313,7175,96,7271,90
2021-11-01,Ventura,111,848112,98188,97507,4317,101824,1178
2021-11-01,Yolo,113,214977,19861,19708,1134,20842,250
2021-11-01,Yuba,115,75493,10143,10066,332,10398,83
2021-10-31,Alameda,001,1643700,119844,119071,2829,121900,1419
2021-10-31,Alpine,003,1148,104,105,0,105,0
2021-10-31,Amador,005,37829,5577,5518,60,5578,64
2021-10-31,Butte,007,227075,20929,20689,3766,24455,281
2021-10-31,Calaveras,009,45235,4074,4052,54,4106,82
2021-10-31,Colusa,011,21464,2516,2493,642,3135,18
2021-10-31,Contra Costa,013,1133247,99439,98936,2197,101133,1025
2021-10-31,Del Norte,015,27424,3684,3591,54,3645,42
2021-10-31,El Dorado,017,186661,16039,15841,1687,17528,154
2021-10-31,Fresno,019,978130,139961,138165,12238,150403,2147
2021-10-31,Glenn,021,27897,3498,3459,982,4441,33
2021-10-31,Humboldt,023,135768,9017,8919,562,9481,108
2021-10-31,Imperial,025,180216,33633,33334,3308,36642,766
2021-10-31,Inyo,027,18085,2351,2309,42,2351,41
2021-10-31,Kern,029,883053,127487,125917,22171,148088,1666
2021-10-31,Kings,031,150075,32235,31814,1938,33752,338
2021-10-31,Lake,033,64148,6739,6665,141,6806,106
2021-10-31,Lassen,035,31185,6852,6768,375,7143,42
2021-10-31,Los Angeles,037,10098052,1436726,1427933,54493,1482426,26474
2021-10-31,Madera,039,155013,23124,22744,2080,24824,283
2021-10-31,Marin,041,260295,17538,17443,455,17898,247
2021-10-31,Mariposa,043,17540,1287,1257,44,1301,5
2021-10-31,Mendocino,045,87422,7493,7403,513,7916,84
2021-10-31,Merced,047,269075,41982,41699,1788,43487,589
2021-10-31,Modoc,049,8938,535,517,189,706,5
2021-10-31,Mono,051,14174,1716,1711,21,1732,3
2021-10-31,Monterey,053,433212,48690,47744,2907,50651,596
2021-10-31,Napa,055,140530,12993,12906,112,13018,101
2021-10-31,Nevada,057,99092,9198,9084,320,9404,91
2021-10-31,Orange,059,3164182,307253,305032,15140,320172,5596
2021-10-31,Placer,061,380077,37106,36698,3657,40355,435
2021-10-31,Plumas,063,18699,1773,1716,35,1751,7
2021-10-31,Riverside,065,2383286,363291,359005,16466,375471,5104
2021-10-31,Sacramento,067,1510023,158957,157667,4627,162294,2243
2021-10-31,San Benito,069,59416,7418,7397,169,7566,73
2021-10-31,San Bernardino,071,2135413,354028,351411,11175,362586,5810
2021-10-31,San Diego,073,3302833,374162,371603,21652,393255,4218
2021-10-31,San Francisco,075,870044,52953,52370,2352,54722,661
2021-10-31,San Joaquin,077,732212,99671,98893,5433,104326,1772
2021-10-31,San Luis Obispo,079,281455,29487,29176,1233,30409,343
2021-10-31,San Mateo,081,765935,54212,53284,870,54154,571
2021-10-31,Santa Barbara,083,443738,44708,44113,1617,45730,529
2021-10-31,Santa Clara,085,1922200,147067,145829,1348,147177,1908
2021-10-31,Santa Cruz,087,273765,20375,20218,1012,21230,221
2021-10-31,Shasta,089,179085,21458,21086,3615,24701,338
2021-10-31,Sierra,091,2930,186,180,20,200,0
2021-10-31,Siskiyou,093,43540,3331,3271,1286,4557,46
2021-10-31,Solano,095,438530,45959,45310,1265,46575,350
2021-10-31,Sonoma,097,501317,41455,41183,518,41701,395
2021-10-31,Stanislaus,099,539301,79156,78426,8835,87261,1193
2021-10-31,Sutter,101,95872,13928,13838,344,14182,179
2021-10-31,Tehama,103,63373,8495,8391,1487,9878,116
2021-10-31,Trinity,105,12862,857,724,217,941,11
2021-10-31,Tulare,107,460477,68390,67310,15067,82377,1002
2021-10-31,Tuolumne,109,53932,7284,7141,95,7236,90
2021-10-31,Ventura,111,848112,98070,97460,4312,101772,1178
2021-10-31,Yolo,113,214977,19820,19662,1128,20790,250
2021-10-31,Yuba,115,75493,10125,10051,322,10373,83
2021-10-30,Alameda,001,1643700,119784,118632,2826,121458,1419
2021-10-30,Alpine,003,1148,104,105,0,105,0
2021-10-30,Amador,005,37829,5568,5480,59,5539,64
2021-10-30,Butte,007,227075,20914,20516,3760,24276,277
2021-10-30,Calaveras,009,45235,4067,3992,54,4046,82
2021-10-30,Colusa,011,21464,2516,2484,641,3125,19
2021-10-30,Contra Costa,013,1133247,99376,98562,2196,100758,1024
2021-10-30,Del Norte,015,27424,3681,3574,54,3628,42
2021-10-30,El Dorado,017,186661,16023,15752,1682,17434,154
2021-10-30,Fresno,019,978130,139818,136901,12233,149134,2131
2021-10-30,Glenn,021,27897,3494,3442,982,4424,33
2021-10-30,Humboldt,023,135768,9002,8871,560,9431,105
2021-10-30,Imperial,025,180216,33588,33156,3304,36460,766
2021-10-30,Inyo,027,18085,2348,2249,42,2291,41
2021-10-30,Kern,029,883053,127335,124892,22100,146992,1653
2021-10-30,Kings,031,150075,32201,31578,1934,33512,337
2021-10-30,Lake,033,64148,6734,6610,141,6751,106
2021-10-30,Lassen,035,31185,6846,6719,373,7092,42
2021-10-30,Los Angeles,037,10098052,1436005,1424257,54439,1478696,26625
2021-10-30,Madera,039,155013,23080,22524,2075,24599,283
2021-10-30,Marin,041,260295,17523,17380,453,17833,247
2021-10-30,Mariposa,043,17540,1284,1228,44,1272,5
2021-10-30,Mendocino,045,87422,7471,7338,511,7849,84
2021-10-30,Merced,047,269075,41942,41428,1786,43214,586
2021-10-30,Modoc,049,8938,533,513,188,701,5
2021-10-30,Mono,051,14174,1716,1684,21,1705,3
2021-10-30,Monterey,053,433212,48673,47649,2901,50550,588
2021-10-30,Napa,055,140530,12979,12863,111,12974,101
2021-10-30,Nevada,057,99092,9179,9015,320,9335,91
2021-10-30,Orange,059,3164182,307076,304120,15117,319237,5588
2021-10-30,Placer,061,380077,37060,36400,3651,40051,434
2021-10-30,Plumas,063,18699,1768,1695,35,1730,7
2021-10-30,Riverside,065,2383286,362991,357645,16457,374102,5088
2021-10-30,Sacramento,067,1510023,158801,157125,4617,161742,2233
2021-10-30,San Benito,069,59416,7411,7362,169,7531,71
2021-10-30,San Bernardino,071,2135413,353751,350076,11160,361236,5777
2021-10-30,San Diego,073,3302833,373788,370006,21630,391636,4213
2021-10-30,San Francisco,075,870044,52924,52161,2350,54511,661
2021-10-30,San Joaquin,077,732212,99615,98314,5432,103746,1768
2021-10-30,San Luis Obispo,079,281455,29455,29053,1230,30283,341
2021-10-30,San Mateo,081,765935,54173,53083,870,53953,571
2021-10-30,Santa Barbara,083,443738,44673,43972,1616,45588,528
2021-10-30,Santa Clara,085,1922200,146962,145262,1344,146606,1903
2021-10-30,Santa Cruz,087,273765,20357,20134,1010,21144,221
2021-10-30,Shasta,089,179085,21413,20878,3609,24487,332
2021-10-30,Sierra,091,2930,186,175,20,195,0
2021-10-30,Siskiyou,093,43540,3330,3257,1283,4540,46
2021-10-30,Solano,095,438530,45938,45146,1264,46410,346
2021-10-30,Sonoma,097,501317,41416,40924,518,41442,393
2021-10-30,Stanislaus,099,539301,79087,77871,8828,86699,1191
2021-10-30,Sutter,101,95872,13915,13773,344,14117,178
2021-10-30,Tehama,103,63373,8484,8307,1482,9789,114
2021-10-30,Trinity,105,12862,855,708,216,924,11
2021-10-30,Tulare,107,460477,68320,66745,15020,81765,995
2021-10-30,Tuolumne,109,53932,7260,7050,94,7144,90
2021-10-30,Ventura,111,848112,98025,97182,4311,101493,1174
2021-10-30,Yolo,113,214977,19800,19568,1126,20694,250
2021-10-30,Yuba,115,75493,10114,9969,322,10291,82
2021-10-29,Alameda,001,1643700,119704,118632,2822,121454,1419
2021-10-29,Alpine,003,1148,104,105,0,105,0
2021-10-29,Amador,005,37829,5557,5480,59,5539,64
2021-10-29,Butte,007,227075,20890,20516,3750,24266,277
2021-10-29,Calaveras,009,45235,4060,3992,54,4046,82
2021-10-29,Colusa,011,21464,2516,2484,639,3123,19
2021-10-29,Contra Costa,013,1133247,99307,98562,2194,100756,1024
2021-10-29,Del Norte,015,27424,3674,3574,54,3628,42
2021-10-29,El Dorado,017,186661,16009,15752,1682,17434,154
2021-10-29,Fresno,019,978130,139603,136901,12221,149122,2131
2021-10-29,Glenn,021,27897,3492,3442,981,4423,33
2021-10-29,Humboldt,023,135768,8997,8871,559,9430,105
2021-10-29,Imperial,025,180216,33561,33156,3301,36457,766
2021-10-29,Inyo,027,18085,2345,2249,42,2291,41
2021-10-29,Kern,029,883053,127158,124892,22010,146902,1653
2021-10-29,Kings,031,150075,32167,31578,1932,33510,337
2021-10-29,Lake,033,64148,6725,6610,139,6749,106
2021-10-29,Lassen,035,31185,6837,6719,370,7089,42
2021-10-29,Los Angeles,037,10098052,1435161,1424257,54396,1478653,26625
2021-10-29,Madera,039,155013,23028,22524,2070,24594,283
2021-10-29,Marin,041,260295,17507,17380,452,17832,247
2021-10-29,Mariposa,043,17540,1280,1228,44,1272,5
2021-10-29,Mendocino,045,87422,7463,7338,511,7849,84
2021-10-29,Merced,047,269075,41892,41428,1780,43208,586
2021-10-29,Modoc,049,8938,531,513,187,700,5
2021-10-29,Mono,051,14174,1715,1684,21,1705,3
2021-10-29,Monterey,053,433212,48649,47649,2901,50550,588
2021-10-29,Napa,055,140530,12958,12863,111,12974,101
2021-10-29,Nevada,057,99092,9167,9015,320,9335,91
2021-10-29,Orange,059,3164182,306851,304120,15097,319217,5588
2021-10-29,Placer,061,380077,37024,36400,3640,40040,434
2021-10-29,Plumas,063,18699,1762,1695,35,1730,7
2021-10-29,Riverside,065,2383286,362657,357645,16452,374097,5088
2021-10-29,Sacramento,067,1510023,158613,157125,4608,161733,2233
2021-10-29,San Benito,069,59416,7408,7362,169,7531,71
2021-10-29,San Bernardino,071,2135413,353453,350076,11151,361227,5777
2021-10-29,San Diego,073,3302833,373412,370006,21602,391608,4213
2021-10-29,San Francisco,075,870044,52865,52161,2344,54505,661
2021-10-29,San Joaquin,077,732212,99558,98314,5427,103741,1768
2021-10-29,San Luis Obispo,079,281455,29429,29053,1228,30281,341
2021-10-29,San Mateo,081,765935,54129,53083,868,53951,571
2021-10-29,Santa Barbara,083,443738,44633,43972,1613,45585,528
2021-10-29,Santa Clara,085,1922200,146847,145262,1337,146599,1903
2021-10-29,Santa Cruz,087,273765,20350,20134,1009,21143,221
2021-10-29,Shasta,089,179085,21374,20878,3603,24481,332
2021-10-29,Sierra,091,2930,184,175,20,195,0
2021-10-29,Siskiyou,093,43540,3330,3257,1282,4539,46
2021-10-29,Solano,095,438530,45902,45146,1263,46409,346
2021-10-29,Sonoma,097,501317,41395,40924,518,41442,393
2021-10-29,Stanislaus,099,539301,79002,77871,8817,86688,1191
2021-10-29,Sutter,101,95872,13896,13773,344,14117,178
2021-10-29,Tehama,103,63373,8471,8307,1481,9788,114
2021-10-29,Trinity,105,12862,854,708,216,924,11
2021-10-29,Tulare,107,460477,68218,66745,14976,81721,995
2021-10-29,Tuolumne,109,53932,7247,7050,94,7144,90
2021-10-29,Ventura,111,848112,97970,97182,4309,101491,1174
2021-10-29,Yolo,113,214977,19782,19568,1122,20690,250
2021-10-29,Yuba,115,75493,10106,9969,318,10287,82
2021-10-28,Alameda,001,1643700,119578,118632,2815,121447,1419
2021-10-28,Alpine,003,1148,104,105,0,105,0
2021-10-28,Amador,005,37829,5544,5480,59,5539,64
2021-10-28,Butte,007,227075,20849,20516,3741,24257,277
2021-10-28,Calaveras,009,45235,4047,3992,54,4046,82
2021-10-28,Colusa,011,21464,2513,2484,638,3122,19
2021-10-28,Contra Costa,013,1133247,99176,98562,2189,100751,1024
2021-10-28,Del Norte,015,27424,3673,3574,54,3628,42
2021-10-28,El Dorado,017,186661,15983,15752,1679,17431,154
2021-10-28,Fresno,019,978130,139274,136901,12193,149094,2131
2021-10-28,Glenn,021,27897,3488,3442,978,4420,33
2021-10-28,Humboldt,023,135768,8981,8871,554,9425,105
2021-10-28,Imperial,025,180216,33496,33156,3294,36450,766
2021-10-28,Inyo,027,18085,2328,2249,42,2291,41
2021-10-28,Kern,029,883053,126910,124892,21896,146788,1653
2021-10-28,Kings,031,150075,32098,31578,1927,33505,337
2021-10-28,Lake,033,64148,6715,6610,139,6749,106
2021-10-28,Lassen,035,31185,6827,6719,366,7085,42
2021-10-28,Los Angeles,037,10098052,1434027,1424257,54322,1478579,26625
2021-10-28,Madera,039,155013,22974,22524,2059,24583,283
2021-10-28,Marin,041,260295,17489,17380,451,17831,247
2021-10-28,Mariposa,043,17540,1276,1228,44,1272,5
2021-10-28,Mendocino,045,87422,7450,7338,500,7838,84
2021-10-28,Merced,047,269075,41807,41428,1769,43197,586
2021-10-28,Modoc,049,8938,530,513,187,700,5
2021-10-28,Mono,051,14174,1710,1684,21,1705,3
2021-10-28,Monterey,053,433212,48620,47649,2883,50532,588
2021-10-28,Napa,055,140530,12949,12863,110,12973,101
2021-10-28,Nevada,057,99092,9149,9015,320,9335,91
2021-10-28,Orange,059,3164182,306565,304120,15030,319150,5588
2021-10-28,Placer,061,380077,36945,36400,3631,40031,434
2021-10-28,Plumas,063,18699,1754,1695,35,1730,7
2021-10-28,Riverside,065,2383286,362219,357645,16428,374073,5088
2021-10-28,Sacramento,067,1510023,158347,157125,4596,161721,2233
2021-10-28,San Benito,069,59416,7400,7362,169,7531,71
2021-10-28,San Bernardino,071,2135413,353039,350076,11129,361205,5777
2021-10-28,San Diego,073,3302833,372939,370006,21579,391585,4213
2021-10-28,San Francisco,075,870044,52818,52161,2337,54498,661
2021-10-28,San Joaquin,077,732212,99430,98314,5426,103740,1768
2021-10-28,San Luis Obispo,079,281455,29400,29053,1225,30278,341
2021-10-28,San Mateo,081,765935,54084,53083,866,53949,571
2021-10-28,Santa Barbara,083,443738,44594,43972,1611,45583,528
2021-10-28,Santa Clara,085,1922200,146689,145262,1332,146594,1903
2021-10-28,Santa Cruz,087,273765,20326,20134,1009,21143,221
2021-10-28,Shasta,089,179085,21298,20878,3596,24474,332
2021-10-28,Sierra,091,2930,183,175,20,195,0
2021-10-28,Siskiyou,093,43540,3329,3257,1282,4539,46
2021-10-28,Solano,095,438530,45863,45146,1262,46408,346
2021-10-28,Sonoma,097,501317,41327,40924,517,41441,393
2021-10-28,Stanislaus,099,539301,78850,77871,8801,86672,1191
2021-10-28,Sutter,101,95872,13883,13773,340,14113,178
2021-10-28,Tehama,103,63373,8433,8307,1478,9785,114
2021-10-28,Trinity,105,12862,851,708,216,924,11
2021-10-28,Tulare,107,460477,68080,66745,14920,81665,995
2021-10-28,Tuolumne,109,53932,7216,7050,94,7144,90
2021-10-28,Ventura,111,848112,97878,97182,4307,101489,1174
2021-10-28,Yolo,113,214977,19745,19568,1117,20685,250
2021-10-28,Yuba,115,75493,10077,9969,315,10284,82
2021-10-27,Alameda,001,1643700,119455,118487,2813,121300,1414
2021-10-27,Alpine,003,1148,104,105,0,105,0
2021-10-27,Amador,005,37829,5532,5470,58,5528,64
2021-10-27,Butte,007,227075,20805,20446,3727,24173,274
2021-10-27,Calaveras,009,45235,4029,3970,53,4023,82
2021-10-27,Colusa,011,21464,2512,2480,637,3117,18
2021-10-27,Contra Costa,013,1133247,99069,98442,2177,100619,1018
2021-10-27,Del Norte,015,27424,3666,3571,53,3624,42
2021-10-27,El Dorado,017,186661,15952,15723,1674,17397,154
2021-10-27,Fresno,019,978130,138894,136447,12162,148609,2128
2021-10-27,Glenn,021,27897,3482,3435,977,4412,33
2021-10-27,Humboldt,023,135768,8961,8851,552,9403,105
2021-10-27,Imperial,025,180216,33457,33068,3289,36357,766
2021-10-27,Inyo,027,18085,2308,2236,42,2278,41
2021-10-27,Kern,029,883053,126641,124557,21796,146353,1647
2021-10-27,Kings,031,150075,32032,31437,1922,33359,335
2021-10-27,Lake,033,64148,6688,6589,139,6728,105
2021-10-27,Lassen,035,31185,6813,6706,364,7070,42
2021-10-27,Los Angeles,037,10098052,1432795,1422615,54264,1476879,26604
2021-10-27,Madera,039,155013,22888,22413,2037,24450,283
2021-10-27,Marin,041,260295,17474,17362,451,17813,247
2021-10-27,Mariposa,043,17540,1263,1228,44,1272,5
2021-10-27,Mendocino,045,87422,7437,7321,493,7814,84
2021-10-27,Merced,047,269075,41710,41310,1755,43065,583
2021-10-27,Modoc,049,8938,526,513,187,700,5
2021-10-27,Mono,051,14174,1707,1682,21,1703,3
2021-10-27,Monterey,053,433212,48582,47610,2861,50471,588
2021-10-27,Napa,055,140530,12934,12856,109,12965,101
2021-10-27,Nevada,057,99092,9132,8987,319,9306,90
2021-10-27,Orange,059,3164182,306251,303825,14979,318804,5584
2021-10-27,Placer,061,380077,36879,36296,3624,39920,434
2021-10-27,Plumas,063,18699,1746,1686,35,1721,7
2021-10-27,Riverside,065,2383286,361790,357152,16420,373572,5081
2021-10-27,Sacramento,067,1510023,158078,156830,4575,161405,2230
2021-10-27,San Benito,069,59416,7394,7337,169,7506,71
2021-10-27,San Bernardino,071,2135413,352617,349624,11108,360732,5770
2021-10-27,San Diego,073,3302833,372363,369579,21555,391134,4207
2021-10-27,San Francisco,075,870044,52765,52108,2333,54441,655
2021-10-27,San Joaquin,077,732212,99270,98168,5411,103579,1753
2021-10-27,San Luis Obispo,079,281455,29361,29002,1223,30225,341
2021-10-27,San Mateo,081,765935,54029,53032,858,53890,571
2021-10-27,Santa Barbara,083,443738,44541,43901,1608,45509,527
2021-10-27,Santa Clara,085,1922200,146512,145081,1324,146405,1902
2021-10-27,Santa Cruz,087,273765,20299,20091,1007,21098,221
2021-10-27,Shasta,089,179085,21224,20813,3588,24401,331
2021-10-27,Sierra,091,2930,182,176,20,196,0
2021-10-27,Siskiyou,093,43540,3326,3256,1278,4534,46
2021-10-27,Solano,095,438530,45818,45089,1254,46343,346
2021-10-27,Sonoma,097,501317,41251,40829,515,41344,393
2021-10-27,Stanislaus,099,539301,78690,77687,8787,86474,1191
2021-10-27,Sutter,101,95872,13869,13754,340,14094,177
2021-10-27,Tehama,103,63373,8411,8265,1477,9742,113
2021-10-27,Trinity,105,12862,851,706,215,921,11
2021-10-27,Tulare,107,460477,67927,66568,14863,81431,991
2021-10-27,Tuolumne,109,53932,7189,7009,93,7102,90
2021-10-27,Ventura,111,848112,97788,97108,4303,101411,1172
2021-10-27,Yolo,113,214977,19716,19517,1110,20627,250
2021-10-27,Yuba,115,75493,10056,9945,313,10258,82
2021-10-26,Alameda,001,1643700,119319,118360,2810,121170,1407
2021-10-26,Alpine,003,1148,104,105,0,105,0
2021-10-26,Amador,005,37829,5524,5465,57,5522,64
2021-10-26,Butte,007,227075,20747,20387,3710,24097,274
2021-10-26,Calaveras,009,45235,4018,3966,53,4019,81
2021-10-26,Colusa,011,21464,2510,2478,636,3114,18
2021-10-26,Contra Costa,013,1133247,98947,98352,2167,100519,1017
2021-10-26,Del Norte,015,27424,3661,3563,53,3616,42
2021-10-26,El Dorado,017,186661,15924,15690,1665,17355,153
2021-10-26,Fresno,019,978130,138450,136211,12122,148333,2122
2021-10-26,Glenn,021,27897,3467,3431,974,4405,33
2021-10-26,Humboldt,023,135768,8943,8830,546,9376,105
2021-10-26,Imperial,025,180216,33391,33012,3284,36296,766
2021-10-26,Inyo,027,18085,2293,2200,42,2242,41
2021-10-26,Kern,029,883053,126297,124351,21675,146026,1645
2021-10-26,Kings,031,150075,31964,31382,1915,33297,336
2021-10-26,Lake,033,64148,6678,6584,137,6721,105
2021-10-26,Lassen,035,31185,6793,6689,362,7051,42
2021-10-26,Los Angeles,037,10098052,1431449,1421795,54192,1475987,26599
2021-10-26,Madera,039,155013,22798,22363,2026,24389,283
2021-10-26,Marin,041,260295,17457,17354,450,17804,244
2021-10-26,Mariposa,043,17540,1258,1225,43,1268,5
2021-10-26,Mendocino,045,87422,7408,7308,476,7784,83
2021-10-26,Merced,047,269075,41632,41267,1748,43015,583
2021-10-26,Modoc,049,8938,526,513,187,700,5
2021-10-26,Mono,051,14174,1700,1680,21,1701,3
2021-10-26,Monterey,053,433212,48544,47572,2850,50422,588
2021-10-26,Napa,055,140530,12922,12849,109,12958,101
2021-10-26,Nevada,057,99092,9100,8971,318,9289,90
2021-10-26,Orange,059,3164182,305980,303533,14940,318473,5580
2021-10-26,Placer,061,380077,36782,36245,3618,39863,434
2021-10-26,Plumas,063,18699,1737,1645,35,1680,7
2021-10-26,Riverside,065,2383286,361304,356775,16410,373185,5068
2021-10-26,Sacramento,067,1510023,157773,156643,4558,161201,2228
2021-10-26,San Benito,069,59416,7371,7325,169,7494,71
2021-10-26,San Bernardino,071,2135413,352194,349346,11093,360439,5764
2021-10-26,San Diego,073,3302833,371844,369043,21526,390569,4198
2021-10-26,San Francisco,075,870044,52690,52063,2330,54393,655
2021-10-26,San Joaquin,077,732212,99094,98036,5396,103432,1748
2021-10-26,San Luis Obispo,079,281455,29322,28928,1217,30145,337
2021-10-26,San Mateo,081,765935,53958,52974,855,53829,571
2021-10-26,Santa Barbara,083,443738,44496,43835,1607,45442,525
2021-10-26,Santa Clara,085,1922200,146315,144932,1318,146250,1903
2021-10-26,Santa Cruz,087,273765,20268,20067,1006,21073,221
2021-10-26,Shasta,089,179085,21164,20725,3570,24295,330
2021-10-26,Sierra,091,2930,182,169,20,189,0
2021-10-26,Siskiyou,093,43540,3320,3254,1276,4530,46
2021-10-26,Solano,095,438530,45761,45044,1253,46297,344
2021-10-26,Sonoma,097,501317,41169,40794,513,41307,393
2021-10-26,Stanislaus,099,539301,78515,77552,8763,86315,1157
2021-10-26,Sutter,101,95872,13839,13739,339,14078,176
2021-10-26,Tehama,103,63373,8383,8247,1471,9718,112
2021-10-26,Trinity,105,12862,847,705,215,920,11
2021-10-26,Tulare,107,460477,67771,66476,14804,81280,991
2021-10-26,Tuolumne,109,53932,7163,6995,91,7086,90
2021-10-26,Ventura,111,848112,97681,97014,4298,101312,1170
2021-10-26,Yolo,113,214977,19688,19490,1107,20597,248
2021-10-26,Yuba,115,75493,10038,9927,308,10235,82
2021-10-25,Alameda,001,1643700,119169,118319,2808,121127,1404
2021-10-25,Alpine,003,1148,104,105,0,105,0
2021-10-25,Amador,005,37829,5510,5455,57,5512,64
2021-10-25,Butte,007,227075,20673,20331,3702,24033,273
2021-10-25,Calaveras,009,45235,3988,3942,52,3994,82
2021-10-25,Colusa,011,21464,2508,2471,634,3105,18
2021-10-25,Contra Costa,013,1133247,98829,98267,2162,100429,1017
2021-10-25,Del Norte,015,27424,3654,3562,53,3615,42
2021-10-25,El Dorado,017,186661,15889,15663,1663,17326,149
2021-10-25,Fresno,019,978130,138015,135974,12082,148056,2112
2021-10-25,Glenn,021,27897,3465,3421,973,4394,33
2021-10-25,Humboldt,023,135768,8919,8825,541,9366,105
2021-10-25,Imperial,025,180216,33329,32968,3273,36241,766
2021-10-25,Inyo,027,18085,2275,2183,42,2225,41
2021-10-25,Kern,029,883053,125946,124078,21536,145614,1649
2021-10-25,Kings,031,150075,31876,31329,1906,33235,335
2021-10-25,Lake,033,64148,6665,6571,137,6708,105
2021-10-25,Lassen,035,31185,6782,6688,360,7048,42
2021-10-25,Los Angeles,037,10098052,1430085,1421061,54125,1475186,26579
2021-10-25,Madera,039,155013,22744,22325,2018,24343,281
2021-10-25,Marin,041,260295,17435,17334,448,17782,244
2021-10-25,Mariposa,043,17540,1244,1220,43,1263,5
2021-10-25,Mendocino,045,87422,7378,7296,472,7768,82
2021-10-25,Merced,047,269075,41565,41207,1721,42928,583
2021-10-25,Modoc,049,8938,524,512,185,697,5
2021-10-25,Mono,051,14174,1691,1677,21,1698,3
2021-10-25,Monterey,053,433212,48513,47547,2848,50395,587
2021-10-25,Napa,055,140530,12909,12841,109,12950,100
2021-10-25,Nevada,057,99092,9074,8958,318,9276,90
2021-10-25,Orange,059,3164182,305682,303279,14902,318181,5574
2021-10-25,Placer,061,380077,36674,36153,3608,39761,431
2021-10-25,Plumas,063,18699,1725,1641,35,1676,7
2021-10-25,Riverside,065,2383286,360877,356381,16395,372776,5056
2021-10-25,Sacramento,067,1510023,157468,156516,4532,161048,2235
2021-10-25,San Benito,069,59416,7357,7314,168,7482,71
2021-10-25,San Bernardino,071,2135413,351698,349075,11081,360156,5748
2021-10-25,San Diego,073,3302833,371259,368386,21498,389884,4196
2021-10-25,San Francisco,075,870044,52617,52041,2323,54364,649
2021-10-25,San Joaquin,077,732212,98892,97980,5387,103367,1740
2021-10-25,San Luis Obispo,079,281455,29274,28907,1212,30119,336
2021-10-25,San Mateo,081,765935,53898,52927,851,53778,571
2021-10-25,Santa Barbara,083,443738,44438,43775,1607,45382,525
2021-10-25,Santa Clara,085,1922200,146125,144895,1313,146208,1901
2021-10-25,Santa Cruz,087,273765,20240,20053,1005,21058,221
2021-10-25,Shasta,089,179085,21092,20666,3563,24229,326
2021-10-25,Sierra,091,2930,182,168,20,188,0
2021-10-25,Siskiyou,093,43540,3316,3248,1271,4519,46
2021-10-25,Solano,095,438530,45700,45022,1251,46273,344
2021-10-25,Sonoma,097,501317,41096,40746,511,41257,393
2021-10-25,Stanislaus,099,539301,78323,77452,8734,86186,1145
2021-10-25,Sutter,101,95872,13826,13721,336,14057,176
2021-10-25,Tehama,103,63373,8356,8224,1467,9691,111
2021-10-25,Trinity,105,12862,842,699,214,913,11
2021-10-25,Tulare,107,460477,67580,66357,14742,81099,986
2021-10-25,Tuolumne,109,53932,7129,6952,90,7042,90
2021-10-25,Ventura,111,848112,97585,96932,4294,101226,1167
2021-10-25,Yolo,113,214977,19639,19457,1104,20561,248
2021-10-25,Yuba,115,75493,10022,9924,304,10228,82
2021-10-24,Alameda,001,1643700,119040,117816,2803,120619,1397
2021-10-24,Alpine,003,1148,104,105,0,105,0
2021-10-24,Amador,005,37829,5505,5412,57,5469,64
2021-10-24,Butte,007,227075,20604,20101,3690,23791,273
2021-10-24,Calaveras,009,45235,3969,3865,51,3916,81
2021-10-24,Colusa,011,21464,2504,2458,631,3089,18
2021-10-24,Contra Costa,013,1133247,98713,97855,2152,100007,1008
2021-10-24,Del Norte,015,27424,3650,3540,53,3593,42
2021-10-24,El Dorado,017,186661,15853,15540,1659,17199,149
2021-10-24,Fresno,019,978130,137586,134466,12041,146507,2094
2021-10-24,Glenn,021,27897,3454,3399,971,4370,33
2021-10-24,Humboldt,023,135768,8906,8753,535,9288,105
2021-10-24,Imperial,025,180216,33251,32777,3265,36042,766
2021-10-24,Inyo,027,18085,2243,2108,42,2150,41
2021-10-24,Kern,029,883053,125615,122939,21417,144356,1636
2021-10-24,Kings,031,150075,31747,30942,1890,32832,325
2021-10-24,Lake,033,64148,6642,6501,137,6638,105
2021-10-24,Lassen,035,31185,6765,6632,359,6991,27
2021-10-24,Los Angeles,037,10098052,1428644,1415919,54057,1469976,26527
2021-10-24,Madera,039,155013,22667,22062,2005,24067,281
2021-10-24,Marin,041,260295,17419,17264,447,17711,244
2021-10-24,Mariposa,043,17540,1241,1184,43,1227,5
2021-10-24,Mendocino,045,87422,7354,7220,461,7681,82
2021-10-24,Merced,047,269075,41443,40808,1716,42524,581
2021-10-24,Modoc,049,8938,523,507,185,692,5
2021-10-24,Mono,051,14174,1687,1655,21,1676,3
2021-10-24,Monterey,053,433212,48465,47456,2837,50293,586
2021-10-24,Napa,055,140530,12898,12789,109,12898,100
2021-10-24,Nevada,057,99092,9051,8861,315,9176,90
2021-10-24,Orange,059,3164182,305335,302237,14864,317101,5546
2021-10-24,Placer,061,380077,36570,35822,3594,39416,426
2021-10-24,Plumas,063,18699,1715,1623,34,1657,7
2021-10-24,Riverside,065,2383286,360403,354688,16375,371063,5041
2021-10-24,Sacramento,067,1510023,157124,155125,4508,159633,2232
2021-10-24,San Benito,069,59416,7337,7280,168,7448,71
2021-10-24,San Bernardino,071,2135413,351153,347681,11069,358750,5688
2021-10-24,San Diego,073,3302833,370656,366085,21467,387552,4183
2021-10-24,San Francisco,075,870044,52553,51820,2317,54137,649
2021-10-24,San Joaquin,077,732212,98719,97440,5381,102821,1721
2021-10-24,San Luis Obispo,079,281455,29214,28755,1205,29960,333
2021-10-24,San Mateo,081,765935,53824,52719,851,53570,571
2021-10-24,Santa Barbara,083,443738,44374,43552,1605,45157,523
2021-10-24,Santa Clara,085,1922200,145936,144276,1303,145579,1897
2021-10-24,Santa Cruz,087,273765,20202,19967,1004,20971,221
2021-10-24,Shasta,089,179085,20992,20386,3557,23943,321
2021-10-24,Sierra,091,2930,182,168,20,188,0
2021-10-24,Siskiyou,093,43540,3309,3231,1267,4498,46
2021-10-24,Solano,095,438530,45650,44861,1246,46107,341
2021-10-24,Sonoma,097,501317,41014,40476,511,40987,393
2021-10-24,Stanislaus,099,539301,78133,76812,8722,85534,1145
2021-10-24,Sutter,101,95872,13799,13616,328,13944,175
2021-10-24,Tehama,103,63373,8308,8105,1456,9561,110
2021-10-24,Trinity,105,12862,838,696,211,907,11
2021-10-24,Tulare,107,460477,67411,65585,14669,80254,978
2021-10-24,Tuolumne,109,53932,7089,6840,88,6928,90
2021-10-24,Ventura,111,848112,97481,96664,4292,100956,1167
2021-10-24,Yolo,113,214977,19588,19280,1101,20381,248
2021-10-24,Yuba,115,75493,9997,9838,303,10141,82
2021-10-23,Alameda,001,1643700,118952,117816,2798,120614,1397
2021-10-23,Alpine,003,1148,104,105,0,105,0
2021-10-23,Amador,005,37829,5498,5412,57,5469,64
2021-10-23,Butte,007,227075,20570,20101,3681,23782,273
2021-10-23,Calaveras,009,45235,3962,3865,50,3915,81
2021-10-23,Colusa,011,21464,2502,2458,630,3088,18
2021-10-23,Contra Costa,013,1133247,98661,97855,2148,100003,1008
2021-10-23,Del Norte,015,27424,3648,3540,53,3593,42
2021-10-23,El Dorado,017,186661,15827,15540,1657,17197,149
2021-10-23,Fresno,019,978130,137411,134466,12033,146499,2094
2021-10-23,Glenn,021,27897,3451,3399,970,4369,33
2021-10-23,Humboldt,023,135768,8891,8753,530,9283,105
2021-10-23,Imperial,025,180216,33204,32777,3261,36038,766
2021-10-23,Inyo,027,18085,2232,2108,42,2150,41
2021-10-23,Kern,029,883053,125455,122939,21328,144267,1636
2021-10-23,Kings,031,150075,31701,30942,1888,32830,325
2021-10-23,Lake,033,64148,6637,6501,137,6638,105
2021-10-23,Lassen,035,31185,6762,6632,357,6989,27
2021-10-23,Los Angeles,037,10098052,1427968,1415919,54002,1469921,26527
2021-10-23,Madera,039,155013,22618,22062,1996,24058,281
2021-10-23,Marin,041,260295,17402,17264,446,17710,244
2021-10-23,Mariposa,043,17540,1238,1184,42,1226,5
2021-10-23,Mendocino,045,87422,7348,7220,460,7680,82
2021-10-23,Merced,047,269075,41402,40808,1714,42522,581
2021-10-23,Modoc,049,8938,521,507,185,692,5
2021-10-23,Mono,051,14174,1682,1655,21,1676,3
2021-10-23,Monterey,053,433212,48447,47456,2833,50289,586
2021-10-23,Napa,055,140530,12893,12789,109,12898,100
2021-10-23,Nevada,057,99092,9040,8861,313,9174,90
2021-10-23,Orange,059,3164182,305149,302237,14848,317085,5546
2021-10-23,Placer,061,380077,36508,35822,3588,39410,426
2021-10-23,Plumas,063,18699,1714,1623,34,1657,7
2021-10-23,Riverside,065,2383286,360083,354688,16368,371056,5041
2021-10-23,Sacramento,067,1510023,156995,155125,4500,159625,2232
2021-10-23,San Benito,069,59416,7327,7280,168,7448,71
2021-10-23,San Bernardino,071,2135413,350888,347681,11063,358744,5688
2021-10-23,San Diego,073,3302833,370298,366085,21436,387521,4183
2021-10-23,San Francisco,075,870044,52518,51820,2316,54136,649
2021-10-23,San Joaquin,077,732212,98652,97440,5372,102812,1721
2021-10-23,San Luis Obispo,079,281455,29177,28755,1203,29958,333
2021-10-23,San Mateo,081,765935,53786,52719,850,53569,571
2021-10-23,Santa Barbara,083,443738,44343,43552,1603,45155,523
2021-10-23,Santa Clara,085,1922200,145828,144276,1299,145575,1897
2021-10-23,Santa Cruz,087,273765,20190,19967,1004,20971,221
2021-10-23,Shasta,089,179085,20956,20386,3545,23931,321
2021-10-23,Sierra,091,2930,181,168,20,188,0
2021-10-23,Siskiyou,093,43540,3307,3231,1267,4498,46
2021-10-23,Solano,095,438530,45625,44861,1243,46104,341
2021-10-23,Sonoma,097,501317,40974,40476,511,40987,393
2021-10-23,Stanislaus,099,539301,78044,76812,8703,85515,1145
2021-10-23,Sutter,101,95872,13794,13616,327,13943,175
2021-10-23,Tehama,103,63373,8296,8105,1455,9560,110
2021-10-23,Trinity,105,12862,837,696,211,907,11
2021-10-23,Tulare,107,460477,67323,65585,14609,80194,978
2021-10-23,Tuolumne,109,53932,7068,6840,88,6928,90
2021-10-23,Ventura,111,848112,97423,96664,4291,100955,1167
2021-10-23,Yolo,113,214977,19570,19280,1098,20378,248
2021-10-23,Yuba,115,75493,9989,9838,303,10141,82
2021-10-22,Alameda,001,1643700,118865,117816,2795,120611,1397
2021-10-22,Alpine,003,1148,104,105,0,105,0
2021-10-22,Amador,005,37829,5487,5412,57,5469,64
2021-10-22,Butte,007,227075,20538,20101,3677,23778,273
2021-10-22,Calaveras,009,45235,3954,3865,50,3915,81
2021-10-22,Colusa,011,21464,2499,2458,630,3088,18
2021-10-22,Contra Costa,013,1133247,98570,97855,2146,100001,1008
2021-10-22,Del Norte,015,27424,3644,3540,53,3593,42
2021-10-22,El Dorado,017,186661,15814,15540,1655,17195,149
2021-10-22,Fresno,019,978130,137198,134466,12024,146490,2094
2021-10-22,Glenn,021,27897,3440,3399,970,4369,33
2021-10-22,Humboldt,023,135768,8878,8753,529,9282,105
2021-10-22,Imperial,025,180216,33161,32777,3261,36038,766
2021-10-22,Inyo,027,18085,2219,2108,42,2150,41
2021-10-22,Kern,029,883053,125268,122939,21255,144194,1636
2021-10-22,Kings,031,150075,31666,30942,1887,32829,325
2021-10-22,Lake,033,64148,6627,6501,137,6638,105
2021-10-22,Lassen,035,31185,6755,6632,354,6986,27
2021-10-22,Los Angeles,037,10098052,1427214,1415919,53943,1469862,26527
2021-10-22,Madera,039,155013,22569,22062,1983,24045,281
2021-10-22,Marin,041,260295,17390,17264,446,17710,244
2021-10-22,Mariposa,043,17540,1235,1184,42,1226,5
2021-10-22,Mendocino,045,87422,7334,7220,459,7679,82
2021-10-22,Merced,047,269075,41363,40808,1709,42517,581
2021-10-22,Modoc,049,8938,521,507,185,692,5
2021-10-22,Mono,051,14174,1680,1655,21,1676,3
2021-10-22,Monterey,053,433212,48414,47456,2830,50286,586
2021-10-22,Napa,055,140530,12887,12789,109,12898,100
2021-10-22,Nevada,057,99092,9023,8861,312,9173,90
2021-10-22,Orange,059,3164182,304932,302237,14818,317055,5546
2021-10-22,Placer,061,380077,36480,35822,3579,39401,426
2021-10-22,Plumas,063,18699,1708,1623,34,1657,7
2021-10-22,Riverside,065,2383286,359772,354688,16363,371051,5041
2021-10-22,Sacramento,067,1510023,156808,155125,4490,159615,2232
2021-10-22,San Benito,069,59416,7322,7280,168,7448,71
2021-10-22,San Bernardino,071,2135413,350560,347681,11049,358730,5688
2021-10-22,San Diego,073,3302833,369885,366085,21418,387503,4183
2021-10-22,San Francisco,075,870044,52483,51820,2309,54129,649
2021-10-22,San Joaquin,077,732212,98593,97440,5369,102809,1721
2021-10-22,San Luis Obispo,079,281455,29147,28755,1203,29958,333
2021-10-22,San Mateo,081,765935,53737,52719,843,53562,571
2021-10-22,Santa Barbara,083,443738,44303,43552,1603,45155,523
2021-10-22,Santa Clara,085,1922200,145672,144276,1292,145568,1897
2021-10-22,Santa Cruz,087,273765,20168,19967,1004,20971,221
2021-10-22,Shasta,089,179085,20924,20386,3542,23928,321
2021-10-22,Sierra,091,2930,180,168,19,187,0
2021-10-22,Siskiyou,093,43540,3305,3231,1264,4495,46
2021-10-22,Solano,095,438530,45590,44861,1239,46100,341
2021-10-22,Sonoma,097,501317,40917,40476,511,40987,393
2021-10-22,Stanislaus,099,539301,77941,76812,8684,85496,1145
2021-10-22,Sutter,101,95872,13779,13616,327,13943,175
2021-10-22,Tehama,103,63373,8275,8105,1450,9555,110
2021-10-22,Trinity,105,12862,836,696,211,907,11
2021-10-22,Tulare,107,460477,67239,65585,14554,80139,978
2021-10-22,Tuolumne,109,53932,7033,6840,88,6928,90
2021-10-22,Ventura,111,848112,97369,96664,4284,100948,1167
2021-10-22,Yolo,113,214977,19543,19280,1096,20376,248
2021-10-22,Yuba,115,75493,9975,9838,301,10139,82
2021-10-21,Alameda,001,1643700,118750,117816,2790,120606,1397
2021-10-21,Alpine,003,1148,104,105,0,105,0
2021-10-21,Amador,005,37829,5479,5412,57,5469,64
2021-10-21,Butte,007,227075,20455,20101,3664,23765,273
2021-10-21,Calaveras,009,45235,3935,3865,50,3915,81
2021-10-21,Colusa,011,21464,2495,2458,623,3081,18
2021-10-21,Contra Costa,013,1133247,98455,97855,2140,99995,1008
2021-10-21,Del Norte,015,27424,3638,3540,52,3592,42
2021-10-21,El Dorado,017,186661,15786,15540,1648,17188,149
2021-10-21,Fresno,019,978130,136850,134466,11985,146451,2094
2021-10-21,Glenn,021,27897,3436,3399,966,4365,33
2021-10-21,Humboldt,023,135768,8864,8753,525,9278,105
2021-10-21,Imperial,025,180216,33106,32777,3257,36034,766
2021-10-21,Inyo,027,18085,2197,2108,42,2150,41
2021-10-21,Kern,029,883053,125021,122939,21143,144082,1636
2021-10-21,Kings,031,150075,31567,30942,1881,32823,325
2021-10-21,Lake,033,64148,6614,6501,137,6638,105
2021-10-21,Lassen,035,31185,6742,6632,350,6982,27
2021-10-21,Los Angeles,037,10098052,1426102,1415919,53893,1469812,26527
2021-10-21,Madera,039,155013,22511,22062,1973,24035,281
2021-10-21,Marin,041,260295,17372,17264,446,17710,244
2021-10-21,Mariposa,043,17540,1229,1184,41,1225,5
2021-10-21,Mendocino,045,87422,7316,7220,451,7671,82
2021-10-21,Merced,047,269075,41261,40808,1702,42510,581
2021-10-21,Modoc,049,8938,521,507,185,692,5
2021-10-21,Mono,051,14174,1671,1655,21,1676,3
2021-10-21,Monterey,053,433212,48379,47456,2818,50274,586
2021-10-21,Napa,055,140530,12875,12789,109,12898,100
2021-10-21,Nevada,057,99092,8998,8861,312,9173,90
2021-10-21,Orange,059,3164182,304655,302237,14782,317019,5546
2021-10-21,Placer,061,380077,36392,35822,3566,39388,426
2021-10-21,Plumas,063,18699,1694,1623,34,1657,7
2021-10-21,Riverside,065,2383286,359327,354688,16352,371040,5041
2021-10-21,Sacramento,067,1510023,156489,155125,4465,159590,2232
2021-10-21,San Benito,069,59416,7315,7280,166,7446,71
2021-10-21,San Bernardino,071,2135413,350182,347681,11014,358695,5688
2021-10-21,San Diego,073,3302833,369360,366085,21388,387473,4183
2021-10-21,San Francisco,075,870044,52427,51820,2308,54128,649
2021-10-21,San Joaquin,077,732212,98454,97440,5362,102802,1721
2021-10-21,San Luis Obispo,079,281455,29105,28755,1201,29956,333
2021-10-21,San Mateo,081,765935,53691,52719,842,53561,571
2021-10-21,Santa Barbara,083,443738,44238,43552,1601,45153,523
2021-10-21,Santa Clara,085,1922200,145499,144276,1288,145564,1897
2021-10-21,Santa Cruz,087,273765,20144,19967,1002,20969,221
2021-10-21,Shasta,089,179085,20862,20386,3527,23913,321
2021-10-21,Sierra,091,2930,179,168,18,186,0
2021-10-21,Siskiyou,093,43540,3300,3231,1262,4493,46
2021-10-21,Solano,095,438530,45538,44861,1237,46098,341
2021-10-21,Sonoma,097,501317,40848,40476,509,40985,393
2021-10-21,Stanislaus,099,539301,77772,76812,8673,85485,1145
2021-10-21,Sutter,101,95872,13751,13616,323,13939,175
2021-10-21,Tehama,103,63373,8247,8105,1443,9548,110
2021-10-21,Trinity,105,12862,834,696,211,907,11
2021-10-21,Tulare,107,460477,67049,65585,14482,80067,978
2021-10-21,Tuolumne,109,53932,6995,6840,87,6927,90
2021-10-21,Ventura,111,848112,97277,96664,4283,100947,1167
2021-10-21,Yolo,113,214977,19498,19280,1094,20374,248
2021-10-21,Yuba,115,75493,9951,9838,300,10138,82
2021-10-20,Alameda,001,1643700,118625,117654,2789,120443,1390
2021-10-20,Alpine,003,1148,104,103,0,103,0
2021-10-20,Amador,005,37829,5471,5379,57,5436,64
2021-10-20,Butte,007,227075,20401,20021,3649,23670,270
2021-10-20,Calaveras,009,45235,3914,3844,49,3893,81
2021-10-20,Colusa,011,21464,2491,2454,621,3075,18
2021-10-20,Contra Costa,013,1133247,98342,97721,2135,99856,1008
2021-10-20,Del Norte,015,27424,3634,3536,52,3588,42
2021-10-20,El Dorado,017,186661,15756,15502,1645,17147,149
2021-10-20,Fresno,019,978130,136451,134025,11961,145986,2084
2021-10-20,Glenn,021,27897,3429,3382,964,4346,33
2021-10-20,Humboldt,023,135768,8842,8727,523,9250,105
2021-10-20,Imperial,025,180216,33032,32705,3249,35954,766
2021-10-20,Inyo,027,18085,2177,2077,41,2118,40
2021-10-20,Kern,029,883053,124728,122630,21022,143652,1623
2021-10-20,Kings,031,150075,31491,30805,1871,32676,322
2021-10-20,Lake,033,64148,6592,6475,137,6612,104
2021-10-20,Lassen,035,31185,6727,6622,350,6972,27
2021-10-20,Los Angeles,037,10098052,1424988,1414931,53817,1468748,26506
2021-10-20,Madera,039,155013,22441,21983,1964,23947,281
2021-10-20,Marin,041,260295,17351,17250,444,17694,244
2021-10-20,Mariposa,043,17540,1222,1174,41,1215,5
2021-10-20,Mendocino,045,87422,7289,7189,448,7637,82
2021-10-20,Merced,047,269075,41174,40685,1691,42376,581
2021-10-20,Modoc,049,8938,521,504,185,689,5
2021-10-20,Mono,051,14174,1671,1653,21,1674,3
2021-10-20,Monterey,053,433212,48349,47430,2810,50240,587
2021-10-20,Napa,055,140530,12861,12773,108,12881,100
2021-10-20,Nevada,057,99092,8970,8836,312,9148,90
2021-10-20,Orange,059,3164182,304375,301957,14760,316717,5534
2021-10-20,Placer,061,380077,36303,35729,3557,39286,425
2021-10-20,Plumas,063,18699,1687,1604,34,1638,7
2021-10-20,Riverside,065,2383286,358883,354311,16335,370646,5030
2021-10-20,Sacramento,067,1510023,156190,154822,4441,159263,2222
2021-10-20,San Benito,069,59416,7312,7275,164,7439,71
2021-10-20,San Bernardino,071,2135413,349785,347217,10982,358199,5663
2021-10-20,San Diego,073,3302833,368844,365698,21369,387067,4178
2021-10-20,San Francisco,075,870044,52377,51755,2307,54062,646
2021-10-20,San Joaquin,077,732212,98307,97246,5354,102600,1721
2021-10-20,San Luis Obispo,079,281455,29061,28727,1197,29924,332
2021-10-20,San Mateo,081,765935,53620,52663,834,53497,571
2021-10-20,Santa Barbara,083,443738,44177,43489,1600,45089,523
2021-10-20,Santa Clara,085,1922200,145363,144124,1283,145407,1896
2021-10-20,Santa Cruz,087,273765,20131,19951,1002,20953,219
2021-10-20,Shasta,089,179085,20801,20313,3500,23813,320
2021-10-20,Sierra,091,2930,179,168,18,186,0
2021-10-20,Siskiyou,093,43540,3300,3224,1256,4480,46
2021-10-20,Solano,095,438530,45505,44819,1235,46054,341
2021-10-20,Sonoma,097,501317,40802,40404,509,40913,393
2021-10-20,Stanislaus,099,539301,77622,76631,8654,85285,1145
2021-10-20,Sutter,101,95872,13727,13592,317,13909,175
2021-10-20,Tehama,103,63373,8216,8081,1432,9513,110
2021-10-20,Trinity,105,12862,834,693,210,903,11
2021-10-20,Tulare,107,460477,66875,65413,14439,79852,967
2021-10-20,Tuolumne,109,53932,6974,6803,87,6890,89
2021-10-20,Ventura,111,848112,97186,96610,4280,100890,1166
2021-10-20,Yolo,113,214977,19454,19236,1092,20328,248
2021-10-20,Yuba,115,75493,9934,9808,297,10105,82
2021-10-19,Alameda,001,1643700,118504,117542,2783,120325,1383
2021-10-19,Alpine,003,1148,104,103,0,103,0
2021-10-19,Amador,005,37829,5455,5367,57,5424,64
2021-10-19,Butte,007,227075,20347,19974,3641,23615,268
2021-10-19,Calaveras,009,45235,3897,3826,48,3874,80
2021-10-19,Colusa,011,21464,2488,2447,619,3066,18
2021-10-19,Contra Costa,013,1133247,98251,97613,2129,99742,1004
2021-10-19,Del Norte,015,27424,3627,3531,52,3583,42
2021-10-19,El Dorado,017,186661,15731,15478,1640,17118,149
2021-10-19,Fresno,019,978130,136094,133813,11926,145739,2073
2021-10-19,Glenn,021,27897,3428,3380,960,4340,33
2021-10-19,Humboldt,023,135768,8818,8714,517,9231,105
2021-10-19,Imperial,025,180216,32964,32632,3245,35877,764
2021-10-19,Inyo,027,18085,2146,2045,41,2086,40
2021-10-19,Kern,029,883053,124410,122391,20898,143289,1613
2021-10-19,Kings,031,150075,31396,30757,1864,32621,322
2021-10-19,Lake,033,64148,6588,6465,137,6602,104
2021-10-19,Lassen,035,31185,6721,6612,345,6957,27
2021-10-19,Los Angeles,037,10098052,1423750,1413882,53739,1467621,26473
2021-10-19,Madera,039,155013,22378,21950,1956,23906,281
2021-10-19,Marin,041,260295,17337,17241,441,17682,244
2021-10-19,Mariposa,043,17540,1216,1171,39,1210,5
2021-10-19,Mendocino,045,87422,7274,7172,445,7617,82
2021-10-19,Merced,047,269075,41058,40628,1671,42299,580
2021-10-19,Modoc,049,8938,519,502,185,687,5
2021-10-19,Mono,051,14174,1665,1651,21,1672,3
2021-10-19,Monterey,053,433212,48311,47412,2799,50211,583
2021-10-19,Napa,055,140530,12854,12769,108,12877,100
2021-10-19,Nevada,057,99092,8949,8829,311,9140,90
2021-10-19,Orange,059,3164182,304122,301700,14725,316425,5527
2021-10-19,Placer,061,380077,36182,35663,3542,39205,422
2021-10-19,Plumas,063,18699,1669,1586,34,1620,8
2021-10-19,Riverside,065,2383286,358462,353891,16327,370218,5020
2021-10-19,Sacramento,067,1510023,155882,154570,4415,158985,2227
2021-10-19,San Benito,069,59416,7296,7264,164,7428,71
2021-10-19,San Bernardino,071,2135413,349390,346814,10952,357766,5627
2021-10-19,San Diego,073,3302833,368251,365285,21338,386623,4170
2021-10-19,San Francisco,075,870044,52314,51704,2305,54009,645
2021-10-19,San Joaquin,077,732212,98139,97105,5343,102448,1721
2021-10-19,San Luis Obispo,079,281455,29014,28670,1194,29864,332
2021-10-19,San Mateo,081,765935,53561,52617,832,53449,571
2021-10-19,Santa Barbara,083,443738,44110,43413,1598,45011,522
2021-10-19,Santa Clara,085,1922200,145190,143989,1275,145264,1898
2021-10-19,Santa Cruz,087,273765,20107,19895,1000,20895,218
2021-10-19,Shasta,089,179085,20724,20209,3492,23701,319
2021-10-19,Sierra,091,2930,176,168,18,186,0
2021-10-19,Siskiyou,093,43540,3296,3216,1251,4467,46
2021-10-19,Solano,095,438530,45463,44782,1229,46011,341
2021-10-19,Sonoma,097,501317,40728,40379,508,40887,392
2021-10-19,Stanislaus,099,539301,77480,76526,8642,85168,1145
2021-10-19,Sutter,101,95872,13703,13569,316,13885,174
2021-10-19,Tehama,103,63373,8186,8057,1416,9473,108
2021-10-19,Trinity,105,12862,827,691,210,901,11
2021-10-19,Tulare,107,460477,66692,65253,14371,79624,958
2021-10-19,Tuolumne,109,53932,6946,6782,86,6868,89
2021-10-19,Ventura,111,848112,97106,96539,4276,100815,1166
2021-10-19,Yolo,113,214977,19411,19206,1087,20293,248
2021-10-19,Yuba,115,75493,9916,9796,296,10092,82
2021-10-18,Alameda,001,1643700,118367,117506,2774,120280,1381
2021-10-18,Alpine,003,1148,104,103,0,103,0
2021-10-18,Amador,005,37829,5444,5345,57,5402,64
2021-10-18,Butte,007,227075,20297,19921,3633,23554,265
2021-10-18,Calaveras,009,45235,3872,3819,47,3866,80
2021-10-18,Colusa,011,21464,2487,2444,617,3061,18
2021-10-18,Contra Costa,013,1133247,98139,97585,2125,99710,995
2021-10-18,Del Norte,015,27424,3620,3529,52,3581,41
2021-10-18,El Dorado,017,186661,15700,15452,1637,17089,149
2021-10-18,Fresno,019,978130,135699,133688,11891,145579,2063
2021-10-18,Glenn,021,27897,3422,3370,954,4324,32
2021-10-18,Humboldt,023,135768,8799,8699,509,9208,104
2021-10-18,Imperial,025,180216,32873,32558,3244,35802,764
2021-10-18,Inyo,027,18085,2128,2020,41,2061,40
2021-10-18,Kern,029,883053,124109,122231,20801,143032,1605
2021-10-18,Kings,031,150075,31281,30698,1851,32549,320
2021-10-18,Lake,033,64148,6569,6455,135,6590,104
2021-10-18,Lassen,035,31185,6701,6607,342,6949,26
2021-10-18,Los Angeles,037,10098052,1422511,1413291,53661,1466952,26446
2021-10-18,Madera,039,155013,22324,21909,1944,23853,277
2021-10-18,Marin,041,260295,17317,17232,438,17670,244
2021-10-18,Mariposa,043,17540,1208,1160,39,1199,5
2021-10-18,Mendocino,045,87422,7255,7156,436,7592,82
2021-10-18,Merced,047,269075,40934,40573,1661,42234,579
2021-10-18,Modoc,049,8938,519,498,185,683,5
2021-10-18,Mono,051,14174,1658,1648,20,1668,3
2021-10-18,Monterey,053,433212,48289,47389,2794,50183,583
2021-10-18,Napa,055,140530,12839,12762,108,12870,100
2021-10-18,Nevada,057,99092,8930,8816,311,9127,90
2021-10-18,Orange,059,3164182,303782,301573,14692,316265,5524
2021-10-18,Placer,061,380077,36104,35598,3538,39136,420
2021-10-18,Plumas,063,18699,1661,1579,34,1613,6
2021-10-18,Riverside,065,2383286,358048,353699,16313,370012,5008
2021-10-18,Sacramento,067,1510023,155577,154428,4383,158811,2203
2021-10-18,San Benito,069,59416,7284,7253,164,7417,71
2021-10-18,San Bernardino,071,2135413,348970,346742,10938,357680,5606
2021-10-18,San Diego,073,3302833,367685,364948,21300,386248,4169
2021-10-18,San Francisco,075,870044,52251,51671,2299,53970,644
2021-10-18,San Joaquin,077,732212,97973,97041,5333,102374,1721
2021-10-18,San Luis Obispo,079,281455,28975,28644,1191,29835,331
2021-10-18,San Mateo,081,765935,53496,52594,831,53425,571
2021-10-18,Santa Barbara,083,443738,44053,43386,1596,44982,522
2021-10-18,Santa Clara,085,1922200,145035,143891,1266,145157,1895
2021-10-18,Santa Cruz,087,273765,20093,19876,998,20874,218
2021-10-18,Shasta,089,179085,20643,20146,3480,23626,313
2021-10-18,Sierra,091,2930,176,166,18,184,0
2021-10-18,Siskiyou,093,43540,3293,3210,1243,4453,42
2021-10-18,Solano,095,438530,45419,44758,1226,45984,339
2021-10-18,Sonoma,097,501317,40664,40349,505,40854,392
2021-10-18,Stanislaus,099,539301,77314,76466,8630,85096,1145
2021-10-18,Sutter,101,95872,13669,13557,314,13871,172
2021-10-18,Tehama,103,63373,8152,8042,1404,9446,107
2021-10-18,Trinity,105,12862,826,688,210,898,11
2021-10-18,Tulare,107,460477,66517,65171,14307,79478,958
2021-10-18,Tuolumne,109,53932,6917,6755,86,6841,89
2021-10-18,Ventura,111,848112,97013,96506,4274,100780,1165
2021-10-18,Yolo,113,214977,19374,19197,1084,20281,248
2021-10-18,Yuba,115,75493,9889,9782,294,10076,82
2021-10-17,Alameda,001,1643700,118214,117423,2769,120192,1376
2021-10-17,Alpine,003,1148,104,103,0,103,0
2021-10-17,Amador,005,37829,5421,5341,57,5398,64
2021-10-17,Butte,007,227075,20212,19897,3624,23521,265
2021-10-17,Calaveras,009,45235,3856,3805,47,3852,80
2021-10-17,Colusa,011,21464,2482,2442,610,3052,18
2021-10-17,Contra Costa,013,1133247,98016,97485,2114,99599,995
2021-10-17,Del Norte,015,27424,3615,3526,52,3578,41
2021-10-17,El Dorado,017,186661,15642,15438,1630,17068,149
2021-10-17,Fresno,019,978130,135233,133429,11858,145287,2063
2021-10-17,Glenn,021,27897,3406,3364,952,4316,32
2021-10-17,Humboldt,023,135768,8779,8690,506,9196,104
2021-10-17,Imperial,025,180216,32791,32520,3238,35758,764
2021-10-17,Inyo,027,18085,2100,2000,41,2041,40
2021-10-17,Kern,029,883053,123759,122085,20704,142789,1603
2021-10-17,Kings,031,150075,31167,30636,1842,32478,315
2021-10-17,Lake,033,64148,6553,6437,134,6571,104
2021-10-17,Lassen,035,31185,6689,6605,337,6942,26
2021-10-17,Los Angeles,037,10098052,1421173,1412371,53585,1465956,26443
2021-10-17,Madera,039,155013,22262,21869,1934,23803,277
2021-10-17,Marin,041,260295,17295,17211,438,17649,243
2021-10-17,Mariposa,043,17540,1201,1150,39,1189,5
2021-10-17,Mendocino,045,87422,7227,7148,430,7578,82
2021-10-17,Merced,047,269075,40807,40531,1647,42178,579
2021-10-17,Modoc,049,8938,516,498,183,681,5
2021-10-17,Mono,051,14174,1656,1640,19,1659,3
2021-10-17,Monterey,053,433212,48246,47369,2784,50153,583
2021-10-17,Napa,055,140530,12824,12753,105,12858,100
2021-10-17,Nevada,057,99092,8913,8794,310,9104,90
2021-10-17,Orange,059,3164182,303470,301414,14659,316073,5524
2021-10-17,Placer,061,380077,36003,35559,3523,39082,420
2021-10-17,Plumas,063,18699,1637,1571,32,1603,6
2021-10-17,Riverside,065,2383286,357565,353500,16299,369799,5008
2021-10-17,Sacramento,067,1510023,155175,154080,4365,158445,2213
2021-10-17,San Benito,069,59416,7275,7250,163,7413,71
2021-10-17,San Bernardino,071,2135413,348540,346524,10917,357441,5597
2021-10-17,San Diego,073,3302833,367077,364675,21272,385947,4163
2021-10-17,San Francisco,075,870044,52178,51625,2289,53914,644
2021-10-17,San Joaquin,077,732212,97800,96950,5324,102274,1721
2021-10-17,San Luis Obispo,079,281455,28924,28604,1183,29787,331
2021-10-17,San Mateo,081,765935,53444,52541,827,53368,571
2021-10-17,Santa Barbara,083,443738,43991,43344,1595,44939,522
2021-10-17,Santa Clara,085,1922200,144860,143768,1257,145025,1895
2021-10-17,Santa Cruz,087,273765,20065,19861,996,20857,218
2021-10-17,Shasta,089,179085,20553,20116,3470,23586,312
2021-10-17,Sierra,091,2930,174,165,18,183,0
2021-10-17,Siskiyou,093,43540,3285,3204,1240,4444,42
2021-10-17,Solano,095,438530,45362,44722,1225,45947,340
2021-10-17,Sonoma,097,501317,40588,40306,505,40811,392
2021-10-17,Stanislaus,099,539301,77116,76354,8617,84971,1145
2021-10-17,Sutter,101,95872,13652,13543,312,13855,172
2021-10-17,Tehama,103,63373,8120,8015,1387,9402,107
2021-10-17,Trinity,105,12862,823,686,209,895,11
2021-10-17,Tulare,107,460477,66334,65057,14233,79290,958
2021-10-17,Tuolumne,109,53932,6883,6735,85,6820,89
2021-10-17,Ventura,111,848112,96918,96458,4271,100729,1165
2021-10-17,Yolo,113,214977,19333,19171,1075,20246,248
2021-10-17,Yuba,115,75493,9863,9771,292,10063,82
2021-10-16,Alameda,001,1643700,118126,117027,2768,119795,1365
2021-10-16,Alpine,003,1148,103,102,0,102,0
2021-10-16,Amador,005,37829,5414,5310,57,5367,64
2021-10-16,Butte,007,227075,20181,19612,3617,23229,260
2021-10-16,Calaveras,009,45235,3849,3771,47,3818,80
2021-10-16,Colusa,011,21464,2478,2431,607,3038,18
2021-10-16,Contra Costa,013,1133247,97923,97107,2107,99214,982
2021-10-16,Del Norte,015,27424,3612,3516,52,3568,41
2021-10-16,El Dorado,017,186661,15620,15315,1628,16943,149
2021-10-16,Fresno,019,978130,135084,132433,11851,144284,2051
2021-10-16,Glenn,021,27897,3403,3331,952,4283,26
2021-10-16,Humboldt,023,135768,8767,8621,501,9122,104
2021-10-16,Imperial,025,180216,32776,32368,3236,35604,764
2021-10-16,Inyo,027,18085,2086,1932,41,1973,39
2021-10-16,Kern,029,883053,123604,121354,20620,141974,1590
2021-10-16,Kings,031,150075,31121,30418,1839,32257,314
2021-10-16,Lake,033,64148,6542,6378,134,6512,104
2021-10-16,Lassen,035,31185,6680,6559,332,6891,26
2021-10-16,Los Angeles,037,10098052,1420525,1409418,53530,1462948,26398
2021-10-16,Madera,039,155013,22218,21707,1931,23638,277
2021-10-16,Marin,041,260295,17286,17148,438,17586,243
2021-10-16,Mariposa,043,17540,1198,1096,39,1135,5
2021-10-16,Mendocino,045,87422,7217,7099,430,7529,82
2021-10-16,Merced,047,269075,40774,40265,1646,41911,577
2021-10-16,Modoc,049,8938,513,492,183,675,5
2021-10-16,Mono,051,14174,1654,1628,19,1647,3
2021-10-16,Monterey,053,433212,48229,47293,2776,50069,582
2021-10-16,Napa,055,140530,12813,12706,105,12811,100
2021-10-16,Nevada,057,99092,8893,8739,310,9049,90
2021-10-16,Orange,059,3164182,303293,300722,14634,315356,5509
2021-10-16,Placer,061,380077,35918,35343,3517,38860,412
2021-10-16,Plumas,063,18699,1632,1542,31,1573,6
2021-10-16,Riverside,065,2383286,357296,352435,16287,368722,4990
2021-10-16,Sacramento,067,1510023,154976,153264,4361,157625,2192
2021-10-16,San Benito,069,59416,7262,7210,162,7372,71
2021-10-16,San Bernardino,071,2135413,348335,345418,10910,356328,5566
2021-10-16,San Diego,073,3302833,366754,363109,21256,384365,4151
2021-10-16,San Francisco,075,870044,52130,51436,2285,53721,645
2021-10-16,San Joaquin,077,732212,97729,96507,5321,101828,1708
2021-10-16,San Luis Obispo,079,281455,28898,28460,1182,29642,329
2021-10-16,San Mateo,081,765935,53396,52399,826,53225,569
2021-10-16,Santa Barbara,083,443738,43955,43175,1594,44769,521
2021-10-16,Santa Clara,085,1922200,144759,143282,1249,144531,1890
2021-10-16,Santa Cruz,087,273765,20050,19794,995,20789,218
2021-10-16,Shasta,089,179085,20503,19932,3459,23391,309
2021-10-16,Sierra,091,2930,172,160,18,178,0
2021-10-16,Siskiyou,093,43540,3283,3173,1233,4406,42
2021-10-16,Solano,095,438530,45336,44585,1221,45806,334
2021-10-16,Sonoma,097,501317,40548,40195,505,40700,390
2021-10-16,Stanislaus,099,539301,77030,75868,8608,84476,1142
2021-10-16,Sutter,101,95872,13633,13471,311,13782,169
2021-10-16,Tehama,103,63373,8106,7907,1382,9289,104
2021-10-16,Trinity,105,12862,823,679,209,888,11
2021-10-16,Tulare,107,460477,66200,64489,14200,78689,951
2021-10-16,Tuolumne,109,53932,6851,6666,85,6751,89
2021-10-16,Ventura,111,848112,96890,96181,4266,100447,1164
2021-10-16,Yolo,113,214977,19306,19078,1069,20147,247
2021-10-16,Yuba,115,75493,9839,9705,289,9994,82
2021-10-15,Alameda,001,1643700,118052,117027,2764,119791,1365
2021-10-15,Alpine,003,1148,103,102,0,102,0
2021-10-15,Amador,005,37829,5390,5310,57,5367,64
2021-10-15,Butte,007,227075,20145,19612,3610,23222,260
2021-10-15,Calaveras,009,45235,3843,3771,47,3818,80
2021-10-15,Colusa,011,21464,2476,2431,604,3035,18
2021-10-15,Contra Costa,013,1133247,97842,97107,2103,99210,982
2021-10-15,Del Norte,015,27424,3610,3516,52,3568,41
2021-10-15,El Dorado,017,186661,15600,15315,1623,16938,149
2021-10-15,Fresno,019,978130,134831,132433,11844,144277,2051
2021-10-15,Glenn,021,27897,3399,3331,951,4282,26
2021-10-15,Humboldt,023,135768,8758,8621,499,9120,104
2021-10-15,Imperial,025,180216,32729,32368,3232,35600,764
2021-10-15,Inyo,027,18085,2068,1932,41,1973,39
2021-10-15,Kern,029,883053,123469,121354,20546,141900,1590
2021-10-15,Kings,031,150075,31066,30418,1835,32253,314
2021-10-15,Lake,033,64148,6533,6378,134,6512,104
2021-10-15,Lassen,035,31185,6668,6559,331,6890,26
2021-10-15,Los Angeles,037,10098052,1419835,1409418,53481,1462899,26398
2021-10-15,Madera,039,155013,22174,21707,1923,23630,277
2021-10-15,Marin,041,260295,17275,17148,438,17586,243
2021-10-15,Mariposa,043,17540,1190,1096,39,1135,5
2021-10-15,Mendocino,045,87422,7202,7099,430,7529,82
2021-10-15,Merced,047,269075,40744,40265,1643,41908,577
2021-10-15,Modoc,049,8938,512,492,183,675,5
2021-10-15,Mono,051,14174,1652,1628,19,1647,3
2021-10-15,Monterey,053,433212,48207,47293,2774,50067,582
2021-10-15,Napa,055,140530,12809,12706,105,12811,100
2021-10-15,Nevada,057,99092,8878,8739,310,9049,90
2021-10-15,Orange,059,3164182,303123,300722,14615,315337,5509
2021-10-15,Placer,061,380077,35864,35343,3511,38854,412
2021-10-15,Plumas,063,18699,1624,1542,31,1573,6
2021-10-15,Riverside,065,2383286,357054,352435,16282,368717,4990
2021-10-15,Sacramento,067,1510023,154791,153264,4351,157615,2192
2021-10-15,San Benito,069,59416,7259,7210,162,7372,71
2021-10-15,San Bernardino,071,2135413,348100,345418,10908,356326,5566
2021-10-15,San Diego,073,3302833,366390,363109,21231,384340,4151
2021-10-15,San Francisco,075,870044,52090,51436,2278,53714,645
2021-10-15,San Joaquin,077,732212,97652,96507,5314,101821,1708
2021-10-15,San Luis Obispo,079,281455,28877,28460,1180,29640,329
2021-10-15,San Mateo,081,765935,53352,52399,825,53224,569
2021-10-15,Santa Barbara,083,443738,43917,43175,1594,44769,521
2021-10-15,Santa Clara,085,1922200,144638,143282,1241,144523,1890
2021-10-15,Santa Cruz,087,273765,20039,19794,995,20789,218
2021-10-15,Shasta,089,179085,20446,19932,3451,23383,309
2021-10-15,Sierra,091,2930,171,160,18,178,0
2021-10-15,Siskiyou,093,43540,3282,3173,1230,4403,42
2021-10-15,Solano,095,438530,45310,44585,1221,45806,334
2021-10-15,Sonoma,097,501317,40514,40195,504,40699,390
2021-10-15,Stanislaus,099,539301,76950,75868,8592,84460,1142
2021-10-15,Sutter,101,95872,13616,13471,309,13780,169
2021-10-15,Tehama,103,63373,8084,7907,1376,9283,104
2021-10-15,Trinity,105,12862,823,679,209,888,11
2021-10-15,Tulare,107,460477,66121,64489,14163,78652,951
2021-10-15,Tuolumne,109,53932,6828,6666,83,6749,89
2021-10-15,Ventura,111,848112,96849,96181,4262,100443,1164
2021-10-15,Yolo,113,214977,19292,19078,1065,20143,247
2021-10-15,Yuba,115,75493,9829,9705,288,9993,82
2021-10-14,Alameda,001,1643700,117941,117027,2759,119786,1365
2021-10-14,Alpine,003,1148,103,102,0,102,0
2021-10-14,Amador,005,37829,5379,5310,57,5367,64
2021-10-14,Butte,007,227075,20093,19612,3605,23217,260
2021-10-14,Calaveras,009,45235,3830,3771,46,3817,80
2021-10-14,Colusa,011,21464,2474,2431,602,3033,18
2021-10-14,Contra Costa,013,1133247,97708,97107,2095,99202,982
2021-10-14,Del Norte,015,27424,3604,3516,52,3568,41
2021-10-14,El Dorado,017,186661,15561,15315,1620,16935,149
2021-10-14,Fresno,019,978130,134539,132433,11824,144257,2051
2021-10-14,Glenn,021,27897,3396,3331,950,4281,26
2021-10-14,Humboldt,023,135768,8741,8621,496,9117,104
2021-10-14,Imperial,025,180216,32665,32368,3225,35593,764
2021-10-14,Inyo,027,18085,2049,1932,41,1973,39
2021-10-14,Kern,029,883053,123199,121354,20446,141800,1590
2021-10-14,Kings,031,150075,31001,30418,1827,32245,314
2021-10-14,Lake,033,64148,6512,6378,133,6511,104
2021-10-14,Lassen,035,31185,6662,6559,330,6889,26
2021-10-14,Los Angeles,037,10098052,1418854,1409418,53430,1462848,26398
2021-10-14,Madera,039,155013,22109,21707,1919,23626,277
2021-10-14,Marin,041,260295,17270,17148,436,17584,243
2021-10-14,Mariposa,043,17540,1177,1096,38,1134,5
2021-10-14,Mendocino,045,87422,7188,7099,429,7528,82
2021-10-14,Merced,047,269075,40655,40265,1630,41895,577
2021-10-14,Modoc,049,8938,512,492,183,675,5
2021-10-14,Mono,051,14174,1645,1628,19,1647,3
2021-10-14,Monterey,053,433212,48181,47293,2769,50062,582
2021-10-14,Napa,055,140530,12794,12706,105,12811,100
2021-10-14,Nevada,057,99092,8850,8739,308,9047,90
2021-10-14,Orange,059,3164182,302917,300722,14598,315320,5509
2021-10-14,Placer,061,380077,35797,35343,3497,38840,412
2021-10-14,Plumas,063,18699,1609,1542,31,1573,6
2021-10-14,Riverside,065,2383286,356657,352435,16271,368706,4990
2021-10-14,Sacramento,067,1510023,154539,153264,4329,157593,2192
2021-10-14,San Benito,069,59416,7248,7210,162,7372,71
2021-10-14,San Bernardino,071,2135413,347742,345418,10902,356320,5566
2021-10-14,San Diego,073,3302833,365942,363109,21204,384313,4151
2021-10-14,San Francisco,075,870044,52034,51436,2274,53710,645
2021-10-14,San Joaquin,077,732212,97523,96507,5305,101812,1708
2021-10-14,San Luis Obispo,079,281455,28833,28460,1176,29636,329
2021-10-14,San Mateo,081,765935,53304,52399,824,53223,569
2021-10-14,Santa Barbara,083,443738,43861,43175,1589,44764,521
2021-10-14,Santa Clara,085,1922200,144497,143282,1235,144517,1890
2021-10-14,Santa Cruz,087,273765,20016,19794,995,20789,218
2021-10-14,Shasta,089,179085,20390,19932,3439,23371,309
2021-10-14,Sierra,091,2930,171,160,18,178,0
2021-10-14,Siskiyou,093,43540,3279,3173,1222,4395,42
2021-10-14,Solano,095,438530,45260,44585,1213,45798,334
2021-10-14,Sonoma,097,501317,40463,40195,501,40696,390
2021-10-14,Stanislaus,099,539301,76804,75868,8579,84447,1142
2021-10-14,Sutter,101,95872,13596,13471,308,13779,169
2021-10-14,Tehama,103,63373,8053,7907,1369,9276,104
2021-10-14,Trinity,105,12862,822,679,208,887,11
2021-10-14,Tulare,107,460477,65941,64489,14116,78605,951
2021-10-14,Tuolumne,109,53932,6798,6666,82,6748,89
2021-10-14,Ventura,111,848112,96783,96181,4255,100436,1164
2021-10-14,Yolo,113,214977,19260,19078,1058,20136,247
2021-10-14,Yuba,115,75493,9815,9705,279,9984,82
2021-10-13,Alameda,001,1643700,117835,116914,2754,119668,1360
2021-10-13,Alpine,003,1148,103,102,0,102,0
2021-10-13,Amador,005,37829,5365,5305,57,5362,63
2021-10-13,Butte,007,227075,20019,19546,3601,23147,257
2021-10-13,Calaveras,009,45235,3809,3756,44,3800,79
2021-10-13,Colusa,011,21464,2467,2430,598,3028,18
2021-10-13,Contra Costa,013,1133247,97593,96975,2094,99069,969
2021-10-13,Del Norte,015,27424,3599,3512,52,3564,39
2021-10-13,El Dorado,017,186661,15537,15302,1615,16917,149
2021-10-13,Fresno,019,978130,134208,132055,11801,143856,2048
2021-10-13,Glenn,021,27897,3385,3327,947,4274,26
2021-10-13,Humboldt,023,135768,8730,8604,491,9095,102
2021-10-13,Imperial,025,180216,32605,32317,3222,35539,762
2021-10-13,Inyo,027,18085,2012,1907,41,1948,39
2021-10-13,Kern,029,883053,122956,120956,20354,141310,1586
2021-10-13,Kings,031,150075,30920,30246,1820,32066,312
2021-10-13,Lake,033,64148,6492,6371,133,6504,103
2021-10-13,Lassen,035,31185,6652,6535,324,6859,25
2021-10-13,Los Angeles,037,10098052,1417802,1408384,53372,1461756,26379
2021-10-13,Madera,039,155013,22055,21609,1904,23513,277
2021-10-13,Marin,041,260295,17246,17137,435,17572,243
2021-10-13,Mariposa,043,17540,1163,1090,38,1128,5
2021-10-13,Mendocino,045,87422,7173,7088,421,7509,82
2021-10-13,Merced,047,269075,40570,40164,1620,41784,577
2021-10-13,Modoc,049,8938,510,490,181,671,5
2021-10-13,Mono,051,14174,1645,1612,19,1631,3
2021-10-13,Monterey,053,433212,48162,47273,2762,50035,582
2021-10-13,Napa,055,140530,12783,12695,103,12798,100
2021-10-13,Nevada,057,99092,8828,8725,308,9033,90
2021-10-13,Orange,059,3164182,302711,300468,14582,315050,5503
2021-10-13,Placer,061,380077,35730,35254,3488,38742,412
2021-10-13,Plumas,063,18699,1595,1514,31,1545,6
2021-10-13,Riverside,065,2383286,356327,352044,16258,368302,4978
2021-10-13,Sacramento,067,1510023,154289,153141,4307,157448,2182
2021-10-13,San Benito,069,59416,7242,7196,161,7357,71
2021-10-13,San Bernardino,071,2135413,347419,344951,10886,355837,5562
2021-10-13,San Diego,073,3302833,365505,362564,21182,383746,4141
2021-10-13,San Francisco,075,870044,51992,51379,2270,53649,644
2021-10-13,San Joaquin,077,732212,97380,96343,5300,101643,1696
2021-10-13,San Luis Obispo,079,281455,28795,28397,1173,29570,330
2021-10-13,San Mateo,081,765935,53251,52352,820,53172,569
2021-10-13,Santa Barbara,083,443738,43809,43109,1589,44698,518
2021-10-13,Santa Clara,085,1922200,144358,143064,1234,144298,1886
2021-10-13,Santa Cruz,087,273765,19990,19763,994,20757,217
2021-10-13,Shasta,089,179085,20320,19802,3417,23219,307
2021-10-13,Sierra,091,2930,171,155,18,173,0
2021-10-13,Siskiyou,093,43540,3271,3173,1221,4394,42
2021-10-13,Solano,095,438530,45221,44558,1210,45768,334
2021-10-13,Sonoma,097,501317,40407,40122,501,40623,390
2021-10-13,Stanislaus,099,539301,76663,75698,8570,84268,1136
2021-10-13,Sutter,101,95872,13566,13458,306,13764,169
2021-10-13,Tehama,103,63373,8015,7849,1363,9212,103
2021-10-13,Trinity,105,12862,819,677,208,885,11
2021-10-13,Tulare,107,460477,65762,64297,14061,78358,945
2021-10-13,Tuolumne,109,53932,6784,6644,81,6725,89
2021-10-13,Ventura,111,848112,96709,96099,4250,100349,1162
2021-10-13,Yolo,113,214977,19230,19023,1056,20079,247
2021-10-13,Yuba,115,75493,9790,9690,265,9955,80
2021-10-12,Alameda,001,1643700,117733,116813,2749,119562,1357
2021-10-12,Alpine,003,1148,103,102,0,102,0
2021-10-12,Amador,005,37829,5354,5301,57,5358,63
2021-10-12,Butte,007,227075,19950,19506,3589,23095,256
2021-10-12,Calaveras,009,45235,3794,3750,44,3794,75
2021-10-12,Colusa,011,21464,2464,2428,596,3024,18
2021-10-12,Contra Costa,013,1133247,97479,96894,2085,98979,960
2021-10-12,Del Norte,015,27424,3593,3511,52,3563,39
2021-10-12,El Dorado,017,186661,15503,15287,1613,16900,148
2021-10-12,Fresno,019,978130,133849,131848,11772,143620,2042
2021-10-12,Glenn,021,27897,3375,3321,944,4265,26
2021-10-12,Humboldt,023,135768,8703,8587,485,9072,102
2021-10-12,Imperial,025,180216,32553,32267,3220,35487,762
2021-10-12,Inyo,027,18085,1980,1889,41,1930,39
2021-10-12,Kern,029,883053,122671,120826,20245,141071,1580
2021-10-12,Kings,031,150075,30847,30200,1809,32009,312
2021-10-12,Lake,033,64148,6477,6372,133,6505,97
2021-10-12,Lassen,035,31185,6642,6526,323,6849,25
2021-10-12,Los Angeles,037,10098052,1416740,1407462,53324,1460786,26362
2021-10-12,Madera,039,155013,21984,21574,1892,23466,277
2021-10-12,Marin,041,260295,17223,17126,435,17561,242
2021-10-12,Mariposa,043,17540,1149,1088,38,1126,5
2021-10-12,Mendocino,045,87422,7144,7077,419,7496,82
2021-10-12,Merced,047,269075,40491,40113,1614,41727,567
2021-10-12,Modoc,049,8938,505,485,180,665,5
2021-10-12,Mono,051,14174,1643,1608,19,1627,3
2021-10-12,Monterey,053,433212,48130,47254,2754,50008,582
2021-10-12,Napa,055,140530,12769,12671,103,12774,97
2021-10-12,Nevada,057,99092,8816,8720,307,9027,89
2021-10-12,Orange,059,3164182,302453,300256,14557,314813,5499
2021-10-12,Placer,061,380077,35668,35214,3480,38694,404
2021-10-12,Plumas,063,18699,1581,1488,30,1518,6
2021-10-12,Riverside,065,2383286,356001,351771,16244,368015,4973
2021-10-12,Sacramento,067,1510023,153985,152935,4282,157217,2170
2021-10-12,San Benito,069,59416,7228,7193,161,7354,71
2021-10-12,San Bernardino,071,2135413,347106,344788,10876,355664,5563
2021-10-12,San Diego,073,3302833,364981,362256,21153,383409,4137
2021-10-12,San Francisco,075,870044,51929,51301,2269,53570,643
2021-10-12,San Joaquin,077,732212,97243,96237,5295,101532,1690
2021-10-12,San Luis Obispo,079,281455,28748,28379,1172,29551,327
2021-10-12,San Mateo,081,765935,53201,52328,819,53147,569
2021-10-12,Santa Barbara,083,443738,43748,43076,1589,44665,515
2021-10-12,Santa Clara,085,1922200,144204,142954,1232,144186,1882
2021-10-12,Santa Cruz,087,273765,19965,19757,994,20751,218
2021-10-12,Shasta,089,179085,20246,19731,3395,23126,304
2021-10-12,Sierra,091,2930,171,153,18,171,0
2021-10-12,Siskiyou,093,43540,3260,3166,1215,4381,42
2021-10-12,Solano,095,438530,45178,44516,1205,45721,329
2021-10-12,Sonoma,097,501317,40365,40105,501,40606,390
2021-10-12,Stanislaus,099,539301,76511,75589,8556,84145,1126
2021-10-12,Sutter,101,95872,13543,13436,302,13738,168
2021-10-12,Tehama,103,63373,7982,7820,1359,9179,103
2021-10-12,Trinity,105,12862,816,676,208,884,11
2021-10-12,Tulare,107,460477,65583,64216,14005,78221,944
2021-10-12,Tuolumne,109,53932,6767,6637,80,6717,89
2021-10-12,Ventura,111,848112,96601,96022,4246,100268,1160
2021-10-12,Yolo,113,214977,19204,18987,1048,20035,247
2021-10-12,Yuba,115,75493,9775,9676,261,9937,70
2021-10-11,Alameda,001,1643700,117591,116759,2748,119507,1358
2021-10-11,Alpine,003,1148,102,102,0,102,0
2021-10-11,Amador,005,37829,5342,5286,57,5343,62
2021-10-11,Butte,007,227075,19891,19452,3584,23036,253
2021-10-11,Calaveras,009,45235,3773,3750,44,3794,75
2021-10-11,Colusa,011,21464,2460,2427,589,3016,18
2021-10-11,Contra Costa,013,1133247,97342,96832,2080,98912,960
2021-10-11,Del Norte,015,27424,3590,3510,48,3558,39
2021-10-11,El Dorado,017,186661,15475,15273,1609,16882,146
2021-10-11,Fresno,019,978130,133522,131703,11743,143446,2036
2021-10-11,Glenn,021,27897,3357,3308,943,4251,26
2021-10-11,Humboldt,023,135768,8678,8571,478,9049,101
2021-10-11,Imperial,025,180216,32503,32207,3214,35421,762
2021-10-11,Inyo,027,18085,1957,1862,40,1902,39
2021-10-11,Kern,029,883053,122435,120684,20149,140833,1575
2021-10-11,Kings,031,150075,30758,30180,1799,31979,309
2021-10-11,Lake,033,64148,6461,6361,129,6490,97
2021-10-11,Lassen,035,31185,6622,6499,320,6819,25
2021-10-11,Los Angeles,037,10098052,1415697,1406826,53273,1460099,26346
2021-10-11,Madera,039,155013,21927,21555,1875,23430,272
2021-10-11,Marin,041,260295,17205,17121,431,17552,242
2021-10-11,Mariposa,043,17540,1119,1083,37,1120,5
2021-10-11,Mendocino,045,87422,7128,7064,415,7479,82
2021-10-11,Merced,047,269075,40374,40064,1590,41654,566
2021-10-11,Modoc,049,8938,502,482,177,659,5
2021-10-11,Mono,051,14174,1634,1604,19,1623,3
2021-10-11,Monterey,053,433212,48101,47241,2747,49988,580
2021-10-11,Napa,055,140530,12746,12654,101,12755,96
2021-10-11,Nevada,057,99092,8796,8716,306,9022,90
2021-10-11,Orange,059,3164182,302224,299941,14528,314469,5499
2021-10-11,Placer,061,380077,35599,35173,3463,38636,404
2021-10-11,Plumas,063,18699,1563,1469,28,1497,6
2021-10-11,Riverside,065,2383286,355659,351444,16239,367683,4973
2021-10-11,Sacramento,067,1510023,153696,152681,4251,156932,2169
2021-10-11,San Benito,069,59416,7206,7184,159,7343,71
2021-10-11,San Bernardino,071,2135413,346718,344594,10868,355462,5549
2021-10-11,San Diego,073,3302833,364459,361712,21121,382833,4124
2021-10-11,San Francisco,075,870044,51858,51275,2264,53539,643
2021-10-11,San Joaquin,077,732212,97090,96152,5284,101436,1681
2021-10-11,San Luis Obispo,079,281455,28702,28355,1167,29522,327
2021-10-11,San Mateo,081,765935,53153,52298,818,53116,569
2021-10-11,Santa Barbara,083,443738,43701,43018,1588,44606,515
2021-10-11,Santa Clara,085,1922200,144042,142836,1229,144065,1882
2021-10-11,Santa Cruz,087,273765,19941,19745,993,20738,217
2021-10-11,Shasta,089,179085,20167,19662,3379,23041,295
2021-10-11,Sierra,091,2930,166,147,17,164,0
2021-10-11,Siskiyou,093,43540,3252,3159,1211,4370,42
2021-10-11,Solano,095,438530,45130,44474,1202,45676,329
2021-10-11,Sonoma,097,501317,40320,40067,501,40568,390
2021-10-11,Stanislaus,099,539301,76338,75478,8535,84013,1118
2021-10-11,Sutter,101,95872,13524,13427,300,13727,165
2021-10-11,Tehama,103,63373,7941,7795,1349,9144,102
2021-10-11,Trinity,105,12862,810,675,207,882,11
2021-10-11,Tulare,107,460477,65403,64094,13939,78033,942
2021-10-11,Tuolumne,109,53932,6730,6602,80,6682,89
2021-10-11,Ventura,111,848112,96500,95876,4238,100114,1160
2021-10-11,Yolo,113,214977,19158,18977,1045,20022,247
2021-10-11,Yuba,115,75493,9758,9657,249,9906,69
2021-10-10,Alameda,001,1643700,117471,116679,2744,119423,1358
2021-10-10,Alpine,003,1148,102,102,0,102,0
2021-10-10,Amador,005,37829,5328,5278,57,5335,62
2021-10-10,Butte,007,227075,19827,19430,3570,23000,253
2021-10-10,Calaveras,009,45235,3761,3747,44,3791,75
2021-10-10,Colusa,011,21464,2459,2425,588,3013,18
2021-10-10,Contra Costa,013,1133247,97243,96760,2074,98834,960
2021-10-10,Del Norte,015,27424,3586,3507,48,3555,39
2021-10-10,El Dorado,017,186661,15444,15250,1603,16853,146
2021-10-10,Fresno,019,978130,133194,131434,11715,143149,2035
2021-10-10,Glenn,021,27897,3355,3297,941,4238,26
2021-10-10,Humboldt,023,135768,8656,8554,474,9028,101
2021-10-10,Imperial,025,180216,32429,32167,3212,35379,762
2021-10-10,Inyo,027,18085,1936,1857,40,1897,39
2021-10-10,Kern,029,883053,122109,120552,20045,140597,1573
2021-10-10,Kings,031,150075,30669,30122,1789,31911,308
2021-10-10,Lake,033,64148,6445,6349,128,6477,97
2021-10-10,Lassen,035,31185,6602,6495,319,6814,26
2021-10-10,Los Angeles,037,10098052,1414519,1406034,53198,1459232,26338
2021-10-10,Madera,039,155013,21881,21486,1866,23352,272
2021-10-10,Marin,041,260295,17188,17112,431,17543,242
2021-10-10,Mariposa,043,17540,1116,1074,37,1111,5
2021-10-10,Mendocino,045,87422,7113,7060,407,7467,81
2021-10-10,Merced,047,269075,40290,40036,1573,41609,566
2021-10-10,Modoc,049,8938,502,482,177,659,5
2021-10-10,Mono,051,14174,1633,1596,19,1615,3
2021-10-10,Monterey,053,433212,48071,47228,2746,49974,580
2021-10-10,Napa,055,140530,12723,12641,101,12742,96
2021-10-10,Nevada,057,99092,8784,8689,306,8995,90
2021-10-10,Orange,059,3164182,301961,299787,14500,314287,5499
2021-10-10,Placer,061,380077,35506,35128,3451,38579,404
2021-10-10,Plumas,063,18699,1547,1468,26,1494,6
2021-10-10,Riverside,065,2383286,355287,351248,16220,367468,4973
2021-10-10,Sacramento,067,1510023,153432,152405,4234,156639,2178
2021-10-10,San Benito,069,59416,7201,7180,158,7338,71
2021-10-10,San Bernardino,071,2135413,346413,344423,10860,355283,5551
2021-10-10,San Diego,073,3302833,363933,361038,21074,382112,4113
2021-10-10,San Francisco,075,870044,51810,51216,2261,53477,643
2021-10-10,San Joaquin,077,732212,96919,96084,5267,101351,1681
2021-10-10,San Luis Obispo,079,281455,28661,28343,1167,29510,326
2021-10-10,San Mateo,081,765935,53112,52273,817,53090,569
2021-10-10,Santa Barbara,083,443738,43655,42987,1587,44574,515
2021-10-10,Santa Clara,085,1922200,143877,142768,1222,143990,1881
2021-10-10,Santa Cruz,087,273765,19921,19727,993,20720,217
2021-10-10,Shasta,089,179085,20078,19635,3370,23005,296
2021-10-10,Sierra,091,2930,164,147,17,164,0
2021-10-10,Siskiyou,093,43540,3238,3155,1204,4359,42
2021-10-10,Solano,095,438530,45074,44431,1202,45633,329
2021-10-10,Sonoma,097,501317,40268,40027,501,40528,390
2021-10-10,Stanislaus,099,539301,76160,75403,8520,83923,1118
2021-10-10,Sutter,101,95872,13499,13412,295,13707,165
2021-10-10,Tehama,103,63373,7903,7764,1340,9104,102
2021-10-10,Trinity,105,12862,809,669,206,875,11
2021-10-10,Tulare,107,460477,65233,63930,13890,77820,940
2021-10-10,Tuolumne,109,53932,6707,6580,79,6659,89
2021-10-10,Ventura,111,848112,96413,95829,4236,100065,1160
2021-10-10,Yolo,113,214977,19126,18952,1040,19992,247
2021-10-10,Yuba,115,75493,9741,9641,244,9885,69
2021-10-09,Alameda,001,1643700,117372,116253,2742,118995,1356
2021-10-09,Alpine,003,1148,101,102,0,102,0
2021-10-09,Amador,005,37829,5326,5237,56,5293,62
2021-10-09,Butte,007,227075,19797,19277,3567,22844,250
2021-10-09,Calaveras,009,45235,3757,3716,44,3760,75
2021-10-09,Colusa,011,21464,2455,2419,587,3006,18
2021-10-09,Contra Costa,013,1133247,97171,96378,2068,98446,958
2021-10-09,Del Norte,015,27424,3585,3495,48,3543,39
2021-10-09,El Dorado,017,186661,15426,15153,1600,16753,144
2021-10-09,Fresno,019,978130,133061,130508,11699,142207,2018
2021-10-09,Glenn,021,27897,3351,3277,940,4217,26
2021-10-09,Humboldt,023,135768,8642,8448,472,8920,97
2021-10-09,Imperial,025,180216,32395,31989,3210,35199,760
2021-10-09,Inyo,027,18085,1927,1808,40,1848,39
2021-10-09,Kern,029,883053,121970,119795,20018,139813,1559
2021-10-09,Kings,031,150075,30621,29894,1787,31681,308
2021-10-09,Lake,033,64148,6426,6283,127,6410,97
2021-10-09,Lassen,035,31185,6597,6442,318,6760,25
2021-10-09,Los Angeles,037,10098052,1413933,1402810,53159,1455969,26280
2021-10-09,Madera,039,155013,21848,21313,1853,23166,271
2021-10-09,Marin,041,260295,17183,17049,429,17478,242
2021-10-09,Mariposa,043,17540,1109,1042,36,1078,5
2021-10-09,Mendocino,045,87422,7106,7011,407,7418,82
2021-10-09,Merced,047,269075,40249,39784,1573,41357,565
2021-10-09,Modoc,049,8938,500,477,176,653,5
2021-10-09,Mono,051,14174,1630,1577,19,1596,3
2021-10-09,Monterey,053,433212,48059,47168,2743,49911,577
2021-10-09,Napa,055,140530,12719,12586,101,12687,96
2021-10-09,Nevada,057,99092,8773,8613,305,8918,90
2021-10-09,Orange,059,3164182,301782,299089,14481,313570,5457
2021-10-09,Placer,061,380077,35468,34877,3444,38321,393
2021-10-09,Plumas,063,18699,1536,1418,26,1444,6
2021-10-09,Riverside,065,2383286,355036,350082,16203,366285,4965
2021-10-09,Sacramento,067,1510023,153223,151566,4221,155787,2160
2021-10-09,San Benito,069,59416,7193,7123,158,7281,71
2021-10-09,San Bernardino,071,2135413,346229,343452,10856,354308,5556
2021-10-09,San Diego,073,3302833,363618,359909,21069,380978,4111
2021-10-09,San Francisco,075,870044,51763,50960,2254,53214,643
2021-10-09,San Joaquin,077,732212,96852,95606,5262,100868,1669
2021-10-09,San Luis Obispo,079,281455,28644,28197,1165,29362,324
2021-10-09,San Mateo,081,765935,53079,52121,816,52937,569
2021-10-09,Santa Barbara,083,443738,43628,42735,1587,44322,514
2021-10-09,Santa Clara,085,1922200,143754,142298,1216,143514,1873
2021-10-09,Santa Cruz,087,273765,19912,19635,992,20627,217
2021-10-09,Shasta,089,179085,20028,19437,3365,22802,290
2021-10-09,Sierra,091,2930,161,141,17,158,0
2021-10-09,Siskiyou,093,43540,3237,3124,1203,4327,42
2021-10-09,Solano,095,438530,45057,44265,1201,45466,329
2021-10-09,Sonoma,097,501317,40224,39848,501,40349,387
2021-10-09,Stanislaus,099,539301,76070,74899,8510,83409,1114
2021-10-09,Sutter,101,95872,13490,13314,293,13607,165
2021-10-09,Tehama,103,63373,7892,7670,1335,9005,99
2021-10-09,Trinity,105,12862,808,660,206,866,11
2021-10-09,Tulare,107,460477,65125,63398,13869,77267,932
2021-10-09,Tuolumne,109,53932,6688,6521,79,6600,89
2021-10-09,Ventura,111,848112,96357,95542,4233,99775,1158
2021-10-09,Yolo,113,214977,19105,18850,1037,19887,247
2021-10-09,Yuba,115,75493,9729,9551,242,9793,69
2021-10-08,Alameda,001,1643700,117290,116253,2739,118992,1356
2021-10-08,Alpine,003,1148,101,102,0,102,0
2021-10-08,Amador,005,37829,5313,5237,56,5293,62
2021-10-08,Butte,007,227075,19768,19277,3563,22840,250
2021-10-08,Calaveras,009,45235,3752,3716,44,3760,75
2021-10-08,Colusa,011,21464,2453,2419,587,3006,18
2021-10-08,Contra Costa,013,1133247,97127,96378,2063,98441,958
2021-10-08,Del Norte,015,27424,3584,3495,48,3543,39
2021-10-08,El Dorado,017,186661,15407,15153,1596,16749,144
2021-10-08,Fresno,019,978130,132865,130508,11678,142186,2018
2021-10-08,Glenn,021,27897,3340,3277,939,4216,26
2021-10-08,Humboldt,023,135768,8631,8448,469,8917,97
2021-10-08,Imperial,025,180216,32365,31989,3206,35195,760
2021-10-08,Inyo,027,18085,1909,1808,40,1848,39
2021-10-08,Kern,029,883053,121833,119795,19976,139771,1559
2021-10-08,Kings,031,150075,30527,29894,1786,31680,308
2021-10-08,Lake,033,64148,6418,6283,127,6410,97
2021-10-08,Lassen,035,31185,6583,6442,315,6757,25
2021-10-08,Los Angeles,037,10098052,1413270,1402810,53123,1455933,26280
2021-10-08,Madera,039,155013,21790,21313,1846,23159,271
2021-10-08,Marin,041,260295,17172,17049,428,17477,242
2021-10-08,Mariposa,043,17540,1102,1042,34,1076,5
2021-10-08,Mendocino,045,87422,7093,7011,407,7418,82
2021-10-08,Merced,047,269075,40217,39784,1570,41354,565
2021-10-08,Modoc,049,8938,498,477,176,653,5
2021-10-08,Mono,051,14174,1627,1577,19,1596,3
2021-10-08,Monterey,053,433212,48032,47168,2741,49909,577
2021-10-08,Napa,055,140530,12703,12586,101,12687,96
2021-10-08,Nevada,057,99092,8760,8613,305,8918,90
2021-10-08,Orange,059,3164182,301633,299089,14461,313550,5457
2021-10-08,Placer,061,380077,35430,34877,3436,38313,393
2021-10-08,Plumas,063,18699,1524,1418,26,1444,6
2021-10-08,Riverside,065,2383286,354767,350082,16192,366274,4965
2021-10-08,Sacramento,067,1510023,153058,151566,4207,155773,2160
2021-10-08,San Benito,069,59416,7189,7123,156,7279,71
2021-10-08,San Bernardino,071,2135413,346026,343452,10848,354300,5556
2021-10-08,San Diego,073,3302833,363282,359909,21051,380960,4111
2021-10-08,San Francisco,075,870044,51715,50960,2245,53205,643
2021-10-08,San Joaquin,077,732212,96783,95606,5256,100862,1669
2021-10-08,San Luis Obispo,079,281455,28617,28197,1164,29361,324
2021-10-08,San Mateo,081,765935,53052,52121,816,52937,569
2021-10-08,Santa Barbara,083,443738,43593,42735,1586,44321,514
2021-10-08,Santa Clara,085,1922200,143641,142298,1211,143509,1873
2021-10-08,Santa Cruz,087,273765,19897,19635,992,20627,217
2021-10-08,Shasta,089,179085,19986,19437,3359,22796,290
2021-10-08,Sierra,091,2930,159,141,15,156,0
2021-10-08,Siskiyou,093,43540,3229,3124,1202,4326,42
2021-10-08,Solano,095,438530,45018,44265,1200,45465,329
2021-10-08,Sonoma,097,501317,40189,39848,501,40349,387
2021-10-08,Stanislaus,099,539301,76001,74899,8502,83401,1114
2021-10-08,Sutter,101,95872,13476,13314,291,13605,165
2021-10-08,Tehama,103,63373,7875,7670,1333,9003,99
2021-10-08,Trinity,105,12862,807,660,206,866,11
2021-10-08,Tulare,107,460477,65007,63398,13837,77235,932
2021-10-08,Tuolumne,109,53932,6665,6521,79,6600,89
2021-10-08,Ventura,111,848112,96312,95542,4228,99770,1158
2021-10-08,Yolo,113,214977,19092,18850,1033,19883,247
2021-10-08,Yuba,115,75493,9709,9551,241,9792,69
2021-10-07,Alameda,001,1643700,117171,116253,2738,118991,1356
2021-10-07,Alpine,003,1148,101,102,0,102,0
2021-10-07,Amador,005,37829,5306,5237,56,5293,62
2021-10-07,Butte,007,227075,19719,19277,3552,22829,250
2021-10-07,Calaveras,009,45235,3740,3716,44,3760,75
2021-10-07,Colusa,011,21464,2450,2419,581,3000,18
2021-10-07,Contra Costa,013,1133247,97004,96378,2058,98436,958
2021-10-07,Del Norte,015,27424,3581,3495,48,3543,39
2021-10-07,El Dorado,017,186661,15371,15153,1592,16745,144
2021-10-07,Fresno,019,978130,132591,130508,11656,142164,2018
2021-10-07,Glenn,021,27897,3333,3277,936,4213,26
2021-10-07,Humboldt,023,135768,8605,8448,466,8914,97
2021-10-07,Imperial,025,180216,32294,31989,3192,35181,760
2021-10-07,Inyo,027,18085,1890,1808,40,1848,39
2021-10-07,Kern,029,883053,121602,119795,19910,139705,1559
2021-10-07,Kings,031,150075,30462,29894,1780,31674,308
2021-10-07,Lake,033,64148,6407,6283,127,6410,97
2021-10-07,Lassen,035,31185,6565,6442,313,6755,25
2021-10-07,Los Angeles,037,10098052,1412309,1402810,53078,1455888,26280
2021-10-07,Madera,039,155013,21717,21313,1831,23144,271
2021-10-07,Marin,041,260295,17154,17049,428,17477,242
2021-10-07,Mariposa,043,17540,1094,1042,34,1076,5
2021-10-07,Mendocino,045,87422,7083,7011,403,7414,82
2021-10-07,Merced,047,269075,40150,39784,1554,41338,565
2021-10-07,Modoc,049,8938,495,477,175,652,5
2021-10-07,Mono,051,14174,1618,1577,19,1596,3
2021-10-07,Monterey,053,433212,48007,47168,2732,49900,577
2021-10-07,Napa,055,140530,12688,12586,101,12687,96
2021-10-07,Nevada,057,99092,8732,8613,305,8918,90
2021-10-07,Orange,059,3164182,301409,299089,14447,313536,5457
2021-10-07,Placer,061,380077,35368,34877,3429,38306,393
2021-10-07,Plumas,063,18699,1507,1418,26,1444,6
2021-10-07,Riverside,065,2383286,354433,350082,16180,366262,4965
2021-10-07,Sacramento,067,1510023,152778,151566,4180,155746,2160
2021-10-07,San Benito,069,59416,7173,7123,154,7277,71
2021-10-07,San Bernardino,071,2135413,345754,343452,10841,354293,5556
2021-10-07,San Diego,073,3302833,362870,359909,21030,380939,4111
2021-10-07,San Francisco,075,870044,51645,50960,2242,53202,643
2021-10-07,San Joaquin,077,732212,96630,95606,5248,100854,1669
2021-10-07,San Luis Obispo,079,281455,28566,28197,1162,29359,324
2021-10-07,San Mateo,081,765935,53012,52121,814,52935,569
2021-10-07,Santa Barbara,083,443738,43524,42735,1580,44315,514
2021-10-07,Santa Clara,085,1922200,143490,142298,1205,143503,1873
2021-10-07,Santa Cruz,087,273765,19877,19635,991,20626,217
2021-10-07,Shasta,089,179085,19897,19437,3343,22780,290
2021-10-07,Sierra,091,2930,159,141,15,156,0
2021-10-07,Siskiyou,093,43540,3225,3124,1197,4321,42
2021-10-07,Solano,095,438530,44973,44265,1196,45461,329
2021-10-07,Sonoma,097,501317,40152,39848,499,40347,387
2021-10-07,Stanislaus,099,539301,75840,74899,8477,83376,1114
2021-10-07,Sutter,101,95872,13454,13314,288,13602,165
2021-10-07,Tehama,103,63373,7843,7670,1327,8997,99
2021-10-07,Trinity,105,12862,805,660,206,866,11
2021-10-07,Tulare,107,460477,64844,63398,13799,77197,932
2021-10-07,Tuolumne,109,53932,6643,6521,79,6600,89
2021-10-07,Ventura,111,848112,96229,95542,4225,99767,1158
2021-10-07,Yolo,113,214977,19059,18850,1028,19878,247
2021-10-07,Yuba,115,75493,9683,9551,234,9785,69
2021-10-06,Alameda,001,1643700,117034,116058,2732,118790,1353
2021-10-06,Alpine,003,1148,101,102,0,102,0
2021-10-06,Amador,005,37829,5303,5205,56,5261,62
2021-10-06,Butte,007,227075,19656,19208,3545,22753,247
2021-10-06,Calaveras,009,45235,3731,3669,44,3713,75
2021-10-06,Colusa,011,21464,2448,2414,574,2988,18
2021-10-06,Contra Costa,013,1133247,96877,96184,2054,98238,953
2021-10-06,Del Norte,015,27424,3578,3490,45,3535,39
2021-10-06,El Dorado,017,186661,15346,15078,1590,16668,140
2021-10-06,Fresno,019,978130,132303,130074,11630,141704,2008
2021-10-06,Glenn,021,27897,3323,3270,933,4203,26
2021-10-06,Humboldt,023,135768,8590,8416,459,8875,94
2021-10-06,Imperial,025,180216,32241,31930,3181,35111,760
2021-10-06,Inyo,027,18085,1875,1806,40,1846,39
2021-10-06,Kern,029,883053,121345,119491,19817,139308,1552
2021-10-06,Kings,031,150075,30396,29785,1772,31557,308
2021-10-06,Lake,033,64148,6393,6271,127,6398,97
2021-10-06,Lassen,035,31185,6549,6429,312,6741,25
2021-10-06,Los Angeles,037,10098052,1411351,1401675,53031,1454706,26252
2021-10-06,Madera,039,155013,21662,21230,1821,23051,269
2021-10-06,Marin,041,260295,17145,17042,425,17467,242
2021-10-06,Mariposa,043,17540,1087,1036,34,1070,5
2021-10-06,Mendocino,045,87422,7074,6986,402,7388,81
2021-10-06,Merced,047,269075,40072,39666,1545,41211,563
2021-10-06,Modoc,049,8938,495,477,173,650,5
2021-10-06,Mono,051,14174,1605,1568,19,1587,3
2021-10-06,Monterey,053,433212,47975,47136,2727,49863,577
2021-10-06,Napa,055,140530,12664,12552,100,12652,96
2021-10-06,Nevada,057,99092,8716,8582,304,8886,90
2021-10-06,Orange,059,3164182,301174,298785,14434,313219,5448
2021-10-06,Placer,061,380077,35317,34764,3422,38186,390
2021-10-06,Plumas,063,18699,1484,1383,26,1409,6
2021-10-06,Riverside,065,2383286,354077,349645,16159,365804,4953
2021-10-06,Sacramento,067,1510023,152525,151164,4149,155313,2141
2021-10-06,San Benito,069,59416,7158,7108,154,7262,69
2021-10-06,San Bernardino,071,2135413,345461,343022,10834,353856,5551
2021-10-06,San Diego,073,3302833,362371,359564,21002,380566,4104
2021-10-06,San Francisco,075,870044,51581,50894,2239,53133,641
2021-10-06,San Joaquin,077,732212,96495,95418,5236,100654,1658
2021-10-06,San Luis Obispo,079,281455,28516,28170,1156,29326,323
2021-10-06,San Mateo,081,765935,52962,52056,809,52865,569
2021-10-06,Santa Barbara,083,443738,43441,42687,1578,44265,513
2021-10-06,Santa Clara,085,1922200,143339,142124,1200,143324,1872
2021-10-06,Santa Cruz,087,273765,19848,19604,989,20593,217
2021-10-06,Shasta,089,179085,19822,19325,3329,22654,287
2021-10-06,Sierra,091,2930,157,138,15,153,0
2021-10-06,Siskiyou,093,43540,3215,3116,1190,4306,42
2021-10-06,Solano,095,438530,44939,44185,1195,45380,328
2021-10-06,Sonoma,097,501317,40102,39787,499,40286,383
2021-10-06,Stanislaus,099,539301,75698,74699,8464,83163,1114
2021-10-06,Sutter,101,95872,13433,13284,286,13570,164
2021-10-06,Tehama,103,63373,7807,7629,1320,8949,99
2021-10-06,Trinity,105,12862,802,656,206,862,11
2021-10-06,Tulare,107,460477,64668,63198,13741,76939,926
2021-10-06,Tuolumne,109,53932,6618,6486,79,6565,89
2021-10-06,Ventura,111,848112,96140,95449,4218,99667,1158
2021-10-06,Yolo,113,214977,19027,18815,1023,19838,247
2021-10-06,Yuba,115,75493,9659,9520,233,9753,69
2021-10-05,Alameda,001,1643700,116890,115968,2726,118694,1350
2021-10-05,Alpine,003,1148,101,102,0,102,0
2021-10-05,Amador,005,37829,5282,5194,55,5249,61
2021-10-05,Butte,007,227075,19608,19137,3535,22672,246
2021-10-05,Calaveras,009,45235,3715,3657,44,3701,73
2021-10-05,Colusa,011,21464,2441,2414,573,2987,18
2021-10-05,Contra Costa,013,1133247,96761,96108,2047,98155,941
2021-10-05,Del Norte,015,27424,3576,3485,44,3529,39
2021-10-05,El Dorado,017,186661,15307,15052,1587,16639,140
2021-10-05,Fresno,019,978130,131963,129957,11600,141557,1987
2021-10-05,Glenn,021,27897,3314,3270,929,4199,26
2021-10-05,Humboldt,023,135768,8558,8398,455,8853,94
2021-10-05,Imperial,025,180216,32193,31909,3176,35085,759
2021-10-05,Inyo,027,18085,1858,1800,40,1840,39
2021-10-05,Kern,029,883053,121078,119260,19716,138976,1540
2021-10-05,Kings,031,150075,30321,29749,1766,31515,301
2021-10-05,Lake,033,64148,6372,6264,126,6390,97
2021-10-05,Lassen,035,31185,6530,6417,310,6727,25
2021-10-05,Los Angeles,037,10098052,1410207,1400300,52979,1453279,26223
2021-10-05,Madera,039,155013,21604,21183,1808,22991,269
2021-10-05,Marin,041,260295,17133,17024,425,17449,242
2021-10-05,Mariposa,043,17540,1068,1033,31,1064,5
2021-10-05,Mendocino,045,87422,7058,6972,395,7367,79
2021-10-05,Merced,047,269075,40006,39608,1536,41144,562
2021-10-05,Modoc,049,8938,491,475,172,647,5
2021-10-05,Mono,051,14174,1598,1565,19,1584,3
2021-10-05,Monterey,053,433212,47958,47087,2717,49804,573
2021-10-05,Napa,055,140530,12640,12533,100,12633,96
2021-10-05,Nevada,057,99092,8686,8576,304,8880,90
2021-10-05,Orange,059,3164182,300899,298589,14402,312991,5441
2021-10-05,Placer,061,380077,35237,34728,3415,38143,382
2021-10-05,Plumas,063,18699,1459,1357,26,1383,6
2021-10-05,Riverside,065,2383286,353718,349365,16144,365509,4942
2021-10-05,Sacramento,067,1510023,152252,151111,4120,155231,2126
2021-10-05,San Benito,069,59416,7140,7103,152,7255,69
2021-10-05,San Bernardino,071,2135413,345133,342711,10827,353538,5557
2021-10-05,San Diego,073,3302833,361787,359194,20975,380169,4092
2021-10-05,San Francisco,075,870044,51484,50826,2236,53062,641
2021-10-05,San Joaquin,077,732212,96342,95276,5209,100485,1651
2021-10-05,San Luis Obispo,079,281455,28472,28113,1154,29267,324
2021-10-05,San Mateo,081,765935,52917,52008,809,52817,569
2021-10-05,Santa Barbara,083,443738,43363,42595,1574,44169,511
2021-10-05,Santa Clara,085,1922200,143181,141971,1193,143164,1873
2021-10-05,Santa Cruz,087,273765,19806,19582,989,20571,216
2021-10-05,Shasta,089,179085,19749,19285,3316,22601,286
2021-10-05,Sierra,091,2930,153,136,15,151,0
2021-10-05,Siskiyou,093,43540,3201,3107,1190,4297,42
2021-10-05,Solano,095,438530,44868,44149,1193,45342,325
2021-10-05,Sonoma,097,501317,40047,39756,494,40250,383
2021-10-05,Stanislaus,099,539301,75536,74599,8447,83046,1114
2021-10-05,Sutter,101,95872,13405,13270,285,13555,164
2021-10-05,Tehama,103,63373,7779,7607,1311,8918,98
2021-10-05,Trinity,105,12862,799,655,206,861,11
2021-10-05,Tulare,107,460477,64465,63093,13687,76780,920
2021-10-05,Tuolumne,109,53932,6603,6473,78,6551,89
2021-10-05,Ventura,111,848112,96035,95351,4217,99568,1155
2021-10-05,Yolo,113,214977,18991,18782,1017,19799,245
2021-10-05,Yuba,115,75493,9627,9504,230,9734,69
2021-10-04,Alameda,001,1643700,116727,115845,2722,118567,1347
2021-10-04,Alpine,003,1148,101,102,0,102,0
2021-10-04,Amador,005,37829,5272,5163,54,5217,61
2021-10-04,Butte,007,227075,19531,19081,3523,22604,245
2021-10-04,Calaveras,009,45235,3706,3641,44,3685,73
2021-10-04,Colusa,011,21464,2440,2414,572,2986,18
2021-10-04,Contra Costa,013,1133247,96619,95958,2042,98000,937
2021-10-04,Del Norte,015,27424,3574,3485,40,3525,39
2021-10-04,El Dorado,017,186661,15259,15031,1580,16611,138
2021-10-04,Fresno,019,978130,131652,129665,11579,141244,1978
2021-10-04,Glenn,021,27897,3308,3270,923,4193,26
2021-10-04,Humboldt,023,135768,8524,8355,447,8802,94
2021-10-04,Imperial,025,180216,32144,31866,3169,35035,757
2021-10-04,Inyo,027,18085,1846,1792,37,1829,39
2021-10-04,Kern,029,883053,120790,118984,19594,138578,1531
2021-10-04,Kings,031,150075,30228,29702,1763,31465,303
2021-10-04,Lake,033,64148,6359,6248,126,6374,97
2021-10-04,Lassen,035,31185,6514,6405,310,6715,25
2021-10-04,Los Angeles,037,10098052,1409094,1399604,52920,1452524,26186
2021-10-04,Madera,039,155013,21540,21126,1797,22923,266
2021-10-04,Marin,041,260295,17117,17008,424,17432,242
2021-10-04,Mariposa,043,17540,1056,1024,31,1055,5
2021-10-04,Mendocino,045,87422,7040,6947,392,7339,79
2021-10-04,Merced,047,269075,39891,39565,1519,41084,558
2021-10-04,Modoc,049,8938,488,473,172,645,5
2021-10-04,Mono,051,14174,1591,1561,19,1580,3
2021-10-04,Monterey,053,433212,47937,47058,2710,49768,571
2021-10-04,Napa,055,140530,12616,12506,100,12606,96
2021-10-04,Nevada,057,99092,8666,8563,304,8867,90
2021-10-04,Orange,059,3164182,300605,298165,14370,312535,5438
2021-10-04,Placer,061,380077,35153,34630,3387,38017,379
2021-10-04,Plumas,063,18699,1437,1329,26,1355,6
2021-10-04,Riverside,065,2383286,353338,348828,16134,364962,4923
2021-10-04,Sacramento,067,1510023,151930,150887,4093,154980,2115
2021-10-04,San Benito,069,59416,7127,7099,152,7251,69
2021-10-04,San Bernardino,071,2135413,344776,342418,10815,353233,5551
2021-10-04,San Diego,073,3302833,361209,358525,20944,379469,4090
2021-10-04,San Francisco,075,870044,51389,50798,2232,53030,638
2021-10-04,San Joaquin,077,732212,96144,95198,5189,100387,1649
2021-10-04,San Luis Obispo,079,281455,28427,28090,1148,29238,323
2021-10-04,San Mateo,081,765935,52858,51958,808,52766,569
2021-10-04,Santa Barbara,083,443738,43280,42585,1573,44158,511
2021-10-04,Santa Clara,085,1922200,143037,141840,1187,143027,1869
2021-10-04,Santa Cruz,087,273765,19777,19559,988,20547,216
2021-10-04,Shasta,089,179085,19642,19170,3302,22472,279
2021-10-04,Sierra,091,2930,146,136,14,150,0
2021-10-04,Siskiyou,093,43540,3192,3103,1175,4278,42
2021-10-04,Solano,095,438530,44809,44092,1189,45281,322
2021-10-04,Sonoma,097,501317,39982,39720,494,40214,381
2021-10-04,Stanislaus,099,539301,75383,74444,8428,82872,1106
2021-10-04,Sutter,101,95872,13376,13261,284,13545,164
2021-10-04,Tehama,103,63373,7738,7585,1305,8890,95
2021-10-04,Trinity,105,12862,798,649,205,854,11
2021-10-04,Tulare,107,460477,64279,62957,13619,76576,920
2021-10-04,Tuolumne,109,53932,6577,6442,78,6520,89
2021-10-04,Ventura,111,848112,95948,95170,4210,99380,1153
2021-10-04,Yolo,113,214977,18947,18761,1012,19773,242
2021-10-04,Yuba,115,75493,9588,9481,228,9709,68
2021-10-03,Alameda,001,1643700,116587,115751,2712,118463,1349
2021-10-03,Alpine,003,1148,101,102,0,102,0
2021-10-03,Amador,005,37829,5254,5160,52,5212,61
2021-10-03,Butte,007,227075,19458,19066,3507,22573,245
2021-10-03,Calaveras,009,45235,3689,3632,44,3676,73
2021-10-03,Colusa,011,21464,2439,2413,569,2982,18
2021-10-03,Contra Costa,013,1133247,96486,95890,2035,97925,937
2021-10-03,Del Norte,015,27424,3568,3483,39,3522,39
2021-10-03,El Dorado,017,186661,15201,15014,1573,16587,139
2021-10-03,Fresno,019,978130,131272,129365,11544,140909,1978
2021-10-03,Glenn,021,27897,3296,3266,915,4181,26
2021-10-03,Humboldt,023,135768,8479,8352,443,8795,94
2021-10-03,Imperial,025,180216,32077,31844,3160,35004,757
2021-10-03,Inyo,027,18085,1825,1788,37,1825,39
2021-10-03,Kern,029,883053,120486,118851,19472,138323,1535
2021-10-03,Kings,031,150075,30127,29623,1756,31379,300
2021-10-03,Lake,033,64148,6333,6239,126,6365,97
2021-10-03,Lassen,035,31185,6492,6400,308,6708,25
2021-10-03,Los Angeles,037,10098052,1407823,1398790,52865,1451655,26179
2021-10-03,Madera,039,155013,21468,21066,1787,22853,266
2021-10-03,Marin,041,260295,17094,16995,419,17414,242
2021-10-03,Mariposa,043,17540,1049,1011,31,1042,5
2021-10-03,Mendocino,045,87422,7020,6939,383,7322,79
2021-10-03,Merced,047,269075,39783,39516,1502,41018,558
2021-10-03,Modoc,049,8938,487,472,171,643,5
2021-10-03,Mono,051,14174,1585,1554,19,1573,3
2021-10-03,Monterey,053,433212,47912,47049,2699,49748,571
2021-10-03,Napa,055,140530,12588,12489,98,12587,96
2021-10-03,Nevada,057,99092,8631,8545,304,8849,90
2021-10-03,Orange,059,3164182,300325,298027,14350,312377,5447
2021-10-03,Placer,061,380077,35015,34596,3370,37966,379
2021-10-03,Plumas,063,18699,1409,1328,26,1354,6
2021-10-03,Riverside,065,2383286,352907,348593,16114,364707,4924
2021-10-03,Sacramento,067,1510023,151640,150664,4065,154729,2120
2021-10-03,San Benito,069,59416,7118,7095,152,7247,69
2021-10-03,San Bernardino,071,2135413,344369,342302,10808,353110,5555
2021-10-03,San Diego,073,3302833,360613,358153,20912,379065,4081
2021-10-03,San Francisco,075,870044,51301,50733,2229,52962,638
2021-10-03,San Joaquin,077,732212,95954,95133,5181,100314,1649
2021-10-03,San Luis Obispo,079,281455,28360,28065,1143,29208,325
2021-10-03,San Mateo,081,765935,52792,51923,807,52730,569
2021-10-03,Santa Barbara,083,443738,43185,42550,1565,44115,511
2021-10-03,Santa Clara,085,1922200,142867,141737,1179,142916,1869
2021-10-03,Santa Cruz,087,273765,19737,19548,986,20534,216
2021-10-03,Shasta,089,179085,19537,19132,3272,22404,279
2021-10-03,Sierra,091,2930,143,136,14,150,0
2021-10-03,Siskiyou,093,43540,3179,3096,1164,4260,42
2021-10-03,Solano,095,438530,44745,44051,1186,45237,322
2021-10-03,Sonoma,097,501317,39916,39679,494,40173,381
2021-10-03,Stanislaus,099,539301,75195,74366,8410,82776,1106
2021-10-03,Sutter,101,95872,13361,13248,280,13528,164
2021-10-03,Tehama,103,63373,7695,7564,1300,8864,94
2021-10-03,Trinity,105,12862,794,647,203,850,11
2021-10-03,Tulare,107,460477,64084,62860,13547,76407,924
2021-10-03,Tuolumne,109,53932,6548,6430,76,6506,89
2021-10-03,Ventura,111,848112,95837,95108,4207,99315,1153
2021-10-03,Yolo,113,214977,18917,18720,1005,19725,242
2021-10-03,Yuba,115,75493,9570,9462,227,9689,68
2021-10-02,Alameda,001,1643700,116481,115185,2708,117893,1343
2021-10-02,Alpine,003,1148,101,102,0,102,0
2021-10-02,Amador,005,37829,5245,5105,52,5157,61
2021-10-02,Butte,007,227075,19427,18911,3500,22411,243
2021-10-02,Calaveras,009,45235,3682,3585,44,3629,72
2021-10-02,Colusa,011,21464,2438,2403,567,2970,18
2021-10-02,Contra Costa,013,1133247,96415,95369,2031,97400,933
2021-10-02,Del Norte,015,27424,3563,3468,39,3507,39
2021-10-02,El Dorado,017,186661,15175,14887,1572,16459,136
2021-10-02,Fresno,019,978130,131101,128450,11533,139983,1964
2021-10-02,Glenn,021,27897,3296,3234,915,4149,26
2021-10-02,Humboldt,023,135768,8460,8244,443,8687,94
2021-10-02,Imperial,025,180216,32043,31674,3156,34830,757
2021-10-02,Inyo,027,18085,1816,1746,37,1783,39
2021-10-02,Kern,029,883053,120353,117962,19389,137351,1524
2021-10-02,Kings,031,150075,30078,29339,1753,31092,301
2021-10-02,Lake,033,64148,6324,6191,126,6317,97
2021-10-02,Lassen,035,31185,6487,6360,308,6668,25
2021-10-02,Los Angeles,037,10098052,1407218,1395070,52828,1447898,26126
2021-10-02,Madera,039,155013,21443,20931,1778,22709,266
2021-10-02,Marin,041,260295,17089,16936,416,17352,242
2021-10-02,Mariposa,043,17540,1047,967,31,998,5
2021-10-02,Mendocino,045,87422,7010,6869,383,7252,78
2021-10-02,Merced,047,269075,39756,39196,1499,40695,552
2021-10-02,Modoc,049,8938,485,468,171,639,5
2021-10-02,Mono,051,14174,1583,1540,19,1559,3
2021-10-02,Monterey,053,433212,47859,46964,2698,49662,571
2021-10-02,Napa,055,140530,12578,12433,98,12531,96
2021-10-02,Nevada,057,99092,8620,8474,303,8777,87
2021-10-02,Orange,059,3164182,300158,297307,14330,311637,5435
2021-10-02,Placer,061,380077,34949,34377,3361,37738,381
2021-10-02,Plumas,063,18699,1398,1298,26,1324,6
2021-10-02,Riverside,065,2383286,352666,347227,16103,363330,4895
2021-10-02,Sacramento,067,1510023,151466,149897,4057,153954,2099
2021-10-02,San Benito,069,59416,7111,7055,152,7207,69
2021-10-02,San Bernardino,071,2135413,344184,341212,10758,351970,5540
2021-10-02,San Diego,073,3302833,360291,356454,20890,377344,4078
2021-10-02,San Francisco,075,870044,51252,50393,2224,52617,634
2021-10-02,San Joaquin,077,732212,95889,94599,5175,99774,1646
2021-10-02,San Luis Obispo,079,281455,28337,27915,1143,29058,323
2021-10-02,San Mateo,081,765935,52751,51767,803,52570,573
2021-10-02,Santa Barbara,083,443738,43145,42423,1565,43988,508
2021-10-02,Santa Clara,085,1922200,142753,141231,1175,142406,1862
2021-10-02,Santa Cruz,087,273765,19720,19461,985,20446,214
2021-10-02,Shasta,089,179085,19491,18912,3266,22178,270
2021-10-02,Sierra,091,2930,142,131,14,145,0
2021-10-02,Siskiyou,093,43540,3178,3053,1161,4214,42
2021-10-02,Solano,095,438530,44700,43800,1185,44985,321
2021-10-02,Sonoma,097,501317,39882,39497,493,39990,382
2021-10-02,Stanislaus,099,539301,75109,73859,8396,82255,1099
2021-10-02,Sutter,101,95872,13352,13160,279,13439,160
2021-10-02,Tehama,103,63373,7680,7453,1300,8753,93
2021-10-02,Trinity,105,12862,791,625,203,828,10
2021-10-02,Tulare,107,460477,64010,62247,13520,75767,908
2021-10-02,Tuolumne,109,53932,6534,6369,76,6445,89
2021-10-02,Ventura,111,848112,95774,94854,4202,99056,1148
2021-10-02,Yolo,113,214977,18892,18640,1001,19641,242
2021-10-02,Yuba,115,75493,9551,9370,226,9596,66
2021-10-01,Alameda,001,1643700,116405,115185,2702,117887,1343
2021-10-01,Alpine,003,1148,101,102,0,102,0
2021-10-01,Amador,005,37829,5225,5105,52,5157,61
2021-10-01,Butte,007,227075,19386,18911,3494,22405,243
2021-10-01,Calaveras,009,45235,3672,3585,44,3629,72
2021-10-01,Colusa,011,21464,2436,2403,567,2970,18
2021-10-01,Contra Costa,013,1133247,96316,95369,2027,97396,933
2021-10-01,Del Norte,015,27424,3560,3468,38,3506,39
2021-10-01,El Dorado,017,186661,15157,14887,1568,16455,136
2021-10-01,Fresno,019,978130,130913,128450,11524,139974,1964
2021-10-01,Glenn,021,27897,3296,3234,913,4147,26
2021-10-01,Humboldt,023,135768,8444,8244,443,8687,94
2021-10-01,Imperial,025,180216,32025,31674,3147,34821,757
2021-10-01,Inyo,027,18085,1807,1746,37,1783,39
2021-10-01,Kern,029,883053,120201,117962,19331,137293,1524
2021-10-01,Kings,031,150075,30044,29339,1747,31086,301
2021-10-01,Lake,033,64148,6314,6191,126,6317,97
2021-10-01,Lassen,035,31185,6476,6360,306,6666,25
2021-10-01,Los Angeles,037,10098052,1406458,1395070,52783,1447853,26126
2021-10-01,Madera,039,155013,21393,20931,1769,22700,266
2021-10-01,Marin,041,260295,17074,16936,415,17351,242
2021-10-01,Mariposa,043,17540,1040,967,31,998,5
2021-10-01,Mendocino,045,87422,6998,6869,383,7252,78
2021-10-01,Merced,047,269075,39711,39196,1490,40686,552
2021-10-01,Modoc,049,8938,484,468,171,639,5
2021-10-01,Mono,051,14174,1580,1540,19,1559,3
2021-10-01,Monterey,053,433212,47838,46964,2695,49659,571
2021-10-01,Napa,055,140530,12568,12433,97,12530,96
2021-10-01,Nevada,057,99092,8606,8474,302,8776,87
2021-10-01,Orange,059,3164182,299973,297307,14310,311617,5435
2021-10-01,Placer,061,380077,34915,34377,3357,37734,381
2021-10-01,Plumas,063,18699,1389,1298,26,1324,6
2021-10-01,Riverside,065,2383286,352374,347227,16095,363322,4895
2021-10-01,Sacramento,067,1510023,151315,149897,4046,153943,2099
2021-10-01,San Benito,069,59416,7109,7055,150,7205,69
2021-10-01,San Bernardino,071,2135413,343985,341212,10755,351967,5540
2021-10-01,San Diego,073,3302833,359924,356454,20869,377323,4078
2021-10-01,San Francisco,075,870044,51211,50393,2222,52615,634
2021-10-01,San Joaquin,077,732212,95819,94599,5171,99770,1646
2021-10-01,San Luis Obispo,079,281455,28314,27915,1140,29055,323
2021-10-01,San Mateo,081,765935,52711,51767,800,52567,573
2021-10-01,Santa Barbara,083,443738,43109,42423,1565,43988,508
2021-10-01,Santa Clara,085,1922200,142660,141231,1170,142401,1862
2021-10-01,Santa Cruz,087,273765,19700,19461,984,20445,214
2021-10-01,Shasta,089,179085,19437,18912,3258,22170,270
2021-10-01,Sierra,091,2930,142,131,14,145,0
2021-10-01,Siskiyou,093,43540,3177,3053,1158,4211,42
2021-10-01,Solano,095,438530,44648,43800,1179,44979,321
2021-10-01,Sonoma,097,501317,39850,39497,492,39989,382
2021-10-01,Stanislaus,099,539301,75025,73859,8385,82244,1099
2021-10-01,Sutter,101,95872,13336,13160,277,13437,160
2021-10-01,Tehama,103,63373,7668,7453,1298,8751,93
2021-10-01,Trinity,105,12862,789,625,203,828,10
2021-10-01,Tulare,107,460477,63907,62247,13485,75732,908
2021-10-01,Tuolumne,109,53932,6517,6369,76,6445,89
2021-10-01,Ventura,111,848112,95714,94854,4197,99051,1148
2021-10-01,Yolo,113,214977,18868,18640,998,19638,242
2021-10-01,Yuba,115,75493,9529,9370,226,9596,66
2021-09-30,Alameda,001,1643700,116259,115185,2699,117884,1343
2021-09-30,Alpine,003,1148,101,102,0,102,0
2021-09-30,Amador,005,37829,5213,5105,52,5157,61
2021-09-30,Butte,007,227075,19337,18911,3485,22396,243
2021-09-30,Calaveras,009,45235,3658,3585,44,3629,72
2021-09-30,Colusa,011,21464,2433,2403,566,2969,18
2021-09-30,Contra Costa,013,1133247,96212,95369,2021,97390,933
2021-09-30,Del Norte,015,27424,3556,3468,35,3503,39
2021-09-30,El Dorado,017,186661,15132,14887,1560,16447,136
2021-09-30,Fresno,019,978130,130636,128450,11495,139945,1964
2021-09-30,Glenn,021,27897,3285,3234,913,4147,26
2021-09-30,Humboldt,023,135768,8412,8244,437,8681,94
2021-09-30,Imperial,025,180216,31973,31674,3145,34819,757
2021-09-30,Inyo,027,18085,1797,1746,37,1783,39
2021-09-30,Kern,029,883053,119957,117962,19249,137211,1524
2021-09-30,Kings,031,150075,29955,29339,1743,31082,301
2021-09-30,Lake,033,64148,6296,6191,126,6317,97
2021-09-30,Lassen,035,31185,6462,6360,306,6666,25
2021-09-30,Los Angeles,037,10098052,1405252,1395070,52724,1447794,26126
2021-09-30,Madera,039,155013,21310,20931,1754,22685,266
2021-09-30,Marin,041,260295,17054,16936,414,17350,242
2021-09-30,Mariposa,043,17540,1018,967,31,998,5
2021-09-30,Mendocino,045,87422,6989,6869,374,7243,78
2021-09-30,Merced,047,269075,39614,39196,1487,40683,552
2021-09-30,Modoc,049,8938,484,468,170,638,5
2021-09-30,Mono,051,14174,1571,1540,19,1559,3
2021-09-30,Monterey,053,433212,47809,46964,2683,49647,571
2021-09-30,Napa,055,140530,12547,12433,97,12530,96
2021-09-30,Nevada,057,99092,8589,8474,301,8775,87
2021-09-30,Orange,059,3164182,299701,297307,14271,311578,5435
2021-09-30,Placer,061,380077,34863,34377,3336,37713,381
2021-09-30,Plumas,063,18699,1371,1298,26,1324,6
2021-09-30,Riverside,065,2383286,351942,347227,16074,363301,4895
2021-09-30,Sacramento,067,1510023,151059,149897,4020,153917,2099
2021-09-30,San Benito,069,59416,7103,7055,150,7205,69
2021-09-30,San Bernardino,071,2135413,343675,341212,10740,351952,5540
2021-09-30,San Diego,073,3302833,359430,356454,20843,377297,4078
2021-09-30,San Francisco,075,870044,51134,50393,2218,52611,634
2021-09-30,San Joaquin,077,732212,95690,94599,5163,99762,1646
2021-09-30,San Luis Obispo,079,281455,28266,27915,1136,29051,323
2021-09-30,San Mateo,081,765935,52664,51767,797,52564,573
2021-09-30,Santa Barbara,083,443738,43054,42423,1564,43987,508
2021-09-30,Santa Clara,085,1922200,142510,141231,1167,142398,1862
2021-09-30,Santa Cruz,087,273765,19660,19461,983,20444,214
2021-09-30,Shasta,089,179085,19375,18912,3243,22155,270
2021-09-30,Sierra,091,2930,141,131,14,145,0
2021-09-30,Siskiyou,093,43540,3169,3053,1153,4206,42
2021-09-30,Solano,095,438530,44596,43800,1176,44976,321
2021-09-30,Sonoma,097,501317,39801,39497,492,39989,382
2021-09-30,Stanislaus,099,539301,74865,73859,8365,82224,1099
2021-09-30,Sutter,101,95872,13315,13160,277,13437,160
2021-09-30,Tehama,103,63373,7631,7453,1287,8740,93
2021-09-30,Trinity,105,12862,785,625,203,828,10
2021-09-30,Tulare,107,460477,63733,62247,13426,75673,908
2021-09-30,Tuolumne,109,53932,6494,6369,76,6445,89
2021-09-30,Ventura,111,848112,95620,94854,4190,99044,1148
2021-09-30,Yolo,113,214977,18829,18640,994,19634,242
2021-09-30,Yuba,115,75493,9506,9370,225,9595,66
2021-09-29,Alameda,001,1643700,116111,114998,2696,117694,1339
2021-09-29,Alpine,003,1148,101,101,0,101,0
2021-09-29,Amador,005,37829,5191,5058,52,5110,61
2021-09-29,Butte,007,227075,19283,18835,3478,22313,242
2021-09-29,Calaveras,009,45235,3641,3553,43,3596,72
2021-09-29,Colusa,011,21464,2431,2401,566,2967,18
2021-09-29,Contra Costa,013,1133247,96098,95213,2013,97226,929
2021-09-29,Del Norte,015,27424,3550,3467,35,3502,39
2021-09-29,El Dorado,017,186661,15098,14834,1553,16387,136
2021-09-29,Fresno,019,978130,130338,128068,11476,139544,1957
2021-09-29,Glenn,021,27897,3278,3213,911,4124,26
2021-09-29,Humboldt,023,135768,8388,8203,436,8639,94
2021-09-29,Imperial,025,180216,31906,31600,3140,34740,757
2021-09-29,Inyo,027,18085,1787,1740,36,1776,39
2021-09-29,Kern,029,883053,119722,117605,19173,136778,1513
2021-09-29,Kings,031,150075,29871,29195,1728,30923,299
2021-09-29,Lake,033,64148,6276,6164,126,6290,97
2021-09-29,Lassen,035,31185,6448,6347,306,6653,25
2021-09-29,Los Angeles,037,10098052,1404041,1393617,52652,1446269,26098
2021-09-29,Madera,039,155013,21265,20818,1740,22558,266
2021-09-29,Marin,041,260295,17036,16921,412,17333,242
2021-09-29,Mariposa,043,17540,1004,963,31,994,5
2021-09-29,Mendocino,045,87422,6977,6821,366,7187,78
2021-09-29,Merced,047,269075,39520,39026,1476,40502,552
2021-09-29,Modoc,049,8938,482,468,170,638,5
2021-09-29,Mono,051,14174,1570,1527,19,1546,3
2021-09-29,Monterey,053,433212,47772,46917,2670,49587,571
2021-09-29,Napa,055,140530,12527,12416,93,12509,96
2021-09-29,Nevada,057,99092,8576,8434,301,8735,87
2021-09-29,Orange,059,3164182,299433,296936,14235,311171,5429
2021-09-29,Placer,061,380077,34799,34271,3313,37584,379
2021-09-29,Plumas,063,18699,1352,1289,26,1315,6
2021-09-29,Riverside,065,2383286,351508,346558,16061,362619,4886
2021-09-29,Sacramento,067,1510023,150808,149686,4010,153696,2099
2021-09-29,San Benito,069,59416,7092,7039,150,7189,69
2021-09-29,San Bernardino,071,2135413,343356,340672,10726,351398,5539
2021-09-29,San Diego,073,3302833,358928,355899,20813,376712,4066
2021-09-29,San Francisco,075,870044,51049,50286,2215,52501,629
2021-09-29,San Joaquin,077,732212,95533,94356,5141,99497,1645
2021-09-29,San Luis Obispo,079,281455,28220,27800,1130,28930,323
2021-09-29,San Mateo,081,765935,52605,51673,795,52468,573
2021-09-29,Santa Barbara,083,443738,42982,42328,1561,43889,507
2021-09-29,Santa Clara,085,1922200,142376,141036,1161,142197,1861
2021-09-29,Santa Cruz,087,273765,19642,19425,982,20407,214
2021-09-29,Shasta,089,179085,19309,18805,3231,22036,271
2021-09-29,Sierra,091,2930,137,130,14,144,0
2021-09-29,Siskiyou,093,43540,3156,3043,1146,4189,42
2021-09-29,Solano,095,438530,44540,43724,1169,44893,321
2021-09-29,Sonoma,097,501317,39740,39426,490,39916,370
2021-09-29,Stanislaus,099,539301,74734,73634,8354,81988,1096
2021-09-29,Sutter,101,95872,13288,13135,274,13409,155
2021-09-29,Tehama,103,63373,7601,7409,1272,8681,88
2021-09-29,Trinity,105,12862,781,616,203,819,10
2021-09-29,Tulare,107,460477,63563,62046,13367,75413,908
2021-09-29,Tuolumne,109,53932,6477,6336,76,6412,89
2021-09-29,Ventura,111,848112,95532,94753,4186,98939,1144
2021-09-29,Yolo,113,214977,18796,18587,989,19576,239
2021-09-29,Yuba,115,75493,9475,9351,221,9572,66
2021-09-28,Alameda,001,1643700,115950,114869,2689,117558,1333
2021-09-28,Alpine,003,1148,101,101,0,101,0
2021-09-28,Amador,005,37829,5169,5049,52,5101,61
2021-09-28,Butte,007,227075,19232,18764,3465,22229,241
2021-09-28,Calaveras,009,45235,3621,3530,43,3573,72
2021-09-28,Colusa,011,21464,2428,2399,564,2963,18
2021-09-28,Contra Costa,013,1133247,95956,95115,2008,97123,929
2021-09-28,Del Norte,015,27424,3547,3462,35,3497,39
2021-09-28,El Dorado,017,186661,15051,14793,1549,16342,133
2021-09-28,Fresno,019,978130,129992,127877,11449,139326,1948
2021-09-28,Glenn,021,27897,3272,3205,910,4115,26
2021-09-28,Humboldt,023,135768,8346,8159,433,8592,91
2021-09-28,Imperial,025,180216,31862,31543,3136,34679,757
2021-09-28,Inyo,027,18085,1773,1708,35,1743,39
2021-09-28,Kern,029,883053,119454,117420,19078,136498,1506
2021-09-28,Kings,031,150075,29771,29141,1720,30861,295
2021-09-28,Lake,033,64148,6261,6155,126,6281,95
2021-09-28,Lassen,035,31185,6442,6340,302,6642,25
2021-09-28,Los Angeles,037,10098052,1402747,1392445,52583,1445028,26068
2021-09-28,Madera,039,155013,21211,20764,1726,22490,266
2021-09-28,Marin,041,260295,17017,16887,410,17297,242
2021-09-28,Mariposa,043,17540,999,952,31,983,5
2021-09-28,Mendocino,045,87422,6955,6804,364,7168,78
2021-09-28,Merced,047,269075,39433,38953,1463,40416,551
2021-09-28,Modoc,049,8938,481,467,170,637,5
2021-09-28,Mono,051,14174,1560,1527,19,1546,3
2021-09-28,Monterey,053,433212,47735,46859,2661,49520,571
2021-09-28,Napa,055,140530,12510,12388,92,12480,96
2021-09-28,Nevada,057,99092,8553,8409,300,8709,84
2021-09-28,Orange,059,3164182,299180,296596,14207,310803,5421
2021-09-28,Placer,061,380077,34734,34187,3295,37482,370
2021-09-28,Plumas,063,18699,1343,1276,26,1302,6
2021-09-28,Riverside,065,2383286,351049,346096,16040,362136,4874
2021-09-28,Sacramento,067,1510023,150518,149310,3988,153298,2086
2021-09-28,San Benito,069,59416,7075,7028,149,7177,69
2021-09-28,San Bernardino,071,2135413,343004,340342,10709,351051,5540
2021-09-28,San Diego,073,3302833,358366,355373,20782,376155,4054
2021-09-28,San Francisco,075,870044,50946,50234,2214,52448,627
2021-09-28,San Joaquin,077,732212,95381,94194,5128,99322,1639
2021-09-28,San Luis Obispo,079,281455,28185,27755,1125,28880,321
2021-09-28,San Mateo,081,765935,52560,51620,794,52414,571
2021-09-28,Santa Barbara,083,443738,42910,42226,1560,43786,506
2021-09-28,Santa Clara,085,1922200,142214,140886,1152,142038,1858
2021-09-28,Santa Cruz,087,273765,19601,19324,981,20305,214
2021-09-28,Shasta,089,179085,19247,18701,3217,21918,267
2021-09-28,Sierra,091,2930,136,130,13,143,0
2021-09-28,Siskiyou,093,43540,3144,3032,1143,4175,42
2021-09-28,Solano,095,438530,44467,43652,1166,44818,316
2021-09-28,Sonoma,097,501317,39693,39395,489,39884,370
2021-09-28,Stanislaus,099,539301,74563,73528,8342,81870,1094
2021-09-28,Sutter,101,95872,13269,13102,270,13372,155
2021-09-28,Tehama,103,63373,7583,7382,1257,8639,88
2021-09-28,Trinity,105,12862,778,613,203,816,10
2021-09-28,Tulare,107,460477,63403,61916,13308,75224,905
2021-09-28,Tuolumne,109,53932,6451,6308,76,6384,89
2021-09-28,Ventura,111,848112,95413,94632,4183,98815,1143
2021-09-28,Yolo,113,214977,18770,18564,986,19550,239
2021-09-28,Yuba,115,75493,9456,9323,220,9543,66
2021-09-27,Alameda,001,1643700,115759,114731,2680,117411,1327
2021-09-27,Alpine,003,1148,101,101,0,101,0
2021-09-27,Amador,005,37829,5155,5017,52,5069,59
2021-09-27,Butte,007,227075,19175,18687,3449,22136,239
2021-09-27,Calaveras,009,45235,3601,3514,42,3556,70
2021-09-27,Colusa,011,21464,2427,2393,563,2956,18
2021-09-27,Contra Costa,013,1133247,95825,94979,1999,96978,924
2021-09-27,Del Norte,015,27424,3545,3468,33,3501,37
2021-09-27,El Dorado,017,186661,15012,14764,1542,16306,132
2021-09-27,Fresno,019,978130,129672,127475,11417,138892,1942
2021-09-27,Glenn,021,27897,3259,3189,906,4095,26
2021-09-27,Humboldt,023,135768,8306,8118,433,8551,91
2021-09-27,Imperial,025,180216,31799,31491,3129,34620,756
2021-09-27,Inyo,027,18085,1761,1698,35,1733,39
2021-09-27,Kern,029,883053,119178,117064,18980,136044,1503
2021-09-27,Kings,031,150075,29673,28998,1708,30706,297
2021-09-27,Lake,033,64148,6241,6126,126,6252,95
2021-09-27,Lassen,035,31185,6427,6327,298,6625,25
2021-09-27,Los Angeles,037,10098052,1401411,1391538,52514,1444052,26040
2021-09-27,Madera,039,155013,21146,20691,1718,22409,262
2021-09-27,Marin,041,260295,16995,16861,409,17270,242
2021-09-27,Mariposa,043,17540,989,931,31,962,5
2021-09-27,Mendocino,045,87422,6929,6761,357,7118,74
2021-09-27,Merced,047,269075,39335,38840,1457,40297,548
2021-09-27,Modoc,049,8938,480,465,168,633,5
2021-09-27,Mono,051,14174,1547,1525,19,1544,3
2021-09-27,Monterey,053,433212,47692,46811,2649,49460,571
2021-09-27,Napa,055,140530,12486,12354,91,12445,95
2021-09-27,Nevada,057,99092,8530,8379,297,8676,84
2021-09-27,Orange,059,3164182,298874,296334,14176,310510,5409
2021-09-27,Placer,061,380077,34647,34087,3290,37377,370
2021-09-27,Plumas,063,18699,1333,1269,26,1295,6
2021-09-27,Riverside,065,2383286,350607,345529,16030,361559,4864
2021-09-27,Sacramento,067,1510023,150201,149096,3966,153062,2076
2021-09-27,San Benito,069,59416,7058,7017,149,7166,67
2021-09-27,San Bernardino,071,2135413,342590,339952,10684,350636,5544
2021-09-27,San Diego,073,3302833,357708,354755,20757,375512,4054
2021-09-27,San Francisco,075,870044,50862,50157,2210,52367,622
2021-09-27,San Joaquin,077,732212,95198,94085,5125,99210,1633
2021-09-27,San Luis Obispo,079,281455,28130,27674,1122,28796,320
2021-09-27,San Mateo,081,765935,52484,51552,794,52346,571
2021-09-27,Santa Barbara,083,443738,42844,42012,1556,43568,505
2021-09-27,Santa Clara,085,1922200,142032,140802,1142,141944,1853
2021-09-27,Santa Cruz,087,273765,19577,19292,980,20272,214
2021-09-27,Shasta,089,179085,19165,18599,3189,21788,267
2021-09-27,Sierra,091,2930,136,128,13,141,0
2021-09-27,Siskiyou,093,43540,3132,3015,1138,4153,42
2021-09-27,Solano,095,438530,44392,43582,1161,44743,314
2021-09-27,Sonoma,097,501317,39638,39347,489,39836,370
2021-09-27,Stanislaus,099,539301,74408,73370,8323,81693,1091
2021-09-27,Sutter,101,95872,13238,13082,267,13349,155
2021-09-27,Tehama,103,63373,7542,7345,1247,8592,88
2021-09-27,Trinity,105,12862,767,605,202,807,9
2021-09-27,Tulare,107,460477,63203,61708,13237,74945,904
2021-09-27,Tuolumne,109,53932,6431,6264,76,6340,89
2021-09-27,Ventura,111,848112,95290,94477,4179,98656,1138
2021-09-27,Yolo,113,214977,18738,18524,985,19509,239
2021-09-27,Yuba,115,75493,9419,9292,216,9508,64
2021-09-26,Alameda,001,1643700,115560,114601,2673,117274,1326
2021-09-26,Alpine,003,1148,100,101,0,101,0
2021-09-26,Amador,005,37829,5123,5001,51,5052,59
2021-09-26,Butte,007,227075,19099,18634,3432,22066,238
2021-09-26,Calaveras,009,45235,3579,3505,42,3547,70
2021-09-26,Colusa,011,21464,2421,2392,560,2952,18
2021-09-26,Contra Costa,013,1133247,95651,94877,1986,96863,924
2021-09-26,Del Norte,015,27424,3539,3466,32,3498,37
2021-09-26,El Dorado,017,186661,14971,14738,1534,16272,132
2021-09-26,Fresno,019,978130,129317,127235,11377,138612,1939
2021-09-26,Glenn,021,27897,3247,3182,906,4088,26
2021-09-26,Humboldt,023,135768,8271,8098,432,8530,91
2021-09-26,Imperial,025,180216,31738,31462,3128,34590,756
2021-09-26,Inyo,027,18085,1746,1685,35,1720,39
2021-09-26,Kern,029,883053,118842,116927,18869,135796,1502
2021-09-26,Kings,031,150075,29571,28930,1697,30627,293
2021-09-26,Lake,033,64148,6224,6113,126,6239,95
2021-09-26,Lassen,035,31185,6417,6319,293,6612,25
2021-09-26,Los Angeles,037,10098052,1399923,1390577,52443,1443020,26035
2021-09-26,Madera,039,155013,21072,20629,1699,22328,262
2021-09-26,Marin,041,260295,16972,16860,409,17269,242
2021-09-26,Mariposa,043,17540,983,929,31,960,5
2021-09-26,Mendocino,045,87422,6896,6744,342,7086,74
2021-09-26,Merced,047,269075,39174,38717,1452,40169,548
2021-09-26,Modoc,049,8938,480,465,167,632,5
2021-09-26,Mono,051,14174,1544,1516,19,1535,3
2021-09-26,Monterey,053,433212,47646,46792,2635,49427,571
2021-09-26,Napa,055,140530,12462,12340,90,12430,95
2021-09-26,Nevada,057,99092,8499,8356,292,8648,84
2021-09-26,Orange,059,3164182,298540,296085,14144,310229,5409
2021-09-26,Placer,061,380077,34553,34043,3280,37323,370
2021-09-26,Plumas,063,18699,1315,1268,26,1294,6
2021-09-26,Riverside,065,2383286,350074,345257,16016,361273,4864
2021-09-26,Sacramento,067,1510023,149797,148745,3947,152692,2071
2021-09-26,San Benito,069,59416,7041,7012,148,7160,67
2021-09-26,San Bernardino,071,2135413,342137,339771,10669,350440,5545
2021-09-26,San Diego,073,3302833,357066,354414,20716,375130,4051
2021-09-26,San Francisco,075,870044,50736,50092,2202,52294,622
2021-09-26,San Joaquin,077,732212,94992,93935,5111,99046,1633
2021-09-26,San Luis Obispo,079,281455,28056,27624,1117,28741,319
2021-09-26,San Mateo,081,765935,52417,51496,792,52288,571
2021-09-26,Santa Barbara,083,443738,42757,41946,1553,43499,505
2021-09-26,Santa Clara,085,1922200,141832,140667,1139,141806,1852
2021-09-26,Santa Cruz,087,273765,19552,19279,980,20259,214
2021-09-26,Shasta,089,179085,19056,18566,3166,21732,266
2021-09-26,Sierra,091,2930,136,128,13,141,0
2021-09-26,Siskiyou,093,43540,3118,2998,1128,4126,42
2021-09-26,Solano,095,438530,44325,43537,1160,44697,314
2021-09-26,Sonoma,097,501317,39579,39302,489,39791,370
2021-09-26,Stanislaus,099,539301,74206,73243,8295,81538,1091
2021-09-26,Sutter,101,95872,13201,13045,266,13311,155
2021-09-26,Tehama,103,63373,7484,7323,1237,8560,88
2021-09-26,Trinity,105,12862,764,591,202,793,9
2021-09-26,Tulare,107,460477,62983,61560,13157,74717,904
2021-09-26,Tuolumne,109,53932,6403,6236,74,6310,89
2021-09-26,Ventura,111,848112,95178,94391,4172,98563,1138
2021-09-26,Yolo,113,214977,18703,18496,977,19473,239
2021-09-26,Yuba,115,75493,9392,9275,216,9491,64
2021-09-25,Alameda,001,1643700,115481,114014,2670,116684,1324
2021-09-25,Alpine,003,1148,100,101,0,101,0
2021-09-25,Amador,005,37829,5109,4934,51,4985,59
2021-09-25,Butte,007,227075,19070,18396,3423,21819,236
2021-09-25,Calaveras,009,45235,3576,3461,42,3503,70
2021-09-25,Colusa,011,21464,2419,2387,558,2945,16
2021-09-25,Contra Costa,013,1133247,95580,94337,1982,96319,924
2021-09-25,Del Norte,015,27424,3538,3404,32,3436,35
2021-09-25,El Dorado,017,186661,14948,14641,1530,16171,130
2021-09-25,Fresno,019,978130,129173,126299,11364,137663,1927
2021-09-25,Glenn,021,27897,3245,3144,905,4049,25
2021-09-25,Humboldt,023,135768,8252,8014,430,8444,88
2021-09-25,Imperial,025,180216,31711,31280,3128,34408,755
2021-09-25,Inyo,027,18085,1738,1657,35,1692,39
2021-09-25,Kern,029,883053,118687,116021,18801,134822,1485
2021-09-25,Kings,031,150075,29520,28636,1694,30330,293
2021-09-25,Lake,033,64148,6219,6046,124,6170,92
2021-09-25,Lassen,035,31185,6405,6248,292,6540,25
2021-09-25,Los Angeles,037,10098052,1399206,1386417,52404,1438821,25964
2021-09-25,Madera,039,155013,21047,20432,1693,22125,262
2021-09-25,Marin,041,260295,16963,16802,407,17209,242
2021-09-25,Mariposa,043,17540,978,906,31,937,5
2021-09-25,Mendocino,045,87422,6877,6657,341,6998,74
2021-09-25,Merced,047,269075,39128,38393,1450,39843,546
2021-09-25,Modoc,049,8938,480,460,167,627,5
2021-09-25,Mono,051,14174,1541,1501,19,1520,3
2021-09-25,Monterey,053,433212,47616,46653,2633,49286,567
2021-09-25,Napa,055,140530,12442,12266,90,12356,95
2021-09-25,Nevada,057,99092,8482,8285,292,8577,84
2021-09-25,Orange,059,3164182,298367,294514,14126,308640,5374
2021-09-25,Placer,061,380077,34489,33764,3277,37041,367
2021-09-25,Plumas,063,18699,1311,1238,26,1264,6
2021-09-25,Riverside,065,2383286,349751,343463,16008,359471,4843
2021-09-25,Sacramento,067,1510023,149621,147728,3938,151666,2049
2021-09-25,San Benito,069,59416,7036,6965,148,7113,67
2021-09-25,San Bernardino,071,2135413,341902,338413,10655,349068,5540
2021-09-25,San Diego,073,3302833,356716,352017,20690,372707,4039
2021-09-25,San Francisco,075,870044,50692,49840,2201,52041,615
2021-09-25,San Joaquin,077,732212,94906,93273,5109,98382,1628
2021-09-25,San Luis Obispo,079,281455,28018,27447,1113,28560,318
2021-09-25,San Mateo,081,765935,52353,51266,790,52056,568
2021-09-25,Santa Barbara,083,443738,42699,41728,1553,43281,505
2021-09-25,Santa Clara,085,1922200,141726,140023,1136,141159,1844
2021-09-25,Santa Cruz,087,273765,19536,19200,978,20178,214
2021-09-25,Shasta,089,179085,19005,18256,3157,21413,262
2021-09-25,Sierra,091,2930,135,127,13,140,0
2021-09-25,Siskiyou,093,43540,3111,2956,1118,4074,41
2021-09-25,Solano,095,438530,44284,43331,1157,44488,312
2021-09-25,Sonoma,097,501317,39538,39112,489,39601,369
2021-09-25,Stanislaus,099,539301,74096,72628,8281,80909,1091
2021-09-25,Sutter,101,95872,13183,12976,263,13239,154
2021-09-25,Tehama,103,63373,7469,7200,1235,8435,86
2021-09-25,Trinity,105,12862,764,576,202,778,9
2021-09-25,Tulare,107,460477,62901,60909,13113,74022,898
2021-09-25,Tuolumne,109,53932,6392,6168,74,6242,89
2021-09-25,Ventura,111,848112,95112,94059,4168,98227,1129
2021-09-25,Yolo,113,214977,18681,18393,976,19369,239
2021-09-25,Yuba,115,75493,9372,9191,216,9407,61
2021-09-24,Alameda,001,1643700,115374,114014,2666,116680,1324
2021-09-24,Alpine,003,1148,100,101,0,101,0
2021-09-24,Amador,005,37829,5079,4934,51,4985,59
2021-09-24,Butte,007,227075,19018,18396,3414,21810,236
2021-09-24,Calaveras,009,45235,3569,3461,41,3502,70
2021-09-24,Colusa,011,21464,2416,2387,557,2944,16
2021-09-24,Contra Costa,013,1133247,95472,94337,1978,96315,924
2021-09-24,Del Norte,015,27424,3535,3404,32,3436,35
2021-09-24,El Dorado,017,186661,14930,14641,1526,16167,130
2021-09-24,Fresno,019,978130,128974,126299,11352,137651,1927
2021-09-24,Glenn,021,27897,3240,3144,905,4049,25
2021-09-24,Humboldt,023,135768,8233,8014,427,8441,88
2021-09-24,Imperial,025,180216,31673,31280,3125,34405,755
2021-09-24,Inyo,027,18085,1729,1657,35,1692,39
2021-09-24,Kern,029,883053,118550,116021,18735,134756,1485
2021-09-24,Kings,031,150075,29479,28636,1689,30325,293
2021-09-24,Lake,033,64148,6211,6046,124,6170,92
2021-09-24,Lassen,035,31185,6397,6248,291,6539,25
2021-09-24,Los Angeles,037,10098052,1398325,1386417,52361,1438778,25964
2021-09-24,Madera,039,155013,21016,20432,1684,22116,262
2021-09-24,Marin,041,260295,16949,16802,406,17208,242
2021-09-24,Mariposa,043,17540,966,906,31,937,5
2021-09-24,Mendocino,045,87422,6864,6657,341,6998,74
2021-09-24,Merced,047,269075,39084,38393,1450,39843,546
2021-09-24,Modoc,049,8938,480,460,166,626,5
2021-09-24,Mono,051,14174,1537,1501,19,1520,3
2021-09-24,Monterey,053,433212,47595,46653,2625,49278,567
2021-09-24,Napa,055,140530,12423,12266,90,12356,95
2021-09-24,Nevada,057,99092,8468,8285,289,8574,84
2021-09-24,Orange,059,3164182,298161,294514,14108,308622,5374
2021-09-24,Placer,061,380077,34434,33764,3264,37028,367
2021-09-24,Plumas,063,18699,1307,1238,26,1264,6
2021-09-24,Riverside,065,2383286,349417,343463,15999,359462,4843
2021-09-24,Sacramento,067,1510023,149437,147728,3934,151662,2049
2021-09-24,San Benito,069,59416,7030,6965,148,7113,67
2021-09-24,San Bernardino,071,2135413,341636,338413,10645,349058,5540
2021-09-24,San Diego,073,3302833,356362,352017,20675,372692,4039
2021-09-24,San Francisco,075,870044,50628,49840,2193,52033,615
2021-09-24,San Joaquin,077,732212,94792,93273,5107,98380,1628
2021-09-24,San Luis Obispo,079,281455,27987,27447,1108,28555,318
2021-09-24,San Mateo,081,765935,52294,51266,789,52055,568
2021-09-24,Santa Barbara,083,443738,42660,41728,1552,43280,505
2021-09-24,Santa Clara,085,1922200,141614,140023,1135,141158,1844
2021-09-24,Santa Cruz,087,273765,19513,19200,977,20177,214
2021-09-24,Shasta,089,179085,18950,18256,3143,21399,262
2021-09-24,Sierra,091,2930,134,127,13,140,0
2021-09-24,Siskiyou,093,43540,3102,2956,1112,4068,41
2021-09-24,Solano,095,438530,44247,43331,1155,44486,312
2021-09-24,Sonoma,097,501317,39506,39112,489,39601,369
2021-09-24,Stanislaus,099,539301,73981,72628,8266,80894,1091
2021-09-24,Sutter,101,95872,13164,12976,262,13238,154
2021-09-24,Tehama,103,63373,7457,7200,1230,8430,86
2021-09-24,Trinity,105,12862,761,576,202,778,9
2021-09-24,Tulare,107,460477,62810,60909,13070,73979,898
2021-09-24,Tuolumne,109,53932,6363,6168,74,6242,89
2021-09-24,Ventura,111,848112,95034,94059,4161,98220,1129
2021-09-24,Yolo,113,214977,18649,18393,973,19366,239
2021-09-24,Yuba,115,75493,9353,9191,216,9407,61
2021-09-23,Alameda,001,1643700,115215,114014,2661,116675,1324
2021-09-23,Alpine,003,1148,100,101,0,101,0
2021-09-23,Amador,005,37829,5066,4934,51,4985,59
2021-09-23,Butte,007,227075,18956,18396,3390,21786,236
2021-09-23,Calaveras,009,45235,3548,3461,41,3502,70
2021-09-23,Colusa,011,21464,2414,2387,555,2942,16
2021-09-23,Contra Costa,013,1133247,95331,94337,1971,96308,924
2021-09-23,Del Norte,015,27424,3526,3404,31,3435,35
2021-09-23,El Dorado,017,186661,14904,14641,1520,16161,130
2021-09-23,Fresno,019,978130,128678,126299,11335,137634,1927
2021-09-23,Glenn,021,27897,3226,3144,902,4046,25
2021-09-23,Humboldt,023,135768,8207,8014,425,8439,88
2021-09-23,Imperial,025,180216,31637,31280,3125,34405,755
2021-09-23,Inyo,027,18085,1715,1657,35,1692,39
2021-09-23,Kern,029,883053,118291,116021,18654,134675,1485
2021-09-23,Kings,031,150075,29376,28636,1680,30316,293
2021-09-23,Lake,033,64148,6201,6046,124,6170,92
2021-09-23,Lassen,035,31185,6388,6248,286,6534,25
2021-09-23,Los Angeles,037,10098052,1397132,1386417,52296,1438713,25964
2021-09-23,Madera,039,155013,20934,20432,1680,22112,262
2021-09-23,Marin,041,260295,16934,16802,405,17207,242
2021-09-23,Mariposa,043,17540,953,906,31,937,5
2021-09-23,Mendocino,045,87422,6843,6657,339,6996,74
2021-09-23,Merced,047,269075,38981,38393,1443,39836,546
2021-09-23,Modoc,049,8938,479,460,166,626,5
2021-09-23,Mono,051,14174,1534,1501,19,1520,3
2021-09-23,Monterey,053,433212,47546,46653,2614,49267,567
2021-09-23,Napa,055,140530,12406,12266,90,12356,95
2021-09-23,Nevada,057,99092,8441,8285,289,8574,84
2021-09-23,Orange,059,3164182,297862,294514,14084,308598,5374
2021-09-23,Placer,061,380077,34358,33764,3257,37021,367
2021-09-23,Plumas,063,18699,1290,1238,25,1263,6
2021-09-23,Riverside,065,2383286,348965,343463,15992,359455,4843
2021-09-23,Sacramento,067,1510023,149107,147728,3914,151642,2049
2021-09-23,San Benito,069,59416,7019,6965,148,7113,67
2021-09-23,San Bernardino,071,2135413,341277,338413,10630,349043,5540
2021-09-23,San Diego,073,3302833,355899,352017,20636,372653,4039
2021-09-23,San Francisco,075,870044,50555,49840,2191,52031,615
2021-09-23,San Joaquin,077,732212,94619,93273,5092,98365,1628
2021-09-23,San Luis Obispo,079,281455,27944,27447,1106,28553,318
2021-09-23,San Mateo,081,765935,52219,51266,788,52054,568
2021-09-23,Santa Barbara,083,443738,42582,41728,1549,43277,505
2021-09-23,Santa Clara,085,1922200,141464,140023,1128,141151,1844
2021-09-23,Santa Cruz,087,273765,19482,19200,977,20177,214
2021-09-23,Shasta,089,179085,18870,18256,3126,21382,262
2021-09-23,Sierra,091,2930,134,127,13,140,0
2021-09-23,Siskiyou,093,43540,3098,2956,1101,4057,41
2021-09-23,Solano,095,438530,44179,43331,1152,44483,312
2021-09-23,Sonoma,097,501317,39447,39112,486,39598,369
2021-09-23,Stanislaus,099,539301,73824,72628,8234,80862,1091
2021-09-23,Sutter,101,95872,13135,12976,262,13238,154
2021-09-23,Tehama,103,63373,7416,7200,1225,8425,86
2021-09-23,Trinity,105,12862,747,576,201,777,9
2021-09-23,Tulare,107,460477,62633,60909,13015,73924,898
2021-09-23,Tuolumne,109,53932,6338,6168,73,6241,89
2021-09-23,Ventura,111,848112,94931,94059,4154,98213,1129
2021-09-23,Yolo,113,214977,18620,18393,968,19361,239
2021-09-23,Yuba,115,75493,9325,9191,215,9406,61
2021-09-22,Alameda,001,1643700,115059,113862,2657,116519,1322
2021-09-22,Alpine,003,1148,100,100,0,100,0
2021-09-22,Amador,005,37829,5050,4915,51,4966,59
2021-09-22,Butte,007,227075,18897,18337,3375,21712,235
2021-09-22,Calaveras,009,45235,3532,3448,41,3489,70
2021-09-22,Colusa,011,21464,2409,2384,554,2938,16
2021-09-22,Contra Costa,013,1133247,95146,94209,1963,96172,924
2021-09-22,Del Norte,015,27424,3515,3386,30,3416,35
2021-09-22,El Dorado,017,186661,14868,14605,1513,16118,127
2021-09-22,Fresno,019,978130,128421,126006,11323,137329,1908
2021-09-22,Glenn,021,27897,3224,3138,901,4039,25
2021-09-22,Humboldt,023,135768,8184,7998,417,8415,80
2021-09-22,Imperial,025,180216,31585,31243,3118,34361,755
2021-09-22,Inyo,027,18085,1705,1651,35,1686,39
2021-09-22,Kern,029,883053,118048,115757,18532,134289,1477
2021-09-22,Kings,031,150075,29292,28589,1674,30263,292
2021-09-22,Lake,033,64148,6189,6035,124,6159,93
2021-09-22,Lassen,035,31185,6368,6209,282,6491,25
2021-09-22,Los Angeles,037,10098052,1395807,1384719,52240,1436959,25930
2021-09-22,Madera,039,155013,20877,20382,1672,22054,262
2021-09-22,Marin,041,260295,16924,16782,402,17184,242
2021-09-22,Mariposa,043,17540,947,901,31,932,5
2021-09-22,Mendocino,045,87422,6816,6624,333,6957,70
2021-09-22,Merced,047,269075,38849,38305,1441,39746,541
2021-09-22,Modoc,049,8938,476,458,166,624,5
2021-09-22,Mono,051,14174,1525,1496,18,1514,3
2021-09-22,Monterey,053,433212,47495,46615,2607,49222,566
2021-09-22,Napa,055,140530,12383,12248,89,12337,95
2021-09-22,Nevada,057,99092,8418,8273,286,8559,84
2021-09-22,Orange,059,3164182,297587,294214,14067,308281,5366
2021-09-22,Placer,061,380077,34271,33661,3244,36905,367
2021-09-22,Plumas,063,18699,1278,1230,25,1255,6
2021-09-22,Riverside,065,2383286,348430,342946,15967,358913,4830
2021-09-22,Sacramento,067,1510023,148792,147533,3883,151416,2043
2021-09-22,San Benito,069,59416,7008,6961,146,7107,67
2021-09-22,San Bernardino,071,2135413,340883,337938,10621,348559,5528
2021-09-22,San Diego,073,3302833,355438,351132,20614,371746,4027
2021-09-22,San Francisco,075,870044,50470,49734,2186,51920,610
2021-09-22,San Joaquin,077,732212,94386,93010,5066,98076,1626
2021-09-22,San Luis Obispo,079,281455,27896,27398,1103,28501,315
2021-09-22,San Mateo,081,765935,52145,51197,785,51982,568
2021-09-22,Santa Barbara,083,443738,42519,41678,1548,43226,504
2021-09-22,Santa Clara,085,1922200,141301,139803,1121,140924,1844
2021-09-22,Santa Cruz,087,273765,19443,19177,977,20154,214
2021-09-22,Shasta,089,179085,18780,18153,3114,21267,260
2021-09-22,Sierra,091,2930,134,127,13,140,0
2021-09-22,Siskiyou,093,43540,3081,2947,1091,4038,41
2021-09-22,Solano,095,438530,44114,43269,1151,44420,312
2021-09-22,Sonoma,097,501317,39394,39063,485,39548,369
2021-09-22,Stanislaus,099,539301,73658,72355,8215,80570,1091
2021-09-22,Sutter,101,95872,13115,12960,259,13219,153
2021-09-22,Tehama,103,63373,7389,7173,1222,8395,86
2021-09-22,Trinity,105,12862,746,572,201,773,9
2021-09-22,Tulare,107,460477,62424,60776,12944,73720,896
2021-09-22,Tuolumne,109,53932,6317,6155,72,6227,89
2021-09-22,Ventura,111,848112,94827,93978,4148,98126,1122
2021-09-22,Yolo,113,214977,18581,18342,961,19303,239
2021-09-22,Yuba,115,75493,9296,9169,210,9379,61
2021-09-21,Alameda,001,1643700,114903,113765,2657,116422,1321
2021-09-21,Alpine,003,1148,100,100,0,100,0
2021-09-21,Amador,005,37829,5028,4897,51,4948,59
2021-09-21,Butte,007,227075,18800,18229,3337,21566,232
2021-09-21,Calaveras,009,45235,3514,3437,41,3478,70
2021-09-21,Colusa,011,21464,2406,2378,553,2931,16
2021-09-21,Contra Costa,013,1133247,94952,94101,1949,96050,924
2021-09-21,Del Norte,015,27424,3502,3378,30,3408,34
2021-09-21,El Dorado,017,186661,14838,14578,1506,16084,127
2021-09-21,Fresno,019,978130,128071,125789,11304,137093,1892
2021-09-21,Glenn,021,27897,3216,3134,895,4029,25
2021-09-21,Humboldt,023,135768,8152,7955,412,8367,80
2021-09-21,Imperial,025,180216,31528,31185,3116,34301,755
2021-09-21,Inyo,027,18085,1695,1646,35,1681,39
2021-09-21,Kern,029,883053,117755,115534,18418,133952,1467
2021-09-21,Kings,031,150075,29204,28545,1666,30211,291
2021-09-21,Lake,033,64148,6166,6013,124,6137,90
2021-09-21,Lassen,035,31185,6350,6159,278,6437,25
2021-09-21,Los Angeles,037,10098052,1394351,1383277,52184,1435461,25893
2021-09-21,Madera,039,155013,20817,20317,1661,21978,262
2021-09-21,Marin,041,260295,16909,16748,401,17149,242
2021-09-21,Mariposa,043,17540,942,894,30,924,5
2021-09-21,Mendocino,045,87422,6775,6580,324,6904,68
2021-09-21,Merced,047,269075,38728,38225,1437,39662,539
2021-09-21,Modoc,049,8938,473,458,166,624,5
2021-09-21,Mono,051,14174,1523,1495,17,1512,3
2021-09-21,Monterey,053,433212,47426,46583,2595,49178,565
2021-09-21,Napa,055,140530,12362,12238,89,12327,95
2021-09-21,Nevada,057,99092,8391,8259,277,8536,84
2021-09-21,Orange,059,3164182,297259,293898,14037,307935,5357
2021-09-21,Placer,061,380077,34170,33609,3233,36842,365
2021-09-21,Plumas,063,18699,1271,1225,25,1250,5
2021-09-21,Riverside,065,2383286,347870,342460,15943,358403,4817
2021-09-21,Sacramento,067,1510023,148409,147378,3855,151233,2027
2021-09-21,San Benito,069,59416,6997,6950,145,7095,67
2021-09-21,San Bernardino,071,2135413,340443,337387,10604,347991,5520
2021-09-21,San Diego,073,3302833,354820,350265,20590,370855,4021
2021-09-21,San Francisco,075,870044,50373,49653,2183,51836,609
2021-09-21,San Joaquin,077,732212,94152,92762,5055,97817,1621
2021-09-21,San Luis Obispo,079,281455,27838,27318,1099,28417,314
2021-09-21,San Mateo,081,765935,52076,51136,785,51921,568
2021-09-21,Santa Barbara,083,443738,42452,41644,1544,43188,503
2021-09-21,Santa Clara,085,1922200,141084,139657,1117,140774,1843
2021-09-21,Santa Cruz,087,273765,19413,19140,976,20116,212
2021-09-21,Shasta,089,179085,18652,18027,3090,21117,258
2021-09-21,Sierra,091,2930,134,127,13,140,0
2021-09-21,Siskiyou,093,43540,3067,2927,1077,4004,36
2021-09-21,Solano,095,438530,44038,43220,1151,44371,311
2021-09-21,Sonoma,097,501317,39341,39042,485,39527,369
2021-09-21,Stanislaus,099,539301,73471,72211,8193,80404,1091
2021-09-21,Sutter,101,95872,13092,12930,256,13186,153
2021-09-21,Tehama,103,63373,7343,7151,1218,8369,85
2021-09-21,Trinity,105,12862,735,572,199,771,9
2021-09-21,Tulare,107,460477,62210,60607,12883,73490,896
2021-09-21,Tuolumne,109,53932,6286,6139,72,6211,89
2021-09-21,Ventura,111,848112,94723,93818,4141,97959,1120
2021-09-21,Yolo,113,214977,18546,18313,957,19270,239
2021-09-21,Yuba,115,75493,9268,9135,210,9345,61
2021-09-20,Alameda,001,1643700,114719,113637,2653,116290,1320
2021-09-20,Alpine,003,1148,100,100,0,100,0
2021-09-20,Amador,005,37829,5010,4883,50,4933,59
2021-09-20,Butte,007,227075,18718,18135,3321,21456,231
2021-09-20,Calaveras,009,45235,3492,3395,40,3435,66
2021-09-20,Colusa,011,21464,2404,2376,550,2926,16
2021-09-20,Contra Costa,013,1133247,94802,93919,1943,95862,924
2021-09-20,Del Norte,015,27424,3494,3374,29,3403,34
2021-09-20,El Dorado,017,186661,14805,14545,1494,16039,127
2021-09-20,Fresno,019,978130,127656,125287,11283,136570,1889
2021-09-20,Glenn,021,27897,3206,3112,892,4004,25
2021-09-20,Humboldt,023,135768,8116,7938,407,8345,80
2021-09-20,Imperial,025,180216,31446,31146,3115,34261,755
2021-09-20,Inyo,027,18085,1687,1641,34,1675,39
2021-09-20,Kern,029,883053,117414,115271,18286,133557,1459
2021-09-20,Kings,031,150075,29117,28471,1660,30131,285
2021-09-20,Lake,033,64148,6151,5984,123,6107,87
2021-09-20,Lassen,035,31185,6320,6132,278,6410,25
2021-09-20,Los Angeles,037,10098052,1392830,1382206,52104,1434310,25858
2021-09-20,Madera,039,155013,20765,20203,1653,21856,257
2021-09-20,Marin,041,260295,16884,16732,399,17131,242
2021-09-20,Mariposa,043,17540,931,887,30,917,5
2021-09-20,Mendocino,045,87422,6741,6568,319,6887,67
2021-09-20,Merced,047,269075,38620,38144,1427,39571,536
2021-09-20,Modoc,049,8938,472,457,164,621,5
2021-09-20,Mono,051,14174,1517,1480,17,1497,3
2021-09-20,Monterey,053,433212,47383,46506,2578,49084,565
2021-09-20,Napa,055,140530,12337,12209,88,12297,95
2021-09-20,Nevada,057,99092,8371,8228,275,8503,84
2021-09-20,Orange,059,3164182,296918,293642,14011,307653,5354
2021-09-20,Placer,061,380077,34080,33531,3218,36749,364
2021-09-20,Plumas,063,18699,1266,1211,25,1236,5
2021-09-20,Riverside,065,2383286,347370,341961,15930,357891,4802
2021-09-20,Sacramento,067,1510023,148035,147016,3821,150837,2016
2021-09-20,San Benito,069,59416,6988,6947,144,7091,67
2021-09-20,San Bernardino,071,2135413,340050,337059,10588,347647,5507
2021-09-20,San Diego,073,3302833,354145,349579,20553,370132,4009
2021-09-20,San Francisco,075,870044,50266,49559,2182,51741,605
2021-09-20,San Joaquin,077,732212,93909,92614,5042,97656,1615
2021-09-20,San Luis Obispo,079,281455,27762,27259,1091,28350,313
2021-09-20,San Mateo,081,765935,51993,51100,782,51882,567
2021-09-20,Santa Barbara,083,443738,42356,41589,1540,43129,500
2021-09-20,Santa Clara,085,1922200,140883,139578,1115,140693,1841
2021-09-20,Santa Cruz,087,273765,19381,19121,976,20097,211
2021-09-20,Shasta,089,179085,18553,17893,3059,20952,258
2021-09-20,Sierra,091,2930,132,126,13,139,0
2021-09-20,Siskiyou,093,43540,3045,2902,1064,3966,35
2021-09-20,Solano,095,438530,43970,43152,1143,44295,312
2021-09-20,Sonoma,097,501317,39296,38991,485,39476,369
2021-09-20,Stanislaus,099,539301,73269,72031,8174,80205,1091
2021-09-20,Sutter,101,95872,13056,12896,251,13147,153
2021-09-20,Tehama,103,63373,7311,7121,1206,8327,84
2021-09-20,Trinity,105,12862,729,568,198,766,7
2021-09-20,Tulare,107,460477,62009,60302,12827,73129,896
2021-09-20,Tuolumne,109,53932,6260,6113,72,6185,89
2021-09-20,Ventura,111,848112,94610,93700,4134,97834,1120
2021-09-20,Yolo,113,214977,18501,18287,955,19242,239
2021-09-20,Yuba,115,75493,9232,9107,208,9315,61
2021-09-19,Alameda,001,1643700,114504,113446,2649,116095,1320
2021-09-19,Alpine,003,1148,99,100,0,100,0
2021-09-19,Amador,005,37829,4970,4875,49,4924,59
2021-09-19,Butte,007,227075,18625,18063,3294,21357,230
2021-09-19,Calaveras,009,45235,3467,3390,37,3427,66
2021-09-19,Colusa,011,21464,2402,2375,548,2923,16
2021-09-19,Contra Costa,013,1133247,94618,93788,1933,95721,924
2021-09-19,Del Norte,015,27424,3468,3344,28,3372,34
2021-09-19,El Dorado,017,186661,14753,14512,1488,16000,127
2021-09-19,Fresno,019,978130,127253,124985,11252,136237,1888
2021-09-19,Glenn,021,27897,3197,3102,887,3989,25
2021-09-19,Humboldt,023,135768,8071,7914,405,8319,80
2021-09-19,Imperial,025,180216,31377,31122,3112,34234,755
2021-09-19,Inyo,027,18085,1678,1639,34,1673,39
2021-09-19,Kern,029,883053,117101,115074,18179,133253,1459
2021-09-19,Kings,031,150075,28988,28416,1651,30067,284
2021-09-19,Lake,033,64148,6120,5962,123,6085,87
2021-09-19,Lassen,035,31185,6300,6129,272,6401,25
2021-09-19,Los Angeles,037,10098052,1390857,1381200,52004,1433204,25852
2021-09-19,Madera,039,155013,20686,20161,1643,21804,257
2021-09-19,Marin,041,260295,16855,16711,397,17108,242
2021-09-19,Mariposa,043,17540,923,881,30,911,5
2021-09-19,Mendocino,045,87422,6696,6538,313,6851,67
2021-09-19,Merced,047,269075,38463,38068,1419,39487,535
2021-09-19,Modoc,049,8938,469,457,162,619,5
2021-09-19,Mono,051,14174,1512,1480,17,1497,3
2021-09-19,Monterey,053,433212,47329,46486,2575,49061,565
2021-09-19,Napa,055,140530,12316,12190,86,12276,95
2021-09-19,Nevada,057,99092,8343,8203,273,8476,84
2021-09-19,Orange,059,3164182,296548,293258,13990,307248,5354
2021-09-19,Placer,061,380077,33967,33406,3200,36606,364
2021-09-19,Plumas,063,18699,1258,1211,25,1236,5
2021-09-19,Riverside,065,2383286,346777,341566,15921,357487,4804
2021-09-19,Sacramento,067,1510023,147674,146603,3776,150379,2012
2021-09-19,San Benito,069,59416,6969,6942,144,7086,67
2021-09-19,San Bernardino,071,2135413,339561,336688,10577,347265,5506
2021-09-19,San Diego,073,3302833,353429,349225,20517,369742,4006
2021-09-19,San Francisco,075,870044,50158,49458,2174,51632,605
2021-09-19,San Joaquin,077,732212,93613,92467,5031,97498,1615
2021-09-19,San Luis Obispo,079,281455,27661,27208,1082,28290,313
2021-09-19,San Mateo,081,765935,51894,51028,781,51809,567
2021-09-19,Santa Barbara,083,443738,42251,41512,1540,43052,500
2021-09-19,Santa Clara,085,1922200,140696,139410,1110,140520,1841
2021-09-19,Santa Cruz,087,273765,19343,19096,976,20072,211
2021-09-19,Shasta,089,179085,18439,17813,3023,20836,258
2021-09-19,Sierra,091,2930,131,126,13,139,0
2021-09-19,Siskiyou,093,43540,3019,2882,1055,3937,35
2021-09-19,Solano,095,438530,43881,43056,1138,44194,312
2021-09-19,Sonoma,097,501317,39224,38956,481,39437,369
2021-09-19,Stanislaus,099,539301,73025,71830,8151,79981,1091
2021-09-19,Sutter,101,95872,13029,12868,244,13112,153
2021-09-19,Tehama,103,63373,7257,7081,1196,8277,84
2021-09-19,Trinity,105,12862,718,562,196,758,7
2021-09-19,Tulare,107,460477,61748,60160,12733,72893,896
2021-09-19,Tuolumne,109,53932,6218,6097,72,6169,89
2021-09-19,Ventura,111,848112,94448,93491,4125,97616,1120
2021-09-19,Yolo,113,214977,18451,18238,949,19187,239
2021-09-19,Yuba,115,75493,9206,9087,207,9294,61
2021-09-18,Alameda,001,1643700,114404,113300,2648,115948,1320
2021-09-18,Alpine,003,1148,99,100,0,100,0
2021-09-18,Amador,005,37829,4960,4850,49,4899,59
2021-09-18,Butte,007,227075,18588,17961,3280,21241,230
2021-09-18,Calaveras,009,45235,3461,3361,36,3397,66
2021-09-18,Colusa,011,21464,2402,2373,547,2920,16
2021-09-18,Contra Costa,013,1133247,94527,93656,1929,95585,924
2021-09-18,Del Norte,015,27424,3460,3326,26,3352,34
2021-09-18,El Dorado,017,186661,14730,14472,1484,15956,127
2021-09-18,Fresno,019,978130,127111,124771,11239,136010,1889
2021-09-18,Glenn,021,27897,3189,3086,886,3972,25
2021-09-18,Humboldt,023,135768,8057,7881,404,8285,80
2021-09-18,Imperial,025,180216,31353,31096,3111,34207,755
2021-09-18,Inyo,027,18085,1672,1636,34,1670,39
2021-09-18,Kern,029,883053,116947,114781,18115,132896,1459
2021-09-18,Kings,031,150075,28940,28330,1646,29976,285
2021-09-18,Lake,033,64148,6103,5936,123,6059,87
2021-09-18,Lassen,035,31185,6290,6121,269,6390,25
2021-09-18,Los Angeles,037,10098052,1390099,1379880,51952,1431832,25849
2021-09-18,Madera,039,155013,20642,20126,1634,21760,257
2021-09-18,Marin,041,260295,16838,16685,396,17081,242
2021-09-18,Mariposa,043,17540,920,871,30,901,5
2021-09-18,Mendocino,045,87422,6675,6523,313,6836,67
2021-09-18,Merced,047,269075,38426,37977,1413,39390,535
2021-09-18,Modoc,049,8938,469,457,161,618,5
2021-09-18,Mono,051,14174,1509,1480,17,1497,3
2021-09-18,Monterey,053,433212,47291,46466,2572,49038,565
2021-09-18,Napa,055,140530,12304,12168,86,12254,95
2021-09-18,Nevada,057,99092,8326,8183,273,8456,84
2021-09-18,Orange,059,3164182,296351,293005,13976,306981,5354
2021-09-18,Placer,061,380077,33895,33309,3197,36506,364
2021-09-18,Plumas,063,18699,1257,1204,25,1229,5
2021-09-18,Riverside,065,2383286,346392,341136,15906,357042,4802
2021-09-18,Sacramento,067,1510023,147491,146162,3767,149929,2016
2021-09-18,San Benito,069,59416,6964,6937,144,7081,67
2021-09-18,San Bernardino,071,2135413,339289,336380,10564,346944,5501
2021-09-18,San Diego,073,3302833,353028,348848,20507,369355,4006
2021-09-18,San Francisco,075,870044,50095,49359,2168,51527,605
2021-09-18,San Joaquin,077,732212,93504,92242,5019,97261,1615
2021-09-18,San Luis Obispo,079,281455,27624,27181,1079,28260,313
2021-09-18,San Mateo,081,765935,51843,50961,779,51740,567
2021-09-18,Santa Barbara,083,443738,42187,41465,1540,43005,500
2021-09-18,Santa Clara,085,1922200,140575,139233,1107,140340,1841
2021-09-18,Santa Cruz,087,273765,19323,19079,976,20055,211
2021-09-18,Shasta,089,179085,18376,17777,3005,20782,258
2021-09-18,Sierra,091,2930,130,125,13,138,0
2021-09-18,Siskiyou,093,43540,3016,2875,1049,3924,35
2021-09-18,Solano,095,438530,43841,42966,1135,44101,312
2021-09-18,Sonoma,097,501317,39189,38891,479,39370,369
2021-09-18,Stanislaus,099,539301,72879,71587,8126,79713,1091
2021-09-18,Sutter,101,95872,13015,12829,244,13073,153
2021-09-18,Tehama,103,63373,7242,7055,1188,8243,84
2021-09-18,Trinity,105,12862,716,561,196,757,7
2021-09-18,Tulare,107,460477,61672,60003,12681,72684,896
2021-09-18,Tuolumne,109,53932,6203,6069,72,6141,89
2021-09-18,Ventura,111,848112,94380,93424,4120,97544,1120
2021-09-18,Yolo,113,214977,18425,18213,943,19156,239
2021-09-18,Yuba,115,75493,9192,9061,206,9267,61
2021-09-17,Alameda,001,1643700,114277,113070,2646,115716,1320
2021-09-17,Alpine,003,1148,99,99,0,99,0
2021-09-17,Amador,005,37829,4944,4835,48,4883,58
2021-09-17,Butte,007,227075,18537,17870,3271,21141,230
2021-09-17,Calaveras,009,45235,3449,3338,35,3373,66
2021-09-17,Colusa,011,21464,2401,2369,542,2911,16
2021-09-17,Contra Costa,013,1133247,94426,93485,1926,95411,924
2021-09-17,Del Norte,015,27424,3455,3311,24,3335,34
2021-09-17,El Dorado,017,186661,14711,14421,1482,15903,127
2021-09-17,Fresno,019,978130,126892,124296,11230,135526,1882
2021-09-17,Glenn,021,27897,3174,3072,884,3956,25
2021-09-17,Humboldt,023,135768,8036,7850,404,8254,80
2021-09-17,Imperial,025,180216,31327,31031,3110,34141,755
2021-09-17,Inyo,027,18085,1664,1634,34,1668,39
2021-09-17,Kern,029,883053,116756,114303,18018,132321,1456
2021-09-17,Kings,031,150075,28875,28240,1644,29884,281
2021-09-17,Lake,033,64148,6090,5915,123,6038,87
2021-09-17,Lassen,035,31185,6275,6080,267,6347,25
2021-09-17,Los Angeles,037,10098052,1389125,1377905,51885,1429790,25820
2021-09-17,Madera,039,155013,20590,20040,1622,21662,257
2021-09-17,Marin,041,260295,16825,16658,394,17052,242
2021-09-17,Mariposa,043,17540,918,869,30,899,5
2021-09-17,Mendocino,045,87422,6656,6498,313,6811,67
2021-09-17,Merced,047,269075,38379,37803,1411,39214,533
2021-09-17,Modoc,049,8938,469,456,161,617,5
2021-09-17,Mono,051,14174,1505,1457,17,1474,3
2021-09-17,Monterey,053,433212,47268,46421,2571,48992,564
2021-09-17,Napa,055,140530,12283,12153,86,12239,95
2021-09-17,Nevada,057,99092,8311,8157,273,8430,84
2021-09-17,Orange,059,3164182,296134,292685,13958,306643,5346
2021-09-17,Placer,061,380077,33834,33188,3186,36374,362
2021-09-17,Plumas,063,18699,1248,1192,24,1216,5
2021-09-17,Riverside,065,2383286,345991,340445,15895,356340,4792
2021-09-17,Sacramento,067,1510023,147292,145985,3756,149741,1999
2021-09-17,San Benito,069,59416,6961,6929,144,7073,67
2021-09-17,San Bernardino,071,2135413,338935,335810,10557,346367,5488
2021-09-17,San Diego,073,3302833,352595,348098,20489,368587,4002
2021-09-17,San Francisco,075,870044,50043,49249,2163,51412,605
2021-09-17,San Joaquin,077,732212,93366,91977,5007,96984,1610
2021-09-17,San Luis Obispo,079,281455,27590,27102,1068,28170,311
2021-09-17,San Mateo,081,765935,51789,50854,778,51632,564
2021-09-17,Santa Barbara,083,443738,42124,41354,1540,42894,498
2021-09-17,Santa Clara,085,1922200,140426,138939,1106,140045,1838
2021-09-17,Santa Cruz,087,273765,19298,19039,976,20015,211
2021-09-17,Shasta,089,179085,18305,17617,2992,20609,254
2021-09-17,Sierra,091,2930,130,124,13,137,0
2021-09-17,Siskiyou,093,43540,3001,2852,1049,3901,35
2021-09-17,Solano,095,438530,43778,42898,1131,44029,312
2021-09-17,Sonoma,097,501317,39152,38808,478,39286,369
2021-09-17,Stanislaus,099,539301,72772,71408,8108,79516,1091
2021-09-17,Sutter,101,95872,12999,12799,242,13041,153
2021-09-17,Tehama,103,63373,7218,7020,1176,8196,84
2021-09-17,Trinity,105,12862,711,556,195,751,7
2021-09-17,Tulare,107,460477,61556,59689,12647,72336,895
2021-09-17,Tuolumne,109,53932,6184,6047,72,6119,89
2021-09-17,Ventura,111,848112,94268,93273,4118,97391,1116
2021-09-17,Yolo,113,214977,18394,18177,939,19116,239
2021-09-17,Yuba,115,75493,9165,9019,205,9224,61
2021-09-16,Alameda,001,1643700,114097,112770,2643,115413,1318
2021-09-16,Alpine,003,1148,99,99,0,99,0
2021-09-16,Amador,005,37829,4924,4819,48,4867,58
2021-09-16,Butte,007,227075,18463,17750,3255,21005,230
2021-09-16,Calaveras,009,45235,3415,3313,35,3348,66
2021-09-16,Colusa,011,21464,2399,2363,540,2903,16
2021-09-16,Contra Costa,013,1133247,94256,93213,1918,95131,917
2021-09-16,Del Norte,015,27424,3437,3285,24,3309,34
2021-09-16,El Dorado,017,186661,14671,14372,1474,15846,127
2021-09-16,Fresno,019,978130,126534,123853,11190,135043,1868
2021-09-16,Glenn,021,27897,3162,3068,882,3950,24
2021-09-16,Humboldt,023,135768,8002,7809,394,8203,80
2021-09-16,Imperial,025,180216,31284,30966,3102,34068,753
2021-09-16,Inyo,027,18085,1662,1623,34,1657,39
2021-09-16,Kern,029,883053,116485,113828,17950,131778,1448
2021-09-16,Kings,031,150075,28789,28114,1635,29749,280
2021-09-16,Lake,033,64148,6066,5890,120,6010,87
2021-09-16,Lassen,035,31185,6240,6028,262,6290,25
2021-09-16,Los Angeles,037,10098052,1387735,1376277,51820,1428097,25796
2021-09-16,Madera,039,155013,20514,19974,1616,21590,257
2021-09-16,Marin,041,260295,16798,16625,393,17018,242
2021-09-16,Mariposa,043,17540,912,849,30,879,6
2021-09-16,Mendocino,045,87422,6624,6445,304,6749,67
2021-09-16,Merced,047,269075,38272,37675,1408,39083,532
2021-09-16,Modoc,049,8938,467,455,161,616,5
2021-09-16,Mono,051,14174,1499,1449,17,1466,3
2021-09-16,Monterey,053,433212,47214,46342,2565,48907,562
2021-09-16,Napa,055,140530,12258,12115,82,12197,95
2021-09-16,Nevada,057,99092,8283,8121,272,8393,84
2021-09-16,Orange,059,3164182,295790,292183,13938,306121,5340
2021-09-16,Placer,061,380077,33738,33037,3167,36204,354
2021-09-16,Plumas,063,18699,1240,1178,24,1202,5
2021-09-16,Riverside,065,2383286,345459,339770,15881,355651,4786
2021-09-16,Sacramento,067,1510023,146935,145754,3724,149478,1996
2021-09-16,San Benito,069,59416,6948,6913,143,7056,67
2021-09-16,San Bernardino,071,2135413,338508,335129,10550,345679,5474
2021-09-16,San Diego,073,3302833,351969,347472,20454,367926,3994
2021-09-16,San Francisco,075,870044,49958,49133,2154,51287,605
2021-09-16,San Joaquin,077,732212,93126,91650,4962,96612,1608
2021-09-16,San Luis Obispo,079,281455,27518,27044,1064,28108,310
2021-09-16,San Mateo,081,765935,51713,50773,775,51548,564
2021-09-16,Santa Barbara,083,443738,42057,41272,1537,42809,497
2021-09-16,Santa Clara,085,1922200,140271,138685,1102,139787,1835
2021-09-16,Santa Cruz,087,273765,19270,19011,976,19987,211
2021-09-16,Shasta,089,179085,18180,17438,2958,20396,251
2021-09-16,Sierra,091,2930,130,123,13,136,0
2021-09-16,Siskiyou,093,43540,2981,2819,1042,3861,35
2021-09-16,Solano,095,438530,43706,42792,1122,43914,312
2021-09-16,Sonoma,097,501317,39089,38707,477,39184,369
2021-09-16,Stanislaus,099,539301,72536,71105,8092,79197,1091
2021-09-16,Sutter,101,95872,12955,12729,236,12965,152
2021-09-16,Tehama,103,63373,7179,6953,1165,8118,83
2021-09-16,Trinity,105,12862,708,547,194,741,7
2021-09-16,Tulare,107,460477,61335,59459,12573,72032,894
2021-09-16,Tuolumne,109,53932,6164,5999,71,6070,89
2021-09-16,Ventura,111,848112,94129,93087,4114,97201,1110
2021-09-16,Yolo,113,214977,18363,18135,937,19072,239
2021-09-16,Yuba,115,75493,9131,8981,202,9183,61
2021-09-15,Alameda,001,1643700,113924,112498,2635,115133,1317
2021-09-15,Alpine,003,1148,99,99,0,99,0
2021-09-15,Amador,005,37829,4916,4792,48,4840,58
2021-09-15,Butte,007,227075,18365,17664,3235,20899,228
2021-09-15,Calaveras,009,45235,3383,3293,33,3326,66
2021-09-15,Colusa,011,21464,2397,2352,537,2889,16
2021-09-15,Contra Costa,013,1133247,94076,92989,1906,94895,913
2021-09-15,Del Norte,015,27424,3424,3271,22,3293,34
2021-09-15,El Dorado,017,186661,14645,14309,1466,15775,127
2021-09-15,Fresno,019,978130,126156,123370,11148,134518,1867
2021-09-15,Glenn,021,27897,3149,3051,877,3928,20
2021-09-15,Humboldt,023,135768,7967,7754,389,8143,52
2021-09-15,Imperial,025,180216,31229,30891,3097,33988,753
2021-09-15,Inyo,027,18085,1658,1614,34,1648,39
2021-09-15,Kern,029,883053,116137,113546,17851,131397,1434
2021-09-15,Kings,031,150075,28709,27991,1626,29617,279
2021-09-15,Lake,033,64148,6034,5852,119,5971,85
2021-09-15,Lassen,035,31185,6180,6018,257,6275,25
2021-09-15,Los Angeles,037,10098052,1386237,1374307,51751,1426058,25767
2021-09-15,Madera,039,155013,20440,19880,1609,21489,257
2021-09-15,Marin,041,260295,16763,16592,388,16980,242
2021-09-15,Mariposa,043,17540,901,843,30,873,5
2021-09-15,Mendocino,045,87422,6594,6399,299,6698,66
2021-09-15,Merced,047,269075,38164,37508,1406,38914,529
2021-09-15,Modoc,049,8938,467,454,161,615,5
2021-09-15,Mono,051,14174,1493,1445,17,1462,3
2021-09-15,Monterey,053,433212,47144,46317,2553,48870,562
2021-09-15,Napa,055,140530,12237,12082,82,12164,95
2021-09-15,Nevada,057,99092,8261,8081,269,8350,84
2021-09-15,Orange,059,3164182,295467,291834,13919,305753,5328
2021-09-15,Placer,061,380077,33626,32860,3145,36005,352
2021-09-15,Plumas,063,18699,1235,1164,23,1187,5
2021-09-15,Riverside,065,2383286,344876,339077,15857,354934,4769
2021-09-15,Sacramento,067,1510023,146508,145202,3693,148895,1981
2021-09-15,San Benito,069,59416,6945,6902,143,7045,67
2021-09-15,San Bernardino,071,2135413,338050,334556,10536,345092,5470
2021-09-15,San Diego,073,3302833,351340,346933,20428,367361,3983
2021-09-15,San Francisco,075,870044,49848,48999,2149,51148,605
2021-09-15,San Joaquin,077,732212,92850,91322,4919,96241,1607
2021-09-15,San Luis Obispo,079,281455,27435,26943,1058,28001,306
2021-09-15,San Mateo,081,765935,51631,50691,772,51463,564
2021-09-15,Santa Barbara,083,443738,41956,41077,1532,42609,497
2021-09-15,Santa Clara,085,1922200,140099,138410,1097,139507,1833
2021-09-15,Santa Cruz,087,273765,19232,18984,974,19958,210
2021-09-15,Shasta,089,179085,18069,17317,2937,20254,250
2021-09-15,Sierra,091,2930,130,123,13,136,0
2021-09-15,Siskiyou,093,43540,2961,2804,1011,3815,35
2021-09-15,Solano,095,438530,43634,42682,1117,43799,312
2021-09-15,Sonoma,097,501317,39030,38629,477,39106,369
2021-09-15,Stanislaus,099,539301,72312,70852,8071,78923,1091
2021-09-15,Sutter,101,95872,12922,12699,231,12930,151
2021-09-15,Tehama,103,63373,7138,6894,1156,8050,79
2021-09-15,Trinity,105,12862,706,541,192,733,7
2021-09-15,Tulare,107,460477,61077,59149,12512,71661,890
2021-09-15,Tuolumne,109,53932,6137,5969,71,6040,89
2021-09-15,Ventura,111,848112,93988,92960,4107,97067,1109
2021-09-15,Yolo,113,214977,18329,18064,929,18993,239
2021-09-15,Yuba,115,75493,9097,8953,202,9155,61
2021-09-14,Alameda,001,1643700,113715,112329,2629,114958,1316
2021-09-14,Alpine,003,1148,99,98,0,98,0
2021-09-14,Amador,005,37829,4896,4790,48,4838,57
2021-09-14,Butte,007,227075,18233,17516,3211,20727,226
2021-09-14,Calaveras,009,45235,3360,3280,30,3310,66
2021-09-14,Colusa,011,21464,2393,2344,533,2877,16
2021-09-14,Contra Costa,013,1133247,93877,92822,1897,94719,908
2021-09-14,Del Norte,015,27424,3408,3252,21,3273,32
2021-09-14,El Dorado,017,186661,14593,14247,1458,15705,123
2021-09-14,Fresno,019,978130,125680,123151,11106,134257,1856
2021-09-14,Glenn,021,27897,3128,3045,872,3917,20
2021-09-14,Humboldt,023,135768,7933,7717,384,8101,52
2021-09-14,Imperial,025,180216,31178,30845,3094,33939,752
2021-09-14,Inyo,027,18085,1649,1605,33,1638,39
2021-09-14,Kern,029,883053,115758,113250,17725,130975,1428
2021-09-14,Kings,031,150075,28633,27955,1618,29573,278
2021-09-14,Lake,033,64148,6002,5845,119,5964,83
2021-09-14,Lassen,035,31185,6166,5977,252,6229,25
2021-09-14,Los Angeles,037,10098052,1384399,1372831,51668,1424499,25729
2021-09-14,Madera,039,155013,20358,19800,1600,21400,254
2021-09-14,Marin,041,260295,16736,16584,386,16970,242
2021-09-14,Mariposa,043,17540,890,834,29,863,5
2021-09-14,Mendocino,045,87422,6559,6372,287,6659,65
2021-09-14,Merced,047,269075,38014,37430,1402,38832,526
2021-09-14,Modoc,049,8938,466,453,161,614,5
2021-09-14,Mono,051,14174,1488,1440,17,1457,4
2021-09-14,Monterey,053,433212,47102,46224,2541,48765,558
2021-09-14,Napa,055,140530,12204,12070,81,12151,91
2021-09-14,Nevada,057,99092,8227,8056,269,8325,83
2021-09-14,Orange,059,3164182,295078,291423,13895,305318,5319
2021-09-14,Placer,061,380077,33495,32735,3125,35860,350
2021-09-14,Plumas,063,18699,1220,1148,23,1171,5
2021-09-14,Riverside,065,2383286,344236,338534,15826,354360,4748
2021-09-14,Sacramento,067,1510023,146122,145051,3645,148696,1977
2021-09-14,San Benito,069,59416,6935,6887,143,7030,64
2021-09-14,San Bernardino,071,2135413,337556,333968,10511,344479,5465
2021-09-14,San Diego,073,3302833,350668,346204,20383,366587,3966
2021-09-14,San Francisco,075,870044,49713,48998,2147,51145,603
2021-09-14,San Joaquin,077,732212,92611,91128,4909,96037,1596
2021-09-14,San Luis Obispo,079,281455,27362,26845,1053,27898,304
2021-09-14,San Mateo,081,765935,51532,50602,769,51371,564
2021-09-14,Santa Barbara,083,443738,41861,40783,1523,42306,495
2021-09-14,Santa Clara,085,1922200,139864,138321,1094,139415,1828
2021-09-14,Santa Cruz,087,273765,19192,18965,972,19937,210
2021-09-14,Shasta,089,179085,17938,17152,2916,20068,246
2021-09-14,Sierra,091,2930,130,123,13,136,0
2021-09-14,Siskiyou,093,43540,2937,2756,994,3750,35
2021-09-14,Solano,095,438530,43551,42599,1114,43713,307
2021-09-14,Sonoma,097,501317,38960,38595,473,39068,369
2021-09-14,Stanislaus,099,539301,72053,70697,8043,78740,1091
2021-09-14,Sutter,101,95872,12880,12670,224,12894,149
2021-09-14,Tehama,103,63373,7084,6859,1148,8007,80
2021-09-14,Trinity,105,12862,700,538,191,729,7
2021-09-14,Tulare,107,460477,60826,58961,12440,71401,888
2021-09-14,Tuolumne,109,53932,6116,5951,69,6020,89
2021-09-14,Ventura,111,848112,93808,92841,4091,96932,1107
2021-09-14,Yolo,113,214977,18285,18039,924,18963,239
2021-09-14,Yuba,115,75493,9061,8928,202,9130,61
2021-09-13,Alameda,001,1643700,113494,112159,2624,114783,1309
2021-09-13,Alpine,003,1148,98,98,0,98,0
2021-09-13,Amador,005,37829,4878,4761,48,4809,56
2021-09-13,Butte,007,227075,18109,17393,3184,20577,225
2021-09-13,Calaveras,009,45235,3330,3253,28,3281,65
2021-09-13,Colusa,011,21464,2383,2346,528,2874,16
2021-09-13,Contra Costa,013,1133247,93631,92658,1892,94550,908
2021-09-13,Del Norte,015,27424,3372,3232,21,3253,28
2021-09-13,El Dorado,017,186661,14532,14194,1450,15644,119
2021-09-13,Fresno,019,978130,125213,122650,11049,133699,1853
2021-09-13,Glenn,021,27897,3116,3026,864,3890,20
2021-09-13,Humboldt,023,135768,7901,7659,381,8040,52
2021-09-13,Imperial,025,180216,31126,30802,3091,33893,751
2021-09-13,Inyo,027,18085,1642,1602,33,1635,39
2021-09-13,Kern,029,883053,115377,112930,17600,130530,1424
2021-09-13,Kings,031,150075,28523,27858,1606,29464,275
2021-09-13,Lake,033,64148,5980,5809,119,5928,82
2021-09-13,Lassen,035,31185,6131,5953,251,6204,25
2021-09-13,Los Angeles,037,10098052,1382539,1371423,51600,1423023,25703
2021-09-13,Madera,039,155013,20287,19735,1590,21325,252
2021-09-13,Marin,041,260295,16700,16557,385,16942,242
2021-09-13,Mariposa,043,17540,876,825,29,854,5
2021-09-13,Mendocino,045,87422,6525,6323,278,6601,61
2021-09-13,Merced,047,269075,37862,37291,1397,38688,521
2021-09-13,Modoc,049,8938,465,451,161,612,5
2021-09-13,Mono,051,14174,1481,1435,17,1452,3
2021-09-13,Monterey,053,433212,47011,46188,2528,48716,558
2021-09-13,Napa,055,140530,12186,12039,81,12120,91
2021-09-13,Nevada,057,99092,8201,8021,267,8288,83
2021-09-13,Orange,059,3164182,294642,291128,13874,305002,5312
2021-09-13,Placer,061,380077,33330,32617,3108,35725,343
2021-09-13,Plumas,063,18699,1211,1142,23,1165,5
2021-09-13,Riverside,065,2383286,343591,337876,15808,353684,4731
2021-09-13,Sacramento,067,1510023,145635,144537,3611,148148,1956
2021-09-13,San Benito,069,59416,6920,6867,142,7009,64
2021-09-13,San Bernardino,071,2135413,337069,333613,10487,344100,5441
2021-09-13,San Diego,073,3302833,349878,345647,20333,365980,3961
2021-09-13,San Francisco,075,870044,49584,48914,2141,51055,603
2021-09-13,San Joaquin,077,732212,92327,90966,4891,95857,1581
2021-09-13,San Luis Obispo,079,281455,27265,26805,1050,27855,300
2021-09-13,San Mateo,081,765935,51442,50525,764,51289,564
2021-09-13,Santa Barbara,083,443738,41744,40661,1516,42177,494
2021-09-13,Santa Clara,085,1922200,139616,138152,1089,139241,1820
2021-09-13,Santa Cruz,087,273765,19152,18917,971,19888,210
2021-09-13,Shasta,089,179085,17808,17033,2874,19907,243
2021-09-13,Sierra,091,2930,130,123,13,136,0
2021-09-13,Siskiyou,093,43540,2922,2745,982,3727,35
2021-09-13,Solano,095,438530,43447,42501,1111,43612,306
2021-09-13,Sonoma,097,501317,38893,38513,470,38983,368
2021-09-13,Stanislaus,099,539301,71799,70477,8008,78485,1091
2021-09-13,Sutter,101,95872,12822,12624,220,12844,145
2021-09-13,Tehama,103,63373,7021,6803,1136,7939,79
2021-09-13,Trinity,105,12862,698,533,189,722,7
2021-09-13,Tulare,107,460477,60542,58768,12378,71146,887
2021-09-13,Tuolumne,109,53932,6085,5909,69,5978,89
2021-09-13,Ventura,111,848112,93655,92679,4083,96762,1107
2021-09-13,Yolo,113,214977,18243,17974,919,18893,239
2021-09-13,Yuba,115,75493,9016,8884,201,9085,61
2021-09-12,Alameda,001,1643700,113221,111961,2621,114582,1309
2021-09-12,Alpine,003,1148,98,98,0,98,0
2021-09-12,Amador,005,37829,4857,4752,48,4800,56
2021-09-12,Butte,007,227075,17964,17257,3140,20397,221
2021-09-12,Calaveras,009,45235,3298,3236,24,3260,65
2021-09-12,Colusa,011,21464,2380,2344,527,2871,16
2021-09-12,Contra Costa,013,1133247,93364,92498,1880,94378,908
2021-09-12,Del Norte,015,27424,3337,3200,21,3221,28
2021-09-12,El Dorado,017,186661,14459,14167,1434,15601,119
2021-09-12,Fresno,019,978130,124698,122407,11001,133408,1853
2021-09-12,Glenn,021,27897,3097,3016,857,3873,20
2021-09-12,Humboldt,023,135768,7831,7636,370,8006,52
2021-09-12,Imperial,025,180216,31063,30790,3085,33875,751
2021-09-12,Inyo,027,18085,1632,1596,31,1627,39
2021-09-12,Kern,029,883053,114966,112602,17441,130043,1424
2021-09-12,Kings,031,150075,28413,27764,1589,29353,274
2021-09-12,Lake,033,64148,5941,5781,117,5898,82
2021-09-12,Lassen,035,31185,6094,5943,241,6184,25
2021-09-12,Los Angeles,037,10098052,1380483,1365968,51523,1417491,25630
2021-09-12,Madera,039,155013,20200,19691,1578,21269,252
2021-09-12,Marin,041,260295,16677,16526,385,16911,242
2021-09-12,Mariposa,043,17540,865,811,27,838,5
2021-09-12,Mendocino,045,87422,6484,6283,270,6553,61
2021-09-12,Merced,047,269075,37689,37172,1386,38558,521
2021-09-12,Modoc,049,8938,465,451,160,611,5
2021-09-12,Mono,051,14174,1473,1431,17,1448,3
2021-09-12,Monterey,053,433212,46913,46167,2519,48686,558
2021-09-12,Napa,055,140530,12156,12011,81,12092,91
2021-09-12,Nevada,057,99092,8162,7987,264,8251,83
2021-09-12,Orange,059,3164182,294176,290718,13853,304571,5312
2021-09-12,Placer,061,380077,33182,32520,3084,35604,343
2021-09-12,Plumas,063,18699,1192,1138,23,1161,5
2021-09-12,Riverside,065,2383286,342908,337332,15775,353107,4731
2021-09-12,Sacramento,067,1510023,145126,144030,3571,147601,1959
2021-09-12,San Benito,069,59416,6901,6852,141,6993,64
2021-09-12,San Bernardino,071,2135413,336458,333049,10474,343523,5439
2021-09-12,San Diego,073,3302833,349055,345058,20260,365318,3942
2021-09-12,San Francisco,075,870044,49472,48819,2134,50953,603
2021-09-12,San Joaquin,077,732212,91998,90730,4883,95613,1581
2021-09-12,San Luis Obispo,079,281455,27147,26729,1037,27766,299
2021-09-12,San Mateo,081,765935,51335,50432,760,51192,564
2021-09-12,Santa Barbara,083,443738,41636,40600,1508,42108,494
2021-09-12,Santa Clara,085,1922200,139362,137899,1086,138985,1820
2021-09-12,Santa Cruz,087,273765,19120,18892,970,19862,210
2021-09-12,Shasta,089,179085,17643,16957,2816,19773,243
2021-09-12,Sierra,091,2930,130,123,13,136,0
2021-09-12,Siskiyou,093,43540,2894,2730,967,3697,35
2021-09-12,Solano,095,438530,43341,42409,1106,43515,306
2021-09-12,Sonoma,097,501317,38815,38456,468,38924,368
2021-09-12,Stanislaus,099,539301,71500,70184,7969,78153,1091
2021-09-12,Sutter,101,95872,12780,12589,214,12803,145
2021-09-12,Tehama,103,63373,6957,6732,1124,7856,79
2021-09-12,Trinity,105,12862,694,529,187,716,7
2021-09-12,Tulare,107,460477,60188,58582,12318,70900,887
2021-09-12,Tuolumne,109,53932,6052,5888,69,5957,89
2021-09-12,Ventura,111,848112,93538,92496,4077,96573,1107
2021-09-12,Yolo,113,214977,18177,17943,911,18854,239
2021-09-12,Yuba,115,75493,8981,8842,201,9043,61
2021-09-11,Alameda,001,1643700,113094,111715,2619,114334,1309
2021-09-11,Alpine,003,1148,98,98,0,98,0
2021-09-11,Amador,005,37829,4844,4728,47,4775,56
2021-09-11,Butte,007,227075,17882,17218,3113,20331,221
2021-09-11,Calaveras,009,45235,3295,3208,23,3231,65
2021-09-11,Colusa,011,21464,2379,2338,524,2862,16
2021-09-11,Contra Costa,013,1133247,93246,92269,1875,94144,908
2021-09-11,Del Norte,015,27424,3321,3184,21,3205,28
2021-09-11,El Dorado,017,186661,14440,14117,1427,15544,119
2021-09-11,Fresno,019,978130,124517,122224,10981,133205,1853
2021-09-11,Glenn,021,27897,3093,3007,855,3862,20
2021-09-11,Humboldt,023,135768,7809,7615,367,7982,52
2021-09-11,Imperial,025,180216,31038,30760,3081,33841,751
2021-09-11,Inyo,027,18085,1629,1590,31,1621,39
2021-09-11,Kern,029,883053,114716,112205,17325,129530,1424
2021-09-11,Kings,031,150075,28364,27631,1583,29214,275
2021-09-11,Lake,033,64148,5921,5761,117,5878,82
2021-09-11,Lassen,035,31185,6079,5930,237,6167,25
2021-09-11,Los Angeles,037,10098052,1379518,1365831,51458,1417289,25630
2021-09-11,Madera,039,155013,20147,19648,1572,21220,252
2021-09-11,Marin,041,260295,16649,16496,384,16880,242
2021-09-11,Mariposa,043,17540,860,799,27,826,5
2021-09-11,Mendocino,045,87422,6460,6257,270,6527,61
2021-09-11,Merced,047,269075,37635,37042,1383,38425,521
2021-09-11,Modoc,049,8938,465,449,160,609,5
2021-09-11,Mono,051,14174,1467,1431,17,1448,3
2021-09-11,Monterey,053,433212,46876,46140,2517,48657,558
2021-09-11,Napa,055,140530,12133,11991,81,12072,91
2021-09-11,Nevada,057,99092,8147,7967,264,8231,83
2021-09-11,Orange,059,3164182,293876,290429,13837,304266,5306
2021-09-11,Placer,061,380077,33098,32414,3073,35487,344
2021-09-11,Plumas,063,18699,1187,1112,23,1135,5
2021-09-11,Riverside,065,2383286,342470,336585,15761,352346,4731
2021-09-11,Sacramento,067,1510023,144826,143557,3559,147116,1955
2021-09-11,San Benito,069,59416,6888,6844,141,6985,64
2021-09-11,San Bernardino,071,2135413,336119,332512,10460,342972,5430
2021-09-11,San Diego,073,3302833,348565,344355,20236,364591,3942
2021-09-11,San Francisco,075,870044,49417,48660,2129,50789,603
2021-09-11,San Joaquin,077,732212,91853,90482,4876,95358,1581
2021-09-11,San Luis Obispo,079,281455,27101,26651,1036,27687,299
2021-09-11,San Mateo,081,765935,51265,50341,760,51101,564
2021-09-11,Santa Barbara,083,443738,41563,40451,1508,41959,494
2021-09-11,Santa Clara,085,1922200,139212,137659,1083,138742,1820
2021-09-11,Santa Cruz,087,273765,19091,18865,970,19835,210
2021-09-11,Shasta,089,179085,17550,16877,2796,19673,243
2021-09-11,Sierra,091,2930,130,123,13,136,0
2021-09-11,Siskiyou,093,43540,2877,2717,964,3681,35
2021-09-11,Solano,095,438530,43290,42344,1103,43447,306
2021-09-11,Sonoma,097,501317,38768,38399,466,38865,368
2021-09-11,Stanislaus,099,539301,71374,69974,7955,77929,1091
2021-09-11,Sutter,101,95872,12755,12538,211,12749,145
2021-09-11,Tehama,103,63373,6936,6703,1116,7819,79
2021-09-11,Trinity,105,12862,687,526,187,713,7
2021-09-11,Tulare,107,460477,60077,58321,12271,70592,889
2021-09-11,Tuolumne,109,53932,6033,5879,66,5945,89
2021-09-11,Ventura,111,848112,93459,92328,4072,96400,1107
2021-09-11,Yolo,113,214977,18154,17906,906,18812,239
2021-09-11,Yuba,115,75493,8956,8813,201,9014,61
2021-09-10,Alameda,001,1643700,112902,111386,2618,114004,1306
2021-09-10,Alpine,003,1148,97,97,0,97,0
2021-09-10,Amador,005,37829,4832,4706,47,4753,56
2021-09-10,Butte,007,227075,17807,17051,3098,20149,222
2021-09-10,Calaveras,009,45235,3289,3183,23,3206,65
2021-09-10,Colusa,011,21464,2375,2327,521,2848,16
2021-09-10,Contra Costa,013,1133247,93125,92024,1873,93897,908
2021-09-10,Del Norte,015,27424,3306,3128,20,3148,28
2021-09-10,El Dorado,017,186661,14409,14051,1422,15473,119
2021-09-10,Fresno,019,978130,124195,121659,10961,132620,1846
2021-09-10,Glenn,021,27897,3088,2977,855,3832,20
2021-09-10,Humboldt,023,135768,7776,7543,363,7906,52
2021-09-10,Imperial,025,180216,31014,30716,3079,33795,751
2021-09-10,Inyo,027,18085,1625,1590,31,1621,39
2021-09-10,Kern,029,883053,114462,111832,17206,129038,1419
2021-09-10,Kings,031,150075,28290,27473,1575,29048,274
2021-09-10,Lake,033,64148,5905,5713,115,5828,79
2021-09-10,Lassen,035,31185,6071,5914,234,6148,25
2021-09-10,Los Angeles,037,10098052,1378310,1365709,51391,1417100,25630
2021-09-10,Madera,039,155013,20101,19520,1567,21087,252
2021-09-10,Marin,041,260295,16629,16458,381,16839,242
2021-09-10,Mariposa,043,17540,855,795,27,822,5
2021-09-10,Mendocino,045,87422,6429,6184,269,6453,61
2021-09-10,Merced,047,269075,37583,36884,1382,38266,521
2021-09-10,Modoc,049,8938,465,448,160,608,5
2021-09-10,Mono,051,14174,1462,1422,17,1439,3
2021-09-10,Monterey,053,433212,46832,46084,2515,48599,557
2021-09-10,Napa,055,140530,12109,11948,81,12029,90
2021-09-10,Nevada,057,99092,8129,7932,263,8195,83
2021-09-10,Orange,059,3164182,293572,290022,13828,303850,5302
2021-09-10,Placer,061,380077,32998,32264,3060,35324,343
2021-09-10,Plumas,063,18699,1179,1111,23,1134,5
2021-09-10,Riverside,065,2383286,341997,335988,15754,351742,4720
2021-09-10,Sacramento,067,1510023,144483,143244,3551,146795,1950
2021-09-10,San Benito,069,59416,6884,6824,141,6965,64
2021-09-10,San Bernardino,071,2135413,335698,331894,10450,342344,5422
2021-09-10,San Diego,073,3302833,348002,343173,20195,363368,3941
2021-09-10,San Francisco,075,870044,49338,48518,2122,50640,602
2021-09-10,San Joaquin,077,732212,91673,90208,4870,95078,1573
2021-09-10,San Luis Obispo,079,281455,27068,26526,1034,27560,299
2021-09-10,San Mateo,081,765935,51201,50251,759,51010,564
2021-09-10,Santa Barbara,083,443738,41508,40321,1505,41826,492
2021-09-10,Santa Clara,085,1922200,139028,137337,1082,138419,1817
2021-09-10,Santa Cruz,087,273765,19072,18785,969,19754,210
2021-09-10,Shasta,089,179085,17456,16667,2768,19435,242
2021-09-10,Sierra,091,2930,130,117,13,130,0
2021-09-10,Siskiyou,093,43540,2865,2702,960,3662,35
2021-09-10,Solano,095,438530,43216,42230,1096,43326,305
2021-09-10,Sonoma,097,501317,38710,38271,465,38736,368
2021-09-10,Stanislaus,099,539301,71216,69617,7931,77548,1091
2021-09-10,Sutter,101,95872,12721,12468,211,12679,145
2021-09-10,Tehama,103,63373,6903,6652,1110,7762,77
2021-09-10,Trinity,105,12862,683,524,187,711,7
2021-09-10,Tulare,107,460477,59929,57930,12226,70156,883
2021-09-10,Tuolumne,109,53932,6015,5842,65,5907,89
2021-09-10,Ventura,111,848112,93370,92145,4067,96212,1104
2021-09-10,Yolo,113,214977,18129,17825,901,18726,239
2021-09-10,Yuba,115,75493,8937,8760,200,8960,62
2021-09-09,Alameda,001,1643700,112680,111014,2613,113627,1306
2021-09-09,Alpine,003,1148,97,94,0,94,0
2021-09-09,Amador,005,37829,4811,4698,46,4744,56
2021-09-09,Butte,007,227075,17662,16874,3072,19946,221
2021-09-09,Calaveras,009,45235,3255,3165,23,3188,65
2021-09-09,Colusa,011,21464,2368,2321,519,2840,16
2021-09-09,Contra Costa,013,1133247,92916,91687,1868,93555,904
2021-09-09,Del Norte,015,27424,3283,3102,20,3122,28
2021-09-09,El Dorado,017,186661,14352,13970,1412,15382,119
2021-09-09,Fresno,019,978130,123722,121040,10928,131968,1838
2021-09-09,Glenn,021,27897,3075,2947,849,3796,20
2021-09-09,Humboldt,023,135768,7727,7471,357,7828,52
2021-09-09,Imperial,025,180216,30976,30661,3076,33737,751
2021-09-09,Inyo,027,18085,1618,1586,31,1617,39
2021-09-09,Kern,029,883053,114113,111390,17049,128439,1414
2021-09-09,Kings,031,150075,28189,27282,1564,28846,273
2021-09-09,Lake,033,64148,5881,5638,113,5751,79
2021-09-09,Lassen,035,31185,6021,5860,228,6088,25
2021-09-09,Los Angeles,037,10098052,1376449,1363735,51319,1415054,25583
2021-09-09,Madera,039,155013,20028,19401,1554,20955,252
2021-09-09,Marin,041,260295,16606,16416,378,16794,242
2021-09-09,Mariposa,043,17540,842,779,26,805,5
2021-09-09,Mendocino,045,87422,6397,6089,260,6349,61
2021-09-09,Merced,047,269075,37428,36634,1369,38003,516
2021-09-09,Modoc,049,8938,465,448,160,608,5
2021-09-09,Mono,051,14174,1452,1420,17,1437,3
2021-09-09,Monterey,053,433212,46778,45991,2504,48495,556
2021-09-09,Napa,055,140530,12077,11878,81,11959,90
2021-09-09,Nevada,057,99092,8091,7855,263,8118,82
2021-09-09,Orange,059,3164182,293164,289109,13797,302906,5299
2021-09-09,Placer,061,380077,32881,32048,3045,35093,342
2021-09-09,Plumas,063,18699,1169,1098,22,1120,5
2021-09-09,Riverside,065,2383286,341358,334774,15736,350510,4701
2021-09-09,Sacramento,067,1510023,144001,142728,3505,146233,1929
2021-09-09,San Benito,069,59416,6874,6820,140,6960,64
2021-09-09,San Bernardino,071,2135413,335135,331040,10438,341478,5417
2021-09-09,San Diego,073,3302833,347276,342149,20138,362287,3929
2021-09-09,San Francisco,075,870044,49224,48404,2113,50517,597
2021-09-09,San Joaquin,077,732212,91399,89874,4852,94726,1570
2021-09-09,San Luis Obispo,079,281455,26986,26472,1031,27503,296
2021-09-09,San Mateo,081,765935,51080,50143,756,50899,561
2021-09-09,Santa Barbara,083,443738,41403,40180,1501,41681,490
2021-09-09,Santa Clara,085,1922200,138805,137017,1077,138094,1816
2021-09-09,Santa Cruz,087,273765,19026,18728,969,19697,210
2021-09-09,Shasta,089,179085,17310,16401,2726,19127,238
2021-09-09,Sierra,091,2930,130,115,13,128,0
2021-09-09,Siskiyou,093,43540,2842,2683,946,3629,35
2021-09-09,Solano,095,438530,43100,42081,1092,43173,303
2021-09-09,Sonoma,097,501317,38642,38171,464,38635,360
2021-09-09,Stanislaus,099,539301,70930,69178,7898,77076,1074
2021-09-09,Sutter,101,95872,12666,12396,209,12605,144
2021-09-09,Tehama,103,63373,6849,6554,1105,7659,75
2021-09-09,Trinity,105,12862,677,523,185,708,6
2021-09-09,Tulare,107,460477,59687,57564,12166,69730,879
2021-09-09,Tuolumne,109,53932,5987,5802,64,5866,89
2021-09-09,Ventura,111,848112,93227,91610,4058,95668,1098
2021-09-09,Yolo,113,214977,18073,17724,898,18622,239
2021-09-09,Yuba,115,75493,8892,8707,197,8904,55
2021-09-08,Alameda,001,1643700,112423,110781,2610,113391,1305
2021-09-08,Alpine,003,1148,97,94,0,94,0
2021-09-08,Amador,005,37829,4799,4693,46,4739,56
2021-09-08,Butte,007,227075,17529,16775,3055,19830,220
2021-09-08,Calaveras,009,45235,3236,3157,23,3180,63
2021-09-08,Colusa,011,21464,2366,2308,517,2825,16
2021-09-08,Contra Costa,013,1133247,92643,91471,1863,93334,900
2021-09-08,Del Norte,015,27424,3259,3085,20,3105,25
2021-09-08,El Dorado,017,186661,14272,13928,1390,15318,119
2021-09-08,Fresno,019,978130,123230,120644,10876,131520,1831
2021-09-08,Glenn,021,27897,3057,2942,837,3779,20
2021-09-08,Humboldt,023,135768,7683,7438,349,7787,52
2021-09-08,Imperial,025,180216,30943,30609,3063,33672,751
2021-09-08,Inyo,027,18085,1607,1580,31,1611,39
2021-09-08,Kern,029,883053,113716,110933,16909,127842,1409
2021-09-08,Kings,031,150075,28060,27235,1549,28784,267
2021-09-08,Lake,033,64148,5851,5618,111,5729,79
2021-09-08,Lassen,035,31185,6003,5848,221,6069,25
2021-09-08,Los Angeles,037,10098052,1374382,1362029,51231,1413260,25533
2021-09-08,Madera,039,155013,19968,19352,1540,20892,252
2021-09-08,Marin,041,260295,16578,16386,377,16763,242
2021-09-08,Mariposa,043,17540,830,777,25,802,5
2021-09-08,Mendocino,045,87422,6352,6069,251,6320,61
2021-09-08,Merced,047,269075,37266,36500,1358,37858,516
2021-09-08,Modoc,049,8938,465,448,160,608,5
2021-09-08,Mono,051,14174,1448,1418,17,1435,3
2021-09-08,Monterey,053,433212,46729,45959,2498,48457,554
2021-09-08,Napa,055,140530,12042,11842,79,11921,90
2021-09-08,Nevada,057,99092,8055,7843,262,8105,82
2021-09-08,Orange,059,3164182,292757,288511,13773,302284,5290
2021-09-08,Placer,061,380077,32744,31852,3028,34880,337
2021-09-08,Plumas,063,18699,1162,1072,22,1094,5
2021-09-08,Riverside,065,2383286,340598,334037,15710,349747,4683
2021-09-08,Sacramento,067,1510023,143523,142448,3455,145903,1921
2021-09-08,San Benito,069,59416,6856,6800,140,6940,64
2021-09-08,San Bernardino,071,2135413,334533,330279,10422,340701,5411
2021-09-08,San Diego,073,3302833,346340,341437,20092,361529,3926
2021-09-08,San Francisco,075,870044,49084,48263,2110,50373,589
2021-09-08,San Joaquin,077,732212,91120,89631,4828,94459,1561
2021-09-08,San Luis Obispo,079,281455,26893,26303,1026,27329,294
2021-09-08,San Mateo,081,765935,50979,50051,756,50807,561
2021-09-08,Santa Barbara,083,443738,41292,40000,1497,41497,490
2021-09-08,Santa Clara,085,1922200,138571,136836,1073,137909,1810
2021-09-08,Santa Cruz,087,273765,18989,18699,969,19668,210
2021-09-08,Shasta,089,179085,17155,16227,2679,18906,234
2021-09-08,Sierra,091,2930,130,113,13,126,0
2021-09-08,Siskiyou,093,43540,2809,2643,935,3578,35
2021-09-08,Solano,095,438530,43008,41971,1089,43060,302
2021-09-08,Sonoma,097,501317,38559,38075,463,38538,360
2021-09-08,Stanislaus,099,539301,70684,68945,7859,76804,1074
2021-09-08,Sutter,101,95872,12601,12349,206,12555,144
2021-09-08,Tehama,103,63373,6782,6520,1088,7608,75
2021-09-08,Trinity,105,12862,674,520,181,701,6
2021-09-08,Tulare,107,460477,59363,57425,12110,69535,876
2021-09-08,Tuolumne,109,53932,5954,5783,62,5845,89
2021-09-08,Ventura,111,848112,93077,91345,4040,95385,1096
2021-09-08,Yolo,113,214977,17991,17680,893,18573,239
2021-09-08,Yuba,115,75493,8850,8675,195,8870,55
2021-09-07,Alameda,001,1643700,112117,110550,2605,113155,1301
2021-09-07,Alpine,003,1148,96,94,0,94,0
2021-09-07,Amador,005,37829,4772,4679,46,4725,53
2021-09-07,Butte,007,227075,17373,16723,3019,19742,220
2021-09-07,Calaveras,009,45235,3196,3140,21,3161,63
2021-09-07,Colusa,011,21464,2355,2306,516,2822,16
2021-09-07,Contra Costa,013,1133247,92382,91167,1857,93024,891
2021-09-07,Del Norte,015,27424,3245,3081,20,3101,24
2021-09-07,El Dorado,017,186661,14200,13892,1374,15266,119
2021-09-07,Fresno,019,978130,122681,120268,10811,131079,1828
2021-09-07,Glenn,021,27897,3040,2937,829,3766,20
2021-09-07,Humboldt,023,135768,7622,7397,332,7729,52
2021-09-07,Imperial,025,180216,30903,30584,3055,33639,751
2021-09-07,Inyo,027,18085,1601,1579,30,1609,39
2021-09-07,Kern,029,883053,113283,110674,16746,127420,1408
2021-09-07,Kings,031,150075,27936,27169,1531,28700,267
2021-09-07,Lake,033,64148,5808,5597,103,5700,78
2021-09-07,Lassen,035,31185,5985,5842,215,6057,21
2021-09-07,Los Angeles,037,10098052,1372152,1360407,51139,1411546,25486
2021-09-07,Madera,039,155013,19881,19316,1532,20848,249
2021-09-07,Marin,041,260295,16539,16363,377,16740,242
2021-09-07,Mariposa,043,17540,815,771,25,796,5
2021-09-07,Mendocino,045,87422,6295,6036,241,6277,61
2021-09-07,Merced,047,269075,37092,36400,1352,37752,513
2021-09-07,Modoc,049,8938,463,449,160,609,5
2021-09-07,Mono,051,14174,1439,1416,17,1433,3
2021-09-07,Monterey,053,433212,46646,45911,2484,48395,543
2021-09-07,Napa,055,140530,12001,11814,79,11893,90
2021-09-07,Nevada,057,99092,8027,7829,262,8091,82
2021-09-07,Orange,059,3164182,292325,288225,13742,301967,5274
2021-09-07,Placer,061,380077,32591,31710,2999,34709,337
2021-09-07,Plumas,063,18699,1147,1071,22,1093,5
2021-09-07,Riverside,065,2383286,339812,333390,15691,349081,4666
2021-09-07,Sacramento,067,1510023,142982,142364,3409,145773,1905
2021-09-07,San Benito,069,59416,6838,6786,140,6926,64
2021-09-07,San Bernardino,071,2135413,333787,329962,10397,340359,5407
2021-09-07,San Diego,073,3302833,345329,340709,20028,360737,3922
2021-09-07,San Francisco,075,870044,48944,48175,2105,50280,589
2021-09-07,San Joaquin,077,732212,90785,89468,4814,94282,1548
2021-09-07,San Luis Obispo,079,281455,26775,26253,1016,27269,287
2021-09-07,San Mateo,081,765935,50886,49913,755,50668,561
2021-09-07,Santa Barbara,083,443738,41167,39957,1492,41449,489
2021-09-07,Santa Clara,085,1922200,138283,136631,1067,137698,1807
2021-09-07,Santa Cruz,087,273765,18940,18669,967,19636,210
2021-09-07,Shasta,089,179085,16997,16096,2625,18721,226
2021-09-07,Sierra,091,2930,130,111,13,124,0
2021-09-07,Siskiyou,093,43540,2783,2607,918,3525,34
2021-09-07,Solano,095,438530,42878,41862,1085,42947,300
2021-09-07,Sonoma,097,501317,38475,38013,461,38474,358
2021-09-07,Stanislaus,099,539301,70398,68831,7831,76662,1074
2021-09-07,Sutter,101,95872,12527,12310,200,12510,138
2021-09-07,Tehama,103,63373,6730,6482,1068,7550,74
2021-09-07,Trinity,105,12862,668,517,181,698,6
2021-09-07,Tulare,107,460477,59013,57228,12031,69259,874
2021-09-07,Tuolumne,109,53932,5917,5759,62,5821,88
2021-09-07,Ventura,111,848112,92866,91246,4030,95276,1093
2021-09-07,Yolo,113,214977,17922,17653,888,18541,235
2021-09-07,Yuba,115,75493,8807,8642,190,8832,55
2021-09-06,Alameda,001,1643700,111806,110357,2596,112953,1301
2021-09-06,Alpine,003,1148,94,94,0,94,0
2021-09-06,Amador,005,37829,4756,4648,45,4693,53
2021-09-06,Butte,007,227075,17181,16588,2975,19563,218
2021-09-06,Calaveras,009,45235,3178,3122,21,3143,63
2021-09-06,Colusa,011,21464,2348,2306,511,2817,16
2021-09-06,Contra Costa,013,1133247,92088,90971,1847,92818,891
2021-09-06,Del Norte,015,27424,3204,3037,19,3056,24
2021-09-06,El Dorado,017,186661,14131,13848,1358,15206,119
2021-09-06,Fresno,019,978130,122113,119738,10747,130485,1828
2021-09-06,Glenn,021,27897,3007,2912,816,3728,20
2021-09-06,Humboldt,023,135768,7545,7320,314,7634,52
2021-09-06,Imperial,025,180216,30840,30576,3049,33625,751
2021-09-06,Inyo,027,18085,1592,1578,18,1596,39
2021-09-06,Kern,029,883053,112772,110347,16557,126904,1408
2021-09-06,Kings,031,150075,27793,27094,1516,28610,264
2021-09-06,Lake,033,64148,5744,5548,96,5644,78
2021-09-06,Lassen,035,31185,5959,5822,204,6026,21
2021-09-06,Los Angeles,037,10098052,1369776,1359348,51021,1410369,25477
2021-09-06,Madera,039,155013,19779,19191,1508,20699,249
2021-09-06,Marin,041,260295,16499,16356,377,16733,242
2021-09-06,Mariposa,043,17540,803,764,25,789,5
2021-09-06,Mendocino,045,87422,6227,5984,228,6212,61
2021-09-06,Merced,047,269075,36875,36300,1343,37643,513
2021-09-06,Modoc,049,8938,460,449,160,609,5
2021-09-06,Mono,051,14174,1435,1416,17,1433,3
2021-09-06,Monterey,053,433212,46552,45833,2468,48301,541
2021-09-06,Napa,055,140530,11958,11792,78,11870,90
2021-09-06,Nevada,057,99092,7979,7748,260,8008,82
2021-09-06,Orange,059,3164182,291829,287948,13690,301638,5274
2021-09-06,Placer,061,380077,32414,31595,2961,34556,337
2021-09-06,Plumas,063,18699,1126,1068,19,1087,5
2021-09-06,Riverside,065,2383286,338995,333052,15670,348722,4666
2021-09-06,Sacramento,067,1510023,142342,141730,3340,145070,1905
2021-09-06,San Benito,069,59416,6815,6777,137,6914,64
2021-09-06,San Bernardino,071,2135413,332904,329693,10366,340059,5398
2021-09-06,San Diego,073,3302833,344314,340222,19932,360154,3922
2021-09-06,San Francisco,075,870044,48810,48120,2099,50219,589
2021-09-06,San Joaquin,077,732212,90440,89293,4788,94081,1548
2021-09-06,San Luis Obispo,079,281455,26646,26183,1013,27196,286
2021-09-06,San Mateo,081,765935,50760,49859,753,50612,561
2021-09-06,Santa Barbara,083,443738,41039,39876,1483,41359,489
2021-09-06,Santa Clara,085,1922200,137993,136458,1065,137523,1807
2021-09-06,Santa Cruz,087,273765,18888,18615,964,19579,210
2021-09-06,Shasta,089,179085,16817,15985,2570,18555,226
2021-09-06,Sierra,091,2930,130,109,13,122,0
2021-09-06,Siskiyou,093,43540,2739,2595,884,3479,34
2021-09-06,Solano,095,438530,42731,41774,1078,42852,300
2021-09-06,Sonoma,097,501317,38354,37929,460,38389,358
2021-09-06,Stanislaus,099,539301,70021,68596,7787,76383,1074
2021-09-06,Sutter,101,95872,12465,12238,191,12429,138
2021-09-06,Tehama,103,63373,6668,6413,1041,7454,74
2021-09-06,Trinity,105,12862,665,515,179,694,6
2021-09-06,Tulare,107,460477,58659,57068,11951,69019,874
2021-09-06,Tuolumne,109,53932,5882,5697,62,5759,88
2021-09-06,Ventura,111,848112,92690,91132,4018,95150,1093
2021-09-06,Yolo,113,214977,17839,17576,882,18458,235
2021-09-06,Yuba,115,75493,8757,8584,186,8770,55
2021-09-05,Alameda,001,1643700,111616,110173,2593,112766,1301
2021-09-05,Alpine,003,1148,94,94,0,94,0
2021-09-05,Amador,005,37829,4744,4642,45,4687,53
2021-09-05,Butte,007,227075,17091,16504,2947,19451,218
2021-09-05,Calaveras,009,45235,3171,3106,21,3127,63
2021-09-05,Colusa,011,21464,2340,2305,509,2814,16
2021-09-05,Contra Costa,013,1133247,91904,90862,1842,92704,891
2021-09-05,Del Norte,015,27424,3183,3023,19,3042,24
2021-09-05,El Dorado,017,186661,14102,13827,1344,15171,119
2021-09-05,Fresno,019,978130,121816,119384,10712,130096,1828
2021-09-05,Glenn,021,27897,2998,2899,813,3712,20
2021-09-05,Humboldt,023,135768,7512,7312,311,7623,52
2021-09-05,Imperial,025,180216,30811,30548,3047,33595,751
2021-09-05,Inyo,027,18085,1589,1572,18,1590,39
2021-09-05,Kern,029,883053,112472,110073,16396,126469,1408
2021-09-05,Kings,031,150075,27716,26989,1512,28501,264
2021-09-05,Lake,033,64148,5724,5525,96,5621,78
2021-09-05,Lassen,035,31185,5937,5820,200,6020,21
2021-09-05,Los Angeles,037,10098052,1368485,1357748,50949,1408697,25465
2021-09-05,Madera,039,155013,19736,19155,1497,20652,249
2021-09-05,Marin,041,260295,16480,16342,376,16718,242
2021-09-05,Mariposa,043,17540,799,761,25,786,5
2021-09-05,Mendocino,045,87422,6193,5965,228,6193,61
2021-09-05,Merced,047,269075,36799,36243,1342,37585,513
2021-09-05,Modoc,049,8938,460,447,160,607,5
2021-09-05,Mono,051,14174,1435,1416,17,1433,3
2021-09-05,Monterey,053,433212,46524,45795,2459,48254,540
2021-09-05,Napa,055,140530,11933,11770,78,11848,90
2021-09-05,Nevada,057,99092,7957,7722,259,7981,82
2021-09-05,Orange,059,3164182,291543,287614,13673,301287,5274
2021-09-05,Placer,061,380077,32287,31487,2947,34434,337
2021-09-05,Plumas,063,18699,1119,1067,19,1086,5
2021-09-05,Riverside,065,2383286,338544,332604,15658,348262,4654
2021-09-05,Sacramento,067,1510023,141903,141276,3322,144598,1905
2021-09-05,San Benito,069,59416,6814,6764,137,6901,64
2021-09-05,San Bernardino,071,2135413,332523,329062,10351,339413,5392
2021-09-05,San Diego,073,3302833,343755,339427,19896,359323,3914
2021-09-05,San Francisco,075,870044,48732,48035,2094,50129,589
2021-09-05,San Joaquin,077,732212,90275,89121,4771,93892,1548
2021-09-05,San Luis Obispo,079,281455,26597,26098,1012,27110,285
2021-09-05,San Mateo,081,765935,50694,49809,749,50558,561
2021-09-05,Santa Barbara,083,443738,40972,39762,1481,41243,489
2021-09-05,Santa Clara,085,1922200,137783,136146,1063,137209,1807
2021-09-05,Santa Cruz,087,273765,18868,18588,962,19550,210
2021-09-05,Shasta,089,179085,16734,15960,2544,18504,226
2021-09-05,Sierra,091,2930,129,109,13,122,0
2021-09-05,Siskiyou,093,43540,2722,2585,870,3455,34
2021-09-05,Solano,095,438530,42636,41687,1073,42760,300
2021-09-05,Sonoma,097,501317,38269,37881,459,38340,358
2021-09-05,Stanislaus,099,539301,69871,68434,7762,76196,1074
2021-09-05,Sutter,101,95872,12435,12179,185,12364,138
2021-09-05,Tehama,103,63373,6643,6400,1035,7435,74
2021-09-05,Trinity,105,12862,659,505,178,683,6
2021-09-05,Tulare,107,460477,58492,56915,11907,68822,874
2021-09-05,Tuolumne,109,53932,5870,5688,62,5750,88
2021-09-05,Ventura,111,848112,92555,91004,4014,95018,1093
2021-09-05,Yolo,113,214977,17804,17557,876,18433,235
2021-09-05,Yuba,115,75493,8731,8521,184,8705,55
2021-09-04,Alameda,001,1643700,111489,109944,2586,112530,1301
2021-09-04,Alpine,003,1148,94,94,0,94,0
2021-09-04,Amador,005,37829,4726,4637,44,4681,53
2021-09-04,Butte,007,227075,17033,16403,2932,19335,218
2021-09-04,Calaveras,009,45235,3160,3087,20,3107,63
2021-09-04,Colusa,011,21464,2338,2301,509,2810,16
2021-09-04,Contra Costa,013,1133247,91791,90623,1839,92462,891
2021-09-04,Del Norte,015,27424,3172,2984,19,3003,24
2021-09-04,El Dorado,017,186661,14076,13782,1336,15118,119
2021-09-04,Fresno,019,978130,121623,119033,10696,129729,1828
2021-09-04,Glenn,021,27897,2989,2878,810,3688,20
2021-09-04,Humboldt,023,135768,7481,7298,305,7603,52
2021-09-04,Imperial,025,180216,30788,30526,3044,33570,751
2021-09-04,Inyo,027,18085,1587,1571,18,1589,39
2021-09-04,Kern,029,883053,112227,109751,16265,126016,1408
2021-09-04,Kings,031,150075,27628,26896,1506,28402,263
2021-09-04,Lake,033,64148,5706,5507,96,5603,78
2021-09-04,Lassen,035,31185,5922,5814,192,6006,21
2021-09-04,Los Angeles,037,10098052,1367536,1355634,50890,1406524,25454
2021-09-04,Madera,039,155013,19703,19112,1490,20602,249
2021-09-04,Marin,041,260295,16464,16319,375,16694,242
2021-09-04,Mariposa,043,17540,794,759,25,784,5
2021-09-04,Mendocino,045,87422,6157,5933,228,6161,61
2021-09-04,Merced,047,269075,36754,36083,1339,37422,513
2021-09-04,Modoc,049,8938,460,447,160,607,5
2021-09-04,Mono,051,14174,1433,1417,17,1434,3
2021-09-04,Monterey,053,433212,46493,45756,2455,48211,540
2021-09-04,Napa,055,140530,11908,11760,76,11836,90
2021-09-04,Nevada,057,99092,7942,7691,258,7949,82
2021-09-04,Orange,059,3164182,291277,287244,13652,300896,5274
2021-09-04,Placer,061,380077,32183,31374,2930,34304,337
2021-09-04,Plumas,063,18699,1111,1067,19,1086,5
2021-09-04,Riverside,065,2383286,338074,331958,15646,347604,4654
2021-09-04,Sacramento,067,1510023,141610,140735,3314,144049,1896
2021-09-04,San Benito,069,59416,6805,6758,137,6895,64
2021-09-04,San Bernardino,071,2135413,332191,328425,10338,338763,5393
2021-09-04,San Diego,073,3302833,343321,338748,19874,358622,3914
2021-09-04,San Francisco,075,870044,48657,47937,2085,50022,589
2021-09-04,San Joaquin,077,732212,90159,88846,4763,93609,1548
2021-09-04,San Luis Obispo,079,281455,26565,26020,1012,27032,285
2021-09-04,San Mateo,081,765935,50639,49721,749,50470,560
2021-09-04,Santa Barbara,083,443738,40906,39667,1479,41146,489
2021-09-04,Santa Clara,085,1922200,137597,135845,1060,136905,1806
2021-09-04,Santa Cruz,087,273765,18850,18579,958,19537,210
2021-09-04,Shasta,089,179085,16657,15924,2518,18442,226
2021-09-04,Sierra,091,2930,127,108,13,121,0
2021-09-04,Siskiyou,093,43540,2696,2563,859,3422,34
2021-09-04,Solano,095,438530,42563,41614,1071,42685,300
2021-09-04,Sonoma,097,501317,38236,37809,459,38268,358
2021-09-04,Stanislaus,099,539301,69713,68210,7738,75948,1074
2021-09-04,Sutter,101,95872,12394,12137,184,12321,138
2021-09-04,Tehama,103,63373,6618,6367,1017,7384,74
2021-09-04,Trinity,105,12862,657,497,178,675,6
2021-09-04,Tulare,107,460477,58384,56719,11864,68583,874
2021-09-04,Tuolumne,109,53932,5852,5667,60,5727,88
2021-09-04,Ventura,111,848112,92420,90904,4011,94915,1090
2021-09-04,Yolo,113,214977,17770,17522,872,18394,235
2021-09-04,Yuba,115,75493,8703,8475,183,8658,55
2021-09-03,Alameda,001,1643700,111338,109636,2584,112220,1301
2021-09-03,Alpine,003,1148,94,94,0,94,0
2021-09-03,Amador,005,37829,4704,4614,44,4658,53
2021-09-03,Butte,007,227075,16943,16259,2906,19165,215
2021-09-03,Calaveras,009,45235,3150,3069,20,3089,63
2021-09-03,Colusa,011,21464,2333,2295,508,2803,16
2021-09-03,Contra Costa,013,1133247,91640,90299,1836,92135,886
2021-09-03,Del Norte,015,27424,3144,2943,18,2961,24
2021-09-03,El Dorado,017,186661,14043,13710,1332,15042,119
2021-09-03,Fresno,019,978130,121291,118508,10677,129185,1822
2021-09-03,Glenn,021,27897,2981,2867,804,3671,20
2021-09-03,Humboldt,023,135768,7457,7194,300,7494,52
2021-09-03,Imperial,025,180216,30765,30475,3038,33513,751
2021-09-03,Inyo,027,18085,1582,1567,18,1585,39
2021-09-03,Kern,029,883053,112010,109296,16154,125450,1407
2021-09-03,Kings,031,150075,27544,26753,1503,28256,263
2021-09-03,Lake,033,64148,5686,5479,94,5573,78
2021-09-03,Lassen,035,31185,5905,5789,187,5976,21
2021-09-03,Los Angeles,037,10098052,1366203,1351185,50824,1402009,25384
2021-09-03,Madera,039,155013,19618,19021,1484,20505,247
2021-09-03,Marin,041,260295,16442,16293,374,16667,242
2021-09-03,Mariposa,043,17540,786,753,25,778,5
2021-09-03,Mendocino,045,87422,6122,5891,227,6118,61
2021-09-03,Merced,047,269075,36700,35941,1330,37271,512
2021-09-03,Modoc,049,8938,460,445,160,605,5
2021-09-03,Mono,051,14174,1432,1410,17,1427,3
2021-09-03,Monterey,053,433212,46455,45707,2451,48158,540
2021-09-03,Napa,055,140530,11887,11733,76,11809,89
2021-09-03,Nevada,057,99092,7909,7632,258,7890,82
2021-09-03,Orange,059,3164182,290955,286818,13621,300439,5253
2021-09-03,Placer,061,380077,32075,31238,2906,34144,335
2021-09-03,Plumas,063,18699,1100,1057,19,1076,5
2021-09-03,Riverside,065,2383286,337542,331011,15630,346641,4653
2021-09-03,Sacramento,067,1510023,141241,139982,3295,143277,1886
2021-09-03,San Benito,069,59416,6799,6746,137,6883,64
2021-09-03,San Bernardino,071,2135413,331778,327599,10327,337926,5381
2021-09-03,San Diego,073,3302833,342699,337627,19843,357470,3911
2021-09-03,San Francisco,075,870044,48581,47822,2079,49901,589
2021-09-03,San Joaquin,077,732212,90006,88366,4755,93121,1540
2021-09-03,San Luis Obispo,079,281455,26489,25917,1010,26927,283
2021-09-03,San Mateo,081,765935,50544,49617,747,50364,560
2021-09-03,Santa Barbara,083,443738,40840,39507,1476,40983,489
2021-09-03,Santa Clara,085,1922200,137395,135522,1056,136578,1801
2021-09-03,Santa Cruz,087,273765,18825,18532,958,19490,210
2021-09-03,Shasta,089,179085,16582,15778,2494,18272,226
2021-09-03,Sierra,091,2930,125,105,13,118,0
2021-09-03,Siskiyou,093,43540,2684,2529,846,3375,34
2021-09-03,Solano,095,438530,42462,41457,1068,42525,300
2021-09-03,Sonoma,097,501317,38174,37699,459,38158,358
2021-09-03,Stanislaus,099,539301,69532,67887,7712,75599,1074
2021-09-03,Sutter,101,95872,12355,12073,183,12256,139
2021-09-03,Tehama,103,63373,6579,6334,1010,7344,72
2021-09-03,Trinity,105,12862,655,490,173,663,6
2021-09-03,Tulare,107,460477,58257,56401,11811,68212,872
2021-09-03,Tuolumne,109,53932,5810,5630,60,5690,88
2021-09-03,Ventura,111,848112,92286,90742,4007,94749,1088
2021-09-03,Yolo,113,214977,17747,17446,866,18312,235
2021-09-03,Yuba,115,75493,8671,8412,183,8595,55
2021-09-02,Alameda,001,1643700,111079,109377,2580,111957,1301
2021-09-02,Alpine,003,1148,93,92,0,92,0
2021-09-02,Amador,005,37829,4688,4606,44,4650,53
2021-09-02,Butte,007,227075,16817,16154,2887,19041,215
2021-09-02,Calaveras,009,45235,3139,3042,20,3062,62
2021-09-02,Colusa,011,21464,2330,2290,506,2796,16
2021-09-02,Contra Costa,013,1133247,91460,90038,1826,91864,886
2021-09-02,Del Norte,015,27424,3113,2891,18,2909,24
2021-09-02,El Dorado,017,186661,13983,13641,1306,14947,119
2021-09-02,Fresno,019,978130,120805,117974,10638,128612,1804
2021-09-02,Glenn,021,27897,2964,2855,800,3655,20
2021-09-02,Humboldt,023,135768,7409,7141,289,7430,52
2021-09-02,Imperial,025,180216,30721,30449,3034,33483,751
2021-09-02,Inyo,027,18085,1577,1564,17,1581,39
2021-09-02,Kern,029,883053,111597,108930,16009,124939,1404
2021-09-02,Kings,031,150075,27452,26638,1493,28131,263
2021-09-02,Lake,033,64148,5656,5432,90,5522,78
2021-09-02,Lassen,035,31185,5891,5747,180,5927,21
2021-09-02,Los Angeles,037,10098052,1364345,1351105,50728,1401833,25382
2021-09-02,Madera,039,155013,19527,18937,1466,20403,247
2021-09-02,Marin,041,260295,16429,16244,372,16616,242
2021-09-02,Mariposa,043,17540,780,745,22,767,5
2021-09-02,Mendocino,045,87422,6081,5848,224,6072,61
2021-09-02,Merced,047,269075,36537,35820,1323,37143,508
2021-09-02,Modoc,049,8938,460,437,160,597,5
2021-09-02,Mono,051,14174,1432,1409,17,1426,3
2021-09-02,Monterey,053,433212,46390,45648,2436,48084,539
2021-09-02,Napa,055,140530,11858,11684,76,11760,88
2021-09-02,Nevada,057,99092,7857,7575,257,7832,82
2021-09-02,Orange,059,3164182,290496,286326,13587,299913,5240
2021-09-02,Placer,061,380077,31937,31067,2877,33944,330
2021-09-02,Plumas,063,18699,1089,1045,18,1063,5
2021-09-02,Riverside,065,2383286,336826,330190,15605,345795,4644
2021-09-02,Sacramento,067,1510023,140658,139274,3256,142530,1882
2021-09-02,San Benito,069,59416,6794,6734,136,6870,64
2021-09-02,San Bernardino,071,2135413,331174,326940,10252,337192,5369
2021-09-02,San Diego,073,3302833,341731,336382,19791,356173,3909
2021-09-02,San Francisco,075,870044,48471,47674,2075,49749,587
2021-09-02,San Joaquin,077,732212,89721,88056,4730,92786,1540
2021-09-02,San Luis Obispo,079,281455,26404,25851,1005,26856,283
2021-09-02,San Mateo,081,765935,50445,49490,744,50234,558
2021-09-02,Santa Barbara,083,443738,40749,39386,1463,40849,486
2021-09-02,Santa Clara,085,1922200,137093,135216,1050,136266,1799
2021-09-02,Santa Cruz,087,273765,18791,18473,955,19428,210
2021-09-02,Shasta,089,179085,16444,15670,2465,18135,224
2021-09-02,Sierra,091,2930,125,105,13,118,0
2021-09-02,Siskiyou,093,43540,2663,2513,818,3331,34
2021-09-02,Solano,095,438530,42356,41293,1065,42358,294
2021-09-02,Sonoma,097,501317,38093,37558,459,38017,352
2021-09-02,Stanislaus,099,539301,69276,67576,7690,75266,1074
2021-09-02,Sutter,101,95872,12285,11995,179,12174,138
2021-09-02,Tehama,103,63373,6520,6265,991,7256,72
2021-09-02,Trinity,105,12862,651,484,171,655,6
2021-09-02,Tulare,107,460477,58029,56105,11758,67863,872
2021-09-02,Tuolumne,109,53932,5754,5578,60,5638,88
2021-09-02,Ventura,111,848112,92104,90610,4002,94612,1084
2021-09-02,Yolo,113,214977,17678,17357,855,18212,235
2021-09-02,Yuba,115,75493,8611,8363,183,8546,55
2021-09-01,Alameda,001,1643700,110806,109075,2574,111649,1299
2021-09-01,Alpine,003,1148,93,92,0,92,0
2021-09-01,Amador,005,37829,4672,4599,43,4642,53
2021-09-01,Butte,007,227075,16701,16046,2862,18908,215
2021-09-01,Calaveras,009,45235,3125,3023,20,3043,59
2021-09-01,Colusa,011,21464,2325,2281,506,2787,16
2021-09-01,Contra Costa,013,1133247,91233,89834,1815,91649,877
2021-09-01,Del Norte,015,27424,3080,2860,18,2878,24
2021-09-01,El Dorado,017,186661,13927,13577,1279,14856,119
2021-09-01,Fresno,019,978130,120319,117492,10586,128078,1800
2021-09-01,Glenn,021,27897,2936,2846,790,3636,20
2021-09-01,Humboldt,023,135768,7361,7090,282,7372,52
2021-09-01,Imperial,025,180216,30684,30393,3029,33422,750
2021-09-01,Inyo,027,18085,1573,1561,16,1577,39
2021-09-01,Kern,029,883053,111166,108449,15867,124316,1400
2021-09-01,Kings,031,150075,27339,26443,1482,27925,263
2021-09-01,Lake,033,64148,5614,5396,85,5481,77
2021-09-01,Lassen,035,31185,5869,5731,176,5907,21
2021-09-01,Los Angeles,037,10098052,1362088,1348589,50620,1399209,25341
2021-09-01,Madera,039,155013,19449,18852,1451,20303,247
2021-09-01,Marin,041,260295,16407,16224,367,16591,240
2021-09-01,Mariposa,043,17540,772,735,22,757,5
2021-09-01,Mendocino,045,87422,6041,5821,219,6040,59
2021-09-01,Merced,047,269075,36360,35686,1314,37000,500
2021-09-01,Modoc,049,8938,454,436,158,594,5
2021-09-01,Mono,051,14174,1432,1400,17,1417,3
2021-09-01,Monterey,053,433212,46310,45590,2421,48011,539
2021-09-01,Napa,055,140530,11825,11653,76,11729,88
2021-09-01,Nevada,057,99092,7804,7508,256,7764,82
2021-09-01,Orange,059,3164182,290023,285840,13549,299389,5233
2021-09-01,Placer,061,380077,31783,30902,2863,33765,330
2021-09-01,Plumas,063,18699,1081,1033,18,1051,5
2021-09-01,Riverside,065,2383286,336010,329388,15575,344963,4634
2021-09-01,Sacramento,067,1510023,140047,138499,3210,141709,1875
2021-09-01,San Benito,069,59416,6777,6716,136,6852,64
2021-09-01,San Bernardino,071,2135413,330527,326250,10223,336473,5364
2021-09-01,San Diego,073,3302833,340690,335302,19742,355044,3908
2021-09-01,San Francisco,075,870044,48362,47538,2068,49606,584
2021-09-01,San Joaquin,077,732212,89400,87640,4706,92346,1540
2021-09-01,San Luis Obispo,079,281455,26308,25691,1000,26691,283
2021-09-01,San Mateo,081,765935,50327,49394,738,50132,558
2021-09-01,Santa Barbara,083,443738,40632,39263,1447,40710,483
2021-09-01,Santa Clara,085,1922200,136825,134855,1043,135898,1796
2021-09-01,Santa Cruz,087,273765,18744,18453,953,19406,210
2021-09-01,Shasta,089,179085,16310,15552,2423,17975,221
2021-09-01,Sierra,091,2930,124,98,13,111,0
2021-09-01,Siskiyou,093,43540,2633,2482,798,3280,34
2021-09-01,Solano,095,438530,42205,41194,1059,42253,293
2021-09-01,Sonoma,097,501317,37998,37454,458,37912,352
2021-09-01,Stanislaus,099,539301,68985,67287,7659,74946,1075
2021-09-01,Sutter,101,95872,12221,11945,172,12117,136
2021-09-01,Tehama,103,63373,6486,6228,974,7202,72
2021-09-01,Trinity,105,12862,650,482,168,650,5
2021-09-01,Tulare,107,460477,57747,55768,11721,67489,870
2021-09-01,Tuolumne,109,53932,5713,5553,60,5613,88
2021-09-01,Ventura,111,848112,91889,90471,3986,94457,1089
2021-09-01,Yolo,113,214977,17624,17264,849,18113,235
2021-09-01,Yuba,115,75493,8550,8308,183,8491,55
2021-08-31,Alameda,001,1643700,110500,108837,2567,111404,1297
2021-08-31,Alpine,003,1148,91,92,0,92,0
2021-08-31,Amador,005,37829,4651,4555,43,4598,53
2021-08-31,Butte,007,227075,16560,15896,2821,18717,216
2021-08-31,Calaveras,009,45235,3086,3008,20,3028,59
2021-08-31,Colusa,011,21464,2323,2275,504,2779,16
2021-08-31,Contra Costa,013,1133247,90940,89546,1803,91349,871
2021-08-31,Del Norte,015,27424,3044,2830,18,2848,19
2021-08-31,El Dorado,017,186661,13857,13539,1262,14801,119
2021-08-31,Fresno,019,978130,119747,117155,10517,127672,1801
2021-08-31,Glenn,021,27897,2919,2829,776,3605,20
2021-08-31,Humboldt,023,135768,7285,7030,268,7298,52
2021-08-31,Imperial,025,180216,30647,30348,3021,33369,750
2021-08-31,Inyo,027,18085,1569,1550,16,1566,39
2021-08-31,Kern,029,883053,110662,108151,15687,123838,1393
2021-08-31,Kings,031,150075,27198,26405,1468,27873,260
2021-08-31,Lake,033,64148,5570,5359,82,5441,74
2021-08-31,Lassen,035,31185,5843,5702,173,5875,21
2021-08-31,Los Angeles,037,10098052,1359501,1346686,50540,1397226,25303
2021-08-31,Madera,039,155013,19359,18811,1433,20244,247
2021-08-31,Marin,041,260295,16378,16215,364,16579,240
2021-08-31,Mariposa,043,17540,764,732,22,754,5
2021-08-31,Mendocino,045,87422,6001,5777,217,5994,59
2021-08-31,Merced,047,269075,36190,35512,1309,36821,498
2021-08-31,Modoc,049,8938,453,436,158,594,5
2021-08-31,Mono,051,14174,1416,1398,17,1415,3
2021-08-31,Monterey,053,433212,46226,45550,2408,47958,539
2021-08-31,Napa,055,140530,11778,11618,76,11694,88
2021-08-31,Nevada,057,99092,7737,7460,256,7716,82
2021-08-31,Orange,059,3164182,289422,285310,13514,298824,5229
2021-08-31,Placer,061,380077,31596,30745,2825,33570,325
2021-08-31,Plumas,063,18699,1077,1018,17,1035,5
2021-08-31,Riverside,065,2383286,335037,328556,15542,344098,4627
2021-08-31,Sacramento,067,1510023,139361,137879,3176,141055,1863
2021-08-31,San Benito,069,59416,6765,6694,134,6828,64
2021-08-31,San Bernardino,071,2135413,329784,325446,10203,335649,5350
2021-08-31,San Diego,073,3302833,339420,334377,19694,354071,3888
2021-08-31,San Francisco,075,870044,48211,47440,2057,49497,581
2021-08-31,San Joaquin,077,732212,88955,87365,4691,92056,1540
2021-08-31,San Luis Obispo,079,281455,26183,25518,996,26514,282
2021-08-31,San Mateo,081,765935,50216,49299,738,50037,556
2021-08-31,Santa Barbara,083,443738,40483,39091,1441,40532,481
2021-08-31,Santa Clara,085,1922200,136474,134637,1036,135673,1793
2021-08-31,Santa Cruz,087,273765,18703,18419,950,19369,210
2021-08-31,Shasta,089,179085,16156,15368,2395,17763,220
2021-08-31,Sierra,091,2930,121,95,13,108,0
2021-08-31,Siskiyou,093,43540,2613,2435,782,3217,33
2021-08-31,Solano,095,438530,42066,41067,1052,42119,289
2021-08-31,Sonoma,097,501317,37902,37379,457,37836,352
2021-08-31,Stanislaus,099,539301,68621,67004,7624,74628,1075
2021-08-31,Sutter,101,95872,12155,11901,168,12069,136
2021-08-31,Tehama,103,63373,6426,6169,943,7112,72
2021-08-31,Trinity,105,12862,644,480,168,648,3
2021-08-31,Tulare,107,460477,57413,55567,11650,67217,870
2021-08-31,Tuolumne,109,53932,5677,5516,60,5576,88
2021-08-31,Ventura,111,848112,91672,90292,3973,94265,1081
2021-08-31,Yolo,113,214977,17545,17205,840,18045,234
2021-08-31,Yuba,115,75493,8496,8253,183,8436,54
2021-08-30,Alameda,001,1643700,110175,107734,2556,110290,1296
2021-08-30,Alpine,003,1148,91,92,0,92,0
2021-08-30,Amador,005,37829,4640,4507,43,4550,53
2021-08-30,Butte,007,227075,16408,15719,2788,18507,214
2021-08-30,Calaveras,009,45235,3068,2975,20,2995,59
2021-08-30,Colusa,011,21464,2314,2271,500,2771,16
2021-08-30,Contra Costa,013,1133247,90681,87679,1793,89472,872
2021-08-30,Del Norte,015,27424,3002,2796,17,2813,11
2021-08-30,El Dorado,017,186661,13788,13217,1245,14462,119
2021-08-30,Fresno,019,978130,119183,115867,10455,126322,1790
2021-08-30,Glenn,021,27897,2908,2804,774,3578,20
2021-08-30,Humboldt,023,135768,7232,6930,261,7191,52
2021-08-30,Imperial,025,180216,30609,30311,3016,33327,750
2021-08-30,Inyo,027,18085,1564,1544,16,1560,39
2021-08-30,Kern,029,883053,110183,107615,15523,123138,1389
2021-08-30,Kings,031,150075,27082,26236,1453,27689,259
2021-08-30,Lake,033,64148,5535,5323,79,5402,74
2021-08-30,Lassen,035,31185,5821,5667,167,5834,21
2021-08-30,Los Angeles,037,10098052,1357045,1344949,50453,1395402,25269
2021-08-30,Madera,039,155013,19277,18622,1414,20036,247
2021-08-30,Marin,041,260295,16347,16160,364,16524,240
2021-08-30,Mariposa,043,17540,758,715,21,736,5
2021-08-30,Mendocino,045,87422,5968,5721,213,5934,55
2021-08-30,Merced,047,269075,36060,35335,1307,36642,497
2021-08-30,Modoc,049,8938,451,436,157,593,5
2021-08-30,Mono,051,14174,1416,1390,17,1407,3
2021-08-30,Monterey,053,433212,46164,45463,2391,47854,539
2021-08-30,Napa,055,140530,11729,11579,74,11653,87
2021-08-30,Nevada,057,99092,7678,7356,253,7609,82
2021-08-30,Orange,059,3164182,288845,284750,13465,298215,5223
2021-08-30,Placer,061,380077,31432,29825,2802,32627,319
2021-08-30,Plumas,063,18699,1060,998,17,1015,5
2021-08-30,Riverside,065,2383286,334138,327593,15511,343104,4623
2021-08-30,Sacramento,067,1510023,138704,134571,3130,137701,1847
2021-08-30,San Benito,069,59416,6756,6663,134,6797,64
2021-08-30,San Bernardino,071,2135413,329107,324870,10173,335043,5348
2021-08-30,San Diego,073,3302833,338140,333011,19623,352634,3885
2021-08-30,San Francisco,075,870044,48072,46966,2043,49009,581
2021-08-30,San Joaquin,077,732212,88624,86203,4671,90874,1528
2021-08-30,San Luis Obispo,079,281455,26057,25422,989,26411,280
2021-08-30,San Mateo,081,765935,50090,48839,732,49571,554
2021-08-30,Santa Barbara,083,443738,40334,38998,1436,40434,481
2021-08-30,Santa Clara,085,1922200,136153,133281,1029,134310,1789
2021-08-30,Santa Cruz,087,273765,18648,18326,946,19272,210
2021-08-30,Shasta,089,179085,16025,15238,2351,17589,217
2021-08-30,Sierra,091,2930,119,91,13,104,0
2021-08-30,Siskiyou,093,43540,2600,2411,771,3182,33
2021-08-30,Solano,095,438530,41902,39986,1048,41034,290
2021-08-30,Sonoma,097,501317,37796,36764,457,37221,352
2021-08-30,Stanislaus,099,539301,68277,66173,7594,73767,1074
2021-08-30,Sutter,101,95872,12084,11791,161,11952,136
2021-08-30,Tehama,103,63373,6347,6085,918,7003,71
2021-08-30,Trinity,105,12862,633,468,165,633,3
2021-08-30,Tulare,107,460477,57101,55140,11574,66714,870
2021-08-30,Tuolumne,109,53932,5631,5492,60,5552,74
2021-08-30,Ventura,111,848112,91456,90149,3961,94110,1082
2021-08-30,Yolo,113,214977,17482,17071,836,17907,231
2021-08-30,Yuba,115,75493,8422,8129,182,8311,54
2021-08-29,Alameda,001,1643700,109831,107494,2544,110038,1296
2021-08-29,Alpine,003,1148,91,92,0,92,0
2021-08-29,Amador,005,37829,4626,4501,43,4544,53
2021-08-29,Butte,007,227075,16238,15602,2751,18353,214
2021-08-29,Calaveras,009,45235,3034,2970,20,2990,59
2021-08-29,Colusa,011,21464,2305,2260,494,2754,16
2021-08-29,Contra Costa,013,1133247,90382,87439,1788,89227,872
2021-08-29,Del Norte,015,27424,2959,2752,17,2769,11
2021-08-29,El Dorado,017,186661,13733,13166,1234,14400,119
2021-08-29,Fresno,019,978130,118588,115502,10400,125902,1790
2021-08-29,Glenn,021,27897,2894,2778,767,3545,20
2021-08-29,Humboldt,023,135768,7188,6922,246,7168,52
2021-08-29,Imperial,025,180216,30548,30293,3006,33299,750
2021-08-29,Inyo,027,18085,1554,1543,15,1558,39
2021-08-29,Kern,029,883053,109732,107324,15352,122676,1389
2021-08-29,Kings,031,150075,26930,26143,1438,27581,259
2021-08-29,Lake,033,64148,5495,5293,69,5362,74
2021-08-29,Lassen,035,31185,5798,5666,163,5829,21
2021-08-29,Los Angeles,037,10098052,1354284,1342541,50341,1392882,25263
2021-08-29,Madera,039,155013,19190,18594,1398,19992,247
2021-08-29,Marin,041,260295,16316,16134,361,16495,240
2021-08-29,Mariposa,043,17540,752,709,19,728,5
2021-08-29,Mendocino,045,87422,5912,5689,200,5889,55
2021-08-29,Merced,047,269075,35821,35250,1295,36545,497
2021-08-29,Modoc,049,8938,448,436,157,593,5
2021-08-29,Mono,051,14174,1410,1387,17,1404,3
2021-08-29,Monterey,053,433212,46058,45424,2367,47791,539
2021-08-29,Napa,055,140530,11698,11552,74,11626,87
2021-08-29,Nevada,057,99092,7622,7294,252,7546,82
2021-08-29,Orange,059,3164182,288224,284432,13425,297857,5223
2021-08-29,Placer,061,380077,31259,29674,2761,32435,319
2021-08-29,Plumas,063,18699,1049,996,17,1013,5
2021-08-29,Riverside,065,2383286,333279,326987,15490,342477,4623
2021-08-29,Sacramento,067,1510023,137951,133981,3081,137062,1843
2021-08-29,San Benito,069,59416,6730,6646,134,6780,64
2021-08-29,San Bernardino,071,2135413,328320,324266,10139,334405,5347
2021-08-29,San Diego,073,3302833,337029,332014,19531,351545,3880
2021-08-29,San Francisco,075,870044,47937,46885,2031,48916,581
2021-08-29,San Joaquin,077,732212,88176,85922,4651,90573,1528
2021-08-29,San Luis Obispo,079,281455,25859,25288,984,26272,280
2021-08-29,San Mateo,081,765935,49976,48737,727,49464,554
2021-08-29,Santa Barbara,083,443738,40168,38900,1432,40332,481
2021-08-29,Santa Clara,085,1922200,135798,132979,1023,134002,1789
2021-08-29,Santa Cruz,087,273765,18601,18285,944,19229,210
2021-08-29,Shasta,089,179085,15871,15198,2324,17522,217
2021-08-29,Sierra,091,2930,117,91,13,104,0
2021-08-29,Siskiyou,093,43540,2553,2407,751,3158,33
2021-08-29,Solano,095,438530,41747,39887,1041,40928,290
2021-08-29,Sonoma,097,501317,37660,36650,453,37103,352
2021-08-29,Stanislaus,099,539301,67931,65956,7560,73516,1074
2021-08-29,Sutter,101,95872,12026,11719,154,11873,136
2021-08-29,Tehama,103,63373,6276,6040,895,6935,71
2021-08-29,Trinity,105,12862,630,468,161,629,3
2021-08-29,Tulare,107,460477,56768,54974,11490,66464,870
2021-08-29,Tuolumne,109,53932,5606,5478,59,5537,74
2021-08-29,Ventura,111,848112,91199,90114,3952,94066,1082
2021-08-29,Yolo,113,214977,17383,17015,824,17839,231
2021-08-29,Yuba,115,75493,8358,8042,182,8224,54
2021-08-28,Alameda,001,1643700,109666,107007,2535,109542,1296
2021-08-28,Alpine,003,1148,91,92,0,92,0
2021-08-28,Amador,005,37829,4607,4484,43,4527,53
2021-08-28,Butte,007,227075,16179,15487,2723,18210,214
2021-08-28,Calaveras,009,45235,3026,2926,20,2946,59
2021-08-28,Colusa,011,21464,2301,2252,492,2744,16
2021-08-28,Contra Costa,013,1133247,90170,86938,1786,88724,872
2021-08-28,Del Norte,015,27424,2932,2734,16,2750,11
2021-08-28,El Dorado,017,186661,13693,13089,1228,14317,119
2021-08-28,Fresno,019,978130,118347,115079,10376,125455,1792
2021-08-28,Glenn,021,27897,2886,2773,760,3533,20
2021-08-28,Humboldt,023,135768,7153,6887,241,7128,52
2021-08-28,Imperial,025,180216,30521,30260,3002,33262,750
2021-08-28,Inyo,027,18085,1552,1539,15,1554,39
2021-08-28,Kern,029,883053,109494,107012,15209,122221,1389
2021-08-28,Kings,031,150075,26863,26059,1435,27494,257
2021-08-28,Lake,033,64148,5472,5267,65,5332,74
2021-08-28,Lassen,035,31185,5783,5665,162,5827,21
2021-08-28,Los Angeles,037,10098052,1353075,1337097,50268,1387365,25234
2021-08-28,Madera,039,155013,19139,18553,1383,19936,247
2021-08-28,Marin,041,260295,16301,16106,361,16467,240
2021-08-28,Mariposa,043,17540,750,704,19,723,5
2021-08-28,Mendocino,045,87422,5887,5658,200,5858,55
2021-08-28,Merced,047,269075,35769,35108,1292,36400,497
2021-08-28,Modoc,049,8938,448,436,156,592,5
2021-08-28,Mono,051,14174,1407,1385,17,1402,3
2021-08-28,Monterey,053,433212,46016,45394,2362,47756,539
2021-08-28,Napa,055,140530,11675,11512,73,11585,88
2021-08-28,Nevada,057,99092,7598,7238,250,7488,82
2021-08-28,Orange,059,3164182,287865,283953,13376,297329,5222
2021-08-28,Placer,061,380077,31149,29428,2748,32176,319
2021-08-28,Plumas,063,18699,1042,991,17,1008,5
2021-08-28,Riverside,065,2383286,332691,326222,15480,341702,4623
2021-08-28,Sacramento,067,1510023,137559,132985,3065,136050,1844
2021-08-28,San Benito,069,59416,6723,6636,134,6770,64
2021-08-28,San Bernardino,071,2135413,327872,323672,10131,333803,5348
2021-08-28,San Diego,073,3302833,336444,331330,19497,350827,3880
2021-08-28,San Francisco,075,870044,47865,46654,2024,48678,581
2021-08-28,San Joaquin,077,732212,88007,85481,4642,90123,1527
2021-08-28,San Luis Obispo,079,281455,25793,25138,979,26117,280
2021-08-28,San Mateo,081,765935,49901,48575,724,49299,554
2021-08-28,Santa Barbara,083,443738,40096,38780,1431,40211,481
2021-08-28,Santa Clara,085,1922200,135591,132488,1021,133509,1789
2021-08-28,Santa Cruz,087,273765,18584,18240,941,19181,210
2021-08-28,Shasta,089,179085,15768,15147,2305,17452,217
2021-08-28,Sierra,091,2930,113,91,13,104,0
2021-08-28,Siskiyou,093,43540,2545,2402,740,3142,33
2021-08-28,Solano,095,438530,41698,39610,1040,40650,290
2021-08-28,Sonoma,097,501317,37587,36466,451,36917,352
2021-08-28,Stanislaus,099,539301,67769,65670,7542,73212,1074
2021-08-28,Sutter,101,95872,12005,11669,153,11822,136
2021-08-28,Tehama,103,63373,6251,6004,883,6887,71
2021-08-28,Trinity,105,12862,626,463,160,623,3
2021-08-28,Tulare,107,460477,56638,54746,11448,66194,870
2021-08-28,Tuolumne,109,53932,5590,5469,59,5528,74
2021-08-28,Ventura,111,848112,91081,89934,3950,93884,1081
2021-08-28,Yolo,113,214977,17347,16907,817,17724,231
2021-08-28,Yuba,115,75493,8327,7985,181,8166,55
2021-08-27,Alameda,001,1643700,109456,106622,2532,109154,1296
2021-08-27,Alpine,003,1148,91,92,0,92,0
2021-08-27,Amador,005,37829,4591,4458,42,4500,53
2021-08-27,Butte,007,227075,16099,15277,2704,17981,214
2021-08-27,Calaveras,009,45235,3012,2903,20,2923,59
2021-08-27,Colusa,011,21464,2295,2240,490,2730,16
2021-08-27,Contra Costa,013,1133247,89972,86386,1783,88169,872
2021-08-27,Del Norte,015,27424,2900,2695,16,2711,11
2021-08-27,El Dorado,017,186661,13654,12968,1224,14192,119
2021-08-27,Fresno,019,978130,117913,114481,10358,124839,1774
2021-08-27,Glenn,021,27897,2868,2754,752,3506,20
2021-08-27,Humboldt,023,135768,7120,6782,238,7020,52
2021-08-27,Imperial,025,180216,30501,30201,2999,33200,750
2021-08-27,Inyo,027,18085,1551,1529,15,1544,39
2021-08-27,Kern,029,883053,109200,106570,15099,121669,1385
2021-08-27,Kings,031,150075,26784,25957,1433,27390,257
2021-08-27,Lake,033,64148,5447,5228,64,5292,74
2021-08-27,Lassen,035,31185,5767,5646,157,5803,21
2021-08-27,Los Angeles,037,10098052,1351555,1337006,50200,1387206,25230
2021-08-27,Madera,039,155013,19083,18476,1370,19846,247
2021-08-27,Marin,041,260295,16285,16055,359,16414,240
2021-08-27,Mariposa,043,17540,744,690,19,709,5
2021-08-27,Mendocino,045,87422,5856,5602,199,5801,55
2021-08-27,Merced,047,269075,35715,34906,1283,36189,495
2021-08-27,Modoc,049,8938,448,434,156,590,5
2021-08-27,Mono,051,14174,1398,1385,17,1402,3
2021-08-27,Monterey,053,433212,45967,45337,2354,47691,539
2021-08-27,Napa,055,140530,11641,11460,73,11533,87
2021-08-27,Nevada,057,99092,7558,7169,248,7417,82
2021-08-27,Orange,059,3164182,287508,283407,13338,296745,5206
2021-08-27,Placer,061,380077,31019,29157,2728,31885,320
2021-08-27,Plumas,063,18699,1036,984,17,1001,5
2021-08-27,Riverside,065,2383286,332174,325379,15465,340844,4622
2021-08-27,Sacramento,067,1510023,137123,131921,3052,134973,1838
2021-08-27,San Benito,069,59416,6717,6622,134,6756,64
2021-08-27,San Bernardino,071,2135413,327348,322893,10113,333006,5342
2021-08-27,San Diego,073,3302833,335659,330162,19443,349605,3877
2021-08-27,San Francisco,075,870044,47789,46456,2006,48462,581
2021-08-27,San Joaquin,077,732212,87824,84949,4623,89572,1524
2021-08-27,San Luis Obispo,079,281455,25745,24952,976,25928,280
2021-08-27,San Mateo,081,765935,49826,48424,720,49144,553
2021-08-27,Santa Barbara,083,443738,40004,38675,1429,40104,480
2021-08-27,Santa Clara,085,1922200,135361,132011,1018,133029,1783
2021-08-27,Santa Cruz,087,273765,18545,18163,937,19100,210
2021-08-27,Shasta,089,179085,15687,14996,2289,17285,217
2021-08-27,Sierra,091,2930,112,91,13,104,0
2021-08-27,Siskiyou,093,43540,2530,2358,726,3084,33
2021-08-27,Solano,095,438530,41584,39347,1036,40383,287
2021-08-27,Sonoma,097,501317,37515,36326,450,36776,342
2021-08-27,Stanislaus,099,539301,67558,65167,7504,72671,1061
2021-08-27,Sutter,101,95872,11959,11590,151,11741,135
2021-08-27,Tehama,103,63373,6218,5964,868,6832,71
2021-08-27,Trinity,105,12862,626,458,159,617,3
2021-08-27,Tulare,107,460477,56502,54443,11402,65845,870
2021-08-27,Tuolumne,109,53932,5558,5438,59,5497,74
2021-08-27,Ventura,111,848112,90952,89774,3946,93720,1076
2021-08-27,Yolo,113,214977,17305,16805,812,17617,231
2021-08-27,Yuba,115,75493,8270,7926,181,8107,54
2021-08-26,Alameda,001,1643700,109173,106146,2523,108669,1296
2021-08-26,Alpine,003,1148,91,92,0,92,0
2021-08-26,Amador,005,37829,4576,4442,41,4483,53
2021-08-26,Butte,007,227075,15966,15159,2668,17827,214
2021-08-26,Calaveras,009,45235,3003,2873,20,2893,59
2021-08-26,Colusa,011,21464,2289,2234,486,2720,16
2021-08-26,Contra Costa,013,1133247,89613,85808,1777,87585,866
2021-08-26,Del Norte,015,27424,2864,2625,16,2641,8
2021-08-26,El Dorado,017,186661,13585,12863,1210,14073,118
2021-08-26,Fresno,019,978130,117411,113854,10308,124162,1770
2021-08-26,Glenn,021,27897,2848,2740,743,3483,20
2021-08-26,Humboldt,023,135768,7062,6695,228,6923,53
2021-08-26,Imperial,025,180216,30452,30121,2991,33112,748
2021-08-26,Inyo,027,18085,1541,1521,14,1535,39
2021-08-26,Kern,029,883053,108772,106051,14954,121005,1380
2021-08-26,Kings,031,150075,26661,25838,1425,27263,260
2021-08-26,Lake,033,64148,5401,5196,61,5257,74
2021-08-26,Lassen,035,31185,5755,5626,155,5781,21
2021-08-26,Los Angeles,037,10098052,1349291,1334372,50104,1384476,25199
2021-08-26,Madera,039,155013,19013,18393,1358,19751,247
2021-08-26,Marin,041,260295,16256,15983,356,16339,240
2021-08-26,Mariposa,043,17540,734,677,19,696,5
2021-08-26,Mendocino,045,87422,5820,5533,194,5727,55
2021-08-26,Merced,047,269075,35548,34755,1262,36017,495
2021-08-26,Modoc,049,8938,448,433,156,589,5
2021-08-26,Mono,051,14174,1396,1385,17,1402,3
2021-08-26,Monterey,053,433212,45895,45265,2343,47608,539
2021-08-26,Napa,055,140530,11619,11394,72,11466,87
2021-08-26,Nevada,057,99092,7499,7086,245,7331,80
2021-08-26,Orange,059,3164182,287013,282814,13315,296129,5200
2021-08-26,Placer,061,380077,30851,28898,2702,31600,319
2021-08-26,Plumas,063,18699,1029,971,16,987,5
2021-08-26,Riverside,065,2383286,331382,324486,15444,339930,4615
2021-08-26,Sacramento,067,1510023,136590,130977,3010,133987,1827
2021-08-26,San Benito,069,59416,6707,6604,134,6738,64
2021-08-26,San Bernardino,071,2135413,326689,322100,10089,332189,5339
2021-08-26,San Diego,073,3302833,334630,328276,19377,347653,3869
2021-08-26,San Francisco,075,870044,47661,46288,2001,48289,581
2021-08-26,San Joaquin,077,732212,87446,84429,4600,89029,1513
2021-08-26,San Luis Obispo,079,281455,25595,24831,970,25801,278
2021-08-26,San Mateo,081,765935,49697,48263,718,48981,553
2021-08-26,Santa Barbara,083,443738,39921,38566,1428,39994,479
2021-08-26,Santa Clara,085,1922200,135035,131443,1014,132457,1782
2021-08-26,Santa Cruz,087,273765,18485,18072,935,19007,210
2021-08-26,Shasta,089,179085,15563,14891,2262,17153,217
2021-08-26,Sierra,091,2930,110,90,13,103,0
2021-08-26,Siskiyou,093,43540,2508,2342,712,3054,33
2021-08-26,Solano,095,438530,41435,39027,1028,40055,286
2021-08-26,Sonoma,097,501317,37425,36102,450,36552,337
2021-08-26,Stanislaus,099,539301,67241,64785,7464,72249,1061
2021-08-26,Sutter,101,95872,11899,11499,148,11647,135
2021-08-26,Tehama,103,63373,6160,5913,855,6768,68
2021-08-26,Trinity,105,12862,621,450,157,607,3
2021-08-26,Tulare,107,460477,56245,54157,11354,65511,870
2021-08-26,Tuolumne,109,53932,5538,5387,59,5446,74
2021-08-26,Ventura,111,848112,90766,89595,3937,93532,1080
2021-08-26,Yolo,113,214977,17238,16727,801,17528,231
2021-08-26,Yuba,115,75493,8197,7834,179,8013,54
2021-08-25,Alameda,001,1643700,108843,105636,2515,108151,1296
2021-08-25,Alpine,003,1148,91,92,0,92,0
2021-08-25,Amador,005,37829,4561,4415,41,4456,53
2021-08-25,Butte,007,227075,15860,15039,2626,17665,214
2021-08-25,Calaveras,009,45235,2983,2851,20,2871,59
2021-08-25,Colusa,011,21464,2282,2227,477,2704,16
2021-08-25,Contra Costa,013,1133247,89230,85322,1771,87093,863
2021-08-25,Del Norte,015,27424,2819,2573,16,2589,8
2021-08-25,El Dorado,017,186661,13526,12787,1194,13981,118
2021-08-25,Fresno,019,978130,116873,113384,10268,123652,1761
2021-08-25,Glenn,021,27897,2827,2728,731,3459,20
2021-08-25,Humboldt,023,135768,6993,6653,218,6871,52
2021-08-25,Imperial,025,180216,30415,30085,2984,33069,748
2021-08-25,Inyo,027,18085,1537,1518,14,1532,39
2021-08-25,Kern,029,883053,108341,105687,14798,120485,1379
2021-08-25,Kings,031,150075,26554,25676,1418,27094,258
2021-08-25,Lake,033,64148,5371,5163,58,5221,74
2021-08-25,Lassen,035,31185,5738,5583,154,5737,21
2021-08-25,Los Angeles,037,10098052,1346689,1331400,50016,1381416,25170
2021-08-25,Madera,039,155013,18949,18311,1336,19647,247
2021-08-25,Marin,041,260295,16234,15938,350,16288,240
2021-08-25,Mariposa,043,17540,728,676,19,695,5
2021-08-25,Mendocino,045,87422,5784,5486,189,5675,53
2021-08-25,Merced,047,269075,35410,34600,1257,35857,492
2021-08-25,Modoc,049,8938,448,433,156,589,5
2021-08-25,Mono,051,14174,1392,1382,17,1399,3
2021-08-25,Monterey,053,433212,45821,45196,2328,47524,539
2021-08-25,Napa,055,140530,11585,11348,71,11419,87
2021-08-25,Nevada,057,99092,7433,7000,244,7244,77
2021-08-25,Orange,059,3164182,286491,282061,13282,295343,5193
2021-08-25,Placer,061,380077,30675,28740,2669,31409,319
2021-08-25,Plumas,063,18699,1014,962,16,978,5
2021-08-25,Riverside,065,2383286,330538,323548,15422,338970,4610
2021-08-25,Sacramento,067,1510023,135908,130046,2971,133017,1827
2021-08-25,San Benito,069,59416,6686,6587,133,6720,64
2021-08-25,San Bernardino,071,2135413,325995,321228,10068,331296,5337
2021-08-25,San Diego,073,3302833,333351,327166,19302,346468,3859
2021-08-25,San Francisco,075,870044,47512,46107,1996,48103,578
2021-08-25,San Joaquin,077,732212,87061,84002,4584,88586,1510
2021-08-25,San Luis Obispo,079,281455,25403,24607,967,25574,276
2021-08-25,San Mateo,081,765935,49573,48153,714,48867,553
2021-08-25,Santa Barbara,083,443738,39792,38450,1428,39878,479
2021-08-25,Santa Clara,085,1922200,134666,130995,1011,132006,1783
2021-08-25,Santa Cruz,087,273765,18424,17987,932,18919,210
2021-08-25,Shasta,089,179085,15434,14752,2230,16982,217
2021-08-25,Sierra,091,2930,107,90,13,103,0
2021-08-25,Siskiyou,093,43540,2463,2322,693,3015,33
2021-08-25,Solano,095,438530,41264,38848,1016,39864,286
2021-08-25,Sonoma,097,501317,37301,35986,447,36433,336
2021-08-25,Stanislaus,099,539301,66951,64441,7431,71872,1061
2021-08-25,Sutter,101,95872,11831,11451,144,11595,134
2021-08-25,Tehama,103,63373,6101,5861,838,6699,68
2021-08-25,Trinity,105,12862,615,450,156,606,3
2021-08-25,Tulare,107,460477,55960,53877,11284,65161,866
2021-08-25,Tuolumne,109,53932,5512,5354,59,5413,74
2021-08-25,Ventura,111,848112,90583,89379,3923,93302,1068
2021-08-25,Yolo,113,214977,17174,16667,791,17458,231
2021-08-25,Yuba,115,75493,8131,7771,178,7949,54
2021-08-24,Alameda,001,1643700,108511,105319,2505,107824,1296
2021-08-24,Alpine,003,1148,91,92,0,92,0
2021-08-24,Amador,005,37829,4542,4380,41,4421,50
2021-08-24,Butte,007,227075,15704,14964,2592,17556,214
2021-08-24,Calaveras,009,45235,2943,2811,20,2831,59
2021-08-24,Colusa,011,21464,2274,2221,473,2694,16
2021-08-24,Contra Costa,013,1133247,88870,84963,1765,86728,857
2021-08-24,Del Norte,015,27424,2792,2543,16,2559,8
2021-08-24,El Dorado,017,186661,13449,12732,1178,13910,118
2021-08-24,Fresno,019,978130,116268,113024,10214,123238,1761
2021-08-24,Glenn,021,27897,2812,2717,723,3440,20
2021-08-24,Humboldt,023,135768,6930,6585,205,6790,52
2021-08-24,Imperial,025,180216,30354,30045,2978,33023,748
2021-08-24,Inyo,027,18085,1532,1512,14,1526,39
2021-08-24,Kern,029,883053,107877,105399,14631,120030,1375
2021-08-24,Kings,031,150075,26433,25629,1403,27032,258
2021-08-24,Lake,033,64148,5336,5135,58,5193,72
2021-08-24,Lassen,035,31185,5722,5576,152,5728,21
2021-08-24,Los Angeles,037,10098052,1343829,1328777,49915,1378692,25135
2021-08-24,Madera,039,155013,18873,18251,1319,19570,247
2021-08-24,Marin,041,260295,16198,15900,346,16246,240
2021-08-24,Mariposa,043,17540,721,670,19,689,5
2021-08-24,Mendocino,045,87422,5740,5416,182,5598,52
2021-08-24,Merced,047,269075,35242,34490,1246,35736,491
2021-08-24,Modoc,049,8938,448,432,156,588,5
2021-08-24,Mono,051,14174,1391,1382,17,1399,3
2021-08-24,Monterey,053,433212,45755,45126,2311,47437,539
2021-08-24,Napa,055,140530,11552,11299,70,11369,85
2021-08-24,Nevada,057,99092,7363,6981,242,7223,77
2021-08-24,Orange,059,3164182,285887,281461,13256,294717,5187
2021-08-24,Placer,061,380077,30471,28618,2630,31248,318
2021-08-24,Plumas,063,18699,1004,953,16,969,5
2021-08-24,Riverside,065,2383286,329664,322620,15391,338011,4605
2021-08-24,Sacramento,067,1510023,135223,129542,2923,132465,1812
2021-08-24,San Benito,069,59416,6673,6576,133,6709,64
2021-08-24,San Bernardino,071,2135413,325240,320300,10038,330338,5328
2021-08-24,San Diego,073,3302833,331889,325823,19206,345029,3851
2021-08-24,San Francisco,075,870044,47337,46010,1984,47994,574
2021-08-24,San Joaquin,077,732212,86621,83684,4546,88230,1508
2021-08-24,San Luis Obispo,079,281455,25225,24443,957,25400,274
2021-08-24,San Mateo,081,765935,49424,48050,712,48762,553
2021-08-24,Santa Barbara,083,443738,39663,38307,1427,39734,478
2021-08-24,Santa Clara,085,1922200,134241,130763,1007,131770,1779
2021-08-24,Santa Cruz,087,273765,18350,17928,926,18854,209
2021-08-24,Shasta,089,179085,15326,14664,2198,16862,217
2021-08-24,Sierra,091,2930,104,90,13,103,0
2021-08-24,Siskiyou,093,43540,2441,2294,678,2972,33
2021-08-24,Solano,095,438530,41055,38724,1004,39728,283
2021-08-24,Sonoma,097,501317,37173,35849,445,36294,336
2021-08-24,Stanislaus,099,539301,66592,64195,7381,71576,1058
2021-08-24,Sutter,101,95872,11764,11384,141,11525,134
2021-08-24,Tehama,103,63373,6055,5826,823,6649,67
2021-08-24,Trinity,105,12862,604,446,148,594,3
2021-08-24,Tulare,107,460477,55608,53702,11194,64896,856
2021-08-24,Tuolumne,109,53932,5481,5287,59,5346,74
2021-08-24,Ventura,111,848112,90398,89167,3912,93079,1068
2021-08-24,Yolo,113,214977,17098,16492,778,17270,231
2021-08-24,Yuba,115,75493,8048,7723,176,7899,54
2021-08-23,Alameda,001,1643700,108108,104922,2493,107415,1294
2021-08-23,Alpine,003,1148,91,91,0,91,0
2021-08-23,Amador,005,37829,4528,4369,41,4410,50
2021-08-23,Butte,007,227075,15558,14847,2557,17404,211
2021-08-23,Calaveras,009,45235,2908,2803,20,2823,59
2021-08-23,Colusa,011,21464,2270,2206,470,2676,16
2021-08-23,Contra Costa,013,1133247,88490,84651,1758,86409,857
2021-08-23,Del Norte,015,27424,2746,2499,16,2515,8
2021-08-23,El Dorado,017,186661,13346,12684,1156,13840,118
2021-08-23,Fresno,019,978130,115709,112445,10164,122609,1759
2021-08-23,Glenn,021,27897,2794,2696,716,3412,20
2021-08-23,Humboldt,023,135768,6855,6498,190,6688,52
2021-08-23,Imperial,025,180216,30303,30011,2975,32986,748
2021-08-23,Inyo,027,18085,1525,1509,14,1523,39
2021-08-23,Kern,029,883053,107422,104995,14475,119470,1375
2021-08-23,Kings,031,150075,26301,25465,1397,26862,257
2021-08-23,Lake,033,64148,5296,5099,56,5155,69
2021-08-23,Lassen,035,31185,5710,5562,152,5714,21
2021-08-23,Los Angeles,037,10098052,1340874,1326412,49790,1376202,25096
2021-08-23,Madera,039,155013,18787,18155,1303,19458,246
2021-08-23,Marin,041,260295,16150,15856,342,16198,240
2021-08-23,Mariposa,043,17540,710,645,19,664,5
2021-08-23,Mendocino,045,87422,5673,5374,175,5549,51
2021-08-23,Merced,047,269075,35059,34322,1241,35563,488
2021-08-23,Modoc,049,8938,445,431,155,586,6
2021-08-23,Mono,051,14174,1389,1384,17,1401,3
2021-08-23,Monterey,053,433212,45657,45047,2300,47347,538
2021-08-23,Napa,055,140530,11514,11257,70,11327,85
2021-08-23,Nevada,057,99092,7283,6930,240,7170,77
2021-08-23,Orange,059,3164182,285250,280891,13221,294112,5181
2021-08-23,Placer,061,380077,30271,28540,2592,31132,314
2021-08-23,Plumas,063,18699,996,934,16,950,5
2021-08-23,Riverside,065,2383286,328751,321650,15365,337015,4598
2021-08-23,Sacramento,067,1510023,134437,128969,2855,131824,1807
2021-08-23,San Benito,069,59416,6655,6562,131,6693,64
2021-08-23,San Bernardino,071,2135413,324437,319577,9999,329576,5324
2021-08-23,San Diego,073,3302833,330431,324536,19101,343637,3848
2021-08-23,San Francisco,075,870044,47183,45945,1975,47920,573
2021-08-23,San Joaquin,077,732212,86187,83466,4513,87979,1499
2021-08-23,San Luis Obispo,079,281455,25043,24317,955,25272,274
2021-08-23,San Mateo,081,765935,49285,47935,709,48644,553
2021-08-23,Santa Barbara,083,443738,39486,38181,1425,39606,478
2021-08-23,Santa Clara,085,1922200,133842,130489,1003,131492,1778
2021-08-23,Santa Cruz,087,273765,18293,17871,924,18795,209
2021-08-23,Shasta,089,179085,15200,14537,2159,16696,216
2021-08-23,Sierra,091,2930,104,90,13,103,0
2021-08-23,Siskiyou,093,43540,2420,2274,657,2931,33
2021-08-23,Solano,095,438530,40902,38612,995,39607,283
2021-08-23,Sonoma,097,501317,37051,35769,444,36213,336
2021-08-23,Stanislaus,099,539301,66240,63922,7342,71264,1058
2021-08-23,Sutter,101,95872,11675,11314,133,11447,133
2021-08-23,Tehama,103,63373,6001,5805,805,6610,67
2021-08-23,Trinity,105,12862,601,435,145,580,3
2021-08-23,Tulare,107,460477,55304,53370,11121,64491,856
2021-08-23,Tuolumne,109,53932,5439,5240,59,5299,73
2021-08-23,Ventura,111,848112,90179,88960,3900,92860,1063
2021-08-23,Yolo,113,214977,17011,16445,763,17208,226
2021-08-23,Yuba,115,75493,7977,7653,174,7827,54
2021-08-22,Alameda,001,1643700,107658,104539,2460,106999,1294
2021-08-22,Alpine,003,1148,91,91,0,91,0
2021-08-22,Amador,005,37829,4498,4349,41,4390,50
2021-08-22,Butte,007,227075,15419,14791,2521,17312,211
2021-08-22,Calaveras,009,45235,2869,2771,20,2791,59
2021-08-22,Colusa,011,21464,2262,2201,464,2665,16
2021-08-22,Contra Costa,013,1133247,87948,84371,1744,86115,857
2021-08-22,Del Norte,015,27424,2686,2455,16,2471,8
2021-08-22,El Dorado,017,186661,13242,12629,1136,13765,118
2021-08-22,Fresno,019,978130,115111,112057,10094,122151,1759
2021-08-22,Glenn,021,27897,2771,2678,703,3381,20
2021-08-22,Humboldt,023,135768,6778,6483,171,6654,52
2021-08-22,Imperial,025,180216,30245,29993,2970,32963,748
2021-08-22,Inyo,027,18085,1519,1505,14,1519,39
2021-08-22,Kern,029,883053,106897,104691,14319,119010,1375
2021-08-22,Kings,031,150075,26143,25391,1380,26771,257
2021-08-22,Lake,033,64148,5250,5069,53,5122,69
2021-08-22,Lassen,035,31185,5678,5556,147,5703,21
2021-08-22,Los Angeles,037,10098052,1337573,1324151,49659,1373810,25089
2021-08-22,Madera,039,155013,18668,18120,1289,19409,246
2021-08-22,Marin,041,260295,16098,15822,334,16156,240
2021-08-22,Mariposa,043,17540,700,638,17,655,5
2021-08-22,Mendocino,045,87422,5614,5336,175,5511,51
2021-08-22,Merced,047,269075,34855,34234,1229,35463,488
2021-08-22,Modoc,049,8938,443,431,155,586,6
2021-08-22,Mono,051,14174,1388,1378,17,1395,3
2021-08-22,Monterey,053,433212,45558,45017,2286,47303,538
2021-08-22,Napa,055,140530,11469,11231,70,11301,85
2021-08-22,Nevada,057,99092,7209,6864,238,7102,77
2021-08-22,Orange,059,3164182,284560,280390,13176,293566,5181
2021-08-22,Placer,061,380077,30062,28395,2556,30951,314
2021-08-22,Plumas,063,18699,978,923,15,938,5
2021-08-22,Riverside,065,2383286,327729,320836,15316,336152,4594
2021-08-22,Sacramento,067,1510023,133662,128231,2814,131045,1802
2021-08-22,San Benito,069,59416,6638,6550,131,6681,64
2021-08-22,San Bernardino,071,2135413,323467,318839,9964,328803,5324
2021-08-22,San Diego,073,3302833,329102,323591,18996,342587,3848
2021-08-22,San Francisco,075,870044,47017,45831,1965,47796,573
2021-08-22,San Joaquin,077,732212,85729,83121,4478,87599,1498
2021-08-22,San Luis Obispo,079,281455,24837,24250,948,25198,274
2021-08-22,San Mateo,081,765935,49109,47821,704,48525,553
2021-08-22,Santa Barbara,083,443738,39305,38099,1417,39516,478
2021-08-22,Santa Clara,085,1922200,133425,130189,996,131185,1778
2021-08-22,Santa Cruz,087,273765,18232,17823,919,18742,209
2021-08-22,Shasta,089,179085,15062,14478,2123,16601,216
2021-08-22,Sierra,091,2930,104,87,13,100,0
2021-08-22,Siskiyou,093,43540,2391,2261,639,2900,33
2021-08-22,Solano,095,438530,40703,38489,981,39470,283
2021-08-22,Sonoma,097,501317,36895,35676,441,36117,336
2021-08-22,Stanislaus,099,539301,65874,63683,7252,70935,1058
2021-08-22,Sutter,101,95872,11593,11251,129,11380,133
2021-08-22,Tehama,103,63373,5955,5791,786,6577,67
2021-08-22,Trinity,105,12862,594,433,143,576,3
2021-08-22,Tulare,107,460477,54983,53220,11037,64257,856
2021-08-22,Tuolumne,109,53932,5396,5214,59,5273,73
2021-08-22,Ventura,111,848112,89970,88791,3883,92674,1063
2021-08-22,Yolo,113,214977,16909,16374,754,17128,226
2021-08-22,Yuba,115,75493,7903,7626,173,7799,54
2021-08-21,Alameda,001,1643700,107455,104281,2453,106734,1294
2021-08-21,Alpine,003,1148,91,91,0,91,0
2021-08-21,Amador,005,37829,4488,4338,39,4377,50
2021-08-21,Butte,007,227075,15351,14714,2500,17214,211
2021-08-21,Calaveras,009,45235,2856,2744,20,2764,59
2021-08-21,Colusa,011,21464,2256,2192,460,2652,16
2021-08-21,Contra Costa,013,1133247,87691,84136,1738,85874,857
2021-08-21,Del Norte,015,27424,2663,2409,16,2425,8
2021-08-21,El Dorado,017,186661,13198,12590,1132,13722,118
2021-08-21,Fresno,019,978130,114915,111765,10081,121846,1759
2021-08-21,Glenn,021,27897,2761,2654,696,3350,20
2021-08-21,Humboldt,023,135768,6740,6446,165,6611,52
2021-08-21,Imperial,025,180216,30202,29976,2967,32943,748
2021-08-21,Inyo,027,18085,1516,1500,14,1514,39
2021-08-21,Kern,029,883053,106641,104443,14194,118637,1375
2021-08-21,Kings,031,150075,26072,25313,1375,26688,257
2021-08-21,Lake,033,64148,5230,5055,51,5106,69
2021-08-21,Lassen,035,31185,5664,5553,147,5700,21
2021-08-21,Los Angeles,037,10098052,1336280,1321308,49568,1370876,25080
2021-08-21,Madera,039,155013,18630,18067,1283,19350,246
2021-08-21,Marin,041,260295,16064,15775,332,16107,240
2021-08-21,Mariposa,043,17540,690,634,17,651,5
2021-08-21,Mendocino,045,87422,5569,5307,174,5481,51
2021-08-21,Merced,047,269075,34750,34148,1224,35372,488
2021-08-21,Modoc,049,8938,443,430,155,585,6
2021-08-21,Mono,051,14174,1388,1378,17,1395,3
2021-08-21,Monterey,053,433212,45511,44969,2279,47248,538
2021-08-21,Napa,055,140530,11434,11211,70,11281,85
2021-08-21,Nevada,057,99092,7165,6810,237,7047,77
2021-08-21,Orange,059,3164182,284114,279855,13142,292997,5181
2021-08-21,Placer,061,380077,29924,28289,2531,30820,314
2021-08-21,Plumas,063,18699,974,916,14,930,5
2021-08-21,Riverside,065,2383286,327148,320086,15303,335389,4594
2021-08-21,Sacramento,067,1510023,133168,127751,2802,130553,1809
2021-08-21,San Benito,069,59416,6628,6542,130,6672,64
2021-08-21,San Bernardino,071,2135413,323017,318293,9943,328236,5324
2021-08-21,San Diego,073,3302833,328437,322620,18956,341576,3848
2021-08-21,San Francisco,075,870044,46915,45637,1958,47595,573
2021-08-21,San Joaquin,077,732212,85512,82825,4463,87288,1498
2021-08-21,San Luis Obispo,079,281455,24779,24169,948,25117,273
2021-08-21,San Mateo,081,765935,49012,47685,704,48389,553
2021-08-21,Santa Barbara,083,443738,39223,37951,1413,39364,478
2021-08-21,Santa Clara,085,1922200,133160,129911,992,130903,1778
2021-08-21,Santa Cruz,087,273765,18195,17763,914,18677,209
2021-08-21,Shasta,089,179085,14988,14417,2109,16526,217
2021-08-21,Sierra,091,2930,99,85,13,98,0
2021-08-21,Siskiyou,093,43540,2377,2246,628,2874,33
2021-08-21,Solano,095,438530,40592,38423,971,39394,281
2021-08-21,Sonoma,097,501317,36807,35582,440,36022,336
2021-08-21,Stanislaus,099,539301,65682,63512,7234,70746,1058
2021-08-21,Sutter,101,95872,11548,11204,127,11331,133
2021-08-21,Tehama,103,63373,5930,5757,779,6536,67
2021-08-21,Trinity,105,12862,589,431,141,572,3
2021-08-21,Tulare,107,460477,54840,53045,10993,64038,857
2021-08-21,Tuolumne,109,53932,5364,5193,59,5252,73
2021-08-21,Ventura,111,848112,89826,88558,3868,92426,1063
2021-08-21,Yolo,113,214977,16862,16322,748,17070,226
2021-08-21,Yuba,115,75493,7857,7580,172,7752,54
2021-08-20,Alameda,001,1643700,107209,103812,2445,106257,1294
2021-08-20,Alpine,003,1148,91,91,0,91,0
2021-08-20,Amador,005,37829,4462,4323,39,4362,50
2021-08-20,Butte,007,227075,15279,14617,2478,17095,211
2021-08-20,Calaveras,009,45235,2841,2717,20,2737,59
2021-08-20,Colusa,011,21464,2251,2178,458,2636,16
2021-08-20,Contra Costa,013,1133247,87414,83721,1731,85452,857
2021-08-20,Del Norte,015,27424,2631,2316,16,2332,8
2021-08-20,El Dorado,017,186661,13160,12495,1124,13619,118
2021-08-20,Fresno,019,978130,114562,111315,10049,121364,1759
2021-08-20,Glenn,021,27897,2753,2642,691,3333,20
2021-08-20,Humboldt,023,135768,6689,6349,160,6509,52
2021-08-20,Imperial,025,180216,30179,29934,2967,32901,747
2021-08-20,Inyo,027,18085,1510,1495,14,1509,39
2021-08-20,Kern,029,883053,106356,104048,14066,118114,1373
2021-08-20,Kings,031,150075,26006,25241,1373,26614,256
2021-08-20,Lake,033,64148,5215,5024,48,5072,69
2021-08-20,Lassen,035,31185,5644,5539,147,5686,21
2021-08-20,Los Angeles,037,10098052,1334408,1317541,49469,1367010,25049
2021-08-20,Madera,039,155013,18581,18018,1268,19286,246
2021-08-20,Marin,041,260295,16046,15727,328,16055,240
2021-08-20,Mariposa,043,17540,685,630,17,647,5
2021-08-20,Mendocino,045,87422,5523,5241,173,5414,51
2021-08-20,Merced,047,269075,34685,34035,1216,35251,486
2021-08-20,Modoc,049,8938,443,429,155,584,6
2021-08-20,Mono,051,14174,1387,1368,17,1385,3
2021-08-20,Monterey,053,433212,45473,44890,2272,47162,538
2021-08-20,Napa,055,140530,11402,11152,70,11222,83
2021-08-20,Nevada,057,99092,7123,6753,231,6984,77
2021-08-20,Orange,059,3164182,283669,279193,13121,292314,5179
2021-08-20,Placer,061,380077,29829,28156,2502,30658,313
2021-08-20,Plumas,063,18699,965,908,14,922,5
2021-08-20,Riverside,065,2383286,326453,319072,15272,334344,4594
2021-08-20,Sacramento,067,1510023,132692,127226,2785,130011,1797
2021-08-20,San Benito,069,59416,6614,6508,130,6638,64
2021-08-20,San Bernardino,071,2135413,322404,317372,9914,327286,5322
2021-08-20,San Diego,073,3302833,327531,321102,18887,339989,3846
2021-08-20,San Francisco,075,870044,46818,45432,1943,47375,573
2021-08-20,San Joaquin,077,732212,85282,82419,4445,86864,1496
2021-08-20,San Luis Obispo,079,281455,24701,23986,944,24930,273
2021-08-20,San Mateo,081,765935,48898,47561,701,48262,551
2021-08-20,Santa Barbara,083,443738,39139,37794,1408,39202,477
2021-08-20,Santa Clara,085,1922200,132878,129510,987,130497,1774
2021-08-20,Santa Cruz,087,273765,18155,17701,911,18612,209
2021-08-20,Shasta,089,179085,14909,14277,2090,16367,215
2021-08-20,Sierra,091,2930,97,83,13,96,0
2021-08-20,Siskiyou,093,43540,2361,2226,623,2849,33
2021-08-20,Solano,095,438530,40452,38214,960,39174,277
2021-08-20,Sonoma,097,501317,36737,35416,439,35855,336
2021-08-20,Stanislaus,099,539301,65480,63219,7211,70430,1047
2021-08-20,Sutter,101,95872,11492,11136,126,11262,133
2021-08-20,Tehama,103,63373,5914,5730,767,6497,66
2021-08-20,Trinity,105,12862,589,422,140,562,3
2021-08-20,Tulare,107,460477,54708,52855,10950,63805,856
2021-08-20,Tuolumne,109,53932,5340,5153,58,5211,73
2021-08-20,Ventura,111,848112,89660,88285,3865,92150,1061
2021-08-20,Yolo,113,214977,16808,16236,742,16978,225
2021-08-20,Yuba,115,75493,7816,7523,172,7695,54
2021-08-19,Alameda,001,1643700,106756,103276,2421,105697,1294
2021-08-19,Alpine,003,1148,91,91,0,91,0
2021-08-19,Amador,005,37829,4455,4317,39,4356,50
2021-08-19,Butte,007,227075,15144,14518,2449,16967,211
2021-08-19,Calaveras,009,45235,2822,2673,20,2693,59
2021-08-19,Colusa,011,21464,2242,2167,454,2621,16
2021-08-19,Contra Costa,013,1133247,86975,83296,1717,85013,852
2021-08-19,Del Norte,015,27424,2581,2257,16,2273,8
2021-08-19,El Dorado,017,186661,13075,12410,1103,13513,118
2021-08-19,Fresno,019,978130,114124,110947,9999,120946,1759
2021-08-19,Glenn,021,27897,2735,2629,684,3313,20
2021-08-19,Humboldt,023,135768,6628,6246,154,6400,52
2021-08-19,Imperial,025,180216,30133,29865,2962,32827,747
2021-08-19,Inyo,027,18085,1503,1494,14,1508,39
2021-08-19,Kern,029,883053,105960,103731,13924,117655,1371
2021-08-19,Kings,031,150075,25875,25128,1361,26489,256
2021-08-19,Lake,033,64148,5185,4991,44,5035,69
2021-08-19,Lassen,035,31185,5626,5520,146,5666,21
2021-08-19,Los Angeles,037,10098052,1331429,1314453,49329,1363782,25020
2021-08-19,Madera,039,155013,18519,17947,1253,19200,246
2021-08-19,Marin,041,260295,16013,15672,325,15997,240
2021-08-19,Mariposa,043,17540,670,618,17,635,5
2021-08-19,Mendocino,045,87422,5490,5167,171,5338,51
2021-08-19,Merced,047,269075,34550,33851,1202,35053,486
2021-08-19,Modoc,049,8938,443,427,155,582,6
2021-08-19,Mono,051,14174,1383,1349,17,1366,3
2021-08-19,Monterey,053,433212,45400,44821,2262,47083,538
2021-08-19,Napa,055,140530,11350,11104,70,11174,83
2021-08-19,Nevada,057,99092,7059,6695,229,6924,77
2021-08-19,Orange,059,3164182,283036,278562,13070,291632,5172
2021-08-19,Placer,061,380077,29649,27953,2484,30437,313
2021-08-19,Plumas,063,18699,952,896,14,910,5
2021-08-19,Riverside,065,2383286,325425,318056,15243,333299,4589
2021-08-19,Sacramento,067,1510023,131989,126720,2749,129469,1801
2021-08-19,San Benito,069,59416,6596,6493,128,6621,64
2021-08-19,San Bernardino,071,2135413,321583,316398,9891,326289,5318
2021-08-19,San Diego,073,3302833,326267,319582,18797,338379,3839
2021-08-19,San Francisco,075,870044,46655,45220,1929,47149,571
2021-08-19,San Joaquin,077,732212,84837,82047,4396,86443,1491
2021-08-19,San Luis Obispo,079,281455,24561,23878,937,24815,271
2021-08-19,San Mateo,081,765935,48763,47431,699,48130,551
2021-08-19,Santa Barbara,083,443738,38994,37693,1405,39098,477
2021-08-19,Santa Clara,085,1922200,132488,129133,980,130113,1774
2021-08-19,Santa Cruz,087,273765,18093,17644,904,18548,209
2021-08-19,Shasta,089,179085,14785,14200,2067,16267,214
2021-08-19,Sierra,091,2930,93,83,13,96,0
2021-08-19,Siskiyou,093,43540,2346,2218,611,2829,33
2021-08-19,Solano,095,438530,40294,38025,948,38973,273
2021-08-19,Sonoma,097,501317,36649,35233,438,35671,336
2021-08-19,Stanislaus,099,539301,65120,62928,7167,70095,1047
2021-08-19,Sutter,101,95872,11408,11057,125,11182,133
2021-08-19,Tehama,103,63373,5878,5683,739,6422,66
2021-08-19,Trinity,105,12862,585,414,138,552,3
2021-08-19,Tulare,107,460477,54477,52685,10886,63571,856
2021-08-19,Tuolumne,109,53932,5304,5112,57,5169,64
2021-08-19,Ventura,111,848112,89457,88073,3850,91923,1060
2021-08-19,Yolo,113,214977,16723,16153,734,16887,225
2021-08-19,Yuba,115,75493,7763,7458,171,7629,51
2021-08-18,Alameda,001,1643700,106343,102696,2399,105095,1294
2021-08-18,Alpine,003,1148,90,91,0,91,0
2021-08-18,Amador,005,37829,4438,4279,38,4317,50
2021-08-18,Butte,007,227075,15034,14426,2423,16849,208
2021-08-18,Calaveras,009,45235,2781,2643,19,2662,59
2021-08-18,Colusa,011,21464,2234,2160,450,2610,16
2021-08-18,Contra Costa,013,1133247,86480,82767,1711,84478,851
2021-08-18,Del Norte,015,27424,2524,2219,16,2235,8
2021-08-18,El Dorado,017,186661,12985,12306,1089,13395,118
2021-08-18,Fresno,019,978130,113671,110523,9944,120467,1759
2021-08-18,Glenn,021,27897,2707,2623,677,3300,20
2021-08-18,Humboldt,023,135768,6556,6195,149,6344,52
2021-08-18,Imperial,025,180216,30100,29821,2960,32781,746
2021-08-18,Inyo,027,18085,1500,1494,14,1508,39
2021-08-18,Kern,029,883053,105612,103440,13829,117269,1370
2021-08-18,Kings,031,150075,25766,24984,1354,26338,256
2021-08-18,Lake,033,64148,5144,4957,43,5000,69
2021-08-18,Lassen,035,31185,5607,5506,145,5651,21
2021-08-18,Los Angeles,037,10098052,1328281,1311477,49197,1360674,24984
2021-08-18,Madera,039,155013,18459,17871,1240,19111,246
2021-08-18,Marin,041,260295,15975,15610,322,15932,240
2021-08-18,Mariposa,043,17540,657,615,16,631,5
2021-08-18,Mendocino,045,87422,5439,5129,168,5297,51
2021-08-18,Merced,047,269075,34385,33708,1191,34899,484
2021-08-18,Modoc,049,8938,443,427,154,581,6
2021-08-18,Mono,051,14174,1380,1344,17,1361,3
2021-08-18,Monterey,053,433212,45316,44735,2246,46981,532
2021-08-18,Napa,055,140530,11311,11060,69,11129,83
2021-08-18,Nevada,057,99092,6993,6633,229,6862,76
2021-08-18,Orange,059,3164182,282395,277795,13014,290809,5168
2021-08-18,Placer,061,380077,29423,27741,2456,30197,312
2021-08-18,Plumas,063,18699,943,874,14,888,5
2021-08-18,Riverside,065,2383286,324425,317107,15209,332316,4585
2021-08-18,Sacramento,067,1510023,131229,125599,2717,128316,1781
2021-08-18,San Benito,069,59416,6585,6481,127,6608,64
2021-08-18,San Bernardino,071,2135413,320782,315477,9872,325349,5304
2021-08-18,San Diego,073,3302833,324923,318152,18732,336884,3834
2021-08-18,San Francisco,075,870044,46450,44957,1919,46876,568
2021-08-18,San Joaquin,077,732212,84386,81601,4366,85967,1491
2021-08-18,San Luis Obispo,079,281455,24410,23726,926,24652,270
2021-08-18,San Mateo,081,765935,48595,47255,698,47953,551
2021-08-18,Santa Barbara,083,443738,38862,37599,1399,38998,475
2021-08-18,Santa Clara,085,1922200,132124,128563,977,129540,1773
2021-08-18,Santa Cruz,087,273765,18038,17566,900,18466,209
2021-08-18,Shasta,089,179085,14686,14087,2048,16135,213
2021-08-18,Sierra,091,2930,92,83,13,96,0
2021-08-18,Siskiyou,093,43540,2317,2204,599,2803,33
2021-08-18,Solano,095,438530,40088,37812,933,38745,271
2021-08-18,Sonoma,097,501317,36506,35063,437,35500,333
2021-08-18,Stanislaus,099,539301,64770,62613,7124,69737,1047
2021-08-18,Sutter,101,95872,11336,11004,120,11124,130
2021-08-18,Tehama,103,63373,5843,5653,729,6382,66
2021-08-18,Trinity,105,12862,578,409,135,544,3
2021-08-18,Tulare,107,460477,54237,52486,10817,63303,856
2021-08-18,Tuolumne,109,53932,5268,5081,55,5136,64
2021-08-18,Ventura,111,848112,89225,87835,3840,91675,1055
2021-08-18,Yolo,113,214977,16640,16047,715,16762,225
2021-08-18,Yuba,115,75493,7698,7391,171,7562,51
2021-08-17,Alameda,001,1643700,105928,102379,2383,104762,1290
2021-08-17,Alpine,003,1148,90,91,0,91,0
2021-08-17,Amador,005,37829,4409,4266,38,4304,50
2021-08-17,Butte,007,227075,14927,14357,2389,16746,206
2021-08-17,Calaveras,009,45235,2740,2624,19,2643,59
2021-08-17,Colusa,011,21464,2225,2156,446,2602,16
2021-08-17,Contra Costa,013,1133247,86032,82482,1700,84182,848
2021-08-17,Del Norte,015,27424,2470,2188,16,2204,8
2021-08-17,El Dorado,017,186661,12897,12242,1075,13317,118
2021-08-17,Fresno,019,978130,113189,110263,9883,120146,1755
2021-08-17,Glenn,021,27897,2693,2608,670,3278,20
2021-08-17,Humboldt,023,135768,6478,6155,147,6302,52
2021-08-17,Imperial,025,180216,30049,29768,2956,32724,746
2021-08-17,Inyo,027,18085,1497,1492,14,1506,39
2021-08-17,Kern,029,883053,105217,103048,13705,116753,1367
2021-08-17,Kings,031,150075,25659,24930,1343,26273,254
2021-08-17,Lake,033,64148,5101,4930,37,4967,68
2021-08-17,Lassen,035,31185,5590,5499,143,5642,21
2021-08-17,Los Angeles,037,10098052,1324736,1307999,49065,1357064,24952
2021-08-17,Madera,039,155013,18385,17838,1220,19058,246
2021-08-17,Marin,041,260295,15920,15570,322,15892,240
2021-08-17,Mariposa,043,17540,649,609,15,624,5
2021-08-17,Mendocino,045,87422,5384,5097,168,5265,51
2021-08-17,Merced,047,269075,34237,33508,1178,34686,482
2021-08-17,Modoc,049,8938,440,424,152,576,6
2021-08-17,Mono,051,14174,1375,1341,17,1358,3
2021-08-17,Monterey,053,433212,45233,44672,2236,46908,528
2021-08-17,Napa,055,140530,11270,11007,68,11075,83
2021-08-17,Nevada,057,99092,6918,6605,227,6832,75
2021-08-17,Orange,059,3164182,281753,277121,12978,290099,5164
2021-08-17,Placer,061,380077,29208,27634,2427,30061,312
2021-08-17,Plumas,063,18699,931,860,14,874,5
2021-08-17,Riverside,065,2383286,323413,316051,15166,331217,4582
2021-08-17,Sacramento,067,1510023,130436,125151,2674,127825,1774
2021-08-17,San Benito,069,59416,6566,6470,127,6597,64
2021-08-17,San Bernardino,071,2135413,319844,314402,9831,324233,5302
2021-08-17,San Diego,073,3302833,323307,317058,18636,335694,3824
2021-08-17,San Francisco,075,870044,46251,44820,1913,46733,567
2021-08-17,San Joaquin,077,732212,83917,81300,4334,85634,1489
2021-08-17,San Luis Obispo,079,281455,24253,23556,923,24479,268
2021-08-17,San Mateo,081,765935,48438,47127,693,47820,551
2021-08-17,Santa Barbara,083,443738,38707,37478,1391,38869,475
2021-08-17,Santa Clara,085,1922200,131722,128354,972,129326,1773
2021-08-17,Santa Cruz,087,273765,17952,17528,899,18427,209
2021-08-17,Shasta,089,179085,14555,14012,2029,16041,214
2021-08-17,Sierra,091,2930,91,82,13,95,0
2021-08-17,Siskiyou,093,43540,2301,2183,586,2769,33
2021-08-17,Solano,095,438530,39859,37662,920,38582,269
2021-08-17,Sonoma,097,501317,36358,34943,433,35376,333
2021-08-17,Stanislaus,099,539301,64417,62385,7064,69449,1047
2021-08-17,Sutter,101,95872,11264,10973,120,11093,130
2021-08-17,Tehama,103,63373,5809,5612,707,6319,66
2021-08-17,Trinity,105,12862,573,406,132,538,3
2021-08-17,Tulare,107,460477,53969,52362,10749,63111,856
2021-08-17,Tuolumne,109,53932,5225,5042,54,5096,64
2021-08-17,Ventura,111,848112,88987,87601,3819,91420,1053
2021-08-17,Yolo,113,214977,16551,15975,701,16676,225
2021-08-17,Yuba,115,75493,7627,7355,171,7526,51
2021-08-16,Alameda,001,1643700,105424,102052,2371,104423,1287
2021-08-16,Alpine,003,1148,90,91,0,91,0
2021-08-16,Amador,005,37829,4399,4235,38,4273,50
2021-08-16,Butte,007,227075,14809,14283,2356,16639,206
2021-08-16,Calaveras,009,45235,2682,2609,18,2627,57
2021-08-16,Colusa,011,21464,2214,2147,442,2589,16
2021-08-16,Contra Costa,013,1133247,85490,82070,1690,83760,848
2021-08-16,Del Norte,015,27424,2393,2125,16,2141,8
2021-08-16,El Dorado,017,186661,12795,12139,1062,13201,118
2021-08-16,Fresno,019,978130,112689,109623,9836,119459,1753
2021-08-16,Glenn,021,27897,2674,2593,664,3257,20
2021-08-16,Humboldt,023,135768,6407,6064,125,6189,52
2021-08-16,Imperial,025,180216,30009,29737,2940,32677,746
2021-08-16,Inyo,027,18085,1494,1490,14,1504,39
2021-08-16,Kern,029,883053,104842,102690,13589,116279,1367
2021-08-16,Kings,031,150075,25558,24817,1333,26150,254
2021-08-16,Lake,033,64148,5074,4898,36,4934,68
2021-08-16,Lassen,035,31185,5574,5481,135,5616,21
2021-08-16,Los Angeles,037,10098052,1321356,1305330,48919,1354249,24923
2021-08-16,Madera,039,155013,18310,17756,1199,18955,246
2021-08-16,Marin,041,260295,15861,15497,320,15817,239
2021-08-16,Mariposa,043,17540,632,597,15,612,5
2021-08-16,Mendocino,045,87422,5328,5037,166,5203,49
2021-08-16,Merced,047,269075,34036,33364,1166,34530,481
2021-08-16,Modoc,049,8938,438,421,151,572,5
2021-08-16,Mono,051,14174,1369,1339,17,1356,3
2021-08-16,Monterey,053,433212,45154,44595,2224,46819,527
2021-08-16,Napa,055,140530,11241,10946,68,11014,83
2021-08-16,Nevada,057,99092,6862,6535,226,6761,74
2021-08-16,Orange,059,3164182,280959,275985,12933,288918,5161
2021-08-16,Placer,061,380077,29025,27384,2394,29778,306
2021-08-16,Plumas,063,18699,920,851,14,865,5
2021-08-16,Riverside,065,2383286,322323,314774,15129,329903,4582
2021-08-16,Sacramento,067,1510023,129626,124554,2631,127185,1762
2021-08-16,San Benito,069,59416,6542,6452,127,6579,64
2021-08-16,San Bernardino,071,2135413,318880,313617,9804,323421,5301
2021-08-16,San Diego,073,3302833,321701,315348,18501,333849,3824
2021-08-16,San Francisco,075,870044,46048,44681,1904,46585,567
2021-08-16,San Joaquin,077,732212,83413,81087,4307,85394,1488
2021-08-16,San Luis Obispo,079,281455,24103,23452,915,24367,265
2021-08-16,San Mateo,081,765935,48256,47024,686,47710,548
2021-08-16,Santa Barbara,083,443738,38540,37358,1386,38744,475
2021-08-16,Santa Clara,085,1922200,131257,127978,968,128946,1773
2021-08-16,Santa Cruz,087,273765,17890,17491,893,18384,209
2021-08-16,Shasta,089,179085,14464,13862,2012,15874,211
2021-08-16,Sierra,091,2930,88,82,13,95,0
2021-08-16,Siskiyou,093,43540,2284,2169,566,2735,33
2021-08-16,Solano,095,438530,39578,37436,906,38342,263
2021-08-16,Sonoma,097,501317,36188,34844,431,35275,333
2021-08-16,Stanislaus,099,539301,64054,62033,7013,69046,1039
2021-08-16,Sutter,101,95872,11195,10902,119,11021,130
2021-08-16,Tehama,103,63373,5745,5565,702,6267,66
2021-08-16,Trinity,105,12862,567,400,131,531,3
2021-08-16,Tulare,107,460477,53725,52162,10679,62841,856
2021-08-16,Tuolumne,109,53932,5186,4984,53,5037,64
2021-08-16,Ventura,111,848112,88742,86954,3801,90755,1052
2021-08-16,Yolo,113,214977,16450,15922,693,16615,225
2021-08-16,Yuba,115,75493,7543,7314,170,7484,51
2021-08-15,Alameda,001,1643700,104929,101660,2354,104014,1287
2021-08-15,Alpine,003,1148,90,91,0,91,0
2021-08-15,Amador,005,37829,4371,4231,38,4269,49
2021-08-15,Butte,007,227075,14684,14263,2332,16595,206
2021-08-15,Calaveras,009,45235,2635,2599,18,2617,57
2021-08-15,Colusa,011,21464,2202,2140,432,2572,16
2021-08-15,Contra Costa,013,1133247,85007,81781,1675,83456,848
2021-08-15,Del Norte,015,27424,2326,2060,16,2076,8
2021-08-15,El Dorado,017,186661,12660,12057,1045,13102,118
2021-08-15,Fresno,019,978130,112217,109382,9773,119155,1753
2021-08-15,Glenn,021,27897,2650,2592,652,3244,20
2021-08-15,Humboldt,023,135768,6333,6024,119,6143,52
2021-08-15,Imperial,025,180216,29942,29711,2936,32647,746
2021-08-15,Inyo,027,18085,1493,1489,14,1503,39
2021-08-15,Kern,029,883053,104398,102524,13476,116000,1367
2021-08-15,Kings,031,150075,25413,24736,1323,26059,254
2021-08-15,Lake,033,64148,5015,4886,35,4921,68
2021-08-15,Lassen,035,31185,5557,5482,134,5616,21
2021-08-15,Los Angeles,037,10098052,1317827,1302882,48744,1351626,24918
2021-08-15,Madera,039,155013,18222,17714,1184,18898,246
2021-08-15,Marin,041,260295,15802,15461,318,15779,239
2021-08-15,Mariposa,043,17540,625,591,14,605,5
2021-08-15,Mendocino,045,87422,5272,5022,160,5182,49
2021-08-15,Merced,047,269075,33792,33305,1155,34460,481
2021-08-15,Modoc,049,8938,436,421,151,572,5
2021-08-15,Mono,051,14174,1362,1334,17,1351,3
2021-08-15,Monterey,053,433212,45031,44567,2202,46769,527
2021-08-15,Napa,055,140530,11186,10919,68,10987,83
2021-08-15,Nevada,057,99092,6778,6486,226,6712,74
2021-08-15,Orange,059,3164182,280183,275447,12892,288339,5161
2021-08-15,Placer,061,380077,28803,27220,2346,29566,306
2021-08-15,Plumas,063,18699,908,850,14,864,5
2021-08-15,Riverside,065,2383286,321184,314133,15101,329234,4582
2021-08-15,Sacramento,067,1510023,128811,123924,2599,126523,1761
2021-08-15,San Benito,069,59416,6524,6446,126,6572,64
2021-08-15,San Bernardino,071,2135413,317806,313120,9772,322892,5301
2021-08-15,San Diego,073,3302833,320216,314247,18386,332633,3824
2021-08-15,San Francisco,075,870044,45820,44531,1886,46417,567
2021-08-15,San Joaquin,077,732212,82924,80832,4267,85099,1488
2021-08-15,San Luis Obispo,079,281455,23906,23404,905,24309,265
2021-08-15,San Mateo,081,765935,48070,46897,680,47577,548
2021-08-15,Santa Barbara,083,443738,38369,37276,1379,38655,475
2021-08-15,Santa Clara,085,1922200,130824,127715,962,128677,1773
2021-08-15,Santa Cruz,087,273765,17820,17440,886,18326,209
2021-08-15,Shasta,089,179085,14361,13835,1986,15821,211
2021-08-15,Sierra,091,2930,87,82,12,94,0
2021-08-15,Siskiyou,093,43540,2263,2169,552,2721,33
2021-08-15,Solano,095,438530,39323,37320,895,38215,263
2021-08-15,Sonoma,097,501317,35992,34706,423,35129,333
2021-08-15,Stanislaus,099,539301,63664,61795,6935,68730,1039
2021-08-15,Sutter,101,95872,11104,10863,119,10982,130
2021-08-15,Tehama,103,63373,5696,5550,696,6246,66
2021-08-15,Trinity,105,12862,563,400,130,530,3
2021-08-15,Tulare,107,460477,53469,52046,10619,62665,856
2021-08-15,Tuolumne,109,53932,5148,4934,51,4985,64
2021-08-15,Ventura,111,848112,88437,86797,3787,90584,1052
2021-08-15,Yolo,113,214977,16354,15873,683,16556,225
2021-08-15,Yuba,115,75493,7466,7265,169,7434,51
2021-08-14,Alameda,001,1643700,104710,101305,2350,103655,1287
2021-08-14,Alpine,003,1148,90,91,0,91,0
2021-08-14,Amador,005,37829,4353,4206,38,4244,49
2021-08-14,Butte,007,227075,14647,14192,2316,16508,206
2021-08-14,Calaveras,009,45235,2630,2579,18,2597,57
2021-08-14,Colusa,011,21464,2192,2134,428,2562,16
2021-08-14,Contra Costa,013,1133247,84758,81458,1667,83125,848
2021-08-14,Del Norte,015,27424,2299,2015,16,2031,8
2021-08-14,El Dorado,017,186661,12624,12019,1036,13055,118
2021-08-14,Fresno,019,978130,112059,109056,9743,118799,1753
2021-08-14,Glenn,021,27897,2639,2583,650,3233,20
2021-08-14,Humboldt,023,135768,6279,5998,115,6113,52
2021-08-14,Imperial,025,180216,29915,29671,2936,32607,746
2021-08-14,Inyo,027,18085,1491,1487,14,1501,39
2021-08-14,Kern,029,883053,104203,102306,13380,115686,1367
2021-08-14,Kings,031,150075,25315,24647,1314,25961,254
2021-08-14,Lake,033,64148,4998,4850,34,4884,68
2021-08-14,Lassen,035,31185,5550,5475,133,5608,21
2021-08-14,Los Angeles,037,10098052,1316055,1299346,48605,1347951,24911
2021-08-14,Madera,039,155013,18175,17691,1179,18870,246
2021-08-14,Marin,041,260295,15768,15441,318,15759,239
2021-08-14,Mariposa,043,17540,621,584,14,598,5
2021-08-14,Mendocino,045,87422,5236,4977,157,5134,49
2021-08-14,Merced,047,269075,33728,33234,1149,34383,481
2021-08-14,Modoc,049,8938,436,421,151,572,5
2021-08-14,Mono,051,14174,1359,1332,17,1349,3
2021-08-14,Monterey,053,433212,44987,44514,2199,46713,527
2021-08-14,Napa,055,140530,11156,10878,67,10945,83
2021-08-14,Nevada,057,99092,6743,6419,225,6644,74
2021-08-14,Orange,059,3164182,279751,274732,12864,287596,5161
2021-08-14,Placer,061,380077,28657,27115,2322,29437,306
2021-08-14,Plumas,063,18699,898,849,14,863,5
2021-08-14,Riverside,065,2383286,320469,313264,15080,328344,4582
2021-08-14,Sacramento,067,1510023,128317,123438,2581,126019,1758
2021-08-14,San Benito,069,59416,6511,6428,126,6554,64
2021-08-14,San Bernardino,071,2135413,317258,312142,9751,321893,5301
2021-08-14,San Diego,073,3302833,319545,313589,18318,331907,3824
2021-08-14,San Francisco,075,870044,45691,44353,1867,46220,567
2021-08-14,San Joaquin,077,732212,82708,80585,4252,84837,1488
2021-08-14,San Luis Obispo,079,281455,23845,23328,902,24230,265
2021-08-14,San Mateo,081,765935,47951,46792,676,47468,548
2021-08-14,Santa Barbara,083,443738,38275,37118,1376,38494,475
2021-08-14,Santa Clara,085,1922200,130545,127432,959,128391,1772
2021-08-14,Santa Cruz,087,273765,17781,17384,885,18269,209
2021-08-14,Shasta,089,179085,14286,13813,1965,15778,211
2021-08-14,Sierra,091,2930,86,81,12,93,0
2021-08-14,Siskiyou,093,43540,2253,2160,542,2702,33
2021-08-14,Solano,095,438530,39236,37237,883,38120,263
2021-08-14,Sonoma,097,501317,35869,34606,421,35027,333
2021-08-14,Stanislaus,099,539301,63474,61564,6890,68454,1039
2021-08-14,Sutter,101,95872,11059,10808,118,10926,130
2021-08-14,Tehama,103,63373,5672,5530,692,6222,66
2021-08-14,Trinity,105,12862,557,399,130,529,3
2021-08-14,Tulare,107,460477,53333,51951,10573,62524,856
2021-08-14,Tuolumne,109,53932,5113,4924,51,4975,64
2021-08-14,Ventura,111,848112,88280,86569,3767,90336,1052
2021-08-14,Yolo,113,214977,16309,15815,673,16488,225
2021-08-14,Yuba,115,75493,7417,7223,169,7392,51
2021-08-13,Alameda,001,1643700,104409,100930,2342,103272,1284
2021-08-13,Alpine,003,1148,90,91,0,91,0
2021-08-13,Amador,005,37829,4325,4169,38,4207,49
2021-08-13,Butte,007,227075,14576,14100,2300,16400,206
2021-08-13,Calaveras,009,45235,2620,2564,18,2582,57
2021-08-13,Colusa,011,21464,2185,2123,423,2546,16
2021-08-13,Contra Costa,013,1133247,84445,81046,1659,82705,848
2021-08-13,Del Norte,015,27424,2258,1973,16,1989,8
2021-08-13,El Dorado,017,186661,12585,11951,1024,12975,118
2021-08-13,Fresno,019,978130,111770,108638,9722,118360,1753
2021-08-13,Glenn,021,27897,2628,2574,648,3222,20
2021-08-13,Humboldt,023,135768,6232,5882,112,5994,52
2021-08-13,Imperial,025,180216,29888,29654,2935,32589,745
2021-08-13,Inyo,027,18085,1490,1484,14,1498,39
2021-08-13,Kern,029,883053,103995,102029,13271,115300,1364
2021-08-13,Kings,031,150075,25230,24531,1307,25838,253
2021-08-13,Lake,033,64148,4975,4811,33,4844,68
2021-08-13,Lassen,035,31185,5542,5455,132,5587,21
2021-08-13,Los Angeles,037,10098052,1313740,1295406,48469,1343875,24891
2021-08-13,Madera,039,155013,18126,17614,1170,18784,246
2021-08-13,Marin,041,260295,15738,15380,318,15698,239
2021-08-13,Mariposa,043,17540,615,577,14,591,5
2021-08-13,Mendocino,045,87422,5189,4924,155,5079,49
2021-08-13,Merced,047,269075,33680,33111,1144,34255,480
2021-08-13,Modoc,049,8938,435,421,150,571,5
2021-08-13,Mono,051,14174,1357,1331,17,1348,3
2021-08-13,Monterey,053,433212,44927,44450,2197,46647,527
2021-08-13,Napa,055,140530,11120,10830,67,10897,83
2021-08-13,Nevada,057,99092,6702,6356,224,6580,74
2021-08-13,Orange,059,3164182,279257,274004,12815,286819,5159
2021-08-13,Placer,061,380077,28557,26987,2295,29282,306
2021-08-13,Plumas,063,18699,884,842,14,856,5
2021-08-13,Riverside,065,2383286,319731,312408,15055,327463,4581
2021-08-13,Sacramento,067,1510023,127850,122868,2553,125421,1758
2021-08-13,San Benito,069,59416,6505,6422,124,6546,64
2021-08-13,San Bernardino,071,2135413,316590,311378,9732,321110,5301
2021-08-13,San Diego,073,3302833,318499,312293,18238,330531,3821
2021-08-13,San Francisco,075,870044,45554,44196,1844,46040,567
2021-08-13,San Joaquin,077,732212,82491,80232,4236,84468,1481
2021-08-13,San Luis Obispo,079,281455,23783,23226,899,24125,265
2021-08-13,San Mateo,081,765935,47831,46660,675,47335,548
2021-08-13,Santa Barbara,083,443738,38191,37023,1372,38395,474
2021-08-13,Santa Clara,085,1922200,130258,126958,954,127912,1769
2021-08-13,Santa Cruz,087,273765,17742,17332,878,18210,209
2021-08-13,Shasta,089,179085,14223,13698,1951,15649,211
2021-08-13,Sierra,091,2930,85,81,12,93,0
2021-08-13,Siskiyou,093,43540,2244,2147,538,2685,33
2021-08-13,Solano,095,438530,39102,37104,875,37979,264
2021-08-13,Sonoma,097,501317,35764,34464,421,34885,333
2021-08-13,Stanislaus,099,539301,63290,61294,6848,68142,1039
2021-08-13,Sutter,101,95872,11015,10751,117,10868,130
2021-08-13,Tehama,103,63373,5648,5496,690,6186,66
2021-08-13,Trinity,105,12862,553,392,130,522,3
2021-08-13,Tulare,107,460477,53229,51770,10498,62268,856
2021-08-13,Tuolumne,109,53932,5080,4899,50,4949,64
2021-08-13,Ventura,111,848112,88122,86368,3754,90122,1052
2021-08-13,Yolo,113,214977,16256,15761,663,16424,225
2021-08-13,Yuba,115,75493,7379,7184,169,7353,51
2021-08-12,Alameda,001,1643700,103906,100472,2329,102801,1284
2021-08-12,Alpine,003,1148,90,91,0,91,0
2021-08-12,Amador,005,37829,4295,4161,37,4198,49
2021-08-12,Butte,007,227075,14498,14006,2282,16288,206
2021-08-12,Calaveras,009,45235,2600,2531,18,2549,57
2021-08-12,Colusa,011,21464,2180,2111,422,2533,17
2021-08-12,Contra Costa,013,1133247,83964,80738,1644,82382,846
2021-08-12,Del Norte,015,27424,2186,1923,16,1939,8
2021-08-12,El Dorado,017,186661,12471,11880,1016,12896,118
2021-08-12,Fresno,019,978130,111354,108193,9661,117854,1753
2021-08-12,Glenn,021,27897,2620,2559,642,3201,20
2021-08-12,Humboldt,023,135768,6162,5845,108,5953,52
2021-08-12,Imperial,025,180216,29832,29585,2929,32514,745
2021-08-12,Inyo,027,18085,1488,1483,14,1497,39
2021-08-12,Kern,029,883053,103706,101698,13191,114889,1364
2021-08-12,Kings,031,150075,25130,24423,1298,25721,252
2021-08-12,Lake,033,64148,4949,4774,33,4807,68
2021-08-12,Lassen,035,31185,5520,5428,131,5559,21
2021-08-12,Los Angeles,037,10098052,1310553,1291875,48334,1340209,24874
2021-08-12,Madera,039,155013,18062,17564,1158,18722,246
2021-08-12,Marin,041,260295,15689,15277,314,15591,239
2021-08-12,Mariposa,043,17540,606,568,13,581,5
2021-08-12,Mendocino,045,87422,5160,4873,149,5022,49
2021-08-12,Merced,047,269075,33556,32960,1137,34097,480
2021-08-12,Modoc,049,8938,434,423,150,573,5
2021-08-12,Mono,051,14174,1352,1325,17,1342,3
2021-08-12,Monterey,053,433212,44851,44383,2180,46563,527
2021-08-12,Napa,055,140530,11071,10780,66,10846,83
2021-08-12,Nevada,057,99092,6641,6283,224,6507,74
2021-08-12,Orange,059,3164182,278580,273167,12757,285924,5158
2021-08-12,Placer,061,380077,28357,26856,2271,29127,306
2021-08-12,Plumas,063,18699,876,829,14,843,5
2021-08-12,Riverside,065,2383286,318722,311304,15022,326326,4575
2021-08-12,Sacramento,067,1510023,127079,122222,2523,124745,1758
2021-08-12,San Benito,069,59416,6488,6398,122,6520,64
2021-08-12,San Bernardino,071,2135413,315716,310420,9703,320123,5297
2021-08-12,San Diego,073,3302833,317121,310596,18153,328749,3821
2021-08-12,San Francisco,075,870044,45346,43774,1831,45605,564
2021-08-12,San Joaquin,077,732212,82096,79945,4214,84159,1479
2021-08-12,San Luis Obispo,079,281455,23682,23101,886,23987,264
2021-08-12,San Mateo,081,765935,47687,46435,672,47107,548
2021-08-12,Santa Barbara,083,443738,38054,36881,1363,38244,473
2021-08-12,Santa Clara,085,1922200,129809,126614,948,127562,1769
2021-08-12,Santa Cruz,087,273765,17678,17261,877,18138,209
2021-08-12,Shasta,089,179085,14137,13621,1924,15545,211
2021-08-12,Sierra,091,2930,85,81,12,93,0
2021-08-12,Siskiyou,093,43540,2237,2134,528,2662,33
2021-08-12,Solano,095,438530,38873,36980,866,37846,262
2021-08-12,Sonoma,097,501317,35616,34299,418,34717,333
2021-08-12,Stanislaus,099,539301,63015,61026,6789,67815,1039
2021-08-12,Sutter,101,95872,10954,10695,115,10810,130
2021-08-12,Tehama,103,63373,5618,5462,681,6143,66
2021-08-12,Trinity,105,12862,549,386,129,515,3
2021-08-12,Tulare,107,460477,53084,51632,10448,62080,856
2021-08-12,Tuolumne,109,53932,5033,4845,48,4893,64
2021-08-12,Ventura,111,848112,87886,86106,3730,89836,1052
2021-08-12,Yolo,113,214977,16185,15686,650,16336,224
2021-08-12,Yuba,115,75493,7331,7128,168,7296,51
2021-08-11,Alameda,001,1643700,103377,100040,2325,102365,1281
2021-08-11,Alpine,003,1148,90,91,0,91,0
2021-08-11,Amador,005,37829,4271,4127,37,4164,49
2021-08-11,Butte,007,227075,14394,13905,2257,16162,206
2021-08-11,Calaveras,009,45235,2578,2505,18,2523,57
2021-08-11,Colusa,011,21464,2170,2101,420,2521,16
2021-08-11,Contra Costa,013,1133247,83465,80275,1627,81902,843
2021-08-11,Del Norte,015,27424,2127,1893,16,1909,8
2021-08-11,El Dorado,017,186661,12358,11799,1004,12803,119
2021-08-11,Fresno,019,978130,110895,107773,9619,117392,1751
2021-08-11,Glenn,021,27897,2612,2547,635,3182,20
2021-08-11,Humboldt,023,135768,6115,5765,107,5872,52
2021-08-11,Imperial,025,180216,29789,29565,2925,32490,745
2021-08-11,Inyo,027,18085,1488,1483,14,1497,39
2021-08-11,Kern,029,883053,103392,101448,13080,114528,1363
2021-08-11,Kings,031,150075,25017,24304,1289,25593,250
2021-08-11,Lake,033,64148,4912,4713,32,4745,68
2021-08-11,Lassen,035,31185,5511,5408,129,5537,21
2021-08-11,Los Angeles,037,10098052,1307234,1288238,48146,1336384,24851
2021-08-11,Madera,039,155013,18012,17511,1147,18658,245
2021-08-11,Marin,041,260295,15640,15235,314,15549,239
2021-08-11,Mariposa,043,17540,596,554,12,566,5
2021-08-11,Mendocino,045,87422,5091,4796,141,4937,49
2021-08-11,Merced,047,269075,33422,32802,1133,33935,479
2021-08-11,Modoc,049,8938,434,421,150,571,5
2021-08-11,Mono,051,14174,1347,1320,17,1337,3
2021-08-11,Monterey,053,433212,44752,44314,2162,46476,527
2021-08-11,Napa,055,140530,11030,10732,66,10798,83
2021-08-11,Nevada,057,99092,6587,6172,221,6393,74
2021-08-11,Orange,059,3164182,277728,272212,12710,284922,5155
2021-08-11,Placer,061,380077,28145,26687,2245,28932,305
2021-08-11,Plumas,063,18699,866,824,14,838,5
2021-08-11,Riverside,065,2383286,317729,310265,14987,325252,4570
2021-08-11,Sacramento,067,1510023,126286,121603,2480,124083,1757
2021-08-11,San Benito,069,59416,6475,6381,122,6503,64
2021-08-11,San Bernardino,071,2135413,314823,309498,9681,319179,5296
2021-08-11,San Diego,073,3302833,315635,309406,18054,327460,3818
2021-08-11,San Francisco,075,870044,45121,43555,1823,45378,564
2021-08-11,San Joaquin,077,732212,81688,79641,4187,83828,1478
2021-08-11,San Luis Obispo,079,281455,23578,22920,879,23799,264
2021-08-11,San Mateo,081,765935,47519,46300,669,46969,548
2021-08-11,Santa Barbara,083,443738,37891,36699,1354,38053,472
2021-08-11,Santa Clara,085,1922200,129329,126301,940,127241,1769
2021-08-11,Santa Cruz,087,273765,17612,17191,874,18065,209
2021-08-11,Shasta,089,179085,14063,13546,1908,15454,211
2021-08-11,Sierra,091,2930,84,81,12,93,0
2021-08-11,Siskiyou,093,43540,2223,2124,521,2645,33
2021-08-11,Solano,095,438530,38637,36862,852,37714,262
2021-08-11,Sonoma,097,501317,35439,34188,413,34601,333
2021-08-11,Stanislaus,099,539301,62672,60767,6759,67526,1037
2021-08-11,Sutter,101,95872,10882,10628,115,10743,130
2021-08-11,Tehama,103,63373,5588,5410,664,6074,66
2021-08-11,Trinity,105,12862,547,385,129,514,3
2021-08-11,Tulare,107,460477,52915,51464,10403,61867,854
2021-08-11,Tuolumne,109,53932,5001,4794,48,4842,64
2021-08-11,Ventura,111,848112,87634,85863,3709,89572,1051
2021-08-11,Yolo,113,214977,16110,15593,636,16229,218
2021-08-11,Yuba,115,75493,7272,7063,167,7230,53
2021-08-10,Alameda,001,1643700,102888,99771,2317,102088,1281
2021-08-10,Alpine,003,1148,90,91,0,91,0
2021-08-10,Amador,005,37829,4255,4093,37,4130,49
2021-08-10,Butte,007,227075,14310,13853,2235,16088,205
2021-08-10,Calaveras,009,45235,2555,2491,16,2507,57
2021-08-10,Colusa,011,21464,2157,2088,411,2499,16
2021-08-10,Contra Costa,013,1133247,82924,80018,1617,81635,840
2021-08-10,Del Norte,015,27424,2083,1870,16,1886,8
2021-08-10,El Dorado,017,186661,12259,11734,994,12728,117
2021-08-10,Fresno,019,978130,110442,107616,9569,117185,1747
2021-08-10,Glenn,021,27897,2599,2538,626,3164,20
2021-08-10,Humboldt,023,135768,6061,5718,104,5822,52
2021-08-10,Imperial,025,180216,29754,29522,2919,32441,745
2021-08-10,Inyo,027,18085,1488,1482,14,1496,39
2021-08-10,Kern,029,883053,103063,101254,12984,114238,1359
2021-08-10,Kings,031,150075,24890,24252,1273,25525,251
2021-08-10,Lake,033,64148,4871,4700,32,4732,67
2021-08-10,Lassen,035,31185,5493,5401,129,5530,21
2021-08-10,Los Angeles,037,10098052,1303489,1285140,47982,1333122,24821
2021-08-10,Madera,039,155013,17939,17481,1137,18618,245
2021-08-10,Marin,041,260295,15593,15194,314,15508,239
2021-08-10,Mariposa,043,17540,583,550,12,562,5
2021-08-10,Mendocino,045,87422,5046,4775,138,4913,49
2021-08-10,Merced,047,269075,33274,32721,1125,33846,477
2021-08-10,Modoc,049,8938,433,421,150,571,5
2021-08-10,Mono,051,14174,1342,1320,17,1337,3
2021-08-10,Monterey,053,433212,44690,44259,2147,46406,527
2021-08-10,Napa,055,140530,10974,10703,65,10768,83
2021-08-10,Nevada,057,99092,6521,6151,220,6371,73
2021-08-10,Orange,059,3164182,276847,271688,12663,284351,5155
2021-08-10,Placer,061,380077,27926,26561,2203,28764,305
2021-08-10,Plumas,063,18699,857,816,14,830,5
2021-08-10,Riverside,065,2383286,316614,309529,14961,324490,4564
2021-08-10,Sacramento,067,1510023,125434,121159,2450,123609,1755
2021-08-10,San Benito,069,59416,6461,6371,122,6493,64
2021-08-10,San Bernardino,071,2135413,313903,308672,9664,318336,5295
2021-08-10,San Diego,073,3302833,313972,308288,17978,326266,3815
2021-08-10,San Francisco,075,870044,44865,43389,1807,45196,564
2021-08-10,San Joaquin,077,732212,81289,79391,4170,83561,1478
2021-08-10,San Luis Obispo,079,281455,23452,22776,877,23653,264
2021-08-10,San Mateo,081,765935,47345,46184,667,46851,548
2021-08-10,Santa Barbara,083,443738,37727,36574,1347,37921,472
2021-08-10,Santa Clara,085,1922200,128867,126019,933,126952,1770
2021-08-10,Santa Cruz,087,273765,17529,17142,872,18014,209
2021-08-10,Shasta,089,179085,13985,13461,1884,15345,211
2021-08-10,Sierra,091,2930,84,76,12,88,0
2021-08-10,Siskiyou,093,43540,2214,2088,514,2602,33
2021-08-10,Solano,095,438530,38392,36767,841,37608,262
2021-08-10,Sonoma,097,501317,35294,34054,410,34464,333
2021-08-10,Stanislaus,099,539301,62323,60605,6722,67327,1037
2021-08-10,Sutter,101,95872,10817,10569,115,10684,130
2021-08-10,Tehama,103,63373,5559,5392,659,6051,66
2021-08-10,Trinity,105,12862,547,384,129,513,3
2021-08-10,Tulare,107,460477,52751,51390,10351,61741,854
2021-08-10,Tuolumne,109,53932,4972,4780,46,4826,64
2021-08-10,Ventura,111,848112,87344,85714,3688,89402,1051
2021-08-10,Yolo,113,214977,16022,15568,626,16194,218
2021-08-10,Yuba,115,75493,7222,7028,167,7195,50
2021-08-09,Alameda,001,1643700,102327,99496,2313,101809,1276
2021-08-09,Alpine,003,1148,90,91,0,91,0
2021-08-09,Amador,005,37829,4229,4078,37,4115,48
2021-08-09,Butte,007,227075,14215,13813,2204,16017,205
2021-08-09,Calaveras,009,45235,2527,2472,16,2488,57
2021-08-09,Colusa,011,21464,2147,2075,403,2478,16
2021-08-09,Contra Costa,013,1133247,82379,79740,1605,81345,840
2021-08-09,Del Norte,015,27424,2015,1848,16,1864,8
2021-08-09,El Dorado,017,186661,12151,11672,980,12652,117
2021-08-09,Fresno,019,978130,109950,107310,9533,116843,1747
2021-08-09,Glenn,021,27897,2588,2532,616,3148,20
2021-08-09,Humboldt,023,135768,5970,5632,102,5734,52
2021-08-09,Imperial,025,180216,29710,29512,2914,32426,745
2021-08-09,Inyo,027,18085,1488,1481,14,1495,39
2021-08-09,Kern,029,883053,102752,101069,12898,113967,1359
2021-08-09,Kings,031,150075,24782,24155,1258,25413,250
2021-08-09,Lake,033,64148,4836,4670,30,4700,66
2021-08-09,Lassen,035,31185,5471,5393,128,5521,21
2021-08-09,Los Angeles,037,10098052,1299488,1282891,47789,1330680,24798
2021-08-09,Madera,039,155013,17880,17429,1117,18546,245
2021-08-09,Marin,041,260295,15540,15154,313,15467,239
2021-08-09,Mariposa,043,17540,570,545,12,557,5
2021-08-09,Mendocino,045,87422,4995,4732,130,4862,49
2021-08-09,Merced,047,269075,33128,32666,1118,33784,477
2021-08-09,Modoc,049,8938,433,419,150,569,5
2021-08-09,Mono,051,14174,1339,1337,17,1354,3
2021-08-09,Monterey,053,433212,44617,44190,2131,46321,527
2021-08-09,Napa,055,140530,10927,10679,65,10744,83
2021-08-09,Nevada,057,99092,6450,6088,219,6307,73
2021-08-09,Orange,059,3164182,275816,271036,12611,283647,5153
2021-08-09,Placer,061,380077,27703,26457,2172,28629,305
2021-08-09,Plumas,063,18699,840,803,14,817,5
2021-08-09,Riverside,065,2383286,315537,308678,14941,323619,4562
2021-08-09,Sacramento,067,1510023,124599,120812,2425,123237,1748
2021-08-09,San Benito,069,59416,6441,6359,120,6479,63
2021-08-09,San Bernardino,071,2135413,312921,308038,9640,317678,5295
2021-08-09,San Diego,073,3302833,312299,306855,17883,324738,3811
2021-08-09,San Francisco,075,870044,44620,43261,1789,45050,564
2021-08-09,San Joaquin,077,732212,80905,79198,4152,83350,1469
2021-08-09,San Luis Obispo,079,281455,23313,22695,868,23563,264
2021-08-09,San Mateo,081,765935,47173,46040,663,46703,548
2021-08-09,Santa Barbara,083,443738,37541,36474,1339,37813,470
2021-08-09,Santa Clara,085,1922200,128363,125791,924,126715,2187
2021-08-09,Santa Cruz,087,273765,17468,17082,872,17954,209
2021-08-09,Shasta,089,179085,13868,13397,1873,15270,210
2021-08-09,Sierra,091,2930,83,75,12,87,0
2021-08-09,Siskiyou,093,43540,2202,2047,497,2544,32
2021-08-09,Solano,095,438530,38116,36653,839,37492,262
2021-08-09,Sonoma,097,501317,35113,33933,408,34341,333
2021-08-09,Stanislaus,099,539301,62040,60410,6671,67081,1037
2021-08-09,Sutter,101,95872,10768,10525,112,10637,129
2021-08-09,Tehama,103,63373,5516,5373,657,6030,66
2021-08-09,Trinity,105,12862,545,378,127,505,3
2021-08-09,Tulare,107,460477,52590,51274,10286,61560,854
2021-08-09,Tuolumne,109,53932,4930,4745,46,4791,64
2021-08-09,Ventura,111,848112,87073,85514,3678,89192,1047
2021-08-09,Yolo,113,214977,15944,15521,605,16126,218
2021-08-09,Yuba,115,75493,7163,6994,167,7161,50
2021-08-08,Alameda,001,1643700,101771,99135,2306,101441,1276
2021-08-08,Alpine,003,1148,90,91,0,91,0
2021-08-08,Amador,005,37829,4195,4057,36,4093,48
2021-08-08,Butte,007,227075,14130,13791,2185,15976,205
2021-08-08,Calaveras,009,45235,2495,2462,16,2478,57
2021-08-08,Colusa,011,21464,2130,2070,396,2466,16
2021-08-08,Contra Costa,013,1133247,81851,79454,1598,81052,840
2021-08-08,Del Norte,015,27424,1969,1810,16,1826,8
2021-08-08,El Dorado,017,186661,12032,11631,969,12600,117
2021-08-08,Fresno,019,978130,109512,107078,9501,116579,1747
2021-08-08,Glenn,021,27897,2579,2527,611,3138,20
2021-08-08,Humboldt,023,135768,5879,5571,102,5673,52
2021-08-08,Imperial,025,180216,29686,29485,2904,32389,745
2021-08-08,Inyo,027,18085,1488,1481,14,1495,39
2021-08-08,Kern,029,883053,102432,100909,12785,113694,1359
2021-08-08,Kings,031,150075,24668,24095,1249,25344,250
2021-08-08,Lake,033,64148,4786,4636,29,4665,66
2021-08-08,Lassen,035,31185,5456,5391,127,5518,21
2021-08-08,Los Angeles,037,10098052,1295244,1279982,47604,1327586,24793
2021-08-08,Madera,039,155013,17801,17398,1100,18498,245
2021-08-08,Marin,041,260295,15487,15124,311,15435,239
2021-08-08,Mariposa,043,17540,566,538,12,550,5
2021-08-08,Mendocino,045,87422,4933,4702,117,4819,49
2021-08-08,Merced,047,269075,32981,32634,1109,33743,477
2021-08-08,Modoc,049,8938,432,419,149,568,5
2021-08-08,Mono,051,14174,1335,1336,17,1353,3
2021-08-08,Monterey,053,433212,44547,44171,2120,46291,527
2021-08-08,Napa,055,140530,10891,10668,65,10733,83
2021-08-08,Nevada,057,99092,6365,6009,217,6226,73
2021-08-08,Orange,059,3164182,274906,270532,12572,283104,5153
2021-08-08,Placer,061,380077,27497,26332,2131,28463,305
2021-08-08,Plumas,063,18699,832,803,14,817,5
2021-08-08,Riverside,065,2383286,314415,308042,14917,322959,4562
2021-08-08,Sacramento,067,1510023,123773,120109,2413,122522,1744
2021-08-08,San Benito,069,59416,6424,6350,119,6469,63
2021-08-08,San Bernardino,071,2135413,311775,307378,9610,316988,5295
2021-08-08,San Diego,073,3302833,310952,305983,17789,323772,3811
2021-08-08,San Francisco,075,870044,44363,43098,1766,44864,564
2021-08-08,San Joaquin,077,732212,80457,79002,4136,83138,1469
2021-08-08,San Luis Obispo,079,281455,23139,22668,860,23528,263
2021-08-08,San Mateo,081,765935,46983,45927,660,46587,548
2021-08-08,Santa Barbara,083,443738,37365,36417,1332,37749,470
2021-08-08,Santa Clara,085,1922200,127912,125553,919,126472,2187
2021-08-08,Santa Cruz,087,273765,17394,17035,867,17902,209
2021-08-08,Shasta,089,179085,13782,13381,1862,15243,210
2021-08-08,Sierra,091,2930,83,74,12,86,0
2021-08-08,Siskiyou,093,43540,2186,2041,492,2533,32
2021-08-08,Solano,095,438530,37864,36551,835,37386,262
2021-08-08,Sonoma,097,501317,34869,33805,407,34212,333
2021-08-08,Stanislaus,099,539301,61696,60269,6626,66895,1037
2021-08-08,Sutter,101,95872,10708,10481,111,10592,129
2021-08-08,Tehama,103,63373,5478,5359,654,6013,66
2021-08-08,Trinity,105,12862,540,378,127,505,3
2021-08-08,Tulare,107,460477,52410,51220,10226,61446,854
2021-08-08,Tuolumne,109,53932,4891,4731,46,4777,64
2021-08-08,Ventura,111,848112,86782,85382,3668,89050,1047
2021-08-08,Yolo,113,214977,15852,15477,598,16075,218
2021-08-08,Yuba,115,75493,7124,6967,167,7134,50
2021-08-07,Alameda,001,1643700,101521,98812,2300,101112,1276
2021-08-07,Alpine,003,1148,90,91,0,91,0
2021-08-07,Amador,005,37829,4178,4041,35,4076,48
2021-08-07,Butte,007,227075,14078,13714,2174,15888,205
2021-08-07,Calaveras,009,45235,2485,2446,16,2462,57
2021-08-07,Colusa,011,21464,2125,2067,387,2454,16
2021-08-07,Contra Costa,013,1133247,81555,79168,1595,80763,840
2021-08-07,Del Norte,015,27424,1937,1791,16,1807,8
2021-08-07,El Dorado,017,186661,11982,11575,962,12537,117
2021-08-07,Fresno,019,978130,109310,106861,9479,116340,1747
2021-08-07,Glenn,021,27897,2571,2515,610,3125,20
2021-08-07,Humboldt,023,135768,5829,5510,99,5609,52
2021-08-07,Imperial,025,180216,29667,29470,2904,32374,745
2021-08-07,Inyo,027,18085,1486,1476,14,1490,39
2021-08-07,Kern,029,883053,102274,100693,12730,113423,1359
2021-08-07,Kings,031,150075,24608,24048,1243,25291,250
2021-08-07,Lake,033,64148,4765,4613,29,4642,66
2021-08-07,Lassen,035,31185,5452,5386,127,5513,21
2021-08-07,Los Angeles,037,10098052,1293224,1276853,47454,1324307,24786
2021-08-07,Madera,039,155013,17766,17366,1095,18461,245
2021-08-07,Marin,041,260295,15453,15085,310,15395,239
2021-08-07,Mariposa,043,17540,563,530,12,542,5
2021-08-07,Mendocino,045,87422,4897,4690,115,4805,49
2021-08-07,Merced,047,269075,32917,32569,1106,33675,477
2021-08-07,Modoc,049,8938,432,419,149,568,5
2021-08-07,Mono,051,14174,1332,1329,17,1346,3
2021-08-07,Monterey,053,433212,44495,44124,2115,46239,527
2021-08-07,Napa,055,140530,10870,10658,64,10722,83
2021-08-07,Nevada,057,99092,6315,5967,215,6182,73
2021-08-07,Orange,059,3164182,274316,269900,12541,282441,5153
2021-08-07,Placer,061,380077,27310,26244,2123,28367,305
2021-08-07,Plumas,063,18699,827,801,14,815,5
2021-08-07,Riverside,065,2383286,313743,307326,14910,322236,4562
2021-08-07,Sacramento,067,1510023,123272,119636,2409,122045,1744
2021-08-07,San Benito,069,59416,6414,6332,119,6451,63
2021-08-07,San Bernardino,071,2135413,311188,306663,9593,316256,5295
2021-08-07,San Diego,073,3302833,310197,304974,17754,322728,3811
2021-08-07,San Francisco,075,870044,44191,42926,1748,44674,564
2021-08-07,San Joaquin,077,732212,80293,78769,4122,82891,1469
2021-08-07,San Luis Obispo,079,281455,23070,22579,859,23438,263
2021-08-07,San Mateo,081,765935,46856,45804,658,46462,548
2021-08-07,Santa Barbara,083,443738,37269,36303,1326,37629,470
2021-08-07,Santa Clara,085,1922200,127641,125196,914,126110,2188
2021-08-07,Santa Cruz,087,273765,17351,16994,865,17859,209
2021-08-07,Shasta,089,179085,13727,13361,1854,15215,210
2021-08-07,Sierra,091,2930,83,74,12,86,0
2021-08-07,Siskiyou,093,43540,2174,2039,490,2529,32
2021-08-07,Solano,095,438530,37748,36458,827,37285,262
2021-08-07,Sonoma,097,501317,34747,33716,407,34123,333
2021-08-07,Stanislaus,099,539301,61508,60093,6596,66689,1037
2021-08-07,Sutter,101,95872,10671,10447,111,10558,129
2021-08-07,Tehama,103,63373,5468,5343,649,5992,66
2021-08-07,Trinity,105,12862,536,377,126,503,3
2021-08-07,Tulare,107,460477,52323,51133,10188,61321,854
2021-08-07,Tuolumne,109,53932,4861,4721,46,4767,64
2021-08-07,Ventura,111,848112,86602,85232,3653,88885,1047
2021-08-07,Yolo,113,214977,15808,15423,591,16014,218
2021-08-07,Yuba,115,75493,7099,6937,165,7102,50
2021-08-06,Alameda,001,1643700,101190,98487,2293,100780,1275
2021-08-06,Alpine,003,1148,90,91,0,91,0
2021-08-06,Amador,005,37829,4157,4002,35,4037,48
2021-08-06,Butte,007,227075,14030,13626,2162,15788,205
2021-08-06,Calaveras,009,45235,2475,2419,16,2435,57
2021-08-06,Colusa,011,21464,2119,2045,381,2426,16
2021-08-06,Contra Costa,013,1133247,81261,78796,1589,80385,840
2021-08-06,Del Norte,015,27424,1910,1755,15,1770,8
2021-08-06,El Dorado,017,186661,11933,11498,950,12448,117
2021-08-06,Fresno,019,978130,109049,106542,9452,115994,1747
2021-08-06,Glenn,021,27897,2556,2504,608,3112,20
2021-08-06,Humboldt,023,135768,5778,5421,96,5517,52
2021-08-06,Imperial,025,180216,29656,29404,2900,32304,745
2021-08-06,Inyo,027,18085,1483,1471,14,1485,39
2021-08-06,Kern,029,883053,102097,100427,12644,113071,1359
2021-08-06,Kings,031,150075,24553,23974,1239,25213,250
2021-08-06,Lake,033,64148,4742,4557,29,4586,66
2021-08-06,Lassen,035,31185,5430,5368,127,5495,21
2021-08-06,Los Angeles,037,10098052,1290742,1273081,47304,1320385,24772
2021-08-06,Madera,039,155013,17728,17324,1086,18410,245
2021-08-06,Marin,041,260295,15420,15051,310,15361,239
2021-08-06,Mariposa,043,17540,554,511,12,523,5
2021-08-06,Mendocino,045,87422,4855,4649,114,4763,49
2021-08-06,Merced,047,269075,32857,32456,1103,33559,477
2021-08-06,Modoc,049,8938,432,419,149,568,5
2021-08-06,Mono,051,14174,1331,1328,17,1345,3
2021-08-06,Monterey,053,433212,44427,44058,2102,46160,527
2021-08-06,Napa,055,140530,10843,10620,64,10684,83
2021-08-06,Nevada,057,99092,6259,5874,215,6089,73
2021-08-06,Orange,059,3164182,273755,269077,12524,281601,5151
2021-08-06,Placer,061,380077,27187,26086,2101,28187,305
2021-08-06,Plumas,063,18699,818,795,14,809,5
2021-08-06,Riverside,065,2383286,313033,306304,14899,321203,4562
2021-08-06,Sacramento,067,1510023,122784,119169,2389,121558,1740
2021-08-06,San Benito,069,59416,6397,6315,119,6434,63
2021-08-06,San Bernardino,071,2135413,310489,305806,9584,315390,5286
2021-08-06,San Diego,073,3302833,309159,303691,17705,321396,3810
2021-08-06,San Francisco,075,870044,44034,42659,1730,44389,565
2021-08-06,San Joaquin,077,732212,80145,78405,4110,82515,1469
2021-08-06,San Luis Obispo,079,281455,23002,22472,854,23326,263
2021-08-06,San Mateo,081,765935,46703,45665,653,46318,548
2021-08-06,Santa Barbara,083,443738,37179,36208,1322,37530,470
2021-08-06,Santa Clara,085,1922200,127350,124767,909,125676,2185
2021-08-06,Santa Cruz,087,273765,17309,16924,861,17785,207
2021-08-06,Shasta,089,179085,13661,13284,1848,15132,210
2021-08-06,Sierra,091,2930,83,73,12,85,0
2021-08-06,Siskiyou,093,43540,2164,2030,486,2516,32
2021-08-06,Solano,095,438530,37638,36351,818,37169,262
2021-08-06,Sonoma,097,501317,34660,33594,406,34000,333
2021-08-06,Stanislaus,099,539301,61354,59854,6575,66429,1037
2021-08-06,Sutter,101,95872,10628,10391,111,10502,128
2021-08-06,Tehama,103,63373,5444,5325,648,5973,66
2021-08-06,Trinity,105,12862,535,371,125,496,3
2021-08-06,Tulare,107,460477,52223,51018,10141,61159,854
2021-08-06,Tuolumne,109,53932,4834,4674,46,4720,64
2021-08-06,Ventura,111,848112,86431,85046,3641,88687,1047
2021-08-06,Yolo,113,214977,15755,15299,586,15885,218
2021-08-06,Yuba,115,75493,7076,6904,165,7069,50
2021-08-05,Alameda,001,1643700,100700,98052,2288,100340,1275
2021-08-05,Alpine,003,1148,90,91,0,91,0
2021-08-05,Amador,005,37829,4137,3992,35,4027,48
2021-08-05,Butte,007,227075,13974,13564,2140,15704,206
2021-08-05,Calaveras,009,45235,2457,2397,16,2413,57
2021-08-05,Colusa,011,21464,2107,2036,377,2413,16
2021-08-05,Contra Costa,013,1133247,80833,78514,1581,80095,840
2021-08-05,Del Norte,015,27424,1883,1731,15,1746,8
2021-08-05,El Dorado,017,186661,11849,11408,939,12347,117
2021-08-05,Fresno,019,978130,108680,106219,9417,115636,1747
2021-08-05,Glenn,021,27897,2551,2494,605,3099,20
2021-08-05,Humboldt,023,135768,5704,5328,95,5423,52
2021-08-05,Imperial,025,180216,29625,29383,2896,32279,745
2021-08-05,Inyo,027,18085,1479,1468,14,1482,38
2021-08-05,Kern,029,883053,101875,100091,12559,112650,1358
2021-08-05,Kings,031,150075,24469,23906,1233,25139,249
2021-08-05,Lake,033,64148,4703,4490,27,4517,66
2021-08-05,Lassen,035,31185,5422,5344,127,5471,21
2021-08-05,Los Angeles,037,10098052,1287529,1269445,47175,1316620,24756
2021-08-05,Madera,039,155013,17687,17301,1078,18379,245
2021-08-05,Marin,041,260295,15376,15005,306,15311,239
2021-08-05,Mariposa,043,17540,543,504,11,515,5
2021-08-05,Mendocino,045,87422,4812,4597,105,4702,49
2021-08-05,Merced,047,269075,32789,32381,1092,33473,477
2021-08-05,Modoc,049,8938,431,418,149,567,5
2021-08-05,Mono,051,14174,1323,1309,17,1326,3
2021-08-05,Monterey,053,433212,44370,43992,2084,46076,527
2021-08-05,Napa,055,140530,10807,10591,62,10653,83
2021-08-05,Nevada,057,99092,6177,5778,212,5990,73
2021-08-05,Orange,059,3164182,272976,268329,12499,280828,5149
2021-08-05,Placer,061,380077,26987,25965,2074,28039,305
2021-08-05,Plumas,063,18699,809,787,14,801,5
2021-08-05,Riverside,065,2383286,312116,305415,14872,320287,4562
2021-08-05,Sacramento,067,1510023,122075,118590,2376,120966,1739
2021-08-05,San Benito,069,59416,6379,6305,119,6424,63
2021-08-05,San Bernardino,071,2135413,309651,304956,9563,314519,5284
2021-08-05,San Diego,073,3302833,307879,302220,17628,319848,3806
2021-08-05,San Francisco,075,870044,43823,42301,1721,44022,564
2021-08-05,San Joaquin,077,732212,79784,78151,4092,82243,1468
2021-08-05,San Luis Obispo,079,281455,22888,22362,848,23210,263
2021-08-05,San Mateo,081,765935,46531,45554,651,46205,548
2021-08-05,Santa Barbara,083,443738,37073,36112,1319,37431,470
2021-08-05,Santa Clara,085,1922200,127017,124490,909,125399,2185
2021-08-05,Santa Cruz,087,273765,17266,16867,858,17725,207
2021-08-05,Shasta,089,179085,13603,13217,1840,15057,210
2021-08-05,Sierra,091,2930,78,73,12,85,0
2021-08-05,Siskiyou,093,43540,2143,2024,476,2500,32
2021-08-05,Solano,095,438530,37457,36250,811,37061,262
2021-08-05,Sonoma,097,501317,34525,33455,405,33860,330
2021-08-05,Stanislaus,099,539301,61107,59692,6537,66229,1037
2021-08-05,Sutter,101,95872,10573,10349,111,10460,127
2021-08-05,Tehama,103,63373,5426,5305,644,5949,66
2021-08-05,Trinity,105,12862,529,367,125,492,3
2021-08-05,Tulare,107,460477,52107,50889,10084,60973,854
2021-08-05,Tuolumne,109,53932,4804,4619,46,4665,64
2021-08-05,Ventura,111,848112,86181,84837,3627,88464,1047
2021-08-05,Yolo,113,214977,15689,15250,576,15826,218
2021-08-05,Yuba,115,75493,7033,6872,163,7035,50
2021-08-04,Alameda,001,1643700,100193,97477,2278,99755,1274
2021-08-04,Alpine,003,1148,90,91,0,91,0
2021-08-04,Amador,005,37829,4107,3962,34,3996,48
2021-08-04,Butte,007,227075,13907,13509,2124,15633,205
2021-08-04,Calaveras,009,45235,2434,2374,16,2390,57
2021-08-04,Colusa,011,21464,2095,2025,371,2396,16
2021-08-04,Contra Costa,013,1133247,80317,77966,1576,79542,840
2021-08-04,Del Norte,015,27424,1860,1701,15,1716,8
2021-08-04,El Dorado,017,186661,11771,11319,928,12247,117
2021-08-04,Fresno,019,978130,108316,105899,9380,115279,1747
2021-08-04,Glenn,021,27897,2543,2487,605,3092,20
2021-08-04,Humboldt,023,135768,5628,5271,94,5365,52
2021-08-04,Imperial,025,180216,29577,29375,2894,32269,745
2021-08-04,Inyo,027,18085,1478,1465,14,1479,38
2021-08-04,Kern,029,883053,101625,99868,12474,112342,1358
2021-08-04,Kings,031,150075,24397,23840,1225,25065,250
2021-08-04,Lake,033,64148,4672,4423,21,4444,65
2021-08-04,Lassen,035,31185,5414,5340,127,5467,21
2021-08-04,Los Angeles,037,10098052,1284045,1265788,47017,1312805,24737
2021-08-04,Madera,039,155013,17652,17251,1071,18322,245
2021-08-04,Marin,041,260295,15329,14950,304,15254,239
2021-08-04,Mariposa,043,17540,528,497,11,508,5
2021-08-04,Mendocino,045,87422,4788,4560,101,4661,49
2021-08-04,Merced,047,269075,32651,32274,1087,33361,476
2021-08-04,Modoc,049,8938,431,416,149,565,5
2021-08-04,Mono,051,14174,1319,1307,17,1324,3
2021-08-04,Monterey,053,433212,44305,43926,2073,45999,526
2021-08-04,Napa,055,140530,10770,10544,62,10606,82
2021-08-04,Nevada,057,99092,6112,5702,211,5913,73
2021-08-04,Orange,059,3164182,272105,267199,12462,279661,5146
2021-08-04,Placer,061,380077,26770,25688,2054,27742,305
2021-08-04,Plumas,063,18699,802,784,14,798,5
2021-08-04,Riverside,065,2383286,311191,304272,14846,319118,4562
2021-08-04,Sacramento,067,1510023,121316,117882,2350,120232,1736
2021-08-04,San Benito,069,59416,6364,6300,119,6419,63
2021-08-04,San Bernardino,071,2135413,308796,304164,9546,313710,5285
2021-08-04,San Diego,073,3302833,306356,301100,17567,318667,3805
2021-08-04,San Francisco,075,870044,43569,41913,1708,43621,562
2021-08-04,San Joaquin,077,732212,79427,77846,4080,81926,1466
2021-08-04,San Luis Obispo,079,281455,22780,22245,842,23087,262
2021-08-04,San Mateo,081,765935,46358,45392,650,46042,548
2021-08-04,Santa Barbara,083,443738,36945,36013,1311,37324,470
2021-08-04,Santa Clara,085,1922200,126626,124127,902,125029,2183
2021-08-04,Santa Cruz,087,273765,17205,16820,851,17671,208
2021-08-04,Shasta,089,179085,13551,13134,1829,14963,211
2021-08-04,Sierra,091,2930,78,73,12,85,0
2021-08-04,Siskiyou,093,43540,2123,2010,471,2481,32
2021-08-04,Solano,095,438530,37257,36025,802,36827,262
2021-08-04,Sonoma,097,501317,34354,33311,403,33714,330
2021-08-04,Stanislaus,099,539301,60868,59396,6498,65894,1037
2021-08-04,Sutter,101,95872,10536,10294,111,10405,127
2021-08-04,Tehama,103,63373,5400,5281,639,5920,66
2021-08-04,Trinity,105,12862,527,362,122,484,3
2021-08-04,Tulare,107,460477,51997,50797,10040,60837,855
2021-08-04,Tuolumne,109,53932,4779,4584,46,4630,64
2021-08-04,Ventura,111,848112,85923,84406,3605,88011,1047
2021-08-04,Yolo,113,214977,15611,15189,563,15752,215
2021-08-04,Yuba,115,75493,6993,6827,161,6988,50
2021-08-03,Alameda,001,1643700,99735,97275,2273,99548,1270
2021-08-03,Alpine,003,1148,90,91,0,91,0
2021-08-03,Amador,005,37829,4071,3953,34,3987,48
2021-08-03,Butte,007,227075,13841,13468,2109,15577,205
2021-08-03,Calaveras,009,45235,2411,2356,16,2372,57
2021-08-03,Colusa,011,21464,2082,2023,365,2388,16
2021-08-03,Contra Costa,013,1133247,79833,77739,1569,79308,836
2021-08-03,Del Norte,015,27424,1828,1691,14,1705,8
2021-08-03,El Dorado,017,186661,11681,11255,918,12173,117
2021-08-03,Fresno,019,978130,107957,105732,9348,115080,1746
2021-08-03,Glenn,021,27897,2536,2481,603,3084,20
2021-08-03,Humboldt,023,135768,5563,5199,89,5288,52
2021-08-03,Imperial,025,180216,29555,29333,2886,32219,745
2021-08-03,Inyo,027,18085,1475,1459,14,1473,38
2021-08-03,Kern,029,883053,101363,99708,12395,112103,1358
2021-08-03,Kings,031,150075,24309,23780,1218,24998,249
2021-08-03,Lake,033,64148,4616,4408,17,4425,66
2021-08-03,Lassen,035,31185,5404,5341,127,5468,21
2021-08-03,Los Angeles,037,10098052,1280311,1262678,46845,1309523,24721
2021-08-03,Madera,039,155013,17611,17220,1056,18276,245
2021-08-03,Marin,041,260295,15280,14906,301,15207,243
2021-08-03,Mariposa,043,17540,517,495,11,506,5
2021-08-03,Mendocino,045,87422,4739,4546,99,4645,49
2021-08-03,Merced,047,269075,32568,32197,1085,33282,476
2021-08-03,Modoc,049,8938,431,416,149,565,5
2021-08-03,Mono,051,14174,1314,1303,17,1320,3
2021-08-03,Monterey,053,433212,44242,43872,2060,45932,525
2021-08-03,Napa,055,140530,10727,10527,61,10588,82
2021-08-03,Nevada,057,99092,6031,5685,210,5895,73
2021-08-03,Orange,059,3164182,271366,266649,12432,279081,5146
2021-08-03,Placer,061,380077,26569,25624,2029,27653,305
2021-08-03,Plumas,063,18699,795,779,14,793,5
2021-08-03,Riverside,065,2383286,310267,303499,14819,318318,4562
2021-08-03,Sacramento,067,1510023,120573,117591,2329,119920,1732
2021-08-03,San Benito,069,59416,6348,6284,118,6402,63
2021-08-03,San Bernardino,071,2135413,307875,303386,9526,312912,5265
2021-08-03,San Diego,073,3302833,304907,300189,17467,317656,3803
2021-08-03,San Francisco,075,870044,43285,41758,1688,43446,562
2021-08-03,San Joaquin,077,732212,79078,77615,4059,81674,1461
2021-08-03,San Luis Obispo,079,281455,22640,22166,835,23001,264
2021-08-03,San Mateo,081,765935,46164,45255,645,45900,548
2021-08-03,Santa Barbara,083,443738,36826,35912,1305,37217,469
2021-08-03,Santa Clara,085,1922200,126205,123914,896,124810,2183
2021-08-03,Santa Cruz,087,273765,17138,16778,848,17626,207
2021-08-03,Shasta,089,179085,13477,13091,1818,14909,211
2021-08-03,Sierra,091,2930,78,72,12,84,0
2021-08-03,Siskiyou,093,43540,2112,1998,466,2464,32
2021-08-03,Solano,095,438530,37037,35953,790,36743,261
2021-08-03,Sonoma,097,501317,34172,33243,402,33645,330
2021-08-03,Stanislaus,099,539301,60634,59282,6480,65762,1037
2021-08-03,Sutter,101,95872,10496,10263,110,10373,127
2021-08-03,Tehama,103,63373,5375,5269,634,5903,66
2021-08-03,Trinity,105,12862,524,361,119,480,3
2021-08-03,Tulare,107,460477,51902,50729,9994,60723,854
2021-08-03,Tuolumne,109,53932,4744,4563,46,4609,64
2021-08-03,Ventura,111,848112,85679,84270,3584,87854,1046
2021-08-03,Yolo,113,214977,15520,15149,549,15698,215
2021-08-03,Yuba,115,75493,6956,6781,159,6940,50
2021-08-02,Alameda,001,1643700,99176,96954,2268,99222,1270
2021-08-02,Alpine,003,1148,90,91,0,91,0
2021-08-02,Amador,005,37829,4051,3927,34,3961,48
2021-08-02,Butte,007,227075,13765,13442,2090,15532,205
2021-08-02,Calaveras,009,45235,2382,2347,16,2363,57
2021-08-02,Colusa,011,21464,2070,2019,362,2381,16
2021-08-02,Contra Costa,013,1133247,79323,77516,1555,79071,836
2021-08-02,Del Norte,015,27424,1798,1653,14,1667,8
2021-08-02,El Dorado,017,186661,11578,11226,904,12130,116
2021-08-02,Fresno,019,978130,107614,105471,9312,114783,1744
2021-08-02,Glenn,021,27897,2528,2477,601,3078,20
2021-08-02,Humboldt,023,135768,5479,5161,87,5248,52
2021-08-02,Imperial,025,180216,29522,29302,2882,32184,743
2021-08-02,Inyo,027,18085,1469,1455,14,1469,38
2021-08-02,Kern,029,883053,101108,99556,12301,111857,1357
2021-08-02,Kings,031,150075,24240,23722,1212,24934,249
2021-08-02,Lake,033,64148,4574,4375,17,4392,66
2021-08-02,Lassen,035,31185,5381,5338,125,5463,21
2021-08-02,Los Angeles,037,10098052,1276596,1260807,46639,1307446,24705
2021-08-02,Madera,039,155013,17567,17158,1043,18201,245
2021-08-02,Marin,041,260295,15237,14859,299,15158,239
2021-08-02,Mariposa,043,17540,508,490,11,501,5
2021-08-02,Mendocino,045,87422,4699,4512,96,4608,49
2021-08-02,Merced,047,269075,32470,32163,1078,33241,474
2021-08-02,Modoc,049,8938,431,415,149,564,5
2021-08-02,Mono,051,14174,1307,1296,17,1313,3
2021-08-02,Monterey,053,433212,44182,43842,2052,45894,525
2021-08-02,Napa,055,140530,10684,10490,58,10548,82
2021-08-02,Nevada,057,99092,5960,5611,209,5820,73
2021-08-02,Orange,059,3164182,270452,266050,12386,278436,5146
2021-08-02,Placer,061,380077,26422,25516,1995,27511,306
2021-08-02,Plumas,063,18699,788,762,14,776,5
2021-08-02,Riverside,065,2383286,309330,302756,14804,317560,4562
2021-08-02,Sacramento,067,1510023,119877,117183,2308,119491,1728
2021-08-02,San Benito,069,59416,6329,6276,117,6393,63
2021-08-02,San Bernardino,071,2135413,306997,303000,9493,312493,5253
2021-08-02,San Diego,073,3302833,303412,299021,17397,316418,3798
2021-08-02,San Francisco,075,870044,42990,41553,1663,43216,562
2021-08-02,San Joaquin,077,732212,78735,77447,4032,81479,1461
2021-08-02,San Luis Obispo,079,281455,22546,22093,829,22922,261
2021-08-02,San Mateo,081,765935,45990,45154,632,45786,548
2021-08-02,Santa Barbara,083,443738,36687,35851,1299,37150,469
2021-08-02,Santa Clara,085,1922200,125735,123655,888,124543,2183
2021-08-02,Santa Cruz,087,273765,17081,16746,844,17590,207
2021-08-02,Shasta,089,179085,13413,13049,1804,14853,212
2021-08-02,Sierra,091,2930,78,71,12,83,0
2021-08-02,Siskiyou,093,43540,2101,1992,452,2444,31
2021-08-02,Solano,095,438530,36789,35852,777,36629,260
2021-08-02,Sonoma,097,501317,33945,33132,397,33529,330
2021-08-02,Stanislaus,099,539301,60401,59160,6452,65612,1037
2021-08-02,Sutter,101,95872,10450,10220,110,10330,127
2021-08-02,Tehama,103,63373,5351,5260,630,5890,66
2021-08-02,Trinity,105,12862,519,359,118,477,3
2021-08-02,Tulare,107,460477,51801,50640,9920,60560,854
2021-08-02,Tuolumne,109,53932,4677,4524,46,4570,64
2021-08-02,Ventura,111,848112,85494,84143,3561,87704,1044
2021-08-02,Yolo,113,214977,15421,15072,531,15603,215
2021-08-02,Yuba,115,75493,6914,6743,156,6899,50
2021-08-01,Alameda,001,1643700,98636,96775,2263,99038,1270
2021-08-01,Alpine,003,1148,90,91,0,91,0
2021-08-01,Amador,005,37829,4013,3923,34,3957,48
2021-08-01,Butte,007,227075,13684,13406,2073,15479,205
2021-08-01,Calaveras,009,45235,2357,2341,16,2357,57
2021-08-01,Colusa,011,21464,2059,2014,360,2374,16
2021-08-01,Contra Costa,013,1133247,78887,77360,1547,78907,836
2021-08-01,Del Norte,015,27424,1766,1642,14,1656,8
2021-08-01,El Dorado,017,186661,11477,11189,894,12083,116
2021-08-01,Fresno,019,978130,107289,105339,9266,114605,1744
2021-08-01,Glenn,021,27897,2522,2476,599,3075,20
2021-08-01,Humboldt,023,135768,5403,5118,83,5201,52
2021-08-01,Imperial,025,180216,29487,29297,2878,32175,743
2021-08-01,Inyo,027,18085,1467,1454,14,1468,38
2021-08-01,Kern,029,883053,100831,99396,12226,111622,1357
2021-08-01,Kings,031,150075,24153,23700,1207,24907,249
2021-08-01,Lake,033,64148,4495,4356,17,4373,66
2021-08-01,Lassen,035,31185,5368,5336,123,5459,21
2021-08-01,Los Angeles,037,10098052,1272911,1258461,46416,1304877,24700
2021-08-01,Madera,039,155013,17510,17146,1038,18184,245
2021-08-01,Marin,041,260295,15160,14844,298,15142,239
2021-08-01,Mariposa,043,17540,501,482,11,493,5
2021-08-01,Mendocino,045,87422,4653,4476,92,4568,49
2021-08-01,Merced,047,269075,32379,32144,1072,33216,474
2021-08-01,Modoc,049,8938,429,413,149,562,5
2021-08-01,Mono,051,14174,1304,1294,17,1311,3
2021-08-01,Monterey,053,433212,44134,43808,2039,45847,525
2021-08-01,Napa,055,140530,10636,10473,56,10529,82
2021-08-01,Nevada,057,99092,5873,5561,208,5769,73
2021-08-01,Orange,059,3164182,269642,265467,12343,277810,5146
2021-08-01,Placer,061,380077,26207,25464,1965,27429,306
2021-08-01,Plumas,063,18699,782,761,14,775,5
2021-08-01,Riverside,065,2383286,308399,302256,14786,317042,4562
2021-08-01,Sacramento,067,1510023,119141,116923,2291,119214,1727
2021-08-01,San Benito,069,59416,6312,6271,117,6388,63
2021-08-01,San Bernardino,071,2135413,306063,302542,9482,312024,5248
2021-08-01,San Diego,073,3302833,302218,298002,17338,315340,3798
2021-08-01,San Francisco,075,870044,42651,41432,1650,43082,562
2021-08-01,San Joaquin,077,732212,78369,77338,4005,81343,1461
2021-08-01,San Luis Obispo,079,281455,22443,22083,824,22907,261
2021-08-01,San Mateo,081,765935,45807,45036,624,45660,548
2021-08-01,Santa Barbara,083,443738,36564,35809,1295,37104,469
2021-08-01,Santa Clara,085,1922200,125324,123511,880,124391,2183
2021-08-01,Santa Cruz,087,273765,17002,16709,837,17546,207
2021-08-01,Shasta,089,179085,13342,13036,1795,14831,212
2021-08-01,Sierra,091,2930,76,71,12,83,0
2021-08-01,Siskiyou,093,43540,2095,1989,446,2435,31
2021-08-01,Solano,095,438530,36554,35800,768,36568,260
2021-08-01,Sonoma,097,501317,33753,33076,394,33470,330
2021-08-01,Stanislaus,099,539301,60158,59078,6420,65498,1037
2021-08-01,Sutter,101,95872,10395,10198,107,10305,127
2021-08-01,Tehama,103,63373,5334,5252,626,5878,66
2021-08-01,Trinity,105,12862,516,359,117,476,3
2021-08-01,Tulare,107,460477,51644,50600,9857,60457,854
2021-08-01,Tuolumne,109,53932,4639,4489,46,4535,64
2021-08-01,Ventura,111,848112,85264,84040,3546,87586,1044
2021-08-01,Yolo,113,214977,15349,15042,522,15564,215
2021-08-01,Yuba,115,75493,6877,6721,155,6876,50
2021-07-31,Alameda,001,1643700,98316,95279,2257,97536,1265
2021-07-31,Alpine,003,1148,90,89,0,89,0
2021-07-31,Amador,005,37829,3993,3877,34,3911,48
2021-07-31,Butte,007,227075,13651,13235,2053,15288,205
2021-07-31,Calaveras,009,45235,2350,2294,16,2310,57
2021-07-31,Colusa,011,21464,2053,2006,358,2364,16
2021-07-31,Contra Costa,013,1133247,78608,75866,1545,77411,832
2021-07-31,Del Norte,015,27424,1740,1576,14,1590,8
2021-07-31,El Dorado,017,186661,11424,11017,888,11905,116
2021-07-31,Fresno,019,978130,107129,104639,9252,113891,1744
2021-07-31,Glenn,021,27897,2517,2465,594,3059,20
2021-07-31,Humboldt,023,135768,5348,4978,82,5060,52
2021-07-31,Imperial,025,180216,29470,29164,2875,32039,743
2021-07-31,Inyo,027,18085,1464,1442,14,1456,38
2021-07-31,Kern,029,883053,100667,98903,12167,111070,1357
2021-07-31,Kings,031,150075,24100,23548,1202,24750,248
2021-07-31,Lake,033,64148,4470,4238,17,4255,66
2021-07-31,Lassen,035,31185,5362,5320,123,5443,21
2021-07-31,Los Angeles,037,10098052,1270716,1248545,46269,1294814,24691
2021-07-31,Madera,039,155013,17477,17058,1032,18090,245
2021-07-31,Marin,041,260295,15116,14701,297,14998,239
2021-07-31,Mariposa,043,17540,492,470,11,481,5
2021-07-31,Mendocino,045,87422,4628,4400,89,4489,49
2021-07-31,Merced,047,269075,32331,31959,1067,33026,474
2021-07-31,Modoc,049,8938,429,413,149,562,5
2021-07-31,Mono,051,14174,1302,1287,17,1304,3
2021-07-31,Monterey,053,433212,44094,43720,2029,45749,525
2021-07-31,Napa,055,140530,10616,10401,55,10456,82
2021-07-31,Nevada,057,99092,5834,5373,207,5580,72
2021-07-31,Orange,059,3164182,269068,263446,12324,275770,5144
2021-07-31,Placer,061,380077,26074,25104,1958,27062,306
2021-07-31,Plumas,063,18699,779,743,14,757,5
2021-07-31,Riverside,065,2383286,307784,300315,14776,315091,4554
2021-07-31,Sacramento,067,1510023,118729,115259,2285,117544,1720
2021-07-31,San Benito,069,59416,6301,6251,117,6368,63
2021-07-31,San Bernardino,071,2135413,305494,300726,9479,310205,5240
2021-07-31,San Diego,073,3302833,301540,295054,17302,312356,3798
2021-07-31,San Francisco,075,870044,42427,40412,1629,42041,562
2021-07-31,San Joaquin,077,732212,78204,76575,3992,80567,1443
2021-07-31,San Luis Obispo,079,281455,22389,21922,822,22744,260
2021-07-31,San Mateo,081,765935,45650,44622,619,45241,548
2021-07-31,Santa Barbara,083,443738,36482,35531,1294,36825,467
2021-07-31,Santa Clara,085,1922200,125069,122614,878,123492,2099
2021-07-31,Santa Cruz,087,273765,16963,16576,836,17412,207
2021-07-31,Shasta,089,179085,13306,12918,1787,14705,212
2021-07-31,Sierra,091,2930,76,68,12,80,0
2021-07-31,Siskiyou,093,43540,2086,1976,440,2416,31
2021-07-31,Solano,095,438530,36453,35340,760,36100,263
2021-07-31,Sonoma,097,501317,33628,32601,394,32995,329
2021-07-31,Stanislaus,099,539301,59996,58586,6397,64983,1035
2021-07-31,Sutter,101,95872,10360,10068,106,10174,127
2021-07-31,Tehama,103,63373,5319,5216,623,5839,66
2021-07-31,Trinity,105,12862,515,354,116,470,3
2021-07-31,Tulare,107,460477,51554,50409,9804,60213,854
2021-07-31,Tuolumne,109,53932,4600,4362,46,4408,64
2021-07-31,Ventura,111,848112,85103,83509,3529,87038,1044
2021-07-31,Yolo,113,214977,15301,14863,511,15374,215
2021-07-31,Yuba,115,75493,6854,6615,151,6766,50
2021-07-30,Alameda,001,1643700,97984,95279,2253,97532,1265
2021-07-30,Alpine,003,1148,90,89,0,89,0
2021-07-30,Amador,005,37829,3970,3877,34,3911,48
2021-07-30,Butte,007,227075,13596,13235,2040,15275,205
2021-07-30,Calaveras,009,45235,2345,2294,16,2310,57
2021-07-30,Colusa,011,21464,2049,2006,356,2362,16
2021-07-30,Contra Costa,013,1133247,78365,75866,1541,77407,832
2021-07-30,Del Norte,015,27424,1722,1576,14,1590,8
2021-07-30,El Dorado,017,186661,11391,11017,882,11899,116
2021-07-30,Fresno,019,978130,106935,104639,9240,113879,1744
2021-07-30,Glenn,021,27897,2512,2465,593,3058,20
2021-07-30,Humboldt,023,135768,5284,4978,79,5057,52
2021-07-30,Imperial,025,180216,29456,29164,2872,32036,743
2021-07-30,Inyo,027,18085,1463,1442,14,1456,38
2021-07-30,Kern,029,883053,100542,98903,12120,111023,1357
2021-07-30,Kings,031,150075,24059,23548,1198,24746,248
2021-07-30,Lake,033,64148,4442,4238,17,4255,66
2021-07-30,Lassen,035,31185,5358,5320,123,5443,21
2021-07-30,Los Angeles,037,10098052,1268395,1248545,46118,1294663,24691
2021-07-30,Madera,039,155013,17435,17058,1029,18087,245
2021-07-30,Marin,041,260295,15082,14701,297,14998,239
2021-07-30,Mariposa,043,17540,489,470,11,481,5
2021-07-30,Mendocino,045,87422,4598,4400,88,4488,49
2021-07-30,Merced,047,269075,32290,31959,1062,33021,474
2021-07-30,Modoc,049,8938,427,413,149,562,5
2021-07-30,Mono,051,14174,1297,1287,17,1304,3
2021-07-30,Monterey,053,433212,44060,43720,2020,45740,525
2021-07-30,Napa,055,140530,10594,10401,54,10455,82
2021-07-30,Nevada,057,99092,5777,5373,207,5580,72
2021-07-30,Orange,059,3164182,268441,263446,12298,275744,5144
2021-07-30,Placer,061,380077,25985,25104,1940,27044,306
2021-07-30,Plumas,063,18699,774,743,14,757,5
2021-07-30,Riverside,065,2383286,307147,300315,14766,315081,4554
2021-07-30,Sacramento,067,1510023,118278,115259,2281,117540,1720
2021-07-30,San Benito,069,59416,6294,6251,117,6368,63
2021-07-30,San Bernardino,071,2135413,304982,300726,9473,310199,5240
2021-07-30,San Diego,073,3302833,300767,295054,17244,312298,3798
2021-07-30,San Francisco,075,870044,42212,40412,1614,42026,562
2021-07-30,San Joaquin,077,732212,78050,76575,3987,80562,1443
2021-07-30,San Luis Obispo,079,281455,22351,21922,818,22740,260
2021-07-30,San Mateo,081,765935,45526,44622,606,45228,548
2021-07-30,Santa Barbara,083,443738,36413,35531,1288,36819,467
2021-07-30,Santa Clara,085,1922200,124845,122614,876,123490,2099
2021-07-30,Santa Cruz,087,273765,16937,16576,834,17410,207
2021-07-30,Shasta,089,179085,13259,12918,1787,14705,212
2021-07-30,Sierra,091,2930,75,68,12,80,0
2021-07-30,Siskiyou,093,43540,2077,1976,439,2415,31
2021-07-30,Solano,095,438530,36362,35340,744,36084,263
2021-07-30,Sonoma,097,501317,33533,32601,394,32995,329
2021-07-30,Stanislaus,099,539301,59851,58586,6376,64962,1035
2021-07-30,Sutter,101,95872,10324,10068,106,10174,127
2021-07-30,Tehama,103,63373,5308,5216,623,5839,66
2021-07-30,Trinity,105,12862,515,354,116,470,3
2021-07-30,Tulare,107,460477,51511,50409,9768,60177,854
2021-07-30,Tuolumne,109,53932,4582,4362,46,4408,64
2021-07-30,Ventura,111,848112,84939,83509,3514,87023,1044
2021-07-30,Yolo,113,214977,15239,14863,507,15370,215
2021-07-30,Yuba,115,75493,6818,6615,150,6765,50
2021-07-29,Alameda,001,1643700,97558,95279,2247,97526,1265
2021-07-29,Alpine,003,1148,90,89,0,89,0
2021-07-29,Amador,005,37829,3951,3877,34,3911,48
2021-07-29,Butte,007,227075,13548,13235,2032,15267,205
2021-07-29,Calaveras,009,45235,2325,2294,16,2310,57
2021-07-29,Colusa,011,21464,2042,2006,356,2362,16
2021-07-29,Contra Costa,013,1133247,77928,75866,1537,77403,832
2021-07-29,Del Norte,015,27424,1698,1576,14,1590,8
2021-07-29,El Dorado,017,186661,11327,11017,870,11887,116
2021-07-29,Fresno,019,978130,106673,104639,9213,113852,1744
2021-07-29,Glenn,021,27897,2502,2465,592,3057,20
2021-07-29,Humboldt,023,135768,5223,4978,77,5055,52
2021-07-29,Imperial,025,180216,29410,29164,2870,32034,743
2021-07-29,Inyo,027,18085,1459,1442,14,1456,38
2021-07-29,Kern,029,883053,100335,98903,12042,110945,1357
2021-07-29,Kings,031,150075,24014,23548,1194,24742,248
2021-07-29,Lake,033,64148,4407,4238,17,4255,66
2021-07-29,Lassen,035,31185,5350,5320,120,5440,21
2021-07-29,Los Angeles,037,10098052,1265306,1248545,45935,1294480,24691
2021-07-29,Madera,039,155013,17388,17058,1025,18083,245
2021-07-29,Marin,041,260295,15039,14701,297,14998,239
2021-07-29,Mariposa,043,17540,485,470,11,481,5
2021-07-29,Mendocino,045,87422,4575,4400,86,4486,49
2021-07-29,Merced,047,269075,32235,31959,1062,33021,474
2021-07-29,Modoc,049,8938,427,413,149,562,5
2021-07-29,Mono,051,14174,1296,1287,17,1304,3
2021-07-29,Monterey,053,433212,44011,43720,2010,45730,525
2021-07-29,Napa,055,140530,10562,10401,52,10453,82
2021-07-29,Nevada,057,99092,5725,5373,206,5579,72
2021-07-29,Orange,059,3164182,267730,263446,12266,275712,5144
2021-07-29,Placer,061,380077,25862,25104,1925,27029,306
2021-07-29,Plumas,063,18699,766,743,14,757,5
2021-07-29,Riverside,065,2383286,306442,300315,14742,315057,4554
2021-07-29,Sacramento,067,1510023,117724,115259,2268,117527,1720
2021-07-29,San Benito,069,59416,6283,6251,117,6368,63
2021-07-29,San Bernardino,071,2135413,304344,300726,9463,310189,5240
2021-07-29,San Diego,073,3302833,299705,295054,17184,312238,3798
2021-07-29,San Francisco,075,870044,41964,40412,1593,42005,562
2021-07-29,San Joaquin,077,732212,77795,76575,3979,80554,1443
2021-07-29,San Luis Obispo,079,281455,22298,21922,816,22738,260
2021-07-29,San Mateo,081,765935,45399,44622,596,45218,548
2021-07-29,Santa Barbara,083,443738,36328,35531,1287,36818,467
2021-07-29,Santa Clara,085,1922200,124548,122614,873,123487,2099
2021-07-29,Santa Cruz,087,273765,16884,16576,832,17408,207
2021-07-29,Shasta,089,179085,13205,12918,1778,14696,212
2021-07-29,Sierra,091,2930,75,68,12,80,0
2021-07-29,Siskiyou,093,43540,2072,1976,437,2413,31
2021-07-29,Solano,095,438530,36202,35340,734,36074,263
2021-07-29,Sonoma,097,501317,33358,32601,392,32993,329
2021-07-29,Stanislaus,099,539301,59678,58586,6359,64945,1035
2021-07-29,Sutter,101,95872,10278,10068,105,10173,127
2021-07-29,Tehama,103,63373,5296,5216,617,5833,66
2021-07-29,Trinity,105,12862,513,354,115,469,3
2021-07-29,Tulare,107,460477,51421,50409,9728,60137,854
2021-07-29,Tuolumne,109,53932,4544,4362,45,4407,64
2021-07-29,Ventura,111,848112,84772,83509,3507,87016,1044
2021-07-29,Yolo,113,214977,15171,14863,493,15356,215
2021-07-29,Yuba,115,75493,6770,6615,147,6762,50
2021-07-28,Alameda,001,1643700,97096,94965,2240,97205,1262
2021-07-28,Alpine,003,1148,90,89,0,89,0
2021-07-28,Amador,005,37829,3937,3870,34,3904,48
2021-07-28,Butte,007,227075,13492,13184,2019,15203,205
2021-07-28,Calaveras,009,45235,2311,2289,16,2305,57
2021-07-28,Colusa,011,21464,2038,2001,355,2356,16
2021-07-28,Contra Costa,013,1133247,77442,75487,1529,77016,832
2021-07-28,Del Norte,015,27424,1665,1545,14,1559,8
2021-07-28,El Dorado,017,186661,11278,10967,860,11827,116
2021-07-28,Fresno,019,978130,106427,104458,9193,113651,1744
2021-07-28,Glenn,021,27897,2498,2464,589,3053,20
2021-07-28,Humboldt,023,135768,5172,4946,76,5022,52
2021-07-28,Imperial,025,180216,29363,29096,2870,31966,743
2021-07-28,Inyo,027,18085,1453,1439,13,1452,38
2021-07-28,Kern,029,883053,100178,98781,11995,110776,1352
2021-07-28,Kings,031,150075,23950,23503,1184,24687,248
2021-07-28,Lake,033,64148,4361,4191,15,4206,65
2021-07-28,Lassen,035,31185,5342,5318,120,5438,21
2021-07-28,Los Angeles,037,10098052,1262142,1245485,45764,1291249,24673
2021-07-28,Madera,039,155013,17347,17024,1019,18043,245
2021-07-28,Marin,041,260295,14984,14652,297,14949,239
2021-07-28,Mariposa,043,17540,478,469,11,480,5
2021-07-28,Mendocino,045,87422,4547,4377,86,4463,49
2021-07-28,Merced,047,269075,32171,31886,1058,32944,474
2021-07-28,Modoc,049,8938,425,413,149,562,5
2021-07-28,Mono,051,14174,1295,1286,17,1303,3
2021-07-28,Monterey,053,433212,43964,43668,2000,45668,524
2021-07-28,Napa,055,140530,10522,10376,50,10426,82
2021-07-28,Nevada,057,99092,5670,5320,206,5526,72
2021-07-28,Orange,059,3164182,266939,262735,12236,274971,5143
2021-07-28,Placer,061,380077,25714,24978,1909,26887,306
2021-07-28,Plumas,063,18699,761,754,14,768,5
2021-07-28,Riverside,065,2383286,305674,299611,14723,314334,4554
2021-07-28,Sacramento,067,1510023,117073,114665,2247,116912,1714
2021-07-28,San Benito,069,59416,6272,6236,117,6353,63
2021-07-28,San Bernardino,071,2135413,303714,300121,9451,309572,5236
2021-07-28,San Diego,073,3302833,298421,294176,17119,311295,3798
2021-07-28,San Francisco,075,870044,41630,40144,1567,41711,561
2021-07-28,San Joaquin,077,732212,77545,76312,3949,80261,1443
2021-07-28,San Luis Obispo,079,281455,22239,21865,815,22680,260
2021-07-28,San Mateo,081,765935,45249,44477,587,45064,547
2021-07-28,Santa Barbara,083,443738,36252,35431,1282,36713,467
2021-07-28,Santa Clara,085,1922200,124287,122345,871,123216,2099
2021-07-28,Santa Cruz,087,273765,16846,16551,831,17382,207
2021-07-28,Shasta,089,179085,13161,12882,1767,14649,212
2021-07-28,Sierra,091,2930,71,67,12,79,0
2021-07-28,Siskiyou,093,43540,2063,1971,434,2405,31
2021-07-28,Solano,095,438530,36028,35204,727,35931,262
2021-07-28,Sonoma,097,501317,33215,32434,389,32823,328
2021-07-28,Stanislaus,099,539301,59479,58427,6343,64770,1035
2021-07-28,Sutter,101,95872,10246,10033,104,10137,126
2021-07-28,Tehama,103,63373,5284,5209,614,5823,66
2021-07-28,Trinity,105,12862,512,352,115,467,3
2021-07-28,Tulare,107,460477,51333,50363,9680,60043,854
2021-07-28,Tuolumne,109,53932,4505,4313,45,4358,64
2021-07-28,Ventura,111,848112,84576,83360,3491,86851,1043
2021-07-28,Yolo,113,214977,15099,14801,485,15286,215
2021-07-28,Yuba,115,75493,6737,6591,146,6737,51
2021-07-27,Alameda,001,1643700,96691,94682,2231,96913,1256
2021-07-27,Alpine,003,1148,90,89,0,89,0
2021-07-27,Amador,005,37829,3921,3861,34,3895,48
2021-07-27,Butte,007,227075,13443,13127,2008,15135,205
2021-07-27,Calaveras,009,45235,2299,2280,16,2296,57
2021-07-27,Colusa,011,21464,2030,1999,354,2353,16
2021-07-27,Contra Costa,013,1133247,76954,75227,1525,76752,830
2021-07-27,Del Norte,015,27424,1645,1538,14,1552,8
2021-07-27,El Dorado,017,186661,11218,10941,850,11791,116
2021-07-27,Fresno,019,978130,106134,104288,9169,113457,1746
2021-07-27,Glenn,021,27897,2490,2460,587,3047,20
2021-07-27,Humboldt,023,135768,5118,4925,75,5000,52
2021-07-27,Imperial,025,180216,29318,29048,2869,31917,743
2021-07-27,Inyo,027,18085,1451,1430,13,1443,38
2021-07-27,Kern,029,883053,100008,98724,11939,110663,1352
2021-07-27,Kings,031,150075,23893,23463,1174,24637,248
2021-07-27,Lake,033,64148,4322,4157,15,4172,65
2021-07-27,Lassen,035,31185,5336,5315,120,5435,21
2021-07-27,Los Angeles,037,10098052,1258700,1243336,45593,1288929,24658
2021-07-27,Madera,039,155013,17294,16998,1014,18012,245
2021-07-27,Marin,041,260295,14936,14631,294,14925,239
2021-07-27,Mariposa,043,17540,475,468,11,479,5
2021-07-27,Mendocino,045,87422,4523,4371,86,4457,49
2021-07-27,Merced,047,269075,32104,31825,1055,32880,473
2021-07-27,Modoc,049,8938,424,413,149,562,5
2021-07-27,Mono,051,14174,1291,1288,17,1305,3
2021-07-27,Monterey,053,433212,43924,43646,1989,45635,523
2021-07-27,Napa,055,140530,10492,10354,50,10404,82
2021-07-27,Nevada,057,99092,5593,5305,204,5509,72
2021-07-27,Orange,059,3164182,266195,262193,12211,274404,5143
2021-07-27,Placer,061,380077,25555,24916,1883,26799,306
2021-07-27,Plumas,063,18699,758,752,14,766,5
2021-07-27,Riverside,065,2383286,304943,299160,14704,313864,4554
2021-07-27,Sacramento,067,1510023,116470,114413,2238,116651,1710
2021-07-27,San Benito,069,59416,6263,6229,117,6346,63
2021-07-27,San Bernardino,071,2135413,303008,299593,9429,309022,5236
2021-07-27,San Diego,073,3302833,297330,293408,17046,310454,3798
2021-07-27,San Francisco,075,870044,41270,39939,1549,41488,561
2021-07-27,San Joaquin,077,732212,77283,76166,3929,80095,1442
2021-07-27,San Luis Obispo,079,281455,22184,21803,806,22609,260
2021-07-27,San Mateo,081,765935,45097,44378,584,44962,547
2021-07-27,Santa Barbara,083,443738,36154,35355,1280,36635,467
2021-07-27,Santa Clara,085,1922200,123993,122154,869,123023,2099
2021-07-27,Santa Cruz,087,273765,16800,16523,830,17353,207
2021-07-27,Shasta,089,179085,13110,12846,1754,14600,212
2021-07-27,Sierra,091,2930,71,65,12,77,0
2021-07-27,Siskiyou,093,43540,2058,1964,431,2395,31
2021-07-27,Solano,095,438530,35896,35093,717,35810,261
2021-07-27,Sonoma,097,501317,33070,32367,387,32754,328
2021-07-27,Stanislaus,099,539301,59307,58333,6317,64650,1033
2021-07-27,Sutter,101,95872,10205,9998,104,10102,115
2021-07-27,Tehama,103,63373,5263,5192,612,5804,66
2021-07-27,Trinity,105,12862,511,351,115,466,3
2021-07-27,Tulare,107,460477,51265,50324,9650,59974,854
2021-07-27,Tuolumne,109,53932,4453,4282,45,4327,64
2021-07-27,Ventura,111,848112,84368,83189,3479,86668,1043
2021-07-27,Yolo,113,214977,15025,14759,479,15238,215
2021-07-27,Yuba,115,75493,6715,6564,144,6708,51
2021-07-26,Alameda,001,1643700,96236,94436,2224,96660,1259
2021-07-26,Alpine,003,1148,90,89,0,89,0
2021-07-26,Amador,005,37829,3911,3854,34,3888,48
2021-07-26,Butte,007,227075,13388,13082,1997,15079,203
2021-07-26,Calaveras,009,45235,2294,2276,16,2292,57
2021-07-26,Colusa,011,21464,2023,1996,352,2348,16
2021-07-26,Contra Costa,013,1133247,76453,74854,1518,76372,830
2021-07-26,Del Norte,015,27424,1624,1530,14,1544,8
2021-07-26,El Dorado,017,186661,11154,10899,847,11746,116
2021-07-26,Fresno,019,978130,105931,104143,9146,113289,1742
2021-07-26,Glenn,021,27897,2488,2461,586,3047,20
2021-07-26,Humboldt,023,135768,5079,4906,73,4979,52
2021-07-26,Imperial,025,180216,29278,29034,2868,31902,743
2021-07-26,Inyo,027,18085,1446,1429,13,1442,38
2021-07-26,Kern,029,883053,99842,98633,11874,110507,1351
2021-07-26,Kings,031,150075,23844,23426,1170,24596,247
2021-07-26,Lake,033,64148,4301,4133,15,4148,65
2021-07-26,Lassen,035,31185,5332,5314,120,5434,21
2021-07-26,Los Angeles,037,10098052,1255374,1241527,45423,1286950,24647
2021-07-26,Madera,039,155013,17266,16971,1007,17978,245
2021-07-26,Marin,041,260295,14879,14579,293,14872,239
2021-07-26,Mariposa,043,17540,474,467,11,478,5
2021-07-26,Mendocino,045,87422,4503,4354,86,4440,49
2021-07-26,Merced,047,269075,32020,31774,1051,32825,473
2021-07-26,Modoc,049,8938,424,413,149,562,5
2021-07-26,Mono,051,14174,1290,1286,17,1303,3
2021-07-26,Monterey,053,433212,43881,43595,1976,45571,521
2021-07-26,Napa,055,140530,10469,10332,50,10382,82
2021-07-26,Nevada,057,99092,5507,5280,204,5484,72
2021-07-26,Orange,059,3164182,265559,261803,12190,273993,5142
2021-07-26,Placer,061,380077,25420,24842,1862,26704,304
2021-07-26,Plumas,063,18699,754,750,14,764,5
2021-07-26,Riverside,065,2383286,304249,298626,14690,313316,4553
2021-07-26,Sacramento,067,1510023,115869,113986,2222,116208,1705
2021-07-26,San Benito,069,59416,6257,6222,117,6339,63
2021-07-26,San Bernardino,071,2135413,302396,299238,9416,308654,5237
2021-07-26,San Diego,073,3302833,296217,292688,16972,309660,3793
2021-07-26,San Francisco,075,870044,40916,39800,1523,41323,561
2021-07-26,San Joaquin,077,732212,77048,76033,3925,79958,1440
2021-07-26,San Luis Obispo,079,281455,22135,21752,803,22555,260
2021-07-26,San Mateo,081,765935,44948,44297,575,44872,547
2021-07-26,Santa Barbara,083,443738,36083,35311,1268,36579,467
2021-07-26,Santa Clara,085,1922200,123684,121978,860,122838,2099
2021-07-26,Santa Cruz,087,273765,16761,16493,827,17320,207
2021-07-26,Shasta,089,179085,13061,12819,1741,14560,211
2021-07-26,Sierra,091,2930,70,65,12,77,0
2021-07-26,Siskiyou,093,43540,2055,1962,429,2391,31
2021-07-26,Solano,095,438530,35741,34990,709,35699,259
2021-07-26,Sonoma,097,501317,32935,32283,385,32668,328
2021-07-26,Stanislaus,099,539301,59161,58219,6298,64517,1033
2021-07-26,Sutter,101,95872,10165,9963,101,10064,115
2021-07-26,Tehama,103,63373,5253,5183,608,5791,66
2021-07-26,Trinity,105,12862,511,351,114,465,3
2021-07-26,Tulare,107,460477,51200,50265,9618,59883,854
2021-07-26,Tuolumne,109,53932,4423,4271,45,4316,64
2021-07-26,Ventura,111,848112,84195,83072,3464,86536,1041
2021-07-26,Yolo,113,214977,14964,14727,466,15193,215
2021-07-26,Yuba,115,75493,6681,6538,142,6680,51
2021-07-25,Alameda,001,1643700,95748,94146,2218,96364,1259
2021-07-25,Alpine,003,1148,88,89,0,89,0
2021-07-25,Amador,005,37829,3896,3848,34,3882,48
2021-07-25,Butte,007,227075,13349,13074,1987,15061,203
2021-07-25,Calaveras,009,45235,2283,2275,16,2291,57
2021-07-25,Colusa,011,21464,2014,1996,348,2344,16
2021-07-25,Contra Costa,013,1133247,75968,74634,1504,76138,830
2021-07-25,Del Norte,015,27424,1603,1526,14,1540,8
2021-07-25,El Dorado,017,186661,11096,10878,844,11722,116
2021-07-25,Fresno,019,978130,105690,104019,9130,113149,1742
2021-07-25,Glenn,021,27897,2479,2461,584,3045,20
2021-07-25,Humboldt,023,135768,5020,4892,71,4963,52
2021-07-25,Imperial,025,180216,29242,29037,2867,31904,743
2021-07-25,Inyo,027,18085,1441,1427,13,1440,38
2021-07-25,Kern,029,883053,99670,98503,11803,110306,1351
2021-07-25,Kings,031,150075,23790,23396,1166,24562,247
2021-07-25,Lake,033,64148,4248,4109,14,4123,65
2021-07-25,Lassen,035,31185,5328,5314,120,5434,21
2021-07-25,Los Angeles,037,10098052,1251974,1239596,45248,1284844,24643
2021-07-25,Madera,039,155013,17229,16947,1000,17947,245
2021-07-25,Marin,041,260295,14829,14558,290,14848,239
2021-07-25,Mariposa,043,17540,471,465,11,476,5
2021-07-25,Mendocino,045,87422,4473,4335,84,4419,49
2021-07-25,Merced,047,269075,31948,31760,1049,32809,473
2021-07-25,Modoc,049,8938,424,413,149,562,5
2021-07-25,Mono,051,14174,1287,1286,17,1303,3
2021-07-25,Monterey,053,433212,43842,43590,1968,45558,521
2021-07-25,Napa,055,140530,10433,10316,49,10365,82
2021-07-25,Nevada,057,99092,5442,5256,201,5457,72
2021-07-25,Orange,059,3164182,264851,261351,12167,273518,5142
2021-07-25,Placer,061,380077,25299,24755,1841,26596,304
2021-07-25,Plumas,063,18699,752,750,14,764,5
2021-07-25,Riverside,065,2383286,303485,298181,14672,312853,4553
2021-07-25,Sacramento,067,1510023,115320,113611,2206,115817,1704
2021-07-25,San Benito,069,59416,6250,6217,117,6334,63
2021-07-25,San Bernardino,071,2135413,301742,298982,9410,308392,5237
2021-07-25,San Diego,073,3302833,295143,290626,16904,307530,3793
2021-07-25,San Francisco,075,870044,40578,39663,1498,41161,561
2021-07-25,San Joaquin,077,732212,76793,75926,3906,79832,1440
2021-07-25,San Luis Obispo,079,281455,22062,21741,800,22541,260
2021-07-25,San Mateo,081,765935,44785,44189,569,44758,547
2021-07-25,Santa Barbara,083,443738,36005,35261,1265,36526,467
2021-07-25,Santa Clara,085,1922200,123353,121800,855,122655,2099
2021-07-25,Santa Cruz,087,273765,16714,16474,826,17300,207
2021-07-25,Shasta,089,179085,13014,12815,1736,14551,211
2021-07-25,Sierra,091,2930,70,65,12,77,0
2021-07-25,Siskiyou,093,43540,2047,1963,426,2389,31
2021-07-25,Solano,095,438530,35547,34863,706,35569,259
2021-07-25,Sonoma,097,501317,32810,32202,382,32584,328
2021-07-25,Stanislaus,099,539301,58994,58154,6293,64447,1033
2021-07-25,Sutter,101,95872,10111,9937,99,10036,115
2021-07-25,Tehama,103,63373,5237,5181,607,5788,66
2021-07-25,Trinity,105,12862,509,351,112,463,3
2021-07-25,Tulare,107,460477,51123,50221,9580,59801,854
2021-07-25,Tuolumne,109,53932,4371,4267,45,4312,64
2021-07-25,Ventura,111,848112,83981,82986,3442,86428,1041
2021-07-25,Yolo,113,214977,14903,14693,452,15145,215
2021-07-25,Yuba,115,75493,6648,6519,142,6661,51
2021-07-24,Alameda,001,1643700,95471,93170,2213,95383,1259
2021-07-24,Alpine,003,1148,88,89,0,89,0
2021-07-24,Amador,005,37829,3887,3816,34,3850,48
2021-07-24,Butte,007,227075,13320,12982,1985,14967,203
2021-07-24,Calaveras,009,45235,2279,2267,16,2283,57
2021-07-24,Colusa,011,21464,2013,1992,346,2338,16
2021-07-24,Contra Costa,013,1133247,75743,73682,1501,75183,830
2021-07-24,Del Norte,015,27424,1592,1497,14,1511,8
2021-07-24,El Dorado,017,186661,11062,10773,841,11614,116
2021-07-24,Fresno,019,978130,105572,103637,9121,112758,1736
2021-07-24,Glenn,021,27897,2478,2457,584,3041,20
2021-07-24,Humboldt,023,135768,4986,4780,70,4850,52
2021-07-24,Imperial,025,180216,29222,28996,2867,31863,742
2021-07-24,Inyo,027,18085,1438,1424,13,1437,38
2021-07-24,Kern,029,883053,99591,98261,11781,110042,1350
2021-07-24,Kings,031,150075,23759,23304,1163,24467,246
2021-07-24,Lake,033,64148,4225,3963,14,3977,64
2021-07-24,Lassen,035,31185,5327,5311,120,5431,21
2021-07-24,Los Angeles,037,10098052,1250208,1232164,45128,1277292,24623
2021-07-24,Madera,039,155013,17205,16885,998,17883,245
2021-07-24,Marin,041,260295,14790,14454,290,14744,238
2021-07-24,Mariposa,043,17540,471,453,11,464,5
2021-07-24,Mendocino,045,87422,4448,4293,84,4377,49
2021-07-24,Merced,047,269075,31926,31661,1048,32709,473
2021-07-24,Modoc,049,8938,424,413,149,562,5
2021-07-24,Mono,051,14174,1285,1284,17,1301,3
2021-07-24,Monterey,053,433212,43817,43525,1961,45486,521
2021-07-24,Napa,055,140530,10417,10230,49,10279,81
2021-07-24,Nevada,057,99092,5409,5183,201,5384,72
2021-07-24,Orange,059,3164182,264386,259973,12154,272127,5141
2021-07-24,Placer,061,380077,25216,24530,1836,26366,303
2021-07-24,Plumas,063,18699,751,737,14,751,4
2021-07-24,Riverside,065,2383286,303017,296912,14662,311574,4552
2021-07-24,Sacramento,067,1510023,115002,112438,2202,114640,1698
2021-07-24,San Benito,069,59416,6246,6200,116,6316,63
2021-07-24,San Bernardino,071,2135413,301351,297899,9401,307300,5236
2021-07-24,San Diego,073,3302833,294676,289368,16877,306245,3788
2021-07-24,San Francisco,075,870044,40414,38954,1481,40435,561
2021-07-24,San Joaquin,077,732212,76666,75461,3895,79356,1436
2021-07-24,San Luis Obispo,079,281455,22031,21616,798,22414,260
2021-07-24,San Mateo,081,765935,44667,43880,563,44443,542
2021-07-24,Santa Barbara,083,443738,35946,35071,1261,36332,465
2021-07-24,Santa Clara,085,1922200,123141,121092,854,121946,2099
2021-07-24,Santa Cruz,087,273765,16692,16416,826,17242,207
2021-07-24,Shasta,089,179085,12986,12759,1733,14492,211
2021-07-24,Sierra,091,2930,69,64,12,76,0
2021-07-24,Siskiyou,093,43540,2047,1951,426,2377,31
2021-07-24,Solano,095,438530,35455,34499,697,35196,259
2021-07-24,Sonoma,097,501317,32686,31928,380,32308,327
2021-07-24,Stanislaus,099,539301,58901,57879,6283,64162,1030
2021-07-24,Sutter,101,95872,10084,9890,99,9989,115
2021-07-24,Tehama,103,63373,5230,5166,605,5771,65
2021-07-24,Trinity,105,12862,509,345,112,457,3
2021-07-24,Tulare,107,460477,51080,50104,9562,59666,854
2021-07-24,Tuolumne,109,53932,4345,4216,45,4261,64
2021-07-24,Ventura,111,848112,83854,82687,3425,86112,1041
2021-07-24,Yolo,113,214977,14866,14557,449,15006,214
2021-07-24,Yuba,115,75493,6629,6449,142,6591,51
2021-07-23,Alameda,001,1643700,95217,93170,2207,95377,1259
2021-07-23,Alpine,003,1148,88,89,0,89,0
2021-07-23,Amador,005,37829,3880,3816,34,3850,48
2021-07-23,Butte,007,227075,13291,12982,1977,14959,203
2021-07-23,Calaveras,009,45235,2277,2267,16,2283,57
2021-07-23,Colusa,011,21464,2012,1992,346,2338,16
2021-07-23,Contra Costa,013,1133247,75486,73682,1491,75173,830
2021-07-23,Del Norte,015,27424,1584,1497,14,1511,8
2021-07-23,El Dorado,017,186661,11033,10773,837,11610,116
2021-07-23,Fresno,019,978130,105441,103637,9112,112749,1736
2021-07-23,Glenn,021,27897,2476,2457,581,3038,20
2021-07-23,Humboldt,023,135768,4965,4780,68,4848,52
2021-07-23,Imperial,025,180216,29210,28996,2867,31863,742
2021-07-23,Inyo,027,18085,1435,1424,13,1437,38
2021-07-23,Kern,029,883053,99508,98261,11755,110016,1350
2021-07-23,Kings,031,150075,23728,23304,1160,24464,246
2021-07-23,Lake,033,64148,4195,3963,14,3977,64
2021-07-23,Lassen,035,31185,5325,5311,120,5431,21
2021-07-23,Los Angeles,037,10098052,1248283,1232164,45042,1277206,24623
2021-07-23,Madera,039,155013,17175,16885,993,17878,245
2021-07-23,Marin,041,260295,14753,14454,288,14742,238
2021-07-23,Mariposa,043,17540,468,453,11,464,5
2021-07-23,Mendocino,045,87422,4435,4293,84,4377,49
2021-07-23,Merced,047,269075,31900,31661,1048,32709,473
2021-07-23,Modoc,049,8938,424,413,149,562,5
2021-07-23,Mono,051,14174,1284,1284,17,1301,3
2021-07-23,Monterey,053,433212,43792,43525,1961,45486,521
2021-07-23,Napa,055,140530,10396,10230,49,10279,81
2021-07-23,Nevada,057,99092,5364,5183,201,5384,72
2021-07-23,Orange,059,3164182,263936,259973,12131,272104,5141
2021-07-23,Placer,061,380077,25136,24530,1820,26350,303
2021-07-23,Plumas,063,18699,749,737,14,751,4
2021-07-23,Riverside,065,2383286,302552,296912,14650,311562,4552
2021-07-23,Sacramento,067,1510023,114646,112438,2200,114638,1698
2021-07-23,San Benito,069,59416,6240,6200,116,6316,63
2021-07-23,San Bernardino,071,2135413,300974,297899,9392,307291,5236
2021-07-23,San Diego,073,3302833,294075,289368,16829,306197,3788
2021-07-23,San Francisco,075,870044,40231,38954,1468,40422,561
2021-07-23,San Joaquin,077,732212,76566,75461,3880,79341,1436
2021-07-23,San Luis Obispo,079,281455,21993,21616,798,22414,260
2021-07-23,San Mateo,081,765935,44562,43880,558,44438,542
2021-07-23,Santa Barbara,083,443738,35879,35071,1260,36331,465
2021-07-23,Santa Clara,085,1922200,122922,121092,851,121943,2099
2021-07-23,Santa Cruz,087,273765,16667,16416,826,17242,207
2021-07-23,Shasta,089,179085,12959,12759,1730,14489,211
2021-07-23,Sierra,091,2930,69,64,12,76,0
2021-07-23,Siskiyou,093,43540,2045,1951,426,2377,31
2021-07-23,Solano,095,438530,35362,34499,693,35192,259
2021-07-23,Sonoma,097,501317,32592,31928,379,32307,327
2021-07-23,Stanislaus,099,539301,58821,57879,6273,64152,1030
2021-07-23,Sutter,101,95872,10055,9890,99,9989,115
2021-07-23,Tehama,103,63373,5221,5166,605,5771,65
2021-07-23,Trinity,105,12862,508,345,111,456,3
2021-07-23,Tulare,107,460477,51034,50104,9537,59641,854
2021-07-23,Tuolumne,109,53932,4323,4216,45,4261,64
2021-07-23,Ventura,111,848112,83692,82687,3407,86094,1041
2021-07-23,Yolo,113,214977,14827,14557,442,14999,214
2021-07-23,Yuba,115,75493,6603,6449,141,6590,51
2021-07-22,Alameda,001,1643700,94855,93170,2202,95372,1259
2021-07-22,Alpine,003,1148,88,89,0,89,0
2021-07-22,Amador,005,37829,3871,3816,34,3850,48
2021-07-22,Butte,007,227075,13257,12982,1968,14950,203
2021-07-22,Calaveras,009,45235,2274,2267,16,2283,57
2021-07-22,Colusa,011,21464,2010,1992,343,2335,16
2021-07-22,Contra Costa,013,1133247,75146,73682,1487,75169,830
2021-07-22,Del Norte,015,27424,1567,1497,14,1511,8
2021-07-22,El Dorado,017,186661,10998,10773,829,11602,116
2021-07-22,Fresno,019,978130,105312,103637,9102,112739,1736
2021-07-22,Glenn,021,27897,2472,2457,581,3038,20
2021-07-22,Humboldt,023,135768,4934,4780,66,4846,52
2021-07-22,Imperial,025,180216,29180,28996,2867,31863,742
2021-07-22,Inyo,027,18085,1433,1424,13,1437,38
2021-07-22,Kern,029,883053,99392,98261,11713,109974,1350
2021-07-22,Kings,031,150075,23689,23304,1158,24462,246
2021-07-22,Lake,033,64148,4144,3963,14,3977,64
2021-07-22,Lassen,035,31185,5322,5311,120,5431,21
2021-07-22,Los Angeles,037,10098052,1245879,1232164,44885,1277049,24623
2021-07-22,Madera,039,155013,17140,16885,991,17876,245
2021-07-22,Marin,041,260295,14712,14454,287,14741,238
2021-07-22,Mariposa,043,17540,461,453,11,464,5
2021-07-22,Mendocino,045,87422,4422,4293,83,4376,49
2021-07-22,Merced,047,269075,31858,31661,1046,32707,473
2021-07-22,Modoc,049,8938,424,413,149,562,5
2021-07-22,Mono,051,14174,1283,1284,17,1301,3
2021-07-22,Monterey,053,433212,43763,43525,1955,45480,521
2021-07-22,Napa,055,140530,10378,10230,49,10279,81
2021-07-22,Nevada,057,99092,5338,5183,200,5383,72
2021-07-22,Orange,059,3164182,263382,259973,12122,272095,5141
2021-07-22,Placer,061,380077,25042,24530,1809,26339,303
2021-07-22,Plumas,063,18699,748,737,14,751,4
2021-07-22,Riverside,065,2383286,302043,296912,14629,311541,4552
2021-07-22,Sacramento,067,1510023,114209,112438,2191,114629,1698
2021-07-22,San Benito,069,59416,6232,6200,116,6316,63
2021-07-22,San Bernardino,071,2135413,300577,297899,9376,307275,5236
2021-07-22,San Diego,073,3302833,293352,289368,16769,306137,3788
2021-07-22,San Francisco,075,870044,40018,38954,1456,40410,561
2021-07-22,San Joaquin,077,732212,76423,75461,3867,79328,1436
2021-07-22,San Luis Obispo,079,281455,21956,21616,794,22410,260
2021-07-22,San Mateo,081,765935,44450,43880,553,44433,542
2021-07-22,Santa Barbara,083,443738,35815,35071,1258,36329,465
2021-07-22,Santa Clara,085,1922200,122680,121092,848,121940,2099
2021-07-22,Santa Cruz,087,273765,16630,16416,826,17242,207
2021-07-22,Shasta,089,179085,12935,12759,1726,14485,211
2021-07-22,Sierra,091,2930,67,64,12,76,0
2021-07-22,Siskiyou,093,43540,2042,1951,426,2377,31
2021-07-22,Solano,095,438530,35212,34499,686,35185,259
2021-07-22,Sonoma,097,501317,32483,31928,377,32305,327
2021-07-22,Stanislaus,099,539301,58691,57879,6261,64140,1030
2021-07-22,Sutter,101,95872,10034,9890,99,9989,115
2021-07-22,Tehama,103,63373,5215,5166,605,5771,65
2021-07-22,Trinity,105,12862,508,345,111,456,3
2021-07-22,Tulare,107,460477,50991,50104,9509,59613,854
2021-07-22,Tuolumne,109,53932,4311,4216,45,4261,64
2021-07-22,Ventura,111,848112,83558,82687,3394,86081,1041
2021-07-22,Yolo,113,214977,14789,14557,441,14998,214
2021-07-22,Yuba,115,75493,6573,6449,138,6587,51
2021-07-21,Alameda,001,1643700,94525,92840,2199,95039,1256
2021-07-21,Alpine,003,1148,88,89,0,89,0
2021-07-21,Amador,005,37829,3858,3813,34,3847,48
2021-07-21,Butte,007,227075,13216,12939,1963,14902,203
2021-07-21,Calaveras,009,45235,2273,2257,16,2273,57
2021-07-21,Colusa,011,21464,2006,1988,342,2330,16
2021-07-21,Contra Costa,013,1133247,74881,73320,1478,74798,827
2021-07-21,Del Norte,015,27424,1557,1492,14,1506,8
2021-07-21,El Dorado,017,186661,10963,10742,825,11567,116
2021-07-21,Fresno,019,978130,105164,103504,9093,112597,1736
2021-07-21,Glenn,021,27897,2470,2455,580,3035,20
2021-07-21,Humboldt,023,135768,4902,4763,64,4827,52
2021-07-21,Imperial,025,180216,29168,28964,2860,31824,742
2021-07-21,Inyo,027,18085,1433,1423,13,1436,38
2021-07-21,Kern,029,883053,99274,98152,11672,109824,1350
2021-07-21,Kings,031,150075,23661,23270,1154,24424,246
2021-07-21,Lake,033,64148,4079,3896,14,3910,64
2021-07-21,Lassen,035,31185,5319,5310,120,5430,21
2021-07-21,Los Angeles,037,10098052,1243400,1229598,44760,1274358,24609
2021-07-21,Madera,039,155013,17116,16858,988,17846,245
2021-07-21,Marin,041,260295,14662,14427,287,14714,238
2021-07-21,Mariposa,043,17540,457,449,11,460,5
2021-07-21,Mendocino,045,87422,4404,4274,83,4357,49
2021-07-21,Merced,047,269075,31819,31607,1041,32648,473
2021-07-21,Modoc,049,8938,424,413,149,562,5
2021-07-21,Mono,051,14174,1280,1282,17,1299,3
2021-07-21,Monterey,053,433212,43733,43502,1951,45453,515
2021-07-21,Napa,055,140530,10352,10209,49,10258,81
2021-07-21,Nevada,057,99092,5303,5152,200,5352,72
2021-07-21,Orange,059,3164182,262831,259615,12091,271706,5139
2021-07-21,Placer,061,380077,24933,24441,1798,26239,303
2021-07-21,Plumas,063,18699,748,736,14,750,4
2021-07-21,Riverside,065,2383286,301530,296419,14612,311031,4552
2021-07-21,Sacramento,067,1510023,113793,112043,2180,114223,1696
2021-07-21,San Benito,069,59416,6222,6196,116,6312,63
2021-07-21,San Bernardino,071,2135413,300133,297519,9368,306887,5230
2021-07-21,San Diego,073,3302833,292504,288682,16705,305387,3787
2021-07-21,San Francisco,075,870044,39794,38699,1451,40150,559
2021-07-21,San Joaquin,077,732212,76234,75288,3855,79143,1434
2021-07-21,San Luis Obispo,079,281455,21919,21579,791,22370,260
2021-07-21,San Mateo,081,765935,44357,43755,549,44304,542
2021-07-21,Santa Barbara,083,443738,35756,34998,1242,36240,465
2021-07-21,Santa Clara,085,1922200,122470,120838,846,121684,2099
2021-07-21,Santa Cruz,087,273765,16596,16407,826,17233,207
2021-07-21,Shasta,089,179085,12902,12751,1723,14474,211
2021-07-21,Sierra,091,2930,67,64,12,76,0
2021-07-21,Siskiyou,093,43540,2040,1943,424,2367,31
2021-07-21,Solano,095,438530,35055,34374,681,35055,258
2021-07-21,Sonoma,097,501317,32367,31789,377,32166,327
2021-07-21,Stanislaus,099,539301,58589,57774,6252,64026,1028
2021-07-21,Sutter,101,95872,10010,9862,99,9961,113
2021-07-21,Tehama,103,63373,5211,5161,605,5766,65
2021-07-21,Trinity,105,12862,506,345,110,455,3
2021-07-21,Tulare,107,460477,50932,50066,9483,59549,854
2021-07-21,Tuolumne,109,53932,4274,4156,45,4201,64
2021-07-21,Ventura,111,848112,83436,82573,3382,85955,1041
2021-07-21,Yolo,113,214977,14748,14525,440,14965,213
2021-07-21,Yuba,115,75493,6545,6425,138,6563,52
2021-07-20,Alameda,001,1643700,94145,92625,2184,94809,1256
2021-07-20,Alpine,003,1148,88,89,0,89,0
2021-07-20,Amador,005,37829,3847,3807,34,3841,48
2021-07-20,Butte,007,227075,13179,12916,1958,14874,203
2021-07-20,Calaveras,009,45235,2270,2249,16,2265,57
2021-07-20,Colusa,011,21464,2006,1985,342,2327,16
2021-07-20,Contra Costa,013,1133247,74596,73143,1460,74603,825
2021-07-20,Del Norte,015,27424,1547,1490,14,1504,8
2021-07-20,El Dorado,017,186661,10923,10727,821,11548,116
2021-07-20,Fresno,019,978130,105028,103438,9074,112512,1736
2021-07-20,Glenn,021,27897,2470,2453,580,3033,20
2021-07-20,Humboldt,023,135768,4857,4735,62,4797,52
2021-07-20,Imperial,025,180216,29148,28933,2860,31793,742
2021-07-20,Inyo,027,18085,1429,1420,13,1433,36
2021-07-20,Kern,029,883053,99164,98082,11645,109727,1350
2021-07-20,Kings,031,150075,23620,23254,1150,24404,246
2021-07-20,Lake,033,64148,4054,3871,14,3885,64
2021-07-20,Lassen,035,31185,5319,5306,120,5426,21
2021-07-20,Los Angeles,037,10098052,1240623,1227404,44603,1272007,24603
2021-07-20,Madera,039,155013,17095,16856,984,17840,245
2021-07-20,Marin,041,260295,14627,14396,284,14680,234
2021-07-20,Mariposa,043,17540,455,448,11,459,5
2021-07-20,Mendocino,045,87422,4387,4259,83,4342,49
2021-07-20,Merced,047,269075,31781,31578,1034,32612,473
2021-07-20,Modoc,049,8938,424,413,149,562,5
2021-07-20,Mono,051,14174,1276,1281,17,1298,3
2021-07-20,Monterey,053,433212,43702,43481,1948,45429,515
2021-07-20,Napa,055,140530,10329,10191,49,10240,81
2021-07-20,Nevada,057,99092,5284,5148,199,5347,72
2021-07-20,Orange,059,3164182,262274,259303,12059,271362,5139
2021-07-20,Placer,061,380077,24841,24408,1774,26182,303
2021-07-20,Plumas,063,18699,746,736,14,750,4
2021-07-20,Riverside,065,2383286,300996,296118,14598,310716,4543
2021-07-20,Sacramento,067,1510023,113355,111796,2150,113946,1695
2021-07-20,San Benito,069,59416,6215,6196,116,6312,63
2021-07-20,San Bernardino,071,2135413,299722,297222,9343,306565,5231
2021-07-20,San Diego,073,3302833,291583,288209,16609,304818,3786
2021-07-20,San Francisco,075,870044,39537,38536,1440,39976,558
2021-07-20,San Joaquin,077,732212,76062,75198,3842,79040,1433
2021-07-20,San Luis Obispo,079,281455,21874,21556,790,22346,259
2021-07-20,San Mateo,081,765935,44240,43670,548,44218,542
2021-07-20,Santa Barbara,083,443738,35685,34935,1236,36171,462
2021-07-20,Santa Clara,085,1922200,122213,120704,844,121548,2098
2021-07-20,Santa Cruz,087,273765,16567,16399,826,17225,207
2021-07-20,Shasta,089,179085,12876,12734,1719,14453,211
2021-07-20,Sierra,091,2930,67,64,12,76,0
2021-07-20,Siskiyou,093,43540,2036,1931,423,2354,31
2021-07-20,Solano,095,438530,34922,34337,674,35011,258
2021-07-20,Sonoma,097,501317,32247,31763,376,32139,326
2021-07-20,Stanislaus,099,539301,58474,57706,6246,63952,1028
2021-07-20,Sutter,101,95872,9983,9854,96,9950,114
2021-07-20,Tehama,103,63373,5209,5153,605,5758,65
2021-07-20,Trinity,105,12862,504,344,109,453,3
2021-07-20,Tulare,107,460477,50890,50047,9466,59513,854
2021-07-20,Tuolumne,109,53932,4255,4156,45,4201,64
2021-07-20,Ventura,111,848112,83283,82504,3365,85869,1041
2021-07-20,Yolo,113,214977,14685,14495,437,14932,213
2021-07-20,Yuba,115,75493,6520,6393,135,6528,52
2021-07-19,Alameda,001,1643700,93774,92357,2168,94525,1256
2021-07-19,Alpine,003,1148,88,89,0,89,0
2021-07-19,Amador,005,37829,3843,3802,34,3836,48
2021-07-19,Butte,007,227075,13136,12901,1952,14853,202
2021-07-19,Calaveras,009,45235,2269,2245,16,2261,57
2021-07-19,Colusa,011,21464,2004,1981,341,2322,16
2021-07-19,Contra Costa,013,1133247,74284,72935,1440,74375,825
2021-07-19,Del Norte,015,27424,1534,1484,14,1498,8
2021-07-19,El Dorado,017,186661,10893,10703,813,11516,114
2021-07-19,Fresno,019,978130,104898,103350,9061,112411,1731
2021-07-19,Glenn,021,27897,2470,2452,579,3031,20
2021-07-19,Humboldt,023,135768,4827,4719,60,4779,52
2021-07-19,Imperial,025,180216,29121,28888,2860,31748,742
2021-07-19,Inyo,027,18085,1428,1417,13,1430,36
2021-07-19,Kern,029,883053,99052,97999,11610,109609,1349
2021-07-19,Kings,031,150075,23590,23221,1144,24365,246
2021-07-19,Lake,033,64148,4018,3848,14,3862,64
2021-07-19,Lassen,035,31185,5318,5305,120,5425,21
2021-07-19,Los Angeles,037,10098052,1238034,1225946,44415,1270361,24600
2021-07-19,Madera,039,155013,17072,16846,981,17827,244
2021-07-19,Marin,041,260295,14592,14369,281,14650,234
2021-07-19,Mariposa,043,17540,449,447,11,458,5
2021-07-19,Mendocino,045,87422,4369,4251,83,4334,49
2021-07-19,Merced,047,269075,31717,31565,1027,32592,472
2021-07-19,Modoc,049,8938,423,413,149,562,5
2021-07-19,Mono,051,14174,1274,1280,17,1297,3
2021-07-19,Monterey,053,433212,43678,43436,1947,45383,515
2021-07-19,Napa,055,140530,10304,10180,47,10227,81
2021-07-19,Nevada,057,99092,5256,5133,198,5331,72
2021-07-19,Orange,059,3164182,261751,258927,12027,270954,5138
2021-07-19,Placer,061,380077,24743,24359,1752,26111,303
2021-07-19,Plumas,063,18699,746,730,14,744,4
2021-07-19,Riverside,065,2383286,300507,295736,14560,310296,4543
2021-07-19,Sacramento,067,1510023,112992,111470,2126,113596,1696
2021-07-19,San Benito,069,59416,6212,6193,116,6309,63
2021-07-19,San Bernardino,071,2135413,299350,296929,9325,306254,5235
2021-07-19,San Diego,073,3302833,290694,287695,16508,304203,3786
2021-07-19,San Francisco,075,870044,39268,38463,1427,39890,560
2021-07-19,San Joaquin,077,732212,75897,75086,3836,78922,1431
2021-07-19,San Luis Obispo,079,281455,21829,21531,786,22317,259
2021-07-19,San Mateo,081,765935,44095,43563,539,44102,542
2021-07-19,Santa Barbara,083,443738,35611,34904,1234,36138,461
2021-07-19,Santa Clara,085,1922200,121955,120554,843,121397,2098
2021-07-19,Santa Cruz,087,273765,16551,16387,826,17213,207
2021-07-19,Shasta,089,179085,12858,12723,1717,14440,209
2021-07-19,Sierra,091,2930,66,64,12,76,0
2021-07-19,Siskiyou,093,43540,2031,1927,421,2348,31
2021-07-19,Solano,095,438530,34749,34262,663,34925,261
2021-07-19,Sonoma,097,501317,32126,31713,375,32088,325
2021-07-19,Stanislaus,099,539301,58371,57644,6236,63880,1027
2021-07-19,Sutter,101,95872,9967,9834,96,9930,114
2021-07-19,Tehama,103,63373,5203,5152,603,5755,65
2021-07-19,Trinity,105,12862,504,344,108,452,3
2021-07-19,Tulare,107,460477,50845,49994,9448,59442,855
2021-07-19,Tuolumne,109,53932,4245,4151,45,4196,64
2021-07-19,Ventura,111,848112,83187,82409,3343,85752,1041
2021-07-19,Yolo,113,214977,14654,14439,435,14874,213
2021-07-19,Yuba,115,75493,6496,6370,135,6505,52
2021-07-18,Alameda,001,1643700,93423,92162,2154,94316,1256
2021-07-18,Alpine,003,1148,88,89,0,89,0
2021-07-18,Amador,005,37829,3832,3799,34,3833,48
2021-07-18,Butte,007,227075,13093,12888,1947,14835,202
2021-07-18,Calaveras,009,45235,2268,2243,16,2259,57
2021-07-18,Colusa,011,21464,2004,1981,340,2321,16
2021-07-18,Contra Costa,013,1133247,73970,72849,1422,74271,825
2021-07-18,Del Norte,015,27424,1525,1482,14,1496,8
2021-07-18,El Dorado,017,186661,10855,10687,805,11492,114
2021-07-18,Fresno,019,978130,104745,103298,9043,112341,1731
2021-07-18,Glenn,021,27897,2469,2452,578,3030,20
2021-07-18,Humboldt,023,135768,4791,4714,60,4774,52
2021-07-18,Imperial,025,180216,29084,28877,2859,31736,742
2021-07-18,Inyo,027,18085,1424,1417,13,1430,36
2021-07-18,Kern,029,883053,98926,97963,11568,109531,1349
2021-07-18,Kings,031,150075,23569,23203,1140,24343,246
2021-07-18,Lake,033,64148,3982,3825,14,3839,64
2021-07-18,Lassen,035,31185,5318,5305,120,5425,21
2021-07-18,Los Angeles,037,10098052,1235361,1224691,44239,1268930,24598
2021-07-18,Madera,039,155013,17047,16838,977,17815,244
2021-07-18,Marin,041,260295,14556,14358,279,14637,234
2021-07-18,Mariposa,043,17540,448,447,11,458,5
2021-07-18,Mendocino,045,87422,4349,4246,83,4329,49
2021-07-18,Merced,047,269075,31686,31537,1025,32562,471
2021-07-18,Modoc,049,8938,423,413,149,562,5
2021-07-18,Mono,051,14174,1273,1280,17,1297,3
2021-07-18,Monterey,053,433212,43660,43422,1938,45360,515
2021-07-18,Napa,055,140530,10287,10174,44,10218,81
2021-07-18,Nevada,057,99092,5230,5124,198,5322,72
2021-07-18,Orange,059,3164182,261265,258724,11997,270721,5138
2021-07-18,Placer,061,380077,24676,24313,1725,26038,303
2021-07-18,Plumas,063,18699,746,730,14,744,4
2021-07-18,Riverside,065,2383286,300015,295522,14518,310040,4543
2021-07-18,Sacramento,067,1510023,112561,111255,2094,113349,1696
2021-07-18,San Benito,069,59416,6204,6191,116,6307,63
2021-07-18,San Bernardino,071,2135413,298876,296739,9310,306049,5233
2021-07-18,San Diego,073,3302833,289878,286287,16425,302712,3786
2021-07-18,San Francisco,075,870044,39036,38367,1416,39783,560
2021-07-18,San Joaquin,077,732212,75721,74997,3823,78820,1431
2021-07-18,San Luis Obispo,079,281455,21794,21527,783,22310,259
2021-07-18,San Mateo,081,765935,43981,43506,533,44039,542
2021-07-18,Santa Barbara,083,443738,35546,34880,1232,36112,461
2021-07-18,Santa Clara,085,1922200,121741,120438,836,121274,2098
2021-07-18,Santa Cruz,087,273765,16519,16372,825,17197,207
2021-07-18,Shasta,089,179085,12833,12714,1713,14427,209
2021-07-18,Sierra,091,2930,66,64,12,76,0
2021-07-18,Siskiyou,093,43540,2025,1927,416,2343,31
2021-07-18,Solano,095,438530,34622,34215,659,34874,261
2021-07-18,Sonoma,097,501317,32021,31675,374,32049,325
2021-07-18,Stanislaus,099,539301,58260,57600,6211,63811,1028
2021-07-18,Sutter,101,95872,9935,9826,96,9922,114
2021-07-18,Tehama,103,63373,5200,5150,602,5752,65
2021-07-18,Trinity,105,12862,504,344,108,452,3
2021-07-18,Tulare,107,460477,50792,49985,9425,59410,855
2021-07-18,Tuolumne,109,53932,4227,4149,45,4194,64
2021-07-18,Ventura,111,848112,83073,82361,3319,85680,1041
2021-07-18,Yolo,113,214977,14596,14425,429,14854,213
2021-07-18,Yuba,115,75493,6455,6357,135,6492,52
2021-07-17,Alameda,001,1643700,93201,91346,2142,93488,1255
2021-07-17,Alpine,003,1148,88,89,0,89,0
2021-07-17,Amador,005,37829,3823,3785,34,3819,48
2021-07-17,Butte,007,227075,13079,12824,1942,14766,202
2021-07-17,Calaveras,009,45235,2262,2237,16,2253,57
2021-07-17,Colusa,011,21464,2001,1976,340,2316,16
2021-07-17,Contra Costa,013,1133247,73789,72254,1409,73663,824
2021-07-17,Del Norte,015,27424,1517,1475,14,1489,8
2021-07-17,El Dorado,017,186661,10828,10622,801,11423,114
2021-07-17,Fresno,019,978130,104673,103055,9030,112085,1730
2021-07-17,Glenn,021,27897,2468,2451,578,3029,20
2021-07-17,Humboldt,023,135768,4778,4654,59,4713,52
2021-07-17,Imperial,025,180216,29068,28840,2859,31699,742
2021-07-17,Inyo,027,18085,1424,1416,13,1429,36
2021-07-17,Kern,029,883053,98869,97796,11531,109327,1348
2021-07-17,Kings,031,150075,23549,23163,1139,24302,246
2021-07-17,Lake,033,64148,3957,3760,14,3774,64
2021-07-17,Lassen,035,31185,5318,5302,120,5422,21
2021-07-17,Los Angeles,037,10098052,1233850,1219733,44095,1263828,24582
2021-07-17,Madera,039,155013,17039,16804,977,17781,240
2021-07-17,Marin,041,260295,14538,14297,277,14574,234
2021-07-17,Mariposa,043,17540,448,445,11,456,5
2021-07-17,Mendocino,045,87422,4337,4209,83,4292,49
2021-07-17,Merced,047,269075,31665,31451,1021,32472,471
2021-07-17,Modoc,049,8938,423,412,149,561,5
2021-07-17,Mono,051,14174,1271,1277,17,1294,3
2021-07-17,Monterey,053,433212,43637,43367,1933,45300,515
2021-07-17,Napa,055,140530,10271,10129,44,10173,81
2021-07-17,Nevada,057,99092,5215,5066,198,5264,72
2021-07-17,Orange,059,3164182,260958,257805,11958,269763,5136
2021-07-17,Placer,061,380077,24609,24169,1711,25880,303
2021-07-17,Plumas,063,18699,741,721,14,735,4
2021-07-17,Riverside,065,2383286,299708,294751,14486,309237,4542
2021-07-17,Sacramento,067,1510023,112325,110432,2072,112504,1694
2021-07-17,San Benito,069,59416,6198,6181,116,6297,63
2021-07-17,San Bernardino,071,2135413,298642,296048,9291,305339,5218
2021-07-17,San Diego,073,3302833,289471,285698,16358,302056,3786
2021-07-17,San Francisco,075,870044,38915,37978,1412,39390,560
2021-07-17,San Joaquin,077,732212,75634,74695,3817,78512,1430
2021-07-17,San Luis Obispo,079,281455,21767,21462,783,22245,258
2021-07-17,San Mateo,081,765935,43910,43324,532,43856,542
2021-07-17,Santa Barbara,083,443738,35505,34769,1229,35998,461
2021-07-17,Santa Clara,085,1922200,121569,119980,833,120813,2097
2021-07-17,Santa Cruz,087,273765,16512,16337,825,17162,207
2021-07-17,Shasta,089,179085,12818,12683,1708,14391,210
2021-07-17,Sierra,091,2930,66,62,12,74,0
2021-07-17,Siskiyou,093,43540,2020,1922,413,2335,29
2021-07-17,Solano,095,438530,34557,34015,651,34666,263
2021-07-17,Sonoma,097,501317,31954,31536,373,31909,322
2021-07-17,Stanislaus,099,539301,58182,57400,6197,63597,1028
2021-07-17,Sutter,101,95872,9925,9778,96,9874,114
2021-07-17,Tehama,103,63373,5197,5145,602,5747,64
2021-07-17,Trinity,105,12862,503,341,108,449,3
2021-07-17,Tulare,107,460477,50771,49937,9413,59350,854
2021-07-17,Tuolumne,109,53932,4217,4131,45,4176,64
2021-07-17,Ventura,111,848112,83005,82125,3308,85433,1041
2021-07-17,Yolo,113,214977,14565,14356,422,14778,213
2021-07-17,Yuba,115,75493,6444,6309,135,6444,52
2021-07-16,Alameda,001,1643700,92967,91346,2131,93477,1255
2021-07-16,Alpine,003,1148,88,89,0,89,0
2021-07-16,Amador,005,37829,3820,3785,34,3819,48
2021-07-16,Butte,007,227075,13054,12824,1939,14763,202
2021-07-16,Calaveras,009,45235,2262,2237,16,2253,57
2021-07-16,Colusa,011,21464,1999,1976,339,2315,16
2021-07-16,Contra Costa,013,1133247,73601,72254,1405,73659,824
2021-07-16,Del Norte,015,27424,1515,1475,14,1489,8
2021-07-16,El Dorado,017,186661,10809,10622,800,11422,114
2021-07-16,Fresno,019,978130,104621,103055,9011,112066,1730
2021-07-16,Glenn,021,27897,2468,2451,578,3029,20
2021-07-16,Humboldt,023,135768,4756,4654,59,4713,52
2021-07-16,Imperial,025,180216,29056,28840,2859,31699,742
2021-07-16,Inyo,027,18085,1422,1416,13,1429,36
2021-07-16,Kern,029,883053,98807,97796,11492,109288,1348
2021-07-16,Kings,031,150075,23524,23163,1137,24300,246
2021-07-16,Lake,033,64148,3930,3760,14,3774,64
2021-07-16,Lassen,035,31185,5317,5302,120,5422,21
2021-07-16,Los Angeles,037,10098052,1232354,1219733,43952,1263685,24582
2021-07-16,Madera,039,155013,17021,16804,977,17781,240
2021-07-16,Marin,041,260295,14514,14297,274,14571,234
2021-07-16,Mariposa,043,17540,448,445,11,456,5
2021-07-16,Mendocino,045,87422,4328,4209,82,4291,49
2021-07-16,Merced,047,269075,31643,31451,1019,32470,471
2021-07-16,Modoc,049,8938,423,412,149,561,5
2021-07-16,Mono,051,14174,1270,1277,17,1294,3
2021-07-16,Monterey,053,433212,43615,43367,1932,45299,515
2021-07-16,Napa,055,140530,10247,10129,43,10172,81
2021-07-16,Nevada,057,99092,5205,5066,198,5264,72
2021-07-16,Orange,059,3164182,260686,257805,11918,269723,5136
2021-07-16,Placer,061,380077,24556,24169,1706,25875,303
2021-07-16,Plumas,063,18699,740,721,14,735,4
2021-07-16,Riverside,065,2383286,299432,294751,14460,309211,4542
2021-07-16,Sacramento,067,1510023,112108,110432,2059,112491,1694
2021-07-16,San Benito,069,59416,6196,6181,116,6297,63
2021-07-16,San Bernardino,071,2135413,298364,296048,9274,305322,5218
2021-07-16,San Diego,073,3302833,289025,285698,16311,302009,3786
2021-07-16,San Francisco,075,870044,38798,37978,1407,39385,560
2021-07-16,San Joaquin,077,732212,75539,74695,3814,78509,1430
2021-07-16,San Luis Obispo,079,281455,21750,21462,783,22245,258
2021-07-16,San Mateo,081,765935,43857,43324,531,43855,542
2021-07-16,Santa Barbara,083,443738,35467,34769,1229,35998,461
2021-07-16,Santa Clara,085,1922200,121422,119980,825,120805,2097
2021-07-16,Santa Cruz,087,273765,16499,16337,825,17162,207
2021-07-16,Shasta,089,179085,12808,12683,1707,14390,210
2021-07-16,Sierra,091,2930,66,62,12,74,0
2021-07-16,Siskiyou,093,43540,2018,1922,411,2333,29
2021-07-16,Solano,095,438530,34490,34015,643,34658,263
2021-07-16,Sonoma,097,501317,31902,31536,370,31906,322
2021-07-16,Stanislaus,099,539301,58133,57400,6186,63586,1028
2021-07-16,Sutter,101,95872,9913,9778,96,9874,114
2021-07-16,Tehama,103,63373,5195,5145,602,5747,64
2021-07-16,Trinity,105,12862,503,341,107,448,3
2021-07-16,Tulare,107,460477,50747,49937,9403,59340,854
2021-07-16,Tuolumne,109,53932,4211,4131,45,4176,64
2021-07-16,Ventura,111,848112,82940,82125,3301,85426,1041
2021-07-16,Yolo,113,214977,14539,14356,418,14774,213
2021-07-16,Yuba,115,75493,6422,6309,134,6443,52
2021-07-15,Alameda,001,1643700,92670,91346,2122,93468,1255
2021-07-15,Alpine,003,1148,88,89,0,89,0
2021-07-15,Amador,005,37829,3817,3785,34,3819,48
2021-07-15,Butte,007,227075,13028,12824,1937,14761,202
2021-07-15,Calaveras,009,45235,2260,2237,16,2253,57
2021-07-15,Colusa,011,21464,1998,1976,338,2314,16
2021-07-15,Contra Costa,013,1133247,73388,72254,1397,73651,824
2021-07-15,Del Norte,015,27424,1512,1475,14,1489,8
2021-07-15,El Dorado,017,186661,10782,10622,798,11420,114
2021-07-15,Fresno,019,978130,104524,103055,8991,112046,1730
2021-07-15,Glenn,021,27897,2468,2451,578,3029,20
2021-07-15,Humboldt,023,135768,4738,4654,58,4712,52
2021-07-15,Imperial,025,180216,29033,28840,2858,31698,742
2021-07-15,Inyo,027,18085,1422,1416,13,1429,36
2021-07-15,Kern,029,883053,98737,97796,11464,109260,1348
2021-07-15,Kings,031,150075,23486,23163,1134,24297,246
2021-07-15,Lake,033,64148,3891,3760,14,3774,64
2021-07-15,Lassen,035,31185,5316,5302,120,5422,21
2021-07-15,Los Angeles,037,10098052,1230383,1219733,43791,1263524,24582
2021-07-15,Madera,039,155013,16999,16804,973,17777,240
2021-07-15,Marin,041,260295,14489,14297,274,14571,234
2021-07-15,Mariposa,043,17540,448,445,11,456,5
2021-07-15,Mendocino,045,87422,4320,4209,81,4290,49
2021-07-15,Merced,047,269075,31613,31451,1019,32470,471
2021-07-15,Modoc,049,8938,423,412,149,561,5
2021-07-15,Mono,051,14174,1270,1277,17,1294,3
2021-07-15,Monterey,053,433212,43586,43367,1929,45296,515
2021-07-15,Napa,055,140530,10222,10129,42,10171,81
2021-07-15,Nevada,057,99092,5187,5066,197,5263,72
2021-07-15,Orange,059,3164182,260335,257805,11886,269691,5136
2021-07-15,Placer,061,380077,24497,24169,1689,25858,303
2021-07-15,Plumas,063,18699,739,721,14,735,4
2021-07-15,Riverside,065,2383286,299110,294751,14445,309196,4542
2021-07-15,Sacramento,067,1510023,111804,110432,2041,112473,1694
2021-07-15,San Benito,069,59416,6194,6181,116,6297,63
2021-07-15,San Bernardino,071,2135413,298059,296048,9259,305307,5218
2021-07-15,San Diego,073,3302833,288392,285698,16234,301932,3786
2021-07-15,San Francisco,075,870044,38646,37978,1399,39377,560
2021-07-15,San Joaquin,077,732212,75422,74695,3809,78504,1430
2021-07-15,San Luis Obispo,079,281455,21718,21462,783,22245,258
2021-07-15,San Mateo,081,765935,43753,43324,527,43851,542
2021-07-15,Santa Barbara,083,443738,35413,34769,1228,35997,461
2021-07-15,Santa Clara,085,1922200,121300,119980,822,120802,2097
2021-07-15,Santa Cruz,087,273765,16486,16337,825,17162,207
2021-07-15,Shasta,089,179085,12800,12683,1702,14385,210
2021-07-15,Sierra,091,2930,66,62,12,74,0
2021-07-15,Siskiyou,093,43540,2017,1922,411,2333,29
2021-07-15,Solano,095,438530,34415,34015,637,34652,263
2021-07-15,Sonoma,097,501317,31841,31536,370,31906,322
2021-07-15,Stanislaus,099,539301,58065,57400,6173,63573,1028
2021-07-15,Sutter,101,95872,9893,9778,95,9873,114
2021-07-15,Tehama,103,63373,5189,5145,601,5746,64
2021-07-15,Trinity,105,12862,503,341,107,448,3
2021-07-15,Tulare,107,460477,50727,49937,9386,59323,854
2021-07-15,Tuolumne,109,53932,4199,4131,45,4176,64
2021-07-15,Ventura,111,848112,82863,82125,3296,85421,1041
2021-07-15,Yolo,113,214977,14512,14356,417,14773,213
2021-07-15,Yuba,115,75493,6407,6309,133,6442,52
2021-07-14,Alameda,001,1643700,92408,91092,2103,93195,1255
2021-07-14,Alpine,003,1148,88,89,0,89,0
2021-07-14,Amador,005,37829,3809,3784,34,3818,48
2021-07-14,Butte,007,227075,13001,12813,1930,14743,202
2021-07-14,Calaveras,009,45235,2252,2234,16,2250,57
2021-07-14,Colusa,011,21464,1995,1974,338,2312,16
2021-07-14,Contra Costa,013,1133247,73163,72091,1384,73475,823
2021-07-14,Del Norte,015,27424,1511,1472,14,1486,8
2021-07-14,El Dorado,017,186661,10756,10598,795,11393,114
2021-07-14,Fresno,019,978130,104444,102966,8980,111946,1728
2021-07-14,Glenn,021,27897,2468,2449,578,3027,20
2021-07-14,Humboldt,023,135768,4715,4644,56,4700,52
2021-07-14,Imperial,025,180216,29004,28822,2858,31680,742
2021-07-14,Inyo,027,18085,1421,1415,13,1428,36
2021-07-14,Kern,029,883053,98673,97736,11439,109175,1346
2021-07-14,Kings,031,150075,23473,23142,1134,24276,246
2021-07-14,Lake,033,64148,3858,3739,14,3753,63
2021-07-14,Lassen,035,31185,5315,5298,120,5418,21
2021-07-14,Los Angeles,037,10098052,1228379,1218265,43645,1261910,24578
2021-07-14,Madera,039,155013,16987,16786,971,17757,240
2021-07-14,Marin,041,260295,14455,14269,272,14541,233
2021-07-14,Mariposa,043,17540,446,445,11,456,5
2021-07-14,Mendocino,045,87422,4307,4193,81,4274,49
2021-07-14,Merced,047,269075,31576,31412,1016,32428,471
2021-07-14,Modoc,049,8938,423,412,149,561,4
2021-07-14,Mono,051,14174,1270,1278,17,1295,3
2021-07-14,Monterey,053,433212,43562,43347,1927,45274,504
2021-07-14,Napa,055,140530,10200,10121,42,10163,81
2021-07-14,Nevada,057,99092,5168,5058,197,5255,72
2021-07-14,Orange,059,3164182,260018,257558,11857,269415,5137
2021-07-14,Placer,061,380077,24444,24125,1677,25802,303
2021-07-14,Plumas,063,18699,732,719,14,733,4
2021-07-14,Riverside,065,2383286,298785,294511,14429,308940,4542
2021-07-14,Sacramento,067,1510023,111477,110193,2017,112210,1688
2021-07-14,San Benito,069,59416,6191,6177,116,6293,63
2021-07-14,San Bernardino,071,2135413,297756,295820,9244,305064,5193
2021-07-14,San Diego,073,3302833,287821,285269,16155,301424,3786
2021-07-14,San Francisco,075,870044,38507,37836,1392,39228,559
2021-07-14,San Joaquin,077,732212,75330,74599,3800,78399,1416
2021-07-14,San Luis Obispo,079,281455,21696,21444,781,22225,258
2021-07-14,San Mateo,081,765935,43656,43249,523,43772,542
2021-07-14,Santa Barbara,083,443738,35373,34719,1226,35945,461
2021-07-14,Santa Clara,085,1922200,121150,119844,819,120663,2098
2021-07-14,Santa Cruz,087,273765,16472,16326,825,17151,207
2021-07-14,Shasta,089,179085,12780,12669,1699,14368,209
2021-07-14,Sierra,091,2930,66,62,12,74,0
2021-07-14,Siskiyou,093,43540,2010,1922,408,2330,29
2021-07-14,Solano,095,438530,34342,33948,637,34585,268
2021-07-14,Sonoma,097,501317,31789,31470,370,31840,322
2021-07-14,Stanislaus,099,539301,57990,57340,6161,63501,1028
2021-07-14,Sutter,101,95872,9870,9766,95,9861,114
2021-07-14,Tehama,103,63373,5187,5142,601,5743,64
2021-07-14,Trinity,105,12862,503,341,107,448,3
2021-07-14,Tulare,107,460477,50710,49908,9372,59280,853
2021-07-14,Tuolumne,109,53932,4196,4128,44,4172,64
2021-07-14,Ventura,111,848112,82769,82041,3285,85326,1040
2021-07-14,Yolo,113,214977,14479,14332,414,14746,213
2021-07-14,Yuba,115,75493,6389,6294,133,6427,52
2021-07-13,Alameda,001,1643700,92141,90874,2092,92966,1255
2021-07-13,Alpine,003,1148,88,89,0,89,0
2021-07-13,Amador,005,37829,3802,3783,34,3817,48
2021-07-13,Butte,007,227075,12987,12802,1929,14731,202
2021-07-13,Calaveras,009,45235,2248,2230,16,2246,57
2021-07-13,Colusa,011,21464,1993,1972,334,2306,16
2021-07-13,Contra Costa,013,1133247,72938,71963,1375,73338,823
2021-07-13,Del Norte,015,27424,1507,1471,14,1485,8
2021-07-13,El Dorado,017,186661,10738,10581,792,11373,114
2021-07-13,Fresno,019,978130,104368,102909,8970,111879,1727
2021-07-13,Glenn,021,27897,2466,2448,578,3026,20
2021-07-13,Humboldt,023,135768,4700,4634,56,4690,51
2021-07-13,Imperial,025,180216,28993,28792,2857,31649,741
2021-07-13,Inyo,027,18085,1420,1415,13,1428,36
2021-07-13,Kern,029,883053,98584,97698,11400,109098,1346
2021-07-13,Kings,031,150075,23455,23132,1134,24266,246
2021-07-13,Lake,033,64148,3831,3719,13,3732,63
2021-07-13,Lassen,035,31185,5313,5292,120,5412,21
2021-07-13,Los Angeles,037,10098052,1226536,1217184,43473,1260657,24569
2021-07-13,Madera,039,155013,16977,16773,967,17740,240
2021-07-13,Marin,041,260295,14426,14254,271,14525,233
2021-07-13,Mariposa,043,17540,445,443,11,454,5
2021-07-13,Mendocino,045,87422,4300,4185,81,4266,49
2021-07-13,Merced,047,269075,31555,31379,1013,32392,471
2021-07-13,Modoc,049,8938,423,411,149,560,4
2021-07-13,Mono,051,14174,1269,1277,17,1294,3
2021-07-13,Monterey,053,433212,43544,43333,1923,45256,504
2021-07-13,Napa,055,140530,10179,10118,42,10160,81
2021-07-13,Nevada,057,99092,5143,5053,197,5250,72
2021-07-13,Orange,059,3164182,259688,257339,11828,269167,5136
2021-07-13,Placer,061,380077,24398,24091,1664,25755,303
2021-07-13,Plumas,063,18699,731,716,14,730,4
2021-07-13,Riverside,065,2383286,298462,294302,14403,308705,4541
2021-07-13,Sacramento,067,1510023,111167,109990,1994,111984,1687
2021-07-13,San Benito,069,59416,6189,6173,116,6289,63
2021-07-13,San Bernardino,071,2135413,297480,295596,9222,304818,5183
2021-07-13,San Diego,073,3302833,287278,284997,16076,301073,3785
2021-07-13,San Francisco,075,870044,38363,37725,1386,39111,559
2021-07-13,San Joaquin,077,732212,75214,74500,3797,78297,1417
2021-07-13,San Luis Obispo,079,281455,21670,21423,778,22201,258
2021-07-13,San Mateo,081,765935,43588,43180,522,43702,542
2021-07-13,Santa Barbara,083,443738,35324,34679,1223,35902,461
2021-07-13,Santa Clara,085,1922200,120996,119727,815,120542,2098
2021-07-13,Santa Cruz,087,273765,16463,16315,823,17138,207
2021-07-13,Shasta,089,179085,12767,12659,1692,14351,209
2021-07-13,Sierra,091,2930,66,62,12,74,0
2021-07-13,Siskiyou,093,43540,2009,1916,406,2322,29
2021-07-13,Solano,095,438530,34278,33918,631,34549,268
2021-07-13,Sonoma,097,501317,31730,31431,370,31801,322
2021-07-13,Stanislaus,099,539301,57921,57282,6147,63429,1028
2021-07-13,Sutter,101,95872,9852,9752,94,9846,114
2021-07-13,Tehama,103,63373,5180,5144,601,5745,64
2021-07-13,Trinity,105,12862,503,341,106,447,3
2021-07-13,Tulare,107,460477,50685,49891,9356,59247,853
2021-07-13,Tuolumne,109,53932,4188,4122,43,4165,64
2021-07-13,Ventura,111,848112,82685,81982,3260,85242,1040
2021-07-13,Yolo,113,214977,14451,14320,407,14727,213
2021-07-13,Yuba,115,75493,6372,6279,133,6412,52
2021-07-12,Alameda,001,1643700,91885,90720,2084,92804,1254
2021-07-12,Alpine,003,1148,88,89,0,89,0
2021-07-12,Amador,005,37829,3795,3781,34,3815,47
2021-07-12,Butte,007,227075,12967,12796,1927,14723,202
2021-07-12,Calaveras,009,45235,2246,2228,16,2244,57
2021-07-12,Colusa,011,21464,1989,1971,333,2304,16
2021-07-12,Contra Costa,013,1133247,72736,71833,1370,73203,823
2021-07-12,Del Norte,015,27424,1504,1469,14,1483,8
2021-07-12,El Dorado,017,186661,10710,10569,790,11359,114
2021-07-12,Fresno,019,978130,104274,102853,8959,111812,1728
2021-07-12,Glenn,021,27897,2466,2446,578,3024,20
2021-07-12,Humboldt,023,135768,4684,4621,56,4677,51
2021-07-12,Imperial,025,180216,28963,28789,2857,31646,741
2021-07-12,Inyo,027,18085,1420,1415,13,1428,36
2021-07-12,Kern,029,883053,98515,97660,11375,109035,1346
2021-07-12,Kings,031,150075,23435,23124,1132,24256,246
2021-07-12,Lake,033,64148,3810,3706,13,3719,63
2021-07-12,Lassen,035,31185,5312,5292,120,5412,21
2021-07-12,Los Angeles,037,10098052,1224753,1216230,43334,1259564,24559
2021-07-12,Madera,039,155013,16966,16772,967,17739,240
2021-07-12,Marin,041,260295,14401,14238,270,14508,233
2021-07-12,Mariposa,043,17540,445,442,11,453,5
2021-07-12,Mendocino,045,87422,4289,4175,81,4256,49
2021-07-12,Merced,047,269075,31524,31374,1012,32386,471
2021-07-12,Modoc,049,8938,422,411,149,560,4
2021-07-12,Mono,051,14174,1267,1275,17,1292,3
2021-07-12,Monterey,053,433212,43523,43315,1919,45234,504
2021-07-12,Napa,055,140530,10161,10104,41,10145,81
2021-07-12,Nevada,057,99092,5120,5046,197,5243,72
2021-07-12,Orange,059,3164182,259335,257171,11803,268974,5136
2021-07-12,Placer,061,380077,24347,24052,1658,25710,302
2021-07-12,Plumas,063,18699,731,716,14,730,4
2021-07-12,Riverside,065,2383286,298154,294108,14373,308481,4541
2021-07-12,Sacramento,067,1510023,110951,109849,1967,111816,1685
2021-07-12,San Benito,069,59416,6186,6166,116,6282,63
2021-07-12,San Bernardino,071,2135413,297209,295447,9208,304655,5171
2021-07-12,San Diego,073,3302833,286813,284648,16000,300648,3785
2021-07-12,San Francisco,075,870044,38216,37656,1382,39038,559
2021-07-12,San Joaquin,077,732212,75119,74424,3787,78211,1415
2021-07-12,San Luis Obispo,079,281455,21651,21408,777,22185,258
2021-07-12,San Mateo,081,765935,43495,43138,515,43653,542
2021-07-12,Santa Barbara,083,443738,35282,34664,1221,35885,461
2021-07-12,Santa Clara,085,1922200,120831,119634,812,120446,2098
2021-07-12,Santa Cruz,087,273765,16438,16310,822,17132,207
2021-07-12,Shasta,089,179085,12759,12648,1689,14337,208
2021-07-12,Sierra,091,2930,66,62,12,74,0
2021-07-12,Siskiyou,093,43540,2004,1916,401,2317,29
2021-07-12,Solano,095,438530,34188,33859,622,34481,268
2021-07-12,Sonoma,097,501317,31682,31377,369,31746,322
2021-07-12,Stanislaus,099,539301,57848,57243,6140,63383,1028
2021-07-12,Sutter,101,95872,9835,9736,93,9829,114
2021-07-12,Tehama,103,63373,5175,5138,600,5738,63
2021-07-12,Trinity,105,12862,499,340,104,444,3
2021-07-12,Tulare,107,460477,50657,49882,9343,59225,853
2021-07-12,Tuolumne,109,53932,4184,4116,43,4159,64
2021-07-12,Ventura,111,848112,82584,81919,3239,85158,1040
2021-07-12,Yolo,113,214977,14422,14303,403,14706,213
2021-07-12,Yuba,115,75493,6357,6266,133,6399,52
2021-07-11,Alameda,001,1643700,91557,90597,2069,92666,1254
2021-07-11,Alpine,003,1148,88,89,0,89,0
2021-07-11,Amador,005,37829,3793,3779,34,3813,47
2021-07-11,Butte,007,227075,12944,12794,1921,14715,202
2021-07-11,Calaveras,009,45235,2240,2226,15,2241,57
2021-07-11,Colusa,011,21464,1988,1971,332,2303,16
2021-07-11,Contra Costa,013,1133247,72526,71744,1363,73107,823
2021-07-11,Del Norte,015,27424,1500,1467,13,1480,8
2021-07-11,El Dorado,017,186661,10681,10554,788,11342,114
2021-07-11,Fresno,019,978130,104179,102813,8940,111753,1728
2021-07-11,Glenn,021,27897,2465,2446,578,3024,20
2021-07-11,Humboldt,023,135768,4671,4611,55,4666,51
2021-07-11,Imperial,025,180216,28945,28787,2856,31643,741
2021-07-11,Inyo,027,18085,1418,1415,13,1428,36
2021-07-11,Kern,029,883053,98442,97637,11359,108996,1346
2021-07-11,Kings,031,150075,23404,23116,1129,24245,246
2021-07-11,Lake,033,64148,3779,3699,13,3712,63
2021-07-11,Lassen,035,31185,5309,5291,120,5411,21
2021-07-11,Los Angeles,037,10098052,1223007,1215182,43175,1258357,24558
2021-07-11,Madera,039,155013,16947,16766,966,17732,240
2021-07-11,Marin,041,260295,14375,14231,270,14501,233
2021-07-11,Mariposa,043,17540,444,442,11,453,5
2021-07-11,Mendocino,045,87422,4269,4167,81,4248,49
2021-07-11,Merced,047,269075,31500,31366,1007,32373,471
2021-07-11,Modoc,049,8938,421,411,149,560,4
2021-07-11,Mono,051,14174,1267,1275,17,1292,3
2021-07-11,Monterey,053,433212,43504,43307,1915,45222,504
2021-07-11,Napa,055,140530,10157,10100,41,10141,81
2021-07-11,Nevada,057,99092,5109,5035,196,5231,72
2021-07-11,Orange,059,3164182,259022,257009,11774,268783,5136
2021-07-11,Placer,061,380077,24290,24017,1646,25663,302
2021-07-11,Plumas,063,18699,731,716,14,730,4
2021-07-11,Riverside,065,2383286,297890,293969,14355,308324,4541
2021-07-11,Sacramento,067,1510023,110673,109696,1957,111653,1685
2021-07-11,San Benito,069,59416,6181,6163,116,6279,63
2021-07-11,San Bernardino,071,2135413,296904,295342,9183,304525,5167
2021-07-11,San Diego,073,3302833,286400,283819,15914,299733,3784
2021-07-11,San Francisco,075,870044,38087,37596,1376,38972,559
2021-07-11,San Joaquin,077,732212,75003,74376,3770,78146,1415
2021-07-11,San Luis Obispo,079,281455,21618,21403,776,22179,258
2021-07-11,San Mateo,081,765935,43416,43107,508,43615,542
2021-07-11,Santa Barbara,083,443738,35235,34646,1221,35867,461
2021-07-11,Santa Clara,085,1922200,120677,119549,811,120360,2098
2021-07-11,Santa Cruz,087,273765,16422,16303,822,17125,207
2021-07-11,Shasta,089,179085,12742,12647,1687,14334,208
2021-07-11,Sierra,091,2930,66,62,12,74,0
2021-07-11,Siskiyou,093,43540,2000,1915,399,2314,29
2021-07-11,Solano,095,438530,34106,33837,618,34455,268
2021-07-11,Sonoma,097,501317,31600,31352,369,31721,322
2021-07-11,Stanislaus,099,539301,57775,57230,6129,63359,1028
2021-07-11,Sutter,101,95872,9821,9728,93,9821,114
2021-07-11,Tehama,103,63373,5172,5138,600,5738,63
2021-07-11,Trinity,105,12862,498,340,104,444,3
2021-07-11,Tulare,107,460477,50632,49877,9324,59201,853
2021-07-11,Tuolumne,109,53932,4178,4116,43,4159,64
2021-07-11,Ventura,111,848112,82512,81875,3219,85094,1040
2021-07-11,Yolo,113,214977,14395,14285,397,14682,213
2021-07-11,Yuba,115,75493,6346,6260,133,6393,52
2021-07-10,Alameda,001,1643700,91407,90090,2066,92156,1252
2021-07-10,Alpine,003,1148,88,89,0,89,0
2021-07-10,Amador,005,37829,3787,3773,34,3807,47
2021-07-10,Butte,007,227075,12933,12764,1918,14682,202
2021-07-10,Calaveras,009,45235,2240,2214,15,2229,57
2021-07-10,Colusa,011,21464,1986,1969,332,2301,16
2021-07-10,Contra Costa,013,1133247,72426,71376,1362,72738,821
2021-07-10,Del Norte,015,27424,1498,1451,13,1464,8
2021-07-10,El Dorado,017,186661,10665,10508,784,11292,114
2021-07-10,Fresno,019,978130,104146,102675,8933,111608,1730
2021-07-10,Glenn,021,27897,2462,2440,577,3017,20
2021-07-10,Humboldt,023,135768,4662,4574,55,4629,51
2021-07-10,Imperial,025,180216,28932,28729,2856,31585,741
2021-07-10,Inyo,027,18085,1417,1415,13,1428,36
2021-07-10,Kern,029,883053,98402,97538,11342,108880,1346
2021-07-10,Kings,031,150075,23397,23090,1128,24218,246
2021-07-10,Lake,033,64148,3762,3667,13,3680,63
2021-07-10,Lassen,035,31185,5309,5290,120,5410,21
2021-07-10,Los Angeles,037,10098052,1221987,1212043,43072,1255115,24542
2021-07-10,Madera,039,155013,16941,16744,963,17707,241
2021-07-10,Marin,041,260295,14361,14194,270,14464,233
2021-07-10,Mariposa,043,17540,444,442,11,453,5
2021-07-10,Mendocino,045,87422,4262,4153,80,4233,49
2021-07-10,Merced,047,269075,31487,31328,1007,32335,470
2021-07-10,Modoc,049,8938,421,410,149,559,4
2021-07-10,Mono,051,14174,1267,1275,17,1292,3
2021-07-10,Monterey,053,433212,43490,43251,1913,45164,499
2021-07-10,Napa,055,140530,10145,10077,41,10118,81
2021-07-10,Nevada,057,99092,5100,5000,196,5196,72
2021-07-10,Orange,059,3164182,258845,256438,11758,268196,5135
2021-07-10,Placer,061,380077,24261,23916,1636,25552,302
2021-07-10,Plumas,063,18699,730,717,14,731,4
2021-07-10,Riverside,065,2383286,297701,293474,14341,307815,4541
2021-07-10,Sacramento,067,1510023,110524,109091,1952,111043,1682
2021-07-10,San Benito,069,59416,6176,6141,116,6257,63
2021-07-10,San Bernardino,071,2135413,296716,294932,9171,304103,5117
2021-07-10,San Diego,073,3302833,286110,283577,15861,299438,3783
2021-07-10,San Francisco,075,870044,38002,37338,1373,38711,559
2021-07-10,San Joaquin,077,732212,74945,74150,3764,77914,1412
2021-07-10,San Luis Obispo,079,281455,21607,21375,775,22150,258
2021-07-10,San Mateo,081,765935,43366,42948,506,43454,542
2021-07-10,Santa Barbara,083,443738,35209,34595,1221,35816,460
2021-07-10,Santa Clara,085,1922200,120574,119330,808,120138,2094
2021-07-10,Santa Cruz,087,273765,16415,16286,822,17108,207
2021-07-10,Shasta,089,179085,12729,12623,1682,14305,206
2021-07-10,Sierra,091,2930,66,61,12,73,0
2021-07-10,Siskiyou,093,43540,1998,1909,396,2305,29
2021-07-10,Solano,095,438530,34065,33678,612,34290,268
2021-07-10,Sonoma,097,501317,31549,31231,369,31600,317
2021-07-10,Stanislaus,099,539301,57734,57104,6119,63223,1026
2021-07-10,Sutter,101,95872,9808,9692,93,9785,114
2021-07-10,Tehama,103,63373,5169,5131,600,5731,63
2021-07-10,Trinity,105,12862,498,341,104,445,3
2021-07-10,Tulare,107,460477,50622,49850,9318,59168,853
2021-07-10,Tuolumne,109,53932,4176,4114,43,4157,64
2021-07-10,Ventura,111,848112,82467,81713,3201,84914,1039
2021-07-10,Yolo,113,214977,14374,14250,394,14644,213
2021-07-10,Yuba,115,75493,6336,6238,133,6371,52
2021-07-09,Alameda,001,1643700,91253,90090,2061,92151,1252
2021-07-09,Alpine,003,1148,88,89,0,89,0
2021-07-09,Amador,005,37829,3786,3773,34,3807,47
2021-07-09,Butte,007,227075,12922,12764,1916,14680,202
2021-07-09,Calaveras,009,45235,2239,2214,15,2229,57
2021-07-09,Colusa,011,21464,1985,1969,332,2301,16
2021-07-09,Contra Costa,013,1133247,72301,71376,1361,72737,821
2021-07-09,Del Norte,015,27424,1493,1451,13,1464,8
2021-07-09,El Dorado,017,186661,10650,10508,783,11291,114
2021-07-09,Fresno,019,978130,104090,102675,8926,111601,1730
2021-07-09,Glenn,021,27897,2461,2440,575,3015,20
2021-07-09,Humboldt,023,135768,4643,4574,55,4629,51
2021-07-09,Imperial,025,180216,28924,28729,2855,31584,741
2021-07-09,Inyo,027,18085,1416,1415,12,1427,36
2021-07-09,Kern,029,883053,98364,97538,11330,108868,1346
2021-07-09,Kings,031,150075,23386,23090,1127,24217,246
2021-07-09,Lake,033,64148,3748,3667,13,3680,63
2021-07-09,Lassen,035,31185,5307,5290,119,5409,21
2021-07-09,Los Angeles,037,10098052,1220982,1212043,43000,1255043,24542
2021-07-09,Madera,039,155013,16931,16744,962,17706,241
2021-07-09,Marin,041,260295,14340,14194,269,14463,233
2021-07-09,Mariposa,043,17540,444,442,11,453,5
2021-07-09,Mendocino,045,87422,4255,4153,80,4233,49
2021-07-09,Merced,047,269075,31472,31328,1007,32335,470
2021-07-09,Modoc,049,8938,421,410,149,559,4
2021-07-09,Mono,051,14174,1267,1275,17,1292,3
2021-07-09,Monterey,053,433212,43481,43251,1913,45164,499
2021-07-09,Napa,055,140530,10138,10077,41,10118,81
2021-07-09,Nevada,057,99092,5091,5000,196,5196,72
2021-07-09,Orange,059,3164182,258640,256438,11744,268182,5135
2021-07-09,Placer,061,380077,24239,23916,1630,25546,302
2021-07-09,Plumas,063,18699,728,717,14,731,4
2021-07-09,Riverside,065,2383286,297515,293474,14328,307802,4541
2021-07-09,Sacramento,067,1510023,110371,109091,1943,111034,1682
2021-07-09,San Benito,069,59416,6174,6141,116,6257,63
2021-07-09,San Bernardino,071,2135413,296564,294932,9164,304096,5117
2021-07-09,San Diego,073,3302833,285824,283577,15813,299390,3783
2021-07-09,San Francisco,075,870044,37922,37338,1366,38704,559
2021-07-09,San Joaquin,077,732212,74872,74150,3757,77907,1412
2021-07-09,San Luis Obispo,079,281455,21595,21375,775,22150,258
2021-07-09,San Mateo,081,765935,43320,42948,502,43450,542
2021-07-09,Santa Barbara,083,443738,35190,34595,1220,35815,460
2021-07-09,Santa Clara,085,1922200,120464,119330,808,120138,2094
2021-07-09,Santa Cruz,087,273765,16412,16286,822,17108,207
2021-07-09,Shasta,089,179085,12723,12623,1677,14300,206
2021-07-09,Sierra,091,2930,66,61,12,73,0
2021-07-09,Siskiyou,093,43540,1996,1909,395,2304,29
2021-07-09,Solano,095,438530,34030,33678,608,34286,268
2021-07-09,Sonoma,097,501317,31513,31231,369,31600,317
2021-07-09,Stanislaus,099,539301,57693,57104,6117,63221,1026
2021-07-09,Sutter,101,95872,9799,9692,93,9785,114
2021-07-09,Tehama,103,63373,5167,5131,600,5731,63
2021-07-09,Trinity,105,12862,497,341,101,442,3
2021-07-09,Tulare,107,460477,50609,49850,9312,59162,853
2021-07-09,Tuolumne,109,53932,4173,4114,43,4157,64
2021-07-09,Ventura,111,848112,82412,81713,3192,84905,1039
2021-07-09,Yolo,113,214977,14359,14250,390,14640,213
2021-07-09,Yuba,115,75493,6323,6238,133,6371,52
2021-07-08,Alameda,001,1643700,91043,90090,2056,92146,1252
2021-07-08,Alpine,003,1148,88,89,0,89,0
2021-07-08,Amador,005,37829,3784,3773,34,3807,47
2021-07-08,Butte,007,227075,12909,12764,1913,14677,202
2021-07-08,Calaveras,009,45235,2238,2214,14,2228,57
2021-07-08,Colusa,011,21464,1985,1969,332,2301,16
2021-07-08,Contra Costa,013,1133247,72173,71376,1356,72732,821
2021-07-08,Del Norte,015,27424,1491,1451,13,1464,8
2021-07-08,El Dorado,017,186661,10633,10508,778,11286,114
2021-07-08,Fresno,019,978130,104027,102675,8915,111590,1730
2021-07-08,Glenn,021,27897,2461,2440,575,3015,20
2021-07-08,Humboldt,023,135768,4628,4574,54,4628,51
2021-07-08,Imperial,025,180216,28912,28729,2854,31583,741
2021-07-08,Inyo,027,18085,1416,1415,12,1427,36
2021-07-08,Kern,029,883053,98316,97538,11315,108853,1346
2021-07-08,Kings,031,150075,23377,23090,1127,24217,246
2021-07-08,Lake,033,64148,3734,3667,13,3680,63
2021-07-08,Lassen,035,31185,5304,5290,119,5409,21
2021-07-08,Los Angeles,037,10098052,1219769,1212043,42904,1254947,24542
2021-07-08,Madera,039,155013,16915,16744,962,17706,241
2021-07-08,Marin,041,260295,14326,14194,269,14463,233
2021-07-08,Mariposa,043,17540,443,442,11,453,5
2021-07-08,Mendocino,045,87422,4252,4153,80,4233,49
2021-07-08,Merced,047,269075,31458,31328,1005,32333,470
2021-07-08,Modoc,049,8938,421,410,149,559,4
2021-07-08,Mono,051,14174,1267,1275,17,1292,3
2021-07-08,Monterey,053,433212,43461,43251,1907,45158,499
2021-07-08,Napa,055,140530,10134,10077,41,10118,81
2021-07-08,Nevada,057,99092,5085,5000,196,5196,72
2021-07-08,Orange,059,3164182,258446,256438,11723,268161,5135
2021-07-08,Placer,061,380077,24200,23916,1622,25538,302
2021-07-08,Plumas,063,18699,727,717,14,731,4
2021-07-08,Riverside,065,2383286,297314,293474,14312,307786,4541
2021-07-08,Sacramento,067,1510023,110149,109091,1936,111027,1682
2021-07-08,San Benito,069,59416,6171,6141,116,6257,63
2021-07-08,San Bernardino,071,2135413,296388,294932,9155,304087,5117
2021-07-08,San Diego,073,3302833,285496,283577,15765,299342,3783
2021-07-08,San Francisco,075,870044,37842,37338,1362,38700,559
2021-07-08,San Joaquin,077,732212,74784,74150,3744,77894,1412
2021-07-08,San Luis Obispo,079,281455,21583,21375,772,22147,258
2021-07-08,San Mateo,081,765935,43270,42948,501,43449,542
2021-07-08,Santa Barbara,083,443738,35163,34595,1218,35813,460
2021-07-08,Santa Clara,085,1922200,120371,119330,807,120137,2094
2021-07-08,Santa Cruz,087,273765,16406,16286,822,17108,207
2021-07-08,Shasta,089,179085,12717,12623,1673,14296,206
2021-07-08,Sierra,091,2930,66,61,12,73,0
2021-07-08,Siskiyou,093,43540,1991,1909,392,2301,29
2021-07-08,Solano,095,438530,33975,33678,602,34280,268
2021-07-08,Sonoma,097,501317,31482,31231,368,31599,317
2021-07-08,Stanislaus,099,539301,57658,57104,6113,63217,1026
2021-07-08,Sutter,101,95872,9784,9692,91,9783,114
2021-07-08,Tehama,103,63373,5164,5131,599,5730,63
2021-07-08,Trinity,105,12862,497,341,101,442,3
2021-07-08,Tulare,107,460477,50591,49850,9304,59154,853
2021-07-08,Tuolumne,109,53932,4171,4114,43,4157,64
2021-07-08,Ventura,111,848112,82347,81713,3176,84889,1039
2021-07-08,Yolo,113,214977,14341,14250,388,14638,213
2021-07-08,Yuba,115,75493,6315,6238,133,6371,52
2021-07-07,Alameda,001,1643700,90859,89995,2050,92045,1253
2021-07-07,Alpine,003,1148,88,89,0,89,0
2021-07-07,Amador,005,37829,3779,3770,34,3804,47
2021-07-07,Butte,007,227075,12896,12750,1908,14658,202
2021-07-07,Calaveras,009,45235,2232,2212,14,2226,57
2021-07-07,Colusa,011,21464,1981,1969,332,2301,16
2021-07-07,Contra Costa,013,1133247,72028,71308,1354,72662,821
2021-07-07,Del Norte,015,27424,1486,1446,13,1459,8
2021-07-07,El Dorado,017,186661,10613,10494,776,11270,114
2021-07-07,Fresno,019,978130,103977,102639,8908,111547,1729
2021-07-07,Glenn,021,27897,2461,2441,575,3016,20
2021-07-07,Humboldt,023,135768,4614,4566,54,4620,51
2021-07-07,Imperial,025,180216,28905,28701,2854,31555,740
2021-07-07,Inyo,027,18085,1415,1415,12,1427,36
2021-07-07,Kern,029,883053,98272,97507,11300,108807,1348
2021-07-07,Kings,031,150075,23364,23085,1124,24209,245
2021-07-07,Lake,033,64148,3715,3660,13,3673,63
2021-07-07,Lassen,035,31185,5304,5286,119,5405,21
2021-07-07,Los Angeles,037,10098052,1218590,1211316,42798,1254114,24531
2021-07-07,Madera,039,155013,16904,16733,960,17693,241
2021-07-07,Marin,041,260295,14307,14183,268,14451,233
2021-07-07,Mariposa,043,17540,441,442,11,453,5
2021-07-07,Mendocino,045,87422,4243,4145,80,4225,49
2021-07-07,Merced,047,269075,31443,31317,1005,32322,470
2021-07-07,Modoc,049,8938,421,410,149,559,4
2021-07-07,Mono,051,14174,1266,1274,17,1291,3
2021-07-07,Monterey,053,433212,43437,43233,1905,45138,494
2021-07-07,Napa,055,140530,10123,10078,41,10119,81
2021-07-07,Nevada,057,99092,5078,4996,196,5192,72
2021-07-07,Orange,059,3164182,258220,256301,11701,268002,5132
2021-07-07,Placer,061,380077,24164,23901,1612,25513,302
2021-07-07,Plumas,063,18699,727,710,14,724,4
2021-07-07,Riverside,065,2383286,297099,293331,14302,307633,4538
2021-07-07,Sacramento,067,1510023,109958,108954,1928,110882,1682
2021-07-07,San Benito,069,59416,6166,6137,116,6253,63
2021-07-07,San Bernardino,071,2135413,296220,294787,9148,303935,5087
2021-07-07,San Diego,073,3302833,285178,283377,15725,299102,3782
2021-07-07,San Francisco,075,870044,37750,37284,1359,38643,558
2021-07-07,San Joaquin,077,732212,74708,74095,3728,77823,1410
2021-07-07,San Luis Obispo,079,281455,21574,21360,770,22130,258
2021-07-07,San Mateo,081,765935,43215,42908,498,43406,542
2021-07-07,Santa Barbara,083,443738,35137,34582,1218,35800,460
2021-07-07,Santa Clara,085,1922200,120273,119250,806,120056,2094
2021-07-07,Santa Cruz,087,273765,16397,16279,821,17100,207
2021-07-07,Shasta,089,179085,12709,12613,1670,14283,206
2021-07-07,Sierra,091,2930,66,60,12,72,0
2021-07-07,Siskiyou,093,43540,1985,1908,388,2296,29
2021-07-07,Solano,095,438530,33926,33659,595,34254,268
2021-07-07,Sonoma,097,501317,31436,31172,368,31540,316
2021-07-07,Stanislaus,099,539301,57613,57102,6108,63210,1028
2021-07-07,Sutter,101,95872,9774,9683,91,9774,114
2021-07-07,Tehama,103,63373,5163,5129,599,5728,63
2021-07-07,Trinity,105,12862,497,341,101,442,3
2021-07-07,Tulare,107,460477,50587,49835,9295,59130,853
2021-07-07,Tuolumne,109,53932,4167,4115,42,4157,64
2021-07-07,Ventura,111,848112,82303,81608,3162,84770,1036
2021-07-07,Yolo,113,214977,14331,14236,385,14621,213
2021-07-07,Yuba,115,75493,6299,6233,133,6366,51
2021-07-06,Alameda,001,1643700,90663,89918,2041,91959,1253
2021-07-06,Alpine,003,1148,88,89,0,89,0
2021-07-06,Amador,005,37829,3778,3768,33,3801,47
2021-07-06,Butte,007,227075,12883,12744,1905,14649,201
2021-07-06,Calaveras,009,45235,2232,2211,14,2225,55
2021-07-06,Colusa,011,21464,1980,1967,329,2296,16
2021-07-06,Contra Costa,013,1133247,71899,71262,1352,72614,820
2021-07-06,Del Norte,015,27424,1482,1445,13,1458,8
2021-07-06,El Dorado,017,186661,10595,10484,775,11259,113
2021-07-06,Fresno,019,978130,103925,102616,8896,111512,1727
2021-07-06,Glenn,021,27897,2460,2438,575,3013,20
2021-07-06,Humboldt,023,135768,4600,4565,53,4618,49
2021-07-06,Imperial,025,180216,28890,28693,2852,31545,739
2021-07-06,Inyo,027,18085,1415,1412,12,1424,36
2021-07-06,Kern,029,883053,98230,97491,11289,108780,1346
2021-07-06,Kings,031,150075,23356,23077,1123,24200,245
2021-07-06,Lake,033,64148,3705,3659,13,3672,63
2021-07-06,Lassen,035,31185,5303,5288,118,5406,21
2021-07-06,Los Angeles,037,10098052,1217374,1210965,42699,1253664,24525
2021-07-06,Madera,039,155013,16892,16730,960,17690,241
2021-07-06,Marin,041,260295,14293,14181,268,14449,233
2021-07-06,Mariposa,043,17540,441,442,11,453,5
2021-07-06,Mendocino,045,87422,4236,4143,80,4223,49
2021-07-06,Merced,047,269075,31426,31317,1004,32321,470
2021-07-06,Modoc,049,8938,421,411,149,560,4
2021-07-06,Mono,051,14174,1265,1274,17,1291,3
2021-07-06,Monterey,053,433212,43415,43224,1904,45128,494
2021-07-06,Napa,055,140530,10112,10081,41,10122,81
2021-07-06,Nevada,057,99092,5069,4988,196,5184,72
2021-07-06,Orange,059,3164182,257977,256227,11684,267911,5129
2021-07-06,Placer,061,380077,24123,23876,1606,25482,302
2021-07-06,Plumas,063,18699,726,708,14,722,4
2021-07-06,Riverside,065,2383286,296896,293227,14284,307511,4539
2021-07-06,Sacramento,067,1510023,109747,108850,1920,110770,1679
2021-07-06,San Benito,069,59416,6162,6137,116,6253,63
2021-07-06,San Bernardino,071,2135413,296041,294712,9135,303847,5056
2021-07-06,San Diego,073,3302833,284823,283278,15666,298944,3782
2021-07-06,San Francisco,075,870044,37632,37251,1358,38609,558
2021-07-06,San Joaquin,077,732212,74638,74019,3716,77735,1410
2021-07-06,San Luis Obispo,079,281455,21557,21354,769,22123,257
2021-07-06,San Mateo,081,765935,43139,42895,498,43393,541
2021-07-06,Santa Barbara,083,443738,35118,34572,1216,35788,460
2021-07-06,Santa Clara,085,1922200,120155,119194,803,119997,2095
2021-07-06,Santa Cruz,087,273765,16392,16274,820,17094,207
2021-07-06,Shasta,089,179085,12699,12606,1668,14274,205
2021-07-06,Sierra,091,2930,65,60,12,72,0
2021-07-06,Siskiyou,093,43540,1982,1905,384,2289,29
2021-07-06,Solano,095,438530,33875,33619,592,34211,268
2021-07-06,Sonoma,097,501317,31373,31130,367,31497,316
2021-07-06,Stanislaus,099,539301,57551,57120,6096,63216,1029
2021-07-06,Sutter,101,95872,9765,9674,90,9764,114
2021-07-06,Tehama,103,63373,5160,5126,598,5724,63
2021-07-06,Trinity,105,12862,497,341,101,442,3
2021-07-06,Tulare,107,460477,50572,49826,9284,59110,853
2021-07-06,Tuolumne,109,53932,4165,4113,42,4155,64
2021-07-06,Ventura,111,848112,82263,81534,3136,84670,1033
2021-07-06,Yolo,113,214977,14309,14227,382,14609,213
2021-07-06,Yuba,115,75493,6288,6231,133,6364,51
2021-07-05,Alameda,001,1643700,90487,89892,2036,91928,1253
2021-07-05,Alpine,003,1148,88,89,0,89,0
2021-07-05,Amador,005,37829,3776,3768,33,3801,47
2021-07-05,Butte,007,227075,12875,12740,1895,14635,201
2021-07-05,Calaveras,009,45235,2229,2211,14,2225,55
2021-07-05,Colusa,011,21464,1978,1966,328,2294,16
2021-07-05,Contra Costa,013,1133247,71772,71235,1352,72587,820
2021-07-05,Del Norte,015,27424,1478,1446,13,1459,8
2021-07-05,El Dorado,017,186661,10570,10481,775,11256,113
2021-07-05,Fresno,019,978130,103867,102592,8880,111472,1727
2021-07-05,Glenn,021,27897,2457,2438,574,3012,20
2021-07-05,Humboldt,023,135768,4586,4563,53,4616,49
2021-07-05,Imperial,025,180216,28872,28689,2851,31540,739
2021-07-05,Inyo,027,18085,1415,1412,12,1424,36
2021-07-05,Kern,029,883053,98183,97479,11268,108747,1346
2021-07-05,Kings,031,150075,23348,23065,1120,24185,245
2021-07-05,Lake,033,64148,3687,3645,13,3658,63
2021-07-05,Lassen,035,31185,5300,5288,117,5405,21
2021-07-05,Los Angeles,037,10098052,1216183,1210653,42596,1253249,24522
2021-07-05,Madera,039,155013,16881,16722,959,17681,241
2021-07-05,Marin,041,260295,14272,14178,268,14446,233
2021-07-05,Mariposa,043,17540,441,441,11,452,5
2021-07-05,Mendocino,045,87422,4231,4139,80,4219,49
2021-07-05,Merced,047,269075,31406,31312,1004,32316,470
2021-07-05,Modoc,049,8938,421,410,149,559,4
2021-07-05,Mono,051,14174,1265,1273,17,1290,3
2021-07-05,Monterey,053,433212,43395,43218,1899,45117,494
2021-07-05,Napa,055,140530,10106,10074,41,10115,81
2021-07-05,Nevada,057,99092,5051,4980,195,5175,72
2021-07-05,Orange,059,3164182,257776,256173,11666,267839,5129
2021-07-05,Placer,061,380077,24076,23867,1598,25465,302
2021-07-05,Plumas,063,18699,725,708,14,722,4
2021-07-05,Riverside,065,2383286,296704,293193,14272,307465,4539
2021-07-05,Sacramento,067,1510023,109565,108758,1911,110669,1679
2021-07-05,San Benito,069,59416,6155,6137,116,6253,63
2021-07-05,San Bernardino,071,2135413,295879,294647,9128,303775,5037
2021-07-05,San Diego,073,3302833,284463,282834,15621,298455,3782
2021-07-05,San Francisco,075,870044,37545,37237,1353,38590,558
2021-07-05,San Joaquin,077,732212,74568,73999,3711,77710,1410
2021-07-05,San Luis Obispo,079,281455,21544,21351,768,22119,257
2021-07-05,San Mateo,081,765935,43087,42876,495,43371,541
2021-07-05,Santa Barbara,083,443738,35098,34569,1216,35785,460
2021-07-05,Santa Clara,085,1922200,120050,119184,801,119985,2095
2021-07-05,Santa Cruz,087,273765,16383,16273,819,17092,208
2021-07-05,Shasta,089,179085,12690,12603,1666,14269,205
2021-07-05,Sierra,091,2930,65,60,12,72,0
2021-07-05,Siskiyou,093,43540,1980,1904,383,2287,29
2021-07-05,Solano,095,438530,33806,33612,586,34198,268
2021-07-05,Sonoma,097,501317,31320,31116,367,31483,316
2021-07-05,Stanislaus,099,539301,57515,57109,6086,63195,1029
2021-07-05,Sutter,101,95872,9753,9667,90,9757,114
2021-07-05,Tehama,103,63373,5159,5125,598,5723,63
2021-07-05,Trinity,105,12862,496,341,100,441,3
2021-07-05,Tulare,107,460477,50554,49818,9281,59099,853
2021-07-05,Tuolumne,109,53932,4160,4112,42,4154,64
2021-07-05,Ventura,111,848112,82213,81519,3116,84635,1033
2021-07-05,Yolo,113,214977,14290,14225,374,14599,213
2021-07-05,Yuba,115,75493,6280,6223,133,6356,51
2021-07-04,Alameda,001,1643700,90320,89683,2033,91716,1253
2021-07-04,Alpine,003,1148,88,89,0,89,0
2021-07-04,Amador,005,37829,3775,3758,33,3791,46
2021-07-04,Butte,007,227075,12865,12684,1895,14579,201
2021-07-04,Calaveras,009,45235,2228,2200,14,2214,55
2021-07-04,Colusa,011,21464,1978,1969,328,2297,15
2021-07-04,Contra Costa,013,1133247,71666,70941,1347,72288,818
2021-07-04,Del Norte,015,27424,1475,1439,13,1452,8
2021-07-04,El Dorado,017,186661,10561,10433,774,11207,113
2021-07-04,Fresno,019,978130,103821,102512,8863,111375,1727
2021-07-04,Glenn,021,27897,2455,2442,573,3015,20
2021-07-04,Humboldt,023,135768,4578,4530,53,4583,49
2021-07-04,Imperial,025,180216,28866,28661,2851,31512,739
2021-07-04,Inyo,027,18085,1415,1412,12,1424,35
2021-07-04,Kern,029,883053,98164,97421,11259,108680,1347
2021-07-04,Kings,031,150075,23340,23051,1120,24171,245
2021-07-04,Lake,033,64148,3677,3623,13,3636,62
2021-07-04,Lassen,035,31185,5299,5277,117,5394,20
2021-07-04,Los Angeles,037,10098052,1215328,1208705,42509,1251214,24506
2021-07-04,Madera,039,155013,16869,16696,957,17653,240
2021-07-04,Marin,041,260295,14257,14143,268,14411,233
2021-07-04,Mariposa,043,17540,441,441,11,452,5
2021-07-04,Mendocino,045,87422,4221,4122,80,4202,49
2021-07-04,Merced,047,269075,31395,31297,1004,32301,469
2021-07-04,Modoc,049,8938,421,410,149,559,4
2021-07-04,Mono,051,14174,1265,1275,17,1292,3
2021-07-04,Monterey,053,433212,43379,43212,1898,45110,492
2021-07-04,Napa,055,140530,10098,10045,40,10085,81
2021-07-04,Nevada,057,99092,5042,4966,195,5161,72
2021-07-04,Orange,059,3164182,257600,255823,11645,267468,5126
2021-07-04,Placer,061,380077,24039,23764,1591,25355,299
2021-07-04,Plumas,063,18699,725,707,14,721,4
2021-07-04,Riverside,065,2383286,296544,293260,14266,307526,4536
2021-07-04,Sacramento,067,1510023,109395,108257,1905,110162,1676
2021-07-04,San Benito,069,59416,6148,6108,116,6224,63
2021-07-04,San Bernardino,071,2135413,295712,294294,9121,303415,5003
2021-07-04,San Diego,073,3302833,284239,282692,15583,298275,3780
2021-07-04,San Francisco,075,870044,37488,37107,1347,38454,558
2021-07-04,San Joaquin,077,732212,74503,73841,3703,77544,1409
2021-07-04,San Luis Obispo,079,281455,21538,21330,767,22097,256
2021-07-04,San Mateo,081,765935,43053,42691,495,43186,541
2021-07-04,Santa Barbara,083,443738,35076,34526,1215,35741,456
2021-07-04,Santa Clara,085,1922200,119960,118966,800,119766,2090
2021-07-04,Santa Cruz,087,273765,16372,16254,819,17073,208
2021-07-04,Shasta,089,179085,12686,12582,1665,14247,204
2021-07-04,Sierra,091,2930,64,60,12,72,0
2021-07-04,Siskiyou,093,43540,1976,1899,382,2281,29
2021-07-04,Solano,095,438530,33765,33486,584,34070,268
2021-07-04,Sonoma,097,501317,31290,31000,366,31366,316
2021-07-04,Stanislaus,099,539301,57492,57018,6080,63098,1018
2021-07-04,Sutter,101,95872,9742,9644,90,9734,114
2021-07-04,Tehama,103,63373,5155,5124,598,5722,63
2021-07-04,Trinity,105,12862,495,341,100,441,3
2021-07-04,Tulare,107,460477,50544,49789,9278,59067,853
2021-07-04,Tuolumne,109,53932,4152,4113,42,4155,64
2021-07-04,Ventura,111,848112,82156,81425,3105,84530,1033
2021-07-04,Yolo,113,214977,14270,14188,371,14559,213
2021-07-04,Yuba,115,75493,6272,6197,133,6330,51
2021-07-03,Alameda,001,1643700,90236,89683,2025,91708,1253
2021-07-03,Alpine,003,1148,88,89,0,89,0
2021-07-03,Amador,005,37829,3775,3758,33,3791,46
2021-07-03,Butte,007,227075,12861,12684,1894,14578,201
2021-07-03,Calaveras,009,45235,2226,2200,14,2214,55
2021-07-03,Colusa,011,21464,1977,1969,328,2297,15
2021-07-03,Contra Costa,013,1133247,71607,70941,1344,72285,818
2021-07-03,Del Norte,015,27424,1472,1439,13,1452,8
2021-07-03,El Dorado,017,186661,10554,10433,772,11205,113
2021-07-03,Fresno,019,978130,103796,102512,8854,111366,1727
2021-07-03,Glenn,021,27897,2455,2442,573,3015,20
2021-07-03,Humboldt,023,135768,4573,4530,53,4583,49
2021-07-03,Imperial,025,180216,28856,28661,2851,31512,739
2021-07-03,Inyo,027,18085,1415,1412,12,1424,35
2021-07-03,Kern,029,883053,98144,97421,11251,108672,1347
2021-07-03,Kings,031,150075,23340,23051,1119,24170,245
2021-07-03,Lake,033,64148,3667,3623,13,3636,62
2021-07-03,Lassen,035,31185,5298,5277,117,5394,20
2021-07-03,Los Angeles,037,10098052,1214901,1208705,42479,1251184,24506
2021-07-03,Madera,039,155013,16860,16696,954,17650,240
2021-07-03,Marin,041,260295,14253,14143,268,14411,233
2021-07-03,Mariposa,043,17540,441,441,11,452,5
2021-07-03,Mendocino,045,87422,4220,4122,80,4202,49
2021-07-03,Merced,047,269075,31382,31297,1003,32300,469
2021-07-03,Modoc,049,8938,420,410,149,559,4
2021-07-03,Mono,051,14174,1264,1275,17,1292,3
2021-07-03,Monterey,053,433212,43367,43212,1895,45107,492
2021-07-03,Napa,055,140530,10093,10045,40,10085,81
2021-07-03,Nevada,057,99092,5028,4966,195,5161,72
2021-07-03,Orange,059,3164182,257516,255823,11638,267461,5126
2021-07-03,Placer,061,380077,24020,23764,1588,25352,299
2021-07-03,Plumas,063,18699,725,707,14,721,4
2021-07-03,Riverside,065,2383286,296452,293260,14262,307522,4536
2021-07-03,Sacramento,067,1510023,109321,108257,1902,110159,1676
2021-07-03,San Benito,069,59416,6141,6108,116,6224,63
2021-07-03,San Bernardino,071,2135413,295622,294294,9118,303412,5003
2021-07-03,San Diego,073,3302833,284108,282692,15564,298256,3780
2021-07-03,San Francisco,075,870044,37447,37107,1344,38451,558
2021-07-03,San Joaquin,077,732212,74467,73841,3698,77539,1409
2021-07-03,San Luis Obispo,079,281455,21526,21330,767,22097,256
2021-07-03,San Mateo,081,765935,43028,42691,494,43185,541
2021-07-03,Santa Barbara,083,443738,35067,34526,1214,35740,456
2021-07-03,Santa Clara,085,1922200,119913,118966,800,119766,2090
2021-07-03,Santa Cruz,087,273765,16365,16254,819,17073,208
2021-07-03,Shasta,089,179085,12682,12582,1663,14245,204
2021-07-03,Sierra,091,2930,64,60,12,72,0
2021-07-03,Siskiyou,093,43540,1975,1899,381,2280,29
2021-07-03,Solano,095,438530,33721,33486,584,34070,268
2021-07-03,Sonoma,097,501317,31256,31000,366,31366,316
2021-07-03,Stanislaus,099,539301,57478,57018,6072,63090,1018
2021-07-03,Sutter,101,95872,9732,9644,90,9734,114
2021-07-03,Tehama,103,63373,5153,5124,598,5722,63
2021-07-03,Trinity,105,12862,495,341,100,441,3
2021-07-03,Tulare,107,460477,50538,49789,9272,59061,853
2021-07-03,Tuolumne,109,53932,4151,4113,42,4155,64
2021-07-03,Ventura,111,848112,82126,81425,3097,84522,1033
2021-07-03,Yolo,113,214977,14260,14188,368,14556,213
2021-07-03,Yuba,115,75493,6266,6197,133,6330,51
2021-07-02,Alameda,001,1643700,90154,89683,2024,91707,1253
2021-07-02,Alpine,003,1148,88,89,0,89,0
2021-07-02,Amador,005,37829,3773,3758,33,3791,46
2021-07-02,Butte,007,227075,12854,12684,1894,14578,201
2021-07-02,Calaveras,009,45235,2224,2200,14,2214,55
2021-07-02,Colusa,011,21464,1976,1969,327,2296,15
2021-07-02,Contra Costa,013,1133247,71537,70941,1340,72281,818
2021-07-02,Del Norte,015,27424,1472,1439,13,1452,8
2021-07-02,El Dorado,017,186661,10546,10433,772,11205,113
2021-07-02,Fresno,019,978130,103767,102512,8848,111360,1727
2021-07-02,Glenn,021,27897,2454,2442,572,3014,20
2021-07-02,Humboldt,023,135768,4570,4530,52,4582,49
2021-07-02,Imperial,025,180216,28850,28661,2850,31511,739
2021-07-02,Inyo,027,18085,1415,1412,12,1424,35
2021-07-02,Kern,029,883053,98126,97421,11242,108663,1347
2021-07-02,Kings,031,150075,23330,23051,1119,24170,245
2021-07-02,Lake,033,64148,3661,3623,13,3636,62
2021-07-02,Lassen,035,31185,5298,5277,117,5394,20
2021-07-02,Los Angeles,037,10098052,1214427,1208705,42440,1251145,24506
2021-07-02,Madera,039,155013,16851,16696,953,17649,240
2021-07-02,Marin,041,260295,14248,14143,268,14411,233
2021-07-02,Mariposa,043,17540,441,441,11,452,5
2021-07-02,Mendocino,045,87422,4216,4122,79,4201,49
2021-07-02,Merced,047,269075,31373,31297,1003,32300,469
2021-07-02,Modoc,049,8938,420,410,149,559,4
2021-07-02,Mono,051,14174,1263,1275,17,1292,3
2021-07-02,Monterey,053,433212,43359,43212,1894,45106,492
2021-07-02,Napa,055,140530,10088,10045,40,10085,81
2021-07-02,Nevada,057,99092,5019,4966,195,5161,72
2021-07-02,Orange,059,3164182,257405,255823,11631,267454,5126
2021-07-02,Placer,061,380077,24003,23764,1581,25345,299
2021-07-02,Plumas,063,18699,725,707,14,721,4
2021-07-02,Riverside,065,2383286,296355,293260,14257,307517,4536
2021-07-02,Sacramento,067,1510023,109243,108257,1901,110158,1676
2021-07-02,San Benito,069,59416,6138,6108,116,6224,63
2021-07-02,San Bernardino,071,2135413,295535,294294,9116,303410,5003
2021-07-02,San Diego,073,3302833,283963,282692,15538,298230,3780
2021-07-02,San Francisco,075,870044,37399,37107,1342,38449,558
2021-07-02,San Joaquin,077,732212,74435,73841,3692,77533,1409
2021-07-02,San Luis Obispo,079,281455,21520,21330,766,22096,256
2021-07-02,San Mateo,081,765935,42992,42691,494,43185,541
2021-07-02,Santa Barbara,083,443738,35057,34526,1214,35740,456
2021-07-02,Santa Clara,085,1922200,119835,118966,800,119766,2090
2021-07-02,Santa Cruz,087,273765,16361,16254,819,17073,208
2021-07-02,Shasta,089,179085,12678,12582,1663,14245,204
2021-07-02,Sierra,091,2930,63,60,12,72,0
2021-07-02,Siskiyou,093,43540,1972,1899,380,2279,29
2021-07-02,Solano,095,438530,33696,33486,584,34070,268
2021-07-02,Sonoma,097,501317,31233,31000,366,31366,316
2021-07-02,Stanislaus,099,539301,57456,57018,6071,63089,1018
2021-07-02,Sutter,101,95872,9727,9644,90,9734,114
2021-07-02,Tehama,103,63373,5151,5124,596,5720,63
2021-07-02,Trinity,105,12862,495,341,100,441,3
2021-07-02,Tulare,107,460477,50528,49789,9264,59053,853
2021-07-02,Tuolumne,109,53932,4148,4113,42,4155,64
2021-07-02,Ventura,111,848112,82083,81425,3089,84514,1033
2021-07-02,Yolo,113,214977,14244,14188,366,14554,213
2021-07-02,Yuba,115,75493,6258,6197,133,6330,51
2021-07-01,Alameda,001,1643700,90050,89683,2022,91705,1253
2021-07-01,Alpine,003,1148,88,89,0,89,0
2021-07-01,Amador,005,37829,3772,3758,33,3791,46
2021-07-01,Butte,007,227075,12842,12684,1892,14576,201
2021-07-01,Calaveras,009,45235,2221,2200,14,2214,55
2021-07-01,Colusa,011,21464,1976,1969,325,2294,15
2021-07-01,Contra Costa,013,1133247,71466,70941,1339,72280,818
2021-07-01,Del Norte,015,27424,1471,1439,13,1452,8
2021-07-01,El Dorado,017,186661,10534,10433,772,11205,113
2021-07-01,Fresno,019,978130,103728,102512,8843,111355,1727
2021-07-01,Glenn,021,27897,2454,2442,572,3014,20
2021-07-01,Humboldt,023,135768,4568,4530,52,4582,49
2021-07-01,Imperial,025,180216,28833,28661,2850,31511,739
2021-07-01,Inyo,027,18085,1415,1412,12,1424,35
2021-07-01,Kern,029,883053,98100,97421,11231,108652,1347
2021-07-01,Kings,031,150075,23316,23051,1119,24170,245
2021-07-01,Lake,033,64148,3658,3623,13,3636,62
2021-07-01,Lassen,035,31185,5296,5277,117,5394,20
2021-07-01,Los Angeles,037,10098052,1213828,1208705,42385,1251090,24506
2021-07-01,Madera,039,155013,16842,16696,952,17648,240
2021-07-01,Marin,041,260295,14244,14143,268,14411,233
2021-07-01,Mariposa,043,17540,441,441,11,452,5
2021-07-01,Mendocino,045,87422,4212,4122,78,4200,49
2021-07-01,Merced,047,269075,31367,31297,1003,32300,469
2021-07-01,Modoc,049,8938,420,410,149,559,4
2021-07-01,Mono,051,14174,1262,1275,17,1292,3
2021-07-01,Monterey,053,433212,43351,43212,1890,45102,492
2021-07-01,Napa,055,140530,10081,10045,40,10085,81
2021-07-01,Nevada,057,99092,5014,4966,195,5161,72
2021-07-01,Orange,059,3164182,257284,255823,11612,267435,5126
2021-07-01,Placer,061,380077,23985,23764,1578,25342,299
2021-07-01,Plumas,063,18699,722,707,12,719,4
2021-07-01,Riverside,065,2383286,296246,293260,14249,307509,4536
2021-07-01,Sacramento,067,1510023,109117,108257,1894,110151,1676
2021-07-01,San Benito,069,59416,6134,6108,116,6224,63
2021-07-01,San Bernardino,071,2135413,295415,294294,9111,303405,5003
2021-07-01,San Diego,073,3302833,283785,282692,15501,298193,3780
2021-07-01,San Francisco,075,870044,37363,37107,1340,38447,558
2021-07-01,San Joaquin,077,732212,74384,73841,3688,77529,1409
2021-07-01,San Luis Obispo,079,281455,21505,21330,765,22095,256
2021-07-01,San Mateo,081,765935,42964,42691,493,43184,541
2021-07-01,Santa Barbara,083,443738,35045,34526,1214,35740,456
2021-07-01,Santa Clara,085,1922200,119786,118966,800,119766,2090
2021-07-01,Santa Cruz,087,273765,16356,16254,819,17073,208
2021-07-01,Shasta,089,179085,12670,12582,1662,14244,204
2021-07-01,Sierra,091,2930,63,60,12,72,0
2021-07-01,Siskiyou,093,43540,1972,1899,380,2279,29
2021-07-01,Solano,095,438530,33654,33486,583,34069,268
2021-07-01,Sonoma,097,501317,31189,31000,366,31366,316
2021-07-01,Stanislaus,099,539301,57432,57018,6067,63085,1018
2021-07-01,Sutter,101,95872,9718,9644,90,9734,114
2021-07-01,Tehama,103,63373,5151,5124,595,5719,63
2021-07-01,Trinity,105,12862,495,341,100,441,3
2021-07-01,Tulare,107,460477,50519,49789,9257,59046,853
2021-07-01,Tuolumne,109,53932,4141,4113,42,4155,64
2021-07-01,Ventura,111,848112,82052,81425,3078,84503,1033
2021-07-01,Yolo,113,214977,14229,14188,364,14552,213
2021-07-01,Yuba,115,75493,6251,6197,133,6330,51
2021-06-30,Alameda,001,1643700,89966,89597,2017,91614,1256
2021-06-30,Alpine,003,1148,88,89,0,89,0
2021-06-30,Amador,005,37829,3770,3756,33,3789,46
2021-06-30,Butte,007,227075,12835,12676,1883,14559,201
2021-06-30,Calaveras,009,45235,2215,2198,14,2212,55
2021-06-30,Colusa,011,21464,1974,1967,322,2289,15
2021-06-30,Contra Costa,013,1133247,71402,70869,1336,72205,818
2021-06-30,Del Norte,015,27424,1466,1435,13,1448,8
2021-06-30,El Dorado,017,186661,10515,10420,772,11192,113
2021-06-30,Fresno,019,978130,103691,102490,8840,111330,1727
2021-06-30,Glenn,021,27897,2452,2440,572,3012,20
2021-06-30,Humboldt,023,135768,4552,4522,50,4572,49
2021-06-30,Imperial,025,180216,28825,28651,2850,31501,739
2021-06-30,Inyo,027,18085,1415,1409,12,1421,35
2021-06-30,Kern,029,883053,98059,97267,11219,108486,1348
2021-06-30,Kings,031,150075,23311,23038,1118,24156,245
2021-06-30,Lake,033,64148,3645,3601,13,3614,56
2021-06-30,Lassen,035,31185,5291,5269,117,5386,20
2021-06-30,Los Angeles,037,10098052,1213159,1208246,42341,1250587,24499
2021-06-30,Madera,039,155013,16834,16688,950,17638,240
2021-06-30,Marin,041,260295,14235,14133,267,14400,232
2021-06-30,Mariposa,043,17540,440,441,11,452,5
2021-06-30,Mendocino,045,87422,4202,4115,78,4193,49
2021-06-30,Merced,047,269075,31357,31286,1003,32289,469
2021-06-30,Modoc,049,8938,420,410,149,559,4
2021-06-30,Mono,051,14174,1262,1275,17,1292,3
2021-06-30,Monterey,053,433212,43346,43209,1888,45097,492
2021-06-30,Napa,055,140530,10073,10039,40,10079,81
2021-06-30,Nevada,057,99092,5003,4958,195,5153,72
2021-06-30,Orange,059,3164182,257155,255764,11602,267366,5125
2021-06-30,Placer,061,380077,23961,23721,1574,25295,299
2021-06-30,Plumas,063,18699,722,705,12,717,4
2021-06-30,Riverside,065,2383286,296132,293280,14239,307519,4535
2021-06-30,Sacramento,067,1510023,108978,108137,1890,110027,1676
2021-06-30,San Benito,069,59416,6130,6105,116,6221,63
2021-06-30,San Bernardino,071,2135413,295256,294211,9106,303317,4975
2021-06-30,San Diego,073,3302833,283649,282583,15473,298056,3780
2021-06-30,San Francisco,075,870044,37314,37065,1335,38400,558
2021-06-30,San Joaquin,077,732212,74322,73777,3687,77464,1409
2021-06-30,San Luis Obispo,079,281455,21492,21326,764,22090,256
2021-06-30,San Mateo,081,765935,42927,42599,492,43091,537
2021-06-30,Santa Barbara,083,443738,35029,34521,1214,35735,456
2021-06-30,Santa Clara,085,1922200,119739,118930,797,119727,2090
2021-06-30,Santa Cruz,087,273765,16350,16250,819,17069,208
2021-06-30,Shasta,089,179085,12664,12564,1662,14226,204
2021-06-30,Sierra,091,2930,63,60,12,72,0
2021-06-30,Siskiyou,093,43540,1970,1900,377,2277,29
2021-06-30,Solano,095,438530,33615,33453,581,34034,268
2021-06-30,Sonoma,097,501317,31159,30947,366,31313,316
2021-06-30,Stanislaus,099,539301,57410,56997,6066,63063,1018
2021-06-30,Sutter,101,95872,9708,9638,90,9728,114
2021-06-30,Tehama,103,63373,5149,5124,595,5719,63
2021-06-30,Trinity,105,12862,495,341,100,441,3
2021-06-30,Tulare,107,460477,50508,49764,9246,59010,853
2021-06-30,Tuolumne,109,53932,4138,4112,42,4154,64
2021-06-30,Ventura,111,848112,82009,81392,3073,84465,1032
2021-06-30,Yolo,113,214977,14223,14178,361,14539,213
2021-06-30,Yuba,115,75493,6244,6191,133,6324,51
2021-06-29,Alameda,001,1643700,89861,89519,2017,91536,1257
2021-06-29,Alpine,003,1148,88,89,0,89,0
2021-06-29,Amador,005,37829,3766,3754,33,3787,46
2021-06-29,Butte,007,227075,12827,12669,1883,14552,201
2021-06-29,Calaveras,009,45235,2209,2198,14,2212,55
2021-06-29,Colusa,011,21464,1972,1967,322,2289,15
2021-06-29,Contra Costa,013,1133247,71328,70775,1336,72111,817
2021-06-29,Del Norte,015,27424,1465,1435,13,1448,8
2021-06-29,El Dorado,017,186661,10502,10403,768,11171,113
2021-06-29,Fresno,019,978130,103658,102464,8837,111301,1725
2021-06-29,Glenn,021,27897,2451,2439,572,3011,20
2021-06-29,Humboldt,023,135768,4548,4514,49,4563,49
2021-06-29,Imperial,025,180216,28816,28645,2849,31494,737
2021-06-29,Inyo,027,18085,1415,1408,12,1420,35
2021-06-29,Kern,029,883053,98038,97173,11213,108386,1347
2021-06-29,Kings,031,150075,23302,23035,1117,24152,245
2021-06-29,Lake,033,64148,3639,3594,13,3607,56
2021-06-29,Lassen,035,31185,5284,5268,117,5385,20
2021-06-29,Los Angeles,037,10098052,1212550,1207895,42310,1250205,24498
2021-06-29,Madera,039,155013,16830,16680,949,17629,240
2021-06-29,Marin,041,260295,14223,14127,267,14394,232
2021-06-29,Mariposa,043,17540,440,441,11,452,5
2021-06-29,Mendocino,045,87422,4199,4107,77,4184,49
2021-06-29,Merced,047,269075,31345,31277,1003,32280,469
2021-06-29,Modoc,049,8938,419,408,149,557,3
2021-06-29,Mono,051,14174,1262,1275,17,1292,3
2021-06-29,Monterey,053,433212,43336,43196,1886,45082,471
2021-06-29,Napa,055,140530,10067,10033,40,10073,81
2021-06-29,Nevada,057,99092,4996,4952,195,5147,72
2021-06-29,Orange,059,3164182,257055,255686,11587,267273,5124
2021-06-29,Placer,061,380077,23941,23693,1572,25265,299
2021-06-29,Plumas,063,18699,722,704,12,716,4
2021-06-29,Riverside,065,2383286,296033,292962,14232,307194,4524
2021-06-29,Sacramento,067,1510023,108826,108067,1887,109954,1677
2021-06-29,San Benito,069,59416,6119,6099,116,6215,63
2021-06-29,San Bernardino,071,2135413,295144,294118,9104,303222,4940
2021-06-29,San Diego,073,3302833,283494,282499,15446,297945,3780
2021-06-29,San Francisco,075,870044,37276,37041,1332,38373,558
2021-06-29,San Joaquin,077,732212,74274,73724,3684,77408,1409
2021-06-29,San Luis Obispo,079,281455,21482,21324,763,22087,256
2021-06-29,San Mateo,081,765935,42893,42540,492,43032,540
2021-06-29,Santa Barbara,083,443738,35019,34507,1213,35720,455
2021-06-29,Santa Clara,085,1922200,119684,118893,796,119689,2090
2021-06-29,Santa Cruz,087,273765,16344,16249,819,17068,208
2021-06-29,Shasta,089,179085,12652,12564,1661,14225,204
2021-06-29,Sierra,091,2930,63,59,12,71,0
2021-06-29,Siskiyou,093,43540,1967,1897,373,2270,29
2021-06-29,Solano,095,438530,33582,33440,579,34019,268
2021-06-29,Sonoma,097,501317,31117,30950,364,31314,316
2021-06-29,Stanislaus,099,539301,57382,56980,6059,63039,1018
2021-06-29,Sutter,101,95872,9697,9634,90,9724,114
2021-06-29,Tehama,103,63373,5149,5124,595,5719,63
2021-06-29,Trinity,105,12862,495,341,100,441,3
2021-06-29,Tulare,107,460477,50495,49751,9241,58992,852
2021-06-29,Tuolumne,109,53932,4136,4111,42,4153,64
2021-06-29,Ventura,111,848112,81971,81363,3067,84430,1032
2021-06-29,Yolo,113,214977,14211,14171,360,14531,213
2021-06-29,Yuba,115,75493,6234,6188,133,6321,51
2021-06-28,Alameda,001,1643700,89769,89638,2014,91652,1259
2021-06-28,Alpine,003,1148,88,89,0,89,0
2021-06-28,Amador,005,37829,3765,3753,33,3786,46
2021-06-28,Butte,007,227075,12818,12697,1881,14578,198
2021-06-28,Calaveras,009,45235,2206,2203,14,2217,55
2021-06-28,Colusa,011,21464,1970,1974,322,2296,15
2021-06-28,Contra Costa,013,1133247,71254,70807,1334,72141,816
2021-06-28,Del Norte,015,27424,1465,1436,13,1449,8
2021-06-28,El Dorado,017,186661,10492,10422,764,11186,115
2021-06-28,Fresno,019,978130,103628,103121,8835,111956,1727
2021-06-28,Glenn,021,27897,2451,2439,572,3011,20
2021-06-28,Humboldt,023,135768,4541,4520,48,4568,49
2021-06-28,Imperial,025,180216,28808,28981,2848,31829,741
2021-06-28,Inyo,027,18085,1412,1407,12,1419,35
2021-06-28,Kern,029,883053,98019,97252,11208,108460,1348
2021-06-28,Kings,031,150075,23296,23134,1117,24251,246
2021-06-28,Lake,033,64148,3631,3591,13,3604,56
2021-06-28,Lassen,035,31185,5282,5268,117,5385,20
2021-06-28,Los Angeles,037,10098052,1212032,1207714,42274,1249988,24496
2021-06-28,Madera,039,155013,16819,16683,948,17631,240
2021-06-28,Marin,041,260295,14208,14186,267,14453,232
2021-06-28,Mariposa,043,17540,440,440,11,451,5
2021-06-28,Mendocino,045,87422,4190,4102,76,4178,49
2021-06-28,Merced,047,269075,31333,31277,1003,32280,469
2021-06-28,Modoc,049,8938,419,411,148,559,3
2021-06-28,Mono,051,14174,1262,1276,17,1293,3
2021-06-28,Monterey,053,433212,43332,43202,1885,45087,462
2021-06-28,Napa,055,140530,10058,10050,39,10089,81
2021-06-28,Nevada,057,99092,4992,4951,195,5146,72
2021-06-28,Orange,059,3164182,256965,255755,11573,267328,5123
2021-06-28,Placer,061,380077,23921,23756,1567,25323,299
2021-06-28,Plumas,063,18699,720,704,12,716,4
2021-06-28,Riverside,065,2383286,295907,292647,14219,306866,4507
2021-06-28,Sacramento,067,1510023,108694,108342,1882,110224,1675
2021-06-28,San Benito,069,59416,6117,6101,116,6217,63
2021-06-28,San Bernardino,071,2135413,295043,294151,9099,303250,4928
2021-06-28,San Diego,073,3302833,283331,282417,15417,297834,3780
2021-06-28,San Francisco,075,870044,37240,37372,1330,38702,559
2021-06-28,San Joaquin,077,732212,74226,73973,3680,77653,1411
2021-06-28,San Luis Obispo,079,281455,21478,21340,762,22102,256
2021-06-28,San Mateo,081,765935,42859,42927,491,43418,540
2021-06-28,Santa Barbara,083,443738,35012,34534,1211,35745,455
2021-06-28,Santa Clara,085,1922200,119620,120377,795,121172,2103
2021-06-28,Santa Cruz,087,273765,16339,16245,819,17064,208
2021-06-28,Shasta,089,179085,12648,12642,1659,14301,203
2021-06-28,Sierra,091,2930,63,58,12,70,0
2021-06-28,Siskiyou,093,43540,1966,1896,373,2269,29
2021-06-28,Solano,095,438530,33546,33524,577,34101,267
2021-06-28,Sonoma,097,501317,31080,31137,363,31500,315
2021-06-28,Stanislaus,099,539301,57363,57047,6055,63102,1018
2021-06-28,Sutter,101,95872,9693,9682,90,9772,114
2021-06-28,Tehama,103,63373,5147,5122,595,5717,63
2021-06-28,Trinity,105,12862,495,341,100,441,3
2021-06-28,Tulare,107,460477,50485,49751,9237,58988,850
2021-06-28,Tuolumne,109,53932,4129,4121,42,4163,64
2021-06-28,Ventura,111,848112,81914,81393,3062,84455,1032
2021-06-28,Yolo,113,214977,14202,14199,357,14556,213
2021-06-28,Yuba,115,75493,6229,6207,133,6340,51
2021-06-27,Alameda,001,1643700,89683,89611,2010,91621,1259
2021-06-27,Alpine,003,1148,88,89,0,89,0
2021-06-27,Amador,005,37829,3764,3752,33,3785,46
2021-06-27,Butte,007,227075,12809,12696,1880,14576,198
2021-06-27,Calaveras,009,45235,2204,2203,14,2217,55
2021-06-27,Colusa,011,21464,1970,1974,322,2296,15
2021-06-27,Contra Costa,013,1133247,71168,70762,1330,72092,816
2021-06-27,Del Norte,015,27424,1462,1436,13,1449,8
2021-06-27,El Dorado,017,186661,10480,10418,761,11179,115
2021-06-27,Fresno,019,978130,103599,103110,8833,111943,1727
2021-06-27,Glenn,021,27897,2450,2439,571,3010,20
2021-06-27,Humboldt,023,135768,4529,4513,45,4558,49
2021-06-27,Imperial,025,180216,28794,28987,2847,31834,741
2021-06-27,Inyo,027,18085,1412,1407,12,1419,35
2021-06-27,Kern,029,883053,97993,97249,11201,108450,1348
2021-06-27,Kings,031,150075,23286,23132,1117,24249,246
2021-06-27,Lake,033,64148,3624,3581,13,3594,56
2021-06-27,Lassen,035,31185,5281,5265,117,5382,20
2021-06-27,Los Angeles,037,10098052,1211487,1207461,42234,1249695,24493
2021-06-27,Madera,039,155013,16811,16680,948,17628,240
2021-06-27,Marin,041,260295,14199,14182,267,14449,232
2021-06-27,Mariposa,043,17540,440,440,11,451,5
2021-06-27,Mendocino,045,87422,4183,4100,76,4176,49
2021-06-27,Merced,047,269075,31321,31266,1003,32269,469
2021-06-27,Modoc,049,8938,419,411,148,559,3
2021-06-27,Mono,051,14174,1262,1279,17,1296,3
2021-06-27,Monterey,053,433212,43319,43199,1885,45084,462
2021-06-27,Napa,055,140530,10052,10046,39,10085,81
2021-06-27,Nevada,057,99092,4986,4946,195,5141,72
2021-06-27,Orange,059,3164182,256851,255710,11562,267272,5123
2021-06-27,Placer,061,380077,23888,23731,1564,25295,299
2021-06-27,Plumas,063,18699,720,704,12,716,4
2021-06-27,Riverside,065,2383286,295804,292641,14213,306854,4507
2021-06-27,Sacramento,067,1510023,108559,108279,1878,110157,1675
2021-06-27,San Benito,069,59416,6111,6101,116,6217,63
2021-06-27,San Bernardino,071,2135413,294930,294115,9097,303212,4927
2021-06-27,San Diego,073,3302833,283191,282359,15391,297750,3780
2021-06-27,San Francisco,075,870044,37203,37360,1329,38689,559
2021-06-27,San Joaquin,077,732212,74190,73960,3678,77638,1411
2021-06-27,San Luis Obispo,079,281455,21471,21340,761,22101,256
2021-06-27,San Mateo,081,765935,42830,42925,488,43413,539
2021-06-27,Santa Barbara,083,443738,34997,34533,1209,35742,455
2021-06-27,Santa Clara,085,1922200,119569,120352,794,121146,2103
2021-06-27,Santa Cruz,087,273765,16330,16241,819,17060,208
2021-06-27,Shasta,089,179085,12642,12640,1658,14298,203
2021-06-27,Sierra,091,2930,63,58,12,70,0
2021-06-27,Siskiyou,093,43540,1964,1896,372,2268,29
2021-06-27,Solano,095,438530,33518,33516,577,34093,267
2021-06-27,Sonoma,097,501317,31042,31129,363,31492,315
2021-06-27,Stanislaus,099,539301,57316,57021,6052,63073,1018
2021-06-27,Sutter,101,95872,9687,9678,90,9768,114
2021-06-27,Tehama,103,63373,5143,5122,595,5717,63
2021-06-27,Trinity,105,12862,495,341,99,440,3
2021-06-27,Tulare,107,460477,50472,49749,9230,58979,850
2021-06-27,Tuolumne,109,53932,4127,4121,42,4163,64
2021-06-27,Ventura,111,848112,81880,81361,3053,84414,1032
2021-06-27,Yolo,113,214977,14187,14194,353,14547,213
2021-06-27,Yuba,115,75493,6223,6205,133,6338,51
2021-06-26,Alameda,001,1643700,89625,89560,2008,91568,1259
2021-06-26,Alpine,003,1148,88,89,0,89,0
2021-06-26,Amador,005,37829,3764,3748,33,3781,46
2021-06-26,Butte,007,227075,12805,12693,1877,14570,198
2021-06-26,Calaveras,009,45235,2202,2202,14,2216,55
2021-06-26,Colusa,011,21464,1970,1973,322,2295,15
2021-06-26,Contra Costa,013,1133247,71125,70712,1329,72041,816
2021-06-26,Del Norte,015,27424,1461,1432,13,1445,8
2021-06-26,El Dorado,017,186661,10472,10414,760,11174,115
2021-06-26,Fresno,019,978130,103579,103091,8831,111922,1727
2021-06-26,Glenn,021,27897,2448,2441,571,3012,20
2021-06-26,Humboldt,023,135768,4526,4509,45,4554,49
2021-06-26,Imperial,025,180216,28790,28970,2847,31817,741
2021-06-26,Inyo,027,18085,1412,1407,12,1419,35
2021-06-26,Kern,029,883053,97967,97239,11192,108431,1348
2021-06-26,Kings,031,150075,23282,23128,1116,24244,246
2021-06-26,Lake,033,64148,3613,3576,13,3589,56
2021-06-26,Lassen,035,31185,5278,5263,117,5380,20
2021-06-26,Los Angeles,037,10098052,1211183,1207198,42199,1249397,24490
2021-06-26,Madera,039,155013,16804,16679,947,17626,240
2021-06-26,Marin,041,260295,14190,14180,267,14447,232
2021-06-26,Mariposa,043,17540,440,440,11,451,5
2021-06-26,Mendocino,045,87422,4181,4096,76,4172,49
2021-06-26,Merced,047,269075,31315,31259,1002,32261,469
2021-06-26,Modoc,049,8938,419,411,148,559,3
2021-06-26,Mono,051,14174,1262,1279,17,1296,3
2021-06-26,Monterey,053,433212,43316,43192,1885,45077,462
2021-06-26,Napa,055,140530,10046,10043,39,10082,81
2021-06-26,Nevada,057,99092,4981,4939,195,5134,72
2021-06-26,Orange,059,3164182,256772,255640,11555,267195,5123
2021-06-26,Placer,061,380077,23874,23702,1562,25264,299
2021-06-26,Plumas,063,18699,720,704,12,716,4
2021-06-26,Riverside,065,2383286,295746,292480,14207,306687,4505
2021-06-26,Sacramento,067,1510023,108488,108179,1876,110055,1675
2021-06-26,San Benito,069,59416,6107,6100,116,6216,63
2021-06-26,San Bernardino,071,2135413,294836,294034,9092,303126,4928
2021-06-26,San Diego,073,3302833,283106,282263,15373,297636,3780
2021-06-26,San Francisco,075,870044,37171,37348,1328,38676,559
2021-06-26,San Joaquin,077,732212,74161,73928,3677,77605,1411
2021-06-26,San Luis Obispo,079,281455,21470,21330,760,22090,256
2021-06-26,San Mateo,081,765935,42810,42898,488,43386,539
2021-06-26,Santa Barbara,083,443738,34988,34525,1209,35734,455
2021-06-26,Santa Clara,085,1922200,119536,120321,794,121115,2103
2021-06-26,Santa Cruz,087,273765,16327,16239,819,17058,208
2021-06-26,Shasta,089,179085,12638,12635,1654,14289,203
2021-06-26,Sierra,091,2930,63,58,12,70,0
2021-06-26,Siskiyou,093,43540,1963,1896,371,2267,29
2021-06-26,Solano,095,438530,33500,33489,575,34064,267
2021-06-26,Sonoma,097,501317,31016,31088,363,31451,315
2021-06-26,Stanislaus,099,539301,57296,57006,6050,63056,1018
2021-06-26,Sutter,101,95872,9686,9669,90,9759,114
2021-06-26,Tehama,103,63373,5143,5119,595,5714,63
2021-06-26,Trinity,105,12862,495,341,99,440,3
2021-06-26,Tulare,107,460477,50466,49745,9230,58975,850
2021-06-26,Tuolumne,109,53932,4127,4121,42,4163,64
2021-06-26,Ventura,111,848112,81856,81352,3052,84404,1032
2021-06-26,Yolo,113,214977,14179,14184,353,14537,213
2021-06-26,Yuba,115,75493,6220,6200,133,6333,51
2021-06-25,Alameda,001,1643700,89559,89453,2005,91458,1271
2021-06-25,Alpine,003,1148,88,89,0,89,0
2021-06-25,Amador,005,37829,3763,3746,33,3779,46
2021-06-25,Butte,007,227075,12800,12682,1874,14556,198
2021-06-25,Calaveras,009,45235,2201,2201,14,2215,55
2021-06-25,Colusa,011,21464,1970,1972,322,2294,15
2021-06-25,Contra Costa,013,1133247,71089,70659,1329,71988,815
2021-06-25,Del Norte,015,27424,1461,1426,13,1439,8
2021-06-25,El Dorado,017,186661,10464,10406,757,11163,115
2021-06-25,Fresno,019,978130,103561,103073,8827,111900,1727
2021-06-25,Glenn,021,27897,2448,2441,571,3012,20
2021-06-25,Humboldt,023,135768,4520,4503,43,4546,49
2021-06-25,Imperial,025,180216,28787,28968,2847,31815,740
2021-06-25,Inyo,027,18085,1411,1406,12,1418,35
2021-06-25,Kern,029,883053,97948,97182,11188,108370,1347
2021-06-25,Kings,031,150075,23276,23118,1116,24234,246
2021-06-25,Lake,033,64148,3607,3571,13,3584,56
2021-06-25,Lassen,035,31185,5277,5259,117,5376,20
2021-06-25,Los Angeles,037,10098052,1210904,1206909,42180,1249089,24483
2021-06-25,Madera,039,155013,16801,16670,947,17617,240
2021-06-25,Marin,041,260295,14187,14179,267,14446,232
2021-06-25,Mariposa,043,17540,440,440,11,451,5
2021-06-25,Mendocino,045,87422,4178,4089,76,4165,49
2021-06-25,Merced,047,269075,31307,31256,1002,32258,467
2021-06-25,Modoc,049,8938,419,411,148,559,3
2021-06-25,Mono,051,14174,1262,1279,17,1296,3
2021-06-25,Monterey,053,433212,43311,43184,1884,45068,462
2021-06-25,Napa,055,140530,10041,10037,39,10076,81
2021-06-25,Nevada,057,99092,4978,4932,195,5127,72
2021-06-25,Orange,059,3164182,256701,255574,11553,267127,5119
2021-06-25,Placer,061,380077,23855,23672,1561,25233,299
2021-06-25,Plumas,063,18699,720,702,11,713,4
2021-06-25,Riverside,065,2383286,295679,291663,14201,305864,4490
2021-06-25,Sacramento,067,1510023,108416,108034,1873,109907,1673
2021-06-25,San Benito,069,59416,6103,6098,116,6214,63
2021-06-25,San Bernardino,071,2135413,294781,293941,9090,303031,4911
2021-06-25,San Diego,073,3302833,283046,282157,15360,297517,3779
2021-06-25,San Francisco,075,870044,37148,37338,1327,38665,559
2021-06-25,San Joaquin,077,732212,74128,73860,3675,77535,1410
2021-06-25,San Luis Obispo,079,281455,21467,21325,759,22084,256
2021-06-25,San Mateo,081,765935,42792,42849,488,43337,537
2021-06-25,Santa Barbara,083,443738,34980,34518,1208,35726,454
2021-06-25,Santa Clara,085,1922200,119516,120272,794,121066,2103
2021-06-25,Santa Cruz,087,273765,16324,16230,817,17047,208
2021-06-25,Shasta,089,179085,12628,12633,1653,14286,202
2021-06-25,Sierra,091,2930,63,58,12,70,0
2021-06-25,Siskiyou,093,43540,1962,1894,371,2265,29
2021-06-25,Solano,095,438530,33480,33449,575,34024,267
2021-06-25,Sonoma,097,501317,30994,31043,363,31406,314
2021-06-25,Stanislaus,099,539301,57277,56973,6043,63016,1018
2021-06-25,Sutter,101,95872,9679,9664,90,9754,114
2021-06-25,Tehama,103,63373,5142,5119,595,5714,63
2021-06-25,Trinity,105,12862,495,338,99,437,3
2021-06-25,Tulare,107,460477,50459,49731,9227,58958,850
2021-06-25,Tuolumne,109,53932,4126,4121,42,4163,64
2021-06-25,Ventura,111,848112,81827,81342,3046,84388,1032
2021-06-25,Yolo,113,214977,14173,14172,353,14525,213
2021-06-25,Yuba,115,75493,6216,6195,133,6328,51
2021-06-24,Alameda,001,1643700,89488,89358,2002,91360,1268
2021-06-24,Alpine,003,1148,88,89,0,89,0
2021-06-24,Amador,005,37829,3759,3745,33,3778,46
2021-06-24,Butte,007,227075,12794,12673,1872,14545,198
2021-06-24,Calaveras,009,45235,2198,2202,14,2216,55
2021-06-24,Colusa,011,21464,1969,1972,322,2294,15
2021-06-24,Contra Costa,013,1133247,71030,70590,1329,71919,813
2021-06-24,Del Norte,015,27424,1460,1421,13,1434,8
2021-06-24,El Dorado,017,186661,10457,10402,757,11159,115
2021-06-24,Fresno,019,978130,103541,103061,8824,111885,1727
2021-06-24,Glenn,021,27897,2447,2439,571,3010,20
2021-06-24,Humboldt,023,135768,4515,4493,43,4536,49
2021-06-24,Imperial,025,180216,28784,28981,2847,31828,740
2021-06-24,Inyo,027,18085,1410,1406,12,1418,35
2021-06-24,Kern,029,883053,97929,97129,11175,108304,1346
2021-06-24,Kings,031,150075,23272,23114,1114,24228,246
2021-06-24,Lake,033,64148,3601,3571,13,3584,56
2021-06-24,Lassen,035,31185,5276,5258,117,5375,20
2021-06-24,Los Angeles,037,10098052,1210580,1206590,42157,1248747,24480
2021-06-24,Madera,039,155013,16790,16662,946,17608,240
2021-06-24,Marin,041,260295,14183,14180,267,14447,232
2021-06-24,Mariposa,043,17540,440,440,11,451,5
2021-06-24,Mendocino,045,87422,4170,4085,76,4161,49
2021-06-24,Merced,047,269075,31297,31248,1001,32249,466
2021-06-24,Modoc,049,8938,419,411,148,559,3
2021-06-24,Mono,051,14174,1262,1276,17,1293,3
2021-06-24,Monterey,053,433212,43304,43180,1884,45064,451
2021-06-24,Napa,055,140530,10039,10036,39,10075,80
2021-06-24,Nevada,057,99092,4976,4927,195,5122,72
2021-06-24,Orange,059,3164182,256637,255520,11545,267065,5117
2021-06-24,Placer,061,380077,23830,23659,1559,25218,299
2021-06-24,Plumas,063,18699,719,702,11,713,4
2021-06-24,Riverside,065,2383286,295599,291067,14190,305257,4473
2021-06-24,Sacramento,067,1510023,108328,107965,1871,109836,1672
2021-06-24,San Benito,069,59416,6100,6098,116,6214,63
2021-06-24,San Bernardino,071,2135413,294712,293895,9085,302980,4898
2021-06-24,San Diego,073,3302833,282941,282053,15348,297401,3778
2021-06-24,San Francisco,075,870044,37126,37320,1325,38645,559
2021-06-24,San Joaquin,077,732212,74080,73814,3675,77489,1408
2021-06-24,San Luis Obispo,079,281455,21461,21326,759,22085,256
2021-06-24,San Mateo,081,765935,42766,42814,487,43301,542
2021-06-24,Santa Barbara,083,443738,34974,34512,1207,35719,454
2021-06-24,Santa Clara,085,1922200,119486,120274,793,121067,2103
2021-06-24,Santa Cruz,087,273765,16323,16227,817,17044,208
2021-06-24,Shasta,089,179085,12623,12629,1649,14278,202
2021-06-24,Sierra,091,2930,63,58,12,70,0
2021-06-24,Siskiyou,093,43540,1962,1892,371,2263,28
2021-06-24,Solano,095,438530,33458,33432,573,34005,267
2021-06-24,Sonoma,097,501317,30965,31020,363,31383,314
2021-06-24,Stanislaus,099,539301,57245,56946,6043,62989,1018
2021-06-24,Sutter,101,95872,9672,9660,90,9750,113
2021-06-24,Tehama,103,63373,5139,5115,595,5710,63
2021-06-24,Trinity,105,12862,494,338,99,437,3
2021-06-24,Tulare,107,460477,50448,49730,9225,58955,850
2021-06-24,Tuolumne,109,53932,4124,4120,42,4162,64
2021-06-24,Ventura,111,848112,81799,81332,3045,84377,1032
2021-06-24,Yolo,113,214977,14164,14169,350,14519,213
2021-06-24,Yuba,115,75493,6211,6195,133,6328,51
2021-06-23,Alameda,001,1643700,89416,89338,2001,91339,1266
2021-06-23,Alpine,003,1148,88,88,0,88,0
2021-06-23,Amador,005,37829,3757,3743,33,3776,46
2021-06-23,Butte,007,227075,12787,12666,1872,14538,198
2021-06-23,Calaveras,009,45235,2197,2199,14,2213,55
2021-06-23,Colusa,011,21464,1968,1972,322,2294,15
2021-06-23,Contra Costa,013,1133247,70965,70526,1328,71854,813
2021-06-23,Del Norte,015,27424,1456,1418,13,1431,8
2021-06-23,El Dorado,017,186661,10448,10395,754,11149,115
2021-06-23,Fresno,019,978130,103512,103020,8822,111842,1724
2021-06-23,Glenn,021,27897,2447,2437,570,3007,20
2021-06-23,Humboldt,023,135768,4506,4490,43,4533,48
2021-06-23,Imperial,025,180216,28777,28908,2847,31755,740
2021-06-23,Inyo,027,18085,1410,1406,12,1418,35
2021-06-23,Kern,029,883053,97901,97078,11162,108240,1345
2021-06-23,Kings,031,150075,23265,23105,1112,24217,245
2021-06-23,Lake,033,64148,3592,3566,13,3579,53
2021-06-23,Lassen,035,31185,5273,5257,117,5374,20
2021-06-23,Los Angeles,037,10098052,1210243,1206358,42147,1248505,24472
2021-06-23,Madera,039,155013,16784,16660,946,17606,240
2021-06-23,Marin,041,260295,14177,14177,267,14444,230
2021-06-23,Mariposa,043,17540,440,439,11,450,5
2021-06-23,Mendocino,045,87422,4166,4078,76,4154,49
2021-06-23,Merced,047,269075,31288,31260,1001,32261,465
2021-06-23,Modoc,049,8938,417,407,148,555,3
2021-06-23,Mono,051,14174,1262,1279,17,1296,3
2021-06-23,Monterey,053,433212,43295,43166,1884,45050,439
2021-06-23,Napa,055,140530,10030,10032,39,10071,80
2021-06-23,Nevada,057,99092,4973,4924,195,5119,72
2021-06-23,Orange,059,3164182,256571,255479,11537,267016,5116
2021-06-23,Placer,061,380077,23801,23630,1554,25184,299
2021-06-23,Plumas,063,18699,718,701,11,712,4
2021-06-23,Riverside,065,2383286,295516,290343,14188,304531,4462
2021-06-23,Sacramento,067,1510023,108236,107868,1866,109734,1671
2021-06-23,San Benito,069,59416,6096,6097,116,6213,63
2021-06-23,San Bernardino,071,2135413,294633,293816,9080,302896,4886
2021-06-23,San Diego,073,3302833,282841,281937,15327,297264,3777
2021-06-23,San Francisco,075,870044,37102,37304,1324,38628,559
2021-06-23,San Joaquin,077,732212,74041,73764,3673,77437,1405
2021-06-23,San Luis Obispo,079,281455,21457,21323,758,22081,257
2021-06-23,San Mateo,081,765935,42750,42756,487,43243,542
2021-06-23,Santa Barbara,083,443738,34964,34505,1207,35712,454
2021-06-23,Santa Clara,085,1922200,119457,120233,793,121026,2098
2021-06-23,Santa Cruz,087,273765,16319,16215,817,17032,209
2021-06-23,Shasta,089,179085,12616,12604,1647,14251,202
2021-06-23,Sierra,091,2930,63,57,12,69,0
2021-06-23,Siskiyou,093,43540,1960,1892,371,2263,28
2021-06-23,Solano,095,438530,33414,33408,573,33981,267
2021-06-23,Sonoma,097,501317,30925,30959,361,31320,314
2021-06-23,Stanislaus,099,539301,57212,56926,6042,62968,1017
2021-06-23,Sutter,101,95872,9666,9653,90,9743,113
2021-06-23,Tehama,103,63373,5139,5119,594,5713,63
2021-06-23,Trinity,105,12862,494,338,99,437,3
2021-06-23,Tulare,107,460477,50441,49711,9221,58932,850
2021-06-23,Tuolumne,109,53932,4121,4120,42,4162,64
2021-06-23,Ventura,111,848112,81776,81312,3042,84354,1032
2021-06-23,Yolo,113,214977,14154,14161,350,14511,212
2021-06-23,Yuba,115,75493,6208,6190,133,6323,51
2021-06-22,Alameda,001,1643700,89347,89308,2001,91309,1263
2021-06-22,Alpine,003,1148,88,88,0,88,0
2021-06-22,Amador,005,37829,3754,3743,33,3776,46
2021-06-22,Butte,007,227075,12783,12662,1869,14531,198
2021-06-22,Calaveras,009,45235,2196,2198,14,2212,55
2021-06-22,Colusa,011,21464,1967,1971,322,2293,15
2021-06-22,Contra Costa,013,1133247,70909,70480,1327,71807,813
2021-06-22,Del Norte,015,27424,1453,1417,13,1430,8
2021-06-22,El Dorado,017,186661,10443,10380,753,11133,113
2021-06-22,Fresno,019,978130,103493,102996,8818,111814,1724
2021-06-22,Glenn,021,27897,2446,2435,568,3003,19
2021-06-22,Humboldt,023,135768,4496,4483,43,4526,42
2021-06-22,Imperial,025,180216,28772,28880,2847,31727,740
2021-06-22,Inyo,027,18085,1410,1405,12,1417,35
2021-06-22,Kern,029,883053,97888,97013,11158,108171,1342
2021-06-22,Kings,031,150075,23257,23098,1111,24209,245
2021-06-22,Lake,033,64148,3590,3564,13,3577,45
2021-06-22,Lassen,035,31185,5268,5254,117,5371,20
2021-06-22,Los Angeles,037,10098052,1209929,1206146,42135,1248281,24461
2021-06-22,Madera,039,155013,16779,16652,946,17598,240
2021-06-22,Marin,041,260295,14175,14174,267,14441,230
2021-06-22,Mariposa,043,17540,440,439,11,450,5
2021-06-22,Mendocino,045,87422,4160,4072,76,4148,49
2021-06-22,Merced,047,269075,31277,31267,1001,32268,464
2021-06-22,Modoc,049,8938,415,405,147,552,3
2021-06-22,Mono,051,14174,1262,1277,17,1294,3
2021-06-22,Monterey,053,433212,43292,43162,1883,45045,427
2021-06-22,Napa,055,140530,10025,10029,39,10068,80
2021-06-22,Nevada,057,99092,4967,4923,195,5118,72
2021-06-22,Orange,059,3164182,256502,255452,11526,266978,5114
2021-06-22,Placer,061,380077,23779,23603,1554,25157,299
2021-06-22,Plumas,063,18699,718,697,11,708,4
2021-06-22,Riverside,065,2383286,295455,289839,14184,304023,4456
2021-06-22,Sacramento,067,1510023,108135,107801,1861,109662,1670
2021-06-22,San Benito,069,59416,6095,6098,116,6214,63
2021-06-22,San Bernardino,071,2135413,294557,293770,9074,302844,4873
2021-06-22,San Diego,073,3302833,282737,281867,15304,297171,3771
2021-06-22,San Francisco,075,870044,37088,37287,1324,38611,556
2021-06-22,San Joaquin,077,732212,74011,73723,3671,77394,1405
2021-06-22,San Luis Obispo,079,281455,21454,21321,757,22078,257
2021-06-22,San Mateo,081,765935,42736,42725,482,43207,542
2021-06-22,Santa Barbara,083,443738,34953,34500,1206,35706,454
2021-06-22,Santa Clara,085,1922200,119425,120194,793,120987,2095
2021-06-22,Santa Cruz,087,273765,16314,16218,817,17035,209
2021-06-22,Shasta,089,179085,12605,12616,1644,14260,202
2021-06-22,Sierra,091,2930,62,57,12,69,0
2021-06-22,Siskiyou,093,43540,1960,1892,371,2263,28
2021-06-22,Solano,095,438530,33396,33397,572,33969,267
2021-06-22,Sonoma,097,501317,30885,30933,361,31294,314
2021-06-22,Stanislaus,099,539301,57192,56915,6040,62955,1017
2021-06-22,Sutter,101,95872,9659,9649,90,9739,113
2021-06-22,Tehama,103,63373,5137,5118,593,5711,63
2021-06-22,Trinity,105,12862,492,337,99,436,3
2021-06-22,Tulare,107,460477,50433,49706,9216,58922,850
2021-06-22,Tuolumne,109,53932,4119,4119,42,4161,64
2021-06-22,Ventura,111,848112,81762,81300,3041,84341,1032
2021-06-22,Yolo,113,214977,14149,14157,348,14505,212
2021-06-22,Yuba,115,75493,6204,6181,133,6314,51
2021-06-21,Alameda,001,1643700,89287,89281,2000,91281,1262
2021-06-21,Alpine,003,1148,88,88,0,88,0
2021-06-21,Amador,005,37829,3748,3742,33,3775,46
2021-06-21,Butte,007,227075,12777,12668,1867,14535,195
2021-06-21,Calaveras,009,45235,2194,2194,14,2208,55
2021-06-21,Colusa,011,21464,1966,1970,321,2291,15
2021-06-21,Contra Costa,013,1133247,70838,70439,1325,71764,813
2021-06-21,Del Norte,015,27424,1449,1416,13,1429,8
2021-06-21,El Dorado,017,186661,10437,10375,752,11127,113
2021-06-21,Fresno,019,978130,103473,102971,8815,111786,1724
2021-06-21,Glenn,021,27897,2445,2433,568,3001,19
2021-06-21,Humboldt,023,135768,4487,4478,42,4520,42
2021-06-21,Imperial,025,180216,28768,28855,2847,31702,740
2021-06-21,Inyo,027,18085,1409,1405,12,1417,35
2021-06-21,Kern,029,883053,97859,96995,11149,108144,1342
2021-06-21,Kings,031,150075,23250,23091,1108,24199,245
2021-06-21,Lake,033,64148,3584,3563,13,3576,45
2021-06-21,Lassen,035,31185,5266,5233,117,5350,19
2021-06-21,Los Angeles,037,10098052,1209637,1205994,42114,1248108,24459
2021-06-21,Madera,039,155013,16770,16647,946,17593,240
2021-06-21,Marin,041,260295,14171,14173,267,14440,230
2021-06-21,Mariposa,043,17540,440,439,11,450,5
2021-06-21,Mendocino,045,87422,4157,4085,76,4161,49
2021-06-21,Merced,047,269075,31267,31264,1000,32264,465
2021-06-21,Modoc,049,8938,415,405,147,552,3
2021-06-21,Mono,051,14174,1262,1277,17,1294,3
2021-06-21,Monterey,053,433212,43289,43157,1883,45040,427
2021-06-21,Napa,055,140530,10021,10028,39,10067,80
2021-06-21,Nevada,057,99092,4963,4921,195,5116,72
2021-06-21,Orange,059,3164182,256430,255400,11519,266919,5113
2021-06-21,Placer,061,380077,23754,23577,1554,25131,298
2021-06-21,Plumas,063,18699,716,697,11,708,4
2021-06-21,Riverside,065,2383286,295379,289797,14179,303976,4456
2021-06-21,Sacramento,067,1510023,108023,107757,1860,109617,1669
2021-06-21,San Benito,069,59416,6091,6098,116,6214,63
2021-06-21,San Bernardino,071,2135413,294470,293736,9070,302806,4850
2021-06-21,San Diego,073,3302833,282631,281811,15284,297095,3771
2021-06-21,San Francisco,075,870044,37071,37275,1323,38598,556
2021-06-21,San Joaquin,077,732212,73970,73687,3670,77357,1405
2021-06-21,San Luis Obispo,079,281455,21445,21316,757,22073,257
2021-06-21,San Mateo,081,765935,42719,42685,481,43166,542
2021-06-21,Santa Barbara,083,443738,34948,34492,1206,35698,455
2021-06-21,Santa Clara,085,1922200,119392,120192,792,120984,2093
2021-06-21,Santa Cruz,087,273765,16312,16212,817,17029,208
2021-06-21,Shasta,089,179085,12592,12617,1641,14258,201
2021-06-21,Sierra,091,2930,62,57,12,69,0
2021-06-21,Siskiyou,093,43540,1960,1892,371,2263,27
2021-06-21,Solano,095,438530,33373,33383,571,33954,266
2021-06-21,Sonoma,097,501317,30862,30912,361,31273,314
2021-06-21,Stanislaus,099,539301,57162,56891,6035,62926,1017
2021-06-21,Sutter,101,95872,9658,9649,90,9739,113
2021-06-21,Tehama,103,63373,5137,5115,592,5707,63
2021-06-21,Trinity,105,12862,492,337,99,436,3
2021-06-21,Tulare,107,460477,50422,49689,9212,58901,849
2021-06-21,Tuolumne,109,53932,4115,4119,42,4161,63
2021-06-21,Ventura,111,848112,81734,81291,3037,84328,1031
2021-06-21,Yolo,113,214977,14143,14165,348,14513,212
2021-06-21,Yuba,115,75493,6203,6172,133,6305,51
2021-06-20,Alameda,001,1643700,89223,89255,1999,91254,1263
2021-06-20,Alpine,003,1148,88,88,0,88,0
2021-06-20,Amador,005,37829,3745,3740,33,3773,46
2021-06-20,Butte,007,227075,12770,12668,1866,14534,194
2021-06-20,Calaveras,009,45235,2193,2193,14,2207,55
2021-06-20,Colusa,011,21464,1966,1970,321,2291,15
2021-06-20,Contra Costa,013,1133247,70782,70401,1323,71724,813
2021-06-20,Del Norte,015,27424,1445,1416,13,1429,8
2021-06-20,El Dorado,017,186661,10423,10372,750,11122,113
2021-06-20,Fresno,019,978130,103432,102947,8812,111759,1724
2021-06-20,Glenn,021,27897,2445,2434,568,3002,19
2021-06-20,Humboldt,023,135768,4481,4472,42,4514,42
2021-06-20,Imperial,025,180216,28759,28855,2847,31702,740
2021-06-20,Inyo,027,18085,1408,1405,12,1417,35
2021-06-20,Kern,029,883053,97838,96985,11138,108123,1342
2021-06-20,Kings,031,150075,23245,23088,1106,24194,245
2021-06-20,Lake,033,64148,3582,3563,13,3576,45
2021-06-20,Lassen,035,31185,5263,5230,117,5347,19
2021-06-20,Los Angeles,037,10098052,1209338,1205874,42106,1247980,24456
2021-06-20,Madera,039,155013,16762,16638,944,17582,240
2021-06-20,Marin,041,260295,14168,14166,267,14433,230
2021-06-20,Mariposa,043,17540,438,439,11,450,5
2021-06-20,Mendocino,045,87422,4150,4080,76,4156,49
2021-06-20,Merced,047,269075,31254,31265,1000,32265,465
2021-06-20,Modoc,049,8938,415,405,147,552,3
2021-06-20,Mono,051,14174,1262,1275,17,1292,3
2021-06-20,Monterey,053,433212,43280,43156,1882,45038,427
2021-06-20,Napa,055,140530,10014,10026,38,10064,80
2021-06-20,Nevada,057,99092,4956,4919,195,5114,72
2021-06-20,Orange,059,3164182,256366,255377,11508,266885,5113
2021-06-20,Placer,061,380077,23721,23562,1550,25112,298
2021-06-20,Plumas,063,18699,715,697,11,708,4
2021-06-20,Riverside,065,2383286,295300,289770,14168,303938,4456
2021-06-20,Sacramento,067,1510023,107912,107700,1857,109557,1669
2021-06-20,San Benito,069,59416,6091,6098,116,6214,63
2021-06-20,San Bernardino,071,2135413,294370,293713,9066,302779,4845
2021-06-20,San Diego,073,3302833,282525,281750,15262,297012,3771
2021-06-20,San Francisco,075,870044,37049,37269,1323,38592,556
2021-06-20,San Joaquin,077,732212,73925,73676,3661,77337,1405
2021-06-20,San Luis Obispo,079,281455,21443,21313,757,22070,257
2021-06-20,San Mateo,081,765935,42690,42681,481,43162,542
2021-06-20,Santa Barbara,083,443738,34939,34487,1206,35693,455
2021-06-20,Santa Clara,085,1922200,119357,120163,792,120955,2093
2021-06-20,Santa Cruz,087,273765,16307,16210,817,17027,208
2021-06-20,Shasta,089,179085,12587,12617,1639,14256,201
2021-06-20,Sierra,091,2930,62,57,12,69,0
2021-06-20,Siskiyou,093,43540,1959,1891,371,2262,27
2021-06-20,Solano,095,438530,33351,33361,569,33930,266
2021-06-20,Sonoma,097,501317,30815,30884,358,31242,314
2021-06-20,Stanislaus,099,539301,57128,56868,6034,62902,1017
2021-06-20,Sutter,101,95872,9655,9645,90,9735,113
2021-06-20,Tehama,103,63373,5133,5115,592,5707,63
2021-06-20,Trinity,105,12862,492,337,99,436,3
2021-06-20,Tulare,107,460477,50413,49685,9210,58895,849
2021-06-20,Tuolumne,109,53932,4112,4117,42,4159,63
2021-06-20,Ventura,111,848112,81718,81282,3035,84317,1031
2021-06-20,Yolo,113,214977,14136,14160,348,14508,212
2021-06-20,Yuba,115,75493,6196,6167,133,6300,51
2021-06-19,Alameda,001,1643700,89190,89202,1999,91201,1263
2021-06-19,Alpine,003,1148,88,88,0,88,0
2021-06-19,Amador,005,37829,3743,3739,33,3772,46
2021-06-19,Butte,007,227075,12766,12659,1866,14525,194
2021-06-19,Calaveras,009,45235,2193,2192,14,2206,55
2021-06-19,Colusa,011,21464,1966,1969,321,2290,15
2021-06-19,Contra Costa,013,1133247,70751,70334,1322,71656,813
2021-06-19,Del Norte,015,27424,1444,1416,13,1429,8
2021-06-19,El Dorado,017,186661,10422,10363,749,11112,113
2021-06-19,Fresno,019,978130,103419,102922,8809,111731,1724
2021-06-19,Glenn,021,27897,2444,2434,567,3001,19
2021-06-19,Humboldt,023,135768,4470,4463,42,4505,42
2021-06-19,Imperial,025,180216,28758,28813,2847,31660,740
2021-06-19,Inyo,027,18085,1408,1405,12,1417,35
2021-06-19,Kern,029,883053,97822,96966,11134,108100,1342
2021-06-19,Kings,031,150075,23242,23086,1106,24192,245
2021-06-19,Lake,033,64148,3578,3563,13,3576,45
2021-06-19,Lassen,035,31185,5262,5225,117,5342,19
2021-06-19,Los Angeles,037,10098052,1209138,1205602,42091,1247693,24454
2021-06-19,Madera,039,155013,16760,16632,944,17576,240
2021-06-19,Marin,041,260295,14160,14152,267,14419,230
2021-06-19,Mariposa,043,17540,438,439,11,450,5
2021-06-19,Mendocino,045,87422,4144,4077,76,4153,49
2021-06-19,Merced,047,269075,31252,31256,1000,32256,465
2021-06-19,Modoc,049,8938,414,402,147,549,3
2021-06-19,Mono,051,14174,1262,1275,17,1292,3
2021-06-19,Monterey,053,433212,43274,43153,1882,45035,427
2021-06-19,Napa,055,140530,10010,10025,38,10063,80
2021-06-19,Nevada,057,99092,4951,4910,195,5105,72
2021-06-19,Orange,059,3164182,256320,255329,11505,266834,5112
2021-06-19,Placer,061,380077,23705,23537,1547,25084,298
2021-06-19,Plumas,063,18699,714,697,11,708,4
2021-06-19,Riverside,065,2383286,295254,289720,14168,303888,4456
2021-06-19,Sacramento,067,1510023,107866,107631,1854,109485,1669
2021-06-19,San Benito,069,59416,6090,6098,116,6214,63
2021-06-19,San Bernardino,071,2135413,294326,293673,9063,302736,4844
2021-06-19,San Diego,073,3302833,282465,281682,15248,296930,3771
2021-06-19,San Francisco,075,870044,37036,37256,1323,38579,556
2021-06-19,San Joaquin,077,732212,73909,73652,3657,77309,1405
2021-06-19,San Luis Obispo,079,281455,21441,21308,757,22065,257
2021-06-19,San Mateo,081,765935,42672,42646,479,43125,542
2021-06-19,Santa Barbara,083,443738,34937,34472,1206,35678,455
2021-06-19,Santa Clara,085,1922200,119334,120110,791,120901,2093
2021-06-19,Santa Cruz,087,273765,16302,16206,817,17023,208
2021-06-19,Shasta,089,179085,12585,12615,1638,14253,201
2021-06-19,Sierra,091,2930,62,57,12,69,0
2021-06-19,Siskiyou,093,43540,1959,1891,370,2261,27
2021-06-19,Solano,095,438530,33341,33341,568,33909,266
2021-06-19,Sonoma,097,501317,30774,30841,357,31198,314
2021-06-19,Stanislaus,099,539301,57109,56847,6031,62878,1017
2021-06-19,Sutter,101,95872,9652,9645,90,9735,113
2021-06-19,Tehama,103,63373,5132,5115,592,5707,63
2021-06-19,Trinity,105,12862,492,337,99,436,3
2021-06-19,Tulare,107,460477,50406,49681,9205,58886,849
2021-06-19,Tuolumne,109,53932,4112,4117,42,4159,63
2021-06-19,Ventura,111,848112,81705,81270,3034,84304,1031
2021-06-19,Yolo,113,214977,14132,14156,347,14503,212
2021-06-19,Yuba,115,75493,6195,6157,133,6290,51
2021-06-18,Alameda,001,1643700,89153,89123,1999,91122,1263
2021-06-18,Alpine,003,1148,88,88,0,88,0
2021-06-18,Amador,005,37829,3743,3739,33,3772,46
2021-06-18,Butte,007,227075,12763,12653,1863,14516,194
2021-06-18,Calaveras,009,45235,2193,2191,14,2205,55
2021-06-18,Colusa,011,21464,1965,1969,321,2290,15
2021-06-18,Contra Costa,013,1133247,70709,70271,1320,71591,813
2021-06-18,Del Norte,015,27424,1444,1415,13,1428,8
2021-06-18,El Dorado,017,186661,10419,10348,747,11095,113
2021-06-18,Fresno,019,978130,103403,102894,8807,111701,1722
2021-06-18,Glenn,021,27897,2443,2430,567,2997,19
2021-06-18,Humboldt,023,135768,4462,4450,42,4492,42
2021-06-18,Imperial,025,180216,28756,28809,2847,31656,740
2021-06-18,Inyo,027,18085,1408,1405,12,1417,35
2021-06-18,Kern,029,883053,97811,96948,11128,108076,1341
2021-06-18,Kings,031,150075,23237,23082,1106,24188,245
2021-06-18,Lake,033,64148,3574,3563,13,3576,45
2021-06-18,Lassen,035,31185,5261,5224,117,5341,19
2021-06-18,Los Angeles,037,10098052,1208981,1205472,42074,1247546,24451
2021-06-18,Madera,039,155013,16754,16625,944,17569,241
2021-06-18,Marin,041,260295,14157,14147,267,14414,230
2021-06-18,Mariposa,043,17540,438,439,11,450,5
2021-06-18,Mendocino,045,87422,4139,4068,76,4144,49
2021-06-18,Merced,047,269075,31250,31262,1000,32262,464
2021-06-18,Modoc,049,8938,414,402,147,549,3
2021-06-18,Mono,051,14174,1261,1275,16,1291,3
2021-06-18,Monterey,053,433212,43271,43148,1882,45030,427
2021-06-18,Napa,055,140530,10006,10021,38,10059,80
2021-06-18,Nevada,057,99092,4943,4903,195,5098,72
2021-06-18,Orange,059,3164182,256283,255274,11502,266776,5108
2021-06-18,Placer,061,380077,23697,23500,1544,25044,298
2021-06-18,Plumas,063,18699,714,697,11,708,4
2021-06-18,Riverside,065,2383286,295206,289676,14167,303843,4457
2021-06-18,Sacramento,067,1510023,107818,107570,1854,109424,1669
2021-06-18,San Benito,069,59416,6089,6097,116,6213,63
2021-06-18,San Bernardino,071,2135413,294281,293629,9059,302688,4826
2021-06-18,San Diego,073,3302833,282389,281608,15237,296845,3771
2021-06-18,San Francisco,075,870044,37027,37246,1323,38569,556
2021-06-18,San Joaquin,077,732212,73891,73623,3655,77278,1403
2021-06-18,San Luis Obispo,079,281455,21437,21301,756,22057,257
2021-06-18,San Mateo,081,765935,42661,42630,478,43108,542
2021-06-18,Santa Barbara,083,443738,34927,34469,1206,35675,455
2021-06-18,Santa Clara,085,1922200,119313,120081,790,120871,2093
2021-06-18,Santa Cruz,087,273765,16298,16202,817,17019,208
2021-06-18,Shasta,089,179085,12581,12607,1636,14243,201
2021-06-18,Sierra,091,2930,61,57,12,69,0
2021-06-18,Siskiyou,093,43540,1959,1890,370,2260,27
2021-06-18,Solano,095,438530,33327,33323,568,33891,266
2021-06-18,Sonoma,097,501317,30756,30816,356,31172,313
2021-06-18,Stanislaus,099,539301,57094,56803,6029,62832,1012
2021-06-18,Sutter,101,95872,9649,9643,90,9733,113
2021-06-18,Tehama,103,63373,5130,5114,592,5706,63
2021-06-18,Trinity,105,12862,492,337,98,435,3
2021-06-18,Tulare,107,460477,50404,49664,9198,58862,849
2021-06-18,Tuolumne,109,53932,4110,4116,42,4158,63
2021-06-18,Ventura,111,848112,81695,81256,3029,84285,1031
2021-06-18,Yolo,113,214977,14129,14148,345,14493,212
2021-06-18,Yuba,115,75493,6189,6150,133,6283,51
2021-06-17,Alameda,001,1643700,89107,89087,1999,91086,1262
2021-06-17,Alpine,003,1148,88,88,0,88,0
2021-06-17,Amador,005,37829,3741,3731,33,3764,46
2021-06-17,Butte,007,227075,12753,12644,1862,14506,194
2021-06-17,Calaveras,009,45235,2192,2189,14,2203,55
2021-06-17,Colusa,011,21464,1964,1969,321,2290,15
2021-06-17,Contra Costa,013,1133247,70670,70190,1317,71507,810
2021-06-17,Del Norte,015,27424,1442,1413,13,1426,8
2021-06-17,El Dorado,017,186661,10409,10341,747,11088,113
2021-06-17,Fresno,019,978130,103377,102867,8803,111670,1722
2021-06-17,Glenn,021,27897,2443,2430,567,2997,19
2021-06-17,Humboldt,023,135768,4453,4438,42,4480,42
2021-06-17,Imperial,025,180216,28748,28801,2847,31648,741
2021-06-17,Inyo,027,18085,1408,1405,12,1417,35
2021-06-17,Kern,029,883053,97796,96840,11122,107962,1340
2021-06-17,Kings,031,150075,23233,23078,1105,24183,245
2021-06-17,Lake,033,64148,3571,3563,9,3572,45
2021-06-17,Lassen,035,31185,5257,5223,117,5340,19
2021-06-17,Los Angeles,037,10098052,1208770,1205301,42045,1247346,24444
2021-06-17,Madera,039,155013,16749,16618,944,17562,241
2021-06-17,Marin,041,260295,14157,14141,267,14408,229
2021-06-17,Mariposa,043,17540,438,439,11,450,5
2021-06-17,Mendocino,045,87422,4132,4054,76,4130,49
2021-06-17,Merced,047,269075,31245,31262,1000,32262,464
2021-06-17,Modoc,049,8938,413,401,147,548,3
2021-06-17,Mono,051,14174,1260,1275,16,1291,3
2021-06-17,Monterey,053,433212,43263,43140,1882,45022,416
2021-06-17,Napa,055,140530,10006,10014,38,10052,80
2021-06-17,Nevada,057,99092,4939,4898,195,5093,72
2021-06-17,Orange,059,3164182,256237,255240,11491,266731,5109
2021-06-17,Placer,061,380077,23681,23461,1542,25003,298
2021-06-17,Plumas,063,18699,713,697,11,708,4
2021-06-17,Riverside,065,2383286,295152,289627,14165,303792,4458
2021-06-17,Sacramento,067,1510023,107754,107492,1852,109344,1666
2021-06-17,San Benito,069,59416,6089,6097,116,6213,63
2021-06-17,San Bernardino,071,2135413,294241,293560,9059,302619,4811
2021-06-17,San Diego,073,3302833,282313,281531,15223,296754,3771
2021-06-17,San Francisco,075,870044,37016,37243,1322,38565,556
2021-06-17,San Joaquin,077,732212,73867,73560,3650,77210,1403
2021-06-17,San Luis Obispo,079,281455,21435,21297,756,22053,257
2021-06-17,San Mateo,081,765935,42655,42615,478,43093,542
2021-06-17,Santa Barbara,083,443738,34921,34466,1206,35672,453
2021-06-17,Santa Clara,085,1922200,119288,120032,789,120821,2093
2021-06-17,Santa Cruz,087,273765,16294,16197,817,17014,208
2021-06-17,Shasta,089,179085,12573,12597,1636,14233,201
2021-06-17,Sierra,091,2930,61,56,12,68,0
2021-06-17,Siskiyou,093,43540,1958,1889,370,2259,27
2021-06-17,Solano,095,438530,33306,33296,567,33863,266
2021-06-17,Sonoma,097,501317,30725,30793,356,31149,323
2021-06-17,Stanislaus,099,539301,57063,56752,6023,62775,1012
2021-06-17,Sutter,101,95872,9646,9629,90,9719,113
2021-06-17,Tehama,103,63373,5129,5112,590,5702,63
2021-06-17,Trinity,105,12862,491,337,98,435,3
2021-06-17,Tulare,107,460477,50399,49649,9190,58839,849
2021-06-17,Tuolumne,109,53932,4109,4116,42,4158,63
2021-06-17,Ventura,111,848112,81686,81248,3026,84274,1030
2021-06-17,Yolo,113,214977,14121,14141,345,14486,212
2021-06-17,Yuba,115,75493,6180,6140,133,6273,51
2021-06-16,Alameda,001,1643700,89056,89045,1998,91043,1265
2021-06-16,Alpine,003,1148,88,88,0,88,0
2021-06-16,Amador,005,37829,3740,3730,33,3763,46
2021-06-16,Butte,007,227075,12751,12635,1860,14495,194
2021-06-16,Calaveras,009,45235,2190,2188,14,2202,55
2021-06-16,Colusa,011,21464,1964,1967,321,2288,15
2021-06-16,Contra Costa,013,1133247,70618,70136,1316,71452,810
2021-06-16,Del Norte,015,27424,1439,1413,13,1426,8
2021-06-16,El Dorado,017,186661,10403,10334,746,11080,113
2021-06-16,Fresno,019,978130,103347,102842,8799,111641,1722
2021-06-16,Glenn,021,27897,2443,2430,567,2997,19
2021-06-16,Humboldt,023,135768,4444,4427,41,4468,42
2021-06-16,Imperial,025,180216,28745,28796,2846,31642,741
2021-06-16,Inyo,027,18085,1407,1405,12,1417,35
2021-06-16,Kern,029,883053,97774,96789,11114,107903,1339
2021-06-16,Kings,031,150075,23232,23072,1104,24176,245
2021-06-16,Lake,033,64148,3571,3562,9,3571,45
2021-06-16,Lassen,035,31185,5254,5216,117,5333,19
2021-06-16,Los Angeles,037,10098052,1208547,1205102,42034,1247136,24439
2021-06-16,Madera,039,155013,16745,16603,944,17547,240
2021-06-16,Marin,041,260295,14155,14137,267,14404,229
2021-06-16,Mariposa,043,17540,438,437,11,448,5
2021-06-16,Mendocino,045,87422,4124,4041,76,4117,49
2021-06-16,Merced,047,269075,31237,31250,1000,32250,463
2021-06-16,Modoc,049,8938,412,383,146,529,3
2021-06-16,Mono,051,14174,1260,1275,16,1291,3
2021-06-16,Monterey,053,433212,43260,43122,1882,45004,416
2021-06-16,Napa,055,140530,10002,10011,38,10049,80
2021-06-16,Nevada,057,99092,4934,4894,195,5089,72
2021-06-16,Orange,059,3164182,256184,255188,11484,266672,5109
2021-06-16,Placer,061,380077,23671,23425,1538,24963,298
2021-06-16,Plumas,063,18699,713,697,11,708,4
2021-06-16,Riverside,065,2383286,295091,289539,14163,303702,4457
2021-06-16,Sacramento,067,1510023,107684,107422,1848,109270,1665
2021-06-16,San Benito,069,59416,6089,6090,116,6206,63
2021-06-16,San Bernardino,071,2135413,294192,293499,9057,302556,4797
2021-06-16,San Diego,073,3302833,282235,281423,15210,296633,3770
2021-06-16,San Francisco,075,870044,37003,37222,1320,38542,555
2021-06-16,San Joaquin,077,732212,73830,73530,3646,77176,1399
2021-06-16,San Luis Obispo,079,281455,21430,21294,756,22050,257
2021-06-16,San Mateo,081,765935,42639,42601,478,43079,542
2021-06-16,Santa Barbara,083,443738,34915,34459,1206,35665,460
2021-06-16,Santa Clara,085,1922200,119256,119982,789,120771,2087
2021-06-16,Santa Cruz,087,273765,16291,16187,817,17004,208
2021-06-16,Shasta,089,179085,12568,12592,1635,14227,200
2021-06-16,Sierra,091,2930,61,56,12,68,0
2021-06-16,Siskiyou,093,43540,1957,1886,370,2256,26
2021-06-16,Solano,095,438530,33278,33276,567,33843,266
2021-06-16,Sonoma,097,501317,30689,30741,356,31097,323
2021-06-16,Stanislaus,099,539301,57032,56738,6021,62759,984
2021-06-16,Sutter,101,95872,9642,9620,90,9710,113
2021-06-16,Tehama,103,63373,5127,5106,590,5696,63
2021-06-16,Trinity,105,12862,490,332,98,430,3
2021-06-16,Tulare,107,460477,50394,49578,9186,58764,849
2021-06-16,Tuolumne,109,53932,4109,4110,42,4152,63
2021-06-16,Ventura,111,848112,81672,81229,3024,84253,1029
2021-06-16,Yolo,113,214977,14112,14135,344,14479,212
2021-06-16,Yuba,115,75493,6170,6134,133,6267,51
2021-06-15,Alameda,001,1643700,89013,89008,1998,91006,1262
2021-06-15,Alpine,003,1148,88,88,0,88,0
2021-06-15,Amador,005,37829,3737,3723,33,3756,46
2021-06-15,Butte,007,227075,12743,12620,1859,14479,194
2021-06-15,Calaveras,009,45235,2189,2188,14,2202,55
2021-06-15,Colusa,011,21464,1964,1967,319,2286,15
2021-06-15,Contra Costa,013,1133247,70556,70101,1316,71417,810
2021-06-15,Del Norte,015,27424,1438,1411,13,1424,8
2021-06-15,El Dorado,017,186661,10394,10330,746,11076,113
2021-06-15,Fresno,019,978130,103316,102828,8798,111626,1722
2021-06-15,Glenn,021,27897,2442,2426,567,2993,19
2021-06-15,Humboldt,023,135768,4435,4414,40,4454,42
2021-06-15,Imperial,025,180216,28739,28789,2846,31635,741
2021-06-15,Inyo,027,18085,1407,1405,12,1417,35
2021-06-15,Kern,029,883053,97746,96782,11106,107888,1338
2021-06-15,Kings,031,150075,23226,23070,1102,24172,245
2021-06-15,Lake,033,64148,3570,3559,9,3568,45
2021-06-15,Lassen,035,31185,5253,5211,117,5328,19
2021-06-15,Los Angeles,037,10098052,1208315,1204926,42026,1246952,24435
2021-06-15,Madera,039,155013,16738,16600,943,17543,240
2021-06-15,Marin,041,260295,14147,14135,267,14402,229
2021-06-15,Mariposa,043,17540,438,437,11,448,5
2021-06-15,Mendocino,045,87422,4117,4034,76,4110,49
2021-06-15,Merced,047,269075,31231,31244,1000,32244,461
2021-06-15,Modoc,049,8938,411,383,146,529,3
2021-06-15,Mono,051,14174,1260,1275,16,1291,3
2021-06-15,Monterey,053,433212,43254,43118,1882,45000,416
2021-06-15,Napa,055,140530,10000,10010,38,10048,80
2021-06-15,Nevada,057,99092,4931,4888,195,5083,72
2021-06-15,Orange,059,3164182,256143,255127,11475,266602,5105
2021-06-15,Placer,061,380077,23649,23396,1537,24933,298
2021-06-15,Plumas,063,18699,712,697,11,708,4
2021-06-15,Riverside,065,2383286,295031,289508,14159,303667,4455
2021-06-15,Sacramento,067,1510023,107609,107370,1842,109212,1662
2021-06-15,San Benito,069,59416,6088,6089,116,6205,63
2021-06-15,San Bernardino,071,2135413,294142,293463,9051,302514,4790
2021-06-15,San Diego,073,3302833,282151,281375,15195,296570,3770
2021-06-15,San Francisco,075,870044,36994,37210,1319,38529,555
2021-06-15,San Joaquin,077,732212,73790,73494,3641,77135,1399
2021-06-15,San Luis Obispo,079,281455,21425,21293,755,22048,257
2021-06-15,San Mateo,081,765935,42626,42593,478,43071,543
2021-06-15,Santa Barbara,083,443738,34910,34451,1206,35657,460
2021-06-15,Santa Clara,085,1922200,119218,119963,789,120752,2086
2021-06-15,Santa Cruz,087,273765,16284,16180,816,16996,208
2021-06-15,Shasta,089,179085,12562,12583,1635,14218,201
2021-06-15,Sierra,091,2930,60,55,12,67,0
2021-06-15,Siskiyou,093,43540,1956,1887,370,2257,26
2021-06-15,Solano,095,438530,33259,33264,567,33831,266
2021-06-15,Sonoma,097,501317,30650,30707,355,31062,323
2021-06-15,Stanislaus,099,539301,57003,56724,6017,62741,979
2021-06-15,Sutter,101,95872,9633,9616,90,9706,113
2021-06-15,Tehama,103,63373,5125,5102,590,5692,63
2021-06-15,Trinity,105,12862,489,332,98,430,3
2021-06-15,Tulare,107,460477,50387,49561,9183,58744,848
2021-06-15,Tuolumne,109,53932,4109,4111,42,4153,63
2021-06-15,Ventura,111,848112,81661,81215,3021,84236,1029
2021-06-15,Yolo,113,214977,14108,14127,342,14469,212
2021-06-15,Yuba,115,75493,6159,6130,133,6263,51
2021-06-14,Alameda,001,1643700,88964,88966,1998,90964,1264
2021-06-14,Alpine,003,1148,88,88,0,88,0
2021-06-14,Amador,005,37829,3736,3722,33,3755,46
2021-06-14,Butte,007,227075,12732,12613,1855,14468,194
2021-06-14,Calaveras,009,45235,2188,2190,14,2204,55
2021-06-14,Colusa,011,21464,1963,1966,319,2285,15
2021-06-14,Contra Costa,013,1133247,70503,70069,1314,71383,810
2021-06-14,Del Norte,015,27424,1438,1411,13,1424,8
2021-06-14,El Dorado,017,186661,10385,10327,745,11072,113
2021-06-14,Fresno,019,978130,103294,102812,8796,111608,1719
2021-06-14,Glenn,021,27897,2442,2426,567,2993,19
2021-06-14,Humboldt,023,135768,4427,4407,39,4446,42
2021-06-14,Imperial,025,180216,28727,28836,2846,31682,741
2021-06-14,Inyo,027,18085,1406,1405,12,1417,35
2021-06-14,Kern,029,883053,97726,96760,11096,107856,1337
2021-06-14,Kings,031,150075,23223,23071,1101,24172,245
2021-06-14,Lake,033,64148,3569,3557,9,3566,45
2021-06-14,Lassen,035,31185,5250,5209,116,5325,19
2021-06-14,Los Angeles,037,10098052,1208080,1204748,42016,1246764,24434
2021-06-14,Madera,039,155013,16732,16597,942,17539,240
2021-06-14,Marin,041,260295,14145,14133,267,14400,229
2021-06-14,Mariposa,043,17540,437,437,11,448,5
2021-06-14,Mendocino,045,87422,4111,4028,76,4104,49
2021-06-14,Merced,047,269075,31222,31241,999,32240,461
2021-06-14,Modoc,049,8938,402,382,144,526,3
2021-06-14,Mono,051,14174,1260,1275,16,1291,3
2021-06-14,Monterey,053,433212,43251,43110,1882,44992,415
2021-06-14,Napa,055,140530,9996,10000,38,10038,80
2021-06-14,Nevada,057,99092,4924,4885,195,5080,72
2021-06-14,Orange,059,3164182,256105,255069,11471,266540,5103
2021-06-14,Placer,061,380077,23624,23379,1536,24915,298
2021-06-14,Plumas,063,18699,712,696,11,707,4
2021-06-14,Riverside,065,2383286,294977,289476,14159,303635,4453
2021-06-14,Sacramento,067,1510023,107555,107334,1837,109171,1661
2021-06-14,San Benito,069,59416,6088,6087,116,6203,63
2021-06-14,San Bernardino,071,2135413,294086,293446,9047,302493,4790
2021-06-14,San Diego,073,3302833,282045,281314,15175,296489,3770
2021-06-14,San Francisco,075,870044,36981,37206,1319,38525,555
2021-06-14,San Joaquin,077,732212,73761,73453,3641,77094,1398
2021-06-14,San Luis Obispo,079,281455,21423,21302,755,22057,256
2021-06-14,San Mateo,081,765935,42612,42619,477,43096,543
2021-06-14,Santa Barbara,083,443738,34907,34449,1206,35655,460
2021-06-14,Santa Clara,085,1922200,119187,119957,788,120745,2085
2021-06-14,Santa Cruz,087,273765,16282,16175,816,16991,208
2021-06-14,Shasta,089,179085,12551,12561,1632,14193,201
2021-06-14,Sierra,091,2930,59,55,12,67,0
2021-06-14,Siskiyou,093,43540,1956,1886,370,2256,26
2021-06-14,Solano,095,438530,33242,33243,566,33809,266
2021-06-14,Sonoma,097,501317,30618,30679,354,31033,323
2021-06-14,Stanislaus,099,539301,56966,56689,6014,62703,975
2021-06-14,Sutter,101,95872,9630,9607,90,9697,112
2021-06-14,Tehama,103,63373,5123,5102,590,5692,63
2021-06-14,Trinity,105,12862,489,332,98,430,3
2021-06-14,Tulare,107,460477,50382,49538,9180,58718,848
2021-06-14,Tuolumne,109,53932,4106,4108,42,4150,63
2021-06-14,Ventura,111,848112,81651,81209,3021,84230,1028
2021-06-14,Yolo,113,214977,14100,14123,342,14465,212
2021-06-14,Yuba,115,75493,6152,6127,133,6260,50
2021-06-13,Alameda,001,1643700,88908,88947,1996,90943,1264
2021-06-13,Alpine,003,1148,87,88,0,88,0
2021-06-13,Amador,005,37829,3732,3721,33,3754,46
2021-06-13,Butte,007,227075,12721,12586,1852,14438,194
2021-06-13,Calaveras,009,45235,2188,2189,14,2203,55
2021-06-13,Colusa,011,21464,1963,1965,318,2283,15
2021-06-13,Contra Costa,013,1133247,70449,70040,1312,71352,810
2021-06-13,Del Norte,015,27424,1436,1412,13,1425,8
2021-06-13,El Dorado,017,186661,10376,10324,745,11069,113
2021-06-13,Fresno,019,978130,103263,102795,8791,111586,1719
2021-06-13,Glenn,021,27897,2441,2425,565,2990,19
2021-06-13,Humboldt,023,135768,4414,4401,39,4440,42
2021-06-13,Imperial,025,180216,28718,28800,2845,31645,741
2021-06-13,Inyo,027,18085,1406,1405,12,1417,35
2021-06-13,Kern,029,883053,97702,96743,11084,107827,1337
2021-06-13,Kings,031,150075,23218,23069,1100,24169,245
2021-06-13,Lake,033,64148,3569,3556,9,3565,45
2021-06-13,Lassen,035,31185,5245,5209,116,5325,19
2021-06-13,Los Angeles,037,10098052,1207817,1204614,42003,1246617,24433
2021-06-13,Madera,039,155013,16718,16590,942,17532,240
2021-06-13,Marin,041,260295,14139,14126,267,14393,229
2021-06-13,Mariposa,043,17540,437,434,11,445,5
2021-06-13,Mendocino,045,87422,4104,4026,76,4102,49
2021-06-13,Merced,047,269075,31216,31240,998,32238,461
2021-06-13,Modoc,049,8938,400,382,142,524,3
2021-06-13,Mono,051,14174,1260,1275,16,1291,3
2021-06-13,Monterey,053,433212,43243,43108,1882,44990,415
2021-06-13,Napa,055,140530,9990,9995,38,10033,80
2021-06-13,Nevada,057,99092,4919,4883,195,5078,72
2021-06-13,Orange,059,3164182,256050,255043,11469,266512,5103
2021-06-13,Placer,061,380077,23598,23365,1534,24899,295
2021-06-13,Plumas,063,18699,711,696,11,707,4
2021-06-13,Riverside,065,2383286,294910,289447,14156,303603,4453
2021-06-13,Sacramento,067,1510023,107479,107289,1834,109123,1658
2021-06-13,San Benito,069,59416,6088,6086,116,6202,63
2021-06-13,San Bernardino,071,2135413,294035,293416,9042,302458,4788
2021-06-13,San Diego,073,3302833,281966,281268,15159,296427,3770
2021-06-13,San Francisco,075,870044,36968,37197,1319,38516,555
2021-06-13,San Joaquin,077,732212,73727,73438,3639,77077,1398
2021-06-13,San Luis Obispo,079,281455,21417,21298,754,22052,256
2021-06-13,San Mateo,081,765935,42599,42611,477,43088,542
2021-06-13,Santa Barbara,083,443738,34896,34449,1205,35654,460
2021-06-13,Santa Clara,085,1922200,119163,119946,788,120734,2085
2021-06-13,Santa Cruz,087,273765,16275,16172,816,16988,208
2021-06-13,Shasta,089,179085,12542,12560,1631,14191,201
2021-06-13,Sierra,091,2930,59,55,12,67,0
2021-06-13,Siskiyou,093,43540,1955,1885,370,2255,26
2021-06-13,Solano,095,438530,33221,33234,566,33800,266
2021-06-13,Sonoma,097,501317,30583,30663,352,31015,323
2021-06-13,Stanislaus,099,539301,56939,56671,6013,62684,975
2021-06-13,Sutter,101,95872,9623,9603,90,9693,112
2021-06-13,Tehama,103,63373,5121,5100,590,5690,63
2021-06-13,Trinity,105,12862,488,332,98,430,3
2021-06-13,Tulare,107,460477,50373,49537,9175,58712,848
2021-06-13,Tuolumne,109,53932,4104,4107,41,4148,63
2021-06-13,Ventura,111,848112,81637,81201,3021,84222,1028
2021-06-13,Yolo,113,214977,14093,14120,340,14460,212
2021-06-13,Yuba,115,75493,6145,6125,133,6258,50
2021-06-12,Alameda,001,1643700,88879,88901,1996,90897,1271
2021-06-12,Alpine,003,1148,87,88,0,88,0
2021-06-12,Amador,005,37829,3731,3721,33,3754,46
2021-06-12,Butte,007,227075,12717,12576,1852,14428,194
2021-06-12,Calaveras,009,45235,2188,2189,14,2203,55
2021-06-12,Colusa,011,21464,1963,1965,318,2283,15
2021-06-12,Contra Costa,013,1133247,70418,69989,1309,71298,810
2021-06-12,Del Norte,015,27424,1436,1412,13,1425,8
2021-06-12,El Dorado,017,186661,10371,10320,744,11064,113
2021-06-12,Fresno,019,978130,103253,102783,8790,111573,1720
2021-06-12,Glenn,021,27897,2439,2425,565,2990,19
2021-06-12,Humboldt,023,135768,4406,4396,39,4435,42
2021-06-12,Imperial,025,180216,28715,28799,2845,31644,741
2021-06-12,Inyo,027,18085,1406,1405,12,1417,35
2021-06-12,Kern,029,883053,97687,96731,11080,107811,1337
2021-06-12,Kings,031,150075,23216,23067,1100,24167,245
2021-06-12,Lake,033,64148,3568,3552,9,3561,45
2021-06-12,Lassen,035,31185,5245,5208,116,5324,19
2021-06-12,Los Angeles,037,10098052,1207680,1204439,41996,1246435,24434
2021-06-12,Madera,039,155013,16714,16586,942,17528,240
2021-06-12,Marin,041,260295,14136,14121,267,14388,229
2021-06-12,Mariposa,043,17540,437,434,11,445,5
2021-06-12,Mendocino,045,87422,4101,4024,76,4100,49
2021-06-12,Merced,047,269075,31213,31236,998,32234,461
2021-06-12,Modoc,049,8938,399,382,142,524,3
2021-06-12,Mono,051,14174,1260,1275,16,1291,3
2021-06-12,Monterey,053,433212,43237,43103,1882,44985,415
2021-06-12,Napa,055,140530,9986,9986,38,10024,80
2021-06-12,Nevada,057,99092,4913,4878,195,5073,72
2021-06-12,Orange,059,3164182,256017,255004,11467,266471,5103
2021-06-12,Placer,061,380077,23579,23345,1534,24879,295
2021-06-12,Plumas,063,18699,711,696,11,707,4
2021-06-12,Riverside,065,2383286,294868,289413,14153,303566,4453
2021-06-12,Sacramento,067,1510023,107419,107199,1831,109030,1658
2021-06-12,San Benito,069,59416,6086,6083,116,6199,63
2021-06-12,San Bernardino,071,2135413,294001,293375,9040,302415,4788
2021-06-12,San Diego,073,3302833,281909,281203,15150,296353,3770
2021-06-12,San Francisco,075,870044,36958,37189,1319,38508,555
2021-06-12,San Joaquin,077,732212,73708,73413,3638,77051,1398
2021-06-12,San Luis Obispo,079,281455,21414,21293,754,22047,256
2021-06-12,San Mateo,081,765935,42594,42604,477,43081,542
2021-06-12,Santa Barbara,083,443738,34892,34450,1205,35655,460
2021-06-12,Santa Clara,085,1922200,119123,119894,788,120682,2085
2021-06-12,Santa Cruz,087,273765,16267,16170,816,16986,208
2021-06-12,Shasta,089,179085,12539,12556,1630,14186,201
2021-06-12,Sierra,091,2930,59,55,12,67,0
2021-06-12,Siskiyou,093,43540,1954,1884,370,2254,25
2021-06-12,Solano,095,438530,33212,33219,566,33785,266
2021-06-12,Sonoma,097,501317,30554,30647,352,30999,323
2021-06-12,Stanislaus,099,539301,56922,56649,6012,62661,974
2021-06-12,Sutter,101,95872,9619,9603,90,9693,112
2021-06-12,Tehama,103,63373,5121,5099,589,5688,63
2021-06-12,Trinity,105,12862,488,332,98,430,3
2021-06-12,Tulare,107,460477,50368,49533,9168,58701,848
2021-06-12,Tuolumne,109,53932,4103,4105,41,4146,63
2021-06-12,Ventura,111,848112,81625,81197,3021,84218,1028
2021-06-12,Yolo,113,214977,14090,14118,338,14456,212
2021-06-12,Yuba,115,75493,6140,6120,133,6253,50
2021-06-11,Alameda,001,1643700,88851,88844,1996,90840,1278
2021-06-11,Alpine,003,1148,87,88,0,88,0
2021-06-11,Amador,005,37829,3731,3710,33,3743,46
2021-06-11,Butte,007,227075,12713,12576,1850,14426,194
2021-06-11,Calaveras,009,45235,2188,2188,14,2202,55
2021-06-11,Colusa,011,21464,1962,1964,318,2282,15
2021-06-11,Contra Costa,013,1133247,70385,69940,1307,71247,808
2021-06-11,Del Norte,015,27424,1436,1409,13,1422,8
2021-06-11,El Dorado,017,186661,10368,10316,744,11060,113
2021-06-11,Fresno,019,978130,103235,102770,8789,111559,1720
2021-06-11,Glenn,021,27897,2439,2425,565,2990,19
2021-06-11,Humboldt,023,135768,4402,4389,39,4428,42
2021-06-11,Imperial,025,180216,28710,28793,2845,31638,741
2021-06-11,Inyo,027,18085,1406,1405,12,1417,35
2021-06-11,Kern,029,883053,97675,96718,11076,107794,1340
2021-06-11,Kings,031,150075,23212,23069,1099,24168,245
2021-06-11,Lake,033,64148,3567,3550,9,3559,45
2021-06-11,Lassen,035,31185,5244,5204,116,5320,18
2021-06-11,Los Angeles,037,10098052,1207534,1204259,41982,1246241,24434
2021-06-11,Madera,039,155013,16711,16582,942,17524,240
2021-06-11,Marin,041,260295,14133,14116,267,14383,229
2021-06-11,Mariposa,043,17540,437,434,11,445,5
2021-06-11,Mendocino,045,87422,4098,4022,76,4098,49
2021-06-11,Merced,047,269075,31208,31231,998,32229,461
2021-06-11,Modoc,049,8938,399,382,141,523,3
2021-06-11,Mono,051,14174,1260,1274,16,1290,3
2021-06-11,Monterey,053,433212,43233,43097,1882,44979,415
2021-06-11,Napa,055,140530,9983,9977,38,10015,80
2021-06-11,Nevada,057,99092,4911,4873,195,5068,72
2021-06-11,Orange,059,3164182,255983,254975,11464,266439,5101
2021-06-11,Placer,061,380077,23574,23330,1534,24864,294
2021-06-11,Plumas,063,18699,711,696,11,707,4
2021-06-11,Riverside,065,2383286,294830,289376,14148,303524,4451
2021-06-11,Sacramento,067,1510023,107359,107119,1830,108949,1659
2021-06-11,San Benito,069,59416,6085,6082,116,6198,63
2021-06-11,San Bernardino,071,2135413,293965,293335,9036,302371,4788
2021-06-11,San Diego,073,3302833,281869,281144,15143,296287,3768
2021-06-11,San Francisco,075,870044,36953,37177,1319,38496,555
2021-06-11,San Joaquin,077,732212,73691,73347,3635,76982,1397
2021-06-11,San Luis Obispo,079,281455,21413,21288,754,22042,256
2021-06-11,San Mateo,081,765935,42580,42585,477,43062,542
2021-06-11,Santa Barbara,083,443738,34889,34438,1205,35643,460
2021-06-11,Santa Clara,085,1922200,119103,119860,788,120648,2083
2021-06-11,Santa Cruz,087,273765,16259,16164,816,16980,208
2021-06-11,Shasta,089,179085,12531,12550,1628,14178,201
2021-06-11,Sierra,091,2930,59,55,12,67,0
2021-06-11,Siskiyou,093,43540,1953,1882,370,2252,25
2021-06-11,Solano,095,438530,33192,33179,565,33744,266
2021-06-11,Sonoma,097,501317,30536,30624,352,30976,323
2021-06-11,Stanislaus,099,539301,56896,56617,6008,62625,974
2021-06-11,Sutter,101,95872,9616,9600,89,9689,112
2021-06-11,Tehama,103,63373,5120,5099,589,5688,63
2021-06-11,Trinity,105,12862,488,331,98,429,3
2021-06-11,Tulare,107,460477,50362,49516,9167,58683,848
2021-06-11,Tuolumne,109,53932,4100,4104,41,4145,63
2021-06-11,Ventura,111,848112,81615,81189,3021,84210,1026
2021-06-11,Yolo,113,214977,14083,14111,334,14445,212
2021-06-11,Yuba,115,75493,6136,6113,133,6246,50
2021-06-10,Alameda,001,1643700,88805,88806,1995,90801,1275
2021-06-10,Alpine,003,1148,87,88,0,88,0
2021-06-10,Amador,005,37829,3727,3709,33,3742,46
2021-06-10,Butte,007,227075,12696,12565,1850,14415,194
2021-06-10,Calaveras,009,45235,2187,2188,14,2202,55
2021-06-10,Colusa,011,21464,1960,1964,318,2282,15
2021-06-10,Contra Costa,013,1133247,70331,69876,1307,71183,807
2021-06-10,Del Norte,015,27424,1436,1405,13,1418,8
2021-06-10,El Dorado,017,186661,10361,10314,740,11054,113
2021-06-10,Fresno,019,978130,103209,102724,8788,111512,1717
2021-06-10,Glenn,021,27897,2439,2425,565,2990,19
2021-06-10,Humboldt,023,135768,4394,4384,39,4423,42
2021-06-10,Imperial,025,180216,28704,28779,2845,31624,739
2021-06-10,Inyo,027,18085,1406,1405,12,1417,35
2021-06-10,Kern,029,883053,97661,96706,11071,107777,1336
2021-06-10,Kings,031,150075,23211,23067,1099,24166,245
2021-06-10,Lake,033,64148,3562,3550,9,3559,45
2021-06-10,Lassen,035,31185,5242,5201,116,5317,18
2021-06-10,Los Angeles,037,10098052,1207369,1204110,41965,1246075,24440
2021-06-10,Madera,039,155013,16704,16581,941,17522,240
2021-06-10,Marin,041,260295,14130,14118,267,14385,229
2021-06-10,Mariposa,043,17540,435,434,11,445,5
2021-06-10,Mendocino,045,87422,4093,4016,76,4092,48
2021-06-10,Merced,047,269075,31200,31231,995,32226,461
2021-06-10,Modoc,049,8938,398,381,141,522,3
2021-06-10,Mono,051,14174,1259,1274,16,1290,3
2021-06-10,Monterey,053,433212,43227,43090,1882,44972,415
2021-06-10,Napa,055,140530,9982,9974,38,10012,80
2021-06-10,Nevada,057,99092,4906,4866,195,5061,72
2021-06-10,Orange,059,3164182,255953,254950,11457,266407,5097
2021-06-10,Placer,061,380077,23561,23296,1534,24830,293
2021-06-10,Plumas,063,18699,711,696,11,707,4
2021-06-10,Riverside,065,2383286,294788,289335,14143,303478,4450
2021-06-10,Sacramento,067,1510023,107297,107049,1830,108879,1658
2021-06-10,San Benito,069,59416,6085,6079,116,6195,63
2021-06-10,San Bernardino,071,2135413,293924,293281,9033,302314,4782
2021-06-10,San Diego,073,3302833,281811,281052,15126,296178,3766
2021-06-10,San Francisco,075,870044,36943,37159,1317,38476,552
2021-06-10,San Joaquin,077,732212,73657,73276,3634,76910,1393
2021-06-10,San Luis Obispo,079,281455,21410,21280,754,22034,256
2021-06-10,San Mateo,081,765935,42573,42562,477,43039,666
2021-06-10,Santa Barbara,083,443738,34885,34434,1205,35639,460
2021-06-10,Santa Clara,085,1922200,119068,119832,787,120619,2075
2021-06-10,Santa Cruz,087,273765,16258,16159,816,16975,208
2021-06-10,Shasta,089,179085,12521,12536,1627,14163,201
2021-06-10,Sierra,091,2930,58,55,12,67,0
2021-06-10,Siskiyou,093,43540,1953,1881,370,2251,25
2021-06-10,Solano,095,438530,33175,33150,564,33714,265
2021-06-10,Sonoma,097,501317,30501,30571,350,30921,323
2021-06-10,Stanislaus,099,539301,56875,56588,6004,62592,974
2021-06-10,Sutter,101,95872,9609,9594,89,9683,112
2021-06-10,Tehama,103,63373,5120,5096,589,5685,63
2021-06-10,Trinity,105,12862,488,331,98,429,3
2021-06-10,Tulare,107,460477,50354,49503,9167,58670,848
2021-06-10,Tuolumne,109,53932,4100,4100,41,4141,63
2021-06-10,Ventura,111,848112,81604,81172,3020,84192,1026
2021-06-10,Yolo,113,214977,14080,14107,334,14441,212
2021-06-10,Yuba,115,75493,6132,6112,133,6245,50
2021-06-09,Alameda,001,1643700,88759,88762,1994,90756,1271
2021-06-09,Alpine,003,1148,87,88,0,88,0
2021-06-09,Amador,005,37829,3723,3706,33,3739,46
2021-06-09,Butte,007,227075,12690,12555,1848,14403,194
2021-06-09,Calaveras,009,45235,2185,2184,14,2198,55
2021-06-09,Colusa,011,21464,1960,1962,317,2279,15
2021-06-09,Contra Costa,013,1133247,70294,69829,1306,71135,803
2021-06-09,Del Norte,015,27424,1432,1403,13,1416,8
2021-06-09,El Dorado,017,186661,10358,10312,739,11051,113
2021-06-09,Fresno,019,978130,103189,102690,8784,111474,1717
2021-06-09,Glenn,021,27897,2438,2424,565,2989,19
2021-06-09,Humboldt,023,135768,4389,4379,38,4417,42
2021-06-09,Imperial,025,180216,28701,28754,2845,31599,739
2021-06-09,Inyo,027,18085,1406,1405,12,1417,35
2021-06-09,Kern,029,883053,97647,96697,11062,107759,1328
2021-06-09,Kings,031,150075,23209,23061,1099,24160,245
2021-06-09,Lake,033,64148,3559,3541,9,3550,45
2021-06-09,Lassen,035,31185,5241,5200,116,5316,18
2021-06-09,Los Angeles,037,10098052,1207185,1203955,41954,1245909,24432
2021-06-09,Madera,039,155013,16699,16580,941,17521,240
2021-06-09,Marin,041,260295,14125,14114,267,14381,229
2021-06-09,Mariposa,043,17540,435,434,11,445,5
2021-06-09,Mendocino,045,87422,4087,4008,76,4084,47
2021-06-09,Merced,047,269075,31196,31225,995,32220,461
2021-06-09,Modoc,049,8938,396,377,140,517,3
2021-06-09,Mono,051,14174,1259,1274,16,1290,3
2021-06-09,Monterey,053,433212,43220,43082,1882,44964,415
2021-06-09,Napa,055,140530,9976,9971,38,10009,80
2021-06-09,Nevada,057,99092,4896,4863,194,5057,72
2021-06-09,Orange,059,3164182,255908,254893,11453,266346,5080
2021-06-09,Placer,061,380077,23542,23237,1534,24771,293
2021-06-09,Plumas,063,18699,710,697,11,708,4
2021-06-09,Riverside,065,2383286,294742,289299,14141,303440,4450
2021-06-09,Sacramento,067,1510023,107235,106971,1827,108798,1657
2021-06-09,San Benito,069,59416,6082,6078,116,6194,63
2021-06-09,San Bernardino,071,2135413,293882,293222,9033,302255,4782
2021-06-09,San Diego,073,3302833,281746,280941,15114,296055,3765
2021-06-09,San Francisco,075,870044,36930,37143,1316,38459,552
2021-06-09,San Joaquin,077,732212,73631,73232,3633,76865,1392
2021-06-09,San Luis Obispo,079,281455,21409,21259,754,22013,256
2021-06-09,San Mateo,081,765935,42557,42502,476,42978,666
2021-06-09,Santa Barbara,083,443738,34874,34422,1205,35627,460
2021-06-09,Santa Clara,085,1922200,119030,119793,786,120579,2068
2021-06-09,Santa Cruz,087,273765,16255,16155,816,16971,208
2021-06-09,Shasta,089,179085,12511,12521,1625,14146,201
2021-06-09,Sierra,091,2930,57,55,12,67,0
2021-06-09,Siskiyou,093,43540,1952,1871,370,2241,25
2021-06-09,Solano,095,438530,33159,33137,563,33700,264
2021-06-09,Sonoma,097,501317,30479,30540,350,30890,323
2021-06-09,Stanislaus,099,539301,56855,56560,6001,62561,974
2021-06-09,Sutter,101,95872,9600,9586,88,9674,111
2021-06-09,Tehama,103,63373,5119,5093,589,5682,63
2021-06-09,Trinity,105,12862,487,331,98,429,3
2021-06-09,Tulare,107,460477,50350,49496,9165,58661,847
2021-06-09,Tuolumne,109,53932,4097,4100,41,4141,63
2021-06-09,Ventura,111,848112,81594,81154,3019,84173,1026
2021-06-09,Yolo,113,214977,14078,14102,333,14435,212
2021-06-09,Yuba,115,75493,6128,6109,133,6242,50
2021-06-08,Alameda,001,1643700,88711,88731,1994,90725,1267
2021-06-08,Alpine,003,1148,87,88,0,88,0
2021-06-08,Amador,005,37829,3722,3704,33,3737,46
2021-06-08,Butte,007,227075,12684,12540,1846,14386,194
2021-06-08,Calaveras,009,45235,2184,2181,14,2195,55
2021-06-08,Colusa,011,21464,1960,1961,317,2278,15
2021-06-08,Contra Costa,013,1133247,70246,69762,1305,71067,803
2021-06-08,Del Norte,015,27424,1430,1402,13,1415,8
2021-06-08,El Dorado,017,186661,10353,10306,737,11043,113
2021-06-08,Fresno,019,978130,103164,102680,8782,111462,1717
2021-06-08,Glenn,021,27897,2437,2423,565,2988,19
2021-06-08,Humboldt,023,135768,4384,4363,38,4401,42
2021-06-08,Imperial,025,180216,28692,28752,2845,31597,738
2021-06-08,Inyo,027,18085,1406,1405,12,1417,35
2021-06-08,Kern,029,883053,97628,96671,11055,107726,1325
2021-06-08,Kings,031,150075,23208,23036,1099,24135,245
2021-06-08,Lake,033,64148,3558,3540,9,3549,45
2021-06-08,Lassen,035,31185,5241,5200,116,5316,18
2021-06-08,Los Angeles,037,10098052,1206990,1203794,41943,1245737,24426
2021-06-08,Madera,039,155013,16693,16579,940,17519,240
2021-06-08,Marin,041,260295,14123,14111,266,14377,229
2021-06-08,Mariposa,043,17540,435,434,11,445,5
2021-06-08,Mendocino,045,87422,4080,4002,76,4078,47
2021-06-08,Merced,047,269075,31188,31225,995,32220,461
2021-06-08,Modoc,049,8938,390,377,139,516,3
2021-06-08,Mono,051,14174,1259,1274,16,1290,3
2021-06-08,Monterey,053,433212,43214,43078,1881,44959,415
2021-06-08,Napa,055,140530,9972,9962,38,10000,80
2021-06-08,Nevada,057,99092,4891,4861,194,5055,72
2021-06-08,Orange,059,3164182,255866,254852,11446,266298,5078
2021-06-08,Placer,061,380077,23524,23209,1530,24739,293
2021-06-08,Plumas,063,18699,710,692,11,703,4
2021-06-08,Riverside,065,2383286,294706,289268,14133,303401,4452
2021-06-08,Sacramento,067,1510023,107173,106901,1824,108725,1654
2021-06-08,San Benito,069,59416,6080,6076,116,6192,63
2021-06-08,San Bernardino,071,2135413,293833,293186,9029,302215,4778
2021-06-08,San Diego,073,3302833,281684,280879,15105,295984,3764
2021-06-08,San Francisco,075,870044,36915,37134,1315,38449,552
2021-06-08,San Joaquin,077,732212,73587,73186,3628,76814,1390
2021-06-08,San Luis Obispo,079,281455,21403,21251,753,22004,255
2021-06-08,San Mateo,081,765935,42544,42488,476,42964,663
2021-06-08,Santa Barbara,083,443738,34870,34418,1205,35623,459
2021-06-08,Santa Clara,085,1922200,119009,119770,785,120555,2068
2021-06-08,Santa Cruz,087,273765,16252,16160,816,16976,208
2021-06-08,Shasta,089,179085,12496,12498,1625,14123,201
2021-06-08,Sierra,091,2930,57,55,12,67,0
2021-06-08,Siskiyou,093,43540,1950,1870,368,2238,21
2021-06-08,Solano,095,438530,33138,33130,563,33693,259
2021-06-08,Sonoma,097,501317,30452,30523,348,30871,323
2021-06-08,Stanislaus,099,539301,56828,56548,5999,62547,973
2021-06-08,Sutter,101,95872,9597,9581,88,9669,111
2021-06-08,Tehama,103,63373,5116,5093,589,5682,63
2021-06-08,Trinity,105,12862,487,330,97,427,3
2021-06-08,Tulare,107,460477,50338,49485,9160,58645,847
2021-06-08,Tuolumne,109,53932,4094,4099,41,4140,63
2021-06-08,Ventura,111,848112,81578,81142,3018,84160,1026
2021-06-08,Yolo,113,214977,14073,14099,332,14431,212
2021-06-08,Yuba,115,75493,6126,6103,133,6236,50
2021-06-07,Alameda,001,1643700,88653,88688,1994,90682,1267
2021-06-07,Alpine,003,1148,87,88,0,88,0
2021-06-07,Amador,005,37829,3712,3697,33,3730,46
2021-06-07,Butte,007,227075,12677,12533,1845,14378,194
2021-06-07,Calaveras,009,45235,2183,2181,14,2195,55
2021-06-07,Colusa,011,21464,1959,1960,317,2277,15
2021-06-07,Contra Costa,013,1133247,70189,69718,1304,71022,817
2021-06-07,Del Norte,015,27424,1430,1401,13,1414,8
2021-06-07,El Dorado,017,186661,10348,10305,737,11042,113
2021-06-07,Fresno,019,978130,103134,102659,8774,111433,1717
2021-06-07,Glenn,021,27897,2437,2423,565,2988,19
2021-06-07,Humboldt,023,135768,4376,4354,38,4392,42
2021-06-07,Imperial,025,180216,28690,28754,2844,31598,738
2021-06-07,Inyo,027,18085,1406,1404,12,1416,35
2021-06-07,Kern,029,883053,97612,96645,11048,107693,1324
2021-06-07,Kings,031,150075,23204,23023,1099,24122,244
2021-06-07,Lake,033,64148,3556,3540,9,3549,45
2021-06-07,Lassen,035,31185,5236,5198,116,5314,18
2021-06-07,Los Angeles,037,10098052,1206768,1203664,41929,1245593,24413
2021-06-07,Madera,039,155013,16686,16572,940,17512,240
2021-06-07,Marin,041,260295,14119,14108,265,14373,229
2021-06-07,Mariposa,043,17540,435,434,11,445,5
2021-06-07,Mendocino,045,87422,4074,3998,76,4074,47
2021-06-07,Merced,047,269075,31176,31212,994,32206,459
2021-06-07,Modoc,049,8938,389,375,136,511,3
2021-06-07,Mono,051,14174,1259,1275,16,1291,3
2021-06-07,Monterey,053,433212,43207,43077,1881,44958,415
2021-06-07,Napa,055,140530,9964,9962,38,10000,80
2021-06-07,Nevada,057,99092,4889,4860,194,5054,72
2021-06-07,Orange,059,3164182,255826,254808,11439,266247,5073
2021-06-07,Placer,061,380077,23505,23176,1528,24704,293
2021-06-07,Plumas,063,18699,710,692,11,703,4
2021-06-07,Riverside,065,2383286,294663,289232,14129,303361,4451
2021-06-07,Sacramento,067,1510023,107097,106841,1821,108662,1655
2021-06-07,San Benito,069,59416,6079,6074,116,6190,63
2021-06-07,San Bernardino,071,2135413,293795,293129,9028,302157,4775
2021-06-07,San Diego,073,3302833,281602,280808,15092,295900,3764
2021-06-07,San Francisco,075,870044,36899,37122,1315,38437,552
2021-06-07,San Joaquin,077,732212,73542,73130,3621,76751,1388
2021-06-07,San Luis Obispo,079,281455,21390,21252,753,22005,255
2021-06-07,San Mateo,081,765935,42528,42479,476,42955,664
2021-06-07,Santa Barbara,083,443738,34864,34407,1205,35612,459
2021-06-07,Santa Clara,085,1922200,118977,119743,785,120528,2066
2021-06-07,Santa Cruz,087,273765,16250,16159,816,16975,208
2021-06-07,Shasta,089,179085,12482,12483,1620,14103,200
2021-06-07,Sierra,091,2930,57,55,12,67,0
2021-06-07,Siskiyou,093,43540,1950,1869,368,2237,21
2021-06-07,Solano,095,438530,33116,33124,562,33686,258
2021-06-07,Sonoma,097,501317,30416,30504,347,30851,323
2021-06-07,Stanislaus,099,539301,56794,56521,5997,62518,972
2021-06-07,Sutter,101,95872,9593,9571,88,9659,111
2021-06-07,Tehama,103,63373,5112,5092,589,5681,63
2021-06-07,Trinity,105,12862,487,329,97,426,3
2021-06-07,Tulare,107,460477,50332,49471,9160,58631,847
2021-06-07,Tuolumne,109,53932,4093,4098,41,4139,63
2021-06-07,Ventura,111,848112,81561,81137,3017,84154,1025
2021-06-07,Yolo,113,214977,14068,14097,331,14428,211
2021-06-07,Yuba,115,75493,6124,6099,130,6229,49
2021-06-06,Alameda,001,1643700,88614,88636,1993,90629,1267
2021-06-06,Alpine,003,1148,87,88,0,88,0
2021-06-06,Amador,005,37829,3709,3696,33,3729,46
2021-06-06,Butte,007,227075,12666,12527,1844,14371,194
2021-06-06,Calaveras,009,45235,2182,2181,14,2195,55
2021-06-06,Colusa,011,21464,1957,1959,317,2276,15
2021-06-06,Contra Costa,013,1133247,70124,69659,1302,70961,817
2021-06-06,Del Norte,015,27424,1425,1401,13,1414,8
2021-06-06,El Dorado,017,186661,10341,10294,737,11031,113
2021-06-06,Fresno,019,978130,103101,102642,8771,111413,1717
2021-06-06,Glenn,021,27897,2436,2423,565,2988,19
2021-06-06,Humboldt,023,135768,4365,4353,38,4391,42
2021-06-06,Imperial,025,180216,28684,28762,2844,31606,738
2021-06-06,Inyo,027,18085,1405,1404,12,1416,35
2021-06-06,Kern,029,883053,97594,96623,11041,107664,1324
2021-06-06,Kings,031,150075,23198,23021,1099,24120,244
2021-06-06,Lake,033,64148,3556,3535,9,3544,45
2021-06-06,Lassen,035,31185,5234,5191,116,5307,18
2021-06-06,Los Angeles,037,10098052,1206569,1203539,41917,1245456,24410
2021-06-06,Madera,039,155013,16679,16567,940,17507,240
2021-06-06,Marin,041,260295,14113,14106,264,14370,229
2021-06-06,Mariposa,043,17540,434,435,11,446,5
2021-06-06,Mendocino,045,87422,4070,3993,76,4069,47
2021-06-06,Merced,047,269075,31170,31215,993,32208,459
2021-06-06,Modoc,049,8938,389,375,135,510,3
2021-06-06,Mono,051,14174,1259,1275,16,1291,3
2021-06-06,Monterey,053,433212,43202,43078,1881,44959,415
2021-06-06,Napa,055,140530,9958,9963,38,10001,80
2021-06-06,Nevada,057,99092,4882,4854,193,5047,72
2021-06-06,Orange,059,3164182,255790,254782,11434,266216,5073
2021-06-06,Placer,061,380077,23480,23156,1525,24681,293
2021-06-06,Plumas,063,18699,710,692,11,703,4
2021-06-06,Riverside,065,2383286,294622,289201,14123,303324,4451
2021-06-06,Sacramento,067,1510023,107011,106749,1820,108569,1655
2021-06-06,San Benito,069,59416,6073,6074,116,6190,63
2021-06-06,San Bernardino,071,2135413,293739,293117,9019,302136,4773
2021-06-06,San Diego,073,3302833,281522,280743,15075,295818,3764
2021-06-06,San Francisco,075,870044,36886,37118,1314,38432,552
2021-06-06,San Joaquin,077,732212,73510,73105,3617,76722,1388
2021-06-06,San Luis Obispo,079,281455,21387,21246,753,21999,255
2021-06-06,San Mateo,081,765935,42511,42457,476,42933,664
2021-06-06,Santa Barbara,083,443738,34860,34403,1204,35607,459
2021-06-06,Santa Clara,085,1922200,118955,119711,785,120496,2066
2021-06-06,Santa Cruz,087,273765,16249,16158,816,16974,208
2021-06-06,Shasta,089,179085,12467,12478,1616,14094,200
2021-06-06,Sierra,091,2930,57,55,12,67,0
2021-06-06,Siskiyou,093,43540,1947,1869,368,2237,21
2021-06-06,Solano,095,438530,33089,33093,562,33655,258
2021-06-06,Sonoma,097,501317,30385,30478,346,30824,323
2021-06-06,Stanislaus,099,539301,56752,56486,5994,62480,972
2021-06-06,Sutter,101,95872,9586,9567,88,9655,111
2021-06-06,Tehama,103,63373,5108,5092,588,5680,63
2021-06-06,Trinity,105,12862,487,328,97,425,3
2021-06-06,Tulare,107,460477,50324,49466,9155,58621,847
2021-06-06,Tuolumne,109,53932,4091,4097,41,4138,63
2021-06-06,Ventura,111,848112,81550,81130,3014,84144,1025
2021-06-06,Yolo,113,214977,14060,14089,330,14419,210
2021-06-06,Yuba,115,75493,6116,6096,130,6226,49
2021-06-05,Alameda,001,1643700,88583,88612,1992,90604,1268
2021-06-05,Alpine,003,1148,87,88,0,88,0
2021-06-05,Amador,005,37829,3709,3694,33,3727,46
2021-06-05,Butte,007,227075,12660,12514,1843,14357,194
2021-06-05,Calaveras,009,45235,2182,2181,14,2195,55
2021-06-05,Colusa,011,21464,1957,1959,317,2276,15
2021-06-05,Contra Costa,013,1133247,70095,69601,1302,70903,817
2021-06-05,Del Norte,015,27424,1425,1400,13,1413,8
2021-06-05,El Dorado,017,186661,10339,10288,736,11024,113
2021-06-05,Fresno,019,978130,103092,102626,8771,111397,1717
2021-06-05,Glenn,021,27897,2435,2423,565,2988,19
2021-06-05,Humboldt,023,135768,4360,4346,38,4384,42
2021-06-05,Imperial,025,180216,28681,28764,2843,31607,738
2021-06-05,Inyo,027,18085,1405,1405,12,1417,35
2021-06-05,Kern,029,883053,97581,96597,11037,107634,1324
2021-06-05,Kings,031,150075,23195,23017,1099,24116,244
2021-06-05,Lake,033,64148,3553,3534,9,3543,45
2021-06-05,Lassen,035,31185,5233,5191,116,5307,18
2021-06-05,Los Angeles,037,10098052,1206442,1203338,41908,1245246,24411
2021-06-05,Madera,039,155013,16675,16563,940,17503,240
2021-06-05,Marin,041,260295,14111,14101,264,14365,229
2021-06-05,Mariposa,043,17540,434,435,11,446,5
2021-06-05,Mendocino,045,87422,4067,3989,76,4065,47
2021-06-05,Merced,047,269075,31168,31212,992,32204,459
2021-06-05,Modoc,049,8938,389,375,134,509,3
2021-06-05,Mono,051,14174,1259,1274,16,1290,3
2021-06-05,Monterey,053,433212,43198,43071,1880,44951,415
2021-06-05,Napa,055,140530,9953,9960,38,9998,80
2021-06-05,Nevada,057,99092,4880,4849,193,5042,72
2021-06-05,Orange,059,3164182,255766,254752,11431,266183,5069
2021-06-05,Placer,061,380077,23464,23133,1525,24658,293
2021-06-05,Plumas,063,18699,710,692,11,703,4
2021-06-05,Riverside,065,2383286,294587,289157,14119,303276,4451
2021-06-05,Sacramento,067,1510023,106959,106688,1817,108505,1655
2021-06-05,San Benito,069,59416,6071,6074,116,6190,63
2021-06-05,San Bernardino,071,2135413,293706,293081,9017,302098,4772
2021-06-05,San Diego,073,3302833,281481,280676,15062,295738,3764
2021-06-05,San Francisco,075,870044,36877,37111,1314,38425,552
2021-06-05,San Joaquin,077,732212,73494,73078,3611,76689,1388
2021-06-05,San Luis Obispo,079,281455,21384,21236,753,21989,255
2021-06-05,San Mateo,081,765935,42501,42433,476,42909,664
2021-06-05,Santa Barbara,083,443738,34857,34399,1203,35602,459
2021-06-05,Santa Clara,085,1922200,118933,119676,783,120459,2066
2021-06-05,Santa Cruz,087,273765,16249,16154,816,16970,208
2021-06-05,Shasta,089,179085,12458,12472,1615,14087,200
2021-06-05,Sierra,091,2930,57,55,12,67,0
2021-06-05,Siskiyou,093,43540,1947,1867,368,2235,21
2021-06-05,Solano,095,438530,33074,33074,562,33636,257
2021-06-05,Sonoma,097,501317,30358,30450,344,30794,323
2021-06-05,Stanislaus,099,539301,56731,56463,5992,62455,973
2021-06-05,Sutter,101,95872,9583,9559,88,9647,111
2021-06-05,Tehama,103,63373,5107,5092,587,5679,63
2021-06-05,Trinity,105,12862,487,328,97,425,3
2021-06-05,Tulare,107,460477,50318,49463,9155,58618,847
2021-06-05,Tuolumne,109,53932,4089,4098,41,4139,63
2021-06-05,Ventura,111,848112,81541,81119,3012,84131,1025
2021-06-05,Yolo,113,214977,14058,14088,330,14418,210
2021-06-05,Yuba,115,75493,6115,6087,130,6217,49
2021-06-04,Alameda,001,1643700,88557,88585,1990,90575,1263
2021-06-04,Alpine,003,1148,87,88,0,88,0
2021-06-04,Amador,005,37829,3709,3690,33,3723,46
2021-06-04,Butte,007,227075,12649,12494,1840,14334,193
2021-06-04,Calaveras,009,45235,2182,2179,14,2193,55
2021-06-04,Colusa,011,21464,1957,1959,317,2276,15
2021-06-04,Contra Costa,013,1133247,70060,69540,1299,70839,816
2021-06-04,Del Norte,015,27424,1425,1398,13,1411,8
2021-06-04,El Dorado,017,186661,10335,10284,734,11018,112
2021-06-04,Fresno,019,978130,103076,102601,8771,111372,1712
2021-06-04,Glenn,021,27897,2435,2423,564,2987,19
2021-06-04,Humboldt,023,135768,4355,4327,38,4365,42
2021-06-04,Imperial,025,180216,28677,28753,2843,31596,738
2021-06-04,Inyo,027,18085,1405,1404,12,1416,35
2021-06-04,Kern,029,883053,97563,96573,11035,107608,1327
2021-06-04,Kings,031,150075,23194,23002,1099,24101,244
2021-06-04,Lake,033,64148,3551,3528,9,3537,45
2021-06-04,Lassen,035,31185,5233,5180,116,5296,18
2021-06-04,Los Angeles,037,10098052,1206318,1203106,41899,1245005,24400
2021-06-04,Madera,039,155013,16673,16557,940,17497,240
2021-06-04,Marin,041,260295,14110,14099,263,14362,229
2021-06-04,Mariposa,043,17540,434,435,11,446,5
2021-06-04,Mendocino,045,87422,4058,3983,76,4059,47
2021-06-04,Merced,047,269075,31163,31204,991,32195,459
2021-06-04,Modoc,049,8938,387,375,134,509,3
2021-06-04,Mono,051,14174,1259,1275,16,1291,3
2021-06-04,Monterey,053,433212,43194,43068,1880,44948,415
2021-06-04,Napa,055,140530,9949,9958,38,9996,80
2021-06-04,Nevada,057,99092,4876,4844,193,5037,72
2021-06-04,Orange,059,3164182,255729,254730,11428,266158,5059
2021-06-04,Placer,061,380077,23448,23110,1524,24634,293
2021-06-04,Plumas,063,18699,710,691,11,702,4
2021-06-04,Riverside,065,2383286,294561,289098,14115,303213,4452
2021-06-04,Sacramento,067,1510023,106905,106616,1816,108432,1654
2021-06-04,San Benito,069,59416,6069,6073,116,6189,63
2021-06-04,San Bernardino,071,2135413,293683,293056,9015,302071,4768
2021-06-04,San Diego,073,3302833,281438,280556,15055,295611,3763
2021-06-04,San Francisco,075,870044,36872,37079,1313,38392,551
2021-06-04,San Joaquin,077,732212,73475,73039,3609,76648,1388
2021-06-04,San Luis Obispo,079,281455,21381,21234,752,21986,255
2021-06-04,San Mateo,081,765935,42489,42413,476,42889,478
2021-06-04,Santa Barbara,083,443738,34851,34402,1202,35604,459
2021-06-04,Santa Clara,085,1922200,118903,119619,783,120402,2065
2021-06-04,Santa Cruz,087,273765,16247,16150,816,16966,207
2021-06-04,Shasta,089,179085,12452,12458,1610,14068,200
2021-06-04,Sierra,091,2930,57,55,12,67,0
2021-06-04,Siskiyou,093,43540,1946,1865,368,2233,21
2021-06-04,Solano,095,438530,33063,33058,562,33620,256
2021-06-04,Sonoma,097,501317,30337,30411,344,30755,323
2021-06-04,Stanislaus,099,539301,56708,56442,5989,62431,973
2021-06-04,Sutter,101,95872,9578,9554,88,9642,111
2021-06-04,Tehama,103,63373,5102,5090,587,5677,63
2021-06-04,Trinity,105,12862,487,328,97,425,3
2021-06-04,Tulare,107,460477,50309,49452,9153,58605,847
2021-06-04,Tuolumne,109,53932,4088,4095,41,4136,63
2021-06-04,Ventura,111,848112,81534,81104,3010,84114,1023
2021-06-04,Yolo,113,214977,14056,14083,330,14413,210
2021-06-04,Yuba,115,75493,6112,6084,130,6214,49
2021-06-03,Alameda,001,1643700,88518,88555,1987,90542,1257
2021-06-03,Alpine,003,1148,87,88,0,88,0
2021-06-03,Amador,005,37829,3701,3688,33,3721,46
2021-06-03,Butte,007,227075,12645,12478,1839,14317,193
2021-06-03,Calaveras,009,45235,2182,2179,14,2193,55
2021-06-03,Colusa,011,21464,1957,1957,317,2274,15
2021-06-03,Contra Costa,013,1133247,70006,69500,1294,70794,816
2021-06-03,Del Norte,015,27424,1423,1397,13,1410,8
2021-06-03,El Dorado,017,186661,10329,10284,731,11015,112
2021-06-03,Fresno,019,978130,103059,102566,8771,111337,1709
2021-06-03,Glenn,021,27897,2435,2421,564,2985,19
2021-06-03,Humboldt,023,135768,4347,4314,38,4352,42
2021-06-03,Imperial,025,180216,28665,28737,2843,31580,738
2021-06-03,Inyo,027,18085,1405,1404,12,1416,35
2021-06-03,Kern,029,883053,97536,96507,11021,107528,1326
2021-06-03,Kings,031,150075,23190,22982,1099,24081,244
2021-06-03,Lake,033,64148,3549,3526,9,3535,45
2021-06-03,Lassen,035,31185,5224,5177,116,5293,12
2021-06-03,Los Angeles,037,10098052,1206143,1202923,41891,1244814,24386
2021-06-03,Madera,039,155013,16666,16554,940,17494,240
2021-06-03,Marin,041,260295,14105,14095,263,14358,230
2021-06-03,Mariposa,043,17540,434,435,11,446,5
2021-06-03,Mendocino,045,87422,4051,3978,76,4054,47
2021-06-03,Merced,047,269075,31160,31199,991,32190,459
2021-06-03,Modoc,049,8938,386,376,133,509,3
2021-06-03,Mono,051,14174,1259,1275,16,1291,3
2021-06-03,Monterey,053,433212,43191,43063,1880,44943,415
2021-06-03,Napa,055,140530,9942,9957,38,9995,81
2021-06-03,Nevada,057,99092,4872,4837,193,5030,72
2021-06-03,Orange,059,3164182,255701,254676,11418,266094,5056
2021-06-03,Placer,061,380077,23439,23100,1523,24623,293
2021-06-03,Plumas,063,18699,710,691,11,702,4
2021-06-03,Riverside,065,2383286,294506,289035,14111,303146,4447
2021-06-03,Sacramento,067,1510023,106827,106526,1814,108340,1654
2021-06-03,San Benito,069,59416,6069,6073,116,6189,63
2021-06-03,San Bernardino,071,2135413,293651,293021,9015,302036,4762
2021-06-03,San Diego,073,3302833,281375,280430,15045,295475,3761
2021-06-03,San Francisco,075,870044,36866,37072,1313,38385,551
2021-06-03,San Joaquin,077,732212,73447,72989,3605,76594,1388
2021-06-03,San Luis Obispo,079,281455,21376,21224,752,21976,255
2021-06-03,San Mateo,081,765935,42476,42396,476,42872,467
2021-06-03,Santa Barbara,083,443738,34848,34391,1202,35593,459
2021-06-03,Santa Clara,085,1922200,118881,119592,781,120373,2058
2021-06-03,Santa Cruz,087,273765,16245,16144,816,16960,207
2021-06-03,Shasta,089,179085,12437,12441,1607,14048,199
2021-06-03,Sierra,091,2930,57,55,12,67,0
2021-06-03,Siskiyou,093,43540,1946,1862,367,2229,21
2021-06-03,Solano,095,438530,33049,33019,562,33581,256
2021-06-03,Sonoma,097,501317,30315,30383,343,30726,322
2021-06-03,Stanislaus,099,539301,56676,56401,5983,62384,973
2021-06-03,Sutter,101,95872,9569,9539,88,9627,111
2021-06-03,Tehama,103,63373,5102,5087,587,5674,63
2021-06-03,Trinity,105,12862,487,328,97,425,3
2021-06-03,Tulare,107,460477,50306,49442,9149,58591,848
2021-06-03,Tuolumne,109,53932,4086,4095,41,4136,63
2021-06-03,Ventura,111,848112,81522,81078,3008,84086,1023
2021-06-03,Yolo,113,214977,14052,14078,327,14405,210
2021-06-03,Yuba,115,75493,6105,6077,130,6207,49
2021-06-02,Alameda,001,1643700,88473,88525,1985,90510,1254
2021-06-02,Alpine,003,1148,87,88,0,88,0
2021-06-02,Amador,005,37829,3699,3687,33,3720,46
2021-06-02,Butte,007,227075,12625,12432,1836,14268,193
2021-06-02,Calaveras,009,45235,2179,2174,14,2188,55
2021-06-02,Colusa,011,21464,1956,1957,317,2274,15
2021-06-02,Contra Costa,013,1133247,69955,69455,1292,70747,814
2021-06-02,Del Norte,015,27424,1421,1395,13,1408,8
2021-06-02,El Dorado,017,186661,10325,10275,731,11006,110
2021-06-02,Fresno,019,978130,103035,102547,8768,111315,1707
2021-06-02,Glenn,021,27897,2435,2421,564,2985,19
2021-06-02,Humboldt,023,135768,4332,4302,38,4340,42
2021-06-02,Imperial,025,180216,28659,28737,2842,31579,738
2021-06-02,Inyo,027,18085,1404,1403,12,1415,35
2021-06-02,Kern,029,883053,97509,96481,11013,107494,1326
2021-06-02,Kings,031,150075,23188,22981,1099,24080,244
2021-06-02,Lake,033,64148,3544,3522,9,3531,45
2021-06-02,Lassen,035,31185,5223,5177,116,5293,6
2021-06-02,Los Angeles,037,10098052,1205940,1202760,41881,1244641,24375
2021-06-02,Madera,039,155013,16658,16550,940,17490,240
2021-06-02,Marin,041,260295,14103,14091,263,14354,229
2021-06-02,Mariposa,043,17540,434,434,11,445,5
2021-06-02,Mendocino,045,87422,4045,3970,76,4046,47
2021-06-02,Merced,047,269075,31147,31195,990,32185,458
2021-06-02,Modoc,049,8938,385,375,132,507,3
2021-06-02,Mono,051,14174,1259,1275,16,1291,3
2021-06-02,Monterey,053,433212,43189,43056,1880,44936,380
2021-06-02,Napa,055,140530,9941,9953,38,9991,82
2021-06-02,Nevada,057,99092,4869,4833,193,5026,72
2021-06-02,Orange,059,3164182,255654,254637,11413,266050,5055
2021-06-02,Placer,061,380077,23418,23058,1521,24579,293
2021-06-02,Plumas,063,18699,710,690,11,701,4
2021-06-02,Riverside,065,2383286,294447,289012,14101,303113,4445
2021-06-02,Sacramento,067,1510023,106762,106435,1808,108243,1649
2021-06-02,San Benito,069,59416,6068,6073,116,6189,63
2021-06-02,San Bernardino,071,2135413,293603,293004,9010,302014,4760
2021-06-02,San Diego,073,3302833,281295,280347,15024,295371,3760
2021-06-02,San Francisco,075,870044,36846,37050,1312,38362,550
2021-06-02,San Joaquin,077,732212,73416,72893,3602,76495,1387
2021-06-02,San Luis Obispo,079,281455,21369,21214,751,21965,255
2021-06-02,San Mateo,081,765935,42466,42383,475,42858,464
2021-06-02,Santa Barbara,083,443738,34842,34381,1202,35583,456
2021-06-02,Santa Clara,085,1922200,118853,119553,780,120333,2058
2021-06-02,Santa Cruz,087,273765,16242,16144,816,16960,207
2021-06-02,Shasta,089,179085,12419,12426,1602,14028,199
2021-06-02,Sierra,091,2930,57,55,12,67,0
2021-06-02,Siskiyou,093,43540,1946,1861,365,2226,21
2021-06-02,Solano,095,438530,33037,33007,561,33568,256
2021-06-02,Sonoma,097,501317,30296,30359,338,30697,322
2021-06-02,Stanislaus,099,539301,56647,56377,5978,62355,973
2021-06-02,Sutter,101,95872,9566,9533,88,9621,111
2021-06-02,Tehama,103,63373,5099,5081,587,5668,63
2021-06-02,Trinity,105,12862,485,328,97,425,3
2021-06-02,Tulare,107,460477,50298,49434,9145,58579,846
2021-06-02,Tuolumne,109,53932,4086,4095,41,4136,63
2021-06-02,Ventura,111,848112,81497,81033,3008,84041,1020
2021-06-02,Yolo,113,214977,14049,14074,326,14400,210
2021-06-02,Yuba,115,75493,6099,6072,130,6202,48
2021-06-01,Alameda,001,1643700,88440,88472,1983,90455,1253
2021-06-01,Alpine,003,1148,87,88,0,88,0
2021-06-01,Amador,005,37829,3697,3687,33,3720,46
2021-06-01,Butte,007,227075,12611,12427,1835,14262,193
2021-06-01,Calaveras,009,45235,2177,2173,14,2187,55
2021-06-01,Colusa,011,21464,1955,1955,316,2271,15
2021-06-01,Contra Costa,013,1133247,69898,69404,1292,70696,813
2021-06-01,Del Norte,015,27424,1420,1394,13,1407,8
2021-06-01,El Dorado,017,186661,10319,10271,731,11002,110
2021-06-01,Fresno,019,978130,103011,102534,8765,111299,1706
2021-06-01,Glenn,021,27897,2435,2422,564,2986,18
2021-06-01,Humboldt,023,135768,4322,4299,38,4337,42
2021-06-01,Imperial,025,180216,28655,28722,2841,31563,736
2021-06-01,Inyo,027,18085,1404,1403,12,1415,35
2021-06-01,Kern,029,883053,97482,96477,11005,107482,1319
2021-06-01,Kings,031,150075,23184,22977,1099,24076,244
2021-06-01,Lake,033,64148,3543,3523,9,3532,45
2021-06-01,Lassen,035,31185,5216,5172,116,5288,6
2021-06-01,Los Angeles,037,10098052,1205705,1202673,41868,1244541,24367
2021-06-01,Madera,039,155013,16649,16549,939,17488,240
2021-06-01,Marin,041,260295,14101,14081,263,14344,229
2021-06-01,Mariposa,043,17540,434,431,11,442,5
2021-06-01,Mendocino,045,87422,4038,3966,76,4042,47
2021-06-01,Merced,047,269075,31137,31195,990,32185,456
2021-06-01,Modoc,049,8938,383,375,132,507,3
2021-06-01,Mono,051,14174,1259,1275,16,1291,3
2021-06-01,Monterey,053,433212,43183,43051,1880,44931,379
2021-06-01,Napa,055,140530,9939,9949,38,9987,82
2021-06-01,Nevada,057,99092,4864,4825,193,5018,72
2021-06-01,Orange,059,3164182,255618,254603,11405,266008,5051
2021-06-01,Placer,061,380077,23388,23021,1519,24540,293
2021-06-01,Plumas,063,18699,709,690,11,701,4
2021-06-01,Riverside,065,2383286,294395,288996,14095,303091,4442
2021-06-01,Sacramento,067,1510023,106690,106330,1806,108136,1644
2021-06-01,San Benito,069,59416,6067,6073,115,6188,63
2021-06-01,San Bernardino,071,2135413,293579,292990,9009,301999,4758
2021-06-01,San Diego,073,3302833,281191,280305,15007,295312,3756
2021-06-01,San Francisco,075,870044,36830,37031,1312,38343,550
2021-06-01,San Joaquin,077,732212,73384,72858,3600,76458,1383
2021-06-01,San Luis Obispo,079,281455,21364,21217,751,21968,256
2021-06-01,San Mateo,081,765935,42449,42383,474,42857,462
2021-06-01,Santa Barbara,083,443738,34838,34374,1202,35576,456
2021-06-01,Santa Clara,085,1922200,118825,119528,780,120308,2057
2021-06-01,Santa Cruz,087,273765,16238,16143,815,16958,207
2021-06-01,Shasta,089,179085,12410,12409,1597,14006,199
2021-06-01,Sierra,091,2930,57,55,12,67,0
2021-06-01,Siskiyou,093,43540,1939,1860,364,2224,21
2021-06-01,Solano,095,438530,33012,32974,560,33534,256
2021-06-01,Sonoma,097,501317,30257,30324,337,30661,322
2021-06-01,Stanislaus,099,539301,56622,56348,5976,62324,973
2021-06-01,Sutter,101,95872,9559,9528,88,9616,111
2021-06-01,Tehama,103,63373,5097,5079,587,5666,63
2021-06-01,Trinity,105,12862,484,328,96,424,3
2021-06-01,Tulare,107,460477,50290,49419,9141,58560,845
2021-06-01,Tuolumne,109,53932,4086,4094,41,4135,63
2021-06-01,Ventura,111,848112,81481,81018,3007,84025,1021
2021-06-01,Yolo,113,214977,14043,14067,326,14393,210
2021-06-01,Yuba,115,75493,6095,6067,130,6197,48
2021-05-31,Alameda,001,1643700,88403,88458,1979,90437,1253
2021-05-31,Alpine,003,1148,87,88,0,88,0
2021-05-31,Amador,005,37829,3691,3687,33,3720,46
2021-05-31,Butte,007,227075,12598,12429,1835,14264,193
2021-05-31,Calaveras,009,45235,2176,2171,14,2185,55
2021-05-31,Colusa,011,21464,1955,1956,315,2271,15
2021-05-31,Contra Costa,013,1133247,69861,69390,1290,70680,813
2021-05-31,Del Norte,015,27424,1417,1394,13,1407,8
2021-05-31,El Dorado,017,186661,10313,10271,729,11000,110
2021-05-31,Fresno,019,978130,102974,102507,8765,111272,1706
2021-05-31,Glenn,021,27897,2434,2422,563,2985,18
2021-05-31,Humboldt,023,135768,4310,4295,38,4333,42
2021-05-31,Imperial,025,180216,28649,28732,2837,31569,736
2021-05-31,Inyo,027,18085,1403,1403,12,1415,35
2021-05-31,Kern,029,883053,97446,96457,10996,107453,1319
2021-05-31,Kings,031,150075,23180,22977,1099,24076,244
2021-05-31,Lake,033,64148,3538,3523,9,3532,45
2021-05-31,Lassen,035,31185,5214,5172,115,5287,6
2021-05-31,Los Angeles,037,10098052,1205464,1202567,41860,1244427,24364
2021-05-31,Madera,039,155013,16648,16543,938,17481,240
2021-05-31,Marin,041,260295,14099,14080,263,14343,229
2021-05-31,Mariposa,043,17540,434,430,11,441,5
2021-05-31,Mendocino,045,87422,4028,3961,76,4037,47
2021-05-31,Merced,047,269075,31132,31194,990,32184,456
2021-05-31,Modoc,049,8938,382,374,132,506,3
2021-05-31,Mono,051,14174,1259,1275,16,1291,3
2021-05-31,Monterey,053,433212,43179,43051,1880,44931,379
2021-05-31,Napa,055,140530,9932,9948,38,9986,82
2021-05-31,Nevada,057,99092,4854,4823,192,5015,72
2021-05-31,Orange,059,3164182,255591,254572,11398,265970,5051
2021-05-31,Placer,061,380077,23361,23019,1514,24533,293
2021-05-31,Plumas,063,18699,708,690,11,701,4
2021-05-31,Riverside,065,2383286,294338,288970,14083,303053,4442
2021-05-31,Sacramento,067,1510023,106593,106278,1800,108078,1644
2021-05-31,San Benito,069,59416,6067,6072,115,6187,63
2021-05-31,San Bernardino,071,2135413,293531,292973,9008,301981,4758
2021-05-31,San Diego,073,3302833,281087,280254,14995,295249,3756
2021-05-31,San Francisco,075,870044,36815,37022,1311,38333,550
2021-05-31,San Joaquin,077,732212,73336,72856,3594,76450,1383
2021-05-31,San Luis Obispo,079,281455,21356,21215,751,21966,256
2021-05-31,San Mateo,081,765935,42433,42389,474,42863,442
2021-05-31,Santa Barbara,083,443738,34825,34369,1200,35569,456
2021-05-31,Santa Clara,085,1922200,118781,119515,780,120295,2057
2021-05-31,Santa Cruz,087,273765,16235,16139,815,16954,207
2021-05-31,Shasta,089,179085,12394,12408,1594,14002,199
2021-05-31,Sierra,091,2930,57,55,12,67,0
2021-05-31,Siskiyou,093,43540,1938,1856,363,2219,21
2021-05-31,Solano,095,438530,32961,32973,560,33533,256
2021-05-31,Sonoma,097,501317,30214,30314,337,30651,322
2021-05-31,Stanislaus,099,539301,56572,56335,5973,62308,973
2021-05-31,Sutter,101,95872,9540,9523,88,9611,111
2021-05-31,Tehama,103,63373,5095,5076,586,5662,63
2021-05-31,Trinity,105,12862,484,328,96,424,3
2021-05-31,Tulare,107,460477,50279,49404,9136,58540,845
2021-05-31,Tuolumne,109,53932,4084,4095,41,4136,63
2021-05-31,Ventura,111,848112,81466,81017,3004,84021,1021
2021-05-31,Yolo,113,214977,14039,14064,326,14390,210
2021-05-31,Yuba,115,75493,6089,6063,127,6190,48
2021-05-30,Alameda,001,1643700,88379,88429,1979,90408,1253
2021-05-30,Alpine,003,1148,87,88,0,88,0
2021-05-30,Amador,005,37829,3687,3685,33,3718,46
2021-05-30,Butte,007,227075,12588,12427,1833,14260,190
2021-05-30,Calaveras,009,45235,2173,2166,14,2180,55
2021-05-30,Colusa,011,21464,1955,1954,315,2269,15
2021-05-30,Contra Costa,013,1133247,69827,69381,1288,70669,813
2021-05-30,Del Norte,015,27424,1416,1393,13,1406,8
2021-05-30,El Dorado,017,186661,10310,10271,729,11000,110
2021-05-30,Fresno,019,978130,102957,102499,8761,111260,1706
2021-05-30,Glenn,021,27897,2434,2422,562,2984,18
2021-05-30,Humboldt,023,135768,4301,4291,38,4329,42
2021-05-30,Imperial,025,180216,28644,28732,2836,31568,736
2021-05-30,Inyo,027,18085,1403,1403,12,1415,35
2021-05-30,Kern,029,883053,97430,96443,10993,107436,1319
2021-05-30,Kings,031,150075,23179,22974,1098,24072,244
2021-05-30,Lake,033,64148,3538,3517,9,3526,45
2021-05-30,Lassen,035,31185,5212,5171,115,5286,6
2021-05-30,Los Angeles,037,10098052,1205356,1202425,41853,1244278,24360
2021-05-30,Madera,039,155013,16644,16538,938,17476,240
2021-05-30,Marin,041,260295,14095,14083,262,14345,229
2021-05-30,Mariposa,043,17540,434,430,11,441,5
2021-05-30,Mendocino,045,87422,4021,3955,76,4031,47
2021-05-30,Merced,047,269075,31128,31189,989,32178,456
2021-05-30,Modoc,049,8938,382,374,132,506,3
2021-05-30,Mono,051,14174,1259,1275,16,1291,3
2021-05-30,Monterey,053,433212,43176,43049,1880,44929,379
2021-05-30,Napa,055,140530,9931,9948,38,9986,82
2021-05-30,Nevada,057,99092,4848,4818,192,5010,72
2021-05-30,Orange,059,3164182,255568,254559,11397,265956,5051
2021-05-30,Placer,061,380077,23355,23016,1514,24530,293
2021-05-30,Plumas,063,18699,706,690,11,701,4
2021-05-30,Riverside,065,2383286,294317,288961,14081,303042,4442
2021-05-30,Sacramento,067,1510023,106548,106252,1798,108050,1644
2021-05-30,San Benito,069,59416,6067,6072,115,6187,63
2021-05-30,San Bernardino,071,2135413,293505,292981,9007,301988,4758
2021-05-30,San Diego,073,3302833,281031,280209,14990,295199,3756
2021-05-30,San Francisco,075,870044,36796,37016,1311,38327,550
2021-05-30,San Joaquin,077,732212,73319,72853,3593,76446,1383
2021-05-30,San Luis Obispo,079,281455,21347,21211,750,21961,256
2021-05-30,San Mateo,081,765935,42425,42386,474,42860,439
2021-05-30,Santa Barbara,083,443738,34821,34369,1200,35569,456
2021-05-30,Santa Clara,085,1922200,118759,119510,776,120286,2057
2021-05-30,Santa Cruz,087,273765,16233,16140,815,16955,207
2021-05-30,Shasta,089,179085,12392,12408,1591,13999,199
2021-05-30,Sierra,091,2930,57,55,12,67,0
2021-05-30,Siskiyou,093,43540,1938,1856,363,2219,21
2021-05-30,Solano,095,438530,32950,32952,559,33511,256
2021-05-30,Sonoma,097,501317,30197,30310,336,30646,322
2021-05-30,Stanislaus,099,539301,56553,56323,5972,62295,973
2021-05-30,Sutter,101,95872,9539,9519,87,9606,111
2021-05-30,Tehama,103,63373,5095,5073,586,5659,63
2021-05-30,Trinity,105,12862,484,328,96,424,3
2021-05-30,Tulare,107,460477,50272,49397,9127,58524,845
2021-05-30,Tuolumne,109,53932,4084,4094,41,4135,63
2021-05-30,Ventura,111,848112,81462,81012,3003,84015,1021
2021-05-30,Yolo,113,214977,14034,14059,325,14384,210
2021-05-30,Yuba,115,75493,6082,6063,126,6189,48
2021-05-29,Alameda,001,1643700,88357,88433,1977,90410,1253
2021-05-29,Alpine,003,1148,87,88,0,88,0
2021-05-29,Amador,005,37829,3686,3683,33,3716,46
2021-05-29,Butte,007,227075,12582,12425,1833,14258,190
2021-05-29,Calaveras,009,45235,2172,2166,14,2180,55
2021-05-29,Colusa,011,21464,1952,1954,315,2269,15
2021-05-29,Contra Costa,013,1133247,69794,69351,1288,70639,813
2021-05-29,Del Norte,015,27424,1416,1391,13,1404,8
2021-05-29,El Dorado,017,186661,10309,10269,727,10996,110
2021-05-29,Fresno,019,978130,102945,102470,8758,111228,1706
2021-05-29,Glenn,021,27897,2434,2422,561,2983,18
2021-05-29,Humboldt,023,135768,4295,4283,38,4321,42
2021-05-29,Imperial,025,180216,28641,28729,2835,31564,736
2021-05-29,Inyo,027,18085,1403,1404,12,1416,35
2021-05-29,Kern,029,883053,97419,96424,10980,107404,1319
2021-05-29,Kings,031,150075,23178,22970,1097,24067,244
2021-05-29,Lake,033,64148,3538,3515,9,3524,45
2021-05-29,Lassen,035,31185,5212,5171,115,5286,6
2021-05-29,Los Angeles,037,10098052,1205233,1202264,41849,1244113,24359
2021-05-29,Madera,039,155013,16642,16535,938,17473,240
2021-05-29,Marin,041,260295,14091,14071,261,14332,229
2021-05-29,Mariposa,043,17540,433,428,11,439,5
2021-05-29,Mendocino,045,87422,4015,3952,76,4028,47
2021-05-29,Merced,047,269075,31116,31187,989,32176,456
2021-05-29,Modoc,049,8938,382,374,132,506,3
2021-05-29,Mono,051,14174,1259,1275,16,1291,3
2021-05-29,Monterey,053,433212,43174,43042,1880,44922,379
2021-05-29,Napa,055,140530,9928,9948,38,9986,82
2021-05-29,Nevada,057,99092,4847,4816,192,5008,72
2021-05-29,Orange,059,3164182,255546,254537,11387,265924,5049
2021-05-29,Placer,061,380077,23340,23009,1513,24522,293
2021-05-29,Plumas,063,18699,706,689,11,700,4
2021-05-29,Riverside,065,2383286,294297,288908,14080,302988,4442
2021-05-29,Sacramento,067,1510023,106518,106218,1797,108015,1643
2021-05-29,San Benito,069,59416,6066,6072,115,6187,63
2021-05-29,San Bernardino,071,2135413,293473,292961,9006,301967,4757
2021-05-29,San Diego,073,3302833,280972,280151,14985,295136,3756
2021-05-29,San Francisco,075,870044,36787,37008,1311,38319,550
2021-05-29,San Joaquin,077,732212,73303,72827,3591,76418,1383
2021-05-29,San Luis Obispo,079,281455,21345,21201,750,21951,256
2021-05-29,San Mateo,081,765935,42418,42375,473,42848,439
2021-05-29,Santa Barbara,083,443738,34817,34367,1200,35567,456
2021-05-29,Santa Clara,085,1922200,118735,119498,775,120273,2056
2021-05-29,Santa Cruz,087,273765,16232,16137,815,16952,207
2021-05-29,Shasta,089,179085,12384,12401,1590,13991,199
2021-05-29,Sierra,091,2930,57,55,12,67,0
2021-05-29,Siskiyou,093,43540,1933,1856,363,2219,21
2021-05-29,Solano,095,438530,32941,32917,559,33476,256
2021-05-29,Sonoma,097,501317,30173,30298,335,30633,322
2021-05-29,Stanislaus,099,539301,56533,56305,5970,62275,974
2021-05-29,Sutter,101,95872,9535,9516,87,9603,111
2021-05-29,Tehama,103,63373,5094,5070,586,5656,63
2021-05-29,Trinity,105,12862,484,328,96,424,3
2021-05-29,Tulare,107,460477,50262,49392,9123,58515,845
2021-05-29,Tuolumne,109,53932,4084,4093,41,4134,63
2021-05-29,Ventura,111,848112,81454,81008,3003,84011,1021
2021-05-29,Yolo,113,214977,14033,14055,325,14380,210
2021-05-29,Yuba,115,75493,6082,6059,126,6185,48
2021-05-28,Alameda,001,1643700,88333,88391,1973,90364,1261
2021-05-28,Alpine,003,1148,87,88,0,88,0
2021-05-28,Amador,005,37829,3686,3680,33,3713,46
2021-05-28,Butte,007,227075,12579,12407,1832,14239,190
2021-05-28,Calaveras,009,45235,2172,2165,14,2179,55
2021-05-28,Colusa,011,21464,1952,1954,313,2267,15
2021-05-28,Contra Costa,013,1133247,69758,69290,1287,70577,813
2021-05-28,Del Norte,015,27424,1415,1390,13,1403,8
2021-05-28,El Dorado,017,186661,10306,10265,727,10992,110
2021-05-28,Fresno,019,978130,102930,102437,8758,111195,1705
2021-05-28,Glenn,021,27897,2434,2419,561,2980,18
2021-05-28,Humboldt,023,135768,4289,4265,38,4303,42
2021-05-28,Imperial,025,180216,28638,28722,2835,31557,736
2021-05-28,Inyo,027,18085,1403,1404,12,1416,35
2021-05-28,Kern,029,883053,97402,96396,10972,107368,1320
2021-05-28,Kings,031,150075,23176,22962,1097,24059,244
2021-05-28,Lake,033,64148,3536,3515,9,3524,45
2021-05-28,Lassen,035,31185,5212,5169,115,5284,6
2021-05-28,Los Angeles,037,10098052,1205123,1202103,41838,1243941,24357
2021-05-28,Madera,039,155013,16640,16530,938,17468,240
2021-05-28,Marin,041,260295,14090,14063,260,14323,229
2021-05-28,Mariposa,043,17540,433,428,11,439,5
2021-05-28,Mendocino,045,87422,4010,3947,76,4023,47
2021-05-28,Merced,047,269075,31113,31176,989,32165,455
2021-05-28,Modoc,049,8938,382,374,132,506,3
2021-05-28,Mono,051,14174,1259,1274,16,1290,3
2021-05-28,Monterey,053,433212,43173,43036,1880,44916,379
2021-05-28,Napa,055,140530,9928,9941,38,9979,82
2021-05-28,Nevada,057,99092,4845,4813,192,5005,71
2021-05-28,Orange,059,3164182,255526,254494,11385,265879,5047
2021-05-28,Placer,061,380077,23330,22987,1511,24498,293
2021-05-28,Plumas,063,18699,704,688,11,699,4
2021-05-28,Riverside,065,2383286,294275,288872,14078,302950,4442
2021-05-28,Sacramento,067,1510023,106462,106131,1795,107926,1642
2021-05-28,San Benito,069,59416,6066,6074,115,6189,63
2021-05-28,San Bernardino,071,2135413,293450,292905,9006,301911,4757
2021-05-28,San Diego,073,3302833,280909,280043,14974,295017,3756
2021-05-28,San Francisco,075,870044,36781,36987,1311,38298,546
2021-05-28,San Joaquin,077,732212,73273,72793,3589,76382,1383
2021-05-28,San Luis Obispo,079,281455,21341,21190,748,21938,256
2021-05-28,San Mateo,081,765935,42412,42364,473,42837,439
2021-05-28,Santa Barbara,083,443738,34815,34371,1200,35571,455
2021-05-28,Santa Clara,085,1922200,118711,119462,775,120237,2056
2021-05-28,Santa Cruz,087,273765,16231,16129,815,16944,207
2021-05-28,Shasta,089,179085,12375,12383,1588,13971,198
2021-05-28,Sierra,091,2930,57,54,12,66,0
2021-05-28,Siskiyou,093,43540,1931,1850,363,2213,19
2021-05-28,Solano,095,438530,32926,32892,559,33451,256
2021-05-28,Sonoma,097,501317,30154,30270,335,30605,321
2021-05-28,Stanislaus,099,539301,56510,56278,5967,62245,974
2021-05-28,Sutter,101,95872,9531,9511,87,9598,111
2021-05-28,Tehama,103,63373,5088,5064,586,5650,63
2021-05-28,Trinity,105,12862,484,328,96,424,3
2021-05-28,Tulare,107,460477,50257,49375,9113,58488,846
2021-05-28,Tuolumne,109,53932,4084,4090,41,4131,63
2021-05-28,Ventura,111,848112,81443,80985,3002,83987,1021
2021-05-28,Yolo,113,214977,14029,14050,324,14374,210
2021-05-28,Yuba,115,75493,6080,6050,125,6175,48
2021-05-27,Alameda,001,1643700,88296,88342,1972,90314,1274
2021-05-27,Alpine,003,1148,87,88,0,88,0
2021-05-27,Amador,005,37829,3683,3680,33,3713,46
2021-05-27,Butte,007,227075,12573,12401,1831,14232,190
2021-05-27,Calaveras,009,45235,2170,2163,14,2177,55
2021-05-27,Colusa,011,21464,1949,1952,313,2265,15
2021-05-27,Contra Costa,013,1133247,69716,69245,1285,70530,813
2021-05-27,Del Norte,015,27424,1415,1388,13,1401,8
2021-05-27,El Dorado,017,186661,10305,10248,727,10975,112
2021-05-27,Fresno,019,978130,102913,102413,8755,111168,1704
2021-05-27,Glenn,021,27897,2434,2415,561,2976,18
2021-05-27,Humboldt,023,135768,4281,4260,38,4298,42
2021-05-27,Imperial,025,180216,28627,28728,2835,31563,736
2021-05-27,Inyo,027,18085,1403,1404,12,1416,35
2021-05-27,Kern,029,883053,97386,96364,10964,107328,1322
2021-05-27,Kings,031,150075,23173,22953,1097,24050,245
2021-05-27,Lake,033,64148,3531,3509,9,3518,45
2021-05-27,Lassen,035,31185,5211,5170,114,5284,6
2021-05-27,Los Angeles,037,10098052,1204961,1201927,41822,1243749,24348
2021-05-27,Madera,039,155013,16631,16527,938,17465,240
2021-05-27,Marin,041,260295,14086,14061,260,14321,229
2021-05-27,Mariposa,043,17540,431,427,11,438,5
2021-05-27,Mendocino,045,87422,4004,3945,76,4021,47
2021-05-27,Merced,047,269075,31101,31161,989,32150,455
2021-05-27,Modoc,049,8938,381,374,132,506,3
2021-05-27,Mono,051,14174,1259,1276,16,1292,3
2021-05-27,Monterey,053,433212,43167,43032,1880,44912,379
2021-05-27,Napa,055,140530,9927,9934,38,9972,82
2021-05-27,Nevada,057,99092,4841,4807,190,4997,71
2021-05-27,Orange,059,3164182,255489,254438,11381,265819,5059
2021-05-27,Placer,061,380077,23321,22966,1511,24477,293
2021-05-27,Plumas,063,18699,704,687,11,698,4
2021-05-27,Riverside,065,2383286,294239,288835,14073,302908,4443
2021-05-27,Sacramento,067,1510023,106386,106015,1792,107807,1642
2021-05-27,San Benito,069,59416,6065,6074,115,6189,63
2021-05-27,San Bernardino,071,2135413,293414,292755,9004,301759,4756
2021-05-27,San Diego,073,3302833,280835,279960,14960,294920,3756
2021-05-27,San Francisco,075,870044,36775,36980,1308,38288,546
2021-05-27,San Joaquin,077,732212,73241,72714,3585,76299,1388
2021-05-27,San Luis Obispo,079,281455,21338,21171,748,21919,256
2021-05-27,San Mateo,081,765935,42403,42345,473,42818,436
2021-05-27,Santa Barbara,083,443738,34811,34355,1200,35555,456
2021-05-27,Santa Clara,085,1922200,118690,119452,775,120227,2053
2021-05-27,Santa Cruz,087,273765,16228,16134,815,16949,207
2021-05-27,Shasta,089,179085,12364,12380,1588,13968,202
2021-05-27,Sierra,091,2930,57,54,12,66,0
2021-05-27,Siskiyou,093,43540,1928,1846,363,2209,18
2021-05-27,Solano,095,438530,32885,32855,558,33413,257
2021-05-27,Sonoma,097,501317,30127,30253,331,30584,321
2021-05-27,Stanislaus,099,539301,56482,56207,5966,62173,974
2021-05-27,Sutter,101,95872,9527,9501,87,9588,111
2021-05-27,Tehama,103,63373,5085,5064,585,5649,63
2021-05-27,Trinity,105,12862,484,328,96,424,3
2021-05-27,Tulare,107,460477,50243,49366,9104,58470,840
2021-05-27,Tuolumne,109,53932,4083,4090,41,4131,66
2021-05-27,Ventura,111,848112,81430,80965,2999,83964,1023
2021-05-27,Yolo,113,214977,14026,14036,324,14360,213
2021-05-27,Yuba,115,75493,6075,6040,124,6164,48
2021-05-26,Alameda,001,1643700,88267,88297,1972,90269,1266
2021-05-26,Alpine,003,1148,87,88,0,88,0
2021-05-26,Amador,005,37829,3683,3679,33,3712,46
2021-05-26,Butte,007,227075,12564,12332,1830,14162,190
2021-05-26,Calaveras,009,45235,2169,2154,14,2168,55
2021-05-26,Colusa,011,21464,1948,1952,313,2265,15
2021-05-26,Contra Costa,013,1133247,69679,69210,1285,70495,812
2021-05-26,Del Norte,015,27424,1415,1386,12,1398,8
2021-05-26,El Dorado,017,186661,10301,10242,726,10968,112
2021-05-26,Fresno,019,978130,102881,102374,8750,111124,1702
2021-05-26,Glenn,021,27897,2433,2415,561,2976,18
2021-05-26,Humboldt,023,135768,4276,4246,38,4284,42
2021-05-26,Imperial,025,180216,28622,28712,2833,31545,734
2021-05-26,Inyo,027,18085,1403,1403,12,1415,36
2021-05-26,Kern,029,883053,97361,96343,10957,107300,1320
2021-05-26,Kings,031,150075,23169,22950,1096,24046,245
2021-05-26,Lake,033,64148,3530,3508,9,3517,45
2021-05-26,Lassen,035,31185,5210,5164,114,5278,6
2021-05-26,Los Angeles,037,10098052,1204795,1198100,41805,1239905,24221
2021-05-26,Madera,039,155013,16628,16520,938,17458,240
2021-05-26,Marin,041,260295,14083,14061,259,14320,227
2021-05-26,Mariposa,043,17540,431,427,11,438,5
2021-05-26,Mendocino,045,87422,3998,3938,76,4014,47
2021-05-26,Merced,047,269075,31092,31139,989,32128,455
2021-05-26,Modoc,049,8938,381,371,131,502,3
2021-05-26,Mono,051,14174,1259,1274,16,1290,3
2021-05-26,Monterey,053,433212,43161,43018,1879,44897,379
2021-05-26,Napa,055,140530,9920,9932,36,9968,82
2021-05-26,Nevada,057,99092,4836,4803,190,4993,70
2021-05-26,Orange,059,3164182,255452,254368,11378,265746,5058
2021-05-26,Placer,061,380077,23297,22940,1511,24451,293
2021-05-26,Plumas,063,18699,703,685,11,696,4
2021-05-26,Riverside,065,2383286,294193,288782,14066,302848,4443
2021-05-26,Sacramento,067,1510023,106300,105919,1788,107707,1637
2021-05-26,San Benito,069,59416,6065,6074,115,6189,63
2021-05-26,San Bernardino,071,2135413,293379,292662,9003,301665,4755
2021-05-26,San Diego,073,3302833,280760,279859,14950,294809,3755
2021-05-26,San Francisco,075,870044,36763,36954,1308,38262,546
2021-05-26,San Joaquin,077,732212,73200,72681,3582,76263,1388
2021-05-26,San Luis Obispo,079,281455,21333,21163,748,21911,256
2021-05-26,San Mateo,081,765935,42394,42331,473,42804,436
2021-05-26,Santa Barbara,083,443738,34802,34348,1200,35548,459
2021-05-26,Santa Clara,085,1922200,118663,119421,774,120195,2031
2021-05-26,Santa Cruz,087,273765,16227,16139,815,16954,207
2021-05-26,Shasta,089,179085,12350,12357,1585,13942,202
2021-05-26,Sierra,091,2930,57,54,12,66,0
2021-05-26,Siskiyou,093,43540,1926,1847,361,2208,18
2021-05-26,Solano,095,438530,32849,32831,558,33389,257
2021-05-26,Sonoma,097,501317,30101,30230,331,30561,321
2021-05-26,Stanislaus,099,539301,56459,56193,5963,62156,974
2021-05-26,Sutter,101,95872,9522,9495,87,9582,112
2021-05-26,Tehama,103,63373,5084,5054,582,5636,63
2021-05-26,Trinity,105,12862,484,328,96,424,3
2021-05-26,Tulare,107,460477,50236,49352,9100,58452,839
2021-05-26,Tuolumne,109,53932,4079,4088,40,4128,66
2021-05-26,Ventura,111,848112,81407,80944,2997,83941,1023
2021-05-26,Yolo,113,214977,14023,14025,324,14349,213
2021-05-26,Yuba,115,75493,6070,6036,124,6160,49
2021-05-25,Alameda,001,1643700,88237,88237,1972,90209,1263
2021-05-25,Alpine,003,1148,87,88,0,88,0
2021-05-25,Amador,005,37829,3678,3676,33,3709,46
2021-05-25,Butte,007,227075,12553,12295,1829,14124,189
2021-05-25,Calaveras,009,45235,2167,2148,14,2162,55
2021-05-25,Colusa,011,21464,1947,1949,313,2262,15
2021-05-25,Contra Costa,013,1133247,69626,69167,1280,70447,809
2021-05-25,Del Norte,015,27424,1415,1385,12,1397,8
2021-05-25,El Dorado,017,186661,10294,10240,725,10965,112
2021-05-25,Fresno,019,978130,102859,102329,8749,111078,1701
2021-05-25,Glenn,021,27897,2432,2414,560,2974,17
2021-05-25,Humboldt,023,135768,4269,4231,36,4267,42
2021-05-25,Imperial,025,180216,28615,28586,2833,31419,735
2021-05-25,Inyo,027,18085,1403,1402,12,1414,36
2021-05-25,Kern,029,883053,97330,96319,10943,107262,1319
2021-05-25,Kings,031,150075,23162,22944,1096,24040,245
2021-05-25,Lake,033,64148,3529,3508,9,3517,44
2021-05-25,Lassen,035,31185,5206,5164,114,5278,6
2021-05-25,Los Angeles,037,10098052,1204616,1197940,41786,1239726,24212
2021-05-25,Madera,039,155013,16623,16519,937,17456,240
2021-05-25,Marin,041,260295,14077,14053,259,14312,227
2021-05-25,Mariposa,043,17540,430,427,11,438,5
2021-05-25,Mendocino,045,87422,3993,3928,76,4004,47
2021-05-25,Merced,047,269075,31071,31132,989,32121,455
2021-05-25,Modoc,049,8938,380,367,131,498,3
2021-05-25,Mono,051,14174,1259,1274,16,1290,3
2021-05-25,Monterey,053,433212,43157,43012,1878,44890,379
2021-05-25,Napa,055,140530,9918,9926,36,9962,82
2021-05-25,Nevada,057,99092,4830,4795,190,4985,70
2021-05-25,Orange,059,3164182,255423,254321,11377,265698,5057
2021-05-25,Placer,061,380077,23286,22920,1509,24429,292
2021-05-25,Plumas,063,18699,703,684,11,695,4
2021-05-25,Riverside,065,2383286,294154,288725,14063,302788,4443
2021-05-25,Sacramento,067,1510023,106219,105828,1784,107612,1633
2021-05-25,San Benito,069,59416,6065,6073,115,6188,63
2021-05-25,San Bernardino,071,2135413,293319,292485,9001,301486,4755
2021-05-25,San Diego,073,3302833,280680,279786,14945,294731,3753
2021-05-25,San Francisco,075,870044,36740,36939,1308,38247,546
2021-05-25,San Joaquin,077,732212,73159,72628,3579,76207,1387
2021-05-25,San Luis Obispo,079,281455,21330,21153,748,21901,256
2021-05-25,San Mateo,081,765935,42384,42268,473,42741,435
2021-05-25,Santa Barbara,083,443738,34799,34337,1200,35537,459
2021-05-25,Santa Clara,085,1922200,118639,119393,773,120166,2032
2021-05-25,Santa Cruz,087,273765,16222,16141,815,16956,207
2021-05-25,Shasta,089,179085,12340,12328,1582,13910,202
2021-05-25,Sierra,091,2930,56,54,12,66,0
2021-05-25,Siskiyou,093,43540,1925,1845,360,2205,18
2021-05-25,Solano,095,438530,32830,32817,557,33374,256
2021-05-25,Sonoma,097,501317,30072,30207,330,30537,321
2021-05-25,Stanislaus,099,539301,56422,56168,5961,62129,974
2021-05-25,Sutter,101,95872,9518,9495,87,9582,112
2021-05-25,Tehama,103,63373,5082,5048,581,5629,63
2021-05-25,Trinity,105,12862,484,328,95,423,3
2021-05-25,Tulare,107,460477,50226,49326,9092,58418,838
2021-05-25,Tuolumne,109,53932,4079,4084,40,4124,66
2021-05-25,Ventura,111,848112,81389,80905,2997,83902,1022
2021-05-25,Yolo,113,214977,14016,14018,322,14340,213
2021-05-25,Yuba,115,75493,6063,6028,124,6152,49
2021-05-24,Alameda,001,1643700,88196,88182,1971,90153,1263
2021-05-24,Alpine,003,1148,87,88,0,88,0
2021-05-24,Amador,005,37829,3676,3675,33,3708,46
2021-05-24,Butte,007,227075,12540,12279,1826,14105,189
2021-05-24,Calaveras,009,45235,2165,2146,14,2160,54
2021-05-24,Colusa,011,21464,1947,1949,313,2262,15
2021-05-24,Contra Costa,013,1133247,69587,69107,1276,70383,809
2021-05-24,Del Norte,015,27424,1414,1384,12,1396,8
2021-05-24,El Dorado,017,186661,10284,10227,724,10951,112
2021-05-24,Fresno,019,978130,102816,102289,8748,111037,1698
2021-05-24,Glenn,021,27897,2432,2413,560,2973,17
2021-05-24,Humboldt,023,135768,4262,4225,36,4261,42
2021-05-24,Imperial,025,180216,28613,28575,2832,31407,735
2021-05-24,Inyo,027,18085,1403,1402,12,1414,36
2021-05-24,Kern,029,883053,97303,96296,10938,107234,1319
2021-05-24,Kings,031,150075,23158,22940,1096,24036,246
2021-05-24,Lake,033,64148,3527,3506,9,3515,43
2021-05-24,Lassen,035,31185,5202,5163,114,5277,6
2021-05-24,Los Angeles,037,10098052,1204442,1197782,41771,1239553,24201
2021-05-24,Madera,039,155013,16620,16513,936,17449,239
2021-05-24,Marin,041,260295,14075,14051,259,14310,227
2021-05-24,Mariposa,043,17540,429,427,11,438,5
2021-05-24,Mendocino,045,87422,3991,3919,76,3995,47
2021-05-24,Merced,047,269075,31061,31128,988,32116,455
2021-05-24,Modoc,049,8938,380,366,130,496,3
2021-05-24,Mono,051,14174,1259,1270,16,1286,3
2021-05-24,Monterey,053,433212,43152,43005,1877,44882,379
2021-05-24,Napa,055,140530,9918,9924,36,9960,82
2021-05-24,Nevada,057,99092,4827,4790,190,4980,70
2021-05-24,Orange,059,3164182,255390,254287,11367,265654,5056
2021-05-24,Placer,061,380077,23267,22895,1508,24403,292
2021-05-24,Plumas,063,18699,702,683,11,694,4
2021-05-24,Riverside,065,2383286,294097,288669,14053,302722,4442
2021-05-24,Sacramento,067,1510023,106104,105716,1782,107498,1632
2021-05-24,San Benito,069,59416,6065,6072,115,6187,63
2021-05-24,San Bernardino,071,2135413,293279,292343,9000,301343,4747
2021-05-24,San Diego,073,3302833,280571,279715,14935,294650,3749
2021-05-24,San Francisco,075,870044,36721,36934,1306,38240,547
2021-05-24,San Joaquin,077,732212,73127,72586,3578,76164,1371
2021-05-24,San Luis Obispo,079,281455,21312,21146,747,21893,256
2021-05-24,San Mateo,081,765935,42374,42249,473,42722,433
2021-05-24,Santa Barbara,083,443738,34794,34322,1200,35522,459
2021-05-24,Santa Clara,085,1922200,118607,119358,773,120131,2030
2021-05-24,Santa Cruz,087,273765,16217,16135,815,16950,207
2021-05-24,Shasta,089,179085,12323,12315,1579,13894,201
2021-05-24,Sierra,091,2930,56,54,12,66,0
2021-05-24,Siskiyou,093,43540,1922,1840,360,2200,17
2021-05-24,Solano,095,438530,32805,32792,556,33348,254
2021-05-24,Sonoma,097,501317,30057,30187,330,30517,321
2021-05-24,Stanislaus,099,539301,56388,56128,5957,62085,974
2021-05-24,Sutter,101,95872,9512,9486,87,9573,113
2021-05-24,Tehama,103,63373,5079,5043,579,5622,63
2021-05-24,Trinity,105,12862,484,328,95,423,3
2021-05-24,Tulare,107,460477,50219,49318,9088,58406,838
2021-05-24,Tuolumne,109,53932,4079,4083,40,4123,65
2021-05-24,Ventura,111,848112,81376,80876,2995,83871,1022
2021-05-24,Yolo,113,214977,13999,14012,320,14332,213
2021-05-24,Yuba,115,75493,6054,6022,124,6146,49
2021-05-23,Alameda,001,1643700,88132,88157,1968,90125,1263
2021-05-23,Alpine,003,1148,87,88,0,88,0
2021-05-23,Amador,005,37829,3675,3673,33,3706,46
2021-05-23,Butte,007,227075,12526,12271,1825,14096,189
2021-05-23,Calaveras,009,45235,2157,2144,14,2158,54
2021-05-23,Colusa,011,21464,1947,1949,311,2260,15
2021-05-23,Contra Costa,013,1133247,69542,69075,1274,70349,809
2021-05-23,Del Norte,015,27424,1410,1383,12,1395,8
2021-05-23,El Dorado,017,186661,10278,10222,724,10946,112
2021-05-23,Fresno,019,978130,102770,102270,8743,111013,1698
2021-05-23,Glenn,021,27897,2430,2413,560,2973,17
2021-05-23,Humboldt,023,135768,4245,4216,36,4252,42
2021-05-23,Imperial,025,180216,28607,28569,2830,31399,735
2021-05-23,Inyo,027,18085,1403,1402,12,1414,36
2021-05-23,Kern,029,883053,97279,96282,10930,107212,1319
2021-05-23,Kings,031,150075,23145,22939,1094,24033,246
2021-05-23,Lake,033,64148,3524,3504,9,3513,43
2021-05-23,Lassen,035,31185,5198,5163,113,5276,6
2021-05-23,Los Angeles,037,10098052,1204254,1197633,41759,1239392,24197
2021-05-23,Madera,039,155013,16614,16504,936,17440,239
2021-05-23,Marin,041,260295,14066,14048,258,14306,227
2021-05-23,Mariposa,043,17540,429,427,11,438,5
2021-05-23,Mendocino,045,87422,3985,3913,75,3988,47
2021-05-23,Merced,047,269075,31051,31118,988,32106,455
2021-05-23,Modoc,049,8938,376,366,130,496,3
2021-05-23,Mono,051,14174,1258,1270,16,1286,3
2021-05-23,Monterey,053,433212,43142,43003,1877,44880,379
2021-05-23,Napa,055,140530,9914,9923,36,9959,82
2021-05-23,Nevada,057,99092,4817,4790,190,4980,70
2021-05-23,Orange,059,3164182,255352,254277,11361,265638,5050
2021-05-23,Placer,061,380077,23247,22888,1508,24396,292
2021-05-23,Plumas,063,18699,701,683,11,694,4
2021-05-23,Riverside,065,2383286,294029,288641,14049,302690,4442
2021-05-23,Sacramento,067,1510023,105988,105663,1779,107442,1632
2021-05-23,San Benito,069,59416,6064,6072,115,6187,63
2021-05-23,San Bernardino,071,2135413,293228,292327,8999,301326,4747
2021-05-23,San Diego,073,3302833,280481,279690,14924,294614,3751
2021-05-23,San Francisco,075,870044,36710,36927,1305,38232,547
2021-05-23,San Joaquin,077,732212,73078,72571,3575,76146,1371
2021-05-23,San Luis Obispo,079,281455,21302,21141,746,21887,256
2021-05-23,San Mateo,081,765935,42357,42248,473,42721,433
2021-05-23,Santa Barbara,083,443738,34787,34319,1200,35519,459
2021-05-23,Santa Clara,085,1922200,118583,119333,773,120106,2030
2021-05-23,Santa Cruz,087,273765,16214,16130,815,16945,207
2021-05-23,Shasta,089,179085,12306,12313,1575,13888,201
2021-05-23,Sierra,091,2930,56,54,12,66,0
2021-05-23,Siskiyou,093,43540,1917,1826,353,2179,17
2021-05-23,Solano,095,438530,32787,32780,555,33335,254
2021-05-23,Sonoma,097,501317,30028,30168,329,30497,321
2021-05-23,Stanislaus,099,539301,56338,56104,5954,62058,974
2021-05-23,Sutter,101,95872,9503,9479,87,9566,113
2021-05-23,Tehama,103,63373,5072,5041,577,5618,63
2021-05-23,Trinity,105,12862,484,328,95,423,3
2021-05-23,Tulare,107,460477,50205,49310,9084,58394,838
2021-05-23,Tuolumne,109,53932,4076,4081,40,4121,65
2021-05-23,Ventura,111,848112,81346,80872,2994,83866,1022
2021-05-23,Yolo,113,214977,13987,14004,317,14321,213
2021-05-23,Yuba,115,75493,6049,6017,124,6141,49
2021-05-22,Alameda,001,1643700,88106,88101,1968,90069,1263
2021-05-22,Alpine,003,1148,87,88,0,88,0
2021-05-22,Amador,005,37829,3674,3672,33,3705,46
2021-05-22,Butte,007,227075,12514,12265,1824,14089,189
2021-05-22,Calaveras,009,45235,2152,2141,14,2155,54
2021-05-22,Colusa,011,21464,1943,1949,310,2259,15
2021-05-22,Contra Costa,013,1133247,69509,69004,1273,70277,809
2021-05-22,Del Norte,015,27424,1409,1381,12,1393,8
2021-05-22,El Dorado,017,186661,10273,10215,724,10939,112
2021-05-22,Fresno,019,978130,102756,102238,8741,110979,1698
2021-05-22,Glenn,021,27897,2430,2412,560,2972,17
2021-05-22,Humboldt,023,135768,4236,4194,35,4229,42
2021-05-22,Imperial,025,180216,28598,28574,2829,31403,735
2021-05-22,Inyo,027,18085,1403,1402,12,1414,36
2021-05-22,Kern,029,883053,97267,96260,10923,107183,1319
2021-05-22,Kings,031,150075,23145,22936,1094,24030,246
2021-05-22,Lake,033,64148,3521,3502,9,3511,43
2021-05-22,Lassen,035,31185,5198,5163,113,5276,6
2021-05-22,Los Angeles,037,10098052,1204148,1197454,41750,1239204,24192
2021-05-22,Madera,039,155013,16611,16503,936,17439,239
2021-05-22,Marin,041,260295,14063,14043,258,14301,227
2021-05-22,Mariposa,043,17540,429,427,11,438,5
2021-05-22,Mendocino,045,87422,3979,3908,75,3983,47
2021-05-22,Merced,047,269075,31041,31099,988,32087,455
2021-05-22,Modoc,049,8938,376,366,130,496,3
2021-05-22,Mono,051,14174,1256,1270,16,1286,3
2021-05-22,Monterey,053,433212,43136,42998,1877,44875,379
2021-05-22,Napa,055,140530,9912,9918,36,9954,82
2021-05-22,Nevada,057,99092,4810,4787,189,4976,70
2021-05-22,Orange,059,3164182,255331,254238,11355,265593,5048
2021-05-22,Placer,061,380077,23233,22865,1507,24372,292
2021-05-22,Plumas,063,18699,700,683,11,694,4
2021-05-22,Riverside,065,2383286,293997,288580,14048,302628,4442
2021-05-22,Sacramento,067,1510023,105913,105551,1776,107327,1632
2021-05-22,San Benito,069,59416,6064,6071,115,6186,63
2021-05-22,San Bernardino,071,2135413,293203,292292,8999,301291,4747
2021-05-22,San Diego,073,3302833,280422,279614,14916,294530,3751
2021-05-22,San Francisco,075,870044,36700,36906,1303,38209,547
2021-05-22,San Joaquin,077,732212,73056,72528,3572,76100,1371
2021-05-22,San Luis Obispo,079,281455,21294,21134,745,21879,256
2021-05-22,San Mateo,081,765935,42347,42218,473,42691,433
2021-05-22,Santa Barbara,083,443738,34783,34313,1199,35512,459
2021-05-22,Santa Clara,085,1922200,118560,119292,773,120065,2030
2021-05-22,Santa Cruz,087,273765,16214,16125,815,16940,207
2021-05-22,Shasta,089,179085,12300,12307,1572,13879,201
2021-05-22,Sierra,091,2930,56,54,12,66,0
2021-05-22,Siskiyou,093,43540,1916,1824,352,2176,17
2021-05-22,Solano,095,438530,32774,32753,555,33308,254
2021-05-22,Sonoma,097,501317,30016,30154,329,30483,321
2021-05-22,Stanislaus,099,539301,56313,56069,5952,62021,974
2021-05-22,Sutter,101,95872,9498,9476,87,9563,113
2021-05-22,Tehama,103,63373,5071,5036,577,5613,63
2021-05-22,Trinity,105,12862,484,328,95,423,3
2021-05-22,Tulare,107,460477,50199,49299,9079,58378,838
2021-05-22,Tuolumne,109,53932,4076,4078,40,4118,65
2021-05-22,Ventura,111,848112,81342,80859,2994,83853,1022
2021-05-22,Yolo,113,214977,13985,13997,317,14314,213
2021-05-22,Yuba,115,75493,6046,6010,124,6134,49
2021-05-21,Alameda,001,1643700,88080,88041,1967,90008,1263
2021-05-21,Alpine,003,1148,87,88,0,88,0
2021-05-21,Amador,005,37829,3671,3672,33,3705,46
2021-05-21,Butte,007,227075,12507,12236,1822,14058,188
2021-05-21,Calaveras,009,45235,2150,2138,14,2152,54
2021-05-21,Colusa,011,21464,1943,1947,310,2257,15
2021-05-21,Contra Costa,013,1133247,69466,68965,1272,70237,810
2021-05-21,Del Norte,015,27424,1408,1376,12,1388,8
2021-05-21,El Dorado,017,186661,10269,10204,724,10928,112
2021-05-21,Fresno,019,978130,102728,102189,8739,110928,1698
2021-05-21,Glenn,021,27897,2430,2408,560,2968,17
2021-05-21,Humboldt,023,135768,4229,4175,35,4210,42
2021-05-21,Imperial,025,180216,28591,28572,2828,31400,732
2021-05-21,Inyo,027,18085,1403,1402,12,1414,36
2021-05-21,Kern,029,883053,97253,96233,10916,107149,1318
2021-05-21,Kings,031,150075,23145,22927,1094,24021,246
2021-05-21,Lake,033,64148,3519,3500,9,3509,43
2021-05-21,Lassen,035,31185,5197,5161,113,5274,6
2021-05-21,Los Angeles,037,10098052,1204037,1197263,41741,1239004,24180
2021-05-21,Madera,039,155013,16610,16500,935,17435,238
2021-05-21,Marin,041,260295,14058,14042,258,14300,227
2021-05-21,Mariposa,043,17540,428,427,11,438,5
2021-05-21,Mendocino,045,87422,3973,3897,75,3972,47
2021-05-21,Merced,047,269075,31033,31076,988,32064,455
2021-05-21,Modoc,049,8938,376,365,130,495,3
2021-05-21,Mono,051,14174,1256,1269,16,1285,3
2021-05-21,Monterey,053,433212,43134,42995,1877,44872,379
2021-05-21,Napa,055,140530,9908,9913,36,9949,82
2021-05-21,Nevada,057,99092,4809,4779,189,4968,70
2021-05-21,Orange,059,3164182,255312,254171,11353,265524,5042
2021-05-21,Placer,061,380077,23225,22853,1507,24360,292
2021-05-21,Plumas,063,18699,700,683,10,693,4
2021-05-21,Riverside,065,2383286,293970,288499,14041,302540,4442
2021-05-21,Sacramento,067,1510023,105846,105476,1773,107249,1632
2021-05-21,San Benito,069,59416,6064,6068,115,6183,63
2021-05-21,San Bernardino,071,2135413,293171,292205,8996,301201,4744
2021-05-21,San Diego,073,3302833,280351,279554,14906,294460,3748
2021-05-21,San Francisco,075,870044,36694,36879,1303,38182,546
2021-05-21,San Joaquin,077,732212,73037,72467,3570,76037,1371
2021-05-21,San Luis Obispo,079,281455,21288,21128,742,21870,256
2021-05-21,San Mateo,081,765935,42334,42163,472,42635,432
2021-05-21,Santa Barbara,083,443738,34778,34302,1199,35501,459
2021-05-21,Santa Clara,085,1922200,118533,119247,773,120020,2029
2021-05-21,Santa Cruz,087,273765,16210,16120,815,16935,207
2021-05-21,Shasta,089,179085,12283,12289,1570,13859,201
2021-05-21,Sierra,091,2930,56,54,12,66,0
2021-05-21,Siskiyou,093,43540,1915,1815,352,2167,16
2021-05-21,Solano,095,438530,32759,32742,555,33297,254
2021-05-21,Sonoma,097,501317,30003,30126,329,30455,321
2021-05-21,Stanislaus,099,539301,56281,56036,5950,61986,975
2021-05-21,Sutter,101,95872,9496,9470,87,9557,113
2021-05-21,Tehama,103,63373,5065,5030,577,5607,63
2021-05-21,Trinity,105,12862,484,329,94,423,3
2021-05-21,Tulare,107,460477,50194,49271,9077,58348,838
2021-05-21,Tuolumne,109,53932,4074,4079,40,4119,65
2021-05-21,Ventura,111,848112,81334,80821,2991,83812,1021
2021-05-21,Yolo,113,214977,13978,13983,317,14300,213
2021-05-21,Yuba,115,75493,6040,6006,124,6130,49
2021-05-20,Alameda,001,1643700,88036,87975,1966,89941,1264
2021-05-20,Alpine,003,1148,87,88,0,88,0
2021-05-20,Amador,005,37829,3670,3671,33,3704,46
2021-05-20,Butte,007,227075,12500,12220,1819,14039,188
2021-05-20,Calaveras,009,45235,2146,2138,14,2152,54
2021-05-20,Colusa,011,21464,1942,1946,308,2254,15
2021-05-20,Contra Costa,013,1133247,69421,68913,1270,70183,809
2021-05-20,Del Norte,015,27424,1408,1373,12,1385,8
2021-05-20,El Dorado,017,186661,10259,10188,724,10912,112
2021-05-20,Fresno,019,978130,102706,102135,8737,110872,1696
2021-05-20,Glenn,021,27897,2426,2406,560,2966,17
2021-05-20,Humboldt,023,135768,4212,4162,34,4196,42
2021-05-20,Imperial,025,180216,28586,28551,2828,31379,732
2021-05-20,Inyo,027,18085,1403,1402,12,1414,36
2021-05-20,Kern,029,883053,97232,96204,10909,107113,1317
2021-05-20,Kings,031,150075,23143,22922,1094,24016,246
2021-05-20,Lake,033,64148,3516,3500,9,3509,43
2021-05-20,Lassen,035,31185,5195,5160,112,5272,6
2021-05-20,Los Angeles,037,10098052,1203881,1197073,41732,1238805,24168
2021-05-20,Madera,039,155013,16604,16499,933,17432,238
2021-05-20,Marin,041,260295,14054,14036,257,14293,227
2021-05-20,Mariposa,043,17540,428,426,11,437,5
2021-05-20,Mendocino,045,87422,3966,3897,75,3972,47
2021-05-20,Merced,047,269075,31020,31046,987,32033,454
2021-05-20,Modoc,049,8938,376,365,130,495,3
2021-05-20,Mono,051,14174,1255,1269,16,1285,3
2021-05-20,Monterey,053,433212,43128,42984,1876,44860,379
2021-05-20,Napa,055,140530,9905,9913,36,9949,82
2021-05-20,Nevada,057,99092,4808,4775,189,4964,70
2021-05-20,Orange,059,3164182,255269,254127,11350,265477,5038
2021-05-20,Placer,061,380077,23212,22823,1506,24329,292
2021-05-20,Plumas,063,18699,698,682,10,692,4
2021-05-20,Riverside,065,2383286,293922,288453,14036,302489,4442
2021-05-20,Sacramento,067,1510023,105750,105414,1770,107184,1629
2021-05-20,San Benito,069,59416,6063,6067,115,6182,63
2021-05-20,San Bernardino,071,2135413,293125,292153,8995,301148,4728
2021-05-20,San Diego,073,3302833,280263,279490,14894,294384,3749
2021-05-20,San Francisco,075,870044,36685,36860,1303,38163,546
2021-05-20,San Joaquin,077,732212,72999,72388,3568,75956,1371
2021-05-20,San Luis Obispo,079,281455,21276,21095,740,21835,256
2021-05-20,San Mateo,081,765935,42320,42152,470,42622,432
2021-05-20,Santa Barbara,083,443738,34774,34293,1199,35492,459
2021-05-20,Santa Clara,085,1922200,118512,119222,773,119995,2029
2021-05-20,Santa Cruz,087,273765,16205,16119,815,16934,207
2021-05-20,Shasta,089,179085,12270,12266,1567,13833,200
2021-05-20,Sierra,091,2930,56,54,12,66,0
2021-05-20,Siskiyou,093,43540,1908,1811,351,2162,16
2021-05-20,Solano,095,438530,32744,32725,555,33280,253
2021-05-20,Sonoma,097,501317,29986,30107,328,30435,321
2021-05-20,Stanislaus,099,539301,56250,55979,5948,61927,970
2021-05-20,Sutter,101,95872,9492,9467,87,9554,113
2021-05-20,Tehama,103,63373,5063,5029,577,5606,63
2021-05-20,Trinity,105,12862,484,329,93,422,3
2021-05-20,Tulare,107,460477,50183,49217,9074,58291,837
2021-05-20,Tuolumne,109,53932,4073,4077,40,4117,65
2021-05-20,Ventura,111,848112,81323,80800,2991,83791,1019
2021-05-20,Yolo,113,214977,13973,13973,317,14290,211
2021-05-20,Yuba,115,75493,6031,6002,124,6126,49
2021-05-19,Alameda,001,1643700,87996,87889,1964,89853,1260
2021-05-19,Alpine,003,1148,87,88,0,88,0
2021-05-19,Amador,005,37829,3670,3669,33,3702,46
2021-05-19,Butte,007,227075,12490,12198,1819,14017,188
2021-05-19,Calaveras,009,45235,2142,2132,14,2146,54
2021-05-19,Colusa,011,21464,1942,1945,306,2251,15
2021-05-19,Contra Costa,013,1133247,69374,68836,1270,70106,808
2021-05-19,Del Norte,015,27424,1406,1371,12,1383,8
2021-05-19,El Dorado,017,186661,10254,10179,723,10902,112
2021-05-19,Fresno,019,978130,102676,102085,8734,110819,1693
2021-05-19,Glenn,021,27897,2426,2404,560,2964,17
2021-05-19,Humboldt,023,135768,4202,4143,34,4177,42
2021-05-19,Imperial,025,180216,28577,28550,2828,31378,732
2021-05-19,Inyo,027,18085,1403,1402,12,1414,36
2021-05-19,Kern,029,883053,97203,96173,10901,107074,1316
2021-05-19,Kings,031,150075,23137,22919,1094,24013,246
2021-05-19,Lake,033,64148,3516,3497,9,3506,43
2021-05-19,Lassen,035,31185,5194,5157,112,5269,6
2021-05-19,Los Angeles,037,10098052,1203688,1196856,41717,1238573,24143
2021-05-19,Madera,039,155013,16601,16496,933,17429,238
2021-05-19,Marin,041,260295,14050,14033,255,14288,227
2021-05-19,Mariposa,043,17540,428,425,11,436,5
2021-05-19,Mendocino,045,87422,3962,3886,75,3961,47
2021-05-19,Merced,047,269075,31004,31044,987,32031,452
2021-05-19,Modoc,049,8938,376,364,127,491,3
2021-05-19,Mono,051,14174,1255,1266,16,1282,3
2021-05-19,Monterey,053,433212,43123,42973,1875,44848,379
2021-05-19,Napa,055,140530,9902,9906,36,9942,82
2021-05-19,Nevada,057,99092,4806,4769,189,4958,70
2021-05-19,Orange,059,3164182,255232,254087,11340,265427,5035
2021-05-19,Placer,061,380077,23193,22784,1501,24285,291
2021-05-19,Plumas,063,18699,698,682,10,692,4
2021-05-19,Riverside,065,2383286,293875,288398,14034,302432,4442
2021-05-19,Sacramento,067,1510023,105672,105225,1769,106994,1629
2021-05-19,San Benito,069,59416,6062,6064,115,6179,63
2021-05-19,San Bernardino,071,2135413,293081,292078,8992,301070,4725
2021-05-19,San Diego,073,3302833,280179,279345,14873,294218,3746
2021-05-19,San Francisco,075,870044,36672,36835,1302,38137,546
2021-05-19,San Joaquin,077,732212,72956,72338,3563,75901,1369
2021-05-19,San Luis Obispo,079,281455,21268,21085,739,21824,256
2021-05-19,San Mateo,081,765935,42313,42126,470,42596,429
2021-05-19,Santa Barbara,083,443738,34766,34292,1199,35491,459
2021-05-19,Santa Clara,085,1922200,118472,119176,772,119948,2015
2021-05-19,Santa Cruz,087,273765,16201,16121,814,16935,207
2021-05-19,Shasta,089,179085,12252,12233,1563,13796,200
2021-05-19,Sierra,091,2930,56,54,12,66,0
2021-05-19,Siskiyou,093,43540,1905,1803,350,2153,16
2021-05-19,Solano,095,438530,32717,32678,553,33231,253
2021-05-19,Sonoma,097,501317,29971,30080,328,30408,321
2021-05-19,Stanislaus,099,539301,56228,55912,5943,61855,967
2021-05-19,Sutter,101,95872,9485,9459,86,9545,113
2021-05-19,Tehama,103,63373,5055,5026,574,5600,63
2021-05-19,Trinity,105,12862,484,329,93,422,3
2021-05-19,Tulare,107,460477,50170,49163,9069,58232,837
2021-05-19,Tuolumne,109,53932,4073,4074,40,4114,64
2021-05-19,Ventura,111,848112,81307,80747,2990,83737,1019
2021-05-19,Yolo,113,214977,13967,13961,316,14277,211
2021-05-19,Yuba,115,75493,6027,5993,124,6117,49
2021-05-18,Alameda,001,1643700,87921,87816,1964,89780,1254
2021-05-18,Alpine,003,1148,87,88,0,88,0
2021-05-18,Amador,005,37829,3670,3669,33,3702,46
2021-05-18,Butte,007,227075,12477,12164,1817,13981,191
2021-05-18,Calaveras,009,45235,2138,2131,14,2145,54
2021-05-18,Colusa,011,21464,1942,1943,306,2249,14
2021-05-18,Contra Costa,013,1133247,69317,68750,1269,70019,808
2021-05-18,Del Norte,015,27424,1403,1371,12,1383,8
2021-05-18,El Dorado,017,186661,10243,10169,722,10891,112
2021-05-18,Fresno,019,978130,102638,102056,8731,110787,1690
2021-05-18,Glenn,021,27897,2420,2403,559,2962,17
2021-05-18,Humboldt,023,135768,4184,4132,34,4166,42
2021-05-18,Imperial,025,180216,28571,28538,2826,31364,730
2021-05-18,Inyo,027,18085,1403,1401,12,1413,36
2021-05-18,Kern,029,883053,97169,96128,10887,107015,1315
2021-05-18,Kings,031,150075,23131,22916,1094,24010,247
2021-05-18,Lake,033,64148,3514,3495,9,3504,43
2021-05-18,Lassen,035,31185,5193,5157,111,5268,6
2021-05-18,Los Angeles,037,10098052,1203510,1196668,41705,1238373,24133
2021-05-18,Madera,039,155013,16591,16491,932,17423,238
2021-05-18,Marin,041,260295,14047,14026,255,14281,227
2021-05-18,Mariposa,043,17540,428,424,11,435,5
2021-05-18,Mendocino,045,87422,3951,3877,74,3951,47
2021-05-18,Merced,047,269075,30985,31036,987,32023,452
2021-05-18,Modoc,049,8938,375,364,126,490,3
2021-05-18,Mono,051,14174,1254,1265,16,1281,3
2021-05-18,Monterey,053,433212,43117,43001,1875,44876,379
2021-05-18,Napa,055,140530,9902,9905,36,9941,82
2021-05-18,Nevada,057,99092,4799,4762,189,4951,70
2021-05-18,Orange,059,3164182,255191,254041,11330,265371,5031
2021-05-18,Placer,061,380077,23160,22726,1497,24223,291
2021-05-18,Plumas,063,18699,698,682,10,692,4
2021-05-18,Riverside,065,2383286,293820,288354,14027,302381,4438
2021-05-18,Sacramento,067,1510023,105571,105083,1767,106850,1629
2021-05-18,San Benito,069,59416,6061,6065,115,6180,63
2021-05-18,San Bernardino,071,2135413,293023,292014,8987,301001,4722
2021-05-18,San Diego,073,3302833,280071,279254,14864,294118,3742
2021-05-18,San Francisco,075,870044,36652,36818,1302,38120,546
2021-05-18,San Joaquin,077,732212,72909,72282,3559,75841,1368
2021-05-18,San Luis Obispo,079,281455,21258,21080,737,21817,256
2021-05-18,San Mateo,081,765935,42301,42099,469,42568,428
2021-05-18,Santa Barbara,083,443738,34757,34278,1199,35477,459
2021-05-18,Santa Clara,085,1922200,118445,119171,772,119943,2014
2021-05-18,Santa Cruz,087,273765,16193,16137,814,16951,207
2021-05-18,Shasta,089,179085,12234,12197,1557,13754,200
2021-05-18,Sierra,091,2930,56,54,12,66,0
2021-05-18,Siskiyou,093,43540,1904,1799,350,2149,16
2021-05-18,Solano,095,438530,32692,32644,553,33197,253
2021-05-18,Sonoma,097,501317,29951,30054,327,30381,321
2021-05-18,Stanislaus,099,539301,56189,55860,5943,61803,959
2021-05-18,Sutter,101,95872,9477,9453,86,9539,113
2021-05-18,Tehama,103,63373,5051,5020,571,5591,63
2021-05-18,Trinity,105,12862,484,329,92,421,3
2021-05-18,Tulare,107,460477,50162,49142,9064,58206,836
2021-05-18,Tuolumne,109,53932,4071,4073,40,4113,64
2021-05-18,Ventura,111,848112,81291,80726,2987,83713,1017
2021-05-18,Yolo,113,214977,13960,13951,315,14266,211
2021-05-18,Yuba,115,75493,6023,5989,123,6112,49
2021-05-17,Alameda,001,1643700,87867,87766,1961,89727,1253
2021-05-17,Alpine,003,1148,87,88,0,88,0
2021-05-17,Amador,005,37829,3667,3668,33,3701,46
2021-05-17,Butte,007,227075,12469,12144,1817,13961,192
2021-05-17,Calaveras,009,45235,2138,2131,14,2145,53
2021-05-17,Colusa,011,21464,1942,1943,306,2249,14
2021-05-17,Contra Costa,013,1133247,69262,68720,1268,69988,805
2021-05-17,Del Norte,015,27424,1398,1369,12,1381,8
2021-05-17,El Dorado,017,186661,10226,10163,722,10885,112
2021-05-17,Fresno,019,978130,102594,102013,8723,110736,1690
2021-05-17,Glenn,021,27897,2420,2401,559,2960,17
2021-05-17,Humboldt,023,135768,4173,4112,34,4146,42
2021-05-17,Imperial,025,180216,28565,28533,2823,31356,729
2021-05-17,Inyo,027,18085,1403,1401,12,1413,36
2021-05-17,Kern,029,883053,97140,96095,10870,106965,1315
2021-05-17,Kings,031,150075,23128,22918,1094,24012,246
2021-05-17,Lake,033,64148,3509,3489,9,3498,43
2021-05-17,Lassen,035,31185,5190,5156,110,5266,6
2021-05-17,Los Angeles,037,10098052,1203336,1196556,41699,1238255,24123
2021-05-17,Madera,039,155013,16584,16486,932,17418,238
2021-05-17,Marin,041,260295,14041,14021,255,14276,227
2021-05-17,Mariposa,043,17540,427,423,11,434,5
2021-05-17,Mendocino,045,87422,3942,3868,74,3942,46
2021-05-17,Merced,047,269075,30970,31031,987,32018,450
2021-05-17,Modoc,049,8938,374,362,126,488,3
2021-05-17,Mono,051,14174,1250,1265,16,1281,3
2021-05-17,Monterey,053,433212,43110,42995,1875,44870,379
2021-05-17,Napa,055,140530,9901,9894,36,9930,82
2021-05-17,Nevada,057,99092,4795,4761,188,4949,70
2021-05-17,Orange,059,3164182,255144,253993,11323,265316,5031
2021-05-17,Placer,061,380077,23134,22706,1490,24196,289
2021-05-17,Plumas,063,18699,698,682,10,692,4
2021-05-17,Riverside,065,2383286,293751,288304,14023,302327,4433
2021-05-17,Sacramento,067,1510023,105463,105035,1764,106799,1629
2021-05-17,San Benito,069,59416,6058,6067,115,6182,63
2021-05-17,San Bernardino,071,2135413,292974,291989,8979,300968,4724
2021-05-17,San Diego,073,3302833,279939,279146,14842,293988,3742
2021-05-17,San Francisco,075,870044,36640,36816,1300,38116,546
2021-05-17,San Joaquin,077,732212,72871,72234,3556,75790,1359
2021-05-17,San Luis Obispo,079,281455,21249,21079,735,21814,256
2021-05-17,San Mateo,081,765935,42273,42083,469,42552,428
2021-05-17,Santa Barbara,083,443738,34750,34275,1199,35474,459
2021-05-17,Santa Clara,085,1922200,118408,119116,770,119886,2015
2021-05-17,Santa Cruz,087,273765,16190,16151,814,16965,206
2021-05-17,Shasta,089,179085,12212,12163,1556,13719,200
2021-05-17,Sierra,091,2930,56,54,12,66,0
2021-05-17,Siskiyou,093,43540,1895,1795,347,2142,15
2021-05-17,Solano,095,438530,32674,32627,552,33179,253
2021-05-17,Sonoma,097,501317,29928,30043,326,30369,321
2021-05-17,Stanislaus,099,539301,56138,55839,5936,61775,951
2021-05-17,Sutter,101,95872,9470,9447,86,9533,113
2021-05-17,Tehama,103,63373,5048,5016,570,5586,63
2021-05-17,Trinity,105,12862,484,328,92,420,3
2021-05-17,Tulare,107,460477,50140,49107,9057,58164,836
2021-05-17,Tuolumne,109,53932,4071,4071,40,4111,64
2021-05-17,Ventura,111,848112,81271,80699,2987,83686,1017
2021-05-17,Yolo,113,214977,13953,13941,315,14256,211
2021-05-17,Yuba,115,75493,6015,5987,123,6110,49
2021-05-16,Alameda,001,1643700,87803,87743,1961,89704,1253
2021-05-16,Alpine,003,1148,87,88,0,88,0
2021-05-16,Amador,005,37829,3666,3667,33,3700,46
2021-05-16,Butte,007,227075,12455,12140,1817,13957,192
2021-05-16,Calaveras,009,45235,2136,2129,14,2143,53
2021-05-16,Colusa,011,21464,1940,1943,306,2249,14
2021-05-16,Contra Costa,013,1133247,69194,68694,1265,69959,805
2021-05-16,Del Norte,015,27424,1395,1365,12,1377,8
2021-05-16,El Dorado,017,186661,10210,10159,721,10880,112
2021-05-16,Fresno,019,978130,102550,101987,8717,110704,1690
2021-05-16,Glenn,021,27897,2420,2401,558,2959,17
2021-05-16,Humboldt,023,135768,4158,4104,34,4138,42
2021-05-16,Imperial,025,180216,28554,28516,2821,31337,729
2021-05-16,Inyo,027,18085,1403,1401,12,1413,36
2021-05-16,Kern,029,883053,97107,96083,10849,106932,1315
2021-05-16,Kings,031,150075,23124,22918,1091,24009,246
2021-05-16,Lake,033,64148,3506,3489,9,3498,43
2021-05-16,Lassen,035,31185,5189,5156,110,5266,6
2021-05-16,Los Angeles,037,10098052,1203113,1196397,41683,1238080,24120
2021-05-16,Madera,039,155013,16579,16483,929,17412,238
2021-05-16,Marin,041,260295,14038,14015,255,14270,227
2021-05-16,Mariposa,043,17540,427,423,11,434,5
2021-05-16,Mendocino,045,87422,3932,3863,74,3937,46
2021-05-16,Merced,047,269075,30949,31023,985,32008,450
2021-05-16,Modoc,049,8938,374,362,126,488,3
2021-05-16,Mono,051,14174,1250,1265,16,1281,3
2021-05-16,Monterey,053,433212,43105,42991,1875,44866,379
2021-05-16,Napa,055,140530,9898,9891,36,9927,82
2021-05-16,Nevada,057,99092,4790,4755,188,4943,70
2021-05-16,Orange,059,3164182,255112,253962,11320,265282,5031
2021-05-16,Placer,061,380077,23102,22696,1484,24180,289
2021-05-16,Plumas,063,18699,697,682,10,692,4
2021-05-16,Riverside,065,2383286,293675,288259,14015,302274,4433
2021-05-16,Sacramento,067,1510023,105349,105013,1762,106775,1628
2021-05-16,San Benito,069,59416,6057,6067,114,6181,63
2021-05-16,San Bernardino,071,2135413,292902,291940,8977,300917,4724
2021-05-16,San Diego,073,3302833,279821,279099,14829,293928,3742
2021-05-16,San Francisco,075,870044,36618,36808,1299,38107,546
2021-05-16,San Joaquin,077,732212,72823,72218,3551,75769,1359
2021-05-16,San Luis Obispo,079,281455,21242,21072,733,21805,256
2021-05-16,San Mateo,081,765935,42262,42063,468,42531,428
2021-05-16,Santa Barbara,083,443738,34743,34270,1199,35469,459
2021-05-16,Santa Clara,085,1922200,118379,119098,769,119867,2015
2021-05-16,Santa Cruz,087,273765,16188,16143,814,16957,206
2021-05-16,Shasta,089,179085,12196,12156,1552,13708,200
2021-05-16,Sierra,091,2930,56,54,12,66,0
2021-05-16,Siskiyou,093,43540,1891,1790,346,2136,15
2021-05-16,Solano,095,438530,32641,32619,550,33169,253
2021-05-16,Sonoma,097,501317,29909,30033,326,30359,321
2021-05-16,Stanislaus,099,539301,56083,55814,5924,61738,951
2021-05-16,Sutter,101,95872,9463,9445,86,9531,113
2021-05-16,Tehama,103,63373,5044,5013,569,5582,63
2021-05-16,Trinity,105,12862,484,328,92,420,3
2021-05-16,Tulare,107,460477,50123,49091,9054,58145,837
2021-05-16,Tuolumne,109,53932,4067,4070,40,4110,64
2021-05-16,Ventura,111,848112,81240,80689,2987,83676,1017
2021-05-16,Yolo,113,214977,13938,13938,315,14253,211
2021-05-16,Yuba,115,75493,6012,5987,123,6110,49
2021-05-15,Alameda,001,1643700,87776,87677,1960,89637,1252
2021-05-15,Alpine,003,1148,87,88,0,88,0
2021-05-15,Amador,005,37829,3666,3666,33,3699,46
2021-05-15,Butte,007,227075,12448,12095,1816,13911,192
2021-05-15,Calaveras,009,45235,2135,2126,14,2140,53
2021-05-15,Colusa,011,21464,1940,1941,304,2245,14
2021-05-15,Contra Costa,013,1133247,69148,68658,1265,69923,805
2021-05-15,Del Norte,015,27424,1390,1359,12,1371,8
2021-05-15,El Dorado,017,186661,10198,10156,720,10876,112
2021-05-15,Fresno,019,978130,102513,101957,8714,110671,1690
2021-05-15,Glenn,021,27897,2420,2400,558,2958,17
2021-05-15,Humboldt,023,135768,4148,4080,34,4114,42
2021-05-15,Imperial,025,180216,28551,28504,2820,31324,729
2021-05-15,Inyo,027,18085,1403,1402,12,1414,36
2021-05-15,Kern,029,883053,97093,96061,10834,106895,1315
2021-05-15,Kings,031,150075,23123,22913,1091,24004,246
2021-05-15,Lake,033,64148,3505,3485,9,3494,43
2021-05-15,Lassen,035,31185,5186,5156,109,5265,6
2021-05-15,Los Angeles,037,10098052,1202989,1196255,41670,1237925,24115
2021-05-15,Madera,039,155013,16576,16482,929,17411,238
2021-05-15,Marin,041,260295,14034,14012,255,14267,227
2021-05-15,Mariposa,043,17540,427,423,11,434,5
2021-05-15,Mendocino,045,87422,3929,3861,74,3935,46
2021-05-15,Merced,047,269075,30928,31012,985,31997,450
2021-05-15,Modoc,049,8938,374,362,126,488,3
2021-05-15,Mono,051,14174,1250,1265,16,1281,3
2021-05-15,Monterey,053,433212,43101,42982,1875,44857,379
2021-05-15,Napa,055,140530,9895,9887,36,9923,82
2021-05-15,Nevada,057,99092,4789,4755,188,4943,70
2021-05-15,Orange,059,3164182,255085,253919,11313,265232,5030
2021-05-15,Placer,061,380077,23081,22688,1484,24172,289
2021-05-15,Plumas,063,18699,697,681,10,691,4
2021-05-15,Riverside,065,2383286,293633,288203,14010,302213,4433
2021-05-15,Sacramento,067,1510023,105277,104929,1759,106688,1628
2021-05-15,San Benito,069,59416,6057,6066,114,6180,63
2021-05-15,San Bernardino,071,2135413,292860,291892,8975,300867,4724
2021-05-15,San Diego,073,3302833,279750,278991,14814,293805,3737
2021-05-15,San Francisco,075,870044,36602,36795,1297,38092,546
2021-05-15,San Joaquin,077,732212,72797,72197,3549,75746,1359
2021-05-15,San Luis Obispo,079,281455,21239,21061,732,21793,256
2021-05-15,San Mateo,081,765935,42246,42059,468,42527,428
2021-05-15,Santa Barbara,083,443738,34736,34259,1199,35458,459
2021-05-15,Santa Clara,085,1922200,118359,119060,769,119829,2016
2021-05-15,Santa Cruz,087,273765,16184,16137,814,16951,206
2021-05-15,Shasta,089,179085,12184,12152,1549,13701,200
2021-05-15,Sierra,091,2930,56,54,12,66,0
2021-05-15,Siskiyou,093,43540,1885,1788,344,2132,15
2021-05-15,Solano,095,438530,32632,32604,549,33153,253
2021-05-15,Sonoma,097,501317,29890,30020,326,30346,321
2021-05-15,Stanislaus,099,539301,56051,55795,5917,61712,952
2021-05-15,Sutter,101,95872,9461,9436,86,9522,113
2021-05-15,Tehama,103,63373,5040,5012,567,5579,63
2021-05-15,Trinity,105,12862,484,328,92,420,3
2021-05-15,Tulare,107,460477,50113,49080,9050,58130,837
2021-05-15,Tuolumne,109,53932,4065,4064,40,4104,63
2021-05-15,Ventura,111,848112,81229,80662,2987,83649,1017
2021-05-15,Yolo,113,214977,13931,13932,314,14246,211
2021-05-15,Yuba,115,75493,6009,5979,122,6101,49
2021-05-14,Alameda,001,1643700,87742,87621,1957,89578,1249
2021-05-14,Alpine,003,1148,87,88,0,88,0
2021-05-14,Amador,005,37829,3666,3665,33,3698,46
2021-05-14,Butte,007,227075,12439,12076,1813,13889,192
2021-05-14,Calaveras,009,45235,2131,2121,14,2135,53
2021-05-14,Colusa,011,21464,1939,1940,303,2243,14
2021-05-14,Contra Costa,013,1133247,69106,68589,1263,69852,806
2021-05-14,Del Norte,015,27424,1390,1355,12,1367,8
2021-05-14,El Dorado,017,186661,10191,10143,719,10862,113
2021-05-14,Fresno,019,978130,102484,101917,8708,110625,1688
2021-05-14,Glenn,021,27897,2419,2398,558,2956,17
2021-05-14,Humboldt,023,135768,4140,4050,34,4084,37
2021-05-14,Imperial,025,180216,28544,28485,2819,31304,728
2021-05-14,Inyo,027,18085,1403,1400,12,1412,36
2021-05-14,Kern,029,883053,97063,96033,10825,106858,1311
2021-05-14,Kings,031,150075,23122,22910,1091,24001,246
2021-05-14,Lake,033,64148,3501,3483,9,3492,43
2021-05-14,Lassen,035,31185,5186,5154,109,5263,6
2021-05-14,Los Angeles,037,10098052,1202855,1196038,41665,1237703,24101
2021-05-14,Madera,039,155013,16573,16474,929,17403,238
2021-05-14,Marin,041,260295,14030,14010,255,14265,227
2021-05-14,Mariposa,043,17540,427,422,11,433,5
2021-05-14,Mendocino,045,87422,3927,3855,74,3929,46
2021-05-14,Merced,047,269075,30918,31010,985,31995,450
2021-05-14,Modoc,049,8938,374,362,126,488,3
2021-05-14,Mono,051,14174,1249,1265,16,1281,3
2021-05-14,Monterey,053,433212,43096,42973,1875,44848,380
2021-05-14,Napa,055,140530,9892,9883,36,9919,82
2021-05-14,Nevada,057,99092,4784,4745,188,4933,70
2021-05-14,Orange,059,3164182,255051,253855,11306,265161,5028
2021-05-14,Placer,061,380077,23062,22660,1478,24138,287
2021-05-14,Plumas,063,18699,696,680,10,690,4
2021-05-14,Riverside,065,2383286,293583,288140,14007,302147,4433
2021-05-14,Sacramento,067,1510023,105188,104828,1758,106586,1627
2021-05-14,San Benito,069,59416,6057,6064,114,6178,63
2021-05-14,San Bernardino,071,2135413,292812,291834,8975,300809,4721
2021-05-14,San Diego,073,3302833,279677,278853,14803,293656,3732
2021-05-14,San Francisco,075,870044,36593,36771,1293,38064,545
2021-05-14,San Joaquin,077,732212,72765,72160,3542,75702,1359
2021-05-14,San Luis Obispo,079,281455,21235,21051,732,21783,256
2021-05-14,San Mateo,081,765935,42235,42041,468,42509,428
2021-05-14,Santa Barbara,083,443738,34726,34243,1199,35442,456
2021-05-14,Santa Clara,085,1922200,118330,119006,769,119775,2014
2021-05-14,Santa Cruz,087,273765,16179,16130,814,16944,207
2021-05-14,Shasta,089,179085,12178,12130,1544,13674,200
2021-05-14,Sierra,091,2930,56,54,12,66,0
2021-05-14,Siskiyou,093,43540,1878,1779,343,2122,14
2021-05-14,Solano,095,438530,32612,32585,548,33133,252
2021-05-14,Sonoma,097,501317,29872,30007,326,30333,321
2021-05-14,Stanislaus,099,539301,56015,55752,5911,61663,950
2021-05-14,Sutter,101,95872,9452,9433,84,9517,113
2021-05-14,Tehama,103,63373,5033,5005,567,5572,63
2021-05-14,Trinity,105,12862,484,328,92,420,3
2021-05-14,Tulare,107,460477,50096,49060,9045,58105,836
2021-05-14,Tuolumne,109,53932,4065,4060,40,4100,63
2021-05-14,Ventura,111,848112,81215,80628,2987,83615,1014
2021-05-14,Yolo,113,214977,13926,13922,310,14232,210
2021-05-14,Yuba,115,75493,6005,5970,122,6092,47
2021-05-13,Alameda,001,1643700,87697,87557,1956,89513,1250
2021-05-13,Alpine,003,1148,87,88,0,88,0
2021-05-13,Amador,005,37829,3666,3662,33,3695,46
2021-05-13,Butte,007,227075,12426,12051,1812,13863,196
2021-05-13,Calaveras,009,45235,2131,2120,14,2134,53
2021-05-13,Colusa,011,21464,1938,1939,299,2238,14
2021-05-13,Contra Costa,013,1133247,69058,68522,1262,69784,806
2021-05-13,Del Norte,015,27424,1388,1354,12,1366,8
2021-05-13,El Dorado,017,186661,10189,10133,719,10852,112
2021-05-13,Fresno,019,978130,102455,101862,8707,110569,1687
2021-05-13,Glenn,021,27897,2418,2395,558,2953,17
2021-05-13,Humboldt,023,135768,4122,4027,34,4061,37
2021-05-13,Imperial,025,180216,28529,28468,2816,31284,729
2021-05-13,Inyo,027,18085,1403,1400,12,1412,36
2021-05-13,Kern,029,883053,97039,95996,10807,106803,1311
2021-05-13,Kings,031,150075,23121,22904,1091,23995,246
2021-05-13,Lake,033,64148,3499,3479,9,3488,43
2021-05-13,Lassen,035,31185,5186,5152,108,5260,6
2021-05-13,Los Angeles,037,10098052,1202666,1195504,41652,1237156,24083
2021-05-13,Madera,039,155013,16565,16467,929,17396,238
2021-05-13,Marin,041,260295,14025,14004,253,14257,227
2021-05-13,Mariposa,043,17540,427,422,11,433,5
2021-05-13,Mendocino,045,87422,3923,3846,74,3920,46
2021-05-13,Merced,047,269075,30910,30989,985,31974,450
2021-05-13,Modoc,049,8938,374,362,126,488,3
2021-05-13,Mono,051,14174,1249,1265,16,1281,3
2021-05-13,Monterey,053,433212,43081,42966,1875,44841,380
2021-05-13,Napa,055,140530,9885,9877,36,9913,82
2021-05-13,Nevada,057,99092,4780,4743,187,4930,70
2021-05-13,Orange,059,3164182,255006,253778,11304,265082,5026
2021-05-13,Placer,061,380077,23038,22668,1471,24139,288
2021-05-13,Plumas,063,18699,696,680,10,690,4
2021-05-13,Riverside,065,2383286,293516,288067,14002,302069,4433
2021-05-13,Sacramento,067,1510023,105101,104711,1756,106467,1626
2021-05-13,San Benito,069,59416,6055,6062,114,6176,63
2021-05-13,San Bernardino,071,2135413,292746,291765,8975,300740,4722
2021-05-13,San Diego,073,3302833,279563,278592,14786,293378,3729
2021-05-13,San Francisco,075,870044,36569,36741,1291,38032,544
2021-05-13,San Joaquin,077,732212,72722,72096,3538,75634,1357
2021-05-13,San Luis Obispo,079,281455,21220,21043,731,21774,255
2021-05-13,San Mateo,081,765935,42218,42059,468,42527,426
2021-05-13,Santa Barbara,083,443738,34714,34242,1199,35441,456
2021-05-13,Santa Clara,085,1922200,118303,118952,769,119721,2013
2021-05-13,Santa Cruz,087,273765,16173,16129,814,16943,208
2021-05-13,Shasta,089,179085,12158,12111,1540,13651,200
2021-05-13,Sierra,091,2930,56,54,12,66,0
2021-05-13,Siskiyou,093,43540,1871,1769,340,2109,14
2021-05-13,Solano,095,438530,32599,32548,546,33094,252
2021-05-13,Sonoma,097,501317,29847,29991,326,30317,321
2021-05-13,Stanislaus,099,539301,55977,55678,5905,61583,949
2021-05-13,Sutter,101,95872,9447,9431,83,9514,112
2021-05-13,Tehama,103,63373,5028,4997,567,5564,63
2021-05-13,Trinity,105,12862,483,327,91,418,3
2021-05-13,Tulare,107,460477,50070,49032,9037,58069,837
2021-05-13,Tuolumne,109,53932,4064,4059,40,4099,63
2021-05-13,Ventura,111,848112,81185,80615,2986,83601,1012
2021-05-13,Yolo,113,214977,13917,13914,308,14222,210
2021-05-13,Yuba,115,75493,5996,5962,122,6084,47
2021-05-12,Alameda,001,1643700,87664,87482,1954,89436,1261
2021-05-12,Alpine,003,1148,87,88,0,88,0
2021-05-12,Amador,005,37829,3666,3658,33,3691,46
2021-05-12,Butte,007,227075,12416,12026,1812,13838,199
2021-05-12,Calaveras,009,45235,2128,2119,14,2133,53
2021-05-12,Colusa,011,21464,1936,1939,298,2237,14
2021-05-12,Contra Costa,013,1133247,69000,68462,1256,69718,805
2021-05-12,Del Norte,015,27424,1386,1352,12,1364,8
2021-05-12,El Dorado,017,186661,10180,10123,719,10842,112
2021-05-12,Fresno,019,978130,102406,101838,8696,110534,1688
2021-05-12,Glenn,021,27897,2415,2391,558,2949,17
2021-05-12,Humboldt,023,135768,4094,3982,34,4016,37
2021-05-12,Imperial,025,180216,28511,28443,2813,31256,726
2021-05-12,Inyo,027,18085,1403,1400,12,1412,36
2021-05-12,Kern,029,883053,97003,95955,10800,106755,1310
2021-05-12,Kings,031,150075,23119,22896,1091,23987,246
2021-05-12,Lake,033,64148,3497,3476,9,3485,43
2021-05-12,Lassen,035,31185,5184,5151,108,5259,6
2021-05-12,Los Angeles,037,10098052,1202484,1195318,41636,1236954,24067
2021-05-12,Madera,039,155013,16558,16462,928,17390,238
2021-05-12,Marin,041,260295,14020,13997,253,14250,227
2021-05-12,Mariposa,043,17540,427,422,11,433,5
2021-05-12,Mendocino,045,87422,3913,3836,74,3910,46
2021-05-12,Merced,047,269075,30894,30941,985,31926,450
2021-05-12,Modoc,049,8938,373,362,126,488,3
2021-05-12,Mono,051,14174,1249,1265,16,1281,3
2021-05-12,Monterey,053,433212,43069,42950,1874,44824,380
2021-05-12,Napa,055,140530,9879,9870,36,9906,82
2021-05-12,Nevada,057,99092,4776,4738,187,4925,70
2021-05-12,Orange,059,3164182,254955,253587,11301,264888,5024
2021-05-12,Placer,061,380077,23020,22652,1464,24116,288
2021-05-12,Plumas,063,18699,696,681,10,691,4
2021-05-12,Riverside,065,2383286,293446,287830,13998,301828,4431
2021-05-12,Sacramento,067,1510023,105005,104592,1755,106347,1621
2021-05-12,San Benito,069,59416,6055,6062,114,6176,63
2021-05-12,San Bernardino,071,2135413,292698,291505,8970,300475,4715
2021-05-12,San Diego,073,3302833,279459,278402,14765,293167,3729
2021-05-12,San Francisco,075,870044,36550,36720,1290,38010,544
2021-05-12,San Joaquin,077,732212,72668,72043,3534,75577,1356
2021-05-12,San Luis Obispo,079,281455,21210,21021,731,21752,255
2021-05-12,San Mateo,081,765935,42209,42038,466,42504,426
2021-05-12,Santa Barbara,083,443738,34707,34218,1199,35417,456
2021-05-12,Santa Clara,085,1922200,118260,118897,769,119666,2005
2021-05-12,Santa Cruz,087,273765,16167,16123,814,16937,207
2021-05-12,Shasta,089,179085,12138,12092,1538,13630,200
2021-05-12,Sierra,091,2930,56,54,12,66,0
2021-05-12,Siskiyou,093,43540,1867,1760,339,2099,13
2021-05-12,Solano,095,438530,32575,32519,546,33065,252
2021-05-12,Sonoma,097,501317,29835,29976,326,30302,320
2021-05-12,Stanislaus,099,539301,55935,55632,5898,61530,919
2021-05-12,Sutter,101,95872,9444,9427,83,9510,112
2021-05-12,Tehama,103,63373,5024,4989,567,5556,62
2021-05-12,Trinity,105,12862,483,327,91,418,3
2021-05-12,Tulare,107,460477,50054,49001,9029,58030,838
2021-05-12,Tuolumne,109,53932,4063,4056,40,4096,63
2021-05-12,Ventura,111,848112,81166,80577,2986,83563,1010
2021-05-12,Yolo,113,214977,13910,13910,307,14217,210
2021-05-12,Yuba,115,75493,5993,5956,122,6078,47
2021-05-11,Alameda,001,1643700,87600,87413,1950,89363,1290
2021-05-11,Alpine,003,1148,87,88,0,88,0
2021-05-11,Amador,005,37829,3664,3657,33,3690,46
2021-05-11,Butte,007,227075,12401,12008,1809,13817,199
2021-05-11,Calaveras,009,45235,2128,2118,14,2132,52
2021-05-11,Colusa,011,21464,1935,1939,298,2237,14
2021-05-11,Contra Costa,013,1133247,68940,68406,1255,69661,806
2021-05-11,Del Norte,015,27424,1384,1347,12,1359,8
2021-05-11,El Dorado,017,186661,10174,10108,718,10826,112
2021-05-11,Fresno,019,978130,102360,101792,8690,110482,1686
2021-05-11,Glenn,021,27897,2414,2387,557,2944,17
2021-05-11,Humboldt,023,135768,4073,3964,33,3997,37
2021-05-11,Imperial,025,180216,28503,28413,2809,31222,722
2021-05-11,Inyo,027,18085,1402,1402,12,1414,36
2021-05-11,Kern,029,883053,96975,95938,10787,106725,1310
2021-05-11,Kings,031,150075,23111,22887,1091,23978,246
2021-05-11,Lake,033,64148,3497,3473,9,3482,43
2021-05-11,Lassen,035,31185,5182,5148,108,5256,6
2021-05-11,Los Angeles,037,10098052,1202245,1195100,41624,1236724,24048
2021-05-11,Madera,039,155013,16554,16459,928,17387,238
2021-05-11,Marin,041,260295,14013,13987,253,14240,227
2021-05-11,Mariposa,043,17540,427,421,11,432,5
2021-05-11,Mendocino,045,87422,3905,3821,74,3895,46
2021-05-11,Merced,047,269075,30885,30893,985,31878,449
2021-05-11,Modoc,049,8938,373,362,125,487,3
2021-05-11,Mono,051,14174,1249,1265,16,1281,3
2021-05-11,Monterey,053,433212,43061,42934,1873,44807,380
2021-05-11,Napa,055,140530,9872,9870,36,9906,81
2021-05-11,Nevada,057,99092,4772,4737,187,4924,70
2021-05-11,Orange,059,3164182,254892,253545,11293,264838,5017
2021-05-11,Placer,061,380077,22998,22615,1460,24075,287
2021-05-11,Plumas,063,18699,694,679,10,689,4
2021-05-11,Riverside,065,2383286,293384,287757,13993,301750,4429
2021-05-11,Sacramento,067,1510023,104906,104496,1752,106248,1616
2021-05-11,San Benito,069,59416,6052,6058,114,6172,63
2021-05-11,San Bernardino,071,2135413,292638,291421,8968,300389,4707
2021-05-11,San Diego,073,3302833,279324,278308,14746,293054,3725
2021-05-11,San Francisco,075,870044,36530,36707,1290,37997,543
2021-05-11,San Joaquin,077,732212,72620,71999,3531,75530,1356
2021-05-11,San Luis Obispo,079,281455,21203,21008,729,21737,255
2021-05-11,San Mateo,081,765935,42190,41985,465,42450,425
2021-05-11,Santa Barbara,083,443738,34697,34207,1199,35406,456
2021-05-11,Santa Clara,085,1922200,118214,118857,768,119625,2005
2021-05-11,Santa Cruz,087,273765,16163,16113,814,16927,206
2021-05-11,Shasta,089,179085,12115,12050,1532,13582,200
2021-05-11,Sierra,091,2930,56,54,12,66,0
2021-05-11,Siskiyou,093,43540,1858,1756,337,2093,13
2021-05-11,Solano,095,438530,32557,32499,544,33043,250
2021-05-11,Sonoma,097,501317,29820,29966,326,30292,318
2021-05-11,Stanislaus,099,539301,55885,55589,5894,61483,909
2021-05-11,Sutter,101,95872,9437,9417,83,9500,112
2021-05-11,Tehama,103,63373,5020,4985,566,5551,62
2021-05-11,Trinity,105,12862,483,327,90,417,3
2021-05-11,Tulare,107,460477,50027,48974,9015,57989,837
2021-05-11,Tuolumne,109,53932,4062,4056,40,4096,63
2021-05-11,Ventura,111,848112,81142,80544,2983,83527,1008
2021-05-11,Yolo,113,214977,13897,13902,304,14206,210
2021-05-11,Yuba,115,75493,5984,5950,122,6072,46
2021-05-10,Alameda,001,1643700,87528,87366,1949,89315,1284
2021-05-10,Alpine,003,1148,87,88,0,88,0
2021-05-10,Amador,005,37829,3663,3657,33,3690,46
2021-05-10,Butte,007,227075,12385,11993,1805,13798,199
2021-05-10,Calaveras,009,45235,2121,2118,14,2132,52
2021-05-10,Colusa,011,21464,1935,1939,298,2237,14
2021-05-10,Contra Costa,013,1133247,68876,68357,1255,69612,806
2021-05-10,Del Norte,015,27424,1381,1339,12,1351,8
2021-05-10,El Dorado,017,186661,10160,10093,718,10811,113
2021-05-10,Fresno,019,978130,102329,101755,8683,110438,1682
2021-05-10,Glenn,021,27897,2413,2384,555,2939,17
2021-05-10,Humboldt,023,135768,4043,3961,33,3994,36
2021-05-10,Imperial,025,180216,28489,28397,2805,31202,722
2021-05-10,Inyo,027,18085,1402,1401,12,1413,36
2021-05-10,Kern,029,883053,96932,95920,10773,106693,1310
2021-05-10,Kings,031,150075,23100,22884,1090,23974,246
2021-05-10,Lake,033,64148,3489,3471,9,3480,43
2021-05-10,Lassen,035,31185,5178,5148,108,5256,5
2021-05-10,Los Angeles,037,10098052,1201985,1194976,41608,1236584,24030
2021-05-10,Madera,039,155013,16544,16450,928,17378,238
2021-05-10,Marin,041,260295,14010,13981,253,14234,228
2021-05-10,Mariposa,043,17540,426,420,11,431,5
2021-05-10,Mendocino,045,87422,3899,3818,74,3892,46
2021-05-10,Merced,047,269075,30874,30880,985,31865,448
2021-05-10,Modoc,049,8938,373,361,125,486,3
2021-05-10,Mono,051,14174,1249,1265,16,1281,3
2021-05-10,Monterey,053,433212,43055,42927,1868,44795,380
2021-05-10,Napa,055,140530,9870,9860,36,9896,81
2021-05-10,Nevada,057,99092,4765,4735,187,4922,70
2021-05-10,Orange,059,3164182,254838,253484,11287,264771,5008
2021-05-10,Placer,061,380077,22976,22590,1457,24047,286
2021-05-10,Plumas,063,18699,693,679,10,689,4
2021-05-10,Riverside,065,2383286,293315,287689,13987,301676,4427
2021-05-10,Sacramento,067,1510023,104793,104378,1747,106125,1613
2021-05-10,San Benito,069,59416,6051,6058,114,6172,63
2021-05-10,San Bernardino,071,2135413,292586,291360,8967,300327,4707
2021-05-10,San Diego,073,3302833,279159,278183,14719,292902,3725
2021-05-10,San Francisco,075,870044,36511,36683,1290,37973,543
2021-05-10,San Joaquin,077,732212,72583,71954,3516,75470,1356
2021-05-10,San Luis Obispo,079,281455,21185,20993,728,21721,256
2021-05-10,San Mateo,081,765935,42172,41926,465,42391,424
2021-05-10,Santa Barbara,083,443738,34690,34201,1199,35400,456
2021-05-10,Santa Clara,085,1922200,118155,118822,768,119590,2003
2021-05-10,Santa Cruz,087,273765,16157,16114,814,16928,206
2021-05-10,Shasta,089,179085,12101,12036,1528,13564,200
2021-05-10,Sierra,091,2930,56,54,12,66,0
2021-05-10,Siskiyou,093,43540,1848,1752,335,2087,13
2021-05-10,Solano,095,438530,32537,32466,542,33008,250
2021-05-10,Sonoma,097,501317,29805,29955,325,30280,318
2021-05-10,Stanislaus,099,539301,55811,55541,5888,61429,898
2021-05-10,Sutter,101,95872,9431,9412,83,9495,111
2021-05-10,Tehama,103,63373,5016,4980,566,5546,62
2021-05-10,Trinity,105,12862,483,327,88,415,3
2021-05-10,Tulare,107,460477,50003,48956,9009,57965,837
2021-05-10,Tuolumne,109,53932,4058,4054,39,4093,63
2021-05-10,Ventura,111,848112,81126,80501,2981,83482,1008
2021-05-10,Yolo,113,214977,13885,13898,302,14200,209
2021-05-10,Yuba,115,75493,5982,5942,122,6064,46
2021-05-09,Alameda,001,1643700,87457,87292,1946,89238,1284
2021-05-09,Alpine,003,1148,87,88,0,88,0
2021-05-09,Amador,005,37829,3661,3655,33,3688,46
2021-05-09,Butte,007,227075,12366,11985,1801,13786,199
2021-05-09,Calaveras,009,45235,2120,2116,14,2130,52
2021-05-09,Colusa,011,21464,1934,1940,298,2238,14
2021-05-09,Contra Costa,013,1133247,68812,68302,1253,69555,806
2021-05-09,Del Norte,015,27424,1374,1338,12,1350,8
2021-05-09,El Dorado,017,186661,10146,10089,715,10804,113
2021-05-09,Fresno,019,978130,102291,101729,8674,110403,1682
2021-05-09,Glenn,021,27897,2406,2382,552,2934,17
2021-05-09,Humboldt,023,135768,4023,3950,33,3983,36
2021-05-09,Imperial,025,180216,28466,28388,2796,31184,722
2021-05-09,Inyo,027,18085,1402,1401,11,1412,36
2021-05-09,Kern,029,883053,96904,95903,10763,106666,1310
2021-05-09,Kings,031,150075,23091,22878,1090,23968,246
2021-05-09,Lake,033,64148,3485,3471,9,3480,43
2021-05-09,Lassen,035,31185,5176,5147,108,5255,5
2021-05-09,Los Angeles,037,10098052,1201725,1194820,41593,1236413,24026
2021-05-09,Madera,039,155013,16535,16444,922,17366,238
2021-05-09,Marin,041,260295,13999,13979,252,14231,228
2021-05-09,Mariposa,043,17540,423,420,11,431,5
2021-05-09,Mendocino,045,87422,3889,3814,74,3888,46
2021-05-09,Merced,047,269075,30851,30883,985,31868,448
2021-05-09,Modoc,049,8938,373,360,125,485,3
2021-05-09,Mono,051,14174,1249,1264,16,1280,3
2021-05-09,Monterey,053,433212,43037,42918,1868,44786,380
2021-05-09,Napa,055,140530,9859,9857,36,9893,81
2021-05-09,Nevada,057,99092,4758,4727,187,4914,70
2021-05-09,Orange,059,3164182,254784,253451,11279,264730,5008
2021-05-09,Placer,061,380077,22950,22566,1454,24020,286
2021-05-09,Plumas,063,18699,692,679,10,689,4
2021-05-09,Riverside,065,2383286,293235,287644,13981,301625,4427
2021-05-09,Sacramento,067,1510023,104644,104309,1741,106050,1612
2021-05-09,San Benito,069,59416,6049,6056,114,6170,63
2021-05-09,San Bernardino,071,2135413,292503,291337,8961,300298,4707
2021-05-09,San Diego,073,3302833,278992,277950,14697,292647,3725
2021-05-09,San Francisco,075,870044,36485,36669,1288,37957,543
2021-05-09,San Joaquin,077,732212,72537,71927,3515,75442,1356
2021-05-09,San Luis Obispo,079,281455,21175,20999,728,21727,256
2021-05-09,San Mateo,081,765935,42143,41903,465,42368,424
2021-05-09,Santa Barbara,083,443738,34677,34196,1198,35394,456
2021-05-09,Santa Clara,085,1922200,118101,118798,767,119565,2003
2021-05-09,Santa Cruz,087,273765,16151,16094,814,16908,206
2021-05-09,Shasta,089,179085,12071,12034,1523,13557,200
2021-05-09,Sierra,091,2930,56,54,12,66,0
2021-05-09,Siskiyou,093,43540,1842,1741,332,2073,13
2021-05-09,Solano,095,438530,32498,32434,539,32973,250
2021-05-09,Sonoma,097,501317,29791,29953,324,30277,318
2021-05-09,Stanislaus,099,539301,55745,55511,5884,61395,898
2021-05-09,Sutter,101,95872,9425,9413,83,9496,111
2021-05-09,Tehama,103,63373,5011,4979,566,5545,62
2021-05-09,Trinity,105,12862,483,327,88,415,3
2021-05-09,Tulare,107,460477,49976,48948,9004,57952,837
2021-05-09,Tuolumne,109,53932,4057,4053,39,4092,63
2021-05-09,Ventura,111,848112,81111,80487,2980,83467,1008
2021-05-09,Yolo,113,214977,13875,13897,301,14198,209
2021-05-09,Yuba,115,75493,5976,5934,122,6056,46
2021-05-08,Alameda,001,1643700,87415,87213,1942,89155,1284
2021-05-08,Alpine,003,1148,87,88,0,88,0
2021-05-08,Amador,005,37829,3659,3652,33,3685,46
2021-05-08,Butte,007,227075,12354,11962,1800,13762,199
2021-05-08,Calaveras,009,45235,2119,2114,14,2128,52
2021-05-08,Colusa,011,21464,1934,1939,298,2237,14
2021-05-08,Contra Costa,013,1133247,68779,68223,1251,69474,803
2021-05-08,Del Norte,015,27424,1371,1335,12,1347,8
2021-05-08,El Dorado,017,186661,10132,10079,715,10794,113
2021-05-08,Fresno,019,978130,102255,101676,8669,110345,1682
2021-05-08,Glenn,021,27897,2404,2382,550,2932,17
2021-05-08,Humboldt,023,135768,4007,3939,33,3972,36
2021-05-08,Imperial,025,180216,28458,28373,2796,31169,721
2021-05-08,Inyo,027,18085,1402,1402,11,1413,36
2021-05-08,Kern,029,883053,96879,95880,10750,106630,1310
2021-05-08,Kings,031,150075,23088,22872,1089,23961,246
2021-05-08,Lake,033,64148,3484,3470,9,3479,43
2021-05-08,Lassen,035,31185,5175,5145,108,5253,5
2021-05-08,Los Angeles,037,10098052,1201576,1194584,41577,1236161,24022
2021-05-08,Madera,039,155013,16531,16442,922,17364,238
2021-05-08,Marin,041,260295,13996,13974,251,14225,228
2021-05-08,Mariposa,043,17540,423,420,11,431,5
2021-05-08,Mendocino,045,87422,3884,3810,73,3883,46
2021-05-08,Merced,047,269075,30842,30876,985,31861,448
2021-05-08,Modoc,049,8938,373,360,124,484,3
2021-05-08,Mono,051,14174,1249,1262,16,1278,3
2021-05-08,Monterey,053,433212,43032,42914,1867,44781,380
2021-05-08,Napa,055,140530,9852,9853,36,9889,81
2021-05-08,Nevada,057,99092,4755,4716,187,4903,70
2021-05-08,Orange,059,3164182,254750,253412,11276,264688,5006
2021-05-08,Placer,061,380077,22932,22547,1452,23999,286
2021-05-08,Plumas,063,18699,691,679,10,689,4
2021-05-08,Riverside,065,2383286,293193,287574,13979,301553,4427
2021-05-08,Sacramento,067,1510023,104559,104208,1738,105946,1610
2021-05-08,San Benito,069,59416,6048,6048,114,6162,63
2021-05-08,San Bernardino,071,2135413,292460,291296,8961,300257,4707
2021-05-08,San Diego,073,3302833,278908,277760,14679,292439,3725
2021-05-08,San Francisco,075,870044,36462,36642,1288,37930,543
2021-05-08,San Joaquin,077,732212,72508,71869,3506,75375,1356
2021-05-08,San Luis Obispo,079,281455,21164,20992,728,21720,256
2021-05-08,San Mateo,081,765935,42132,41871,465,42336,424
2021-05-08,Santa Barbara,083,443738,34664,34185,1198,35383,456
2021-05-08,Santa Clara,085,1922200,118070,118751,767,119518,2003
2021-05-08,Santa Cruz,087,273765,16148,16089,814,16903,206
2021-05-08,Shasta,089,179085,12061,12030,1519,13549,200
2021-05-08,Sierra,091,2930,56,54,12,66,0
2021-05-08,Siskiyou,093,43540,1841,1741,328,2069,13
2021-05-08,Solano,095,438530,32473,32395,537,32932,249
2021-05-08,Sonoma,097,501317,29778,29942,324,30266,318
2021-05-08,Stanislaus,099,539301,55712,55467,5880,61347,898
2021-05-08,Sutter,101,95872,9422,9413,83,9496,111
2021-05-08,Tehama,103,63373,5009,4977,566,5543,62
2021-05-08,Trinity,105,12862,483,327,88,415,3
2021-05-08,Tulare,107,460477,49962,48929,8994,57923,837
2021-05-08,Tuolumne,109,53932,4056,4050,39,4089,63
2021-05-08,Ventura,111,848112,81100,80481,2977,83458,1008
2021-05-08,Yolo,113,214977,13872,13894,300,14194,209
2021-05-08,Yuba,115,75493,5968,5928,122,6050,46
2021-05-07,Alameda,001,1643700,87361,87128,1941,89069,1280
2021-05-07,Alpine,003,1148,87,88,0,88,0
2021-05-07,Amador,005,37829,3656,3651,33,3684,46
2021-05-07,Butte,007,227075,12334,11943,1797,13740,199
2021-05-07,Calaveras,009,45235,2117,2114,14,2128,52
2021-05-07,Colusa,011,21464,1934,1937,298,2235,14
2021-05-07,Contra Costa,013,1133247,68733,68156,1249,69405,804
2021-05-07,Del Norte,015,27424,1366,1329,12,1341,8
2021-05-07,El Dorado,017,186661,10119,10065,713,10778,112
2021-05-07,Fresno,019,978130,102221,101625,8668,110293,1684
2021-05-07,Glenn,021,27897,2401,2381,549,2930,17
2021-05-07,Humboldt,023,135768,3992,3919,33,3952,36
2021-05-07,Imperial,025,180216,28450,28352,2794,31146,721
2021-05-07,Inyo,027,18085,1402,1402,11,1413,36
2021-05-07,Kern,029,883053,96866,95839,10738,106577,1308
2021-05-07,Kings,031,150075,23087,22857,1088,23945,246
2021-05-07,Lake,033,64148,3482,3467,9,3476,43
2021-05-07,Lassen,035,31185,5174,5144,107,5251,5
2021-05-07,Los Angeles,037,10098052,1201399,1194294,41569,1235863,24008
2021-05-07,Madera,039,155013,16526,16439,921,17360,238
2021-05-07,Marin,041,260295,13992,13968,251,14219,228
2021-05-07,Mariposa,043,17540,422,419,11,430,5
2021-05-07,Mendocino,045,87422,3879,3805,73,3878,46
2021-05-07,Merced,047,269075,30839,30862,985,31847,446
2021-05-07,Modoc,049,8938,373,360,124,484,3
2021-05-07,Mono,051,14174,1248,1261,16,1277,3
2021-05-07,Monterey,053,433212,43026,42909,1865,44774,380
2021-05-07,Napa,055,140530,9851,9849,36,9885,81
2021-05-07,Nevada,057,99092,4751,4704,187,4891,70
2021-05-07,Orange,059,3164182,254709,253338,11267,264605,5000
2021-05-07,Placer,061,380077,22912,22524,1450,23974,286
2021-05-07,Plumas,063,18699,691,678,10,688,4
2021-05-07,Riverside,065,2383286,293135,287479,13978,301457,4426
2021-05-07,Sacramento,067,1510023,104486,104068,1733,105801,1609
2021-05-07,San Benito,069,59416,6047,6048,114,6162,63
2021-05-07,San Bernardino,071,2135413,292418,291185,8956,300141,4697
2021-05-07,San Diego,073,3302833,278823,277534,14664,292198,3718
2021-05-07,San Francisco,075,870044,36449,36616,1287,37903,543
2021-05-07,San Joaquin,077,732212,72468,71804,3504,75308,1351
2021-05-07,San Luis Obispo,079,281455,21157,20979,728,21707,256
2021-05-07,San Mateo,081,765935,42116,41844,465,42309,424
2021-05-07,Santa Barbara,083,443738,34654,34166,1198,35364,453
2021-05-07,Santa Clara,085,1922200,118037,118691,766,119457,2002
2021-05-07,Santa Cruz,087,273765,16145,16074,814,16888,206
2021-05-07,Shasta,089,179085,12039,12005,1517,13522,200
2021-05-07,Sierra,091,2930,56,54,12,66,0
2021-05-07,Siskiyou,093,43540,1838,1723,328,2051,13
2021-05-07,Solano,095,438530,32446,32352,535,32887,249
2021-05-07,Sonoma,097,501317,29760,29925,322,30247,318
2021-05-07,Stanislaus,099,539301,55671,55407,5874,61281,896
2021-05-07,Sutter,101,95872,9422,9407,82,9489,111
2021-05-07,Tehama,103,63373,5002,4974,566,5540,57
2021-05-07,Trinity,105,12862,483,327,88,415,3
2021-05-07,Tulare,107,460477,49945,48913,8989,57902,837
2021-05-07,Tuolumne,109,53932,4054,4048,39,4087,63
2021-05-07,Ventura,111,848112,81076,80444,2977,83421,1008
2021-05-07,Yolo,113,214977,13866,13875,299,14174,209
2021-05-07,Yuba,115,75493,5958,5910,122,6032,46
2021-05-06,Alameda,001,1643700,87285,87028,1938,88966,1278
2021-05-06,Alpine,003,1148,87,88,0,88,0
2021-05-06,Amador,005,37829,3654,3650,33,3683,46
2021-05-06,Butte,007,227075,12314,11929,1792,13721,198
2021-05-06,Calaveras,009,45235,2116,2111,14,2125,52
2021-05-06,Colusa,011,21464,1934,1935,298,2233,14
2021-05-06,Contra Costa,013,1133247,68678,68076,1246,69322,802
2021-05-06,Del Norte,015,27424,1358,1324,12,1336,6
2021-05-06,El Dorado,017,186661,10112,10048,713,10761,112
2021-05-06,Fresno,019,978130,102177,101536,8664,110200,1680
2021-05-06,Glenn,021,27897,2400,2380,548,2928,17
2021-05-06,Humboldt,023,135768,3967,3898,33,3931,36
2021-05-06,Imperial,025,180216,28439,28311,2793,31104,720
2021-05-06,Inyo,027,18085,1402,1401,11,1412,36
2021-05-06,Kern,029,883053,96841,95801,10721,106522,1307
2021-05-06,Kings,031,150075,23080,22848,1087,23935,246
2021-05-06,Lake,033,64148,3481,3465,9,3474,43
2021-05-06,Lassen,035,31185,5173,5143,107,5250,1
2021-05-06,Los Angeles,037,10098052,1201158,1193954,41552,1235506,23991
2021-05-06,Madera,039,155013,16518,16430,921,17351,238
2021-05-06,Marin,041,260295,13988,13956,251,14207,228
2021-05-06,Mariposa,043,17540,421,419,11,430,5
2021-05-06,Mendocino,045,87422,3868,3802,73,3875,46
2021-05-06,Merced,047,269075,30823,30863,984,31847,444
2021-05-06,Modoc,049,8938,373,360,124,484,3
2021-05-06,Mono,051,14174,1246,1261,16,1277,3
2021-05-06,Monterey,053,433212,43011,42899,1865,44764,379
2021-05-06,Napa,055,140530,9845,9843,36,9879,81
2021-05-06,Nevada,057,99092,4750,4687,187,4874,70
2021-05-06,Orange,059,3164182,254641,253286,11261,264547,4991
2021-05-06,Placer,061,380077,22890,22493,1450,23943,286
2021-05-06,Plumas,063,18699,691,678,10,688,4
2021-05-06,Riverside,065,2383286,293062,287399,13973,301372,4422
2021-05-06,Sacramento,067,1510023,104370,103956,1730,105686,1609
2021-05-06,San Benito,069,59416,6046,6045,114,6159,63
2021-05-06,San Bernardino,071,2135413,292348,291085,8955,300040,4683
2021-05-06,San Diego,073,3302833,278699,277324,14641,291965,3716
2021-05-06,San Francisco,075,870044,36434,36599,1287,37886,543
2021-05-06,San Joaquin,077,732212,72413,71729,3501,75230,1350
2021-05-06,San Luis Obispo,079,281455,21145,20965,726,21691,256
2021-05-06,San Mateo,081,765935,42098,41802,464,42266,424
2021-05-06,Santa Barbara,083,443738,34641,34152,1198,35350,453
2021-05-06,Santa Clara,085,1922200,117996,118591,766,119357,2001
2021-05-06,Santa Cruz,087,273765,16138,16050,814,16864,206
2021-05-06,Shasta,089,179085,12017,11983,1511,13494,199
2021-05-06,Sierra,091,2930,56,54,12,66,0
2021-05-06,Siskiyou,093,43540,1828,1711,327,2038,12
2021-05-06,Solano,095,438530,32420,32320,527,32847,249
2021-05-06,Sonoma,097,501317,29752,29911,322,30233,318
2021-05-06,Stanislaus,099,539301,55614,55323,5870,61193,834
2021-05-06,Sutter,101,95872,9416,9396,82,9478,111
2021-05-06,Tehama,103,63373,4997,4970,566,5536,53
2021-05-06,Trinity,105,12862,483,327,88,415,3
2021-05-06,Tulare,107,460477,49920,48890,8974,57864,836
2021-05-06,Tuolumne,109,53932,4050,4047,39,4086,63
2021-05-06,Ventura,111,848112,81045,80411,2974,83385,1005
2021-05-06,Yolo,113,214977,13858,13871,295,14166,209
2021-05-06,Yuba,115,75493,5946,5901,122,6023,46
2021-05-05,Alameda,001,1643700,87224,86950,1936,88886,1278
2021-05-05,Alpine,003,1148,87,88,0,88,0
2021-05-05,Amador,005,37829,3651,3650,33,3683,46
2021-05-05,Butte,007,227075,12296,11907,1789,13696,198
2021-05-05,Calaveras,009,45235,2112,2103,14,2117,52
2021-05-05,Colusa,011,21464,1933,1933,298,2231,14
2021-05-05,Contra Costa,013,1133247,68613,67997,1241,69238,803
2021-05-05,Del Norte,015,27424,1355,1317,12,1329,6
2021-05-05,El Dorado,017,186661,10101,10020,712,10732,111
2021-05-05,Fresno,019,978130,102128,101491,8655,110146,1680
2021-05-05,Glenn,021,27897,2397,2380,547,2927,17
2021-05-05,Humboldt,023,135768,3948,3886,32,3918,36
2021-05-05,Imperial,025,180216,28398,28295,2786,31081,720
2021-05-05,Inyo,027,18085,1401,1401,11,1412,36
2021-05-05,Kern,029,883053,96797,95753,10717,106470,1304
2021-05-05,Kings,031,150075,23074,22840,1086,23926,246
2021-05-05,Lake,033,64148,3478,3458,9,3467,43
2021-05-05,Lassen,035,31185,5173,5143,106,5249,1
2021-05-05,Los Angeles,037,10098052,1200886,1193608,41539,1235147,23977
2021-05-05,Madera,039,155013,16516,16423,921,17344,235
2021-05-05,Marin,041,260295,13980,13950,250,14200,228
2021-05-05,Mariposa,043,17540,421,418,11,429,5
2021-05-05,Mendocino,045,87422,3864,3799,73,3872,46
2021-05-05,Merced,047,269075,30802,30844,984,31828,444
2021-05-05,Modoc,049,8938,372,361,123,484,3
2021-05-05,Mono,051,14174,1246,1260,16,1276,3
2021-05-05,Monterey,053,433212,42997,42870,1862,44732,379
2021-05-05,Napa,055,140530,9839,9833,36,9869,81
2021-05-05,Nevada,057,99092,4747,4666,187,4853,70
2021-05-05,Orange,059,3164182,254583,253237,11257,264494,4978
2021-05-05,Placer,061,380077,22858,22362,1446,23808,287
2021-05-05,Plumas,063,18699,691,677,10,687,4
2021-05-05,Riverside,065,2383286,292967,287353,13963,301316,4414
2021-05-05,Sacramento,067,1510023,104282,103476,1725,105201,1607
2021-05-05,San Benito,069,59416,6037,6046,114,6160,63
2021-05-05,San Bernardino,071,2135413,292274,291008,8951,299959,4677
2021-05-05,San Diego,073,3302833,278562,277098,14621,291719,3716
2021-05-05,San Francisco,075,870044,36419,36577,1286,37863,543
2021-05-05,San Joaquin,077,732212,72360,71638,3498,75136,1345
2021-05-05,San Luis Obispo,079,281455,21137,20958,726,21684,256
2021-05-05,San Mateo,081,765935,42067,41755,463,42218,415
2021-05-05,Santa Barbara,083,443738,34627,34139,1197,35336,453
2021-05-05,Santa Clara,085,1922200,117966,118482,762,119244,1992
2021-05-05,Santa Cruz,087,273765,16132,16013,814,16827,207
2021-05-05,Shasta,089,179085,12001,11939,1507,13446,200
2021-05-05,Sierra,091,2930,56,54,12,66,0
2021-05-05,Siskiyou,093,43540,1811,1706,319,2025,11
2021-05-05,Solano,095,438530,32385,32250,525,32775,249
2021-05-05,Sonoma,097,501317,29739,29879,322,30201,318
2021-05-05,Stanislaus,099,539301,55556,55231,5868,61099,807
2021-05-05,Sutter,101,95872,9410,9387,82,9469,111
2021-05-05,Tehama,103,63373,4994,4968,566,5534,53
2021-05-05,Trinity,105,12862,483,326,88,414,3
2021-05-05,Tulare,107,460477,49896,48875,8967,57842,835
2021-05-05,Tuolumne,109,53932,4047,4040,39,4079,63
2021-05-05,Ventura,111,848112,81017,80372,2970,83342,1005
2021-05-05,Yolo,113,214977,13854,13846,293,14139,209
2021-05-05,Yuba,115,75493,5936,5895,121,6016,44
2021-05-04,Alameda,001,1643700,87132,86894,1936,88830,1277
2021-05-04,Alpine,003,1148,87,88,0,88,0
2021-05-04,Amador,005,37829,3651,3650,33,3683,46
2021-05-04,Butte,007,227075,12272,11883,1787,13670,198
2021-05-04,Calaveras,009,45235,2107,2100,14,2114,52
2021-05-04,Colusa,011,21464,1932,1933,298,2231,14
2021-05-04,Contra Costa,013,1133247,68534,67931,1238,69169,799
2021-05-04,Del Norte,015,27424,1355,1314,12,1326,6
2021-05-04,El Dorado,017,186661,10090,10009,708,10717,110
2021-05-04,Fresno,019,978130,102073,101451,8648,110099,1677
2021-05-04,Glenn,021,27897,2394,2379,544,2923,17
2021-05-04,Humboldt,023,135768,3922,3877,32,3909,36
2021-05-04,Imperial,025,180216,28378,28276,2782,31058,720
2021-05-04,Inyo,027,18085,1401,1399,11,1410,36
2021-05-04,Kern,029,883053,96761,95720,10699,106419,1301
2021-05-04,Kings,031,150075,23060,22822,1083,23905,246
2021-05-04,Lake,033,64148,3477,3454,9,3463,43
2021-05-04,Lassen,035,31185,5172,5142,106,5248,1
2021-05-04,Los Angeles,037,10098052,1200598,1193453,41527,1234980,23957
2021-05-04,Madera,039,155013,16515,16418,921,17339,235
2021-05-04,Marin,041,260295,13972,13935,250,14185,228
2021-05-04,Mariposa,043,17540,421,418,11,429,5
2021-05-04,Mendocino,045,87422,3859,3794,73,3867,46
2021-05-04,Merced,047,269075,30785,30829,984,31813,444
2021-05-04,Modoc,049,8938,371,360,122,482,3
2021-05-04,Mono,051,14174,1246,1260,16,1276,3
2021-05-04,Monterey,053,433212,42985,42845,1861,44706,380
2021-05-04,Napa,055,140530,9830,9824,36,9860,81
2021-05-04,Nevada,057,99092,4740,4656,187,4843,70
2021-05-04,Orange,059,3164182,254516,253177,11247,264424,4977
2021-05-04,Placer,061,380077,22829,22326,1443,23769,287
2021-05-04,Plumas,063,18699,690,675,10,685,4
2021-05-04,Riverside,065,2383286,292883,287285,13956,301241,4411
2021-05-04,Sacramento,067,1510023,104153,103383,1720,105103,1604
2021-05-04,San Benito,069,59416,6036,6039,114,6153,63
2021-05-04,San Bernardino,071,2135413,292197,290934,8944,299878,4668
2021-05-04,San Diego,073,3302833,278396,276879,14604,291483,3713
2021-05-04,San Francisco,075,870044,36401,36550,1286,37836,541
2021-05-04,San Joaquin,077,732212,72299,71582,3493,75075,1342
2021-05-04,San Luis Obispo,079,281455,21131,20923,724,21647,255
2021-05-04,San Mateo,081,765935,42041,41708,463,42171,415
2021-05-04,Santa Barbara,083,443738,34611,34131,1196,35327,453
2021-05-04,Santa Clara,085,1922200,117903,118431,761,119192,1988
2021-05-04,Santa Cruz,087,273765,16126,16005,814,16819,207
2021-05-04,Shasta,089,179085,11981,11923,1501,13424,198
2021-05-04,Sierra,091,2930,56,54,12,66,0
2021-05-04,Siskiyou,093,43540,1804,1694,317,2011,11
2021-05-04,Solano,095,438530,32344,32220,523,32743,249
2021-05-04,Sonoma,097,501317,29719,29867,321,30188,318
2021-05-04,Stanislaus,099,539301,55500,55165,5865,61030,807
2021-05-04,Sutter,101,95872,9405,9375,82,9457,111
2021-05-04,Tehama,103,63373,4992,4959,565,5524,53
2021-05-04,Trinity,105,12862,483,326,88,414,3
2021-05-04,Tulare,107,460477,49869,48857,8958,57815,835
2021-05-04,Tuolumne,109,53932,4045,4041,39,4080,61
2021-05-04,Ventura,111,848112,80988,80351,2968,83319,1005
2021-05-04,Yolo,113,214977,13841,13820,291,14111,208
2021-05-04,Yuba,115,75493,5930,5891,121,6012,44
2021-05-03,Alameda,001,1643700,87055,86845,1930,88775,1272
2021-05-03,Alpine,003,1148,87,88,0,88,0
2021-05-03,Amador,005,37829,3651,3651,33,3684,46
2021-05-03,Butte,007,227075,12262,11864,1784,13648,198
2021-05-03,Calaveras,009,45235,2106,2099,14,2113,50
2021-05-03,Colusa,011,21464,1931,1931,296,2227,14
2021-05-03,Contra Costa,013,1133247,68475,67895,1234,69129,799
2021-05-03,Del Norte,015,27424,1350,1306,11,1317,6
2021-05-03,El Dorado,017,186661,10072,9984,703,10687,110
2021-05-03,Fresno,019,978130,102018,101405,8637,110042,1678
2021-05-03,Glenn,021,27897,2394,2375,543,2918,17
2021-05-03,Humboldt,023,135768,3907,3865,32,3897,36
2021-05-03,Imperial,025,180216,28356,28280,2779,31059,720
2021-05-03,Inyo,027,18085,1400,1398,11,1409,36
2021-05-03,Kern,029,883053,96724,95693,10687,106380,1299
2021-05-03,Kings,031,150075,23051,22821,1083,23904,246
2021-05-03,Lake,033,64148,3475,3446,9,3455,43
2021-05-03,Lassen,035,31185,5171,5142,106,5248,1
2021-05-03,Los Angeles,037,10098052,1200330,1193261,41501,1234762,23942
2021-05-03,Madera,039,155013,16510,16414,920,17334,235
2021-05-03,Marin,041,260295,13966,13927,250,14177,228
2021-05-03,Mariposa,043,17540,421,418,11,429,5
2021-05-03,Mendocino,045,87422,3852,3792,73,3865,46
2021-05-03,Merced,047,269075,30774,30814,982,31796,444
2021-05-03,Modoc,049,8938,371,360,122,482,3
2021-05-03,Mono,051,14174,1246,1259,16,1275,3
2021-05-03,Monterey,053,433212,42974,42837,1859,44696,380
2021-05-03,Napa,055,140530,9825,9815,36,9851,81
2021-05-03,Nevada,057,99092,4732,4650,187,4837,70
2021-05-03,Orange,059,3164182,254457,253107,11238,264345,4968
2021-05-03,Placer,061,380077,22798,22289,1437,23726,287
2021-05-03,Plumas,063,18699,689,675,10,685,4
2021-05-03,Riverside,065,2383286,292809,287233,13955,301188,4412
2021-05-03,Sacramento,067,1510023,104000,103303,1710,105013,1602
2021-05-03,San Benito,069,59416,6035,6038,114,6152,63
2021-05-03,San Bernardino,071,2135413,292129,290886,8941,299827,4659
2021-05-03,San Diego,073,3302833,278233,276693,14579,291272,3712
2021-05-03,San Francisco,075,870044,36375,36538,1286,37824,541
2021-05-03,San Joaquin,077,732212,72248,71504,3490,74994,1325
2021-05-03,San Luis Obispo,079,281455,21115,20915,721,21636,254
2021-05-03,San Mateo,081,765935,42018,41689,462,42151,413
2021-05-03,Santa Barbara,083,443738,34599,34119,1196,35315,453
2021-05-03,Santa Clara,085,1922200,117849,118373,760,119133,1988
2021-05-03,Santa Cruz,087,273765,16123,16000,814,16814,207
2021-05-03,Shasta,089,179085,11958,11890,1496,13386,197
2021-05-03,Sierra,091,2930,56,54,12,66,0
2021-05-03,Siskiyou,093,43540,1798,1683,311,1994,11
2021-05-03,Solano,095,438530,32303,32201,522,32723,249
2021-05-03,Sonoma,097,501317,29707,29855,318,30173,318
2021-05-03,Stanislaus,099,539301,55434,55116,5856,60972,774
2021-05-03,Sutter,101,95872,9393,9370,82,9452,111
2021-05-03,Tehama,103,63373,4983,4952,565,5517,53
2021-05-03,Trinity,105,12862,483,326,88,414,3
2021-05-03,Tulare,107,460477,49852,48844,8948,57792,835
2021-05-03,Tuolumne,109,53932,4044,4038,39,4077,61
2021-05-03,Ventura,111,848112,80966,80291,2968,83259,1005
2021-05-03,Yolo,113,214977,13828,13809,289,14098,208
2021-05-03,Yuba,115,75493,5925,5880,121,6001,44
2021-05-02,Alameda,001,1643700,86970,86784,1929,88713,1272
2021-05-02,Alpine,003,1148,87,88,0,88,0
2021-05-02,Amador,005,37829,3651,3650,33,3683,46
2021-05-02,Butte,007,227075,12238,11859,1781,13640,198
2021-05-02,Calaveras,009,45235,2102,2098,14,2112,50
2021-05-02,Colusa,011,21464,1930,1931,295,2226,14
2021-05-02,Contra Costa,013,1133247,68389,67843,1231,69074,800
2021-05-02,Del Norte,015,27424,1343,1305,11,1316,6
2021-05-02,El Dorado,017,186661,10057,9962,702,10664,110
2021-05-02,Fresno,019,978130,101947,101372,8626,109998,1678
2021-05-02,Glenn,021,27897,2393,2374,541,2915,17
2021-05-02,Humboldt,023,135768,3895,3858,31,3889,36
2021-05-02,Imperial,025,180216,28322,28275,2769,31044,721
2021-05-02,Inyo,027,18085,1398,1398,11,1409,36
2021-05-02,Kern,029,883053,96666,95668,10680,106348,1299
2021-05-02,Kings,031,150075,23033,22816,1082,23898,246
2021-05-02,Lake,033,64148,3473,3443,9,3452,43
2021-05-02,Lassen,035,31185,5170,5142,105,5247,1
2021-05-02,Los Angeles,037,10098052,1199980,1193056,41478,1234534,23943
2021-05-02,Madera,039,155013,16504,16410,920,17330,235
2021-05-02,Marin,041,260295,13956,13917,250,14167,228
2021-05-02,Mariposa,043,17540,421,419,11,430,5
2021-05-02,Mendocino,045,87422,3847,3787,73,3860,46
2021-05-02,Merced,047,269075,30752,30793,980,31773,444
2021-05-02,Modoc,049,8938,370,360,122,482,3
2021-05-02,Mono,051,14174,1245,1259,16,1275,3
2021-05-02,Monterey,053,433212,42960,42837,1858,44695,380
2021-05-02,Napa,055,140530,9821,9805,36,9841,81
2021-05-02,Nevada,057,99092,4716,4635,187,4822,70
2021-05-02,Orange,059,3164182,254382,253025,11225,264250,4968
2021-05-02,Placer,061,380077,22769,22264,1434,23698,287
2021-05-02,Plumas,063,18699,689,675,10,685,4
2021-05-02,Riverside,065,2383286,292709,287197,13945,301142,4412
2021-05-02,Sacramento,067,1510023,103861,103153,1703,104856,1602
2021-05-02,San Benito,069,59416,6030,6037,114,6151,63
2021-05-02,San Bernardino,071,2135413,292030,290859,8939,299798,4655
2021-05-02,San Diego,073,3302833,278036,276521,14552,291073,3712
2021-05-02,San Francisco,075,870044,36349,36522,1286,37808,541
2021-05-02,San Joaquin,077,732212,72184,71447,3483,74930,1325
2021-05-02,San Luis Obispo,079,281455,21095,20910,720,21630,254
2021-05-02,San Mateo,081,765935,42002,41656,461,42117,412
2021-05-02,Santa Barbara,083,443738,34585,34106,1196,35302,453
2021-05-02,Santa Clara,085,1922200,117775,118321,760,119081,1988
2021-05-02,Santa Cruz,087,273765,16118,15995,813,16808,207
2021-05-02,Shasta,089,179085,11942,11885,1488,13373,197
2021-05-02,Sierra,091,2930,56,54,12,66,0
2021-05-02,Siskiyou,093,43540,1787,1661,310,1971,11
2021-05-02,Solano,095,438530,32264,32151,518,32669,249
2021-05-02,Sonoma,097,501317,29685,29842,318,30160,318
2021-05-02,Stanislaus,099,539301,55361,55057,5849,60906,774
2021-05-02,Sutter,101,95872,9386,9363,82,9445,111
2021-05-02,Tehama,103,63373,4978,4950,563,5513,53
2021-05-02,Trinity,105,12862,483,326,88,414,3
2021-05-02,Tulare,107,460477,49834,48834,8940,57774,835
2021-05-02,Tuolumne,109,53932,4041,4038,39,4077,61
2021-05-02,Ventura,111,848112,80929,80284,2967,83251,1005
2021-05-02,Yolo,113,214977,13816,13799,288,14087,208
2021-05-02,Yuba,115,75493,5915,5879,121,6000,44
2021-05-01,Alameda,001,1643700,86927,86704,1926,88630,1270
2021-05-01,Alpine,003,1148,87,88,0,88,0
2021-05-01,Amador,005,37829,3651,3650,33,3683,46
2021-05-01,Butte,007,227075,12224,11845,1776,13621,198
2021-05-01,Calaveras,009,45235,2100,2096,14,2110,50
2021-05-01,Colusa,011,21464,1929,1931,295,2226,14
2021-05-01,Contra Costa,013,1133247,68337,67779,1228,69007,800
2021-05-01,Del Norte,015,27424,1342,1292,11,1303,6
2021-05-01,El Dorado,017,186661,10043,9944,700,10644,110
2021-05-01,Fresno,019,978130,101902,101326,8620,109946,1678
2021-05-01,Glenn,021,27897,2390,2369,540,2909,17
2021-05-01,Humboldt,023,135768,3881,3845,31,3876,36
2021-05-01,Imperial,025,180216,28315,28262,2769,31031,721
2021-05-01,Inyo,027,18085,1398,1397,11,1408,36
2021-05-01,Kern,029,883053,96639,95645,10668,106313,1299
2021-05-01,Kings,031,150075,23030,22797,1081,23878,246
2021-05-01,Lake,033,64148,3471,3441,9,3450,43
2021-05-01,Lassen,035,31185,5168,5142,105,5247,1
2021-05-01,Los Angeles,037,10098052,1199811,1192781,41463,1234244,23946
2021-05-01,Madera,039,155013,16500,16408,920,17328,235
2021-05-01,Marin,041,260295,13949,13902,250,14152,228
2021-05-01,Mariposa,043,17540,421,418,11,429,5
2021-05-01,Mendocino,045,87422,3845,3782,73,3855,46
2021-05-01,Merced,047,269075,30734,30771,980,31751,444
2021-05-01,Modoc,049,8938,370,361,122,483,3
2021-05-01,Mono,051,14174,1245,1258,16,1274,3
2021-05-01,Monterey,053,433212,42954,42828,1858,44686,379
2021-05-01,Napa,055,140530,9818,9800,36,9836,81
2021-05-01,Nevada,057,99092,4711,4625,187,4812,70
2021-05-01,Orange,059,3164182,254339,252969,11214,264183,4964
2021-05-01,Placer,061,380077,22743,22240,1432,23672,287
2021-05-01,Plumas,063,18699,688,675,10,685,4
2021-05-01,Riverside,065,2383286,292670,287129,13943,301072,4412
2021-05-01,Sacramento,067,1510023,103780,103043,1702,104745,1602
2021-05-01,San Benito,069,59416,6027,6030,114,6144,63
2021-05-01,San Bernardino,071,2135413,291987,290802,8937,299739,4652
2021-05-01,San Diego,073,3302833,277912,276367,14531,290898,3706
2021-05-01,San Francisco,075,870044,36334,36496,1286,37782,541
2021-05-01,San Joaquin,077,732212,72136,71389,3481,74870,1325
2021-05-01,San Luis Obispo,079,281455,21090,20896,720,21616,254
2021-05-01,San Mateo,081,765935,41973,41617,460,42077,411
2021-05-01,Santa Barbara,083,443738,34580,34085,1195,35280,453
2021-05-01,Santa Clara,085,1922200,117723,118265,758,119023,1988
2021-05-01,Santa Cruz,087,273765,16115,15984,813,16797,207
2021-05-01,Shasta,089,179085,11922,11878,1480,13358,197
2021-05-01,Sierra,091,2930,56,53,12,65,0
2021-05-01,Siskiyou,093,43540,1779,1653,309,1962,11
2021-05-01,Solano,095,438530,32234,32124,510,32634,249
2021-05-01,Sonoma,097,501317,29682,29835,318,30153,318
2021-05-01,Stanislaus,099,539301,55326,55005,5843,60848,774
2021-05-01,Sutter,101,95872,9383,9358,82,9440,110
2021-05-01,Tehama,103,63373,4977,4950,562,5512,53
2021-05-01,Trinity,105,12862,483,326,87,413,3
2021-05-01,Tulare,107,460477,49827,48818,8934,57752,835
2021-05-01,Tuolumne,109,53932,4035,4035,39,4074,61
2021-05-01,Ventura,111,848112,80911,80268,2967,83235,1005
2021-05-01,Yolo,113,214977,13809,13784,286,14070,208
2021-05-01,Yuba,115,75493,5913,5875,121,5996,44
2021-04-30,Alameda,001,1643700,86866,86602,1923,88525,1268
2021-04-30,Alpine,003,1148,87,88,0,88,0
2021-04-30,Amador,005,37829,3649,3650,33,3683,46
2021-04-30,Butte,007,227075,12205,11812,1772,13584,197
2021-04-30,Calaveras,009,45235,2099,2087,14,2101,50
2021-04-30,Colusa,011,21464,1929,1931,294,2225,14
2021-04-30,Contra Costa,013,1133247,68289,67684,1225,68909,800
2021-04-30,Del Norte,015,27424,1330,1276,11,1287,6
2021-04-30,El Dorado,017,186661,10029,9906,700,10606,110
2021-04-30,Fresno,019,978130,101856,101263,8616,109879,1670
2021-04-30,Glenn,021,27897,2389,2369,540,2909,17
2021-04-30,Humboldt,023,135768,3868,3834,31,3865,36
2021-04-30,Imperial,025,180216,28306,28244,2766,31010,721
2021-04-30,Inyo,027,18085,1398,1397,11,1408,36
2021-04-30,Kern,029,883053,96622,95605,10664,106269,1298
2021-04-30,Kings,031,150075,23027,22793,1080,23873,246
2021-04-30,Lake,033,64148,3467,3440,9,3449,43
2021-04-30,Lassen,035,31185,5167,5140,105,5245,1
2021-04-30,Los Angeles,037,10098052,1199601,1192393,41450,1233843,23919
2021-04-30,Madera,039,155013,16494,16395,920,17315,235
2021-04-30,Marin,041,260295,13941,13895,248,14143,228
2021-04-30,Mariposa,043,17540,421,417,11,428,5
2021-04-30,Mendocino,045,87422,3841,3777,73,3850,46
2021-04-30,Merced,047,269075,30721,30740,979,31719,444
2021-04-30,Modoc,049,8938,369,360,122,482,3
2021-04-30,Mono,051,14174,1245,1258,16,1274,3
2021-04-30,Monterey,053,433212,42940,42810,1857,44667,379
2021-04-30,Napa,055,140530,9814,9792,36,9828,81
2021-04-30,Nevada,057,99092,4703,4608,187,4795,70
2021-04-30,Orange,059,3164182,254282,252883,11208,264091,4956
2021-04-30,Placer,061,380077,22724,22190,1428,23618,287
2021-04-30,Plumas,063,18699,688,677,10,687,4
2021-04-30,Riverside,065,2383286,292612,287030,13936,300966,4412
2021-04-30,Sacramento,067,1510023,103679,102864,1698,104562,1596
2021-04-30,San Benito,069,59416,6023,6024,113,6137,63
2021-04-30,San Bernardino,071,2135413,291926,290704,8936,299640,4640
2021-04-30,San Diego,073,3302833,277818,276157,14520,290677,3702
2021-04-30,San Francisco,075,870044,36323,36453,1285,37738,538
2021-04-30,San Joaquin,077,732212,72084,71311,3478,74789,1306
2021-04-30,San Luis Obispo,079,281455,21084,20884,720,21604,255
2021-04-30,San Mateo,081,765935,41958,41583,459,42042,380
2021-04-30,Santa Barbara,083,443738,34567,34061,1195,35256,451
2021-04-30,Santa Clara,085,1922200,117665,118170,754,118924,1988
2021-04-30,Santa Cruz,087,273765,16110,15975,813,16788,207
2021-04-30,Shasta,089,179085,11901,11848,1477,13325,197
2021-04-30,Sierra,091,2930,56,53,12,65,0
2021-04-30,Siskiyou,093,43540,1768,1628,306,1934,11
2021-04-30,Solano,095,438530,32202,32050,507,32557,249
2021-04-30,Sonoma,097,501317,29672,29816,316,30132,318
2021-04-30,Stanislaus,099,539301,55275,54938,5840,60778,774
2021-04-30,Sutter,101,95872,9381,9353,82,9435,110
2021-04-30,Tehama,103,63373,4975,4944,562,5506,53
2021-04-30,Trinity,105,12862,483,326,87,413,3
2021-04-30,Tulare,107,460477,49817,48797,8918,57715,836
2021-04-30,Tuolumne,109,53932,4034,4033,39,4072,61
2021-04-30,Ventura,111,848112,80871,80232,2962,83194,1004
2021-04-30,Yolo,113,214977,13797,13756,286,14042,208
2021-04-30,Yuba,115,75493,5905,5870,121,5991,44
2021-04-29,Alameda,001,1643700,86800,86490,1921,88411,1263
2021-04-29,Alpine,003,1148,87,88,0,88,0
2021-04-29,Amador,005,37829,3649,3649,33,3682,46
2021-04-29,Butte,007,227075,12190,11787,1770,13557,196
2021-04-29,Calaveras,009,45235,2096,2082,14,2096,50
2021-04-29,Colusa,011,21464,1929,1929,294,2223,14
2021-04-29,Contra Costa,013,1133247,68234,67606,1222,68828,795
2021-04-29,Del Norte,015,27424,1326,1271,11,1282,6
2021-04-29,El Dorado,017,186661,10009,9884,697,10581,107
2021-04-29,Fresno,019,978130,101802,101189,8605,109794,1667
2021-04-29,Glenn,021,27897,2386,2369,540,2909,17
2021-04-29,Humboldt,023,135768,3854,3815,31,3846,36
2021-04-29,Imperial,025,180216,28294,28235,2765,31000,720
2021-04-29,Inyo,027,18085,1398,1396,11,1407,36
2021-04-29,Kern,029,883053,96589,95547,10660,106207,1295
2021-04-29,Kings,031,150075,23017,22777,1075,23852,245
2021-04-29,Lake,033,64148,3459,3438,9,3447,43
2021-04-29,Lassen,035,31185,5167,5140,105,5245,1
2021-04-29,Los Angeles,037,10098052,1199323,1192068,41429,1233497,23899
2021-04-29,Madera,039,155013,16489,16383,919,17302,235
2021-04-29,Marin,041,260295,13937,13884,240,14124,228
2021-04-29,Mariposa,043,17540,420,416,11,427,5
2021-04-29,Mendocino,045,87422,3835,3774,73,3847,46
2021-04-29,Merced,047,269075,30701,30706,979,31685,444
2021-04-29,Modoc,049,8938,369,360,122,482,3
2021-04-29,Mono,051,14174,1243,1259,16,1275,3
2021-04-29,Monterey,053,433212,42923,42797,1856,44653,379
2021-04-29,Napa,055,140530,9800,9789,36,9825,81
2021-04-29,Nevada,057,99092,4692,4590,187,4777,70
2021-04-29,Orange,059,3164182,254212,252823,11193,264016,4934
2021-04-29,Placer,061,380077,22699,22161,1426,23587,286
2021-04-29,Plumas,063,18699,687,676,10,686,4
2021-04-29,Riverside,065,2383286,292544,286947,13933,300880,4409
2021-04-29,Sacramento,067,1510023,103546,102686,1688,104374,1593
2021-04-29,San Benito,069,59416,6022,6023,113,6136,63
2021-04-29,San Bernardino,071,2135413,291854,290606,8931,299537,4609
2021-04-29,San Diego,073,3302833,277668,275961,14503,290464,3700
2021-04-29,San Francisco,075,870044,36297,36412,1285,37697,537
2021-04-29,San Joaquin,077,732212,72018,71225,3473,74698,1301
2021-04-29,San Luis Obispo,079,281455,21073,20876,720,21596,255
2021-04-29,San Mateo,081,765935,41930,41538,458,41996,358
2021-04-29,Santa Barbara,083,443738,34551,34039,1193,35232,448
2021-04-29,Santa Clara,085,1922200,117610,118082,751,118833,1984
2021-04-29,Santa Cruz,087,273765,16104,15961,813,16774,205
2021-04-29,Shasta,089,179085,11870,11836,1469,13305,193
2021-04-29,Sierra,091,2930,56,53,12,65,0
2021-04-29,Siskiyou,093,43540,1759,1615,303,1918,11
2021-04-29,Solano,095,438530,32161,32002,503,32505,248
2021-04-29,Sonoma,097,501317,29657,29785,313,30098,318
2021-04-29,Stanislaus,099,539301,55208,54836,5835,60671,774
2021-04-29,Sutter,101,95872,9374,9346,82,9428,110
2021-04-29,Tehama,103,63373,4967,4939,562,5501,53
2021-04-29,Trinity,105,12862,483,326,87,413,3
2021-04-29,Tulare,107,460477,49799,48785,8906,57691,832
2021-04-29,Tuolumne,109,53932,4033,4030,39,4069,58
2021-04-29,Ventura,111,848112,80837,80188,2960,83148,1002
2021-04-29,Yolo,113,214977,13777,13745,285,14030,205
2021-04-29,Yuba,115,75493,5895,5865,121,5986,44
2021-04-28,Alameda,001,1643700,86728,86390,1917,88307,1260
2021-04-28,Alpine,003,1148,87,88,0,88,0
2021-04-28,Amador,005,37829,3649,3646,33,3679,46
2021-04-28,Butte,007,227075,12170,11762,1765,13527,196
2021-04-28,Calaveras,009,45235,2092,2078,13,2091,50
2021-04-28,Colusa,011,21464,1926,1927,293,2220,14
2021-04-28,Contra Costa,013,1133247,68174,67539,1221,68760,795
2021-04-28,Del Norte,015,27424,1318,1267,11,1278,6
2021-04-28,El Dorado,017,186661,9985,9873,697,10570,107
2021-04-28,Fresno,019,978130,101755,101161,8595,109756,1666
2021-04-28,Glenn,021,27897,2383,2368,540,2908,17
2021-04-28,Humboldt,023,135768,3838,3796,31,3827,36
2021-04-28,Imperial,025,180216,28280,28177,2764,30941,720
2021-04-28,Inyo,027,18085,1398,1396,10,1406,36
2021-04-28,Kern,029,883053,96559,95494,10651,106145,1295
2021-04-28,Kings,031,150075,23005,22767,1073,23840,245
2021-04-28,Lake,033,64148,3456,3433,9,3442,43
2021-04-28,Lassen,035,31185,5167,5138,105,5243,1
2021-04-28,Los Angeles,037,10098052,1199027,1191729,41403,1233132,23858
2021-04-28,Madera,039,155013,16485,16372,919,17291,235
2021-04-28,Marin,041,260295,13926,13866,240,14106,227
2021-04-28,Mariposa,043,17540,417,415,11,426,5
2021-04-28,Mendocino,045,87422,3829,3770,71,3841,46
2021-04-28,Merced,047,269075,30682,30649,979,31628,443
2021-04-28,Modoc,049,8938,369,360,122,482,3
2021-04-28,Mono,051,14174,1243,1258,16,1274,3
2021-04-28,Monterey,053,433212,42918,42776,1856,44632,379
2021-04-28,Napa,055,140530,9789,9777,36,9813,81
2021-04-28,Nevada,057,99092,4672,4570,187,4757,70
2021-04-28,Orange,059,3164182,254132,252747,11180,263927,4931
2021-04-28,Placer,061,380077,22672,22115,1425,23540,285
2021-04-28,Plumas,063,18699,687,676,10,686,4
2021-04-28,Riverside,065,2383286,292488,286868,13927,300795,4407
2021-04-28,Sacramento,067,1510023,103424,102613,1684,104297,1591
2021-04-28,San Benito,069,59416,6020,6021,113,6134,63
2021-04-28,San Bernardino,071,2135413,291775,290548,8921,299469,4582
2021-04-28,San Diego,073,3302833,277513,275821,14489,290310,3698
2021-04-28,San Francisco,075,870044,36267,36382,1284,37666,534
2021-04-28,San Joaquin,077,732212,71938,71171,3465,74636,1301
2021-04-28,San Luis Obispo,079,281455,21065,20851,720,21571,255
2021-04-28,San Mateo,081,765935,41905,41498,456,41954,358
2021-04-28,Santa Barbara,083,443738,34537,34003,1193,35196,448
2021-04-28,Santa Clara,085,1922200,117541,117997,748,118745,1969
2021-04-28,Santa Cruz,087,273765,16100,15943,812,16755,205
2021-04-28,Shasta,089,179085,11854,11815,1462,13277,192
2021-04-28,Sierra,091,2930,56,51,12,63,0
2021-04-28,Siskiyou,093,43540,1746,1603,301,1904,11
2021-04-28,Solano,095,438530,32129,31982,498,32480,248
2021-04-28,Sonoma,097,501317,29643,29773,309,30082,318
2021-04-28,Stanislaus,099,539301,55152,54745,5832,60577,774
2021-04-28,Sutter,101,95872,9369,9343,82,9425,110
2021-04-28,Tehama,103,63373,4961,4930,561,5491,53
2021-04-28,Trinity,105,12862,483,326,87,413,3
2021-04-28,Tulare,107,460477,49781,48754,8891,57645,832
2021-04-28,Tuolumne,109,53932,4030,4029,39,4068,58
2021-04-28,Ventura,111,848112,80802,80172,2958,83130,1000
2021-04-28,Yolo,113,214977,13762,13721,284,14005,205
2021-04-28,Yuba,115,75493,5889,5857,121,5978,44
2021-04-27,Alameda,001,1643700,86636,86301,1911,88212,1260
2021-04-27,Alpine,003,1148,87,88,0,88,0
2021-04-27,Amador,005,37829,3649,3645,33,3678,46
2021-04-27,Butte,007,227075,12145,11738,1759,13497,196
2021-04-27,Calaveras,009,45235,2091,2076,13,2089,50
2021-04-27,Colusa,011,21464,1925,1926,293,2219,14
2021-04-27,Contra Costa,013,1133247,68105,67470,1217,68687,791
2021-04-27,Del Norte,015,27424,1306,1266,11,1277,6
2021-04-27,El Dorado,017,186661,9956,9866,694,10560,106
2021-04-27,Fresno,019,978130,101690,101138,8585,109723,1663
2021-04-27,Glenn,021,27897,2383,2368,540,2908,17
2021-04-27,Humboldt,023,135768,3826,3780,31,3811,35
2021-04-27,Imperial,025,180216,28264,28149,2758,30907,720
2021-04-27,Inyo,027,18085,1398,1396,10,1406,36
2021-04-27,Kern,029,883053,96502,95466,10640,106106,1295
2021-04-27,Kings,031,150075,22990,22759,1071,23830,244
2021-04-27,Lake,033,64148,3455,3431,9,3440,43
2021-04-27,Lassen,035,31185,5167,5137,105,5242,1
2021-04-27,Los Angeles,037,10098052,1198704,1191504,41373,1232877,23825
2021-04-27,Madera,039,155013,16478,16365,919,17284,235
2021-04-27,Marin,041,260295,13904,13855,240,14095,227
2021-04-27,Mariposa,043,17540,416,413,11,424,5
2021-04-27,Mendocino,045,87422,3825,3765,71,3836,46
2021-04-27,Merced,047,269075,30642,30620,979,31599,443
2021-04-27,Modoc,049,8938,368,360,122,482,3
2021-04-27,Mono,051,14174,1243,1257,16,1273,3
2021-04-27,Monterey,053,433212,42900,42752,1853,44605,379
2021-04-27,Napa,055,140530,9782,9774,34,9808,81
2021-04-27,Nevada,057,99092,4657,4557,187,4744,70
2021-04-27,Orange,059,3164182,254063,252667,11175,263842,4925
2021-04-27,Placer,061,380077,22641,22050,1422,23472,285
2021-04-27,Plumas,063,18699,686,675,10,685,4
2021-04-27,Riverside,065,2383286,292412,286820,13923,300743,4405
2021-04-27,Sacramento,067,1510023,103295,102595,1674,104269,1589
2021-04-27,San Benito,069,59416,6015,6016,113,6129,63
2021-04-27,San Bernardino,071,2135413,291707,290461,8916,299377,4575
2021-04-27,San Diego,073,3302833,277356,275685,14469,290154,3692
2021-04-27,San Francisco,075,870044,36239,36358,1283,37641,533
2021-04-27,San Joaquin,077,732212,71885,71104,3459,74563,1301
2021-04-27,San Luis Obispo,079,281455,21058,20841,720,21561,255
2021-04-27,San Mateo,081,765935,41870,41474,455,41929,358
2021-04-27,Santa Barbara,083,443738,34514,33973,1192,35165,448
2021-04-27,Santa Clara,085,1922200,117491,117945,747,118692,1969
2021-04-27,Santa Cruz,087,273765,16093,15905,811,16716,205
2021-04-27,Shasta,089,179085,11827,11802,1455,13257,192
2021-04-27,Sierra,091,2930,56,51,12,63,0
2021-04-27,Siskiyou,093,43540,1731,1597,300,1897,11
2021-04-27,Solano,095,438530,32081,31964,497,32461,248
2021-04-27,Sonoma,097,501317,29625,29761,308,30069,318
2021-04-27,Stanislaus,099,539301,55082,54695,5824,60519,752
2021-04-27,Sutter,101,95872,9364,9342,82,9424,110
2021-04-27,Tehama,103,63373,4958,4922,557,5479,53
2021-04-27,Trinity,105,12862,483,326,87,413,3
2021-04-27,Tulare,107,460477,49765,48744,8882,57626,832
2021-04-27,Tuolumne,109,53932,4027,4028,39,4067,58
2021-04-27,Ventura,111,848112,80773,80152,2956,83108,1000
2021-04-27,Yolo,113,214977,13749,13697,282,13979,205
2021-04-27,Yuba,115,75493,5889,5853,121,5974,44
2021-04-26,Alameda,001,1643700,86545,86230,1908,88138,1256
2021-04-26,Alpine,003,1148,87,88,0,88,0
2021-04-26,Amador,005,37829,3648,3645,33,3678,46
2021-04-26,Butte,007,227075,12121,11720,1755,13475,196
2021-04-26,Calaveras,009,45235,2086,2074,13,2087,50
2021-04-26,Colusa,011,21464,1925,1925,292,2217,14
2021-04-26,Contra Costa,013,1133247,68037,67392,1213,68605,789
2021-04-26,Del Norte,015,27424,1297,1263,11,1274,6
2021-04-26,El Dorado,017,186661,9935,9849,693,10542,106
2021-04-26,Fresno,019,978130,101635,101099,8571,109670,1662
2021-04-26,Glenn,021,27897,2381,2367,540,2907,17
2021-04-26,Humboldt,023,135768,3816,3764,30,3794,35
2021-04-26,Imperial,025,180216,28251,28148,2754,30902,720
2021-04-26,Inyo,027,18085,1397,1396,10,1406,36
2021-04-26,Kern,029,883053,96475,95429,10634,106063,1295
2021-04-26,Kings,031,150075,22987,22756,1068,23824,244
2021-04-26,Lake,033,64148,3450,3428,9,3437,43
2021-04-26,Lassen,035,31185,5167,5138,105,5243,1
2021-04-26,Los Angeles,037,10098052,1198377,1191253,41354,1232607,23802
2021-04-26,Madera,039,155013,16466,16353,918,17271,231
2021-04-26,Marin,041,260295,13889,13849,240,14089,227
2021-04-26,Mariposa,043,17540,415,410,11,421,5
2021-04-26,Mendocino,045,87422,3823,3757,71,3828,46
2021-04-26,Merced,047,269075,30625,30611,976,31587,443
2021-04-26,Modoc,049,8938,368,360,122,482,3
2021-04-26,Mono,051,14174,1243,1258,16,1274,3
2021-04-26,Monterey,053,433212,42884,42740,1852,44592,379
2021-04-26,Napa,055,140530,9770,9769,34,9803,79
2021-04-26,Nevada,057,99092,4636,4548,187,4735,70
2021-04-26,Orange,059,3164182,253979,252592,11164,263756,4919
2021-04-26,Placer,061,380077,22612,22032,1417,23449,285
2021-04-26,Plumas,063,18699,686,670,10,680,4
2021-04-26,Riverside,065,2383286,292350,286724,13915,300639,4401
2021-04-26,Sacramento,067,1510023,103123,102459,1661,104120,1587
2021-04-26,San Benito,069,59416,6013,6013,113,6126,63
2021-04-26,San Bernardino,071,2135413,291656,290394,8915,299309,4572
2021-04-26,San Diego,073,3302833,277182,275541,14441,289982,3692
2021-04-26,San Francisco,075,870044,36211,36330,1282,37612,532
2021-04-26,San Joaquin,077,732212,71819,71050,3451,74501,1301
2021-04-26,San Luis Obispo,079,281455,21050,20830,719,21549,255
2021-04-26,San Mateo,081,765935,41840,41457,455,41912,357
2021-04-26,Santa Barbara,083,443738,34483,33948,1192,35140,448
2021-04-26,Santa Clara,085,1922200,117391,117874,744,118618,1968
2021-04-26,Santa Cruz,087,273765,16084,15877,811,16688,205
2021-04-26,Shasta,089,179085,11810,11787,1449,13236,192
2021-04-26,Sierra,091,2930,55,51,12,63,0
2021-04-26,Siskiyou,093,43540,1721,1592,296,1888,11
2021-04-26,Solano,095,438530,32036,31913,495,32408,247
2021-04-26,Sonoma,097,501317,29602,29755,306,30061,318
2021-04-26,Stanislaus,099,539301,54992,54638,5818,60456,744
2021-04-26,Sutter,101,95872,9359,9328,82,9410,110
2021-04-26,Tehama,103,63373,4953,4920,554,5474,53
2021-04-26,Trinity,105,12862,483,326,87,413,3
2021-04-26,Tulare,107,460477,49745,48735,8873,57608,831
2021-04-26,Tuolumne,109,53932,4026,4024,39,4063,58
2021-04-26,Ventura,111,848112,80748,80137,2953,83090,999
2021-04-26,Yolo,113,214977,13729,13684,279,13963,205
2021-04-26,Yuba,115,75493,5887,5851,121,5972,44
2021-04-25,Alameda,001,1643700,86439,86162,1901,88063,1256
2021-04-25,Alpine,003,1148,87,87,0,87,0
2021-04-25,Amador,005,37829,3647,3643,33,3676,46
2021-04-25,Butte,007,227075,12092,11709,1748,13457,196
2021-04-25,Calaveras,009,45235,2080,2072,12,2084,50
2021-04-25,Colusa,011,21464,1924,1924,292,2216,14
2021-04-25,Contra Costa,013,1133247,67944,67316,1212,68528,789
2021-04-25,Del Norte,015,27424,1291,1259,11,1270,6
2021-04-25,El Dorado,017,186661,9919,9837,691,10528,106
2021-04-25,Fresno,019,978130,101576,101061,8559,109620,1662
2021-04-25,Glenn,021,27897,2381,2366,540,2906,17
2021-04-25,Humboldt,023,135768,3803,3751,30,3781,35
2021-04-25,Imperial,025,180216,28225,28136,2751,30887,720
2021-04-25,Inyo,027,18085,1397,1396,10,1406,36
2021-04-25,Kern,029,883053,96409,95398,10621,106019,1295
2021-04-25,Kings,031,150075,22973,22755,1066,23821,244
2021-04-25,Lake,033,64148,3448,3427,9,3436,43
2021-04-25,Lassen,035,31185,5165,5138,105,5243,1
2021-04-25,Los Angeles,037,10098052,1198043,1190970,41334,1232304,23799
2021-04-25,Madera,039,155013,16454,16346,918,17264,231
2021-04-25,Marin,041,260295,13880,13852,240,14092,227
2021-04-25,Mariposa,043,17540,415,410,11,421,5
2021-04-25,Mendocino,045,87422,3816,3757,71,3828,46
2021-04-25,Merced,047,269075,30590,30586,976,31562,443
2021-04-25,Modoc,049,8938,368,360,122,482,3
2021-04-25,Mono,051,14174,1243,1257,16,1273,3
2021-04-25,Monterey,053,433212,42871,42737,1850,44587,379
2021-04-25,Napa,055,140530,9765,9762,34,9796,79
2021-04-25,Nevada,057,99092,4624,4536,187,4723,70
2021-04-25,Orange,059,3164182,253903,252531,11157,263688,4919
2021-04-25,Placer,061,380077,22565,22011,1409,23420,285
2021-04-25,Plumas,063,18699,685,670,10,680,4
2021-04-25,Riverside,065,2383286,292256,286651,13909,300560,4401
2021-04-25,Sacramento,067,1510023,102955,102319,1651,103970,1587
2021-04-25,San Benito,069,59416,6011,6014,112,6126,63
2021-04-25,San Bernardino,071,2135413,291581,290357,8907,299264,4571
2021-04-25,San Diego,073,3302833,276969,275412,14408,289820,3692
2021-04-25,San Francisco,075,870044,36180,36310,1282,37592,532
2021-04-25,San Joaquin,077,732212,71724,70987,3441,74428,1301
2021-04-25,San Luis Obispo,079,281455,21031,20820,717,21537,255
2021-04-25,San Mateo,081,765935,41805,41465,454,41919,356
2021-04-25,Santa Barbara,083,443738,34457,33931,1192,35123,448
2021-04-25,Santa Clara,085,1922200,117312,117778,742,118520,1968
2021-04-25,Santa Cruz,087,273765,16078,15868,809,16677,205
2021-04-25,Shasta,089,179085,11787,11784,1444,13228,192
2021-04-25,Sierra,091,2930,55,51,12,63,0
2021-04-25,Siskiyou,093,43540,1710,1580,294,1874,11
2021-04-25,Solano,095,438530,31989,31864,487,32351,247
2021-04-25,Sonoma,097,501317,29584,29756,306,30062,318
2021-04-25,Stanislaus,099,539301,54896,54543,5810,60353,744
2021-04-25,Sutter,101,95872,9353,9326,82,9408,110
2021-04-25,Tehama,103,63373,4949,4916,552,5468,53
2021-04-25,Trinity,105,12862,483,326,87,413,3
2021-04-25,Tulare,107,460477,49729,48728,8859,57587,831
2021-04-25,Tuolumne,109,53932,4024,4022,39,4061,58
2021-04-25,Ventura,111,848112,80724,80110,2953,83063,999
2021-04-25,Yolo,113,214977,13706,13667,277,13944,205
2021-04-25,Yuba,115,75493,5884,5849,120,5969,44
2021-04-24,Alameda,001,1643700,86387,86016,1899,87915,1257
2021-04-24,Alpine,003,1148,87,86,0,86,0
2021-04-24,Amador,005,37829,3646,3640,33,3673,46
2021-04-24,Butte,007,227075,12076,11678,1746,13424,196
2021-04-24,Calaveras,009,45235,2076,2067,12,2079,50
2021-04-24,Colusa,011,21464,1923,1921,292,2213,14
2021-04-24,Contra Costa,013,1133247,67875,67222,1210,68432,789
2021-04-24,Del Norte,015,27424,1286,1255,11,1266,6
2021-04-24,El Dorado,017,186661,9908,9814,690,10504,106
2021-04-24,Fresno,019,978130,101545,100991,8553,109544,1662
2021-04-24,Glenn,021,27897,2381,2363,540,2903,17
2021-04-24,Humboldt,023,135768,3789,3722,30,3752,35
2021-04-24,Imperial,025,180216,28218,28124,2750,30874,720
2021-04-24,Inyo,027,18085,1396,1396,10,1406,36
2021-04-24,Kern,029,883053,96390,95365,10611,105976,1295
2021-04-24,Kings,031,150075,22970,22749,1066,23815,244
2021-04-24,Lake,033,64148,3447,3426,9,3435,43
2021-04-24,Lassen,035,31185,5164,5137,105,5242,1
2021-04-24,Los Angeles,037,10098052,1197816,1190603,41317,1231920,23802
2021-04-24,Madera,039,155013,16451,16338,918,17256,231
2021-04-24,Marin,041,260295,13872,13847,240,14087,227
2021-04-24,Mariposa,043,17540,415,409,11,420,5
2021-04-24,Mendocino,045,87422,3814,3754,70,3824,46
2021-04-24,Merced,047,269075,30570,30559,976,31535,443
2021-04-24,Modoc,049,8938,368,360,122,482,3
2021-04-24,Mono,051,14174,1243,1256,16,1272,3
2021-04-24,Monterey,053,433212,42859,42727,1849,44576,379
2021-04-24,Napa,055,140530,9759,9756,34,9790,79
2021-04-24,Nevada,057,99092,4617,4522,187,4709,70
2021-04-24,Orange,059,3164182,253859,252441,11151,263592,4910
2021-04-24,Placer,061,380077,22553,21983,1408,23391,285
2021-04-24,Plumas,063,18699,684,670,10,680,4
2021-04-24,Riverside,065,2383286,292188,286552,13905,300457,4400
2021-04-24,Sacramento,067,1510023,102872,102179,1644,103823,1587
2021-04-24,San Benito,069,59416,6009,6007,112,6119,63
2021-04-24,San Bernardino,071,2135413,291532,290264,8906,299170,4568
2021-04-24,San Diego,073,3302833,276865,275252,14388,289640,3688
2021-04-24,San Francisco,075,870044,36151,36285,1278,37563,532
2021-04-24,San Joaquin,077,732212,71680,70911,3438,74349,1301
2021-04-24,San Luis Obispo,079,281455,21021,20797,716,21513,255
2021-04-24,San Mateo,081,765935,41792,41424,452,41876,355
2021-04-24,Santa Barbara,083,443738,34442,33911,1191,35102,448
2021-04-24,Santa Clara,085,1922200,117257,117674,740,118414,1968
2021-04-24,Santa Cruz,087,273765,16070,15840,809,16649,205
2021-04-24,Shasta,089,179085,11769,11770,1441,13211,192
2021-04-24,Sierra,091,2930,55,51,12,63,0
2021-04-24,Siskiyou,093,43540,1700,1574,293,1867,11
2021-04-24,Solano,095,438530,31966,31821,484,32305,247
2021-04-24,Sonoma,097,501317,29582,29739,306,30045,318
2021-04-24,Stanislaus,099,539301,54847,54455,5807,60262,744
2021-04-24,Sutter,101,95872,9350,9316,82,9398,110
2021-04-24,Tehama,103,63373,4944,4907,552,5459,53
2021-04-24,Trinity,105,12862,483,326,87,413,3
2021-04-24,Tulare,107,460477,49718,48705,8849,57554,830
2021-04-24,Tuolumne,109,53932,4020,4020,39,4059,58
2021-04-24,Ventura,111,848112,80711,80097,2951,83048,999
2021-04-24,Yolo,113,214977,13695,13653,277,13930,205
2021-04-24,Yuba,115,75493,5882,5837,120,5957,44
2021-04-23,Alameda,001,1643700,86314,85935,1896,87831,1256
2021-04-23,Alpine,003,1148,86,86,0,86,0
2021-04-23,Amador,005,37829,3645,3637,33,3670,46
2021-04-23,Butte,007,227075,12055,11672,1741,13413,196
2021-04-23,Calaveras,009,45235,2074,2064,12,2076,50
2021-04-23,Colusa,011,21464,1922,1921,292,2213,14
2021-04-23,Contra Costa,013,1133247,67820,67164,1207,68371,785
2021-04-23,Del Norte,015,27424,1285,1254,11,1265,6
2021-04-23,El Dorado,017,186661,9891,9788,687,10475,106
2021-04-23,Fresno,019,978130,101504,100928,8547,109475,1662
2021-04-23,Glenn,021,27897,2381,2361,539,2900,17
2021-04-23,Humboldt,023,135768,3778,3698,30,3728,35
2021-04-23,Imperial,025,180216,28203,28108,2748,30856,720
2021-04-23,Inyo,027,18085,1396,1395,10,1405,36
2021-04-23,Kern,029,883053,96365,95330,10605,105935,1295
2021-04-23,Kings,031,150075,22967,22735,1066,23801,244
2021-04-23,Lake,033,64148,3445,3425,9,3434,43
2021-04-23,Lassen,035,31185,5164,5141,105,5246,1
2021-04-23,Los Angeles,037,10098052,1197553,1190264,41291,1231555,23785
2021-04-23,Madera,039,155013,16442,16328,918,17246,231
2021-04-23,Marin,041,260295,13867,13838,240,14078,227
2021-04-23,Mariposa,043,17540,414,405,11,416,5
2021-04-23,Mendocino,045,87422,3812,3745,69,3814,46
2021-04-23,Merced,047,269075,30552,30530,976,31506,443
2021-04-23,Modoc,049,8938,368,360,122,482,3
2021-04-23,Mono,051,14174,1241,1256,16,1272,3
2021-04-23,Monterey,053,433212,42853,42722,1849,44571,377
2021-04-23,Napa,055,140530,9753,9752,34,9786,79
2021-04-23,Nevada,057,99092,4608,4510,187,4697,70
2021-04-23,Orange,059,3164182,253815,252399,11144,263543,4904
2021-04-23,Placer,061,380077,22530,21959,1407,23366,282
2021-04-23,Plumas,063,18699,683,670,10,680,4
2021-04-23,Riverside,065,2383286,292129,286456,13900,300356,4399
2021-04-23,Sacramento,067,1510023,102785,102041,1641,103682,1586
2021-04-23,San Benito,069,59416,6007,6005,112,6117,63
2021-04-23,San Bernardino,071,2135413,291481,290189,8905,299094,4568
2021-04-23,San Diego,073,3302833,276727,275097,14365,289462,3684
2021-04-23,San Francisco,075,870044,36134,36252,1277,37529,532
2021-04-23,San Joaquin,077,732212,71624,70840,3435,74275,1295
2021-04-23,San Luis Obispo,079,281455,21012,20781,715,21496,255
2021-04-23,San Mateo,081,765935,41765,41386,452,41838,355
2021-04-23,Santa Barbara,083,443738,34432,33895,1189,35084,447
2021-04-23,Santa Clara,085,1922200,117195,117593,739,118332,1965
2021-04-23,Santa Cruz,087,273765,16063,15802,809,16611,205
2021-04-23,Shasta,089,179085,11762,11759,1440,13199,192
2021-04-23,Sierra,091,2930,55,51,12,63,0
2021-04-23,Siskiyou,093,43540,1688,1567,292,1859,11
2021-04-23,Solano,095,438530,31934,31784,480,32264,247
2021-04-23,Sonoma,097,501317,29569,29727,306,30033,318
2021-04-23,Stanislaus,099,539301,54784,54391,5799,60190,744
2021-04-23,Sutter,101,95872,9348,9312,82,9394,110
2021-04-23,Tehama,103,63373,4941,4906,552,5458,53
2021-04-23,Trinity,105,12862,483,326,87,413,3
2021-04-23,Tulare,107,460477,49701,48694,8841,57535,829
2021-04-23,Tuolumne,109,53932,4019,4020,39,4059,58
2021-04-23,Ventura,111,848112,80692,80095,2951,83046,996
2021-04-23,Yolo,113,214977,13684,13647,276,13923,205
2021-04-23,Yuba,115,75493,5879,5828,120,5948,44
2021-04-22,Alameda,001,1643700,86224,85829,1895,87724,1253
2021-04-22,Alpine,003,1148,86,86,0,86,0
2021-04-22,Amador,005,37829,3644,3633,33,3666,46
2021-04-22,Butte,007,227075,12041,11656,1738,13394,196
2021-04-22,Calaveras,009,45235,2073,2059,12,2071,50
2021-04-22,Colusa,011,21464,1920,1920,290,2210,14
2021-04-22,Contra Costa,013,1133247,67748,67029,1202,68231,782
2021-04-22,Del Norte,015,27424,1280,1252,11,1263,6
2021-04-22,El Dorado,017,186661,9880,9773,684,10457,106
2021-04-22,Fresno,019,978130,101459,100864,8536,109400,1657
2021-04-22,Glenn,021,27897,2380,2361,539,2900,17
2021-04-22,Humboldt,023,135768,3769,3680,30,3710,35
2021-04-22,Imperial,025,180216,28182,28096,2745,30841,720
2021-04-22,Inyo,027,18085,1395,1394,10,1404,36
2021-04-22,Kern,029,883053,96322,95292,10590,105882,1299
2021-04-22,Kings,031,150075,22957,22725,1066,23791,243
2021-04-22,Lake,033,64148,3443,3423,9,3432,43
2021-04-22,Lassen,035,31185,5164,5155,105,5260,1
2021-04-22,Los Angeles,037,10098052,1197234,1189878,41269,1231147,23762
2021-04-22,Madera,039,155013,16423,16316,918,17234,231
2021-04-22,Marin,041,260295,13859,13832,240,14072,227
2021-04-22,Mariposa,043,17540,413,403,11,414,5
2021-04-22,Mendocino,045,87422,3806,3729,69,3798,46
2021-04-22,Merced,047,269075,30517,30490,975,31465,443
2021-04-22,Modoc,049,8938,368,360,122,482,3
2021-04-22,Mono,051,14174,1241,1254,16,1270,3
2021-04-22,Monterey,053,433212,42846,42708,1847,44555,377
2021-04-22,Napa,055,140530,9743,9734,34,9768,79
2021-04-22,Nevada,057,99092,4599,4504,185,4689,70
2021-04-22,Orange,059,3164182,253742,252307,11132,263439,4898
2021-04-22,Placer,061,380077,22500,21916,1403,23319,282
2021-04-22,Plumas,063,18699,682,670,10,680,4
2021-04-22,Riverside,065,2383286,292030,286362,13891,300253,4398
2021-04-22,Sacramento,067,1510023,102636,101870,1632,103502,1585
2021-04-22,San Benito,069,59416,6003,5998,112,6110,63
2021-04-22,San Bernardino,071,2135413,291410,290125,8896,299021,4571
2021-04-22,San Diego,073,3302833,276561,275913,14343,290256,3684
2021-04-22,San Francisco,075,870044,36112,36218,1274,37492,532
2021-04-22,San Joaquin,077,732212,71565,70751,3428,74179,1295
2021-04-22,San Luis Obispo,079,281455,20998,20761,715,21476,255
2021-04-22,San Mateo,081,765935,41738,41345,450,41795,355
2021-04-22,Santa Barbara,083,443738,34409,33870,1188,35058,446
2021-04-22,Santa Clara,085,1922200,117107,117457,735,118192,1954
2021-04-22,Santa Cruz,087,273765,16060,15737,808,16545,205
2021-04-22,Shasta,089,179085,11747,11738,1437,13175,192
2021-04-22,Sierra,091,2930,55,51,12,63,0
2021-04-22,Siskiyou,093,43540,1684,1564,291,1855,11
2021-04-22,Solano,095,438530,31888,31731,477,32208,247
2021-04-22,Sonoma,097,501317,29554,29705,302,30007,318
2021-04-22,Stanislaus,099,539301,54711,54313,5793,60106,744
2021-04-22,Sutter,101,95872,9344,9302,82,9384,110
2021-04-22,Tehama,103,63373,4935,4896,548,5444,53
2021-04-22,Trinity,105,12862,483,326,87,413,3
2021-04-22,Tulare,107,460477,49681,48669,8832,57501,828
2021-04-22,Tuolumne,109,53932,4015,4020,39,4059,58
2021-04-22,Ventura,111,848112,80666,80073,2949,83022,996
2021-04-22,Yolo,113,214977,13663,13616,276,13892,205
2021-04-22,Yuba,115,75493,5869,5825,120,5945,44
2021-04-21,Alameda,001,1643700,86144,85762,1893,87655,1249
2021-04-21,Alpine,003,1148,86,86,0,86,0
2021-04-21,Amador,005,37829,3641,3632,33,3665,46
2021-04-21,Butte,007,227075,12021,11643,1736,13379,196
2021-04-21,Calaveras,009,45235,2066,2057,12,2069,50
2021-04-21,Colusa,011,21464,1918,1920,289,2209,14
2021-04-21,Contra Costa,013,1133247,67682,66981,1201,68182,782
2021-04-21,Del Norte,015,27424,1276,1252,11,1263,6
2021-04-21,El Dorado,017,186661,9863,9760,682,10442,106
2021-04-21,Fresno,019,978130,101403,100838,8530,109368,1654
2021-04-21,Glenn,021,27897,2379,2361,539,2900,17
2021-04-21,Humboldt,023,135768,3749,3642,30,3672,35
2021-04-21,Imperial,025,180216,28170,28052,2744,30796,719
2021-04-21,Inyo,027,18085,1395,1392,10,1402,36
2021-04-21,Kern,029,883053,96276,95257,10580,105837,1297
2021-04-21,Kings,031,150075,22950,22713,1065,23778,243
2021-04-21,Lake,033,64148,3440,3421,9,3430,43
2021-04-21,Lassen,035,31185,5163,5156,105,5261,1
2021-04-21,Los Angeles,037,10098052,1196895,1189530,41248,1230778,23729
2021-04-21,Madera,039,155013,16418,16309,918,17227,231
2021-04-21,Marin,041,260295,13844,13822,240,14062,227
2021-04-21,Mariposa,043,17540,412,402,11,413,5
2021-04-21,Mendocino,045,87422,3804,3729,69,3798,46
2021-04-21,Merced,047,269075,30496,30471,974,31445,442
2021-04-21,Modoc,049,8938,368,360,122,482,3
2021-04-21,Mono,051,14174,1241,1254,16,1270,3
2021-04-21,Monterey,053,433212,42831,42699,1845,44544,377
2021-04-21,Napa,055,140530,9737,9727,34,9761,79
2021-04-21,Nevada,057,99092,4585,4499,185,4684,70
2021-04-21,Orange,059,3164182,253667,252243,11119,263362,4889
2021-04-21,Placer,061,380077,22469,21896,1398,23294,282
2021-04-21,Plumas,063,18699,682,670,10,680,4
2021-04-21,Riverside,065,2383286,291936,286299,13884,300183,4388
2021-04-21,Sacramento,067,1510023,102507,101803,1626,103429,1579
2021-04-21,San Benito,069,59416,6000,5998,112,6110,63
2021-04-21,San Bernardino,071,2135413,291335,290049,8894,298943,4572
2021-04-21,San Diego,073,3302833,276351,275632,14305,289937,3681
2021-04-21,San Francisco,075,870044,36092,36194,1273,37467,529
2021-04-21,San Joaquin,077,732212,71510,70687,3418,74105,1295
2021-04-21,San Luis Obispo,079,281455,20983,20724,714,21438,255
2021-04-21,San Mateo,081,765935,41706,41318,449,41767,355
2021-04-21,Santa Barbara,083,443738,34390,33830,1187,35017,445
2021-04-21,Santa Clara,085,1922200,117029,117318,729,118047,1946
2021-04-21,Santa Cruz,087,273765,16051,15698,808,16506,204
2021-04-21,Shasta,089,179085,11728,11722,1435,13157,192
2021-04-21,Sierra,091,2930,55,51,12,63,0
2021-04-21,Siskiyou,093,43540,1677,1557,291,1848,11
2021-04-21,Solano,095,438530,31849,31712,476,32188,244
2021-04-21,Sonoma,097,501317,29542,29697,300,29997,318
2021-04-21,Stanislaus,099,539301,54650,54290,5787,60077,742
2021-04-21,Sutter,101,95872,9336,9297,82,9379,110
2021-04-21,Tehama,103,63373,4928,4893,547,5440,53
2021-04-21,Trinity,105,12862,483,326,87,413,3
2021-04-21,Tulare,107,460477,49666,48653,8819,57472,828
2021-04-21,Tuolumne,109,53932,4012,4019,39,4058,58
2021-04-21,Ventura,111,848112,80634,80039,2946,82985,996
2021-04-21,Yolo,113,214977,13643,13606,275,13881,200
2021-04-21,Yuba,115,75493,5862,5822,119,5941,44
2021-04-20,Alameda,001,1643700,86050,85652,1891,87543,1248
2021-04-20,Alpine,003,1148,85,85,0,85,0
2021-04-20,Amador,005,37829,3640,3631,33,3664,46
2021-04-20,Butte,007,227075,12002,11619,1734,13353,196
2021-04-20,Calaveras,009,45235,2065,2053,12,2065,50
2021-04-20,Colusa,011,21464,1918,1915,288,2203,14
2021-04-20,Contra Costa,013,1133247,67598,66889,1198,68087,782
2021-04-20,Del Norte,015,27424,1275,1250,11,1261,6
2021-04-20,El Dorado,017,186661,9835,9743,680,10423,106
2021-04-20,Fresno,019,978130,101345,100768,8520,109288,1650
2021-04-20,Glenn,021,27897,2377,2359,538,2897,17
2021-04-20,Humboldt,023,135768,3729,3612,30,3642,35
2021-04-20,Imperial,025,180216,28151,28024,2740,30764,719
2021-04-20,Inyo,027,18085,1395,1393,10,1403,36
2021-04-20,Kern,029,883053,96240,95223,10563,105786,1295
2021-04-20,Kings,031,150075,22944,22693,1062,23755,243
2021-04-20,Lake,033,64148,3438,3418,9,3427,43
2021-04-20,Lassen,035,31185,5163,5155,105,5260,1
2021-04-20,Los Angeles,037,10098052,1196548,1189256,41219,1230475,23694
2021-04-20,Madera,039,155013,16412,16301,918,17219,231
2021-04-20,Marin,041,260295,13830,13807,240,14047,227
2021-04-20,Mariposa,043,17540,411,402,11,413,5
2021-04-20,Mendocino,045,87422,3803,3726,69,3795,46
2021-04-20,Merced,047,269075,30468,30439,974,31413,441
2021-04-20,Modoc,049,8938,368,359,122,481,3
2021-04-20,Mono,051,14174,1240,1254,16,1270,3
2021-04-20,Monterey,053,433212,42820,42663,1842,44505,363
2021-04-20,Napa,055,140530,9733,9711,34,9745,79
2021-04-20,Nevada,057,99092,4567,4485,185,4670,70
2021-04-20,Orange,059,3164182,253577,252134,11107,263241,4887
2021-04-20,Placer,061,380077,22435,21846,1394,23240,282
2021-04-20,Plumas,063,18699,681,670,10,680,4
2021-04-20,Riverside,065,2383286,291839,286194,13879,300073,4388
2021-04-20,Sacramento,067,1510023,102369,101629,1617,103246,1574
2021-04-20,San Benito,069,59416,5997,5988,112,6100,63
2021-04-20,San Bernardino,071,2135413,291255,289905,8892,298797,4569
2021-04-20,San Diego,073,3302833,276121,275369,14272,289641,3674
2021-04-20,San Francisco,075,870044,36073,36117,1272,37389,529
2021-04-20,San Joaquin,077,732212,71437,70590,3409,73999,1289
2021-04-20,San Luis Obispo,079,281455,20960,20691,706,21397,254
2021-04-20,San Mateo,081,765935,41675,41251,449,41700,355
2021-04-20,Santa Barbara,083,443738,34371,33803,1187,34990,445
2021-04-20,Santa Clara,085,1922200,116930,117228,725,117953,1944
2021-04-20,Santa Cruz,087,273765,16039,15647,808,16455,204
2021-04-20,Shasta,089,179085,11712,11677,1432,13109,189
2021-04-20,Sierra,091,2930,55,51,12,63,0
2021-04-20,Siskiyou,093,43540,1669,1551,290,1841,10
2021-04-20,Solano,095,438530,31794,31673,472,32145,243
2021-04-20,Sonoma,097,501317,29533,29676,298,29974,311
2021-04-20,Stanislaus,099,539301,54585,54236,5774,60010,735
2021-04-20,Sutter,101,95872,9332,9279,82,9361,109
2021-04-20,Tehama,103,63373,4923,4887,546,5433,52
2021-04-20,Trinity,105,12862,483,326,87,413,3
2021-04-20,Tulare,107,460477,49643,48650,8811,57461,831
2021-04-20,Tuolumne,109,53932,4012,4014,39,4053,58
2021-04-20,Ventura,111,848112,80606,80018,2944,82962,995
2021-04-20,Yolo,113,214977,13623,13581,274,13855,200
2021-04-20,Yuba,115,75493,5852,5814,119,5933,44
2021-04-19,Alameda,001,1643700,85929,85583,1888,87471,1247
2021-04-19,Alpine,003,1148,85,85,0,85,0
2021-04-19,Amador,005,37829,3639,3629,33,3662,46
2021-04-19,Butte,007,227075,11983,11601,1729,13330,196
2021-04-19,Calaveras,009,45235,2063,2050,12,2062,50
2021-04-19,Colusa,011,21464,1918,1913,287,2200,14
2021-04-19,Contra Costa,013,1133247,67520,66833,1196,68029,782
2021-04-19,Del Norte,015,27424,1273,1247,11,1258,6
2021-04-19,El Dorado,017,186661,9819,9726,675,10401,106
2021-04-19,Fresno,019,978130,101277,100702,8507,109209,1646
2021-04-19,Glenn,021,27897,2377,2358,537,2895,17
2021-04-19,Humboldt,023,135768,3709,3602,28,3630,35
2021-04-19,Imperial,025,180216,28130,27995,2739,30734,719
2021-04-19,Inyo,027,18085,1395,1392,10,1402,36
2021-04-19,Kern,029,883053,96210,95162,10548,105710,1290
2021-04-19,Kings,031,150075,22928,22688,1062,23750,243
2021-04-19,Lake,033,64148,3437,3416,9,3425,43
2021-04-19,Lassen,035,31185,5162,5156,105,5261,1
2021-04-19,Los Angeles,037,10098052,1196171,1188945,41194,1230139,23666
2021-04-19,Madera,039,155013,16401,16289,917,17206,231
2021-04-19,Marin,041,260295,13819,13804,239,14043,226
2021-04-19,Mariposa,043,17540,410,401,11,412,5
2021-04-19,Mendocino,045,87422,3801,3722,69,3791,46
2021-04-19,Merced,047,269075,30439,30422,973,31395,441
2021-04-19,Modoc,049,8938,368,359,122,481,3
2021-04-19,Mono,051,14174,1239,1254,16,1270,3
2021-04-19,Monterey,053,433212,42807,42642,1837,44479,356
2021-04-19,Napa,055,140530,9725,9680,34,9714,79
2021-04-19,Nevada,057,99092,4551,4477,185,4662,70
2021-04-19,Orange,059,3164182,253459,252013,11093,263106,4883
2021-04-19,Placer,061,380077,22412,21814,1390,23204,282
2021-04-19,Plumas,063,18699,681,665,10,675,4
2021-04-19,Riverside,065,2383286,291743,286087,13869,299956,4371
2021-04-19,Sacramento,067,1510023,102234,101482,1607,103089,1572
2021-04-19,San Benito,069,59416,5989,5989,112,6101,63
2021-04-19,San Bernardino,071,2135413,291170,289738,8886,298624,4561
2021-04-19,San Diego,073,3302833,275873,275113,14239,289352,3674
2021-04-19,San Francisco,075,870044,36038,36094,1269,37363,529
2021-04-19,San Joaquin,077,732212,71358,70514,3402,73916,1289
2021-04-19,San Luis Obispo,079,281455,20934,20669,700,21369,254
2021-04-19,San Mateo,081,765935,41642,41226,448,41674,355
2021-04-19,Santa Barbara,083,443738,34357,33786,1187,34973,446
2021-04-19,Santa Clara,085,1922200,116819,117099,721,117820,1944
2021-04-19,Santa Cruz,087,273765,16027,15600,808,16408,204
2021-04-19,Shasta,089,179085,11697,11662,1424,13086,189
2021-04-19,Sierra,091,2930,55,51,12,63,0
2021-04-19,Siskiyou,093,43540,1659,1544,290,1834,10
2021-04-19,Solano,095,438530,31755,31643,467,32110,239
2021-04-19,Sonoma,097,501317,29514,29667,298,29965,311
2021-04-19,Stanislaus,099,539301,54509,54179,5770,59949,728
2021-04-19,Sutter,101,95872,9321,9269,82,9351,109
2021-04-19,Tehama,103,63373,4918,4878,546,5424,52
2021-04-19,Trinity,105,12862,483,326,86,412,3
2021-04-19,Tulare,107,460477,49627,48630,8798,57428,831
2021-04-19,Tuolumne,109,53932,4011,4010,39,4049,58
2021-04-19,Ventura,111,848112,80580,80000,2942,82942,996
2021-04-19,Yolo,113,214977,13611,13572,271,13843,200
2021-04-19,Yuba,115,75493,5845,5804,118,5922,44
2021-04-18,Alameda,001,1643700,85815,85481,1880,87361,1247
2021-04-18,Alpine,003,1148,85,85,0,85,0
2021-04-18,Amador,005,37829,3636,3627,33,3660,46
2021-04-18,Butte,007,227075,11965,11591,1724,13315,196
2021-04-18,Calaveras,009,45235,2055,2047,12,2059,50
2021-04-18,Colusa,011,21464,1914,1912,286,2198,14
2021-04-18,Contra Costa,013,1133247,67417,66750,1192,67942,782
2021-04-18,Del Norte,015,27424,1273,1240,11,1251,6
2021-04-18,El Dorado,017,186661,9796,9710,673,10383,106
2021-04-18,Fresno,019,978130,101219,100621,8501,109122,1646
2021-04-18,Glenn,021,27897,2372,2358,537,2895,17
2021-04-18,Humboldt,023,135768,3681,3590,28,3618,35
2021-04-18,Imperial,025,180216,28115,27991,2733,30724,719
2021-04-18,Inyo,027,18085,1394,1392,10,1402,36
2021-04-18,Kern,029,883053,96174,95129,10532,105661,1290
2021-04-18,Kings,031,150075,22919,22685,1062,23747,243
2021-04-18,Lake,033,64148,3436,3413,9,3422,43
2021-04-18,Lassen,035,31185,5159,5156,105,5261,1
2021-04-18,Los Angeles,037,10098052,1195712,1188620,41171,1229791,23648
2021-04-18,Madera,039,155013,16390,16277,916,17193,231
2021-04-18,Marin,041,260295,13812,13801,238,14039,226
2021-04-18,Mariposa,043,17540,409,400,10,410,5
2021-04-18,Mendocino,045,87422,3798,3722,69,3791,46
2021-04-18,Merced,047,269075,30402,30405,971,31376,441
2021-04-18,Modoc,049,8938,368,359,122,481,3
2021-04-18,Mono,051,14174,1239,1254,16,1270,3
2021-04-18,Monterey,053,433212,42795,42638,1836,44474,356
2021-04-18,Napa,055,140530,9709,9674,34,9708,79
2021-04-18,Nevada,057,99092,4536,4464,185,4649,70
2021-04-18,Orange,059,3164182,253344,251940,11085,263025,4883
2021-04-18,Placer,061,380077,22368,21783,1384,23167,282
2021-04-18,Plumas,063,18699,680,665,10,675,4
2021-04-18,Riverside,065,2383286,291653,286043,13865,299908,4371
2021-04-18,Sacramento,067,1510023,102058,101354,1601,102955,1572
2021-04-18,San Benito,069,59416,5987,5989,112,6101,63
2021-04-18,San Bernardino,071,2135413,291076,289691,8877,298568,4556
2021-04-18,San Diego,073,3302833,275594,274961,14204,289165,3674
2021-04-18,San Francisco,075,870044,36001,36073,1265,37338,525
2021-04-18,San Joaquin,077,732212,71277,70466,3393,73859,1289
2021-04-18,San Luis Obispo,079,281455,20912,20656,694,21350,254
2021-04-18,San Mateo,081,765935,41613,41201,447,41648,352
2021-04-18,Santa Barbara,083,443738,34322,33769,1186,34955,446
2021-04-18,Santa Clara,085,1922200,116653,116996,704,117700,1944
2021-04-18,Santa Cruz,087,273765,16017,15580,807,16387,204
2021-04-18,Shasta,089,179085,11676,11658,1421,13079,189
2021-04-18,Sierra,091,2930,55,51,12,63,0
2021-04-18,Siskiyou,093,43540,1648,1538,288,1826,10
2021-04-18,Solano,095,438530,31705,31606,466,32072,239
2021-04-18,Sonoma,097,501317,29498,29660,296,29956,311
2021-04-18,Stanislaus,099,539301,54427,54132,5763,59895,728
2021-04-18,Sutter,101,95872,9307,9261,82,9343,109
2021-04-18,Tehama,103,63373,4909,4877,545,5422,52
2021-04-18,Trinity,105,12862,483,326,86,412,3
2021-04-18,Tulare,107,460477,49615,48618,8792,57410,829
2021-04-18,Tuolumne,109,53932,4010,4008,38,4046,58
2021-04-18,Ventura,111,848112,80550,79984,2938,82922,996
2021-04-18,Yolo,113,214977,13599,13562,269,13831,200
2021-04-18,Yuba,115,75493,5838,5804,118,5922,44
2021-04-17,Alameda,001,1643700,85742,85367,1876,87243,1247
2021-04-17,Alpine,003,1148,85,85,0,85,0
2021-04-17,Amador,005,37829,3634,3625,33,3658,46
2021-04-17,Butte,007,227075,11945,11573,1720,13293,196
2021-04-17,Calaveras,009,45235,2053,2045,12,2057,50
2021-04-17,Colusa,011,21464,1914,1912,286,2198,14
2021-04-17,Contra Costa,013,1133247,67368,66657,1184,67841,782
2021-04-17,Del Norte,015,27424,1273,1238,11,1249,6
2021-04-17,El Dorado,017,186661,9781,9692,670,10362,106
2021-04-17,Fresno,019,978130,101186,100562,8495,109057,1646
2021-04-17,Glenn,021,27897,2372,2357,537,2894,17
2021-04-17,Humboldt,023,135768,3658,3579,28,3607,35
2021-04-17,Imperial,025,180216,28104,27987,2732,30719,719
2021-04-17,Inyo,027,18085,1391,1392,10,1402,36
2021-04-17,Kern,029,883053,96156,95102,10528,105630,1290
2021-04-17,Kings,031,150075,22914,22678,1061,23739,243
2021-04-17,Lake,033,64148,3435,3409,9,3418,43
2021-04-17,Lassen,035,31185,5159,5154,105,5259,1
2021-04-17,Los Angeles,037,10098052,1195456,1188262,41138,1229400,23653
2021-04-17,Madera,039,155013,16386,16260,915,17175,231
2021-04-17,Marin,041,260295,13808,13797,238,14035,226
2021-04-17,Mariposa,043,17540,408,398,10,408,5
2021-04-17,Mendocino,045,87422,3795,3721,69,3790,46
2021-04-17,Merced,047,269075,30386,30392,970,31362,441
2021-04-17,Modoc,049,8938,368,357,122,479,3
2021-04-17,Mono,051,14174,1239,1253,16,1269,3
2021-04-17,Monterey,053,433212,42786,42630,1834,44464,356
2021-04-17,Napa,055,140530,9705,9666,34,9700,79
2021-04-17,Nevada,057,99092,4528,4457,185,4642,70
2021-04-17,Orange,059,3164182,253275,251873,11073,262946,4878
2021-04-17,Placer,061,380077,22345,21736,1379,23115,282
2021-04-17,Plumas,063,18699,679,666,10,676,4
2021-04-17,Riverside,065,2383286,291584,285963,13857,299820,4371
2021-04-17,Sacramento,067,1510023,101948,101172,1590,102762,1572
2021-04-17,San Benito,069,59416,5981,5986,112,6098,63
2021-04-17,San Bernardino,071,2135413,291021,289624,8874,298498,4555
2021-04-17,San Diego,073,3302833,275447,274812,14170,288982,3674
2021-04-17,San Francisco,075,870044,35980,36032,1262,37294,523
2021-04-17,San Joaquin,077,732212,71237,70372,3383,73755,1288
2021-04-17,San Luis Obispo,079,281455,20899,20642,691,21333,254
2021-04-17,San Mateo,081,765935,41590,41157,447,41604,352
2021-04-17,Santa Barbara,083,443738,34291,33738,1184,34922,446
2021-04-17,Santa Clara,085,1922200,116561,116887,702,117589,1944
2021-04-17,Santa Cruz,087,273765,16011,15571,807,16378,204
2021-04-17,Shasta,089,179085,11661,11647,1420,13067,189
2021-04-17,Sierra,091,2930,55,51,12,63,0
2021-04-17,Siskiyou,093,43540,1643,1539,287,1826,10
2021-04-17,Solano,095,438530,31674,31541,463,32004,239
2021-04-17,Sonoma,097,501317,29491,29637,296,29933,311
2021-04-17,Stanislaus,099,539301,54390,54058,5758,59816,728
2021-04-17,Sutter,101,95872,9301,9252,82,9334,109
2021-04-17,Tehama,103,63373,4903,4875,544,5419,52
2021-04-17,Trinity,105,12862,483,326,86,412,3
2021-04-17,Tulare,107,460477,49603,48603,8788,57391,829
2021-04-17,Tuolumne,109,53932,4008,4005,38,4043,58
2021-04-17,Ventura,111,848112,80529,79964,2938,82902,996
2021-04-17,Yolo,113,214977,13589,13580,269,13849,200
2021-04-17,Yuba,115,75493,5833,5802,117,5919,44
2021-04-16,Alameda,001,1643700,85663,85243,1874,87117,1245
2021-04-16,Alpine,003,1148,85,85,0,85,0
2021-04-16,Amador,005,37829,3629,3621,33,3654,46
2021-04-16,Butte,007,227075,11933,11549,1718,13267,196
2021-04-16,Calaveras,009,45235,2051,2042,12,2054,50
2021-04-16,Colusa,011,21464,1912,1911,286,2197,14
2021-04-16,Contra Costa,013,1133247,67314,66569,1181,67750,782
2021-04-16,Del Norte,015,27424,1272,1237,11,1248,6
2021-04-16,El Dorado,017,186661,9761,9665,666,10331,106
2021-04-16,Fresno,019,978130,101136,100500,8489,108989,1643
2021-04-16,Glenn,021,27897,2372,2355,537,2892,17
2021-04-16,Humboldt,023,135768,3637,3570,27,3597,35
2021-04-16,Imperial,025,180216,28094,27962,2731,30693,719
2021-04-16,Inyo,027,18085,1391,1392,10,1402,36
2021-04-16,Kern,029,883053,96127,95066,10525,105591,1288
2021-04-16,Kings,031,150075,22910,22667,1060,23727,243
2021-04-16,Lake,033,64148,3429,3406,9,3415,43
2021-04-16,Lassen,035,31185,5158,5155,105,5260,1
2021-04-16,Los Angeles,037,10098052,1195155,1187818,41102,1228920,23627
2021-04-16,Madera,039,155013,16380,16250,914,17164,231
2021-04-16,Marin,041,260295,13805,13788,238,14026,226
2021-04-16,Mariposa,043,17540,407,396,9,405,5
2021-04-16,Mendocino,045,87422,3793,3719,69,3788,46
2021-04-16,Merced,047,269075,30371,30355,970,31325,438
2021-04-16,Modoc,049,8938,368,355,122,477,3
2021-04-16,Mono,051,14174,1239,1253,16,1269,3
2021-04-16,Monterey,053,433212,42775,42620,1832,44452,351
2021-04-16,Napa,055,140530,9697,9653,34,9687,79
2021-04-16,Nevada,057,99092,4519,4443,185,4628,70
2021-04-16,Orange,059,3164182,253211,251770,11064,262834,4873
2021-04-16,Placer,061,380077,22318,21680,1374,23054,282
2021-04-16,Plumas,063,18699,678,665,10,675,4
2021-04-16,Riverside,065,2383286,291507,285818,13855,299673,4369
2021-04-16,Sacramento,067,1510023,101851,100993,1585,102578,1572
2021-04-16,San Benito,069,59416,5979,5982,112,6094,63
2021-04-16,San Bernardino,071,2135413,290974,289424,8872,298296,4550
2021-04-16,San Diego,073,3302833,275293,274567,14152,288719,3662
2021-04-16,San Francisco,075,870044,35954,35993,1258,37251,517
2021-04-16,San Joaquin,077,732212,71170,70280,3375,73655,1288
2021-04-16,San Luis Obispo,079,281455,20887,20623,690,21313,253
2021-04-16,San Mateo,081,765935,41561,41107,446,41553,352
2021-04-16,Santa Barbara,083,443738,34273,33703,1184,34887,446
2021-04-16,Santa Clara,085,1922200,116461,116693,699,117392,1941
2021-04-16,Santa Cruz,087,273765,16009,15539,807,16346,204
2021-04-16,Shasta,089,179085,11649,11623,1418,13041,189
2021-04-16,Sierra,091,2930,55,51,12,63,0
2021-04-16,Siskiyou,093,43540,1639,1530,285,1815,10
2021-04-16,Solano,095,438530,31635,31470,460,31930,239
2021-04-16,Sonoma,097,501317,29480,29617,296,29913,311
2021-04-16,Stanislaus,099,539301,54342,53983,5756,59739,728
2021-04-16,Sutter,101,95872,9295,9247,82,9329,109
2021-04-16,Tehama,103,63373,4902,4866,544,5410,52
2021-04-16,Trinity,105,12862,483,326,86,412,3
2021-04-16,Tulare,107,460477,49591,48583,8784,57367,830
2021-04-16,Tuolumne,109,53932,4005,4005,38,4043,58
2021-04-16,Ventura,111,848112,80504,79942,2933,82875,994
2021-04-16,Yolo,113,214977,13576,13559,267,13826,198
2021-04-16,Yuba,115,75493,5830,5795,116,5911,44
2021-04-15,Alameda,001,1643700,85555,85089,1872,86961,1246
2021-04-15,Alpine,003,1148,85,85,0,85,0
2021-04-15,Amador,005,37829,3628,3616,33,3649,46
2021-04-15,Butte,007,227075,11918,11529,1714,13243,196
2021-04-15,Calaveras,009,45235,2050,2039,12,2051,50
2021-04-15,Colusa,011,21464,1910,1909,285,2194,14
2021-04-15,Contra Costa,013,1133247,67240,66480,1177,67657,781
2021-04-15,Del Norte,015,27424,1265,1235,11,1246,6
2021-04-15,El Dorado,017,186661,9748,9639,664,10303,106
2021-04-15,Fresno,019,978130,101075,100431,8483,108914,1642
2021-04-15,Glenn,021,27897,2372,2354,537,2891,17
2021-04-15,Humboldt,023,135768,3615,3561,27,3588,35
2021-04-15,Imperial,025,180216,28066,27920,2728,30648,718
2021-04-15,Inyo,027,18085,1391,1393,10,1403,36
2021-04-15,Kern,029,883053,96094,94989,10511,105500,1289
2021-04-15,Kings,031,150075,22896,22648,1060,23708,242
2021-04-15,Lake,033,64148,3428,3399,9,3408,43
2021-04-15,Lassen,035,31185,5157,5152,105,5257,1
2021-04-15,Los Angeles,037,10098052,1194754,1187274,41066,1228340,23598
2021-04-15,Madera,039,155013,16365,16234,914,17148,231
2021-04-15,Marin,041,260295,13801,13783,237,14020,226
2021-04-15,Mariposa,043,17540,405,395,9,404,5
2021-04-15,Mendocino,045,87422,3792,3714,69,3783,46
2021-04-15,Merced,047,269075,30345,30325,969,31294,437
2021-04-15,Modoc,049,8938,368,355,122,477,3
2021-04-15,Mono,051,14174,1238,1253,16,1269,3
2021-04-15,Monterey,053,433212,42765,42604,1830,44434,347
2021-04-15,Napa,055,140530,9689,9645,34,9679,79
2021-04-15,Nevada,057,99092,4507,4434,184,4618,70
2021-04-15,Orange,059,3164182,253116,251679,11051,262730,4857
2021-04-15,Placer,061,380077,22288,21614,1367,22981,281
2021-04-15,Plumas,063,18699,676,665,10,675,4
2021-04-15,Riverside,065,2383286,291403,285698,13848,299546,4363
2021-04-15,Sacramento,067,1510023,101721,100782,1571,102353,1570
2021-04-15,San Benito,069,59416,5976,5969,111,6080,63
2021-04-15,San Bernardino,071,2135413,290885,289288,8865,298153,4544
2021-04-15,San Diego,073,3302833,275047,274250,14093,288343,3653
2021-04-15,San Francisco,075,870044,35935,35947,1256,37203,510
2021-04-15,San Joaquin,077,732212,71089,70189,3367,73556,1288
2021-04-15,San Luis Obispo,079,281455,20871,20591,687,21278,253
2021-04-15,San Mateo,081,765935,41522,41050,445,41495,352
2021-04-15,Santa Barbara,083,443738,34255,33672,1180,34852,446
2021-04-15,Santa Clara,085,1922200,116355,116602,695,117297,1927
2021-04-15,Santa Cruz,087,273765,15999,15509,807,16316,203
2021-04-15,Shasta,089,179085,11635,11597,1414,13011,191
2021-04-15,Sierra,091,2930,55,51,12,63,0
2021-04-15,Siskiyou,093,43540,1633,1524,285,1809,10
2021-04-15,Solano,095,438530,31597,31394,459,31853,239
2021-04-15,Sonoma,097,501317,29466,29587,296,29883,311
2021-04-15,Stanislaus,099,539301,54288,53918,5747,59665,728
2021-04-15,Sutter,101,95872,9288,9237,82,9319,109
2021-04-15,Tehama,103,63373,4900,4854,543,5397,52
2021-04-15,Trinity,105,12862,483,326,86,412,3
2021-04-15,Tulare,107,460477,49570,48556,8784,57340,829
2021-04-15,Tuolumne,109,53932,4005,4003,38,4041,57
2021-04-15,Ventura,111,848112,80485,79917,2931,82848,989
2021-04-15,Yolo,113,214977,13557,13547,265,13812,198
2021-04-15,Yuba,115,75493,5827,5788,116,5904,44
2021-04-14,Alameda,001,1643700,85458,85009,1871,86880,1247
2021-04-14,Alpine,003,1148,85,85,0,85,0
2021-04-14,Amador,005,37829,3627,3613,33,3646,46
2021-04-14,Butte,007,227075,11905,11513,1713,13226,196
2021-04-14,Calaveras,009,45235,2048,2037,12,2049,50
2021-04-14,Colusa,011,21464,1910,1905,285,2190,14
2021-04-14,Contra Costa,013,1133247,67154,66400,1171,67571,781
2021-04-14,Del Norte,015,27424,1265,1228,11,1239,6
2021-04-14,El Dorado,017,186661,9733,9625,659,10284,106
2021-04-14,Fresno,019,978130,101018,100376,8470,108846,1640
2021-04-14,Glenn,021,27897,2372,2353,537,2890,17
2021-04-14,Humboldt,023,135768,3594,3551,26,3577,35
2021-04-14,Imperial,025,180216,28044,27907,2726,30633,718
2021-04-14,Inyo,027,18085,1391,1392,10,1402,36
2021-04-14,Kern,029,883053,96069,94947,10504,105451,1287
2021-04-14,Kings,031,150075,22887,22641,1058,23699,243
2021-04-14,Lake,033,64148,3423,3396,9,3405,43
2021-04-14,Lassen,035,31185,5156,5151,105,5256,1
2021-04-14,Los Angeles,037,10098052,1194357,1186821,41020,1227841,23579
2021-04-14,Madera,039,155013,16356,16218,914,17132,231
2021-04-14,Marin,041,260295,13799,13768,236,14004,226
2021-04-14,Mariposa,043,17540,404,394,9,403,5
2021-04-14,Mendocino,045,87422,3787,3711,69,3780,46
2021-04-14,Merced,047,269075,30327,30296,969,31265,436
2021-04-14,Modoc,049,8938,368,355,122,477,3
2021-04-14,Mono,051,14174,1238,1252,16,1268,3
2021-04-14,Monterey,053,433212,42749,42595,1826,44421,347
2021-04-14,Napa,055,140530,9678,9643,34,9677,79
2021-04-14,Nevada,057,99092,4500,4421,184,4605,70
2021-04-14,Orange,059,3164182,253011,251568,11031,262599,4849
2021-04-14,Placer,061,380077,22255,21575,1366,22941,280
2021-04-14,Plumas,063,18699,676,665,10,675,4
2021-04-14,Riverside,065,2383286,291293,285583,13842,299425,4358
2021-04-14,Sacramento,067,1510023,101546,100645,1557,102202,1570
2021-04-14,San Benito,069,59416,5974,5960,111,6071,62
2021-04-14,San Bernardino,071,2135413,290818,289078,8862,297940,4523
2021-04-14,San Diego,073,3302833,274836,273969,14064,288033,3648
2021-04-14,San Francisco,075,870044,35897,35898,1255,37153,510
2021-04-14,San Joaquin,077,732212,71019,70095,3361,73456,1288
2021-04-14,San Luis Obispo,079,281455,20848,20561,677,21238,253
2021-04-14,San Mateo,081,765935,41482,40982,442,41424,352
2021-04-14,Santa Barbara,083,443738,34226,33650,1180,34830,445
2021-04-14,Santa Clara,085,1922200,116237,116488,692,117180,1922
2021-04-14,Santa Cruz,087,273765,15989,15481,807,16288,203
2021-04-14,Shasta,089,179085,11609,11581,1412,12993,190
2021-04-14,Sierra,091,2930,55,51,12,63,0
2021-04-14,Siskiyou,093,43540,1625,1518,284,1802,10
2021-04-14,Solano,095,438530,31544,31357,452,31809,239
2021-04-14,Sonoma,097,501317,29458,29572,294,29866,311
2021-04-14,Stanislaus,099,539301,54217,53836,5738,59574,727
2021-04-14,Sutter,101,95872,9280,9230,82,9312,106
2021-04-14,Tehama,103,63373,4894,4853,542,5395,52
2021-04-14,Trinity,105,12862,483,326,86,412,3
2021-04-14,Tulare,107,460477,49544,48527,8781,57308,827
2021-04-14,Tuolumne,109,53932,4004,3997,38,4035,57
2021-04-14,Ventura,111,848112,80449,79891,2929,82820,986
2021-04-14,Yolo,113,214977,13541,13530,263,13793,198
2021-04-14,Yuba,115,75493,5825,5778,116,5894,44
2021-04-13,Alameda,001,1643700,85353,84921,1867,86788,1239
2021-04-13,Alpine,003,1148,85,85,0,85,0
2021-04-13,Amador,005,37829,3624,3609,33,3642,46
2021-04-13,Butte,007,227075,11887,11497,1710,13207,196
2021-04-13,Calaveras,009,45235,2046,2035,12,2047,50
2021-04-13,Colusa,011,21464,1908,1905,283,2188,14
2021-04-13,Contra Costa,013,1133247,67064,66304,1171,67475,778
2021-04-13,Del Norte,015,27424,1260,1221,11,1232,6
2021-04-13,El Dorado,017,186661,9707,9609,657,10266,106
2021-04-13,Fresno,019,978130,100936,100357,8464,108821,1636
2021-04-13,Glenn,021,27897,2371,2351,537,2888,17
2021-04-13,Humboldt,023,135768,3577,3540,26,3566,35
2021-04-13,Imperial,025,180216,28025,27887,2718,30605,718
2021-04-13,Inyo,027,18085,1391,1391,10,1401,36
2021-04-13,Kern,029,883053,96025,94908,10492,105400,1285
2021-04-13,Kings,031,150075,22871,22636,1057,23693,243
2021-04-13,Lake,033,64148,3420,3390,9,3399,43
2021-04-13,Lassen,035,31185,5155,5147,105,5252,1
2021-04-13,Los Angeles,037,10098052,1193901,1186482,40977,1227459,23526
2021-04-13,Madera,039,155013,16346,16207,912,17119,231
2021-04-13,Marin,041,260295,13791,13760,235,13995,224
2021-04-13,Mariposa,043,17540,403,394,6,400,5
2021-04-13,Mendocino,045,87422,3781,3702,69,3771,46
2021-04-13,Merced,047,269075,30296,30276,967,31243,435
2021-04-13,Modoc,049,8938,368,355,122,477,3
2021-04-13,Mono,051,14174,1238,1251,16,1267,3
2021-04-13,Monterey,053,433212,42738,42577,1826,44403,347
2021-04-13,Napa,055,140530,9668,9627,34,9661,79
2021-04-13,Nevada,057,99092,4488,4415,184,4599,69
2021-04-13,Orange,059,3164182,252916,251491,11012,262503,4836
2021-04-13,Placer,061,380077,22218,21534,1363,22897,280
2021-04-13,Plumas,063,18699,675,665,10,675,4
2021-04-13,Riverside,065,2383286,291174,285505,13836,299341,4348
2021-04-13,Sacramento,067,1510023,101371,100551,1552,102103,1569
2021-04-13,San Benito,069,59416,5971,5946,111,6057,62
2021-04-13,San Bernardino,071,2135413,290702,288929,8856,297785,4521
2021-04-13,San Diego,073,3302833,274582,273709,14029,287738,3623
2021-04-13,San Francisco,075,870044,35861,35869,1251,37120,506
2021-04-13,San Joaquin,077,732212,70911,70034,3353,73387,1288
2021-04-13,San Luis Obispo,079,281455,20821,20536,667,21203,253
2021-04-13,San Mateo,081,765935,41437,40955,442,41397,353
2021-04-13,Santa Barbara,083,443738,34204,33613,1177,34790,444
2021-04-13,Santa Clara,085,1922200,116108,116363,690,117053,1923
2021-04-13,Santa Cruz,087,273765,15982,15449,807,16256,203
2021-04-13,Shasta,089,179085,11589,11536,1409,12945,189
2021-04-13,Sierra,091,2930,55,51,12,63,0
2021-04-13,Siskiyou,093,43540,1617,1511,280,1791,10
2021-04-13,Solano,095,438530,31495,31335,448,31783,239
2021-04-13,Sonoma,097,501317,29450,29544,293,29837,311
2021-04-13,Stanislaus,099,539301,54144,53797,5729,59526,722
2021-04-13,Sutter,101,95872,9276,9226,82,9308,106
2021-04-13,Tehama,103,63373,4887,4850,539,5389,52
2021-04-13,Trinity,105,12862,483,326,86,412,3
2021-04-13,Tulare,107,460477,49531,48511,8778,57289,825
2021-04-13,Tuolumne,109,53932,4002,3995,38,4033,57
2021-04-13,Ventura,111,848112,80417,79854,2927,82781,986
2021-04-13,Yolo,113,214977,13529,13516,262,13778,198
2021-04-13,Yuba,115,75493,5816,5776,116,5892,44
2021-04-12,Alameda,001,1643700,85249,84817,1866,86683,1238
2021-04-12,Alpine,003,1148,85,85,0,85,0
2021-04-12,Amador,005,37829,3623,3607,33,3640,46
2021-04-12,Butte,007,227075,11872,11488,1706,13194,193
2021-04-12,Calaveras,009,45235,2045,2033,12,2045,50
2021-04-12,Colusa,011,21464,1906,1904,281,2185,14
2021-04-12,Contra Costa,013,1133247,66982,66176,1171,67347,777
2021-04-12,Del Norte,015,27424,1257,1216,11,1227,6
2021-04-12,El Dorado,017,186661,9690,9588,655,10243,106
2021-04-12,Fresno,019,978130,100875,100277,8440,108717,1633
2021-04-12,Glenn,021,27897,2370,2349,537,2886,17
2021-04-12,Humboldt,023,135768,3563,3533,25,3558,35
2021-04-12,Imperial,025,180216,27995,27851,2713,30564,717
2021-04-12,Inyo,027,18085,1391,1390,10,1400,36
2021-04-12,Kern,029,883053,95988,94861,10481,105342,1283
2021-04-12,Kings,031,150075,22863,22621,1056,23677,241
2021-04-12,Lake,033,64148,3416,3380,9,3389,43
2021-04-12,Lassen,035,31185,5154,5147,105,5252,1
2021-04-12,Los Angeles,037,10098052,1193401,1186145,40937,1227082,23505
2021-04-12,Madera,039,155013,16334,16174,910,17084,231
2021-04-12,Marin,041,260295,13778,13751,233,13984,224
2021-04-12,Mariposa,043,17540,402,394,6,400,5
2021-04-12,Mendocino,045,87422,3780,3699,69,3768,46
2021-04-12,Merced,047,269075,30264,30261,965,31226,435
2021-04-12,Modoc,049,8938,366,352,122,474,3
2021-04-12,Mono,051,14174,1238,1251,16,1267,3
2021-04-12,Monterey,053,433212,42724,42555,1824,44379,346
2021-04-12,Napa,055,140530,9654,9603,34,9637,80
2021-04-12,Nevada,057,99092,4477,4408,184,4592,69
2021-04-12,Orange,059,3164182,252830,251350,10991,262341,4826
2021-04-12,Placer,061,380077,22168,21475,1360,22835,278
2021-04-12,Plumas,063,18699,673,666,10,676,4
2021-04-12,Riverside,065,2383286,291063,285361,13830,299191,4336
2021-04-12,Sacramento,067,1510023,101196,100394,1547,101941,1566
2021-04-12,San Benito,069,59416,5963,5942,110,6052,62
2021-04-12,San Bernardino,071,2135413,290595,288736,8844,297580,4493
2021-04-12,San Diego,073,3302833,274323,273431,14000,287431,3621
2021-04-12,San Francisco,075,870044,35827,35841,1250,37091,506
2021-04-12,San Joaquin,077,732212,70839,69968,3346,73314,1288
2021-04-12,San Luis Obispo,079,281455,20776,20515,654,21169,253
2021-04-12,San Mateo,081,765935,41395,40920,438,41358,353
2021-04-12,Santa Barbara,083,443738,34173,33606,1177,34783,444
2021-04-12,Santa Clara,085,1922200,115980,116252,688,116940,1923
2021-04-12,Santa Cruz,087,273765,15962,15406,807,16213,203
2021-04-12,Shasta,089,179085,11572,11509,1405,12914,189
2021-04-12,Sierra,091,2930,55,51,12,63,0
2021-04-12,Siskiyou,093,43540,1606,1511,278,1789,7
2021-04-12,Solano,095,438530,31453,31305,445,31750,238
2021-04-12,Sonoma,097,501317,29422,29500,293,29793,310
2021-04-12,Stanislaus,099,539301,54078,53722,5722,59444,707
2021-04-12,Sutter,101,95872,9265,9221,82,9303,106
2021-04-12,Tehama,103,63373,4878,4834,535,5369,52
2021-04-12,Trinity,105,12862,483,324,86,410,3
2021-04-12,Tulare,107,460477,49511,48495,8768,57263,824
2021-04-12,Tuolumne,109,53932,3998,3993,38,4031,57
2021-04-12,Ventura,111,848112,80384,79818,2925,82743,985
2021-04-12,Yolo,113,214977,13515,13510,261,13771,198
2021-04-12,Yuba,115,75493,5810,5773,116,5889,43
2021-04-11,Alameda,001,1643700,85113,84756,1860,86616,1238
2021-04-11,Alpine,003,1148,85,85,0,85,0
2021-04-11,Amador,005,37829,3621,3605,33,3638,46
2021-04-11,Butte,007,227075,11837,11487,1702,13189,193
2021-04-11,Calaveras,009,45235,2042,2036,12,2048,50
2021-04-11,Colusa,011,21464,1905,1904,280,2184,14
2021-04-11,Contra Costa,013,1133247,66873,66107,1168,67275,777
2021-04-11,Del Norte,015,27424,1251,1214,11,1225,6
2021-04-11,El Dorado,017,186661,9676,9575,652,10227,106
2021-04-11,Fresno,019,978130,100807,100230,8430,108660,1633
2021-04-11,Glenn,021,27897,2366,2348,536,2884,17
2021-04-11,Humboldt,023,135768,3553,3523,25,3548,35
2021-04-11,Imperial,025,180216,27971,27841,2711,30552,717
2021-04-11,Inyo,027,18085,1391,1390,10,1400,36
2021-04-11,Kern,029,883053,95927,94830,10473,105303,1283
2021-04-11,Kings,031,150075,22854,22618,1053,23671,241
2021-04-11,Lake,033,64148,3412,3377,9,3386,43
2021-04-11,Lassen,035,31185,5150,5147,105,5252,1
2021-04-11,Los Angeles,037,10098052,1192889,1185757,40895,1226652,23503
2021-04-11,Madera,039,155013,16315,16166,909,17075,231
2021-04-11,Marin,041,260295,13771,13741,232,13973,226
2021-04-11,Mariposa,043,17540,402,394,6,400,5
2021-04-11,Mendocino,045,87422,3778,3696,69,3765,46
2021-04-11,Merced,047,269075,30226,30249,964,31213,435
2021-04-11,Modoc,049,8938,365,352,120,472,3
2021-04-11,Mono,051,14174,1237,1250,16,1266,3
2021-04-11,Monterey,053,433212,42717,42547,1817,44364,346
2021-04-11,Napa,055,140530,9643,9592,34,9626,80
2021-04-11,Nevada,057,99092,4463,4394,184,4578,69
2021-04-11,Orange,059,3164182,252703,251233,10980,262213,4826
2021-04-11,Placer,061,380077,22110,21458,1355,22813,278
2021-04-11,Plumas,063,18699,673,666,10,676,4
2021-04-11,Riverside,065,2383286,290930,285269,13820,299089,4336
2021-04-11,Sacramento,067,1510023,101026,100296,1534,101830,1566
2021-04-11,San Benito,069,59416,5955,5941,109,6050,62
2021-04-11,San Bernardino,071,2135413,290486,288686,8838,297524,4492
2021-04-11,San Diego,073,3302833,274026,273287,13941,287228,3621
2021-04-11,San Francisco,075,870044,35791,35815,1247,37062,498
2021-04-11,San Joaquin,077,732212,70752,69939,3335,73274,1288
2021-04-11,San Luis Obispo,079,281455,20750,20501,651,21152,253
2021-04-11,San Mateo,081,765935,41337,40901,437,41338,353
2021-04-11,Santa Barbara,083,443738,34139,33591,1176,34767,444
2021-04-11,Santa Clara,085,1922200,115844,116161,685,116846,1923
2021-04-11,Santa Cruz,087,273765,15950,15382,807,16189,203
2021-04-11,Shasta,089,179085,11528,11504,1404,12908,189
2021-04-11,Sierra,091,2930,55,51,12,63,0
2021-04-11,Siskiyou,093,43540,1599,1509,275,1784,7
2021-04-11,Solano,095,438530,31401,31268,441,31709,238
2021-04-11,Sonoma,097,501317,29396,29496,289,29785,310
2021-04-11,Stanislaus,099,539301,53995,53683,5713,59396,707
2021-04-11,Sutter,101,95872,9256,9222,82,9304,106
2021-04-11,Tehama,103,63373,4875,4832,533,5365,52
2021-04-11,Trinity,105,12862,483,324,86,410,3
2021-04-11,Tulare,107,460477,49497,48479,8761,57240,824
2021-04-11,Tuolumne,109,53932,3996,3993,38,4031,57
2021-04-11,Ventura,111,848112,80336,79800,2919,82719,985
2021-04-11,Yolo,113,214977,13494,13496,259,13755,198
2021-04-11,Yuba,115,75493,5800,5768,116,5884,43
2021-04-10,Alameda,001,1643700,85049,84626,1860,86486,1238
2021-04-10,Alpine,003,1148,85,85,0,85,0
2021-04-10,Amador,005,37829,3619,3603,33,3636,46
2021-04-10,Butte,007,227075,11826,11482,1701,13183,193
2021-04-10,Calaveras,009,45235,2040,2032,12,2044,50
2021-04-10,Colusa,011,21464,1905,1902,280,2182,14
2021-04-10,Contra Costa,013,1133247,66812,66001,1165,67166,778
2021-04-10,Del Norte,015,27424,1248,1212,11,1223,6
2021-04-10,El Dorado,017,186661,9664,9549,649,10198,106
2021-04-10,Fresno,019,978130,100774,100135,8423,108558,1633
2021-04-10,Glenn,021,27897,2366,2343,536,2879,17
2021-04-10,Humboldt,023,135768,3543,3508,25,3533,35
2021-04-10,Imperial,025,180216,27957,27816,2711,30527,717
2021-04-10,Inyo,027,18085,1391,1387,10,1397,36
2021-04-10,Kern,029,883053,95913,94802,10467,105269,1284
2021-04-10,Kings,031,150075,22850,22614,1051,23665,241
2021-04-10,Lake,033,64148,3407,3368,9,3377,43
2021-04-10,Lassen,035,31185,5150,5146,104,5250,1
2021-04-10,Los Angeles,037,10098052,1192616,1185246,40877,1226123,23493
2021-04-10,Madera,039,155013,16307,16143,908,17051,231
2021-04-10,Marin,041,260295,13766,13731,232,13963,226
2021-04-10,Mariposa,043,17540,399,393,6,399,5
2021-04-10,Mendocino,045,87422,3776,3696,69,3765,46
2021-04-10,Merced,047,269075,30206,30225,963,31188,435
2021-04-10,Modoc,049,8938,365,352,120,472,3
2021-04-10,Mono,051,14174,1237,1249,16,1265,3
2021-04-10,Monterey,053,433212,42706,42527,1816,44343,346
2021-04-10,Napa,055,140530,9636,9569,34,9603,79
2021-04-10,Nevada,057,99092,4456,4379,184,4563,69
2021-04-10,Orange,059,3164182,252610,251139,10973,262112,4818
2021-04-10,Placer,061,380077,22079,21402,1349,22751,278
2021-04-10,Plumas,063,18699,673,666,10,676,4
2021-04-10,Riverside,065,2383286,290850,285082,13812,298894,4336
2021-04-10,Sacramento,067,1510023,100923,100048,1532,101580,1566
2021-04-10,San Benito,069,59416,5944,5932,108,6040,62
2021-04-10,San Bernardino,071,2135413,290422,288590,8831,297421,4489
2021-04-10,San Diego,073,3302833,273810,273058,13922,286980,3613
2021-04-10,San Francisco,075,870044,35761,35774,1243,37017,498
2021-04-10,San Joaquin,077,732212,70717,69852,3325,73177,1288
2021-04-10,San Luis Obispo,079,281455,20734,20461,650,21111,253
2021-04-10,San Mateo,081,765935,41304,40878,437,41315,350
2021-04-10,Santa Barbara,083,443738,34111,33541,1174,34715,444
2021-04-10,Santa Clara,085,1922200,115748,116015,684,116699,1923
2021-04-10,Santa Cruz,087,273765,15944,15360,807,16167,203
2021-04-10,Shasta,089,179085,11519,11492,1401,12893,189
2021-04-10,Sierra,091,2930,55,51,12,63,0
2021-04-10,Siskiyou,093,43540,1596,1512,275,1787,7
2021-04-10,Solano,095,438530,31367,31218,437,31655,238
2021-04-10,Sonoma,097,501317,29381,29469,289,29758,310
2021-04-10,Stanislaus,099,539301,53960,53596,5707,59303,707
2021-04-10,Sutter,101,95872,9254,9214,82,9296,106
2021-04-10,Tehama,103,63373,4873,4820,531,5351,52
2021-04-10,Trinity,105,12862,483,324,86,410,3
2021-04-10,Tulare,107,460477,49488,48470,8755,57225,824
2021-04-10,Tuolumne,109,53932,3993,3991,38,4029,57
2021-04-10,Ventura,111,848112,80308,79758,2917,82675,985
2021-04-10,Yolo,113,214977,13486,13494,258,13752,198
2021-04-10,Yuba,115,75493,5797,5757,115,5872,43
2021-04-09,Alameda,001,1643700,84982,84404,1852,86256,1237
2021-04-09,Alpine,003,1148,85,85,0,85,0
2021-04-09,Amador,005,37829,3618,3600,33,3633,46
2021-04-09,Butte,007,227075,11816,11454,1700,13154,193
2021-04-09,Calaveras,009,45235,2039,2028,12,2040,50
2021-04-09,Colusa,011,21464,1905,1898,280,2178,14
2021-04-09,Contra Costa,013,1133247,66719,65857,1159,67016,777
2021-04-09,Del Norte,015,27424,1247,1207,11,1218,6
2021-04-09,El Dorado,017,186661,9641,9528,645,10173,106
2021-04-09,Fresno,019,978130,100740,100027,8418,108445,1630
2021-04-09,Glenn,021,27897,2366,2337,536,2873,17
2021-04-09,Humboldt,023,135768,3533,3496,25,3521,35
2021-04-09,Imperial,025,180216,27942,27764,2709,30473,717
2021-04-09,Inyo,027,18085,1390,1386,10,1396,36
2021-04-09,Kern,029,883053,95875,94675,10465,105140,1282
2021-04-09,Kings,031,150075,22841,22595,1048,23643,242
2021-04-09,Lake,033,64148,3403,3362,9,3371,43
2021-04-09,Lassen,035,31185,5150,5140,104,5244,1
2021-04-09,Los Angeles,037,10098052,1192247,1184501,40847,1225348,23458
2021-04-09,Madera,039,155013,16304,16118,908,17026,231
2021-04-09,Marin,041,260295,13759,13721,232,13953,226
2021-04-09,Mariposa,043,17540,399,393,6,399,5
2021-04-09,Mendocino,045,87422,3774,3693,69,3762,46
2021-04-09,Merced,047,269075,30177,30179,962,31141,435
2021-04-09,Modoc,049,8938,364,352,120,472,3
2021-04-09,Mono,051,14174,1237,1247,16,1263,3
2021-04-09,Monterey,053,433212,42697,42481,1812,44293,344
2021-04-09,Napa,055,140530,9617,9574,34,9608,80
2021-04-09,Nevada,057,99092,4448,4373,184,4557,69
2021-04-09,Orange,059,3164182,252536,250852,10968,261820,4813
2021-04-09,Placer,061,380077,22048,21327,1341,22668,278
2021-04-09,Plumas,063,18699,672,666,10,676,4
2021-04-09,Riverside,065,2383286,290767,284562,13806,298368,4325
2021-04-09,Sacramento,067,1510023,100768,99722,1526,101248,1564
2021-04-09,San Benito,069,59416,5939,5925,107,6032,62
2021-04-09,San Bernardino,071,2135413,290353,288000,8828,296828,4467
2021-04-09,San Diego,073,3302833,273612,272697,13880,286577,3600
2021-04-09,San Francisco,075,870044,35720,35716,1238,36954,497
2021-04-09,San Joaquin,077,732212,70654,69675,3313,72988,1281
2021-04-09,San Luis Obispo,079,281455,20720,20427,650,21077,252
2021-04-09,San Mateo,081,765935,41268,40800,436,41236,350
2021-04-09,Santa Barbara,083,443738,34088,33424,1171,34595,444
2021-04-09,Santa Clara,085,1922200,115664,115749,682,116431,1923
2021-04-09,Santa Cruz,087,273765,15939,15331,807,16138,203
2021-04-09,Shasta,089,179085,11509,11478,1398,12876,188
2021-04-09,Sierra,091,2930,55,51,12,63,0
2021-04-09,Siskiyou,093,43540,1593,1510,274,1784,7
2021-04-09,Solano,095,438530,31334,31166,432,31598,238
2021-04-09,Sonoma,097,501317,29368,29433,289,29722,310
2021-04-09,Stanislaus,099,539301,53905,53504,5698,59202,705
2021-04-09,Sutter,101,95872,9247,9201,82,9283,106
2021-04-09,Tehama,103,63373,4867,4806,531,5337,52
2021-04-09,Trinity,105,12862,482,324,86,410,3
2021-04-09,Tulare,107,460477,49484,48430,8749,57179,824
2021-04-09,Tuolumne,109,53932,3992,3986,38,4024,57
2021-04-09,Ventura,111,848112,80280,79698,2917,82615,987
2021-04-09,Yolo,113,214977,13475,13478,256,13734,198
2021-04-09,Yuba,115,75493,5790,5754,115,5869,43
2021-04-08,Alameda,001,1643700,84875,84213,1849,86062,1232
2021-04-08,Alpine,003,1148,85,85,0,85,0
2021-04-08,Amador,005,37829,3614,3595,33,3628,46
2021-04-08,Butte,007,227075,11805,11414,1699,13113,193
2021-04-08,Calaveras,009,45235,2037,2027,12,2039,50
2021-04-08,Colusa,011,21464,1904,1897,280,2177,14
2021-04-08,Contra Costa,013,1133247,66609,65706,1156,66862,775
2021-04-08,Del Norte,015,27424,1241,1201,11,1212,6
2021-04-08,El Dorado,017,186661,9625,9513,640,10153,106
2021-04-08,Fresno,019,978130,100676,99935,8411,108346,1627
2021-04-08,Glenn,021,27897,2364,2337,536,2873,17
2021-04-08,Humboldt,023,135768,3523,3486,25,3511,35
2021-04-08,Imperial,025,180216,27915,27744,2705,30449,713
2021-04-08,Inyo,027,18085,1389,1386,10,1396,36
2021-04-08,Kern,029,883053,95829,94493,10452,104945,1281
2021-04-08,Kings,031,150075,22834,22589,1046,23635,243
2021-04-08,Lake,033,64148,3396,3360,9,3369,43
2021-04-08,Lassen,035,31185,5149,5136,104,5240,1
2021-04-08,Los Angeles,037,10098052,1191748,1184443,40809,1225252,23416
2021-04-08,Madera,039,155013,16292,16103,908,17011,231
2021-04-08,Marin,041,260295,13752,13704,232,13936,226
2021-04-08,Mariposa,043,17540,398,393,6,399,5
2021-04-08,Mendocino,045,87422,3772,3690,69,3759,45
2021-04-08,Merced,047,269075,30155,30163,962,31125,430
2021-04-08,Modoc,049,8938,364,352,120,472,3
2021-04-08,Mono,051,14174,1235,1247,16,1263,3
2021-04-08,Monterey,053,433212,42675,42437,1807,44244,342
2021-04-08,Napa,055,140530,9600,9569,34,9603,80
2021-04-08,Nevada,057,99092,4437,4367,184,4551,69
2021-04-08,Orange,059,3164182,252426,250529,10953,261482,4797
2021-04-08,Placer,061,380077,22007,21258,1332,22590,277
2021-04-08,Plumas,063,18699,672,665,10,675,4
2021-04-08,Riverside,065,2383286,290653,283853,13801,297654,4296
2021-04-08,Sacramento,067,1510023,100628,99319,1515,100834,1561
2021-04-08,San Benito,069,59416,5936,5914,105,6019,62
2021-04-08,San Bernardino,071,2135413,290255,287190,8825,296015,4445
2021-04-08,San Diego,073,3302833,273382,272495,13844,286339,3592
2021-04-08,San Francisco,075,870044,35697,35657,1237,36894,494
2021-04-08,San Joaquin,077,732212,70582,69479,3307,72786,1279
2021-04-08,San Luis Obispo,079,281455,20700,20402,648,21050,252
2021-04-08,San Mateo,081,765935,41228,40749,436,41185,350
2021-04-08,Santa Barbara,083,443738,34064,33309,1170,34479,444
2021-04-08,Santa Clara,085,1922200,115558,115487,681,116168,1905
2021-04-08,Santa Cruz,087,273765,15933,15296,807,16103,203
2021-04-08,Shasta,089,179085,11499,11466,1394,12860,186
2021-04-08,Sierra,091,2930,55,51,12,63,0
2021-04-08,Siskiyou,093,43540,1590,1511,274,1785,7
2021-04-08,Solano,095,438530,31285,31120,432,31552,238
2021-04-08,Sonoma,097,501317,29348,29410,288,29698,310
2021-04-08,Stanislaus,099,539301,53827,53401,5688,59089,706
2021-04-08,Sutter,101,95872,9243,9195,82,9277,106
2021-04-08,Tehama,103,63373,4863,4802,531,5333,52
2021-04-08,Trinity,105,12862,482,324,86,410,3
2021-04-08,Tulare,107,460477,49471,48409,8739,57148,821
2021-04-08,Tuolumne,109,53932,3992,3986,38,4024,57
2021-04-08,Ventura,111,848112,80243,79626,2913,82539,986
2021-04-08,Yolo,113,214977,13466,13468,255,13723,198
2021-04-08,Yuba,115,75493,5786,5743,115,5858,43
2021-04-07,Alameda,001,1643700,84792,84130,1847,85977,1224
2021-04-07,Alpine,003,1148,85,85,0,85,0
2021-04-07,Amador,005,37829,3611,3590,33,3623,46
2021-04-07,Butte,007,227075,11801,11405,1696,13101,193
2021-04-07,Calaveras,009,45235,2033,2022,12,2034,50
2021-04-07,Colusa,011,21464,1900,1894,279,2173,14
2021-04-07,Contra Costa,013,1133247,66523,65619,1155,66774,775
2021-04-07,Del Norte,015,27424,1239,1198,11,1209,6
2021-04-07,El Dorado,017,186661,9604,9500,635,10135,106
2021-04-07,Fresno,019,978130,100611,99865,8400,108265,1627
2021-04-07,Glenn,021,27897,2361,2337,535,2872,17
2021-04-07,Humboldt,023,135768,3511,3484,25,3509,35
2021-04-07,Imperial,025,180216,27891,27704,2699,30403,713
2021-04-07,Inyo,027,18085,1388,1386,10,1396,36
2021-04-07,Kern,029,883053,95793,94456,10437,104893,1275
2021-04-07,Kings,031,150075,22832,22589,1046,23635,243
2021-04-07,Lake,033,64148,3394,3358,9,3367,43
2021-04-07,Lassen,035,31185,5149,5137,104,5241,1
2021-04-07,Los Angeles,037,10098052,1191313,1183862,40787,1224649,23372
2021-04-07,Madera,039,155013,16273,16090,907,16997,231
2021-04-07,Marin,041,260295,13741,13688,230,13918,225
2021-04-07,Mariposa,043,17540,397,391,6,397,5
2021-04-07,Mendocino,045,87422,3771,3691,69,3760,45
2021-04-07,Merced,047,269075,30131,30132,958,31090,430
2021-04-07,Modoc,049,8938,364,351,120,471,3
2021-04-07,Mono,051,14174,1235,1246,16,1262,3
2021-04-07,Monterey,053,433212,42657,42427,1806,44233,341
2021-04-07,Napa,055,140530,9586,9556,34,9590,80
2021-04-07,Nevada,057,99092,4431,4364,184,4548,69
2021-04-07,Orange,059,3164182,252302,250378,10930,261308,4778
2021-04-07,Placer,061,380077,21962,21227,1324,22551,276
2021-04-07,Plumas,063,18699,672,665,10,675,4
2021-04-07,Riverside,065,2383286,290533,283749,13791,297540,4285
2021-04-07,Sacramento,067,1510023,100460,99202,1509,100711,1544
2021-04-07,San Benito,069,59416,5931,5912,104,6016,62
2021-04-07,San Bernardino,071,2135413,290138,286978,8820,295798,4433
2021-04-07,San Diego,073,3302833,273157,272195,13815,286010,3588
2021-04-07,San Francisco,075,870044,35657,35618,1233,36851,493
2021-04-07,San Joaquin,077,732212,70513,69375,3302,72677,1278
2021-04-07,San Luis Obispo,079,281455,20674,20373,645,21018,252
2021-04-07,San Mateo,081,765935,41184,40693,436,41129,350
2021-04-07,Santa Barbara,083,443738,34039,33289,1167,34456,444
2021-04-07,Santa Clara,085,1922200,115426,115311,679,115990,1900
2021-04-07,Santa Cruz,087,273765,15922,15275,807,16082,203
2021-04-07,Shasta,089,179085,11487,11456,1389,12845,184
2021-04-07,Sierra,091,2930,55,51,12,63,0
2021-04-07,Siskiyou,093,43540,1584,1512,273,1785,7
2021-04-07,Solano,095,438530,31234,31097,431,31528,238
2021-04-07,Sonoma,097,501317,29330,29394,287,29681,310
2021-04-07,Stanislaus,099,539301,53759,53344,5678,59022,686
2021-04-07,Sutter,101,95872,9240,9188,82,9270,106
2021-04-07,Tehama,103,63373,4855,4802,529,5331,52
2021-04-07,Trinity,105,12862,482,322,86,408,3
2021-04-07,Tulare,107,460477,49456,48386,8728,57114,820
2021-04-07,Tuolumne,109,53932,3990,3982,38,4020,57
2021-04-07,Ventura,111,848112,80209,79595,2911,82506,986
2021-04-07,Yolo,113,214977,13451,13450,253,13703,198
2021-04-07,Yuba,115,75493,5782,5737,115,5852,43
2021-04-06,Alameda,001,1643700,84679,84091,1843,85934,1223
2021-04-06,Alpine,003,1148,85,85,0,85,0
2021-04-06,Amador,005,37829,3610,3587,33,3620,45
2021-04-06,Butte,007,227075,11786,11396,1694,13090,193
2021-04-06,Calaveras,009,45235,2030,2021,12,2033,50
2021-04-06,Colusa,011,21464,1898,1894,277,2171,14
2021-04-06,Contra Costa,013,1133247,66446,65575,1154,66729,774
2021-04-06,Del Norte,015,27424,1234,1197,11,1208,6
2021-04-06,El Dorado,017,186661,9574,9489,633,10122,106
2021-04-06,Fresno,019,978130,100547,99814,8394,108208,1626
2021-04-06,Glenn,021,27897,2360,2335,535,2870,17
2021-04-06,Humboldt,023,135768,3502,3477,25,3502,35
2021-04-06,Imperial,025,180216,27857,27661,2689,30350,713
2021-04-06,Inyo,027,18085,1388,1379,10,1389,36
2021-04-06,Kern,029,883053,95749,94422,10431,104853,1259
2021-04-06,Kings,031,150075,22826,22587,1046,23633,240
2021-04-06,Lake,033,64148,3391,3358,9,3367,43
2021-04-06,Lassen,035,31185,5147,5137,104,5241,1
2021-04-06,Los Angeles,037,10098052,1190803,1183499,40747,1224246,23323
2021-04-06,Madera,039,155013,16253,16085,902,16987,230
2021-04-06,Marin,041,260295,13732,13675,227,13902,224
2021-04-06,Mariposa,043,17540,397,390,6,396,5
2021-04-06,Mendocino,045,87422,3769,3686,69,3755,45
2021-04-06,Merced,047,269075,30102,30100,953,31053,430
2021-04-06,Modoc,049,8938,363,351,120,471,3
2021-04-06,Mono,051,14174,1235,1246,16,1262,3
2021-04-06,Monterey,053,433212,42648,42412,1805,44217,341
2021-04-06,Napa,055,140530,9567,9509,34,9543,78
2021-04-06,Nevada,057,99092,4421,4356,182,4538,69
2021-04-06,Orange,059,3164182,252193,250304,10916,261220,4771
2021-04-06,Placer,061,380077,21914,21184,1322,22506,276
2021-04-06,Plumas,063,18699,672,665,10,675,4
2021-04-06,Riverside,065,2383286,290352,283622,13780,297402,4264
2021-04-06,Sacramento,067,1510023,100251,99110,1501,100611,1537
2021-04-06,San Benito,069,59416,5922,5907,104,6011,62
2021-04-06,San Bernardino,071,2135413,290024,286792,8810,295602,4428
2021-04-06,San Diego,073,3302833,272895,271867,13787,285654,3585
2021-04-06,San Francisco,075,870044,35614,35572,1233,36805,488
2021-04-06,San Joaquin,077,732212,70430,69316,3290,72606,1278
2021-04-06,San Luis Obispo,079,281455,20652,20350,642,20992,252
2021-04-06,San Mateo,081,765935,41136,40649,435,41084,350
2021-04-06,Santa Barbara,083,443738,34021,33257,1166,34423,443
2021-04-06,Santa Clara,085,1922200,115255,115184,678,115862,1900
2021-04-06,Santa Cruz,087,273765,15912,15252,807,16059,203
2021-04-06,Shasta,089,179085,11466,11443,1387,12830,184
2021-04-06,Sierra,091,2930,55,51,12,63,0
2021-04-06,Siskiyou,093,43540,1580,1510,272,1782,7
2021-04-06,Solano,095,438530,31187,31078,430,31508,237
2021-04-06,Sonoma,097,501317,29305,29386,285,29671,311
2021-04-06,Stanislaus,099,539301,53702,53304,5672,58976,686
2021-04-06,Sutter,101,95872,9230,9179,82,9261,106
2021-04-06,Tehama,103,63373,4846,4798,529,5327,52
2021-04-06,Trinity,105,12862,482,321,86,407,3
2021-04-06,Tulare,107,460477,49413,48372,8724,57096,819
2021-04-06,Tuolumne,109,53932,3990,3981,38,4019,57
2021-04-06,Ventura,111,848112,80172,79556,2909,82465,983
2021-04-06,Yolo,113,214977,13438,13443,252,13695,198
2021-04-06,Yuba,115,75493,5778,5733,114,5847,43
2021-04-05,Alameda,001,1643700,84562,84007,1839,85846,1219
2021-04-05,Alpine,003,1148,85,85,0,85,0
2021-04-05,Amador,005,37829,3607,3584,33,3617,45
2021-04-05,Butte,007,227075,11771,11384,1692,13076,193
2021-04-05,Calaveras,009,45235,2028,2019,12,2031,50
2021-04-05,Colusa,011,21464,1898,1894,276,2170,14
2021-04-05,Contra Costa,013,1133247,66380,65457,1152,66609,774
2021-04-05,Del Norte,015,27424,1232,1189,11,1200,6
2021-04-05,El Dorado,017,186661,9559,9463,633,10096,106
2021-04-05,Fresno,019,978130,100459,99755,8386,108141,1622
2021-04-05,Glenn,021,27897,2359,2335,535,2870,17
2021-04-05,Humboldt,023,135768,3493,3475,25,3500,35
2021-04-05,Imperial,025,180216,27825,27604,2684,30288,710
2021-04-05,Inyo,027,18085,1385,1377,10,1387,36
2021-04-05,Kern,029,883053,95694,94401,10406,104807,1249
2021-04-05,Kings,031,150075,22822,22580,1046,23626,239
2021-04-05,Lake,033,64148,3383,3359,9,3368,43
2021-04-05,Lassen,035,31185,5147,5138,103,5241,1
2021-04-05,Los Angeles,037,10098052,1190268,1183200,40696,1223896,23302
2021-04-05,Madera,039,155013,16239,16065,901,16966,230
2021-04-05,Marin,041,260295,13718,13666,223,13889,221
2021-04-05,Mariposa,043,17540,397,390,6,396,5
2021-04-05,Mendocino,045,87422,3767,3687,69,3756,45
2021-04-05,Merced,047,269075,30075,30068,952,31020,427
2021-04-05,Modoc,049,8938,361,346,120,466,3
2021-04-05,Mono,051,14174,1235,1246,16,1262,3
2021-04-05,Monterey,053,433212,42635,42396,1801,44197,341
2021-04-05,Napa,055,140530,9544,9492,34,9526,78
2021-04-05,Nevada,057,99092,4410,4346,182,4528,69
2021-04-05,Orange,059,3164182,252078,250177,10892,261069,4759
2021-04-05,Placer,061,380077,21868,21133,1314,22447,276
2021-04-05,Plumas,063,18699,672,666,10,676,4
2021-04-05,Riverside,065,2383286,290216,283549,13768,297317,4237
2021-04-05,Sacramento,067,1510023,100089,98908,1492,100400,1533
2021-04-05,San Benito,069,59416,5916,5904,104,6008,61
2021-04-05,San Bernardino,071,2135413,289913,286597,8807,295404,4425
2021-04-05,San Diego,073,3302833,272646,271655,13746,285401,3583
2021-04-05,San Francisco,075,870044,35583,35538,1233,36771,488
2021-04-05,San Joaquin,077,732212,70341,69214,3281,72495,1268
2021-04-05,San Luis Obispo,079,281455,20615,20333,642,20975,252
2021-04-05,San Mateo,081,765935,41093,40609,434,41043,350
2021-04-05,Santa Barbara,083,443738,33987,33235,1166,34401,443
2021-04-05,Santa Clara,085,1922200,115088,115091,675,115766,1893
2021-04-05,Santa Cruz,087,273765,15905,15228,807,16035,201
2021-04-05,Shasta,089,179085,11445,11435,1384,12819,184
2021-04-05,Sierra,091,2930,55,50,12,62,0
2021-04-05,Siskiyou,093,43540,1577,1509,270,1779,7
2021-04-05,Solano,095,438530,31146,31026,428,31454,237
2021-04-05,Sonoma,097,501317,29273,29361,283,29644,311
2021-04-05,Stanislaus,099,539301,53621,53238,5670,58908,686
2021-04-05,Sutter,101,95872,9223,9169,82,9251,106
2021-04-05,Tehama,103,63373,4840,4794,529,5323,52
2021-04-05,Trinity,105,12862,481,321,86,407,3
2021-04-05,Tulare,107,460477,49401,48356,8717,57073,818
2021-04-05,Tuolumne,109,53932,3989,3980,38,4018,57
2021-04-05,Ventura,111,848112,80141,79549,2906,82455,983
2021-04-05,Yolo,113,214977,13424,13427,251,13678,198
2021-04-05,Yuba,115,75493,5773,5728,113,5841,43
2021-04-04,Alameda,001,1643700,84445,83951,1835,85786,1219
2021-04-04,Alpine,003,1148,85,85,0,85,0
2021-04-04,Amador,005,37829,3601,3582,33,3615,45
2021-04-04,Butte,007,227075,11756,11375,1691,13066,193
2021-04-04,Calaveras,009,45235,2024,2020,12,2032,50
2021-04-04,Colusa,011,21464,1897,1893,276,2169,14
2021-04-04,Contra Costa,013,1133247,66274,65408,1147,66555,774
2021-04-04,Del Norte,015,27424,1224,1186,11,1197,6
2021-04-04,El Dorado,017,186661,9540,9455,629,10084,106
2021-04-04,Fresno,019,978130,100385,99702,8373,108075,1622
2021-04-04,Glenn,021,27897,2356,2335,534,2869,17
2021-04-04,Humboldt,023,135768,3482,3472,25,3497,35
2021-04-04,Imperial,025,180216,27769,27588,2682,30270,710
2021-04-04,Inyo,027,18085,1381,1377,10,1387,36
2021-04-04,Kern,029,883053,95650,94388,10385,104773,1247
2021-04-04,Kings,031,150075,22820,22580,1045,23625,239
2021-04-04,Lake,033,64148,3377,3355,8,3363,43
2021-04-04,Lassen,035,31185,5146,5138,103,5241,1
2021-04-04,Los Angeles,037,10098052,1189725,1182872,40652,1223524,23301
2021-04-04,Madera,039,155013,16213,16052,897,16949,230
2021-04-04,Marin,041,260295,13705,13663,222,13885,221
2021-04-04,Mariposa,043,17540,397,390,6,396,5
2021-04-04,Mendocino,045,87422,3764,3684,69,3753,45
2021-04-04,Merced,047,269075,30032,30048,949,30997,427
2021-04-04,Modoc,049,8938,361,346,120,466,3
2021-04-04,Mono,051,14174,1234,1245,16,1261,3
2021-04-04,Monterey,053,433212,42618,42391,1800,44191,341
2021-04-04,Napa,055,140530,9532,9486,34,9520,78
2021-04-04,Nevada,057,99092,4398,4337,182,4519,69
2021-04-04,Orange,059,3164182,251944,250117,10876,260993,4759
2021-04-04,Placer,061,380077,21823,21104,1296,22400,276
2021-04-04,Plumas,063,18699,672,666,10,676,4
2021-04-04,Riverside,065,2383286,290090,283537,13764,297301,4237
2021-04-04,Sacramento,067,1510023,99890,98821,1482,100303,1531
2021-04-04,San Benito,069,59416,5906,5901,100,6001,61
2021-04-04,San Bernardino,071,2135413,289772,286561,8799,295360,4423
2021-04-04,San Diego,073,3302833,272335,271528,13704,285232,3583
2021-04-04,San Francisco,075,870044,35529,35525,1230,36755,488
2021-04-04,San Joaquin,077,732212,70240,69147,3269,72416,1268
2021-04-04,San Luis Obispo,079,281455,20583,20328,634,20962,252
2021-04-04,San Mateo,081,765935,41050,40587,431,41018,350
2021-04-04,Santa Barbara,083,443738,33951,33213,1166,34379,443
2021-04-04,Santa Clara,085,1922200,114922,114976,668,115644,1893
2021-04-04,Santa Cruz,087,273765,15896,15219,807,16026,201
2021-04-04,Shasta,089,179085,11419,11433,1383,12816,184
2021-04-04,Sierra,091,2930,55,50,12,62,0
2021-04-04,Siskiyou,093,43540,1574,1509,266,1775,7
2021-04-04,Solano,095,438530,31099,31002,426,31428,237
2021-04-04,Sonoma,097,501317,29241,29340,281,29621,311
2021-04-04,Stanislaus,099,539301,53528,53181,5662,58843,686
2021-04-04,Sutter,101,95872,9216,9164,82,9246,106
2021-04-04,Tehama,103,63373,4828,4792,528,5320,52
2021-04-04,Trinity,105,12862,479,321,86,407,3
2021-04-04,Tulare,107,460477,49386,48343,8709,57052,818
2021-04-04,Tuolumne,109,53932,3981,3980,38,4018,57
2021-04-04,Ventura,111,848112,80098,79526,2904,82430,983
2021-04-04,Yolo,113,214977,13403,13425,250,13675,198
2021-04-04,Yuba,115,75493,5766,5722,113,5835,43
2021-04-03,Alameda,001,1643700,84377,83861,1833,85694,1218
2021-04-03,Alpine,003,1148,85,85,0,85,0
2021-04-03,Amador,005,37829,3598,3577,33,3610,45
2021-04-03,Butte,007,227075,11752,11359,1687,13046,193
2021-04-03,Calaveras,009,45235,2021,2019,12,2031,50
2021-04-03,Colusa,011,21464,1897,1891,276,2167,14
2021-04-03,Contra Costa,013,1133247,66202,65338,1147,66485,774
2021-04-03,Del Norte,015,27424,1219,1183,11,1194,6
2021-04-03,El Dorado,017,186661,9531,9448,628,10076,106
2021-04-03,Fresno,019,978130,100328,99602,8367,107969,1622
2021-04-03,Glenn,021,27897,2356,2334,533,2867,17
2021-04-03,Humboldt,023,135768,3480,3467,25,3492,35
2021-04-03,Imperial,025,180216,27753,27572,2679,30251,710
2021-04-03,Inyo,027,18085,1380,1376,10,1386,36
2021-04-03,Kern,029,883053,95624,94369,10369,104738,1243
2021-04-03,Kings,031,150075,22818,22580,1045,23625,239
2021-04-03,Lake,033,64148,3376,3350,8,3358,43
2021-04-03,Lassen,035,31185,5145,5136,103,5239,1
2021-04-03,Los Angeles,037,10098052,1189424,1182402,40634,1223036,23301
2021-04-03,Madera,039,155013,16204,16051,895,16946,230
2021-04-03,Marin,041,260295,13697,13658,221,13879,221
2021-04-03,Mariposa,043,17540,397,390,5,395,5
2021-04-03,Mendocino,045,87422,3763,3684,69,3753,45
2021-04-03,Merced,047,269075,30017,30031,949,30980,427
2021-04-03,Modoc,049,8938,361,346,120,466,3
2021-04-03,Mono,051,14174,1234,1245,16,1261,3
2021-04-03,Monterey,053,433212,42605,42376,1798,44174,341
2021-04-03,Napa,055,140530,9523,9473,34,9507,78
2021-04-03,Nevada,057,99092,4394,4323,182,4505,69
2021-04-03,Orange,059,3164182,251864,249982,10858,260840,4755
2021-04-03,Placer,061,380077,21792,21060,1292,22352,276
2021-04-03,Plumas,063,18699,672,666,10,676,4
2021-04-03,Riverside,065,2383286,290012,283423,13761,297184,4237
2021-04-03,Sacramento,067,1510023,99782,98660,1476,100136,1531
2021-04-03,San Benito,069,59416,5903,5893,99,5992,61
2021-04-03,San Bernardino,071,2135413,289707,286473,8793,295266,4422
2021-04-03,San Diego,073,3302833,272166,271335,13687,285022,3571
2021-04-03,San Francisco,075,870044,35510,35488,1228,36716,489
2021-04-03,San Joaquin,077,732212,70199,69100,3253,72353,1268
2021-04-03,San Luis Obispo,079,281455,20564,20301,634,20935,252
2021-04-03,San Mateo,081,765935,41025,40560,431,40991,350
2021-04-03,Santa Barbara,083,443738,33925,33172,1165,34337,443
2021-04-03,Santa Clara,085,1922200,114814,114865,666,115531,1893
2021-04-03,Santa Cruz,087,273765,15889,15205,807,16012,201
2021-04-03,Shasta,089,179085,11411,11418,1383,12801,184
2021-04-03,Sierra,091,2930,55,50,12,62,0
2021-04-03,Siskiyou,093,43540,1573,1509,266,1775,7
2021-04-03,Solano,095,438530,31078,30970,423,31393,237
2021-04-03,Sonoma,097,501317,29225,29315,280,29595,311
2021-04-03,Stanislaus,099,539301,53493,53137,5656,58793,686
2021-04-03,Sutter,101,95872,9210,9158,82,9240,106
2021-04-03,Tehama,103,63373,4821,4788,528,5316,52
2021-04-03,Trinity,105,12862,479,321,86,407,3
2021-04-03,Tulare,107,460477,49376,48327,8705,57032,818
2021-04-03,Tuolumne,109,53932,3981,3980,38,4018,57
2021-04-03,Ventura,111,848112,80077,79489,2902,82391,983
2021-04-03,Yolo,113,214977,13397,13414,250,13664,198
2021-04-03,Yuba,115,75493,5760,5716,113,5829,43
2021-04-02,Alameda,001,1643700,84304,83776,1830,85606,1217
2021-04-02,Alpine,003,1148,85,85,0,85,0
2021-04-02,Amador,005,37829,3594,3573,32,3605,45
2021-04-02,Butte,007,227075,11744,11350,1687,13037,193
2021-04-02,Calaveras,009,45235,2017,2010,12,2022,50
2021-04-02,Colusa,011,21464,1897,1891,276,2167,14
2021-04-02,Contra Costa,013,1133247,66138,65299,1146,66445,774
2021-04-02,Del Norte,015,27424,1216,1174,11,1185,6
2021-04-02,El Dorado,017,186661,9518,9437,625,10062,106
2021-04-02,Fresno,019,978130,100274,99551,8356,107907,1620
2021-04-02,Glenn,021,27897,2356,2331,533,2864,17
2021-04-02,Humboldt,023,135768,3476,3465,25,3490,35
2021-04-02,Imperial,025,180216,27740,27553,2672,30225,710
2021-04-02,Inyo,027,18085,1380,1377,10,1387,36
2021-04-02,Kern,029,883053,95606,94348,10366,104714,1233
2021-04-02,Kings,031,150075,22818,22571,1042,23613,239
2021-04-02,Lake,033,64148,3374,3348,8,3356,43
2021-04-02,Lassen,035,31185,5145,5134,103,5237,1
2021-04-02,Los Angeles,037,10098052,1189115,1181682,40611,1222293,23264
2021-04-02,Madera,039,155013,16195,16036,894,16930,230
2021-04-02,Marin,041,260295,13689,13649,221,13870,221
2021-04-02,Mariposa,043,17540,395,390,5,395,5
2021-04-02,Mendocino,045,87422,3760,3682,69,3751,45
2021-04-02,Merced,047,269075,29993,29998,949,30947,426
2021-04-02,Modoc,049,8938,358,346,120,466,3
2021-04-02,Mono,051,14174,1234,1246,16,1262,3
2021-04-02,Monterey,053,433212,42595,42359,1795,44154,341
2021-04-02,Napa,055,140530,9508,9453,34,9487,78
2021-04-02,Nevada,057,99092,4390,4323,182,4505,69
2021-04-02,Orange,059,3164182,251768,249891,10845,260736,4748
2021-04-02,Placer,061,380077,21756,21035,1286,22321,275
2021-04-02,Plumas,063,18699,672,666,10,676,4
2021-04-02,Riverside,065,2383286,289926,283328,13752,297080,4213
2021-04-02,Sacramento,067,1510023,99675,98648,1469,100117,1527
2021-04-02,San Benito,069,59416,5901,5888,97,5985,61
2021-04-02,San Bernardino,071,2135413,289634,286308,8789,295097,4417
2021-04-02,San Diego,073,3302833,271980,271036,13661,284697,3568
2021-04-02,San Francisco,075,870044,35475,35451,1226,36677,488
2021-04-02,San Joaquin,077,732212,70134,68996,3238,72234,1268
2021-04-02,San Luis Obispo,079,281455,20547,20271,633,20904,252
2021-04-02,San Mateo,081,765935,40983,40514,431,40945,350
2021-04-02,Santa Barbara,083,443738,33897,33145,1165,34310,443
2021-04-02,Santa Clara,085,1922200,114703,114777,664,115441,1882
2021-04-02,Santa Cruz,087,273765,15881,15216,807,16023,202
2021-04-02,Shasta,089,179085,11406,11377,1375,12752,181
2021-04-02,Sierra,091,2930,55,50,12,62,0
2021-04-02,Siskiyou,093,43540,1573,1508,265,1773,7
2021-04-02,Solano,095,438530,31049,30951,420,31371,237
2021-04-02,Sonoma,097,501317,29204,29288,279,29567,311
2021-04-02,Stanislaus,099,539301,53448,53073,5650,58723,687
2021-04-02,Sutter,101,95872,9202,9131,82,9213,106
2021-04-02,Tehama,103,63373,4814,4775,527,5302,52
2021-04-02,Trinity,105,12862,479,320,86,406,3
2021-04-02,Tulare,107,460477,49370,48306,8699,57005,818
2021-04-02,Tuolumne,109,53932,3978,3980,38,4018,57
2021-04-02,Ventura,111,848112,80049,79434,2900,82334,982
2021-04-02,Yolo,113,214977,13387,13381,250,13631,197
2021-04-02,Yuba,115,75493,5756,5709,113,5822,44
2021-04-01,Alameda,001,1643700,84224,83574,1825,85399,1216
2021-04-01,Alpine,003,1148,85,85,0,85,0
2021-04-01,Amador,005,37829,3590,3558,32,3590,45
2021-04-01,Butte,007,227075,11726,11328,1685,13013,193
2021-04-01,Calaveras,009,45235,2013,2006,12,2018,50
2021-04-01,Colusa,011,21464,1894,1890,276,2166,14
2021-04-01,Contra Costa,013,1133247,66078,65176,1144,66320,771
2021-04-01,Del Norte,015,27424,1211,1138,11,1149,6
2021-04-01,El Dorado,017,186661,9509,9393,621,10014,106
2021-04-01,Fresno,019,978130,100220,99317,8348,107665,1616
2021-04-01,Glenn,021,27897,2356,2322,532,2854,17
2021-04-01,Humboldt,023,135768,3472,3464,25,3489,35
2021-04-01,Imperial,025,180216,27710,27520,2666,30186,710
2021-04-01,Inyo,027,18085,1379,1374,10,1384,36
2021-04-01,Kern,029,883053,95570,94244,10354,104598,1233
2021-04-01,Kings,031,150075,22811,22560,1041,23601,239
2021-04-01,Lake,033,64148,3369,3337,8,3345,43
2021-04-01,Lassen,035,31185,5144,5132,103,5235,1
2021-04-01,Los Angeles,037,10098052,1188626,1181101,40585,1221686,23220
2021-04-01,Madera,039,155013,16179,16023,894,16917,230
2021-04-01,Marin,041,260295,13679,13635,221,13856,221
2021-04-01,Mariposa,043,17540,393,389,5,394,5
2021-04-01,Mendocino,045,87422,3760,3680,69,3749,45
2021-04-01,Merced,047,269075,29959,29820,949,30769,425
2021-04-01,Modoc,049,8938,357,346,120,466,3
2021-04-01,Mono,051,14174,1234,1245,16,1261,3
2021-04-01,Monterey,053,433212,42587,42324,1793,44117,339
2021-04-01,Napa,055,140530,9496,9410,34,9444,78
2021-04-01,Nevada,057,99092,4380,4288,181,4469,68
2021-04-01,Orange,059,3164182,251648,249617,10828,260445,4742
2021-04-01,Placer,061,380077,21717,20909,1274,22183,274
2021-04-01,Plumas,063,18699,672,664,10,674,4
2021-04-01,Riverside,065,2383286,289821,283128,13749,296877,4193
2021-04-01,Sacramento,067,1510023,99530,97952,1455,99407,1521
2021-04-01,San Benito,069,59416,5893,5878,96,5974,61
2021-04-01,San Bernardino,071,2135413,289517,286086,8780,294866,4404
2021-04-01,San Diego,073,3302833,271755,270540,13631,284171,3555
2021-04-01,San Francisco,075,870044,35454,35386,1223,36609,488
2021-04-01,San Joaquin,077,732212,70052,68802,3230,72032,1262
2021-04-01,San Luis Obispo,079,281455,20518,20235,632,20867,252
2021-04-01,San Mateo,081,765935,40942,40454,431,40885,350
2021-04-01,Santa Barbara,083,443738,33852,33096,1160,34256,443
2021-04-01,Santa Clara,085,1922200,114590,114606,663,115269,1874
2021-04-01,Santa Cruz,087,273765,15866,15271,807,16078,202
2021-04-01,Shasta,089,179085,11391,11355,1369,12724,181
2021-04-01,Sierra,091,2930,55,50,12,62,0
2021-04-01,Siskiyou,093,43540,1571,1507,264,1771,7
2021-04-01,Solano,095,438530,31016,30850,417,31267,237
2021-04-01,Sonoma,097,501317,29173,29241,272,29513,311
2021-04-01,Stanislaus,099,539301,53385,52825,5644,58469,687
2021-04-01,Sutter,101,95872,9190,9105,82,9187,106
2021-04-01,Tehama,103,63373,4808,4764,524,5288,52
2021-04-01,Trinity,105,12862,479,319,86,405,3
2021-04-01,Tulare,107,460477,49347,48279,8689,56968,817
2021-04-01,Tuolumne,109,53932,3977,3978,38,4016,57
2021-04-01,Ventura,111,848112,80025,79369,2899,82268,977
2021-04-01,Yolo,113,214977,13374,13342,250,13592,197
2021-04-01,Yuba,115,75493,5751,5694,113,5807,44
2021-03-31,Alameda,001,1643700,84142,83475,1820,85295,1215
2021-03-31,Alpine,003,1148,85,85,0,85,0
2021-03-31,Amador,005,37829,3587,3556,32,3588,45
2021-03-31,Butte,007,227075,11716,11321,1682,13003,193
2021-03-31,Calaveras,009,45235,2011,2005,12,2017,50
2021-03-31,Colusa,011,21464,1894,1890,276,2166,14
2021-03-31,Contra Costa,013,1133247,65993,65109,1143,66252,769
2021-03-31,Del Norte,015,27424,1202,1129,11,1140,6
2021-03-31,El Dorado,017,186661,9492,9390,621,10011,106
2021-03-31,Fresno,019,978130,100127,99240,8331,107571,1616
2021-03-31,Glenn,021,27897,2351,2318,530,2848,17
2021-03-31,Humboldt,023,135768,3466,3460,25,3485,35
2021-03-31,Imperial,025,180216,27690,27506,2663,30169,710
2021-03-31,Inyo,027,18085,1376,1373,9,1382,35
2021-03-31,Kern,029,883053,95527,94205,10345,104550,1229
2021-03-31,Kings,031,150075,22808,22540,1041,23581,239
2021-03-31,Lake,033,64148,3365,3332,8,3340,43
2021-03-31,Lassen,035,31185,5140,5132,103,5235,1
2021-03-31,Los Angeles,037,10098052,1188160,1180538,40545,1221083,23171
2021-03-31,Madera,039,155013,16165,16015,893,16908,229
2021-03-31,Marin,041,260295,13668,13624,221,13845,221
2021-03-31,Mariposa,043,17540,393,389,5,394,5
2021-03-31,Mendocino,045,87422,3754,3675,69,3744,45
2021-03-31,Merced,047,269075,29930,29780,949,30729,423
2021-03-31,Modoc,049,8938,357,346,120,466,3
2021-03-31,Mono,051,14174,1234,1245,16,1261,3
2021-03-31,Monterey,053,433212,42570,42309,1791,44100,338
2021-03-31,Napa,055,140530,9478,9401,34,9435,78
2021-03-31,Nevada,057,99092,4374,4283,181,4464,68
2021-03-31,Orange,059,3164182,251537,249518,10813,260331,4731
2021-03-31,Placer,061,380077,21667,20885,1267,22152,271
2021-03-31,Plumas,063,18699,671,663,10,673,4
2021-03-31,Riverside,065,2383286,289719,283006,13739,296745,4171
2021-03-31,Sacramento,067,1510023,99354,97760,1448,99208,1519
2021-03-31,San Benito,069,59416,5883,5875,96,5971,61
2021-03-31,San Bernardino,071,2135413,289423,285916,8777,294693,4356
2021-03-31,San Diego,073,3302833,271524,270288,13596,283884,3555
2021-03-31,San Francisco,075,870044,35410,35347,1222,36569,474
2021-03-31,San Joaquin,077,732212,69963,68685,3214,71899,1259
2021-03-31,San Luis Obispo,079,281455,20497,20215,631,20846,251
2021-03-31,San Mateo,081,765935,40912,40423,431,40854,350
2021-03-31,Santa Barbara,083,443738,33821,33052,1158,34210,443
2021-03-31,Santa Clara,085,1922200,114463,114499,663,115162,1874
2021-03-31,Santa Cruz,087,273765,15853,15295,806,16101,201
2021-03-31,Shasta,089,179085,11379,11327,1361,12688,179
2021-03-31,Sierra,091,2930,55,50,12,62,0
2021-03-31,Siskiyou,093,43540,1570,1505,264,1769,7
2021-03-31,Solano,095,438530,30970,30824,416,31240,235
2021-03-31,Sonoma,097,501317,29146,29216,272,29488,311
2021-03-31,Stanislaus,099,539301,53317,52782,5632,58414,687
2021-03-31,Sutter,101,95872,9179,9111,82,9193,106
2021-03-31,Tehama,103,63373,4803,4762,521,5283,52
2021-03-31,Trinity,105,12862,479,319,86,405,3
2021-03-31,Tulare,107,460477,49327,48261,8673,56934,816
2021-03-31,Tuolumne,109,53932,3977,3976,38,4014,57
2021-03-31,Ventura,111,848112,79993,79326,2895,82221,969
2021-03-31,Yolo,113,214977,13357,13359,249,13608,197
2021-03-31,Yuba,115,75493,5744,5686,113,5799,44
2021-03-30,Alameda,001,1643700,84041,83395,1817,85212,1211
2021-03-30,Alpine,003,1148,85,85,0,85,0
2021-03-30,Amador,005,37829,3584,3551,32,3583,45
2021-03-30,Butte,007,227075,11704,11296,1679,12975,193
2021-03-30,Calaveras,009,45235,2005,1997,12,2009,50
2021-03-30,Colusa,011,21464,1893,1890,275,2165,14
2021-03-30,Contra Costa,013,1133247,65905,65041,1141,66182,767
2021-03-30,Del Norte,015,27424,1194,1118,10,1128,6
2021-03-30,El Dorado,017,186661,9473,9381,618,9999,105
2021-03-30,Fresno,019,978130,100062,99156,8319,107475,1609
2021-03-30,Glenn,021,27897,2351,2310,529,2839,17
2021-03-30,Humboldt,023,135768,3464,3461,25,3486,35
2021-03-30,Imperial,025,180216,27661,27471,2661,30132,706
2021-03-30,Inyo,027,18085,1376,1374,9,1383,35
2021-03-30,Kern,029,883053,95485,94151,10336,104487,1221
2021-03-30,Kings,031,150075,22804,22530,1039,23569,238
2021-03-30,Lake,033,64148,3359,3330,8,3338,43
2021-03-30,Lassen,035,31185,5140,5132,103,5235,1
2021-03-30,Los Angeles,037,10098052,1187667,1180044,40523,1220567,23136
2021-03-30,Madera,039,155013,16155,16003,889,16892,229
2021-03-30,Marin,041,260295,13659,13611,213,13824,221
2021-03-30,Mariposa,043,17540,393,388,5,393,5
2021-03-30,Mendocino,045,87422,3752,3670,69,3739,45
2021-03-30,Merced,047,269075,29894,29731,949,30680,423
2021-03-30,Modoc,049,8938,356,346,120,466,3
2021-03-30,Mono,051,14174,1233,1245,16,1261,3
2021-03-30,Monterey,053,433212,42544,42308,1788,44096,338
2021-03-30,Napa,055,140530,9463,9391,34,9425,78
2021-03-30,Nevada,057,99092,4362,4266,180,4446,68
2021-03-30,Orange,059,3164182,251408,249412,10786,260198,4727
2021-03-30,Placer,061,380077,21627,20866,1261,22127,271
2021-03-30,Plumas,063,18699,671,661,10,671,4
2021-03-30,Riverside,065,2383286,289594,282930,13730,296660,4154
2021-03-30,Sacramento,067,1510023,99217,97718,1444,99162,1516
2021-03-30,San Benito,069,59416,5877,5870,96,5966,61
2021-03-30,San Bernardino,071,2135413,289315,285758,8768,294526,4343
2021-03-30,San Diego,073,3302833,271287,269998,13558,283556,3555
2021-03-30,San Francisco,075,870044,35360,35325,1221,36546,474
2021-03-30,San Joaquin,077,732212,69875,68613,3204,71817,1232
2021-03-30,San Luis Obispo,079,281455,20477,20194,631,20825,251
2021-03-30,San Mateo,081,765935,40867,40377,431,40808,349
2021-03-30,Santa Barbara,083,443738,33796,33016,1158,34174,441
2021-03-30,Santa Clara,085,1922200,114340,114413,662,115075,1873
2021-03-30,Santa Cruz,087,273765,15847,15278,806,16084,201
2021-03-30,Shasta,089,179085,11371,11316,1360,12676,184
2021-03-30,Sierra,091,2930,55,50,12,62,0
2021-03-30,Siskiyou,093,43540,1569,1501,264,1765,7
2021-03-30,Solano,095,438530,30940,30802,415,31217,232
2021-03-30,Sonoma,097,501317,29114,29198,272,29470,311
2021-03-30,Stanislaus,099,539301,53239,52690,5624,58314,677
2021-03-30,Sutter,101,95872,9175,9107,81,9188,106
2021-03-30,Tehama,103,63373,4794,4748,520,5268,52
2021-03-30,Trinity,105,12862,479,316,86,402,3
2021-03-30,Tulare,107,460477,49313,48249,8664,56913,815
2021-03-30,Tuolumne,109,53932,3972,3972,38,4010,57
2021-03-30,Ventura,111,848112,79949,79282,2892,82174,958
2021-03-30,Yolo,113,214977,13345,13353,249,13602,195
2021-03-30,Yuba,115,75493,5733,5679,107,5786,42
2021-03-29,Alameda,001,1643700,83941,83338,1815,85153,1211
2021-03-29,Alpine,003,1148,85,85,0,85,0
2021-03-29,Amador,005,37829,3578,3549,32,3581,45
2021-03-29,Butte,007,227075,11695,11291,1676,12967,191
2021-03-29,Calaveras,009,45235,2004,1998,12,2010,50
2021-03-29,Colusa,011,21464,1893,1889,274,2163,14
2021-03-29,Contra Costa,013,1133247,65836,64971,1140,66111,767
2021-03-29,Del Norte,015,27424,1189,1116,9,1125,6
2021-03-29,El Dorado,017,186661,9453,9374,612,9986,105
2021-03-29,Fresno,019,978130,99979,99085,8304,107389,1606
2021-03-29,Glenn,021,27897,2345,2310,529,2839,17
2021-03-29,Humboldt,023,135768,3459,3459,25,3484,34
2021-03-29,Imperial,025,180216,27641,27442,2658,30100,704
2021-03-29,Inyo,027,18085,1376,1372,9,1381,35
2021-03-29,Kern,029,883053,95437,94098,10316,104414,1220
2021-03-29,Kings,031,150075,22792,22522,1038,23560,238
2021-03-29,Lake,033,64148,3356,3325,8,3333,43
2021-03-29,Lassen,035,31185,5140,5131,103,5234,1
2021-03-29,Los Angeles,037,10098052,1187173,1179736,40483,1220219,23108
2021-03-29,Madera,039,155013,16135,15987,887,16874,210
2021-03-29,Marin,041,260295,13647,13600,209,13809,220
2021-03-29,Mariposa,043,17540,392,388,5,393,5
2021-03-29,Mendocino,045,87422,3749,3667,69,3736,45
2021-03-29,Merced,047,269075,29870,29699,949,30648,422
2021-03-29,Modoc,049,8938,355,344,120,464,3
2021-03-29,Mono,051,14174,1232,1243,16,1259,3
2021-03-29,Monterey,053,433212,42528,42305,1783,44088,337
2021-03-29,Napa,055,140530,9447,9379,34,9413,78
2021-03-29,Nevada,057,99092,4355,4258,180,4438,68
2021-03-29,Orange,059,3164182,251296,249295,10774,260069,4713
2021-03-29,Placer,061,380077,21592,20827,1254,22081,267
2021-03-29,Plumas,063,18699,670,660,10,670,4
2021-03-29,Riverside,065,2383286,289491,282867,13729,296596,4133
2021-03-29,Sacramento,067,1510023,99023,97577,1436,99013,1514
2021-03-29,San Benito,069,59416,5870,5865,96,5961,61
2021-03-29,San Bernardino,071,2135413,289218,285615,8764,294379,4335
2021-03-29,San Diego,073,3302833,271021,269771,13532,283303,3547
2021-03-29,San Francisco,075,870044,35325,35291,1218,36509,474
2021-03-29,San Joaquin,077,732212,69789,68537,3191,71728,1211
2021-03-29,San Luis Obispo,079,281455,20442,20176,630,20806,250
2021-03-29,San Mateo,081,765935,40825,40357,430,40787,348
2021-03-29,Santa Barbara,083,443738,33762,32983,1157,34140,439
2021-03-29,Santa Clara,085,1922200,114232,114335,657,114992,1871
2021-03-29,Santa Cruz,087,273765,15836,15249,805,16054,201
2021-03-29,Shasta,089,179085,11353,11313,1358,12671,183
2021-03-29,Sierra,091,2930,55,50,12,62,0
2021-03-29,Siskiyou,093,43540,1568,1497,263,1760,6
2021-03-29,Solano,095,438530,30901,30762,413,31175,232
2021-03-29,Sonoma,097,501317,29091,29184,269,29453,310
2021-03-29,Stanislaus,099,539301,53155,52614,5616,58230,677
2021-03-29,Sutter,101,95872,9168,9105,81,9186,106
2021-03-29,Tehama,103,63373,4786,4742,519,5261,52
2021-03-29,Trinity,105,12862,479,314,86,400,3
2021-03-29,Tulare,107,460477,49285,48226,8653,56879,815
2021-03-29,Tuolumne,109,53932,3970,3969,38,4007,57
2021-03-29,Ventura,111,848112,79907,79252,2892,82144,956
2021-03-29,Yolo,113,214977,13327,13346,249,13595,195
2021-03-29,Yuba,115,75493,5726,5671,106,5777,42
2021-03-28,Alameda,001,1643700,83820,83239,1813,85052,1212
2021-03-28,Alpine,003,1148,85,85,0,85,0
2021-03-28,Amador,005,37829,3574,3541,32,3573,45
2021-03-28,Butte,007,227075,11682,11285,1674,12959,191
2021-03-28,Calaveras,009,45235,2002,1995,12,2007,50
2021-03-28,Colusa,011,21464,1892,1889,274,2163,14
2021-03-28,Contra Costa,013,1133247,65762,64878,1136,66014,767
2021-03-28,Del Norte,015,27424,1182,1107,7,1114,6
2021-03-28,El Dorado,017,186661,9438,9371,610,9981,105
2021-03-28,Fresno,019,978130,99897,99004,8292,107296,1606
2021-03-28,Glenn,021,27897,2342,2309,527,2836,17
2021-03-28,Humboldt,023,135768,3456,3452,24,3476,34
2021-03-28,Imperial,025,180216,27614,27426,2655,30081,704
2021-03-28,Inyo,027,18085,1375,1372,9,1381,35
2021-03-28,Kern,029,883053,95392,94084,10305,104389,1219
2021-03-28,Kings,031,150075,22787,22514,1035,23549,238
2021-03-28,Lake,033,64148,3351,3320,8,3328,43
2021-03-28,Lassen,035,31185,5140,5131,102,5233,1
2021-03-28,Los Angeles,037,10098052,1186623,1179316,40424,1219740,23101
2021-03-28,Madera,039,155013,16120,15973,886,16859,210
2021-03-28,Marin,041,260295,13634,13594,207,13801,221
2021-03-28,Mariposa,043,17540,392,388,5,393,5
2021-03-28,Mendocino,045,87422,3747,3666,69,3735,45
2021-03-28,Merced,047,269075,29813,29679,949,30628,422
2021-03-28,Modoc,049,8938,355,344,120,464,3
2021-03-28,Mono,051,14174,1231,1242,16,1258,3
2021-03-28,Monterey,053,433212,42505,42294,1779,44073,337
2021-03-28,Napa,055,140530,9433,9368,34,9402,78
2021-03-28,Nevada,057,99092,4341,4239,180,4419,68
2021-03-28,Orange,059,3164182,251141,249238,10764,260002,4713
2021-03-28,Placer,061,380077,21549,20796,1248,22044,267
2021-03-28,Plumas,063,18699,668,657,10,667,4
2021-03-28,Riverside,065,2383286,289377,282811,13721,296532,4132
2021-03-28,Sacramento,067,1510023,98848,97425,1430,98855,1514
2021-03-28,San Benito,069,59416,5865,5862,96,5958,61
2021-03-28,San Bernardino,071,2135413,289099,285570,8755,294325,4332
2021-03-28,San Diego,073,3302833,270747,269476,13504,282980,3547
2021-03-28,San Francisco,075,870044,35279,35286,1214,36500,474
2021-03-28,San Joaquin,077,732212,69664,68459,3172,71631,1211
2021-03-28,San Luis Obispo,079,281455,20407,20172,627,20799,250
2021-03-28,San Mateo,081,765935,40780,40305,430,40735,348
2021-03-28,Santa Barbara,083,443738,33722,32953,1156,34109,439
2021-03-28,Santa Clara,085,1922200,114132,114232,653,114885,1871
2021-03-28,Santa Cruz,087,273765,15822,15238,804,16042,201
2021-03-28,Shasta,089,179085,11327,11308,1347,12655,183
2021-03-28,Sierra,091,2930,55,50,12,62,0
2021-03-28,Siskiyou,093,43540,1568,1497,262,1759,6
2021-03-28,Solano,095,438530,30864,30719,411,31130,232
2021-03-28,Sonoma,097,501317,29055,29161,267,29428,310
2021-03-28,Stanislaus,099,539301,53067,52567,5601,58168,678
2021-03-28,Sutter,101,95872,9159,9094,81,9175,106
2021-03-28,Tehama,103,63373,4776,4740,516,5256,52
2021-03-28,Trinity,105,12862,477,314,85,399,3
2021-03-28,Tulare,107,460477,49256,48218,8647,56865,815
2021-03-28,Tuolumne,109,53932,3968,3969,37,4006,57
2021-03-28,Ventura,111,848112,79856,79222,2887,82109,956
2021-03-28,Yolo,113,214977,13309,13325,248,13573,194
2021-03-28,Yuba,115,75493,5722,5662,106,5768,42
2021-03-27,Alameda,001,1643700,83749,83169,1809,84978,1211
2021-03-27,Alpine,003,1148,85,85,0,85,0
2021-03-27,Amador,005,37829,3569,3538,32,3570,45
2021-03-27,Butte,007,227075,11675,11278,1673,12951,191
2021-03-27,Calaveras,009,45235,1999,1992,12,2004,50
2021-03-27,Colusa,011,21464,1892,1889,274,2163,14
2021-03-27,Contra Costa,013,1133247,65692,64804,1133,65937,767
2021-03-27,Del Norte,015,27424,1172,1104,7,1111,6
2021-03-27,El Dorado,017,186661,9424,9367,610,9977,105
2021-03-27,Fresno,019,978130,99845,98901,8286,107187,1606
2021-03-27,Glenn,021,27897,2341,2308,527,2835,17
2021-03-27,Humboldt,023,135768,3451,3442,24,3466,34
2021-03-27,Imperial,025,180216,27602,27406,2652,30058,704
2021-03-27,Inyo,027,18085,1373,1372,9,1381,35
2021-03-27,Kern,029,883053,95372,94041,10293,104334,1217
2021-03-27,Kings,031,150075,22784,22502,1035,23537,238
2021-03-27,Lake,033,64148,3349,3317,8,3325,43
2021-03-27,Lassen,035,31185,5140,5129,102,5231,1
2021-03-27,Los Angeles,037,10098052,1186309,1178831,40397,1219228,23103
2021-03-27,Madera,039,155013,16113,15968,884,16852,210
2021-03-27,Marin,041,260295,13629,13579,207,13786,222
2021-03-27,Mariposa,043,17540,392,386,5,391,5
2021-03-27,Mendocino,045,87422,3746,3666,69,3735,45
2021-03-27,Merced,047,269075,29780,29647,947,30594,422
2021-03-27,Modoc,049,8938,355,344,120,464,3
2021-03-27,Mono,051,14174,1229,1241,16,1257,3
2021-03-27,Monterey,053,433212,42495,42271,1779,44050,337
2021-03-27,Napa,055,140530,9421,9360,34,9394,78
2021-03-27,Nevada,057,99092,4331,4231,180,4411,68
2021-03-27,Orange,059,3164182,251047,249160,10748,259908,4698
2021-03-27,Placer,061,380077,21529,20717,1241,21958,267
2021-03-27,Plumas,063,18699,667,655,10,665,4
2021-03-27,Riverside,065,2383286,289315,282707,13713,296420,4132
2021-03-27,Sacramento,067,1510023,98758,97247,1428,98675,1513
2021-03-27,San Benito,069,59416,5863,5862,94,5956,61
2021-03-27,San Bernardino,071,2135413,289037,285480,8753,294233,4325
2021-03-27,San Diego,073,3302833,270577,269271,13482,282753,3540
2021-03-27,San Francisco,075,870044,35255,35244,1212,36456,474
2021-03-27,San Joaquin,077,732212,69604,68365,3164,71529,1211
2021-03-27,San Luis Obispo,079,281455,20396,20153,624,20777,250
2021-03-27,San Mateo,081,765935,40757,40264,430,40694,348
2021-03-27,Santa Barbara,083,443738,33699,32921,1156,34077,439
2021-03-27,Santa Clara,085,1922200,114036,114124,651,114775,1871
2021-03-27,Santa Cruz,087,273765,15816,15215,804,16019,201
2021-03-27,Shasta,089,179085,11316,11288,1345,12633,183
2021-03-27,Sierra,091,2930,55,50,12,62,0
2021-03-27,Siskiyou,093,43540,1568,1497,262,1759,6
2021-03-27,Solano,095,438530,30836,30669,410,31079,232
2021-03-27,Sonoma,097,501317,29040,29133,265,29398,310
2021-03-27,Stanislaus,099,539301,53003,52497,5593,58090,678
2021-03-27,Sutter,101,95872,9151,9093,81,9174,106
2021-03-27,Tehama,103,63373,4770,4738,514,5252,52
2021-03-27,Trinity,105,12862,477,313,85,398,3
2021-03-27,Tulare,107,460477,49240,48203,8639,56842,813
2021-03-27,Tuolumne,109,53932,3965,3968,37,4005,57
2021-03-27,Ventura,111,848112,79829,79184,2885,82069,956
2021-03-27,Yolo,113,214977,13304,13317,247,13564,194
2021-03-27,Yuba,115,75493,5720,5657,106,5763,42
2021-03-26,Alameda,001,1643700,83687,83043,1807,84850,1208
2021-03-26,Alpine,003,1148,85,85,0,85,0
2021-03-26,Amador,005,37829,3564,3532,32,3564,45
2021-03-26,Butte,007,227075,11665,11278,1673,12951,191
2021-03-26,Calaveras,009,45235,1998,1989,12,2001,50
2021-03-26,Colusa,011,21464,1892,1889,274,2163,14
2021-03-26,Contra Costa,013,1133247,65632,64699,1131,65830,761
2021-03-26,Del Norte,015,27424,1169,1101,7,1108,6
2021-03-26,El Dorado,017,186661,9419,9353,610,9963,105
2021-03-26,Fresno,019,978130,99783,98731,8276,107007,1601
2021-03-26,Glenn,021,27897,2341,2307,526,2833,17
2021-03-26,Humboldt,023,135768,3449,3431,24,3455,34
2021-03-26,Imperial,025,180216,27578,27374,2652,30026,701
2021-03-26,Inyo,027,18085,1372,1369,9,1378,35
2021-03-26,Kern,029,883053,95346,93949,10287,104236,1211
2021-03-26,Kings,031,150075,22776,22493,1033,23526,239
2021-03-26,Lake,033,64148,3348,3314,8,3322,43
2021-03-26,Lassen,035,31185,5139,5131,102,5233,1
2021-03-26,Los Angeles,037,10098052,1185973,1178213,40383,1218596,23080
2021-03-26,Madera,039,155013,16103,15952,884,16836,210
2021-03-26,Marin,041,260295,13623,13553,202,13755,221
2021-03-26,Mariposa,043,17540,392,386,5,391,5
2021-03-26,Mendocino,045,87422,3745,3664,69,3733,45
2021-03-26,Merced,047,269075,29757,29613,945,30558,419
2021-03-26,Modoc,049,8938,355,344,120,464,3
2021-03-26,Mono,051,14174,1228,1236,16,1252,3
2021-03-26,Monterey,053,433212,42482,42241,1775,44016,338
2021-03-26,Napa,055,140530,9411,9349,34,9383,78
2021-03-26,Nevada,057,99092,4311,4222,180,4402,83
2021-03-26,Orange,059,3164182,250984,248995,10734,259729,4671
2021-03-26,Placer,061,380077,21502,20679,1240,21919,259
2021-03-26,Plumas,063,18699,666,654,10,664,4
2021-03-26,Riverside,065,2383286,289237,282602,13707,296309,4109
2021-03-26,Sacramento,067,1510023,98658,97040,1423,98463,1509
2021-03-26,San Benito,069,59416,5860,5855,94,5949,61
2021-03-26,San Bernardino,071,2135413,288981,285313,8751,294064,4288
2021-03-26,San Diego,073,3302833,270399,269045,13456,282501,3525
2021-03-26,San Francisco,075,870044,35229,35186,1212,36398,472
2021-03-26,San Joaquin,077,732212,69541,68249,3160,71409,1202
2021-03-26,San Luis Obispo,079,281455,20383,20118,624,20742,250
2021-03-26,San Mateo,081,765935,40722,40199,430,40629,348
2021-03-26,Santa Barbara,083,443738,33669,32895,1155,34050,439
2021-03-26,Santa Clara,085,1922200,113938,113959,650,114609,1868
2021-03-26,Santa Cruz,087,273765,15801,15199,803,16002,201
2021-03-26,Shasta,089,179085,11307,11276,1339,12615,182
2021-03-26,Sierra,091,2930,55,50,12,62,0
2021-03-26,Siskiyou,093,43540,1568,1493,261,1754,6
2021-03-26,Solano,095,438530,30811,30640,410,31050,205
2021-03-26,Sonoma,097,501317,29024,29101,262,29363,310
2021-03-26,Stanislaus,099,539301,52935,52420,5589,58009,678
2021-03-26,Sutter,101,95872,9148,9082,81,9163,104
2021-03-26,Tehama,103,63373,4769,4722,513,5235,51
2021-03-26,Trinity,105,12862,477,311,85,396,3
2021-03-26,Tulare,107,460477,49225,48179,8631,56810,813
2021-03-26,Tuolumne,109,53932,3964,3965,37,4002,57
2021-03-26,Ventura,111,848112,79795,79122,2883,82005,953
2021-03-26,Yolo,113,214977,13297,13299,245,13544,194
2021-03-26,Yuba,115,75493,5710,5653,106,5759,42
2021-03-25,Alameda,001,1643700,83593,82945,1805,84750,1206
2021-03-25,Alpine,003,1148,85,84,0,84,0
2021-03-25,Amador,005,37829,3562,3530,32,3562,45
2021-03-25,Butte,007,227075,11655,11270,1673,12943,188
2021-03-25,Calaveras,009,45235,1997,1982,12,1994,50
2021-03-25,Colusa,011,21464,1892,1888,274,2162,14
2021-03-25,Contra Costa,013,1133247,65565,64606,1127,65733,757
2021-03-25,Del Norte,015,27424,1163,1095,7,1102,6
2021-03-25,El Dorado,017,186661,9409,9331,610,9941,105
2021-03-25,Fresno,019,978130,99664,98602,8263,106865,1593
2021-03-25,Glenn,021,27897,2340,2302,525,2827,17
2021-03-25,Humboldt,023,135768,3444,3423,24,3447,34
2021-03-25,Imperial,025,180216,27561,27352,2650,30002,699
2021-03-25,Inyo,027,18085,1372,1369,9,1378,35
2021-03-25,Kern,029,883053,95314,93857,10282,104139,1206
2021-03-25,Kings,031,150075,22766,22472,1033,23505,237
2021-03-25,Lake,033,64148,3343,3312,8,3320,43
2021-03-25,Lassen,035,31185,5139,5129,102,5231,1
2021-03-25,Los Angeles,037,10098052,1185543,1177490,40348,1217838,23051
2021-03-25,Madera,039,155013,16084,15937,882,16819,210
2021-03-25,Marin,041,260295,13614,13538,199,13737,219
2021-03-25,Mariposa,043,17540,392,386,5,391,5
2021-03-25,Mendocino,045,87422,3744,3664,69,3733,45
2021-03-25,Merced,047,269075,29722,29576,937,30513,416
2021-03-25,Modoc,049,8938,355,343,120,463,3
2021-03-25,Mono,051,14174,1228,1235,16,1251,3
2021-03-25,Monterey,053,433212,42461,42220,1770,43990,336
2021-03-25,Napa,055,140530,9392,9321,34,9355,78
2021-03-25,Nevada,057,99092,4293,4202,178,4380,84
2021-03-25,Orange,059,3164182,250868,248871,10714,259585,4655
2021-03-25,Placer,061,380077,21461,20639,1233,21872,252
2021-03-25,Plumas,063,18699,666,654,10,664,4
2021-03-25,Riverside,065,2383286,289140,282492,13696,296188,4078
2021-03-25,Sacramento,067,1510023,98513,96823,1420,98243,1505
2021-03-25,San Benito,069,59416,5857,5850,94,5944,61
2021-03-25,San Bernardino,071,2135413,288899,285134,8746,293880,4222
2021-03-25,San Diego,073,3302833,270172,268623,13425,282048,3520
2021-03-25,San Francisco,075,870044,35190,35154,1210,36364,468
2021-03-25,San Joaquin,077,732212,69444,68089,3121,71210,1196
2021-03-25,San Luis Obispo,079,281455,20365,20076,624,20700,250
2021-03-25,San Mateo,081,765935,40682,40147,430,40577,348
2021-03-25,Santa Barbara,083,443738,33642,32857,1155,34012,439
2021-03-25,Santa Clara,085,1922200,113834,113877,648,114525,1868
2021-03-25,Santa Cruz,087,273765,15780,15170,803,15973,201
2021-03-25,Shasta,089,179085,11290,11262,1336,12598,181
2021-03-25,Sierra,091,2930,55,50,12,62,0
2021-03-25,Siskiyou,093,43540,1566,1491,260,1751,6
2021-03-25,Solano,095,438530,30750,30583,408,30991,193
2021-03-25,Sonoma,097,501317,28989,29060,258,29318,310
2021-03-25,Stanislaus,099,539301,52868,52321,5582,57903,678
2021-03-25,Sutter,101,95872,9139,9069,81,9150,104
2021-03-25,Tehama,103,63373,4767,4719,512,5231,52
2021-03-25,Trinity,105,12862,477,310,85,395,3
2021-03-25,Tulare,107,460477,49198,48148,8618,56766,811
2021-03-25,Tuolumne,109,53932,3963,3962,37,3999,57
2021-03-25,Ventura,111,848112,79754,79045,2879,81924,952
2021-03-25,Yolo,113,214977,13291,13287,245,13532,194
2021-03-25,Yuba,115,75493,5704,5647,100,5747,42
2021-03-24,Alameda,001,1643700,83496,82871,1802,84673,1199
2021-03-24,Alpine,003,1148,85,84,0,84,0
2021-03-24,Amador,005,37829,3556,3529,32,3561,45
2021-03-24,Butte,007,227075,11645,11252,1669,12921,187
2021-03-24,Calaveras,009,45235,1994,1975,12,1987,50
2021-03-24,Colusa,011,21464,1892,1886,274,2160,14
2021-03-24,Contra Costa,013,1133247,65485,64539,1126,65665,755
2021-03-24,Del Norte,015,27424,1158,1087,7,1094,6
2021-03-24,El Dorado,017,186661,9403,9319,609,9928,105
2021-03-24,Fresno,019,978130,99573,98437,8248,106685,1585
2021-03-24,Glenn,021,27897,2339,2297,524,2821,17
2021-03-24,Humboldt,023,135768,3441,3414,24,3438,34
2021-03-24,Imperial,025,180216,27552,27325,2649,29974,699
2021-03-24,Inyo,027,18085,1372,1368,9,1377,35
2021-03-24,Kern,029,883053,95266,93800,10273,104073,1198
2021-03-24,Kings,031,150075,22751,22456,1031,23487,237
2021-03-24,Lake,033,64148,3339,3307,8,3315,43
2021-03-24,Lassen,035,31185,5137,5130,101,5231,1
2021-03-24,Los Angeles,037,10098052,1185068,1177015,40312,1217327,22993
2021-03-24,Madera,039,155013,16075,15918,881,16799,210
2021-03-24,Marin,041,260295,13600,13526,197,13723,219
2021-03-24,Mariposa,043,17540,392,384,5,389,5
2021-03-24,Mendocino,045,87422,3741,3660,69,3729,45
2021-03-24,Merced,047,269075,29680,29525,937,30462,415
2021-03-24,Modoc,049,8938,354,341,120,461,3
2021-03-24,Mono,051,14174,1227,1243,16,1259,3
2021-03-24,Monterey,053,433212,42439,42201,1767,43968,335
2021-03-24,Napa,055,140530,9372,9310,34,9344,78
2021-03-24,Nevada,057,99092,4279,4191,177,4368,85
2021-03-24,Orange,059,3164182,250753,248775,10696,259471,4638
2021-03-24,Placer,061,380077,21430,20606,1225,21831,250
2021-03-24,Plumas,063,18699,664,652,10,662,4
2021-03-24,Riverside,065,2383286,289056,282410,13693,296103,4058
2021-03-24,Sacramento,067,1510023,98338,96628,1408,98036,1500
2021-03-24,San Benito,069,59416,5856,5847,94,5941,61
2021-03-24,San Bernardino,071,2135413,288814,284983,8744,293727,4170
2021-03-24,San Diego,073,3302833,269957,268413,13397,281810,3509
2021-03-24,San Francisco,075,870044,35162,35103,1207,36310,462
2021-03-24,San Joaquin,077,732212,69373,67978,3109,71087,1196
2021-03-24,San Luis Obispo,079,281455,20335,20021,623,20644,250
2021-03-24,San Mateo,081,765935,40632,40083,430,40513,348
2021-03-24,Santa Barbara,083,443738,33615,32810,1155,33965,438
2021-03-24,Santa Clara,085,1922200,113718,113757,645,114402,1851
2021-03-24,Santa Cruz,087,273765,15766,15138,802,15940,202
2021-03-24,Shasta,089,179085,11271,11243,1334,12577,181
2021-03-24,Sierra,091,2930,55,50,12,62,0
2021-03-24,Siskiyou,093,43540,1564,1490,260,1750,6
2021-03-24,Solano,095,438530,30713,30552,407,30959,178
2021-03-24,Sonoma,097,501317,28969,29034,254,29288,310
2021-03-24,Stanislaus,099,539301,52792,52259,5573,57832,677
2021-03-24,Sutter,101,95872,9123,9049,81,9130,104
2021-03-24,Tehama,103,63373,4761,4719,511,5230,49
2021-03-24,Trinity,105,12862,476,310,85,395,3
2021-03-24,Tulare,107,460477,49187,48109,8605,56714,808
2021-03-24,Tuolumne,109,53932,3962,3961,37,3998,57
2021-03-24,Ventura,111,848112,79702,78993,2872,81865,944
2021-03-24,Yolo,113,214977,13280,13269,245,13514,194
2021-03-24,Yuba,115,75493,5698,5634,97,5731,42
2021-03-23,Alameda,001,1643700,83393,82799,1798,84597,1190
2021-03-23,Alpine,003,1148,85,84,0,84,0
2021-03-23,Amador,005,37829,3550,3524,32,3556,45
2021-03-23,Butte,007,227075,11633,11227,1668,12895,187
2021-03-23,Calaveras,009,45235,1992,1971,12,1983,50
2021-03-23,Colusa,011,21464,1890,1885,273,2158,14
2021-03-23,Contra Costa,013,1133247,65386,64491,1125,65616,750
2021-03-23,Del Norte,015,27424,1153,1082,7,1089,6
2021-03-23,El Dorado,017,186661,9393,9318,607,9925,105
2021-03-23,Fresno,019,978130,99459,98362,8223,106585,1575
2021-03-23,Glenn,021,27897,2334,2293,522,2815,17
2021-03-23,Humboldt,023,135768,3432,3405,24,3429,34
2021-03-23,Imperial,025,180216,27544,27320,2649,29969,699
2021-03-23,Inyo,027,18085,1370,1364,9,1373,35
2021-03-23,Kern,029,883053,95159,93728,10266,103994,1191
2021-03-23,Kings,031,150075,22740,22439,1029,23468,237
2021-03-23,Lake,033,64148,3337,3294,8,3302,43
2021-03-23,Lassen,035,31185,5137,5130,101,5231,1
2021-03-23,Los Angeles,037,10098052,1184550,1176572,40274,1216846,22904
2021-03-23,Madera,039,155013,16059,15908,880,16788,210
2021-03-23,Marin,041,260295,13577,13514,195,13709,221
2021-03-23,Mariposa,043,17540,391,384,5,389,5
2021-03-23,Mendocino,045,87422,3739,3652,69,3721,45
2021-03-23,Merced,047,269075,29648,29485,937,30422,415
2021-03-23,Modoc,049,8938,353,342,120,462,3
2021-03-23,Mono,051,14174,1226,1263,16,1279,3
2021-03-23,Monterey,053,433212,42428,42180,1765,43945,335
2021-03-23,Napa,055,140530,9347,9299,34,9333,78
2021-03-23,Nevada,057,99092,4260,4179,176,4355,89
2021-03-23,Orange,059,3164182,250627,248661,10678,259339,4626
2021-03-23,Placer,061,380077,21395,20567,1221,21788,248
2021-03-23,Plumas,063,18699,664,652,10,662,4
2021-03-23,Riverside,065,2383286,288956,282317,13686,296003,4035
2021-03-23,Sacramento,067,1510023,98146,96521,1402,97923,1496
2021-03-23,San Benito,069,59416,5851,5845,93,5938,61
2021-03-23,San Bernardino,071,2135413,288730,284875,8736,293611,4134
2021-03-23,San Diego,073,3302833,269712,268156,13365,281521,3498
2021-03-23,San Francisco,075,870044,35104,35071,1201,36272,462
2021-03-23,San Joaquin,077,732212,69277,67903,3091,70994,1182
2021-03-23,San Luis Obispo,079,281455,20295,20009,622,20631,250
2021-03-23,San Mateo,081,765935,40576,40032,429,40461,348
2021-03-23,Santa Barbara,083,443738,33577,32771,1154,33925,438
2021-03-23,Santa Clara,085,1922200,113601,113645,642,114287,1848
2021-03-23,Santa Cruz,087,273765,15751,15106,802,15908,201
2021-03-23,Shasta,089,179085,11258,11234,1333,12567,175
2021-03-23,Sierra,091,2930,55,50,12,62,0
2021-03-23,Siskiyou,093,43540,1559,1485,258,1743,6
2021-03-23,Solano,095,438530,30672,30524,406,30930,178
2021-03-23,Sonoma,097,501317,28932,29020,253,29273,310
2021-03-23,Stanislaus,099,539301,52693,52148,5565,57713,677
2021-03-23,Sutter,101,95872,9115,9039,81,9120,104
2021-03-23,Tehama,103,63373,4750,4707,510,5217,46
2021-03-23,Trinity,105,12862,476,310,85,395,3
2021-03-23,Tulare,107,460477,49160,48095,8588,56683,808
2021-03-23,Tuolumne,109,53932,3959,3957,37,3994,57
2021-03-23,Ventura,111,848112,79641,78930,2869,81799,932
2021-03-23,Yolo,113,214977,13269,13255,245,13500,194
2021-03-23,Yuba,115,75493,5693,5628,97,5725,42
2021-03-22,Alameda,001,1643700,83301,82748,1792,84540,1189
2021-03-22,Alpine,003,1148,84,83,0,83,0
2021-03-22,Amador,005,37829,3542,3522,32,3554,44
2021-03-22,Butte,007,227075,11624,11211,1666,12877,185
2021-03-22,Calaveras,009,45235,1988,1963,12,1975,49
2021-03-22,Colusa,011,21464,1888,1885,273,2158,13
2021-03-22,Contra Costa,013,1133247,65291,64432,1123,65555,740
2021-03-22,Del Norte,015,27424,1147,1082,7,1089,6
2021-03-22,El Dorado,017,186661,9377,9310,604,9914,105
2021-03-22,Fresno,019,978130,99361,98276,8210,106486,1556
2021-03-22,Glenn,021,27897,2326,2291,522,2813,17
2021-03-22,Humboldt,023,135768,3427,3403,24,3427,34
2021-03-22,Imperial,025,180216,27529,27302,2645,29947,699
2021-03-22,Inyo,027,18085,1367,1363,9,1372,35
2021-03-22,Kern,029,883053,95088,93675,10249,103924,1178
2021-03-22,Kings,031,150075,22727,22433,1024,23457,236
2021-03-22,Lake,033,64148,3336,3290,8,3298,43
2021-03-22,Lassen,035,31185,5135,5129,101,5230,1
2021-03-22,Los Angeles,037,10098052,1184039,1176205,40241,1216446,22843
2021-03-22,Madera,039,155013,16044,15904,880,16784,210
2021-03-22,Marin,041,260295,13568,13501,194,13695,221
2021-03-22,Mariposa,043,17540,390,381,5,386,5
2021-03-22,Mendocino,045,87422,3737,3653,69,3722,45
2021-03-22,Merced,047,269075,29605,29468,934,30402,413
2021-03-22,Modoc,049,8938,351,342,120,462,3
2021-03-22,Mono,051,14174,1221,1263,16,1279,3
2021-03-22,Monterey,053,433212,42411,42161,1763,43924,335
2021-03-22,Napa,055,140530,9336,9288,34,9322,77
2021-03-22,Nevada,057,99092,4249,4174,172,4346,89
2021-03-22,Orange,059,3164182,250477,248517,10644,259161,4599
2021-03-22,Placer,061,380077,21360,20543,1216,21759,242
2021-03-22,Plumas,063,18699,664,652,10,662,4
2021-03-22,Riverside,065,2383286,288856,282242,13674,295916,4009
2021-03-22,Sacramento,067,1510023,97968,96385,1391,97776,1493
2021-03-22,San Benito,069,59416,5848,5844,92,5936,61
2021-03-22,San Bernardino,071,2135413,288643,284771,8724,293495,4107
2021-03-22,San Diego,073,3302833,269500,267913,13345,281258,3494
2021-03-22,San Francisco,075,870044,35062,35040,1197,36237,462
2021-03-22,San Joaquin,077,732212,69185,67815,3073,70888,1182
2021-03-22,San Luis Obispo,079,281455,20271,20000,621,20621,250
2021-03-22,San Mateo,081,765935,40525,40024,428,40452,348
2021-03-22,Santa Barbara,083,443738,33530,32756,1152,33908,437
2021-03-22,Santa Clara,085,1922200,113482,113575,642,114217,1845
2021-03-22,Santa Cruz,087,273765,15739,15077,801,15878,201
2021-03-22,Shasta,089,179085,11244,11218,1332,12550,150
2021-03-22,Sierra,091,2930,55,50,12,62,0
2021-03-22,Siskiyou,093,43540,1558,1487,257,1744,5
2021-03-22,Solano,095,438530,30632,30490,402,30892,171
2021-03-22,Sonoma,097,501317,28903,29010,249,29259,310
2021-03-22,Stanislaus,099,539301,52609,52083,5560,57643,677
2021-03-22,Sutter,101,95872,9102,9024,81,9105,104
2021-03-22,Tehama,103,63373,4742,4704,510,5214,45
2021-03-22,Trinity,105,12862,476,310,85,395,3
2021-03-22,Tulare,107,460477,49145,48074,8567,56641,807
2021-03-22,Tuolumne,109,53932,3956,3954,37,3991,57
2021-03-22,Ventura,111,848112,79593,78890,2866,81756,927
2021-03-22,Yolo,113,214977,13257,13243,244,13487,190
2021-03-22,Yuba,115,75493,5682,5627,95,5722,42
2021-03-21,Alameda,001,1643700,83209,82684,1789,84473,1187
2021-03-21,Alpine,003,1148,84,83,0,83,0
2021-03-21,Amador,005,37829,3538,3519,32,3551,44
2021-03-21,Butte,007,227075,11608,11208,1661,12869,185
2021-03-21,Calaveras,009,45235,1983,1962,12,1974,49
2021-03-21,Colusa,011,21464,1888,1885,273,2158,13
2021-03-21,Contra Costa,013,1133247,65208,64382,1120,65502,740
2021-03-21,Del Norte,015,27424,1132,1076,7,1083,6
2021-03-21,El Dorado,017,186661,9367,9302,599,9901,105
2021-03-21,Fresno,019,978130,99246,98211,8186,106397,1556
2021-03-21,Glenn,021,27897,2323,2288,521,2809,17
2021-03-21,Humboldt,023,135768,3422,3402,24,3426,34
2021-03-21,Imperial,025,180216,27511,27267,2637,29904,699
2021-03-21,Inyo,027,18085,1367,1363,9,1372,35
2021-03-21,Kern,029,883053,95022,93649,10240,103889,1170
2021-03-21,Kings,031,150075,22710,22422,1023,23445,236
2021-03-21,Lake,033,64148,3332,3286,8,3294,43
2021-03-21,Lassen,035,31185,5135,5129,101,5230,1
2021-03-21,Los Angeles,037,10098052,1183508,1175684,40193,1215877,22834
2021-03-21,Madera,039,155013,16024,15895,878,16773,210
2021-03-21,Marin,041,260295,13552,13495,193,13688,220
2021-03-21,Mariposa,043,17540,390,381,5,386,5
2021-03-21,Mendocino,045,87422,3734,3651,69,3720,45
2021-03-21,Merced,047,269075,29545,29446,928,30374,413
2021-03-21,Modoc,049,8938,351,341,120,461,3
2021-03-21,Mono,051,14174,1216,1263,16,1279,3
2021-03-21,Monterey,053,433212,42386,42153,1760,43913,335
2021-03-21,Napa,055,140530,9316,9282,34,9316,77
2021-03-21,Nevada,057,99092,4236,4169,172,4341,89
2021-03-21,Orange,059,3164182,250344,248442,10618,259060,4598
2021-03-21,Placer,061,380077,21324,20520,1208,21728,242
2021-03-21,Plumas,063,18699,664,653,10,663,4
2021-03-21,Riverside,065,2383286,288749,282187,13663,295850,4009
2021-03-21,Sacramento,067,1510023,97773,96269,1384,97653,1489
2021-03-21,San Benito,069,59416,5842,5842,92,5934,61
2021-03-21,San Bernardino,071,2135413,288555,284732,8718,293450,4094
2021-03-21,San Diego,073,3302833,269240,267724,13319,281043,3494
2021-03-21,San Francisco,075,870044,35016,35012,1190,36202,460
2021-03-21,San Joaquin,077,732212,69063,67729,3055,70784,1182
2021-03-21,San Luis Obispo,079,281455,20239,19979,619,20598,250
2021-03-21,San Mateo,081,765935,40480,39988,427,40415,344
2021-03-21,Santa Barbara,083,443738,33489,32743,1151,33894,437
2021-03-21,Santa Clara,085,1922200,113353,113487,639,114126,1840
2021-03-21,Santa Cruz,087,273765,15732,15064,801,15865,199
2021-03-21,Shasta,089,179085,11224,11215,1331,12546,150
2021-03-21,Sierra,091,2930,55,50,12,62,0
2021-03-21,Siskiyou,093,43540,1558,1486,256,1742,5
2021-03-21,Solano,095,438530,30592,30474,399,30873,171
2021-03-21,Sonoma,097,501317,28874,28986,248,29234,310
2021-03-21,Stanislaus,099,539301,52519,52014,5558,57572,677
2021-03-21,Sutter,101,95872,9089,9021,81,9102,104
2021-03-21,Tehama,103,63373,4738,4701,510,5211,45
2021-03-21,Trinity,105,12862,474,310,85,395,3
2021-03-21,Tulare,107,460477,49129,48060,8555,56615,807
2021-03-21,Tuolumne,109,53932,3954,3953,37,3990,57
2021-03-21,Ventura,111,848112,79529,78863,2861,81724,927
2021-03-21,Yolo,113,214977,13236,13235,244,13479,190
2021-03-21,Yuba,115,75493,5672,5624,95,5719,42
2021-03-20,Alameda,001,1643700,83141,82614,1787,84401,1178
2021-03-20,Alpine,003,1148,84,83,0,83,0
2021-03-20,Amador,005,37829,3536,3518,32,3550,44
2021-03-20,Butte,007,227075,11602,11199,1659,12858,185
2021-03-20,Calaveras,009,45235,1979,1961,12,1973,49
2021-03-20,Colusa,011,21464,1888,1883,273,2156,12
2021-03-20,Contra Costa,013,1133247,65148,64313,1120,65433,713
2021-03-20,Del Norte,015,27424,1131,1075,7,1082,6
2021-03-20,El Dorado,017,186661,9361,9290,599,9889,105
2021-03-20,Fresno,019,978130,99185,98112,8179,106291,1532
2021-03-20,Glenn,021,27897,2322,2288,519,2807,17
2021-03-20,Humboldt,023,135768,3415,3399,24,3423,33
2021-03-20,Imperial,025,180216,27505,27239,2635,29874,695
2021-03-20,Inyo,027,18085,1367,1362,9,1371,35
2021-03-20,Kern,029,883053,94993,93606,10236,103842,1155
2021-03-20,Kings,031,150075,22705,22415,1022,23437,236
2021-03-20,Lake,033,64148,3328,3280,8,3288,43
2021-03-20,Lassen,035,31185,5135,5128,101,5229,1
2021-03-20,Los Angeles,037,10098052,1183208,1175290,40168,1215458,22810
2021-03-20,Madera,039,155013,16016,15891,877,16768,210
2021-03-20,Marin,041,260295,13540,13470,189,13659,220
2021-03-20,Mariposa,043,17540,389,381,5,386,5
2021-03-20,Mendocino,045,87422,3733,3639,69,3708,43
2021-03-20,Merced,047,269075,29514,29411,925,30336,412
2021-03-20,Modoc,049,8938,350,341,120,461,3
2021-03-20,Mono,051,14174,1216,1256,16,1272,3
2021-03-20,Monterey,053,433212,42377,42146,1759,43905,334
2021-03-20,Napa,055,140530,9308,9274,34,9308,77
2021-03-20,Nevada,057,99092,4225,4164,171,4335,89
2021-03-20,Orange,059,3164182,250263,248348,10606,258954,4522
2021-03-20,Placer,061,380077,21302,20505,1206,21711,242
2021-03-20,Plumas,063,18699,661,652,10,662,4
2021-03-20,Riverside,065,2383286,288674,282081,13659,295740,4000
2021-03-20,Sacramento,067,1510023,97662,96126,1381,97507,1488
2021-03-20,San Benito,069,59416,5838,5840,92,5932,61
2021-03-20,San Bernardino,071,2135413,288490,284690,8714,293404,3965
2021-03-20,San Diego,073,3302833,269069,267532,13312,280844,3493
2021-03-20,San Francisco,075,870044,34993,34968,1183,36151,453
2021-03-20,San Joaquin,077,732212,69022,67662,3048,70710,1161
2021-03-20,San Luis Obispo,079,281455,20223,19951,613,20564,250
2021-03-20,San Mateo,081,765935,40446,39958,426,40384,344
2021-03-20,Santa Barbara,083,443738,33465,32723,1150,33873,434
2021-03-20,Santa Clara,085,1922200,113261,113384,638,114022,1799
2021-03-20,Santa Cruz,087,273765,15716,15053,801,15854,199
2021-03-20,Shasta,089,179085,11218,11211,1331,12542,147
2021-03-20,Sierra,091,2930,55,50,12,62,0
2021-03-20,Siskiyou,093,43540,1558,1483,256,1739,5
2021-03-20,Solano,095,438530,30562,30439,399,30838,170
2021-03-20,Sonoma,097,501317,28859,28962,248,29210,309
2021-03-20,Stanislaus,099,539301,52463,51925,5551,57476,673
2021-03-20,Sutter,101,95872,9081,9014,81,9095,103
2021-03-20,Tehama,103,63373,4733,4696,508,5204,33
2021-03-20,Trinity,105,12862,473,310,85,395,3
2021-03-20,Tulare,107,460477,49114,48030,8538,56568,804
2021-03-20,Tuolumne,109,53932,3951,3950,37,3987,57
2021-03-20,Ventura,111,848112,79492,78818,2859,81677,922
2021-03-20,Yolo,113,214977,13232,13226,244,13470,190
2021-03-20,Yuba,115,75493,5669,5621,94,5715,42
2021-03-19,Alameda,001,1643700,83069,82499,1786,84285,1187
2021-03-19,Alpine,003,1148,83,82,0,82,0
2021-03-19,Amador,005,37829,3533,3515,32,3547,44
2021-03-19,Butte,007,227075,11594,11191,1656,12847,185
2021-03-19,Calaveras,009,45235,1978,1957,12,1969,49
2021-03-19,Colusa,011,21464,1887,1883,273,2156,12
2021-03-19,Contra Costa,013,1133247,65089,64195,1117,65312,737
2021-03-19,Del Norte,015,27424,1125,1071,5,1076,6
2021-03-19,El Dorado,017,186661,9352,9274,599,9873,105
2021-03-19,Fresno,019,978130,99101,97969,8165,106134,1527
2021-03-19,Glenn,021,27897,2322,2282,519,2801,17
2021-03-19,Humboldt,023,135768,3406,3388,24,3412,33
2021-03-19,Imperial,025,180216,27493,27218,2631,29849,695
2021-03-19,Inyo,027,18085,1365,1356,9,1365,35
2021-03-19,Kern,029,883053,94960,93534,10223,103757,1152
2021-03-19,Kings,031,150075,22696,22369,1019,23388,235
2021-03-19,Lake,033,64148,3322,3262,8,3270,43
2021-03-19,Lassen,035,31185,5135,5126,101,5227,1
2021-03-19,Los Angeles,037,10098052,1182873,1174818,40152,1214970,22752
2021-03-19,Madera,039,155013,16009,15877,876,16753,210
2021-03-19,Marin,041,260295,13528,13441,189,13630,220
2021-03-19,Mariposa,043,17540,388,380,5,385,5
2021-03-19,Mendocino,045,87422,3732,3639,69,3708,45
2021-03-19,Merced,047,269075,29485,29376,924,30300,412
2021-03-19,Modoc,049,8938,350,341,120,461,3
2021-03-19,Mono,051,14174,1214,1244,16,1260,3
2021-03-19,Monterey,053,433212,42368,42125,1757,43882,335
2021-03-19,Napa,055,140530,9296,9256,34,9290,77
2021-03-19,Nevada,057,99092,4214,4156,171,4327,88
2021-03-19,Orange,059,3164182,250163,248146,10595,258741,4501
2021-03-19,Placer,061,380077,21284,20451,1204,21655,242
2021-03-19,Plumas,063,18699,661,650,10,660,4
2021-03-19,Riverside,065,2383286,288591,281937,13654,295591,3989
2021-03-19,Sacramento,067,1510023,97560,95934,1378,97312,1486
2021-03-19,San Benito,069,59416,5838,5845,92,5937,61
2021-03-19,San Bernardino,071,2135413,288418,284501,8712,293213,4017
2021-03-19,San Diego,073,3302833,268934,267173,13302,280475,3491
2021-03-19,San Francisco,075,870044,34948,34936,1180,36116,461
2021-03-19,San Joaquin,077,732212,68952,67515,3034,70549,1180
2021-03-19,San Luis Obispo,079,281455,20203,19913,611,20524,249
2021-03-19,San Mateo,081,765935,40422,39893,426,40319,344
2021-03-19,Santa Barbara,083,443738,33436,32685,1149,33834,435
2021-03-19,Santa Clara,085,1922200,113186,113232,637,113869,1797
2021-03-19,Santa Cruz,087,273765,15709,15026,801,15827,199
2021-03-19,Shasta,089,179085,11211,11104,1329,12433,103
2021-03-19,Sierra,091,2930,54,49,12,61,0
2021-03-19,Siskiyou,093,43540,1558,1480,255,1735,5
2021-03-19,Solano,095,438530,30532,30395,397,30792,172
2021-03-19,Sonoma,097,501317,28838,28932,246,29178,292
2021-03-19,Stanislaus,099,539301,52405,51755,5548,57303,679
2021-03-19,Sutter,101,95872,9079,9005,81,9086,103
2021-03-19,Tehama,103,63373,4725,4685,508,5193,33
2021-03-19,Trinity,105,12862,473,310,85,395,3
2021-03-19,Tulare,107,460477,49091,47989,8515,56504,805
2021-03-19,Tuolumne,109,53932,3947,3946,37,3983,57
2021-03-19,Ventura,111,848112,79454,78753,2855,81608,920
2021-03-19,Yolo,113,214977,13224,13197,244,13441,189
2021-03-19,Yuba,115,75493,5666,5615,93,5708,42
2021-03-18,Alameda,001,1643700,82988,82419,1783,84202,1189
2021-03-18,Alpine,003,1148,83,82,0,82,0
2021-03-18,Amador,005,37829,3529,3513,32,3545,44
2021-03-18,Butte,007,227075,11583,11179,1654,12833,185
2021-03-18,Calaveras,009,45235,1976,1954,12,1966,49
2021-03-18,Colusa,011,21464,1887,1882,273,2155,12
2021-03-18,Contra Costa,013,1133247,65016,64103,1114,65217,739
2021-03-18,Del Norte,015,27424,1116,1059,5,1064,6
2021-03-18,El Dorado,017,186661,9339,9261,598,9859,105
2021-03-18,Fresno,019,978130,99004,97856,8150,106006,1527
2021-03-18,Glenn,021,27897,2318,2275,518,2793,17
2021-03-18,Humboldt,023,135768,3398,3381,24,3405,34
2021-03-18,Imperial,025,180216,27477,27190,2624,29814,695
2021-03-18,Inyo,027,18085,1362,1354,9,1363,35
2021-03-18,Kern,029,883053,94903,93458,10209,103667,1158
2021-03-18,Kings,031,150075,22689,22354,1018,23372,235
2021-03-18,Lake,033,64148,3319,3260,8,3268,43
2021-03-18,Lassen,035,31185,5134,5126,101,5227,1
2021-03-18,Los Angeles,037,10098052,1182442,1174205,40123,1214328,22689
2021-03-18,Madera,039,155013,15997,15860,873,16733,211
2021-03-18,Marin,041,260295,13510,13435,188,13623,219
2021-03-18,Mariposa,043,17540,386,380,5,385,5
2021-03-18,Mendocino,045,87422,3722,3630,69,3699,45
2021-03-18,Merced,047,269075,29450,29317,924,30241,410
2021-03-18,Modoc,049,8938,350,341,120,461,3
2021-03-18,Mono,051,14174,1210,1215,16,1231,3
2021-03-18,Monterey,053,433212,42355,42105,1757,43862,335
2021-03-18,Napa,055,140530,9287,9243,34,9277,77
2021-03-18,Nevada,057,99092,4207,4154,171,4325,74
2021-03-18,Orange,059,3164182,250059,248050,10583,258633,4514
2021-03-18,Placer,061,380077,21251,20421,1201,21622,243
2021-03-18,Plumas,063,18699,659,648,10,658,4
2021-03-18,Riverside,065,2383286,288510,281789,13647,295436,3957
2021-03-18,Sacramento,067,1510023,97412,95819,1374,97193,1481
2021-03-18,San Benito,069,59416,5836,5842,92,5934,61
2021-03-18,San Bernardino,071,2135413,288337,284294,8682,292976,4076
2021-03-18,San Diego,073,3302833,268782,266752,13292,280044,3478
2021-03-18,San Francisco,075,870044,34909,34904,1179,36083,461
2021-03-18,San Joaquin,077,732212,68852,67301,3022,70323,1169
2021-03-18,San Luis Obispo,079,281455,20174,19894,610,20504,249
2021-03-18,San Mateo,081,765935,40381,39874,426,40300,344
2021-03-18,Santa Barbara,083,443738,33394,32640,1149,33789,434
2021-03-18,Santa Clara,085,1922200,113069,113119,633,113752,1808
2021-03-18,Santa Cruz,087,273765,15699,14998,801,15799,198
2021-03-18,Shasta,089,179085,11197,11059,1327,12386,100
2021-03-18,Sierra,091,2930,54,49,12,61,0
2021-03-18,Siskiyou,093,43540,1555,1480,254,1734,5
2021-03-18,Solano,095,438530,30490,30352,394,30746,172
2021-03-18,Sonoma,097,501317,28816,28915,244,29159,292
2021-03-18,Stanislaus,099,539301,52333,51615,5544,57159,682
2021-03-18,Sutter,101,95872,9067,8999,81,9080,103
2021-03-18,Tehama,103,63373,4719,4683,507,5190,35
2021-03-18,Trinity,105,12862,473,310,85,395,3
2021-03-18,Tulare,107,460477,49072,47964,8500,56464,805
2021-03-18,Tuolumne,109,53932,3947,3942,37,3979,57
2021-03-18,Ventura,111,848112,79397,78697,2855,81552,918
2021-03-18,Yolo,113,214977,13211,13183,244,13427,191
2021-03-18,Yuba,115,75493,5662,5612,93,5705,42
2021-03-17,Alameda,001,1643700,82912,82353,1778,84131,1185
2021-03-17,Alpine,003,1148,83,82,0,82,0
2021-03-17,Amador,005,37829,3527,3511,32,3543,44
2021-03-17,Butte,007,227075,11574,11170,1652,12822,185
2021-03-17,Calaveras,009,45235,1973,1946,12,1958,49
2021-03-17,Colusa,011,21464,1886,1882,273,2155,12
2021-03-17,Contra Costa,013,1133247,64947,64026,1113,65139,737
2021-03-17,Del Norte,015,27424,1112,1053,5,1058,6
2021-03-17,El Dorado,017,186661,9329,9252,598,9850,105
2021-03-17,Fresno,019,978130,98893,97727,8132,105859,1507
2021-03-17,Glenn,021,27897,2311,2269,517,2786,17
2021-03-17,Humboldt,023,135768,3390,3365,24,3389,33
2021-03-17,Imperial,025,180216,27461,27168,2622,29790,691
2021-03-17,Inyo,027,18085,1360,1351,9,1360,35
2021-03-17,Kern,029,883053,94847,93392,10196,103588,1149
2021-03-17,Kings,031,150075,22673,22336,1017,23353,233
2021-03-17,Lake,033,64148,3312,3251,8,3259,43
2021-03-17,Lassen,035,31185,5133,5125,101,5226,1
2021-03-17,Los Angeles,037,10098052,1181989,1173416,40090,1213506,22602
2021-03-17,Madera,039,155013,15990,15835,873,16708,214
2021-03-17,Marin,041,260295,13492,13428,187,13615,218
2021-03-17,Mariposa,043,17540,386,379,5,384,5
2021-03-17,Mendocino,045,87422,3718,3625,69,3694,44
2021-03-17,Merced,047,269075,29422,29250,920,30170,408
2021-03-17,Modoc,049,8938,350,341,120,461,3
2021-03-17,Mono,051,14174,1208,1212,16,1228,3
2021-03-17,Monterey,053,433212,42336,42061,1754,43815,334
2021-03-17,Napa,055,140530,9272,9219,34,9253,76
2021-03-17,Nevada,057,99092,4197,4145,171,4316,74
2021-03-17,Orange,059,3164182,249939,247943,10555,258498,4502
2021-03-17,Placer,061,380077,21224,20369,1199,21568,243
2021-03-17,Plumas,063,18699,658,645,10,655,4
2021-03-17,Riverside,065,2383286,288395,281649,13639,295288,3925
2021-03-17,Sacramento,067,1510023,97284,95650,1369,97019,1477
2021-03-17,San Benito,069,59416,5833,5841,92,5933,61
2021-03-17,San Bernardino,071,2135413,288220,284170,8677,292847,4049
2021-03-17,San Diego,073,3302833,268571,266313,13274,279587,3470
2021-03-17,San Francisco,075,870044,34874,34873,1178,36051,457
2021-03-17,San Joaquin,077,732212,68767,67093,3006,70099,1164
2021-03-17,San Luis Obispo,079,281455,20151,19858,606,20464,249
2021-03-17,San Mateo,081,765935,40351,39838,425,40263,344
2021-03-17,Santa Barbara,083,443738,33374,32585,1148,33733,433
2021-03-17,Santa Clara,085,1922200,112976,112983,632,113615,1805
2021-03-17,Santa Cruz,087,273765,15691,14967,801,15768,199
2021-03-17,Shasta,089,179085,11192,11045,1324,12369,100
2021-03-17,Sierra,091,2930,54,49,12,61,0
2021-03-17,Siskiyou,093,43540,1554,1479,252,1731,5
2021-03-17,Solano,095,438530,30464,30320,392,30712,171
2021-03-17,Sonoma,097,501317,28792,28877,243,29120,292
2021-03-17,Stanislaus,099,539301,52258,51524,5537,57061,682
2021-03-17,Sutter,101,95872,9057,8982,81,9063,103
2021-03-17,Tehama,103,63373,4713,4670,507,5177,34
2021-03-17,Trinity,105,12862,473,308,85,393,3
2021-03-17,Tulare,107,460477,49052,47929,8490,56419,805
2021-03-17,Tuolumne,109,53932,3944,3938,37,3975,57
2021-03-17,Ventura,111,848112,79342,78648,2852,81500,916
2021-03-17,Yolo,113,214977,13194,13169,244,13413,190
2021-03-17,Yuba,115,75493,5659,5603,93,5696,42
2021-03-16,Alameda,001,1643700,82799,82259,1776,84035,1177
2021-03-16,Alpine,003,1148,83,82,0,82,0
2021-03-16,Amador,005,37829,3525,3510,32,3542,44
2021-03-16,Butte,007,227075,11562,11154,1651,12805,184
2021-03-16,Calaveras,009,45235,1968,1945,12,1957,49
2021-03-16,Colusa,011,21464,1885,1882,273,2155,12
2021-03-16,Contra Costa,013,1133247,64865,63951,1110,65061,736
2021-03-16,Del Norte,015,27424,1104,1048,5,1053,6
2021-03-16,El Dorado,017,186661,9313,9249,598,9847,105
2021-03-16,Fresno,019,978130,98755,97638,8110,105748,1498
2021-03-16,Glenn,021,27897,2303,2267,513,2780,17
2021-03-16,Humboldt,023,135768,3386,3351,24,3375,33
2021-03-16,Imperial,025,180216,27450,27143,2620,29763,689
2021-03-16,Inyo,027,18085,1359,1346,9,1355,35
2021-03-16,Kern,029,883053,94781,93340,10181,103521,1144
2021-03-16,Kings,031,150075,22637,22320,1016,23336,233
2021-03-16,Lake,033,64148,3304,3246,8,3254,43
2021-03-16,Lassen,035,31185,5132,5126,101,5227,1
2021-03-16,Los Angeles,037,10098052,1181457,1172676,40052,1212728,22527
2021-03-16,Madera,039,155013,15974,15822,871,16693,214
2021-03-16,Marin,041,260295,13474,13419,187,13606,218
2021-03-16,Mariposa,043,17540,383,379,5,384,5
2021-03-16,Mendocino,045,87422,3713,3623,69,3692,44
2021-03-16,Merced,047,269075,29369,29198,919,30117,407
2021-03-16,Modoc,049,8938,350,341,120,461,3
2021-03-16,Mono,051,14174,1207,1207,16,1223,3
2021-03-16,Monterey,053,433212,42317,42023,1754,43777,334
2021-03-16,Napa,055,140530,9262,9209,34,9243,75
2021-03-16,Nevada,057,99092,4188,4132,170,4302,67
2021-03-16,Orange,059,3164182,249800,247843,10536,258379,4479
2021-03-16,Placer,061,380077,21190,20339,1195,21534,240
2021-03-16,Plumas,063,18699,657,643,10,653,4
2021-03-16,Riverside,065,2383286,288281,281540,13626,295166,3893
2021-03-16,Sacramento,067,1510023,97141,95522,1365,96887,1466
2021-03-16,San Benito,069,59416,5828,5831,92,5923,61
2021-03-16,San Bernardino,071,2135413,288090,283980,8670,292650,4032
2021-03-16,San Diego,073,3302833,268339,265903,13261,279164,3462
2021-03-16,San Francisco,075,870044,34845,34833,1173,36006,456
2021-03-16,San Joaquin,077,732212,68665,66856,2993,69849,1163
2021-03-16,San Luis Obispo,079,281455,20122,19832,604,20436,248
2021-03-16,San Mateo,081,765935,40317,39806,423,40229,344
2021-03-16,Santa Barbara,083,443738,33342,32556,1147,33703,433
2021-03-16,Santa Clara,085,1922200,112858,112845,629,113474,1797
2021-03-16,Santa Cruz,087,273765,15685,14926,801,15727,199
2021-03-16,Shasta,089,179085,11176,11035,1321,12356,100
2021-03-16,Sierra,091,2930,53,49,12,61,0
2021-03-16,Siskiyou,093,43540,1550,1477,252,1729,5
2021-03-16,Solano,095,438530,30430,30298,390,30688,171
2021-03-16,Sonoma,097,501317,28760,28850,241,29091,291
2021-03-16,Stanislaus,099,539301,52178,51410,5530,56940,683
2021-03-16,Sutter,101,95872,9049,8970,81,9051,102
2021-03-16,Tehama,103,63373,4709,4660,506,5166,34
2021-03-16,Trinity,105,12862,473,308,84,392,3
2021-03-16,Tulare,107,460477,49005,47895,8482,56377,803
2021-03-16,Tuolumne,109,53932,3941,3938,37,3975,57
2021-03-16,Ventura,111,848112,79275,78671,2845,81516,916
2021-03-16,Yolo,113,214977,13179,13162,244,13406,190
2021-03-16,Yuba,115,75493,5656,5596,92,5688,42
2021-03-15,Alameda,001,1643700,82712,82159,1776,83935,1167
2021-03-15,Alpine,003,1148,83,82,0,82,0
2021-03-15,Amador,005,37829,3524,3506,32,3538,44
2021-03-15,Butte,007,227075,11549,11141,1647,12788,185
2021-03-15,Calaveras,009,45235,1967,1941,12,1953,49
2021-03-15,Colusa,011,21464,1885,1883,273,2156,12
2021-03-15,Contra Costa,013,1133247,64803,63847,1109,64956,732
2021-03-15,Del Norte,015,27424,1101,1048,5,1053,6
2021-03-15,El Dorado,017,186661,9307,9235,597,9832,103
2021-03-15,Fresno,019,978130,98628,97520,8095,105615,1496
2021-03-15,Glenn,021,27897,2298,2261,510,2771,15
2021-03-15,Humboldt,023,135768,3380,3337,24,3361,32
2021-03-15,Imperial,025,180216,27429,27122,2618,29740,684
2021-03-15,Inyo,027,18085,1359,1346,9,1355,35
2021-03-15,Kern,029,883053,94721,93266,10174,103440,1141
2021-03-15,Kings,031,150075,22620,22294,1011,23305,233
2021-03-15,Lake,033,64148,3292,3237,8,3245,43
2021-03-15,Lassen,035,31185,5132,5125,101,5226,1
2021-03-15,Los Angeles,037,10098052,1180888,1172445,40017,1212462,22477
2021-03-15,Madera,039,155013,15963,15806,869,16675,214
2021-03-15,Marin,041,260295,13468,13408,186,13594,218
2021-03-15,Mariposa,043,17540,383,376,5,381,5
2021-03-15,Mendocino,045,87422,3709,3615,69,3684,44
2021-03-15,Merced,047,269075,29329,29169,918,30087,407
2021-03-15,Modoc,049,8938,350,340,120,460,3
2021-03-15,Mono,051,14174,1206,1206,16,1222,3
2021-03-15,Monterey,053,433212,42289,42011,1751,43762,333
2021-03-15,Napa,055,140530,9251,9196,34,9230,75
2021-03-15,Nevada,057,99092,4183,4123,169,4292,66
2021-03-15,Orange,059,3164182,249687,247697,10515,258212,4481
2021-03-15,Placer,061,380077,21167,20308,1195,21503,238
2021-03-15,Plumas,063,18699,657,642,10,652,4
2021-03-15,Riverside,065,2383286,288128,281367,13616,294983,3856
2021-03-15,Sacramento,067,1510023,96988,95414,1359,96773,1463
2021-03-15,San Benito,069,59416,5825,5831,92,5923,61
2021-03-15,San Bernardino,071,2135413,287997,283815,8662,292477,4004
2021-03-15,San Diego,073,3302833,268089,265646,13245,278891,3452
2021-03-15,San Francisco,075,870044,34810,34820,1169,35989,456
2021-03-15,San Joaquin,077,732212,68561,66622,2980,69602,1140
2021-03-15,San Luis Obispo,079,281455,20091,19813,600,20413,247
2021-03-15,San Mateo,081,765935,40263,39765,423,40188,344
2021-03-15,Santa Barbara,083,443738,33320,32529,1144,33673,431
2021-03-15,Santa Clara,085,1922200,112755,112729,627,113356,1798
2021-03-15,Santa Cruz,087,273765,15679,14899,799,15698,200
2021-03-15,Shasta,089,179085,11160,11019,1316,12335,92
2021-03-15,Sierra,091,2930,53,49,12,61,0
2021-03-15,Siskiyou,093,43540,1550,1475,252,1727,5
2021-03-15,Solano,095,438530,30401,30258,389,30647,171
2021-03-15,Sonoma,097,501317,28742,28814,238,29052,285
2021-03-15,Stanislaus,099,539301,52100,51357,5523,56880,683
2021-03-15,Sutter,101,95872,9043,8962,81,9043,102
2021-03-15,Tehama,103,63373,4699,4650,505,5155,34
2021-03-15,Trinity,105,12862,473,308,84,392,3
2021-03-15,Tulare,107,460477,48975,47857,8467,56324,800
2021-03-15,Tuolumne,109,53932,3938,3937,36,3973,57
2021-03-15,Ventura,111,848112,79221,78626,2844,81470,910
2021-03-15,Yolo,113,214977,13160,13131,242,13373,190
2021-03-15,Yuba,115,75493,5651,5585,91,5676,42
2021-03-14,Alameda,001,1643700,82626,82116,1773,83889,1168
2021-03-14,Alpine,003,1148,83,82,0,82,0
2021-03-14,Amador,005,37829,3519,3504,32,3536,44
2021-03-14,Butte,007,227075,11536,11140,1643,12783,185
2021-03-14,Calaveras,009,45235,1963,1939,12,1951,49
2021-03-14,Colusa,011,21464,1885,1883,273,2156,12
2021-03-14,Contra Costa,013,1133247,64698,63808,1108,64916,731
2021-03-14,Del Norte,015,27424,1087,1048,5,1053,6
2021-03-14,El Dorado,017,186661,9297,9231,597,9828,103
2021-03-14,Fresno,019,978130,98520,97461,8077,105538,1496
2021-03-14,Glenn,021,27897,2293,2260,507,2767,15
2021-03-14,Humboldt,023,135768,3366,3335,24,3359,32
2021-03-14,Imperial,025,180216,27411,27122,2614,29736,685
2021-03-14,Inyo,027,18085,1355,1346,9,1355,35
2021-03-14,Kern,029,883053,94638,93252,10156,103408,1141
2021-03-14,Kings,031,150075,22601,22292,1009,23301,232
2021-03-14,Lake,033,64148,3287,3237,8,3245,43
2021-03-14,Lassen,035,31185,5130,5125,101,5226,1
2021-03-14,Los Angeles,037,10098052,1180318,1172100,39981,1212081,22476
2021-03-14,Madera,039,155013,15938,15804,869,16673,214
2021-03-14,Marin,041,260295,13452,13405,184,13589,218
2021-03-14,Mariposa,043,17540,381,376,5,381,5
2021-03-14,Mendocino,045,87422,3704,3613,69,3682,44
2021-03-14,Merced,047,269075,29261,29149,914,30063,407
2021-03-14,Modoc,049,8938,350,340,120,460,3
2021-03-14,Mono,051,14174,1200,1206,16,1222,3
2021-03-14,Monterey,053,433212,42267,42007,1747,43754,333
2021-03-14,Napa,055,140530,9233,9194,34,9228,75
2021-03-14,Nevada,057,99092,4177,4122,167,4289,66
2021-03-14,Orange,059,3164182,249556,247656,10495,258151,4460
2021-03-14,Placer,061,380077,21133,20288,1187,21475,238
2021-03-14,Plumas,063,18699,655,642,10,652,4
2021-03-14,Riverside,065,2383286,287970,281332,13608,294940,3845
2021-03-14,Sacramento,067,1510023,96810,95343,1354,96697,1462
2021-03-14,San Benito,069,59416,5816,5829,92,5921,61
2021-03-14,San Bernardino,071,2135413,287873,283791,8651,292442,3996
2021-03-14,San Diego,073,3302833,267854,265468,13232,278700,3452
2021-03-14,San Francisco,075,870044,34771,34810,1166,35976,455
2021-03-14,San Joaquin,077,732212,68433,66563,2963,69526,1140
2021-03-14,San Luis Obispo,079,281455,20062,19806,598,20404,247
2021-03-14,San Mateo,081,765935,40224,39744,423,40167,342
2021-03-14,Santa Barbara,083,443738,33276,32514,1142,33656,431
2021-03-14,Santa Clara,085,1922200,112627,112648,626,113274,1796
2021-03-14,Santa Cruz,087,273765,15662,14887,797,15684,200
2021-03-14,Shasta,089,179085,11144,11019,1309,12328,92
2021-03-14,Sierra,091,2930,53,49,12,61,0
2021-03-14,Siskiyou,093,43540,1546,1473,251,1724,5
2021-03-14,Solano,095,438530,30369,30230,384,30614,171
2021-03-14,Sonoma,097,501317,28708,28798,234,29032,284
2021-03-14,Stanislaus,099,539301,51979,51306,5515,56821,690
2021-03-14,Sutter,101,95872,9027,8958,81,9039,102
2021-03-14,Tehama,103,63373,4687,4650,504,5154,34
2021-03-14,Trinity,105,12862,472,308,83,391,3
2021-03-14,Tulare,107,460477,48942,47845,8446,56291,800
2021-03-14,Tuolumne,109,53932,3935,3937,36,3973,57
2021-03-14,Ventura,111,848112,79168,78611,2838,81449,910
2021-03-14,Yolo,113,214977,13138,13128,238,13366,189
2021-03-14,Yuba,115,75493,5641,5583,91,5674,42
2021-03-13,Alameda,001,1643700,82567,82010,1773,83783,1168
2021-03-13,Alpine,003,1148,83,82,0,82,0
2021-03-13,Amador,005,37829,3516,3504,32,3536,44
2021-03-13,Butte,007,227075,11527,11131,1642,12773,185
2021-03-13,Calaveras,009,45235,1963,1939,12,1951,49
2021-03-13,Colusa,011,21464,1885,1882,273,2155,12
2021-03-13,Contra Costa,013,1133247,64637,63689,1108,64797,731
2021-03-13,Del Norte,015,27424,1083,1041,5,1046,6
2021-03-13,El Dorado,017,186661,9289,9221,597,9818,103
2021-03-13,Fresno,019,978130,98461,97324,8057,105381,1495
2021-03-13,Glenn,021,27897,2292,2260,506,2766,15
2021-03-13,Humboldt,023,135768,3359,3325,24,3349,32
2021-03-13,Imperial,025,180216,27406,27099,2609,29708,677
2021-03-13,Inyo,027,18085,1354,1344,9,1353,35
2021-03-13,Kern,029,883053,94599,93197,10150,103347,1140
2021-03-13,Kings,031,150075,22585,22265,1008,23273,232
2021-03-13,Lake,033,64148,3280,3234,7,3241,43
2021-03-13,Lassen,035,31185,5130,5125,101,5226,1
2021-03-13,Los Angeles,037,10098052,1180002,1171505,39938,1211443,22451
2021-03-13,Madera,039,155013,15926,15780,869,16649,214
2021-03-13,Marin,041,260295,13446,13391,182,13573,218
2021-03-13,Mariposa,043,17540,380,376,5,381,5
2021-03-13,Mendocino,045,87422,3700,3611,69,3680,44
2021-03-13,Merced,047,269075,29230,29106,914,30020,406
2021-03-13,Modoc,049,8938,350,340,119,459,3
2021-03-13,Mono,051,14174,1200,1207,16,1223,3
2021-03-13,Monterey,053,433212,42257,41989,1745,43734,332
2021-03-13,Napa,055,140530,9227,9190,34,9224,75
2021-03-13,Nevada,057,99092,4170,4111,166,4277,66
2021-03-13,Orange,059,3164182,249475,247514,10479,257993,4423
2021-03-13,Placer,061,380077,21112,20238,1184,21422,239
2021-03-13,Plumas,063,18699,653,642,10,652,4
2021-03-13,Riverside,065,2383286,287878,281191,13600,294791,3848
2021-03-13,Sacramento,067,1510023,96724,95192,1352,96544,1461
2021-03-13,San Benito,069,59416,5813,5823,92,5915,61
2021-03-13,San Bernardino,071,2135413,287820,283727,8645,292372,3972
2021-03-13,San Diego,073,3302833,267699,265270,13218,278488,3444
2021-03-13,San Francisco,075,870044,34754,34784,1157,35941,455
2021-03-13,San Joaquin,077,732212,68377,66480,2941,69421,1141
2021-03-13,San Luis Obispo,079,281455,20044,19789,597,20386,247
2021-03-13,San Mateo,081,765935,40197,39689,422,40111,341
2021-03-13,Santa Barbara,083,443738,33251,32486,1141,33627,431
2021-03-13,Santa Clara,085,1922200,112542,112531,625,113156,1790
2021-03-13,Santa Cruz,087,273765,15655,14875,797,15672,199
2021-03-13,Shasta,089,179085,11136,11021,1306,12327,108
2021-03-13,Sierra,091,2930,52,49,12,61,0
2021-03-13,Siskiyou,093,43540,1545,1470,251,1721,5
2021-03-13,Solano,095,438530,30352,30198,384,30582,171
2021-03-13,Sonoma,097,501317,28688,28762,230,28992,285
2021-03-13,Stanislaus,099,539301,51928,51257,5510,56767,695
2021-03-13,Sutter,101,95872,9020,8948,81,9029,102
2021-03-13,Tehama,103,63373,4685,4647,504,5151,33
2021-03-13,Trinity,105,12862,472,306,83,389,3
2021-03-13,Tulare,107,460477,48916,47818,8438,56256,798
2021-03-13,Tuolumne,109,53932,3932,3937,36,3973,57
2021-03-13,Ventura,111,848112,79119,78693,2838,81531,906
2021-03-13,Yolo,113,214977,13130,13087,237,13324,189
2021-03-13,Yuba,115,75493,5640,5577,91,5668,42
2021-03-12,Alameda,001,1643700,82491,81898,1772,83670,1164
2021-03-12,Alpine,003,1148,83,82,0,82,0
2021-03-12,Amador,005,37829,3513,3503,32,3535,44
2021-03-12,Butte,007,227075,11517,11126,1640,12766,184
2021-03-12,Calaveras,009,45235,1961,1916,12,1928,49
2021-03-12,Colusa,011,21464,1885,1883,273,2156,12
2021-03-12,Contra Costa,013,1133247,64561,63583,1108,64691,728
2021-03-12,Del Norte,015,27424,1077,1033,5,1038,6
2021-03-12,El Dorado,017,186661,9280,9219,597,9816,103
2021-03-12,Fresno,019,978130,98364,97185,8046,105231,1489
2021-03-12,Glenn,021,27897,2291,2258,505,2763,15
2021-03-12,Humboldt,023,135768,3354,3315,24,3339,32
2021-03-12,Imperial,025,180216,27395,27071,2607,29678,677
2021-03-12,Inyo,027,18085,1352,1339,9,1348,35
2021-03-12,Kern,029,883053,94565,93142,10134,103276,1132
2021-03-12,Kings,031,150075,22566,22233,1008,23241,232
2021-03-12,Lake,033,64148,3274,3226,6,3232,43
2021-03-12,Lassen,035,31185,5130,5125,100,5225,1
2021-03-12,Los Angeles,037,10098052,1179603,1170860,39921,1210781,22409
2021-03-12,Madera,039,155013,15914,15761,866,16627,214
2021-03-12,Marin,041,260295,13439,13375,182,13557,218
2021-03-12,Mariposa,043,17540,378,376,5,381,5
2021-03-12,Mendocino,045,87422,3697,3605,69,3674,43
2021-03-12,Merced,047,269075,29199,29064,914,29978,403
2021-03-12,Modoc,049,8938,350,340,119,459,3
2021-03-12,Mono,051,14174,1199,1206,16,1222,3
2021-03-12,Monterey,053,433212,42243,41964,1740,43704,329
2021-03-12,Napa,055,140530,9218,9180,34,9214,75
2021-03-12,Nevada,057,99092,4160,4101,166,4267,66
2021-03-12,Orange,059,3164182,249383,247388,10468,257856,4401
2021-03-12,Placer,061,380077,21079,20210,1179,21389,239
2021-03-12,Plumas,063,18699,652,641,10,651,4
2021-03-12,Riverside,065,2383286,287779,281037,13592,294629,3854
2021-03-12,Sacramento,067,1510023,96600,95061,1345,96406,1460
2021-03-12,San Benito,069,59416,5810,5817,92,5909,61
2021-03-12,San Bernardino,071,2135413,287762,283558,8640,292198,3917
2021-03-12,San Diego,073,3302833,267536,264886,13210,278096,3434
2021-03-12,San Francisco,075,870044,34733,34758,1154,35912,452
2021-03-12,San Joaquin,077,732212,68306,66482,2932,69414,1144
2021-03-12,San Luis Obispo,079,281455,20030,19769,595,20364,247
2021-03-12,San Mateo,081,765935,40161,39638,420,40058,341
2021-03-12,Santa Barbara,083,443738,33228,32457,1138,33595,429
2021-03-12,Santa Clara,085,1922200,112447,112396,624,113020,1766
2021-03-12,Santa Cruz,087,273765,15643,14846,795,15641,195
2021-03-12,Shasta,089,179085,11128,11143,1304,12447,153
2021-03-12,Sierra,091,2930,52,49,12,61,0
2021-03-12,Siskiyou,093,43540,1545,1468,250,1718,5
2021-03-12,Solano,095,438530,30333,30180,383,30563,171
2021-03-12,Sonoma,097,501317,28661,28714,230,28944,285
2021-03-12,Stanislaus,099,539301,51870,51146,5503,56649,701
2021-03-12,Sutter,101,95872,9014,8940,81,9021,101
2021-03-12,Tehama,103,63373,4681,4638,503,5141,33
2021-03-12,Trinity,105,12862,471,306,82,388,3
2021-03-12,Tulare,107,460477,48891,47772,8432,56204,798
2021-03-12,Tuolumne,109,53932,3931,3936,36,3972,57
2021-03-12,Ventura,111,848112,79076,78698,2834,81532,899
2021-03-12,Yolo,113,214977,13120,13061,230,13291,189
2021-03-12,Yuba,115,75493,5633,5563,90,5653,42
2021-03-11,Alameda,001,1643700,82398,81809,1767,83576,1164
2021-03-11,Alpine,003,1148,83,78,0,78,0
2021-03-11,Amador,005,37829,3512,3498,32,3530,42
2021-03-11,Butte,007,227075,11506,11110,1638,12748,185
2021-03-11,Calaveras,009,45235,1958,1915,12,1927,49
2021-03-11,Colusa,011,21464,1885,1883,273,2156,12
2021-03-11,Contra Costa,013,1133247,64488,63469,1106,64575,728
2021-03-11,Del Norte,015,27424,1072,1027,5,1032,6
2021-03-11,El Dorado,017,186661,9266,9211,597,9808,101
2021-03-11,Fresno,019,978130,98248,97026,8015,105041,1481
2021-03-11,Glenn,021,27897,2288,2255,505,2760,15
2021-03-11,Humboldt,023,135768,3337,3302,24,3326,32
2021-03-11,Imperial,025,180216,27388,27045,2604,29649,675
2021-03-11,Inyo,027,18085,1347,1335,9,1344,35
2021-03-11,Kern,029,883053,94509,93052,10095,103147,1121
2021-03-11,Kings,031,150075,22551,22183,1005,23188,230
2021-03-11,Lake,033,64148,3270,3214,6,3220,42
2021-03-11,Lassen,035,31185,5129,5124,100,5224,1
2021-03-11,Los Angeles,037,10098052,1179071,1170111,39889,1210000,22316
2021-03-11,Madera,039,155013,15903,15725,864,16589,214
2021-03-11,Marin,041,260295,13427,13356,181,13537,217
2021-03-11,Mariposa,043,17540,378,376,5,381,5
2021-03-11,Mendocino,045,87422,3690,3604,69,3673,42
2021-03-11,Merced,047,269075,29150,29001,913,29914,401
2021-03-11,Modoc,049,8938,350,340,119,459,3
2021-03-11,Mono,051,14174,1198,1206,16,1222,3
2021-03-11,Monterey,053,433212,42220,41936,1734,43670,329
2021-03-11,Napa,055,140530,9205,9173,34,9207,75
2021-03-11,Nevada,057,99092,4148,4085,164,4249,66
2021-03-11,Orange,059,3164182,249245,247217,10450,257667,4373
2021-03-11,Placer,061,380077,21036,20178,1175,21353,239
2021-03-11,Plumas,063,18699,651,640,10,650,4
2021-03-11,Riverside,065,2383286,287609,280881,13579,294460,3842
2021-03-11,Sacramento,067,1510023,96459,94912,1342,96254,1455
2021-03-11,San Benito,069,59416,5807,5816,92,5908,61
2021-03-11,San Bernardino,071,2135413,287665,283312,8634,291946,3869
2021-03-11,San Diego,073,3302833,267372,264524,13194,277718,3422
2021-03-11,San Francisco,075,870044,34697,34722,1148,35870,452
2021-03-11,San Joaquin,077,732212,68193,66522,2924,69446,1157
2021-03-11,San Luis Obispo,079,281455,20006,19748,594,20342,247
2021-03-11,San Mateo,081,765935,40124,39590,419,40009,341
2021-03-11,Santa Barbara,083,443738,33201,32408,1133,33541,430
2021-03-11,Santa Clara,085,1922200,112316,112246,621,112867,1765
2021-03-11,Santa Cruz,087,273765,15631,14812,794,15606,193
2021-03-11,Shasta,089,179085,11118,11139,1299,12438,158
2021-03-11,Sierra,091,2930,52,48,12,60,0
2021-03-11,Siskiyou,093,43540,1542,1466,250,1716,5
2021-03-11,Solano,095,438530,30305,30138,382,30520,171
2021-03-11,Sonoma,097,501317,28632,28677,230,28907,285
2021-03-11,Stanislaus,099,539301,51785,51038,5495,56533,707
2021-03-11,Sutter,101,95872,9008,8933,81,9014,101
2021-03-11,Tehama,103,63373,4672,4632,502,5134,33
2021-03-11,Trinity,105,12862,470,304,81,385,3
2021-03-11,Tulare,107,460477,48854,47709,8421,56130,797
2021-03-11,Tuolumne,109,53932,3929,3934,36,3970,57
2021-03-11,Ventura,111,848112,79026,78697,2830,81527,889
2021-03-11,Yolo,113,214977,13103,13041,228,13269,190
2021-03-11,Yuba,115,75493,5629,5553,90,5643,42
2021-03-10,Alameda,001,1643700,82290,81701,1762,83463,1160
2021-03-10,Alpine,003,1148,82,78,0,78,0
2021-03-10,Amador,005,37829,3510,3496,32,3528,42
2021-03-10,Butte,007,227075,11496,11096,1638,12734,185
2021-03-10,Calaveras,009,45235,1952,1913,12,1925,48
2021-03-10,Colusa,011,21464,1885,1882,273,2155,12
2021-03-10,Contra Costa,013,1133247,64389,63372,1102,64474,725
2021-03-10,Del Norte,015,27424,1070,1020,5,1025,5
2021-03-10,El Dorado,017,186661,9253,9203,597,9800,100
2021-03-10,Fresno,019,978130,98140,96866,7999,104865,1471
2021-03-10,Glenn,021,27897,2285,2253,503,2756,15
2021-03-10,Humboldt,023,135768,3327,3296,23,3319,32
2021-03-10,Imperial,025,180216,27373,27051,2604,29655,675
2021-03-10,Inyo,027,18085,1347,1328,9,1337,35
2021-03-10,Kern,029,883053,94443,92965,10074,103039,1102
2021-03-10,Kings,031,150075,22532,22166,1003,23169,226
2021-03-10,Lake,033,64148,3260,3207,6,3213,42
2021-03-10,Lassen,035,31185,5129,5120,100,5220,1
2021-03-10,Los Angeles,037,10098052,1178526,1169079,39862,1208941,22199
2021-03-10,Madera,039,155013,15882,15705,861,16566,212
2021-03-10,Marin,041,260295,13417,13348,180,13528,216
2021-03-10,Mariposa,043,17540,378,376,5,381,5
2021-03-10,Mendocino,045,87422,3685,3602,69,3671,42
2021-03-10,Merced,047,269075,29113,28927,910,29837,401
2021-03-10,Modoc,049,8938,349,338,119,457,3
2021-03-10,Mono,051,14174,1195,1204,16,1220,3
2021-03-10,Monterey,053,433212,42198,41920,1730,43650,329
2021-03-10,Napa,055,140530,9196,9165,34,9199,75
2021-03-10,Nevada,057,99092,4144,4074,164,4238,66
2021-03-10,Orange,059,3164182,249096,247075,10434,257509,4342
2021-03-10,Placer,061,380077,21001,20144,1169,21313,239
2021-03-10,Plumas,063,18699,650,639,10,649,4
2021-03-10,Riverside,065,2383286,287468,280708,13565,294273,3822
2021-03-10,Sacramento,067,1510023,96329,94796,1336,96132,1452
2021-03-10,San Benito,069,59416,5798,5811,92,5903,61
2021-03-10,San Bernardino,071,2135413,287573,283140,8628,291768,3841
2021-03-10,San Diego,073,3302833,267151,264094,13182,277276,3413
2021-03-10,San Francisco,075,870044,34662,34688,1140,35828,450
2021-03-10,San Joaquin,077,732212,68091,66483,2907,69390,1156
2021-03-10,San Luis Obispo,079,281455,19982,19710,590,20300,247
2021-03-10,San Mateo,081,765935,40100,39571,419,39990,338
2021-03-10,Santa Barbara,083,443738,33174,32356,1130,33486,429
2021-03-10,Santa Clara,085,1922200,112209,112103,617,112720,1759
2021-03-10,Santa Cruz,087,273765,15616,14790,793,15583,192
2021-03-10,Shasta,089,179085,11108,11125,1296,12421,155
2021-03-10,Sierra,091,2930,52,48,12,60,0
2021-03-10,Siskiyou,093,43540,1540,1458,250,1708,5
2021-03-10,Solano,095,438530,30275,30111,381,30492,170
2021-03-10,Sonoma,097,501317,28597,28638,229,28867,286
2021-03-10,Stanislaus,099,539301,51696,50968,5476,56444,706
2021-03-10,Sutter,101,95872,8997,8918,81,8999,101
2021-03-10,Tehama,103,63373,4662,4623,502,5125,33
2021-03-10,Trinity,105,12862,470,304,81,385,3
2021-03-10,Tulare,107,460477,48806,47659,8403,56062,793
2021-03-10,Tuolumne,109,53932,3928,3931,36,3967,57
2021-03-10,Ventura,111,848112,78949,78609,2828,81437,878
2021-03-10,Yolo,113,214977,13080,13021,227,13248,189
2021-03-10,Yuba,115,75493,5615,5545,89,5634,42
2021-03-09,Alameda,001,1643700,82202,81618,1762,83380,1151
2021-03-09,Alpine,003,1148,82,78,0,78,0
2021-03-09,Amador,005,37829,3508,3494,32,3526,42
2021-03-09,Butte,007,227075,11483,11092,1636,12728,185
2021-03-09,Calaveras,009,45235,1950,1913,12,1925,48
2021-03-09,Colusa,011,21464,1885,1880,273,2153,11
2021-03-09,Contra Costa,013,1133247,64296,63314,1100,64414,723
2021-03-09,Del Norte,015,27424,1062,1017,5,1022,5
2021-03-09,El Dorado,017,186661,9246,9198,597,9795,98
2021-03-09,Fresno,019,978130,98021,96744,7972,104716,1463
2021-03-09,Glenn,021,27897,2281,2251,501,2752,15
2021-03-09,Humboldt,023,135768,3315,3288,22,3310,32
2021-03-09,Imperial,025,180216,27364,27045,2600,29645,675
2021-03-09,Inyo,027,18085,1345,1324,9,1333,35
2021-03-09,Kern,029,883053,94364,92924,10056,102980,1088
2021-03-09,Kings,031,150075,22507,22143,1001,23144,226
2021-03-09,Lake,033,64148,3254,3202,6,3208,42
2021-03-09,Lassen,035,31185,5129,5120,100,5220,1
2021-03-09,Los Angeles,037,10098052,1177930,1167967,39828,1207795,22080
2021-03-09,Madera,039,155013,15871,15701,859,16560,211
2021-03-09,Marin,041,260295,13399,13335,178,13513,214
2021-03-09,Mariposa,043,17540,378,376,5,381,5
2021-03-09,Mendocino,045,87422,3681,3595,69,3664,42
2021-03-09,Merced,047,269075,29051,28876,909,29785,399
2021-03-09,Modoc,049,8938,349,338,118,456,3
2021-03-09,Mono,051,14174,1194,1203,16,1219,3
2021-03-09,Monterey,053,433212,42179,41894,1722,43616,329
2021-03-09,Napa,055,140530,9182,9155,34,9189,75
2021-03-09,Nevada,057,99092,4136,4062,164,4226,66
2021-03-09,Orange,059,3164182,248953,246989,10414,257403,4310
2021-03-09,Placer,061,380077,20959,20122,1164,21286,239
2021-03-09,Plumas,063,18699,647,639,10,649,4
2021-03-09,Riverside,065,2383286,287333,280562,13561,294123,3821
2021-03-09,Sacramento,067,1510023,96161,94720,1330,96050,1442
2021-03-09,San Benito,069,59416,5794,5800,92,5892,61
2021-03-09,San Bernardino,071,2135413,287460,282971,8621,291592,3823
2021-03-09,San Diego,073,3302833,266919,263745,13161,276906,3405
2021-03-09,San Francisco,075,870044,34631,34654,1136,35790,450
2021-03-09,San Joaquin,077,732212,67963,66383,2897,69280,1150
2021-03-09,San Luis Obispo,079,281455,19964,19672,583,20255,245
2021-03-09,San Mateo,081,765935,40053,39535,417,39952,336
2021-03-09,Santa Barbara,083,443738,33133,32314,1128,33442,428
2021-03-09,Santa Clara,085,1922200,112098,111963,612,112575,1756
2021-03-09,Santa Cruz,087,273765,15594,14764,792,15556,188
2021-03-09,Shasta,089,179085,11101,11113,1291,12404,155
2021-03-09,Sierra,091,2930,52,48,12,60,0
2021-03-09,Siskiyou,093,43540,1536,1447,248,1695,5
2021-03-09,Solano,095,438530,30239,30090,379,30469,169
2021-03-09,Sonoma,097,501317,28547,28601,226,28827,284
2021-03-09,Stanislaus,099,539301,51600,50884,5467,56351,703
2021-03-09,Sutter,101,95872,8984,8914,81,8995,101
2021-03-09,Tehama,103,63373,4654,4620,501,5121,33
2021-03-09,Trinity,105,12862,470,304,81,385,3
2021-03-09,Tulare,107,460477,48779,47637,8382,56019,792
2021-03-09,Tuolumne,109,53932,3926,3929,36,3965,56
2021-03-09,Ventura,111,848112,78879,78526,2826,81352,863
2021-03-09,Yolo,113,214977,13069,13015,226,13241,189
2021-03-09,Yuba,115,75493,5608,5539,89,5628,42
2021-03-08,Alameda,001,1643700,82090,81543,1761,83304,1142
2021-03-08,Alpine,003,1148,82,78,0,78,0
2021-03-08,Amador,005,37829,3505,3490,32,3522,42
2021-03-08,Butte,007,227075,11468,11082,1635,12717,185
2021-03-08,Calaveras,009,45235,1946,1909,12,1921,48
2021-03-08,Colusa,011,21464,1885,1877,273,2150,11
2021-03-08,Contra Costa,013,1133247,64203,63240,1100,64340,719
2021-03-08,Del Norte,015,27424,1057,1012,5,1017,5
2021-03-08,El Dorado,017,186661,9243,9188,596,9784,97
2021-03-08,Fresno,019,978130,97922,96665,7951,104616,1442
2021-03-08,Glenn,021,27897,2280,2249,501,2750,15
2021-03-08,Humboldt,023,135768,3301,3278,22,3300,31
2021-03-08,Imperial,025,180216,27357,27033,2596,29629,663
2021-03-08,Inyo,027,18085,1343,1320,9,1329,35
2021-03-08,Kern,029,883053,94297,92857,10035,102892,1087
2021-03-08,Kings,031,150075,22486,22130,999,23129,226
2021-03-08,Lake,033,64148,3242,3195,6,3201,42
2021-03-08,Lassen,035,31185,5129,5119,100,5219,1
2021-03-08,Los Angeles,037,10098052,1177313,1163409,39796,1203205,21868
2021-03-08,Madera,039,155013,15861,15691,857,16548,211
2021-03-08,Marin,041,260295,13379,13328,176,13504,214
2021-03-08,Mariposa,043,17540,378,376,5,381,5
2021-03-08,Mendocino,045,87422,3679,3590,68,3658,42
2021-03-08,Merced,047,269075,28991,28841,908,29749,398
2021-03-08,Modoc,049,8938,349,338,118,456,3
2021-03-08,Mono,051,14174,1193,1200,16,1216,3
2021-03-08,Monterey,053,433212,42158,41863,1721,43584,328
2021-03-08,Napa,055,140530,9179,9146,34,9180,75
2021-03-08,Nevada,057,99092,4128,4059,164,4223,66
2021-03-08,Orange,059,3164182,248779,246900,10382,257282,4243
2021-03-08,Placer,061,380077,20924,20102,1153,21255,239
2021-03-08,Plumas,063,18699,646,635,10,645,4
2021-03-08,Riverside,065,2383286,287181,280463,13551,294014,3783
2021-03-08,Sacramento,067,1510023,95991,94654,1325,95979,1438
2021-03-08,San Benito,069,59416,5791,5797,92,5889,61
2021-03-08,San Bernardino,071,2135413,287351,282894,8614,291508,3811
2021-03-08,San Diego,073,3302833,266678,263272,13146,276418,3390
2021-03-08,San Francisco,075,870044,34604,34634,1132,35766,446
2021-03-08,San Joaquin,077,732212,67846,66307,2888,69195,1139
2021-03-08,San Luis Obispo,079,281455,19921,19656,580,20236,245
2021-03-08,San Mateo,081,765935,40004,39492,415,39907,335
2021-03-08,Santa Barbara,083,443738,33101,32293,1128,33421,427
2021-03-08,Santa Clara,085,1922200,111970,111882,610,112492,1756
2021-03-08,Santa Cruz,087,273765,15574,14729,792,15521,188
2021-03-08,Shasta,089,179085,11093,11088,1286,12374,155
2021-03-08,Sierra,091,2930,52,48,12,60,0
2021-03-08,Siskiyou,093,43540,1535,1440,248,1688,5
2021-03-08,Solano,095,438530,30199,30068,377,30445,169
2021-03-08,Sonoma,097,501317,28503,28571,225,28796,284
2021-03-08,Stanislaus,099,539301,51520,50825,5462,56287,690
2021-03-08,Sutter,101,95872,8981,8905,81,8986,100
2021-03-08,Tehama,103,63373,4651,4615,500,5115,33
2021-03-08,Trinity,105,12862,469,302,81,383,3
2021-03-08,Tulare,107,460477,48738,47587,8357,55944,791
2021-03-08,Tuolumne,109,53932,3925,3921,36,3957,56
2021-03-08,Ventura,111,848112,78808,78526,2818,81344,852
2021-03-08,Yolo,113,214977,13046,13000,225,13225,189
2021-03-08,Yuba,115,75493,5598,5530,89,5619,42
2021-03-07,Alameda,001,1643700,81972,81413,1760,83173,1145
2021-03-07,Alpine,003,1148,82,78,0,78,0
2021-03-07,Amador,005,37829,3502,3489,32,3521,42
2021-03-07,Butte,007,227075,11453,11075,1634,12709,185
2021-03-07,Calaveras,009,45235,1942,1906,12,1918,48
2021-03-07,Colusa,011,21464,1884,1876,273,2149,11
2021-03-07,Contra Costa,013,1133247,64104,63148,1098,64246,719
2021-03-07,Del Norte,015,27424,1052,1010,5,1015,5
2021-03-07,El Dorado,017,186661,9240,9184,595,9779,97
2021-03-07,Fresno,019,978130,97744,96549,7929,104478,1442
2021-03-07,Glenn,021,27897,2278,2244,501,2745,15
2021-03-07,Humboldt,023,135768,3291,3274,22,3296,31
2021-03-07,Imperial,025,180216,27348,27019,2594,29613,658
2021-03-07,Inyo,027,18085,1340,1320,9,1329,35
2021-03-07,Kern,029,883053,94210,92746,10005,102751,1086
2021-03-07,Kings,031,150075,22465,22103,998,23101,224
2021-03-07,Lake,033,64148,3236,3192,6,3198,42
2021-03-07,Lassen,035,31185,5128,5119,100,5219,1
2021-03-07,Los Angeles,037,10098052,1176589,1162749,39759,1202508,21857
2021-03-07,Madera,039,155013,15842,15675,857,16532,211
2021-03-07,Marin,041,260295,13371,13313,174,13487,214
2021-03-07,Mariposa,043,17540,377,376,5,381,5
2021-03-07,Mendocino,045,87422,3676,3581,68,3649,42
2021-03-07,Merced,047,269075,28918,28829,904,29733,399
2021-03-07,Modoc,049,8938,349,338,118,456,3
2021-03-07,Mono,051,14174,1191,1199,16,1215,3
2021-03-07,Monterey,053,433212,42137,41858,1718,43576,328
2021-03-07,Napa,055,140530,9169,9137,34,9171,75
2021-03-07,Nevada,057,99092,4114,4052,163,4215,66
2021-03-07,Orange,059,3164182,248587,246771,10354,257125,4218
2021-03-07,Placer,061,380077,20884,20070,1149,21219,239
2021-03-07,Plumas,063,18699,645,635,10,645,4
2021-03-07,Riverside,065,2383286,287032,280379,13542,293921,3779
2021-03-07,Sacramento,067,1510023,95814,94513,1317,95830,1437
2021-03-07,San Benito,069,59416,5784,5795,92,5887,61
2021-03-07,San Bernardino,071,2135413,287200,282860,8609,291469,3810
2021-03-07,San Diego,073,3302833,266396,262965,13122,276087,3390
2021-03-07,San Francisco,075,870044,34570,34594,1127,35721,445
2021-03-07,San Joaquin,077,732212,67711,66252,2874,69126,1139
2021-03-07,San Luis Obispo,079,281455,19884,19614,578,20192,245
2021-03-07,San Mateo,081,765935,39964,39436,412,39848,329
2021-03-07,Santa Barbara,083,443738,33054,32218,1127,33345,425
2021-03-07,Santa Clara,085,1922200,111824,111745,606,112351,1752
2021-03-07,Santa Cruz,087,273765,15552,14715,791,15506,189
2021-03-07,Shasta,089,179085,11080,11083,1278,12361,156
2021-03-07,Sierra,091,2930,51,48,12,60,0
2021-03-07,Siskiyou,093,43540,1532,1435,244,1679,5
2021-03-07,Solano,095,438530,30162,30027,377,30404,169
2021-03-07,Sonoma,097,501317,28454,28533,223,28756,284
2021-03-07,Stanislaus,099,539301,51388,50783,5445,56228,699
2021-03-07,Sutter,101,95872,8971,8900,81,8981,100
2021-03-07,Tehama,103,63373,4641,4614,497,5111,33
2021-03-07,Trinity,105,12862,469,302,81,383,3
2021-03-07,Tulare,107,460477,48679,47569,8326,55895,790
2021-03-07,Tuolumne,109,53932,3924,3922,35,3957,56
2021-03-07,Ventura,111,848112,78710,78487,2814,81301,851
2021-03-07,Yolo,113,214977,13027,12988,225,13213,189
2021-03-07,Yuba,115,75493,5593,5516,89,5605,42
2021-03-06,Alameda,001,1643700,81917,81310,1759,83069,1143
2021-03-06,Alpine,003,1148,82,78,0,78,0
2021-03-06,Amador,005,37829,3498,3487,32,3519,42
2021-03-06,Butte,007,227075,11450,11065,1633,12698,185
2021-03-06,Calaveras,009,45235,1939,1904,12,1916,48
2021-03-06,Colusa,011,21464,1882,1874,273,2147,11
2021-03-06,Contra Costa,013,1133247,64043,63040,1094,64134,719
2021-03-06,Del Norte,015,27424,1047,1000,5,1005,5
2021-03-06,El Dorado,017,186661,9236,9166,595,9761,97
2021-03-06,Fresno,019,978130,97649,96366,7918,104284,1440
2021-03-06,Glenn,021,27897,2278,2241,501,2742,15
2021-03-06,Humboldt,023,135768,3281,3260,22,3282,31
2021-03-06,Imperial,025,180216,27344,27009,2589,29598,658
2021-03-06,Inyo,027,18085,1337,1312,9,1321,35
2021-03-06,Kern,029,883053,94164,92684,9985,102669,1082
2021-03-06,Kings,031,150075,22448,22094,998,23092,224
2021-03-06,Lake,033,64148,3234,3189,6,3195,42
2021-03-06,Lassen,035,31185,5128,5119,100,5219,1
2021-03-06,Los Angeles,037,10098052,1176153,1161745,39729,1201474,21843
2021-03-06,Madera,039,155013,15833,15646,855,16501,211
2021-03-06,Marin,041,260295,13362,13289,174,13463,213
2021-03-06,Mariposa,043,17540,377,376,5,381,5
2021-03-06,Mendocino,045,87422,3674,3579,68,3647,42
2021-03-06,Merced,047,269075,28876,28771,904,29675,399
2021-03-06,Modoc,049,8938,348,338,118,456,3
2021-03-06,Mono,051,14174,1190,1198,16,1214,3
2021-03-06,Monterey,053,433212,42132,41838,1715,43553,327
2021-03-06,Napa,055,140530,9161,9129,34,9163,75
2021-03-06,Nevada,057,99092,4108,4044,163,4207,66
2021-03-06,Orange,059,3164182,248496,246634,10340,256974,4165
2021-03-06,Placer,061,380077,20861,20030,1147,21177,239
2021-03-06,Plumas,063,18699,645,634,10,644,4
2021-03-06,Riverside,065,2383286,286939,280225,13534,293759,3781
2021-03-06,Sacramento,067,1510023,95726,94332,1308,95640,1436
2021-03-06,San Benito,069,59416,5779,5793,92,5885,61
2021-03-06,San Bernardino,071,2135413,287116,282737,8607,291344,3791
2021-03-06,San Diego,073,3302833,266209,262778,13105,275883,3385
2021-03-06,San Francisco,075,870044,34539,34560,1123,35683,435
2021-03-06,San Joaquin,077,732212,67637,66162,2864,69026,1138
2021-03-06,San Luis Obispo,079,281455,19864,19592,576,20168,245
2021-03-06,San Mateo,081,765935,39939,39384,412,39796,329
2021-03-06,Santa Barbara,083,443738,33023,32176,1126,33302,424
2021-03-06,Santa Clara,085,1922200,111728,111570,604,112174,1749
2021-03-06,Santa Cruz,087,273765,15541,14701,791,15492,188
2021-03-06,Shasta,089,179085,11071,11076,1276,12352,158
2021-03-06,Sierra,091,2930,51,48,12,60,0
2021-03-06,Siskiyou,093,43540,1530,1432,244,1676,5
2021-03-06,Solano,095,438530,30133,30000,376,30376,169
2021-03-06,Sonoma,097,501317,28431,28484,221,28705,284
2021-03-06,Stanislaus,099,539301,51318,50691,5439,56130,711
2021-03-06,Sutter,101,95872,8965,8887,81,8968,100
2021-03-06,Tehama,103,63373,4641,4610,495,5105,33
2021-03-06,Trinity,105,12862,469,302,81,383,3
2021-03-06,Tulare,107,460477,48647,47515,8297,55812,789
2021-03-06,Tuolumne,109,53932,3922,3920,35,3955,56
2021-03-06,Ventura,111,848112,78655,78439,2813,81252,848
2021-03-06,Yolo,113,214977,13021,12951,225,13176,189
2021-03-06,Yuba,115,75493,5584,5504,89,5593,42
2021-03-05,Alameda,001,1643700,81827,81215,1757,82972,1141
2021-03-05,Alpine,003,1148,82,78,0,78,0
2021-03-05,Amador,005,37829,3497,3484,32,3516,42
2021-03-05,Butte,007,227075,11439,11050,1632,12682,185
2021-03-05,Calaveras,009,45235,1935,1902,12,1914,48
2021-03-05,Colusa,011,21464,1882,1874,273,2147,11
2021-03-05,Contra Costa,013,1133247,63963,62886,1091,63977,711
2021-03-05,Del Norte,015,27424,1043,995,5,1000,5
2021-03-05,El Dorado,017,186661,9231,9150,594,9744,97
2021-03-05,Fresno,019,978130,97541,96184,7899,104083,1432
2021-03-05,Glenn,021,27897,2273,2241,501,2742,15
2021-03-05,Humboldt,023,135768,3274,3234,22,3256,31
2021-03-05,Imperial,025,180216,27334,26970,2580,29550,651
2021-03-05,Inyo,027,18085,1333,1309,9,1318,35
2021-03-05,Kern,029,883053,94124,92601,9972,102573,1076
2021-03-05,Kings,031,150075,22430,22063,997,23060,224
2021-03-05,Lake,033,64148,3232,3185,6,3191,42
2021-03-05,Lassen,035,31185,5128,5117,98,5215,1
2021-03-05,Los Angeles,037,10098052,1175665,1160688,39698,1200386,21745
2021-03-05,Madera,039,155013,15823,15624,853,16477,211
2021-03-05,Marin,041,260295,13349,13275,173,13448,215
2021-03-05,Mariposa,043,17540,377,375,5,380,4
2021-03-05,Mendocino,045,87422,3671,3577,68,3645,42
2021-03-05,Merced,047,269075,28842,28734,903,29637,399
2021-03-05,Modoc,049,8938,348,337,118,455,3
2021-03-05,Mono,051,14174,1189,1197,16,1213,3
2021-03-05,Monterey,053,433212,42119,41802,1715,43517,325
2021-03-05,Napa,055,140530,9153,9109,34,9143,75
2021-03-05,Nevada,057,99092,4104,4033,163,4196,66
2021-03-05,Orange,059,3164182,248383,246489,10327,256816,4108
2021-03-05,Placer,061,380077,20835,19973,1143,21116,239
2021-03-05,Plumas,063,18699,645,635,10,645,4
2021-03-05,Riverside,065,2383286,286827,280075,13529,293604,3781
2021-03-05,Sacramento,067,1510023,95630,94182,1301,95483,1430
2021-03-05,San Benito,069,59416,5776,5790,92,5882,61
2021-03-05,San Bernardino,071,2135413,287022,282640,8603,291243,3774
2021-03-05,San Diego,073,3302833,265976,262357,13088,275445,3371
2021-03-05,San Francisco,075,870044,34499,34526,1119,35645,430
2021-03-05,San Joaquin,077,732212,67557,66041,2855,68896,1133
2021-03-05,San Luis Obispo,079,281455,19843,19557,574,20131,244
2021-03-05,San Mateo,081,765935,39907,39305,412,39717,326
2021-03-05,Santa Barbara,083,443738,32988,32139,1121,33260,424
2021-03-05,Santa Clara,085,1922200,111632,111384,604,111988,1745
2021-03-05,Santa Cruz,087,273765,15530,14694,791,15485,188
2021-03-05,Shasta,089,179085,11059,11062,1270,12332,148
2021-03-05,Sierra,091,2930,51,48,12,60,0
2021-03-05,Siskiyou,093,43540,1526,1429,243,1672,5
2021-03-05,Solano,095,438530,30116,29951,374,30325,168
2021-03-05,Sonoma,097,501317,28405,28417,221,28638,279
2021-03-05,Stanislaus,099,539301,51267,50606,5429,56035,721
2021-03-05,Sutter,101,95872,8958,8876,81,8957,100
2021-03-05,Tehama,103,63373,4632,4606,495,5101,33
2021-03-05,Trinity,105,12862,469,302,81,383,3
2021-03-05,Tulare,107,460477,48618,47469,8278,55747,789
2021-03-05,Tuolumne,109,53932,3920,3917,35,3952,56
2021-03-05,Ventura,111,848112,78588,78368,2812,81180,839
2021-03-05,Yolo,113,214977,13009,12920,224,13144,188
2021-03-05,Yuba,115,75493,5572,5496,89,5585,42
2021-03-04,Alameda,001,1643700,81718,81115,1757,82872,1136
2021-03-04,Alpine,003,1148,82,78,0,78,0
2021-03-04,Amador,005,37829,3496,3480,32,3512,42
2021-03-04,Butte,007,227075,11432,11033,1631,12664,185
2021-03-04,Calaveras,009,45235,1934,1896,12,1908,48
2021-03-04,Colusa,011,21464,1880,1873,268,2141,11
2021-03-04,Contra Costa,013,1133247,63864,62789,1089,63878,708
2021-03-04,Del Norte,015,27424,1035,989,5,994,5
2021-03-04,El Dorado,017,186661,9216,9133,594,9727,97
2021-03-04,Fresno,019,978130,97377,96023,7877,103900,1422
2021-03-04,Glenn,021,27897,2267,2236,500,2736,15
2021-03-04,Humboldt,023,135768,3260,3212,22,3234,31
2021-03-04,Imperial,025,180216,27322,26946,2577,29523,646
2021-03-04,Inyo,027,18085,1330,1300,9,1309,35
2021-03-04,Kern,029,883053,94036,92525,9953,102478,1070
2021-03-04,Kings,031,150075,22405,22025,994,23019,224
2021-03-04,Lake,033,64148,3224,3181,6,3187,42
2021-03-04,Lassen,035,31185,5128,5116,98,5214,1
2021-03-04,Los Angeles,037,10098052,1175056,1159405,39649,1199054,21610
2021-03-04,Madera,039,155013,15788,15596,850,16446,208
2021-03-04,Marin,041,260295,13332,13240,170,13410,215
2021-03-04,Mariposa,043,17540,377,376,5,381,4
2021-03-04,Mendocino,045,87422,3668,3569,68,3637,42
2021-03-04,Merced,047,269075,28792,28671,900,29571,396
2021-03-04,Modoc,049,8938,347,336,118,454,3
2021-03-04,Mono,051,14174,1189,1197,16,1213,3
2021-03-04,Monterey,053,433212,42099,41771,1712,43483,325
2021-03-04,Napa,055,140530,9145,9094,34,9128,74
2021-03-04,Nevada,057,99092,4094,4020,163,4183,66
2021-03-04,Orange,059,3164182,248227,246354,10310,256664,4096
2021-03-04,Placer,061,380077,20803,19900,1137,21037,239
2021-03-04,Plumas,063,18699,645,634,10,644,4
2021-03-04,Riverside,065,2383286,286697,279871,13516,293387,3766
2021-03-04,Sacramento,067,1510023,95495,93982,1298,95280,1426
2021-03-04,San Benito,069,59416,5776,5781,92,5873,61
2021-03-04,San Bernardino,071,2135413,286892,282407,8599,291006,3757
2021-03-04,San Diego,073,3302833,265717,261858,13044,274902,3359
2021-03-04,San Francisco,075,870044,34465,34480,1116,35596,426
2021-03-04,San Joaquin,077,732212,67464,65931,2845,68776,1129
2021-03-04,San Luis Obispo,079,281455,19805,19520,572,20092,243
2021-03-04,San Mateo,081,765935,39863,39225,411,39636,322
2021-03-04,Santa Barbara,083,443738,32951,32090,1120,33210,423
2021-03-04,Santa Clara,085,1922200,111498,111194,602,111796,1723
2021-03-04,Santa Cruz,087,273765,15511,14669,791,15460,186
2021-03-04,Shasta,089,179085,11056,11050,1261,12311,150
2021-03-04,Sierra,091,2930,51,48,12,60,0
2021-03-04,Siskiyou,093,43540,1520,1427,243,1670,5
2021-03-04,Solano,095,438530,30089,29905,373,30278,168
2021-03-04,Sonoma,097,501317,28350,28379,220,28599,279
2021-03-04,Stanislaus,099,539301,51177,50521,5421,55942,731
2021-03-04,Sutter,101,95872,8946,8849,81,8930,100
2021-03-04,Tehama,103,63373,4626,4604,495,5099,33
2021-03-04,Trinity,105,12862,469,302,81,383,3
2021-03-04,Tulare,107,460477,48573,47398,8253,55651,784
2021-03-04,Tuolumne,109,53932,3914,3916,35,3951,56
2021-03-04,Ventura,111,848112,78501,78184,2810,80994,831
2021-03-04,Yolo,113,214977,12989,12895,224,13119,189
2021-03-04,Yuba,115,75493,5560,5483,89,5572,41
2021-03-03,Alameda,001,1643700,81596,80972,1756,82728,1127
2021-03-03,Alpine,003,1148,82,77,0,77,0
2021-03-03,Amador,005,37829,3494,3478,31,3509,42
2021-03-03,Butte,007,227075,11425,11014,1630,12644,184
2021-03-03,Calaveras,009,45235,1933,1893,12,1905,48
2021-03-03,Colusa,011,21464,1879,1873,268,2141,11
2021-03-03,Contra Costa,013,1133247,63766,62668,1086,63754,708
2021-03-03,Del Norte,015,27424,1032,988,5,993,5
2021-03-03,El Dorado,017,186661,9206,9121,594,9715,97
2021-03-03,Fresno,019,978130,97233,95893,7859,103752,1415
2021-03-03,Glenn,021,27897,2267,2233,500,2733,15
2021-03-03,Humboldt,023,135768,3249,3196,22,3218,30
2021-03-03,Imperial,025,180216,27305,26939,2572,29511,640
2021-03-03,Inyo,027,18085,1322,1294,9,1303,35
2021-03-03,Kern,029,883053,93960,92434,9936,102370,1063
2021-03-03,Kings,031,150075,22389,22009,993,23002,223
2021-03-03,Lake,033,64148,3217,3175,6,3181,40
2021-03-03,Lassen,035,31185,5128,5115,98,5213,1
2021-03-03,Los Angeles,037,10098052,1174416,1157911,39608,1197519,21500
2021-03-03,Madera,039,155013,15769,15553,844,16397,203
2021-03-03,Marin,041,260295,13319,13216,170,13386,214
2021-03-03,Mariposa,043,17540,376,376,5,381,4
2021-03-03,Mendocino,045,87422,3660,3564,68,3632,42
2021-03-03,Merced,047,269075,28740,28625,900,29525,393
2021-03-03,Modoc,049,8938,347,333,117,450,3
2021-03-03,Mono,051,14174,1189,1191,16,1207,3
2021-03-03,Monterey,053,433212,42066,41731,1709,43440,325
2021-03-03,Napa,055,140530,9137,9090,34,9124,72
2021-03-03,Nevada,057,99092,4084,4009,163,4172,66
2021-03-03,Orange,059,3164182,248082,246120,10295,256415,4072
2021-03-03,Placer,061,380077,20777,19851,1134,20985,239
2021-03-03,Plumas,063,18699,644,631,10,641,4
2021-03-03,Riverside,065,2383286,286564,279626,13510,293136,3735
2021-03-03,Sacramento,067,1510023,95334,93819,1290,95109,1419
2021-03-03,San Benito,069,59416,5775,5774,92,5866,61
2021-03-03,San Bernardino,071,2135413,286751,282138,8592,290730,3664
2021-03-03,San Diego,073,3302833,265454,261350,13013,274363,3342
2021-03-03,San Francisco,075,870044,34433,34443,1113,35556,426
2021-03-03,San Joaquin,077,732212,67352,65855,2838,68693,1115
2021-03-03,San Luis Obispo,079,281455,19779,19479,569,20048,241
2021-03-03,San Mateo,081,765935,39817,39189,410,39599,319
2021-03-03,Santa Barbara,083,443738,32914,32027,1120,33147,421
2021-03-03,Santa Clara,085,1922200,111343,110991,600,111591,1720
2021-03-03,Santa Cruz,087,273765,15500,14645,791,15436,185
2021-03-03,Shasta,089,179085,11046,11023,1254,12277,150
2021-03-03,Sierra,091,2930,51,48,12,60,0
2021-03-03,Siskiyou,093,43540,1518,1424,243,1667,5
2021-03-03,Solano,095,438530,30053,29866,372,30238,167
2021-03-03,Sonoma,097,501317,28311,28307,219,28526,279
2021-03-03,Stanislaus,099,539301,51099,50438,5414,55852,730
2021-03-03,Sutter,101,95872,8937,8840,81,8921,99
2021-03-03,Tehama,103,63373,4623,4601,495,5096,32
2021-03-03,Trinity,105,12862,469,302,81,383,3
2021-03-03,Tulare,107,460477,48522,47348,8222,55570,778
2021-03-03,Tuolumne,109,53932,3912,3914,34,3948,56
2021-03-03,Ventura,111,848112,78418,78057,2804,80861,822
2021-03-03,Yolo,113,214977,12976,12890,224,13114,189
2021-03-03,Yuba,115,75493,5547,5479,89,5568,41
2021-03-02,Alameda,001,1643700,81476,80904,1754,82658,1116
2021-03-02,Alpine,003,1148,82,77,0,77,0
2021-03-02,Amador,005,37829,3492,3474,31,3505,42
2021-03-02,Butte,007,227075,11415,11007,1628,12635,182
2021-03-02,Calaveras,009,45235,1925,1890,12,1902,48
2021-03-02,Colusa,011,21464,1879,1872,267,2139,11
2021-03-02,Contra Costa,013,1133247,63654,62557,1082,63639,694
2021-03-02,Del Norte,015,27424,1025,983,5,988,5
2021-03-02,El Dorado,017,186661,9198,9116,594,9710,98
2021-03-02,Fresno,019,978130,97086,95785,7833,103618,1410
2021-03-02,Glenn,021,27897,2261,2232,499,2731,15
2021-03-02,Humboldt,023,135768,3230,3184,22,3206,30
2021-03-02,Imperial,025,180216,27295,26926,2570,29496,637
2021-03-02,Inyo,027,18085,1318,1292,9,1301,35
2021-03-02,Kern,029,883053,93854,92313,9909,102222,1046
2021-03-02,Kings,031,150075,22337,21999,991,22990,217
2021-03-02,Lake,033,64148,3211,3169,6,3175,40
2021-03-02,Lassen,035,31185,5123,5115,97,5212,1
2021-03-02,Los Angeles,037,10098052,1173779,1156826,39562,1196388,21395
2021-03-02,Madera,039,155013,15749,15523,841,16364,194
2021-03-02,Marin,041,260295,13296,13186,169,13355,214
2021-03-02,Mariposa,043,17540,376,376,5,381,4
2021-03-02,Mendocino,045,87422,3657,3562,67,3629,41
2021-03-02,Merced,047,269075,28683,28598,900,29498,389
2021-03-02,Modoc,049,8938,347,332,117,449,3
2021-03-02,Mono,051,14174,1188,1191,16,1207,3
2021-03-02,Monterey,053,433212,42039,41716,1707,43423,325
2021-03-02,Napa,055,140530,9125,9080,34,9114,71
2021-03-02,Nevada,057,99092,4075,3983,162,4145,66
2021-03-02,Orange,059,3164182,247936,246004,10278,256282,4037
2021-03-02,Placer,061,380077,20723,19828,1131,20959,239
2021-03-02,Plumas,063,18699,642,628,10,638,4
2021-03-02,Riverside,065,2383286,286391,279486,13502,292988,3721
2021-03-02,Sacramento,067,1510023,95167,93690,1288,94978,1411
2021-03-02,San Benito,069,59416,5768,5770,92,5862,60
2021-03-02,San Bernardino,071,2135413,286618,281919,8586,290505,3604
2021-03-02,San Diego,073,3302833,265210,260998,12991,273989,3317
2021-03-02,San Francisco,075,870044,34393,34387,1109,35496,424
2021-03-02,San Joaquin,077,732212,67244,65769,2820,68589,1111
2021-03-02,San Luis Obispo,079,281455,19746,19452,569,20021,241
2021-03-02,San Mateo,081,765935,39765,39148,409,39557,317
2021-03-02,Santa Barbara,083,443738,32866,31964,1116,33080,416
2021-03-02,Santa Clara,085,1922200,111164,110832,599,111431,1706
2021-03-02,Santa Cruz,087,273765,15486,14611,789,15400,185
2021-03-02,Shasta,089,179085,11032,11012,1243,12255,149
2021-03-02,Sierra,091,2930,51,48,12,60,0
2021-03-02,Siskiyou,093,43540,1514,1412,241,1653,5
2021-03-02,Solano,095,438530,30020,29827,370,30197,167
2021-03-02,Sonoma,097,501317,28256,28261,219,28480,279
2021-03-02,Stanislaus,099,539301,51012,50359,5401,55760,724
2021-03-02,Sutter,101,95872,8928,8832,81,8913,99
2021-03-02,Tehama,103,63373,4621,4597,495,5092,32
2021-03-02,Trinity,105,12862,469,301,81,382,3
2021-03-02,Tulare,107,460477,48459,47326,8202,55528,783
2021-03-02,Tuolumne,109,53932,3908,3908,34,3942,53
2021-03-02,Ventura,111,848112,78327,77952,2800,80752,780
2021-03-02,Yolo,113,214977,12959,12867,224,13091,189
2021-03-02,Yuba,115,75493,5539,5475,89,5564,41
2021-03-01,Alameda,001,1643700,81351,80805,1752,82557,1105
2021-03-01,Alpine,003,1148,80,77,0,77,0
2021-03-01,Amador,005,37829,3489,3469,31,3500,42
2021-03-01,Butte,007,227075,11399,10981,1623,12604,180
2021-03-01,Calaveras,009,45235,1921,1885,12,1897,46
2021-03-01,Colusa,011,21464,1878,1871,267,2138,11
2021-03-01,Contra Costa,013,1133247,63545,62458,1081,63539,694
2021-03-01,Del Norte,015,27424,1020,982,5,987,5
2021-03-01,El Dorado,017,186661,9174,9085,594,9679,98
2021-03-01,Fresno,019,978130,96948,95677,7811,103488,1405
2021-03-01,Glenn,021,27897,2256,2232,498,2730,15
2021-03-01,Humboldt,023,135768,3211,3179,22,3201,30
2021-03-01,Imperial,025,180216,27285,26913,2562,29475,636
2021-03-01,Inyo,027,18085,1315,1285,9,1294,35
2021-03-01,Kern,029,883053,93765,92219,9883,102102,1041
2021-03-01,Kings,031,150075,22320,21988,985,22973,217
2021-03-01,Lake,033,64148,3206,3164,6,3170,40
2021-03-01,Lassen,035,31185,5121,5111,97,5208,1
2021-03-01,Los Angeles,037,10098052,1173121,1155984,39520,1195504,21293
2021-03-01,Madera,039,155013,15720,15505,830,16335,194
2021-03-01,Marin,041,260295,13269,13161,168,13329,214
2021-03-01,Mariposa,043,17540,376,375,5,380,4
2021-03-01,Mendocino,045,87422,3650,3561,67,3628,41
2021-03-01,Merced,047,269075,28638,28575,896,29471,385
2021-03-01,Modoc,049,8938,344,331,116,447,3
2021-03-01,Mono,051,14174,1187,1192,16,1208,3
2021-03-01,Monterey,053,433212,42014,41697,1705,43402,324
2021-03-01,Napa,055,140530,9116,9056,34,9090,70
2021-03-01,Nevada,057,99092,4056,3979,162,4141,66
2021-03-01,Orange,059,3164182,247742,245852,10263,256115,3976
2021-03-01,Placer,061,380077,20685,19803,1128,20931,239
2021-03-01,Plumas,063,18699,642,628,10,638,4
2021-03-01,Riverside,065,2383286,286174,279323,13495,292818,3680
2021-03-01,Sacramento,067,1510023,95022,93546,1286,94832,1401
2021-03-01,San Benito,069,59416,5763,5772,92,5864,57
2021-03-01,San Bernardino,071,2135413,286474,281685,8582,290267,3603
2021-03-01,San Diego,073,3302833,264892,260622,12958,273580,3303
2021-03-01,San Francisco,075,870044,34349,34318,1101,35419,424
2021-03-01,San Joaquin,077,732212,67135,65699,2809,68508,1097
2021-03-01,San Luis Obispo,079,281455,19724,19429,567,19996,239
2021-03-01,San Mateo,081,765935,39713,39096,408,39504,314
2021-03-01,Santa Barbara,083,443738,32824,31909,1115,33024,413
2021-03-01,Santa Clara,085,1922200,111006,110684,596,111280,1704
2021-03-01,Santa Cruz,087,273765,15467,14575,788,15363,185
2021-03-01,Shasta,089,179085,11020,10990,1240,12230,149
2021-03-01,Sierra,091,2930,51,48,12,60,0
2021-03-01,Siskiyou,093,43540,1510,1408,239,1647,5
2021-03-01,Solano,095,438530,29977,29779,369,30148,166
2021-03-01,Sonoma,097,501317,28208,28222,217,28439,278
2021-03-01,Stanislaus,099,539301,50936,50293,5395,55688,722
2021-03-01,Sutter,101,95872,8916,8825,81,8906,99
2021-03-01,Tehama,103,63373,4617,4595,495,5090,32
2021-03-01,Trinity,105,12862,469,298,80,378,3
2021-03-01,Tulare,107,460477,48421,47275,8168,55443,781
2021-03-01,Tuolumne,109,53932,3905,3907,34,3941,53
2021-03-01,Ventura,111,848112,78245,77849,2798,80647,775
2021-03-01,Yolo,113,214977,12942,12854,222,13076,188
2021-03-01,Yuba,115,75493,5527,5466,89,5555,41
2021-02-28,Alameda,001,1643700,81230,80727,1750,82477,1105
2021-02-28,Alpine,003,1148,80,77,0,77,0
2021-02-28,Amador,005,37829,3484,3466,30,3496,42
2021-02-28,Butte,007,227075,11384,10970,1623,12593,180
2021-02-28,Calaveras,009,45235,1916,1881,12,1893,46
2021-02-28,Colusa,011,21464,1878,1871,266,2137,11
2021-02-28,Contra Costa,013,1133247,63418,62386,1076,63462,694
2021-02-28,Del Norte,015,27424,1018,981,5,986,5
2021-02-28,El Dorado,017,186661,9163,9082,594,9676,98
2021-02-28,Fresno,019,978130,96766,95548,7777,103325,1405
2021-02-28,Glenn,021,27897,2254,2230,496,2726,15
2021-02-28,Humboldt,023,135768,3188,3179,22,3201,30
2021-02-28,Imperial,025,180216,27258,26909,2556,29465,636
2021-02-28,Inyo,027,18085,1310,1282,9,1291,35
2021-02-28,Kern,029,883053,93650,92169,9862,102031,1012
2021-02-28,Kings,031,150075,22299,21967,984,22951,217
2021-02-28,Lake,033,64148,3201,3164,6,3170,40
2021-02-28,Lassen,035,31185,5120,5106,97,5203,1
2021-02-28,Los Angeles,037,10098052,1172335,1155141,39458,1194599,21261
2021-02-28,Madera,039,155013,15678,15496,827,16323,199
2021-02-28,Marin,041,260295,13246,13152,166,13318,214
2021-02-28,Mariposa,043,17540,376,374,5,379,4
2021-02-28,Mendocino,045,87422,3644,3558,67,3625,41
2021-02-28,Merced,047,269075,28574,28546,895,29441,384
2021-02-28,Modoc,049,8938,344,331,116,447,3
2021-02-28,Mono,051,14174,1184,1192,16,1208,3
2021-02-28,Monterey,053,433212,41982,41683,1704,43387,323
2021-02-28,Napa,055,140530,9097,9053,34,9087,70
2021-02-28,Nevada,057,99092,4043,3972,162,4134,66
2021-02-28,Orange,059,3164182,247542,245706,10256,255962,3970
2021-02-28,Placer,061,380077,20638,19775,1126,20901,239
2021-02-28,Plumas,063,18699,642,628,10,638,4
2021-02-28,Riverside,065,2383286,285941,279214,13484,292698,3661
2021-02-28,Sacramento,067,1510023,94838,93463,1281,94744,1398
2021-02-28,San Benito,069,59416,5752,5772,92,5864,57
2021-02-28,San Bernardino,071,2135413,286334,281620,8570,290190,3595
2021-02-28,San Diego,073,3302833,264596,260353,12924,273277,3303
2021-02-28,San Francisco,075,870044,34307,34291,1095,35386,417
2021-02-28,San Joaquin,077,732212,67027,65662,2800,68462,1097
2021-02-28,San Luis Obispo,079,281455,19688,19422,565,19987,237
2021-02-28,San Mateo,081,765935,39660,39059,407,39466,314
2021-02-28,Santa Barbara,083,443738,32772,31877,1115,32992,413
2021-02-28,Santa Clara,085,1922200,110807,110556,593,111149,1704
2021-02-28,Santa Cruz,087,273765,15438,14571,785,15356,185
2021-02-28,Shasta,089,179085,10999,10990,1236,12226,149
2021-02-28,Sierra,091,2930,51,48,12,60,0
2021-02-28,Siskiyou,093,43540,1502,1408,238,1646,5
2021-02-28,Solano,095,438530,29921,29758,363,30121,166
2021-02-28,Sonoma,097,501317,28145,28193,216,28409,279
2021-02-28,Stanislaus,099,539301,50846,50228,5382,55610,728
2021-02-28,Sutter,101,95872,8901,8825,81,8906,99
2021-02-28,Tehama,103,63373,4610,4590,495,5085,32
2021-02-28,Trinity,105,12862,469,298,80,378,3
2021-02-28,Tulare,107,460477,48359,47258,8137,55395,780
2021-02-28,Tuolumne,109,53932,3900,3905,34,3939,53
2021-02-28,Ventura,111,848112,78134,77749,2795,80544,775
2021-02-28,Yolo,113,214977,12920,12851,222,13073,188
2021-02-28,Yuba,115,75493,5517,5461,89,5550,41
2021-02-27,Alameda,001,1643700,81156,80565,1748,82313,1108
2021-02-27,Alpine,003,1148,80,77,0,77,0
2021-02-27,Amador,005,37829,3482,3463,30,3493,42
2021-02-27,Butte,007,227075,11372,10962,1623,12585,180
2021-02-27,Calaveras,009,45235,1911,1875,12,1887,46
2021-02-27,Colusa,011,21464,1877,1869,266,2135,11
2021-02-27,Contra Costa,013,1133247,63347,62248,1073,63321,693
2021-02-27,Del Norte,015,27424,1016,978,5,983,5
2021-02-27,El Dorado,017,186661,9159,9072,594,9666,98
2021-02-27,Fresno,019,978130,96689,95393,7766,103159,1400
2021-02-27,Glenn,021,27897,2254,2225,495,2720,15
2021-02-27,Humboldt,023,135768,3182,3167,22,3189,30
2021-02-27,Imperial,025,180216,27250,26903,2555,29458,633
2021-02-27,Inyo,027,18085,1307,1275,9,1284,35
2021-02-27,Kern,029,883053,93589,92053,9847,101900,996
2021-02-27,Kings,031,150075,22289,21955,981,22936,216
2021-02-27,Lake,033,64148,3198,3156,6,3162,40
2021-02-27,Lassen,035,31185,5120,5106,97,5203,1
2021-02-27,Los Angeles,037,10098052,1171841,1154275,39431,1193706,21158
2021-02-27,Madera,039,155013,15661,15467,826,16293,199
2021-02-27,Marin,041,260295,13222,13134,166,13300,214
2021-02-27,Mariposa,043,17540,376,374,5,379,4
2021-02-27,Mendocino,045,87422,3641,3555,67,3622,41
2021-02-27,Merced,047,269075,28532,28501,887,29388,384
2021-02-27,Modoc,049,8938,344,331,115,446,3
2021-02-27,Mono,051,14174,1182,1191,16,1207,3
2021-02-27,Monterey,053,433212,41973,41665,1704,43369,322
2021-02-27,Napa,055,140530,9086,9038,34,9072,71
2021-02-27,Nevada,057,99092,4037,3960,162,4122,66
2021-02-27,Orange,059,3164182,247415,245542,10245,255787,3960
2021-02-27,Placer,061,380077,20602,19726,1123,20849,239
2021-02-27,Plumas,063,18699,642,628,10,638,4
2021-02-27,Riverside,065,2383286,285830,279048,13474,292522,3663
2021-02-27,Sacramento,067,1510023,94755,93281,1271,94552,1396
2021-02-27,San Benito,069,59416,5751,5767,91,5858,57
2021-02-27,San Bernardino,071,2135413,286255,281471,8563,290034,3527
2021-02-27,San Diego,073,3302833,264406,260091,12886,272977,3284
2021-02-27,San Francisco,075,870044,34273,34260,1092,35352,413
2021-02-27,San Joaquin,077,732212,66981,65578,2798,68376,1100
2021-02-27,San Luis Obispo,079,281455,19667,19411,564,19975,237
2021-02-27,San Mateo,081,765935,39619,38998,406,39404,313
2021-02-27,Santa Barbara,083,443738,32738,31805,1114,32919,411
2021-02-27,Santa Clara,085,1922200,110659,110361,591,110952,1703
2021-02-27,Santa Cruz,087,273765,15429,14552,784,15336,185
2021-02-27,Shasta,089,179085,10993,10985,1232,12217,149
2021-02-27,Sierra,091,2930,51,48,12,60,0
2021-02-27,Siskiyou,093,43540,1500,1407,237,1644,5
2021-02-27,Solano,095,438530,29893,29718,362,30080,165
2021-02-27,Sonoma,097,501317,28101,28141,210,28351,281
2021-02-27,Stanislaus,099,539301,50791,50147,5372,55519,733
2021-02-27,Sutter,101,95872,8896,8820,81,8901,99
2021-02-27,Tehama,103,63373,4607,4584,495,5079,32
2021-02-27,Trinity,105,12862,469,298,80,378,3
2021-02-27,Tulare,107,460477,48322,47209,8111,55320,770
2021-02-27,Tuolumne,109,53932,3897,3899,34,3933,53
2021-02-27,Ventura,111,848112,78062,77623,2792,80415,771
2021-02-27,Yolo,113,214977,12908,12834,222,13056,188
2021-02-27,Yuba,115,75493,5514,5450,89,5539,39
2021-02-26,Alameda,001,1643700,81061,80387,1743,82130,1106
2021-02-26,Alpine,003,1148,80,77,0,77,0
2021-02-26,Amador,005,37829,3476,3457,30,3487,42
2021-02-26,Butte,007,227075,11361,10941,1623,12564,180
2021-02-26,Calaveras,009,45235,1908,1873,12,1885,46
2021-02-26,Colusa,011,21464,1877,1865,266,2131,11
2021-02-26,Contra Costa,013,1133247,63265,62114,1073,63187,685
2021-02-26,Del Norte,015,27424,1012,968,5,973,5
2021-02-26,El Dorado,017,186661,9154,9038,592,9630,98
2021-02-26,Fresno,019,978130,96584,95202,7758,102960,1391
2021-02-26,Glenn,021,27897,2251,2220,495,2715,15
2021-02-26,Humboldt,023,135768,3176,3152,22,3174,30
2021-02-26,Imperial,025,180216,27242,26888,2553,29441,631
2021-02-26,Inyo,027,18085,1305,1271,9,1280,34
2021-02-26,Kern,029,883053,93510,91884,9831,101715,997
2021-02-26,Kings,031,150075,22273,21917,978,22895,216
2021-02-26,Lake,033,64148,3193,3153,6,3159,40
2021-02-26,Lassen,035,31185,5120,5102,97,5199,1
2021-02-26,Los Angeles,037,10098052,1171266,1153131,39370,1192501,21070
2021-02-26,Madera,039,155013,15645,15436,824,16260,199
2021-02-26,Marin,041,260295,13208,13091,166,13257,214
2021-02-26,Mariposa,043,17540,376,375,5,380,4
2021-02-26,Mendocino,045,87422,3636,3549,67,3616,41
2021-02-26,Merced,047,269075,28498,28455,887,29342,382
2021-02-26,Modoc,049,8938,343,330,115,445,3
2021-02-26,Mono,051,14174,1180,1191,16,1207,3
2021-02-26,Monterey,053,433212,41947,41607,1704,43311,322
2021-02-26,Napa,055,140530,9080,9014,34,9048,70
2021-02-26,Nevada,057,99092,4026,3952,162,4114,66
2021-02-26,Orange,059,3164182,247275,245278,10235,255513,3918
2021-02-26,Placer,061,380077,20576,19712,1117,20829,239
2021-02-26,Plumas,063,18699,642,628,10,638,4
2021-02-26,Riverside,065,2383286,285686,278772,13468,292240,3653
2021-02-26,Sacramento,067,1510023,94632,93180,1268,94448,1390
2021-02-26,San Benito,069,59416,5750,5759,91,5850,57
2021-02-26,San Bernardino,071,2135413,286156,281132,8561,289693,3461
2021-02-26,San Diego,073,3302833,264179,259641,12865,272506,3271
2021-02-26,San Francisco,075,870044,34243,34213,1087,35300,413
2021-02-26,San Joaquin,077,732212,66900,65492,2792,68284,1070
2021-02-26,San Luis Obispo,079,281455,19651,19359,562,19921,234
2021-02-26,San Mateo,081,765935,39573,38922,406,39328,313
2021-02-26,Santa Barbara,083,443738,32694,31724,1113,32837,410
2021-02-26,Santa Clara,085,1922200,110527,110168,589,110757,1700
2021-02-26,Santa Cruz,087,273765,15417,14528,783,15311,185
2021-02-26,Shasta,089,179085,10986,10972,1223,12195,149
2021-02-26,Sierra,091,2930,51,47,12,59,0
2021-02-26,Siskiyou,093,43540,1500,1401,237,1638,5
2021-02-26,Solano,095,438530,29859,29651,361,30012,165
2021-02-26,Sonoma,097,501317,28072,28063,209,28272,280
2021-02-26,Stanislaus,099,539301,50734,50054,5364,55418,737
2021-02-26,Sutter,101,95872,8887,8806,81,8887,99
2021-02-26,Tehama,103,63373,4605,4581,495,5076,32
2021-02-26,Trinity,105,12862,468,298,80,378,3
2021-02-26,Tulare,107,460477,48287,47135,8081,55216,770
2021-02-26,Tuolumne,109,53932,3896,3896,34,3930,53
2021-02-26,Ventura,111,848112,77962,77534,2790,80324,765
2021-02-26,Yolo,113,214977,12901,12816,222,13038,188
2021-02-26,Yuba,115,75493,5509,5438,89,5527,39
2021-02-25,Alameda,001,1643700,80939,80181,1742,81923,1093
2021-02-25,Alpine,003,1148,80,77,0,77,0
2021-02-25,Amador,005,37829,3473,3448,30,3478,41
2021-02-25,Butte,007,227075,11340,10922,1618,12540,178
2021-02-25,Calaveras,009,45235,1900,1868,12,1880,46
2021-02-25,Colusa,011,21464,1874,1863,265,2128,11
2021-02-25,Contra Costa,013,1133247,63163,61910,1073,62983,686
2021-02-25,Del Norte,015,27424,1002,966,5,971,5
2021-02-25,El Dorado,017,186661,9138,9012,592,9604,98
2021-02-25,Fresno,019,978130,96440,95015,7735,102750,1377
2021-02-25,Glenn,021,27897,2248,2219,494,2713,15
2021-02-25,Humboldt,023,135768,3169,3129,22,3151,30
2021-02-25,Imperial,025,180216,27236,26855,2549,29404,628
2021-02-25,Inyo,027,18085,1299,1264,9,1273,33
2021-02-25,Kern,029,883053,93394,91735,9806,101541,992
2021-02-25,Kings,031,150075,22264,21900,975,22875,216
2021-02-25,Lake,033,64148,3184,3141,6,3147,40
2021-02-25,Lassen,035,31185,5119,5097,96,5193,1
2021-02-25,Los Angeles,037,10098052,1170525,1151846,39312,1191158,20931
2021-02-25,Madera,039,155013,15610,15414,820,16234,194
2021-02-25,Marin,041,260295,13184,13067,166,13233,214
2021-02-25,Mariposa,043,17540,376,375,5,380,4
2021-02-25,Mendocino,045,87422,3631,3542,67,3609,41
2021-02-25,Merced,047,269075,28448,28383,886,29269,382
2021-02-25,Modoc,049,8938,343,329,115,444,3
2021-02-25,Mono,051,14174,1179,1190,16,1206,3
2021-02-25,Monterey,053,433212,41922,41564,1699,43263,321
2021-02-25,Napa,055,140530,9054,8998,34,9032,70
2021-02-25,Nevada,057,99092,4009,3940,161,4101,66
2021-02-25,Orange,059,3164182,247103,245000,10225,255225,3882
2021-02-25,Placer,061,380077,20535,19661,1115,20776,239
2021-02-25,Plumas,063,18699,642,626,10,636,4
2021-02-25,Riverside,065,2383286,285498,278544,13447,291991,3646
2021-02-25,Sacramento,067,1510023,94474,92961,1256,94217,1386
2021-02-25,San Benito,069,59416,5745,5752,91,5843,58
2021-02-25,San Bernardino,071,2135413,286022,280946,8553,289499,3409
2021-02-25,San Diego,073,3302833,263885,258979,12835,271814,3260
2021-02-25,San Francisco,075,870044,34200,34138,1084,35222,408
2021-02-25,San Joaquin,077,732212,66816,65389,2780,68169,1047
2021-02-25,San Luis Obispo,079,281455,19630,19335,560,19895,234
2021-02-25,San Mateo,081,765935,39526,38872,406,39278,300
2021-02-25,Santa Barbara,083,443738,32617,31631,1112,32743,408
2021-02-25,Santa Clara,085,1922200,110363,109923,588,110511,1677
2021-02-25,Santa Cruz,087,273765,15398,14492,782,15274,185
2021-02-25,Shasta,089,179085,10974,10947,1218,12165,148
2021-02-25,Sierra,091,2930,51,47,12,59,0
2021-02-25,Siskiyou,093,43540,1496,1390,234,1624,4
2021-02-25,Solano,095,438530,29827,29616,361,29977,161
2021-02-25,Sonoma,097,501317,28018,28004,206,28210,278
2021-02-25,Stanislaus,099,539301,50644,49964,5354,55318,738
2021-02-25,Sutter,101,95872,8873,8789,80,8869,99
2021-02-25,Tehama,103,63373,4601,4578,493,5071,32
2021-02-25,Trinity,105,12862,468,297,80,377,3
2021-02-25,Tulare,107,460477,48237,47052,8055,55107,765
2021-02-25,Tuolumne,109,53932,3893,3894,34,3928,53
2021-02-25,Ventura,111,848112,77857,77395,2784,80179,751
2021-02-25,Yolo,113,214977,12884,12787,222,13009,188
2021-02-25,Yuba,115,75493,5502,5429,89,5518,39
2021-02-24,Alameda,001,1643700,80817,80070,1738,81808,1082
2021-02-24,Alpine,003,1148,79,77,0,77,0
2021-02-24,Amador,005,37829,3468,3444,30,3474,41
2021-02-24,Butte,007,227075,11328,10915,1614,12529,178
2021-02-24,Calaveras,009,45235,1898,1864,12,1876,31
2021-02-24,Colusa,011,21464,1872,1863,265,2128,11
2021-02-24,Contra Costa,013,1133247,63055,61776,1073,62849,663
2021-02-24,Del Norte,015,27424,1001,960,4,964,5
2021-02-24,El Dorado,017,186661,9126,8993,592,9585,98
2021-02-24,Fresno,019,978130,96293,94794,7719,102513,1369
2021-02-24,Glenn,021,27897,2246,2210,494,2704,14
2021-02-24,Humboldt,023,135768,3157,3123,22,3145,29
2021-02-24,Imperial,025,180216,27221,26843,2545,29388,596
2021-02-24,Inyo,027,18085,1294,1253,9,1262,32
2021-02-24,Kern,029,883053,93261,91525,9790,101315,992
2021-02-24,Kings,031,150075,22239,21871,973,22844,216
2021-02-24,Lake,033,64148,3177,3134,6,3140,40
2021-02-24,Lassen,035,31185,5115,5095,95,5190,1
2021-02-24,Los Angeles,037,10098052,1169763,1150322,39268,1189590,20817
2021-02-24,Madera,039,155013,15583,15390,820,16210,194
2021-02-24,Marin,041,260295,13161,13044,165,13209,214
2021-02-24,Mariposa,043,17540,376,374,5,379,4
2021-02-24,Mendocino,045,87422,3624,3540,67,3607,41
2021-02-24,Merced,047,269075,28409,28295,882,29177,383
2021-02-24,Modoc,049,8938,342,329,115,444,3
2021-02-24,Mono,051,14174,1177,1189,16,1205,3
2021-02-24,Monterey,053,433212,41897,41495,1697,43192,320
2021-02-24,Napa,055,140530,9037,8976,33,9009,70
2021-02-24,Nevada,057,99092,3999,3927,161,4088,66
2021-02-24,Orange,059,3164182,246886,244743,10212,254955,3835
2021-02-24,Placer,061,380077,20497,19648,1109,20757,239
2021-02-24,Plumas,063,18699,640,626,10,636,4
2021-02-24,Riverside,065,2383286,285270,278293,13438,291731,3603
2021-02-24,Sacramento,067,1510023,94320,92742,1251,93993,1375
2021-02-24,San Benito,069,59416,5744,5743,91,5834,57
2021-02-24,San Bernardino,071,2135413,285871,280583,8549,289132,3360
2021-02-24,San Diego,073,3302833,263591,258460,12819,271279,3230
2021-02-24,San Francisco,075,870044,34154,34061,1081,35142,406
2021-02-24,San Joaquin,077,732212,66705,65274,2778,68052,1019
2021-02-24,San Luis Obispo,079,281455,19607,19309,558,19867,233
2021-02-24,San Mateo,081,765935,39489,38763,406,39169,300
2021-02-24,Santa Barbara,083,443738,32566,31563,1109,32672,405
2021-02-24,Santa Clara,085,1922200,110212,109671,587,110258,1674
2021-02-24,Santa Cruz,087,273765,15377,14458,782,15240,185
2021-02-24,Shasta,089,179085,10960,10922,1215,12137,148
2021-02-24,Sierra,091,2930,51,47,12,59,0
2021-02-24,Siskiyou,093,43540,1489,1385,230,1615,4
2021-02-24,Solano,095,438530,29788,29577,358,29935,158
2021-02-24,Sonoma,097,501317,27954,27954,202,28156,278
2021-02-24,Stanislaus,099,539301,50573,49851,5346,55197,732
2021-02-24,Sutter,101,95872,8863,8778,80,8858,99
2021-02-24,Tehama,103,63373,4597,4566,493,5059,31
2021-02-24,Trinity,105,12862,468,294,79,373,3
2021-02-24,Tulare,107,460477,48181,46976,8027,55003,759
2021-02-24,Tuolumne,109,53932,3890,3887,34,3921,53
2021-02-24,Ventura,111,848112,77749,77238,2783,80021,718
2021-02-24,Yolo,113,214977,12871,12760,218,12978,188
2021-02-24,Yuba,115,75493,5491,5425,87,5512,39
2021-02-23,Alameda,001,1643700,80678,79948,1735,81683,1070
2021-02-23,Alpine,003,1148,78,77,0,77,0
2021-02-23,Amador,005,37829,3466,3440,30,3470,41
2021-02-23,Butte,007,227075,11313,10887,1610,12497,176
2021-02-23,Calaveras,009,45235,1897,1863,12,1875,21
2021-02-23,Colusa,011,21464,1869,1862,265,2127,11
2021-02-23,Contra Costa,013,1133247,62921,61613,1070,62683,661
2021-02-23,Del Norte,015,27424,999,953,4,957,3
2021-02-23,El Dorado,017,186661,9113,8969,592,9561,96
2021-02-23,Fresno,019,978130,96132,94741,7705,102446,1356
2021-02-23,Glenn,021,27897,2244,2209,494,2703,14
2021-02-23,Humboldt,023,135768,3140,3108,22,3130,29
2021-02-23,Imperial,025,180216,27201,26816,2540,29356,591
2021-02-23,Inyo,027,18085,1290,1250,9,1259,32
2021-02-23,Kern,029,883053,93122,91390,9762,101152,982
2021-02-23,Kings,031,150075,22224,21839,969,22808,216
2021-02-23,Lake,033,64148,3169,3121,6,3127,40
2021-02-23,Lassen,035,31185,5112,5092,95,5187,1
2021-02-23,Los Angeles,037,10098052,1168897,1148965,39213,1188178,19887
2021-02-23,Madera,039,155013,15569,15352,814,16166,193
2021-02-23,Marin,041,260295,13141,13015,164,13179,214
2021-02-23,Mariposa,043,17540,376,374,5,379,4
2021-02-23,Mendocino,045,87422,3622,3540,66,3606,41
2021-02-23,Merced,047,269075,28321,28209,881,29090,381
2021-02-23,Modoc,049,8938,341,328,114,442,3
2021-02-23,Mono,051,14174,1177,1189,16,1205,3
2021-02-23,Monterey,053,433212,41856,41439,1691,43130,317
2021-02-23,Napa,055,140530,9025,8967,33,9000,70
2021-02-23,Nevada,057,99092,3991,3912,161,4073,66
2021-02-23,Orange,059,3164182,246688,244566,10193,254759,3843
2021-02-23,Placer,061,380077,20471,19608,1105,20713,238
2021-02-23,Plumas,063,18699,639,626,10,636,4
2021-02-23,Riverside,065,2383286,285033,278075,13423,291498,3599
2021-02-23,Sacramento,067,1510023,94163,92632,1245,93877,1370
2021-02-23,San Benito,069,59416,5738,5731,90,5821,57
2021-02-23,San Bernardino,071,2135413,285682,280279,8544,288823,3283
2021-02-23,San Diego,073,3302833,263216,257802,12789,270591,3218
2021-02-23,San Francisco,075,870044,34105,33994,1080,35074,405
2021-02-23,San Joaquin,077,732212,66606,65141,2771,67912,1004
2021-02-23,San Luis Obispo,079,281455,19578,19233,557,19790,230
2021-02-23,San Mateo,081,765935,39428,38662,406,39068,299
2021-02-23,Santa Barbara,083,443738,32513,31483,1107,32590,402
2021-02-23,Santa Clara,085,1922200,110015,109449,584,110033,1661
2021-02-23,Santa Cruz,087,273765,15348,14435,780,15215,178
2021-02-23,Shasta,089,179085,10948,10903,1211,12114,146
2021-02-23,Sierra,091,2930,51,47,12,59,0
2021-02-23,Siskiyou,093,43540,1484,1380,228,1608,4
2021-02-23,Solano,095,438530,29748,29545,355,29900,154
2021-02-23,Sonoma,097,501317,27911,27882,199,28081,278
2021-02-23,Stanislaus,099,539301,50495,49749,5330,55079,722
2021-02-23,Sutter,101,95872,8850,8766,80,8846,98
2021-02-23,Tehama,103,63373,4593,4556,492,5048,30
2021-02-23,Trinity,105,12862,468,292,78,370,3
2021-02-23,Tulare,107,460477,48102,46937,7993,54930,757
2021-02-23,Tuolumne,109,53932,3886,3864,34,3898,53
2021-02-23,Ventura,111,848112,77633,77093,2774,79867,689
2021-02-23,Yolo,113,214977,12842,12729,218,12947,188
2021-02-23,Yuba,115,75493,5478,5417,86,5503,38
2021-02-22,Alameda,001,1643700,80527,79796,1731,81527,1062
2021-02-22,Alpine,003,1148,78,77,0,77,0
2021-02-22,Amador,005,37829,3461,3438,30,3468,39
2021-02-22,Butte,007,227075,11300,10855,1605,12460,176
2021-02-22,Calaveras,009,45235,1895,1862,12,1874,21
2021-02-22,Colusa,011,21464,1869,1860,265,2125,11
2021-02-22,Contra Costa,013,1133247,62786,61478,1068,62546,661
2021-02-22,Del Norte,015,27424,998,948,4,952,3
2021-02-22,El Dorado,017,186661,9096,8940,592,9532,96
2021-02-22,Fresno,019,978130,95970,94584,7688,102272,1351
2021-02-22,Glenn,021,27897,2238,2207,492,2699,14
2021-02-22,Humboldt,023,135768,3128,3095,22,3117,29
2021-02-22,Imperial,025,180216,27178,26778,2532,29310,590
2021-02-22,Inyo,027,18085,1285,1248,9,1257,32
2021-02-22,Kern,029,883053,93005,91201,9740,100941,982
2021-02-22,Kings,031,150075,22201,21801,966,22767,214
2021-02-22,Lake,033,64148,3163,3107,6,3113,40
2021-02-22,Lassen,035,31185,5112,5088,94,5182,1
2021-02-22,Los Angeles,037,10098052,1168025,1147541,39157,1186698,19730
2021-02-22,Madera,039,155013,15544,15325,810,16135,193
2021-02-22,Marin,041,260295,13117,12991,161,13152,213
2021-02-22,Mariposa,043,17540,375,374,5,379,4
2021-02-22,Mendocino,045,87422,3616,3535,66,3601,41
2021-02-22,Merced,047,269075,28253,28166,879,29045,379
2021-02-22,Modoc,049,8938,341,329,114,443,3
2021-02-22,Mono,051,14174,1173,1189,16,1205,3
2021-02-22,Monterey,053,433212,41805,41397,1684,43081,311
2021-02-22,Napa,055,140530,8998,8950,33,8983,69
2021-02-22,Nevada,057,99092,3982,3900,159,4059,66
2021-02-22,Orange,059,3164182,246451,244118,10175,254293,3843
2021-02-22,Placer,061,380077,20435,19587,1097,20684,238
2021-02-22,Plumas,063,18699,639,625,10,635,4
2021-02-22,Riverside,065,2383286,284769,277730,13415,291145,3567
2021-02-22,Sacramento,067,1510023,93996,92476,1234,93710,1359
2021-02-22,San Benito,069,59416,5736,5723,90,5813,57
2021-02-22,San Bernardino,071,2135413,285500,279984,8531,288515,3259
2021-02-22,San Diego,073,3302833,262806,257348,12756,270104,3189
2021-02-22,San Francisco,075,870044,34045,33947,1075,35022,405
2021-02-22,San Joaquin,077,732212,66506,65060,2758,67818,1001
2021-02-22,San Luis Obispo,079,281455,19541,19198,555,19753,229
2021-02-22,San Mateo,081,765935,39371,38542,403,38945,282
2021-02-22,Santa Barbara,083,443738,32448,31421,1104,32525,399
2021-02-22,Santa Clara,085,1922200,109803,109213,573,109786,1655
2021-02-22,Santa Cruz,087,273765,15322,14417,780,15197,176
2021-02-22,Shasta,089,179085,10933,10872,1206,12078,145
2021-02-22,Sierra,091,2930,51,47,12,59,0
2021-02-22,Siskiyou,093,43540,1478,1373,227,1600,4
2021-02-22,Solano,095,438530,29709,29508,354,29862,150
2021-02-22,Sonoma,097,501317,27866,27845,198,28043,278
2021-02-22,Stanislaus,099,539301,50390,49630,5311,54941,722
2021-02-22,Sutter,101,95872,8842,8698,80,8778,98
2021-02-22,Tehama,103,63373,4584,4550,492,5042,30
2021-02-22,Trinity,105,12862,468,287,77,364,3
2021-02-22,Tulare,107,460477,48039,46879,7961,54840,751
2021-02-22,Tuolumne,109,53932,3882,3856,34,3890,53
2021-02-22,Ventura,111,848112,77505,76947,2769,79716,677
2021-02-22,Yolo,113,214977,12815,12689,218,12907,183
2021-02-22,Yuba,115,75493,5475,5404,85,5489,38
2021-02-21,Alameda,001,1643700,80333,79649,1726,81375,1061
2021-02-21,Alpine,003,1148,78,77,0,77,0
2021-02-21,Amador,005,37829,3453,3435,30,3465,39
2021-02-21,Butte,007,227075,11277,10855,1603,12458,176
2021-02-21,Calaveras,009,45235,1894,1860,12,1872,21
2021-02-21,Colusa,011,21464,1868,1860,261,2121,11
2021-02-21,Contra Costa,013,1133247,62621,61364,1065,62429,661
2021-02-21,Del Norte,015,27424,992,942,4,946,3
2021-02-21,El Dorado,017,186661,9078,8927,591,9518,96
2021-02-21,Fresno,019,978130,95826,94374,7671,102045,1349
2021-02-21,Glenn,021,27897,2236,2201,490,2691,14
2021-02-21,Humboldt,023,135768,3116,3096,22,3118,29
2021-02-21,Imperial,025,180216,27159,26779,2528,29307,590
2021-02-21,Inyo,027,18085,1279,1232,9,1241,32
2021-02-21,Kern,029,883053,92880,91141,9701,100842,980
2021-02-21,Kings,031,150075,22165,21784,964,22748,213
2021-02-21,Lake,033,64148,3155,3100,6,3106,40
2021-02-21,Lassen,035,31185,5104,5077,94,5171,1
2021-02-21,Los Angeles,037,10098052,1166992,1146756,39109,1185865,19711
2021-02-21,Madera,039,155013,15511,15298,807,16105,192
2021-02-21,Marin,041,260295,13087,12968,161,13129,212
2021-02-21,Mariposa,043,17540,375,373,5,378,4
2021-02-21,Mendocino,045,87422,3611,3535,66,3601,41
2021-02-21,Merced,047,269075,28163,28106,867,28973,379
2021-02-21,Modoc,049,8938,338,329,114,443,3
2021-02-21,Mono,051,14174,1173,1189,16,1205,3
2021-02-21,Monterey,053,433212,41749,41373,1674,43047,309
2021-02-21,Napa,055,140530,8983,8929,33,8962,69
2021-02-21,Nevada,057,99092,3969,3895,159,4054,66
2021-02-21,Orange,059,3164182,246150,243985,10158,254143,3801
2021-02-21,Placer,061,380077,20399,19553,1093,20646,238
2021-02-21,Plumas,063,18699,639,625,10,635,4
2021-02-21,Riverside,065,2383286,284533,277555,13402,290957,3564
2021-02-21,Sacramento,067,1510023,93786,92288,1221,93509,1354
2021-02-21,San Benito,069,59416,5726,5716,87,5803,57
2021-02-21,San Bernardino,071,2135413,285253,279870,8517,288387,3247
2021-02-21,San Diego,073,3302833,262372,257027,12710,269737,3190
2021-02-21,San Francisco,075,870044,33980,33891,1071,34962,405
2021-02-21,San Joaquin,077,732212,66357,64997,2746,67743,1001
2021-02-21,San Luis Obispo,079,281455,19508,19178,553,19731,229
2021-02-21,San Mateo,081,765935,39311,38448,399,38847,282
2021-02-21,Santa Barbara,083,443738,32386,31374,1101,32475,399
2021-02-21,Santa Clara,085,1922200,109577,108992,564,109556,1654
2021-02-21,Santa Cruz,087,273765,15299,14401,779,15180,176
2021-02-21,Shasta,089,179085,10918,10867,1201,12068,145
2021-02-21,Sierra,091,2930,51,47,12,59,0
2021-02-21,Siskiyou,093,43540,1472,1371,227,1598,4
2021-02-21,Solano,095,438530,29652,29471,353,29824,150
2021-02-21,Sonoma,097,501317,27800,27793,191,27984,278
2021-02-21,Stanislaus,099,539301,50264,49527,5295,54822,726
2021-02-21,Sutter,101,95872,8824,8687,79,8766,97
2021-02-21,Tehama,103,63373,4572,4547,492,5039,30
2021-02-21,Trinity,105,12862,466,286,77,363,3
2021-02-21,Tulare,107,460477,47969,46830,7926,54756,749
2021-02-21,Tuolumne,109,53932,3868,3828,34,3862,53
2021-02-21,Ventura,111,848112,77357,76862,2755,79617,677
2021-02-21,Yolo,113,214977,12784,12670,218,12888,183
2021-02-21,Yuba,115,75493,5467,5396,84,5480,38
2021-02-20,Alameda,001,1643700,80243,79496,1722,81218,1055
2021-02-20,Alpine,003,1148,78,77,0,77,0
2021-02-20,Amador,005,37829,3451,3432,30,3462,39
2021-02-20,Butte,007,227075,11269,10838,1601,12439,176
2021-02-20,Calaveras,009,45235,1893,1858,12,1870,21
2021-02-20,Colusa,011,21464,1867,1858,261,2119,11
2021-02-20,Contra Costa,013,1133247,62532,61205,1063,62268,663
2021-02-20,Del Norte,015,27424,988,937,4,941,3
2021-02-20,El Dorado,017,186661,9068,8911,591,9502,96
2021-02-20,Fresno,019,978130,95742,94234,7651,101885,1341
2021-02-20,Glenn,021,27897,2233,2199,489,2688,14
2021-02-20,Humboldt,023,135768,3108,3073,22,3095,29
2021-02-20,Imperial,025,180216,27151,26771,2528,29299,590
2021-02-20,Inyo,027,18085,1275,1226,9,1235,32
2021-02-20,Kern,029,883053,92808,91025,9669,100694,968
2021-02-20,Kings,031,150075,22147,21773,963,22736,212
2021-02-20,Lake,033,64148,3148,3089,6,3095,40
2021-02-20,Lassen,035,31185,5102,5067,94,5161,1
2021-02-20,Los Angeles,037,10098052,1166426,1145594,39066,1184660,19630
2021-02-20,Madera,039,155013,15491,15274,806,16080,191
2021-02-20,Marin,041,260295,13066,12945,159,13104,211
2021-02-20,Mariposa,043,17540,375,372,5,377,4
2021-02-20,Mendocino,045,87422,3609,3533,66,3599,40
2021-02-20,Merced,047,269075,28118,28066,865,28931,379
2021-02-20,Modoc,049,8938,338,328,114,442,3
2021-02-20,Mono,051,14174,1172,1187,16,1203,3
2021-02-20,Monterey,053,433212,41729,41313,1672,42985,309
2021-02-20,Napa,055,140530,8974,8910,33,8943,69
2021-02-20,Nevada,057,99092,3959,3887,158,4045,66
2021-02-20,Orange,059,3164182,245983,243761,10145,253906,3755
2021-02-20,Placer,061,380077,20359,19509,1089,20598,236
2021-02-20,Plumas,063,18699,639,626,10,636,4
2021-02-20,Riverside,065,2383286,284378,277267,13392,290659,3559
2021-02-20,Sacramento,067,1510023,93662,92057,1219,93276,1352
2021-02-20,San Benito,069,59416,5714,5709,87,5796,57
2021-02-20,San Bernardino,071,2135413,285152,279608,8512,288120,3203
2021-02-20,San Diego,073,3302833,262130,256510,12681,269191,3188
2021-02-20,San Francisco,075,870044,33938,33820,1062,34882,399
2021-02-20,San Joaquin,077,732212,66284,64916,2741,67657,1001
2021-02-20,San Luis Obispo,079,281455,19484,19138,552,19690,229
2021-02-20,San Mateo,081,765935,39267,38371,398,38769,282
2021-02-20,Santa Barbara,083,443738,32351,31289,1100,32389,396
2021-02-20,Santa Clara,085,1922200,109401,108728,561,109289,1649
2021-02-20,Santa Cruz,087,273765,15288,14378,777,15155,176
2021-02-20,Shasta,089,179085,10904,10850,1196,12046,146
2021-02-20,Sierra,091,2930,51,47,12,59,0
2021-02-20,Siskiyou,093,43540,1469,1366,227,1593,4
2021-02-20,Solano,095,438530,29637,29440,351,29791,150
2021-02-20,Sonoma,097,501317,27771,27703,189,27892,278
2021-02-20,Stanislaus,099,539301,50209,49445,5282,54727,733
2021-02-20,Sutter,101,95872,8818,8681,79,8760,97
2021-02-20,Tehama,103,63373,4571,4545,492,5037,30
2021-02-20,Trinity,105,12862,465,285,76,361,3
2021-02-20,Tulare,107,460477,47933,46769,7904,54673,739
2021-02-20,Tuolumne,109,53932,3863,3823,34,3857,53
2021-02-20,Ventura,111,848112,77261,76757,2752,79509,671
2021-02-20,Yolo,113,214977,12770,12639,217,12856,183
2021-02-20,Yuba,115,75493,5464,5386,84,5470,38
2021-02-19,Alameda,001,1643700,80140,79318,1718,81036,1047
2021-02-19,Alpine,003,1148,78,77,0,77,0
2021-02-19,Amador,005,37829,3447,3427,30,3457,39
2021-02-19,Butte,007,227075,11259,10823,1596,12419,176
2021-02-19,Calaveras,009,45235,1892,1856,12,1868,21
2021-02-19,Colusa,011,21464,1867,1858,261,2119,11
2021-02-19,Contra Costa,013,1133247,62424,61017,1061,62078,651
2021-02-19,Del Norte,015,27424,983,932,4,936,2
2021-02-19,El Dorado,017,186661,9059,8882,590,9472,96
2021-02-19,Fresno,019,978130,95611,93973,7635,101608,1330
2021-02-19,Glenn,021,27897,2228,2199,488,2687,14
2021-02-19,Humboldt,023,135768,3096,3037,22,3059,29
2021-02-19,Imperial,025,180216,27146,26751,2525,29276,589
2021-02-19,Inyo,027,18085,1270,1212,9,1221,32
2021-02-19,Kern,029,883053,92738,90807,9628,100435,963
2021-02-19,Kings,031,150075,22133,21724,961,22685,211
2021-02-19,Lake,033,64148,3142,3078,6,3084,40
2021-02-19,Lassen,035,31185,5101,5057,94,5151,1
2021-02-19,Los Angeles,037,10098052,1165678,1143828,39025,1182853,19498
2021-02-19,Madera,039,155013,15474,15222,804,16026,188
2021-02-19,Marin,041,260295,13042,12919,157,13076,210
2021-02-19,Mariposa,043,17540,375,371,5,376,4
2021-02-19,Mendocino,045,87422,3607,3526,66,3592,39
2021-02-19,Merced,047,269075,28087,27985,862,28847,376
2021-02-19,Modoc,049,8938,338,328,114,442,3
2021-02-19,Mono,051,14174,1172,1186,16,1202,3
2021-02-19,Monterey,053,433212,41700,41209,1668,42877,309
2021-02-19,Napa,055,140530,8962,8899,33,8932,69
2021-02-19,Nevada,057,99092,3953,3863,158,4021,66
2021-02-19,Orange,059,3164182,245803,243397,10132,253529,3715
2021-02-19,Placer,061,380077,20337,19457,1089,20546,236
2021-02-19,Plumas,063,18699,637,624,10,634,4
2021-02-19,Riverside,065,2383286,284207,276941,13375,290316,3541
2021-02-19,Sacramento,067,1510023,93541,91815,1215,93030,1351
2021-02-19,San Benito,069,59416,5709,5699,87,5786,57
2021-02-19,San Bernardino,071,2135413,285025,279209,8507,287716,3117
2021-02-19,San Diego,073,3302833,261839,255799,12658,268457,3169
2021-02-19,San Francisco,075,870044,33890,33746,1056,34802,387
2021-02-19,San Joaquin,077,732212,66212,64774,2732,67506,988
2021-02-19,San Luis Obispo,079,281455,19454,19061,550,19611,230
2021-02-19,San Mateo,081,765935,39209,38256,396,38652,282
2021-02-19,Santa Barbara,083,443738,32287,31204,1099,32303,392
2021-02-19,Santa Clara,085,1922200,109188,108400,559,108959,1634
2021-02-19,Santa Cruz,087,273765,15273,14354,777,15131,176
2021-02-19,Shasta,089,179085,10892,10833,1193,12026,140
2021-02-19,Sierra,091,2930,51,47,12,59,0
2021-02-19,Siskiyou,093,43540,1465,1363,225,1588,4
2021-02-19,Solano,095,438530,29606,29383,350,29733,150
2021-02-19,Sonoma,097,501317,27724,27595,187,27782,280
2021-02-19,Stanislaus,099,539301,50148,49282,5266,54548,739
2021-02-19,Sutter,101,95872,8808,8665,79,8744,96
2021-02-19,Tehama,103,63373,4569,4535,492,5027,30
2021-02-19,Trinity,105,12862,463,282,74,356,3
2021-02-19,Tulare,107,460477,47886,46662,7879,54541,736
2021-02-19,Tuolumne,109,53932,3856,3817,34,3851,52
2021-02-19,Ventura,111,848112,77181,76582,2749,79331,667
2021-02-19,Yolo,113,214977,12754,12606,217,12823,183
2021-02-19,Yuba,115,75493,5454,5376,84,5460,38
2021-02-18,Alameda,001,1643700,79994,79111,1710,80821,1012
2021-02-18,Alpine,003,1148,78,77,0,77,0
2021-02-18,Amador,005,37829,3443,3417,29,3446,38
2021-02-18,Butte,007,227075,11241,10791,1593,12384,175
2021-02-18,Calaveras,009,45235,1887,1873,12,1885,21
2021-02-18,Colusa,011,21464,1865,1856,259,2115,11
2021-02-18,Contra Costa,013,1133247,62313,60868,1060,61928,640
2021-02-18,Del Norte,015,27424,978,929,4,933,2
2021-02-18,El Dorado,017,186661,9044,8850,589,9439,94
2021-02-18,Fresno,019,978130,95440,93734,7610,101344,1323
2021-02-18,Glenn,021,27897,2222,2195,488,2683,14
2021-02-18,Humboldt,023,135768,3084,3023,22,3045,29
2021-02-18,Imperial,025,180216,27120,26731,2520,29251,591
2021-02-18,Inyo,027,18085,1266,1213,8,1221,32
2021-02-18,Kern,029,883053,92580,90655,9600,100255,961
2021-02-18,Kings,031,150075,22109,21648,960,22608,211
2021-02-18,Lake,033,64148,3134,3066,6,3072,40
2021-02-18,Lassen,035,31185,5092,5052,94,5146,1
2021-02-18,Los Angeles,037,10098052,1164719,1141930,38959,1180889,19358
2021-02-18,Madera,039,155013,15452,15175,799,15974,188
2021-02-18,Marin,041,260295,13028,12895,157,13052,209
2021-02-18,Mariposa,043,17540,374,369,5,374,4
2021-02-18,Mendocino,045,87422,3604,3519,65,3584,39
2021-02-18,Merced,047,269075,28037,27870,856,28726,372
2021-02-18,Modoc,049,8938,336,327,113,440,3
2021-02-18,Mono,051,14174,1172,1182,16,1198,3
2021-02-18,Monterey,053,433212,41635,41091,1660,42751,307
2021-02-18,Napa,055,140530,8945,8877,33,8910,68
2021-02-18,Nevada,057,99092,3944,3836,157,3993,66
2021-02-18,Orange,059,3164182,245584,243098,10115,253213,3673
2021-02-18,Placer,061,380077,20310,19429,1088,20517,232
2021-02-18,Plumas,063,18699,637,624,10,634,4
2021-02-18,Riverside,065,2383286,283918,276595,13354,289949,3510
2021-02-18,Sacramento,067,1510023,93379,91476,1209,92685,1334
2021-02-18,San Benito,069,59416,5706,5697,86,5783,58
2021-02-18,San Bernardino,071,2135413,284815,278887,8493,287380,3066
2021-02-18,San Diego,073,3302833,261485,254987,12635,267622,3135
2021-02-18,San Francisco,075,870044,33832,33650,1053,34703,386
2021-02-18,San Joaquin,077,732212,66125,64634,2722,67356,982
2021-02-18,San Luis Obispo,079,281455,19412,18987,547,19534,230
2021-02-18,San Mateo,081,765935,39147,38185,392,38577,282
2021-02-18,Santa Barbara,083,443738,32207,31054,1092,32146,387
2021-02-18,Santa Clara,085,1922200,108961,108210,556,108766,1605
2021-02-18,Santa Cruz,087,273765,15247,14314,777,15091,176
2021-02-18,Shasta,089,179085,10872,10811,1190,12001,139
2021-02-18,Sierra,091,2930,50,47,12,59,0
2021-02-18,Siskiyou,093,43540,1460,1359,224,1583,4
2021-02-18,Solano,095,438530,29579,29349,349,29698,150
2021-02-18,Sonoma,097,501317,27656,27512,186,27698,281
2021-02-18,Stanislaus,099,539301,50050,49150,5251,54401,738
2021-02-18,Sutter,101,95872,8800,8654,79,8733,96
2021-02-18,Tehama,103,63373,4566,4528,491,5019,30
2021-02-18,Trinity,105,12862,462,282,74,356,3
2021-02-18,Tulare,107,460477,47825,46591,7839,54430,728
2021-02-18,Tuolumne,109,53932,3819,3811,34,3845,52
2021-02-18,Ventura,111,848112,77049,76442,2741,79183,659
2021-02-18,Yolo,113,214977,12727,12549,214,12763,183
2021-02-18,Yuba,115,75493,5437,5358,84,5442,38
2021-02-17,Alameda,001,1643700,79833,78895,1708,80603,1002
2021-02-17,Alpine,003,1148,78,77,0,77,0
2021-02-17,Amador,005,37829,3439,3415,29,3444,38
2021-02-17,Butte,007,227075,11223,10770,1590,12360,174
2021-02-17,Calaveras,009,45235,1887,1876,12,1888,21
2021-02-17,Colusa,011,21464,1862,1854,259,2113,10
2021-02-17,Contra Costa,013,1133247,62172,60723,1057,61780,635
2021-02-17,Del Norte,015,27424,971,920,4,924,2
2021-02-17,El Dorado,017,186661,9032,8847,589,9436,94
2021-02-17,Fresno,019,978130,95300,93555,7583,101138,1307
2021-02-17,Glenn,021,27897,2222,2189,487,2676,14
2021-02-17,Humboldt,023,135768,3069,3006,22,3028,29
2021-02-17,Imperial,025,180216,27105,26726,2518,29244,580
2021-02-17,Inyo,027,18085,1258,1197,8,1205,32
2021-02-17,Kern,029,883053,92461,90454,9554,100008,962
2021-02-17,Kings,031,150075,22071,21617,956,22573,211
2021-02-17,Lake,033,64148,3123,3057,2,3059,38
2021-02-17,Lassen,035,31185,5087,5052,93,5145,1
2021-02-17,Los Angeles,037,10098052,1163667,1139786,38896,1178682,19213
2021-02-17,Madera,039,155013,15426,15135,790,15925,177
2021-02-17,Marin,041,260295,13002,12881,157,13038,207
2021-02-17,Mariposa,043,17540,374,368,4,372,4
2021-02-17,Mendocino,045,87422,3602,3494,64,3558,39
2021-02-17,Merced,047,269075,27983,27824,847,28671,372
2021-02-17,Modoc,049,8938,336,327,113,440,3
2021-02-17,Mono,051,14174,1172,1180,16,1196,3
2021-02-17,Monterey,053,433212,41581,41014,1648,42662,304
2021-02-17,Napa,055,140530,8931,8865,33,8898,68
2021-02-17,Nevada,057,99092,3925,3822,154,3976,52
2021-02-17,Orange,059,3164182,245316,242716,10081,252797,3626
2021-02-17,Placer,061,380077,20277,19405,1084,20489,230
2021-02-17,Plumas,063,18699,636,623,10,633,4
2021-02-17,Riverside,065,2383286,283632,276289,13333,289622,3491
2021-02-17,Sacramento,067,1510023,93220,91309,1202,92511,1326
2021-02-17,San Benito,069,59416,5700,5661,86,5747,57
2021-02-17,San Bernardino,071,2135413,284607,278461,8474,286935,3020
2021-02-17,San Diego,073,3302833,261108,254177,12614,266791,3099
2021-02-17,San Francisco,075,870044,33756,33558,1048,34606,379
2021-02-17,San Joaquin,077,732212,66024,64556,2716,67272,979
2021-02-17,San Luis Obispo,079,281455,19366,18964,547,19511,230
2021-02-17,San Mateo,081,765935,39081,38124,391,38515,282
2021-02-17,Santa Barbara,083,443738,32139,30927,1091,32018,384
2021-02-17,Santa Clara,085,1922200,108729,107949,554,108503,1592
2021-02-17,Santa Cruz,087,273765,15214,14268,774,15042,174
2021-02-17,Shasta,089,179085,10852,10770,1189,11959,139
2021-02-17,Sierra,091,2930,50,47,12,59,0
2021-02-17,Siskiyou,093,43540,1454,1352,221,1573,4
2021-02-17,Solano,095,438530,29523,29288,349,29637,149
2021-02-17,Sonoma,097,501317,27582,27408,181,27589,281
2021-02-17,Stanislaus,099,539301,49941,49050,5235,54285,730
2021-02-17,Sutter,101,95872,8790,8681,79,8760,95
2021-02-17,Tehama,103,63373,4562,4511,490,5001,30
2021-02-17,Trinity,105,12862,462,277,72,349,3
2021-02-17,Tulare,107,460477,47759,46495,7812,54307,726
2021-02-17,Tuolumne,109,53932,3810,3806,34,3840,49
2021-02-17,Ventura,111,848112,76924,76234,2735,78969,646
2021-02-17,Yolo,113,214977,12710,12506,212,12718,182
2021-02-17,Yuba,115,75493,5428,5345,84,5429,38
2021-02-16,Alameda,001,1643700,79661,78756,1705,80461,997
2021-02-16,Alpine,003,1148,78,76,0,76,0
2021-02-16,Amador,005,37829,3432,3413,29,3442,39
2021-02-16,Butte,007,227075,11196,10748,1587,12335,164
2021-02-16,Calaveras,009,45235,1885,1872,12,1884,21
2021-02-16,Colusa,011,21464,1859,1852,257,2109,10
2021-02-16,Contra Costa,013,1133247,62024,60564,1052,61616,631
2021-02-16,Del Norte,015,27424,963,913,4,917,2
2021-02-16,El Dorado,017,186661,9022,8836,588,9424,94
2021-02-16,Fresno,019,978130,95136,93363,7553,100916,1293
2021-02-16,Glenn,021,27897,2213,2189,482,2671,14
2021-02-16,Humboldt,023,135768,3046,2994,21,3015,29
2021-02-16,Imperial,025,180216,27092,26711,2514,29225,580
2021-02-16,Inyo,027,18085,1250,1191,8,1199,32
2021-02-16,Kern,029,883053,92326,90267,9525,99792,959
2021-02-16,Kings,031,150075,22025,21583,952,22535,206
2021-02-16,Lake,033,64148,3114,3041,2,3043,38
2021-02-16,Lassen,035,31185,5075,5047,93,5140,1
2021-02-16,Los Angeles,037,10098052,1162415,1138262,38835,1177097,19044
2021-02-16,Madera,039,155013,15387,15120,785,15905,172
2021-02-16,Marin,041,260295,12978,12832,157,12989,205
2021-02-16,Mariposa,043,17540,374,367,4,371,4
2021-02-16,Mendocino,045,87422,3598,3489,64,3553,39
2021-02-16,Merced,047,269075,27910,27724,841,28565,368
2021-02-16,Modoc,049,8938,336,326,113,439,3
2021-02-16,Mono,051,14174,1172,1180,16,1196,3
2021-02-16,Monterey,053,433212,41507,40962,1639,42601,303
2021-02-16,Napa,055,140530,8918,8854,33,8887,66
2021-02-16,Nevada,057,99092,3912,3774,153,3927,47
2021-02-16,Orange,059,3164182,244994,242382,10065,252447,3612
2021-02-16,Placer,061,380077,20244,19367,1081,20448,230
2021-02-16,Plumas,063,18699,636,619,10,629,4
2021-02-16,Riverside,065,2383286,283326,275954,13309,289263,3471
2021-02-16,Sacramento,067,1510023,92965,91246,1196,92442,1305
2021-02-16,San Benito,069,59416,5692,5659,85,5744,56
2021-02-16,San Bernardino,071,2135413,284385,277947,8463,286410,2978
2021-02-16,San Diego,073,3302833,260644,253638,12575,266213,3042
2021-02-16,San Francisco,075,870044,33685,33491,1043,34534,373
2021-02-16,San Joaquin,077,732212,65902,64448,2713,67161,979
2021-02-16,San Luis Obispo,079,281455,19321,18925,544,19469,229
2021-02-16,San Mateo,081,765935,39022,38041,389,38430,277
2021-02-16,Santa Barbara,083,443738,32064,30865,1088,31953,378
2021-02-16,Santa Clara,085,1922200,108477,107754,551,108305,1591
2021-02-16,Santa Cruz,087,273765,15194,14256,773,15029,174
2021-02-16,Shasta,089,179085,10836,10736,1187,11923,139
2021-02-16,Sierra,091,2930,50,47,12,59,0
2021-02-16,Siskiyou,093,43540,1450,1351,221,1572,4
2021-02-16,Solano,095,438530,29483,29246,348,29594,148
2021-02-16,Sonoma,097,501317,27520,27380,175,27555,279
2021-02-16,Stanislaus,099,539301,49820,48927,5221,54148,716
2021-02-16,Sutter,101,95872,8767,8671,79,8750,95
2021-02-16,Tehama,103,63373,4553,4501,489,4990,30
2021-02-16,Trinity,105,12862,458,275,72,347,3
2021-02-16,Tulare,107,460477,47693,46444,7768,54212,716
2021-02-16,Tuolumne,109,53932,3808,3796,34,3830,49
2021-02-16,Ventura,111,848112,76779,76043,2731,78774,631
2021-02-16,Yolo,113,214977,12679,12457,212,12669,175
2021-02-16,Yuba,115,75493,5421,5332,83,5415,38
2021-02-15,Alameda,001,1643700,79463,78647,1694,80341,996
2021-02-15,Alpine,003,1148,78,76,0,76,0
2021-02-15,Amador,005,37829,3428,3409,29,3438,39
2021-02-15,Butte,007,227075,11178,10723,1583,12306,155
2021-02-15,Calaveras,009,45235,1881,1871,12,1883,21
2021-02-15,Colusa,011,21464,1859,1849,253,2102,10
2021-02-15,Contra Costa,013,1133247,61848,60444,1046,61490,631
2021-02-15,Del Norte,015,27424,959,913,4,917,2
2021-02-15,El Dorado,017,186661,9005,8816,588,9404,94
2021-02-15,Fresno,019,978130,94936,93231,7514,100745,1288
2021-02-15,Glenn,021,27897,2210,2185,479,2664,14
2021-02-15,Humboldt,023,135768,3039,2997,21,3018,29
2021-02-15,Imperial,025,180216,27072,26700,2510,29210,580
2021-02-15,Inyo,027,18085,1231,1184,8,1192,32
2021-02-15,Kern,029,883053,92182,90181,9492,99673,959
2021-02-15,Kings,031,150075,21980,21574,948,22522,205
2021-02-15,Lake,033,64148,3100,3030,1,3031,38
2021-02-15,Lassen,035,31185,5073,5047,92,5139,1
2021-02-15,Los Angeles,037,10098052,1161026,1137164,38771,1175935,18925
2021-02-15,Madera,039,155013,15356,15108,783,15891,106
2021-02-15,Marin,041,260295,12958,12810,154,12964,203
2021-02-15,Mariposa,043,17540,372,367,4,371,4
2021-02-15,Mendocino,045,87422,3586,3481,64,3545,39
2021-02-15,Merced,047,269075,27835,27656,834,28490,368
2021-02-15,Modoc,049,8938,336,326,113,439,3
2021-02-15,Mono,051,14174,1169,1178,16,1194,3
2021-02-15,Monterey,053,433212,41446,40911,1626,42537,302
2021-02-15,Napa,055,140530,8904,8837,33,8870,57
2021-02-15,Nevada,057,99092,3895,3767,152,3919,47
2021-02-15,Orange,059,3164182,244676,242176,10037,252213,3586
2021-02-15,Placer,061,380077,20218,19361,1080,20441,230
2021-02-15,Plumas,063,18699,636,620,10,630,4
2021-02-15,Riverside,065,2383286,282969,275771,13291,289062,3468
2021-02-15,Sacramento,067,1510023,92638,91091,1191,92282,1304
2021-02-15,San Benito,069,59416,5683,5649,85,5734,56
2021-02-15,San Bernardino,071,2135413,284128,277869,8455,286324,2945
2021-02-15,San Diego,073,3302833,260130,252940,12544,265484,3037
2021-02-15,San Francisco,075,870044,33611,33454,1036,34490,373
2021-02-15,San Joaquin,077,732212,65737,64382,2706,67088,979
2021-02-15,San Luis Obispo,079,281455,19268,18891,542,19433,227
2021-02-15,San Mateo,081,765935,38944,37969,386,38355,277
2021-02-15,Santa Barbara,083,443738,31962,30810,1085,31895,378
2021-02-15,Santa Clara,085,1922200,108242,107630,549,108179,1588
2021-02-15,Santa Cruz,087,273765,15162,14239,770,15009,175
2021-02-15,Shasta,089,179085,10816,10730,1182,11912,139
2021-02-15,Sierra,091,2930,50,47,12,59,0
2021-02-15,Siskiyou,093,43540,1442,1345,220,1565,4
2021-02-15,Solano,095,438530,29428,29225,348,29573,148
2021-02-15,Sonoma,097,501317,27435,27359,171,27530,276
2021-02-15,Stanislaus,099,539301,49695,48808,5208,54016,716
2021-02-15,Sutter,101,95872,8752,8652,79,8731,95
2021-02-15,Tehama,103,63373,4542,4492,487,4979,30
2021-02-15,Trinity,105,12862,457,274,72,346,3
2021-02-15,Tulare,107,460477,47620,46344,7728,54072,715
2021-02-15,Tuolumne,109,53932,3798,3794,34,3828,49
2021-02-15,Ventura,111,848112,76623,75889,2728,78617,629
2021-02-15,Yolo,113,214977,12642,12412,206,12618,175
2021-02-15,Yuba,115,75493,5404,5320,82,5402,38
2021-02-14,Alameda,001,1643700,79308,78442,1693,80135,995
2021-02-14,Alpine,003,1148,78,76,0,76,0
2021-02-14,Amador,005,37829,3423,3398,29,3427,39
2021-02-14,Butte,007,227075,11154,10717,1578,12295,155
2021-02-14,Calaveras,009,45235,1878,1866,12,1878,21
2021-02-14,Colusa,011,21464,1855,1845,250,2095,10
2021-02-14,Contra Costa,013,1133247,61700,60272,1043,61315,631
2021-02-14,Del Norte,015,27424,955,911,4,915,2
2021-02-14,El Dorado,017,186661,8974,8790,587,9377,94
2021-02-14,Fresno,019,978130,94766,93065,7491,100556,1287
2021-02-14,Glenn,021,27897,2208,2184,479,2663,14
2021-02-14,Humboldt,023,135768,3026,2992,21,3013,29
2021-02-14,Imperial,025,180216,27064,26696,2509,29205,580
2021-02-14,Inyo,027,18085,1225,1177,8,1185,32
2021-02-14,Kern,029,883053,92022,90038,9439,99477,959
2021-02-14,Kings,031,150075,21954,21538,946,22484,205
2021-02-14,Lake,033,64148,3091,3030,1,3031,38
2021-02-14,Lassen,035,31185,5069,5037,92,5129,1
2021-02-14,Los Angeles,037,10098052,1159687,1135450,38684,1174134,18898
2021-02-14,Madera,039,155013,15324,15089,779,15868,106
2021-02-14,Marin,041,260295,12934,12784,154,12938,201
2021-02-14,Mariposa,043,17540,372,365,4,369,4
2021-02-14,Mendocino,045,87422,3581,3475,64,3539,39
2021-02-14,Merced,047,269075,27757,27601,829,28430,368
2021-02-14,Modoc,049,8938,336,326,113,439,3
2021-02-14,Mono,051,14174,1168,1180,16,1196,3
2021-02-14,Monterey,053,433212,41396,40842,1622,42464,302
2021-02-14,Napa,055,140530,8884,8826,33,8859,57
2021-02-14,Nevada,057,99092,3879,3761,152,3913,47
2021-02-14,Orange,059,3164182,244363,241859,10018,251877,3564
2021-02-14,Placer,061,380077,20179,19313,1075,20388,230
2021-02-14,Plumas,063,18699,635,620,10,630,4
2021-02-14,Riverside,065,2383286,282635,275518,13272,288790,3471
2021-02-14,Sacramento,067,1510023,92431,90856,1187,92043,1304
2021-02-14,San Benito,069,59416,5675,5641,84,5725,56
2021-02-14,San Bernardino,071,2135413,283811,277664,8435,286099,2929
2021-02-14,San Diego,073,3302833,259638,252247,12496,264743,3037
2021-02-14,San Francisco,075,870044,33537,33374,1028,34402,372
2021-02-14,San Joaquin,077,732212,65638,64243,2692,66935,979
2021-02-14,San Luis Obispo,079,281455,19230,18868,539,19407,225
2021-02-14,San Mateo,081,765935,38860,37859,386,38245,277
2021-02-14,Santa Barbara,083,443738,31870,30744,1081,31825,377
2021-02-14,Santa Clara,085,1922200,108041,107412,545,107957,1582
2021-02-14,Santa Cruz,087,273765,15134,14225,765,14990,175
2021-02-14,Shasta,089,179085,10785,10720,1177,11897,139
2021-02-14,Sierra,091,2930,50,47,12,59,0
2021-02-14,Siskiyou,093,43540,1438,1340,220,1560,4
2021-02-14,Solano,095,438530,29390,29150,345,29495,148
2021-02-14,Sonoma,097,501317,27358,27266,169,27435,276
2021-02-14,Stanislaus,099,539301,49588,48672,5193,53865,716
2021-02-14,Sutter,101,95872,8729,8642,79,8721,95
2021-02-14,Tehama,103,63373,4534,4490,485,4975,30
2021-02-14,Trinity,105,12862,457,272,72,344,3
2021-02-14,Tulare,107,460477,47539,46263,7679,53942,715
2021-02-14,Tuolumne,109,53932,3797,3764,34,3798,49
2021-02-14,Ventura,111,848112,76448,75742,2717,78459,629
2021-02-14,Yolo,113,214977,12613,12399,205,12604,175
2021-02-14,Yuba,115,75493,5394,5314,82,5396,38
2021-02-13,Alameda,001,1643700,79193,78246,1690,79936,995
2021-02-13,Alpine,003,1148,78,76,0,76,0
2021-02-13,Amador,005,37829,3420,3387,29,3416,38
2021-02-13,Butte,007,227075,11138,10699,1577,12276,155
2021-02-13,Calaveras,009,45235,1874,1863,12,1875,21
2021-02-13,Colusa,011,21464,1855,1837,250,2087,10
2021-02-13,Contra Costa,013,1133247,61580,60100,1043,61143,629
2021-02-13,Del Norte,015,27424,953,908,4,912,2
2021-02-13,El Dorado,017,186661,8963,8758,586,9344,93
2021-02-13,Fresno,019,978130,94652,92807,7469,100276,1287
2021-02-13,Glenn,021,27897,2207,2182,479,2661,14
2021-02-13,Humboldt,023,135768,3013,2974,20,2994,29
2021-02-13,Imperial,025,180216,27057,26680,2507,29187,580
2021-02-13,Inyo,027,18085,1221,1168,8,1176,32
2021-02-13,Kern,029,883053,91933,89915,9414,99329,957
2021-02-13,Kings,031,150075,21939,21513,944,22457,205
2021-02-13,Lake,033,64148,3085,3025,1,3026,37
2021-02-13,Lassen,035,31185,5066,5028,92,5120,1
2021-02-13,Los Angeles,037,10098052,1158828,1133752,38637,1172389,18822
2021-02-13,Madera,039,155013,15315,15053,775,15828,106
2021-02-13,Marin,041,260295,12913,12757,154,12911,201
2021-02-13,Mariposa,043,17540,372,365,4,369,4
2021-02-13,Mendocino,045,87422,3571,3466,64,3530,38
2021-02-13,Merced,047,269075,27713,27541,826,28367,368
2021-02-13,Modoc,049,8938,336,325,113,438,3
2021-02-13,Mono,051,14174,1168,1176,16,1192,3
2021-02-13,Monterey,053,433212,41364,40731,1621,42352,301
2021-02-13,Napa,055,140530,8875,8809,33,8842,57
2021-02-13,Nevada,057,99092,3870,3742,151,3893,47
2021-02-13,Orange,059,3164182,244159,241545,9999,251544,3520
2021-02-13,Placer,061,380077,20159,19214,1075,20289,230
2021-02-13,Plumas,063,18699,635,616,10,626,4
2021-02-13,Riverside,065,2383286,282401,275276,13263,288539,3462
2021-02-13,Sacramento,067,1510023,92264,90401,1184,91585,1302
2021-02-13,San Benito,069,59416,5661,5633,84,5717,56
2021-02-13,San Bernardino,071,2135413,283659,277405,8423,285828,2899
2021-02-13,San Diego,073,3302833,259307,251679,12484,264163,3009
2021-02-13,San Francisco,075,870044,33487,33291,1018,34309,364
2021-02-13,San Joaquin,077,732212,65571,64105,2682,66787,977
2021-02-13,San Luis Obispo,079,281455,19202,18803,533,19336,225
2021-02-13,San Mateo,081,765935,38807,37745,386,38131,277
2021-02-13,Santa Barbara,083,443738,31819,30594,1079,31673,374
2021-02-13,Santa Clara,085,1922200,107856,107125,541,107666,1570
2021-02-13,Santa Cruz,087,273765,15107,14198,764,14962,173
2021-02-13,Shasta,089,179085,10773,10713,1172,11885,139
2021-02-13,Sierra,091,2930,50,47,12,59,0
2021-02-13,Siskiyou,093,43540,1435,1336,220,1556,4
2021-02-13,Solano,095,438530,29353,29084,345,29429,148
2021-02-13,Sonoma,097,501317,27312,27157,167,27324,276
2021-02-13,Stanislaus,099,539301,49519,48568,5187,53755,697
2021-02-13,Sutter,101,95872,8717,8626,79,8705,94
2021-02-13,Tehama,103,63373,4525,4484,484,4968,30
2021-02-13,Trinity,105,12862,456,272,71,343,3
2021-02-13,Tulare,107,460477,47490,46162,7648,53810,709
2021-02-13,Tuolumne,109,53932,3796,3752,34,3786,49
2021-02-13,Ventura,111,848112,76310,75481,2711,78192,618
2021-02-13,Yolo,113,214977,12601,12374,204,12578,175
2021-02-13,Yuba,115,75493,5386,5289,82,5371,38
2021-02-12,Alameda,001,1643700,79058,77958,1684,79642,974
2021-02-12,Alpine,003,1148,78,76,0,76,0
2021-02-12,Amador,005,37829,3416,3381,29,3410,38
2021-02-12,Butte,007,227075,11123,10655,1570,12225,155
2021-02-12,Calaveras,009,45235,1871,1860,12,1872,21
2021-02-12,Colusa,011,21464,1855,1836,250,2086,10
2021-02-12,Contra Costa,013,1133247,61430,59878,1039,60917,620
2021-02-12,Del Norte,015,27424,943,901,4,905,2
2021-02-12,El Dorado,017,186661,8947,8725,583,9308,92
2021-02-12,Fresno,019,978130,94498,92520,7449,99969,1273
2021-02-12,Glenn,021,27897,2204,2175,479,2654,14
2021-02-12,Humboldt,023,135768,3005,2961,20,2981,29
2021-02-12,Imperial,025,180216,27048,26646,2505,29151,585
2021-02-12,Inyo,027,18085,1215,1156,8,1164,32
2021-02-12,Kern,029,883053,91822,89532,9379,98911,949
2021-02-12,Kings,031,150075,21907,21462,939,22401,202
2021-02-12,Lake,033,64148,3081,3012,1,3013,36
2021-02-12,Lassen,035,31185,5064,5015,92,5107,1
2021-02-12,Los Angeles,037,10098052,1157624,1131185,38568,1169753,18637
2021-02-12,Madera,039,155013,15288,15022,772,15794,106
2021-02-12,Marin,041,260295,12887,12720,154,12874,200
2021-02-12,Mariposa,043,17540,371,365,4,369,4
2021-02-12,Mendocino,045,87422,3569,3447,64,3511,38
2021-02-12,Merced,047,269075,27662,27453,823,28276,367
2021-02-12,Modoc,049,8938,336,324,113,437,3
2021-02-12,Mono,051,14174,1167,1172,16,1188,3
2021-02-12,Monterey,053,433212,41317,40633,1612,42245,297
2021-02-12,Napa,055,140530,8863,8785,33,8818,55
2021-02-12,Nevada,057,99092,3865,3728,151,3879,47
2021-02-12,Orange,059,3164182,243920,241075,9985,251060,3505
2021-02-12,Placer,061,380077,20117,19174,1070,20244,230
2021-02-12,Plumas,063,18699,634,614,10,624,4
2021-02-12,Riverside,065,2383286,282124,274792,13245,288037,3438
2021-02-12,Sacramento,067,1510023,92061,90252,1183,91435,1295
2021-02-12,San Benito,069,59416,5645,5622,83,5705,56
2021-02-12,San Bernardino,071,2135413,283466,276890,8412,285302,2827
2021-02-12,San Diego,073,3302833,258925,250788,12458,263246,2979
2021-02-12,San Francisco,075,870044,33428,33179,1014,34193,359
2021-02-12,San Joaquin,077,732212,65477,63966,2674,66640,975
2021-02-12,San Luis Obispo,079,281455,19161,18687,532,19219,224
2021-02-12,San Mateo,081,765935,38735,37560,386,37946,254
2021-02-12,Santa Barbara,083,443738,31748,30454,1074,31528,372
2021-02-12,Santa Clara,085,1922200,107687,106759,538,107297,1543
2021-02-12,Santa Cruz,087,273765,15087,14147,764,14911,170
2021-02-12,Shasta,089,179085,10754,10693,1162,11855,142
2021-02-12,Sierra,091,2930,49,45,12,57,0
2021-02-12,Siskiyou,093,43540,1431,1324,217,1541,4
2021-02-12,Solano,095,438530,29321,28996,342,29338,147
2021-02-12,Sonoma,097,501317,27258,27064,163,27227,275
2021-02-12,Stanislaus,099,539301,49434,48418,5164,53582,697
2021-02-12,Sutter,101,95872,8703,8609,79,8688,93
2021-02-12,Tehama,103,63373,4517,4470,483,4953,27
2021-02-12,Trinity,105,12862,456,269,71,340,3
2021-02-12,Tulare,107,460477,47412,46016,7621,53637,710
2021-02-12,Tuolumne,109,53932,3793,3736,33,3769,49
2021-02-12,Ventura,111,848112,76142,75210,2704,77914,605
2021-02-12,Yolo,113,214977,12581,12340,204,12544,175
2021-02-12,Yuba,115,75493,5378,5274,82,5356,38
2021-02-11,Alameda,001,1643700,78829,77564,1679,79243,960
2021-02-11,Alpine,003,1148,77,76,0,76,0
2021-02-11,Amador,005,37829,3412,3368,29,3397,35
2021-02-11,Butte,007,227075,11099,10624,1568,12192,155
2021-02-11,Calaveras,009,45235,1868,1856,12,1868,21
2021-02-11,Colusa,011,21464,1850,1823,248,2071,10
2021-02-11,Contra Costa,013,1133247,61263,59633,1035,60668,605
2021-02-11,Del Norte,015,27424,938,894,4,898,2
2021-02-11,El Dorado,017,186661,8926,8698,583,9281,92
2021-02-11,Fresno,019,978130,94342,92168,7424,99592,1255
2021-02-11,Glenn,021,27897,2201,2166,478,2644,14
2021-02-11,Humboldt,023,135768,2992,2954,19,2973,29
2021-02-11,Imperial,025,180216,27025,26545,2503,29048,578
2021-02-11,Inyo,027,18085,1206,1144,8,1152,32
2021-02-11,Kern,029,883053,91631,89224,9335,98559,941
2021-02-11,Kings,031,150075,21877,21373,936,22309,202
2021-02-11,Lake,033,64148,3071,3002,1,3003,36
2021-02-11,Lassen,035,31185,5053,5004,89,5093,1
2021-02-11,Los Angeles,037,10098052,1155993,1128437,38498,1166935,18500
2021-02-11,Madera,039,155013,15267,14984,770,15754,106
2021-02-11,Marin,041,260295,12850,12682,154,12836,200
2021-02-11,Mariposa,043,17540,371,361,4,365,4
2021-02-11,Mendocino,045,87422,3562,3420,64,3484,38
2021-02-11,Merced,047,269075,27597,27325,819,28144,363
2021-02-11,Modoc,049,8938,335,317,113,430,3
2021-02-11,Mono,051,14174,1163,1173,16,1189,3
2021-02-11,Monterey,053,433212,41209,40469,1606,42075,295
2021-02-11,Napa,055,140530,8842,8777,33,8810,55
2021-02-11,Nevada,057,99092,3849,3720,151,3871,47
2021-02-11,Orange,059,3164182,243555,240590,9962,250552,3476
2021-02-11,Placer,061,380077,20077,19118,1069,20187,224
2021-02-11,Plumas,063,18699,633,592,10,602,4
2021-02-11,Riverside,065,2383286,281755,274313,13230,287543,3394
2021-02-11,Sacramento,067,1510023,91819,89988,1177,91165,1286
2021-02-11,San Benito,069,59416,5636,5609,83,5692,56
2021-02-11,San Bernardino,071,2135413,283150,276349,8398,284747,2774
2021-02-11,San Diego,073,3302833,258373,249971,12424,262395,2955
2021-02-11,San Francisco,075,870044,33343,33076,1004,34080,356
2021-02-11,San Joaquin,077,732212,65307,63719,2664,66383,971
2021-02-11,San Luis Obispo,079,281455,19096,18615,528,19143,219
2021-02-11,San Mateo,081,765935,38644,37439,384,37823,253
2021-02-11,Santa Barbara,083,443738,31654,30375,1069,31444,370
2021-02-11,Santa Clara,085,1922200,107430,106392,532,106924,1507
2021-02-11,Santa Cruz,087,273765,15064,14088,759,14847,165
2021-02-11,Shasta,089,179085,10730,10672,1158,11830,140
2021-02-11,Sierra,091,2930,49,45,12,57,0
2021-02-11,Siskiyou,093,43540,1416,1320,217,1537,4
2021-02-11,Solano,095,438530,29269,28885,342,29227,138
2021-02-11,Sonoma,097,501317,27175,26971,160,27131,272
2021-02-11,Stanislaus,099,539301,49290,48205,5153,53358,697
2021-02-11,Sutter,101,95872,8689,8590,78,8668,93
2021-02-11,Tehama,103,63373,4511,4463,483,4946,26
2021-02-11,Trinity,105,12862,456,269,71,340,3
2021-02-11,Tulare,107,460477,47318,45897,7579,53476,706
2021-02-11,Tuolumne,109,53932,3756,3716,33,3749,48
2021-02-11,Ventura,111,848112,75941,74959,2695,77654,590
2021-02-11,Yolo,113,214977,12558,12303,202,12505,173
2021-02-11,Yuba,115,75493,5364,5261,80,5341,38
2021-02-10,Alameda,001,1643700,78626,77344,1678,79022,944
2021-02-10,Alpine,003,1148,77,76,0,76,0
2021-02-10,Amador,005,37829,3400,3348,29,3377,35
2021-02-10,Butte,007,227075,11073,10594,1567,12161,155
2021-02-10,Calaveras,009,45235,1866,1850,12,1862,21
2021-02-10,Colusa,011,21464,1843,1815,246,2061,10
2021-02-10,Contra Costa,013,1133247,61091,59488,1033,60521,590
2021-02-10,Del Norte,015,27424,932,888,4,892,2
2021-02-10,El Dorado,017,186661,8895,8682,579,9261,87
2021-02-10,Fresno,019,978130,94167,91876,7398,99274,1247
2021-02-10,Glenn,021,27897,2199,2160,475,2635,14
2021-02-10,Humboldt,023,135768,2984,2924,19,2943,29
2021-02-10,Imperial,025,180216,26985,26522,2500,29022,578
2021-02-10,Inyo,027,18085,1194,1138,8,1146,30
2021-02-10,Kern,029,883053,91424,88933,9281,98214,926
2021-02-10,Kings,031,150075,21834,21294,934,22228,197
2021-02-10,Lake,033,64148,3058,2975,1,2976,36
2021-02-10,Lassen,035,31185,5049,4993,89,5082,1
2021-02-10,Los Angeles,037,10098052,1154248,1125437,38369,1163806,18338
2021-02-10,Madera,039,155013,15229,14925,768,15693,105
2021-02-10,Marin,041,260295,12813,12651,154,12805,199
2021-02-10,Mariposa,043,17540,369,360,4,364,4
2021-02-10,Mendocino,045,87422,3547,3395,64,3459,38
2021-02-10,Merced,047,269075,27515,27246,808,28054,359
2021-02-10,Modoc,049,8938,334,315,111,426,3
2021-02-10,Mono,051,14174,1158,1170,16,1186,3
2021-02-10,Monterey,053,433212,41128,40366,1592,41958,288
2021-02-10,Napa,055,140530,8823,8769,33,8802,55
2021-02-10,Nevada,057,99092,3834,3693,149,3842,47
2021-02-10,Orange,059,3164182,243136,239974,9931,249905,3439
2021-02-10,Placer,061,380077,20038,19062,1064,20126,220
2021-02-10,Plumas,063,18699,630,589,10,599,2
2021-02-10,Riverside,065,2383286,281329,273721,13220,286941,3374
2021-02-10,Sacramento,067,1510023,91568,89653,1173,90826,1275
2021-02-10,San Benito,069,59416,5622,5591,83,5674,55
2021-02-10,San Bernardino,071,2135413,282787,275616,8382,283998,2696
2021-02-10,San Diego,073,3302833,257792,248858,12386,261244,2904
2021-02-10,San Francisco,075,870044,33261,32955,1001,33956,351
2021-02-10,San Joaquin,077,732212,65166,63484,2650,66134,954
2021-02-10,San Luis Obispo,079,281455,19017,18549,526,19075,216
2021-02-10,San Mateo,081,765935,38554,37323,384,37707,245
2021-02-10,Santa Barbara,083,443738,31565,30216,1064,31280,359
2021-02-10,Santa Clara,085,1922200,107191,106048,529,106577,1489
2021-02-10,Santa Cruz,087,273765,15028,14007,757,14764,165
2021-02-10,Shasta,089,179085,10707,10645,1155,11800,142
2021-02-10,Sierra,091,2930,49,45,12,57,0
2021-02-10,Siskiyou,093,43540,1411,1314,216,1530,4
2021-02-10,Solano,095,438530,29194,28835,340,29175,137
2021-02-10,Sonoma,097,501317,27083,26881,158,27039,271
2021-02-10,Stanislaus,099,539301,49175,48016,5136,53152,696
2021-02-10,Sutter,101,95872,8672,8571,78,8649,93
2021-02-10,Tehama,103,63373,4503,4445,483,4928,23
2021-02-10,Trinity,105,12862,453,268,71,339,3
2021-02-10,Tulare,107,460477,47201,45782,7540,53322,696
2021-02-10,Tuolumne,109,53932,3748,3691,33,3724,48
2021-02-10,Ventura,111,848112,75714,74651,2678,77329,580
2021-02-10,Yolo,113,214977,12534,12276,201,12477,174
2021-02-10,Yuba,115,75493,5346,5241,80,5321,38
2021-02-09,Alameda,001,1643700,78364,77018,1675,78693,936
2021-02-09,Alpine,003,1148,77,76,0,76,0
2021-02-09,Amador,005,37829,3392,3347,29,3376,35
2021-02-09,Butte,007,227075,11046,10563,1565,12128,153
2021-02-09,Calaveras,009,45235,1862,1847,12,1859,21
2021-02-09,Colusa,011,21464,1834,1812,241,2053,10
2021-02-09,Contra Costa,013,1133247,60903,59307,1027,60334,583
2021-02-09,Del Norte,015,27424,926,886,4,890,2
2021-02-09,El Dorado,017,186661,8868,8663,578,9241,87
2021-02-09,Fresno,019,978130,93924,91730,7370,99100,1211
2021-02-09,Glenn,021,27897,2195,2156,474,2630,14
2021-02-09,Humboldt,023,135768,2976,2904,19,2923,29
2021-02-09,Imperial,025,180216,26957,26509,2497,29006,568
2021-02-09,Inyo,027,18085,1186,1137,8,1145,30
2021-02-09,Kern,029,883053,91175,88684,9235,97919,920
2021-02-09,Kings,031,150075,21793,21275,932,22207,196
2021-02-09,Lake,033,64148,3047,2955,1,2956,36
2021-02-09,Lassen,035,31185,5042,4983,89,5072,1
2021-02-09,Los Angeles,037,10098052,1152279,1122745,38282,1161027,18198
2021-02-09,Madera,039,155013,15209,14912,765,15677,105
2021-02-09,Marin,041,260295,12780,12623,153,12776,197
2021-02-09,Mariposa,043,17540,367,355,4,359,4
2021-02-09,Mendocino,045,87422,3529,3369,64,3433,38
2021-02-09,Merced,047,269075,27417,27166,803,27969,354
2021-02-09,Modoc,049,8938,333,316,111,427,3
2021-02-09,Mono,051,14174,1157,1167,16,1183,3
2021-02-09,Monterey,053,433212,41020,40279,1581,41860,285
2021-02-09,Napa,055,140530,8810,8749,33,8782,55
2021-02-09,Nevada,057,99092,3818,3687,149,3836,44
2021-02-09,Orange,059,3164182,242721,239169,9900,249069,3406
2021-02-09,Placer,061,380077,19974,19008,1057,20065,220
2021-02-09,Plumas,063,18699,630,584,10,594,2
2021-02-09,Riverside,065,2383286,280835,273465,13204,286669,3334
2021-02-09,Sacramento,067,1510023,91257,89378,1172,90550,1265
2021-02-09,San Benito,069,59416,5610,5566,82,5648,54
2021-02-09,San Bernardino,071,2135413,282412,274998,8369,283367,2613
2021-02-09,San Diego,073,3302833,257135,248048,12343,260391,2853
2021-02-09,San Francisco,075,870044,33182,32782,991,33773,349
2021-02-09,San Joaquin,077,732212,64992,63341,2645,65986,937
2021-02-09,San Luis Obispo,079,281455,18958,18489,525,19014,216
2021-02-09,San Mateo,081,765935,38423,37227,383,37610,235
2021-02-09,Santa Barbara,083,443738,31455,30118,1057,31175,351
2021-02-09,Santa Clara,085,1922200,106884,105762,526,106288,1463
2021-02-09,Santa Cruz,087,273765,14978,13958,752,14710,162
2021-02-09,Shasta,089,179085,10681,10595,1153,11748,139
2021-02-09,Sierra,091,2930,49,44,12,56,0
2021-02-09,Siskiyou,093,43540,1403,1306,214,1520,4
2021-02-09,Solano,095,438530,29117,28769,337,29106,131
2021-02-09,Sonoma,097,501317,26994,26826,156,26982,267
2021-02-09,Stanislaus,099,539301,49014,47906,5120,53026,679
2021-02-09,Sutter,101,95872,8655,8541,78,8619,92
2021-02-09,Tehama,103,63373,4496,4416,481,4897,22
2021-02-09,Trinity,105,12862,453,266,71,337,3
2021-02-09,Tulare,107,460477,47067,45704,7486,53190,686
2021-02-09,Tuolumne,109,53932,3728,3673,33,3706,48
2021-02-09,Ventura,111,848112,75464,74333,2670,77003,567
2021-02-09,Yolo,113,214977,12492,12220,201,12421,174
2021-02-09,Yuba,115,75493,5337,5235,80,5315,35
2021-02-08,Alameda,001,1643700,78102,76735,1670,78405,924
2021-02-08,Alpine,003,1148,77,73,0,73,0
2021-02-08,Amador,005,37829,3385,3344,28,3372,33
2021-02-08,Butte,007,227075,11024,10524,1562,12086,152
2021-02-08,Calaveras,009,45235,1861,1840,12,1852,21
2021-02-08,Colusa,011,21464,1826,1802,237,2039,10
2021-02-08,Contra Costa,013,1133247,60695,59039,1025,60064,567
2021-02-08,Del Norte,015,27424,923,885,4,889,2
2021-02-08,El Dorado,017,186661,8837,8627,576,9203,86
2021-02-08,Fresno,019,978130,93711,91430,7344,98774,1207
2021-02-08,Glenn,021,27897,2188,2148,472,2620,14
2021-02-08,Humboldt,023,135768,2968,2902,19,2921,29
2021-02-08,Imperial,025,180216,26938,26526,2495,29021,567
2021-02-08,Inyo,027,18085,1173,1126,8,1134,30
2021-02-08,Kern,029,883053,90960,88380,9177,97557,920
2021-02-08,Kings,031,150075,21731,21232,929,22161,195
2021-02-08,Lake,033,64148,3028,2949,1,2950,36
2021-02-08,Lassen,035,31185,5029,4976,89,5065,1
2021-02-08,Los Angeles,037,10098052,1150184,1120179,38163,1158342,17977
2021-02-08,Madera,039,155013,15173,14887,758,15645,93
2021-02-08,Marin,041,260295,12751,12591,153,12744,194
2021-02-08,Mariposa,043,17540,367,355,4,359,4
2021-02-08,Mendocino,045,87422,3515,3355,64,3419,38
2021-02-08,Merced,047,269075,27332,27082,798,27880,346
2021-02-08,Modoc,049,8938,331,318,111,429,3
2021-02-08,Mono,051,14174,1157,1165,16,1181,3
2021-02-08,Monterey,053,433212,40897,40186,1562,41748,283
2021-02-08,Napa,055,140530,8795,8719,33,8752,55
2021-02-08,Nevada,057,99092,3806,3671,149,3820,44
2021-02-08,Orange,059,3164182,242252,238715,9876,248591,3361
2021-02-08,Placer,061,380077,19930,18944,1051,19995,211
2021-02-08,Plumas,063,18699,629,584,10,594,2
2021-02-08,Riverside,065,2383286,280266,272904,13178,286082,3301
2021-02-08,Sacramento,067,1510023,90970,89267,1169,90436,1247
2021-02-08,San Benito,069,59416,5605,5553,81,5634,52
2021-02-08,San Bernardino,071,2135413,282009,274661,8363,283024,2587
2021-02-08,San Diego,073,3302833,256393,247259,12302,259561,2821
2021-02-08,San Francisco,075,870044,33088,32679,983,33662,348
2021-02-08,San Joaquin,077,732212,64831,63148,2635,65783,929
2021-02-08,San Luis Obispo,079,281455,18901,18421,520,18941,214
2021-02-08,San Mateo,081,765935,38314,37084,383,37467,232
2021-02-08,Santa Barbara,083,443738,31341,29978,1050,31028,340
2021-02-08,Santa Clara,085,1922200,106559,105413,518,105931,1456
2021-02-08,Santa Cruz,087,273765,14939,13921,746,14667,161
2021-02-08,Shasta,089,179085,10655,10574,1147,11721,137
2021-02-08,Sierra,091,2930,49,44,12,56,0
2021-02-08,Siskiyou,093,43540,1400,1303,214,1517,4
2021-02-08,Solano,095,438530,29053,28644,335,28979,130
2021-02-08,Sonoma,097,501317,26903,26760,155,26915,259
2021-02-08,Stanislaus,099,539301,48861,47704,5092,52796,679
2021-02-08,Sutter,101,95872,8636,8526,78,8604,92
2021-02-08,Tehama,103,63373,4481,4403,479,4882,22
2021-02-08,Trinity,105,12862,451,266,71,337,3
2021-02-08,Tulare,107,460477,46960,45617,7446,53063,673
2021-02-08,Tuolumne,109,53932,3720,3647,33,3680,48
2021-02-08,Ventura,111,848112,75207,74068,2664,76732,565
2021-02-08,Yolo,113,214977,12460,12169,200,12369,162
2021-02-08,Yuba,115,75493,5321,5215,80,5295,35
2021-02-07,Alameda,001,1643700,77798,76500,1662,78162,924
2021-02-07,Alpine,003,1148,74,72,0,72,0
2021-02-07,Amador,005,37829,3364,3343,28,3371,33
2021-02-07,Butte,007,227075,10991,10513,1552,12065,152
2021-02-07,Calaveras,009,45235,1856,1837,12,1849,21
2021-02-07,Colusa,011,21464,1815,1795,235,2030,10
2021-02-07,Contra Costa,013,1133247,60458,58836,1020,59856,566
2021-02-07,Del Norte,015,27424,919,881,4,885,2
2021-02-07,El Dorado,017,186661,8808,8596,574,9170,86
2021-02-07,Fresno,019,978130,93481,91184,7306,98490,1207
2021-02-07,Glenn,021,27897,2185,2141,468,2609,14
2021-02-07,Humboldt,023,135768,2947,2895,19,2914,28
2021-02-07,Imperial,025,180216,26909,26518,2489,29007,567
2021-02-07,Inyo,027,18085,1162,1124,8,1132,27
2021-02-07,Kern,029,883053,90715,88146,9120,97266,920
2021-02-07,Kings,031,150075,21670,21180,926,22106,192
2021-02-07,Lake,033,64148,3012,2940,1,2941,36
2021-02-07,Lassen,035,31185,5018,4973,89,5062,1
2021-02-07,Los Angeles,037,10098052,1147428,1117551,38035,1155586,17889
2021-02-07,Madera,039,155013,15139,14850,754,15604,93
2021-02-07,Marin,041,260295,12717,12571,151,12722,194
2021-02-07,Mariposa,043,17540,366,355,4,359,4
2021-02-07,Mendocino,045,87422,3498,3348,64,3412,38
2021-02-07,Merced,047,269075,27221,26977,786,27763,346
2021-02-07,Modoc,049,8938,331,317,107,424,3
2021-02-07,Mono,051,14174,1154,1165,16,1181,3
2021-02-07,Monterey,053,433212,40761,40113,1541,41654,283
2021-02-07,Napa,055,140530,8772,8701,33,8734,55
2021-02-07,Nevada,057,99092,3795,3643,149,3792,44
2021-02-07,Orange,059,3164182,241654,238155,9844,247999,3336
2021-02-07,Placer,061,380077,19882,18903,1038,19941,211
2021-02-07,Plumas,063,18699,629,584,10,594,2
2021-02-07,Riverside,065,2383286,279738,272301,13157,285458,3267
2021-02-07,Sacramento,067,1510023,90638,88919,1162,90081,1246
2021-02-07,San Benito,069,59416,5586,5548,80,5628,52
2021-02-07,San Bernardino,071,2135413,281426,274316,8338,282654,2587
2021-02-07,San Diego,073,3302833,255607,246561,12238,258799,2821
2021-02-07,San Francisco,075,870044,32967,32609,971,33580,348
2021-02-07,San Joaquin,077,732212,64558,63051,2620,65671,929
2021-02-07,San Luis Obispo,079,281455,18828,18349,513,18862,214
2021-02-07,San Mateo,081,765935,38180,36984,381,37365,232
2021-02-07,Santa Barbara,083,443738,31202,29815,1039,30854,340
2021-02-07,Santa Clara,085,1922200,106219,105118,508,105626,1450
2021-02-07,Santa Cruz,087,273765,14885,13887,742,14629,161
2021-02-07,Shasta,089,179085,10635,10570,1139,11709,137
2021-02-07,Sierra,091,2930,49,43,12,55,0
2021-02-07,Siskiyou,093,43540,1393,1295,212,1507,4
2021-02-07,Solano,095,438530,28943,28567,334,28901,130
2021-02-07,Sonoma,097,501317,26796,26684,151,26835,257
2021-02-07,Stanislaus,099,539301,48671,47551,5060,52611,679
2021-02-07,Sutter,101,95872,8608,8515,78,8593,92
2021-02-07,Tehama,103,63373,4467,4396,477,4873,22
2021-02-07,Trinity,105,12862,448,264,69,333,3
2021-02-07,Tulare,107,460477,46838,45520,7368,52888,671
2021-02-07,Tuolumne,109,53932,3696,3619,32,3651,48
2021-02-07,Ventura,111,848112,74898,73759,2652,76411,561
2021-02-07,Yolo,113,214977,12416,12135,200,12335,162
2021-02-07,Yuba,115,75493,5306,5198,78,5276,35
2021-02-06,Alameda,001,1643700,77643,76170,1651,77821,922
2021-02-06,Alpine,003,1148,74,72,0,72,0
2021-02-06,Amador,005,37829,3358,3306,28,3334,33
2021-02-06,Butte,007,227075,10974,10480,1548,12028,150
2021-02-06,Calaveras,009,45235,1854,1832,12,1844,21
2021-02-06,Colusa,011,21464,1813,1791,234,2025,10
2021-02-06,Contra Costa,013,1133247,60312,58567,1014,59581,566
2021-02-06,Del Norte,015,27424,915,879,4,883,2
2021-02-06,El Dorado,017,186661,8801,8575,570,9145,86
2021-02-06,Fresno,019,978130,93368,90944,7286,98230,1207
2021-02-06,Glenn,021,27897,2184,2136,466,2602,14
2021-02-06,Humboldt,023,135768,2936,2880,19,2899,28
2021-02-06,Imperial,025,180216,26899,26514,2488,29002,567
2021-02-06,Inyo,027,18085,1159,1113,8,1121,27
2021-02-06,Kern,029,883053,90563,87919,9074,96993,912
2021-02-06,Kings,031,150075,21640,21156,926,22082,190
2021-02-06,Lake,033,64148,3007,2920,1,2921,34
2021-02-06,Lassen,035,31185,5014,4964,88,5052,1
2021-02-06,Los Angeles,037,10098052,1146074,1114718,37937,1152655,17793
2021-02-06,Madera,039,155013,15118,14807,752,15559,93
2021-02-06,Marin,041,260295,12697,12531,151,12682,194
2021-02-06,Mariposa,043,17540,365,355,3,358,4
2021-02-06,Mendocino,045,87422,3480,3316,63,3379,38
2021-02-06,Merced,047,269075,27135,26881,779,27660,346
2021-02-06,Modoc,049,8938,331,313,107,420,3
2021-02-06,Mono,051,14174,1153,1159,16,1175,3
2021-02-06,Monterey,053,433212,40705,39995,1533,41528,282
2021-02-06,Napa,055,140530,8759,8639,33,8672,55
2021-02-06,Nevada,057,99092,3783,3624,149,3773,43
2021-02-06,Orange,059,3164182,241290,237391,9810,247201,3293
2021-02-06,Placer,061,380077,19845,18836,1035,19871,211
2021-02-06,Plumas,063,18699,629,584,10,594,2
2021-02-06,Riverside,065,2383286,279372,271741,13138,284879,3243
2021-02-06,Sacramento,067,1510023,90421,88532,1152,89684,1237
2021-02-06,San Benito,069,59416,5568,5516,80,5596,52
2021-02-06,San Bernardino,071,2135413,281120,273718,8315,282033,2564
2021-02-06,San Diego,073,3302833,255111,245331,12203,257534,2812
2021-02-06,San Francisco,075,870044,32893,32437,961,33398,346
2021-02-06,San Joaquin,077,732212,64479,62840,2609,65449,906
2021-02-06,San Luis Obispo,079,281455,18786,18284,509,18793,214
2021-02-06,San Mateo,081,765935,38112,36824,378,37202,232
2021-02-06,Santa Barbara,083,443738,31126,29645,1037,30682,337
2021-02-06,Santa Clara,085,1922200,105998,104639,503,105142,1439
2021-02-06,Santa Cruz,087,273765,14854,13845,738,14583,161
2021-02-06,Shasta,089,179085,10624,10561,1137,11698,137
2021-02-06,Sierra,091,2930,49,43,12,55,0
2021-02-06,Siskiyou,093,43540,1390,1289,211,1500,4
2021-02-06,Solano,095,438530,28907,28446,333,28779,129
2021-02-06,Sonoma,097,501317,26760,26564,149,26713,257
2021-02-06,Stanislaus,099,539301,48573,47325,5044,52369,679
2021-02-06,Sutter,101,95872,8600,8485,78,8563,92
2021-02-06,Tehama,103,63373,4460,4380,475,4855,22
2021-02-06,Trinity,105,12862,448,263,69,332,3
2021-02-06,Tulare,107,460477,46770,45349,7321,52670,664
2021-02-06,Tuolumne,109,53932,3689,3612,32,3644,48
2021-02-06,Ventura,111,848112,74718,73431,2646,76077,552
2021-02-06,Yolo,113,214977,12393,12061,200,12261,161
2021-02-06,Yuba,115,75493,5296,5177,77,5254,35
2021-02-05,Alameda,001,1643700,77417,75716,1649,77365,916
2021-02-05,Alpine,003,1148,74,72,0,72,0
2021-02-05,Amador,005,37829,3353,3299,27,3326,33
2021-02-05,Butte,007,227075,10956,10421,1542,11963,150
2021-02-05,Calaveras,009,45235,1850,1818,12,1830,21
2021-02-05,Colusa,011,21464,1809,1785,234,2019,10
2021-02-05,Contra Costa,013,1133247,60151,58195,1012,59207,560
2021-02-05,Del Norte,015,27424,914,874,4,878,2
2021-02-05,El Dorado,017,186661,8781,8527,568,9095,86
2021-02-05,Fresno,019,978130,93166,90513,7265,97778,1194
2021-02-05,Glenn,021,27897,2178,2122,461,2583,14
2021-02-05,Humboldt,023,135768,2926,2857,19,2876,28
2021-02-05,Imperial,025,180216,26880,26474,2487,28961,557
2021-02-05,Inyo,027,18085,1155,1104,8,1112,27
2021-02-05,Kern,029,883053,90394,87470,9007,96477,906
2021-02-05,Kings,031,150075,21602,21021,923,21944,190
2021-02-05,Lake,033,64148,2995,2906,1,2907,33
2021-02-05,Lassen,035,31185,5010,4936,88,5024,1
2021-02-05,Los Angeles,037,10098052,1143978,1110384,37801,1148185,17608
2021-02-05,Madera,039,155013,15084,14752,747,15499,95
2021-02-05,Marin,041,260295,12662,12479,151,12630,193
2021-02-05,Mariposa,043,17540,365,352,3,355,4
2021-02-05,Mendocino,045,87422,3466,3272,63,3335,38
2021-02-05,Merced,047,269075,27075,26760,778,27538,345
2021-02-05,Modoc,049,8938,331,312,107,419,3
2021-02-05,Mono,051,14174,1152,1157,16,1173,3
2021-02-05,Monterey,053,433212,40641,39840,1522,41362,281
2021-02-05,Napa,055,140530,8745,8598,33,8631,55
2021-02-05,Nevada,057,99092,3780,3607,149,3756,43
2021-02-05,Orange,059,3164182,240863,236335,9783,246118,3260
2021-02-05,Placer,061,380077,19810,18756,1033,19789,211
2021-02-05,Plumas,063,18699,627,578,10,588,2
2021-02-05,Riverside,065,2383286,278961,270666,13119,283785,3235
2021-02-05,Sacramento,067,1510023,90241,87992,1145,89137,1231
2021-02-05,San Benito,069,59416,5557,5502,80,5582,51
2021-02-05,San Bernardino,071,2135413,280781,272938,8297,281235,2495
2021-02-05,San Diego,073,3302833,254535,244066,12168,256234,2777
2021-02-05,San Francisco,075,870044,32803,32229,950,33179,337
2021-02-05,San Joaquin,077,732212,64329,62565,2601,65166,902
2021-02-05,San Luis Obispo,079,281455,18725,18152,505,18657,213
2021-02-05,San Mateo,081,765935,38028,36582,377,36959,227
2021-02-05,Santa Barbara,083,443738,31032,29455,1024,30479,334
2021-02-05,Santa Clara,085,1922200,105750,104112,501,104613,1421
2021-02-05,Santa Cruz,087,273765,14833,13776,736,14512,161
2021-02-05,Shasta,089,179085,10608,10507,1130,11637,136
2021-02-05,Sierra,091,2930,49,42,12,54,0
2021-02-05,Siskiyou,093,43540,1383,1276,209,1485,4
2021-02-05,Solano,095,438530,28857,28283,333,28616,127
2021-02-05,Sonoma,097,501317,26691,26423,146,26569,252
2021-02-05,Stanislaus,099,539301,48431,47024,5026,52050,678
2021-02-05,Sutter,101,95872,8580,8443,78,8521,92
2021-02-05,Tehama,103,63373,4452,4355,475,4830,22
2021-02-05,Trinity,105,12862,447,260,69,329,3
2021-02-05,Tulare,107,460477,46694,45138,7271,52409,663
2021-02-05,Tuolumne,109,53932,3663,3595,32,3627,45
2021-02-05,Ventura,111,848112,74473,72953,2634,75587,546
2021-02-05,Yolo,113,214977,12374,12025,195,12220,162
2021-02-05,Yuba,115,75493,5279,5145,77,5222,35
2021-02-04,Alameda,001,1643700,77133,75422,1643,77065,899
2021-02-04,Alpine,003,1148,73,72,0,72,0
2021-02-04,Amador,005,37829,3350,3288,27,3315,33
2021-02-04,Butte,007,227075,10923,10386,1534,11920,147
2021-02-04,Calaveras,009,45235,1848,1808,12,1820,21
2021-02-04,Colusa,011,21464,1805,1777,232,2009,10
2021-02-04,Contra Costa,013,1133247,59962,57991,1008,58999,550
2021-02-04,Del Norte,015,27424,908,870,4,874,2
2021-02-04,El Dorado,017,186661,8755,8490,565,9055,86
2021-02-04,Fresno,019,978130,92951,90126,7238,97364,1114
2021-02-04,Glenn,021,27897,2174,2102,461,2563,14
2021-02-04,Humboldt,023,135768,2916,2827,19,2846,28
2021-02-04,Imperial,025,180216,26833,26411,2484,28895,556
2021-02-04,Inyo,027,18085,1143,1084,8,1092,27
2021-02-04,Kern,029,883053,90120,87156,8929,96085,898
2021-02-04,Kings,031,150075,21551,20918,916,21834,187
2021-02-04,Lake,033,64148,2983,2882,1,2883,34
2021-02-04,Lassen,035,31185,5007,4927,88,5015,1
2021-02-04,Los Angeles,037,10098052,1141185,1106323,37673,1143996,17396
2021-02-04,Madera,039,155013,15054,14706,744,15450,95
2021-02-04,Marin,041,260295,12626,12431,151,12582,192
2021-02-04,Mariposa,043,17540,365,348,3,351,4
2021-02-04,Mendocino,045,87422,3448,3240,61,3301,38
2021-02-04,Merced,047,269075,26982,26629,775,27404,345
2021-02-04,Modoc,049,8938,331,309,107,416,3
2021-02-04,Mono,051,14174,1150,1153,16,1169,3
2021-02-04,Monterey,053,433212,40532,39619,1505,41124,279
2021-02-04,Napa,055,140530,8716,8573,33,8606,55
2021-02-04,Nevada,057,99092,3760,3590,148,3738,37
2021-02-04,Orange,059,3164182,240221,235677,9741,245418,3238
2021-02-04,Placer,061,380077,19750,18711,1024,19735,210
2021-02-04,Plumas,063,18699,624,562,10,572,2
2021-02-04,Riverside,065,2383286,278200,269851,13080,282931,3230
2021-02-04,Sacramento,067,1510023,89940,87658,1135,88793,1222
2021-02-04,San Benito,069,59416,5543,5488,79,5567,51
2021-02-04,San Bernardino,071,2135413,280232,272223,8277,280500,2409
2021-02-04,San Diego,073,3302833,253747,242613,12102,254715,2738
2021-02-04,San Francisco,075,870044,32689,32116,941,33057,326
2021-02-04,San Joaquin,077,732212,64104,62374,2593,64967,883
2021-02-04,San Luis Obispo,079,281455,18658,18058,503,18561,211
2021-02-04,San Mateo,081,765935,37908,36437,374,36811,226
2021-02-04,Santa Barbara,083,443738,30899,29344,1007,30351,322
2021-02-04,Santa Clara,085,1922200,105401,103781,498,104279,1404
2021-02-04,Santa Cruz,087,273765,14800,13713,728,14441,156
2021-02-04,Shasta,089,179085,10582,10466,1125,11591,131
2021-02-04,Sierra,091,2930,49,42,12,54,0
2021-02-04,Siskiyou,093,43540,1374,1273,209,1482,4
2021-02-04,Solano,095,438530,28754,28192,332,28524,120
2021-02-04,Sonoma,097,501317,26609,26276,142,26418,249
2021-02-04,Stanislaus,099,539301,48268,46822,5007,51829,678
2021-02-04,Sutter,101,95872,8560,8401,78,8479,92
2021-02-04,Tehama,103,63373,4436,4327,475,4802,21
2021-02-04,Trinity,105,12862,446,260,68,328,3
2021-02-04,Tulare,107,460477,46567,44983,7208,52191,656
2021-02-04,Tuolumne,109,53932,3623,3585,32,3617,45
2021-02-04,Ventura,111,848112,74141,72595,2621,75216,537
2021-02-04,Yolo,113,214977,12340,11982,194,12176,161
2021-02-04,Yuba,115,75493,5253,5135,77,5212,34
2021-02-03,Alameda,001,1643700,76803,74968,1639,76607,880
2021-02-03,Alpine,003,1148,73,72,0,72,0
2021-02-03,Amador,005,37829,3346,3281,27,3308,33
2021-02-03,Butte,007,227075,10886,10355,1527,11882,144
2021-02-03,Calaveras,009,45235,1834,1799,11,1810,21
2021-02-03,Colusa,011,21464,1800,1773,231,2004,10
2021-02-03,Contra Costa,013,1133247,59723,57762,996,58758,537
2021-02-03,Del Norte,015,27424,903,869,4,873,2
2021-02-03,El Dorado,017,186661,8735,8428,564,8992,86
2021-02-03,Fresno,019,978130,92730,89748,7198,96946,1015
2021-02-03,Glenn,021,27897,2165,2098,459,2557,14
2021-02-03,Humboldt,023,135768,2906,2800,19,2819,27
2021-02-03,Imperial,025,180216,26799,26363,2478,28841,547
2021-02-03,Inyo,027,18085,1133,1071,8,1079,27
2021-02-03,Kern,029,883053,89878,86771,8888,95659,877
2021-02-03,Kings,031,150075,21490,20831,914,21745,172
2021-02-03,Lake,033,64148,2966,2869,1,2870,33
2021-02-03,Lassen,035,31185,4996,4910,88,4998,1
2021-02-03,Los Angeles,037,10098052,1138108,1101890,37547,1139437,17163
2021-02-03,Madera,039,155013,15015,14605,742,15347,94
2021-02-03,Marin,041,260295,12592,12406,151,12557,190
2021-02-03,Mariposa,043,17540,364,347,3,350,4
2021-02-03,Mendocino,045,87422,3422,3236,60,3296,38
2021-02-03,Merced,047,269075,26866,26520,770,27290,343
2021-02-03,Modoc,049,8938,330,308,107,415,3
2021-02-03,Mono,051,14174,1143,1146,16,1162,3
2021-02-03,Monterey,053,433212,40404,39500,1487,40987,279
2021-02-03,Napa,055,140530,8681,8534,33,8567,54
2021-02-03,Nevada,057,99092,3746,3572,148,3720,35
2021-02-03,Orange,059,3164182,239479,234738,9709,244447,3189
2021-02-03,Placer,061,380077,19694,18646,1022,19668,210
2021-02-03,Plumas,063,18699,624,559,10,569,2
2021-02-03,Riverside,065,2383286,277463,269019,13050,282069,3195
2021-02-03,Sacramento,067,1510023,89617,87415,1131,88546,1212
2021-02-03,San Benito,069,59416,5525,5463,76,5539,51
2021-02-03,San Bernardino,071,2135413,279750,271477,8254,279731,2308
2021-02-03,San Diego,073,3302833,252846,241015,12055,253070,2683
2021-02-03,San Francisco,075,870044,32559,31983,936,32919,325
2021-02-03,San Joaquin,077,732212,63876,61976,2583,64559,880
2021-02-03,San Luis Obispo,079,281455,18580,17922,500,18422,206
2021-02-03,San Mateo,081,765935,37770,36227,370,36597,225
2021-02-03,Santa Barbara,083,443738,30752,29121,997,30118,315
2021-02-03,Santa Clara,085,1922200,105083,103278,496,103774,1364
2021-02-03,Santa Cruz,087,273765,14745,13611,722,14333,154
2021-02-03,Shasta,089,179085,10539,10422,1120,11542,130
2021-02-03,Sierra,091,2930,49,42,12,54,0
2021-02-03,Siskiyou,093,43540,1363,1268,208,1476,4
2021-02-03,Solano,095,438530,28632,28057,332,28389,119
2021-02-03,Sonoma,097,501317,26525,26155,141,26296,248
2021-02-03,Stanislaus,099,539301,48092,46598,4988,51586,662
2021-02-03,Sutter,101,95872,8535,8379,78,8457,90
2021-02-03,Tehama,103,63373,4414,4309,472,4781,21
2021-02-03,Trinity,105,12862,446,260,67,327,3
2021-02-03,Tulare,107,460477,46396,44838,7151,51989,640
2021-02-03,Tuolumne,109,53932,3612,3568,32,3600,45
2021-02-03,Ventura,111,848112,73805,72124,2610,74734,526
2021-02-03,Yolo,113,214977,12316,11933,193,12126,161
2021-02-03,Yuba,115,75493,5235,5124,77,5201,34
2021-02-02,Alameda,001,1643700,76458,74642,1627,76269,869
2021-02-02,Alpine,003,1148,73,72,0,72,0
2021-02-02,Amador,005,37829,3315,3275,27,3302,33
2021-02-02,Butte,007,227075,10859,10307,1519,11826,141
2021-02-02,Calaveras,009,45235,1825,1786,11,1797,21
2021-02-02,Colusa,011,21464,1792,1769,226,1995,9
2021-02-02,Contra Costa,013,1133247,59443,57551,992,58543,536
2021-02-02,Del Norte,015,27424,897,868,4,872,2
2021-02-02,El Dorado,017,186661,8695,8405,564,8969,84
2021-02-02,Fresno,019,978130,92428,89542,7162,96704,1009
2021-02-02,Glenn,021,27897,2153,2090,456,2546,14
2021-02-02,Humboldt,023,135768,2894,2784,19,2803,25
2021-02-02,Imperial,025,180216,26747,26317,2472,28789,535
2021-02-02,Inyo,027,18085,1130,1074,8,1082,27
2021-02-02,Kern,029,883053,89576,86485,8812,95297,867
2021-02-02,Kings,031,150075,21412,20785,906,21691,172
2021-02-02,Lake,033,64148,2946,2857,1,2858,33
2021-02-02,Lassen,035,31185,4989,4908,88,4996,1
2021-02-02,Los Angeles,037,10098052,1134728,1097573,37381,1134954,16913
2021-02-02,Madera,039,155013,14964,14595,737,15332,94
2021-02-02,Marin,041,260295,12563,12367,151,12518,189
2021-02-02,Mariposa,043,17540,361,345,3,348,4
2021-02-02,Mendocino,045,87422,3389,3210,60,3270,38
2021-02-02,Merced,047,269075,26769,26427,763,27190,340
2021-02-02,Modoc,049,8938,325,306,107,413,3
2021-02-02,Mono,051,14174,1141,1147,16,1163,3
2021-02-02,Monterey,053,433212,40269,39371,1473,40844,278
2021-02-02,Napa,055,140530,8652,8505,33,8538,53
2021-02-02,Nevada,057,99092,3731,3548,148,3696,20
2021-02-02,Orange,059,3164182,238678,233783,9674,243457,3152
2021-02-02,Placer,061,380077,19635,18615,1018,19633,205
2021-02-02,Plumas,063,18699,624,560,10,570,2
2021-02-02,Riverside,065,2383286,276602,267901,13016,280917,3169
2021-02-02,Sacramento,067,1510023,89328,87107,1120,88227,1202
2021-02-02,San Benito,069,59416,5511,5444,75,5519,50
2021-02-02,San Bernardino,071,2135413,279074,270486,8224,278710,2244
2021-02-02,San Diego,073,3302833,251807,240047,11968,252015,2629
2021-02-02,San Francisco,075,870044,32405,31788,926,32714,324
2021-02-02,San Joaquin,077,732212,63656,61708,2569,64277,878
2021-02-02,San Luis Obispo,079,281455,18486,17811,498,18309,201
2021-02-02,San Mateo,081,765935,37606,36004,364,36368,225
2021-02-02,Santa Barbara,083,443738,30583,28951,990,29941,304
2021-02-02,Santa Clara,085,1922200,104619,102872,491,103363,1349
2021-02-02,Santa Cruz,087,273765,14686,13572,718,14290,150
2021-02-02,Shasta,089,179085,10513,10371,1110,11481,128
2021-02-02,Sierra,091,2930,49,42,12,54,0
2021-02-02,Siskiyou,093,43540,1356,1252,205,1457,4
2021-02-02,Solano,095,438530,28536,27963,328,28291,118
2021-02-02,Sonoma,097,501317,26407,26054,141,26195,247
2021-02-02,Stanislaus,099,539301,47872,46306,4956,51262,641
2021-02-02,Sutter,101,95872,8512,8340,78,8418,89
2021-02-02,Tehama,103,63373,4401,4289,471,4760,21
2021-02-02,Trinity,105,12862,446,260,67,327,3
2021-02-02,Tulare,107,460477,46240,44720,7085,51805,625
2021-02-02,Tuolumne,109,53932,3600,3548,32,3580,39
2021-02-02,Ventura,111,848112,73387,71557,2600,74157,514
2021-02-02,Yolo,113,214977,12271,11886,186,12072,158
2021-02-02,Yuba,115,75493,5217,5111,77,5188,34
2021-02-01,Alameda,001,1643700,76102,74374,1622,75996,858
2021-02-01,Alpine,003,1148,73,72,0,72,0
2021-02-01,Amador,005,37829,3304,3234,27,3261,32
2021-02-01,Butte,007,227075,10817,10263,1515,11778,141
2021-02-01,Calaveras,009,45235,1817,1785,11,1796,21
2021-02-01,Colusa,011,21464,1787,1763,217,1980,9
2021-02-01,Contra Costa,013,1133247,59198,57324,991,58315,531
2021-02-01,Del Norte,015,27424,894,865,4,869,2
2021-02-01,El Dorado,017,186661,8656,8337,564,8901,83
2021-02-01,Fresno,019,978130,92096,89272,7127,96399,994
2021-02-01,Glenn,021,27897,2138,2086,448,2534,14
2021-02-01,Humboldt,023,135768,2872,2773,18,2791,25
2021-02-01,Imperial,025,180216,26704,26224,2470,28694,530
2021-02-01,Inyo,027,18085,1120,1072,8,1080,27
2021-02-01,Kern,029,883053,89179,86170,8743,94913,862
2021-02-01,Kings,031,150075,21321,20746,898,21644,172
2021-02-01,Lake,033,64148,2930,2843,1,2844,33
2021-02-01,Lassen,035,31185,4969,4907,88,4995,1
2021-02-01,Los Angeles,037,10098052,1130911,1094341,37210,1131551,16695
2021-02-01,Madera,039,155013,14929,14572,734,15306,94
2021-02-01,Marin,041,260295,12523,12341,150,12491,188
2021-02-01,Mariposa,043,17540,359,344,3,347,4
2021-02-01,Mendocino,045,87422,3356,3192,60,3252,37
2021-02-01,Merced,047,269075,26643,26282,754,27036,337
2021-02-01,Modoc,049,8938,319,303,103,406,1
2021-02-01,Mono,051,14174,1138,1145,16,1161,3
2021-02-01,Monterey,053,433212,40088,39196,1451,40647,278
2021-02-01,Napa,055,140530,8620,8449,33,8482,52
2021-02-01,Nevada,057,99092,3714,3535,147,3682,20
2021-02-01,Orange,059,3164182,237767,233155,9628,242783,3100
2021-02-01,Placer,061,380077,19566,18574,1011,19585,204
2021-02-01,Plumas,063,18699,622,554,10,564,2
2021-02-01,Riverside,065,2383286,275663,267025,12979,280004,3092
2021-02-01,Sacramento,067,1510023,88927,86856,1109,87965,1193
2021-02-01,San Benito,069,59416,5493,5432,75,5507,48
2021-02-01,San Bernardino,071,2135413,278379,270012,8184,278196,2172
2021-02-01,San Diego,073,3302833,250583,239121,11892,251013,2619
2021-02-01,San Francisco,075,870044,32271,31703,914,32617,324
2021-02-01,San Joaquin,077,732212,63451,61542,2558,64100,877
2021-02-01,San Luis Obispo,079,281455,18366,17690,491,18181,199
2021-02-01,San Mateo,081,765935,37457,35843,364,36207,220
2021-02-01,Santa Barbara,083,443738,30413,28837,982,29819,297
2021-02-01,Santa Clara,085,1922200,104204,102462,490,102952,1343
2021-02-01,Santa Cruz,087,273765,14633,13524,716,14240,149
2021-02-01,Shasta,089,179085,10488,10329,1104,11433,112
2021-02-01,Sierra,091,2930,49,42,12,54,0
2021-02-01,Siskiyou,093,43540,1349,1238,202,1440,4
2021-02-01,Solano,095,438530,28431,27844,327,28171,117
2021-02-01,Sonoma,097,501317,26319,26011,140,26151,243
2021-02-01,Stanislaus,099,539301,47613,46112,4928,51040,642
2021-02-01,Sutter,101,95872,8472,8313,78,8391,89
2021-02-01,Tehama,103,63373,4377,4263,471,4734,21
2021-02-01,Trinity,105,12862,444,260,67,327,3
2021-02-01,Tulare,107,460477,46096,44569,7004,51573,618
2021-02-01,Tuolumne,109,53932,3592,3534,32,3566,39
2021-02-01,Ventura,111,848112,72981,71104,2584,73688,502
2021-02-01,Yolo,113,214977,12226,11824,178,12002,151
2021-02-01,Yuba,115,75493,5203,5084,76,5160,33
2021-01-31,Alameda,001,1643700,75679,73979,1614,75593,857
2021-01-31,Alpine,003,1148,73,72,0,72,0
2021-01-31,Amador,005,37829,3294,3212,25,3237,32
2021-01-31,Butte,007,227075,10775,10215,1504,11719,140
2021-01-31,Calaveras,009,45235,1797,1778,11,1789,21
2021-01-31,Colusa,011,21464,1780,1754,212,1966,9
2021-01-31,Contra Costa,013,1133247,58866,57079,991,58070,531
2021-01-31,Del Norte,015,27424,892,865,4,869,2
2021-01-31,El Dorado,017,186661,8620,8317,562,8879,83
2021-01-31,Fresno,019,978130,91784,88852,7074,95926,994
2021-01-31,Glenn,021,27897,2127,2083,447,2530,14
2021-01-31,Humboldt,023,135768,2856,2767,18,2785,25
2021-01-31,Imperial,025,180216,26632,26206,2461,28667,530
2021-01-31,Inyo,027,18085,1107,1072,8,1080,27
2021-01-31,Kern,029,883053,88683,85872,8657,94529,861
2021-01-31,Kings,031,150075,21236,20709,886,21595,172
2021-01-31,Lake,033,64148,2909,2826,1,2827,33
2021-01-31,Lassen,035,31185,4953,4900,88,4988,1
2021-01-31,Los Angeles,037,10098052,1126295,1090304,37006,1127310,16609
2021-01-31,Madera,039,155013,14875,14496,726,15222,94
2021-01-31,Marin,041,260295,12476,12297,146,12443,185
2021-01-31,Mariposa,043,17540,357,344,3,347,4
2021-01-31,Mendocino,045,87422,3333,3181,59,3240,37
2021-01-31,Merced,047,269075,26499,26222,749,26971,337
2021-01-31,Modoc,049,8938,316,304,101,405,1
2021-01-31,Mono,051,14174,1135,1146,16,1162,3
2021-01-31,Monterey,053,433212,39908,39035,1424,40459,278
2021-01-31,Napa,055,140530,8578,8404,33,8437,52
2021-01-31,Nevada,057,99092,3692,3518,145,3663,20
2021-01-31,Orange,059,3164182,236749,232347,9587,241934,3053
2021-01-31,Placer,061,380077,19494,18506,1000,19506,204
2021-01-31,Plumas,063,18699,621,554,10,564,2
2021-01-31,Riverside,065,2383286,274650,266145,12932,279077,3074
2021-01-31,Sacramento,067,1510023,88485,86560,1095,87655,1186
2021-01-31,San Benito,069,59416,5471,5425,73,5498,48
2021-01-31,San Bernardino,071,2135413,277348,269533,8153,277686,2156
2021-01-31,San Diego,073,3302833,249270,238039,11778,249817,2619
2021-01-31,San Francisco,075,870044,32080,31563,903,32466,323
2021-01-31,San Joaquin,077,732212,63047,61379,2548,63927,877
2021-01-31,San Luis Obispo,079,281455,18232,17615,486,18101,199
2021-01-31,San Mateo,081,765935,37267,35659,361,36020,219
2021-01-31,Santa Barbara,083,443738,30172,28570,973,29543,297
2021-01-31,Santa Clara,085,1922200,103656,101986,481,102467,1330
2021-01-31,Santa Cruz,087,273765,14538,13469,702,14171,149
2021-01-31,Shasta,089,179085,10443,10313,1095,11408,112
2021-01-31,Sierra,091,2930,48,43,12,55,0
2021-01-31,Siskiyou,093,43540,1339,1238,202,1440,4
2021-01-31,Solano,095,438530,28301,27678,327,28005,118
2021-01-31,Sonoma,097,501317,26217,25925,139,26064,243
2021-01-31,Stanislaus,099,539301,47327,45971,4890,50861,642
2021-01-31,Sutter,101,95872,8427,8289,78,8367,89
2021-01-31,Tehama,103,63373,4357,4256,470,4726,21
2021-01-31,Trinity,105,12862,442,260,67,327,3
2021-01-31,Tulare,107,460477,45929,44440,6923,51363,618
2021-01-31,Tuolumne,109,53932,3553,3519,32,3551,39
2021-01-31,Ventura,111,848112,72386,70635,2571,73206,502
2021-01-31,Yolo,113,214977,12165,11771,172,11943,151
2021-01-31,Yuba,115,75493,5183,5071,75,5146,33
2021-01-30,Alameda,001,1643700,75474,73622,1609,75231,850
2021-01-30,Alpine,003,1148,73,72,0,72,0
2021-01-30,Amador,005,37829,3290,3181,25,3206,32
2021-01-30,Butte,007,227075,10740,10177,1495,11672,139
2021-01-30,Calaveras,009,45235,1783,1763,11,1774,21
2021-01-30,Colusa,011,21464,1778,1748,212,1960,9
2021-01-30,Contra Costa,013,1133247,58682,56763,987,57750,531
2021-01-30,Del Norte,015,27424,891,865,4,869,2
2021-01-30,El Dorado,017,186661,8600,8299,561,8860,83
2021-01-30,Fresno,019,978130,91604,88476,7054,95530,964
2021-01-30,Glenn,021,27897,2124,2074,445,2519,14
2021-01-30,Humboldt,023,135768,2845,2742,18,2760,24
2021-01-30,Imperial,025,180216,26610,26160,2457,28617,530
2021-01-30,Inyo,027,18085,1103,1068,8,1076,27
2021-01-30,Kern,029,883053,88482,85572,8591,94163,848
2021-01-30,Kings,031,150075,21165,20605,881,21486,169
2021-01-30,Lake,033,64148,2903,2809,1,2810,33
2021-01-30,Lassen,035,31185,4949,4890,88,4978,1
2021-01-30,Los Angeles,037,10098052,1123913,1084763,36863,1121626,16484
2021-01-30,Madera,039,155013,14833,14443,721,15164,94
2021-01-30,Marin,041,260295,12448,12225,145,12370,185
2021-01-30,Mariposa,043,17540,355,344,3,347,4
2021-01-30,Mendocino,045,87422,3319,3153,58,3211,36
2021-01-30,Merced,047,269075,26424,26078,748,26826,335
2021-01-30,Modoc,049,8938,316,303,101,404,1
2021-01-30,Mono,051,14174,1135,1143,16,1159,3
2021-01-30,Monterey,053,433212,39848,38847,1421,40268,277
2021-01-30,Napa,055,140530,8562,8342,33,8375,52
2021-01-30,Nevada,057,99092,3673,3499,145,3644,20
2021-01-30,Orange,059,3164182,236204,231358,9550,240908,3013
2021-01-30,Placer,061,380077,19443,18430,994,19424,205
2021-01-30,Plumas,063,18699,619,554,10,564,2
2021-01-30,Riverside,065,2383286,274051,265137,12901,278038,3061
2021-01-30,Sacramento,067,1510023,88292,86388,1090,87478,1184
2021-01-30,San Benito,069,59416,5453,5401,72,5473,48
2021-01-30,San Bernardino,071,2135413,276931,268660,8134,276794,2122
2021-01-30,San Diego,073,3302833,248506,236765,11733,248498,2603
2021-01-30,San Francisco,075,870044,31979,31427,900,32327,316
2021-01-30,San Joaquin,077,732212,62915,61120,2539,63659,864
2021-01-30,San Luis Obispo,079,281455,18152,17522,484,18006,198
2021-01-30,San Mateo,081,765935,37128,35451,360,35811,219
2021-01-30,Santa Barbara,083,443738,30030,28342,971,29313,296
2021-01-30,Santa Clara,085,1922200,103310,101471,478,101949,1307
2021-01-30,Santa Cruz,087,273765,14498,13383,701,14084,149
2021-01-30,Shasta,089,179085,10424,10283,1092,11375,112
2021-01-30,Sierra,091,2930,48,43,12,55,0
2021-01-30,Siskiyou,093,43540,1336,1236,201,1437,4
2021-01-30,Solano,095,438530,28218,27511,325,27836,118
2021-01-30,Sonoma,097,501317,26168,25810,136,25946,243
2021-01-30,Stanislaus,099,539301,47198,45697,4867,50564,642
2021-01-30,Sutter,101,95872,8411,8226,78,8304,87
2021-01-30,Tehama,103,63373,4343,4229,469,4698,21
2021-01-30,Trinity,105,12862,442,259,67,326,3
2021-01-30,Tulare,107,460477,45794,44203,6886,51089,615
2021-01-30,Tuolumne,109,53932,3549,3508,32,3540,36
2021-01-30,Ventura,111,848112,72073,69931,2557,72488,493
2021-01-30,Yolo,113,214977,12151,11698,171,11869,151
2021-01-30,Yuba,115,75493,5173,5042,74,5116,33
2021-01-29,Alameda,001,1643700,75206,73210,1602,74812,841
2021-01-29,Alpine,003,1148,73,72,0,72,0
2021-01-29,Amador,005,37829,3278,3134,24,3158,32
2021-01-29,Butte,007,227075,10709,10122,1485,11607,138
2021-01-29,Calaveras,009,45235,1773,1757,11,1768,21
2021-01-29,Colusa,011,21464,1774,1734,211,1945,8
2021-01-29,Contra Costa,013,1133247,58510,56318,985,57303,529
2021-01-29,Del Norte,015,27424,890,865,4,869,2
2021-01-29,El Dorado,017,186661,8583,8231,560,8791,83
2021-01-29,Fresno,019,978130,91388,87936,7016,94952,962
2021-01-29,Glenn,021,27897,2119,2061,444,2505,14
2021-01-29,Humboldt,023,135768,2832,2707,18,2725,24
2021-01-29,Imperial,025,180216,26595,26045,2454,28499,521
2021-01-29,Inyo,027,18085,1091,1048,8,1056,27
2021-01-29,Kern,029,883053,88255,85044,8539,93583,836
2021-01-29,Kings,031,150075,21126,20466,876,21342,169
2021-01-29,Lake,033,64148,2894,2792,1,2793,32
2021-01-29,Lassen,035,31185,4946,4874,88,4962,1
2021-01-29,Los Angeles,037,10098052,1120438,1078329,36709,1115038,16190
2021-01-29,Madera,039,155013,14782,14377,721,15098,94
2021-01-29,Marin,041,260295,12405,12145,144,12289,185
2021-01-29,Mariposa,043,17540,354,342,3,345,4
2021-01-29,Mendocino,045,87422,3310,3131,57,3188,36
2021-01-29,Merced,047,269075,26349,25865,744,26609,334
2021-01-29,Modoc,049,8938,315,297,101,398,1
2021-01-29,Mono,051,14174,1133,1139,16,1155,3
2021-01-29,Monterey,053,433212,39728,38539,1413,39952,277
2021-01-29,Napa,055,140530,8530,8276,33,8309,52
2021-01-29,Nevada,057,99092,3664,3487,144,3631,20
2021-01-29,Orange,059,3164182,235526,229917,9512,239429,2967
2021-01-29,Placer,061,380077,19390,18367,990,19357,203
2021-01-29,Plumas,063,18699,618,548,10,558,2
2021-01-29,Riverside,065,2383286,273247,263504,12868,276372,3008
2021-01-29,Sacramento,067,1510023,88037,86320,1086,87406,1169
2021-01-29,San Benito,069,59416,5445,5386,72,5458,48
2021-01-29,San Bernardino,071,2135413,276415,267490,8093,275583,2095
2021-01-29,San Diego,073,3302833,247564,234637,11655,246292,2571
2021-01-29,San Francisco,075,870044,31838,31294,891,32185,307
2021-01-29,San Joaquin,077,732212,62770,60899,2524,63423,858
2021-01-29,San Luis Obispo,079,281455,18092,17440,479,17919,193
2021-01-29,San Mateo,081,765935,36994,35223,357,35580,218
2021-01-29,Santa Barbara,083,443738,29900,28105,965,29070,291
2021-01-29,Santa Clara,085,1922200,102947,101010,476,101486,1273
2021-01-29,Santa Cruz,087,273765,14445,13311,698,14009,148
2021-01-29,Shasta,089,179085,10407,10220,1088,11308,112
2021-01-29,Sierra,091,2930,48,43,12,55,0
2021-01-29,Siskiyou,093,43540,1335,1227,201,1428,4
2021-01-29,Solano,095,438530,28133,27352,322,27674,116
2021-01-29,Sonoma,097,501317,26107,25710,135,25845,243
2021-01-29,Stanislaus,099,539301,47050,45466,4848,50314,642
2021-01-29,Sutter,101,95872,8392,8181,78,8259,87
2021-01-29,Tehama,103,63373,4330,4191,467,4658,20
2021-01-29,Trinity,105,12862,442,260,67,327,3
2021-01-29,Tulare,107,460477,45687,43925,6847,50772,606
2021-01-29,Tuolumne,109,53932,3539,3483,32,3515,36
2021-01-29,Ventura,111,848112,71649,69511,2543,72054,484
2021-01-29,Yolo,113,214977,12113,11612,170,11782,151
2021-01-29,Yuba,115,75493,5157,5018,74,5092,32
2021-01-28,Alameda,001,1643700,74779,72758,1594,74352,833
2021-01-28,Alpine,003,1148,73,72,0,72,0
2021-01-28,Amador,005,37829,3241,3124,24,3148,31
2021-01-28,Butte,007,227075,10669,10037,1474,11511,138
2021-01-28,Calaveras,009,45235,1759,1747,10,1757,21
2021-01-28,Colusa,011,21464,1767,1731,207,1938,8
2021-01-28,Contra Costa,013,1133247,58267,55999,975,56974,525
2021-01-28,Del Norte,015,27424,889,862,4,866,2
2021-01-28,El Dorado,017,186661,8570,8198,555,8753,79
2021-01-28,Fresno,019,978130,91101,87401,6967,94368,949
2021-01-28,Glenn,021,27897,2114,2043,435,2478,14
2021-01-28,Humboldt,023,135768,2815,2686,18,2704,24
2021-01-28,Imperial,025,180216,26551,25984,2447,28431,517
2021-01-28,Inyo,027,18085,1086,1039,8,1047,27
2021-01-28,Kern,029,883053,87924,84708,8455,93163,817
2021-01-28,Kings,031,150075,21066,20328,872,21200,167
2021-01-28,Lake,033,64148,2879,2772,1,2773,32
2021-01-28,Lassen,035,31185,4940,4865,88,4953,1
2021-01-28,Los Angeles,037,10098052,1116540,1072412,36521,1108933,15967
2021-01-28,Madera,039,155013,14726,14301,717,15018,94
2021-01-28,Marin,041,260295,12352,12079,143,12222,183
2021-01-28,Mariposa,043,17540,354,334,3,337,4
2021-01-28,Mendocino,045,87422,3293,3110,57,3167,36
2021-01-28,Merced,047,269075,26224,25620,736,26356,328
2021-01-28,Modoc,049,8938,314,297,101,398,0
2021-01-28,Mono,051,14174,1131,1131,16,1147,3
2021-01-28,Monterey,053,433212,39527,38312,1395,39707,274
2021-01-28,Napa,055,140530,8483,8233,33,8266,50
2021-01-28,Nevada,057,99092,3649,3452,143,3595,19
2021-01-28,Orange,059,3164182,234547,228636,9482,238118,2860
2021-01-28,Placer,061,380077,19328,18246,987,19233,198
2021-01-28,Plumas,063,18699,617,547,10,557,2
2021-01-28,Riverside,065,2383286,272460,262342,12820,275162,2981
2021-01-28,Sacramento,067,1510023,87674,85698,1075,86773,1149
2021-01-28,San Benito,069,59416,5427,5344,71,5415,47
2021-01-28,San Bernardino,071,2135413,275721,266456,8072,274528,2057
2021-01-28,San Diego,073,3302833,246412,232967,11566,244533,2534
2021-01-28,San Francisco,075,870044,31701,31193,875,32068,290
2021-01-28,San Joaquin,077,732212,62504,60627,2509,63136,854
2021-01-28,San Luis Obispo,079,281455,17992,17279,477,17756,189
2021-01-28,San Mateo,081,765935,36825,34931,341,35272,218
2021-01-28,Santa Barbara,083,443738,29680,27674,952,28626,284
2021-01-28,Santa Clara,085,1922200,102479,100470,474,100944,1219
2021-01-28,Santa Cruz,087,273765,14356,13188,692,13880,145
2021-01-28,Shasta,089,179085,10373,10176,1080,11256,110
2021-01-28,Sierra,091,2930,48,43,12,55,0
2021-01-28,Siskiyou,093,43540,1328,1218,199,1417,4
2021-01-28,Solano,095,438530,27973,27163,321,27484,114
2021-01-28,Sonoma,097,501317,26015,25564,135,25699,236
2021-01-28,Stanislaus,099,539301,46833,45162,4826,49988,640
2021-01-28,Sutter,101,95872,8344,8136,78,8214,85
2021-01-28,Tehama,103,63373,4310,4163,464,4627,20
2021-01-28,Trinity,105,12862,440,260,67,327,3
2021-01-28,Tulare,107,460477,45530,43742,6767,50509,595
2021-01-28,Tuolumne,109,53932,3525,3472,32,3504,32
2021-01-28,Ventura,111,848112,71136,68896,2526,71422,475
2021-01-28,Yolo,113,214977,12071,11500,165,11665,151
2021-01-28,Yuba,115,75493,5141,4994,73,5067,32
2021-01-27,Alameda,001,1643700,74355,72188,1586,73774,815
2021-01-27,Alpine,003,1148,73,72,0,72,0
2021-01-27,Amador,005,37829,3225,3116,24,3140,31
2021-01-27,Butte,007,227075,10630,9988,1462,11450,138
2021-01-27,Calaveras,009,45235,1750,1737,10,1747,21
2021-01-27,Colusa,011,21464,1761,1724,205,1929,8
2021-01-27,Contra Costa,013,1133247,57969,55578,972,56550,507
2021-01-27,Del Norte,015,27424,888,859,4,863,2
2021-01-27,El Dorado,017,186661,8544,8141,554,8695,76
2021-01-27,Fresno,019,978130,90810,86886,6924,93810,938
2021-01-27,Glenn,021,27897,2110,2042,434,2476,14
2021-01-27,Humboldt,023,135768,2793,2630,18,2648,24
2021-01-27,Imperial,025,180216,26497,25861,2433,28294,504
2021-01-27,Inyo,027,18085,1082,1023,8,1031,27
2021-01-27,Kern,029,883053,87611,84244,8385,92629,809
2021-01-27,Kings,031,150075,20960,20211,864,21075,167
2021-01-27,Lake,033,64148,2859,2750,1,2751,32
2021-01-27,Lassen,035,31185,4934,4851,88,4939,1
2021-01-27,Los Angeles,037,10098052,1111755,1066569,36309,1102878,15757
2021-01-27,Madera,039,155013,14685,14194,712,14906,86
2021-01-27,Marin,041,260295,12315,12028,142,12170,180
2021-01-27,Mariposa,043,17540,354,333,3,336,4
2021-01-27,Mendocino,045,87422,3273,3095,57,3152,36
2021-01-27,Merced,047,269075,26065,25439,725,26164,315
2021-01-27,Modoc,049,8938,314,297,98,395,0
2021-01-27,Mono,051,14174,1129,1131,16,1147,3
2021-01-27,Monterey,053,433212,39322,38139,1376,39515,268
2021-01-27,Napa,055,140530,8411,8187,33,8220,46
2021-01-27,Nevada,057,99092,3627,3431,143,3574,18
2021-01-27,Orange,059,3164182,233427,227110,9428,236538,2832
2021-01-27,Placer,061,380077,19258,18106,976,19082,198
2021-01-27,Plumas,063,18699,617,544,10,554,2
2021-01-27,Riverside,065,2383286,271255,260796,12768,273564,2931
2021-01-27,Sacramento,067,1510023,87313,85428,1064,86492,1142
2021-01-27,San Benito,069,59416,5412,5284,71,5355,47
2021-01-27,San Bernardino,071,2135413,274870,265153,8041,273194,2019
2021-01-27,San Diego,073,3302833,245082,231478,11460,242938,2465
2021-01-27,San Francisco,075,870044,31558,31082,868,31950,287
2021-01-27,San Joaquin,077,732212,62235,60131,2486,62617,853
2021-01-27,San Luis Obispo,079,281455,17885,17119,473,17592,188
2021-01-27,San Mateo,081,765935,36670,34619,338,34957,216
2021-01-27,Santa Barbara,083,443738,29505,27435,946,28381,282
2021-01-27,Santa Clara,085,1922200,102075,99732,470,100202,1184
2021-01-27,Santa Cruz,087,273765,14286,13111,689,13800,143
2021-01-27,Shasta,089,179085,10339,10106,1074,11180,105
2021-01-27,Sierra,091,2930,48,44,12,56,0
2021-01-27,Siskiyou,093,43540,1322,1214,196,1410,4
2021-01-27,Solano,095,438530,27796,26982,314,27296,112
2021-01-27,Sonoma,097,501317,25917,25361,135,25496,237
2021-01-27,Stanislaus,099,539301,46647,44874,4798,49672,624
2021-01-27,Sutter,101,95872,8299,8093,77,8170,83
2021-01-27,Tehama,103,63373,4285,4133,460,4593,20
2021-01-27,Trinity,105,12862,440,260,67,327,3
2021-01-27,Tulare,107,460477,45342,43462,6695,50157,583
2021-01-27,Tuolumne,109,53932,3514,3464,32,3496,32
2021-01-27,Ventura,111,848112,70662,68291,2501,70792,468
2021-01-27,Yolo,113,214977,12024,11427,161,11588,151
2021-01-27,Yuba,115,75493,5125,4968,73,5041,32
2021-01-26,Alameda,001,1643700,73980,71851,1569,73420,789
2021-01-26,Alpine,003,1148,73,72,0,72,0
2021-01-26,Amador,005,37829,3214,3113,24,3137,31
2021-01-26,Butte,007,227075,10588,9943,1456,11399,136
2021-01-26,Calaveras,009,45235,1741,1723,10,1733,21
2021-01-26,Colusa,011,21464,1754,1719,202,1921,8
2021-01-26,Contra Costa,013,1133247,57688,55337,964,56301,491
2021-01-26,Del Norte,015,27424,887,856,4,860,2
2021-01-26,El Dorado,017,186661,8519,8115,551,8666,71
2021-01-26,Fresno,019,978130,90452,86673,6879,93552,923
2021-01-26,Glenn,021,27897,2100,2034,430,2464,13
2021-01-26,Humboldt,023,135768,2771,2612,17,2629,24
2021-01-26,Imperial,025,180216,26425,25812,2420,28232,498
2021-01-26,Inyo,027,18085,1075,1018,8,1026,27
2021-01-26,Kern,029,883053,87186,83868,8306,92174,790
2021-01-26,Kings,031,150075,20902,20156,859,21015,159
2021-01-26,Lake,033,64148,2850,2748,1,2749,32
2021-01-26,Lassen,035,31185,4928,4844,88,4932,1
2021-01-26,Los Angeles,037,10098052,1106484,1060492,36103,1096595,15458
2021-01-26,Madera,039,155013,14628,14130,706,14836,86
2021-01-26,Marin,041,260295,12270,11993,140,12133,179
2021-01-26,Mariposa,043,17540,352,332,3,335,3
2021-01-26,Mendocino,045,87422,3247,3076,56,3132,36
2021-01-26,Merced,047,269075,25925,25359,718,26077,309
2021-01-26,Modoc,049,8938,307,291,97,388,0
2021-01-26,Mono,051,14174,1127,1120,16,1136,3
2021-01-26,Monterey,053,433212,39128,37963,1355,39318,255
2021-01-26,Napa,055,140530,8354,8145,33,8178,43
2021-01-26,Nevada,057,99092,3620,3410,142,3552,18
2021-01-26,Orange,059,3164182,232303,225987,9383,235370,2760
2021-01-26,Placer,061,380077,19182,18016,974,18990,193
2021-01-26,Plumas,063,18699,615,536,10,546,2
2021-01-26,Riverside,065,2383286,269888,259399,12705,272104,2898
2021-01-26,Sacramento,067,1510023,86955,85062,1057,86119,1127
2021-01-26,San Benito,069,59416,5398,5251,70,5321,45
2021-01-26,San Bernardino,071,2135413,273871,263736,7997,271733,1970
2021-01-26,San Diego,073,3302833,243587,230063,11358,241421,2421
2021-01-26,San Francisco,075,870044,31425,30874,849,31723,286
2021-01-26,San Joaquin,077,732212,61982,59889,2470,62359,847
2021-01-26,San Luis Obispo,079,281455,17804,17016,470,17486,186
2021-01-26,San Mateo,081,765935,36476,34441,327,34768,213
2021-01-26,Santa Barbara,083,443738,29332,27321,934,28255,273
2021-01-26,Santa Clara,085,1922200,101596,99215,466,99681,1171
2021-01-26,Santa Cruz,087,273765,14221,13045,683,13728,134
2021-01-26,Shasta,089,179085,10304,10036,1066,11102,103
2021-01-26,Sierra,091,2930,48,43,12,55,0
2021-01-26,Siskiyou,093,43540,1308,1208,194,1402,4
2021-01-26,Solano,095,438530,27640,26858,308,27166,110
2021-01-26,Sonoma,097,501317,25794,25273,133,25406,236
2021-01-26,Stanislaus,099,539301,46462,44703,4757,49460,599
2021-01-26,Sutter,101,95872,8256,8067,77,8144,83
2021-01-26,Tehama,103,63373,4254,4115,460,4575,20
2021-01-26,Trinity,105,12862,440,260,67,327,3
2021-01-26,Tulare,107,460477,45139,43394,6626,50020,579
2021-01-26,Tuolumne,109,53932,3504,3451,32,3483,30
2021-01-26,Ventura,111,848112,70130,67526,2475,70001,448
2021-01-26,Yolo,113,214977,11979,11361,158,11519,148
2021-01-26,Yuba,115,75493,5100,4944,71,5015,31
2021-01-25,Alameda,001,1643700,73548,71255,1559,72814,780
2021-01-25,Alpine,003,1148,73,72,0,72,0
2021-01-25,Amador,005,37829,3174,3074,24,3098,30
2021-01-25,Butte,007,227075,10522,9865,1448,11313,133
2021-01-25,Calaveras,009,45235,1726,1713,10,1723,21
2021-01-25,Colusa,011,21464,1742,1709,198,1907,8
2021-01-25,Contra Costa,013,1133247,57331,54989,957,55946,488
2021-01-25,Del Norte,015,27424,886,855,4,859,2
2021-01-25,El Dorado,017,186661,8495,8060,551,8611,66
2021-01-25,Fresno,019,978130,90081,86336,6847,93183,913
2021-01-25,Glenn,021,27897,2089,2028,430,2458,13
2021-01-25,Humboldt,023,135768,2737,2587,17,2604,24
2021-01-25,Imperial,025,180216,26375,25745,2412,28157,491
2021-01-25,Inyo,027,18085,1069,1015,8,1023,27
2021-01-25,Kern,029,883053,86790,83401,8219,91620,787
2021-01-25,Kings,031,150075,20782,20067,855,20922,159
2021-01-25,Lake,033,64148,2831,2729,1,2730,32
2021-01-25,Lassen,035,31185,4902,4835,88,4923,1
2021-01-25,Los Angeles,037,10098052,1100545,1055181,35874,1091055,15163
2021-01-25,Madera,039,155013,14574,14068,701,14769,86
2021-01-25,Marin,041,260295,12218,11923,136,12059,177
2021-01-25,Mariposa,043,17540,349,331,3,334,3
2021-01-25,Mendocino,045,87422,3236,3054,56,3110,35
2021-01-25,Merced,047,269075,25786,25181,709,25890,305
2021-01-25,Modoc,049,8938,306,288,93,381,0
2021-01-25,Mono,051,14174,1124,1114,15,1129,3
2021-01-25,Monterey,053,433212,38874,37726,1335,39061,255
2021-01-25,Napa,055,140530,8320,8057,32,8089,43
2021-01-25,Nevada,057,99092,3606,3365,142,3507,18
2021-01-25,Orange,059,3164182,231095,225105,9342,234447,2696
2021-01-25,Placer,061,380077,19095,17936,959,18895,193
2021-01-25,Plumas,063,18699,612,533,10,543,2
2021-01-25,Riverside,065,2383286,268142,258082,12649,270731,2789
2021-01-25,Sacramento,067,1510023,86511,84653,1049,85702,1118
2021-01-25,San Benito,069,59416,5361,5238,69,5307,43
2021-01-25,San Bernardino,071,2135413,272921,263174,7961,271135,1947
2021-01-25,San Diego,073,3302833,241972,228630,11286,239916,2375
2021-01-25,San Francisco,075,870044,31276,30734,826,31560,288
2021-01-25,San Joaquin,077,732212,61687,59291,2445,61736,838
2021-01-25,San Luis Obispo,079,281455,17670,16868,465,17333,179
2021-01-25,San Mateo,081,765935,36242,34187,321,34508,213
2021-01-25,Santa Barbara,083,443738,29101,27065,924,27989,269
2021-01-25,Santa Clara,085,1922200,101024,98647,459,99106,1143
2021-01-25,Santa Cruz,087,273765,14134,12973,678,13651,133
2021-01-25,Shasta,089,179085,10263,9991,1055,11046,103
2021-01-25,Sierra,091,2930,48,42,12,54,0
2021-01-25,Siskiyou,093,43540,1300,1205,191,1396,4
2021-01-25,Solano,095,438530,27471,26648,307,26955,109
2021-01-25,Sonoma,097,501317,25683,25160,131,25291,233
2021-01-25,Stanislaus,099,539301,46216,44293,4713,49006,599
2021-01-25,Sutter,101,95872,8212,8023,77,8100,83
2021-01-25,Tehama,103,63373,4227,4082,456,4538,20
2021-01-25,Trinity,105,12862,440,262,67,329,3
2021-01-25,Tulare,107,460477,44924,43124,6521,49645,578
2021-01-25,Tuolumne,109,53932,3495,3422,32,3454,29
2021-01-25,Ventura,111,848112,69487,66910,2458,69368,439
2021-01-25,Yolo,113,214977,11892,11276,157,11433,140
2021-01-25,Yuba,115,75493,5076,4900,69,4969,31
2021-01-24,Alameda,001,1643700,73041,70823,1548,72371,780
2021-01-24,Alpine,003,1148,73,72,0,72,0
2021-01-24,Amador,005,37829,3141,3054,24,3078,30
2021-01-24,Butte,007,227075,10438,9820,1430,11250,133
2021-01-24,Calaveras,009,45235,1713,1704,10,1714,21
2021-01-24,Colusa,011,21464,1731,1689,192,1881,8
2021-01-24,Contra Costa,013,1133247,56941,54694,944,55638,488
2021-01-24,Del Norte,015,27424,882,855,4,859,2
2021-01-24,El Dorado,017,186661,8460,8003,547,8550,66
2021-01-24,Fresno,019,978130,89644,85808,6807,92615,911
2021-01-24,Glenn,021,27897,2083,2026,428,2454,13
2021-01-24,Humboldt,023,135768,2698,2562,17,2579,24
2021-01-24,Imperial,025,180216,26279,25707,2386,28093,488
2021-01-24,Inyo,027,18085,1053,1007,8,1015,27
2021-01-24,Kern,029,883053,86347,83125,8111,91236,785
2021-01-24,Kings,031,150075,20654,19988,839,20827,159
2021-01-24,Lake,033,64148,2813,2724,0,2724,32
2021-01-24,Lassen,035,31185,4891,4828,85,4913,1
2021-01-24,Los Angeles,037,10098052,1094162,1048757,35564,1084321,15119
2021-01-24,Madera,039,155013,14484,14000,695,14695,86
2021-01-24,Marin,041,260295,12151,11872,134,12006,177
2021-01-24,Mariposa,043,17540,345,322,3,325,3
2021-01-24,Mendocino,045,87422,3215,3037,55,3092,33
2021-01-24,Merced,047,269075,25573,25047,701,25748,305
2021-01-24,Modoc,049,8938,306,285,93,378,0
2021-01-24,Mono,051,14174,1117,1113,15,1128,3
2021-01-24,Monterey,053,433212,38596,37527,1303,38830,254
2021-01-24,Napa,055,140530,8278,8005,32,8037,43
2021-01-24,Nevada,057,99092,3564,3349,140,3489,18
2021-01-24,Orange,059,3164182,229663,223853,9272,233125,2632
2021-01-24,Placer,061,380077,18981,17839,939,18778,193
2021-01-24,Plumas,063,18699,609,532,10,542,2
2021-01-24,Riverside,065,2383286,266500,256767,12572,269339,2761
2021-01-24,Sacramento,067,1510023,85942,84110,1041,85151,1112
2021-01-24,San Benito,069,59416,5319,5223,66,5289,43
2021-01-24,San Bernardino,071,2135413,271596,262370,7907,270277,1935
2021-01-24,San Diego,073,3302833,240278,227193,11155,238348,2375
2021-01-24,San Francisco,075,870044,31089,30559,804,31363,275
2021-01-24,San Joaquin,077,732212,61259,59021,2429,61450,838
2021-01-24,San Luis Obispo,079,281455,17548,16758,463,17221,179
2021-01-24,San Mateo,081,765935,35997,33956,316,34272,213
2021-01-24,Santa Barbara,083,443738,28786,26735,914,27649,269
2021-01-24,Santa Clara,085,1922200,100377,98103,454,98557,1109
2021-01-24,Santa Cruz,087,273765,14048,12905,670,13575,133
2021-01-24,Shasta,089,179085,10192,9978,1046,11024,103
2021-01-24,Sierra,091,2930,47,42,12,54,0
2021-01-24,Siskiyou,093,43540,1293,1195,191,1386,4
2021-01-24,Solano,095,438530,27282,26515,303,26818,109
2021-01-24,Sonoma,097,501317,25499,25045,130,25175,233
2021-01-24,Stanislaus,099,539301,45905,44031,4653,48684,599
2021-01-24,Sutter,101,95872,8143,7980,77,8057,83
2021-01-24,Tehama,103,63373,4188,4062,449,4511,20
2021-01-24,Trinity,105,12862,440,262,67,329,3
2021-01-24,Tulare,107,460477,44705,43006,6428,49434,577
2021-01-24,Tuolumne,109,53932,3485,3416,32,3448,29
2021-01-24,Ventura,111,848112,68773,66347,2433,68780,439
2021-01-24,Yolo,113,214977,11807,11210,153,11363,140
2021-01-24,Yuba,115,75493,5036,4875,68,4943,31
2021-01-23,Alameda,001,1643700,72792,70080,1541,71621,780
2021-01-23,Alpine,003,1148,73,72,0,72,0
2021-01-23,Amador,005,37829,3138,3049,24,3073,30
2021-01-23,Butte,007,227075,10408,9757,1425,11182,133
2021-01-23,Calaveras,009,45235,1710,1695,10,1705,21
2021-01-23,Colusa,011,21464,1727,1672,191,1863,8
2021-01-23,Contra Costa,013,1133247,56728,54162,936,55098,487
2021-01-23,Del Norte,015,27424,881,855,4,859,2
2021-01-23,El Dorado,017,186661,8444,7984,545,8529,66
2021-01-23,Fresno,019,978130,89458,85274,6777,92051,910
2021-01-23,Glenn,021,27897,2080,2015,424,2439,13
2021-01-23,Humboldt,023,135768,2679,2493,16,2509,23
2021-01-23,Imperial,025,180216,26246,25581,2377,27958,487
2021-01-23,Inyo,027,18085,1044,987,8,995,27
2021-01-23,Kern,029,883053,86101,82602,8039,90641,783
2021-01-23,Kings,031,150075,20610,19904,837,20741,159
2021-01-23,Lake,033,64148,2805,2673,0,2673,32
2021-01-23,Lassen,035,31185,4890,4816,82,4898,1
2021-01-23,Los Angeles,037,10098052,1090943,1040961,35408,1076369,15034
2021-01-23,Madera,039,155013,14448,13858,693,14551,86
2021-01-23,Marin,041,260295,12095,11796,132,11928,177
2021-01-23,Mariposa,043,17540,345,323,3,326,3
2021-01-23,Mendocino,045,87422,3201,2991,55,3046,32
2021-01-23,Merced,047,269075,25480,24787,688,25475,303
2021-01-23,Modoc,049,8938,306,285,93,378,0
2021-01-23,Mono,051,14174,1115,1111,15,1126,3
2021-01-23,Monterey,053,433212,38513,37165,1298,38463,253
2021-01-23,Napa,055,140530,8253,7893,32,7925,43
2021-01-23,Nevada,057,99092,3553,3332,139,3471,18
2021-01-23,Orange,059,3164182,228892,221722,9232,230954,2618
2021-01-23,Placer,061,380077,18930,17617,934,18551,193
2021-01-23,Plumas,063,18699,608,528,10,538,2
2021-01-23,Riverside,065,2383286,265599,253636,12519,266155,2733
2021-01-23,Sacramento,067,1510023,85713,83408,1038,84446,1108
2021-01-23,San Benito,069,59416,5295,5166,65,5231,43
2021-01-23,San Bernardino,071,2135413,271051,260381,7875,268256,1922
2021-01-23,San Diego,073,3302833,239217,225556,11083,236639,2344
2021-01-23,San Francisco,075,870044,30983,30308,775,31083,268
2021-01-23,San Joaquin,077,732212,61133,58164,2419,60583,836
2021-01-23,San Luis Obispo,079,281455,17484,16652,460,17112,176
2021-01-23,San Mateo,081,765935,35821,33696,305,34001,213
2021-01-23,Santa Barbara,083,443738,28602,26234,905,27139,264
2021-01-23,Santa Clara,085,1922200,100022,97189,453,97642,1086
2021-01-23,Santa Cruz,087,273765,13990,12771,667,13438,127
2021-01-23,Shasta,089,179085,10162,9951,1045,10996,103
2021-01-23,Sierra,091,2930,47,41,12,53,0
2021-01-23,Siskiyou,093,43540,1283,1190,190,1380,4
2021-01-23,Solano,095,438530,27190,26261,301,26562,107
2021-01-23,Sonoma,097,501317,25425,24790,130,24920,232
2021-01-23,Stanislaus,099,539301,45741,43723,4624,48347,599
2021-01-23,Sutter,101,95872,8125,7943,76,8019,80
2021-01-23,Tehama,103,63373,4169,4006,448,4454,20
2021-01-23,Trinity,105,12862,440,262,67,329,3
2021-01-23,Tulare,107,460477,44552,42661,6368,49029,575
2021-01-23,Tuolumne,109,53932,3478,3407,32,3439,29
2021-01-23,Ventura,111,848112,68325,65581,2410,67991,438
2021-01-23,Yolo,113,214977,11765,11087,149,11236,141
2021-01-23,Yuba,115,75493,5024,4831,67,4898,30
2021-01-22,Alameda,001,1643700,72471,69693,1535,71228,751
2021-01-22,Alpine,003,1148,73,71,0,71,0
2021-01-22,Amador,005,37829,3133,3042,24,3066,30
2021-01-22,Butte,007,227075,10359,9711,1412,11123,133
2021-01-22,Calaveras,009,45235,1703,1672,10,1682,21
2021-01-22,Colusa,011,21464,1725,1668,191,1859,7
2021-01-22,Contra Costa,013,1133247,56490,53887,930,54817,485
2021-01-22,Del Norte,015,27424,880,852,4,856,2
2021-01-22,El Dorado,017,186661,8411,7877,542,8419,64
2021-01-22,Fresno,019,978130,89117,84744,6749,91493,892
2021-01-22,Glenn,021,27897,2076,1985,419,2404,13
2021-01-22,Humboldt,023,135768,2655,2452,16,2468,23
2021-01-22,Imperial,025,180216,26211,25562,2362,27924,474
2021-01-22,Inyo,027,18085,1033,961,8,969,26
2021-01-22,Kern,029,883053,85801,82101,7966,90067,771
2021-01-22,Kings,031,150075,20534,19760,833,20593,159
2021-01-22,Lake,033,64148,2793,2681,0,2681,32
2021-01-22,Lassen,035,31185,4882,4765,81,4846,1
2021-01-22,Los Angeles,037,10098052,1086493,1031177,35218,1066395,14777
2021-01-22,Madera,039,155013,14387,13781,692,14473,86
2021-01-22,Marin,041,260295,12058,11769,130,11899,177
2021-01-22,Mariposa,043,17540,345,323,3,326,3
2021-01-22,Mendocino,045,87422,3176,2994,54,3048,32
2021-01-22,Merced,047,269075,25357,24616,680,25296,290
2021-01-22,Modoc,049,8938,306,285,93,378,0
2021-01-22,Mono,051,14174,1115,1108,15,1123,3
2021-01-22,Monterey,053,433212,38359,36909,1293,38202,253
2021-01-22,Napa,055,140530,8207,7828,32,7860,40
2021-01-22,Nevada,057,99092,3528,3296,138,3434,18
2021-01-22,Orange,059,3164182,227940,220384,9185,229569,2542
2021-01-22,Placer,061,380077,18873,17636,919,18555,193
2021-01-22,Plumas,063,18699,606,522,10,532,2
2021-01-22,Riverside,065,2383286,264449,252440,12453,264893,2710
2021-01-22,Sacramento,067,1510023,85387,82861,1030,83891,1094
2021-01-22,San Benito,069,59416,5270,5143,65,5208,43
2021-01-22,San Bernardino,071,2135413,270229,259121,7842,266963,1849
2021-01-22,San Diego,073,3302833,237977,222576,11018,233594,2301
2021-01-22,San Francisco,075,870044,30870,30027,757,30784,266
2021-01-22,San Joaquin,077,732212,60951,58485,2406,60891,812
2021-01-22,San Luis Obispo,079,281455,17395,16336,457,16793,172
2021-01-22,San Mateo,081,765935,35600,33401,302,33703,211
2021-01-22,Santa Barbara,083,443738,28402,25989,894,26883,256
2021-01-22,Santa Clara,085,1922200,99582,96435,450,96885,1062
2021-01-22,Santa Cruz,087,273765,13932,12687,663,13350,123
2021-01-22,Shasta,089,179085,10143,9866,1043,10909,103
2021-01-22,Sierra,091,2930,47,40,12,52,0
2021-01-22,Siskiyou,093,43540,1279,1182,188,1370,4
2021-01-22,Solano,095,438530,27101,26048,299,26347,107
2021-01-22,Sonoma,097,501317,25350,24659,130,24789,232
2021-01-22,Stanislaus,099,539301,45584,43489,4591,48080,599
2021-01-22,Sutter,101,95872,8100,7878,76,7954,80
2021-01-22,Tehama,103,63373,4150,3993,447,4440,19
2021-01-22,Trinity,105,12862,439,263,67,330,3
2021-01-22,Tulare,107,460477,44372,42307,6298,48605,573
2021-01-22,Tuolumne,109,53932,3449,3379,32,3411,29
2021-01-22,Ventura,111,848112,67818,64404,2392,66796,426
2021-01-22,Yolo,113,214977,11731,11014,141,11155,141
2021-01-22,Yuba,115,75493,5000,4789,65,4854,29
2021-01-21,Alameda,001,1643700,72040,69314,1518,70832,739
2021-01-21,Alpine,003,1148,73,71,0,71,0
2021-01-21,Amador,005,37829,3111,3038,24,3062,29
2021-01-21,Butte,007,227075,10289,9643,1405,11048,130
2021-01-21,Calaveras,009,45235,1694,1647,10,1657,21
2021-01-21,Colusa,011,21464,1718,1662,188,1850,7
2021-01-21,Contra Costa,013,1133247,56074,53595,916,54511,478
2021-01-21,Del Norte,015,27424,878,850,3,853,2
2021-01-21,El Dorado,017,186661,8362,7823,539,8362,58
2021-01-21,Fresno,019,978130,88711,84137,6709,90846,889
2021-01-21,Glenn,021,27897,2067,1964,415,2379,13
2021-01-21,Humboldt,023,135768,2632,2423,16,2439,23
2021-01-21,Imperial,025,180216,26119,25509,2348,27857,463
2021-01-21,Inyo,027,18085,1024,946,8,954,26
2021-01-21,Kern,029,883053,85388,81328,7848,89176,769
2021-01-21,Kings,031,150075,20463,19633,815,20448,158
2021-01-21,Lake,033,64148,2776,2669,0,2669,32
2021-01-21,Lassen,035,31185,4876,4763,81,4844,1
2021-01-21,Los Angeles,037,10098052,1079839,1023055,34898,1057953,14537
2021-01-21,Madera,039,155013,14319,13664,684,14348,86
2021-01-21,Marin,041,260295,12002,11732,128,11860,173
2021-01-21,Mariposa,043,17540,341,322,3,325,3
2021-01-21,Mendocino,045,87422,3153,2967,52,3019,32
2021-01-21,Merced,047,269075,25202,24426,674,25100,245
2021-01-21,Modoc,049,8938,303,284,92,376,0
2021-01-21,Mono,051,14174,1110,1104,15,1119,3
2021-01-21,Monterey,053,433212,38082,36149,1283,37432,253
2021-01-21,Napa,055,140530,8143,7774,32,7806,40
2021-01-21,Nevada,057,99092,3499,3274,137,3411,18
2021-01-21,Orange,059,3164182,226563,218867,9130,227997,2540
2021-01-21,Placer,061,380077,18794,17553,915,18468,190
2021-01-21,Plumas,063,18699,602,518,10,528,2
2021-01-21,Riverside,065,2383286,262725,251007,12373,263380,2676
2021-01-21,Sacramento,067,1510023,84908,82303,1009,83312,1084
2021-01-21,San Benito,069,59416,5236,5100,60,5160,43
2021-01-21,San Bernardino,071,2135413,268879,257754,7777,265531,1832
2021-01-21,San Diego,073,3302833,236201,219729,10912,230641,2222
2021-01-21,San Francisco,075,870044,30694,29801,723,30524,266
2021-01-21,San Joaquin,077,732212,60642,58270,2386,60656,806
2021-01-21,San Luis Obispo,079,281455,17309,16153,449,16602,169
2021-01-21,San Mateo,081,765935,35354,33156,289,33445,210
2021-01-21,Santa Barbara,083,443738,28117,25654,881,26535,253
2021-01-21,Santa Clara,085,1922200,98955,96028,443,96471,1062
2021-01-21,Santa Cruz,087,273765,13848,12548,653,13201,119
2021-01-21,Shasta,089,179085,10100,9795,1027,10822,98
2021-01-21,Sierra,091,2930,47,40,12,52,0
2021-01-21,Siskiyou,093,43540,1276,1178,185,1363,4
2021-01-21,Solano,095,438530,26921,25885,295,26180,106
2021-01-21,Sonoma,097,501317,25215,24440,128,24568,230
2021-01-21,Stanislaus,099,539301,45281,43223,4547,47770,599
2021-01-21,Sutter,101,95872,8066,7822,76,7898,80
2021-01-21,Tehama,103,63373,4114,3938,447,4385,19
2021-01-21,Trinity,105,12862,439,261,67,328,3
2021-01-21,Tulare,107,460477,44161,42082,6222,48304,569
2021-01-21,Tuolumne,109,53932,3439,3365,31,3396,29
2021-01-21,Ventura,111,848112,67126,63995,2371,66366,420
2021-01-21,Yolo,113,214977,11642,10940,133,11073,141
2021-01-21,Yuba,115,75493,4969,4757,64,4821,29
2021-01-20,Alameda,001,1643700,71555,68785,1504,70289,702
2021-01-20,Alpine,003,1148,73,71,0,71,0
2021-01-20,Amador,005,37829,3080,3036,24,3060,29
2021-01-20,Butte,007,227075,10233,9582,1395,10977,130
2021-01-20,Calaveras,009,45235,1674,1637,9,1646,21
2021-01-20,Colusa,011,21464,1701,1630,183,1813,7
2021-01-20,Contra Costa,013,1133247,55621,53108,910,54018,461
2021-01-20,Del Norte,015,27424,877,848,3,851,2
2021-01-20,El Dorado,017,186661,8314,7785,536,8321,53
2021-01-20,Fresno,019,978130,88291,83591,6656,90247,872
2021-01-20,Glenn,021,27897,2049,1955,412,2367,13
2021-01-20,Humboldt,023,135768,2589,2390,16,2406,22
2021-01-20,Imperial,025,180216,26047,25380,2313,27693,461
2021-01-20,Inyo,027,18085,1014,901,8,909,26
2021-01-20,Kern,029,883053,84937,80701,7741,88442,754
2021-01-20,Kings,031,150075,20373,19522,807,20329,146
2021-01-20,Lake,033,64148,2754,2646,0,2646,31
2021-01-20,Lassen,035,31185,4868,4758,79,4837,1
2021-01-20,Los Angeles,037,10098052,1072360,1015608,34608,1050216,14299
2021-01-20,Madera,039,155013,14255,13585,679,14264,86
2021-01-20,Marin,041,260295,11948,11684,126,11810,171
2021-01-20,Mariposa,043,17540,339,322,3,325,3
2021-01-20,Mendocino,045,87422,3138,2957,52,3009,32
2021-01-20,Merced,047,269075,25028,24220,653,24873,243
2021-01-20,Modoc,049,8938,302,282,92,374,0
2021-01-20,Mono,051,14174,1103,1105,14,1119,3
2021-01-20,Monterey,053,433212,37764,35960,1261,37221,249
2021-01-20,Napa,055,140530,8074,7731,31,7762,40
2021-01-20,Nevada,057,99092,3467,3238,137,3375,18
2021-01-20,Orange,059,3164182,225024,216893,9069,225962,2500
2021-01-20,Placer,061,380077,18700,17455,897,18352,186
2021-01-20,Plumas,063,18699,600,512,10,522,2
2021-01-20,Riverside,065,2383286,260680,248686,12286,260972,2615
2021-01-20,Sacramento,067,1510023,84345,81687,998,82685,1072
2021-01-20,San Benito,069,59416,5206,5036,59,5095,35
2021-01-20,San Bernardino,071,2135413,267521,255921,7730,263651,1801
2021-01-20,San Diego,073,3302833,234345,218553,10809,229362,2174
2021-01-20,San Francisco,075,870044,30504,29665,703,30368,262
2021-01-20,San Joaquin,077,732212,60240,58025,2377,60402,783
2021-01-20,San Luis Obispo,079,281455,17128,15936,440,16376,164
2021-01-20,San Mateo,081,765935,35128,32929,288,33217,210
2021-01-20,Santa Barbara,083,443738,27800,25312,869,26181,248
2021-01-20,Santa Clara,085,1922200,98276,94995,441,95436,1040
2021-01-20,Santa Cruz,087,273765,13741,12460,640,13100,107
2021-01-20,Shasta,089,179085,10048,9697,1017,10714,98
2021-01-20,Sierra,091,2930,47,40,12,52,0
2021-01-20,Siskiyou,093,43540,1270,1163,184,1347,4
2021-01-20,Solano,095,438530,26728,25659,291,25950,106
2021-01-20,Sonoma,097,501317,25080,24262,126,24388,223
2021-01-20,Stanislaus,099,539301,44990,42955,4501,47456,585
2021-01-20,Sutter,101,95872,8014,7772,74,7846,80
2021-01-20,Tehama,103,63373,4089,3892,446,4338,19
2021-01-20,Trinity,105,12862,439,260,67,327,3
2021-01-20,Tulare,107,460477,43904,41799,6128,47927,559
2021-01-20,Tuolumne,109,53932,3425,3355,30,3385,29
2021-01-20,Ventura,111,848112,66170,63413,2342,65755,395
2021-01-20,Yolo,113,214977,11571,10852,130,10982,141
2021-01-20,Yuba,115,75493,4942,4729,64,4793,29
2021-01-19,Alameda,001,1643700,70897,68434,1494,69928,680
2021-01-19,Alpine,003,1148,73,71,0,71,0
2021-01-19,Amador,005,37829,3071,3024,24,3048,28
2021-01-19,Butte,007,227075,10167,9528,1381,10909,129
2021-01-19,Calaveras,009,45235,1658,1621,8,1629,21
2021-01-19,Colusa,011,21464,1679,1617,175,1792,7
2021-01-19,Contra Costa,013,1133247,55125,52730,897,53627,448
2021-01-19,Del Norte,015,27424,875,843,3,846,2
2021-01-19,El Dorado,017,186661,8254,7743,528,8271,47
2021-01-19,Fresno,019,978130,87770,83200,6604,89804,857
2021-01-19,Glenn,021,27897,2038,1948,407,2355,13
2021-01-19,Humboldt,023,135768,2565,2359,13,2372,22
2021-01-19,Imperial,025,180216,25965,25333,2296,27629,452
2021-01-19,Inyo,027,18085,1007,891,8,899,26
2021-01-19,Kern,029,883053,84350,80272,7634,87906,742
2021-01-19,Kings,031,150075,20234,19375,796,20171,143
2021-01-19,Lake,033,64148,2739,2625,0,2625,31
2021-01-19,Lassen,035,31185,4861,4753,79,4832,1
2021-01-19,Los Angeles,037,10098052,1063689,1010375,34337,1044712,14014
2021-01-19,Madera,039,155013,14139,13528,672,14200,86
2021-01-19,Marin,041,260295,11890,11654,122,11776,169
2021-01-19,Mariposa,043,17540,339,322,3,325,3
2021-01-19,Mendocino,045,87422,3121,2930,52,2982,32
2021-01-19,Merced,047,269075,24814,24108,647,24755,242
2021-01-19,Modoc,049,8938,301,281,92,373,0
2021-01-19,Mono,051,14174,1102,1106,14,1120,3
2021-01-19,Monterey,053,433212,37444,35840,1240,37080,248
2021-01-19,Napa,055,140530,8015,7672,31,7703,38
2021-01-19,Nevada,057,99092,3449,3216,135,3351,18
2021-01-19,Orange,059,3164182,223287,215244,9001,224245,2468
2021-01-19,Placer,061,380077,18600,17348,887,18235,182
2021-01-19,Plumas,063,18699,593,509,10,519,2
2021-01-19,Riverside,065,2383286,258596,246248,12207,258455,2585
2021-01-19,Sacramento,067,1510023,83807,81183,978,82161,1053
2021-01-19,San Benito,069,59416,5160,4988,58,5046,35
2021-01-19,San Bernardino,071,2135413,265777,253651,7672,261323,1777
2021-01-19,San Diego,073,3302833,231925,216833,10712,227545,2109
2021-01-19,San Francisco,075,870044,30286,29502,671,30173,261
2021-01-19,San Joaquin,077,732212,59856,57655,2364,60019,782
2021-01-19,San Luis Obispo,079,281455,16865,15855,437,16292,161
2021-01-19,San Mateo,081,765935,34842,32730,277,33007,208
2021-01-19,Santa Barbara,083,443738,27417,24991,853,25844,236
2021-01-19,Santa Clara,085,1922200,97498,94483,439,94922,1010
2021-01-19,Santa Cruz,087,273765,13624,12410,632,13042,106
2021-01-19,Shasta,089,179085,10012,9614,1007,10621,93
2021-01-19,Sierra,091,2930,47,40,10,50,0
2021-01-19,Siskiyou,093,43540,1262,1149,183,1332,4
2021-01-19,Solano,095,438530,26482,25520,290,25810,106
2021-01-19,Sonoma,097,501317,24901,24133,124,24257,223
2021-01-19,Stanislaus,099,539301,44639,42723,4444,47167,561
2021-01-19,Sutter,101,95872,7963,7709,68,7777,80
2021-01-19,Tehama,103,63373,4054,3876,444,4320,19
2021-01-19,Trinity,105,12862,438,260,67,327,3
2021-01-19,Tulare,107,460477,43626,41559,6031,47590,549
2021-01-19,Tuolumne,109,53932,3398,3328,30,3358,29
2021-01-19,Ventura,111,848112,65492,62656,2315,64971,383
2021-01-19,Yolo,113,214977,11486,10789,130,10919,134
2021-01-19,Yuba,115,75493,4909,4695,63,4758,29
2021-01-18,Alameda,001,1643700,70253,67938,1476,69414,680
2021-01-18,Alpine,003,1148,73,71,0,71,0
2021-01-18,Amador,005,37829,3057,3016,24,3040,28
2021-01-18,Butte,007,227075,10080,9474,1368,10842,129
2021-01-18,Calaveras,009,45235,1636,1617,7,1624,21
2021-01-18,Colusa,011,21464,1662,1608,170,1778,7
2021-01-18,Contra Costa,013,1133247,54609,52323,889,53212,448
2021-01-18,Del Norte,015,27424,874,840,3,843,2
2021-01-18,El Dorado,017,186661,8186,7707,526,8233,47
2021-01-18,Fresno,019,978130,87159,82485,6537,89022,857
2021-01-18,Glenn,021,27897,2021,1935,403,2338,13
2021-01-18,Humboldt,023,135768,2527,2343,13,2356,22
2021-01-18,Imperial,025,180216,25896,25317,2271,27588,452
2021-01-18,Inyo,027,18085,995,872,8,880,26
2021-01-18,Kern,029,883053,83710,79930,7542,87472,740
2021-01-18,Kings,031,150075,20064,19267,784,20051,141
2021-01-18,Lake,033,64148,2722,2591,0,2591,30
2021-01-18,Lassen,035,31185,4825,4749,78,4827,1
2021-01-18,Los Angeles,037,10098052,1054201,1002614,34045,1036659,13828
2021-01-18,Madera,039,155013,14025,13443,664,14107,85
2021-01-18,Marin,041,260295,11842,11607,120,11727,165
2021-01-18,Mariposa,043,17540,336,320,2,322,3
2021-01-18,Mendocino,045,87422,3098,2919,52,2971,31
2021-01-18,Merced,047,269075,24569,23927,630,24557,242
2021-01-18,Modoc,049,8938,298,281,89,370,0
2021-01-18,Mono,051,14174,1099,1101,14,1115,3
2021-01-18,Monterey,053,433212,36990,35549,1223,36772,247
2021-01-18,Napa,055,140530,7941,7601,31,7632,38
2021-01-18,Nevada,057,99092,3411,3199,134,3333,17
2021-01-18,Orange,059,3164182,221385,213866,8945,222811,2405
2021-01-18,Placer,061,380077,18484,17263,878,18141,182
2021-01-18,Plumas,063,18699,589,506,10,516,2
2021-01-18,Riverside,065,2383286,256278,244151,12113,256264,2568
2021-01-18,Sacramento,067,1510023,83128,80546,962,81508,1046
2021-01-18,San Benito,069,59416,5109,4963,56,5019,35
2021-01-18,San Bernardino,071,2135413,264002,252808,7614,260422,1775
2021-01-18,San Diego,073,3302833,229279,214335,10583,224918,2103
2021-01-18,San Francisco,075,870044,30080,29321,647,29968,259
2021-01-18,San Joaquin,077,732212,59338,57405,2342,59747,782
2021-01-18,San Luis Obispo,079,281455,16678,15742,427,16169,158
2021-01-18,San Mateo,081,765935,34527,32515,258,32773,208
2021-01-18,Santa Barbara,083,443738,27044,24638,839,25477,235
2021-01-18,Santa Clara,085,1922200,96605,93688,435,94123,992
2021-01-18,Santa Cruz,087,273765,13491,12298,619,12917,106
2021-01-18,Shasta,089,179085,9973,9600,997,10597,92
2021-01-18,Sierra,091,2930,46,40,10,50,0
2021-01-18,Siskiyou,093,43540,1250,1144,181,1325,4
2021-01-18,Solano,095,438530,26204,25344,285,25629,105
2021-01-18,Sonoma,097,501317,24630,24068,123,24191,223
2021-01-18,Stanislaus,099,539301,44281,42413,4394,46807,562
2021-01-18,Sutter,101,95872,7905,7680,66,7746,78
2021-01-18,Tehama,103,63373,4010,3854,437,4291,19
2021-01-18,Trinity,105,12862,438,260,67,327,3
2021-01-18,Tulare,107,460477,43337,41196,5919,47115,549
2021-01-18,Tuolumne,109,53932,3375,3318,29,3347,28
2021-01-18,Ventura,111,848112,65062,61859,2292,64151,379
2021-01-18,Yolo,113,214977,11356,10620,127,10747,134
2021-01-18,Yuba,115,75493,4881,4671,61,4732,29
2021-01-17,Alameda,001,1643700,69677,67375,1457,68832,676
2021-01-17,Alpine,003,1148,73,71,0,71,0
2021-01-17,Amador,005,37829,3050,3001,24,3025,28
2021-01-17,Butte,007,227075,10008,9411,1346,10757,129
2021-01-17,Calaveras,009,45235,1623,1608,7,1615,21
2021-01-17,Colusa,011,21464,1648,1588,165,1753,7
2021-01-17,Contra Costa,013,1133247,54121,51932,882,52814,447
2021-01-17,Del Norte,015,27424,874,838,3,841,2
2021-01-17,El Dorado,017,186661,8130,7659,514,8173,47
2021-01-17,Fresno,019,978130,86606,82039,6460,88499,857
2021-01-17,Glenn,021,27897,2010,1924,398,2322,9
2021-01-17,Humboldt,023,135768,2489,2322,11,2333,22
2021-01-17,Imperial,025,180216,25826,25253,2227,27480,451
2021-01-17,Inyo,027,18085,989,864,8,872,26
2021-01-17,Kern,029,883053,83162,79489,7456,86945,738
2021-01-17,Kings,031,150075,19928,19201,770,19971,131
2021-01-17,Lake,033,64148,2706,2572,0,2572,30
2021-01-17,Lassen,035,31185,4817,4740,77,4817,1
2021-01-17,Los Angeles,037,10098052,1047563,993028,33643,1026671,13741
2021-01-17,Madera,039,155013,13933,13328,659,13987,85
2021-01-17,Marin,041,260295,11789,11552,118,11670,164
2021-01-17,Mariposa,043,17540,336,319,2,321,3
2021-01-17,Mendocino,045,87422,3070,2912,51,2963,31
2021-01-17,Merced,047,269075,24354,23800,613,24413,242
2021-01-17,Modoc,049,8938,297,279,89,368,0
2021-01-17,Mono,051,14174,1093,1091,13,1104,3
2021-01-17,Monterey,053,433212,36753,35340,1198,36538,244
2021-01-17,Napa,055,140530,7885,7521,31,7552,38
2021-01-17,Nevada,057,99092,3386,3176,132,3308,17
2021-01-17,Orange,059,3164182,219381,212389,8870,221259,2359
2021-01-17,Placer,061,380077,18379,17194,863,18057,181
2021-01-17,Plumas,063,18699,588,505,9,514,2
2021-01-17,Riverside,065,2383286,254170,242206,11994,254200,2534
2021-01-17,Sacramento,067,1510023,82523,80154,949,81103,1045
2021-01-17,San Benito,069,59416,5071,4941,56,4997,35
2021-01-17,San Bernardino,071,2135413,261875,251487,7525,259012,1775
2021-01-17,San Diego,073,3302833,227084,211785,10476,222261,2103
2021-01-17,San Francisco,075,870044,29895,29139,608,29747,255
2021-01-17,San Joaquin,077,732212,58978,57094,2327,59421,780
2021-01-17,San Luis Obispo,079,281455,16556,15658,418,16076,157
2021-01-17,San Mateo,081,765935,34274,32186,235,32421,208
2021-01-17,Santa Barbara,083,443738,26595,24401,823,25224,235
2021-01-17,Santa Clara,085,1922200,95855,92752,432,93184,976
2021-01-17,Santa Cruz,087,273765,13379,12196,616,12812,106
2021-01-17,Shasta,089,179085,9915,9588,989,10577,92
2021-01-17,Sierra,091,2930,46,38,9,47,0
2021-01-17,Siskiyou,093,43540,1243,1136,178,1314,4
2021-01-17,Solano,095,438530,25974,25216,283,25499,105
2021-01-17,Sonoma,097,501317,24460,23871,123,23994,223
2021-01-17,Stanislaus,099,539301,43961,42221,4337,46558,562
2021-01-17,Sutter,101,95872,7841,7604,65,7669,77
2021-01-17,Tehama,103,63373,3980,3837,432,4269,18
2021-01-17,Trinity,105,12862,438,261,67,328,3
2021-01-17,Tulare,107,460477,43045,41016,5803,46819,549
2021-01-17,Tuolumne,109,53932,3358,3287,29,3316,27
2021-01-17,Ventura,111,848112,64218,61257,2245,63502,376
2021-01-17,Yolo,113,214977,11255,10519,125,10644,134
2021-01-17,Yuba,115,75493,4830,4640,59,4699,28
2021-01-16,Alameda,001,1643700,69352,66583,1444,68027,673
2021-01-16,Alpine,003,1148,73,71,0,71,0
2021-01-16,Amador,005,37829,3047,2986,24,3010,28
2021-01-16,Butte,007,227075,9978,9359,1326,10685,129
2021-01-16,Calaveras,009,45235,1609,1596,7,1603,21
2021-01-16,Colusa,011,21464,1636,1578,165,1743,7
2021-01-16,Contra Costa,013,1133247,53858,51363,875,52238,443
2021-01-16,Del Norte,015,27424,869,833,3,836,2
2021-01-16,El Dorado,017,186661,8108,7575,513,8088,47
2021-01-16,Fresno,019,978130,86332,81294,6407,87701,846
2021-01-16,Glenn,021,27897,2006,1894,394,2288,9
2021-01-16,Humboldt,023,135768,2469,2294,9,2303,22
2021-01-16,Imperial,025,180216,25792,25140,2220,27360,451
2021-01-16,Inyo,027,18085,985,845,8,853,25
2021-01-16,Kern,029,883053,82795,78865,7403,86268,733
2021-01-16,Kings,031,150075,19872,19072,767,19839,131
2021-01-16,Lake,033,64148,2696,2504,0,2504,30
2021-01-16,Lassen,035,31185,4805,4719,77,4796,1
2021-01-16,Los Angeles,037,10098052,1043486,982684,33402,1016086,13654
2021-01-16,Madera,039,155013,13867,13193,655,13848,85
2021-01-16,Marin,041,260295,11747,11482,118,11600,164
2021-01-16,Mariposa,043,17540,335,317,2,319,3
2021-01-16,Mendocino,045,87422,3056,2890,48,2938,31
2021-01-16,Merced,047,269075,24267,23478,599,24077,242
2021-01-16,Modoc,049,8938,297,278,89,367,0
2021-01-16,Mono,051,14174,1091,1079,13,1092,3
2021-01-16,Monterey,053,433212,36645,34972,1180,36152,243
2021-01-16,Napa,055,140530,7846,7356,31,7387,39
2021-01-16,Nevada,057,99092,3353,3144,132,3276,17
2021-01-16,Orange,059,3164182,218342,210111,8813,218924,2312
2021-01-16,Placer,061,380077,18315,16995,861,17856,177
2021-01-16,Plumas,063,18699,586,502,9,511,2
2021-01-16,Riverside,065,2383286,252813,239412,11877,251289,2506
2021-01-16,Sacramento,067,1510023,82145,79122,932,80054,1033
2021-01-16,San Benito,069,59416,5038,4875,56,4931,35
2021-01-16,San Bernardino,071,2135413,261094,249401,7459,256860,1755
2021-01-16,San Diego,073,3302833,225786,209895,10381,220276,2065
2021-01-16,San Francisco,075,870044,29768,28853,577,29430,244
2021-01-16,San Joaquin,077,732212,58731,56642,2296,58938,776
2021-01-16,San Luis Obispo,079,281455,16455,15466,416,15882,152
2021-01-16,San Mateo,081,765935,34110,31805,229,32034,208
2021-01-16,Santa Barbara,083,443738,26400,24088,816,24904,229
2021-01-16,Santa Clara,085,1922200,95389,91584,425,92009,954
2021-01-16,Santa Cruz,087,273765,13320,12026,614,12640,106
2021-01-16,Shasta,089,179085,9882,9547,985,10532,92
2021-01-16,Sierra,091,2930,45,38,9,47,0
2021-01-16,Siskiyou,093,43540,1238,1124,178,1302,4
2021-01-16,Solano,095,438530,25866,24732,277,25009,103
2021-01-16,Sonoma,097,501317,24372,23607,122,23729,223
2021-01-16,Stanislaus,099,539301,43771,41809,4286,46095,562
2021-01-16,Sutter,101,95872,7809,7560,65,7625,76
2021-01-16,Tehama,103,63373,3966,3783,432,4215,18
2021-01-16,Trinity,105,12862,438,261,67,328,3
2021-01-16,Tulare,107,460477,42864,40655,5730,46385,542
2021-01-16,Tuolumne,109,53932,3350,3269,29,3298,27
2021-01-16,Ventura,111,848112,63665,60368,2215,62583,369
2021-01-16,Yolo,113,214977,11207,10406,124,10530,134
2021-01-16,Yuba,115,75493,4799,4602,59,4661,27
2021-01-15,Alameda,001,1643700,68912,65416,1434,66850,672
2021-01-15,Alpine,003,1148,73,71,0,71,0
2021-01-15,Amador,005,37829,3040,2953,24,2977,28
2021-01-15,Butte,007,227075,9940,9233,1309,10542,129
2021-01-15,Calaveras,009,45235,1602,1538,7,1545,21
2021-01-15,Colusa,011,21464,1625,1541,161,1702,7
2021-01-15,Contra Costa,013,1133247,53528,50408,868,51276,428
2021-01-15,Del Norte,015,27424,865,828,2,830,2
2021-01-15,El Dorado,017,186661,8059,7439,504,7943,47
2021-01-15,Fresno,019,978130,85794,79950,6374,86324,832
2021-01-15,Glenn,021,27897,2001,1824,392,2216,9
2021-01-15,Humboldt,023,135768,2442,2218,8,2226,22
2021-01-15,Imperial,025,180216,25758,24944,2214,27158,446
2021-01-15,Inyo,027,18085,967,814,8,822,25
2021-01-15,Kern,029,883053,82383,77873,7339,85212,719
2021-01-15,Kings,031,150075,19763,18661,761,19422,131
2021-01-15,Lake,033,64148,2670,2434,0,2434,28
2021-01-15,Lassen,035,31185,4794,4693,75,4768,1
2021-01-15,Los Angeles,037,10098052,1036442,968979,33110,1002089,13404
2021-01-15,Madera,039,155013,13782,12883,652,13535,85
2021-01-15,Marin,041,260295,11696,11310,118,11428,160
2021-01-15,Mariposa,043,17540,333,307,2,309,3
2021-01-15,Mendocino,045,87422,3045,2835,48,2883,31
2021-01-15,Merced,047,269075,24154,23060,595,23655,239
2021-01-15,Modoc,049,8938,297,278,87,365,0
2021-01-15,Mono,051,14174,1088,1057,13,1070,3
2021-01-15,Monterey,053,433212,36433,34460,1121,35581,243
2021-01-15,Napa,055,140530,7784,7231,31,7262,38
2021-01-15,Nevada,057,99092,3340,3099,129,3228,17
2021-01-15,Orange,059,3164182,216984,207129,8761,215890,2254
2021-01-15,Placer,061,380077,18213,16712,852,17564,173
2021-01-15,Plumas,063,18699,583,499,9,508,2
2021-01-15,Riverside,065,2383286,250959,235235,11799,247034,2458
2021-01-15,Sacramento,067,1510023,81727,80279,924,81203,1023
2021-01-15,San Benito,069,59416,4995,4766,54,4820,35
2021-01-15,San Bernardino,071,2135413,259935,246182,7401,253583,1726
2021-01-15,San Diego,073,3302833,224037,206868,10316,217184,2037
2021-01-15,San Francisco,075,870044,29594,28574,557,29131,242
2021-01-15,San Joaquin,077,732212,58496,55885,2282,58167,748
2021-01-15,San Luis Obispo,079,281455,16322,15129,411,15540,148
2021-01-15,San Mateo,081,765935,33865,31291,225,31516,208
2021-01-15,Santa Barbara,083,443738,26121,23487,806,24293,226
2021-01-15,Santa Clara,085,1922200,94739,90103,420,90523,942
2021-01-15,Santa Cruz,087,273765,13211,11776,600,12376,105
2021-01-15,Shasta,089,179085,9843,9459,977,10436,91
2021-01-15,Sierra,091,2930,44,36,8,44,0
2021-01-15,Siskiyou,093,43540,1234,1119,177,1296,4
2021-01-15,Solano,095,438530,25717,24222,274,24496,103
2021-01-15,Sonoma,097,501317,24241,23204,121,23325,222
2021-01-15,Stanislaus,099,539301,43528,41178,4250,45428,562
2021-01-15,Sutter,101,95872,7762,7484,64,7548,75
2021-01-15,Tehama,103,63373,3945,3714,431,4145,17
2021-01-15,Trinity,105,12862,438,262,67,329,3
2021-01-15,Tulare,107,460477,42620,39951,5646,45597,535
2021-01-15,Tuolumne,109,53932,3334,3231,29,3260,27
2021-01-15,Ventura,111,848112,62920,59061,2182,61243,353
2021-01-15,Yolo,113,214977,11152,10240,123,10363,134
2021-01-15,Yuba,115,75493,4778,4549,59,4608,27
2021-01-14,Alameda,001,1643700,68260,64364,1418,65782,686
2021-01-14,Alpine,003,1148,73,71,0,71,0
2021-01-14,Amador,005,37829,3034,2940,24,2964,28
2021-01-14,Butte,007,227075,9855,9127,1288,10415,129
2021-01-14,Calaveras,009,45235,1585,1513,7,1520,21
2021-01-14,Colusa,011,21464,1610,1535,158,1693,7
2021-01-14,Contra Costa,013,1133247,52973,49545,854,50399,415
2021-01-14,Del Norte,015,27424,859,821,2,823,2
2021-01-14,El Dorado,017,186661,7985,7321,496,7817,45
2021-01-14,Fresno,019,978130,85161,79033,6298,85331,814
2021-01-14,Glenn,021,27897,1988,1798,387,2185,9
2021-01-14,Humboldt,023,135768,2399,2169,8,2177,22
2021-01-14,Imperial,025,180216,25648,24882,2178,27060,447
2021-01-14,Inyo,027,18085,960,790,8,798,25
2021-01-14,Kern,029,883053,81715,77070,7238,84308,705
2021-01-14,Kings,031,150075,19633,18405,757,19162,108
2021-01-14,Lake,033,64148,2627,2378,0,2378,27
2021-01-14,Lassen,035,31185,4784,4673,73,4746,1
2021-01-14,Los Angeles,037,10098052,1026437,954652,32730,987382,13147
2021-01-14,Madera,039,155013,13669,12742,641,13383,85
2021-01-14,Marin,041,260295,11622,11155,117,11272,159
2021-01-14,Mariposa,043,17540,330,302,2,304,3
2021-01-14,Mendocino,045,87422,3031,2801,46,2847,31
2021-01-14,Merced,047,269075,23925,22780,586,23366,239
2021-01-14,Modoc,049,8938,297,273,87,360,0
2021-01-14,Mono,051,14174,1080,1020,13,1033,3
2021-01-14,Monterey,053,433212,36019,34105,1101,35206,242
2021-01-14,Napa,055,140530,7699,7117,31,7148,38
2021-01-14,Nevada,057,99092,3313,3075,127,3202,17
2021-01-14,Orange,059,3164182,215055,204442,8675,213117,2162
2021-01-14,Placer,061,380077,18053,16488,845,17333,169
2021-01-14,Plumas,063,18699,575,496,9,505,2
2021-01-14,Riverside,065,2383286,248310,231684,11699,243383,2357
2021-01-14,Sacramento,067,1510023,81089,79137,900,80037,1007
2021-01-14,San Benito,069,59416,4961,4678,53,4731,35
2021-01-14,San Bernardino,071,2135413,257968,243379,7331,250710,1750
2021-01-14,San Diego,073,3302833,221642,204173,10196,214369,2005
2021-01-14,San Francisco,075,870044,29350,28200,508,28708,238
2021-01-14,San Joaquin,077,732212,57982,55058,2268,57326,739
2021-01-14,San Luis Obispo,079,281455,16161,14851,402,15253,146
2021-01-14,San Mateo,081,765935,33496,30694,216,30910,208
2021-01-14,Santa Barbara,083,443738,25712,23126,780,23906,219
2021-01-14,Santa Clara,085,1922200,93800,88505,413,88918,910
2021-01-14,Santa Cruz,087,273765,13064,11583,584,12167,109
2021-01-14,Shasta,089,179085,9793,9334,961,10295,90
2021-01-14,Sierra,091,2930,44,35,7,42,0
2021-01-14,Siskiyou,093,43540,1222,1108,174,1282,3
2021-01-14,Solano,095,438530,25458,23782,270,24052,103
2021-01-14,Sonoma,097,501317,23998,22910,121,23031,202
2021-01-14,Stanislaus,099,539301,43203,40597,4212,44809,574
2021-01-14,Sutter,101,95872,7703,7416,61,7477,74
2021-01-14,Tehama,103,63373,3916,3664,427,4091,17
2021-01-14,Trinity,105,12862,438,261,66,327,3
2021-01-14,Tulare,107,460477,42236,39565,5537,45102,533
2021-01-14,Tuolumne,109,53932,3313,3215,29,3244,28
2021-01-14,Ventura,111,848112,62048,57941,2144,60085,347
2021-01-14,Yolo,113,214977,11041,10097,117,10214,135
2021-01-14,Yuba,115,75493,4746,4496,59,4555,27
2021-01-13,Alameda,001,1643700,67505,63568,1401,64969,690
2021-01-13,Alpine,003,1148,73,71,0,71,0
2021-01-13,Amador,005,37829,3020,2914,24,2938,26
2021-01-13,Butte,007,227075,9776,9013,1274,10287,126
2021-01-13,Calaveras,009,45235,1563,1493,7,1500,21
2021-01-13,Colusa,011,21464,1598,1524,153,1677,7
2021-01-13,Contra Costa,013,1133247,52393,48877,841,49718,403
2021-01-13,Del Norte,015,27424,855,820,2,822,2
2021-01-13,El Dorado,017,186661,7892,7247,488,7735,43
2021-01-13,Fresno,019,978130,84443,78278,6256,84534,804
2021-01-13,Glenn,021,27897,1973,1792,379,2171,9
2021-01-13,Humboldt,023,135768,2367,2114,8,2122,22
2021-01-13,Imperial,025,180216,25524,24717,2145,26862,463
2021-01-13,Inyo,027,18085,948,785,8,793,25
2021-01-13,Kern,029,883053,81053,76049,7148,83197,704
2021-01-13,Kings,031,150075,19466,18121,735,18856,108
2021-01-13,Lake,033,64148,2583,2305,0,2305,27
2021-01-13,Lassen,035,31185,4777,4663,72,4735,1
2021-01-13,Los Angeles,037,10098052,1015665,937985,32320,970305,12873
2021-01-13,Madera,039,155013,13543,12570,636,13206,85
2021-01-13,Marin,041,260295,11566,11039,117,11156,161
2021-01-13,Mariposa,043,17540,328,304,2,306,3
2021-01-13,Mendocino,045,87422,3011,2790,46,2836,31
2021-01-13,Merced,047,269075,23685,22497,571,23068,241
2021-01-13,Modoc,049,8938,296,274,84,358,0
2021-01-13,Mono,051,14174,1076,1017,13,1030,3
2021-01-13,Monterey,053,433212,35601,33748,1077,34825,241
2021-01-13,Napa,055,140530,7585,7028,31,7059,36
2021-01-13,Nevada,057,99092,3288,3037,124,3161,17
2021-01-13,Orange,059,3164182,212969,201158,8606,209764,2172
2021-01-13,Placer,061,380077,17925,16272,831,17103,172
2021-01-13,Plumas,063,18699,573,490,9,499,2
2021-01-13,Riverside,065,2383286,245158,228192,11582,239774,2278
2021-01-13,Sacramento,067,1510023,80429,78268,893,79161,996
2021-01-13,San Benito,069,59416,4906,4583,52,4635,35
2021-01-13,San Bernardino,071,2135413,255592,240191,7259,247450,1759
2021-01-13,San Diego,073,3302833,219028,201578,10093,211671,1952
2021-01-13,San Francisco,075,870044,29109,27863,486,28349,238
2021-01-13,San Joaquin,077,732212,57358,54373,2238,56611,738
2021-01-13,San Luis Obispo,079,281455,16007,14625,391,15016,140
2021-01-13,San Mateo,081,765935,33155,30195,214,30409,207
2021-01-13,Santa Barbara,083,443738,25277,22714,756,23470,216
2021-01-13,Santa Clara,085,1922200,92825,87187,410,87597,911
2021-01-13,Santa Cruz,087,273765,12891,11423,570,11993,110
2021-01-13,Shasta,089,179085,9729,9180,947,10127,93
2021-01-13,Sierra,091,2930,44,33,7,40,0
2021-01-13,Siskiyou,093,43540,1216,1102,170,1272,3
2021-01-13,Solano,095,438530,25173,23503,269,23772,105
2021-01-13,Sonoma,097,501317,23748,22610,120,22730,206
2021-01-13,Stanislaus,099,539301,42801,40167,4158,44325,574
2021-01-13,Sutter,101,95872,7657,7350,60,7410,73
2021-01-13,Tehama,103,63373,3866,3589,422,4011,17
2021-01-13,Trinity,105,12862,438,260,66,326,3
2021-01-13,Tulare,107,460477,41828,39129,5433,44562,522
2021-01-13,Tuolumne,109,53932,3299,3196,29,3225,28
2021-01-13,Ventura,111,848112,61035,56453,2105,58558,338
2021-01-13,Yolo,113,214977,10940,9933,113,10046,135
2021-01-13,Yuba,115,75493,4704,4448,56,4504,27
2021-01-12,Alameda,001,1643700,66684,62642,1381,64023,677
2021-01-12,Alpine,003,1148,73,71,0,71,0
2021-01-12,Amador,005,37829,3003,2897,24,2921,26
2021-01-12,Butte,007,227075,9690,8883,1257,10140,124
2021-01-12,Calaveras,009,45235,1526,1475,7,1482,21
2021-01-12,Colusa,011,21464,1586,1510,149,1659,7
2021-01-12,Contra Costa,013,1133247,51748,48242,827,49069,399
2021-01-12,Del Norte,015,27424,850,816,2,818,2
2021-01-12,El Dorado,017,186661,7809,7156,477,7633,41
2021-01-12,Fresno,019,978130,83571,77651,6187,83838,796
2021-01-12,Glenn,021,27897,1944,1781,374,2155,9
2021-01-12,Humboldt,023,135768,2313,2077,7,2084,22
2021-01-12,Imperial,025,180216,25434,24566,2104,26670,457
2021-01-12,Inyo,027,18085,931,773,8,781,25
2021-01-12,Kern,029,883053,80347,75320,7050,82370,689
2021-01-12,Kings,031,150075,19254,18072,725,18797,108
2021-01-12,Lake,033,64148,2536,2260,0,2260,27
2021-01-12,Lassen,035,31185,4755,4659,70,4729,1
2021-01-12,Los Angeles,037,10098052,1004023,926295,31906,958201,12610
2021-01-12,Madera,039,155013,13402,12485,627,13112,85
2021-01-12,Marin,041,260295,11457,10960,117,11077,157
2021-01-12,Mariposa,043,17540,326,302,2,304,3
2021-01-12,Mendocino,045,87422,2991,2762,42,2804,31
2021-01-12,Merced,047,269075,23434,22172,549,22721,239
2021-01-12,Modoc,049,8938,294,274,84,358,0
2021-01-12,Mono,051,14174,1066,1008,13,1021,3
2021-01-12,Monterey,053,433212,35101,33381,1057,34438,240
2021-01-12,Napa,055,140530,7502,6936,31,6967,36
2021-01-12,Nevada,057,99092,3260,3014,122,3136,17
2021-01-12,Orange,059,3164182,210678,198260,8519,206779,2142
2021-01-12,Placer,061,380077,17755,16087,825,16912,163
2021-01-12,Plumas,063,18699,567,483,9,492,2
2021-01-12,Riverside,065,2383286,242027,225580,11442,237022,2266
2021-01-12,Sacramento,067,1510023,79689,77201,885,78086,985
2021-01-12,San Benito,069,59416,4839,4515,52,4567,35
2021-01-12,San Bernardino,071,2135413,253018,237008,7189,244197,1739
2021-01-12,San Diego,073,3302833,216115,198317,9976,208293,1898
2021-01-12,San Francisco,075,870044,28831,27531,453,27984,238
2021-01-12,San Joaquin,077,732212,56716,53630,2211,55841,725
2021-01-12,San Luis Obispo,079,281455,15759,14367,382,14749,132
2021-01-12,San Mateo,081,765935,32764,29747,202,29949,206
2021-01-12,Santa Barbara,083,443738,24865,22182,728,22910,209
2021-01-12,Santa Clara,085,1922200,91753,86075,402,86477,904
2021-01-12,Santa Cruz,087,273765,12676,11267,554,11821,110
2021-01-12,Shasta,089,179085,9656,9086,934,10020,84
2021-01-12,Sierra,091,2930,42,33,6,39,0
2021-01-12,Siskiyou,093,43540,1206,1091,164,1255,3
2021-01-12,Solano,095,438530,24870,23160,264,23424,102
2021-01-12,Sonoma,097,501317,23442,22403,120,22523,205
2021-01-12,Stanislaus,099,539301,42351,39615,4124,43739,571
2021-01-12,Sutter,101,95872,7594,7276,59,7335,73
2021-01-12,Tehama,103,63373,3830,3567,418,3985,17
2021-01-12,Trinity,105,12862,438,258,66,324,3
2021-01-12,Tulare,107,460477,41369,38797,5317,44114,509
2021-01-12,Tuolumne,109,53932,3265,3178,29,3207,28
2021-01-12,Ventura,111,848112,60063,55342,2072,57414,324
2021-01-12,Yolo,113,214977,10806,9857,103,9960,133
2021-01-12,Yuba,115,75493,4662,4389,56,4445,27
2021-01-11,Alameda,001,1643700,65823,61949,1364,63313,652
2021-01-11,Alpine,003,1148,73,70,0,70,0
2021-01-11,Amador,005,37829,2989,2867,24,2891,24
2021-01-11,Butte,007,227075,9576,8757,1239,9996,119
2021-01-11,Calaveras,009,45235,1508,1460,7,1467,21
2021-01-11,Colusa,011,21464,1568,1494,145,1639,7
2021-01-11,Contra Costa,013,1133247,51070,47728,818,48546,398
2021-01-11,Del Norte,015,27424,846,810,2,812,2
2021-01-11,El Dorado,017,186661,7715,6987,470,7457,36
2021-01-11,Fresno,019,978130,82691,76581,6109,82690,775
2021-01-11,Glenn,021,27897,1915,1763,365,2128,9
2021-01-11,Humboldt,023,135768,2274,2069,7,2076,22
2021-01-11,Imperial,025,180216,25319,24418,2069,26487,453
2021-01-11,Inyo,027,18085,913,763,8,771,25
2021-01-11,Kern,029,883053,79491,74489,6948,81437,682
2021-01-11,Kings,031,150075,18991,17909,717,18626,108
2021-01-11,Lake,033,64148,2484,2205,0,2205,26
2021-01-11,Lassen,035,31185,4732,4647,69,4716,1
2021-01-11,Los Angeles,037,10098052,990821,914434,31433,945867,12304
2021-01-11,Madera,039,155013,13269,12366,616,12982,85
2021-01-11,Marin,041,260295,11361,10814,114,10928,156
2021-01-11,Mariposa,043,17540,319,296,2,298,3
2021-01-11,Mendocino,045,87422,2964,2728,42,2770,31
2021-01-11,Merced,047,269075,23111,21884,535,22419,238
2021-01-11,Modoc,049,8938,293,271,83,354,0
2021-01-11,Mono,051,14174,1060,1006,13,1019,3
2021-01-11,Monterey,053,433212,34561,32858,993,33851,239
2021-01-11,Napa,055,140530,7400,6822,31,6853,36
2021-01-11,Nevada,057,99092,3232,2980,122,3102,17
2021-01-11,Orange,059,3164182,208095,196340,8418,204758,2113
2021-01-11,Placer,061,380077,17572,15919,815,16734,163
2021-01-11,Plumas,063,18699,563,477,9,486,2
2021-01-11,Riverside,065,2383286,238507,222907,11295,234202,2222
2021-01-11,Sacramento,067,1510023,78760,76009,869,76878,974
2021-01-11,San Benito,069,59416,4762,4482,45,4527,34
2021-01-11,San Bernardino,071,2135413,250181,235543,7090,242633,1739
2021-01-11,San Diego,073,3302833,212846,194793,9817,204610,1857
2021-01-11,San Francisco,075,870044,28556,27264,431,27695,238
2021-01-11,San Joaquin,077,732212,56105,53002,2181,55183,725
2021-01-11,San Luis Obispo,079,281455,15389,14213,374,14587,126
2021-01-11,San Mateo,081,765935,32319,29355,190,29545,206
2021-01-11,Santa Barbara,083,443738,24423,21740,711,22451,200
2021-01-11,Santa Clara,085,1922200,90551,84851,393,85244,877
2021-01-11,Santa Cruz,087,273765,12496,11093,530,11623,106
2021-01-11,Shasta,089,179085,9558,8977,921,9898,81
2021-01-11,Sierra,091,2930,41,33,6,39,0
2021-01-11,Siskiyou,093,43540,1197,1087,162,1249,3
2021-01-11,Solano,095,438530,24548,22893,259,23152,101
2021-01-11,Sonoma,097,501317,23196,22191,120,22311,205
2021-01-11,Stanislaus,099,539301,41859,39149,4073,43222,571
2021-01-11,Sutter,101,95872,7535,7204,58,7262,71
2021-01-11,Tehama,103,63373,3766,3524,396,3920,17
2021-01-11,Trinity,105,12862,438,256,66,322,2
2021-01-11,Tulare,107,460477,40954,38380,5238,43618,497
2021-01-11,Tuolumne,109,53932,3254,3165,29,3194,27
2021-01-11,Ventura,111,848112,58926,54202,2049,56251,320
2021-01-11,Yolo,113,214977,10595,9699,101,9800,129
2021-01-11,Yuba,115,75493,4624,4349,49,4398,27
2021-01-10,Alameda,001,1643700,64833,61111,1335,62446,650
2021-01-10,Alpine,003,1148,73,70,0,70,0
2021-01-10,Amador,005,37829,2965,2861,24,2885,24
2021-01-10,Butte,007,227075,9457,8665,1213,9878,119
2021-01-10,Calaveras,009,45235,1483,1449,7,1456,21
2021-01-10,Colusa,011,21464,1544,1478,144,1622,7
2021-01-10,Contra Costa,013,1133247,50283,47109,800,47909,398
2021-01-10,Del Norte,015,27424,843,809,2,811,2
2021-01-10,El Dorado,017,186661,7628,6904,452,7356,36
2021-01-10,Fresno,019,978130,81880,75621,5985,81606,775
2021-01-10,Glenn,021,27897,1891,1746,357,2103,9
2021-01-10,Humboldt,023,135768,2213,2049,7,2056,22
2021-01-10,Imperial,025,180216,25156,24233,2018,26251,453
2021-01-10,Inyo,027,18085,885,748,8,756,25
2021-01-10,Kern,029,883053,78665,73712,6815,80527,679
2021-01-10,Kings,031,150075,18772,17812,710,18522,108
2021-01-10,Lake,033,64148,2431,2174,0,2174,26
2021-01-10,Lassen,035,31185,4710,4642,69,4711,1
2021-01-10,Los Angeles,037,10098052,976241,901783,30804,932587,12170
2021-01-10,Madera,039,155013,13080,12179,601,12780,85
2021-01-10,Marin,041,260295,11240,10737,112,10849,155
2021-01-10,Mariposa,043,17540,319,291,2,293,3
2021-01-10,Mendocino,045,87422,2933,2706,39,2745,31
2021-01-10,Merced,047,269075,22837,21691,525,22216,238
2021-01-10,Modoc,049,8938,293,271,81,352,0
2021-01-10,Mono,051,14174,1042,965,13,978,3
2021-01-10,Monterey,053,433212,34121,32571,961,33532,237
2021-01-10,Napa,055,140530,7296,6687,29,6716,36
2021-01-10,Nevada,057,99092,3213,2959,118,3077,17
2021-01-10,Orange,059,3164182,205330,193766,8294,202060,2104
2021-01-10,Placer,061,380077,17384,15779,795,16574,163
2021-01-10,Plumas,063,18699,553,477,9,486,2
2021-01-10,Riverside,065,2383286,235130,219486,11105,230591,2216
2021-01-10,Sacramento,067,1510023,77798,75394,841,76235,965
2021-01-10,San Benito,069,59416,4665,4434,44,4478,34
2021-01-10,San Bernardino,071,2135413,246597,232171,6987,239158,1736
2021-01-10,San Diego,073,3302833,209181,191886,9650,201536,1857
2021-01-10,San Francisco,075,870044,28172,27054,400,27454,238
2021-01-10,San Joaquin,077,732212,55246,52535,2147,54682,725
2021-01-10,San Luis Obispo,079,281455,15059,13968,362,14330,122
2021-01-10,San Mateo,081,765935,31827,28972,176,29148,206
2021-01-10,Santa Barbara,083,443738,23874,21290,690,21980,200
2021-01-10,Santa Clara,085,1922200,89375,83779,384,84163,858
2021-01-10,Santa Cruz,087,273765,12283,10951,509,11460,106
2021-01-10,Shasta,089,179085,9446,8936,906,9842,81
2021-01-10,Sierra,091,2930,40,32,6,38,0
2021-01-10,Siskiyou,093,43540,1191,1075,159,1234,3
2021-01-10,Solano,095,438530,24147,22621,256,22877,101
2021-01-10,Sonoma,097,501317,22923,21925,119,22044,204
2021-01-10,Stanislaus,099,539301,41295,38809,3993,42802,571
2021-01-10,Sutter,101,95872,7474,7133,55,7188,71
2021-01-10,Tehama,103,63373,3693,3504,383,3887,17
2021-01-10,Trinity,105,12862,438,253,64,317,2
2021-01-10,Tulare,107,460477,40537,38012,5116,43128,497
2021-01-10,Tuolumne,109,53932,3220,3143,28,3171,27
2021-01-10,Ventura,111,848112,57657,53095,2005,55100,319
2021-01-10,Yolo,113,214977,10443,9610,100,9710,129
2021-01-10,Yuba,115,75493,4572,4300,46,4346,27
2021-01-09,Alameda,001,1643700,64308,60125,1319,61444,649
2021-01-09,Alpine,003,1148,73,70,0,70,0
2021-01-09,Amador,005,37829,2958,2809,24,2833,24
2021-01-09,Butte,007,227075,9376,8552,1189,9741,118
2021-01-09,Calaveras,009,45235,1473,1425,7,1432,21
2021-01-09,Colusa,011,21464,1538,1468,143,1611,7
2021-01-09,Contra Costa,013,1133247,49934,46406,785,47191,393
2021-01-09,Del Norte,015,27424,841,802,2,804,2
2021-01-09,El Dorado,017,186661,7596,6800,449,7249,36
2021-01-09,Fresno,019,978130,81471,74816,5945,80761,773
2021-01-09,Glenn,021,27897,1876,1707,352,2059,9
2021-01-09,Humboldt,023,135768,2195,2026,7,2033,22
2021-01-09,Imperial,025,180216,25088,24028,2004,26032,448
2021-01-09,Inyo,027,18085,875,734,8,742,25
2021-01-09,Kern,029,883053,78201,73015,6739,79754,677
2021-01-09,Kings,031,150075,18677,17679,706,18385,108
2021-01-09,Lake,033,64148,2396,2144,0,2144,26
2021-01-09,Lassen,035,31185,4698,4613,68,4681,1
2021-01-09,Los Angeles,037,10098052,970676,887949,30362,918311,12011
2021-01-09,Madera,039,155013,12989,12063,596,12659,85
2021-01-09,Marin,041,260295,11177,10634,111,10745,154
2021-01-09,Mariposa,043,17540,316,287,2,289,3
2021-01-09,Mendocino,045,87422,2915,2664,39,2703,31
2021-01-09,Merced,047,269075,22696,21357,515,21872,237
2021-01-09,Modoc,049,8938,293,271,80,351,0
2021-01-09,Mono,051,14174,1037,964,13,977,3
2021-01-09,Monterey,053,433212,33974,31948,952,32900,235
2021-01-09,Napa,055,140530,7226,6594,26,6620,36
2021-01-09,Nevada,057,99092,3191,2932,115,3047,17
2021-01-09,Orange,059,3164182,203824,191004,8201,199205,2034
2021-01-09,Placer,061,380077,17276,15609,793,16402,162
2021-01-09,Plumas,063,18699,551,477,9,486,2
2021-01-09,Riverside,065,2383286,233379,216076,10968,227044,2201
2021-01-09,Sacramento,067,1510023,77273,74482,836,75318,953
2021-01-09,San Benito,069,59416,4616,4335,44,4379,34
2021-01-09,San Bernardino,071,2135413,245409,228857,6918,235775,1714
2021-01-09,San Diego,073,3302833,207488,188598,9530,198128,1824
2021-01-09,San Francisco,075,870044,27997,26708,357,27065,235
2021-01-09,San Joaquin,077,732212,54897,51927,2127,54054,724
2021-01-09,San Luis Obispo,079,281455,14935,13647,351,13998,121
2021-01-09,San Mateo,081,765935,31530,28512,169,28681,205
2021-01-09,Santa Barbara,083,443738,23666,20971,681,21652,197
2021-01-09,Santa Clara,085,1922200,88533,82269,372,82641,808
2021-01-09,Santa Cruz,087,273765,12187,10717,504,11221,107
2021-01-09,Shasta,089,179085,9413,8893,902,9795,81
2021-01-09,Sierra,091,2930,38,32,6,38,0
2021-01-09,Siskiyou,093,43540,1187,1062,155,1217,3
2021-01-09,Solano,095,438530,23989,22226,255,22481,101
2021-01-09,Sonoma,097,501317,22802,21393,119,21512,202
2021-01-09,Stanislaus,099,539301,40999,38403,3955,42358,567
2021-01-09,Sutter,101,95872,7438,7072,54,7126,69
2021-01-09,Tehama,103,63373,3663,3451,371,3822,15
2021-01-09,Trinity,105,12862,438,252,64,316,2
2021-01-09,Tulare,107,460477,40282,37684,5050,42734,496
2021-01-09,Tuolumne,109,53932,3212,3117,27,3144,26
2021-01-09,Ventura,111,848112,56828,51988,1979,53967,306
2021-01-09,Yolo,113,214977,10372,9524,97,9621,129
2021-01-09,Yuba,115,75493,4544,4265,46,4311,27
2021-01-08,Alameda,001,1643700,63755,59172,1309,60481,646
2021-01-08,Alpine,003,1148,73,70,0,70,0
2021-01-08,Amador,005,37829,2951,2792,24,2816,24
2021-01-08,Butte,007,227075,9316,8430,1174,9604,115
2021-01-08,Calaveras,009,45235,1460,1385,7,1392,21
2021-01-08,Colusa,011,21464,1525,1448,142,1590,7
2021-01-08,Contra Costa,013,1133247,49409,45667,781,46448,381
2021-01-08,Del Norte,015,27424,839,795,2,797,2
2021-01-08,El Dorado,017,186661,7526,6690,437,7127,36
2021-01-08,Fresno,019,978130,80656,73689,5884,79573,771
2021-01-08,Glenn,021,27897,1860,1680,348,2028,9
2021-01-08,Humboldt,023,135768,2171,1988,7,1995,22
2021-01-08,Imperial,025,180216,25022,23751,1989,25740,446
2021-01-08,Inyo,027,18085,861,682,8,690,24
2021-01-08,Kern,029,883053,77639,71978,6666,78644,674
2021-01-08,Kings,031,150075,18549,17441,701,18142,108
2021-01-08,Lake,033,64148,2371,2098,0,2098,26
2021-01-08,Lassen,035,31185,4690,4598,66,4664,1
2021-01-08,Los Angeles,037,10098052,959884,871188,29930,901118,11796
2021-01-08,Madera,039,155013,12838,11846,587,12433,85
2021-01-08,Marin,041,260295,11083,10531,110,10641,153
2021-01-08,Mariposa,043,17540,315,273,2,275,3
2021-01-08,Mendocino,045,87422,2896,2634,36,2670,31
2021-01-08,Merced,047,269075,22501,20862,509,21371,236
2021-01-08,Modoc,049,8938,293,266,80,346,0
2021-01-08,Mono,051,14174,1027,951,13,964,3
2021-01-08,Monterey,053,433212,33715,31543,942,32485,224
2021-01-08,Napa,055,140530,7156,6544,26,6570,32
2021-01-08,Nevada,057,99092,3169,2888,115,3003,17
2021-01-08,Orange,059,3164182,201832,186608,8114,194722,1991
2021-01-08,Placer,061,380077,17148,15401,786,16187,161
2021-01-08,Plumas,063,18699,545,465,9,474,2
2021-01-08,Riverside,065,2383286,230982,212122,10837,222959,2184
2021-01-08,Sacramento,067,1510023,76692,73245,830,74075,939
2021-01-08,San Benito,069,59416,4579,4225,43,4268,33
2021-01-08,San Bernardino,071,2135413,243522,224267,6847,231114,1703
2021-01-08,San Diego,073,3302833,204953,185060,9436,194496,1771
2021-01-08,San Francisco,075,870044,27748,26378,333,26711,207
2021-01-08,San Joaquin,077,732212,54561,50990,2098,53088,710
2021-01-08,San Luis Obispo,079,281455,14801,13286,339,13625,119
2021-01-08,San Mateo,081,765935,31181,28072,166,28238,204
2021-01-08,Santa Barbara,083,443738,23386,20461,672,21133,189
2021-01-08,Santa Clara,085,1922200,87511,80561,369,80930,789
2021-01-08,Santa Cruz,087,273765,12047,10486,495,10981,106
2021-01-08,Shasta,089,179085,9363,8772,887,9659,81
2021-01-08,Sierra,091,2930,38,31,6,37,0
2021-01-08,Siskiyou,093,43540,1184,1027,154,1181,3
2021-01-08,Solano,095,438530,23818,21832,252,22084,100
2021-01-08,Sonoma,097,501317,22662,21178,119,21297,201
2021-01-08,Stanislaus,099,539301,40703,37858,3918,41776,566
2021-01-08,Sutter,101,95872,7388,6982,54,7036,68
2021-01-08,Tehama,103,63373,3640,3406,366,3772,15
2021-01-08,Trinity,105,12862,438,247,64,311,2
2021-01-08,Tulare,107,460477,40010,36946,4948,41894,491
2021-01-08,Tuolumne,109,53932,3203,3099,27,3126,19
2021-01-08,Ventura,111,848112,55962,50553,1955,52508,294
2021-01-08,Yolo,113,214977,10283,9391,93,9484,129
2021-01-08,Yuba,115,75493,4502,4195,45,4240,26
2021-01-07,Alameda,001,1643700,62881,57921,1282,59203,632
2021-01-07,Alpine,003,1148,71,70,0,70,0
2021-01-07,Amador,005,37829,2938,2740,23,2763,24
2021-01-07,Butte,007,227075,9219,8278,1147,9425,112
2021-01-07,Calaveras,009,45235,1443,1342,6,1348,21
2021-01-07,Colusa,011,21464,1513,1420,135,1555,7
2021-01-07,Contra Costa,013,1133247,48628,44756,764,45520,376
2021-01-07,Del Norte,015,27424,837,791,2,793,2
2021-01-07,El Dorado,017,186661,7425,6545,425,6970,36
2021-01-07,Fresno,019,978130,79700,72557,5784,78341,765
2021-01-07,Glenn,021,27897,1844,1639,339,1978,9
2021-01-07,Humboldt,023,135768,2144,1954,7,1961,22
2021-01-07,Imperial,025,180216,24829,23608,1936,25544,431
2021-01-07,Inyo,027,18085,848,656,8,664,20
2021-01-07,Kern,029,883053,76784,70953,6515,77468,660
2021-01-07,Kings,031,150075,18421,17238,692,17930,108
2021-01-07,Lake,033,64148,2316,2054,0,2054,26
2021-01-07,Lassen,035,31185,4685,4581,64,4645,1
2021-01-07,Los Angeles,037,10098052,945006,853187,29384,882571,11480
2021-01-07,Madera,039,155013,12681,11644,576,12220,76
2021-01-07,Marin,041,260295,10992,10364,108,10472,153
2021-01-07,Mariposa,043,17540,313,264,2,266,3
2021-01-07,Mendocino,045,87422,2841,2585,32,2617,30
2021-01-07,Merced,047,269075,22180,20510,494,21004,234
2021-01-07,Modoc,049,8938,293,265,80,345,0
2021-01-07,Mono,051,14174,1016,905,13,918,3
2021-01-07,Monterey,053,433212,33190,30903,919,31822,222
2021-01-07,Napa,055,140530,7046,6408,26,6434,32
2021-01-07,Nevada,057,99092,3135,2847,110,2957,17
2021-01-07,Orange,059,3164182,198991,181922,8016,189938,1974
2021-01-07,Placer,061,380077,16971,15155,757,15912,144
2021-01-07,Plumas,063,18699,543,454,9,463,2
2021-01-07,Riverside,065,2383286,227529,208177,10682,218859,2156
2021-01-07,Sacramento,067,1510023,75788,72342,809,73151,919
2021-01-07,San Benito,069,59416,4517,4112,39,4151,33
2021-01-07,San Bernardino,071,2135413,239984,219691,6766,226457,1666
2021-01-07,San Diego,073,3302833,201647,180510,9257,189767,1738
2021-01-07,San Francisco,075,870044,27415,25885,318,26203,202
2021-01-07,San Joaquin,077,732212,53877,50156,2067,52223,689
2021-01-07,San Luis Obispo,079,281455,14562,12810,326,13136,118
2021-01-07,San Mateo,081,765935,30671,27494,162,27656,201
2021-01-07,Santa Barbara,083,443738,22966,19931,659,20590,187
2021-01-07,Santa Clara,085,1922200,86294,78808,365,79173,775
2021-01-07,Santa Cruz,087,273765,11838,10228,488,10716,104
2021-01-07,Shasta,089,179085,9276,8612,879,9491,81
2021-01-07,Sierra,091,2930,38,31,6,37,0
2021-01-07,Siskiyou,093,43540,1179,1010,152,1162,3
2021-01-07,Solano,095,438530,23426,21384,248,21632,100
2021-01-07,Sonoma,097,501317,22399,20857,118,20975,200
2021-01-07,Stanislaus,099,539301,40275,37296,3866,41162,553
2021-01-07,Sutter,101,95872,7328,6890,53,6943,65
2021-01-07,Tehama,103,63373,3616,3330,359,3689,15
2021-01-07,Trinity,105,12862,438,247,64,311,2
2021-01-07,Tulare,107,460477,39609,36397,4811,41208,482
2021-01-07,Tuolumne,109,53932,3183,3068,26,3094,14
2021-01-07,Ventura,111,848112,54801,49083,1927,51010,288
2021-01-07,Yolo,113,214977,10145,9207,91,9298,128
2021-01-07,Yuba,115,75493,4460,4128,45,4173,25
2021-01-06,Alameda,001,1643700,62027,57081,1251,58332,616
2021-01-06,Alpine,003,1148,71,70,0,70,0
2021-01-06,Amador,005,37829,2917,2717,22,2739,24
2021-01-06,Butte,007,227075,9106,8147,1129,9276,110
2021-01-06,Calaveras,009,45235,1419,1321,6,1327,21
2021-01-06,Colusa,011,21464,1492,1385,130,1515,7
2021-01-06,Contra Costa,013,1133247,47823,44054,747,44801,358
2021-01-06,Del Norte,015,27424,831,780,2,782,2
2021-01-06,El Dorado,017,186661,7313,6397,412,6809,35
2021-01-06,Fresno,019,978130,78858,71404,5680,77084,752
2021-01-06,Glenn,021,27897,1819,1622,334,1956,9
2021-01-06,Humboldt,023,135768,2118,1912,7,1919,22
2021-01-06,Imperial,025,180216,24579,23400,1894,25294,431
2021-01-06,Inyo,027,18085,832,630,8,638,20
2021-01-06,Kern,029,883053,75840,69893,6384,76277,646
2021-01-06,Kings,031,150075,18223,17019,672,17691,108
2021-01-06,Lake,033,64148,2279,2033,0,2033,26
2021-01-06,Lassen,035,31185,4673,4560,60,4620,1
2021-01-06,Los Angeles,037,10098052,929074,835052,28683,863735,11285
2021-01-06,Madera,039,155013,12545,11407,570,11977,67
2021-01-06,Marin,041,260295,10864,10282,107,10389,153
2021-01-06,Mariposa,043,17540,310,259,2,261,3
2021-01-06,Mendocino,045,87422,2811,2561,32,2593,30
2021-01-06,Merced,047,269075,21842,20258,479,20737,232
2021-01-06,Modoc,049,8938,293,263,80,343,0
2021-01-06,Mono,051,14174,985,905,13,918,3
2021-01-06,Monterey,053,433212,32595,30387,886,31273,222
2021-01-06,Napa,055,140530,6916,6342,26,6368,32
2021-01-06,Nevada,057,99092,3115,2805,109,2914,15
2021-01-06,Orange,059,3164182,195537,177686,7874,185560,1935
2021-01-06,Placer,061,380077,16783,14940,739,15679,134
2021-01-06,Plumas,063,18699,535,445,9,454,2
2021-01-06,Riverside,065,2383286,223503,203714,10495,214209,2121
2021-01-06,Sacramento,067,1510023,74766,71572,792,72364,909
2021-01-06,San Benito,069,59416,4440,4031,38,4069,32
2021-01-06,San Bernardino,071,2135413,236262,215286,6659,221945,1634
2021-01-06,San Diego,073,3302833,198149,176660,9086,185746,1691
2021-01-06,San Francisco,075,870044,27044,25424,310,25734,199
2021-01-06,San Joaquin,077,732212,53118,49286,2025,51311,673
2021-01-06,San Luis Obispo,079,281455,14169,12305,319,12624,115
2021-01-06,San Mateo,081,765935,30247,27050,159,27209,200
2021-01-06,Santa Barbara,083,443738,22484,19453,649,20102,177
2021-01-06,Santa Clara,085,1922200,84887,77485,358,77843,746
2021-01-06,Santa Cruz,087,273765,11618,9954,470,10424,97
2021-01-06,Shasta,089,179085,9205,8482,872,9354,78
2021-01-06,Sierra,091,2930,37,31,6,37,0
2021-01-06,Siskiyou,093,43540,1167,998,148,1146,3
2021-01-06,Solano,095,438530,23040,21102,245,21347,99
2021-01-06,Sonoma,097,501317,22094,20558,118,20676,196
2021-01-06,Stanislaus,099,539301,39678,36751,3804,40555,553
2021-01-06,Sutter,101,95872,7246,6839,52,6891,59
2021-01-06,Tehama,103,63373,3588,3306,353,3659,15
2021-01-06,Trinity,105,12862,438,246,64,310,2
2021-01-06,Tulare,107,460477,39053,35882,4712,40594,465
2021-01-06,Tuolumne,109,53932,3163,3008,26,3034,14
2021-01-06,Ventura,111,848112,53556,47428,1903,49331,280
2021-01-06,Yolo,113,214977,9983,9083,88,9171,127
2021-01-06,Yuba,115,75493,4411,4097,45,4142,25
2021-01-05,Alameda,001,1643700,60906,56432,1216,57648,602
2021-01-05,Alpine,003,1148,71,70,0,70,0
2021-01-05,Amador,005,37829,2877,2695,22,2717,24
2021-01-05,Butte,007,227075,8966,8008,1103,9111,107
2021-01-05,Calaveras,009,45235,1373,1292,6,1298,21
2021-01-05,Colusa,011,21464,1467,1376,124,1500,7
2021-01-05,Contra Costa,013,1133247,46940,43442,736,44178,353
2021-01-05,Del Norte,015,27424,824,770,2,772,2
2021-01-05,El Dorado,017,186661,7195,6270,391,6661,32
2021-01-05,Fresno,019,978130,77635,70971,5587,76558,741
2021-01-05,Glenn,021,27897,1794,1608,322,1930,9
2021-01-05,Humboldt,023,135768,2082,1884,7,1891,22
2021-01-05,Imperial,025,180216,24406,23165,1850,25015,421
2021-01-05,Inyo,027,18085,818,627,8,635,20
2021-01-05,Kern,029,883053,74763,68257,6244,74501,624
2021-01-05,Kings,031,150075,18024,16860,649,17509,108
2021-01-05,Lake,033,64148,2232,2015,0,2015,25
2021-01-05,Lassen,035,31185,4659,4554,56,4610,1
2021-01-05,Los Angeles,037,10098052,910361,823783,28007,851790,11028
2021-01-05,Madera,039,155013,12369,11359,557,11916,67
2021-01-05,Marin,041,260295,10711,10214,105,10319,151
2021-01-05,Mariposa,043,17540,304,257,2,259,3
2021-01-05,Mendocino,045,87422,2775,2501,32,2533,30
2021-01-05,Merced,047,269075,21490,20051,468,20519,230
2021-01-05,Modoc,049,8938,293,254,80,334,0
2021-01-05,Mono,051,14174,979,896,12,908,3
2021-01-05,Monterey,053,433212,32023,30045,852,30897,213
2021-01-05,Napa,055,140530,6829,6264,26,6290,29
2021-01-05,Nevada,057,99092,3087,2781,107,2888,15
2021-01-05,Orange,059,3164182,191898,174869,7678,182547,1918
2021-01-05,Placer,061,380077,16560,14723,716,15439,133
2021-01-05,Plumas,063,18699,528,428,9,437,2
2021-01-05,Riverside,065,2383286,219372,200439,10322,210761,2069
2021-01-05,Sacramento,067,1510023,73839,70677,766,71443,888
2021-01-05,San Benito,069,59416,4338,3961,36,3997,28
2021-01-05,San Bernardino,071,2135413,232324,212522,6545,219067,1615
2021-01-05,San Diego,073,3302833,194010,172845,8873,181718,1654
2021-01-05,San Francisco,075,870044,26680,24989,292,25281,196
2021-01-05,San Joaquin,077,732212,52241,48969,1976,50945,663
2021-01-05,San Luis Obispo,079,281455,13769,12027,309,12336,106
2021-01-05,San Mateo,081,765935,29763,26486,157,26643,198
2021-01-05,Santa Barbara,083,443738,22047,19063,639,19702,172
2021-01-05,Santa Clara,085,1922200,83352,76355,345,76700,729
2021-01-05,Santa Cruz,087,273765,11345,9753,446,10199,93
2021-01-05,Shasta,089,179085,9098,8345,854,9199,73
2021-01-05,Sierra,091,2930,37,31,6,37,0
2021-01-05,Siskiyou,093,43540,1155,985,146,1131,3
2021-01-05,Solano,095,438530,22633,20860,240,21100,97
2021-01-05,Sonoma,097,501317,21729,20247,117,20364,194
2021-01-05,Stanislaus,099,539301,39134,36363,3756,40119,553
2021-01-05,Sutter,101,95872,7148,6769,51,6820,59
2021-01-05,Tehama,103,63373,3531,3255,348,3603,9
2021-01-05,Trinity,105,12862,438,246,64,310,2
2021-01-05,Tulare,107,460477,38431,35585,4566,40151,455
2021-01-05,Tuolumne,109,53932,3139,2996,21,3017,13
2021-01-05,Ventura,111,848112,52309,46456,1881,48337,264
2021-01-05,Yolo,113,214977,9807,8980,87,9067,127
2021-01-05,Yuba,115,75493,4352,4053,44,4097,21
2021-01-04,Alameda,001,1643700,59666,55899,1183,57082,583
2021-01-04,Alpine,003,1148,71,68,0,68,0
2021-01-04,Amador,005,37829,2837,2596,22,2618,24
2021-01-04,Butte,007,227075,8807,7893,1079,8972,105
2021-01-04,Calaveras,009,45235,1332,1276,5,1281,21
2021-01-04,Colusa,011,21464,1442,1368,110,1478,7
2021-01-04,Contra Costa,013,1133247,46091,43019,711,43730,353
2021-01-04,Del Norte,015,27424,815,770,2,772,2
2021-01-04,El Dorado,017,186661,7061,6152,375,6527,27
2021-01-04,Fresno,019,978130,76366,69871,5490,75361,726
2021-01-04,Glenn,021,27897,1763,1590,314,1904,9
2021-01-04,Humboldt,023,135768,2046,1845,7,1852,22
2021-01-04,Imperial,025,180216,24252,23035,1797,24832,420
2021-01-04,Inyo,027,18085,791,623,8,631,20
2021-01-04,Kern,029,883053,73677,67418,6047,73465,623
2021-01-04,Kings,031,150075,17747,16801,624,17425,108
2021-01-04,Lake,033,64148,2191,1984,0,1984,25
2021-01-04,Lassen,035,31185,4637,4550,55,4605,1
2021-01-04,Los Angeles,037,10098052,890268,813022,27133,840155,10790
2021-01-04,Madera,039,155013,12149,11204,535,11739,67
2021-01-04,Marin,041,260295,10575,10115,102,10217,151
2021-01-04,Mariposa,043,17540,298,253,2,255,3
2021-01-04,Mendocino,045,87422,2735,2460,28,2488,28
2021-01-04,Merced,047,269075,21075,19804,449,20253,230
2021-01-04,Modoc,049,8938,277,250,78,328,0
2021-01-04,Mono,051,14174,968,895,12,907,3
2021-01-04,Monterey,053,433212,31381,29659,829,30488,212
2021-01-04,Napa,055,140530,6688,6187,26,6213,29
2021-01-04,Nevada,057,99092,3049,2765,104,2869,15
2021-01-04,Orange,059,3164182,188006,172458,7551,180009,1918
2021-01-04,Placer,061,380077,16302,14622,703,15325,133
2021-01-04,Plumas,063,18699,518,419,9,428,1
2021-01-04,Riverside,065,2383286,214827,196809,10130,206939,2066
2021-01-04,Sacramento,067,1510023,72778,70164,756,70920,870
2021-01-04,San Benito,069,59416,4226,3914,36,3950,28
2021-01-04,San Bernardino,071,2135413,228097,210868,6394,217262,1615
2021-01-04,San Diego,073,3302833,189436,171031,8677,179708,1598
2021-01-04,San Francisco,075,870044,26296,24753,286,25039,191
2021-01-04,San Joaquin,077,732212,51339,48644,1935,50579,661
2021-01-04,San Luis Obispo,079,281455,13283,11945,301,12246,96
2021-01-04,San Mateo,081,765935,29199,26150,152,26302,198
2021-01-04,Santa Barbara,083,443738,21526,18735,608,19343,165
2021-01-04,Santa Clara,085,1922200,81605,75297,337,75634,727
2021-01-04,Santa Cruz,087,273765,11058,9680,429,10109,85
2021-01-04,Shasta,089,179085,8993,8224,837,9061,72
2021-01-04,Sierra,091,2930,36,30,6,36,0
2021-01-04,Siskiyou,093,43540,1138,980,143,1123,3
2021-01-04,Solano,095,438530,22130,20588,233,20821,97
2021-01-04,Sonoma,097,501317,21385,20210,116,20326,194
2021-01-04,Stanislaus,099,539301,38571,36141,3701,39842,553
2021-01-04,Sutter,101,95872,7050,6712,50,6762,56
2021-01-04,Tehama,103,63373,3457,3190,343,3533,9
2021-01-04,Trinity,105,12862,435,245,64,309,2
2021-01-04,Tulare,107,460477,37871,35060,4464,39524,455
2021-01-04,Tuolumne,109,53932,3114,2987,21,3008,13
2021-01-04,Ventura,111,848112,50808,45014,1861,46875,255
2021-01-04,Yolo,113,214977,9610,8834,81,8915,121
2021-01-04,Yuba,115,75493,4294,4023,44,4067,21
2021-01-03,Alameda,001,1643700,58413,55082,1153,56235,580
2021-01-03,Alpine,003,1148,69,68,0,68,0
2021-01-03,Amador,005,37829,2773,2565,22,2587,24
2021-01-03,Butte,007,227075,8615,7837,1026,8863,105
2021-01-03,Calaveras,009,45235,1295,1249,3,1252,21
2021-01-03,Colusa,011,21464,1413,1337,104,1441,7
2021-01-03,Contra Costa,013,1133247,45202,42432,687,43119,352
2021-01-03,Del Norte,015,27424,802,768,2,770,2
2021-01-03,El Dorado,017,186661,6933,6034,358,6392,27
2021-01-03,Fresno,019,978130,75215,69326,5369,74695,719
2021-01-03,Glenn,021,27897,1737,1581,304,1885,9
2021-01-03,Humboldt,023,135768,2009,1833,7,1840,21
2021-01-03,Imperial,025,180216,23992,22951,1719,24670,419
2021-01-03,Inyo,027,18085,774,615,8,623,20
2021-01-03,Kern,029,883053,72419,66895,5868,72763,609
2021-01-03,Kings,031,150075,17471,16593,594,17187,108
2021-01-03,Lake,033,64148,2138,1976,0,1976,24
2021-01-03,Lassen,035,31185,4604,4531,54,4585,1
2021-01-03,Los Angeles,037,10098052,868287,792168,26066,818234,10633
2021-01-03,Madera,039,155013,11927,11152,512,11664,67
2021-01-03,Marin,041,260295,10426,10034,97,10131,150
2021-01-03,Mariposa,043,17540,291,248,2,250,3
2021-01-03,Mendocino,045,87422,2695,2445,27,2472,24
2021-01-03,Merced,047,269075,20607,19600,423,20023,230
2021-01-03,Modoc,049,8938,273,245,77,322,0
2021-01-03,Mono,051,14174,943,893,12,905,3
2021-01-03,Monterey,053,433212,30787,29357,796,30153,191
2021-01-03,Napa,055,140530,6587,6094,26,6120,29
2021-01-03,Nevada,057,99092,2988,2742,101,2843,15
2021-01-03,Orange,059,3164182,183816,169881,7358,177239,1919
2021-01-03,Placer,061,380077,16053,14319,679,14998,133
2021-01-03,Plumas,063,18699,505,416,9,425,1
2021-01-03,Riverside,065,2383286,209958,195048,9882,204930,2005
2021-01-03,Sacramento,067,1510023,71571,68558,735,69293,859
2021-01-03,San Benito,069,59416,4129,3882,35,3917,28
2021-01-03,San Bernardino,071,2135413,222838,208294,6221,214515,1592
2021-01-03,San Diego,073,3302833,184178,168018,8450,176468,1592
2021-01-03,San Francisco,075,870044,25799,24588,269,24857,193
2021-01-03,San Joaquin,077,732212,50214,47899,1877,49776,661
2021-01-03,San Luis Obispo,079,281455,12812,11636,292,11928,95
2021-01-03,San Mateo,081,765935,28605,25770,145,25915,196
2021-01-03,Santa Barbara,083,443738,20808,18267,591,18858,164
2021-01-03,Santa Clara,085,1922200,80054,74534,331,74865,720
2021-01-03,Santa Cruz,087,273765,10754,9528,413,9941,84
2021-01-03,Shasta,089,179085,8866,8192,797,8989,72
2021-01-03,Sierra,091,2930,36,30,6,36,0
2021-01-03,Siskiyou,093,43540,1105,976,134,1110,3
2021-01-03,Solano,095,438530,21598,20105,227,20332,97
2021-01-03,Sonoma,097,501317,20993,19982,112,20094,193
2021-01-03,Stanislaus,099,539301,37882,35762,3619,39381,553
2021-01-03,Sutter,101,95872,6953,6664,49,6713,53
2021-01-03,Tehama,103,63373,3399,3176,335,3511,9
2021-01-03,Trinity,105,12862,430,243,62,305,2
2021-01-03,Tulare,107,460477,37309,34747,4314,39061,455
2021-01-03,Tuolumne,109,53932,3053,2978,18,2996,13
2021-01-03,Ventura,111,848112,48985,43748,1843,45591,254
2021-01-03,Yolo,113,214977,9452,8674,77,8751,121
2021-01-03,Yuba,115,75493,4240,3966,43,4009,20
2021-01-02,Alameda,001,1643700,57785,54518,1124,55642,581
2021-01-02,Alpine,003,1148,69,68,0,68,0
2021-01-02,Amador,005,37829,2754,2540,22,2562,24
2021-01-02,Butte,007,227075,8508,7750,1007,8757,105
2021-01-02,Calaveras,009,45235,1275,1230,3,1233,21
2021-01-02,Colusa,011,21464,1403,1332,103,1435,7
2021-01-02,Contra Costa,013,1133247,44680,41993,676,42669,352
2021-01-02,Del Norte,015,27424,800,764,2,766,2
2021-01-02,El Dorado,017,186661,6878,5959,354,6313,27
2021-01-02,Fresno,019,978130,74672,68740,5259,73999,717
2021-01-02,Glenn,021,27897,1721,1546,302,1848,9
2021-01-02,Humboldt,023,135768,1982,1815,7,1822,21
2021-01-02,Imperial,025,180216,23911,22867,1682,24549,420
2021-01-02,Inyo,027,18085,761,609,8,617,20
2021-01-02,Kern,029,883053,71700,66457,5756,72213,610
2021-01-02,Kings,031,150075,17377,16515,590,17105,108
2021-01-02,Lake,033,64148,2100,1925,0,1925,24
2021-01-02,Lassen,035,31185,4593,4457,53,4510,1
2021-01-02,Los Angeles,037,10098052,859928,791892,25366,817258,10633
2021-01-02,Madera,039,155013,11816,11039,501,11540,67
2021-01-02,Marin,041,260295,10380,9924,94,10018,151
2021-01-02,Mariposa,043,17540,284,243,2,245,3
2021-01-02,Mendocino,045,87422,2652,2428,26,2454,24
2021-01-02,Merced,047,269075,20465,19395,407,19802,230
2021-01-02,Modoc,049,8938,272,245,77,322,0
2021-01-02,Mono,051,14174,932,884,12,896,3
2021-01-02,Monterey,053,433212,30581,28991,785,29776,191
2021-01-02,Napa,055,140530,6528,5994,26,6020,29
2021-01-02,Nevada,057,99092,2959,2706,97,2803,15
2021-01-02,Orange,059,3164182,181613,168457,7209,175666,1918
2021-01-02,Placer,061,380077,15880,14182,670,14852,133
2021-01-02,Plumas,063,18699,502,413,9,422,1
2021-01-02,Riverside,065,2383286,207322,192069,9657,201726,2008
2021-01-02,Sacramento,067,1510023,70931,67810,718,68528,858
2021-01-02,San Benito,069,59416,4047,3829,35,3864,28
2021-01-02,San Bernardino,071,2135413,221217,206939,6096,213035,1597
2021-01-02,San Diego,073,3302833,181581,164498,8255,172753,1592
2021-01-02,San Francisco,075,870044,25540,24414,262,24676,194
2021-01-02,San Joaquin,077,732212,49836,47310,1847,49157,662
2021-01-02,San Luis Obispo,079,281455,12676,11467,286,11753,95
2021-01-02,San Mateo,081,765935,28269,25483,137,25620,196
2021-01-02,Santa Barbara,083,443738,20522,18135,588,18723,164
2021-01-02,Santa Clara,085,1922200,78891,73662,324,73986,720
2021-01-02,Santa Cruz,087,273765,10599,9340,404,9744,85
2021-01-02,Shasta,089,179085,8799,8154,786,8940,72
2021-01-02,Sierra,091,2930,36,28,6,34,0
2021-01-02,Siskiyou,093,43540,1094,949,132,1081,3
2021-01-02,Solano,095,438530,21402,19805,217,20022,97
2021-01-02,Sonoma,097,501317,20827,19761,112,19873,194
2021-01-02,Stanislaus,099,539301,37565,35431,3554,38985,553
2021-01-02,Sutter,101,95872,6900,6621,49,6670,53
2021-01-02,Tehama,103,63373,3374,3146,331,3477,9
2021-01-02,Trinity,105,12862,427,243,62,305,2
2021-01-02,Tulare,107,460477,36992,34479,4240,38719,455
2021-01-02,Tuolumne,109,53932,3039,2942,16,2958,13
2021-01-02,Ventura,111,848112,47832,43397,1808,45205,254
2021-01-02,Yolo,113,214977,9357,8571,75,8646,122
2021-01-02,Yuba,115,75493,4201,3930,42,3972,21
2021-01-01,Alameda,001,1643700,57125,53518,1108,54626,579
2021-01-01,Alpine,003,1148,69,68,0,68,0
2021-01-01,Amador,005,37829,2728,2513,20,2533,24
2021-01-01,Butte,007,227075,8407,7589,982,8571,105
2021-01-01,Calaveras,009,45235,1260,1186,3,1189,21
2021-01-01,Colusa,011,21464,1394,1314,101,1415,7
2021-01-01,Contra Costa,013,1133247,44197,41412,657,42069,351
2021-01-01,Del Norte,015,27424,794,758,2,760,2
2021-01-01,El Dorado,017,186661,6786,5832,346,6178,27
2021-01-01,Fresno,019,978130,73599,67484,5174,72658,717
2021-01-01,Glenn,021,27897,1705,1520,299,1819,9
2021-01-01,Humboldt,023,135768,1943,1783,7,1790,21
2021-01-01,Imperial,025,180216,23825,22715,1630,24345,418
2021-01-01,Inyo,027,18085,737,606,8,614,20
2021-01-01,Kern,029,883053,70874,65571,5648,71219,609
2021-01-01,Kings,031,150075,17194,16358,583,16941,108
2021-01-01,Lake,033,64148,2068,1888,0,1888,24
2021-01-01,Lassen,035,31185,4587,4377,53,4430,1
2021-01-01,Los Angeles,037,10098052,845756,775578,24662,800240,10515
2021-01-01,Madera,039,155013,11656,10752,492,11244,66
2021-01-01,Marin,041,260295,10274,9821,94,9915,148
2021-01-01,Mariposa,043,17540,276,236,2,238,3
2021-01-01,Mendocino,045,87422,2598,2400,26,2426,24
2021-01-01,Merced,047,269075,20281,19118,391,19509,229
2021-01-01,Modoc,049,8938,272,241,77,318,0
2021-01-01,Mono,051,14174,914,884,12,896,3
2021-01-01,Monterey,053,433212,30349,28465,777,29242,191
2021-01-01,Napa,055,140530,6442,5899,26,5925,28
2021-01-01,Nevada,057,99092,2935,2663,97,2760,15
2021-01-01,Orange,059,3164182,178817,165440,7065,172505,1893
2021-01-01,Placer,061,380077,15690,13987,654,14641,133
2021-01-01,Plumas,063,18699,497,412,9,421,1
2021-01-01,Riverside,065,2383286,204146,188674,9400,198074,1990
2021-01-01,Sacramento,067,1510023,70333,66956,701,67657,848
2021-01-01,San Benito,069,59416,4009,3773,35,3808,28
2021-01-01,San Bernardino,071,2135413,218409,203651,5964,209615,1590
2021-01-01,San Diego,073,3302833,178508,160071,8077,168148,1592
2021-01-01,San Francisco,075,870044,25265,24145,251,24396,187
2021-01-01,San Joaquin,077,732212,49549,46640,1801,48441,657
2021-01-01,San Luis Obispo,079,281455,12448,11160,278,11438,94
2021-01-01,San Mateo,081,765935,27821,25041,133,25174,194
2021-01-01,Santa Barbara,083,443738,20203,17759,578,18337,164
2021-01-01,Santa Clara,085,1922200,77629,71904,319,72223,680
2021-01-01,Santa Cruz,087,273765,10419,9146,394,9540,84
2021-01-01,Shasta,089,179085,8718,8102,769,8871,72
2021-01-01,Sierra,091,2930,36,26,6,32,0
2021-01-01,Siskiyou,093,43540,1080,944,127,1071,3
2021-01-01,Solano,095,438530,21190,19393,215,19608,97
2021-01-01,Sonoma,097,501317,20637,19513,112,19625,189
2021-01-01,Stanislaus,099,539301,37286,34978,3488,38466,553
2021-01-01,Sutter,101,95872,6843,6553,48,6601,52
2021-01-01,Tehama,103,63373,3316,3079,324,3403,9
2021-01-01,Trinity,105,12862,427,243,62,305,2
2021-01-01,Tulare,107,460477,36588,33994,4146,38140,454
2021-01-01,Tuolumne,109,53932,3023,2909,16,2925,13
2021-01-01,Ventura,111,848112,46339,42026,1781,43807,253
2021-01-01,Yolo,113,214977,9247,8461,72,8533,120
2021-01-01,Yuba,115,75493,4147,3845,41,3886,19
2020-12-31,Alameda,001,1643700,56584,52475,1077,53552,579
2020-12-31,Alpine,003,1148,69,66,0,66,0
2020-12-31,Amador,005,37829,2714,2493,20,2513,24
2020-12-31,Butte,007,227075,8333,7405,962,8367,105
2020-12-31,Calaveras,009,45235,1249,1161,3,1164,21
2020-12-31,Colusa,011,21464,1386,1301,98,1399,7
2020-12-31,Contra Costa,013,1133247,43820,40512,642,41154,336
2020-12-31,Del Norte,015,27424,793,748,2,750,2
2020-12-31,El Dorado,017,186661,6734,5662,337,5999,26
2020-12-31,Fresno,019,978130,73166,66442,5112,71554,711
2020-12-31,Glenn,021,27897,1685,1484,294,1778,9
2020-12-31,Humboldt,023,135768,1926,1713,7,1720,21
2020-12-31,Imperial,025,180216,23761,22494,1614,24108,417
2020-12-31,Inyo,027,18085,729,591,8,599,20
2020-12-31,Kern,029,883053,70404,64904,5556,70460,609
2020-12-31,Kings,031,150075,17119,16077,575,16652,108
2020-12-31,Lake,033,64148,2056,1848,0,1848,23
2020-12-31,Lassen,035,31185,4581,4340,52,4392,1
2020-12-31,Los Angeles,037,10098052,840433,755844,24194,780038,10320
2020-12-31,Madera,039,155013,11583,10609,484,11093,64
2020-12-31,Marin,041,260295,10231,9731,93,9824,148
2020-12-31,Mariposa,043,17540,274,217,2,219,3
2020-12-31,Mendocino,045,87422,2583,2367,22,2389,24
2020-12-31,Merced,047,269075,20191,18808,382,19190,226
2020-12-31,Modoc,049,8938,272,238,77,315,0
2020-12-31,Mono,051,14174,906,868,12,880,3
2020-12-31,Monterey,053,433212,30146,27720,765,28485,188
2020-12-31,Napa,055,140530,6379,5801,26,5827,28
2020-12-31,Nevada,057,99092,2912,2619,95,2714,15
2020-12-31,Orange,059,3164182,176936,161586,6932,168518,1866
2020-12-31,Placer,061,380077,15534,13708,651,14359,126
2020-12-31,Plumas,063,18699,492,401,8,409,1
2020-12-31,Riverside,065,2383286,202487,184193,9267,193460,1958
2020-12-31,Sacramento,067,1510023,69813,65817,690,66507,830
2020-12-31,San Benito,069,59416,3986,3673,35,3708,28
2020-12-31,San Bernardino,071,2135413,216827,199115,5895,205010,1586
2020-12-31,San Diego,073,3302833,176745,155593,7978,163571,1534
2020-12-31,San Francisco,075,870044,25037,23740,243,23983,183
2020-12-31,San Joaquin,077,732212,49238,45764,1763,47527,646
2020-12-31,San Luis Obispo,079,281455,12335,10846,278,11124,89
2020-12-31,San Mateo,081,765935,27492,24570,127,24697,192
2020-12-31,Santa Barbara,083,443738,19958,17434,571,18005,161
2020-12-31,Santa Clara,085,1922200,76846,70032,314,70346,665
2020-12-31,Santa Cruz,087,273765,10301,8909,382,9291,84
2020-12-31,Shasta,089,179085,8652,7996,759,8755,69
2020-12-31,Sierra,091,2930,36,26,6,32,0
2020-12-31,Siskiyou,093,43540,1064,940,124,1064,3
2020-12-31,Solano,095,438530,20961,18942,214,19156,97
2020-12-31,Sonoma,097,501317,20521,19129,111,19240,188
2020-12-31,Stanislaus,099,539301,36987,34398,3435,37833,552
2020-12-31,Sutter,101,95872,6812,6432,48,6480,51
2020-12-31,Tehama,103,63373,3284,3036,323,3359,9
2020-12-31,Trinity,105,12862,426,241,62,303,2
2020-12-31,Tulare,107,460477,36420,33412,4084,37496,446
2020-12-31,Tuolumne,109,53932,3014,2902,16,2918,12
2020-12-31,Ventura,111,848112,45829,40854,1764,42618,251
2020-12-31,Yolo,113,214977,9162,8295,71,8366,117
2020-12-31,Yuba,115,75493,4106,3799,40,3839,18
2020-12-30,Alameda,001,1643700,55822,50158,1026,51184,573
2020-12-30,Alpine,003,1148,69,66,0,66,0
2020-12-30,Amador,005,37829,2694,2418,19,2437,24
2020-12-30,Butte,007,227075,8172,7140,945,8085,103
2020-12-30,Calaveras,009,45235,1224,1135,3,1138,21
2020-12-30,Colusa,011,21464,1370,1289,92,1381,7
2020-12-30,Contra Costa,013,1133247,43237,39601,630,40231,337
2020-12-30,Del Norte,015,27424,788,726,2,728,2
2020-12-30,El Dorado,017,186661,6633,5595,327,5922,27
2020-12-30,Fresno,019,978130,72319,65566,4956,70522,711
2020-12-30,Glenn,021,27897,1656,1471,281,1752,9
2020-12-30,Humboldt,023,135768,1892,1654,7,1661,22
2020-12-30,Imperial,025,180216,23594,22098,1538,23636,412
2020-12-30,Inyo,027,18085,722,572,8,580,20
2020-12-30,Kern,029,883053,69676,63292,5412,68704,604
2020-12-30,Kings,031,150075,17000,15862,567,16429,108
2020-12-30,Lake,033,64148,2033,1731,0,1731,23
2020-12-30,Lassen,035,31185,4572,4300,52,4352,1
2020-12-30,Los Angeles,037,10098052,829542,741907,23496,765403,10046
2020-12-30,Madera,039,155013,11473,10249,473,10722,65
2020-12-30,Marin,041,260295,10141,9569,86,9655,148
2020-12-30,Mariposa,043,17540,270,214,2,216,3
2020-12-30,Mendocino,045,87422,2565,2291,19,2310,24
2020-12-30,Merced,047,269075,19900,18519,372,18891,225
2020-12-30,Modoc,049,8938,269,234,77,311,0
2020-12-30,Mono,051,14174,903,868,12,880,3
2020-12-30,Monterey,053,433212,29529,26977,744,27721,186
2020-12-30,Napa,055,140530,6273,5754,26,5780,28
2020-12-30,Nevada,057,99092,2877,2595,93,2688,15
2020-12-30,Orange,059,3164182,174279,153951,6742,160693,1863
2020-12-30,Placer,061,380077,15305,13540,639,14179,127
2020-12-30,Plumas,063,18699,487,397,8,405,1
2020-12-30,Riverside,065,2383286,199537,176402,9082,185484,1919
2020-12-30,Sacramento,067,1510023,68949,64119,672,64791,847
2020-12-30,San Benito,069,59416,3905,3464,31,3495,29
2020-12-30,San Bernardino,071,2135413,214261,192648,5809,198457,1591
2020-12-30,San Diego,073,3302833,173112,152510,7803,160313,1472
2020-12-30,San Francisco,075,870044,24744,23099,238,23337,182
2020-12-30,San Joaquin,077,732212,48547,44465,1721,46186,634
2020-12-30,San Luis Obispo,079,281455,12067,10542,270,10812,89
2020-12-30,San Mateo,081,765935,27063,24150,123,24273,190
2020-12-30,Santa Barbara,083,443738,19564,16895,548,17443,161
2020-12-30,Santa Clara,085,1922200,75586,67218,310,67528,661
2020-12-30,Santa Cruz,087,273765,10105,8787,373,9160,86
2020-12-30,Shasta,089,179085,8539,7818,745,8563,69
2020-12-30,Sierra,091,2930,36,25,6,31,0
2020-12-30,Siskiyou,093,43540,1057,913,115,1028,3
2020-12-30,Solano,095,438530,20569,18300,211,18511,96
2020-12-30,Sonoma,097,501317,20263,18947,111,19058,191
2020-12-30,Stanislaus,099,539301,36509,33730,3361,37091,526
2020-12-30,Sutter,101,95872,6749,6328,46,6374,51
2020-12-30,Tehama,103,63373,3240,2969,319,3288,9
2020-12-30,Trinity,105,12862,425,231,61,292,2
2020-12-30,Tulare,107,460477,35869,32413,4019,36432,430
2020-12-30,Tuolumne,109,53932,3002,2772,14,2786,12
2020-12-30,Ventura,111,848112,44541,39039,1740,40779,251
2020-12-30,Yolo,113,214977,9054,8067,69,8136,117
2020-12-30,Yuba,115,75493,4035,3612,40,3652,18
2020-12-29,Alameda,001,1643700,54762,50946,991,51937,552
2020-12-29,Alpine,003,1148,69,65,0,65,0
2020-12-29,Amador,005,37829,2642,2388,18,2406,23
2020-12-29,Butte,007,227075,7999,7178,923,8101,98
2020-12-29,Calaveras,009,45235,1179,1111,2,1113,21
2020-12-29,Colusa,011,21464,1349,1272,87,1359,7
2020-12-29,Contra Costa,013,1133247,42433,39225,599,39824,325
2020-12-29,Del Norte,015,27424,781,724,2,726,2
2020-12-29,El Dorado,017,186661,6504,5551,314,5865,22
2020-12-29,Fresno,019,978130,70942,65149,4800,69949,688
2020-12-29,Glenn,021,27897,1622,1454,274,1728,9
2020-12-29,Humboldt,023,135768,1845,1616,7,1623,19
2020-12-29,Imperial,025,180216,23383,22105,1452,23557,407
2020-12-29,Inyo,027,18085,705,571,8,579,19
2020-12-29,Kern,029,883053,68510,63096,5240,68336,589
2020-12-29,Kings,031,150075,16831,15777,555,16332,108
2020-12-29,Lake,033,64148,2001,1805,0,1805,22
2020-12-29,Lassen,035,31185,4557,4288,52,4340,1
2020-12-29,Los Angeles,037,10098052,809362,731907,22631,754538,9786
2020-12-29,Madera,039,155013,11160,10251,458,10709,64
2020-12-29,Marin,041,260295,9990,9595,83,9678,146
2020-12-29,Mariposa,043,17540,262,212,2,214,3
2020-12-29,Mendocino,045,87422,2522,2249,18,2267,24
2020-12-29,Merced,047,269075,19550,18464,357,18821,221
2020-12-29,Modoc,049,8938,266,232,77,309,0
2020-12-29,Mono,051,14174,894,868,12,880,3
2020-12-29,Monterey,053,433212,28889,26894,717,27611,185
2020-12-29,Napa,055,140530,6153,5663,26,5689,28
2020-12-29,Nevada,057,99092,2829,2550,92,2642,15
2020-12-29,Orange,059,3164182,170484,154411,6574,160985,1839
2020-12-29,Placer,061,380077,15093,13392,617,14009,126
2020-12-29,Plumas,063,18699,478,395,8,403,1
2020-12-29,Riverside,065,2383286,194934,177624,8828,186452,1904
2020-12-29,Sacramento,067,1510023,67903,65078,658,65736,820
2020-12-29,San Benito,069,59416,3786,3474,30,3504,25
2020-12-29,San Bernardino,071,2135413,209442,190476,5672,196148,1557
2020-12-29,San Diego,073,3302833,168889,150062,7572,157634,1435
2020-12-29,San Francisco,075,870044,24404,22996,230,23226,178
2020-12-29,San Joaquin,077,732212,47625,44699,1666,46365,622
2020-12-29,San Luis Obispo,079,281455,11771,10387,262,10649,80
2020-12-29,San Mateo,081,765935,26521,23773,111,23884,189
2020-12-29,Santa Barbara,083,443738,19099,16797,522,17319,155
2020-12-29,Santa Clara,085,1922200,74035,67581,307,67888,621
2020-12-29,Santa Cruz,087,273765,9835,8492,364,8856,84
2020-12-29,Shasta,089,179085,8434,7782,730,8512,65
2020-12-29,Sierra,091,2930,34,24,5,29,0
2020-12-29,Siskiyou,093,43540,1042,926,113,1039,3
2020-12-29,Solano,095,438530,20187,18412,206,18618,96
2020-12-29,Sonoma,097,501317,19927,18790,109,18899,187
2020-12-29,Stanislaus,099,539301,36007,33775,3298,37073,508
2020-12-29,Sutter,101,95872,6681,6302,46,6348,50
2020-12-29,Tehama,103,63373,3171,2962,305,3267,9
2020-12-29,Trinity,105,12862,424,241,61,302,2
2020-12-29,Tulare,107,460477,35209,32545,3886,36431,419
2020-12-29,Tuolumne,109,53932,2961,2797,14,2811,12
2020-12-29,Ventura,111,848112,43287,38669,1714,40383,235
2020-12-29,Yolo,113,214977,8925,8124,67,8191,111
2020-12-29,Yuba,115,75493,3953,3723,40,3763,18
2020-12-28,Alameda,001,1643700,53727,50405,970,51375,551
2020-12-28,Alpine,003,1148,68,65,0,65,0
2020-12-28,Amador,005,37829,2572,2255,18,2273,23
2020-12-28,Butte,007,227075,7832,7053,893,7946,86
2020-12-28,Calaveras,009,45235,1156,1102,2,1104,21
2020-12-28,Colusa,011,21464,1324,1255,73,1328,7
2020-12-28,Contra Costa,013,1133247,41499,38872,572,39444,324
2020-12-28,Del Norte,015,27424,771,718,2,720,2
2020-12-28,El Dorado,017,186661,6348,5441,302,5743,18
2020-12-28,Fresno,019,978130,69669,64274,4648,68922,679
2020-12-28,Glenn,021,27897,1588,1435,262,1697,9
2020-12-28,Humboldt,023,135768,1810,1579,7,1586,19
2020-12-28,Imperial,025,180216,23124,22003,1378,23381,405
2020-12-28,Inyo,027,18085,698,569,8,577,19
2020-12-28,Kern,029,883053,67441,62392,5039,67431,579
2020-12-28,Kings,031,150075,16614,15733,538,16271,108
2020-12-28,Lake,033,64148,1960,1785,0,1785,22
2020-12-28,Lassen,035,31185,4450,4284,51,4335,1
2020-12-28,Los Angeles,037,10098052,787025,720699,21817,742516,9544
2020-12-28,Madera,039,155013,10986,10123,435,10558,64
2020-12-28,Marin,041,260295,9882,9546,77,9623,145
2020-12-28,Mariposa,043,17540,238,211,2,213,3
2020-12-28,Mendocino,045,87422,2487,2214,18,2232,23
2020-12-28,Merced,047,269075,19230,18245,339,18584,213
2020-12-28,Modoc,049,8938,261,220,76,296,0
2020-12-28,Mono,051,14174,890,848,12,860,3
2020-12-28,Monterey,053,433212,28050,26529,706,27235,182
2020-12-28,Napa,055,140530,6044,5576,26,5602,26
2020-12-28,Nevada,057,99092,2781,2532,88,2620,15
2020-12-28,Orange,059,3164182,166377,152089,6396,158485,1839
2020-12-28,Placer,061,380077,14754,13234,590,13824,126
2020-12-28,Plumas,063,18699,474,391,8,399,0
2020-12-28,Riverside,065,2383286,190037,174029,8537,182566,1855
2020-12-28,Sacramento,067,1510023,66671,64322,633,64955,813
2020-12-28,San Benito,069,59416,3717,3429,29,3458,24
2020-12-28,San Bernardino,071,2135413,204348,188919,5555,194474,1552
2020-12-28,San Diego,073,3302833,164145,147528,7390,154918,1404
2020-12-28,San Francisco,075,870044,24044,22726,224,22950,178
2020-12-28,San Joaquin,077,732212,46692,44172,1634,45806,618
2020-12-28,San Luis Obispo,079,281455,11420,10260,258,10518,76
2020-12-28,San Mateo,081,765935,26047,23467,107,23574,189
2020-12-28,Santa Barbara,083,443738,18638,16579,510,17089,155
2020-12-28,Santa Clara,085,1922200,72550,66418,300,66718,619
2020-12-28,Santa Cruz,087,273765,9567,8310,354,8664,81
2020-12-28,Shasta,089,179085,8315,7688,717,8405,65
2020-12-28,Sierra,091,2930,31,24,5,29,0
2020-12-28,Siskiyou,093,43540,1026,915,108,1023,3
2020-12-28,Solano,095,438530,19615,18171,200,18371,96
2020-12-28,Sonoma,097,501317,19581,18667,107,18774,185
2020-12-28,Stanislaus,099,539301,35459,33473,3234,36707,507
2020-12-28,Sutter,101,95872,6598,6253,46,6299,49
2020-12-28,Tehama,103,63373,3118,2934,296,3230,9
2020-12-28,Trinity,105,12862,422,240,61,301,2
2020-12-28,Tulare,107,460477,34523,32010,3778,35788,404
2020-12-28,Tuolumne,109,53932,2944,2777,14,2791,12
2020-12-28,Ventura,111,848112,41618,37151,1667,38818,230
2020-12-28,Yolo,113,214977,8770,8031,66,8097,111
2020-12-28,Yuba,115,75493,3892,3679,39,3718,18
2020-12-27,Alameda,001,1643700,52485,49764,944,50708,551
2020-12-27,Alpine,003,1148,66,65,0,65,0
2020-12-27,Amador,005,37829,2451,2218,18,2236,23
2020-12-27,Butte,007,227075,7677,7016,857,7873,86
2020-12-27,Calaveras,009,45235,1109,1097,2,1099,21
2020-12-27,Colusa,011,21464,1299,1253,70,1323,7
2020-12-27,Contra Costa,013,1133247,40570,38428,543,38971,324
2020-12-27,Del Norte,015,27424,748,712,2,714,2
2020-12-27,El Dorado,017,186661,6134,5388,279,5667,18
2020-12-27,Fresno,019,978130,68422,63811,4441,68252,679
2020-12-27,Glenn,021,27897,1561,1434,248,1682,9
2020-12-27,Humboldt,023,135768,1766,1575,7,1582,17
2020-12-27,Imperial,025,180216,22828,21934,1265,23199,405
2020-12-27,Inyo,027,18085,676,565,7,572,18
2020-12-27,Kern,029,883053,66164,61914,4872,66786,568
2020-12-27,Kings,031,150075,16378,15593,504,16097,108
2020-12-27,Lake,033,64148,1904,1769,0,1769,22
2020-12-27,Lassen,035,31185,4373,4230,44,4274,1
2020-12-27,Los Angeles,037,10098052,765551,707260,20923,728183,9476
2020-12-27,Madera,039,155013,10728,10005,425,10430,64
2020-12-27,Marin,041,260295,9759,9477,71,9548,144
2020-12-27,Mariposa,043,17540,231,208,2,210,3
2020-12-27,Mendocino,045,87422,2440,2209,18,2227,23
2020-12-27,Merced,047,269075,18862,18075,323,18398,213
2020-12-27,Modoc,049,8938,252,221,72,293,0
2020-12-27,Mono,051,14174,877,849,12,861,3
2020-12-27,Monterey,053,433212,27502,26322,689,27011,181
2020-12-27,Napa,055,140530,5910,5496,26,5522,26
2020-12-27,Nevada,057,99092,2745,2519,88,2607,15
2020-12-27,Orange,059,3164182,161977,149276,6208,155484,1839
2020-12-27,Placer,061,380077,14457,13017,558,13575,126
2020-12-27,Plumas,063,18699,468,390,8,398,0
2020-12-27,Riverside,065,2383286,185123,171995,8230,180225,1836
2020-12-27,Sacramento,067,1510023,65466,63416,610,64026,811
2020-12-27,San Benito,069,59416,3631,3394,29,3423,24
2020-12-27,San Bernardino,071,2135413,199272,186776,5418,192194,1551
2020-12-27,San Diego,073,3302833,159738,145777,7203,152980,1402
2020-12-27,San Francisco,075,870044,23697,22514,215,22729,178
2020-12-27,San Joaquin,077,732212,45656,43529,1584,45113,618
2020-12-27,San Luis Obispo,079,281455,11012,10154,253,10407,76
2020-12-27,San Mateo,081,765935,25482,23136,103,23239,187
2020-12-27,Santa Barbara,083,443738,18115,16364,482,16846,155
2020-12-27,Santa Clara,085,1922200,70927,65288,295,65583,619
2020-12-27,Santa Cruz,087,273765,9301,8234,345,8579,81
2020-12-27,Shasta,089,179085,8191,7671,695,8366,65
2020-12-27,Sierra,091,2930,31,24,4,28,0
2020-12-27,Siskiyou,093,43540,1016,914,103,1017,3
2020-12-27,Solano,095,438530,19120,17840,194,18034,96
2020-12-27,Sonoma,097,501317,19291,18487,106,18593,185
2020-12-27,Stanislaus,099,539301,34856,33076,3140,36216,506
2020-12-27,Sutter,101,95872,6516,6218,44,6262,48
2020-12-27,Tehama,103,63373,3050,2922,279,3201,9
2020-12-27,Trinity,105,12862,415,240,59,299,2
2020-12-27,Tulare,107,460477,33926,31864,3659,35523,400
2020-12-27,Tuolumne,109,53932,2837,2750,12,2762,12
2020-12-27,Ventura,111,848112,40555,36661,1614,38275,230
2020-12-27,Yolo,113,214977,8579,7919,61,7980,111
2020-12-27,Yuba,115,75493,3828,3665,37,3702,18
2020-12-26,Alameda,001,1643700,51874,49084,931,50015,551
2020-12-26,Alpine,003,1148,66,65,0,65,0
2020-12-26,Amador,005,37829,2437,2189,18,2207,23
2020-12-26,Butte,007,227075,7582,6968,835,7803,86
2020-12-26,Calaveras,009,45235,1103,1084,2,1086,21
2020-12-26,Colusa,011,21464,1289,1240,70,1310,7
2020-12-26,Contra Costa,013,1133247,40106,38008,529,38537,324
2020-12-26,Del Norte,015,27424,742,709,2,711,2
2020-12-26,El Dorado,017,186661,6079,5279,275,5554,18
2020-12-26,Fresno,019,978130,67951,63080,4378,67458,679
2020-12-26,Glenn,021,27897,1540,1413,242,1655,9
2020-12-26,Humboldt,023,135768,1728,1545,7,1552,17
2020-12-26,Imperial,025,180216,22737,21734,1213,22947,405
2020-12-26,Inyo,027,18085,663,554,7,561,18
2020-12-26,Kern,029,883053,65492,61174,4720,65894,564
2020-12-26,Kings,031,150075,16260,15517,499,16016,108
2020-12-26,Lake,033,64148,1862,1710,0,1710,22
2020-12-26,Lassen,035,31185,4352,3981,44,4025,1
2020-12-26,Los Angeles,037,10098052,757004,694149,20417,714566,9424
2020-12-26,Madera,039,155013,10651,9908,413,10321,64
2020-12-26,Marin,041,260295,9724,9413,70,9483,143
2020-12-26,Mariposa,043,17540,230,206,2,208,3
2020-12-26,Mendocino,045,87422,2394,2194,18,2212,23
2020-12-26,Merced,047,269075,18704,17890,318,18208,213
2020-12-26,Modoc,049,8938,249,222,72,294,0
2020-12-26,Mono,051,14174,871,850,12,862,3
2020-12-26,Monterey,053,433212,27369,26010,680,26690,182
2020-12-26,Napa,055,140530,5852,5427,26,5453,26
2020-12-26,Nevada,057,99092,2717,2480,88,2568,15
2020-12-26,Orange,059,3164182,159772,147304,6115,153419,1838
2020-12-26,Placer,061,380077,14287,12816,543,13359,122
2020-12-26,Plumas,063,18699,465,381,8,389,0
2020-12-26,Riverside,065,2383286,182638,169360,8069,177429,1834
2020-12-26,Sacramento,067,1510023,64843,62435,600,63035,807
2020-12-26,San Benito,069,59416,3558,3330,29,3359,24
2020-12-26,San Bernardino,071,2135413,197606,185111,5336,190447,1551
2020-12-26,San Diego,073,3302833,157213,142644,7056,149700,1402
2020-12-26,San Francisco,075,870044,23462,22319,215,22534,177
2020-12-26,San Joaquin,077,732212,45269,42887,1535,44422,618
2020-12-26,San Luis Obispo,079,281455,10925,9945,248,10193,76
2020-12-26,San Mateo,081,765935,25143,22908,98,23006,187
2020-12-26,Santa Barbara,083,443738,17877,16159,476,16635,155
2020-12-26,Santa Clara,085,1922200,69857,64185,293,64478,618
2020-12-26,Santa Cruz,087,273765,9175,8113,336,8449,81
2020-12-26,Shasta,089,179085,8132,7641,682,8323,65
2020-12-26,Sierra,091,2930,31,24,4,28,0
2020-12-26,Siskiyou,093,43540,1009,909,99,1008,2
2020-12-26,Solano,095,438530,18875,17528,194,17722,96
2020-12-26,Sonoma,097,501317,19091,18261,104,18365,184
2020-12-26,Stanislaus,099,539301,34566,32678,3089,35767,505
2020-12-26,Sutter,101,95872,6457,6121,44,6165,48
2020-12-26,Tehama,103,63373,3023,2884,274,3158,9
2020-12-26,Trinity,105,12862,413,237,58,295,2
2020-12-26,Tulare,107,460477,33625,31665,3604,35269,398
2020-12-26,Tuolumne,109,53932,2826,2703,12,2715,12
2020-12-26,Ventura,111,848112,39590,36064,1583,37647,230
2020-12-26,Yolo,113,214977,8477,7785,59,7844,111
2020-12-26,Yuba,115,75493,3800,3599,37,3636,18
2020-12-25,Alameda,001,1643700,51309,48365,916,49281,542
2020-12-25,Alpine,003,1148,66,64,0,64,0
2020-12-25,Amador,005,37829,2394,2172,18,2190,23
2020-12-25,Butte,007,227075,7482,6873,817,7690,85
2020-12-25,Calaveras,009,45235,1100,1062,2,1064,21
2020-12-25,Colusa,011,21464,1277,1219,69,1288,7
2020-12-25,Contra Costa,013,1133247,39639,37480,503,37983,324
2020-12-25,Del Norte,015,27424,739,692,2,694,2
2020-12-25,El Dorado,017,186661,6014,5170,262,5432,16
2020-12-25,Fresno,019,978130,67086,62251,4296,66547,679
2020-12-25,Glenn,021,27897,1524,1390,235,1625,9
2020-12-25,Humboldt,023,135768,1688,1532,7,1539,16
2020-12-25,Imperial,025,180216,22643,21646,1202,22848,405
2020-12-25,Inyo,027,18085,654,546,7,553,18
2020-12-25,Kern,029,883053,64764,60417,4573,64990,562
2020-12-25,Kings,031,150075,16149,15460,495,15955,108
2020-12-25,Lake,033,64148,1843,1669,0,1669,20
2020-12-25,Lassen,035,31185,4337,3926,44,3970,1
2020-12-25,Los Angeles,037,10098052,743364,665600,19735,685335,9292
2020-12-25,Madera,039,155013,10483,9770,406,10176,64
2020-12-25,Marin,041,260295,9675,9375,67,9442,143
2020-12-25,Mariposa,043,17540,224,203,2,205,3
2020-12-25,Mendocino,045,87422,2352,2176,18,2194,23
2020-12-25,Merced,047,269075,18543,17726,311,18037,213
2020-12-25,Modoc,049,8938,248,221,72,293,0
2020-12-25,Mono,051,14174,869,843,12,855,3
2020-12-25,Monterey,053,433212,27095,25788,671,26459,182
2020-12-25,Napa,055,140530,5772,5351,26,5377,26
2020-12-25,Nevada,057,99092,2691,2458,86,2544,15
2020-12-25,Orange,059,3164182,157093,144542,5923,150465,1814
2020-12-25,Placer,061,380077,14102,12660,521,13181,122
2020-12-25,Plumas,063,18699,458,381,8,389,0
2020-12-25,Riverside,065,2383286,179353,166690,7753,174443,1825
2020-12-25,Sacramento,067,1510023,64152,61630,573,62203,796
2020-12-25,San Benito,069,59416,3518,3281,27,3308,24
2020-12-25,San Bernardino,071,2135413,194972,181812,5220,187032,1546
2020-12-25,San Diego,073,3302833,154733,139958,6878,146836,1402
2020-12-25,San Francisco,075,870044,23186,22130,210,22340,175
2020-12-25,San Joaquin,077,732212,44963,42089,1480,43569,614
2020-12-25,San Luis Obispo,079,281455,10742,9749,241,9990,76
2020-12-25,San Mateo,081,765935,24821,22568,96,22664,187
2020-12-25,Santa Barbara,083,443738,17654,15936,469,16405,155
2020-12-25,Santa Clara,085,1922200,68747,63173,284,63457,612
2020-12-25,Santa Cruz,087,273765,9032,8018,314,8332,81
2020-12-25,Shasta,089,179085,8059,7612,659,8271,65
2020-12-25,Sierra,091,2930,31,24,3,27,0
2020-12-25,Siskiyou,093,43540,1003,905,96,1001,2
2020-12-25,Solano,095,438530,18703,17280,192,17472,96
2020-12-25,Sonoma,097,501317,18915,18035,102,18137,184
2020-12-25,Stanislaus,099,539301,34273,32290,3042,35332,498
2020-12-25,Sutter,101,95872,6398,6051,43,6094,47
2020-12-25,Tehama,103,63373,2974,2839,261,3100,9
2020-12-25,Trinity,105,12862,409,236,58,294,2
2020-12-25,Tulare,107,460477,33237,31323,3538,34861,398
2020-12-25,Tuolumne,109,53932,2807,2674,12,2686,12
2020-12-25,Ventura,111,848112,38435,35514,1535,37049,230
2020-12-25,Yolo,113,214977,8380,7700,57,7757,111
2020-12-25,Yuba,115,75493,3764,3549,36,3585,17
2020-12-24,Alameda,001,1643700,50968,47527,897,48424,541
2020-12-24,Alpine,003,1148,66,64,0,64,0
2020-12-24,Amador,005,37829,2382,2145,18,2163,23
2020-12-24,Butte,007,227075,7443,6716,803,7519,84
2020-12-24,Calaveras,009,45235,1097,1032,2,1034,21
2020-12-24,Colusa,011,21464,1272,1188,68,1256,7
2020-12-24,Contra Costa,013,1133247,39394,36623,492,37115,311
2020-12-24,Del Norte,015,27424,739,678,2,680,2
2020-12-24,El Dorado,017,186661,5988,5042,254,5296,16
2020-12-24,Fresno,019,978130,66863,61435,4282,65717,663
2020-12-24,Glenn,021,27897,1513,1363,227,1590,9
2020-12-24,Humboldt,023,135768,1665,1516,7,1523,16
2020-12-24,Imperial,025,180216,22594,21545,1193,22738,402
2020-12-24,Inyo,027,18085,652,532,7,539,17
2020-12-24,Kern,029,883053,64477,59601,4560,64161,556
2020-12-24,Kings,031,150075,16109,15211,494,15705,108
2020-12-24,Lake,033,64148,1828,1629,0,1629,20
2020-12-24,Lassen,035,31185,4324,3894,44,3938,1
2020-12-24,Los Angeles,037,10098052,739197,664840,19475,684315,9288
2020-12-24,Madera,039,155013,10443,9547,399,9946,63
2020-12-24,Marin,041,260295,9641,9287,67,9354,143
2020-12-24,Mariposa,043,17540,220,197,2,199,3
2020-12-24,Mendocino,045,87422,2341,2150,18,2168,23
2020-12-24,Merced,047,269075,18472,17485,307,17792,212
2020-12-24,Modoc,049,8938,248,220,71,291,0
2020-12-24,Mono,051,14174,867,817,12,829,3
2020-12-24,Monterey,053,433212,26987,25131,664,25795,180
2020-12-24,Napa,055,140530,5717,5265,26,5291,26
2020-12-24,Nevada,057,99092,2667,2429,86,2515,15
2020-12-24,Orange,059,3164182,155615,141205,5872,147077,1775
2020-12-24,Placer,061,380077,14013,12457,514,12971,121
2020-12-24,Plumas,063,18699,455,376,8,384,0
2020-12-24,Riverside,065,2383286,178422,162435,7713,170148,1816
2020-12-24,Sacramento,067,1510023,63878,60596,571,61167,788
2020-12-24,San Benito,069,59416,3487,3183,27,3210,24
2020-12-24,San Bernardino,071,2135413,193936,176866,5186,182052,1533
2020-12-24,San Diego,073,3302833,153649,136952,6846,143798,1382
2020-12-24,San Francisco,075,870044,23018,21830,207,22037,175
2020-12-24,San Joaquin,077,732212,44799,41324,1462,42786,611
2020-12-24,San Luis Obispo,079,281455,10674,9504,239,9743,77
2020-12-24,San Mateo,081,765935,24625,22093,96,22189,186
2020-12-24,Santa Barbara,083,443738,17550,15644,461,16105,153
2020-12-24,Santa Clara,085,1922200,68141,61742,277,62019,591
2020-12-24,Santa Cruz,087,273765,8961,7856,302,8158,82
2020-12-24,Shasta,089,179085,8018,7540,642,8182,65
2020-12-24,Sierra,091,2930,28,23,1,24,0
2020-12-24,Siskiyou,093,43540,998,900,90,990,2
2020-12-24,Solano,095,438530,18562,16872,187,17059,96
2020-12-24,Sonoma,097,501317,18817,17710,102,17812,183
2020-12-24,Stanislaus,099,539301,34078,31848,3017,34865,498
2020-12-24,Sutter,101,95872,6357,5960,42,6002,47
2020-12-24,Tehama,103,63373,2958,2779,260,3039,9
2020-12-24,Trinity,105,12862,408,235,58,293,2
2020-12-24,Tulare,107,460477,33118,30827,3512,34339,390
2020-12-24,Tuolumne,109,53932,2798,2653,12,2665,12
2020-12-24,Ventura,111,848112,38155,34400,1528,35928,224
2020-12-24,Yolo,113,214977,8338,7566,57,7623,113
2020-12-24,Yuba,115,75493,3739,3483,36,3519,16
2020-12-23,Alameda,001,1643700,50396,46753,870,47623,537
2020-12-23,Alpine,003,1148,66,64,0,64,0
2020-12-23,Amador,005,37829,2313,2108,17,2125,23
2020-12-23,Butte,007,227075,7355,6588,777,7365,84
2020-12-23,Calaveras,009,45235,1089,1002,1,1003,21
2020-12-23,Colusa,011,21464,1261,1167,68,1235,7
2020-12-23,Contra Costa,013,1133247,38996,36190,479,36669,311
2020-12-23,Del Norte,015,27424,732,670,2,672,2
2020-12-23,El Dorado,017,186661,5913,4967,246,5213,14
2020-12-23,Fresno,019,978130,66255,60488,4216,64704,654
2020-12-23,Glenn,021,27897,1499,1349,223,1572,9
2020-12-23,Humboldt,023,135768,1640,1458,7,1465,16
2020-12-23,Imperial,025,180216,22499,21323,1164,22487,399
2020-12-23,Inyo,027,18085,640,517,7,524,17
2020-12-23,Kern,029,883053,63960,58656,4466,63122,549
2020-12-23,Kings,031,150075,16031,14923,491,15414,105
2020-12-23,Lake,033,64148,1814,1595,0,1595,20
2020-12-23,Lassen,035,31185,4314,3865,41,3906,1
2020-12-23,Los Angeles,037,10098052,730151,651958,18941,670899,9146
2020-12-23,Madera,039,155013,10284,9371,385,9756,63
2020-12-23,Marin,041,260295,9583,9199,64,9263,142
2020-12-23,Mariposa,043,17540,218,194,2,196,3
2020-12-23,Mendocino,045,87422,2329,2121,18,2139,23
2020-12-23,Merced,047,269075,18316,17250,300,17550,203
2020-12-23,Modoc,049,8938,244,197,70,267,0
2020-12-23,Mono,051,14174,864,814,12,826,3
2020-12-23,Monterey,053,433212,26689,24856,658,25514,176
2020-12-23,Napa,055,140530,5649,5172,26,5198,25
2020-12-23,Nevada,057,99092,2622,2406,85,2491,15
2020-12-23,Orange,059,3164182,153165,138050,5705,143755,1771
2020-12-23,Placer,061,380077,13803,12213,506,12719,111
2020-12-23,Plumas,063,18699,448,369,8,377,0
2020-12-23,Riverside,065,2383286,176151,158110,7555,165665,1790
2020-12-23,Sacramento,067,1510023,63230,59661,557,60218,779
2020-12-23,San Benito,069,59416,3433,3073,25,3098,24
2020-12-23,San Bernardino,071,2135413,191900,172888,5117,178005,1509
2020-12-23,San Diego,073,3302833,151223,134695,6709,141404,1350
2020-12-23,San Francisco,075,870044,22795,21498,204,21702,174
2020-12-23,San Joaquin,077,732212,44274,35664,1419,37083,602
2020-12-23,San Luis Obispo,079,281455,10532,9267,234,9501,74
2020-12-23,San Mateo,081,765935,24323,21780,94,21874,186
2020-12-23,Santa Barbara,083,443738,17339,15399,435,15834,152
2020-12-23,Santa Clara,085,1922200,67231,60455,272,60727,579
2020-12-23,Santa Cruz,087,273765,8801,7637,284,7921,75
2020-12-23,Shasta,089,179085,7945,7487,636,8123,66
2020-12-23,Sierra,091,2930,27,23,0,23,0
2020-12-23,Siskiyou,093,43540,977,891,89,980,2
2020-12-23,Solano,095,438530,18354,16626,182,16808,95
2020-12-23,Sonoma,097,501317,18613,17397,102,17499,182
2020-12-23,Stanislaus,099,539301,33735,31492,2964,34456,499
2020-12-23,Sutter,101,95872,6291,5871,42,5913,46
2020-12-23,Tehama,103,63373,2941,2737,256,2993,9
2020-12-23,Trinity,105,12862,408,234,57,291,2
2020-12-23,Tulare,107,460477,32826,30315,3473,33788,385
2020-12-23,Tuolumne,109,53932,2758,2540,12,2552,12
2020-12-23,Ventura,111,848112,37758,33377,1499,34876,216
2020-12-23,Yolo,113,214977,8260,7508,56,7564,112
2020-12-23,Yuba,115,75493,3686,3438,36,3474,14
2020-12-22,Alameda,001,1643700,49511,45751,840,46591,534
2020-12-22,Alpine,003,1148,66,64,0,64,0
2020-12-22,Amador,005,37829,2302,1839,17,1856,23
2020-12-22,Butte,007,227075,7227,6467,762,7229,85
2020-12-22,Calaveras,009,45235,1062,988,0,988,21
2020-12-22,Colusa,011,21464,1238,1150,64,1214,7
2020-12-22,Contra Costa,013,1133247,38369,35681,467,36148,301
2020-12-22,Del Norte,015,27424,725,666,2,668,2
2020-12-22,El Dorado,017,186661,5790,4885,234,5119,12
2020-12-22,Fresno,019,978130,65221,59640,4110,63750,640
2020-12-22,Glenn,021,27897,1476,1337,212,1549,9
2020-12-22,Humboldt,023,135768,1607,1440,7,1447,16
2020-12-22,Imperial,025,180216,22310,21128,1121,22249,398
2020-12-22,Inyo,027,18085,620,506,7,513,17
2020-12-22,Kern,029,883053,63008,57816,4329,62145,547
2020-12-22,Kings,031,150075,15891,14855,485,15340,102
2020-12-22,Lake,033,64148,1790,1569,0,1569,20
2020-12-22,Lassen,035,31185,4172,3848,39,3887,1
2020-12-22,Los Angeles,037,10098052,712904,635931,18253,654184,9013
2020-12-22,Madera,039,155013,10166,9187,369,9556,63
2020-12-22,Marin,041,260295,9519,9115,63,9178,142
2020-12-22,Mariposa,043,17540,215,194,2,196,3
2020-12-22,Mendocino,045,87422,2296,2092,18,2110,23
2020-12-22,Merced,047,269075,18070,17012,295,17307,201
2020-12-22,Modoc,049,8938,236,182,69,251,0
2020-12-22,Mono,051,14174,858,786,12,798,3
2020-12-22,Monterey,053,433212,26023,24152,637,24789,176
2020-12-22,Napa,055,140530,5562,5059,26,5085,23
2020-12-22,Nevada,057,99092,2594,2367,84,2451,14
2020-12-22,Orange,059,3164182,149823,134850,5533,140383,1774
2020-12-22,Placer,061,380077,13559,11943,486,12429,105
2020-12-22,Plumas,063,18699,442,360,8,368,0
2020-12-22,Riverside,065,2383286,172342,155059,7286,162345,1777
2020-12-22,Sacramento,067,1510023,62301,57966,538,58504,772
2020-12-22,San Benito,069,59416,3355,2998,25,3023,24
2020-12-22,San Bernardino,071,2135413,187321,169266,4969,174235,1500
2020-12-22,San Diego,073,3302833,147864,132097,6547,138644,1311
2020-12-22,San Francisco,075,870044,22526,21232,200,21432,174
2020-12-22,San Joaquin,077,732212,43517,39423,1370,40793,592
2020-12-22,San Luis Obispo,079,281455,10187,9174,229,9403,69
2020-12-22,San Mateo,081,765935,23996,21382,78,21460,186
2020-12-22,Santa Barbara,083,443738,17078,15189,425,15614,150
2020-12-22,Santa Clara,085,1922200,66064,59192,264,59456,569
2020-12-22,Santa Cruz,087,273765,8622,7471,258,7729,72
2020-12-22,Shasta,089,179085,7867,7371,619,7990,64
2020-12-22,Sierra,091,2930,27,23,0,23,0
2020-12-22,Siskiyou,093,43540,971,880,88,968,2
2020-12-22,Solano,095,438530,17951,16229,179,16408,95
2020-12-22,Sonoma,097,501317,18295,17216,102,17318,180
2020-12-22,Stanislaus,099,539301,33354,30914,2892,33806,499
2020-12-22,Sutter,101,95872,6230,5791,41,5832,46
2020-12-22,Tehama,103,63373,2891,2688,249,2937,9
2020-12-22,Trinity,105,12862,407,231,57,288,2
2020-12-22,Tulare,107,460477,32361,30025,3405,33430,377
2020-12-22,Tuolumne,109,53932,2703,2526,12,2538,12
2020-12-22,Ventura,111,848112,36993,32488,1456,33944,213
2020-12-22,Yolo,113,214977,8147,7388,55,7443,113
2020-12-22,Yuba,115,75493,3635,3379,36,3415,14
2020-12-21,Alameda,001,1643700,48610,44756,813,45569,518
2020-12-21,Alpine,003,1148,65,64,0,64,0
2020-12-21,Amador,005,37829,2225,1815,17,1832,23
2020-12-21,Butte,007,227075,7072,6335,738,7073,81
2020-12-21,Calaveras,009,45235,1032,963,0,963,21
2020-12-21,Colusa,011,21464,1211,1135,59,1194,7
2020-12-21,Contra Costa,013,1133247,37618,35207,430,35637,300
2020-12-21,Del Norte,015,27424,710,660,2,662,2
2020-12-21,El Dorado,017,186661,5643,4805,221,5026,10
2020-12-21,Fresno,019,978130,64068,58568,3966,62534,634
2020-12-21,Glenn,021,27897,1444,1323,204,1527,9
2020-12-21,Humboldt,023,135768,1584,1419,7,1426,16
2020-12-21,Imperial,025,180216,22041,20994,1075,22069,395
2020-12-21,Inyo,027,18085,599,482,7,489,17
2020-12-21,Kern,029,883053,62118,56836,4192,61028,541
2020-12-21,Kings,031,150075,15641,14760,470,15230,100
2020-12-21,Lake,033,64148,1735,1538,0,1538,20
2020-12-21,Lassen,035,31185,4012,3798,37,3835,1
2020-12-21,Los Angeles,037,10098052,693831,624129,17570,641699,8918
2020-12-21,Madera,039,155013,9972,9069,349,9418,63
2020-12-21,Marin,041,260295,9450,9035,63,9098,142
2020-12-21,Mariposa,043,17540,210,186,2,188,3
2020-12-21,Mendocino,045,87422,2265,2066,18,2084,23
2020-12-21,Merced,047,269075,17821,16710,279,16989,198
2020-12-21,Modoc,049,8938,222,181,68,249,0
2020-12-21,Mono,051,14174,846,781,12,793,3
2020-12-21,Monterey,053,433212,25491,23673,623,24296,174
2020-12-21,Napa,055,140530,5474,4952,26,4978,23
2020-12-21,Nevada,057,99092,2561,2337,84,2421,13
2020-12-21,Orange,059,3164182,146411,130444,5379,135823,1772
2020-12-21,Placer,061,380077,13328,11715,466,12181,105
2020-12-21,Plumas,063,18699,438,353,8,361,0
2020-12-21,Riverside,065,2383286,168117,151713,6959,158672,1743
2020-12-21,Sacramento,067,1510023,61280,57064,520,57584,759
2020-12-21,San Benito,069,59416,3287,2921,25,2946,22
2020-12-21,San Bernardino,071,2135413,182532,165086,4803,169889,1476
2020-12-21,San Diego,073,3302833,144413,129716,6383,136099,1284
2020-12-21,San Francisco,075,870044,22239,21086,198,21284,174
2020-12-21,San Joaquin,077,732212,42721,38811,1319,40130,586
2020-12-21,San Luis Obispo,079,281455,9999,9006,224,9230,64
2020-12-21,San Mateo,081,765935,23591,21035,75,21110,185
2020-12-21,Santa Barbara,083,443738,16807,14988,420,15408,149
2020-12-21,Santa Clara,085,1922200,64870,57699,252,57951,570
2020-12-21,Santa Cruz,087,273765,8410,7315,245,7560,69
2020-12-21,Shasta,089,179085,7802,7299,609,7908,64
2020-12-21,Sierra,091,2930,24,23,0,23,0
2020-12-21,Siskiyou,093,43540,963,878,87,965,2
2020-12-21,Solano,095,438530,17481,15878,174,16052,95
2020-12-21,Sonoma,097,501317,18022,17075,98,17173,176
2020-12-21,Stanislaus,099,539301,32896,30437,2818,33255,499
2020-12-21,Sutter,101,95872,6134,5708,41,5749,46
2020-12-21,Tehama,103,63373,2823,2656,241,2897,9
2020-12-21,Trinity,105,12862,405,226,55,281,2
2020-12-21,Tulare,107,460477,31861,29482,3316,32798,373
2020-12-21,Tuolumne,109,53932,2678,2423,10,2433,12
2020-12-21,Ventura,111,848112,35912,31759,1419,33178,212
2020-12-21,Yolo,113,214977,8002,7266,51,7317,109
2020-12-21,Yuba,115,75493,3576,3329,36,3365,14
2020-12-20,Alameda,001,1643700,47730,44004,790,44794,516
2020-12-20,Alpine,003,1148,65,64,0,64,0
2020-12-20,Amador,005,37829,2167,1771,17,1788,23
2020-12-20,Butte,007,227075,6927,6228,702,6930,81
2020-12-20,Calaveras,009,45235,1008,926,0,926,21
2020-12-20,Colusa,011,21464,1183,1121,52,1173,7
2020-12-20,Contra Costa,013,1133247,37032,34798,413,35211,301
2020-12-20,Del Norte,015,27424,688,652,2,654,2
2020-12-20,El Dorado,017,186661,5518,4697,212,4909,10
2020-12-20,Fresno,019,978130,63076,57616,3829,61445,634
2020-12-20,Glenn,021,27897,1435,1295,197,1492,9
2020-12-20,Humboldt,023,135768,1547,1386,6,1392,15
2020-12-20,Imperial,025,180216,21799,20882,970,21852,395
2020-12-20,Inyo,027,18085,584,476,7,483,17
2020-12-20,Kern,029,883053,61019,55983,4038,60021,540
2020-12-20,Kings,031,150075,15421,14629,453,15082,100
2020-12-20,Lake,033,64148,1689,1463,0,1463,20
2020-12-20,Lassen,035,31185,3958,3669,35,3704,1
2020-12-20,Los Angeles,037,10098052,675756,612975,16826,629801,8862
2020-12-20,Madera,039,155013,9762,8871,340,9211,63
2020-12-20,Marin,041,260295,9352,8948,59,9007,142
2020-12-20,Mariposa,043,17540,209,179,2,181,3
2020-12-20,Mendocino,045,87422,2240,2033,18,2051,23
2020-12-20,Merced,047,269075,17505,16435,272,16707,198
2020-12-20,Modoc,049,8938,222,181,66,247,0
2020-12-20,Mono,051,14174,828,774,12,786,3
2020-12-20,Monterey,053,433212,25012,23250,582,23832,173
2020-12-20,Napa,055,140530,5352,4865,24,4889,23
2020-12-20,Nevada,057,99092,2515,2289,78,2367,13
2020-12-20,Orange,059,3164182,142906,128780,5230,134010,1763
2020-12-20,Placer,061,380077,13102,11496,447,11943,105
2020-12-20,Plumas,063,18699,430,347,8,355,0
2020-12-20,Riverside,065,2383286,163910,148714,6667,155381,1742
2020-12-20,Sacramento,067,1510023,60280,56017,500,56517,755
2020-12-20,San Benito,069,59416,3215,2885,24,2909,21
2020-12-20,San Bernardino,071,2135413,177551,162810,4644,167454,1458
2020-12-20,San Diego,073,3302833,140695,126465,6213,132678,1280
2020-12-20,San Francisco,075,870044,21924,20937,194,21131,174
2020-12-20,San Joaquin,077,732212,41879,38268,1258,39526,587
2020-12-20,San Luis Obispo,079,281455,9706,8881,217,9098,63
2020-12-20,San Mateo,081,765935,23157,20764,71,20835,185
2020-12-20,Santa Barbara,083,443738,16491,14817,400,15217,148
2020-12-20,Santa Clara,085,1922200,63463,56860,246,57106,566
2020-12-20,Santa Cruz,087,273765,8202,7178,232,7410,69
2020-12-20,Shasta,089,179085,7687,7256,595,7851,64
2020-12-20,Sierra,091,2930,24,22,0,22,0
2020-12-20,Siskiyou,093,43540,953,870,86,956,2
2020-12-20,Solano,095,438530,17103,15533,163,15696,95
2020-12-20,Sonoma,097,501317,17747,16802,97,16899,175
2020-12-20,Stanislaus,099,539301,32373,29995,2716,32711,498
2020-12-20,Sutter,101,95872,6047,5601,41,5642,43
2020-12-20,Tehama,103,63373,2773,2602,222,2824,9
2020-12-20,Trinity,105,12862,397,221,54,275,2
2020-12-20,Tulare,107,460477,31343,29078,3220,32298,373
2020-12-20,Tuolumne,109,53932,2567,2152,9,2161,12
2020-12-20,Ventura,111,848112,35209,31335,1386,32721,210
2020-12-20,Yolo,113,214977,7851,7121,48,7169,109
2020-12-20,Yuba,115,75493,3529,3254,34,3288,12
2020-12-19,Alameda,001,1643700,47287,43109,783,43892,516
2020-12-19,Alpine,003,1148,65,64,0,64,0
2020-12-19,Amador,005,37829,2143,1754,17,1771,23
2020-12-19,Butte,007,227075,6827,6118,678,6796,81
2020-12-19,Calaveras,009,45235,991,900,0,900,21
2020-12-19,Colusa,011,21464,1175,1096,50,1146,7
2020-12-19,Contra Costa,013,1133247,36717,34321,399,34720,301
2020-12-19,Del Norte,015,27424,686,641,1,642,2
2020-12-19,El Dorado,017,186661,5451,4588,204,4792,10
2020-12-19,Fresno,019,978130,62752,55428,3760,59188,634
2020-12-19,Glenn,021,27897,1400,1286,196,1482,9
2020-12-19,Humboldt,023,135768,1530,1357,6,1363,15
2020-12-19,Imperial,025,180216,21709,20711,923,21634,395
2020-12-19,Inyo,027,18085,577,475,7,482,17
2020-12-19,Kern,029,883053,60533,55118,3930,59048,540
2020-12-19,Kings,031,150075,15342,14474,451,14925,100
2020-12-19,Lake,033,64148,1654,1438,0,1438,20
2020-12-19,Lassen,035,31185,3930,3595,35,3630,1
2020-12-19,Los Angeles,037,10098052,668662,599888,16289,616177,8804
2020-12-19,Madera,039,155013,9670,8717,328,9045,63
2020-12-19,Marin,041,260295,9313,8864,59,8923,142
2020-12-19,Mariposa,043,17540,207,177,2,179,3
2020-12-19,Mendocino,045,87422,2215,2008,18,2026,23
2020-12-19,Merced,047,269075,17366,16230,264,16494,198
2020-12-19,Modoc,049,8938,219,181,66,247,0
2020-12-19,Mono,051,14174,821,766,12,778,3
2020-12-19,Monterey,053,433212,24901,22799,576,23375,172
2020-12-19,Napa,055,140530,5290,4772,24,4796,23
2020-12-19,Nevada,057,99092,2493,2260,78,2338,13
2020-12-19,Orange,059,3164182,140985,125574,5079,130653,1733
2020-12-19,Placer,061,380077,12947,11246,441,11687,105
2020-12-19,Plumas,063,18699,427,343,8,351,0
2020-12-19,Riverside,065,2383286,161923,146703,6431,153134,1737
2020-12-19,Sacramento,067,1510023,59748,55169,486,55655,746
2020-12-19,San Benito,069,59416,3169,2820,23,2843,21
2020-12-19,San Bernardino,071,2135413,175985,159883,4537,164420,1433
2020-12-19,San Diego,073,3302833,138928,122972,6074,129046,1280
2020-12-19,San Francisco,075,870044,21773,20643,194,20837,174
2020-12-19,San Joaquin,077,732212,41476,37340,1208,38548,586
2020-12-19,San Luis Obispo,079,281455,9635,8788,214,9002,63
2020-12-19,San Mateo,081,765935,22947,20393,64,20457,182
2020-12-19,Santa Barbara,083,443738,16335,14667,394,15061,148
2020-12-19,Santa Clara,085,1922200,62651,55540,242,55782,558
2020-12-19,Santa Cruz,087,273765,8098,7054,227,7281,68
2020-12-19,Shasta,089,179085,7634,7221,583,7804,63
2020-12-19,Sierra,091,2930,24,23,0,23,0
2020-12-19,Siskiyou,093,43540,949,853,85,938,2
2020-12-19,Solano,095,438530,16937,15204,159,15363,95
2020-12-19,Sonoma,097,501317,17639,16553,97,16650,175
2020-12-19,Stanislaus,099,539301,32053,29555,2644,32199,498
2020-12-19,Sutter,101,95872,5990,5506,41,5547,41
2020-12-19,Tehama,103,63373,2722,2574,220,2794,9
2020-12-19,Trinity,105,12862,396,219,54,273,2
2020-12-19,Tulare,107,460477,31121,28734,3154,31888,375
2020-12-19,Tuolumne,109,53932,2554,2107,9,2116,12
2020-12-19,Ventura,111,848112,34928,30843,1356,32199,209
2020-12-19,Yolo,113,214977,7782,7025,47,7072,109
2020-12-19,Yuba,115,75493,3497,3168,34,3202,11
2020-12-18,Alameda,001,1643700,46750,42196,767,42963,515
2020-12-18,Alpine,003,1148,65,64,0,64,0
2020-12-18,Amador,005,37829,2126,1727,15,1742,20
2020-12-18,Butte,007,227075,6742,5891,652,6543,81
2020-12-18,Calaveras,009,45235,981,870,0,870,21
2020-12-18,Colusa,011,21464,1166,1068,50,1118,7
2020-12-18,Contra Costa,013,1133247,36432,33610,387,33997,300
2020-12-18,Del Norte,015,27424,681,627,0,627,2
2020-12-18,El Dorado,017,186661,5389,4494,195,4689,10
2020-12-18,Fresno,019,978130,61925,52643,3696,56339,613
2020-12-18,Glenn,021,27897,1383,1264,191,1455,9
2020-12-18,Humboldt,023,135768,1515,1331,6,1337,15
2020-12-18,Imperial,025,180216,21631,20430,876,21306,393
2020-12-18,Inyo,027,18085,557,454,7,461,17
2020-12-18,Kern,029,883053,59873,54220,3845,58065,533
2020-12-18,Kings,031,150075,15216,14284,445,14729,98
2020-12-18,Lake,033,64148,1643,1397,0,1397,20
2020-12-18,Lassen,035,31185,3922,3486,35,3521,1
2020-12-18,Los Angeles,037,10098052,656528,586413,15788,602201,8744
2020-12-18,Madera,039,155013,9568,8609,323,8932,63
2020-12-18,Marin,041,260295,9229,8799,59,8858,142
2020-12-18,Mariposa,043,17540,204,176,2,178,3
2020-12-18,Mendocino,045,87422,2197,1977,18,1995,24
2020-12-18,Merced,047,269075,17285,15956,261,16217,195
2020-12-18,Modoc,049,8938,219,179,66,245,0
2020-12-18,Mono,051,14174,813,731,12,743,3
2020-12-18,Monterey,053,433212,24609,22336,570,22906,165
2020-12-18,Napa,055,140530,5242,4688,24,4712,23
2020-12-18,Nevada,057,99092,2476,2220,77,2297,13
2020-12-18,Orange,059,3164182,138548,121681,4929,126610,1725
2020-12-18,Placer,061,380077,12776,10995,432,11427,104
2020-12-18,Plumas,063,18699,421,336,8,344,0
2020-12-18,Riverside,065,2383286,159082,142375,6162,148537,1733
2020-12-18,Sacramento,067,1510023,59122,53980,470,54450,736
2020-12-18,San Benito,069,59416,3120,2744,23,2767,21
2020-12-18,San Bernardino,071,2135413,173687,154272,4403,158675,1430
2020-12-18,San Diego,073,3302833,136750,120463,5935,126398,1253
2020-12-18,San Francisco,075,870044,21606,20315,188,20503,173
2020-12-18,San Joaquin,077,732212,41118,36484,1177,37661,559
2020-12-18,San Luis Obispo,079,281455,9536,8598,209,8807,62
2020-12-18,San Mateo,081,765935,22633,19971,60,20031,182
2020-12-18,Santa Barbara,083,443738,16195,14361,381,14742,148
2020-12-18,Santa Clara,085,1922200,61778,53992,233,54225,539
2020-12-18,Santa Cruz,087,273765,7983,6838,219,7057,68
2020-12-18,Shasta,089,179085,7597,7114,572,7686,62
2020-12-18,Sierra,091,2930,24,23,0,23,0
2020-12-18,Siskiyou,093,43540,947,840,85,925,2
2020-12-18,Solano,095,438530,16784,14667,155,14822,95
2020-12-18,Sonoma,097,501317,17519,16261,97,16358,173
2020-12-18,Stanislaus,099,539301,31780,28967,2608,31575,490
2020-12-18,Sutter,101,95872,5906,5399,41,5440,39
2020-12-18,Tehama,103,63373,2706,2523,210,2733,9
2020-12-18,Trinity,105,12862,395,215,54,269,2
2020-12-18,Tulare,107,460477,30843,28322,3075,31397,370
2020-12-18,Tuolumne,109,53932,2543,2067,9,2076,12
2020-12-18,Ventura,111,848112,34424,29907,1313,31220,209
2020-12-18,Yolo,113,214977,7714,6901,46,6947,109
2020-12-18,Yuba,115,75493,3439,3097,34,3131,11
2020-12-17,Alameda,001,1643700,45942,41548,734,42282,508
2020-12-17,Alpine,003,1148,65,64,0,64,0
2020-12-17,Amador,005,37829,2078,1703,13,1716,19
2020-12-17,Butte,007,227075,6616,5746,634,6380,78
2020-12-17,Calaveras,009,45235,958,848,0,848,21
2020-12-17,Colusa,011,21464,1155,1053,48,1101,7
2020-12-17,Contra Costa,013,1133247,35908,33006,354,33360,293
2020-12-17,Del Norte,015,27424,676,583,0,583,1
2020-12-17,El Dorado,017,186661,5244,4327,183,4510,9
2020-12-17,Fresno,019,978130,61063,49918,3570,53488,597
2020-12-17,Glenn,021,27897,1359,1244,184,1428,9
2020-12-17,Humboldt,023,135768,1482,1322,6,1328,14
2020-12-17,Imperial,025,180216,21466,20208,805,21013,391
2020-12-17,Inyo,027,18085,539,450,6,456,16
2020-12-17,Kern,029,883053,58917,53683,3711,57394,526
2020-12-17,Kings,031,150075,15117,14057,430,14487,98
2020-12-17,Lake,033,64148,1618,1374,0,1374,20
2020-12-17,Lassen,035,31185,3886,3417,35,3452,1
2020-12-17,Los Angeles,037,10098052,640881,571093,15234,586327,8657
2020-12-17,Madera,039,155013,9451,8465,319,8784,62
2020-12-17,Marin,041,260295,9171,8721,57,8778,142
2020-12-17,Mariposa,043,17540,200,172,2,174,3
2020-12-17,Mendocino,045,87422,2163,1942,18,1960,23
2020-12-17,Merced,047,269075,17022,15648,253,15901,192
2020-12-17,Modoc,049,8938,216,179,66,245,0
2020-12-17,Mono,051,14174,800,718,12,730,3
2020-12-17,Monterey,053,433212,24090,21951,555,22506,163
2020-12-17,Napa,055,140530,5130,4612,24,4636,23
2020-12-17,Nevada,057,99092,2435,2173,74,2247,13
2020-12-17,Orange,059,3164182,135164,118367,4793,123160,1725
2020-12-17,Placer,061,380077,12502,10756,418,11174,99
2020-12-17,Plumas,063,18699,412,324,8,332,0
2020-12-17,Riverside,065,2383286,155203,139325,5946,145271,1696
2020-12-17,Sacramento,067,1510023,58216,53189,447,53636,721
2020-12-17,San Benito,069,59416,3051,2645,22,2667,20
2020-12-17,San Bernardino,071,2135413,169754,149838,4286,154124,1425
2020-12-17,San Diego,073,3302833,133950,116852,5779,122631,1239
2020-12-17,San Francisco,075,870044,21319,19939,183,20122,170
2020-12-17,San Joaquin,077,732212,40390,35894,1140,37034,554
2020-12-17,San Luis Obispo,079,281455,9416,8365,207,8572,59
2020-12-17,San Mateo,081,765935,22261,19647,60,19707,181
2020-12-17,Santa Barbara,083,443738,15962,14207,374,14581,147
2020-12-17,Santa Clara,085,1922200,60610,52559,227,52786,527
2020-12-17,Santa Cruz,087,273765,7827,6687,205,6892,64
2020-12-17,Shasta,089,179085,7520,7000,553,7553,62
2020-12-17,Sierra,091,2930,23,23,0,23,0
2020-12-17,Siskiyou,093,43540,940,827,84,911,2
2020-12-17,Solano,095,438530,16478,14361,153,14514,96
2020-12-17,Sonoma,097,501317,17247,15993,96,16089,171
2020-12-17,Stanislaus,099,539301,31356,28582,2549,31131,489
2020-12-17,Sutter,101,95872,5807,5309,40,5349,39
2020-12-17,Tehama,103,63373,2658,2480,204,2684,9
2020-12-17,Trinity,105,12862,390,213,54,267,2
2020-12-17,Tulare,107,460477,30449,27852,2996,30848,358
2020-12-17,Tuolumne,109,53932,2232,1992,9,2001,11
2020-12-17,Ventura,111,848112,33814,29404,1276,30680,208
2020-12-17,Yolo,113,214977,7590,6800,45,6845,105
2020-12-17,Yuba,115,75493,3380,3035,32,3067,12
2020-12-16,Alameda,001,1643700,45087,40751,707,41458,497
2020-12-16,Alpine,003,1148,65,64,0,64,0
2020-12-16,Amador,005,37829,2031,1693,12,1705,19
2020-12-16,Butte,007,227075,6427,5659,605,6264,76
2020-12-16,Calaveras,009,45235,923,821,0,821,21
2020-12-16,Colusa,011,21464,1142,1038,43,1081,7
2020-12-16,Contra Costa,013,1133247,35351,32429,334,32763,293
2020-12-16,Del Norte,015,27424,674,575,0,575,1
2020-12-16,El Dorado,017,186661,5123,4237,174,4411,9
2020-12-16,Fresno,019,978130,60105,49173,3473,52646,584
2020-12-16,Glenn,021,27897,1341,1236,173,1409,9
2020-12-16,Humboldt,023,135768,1450,1308,5,1313,12
2020-12-16,Imperial,025,180216,21283,19980,738,20718,388
2020-12-16,Inyo,027,18085,526,444,6,450,16
2020-12-16,Kern,029,883053,58040,52896,3578,56474,522
2020-12-16,Kings,031,150075,14937,13734,413,14147,99
2020-12-16,Lake,033,64148,1578,1363,0,1363,20
2020-12-16,Lassen,035,31185,3853,3396,34,3430,1
2020-12-16,Los Angeles,037,10098052,624359,557907,14549,572456,8561
2020-12-16,Madera,039,155013,9326,8278,311,8589,62
2020-12-16,Marin,041,260295,9101,8641,57,8698,142
2020-12-16,Mariposa,043,17540,197,175,2,177,3
2020-12-16,Mendocino,045,87422,2128,1929,18,1947,23
2020-12-16,Merced,047,269075,16736,15443,249,15692,190
2020-12-16,Modoc,049,8938,213,178,66,244,0
2020-12-16,Mono,051,14174,781,702,12,714,3
2020-12-16,Monterey,053,433212,23533,21107,544,21651,163
2020-12-16,Napa,055,140530,5033,4544,24,4568,23
2020-12-16,Nevada,057,99092,2399,2149,72,2221,13
2020-12-16,Orange,059,3164182,131685,115260,4625,119885,1712
2020-12-16,Placer,061,380077,12265,10554,397,10951,96
2020-12-16,Plumas,063,18699,403,319,8,327,0
2020-12-16,Riverside,065,2383286,151081,135751,5698,141449,1664
2020-12-16,Sacramento,067,1510023,57244,52166,422,52588,715
2020-12-16,San Benito,069,59416,2960,2582,22,2604,20
2020-12-16,San Bernardino,071,2135413,165147,143565,4151,147716,1403
2020-12-16,San Diego,073,3302833,130846,114248,5625,119873,1217
2020-12-16,San Francisco,075,870044,21060,19624,183,19807,170
2020-12-16,San Joaquin,077,732212,39565,35010,1100,36110,547
2020-12-16,San Luis Obispo,079,281455,9221,8252,198,8450,58
2020-12-16,San Mateo,081,765935,21935,19292,56,19348,179
2020-12-16,Santa Barbara,083,443738,15718,13966,362,14328,144
2020-12-16,Santa Clara,085,1922200,59368,51502,224,51726,523
2020-12-16,Santa Cruz,087,273765,7643,6536,193,6729,63
2020-12-16,Shasta,089,179085,7447,6914,531,7445,62
2020-12-16,Sierra,091,2930,23,23,0,23,0
2020-12-16,Siskiyou,093,43540,932,818,84,902,2
2020-12-16,Solano,095,438530,16012,14157,149,14306,96
2020-12-16,Sonoma,097,501317,16991,15768,96,15864,170
2020-12-16,Stanislaus,099,539301,30852,28279,2476,30755,489
2020-12-16,Sutter,101,95872,5727,5223,40,5263,39
2020-12-16,Tehama,103,63373,2627,2441,178,2619,9
2020-12-16,Trinity,105,12862,384,212,54,266,2
2020-12-16,Tulare,107,460477,30027,27500,2896,30396,352
2020-12-16,Tuolumne,109,53932,2186,1941,9,1950,11
2020-12-16,Ventura,111,848112,33040,28566,1233,29799,203
2020-12-16,Yolo,113,214977,7461,6649,44,6693,103
2020-12-16,Yuba,115,75493,3294,2980,31,3011,11
2020-12-15,Alameda,001,1643700,44230,40026,685,40711,492
2020-12-15,Alpine,003,1148,65,64,0,64,0
2020-12-15,Amador,005,37829,1918,1669,10,1679,19
2020-12-15,Butte,007,227075,6289,5565,576,6141,75
2020-12-15,Calaveras,009,45235,891,799,0,799,21
2020-12-15,Colusa,011,21464,1129,1026,42,1068,7
2020-12-15,Contra Costa,013,1133247,34696,31423,320,31743,281
2020-12-15,Del Norte,015,27424,663,564,0,564,1
2020-12-15,El Dorado,017,186661,5015,4113,160,4273,9
2020-12-15,Fresno,019,978130,58731,47316,3339,50655,574
2020-12-15,Glenn,021,27897,1328,1207,157,1364,9
2020-12-15,Humboldt,023,135768,1430,1276,5,1281,12
2020-12-15,Imperial,025,180216,21064,19756,658,20414,380
2020-12-15,Inyo,027,18085,513,394,6,400,16
2020-12-15,Kern,029,883053,57028,52002,3475,55477,511
2020-12-15,Kings,031,150075,14773,13652,394,14046,97
2020-12-15,Lake,033,64148,1553,1341,0,1341,21
2020-12-15,Lassen,035,31185,3681,3378,33,3411,1
2020-12-15,Los Angeles,037,10098052,607997,536258,13912,550170,8429
2020-12-15,Madera,039,155013,9172,8118,304,8422,60
2020-12-15,Marin,041,260295,8995,8528,55,8583,141
2020-12-15,Mariposa,043,17540,193,171,2,173,3
2020-12-15,Mendocino,045,87422,2101,1883,18,1901,24
2020-12-15,Merced,047,269075,16441,15120,246,15366,190
2020-12-15,Modoc,049,8938,211,179,66,245,0
2020-12-15,Mono,051,14174,765,702,12,714,3
2020-12-15,Monterey,053,433212,22934,19905,483,20388,161
2020-12-15,Napa,055,140530,4929,4440,24,4464,23
2020-12-15,Nevada,057,99092,2366,2117,70,2187,11
2020-12-15,Orange,059,3164182,128027,112893,4472,117365,1689
2020-12-15,Placer,061,380077,12031,10301,375,10676,95
2020-12-15,Plumas,063,18699,398,313,8,321,0
2020-12-15,Riverside,065,2383286,147022,131822,5419,137241,1624
2020-12-15,Sacramento,067,1510023,56228,51076,409,51485,703
2020-12-15,San Benito,069,59416,2880,2520,21,2541,19
2020-12-15,San Bernardino,071,2135413,160690,137548,3998,141546,1351
2020-12-15,San Diego,073,3302833,127280,111441,5462,116903,1194
2020-12-15,San Francisco,075,870044,20751,19283,180,19463,171
2020-12-15,San Joaquin,077,732212,38642,33849,1063,34912,537
2020-12-15,San Luis Obispo,079,281455,9112,8074,195,8269,55
2020-12-15,San Mateo,081,765935,21525,18907,54,18961,178
2020-12-15,Santa Barbara,083,443738,15496,13782,354,14136,144
2020-12-15,Santa Clara,085,1922200,57931,50311,221,50532,505
2020-12-15,Santa Cruz,087,273765,7459,6361,178,6539,59
2020-12-15,Shasta,089,179085,7389,6794,506,7300,54
2020-12-15,Sierra,091,2930,23,23,0,23,0
2020-12-15,Siskiyou,093,43540,923,812,83,895,2
2020-12-15,Solano,095,438530,15662,13796,149,13945,95
2020-12-15,Sonoma,097,501317,16770,15406,96,15502,167
2020-12-15,Stanislaus,099,539301,30340,27823,2395,30218,485
2020-12-15,Sutter,101,95872,5629,5080,39,5119,36
2020-12-15,Tehama,103,63373,2590,2392,173,2565,9
2020-12-15,Trinity,105,12862,376,213,52,265,1
2020-12-15,Tulare,107,460477,29538,27026,2806,29832,342
2020-12-15,Tuolumne,109,53932,2155,1874,9,1883,8
2020-12-15,Ventura,111,848112,32418,27936,1186,29122,201
2020-12-15,Yolo,113,214977,7338,6531,42,6573,104
2020-12-15,Yuba,115,75493,3200,2891,30,2921,11
2020-12-14,Alameda,001,1643700,43337,39252,666,39918,487
2020-12-14,Alpine,003,1148,65,63,0,63,0
2020-12-14,Amador,005,37829,1846,1609,10,1619,19
2020-12-14,Butte,007,227075,6121,5202,559,5761,75
2020-12-14,Calaveras,009,45235,853,718,0,718,21
2020-12-14,Colusa,011,21464,1105,949,41,990,7
2020-12-14,Contra Costa,013,1133247,33998,30594,306,30900,281
2020-12-14,Del Norte,015,27424,657,560,0,560,1
2020-12-14,El Dorado,017,186661,4859,4018,144,4162,9
2020-12-14,Fresno,019,978130,57706,44726,3159,47885,560
2020-12-14,Glenn,021,27897,1302,1186,149,1335,9
2020-12-14,Humboldt,023,135768,1417,1256,5,1261,9
2020-12-14,Imperial,025,180216,20826,19608,580,20188,379
2020-12-14,Inyo,027,18085,499,382,6,388,16
2020-12-14,Kern,029,883053,55991,50538,3354,53892,510
2020-12-14,Kings,031,150075,14588,13491,367,13858,97
2020-12-14,Lake,033,64148,1504,1301,0,1301,21
2020-12-14,Lassen,035,31185,3582,2905,30,2935,1
2020-12-14,Los Angeles,037,10098052,590382,524668,13268,537936,8340
2020-12-14,Madera,039,155013,8905,8011,295,8306,60
2020-12-14,Marin,041,260295,8913,8475,53,8528,141
2020-12-14,Mariposa,043,17540,192,171,2,173,3
2020-12-14,Mendocino,045,87422,2080,1845,18,1863,24
2020-12-14,Merced,047,269075,16035,14572,232,14804,189
2020-12-14,Modoc,049,8938,205,180,64,244,0
2020-12-14,Mono,051,14174,757,685,12,697,3
2020-12-14,Monterey,053,433212,22413,19154,477,19631,155
2020-12-14,Napa,055,140530,4836,4289,24,4313,22
2020-12-14,Nevada,057,99092,2327,2070,67,2137,11
2020-12-14,Orange,059,3164182,124138,108602,4336,112938,1688
2020-12-14,Placer,061,380077,11750,9551,364,9915,95
2020-12-14,Plumas,063,18699,386,309,8,317,0
2020-12-14,Riverside,065,2383286,142894,123715,5156,128871,1588
2020-12-14,Sacramento,067,1510023,55119,50304,384,50688,691
2020-12-14,San Benito,069,59416,2814,2467,20,2487,19
2020-12-14,San Bernardino,071,2135413,156248,129151,3870,133021,1347
2020-12-14,San Diego,073,3302833,123544,109578,5277,114855,1162
2020-12-14,San Francisco,075,870044,20375,18904,178,19082,171
2020-12-14,San Joaquin,077,732212,37798,32522,1017,33539,534
2020-12-14,San Luis Obispo,079,281455,8864,7791,191,7982,52
2020-12-14,San Mateo,081,765935,21026,18361,51,18412,178
2020-12-14,Santa Barbara,083,443738,15225,13587,346,13933,144
2020-12-14,Santa Clara,085,1922200,56371,49180,209,49389,502
2020-12-14,Santa Cruz,087,273765,7273,6049,163,6212,54
2020-12-14,Shasta,089,179085,7300,6665,487,7152,54
2020-12-14,Sierra,091,2930,23,21,0,21,0
2020-12-14,Siskiyou,093,43540,900,764,77,841,2
2020-12-14,Solano,095,438530,15300,13352,148,13500,93
2020-12-14,Sonoma,097,501317,16463,14807,95,14902,167
2020-12-14,Stanislaus,099,539301,29807,27311,2346,29657,485
2020-12-14,Sutter,101,95872,5524,5001,32,5033,35
2020-12-14,Tehama,103,63373,2546,2344,170,2514,9
2020-12-14,Trinity,105,12862,372,205,50,255,1
2020-12-14,Tulare,107,460477,29065,25735,2714,28449,341
2020-12-14,Tuolumne,109,53932,2099,1647,9,1656,8
2020-12-14,Ventura,111,848112,31495,27436,1127,28563,202
2020-12-14,Yolo,113,214977,7178,6389,41,6430,95
2020-12-14,Yuba,115,75493,3138,2851,30,2881,11
2020-12-13,Alameda,001,1643700,42145,38064,639,38703,486
2020-12-13,Alpine,003,1148,65,63,0,63,0
2020-12-13,Amador,005,37829,1790,1457,9,1466,19
2020-12-13,Butte,007,227075,5971,5103,517,5620,75
2020-12-13,Calaveras,009,45235,817,710,0,710,21
2020-12-13,Colusa,011,21464,1089,945,37,982,7
2020-12-13,Contra Costa,013,1133247,33270,29667,300,29967,281
2020-12-13,Del Norte,015,27424,604,542,0,542,1
2020-12-13,El Dorado,017,186661,4758,3770,133,3903,9
2020-12-13,Fresno,019,978130,56600,44114,3000,47114,559
2020-12-13,Glenn,021,27897,1289,1171,138,1309,9
2020-12-13,Humboldt,023,135768,1394,1238,4,1242,9
2020-12-13,Imperial,025,180216,20533,19472,452,19924,379
2020-12-13,Inyo,027,18085,478,380,6,386,16
2020-12-13,Kern,029,883053,54965,49051,3199,52250,510
2020-12-13,Kings,031,150075,14308,13357,349,13706,97
2020-12-13,Lake,033,64148,1461,1271,0,1271,21
2020-12-13,Lassen,035,31185,3475,2867,25,2892,1
2020-12-13,Los Angeles,037,10098052,572781,517472,12560,530032,8294
2020-12-13,Madera,039,155013,8723,7909,281,8190,60
2020-12-13,Marin,041,260295,8793,8409,53,8462,141
2020-12-13,Mariposa,043,17540,188,167,2,169,3
2020-12-13,Mendocino,045,87422,2046,1793,18,1811,24
2020-12-13,Merced,047,269075,15685,14384,229,14613,189
2020-12-13,Modoc,049,8938,192,179,58,237,0
2020-12-13,Mono,051,14174,741,675,12,687,3
2020-12-13,Monterey,053,433212,21990,18913,463,19376,153
2020-12-13,Napa,055,140530,4730,4194,24,4218,22
2020-12-13,Nevada,057,99092,2279,2030,65,2095,11
2020-12-13,Orange,059,3164182,120204,104768,4162,108930,1688
2020-12-13,Placer,061,380077,11436,9405,346,9751,95
2020-12-13,Plumas,063,18699,380,291,8,299,0
2020-12-13,Riverside,065,2383286,138765,119691,4893,124584,1581
2020-12-13,Sacramento,067,1510023,53847,49480,354,49834,682
2020-12-13,San Benito,069,59416,2744,2408,19,2427,19
2020-12-13,San Bernardino,071,2135413,151353,126718,3707,130425,1333
2020-12-13,San Diego,073,3302833,119944,107372,5108,112480,1162
2020-12-13,San Francisco,075,870044,20031,18686,169,18855,167
2020-12-13,San Joaquin,077,732212,36994,32170,976,33146,534
2020-12-13,San Luis Obispo,079,281455,8672,7625,183,7808,52
2020-12-13,San Mateo,081,765935,20535,18090,45,18135,177
2020-12-13,Santa Barbara,083,443738,14956,13249,331,13580,144
2020-12-13,Santa Clara,085,1922200,54945,47920,200,48120,499
2020-12-13,Santa Cruz,087,273765,7024,5986,152,6138,54
2020-12-13,Shasta,089,179085,7226,6647,461,7108,54
2020-12-13,Sierra,091,2930,23,21,0,21,0
2020-12-13,Siskiyou,093,43540,888,762,72,834,2
2020-12-13,Solano,095,438530,14861,13276,145,13421,93
2020-12-13,Sonoma,097,501317,16148,14495,94,14589,167
2020-12-13,Stanislaus,099,539301,29244,26569,2281,28850,485
2020-12-13,Sutter,101,95872,5397,4798,28,4826,34
2020-12-13,Tehama,103,63373,2500,2325,155,2480,9
2020-12-13,Trinity,105,12862,366,204,49,253,1
2020-12-13,Tulare,107,460477,28574,25496,2627,28123,340
2020-12-13,Tuolumne,109,53932,2037,1611,9,1620,8
2020-12-13,Ventura,111,848112,30492,26588,1064,27652,202
2020-12-13,Yolo,113,214977,6994,6265,35,6300,95
2020-12-13,Yuba,115,75493,3073,2754,27,2781,11
2020-12-12,Alameda,001,1643700,41702,37027,619,37646,486
2020-12-12,Alpine,003,1148,65,63,0,63,0
2020-12-12,Amador,005,37829,1762,1236,8,1244,19
2020-12-12,Butte,007,227075,5898,4972,505,5477,73
2020-12-12,Calaveras,009,45235,807,708,0,708,21
2020-12-12,Colusa,011,21464,1069,945,35,980,7
2020-12-12,Contra Costa,013,1133247,32927,29506,291,29797,281
2020-12-12,Del Norte,015,27424,596,529,0,529,1
2020-12-12,El Dorado,017,186661,4683,3706,116,3822,9
2020-12-12,Fresno,019,978130,56247,43756,2939,46695,559
2020-12-12,Glenn,021,27897,1281,1143,134,1277,8
2020-12-12,Humboldt,023,135768,1375,1208,4,1212,9
2020-12-12,Imperial,025,180216,20449,18947,393,19340,379
2020-12-12,Inyo,027,18085,474,380,6,386,16
2020-12-12,Kern,029,883053,54445,48194,3111,51305,507
2020-12-12,Kings,031,150075,14219,13205,345,13550,96
2020-12-12,Lake,033,64148,1445,1232,0,1232,21
2020-12-12,Lassen,035,31185,3452,2866,22,2888,1
2020-12-12,Los Angeles,037,10098052,565983,504317,12051,516368,8269
2020-12-12,Madera,039,155013,8596,7765,278,8043,59
2020-12-12,Marin,041,260295,8739,8363,52,8415,141
2020-12-12,Mariposa,043,17540,187,164,2,166,3
2020-12-12,Mendocino,045,87422,2010,1771,18,1789,24
2020-12-12,Merced,047,269075,15594,14181,225,14406,188
2020-12-12,Modoc,049,8938,191,169,55,224,0
2020-12-12,Mono,051,14174,734,640,12,652,3
2020-12-12,Monterey,053,433212,21880,18596,434,19030,151
2020-12-12,Napa,055,140530,4685,4113,24,4137,22
2020-12-12,Nevada,057,99092,2261,1981,63,2044,10
2020-12-12,Orange,059,3164182,118321,100468,4013,104481,1674
2020-12-12,Placer,061,380077,11271,9390,341,9731,95
2020-12-12,Plumas,063,18699,374,291,8,299,0
2020-12-12,Riverside,065,2383286,136708,118335,4687,123022,1579
2020-12-12,Sacramento,067,1510023,53262,48319,341,48660,673
2020-12-12,San Benito,069,59416,2688,2355,19,2374,19
2020-12-12,San Bernardino,071,2135413,149721,125741,3605,129346,1321
2020-12-12,San Diego,073,3302833,118323,104958,5011,109969,1151
2020-12-12,San Francisco,075,870044,19841,18413,165,18578,167
2020-12-12,San Joaquin,077,732212,36667,32200,945,33145,534
2020-12-12,San Luis Obispo,079,281455,8573,7462,177,7639,50
2020-12-12,San Mateo,081,765935,20314,17574,44,17618,177
2020-12-12,Santa Barbara,083,443738,14804,13174,323,13497,144
2020-12-12,Santa Clara,085,1922200,53994,45892,197,46089,498
2020-12-12,Santa Cruz,087,273765,6926,5905,143,6048,54
2020-12-12,Shasta,089,179085,7191,6551,443,6994,54
2020-12-12,Sierra,091,2930,23,21,0,21,0
2020-12-12,Siskiyou,093,43540,886,762,69,831,2
2020-12-12,Solano,095,438530,14663,12748,138,12886,93
2020-12-12,Sonoma,097,501317,16028,14466,94,14560,166
2020-12-12,Stanislaus,099,539301,28943,26246,2228,28474,483
2020-12-12,Sutter,101,95872,5335,4717,28,4745,32
2020-12-12,Tehama,103,63373,2482,2252,150,2402,9
2020-12-12,Trinity,105,12862,364,204,47,251,1
2020-12-12,Tulare,107,460477,28316,25333,2569,27902,341
2020-12-12,Tuolumne,109,53932,1994,1536,9,1545,8
2020-12-12,Ventura,111,848112,30048,25955,1031,26986,202
2020-12-12,Yolo,113,214977,6912,6116,33,6149,95
2020-12-12,Yuba,115,75493,3046,2692,26,2718,10
2020-12-11,Alameda,001,1643700,41135,36281,607,36888,482
2020-12-11,Alpine,003,1148,65,63,0,63,0
2020-12-11,Amador,005,37829,1746,1213,8,1221,19
2020-12-11,Butte,007,227075,5825,4941,486,5427,73
2020-12-11,Calaveras,009,45235,791,697,0,697,21
2020-12-11,Colusa,011,21464,1059,923,33,956,7
2020-12-11,Contra Costa,013,1133247,32503,29036,287,29323,282
2020-12-11,Del Norte,015,27424,590,505,0,505,1
2020-12-11,El Dorado,017,186661,4602,3669,101,3770,9
2020-12-11,Fresno,019,978130,55234,43071,2873,45944,550
2020-12-11,Glenn,021,27897,1265,1135,129,1264,8
2020-12-11,Humboldt,023,135768,1357,1190,4,1194,9
2020-12-11,Imperial,025,180216,20359,18599,349,18948,377
2020-12-11,Inyo,027,18085,462,372,6,378,16
2020-12-11,Kern,029,883053,53767,47664,3049,50713,502
2020-12-11,Kings,031,150075,14075,13118,340,13458,94
2020-12-11,Lake,033,64148,1432,1205,0,1205,21
2020-12-11,Lassen,035,31185,3440,2790,21,2811,1
2020-12-11,Los Angeles,037,10098052,554182,493592,11640,505232,8198
2020-12-11,Madera,039,155013,8505,7648,268,7916,59
2020-12-11,Marin,041,260295,8646,8317,51,8368,141
2020-12-11,Mariposa,043,17540,186,164,2,166,3
2020-12-11,Mendocino,045,87422,1987,1769,18,1787,24
2020-12-11,Merced,047,269075,15474,14038,217,14255,186
2020-12-11,Modoc,049,8938,191,168,54,222,0
2020-12-11,Mono,051,14174,724,631,12,643,3
2020-12-11,Monterey,053,433212,21579,18421,429,18850,150
2020-12-11,Napa,055,140530,4629,4054,24,4078,22
2020-12-11,Nevada,057,99092,2244,1959,60,2019,10
2020-12-11,Orange,059,3164182,116014,98357,3910,102267,1656
2020-12-11,Placer,061,380077,11109,8904,325,9229,93
2020-12-11,Plumas,063,18699,366,286,8,294,0
2020-12-11,Riverside,065,2383286,133640,115329,4466,119795,1573
2020-12-11,Sacramento,067,1510023,52601,47468,333,47801,669
2020-12-11,San Benito,069,59416,2637,2319,19,2338,19
2020-12-11,San Bernardino,071,2135413,147031,123092,3489,126581,1313
2020-12-11,San Diego,073,3302833,116363,102468,4928,107396,1137
2020-12-11,San Francisco,075,870044,19611,18246,164,18410,165
2020-12-11,San Joaquin,077,732212,36322,32044,917,32961,534
2020-12-11,San Luis Obispo,079,281455,8412,7415,175,7590,49
2020-12-11,San Mateo,081,765935,20043,17240,33,17273,177
2020-12-11,Santa Barbara,083,443738,14661,12997,315,13312,144
2020-12-11,Santa Clara,085,1922200,52989,45101,188,45289,494
2020-12-11,Santa Cruz,087,273765,6813,5764,134,5898,50
2020-12-11,Shasta,089,179085,7146,6459,436,6895,54
2020-12-11,Sierra,091,2930,23,19,0,19,0
2020-12-11,Siskiyou,093,43540,879,753,66,819,2
2020-12-11,Solano,095,438530,14477,12554,134,12688,92
2020-12-11,Sonoma,097,501317,15861,14298,92,14390,166
2020-12-11,Stanislaus,099,539301,28676,25928,2187,28115,464
2020-12-11,Sutter,101,95872,5272,4600,27,4627,30
2020-12-11,Tehama,103,63373,2452,2232,146,2378,9
2020-12-11,Trinity,105,12862,361,204,47,251,1
2020-12-11,Tulare,107,460477,27957,24953,2521,27474,338
2020-12-11,Tuolumne,109,53932,1980,1510,9,1519,8
2020-12-11,Ventura,111,848112,29442,24999,1009,26008,202
2020-12-11,Yolo,113,214977,6806,6006,32,6038,95
2020-12-11,Yuba,115,75493,2986,2649,25,2674,10
2020-12-10,Alameda,001,1643700,40364,35686,585,36271,477
2020-12-10,Alpine,003,1148,65,63,0,63,0
2020-12-10,Amador,005,37829,1689,1191,8,1199,18
2020-12-10,Butte,007,227075,5709,4863,459,5322,72
2020-12-10,Calaveras,009,45235,773,684,0,684,21
2020-12-10,Colusa,011,21464,1036,909,28,937,7
2020-12-10,Contra Costa,013,1133247,31822,28413,281,28694,276
2020-12-10,Del Norte,015,27424,581,501,0,501,1
2020-12-10,El Dorado,017,186661,4484,3557,96,3653,9
2020-12-10,Fresno,019,978130,54253,42461,2730,45191,540
2020-12-10,Glenn,021,27897,1245,1126,120,1246,8
2020-12-10,Humboldt,023,135768,1337,1140,4,1144,9
2020-12-10,Imperial,025,180216,20143,18333,271,18604,370
2020-12-10,Inyo,027,18085,441,365,6,371,15
2020-12-10,Kern,029,883053,52783,47176,2882,50058,499
2020-12-10,Kings,031,150075,13922,12993,334,13327,92
2020-12-10,Lake,033,64148,1391,1167,0,1167,21
2020-12-10,Lassen,035,31185,3418,2764,17,2781,0
2020-12-10,Los Angeles,037,10098052,540223,480354,11112,491466,8149
2020-12-10,Madera,039,155013,8399,7445,253,7698,59
2020-12-10,Marin,041,260295,8599,8245,50,8295,140
2020-12-10,Mariposa,043,17540,185,160,2,162,3
2020-12-10,Mendocino,045,87422,1961,1748,15,1763,24
2020-12-10,Merced,047,269075,15228,13756,214,13970,186
2020-12-10,Modoc,049,8938,186,165,52,217,0
2020-12-10,Mono,051,14174,719,601,12,613,3
2020-12-10,Monterey,053,433212,21099,18266,419,18685,145
2020-12-10,Napa,055,140530,4543,3974,23,3997,22
2020-12-10,Nevada,057,99092,2208,1919,60,1979,10
2020-12-10,Orange,059,3164182,112915,95297,3746,99043,1651
2020-12-10,Placer,061,380077,10856,8906,307,9213,90
2020-12-10,Plumas,063,18699,355,281,8,289,0
2020-12-10,Riverside,065,2383286,129958,112794,4196,116990,1552
2020-12-10,Sacramento,067,1510023,51703,46471,312,46783,664
2020-12-10,San Benito,069,59416,2577,2268,18,2286,19
2020-12-10,San Bernardino,071,2135413,142801,120186,3315,123501,1306
2020-12-10,San Diego,073,3302833,113838,99601,4779,104380,1114
2020-12-10,San Francisco,075,870044,19299,17945,156,18101,164
2020-12-10,San Joaquin,077,732212,35688,31228,887,32115,534
2020-12-10,San Luis Obispo,079,281455,8250,7245,164,7409,49
2020-12-10,San Mateo,081,765935,19598,16701,23,16724,177
2020-12-10,Santa Barbara,083,443738,14484,12788,306,13094,143
2020-12-10,Santa Clara,085,1922200,51851,43939,173,44112,491
2020-12-10,Santa Cruz,087,273765,6646,5645,121,5766,48
2020-12-10,Shasta,089,179085,7078,6312,411,6723,53
2020-12-10,Sierra,091,2930,23,18,0,18,0
2020-12-10,Siskiyou,093,43540,869,712,65,777,2
2020-12-10,Solano,095,438530,14110,12017,128,12145,90
2020-12-10,Sonoma,097,501317,15606,14282,91,14373,167
2020-12-10,Stanislaus,099,539301,28212,25582,2117,27699,464
2020-12-10,Sutter,101,95872,5142,4528,25,4553,27
2020-12-10,Tehama,103,63373,2409,2190,136,2326,9
2020-12-10,Trinity,105,12862,357,202,45,247,1
2020-12-10,Tulare,107,460477,27503,24506,2455,26961,337
2020-12-10,Tuolumne,109,53932,1721,1451,9,1460,8
2020-12-10,Ventura,111,848112,28591,24075,965,25040,202
2020-12-10,Yolo,113,214977,6686,5896,31,5927,95
2020-12-10,Yuba,115,75493,2922,2604,24,2628,10
2020-12-09,Alameda,001,1643700,39521,35047,563,35610,470
2020-12-09,Alpine,003,1148,65,58,0,58,0
2020-12-09,Amador,005,37829,1646,1121,8,1129,19
2020-12-09,Butte,007,227075,5566,4733,439,5172,70
2020-12-09,Calaveras,009,45235,746,670,0,670,21
2020-12-09,Colusa,011,21464,1021,896,27,923,7
2020-12-09,Contra Costa,013,1133247,31116,28308,270,28578,273
2020-12-09,Del Norte,015,27424,568,481,0,481,2
2020-12-09,El Dorado,017,186661,4349,3449,88,3537,8
2020-12-09,Fresno,019,978130,53252,41954,2576,44530,533
2020-12-09,Glenn,021,27897,1231,1107,114,1221,8
2020-12-09,Humboldt,023,135768,1305,1086,4,1090,10
2020-12-09,Imperial,025,180216,19889,17757,234,17991,368
2020-12-09,Inyo,027,18085,428,356,6,362,15
2020-12-09,Kern,029,883053,51624,46379,2740,49119,494
2020-12-09,Kings,031,150075,13777,12716,326,13042,92
2020-12-09,Lake,033,64148,1364,1158,0,1158,20
2020-12-09,Lassen,035,31185,3349,2331,15,2346,0
2020-12-09,Los Angeles,037,10098052,526751,467971,10561,478532,8075
2020-12-09,Madera,039,155013,8286,7216,250,7466,59
2020-12-09,Marin,041,260295,8537,8182,49,8231,138
2020-12-09,Mariposa,043,17540,183,154,2,156,3
2020-12-09,Mendocino,045,87422,1935,1703,14,1717,24
2020-12-09,Merced,047,269075,14989,13588,207,13795,183
2020-12-09,Modoc,049,8938,181,146,43,189,0
2020-12-09,Mono,051,14174,707,601,12,613,3
2020-12-09,Monterey,053,433212,20702,17891,411,18302,143
2020-12-09,Napa,055,140530,4458,3858,22,3880,21
2020-12-09,Nevada,057,99092,2155,1864,60,1924,10
2020-12-09,Orange,059,3164182,109823,93763,3574,97337,1629
2020-12-09,Placer,061,380077,10594,8588,293,8881,85
2020-12-09,Plumas,063,18699,347,271,8,279,0
2020-12-09,Riverside,065,2383286,126262,110376,3989,114365,1543
2020-12-09,Sacramento,067,1510023,50639,45284,285,45569,659
2020-12-09,San Benito,069,59416,2504,2217,16,2233,19
2020-12-09,San Bernardino,071,2135413,138522,114516,3121,117637,1305
2020-12-09,San Diego,073,3302833,110858,97551,4640,102191,1103
2020-12-09,San Francisco,075,870044,18998,17628,155,17783,163
2020-12-09,San Joaquin,077,732212,34870,30539,862,31401,531
2020-12-09,San Luis Obispo,079,281455,8031,7105,156,7261,47
2020-12-09,San Mateo,081,765935,19147,16422,22,16444,175
2020-12-09,Santa Barbara,083,443738,14281,12630,296,12926,142
2020-12-09,Santa Clara,085,1922200,50704,42912,157,43069,489
2020-12-09,Santa Cruz,087,273765,6488,5527,106,5633,47
2020-12-09,Shasta,089,179085,7013,6105,396,6501,52
2020-12-09,Sierra,091,2930,23,18,0,18,0
2020-12-09,Siskiyou,093,43540,858,713,64,777,2
2020-12-09,Solano,095,438530,13762,11862,120,11982,90
2020-12-09,Sonoma,097,501317,15350,13994,88,14082,164
2020-12-09,Stanislaus,099,539301,27714,25157,2056,27213,463
2020-12-09,Sutter,101,95872,5024,4418,21,4439,24
2020-12-09,Tehama,103,63373,2373,2102,132,2234,9
2020-12-09,Trinity,105,12862,349,199,42,241,0
2020-12-09,Tulare,107,460477,26907,24124,2377,26501,334
2020-12-09,Tuolumne,109,53932,1687,1319,9,1328,8
2020-12-09,Ventura,111,848112,27728,23830,923,24753,201
2020-12-09,Yolo,113,214977,6562,5760,29,5789,95
2020-12-09,Yuba,115,75493,2854,2513,23,2536,10
2020-12-08,Alameda,001,1643700,38619,34373,547,34920,469
2020-12-08,Alpine,003,1148,64,53,0,53,0
2020-12-08,Amador,005,37829,1360,1043,8,1051,17
2020-12-08,Butte,007,227075,5407,4651,398,5049,70
2020-12-08,Calaveras,009,45235,721,657,0,657,21
2020-12-08,Colusa,011,21464,1005,875,26,901,6
2020-12-08,Contra Costa,013,1133247,30413,27926,254,28180,270
2020-12-08,Del Norte,015,27424,552,465,0,465,2
2020-12-08,El Dorado,017,186661,4225,3296,75,3371,8
2020-12-08,Fresno,019,978130,51989,41574,2418,43992,529
2020-12-08,Glenn,021,27897,1211,1094,106,1200,8
2020-12-08,Humboldt,023,135768,1279,1059,4,1063,10
2020-12-08,Imperial,025,180216,19372,17568,225,17793,363
2020-12-08,Inyo,027,18085,405,333,6,339,15
2020-12-08,Kern,029,883053,50331,45116,2584,47700,487
2020-12-08,Kings,031,150075,13623,12623,317,12940,90
2020-12-08,Lake,033,64148,1323,1127,0,1127,20
2020-12-08,Lassen,035,31185,3193,2165,15,2180,0
2020-12-08,Los Angeles,037,10098052,514067,459738,10077,469815,8004
2020-12-08,Madera,039,155013,8155,7082,237,7319,59
2020-12-08,Marin,041,260295,8457,8099,48,8147,137
2020-12-08,Mariposa,043,17540,179,150,2,152,2
2020-12-08,Mendocino,045,87422,1893,1666,14,1680,23
2020-12-08,Merced,047,269075,14679,13380,206,13586,181
2020-12-08,Modoc,049,8938,173,138,40,178,0
2020-12-08,Mono,051,14174,693,597,12,609,3
2020-12-08,Monterey,053,433212,20133,17752,404,18156,134
2020-12-08,Napa,055,140530,4370,3778,21,3799,22
2020-12-08,Nevada,057,99092,2101,1809,57,1866,11
2020-12-08,Orange,059,3164182,106603,91406,3409,94815,1629
2020-12-08,Placer,061,380077,10326,8224,288,8512,82
2020-12-08,Plumas,063,18699,337,258,8,266,0
2020-12-08,Riverside,065,2383286,122901,107620,3809,111429,1514
2020-12-08,Sacramento,067,1510023,49575,44635,269,44904,649
2020-12-08,San Benito,069,59416,2451,2180,16,2196,18
2020-12-08,San Bernardino,071,2135413,134173,110676,2995,113671,1301
2020-12-08,San Diego,073,3302833,107487,95447,4483,99930,1088
2020-12-08,San Francisco,075,870044,18688,17384,153,17537,162
2020-12-08,San Joaquin,077,732212,33977,30225,829,31054,530
2020-12-08,San Luis Obispo,079,281455,7902,6903,145,7048,45
2020-12-08,San Mateo,081,765935,18747,16305,22,16327,175
2020-12-08,Santa Barbara,083,443738,14097,12516,287,12803,141
2020-12-08,Santa Clara,085,1922200,49397,41309,148,41457,484
2020-12-08,Santa Cruz,087,273765,6310,5374,104,5478,45
2020-12-08,Shasta,089,179085,6904,5946,388,6334,50
2020-12-08,Sierra,091,2930,22,18,0,18,0
2020-12-08,Siskiyou,093,43540,844,704,62,766,2
2020-12-08,Solano,095,438530,13360,11669,118,11787,89
2020-12-08,Sonoma,097,501317,15091,13601,87,13688,164
2020-12-08,Stanislaus,099,539301,27223,24793,1993,26786,461
2020-12-08,Sutter,101,95872,4928,4342,20,4362,24
2020-12-08,Tehama,103,63373,2293,2057,124,2181,9
2020-12-08,Trinity,105,12862,340,198,41,239,0
2020-12-08,Tulare,107,460477,26303,23607,2314,25921,330
2020-12-08,Tuolumne,109,53932,1663,1264,9,1273,7
2020-12-08,Ventura,111,848112,27065,23665,880,24545,195
2020-12-08,Yolo,113,214977,6431,5560,29,5589,90
2020-12-08,Yuba,115,75493,2777,2477,23,2500,10
2020-12-07,Alameda,001,1643700,37753,33887,512,34399,466
2020-12-07,Alpine,003,1148,63,53,0,53,0
2020-12-07,Amador,005,37829,1285,993,7,1000,17
2020-12-07,Butte,007,227075,5271,4604,376,4980,67
2020-12-07,Calaveras,009,45235,689,606,0,606,21
2020-12-07,Colusa,011,21464,980,825,24,849,6
2020-12-07,Contra Costa,013,1133247,29799,27307,241,27548,270
2020-12-07,Del Norte,015,27424,540,424,0,424,2
2020-12-07,El Dorado,017,186661,4046,3275,68,3343,8
2020-12-07,Fresno,019,978130,50515,41098,2295,43393,526
2020-12-07,Glenn,021,27897,1192,1085,100,1185,8
2020-12-07,Humboldt,023,135768,1244,1023,4,1027,9
2020-12-07,Imperial,025,180216,18950,17234,211,17445,364
2020-12-07,Inyo,027,18085,390,333,6,339,15
2020-12-07,Kern,029,883053,49307,44409,2448,46857,486
2020-12-07,Kings,031,150075,13480,12412,307,12719,90
2020-12-07,Lake,033,64148,1294,1090,0,1090,20
2020-12-07,Lassen,035,31185,3096,2167,15,2182,0
2020-12-07,Los Angeles,037,10098052,500412,451052,9633,460685,7937
2020-12-07,Madera,039,155013,7890,6935,232,7167,59
2020-12-07,Marin,041,260295,8399,8049,47,8096,136
2020-12-07,Mariposa,043,17540,176,146,2,148,2
2020-12-07,Mendocino,045,87422,1857,1638,12,1650,23
2020-12-07,Merced,047,269075,14320,13250,196,13446,179
2020-12-07,Modoc,049,8938,166,128,37,165,0
2020-12-07,Mono,051,14174,680,590,12,602,3
2020-12-07,Monterey,053,433212,19652,17746,392,18138,132
2020-12-07,Napa,055,140530,4279,3684,21,3705,21
2020-12-07,Nevada,057,99092,2052,1777,56,1833,11
2020-12-07,Orange,059,3164182,103340,89793,3290,93083,1628
2020-12-07,Placer,061,380077,9999,7911,274,8185,82
2020-12-07,Plumas,063,18699,325,256,5,261,0
2020-12-07,Riverside,065,2383286,119704,102363,3626,105989,1491
2020-12-07,Sacramento,067,1510023,48479,43419,251,43670,638
2020-12-07,San Benito,069,59416,2400,2165,15,2180,18
2020-12-07,San Bernardino,071,2135413,130224,108161,2876,111037,1295
2020-12-07,San Diego,073,3302833,104698,94171,4302,98473,1062
2020-12-07,San Francisco,075,870044,18397,17220,145,17365,161
2020-12-07,San Joaquin,077,732212,33102,28188,802,28990,530
2020-12-07,San Luis Obispo,079,281455,7720,6782,138,6920,45
2020-12-07,San Mateo,081,765935,18306,16029,21,16050,175
2020-12-07,Santa Barbara,083,443738,13855,12362,277,12639,141
2020-12-07,Santa Clara,085,1922200,48010,40621,139,40760,484
2020-12-07,Santa Cruz,087,273765,6144,5152,99,5251,41
2020-12-07,Shasta,089,179085,6780,5742,373,6115,50
2020-12-07,Sierra,091,2930,20,18,0,18,0
2020-12-07,Siskiyou,093,43540,817,652,62,714,2
2020-12-07,Solano,095,438530,13020,11354,114,11468,89
2020-12-07,Sonoma,097,501317,14806,13376,87,13463,164
2020-12-07,Stanislaus,099,539301,26664,24479,1941,26420,454
2020-12-07,Sutter,101,95872,4787,4106,20,4126,24
2020-12-07,Tehama,103,63373,2239,2030,119,2149,9
2020-12-07,Trinity,105,12862,336,194,41,235,0
2020-12-07,Tulare,107,460477,25768,22760,2257,25017,328
2020-12-07,Tuolumne,109,53932,1577,1256,8,1264,7
2020-12-07,Ventura,111,848112,26478,23354,844,24198,191
2020-12-07,Yolo,113,214977,6267,5537,28,5565,90
2020-12-07,Yuba,115,75493,2709,2428,21,2449,10
2020-12-06,Alameda,001,1643700,36765,33477,492,33969,465
2020-12-06,Alpine,003,1148,59,53,0,53,0
2020-12-06,Amador,005,37829,1222,952,6,958,17
2020-12-06,Butte,007,227075,5118,4527,342,4869,67
2020-12-06,Calaveras,009,45235,670,606,0,606,21
2020-12-06,Colusa,011,21464,963,824,21,845,6
2020-12-06,Contra Costa,013,1133247,29193,26566,234,26800,270
2020-12-06,Del Norte,015,27424,486,414,0,414,2
2020-12-06,El Dorado,017,186661,3909,3086,63,3149,8
2020-12-06,Fresno,019,978130,49560,40869,2178,43047,526
2020-12-06,Glenn,021,27897,1182,1067,96,1163,8
2020-12-06,Humboldt,023,135768,1219,1004,4,1008,9
2020-12-06,Imperial,025,180216,18640,16922,202,17124,364
2020-12-06,Inyo,027,18085,377,333,6,339,15
2020-12-06,Kern,029,883053,48319,43899,2277,46176,486
2020-12-06,Kings,031,150075,13208,12056,290,12346,90
2020-12-06,Lake,033,64148,1256,1075,0,1075,20
2020-12-06,Lassen,035,31185,2992,2168,13,2181,0
2020-12-06,Los Angeles,037,10098052,486830,443230,9188,452418,7910
2020-12-06,Madera,039,155013,7719,6826,224,7050,59
2020-12-06,Marin,041,260295,8319,8013,45,8058,136
2020-12-06,Mariposa,043,17540,175,144,2,146,2
2020-12-06,Mendocino,045,87422,1817,1614,12,1626,23
2020-12-06,Merced,047,269075,13985,12928,187,13115,179
2020-12-06,Modoc,049,8938,153,125,29,154,0
2020-12-06,Mono,051,14174,658,586,10,596,3
2020-12-06,Monterey,053,433212,19033,17426,382,17808,130
2020-12-06,Napa,055,140530,4167,3644,21,3665,21
2020-12-06,Nevada,057,99092,1993,1710,53,1763,10
2020-12-06,Orange,059,3164182,100274,87737,3160,90897,1627
2020-12-06,Placer,061,380077,9718,7837,253,8090,82
2020-12-06,Plumas,063,18699,312,254,4,258,0
2020-12-06,Riverside,065,2383286,116611,100088,3402,103490,1482
2020-12-06,Sacramento,067,1510023,47238,42808,235,43043,638
2020-12-06,San Benito,069,59416,2363,2135,15,2150,18
2020-12-06,San Bernardino,071,2135413,126081,106927,2719,109646,1286
2020-12-06,San Diego,073,3302833,101666,92173,4148,96321,1062
2020-12-06,San Francisco,075,870044,18075,17107,137,17244,161
2020-12-06,San Joaquin,077,732212,32268,28188,773,28961,530
2020-12-06,San Luis Obispo,079,281455,7554,6723,133,6856,45
2020-12-06,San Mateo,081,765935,17801,15855,18,15873,175
2020-12-06,Santa Barbara,083,443738,13624,12252,268,12520,141
2020-12-06,Santa Clara,085,1922200,46634,39112,133,39245,482
2020-12-06,Santa Cruz,087,273765,5970,5069,93,5162,40
2020-12-06,Shasta,089,179085,6639,5743,351,6094,49
2020-12-06,Sierra,091,2930,20,17,0,17,0
2020-12-06,Siskiyou,093,43540,799,652,60,712,2
2020-12-06,Solano,095,438530,12733,11354,104,11458,88
2020-12-06,Sonoma,097,501317,14517,13238,86,13324,164
2020-12-06,Stanislaus,099,539301,26112,24036,1877,25913,454
2020-12-06,Sutter,101,95872,4671,4009,19,4028,21
2020-12-06,Tehama,103,63373,2180,1982,111,2093,9
2020-12-06,Trinity,105,12862,329,181,39,220,0
2020-12-06,Tulare,107,460477,25242,22756,2189,24945,327
2020-12-06,Tuolumne,109,53932,1479,1210,8,1218,7
2020-12-06,Ventura,111,848112,25936,23035,817,23852,191
2020-12-06,Yolo,113,214977,6106,5465,23,5488,90
2020-12-06,Yuba,115,75493,2665,2340,20,2360,10
2020-12-05,Alameda,001,1643700,36406,32781,481,33262,465
2020-12-05,Alpine,003,1148,58,53,0,53,0
2020-12-05,Amador,005,37829,1198,847,6,853,17
2020-12-05,Butte,007,227075,5050,4455,323,4778,66
2020-12-05,Calaveras,009,45235,659,606,0,606,21
2020-12-05,Colusa,011,21464,945,825,18,843,6
2020-12-05,Contra Costa,013,1133247,28901,26217,227,26444,270
2020-12-05,Del Norte,015,27424,480,408,0,408,2
2020-12-05,El Dorado,017,186661,3844,3061,58,3119,8
2020-12-05,Fresno,019,978130,49240,40568,2123,42691,525
2020-12-05,Glenn,021,27897,1169,1056,90,1146,8
2020-12-05,Humboldt,023,135768,1186,979,4,983,9
2020-12-05,Imperial,025,180216,18474,16544,200,16744,362
2020-12-05,Inyo,027,18085,372,332,6,338,15
2020-12-05,Kern,029,883053,47856,43332,2190,45522,484
2020-12-05,Kings,031,150075,13128,11898,287,12185,90
2020-12-05,Lake,033,64148,1231,1069,0,1069,20
2020-12-05,Lassen,035,31185,2801,2168,11,2179,0
2020-12-05,Los Angeles,037,10098052,481033,433120,8867,441987,7888
2020-12-05,Madera,039,155013,7626,6619,217,6836,59
2020-12-05,Marin,041,260295,8292,7961,45,8006,136
2020-12-05,Mariposa,043,17540,170,143,2,145,2
2020-12-05,Mendocino,045,87422,1778,1585,12,1597,23
2020-12-05,Merced,047,269075,13878,12747,176,12923,180
2020-12-05,Modoc,049,8938,153,118,28,146,0
2020-12-05,Mono,051,14174,653,554,10,564,3
2020-12-05,Monterey,053,433212,18887,17077,378,17455,127
2020-12-05,Napa,055,140530,4097,3565,21,3586,21
2020-12-05,Nevada,057,99092,1978,1642,51,1693,10
2020-12-05,Orange,059,3164182,98817,85735,3064,88799,1612
2020-12-05,Placer,061,380077,9598,7811,244,8055,78
2020-12-05,Plumas,063,18699,305,246,1,247,0
2020-12-05,Riverside,065,2383286,114999,98612,3224,101836,1477
2020-12-05,Sacramento,067,1510023,46570,41878,220,42098,625
2020-12-05,San Benito,069,59416,2319,2073,15,2088,18
2020-12-05,San Bernardino,071,2135413,124558,105382,2589,107971,1283
2020-12-05,San Diego,073,3302833,100315,90470,4067,94537,1055
2020-12-05,San Francisco,075,870044,17891,16786,133,16919,161
2020-12-05,San Joaquin,077,732212,32004,28105,740,28845,523
2020-12-05,San Luis Obispo,079,281455,7487,6623,130,6753,44
2020-12-05,San Mateo,081,765935,17543,15512,18,15530,175
2020-12-05,Santa Barbara,083,443738,13524,12107,262,12369,141
2020-12-05,Santa Clara,085,1922200,45896,38339,128,38467,474
2020-12-05,Santa Cruz,087,273765,5896,4997,91,5088,40
2020-12-05,Shasta,089,179085,6578,5653,340,5993,49
2020-12-05,Sierra,091,2930,20,17,0,17,0
2020-12-05,Siskiyou,093,43540,791,649,59,708,2
2020-12-05,Solano,095,438530,12564,11351,102,11453,87
2020-12-05,Sonoma,097,501317,14421,13137,86,13223,164
2020-12-05,Stanislaus,099,539301,25800,23662,1842,25504,454
2020-12-05,Sutter,101,95872,4604,3937,19,3956,20
2020-12-05,Tehama,103,63373,2164,1926,109,2035,9
2020-12-05,Trinity,105,12862,328,177,39,216,0
2020-12-05,Tulare,107,460477,25026,22660,2130,24790,324
2020-12-05,Tuolumne,109,53932,1421,1180,8,1188,7
2020-12-05,Ventura,111,848112,25565,22710,803,23513,191
2020-12-05,Yolo,113,214977,6029,5351,22,5373,90
2020-12-05,Yuba,115,75493,2628,2275,20,2295,10
2020-12-04,Alameda,001,1643700,35857,31871,468,32339,465
2020-12-04,Alpine,003,1148,58,53,0,53,0
2020-12-04,Amador,005,37829,1184,766,3,769,16
2020-12-04,Butte,007,227075,4978,4336,303,4639,65
2020-12-04,Calaveras,009,45235,654,585,0,585,21
2020-12-04,Colusa,011,21464,931,790,17,807,6
2020-12-04,Contra Costa,013,1133247,28556,25705,215,25920,264
2020-12-04,Del Norte,015,27424,469,401,0,401,2
2020-12-04,El Dorado,017,186661,3756,2933,55,2988,7
2020-12-04,Fresno,019,978130,48531,40108,2055,42163,522
2020-12-04,Glenn,021,27897,1163,1017,82,1099,8
2020-12-04,Humboldt,023,135768,1168,960,4,964,9
2020-12-04,Imperial,025,180216,18232,16484,200,16684,362
2020-12-04,Inyo,027,18085,364,324,6,330,15
2020-12-04,Kern,029,883053,47305,42497,2087,44584,485
2020-12-04,Kings,031,150075,13035,11767,281,12048,88
2020-12-04,Lake,033,64148,1203,1018,0,1018,20
2020-12-04,Lassen,035,31185,2794,2167,10,2177,0
2020-12-04,Los Angeles,037,10098052,472423,424164,8568,432732,7845
2020-12-04,Madera,039,155013,7535,6479,214,6693,58
2020-12-04,Marin,041,260295,8241,7896,43,7939,136
2020-12-04,Mariposa,043,17540,170,136,2,138,2
2020-12-04,Mendocino,045,87422,1759,1563,11,1574,23
2020-12-04,Merced,047,269075,13763,12474,168,12642,177
2020-12-04,Modoc,049,8938,153,115,28,143,0
2020-12-04,Mono,051,14174,648,549,10,559,3
2020-12-04,Monterey,053,433212,18682,16737,369,17106,127
2020-12-04,Napa,055,140530,4044,3432,21,3453,19
2020-12-04,Nevada,057,99092,1953,1560,48,1608,10
2020-12-04,Orange,059,3164182,96895,83738,2999,86737,1597
2020-12-04,Placer,061,380077,9473,7461,230,7691,76
2020-12-04,Plumas,063,18699,298,232,0,232,0
2020-12-04,Riverside,065,2383286,112800,95255,3067,98322,1475
2020-12-04,Sacramento,067,1510023,45805,41061,203,41264,618
2020-12-04,San Benito,069,59416,2286,2006,15,2021,17
2020-12-04,San Bernardino,071,2135413,122287,102418,2481,104899,1290
2020-12-04,San Diego,073,3302833,98832,88183,3980,92163,1047
2020-12-04,San Francisco,075,870044,17700,16499,133,16632,161
2020-12-04,San Joaquin,077,732212,31567,27806,703,28509,522
2020-12-04,San Luis Obispo,079,281455,7402,6473,127,6600,42
2020-12-04,San Mateo,081,765935,17255,15112,17,15129,173
2020-12-04,Santa Barbara,083,443738,13417,11947,255,12202,141
2020-12-04,Santa Clara,085,1922200,44976,37465,122,37587,468
2020-12-04,Santa Cruz,087,273765,5809,4985,89,5074,32
2020-12-04,Shasta,089,179085,6490,5439,330,5769,49
2020-12-04,Sierra,091,2930,19,17,0,17,0
2020-12-04,Siskiyou,093,43540,784,639,56,695,2
2020-12-04,Solano,095,438530,12418,11037,99,11136,87
2020-12-04,Sonoma,097,501317,14273,12962,85,13047,164
2020-12-04,Stanislaus,099,539301,25530,23206,1796,25002,448
2020-12-04,Sutter,101,95872,4531,3791,14,3805,20
2020-12-04,Tehama,103,63373,2124,1876,104,1980,9
2020-12-04,Trinity,105,12862,326,172,39,211,0
2020-12-04,Tulare,107,460477,24743,22273,2057,24330,322
2020-12-04,Tuolumne,109,53932,1390,1134,8,1142,7
2020-12-04,Ventura,111,848112,25188,22024,786,22810,189
2020-12-04,Yolo,113,214977,5955,5294,21,5315,87
2020-12-04,Yuba,115,75493,2585,2225,19,2244,10
2020-12-03,Alameda,001,1643700,35095,31184,449,31633,465
2020-12-03,Alpine,003,1148,57,53,0,53,0
2020-12-03,Amador,005,37829,1133,653,3,656,16
2020-12-03,Butte,007,227075,4882,4305,284,4589,65
2020-12-03,Calaveras,009,45235,635,572,0,572,21
2020-12-03,Colusa,011,21464,918,774,17,791,6
2020-12-03,Contra Costa,013,1133247,28055,25464,208,25672,265
2020-12-03,Del Norte,015,27424,465,388,0,388,2
2020-12-03,El Dorado,017,186661,3630,2740,53,2793,6
2020-12-03,Fresno,019,978130,47778,39680,1983,41663,516
2020-12-03,Glenn,021,27897,1145,997,74,1071,8
2020-12-03,Humboldt,023,135768,1138,923,4,927,9
2020-12-03,Imperial,025,180216,18026,16436,189,16625,359
2020-12-03,Inyo,027,18085,361,321,6,327,15
2020-12-03,Kern,029,883053,46458,42062,1986,44048,483
2020-12-03,Kings,031,150075,12935,11658,269,11927,87
2020-12-03,Lake,033,64148,1188,991,0,991,20
2020-12-03,Lassen,035,31185,2754,2128,9,2137,0
2020-12-03,Los Angeles,037,10098052,462329,415805,8204,424009,7787
2020-12-03,Madera,039,155013,7412,6398,209,6607,58
2020-12-03,Marin,041,260295,8181,7861,39,7900,136
2020-12-03,Mariposa,043,17540,166,132,2,134,2
2020-12-03,Mendocino,045,87422,1742,1547,8,1555,23
2020-12-03,Merced,047,269075,13518,12310,160,12470,177
2020-12-03,Modoc,049,8938,151,114,28,142,0
2020-12-03,Mono,051,14174,626,527,10,537,3
2020-12-03,Monterey,053,433212,18220,16218,358,16576,125
2020-12-03,Napa,055,140530,3931,3360,21,3381,19
2020-12-03,Nevada,057,99092,1875,1472,47,1519,10
2020-12-03,Orange,059,3164182,94361,82187,2929,85116,1591
2020-12-03,Placer,061,380077,9271,7270,214,7484,73
2020-12-03,Plumas,063,18699,284,223,0,223,0
2020-12-03,Riverside,065,2383286,110038,92489,2905,95394,1461
2020-12-03,Sacramento,067,1510023,44744,40280,188,40468,614
2020-12-03,San Benito,069,59416,2240,1967,15,1982,16
2020-12-03,San Bernardino,071,2135413,118964,100787,2397,103184,1283
2020-12-03,San Diego,073,3302833,97017,86144,3862,90006,1040
2020-12-03,San Francisco,075,870044,17478,16236,132,16368,161
2020-12-03,San Joaquin,077,732212,30845,27239,656,27895,522
2020-12-03,San Luis Obispo,079,281455,7234,6388,126,6514,42
2020-12-03,San Mateo,081,765935,16903,14909,17,14926,173
2020-12-03,Santa Barbara,083,443738,13289,11829,249,12078,141
2020-12-03,Santa Clara,085,1922200,43780,36621,116,36737,465
2020-12-03,Santa Cruz,087,273765,5666,4850,85,4935,28
2020-12-03,Shasta,089,179085,6381,5330,323,5653,48
2020-12-03,Sierra,091,2930,19,17,0,17,0
2020-12-03,Siskiyou,093,43540,769,629,53,682,2
2020-12-03,Solano,095,438530,12204,10857,96,10953,87
2020-12-03,Sonoma,097,501317,14030,12772,84,12856,164
2020-12-03,Stanislaus,099,539301,25121,22821,1747,24568,447
2020-12-03,Sutter,101,95872,4448,3727,14,3741,20
2020-12-03,Tehama,103,63373,2071,1832,95,1927,9
2020-12-03,Trinity,105,12862,323,166,39,205,0
2020-12-03,Tulare,107,460477,24344,21993,1964,23957,321
2020-12-03,Tuolumne,109,53932,1348,1105,8,1113,7
2020-12-03,Ventura,111,848112,24485,21555,773,22328,187
2020-12-03,Yolo,113,214977,5817,5069,21,5090,87
2020-12-03,Yuba,115,75493,2515,2182,18,2200,10
2020-12-02,Alameda,001,1643700,34469,30697,439,31136,463
2020-12-02,Alpine,003,1148,56,52,0,52,0
2020-12-02,Amador,005,37829,1061,585,3,588,16
2020-12-02,Butte,007,227075,4759,4243,274,4517,65
2020-12-02,Calaveras,009,45235,619,553,0,553,21
2020-12-02,Colusa,011,21464,902,756,16,772,6
2020-12-02,Contra Costa,013,1133247,27595,25147,196,25343,264
2020-12-02,Del Norte,015,27424,451,384,0,384,2
2020-12-02,El Dorado,017,186661,3528,2638,49,2687,5
2020-12-02,Fresno,019,978130,47020,39324,1883,41207,507
2020-12-02,Glenn,021,27897,1128,995,66,1061,7
2020-12-02,Humboldt,023,135768,1112,899,4,903,9
2020-12-02,Imperial,025,180216,17602,16360,181,16541,356
2020-12-02,Inyo,027,18085,354,314,6,320,15
2020-12-02,Kern,029,883053,45561,41660,1889,43549,479
2020-12-02,Kings,031,150075,12582,11531,255,11786,86
2020-12-02,Lake,033,64148,1158,971,0,971,20
2020-12-02,Lassen,035,31185,2695,2115,9,2124,0
2020-12-02,Los Angeles,037,10098052,452284,408289,7866,416155,7739
2020-12-02,Madera,039,155013,7288,6370,203,6573,57
2020-12-02,Marin,041,260295,8134,7819,37,7856,136
2020-12-02,Mariposa,043,17540,163,131,2,133,2
2020-12-02,Mendocino,045,87422,1709,1524,8,1532,23
2020-12-02,Merced,047,269075,13275,12168,153,12321,173
2020-12-02,Modoc,049,8938,148,113,28,141,0
2020-12-02,Mono,051,14174,617,520,10,530,3
2020-12-02,Monterey,053,433212,17742,16064,319,16383,121
2020-12-02,Napa,055,140530,3828,3298,20,3318,19
2020-12-02,Nevada,057,99092,1813,1430,46,1476,9
2020-12-02,Orange,059,3164182,92164,81046,2849,83895,1569
2020-12-02,Placer,061,380077,9039,6941,200,7141,73
2020-12-02,Plumas,063,18699,271,218,0,218,0
2020-12-02,Riverside,065,2383286,107318,90089,2724,92813,1451
2020-12-02,Sacramento,067,1510023,43704,39334,177,39511,597
2020-12-02,San Benito,069,59416,2175,1921,15,1936,16
2020-12-02,San Bernardino,071,2135413,115397,98567,2289,100856,1240
2020-12-02,San Diego,073,3302833,95101,84640,3747,88387,1035
2020-12-02,San Francisco,075,870044,17241,16058,130,16188,157
2020-12-02,San Joaquin,077,732212,30224,26740,632,27372,519
2020-12-02,San Luis Obispo,079,281455,7136,6324,124,6448,42
2020-12-02,San Mateo,081,765935,16540,14757,16,14773,170
2020-12-02,Santa Barbara,083,443738,13137,11705,237,11942,140
2020-12-02,Santa Clara,085,1922200,42666,35878,116,35994,458
2020-12-02,Santa Cruz,087,273765,5534,4766,82,4848,27
2020-12-02,Shasta,089,179085,6257,5188,306,5494,47
2020-12-02,Sierra,091,2930,19,17,0,17,0
2020-12-02,Siskiyou,093,43540,753,624,51,675,1
2020-12-02,Solano,095,438530,11958,10701,92,10793,87
2020-12-02,Sonoma,097,501317,13790,12635,83,12718,163
2020-12-02,Stanislaus,099,539301,24621,22615,1692,24307,448
2020-12-02,Sutter,101,95872,4287,3604,14,3618,18
2020-12-02,Tehama,103,63373,2027,1800,80,1880,9
2020-12-02,Trinity,105,12862,313,165,38,203,0
2020-12-02,Tulare,107,460477,23964,21789,1882,23671,321
2020-12-02,Tuolumne,109,53932,1307,1076,8,1084,7
2020-12-02,Ventura,111,848112,24074,21208,755,21963,186
2020-12-02,Yolo,113,214977,5706,5053,20,5073,87
2020-12-02,Yuba,115,75493,2438,2119,17,2136,10
2020-12-01,Alameda,001,1643700,33780,30252,429,30681,460
2020-12-01,Alpine,003,1148,56,41,0,41,0
2020-12-01,Amador,005,37829,914,575,2,577,16
2020-12-01,Butte,007,227075,4653,4177,260,4437,65
2020-12-01,Calaveras,009,45235,601,544,0,544,21
2020-12-01,Colusa,011,21464,885,747,16,763,6
2020-12-01,Contra Costa,013,1133247,27022,24788,188,24976,264
2020-12-01,Del Norte,015,27424,423,357,0,357,2
2020-12-01,El Dorado,017,186661,3383,2542,44,2586,4
2020-12-01,Fresno,019,978130,46118,39004,1805,40809,505
2020-12-01,Glenn,021,27897,1107,989,62,1051,7
2020-12-01,Humboldt,023,135768,1081,886,4,890,9
2020-12-01,Imperial,025,180216,17289,16278,177,16455,356
2020-12-01,Inyo,027,18085,347,304,6,310,15
2020-12-01,Kern,029,883053,44758,41345,1758,43103,478
2020-12-01,Kings,031,150075,12267,11415,241,11656,86
2020-12-01,Lake,033,64148,1140,969,0,969,19
2020-12-01,Lassen,035,31185,2529,2047,8,2055,0
2020-12-01,Los Angeles,037,10098052,441923,403266,7538,410804,7704
2020-12-01,Madera,039,155013,7171,6270,193,6463,57
2020-12-01,Marin,041,260295,8064,7787,36,7823,136
2020-12-01,Mariposa,043,17540,158,128,2,130,2
2020-12-01,Mendocino,045,87422,1675,1497,8,1505,23
2020-12-01,Merced,047,269075,13032,12032,144,12176,172
2020-12-01,Modoc,049,8938,143,113,24,137,0
2020-12-01,Mono,051,14174,604,520,10,530,3
2020-12-01,Monterey,053,433212,17235,15835,308,16143,121
2020-12-01,Napa,055,140530,3744,3124,19,3143,19
2020-12-01,Nevada,057,99092,1751,1411,45,1456,9
2020-12-01,Orange,059,3164182,90067,79468,2761,82229,1567
2020-12-01,Placer,061,380077,8715,6794,193,6987,72
2020-12-01,Plumas,063,18699,259,201,0,201,0
2020-12-01,Riverside,065,2383286,104509,88530,2562,91092,1448
2020-12-01,Sacramento,067,1510023,42656,38966,172,39138,589
2020-12-01,San Benito,069,59416,2120,1888,15,1903,15
2020-12-01,San Bernardino,071,2135413,111926,95854,2165,98019,1220
2020-12-01,San Diego,073,3302833,92844,83423,3637,87060,1019
2020-12-01,San Francisco,075,870044,16961,15797,126,15923,157
2020-12-01,San Joaquin,077,732212,29424,26432,610,27042,514
2020-12-01,San Luis Obispo,079,281455,6996,6264,119,6383,40
2020-12-01,San Mateo,081,765935,16215,14495,16,14511,170
2020-12-01,Santa Barbara,083,443738,12996,11611,227,11838,140
2020-12-01,Santa Clara,085,1922200,41409,35397,111,35508,452
2020-12-01,Santa Cruz,087,273765,5376,4638,74,4712,27
2020-12-01,Shasta,089,179085,6129,5077,286,5363,47
2020-12-01,Sierra,091,2930,19,17,0,17,0
2020-12-01,Siskiyou,093,43540,739,608,47,655,1
2020-12-01,Solano,095,438530,11698,10604,87,10691,87
2020-12-01,Sonoma,097,501317,13585,12491,80,12571,163
2020-12-01,Stanislaus,099,539301,24165,22351,1635,23986,447
2020-12-01,Sutter,101,95872,4146,3538,14,3552,17
2020-12-01,Tehama,103,63373,1965,1773,70,1843,9
2020-12-01,Trinity,105,12862,299,165,32,197,0
2020-12-01,Tulare,107,460477,23509,21645,1810,23455,319
2020-12-01,Tuolumne,109,53932,1271,1052,6,1058,7
2020-12-01,Ventura,111,848112,23461,20604,733,21337,186
2020-12-01,Yolo,113,214977,5565,4928,20,4948,86
2020-12-01,Yuba,115,75493,2372,2088,16,2104,10
2020-11-30,Alameda,001,1643700,32964,29972,411,30383,457
2020-11-30,Alpine,003,1148,54,41,0,41,0
2020-11-30,Amador,005,37829,873,559,2,561,16
2020-11-30,Butte,007,227075,4536,4148,244,4392,65
2020-11-30,Calaveras,009,45235,578,478,0,478,21
2020-11-30,Colusa,011,21464,858,737,12,749,6
2020-11-30,Contra Costa,013,1133247,26442,24365,184,24549,264
2020-11-30,Del Norte,015,27424,400,339,0,339,2
2020-11-30,El Dorado,017,186661,3209,2488,39,2527,4
2020-11-30,Fresno,019,978130,45007,38712,1691,40403,500
2020-11-30,Glenn,021,27897,1084,954,57,1011,5
2020-11-30,Humboldt,023,135768,1034,870,4,874,9
2020-11-30,Imperial,025,180216,17036,16212,156,16368,356
2020-11-30,Inyo,027,18085,342,304,5,309,15
2020-11-30,Kern,029,883053,43995,40941,1623,42564,473
2020-11-30,Kings,031,150075,12119,11346,226,11572,85
2020-11-30,Lake,033,64148,1109,939,0,939,18
2020-11-30,Lassen,035,31185,2436,1793,8,1801,0
2020-11-30,Los Angeles,037,10098052,431262,396202,7206,403408,7658
2020-11-30,Madera,039,155013,7005,6210,179,6389,57
2020-11-30,Marin,041,260295,8021,7764,35,7799,136
2020-11-30,Mariposa,043,17540,151,123,2,125,2
2020-11-30,Mendocino,045,87422,1647,1482,8,1490,23
2020-11-30,Merced,047,269075,12757,11913,133,12046,172
2020-11-30,Modoc,049,8938,133,113,24,137,0
2020-11-30,Mono,051,14174,582,519,10,529,3
2020-11-30,Monterey,053,433212,16806,15837,300,16137,119
2020-11-30,Napa,055,140530,3644,3091,19,3110,18
2020-11-30,Nevada,057,99092,1665,1347,42,1389,9
2020-11-30,Orange,059,3164182,87954,78711,2665,81376,1568
2020-11-30,Placer,061,380077,8420,6575,180,6755,72
2020-11-30,Plumas,063,18699,248,192,0,192,0
2020-11-30,Riverside,065,2383286,101515,87722,2415,90137,1446
2020-11-30,Sacramento,067,1510023,41577,37834,163,37997,586
2020-11-30,San Benito,069,59416,2073,1875,14,1889,15
2020-11-30,San Bernardino,071,2135413,108198,92704,2053,94757,1220
2020-11-30,San Diego,073,3302833,90482,82045,3510,85555,997
2020-11-30,San Francisco,075,870044,16661,15638,123,15761,157
2020-11-30,San Joaquin,077,732212,28718,25742,584,26326,509
2020-11-30,San Luis Obispo,079,281455,6861,6224,117,6341,36
2020-11-30,San Mateo,081,765935,15855,14276,16,14292,170
2020-11-30,Santa Barbara,083,443738,12818,11572,219,11791,140
2020-11-30,Santa Clara,085,1922200,40200,35019,110,35129,451
2020-11-30,Santa Cruz,087,273765,5238,4558,70,4628,26
2020-11-30,Shasta,089,179085,5985,4933,257,5190,44
2020-11-30,Sierra,091,2930,19,16,0,16,0
2020-11-30,Siskiyou,093,43540,730,605,43,648,1
2020-11-30,Solano,095,438530,11436,10392,82,10474,87
2020-11-30,Sonoma,097,501317,13340,12232,76,12308,163
2020-11-30,Stanislaus,099,539301,23704,22110,1591,23701,446
2020-11-30,Sutter,101,95872,3989,3430,13,3443,16
2020-11-30,Tehama,103,63373,1917,1724,64,1788,9
2020-11-30,Trinity,105,12862,293,162,32,194,0
2020-11-30,Tulare,107,460477,23122,20833,1715,22548,319
2020-11-30,Tuolumne,109,53932,1226,1027,6,1033,7
2020-11-30,Ventura,111,848112,22705,20308,717,21025,180
2020-11-30,Yolo,113,214977,5453,4894,20,4914,81
2020-11-30,Yuba,115,75493,2311,2028,14,2042,10
2020-11-29,Alameda,001,1643700,32179,29918,389,30307,457
2020-11-29,Alpine,003,1148,51,41,0,41,0
2020-11-29,Amador,005,37829,722,548,2,550,16
2020-11-29,Butte,007,227075,4434,4008,227,4235,65
2020-11-29,Calaveras,009,45235,546,478,0,478,21
2020-11-29,Colusa,011,21464,829,723,8,731,6
2020-11-29,Contra Costa,013,1133247,25939,24165,178,24343,264
2020-11-29,Del Norte,015,27424,394,339,0,339,2
2020-11-29,El Dorado,017,186661,3079,2447,38,2485,4
2020-11-29,Fresno,019,978130,44054,38568,1619,40187,500
2020-11-29,Glenn,021,27897,1061,951,55,1006,4
2020-11-29,Humboldt,023,135768,1005,856,4,860,9
2020-11-29,Imperial,025,180216,16807,16138,128,16266,356
2020-11-29,Inyo,027,18085,327,289,5,294,15
2020-11-29,Kern,029,883053,43232,40596,1475,42071,473
2020-11-29,Kings,031,150075,11969,11247,208,11455,85
2020-11-29,Lake,033,64148,1085,927,0,927,18
2020-11-29,Lassen,035,31185,2333,1793,8,1801,0
2020-11-29,Los Angeles,037,10098052,420872,391162,6907,398069,7642
2020-11-29,Madera,039,155013,6862,6184,173,6357,57
2020-11-29,Marin,041,260295,7955,7739,33,7772,135
2020-11-29,Mariposa,043,17540,147,123,2,125,2
2020-11-29,Mendocino,045,87422,1613,1473,8,1481,23
2020-11-29,Merced,047,269075,12518,11773,124,11897,172
2020-11-29,Modoc,049,8938,129,105,22,127,0
2020-11-29,Mono,051,14174,559,515,9,524,3
2020-11-29,Monterey,053,433212,16495,15621,293,15914,119
2020-11-29,Napa,055,140530,3539,3090,18,3108,18
2020-11-29,Nevada,057,99092,1584,1311,40,1351,9
2020-11-29,Orange,059,3164182,85934,78057,2618,80675,1567
2020-11-29,Placer,061,380077,8122,6535,168,6703,72
2020-11-29,Plumas,063,18699,243,191,0,191,0
2020-11-29,Riverside,065,2383286,99123,87383,2261,89644,1442
2020-11-29,Sacramento,067,1510023,40498,37415,154,37569,585
2020-11-29,San Benito,069,59416,2029,1860,14,1874,15
2020-11-29,San Bernardino,071,2135413,104850,92052,1937,93989,1223
2020-11-29,San Diego,073,3302833,88071,81086,3357,84443,997
2020-11-29,San Francisco,075,870044,16380,15571,116,15687,153
2020-11-29,San Joaquin,077,732212,27976,25740,578,26318,509
2020-11-29,San Luis Obispo,079,281455,6739,6145,117,6262,36
2020-11-29,San Mateo,081,765935,15521,14177,16,14193,169
2020-11-29,Santa Barbara,083,443738,12661,11520,215,11735,140
2020-11-29,Santa Clara,085,1922200,38994,34234,104,34338,451
2020-11-29,Santa Cruz,087,273765,5079,4490,68,4558,26
2020-11-29,Shasta,089,179085,5810,4935,229,5164,43
2020-11-29,Sierra,091,2930,19,16,0,16,0
2020-11-29,Siskiyou,093,43540,707,590,41,631,1
2020-11-29,Solano,095,438530,11204,10393,78,10471,87
2020-11-29,Sonoma,097,501317,13088,12052,72,12124,163
2020-11-29,Stanislaus,099,539301,23208,21701,1555,23256,446
2020-11-29,Sutter,101,95872,3871,3297,13,3310,16
2020-11-29,Tehama,103,63373,1866,1710,48,1758,9
2020-11-29,Trinity,105,12862,290,159,30,189,0
2020-11-29,Tulare,107,460477,22753,20793,1639,22432,319
2020-11-29,Tuolumne,109,53932,1190,988,6,994,7
2020-11-29,Ventura,111,848112,22020,19952,704,20656,179
2020-11-29,Yolo,113,214977,5315,4830,19,4849,80
2020-11-29,Yuba,115,75493,2255,1959,14,1973,10
2020-11-28,Alameda,001,1643700,31870,29368,384,29752,456
2020-11-28,Alpine,003,1148,51,41,0,41,0
2020-11-28,Amador,005,37829,645,536,2,538,16
2020-11-28,Butte,007,227075,4376,3894,223,4117,65
2020-11-28,Calaveras,009,45235,542,478,0,478,21
2020-11-28,Colusa,011,21464,820,711,6,717,6
2020-11-28,Contra Costa,013,1133247,25606,23798,174,23972,264
2020-11-28,Del Norte,015,27424,384,328,0,328,2
2020-11-28,El Dorado,017,186661,3011,2415,32,2447,4
2020-11-28,Fresno,019,978130,43706,38288,1580,39868,500
2020-11-28,Glenn,021,27897,1050,925,51,976,4
2020-11-28,Humboldt,023,135768,970,844,4,848,9
2020-11-28,Imperial,025,180216,16742,16019,126,16145,356
2020-11-28,Inyo,027,18085,319,289,5,294,15
2020-11-28,Kern,029,883053,42869,40255,1387,41642,473
2020-11-28,Kings,031,150075,11904,11070,201,11271,85
2020-11-28,Lake,033,64148,1070,920,0,920,18
2020-11-28,Lassen,035,31185,2266,1714,8,1722,0
2020-11-28,Los Angeles,037,10098052,415956,386194,6751,392945,7625
2020-11-28,Madera,039,155013,6760,6119,166,6285,57
2020-11-28,Marin,041,260295,7925,7696,29,7725,135
2020-11-28,Mariposa,043,17540,144,120,2,122,2
2020-11-28,Mendocino,045,87422,1582,1458,8,1466,22
2020-11-28,Merced,047,269075,12420,11688,118,11806,172
2020-11-28,Modoc,049,8938,126,103,22,125,0
2020-11-28,Mono,051,14174,553,505,9,514,3
2020-11-28,Monterey,053,433212,16329,15328,289,15617,118
2020-11-28,Napa,055,140530,3487,3033,18,3051,18
2020-11-28,Nevada,057,99092,1556,1272,38,1310,9
2020-11-28,Orange,059,3164182,84836,76882,2571,79453,1568
2020-11-28,Placer,061,380077,7961,6497,165,6662,70
2020-11-28,Plumas,063,18699,236,188,0,188,0
2020-11-28,Riverside,065,2383286,97713,86854,2159,89013,1440
2020-11-28,Sacramento,067,1510023,39919,36905,150,37055,580
2020-11-28,San Benito,069,59416,1982,1835,14,1849,15
2020-11-28,San Bernardino,071,2135413,103451,91183,1839,93022,1224
2020-11-28,San Diego,073,3302833,86817,80020,3273,83293,997
2020-11-28,San Francisco,075,870044,16204,15450,108,15558,153
2020-11-28,San Joaquin,077,732212,27779,25742,563,26305,509
2020-11-28,San Luis Obispo,079,281455,6669,6106,113,6219,36
2020-11-28,San Mateo,081,765935,15330,14040,16,14056,169
2020-11-28,Santa Barbara,083,443738,12559,11481,210,11691,140
2020-11-28,Santa Clara,085,1922200,38248,33701,102,33803,449
2020-11-28,Santa Cruz,087,273765,5002,4426,68,4494,26
2020-11-28,Shasta,089,179085,5732,4882,222,5104,43
2020-11-28,Sierra,091,2930,19,16,0,16,0
2020-11-28,Siskiyou,093,43540,697,558,38,596,1
2020-11-28,Solano,095,438530,11085,10252,76,10328,87
2020-11-28,Sonoma,097,501317,12985,12008,63,12071,162
2020-11-28,Stanislaus,099,539301,22969,21574,1519,23093,446
2020-11-28,Sutter,101,95872,3787,3244,13,3257,15
2020-11-28,Tehama,103,63373,1850,1678,44,1722,9
2020-11-28,Trinity,105,12862,287,157,28,185,0
2020-11-28,Tulare,107,460477,22557,20701,1597,22298,319
2020-11-28,Tuolumne,109,53932,1168,976,6,982,7
2020-11-28,Ventura,111,848112,21722,19510,694,20204,179
2020-11-28,Yolo,113,214977,5241,4739,17,4756,80
2020-11-28,Yuba,115,75493,2202,1912,14,1926,10
2020-11-27,Alameda,001,1643700,31431,29064,373,29437,450
2020-11-27,Alpine,003,1148,51,41,0,41,0
2020-11-27,Amador,005,37829,598,498,1,499,16
2020-11-27,Butte,007,227075,4335,3894,217,4111,65
2020-11-27,Calaveras,009,45235,533,478,0,478,21
2020-11-27,Colusa,011,21464,803,694,4,698,6
2020-11-27,Contra Costa,013,1133247,25346,23463,168,23631,264
2020-11-27,Del Norte,015,27424,378,307,0,307,2
2020-11-27,El Dorado,017,186661,2940,2238,29,2267,4
2020-11-27,Fresno,019,978130,43300,37994,1522,39516,500
2020-11-27,Glenn,021,27897,1037,891,46,937,4
2020-11-27,Humboldt,023,135768,951,795,3,798,9
2020-11-27,Imperial,025,180216,16674,15960,117,16077,356
2020-11-27,Inyo,027,18085,313,289,5,294,15
2020-11-27,Kern,029,883053,42445,39707,1317,41024,473
2020-11-27,Kings,031,150075,11818,10667,183,10850,85
2020-11-27,Lake,033,64148,1034,909,0,909,18
2020-11-27,Lassen,035,31185,2254,1714,8,1722,0
2020-11-27,Los Angeles,037,10098052,409449,382740,6595,389335,7606
2020-11-27,Madera,039,155013,6688,6050,160,6210,57
2020-11-27,Marin,041,260295,7882,7660,29,7689,135
2020-11-27,Mariposa,043,17540,142,118,2,120,2
2020-11-27,Mendocino,045,87422,1568,1387,7,1394,22
2020-11-27,Merced,047,269075,12314,11550,111,11661,172
2020-11-27,Modoc,049,8938,125,100,22,122,0
2020-11-27,Mono,051,14174,549,498,9,507,3
2020-11-27,Monterey,053,433212,16162,14753,289,15042,113
2020-11-27,Napa,055,140530,3447,2988,18,3006,18
2020-11-27,Nevada,057,99092,1526,1184,36,1220,9
2020-11-27,Orange,059,3164182,83547,75151,2532,77683,1568
2020-11-27,Placer,061,380077,7799,6283,155,6438,68
2020-11-27,Plumas,063,18699,233,188,0,188,0
2020-11-27,Riverside,065,2383286,96102,85769,2006,87775,1440
2020-11-27,Sacramento,067,1510023,39297,36579,145,36724,579
2020-11-27,San Benito,069,59416,1948,1805,13,1818,15
2020-11-27,San Bernardino,071,2135413,101940,90254,1758,92012,1224
2020-11-27,San Diego,073,3302833,85623,78161,3184,81345,996
2020-11-27,San Francisco,075,870044,16049,15377,106,15483,153
2020-11-27,San Joaquin,077,732212,27558,25741,543,26284,509
2020-11-27,San Luis Obispo,079,281455,6586,6039,110,6149,36
2020-11-27,San Mateo,081,765935,15127,13872,15,13887,169
2020-11-27,Santa Barbara,083,443738,12466,11340,207,11547,140
2020-11-27,Santa Clara,085,1922200,37573,32935,95,33030,449
2020-11-27,Santa Cruz,087,273765,4931,4358,66,4424,26
2020-11-27,Shasta,089,179085,5655,4710,209,4919,43
2020-11-27,Sierra,091,2930,18,16,0,16,0
2020-11-27,Siskiyou,093,43540,682,554,35,589,1
2020-11-27,Solano,095,438530,10966,10044,73,10117,87
2020-11-27,Sonoma,097,501317,12853,11924,61,11985,162
2020-11-27,Stanislaus,099,539301,22741,21185,1489,22674,446
2020-11-27,Sutter,101,95872,3720,3101,13,3114,15
2020-11-27,Tehama,103,63373,1822,1649,40,1689,9
2020-11-27,Trinity,105,12862,283,151,28,179,0
2020-11-27,Tulare,107,460477,22369,20634,1540,22174,319
2020-11-27,Tuolumne,109,53932,1136,881,6,887,7
2020-11-27,Ventura,111,848112,21398,19379,672,20051,179
2020-11-27,Yolo,113,214977,5192,4737,17,4754,79
2020-11-27,Yuba,115,75493,2173,1864,13,1877,10
2020-11-26,Alameda,001,1643700,31020,28797,354,29151,447
2020-11-26,Alpine,003,1148,51,41,0,41,0
2020-11-26,Amador,005,37829,590,488,1,489,16
2020-11-26,Butte,007,227075,4272,3894,211,4105,65
2020-11-26,Calaveras,009,45235,505,478,0,478,21
2020-11-26,Colusa,011,21464,789,694,4,698,6
2020-11-26,Contra Costa,013,1133247,25011,23468,162,23630,264
2020-11-26,Del Norte,015,27424,367,307,0,307,2
2020-11-26,El Dorado,017,186661,2859,2217,27,2244,4
2020-11-26,Fresno,019,978130,42893,37724,1477,39201,500
2020-11-26,Glenn,021,27897,1021,892,44,936,4
2020-11-26,Humboldt,023,135768,929,795,2,797,9
2020-11-26,Imperial,025,180216,16565,15722,113,15835,355
2020-11-26,Inyo,027,18085,312,289,5,294,15
2020-11-26,Kern,029,883053,41995,39123,1255,40378,471
2020-11-26,Kings,031,150075,11763,10475,171,10646,85
2020-11-26,Lake,033,64148,1021,890,0,890,18
2020-11-26,Lassen,035,31185,2239,1714,8,1722,0
2020-11-26,Los Angeles,037,10098052,404300,378340,6358,384698,7581
2020-11-26,Madera,039,155013,6613,6003,154,6157,57
2020-11-26,Marin,041,260295,7845,7610,29,7639,135
2020-11-26,Mariposa,043,17540,137,116,2,118,2
2020-11-26,Mendocino,045,87422,1554,1387,5,1392,22
2020-11-26,Merced,047,269075,12166,11440,109,11549,172
2020-11-26,Modoc,049,8938,123,100,22,122,0
2020-11-26,Mono,051,14174,541,485,9,494,2
2020-11-26,Monterey,053,433212,15926,14750,281,15031,113
2020-11-26,Napa,055,140530,3383,2988,18,3006,18
2020-11-26,Nevada,057,99092,1480,1184,36,1220,9
2020-11-26,Orange,059,3164182,82159,74264,2469,76733,1563
2020-11-26,Placer,061,380077,7637,6278,146,6424,68
2020-11-26,Plumas,063,18699,225,188,0,188,0
2020-11-26,Riverside,065,2383286,94498,85774,1881,87655,1440
2020-11-26,Sacramento,067,1510023,38655,35854,137,35991,580
2020-11-26,San Benito,069,59416,1921,1769,13,1782,15
2020-11-26,San Bernardino,071,2135413,100290,89727,1666,91393,1223
2020-11-26,San Diego,073,3302833,84013,76359,3080,79439,996
2020-11-26,San Francisco,075,870044,15912,15156,103,15259,153
2020-11-26,San Joaquin,077,732212,27302,25738,531,26269,509
2020-11-26,San Luis Obispo,079,281455,6493,5964,107,6071,36
2020-11-26,San Mateo,081,765935,14938,13715,14,13729,169
2020-11-26,Santa Barbara,083,443738,12385,11277,206,11483,139
2020-11-26,Santa Clara,085,1922200,36931,32411,87,32498,446
2020-11-26,Santa Cruz,087,273765,4800,4269,60,4329,26
2020-11-26,Shasta,089,179085,5573,4712,198,4910,43
2020-11-26,Sierra,091,2930,18,15,0,15,0
2020-11-26,Siskiyou,093,43540,672,526,34,560,1
2020-11-26,Solano,095,438530,10823,9941,71,10012,87
2020-11-26,Sonoma,097,501317,12705,11922,59,11981,162
2020-11-26,Stanislaus,099,539301,22510,21186,1448,22634,445
2020-11-26,Sutter,101,95872,3626,3101,12,3113,15
2020-11-26,Tehama,103,63373,1780,1612,37,1649,9
2020-11-26,Trinity,105,12862,279,139,28,167,0
2020-11-26,Tulare,107,460477,22130,20649,1476,22125,319
2020-11-26,Tuolumne,109,53932,1108,871,6,877,7
2020-11-26,Ventura,111,848112,20902,19058,658,19716,179
2020-11-26,Yolo,113,214977,5105,4566,17,4583,76
2020-11-26,Yuba,115,75493,2113,1865,11,1876,10
2020-11-25,Alameda,001,1643700,30804,28378,346,28724,447
2020-11-25,Alpine,003,1148,51,41,0,41,0
2020-11-25,Amador,005,37829,580,484,1,485,16
2020-11-25,Butte,007,227075,4241,3848,208,4056,64
2020-11-25,Calaveras,009,45235,502,475,0,475,21
2020-11-25,Colusa,011,21464,772,693,4,697,6
2020-11-25,Contra Costa,013,1133247,24856,23307,161,23468,263
2020-11-25,Del Norte,015,27424,366,304,0,304,2
2020-11-25,El Dorado,017,186661,2823,2154,27,2181,4
2020-11-25,Fresno,019,978130,42660,37349,1455,38804,494
2020-11-25,Glenn,021,27897,1004,891,42,933,4
2020-11-25,Humboldt,023,135768,921,777,2,779,9
2020-11-25,Imperial,025,180216,16495,15640,111,15751,355
2020-11-25,Inyo,027,18085,310,289,5,294,15
2020-11-25,Kern,029,883053,41839,38878,1236,40114,467
2020-11-25,Kings,031,150075,11728,10417,167,10584,85
2020-11-25,Lake,033,64148,1004,878,0,878,18
2020-11-25,Lassen,035,31185,2196,1701,8,1709,0
2020-11-25,Los Angeles,037,10098052,401272,373919,6254,380173,7545
2020-11-25,Madera,039,155013,6591,5989,151,6140,57
2020-11-25,Marin,041,260295,7818,7601,28,7629,135
2020-11-25,Mariposa,043,17540,136,114,2,116,2
2020-11-25,Mendocino,045,87422,1535,1373,5,1378,22
2020-11-25,Merced,047,269075,12108,11346,109,11455,172
2020-11-25,Modoc,049,8938,123,96,22,118,0
2020-11-25,Mono,051,14174,536,487,9,496,2
2020-11-25,Monterey,053,433212,15809,14695,279,14974,113
2020-11-25,Napa,055,140530,3350,2945,18,2963,17
2020-11-25,Nevada,057,99092,1462,1170,34,1204,9
2020-11-25,Orange,059,3164182,81406,73014,2449,75463,1551
2020-11-25,Placer,061,380077,7561,6221,145,6366,68
2020-11-25,Plumas,063,18699,220,183,0,183,0
2020-11-25,Riverside,065,2383286,93954,85077,1863,86940,1438
2020-11-25,Sacramento,067,1510023,38319,35687,134,35821,574
2020-11-25,San Benito,069,59416,1898,1764,13,1777,15
2020-11-25,San Bernardino,071,2135413,99450,88469,1638,90107,1225
2020-11-25,San Diego,073,3302833,83356,75307,3044,78351,988
2020-11-25,San Francisco,075,870044,15807,15053,101,15154,153
2020-11-25,San Joaquin,077,732212,27175,25556,519,26075,515
2020-11-25,San Luis Obispo,079,281455,6450,5913,106,6019,34
2020-11-25,San Mateo,081,765935,14823,13614,14,13628,170
2020-11-25,Santa Barbara,083,443738,12335,11183,206,11389,138
2020-11-25,Santa Clara,085,1922200,36484,32032,86,32118,442
2020-11-25,Santa Cruz,087,273765,4748,4202,59,4261,25
2020-11-25,Shasta,089,179085,5527,4588,191,4779,43
2020-11-25,Sierra,091,2930,18,15,0,15,0
2020-11-25,Siskiyou,093,43540,665,499,34,533,1
2020-11-25,Solano,095,438530,10718,9832,70,9902,87
2020-11-25,Sonoma,097,501317,12642,11775,58,11833,162
2020-11-25,Stanislaus,099,539301,22379,21022,1421,22443,445
2020-11-25,Sutter,101,95872,3582,3064,12,3076,14
2020-11-25,Tehama,103,63373,1768,1587,32,1619,9
2020-11-25,Trinity,105,12862,277,135,28,163,0
2020-11-25,Tulare,107,460477,22040,20528,1444,21972,318
2020-11-25,Tuolumne,109,53932,1091,842,6,848,7
2020-11-25,Ventura,111,848112,20807,18914,652,19566,179
2020-11-25,Yolo,113,214977,5069,4527,17,4544,76
2020-11-25,Yuba,115,75493,2087,1840,11,1851,10
2020-11-24,Alameda,001,1643700,30326,28030,335,28365,444
2020-11-24,Alpine,003,1148,51,41,0,41,0
2020-11-24,Amador,005,37829,555,470,1,471,16
2020-11-24,Butte,007,227075,4156,3798,200,3998,63
2020-11-24,Calaveras,009,45235,495,466,0,466,21
2020-11-24,Colusa,011,21464,754,682,4,686,6
2020-11-24,Contra Costa,013,1133247,24503,23072,155,23227,259
2020-11-24,Del Norte,015,27424,357,298,0,298,2
2020-11-24,El Dorado,017,186661,2718,2005,26,2031,4
2020-11-24,Fresno,019,978130,42257,37021,1378,38399,493
2020-11-24,Glenn,021,27897,986,883,38,921,4
2020-11-24,Humboldt,023,135768,902,774,2,776,9
2020-11-24,Imperial,025,180216,16392,15600,105,15705,355
2020-11-24,Inyo,027,18085,309,282,5,287,15
2020-11-24,Kern,029,883053,41365,38551,1158,39709,465
2020-11-24,Kings,031,150075,11461,10338,154,10492,85
2020-11-24,Lake,033,64148,988,872,0,872,18
2020-11-24,Lassen,035,31185,2173,1657,8,1665,0
2020-11-24,Los Angeles,037,10098052,394963,370008,6018,376026,7501
2020-11-24,Madera,039,155013,6506,5881,145,6026,57
2020-11-24,Marin,041,260295,7771,7591,28,7619,135
2020-11-24,Mariposa,043,17540,126,114,1,115,2
2020-11-24,Mendocino,045,87422,1513,1346,4,1350,22
2020-11-24,Merced,047,269075,11919,11268,104,11372,171
2020-11-24,Modoc,049,8938,119,91,22,113,0
2020-11-24,Mono,051,14174,532,483,9,492,2
2020-11-24,Monterey,053,433212,15551,14354,267,14621,113
2020-11-24,Napa,055,140530,3284,2904,18,2922,17
2020-11-24,Nevada,057,99092,1398,1156,32,1188,9
2020-11-24,Orange,059,3164182,79962,71975,2368,74343,1547
2020-11-24,Placer,061,380077,7380,6147,138,6285,67
2020-11-24,Plumas,063,18699,217,180,0,180,0
2020-11-24,Riverside,065,2383286,92195,83685,1734,85419,1420
2020-11-24,Sacramento,067,1510023,37639,35097,127,35224,568
2020-11-24,San Benito,069,59416,1866,1740,12,1752,15
2020-11-24,San Bernardino,071,2135413,97114,86645,1537,88182,1226
2020-11-24,San Diego,073,3302833,81946,74363,2973,77336,984
2020-11-24,San Francisco,075,870044,15612,14874,97,14971,153
2020-11-24,San Joaquin,077,732212,26859,25318,491,25809,517
2020-11-24,San Luis Obispo,079,281455,6387,5805,105,5910,34
2020-11-24,San Mateo,081,765935,14614,13558,13,13571,170
2020-11-24,Santa Barbara,083,443738,12228,11154,204,11358,138
2020-11-24,Santa Clara,085,1922200,35695,31564,82,31646,438
2020-11-24,Santa Cruz,087,273765,4635,4132,58,4190,25
2020-11-24,Shasta,089,179085,5427,4410,172,4582,43
2020-11-24,Sierra,091,2930,18,15,0,15,0
2020-11-24,Siskiyou,093,43540,647,473,31,504,1
2020-11-24,Solano,095,438530,10547,9716,69,9785,86
2020-11-24,Sonoma,097,501317,12462,11644,55,11699,162
2020-11-24,Stanislaus,099,539301,22137,20830,1378,22208,438
2020-11-24,Sutter,101,95872,3476,2974,12,2986,14
2020-11-24,Tehama,103,63373,1718,1565,27,1592,9
2020-11-24,Trinity,105,12862,270,129,27,156,0
2020-11-24,Tulare,107,460477,21791,20319,1379,21698,315
2020-11-24,Tuolumne,109,53932,1062,832,6,838,7
2020-11-24,Ventura,111,848112,20425,18637,642,19279,179
2020-11-24,Yolo,113,214977,4985,4420,17,4437,76
2020-11-24,Yuba,115,75493,2036,1804,9,1813,10
2020-11-23,Alameda,001,1643700,29912,27718,323,28041,444
2020-11-23,Alpine,003,1148,49,41,0,41,0
2020-11-23,Amador,005,37829,514,457,1,458,16
2020-11-23,Butte,007,227075,4092,3765,194,3959,61
2020-11-23,Calaveras,009,45235,478,434,0,434,21
2020-11-23,Colusa,011,21464,740,662,4,666,6
2020-11-23,Contra Costa,013,1133247,24231,22674,150,22824,260
2020-11-23,Del Norte,015,27424,335,296,0,296,2
2020-11-23,El Dorado,017,186661,2598,2005,25,2030,4
2020-11-23,Fresno,019,978130,41809,36688,1315,38003,488
2020-11-23,Glenn,021,27897,960,853,38,891,4
2020-11-23,Humboldt,023,135768,889,746,2,748,9
2020-11-23,Imperial,025,180216,16221,15104,99,15203,355
2020-11-23,Inyo,027,18085,301,279,5,284,15
2020-11-23,Kern,029,883053,40851,38245,1095,39340,463
2020-11-23,Kings,031,150075,11041,10204,147,10351,85
2020-11-23,Lake,033,64148,965,840,0,840,18
2020-11-23,Lassen,035,31185,2093,1271,7,1278,0
2020-11-23,Los Angeles,037,10098052,388872,366374,5768,372142,7447
2020-11-23,Madera,039,155013,6380,5787,140,5927,56
2020-11-23,Marin,041,260295,7729,7543,28,7571,135
2020-11-23,Mariposa,043,17540,125,97,1,98,2
2020-11-23,Mendocino,045,87422,1483,1330,4,1334,22
2020-11-23,Merced,047,269075,11731,11148,101,11249,169
2020-11-23,Modoc,049,8938,105,91,21,112,0
2020-11-23,Mono,051,14174,519,480,9,489,2
2020-11-23,Monterey,053,433212,15273,14265,261,14526,112
2020-11-23,Napa,055,140530,3218,2811,17,2828,17
2020-11-23,Nevada,057,99092,1309,1087,32,1119,9
2020-11-23,Orange,059,3164182,78556,71074,2322,73396,1546
2020-11-23,Placer,061,380077,7178,5999,137,6136,66
2020-11-23,Plumas,063,18699,213,172,0,172,0
2020-11-23,Riverside,065,2383286,90416,82175,1669,83844,1415
2020-11-23,Sacramento,067,1510023,37070,34141,120,34261,556
2020-11-23,San Benito,069,59416,1838,1729,11,1740,15
2020-11-23,San Bernardino,071,2135413,95007,84387,1474,85861,1224
2020-11-23,San Diego,073,3302833,80484,72817,2885,75702,968
2020-11-23,San Francisco,075,870044,15453,14646,95,14741,153
2020-11-23,San Joaquin,077,732212,26510,24622,487,25109,517
2020-11-23,San Luis Obispo,079,281455,6305,5772,103,5875,34
2020-11-23,San Mateo,081,765935,14422,13364,13,13377,170
2020-11-23,Santa Barbara,083,443738,12120,10944,200,11144,137
2020-11-23,Santa Clara,085,1922200,35044,31064,79,31143,435
2020-11-23,Santa Cruz,087,273765,4525,4003,54,4057,25
2020-11-23,Shasta,089,179085,5309,4100,160,4260,43
2020-11-23,Sierra,091,2930,17,15,0,15,0
2020-11-23,Siskiyou,093,43540,620,460,30,490,0
2020-11-23,Solano,095,438530,10390,9394,66,9460,86
2020-11-23,Sonoma,097,501317,12289,11507,51,11558,160
2020-11-23,Stanislaus,099,539301,21844,20487,1345,21832,436
2020-11-23,Sutter,101,95872,3338,2840,11,2851,14
2020-11-23,Tehama,103,63373,1670,1526,24,1550,9
2020-11-23,Trinity,105,12862,261,120,25,145,0
2020-11-23,Tulare,107,460477,21496,19818,1313,21131,315
2020-11-23,Tuolumne,109,53932,1022,774,6,780,7
2020-11-23,Ventura,111,848112,20049,18480,629,19109,179
2020-11-23,Yolo,113,214977,4905,4265,16,4281,75
2020-11-23,Yuba,115,75493,1969,1702,9,1711,10
2020-11-22,Alameda,001,1643700,29477,27472,312,27784,444
2020-11-22,Alpine,003,1148,46,41,0,41,0
2020-11-22,Amador,005,37829,502,450,1,451,16
2020-11-22,Butte,007,227075,4041,3712,187,3899,61
2020-11-22,Calaveras,009,45235,466,434,0,434,21
2020-11-22,Colusa,011,21464,722,642,3,645,6
2020-11-22,Contra Costa,013,1133247,23926,22407,145,22552,260
2020-11-22,Del Norte,015,27424,311,271,0,271,2
2020-11-22,El Dorado,017,186661,2488,1917,22,1939,4
2020-11-22,Fresno,019,978130,41327,36315,1259,37574,488
2020-11-22,Glenn,021,27897,938,832,34,866,4
2020-11-22,Humboldt,023,135768,873,729,2,731,9
2020-11-22,Imperial,025,180216,16016,15109,54,15163,355
2020-11-22,Inyo,027,18085,295,279,5,284,15
2020-11-22,Kern,029,883053,40272,37904,1061,38965,463
2020-11-22,Kings,031,150075,10940,10035,138,10173,85
2020-11-22,Lake,033,64148,943,834,0,834,18
2020-11-22,Lassen,035,31185,1928,1211,6,1217,0
2020-11-22,Los Angeles,037,10098052,382592,360341,5518,365859,7438
2020-11-22,Madera,039,155013,6300,5745,129,5874,56
2020-11-22,Marin,041,260295,7694,7506,27,7533,135
2020-11-22,Mariposa,043,17540,124,95,1,96,2
2020-11-22,Mendocino,045,87422,1459,1285,3,1288,22
2020-11-22,Merced,047,269075,11582,10939,101,11040,169
2020-11-22,Modoc,049,8938,104,87,19,106,0
2020-11-22,Mono,051,14174,504,481,9,490,2
2020-11-22,Monterey,053,433212,15032,13887,255,14142,111
2020-11-22,Napa,055,140530,3137,2778,17,2795,17
2020-11-22,Nevada,057,99092,1251,1052,32,1084,9
2020-11-22,Orange,059,3164182,77143,69913,2283,72196,1546
2020-11-22,Placer,061,380077,6951,5880,127,6007,66
2020-11-22,Plumas,063,18699,200,172,0,172,0
2020-11-22,Riverside,065,2383286,88821,81565,1608,83173,1409
2020-11-22,Sacramento,067,1510023,36338,33421,107,33528,555
2020-11-22,San Benito,069,59416,1809,1704,11,1715,15
2020-11-22,San Bernardino,071,2135413,92662,83505,1404,84909,1224
2020-11-22,San Diego,073,3302833,78747,71649,2810,74459,968
2020-11-22,San Francisco,075,870044,15282,14515,94,14609,153
2020-11-22,San Joaquin,077,732212,26211,24619,475,25094,517
2020-11-22,San Luis Obispo,079,281455,6203,5664,102,5766,34
2020-11-22,San Mateo,081,765935,14217,13228,13,13241,170
2020-11-22,Santa Barbara,083,443738,11984,10946,195,11141,137
2020-11-22,Santa Clara,085,1922200,34366,30633,77,30710,434
2020-11-22,Santa Cruz,087,273765,4443,3896,47,3943,25
2020-11-22,Shasta,089,179085,5151,4100,142,4242,43
2020-11-22,Sierra,091,2930,17,13,0,13,0
2020-11-22,Siskiyou,093,43540,588,411,30,441,0
2020-11-22,Solano,095,438530,10219,9363,62,9425,86
2020-11-22,Sonoma,097,501317,12131,11415,49,11464,159
2020-11-22,Stanislaus,099,539301,21516,20223,1315,21538,436
2020-11-22,Sutter,101,95872,3220,2677,11,2688,13
2020-11-22,Tehama,103,63373,1636,1457,19,1476,9
2020-11-22,Trinity,105,12862,255,114,25,139,0
2020-11-22,Tulare,107,460477,21245,19818,1243,21061,314
2020-11-22,Tuolumne,109,53932,996,689,6,695,7
2020-11-22,Ventura,111,848112,19688,18105,615,18720,179
2020-11-22,Yolo,113,214977,4804,4206,16,4222,75
2020-11-22,Yuba,115,75493,1916,1672,9,1681,10
2020-11-21,Alameda,001,1643700,29291,27424,310,27734,444
2020-11-21,Alpine,003,1148,46,41,0,41,0
2020-11-21,Amador,005,37829,488,450,1,451,16
2020-11-21,Butte,007,227075,3993,3664,184,3848,61
2020-11-21,Calaveras,009,45235,460,434,0,434,21
2020-11-21,Colusa,011,21464,713,642,3,645,6
2020-11-21,Contra Costa,013,1133247,23773,22338,143,22481,260
2020-11-21,Del Norte,015,27424,306,271,0,271,2
2020-11-21,El Dorado,017,186661,2439,1900,21,1921,4
2020-11-21,Fresno,019,978130,41071,35973,1225,37198,482
2020-11-21,Glenn,021,27897,933,829,32,861,4
2020-11-21,Humboldt,023,135768,863,728,2,730,9
2020-11-21,Imperial,025,180216,15939,15053,54,15107,355
2020-11-21,Inyo,027,18085,293,283,5,288,15
2020-11-21,Kern,029,883053,40016,37403,1026,38429,463
2020-11-21,Kings,031,150075,10892,10019,134,10153,85
2020-11-21,Lake,033,64148,930,832,0,832,18
2020-11-21,Lassen,035,31185,1860,1211,6,1217,0
2020-11-21,Los Angeles,037,10098052,379414,357754,5372,363126,7428
2020-11-21,Madera,039,155013,6263,5706,129,5835,56
2020-11-21,Marin,041,260295,7671,7488,26,7514,134
2020-11-21,Mariposa,043,17540,124,92,1,93,2
2020-11-21,Mendocino,045,87422,1428,1282,3,1285,22
2020-11-21,Merced,047,269075,11521,10849,100,10949,169
2020-11-21,Modoc,049,8938,100,87,18,105,0
2020-11-21,Mono,051,14174,499,469,9,478,2
2020-11-21,Monterey,053,433212,14934,13886,250,14136,110
2020-11-21,Napa,055,140530,3103,2757,17,2774,17
2020-11-21,Nevada,057,99092,1239,1018,31,1049,9
2020-11-21,Orange,059,3164182,76340,69021,2253,71274,1543
2020-11-21,Placer,061,380077,6838,5778,124,5902,65
2020-11-21,Plumas,063,18699,195,172,0,172,0
2020-11-21,Riverside,065,2383286,88044,80676,1562,82238,1407
2020-11-21,Sacramento,067,1510023,35942,33133,99,33232,548
2020-11-21,San Benito,069,59416,1790,1691,11,1702,15
2020-11-21,San Bernardino,071,2135413,91785,83206,1327,84533,1222
2020-11-21,San Diego,073,3302833,77968,70711,2755,73466,966
2020-11-21,San Francisco,075,870044,15179,14445,93,14538,153
2020-11-21,San Joaquin,077,732212,26078,24620,460,25080,517
2020-11-21,San Luis Obispo,079,281455,6150,5618,99,5717,34
2020-11-21,San Mateo,081,765935,14115,13138,13,13151,170
2020-11-21,Santa Barbara,083,443738,11933,10922,192,11114,137
2020-11-21,Santa Clara,085,1922200,33982,30377,74,30451,433
2020-11-21,Santa Cruz,087,273765,4386,3898,47,3945,25
2020-11-21,Shasta,089,179085,5078,4095,139,4234,42
2020-11-21,Sierra,091,2930,17,13,0,13,0
2020-11-21,Siskiyou,093,43540,572,403,30,433,0
2020-11-21,Solano,095,438530,10129,9290,59,9349,86
2020-11-21,Sonoma,097,501317,12056,11394,47,11441,158
2020-11-21,Stanislaus,099,539301,21373,20111,1290,21401,435
2020-11-21,Sutter,101,95872,3160,2615,10,2625,13
2020-11-21,Tehama,103,63373,1616,1435,18,1453,9
2020-11-21,Trinity,105,12862,252,110,24,134,0
2020-11-21,Tulare,107,460477,21119,19752,1209,20961,313
2020-11-21,Tuolumne,109,53932,977,690,6,696,7
2020-11-21,Ventura,111,848112,19524,18040,605,18645,177
2020-11-21,Yolo,113,214977,4730,4147,15,4162,75
2020-11-21,Yuba,115,75493,1884,1643,9,1652,10
2020-11-20,Alameda,001,1643700,29076,27221,303,27524,444
2020-11-20,Alpine,003,1148,46,20,0,20,0
2020-11-20,Amador,005,37829,484,446,1,447,16
2020-11-20,Butte,007,227075,3961,3618,180,3798,60
2020-11-20,Calaveras,009,45235,448,424,0,424,21
2020-11-20,Colusa,011,21464,705,631,2,633,6
2020-11-20,Contra Costa,013,1133247,23587,22116,139,22255,260
2020-11-20,Del Norte,015,27424,302,264,0,264,2
2020-11-20,El Dorado,017,186661,2343,1868,19,1887,4
2020-11-20,Fresno,019,978130,40777,35635,1195,36830,480
2020-11-20,Glenn,021,27897,921,826,30,856,4
2020-11-20,Humboldt,023,135768,854,714,1,715,9
2020-11-20,Imperial,025,180216,15877,14864,49,14913,353
2020-11-20,Inyo,027,18085,291,262,5,267,15
2020-11-20,Kern,029,883053,39723,37143,1000,38143,462
2020-11-20,Kings,031,150075,10844,9903,133,10036,85
2020-11-20,Lake,033,64148,921,820,0,820,18
2020-11-20,Lassen,035,31185,1775,1212,5,1217,0
2020-11-20,Los Angeles,037,10098052,375532,353554,5208,358762,7398
2020-11-20,Madera,039,155013,6170,5635,128,5763,54
2020-11-20,Marin,041,260295,7647,7467,25,7492,134
2020-11-20,Mariposa,043,17540,116,89,1,90,2
2020-11-20,Mendocino,045,87422,1408,1269,3,1272,22
2020-11-20,Merced,047,269075,11435,10729,100,10829,167
2020-11-20,Modoc,049,8938,100,83,18,101,0
2020-11-20,Mono,051,14174,497,469,9,478,2
2020-11-20,Monterey,053,433212,14809,13738,241,13979,110
2020-11-20,Napa,055,140530,3073,2718,17,2735,17
2020-11-20,Nevada,057,99092,1221,990,30,1020,9
2020-11-20,Orange,059,3164182,75503,68212,2215,70427,1532
2020-11-20,Placer,061,380077,6703,5687,109,5796,66
2020-11-20,Plumas,063,18699,193,163,0,163,0
2020-11-20,Riverside,065,2383286,87033,79613,1499,81112,1405
2020-11-20,Sacramento,067,1510023,35566,32832,90,32922,549
2020-11-20,San Benito,069,59416,1778,1668,11,1679,15
2020-11-20,San Bernardino,071,2135413,90419,81203,1246,82449,1220
2020-11-20,San Diego,073,3302833,76970,69233,2673,71906,960
2020-11-20,San Francisco,075,870044,15075,14327,92,14419,153
2020-11-20,San Joaquin,077,732212,25925,24460,447,24907,515
2020-11-20,San Luis Obispo,079,281455,6095,5524,96,5620,34
2020-11-20,San Mateo,081,765935,13982,12980,12,12992,169
2020-11-20,Santa Barbara,083,443738,11877,10825,186,11011,136
2020-11-20,Santa Clara,085,1922200,33560,30002,69,30071,431
2020-11-20,Santa Cruz,087,273765,4319,3815,47,3862,25
2020-11-20,Shasta,089,179085,5004,3861,134,3995,42
2020-11-20,Sierra,091,2930,17,12,0,12,0
2020-11-20,Siskiyou,093,43540,559,387,29,416,0
2020-11-20,Solano,095,438530,10037,9216,57,9273,85
2020-11-20,Sonoma,097,501317,11972,11316,46,11362,158
2020-11-20,Stanislaus,099,539301,21218,19889,1264,21153,433
2020-11-20,Sutter,101,95872,3110,2580,10,2590,13
2020-11-20,Tehama,103,63373,1601,1410,15,1425,9
2020-11-20,Trinity,105,12862,251,102,24,126,0
2020-11-20,Tulare,107,460477,20986,19568,1170,20738,311
2020-11-20,Tuolumne,109,53932,938,662,6,668,7
2020-11-20,Ventura,111,848112,19356,17741,577,18318,175
2020-11-20,Yolo,113,214977,4652,4081,14,4095,74
2020-11-20,Yuba,115,75493,1856,1611,9,1620,10
2020-11-19,Alameda,001,1643700,28730,26971,295,27266,441
2020-11-19,Alpine,003,1148,43,20,0,20,0
2020-11-19,Amador,005,37829,480,436,1,437,16
2020-11-19,Butte,007,227075,3912,3576,173,3749,60
2020-11-19,Calaveras,009,45235,438,417,0,417,21
2020-11-19,Colusa,011,21464,687,621,2,623,6
2020-11-19,Contra Costa,013,1133247,23314,21886,136,22022,259
2020-11-19,Del Norte,015,27424,294,251,0,251,2
2020-11-19,El Dorado,017,186661,2269,1825,18,1843,4
2020-11-19,Fresno,019,978130,40328,35278,1138,36416,478
2020-11-19,Glenn,021,27897,899,806,29,835,4
2020-11-19,Humboldt,023,135768,834,693,1,694,9
2020-11-19,Imperial,025,180216,15668,14507,49,14556,349
2020-11-19,Inyo,027,18085,289,262,5,267,15
2020-11-19,Kern,029,883053,39302,36779,958,37737,459
2020-11-19,Kings,031,150075,10696,9763,125,9888,85
2020-11-19,Lake,033,64148,907,809,0,809,18
2020-11-19,Lassen,035,31185,1658,1201,3,1204,0
2020-11-19,Los Angeles,037,10098052,370512,349493,5038,354531,7365
2020-11-19,Madera,039,155013,6098,5540,120,5660,54
2020-11-19,Marin,041,260295,7616,7451,25,7476,134
2020-11-19,Mariposa,043,17540,109,88,0,88,2
2020-11-19,Mendocino,045,87422,1387,1237,3,1240,23
2020-11-19,Merced,047,269075,11294,10634,94,10728,167
2020-11-19,Modoc,049,8938,97,82,18,100,0
2020-11-19,Mono,051,14174,489,468,9,477,2
2020-11-19,Monterey,053,433212,14594,13369,229,13598,108
2020-11-19,Napa,055,140530,3019,2641,17,2658,17
2020-11-19,Nevada,057,99092,1180,945,29,974,9
2020-11-19,Orange,059,3164182,74239,66998,2170,69168,1530
2020-11-19,Placer,061,380077,6512,5612,108,5720,65
2020-11-19,Plumas,063,18699,188,158,0,158,0
2020-11-19,Riverside,065,2383286,85548,78535,1427,79962,1402
2020-11-19,Sacramento,067,1510023,35053,32367,88,32455,546
2020-11-19,San Benito,069,59416,1755,1643,11,1654,15
2020-11-19,San Bernardino,071,2135413,88524,79244,1166,80410,1215
2020-11-19,San Diego,073,3302833,75720,68142,2569,70711,952
2020-11-19,San Francisco,075,870044,14918,14178,86,14264,153
2020-11-19,San Joaquin,077,732212,25605,24270,436,24706,516
2020-11-19,San Luis Obispo,079,281455,6018,5410,92,5502,34
2020-11-19,San Mateo,081,765935,13844,12714,12,12726,169
2020-11-19,Santa Barbara,083,443738,11796,10741,183,10924,136
2020-11-19,Santa Clara,085,1922200,33002,29630,68,29698,424
2020-11-19,Santa Cruz,087,273765,4228,3679,45,3724,25
2020-11-19,Shasta,089,179085,4866,3685,124,3809,42
2020-11-19,Sierra,091,2930,17,11,0,11,0
2020-11-19,Siskiyou,093,43540,534,360,28,388,0
2020-11-19,Solano,095,438530,9900,9093,53,9146,84
2020-11-19,Sonoma,097,501317,11802,11205,44,11249,156
2020-11-19,Stanislaus,099,539301,20977,19736,1222,20958,433
2020-11-19,Sutter,101,95872,3011,2509,10,2519,13
2020-11-19,Tehama,103,63373,1568,1373,12,1385,9
2020-11-19,Trinity,105,12862,245,97,24,121,0
2020-11-19,Tulare,107,460477,20764,19384,1105,20489,304
2020-11-19,Tuolumne,109,53932,905,602,6,608,7
2020-11-19,Ventura,111,848112,19003,17300,564,17864,174
2020-11-19,Yolo,113,214977,4557,3973,14,3987,72
2020-11-19,Yuba,115,75493,1816,1568,9,1577,10
2020-11-18,Alameda,001,1643700,28468,26610,290,26900,440
2020-11-18,Alpine,003,1148,42,16,0,16,0
2020-11-18,Amador,005,37829,475,430,1,431,16
2020-11-18,Butte,007,227075,3859,3537,160,3697,59
2020-11-18,Calaveras,009,45235,433,409,0,409,21
2020-11-18,Colusa,011,21464,674,611,2,613,6
2020-11-18,Contra Costa,013,1133247,23047,21685,132,21817,258
2020-11-18,Del Norte,015,27424,281,240,0,240,2
2020-11-18,El Dorado,017,186661,2181,1799,17,1816,4
2020-11-18,Fresno,019,978130,39887,34997,1087,36084,474
2020-11-18,Glenn,021,27897,883,803,27,830,4
2020-11-18,Humboldt,023,135768,820,690,1,691,9
2020-11-18,Imperial,025,180216,15446,14428,48,14476,348
2020-11-18,Inyo,027,18085,287,262,5,267,15
2020-11-18,Kern,029,883053,38913,36537,908,37445,456
2020-11-18,Kings,031,150075,10548,9696,122,9818,85
2020-11-18,Lake,033,64148,894,802,0,802,18
2020-11-18,Lassen,035,31185,1558,1124,3,1127,0
2020-11-18,Los Angeles,037,10098052,365645,344675,4852,349527,7338
2020-11-18,Madera,039,155013,6011,5519,108,5627,54
2020-11-18,Marin,041,260295,7592,7435,25,7460,134
2020-11-18,Mariposa,043,17540,106,88,0,88,2
2020-11-18,Mendocino,045,87422,1367,1237,3,1240,23
2020-11-18,Merced,047,269075,11178,10536,93,10629,166
2020-11-18,Modoc,049,8938,94,77,18,95,0
2020-11-18,Mono,051,14174,484,468,9,477,2
2020-11-18,Monterey,053,433212,14400,13340,215,13555,108
2020-11-18,Napa,055,140530,2972,2607,17,2624,17
2020-11-18,Nevada,057,99092,1140,933,27,960,9
2020-11-18,Orange,059,3164182,73143,66381,2145,68526,1521
2020-11-18,Placer,061,380077,6334,5543,103,5646,64
2020-11-18,Plumas,063,18699,183,143,0,143,0
2020-11-18,Riverside,065,2383286,84083,77739,1324,79063,1387
2020-11-18,Sacramento,067,1510023,34428,31816,80,31896,541
2020-11-18,San Benito,069,59416,1730,1632,10,1642,15
2020-11-18,San Bernardino,071,2135413,86764,77400,1086,78486,1206
2020-11-18,San Diego,073,3302833,74426,67243,2509,69752,945
2020-11-18,San Francisco,075,870044,14774,14057,84,14141,153
2020-11-18,San Joaquin,077,732212,25339,24146,421,24567,517
2020-11-18,San Luis Obispo,079,281455,5943,5322,91,5413,34
2020-11-18,San Mateo,081,765935,13691,12631,11,12642,169
2020-11-18,Santa Barbara,083,443738,11717,10684,176,10860,136
2020-11-18,Santa Clara,085,1922200,32537,29285,63,29348,421
2020-11-18,Santa Cruz,087,273765,4136,3618,43,3661,25
2020-11-18,Shasta,089,179085,4730,3547,120,3667,42
2020-11-18,Sierra,091,2930,17,11,0,11,0
2020-11-18,Siskiyou,093,43540,502,351,27,378,0
2020-11-18,Solano,095,438530,9768,8994,51,9045,84
2020-11-18,Sonoma,097,501317,11695,11129,41,11170,155
2020-11-18,Stanislaus,099,539301,20734,19609,1197,20806,431
2020-11-18,Sutter,101,95872,2893,2442,10,2452,13
2020-11-18,Tehama,103,63373,1529,1338,12,1350,8
2020-11-18,Trinity,105,12862,231,95,23,118,0
2020-11-18,Tulare,107,460477,20554,19286,1054,20340,306
2020-11-18,Tuolumne,109,53932,870,590,6,596,7
2020-11-18,Ventura,111,848112,18678,17169,549,17718,173
2020-11-18,Yolo,113,214977,4483,3929,14,3943,71
2020-11-18,Yuba,115,75493,1762,1540,9,1549,10
2020-11-17,Alameda,001,1643700,28141,26425,280,26705,439
2020-11-17,Alpine,003,1148,40,12,0,12,0
2020-11-17,Amador,005,37829,464,423,1,424,16
2020-11-17,Butte,007,227075,3816,3500,150,3650,59
2020-11-17,Calaveras,009,45235,418,405,0,405,21
2020-11-17,Colusa,011,21464,663,606,1,607,6
2020-11-17,Contra Costa,013,1133247,22774,21557,127,21684,256
2020-11-17,Del Norte,015,27424,275,233,0,233,2
2020-11-17,El Dorado,017,186661,2122,1758,17,1775,4
2020-11-17,Fresno,019,978130,39288,34765,1028,35793,472
2020-11-17,Glenn,021,27897,872,795,26,821,4
2020-11-17,Humboldt,023,135768,798,685,1,686,9
2020-11-17,Imperial,025,180216,15210,14204,46,14250,346
2020-11-17,Inyo,027,18085,286,263,5,268,15
2020-11-17,Kern,029,883053,38463,36164,855,37019,455
2020-11-17,Kings,031,150075,10475,9653,115,9768,85
2020-11-17,Lake,033,64148,874,792,0,792,18
2020-11-17,Lassen,035,31185,1479,1124,3,1127,0
2020-11-17,Los Angeles,037,10098052,360693,340933,4691,345624,7302
2020-11-17,Madera,039,155013,5922,5485,101,5586,54
2020-11-17,Marin,041,260295,7560,7404,24,7428,134
2020-11-17,Mariposa,043,17540,103,87,0,87,2
2020-11-17,Mendocino,045,87422,1346,1216,3,1219,23
2020-11-17,Merced,047,269075,11034,10457,86,10543,162
2020-11-17,Modoc,049,8938,88,71,17,88,0
2020-11-17,Mono,051,14174,479,459,9,468,2
2020-11-17,Monterey,053,433212,14172,13220,205,13425,108
2020-11-17,Napa,055,140530,2918,2568,17,2585,17
2020-11-17,Nevada,057,99092,1099,918,26,944,9
2020-11-17,Orange,059,3164182,71992,65757,2117,67874,1519
2020-11-17,Placer,061,380077,6172,5435,97,5532,63
2020-11-17,Plumas,063,18699,175,142,0,142,0
2020-11-17,Riverside,065,2383286,82696,77079,1233,78312,1379
2020-11-17,Sacramento,067,1510023,33829,31341,76,31417,538
2020-11-17,San Benito,069,59416,1714,1611,4,1615,15
2020-11-17,San Bernardino,071,2135413,84949,76134,997,77131,1188
2020-11-17,San Diego,073,3302833,73173,66321,2453,68774,933
2020-11-17,San Francisco,075,870044,14608,13952,83,14035,153
2020-11-17,San Joaquin,077,732212,25067,23997,401,24398,516
2020-11-17,San Luis Obispo,079,281455,5847,5235,91,5326,34
2020-11-17,San Mateo,081,765935,13529,12491,10,12501,169
2020-11-17,Santa Barbara,083,443738,11629,10597,171,10768,136
2020-11-17,Santa Clara,085,1922200,31990,29013,62,29075,419
2020-11-17,Santa Cruz,087,273765,4052,3548,40,3588,25
2020-11-17,Shasta,089,179085,4568,3457,108,3565,40
2020-11-17,Sierra,091,2930,15,11,0,11,0
2020-11-17,Siskiyou,093,43540,454,333,26,359,0
2020-11-17,Solano,095,438530,9623,8905,50,8955,84
2020-11-17,Sonoma,097,501317,11561,11084,39,11123,155
2020-11-17,Stanislaus,099,539301,20511,19466,1169,20635,425
2020-11-17,Sutter,101,95872,2810,2370,9,2379,12
2020-11-17,Tehama,103,63373,1479,1290,12,1302,7
2020-11-17,Trinity,105,12862,214,83,23,106,0
2020-11-17,Tulare,107,460477,20323,19176,992,20168,305
2020-11-17,Tuolumne,109,53932,832,568,6,574,7
2020-11-17,Ventura,111,848112,18406,16797,531,17328,173
2020-11-17,Yolo,113,214977,4306,3887,13,3900,70
2020-11-17,Yuba,115,75493,1714,1519,9,1528,10
2020-11-16,Alameda,001,1643700,27794,26063,275,26338,436
2020-11-16,Alpine,003,1148,37,12,0,12,0
2020-11-16,Amador,005,37829,456,414,1,415,16
2020-11-16,Butte,007,227075,3777,3490,142,3632,58
2020-11-16,Calaveras,009,45235,410,402,0,402,21
2020-11-16,Colusa,011,21464,654,601,1,602,6
2020-11-16,Contra Costa,013,1133247,22508,21386,122,21508,256
2020-11-16,Del Norte,015,27424,268,225,0,225,2
2020-11-16,El Dorado,017,186661,2062,1694,15,1709,4
2020-11-16,Fresno,019,978130,38798,34593,974,35567,471
2020-11-16,Glenn,021,27897,860,786,25,811,4
2020-11-16,Humboldt,023,135768,781,660,1,661,9
2020-11-16,Imperial,025,180216,14962,14111,46,14157,346
2020-11-16,Inyo,027,18085,283,263,5,268,15
2020-11-16,Kern,029,883053,38069,36049,812,36861,455
2020-11-16,Kings,031,150075,10208,9569,111,9680,85
2020-11-16,Lake,033,64148,862,784,0,784,18
2020-11-16,Lassen,035,31185,1298,1124,3,1127,0
2020-11-16,Los Angeles,037,10098052,355949,338778,4517,343295,7277
2020-11-16,Madera,039,155013,5835,5433,95,5528,54
2020-11-16,Marin,041,260295,7531,7359,24,7383,134
2020-11-16,Mariposa,043,17540,100,86,0,86,2
2020-11-16,Mendocino,045,87422,1321,1209,3,1212,23
2020-11-16,Merced,047,269075,10896,10399,83,10482,162
2020-11-16,Modoc,049,8938,86,71,17,88,0
2020-11-16,Mono,051,14174,477,453,9,462,2
2020-11-16,Monterey,053,433212,13926,13089,195,13284,107
2020-11-16,Napa,055,140530,2842,2536,17,2553,17
2020-11-16,Nevada,057,99092,1056,889,24,913,9
2020-11-16,Orange,059,3164182,70895,65396,2103,67499,1519
2020-11-16,Placer,061,380077,6052,5387,88,5475,63
2020-11-16,Plumas,063,18699,168,127,0,127,0
2020-11-16,Riverside,065,2383286,81321,76449,1168,77617,1379
2020-11-16,Sacramento,067,1510023,33191,30954,70,31024,534
2020-11-16,San Benito,069,59416,1696,1603,3,1606,15
2020-11-16,San Bernardino,071,2135413,83122,74401,928,75329,1186
2020-11-16,San Diego,073,3302833,71863,65603,2381,67984,926
2020-11-16,San Francisco,075,870044,14449,13847,80,13927,153
2020-11-16,San Joaquin,077,732212,24779,23515,392,23907,513
2020-11-16,San Luis Obispo,079,281455,5743,5161,86,5247,34
2020-11-16,San Mateo,081,765935,13369,12398,10,12408,169
2020-11-16,Santa Barbara,083,443738,11564,10565,167,10732,135
2020-11-16,Santa Clara,085,1922200,31425,28673,61,28734,419
2020-11-16,Santa Cruz,087,273765,3979,3520,40,3560,25
2020-11-16,Shasta,089,179085,4418,3284,103,3387,37
2020-11-16,Sierra,091,2930,15,11,0,11,0
2020-11-16,Siskiyou,093,43540,427,294,26,320,0
2020-11-16,Solano,095,438530,9424,8827,50,8877,84
2020-11-16,Sonoma,097,501317,11469,10961,38,10999,155
2020-11-16,Stanislaus,099,539301,20274,19333,1142,20475,425
2020-11-16,Sutter,101,95872,2704,2322,9,2331,12
2020-11-16,Tehama,103,63373,1434,1261,8,1269,7
2020-11-16,Trinity,105,12862,202,67,23,90,0
2020-11-16,Tulare,107,460477,20144,18891,938,19829,305
2020-11-16,Tuolumne,109,53932,796,543,6,549,7
2020-11-16,Ventura,111,848112,18068,16691,523,17214,172
2020-11-16,Yolo,113,214977,4210,3858,13,3871,70
2020-11-16,Yuba,115,75493,1678,1500,8,1508,10
2020-11-15,Alameda,001,1643700,27475,25879,269,26148,436
2020-11-15,Alpine,003,1148,35,12,0,12,0
2020-11-15,Amador,005,37829,444,409,1,410,16
2020-11-15,Butte,007,227075,3723,3452,133,3585,58
2020-11-15,Calaveras,009,45235,397,386,0,386,21
2020-11-15,Colusa,011,21464,645,601,1,602,6
2020-11-15,Contra Costa,013,1133247,22208,21179,121,21300,256
2020-11-15,Del Norte,015,27424,253,224,0,224,2
2020-11-15,El Dorado,017,186661,2000,1683,14,1697,4
2020-11-15,Fresno,019,978130,38285,34297,936,35233,471
2020-11-15,Glenn,021,27897,848,783,24,807,4
2020-11-15,Humboldt,023,135768,753,653,1,654,9
2020-11-15,Imperial,025,180216,14725,13940,46,13986,346
2020-11-15,Inyo,027,18085,273,263,5,268,15
2020-11-15,Kern,029,883053,37664,35911,777,36688,455
2020-11-15,Kings,031,150075,10015,9533,107,9640,85
2020-11-15,Lake,033,64148,853,777,0,777,17
2020-11-15,Lassen,035,31185,1251,1124,3,1127,0
2020-11-15,Los Angeles,037,10098052,350909,336035,4344,340379,7271
2020-11-15,Madera,039,155013,5738,5391,89,5480,54
2020-11-15,Marin,041,260295,7505,7347,24,7371,133
2020-11-15,Mariposa,043,17540,97,86,0,86,2
2020-11-15,Mendocino,045,87422,1302,1197,3,1200,22
2020-11-15,Merced,047,269075,10763,10350,83,10433,162
2020-11-15,Modoc,049,8938,85,68,17,85,0
2020-11-15,Mono,051,14174,475,453,9,462,2
2020-11-15,Monterey,053,433212,13729,12999,182,13181,107
2020-11-15,Napa,055,140530,2783,2509,15,2524,17
2020-11-15,Nevada,057,99092,1001,859,24,883,9
2020-11-15,Orange,059,3164182,69855,65008,2087,67095,1519
2020-11-15,Placer,061,380077,5897,5330,80,5410,63
2020-11-15,Plumas,063,18699,162,127,0,127,0
2020-11-15,Riverside,065,2383286,79997,75531,1109,76640,1374
2020-11-15,Sacramento,067,1510023,32565,30601,66,30667,534
2020-11-15,San Benito,069,59416,1671,1589,2,1591,15
2020-11-15,San Bernardino,071,2135413,80970,73769,853,74622,1185
2020-11-15,San Diego,073,3302833,70362,64770,2324,67094,926
2020-11-15,San Francisco,075,870044,14272,13757,79,13836,153
2020-11-15,San Joaquin,077,732212,24570,23516,376,23892,513
2020-11-15,San Luis Obispo,079,281455,5618,5120,84,5204,34
2020-11-15,San Mateo,081,765935,13192,12348,10,12358,169
2020-11-15,Santa Barbara,083,443738,11469,10516,165,10681,135
2020-11-15,Santa Clara,085,1922200,30971,28289,60,28349,418
2020-11-15,Santa Cruz,087,273765,3841,3439,39,3478,25
2020-11-15,Shasta,089,179085,4243,3290,94,3384,37
2020-11-15,Sierra,091,2930,15,11,0,11,0
2020-11-15,Siskiyou,093,43540,408,294,26,320,0
2020-11-15,Solano,095,438530,9263,8713,47,8760,84
2020-11-15,Sonoma,097,501317,11349,10833,37,10870,154
2020-11-15,Stanislaus,099,539301,20002,19228,1116,20344,425
2020-11-15,Sutter,101,95872,2614,2230,9,2239,12
2020-11-15,Tehama,103,63373,1383,1222,7,1229,7
2020-11-15,Trinity,105,12862,192,67,21,88,0
2020-11-15,Tulare,107,460477,19927,18891,885,19776,305
2020-11-15,Tuolumne,109,53932,754,486,6,492,7
2020-11-15,Ventura,111,848112,17794,16564,515,17079,172
2020-11-15,Yolo,113,214977,4107,3819,12,3831,67
2020-11-15,Yuba,115,75493,1637,1470,7,1477,10
2020-11-14,Alameda,001,1643700,27208,25714,267,25981,435
2020-11-14,Alpine,003,1148,35,12,0,12,0
2020-11-14,Amador,005,37829,435,404,0,404,16
2020-11-14,Butte,007,227075,3687,3434,119,3553,58
2020-11-14,Calaveras,009,45235,396,386,0,386,21
2020-11-14,Colusa,011,21464,633,601,1,602,6
2020-11-14,Contra Costa,013,1133247,22069,20975,114,21089,256
2020-11-14,Del Norte,015,27424,247,219,0,219,2
2020-11-14,El Dorado,017,186661,1956,1648,14,1662,4
2020-11-14,Fresno,019,978130,38034,33969,899,34868,471
2020-11-14,Glenn,021,27897,839,772,21,793,3
2020-11-14,Humboldt,023,135768,738,643,1,644,9
2020-11-14,Imperial,025,180216,14632,13932,45,13977,346
2020-11-14,Inyo,027,18085,272,263,5,268,15
2020-11-14,Kern,029,883053,37454,35626,758,36384,454
2020-11-14,Kings,031,150075,9980,9490,104,9594,85
2020-11-14,Lake,033,64148,844,773,0,773,17
2020-11-14,Lassen,035,31185,1237,833,3,836,0
2020-11-14,Los Angeles,037,10098052,348202,333021,4236,337257,7269
2020-11-14,Madera,039,155013,5708,5371,87,5458,54
2020-11-14,Marin,041,260295,7489,7325,24,7349,133
2020-11-14,Mariposa,043,17540,96,86,0,86,2
2020-11-14,Mendocino,045,87422,1286,1181,3,1184,22
2020-11-14,Merced,047,269075,10707,10286,81,10367,161
2020-11-14,Modoc,049,8938,84,64,16,80,0
2020-11-14,Mono,051,14174,475,453,9,462,2
2020-11-14,Monterey,053,433212,13633,12854,172,13026,105
2020-11-14,Napa,055,140530,2749,2473,15,2488,17
2020-11-14,Nevada,057,99092,985,835,24,859,9
2020-11-14,Orange,059,3164182,69234,64340,2076,66416,1517
2020-11-14,Placer,061,380077,5821,5215,74,5289,63
2020-11-14,Plumas,063,18699,157,128,0,128,0
2020-11-14,Riverside,065,2383286,79255,74910,1069,75979,1373
2020-11-14,Sacramento,067,1510023,32239,30298,66,30364,532
2020-11-14,San Benito,069,59416,1656,1573,2,1575,15
2020-11-14,San Bernardino,071,2135413,80036,72868,821,73689,1184
2020-11-14,San Diego,073,3302833,69597,63715,2272,65987,926
2020-11-14,San Francisco,075,870044,14185,13661,78,13739,153
2020-11-14,San Joaquin,077,732212,24479,23516,368,23884,511
2020-11-14,San Luis Obispo,079,281455,5554,5073,79,5152,34
2020-11-14,San Mateo,081,765935,13084,12293,10,12303,169
2020-11-14,Santa Barbara,083,443738,11415,10482,163,10645,135
2020-11-14,Santa Clara,085,1922200,30687,27962,58,28020,416
2020-11-14,Santa Cruz,087,273765,3786,3402,39,3441,25
2020-11-14,Shasta,089,179085,4159,3195,92,3287,37
2020-11-14,Sierra,091,2930,15,11,0,11,0
2020-11-14,Siskiyou,093,43540,395,292,26,318,0
2020-11-14,Solano,095,438530,9183,8655,46,8701,84
2020-11-14,Sonoma,097,501317,11296,10769,37,10806,154
2020-11-14,Stanislaus,099,539301,19860,19068,1094,20162,424
2020-11-14,Sutter,101,95872,2569,2182,9,2191,12
2020-11-14,Tehama,103,63373,1362,1206,6,1212,7
2020-11-14,Trinity,105,12862,187,67,21,88,0
2020-11-14,Tulare,107,460477,19832,18853,857,19710,305
2020-11-14,Tuolumne,109,53932,726,448,6,454,7
2020-11-14,Ventura,111,848112,17648,16297,504,16801,172
2020-11-14,Yolo,113,214977,4064,3765,10,3775,65
2020-11-14,Yuba,115,75493,1608,1453,7,1460,10
2020-11-13,Alameda,001,1643700,26992,25515,262,25777,434
2020-11-13,Alpine,003,1148,35,12,0,12,0
2020-11-13,Amador,005,37829,432,397,0,397,16
2020-11-13,Butte,007,227075,3663,3402,110,3512,58
2020-11-13,Calaveras,009,45235,392,378,0,378,21
2020-11-13,Colusa,011,21464,625,598,1,599,6
2020-11-13,Contra Costa,013,1133247,21896,20799,114,20913,256
2020-11-13,Del Norte,015,27424,244,208,0,208,2
2020-11-13,El Dorado,017,186661,1911,1611,13,1624,4
2020-11-13,Fresno,019,978130,37787,33693,885,34578,470
2020-11-13,Glenn,021,27897,825,755,17,772,3
2020-11-13,Humboldt,023,135768,723,638,1,639,9
2020-11-13,Imperial,025,180216,14562,13790,44,13834,341
2020-11-13,Inyo,027,18085,271,262,5,267,15
2020-11-13,Kern,029,883053,37252,35431,741,36172,453
2020-11-13,Kings,031,150075,9921,9428,103,9531,85
2020-11-13,Lake,033,64148,838,770,0,770,17
2020-11-13,Lassen,035,31185,1228,832,3,835,0
2020-11-13,Los Angeles,037,10098052,345076,329364,4129,333493,7248
2020-11-13,Madera,039,155013,5668,5340,86,5426,54
2020-11-13,Marin,041,260295,7476,7307,23,7330,133
2020-11-13,Mariposa,043,17540,94,86,0,86,2
2020-11-13,Mendocino,045,87422,1274,1173,3,1176,22
2020-11-13,Merced,047,269075,10651,10185,78,10263,159
2020-11-13,Modoc,049,8938,84,63,14,77,0
2020-11-13,Mono,051,14174,475,448,8,456,2
2020-11-13,Monterey,053,433212,13438,12681,160,12841,104
2020-11-13,Napa,055,140530,2710,2440,15,2455,17
2020-11-13,Nevada,057,99092,966,798,24,822,9
2020-11-13,Orange,059,3164182,68634,63804,2056,65860,1514
2020-11-13,Placer,061,380077,5716,5122,68,5190,63
2020-11-13,Plumas,063,18699,151,125,0,125,0
2020-11-13,Riverside,065,2383286,78517,74138,1040,75178,1372
2020-11-13,Sacramento,067,1510023,31921,29787,61,29848,524
2020-11-13,San Benito,069,59416,1644,1553,1,1554,15
2020-11-13,San Bernardino,071,2135413,78988,71895,800,72695,1184
2020-11-13,San Diego,073,3302833,68750,62978,2234,65212,921
2020-11-13,San Francisco,075,870044,14092,13516,76,13592,146
2020-11-13,San Joaquin,077,732212,24384,23314,362,23676,510
2020-11-13,San Luis Obispo,079,281455,5488,4960,76,5036,34
2020-11-13,San Mateo,081,765935,12990,12182,10,12192,169
2020-11-13,Santa Barbara,083,443738,11363,10405,161,10566,134
2020-11-13,Santa Clara,085,1922200,30360,27609,56,27665,415
2020-11-13,Santa Cruz,087,273765,3713,3343,39,3382,25
2020-11-13,Shasta,089,179085,4074,2983,88,3071,37
2020-11-13,Sierra,091,2930,15,11,0,11,0
2020-11-13,Siskiyou,093,43540,390,280,25,305,0
2020-11-13,Solano,095,438530,9092,8525,46,8571,84
2020-11-13,Sonoma,097,501317,11235,10685,35,10720,151
2020-11-13,Stanislaus,099,539301,19735,18936,1066,20002,422
2020-11-13,Sutter,101,95872,2523,2121,8,2129,12
2020-11-13,Tehama,103,63373,1334,1167,6,1173,7
2020-11-13,Trinity,105,12862,185,64,21,85,0
2020-11-13,Tulare,107,460477,19708,18714,816,19530,305
2020-11-13,Tuolumne,109,53932,693,427,6,433,7
2020-11-13,Ventura,111,848112,17502,16172,490,16662,171
2020-11-13,Yolo,113,214977,4013,3716,10,3726,65
2020-11-13,Yuba,115,75493,1581,1435,7,1442,10
2020-11-12,Alameda,001,1643700,26725,25345,262,25607,432
2020-11-12,Alpine,003,1148,34,12,0,12,0
2020-11-12,Amador,005,37829,431,392,0,392,16
2020-11-12,Butte,007,227075,3614,3347,107,3454,58
2020-11-12,Calaveras,009,45235,387,373,0,373,21
2020-11-12,Colusa,011,21464,620,591,1,592,6
2020-11-12,Contra Costa,013,1133247,21689,20619,112,20731,255
2020-11-12,Del Norte,015,27424,237,203,0,203,2
2020-11-12,El Dorado,017,186661,1865,1573,9,1582,4
2020-11-12,Fresno,019,978130,37439,33459,843,34302,468
2020-11-12,Glenn,021,27897,806,727,17,744,3
2020-11-12,Humboldt,023,135768,710,625,1,626,9
2020-11-12,Imperial,025,180216,14397,13619,44,13663,341
2020-11-12,Inyo,027,18085,270,255,5,260,15
2020-11-12,Kern,029,883053,36987,35207,726,35933,451
2020-11-12,Kings,031,150075,9854,9335,102,9437,85
2020-11-12,Lake,033,64148,829,764,0,764,17
2020-11-12,Lassen,035,31185,1159,832,2,834,0
2020-11-12,Los Angeles,037,10098052,341336,327001,4027,331028,7223
2020-11-12,Madera,039,155013,5633,5273,81,5354,54
2020-11-12,Marin,041,260295,7447,7268,23,7291,133
2020-11-12,Mariposa,043,17540,92,84,0,84,2
2020-11-12,Mendocino,045,87422,1255,1142,3,1145,22
2020-11-12,Merced,047,269075,10537,10107,75,10182,158
2020-11-12,Modoc,049,8938,84,63,14,77,0
2020-11-12,Mono,051,14174,474,442,8,450,2
2020-11-12,Monterey,053,433212,13317,12489,146,12635,100
2020-11-12,Napa,055,140530,2648,2398,15,2413,16
2020-11-12,Nevada,057,99092,943,780,23,803,9
2020-11-12,Orange,059,3164182,67889,63232,2037,65269,1514
2020-11-12,Placer,061,380077,5606,5044,58,5102,62
2020-11-12,Plumas,063,18699,147,121,0,121,0
2020-11-12,Riverside,065,2383286,77584,73381,997,74378,1362
2020-11-12,Sacramento,067,1510023,31430,29459,54,29513,520
2020-11-12,San Benito,069,59416,1624,1525,1,1526,15
2020-11-12,San Bernardino,071,2135413,77622,70758,761,71519,1183
2020-11-12,San Diego,073,3302833,67770,62336,2183,64519,918
2020-11-12,San Francisco,075,870044,13993,13289,75,13364,146
2020-11-12,San Joaquin,077,732212,24191,23002,341,23343,509
2020-11-12,San Luis Obispo,079,281455,5424,4898,75,4973,33
2020-11-12,San Mateo,081,765935,12866,12086,9,12095,169
2020-11-12,Santa Barbara,083,443738,11301,10325,156,10481,134
2020-11-12,Santa Clara,085,1922200,29984,27261,55,27316,414
2020-11-12,Santa Cruz,087,273765,3630,3317,37,3354,25
2020-11-12,Shasta,089,179085,3936,2825,77,2902,37
2020-11-12,Sierra,091,2930,15,11,0,11,0
2020-11-12,Siskiyou,093,43540,373,275,20,295,0
2020-11-12,Solano,095,438530,8992,8417,45,8462,85
2020-11-12,Sonoma,097,501317,11133,10602,34,10636,151
2020-11-12,Stanislaus,099,539301,19567,18787,1037,19824,422
2020-11-12,Sutter,101,95872,2439,2075,7,2082,12
2020-11-12,Tehama,103,63373,1307,1117,6,1123,7
2020-11-12,Trinity,105,12862,177,62,20,82,0
2020-11-12,Tulare,107,460477,19596,18545,778,19323,305
2020-11-12,Tuolumne,109,53932,654,353,6,359,7
2020-11-12,Ventura,111,848112,17252,16013,484,16497,158
2020-11-12,Yolo,113,214977,3969,3646,10,3656,63
2020-11-12,Yuba,115,75493,1546,1410,7,1417,10
2020-11-11,Alameda,001,1643700,26483,25140,260,25400,429
2020-11-11,Alpine,003,1148,29,12,0,12,0
2020-11-11,Amador,005,37829,424,389,0,389,16
2020-11-11,Butte,007,227075,3588,3348,94,3442,58
2020-11-11,Calaveras,009,45235,377,373,0,373,21
2020-11-11,Colusa,011,21464,614,591,1,592,6
2020-11-11,Contra Costa,013,1133247,21470,20452,110,20562,255
2020-11-11,Del Norte,015,27424,230,203,0,203,2
2020-11-11,El Dorado,017,186661,1819,1564,8,1572,4
2020-11-11,Fresno,019,978130,37119,33287,808,34095,468
2020-11-11,Glenn,021,27897,790,722,16,738,3
2020-11-11,Humboldt,023,135768,696,623,1,624,9
2020-11-11,Imperial,025,180216,14226,13623,42,13665,340
2020-11-11,Inyo,027,18085,268,255,5,260,15
2020-11-11,Kern,029,883053,36712,35014,709,35723,449
2020-11-11,Kings,031,150075,9748,9263,99,9362,85
2020-11-11,Lake,033,64148,819,763,0,763,17
2020-11-11,Lassen,035,31185,1134,831,2,833,0
2020-11-11,Los Angeles,037,10098052,337973,324567,3940,328507,7220
2020-11-11,Madera,039,155013,5598,5248,79,5327,54
2020-11-11,Marin,041,260295,7424,7268,23,7291,133
2020-11-11,Mariposa,043,17540,92,84,0,84,2
2020-11-11,Mendocino,045,87422,1243,1142,3,1145,22
2020-11-11,Merced,047,269075,10466,10074,73,10147,157
2020-11-11,Modoc,049,8938,80,62,13,75,0
2020-11-11,Mono,051,14174,472,443,8,451,2
2020-11-11,Monterey,053,433212,13173,12417,142,12559,100
2020-11-11,Napa,055,140530,2599,2365,12,2377,15
2020-11-11,Nevada,057,99092,901,741,23,764,9
2020-11-11,Orange,059,3164182,67251,62929,2014,64943,1506
2020-11-11,Placer,061,380077,5522,4981,50,5031,60
2020-11-11,Plumas,063,18699,145,111,0,111,0
2020-11-11,Riverside,065,2383286,76680,72953,951,73904,1361
2020-11-11,Sacramento,067,1510023,30973,28968,52,29020,520
2020-11-11,San Benito,069,59416,1610,1512,1,1513,15
2020-11-11,San Bernardino,071,2135413,76335,70374,734,71108,1182
2020-11-11,San Diego,073,3302833,66835,61746,2122,63868,918
2020-11-11,San Francisco,075,870044,13884,13287,74,13361,146
2020-11-11,San Joaquin,077,732212,24032,23001,335,23336,509
2020-11-11,San Luis Obispo,079,281455,5349,4832,72,4904,33
2020-11-11,San Mateo,081,765935,12751,12008,9,12017,169
2020-11-11,Santa Barbara,083,443738,11236,10278,156,10434,134
2020-11-11,Santa Clara,085,1922200,29631,27075,54,27129,413
2020-11-11,Santa Cruz,087,273765,3562,3247,37,3284,25
2020-11-11,Shasta,089,179085,3813,2766,67,2833,36
2020-11-11,Sierra,091,2930,13,11,0,11,0
2020-11-11,Siskiyou,093,43540,342,261,17,278,0
2020-11-11,Solano,095,438530,8874,8353,43,8396,85
2020-11-11,Sonoma,097,501317,11059,10498,34,10532,150
2020-11-11,Stanislaus,099,539301,19430,18671,1006,19677,422
2020-11-11,Sutter,101,95872,2391,2049,6,2055,12
2020-11-11,Tehama,103,63373,1265,1105,5,1110,7
2020-11-11,Trinity,105,12862,166,62,20,82,0
2020-11-11,Tulare,107,460477,19465,18500,747,19247,305
2020-11-11,Tuolumne,109,53932,598,354,5,359,7
2020-11-11,Ventura,111,848112,17037,15801,470,16271,158
2020-11-11,Yolo,113,214977,3918,3606,10,3616,63
2020-11-11,Yuba,115,75493,1531,1400,7,1407,10
2020-11-10,Alameda,001,1643700,26253,25008,257,25265,424
2020-11-10,Alpine,003,1148,29,9,0,9,0
2020-11-10,Amador,005,37829,418,384,0,384,16
2020-11-10,Butte,007,227075,3552,3327,90,3417,58
2020-11-10,Calaveras,009,45235,372,367,0,367,21
2020-11-10,Colusa,011,21464,606,590,1,591,6
2020-11-10,Contra Costa,013,1133247,21263,20326,108,20434,255
2020-11-10,Del Norte,015,27424,224,196,0,196,2
2020-11-10,El Dorado,017,186661,1758,1551,8,1559,4
2020-11-10,Fresno,019,978130,36849,33024,770,33794,465
2020-11-10,Glenn,021,27897,782,719,12,731,3
2020-11-10,Humboldt,023,135768,679,610,1,611,9
2020-11-10,Imperial,025,180216,14097,13570,42,13612,338
2020-11-10,Inyo,027,18085,267,252,5,257,14
2020-11-10,Kern,029,883053,36435,34858,690,35548,448
2020-11-10,Kings,031,150075,9701,9236,92,9328,85
2020-11-10,Lake,033,64148,809,762,0,762,16
2020-11-10,Lassen,035,31185,1119,830,2,832,0
2020-11-10,Los Angeles,037,10098052,334722,322569,3825,326394,7205
2020-11-10,Madera,039,155013,5556,5229,73,5302,54
2020-11-10,Marin,041,260295,7405,7259,23,7282,133
2020-11-10,Mariposa,043,17540,90,84,0,84,2
2020-11-10,Mendocino,045,87422,1235,1137,3,1140,22
2020-11-10,Merced,047,269075,10404,9992,67,10059,157
2020-11-10,Modoc,049,8938,78,61,13,74,0
2020-11-10,Mono,051,14174,470,443,8,451,2
2020-11-10,Monterey,053,433212,13035,12335,134,12469,100
2020-11-10,Napa,055,140530,2561,2341,10,2351,15
2020-11-10,Nevada,057,99092,885,734,23,757,9
2020-11-10,Orange,059,3164182,66701,62597,2004,64601,1504
2020-11-10,Placer,061,380077,5442,4902,49,4951,60
2020-11-10,Plumas,063,18699,141,108,0,108,0
2020-11-10,Riverside,065,2383286,76038,72316,924,73240,1359
2020-11-10,Sacramento,067,1510023,30566,28677,49,28726,519
2020-11-10,San Benito,069,59416,1595,1508,1,1509,15
2020-11-10,San Bernardino,071,2135413,75164,69666,701,70367,1182
2020-11-10,San Diego,073,3302833,65944,61085,2085,63170,915
2020-11-10,San Francisco,075,870044,13767,13210,74,13284,146
2020-11-10,San Joaquin,077,732212,23867,22865,328,23193,508
2020-11-10,San Luis Obispo,079,281455,5285,4780,69,4849,33
2020-11-10,San Mateo,081,765935,12650,11939,9,11948,169
2020-11-10,Santa Barbara,083,443738,11169,10252,152,10404,134
2020-11-10,Santa Clara,085,1922200,29287,26917,53,26970,409
2020-11-10,Santa Cruz,087,273765,3498,3221,37,3258,25
2020-11-10,Shasta,089,179085,3671,2686,59,2745,36
2020-11-10,Sierra,091,2930,12,10,0,10,0
2020-11-10,Siskiyou,093,43540,326,263,16,279,0
2020-11-10,Solano,095,438530,8776,8299,43,8342,85
2020-11-10,Sonoma,097,501317,10972,10414,34,10448,150
2020-11-10,Stanislaus,099,539301,19296,18592,982,19574,420
2020-11-10,Sutter,101,95872,2296,2035,5,2040,12
2020-11-10,Tehama,103,63373,1239,1099,4,1103,7
2020-11-10,Trinity,105,12862,157,62,18,80,0
2020-11-10,Tulare,107,460477,19351,18430,723,19153,305
2020-11-10,Tuolumne,109,53932,550,353,5,358,7
2020-11-10,Ventura,111,848112,16854,15625,468,16093,158
2020-11-10,Yolo,113,214977,3857,3573,10,3583,63
2020-11-10,Yuba,115,75493,1508,1392,7,1399,10
2020-11-09,Alameda,001,1643700,26004,24899,253,25152,424
2020-11-09,Alpine,003,1148,27,6,0,6,0
2020-11-09,Amador,005,37829,409,380,0,380,16
2020-11-09,Butte,007,227075,3507,3301,81,3382,57
2020-11-09,Calaveras,009,45235,368,360,0,360,21
2020-11-09,Colusa,011,21464,600,583,1,584,6
2020-11-09,Contra Costa,013,1133247,21090,20193,106,20299,255
2020-11-09,Del Norte,015,27424,218,195,0,195,2
2020-11-09,El Dorado,017,186661,1717,1515,8,1523,4
2020-11-09,Fresno,019,978130,36538,32755,730,33485,465
2020-11-09,Glenn,021,27897,776,714,9,723,3
2020-11-09,Humboldt,023,135768,666,607,1,608,9
2020-11-09,Imperial,025,180216,13980,13508,40,13548,338
2020-11-09,Inyo,027,18085,267,252,5,257,14
2020-11-09,Kern,029,883053,36204,34764,654,35418,448
2020-11-09,Kings,031,150075,9631,9141,90,9231,84
2020-11-09,Lake,033,64148,800,755,0,755,16
2020-11-09,Lassen,035,31185,1023,799,2,801,0
2020-11-09,Los Angeles,037,10098052,331625,320370,3749,324119,7180
2020-11-09,Madera,039,155013,5510,5209,70,5279,54
2020-11-09,Marin,041,260295,7379,7237,22,7259,131
2020-11-09,Mariposa,043,17540,90,84,0,84,2
2020-11-09,Mendocino,045,87422,1223,1132,3,1135,22
2020-11-09,Merced,047,269075,10301,9922,64,9986,157
2020-11-09,Modoc,049,8938,74,54,12,66,0
2020-11-09,Mono,051,14174,467,352,8,360,2
2020-11-09,Monterey,053,433212,12888,12148,126,12274,98
2020-11-09,Napa,055,140530,2518,2309,10,2319,15
2020-11-09,Nevada,057,99092,848,729,22,751,9
2020-11-09,Orange,059,3164182,66060,62335,1992,64327,1501
2020-11-09,Placer,061,380077,5357,4843,37,4880,60
2020-11-09,Plumas,063,18699,134,102,0,102,0
2020-11-09,Riverside,065,2383286,75255,72059,890,72949,1346
2020-11-09,Sacramento,067,1510023,30094,28200,49,28249,516
2020-11-09,San Benito,069,59416,1586,1506,1,1507,15
2020-11-09,San Bernardino,071,2135413,74110,69015,659,69674,1182
2020-11-09,San Diego,073,3302833,65089,60572,2045,62617,908
2020-11-09,San Francisco,075,870044,13648,12984,71,13055,146
2020-11-09,San Joaquin,077,732212,23702,22512,323,22835,505
2020-11-09,San Luis Obispo,079,281455,5199,4746,67,4813,32
2020-11-09,San Mateo,081,765935,12543,11857,9,11866,169
2020-11-09,Santa Barbara,083,443738,11112,10214,146,10360,134
2020-11-09,Santa Clara,085,1922200,28892,26693,53,26746,409
2020-11-09,Santa Cruz,087,273765,3440,3194,37,3231,25
2020-11-09,Shasta,089,179085,3516,2581,50,2631,36
2020-11-09,Sierra,091,2930,10,10,0,10,0
2020-11-09,Siskiyou,093,43540,315,257,14,271,0
2020-11-09,Solano,095,438530,8660,8254,42,8296,85
2020-11-09,Sonoma,097,501317,10864,10310,34,10344,150
2020-11-09,Stanislaus,099,539301,19143,18482,965,19447,418
2020-11-09,Sutter,101,95872,2229,2010,4,2014,12
2020-11-09,Tehama,103,63373,1203,1071,3,1074,7
2020-11-09,Trinity,105,12862,150,46,18,64,0
2020-11-09,Tulare,107,460477,19231,18272,691,18963,304
2020-11-09,Tuolumne,109,53932,496,346,5,351,7
2020-11-09,Ventura,111,848112,16652,15568,465,16033,156
2020-11-09,Yolo,113,214977,3797,3522,9,3531,62
2020-11-09,Yuba,115,75493,1475,1380,7,1387,10
2020-11-08,Alameda,001,1643700,25775,24731,253,24984,424
2020-11-08,Alpine,003,1148,24,6,0,6,0
2020-11-08,Amador,005,37829,402,376,0,376,16
2020-11-08,Butte,007,227075,3469,3285,74,3359,57
2020-11-08,Calaveras,009,45235,366,360,0,360,21
2020-11-08,Colusa,011,21464,597,583,1,584,6
2020-11-08,Contra Costa,013,1133247,20920,20031,104,20135,254
2020-11-08,Del Norte,015,27424,210,195,0,195,2
2020-11-08,El Dorado,017,186661,1679,1502,8,1510,4
2020-11-08,Fresno,019,978130,36200,32619,692,33311,465
2020-11-08,Glenn,021,27897,770,707,8,715,3
2020-11-08,Humboldt,023,135768,650,605,1,606,9
2020-11-08,Imperial,025,180216,13864,13428,40,13468,338
2020-11-08,Inyo,027,18085,263,252,5,257,14
2020-11-08,Kern,029,883053,35985,34644,637,35281,448
2020-11-08,Kings,031,150075,9497,9026,87,9113,84
2020-11-08,Lake,033,64148,792,754,0,754,16
2020-11-08,Lassen,035,31185,875,799,2,801,0
2020-11-08,Los Angeles,037,10098052,328499,318960,3680,322640,7176
2020-11-08,Madera,039,155013,5441,5196,67,5263,54
2020-11-08,Marin,041,260295,7359,7227,22,7249,131
2020-11-08,Mariposa,043,17540,90,83,0,83,2
2020-11-08,Mendocino,045,87422,1214,1129,3,1132,22
2020-11-08,Merced,047,269075,10226,9885,62,9947,157
2020-11-08,Modoc,049,8938,70,54,12,66,0
2020-11-08,Mono,051,14174,461,352,8,360,2
2020-11-08,Monterey,053,433212,12743,12122,115,12237,98
2020-11-08,Napa,055,140530,2478,2274,10,2284,15
2020-11-08,Nevada,057,99092,832,715,22,737,9
2020-11-08,Orange,059,3164182,65471,62034,1978,64012,1501
2020-11-08,Placer,061,380077,5254,4800,32,4832,60
2020-11-08,Plumas,063,18699,129,102,0,102,0
2020-11-08,Riverside,065,2383286,74600,71442,848,72290,1345
2020-11-08,Sacramento,067,1510023,29534,28059,46,28105,515
2020-11-08,San Benito,069,59416,1571,1496,1,1497,15
2020-11-08,San Bernardino,071,2135413,72859,68412,620,69032,1182
2020-11-08,San Diego,073,3302833,64244,60199,2001,62200,908
2020-11-08,San Francisco,075,870044,13517,12985,66,13051,146
2020-11-08,San Joaquin,077,732212,23508,22514,319,22833,505
2020-11-08,San Luis Obispo,079,281455,5133,4698,62,4760,32
2020-11-08,San Mateo,081,765935,12424,11783,9,11792,169
2020-11-08,Santa Barbara,083,443738,11042,10180,144,10324,134
2020-11-08,Santa Clara,085,1922200,28518,26442,52,26494,410
2020-11-08,Santa Cruz,087,273765,3383,3134,37,3171,25
2020-11-08,Shasta,089,179085,3380,2582,44,2626,36
2020-11-08,Sierra,091,2930,10,7,0,7,0
2020-11-08,Siskiyou,093,43540,303,246,13,259,0
2020-11-08,Solano,095,438530,8539,8132,41,8173,85
2020-11-08,Sonoma,097,501317,10757,10229,34,10263,149
2020-11-08,Stanislaus,099,539301,18967,18413,944,19357,418
2020-11-08,Sutter,101,95872,2171,1980,4,1984,12
2020-11-08,Tehama,103,63373,1179,1054,3,1057,7
2020-11-08,Trinity,105,12862,147,46,17,63,0
2020-11-08,Tulare,107,460477,19088,18272,661,18933,304
2020-11-08,Tuolumne,109,53932,469,341,5,346,7
2020-11-08,Ventura,111,848112,16457,15504,457,15961,156
2020-11-08,Yolo,113,214977,3736,3492,9,3501,61
2020-11-08,Yuba,115,75493,1454,1369,7,1376,10
2020-11-07,Alameda,001,1643700,25665,24578,251,24829,424
2020-11-07,Alpine,003,1148,24,6,0,6,0
2020-11-07,Amador,005,37829,399,375,0,375,16
2020-11-07,Butte,007,227075,3457,3277,69,3346,57
2020-11-07,Calaveras,009,45235,364,360,0,360,21
2020-11-07,Colusa,011,21464,597,583,1,584,6
2020-11-07,Contra Costa,013,1133247,20819,19943,103,20046,254
2020-11-07,Del Norte,015,27424,206,194,0,194,2
2020-11-07,El Dorado,017,186661,1654,1495,7,1502,4
2020-11-07,Fresno,019,978130,36046,32497,669,33166,465
2020-11-07,Glenn,021,27897,762,707,8,715,3
2020-11-07,Humboldt,023,135768,639,590,1,591,9
2020-11-07,Imperial,025,180216,13806,13388,39,13427,338
2020-11-07,Inyo,027,18085,261,252,5,257,14
2020-11-07,Kern,029,883053,35830,34513,627,35140,448
2020-11-07,Kings,031,150075,9464,9005,81,9086,84
2020-11-07,Lake,033,64148,788,751,0,751,16
2020-11-07,Lassen,035,31185,859,799,2,801,0
2020-11-07,Los Angeles,037,10098052,326991,316756,3612,320368,7174
2020-11-07,Madera,039,155013,5419,5177,65,5242,54
2020-11-07,Marin,041,260295,7348,7215,22,7237,131
2020-11-07,Mariposa,043,17540,90,81,0,81,2
2020-11-07,Mendocino,045,87422,1204,1118,3,1121,22
2020-11-07,Merced,047,269075,10194,9855,58,9913,157
2020-11-07,Modoc,049,8938,70,51,12,63,0
2020-11-07,Mono,051,14174,458,352,8,360,2
2020-11-07,Monterey,053,433212,12674,12030,111,12141,98
2020-11-07,Napa,055,140530,2448,2260,9,2269,15
2020-11-07,Nevada,057,99092,815,710,22,732,9
2020-11-07,Orange,059,3164182,65185,62038,1972,64010,1505
2020-11-07,Placer,061,380077,5191,4745,32,4777,60
2020-11-07,Plumas,063,18699,127,94,0,94,0
2020-11-07,Riverside,065,2383286,74205,71153,820,71973,1345
2020-11-07,Sacramento,067,1510023,29283,27773,46,27819,515
2020-11-07,San Benito,069,59416,1559,1489,1,1490,15
2020-11-07,San Bernardino,071,2135413,72344,67935,609,68544,1182
2020-11-07,San Diego,073,3302833,63732,59682,1969,61651,909
2020-11-07,San Francisco,075,870044,13456,12980,65,13045,146
2020-11-07,San Joaquin,077,732212,23399,22517,313,22830,505
2020-11-07,San Luis Obispo,079,281455,5084,4668,59,4727,32
2020-11-07,San Mateo,081,765935,12361,11711,9,11720,169
2020-11-07,Santa Barbara,083,443738,11000,10157,142,10299,134
2020-11-07,Santa Clara,085,1922200,28313,26244,51,26295,410
2020-11-07,Santa Cruz,087,273765,3345,3130,37,3167,25
2020-11-07,Shasta,089,179085,3311,2547,42,2589,36
2020-11-07,Sierra,091,2930,10,7,0,7,0
2020-11-07,Siskiyou,093,43540,299,241,13,254,0
2020-11-07,Solano,095,438530,8487,8066,41,8107,85
2020-11-07,Sonoma,097,501317,10711,10200,34,10234,149
2020-11-07,Stanislaus,099,539301,18857,18386,928,19314,418
2020-11-07,Sutter,101,95872,2131,1973,4,1977,12
2020-11-07,Tehama,103,63373,1155,1043,3,1046,7
2020-11-07,Trinity,105,12862,147,42,16,58,0
2020-11-07,Tulare,107,460477,19032,18229,644,18873,304
2020-11-07,Tuolumne,109,53932,458,327,5,332,7
2020-11-07,Ventura,111,848112,16397,15364,452,15816,156
2020-11-07,Yolo,113,214977,3705,3486,9,3495,61
2020-11-07,Yuba,115,75493,1439,1349,7,1356,10
2020-11-06,Alameda,001,1643700,25533,24389,249,24638,420
2020-11-06,Alpine,003,1148,24,6,0,6,0
2020-11-06,Amador,005,37829,397,369,0,369,16
2020-11-06,Butte,007,227075,3432,3254,61,3315,57
2020-11-06,Calaveras,009,45235,363,359,0,359,21
2020-11-06,Colusa,011,21464,595,580,1,581,6
2020-11-06,Contra Costa,013,1133247,20670,19744,103,19847,252
2020-11-06,Del Norte,015,27424,203,194,0,194,2
2020-11-06,El Dorado,017,186661,1628,1475,7,1482,4
2020-11-06,Fresno,019,978130,35858,32278,652,32930,460
2020-11-06,Glenn,021,27897,756,707,7,714,3
2020-11-06,Humboldt,023,135768,636,587,1,588,9
2020-11-06,Imperial,025,180216,13753,13230,39,13269,338
2020-11-06,Inyo,027,18085,259,246,5,251,14
2020-11-06,Kern,029,883053,35665,34360,609,34969,443
2020-11-06,Kings,031,150075,9440,8883,79,8962,83
2020-11-06,Lake,033,64148,787,741,0,741,16
2020-11-06,Lassen,035,31185,851,794,2,796,0
2020-11-06,Los Angeles,037,10098052,325018,314356,3559,317915,7160
2020-11-06,Madera,039,155013,5403,5136,64,5200,54
2020-11-06,Marin,041,260295,7327,7184,22,7206,131
2020-11-06,Mariposa,043,17540,89,79,0,79,2
2020-11-06,Mendocino,045,87422,1199,1113,3,1116,22
2020-11-06,Merced,047,269075,10154,9778,55,9833,157
2020-11-06,Modoc,049,8938,70,48,12,60,0
2020-11-06,Mono,051,14174,452,308,8,316,1
2020-11-06,Monterey,053,433212,12557,11914,110,12024,96
2020-11-06,Napa,055,140530,2423,2189,9,2198,15
2020-11-06,Nevada,057,99092,802,692,21,713,9
2020-11-06,Orange,059,3164182,64882,61049,1962,63011,1494
2020-11-06,Placer,061,380077,5118,4680,32,4712,60
2020-11-06,Plumas,063,18699,122,90,0,90,0
2020-11-06,Riverside,065,2383286,73755,70409,779,71188,1341
2020-11-06,Sacramento,067,1510023,28991,27489,44,27533,514
2020-11-06,San Benito,069,59416,1550,1479,1,1480,15
2020-11-06,San Bernardino,071,2135413,71748,66740,588,67328,1179
2020-11-06,San Diego,073,3302833,63208,59143,1937,61080,907
2020-11-06,San Francisco,075,870044,13386,12825,64,12889,146
2020-11-06,San Joaquin,077,732212,23314,22424,303,22727,502
2020-11-06,San Luis Obispo,079,281455,5019,4531,53,4584,32
2020-11-06,San Mateo,081,765935,12286,11587,9,11596,168
2020-11-06,Santa Barbara,083,443738,10964,10118,137,10255,133
2020-11-06,Santa Clara,085,1922200,28071,25831,51,25882,402
2020-11-06,Santa Cruz,087,273765,3308,3063,37,3100,25
2020-11-06,Shasta,089,179085,3238,2475,41,2516,35
2020-11-06,Sierra,091,2930,9,7,0,7,0
2020-11-06,Siskiyou,093,43540,286,237,12,249,0
2020-11-06,Solano,095,438530,8422,7959,41,8000,85
2020-11-06,Sonoma,097,501317,10661,10142,34,10176,149
2020-11-06,Stanislaus,099,539301,18769,18250,919,19169,417
2020-11-06,Sutter,101,95872,2104,1937,2,1939,12
2020-11-06,Tehama,103,63373,1134,1024,3,1027,6
2020-11-06,Trinity,105,12862,144,41,16,57,0
2020-11-06,Tulare,107,460477,18968,18136,619,18755,300
2020-11-06,Tuolumne,109,53932,437,316,5,321,5
2020-11-06,Ventura,111,848112,16311,15222,449,15671,154
2020-11-06,Yolo,113,214977,3676,3420,9,3429,62
2020-11-06,Yuba,115,75493,1426,1335,7,1342,10
2020-11-05,Alameda,001,1643700,25355,24270,249,24519,420
2020-11-05,Alpine,003,1148,24,6,0,6,0
2020-11-05,Amador,005,37829,394,363,0,363,16
2020-11-05,Butte,007,227075,3409,3239,55,3294,57
2020-11-05,Calaveras,009,45235,356,333,0,333,19
2020-11-05,Colusa,011,21464,591,574,1,575,6
2020-11-05,Contra Costa,013,1133247,20488,19656,101,19757,252
2020-11-05,Del Norte,015,27424,201,192,0,192,2
2020-11-05,El Dorado,017,186661,1604,1466,7,1473,4
2020-11-05,Fresno,019,978130,35615,32056,627,32683,460
2020-11-05,Glenn,021,27897,736,702,7,709,3
2020-11-05,Humboldt,023,135768,625,581,1,582,9
2020-11-05,Imperial,025,180216,13661,13178,37,13215,337
2020-11-05,Inyo,027,18085,259,247,5,252,14
2020-11-05,Kern,029,883053,35463,34232,595,34827,443
2020-11-05,Kings,031,150075,9285,8846,76,8922,83
2020-11-05,Lake,033,64148,783,739,0,739,16
2020-11-05,Lassen,035,31185,820,782,2,784,0
2020-11-05,Los Angeles,037,10098052,322662,312381,3506,315887,7146
2020-11-05,Madera,039,155013,5364,5129,61,5190,54
2020-11-05,Marin,041,260295,7305,7171,22,7193,131
2020-11-05,Mariposa,043,17540,88,79,0,79,2
2020-11-05,Mendocino,045,87422,1187,1112,3,1115,22
2020-11-05,Merced,047,269075,10095,9753,50,9803,155
2020-11-05,Modoc,049,8938,69,47,11,58,0
2020-11-05,Mono,051,14174,450,307,8,315,1
2020-11-05,Monterey,053,433212,12449,11784,106,11890,96
2020-11-05,Napa,055,140530,2396,2158,9,2167,15
2020-11-05,Nevada,057,99092,780,687,20,707,9
2020-11-05,Orange,059,3164182,64435,60740,1952,62692,1484
2020-11-05,Placer,061,380077,5049,4627,27,4654,60
2020-11-05,Plumas,063,18699,114,90,0,90,0
2020-11-05,Riverside,065,2383286,73044,70094,721,70815,1338
2020-11-05,Sacramento,067,1510023,28610,27232,43,27275,512
2020-11-05,San Benito,069,59416,1535,1477,1,1478,15
2020-11-05,San Bernardino,071,2135413,70921,66407,575,66982,1174
2020-11-05,San Diego,073,3302833,62582,58659,1911,60570,904
2020-11-05,San Francisco,075,870044,13274,12726,63,12789,146
2020-11-05,San Joaquin,077,732212,23150,22318,299,22617,502
2020-11-05,San Luis Obispo,079,281455,4952,4459,51,4510,32
2020-11-05,San Mateo,081,765935,12192,11535,9,11544,168
2020-11-05,Santa Barbara,083,443738,10919,10080,134,10214,133
2020-11-05,Santa Clara,085,1922200,27803,25651,51,25702,402
2020-11-05,Santa Cruz,087,273765,3270,3023,37,3060,25
2020-11-05,Shasta,089,179085,3148,2401,40,2441,34
2020-11-05,Sierra,091,2930,9,6,0,6,0
2020-11-05,Siskiyou,093,43540,275,228,12,240,0
2020-11-05,Solano,095,438530,8339,7842,41,7883,85
2020-11-05,Sonoma,097,501317,10549,10064,33,10097,145
2020-11-05,Stanislaus,099,539301,18655,18194,906,19100,417
2020-11-05,Sutter,101,95872,2072,1925,2,1927,12
2020-11-05,Tehama,103,63373,1112,1015,2,1017,6
2020-11-05,Trinity,105,12862,128,41,15,56,0
2020-11-05,Tulare,107,460477,18880,18049,591,18640,301
2020-11-05,Tuolumne,109,53932,408,312,5,317,5
2020-11-05,Ventura,111,848112,16145,15113,438,15551,155
2020-11-05,Yolo,113,214977,3626,3391,9,3400,61
2020-11-05,Yuba,115,75493,1408,1322,7,1329,10
2020-11-04,Alameda,001,1643700,25178,24172,247,24419,418
2020-11-04,Alpine,003,1148,20,5,0,5,0
2020-11-04,Amador,005,37829,391,362,0,362,16
2020-11-04,Butte,007,227075,3383,3218,52,3270,57
2020-11-04,Calaveras,009,45235,353,290,0,290,19
2020-11-04,Colusa,011,21464,589,571,1,572,6
2020-11-04,Contra Costa,013,1133247,20321,19472,98,19570,251
2020-11-04,Del Norte,015,27424,197,188,0,188,2
2020-11-04,El Dorado,017,186661,1589,1448,4,1452,4
2020-11-04,Fresno,019,978130,35381,31952,599,32551,457
2020-11-04,Glenn,021,27897,732,701,6,707,3
2020-11-04,Humboldt,023,135768,616,571,1,572,9
2020-11-04,Imperial,025,180216,13563,13087,37,13124,335
2020-11-04,Inyo,027,18085,258,247,5,252,14
2020-11-04,Kern,029,883053,35308,34027,584,34611,439
2020-11-04,Kings,031,150075,9251,8817,74,8891,83
2020-11-04,Lake,033,64148,776,735,0,735,16
2020-11-04,Lassen,035,31185,815,781,2,783,0
2020-11-04,Los Angeles,037,10098052,320352,310456,3426,313882,7124
2020-11-04,Madera,039,155013,5344,5083,57,5140,54
2020-11-04,Marin,041,260295,7293,7157,22,7179,131
2020-11-04,Mariposa,043,17540,88,79,0,79,2
2020-11-04,Mendocino,045,87422,1169,1089,3,1092,22
2020-11-04,Merced,047,269075,10045,9717,48,9765,153
2020-11-04,Modoc,049,8938,59,47,11,58,0
2020-11-04,Mono,051,14174,447,237,7,244,1
2020-11-04,Monterey,053,433212,12244,11743,100,11843,96
2020-11-04,Napa,055,140530,2342,2133,9,2142,15
2020-11-04,Nevada,057,99092,761,675,20,695,9
2020-11-04,Orange,059,3164182,64001,60463,1929,62392,1483
2020-11-04,Placer,061,380077,4970,4526,24,4550,60
2020-11-04,Plumas,063,18699,112,88,0,88,0
2020-11-04,Riverside,065,2383286,72427,69562,662,70224,1335
2020-11-04,Sacramento,067,1510023,28259,27005,42,27047,510
2020-11-04,San Benito,069,59416,1520,1464,1,1465,15
2020-11-04,San Bernardino,071,2135413,70124,65891,552,66443,1169
2020-11-04,San Diego,073,3302833,61936,58126,1885,60011,904
2020-11-04,San Francisco,075,870044,13190,12649,60,12709,146
2020-11-04,San Joaquin,077,732212,23013,22197,286,22483,500
2020-11-04,San Luis Obispo,079,281455,4885,4389,49,4438,32
2020-11-04,San Mateo,081,765935,12097,11456,9,11465,168
2020-11-04,Santa Barbara,083,443738,10880,10026,133,10159,132
2020-11-04,Santa Clara,085,1922200,27540,25487,51,25538,393
2020-11-04,Santa Cruz,087,273765,3233,2997,37,3034,25
2020-11-04,Shasta,089,179085,3017,2321,35,2356,34
2020-11-04,Sierra,091,2930,9,6,0,6,0
2020-11-04,Siskiyou,093,43540,266,222,12,234,0
2020-11-04,Solano,095,438530,8240,7733,41,7774,85
2020-11-04,Sonoma,097,501317,10455,9965,33,9998,142
2020-11-04,Stanislaus,099,539301,18538,18114,891,19005,416
2020-11-04,Sutter,101,95872,2038,1916,2,1918,12
2020-11-04,Tehama,103,63373,1088,997,2,999,6
2020-11-04,Trinity,105,12862,124,37,15,52,0
2020-11-04,Tulare,107,460477,18771,17952,563,18515,298
2020-11-04,Tuolumne,109,53932,386,310,5,315,5
2020-11-04,Ventura,111,848112,16004,14936,435,15371,155
2020-11-04,Yolo,113,214977,3585,3361,9,3370,62
2020-11-04,Yuba,115,75493,1387,1312,7,1319,10
2020-11-03,Alameda,001,1643700,24994,24055,245,24300,418
2020-11-03,Alpine,003,1148,19,4,0,4,0
2020-11-03,Amador,005,37829,386,361,0,361,16
2020-11-03,Butte,007,227075,3359,3211,47,3258,57
2020-11-03,Calaveras,009,45235,349,287,0,287,19
2020-11-03,Colusa,011,21464,584,572,1,573,6
2020-11-03,Contra Costa,013,1133247,20166,19416,98,19514,250
2020-11-03,Del Norte,015,27424,196,187,0,187,2
2020-11-03,El Dorado,017,186661,1567,1445,3,1448,4
2020-11-03,Fresno,019,978130,35110,31856,576,32432,457
2020-11-03,Glenn,021,27897,726,698,6,704,3
2020-11-03,Humboldt,023,135768,610,570,1,571,8
2020-11-03,Imperial,025,180216,13474,13044,36,13080,335
2020-11-03,Inyo,027,18085,257,244,5,249,14
2020-11-03,Kern,029,883053,35117,33957,573,34530,439
2020-11-03,Kings,031,150075,9088,8783,69,8852,83
2020-11-03,Lake,033,64148,766,732,0,732,16
2020-11-03,Lassen,035,31185,806,782,2,784,0
2020-11-03,Los Angeles,037,10098052,317896,308812,3357,312169,7104
2020-11-03,Madera,039,155013,5307,5058,56,5114,54
2020-11-03,Marin,041,260295,7273,7147,21,7168,131
2020-11-03,Mariposa,043,17540,87,79,0,79,2
2020-11-03,Mendocino,045,87422,1154,1084,3,1087,22
2020-11-03,Merced,047,269075,9992,9713,47,9760,153
2020-11-03,Modoc,049,8938,57,47,9,56,0
2020-11-03,Mono,051,14174,443,210,7,217,1
2020-11-03,Monterey,053,433212,12175,11703,93,11796,94
2020-11-03,Napa,055,140530,2306,2130,9,2139,15
2020-11-03,Nevada,057,99092,741,670,19,689,9
2020-11-03,Orange,059,3164182,63573,60283,1918,62201,1477
2020-11-03,Placer,061,380077,4896,4514,24,4538,60
2020-11-03,Plumas,063,18699,109,86,0,86,0
2020-11-03,Riverside,065,2383286,71808,69300,637,69937,1325
2020-11-03,Sacramento,067,1510023,27879,26841,41,26882,510
2020-11-03,San Benito,069,59416,1510,1463,1,1464,15
2020-11-03,San Bernardino,071,2135413,69313,65320,544,65864,1159
2020-11-03,San Diego,073,3302833,61260,57722,1841,59563,901
2020-11-03,San Francisco,075,870044,13067,12585,60,12645,146
2020-11-03,San Joaquin,077,732212,22878,22109,280,22389,500
2020-11-03,San Luis Obispo,079,281455,4803,4371,47,4418,32
2020-11-03,San Mateo,081,765935,12002,11406,9,11415,162
2020-11-03,Santa Barbara,083,443738,10826,10008,128,10136,132
2020-11-03,Santa Clara,085,1922200,27268,25386,50,25436,393
2020-11-03,Santa Cruz,087,273765,3183,2980,36,3016,25
2020-11-03,Shasta,089,179085,2922,2288,28,2316,33
2020-11-03,Sierra,091,2930,7,6,0,6,0
2020-11-03,Siskiyou,093,43540,262,219,11,230,0
2020-11-03,Solano,095,438530,8157,7691,41,7732,85
2020-11-03,Sonoma,097,501317,10353,9906,33,9939,142
2020-11-03,Stanislaus,099,539301,18417,18080,880,18960,416
2020-11-03,Sutter,101,95872,2005,1914,2,1916,12
2020-11-03,Tehama,103,63373,1067,988,2,990,6
2020-11-03,Trinity,105,12862,117,36,14,50,0
2020-11-03,Tulare,107,460477,18665,17890,538,18428,297
2020-11-03,Tuolumne,109,53932,363,302,5,307,5
2020-11-03,Ventura,111,848112,15877,14816,428,15244,155
2020-11-03,Yolo,113,214977,3534,3343,9,3352,61
2020-11-03,Yuba,115,75493,1374,1295,7,1302,10
2020-11-02,Alameda,001,1643700,24798,23991,242,24233,419
2020-11-02,Alpine,003,1148,16,4,0,4,0
2020-11-02,Amador,005,37829,378,357,0,357,16
2020-11-02,Butte,007,227075,3339,3198,44,3242,57
2020-11-02,Calaveras,009,45235,349,282,0,282,18
2020-11-02,Colusa,011,21464,579,571,1,572,6
2020-11-02,Contra Costa,013,1133247,20012,19339,97,19436,250
2020-11-02,Del Norte,015,27424,193,175,0,175,2
2020-11-02,El Dorado,017,186661,1543,1405,3,1408,4
2020-11-02,Fresno,019,978130,34840,31738,559,32297,451
2020-11-02,Glenn,021,27897,720,692,5,697,3
2020-11-02,Humboldt,023,135768,601,569,1,570,8
2020-11-02,Imperial,025,180216,13394,13004,35,13039,334
2020-11-02,Inyo,027,18085,254,243,5,248,14
2020-11-02,Kern,029,883053,34959,33834,563,34397,437
2020-11-02,Kings,031,150075,9058,8654,66,8720,82
2020-11-02,Lake,033,64148,760,728,0,728,17
2020-11-02,Lassen,035,31185,798,782,2,784,0
2020-11-02,Los Angeles,037,10098052,315551,307620,3279,310899,7079
2020-11-02,Madera,039,155013,5277,5033,55,5088,54
2020-11-02,Marin,041,260295,7255,7132,20,7152,125
2020-11-02,Mariposa,043,17540,87,79,0,79,2
2020-11-02,Mendocino,045,87422,1140,1076,3,1079,21
2020-11-02,Merced,047,269075,9930,9664,41,9705,152
2020-11-02,Modoc,049,8938,54,45,5,50,0
2020-11-02,Mono,051,14174,441,211,7,218,1
2020-11-02,Monterey,053,433212,12068,11602,90,11692,93
2020-11-02,Napa,055,140530,2264,2081,9,2090,15
2020-11-02,Nevada,057,99092,725,656,19,675,9
2020-11-02,Orange,059,3164182,63167,59996,1902,61898,1474
2020-11-02,Placer,061,380077,4828,4461,22,4483,60
2020-11-02,Plumas,063,18699,101,86,0,86,0
2020-11-02,Riverside,065,2383286,71177,68833,596,69429,1321
2020-11-02,Sacramento,067,1510023,27537,26676,39,26715,508
2020-11-02,San Benito,069,59416,1498,1459,1,1460,15
2020-11-02,San Bernardino,071,2135413,68459,64629,533,65162,1157
2020-11-02,San Diego,073,3302833,60537,57429,1796,59225,891
2020-11-02,San Francisco,075,870044,12970,12436,59,12495,145
2020-11-02,San Joaquin,077,732212,22738,21919,272,22191,500
2020-11-02,San Luis Obispo,079,281455,4703,4303,44,4347,31
2020-11-02,San Mateo,081,765935,11893,11328,9,11337,161
2020-11-02,Santa Barbara,083,443738,10785,9985,123,10108,130
2020-11-02,Santa Clara,085,1922200,26978,25222,50,25272,387
2020-11-02,Santa Cruz,087,273765,3141,2943,36,2979,25
2020-11-02,Shasta,089,179085,2817,2174,24,2198,33
2020-11-02,Sierra,091,2930,7,6,0,6,0
2020-11-02,Siskiyou,093,43540,252,216,11,227,0
2020-11-02,Solano,095,438530,8039,7665,41,7706,84
2020-11-02,Sonoma,097,501317,10270,9796,32,9828,140
2020-11-02,Stanislaus,099,539301,18321,18005,871,18876,412
2020-11-02,Sutter,101,95872,1981,1895,2,1897,12
2020-11-02,Tehama,103,63373,1044,971,2,973,6
2020-11-02,Trinity,105,12862,111,30,14,44,0
2020-11-02,Tulare,107,460477,18572,17774,518,18292,299
2020-11-02,Tuolumne,109,53932,343,302,5,307,5
2020-11-02,Ventura,111,848112,15736,14767,414,15181,156
2020-11-02,Yolo,113,214977,3485,3318,9,3327,61
2020-11-02,Yuba,115,75493,1361,1280,7,1287,10
2020-11-01,Alameda,001,1643700,24635,23892,240,24132,419
2020-11-01,Alpine,003,1148,10,4,0,4,0
2020-11-01,Amador,005,37829,375,352,0,352,16
2020-11-01,Butte,007,227075,3315,3185,43,3228,57
2020-11-01,Calaveras,009,45235,348,282,0,282,18
2020-11-01,Colusa,011,21464,577,567,1,568,6
2020-11-01,Contra Costa,013,1133247,19838,19246,96,19342,250
2020-11-01,Del Norte,015,27424,189,175,0,175,2
2020-11-01,El Dorado,017,186661,1527,1394,3,1397,4
2020-11-01,Fresno,019,978130,34582,31613,539,32152,451
2020-11-01,Glenn,021,27897,711,688,3,691,3
2020-11-01,Humboldt,023,135768,593,568,1,569,8
2020-11-01,Imperial,025,180216,13303,12969,33,13002,334
2020-11-01,Inyo,027,18085,252,241,5,246,14
2020-11-01,Kern,029,883053,34778,33760,468,34228,437
2020-11-01,Kings,031,150075,9020,8641,65,8706,82
2020-11-01,Lake,033,64148,754,727,0,727,17
2020-11-01,Lassen,035,31185,798,782,2,784,0
2020-11-01,Los Angeles,037,10098052,312983,306217,3186,309403,7077
2020-11-01,Madera,039,155013,5229,5019,53,5072,54
2020-11-01,Marin,041,260295,7238,7124,20,7144,125
2020-11-01,Mariposa,043,17540,83,79,0,79,2
2020-11-01,Mendocino,045,87422,1127,1074,3,1077,21
2020-11-01,Merced,047,269075,9869,9626,41,9667,152
2020-11-01,Modoc,049,8938,53,45,5,50,0
2020-11-01,Mono,051,14174,412,211,6,217,1
2020-11-01,Monterey,053,433212,11960,11587,87,11674,93
2020-11-01,Napa,055,140530,2230,2067,9,2076,15
2020-11-01,Nevada,057,99092,709,646,18,664,9
2020-11-01,Orange,059,3164182,62765,59733,1875,61608,1475
2020-11-01,Placer,061,380077,4762,4422,21,4443,58
2020-11-01,Plumas,063,18699,96,86,0,86,0
2020-11-01,Riverside,065,2383286,70547,68493,560,69053,1319
2020-11-01,Sacramento,067,1510023,27216,26442,39,26481,508
2020-11-01,San Benito,069,59416,1483,1451,1,1452,15
2020-11-01,San Bernardino,071,2135413,67616,64339,512,64851,1157
2020-11-01,San Diego,073,3302833,59849,57122,1756,58878,891
2020-11-01,San Francisco,075,870044,12847,12436,54,12490,145
2020-11-01,San Joaquin,077,732212,22610,21919,266,22185,500
2020-11-01,San Luis Obispo,079,281455,4623,4303,43,4346,31
2020-11-01,San Mateo,081,765935,11812,11280,9,11289,160
2020-11-01,Santa Barbara,083,443738,10734,9969,107,10076,130
2020-11-01,Santa Clara,085,1922200,26698,25090,50,25140,386
2020-11-01,Santa Cruz,087,273765,3088,2921,36,2957,25
2020-11-01,Shasta,089,179085,2682,2172,23,2195,33
2020-11-01,Sierra,091,2930,7,6,0,6,0
2020-11-01,Siskiyou,093,43540,247,205,11,216,0
2020-11-01,Solano,095,438530,7949,7591,41,7632,84
2020-11-01,Sonoma,097,501317,10178,9688,32,9720,140
2020-11-01,Stanislaus,099,539301,18220,17961,851,18812,412
2020-11-01,Sutter,101,95872,1955,1888,1,1889,12
2020-11-01,Tehama,103,63373,1027,965,2,967,5
2020-11-01,Trinity,105,12862,109,30,13,43,0
2020-11-01,Tulare,107,460477,18460,17774,487,18261,299
2020-11-01,Tuolumne,109,53932,321,295,5,300,5
2020-11-01,Ventura,111,848112,15587,14686,383,15069,156
2020-11-01,Yolo,113,214977,3437,3303,9,3312,60
2020-11-01,Yuba,115,75493,1344,1273,7,1280,10
2020-10-31,Alameda,001,1643700,24520,23780,236,24016,416
2020-10-31,Alpine,003,1148,10,4,0,4,0
2020-10-31,Amador,005,37829,371,347,0,347,16
2020-10-31,Butte,007,227075,3302,3172,41,3213,57
2020-10-31,Calaveras,009,45235,348,280,0,280,18
2020-10-31,Colusa,011,21464,575,555,1,556,6
2020-10-31,Contra Costa,013,1133247,19732,19161,96,19257,249
2020-10-31,Del Norte,015,27424,188,175,0,175,2
2020-10-31,El Dorado,017,186661,1518,1390,3,1393,4
2020-10-31,Fresno,019,978130,34446,31558,536,32094,451
2020-10-31,Glenn,021,27897,709,678,3,681,3
2020-10-31,Humboldt,023,135768,590,561,1,562,8
2020-10-31,Imperial,025,180216,13261,12912,33,12945,334
2020-10-31,Inyo,027,18085,251,241,5,246,14
2020-10-31,Kern,029,883053,34675,33666,458,34124,437
2020-10-31,Kings,031,150075,8999,8612,64,8676,82
2020-10-31,Lake,033,64148,750,724,0,724,16
2020-10-31,Lassen,035,31185,793,782,2,784,0
2020-10-31,Los Angeles,037,10098052,311611,304704,3142,307846,7073
2020-10-31,Madera,039,155013,5211,5013,50,5063,54
2020-10-31,Marin,041,260295,7222,7112,20,7132,125
2020-10-31,Mariposa,043,17540,83,79,0,79,2
2020-10-31,Mendocino,045,87422,1119,1066,3,1069,21
2020-10-31,Merced,047,269075,9836,9597,40,9637,151
2020-10-31,Modoc,049,8938,52,34,4,38,0
2020-10-31,Mono,051,14174,263,194,5,199,1
2020-10-31,Monterey,053,433212,11892,11539,83,11622,93
2020-10-31,Napa,055,140530,2211,2040,9,2049,15
2020-10-31,Nevada,057,99092,691,644,18,662,9
2020-10-31,Orange,059,3164182,62506,59488,1857,61345,1473
2020-10-31,Placer,061,380077,4712,4374,20,4394,58
2020-10-31,Plumas,063,18699,95,85,0,85,0
2020-10-31,Riverside,065,2383286,70190,68178,537,68715,1319
2020-10-31,Sacramento,067,1510023,27017,26316,37,26353,507
2020-10-31,San Benito,069,59416,1476,1448,1,1449,15
2020-10-31,San Bernardino,071,2135413,67191,64016,502,64518,1157
2020-10-31,San Diego,073,3302833,59396,56769,1728,58497,891
2020-10-31,San Francisco,075,870044,12773,12438,53,12491,145
2020-10-31,San Joaquin,077,732212,22535,21918,257,22175,500
2020-10-31,San Luis Obispo,079,281455,4554,4285,40,4325,31
2020-10-31,San Mateo,081,765935,11760,11253,9,11262,160
2020-10-31,Santa Barbara,083,443738,10706,9957,99,10056,130
2020-10-31,Santa Clara,085,1922200,26530,24957,50,25007,379
2020-10-31,Santa Cruz,087,273765,3053,2895,35,2930,25
2020-10-31,Shasta,089,179085,2632,2122,22,2144,33
2020-10-31,Sierra,091,2930,7,6,0,6,0
2020-10-31,Siskiyou,093,43540,245,200,11,211,0
2020-10-31,Solano,095,438530,7885,7545,41,7586,84
2020-10-31,Sonoma,097,501317,10125,9648,32,9680,140
2020-10-31,Stanislaus,099,539301,18157,17920,835,18755,412
2020-10-31,Sutter,101,95872,1946,1876,1,1877,12
2020-10-31,Tehama,103,63373,1017,953,2,955,5
2020-10-31,Trinity,105,12862,106,30,13,43,0
2020-10-31,Tulare,107,460477,18411,17758,479,18237,299
2020-10-31,Tuolumne,109,53932,314,290,5,295,5
2020-10-31,Ventura,111,848112,15503,14635,365,15000,155
2020-10-31,Yolo,113,214977,3402,3290,9,3299,60
2020-10-31,Yuba,115,75493,1328,1260,6,1266,10
2020-10-30,Alameda,001,1643700,24440,23676,234,23910,401
2020-10-30,Alpine,003,1148,10,4,0,4,0
2020-10-30,Amador,005,37829,371,344,0,344,16
2020-10-30,Butte,007,227075,3297,3160,41,3201,57
2020-10-30,Calaveras,009,45235,347,279,0,279,18
2020-10-30,Colusa,011,21464,573,554,1,555,6
2020-10-30,Contra Costa,013,1133247,19660,19074,96,19170,249
2020-10-30,Del Norte,015,27424,187,175,0,175,2
2020-10-30,El Dorado,017,186661,1505,1386,3,1389,4
2020-10-30,Fresno,019,978130,34324,31409,527,31936,446
2020-10-30,Glenn,021,27897,703,674,2,676,3
2020-10-30,Humboldt,023,135768,589,561,1,562,7
2020-10-30,Imperial,025,180216,13220,12853,33,12886,334
2020-10-30,Inyo,027,18085,250,241,5,246,14
2020-10-30,Kern,029,883053,34582,33583,457,34040,437
2020-10-30,Kings,031,150075,8989,8564,62,8626,82
2020-10-30,Lake,033,64148,750,720,0,720,16
2020-10-30,Lassen,035,31185,787,777,2,779,0
2020-10-30,Los Angeles,037,10098052,310175,303425,3107,306532,7060
2020-10-30,Madera,039,155013,5199,4991,48,5039,54
2020-10-30,Marin,041,260295,7202,7097,20,7117,125
2020-10-30,Mariposa,043,17540,83,78,0,78,2
2020-10-30,Mendocino,045,87422,1117,1062,3,1065,21
2020-10-30,Merced,047,269075,9804,9539,40,9579,150
2020-10-30,Modoc,049,8938,51,34,3,37,0
2020-10-30,Mono,051,14174,262,193,5,198,1
2020-10-30,Monterey,053,433212,11829,11491,78,11569,92
2020-10-30,Napa,055,140530,2193,2028,9,2037,15
2020-10-30,Nevada,057,99092,685,634,18,652,9
2020-10-30,Orange,059,3164182,62264,59334,1845,61179,1469
2020-10-30,Placer,061,380077,4665,4335,20,4355,58
2020-10-30,Plumas,063,18699,92,80,0,80,0
2020-10-30,Riverside,065,2383286,69850,67752,517,68269,1317
2020-10-30,Sacramento,067,1510023,26869,26147,37,26184,505
2020-10-30,San Benito,069,59416,1470,1440,1,1441,15
2020-10-30,San Bernardino,071,2135413,66776,63512,499,64011,1156
2020-10-30,San Diego,073,3302833,58991,56387,1706,58093,888
2020-10-30,San Francisco,075,870044,12718,12384,53,12437,145
2020-10-30,San Joaquin,077,732212,22468,21849,251,22100,500
2020-10-30,San Luis Obispo,079,281455,4511,4256,40,4296,31
2020-10-30,San Mateo,081,765935,11701,11207,9,11216,159
2020-10-30,Santa Barbara,083,443738,10683,9937,99,10036,128
2020-10-30,Santa Clara,085,1922200,26381,24811,50,24861,378
2020-10-30,Santa Cruz,087,273765,3035,2874,35,2909,25
2020-10-30,Shasta,089,179085,2588,2048,21,2069,32
2020-10-30,Sierra,091,2930,7,6,0,6,0
2020-10-30,Siskiyou,093,43540,245,192,11,203,0
2020-10-30,Solano,095,438530,7824,7497,41,7538,84
2020-10-30,Sonoma,097,501317,10050,9602,32,9634,140
2020-10-30,Stanislaus,099,539301,18109,17861,819,18680,410
2020-10-30,Sutter,101,95872,1933,1860,1,1861,12
2020-10-30,Tehama,103,63373,1013,932,2,934,5
2020-10-30,Trinity,105,12862,106,29,13,42,0
2020-10-30,Tulare,107,460477,18366,17682,464,18146,299
2020-10-30,Tuolumne,109,53932,307,286,5,291,4
2020-10-30,Ventura,111,848112,15430,14578,353,14931,154
2020-10-30,Yolo,113,214977,3385,3263,9,3272,60
2020-10-30,Yuba,115,75493,1320,1256,6,1262,10
2020-10-29,Alameda,001,1643700,24276,23530,233,23763,401
2020-10-29,Alpine,003,1148,7,4,0,4,0
2020-10-29,Amador,005,37829,367,338,0,338,16
2020-10-29,Butte,007,227075,3279,3143,40,3183,57
2020-10-29,Calaveras,009,45235,345,278,0,278,13
2020-10-29,Colusa,011,21464,569,552,1,553,6
2020-10-29,Contra Costa,013,1133247,19561,18933,95,19028,249
2020-10-29,Del Norte,015,27424,185,174,0,174,2
2020-10-29,El Dorado,017,186661,1483,1370,3,1373,4
2020-10-29,Fresno,019,978130,34167,31321,520,31841,445
2020-10-29,Glenn,021,27897,701,673,2,675,3
2020-10-29,Humboldt,023,135768,584,559,1,560,7
2020-10-29,Imperial,025,180216,13176,12769,33,12802,334
2020-10-29,Inyo,027,18085,248,238,5,243,14
2020-10-29,Kern,029,883053,34480,33460,452,33912,437
2020-10-29,Kings,031,150075,8835,8502,61,8563,82
2020-10-29,Lake,033,64148,747,702,0,702,16
2020-10-29,Lassen,035,31185,786,772,2,774,0
2020-10-29,Los Angeles,037,10098052,308547,302246,3060,305306,7046
2020-10-29,Madera,039,155013,5169,4970,46,5016,53
2020-10-29,Marin,041,260295,7188,7083,20,7103,125
2020-10-29,Mariposa,043,17540,81,78,0,78,2
2020-10-29,Mendocino,045,87422,1111,1058,3,1061,21
2020-10-29,Merced,047,269075,9751,9496,40,9536,150
2020-10-29,Modoc,049,8938,49,31,3,34,0
2020-10-29,Mono,051,14174,255,176,5,181,1
2020-10-29,Monterey,053,433212,11748,11425,76,11501,92
2020-10-29,Napa,055,140530,2169,2009,9,2018,15
2020-10-29,Nevada,057,99092,678,632,18,650,9
2020-10-29,Orange,059,3164182,61996,59046,1825,60871,1464
2020-10-29,Placer,061,380077,4620,4270,18,4288,58
2020-10-29,Plumas,063,18699,90,69,0,69,0
2020-10-29,Riverside,065,2383286,69473,67268,487,67755,1304
2020-10-29,Sacramento,067,1510023,26657,25978,36,26014,507
2020-10-29,San Benito,069,59416,1465,1431,1,1432,15
2020-10-29,San Bernardino,071,2135413,66208,62968,489,63457,1150
2020-10-29,San Diego,073,3302833,58525,55916,1677,57593,885
2020-10-29,San Francisco,075,870044,12639,12312,53,12365,145
2020-10-29,San Joaquin,077,732212,22384,21736,239,21975,498
2020-10-29,San Luis Obispo,079,281455,4481,4223,38,4261,31
2020-10-29,San Mateo,081,765935,11655,11145,9,11154,157
2020-10-29,Santa Barbara,083,443738,10650,9902,97,9999,128
2020-10-29,Santa Clara,085,1922200,26229,24614,50,24664,377
2020-10-29,Santa Cruz,087,273765,3010,2850,35,2885,24
2020-10-29,Shasta,089,179085,2525,2008,21,2029,32
2020-10-29,Sierra,091,2930,6,6,0,6,0
2020-10-29,Siskiyou,093,43540,229,185,11,196,0
2020-10-29,Solano,095,438530,7762,7453,41,7494,78
2020-10-29,Sonoma,097,501317,9986,9533,32,9565,140
2020-10-29,Stanislaus,099,539301,18056,17790,798,18588,410
2020-10-29,Sutter,101,95872,1925,1852,1,1853,12
2020-10-29,Tehama,103,63373,995,925,2,927,5
2020-10-29,Trinity,105,12862,101,28,12,40,0
2020-10-29,Tulare,107,460477,18288,17627,445,18072,299
2020-10-29,Tuolumne,109,53932,302,279,5,284,4
2020-10-29,Ventura,111,848112,15339,14486,349,14835,154
2020-10-29,Yolo,113,214977,3356,3246,9,3255,60
2020-10-29,Yuba,115,75493,1309,1248,6,1254,10
2020-10-28,Alameda,001,1643700,24176,23468,232,23700,400
2020-10-28,Alpine,003,1148,6,4,0,4,0
2020-10-28,Amador,005,37829,364,337,0,337,16
2020-10-28,Butte,007,227075,3263,3134,37,3171,56
2020-10-28,Calaveras,009,45235,344,278,0,278,13
2020-10-28,Colusa,011,21464,566,551,1,552,6
2020-10-28,Contra Costa,013,1133247,19474,18828,94,18922,246
2020-10-28,Del Norte,015,27424,182,173,0,173,2
2020-10-28,El Dorado,017,186661,1471,1363,3,1366,4
2020-10-28,Fresno,019,978130,34046,31195,514,31709,444
2020-10-28,Glenn,021,27897,697,673,2,675,3
2020-10-28,Humboldt,023,135768,580,559,1,560,7
2020-10-28,Imperial,025,180216,13127,12730,33,12763,333
2020-10-28,Inyo,027,18085,248,238,5,243,14
2020-10-28,Kern,029,883053,34378,33424,433,33857,436
2020-10-28,Kings,031,150075,8813,8486,60,8546,82
2020-10-28,Lake,033,64148,744,700,0,700,15
2020-10-28,Lassen,035,31185,782,771,2,773,0
2020-10-28,Los Angeles,037,10098052,307088,300726,3018,303744,7031
2020-10-28,Madera,039,155013,5152,4954,45,4999,53
2020-10-28,Marin,041,260295,7177,7079,20,7099,126
2020-10-28,Mariposa,043,17540,81,78,0,78,2
2020-10-28,Mendocino,045,87422,1110,1037,3,1040,20
2020-10-28,Merced,047,269075,9725,9480,39,9519,150
2020-10-28,Modoc,049,8938,48,31,2,33,0
2020-10-28,Mono,051,14174,237,176,5,181,1
2020-10-28,Monterey,053,433212,11690,11330,74,11404,89
2020-10-28,Napa,055,140530,2143,1998,8,2006,15
2020-10-28,Nevada,057,99092,670,629,18,647,9
2020-10-28,Orange,059,3164182,61732,58801,1809,60610,1459
2020-10-28,Placer,061,380077,4564,4236,18,4254,57
2020-10-28,Plumas,063,18699,89,67,0,67,0
2020-10-28,Riverside,065,2383286,69075,67003,463,67466,1302
2020-10-28,Sacramento,067,1510023,26461,25838,35,25873,506
2020-10-28,San Benito,069,59416,1457,1429,1,1430,15
2020-10-28,San Bernardino,071,2135413,65748,62778,480,63258,1154
2020-10-28,San Diego,073,3302833,58142,55556,1648,57204,881
2020-10-28,San Francisco,075,870044,12581,12261,52,12313,145
2020-10-28,San Joaquin,077,732212,22300,21707,228,21935,498
2020-10-28,San Luis Obispo,079,281455,4440,4197,35,4232,31
2020-10-28,San Mateo,081,765935,11588,11101,9,11110,157
2020-10-28,Santa Barbara,083,443738,10626,9872,95,9967,127
2020-10-28,Santa Clara,085,1922200,26085,24503,50,24553,375
2020-10-28,Santa Cruz,087,273765,2979,2836,35,2871,24
2020-10-28,Shasta,089,179085,2445,1996,20,2016,31
2020-10-28,Sierra,091,2930,6,6,0,6,0
2020-10-28,Siskiyou,093,43540,226,182,10,192,0
2020-10-28,Solano,095,438530,7703,7362,41,7403,77
2020-10-28,Sonoma,097,501317,9896,9457,27,9484,140
2020-10-28,Stanislaus,099,539301,17991,17765,789,18554,409
2020-10-28,Sutter,101,95872,1916,1840,1,1841,12
2020-10-28,Tehama,103,63373,984,921,2,923,5
2020-10-28,Trinity,105,12862,94,28,11,39,0
2020-10-28,Tulare,107,460477,18231,17569,429,17998,297
2020-10-28,Tuolumne,109,53932,299,277,5,282,4
2020-10-28,Ventura,111,848112,15266,14409,340,14749,153
2020-10-28,Yolo,113,214977,3332,3230,9,3239,60
2020-10-28,Yuba,115,75493,1297,1245,6,1251,10
2020-10-27,Alameda,001,1643700,24062,23365,230,23595,400
2020-10-27,Alpine,003,1148,6,3,0,3,0
2020-10-27,Amador,005,37829,361,335,0,335,16
2020-10-27,Butte,007,227075,3247,3107,34,3141,56
2020-10-27,Calaveras,009,45235,342,277,0,277,13
2020-10-27,Colusa,011,21464,561,549,1,550,6
2020-10-27,Contra Costa,013,1133247,19369,18766,94,18860,246
2020-10-27,Del Norte,015,27424,179,173,0,173,2
2020-10-27,El Dorado,017,186661,1458,1351,3,1354,4
2020-10-27,Fresno,019,978130,33927,31096,509,31605,442
2020-10-27,Glenn,021,27897,695,667,1,668,3
2020-10-27,Humboldt,023,135768,577,559,1,560,7
2020-10-27,Imperial,025,180216,13078,12680,32,12712,333
2020-10-27,Inyo,027,18085,248,231,5,236,14
2020-10-27,Kern,029,883053,34261,33328,429,33757,436
2020-10-27,Kings,031,150075,8782,8411,60,8471,83
2020-10-27,Lake,033,64148,741,700,0,700,15
2020-10-27,Lassen,035,31185,780,764,2,766,0
2020-10-27,Los Angeles,037,10098052,305703,299438,2989,302427,7008
2020-10-27,Madera,039,155013,5122,4942,44,4986,53
2020-10-27,Marin,041,260295,7161,7070,20,7090,126
2020-10-27,Mariposa,043,17540,80,78,0,78,2
2020-10-27,Mendocino,045,87422,1104,1033,2,1035,20
2020-10-27,Merced,047,269075,9685,9449,39,9488,150
2020-10-27,Modoc,049,8938,46,31,2,33,0
2020-10-27,Mono,051,14174,223,169,5,174,1
2020-10-27,Monterey,053,433212,11634,11261,72,11333,88
2020-10-27,Napa,055,140530,2127,1979,8,1987,15
2020-10-27,Nevada,057,99092,664,622,18,640,8
2020-10-27,Orange,059,3164182,61461,58550,1793,60343,1448
2020-10-27,Placer,061,380077,4515,4197,16,4213,57
2020-10-27,Plumas,063,18699,86,63,0,63,0
2020-10-27,Riverside,065,2383286,68722,66699,418,67117,1299
2020-10-27,Sacramento,067,1510023,26274,25701,34,25735,501
2020-10-27,San Benito,069,59416,1452,1428,1,1429,15
2020-10-27,San Bernardino,071,2135413,65285,62357,467,62824,1154
2020-10-27,San Diego,073,3302833,57669,55226,1625,56851,877
2020-10-27,San Francisco,075,870044,12506,12218,51,12269,140
2020-10-27,San Joaquin,077,732212,22209,21637,219,21856,496
2020-10-27,San Luis Obispo,079,281455,4412,4148,31,4179,31
2020-10-27,San Mateo,081,765935,11539,11074,9,11083,156
2020-10-27,Santa Barbara,083,443738,10596,9874,94,9968,125
2020-10-27,Santa Clara,085,1922200,25943,24368,50,24418,367
2020-10-27,Santa Cruz,087,273765,2949,2815,34,2849,24
2020-10-27,Shasta,089,179085,2358,1962,20,1982,29
2020-10-27,Sierra,091,2930,6,6,0,6,0
2020-10-27,Siskiyou,093,43540,217,181,10,191,0
2020-10-27,Solano,095,438530,7634,7298,41,7339,77
2020-10-27,Sonoma,097,501317,9829,9389,27,9416,140
2020-10-27,Stanislaus,099,539301,17923,17720,782,18502,408
2020-10-27,Sutter,101,95872,1903,1832,1,1833,12
2020-10-27,Tehama,103,63373,970,913,2,915,5
2020-10-27,Trinity,105,12862,91,28,11,39,0
2020-10-27,Tulare,107,460477,18168,17520,406,17926,296
2020-10-27,Tuolumne,109,53932,295,275,5,280,4
2020-10-27,Ventura,111,848112,15183,14347,333,14680,153
2020-10-27,Yolo,113,214977,3318,3216,9,3225,58
2020-10-27,Yuba,115,75493,1284,1235,6,1241,10
2020-10-26,Alameda,001,1643700,23949,23284,229,23513,398
2020-10-26,Alpine,003,1148,4,3,0,3,0
2020-10-26,Amador,005,37829,357,331,0,331,16
2020-10-26,Butte,007,227075,3235,3095,32,3127,56
2020-10-26,Calaveras,009,45235,338,274,0,274,13
2020-10-26,Colusa,011,21464,559,548,1,549,6
2020-10-26,Contra Costa,013,1133247,19273,18718,93,18811,245
2020-10-26,Del Norte,015,27424,179,171,0,171,2
2020-10-26,El Dorado,017,186661,1444,1336,3,1339,4
2020-10-26,Fresno,019,978130,33813,30969,502,31471,441
2020-10-26,Glenn,021,27897,688,660,1,661,3
2020-10-26,Humboldt,023,135768,569,554,1,555,7
2020-10-26,Imperial,025,180216,13024,12654,29,12683,333
2020-10-26,Inyo,027,18085,248,226,5,231,14
2020-10-26,Kern,029,883053,34177,33233,424,33657,432
2020-10-26,Kings,031,150075,8760,8264,58,8322,82
2020-10-26,Lake,033,64148,739,697,0,697,15
2020-10-26,Lassen,035,31185,777,764,2,766,0
2020-10-26,Los Angeles,037,10098052,304275,297961,2947,300908,6979
2020-10-26,Madera,039,155013,5101,4922,43,4965,53
2020-10-26,Marin,041,260295,7155,7064,19,7083,104
2020-10-26,Mariposa,043,17540,80,77,0,77,2
2020-10-26,Mendocino,045,87422,1096,1026,2,1028,20
2020-10-26,Merced,047,269075,9638,9375,38,9413,150
2020-10-26,Modoc,049,8938,44,28,0,28,0
2020-10-26,Mono,051,14174,217,167,5,172,1
2020-10-26,Monterey,053,433212,11584,11207,68,11275,87
2020-10-26,Napa,055,140530,2095,1966,8,1974,14
2020-10-26,Nevada,057,99092,657,618,18,636,8
2020-10-26,Orange,059,3164182,61258,58377,1774,60151,1442
2020-10-26,Placer,061,380077,4473,4161,15,4176,57
2020-10-26,Plumas,063,18699,84,63,0,63,0
2020-10-26,Riverside,065,2383286,68270,66475,392,66867,1294
2020-10-26,Sacramento,067,1510023,26091,25555,32,25587,496
2020-10-26,San Benito,069,59416,1444,1424,1,1425,15
2020-10-26,San Bernardino,071,2135413,64814,61871,464,62335,1153
2020-10-26,San Diego,073,3302833,57276,54957,1587,56544,870
2020-10-26,San Francisco,075,870044,12446,12072,51,12123,138
2020-10-26,San Joaquin,077,732212,22126,21459,213,21672,495
2020-10-26,San Luis Obispo,079,281455,4387,4133,31,4164,31
2020-10-26,San Mateo,081,765935,11495,11037,9,11046,156
2020-10-26,Santa Barbara,083,443738,10572,9827,94,9921,122
2020-10-26,Santa Clara,085,1922200,25753,24258,49,24307,365
2020-10-26,Santa Cruz,087,273765,2923,2808,34,2842,24
2020-10-26,Shasta,089,179085,2305,1889,20,1909,29
2020-10-26,Sierra,091,2930,6,6,0,6,0
2020-10-26,Siskiyou,093,43540,209,179,10,189,0
2020-10-26,Solano,095,438530,7554,7271,41,7312,62
2020-10-26,Sonoma,097,501317,9749,9315,27,9342,140
2020-10-26,Stanislaus,099,539301,17873,17666,772,18438,400
2020-10-26,Sutter,101,95872,1895,1817,1,1818,12
2020-10-26,Tehama,103,63373,950,892,2,894,5
2020-10-26,Trinity,105,12862,90,26,11,37,0
2020-10-26,Tulare,107,460477,18091,17432,383,17815,296
2020-10-26,Tuolumne,109,53932,286,271,5,276,4
2020-10-26,Ventura,111,848112,15113,14330,330,14660,154
2020-10-26,Yolo,113,214977,3299,3206,9,3215,58
2020-10-26,Yuba,115,75493,1268,1226,6,1232,10
2020-10-25,Alameda,001,1643700,23843,23192,229,23421,398
2020-10-25,Alpine,003,1148,3,3,0,3,0
2020-10-25,Amador,005,37829,346,330,0,330,16
2020-10-25,Butte,007,227075,3216,3087,32,3119,56
2020-10-25,Calaveras,009,45235,337,274,0,274,13
2020-10-25,Colusa,011,21464,555,548,1,549,6
2020-10-25,Contra Costa,013,1133247,19172,18640,93,18733,245
2020-10-25,Del Norte,015,27424,175,171,0,171,2
2020-10-25,El Dorado,017,186661,1429,1328,3,1331,4
2020-10-25,Fresno,019,978130,33679,30858,489,31347,441
2020-10-25,Glenn,021,27897,685,652,1,653,3
2020-10-25,Humboldt,023,135768,566,554,1,555,7
2020-10-25,Imperial,025,180216,12974,12572,29,12601,333
2020-10-25,Inyo,027,18085,245,226,5,231,14
2020-10-25,Kern,029,883053,34070,33185,420,33605,432
2020-10-25,Kings,031,150075,8727,8246,56,8302,82
2020-10-25,Lake,033,64148,722,695,0,695,15
2020-10-25,Lassen,035,31185,774,764,2,766,0
2020-10-25,Los Angeles,037,10098052,302713,297110,2910,300020,6973
2020-10-25,Madera,039,155013,5071,4909,38,4947,53
2020-10-25,Marin,041,260295,7145,7052,19,7071,102
2020-10-25,Mariposa,043,17540,80,77,0,77,2
2020-10-25,Mendocino,045,87422,1089,1024,2,1026,20
2020-10-25,Merced,047,269075,9573,9352,36,9388,150
2020-10-25,Modoc,049,8938,39,28,0,28,0
2020-10-25,Mono,051,14174,209,167,5,172,1
2020-10-25,Monterey,053,433212,11501,11182,63,11245,87
2020-10-25,Napa,055,140530,2065,1962,8,1970,14
2020-10-25,Nevada,057,99092,649,616,18,634,8
2020-10-25,Orange,059,3164182,60970,58185,1765,59950,1443
2020-10-25,Placer,061,380077,4421,4140,15,4155,57
2020-10-25,Plumas,063,18699,84,63,0,63,0
2020-10-25,Riverside,065,2383286,67818,66192,376,66568,1289
2020-10-25,Sacramento,067,1510023,25875,25445,29,25474,496
2020-10-25,San Benito,069,59416,1437,1423,1,1424,15
2020-10-25,San Bernardino,071,2135413,64273,61551,452,62003,1153
2020-10-25,San Diego,073,3302833,56813,54599,1555,56154,870
2020-10-25,San Francisco,075,870044,12373,12072,51,12123,137
2020-10-25,San Joaquin,077,732212,22018,21459,205,21664,495
2020-10-25,San Luis Obispo,079,281455,4345,4126,29,4155,31
2020-10-25,San Mateo,081,765935,11450,10987,9,10996,156
2020-10-25,Santa Barbara,083,443738,10552,9814,94,9908,122
2020-10-25,Santa Clara,085,1922200,25565,24087,49,24136,365
2020-10-25,Santa Cruz,087,273765,2896,2789,34,2823,24
2020-10-25,Shasta,089,179085,2241,1889,20,1909,29
2020-10-25,Sierra,091,2930,6,6,0,6,0
2020-10-25,Siskiyou,093,43540,206,176,10,186,0
2020-10-25,Solano,095,438530,7476,7197,41,7238,60
2020-10-25,Sonoma,097,501317,9656,9235,26,9261,140
2020-10-25,Stanislaus,099,539301,17816,17641,762,18403,400
2020-10-25,Sutter,101,95872,1877,1811,1,1812,12
2020-10-25,Tehama,103,63373,933,880,2,882,5
2020-10-25,Trinity,105,12862,86,26,11,37,0
2020-10-25,Tulare,107,460477,18018,17431,373,17804,296
2020-10-25,Tuolumne,109,53932,281,271,5,276,4
2020-10-25,Ventura,111,848112,15020,14300,324,14624,154
2020-10-25,Yolo,113,214977,3278,3190,9,3199,58
2020-10-25,Yuba,115,75493,1260,1219,6,1225,10
2020-10-24,Alameda,001,1643700,23773,23099,226,23325,398
2020-10-24,Alpine,003,1148,3,3,0,3,0
2020-10-24,Amador,005,37829,345,328,0,328,16
2020-10-24,Butte,007,227075,3207,3078,32,3110,56
2020-10-24,Calaveras,009,45235,335,274,0,274,13
2020-10-24,Colusa,011,21464,550,548,1,549,6
2020-10-24,Contra Costa,013,1133247,19105,18567,93,18660,244
2020-10-24,Del Norte,015,27424,174,171,0,171,2
2020-10-24,El Dorado,017,186661,1413,1317,3,1320,4
2020-10-24,Fresno,019,978130,33618,30752,484,31236,441
2020-10-24,Glenn,021,27897,682,650,1,651,3
2020-10-24,Humboldt,023,135768,564,553,1,554,7
2020-10-24,Imperial,025,180216,12947,12469,29,12498,333
2020-10-24,Inyo,027,18085,245,226,5,231,14
2020-10-24,Kern,029,883053,34012,33105,414,33519,432
2020-10-24,Kings,031,150075,8717,8228,55,8283,82
2020-10-24,Lake,033,64148,717,696,0,696,15
2020-10-24,Lassen,035,31185,773,764,2,766,0
2020-10-24,Los Angeles,037,10098052,301893,296323,2888,299211,6969
2020-10-24,Madera,039,155013,5058,4898,37,4935,53
2020-10-24,Marin,041,260295,7136,7042,19,7061,102
2020-10-24,Mariposa,043,17540,80,77,0,77,2
2020-10-24,Mendocino,045,87422,1077,1022,2,1024,20
2020-10-24,Merced,047,269075,9549,9351,36,9387,150
2020-10-24,Modoc,049,8938,38,28,0,28,0
2020-10-24,Mono,051,14174,195,167,5,172,1
2020-10-24,Monterey,053,433212,11432,11153,62,11215,87
2020-10-24,Napa,055,140530,2048,1957,8,1965,14
2020-10-24,Nevada,057,99092,645,608,18,626,8
2020-10-24,Orange,059,3164182,60816,57928,1755,59683,1441
2020-10-24,Placer,061,380077,4390,4093,15,4108,57
2020-10-24,Plumas,063,18699,78,63,0,63,0
2020-10-24,Riverside,065,2383286,67609,65902,361,66263,1288
2020-10-24,Sacramento,067,1510023,25794,25372,29,25401,496
2020-10-24,San Benito,069,59416,1432,1417,1,1418,15
2020-10-24,San Bernardino,071,2135413,64033,61351,443,61794,1153
2020-10-24,San Diego,073,3302833,56536,54330,1542,55872,868
2020-10-24,San Francisco,075,870044,12315,12073,50,12123,137
2020-10-24,San Joaquin,077,732212,21966,21458,200,21658,495
2020-10-24,San Luis Obispo,079,281455,4320,4119,28,4147,31
2020-10-24,San Mateo,081,765935,11411,10942,9,10951,155
2020-10-24,Santa Barbara,083,443738,10535,9781,94,9875,122
2020-10-24,Santa Clara,085,1922200,25478,23978,49,24027,365
2020-10-24,Santa Cruz,087,273765,2877,2775,34,2809,24
2020-10-24,Shasta,089,179085,2196,1878,20,1898,29
2020-10-24,Sierra,091,2930,6,6,0,6,0
2020-10-24,Siskiyou,093,43540,205,174,10,184,0
2020-10-24,Solano,095,438530,7423,7189,41,7230,60
2020-10-24,Sonoma,097,501317,9622,9179,26,9205,140
2020-10-24,Stanislaus,099,539301,17772,17574,746,18320,400
2020-10-24,Sutter,101,95872,1868,1804,1,1805,12
2020-10-24,Tehama,103,63373,925,872,2,874,5
2020-10-24,Trinity,105,12862,86,25,11,36,0
2020-10-24,Tulare,107,460477,17995,17406,362,17768,295
2020-10-24,Tuolumne,109,53932,278,269,5,274,4
2020-10-24,Ventura,111,848112,14967,14240,323,14563,154
2020-10-24,Yolo,113,214977,3266,3164,9,3173,57
2020-10-24,Yuba,115,75493,1257,1210,6,1216,10
2020-10-23,Alameda,001,1643700,23701,23047,224,23271,393
2020-10-23,Alpine,003,1148,3,3,0,3,0
2020-10-23,Amador,005,37829,344,324,0,324,16
2020-10-23,Butte,007,227075,3198,3059,32,3091,55
2020-10-23,Calaveras,009,45235,334,273,0,273,13
2020-10-23,Colusa,011,21464,550,547,1,548,6
2020-10-23,Contra Costa,013,1133247,19035,18483,92,18575,244
2020-10-23,Del Norte,015,27424,174,171,0,171,2
2020-10-23,El Dorado,017,186661,1404,1310,3,1313,4
2020-10-23,Fresno,019,978130,33551,30590,480,31070,441
2020-10-23,Glenn,021,27897,679,644,1,645,3
2020-10-23,Humboldt,023,135768,562,553,1,554,7
2020-10-23,Imperial,025,180216,12916,12398,28,12426,333
2020-10-23,Inyo,027,18085,244,226,5,231,14
2020-10-23,Kern,029,883053,33944,33077,409,33486,431
2020-10-23,Kings,031,150075,8708,8218,55,8273,82
2020-10-23,Lake,033,64148,715,689,0,689,15
2020-10-23,Lassen,035,31185,772,764,2,766,0
2020-10-23,Los Angeles,037,10098052,300811,294287,2860,297147,6956
2020-10-23,Madera,039,155013,5053,4888,37,4925,53
2020-10-23,Marin,041,260295,7123,7029,19,7048,102
2020-10-23,Mariposa,043,17540,80,77,0,77,2
2020-10-23,Mendocino,045,87422,1074,1019,2,1021,20
2020-10-23,Merced,047,269075,9535,9327,36,9363,149
2020-10-23,Modoc,049,8938,38,28,0,28,0
2020-10-23,Mono,051,14174,194,159,5,164,1
2020-10-23,Monterey,053,433212,11385,11099,58,11157,86
2020-10-23,Napa,055,140530,2040,1942,8,1950,14
2020-10-23,Nevada,057,99092,642,604,18,622,8
2020-10-23,Orange,059,3164182,60645,57595,1740,59335,1430
2020-10-23,Placer,061,380077,4344,4073,15,4088,57
2020-10-23,Plumas,063,18699,75,63,0,63,0
2020-10-23,Riverside,065,2383286,67370,65512,353,65865,1279
2020-10-23,Sacramento,067,1510023,25688,25224,29,25253,496
2020-10-23,San Benito,069,59416,1430,1412,1,1413,15
2020-10-23,San Bernardino,071,2135413,63746,60854,429,61283,1150
2020-10-23,San Diego,073,3302833,56230,53944,1515,55459,867
2020-10-23,San Francisco,075,870044,12284,12015,50,12065,137
2020-10-23,San Joaquin,077,732212,21910,21361,194,21555,495
2020-10-23,San Luis Obispo,079,281455,4294,4102,28,4130,31
2020-10-23,San Mateo,081,765935,11362,10872,9,10881,155
2020-10-23,Santa Barbara,083,443738,10519,9751,94,9845,121
2020-10-23,Santa Clara,085,1922200,25376,23822,49,23871,364
2020-10-23,Santa Cruz,087,273765,2863,2757,34,2791,24
2020-10-23,Shasta,089,179085,2160,1846,19,1865,29
2020-10-23,Sierra,091,2930,6,6,0,6,0
2020-10-23,Siskiyou,093,43540,201,172,10,182,0
2020-10-23,Solano,095,438530,7392,7174,41,7215,59
2020-10-23,Sonoma,097,501317,9566,9112,26,9138,139
2020-10-23,Stanislaus,099,539301,17735,17496,739,18235,395
2020-10-23,Sutter,101,95872,1861,1797,1,1798,12
2020-10-23,Tehama,103,63373,916,862,2,864,5
2020-10-23,Trinity,105,12862,86,26,11,37,0
2020-10-23,Tulare,107,460477,17950,17334,350,17684,295
2020-10-23,Tuolumne,109,53932,276,254,5,259,4
2020-10-23,Ventura,111,848112,14938,14192,323,14515,155
2020-10-23,Yolo,113,214977,3254,3140,9,3149,57
2020-10-23,Yuba,115,75493,1253,1206,6,1212,10
2020-10-22,Alameda,001,1643700,23598,22915,224,23139,393
2020-10-22,Alpine,003,1148,3,3,0,3,0
2020-10-22,Amador,005,37829,340,317,0,317,16
2020-10-22,Butte,007,227075,3188,3046,30,3076,55
2020-10-22,Calaveras,009,45235,331,273,0,273,13
2020-10-22,Colusa,011,21464,550,547,1,548,6
2020-10-22,Contra Costa,013,1133247,18963,18393,92,18485,243
2020-10-22,Del Norte,015,27424,173,168,0,168,2
2020-10-22,El Dorado,017,186661,1394,1308,3,1311,4
2020-10-22,Fresno,019,978130,33439,30471,470,30941,438
2020-10-22,Glenn,021,27897,672,643,1,644,3
2020-10-22,Humboldt,023,135768,561,548,1,549,7
2020-10-22,Imperial,025,180216,12863,12311,27,12338,333
2020-10-22,Inyo,027,18085,241,220,5,225,14
2020-10-22,Kern,029,883053,33863,32991,406,33397,431
2020-10-22,Kings,031,150075,8457,8201,55,8256,82
2020-10-22,Lake,033,64148,711,678,0,678,15
2020-10-22,Lassen,035,31185,769,764,2,766,0
2020-10-22,Los Angeles,037,10098052,299436,291599,2801,294400,6935
2020-10-22,Madera,039,155013,5032,4847,37,4884,52
2020-10-22,Marin,041,260295,7116,7014,19,7033,102
2020-10-22,Mariposa,043,17540,80,77,0,77,2
2020-10-22,Mendocino,045,87422,1069,1016,2,1018,20
2020-10-22,Merced,047,269075,9507,9323,36,9359,149
2020-10-22,Modoc,049,8938,34,26,0,26,0
2020-10-22,Mono,051,14174,189,156,5,161,1
2020-10-22,Monterey,053,433212,11326,11059,55,11114,84
2020-10-22,Napa,055,140530,2025,1928,8,1936,14
2020-10-22,Nevada,057,99092,636,600,18,618,8
2020-10-22,Orange,059,3164182,60430,57418,1723,59141,1422
2020-10-22,Placer,061,380077,4295,4036,15,4051,57
2020-10-22,Plumas,063,18699,72,62,0,62,0
2020-10-22,Riverside,065,2383286,67036,65104,333,65437,1279
2020-10-22,Sacramento,067,1510023,25548,25054,29,25083,492
2020-10-22,San Benito,069,59416,1426,1403,1,1404,15
2020-10-22,San Bernardino,071,2135413,63344,60402,414,60816,1149
2020-10-22,San Diego,073,3302833,55843,53514,1496,55010,866
2020-10-22,San Francisco,075,870044,12226,11991,48,12039,137
2020-10-22,San Joaquin,077,732212,21837,21282,188,21470,495
2020-10-22,San Luis Obispo,079,281455,4278,4081,28,4109,31
2020-10-22,San Mateo,081,765935,11306,10796,9,10805,155
2020-10-22,Santa Barbara,083,443738,10485,9710,92,9802,120
2020-10-22,Santa Clara,085,1922200,25222,23621,49,23670,363
2020-10-22,Santa Cruz,087,273765,2845,2738,33,2771,24
2020-10-22,Shasta,089,179085,2114,1799,19,1818,29
2020-10-22,Sierra,091,2930,6,6,0,6,0
2020-10-22,Siskiyou,093,43540,201,169,10,179,0
2020-10-22,Solano,095,438530,7346,7116,41,7157,59
2020-10-22,Sonoma,097,501317,9500,9052,25,9077,139
2020-10-22,Stanislaus,099,539301,17681,17440,727,18167,395
2020-10-22,Sutter,101,95872,1847,1794,1,1795,12
2020-10-22,Tehama,103,63373,905,852,2,854,5
2020-10-22,Trinity,105,12862,85,26,11,37,0
2020-10-22,Tulare,107,460477,17884,17265,337,17602,293
2020-10-22,Tuolumne,109,53932,274,252,5,257,4
2020-10-22,Ventura,111,848112,14891,14124,321,14445,154
2020-10-22,Yolo,113,214977,3242,3116,9,3125,58
2020-10-22,Yuba,115,75493,1246,1199,5,1204,10
2020-10-21,Alameda,001,1643700,23510,22853,222,23075,392
2020-10-21,Alpine,003,1148,3,3,0,3,0
2020-10-21,Amador,005,37829,335,313,0,313,16
2020-10-21,Butte,007,227075,3176,3041,30,3071,55
2020-10-21,Calaveras,009,45235,330,272,0,272,13
2020-10-21,Colusa,011,21464,550,546,1,547,6
2020-10-21,Contra Costa,013,1133247,18889,18299,92,18391,243
2020-10-21,Del Norte,015,27424,173,169,0,169,2
2020-10-21,El Dorado,017,186661,1382,1305,2,1307,4
2020-10-21,Fresno,019,978130,33343,30328,466,30794,433
2020-10-21,Glenn,021,27897,667,640,1,641,3
2020-10-21,Humboldt,023,135768,560,548,1,549,7
2020-10-21,Imperial,025,180216,12806,12210,27,12237,331
2020-10-21,Inyo,027,18085,237,220,5,225,14
2020-10-21,Kern,029,883053,33788,32956,405,33361,430
2020-10-21,Kings,031,150075,8430,8186,55,8241,80
2020-10-21,Lake,033,64148,710,676,0,676,15
2020-10-21,Lassen,035,31185,768,764,2,766,0
2020-10-21,Los Angeles,037,10098052,298096,288096,2759,290855,6923
2020-10-21,Madera,039,155013,5007,4831,37,4868,52
2020-10-21,Marin,041,260295,7107,7002,19,7021,102
2020-10-21,Mariposa,043,17540,80,77,0,77,2
2020-10-21,Mendocino,045,87422,1067,1011,2,1013,21
2020-10-21,Merced,047,269075,9483,9319,34,9353,149
2020-10-21,Modoc,049,8938,33,26,0,26,0
2020-10-21,Mono,051,14174,187,156,5,161,1
2020-10-21,Monterey,053,433212,11288,11005,54,11059,83
2020-10-21,Napa,055,140530,2009,1918,8,1926,13
2020-10-21,Nevada,057,99092,630,597,18,615,8
2020-10-21,Orange,059,3164182,60217,57189,1714,58903,1409
2020-10-21,Placer,061,380077,4258,4007,15,4022,56
2020-10-21,Plumas,063,18699,69,58,0,58,0
2020-10-21,Riverside,065,2383286,66740,64778,309,65087,1278
2020-10-21,Sacramento,067,1510023,25354,24908,29,24937,490
2020-10-21,San Benito,069,59416,1425,1401,1,1402,14
2020-10-21,San Bernardino,071,2135413,62936,59948,407,60355,1141
2020-10-21,San Diego,073,3302833,55491,53279,1468,54747,863
2020-10-21,San Francisco,075,870044,12177,11976,47,12023,137
2020-10-21,San Joaquin,077,732212,21761,21201,182,21383,495
2020-10-21,San Luis Obispo,079,281455,4264,4055,26,4081,31
2020-10-21,San Mateo,081,765935,11257,10730,9,10739,155
2020-10-21,Santa Barbara,083,443738,10467,9681,91,9772,121
2020-10-21,Santa Clara,085,1922200,25096,23537,49,23586,361
2020-10-21,Santa Cruz,087,273765,2822,2729,33,2762,24
2020-10-21,Shasta,089,179085,2077,1777,19,1796,27
2020-10-21,Sierra,091,2930,6,6,0,6,0
2020-10-21,Siskiyou,093,43540,197,169,10,179,0
2020-10-21,Solano,095,438530,7300,7088,41,7129,59
2020-10-21,Sonoma,097,501317,9420,8987,25,9012,138
2020-10-21,Stanislaus,099,539301,17631,17419,719,18138,392
2020-10-21,Sutter,101,95872,1832,1786,1,1787,12
2020-10-21,Tehama,103,63373,889,824,2,826,5
2020-10-21,Trinity,105,12862,79,25,10,35,0
2020-10-21,Tulare,107,460477,17846,17204,323,17527,292
2020-10-21,Tuolumne,109,53932,273,251,5,256,4
2020-10-21,Ventura,111,848112,14828,14050,318,14368,153
2020-10-21,Yolo,113,214977,3223,3095,9,3104,58
2020-10-21,Yuba,115,75493,1237,1194,5,1199,10
2020-10-20,Alameda,001,1643700,23407,22750,218,22968,391
2020-10-20,Alpine,003,1148,3,3,0,3,0
2020-10-20,Amador,005,37829,334,313,0,313,16
2020-10-20,Butte,007,227075,3164,3027,30,3057,56
2020-10-20,Calaveras,009,45235,329,273,0,273,13
2020-10-20,Colusa,011,21464,547,546,1,547,6
2020-10-20,Contra Costa,013,1133247,18797,18246,92,18338,241
2020-10-20,Del Norte,015,27424,172,169,0,169,2
2020-10-20,El Dorado,017,186661,1376,1295,2,1297,4
2020-10-20,Fresno,019,978130,33240,30220,460,30680,431
2020-10-20,Glenn,021,27897,662,638,1,639,3
2020-10-20,Humboldt,023,135768,556,545,1,546,7
2020-10-20,Imperial,025,180216,12737,12114,27,12141,330
2020-10-20,Inyo,027,18085,237,218,5,223,14
2020-10-20,Kern,029,883053,33713,32889,392,33281,429
2020-10-20,Kings,031,150075,8412,8178,54,8232,80
2020-10-20,Lake,033,64148,708,675,0,675,15
2020-10-20,Lassen,035,31185,767,757,2,759,0
2020-10-20,Los Angeles,037,10098052,296604,287727,2708,290435,6891
2020-10-20,Madera,039,155013,4990,4823,37,4860,52
2020-10-20,Marin,041,260295,7092,6994,19,7013,101
2020-10-20,Mariposa,043,17540,79,77,0,77,2
2020-10-20,Mendocino,045,87422,1065,1004,2,1006,21
2020-10-20,Merced,047,269075,9461,9323,34,9357,149
2020-10-20,Modoc,049,8938,32,26,0,26,0
2020-10-20,Mono,051,14174,187,156,5,161,1
2020-10-20,Monterey,053,433212,11245,10942,51,10993,81
2020-10-20,Napa,055,140530,1990,1912,8,1920,13
2020-10-20,Nevada,057,99092,620,596,18,614,8
2020-10-20,Orange,059,3164182,59953,56914,1704,58618,1397
2020-10-20,Placer,061,380077,4220,3997,15,4012,56
2020-10-20,Plumas,063,18699,66,53,0,53,0
2020-10-20,Riverside,065,2383286,66359,64452,297,64749,1275
2020-10-20,Sacramento,067,1510023,25227,24767,28,24795,485
2020-10-20,San Benito,069,59416,1422,1398,1,1399,14
2020-10-20,San Bernardino,071,2135413,62554,59571,405,59976,1109
2020-10-20,San Diego,073,3302833,55155,53004,1448,54452,857
2020-10-20,San Francisco,075,870044,12130,12013,46,12059,126
2020-10-20,San Joaquin,077,732212,21682,21173,172,21345,490
2020-10-20,San Luis Obispo,079,281455,4246,4043,25,4068,31
2020-10-20,San Mateo,081,765935,11210,10659,9,10668,155
2020-10-20,Santa Barbara,083,443738,10438,9664,89,9753,121
2020-10-20,Santa Clara,085,1922200,24959,23406,49,23455,358
2020-10-20,Santa Cruz,087,273765,2799,2710,33,2743,23
2020-10-20,Shasta,089,179085,2054,1747,19,1766,20
2020-10-20,Sierra,091,2930,6,6,0,6,0
2020-10-20,Siskiyou,093,43540,189,168,10,178,0
2020-10-20,Solano,095,438530,7251,7044,41,7085,57
2020-10-20,Sonoma,097,501317,9357,8904,23,8927,135
2020-10-20,Stanislaus,099,539301,17577,17367,715,18082,393
2020-10-20,Sutter,101,95872,1823,1783,1,1784,12
2020-10-20,Tehama,103,63373,874,813,2,815,5
2020-10-20,Trinity,105,12862,78,25,10,35,0
2020-10-20,Tulare,107,460477,17779,17156,318,17474,289
2020-10-20,Tuolumne,109,53932,271,250,5,255,4
2020-10-20,Ventura,111,848112,14764,13980,316,14296,152
2020-10-20,Yolo,113,214977,3200,3083,9,3092,56
2020-10-20,Yuba,115,75493,1227,1191,5,1196,10
2020-10-19,Alameda,001,1643700,23295,22647,217,22864,392
2020-10-19,Alpine,003,1148,3,3,0,3,0
2020-10-19,Amador,005,37829,328,313,0,313,16
2020-10-19,Butte,007,227075,3153,3026,30,3056,55
2020-10-19,Calaveras,009,45235,328,268,0,268,13
2020-10-19,Colusa,011,21464,547,544,1,545,6
2020-10-19,Contra Costa,013,1133247,18699,18173,92,18265,239
2020-10-19,Del Norte,015,27424,169,167,0,167,2
2020-10-19,El Dorado,017,186661,1355,1287,2,1289,4
2020-10-19,Fresno,019,978130,33131,30152,454,30606,431
2020-10-19,Glenn,021,27897,657,635,0,635,3
2020-10-19,Humboldt,023,135768,556,543,1,544,7
2020-10-19,Imperial,025,180216,12683,12036,25,12061,330
2020-10-19,Inyo,027,18085,236,218,5,223,14
2020-10-19,Kern,029,883053,33637,32840,389,33229,428
2020-10-19,Kings,031,150075,8394,8173,54,8227,80
2020-10-19,Lake,033,64148,705,673,0,673,15
2020-10-19,Lassen,035,31185,766,757,2,759,0
2020-10-19,Los Angeles,037,10098052,295117,287119,2670,289789,6858
2020-10-19,Madera,039,155013,4975,4787,37,4824,52
2020-10-19,Marin,041,260295,7074,6981,19,7000,100
2020-10-19,Mariposa,043,17540,79,77,0,77,2
2020-10-19,Mendocino,045,87422,1060,1001,2,1003,21
2020-10-19,Merced,047,269075,9436,9305,30,9335,148
2020-10-19,Modoc,049,8938,31,26,0,26,0
2020-10-19,Mono,051,14174,182,156,5,161,1
2020-10-19,Monterey,053,433212,11184,10907,51,10958,80
2020-10-19,Napa,055,140530,1976,1892,8,1900,12
2020-10-19,Nevada,057,99092,617,590,18,608,8
2020-10-19,Orange,059,3164182,59667,56652,1689,58341,1396
2020-10-19,Placer,061,380077,4172,3962,15,3977,49
2020-10-19,Plumas,063,18699,64,52,0,52,0
2020-10-19,Riverside,065,2383286,65928,64016,281,64297,1272
2020-10-19,Sacramento,067,1510023,25088,24542,28,24570,483
2020-10-19,San Benito,069,59416,1415,1395,1,1396,14
2020-10-19,San Bernardino,071,2135413,62104,59265,394,59659,1100
2020-10-19,San Diego,073,3302833,54769,52739,1423,54162,853
2020-10-19,San Francisco,075,870044,12086,11879,46,11925,126
2020-10-19,San Joaquin,077,732212,21607,20930,164,21094,489
2020-10-19,San Luis Obispo,079,281455,4230,4016,25,4041,31
2020-10-19,San Mateo,081,765935,11164,10568,9,10577,154
2020-10-19,Santa Barbara,083,443738,10403,9632,89,9721,121
2020-10-19,Santa Clara,085,1922200,24808,23301,49,23350,352
2020-10-19,Santa Cruz,087,273765,2782,2705,33,2738,19
2020-10-19,Shasta,089,179085,2010,1709,18,1727,20
2020-10-19,Sierra,091,2930,6,6,0,6,0
2020-10-19,Siskiyou,093,43540,182,167,10,177,0
2020-10-19,Solano,095,438530,7210,7003,41,7044,57
2020-10-19,Sonoma,097,501317,9270,8830,23,8853,135
2020-10-19,Stanislaus,099,539301,17526,17342,705,18047,390
2020-10-19,Sutter,101,95872,1818,1773,1,1774,12
2020-10-19,Tehama,103,63373,871,793,2,795,5
2020-10-19,Trinity,105,12862,76,23,10,33,0
2020-10-19,Tulare,107,460477,17729,17047,311,17358,291
2020-10-19,Tuolumne,109,53932,269,247,5,252,4
2020-10-19,Ventura,111,848112,14698,13930,313,14243,152
2020-10-19,Yolo,113,214977,3187,3069,9,3078,56
2020-10-19,Yuba,115,75493,1220,1183,5,1188,10
2020-10-18,Alameda,001,1643700,23191,22546,216,22762,392
2020-10-18,Alpine,003,1148,3,3,0,3,0
2020-10-18,Amador,005,37829,316,313,0,313,16
2020-10-18,Butte,007,227075,3140,3019,30,3049,55
2020-10-18,Calaveras,009,45235,327,267,0,267,13
2020-10-18,Colusa,011,21464,545,544,1,545,6
2020-10-18,Contra Costa,013,1133247,18600,18120,92,18212,237
2020-10-18,Del Norte,015,27424,169,167,0,167,2
2020-10-18,El Dorado,017,186661,1346,1283,2,1285,4
2020-10-18,Fresno,019,978130,33002,30051,446,30497,430
2020-10-18,Glenn,021,27897,655,634,0,634,3
2020-10-18,Humboldt,023,135768,553,540,1,541,7
2020-10-18,Imperial,025,180216,12621,11987,23,12010,330
2020-10-18,Inyo,027,18085,233,215,5,220,14
2020-10-18,Kern,029,883053,33564,32799,382,33181,428
2020-10-18,Kings,031,150075,8379,8159,54,8213,80
2020-10-18,Lake,033,64148,698,670,0,670,15
2020-10-18,Lassen,035,31185,766,757,2,759,0
2020-10-18,Los Angeles,037,10098052,293410,286187,2627,288814,6857
2020-10-18,Madera,039,155013,4950,4770,36,4806,52
2020-10-18,Marin,041,260295,7053,6969,19,6988,99
2020-10-18,Mariposa,043,17540,79,77,0,77,2
2020-10-18,Mendocino,045,87422,1058,988,2,990,21
2020-10-18,Merced,047,269075,9401,9292,30,9322,148
2020-10-18,Modoc,049,8938,30,26,0,26,0
2020-10-18,Mono,051,14174,177,155,5,160,1
2020-10-18,Monterey,053,433212,11131,10872,51,10923,80
2020-10-18,Napa,055,140530,1963,1882,8,1890,12
2020-10-18,Nevada,057,99092,611,582,18,600,8
2020-10-18,Orange,059,3164182,59369,56394,1673,58067,1396
2020-10-18,Placer,061,380077,4124,3938,15,3953,49
2020-10-18,Plumas,063,18699,62,52,0,52,0
2020-10-18,Riverside,065,2383286,65615,63765,260,64025,1270
2020-10-18,Sacramento,067,1510023,24933,24425,28,24453,482
2020-10-18,San Benito,069,59416,1408,1395,1,1396,14
2020-10-18,San Bernardino,071,2135413,61604,58893,386,59279,1098
2020-10-18,San Diego,073,3302833,54380,52359,1402,53761,853
2020-10-18,San Francisco,075,870044,12047,11878,46,11924,126
2020-10-18,San Joaquin,077,732212,21524,20931,151,21082,489
2020-10-18,San Luis Obispo,079,281455,4199,4009,23,4032,31
2020-10-18,San Mateo,081,765935,11105,10503,9,10512,154
2020-10-18,Santa Barbara,083,443738,10364,9608,88,9696,121
2020-10-18,Santa Clara,085,1922200,24635,23169,49,23218,352
2020-10-18,Santa Cruz,087,273765,2768,2692,33,2725,19
2020-10-18,Shasta,089,179085,1985,1708,18,1726,20
2020-10-18,Sierra,091,2930,6,6,0,6,0
2020-10-18,Siskiyou,093,43540,182,167,10,177,0
2020-10-18,Solano,095,438530,7163,6962,41,7003,57
2020-10-18,Sonoma,097,501317,9193,8781,22,8803,134
2020-10-18,Stanislaus,099,539301,17470,17290,696,17986,390
2020-10-18,Sutter,101,95872,1809,1764,1,1765,12
2020-10-18,Tehama,103,63373,839,774,2,776,5
2020-10-18,Trinity,105,12862,76,20,10,30,0
2020-10-18,Tulare,107,460477,17635,17048,302,17350,290
2020-10-18,Tuolumne,109,53932,264,245,5,250,4
2020-10-18,Ventura,111,848112,14619,13901,312,14213,151
2020-10-18,Yolo,113,214977,3148,3059,9,3068,55
2020-10-18,Yuba,115,75493,1209,1176,5,1181,10
2020-10-17,Alameda,001,1643700,23145,22394,214,22608,398
2020-10-17,Alpine,003,1148,3,3,0,3,0
2020-10-17,Amador,005,37829,314,309,0,309,16
2020-10-17,Butte,007,227075,3132,3012,28,3040,55
2020-10-17,Calaveras,009,45235,327,267,0,267,13
2020-10-17,Colusa,011,21464,544,544,1,545,6
2020-10-17,Contra Costa,013,1133247,18547,18005,92,18097,237
2020-10-17,Del Norte,015,27424,169,167,0,167,2
2020-10-17,El Dorado,017,186661,1342,1277,2,1279,4
2020-10-17,Fresno,019,978130,32948,29911,444,30355,430
2020-10-17,Glenn,021,27897,652,633,0,633,3
2020-10-17,Humboldt,023,135768,550,535,1,536,7
2020-10-17,Imperial,025,180216,12593,11962,23,11985,330
2020-10-17,Inyo,027,18085,228,212,5,217,14
2020-10-17,Kern,029,883053,33513,32710,379,33089,428
2020-10-17,Kings,031,150075,8373,8151,53,8204,80
2020-10-17,Lake,033,64148,695,663,0,663,15
2020-10-17,Lassen,035,31185,766,757,2,759,0
2020-10-17,Los Angeles,037,10098052,292657,285858,2600,288458,6844
2020-10-17,Madera,039,155013,4944,4759,36,4795,53
2020-10-17,Marin,041,260295,7050,6958,19,6977,99
2020-10-17,Mariposa,043,17540,78,77,0,77,2
2020-10-17,Mendocino,045,87422,1051,977,2,979,21
2020-10-17,Merced,047,269075,9387,9275,30,9305,148
2020-10-17,Modoc,049,8938,30,26,0,26,0
2020-10-17,Mono,051,14174,176,155,5,160,1
2020-10-17,Monterey,053,433212,11091,10807,50,10857,80
2020-10-17,Napa,055,140530,1956,1866,8,1874,12
2020-10-17,Nevada,057,99092,610,580,18,598,8
2020-10-17,Orange,059,3164182,59228,56197,1666,57863,1396
2020-10-17,Placer,061,380077,4097,3898,15,3913,49
2020-10-17,Plumas,063,18699,62,52,0,52,0
2020-10-17,Riverside,065,2383286,65417,63171,250,63421,1270
2020-10-17,Sacramento,067,1510023,24849,24304,28,24332,482
2020-10-17,San Benito,069,59416,1404,1389,1,1390,14
2020-10-17,San Bernardino,071,2135413,61334,58415,379,58794,1097
2020-10-17,San Diego,073,3302833,54155,51986,1391,53377,853
2020-10-17,San Francisco,075,870044,12019,11877,45,11922,126
2020-10-17,San Joaquin,077,732212,21470,20932,145,21077,489
2020-10-17,San Luis Obispo,079,281455,4184,3979,23,4002,31
2020-10-17,San Mateo,081,765935,11077,10423,9,10432,153
2020-10-17,Santa Barbara,083,443738,10345,9588,86,9674,121
2020-10-17,Santa Clara,085,1922200,24546,22997,49,23046,349
2020-10-17,Santa Cruz,087,273765,2754,2680,33,2713,19
2020-10-17,Shasta,089,179085,1959,1679,18,1697,20
2020-10-17,Sierra,091,2930,6,6,0,6,0
2020-10-17,Siskiyou,093,43540,181,167,10,177,0
2020-10-17,Solano,095,438530,7137,6929,41,6970,57
2020-10-17,Sonoma,097,501317,9150,8725,22,8747,134
2020-10-17,Stanislaus,099,539301,17430,17232,687,17919,390
2020-10-17,Sutter,101,95872,1807,1762,1,1763,12
2020-10-17,Tehama,103,63373,823,764,2,766,5
2020-10-17,Trinity,105,12862,76,20,10,30,0
2020-10-17,Tulare,107,460477,17605,16995,293,17288,290
2020-10-17,Tuolumne,109,53932,264,241,5,246,4
2020-10-17,Ventura,111,848112,14574,13845,309,14154,151
2020-10-17,Yolo,113,214977,3133,3045,7,3052,55
2020-10-17,Yuba,115,75493,1204,1164,5,1169,10
2020-10-16,Alameda,001,1643700,23091,22315,214,22529,397
2020-10-16,Alpine,003,1148,3,3,0,3,0
2020-10-16,Amador,005,37829,314,309,0,309,16
2020-10-16,Butte,007,227075,3121,3004,28,3032,54
2020-10-16,Calaveras,009,45235,327,267,0,267,13
2020-10-16,Colusa,011,21464,543,544,1,545,6
2020-10-16,Contra Costa,013,1133247,18494,17956,92,18048,237
2020-10-16,Del Norte,015,27424,169,166,0,166,2
2020-10-16,El Dorado,017,186661,1336,1273,2,1275,4
2020-10-16,Fresno,019,978130,32872,29796,443,30239,427
2020-10-16,Glenn,021,27897,647,632,0,632,3
2020-10-16,Humboldt,023,135768,550,533,1,534,7
2020-10-16,Imperial,025,180216,12553,11885,23,11908,330
2020-10-16,Inyo,027,18085,224,212,5,217,14
2020-10-16,Kern,029,883053,33470,32660,377,33037,428
2020-10-16,Kings,031,150075,8364,8146,52,8198,80
2020-10-16,Lake,033,64148,693,644,0,644,14
2020-10-16,Lassen,035,31185,766,757,2,759,0
2020-10-16,Los Angeles,037,10098052,291595,284988,2579,287567,6835
2020-10-16,Madera,039,155013,4932,4736,35,4771,53
2020-10-16,Marin,041,260295,7040,6933,19,6952,99
2020-10-16,Mariposa,043,17540,78,76,0,76,2
2020-10-16,Mendocino,045,87422,1044,974,2,976,21
2020-10-16,Merced,047,269075,9370,9246,30,9276,148
2020-10-16,Modoc,049,8938,30,26,0,26,0
2020-10-16,Mono,051,14174,174,155,5,160,1
2020-10-16,Monterey,053,433212,11056,10727,50,10777,79
2020-10-16,Napa,055,140530,1947,1855,8,1863,12
2020-10-16,Nevada,057,99092,608,579,18,597,8
2020-10-16,Orange,059,3164182,59050,56091,1660,57751,1388
2020-10-16,Placer,061,380077,4077,3864,15,3879,49
2020-10-16,Plumas,063,18699,61,52,0,52,0
2020-10-16,Riverside,065,2383286,65192,62986,249,63235,1267
2020-10-16,Sacramento,067,1510023,24755,24144,28,24172,479
2020-10-16,San Benito,069,59416,1401,1388,1,1389,14
2020-10-16,San Bernardino,071,2135413,61064,58233,379,58612,1069
2020-10-16,San Diego,073,3302833,53913,51785,1377,53162,850
2020-10-16,San Francisco,075,870044,11997,11840,44,11884,126
2020-10-16,San Joaquin,077,732212,21425,20910,144,21054,489
2020-10-16,San Luis Obispo,079,281455,4170,3952,23,3975,32
2020-10-16,San Mateo,081,765935,11052,10405,9,10414,153
2020-10-16,Santa Barbara,083,443738,10327,9549,86,9635,119
2020-10-16,Santa Clara,085,1922200,24459,22920,49,22969,345
2020-10-16,Santa Cruz,087,273765,2741,2666,33,2699,20
2020-10-16,Shasta,089,179085,1937,1660,18,1678,20
2020-10-16,Sierra,091,2930,6,6,0,6,0
2020-10-16,Siskiyou,093,43540,179,167,10,177,0
2020-10-16,Solano,095,438530,7114,6879,41,6920,55
2020-10-16,Sonoma,097,501317,9094,8652,22,8674,133
2020-10-16,Stanislaus,099,539301,17396,17201,679,17880,366
2020-10-16,Sutter,101,95872,1799,1756,1,1757,12
2020-10-16,Tehama,103,63373,822,737,2,739,3
2020-10-16,Trinity,105,12862,76,20,10,30,0
2020-10-16,Tulare,107,460477,17573,16965,285,17250,290
2020-10-16,Tuolumne,109,53932,261,237,5,242,4
2020-10-16,Ventura,111,848112,14531,13805,304,14109,152
2020-10-16,Yolo,113,214977,3124,3030,7,3037,55
2020-10-16,Yuba,115,75493,1204,1155,5,1160,10
2020-10-15,Alameda,001,1643700,23023,22267,213,22480,390
2020-10-15,Alpine,003,1148,3,3,0,3,0
2020-10-15,Amador,005,37829,314,309,0,309,16
2020-10-15,Butte,007,227075,3109,3000,27,3027,54
2020-10-15,Calaveras,009,45235,326,267,0,267,13
2020-10-15,Colusa,011,21464,542,543,1,544,6
2020-10-15,Contra Costa,013,1133247,18427,17893,91,17984,237
2020-10-15,Del Norte,015,27424,169,164,0,164,2
2020-10-15,El Dorado,017,186661,1331,1265,2,1267,4
2020-10-15,Fresno,019,978130,32775,29727,440,30167,425
2020-10-15,Glenn,021,27897,642,632,0,632,3
2020-10-15,Humboldt,023,135768,546,531,1,532,7
2020-10-15,Imperial,025,180216,12512,11820,22,11842,330
2020-10-15,Inyo,027,18085,224,210,5,215,14
2020-10-15,Kern,029,883053,33389,32593,374,32967,427
2020-10-15,Kings,031,150075,8349,8134,52,8186,80
2020-10-15,Lake,033,64148,691,642,0,642,14
2020-10-15,Lassen,035,31185,765,752,2,754,0
2020-10-15,Los Angeles,037,10098052,290310,284019,2545,286564,6807
2020-10-15,Madera,039,155013,4920,4723,34,4757,50
2020-10-15,Marin,041,260295,7032,6912,19,6931,99
2020-10-15,Mariposa,043,17540,78,76,0,76,2
2020-10-15,Mendocino,045,87422,1038,963,2,965,21
2020-10-15,Merced,047,269075,9343,9213,30,9243,147
2020-10-15,Modoc,049,8938,30,26,0,26,0
2020-10-15,Mono,051,14174,174,155,5,160,1
2020-10-15,Monterey,053,433212,10989,10677,49,10726,79
2020-10-15,Napa,055,140530,1934,1842,8,1850,12
2020-10-15,Nevada,057,99092,604,575,18,593,8
2020-10-15,Orange,059,3164182,58833,55952,1648,57600,1379
2020-10-15,Placer,061,380077,4048,3848,15,3863,48
2020-10-15,Plumas,063,18699,58,52,0,52,0
2020-10-15,Riverside,065,2383286,64861,62819,246,63065,1266
2020-10-15,Sacramento,067,1510023,24639,24068,28,24096,474
2020-10-15,San Benito,069,59416,1398,1384,1,1385,14
2020-10-15,San Bernardino,071,2135413,60725,58068,376,58444,1067
2020-10-15,San Diego,073,3302833,53629,51472,1361,52833,847
2020-10-15,San Francisco,075,870044,11969,11808,41,11849,126
2020-10-15,San Joaquin,077,732212,21352,20880,138,21018,487
2020-10-15,San Luis Obispo,079,281455,4155,3934,23,3957,32
2020-10-15,San Mateo,081,765935,11012,10340,9,10349,152
2020-10-15,Santa Barbara,083,443738,10303,9526,85,9611,117
2020-10-15,Santa Clara,085,1922200,24343,22808,49,22857,343
2020-10-15,Santa Cruz,087,273765,2727,2656,33,2689,13
2020-10-15,Shasta,089,179085,1926,1635,18,1653,20
2020-10-15,Sierra,091,2930,6,6,0,6,0
2020-10-15,Siskiyou,093,43540,175,166,10,176,0
2020-10-15,Solano,095,438530,7075,6830,41,6871,55
2020-10-15,Sonoma,097,501317,9002,8571,22,8593,133
2020-10-15,Stanislaus,099,539301,17358,17151,665,17816,366
2020-10-15,Sutter,101,95872,1796,1752,1,1753,12
2020-10-15,Tehama,103,63373,795,726,2,728,3
2020-10-15,Trinity,105,12862,76,20,10,30,0
2020-10-15,Tulare,107,460477,17513,16918,270,17188,289
2020-10-15,Tuolumne,109,53932,259,236,5,241,4
2020-10-15,Ventura,111,848112,14475,13750,299,14049,152
2020-10-15,Yolo,113,214977,3104,3014,7,3021,55
2020-10-15,Yuba,115,75493,1197,1151,5,1156,10
2020-10-14,Alameda,001,1643700,22924,22227,212,22439,398
2020-10-14,Alpine,003,1148,3,3,0,3,0
2020-10-14,Amador,005,37829,312,308,0,308,16
2020-10-14,Butte,007,227075,3101,2995,27,3022,54
2020-10-14,Calaveras,009,45235,326,266,0,266,12
2020-10-14,Colusa,011,21464,542,543,1,544,6
2020-10-14,Contra Costa,013,1133247,18370,17820,89,17909,236
2020-10-14,Del Norte,015,27424,168,163,0,163,2
2020-10-14,El Dorado,017,186661,1325,1264,2,1266,4
2020-10-14,Fresno,019,978130,32660,29650,433,30083,424
2020-10-14,Glenn,021,27897,641,629,0,629,3
2020-10-14,Humboldt,023,135768,543,531,1,532,7
2020-10-14,Imperial,025,180216,12475,11765,20,11785,330
2020-10-14,Inyo,027,18085,223,209,4,213,14
2020-10-14,Kern,029,883053,33314,32528,372,32900,425
2020-10-14,Kings,031,150075,8331,8118,52,8170,80
2020-10-14,Lake,033,64148,690,642,0,642,14
2020-10-14,Lassen,035,31185,763,752,2,754,0
2020-10-14,Los Angeles,037,10098052,288997,282918,2501,285419,6786
2020-10-14,Madera,039,155013,4905,4713,33,4746,50
2020-10-14,Marin,041,260295,7026,6907,19,6926,99
2020-10-14,Mariposa,043,17540,77,76,0,76,2
2020-10-14,Mendocino,045,87422,1032,955,2,957,21
2020-10-14,Merced,047,269075,9318,9201,28,9229,147
2020-10-14,Modoc,049,8938,30,27,0,27,0
2020-10-14,Mono,051,14174,174,155,5,160,1
2020-10-14,Monterey,053,433212,10938,10616,49,10665,78
2020-10-14,Napa,055,140530,1917,1837,8,1845,12
2020-10-14,Nevada,057,99092,602,573,18,591,7
2020-10-14,Orange,059,3164182,58619,55756,1639,57395,1348
2020-10-14,Placer,061,380077,4025,3829,15,3844,48
2020-10-14,Plumas,063,18699,54,52,0,52,0
2020-10-14,Riverside,065,2383286,64578,62607,245,62852,1261
2020-10-14,Sacramento,067,1510023,24495,24013,28,24041,472
2020-10-14,San Benito,069,59416,1396,1381,0,1381,14
2020-10-14,San Bernardino,071,2135413,60398,57774,373,58147,1063
2020-10-14,San Diego,073,3302833,53310,51329,1337,52666,844
2020-10-14,San Francisco,075,870044,11937,11783,40,11823,123
2020-10-14,San Joaquin,077,732212,21273,20845,124,20969,487
2020-10-14,San Luis Obispo,079,281455,4132,3901,22,3923,32
2020-10-14,San Mateo,081,765935,10961,10309,9,10318,132
2020-10-14,Santa Barbara,083,443738,10268,9509,85,9594,117
2020-10-14,Santa Clara,085,1922200,24194,22735,49,22784,343
2020-10-14,Santa Cruz,087,273765,2717,2618,33,2651,13
2020-10-14,Shasta,089,179085,1888,1553,18,1571,20
2020-10-14,Sierra,091,2930,6,6,0,6,0
2020-10-14,Siskiyou,093,43540,175,166,10,176,0
2020-10-14,Solano,095,438530,7019,6786,41,6827,55
2020-10-14,Sonoma,097,501317,8949,8514,22,8536,133
2020-10-14,Stanislaus,099,539301,17313,17105,662,17767,365
2020-10-14,Sutter,101,95872,1787,1747,1,1748,12
2020-10-14,Tehama,103,63373,784,721,2,723,3
2020-10-14,Trinity,105,12862,75,20,10,30,0
2020-10-14,Tulare,107,460477,17451,16863,257,17120,287
2020-10-14,Tuolumne,109,53932,258,236,5,241,4
2020-10-14,Ventura,111,848112,14422,13697,295,13992,152
2020-10-14,Yolo,113,214977,3086,3007,7,3014,55
2020-10-14,Yuba,115,75493,1189,1147,5,1152,10
2020-10-13,Alameda,001,1643700,22820,22185,210,22395,389
2020-10-13,Alpine,003,1148,3,3,0,3,0
2020-10-13,Amador,005,37829,310,306,0,306,16
2020-10-13,Butte,007,227075,3092,2992,27,3019,54
2020-10-13,Calaveras,009,45235,322,262,0,262,12
2020-10-13,Colusa,011,21464,542,541,1,542,6
2020-10-13,Contra Costa,013,1133247,18312,17783,89,17872,234
2020-10-13,Del Norte,015,27424,168,163,0,163,2
2020-10-13,El Dorado,017,186661,1316,1262,2,1264,4
2020-10-13,Fresno,019,978130,32538,29579,429,30008,424
2020-10-13,Glenn,021,27897,640,629,0,629,3
2020-10-13,Humboldt,023,135768,541,523,1,524,7
2020-10-13,Imperial,025,180216,12440,11727,20,11747,327
2020-10-13,Inyo,027,18085,220,207,4,211,14
2020-10-13,Kern,029,883053,33239,32497,370,32867,419
2020-10-13,Kings,031,150075,8322,8111,52,8163,80
2020-10-13,Lake,033,64148,687,639,0,639,12
2020-10-13,Lassen,035,31185,761,752,2,754,0
2020-10-13,Los Angeles,037,10098052,287720,281716,2458,284174,6767
2020-10-13,Madera,039,155013,4887,4700,33,4733,50
2020-10-13,Marin,041,260295,7004,6900,18,6918,97
2020-10-13,Mariposa,043,17540,77,76,0,76,2
2020-10-13,Mendocino,045,87422,1023,950,2,952,21
2020-10-13,Merced,047,269075,9301,9181,28,9209,146
2020-10-13,Modoc,049,8938,29,28,0,28,0
2020-10-13,Mono,051,14174,174,155,4,159,1
2020-10-13,Monterey,053,433212,10877,10574,48,10622,78
2020-10-13,Napa,055,140530,1908,1825,8,1833,12
2020-10-13,Nevada,057,99092,596,572,18,590,7
2020-10-13,Orange,059,3164182,58406,55515,1626,57141,1326
2020-10-13,Placer,061,380077,3987,3825,15,3840,48
2020-10-13,Plumas,063,18699,52,51,0,51,0
2020-10-13,Riverside,065,2383286,64258,62279,243,62522,1254
2020-10-13,Sacramento,067,1510023,24418,23930,28,23958,466
2020-10-13,San Benito,069,59416,1388,1380,0,1380,14
2020-10-13,San Bernardino,071,2135413,60058,57411,371,57782,1061
2020-10-13,San Diego,073,3302833,53017,51026,1320,52346,840
2020-10-13,San Francisco,075,870044,11902,11659,40,11699,122
2020-10-13,San Joaquin,077,732212,21212,20822,120,20942,481
2020-10-13,San Luis Obispo,079,281455,4121,3892,21,3913,32
2020-10-13,San Mateo,081,765935,10918,10286,9,10295,130
2020-10-13,Santa Barbara,083,443738,10237,9489,85,9574,117
2020-10-13,Santa Clara,085,1922200,24067,22678,49,22727,343
2020-10-13,Santa Cruz,087,273765,2699,2603,33,2636,13
2020-10-13,Shasta,089,179085,1864,1606,18,1624,20
2020-10-13,Sierra,091,2930,6,6,0,6,0
2020-10-13,Siskiyou,093,43540,174,163,10,173,0
2020-10-13,Solano,095,438530,6984,6761,41,6802,55
2020-10-13,Sonoma,097,501317,8866,8456,22,8478,133
2020-10-13,Stanislaus,099,539301,17268,17082,657,17739,362
2020-10-13,Sutter,101,95872,1778,1748,1,1749,12
2020-10-13,Tehama,103,63373,776,717,2,719,3
2020-10-13,Trinity,105,12862,71,19,9,28,0
2020-10-13,Tulare,107,460477,17392,16822,249,17071,286
2020-10-13,Tuolumne,109,53932,256,235,5,240,4
2020-10-13,Ventura,111,848112,14368,13645,291,13936,151
2020-10-13,Yolo,113,214977,3078,2983,6,2989,55
2020-10-13,Yuba,115,75493,1184,1143,5,1148,10
2020-10-12,Alameda,001,1643700,22740,22126,209,22335,389
2020-10-12,Alpine,003,1148,3,3,0,3,0
2020-10-12,Amador,005,37829,309,305,0,305,16
2020-10-12,Butte,007,227075,3086,2975,27,3002,54
2020-10-12,Calaveras,009,45235,322,262,0,262,12
2020-10-12,Colusa,011,21464,542,541,1,542,6
2020-10-12,Contra Costa,013,1133247,18237,17728,89,17817,233
2020-10-12,Del Norte,015,27424,168,161,0,161,2
2020-10-12,El Dorado,017,186661,1313,1254,2,1256,4
2020-10-12,Fresno,019,978130,32405,29523,425,29948,421
2020-10-12,Glenn,021,27897,639,626,0,626,3
2020-10-12,Humboldt,023,135768,538,522,1,523,7
2020-10-12,Imperial,025,180216,12401,11689,19,11708,328
2020-10-12,Inyo,027,18085,217,201,4,205,14
2020-10-12,Kern,029,883053,33146,32425,367,32792,419
2020-10-12,Kings,031,150075,8316,8106,51,8157,80
2020-10-12,Lake,033,64148,681,633,0,633,12
2020-10-12,Lassen,035,31185,761,752,2,754,0
2020-10-12,Los Angeles,037,10098052,286502,280961,2430,283391,6747
2020-10-12,Madera,039,155013,4868,4689,33,4722,50
2020-10-12,Marin,041,260295,6987,6886,18,6904,97
2020-10-12,Mariposa,043,17540,77,76,0,76,2
2020-10-12,Mendocino,045,87422,1017,947,2,949,21
2020-10-12,Merced,047,269075,9280,9141,28,9169,146
2020-10-12,Modoc,049,8938,29,27,0,27,0
2020-10-12,Mono,051,14174,174,154,4,158,1
2020-10-12,Monterey,053,433212,10811,10473,48,10521,77
2020-10-12,Napa,055,140530,1900,1819,8,1827,11
2020-10-12,Nevada,057,99092,592,570,18,588,7
2020-10-12,Orange,059,3164182,58176,55373,1616,56989,1326
2020-10-12,Placer,061,380077,3955,3808,14,3822,48
2020-10-12,Plumas,063,18699,52,51,0,51,0
2020-10-12,Riverside,065,2383286,63947,62279,239,62518,1254
2020-10-12,Sacramento,067,1510023,24312,23807,28,23835,466
2020-10-12,San Benito,069,59416,1385,1376,0,1376,13
2020-10-12,San Bernardino,071,2135413,59684,57235,370,57605,1061
2020-10-12,San Diego,073,3302833,52727,50748,1293,52041,826
2020-10-12,San Francisco,075,870044,11870,11659,40,11699,122
2020-10-12,San Joaquin,077,732212,21149,20701,114,20815,480
2020-10-12,San Luis Obispo,079,281455,4097,3874,21,3895,32
2020-10-12,San Mateo,081,765935,10870,10262,9,10271,130
2020-10-12,Santa Barbara,083,443738,10200,9462,85,9547,117
2020-10-12,Santa Clara,085,1922200,23952,22578,49,22627,343
2020-10-12,Santa Cruz,087,273765,2682,2590,33,2623,13
2020-10-12,Shasta,089,179085,1839,1515,18,1533,20
2020-10-12,Sierra,091,2930,6,6,0,6,0
2020-10-12,Siskiyou,093,43540,173,162,10,172,0
2020-10-12,Solano,095,438530,6945,6742,41,6783,55
2020-10-12,Sonoma,097,501317,8795,8377,22,8399,133
2020-10-12,Stanislaus,099,539301,17219,17051,648,17699,361
2020-10-12,Sutter,101,95872,1770,1741,1,1742,12
2020-10-12,Tehama,103,63373,760,708,2,710,3
2020-10-12,Trinity,105,12862,70,19,9,28,0
2020-10-12,Tulare,107,460477,17340,16742,242,16984,286
2020-10-12,Tuolumne,109,53932,251,234,5,239,4
2020-10-12,Ventura,111,848112,14306,13617,287,13904,151
2020-10-12,Yolo,113,214977,3063,2964,6,2970,55
2020-10-12,Yuba,115,75493,1173,1141,5,1146,10
2020-10-11,Alameda,001,1643700,22650,22057,205,22262,392
2020-10-11,Alpine,003,1148,3,3,0,3,0
2020-10-11,Amador,005,37829,307,305,0,305,16
2020-10-11,Butte,007,227075,3078,2967,26,2993,54
2020-10-11,Calaveras,009,45235,320,262,0,262,12
2020-10-11,Colusa,011,21464,540,541,1,542,6
2020-10-11,Contra Costa,013,1133247,18153,17678,89,17767,233
2020-10-11,Del Norte,015,27424,166,161,0,161,2
2020-10-11,El Dorado,017,186661,1304,1242,2,1244,4
2020-10-11,Fresno,019,978130,32267,29419,417,29836,421
2020-10-11,Glenn,021,27897,637,625,0,625,3
2020-10-11,Humboldt,023,135768,537,521,1,522,7
2020-10-11,Imperial,025,180216,12341,11614,18,11632,328
2020-10-11,Inyo,027,18085,213,201,4,205,14
2020-10-11,Kern,029,883053,33059,32399,360,32759,418
2020-10-11,Kings,031,150075,8299,8094,50,8144,80
2020-10-11,Lake,033,64148,668,631,0,631,12
2020-10-11,Lassen,035,31185,760,752,2,754,0
2020-10-11,Los Angeles,037,10098052,285064,280190,2388,282578,6745
2020-10-11,Madera,039,155013,4840,4680,32,4712,50
2020-10-11,Marin,041,260295,6978,6870,18,6888,97
2020-10-11,Mariposa,043,17540,77,76,0,76,2
2020-10-11,Mendocino,045,87422,1010,944,2,946,21
2020-10-11,Merced,047,269075,9262,9124,28,9152,146
2020-10-11,Modoc,049,8938,29,27,0,27,0
2020-10-11,Mono,051,14174,174,154,4,158,1
2020-10-11,Monterey,053,433212,10760,10445,46,10491,77
2020-10-11,Napa,055,140530,1884,1811,8,1819,11
2020-10-11,Nevada,057,99092,590,569,18,587,7
2020-10-11,Orange,059,3164182,57946,55202,1610,56812,1326
2020-10-11,Placer,061,380077,3934,3787,14,3801,48
2020-10-11,Plumas,063,18699,52,51,0,51,0
2020-10-11,Riverside,065,2383286,63658,62112,235,62347,1254
2020-10-11,Sacramento,067,1510023,24170,23778,28,23806,466
2020-10-11,San Benito,069,59416,1384,1374,0,1374,13
2020-10-11,San Bernardino,071,2135413,59229,56997,368,57365,1061
2020-10-11,San Diego,073,3302833,52377,50553,1271,51824,826
2020-10-11,San Francisco,075,870044,11827,11659,40,11699,122
2020-10-11,San Joaquin,077,732212,21074,20700,104,20804,480
2020-10-11,San Luis Obispo,079,281455,4080,3874,20,3894,32
2020-10-11,San Mateo,081,765935,10839,10240,9,10249,130
2020-10-11,Santa Barbara,083,443738,10170,9440,84,9524,117
2020-10-11,Santa Clara,085,1922200,23809,22487,48,22535,336
2020-10-11,Santa Cruz,087,273765,2668,2578,33,2611,13
2020-10-11,Shasta,089,179085,1809,1515,17,1532,20
2020-10-11,Sierra,091,2930,6,6,0,6,0
2020-10-11,Siskiyou,093,43540,172,162,10,172,0
2020-10-11,Solano,095,438530,6891,6685,41,6726,53
2020-10-11,Sonoma,097,501317,8738,8319,22,8341,133
2020-10-11,Stanislaus,099,539301,17155,17007,632,17639,360
2020-10-11,Sutter,101,95872,1767,1742,1,1743,12
2020-10-11,Tehama,103,63373,736,702,2,704,3
2020-10-11,Trinity,105,12862,70,19,9,28,0
2020-10-11,Tulare,107,460477,17276,16741,234,16975,286
2020-10-11,Tuolumne,109,53932,247,234,5,239,4
2020-10-11,Ventura,111,848112,14245,13604,282,13886,151
2020-10-11,Yolo,113,214977,3033,2952,6,2958,55
2020-10-11,Yuba,115,75493,1161,1137,5,1142,10
2020-10-10,Alameda,001,1643700,22600,21979,204,22183,398
2020-10-10,Alpine,003,1148,3,3,0,3,0
2020-10-10,Amador,005,37829,306,304,0,304,16
2020-10-10,Butte,007,227075,3073,2962,25,2987,54
2020-10-10,Calaveras,009,45235,319,262,0,262,12
2020-10-10,Colusa,011,21464,540,541,1,542,6
2020-10-10,Contra Costa,013,1133247,18117,17566,88,17654,233
2020-10-10,Del Norte,015,27424,166,161,0,161,2
2020-10-10,El Dorado,017,186661,1302,1240,2,1242,4
2020-10-10,Fresno,019,978130,32203,29286,415,29701,421
2020-10-10,Glenn,021,27897,637,623,0,623,3
2020-10-10,Humboldt,023,135768,534,518,1,519,7
2020-10-10,Imperial,025,180216,12326,11591,18,11609,327
2020-10-10,Inyo,027,18085,210,201,4,205,14
2020-10-10,Kern,029,883053,33022,32338,360,32698,418
2020-10-10,Kings,031,150075,8295,8078,50,8128,80
2020-10-10,Lake,033,64148,667,630,0,630,11
2020-10-10,Lassen,035,31185,760,752,2,754,0
2020-10-10,Los Angeles,037,10098052,284344,279213,2354,281567,6743
2020-10-10,Madera,039,155013,4827,4662,32,4694,50
2020-10-10,Marin,041,260295,6969,6852,18,6870,97
2020-10-10,Mariposa,043,17540,77,76,0,76,2
2020-10-10,Mendocino,045,87422,1003,935,2,937,21
2020-10-10,Merced,047,269075,9256,9105,27,9132,146
2020-10-10,Modoc,049,8938,29,27,0,27,0
2020-10-10,Mono,051,14174,174,154,4,158,1
2020-10-10,Monterey,053,433212,10727,10410,46,10456,75
2020-10-10,Napa,055,140530,1877,1804,8,1812,11
2020-10-10,Nevada,057,99092,587,564,18,582,6
2020-10-10,Orange,059,3164182,57825,54965,1605,56570,1324
2020-10-10,Placer,061,380077,3917,3757,14,3771,48
2020-10-10,Plumas,063,18699,52,51,0,51,0
2020-10-10,Riverside,065,2383286,63454,61845,233,62078,1254
2020-10-10,Sacramento,067,1510023,24103,23689,28,23717,466
2020-10-10,San Benito,069,59416,1382,1370,0,1370,13
2020-10-10,San Bernardino,071,2135413,59067,56683,366,57049,1061
2020-10-10,San Diego,073,3302833,52147,50145,1253,51398,825
2020-10-10,San Francisco,075,870044,11806,11663,40,11703,122
2020-10-10,San Joaquin,077,732212,21046,20700,100,20800,481
2020-10-10,San Luis Obispo,079,281455,4060,3832,20,3852,32
2020-10-10,San Mateo,081,765935,10802,10218,9,10227,130
2020-10-10,Santa Barbara,083,443738,10159,9417,84,9501,116
2020-10-10,Santa Clara,085,1922200,23717,22354,48,22402,330
2020-10-10,Santa Cruz,087,273765,2654,2572,33,2605,13
2020-10-10,Shasta,089,179085,1792,1473,17,1490,20
2020-10-10,Sierra,091,2930,6,6,0,6,0
2020-10-10,Siskiyou,093,43540,172,161,10,171,0
2020-10-10,Solano,095,438530,6865,6655,41,6696,53
2020-10-10,Sonoma,097,501317,8718,8235,22,8257,133
2020-10-10,Stanislaus,099,539301,17120,16960,624,17584,360
2020-10-10,Sutter,101,95872,1764,1735,1,1736,12
2020-10-10,Tehama,103,63373,729,693,2,695,3
2020-10-10,Trinity,105,12862,70,19,9,28,0
2020-10-10,Tulare,107,460477,17241,16709,229,16938,286
2020-10-10,Tuolumne,109,53932,247,233,5,238,4
2020-10-10,Ventura,111,848112,14220,13520,282,13802,151
2020-10-10,Yolo,113,214977,3024,2939,6,2945,55
2020-10-10,Yuba,115,75493,1159,1134,5,1139,10
2020-10-09,Alameda,001,1643700,22552,21924,204,22128,399
2020-10-09,Alpine,003,1148,3,3,0,3,0
2020-10-09,Amador,005,37829,306,303,0,303,16
2020-10-09,Butte,007,227075,3070,2956,25,2981,51
2020-10-09,Calaveras,009,45235,317,262,0,262,11
2020-10-09,Colusa,011,21464,540,541,1,542,6
2020-10-09,Contra Costa,013,1133247,18067,17487,88,17575,229
2020-10-09,Del Norte,015,27424,165,161,0,161,2
2020-10-09,El Dorado,017,186661,1298,1234,2,1236,4
2020-10-09,Fresno,019,978130,32130,29208,413,29621,417
2020-10-09,Glenn,021,27897,632,617,0,617,3
2020-10-09,Humboldt,023,135768,532,516,1,517,7
2020-10-09,Imperial,025,180216,12299,11516,18,11534,330
2020-10-09,Inyo,027,18085,207,200,4,204,14
2020-10-09,Kern,029,883053,32979,32237,358,32595,417
2020-10-09,Kings,031,150075,8288,7993,48,8041,80
2020-10-09,Lake,033,64148,657,610,0,610,11
2020-10-09,Lassen,035,31185,760,751,2,753,0
2020-10-09,Los Angeles,037,10098052,283210,278039,2329,280368,6715
2020-10-09,Madera,039,155013,4817,4646,32,4678,50
2020-10-09,Marin,041,260295,6955,6838,18,6856,96
2020-10-09,Mariposa,043,17540,77,76,0,76,2
2020-10-09,Mendocino,045,87422,993,933,2,935,20
2020-10-09,Merced,047,269075,9242,9095,27,9122,145
2020-10-09,Modoc,049,8938,29,27,0,27,0
2020-10-09,Mono,051,14174,174,154,4,158,1
2020-10-09,Monterey,053,433212,10693,10369,46,10415,75
2020-10-09,Napa,055,140530,1867,1795,8,1803,11
2020-10-09,Nevada,057,99092,582,561,18,579,6
2020-10-09,Orange,059,3164182,57653,54746,1600,56346,1305
2020-10-09,Placer,061,380077,3903,3737,14,3751,48
2020-10-09,Plumas,063,18699,52,50,0,50,0
2020-10-09,Riverside,065,2383286,63218,61529,232,61761,1252
2020-10-09,Sacramento,067,1510023,24033,23606,28,23634,457
2020-10-09,San Benito,069,59416,1377,1367,0,1367,13
2020-10-09,San Bernardino,071,2135413,58827,56434,364,56798,1057
2020-10-09,San Diego,073,3302833,51871,49825,1242,51067,821
2020-10-09,San Francisco,075,870044,11776,11620,40,11660,120
2020-10-09,San Joaquin,077,732212,21016,20648,91,20739,481
2020-10-09,San Luis Obispo,079,281455,4041,3810,20,3830,32
2020-10-09,San Mateo,081,765935,10774,10140,9,10149,130
2020-10-09,Santa Barbara,083,443738,10131,9396,84,9480,116
2020-10-09,Santa Clara,085,1922200,23615,22251,47,22298,328
2020-10-09,Santa Cruz,087,273765,2645,2555,33,2588,13
2020-10-09,Shasta,089,179085,1765,1353,16,1369,20
2020-10-09,Sierra,091,2930,6,6,0,6,0
2020-10-09,Siskiyou,093,43540,170,156,10,166,0
2020-10-09,Solano,095,438530,6826,6614,41,6655,53
2020-10-09,Sonoma,097,501317,8664,8133,22,8155,133
2020-10-09,Stanislaus,099,539301,17097,16904,615,17519,362
2020-10-09,Sutter,101,95872,1760,1732,1,1733,12
2020-10-09,Tehama,103,63373,723,682,2,684,3
2020-10-09,Trinity,105,12862,70,25,9,34,0
2020-10-09,Tulare,107,460477,17201,16644,220,16864,286
2020-10-09,Tuolumne,109,53932,244,230,5,235,4
2020-10-09,Ventura,111,848112,14184,13469,279,13748,151
2020-10-09,Yolo,113,214977,3017,2928,6,2934,55
2020-10-09,Yuba,115,75493,1158,1129,5,1134,10
2020-10-08,Alameda,001,1643700,22471,21826,203,22029,395
2020-10-08,Alpine,003,1148,3,3,0,3,0
2020-10-08,Amador,005,37829,305,302,0,302,16
2020-10-08,Butte,007,227075,3060,2935,25,2960,51
2020-10-08,Calaveras,009,45235,316,262,0,262,11
2020-10-08,Colusa,011,21464,540,539,1,540,6
2020-10-08,Contra Costa,013,1133247,18007,17418,87,17505,228
2020-10-08,Del Norte,015,27424,165,151,0,151,2
2020-10-08,El Dorado,017,186661,1297,1230,2,1232,4
2020-10-08,Fresno,019,978130,32025,29111,413,29524,416
2020-10-08,Glenn,021,27897,629,616,0,616,3
2020-10-08,Humboldt,023,135768,528,515,1,516,7
2020-10-08,Imperial,025,180216,12260,11405,18,11423,330
2020-10-08,Inyo,027,18085,204,199,4,203,14
2020-10-08,Kern,029,883053,32921,32169,353,32522,411
2020-10-08,Kings,031,150075,8282,7968,48,8016,80
2020-10-08,Lake,033,64148,652,604,0,604,11
2020-10-08,Lassen,035,31185,755,751,2,753,0
2020-10-08,Los Angeles,037,10098052,282010,276763,2289,279052,6699
2020-10-08,Madera,039,155013,4798,4637,32,4669,50
2020-10-08,Marin,041,260295,6941,6810,18,6828,96
2020-10-08,Mariposa,043,17540,77,76,0,76,2
2020-10-08,Mendocino,045,87422,988,930,2,932,20
2020-10-08,Merced,047,269075,9222,9069,27,9096,144
2020-10-08,Modoc,049,8938,29,27,0,27,0
2020-10-08,Mono,051,14174,174,153,4,157,1
2020-10-08,Monterey,053,433212,10626,10343,46,10389,75
2020-10-08,Napa,055,140530,1852,1779,8,1787,11
2020-10-08,Nevada,057,99092,579,556,18,574,6
2020-10-08,Orange,059,3164182,57459,54523,1589,56112,1293
2020-10-08,Placer,061,380077,3885,3715,14,3729,48
2020-10-08,Plumas,063,18699,52,50,0,50,0
2020-10-08,Riverside,065,2383286,62949,61105,230,61335,1244
2020-10-08,Sacramento,067,1510023,23925,23482,28,23510,454
2020-10-08,San Benito,069,59416,1372,1367,0,1367,13
2020-10-08,San Bernardino,071,2135413,58462,56152,363,56515,1048
2020-10-08,San Diego,073,3302833,51591,49468,1210,50678,819
2020-10-08,San Francisco,075,870044,11738,11608,40,11648,115
2020-10-08,San Joaquin,077,732212,20965,20576,86,20662,478
2020-10-08,San Luis Obispo,079,281455,4025,3785,20,3805,32
2020-10-08,San Mateo,081,765935,10742,10044,9,10053,130
2020-10-08,Santa Barbara,083,443738,10102,9374,84,9458,116
2020-10-08,Santa Clara,085,1922200,23513,22095,47,22142,323
2020-10-08,Santa Cruz,087,273765,2633,2535,33,2568,13
2020-10-08,Shasta,089,179085,1731,1305,16,1321,20
2020-10-08,Sierra,091,2930,6,6,0,6,0
2020-10-08,Siskiyou,093,43540,170,156,10,166,0
2020-10-08,Solano,095,438530,6802,6556,41,6597,53
2020-10-08,Sonoma,097,501317,8598,8063,22,8085,132
2020-10-08,Stanislaus,099,539301,17051,16821,607,17428,360
2020-10-08,Sutter,101,95872,1760,1725,1,1726,12
2020-10-08,Tehama,103,63373,714,676,2,678,3
2020-10-08,Trinity,105,12862,69,25,9,34,0
2020-10-08,Tulare,107,460477,17140,16573,211,16784,283
2020-10-08,Tuolumne,109,53932,243,230,5,235,4
2020-10-08,Ventura,111,848112,14136,13399,277,13676,151
2020-10-08,Yolo,113,214977,3000,2914,6,2920,55
2020-10-08,Yuba,115,75493,1153,1126,5,1131,10
2020-10-07,Alameda,001,1643700,22394,21736,203,21939,395
2020-10-07,Alpine,003,1148,3,3,0,3,0
2020-10-07,Amador,005,37829,305,302,0,302,16
2020-10-07,Butte,007,227075,3048,2927,25,2952,47
2020-10-07,Calaveras,009,45235,314,262,0,262,11
2020-10-07,Colusa,011,21464,539,539,0,539,6
2020-10-07,Contra Costa,013,1133247,17937,17346,86,17432,225
2020-10-07,Del Norte,015,27424,164,149,0,149,2
2020-10-07,El Dorado,017,186661,1289,1219,2,1221,4
2020-10-07,Fresno,019,978130,31904,29069,408,29477,413
2020-10-07,Glenn,021,27897,629,615,0,615,3
2020-10-07,Humboldt,023,135768,525,512,1,513,7
2020-10-07,Imperial,025,180216,12223,11289,16,11305,330
2020-10-07,Inyo,027,18085,204,199,4,203,14
2020-10-07,Kern,029,883053,32848,32068,352,32420,410
2020-10-07,Kings,031,150075,8267,7948,48,7996,80
2020-10-07,Lake,033,64148,651,599,0,599,11
2020-10-07,Lassen,035,31185,755,751,2,753,0
2020-10-07,Los Angeles,037,10098052,280831,275559,2255,277814,6681
2020-10-07,Madera,039,155013,4778,4618,32,4650,50
2020-10-07,Marin,041,260295,6914,6790,18,6808,95
2020-10-07,Mariposa,043,17540,77,75,0,75,2
2020-10-07,Mendocino,045,87422,982,927,2,929,19
2020-10-07,Merced,047,269075,9185,9045,26,9071,144
2020-10-07,Modoc,049,8938,29,27,0,27,0
2020-10-07,Mono,051,14174,173,153,3,156,1
2020-10-07,Monterey,053,433212,10567,10272,46,10318,75
2020-10-07,Napa,055,140530,1839,1774,8,1782,11
2020-10-07,Nevada,057,99092,575,552,18,570,6
2020-10-07,Orange,059,3164182,57241,54332,1579,55911,1277
2020-10-07,Placer,061,380077,3869,3693,14,3707,48
2020-10-07,Plumas,063,18699,52,50,0,50,0
2020-10-07,Riverside,065,2383286,62602,60857,226,61083,1241
2020-10-07,Sacramento,067,1510023,23828,23380,28,23408,452
2020-10-07,San Benito,069,59416,1369,1363,0,1363,13
2020-10-07,San Bernardino,071,2135413,58114,55738,362,56100,1043
2020-10-07,San Diego,073,3302833,51275,49177,1186,50363,813
2020-10-07,San Francisco,075,870044,11703,11551,40,11591,115
2020-10-07,San Joaquin,077,732212,20912,20527,79,20606,478
2020-10-07,San Luis Obispo,079,281455,3995,3749,20,3769,32
2020-10-07,San Mateo,081,765935,10699,9980,9,9989,130
2020-10-07,Santa Barbara,083,443738,10074,9350,83,9433,116
2020-10-07,Santa Clara,085,1922200,23385,21993,47,22040,320
2020-10-07,Santa Cruz,087,273765,2621,2518,33,2551,14
2020-10-07,Shasta,089,179085,1688,1268,16,1284,20
2020-10-07,Sierra,091,2930,6,6,0,6,0
2020-10-07,Siskiyou,093,43540,168,154,10,164,0
2020-10-07,Solano,095,438530,6767,6526,41,6567,53
2020-10-07,Sonoma,097,501317,8522,7993,21,8014,130
2020-10-07,Stanislaus,099,539301,17016,16786,601,17387,357
2020-10-07,Sutter,101,95872,1756,1723,1,1724,12
2020-10-07,Tehama,103,63373,705,666,2,668,3
2020-10-07,Trinity,105,12862,65,25,8,33,0
2020-10-07,Tulare,107,460477,17097,16483,202,16685,282
2020-10-07,Tuolumne,109,53932,243,227,5,232,3
2020-10-07,Ventura,111,848112,14086,13333,271,13604,150
2020-10-07,Yolo,113,214977,2974,2904,6,2910,55
2020-10-07,Yuba,115,75493,1147,1120,5,1125,10
2020-10-06,Alameda,001,1643700,22303,21698,201,21899,385
2020-10-06,Alpine,003,1148,3,3,0,3,0
2020-10-06,Amador,005,37829,303,301,0,301,16
2020-10-06,Butte,007,227075,3041,2925,25,2950,47
2020-10-06,Calaveras,009,45235,314,261,0,261,11
2020-10-06,Colusa,011,21464,538,538,0,538,6
2020-10-06,Contra Costa,013,1133247,17858,17295,86,17381,219
2020-10-06,Del Norte,015,27424,164,144,0,144,2
2020-10-06,El Dorado,017,186661,1285,1211,2,1213,4
2020-10-06,Fresno,019,978130,31759,29022,405,29427,412
2020-10-06,Glenn,021,27897,626,604,0,604,3
2020-10-06,Humboldt,023,135768,522,508,1,509,7
2020-10-06,Imperial,025,180216,12185,11196,15,11211,327
2020-10-06,Inyo,027,18085,202,198,4,202,14
2020-10-06,Kern,029,883053,32771,32006,350,32356,407
2020-10-06,Kings,031,150075,8251,7943,48,7991,81
2020-10-06,Lake,033,64148,645,596,0,596,11
2020-10-06,Lassen,035,31185,755,743,2,745,0
2020-10-06,Los Angeles,037,10098052,279594,274115,2205,276320,6657
2020-10-06,Madera,039,155013,4766,4608,32,4640,50
2020-10-06,Marin,041,260295,6900,6766,18,6784,91
2020-10-06,Mariposa,043,17540,77,75,0,75,2
2020-10-06,Mendocino,045,87422,975,920,2,922,19
2020-10-06,Merced,047,269075,9149,9034,25,9059,143
2020-10-06,Modoc,049,8938,29,26,0,26,0
2020-10-06,Mono,051,14174,173,153,3,156,1
2020-10-06,Monterey,053,433212,10511,10235,44,10279,72
2020-10-06,Napa,055,140530,1833,1770,8,1778,11
2020-10-06,Nevada,057,99092,573,551,18,569,6
2020-10-06,Orange,059,3164182,57026,54203,1570,55773,1273
2020-10-06,Placer,061,380077,3847,3680,14,3694,48
2020-10-06,Plumas,063,18699,52,49,0,49,0
2020-10-06,Riverside,065,2383286,62337,60593,223,60816,1238
2020-10-06,Sacramento,067,1510023,23741,23322,28,23350,442
2020-10-06,San Benito,069,59416,1368,1358,0,1358,12
2020-10-06,San Bernardino,071,2135413,57799,55416,358,55774,1040
2020-10-06,San Diego,073,3302833,50938,48823,1169,49992,806
2020-10-06,San Francisco,075,870044,11677,11513,39,11552,115
2020-10-06,San Joaquin,077,732212,20872,20481,76,20557,477
2020-10-06,San Luis Obispo,079,281455,3960,3723,20,3743,32
2020-10-06,San Mateo,081,765935,10666,9934,9,9943,129
2020-10-06,Santa Barbara,083,443738,10045,9331,82,9413,116
2020-10-06,Santa Clara,085,1922200,23290,21914,47,21961,320
2020-10-06,Santa Cruz,087,273765,2599,2510,33,2543,12
2020-10-06,Shasta,089,179085,1648,1242,16,1258,18
2020-10-06,Sierra,091,2930,6,6,0,6,0
2020-10-06,Siskiyou,093,43540,168,154,10,164,0
2020-10-06,Solano,095,438530,6721,6506,41,6547,52
2020-10-06,Sonoma,097,501317,8430,7895,21,7916,130
2020-10-06,Stanislaus,099,539301,16971,16759,595,17354,354
2020-10-06,Sutter,101,95872,1754,1722,1,1723,12
2020-10-06,Tehama,103,63373,696,660,2,662,3
2020-10-06,Trinity,105,12862,65,25,8,33,0
2020-10-06,Tulare,107,460477,17055,16456,194,16650,280
2020-10-06,Tuolumne,109,53932,242,227,5,232,2
2020-10-06,Ventura,111,848112,14019,13242,266,13508,150
2020-10-06,Yolo,113,214977,2960,2899,6,2905,56
2020-10-06,Yuba,115,75493,1146,1114,5,1119,10
2020-10-05,Alameda,001,1643700,22215,21637,198,21835,383
2020-10-05,Alpine,003,1148,3,2,0,2,0
2020-10-05,Amador,005,37829,303,299,0,299,16
2020-10-05,Butte,007,227075,3031,2910,25,2935,46
2020-10-05,Calaveras,009,45235,314,259,0,259,11
2020-10-05,Colusa,011,21464,538,537,0,537,6
2020-10-05,Contra Costa,013,1133247,17781,17250,86,17336,216
2020-10-05,Del Norte,015,27424,161,142,0,142,2
2020-10-05,El Dorado,017,186661,1281,1202,2,1204,4
2020-10-05,Fresno,019,978130,31642,29136,405,29541,408
2020-10-05,Glenn,021,27897,624,603,0,603,3
2020-10-05,Humboldt,023,135768,521,506,1,507,6
2020-10-05,Imperial,025,180216,12146,11169,14,11183,327
2020-10-05,Inyo,027,18085,202,197,4,201,14
2020-10-05,Kern,029,883053,32691,31933,346,32279,404
2020-10-05,Kings,031,150075,8154,7932,48,7980,80
2020-10-05,Lake,033,64148,641,592,0,592,10
2020-10-05,Lassen,035,31185,754,743,2,745,0
2020-10-05,Los Angeles,037,10098052,278508,273200,2163,275363,6632
2020-10-05,Madera,039,155013,4758,4598,30,4628,50
2020-10-05,Marin,041,260295,6883,6751,18,6769,91
2020-10-05,Mariposa,043,17540,77,75,0,75,2
2020-10-05,Mendocino,045,87422,967,913,2,915,19
2020-10-05,Merced,047,269075,9130,9021,24,9045,143
2020-10-05,Modoc,049,8938,29,26,0,26,0
2020-10-05,Mono,051,14174,173,152,3,155,1
2020-10-05,Monterey,053,433212,10464,10187,44,10231,72
2020-10-05,Napa,055,140530,1823,1760,8,1768,11
2020-10-05,Nevada,057,99092,570,550,17,567,6
2020-10-05,Orange,059,3164182,56811,54103,1557,55660,1271
2020-10-05,Placer,061,380077,3821,3670,14,3684,46
2020-10-05,Plumas,063,18699,51,49,0,49,0
2020-10-05,Riverside,065,2383286,62017,60454,219,60673,1232
2020-10-05,Sacramento,067,1510023,23637,23207,28,23235,438
2020-10-05,San Benito,069,59416,1365,1356,0,1356,12
2020-10-05,San Bernardino,071,2135413,57491,55100,357,55457,1031
2020-10-05,San Diego,073,3302833,50602,48662,1145,49807,803
2020-10-05,San Francisco,075,870044,11638,11476,36,11512,110
2020-10-05,San Joaquin,077,732212,20801,20319,73,20392,476
2020-10-05,San Luis Obispo,079,281455,3933,3710,20,3730,32
2020-10-05,San Mateo,081,765935,10639,9896,9,9905,128
2020-10-05,Santa Barbara,083,443738,10023,9309,82,9391,116
2020-10-05,Santa Clara,085,1922200,23173,21861,47,21908,319
2020-10-05,Santa Cruz,087,273765,2587,2492,33,2525,9
2020-10-05,Shasta,089,179085,1615,1158,16,1174,18
2020-10-05,Sierra,091,2930,6,6,0,6,0
2020-10-05,Siskiyou,093,43540,168,153,10,163,0
2020-10-05,Solano,095,438530,6682,6475,41,6516,52
2020-10-05,Sonoma,097,501317,8338,7817,21,7838,130
2020-10-05,Stanislaus,099,539301,16936,16730,588,17318,351
2020-10-05,Sutter,101,95872,1746,1719,1,1720,12
2020-10-05,Tehama,103,63373,688,642,2,644,3
2020-10-05,Trinity,105,12862,63,22,8,30,0
2020-10-05,Tulare,107,460477,16996,16343,190,16533,278
2020-10-05,Tuolumne,109,53932,239,226,5,231,2
2020-10-05,Ventura,111,848112,13950,13224,246,13470,149
2020-10-05,Yolo,113,214977,2941,2889,6,2895,56
2020-10-05,Yuba,115,75493,1133,1108,5,1113,9
2020-10-04,Alameda,001,1643700,22119,21597,198,21795,383
2020-10-04,Alpine,003,1148,3,2,0,2,0
2020-10-04,Amador,005,37829,301,297,0,297,16
2020-10-04,Butte,007,227075,3017,2903,25,2928,46
2020-10-04,Calaveras,009,45235,314,259,0,259,11
2020-10-04,Colusa,011,21464,537,537,0,537,6
2020-10-04,Contra Costa,013,1133247,17716,17192,86,17278,214
2020-10-04,Del Norte,015,27424,157,142,0,142,2
2020-10-04,El Dorado,017,186661,1277,1196,2,1198,4
2020-10-04,Fresno,019,978130,31519,29065,405,29470,408
2020-10-04,Glenn,021,27897,622,601,0,601,3
2020-10-04,Humboldt,023,135768,520,506,1,507,6
2020-10-04,Imperial,025,180216,12106,11127,14,11141,327
2020-10-04,Inyo,027,18085,199,195,4,199,14
2020-10-04,Kern,029,883053,32617,31906,343,32249,404
2020-10-04,Kings,031,150075,8139,7919,48,7967,80
2020-10-04,Lake,033,64148,627,589,0,589,10
2020-10-04,Lassen,035,31185,754,743,2,745,0
2020-10-04,Los Angeles,037,10098052,277119,272822,2117,274939,6625
2020-10-04,Madera,039,155013,4742,4587,30,4617,50
2020-10-04,Marin,041,260295,6863,6741,18,6759,91
2020-10-04,Mariposa,043,17540,77,75,0,75,2
2020-10-04,Mendocino,045,87422,954,905,2,907,18
2020-10-04,Merced,047,269075,9105,9006,24,9030,140
2020-10-04,Modoc,049,8938,29,26,0,26,0
2020-10-04,Mono,051,14174,172,152,2,154,1
2020-10-04,Monterey,053,433212,10423,10141,43,10184,72
2020-10-04,Napa,055,140530,1811,1759,8,1767,11
2020-10-04,Nevada,057,99092,566,547,16,563,6
2020-10-04,Orange,059,3164182,56575,53966,1548,55514,1270
2020-10-04,Placer,061,380077,3800,3664,14,3678,46
2020-10-04,Plumas,063,18699,51,49,0,49,0
2020-10-04,Riverside,065,2383286,61731,60251,215,60466,1226
2020-10-04,Sacramento,067,1510023,23524,23162,28,23190,438
2020-10-04,San Benito,069,59416,1365,1355,0,1355,12
2020-10-04,San Bernardino,071,2135413,57045,55100,355,55455,1031
2020-10-04,San Diego,073,3302833,50235,48438,1120,49558,803
2020-10-04,San Francisco,075,870044,11606,11474,34,11508,110
2020-10-04,San Joaquin,077,732212,20724,20320,67,20387,476
2020-10-04,San Luis Obispo,079,281455,3908,3688,20,3708,31
2020-10-04,San Mateo,081,765935,10578,9858,9,9867,128
2020-10-04,Santa Barbara,083,443738,9997,9276,80,9356,116
2020-10-04,Santa Clara,085,1922200,23035,21780,47,21827,316
2020-10-04,Santa Cruz,087,273765,2571,2483,33,2516,9
2020-10-04,Shasta,089,179085,1517,1158,15,1173,18
2020-10-04,Sierra,091,2930,6,6,0,6,0
2020-10-04,Siskiyou,093,43540,168,153,10,163,0
2020-10-04,Solano,095,438530,6631,6445,41,6486,52
2020-10-04,Sonoma,097,501317,8250,7794,21,7815,129
2020-10-04,Stanislaus,099,539301,16886,16711,579,17290,351
2020-10-04,Sutter,101,95872,1742,1711,1,1712,11
2020-10-04,Tehama,103,63373,673,637,2,639,3
2020-10-04,Trinity,105,12862,62,21,8,29,0
2020-10-04,Tulare,107,460477,16919,16343,178,16521,278
2020-10-04,Tuolumne,109,53932,237,226,5,231,2
2020-10-04,Ventura,111,848112,13868,13197,229,13426,149
2020-10-04,Yolo,113,214977,2930,2875,6,2881,56
2020-10-04,Yuba,115,75493,1129,1103,5,1108,9
2020-10-03,Alameda,001,1643700,22073,21510,197,21707,386
2020-10-03,Alpine,003,1148,3,2,0,2,0
2020-10-03,Amador,005,37829,300,296,0,296,16
2020-10-03,Butte,007,227075,3011,2894,25,2919,46
2020-10-03,Calaveras,009,45235,314,259,0,259,11
2020-10-03,Colusa,011,21464,536,537,0,537,6
2020-10-03,Contra Costa,013,1133247,17666,17087,84,17171,213
2020-10-03,Del Norte,015,27424,153,142,0,142,2
2020-10-03,El Dorado,017,186661,1270,1188,2,1190,4
2020-10-03,Fresno,019,978130,31459,28975,404,29379,408
2020-10-03,Glenn,021,27897,620,601,0,601,3
2020-10-03,Humboldt,023,135768,519,504,1,505,6
2020-10-03,Imperial,025,180216,12083,11090,14,11104,327
2020-10-03,Inyo,027,18085,199,194,4,198,14
2020-10-03,Kern,029,883053,32566,31864,340,32204,403
2020-10-03,Kings,031,150075,8135,7887,48,7935,80
2020-10-03,Lake,033,64148,617,588,0,588,10
2020-10-03,Lassen,035,31185,754,743,2,745,0
2020-10-03,Los Angeles,037,10098052,276414,271869,2088,273957,6620
2020-10-03,Madera,039,155013,4725,4565,30,4595,50
2020-10-03,Marin,041,260295,6857,6728,18,6746,91
2020-10-03,Mariposa,043,17540,77,75,0,75,2
2020-10-03,Mendocino,045,87422,952,898,2,900,18
2020-10-03,Merced,047,269075,9092,8986,24,9010,139
2020-10-03,Modoc,049,8938,29,26,0,26,0
2020-10-03,Mono,051,14174,171,152,2,154,1
2020-10-03,Monterey,053,433212,10389,10092,40,10132,72
2020-10-03,Napa,055,140530,1807,1752,8,1760,11
2020-10-03,Nevada,057,99092,564,544,16,560,6
2020-10-03,Orange,059,3164182,56458,53573,1543,55116,1268
2020-10-03,Placer,061,380077,3789,3648,14,3662,47
2020-10-03,Plumas,063,18699,51,48,0,48,0
2020-10-03,Riverside,065,2383286,61579,59991,213,60204,1226
2020-10-03,Sacramento,067,1510023,23473,23076,28,23104,437
2020-10-03,San Benito,069,59416,1365,1351,0,1351,12
2020-10-03,San Bernardino,071,2135413,56872,55004,352,55356,1031
2020-10-03,San Diego,073,3302833,50004,48202,1103,49305,798
2020-10-03,San Francisco,075,870044,11581,11475,32,11507,110
2020-10-03,San Joaquin,077,732212,20698,20322,67,20389,476
2020-10-03,San Luis Obispo,079,281455,3884,3670,20,3690,31
2020-10-03,San Mateo,081,765935,10552,9822,8,9830,128
2020-10-03,Santa Barbara,083,443738,9984,9256,80,9336,116
2020-10-03,Santa Clara,085,1922200,22955,21672,47,21719,309
2020-10-03,Santa Cruz,087,273765,2563,2476,33,2509,9
2020-10-03,Shasta,089,179085,1489,1117,14,1131,18
2020-10-03,Sierra,091,2930,6,6,0,6,0
2020-10-03,Siskiyou,093,43540,168,152,10,162,0
2020-10-03,Solano,095,438530,6605,6419,41,6460,52
2020-10-03,Sonoma,097,501317,8207,7747,21,7768,129
2020-10-03,Stanislaus,099,539301,16853,16645,575,17220,351
2020-10-03,Sutter,101,95872,1738,1705,1,1706,11
2020-10-03,Tehama,103,63373,667,630,2,632,3
2020-10-03,Trinity,105,12862,62,15,8,23,0
2020-10-03,Tulare,107,460477,16875,16322,174,16496,278
2020-10-03,Tuolumne,109,53932,236,224,5,229,2
2020-10-03,Ventura,111,848112,13829,13150,225,13375,148
2020-10-03,Yolo,113,214977,2923,2863,6,2869,56
2020-10-03,Yuba,115,75493,1121,1097,5,1102,8
2020-10-02,Alameda,001,1643700,22018,21404,196,21600,382
2020-10-02,Alpine,003,1148,3,2,0,2,0
2020-10-02,Amador,005,37829,299,296,0,296,16
2020-10-02,Butte,007,227075,3001,2879,25,2904,46
2020-10-02,Calaveras,009,45235,313,259,0,259,11
2020-10-02,Colusa,011,21464,535,537,0,537,6
2020-10-02,Contra Costa,013,1133247,17623,17002,83,17085,213
2020-10-02,Del Norte,015,27424,152,141,0,141,2
2020-10-02,El Dorado,017,186661,1263,1168,2,1170,4
2020-10-02,Fresno,019,978130,31376,28855,404,29259,403
2020-10-02,Glenn,021,27897,615,594,0,594,3
2020-10-02,Humboldt,023,135768,518,503,1,504,6
2020-10-02,Imperial,025,180216,12061,11024,14,11038,327
2020-10-02,Inyo,027,18085,197,191,4,195,14
2020-10-02,Kern,029,883053,32514,31790,338,32128,399
2020-10-02,Kings,031,150075,8126,7716,48,7764,79
2020-10-02,Lake,033,64148,611,579,0,579,10
2020-10-02,Lassen,035,31185,754,742,2,744,0
2020-10-02,Los Angeles,037,10098052,275513,270935,2060,272995,6602
2020-10-02,Madera,039,155013,4716,4537,30,4567,49
2020-10-02,Marin,041,260295,6840,6717,18,6735,91
2020-10-02,Mariposa,043,17540,77,75,0,75,2
2020-10-02,Mendocino,045,87422,948,883,2,885,18
2020-10-02,Merced,047,269075,9082,8961,24,8985,139
2020-10-02,Modoc,049,8938,29,26,0,26,0
2020-10-02,Mono,051,14174,171,150,2,152,1
2020-10-02,Monterey,053,433212,10355,9997,40,10037,71
2020-10-02,Napa,055,140530,1801,1737,8,1745,11
2020-10-02,Nevada,057,99092,561,543,16,559,6
2020-10-02,Orange,059,3164182,56327,53299,1536,54835,1262
2020-10-02,Placer,061,380077,3769,3612,14,3626,46
2020-10-02,Plumas,063,18699,51,48,0,48,0
2020-10-02,Riverside,065,2383286,61358,59673,210,59883,1223
2020-10-02,Sacramento,067,1510023,23408,22818,28,22846,436
2020-10-02,San Benito,069,59416,1361,1347,0,1347,12
2020-10-02,San Bernardino,071,2135413,56685,54613,352,54965,1028
2020-10-02,San Diego,073,3302833,49751,47793,1088,48881,794
2020-10-02,San Francisco,075,870044,11558,11398,32,11430,110
2020-10-02,San Joaquin,077,732212,20664,20235,66,20301,474
2020-10-02,San Luis Obispo,079,281455,3861,3654,20,3674,31
2020-10-02,San Mateo,081,765935,10511,9745,8,9753,128
2020-10-02,Santa Barbara,083,443738,9962,9234,80,9314,116
2020-10-02,Santa Clara,085,1922200,22869,21545,46,21591,305
2020-10-02,Santa Cruz,087,273765,2546,2463,33,2496,9
2020-10-02,Shasta,089,179085,1454,1046,14,1060,18
2020-10-02,Sierra,091,2930,6,6,0,6,0
2020-10-02,Siskiyou,093,43540,168,151,10,161,0
2020-10-02,Solano,095,438530,6575,6385,41,6426,52
2020-10-02,Sonoma,097,501317,8150,7662,21,7683,125
2020-10-02,Stanislaus,099,539301,16812,16609,566,17175,349
2020-10-02,Sutter,101,95872,1737,1693,1,1694,11
2020-10-02,Tehama,103,63373,662,619,2,621,3
2020-10-02,Trinity,105,12862,62,15,8,23,0
2020-10-02,Tulare,107,460477,16834,16245,167,16412,278
2020-10-02,Tuolumne,109,53932,234,225,5,230,2
2020-10-02,Ventura,111,848112,13790,13120,221,13341,146
2020-10-02,Yolo,113,214977,2918,2845,6,2851,55
2020-10-02,Yuba,115,75493,1119,1090,5,1095,8
2020-10-01,Alameda,001,1643700,21957,21349,192,21541,383
2020-10-01,Alpine,003,1148,3,2,0,2,0
2020-10-01,Amador,005,37829,299,294,0,294,16
2020-10-01,Butte,007,227075,2993,2865,25,2890,45
2020-10-01,Calaveras,009,45235,313,257,0,257,11
2020-10-01,Colusa,011,21464,535,536,0,536,6
2020-10-01,Contra Costa,013,1133247,17561,16898,83,16981,211
2020-10-01,Del Norte,015,27424,147,140,0,140,2
2020-10-01,El Dorado,017,186661,1259,1162,1,1163,4
2020-10-01,Fresno,019,978130,31296,28796,402,29198,397
2020-10-01,Glenn,021,27897,611,593,0,593,3
2020-10-01,Humboldt,023,135768,518,499,1,500,6
2020-10-01,Imperial,025,180216,12018,10928,12,10940,325
2020-10-01,Inyo,027,18085,197,191,4,195,14
2020-10-01,Kern,029,883053,32451,31678,333,32011,399
2020-10-01,Kings,031,150075,8115,7688,45,7733,79
2020-10-01,Lake,033,64148,605,572,0,572,11
2020-10-01,Lassen,035,31185,751,742,2,744,0
2020-10-01,Los Angeles,037,10098052,274471,271513,2026,273539,6621
2020-10-01,Madera,039,155013,4693,4508,30,4538,48
2020-10-01,Marin,041,260295,6826,6710,18,6728,92
2020-10-01,Mariposa,043,17540,77,76,0,76,2
2020-10-01,Mendocino,045,87422,943,874,2,876,19
2020-10-01,Merced,047,269075,9054,8942,24,8966,138
2020-10-01,Modoc,049,8938,29,26,0,26,0
2020-10-01,Mono,051,14174,169,150,2,152,1
2020-10-01,Monterey,053,433212,10279,9958,40,9998,71
2020-10-01,Napa,055,140530,1793,1729,8,1737,11
2020-10-01,Nevada,057,99092,560,543,16,559,6
2020-10-01,Orange,059,3164182,56162,53088,1523,54611,1257
2020-10-01,Placer,061,380077,3742,3599,14,3613,45
2020-10-01,Plumas,063,18699,51,48,0,48,0
2020-10-01,Riverside,065,2383286,61106,59293,204,59497,1223
2020-10-01,Sacramento,067,1510023,23296,22714,27,22741,433
2020-10-01,San Benito,069,59416,1359,1346,0,1346,12
2020-10-01,San Bernardino,071,2135413,56391,54350,349,54699,1021
2020-10-01,San Diego,073,3302833,49469,47487,1068,48555,792
2020-10-01,San Francisco,075,870044,11527,11284,30,11314,110
2020-10-01,San Joaquin,077,732212,20617,20204,63,20267,471
2020-10-01,San Luis Obispo,079,281455,3834,3625,20,3645,31
2020-10-01,San Mateo,081,765935,10466,9681,8,9689,128
2020-10-01,Santa Barbara,083,443738,9920,9215,80,9295,118
2020-10-01,Santa Clara,085,1922200,22768,21398,46,21444,305
2020-10-01,Santa Cruz,087,273765,2531,2418,33,2451,10
2020-10-01,Shasta,089,179085,1403,991,14,1005,18
2020-10-01,Sierra,091,2930,6,6,0,6,0
2020-10-01,Siskiyou,093,43540,165,150,10,160,0
2020-10-01,Solano,095,438530,6537,6352,41,6393,52
2020-10-01,Sonoma,097,501317,8083,7569,21,7590,125
2020-10-01,Stanislaus,099,539301,16779,16555,560,17115,346
2020-10-01,Sutter,101,95872,1732,1684,1,1685,11
2020-10-01,Tehama,103,63373,652,606,2,608,3
2020-10-01,Trinity,105,12862,62,15,8,23,0
2020-10-01,Tulare,107,460477,16759,16182,164,16346,275
2020-10-01,Tuolumne,109,53932,234,223,5,228,2
2020-10-01,Ventura,111,848112,13738,13057,207,13264,146
2020-10-01,Yolo,113,214977,2900,2833,6,2839,55
2020-10-01,Yuba,115,75493,1115,1082,5,1087,8
2020-09-30,Alameda,001,1643700,21878,21271,189,21460,380
2020-09-30,Alpine,003,1148,3,2,0,2,0
2020-09-30,Amador,005,37829,299,294,0,294,16
2020-09-30,Butte,007,227075,2985,2858,25,2883,44
2020-09-30,Calaveras,009,45235,312,258,0,258,11
2020-09-30,Colusa,011,21464,534,534,0,534,6
2020-09-30,Contra Costa,013,1133247,17492,16819,83,16902,211
2020-09-30,Del Norte,015,27424,146,140,0,140,2
2020-09-30,El Dorado,017,186661,1247,1157,1,1158,4
2020-09-30,Fresno,019,978130,31205,28706,399,29105,395
2020-09-30,Glenn,021,27897,606,592,0,592,3
2020-09-30,Humboldt,023,135768,516,497,1,498,6
2020-09-30,Imperial,025,180216,11993,10868,12,10880,287
2020-09-30,Inyo,027,18085,196,189,4,193,14
2020-09-30,Kern,029,883053,32376,31601,332,31933,398
2020-09-30,Kings,031,150075,8086,7685,45,7730,79
2020-09-30,Lake,033,64148,599,567,0,567,10
2020-09-30,Lassen,035,31185,748,742,2,744,0
2020-09-30,Los Angeles,037,10098052,273246,270260,1993,272253,6568
2020-09-30,Madera,039,155013,4684,4477,30,4507,47
2020-09-30,Marin,041,260295,6802,6700,17,6717,91
2020-09-30,Mariposa,043,17540,77,76,0,76,2
2020-09-30,Mendocino,045,87422,937,867,2,869,17
2020-09-30,Merced,047,269075,9034,8926,24,8950,136
2020-09-30,Modoc,049,8938,29,26,0,26,0
2020-09-30,Mono,051,14174,169,150,2,152,1
2020-09-30,Monterey,053,433212,10229,9898,39,9937,70
2020-09-30,Napa,055,140530,1779,1728,8,1736,11
2020-09-30,Nevada,057,99092,558,540,16,556,6
2020-09-30,Orange,059,3164182,55971,52916,1507,54423,1251
2020-09-30,Placer,061,380077,3721,3585,14,3599,43
2020-09-30,Plumas,063,18699,51,48,0,48,0
2020-09-30,Riverside,065,2383286,60751,59074,200,59274,1220
2020-09-30,Sacramento,067,1510023,23192,22613,27,22640,429
2020-09-30,San Benito,069,59416,1356,1342,0,1342,12
2020-09-30,San Bernardino,071,2135413,56113,53988,347,54335,1018
2020-09-30,San Diego,073,3302833,49165,47182,1047,48229,783
2020-09-30,San Francisco,075,870044,11497,11247,30,11277,106
2020-09-30,San Joaquin,077,732212,20534,20150,61,20211,461
2020-09-30,San Luis Obispo,079,281455,3809,3597,20,3617,31
2020-09-30,San Mateo,081,765935,10424,9634,8,9642,128
2020-09-30,Santa Barbara,083,443738,9895,9186,80,9266,115
2020-09-30,Santa Clara,085,1922200,22663,21318,46,21364,302
2020-09-30,Santa Cruz,087,273765,2518,2405,33,2438,10
2020-09-30,Shasta,089,179085,1347,976,13,989,17
2020-09-30,Sierra,091,2930,6,6,0,6,0
2020-09-30,Siskiyou,093,43540,163,150,10,160,0
2020-09-30,Solano,095,438530,6495,6315,41,6356,51
2020-09-30,Sonoma,097,501317,7994,7494,21,7515,125
2020-09-30,Stanislaus,099,539301,16732,16531,554,17085,343
2020-09-30,Sutter,101,95872,1716,1680,1,1681,10
2020-09-30,Tehama,103,63373,646,594,2,596,3
2020-09-30,Trinity,105,12862,59,15,8,23,0
2020-09-30,Tulare,107,460477,16693,16117,157,16274,274
2020-09-30,Tuolumne,109,53932,232,224,5,229,2
2020-09-30,Ventura,111,848112,13703,12968,191,13159,145
2020-09-30,Yolo,113,214977,2887,2822,6,2828,55
2020-09-30,Yuba,115,75493,1112,1075,5,1080,8
2020-09-29,Alameda,001,1643700,21799,21241,185,21426,374
2020-09-29,Alpine,003,1148,3,2,0,2,0
2020-09-29,Amador,005,37829,297,294,0,294,16
2020-09-29,Butte,007,227075,2971,2848,25,2873,44
2020-09-29,Calaveras,009,45235,310,261,0,261,11
2020-09-29,Colusa,011,21464,534,534,0,534,6
2020-09-29,Contra Costa,013,1133247,17437,16716,81,16797,209
2020-09-29,Del Norte,015,27424,142,142,0,142,2
2020-09-29,El Dorado,017,186661,1238,1151,1,1152,4
2020-09-29,Fresno,019,978130,31110,28621,398,29019,394
2020-09-29,Glenn,021,27897,602,589,0,589,3
2020-09-29,Humboldt,023,135768,514,497,1,498,6
2020-09-29,Imperial,025,180216,11959,10811,12,10823,283
2020-09-29,Inyo,027,18085,195,188,4,192,14
2020-09-29,Kern,029,883053,32321,31534,331,31865,397
2020-09-29,Kings,031,150075,8030,7681,45,7726,78
2020-09-29,Lake,033,64148,597,566,0,566,11
2020-09-29,Lassen,035,31185,748,741,2,743,0
2020-09-29,Los Angeles,037,10098052,272030,269246,1964,271210,6545
2020-09-29,Madera,039,155013,4660,4453,30,4483,47
2020-09-29,Marin,041,260295,6781,6692,17,6709,91
2020-09-29,Mariposa,043,17540,77,74,0,74,2
2020-09-29,Mendocino,045,87422,927,854,2,856,17
2020-09-29,Merced,047,269075,9021,8892,22,8914,136
2020-09-29,Modoc,049,8938,29,26,0,26,0
2020-09-29,Mono,051,14174,169,149,2,151,1
2020-09-29,Monterey,053,433212,10174,9826,37,9863,70
2020-09-29,Napa,055,140530,1776,1727,8,1735,11
2020-09-29,Nevada,057,99092,553,539,16,555,6
2020-09-29,Orange,059,3164182,55784,52755,1496,54251,1231
2020-09-29,Placer,061,380077,3699,3570,14,3584,42
2020-09-29,Plumas,063,18699,51,48,0,48,0
2020-09-29,Riverside,065,2383286,60421,58863,193,59056,1208
2020-09-29,Sacramento,067,1510023,23071,22547,27,22574,425
2020-09-29,San Benito,069,59416,1351,1341,0,1341,12
2020-09-29,San Bernardino,071,2135413,55804,53753,346,54099,1012
2020-09-29,San Diego,073,3302833,48888,46987,1024,48011,781
2020-09-29,San Francisco,075,870044,11461,11142,30,11172,104
2020-09-29,San Joaquin,077,732212,20468,20094,59,20153,454
2020-09-29,San Luis Obispo,079,281455,3789,3581,20,3601,31
2020-09-29,San Mateo,081,765935,10377,9619,8,9627,127
2020-09-29,Santa Barbara,083,443738,9875,9149,79,9228,114
2020-09-29,Santa Clara,085,1922200,22527,21233,45,21278,302
2020-09-29,Santa Cruz,087,273765,2503,2383,32,2415,10
2020-09-29,Shasta,089,179085,1286,943,13,956,17
2020-09-29,Sierra,091,2930,6,6,0,6,0
2020-09-29,Siskiyou,093,43540,157,150,10,160,0
2020-09-29,Solano,095,438530,6461,6303,41,6344,51
2020-09-29,Sonoma,097,501317,7922,7426,21,7447,125
2020-09-29,Stanislaus,099,539301,16702,16505,548,17053,341
2020-09-29,Sutter,101,95872,1710,1677,1,1678,10
2020-09-29,Tehama,103,63373,628,585,2,587,2
2020-09-29,Trinity,105,12862,57,16,8,24,0
2020-09-29,Tulare,107,460477,16629,16055,150,16205,270
2020-09-29,Tuolumne,109,53932,232,224,5,229,2
2020-09-29,Ventura,111,848112,13646,12875,188,13063,145
2020-09-29,Yolo,113,214977,2874,2818,6,2824,55
2020-09-29,Yuba,115,75493,1110,1071,5,1076,8
2020-09-28,Alameda,001,1643700,21712,21133,185,21318,370
2020-09-28,Alpine,003,1148,3,2,0,2,0
2020-09-28,Amador,005,37829,295,294,0,294,16
2020-09-28,Butte,007,227075,2956,2837,25,2862,44
2020-09-28,Calaveras,009,45235,310,257,0,257,11
2020-09-28,Colusa,011,21464,533,531,0,531,6
2020-09-28,Contra Costa,013,1133247,17372,16653,81,16734,195
2020-09-28,Del Norte,015,27424,142,138,0,138,2
2020-09-28,El Dorado,017,186661,1231,1144,1,1145,4
2020-09-28,Fresno,019,978130,31028,28517,390,28907,389
2020-09-28,Glenn,021,27897,600,585,0,585,3
2020-09-28,Humboldt,023,135768,508,495,1,496,6
2020-09-28,Imperial,025,180216,11924,10777,12,10789,283
2020-09-28,Inyo,027,18085,194,188,4,192,14
2020-09-28,Kern,029,883053,32256,31481,327,31808,395
2020-09-28,Kings,031,150075,7889,7661,43,7704,78
2020-09-28,Lake,033,64148,593,559,0,559,10
2020-09-28,Lassen,035,31185,747,737,2,739,0
2020-09-28,Los Angeles,037,10098052,270924,268404,1934,270338,6508
2020-09-28,Madera,039,155013,4639,4438,30,4468,47
2020-09-28,Marin,041,260295,6765,6676,17,6693,91
2020-09-28,Mariposa,043,17540,77,74,0,74,2
2020-09-28,Mendocino,045,87422,912,850,2,852,17
2020-09-28,Merced,047,269075,8993,8869,22,8891,136
2020-09-28,Modoc,049,8938,29,26,0,26,0
2020-09-28,Mono,051,14174,169,148,2,150,1
2020-09-28,Monterey,053,433212,10109,9780,35,9815,69
2020-09-28,Napa,055,140530,1764,1705,8,1713,11
2020-09-28,Nevada,057,99092,545,538,16,554,6
2020-09-28,Orange,059,3164182,55578,52633,1487,54120,1196
2020-09-28,Placer,061,380077,3678,3572,14,3586,42
2020-09-28,Plumas,063,18699,50,48,0,48,0
2020-09-28,Riverside,065,2383286,60123,58570,184,58754,1198
2020-09-28,Sacramento,067,1510023,22924,22392,27,22419,423
2020-09-28,San Benito,069,59416,1348,1336,0,1336,11
2020-09-28,San Bernardino,071,2135413,55457,53501,346,53847,988
2020-09-28,San Diego,073,3302833,48570,46736,1004,47740,776
2020-09-28,San Francisco,075,870044,11427,11114,30,11144,100
2020-09-28,San Joaquin,077,732212,20419,19982,58,20040,448
2020-09-28,San Luis Obispo,079,281455,3768,3567,20,3587,31
2020-09-28,San Mateo,081,765935,10326,9582,8,9590,127
2020-09-28,Santa Barbara,083,443738,9857,9121,79,9200,114
2020-09-28,Santa Clara,085,1922200,22410,21180,45,21225,271
2020-09-28,Santa Cruz,087,273765,2493,2359,32,2391,9
2020-09-28,Shasta,089,179085,1232,883,10,893,17
2020-09-28,Sierra,091,2930,6,6,0,6,0
2020-09-28,Siskiyou,093,43540,157,149,10,159,0
2020-09-28,Solano,095,438530,6425,6254,41,6295,51
2020-09-28,Sonoma,097,501317,7846,7369,21,7390,125
2020-09-28,Stanislaus,099,539301,16662,16467,541,17008,336
2020-09-28,Sutter,101,95872,1703,1676,1,1677,10
2020-09-28,Tehama,103,63373,620,579,2,581,2
2020-09-28,Trinity,105,12862,57,16,8,24,0
2020-09-28,Tulare,107,460477,16576,15918,145,16063,270
2020-09-28,Tuolumne,109,53932,232,225,5,230,2
2020-09-28,Ventura,111,848112,13568,12812,181,12993,139
2020-09-28,Yolo,113,214977,2857,2809,6,2815,55
2020-09-28,Yuba,115,75493,1107,1062,5,1067,7
2020-09-27,Alameda,001,1643700,21631,21077,181,21258,370
2020-09-27,Alpine,003,1148,3,2,0,2,0
2020-09-27,Amador,005,37829,295,291,0,291,16
2020-09-27,Butte,007,227075,2944,2833,25,2858,44
2020-09-27,Calaveras,009,45235,309,257,0,257,11
2020-09-27,Colusa,011,21464,532,531,0,531,6
2020-09-27,Contra Costa,013,1133247,17270,16596,80,16676,195
2020-09-27,Del Norte,015,27424,142,138,0,138,2
2020-09-27,El Dorado,017,186661,1216,1130,1,1131,4
2020-09-27,Fresno,019,978130,30922,28441,390,28831,389
2020-09-27,Glenn,021,27897,596,576,0,576,3
2020-09-27,Humboldt,023,135768,506,492,1,493,6
2020-09-27,Imperial,025,180216,11890,10743,12,10755,283
2020-09-27,Inyo,027,18085,192,188,4,192,14
2020-09-27,Kern,029,883053,32137,31462,324,31786,395
2020-09-27,Kings,031,150075,7869,7641,43,7684,78
2020-09-27,Lake,033,64148,589,555,0,555,10
2020-09-27,Lassen,035,31185,747,737,2,739,0
2020-09-27,Los Angeles,037,10098052,269749,267754,1913,269667,6507
2020-09-27,Madera,039,155013,4610,4416,30,4446,47
2020-09-27,Marin,041,260295,6755,6663,17,6680,91
2020-09-27,Mariposa,043,17540,77,74,0,74,2
2020-09-27,Mendocino,045,87422,906,846,2,848,17
2020-09-27,Merced,047,269075,8959,8853,22,8875,136
2020-09-27,Modoc,049,8938,29,26,0,26,0
2020-09-27,Mono,051,14174,169,148,2,150,1
2020-09-27,Monterey,053,433212,10049,9724,34,9758,69
2020-09-27,Napa,055,140530,1759,1690,8,1698,11
2020-09-27,Nevada,057,99092,544,537,16,553,6
2020-09-27,Orange,059,3164182,55303,52458,1478,53936,1195
2020-09-27,Placer,061,380077,3665,3562,14,3576,42
2020-09-27,Plumas,063,18699,50,48,0,48,0
2020-09-27,Riverside,065,2383286,59827,58509,176,58685,1191
2020-09-27,Sacramento,067,1510023,22826,22356,27,22383,422
2020-09-27,San Benito,069,59416,1348,1331,0,1331,11
2020-09-27,San Bernardino,071,2135413,55021,53127,346,53473,988
2020-09-27,San Diego,073,3302833,48226,46612,987,47599,776
2020-09-27,San Francisco,075,870044,11375,11114,30,11144,100
2020-09-27,San Joaquin,077,732212,20359,19981,58,20039,448
2020-09-27,San Luis Obispo,079,281455,3747,3562,20,3582,31
2020-09-27,San Mateo,081,765935,10258,9566,8,9574,127
2020-09-27,Santa Barbara,083,443738,9836,9090,78,9168,114
2020-09-27,Santa Clara,085,1922200,22301,21091,45,21136,271
2020-09-27,Santa Cruz,087,273765,2471,2359,32,2391,9
2020-09-27,Shasta,089,179085,1189,883,9,892,17
2020-09-27,Sierra,091,2930,6,6,0,6,0
2020-09-27,Siskiyou,093,43540,156,149,10,159,0
2020-09-27,Solano,095,438530,6390,6211,41,6252,51
2020-09-27,Sonoma,097,501317,7765,7336,21,7357,124
2020-09-27,Stanislaus,099,539301,16611,16448,535,16983,336
2020-09-27,Sutter,101,95872,1696,1672,1,1673,10
2020-09-27,Tehama,103,63373,603,573,2,575,2
2020-09-27,Trinity,105,12862,57,16,8,24,0
2020-09-27,Tulare,107,460477,16498,15918,136,16054,270
2020-09-27,Tuolumne,109,53932,231,224,5,229,2
2020-09-27,Ventura,111,848112,13479,12775,172,12947,139
2020-09-27,Yolo,113,214977,2843,2796,6,2802,55
2020-09-27,Yuba,115,75493,1097,1059,5,1064,7
2020-09-26,Alameda,001,1643700,21573,21019,180,21199,370
2020-09-26,Alpine,003,1148,3,2,0,2,0
2020-09-26,Amador,005,37829,294,291,0,291,16
2020-09-26,Butte,007,227075,2936,2827,25,2852,44
2020-09-26,Calaveras,009,45235,309,257,0,257,11
2020-09-26,Colusa,011,21464,532,529,0,529,6
2020-09-26,Contra Costa,013,1133247,17228,16508,80,16588,194
2020-09-26,Del Norte,015,27424,142,138,0,138,2
2020-09-26,El Dorado,017,186661,1211,1127,1,1128,4
2020-09-26,Fresno,019,978130,30855,28336,390,28726,389
2020-09-26,Glenn,021,27897,596,576,0,576,3
2020-09-26,Humboldt,023,135768,506,491,1,492,6
2020-09-26,Imperial,025,180216,11873,10721,12,10733,283
2020-09-26,Inyo,027,18085,191,187,4,191,14
2020-09-26,Kern,029,883053,32086,31410,324,31734,394
2020-09-26,Kings,031,150075,7857,7537,43,7580,78
2020-09-26,Lake,033,64148,586,549,0,549,10
2020-09-26,Lassen,035,31185,747,737,2,739,0
2020-09-26,Los Angeles,037,10098052,269115,266931,1898,268829,6497
2020-09-26,Madera,039,155013,4594,4410,30,4440,47
2020-09-26,Marin,041,260295,6742,6641,17,6658,91
2020-09-26,Mariposa,043,17540,76,74,0,74,2
2020-09-26,Mendocino,045,87422,901,836,2,838,17
2020-09-26,Merced,047,269075,8947,8841,21,8862,136
2020-09-26,Modoc,049,8938,29,26,0,26,0
2020-09-26,Mono,051,14174,169,148,2,150,1
2020-09-26,Monterey,053,433212,10022,9651,34,9685,68
2020-09-26,Napa,055,140530,1757,1681,8,1689,11
2020-09-26,Nevada,057,99092,544,534,16,550,6
2020-09-26,Orange,059,3164182,55163,52203,1472,53675,1194
2020-09-26,Placer,061,380077,3652,3551,14,3565,42
2020-09-26,Plumas,063,18699,49,48,0,48,0
2020-09-26,Riverside,065,2383286,59692,58076,174,58250,1190
2020-09-26,Sacramento,067,1510023,22770,22269,27,22296,421
2020-09-26,San Benito,069,59416,1346,1325,0,1325,11
2020-09-26,San Bernardino,071,2135413,54887,53122,346,53468,988
2020-09-26,San Diego,073,3302833,48021,46333,973,47306,775
2020-09-26,San Francisco,075,870044,11347,11113,30,11143,100
2020-09-26,San Joaquin,077,732212,20324,19982,56,20038,449
2020-09-26,San Luis Obispo,079,281455,3730,3546,20,3566,31
2020-09-26,San Mateo,081,765935,10224,9509,8,9517,127
2020-09-26,Santa Barbara,083,443738,9825,9061,78,9139,114
2020-09-26,Santa Clara,085,1922200,22230,20967,44,21011,270
2020-09-26,Santa Cruz,087,273765,2463,2336,32,2368,9
2020-09-26,Shasta,089,179085,1139,856,8,864,17
2020-09-26,Sierra,091,2930,6,6,0,6,0
2020-09-26,Siskiyou,093,43540,155,149,10,159,0
2020-09-26,Solano,095,438530,6371,6209,41,6250,51
2020-09-26,Sonoma,097,501317,7740,7285,20,7305,124
2020-09-26,Stanislaus,099,539301,16586,16421,526,16947,336
2020-09-26,Sutter,101,95872,1691,1662,1,1663,10
2020-09-26,Tehama,103,63373,591,560,2,562,2
2020-09-26,Trinity,105,12862,55,16,8,24,0
2020-09-26,Tulare,107,460477,16472,15881,134,16015,270
2020-09-26,Tuolumne,109,53932,231,223,5,228,2
2020-09-26,Ventura,111,848112,13444,12729,171,12900,137
2020-09-26,Yolo,113,214977,2841,2789,6,2795,55
2020-09-26,Yuba,115,75493,1093,1056,5,1061,7
2020-09-25,Alameda,001,1643700,21519,20911,180,21091,367
2020-09-25,Alpine,003,1148,3,2,0,2,0
2020-09-25,Amador,005,37829,294,289,0,289,16
2020-09-25,Butte,007,227075,2931,2819,25,2844,43
2020-09-25,Calaveras,009,45235,309,257,0,257,11
2020-09-25,Colusa,011,21464,532,528,0,528,6
2020-09-25,Contra Costa,013,1133247,17169,16401,80,16481,194
2020-09-25,Del Norte,015,27424,142,138,0,138,2
2020-09-25,El Dorado,017,186661,1207,1104,1,1105,4
2020-09-25,Fresno,019,978130,30795,28199,389,28588,385
2020-09-25,Glenn,021,27897,594,570,0,570,3
2020-09-25,Humboldt,023,135768,505,489,1,490,5
2020-09-25,Imperial,025,180216,11855,10681,12,10693,283
2020-09-25,Inyo,027,18085,189,187,4,191,14
2020-09-25,Kern,029,883053,32033,31333,322,31655,393
2020-09-25,Kings,031,150075,7852,7450,43,7493,77
2020-09-25,Lake,033,64148,585,539,0,539,9
2020-09-25,Lassen,035,31185,747,737,2,739,0
2020-09-25,Los Angeles,037,10098052,268326,265713,1884,267597,6483
2020-09-25,Madera,039,155013,4575,4369,30,4399,48
2020-09-25,Marin,041,260295,6739,6622,17,6639,90
2020-09-25,Mariposa,043,17540,76,74,0,74,2
2020-09-25,Mendocino,045,87422,886,819,2,821,17
2020-09-25,Merced,047,269075,8931,8830,21,8851,135
2020-09-25,Modoc,049,8938,29,26,0,26,0
2020-09-25,Mono,051,14174,169,149,2,151,1
2020-09-25,Monterey,053,433212,9970,9581,34,9615,68
2020-09-25,Napa,055,140530,1755,1669,8,1677,11
2020-09-25,Nevada,057,99092,542,529,16,545,6
2020-09-25,Orange,059,3164182,55036,52031,1464,53495,1184
2020-09-25,Placer,061,380077,3641,3527,14,3541,41
2020-09-25,Plumas,063,18699,49,48,0,48,0
2020-09-25,Riverside,065,2383286,59516,57783,169,57952,1183
2020-09-25,Sacramento,067,1510023,22693,22132,27,22159,418
2020-09-25,San Benito,069,59416,1345,1318,0,1318,11
2020-09-25,San Bernardino,071,2135413,54733,52814,346,53160,987
2020-09-25,San Diego,073,3302833,47819,46003,957,46960,775
2020-09-25,San Francisco,075,870044,11313,11066,29,11095,100
2020-09-25,San Joaquin,077,732212,20272,19909,56,19965,449
2020-09-25,San Luis Obispo,079,281455,3718,3512,20,3532,31
2020-09-25,San Mateo,081,765935,10188,9447,8,9455,127
2020-09-25,Santa Barbara,083,443738,9801,9026,78,9104,114
2020-09-25,Santa Clara,085,1922200,22166,20812,43,20855,265
2020-09-25,Santa Cruz,087,273765,2451,2309,31,2340,9
2020-09-25,Shasta,089,179085,1105,806,8,814,16
2020-09-25,Sierra,091,2930,6,6,0,6,0
2020-09-25,Siskiyou,093,43540,155,149,10,159,0
2020-09-25,Solano,095,438530,6355,6179,41,6220,50
2020-09-25,Sonoma,097,501317,7700,7202,20,7222,124
2020-09-25,Stanislaus,099,539301,16568,16381,524,16905,326
2020-09-25,Sutter,101,95872,1688,1655,1,1656,10
2020-09-25,Tehama,103,63373,583,546,2,548,2
2020-09-25,Trinity,105,12862,55,15,8,23,0
2020-09-25,Tulare,107,460477,16432,15815,132,15947,267
2020-09-25,Tuolumne,109,53932,231,223,5,228,2
2020-09-25,Ventura,111,848112,13401,12664,168,12832,137
2020-09-25,Yolo,113,214977,2833,2784,6,2790,55
2020-09-25,Yuba,115,75493,1088,1049,5,1054,5
2020-09-24,Alameda,001,1643700,21444,20838,177,21015,364
2020-09-24,Alpine,003,1148,3,2,0,2,0
2020-09-24,Amador,005,37829,294,288,0,288,16
2020-09-24,Butte,007,227075,2920,2803,25,2828,43
2020-09-24,Calaveras,009,45235,309,258,0,258,11
2020-09-24,Colusa,011,21464,532,523,0,523,6
2020-09-24,Contra Costa,013,1133247,17087,16252,80,16332,192
2020-09-24,Del Norte,015,27424,138,137,0,137,2
2020-09-24,El Dorado,017,186661,1198,1093,1,1094,4
2020-09-24,Fresno,019,978130,30690,28106,385,28491,375
2020-09-24,Glenn,021,27897,590,567,0,567,3
2020-09-24,Humboldt,023,135768,502,482,1,483,5
2020-09-24,Imperial,025,180216,11831,10622,12,10634,283
2020-09-24,Inyo,027,18085,189,187,4,191,13
2020-09-24,Kern,029,883053,31970,31273,320,31593,388
2020-09-24,Kings,031,150075,7836,7428,43,7471,76
2020-09-24,Lake,033,64148,576,531,0,531,9
2020-09-24,Lassen,035,31185,746,737,2,739,0
2020-09-24,Los Angeles,037,10098052,267284,264374,1866,266240,6452
2020-09-24,Madera,039,155013,4556,4344,30,4374,48
2020-09-24,Marin,041,260295,6711,6588,17,6605,85
2020-09-24,Mariposa,043,17540,76,74,0,74,2
2020-09-24,Mendocino,045,87422,882,810,2,812,17
2020-09-24,Merced,047,269075,8902,8813,20,8833,135
2020-09-24,Modoc,049,8938,29,24,0,24,0
2020-09-24,Mono,051,14174,169,149,2,151,1
2020-09-24,Monterey,053,433212,9904,9544,31,9575,67
2020-09-24,Napa,055,140530,1743,1661,8,1669,11
2020-09-24,Nevada,057,99092,541,527,16,543,6
2020-09-24,Orange,059,3164182,54828,51749,1446,53195,1164
2020-09-24,Placer,061,380077,3626,3514,14,3528,41
2020-09-24,Plumas,063,18699,49,48,0,48,0
2020-09-24,Riverside,065,2383286,59248,57491,163,57654,1172
2020-09-24,Sacramento,067,1510023,22567,21985,26,22011,417
2020-09-24,San Benito,069,59416,1343,1308,0,1308,11
2020-09-24,San Bernardino,071,2135413,54397,52455,345,52800,988
2020-09-24,San Diego,073,3302833,47550,45598,942,46540,773
2020-09-24,San Francisco,075,870044,11266,10992,29,11021,99
2020-09-24,San Joaquin,077,732212,20234,19851,55,19906,444
2020-09-24,San Luis Obispo,079,281455,3702,3480,20,3500,31
2020-09-24,San Mateo,081,765935,10140,9376,8,9384,127
2020-09-24,Santa Barbara,083,443738,9750,8988,77,9065,114
2020-09-24,Santa Clara,085,1922200,22078,20689,43,20732,262
2020-09-24,Santa Cruz,087,273765,2431,2300,29,2329,9
2020-09-24,Shasta,089,179085,1068,773,5,778,14
2020-09-24,Sierra,091,2930,6,6,0,6,0
2020-09-24,Siskiyou,093,43540,155,149,10,159,0
2020-09-24,Solano,095,438530,6322,6137,41,6178,49
2020-09-24,Sonoma,097,501317,7619,7163,20,7183,122
2020-09-24,Stanislaus,099,539301,16531,16326,519,16845,326
2020-09-24,Sutter,101,95872,1685,1646,1,1647,10
2020-09-24,Tehama,103,63373,580,540,2,542,2
2020-09-24,Trinity,105,12862,55,15,8,23,0
2020-09-24,Tulare,107,460477,16367,15754,131,15885,267
2020-09-24,Tuolumne,109,53932,231,224,5,229,2
2020-09-24,Ventura,111,848112,13319,12617,167,12784,138
2020-09-24,Yolo,113,214977,2826,2776,6,2782,55
2020-09-24,Yuba,115,75493,1083,1042,5,1047,5
2020-09-23,Alameda,001,1643700,21376,20718,175,20893,361
2020-09-23,Alpine,003,1148,3,2,0,2,0
2020-09-23,Amador,005,37829,293,288,0,288,16
2020-09-23,Butte,007,227075,2912,2790,25,2815,43
2020-09-23,Calaveras,009,45235,308,258,0,258,11
2020-09-23,Colusa,011,21464,531,521,0,521,6
2020-09-23,Contra Costa,013,1133247,17023,16167,79,16246,192
2020-09-23,Del Norte,015,27424,136,137,0,137,2
2020-09-23,El Dorado,017,186661,1184,1088,1,1089,4
2020-09-23,Fresno,019,978130,30594,28019,383,28402,371
2020-09-23,Glenn,021,27897,583,561,0,561,3
2020-09-23,Humboldt,023,135768,498,477,1,478,5
2020-09-23,Imperial,025,180216,11805,10587,12,10599,284
2020-09-23,Inyo,027,18085,188,177,4,181,13
2020-09-23,Kern,029,883053,31926,31172,318,31490,387
2020-09-23,Kings,031,150075,7814,7406,43,7449,76
2020-09-23,Lake,033,64148,571,519,0,519,9
2020-09-23,Lassen,035,31185,746,736,2,738,0
2020-09-23,Los Angeles,037,10098052,266266,263318,1837,265155,6421
2020-09-23,Madera,039,155013,4541,4311,30,4341,48
2020-09-23,Marin,041,260295,6692,6567,17,6584,85
2020-09-23,Mariposa,043,17540,76,74,0,74,2
2020-09-23,Mendocino,045,87422,881,801,1,802,17
2020-09-23,Merced,047,269075,8881,8785,19,8804,134
2020-09-23,Modoc,049,8938,29,24,0,24,0
2020-09-23,Mono,051,14174,169,149,2,151,1
2020-09-23,Monterey,053,433212,9835,9452,30,9482,67
2020-09-23,Napa,055,140530,1734,1653,8,1661,11
2020-09-23,Nevada,057,99092,540,523,16,539,6
2020-09-23,Orange,059,3164182,54601,51658,1438,53096,1155
2020-09-23,Placer,061,380077,3614,3506,14,3520,41
2020-09-23,Plumas,063,18699,49,48,0,48,0
2020-09-23,Riverside,065,2383286,58943,57257,160,57417,1165
2020-09-23,Sacramento,067,1510023,22490,21821,26,21847,415
2020-09-23,San Benito,069,59416,1337,1305,0,1305,10
2020-09-23,San Bernardino,071,2135413,54102,52132,344,52476,973
2020-09-23,San Diego,073,3302833,47274,45427,923,46350,767
2020-09-23,San Francisco,075,870044,11217,10926,29,10955,95
2020-09-23,San Joaquin,077,732212,20181,19785,55,19840,439
2020-09-23,San Luis Obispo,079,281455,3684,3447,20,3467,31
2020-09-23,San Mateo,081,765935,10100,9351,8,9359,127
2020-09-23,Santa Barbara,083,443738,9722,8952,77,9029,112
2020-09-23,Santa Clara,085,1922200,21967,20575,40,20615,260
2020-09-23,Santa Cruz,087,273765,2412,2283,29,2312,9
2020-09-23,Shasta,089,179085,1029,756,4,760,14
2020-09-23,Sierra,091,2930,6,6,0,6,0
2020-09-23,Siskiyou,093,43540,155,149,10,159,0
2020-09-23,Solano,095,438530,6297,6123,41,6164,50
2020-09-23,Sonoma,097,501317,7543,7091,20,7111,122
2020-09-23,Stanislaus,099,539301,16501,16271,516,16787,317
2020-09-23,Sutter,101,95872,1681,1646,1,1647,10
2020-09-23,Tehama,103,63373,574,533,2,535,2
2020-09-23,Trinity,105,12862,54,15,8,23,0
2020-09-23,Tulare,107,460477,16302,15664,130,15794,266
2020-09-23,Tuolumne,109,53932,231,223,5,228,2
2020-09-23,Ventura,111,848112,13263,12591,164,12755,137
2020-09-23,Yolo,113,214977,2808,2766,6,2772,55
2020-09-23,Yuba,115,75493,1081,1038,5,1043,5
2020-09-22,Alameda,001,1643700,21296,20607,173,20780,355
2020-09-22,Alpine,003,1148,2,2,0,2,0
2020-09-22,Amador,005,37829,292,287,0,287,16
2020-09-22,Butte,007,227075,2907,2776,25,2801,43
2020-09-22,Calaveras,009,45235,308,258,0,258,11
2020-09-22,Colusa,011,21464,529,518,0,518,6
2020-09-22,Contra Costa,013,1133247,16933,16090,79,16169,190
2020-09-22,Del Norte,015,27424,136,137,0,137,2
2020-09-22,El Dorado,017,186661,1165,1076,1,1077,4
2020-09-22,Fresno,019,978130,30499,27944,380,28324,369
2020-09-22,Glenn,021,27897,580,560,0,560,3
2020-09-22,Humboldt,023,135768,497,476,1,477,5
2020-09-22,Imperial,025,180216,11776,10529,12,10541,284
2020-09-22,Inyo,027,18085,188,177,4,181,13
2020-09-22,Kern,029,883053,31858,31110,311,31421,383
2020-09-22,Kings,031,150075,7757,7395,42,7437,76
2020-09-22,Lake,033,64148,563,516,0,516,9
2020-09-22,Lassen,035,31185,745,736,2,738,0
2020-09-22,Los Angeles,037,10098052,265200,262117,1811,263928,6394
2020-09-22,Madera,039,155013,4525,4303,30,4333,47
2020-09-22,Marin,041,260295,6678,6561,17,6578,84
2020-09-22,Mariposa,043,17540,76,74,0,74,2
2020-09-22,Mendocino,045,87422,861,794,1,795,18
2020-09-22,Merced,047,269075,8851,8769,19,8788,132
2020-09-22,Modoc,049,8938,29,24,0,24,0
2020-09-22,Mono,051,14174,168,149,2,151,1
2020-09-22,Monterey,053,433212,9777,9393,30,9423,67
2020-09-22,Napa,055,140530,1717,1652,8,1660,11
2020-09-22,Nevada,057,99092,540,523,16,539,6
2020-09-22,Orange,059,3164182,54351,51528,1430,52958,1132
2020-09-22,Placer,061,380077,3602,3492,14,3506,40
2020-09-22,Plumas,063,18699,49,48,0,48,0
2020-09-22,Riverside,065,2383286,58456,57066,156,57222,1162
2020-09-22,Sacramento,067,1510023,22370,21745,26,21771,410
2020-09-22,San Benito,069,59416,1332,1305,0,1305,10
2020-09-22,San Bernardino,071,2135413,53828,51899,344,52243,971
2020-09-22,San Diego,073,3302833,46967,45149,904,46053,765
2020-09-22,San Francisco,075,870044,11173,10893,28,10921,95
2020-09-22,San Joaquin,077,732212,20134,19755,54,19809,426
2020-09-22,San Luis Obispo,079,281455,3667,3420,20,3440,31
2020-09-22,San Mateo,081,765935,10062,9291,8,9299,127
2020-09-22,Santa Barbara,083,443738,9692,8927,76,9003,111
2020-09-22,Santa Clara,085,1922200,21848,20514,40,20554,253
2020-09-22,Santa Cruz,087,273765,2389,2264,29,2293,8
2020-09-22,Shasta,089,179085,994,723,4,727,14
2020-09-22,Sierra,091,2930,6,6,0,6,0
2020-09-22,Siskiyou,093,43540,155,149,10,159,0
2020-09-22,Solano,095,438530,6266,6107,41,6148,48
2020-09-22,Sonoma,097,501317,7464,7068,19,7087,117
2020-09-22,Stanislaus,099,539301,16478,16231,509,16740,316
2020-09-22,Sutter,101,95872,1675,1638,1,1639,10
2020-09-22,Tehama,103,63373,566,529,2,531,2
2020-09-22,Trinity,105,12862,54,15,8,23,0
2020-09-22,Tulare,107,460477,16235,15616,126,15742,263
2020-09-22,Tuolumne,109,53932,230,224,5,229,1
2020-09-22,Ventura,111,848112,13211,12507,160,12667,136
2020-09-22,Yolo,113,214977,2801,2763,6,2769,54
2020-09-22,Yuba,115,75493,1072,1035,5,1040,5
2020-09-21,Alameda,001,1643700,21217,20501,172,20673,343
2020-09-21,Alpine,003,1148,2,2,0,2,0
2020-09-21,Amador,005,37829,290,286,0,286,16
2020-09-21,Butte,007,227075,2893,2769,25,2794,41
2020-09-21,Calaveras,009,45235,306,256,0,256,10
2020-09-21,Colusa,011,21464,528,517,0,517,6
2020-09-21,Contra Costa,013,1133247,16846,16008,79,16087,189
2020-09-21,Del Norte,015,27424,136,132,0,132,2
2020-09-21,El Dorado,017,186661,1156,1074,1,1075,4
2020-09-21,Fresno,019,978130,30397,27843,373,28216,362
2020-09-21,Glenn,021,27897,576,556,0,556,3
2020-09-21,Humboldt,023,135768,493,473,1,474,5
2020-09-21,Imperial,025,180216,11745,10521,11,10532,284
2020-09-21,Inyo,027,18085,187,177,4,181,12
2020-09-21,Kern,029,883053,31786,31031,309,31340,379
2020-09-21,Kings,031,150075,7644,7297,41,7338,76
2020-09-21,Lake,033,64148,558,508,0,508,8
2020-09-21,Lassen,035,31185,743,735,2,737,0
2020-09-21,Los Angeles,037,10098052,264113,261418,1766,263184,6360
2020-09-21,Madera,039,155013,4514,4275,29,4304,47
2020-09-21,Marin,041,260295,6667,6538,16,6554,84
2020-09-21,Mariposa,043,17540,75,74,0,74,2
2020-09-21,Mendocino,045,87422,846,778,0,778,18
2020-09-21,Merced,047,269075,8832,8749,17,8766,128
2020-09-21,Modoc,049,8938,29,22,0,22,0
2020-09-21,Mono,051,14174,168,147,2,149,1
2020-09-21,Monterey,053,433212,9713,9331,27,9358,66
2020-09-21,Napa,055,140530,1706,1641,8,1649,11
2020-09-21,Nevada,057,99092,538,515,16,531,6
2020-09-21,Orange,059,3164182,54130,51363,1423,52786,1110
2020-09-21,Placer,061,380077,3592,3473,14,3487,40
2020-09-21,Plumas,063,18699,49,47,0,47,0
2020-09-21,Riverside,065,2383286,58183,57001,149,57150,1153
2020-09-21,Sacramento,067,1510023,22189,21568,26,21594,404
2020-09-21,San Benito,069,59416,1330,1298,0,1298,10
2020-09-21,San Bernardino,071,2135413,53542,51654,344,51998,970
2020-09-21,San Diego,073,3302833,46683,44927,883,45810,760
2020-09-21,San Francisco,075,870044,11125,10743,28,10771,95
2020-09-21,San Joaquin,077,732212,20076,19579,54,19633,423
2020-09-21,San Luis Obispo,079,281455,3641,3406,20,3426,27
2020-09-21,San Mateo,081,765935,10010,9239,8,9247,127
2020-09-21,Santa Barbara,083,443738,9664,8911,76,8987,110
2020-09-21,Santa Clara,085,1922200,21747,20432,40,20472,252
2020-09-21,Santa Cruz,087,273765,2372,2257,27,2284,8
2020-09-21,Shasta,089,179085,944,696,4,700,14
2020-09-21,Sierra,091,2930,6,6,0,6,0
2020-09-21,Siskiyou,093,43540,155,146,10,156,0
2020-09-21,Solano,095,438530,6242,6019,41,6060,46
2020-09-21,Sonoma,097,501317,7388,7017,19,7036,117
2020-09-21,Stanislaus,099,539301,16448,16186,509,16695,310
2020-09-21,Sutter,101,95872,1668,1634,1,1635,10
2020-09-21,Tehama,103,63373,547,513,2,515,2
2020-09-21,Trinity,105,12862,54,15,8,23,0
2020-09-21,Tulare,107,460477,16161,15528,117,15645,260
2020-09-21,Tuolumne,109,53932,230,221,5,226,1
2020-09-21,Ventura,111,848112,13127,12477,154,12631,133
2020-09-21,Yolo,113,214977,2795,2752,6,2758,54
2020-09-21,Yuba,115,75493,1068,1033,5,1038,1
2020-09-20,Alameda,001,1643700,21117,20425,169,20594,343
2020-09-20,Alpine,003,1148,2,2,0,2,0
2020-09-20,Amador,005,37829,289,286,0,286,16
2020-09-20,Butte,007,227075,2881,2764,25,2789,39
2020-09-20,Calaveras,009,45235,302,256,0,256,10
2020-09-20,Colusa,011,21464,526,510,0,510,6
2020-09-20,Contra Costa,013,1133247,16712,15917,78,15995,189
2020-09-20,Del Norte,015,27424,134,132,0,132,2
2020-09-20,El Dorado,017,186661,1141,1073,1,1074,4
2020-09-20,Fresno,019,978130,30282,27769,368,28137,362
2020-09-20,Glenn,021,27897,572,550,0,550,3
2020-09-20,Humboldt,023,135768,493,472,1,473,5
2020-09-20,Imperial,025,180216,11718,10496,9,10505,284
2020-09-20,Inyo,027,18085,187,177,4,181,12
2020-09-20,Kern,029,883053,31703,30992,306,31298,379
2020-09-20,Kings,031,150075,7597,7159,40,7199,76
2020-09-20,Lake,033,64148,546,492,0,492,8
2020-09-20,Lassen,035,31185,743,735,2,737,0
2020-09-20,Los Angeles,037,10098052,262884,260770,1740,262510,6347
2020-09-20,Madera,039,155013,4494,4257,29,4286,47
2020-09-20,Marin,041,260295,6641,6533,16,6549,83
2020-09-20,Mariposa,043,17540,75,74,0,74,2
2020-09-20,Mendocino,045,87422,834,765,0,765,18
2020-09-20,Merced,047,269075,8805,8745,17,8762,128
2020-09-20,Modoc,049,8938,27,22,0,22,0
2020-09-20,Mono,051,14174,167,147,2,149,1
2020-09-20,Monterey,053,433212,9635,9312,27,9339,65
2020-09-20,Napa,055,140530,1697,1626,8,1634,11
2020-09-20,Nevada,057,99092,535,511,16,527,6
2020-09-20,Orange,059,3164182,53889,51233,1413,52646,1110
2020-09-20,Placer,061,380077,3577,3452,14,3466,40
2020-09-20,Plumas,063,18699,49,47,0,47,0
2020-09-20,Riverside,065,2383286,57982,56783,143,56926,1147
2020-09-20,Sacramento,067,1510023,22002,21394,25,21419,401
2020-09-20,San Benito,069,59416,1319,1291,0,1291,9
2020-09-20,San Bernardino,071,2135413,53221,51559,342,51901,970
2020-09-20,San Diego,073,3302833,46310,44579,854,45433,760
2020-09-20,San Francisco,075,870044,11071,10743,28,10771,95
2020-09-20,San Joaquin,077,732212,20011,19578,47,19625,423
2020-09-20,San Luis Obispo,079,281455,3613,3393,20,3413,27
2020-09-20,San Mateo,081,765935,9943,9198,8,9206,127
2020-09-20,Santa Barbara,083,443738,9629,8880,75,8955,110
2020-09-20,Santa Clara,085,1922200,21626,20330,39,20369,252
2020-09-20,Santa Cruz,087,273765,2352,2199,27,2226,8
2020-09-20,Shasta,089,179085,903,696,3,699,14
2020-09-20,Sierra,091,2930,6,6,0,6,0
2020-09-20,Siskiyou,093,43540,155,146,10,156,0
2020-09-20,Solano,095,438530,6198,6020,41,6061,46
2020-09-20,Sonoma,097,501317,7284,6954,19,6973,117
2020-09-20,Stanislaus,099,539301,16417,16159,502,16661,310
2020-09-20,Sutter,101,95872,1662,1624,1,1625,10
2020-09-20,Tehama,103,63373,534,509,2,511,2
2020-09-20,Trinity,105,12862,54,15,8,23,0
2020-09-20,Tulare,107,460477,16075,15528,111,15639,260
2020-09-20,Tuolumne,109,53932,230,221,5,226,1
2020-09-20,Ventura,111,848112,13061,12406,150,12556,133
2020-09-20,Yolo,113,214977,2787,2745,6,2751,54
2020-09-20,Yuba,115,75493,1061,1029,5,1034,1
2020-09-19,Alameda,001,1643700,21066,20349,166,20515,343
2020-09-19,Alpine,003,1148,2,2,0,2,0
2020-09-19,Amador,005,37829,289,285,0,285,16
2020-09-19,Butte,007,227075,2875,2748,25,2773,38
2020-09-19,Calaveras,009,45235,302,256,0,256,10
2020-09-19,Colusa,011,21464,526,507,0,507,6
2020-09-19,Contra Costa,013,1133247,16649,15783,78,15861,186
2020-09-19,Del Norte,015,27424,133,132,0,132,2
2020-09-19,El Dorado,017,186661,1135,1068,0,1068,4
2020-09-19,Fresno,019,978130,30209,27668,368,28036,362
2020-09-19,Glenn,021,27897,569,547,0,547,3
2020-09-19,Humboldt,023,135768,492,471,1,472,5
2020-09-19,Imperial,025,180216,11703,10496,9,10505,284
2020-09-19,Inyo,027,18085,187,177,4,181,12
2020-09-19,Kern,029,883053,31649,30886,303,31189,379
2020-09-19,Kings,031,150075,7591,7130,40,7170,76
2020-09-19,Lake,033,64148,546,465,0,465,8
2020-09-19,Lassen,035,31185,743,731,2,733,0
2020-09-19,Los Angeles,037,10098052,262258,259801,1726,261527,6325
2020-09-19,Madera,039,155013,4471,4237,29,4266,47
2020-09-19,Marin,041,260295,6634,6513,15,6528,81
2020-09-19,Mariposa,043,17540,75,74,0,74,2
2020-09-19,Mendocino,045,87422,831,750,0,750,18
2020-09-19,Merced,047,269075,8794,8717,16,8733,128
2020-09-19,Modoc,049,8938,27,22,0,22,0
2020-09-19,Mono,051,14174,167,147,2,149,1
2020-09-19,Monterey,053,433212,9593,9237,27,9264,65
2020-09-19,Napa,055,140530,1689,1614,8,1622,11
2020-09-19,Nevada,057,99092,533,505,16,521,6
2020-09-19,Orange,059,3164182,53760,50999,1406,52405,1105
2020-09-19,Placer,061,380077,3568,3412,14,3426,40
2020-09-19,Plumas,063,18699,49,47,0,47,0
2020-09-19,Riverside,065,2383286,57857,56562,142,56704,1147
2020-09-19,Sacramento,067,1510023,21948,21297,25,21322,396
2020-09-19,San Benito,069,59416,1315,1276,0,1276,9
2020-09-19,San Bernardino,071,2135413,53065,51353,339,51692,971
2020-09-19,San Diego,073,3302833,46082,44295,831,45126,773
2020-09-19,San Francisco,075,870044,11038,10741,28,10769,95
2020-09-19,San Joaquin,077,732212,19974,19580,47,19627,424
2020-09-19,San Luis Obispo,079,281455,3592,3369,20,3389,27
2020-09-19,San Mateo,081,765935,9912,9158,8,9166,127
2020-09-19,Santa Barbara,083,443738,9608,8862,75,8937,106
2020-09-19,Santa Clara,085,1922200,21537,20170,39,20209,251
2020-09-19,Santa Cruz,087,273765,2338,2198,26,2224,8
2020-09-19,Shasta,089,179085,876,687,3,690,14
2020-09-19,Sierra,091,2930,6,6,0,6,0
2020-09-19,Siskiyou,093,43540,155,146,10,156,0
2020-09-19,Solano,095,438530,6182,5998,41,6039,46
2020-09-19,Sonoma,097,501317,7251,6905,19,6924,117
2020-09-19,Stanislaus,099,539301,16377,16109,495,16604,313
2020-09-19,Sutter,101,95872,1661,1602,1,1603,10
2020-09-19,Tehama,103,63373,529,498,2,500,2
2020-09-19,Trinity,105,12862,54,15,8,23,0
2020-09-19,Tulare,107,460477,16026,15485,108,15593,260
2020-09-19,Tuolumne,109,53932,230,217,5,222,1
2020-09-19,Ventura,111,848112,13029,12328,150,12478,133
2020-09-19,Yolo,113,214977,2779,2739,6,2745,54
2020-09-19,Yuba,115,75493,1054,1023,5,1028,1
2020-09-18,Alameda,001,1643700,21001,20222,160,20382,341
2020-09-18,Alpine,003,1148,2,2,0,2,0
2020-09-18,Amador,005,37829,289,285,0,285,16
2020-09-18,Butte,007,227075,2873,2738,25,2763,37
2020-09-18,Calaveras,009,45235,302,255,0,255,9
2020-09-18,Colusa,011,21464,526,504,0,504,6
2020-09-18,Contra Costa,013,1133247,16564,15667,78,15745,185
2020-09-18,Del Norte,015,27424,133,131,0,131,2
2020-09-18,El Dorado,017,186661,1122,1063,0,1063,4
2020-09-18,Fresno,019,978130,30144,27560,368,27928,359
2020-09-18,Glenn,021,27897,566,541,0,541,3
2020-09-18,Humboldt,023,135768,489,470,1,471,5
2020-09-18,Imperial,025,180216,11688,10460,9,10469,283
2020-09-18,Inyo,027,18085,187,177,4,181,12
2020-09-18,Kern,029,883053,31591,30742,300,31042,373
2020-09-18,Kings,031,150075,7581,7062,40,7102,74
2020-09-18,Lake,033,64148,540,458,0,458,8
2020-09-18,Lassen,035,31185,742,731,2,733,0
2020-09-18,Los Angeles,037,10098052,261497,258488,1708,260196,6324
2020-09-18,Madera,039,155013,4459,4211,29,4240,45
2020-09-18,Marin,041,260295,6619,6475,15,6490,81
2020-09-18,Mariposa,043,17540,75,74,0,74,2
2020-09-18,Mendocino,045,87422,823,739,0,739,18
2020-09-18,Merced,047,269075,8782,8691,15,8706,127
2020-09-18,Modoc,049,8938,27,22,0,22,0
2020-09-18,Mono,051,14174,165,147,2,149,1
2020-09-18,Monterey,053,433212,9551,9183,27,9210,64
2020-09-18,Napa,055,140530,1683,1604,8,1612,11
2020-09-18,Nevada,057,99092,530,504,16,520,6
2020-09-18,Orange,059,3164182,53613,50733,1394,52127,1107
2020-09-18,Placer,061,380077,3557,3389,14,3403,40
2020-09-18,Plumas,063,18699,49,45,0,45,0
2020-09-18,Riverside,065,2383286,57737,56248,138,56386,1143
2020-09-18,Sacramento,067,1510023,21865,21105,25,21130,391
2020-09-18,San Benito,069,59416,1307,1257,0,1257,8
2020-09-18,San Bernardino,071,2135413,52921,51106,336,51442,970
2020-09-18,San Diego,073,3302833,45832,44009,826,44835,757
2020-09-18,San Francisco,075,870044,11000,10644,27,10671,95
2020-09-18,San Joaquin,077,732212,19930,19531,46,19577,423
2020-09-18,San Luis Obispo,079,281455,3568,3328,20,3348,27
2020-09-18,San Mateo,081,765935,9872,9062,8,9070,127
2020-09-18,Santa Barbara,083,443738,9586,8824,75,8899,107
2020-09-18,Santa Clara,085,1922200,21439,20058,39,20097,252
2020-09-18,Santa Cruz,087,273765,2317,2180,25,2205,8
2020-09-18,Shasta,089,179085,841,668,3,671,14
2020-09-18,Sierra,091,2930,6,6,0,6,0
2020-09-18,Siskiyou,093,43540,154,146,10,156,0
2020-09-18,Solano,095,438530,6166,5961,41,6002,46
2020-09-18,Sonoma,097,501317,7203,6856,19,6875,114
2020-09-18,Stanislaus,099,539301,16349,16042,489,16531,277
2020-09-18,Sutter,101,95872,1653,1586,1,1587,10
2020-09-18,Tehama,103,63373,529,490,2,492,2
2020-09-18,Trinity,105,12862,54,15,7,22,0
2020-09-18,Tulare,107,460477,15993,15435,104,15539,259
2020-09-18,Tuolumne,109,53932,229,216,5,221,1
2020-09-18,Ventura,111,848112,12968,12236,146,12382,133
2020-09-18,Yolo,113,214977,2773,2732,6,2738,54
2020-09-18,Yuba,115,75493,1050,1020,5,1025,1
2020-09-17,Alameda,001,1643700,20902,20146,160,20306,339
2020-09-17,Alpine,003,1148,2,2,0,2,0
2020-09-17,Amador,005,37829,287,284,0,284,16
2020-09-17,Butte,007,227075,2855,2720,25,2745,38
2020-09-17,Calaveras,009,45235,302,254,0,254,9
2020-09-17,Colusa,011,21464,524,499,0,499,6
2020-09-17,Contra Costa,013,1133247,16474,15576,78,15654,184
2020-09-17,Del Norte,015,27424,133,131,0,131,2
2020-09-17,El Dorado,017,186661,1113,1057,0,1057,4
2020-09-17,Fresno,019,978130,30034,27487,363,27850,355
2020-09-17,Glenn,021,27897,565,541,0,541,3
2020-09-17,Humboldt,023,135768,483,466,1,467,5
2020-09-17,Imperial,025,180216,11671,10436,9,10445,281
2020-09-17,Inyo,027,18085,187,176,4,180,12
2020-09-17,Kern,029,883053,31530,30627,293,30920,372
2020-09-17,Kings,031,150075,7510,7015,40,7055,72
2020-09-17,Lake,033,64148,530,433,0,433,8
2020-09-17,Lassen,035,31185,740,731,2,733,0
2020-09-17,Los Angeles,037,10098052,260557,257246,1694,258940,6318
2020-09-17,Madera,039,155013,4425,4152,29,4181,45
2020-09-17,Marin,041,260295,6598,6457,15,6472,81
2020-09-17,Mariposa,043,17540,75,74,0,74,2
2020-09-17,Mendocino,045,87422,812,737,0,737,18
2020-09-17,Merced,047,269075,8763,8671,15,8686,119
2020-09-17,Modoc,049,8938,27,22,0,22,0
2020-09-17,Mono,051,14174,165,147,2,149,1
2020-09-17,Monterey,053,433212,9489,9113,25,9138,62
2020-09-17,Napa,055,140530,1672,1592,8,1600,11
2020-09-17,Nevada,057,99092,528,494,16,510,6
2020-09-17,Orange,059,3164182,53433,50537,1382,51919,1098
2020-09-17,Placer,061,380077,3536,3368,14,3382,40
2020-09-17,Plumas,063,18699,49,45,0,45,0
2020-09-17,Riverside,065,2383286,57511,56007,137,56144,1134
2020-09-17,Sacramento,067,1510023,21630,20895,25,20920,385
2020-09-17,San Benito,069,59416,1304,1252,0,1252,8
2020-09-17,San Bernardino,071,2135413,52720,50770,336,51106,904
2020-09-17,San Diego,073,3302833,45552,43621,814,44435,754
2020-09-17,San Francisco,075,870044,10905,10564,27,10591,95
2020-09-17,San Joaquin,077,732212,19871,19439,46,19485,416
2020-09-17,San Luis Obispo,079,281455,3540,3299,20,3319,27
2020-09-17,San Mateo,081,765935,9830,8984,8,8992,127
2020-09-17,Santa Barbara,083,443738,9562,8779,75,8854,107
2020-09-17,Santa Clara,085,1922200,21322,19825,39,19864,254
2020-09-17,Santa Cruz,087,273765,2301,2155,25,2180,7
2020-09-17,Shasta,089,179085,802,660,3,663,12
2020-09-17,Sierra,091,2930,6,6,0,6,0
2020-09-17,Siskiyou,093,43540,154,146,10,156,0
2020-09-17,Solano,095,438530,6143,5915,41,5956,44
2020-09-17,Sonoma,097,501317,7139,6754,19,6773,114
2020-09-17,Stanislaus,099,539301,16316,15984,485,16469,277
2020-09-17,Sutter,101,95872,1648,1572,1,1573,10
2020-09-17,Tehama,103,63373,515,487,2,489,2
2020-09-17,Trinity,105,12862,54,15,7,22,0
2020-09-17,Tulare,107,460477,15940,15344,102,15446,258
2020-09-17,Tuolumne,109,53932,228,214,5,219,1
2020-09-17,Ventura,111,848112,12881,12167,142,12309,130
2020-09-17,Yolo,113,214977,2764,2724,6,2730,53
2020-09-17,Yuba,115,75493,1046,1015,5,1020,1
2020-09-16,Alameda,001,1643700,20804,20009,158,20167,333
2020-09-16,Alpine,003,1148,2,2,0,2,0
2020-09-16,Amador,005,37829,287,284,0,284,16
2020-09-16,Butte,007,227075,2845,2704,25,2729,38
2020-09-16,Calaveras,009,45235,302,254,0,254,9
2020-09-16,Colusa,011,21464,522,497,0,497,6
2020-09-16,Contra Costa,013,1133247,16388,15473,78,15551,183
2020-09-16,Del Norte,015,27424,133,131,0,131,2
2020-09-16,El Dorado,017,186661,1105,1049,0,1049,4
2020-09-16,Fresno,019,978130,29927,27381,361,27742,343
2020-09-16,Glenn,021,27897,563,539,0,539,3
2020-09-16,Humboldt,023,135768,482,455,1,456,4
2020-09-16,Imperial,025,180216,11648,10401,9,10410,277
2020-09-16,Inyo,027,18085,186,176,4,180,12
2020-09-16,Kern,029,883053,31470,30570,292,30862,371
2020-09-16,Kings,031,150075,7485,7002,37,7039,71
2020-09-16,Lake,033,64148,519,417,0,417,6
2020-09-16,Lassen,035,31185,739,730,2,732,0
2020-09-16,Los Angeles,037,10098052,259579,256101,1676,257777,6299
2020-09-16,Madera,039,155013,4402,4138,29,4167,45
2020-09-16,Marin,041,260295,6570,6430,15,6445,77
2020-09-16,Mariposa,043,17540,75,74,0,74,2
2020-09-16,Mendocino,045,87422,803,727,0,727,18
2020-09-16,Merced,047,269075,8742,8646,15,8661,118
2020-09-16,Modoc,049,8938,27,22,0,22,0
2020-09-16,Mono,051,14174,165,147,2,149,1
2020-09-16,Monterey,053,433212,9435,8997,25,9022,62
2020-09-16,Napa,055,140530,1658,1587,8,1595,11
2020-09-16,Nevada,057,99092,523,495,15,510,6
2020-09-16,Orange,059,3164182,53233,50414,1373,51787,1096
2020-09-16,Placer,061,380077,3518,3351,14,3365,39
2020-09-16,Plumas,063,18699,49,45,0,45,0
2020-09-16,Riverside,065,2383286,57315,55811,129,55940,1127
2020-09-16,Sacramento,067,1510023,21535,20610,24,20634,377
2020-09-16,San Benito,069,59416,1296,1244,0,1244,8
2020-09-16,San Bernardino,071,2135413,52494,50509,335,50844,907
2020-09-16,San Diego,073,3302833,45260,43447,793,44240,748
2020-09-16,San Francisco,075,870044,10858,10502,27,10529,90
2020-09-16,San Joaquin,077,732212,19817,19377,45,19422,409
2020-09-16,San Luis Obispo,079,281455,3510,3285,20,3305,28
2020-09-16,San Mateo,081,765935,9765,8944,8,8952,127
2020-09-16,Santa Barbara,083,443738,9530,8764,75,8839,107
2020-09-16,Santa Clara,085,1922200,21203,19684,39,19723,253
2020-09-16,Santa Cruz,087,273765,2260,2089,24,2113,7
2020-09-16,Shasta,089,179085,776,635,3,638,11
2020-09-16,Sierra,091,2930,6,6,0,6,0
2020-09-16,Siskiyou,093,43540,153,145,10,155,0
2020-09-16,Solano,095,438530,6113,5899,41,5940,44
2020-09-16,Sonoma,097,501317,7078,6731,19,6750,104
2020-09-16,Stanislaus,099,539301,16268,15897,477,16374,263
2020-09-16,Sutter,101,95872,1635,1567,1,1568,10
2020-09-16,Tehama,103,63373,507,485,2,487,2
2020-09-16,Trinity,105,12862,54,15,7,22,0
2020-09-16,Tulare,107,460477,15896,15314,95,15409,258
2020-09-16,Tuolumne,109,53932,227,210,5,215,1
2020-09-16,Ventura,111,848112,12810,12073,140,12213,130
2020-09-16,Yolo,113,214977,2757,2709,6,2715,53
2020-09-16,Yuba,115,75493,1044,1000,5,1005,1
2020-09-15,Alameda,001,1643700,20697,19931,155,20086,327
2020-09-15,Alpine,003,1148,2,2,0,2,0
2020-09-15,Amador,005,37829,286,282,0,282,16
2020-09-15,Butte,007,227075,2832,2695,23,2718,38
2020-09-15,Calaveras,009,45235,302,248,0,248,5
2020-09-15,Colusa,011,21464,516,497,0,497,6
2020-09-15,Contra Costa,013,1133247,16285,15423,77,15500,180
2020-09-15,Del Norte,015,27424,133,129,0,129,2
2020-09-15,El Dorado,017,186661,1100,1046,0,1046,4
2020-09-15,Fresno,019,978130,29820,27312,356,27668,343
2020-09-15,Glenn,021,27897,562,531,0,531,3
2020-09-15,Humboldt,023,135768,480,456,1,457,4
2020-09-15,Imperial,025,180216,11623,10376,9,10385,277
2020-09-15,Inyo,027,18085,186,176,4,180,12
2020-09-15,Kern,029,883053,31357,30429,289,30718,368
2020-09-15,Kings,031,150075,7327,6977,37,7014,70
2020-09-15,Lake,033,64148,505,416,0,416,4
2020-09-15,Lassen,035,31185,735,719,2,721,0
2020-09-15,Los Angeles,037,10098052,258472,255048,1654,256702,6269
2020-09-15,Madera,039,155013,4383,4122,29,4151,45
2020-09-15,Marin,041,260295,6539,6423,15,6438,77
2020-09-15,Mariposa,043,17540,75,74,0,74,2
2020-09-15,Mendocino,045,87422,785,724,0,724,18
2020-09-15,Merced,047,269075,8712,8633,15,8648,114
2020-09-15,Modoc,049,8938,26,21,0,21,0
2020-09-15,Mono,051,14174,165,147,2,149,1
2020-09-15,Monterey,053,433212,9386,8943,25,8968,62
2020-09-15,Napa,055,140530,1644,1580,8,1588,11
2020-09-15,Nevada,057,99092,518,494,15,509,6
2020-09-15,Orange,059,3164182,53051,50294,1358,51652,1088
2020-09-15,Placer,061,380077,3494,3331,14,3345,38
2020-09-15,Plumas,063,18699,49,44,0,44,0
2020-09-15,Riverside,065,2383286,57021,55569,119,55688,1118
2020-09-15,Sacramento,067,1510023,21392,20487,24,20511,372
2020-09-15,San Benito,069,59416,1289,1237,0,1237,7
2020-09-15,San Bernardino,071,2135413,52278,50333,334,50667,904
2020-09-15,San Diego,073,3302833,44941,43183,773,43956,742
2020-09-15,San Francisco,075,870044,10800,10414,27,10441,90
2020-09-15,San Joaquin,077,732212,19765,19313,45,19358,401
2020-09-15,San Luis Obispo,079,281455,3490,3262,20,3282,28
2020-09-15,San Mateo,081,765935,9695,8895,8,8903,127
2020-09-15,Santa Barbara,083,443738,9505,8724,74,8798,104
2020-09-15,Santa Clara,085,1922200,21067,19610,39,19649,252
2020-09-15,Santa Cruz,087,273765,2234,2079,23,2102,7
2020-09-15,Shasta,089,179085,764,627,3,630,11
2020-09-15,Sierra,091,2930,6,6,0,6,0
2020-09-15,Siskiyou,093,43540,153,143,10,153,0
2020-09-15,Solano,095,438530,6079,5878,41,5919,45
2020-09-15,Sonoma,097,501317,7039,6701,19,6720,104
2020-09-15,Stanislaus,099,539301,16220,15880,475,16355,260
2020-09-15,Sutter,101,95872,1623,1556,1,1557,10
2020-09-15,Tehama,103,63373,495,484,2,486,2
2020-09-15,Trinity,105,12862,54,15,7,22,0
2020-09-15,Tulare,107,460477,15819,15203,93,15296,254
2020-09-15,Tuolumne,109,53932,227,209,5,214,1
2020-09-15,Ventura,111,848112,12757,11932,139,12071,128
2020-09-15,Yolo,113,214977,2753,2708,6,2714,53
2020-09-15,Yuba,115,75493,1038,991,4,995,1
2020-09-14,Alameda,001,1643700,20570,19851,154,20005,306
2020-09-14,Alpine,003,1148,2,2,0,2,0
2020-09-14,Amador,005,37829,284,281,0,281,16
2020-09-14,Butte,007,227075,2815,2642,23,2665,37
2020-09-14,Calaveras,009,45235,302,244,0,244,3
2020-09-14,Colusa,011,21464,515,486,0,486,6
2020-09-14,Contra Costa,013,1133247,16161,15354,76,15430,174
2020-09-14,Del Norte,015,27424,130,116,0,116,2
2020-09-14,El Dorado,017,186661,1096,1039,0,1039,3
2020-09-14,Fresno,019,978130,29734,27232,353,27585,344
2020-09-14,Glenn,021,27897,554,521,0,521,3
2020-09-14,Humboldt,023,135768,477,437,1,438,4
2020-09-14,Imperial,025,180216,11603,10340,9,10349,273
2020-09-14,Inyo,027,18085,186,176,4,180,12
2020-09-14,Kern,029,883053,31269,30344,288,30632,368
2020-09-14,Kings,031,150075,7245,6950,37,6987,70
2020-09-14,Lake,033,64148,485,407,0,407,4
2020-09-14,Lassen,035,31185,735,719,2,721,0
2020-09-14,Los Angeles,037,10098052,257445,254622,1629,256251,6226
2020-09-14,Madera,039,155013,4369,4104,29,4133,45
2020-09-14,Marin,041,260295,6518,6409,15,6424,70
2020-09-14,Mariposa,043,17540,75,74,0,74,2
2020-09-14,Mendocino,045,87422,768,710,0,710,17
2020-09-14,Merced,047,269075,8693,8593,15,8608,112
2020-09-14,Modoc,049,8938,26,21,0,21,0
2020-09-14,Mono,051,14174,165,147,2,149,1
2020-09-14,Monterey,053,433212,9315,8845,24,8869,61
2020-09-14,Napa,055,140530,1627,1576,8,1584,11
2020-09-14,Nevada,057,99092,513,489,15,504,6
2020-09-14,Orange,059,3164182,52890,50149,1342,51491,1079
2020-09-14,Placer,061,380077,3473,3302,14,3316,38
2020-09-14,Plumas,063,18699,48,42,0,42,0
2020-09-14,Riverside,065,2383286,56802,55488,114,55602,1113
2020-09-14,Sacramento,067,1510023,21197,20377,23,20400,367
2020-09-14,San Benito,069,59416,1274,1233,0,1233,7
2020-09-14,San Bernardino,071,2135413,52054,50163,333,50496,895
2020-09-14,San Diego,073,3302833,44630,42889,753,43642,734
2020-09-14,San Francisco,075,870044,10733,10255,25,10280,90
2020-09-14,San Joaquin,077,732212,19691,19111,44,19155,397
2020-09-14,San Luis Obispo,079,281455,3465,3248,20,3268,25
2020-09-14,San Mateo,081,765935,9633,8847,8,8855,127
2020-09-14,Santa Barbara,083,443738,9479,8692,74,8766,104
2020-09-14,Santa Clara,085,1922200,20878,19545,39,19584,247
2020-09-14,Santa Cruz,087,273765,2213,2016,22,2038,7
2020-09-14,Shasta,089,179085,741,584,3,587,10
2020-09-14,Sierra,091,2930,6,6,0,6,0
2020-09-14,Siskiyou,093,43540,152,143,10,153,0
2020-09-14,Solano,095,438530,6044,5834,41,5875,44
2020-09-14,Sonoma,097,501317,6976,6630,19,6649,102
2020-09-14,Stanislaus,099,539301,16175,15812,472,16284,253
2020-09-14,Sutter,101,95872,1612,1549,1,1550,10
2020-09-14,Tehama,103,63373,493,475,2,477,1
2020-09-14,Trinity,105,12862,53,14,7,21,0
2020-09-14,Tulare,107,460477,15749,15096,87,15183,254
2020-09-14,Tuolumne,109,53932,226,208,5,213,1
2020-09-14,Ventura,111,848112,12655,11903,136,12039,125
2020-09-14,Yolo,113,214977,2742,2687,6,2693,53
2020-09-14,Yuba,115,75493,1030,977,4,981,1
2020-09-13,Alameda,001,1643700,20464,19815,151,19966,306
2020-09-13,Alpine,003,1148,2,2,0,2,0
2020-09-13,Amador,005,37829,281,279,0,279,16
2020-09-13,Butte,007,227075,2793,2640,23,2663,37
2020-09-13,Calaveras,009,45235,301,246,0,246,3
2020-09-13,Colusa,011,21464,511,486,0,486,6
2020-09-13,Contra Costa,013,1133247,16053,15284,76,15360,172
2020-09-13,Del Norte,015,27424,127,116,0,116,1
2020-09-13,El Dorado,017,186661,1091,1035,0,1035,2
2020-09-13,Fresno,019,978130,29626,27196,344,27540,345
2020-09-13,Glenn,021,27897,550,517,0,517,3
2020-09-13,Humboldt,023,135768,477,434,1,435,4
2020-09-13,Imperial,025,180216,11566,10304,8,10312,273
2020-09-13,Inyo,027,18085,186,176,4,180,12
2020-09-13,Kern,029,883053,31176,30277,281,30558,368
2020-09-13,Kings,031,150075,7226,6937,37,6974,70
2020-09-13,Lake,033,64148,466,397,0,397,4
2020-09-13,Lassen,035,31185,732,719,2,721,0
2020-09-13,Los Angeles,037,10098052,256298,253950,1613,255563,6203
2020-09-13,Madera,039,155013,4312,4090,29,4119,45
2020-09-13,Marin,041,260295,6497,6395,15,6410,70
2020-09-13,Mariposa,043,17540,75,74,0,74,2
2020-09-13,Mendocino,045,87422,761,707,0,707,17
2020-09-13,Merced,047,269075,8659,8575,15,8590,112
2020-09-13,Modoc,049,8938,26,21,0,21,0
2020-09-13,Mono,051,14174,165,147,2,149,1
2020-09-13,Monterey,053,433212,9233,8826,23,8849,61
2020-09-13,Napa,055,140530,1620,1563,8,1571,11
2020-09-13,Nevada,057,99092,505,486,15,501,6
2020-09-13,Orange,059,3164182,52674,50061,1335,51396,1075
2020-09-13,Placer,061,380077,3443,3291,14,3305,38
2020-09-13,Plumas,063,18699,48,42,0,42,0
2020-09-13,Riverside,065,2383286,56594,55235,103,55338,1108
2020-09-13,Sacramento,067,1510023,20851,20279,23,20302,367
2020-09-13,San Benito,069,59416,1266,1217,0,1217,7
2020-09-13,San Bernardino,071,2135413,51769,49968,331,50299,895
2020-09-13,San Diego,073,3302833,44304,42681,719,43400,734
2020-09-13,San Francisco,075,870044,10655,10254,25,10279,90
2020-09-13,San Joaquin,077,732212,19619,19110,43,19153,396
2020-09-13,San Luis Obispo,079,281455,3429,3240,20,3260,24
2020-09-13,San Mateo,081,765935,9572,8811,8,8819,127
2020-09-13,Santa Barbara,083,443738,9442,8690,74,8764,104
2020-09-13,Santa Clara,085,1922200,20743,19456,38,19494,245
2020-09-13,Santa Cruz,087,273765,2180,2016,20,2036,7
2020-09-13,Shasta,089,179085,729,583,3,586,10
2020-09-13,Sierra,091,2930,6,6,0,6,0
2020-09-13,Siskiyou,093,43540,152,143,9,152,0
2020-09-13,Solano,095,438530,5998,5810,41,5851,43
2020-09-13,Sonoma,097,501317,6911,6592,19,6611,95
2020-09-13,Stanislaus,099,539301,16112,15759,460,16219,253
2020-09-13,Sutter,101,95872,1599,1539,1,1540,10
2020-09-13,Tehama,103,63373,489,476,2,478,1
2020-09-13,Trinity,105,12862,53,14,7,21,0
2020-09-13,Tulare,107,460477,15678,15098,86,15184,254
2020-09-13,Tuolumne,109,53932,223,208,5,213,1
2020-09-13,Ventura,111,848112,12547,11855,135,11990,123
2020-09-13,Yolo,113,214977,2730,2675,6,2681,53
2020-09-13,Yuba,115,75493,1025,967,4,971,1
2020-09-12,Alameda,001,1643700,20405,19758,151,19909,307
2020-09-12,Alpine,003,1148,2,2,0,2,0
2020-09-12,Amador,005,37829,280,278,0,278,16
2020-09-12,Butte,007,227075,2786,2629,22,2651,37
2020-09-12,Calaveras,009,45235,299,246,0,246,3
2020-09-12,Colusa,011,21464,507,486,0,486,6
2020-09-12,Contra Costa,013,1133247,15978,15135,75,15210,174
2020-09-12,Del Norte,015,27424,126,116,0,116,1
2020-09-12,El Dorado,017,186661,1084,1034,0,1034,2
2020-09-12,Fresno,019,978130,29555,27076,344,27420,345
2020-09-12,Glenn,021,27897,549,517,0,517,3
2020-09-12,Humboldt,023,135768,476,430,1,431,4
2020-09-12,Imperial,025,180216,11554,10305,8,10313,273
2020-09-12,Inyo,027,18085,186,177,4,181,12
2020-09-12,Kern,029,883053,31110,30202,281,30483,368
2020-09-12,Kings,031,150075,7216,6895,37,6932,70
2020-09-12,Lake,033,64148,460,393,0,393,4
2020-09-12,Lassen,035,31185,732,719,2,721,0
2020-09-12,Los Angeles,037,10098052,255739,253156,1592,254748,6193
2020-09-12,Madera,039,155013,4301,4058,29,4087,43
2020-09-12,Marin,041,260295,6488,6393,15,6408,69
2020-09-12,Mariposa,043,17540,75,72,0,72,2
2020-09-12,Mendocino,045,87422,758,700,0,700,17
2020-09-12,Merced,047,269075,8650,8533,15,8548,112
2020-09-12,Modoc,049,8938,25,21,0,21,0
2020-09-12,Mono,051,14174,165,147,2,149,1
2020-09-12,Monterey,053,433212,9197,8743,23,8766,61
2020-09-12,Napa,055,140530,1617,1556,8,1564,11
2020-09-12,Nevada,057,99092,504,482,15,497,6
2020-09-12,Orange,059,3164182,52561,49895,1332,51227,1078
2020-09-12,Placer,061,380077,3426,3280,14,3294,38
2020-09-12,Plumas,063,18699,48,42,0,42,0
2020-09-12,Riverside,065,2383286,56466,55058,99,55157,1108
2020-09-12,Sacramento,067,1510023,20782,20184,23,20207,367
2020-09-12,San Benito,069,59416,1263,1208,0,1208,7
2020-09-12,San Bernardino,071,2135413,51678,49945,329,50274,896
2020-09-12,San Diego,073,3302833,44110,42416,710,43126,747
2020-09-12,San Francisco,075,870044,10610,10257,25,10282,90
2020-09-12,San Joaquin,077,732212,19591,19108,43,19151,396
2020-09-12,San Luis Obispo,079,281455,3403,3220,20,3240,24
2020-09-12,San Mateo,081,765935,9527,8759,8,8767,127
2020-09-12,Santa Barbara,083,443738,9427,8642,74,8716,104
2020-09-12,Santa Clara,085,1922200,20659,19330,38,19368,237
2020-09-12,Santa Cruz,087,273765,2168,2016,20,2036,7
2020-09-12,Shasta,089,179085,717,569,3,572,10
2020-09-12,Sierra,091,2930,6,6,0,6,0
2020-09-12,Siskiyou,093,43540,152,141,9,150,0
2020-09-12,Solano,095,438530,5974,5772,41,5813,43
2020-09-12,Sonoma,097,501317,6887,6531,19,6550,95
2020-09-12,Stanislaus,099,539301,16080,15675,457,16132,253
2020-09-12,Sutter,101,95872,1593,1529,1,1530,10
2020-09-12,Tehama,103,63373,486,471,2,473,1
2020-09-12,Trinity,105,12862,53,15,7,22,0
2020-09-12,Tulare,107,460477,15632,15018,85,15103,254
2020-09-12,Tuolumne,109,53932,223,208,5,213,1
2020-09-12,Ventura,111,848112,12496,11759,133,11892,123
2020-09-12,Yolo,113,214977,2723,2646,6,2652,53
2020-09-12,Yuba,115,75493,1021,963,4,967,1
2020-09-11,Alameda,001,1643700,20350,19625,150,19775,298
2020-09-11,Alpine,003,1148,2,2,0,2,0
2020-09-11,Amador,005,37829,280,277,0,277,16
2020-09-11,Butte,007,227075,2775,2605,22,2627,37
2020-09-11,Calaveras,009,45235,298,242,0,242,1
2020-09-11,Colusa,011,21464,506,484,0,484,6
2020-09-11,Contra Costa,013,1133247,15926,15001,72,15073,173
2020-09-11,Del Norte,015,27424,126,115,0,115,1
2020-09-11,El Dorado,017,186661,1081,1024,0,1024,2
2020-09-11,Fresno,019,978130,29475,26917,343,27260,344
2020-09-11,Glenn,021,27897,544,515,0,515,3
2020-09-11,Humboldt,023,135768,474,426,1,427,4
2020-09-11,Imperial,025,180216,11536,10286,8,10294,273
2020-09-11,Inyo,027,18085,186,176,4,180,12
2020-09-11,Kern,029,883053,31042,30059,280,30339,365
2020-09-11,Kings,031,150075,7199,6770,37,6807,70
2020-09-11,Lake,033,64148,453,382,0,382,4
2020-09-11,Lassen,035,31185,732,719,2,721,0
2020-09-11,Los Angeles,037,10098052,255058,252057,1581,253638,6172
2020-09-11,Madera,039,155013,4282,4018,29,4047,43
2020-09-11,Marin,041,260295,6485,6364,15,6379,69
2020-09-11,Mariposa,043,17540,75,72,0,72,2
2020-09-11,Mendocino,045,87422,747,700,0,700,17
2020-09-11,Merced,047,269075,8629,8489,15,8504,109
2020-09-11,Modoc,049,8938,25,21,0,21,0
2020-09-11,Mono,051,14174,165,145,2,147,1
2020-09-11,Monterey,053,433212,9149,8595,23,8618,61
2020-09-11,Napa,055,140530,1606,1543,8,1551,11
2020-09-11,Nevada,057,99092,497,483,15,498,6
2020-09-11,Orange,059,3164182,52433,49755,1320,51075,1068
2020-09-11,Placer,061,380077,3411,3254,14,3268,37
2020-09-11,Plumas,063,18699,48,42,0,42,0
2020-09-11,Riverside,065,2383286,56332,54717,96,54813,1099
2020-09-11,Sacramento,067,1510023,20697,20012,23,20035,358
2020-09-11,San Benito,069,59416,1253,1202,0,1202,7
2020-09-11,San Bernardino,071,2135413,51578,49682,329,50011,871
2020-09-11,San Diego,073,3302833,43890,41971,704,42675,730
2020-09-11,San Francisco,075,870044,10562,10133,24,10157,89
2020-09-11,San Joaquin,077,732212,19543,19019,43,19062,391
2020-09-11,San Luis Obispo,079,281455,3385,3190,20,3210,24
2020-09-11,San Mateo,081,765935,9485,8611,8,8619,127
2020-09-11,Santa Barbara,083,443738,9393,8592,73,8665,103
2020-09-11,Santa Clara,085,1922200,20570,19065,38,19103,234
2020-09-11,Santa Cruz,087,273765,2151,1997,20,2017,7
2020-09-11,Shasta,089,179085,707,568,3,571,10
2020-09-11,Sierra,091,2930,6,6,0,6,0
2020-09-11,Siskiyou,093,43540,151,139,9,148,0
2020-09-11,Solano,095,438530,5957,5742,41,5783,42
2020-09-11,Sonoma,097,501317,6842,6469,19,6488,91
2020-09-11,Stanislaus,099,539301,16042,15613,454,16067,253
2020-09-11,Sutter,101,95872,1583,1505,1,1506,11
2020-09-11,Tehama,103,63373,483,466,2,468,1
2020-09-11,Trinity,105,12862,53,16,7,23,0
2020-09-11,Tulare,107,460477,15601,14932,83,15015,251
2020-09-11,Tuolumne,109,53932,223,208,5,213,1
2020-09-11,Ventura,111,848112,12442,11700,131,11831,123
2020-09-11,Yolo,113,214977,2712,2632,6,2638,53
2020-09-11,Yuba,115,75493,1013,946,4,950,1
2020-09-10,Alameda,001,1643700,20276,19509,150,19659,292
2020-09-10,Alpine,003,1148,2,2,0,2,0
2020-09-10,Amador,005,37829,279,277,0,277,16
2020-09-10,Butte,007,227075,2758,2590,22,2612,37
2020-09-10,Calaveras,009,45235,298,244,0,244,1
2020-09-10,Colusa,011,21464,504,482,0,482,6
2020-09-10,Contra Costa,013,1133247,15856,14909,72,14981,172
2020-09-10,Del Norte,015,27424,125,112,0,112,1
2020-09-10,El Dorado,017,186661,1078,1020,0,1020,2
2020-09-10,Fresno,019,978130,29353,26783,343,27126,338
2020-09-10,Glenn,021,27897,534,511,0,511,3
2020-09-10,Humboldt,023,135768,463,422,1,423,4
2020-09-10,Imperial,025,180216,11520,10251,8,10259,270
2020-09-10,Inyo,027,18085,185,176,4,180,11
2020-09-10,Kern,029,883053,30960,29988,276,30264,363
2020-09-10,Kings,031,150075,7169,6739,37,6776,70
2020-09-10,Lake,033,64148,446,377,0,377,4
2020-09-10,Lassen,035,31185,731,716,2,718,0
2020-09-10,Los Angeles,037,10098052,254087,251003,1559,252562,6132
2020-09-10,Madera,039,155013,4264,3979,29,4008,43
2020-09-10,Marin,041,260295,6473,6344,15,6359,68
2020-09-10,Mariposa,043,17540,75,72,0,72,2
2020-09-10,Mendocino,045,87422,737,697,0,697,16
2020-09-10,Merced,047,269075,8583,8461,15,8476,109
2020-09-10,Modoc,049,8938,25,21,0,21,0
2020-09-10,Mono,051,14174,165,145,2,147,1
2020-09-10,Monterey,053,433212,9079,8570,23,8593,59
2020-09-10,Napa,055,140530,1600,1536,8,1544,11
2020-09-10,Nevada,057,99092,493,478,15,493,6
2020-09-10,Orange,059,3164182,52270,49617,1314,50931,1057
2020-09-10,Placer,061,380077,3392,3233,14,3247,37
2020-09-10,Plumas,063,18699,48,42,0,42,0
2020-09-10,Riverside,065,2383286,56014,54417,93,54510,1091
2020-09-10,Sacramento,067,1510023,20575,19618,22,19640,354
2020-09-10,San Benito,069,59416,1247,1201,0,1201,5
2020-09-10,San Bernardino,071,2135413,51389,49467,327,49794,867
2020-09-10,San Diego,073,3302833,43624,41610,677,42287,725
2020-09-10,San Francisco,075,870044,10485,10082,24,10106,89
2020-09-10,San Joaquin,077,732212,19490,18854,43,18897,389
2020-09-10,San Luis Obispo,079,281455,3372,3161,20,3181,24
2020-09-10,San Mateo,081,765935,9439,8529,8,8537,125
2020-09-10,Santa Barbara,083,443738,9349,8552,73,8625,100
2020-09-10,Santa Clara,085,1922200,20456,18870,38,18908,231
2020-09-10,Santa Cruz,087,273765,2136,1986,18,2004,7
2020-09-10,Shasta,089,179085,696,566,3,569,10
2020-09-10,Sierra,091,2930,6,6,0,6,0
2020-09-10,Siskiyou,093,43540,151,137,9,146,0
2020-09-10,Solano,095,438530,5917,5696,41,5737,42
2020-09-10,Sonoma,097,501317,6793,6424,19,6443,91
2020-09-10,Stanislaus,099,539301,15988,15509,449,15958,243
2020-09-10,Sutter,101,95872,1571,1494,1,1495,11
2020-09-10,Tehama,103,63373,476,466,2,468,1
2020-09-10,Trinity,105,12862,53,15,7,22,0
2020-09-10,Tulare,107,460477,15546,14860,80,14940,250
2020-09-10,Tuolumne,109,53932,222,205,5,210,1
2020-09-10,Ventura,111,848112,12348,11600,124,11724,122
2020-09-10,Yolo,113,214977,2707,2612,6,2618,53
2020-09-10,Yuba,115,75493,1007,941,4,945,1
2020-09-09,Alameda,001,1643700,20197,19399,149,19548,289
2020-09-09,Alpine,003,1148,2,2,0,2,0
2020-09-09,Amador,005,37829,278,276,0,276,16
2020-09-09,Butte,007,227075,2741,2561,22,2583,37
2020-09-09,Calaveras,009,45235,298,242,0,242,1
2020-09-09,Colusa,011,21464,499,479,0,479,6
2020-09-09,Contra Costa,013,1133247,15770,14816,72,14888,171
2020-09-09,Del Norte,015,27424,121,109,0,109,1
2020-09-09,El Dorado,017,186661,1075,1020,0,1020,2
2020-09-09,Fresno,019,978130,29250,26724,338,27062,329
2020-09-09,Glenn,021,27897,531,508,0,508,3
2020-09-09,Humboldt,023,135768,461,420,1,421,4
2020-09-09,Imperial,025,180216,11499,10233,8,10241,268
2020-09-09,Inyo,027,18085,184,173,4,177,2
2020-09-09,Kern,029,883053,30862,29925,273,30198,355
2020-09-09,Kings,031,150075,7151,6721,37,6758,72
2020-09-09,Lake,033,64148,438,371,0,371,4
2020-09-09,Lassen,035,31185,730,714,2,716,0
2020-09-09,Los Angeles,037,10098052,253218,249876,1540,251416,6091
2020-09-09,Madera,039,155013,4238,3926,29,3955,43
2020-09-09,Marin,041,260295,6454,6321,15,6336,68
2020-09-09,Mariposa,043,17540,74,72,0,72,2
2020-09-09,Mendocino,045,87422,729,695,0,695,16
2020-09-09,Merced,047,269075,8557,8441,15,8456,107
2020-09-09,Modoc,049,8938,24,20,0,20,0
2020-09-09,Mono,051,14174,165,145,2,147,1
2020-09-09,Monterey,053,433212,9007,8527,23,8550,59
2020-09-09,Napa,055,140530,1590,1531,8,1539,11
2020-09-09,Nevada,057,99092,489,476,15,491,6
2020-09-09,Orange,059,3164182,52090,49394,1306,50700,1054
2020-09-09,Placer,061,380077,3372,3222,14,3236,36
2020-09-09,Plumas,063,18699,46,42,0,42,0
2020-09-09,Riverside,065,2383286,55784,54320,90,54410,1081
2020-09-09,Sacramento,067,1510023,20469,19474,21,19495,347
2020-09-09,San Benito,069,59416,1243,1199,0,1199,5
2020-09-09,San Bernardino,071,2135413,51191,49264,326,49590,866
2020-09-09,San Diego,073,3302833,43335,41326,665,41991,721
2020-09-09,San Francisco,075,870044,10435,9996,23,10019,86
2020-09-09,San Joaquin,077,732212,19426,18799,42,18841,388
2020-09-09,San Luis Obispo,079,281455,3354,3131,20,3151,24
2020-09-09,San Mateo,081,765935,9378,8478,8,8486,125
2020-09-09,Santa Barbara,083,443738,9306,8528,73,8601,97
2020-09-09,Santa Clara,085,1922200,20324,18759,38,18797,228
2020-09-09,Santa Cruz,087,273765,2113,1967,18,1985,7
2020-09-09,Shasta,089,179085,684,562,3,565,10
2020-09-09,Sierra,091,2930,6,6,0,6,0
2020-09-09,Siskiyou,093,43540,149,137,9,146,0
2020-09-09,Solano,095,438530,5885,5680,41,5721,36
2020-09-09,Sonoma,097,501317,6726,6397,19,6416,92
2020-09-09,Stanislaus,099,539301,15949,15469,438,15907,243
2020-09-09,Sutter,101,95872,1563,1487,1,1488,11
2020-09-09,Tehama,103,63373,473,462,2,464,1
2020-09-09,Trinity,105,12862,53,14,7,21,0
2020-09-09,Tulare,107,460477,15497,14787,75,14862,249
2020-09-09,Tuolumne,109,53932,221,204,4,208,1
2020-09-09,Ventura,111,848112,12257,11497,121,11618,121
2020-09-09,Yolo,113,214977,2696,2604,6,2610,53
2020-09-09,Yuba,115,75493,1002,936,4,940,1
2020-09-08,Alameda,001,1643700,20089,19293,149,19442,288
2020-09-08,Alpine,003,1148,2,2,0,2,0
2020-09-08,Amador,005,37829,278,276,0,276,16
2020-09-08,Butte,007,227075,2723,2453,22,2475,36
2020-09-08,Calaveras,009,45235,296,233,0,233,1
2020-09-08,Colusa,011,21464,497,475,0,475,6
2020-09-08,Contra Costa,013,1133247,15642,14740,69,14809,171
2020-09-08,Del Norte,015,27424,121,109,0,109,2
2020-09-08,El Dorado,017,186661,1072,1011,0,1011,2
2020-09-08,Fresno,019,978130,29130,26640,333,26973,329
2020-09-08,Glenn,021,27897,527,492,0,492,3
2020-09-08,Humboldt,023,135768,459,420,1,421,4
2020-09-08,Imperial,025,180216,11483,10198,8,10206,267
2020-09-08,Inyo,027,18085,184,169,4,173,2
2020-09-08,Kern,029,883053,30776,29850,271,30121,351
2020-09-08,Kings,031,150075,7113,6658,37,6695,72
2020-09-08,Lake,033,64148,428,370,0,370,4
2020-09-08,Lassen,035,31185,730,710,2,712,0
2020-09-08,Los Angeles,037,10098052,252291,249217,1512,250729,6034
2020-09-08,Madera,039,155013,4214,3904,29,3933,43
2020-09-08,Marin,041,260295,6423,6313,15,6328,68
2020-09-08,Mariposa,043,17540,74,72,0,72,2
2020-09-08,Mendocino,045,87422,722,690,0,690,16
2020-09-08,Merced,047,269075,8534,8381,15,8396,104
2020-09-08,Modoc,049,8938,24,20,0,20,0
2020-09-08,Mono,051,14174,165,145,2,147,1
2020-09-08,Monterey,053,433212,8922,8491,23,8514,59
2020-09-08,Napa,055,140530,1586,1518,8,1526,11
2020-09-08,Nevada,057,99092,489,470,15,485,6
2020-09-08,Orange,059,3164182,51949,49214,1302,50516,1044
2020-09-08,Placer,061,380077,3358,3205,14,3219,36
2020-09-08,Plumas,063,18699,46,42,0,42,0
2020-09-08,Riverside,065,2383286,55571,54168,87,54255,1069
2020-09-08,Sacramento,067,1510023,20234,19411,20,19431,347
2020-09-08,San Benito,069,59416,1236,1188,0,1188,5
2020-09-08,San Bernardino,071,2135413,51002,49034,325,49359,856
2020-09-08,San Diego,073,3302833,43019,41079,653,41732,709
2020-09-08,San Francisco,075,870044,10362,9821,23,9844,86
2020-09-08,San Joaquin,077,732212,19348,18550,42,18592,388
2020-09-08,San Luis Obispo,079,281455,3340,3120,20,3140,23
2020-09-08,San Mateo,081,765935,9302,8460,8,8468,125
2020-09-08,Santa Barbara,083,443738,9272,8488,72,8560,96
2020-09-08,Santa Clara,085,1922200,20148,18645,38,18683,228
2020-09-08,Santa Cruz,087,273765,2085,1903,18,1921,7
2020-09-08,Shasta,089,179085,676,556,3,559,10
2020-09-08,Sierra,091,2930,6,6,0,6,0
2020-09-08,Siskiyou,093,43540,147,136,9,145,0
2020-09-08,Solano,095,438530,5848,5654,41,5695,36
2020-09-08,Sonoma,097,501317,6657,6356,19,6375,92
2020-09-08,Stanislaus,099,539301,15885,15415,426,15841,238
2020-09-08,Sutter,101,95872,1548,1473,1,1474,11
2020-09-08,Tehama,103,63373,469,458,2,460,1
2020-09-08,Trinity,105,12862,52,13,7,20,0
2020-09-08,Tulare,107,460477,15417,14635,74,14709,249
2020-09-08,Tuolumne,109,53932,220,197,4,201,1
2020-09-08,Ventura,111,848112,12188,11475,118,11593,118
2020-09-08,Yolo,113,214977,2686,2580,6,2586,53
2020-09-08,Yuba,115,75493,990,923,4,927,1
2020-09-07,Alameda,001,1643700,19967,19188,143,19331,281
2020-09-07,Alpine,003,1148,2,2,0,2,0
2020-09-07,Amador,005,37829,278,276,0,276,16
2020-09-07,Butte,007,227075,2690,2450,21,2471,30
2020-09-07,Calaveras,009,45235,286,234,0,234,1
2020-09-07,Colusa,011,21464,496,475,0,475,6
2020-09-07,Contra Costa,013,1133247,15529,14637,66,14703,172
2020-09-07,Del Norte,015,27424,121,109,0,109,2
2020-09-07,El Dorado,017,186661,1061,1011,0,1011,2
2020-09-07,Fresno,019,978130,29036,26565,330,26895,329
2020-09-07,Glenn,021,27897,522,488,0,488,3
2020-09-07,Humboldt,023,135768,450,416,1,417,4
2020-09-07,Imperial,025,180216,11452,10199,7,10206,267
2020-09-07,Inyo,027,18085,184,169,4,173,2
2020-09-07,Kern,029,883053,30655,29790,266,30056,348
2020-09-07,Kings,031,150075,6988,6630,37,6667,72
2020-09-07,Lake,033,64148,405,367,0,367,2
2020-09-07,Lassen,035,31185,730,709,2,711,0
2020-09-07,Los Angeles,037,10098052,251247,248804,1490,250294,6030
2020-09-07,Madera,039,155013,4183,3889,28,3917,43
2020-09-07,Marin,041,260295,6393,6296,15,6311,67
2020-09-07,Mariposa,043,17540,74,72,0,72,2
2020-09-07,Mendocino,045,87422,714,687,0,687,16
2020-09-07,Merced,047,269075,8487,8381,15,8396,104
2020-09-07,Modoc,049,8938,23,20,0,20,0
2020-09-07,Mono,051,14174,165,145,2,147,1
2020-09-07,Monterey,053,433212,8843,8463,23,8486,57
2020-09-07,Napa,055,140530,1574,1514,8,1522,11
2020-09-07,Nevada,057,99092,487,469,15,484,6
2020-09-07,Orange,059,3164182,51778,49132,1298,50430,1042
2020-09-07,Placer,061,380077,3327,3188,13,3201,36
2020-09-07,Plumas,063,18699,45,42,0,42,0
2020-09-07,Riverside,065,2383286,55296,54178,81,54259,1069
2020-09-07,Sacramento,067,1510023,19991,19292,19,19311,345
2020-09-07,San Benito,069,59416,1230,1180,0,1180,4
2020-09-07,San Bernardino,071,2135413,50774,49043,323,49366,821
2020-09-07,San Diego,073,3302833,42619,40868,626,41494,708
2020-09-07,San Francisco,075,870044,10311,9813,22,9835,85
2020-09-07,San Joaquin,077,732212,19267,18552,40,18592,386
2020-09-07,San Luis Obispo,079,281455,3303,3116,20,3136,23
2020-09-07,San Mateo,081,765935,9220,8409,8,8417,125
2020-09-07,Santa Barbara,083,443738,9230,8479,72,8551,95
2020-09-07,Santa Clara,085,1922200,19990,18596,37,18633,226
2020-09-07,Santa Cruz,087,273765,2057,1902,18,1920,7
2020-09-07,Shasta,089,179085,666,556,3,559,10
2020-09-07,Sierra,091,2930,6,6,0,6,0
2020-09-07,Siskiyou,093,43540,146,133,9,142,0
2020-09-07,Solano,095,438530,5783,5640,41,5681,36
2020-09-07,Sonoma,097,501317,6590,6268,19,6287,85
2020-09-07,Stanislaus,099,539301,15820,15343,414,15757,236
2020-09-07,Sutter,101,95872,1531,1468,1,1469,11
2020-09-07,Tehama,103,63373,466,453,2,455,1
2020-09-07,Trinity,105,12862,52,13,7,20,0
2020-09-07,Tulare,107,460477,15311,14637,72,14709,249
2020-09-07,Tuolumne,109,53932,219,196,4,200,1
2020-09-07,Ventura,111,848112,12093,11463,115,11578,118
2020-09-07,Yolo,113,214977,2669,2565,5,2570,53
2020-09-07,Yuba,115,75493,974,923,3,926,1
2020-09-06,Alameda,001,1643700,19909,19029,141,19170,281
2020-09-06,Alpine,003,1148,2,2,0,2,0
2020-09-06,Amador,005,37829,276,275,0,275,16
2020-09-06,Butte,007,227075,2681,2446,21,2467,30
2020-09-06,Calaveras,009,45235,286,235,0,235,1
2020-09-06,Colusa,011,21464,492,475,0,475,6
2020-09-06,Contra Costa,013,1133247,15449,14565,65,14630,171
2020-09-06,Del Norte,015,27424,121,109,0,109,2
2020-09-06,El Dorado,017,186661,1059,1008,0,1008,2
2020-09-06,Fresno,019,978130,28972,26471,328,26799,329
2020-09-06,Glenn,021,27897,516,474,0,474,3
2020-09-06,Humboldt,023,135768,447,404,1,405,4
2020-09-06,Imperial,025,180216,11435,10152,7,10159,267
2020-09-06,Inyo,027,18085,184,169,4,173,2
2020-09-06,Kern,029,883053,30599,29699,262,29961,348
2020-09-06,Kings,031,150075,6968,6561,36,6597,72
2020-09-06,Lake,033,64148,402,362,0,362,2
2020-09-06,Lassen,035,31185,730,709,2,711,0
2020-09-06,Los Angeles,037,10098052,250617,248316,1476,249792,6004
2020-09-06,Madera,039,155013,4139,3867,28,3895,42
2020-09-06,Marin,041,260295,6381,6276,15,6291,67
2020-09-06,Mariposa,043,17540,74,72,0,72,2
2020-09-06,Mendocino,045,87422,713,672,0,672,16
2020-09-06,Merced,047,269075,8467,8327,15,8342,104
2020-09-06,Modoc,049,8938,23,20,0,20,0
2020-09-06,Mono,051,14174,164,145,2,147,1
2020-09-06,Monterey,053,433212,8803,8403,22,8425,56
2020-09-06,Napa,055,140530,1570,1501,6,1507,11
2020-09-06,Nevada,057,99092,487,467,14,481,6
2020-09-06,Orange,059,3164182,51665,48931,1294,50225,1042
2020-09-06,Placer,061,380077,3310,3169,13,3182,36
2020-09-06,Plumas,063,18699,44,42,0,42,0
2020-09-06,Riverside,065,2383286,55180,53970,79,54049,1069
2020-09-06,Sacramento,067,1510023,19896,19128,19,19147,340
2020-09-06,San Benito,069,59416,1228,1178,0,1178,4
2020-09-06,San Bernardino,071,2135413,50665,48923,323,49246,823
2020-09-06,San Diego,073,3302833,42371,40652,620,41272,707
2020-09-06,San Francisco,075,870044,10237,9813,22,9835,85
2020-09-06,San Joaquin,077,732212,19218,18558,40,18598,386
2020-09-06,San Luis Obispo,079,281455,3292,3101,20,3121,23
2020-09-06,San Mateo,081,765935,9167,8387,8,8395,125
2020-09-06,Santa Barbara,083,443738,9199,8434,72,8506,95
2020-09-06,Santa Clara,085,1922200,19889,18495,37,18532,207
2020-09-06,Santa Cruz,087,273765,2050,1902,18,1920,7
2020-09-06,Shasta,089,179085,660,550,3,553,10
2020-09-06,Sierra,091,2930,6,6,0,6,0
2020-09-06,Siskiyou,093,43540,146,132,9,141,0
2020-09-06,Solano,095,438530,5757,5619,41,5660,37
2020-09-06,Sonoma,097,501317,6561,6212,19,6231,85
2020-09-06,Stanislaus,099,539301,15776,15288,410,15698,236
2020-09-06,Sutter,101,95872,1518,1451,1,1452,11
2020-09-06,Tehama,103,63373,465,455,2,457,1
2020-09-06,Trinity,105,12862,51,13,7,20,0
2020-09-06,Tulare,107,460477,15268,14636,71,14707,249
2020-09-06,Tuolumne,109,53932,216,194,4,198,1
2020-09-06,Ventura,111,848112,12048,11315,115,11430,118
2020-09-06,Yolo,113,214977,2655,2556,5,2561,53
2020-09-06,Yuba,115,75493,965,913,3,916,1
2020-09-05,Alameda,001,1643700,19862,18973,139,19112,279
2020-09-05,Alpine,003,1148,2,2,0,2,0
2020-09-05,Amador,005,37829,276,274,0,274,16
2020-09-05,Butte,007,227075,2665,2406,20,2426,30
2020-09-05,Calaveras,009,45235,286,237,0,237,1
2020-09-05,Colusa,011,21464,488,472,0,472,6
2020-09-05,Contra Costa,013,1133247,15372,14456,63,14519,173
2020-09-05,Del Norte,015,27424,121,109,0,109,2
2020-09-05,El Dorado,017,186661,1059,1007,0,1007,2
2020-09-05,Fresno,019,978130,28904,26325,328,26653,331
2020-09-05,Glenn,021,27897,515,474,0,474,3
2020-09-05,Humboldt,023,135768,445,402,1,403,4
2020-09-05,Imperial,025,180216,11418,10151,7,10158,268
2020-09-05,Inyo,027,18085,184,169,4,173,2
2020-09-05,Kern,029,883053,30539,29645,258,29903,347
2020-09-05,Kings,031,150075,6959,6518,36,6554,66
2020-09-05,Lake,033,64148,399,359,0,359,2
2020-09-05,Lassen,035,31185,730,709,2,711,0
2020-09-05,Los Angeles,037,10098052,250082,247572,1464,249036,6001
2020-09-05,Madera,039,155013,4098,3851,28,3879,42
2020-09-05,Marin,041,260295,6374,6259,15,6274,66
2020-09-05,Mariposa,043,17540,74,72,0,72,2
2020-09-05,Mendocino,045,87422,712,658,0,658,16
2020-09-05,Merced,047,269075,8435,8297,13,8310,104
2020-09-05,Modoc,049,8938,23,19,0,19,0
2020-09-05,Mono,051,14174,164,145,2,147,1
2020-09-05,Monterey,053,433212,8773,8301,22,8323,56
2020-09-05,Napa,055,140530,1564,1484,6,1490,11
2020-09-05,Nevada,057,99092,484,461,14,475,6
2020-09-05,Orange,059,3164182,51563,48726,1289,50015,1039
2020-09-05,Placer,061,380077,3300,3141,13,3154,35
2020-09-05,Plumas,063,18699,44,42,0,42,0
2020-09-05,Riverside,065,2383286,55075,53780,79,53859,1066
2020-09-05,Sacramento,067,1510023,19805,18955,19,18974,339
2020-09-05,San Benito,069,59416,1226,1153,0,1153,4
2020-09-05,San Bernardino,071,2135413,50590,48800,322,49122,825
2020-09-05,San Diego,073,3302833,42178,40344,608,40952,717
2020-09-05,San Francisco,075,870044,10204,9812,21,9833,85
2020-09-05,San Joaquin,077,732212,19190,18557,40,18597,386
2020-09-05,San Luis Obispo,079,281455,3282,3083,20,3103,23
2020-09-05,San Mateo,081,765935,9122,8352,8,8360,124
2020-09-05,Santa Barbara,083,443738,9182,8404,72,8476,96
2020-09-05,Santa Clara,085,1922200,19804,18311,37,18348,207
2020-09-05,Santa Cruz,087,273765,2042,1904,18,1922,7
2020-09-05,Shasta,089,179085,659,544,3,547,10
2020-09-05,Sierra,091,2930,6,6,0,6,0
2020-09-05,Siskiyou,093,43540,145,131,9,140,0
2020-09-05,Solano,095,438530,5745,5579,41,5620,37
2020-09-05,Sonoma,097,501317,6528,6149,19,6168,85
2020-09-05,Stanislaus,099,539301,15728,15198,406,15604,236
2020-09-05,Sutter,101,95872,1511,1445,1,1446,11
2020-09-05,Tehama,103,63373,464,447,2,449,1
2020-09-05,Trinity,105,12862,51,13,7,20,0
2020-09-05,Tulare,107,460477,15211,14576,69,14645,249
2020-09-05,Tuolumne,109,53932,216,194,4,198,1
2020-09-05,Ventura,111,848112,12005,11254,115,11369,118
2020-09-05,Yolo,113,214977,2645,2534,5,2539,53
2020-09-05,Yuba,115,75493,959,902,3,905,1
2020-09-04,Alameda,001,1643700,19794,18843,137,18980,276
2020-09-04,Alpine,003,1148,2,2,0,2,0
2020-09-04,Amador,005,37829,275,274,0,274,16
2020-09-04,Butte,007,227075,2642,2325,20,2345,28
2020-09-04,Calaveras,009,45235,284,237,0,237,1
2020-09-04,Colusa,011,21464,486,467,0,467,6
2020-09-04,Contra Costa,013,1133247,15292,14355,62,14417,164
2020-09-04,Del Norte,015,27424,121,109,0,109,2
2020-09-04,El Dorado,017,186661,1055,992,0,992,2
2020-09-04,Fresno,019,978130,28799,26147,327,26474,321
2020-09-04,Glenn,021,27897,507,463,0,463,3
2020-09-04,Humboldt,023,135768,440,390,1,391,4
2020-09-04,Imperial,025,180216,11409,10136,7,10143,267
2020-09-04,Inyo,027,18085,184,169,4,173,2
2020-09-04,Kern,029,883053,30471,29526,255,29781,345
2020-09-04,Kings,031,150075,6946,6259,36,6295,66
2020-09-04,Lake,033,64148,399,347,0,347,2
2020-09-04,Lassen,035,31185,730,708,2,710,0
2020-09-04,Los Angeles,037,10098052,249516,246396,1444,247840,5977
2020-09-04,Madera,039,155013,4085,3838,28,3866,42
2020-09-04,Marin,041,260295,6362,6251,15,6266,66
2020-09-04,Mariposa,043,17540,74,72,0,72,2
2020-09-04,Mendocino,045,87422,710,646,0,646,16
2020-09-04,Merced,047,269075,8415,8214,13,8227,104
2020-09-04,Modoc,049,8938,23,15,0,15,0
2020-09-04,Mono,051,14174,164,145,2,147,1
2020-09-04,Monterey,053,433212,8728,8208,22,8230,56
2020-09-04,Napa,055,140530,1555,1475,6,1481,11
2020-09-04,Nevada,057,99092,481,455,14,469,6
2020-09-04,Orange,059,3164182,51439,48488,1282,49770,1031
2020-09-04,Placer,061,380077,3288,3101,13,3114,35
2020-09-04,Plumas,063,18699,44,42,0,42,0
2020-09-04,Riverside,065,2383286,54962,53606,74,53680,1066
2020-09-04,Sacramento,067,1510023,19717,18765,19,18784,337
2020-09-04,San Benito,069,59416,1217,1137,0,1137,4
2020-09-04,San Bernardino,071,2135413,50497,48497,320,48817,800
2020-09-04,San Diego,073,3302833,41948,39901,599,40500,701
2020-09-04,San Francisco,075,870044,10164,9694,20,9714,85
2020-09-04,San Joaquin,077,732212,19136,18438,40,18478,376
2020-09-04,San Luis Obispo,079,281455,3267,3049,19,3068,21
2020-09-04,San Mateo,081,765935,9078,8275,8,8283,122
2020-09-04,Santa Barbara,083,443738,9151,8340,72,8412,96
2020-09-04,Santa Clara,085,1922200,19696,18074,37,18111,209
2020-09-04,Santa Cruz,087,273765,2025,1896,17,1913,7
2020-09-04,Shasta,089,179085,656,536,3,539,10
2020-09-04,Sierra,091,2930,6,6,0,6,0
2020-09-04,Siskiyou,093,43540,145,129,9,138,0
2020-09-04,Solano,095,438530,5732,5552,41,5593,37
2020-09-04,Sonoma,097,501317,6463,6050,19,6069,85
2020-09-04,Stanislaus,099,539301,15693,15074,397,15471,233
2020-09-04,Sutter,101,95872,1495,1425,1,1426,11
2020-09-04,Tehama,103,63373,460,442,2,444,1
2020-09-04,Trinity,105,12862,51,13,7,20,0
2020-09-04,Tulare,107,460477,15183,14501,65,14566,247
2020-09-04,Tuolumne,109,53932,216,193,4,197,1
2020-09-04,Ventura,111,848112,11963,11171,115,11286,114
2020-09-04,Yolo,113,214977,2631,2495,5,2500,53
2020-09-04,Yuba,115,75493,954,884,3,887,1
2020-09-03,Alameda,001,1643700,19691,18687,137,18824,275
2020-09-03,Alpine,003,1148,2,2,0,2,0
2020-09-03,Amador,005,37829,275,274,0,274,16
2020-09-03,Butte,007,227075,2597,2274,20,2294,27
2020-09-03,Calaveras,009,45235,283,238,0,238,1
2020-09-03,Colusa,011,21464,484,464,0,464,6
2020-09-03,Contra Costa,013,1133247,15185,14206,59,14265,159
2020-09-03,Del Norte,015,27424,118,109,0,109,2
2020-09-03,El Dorado,017,186661,1051,983,0,983,2
2020-09-03,Fresno,019,978130,28680,25978,322,26300,313
2020-09-03,Glenn,021,27897,503,460,0,460,3
2020-09-03,Humboldt,023,135768,435,390,1,391,4
2020-09-03,Imperial,025,180216,11389,10083,6,10089,255
2020-09-03,Inyo,027,18085,182,171,4,175,3
2020-09-03,Kern,029,883053,30379,29426,241,29667,340
2020-09-03,Kings,031,150075,6866,6200,36,6236,64
2020-09-03,Lake,033,64148,390,347,0,347,2
2020-09-03,Lassen,035,31185,730,707,2,709,0
2020-09-03,Los Angeles,037,10098052,248657,245026,1423,246449,5931
2020-09-03,Madera,039,155013,4066,3780,28,3808,43
2020-09-03,Marin,041,260295,6343,6175,15,6190,66
2020-09-03,Mariposa,043,17540,74,71,0,71,2
2020-09-03,Mendocino,045,87422,701,638,0,638,16
2020-09-03,Merced,047,269075,8373,8136,13,8149,105
2020-09-03,Modoc,049,8938,23,14,0,14,0
2020-09-03,Mono,051,14174,163,144,2,146,1
2020-09-03,Monterey,053,433212,8674,8128,22,8150,56
2020-09-03,Napa,055,140530,1548,1466,6,1472,10
2020-09-03,Nevada,057,99092,478,453,14,467,6
2020-09-03,Orange,059,3164182,51252,48226,1267,49493,1009
2020-09-03,Placer,061,380077,3270,3069,13,3082,34
2020-09-03,Plumas,063,18699,44,39,0,39,0
2020-09-03,Riverside,065,2383286,54782,53341,70,53411,1052
2020-09-03,Sacramento,067,1510023,19589,18553,18,18571,328
2020-09-03,San Benito,069,59416,1206,1121,0,1121,4
2020-09-03,San Bernardino,071,2135413,50332,48165,319,48484,800
2020-09-03,San Diego,073,3302833,41634,39448,583,40031,700
2020-09-03,San Francisco,075,870044,10098,9636,18,9654,84
2020-09-03,San Joaquin,077,732212,19059,18331,40,18371,371
2020-09-03,San Luis Obispo,079,281455,3250,3023,19,3042,21
2020-09-03,San Mateo,081,765935,9004,8211,8,8219,122
2020-09-03,Santa Barbara,083,443738,9104,8277,72,8349,96
2020-09-03,Santa Clara,085,1922200,19516,17879,37,17916,208
2020-09-03,Santa Cruz,087,273765,2010,1870,17,1887,7
2020-09-03,Shasta,089,179085,651,535,3,538,10
2020-09-03,Sierra,091,2930,6,6,0,6,0
2020-09-03,Siskiyou,093,43540,145,128,9,137,0
2020-09-03,Solano,095,438530,5712,5499,40,5539,36
2020-09-03,Sonoma,097,501317,6401,5997,19,6016,62
2020-09-03,Stanislaus,099,539301,15641,14985,393,15378,217
2020-09-03,Sutter,101,95872,1485,1412,1,1413,11
2020-09-03,Tehama,103,63373,456,436,2,438,1
2020-09-03,Trinity,105,12862,49,13,7,20,0
2020-09-03,Tulare,107,460477,15117,14408,64,14472,244
2020-09-03,Tuolumne,109,53932,216,193,4,197,1
2020-09-03,Ventura,111,848112,11845,11109,112,11221,112
2020-09-03,Yolo,113,214977,2615,2475,5,2480,53
2020-09-03,Yuba,115,75493,947,867,3,870,1
2020-09-02,Alameda,001,1643700,19571,18522,134,18656,260
2020-09-02,Alpine,003,1148,2,2,0,2,0
2020-09-02,Amador,005,37829,275,245,0,245,14
2020-09-02,Butte,007,227075,2551,2241,20,2261,27
2020-09-02,Calaveras,009,45235,282,235,0,235,1
2020-09-02,Colusa,011,21464,480,460,0,460,6
2020-09-02,Contra Costa,013,1133247,15096,14097,57,14154,159
2020-09-02,Del Norte,015,27424,117,109,0,109,2
2020-09-02,El Dorado,017,186661,1047,975,0,975,2
2020-09-02,Fresno,019,978130,28532,25785,319,26104,292
2020-09-02,Glenn,021,27897,498,457,0,457,3
2020-09-02,Humboldt,023,135768,432,381,1,382,4
2020-09-02,Imperial,025,180216,11373,9832,6,9838,255
2020-09-02,Inyo,027,18085,182,171,4,175,3
2020-09-02,Kern,029,883053,30287,29288,235,29523,335
2020-09-02,Kings,031,150075,6781,6142,36,6178,64
2020-09-02,Lake,033,64148,386,342,0,342,2
2020-09-02,Lassen,035,31185,728,706,2,708,0
2020-09-02,Los Angeles,037,10098052,247727,243999,1395,245394,5887
2020-09-02,Madera,039,155013,4046,3735,28,3763,41
2020-09-02,Marin,041,260295,6328,6131,15,6146,66
2020-09-02,Mariposa,043,17540,74,71,0,71,2
2020-09-02,Mendocino,045,87422,691,636,0,636,15
2020-09-02,Merced,047,269075,8342,8097,12,8109,103
2020-09-02,Modoc,049,8938,22,11,0,11,0
2020-09-02,Mono,051,14174,163,145,2,147,1
2020-09-02,Monterey,053,433212,8610,8070,22,8092,56
2020-09-02,Napa,055,140530,1536,1454,6,1460,10
2020-09-02,Nevada,057,99092,472,452,13,465,6
2020-09-02,Orange,059,3164182,51071,47871,1257,49128,994
2020-09-02,Placer,061,380077,3245,3047,12,3059,33
2020-09-02,Plumas,063,18699,44,39,0,39,0
2020-09-02,Riverside,065,2383286,54580,52923,67,52990,1032
2020-09-02,Sacramento,067,1510023,19356,18355,17,18372,316
2020-09-02,San Benito,069,59416,1193,1107,0,1107,4
2020-09-02,San Bernardino,071,2135413,50169,47766,316,48082,794
2020-09-02,San Diego,073,3302833,41314,39123,569,39692,695
2020-09-02,San Francisco,075,870044,10029,9587,18,9605,84
2020-09-02,San Joaquin,077,732212,18978,18194,39,18233,352
2020-09-02,San Luis Obispo,079,281455,3224,3002,18,3020,21
2020-09-02,San Mateo,081,765935,8947,8148,8,8156,122
2020-09-02,Santa Barbara,083,443738,9049,8206,71,8277,94
2020-09-02,Santa Clara,085,1922200,19362,17673,37,17710,206
2020-09-02,Santa Cruz,087,273765,1987,1850,17,1867,7
2020-09-02,Shasta,089,179085,650,531,3,534,10
2020-09-02,Sierra,091,2930,6,6,0,6,0
2020-09-02,Siskiyou,093,43540,144,127,9,136,0
2020-09-02,Solano,095,438530,5684,5463,40,5503,36
2020-09-02,Sonoma,097,501317,6339,5846,19,5865,62
2020-09-02,Stanislaus,099,539301,15571,14854,386,15240,220
2020-09-02,Sutter,101,95872,1470,1401,1,1402,10
2020-09-02,Tehama,103,63373,453,429,2,431,1
2020-09-02,Trinity,105,12862,49,13,7,20,0
2020-09-02,Tulare,107,460477,15050,14298,63,14361,244
2020-09-02,Tuolumne,109,53932,216,190,3,193,1
2020-09-02,Ventura,111,848112,11758,11031,111,11142,111
2020-09-02,Yolo,113,214977,2594,2449,5,2454,54
2020-09-02,Yuba,115,75493,940,856,3,859,1
2020-09-01,Alameda,001,1643700,19431,18382,131,18513,248
2020-09-01,Alpine,003,1148,2,2,0,2,0
2020-09-01,Amador,005,37829,274,244,0,244,13
2020-09-01,Butte,007,227075,2494,2146,20,2166,26
2020-09-01,Calaveras,009,45235,274,228,0,228,1
2020-09-01,Colusa,011,21464,476,454,0,454,6
2020-09-01,Contra Costa,013,1133247,15002,13998,55,14053,158
2020-09-01,Del Norte,015,27424,116,108,0,108,2
2020-09-01,El Dorado,017,186661,1039,972,0,972,2
2020-09-01,Fresno,019,978130,28385,25542,316,25858,290
2020-09-01,Glenn,021,27897,491,449,0,449,3
2020-09-01,Humboldt,023,135768,426,378,1,379,4
2020-09-01,Imperial,025,180216,11347,9782,6,9788,250
2020-09-01,Inyo,027,18085,182,171,4,175,3
2020-09-01,Kern,029,883053,30196,29162,230,29392,332
2020-09-01,Kings,031,150075,6750,6088,36,6124,62
2020-09-01,Lake,033,64148,383,341,0,341,2
2020-09-01,Lassen,035,31185,725,706,2,708,0
2020-09-01,Los Angeles,037,10098052,246638,242633,1371,244004,5832
2020-09-01,Madera,039,155013,4017,3703,27,3730,41
2020-09-01,Marin,041,260295,6313,6102,15,6117,67
2020-09-01,Mariposa,043,17540,73,72,0,72,2
2020-09-01,Mendocino,045,87422,676,626,0,626,15
2020-09-01,Merced,047,269075,8289,8046,11,8057,103
2020-09-01,Modoc,049,8938,20,10,0,10,0
2020-09-01,Mono,051,14174,163,145,2,147,1
2020-09-01,Monterey,053,433212,8503,7926,22,7948,56
2020-09-01,Napa,055,140530,1521,1446,6,1452,10
2020-09-01,Nevada,057,99092,466,450,13,463,6
2020-09-01,Orange,059,3164182,50907,47671,1238,48909,976
2020-09-01,Placer,061,380077,3223,3013,12,3025,33
2020-09-01,Plumas,063,18699,44,39,0,39,0
2020-09-01,Riverside,065,2383286,54361,52785,66,52851,1027
2020-09-01,Sacramento,067,1510023,19172,18217,16,18233,305
2020-09-01,San Benito,069,59416,1181,1089,0,1089,4
2020-09-01,San Bernardino,071,2135413,49962,47371,315,47686,786
2020-09-01,San Diego,073,3302833,40956,38873,531,39404,688
2020-09-01,San Francisco,075,870044,9960,9492,18,9510,83
2020-09-01,San Joaquin,077,732212,18896,17915,38,17953,341
2020-09-01,San Luis Obispo,079,281455,3198,2970,18,2988,21
2020-09-01,San Mateo,081,765935,8867,8132,8,8140,122
2020-09-01,Santa Barbara,083,443738,8999,8142,70,8212,93
2020-09-01,Santa Clara,085,1922200,19183,17319,37,17356,204
2020-09-01,Santa Cruz,087,273765,1963,1752,17,1769,7
2020-09-01,Shasta,089,179085,642,527,3,530,9
2020-09-01,Sierra,091,2930,6,6,0,6,0
2020-09-01,Siskiyou,093,43540,141,128,8,136,0
2020-09-01,Solano,095,438530,5658,5438,40,5478,34
2020-09-01,Sonoma,097,501317,6249,5733,19,5752,60
2020-09-01,Stanislaus,099,539301,15496,14784,376,15160,212
2020-09-01,Sutter,101,95872,1459,1389,1,1390,10
2020-09-01,Tehama,103,63373,449,422,2,424,1
2020-09-01,Trinity,105,12862,48,13,6,19,0
2020-09-01,Tulare,107,460477,14967,14156,63,14219,241
2020-09-01,Tuolumne,109,53932,210,183,3,186,1
2020-09-01,Ventura,111,848112,11680,10899,106,11005,108
2020-09-01,Yolo,113,214977,2578,2440,5,2445,51
2020-09-01,Yuba,115,75493,931,841,3,844,1
2020-08-31,Alameda,001,1643700,19286,18148,131,18279,248
2020-08-31,Alpine,003,1148,2,2,0,2,0
2020-08-31,Amador,005,37829,274,243,0,243,13
2020-08-31,Butte,007,227075,2430,2069,20,2089,26
2020-08-31,Calaveras,009,45235,269,212,0,212,1
2020-08-31,Colusa,011,21464,475,443,0,443,6
2020-08-31,Contra Costa,013,1133247,14875,13902,52,13954,153
2020-08-31,Del Norte,015,27424,116,108,0,108,2
2020-08-31,El Dorado,017,186661,1032,965,0,965,2
2020-08-31,Fresno,019,978130,28164,25185,310,25495,290
2020-08-31,Glenn,021,27897,479,437,0,437,3
2020-08-31,Humboldt,023,135768,424,374,1,375,4
2020-08-31,Imperial,025,180216,11316,9759,6,9765,250
2020-08-31,Inyo,027,18085,181,160,4,164,3
2020-08-31,Kern,029,883053,30098,29067,229,29296,318
2020-08-31,Kings,031,150075,6482,6037,36,6073,62
2020-08-31,Lake,033,64148,367,341,0,341,2
2020-08-31,Lassen,035,31185,722,706,2,708,0
2020-08-31,Los Angeles,037,10098052,245535,241793,1343,243136,5787
2020-08-31,Madera,039,155013,3994,3662,26,3688,35
2020-08-31,Marin,041,260295,6277,6074,15,6089,67
2020-08-31,Mariposa,043,17540,73,69,0,69,2
2020-08-31,Mendocino,045,87422,664,618,0,618,15
2020-08-31,Merced,047,269075,8227,7991,11,8002,79
2020-08-31,Modoc,049,8938,18,10,0,10,0
2020-08-31,Mono,051,14174,163,145,2,147,1
2020-08-31,Monterey,053,433212,8396,7839,22,7861,56
2020-08-31,Napa,055,140530,1513,1434,6,1440,10
2020-08-31,Nevada,057,99092,464,447,13,460,6
2020-08-31,Orange,059,3164182,50707,47392,1210,48602,965
2020-08-31,Placer,061,380077,3174,2989,12,3001,33
2020-08-31,Plumas,063,18699,43,39,0,39,0
2020-08-31,Riverside,065,2383286,54140,52508,64,52572,1020
2020-08-31,Sacramento,067,1510023,18935,17999,16,18015,303
2020-08-31,San Benito,069,59416,1165,1080,0,1080,4
2020-08-31,San Bernardino,071,2135413,49752,47370,314,47684,755
2020-08-31,San Diego,073,3302833,40589,38606,498,39104,682
2020-08-31,San Francisco,075,870044,9881,9293,15,9308,83
2020-08-31,San Joaquin,077,732212,18809,17807,37,17844,338
2020-08-31,San Luis Obispo,079,281455,3175,2951,17,2968,21
2020-08-31,San Mateo,081,765935,8797,8065,8,8073,122
2020-08-31,Santa Barbara,083,443738,8952,8124,70,8194,94
2020-08-31,Santa Clara,085,1922200,18994,17211,37,17248,202
2020-08-31,Santa Cruz,087,273765,1938,1742,17,1759,7
2020-08-31,Shasta,089,179085,637,528,3,531,9
2020-08-31,Sierra,091,2930,6,6,0,6,0
2020-08-31,Siskiyou,093,43540,140,127,8,135,0
2020-08-31,Solano,095,438530,5626,5302,39,5341,34
2020-08-31,Sonoma,097,501317,6174,5650,19,5669,60
2020-08-31,Stanislaus,099,539301,15421,14685,367,15052,213
2020-08-31,Sutter,101,95872,1444,1365,1,1366,10
2020-08-31,Tehama,103,63373,446,421,2,423,1
2020-08-31,Trinity,105,12862,48,13,6,19,0
2020-08-31,Tulare,107,460477,14880,13985,61,14046,237
2020-08-31,Tuolumne,109,53932,210,178,3,181,1
2020-08-31,Ventura,111,848112,11592,10866,105,10971,108
2020-08-31,Yolo,113,214977,2560,2423,5,2428,51
2020-08-31,Yuba,115,75493,917,830,3,833,1
2020-08-30,Alameda,001,1643700,19162,18099,129,18228,248
2020-08-30,Alpine,003,1148,2,2,0,2,0
2020-08-30,Amador,005,37829,273,240,0,240,13
2020-08-30,Butte,007,227075,2349,1988,20,2008,26
2020-08-30,Calaveras,009,45235,260,211,0,211,1
2020-08-30,Colusa,011,21464,474,440,0,440,6
2020-08-30,Contra Costa,013,1133247,14737,13780,52,13832,150
2020-08-30,Del Norte,015,27424,115,108,0,108,2
2020-08-30,El Dorado,017,186661,1022,962,0,962,2
2020-08-30,Fresno,019,978130,28037,24963,309,25272,291
2020-08-30,Glenn,021,27897,472,437,0,437,3
2020-08-30,Humboldt,023,135768,413,362,1,363,4
2020-08-30,Imperial,025,180216,11297,9703,6,9709,250
2020-08-30,Inyo,027,18085,181,160,4,164,3
2020-08-30,Kern,029,883053,30005,28987,229,29216,317
2020-08-30,Kings,031,150075,6436,6000,36,6036,62
2020-08-30,Lake,033,64148,362,334,0,334,2
2020-08-30,Lassen,035,31185,720,706,2,708,0
2020-08-30,Los Angeles,037,10098052,244399,240775,1310,242085,5772
2020-08-30,Madera,039,155013,3965,3626,26,3652,33
2020-08-30,Marin,041,260295,6247,6060,15,6075,66
2020-08-30,Mariposa,043,17540,73,69,0,69,2
2020-08-30,Mendocino,045,87422,658,611,0,611,13
2020-08-30,Merced,047,269075,8152,7960,11,7971,79
2020-08-30,Modoc,049,8938,13,10,0,10,0
2020-08-30,Mono,051,14174,163,145,2,147,1
2020-08-30,Monterey,053,433212,8312,7816,22,7838,54
2020-08-30,Napa,055,140530,1501,1423,6,1429,10
2020-08-30,Nevada,057,99092,461,445,13,458,6
2020-08-30,Orange,059,3164182,50513,47283,1196,48479,965
2020-08-30,Placer,061,380077,3141,2961,12,2973,32
2020-08-30,Plumas,063,18699,42,39,0,39,0
2020-08-30,Riverside,065,2383286,53960,52227,63,52290,1017
2020-08-30,Sacramento,067,1510023,18757,17751,16,17767,300
2020-08-30,San Benito,069,59416,1155,1071,0,1071,4
2020-08-30,San Bernardino,071,2135413,49495,47201,314,47515,755
2020-08-30,San Diego,073,3302833,40191,38302,477,38779,682
2020-08-30,San Francisco,075,870044,9783,9294,12,9306,83
2020-08-30,San Joaquin,077,732212,18692,17637,36,17673,338
2020-08-30,San Luis Obispo,079,281455,3150,2934,17,2951,21
2020-08-30,San Mateo,081,765935,8720,8013,7,8020,122
2020-08-30,Santa Barbara,083,443738,8892,8088,70,8158,93
2020-08-30,Santa Clara,085,1922200,18818,17045,37,17082,202
2020-08-30,Santa Cruz,087,273765,1912,1743,17,1760,7
2020-08-30,Shasta,089,179085,634,525,3,528,9
2020-08-30,Sierra,091,2930,6,6,0,6,0
2020-08-30,Siskiyou,093,43540,138,125,8,133,0
2020-08-30,Solano,095,438530,5582,5303,39,5342,34
2020-08-30,Sonoma,097,501317,6116,5590,19,5609,60
2020-08-30,Stanislaus,099,539301,15350,14580,358,14938,209
2020-08-30,Sutter,101,95872,1422,1351,1,1352,10
2020-08-30,Tehama,103,63373,437,419,2,421,1
2020-08-30,Trinity,105,12862,48,13,6,19,0
2020-08-30,Tulare,107,460477,14785,13985,60,14045,236
2020-08-30,Tuolumne,109,53932,206,178,3,181,1
2020-08-30,Ventura,111,848112,11479,10775,100,10875,108
2020-08-30,Yolo,113,214977,2532,2391,4,2395,51
2020-08-30,Yuba,115,75493,903,832,3,835,1
2020-08-29,Alameda,001,1643700,19095,17888,129,18017,250
2020-08-29,Alpine,003,1148,2,2,0,2,0
2020-08-29,Amador,005,37829,273,239,0,239,13
2020-08-29,Butte,007,227075,2318,1948,20,1968,26
2020-08-29,Calaveras,009,45235,256,211,0,211,1
2020-08-29,Colusa,011,21464,471,440,0,440,6
2020-08-29,Contra Costa,013,1133247,14664,13663,51,13714,159
2020-08-29,Del Norte,015,27424,115,108,0,108,1
2020-08-29,El Dorado,017,186661,1019,958,0,958,2
2020-08-29,Fresno,019,978130,27982,24821,309,25130,291
2020-08-29,Glenn,021,27897,466,437,0,437,3
2020-08-29,Humboldt,023,135768,410,363,1,364,4
2020-08-29,Imperial,025,180216,11282,9698,6,9704,250
2020-08-29,Inyo,027,18085,181,160,4,164,3
2020-08-29,Kern,029,883053,29964,28947,228,29175,317
2020-08-29,Kings,031,150075,6421,5906,36,5942,62
2020-08-29,Lake,033,64148,361,329,0,329,2
2020-08-29,Lassen,035,31185,720,706,2,708,0
2020-08-29,Los Angeles,037,10098052,243769,239815,1297,241112,5762
2020-08-29,Madera,039,155013,3956,3605,25,3630,33
2020-08-29,Marin,041,260295,6235,6007,15,6022,64
2020-08-29,Mariposa,043,17540,73,69,0,69,2
2020-08-29,Mendocino,045,87422,653,596,0,596,13
2020-08-29,Merced,047,269075,8122,7867,11,7878,79
2020-08-29,Modoc,049,8938,13,9,0,9,0
2020-08-29,Mono,051,14174,163,145,2,147,1
2020-08-29,Monterey,053,433212,8267,7680,22,7702,53
2020-08-29,Napa,055,140530,1498,1413,6,1419,10
2020-08-29,Nevada,057,99092,461,442,13,455,5
2020-08-29,Orange,059,3164182,50403,47007,1186,48193,960
2020-08-29,Placer,061,380077,3124,2935,12,2947,32
2020-08-29,Plumas,063,18699,41,39,0,39,0
2020-08-29,Riverside,065,2383286,53849,51918,61,51979,1016
2020-08-29,Sacramento,067,1510023,18685,17588,16,17604,291
2020-08-29,San Benito,069,59416,1146,1045,0,1045,4
2020-08-29,San Bernardino,071,2135413,49380,46849,314,47163,755
2020-08-29,San Diego,073,3302833,39925,38049,459,38508,694
2020-08-29,San Francisco,075,870044,9755,9291,11,9302,83
2020-08-29,San Joaquin,077,732212,18648,17493,36,17529,335
2020-08-29,San Luis Obispo,079,281455,3126,2917,17,2934,21
2020-08-29,San Mateo,081,765935,8678,7928,7,7935,122
2020-08-29,Santa Barbara,083,443738,8866,8052,69,8121,93
2020-08-29,Santa Clara,085,1922200,18721,16898,36,16934,202
2020-08-29,Santa Cruz,087,273765,1900,1746,17,1763,7
2020-08-29,Shasta,089,179085,626,522,3,525,9
2020-08-29,Sierra,091,2930,6,6,0,6,0
2020-08-29,Siskiyou,093,43540,138,121,8,129,0
2020-08-29,Solano,095,438530,5561,5303,39,5342,34
2020-08-29,Sonoma,097,501317,6082,5537,19,5556,60
2020-08-29,Stanislaus,099,539301,15301,14479,348,14827,208
2020-08-29,Sutter,101,95872,1417,1333,1,1334,9
2020-08-29,Tehama,103,63373,436,417,2,419,1
2020-08-29,Trinity,105,12862,47,11,6,17,0
2020-08-29,Tulare,107,460477,14747,13890,59,13949,236
2020-08-29,Tuolumne,109,53932,206,178,3,181,1
2020-08-29,Ventura,111,848112,11437,10705,100,10805,108
2020-08-29,Yolo,113,214977,2514,2357,4,2361,51
2020-08-29,Yuba,115,75493,894,822,3,825,1
2020-08-28,Alameda,001,1643700,19012,17729,128,17857,237
2020-08-28,Alpine,003,1148,2,2,0,2,0
2020-08-28,Amador,005,37829,273,234,0,234,13
2020-08-28,Butte,007,227075,2288,1886,20,1906,25
2020-08-28,Calaveras,009,45235,254,207,0,207,1
2020-08-28,Colusa,011,21464,470,441,0,441,6
2020-08-28,Contra Costa,013,1133247,14593,13522,50,13572,158
2020-08-28,Del Norte,015,27424,115,107,0,107,1
2020-08-28,El Dorado,017,186661,1013,949,0,949,2
2020-08-28,Fresno,019,978130,27847,24612,309,24921,282
2020-08-28,Glenn,021,27897,459,429,0,429,3
2020-08-28,Humboldt,023,135768,406,362,1,363,4
2020-08-28,Imperial,025,180216,11268,9656,6,9662,241
2020-08-28,Inyo,027,18085,180,160,4,164,2
2020-08-28,Kern,029,883053,29916,28744,228,28972,306
2020-08-28,Kings,031,150075,6414,5829,35,5864,62
2020-08-28,Lake,033,64148,356,320,0,320,2
2020-08-28,Lassen,035,31185,720,704,2,706,0
2020-08-28,Los Angeles,037,10098052,242959,238544,1273,239817,5740
2020-08-28,Madera,039,155013,3937,3552,25,3577,33
2020-08-28,Marin,041,260295,6213,5991,15,6006,63
2020-08-28,Mariposa,043,17540,73,67,0,67,2
2020-08-28,Mendocino,045,87422,648,588,0,588,11
2020-08-28,Merced,047,269075,8092,7803,11,7814,77
2020-08-28,Modoc,049,8938,13,6,0,6,0
2020-08-28,Mono,051,14174,163,145,2,147,1
2020-08-28,Monterey,053,433212,8210,7591,22,7613,53
2020-08-28,Napa,055,140530,1490,1403,5,1408,10
2020-08-28,Nevada,057,99092,460,438,13,451,5
2020-08-28,Orange,059,3164182,50303,46696,1171,47867,942
2020-08-28,Placer,061,380077,3113,2891,12,2903,32
2020-08-28,Plumas,063,18699,41,39,0,39,0
2020-08-28,Riverside,065,2383286,53718,51510,58,51568,1008
2020-08-28,Sacramento,067,1510023,18588,17119,16,17135,283
2020-08-28,San Benito,069,59416,1130,1016,0,1016,3
2020-08-28,San Bernardino,071,2135413,49262,46553,310,46863,754
2020-08-28,San Diego,073,3302833,39695,37786,444,38230,676
2020-08-28,San Francisco,075,870044,9702,9135,11,9146,83
2020-08-28,San Joaquin,077,732212,18595,17114,35,17149,314
2020-08-28,San Luis Obispo,079,281455,3109,2849,17,2866,20
2020-08-28,San Mateo,081,765935,8631,7783,7,7790,121
2020-08-28,Santa Barbara,083,443738,8832,8001,69,8070,92
2020-08-28,Santa Clara,085,1922200,18590,16696,36,16732,201
2020-08-28,Santa Cruz,087,273765,1888,1747,17,1764,7
2020-08-28,Shasta,089,179085,622,516,3,519,9
2020-08-28,Sierra,091,2930,6,6,0,6,0
2020-08-28,Siskiyou,093,43540,136,119,8,127,0
2020-08-28,Solano,095,438530,5542,5219,39,5258,34
2020-08-28,Sonoma,097,501317,6047,5425,18,5443,58
2020-08-28,Stanislaus,099,539301,15259,14176,344,14520,190
2020-08-28,Sutter,101,95872,1407,1308,1,1309,9
2020-08-28,Tehama,103,63373,431,410,2,412,1
2020-08-28,Trinity,105,12862,47,11,6,17,0
2020-08-28,Tulare,107,460477,14701,13776,59,13835,236
2020-08-28,Tuolumne,109,53932,206,176,3,179,1
2020-08-28,Ventura,111,848112,11401,10606,98,10704,103
2020-08-28,Yolo,113,214977,2505,2323,4,2327,51
2020-08-28,Yuba,115,75493,885,810,3,813,1
2020-08-27,Alameda,001,1643700,18867,17584,125,17709,234
2020-08-27,Alpine,003,1148,2,2,0,2,0
2020-08-27,Amador,005,37829,272,233,0,233,13
2020-08-27,Butte,007,227075,2222,1803,19,1822,25
2020-08-27,Calaveras,009,45235,248,204,0,204,1
2020-08-27,Colusa,011,21464,468,438,0,438,6
2020-08-27,Contra Costa,013,1133247,14492,13379,49,13428,158
2020-08-27,Del Norte,015,27424,115,107,0,107,1
2020-08-27,El Dorado,017,186661,1009,942,0,942,2
2020-08-27,Fresno,019,978130,27664,24367,304,24671,272
2020-08-27,Glenn,021,27897,451,429,0,429,3
2020-08-27,Humboldt,023,135768,398,358,1,359,4
2020-08-27,Imperial,025,180216,11241,9608,6,9614,235
2020-08-27,Inyo,027,18085,180,157,3,160,2
2020-08-27,Kern,029,883053,29844,28635,219,28854,294
2020-08-27,Kings,031,150075,6392,5759,35,5794,62
2020-08-27,Lake,033,64148,354,314,0,314,2
2020-08-27,Lassen,035,31185,720,703,2,705,0
2020-08-27,Los Angeles,037,10098052,241957,237103,1257,238360,5704
2020-08-27,Madera,039,155013,3911,3465,25,3490,33
2020-08-27,Marin,041,260295,6189,5929,15,5944,62
2020-08-27,Mariposa,043,17540,73,67,0,67,2
2020-08-27,Mendocino,045,87422,639,581,0,581,10
2020-08-27,Merced,047,269075,8048,7765,11,7776,75
2020-08-27,Modoc,049,8938,11,5,0,5,0
2020-08-27,Mono,051,14174,163,145,2,147,1
2020-08-27,Monterey,053,433212,8116,7501,22,7523,52
2020-08-27,Napa,055,140530,1484,1397,5,1402,10
2020-08-27,Nevada,057,99092,457,435,13,448,5
2020-08-27,Orange,059,3164182,50146,46449,1160,47609,935
2020-08-27,Placer,061,380077,3082,2869,12,2881,32
2020-08-27,Plumas,063,18699,40,39,0,39,0
2020-08-27,Riverside,065,2383286,53510,51306,55,51361,999
2020-08-27,Sacramento,067,1510023,18390,16875,16,16891,281
2020-08-27,San Benito,069,59416,1114,987,0,987,3
2020-08-27,San Bernardino,071,2135413,49036,46345,303,46648,751
2020-08-27,San Diego,073,3302833,39424,37501,424,37925,673
2020-08-27,San Francisco,075,870044,9636,9014,11,9025,83
2020-08-27,San Joaquin,077,732212,18515,16989,35,17024,314
2020-08-27,San Luis Obispo,079,281455,3084,2808,17,2825,20
2020-08-27,San Mateo,081,765935,8522,7728,7,7735,121
2020-08-27,Santa Barbara,083,443738,8794,7934,69,8003,92
2020-08-27,Santa Clara,085,1922200,18406,16495,36,16531,199
2020-08-27,Santa Cruz,087,273765,1871,1734,17,1751,7
2020-08-27,Shasta,089,179085,616,512,3,515,9
2020-08-27,Sierra,091,2930,6,6,0,6,0
2020-08-27,Siskiyou,093,43540,136,118,8,126,0
2020-08-27,Solano,095,438530,5504,5167,39,5206,34
2020-08-27,Sonoma,097,501317,5935,5357,18,5375,58
2020-08-27,Stanislaus,099,539301,15178,14080,341,14421,186
2020-08-27,Sutter,101,95872,1387,1296,1,1297,9
2020-08-27,Tehama,103,63373,427,398,2,400,1
2020-08-27,Trinity,105,12862,47,11,6,17,0
2020-08-27,Tulare,107,460477,14609,13666,58,13724,231
2020-08-27,Tuolumne,109,53932,201,174,3,177,1
2020-08-27,Ventura,111,848112,11338,10483,94,10577,102
2020-08-27,Yolo,113,214977,2481,2293,4,2297,51
2020-08-27,Yuba,115,75493,874,807,3,810,1
2020-08-26,Alameda,001,1643700,18705,17373,125,17498,233
2020-08-26,Alpine,003,1148,2,2,0,2,0
2020-08-26,Amador,005,37829,272,229,0,229,13
2020-08-26,Butte,007,227075,2155,1765,17,1782,25
2020-08-26,Calaveras,009,45235,240,201,0,201,1
2020-08-26,Colusa,011,21464,462,433,0,433,5
2020-08-26,Contra Costa,013,1133247,14355,13248,49,13297,157
2020-08-26,Del Norte,015,27424,114,86,0,86,1
2020-08-26,El Dorado,017,186661,1007,938,0,938,2
2020-08-26,Fresno,019,978130,27516,24071,302,24373,255
2020-08-26,Glenn,021,27897,449,429,0,429,3
2020-08-26,Humboldt,023,135768,386,357,1,358,4
2020-08-26,Imperial,025,180216,11219,9453,6,9459,227
2020-08-26,Inyo,027,18085,177,157,3,160,2
2020-08-26,Kern,029,883053,29705,28507,216,28723,286
2020-08-26,Kings,031,150075,6371,5720,35,5755,62
2020-08-26,Lake,033,64148,349,308,0,308,2
2020-08-26,Lassen,035,31185,720,702,2,704,0
2020-08-26,Los Angeles,037,10098052,240947,235499,1225,236724,5665
2020-08-26,Madera,039,155013,3882,3458,25,3483,32
2020-08-26,Marin,041,260295,6172,5887,15,5902,56
2020-08-26,Mariposa,043,17540,73,68,0,68,2
2020-08-26,Mendocino,045,87422,628,581,0,581,10
2020-08-26,Merced,047,269075,8015,7720,11,7731,74
2020-08-26,Modoc,049,8938,8,5,0,5,0
2020-08-26,Mono,051,14174,163,141,2,143,1
2020-08-26,Monterey,053,433212,8023,7439,22,7461,51
2020-08-26,Napa,055,140530,1471,1382,5,1387,10
2020-08-26,Nevada,057,99092,454,432,13,445,2
2020-08-26,Orange,059,3164182,49962,46157,1145,47302,905
2020-08-26,Placer,061,380077,3060,2846,10,2856,32
2020-08-26,Plumas,063,18699,39,39,0,39,0
2020-08-26,Riverside,065,2383286,53268,51138,55,51193,987
2020-08-26,Sacramento,067,1510023,18227,16708,16,16724,271
2020-08-26,San Benito,069,59416,1099,978,0,978,3
2020-08-26,San Bernardino,071,2135413,48827,45840,299,46139,743
2020-08-26,San Diego,073,3302833,39086,37224,397,37621,668
2020-08-26,San Francisco,075,870044,9560,8938,11,8949,81
2020-08-26,San Joaquin,077,732212,18426,16845,34,16879,309
2020-08-26,San Luis Obispo,079,281455,3056,2761,17,2778,20
2020-08-26,San Mateo,081,765935,8455,7655,7,7662,121
2020-08-26,Santa Barbara,083,443738,8760,7904,69,7973,90
2020-08-26,Santa Clara,085,1922200,18229,16283,36,16319,198
2020-08-26,Santa Cruz,087,273765,1860,1726,17,1743,7
2020-08-26,Shasta,089,179085,611,511,3,514,9
2020-08-26,Sierra,091,2930,6,6,0,6,0
2020-08-26,Siskiyou,093,43540,133,109,8,117,0
2020-08-26,Solano,095,438530,5480,5131,38,5169,34
2020-08-26,Sonoma,097,501317,5861,5283,18,5301,58
2020-08-26,Stanislaus,099,539301,15101,13964,335,14299,186
2020-08-26,Sutter,101,95872,1369,1275,1,1276,9
2020-08-26,Tehama,103,63373,424,396,2,398,1
2020-08-26,Trinity,105,12862,46,10,6,16,0
2020-08-26,Tulare,107,460477,14542,13568,58,13626,232
2020-08-26,Tuolumne,109,53932,200,172,3,175,1
2020-08-26,Ventura,111,848112,11266,10412,87,10499,100
2020-08-26,Yolo,113,214977,2459,2279,4,2283,49
2020-08-26,Yuba,115,75493,859,779,3,782,1
2020-08-25,Alameda,001,1643700,18548,17278,125,17403,232
2020-08-25,Alpine,003,1148,2,2,0,2,0
2020-08-25,Amador,005,37829,272,227,0,227,13
2020-08-25,Butte,007,227075,2088,1718,17,1735,24
2020-08-25,Calaveras,009,45235,238,196,0,196,1
2020-08-25,Colusa,011,21464,455,430,0,430,5
2020-08-25,Contra Costa,013,1133247,14217,13181,48,13229,156
2020-08-25,Del Norte,015,27424,113,83,0,83,1
2020-08-25,El Dorado,017,186661,1004,928,0,928,2
2020-08-25,Fresno,019,978130,27327,23932,301,24233,250
2020-08-25,Glenn,021,27897,446,429,0,429,3
2020-08-25,Humboldt,023,135768,381,342,1,343,4
2020-08-25,Imperial,025,180216,11191,9381,6,9387,217
2020-08-25,Inyo,027,18085,175,144,3,147,1
2020-08-25,Kern,029,883053,29568,28416,216,28632,285
2020-08-25,Kings,031,150075,6214,5702,35,5737,59
2020-08-25,Lake,033,64148,343,304,0,304,2
2020-08-25,Lassen,035,31185,719,692,2,694,0
2020-08-25,Los Angeles,037,10098052,239653,233961,1175,235136,5612
2020-08-25,Madera,039,155013,3867,3446,24,3470,32
2020-08-25,Marin,041,260295,6134,5860,15,5875,56
2020-08-25,Mariposa,043,17540,73,67,0,67,2
2020-08-25,Mendocino,045,87422,620,571,0,571,10
2020-08-25,Merced,047,269075,7948,7693,10,7703,69
2020-08-25,Modoc,049,8938,8,5,0,5,0
2020-08-25,Mono,051,14174,163,129,2,131,1
2020-08-25,Monterey,053,433212,7943,7333,22,7355,51
2020-08-25,Napa,055,140530,1464,1374,5,1379,10
2020-08-25,Nevada,057,99092,451,430,13,443,2
2020-08-25,Orange,059,3164182,49769,45737,1129,46866,902
2020-08-25,Placer,061,380077,3041,2829,7,2836,31
2020-08-25,Plumas,063,18699,39,39,0,39,0
2020-08-25,Riverside,065,2383286,53037,50889,55,50944,981
2020-08-25,Sacramento,067,1510023,18074,16601,16,16617,265
2020-08-25,San Benito,069,59416,1083,973,0,973,3
2020-08-25,San Bernardino,071,2135413,48592,45544,296,45840,727
2020-08-25,San Diego,073,3302833,38807,36996,375,37371,665
2020-08-25,San Francisco,075,870044,9482,8848,11,8859,81
2020-08-25,San Joaquin,077,732212,18299,16795,34,16829,306
2020-08-25,San Luis Obispo,079,281455,2998,2731,16,2747,20
2020-08-25,San Mateo,081,765935,8395,7636,7,7643,120
2020-08-25,Santa Barbara,083,443738,8708,7854,69,7923,90
2020-08-25,Santa Clara,085,1922200,18056,16199,36,16235,194
2020-08-25,Santa Cruz,087,273765,1841,1708,17,1725,7
2020-08-25,Shasta,089,179085,607,511,3,514,9
2020-08-25,Sierra,091,2930,6,6,0,6,0
2020-08-25,Siskiyou,093,43540,132,109,8,117,0
2020-08-25,Solano,095,438530,5419,5114,38,5152,34
2020-08-25,Sonoma,097,501317,5776,5148,18,5166,56
2020-08-25,Stanislaus,099,539301,14993,13886,324,14210,182
2020-08-25,Sutter,101,95872,1352,1259,1,1260,9
2020-08-25,Tehama,103,63373,421,394,2,396,1
2020-08-25,Trinity,105,12862,44,10,6,16,0
2020-08-25,Tulare,107,460477,14439,13514,57,13571,224
2020-08-25,Tuolumne,109,53932,198,172,3,175,1
2020-08-25,Ventura,111,848112,11181,10313,82,10395,99
2020-08-25,Yolo,113,214977,2446,2254,4,2258,50
2020-08-25,Yuba,115,75493,849,775,3,778,1
2020-08-24,Alameda,001,1643700,18354,16913,124,17037,231
2020-08-24,Alpine,003,1148,2,2,0,2,0
2020-08-24,Amador,005,37829,270,227,0,227,13
2020-08-24,Butte,007,227075,2004,1649,17,1666,23
2020-08-24,Calaveras,009,45235,228,187,0,187,1
2020-08-24,Colusa,011,21464,451,425,0,425,5
2020-08-24,Contra Costa,013,1133247,14102,12906,46,12952,153
2020-08-24,Del Norte,015,27424,113,80,0,80,1
2020-08-24,El Dorado,017,186661,996,908,0,908,2
2020-08-24,Fresno,019,978130,27140,23618,294,23912,235
2020-08-24,Glenn,021,27897,444,421,0,421,2
2020-08-24,Humboldt,023,135768,377,340,1,341,4
2020-08-24,Imperial,025,180216,11157,9323,6,9329,210
2020-08-24,Inyo,027,18085,171,144,3,147,2
2020-08-24,Kern,029,883053,29471,28157,210,28367,277
2020-08-24,Kings,031,150075,6126,5652,35,5687,60
2020-08-24,Lake,033,64148,329,302,0,302,2
2020-08-24,Lassen,035,31185,719,693,2,695,0
2020-08-24,Los Angeles,037,10098052,238292,233036,1156,234192,5562
2020-08-24,Madera,039,155013,3840,3418,24,3442,32
2020-08-24,Marin,041,260295,6071,5834,15,5849,56
2020-08-24,Mariposa,043,17540,71,66,0,66,2
2020-08-24,Mendocino,045,87422,605,550,0,550,10
2020-08-24,Merced,047,269075,7870,7605,10,7615,69
2020-08-24,Modoc,049,8938,8,5,0,5,0
2020-08-24,Mono,051,14174,163,129,2,131,1
2020-08-24,Monterey,053,433212,7834,7212,21,7233,50
2020-08-24,Napa,055,140530,1451,1358,5,1363,10
2020-08-24,Nevada,057,99092,446,423,13,436,2
2020-08-24,Orange,059,3164182,49576,45536,1119,46655,887
2020-08-24,Placer,061,380077,2995,2793,7,2800,31
2020-08-24,Plumas,063,18699,39,37,0,37,0
2020-08-24,Riverside,065,2383286,52759,50496,55,50551,975
2020-08-24,Sacramento,067,1510023,17877,16318,16,16334,249
2020-08-24,San Benito,069,59416,1062,961,0,961,3
2020-08-24,San Bernardino,071,2135413,48329,45199,294,45493,720
2020-08-24,San Diego,073,3302833,38519,36729,347,37076,660
2020-08-24,San Francisco,075,870044,9399,8621,10,8631,81
2020-08-24,San Joaquin,077,732212,18158,16565,33,16598,305
2020-08-24,San Luis Obispo,079,281455,2970,2705,16,2721,20
2020-08-24,San Mateo,081,765935,8328,7502,7,7509,120
2020-08-24,Santa Barbara,083,443738,8666,7784,69,7853,90
2020-08-24,Santa Clara,085,1922200,17852,16049,36,16085,192
2020-08-24,Santa Cruz,087,273765,1821,1627,16,1643,6
2020-08-24,Shasta,089,179085,605,505,3,508,9
2020-08-24,Sierra,091,2930,6,6,0,6,0
2020-08-24,Siskiyou,093,43540,128,107,8,115,0
2020-08-24,Solano,095,438530,5370,4979,36,5015,32
2020-08-24,Sonoma,097,501317,5674,5071,18,5089,56
2020-08-24,Stanislaus,099,539301,14894,13521,310,13831,171
2020-08-24,Sutter,101,95872,1333,1219,1,1220,9
2020-08-24,Tehama,103,63373,416,388,2,390,1
2020-08-24,Trinity,105,12862,44,10,6,16,0
2020-08-24,Tulare,107,460477,14332,13360,56,13416,223
2020-08-24,Tuolumne,109,53932,197,170,3,173,1
2020-08-24,Ventura,111,848112,11101,10261,78,10339,99
2020-08-24,Yolo,113,214977,2412,2239,4,2243,47
2020-08-24,Yuba,115,75493,832,750,3,753,1
2020-08-23,Alameda,001,1643700,18131,16786,123,16909,231
2020-08-23,Alpine,003,1148,2,2,0,2,0
2020-08-23,Amador,005,37829,267,227,0,227,13
2020-08-23,Butte,007,227075,1890,1637,17,1654,23
2020-08-23,Calaveras,009,45235,218,187,0,187,1
2020-08-23,Colusa,011,21464,444,424,0,424,5
2020-08-23,Contra Costa,013,1133247,13942,12642,46,12688,153
2020-08-23,Del Norte,015,27424,113,80,0,80,1
2020-08-23,El Dorado,017,186661,983,901,0,901,2
2020-08-23,Fresno,019,978130,26936,23414,290,23704,235
2020-08-23,Glenn,021,27897,437,421,0,421,2
2020-08-23,Humboldt,023,135768,375,341,1,342,4
2020-08-23,Imperial,025,180216,11129,9243,6,9249,210
2020-08-23,Inyo,027,18085,168,144,3,147,2
2020-08-23,Kern,029,883053,29322,28028,205,28233,277
2020-08-23,Kings,031,150075,6083,5628,35,5663,60
2020-08-23,Lake,033,64148,325,299,0,299,2
2020-08-23,Lassen,035,31185,718,693,2,695,0
2020-08-23,Los Angeles,037,10098052,236699,231833,1086,232919,5549
2020-08-23,Madera,039,155013,3808,3401,23,3424,32
2020-08-23,Marin,041,260295,6032,5807,14,5821,50
2020-08-23,Mariposa,043,17540,71,66,0,66,2
2020-08-23,Mendocino,045,87422,601,550,0,550,10
2020-08-23,Merced,047,269075,7801,7574,9,7583,69
2020-08-23,Modoc,049,8938,7,5,0,5,0
2020-08-23,Mono,051,14174,163,129,2,131,1
2020-08-23,Monterey,053,433212,7744,7173,21,7194,50
2020-08-23,Napa,055,140530,1439,1348,5,1353,10
2020-08-23,Nevada,057,99092,441,421,13,434,2
2020-08-23,Orange,059,3164182,49340,45267,1108,46375,887
2020-08-23,Placer,061,380077,2956,2772,7,2779,31
2020-08-23,Plumas,063,18699,39,37,0,37,0
2020-08-23,Riverside,065,2383286,52489,50293,53,50346,955
2020-08-23,Sacramento,067,1510023,17653,16084,15,16099,243
2020-08-23,San Benito,069,59416,1049,938,0,938,3
2020-08-23,San Bernardino,071,2135413,48060,45010,284,45294,719
2020-08-23,San Diego,073,3302833,38198,36542,320,36862,660
2020-08-23,San Francisco,075,870044,9304,8564,9,8573,80
2020-08-23,San Joaquin,077,732212,18025,16069,32,16101,305
2020-08-23,San Luis Obispo,079,281455,2928,2679,16,2695,20
2020-08-23,San Mateo,081,765935,8233,7450,7,7457,120
2020-08-23,Santa Barbara,083,443738,8598,7725,69,7794,90
2020-08-23,Santa Clara,085,1922200,17657,15912,34,15946,191
2020-08-23,Santa Cruz,087,273765,1795,1627,16,1643,6
2020-08-23,Shasta,089,179085,600,501,3,504,9
2020-08-23,Sierra,091,2930,6,6,0,6,0
2020-08-23,Siskiyou,093,43540,123,107,8,115,0
2020-08-23,Solano,095,438530,5312,4977,34,5011,32
2020-08-23,Sonoma,097,501317,5586,5018,18,5036,56
2020-08-23,Stanislaus,099,539301,14759,13483,287,13770,171
2020-08-23,Sutter,101,95872,1311,1203,1,1204,9
2020-08-23,Tehama,103,63373,406,381,2,383,1
2020-08-23,Trinity,105,12862,44,10,6,16,0
2020-08-23,Tulare,107,460477,14200,13303,53,13356,223
2020-08-23,Tuolumne,109,53932,194,164,3,167,1
2020-08-23,Ventura,111,848112,11000,10126,74,10200,99
2020-08-23,Yolo,113,214977,2384,2210,4,2214,47
2020-08-23,Yuba,115,75493,811,750,3,753,1
2020-08-22,Alameda,001,1643700,18037,16648,122,16770,231
2020-08-22,Alpine,003,1148,2,2,0,2,0
2020-08-22,Amador,005,37829,266,224,0,224,13
2020-08-22,Butte,007,227075,1839,1618,17,1635,22
2020-08-22,Calaveras,009,45235,215,187,0,187,1
2020-08-22,Colusa,011,21464,440,419,0,419,5
2020-08-22,Contra Costa,013,1133247,13855,12522,46,12568,153
2020-08-22,Del Norte,015,27424,112,80,0,80,1
2020-08-22,El Dorado,017,186661,981,900,0,900,2
2020-08-22,Fresno,019,978130,26839,23197,289,23486,235
2020-08-22,Glenn,021,27897,436,421,0,421,2
2020-08-22,Humboldt,023,135768,365,334,1,335,4
2020-08-22,Imperial,025,180216,11121,9244,6,9250,210
2020-08-22,Inyo,027,18085,168,144,3,147,1
2020-08-22,Kern,029,883053,29268,27807,205,28012,277
2020-08-22,Kings,031,150075,6074,5447,35,5482,60
2020-08-22,Lake,033,64148,323,291,0,291,2
2020-08-22,Lassen,035,31185,718,693,2,695,0
2020-08-22,Los Angeles,037,10098052,236042,230858,1068,231926,5540
2020-08-22,Madera,039,155013,3789,3330,23,3353,32
2020-08-22,Marin,041,260295,6020,5789,14,5803,49
2020-08-22,Mariposa,043,17540,71,66,0,66,2
2020-08-22,Mendocino,045,87422,598,529,0,529,10
2020-08-22,Merced,047,269075,7773,7493,9,7502,69
2020-08-22,Modoc,049,8938,7,5,0,5,0
2020-08-22,Mono,051,14174,163,129,2,131,1
2020-08-22,Monterey,053,433212,7696,7081,21,7102,50
2020-08-22,Napa,055,140530,1434,1328,5,1333,11
2020-08-22,Nevada,057,99092,441,411,13,424,2
2020-08-22,Orange,059,3164182,49198,45131,1102,46233,885
2020-08-22,Placer,061,380077,2942,2734,7,2741,30
2020-08-22,Plumas,063,18699,39,37,0,37,0
2020-08-22,Riverside,065,2383286,52340,49944,52,49996,953
2020-08-22,Sacramento,067,1510023,17541,15516,15,15531,239
2020-08-22,San Benito,069,59416,1033,912,0,912,3
2020-08-22,San Bernardino,071,2135413,47931,44803,280,45083,719
2020-08-22,San Diego,073,3302833,38016,36205,309,36514,673
2020-08-22,San Francisco,075,870044,9244,8568,9,8577,80
2020-08-22,San Joaquin,077,732212,17969,16068,32,16100,305
2020-08-22,San Luis Obispo,079,281455,2903,2660,16,2676,20
2020-08-22,San Mateo,081,765935,8186,7361,7,7368,120
2020-08-22,Santa Barbara,083,443738,8572,7685,69,7754,90
2020-08-22,Santa Clara,085,1922200,17549,15590,34,15624,190
2020-08-22,Santa Cruz,087,273765,1779,1628,15,1643,6
2020-08-22,Shasta,089,179085,598,493,3,496,9
2020-08-22,Sierra,091,2930,6,6,0,6,0
2020-08-22,Siskiyou,093,43540,123,106,8,114,0
2020-08-22,Solano,095,438530,5282,4944,33,4977,32
2020-08-22,Sonoma,097,501317,5540,4891,18,4909,57
2020-08-22,Stanislaus,099,539301,14709,13380,270,13650,170
2020-08-22,Sutter,101,95872,1304,1189,1,1190,8
2020-08-22,Tehama,103,63373,405,368,2,370,1
2020-08-22,Trinity,105,12862,44,8,6,14,0
2020-08-22,Tulare,107,460477,14133,13196,53,13249,222
2020-08-22,Tuolumne,109,53932,192,162,3,165,1
2020-08-22,Ventura,111,848112,10945,9959,72,10031,99
2020-08-22,Yolo,113,214977,2368,2188,4,2192,47
2020-08-22,Yuba,115,75493,799,738,3,741,1
2020-08-21,Alameda,001,1643700,17945,16413,122,16535,232
2020-08-21,Alpine,003,1148,2,2,0,2,0
2020-08-21,Amador,005,37829,265,223,0,223,11
2020-08-21,Butte,007,227075,1800,1582,17,1599,19
2020-08-21,Calaveras,009,45235,215,182,0,182,1
2020-08-21,Colusa,011,21464,438,418,0,418,5
2020-08-21,Contra Costa,013,1133247,13765,12333,45,12378,149
2020-08-21,Del Norte,015,27424,112,78,0,78,1
2020-08-21,El Dorado,017,186661,977,885,0,885,2
2020-08-21,Fresno,019,978130,26669,22840,288,23128,232
2020-08-21,Glenn,021,27897,432,418,0,418,2
2020-08-21,Humboldt,023,135768,362,331,1,332,4
2020-08-21,Imperial,025,180216,11105,9166,6,9172,204
2020-08-21,Inyo,027,18085,168,144,3,147,1
2020-08-21,Kern,029,883053,29209,27567,203,27770,269
2020-08-21,Kings,031,150075,6052,5391,35,5426,60
2020-08-21,Lake,033,64148,321,281,0,281,2
2020-08-21,Lassen,035,31185,718,693,2,695,0
2020-08-21,Los Angeles,037,10098052,235169,229235,1048,230283,5494
2020-08-21,Madera,039,155013,3759,3271,23,3294,31
2020-08-21,Marin,041,260295,6000,5762,14,5776,49
2020-08-21,Mariposa,043,17540,71,66,0,66,2
2020-08-21,Mendocino,045,87422,588,505,0,505,10
2020-08-21,Merced,047,269075,7744,7357,9,7366,69
2020-08-21,Modoc,049,8938,7,5,0,5,0
2020-08-21,Mono,051,14174,163,128,2,130,1
2020-08-21,Monterey,053,433212,7624,6974,21,6995,49
2020-08-21,Napa,055,140530,1425,1317,5,1322,10
2020-08-21,Nevada,057,99092,440,406,13,419,2
2020-08-21,Orange,059,3164182,49057,44625,1093,45718,875
2020-08-21,Placer,061,380077,2926,2698,6,2704,30
2020-08-21,Plumas,063,18699,39,36,0,36,0
2020-08-21,Riverside,065,2383286,52146,49409,52,49461,932
2020-08-21,Sacramento,067,1510023,17418,15247,15,15262,237
2020-08-21,San Benito,069,59416,1023,891,0,891,3
2020-08-21,San Bernardino,071,2135413,47811,44249,276,44525,668
2020-08-21,San Diego,073,3302833,37812,35914,292,36206,652
2020-08-21,San Francisco,075,870044,9194,8375,9,8384,80
2020-08-21,San Joaquin,077,732212,17886,15888,30,15918,301
2020-08-21,San Luis Obispo,079,281455,2880,2640,16,2656,19
2020-08-21,San Mateo,081,765935,8128,7253,7,7260,120
2020-08-21,Santa Barbara,083,443738,8531,7645,69,7714,86
2020-08-21,Santa Clara,085,1922200,17397,15399,34,15433,190
2020-08-21,Santa Cruz,087,273765,1767,1617,15,1632,6
2020-08-21,Shasta,089,179085,598,486,3,489,9
2020-08-21,Sierra,091,2930,6,6,0,6,0
2020-08-21,Siskiyou,093,43540,123,103,6,109,0
2020-08-21,Solano,095,438530,5259,4891,32,4923,32
2020-08-21,Sonoma,097,501317,5470,4816,18,4834,57
2020-08-21,Stanislaus,099,539301,14640,13282,255,13537,161
2020-08-21,Sutter,101,95872,1291,1173,1,1174,8
2020-08-21,Tehama,103,63373,403,357,2,359,1
2020-08-21,Trinity,105,12862,44,8,6,14,0
2020-08-21,Tulare,107,460477,14061,13002,52,13054,217
2020-08-21,Tuolumne,109,53932,184,161,3,164,1
2020-08-21,Ventura,111,848112,10880,9865,70,9935,98
2020-08-21,Yolo,113,214977,2353,2164,4,2168,46
2020-08-21,Yuba,115,75493,795,717,3,720,1
2020-08-20,Alameda,001,1643700,17786,16174,122,16296,229
2020-08-20,Alpine,003,1148,2,2,0,2,0
2020-08-20,Amador,005,37829,263,222,0,222,11
2020-08-20,Butte,007,227075,1749,1549,17,1566,18
2020-08-20,Calaveras,009,45235,212,179,0,179,1
2020-08-20,Colusa,011,21464,436,415,0,415,5
2020-08-20,Contra Costa,013,1133247,13637,12108,44,12152,144
2020-08-20,Del Norte,015,27424,112,78,0,78,1
2020-08-20,El Dorado,017,186661,973,881,0,881,2
2020-08-20,Fresno,019,978130,26487,22535,283,22818,228
2020-08-20,Glenn,021,27897,427,414,0,414,2
2020-08-20,Humboldt,023,135768,357,318,1,319,4
2020-08-20,Imperial,025,180216,11086,9086,6,9092,196
2020-08-20,Inyo,027,18085,167,144,3,147,1
2020-08-20,Kern,029,883053,29041,27337,192,27529,267
2020-08-20,Kings,031,150075,6012,5347,34,5381,59
2020-08-20,Lake,033,64148,316,280,0,280,2
2020-08-20,Lassen,035,31185,717,693,2,695,0
2020-08-20,Los Angeles,037,10098052,233946,227492,1029,228521,5445
2020-08-20,Madera,039,155013,3733,3197,23,3220,31
2020-08-20,Marin,041,260295,5982,5745,14,5759,47
2020-08-20,Mariposa,043,17540,71,67,0,67,2
2020-08-20,Mendocino,045,87422,577,497,0,497,10
2020-08-20,Merced,047,269075,7669,7173,9,7182,68
2020-08-20,Modoc,049,8938,7,5,0,5,0
2020-08-20,Mono,051,14174,163,128,2,130,1
2020-08-20,Monterey,053,433212,7553,6892,21,6913,47
2020-08-20,Napa,055,140530,1417,1306,5,1311,10
2020-08-20,Nevada,057,99092,439,401,13,414,2
2020-08-20,Orange,059,3164182,48830,44299,1082,45381,849
2020-08-20,Placer,061,380077,2910,2681,6,2687,30
2020-08-20,Plumas,063,18699,39,36,0,36,0
2020-08-20,Riverside,065,2383286,51926,48953,51,49004,927
2020-08-20,Sacramento,067,1510023,17176,14992,15,15007,231
2020-08-20,San Benito,069,59416,1010,866,0,866,3
2020-08-20,San Bernardino,071,2135413,47555,43627,272,43899,665
2020-08-20,San Diego,073,3302833,37592,35610,274,35884,644
2020-08-20,San Francisco,075,870044,9108,8262,9,8271,72
2020-08-20,San Joaquin,077,732212,17793,15778,30,15808,297
2020-08-20,San Luis Obispo,079,281455,2860,2590,16,2606,19
2020-08-20,San Mateo,081,765935,8062,7188,7,7195,120
2020-08-20,Santa Barbara,083,443738,8493,7571,69,7640,81
2020-08-20,Santa Clara,085,1922200,17225,15162,34,15196,190
2020-08-20,Santa Cruz,087,273765,1754,1581,15,1596,6
2020-08-20,Shasta,089,179085,597,478,3,481,9
2020-08-20,Sierra,091,2930,6,6,0,6,0
2020-08-20,Siskiyou,093,43540,122,102,1,103,0
2020-08-20,Solano,095,438530,5215,4843,32,4875,31
2020-08-20,Sonoma,097,501317,5398,4737,18,4755,54
2020-08-20,Stanislaus,099,539301,14544,13120,246,13366,161
2020-08-20,Sutter,101,95872,1267,1158,1,1159,8
2020-08-20,Tehama,103,63373,397,350,2,352,1
2020-08-20,Trinity,105,12862,44,8,6,14,0
2020-08-20,Tulare,107,460477,13953,12907,51,12958,217
2020-08-20,Tuolumne,109,53932,180,159,3,162,1
2020-08-20,Ventura,111,848112,10767,9744,69,9813,93
2020-08-20,Yolo,113,214977,2331,2150,4,2154,47
2020-08-20,Yuba,115,75493,778,709,3,712,1
2020-08-19,Alameda,001,1643700,17627,15874,121,15995,226
2020-08-19,Alpine,003,1148,2,2,0,2,0
2020-08-19,Amador,005,37829,262,219,0,219,9
2020-08-19,Butte,007,227075,1706,1517,17,1534,16
2020-08-19,Calaveras,009,45235,209,177,0,177,1
2020-08-19,Colusa,011,21464,435,415,0,415,5
2020-08-19,Contra Costa,013,1133247,13525,11895,42,11937,142
2020-08-19,Del Norte,015,27424,112,78,0,78,1
2020-08-19,El Dorado,017,186661,967,870,0,870,2
2020-08-19,Fresno,019,978130,26298,22167,274,22441,221
2020-08-19,Glenn,021,27897,425,414,0,414,2
2020-08-19,Humboldt,023,135768,354,316,1,317,4
2020-08-19,Imperial,025,180216,11058,9041,6,9047,192
2020-08-19,Inyo,027,18085,165,140,3,143,1
2020-08-19,Kern,029,883053,28924,27142,188,27330,263
2020-08-19,Kings,031,150075,5839,5301,32,5333,59
2020-08-19,Lake,033,64148,313,277,0,277,2
2020-08-19,Lassen,035,31185,709,693,2,695,0
2020-08-19,Los Angeles,037,10098052,232674,226006,989,226995,5399
2020-08-19,Madera,039,155013,3699,3158,21,3179,30
2020-08-19,Marin,041,260295,5958,5723,13,5736,46
2020-08-19,Mariposa,043,17540,71,64,0,64,2
2020-08-19,Mendocino,045,87422,561,495,0,495,8
2020-08-19,Merced,047,269075,7542,7082,6,7088,66
2020-08-19,Modoc,049,8938,7,5,0,5,0
2020-08-19,Mono,051,14174,163,128,2,130,1
2020-08-19,Monterey,053,433212,7451,6693,21,6714,45
2020-08-19,Napa,055,140530,1412,1293,5,1298,10
2020-08-19,Nevada,057,99092,432,398,13,411,2
2020-08-19,Orange,059,3164182,48625,43938,1079,45017,829
2020-08-19,Placer,061,380077,2888,2659,6,2665,28
2020-08-19,Plumas,063,18699,39,36,0,36,0
2020-08-19,Riverside,065,2383286,51677,48741,51,48792,922
2020-08-19,Sacramento,067,1510023,16995,14764,15,14779,229
2020-08-19,San Benito,069,59416,993,853,0,853,3
2020-08-19,San Bernardino,071,2135413,47256,43224,266,43490,661
2020-08-19,San Diego,073,3302833,37343,35378,259,35637,638
2020-08-19,San Francisco,075,870044,9043,8236,9,8245,72
2020-08-19,San Joaquin,077,732212,17667,15677,29,15706,296
2020-08-19,San Luis Obispo,079,281455,2821,2553,16,2569,19
2020-08-19,San Mateo,081,765935,7994,7146,7,7153,119
2020-08-19,Santa Barbara,083,443738,8444,7499,69,7568,80
2020-08-19,Santa Clara,085,1922200,17079,14994,34,15028,189
2020-08-19,Santa Cruz,087,273765,1728,1554,15,1569,6
2020-08-19,Shasta,089,179085,593,475,3,478,9
2020-08-19,Sierra,091,2930,6,6,0,6,0
2020-08-19,Siskiyou,093,43540,121,103,1,104,0
2020-08-19,Solano,095,438530,5174,4807,32,4839,31
2020-08-19,Sonoma,097,501317,5319,4614,18,4632,54
2020-08-19,Stanislaus,099,539301,14441,13084,224,13308,160
2020-08-19,Sutter,101,95872,1233,1146,1,1147,8
2020-08-19,Tehama,103,63373,391,342,2,344,1
2020-08-19,Trinity,105,12862,43,8,6,14,0
2020-08-19,Tulare,107,460477,13855,12756,51,12807,217
2020-08-19,Tuolumne,109,53932,177,159,3,162,1
2020-08-19,Ventura,111,848112,10675,9587,67,9654,91
2020-08-19,Yolo,113,214977,2308,2126,4,2130,47
2020-08-19,Yuba,115,75493,766,701,3,704,1
2020-08-18,Alameda,001,1643700,17450,15627,119,15746,223
2020-08-18,Alpine,003,1148,2,2,0,2,0
2020-08-18,Amador,005,37829,261,215,0,215,9
2020-08-18,Butte,007,227075,1673,1491,17,1508,16
2020-08-18,Calaveras,009,45235,205,174,0,174,1
2020-08-18,Colusa,011,21464,434,415,0,415,5
2020-08-18,Contra Costa,013,1133247,13405,11689,40,11729,141
2020-08-18,Del Norte,015,27424,111,78,0,78,0
2020-08-18,El Dorado,017,186661,962,866,0,866,2
2020-08-18,Fresno,019,978130,26077,21798,268,22066,212
2020-08-18,Glenn,021,27897,425,407,0,407,2
2020-08-18,Humboldt,023,135768,352,315,1,316,4
2020-08-18,Imperial,025,180216,11024,8968,6,8974,189
2020-08-18,Inyo,027,18085,164,140,3,143,1
2020-08-18,Kern,029,883053,28771,26978,184,27162,263
2020-08-18,Kings,031,150075,5804,5269,31,5300,58
2020-08-18,Lake,033,64148,310,274,0,274,2
2020-08-18,Lassen,035,31185,709,693,2,695,0
2020-08-18,Los Angeles,037,10098052,231414,224218,952,225170,5339
2020-08-18,Madera,039,155013,3671,3125,21,3146,28
2020-08-18,Marin,041,260295,5928,5708,13,5721,47
2020-08-18,Mariposa,043,17540,71,61,0,61,2
2020-08-18,Mendocino,045,87422,552,468,0,468,8
2020-08-18,Merced,047,269075,7494,6940,6,6946,66
2020-08-18,Modoc,049,8938,7,5,0,5,0
2020-08-18,Mono,051,14174,162,129,2,131,1
2020-08-18,Monterey,053,433212,7359,6691,20,6711,44
2020-08-18,Napa,055,140530,1409,1274,5,1279,10
2020-08-18,Nevada,057,99092,425,389,13,402,2
2020-08-18,Orange,059,3164182,48400,43659,1064,44723,809
2020-08-18,Placer,061,380077,2862,2644,5,2649,28
2020-08-18,Plumas,063,18699,39,34,0,34,0
2020-08-18,Riverside,065,2383286,51347,48447,51,48498,917
2020-08-18,Sacramento,067,1510023,16766,14610,14,14624,222
2020-08-18,San Benito,069,59416,973,836,0,836,3
2020-08-18,San Bernardino,071,2135413,46974,42827,260,43087,648
2020-08-18,San Diego,073,3302833,37050,35164,227,35391,633
2020-08-18,San Francisco,075,870044,8957,8016,9,8025,72
2020-08-18,San Joaquin,077,732212,17551,15509,28,15537,290
2020-08-18,San Luis Obispo,079,281455,2797,2535,15,2550,18
2020-08-18,San Mateo,081,765935,7932,7074,7,7081,119
2020-08-18,Santa Barbara,083,443738,8402,7472,69,7541,81
2020-08-18,Santa Clara,085,1922200,16906,14786,33,14819,184
2020-08-18,Santa Cruz,087,273765,1715,1509,15,1524,6
2020-08-18,Shasta,089,179085,589,468,3,471,9
2020-08-18,Sierra,091,2930,6,6,0,6,0
2020-08-18,Siskiyou,093,43540,120,103,1,104,0
2020-08-18,Solano,095,438530,5147,4700,32,4732,31
2020-08-18,Sonoma,097,501317,5250,4506,18,4524,48
2020-08-18,Stanislaus,099,539301,14343,12935,208,13143,149
2020-08-18,Sutter,101,95872,1214,1126,1,1127,8
2020-08-18,Tehama,103,63373,381,333,2,335,1
2020-08-18,Trinity,105,12862,41,8,6,14,0
2020-08-18,Tulare,107,460477,13724,12637,48,12685,212
2020-08-18,Tuolumne,109,53932,174,159,3,162,1
2020-08-18,Ventura,111,848112,10585,9536,62,9598,89
2020-08-18,Yolo,113,214977,2285,2102,4,2106,47
2020-08-18,Yuba,115,75493,758,679,3,682,1
2020-08-17,Alameda,001,1643700,17256,15454,118,15572,221
2020-08-17,Alpine,003,1148,2,2,0,2,0
2020-08-17,Amador,005,37829,261,215,0,215,9
2020-08-17,Butte,007,227075,1628,1463,17,1480,15
2020-08-17,Calaveras,009,45235,201,167,0,167,1
2020-08-17,Colusa,011,21464,431,408,0,408,5
2020-08-17,Contra Costa,013,1133247,13268,11442,40,11482,141
2020-08-17,Del Norte,015,27424,107,77,0,77,0
2020-08-17,El Dorado,017,186661,959,846,0,846,2
2020-08-17,Fresno,019,978130,25868,21316,261,21577,211
2020-08-17,Glenn,021,27897,424,402,0,402,2
2020-08-17,Humboldt,023,135768,348,302,1,303,4
2020-08-17,Imperial,025,180216,10983,8897,6,8903,188
2020-08-17,Inyo,027,18085,156,124,3,127,1
2020-08-17,Kern,029,883053,28623,26773,173,26946,249
2020-08-17,Kings,031,150075,5766,5249,31,5280,58
2020-08-17,Lake,033,64148,305,270,0,270,2
2020-08-17,Lassen,035,31185,709,666,2,668,0
2020-08-17,Los Angeles,037,10098052,229903,223418,903,224321,5282
2020-08-17,Madera,039,155013,3628,3050,20,3070,26
2020-08-17,Marin,041,260295,5905,5683,12,5695,46
2020-08-17,Mariposa,043,17540,71,61,0,61,2
2020-08-17,Mendocino,045,87422,534,454,0,454,8
2020-08-17,Merced,047,269075,7399,6814,6,6820,66
2020-08-17,Modoc,049,8938,7,5,0,5,0
2020-08-17,Mono,051,14174,162,126,2,128,1
2020-08-17,Monterey,053,433212,7259,6553,20,6573,44
2020-08-17,Napa,055,140530,1388,1255,5,1260,10
2020-08-17,Nevada,057,99092,420,383,13,396,2
2020-08-17,Orange,059,3164182,48190,43621,1051,44672,804
2020-08-17,Placer,061,380077,2837,2609,5,2614,28
2020-08-17,Plumas,063,18699,39,33,0,33,0
2020-08-17,Riverside,065,2383286,51016,48062,49,48111,916
2020-08-17,Sacramento,067,1510023,16546,14333,14,14347,219
2020-08-17,San Benito,069,59416,958,822,0,822,2
2020-08-17,San Bernardino,071,2135413,46629,42005,252,42257,604
2020-08-17,San Diego,073,3302833,36784,34962,213,35175,626
2020-08-17,San Francisco,075,870044,8886,7600,9,7609,72
2020-08-17,San Joaquin,077,732212,17388,15323,27,15350,280
2020-08-17,San Luis Obispo,079,281455,2764,2527,15,2542,18
2020-08-17,San Mateo,081,765935,7875,6987,6,6993,118
2020-08-17,Santa Barbara,083,443738,8360,7438,69,7507,80
2020-08-17,Santa Clara,085,1922200,16685,14546,33,14579,183
2020-08-17,Santa Cruz,087,273765,1699,1453,14,1467,6
2020-08-17,Shasta,089,179085,583,467,3,470,9
2020-08-17,Sierra,091,2930,6,6,0,6,0
2020-08-17,Siskiyou,093,43540,119,103,0,103,0
2020-08-17,Solano,095,438530,5090,4479,32,4511,31
2020-08-17,Sonoma,097,501317,5161,4402,16,4418,48
2020-08-17,Stanislaus,099,539301,14218,12745,201,12946,148
2020-08-17,Sutter,101,95872,1198,1071,1,1072,8
2020-08-17,Tehama,103,63373,372,324,2,326,1
2020-08-17,Trinity,105,12862,41,8,6,14,0
2020-08-17,Tulare,107,460477,13611,12487,47,12534,210
2020-08-17,Tuolumne,109,53932,171,157,3,160,1
2020-08-17,Ventura,111,848112,10462,9490,57,9547,89
2020-08-17,Yolo,113,214977,2258,2083,4,2087,47
2020-08-17,Yuba,115,75493,743,647,3,650,1
2020-08-16,Alameda,001,1643700,16965,15338,118,15456,221
2020-08-16,Alpine,003,1148,2,2,0,2,0
2020-08-16,Amador,005,37829,258,215,0,215,9
2020-08-16,Butte,007,227075,1590,1432,17,1449,15
2020-08-16,Calaveras,009,45235,194,167,0,167,1
2020-08-16,Colusa,011,21464,429,407,0,407,5
2020-08-16,Contra Costa,013,1133247,13082,11255,40,11295,140
2020-08-16,Del Norte,015,27424,103,77,0,77,0
2020-08-16,El Dorado,017,186661,947,843,0,843,2
2020-08-16,Fresno,019,978130,25647,21010,256,21266,211
2020-08-16,Glenn,021,27897,422,400,0,400,2
2020-08-16,Humboldt,023,135768,346,301,1,302,4
2020-08-16,Imperial,025,180216,10939,8883,6,8889,188
2020-08-16,Inyo,027,18085,149,125,2,127,1
2020-08-16,Kern,029,883053,28422,26520,165,26685,249
2020-08-16,Kings,031,150075,5735,5146,31,5177,58
2020-08-16,Lake,033,64148,301,269,0,269,2
2020-08-16,Lassen,035,31185,709,666,2,668,0
2020-08-16,Los Angeles,037,10098052,228339,222236,873,223109,5263
2020-08-16,Madera,039,155013,3583,3013,20,3033,26
2020-08-16,Marin,041,260295,5879,5664,12,5676,46
2020-08-16,Mariposa,043,17540,71,61,0,61,2
2020-08-16,Mendocino,045,87422,526,451,0,451,8
2020-08-16,Merced,047,269075,7317,6744,6,6750,66
2020-08-16,Modoc,049,8938,7,5,0,5,0
2020-08-16,Mono,051,14174,162,126,2,128,1
2020-08-16,Monterey,053,433212,7161,6516,19,6535,44
2020-08-16,Napa,055,140530,1370,1241,3,1244,10
2020-08-16,Nevada,057,99092,409,379,13,392,2
2020-08-16,Orange,059,3164182,47941,43303,1040,44343,803
2020-08-16,Placer,061,380077,2809,2583,4,2587,28
2020-08-16,Plumas,063,18699,39,33,0,33,0
2020-08-16,Riverside,065,2383286,50686,47669,48,47717,910
2020-08-16,Sacramento,067,1510023,16306,14210,14,14224,219
2020-08-16,San Benito,069,59416,929,815,0,815,2
2020-08-16,San Bernardino,071,2135413,46205,41724,244,41968,603
2020-08-16,San Diego,073,3302833,36520,34680,198,34878,626
2020-08-16,San Francisco,075,870044,8798,7602,9,7611,72
2020-08-16,San Joaquin,077,732212,17185,15288,27,15315,280
2020-08-16,San Luis Obispo,079,281455,2735,2494,15,2509,17
2020-08-16,San Mateo,081,765935,7800,6942,6,6948,118
2020-08-16,Santa Barbara,083,443738,8311,7368,69,7437,79
2020-08-16,Santa Clara,085,1922200,16487,14329,33,14362,183
2020-08-16,Santa Cruz,087,273765,1672,1449,13,1462,6
2020-08-16,Shasta,089,179085,576,465,3,468,9
2020-08-16,Sierra,091,2930,6,6,0,6,0
2020-08-16,Siskiyou,093,43540,118,102,0,102,0
2020-08-16,Solano,095,438530,5030,4479,32,4511,31
2020-08-16,Sonoma,097,501317,5057,4329,16,4345,46
2020-08-16,Stanislaus,099,539301,14061,12668,190,12858,148
2020-08-16,Sutter,101,95872,1180,1071,1,1072,8
2020-08-16,Tehama,103,63373,362,318,2,320,1
2020-08-16,Trinity,105,12862,38,8,6,14,0
2020-08-16,Tulare,107,460477,13479,12334,44,12378,211
2020-08-16,Tuolumne,109,53932,171,156,3,159,1
2020-08-16,Ventura,111,848112,10353,9408,52,9460,89
2020-08-16,Yolo,113,214977,2239,2057,4,2061,47
2020-08-16,Yuba,115,75493,734,647,2,649,1
2020-08-15,Alameda,001,1643700,16888,15165,118,15283,221
2020-08-15,Alpine,003,1148,2,2,0,2,0
2020-08-15,Amador,005,37829,258,210,0,210,9
2020-08-15,Butte,007,227075,1568,1409,17,1426,15
2020-08-15,Calaveras,009,45235,192,167,0,167,1
2020-08-15,Colusa,011,21464,428,401,0,401,5
2020-08-15,Contra Costa,013,1133247,12986,11106,40,11146,138
2020-08-15,Del Norte,015,27424,103,77,0,77,0
2020-08-15,El Dorado,017,186661,942,838,0,838,2
2020-08-15,Fresno,019,978130,25531,20603,254,20857,211
2020-08-15,Glenn,021,27897,422,398,0,398,2
2020-08-15,Humboldt,023,135768,345,301,1,302,4
2020-08-15,Imperial,025,180216,10919,8794,6,8800,188
2020-08-15,Inyo,027,18085,149,123,2,125,1
2020-08-15,Kern,029,883053,28334,26338,165,26503,249
2020-08-15,Kings,031,150075,5717,5039,31,5070,56
2020-08-15,Lake,033,64148,299,268,0,268,2
2020-08-15,Lassen,035,31185,709,666,2,668,0
2020-08-15,Los Angeles,037,10098052,227587,221043,864,221907,5252
2020-08-15,Madera,039,155013,3533,2950,20,2970,26
2020-08-15,Marin,041,260295,5872,5628,12,5640,46
2020-08-15,Mariposa,043,17540,71,61,0,61,2
2020-08-15,Mendocino,045,87422,522,444,0,444,8
2020-08-15,Merced,047,269075,7283,6656,6,6662,66
2020-08-15,Modoc,049,8938,7,5,0,5,0
2020-08-15,Mono,051,14174,162,126,2,128,1
2020-08-15,Monterey,053,433212,7116,6162,19,6181,44
2020-08-15,Napa,055,140530,1360,1232,3,1235,10
2020-08-15,Nevada,057,99092,409,376,13,389,2
2020-08-15,Orange,059,3164182,47828,42811,1029,43840,801
2020-08-15,Placer,061,380077,2788,2551,4,2555,27
2020-08-15,Plumas,063,18699,39,33,0,33,0
2020-08-15,Riverside,065,2383286,50535,46720,48,46768,910
2020-08-15,Sacramento,067,1510023,16196,14018,14,14032,219
2020-08-15,San Benito,069,59416,916,805,0,805,2
2020-08-15,San Bernardino,071,2135413,46053,41231,242,41473,602
2020-08-15,San Diego,073,3302833,36354,34346,184,34530,639
2020-08-15,San Francisco,075,870044,8734,7601,9,7610,69
2020-08-15,San Joaquin,077,732212,17112,15113,27,15140,280
2020-08-15,San Luis Obispo,079,281455,2718,2461,15,2476,17
2020-08-15,San Mateo,081,765935,7763,6860,6,6866,118
2020-08-15,Santa Barbara,083,443738,8283,7338,69,7407,79
2020-08-15,Santa Clara,085,1922200,16391,14105,33,14138,183
2020-08-15,Santa Cruz,087,273765,1651,1449,13,1462,6
2020-08-15,Shasta,089,179085,573,458,3,461,9
2020-08-15,Sierra,091,2930,6,6,0,6,0
2020-08-15,Siskiyou,093,43540,117,100,0,100,0
2020-08-15,Solano,095,438530,5008,4477,32,4509,31
2020-08-15,Sonoma,097,501317,5002,4134,16,4150,45
2020-08-15,Stanislaus,099,539301,13997,12541,189,12730,149
2020-08-15,Sutter,101,95872,1169,1046,1,1047,8
2020-08-15,Tehama,103,63373,361,312,2,314,1
2020-08-15,Trinity,105,12862,36,6,6,12,0
2020-08-15,Tulare,107,460477,13441,12262,44,12306,211
2020-08-15,Tuolumne,109,53932,171,155,3,158,1
2020-08-15,Ventura,111,848112,10294,9379,50,9429,89
2020-08-15,Yolo,113,214977,2227,2031,4,2035,46
2020-08-15,Yuba,115,75493,730,623,2,625,1
2020-08-14,Alameda,001,1643700,16749,14909,118,15027,221
2020-08-14,Alpine,003,1148,2,2,0,2,0
2020-08-14,Amador,005,37829,258,209,0,209,9
2020-08-14,Butte,007,227075,1559,1384,17,1401,15
2020-08-14,Calaveras,009,45235,188,165,0,165,1
2020-08-14,Colusa,011,21464,426,399,0,399,5
2020-08-14,Contra Costa,013,1133247,12874,10893,40,10933,137
2020-08-14,Del Norte,015,27424,103,76,0,76,0
2020-08-14,El Dorado,017,186661,934,827,0,827,2
2020-08-14,Fresno,019,978130,25397,19900,254,20154,208
2020-08-14,Glenn,021,27897,420,395,0,395,2
2020-08-14,Humboldt,023,135768,339,294,1,295,4
2020-08-14,Imperial,025,180216,10895,8756,6,8762,185
2020-08-14,Inyo,027,18085,148,115,2,117,1
2020-08-14,Kern,029,883053,28230,25893,164,26057,249
2020-08-14,Kings,031,150075,5703,4953,31,4984,56
2020-08-14,Lake,033,64148,290,267,0,267,2
2020-08-14,Lassen,035,31185,709,665,2,667,0
2020-08-14,Los Angeles,037,10098052,226420,219083,847,219930,5222
2020-08-14,Madera,039,155013,3503,2876,20,2896,26
2020-08-14,Marin,041,260295,5861,5601,12,5613,46
2020-08-14,Mariposa,043,17540,70,61,0,61,2
2020-08-14,Mendocino,045,87422,513,432,0,432,8
2020-08-14,Merced,047,269075,7253,6466,6,6472,67
2020-08-14,Modoc,049,8938,7,5,0,5,0
2020-08-14,Mono,051,14174,162,126,2,128,1
2020-08-14,Monterey,053,433212,7065,6121,19,6140,41
2020-08-14,Napa,055,140530,1350,1230,3,1233,10
2020-08-14,Nevada,057,99092,405,377,13,390,2
2020-08-14,Orange,059,3164182,47679,42399,1016,43415,798
2020-08-14,Placer,061,380077,2769,2546,4,2550,26
2020-08-14,Plumas,063,18699,38,33,0,33,0
2020-08-14,Riverside,065,2383286,50306,46456,48,46504,891
2020-08-14,Sacramento,067,1510023,16046,13645,14,13659,212
2020-08-14,San Benito,069,59416,899,783,0,783,2
2020-08-14,San Bernardino,071,2135413,45866,40442,239,40681,594
2020-08-14,San Diego,073,3302833,36160,34067,177,34244,622
2020-08-14,San Francisco,075,870044,8675,7467,9,7476,69
2020-08-14,San Joaquin,077,732212,17012,14925,27,14952,276
2020-08-14,San Luis Obispo,079,281455,2703,2422,15,2437,17
2020-08-14,San Mateo,081,765935,7704,6655,6,6661,118
2020-08-14,Santa Barbara,083,443738,8233,7302,69,7371,77
2020-08-14,Santa Clara,085,1922200,16225,13785,32,13817,183
2020-08-14,Santa Cruz,087,273765,1629,1418,12,1430,6
2020-08-14,Shasta,089,179085,568,446,3,449,9
2020-08-14,Sierra,091,2930,6,5,0,5,0
2020-08-14,Siskiyou,093,43540,117,98,0,98,0
2020-08-14,Solano,095,438530,4987,4421,32,4453,31
2020-08-14,Sonoma,097,501317,4943,4087,13,4100,45
2020-08-14,Stanislaus,099,539301,13920,12379,185,12564,140
2020-08-14,Sutter,101,95872,1161,1039,1,1040,8
2020-08-14,Tehama,103,63373,357,305,2,307,1
2020-08-14,Trinity,105,12862,36,6,6,12,0
2020-08-14,Tulare,107,460477,13364,12009,44,12053,211
2020-08-14,Tuolumne,109,53932,170,155,3,158,1
2020-08-14,Ventura,111,848112,10219,9313,50,9363,89
2020-08-14,Yolo,113,214977,2213,1991,4,1995,45
2020-08-14,Yuba,115,75493,714,606,2,608,1
2020-08-13,Alameda,001,1643700,16472,14385,118,14503,218
2020-08-13,Alpine,003,1148,2,2,0,2,0
2020-08-13,Amador,005,37829,258,198,0,198,8
2020-08-13,Butte,007,227075,1534,1345,17,1362,15
2020-08-13,Calaveras,009,45235,186,162,0,162,1
2020-08-13,Colusa,011,21464,426,395,0,395,5
2020-08-13,Contra Costa,013,1133247,12720,10545,39,10584,136
2020-08-13,Del Norte,015,27424,102,74,0,74,0
2020-08-13,El Dorado,017,186661,929,803,0,803,2
2020-08-13,Fresno,019,978130,25170,19157,248,19405,201
2020-08-13,Glenn,021,27897,416,392,0,392,1
2020-08-13,Humboldt,023,135768,331,281,1,282,4
2020-08-13,Imperial,025,180216,10864,8640,6,8646,170
2020-08-13,Inyo,027,18085,144,97,2,99,1
2020-08-13,Kern,029,883053,28063,25472,161,25633,242
2020-08-13,Kings,031,150075,5668,4824,31,4855,52
2020-08-13,Lake,033,64148,285,263,0,263,2
2020-08-13,Lassen,035,31185,709,652,2,654,0
2020-08-13,Los Angeles,037,10098052,225044,216497,825,217322,5179
2020-08-13,Madera,039,155013,3459,2675,19,2694,25
2020-08-13,Marin,041,260295,5845,5503,12,5515,44
2020-08-13,Mariposa,043,17540,69,61,0,61,2
2020-08-13,Mendocino,045,87422,508,401,0,401,8
2020-08-13,Merced,047,269075,7135,5945,6,5951,63
2020-08-13,Modoc,049,8938,7,5,0,5,0
2020-08-13,Mono,051,14174,162,124,2,126,1
2020-08-13,Monterey,053,433212,6982,5925,19,5944,38
2020-08-13,Napa,055,140530,1341,1179,3,1182,10
2020-08-13,Nevada,057,99092,401,362,13,375,1
2020-08-13,Orange,059,3164182,47440,42019,1004,43023,773
2020-08-13,Placer,061,380077,2746,2460,4,2464,26
2020-08-13,Plumas,063,18699,38,32,0,32,0
2020-08-13,Riverside,065,2383286,50011,45327,48,45375,885
2020-08-13,Sacramento,067,1510023,15844,13237,14,13251,197
2020-08-13,San Benito,069,59416,870,757,0,757,2
2020-08-13,San Bernardino,071,2135413,45471,39395,233,39628,591
2020-08-13,San Diego,073,3302833,35924,33661,159,33820,627
2020-08-13,San Francisco,075,870044,8581,7277,9,7286,69
2020-08-13,San Joaquin,077,732212,16857,14537,26,14563,261
2020-08-13,San Luis Obispo,079,281455,2682,2283,15,2298,16
2020-08-13,San Mateo,081,765935,7642,6503,6,6509,117
2020-08-13,Santa Barbara,083,443738,8188,7129,68,7197,74
2020-08-13,Santa Clara,085,1922200,16002,13257,32,13289,182
2020-08-13,Santa Cruz,087,273765,1604,1383,12,1395,6
2020-08-13,Shasta,089,179085,563,428,3,431,9
2020-08-13,Sierra,091,2930,6,5,0,5,0
2020-08-13,Siskiyou,093,43540,117,95,0,95,0
2020-08-13,Solano,095,438530,4950,4305,32,4337,31
2020-08-13,Sonoma,097,501317,4869,3902,13,3915,45
2020-08-13,Stanislaus,099,539301,13790,11953,169,12122,136
2020-08-13,Sutter,101,95872,1139,992,1,993,8
2020-08-13,Tehama,103,63373,348,302,2,304,1
2020-08-13,Trinity,105,12862,35,6,6,12,0
2020-08-13,Tulare,107,460477,13221,11692,41,11733,210
2020-08-13,Tuolumne,109,53932,169,152,3,155,1
2020-08-13,Ventura,111,848112,10130,9114,50,9164,90
2020-08-13,Yolo,113,214977,2186,1938,4,1942,44
2020-08-13,Yuba,115,75493,698,568,2,570,1
2020-08-12,Alameda,001,1643700,16260,14214,118,14332,215
2020-08-12,Alpine,003,1148,2,2,0,2,0
2020-08-12,Amador,005,37829,255,197,0,197,8
2020-08-12,Butte,007,227075,1506,1317,17,1334,15
2020-08-12,Calaveras,009,45235,183,157,0,157,1
2020-08-12,Colusa,011,21464,421,394,0,394,5
2020-08-12,Contra Costa,013,1133247,12575,10304,38,10342,134
2020-08-12,Del Norte,015,27424,101,74,0,74,0
2020-08-12,El Dorado,017,186661,911,794,0,794,2
2020-08-12,Fresno,019,978130,24940,18690,242,18932,194
2020-08-12,Glenn,021,27897,413,388,0,388,1
2020-08-12,Humboldt,023,135768,324,281,1,282,4
2020-08-12,Imperial,025,180216,10841,8566,6,8572,167
2020-08-12,Inyo,027,18085,127,97,2,99,1
2020-08-12,Kern,029,883053,27871,25191,159,25350,232
2020-08-12,Kings,031,150075,5629,4736,31,4767,50
2020-08-12,Lake,033,64148,283,253,0,253,2
2020-08-12,Lassen,035,31185,708,651,2,653,0
2020-08-12,Los Angeles,037,10098052,223653,214542,809,215351,5119
2020-08-12,Madera,039,155013,3425,2681,17,2698,23
2020-08-12,Marin,041,260295,5823,5423,12,5435,44
2020-08-12,Mariposa,043,17540,69,61,0,61,2
2020-08-12,Mendocino,045,87422,489,386,0,386,9
2020-08-12,Merced,047,269075,7073,5777,6,5783,66
2020-08-12,Modoc,049,8938,7,5,0,5,0
2020-08-12,Mono,051,14174,161,124,2,126,1
2020-08-12,Monterey,053,433212,6878,5919,19,5938,38
2020-08-12,Napa,055,140530,1331,1161,3,1164,10
2020-08-12,Nevada,057,99092,396,357,13,370,1
2020-08-12,Orange,059,3164182,47189,41576,980,42556,754
2020-08-12,Placer,061,380077,2714,2417,4,2421,25
2020-08-12,Plumas,063,18699,38,31,0,31,0
2020-08-12,Riverside,065,2383286,49663,44747,48,44795,867
2020-08-12,Sacramento,067,1510023,15632,12528,14,12542,189
2020-08-12,San Benito,069,59416,857,751,0,751,2
2020-08-12,San Bernardino,071,2135413,45128,38811,224,39035,589
2020-08-12,San Diego,073,3302833,35715,33395,139,33534,608
2020-08-12,San Francisco,075,870044,8497,7194,9,7203,66
2020-08-12,San Joaquin,077,732212,16710,14154,26,14180,253
2020-08-12,San Luis Obispo,079,281455,2657,2263,15,2278,15
2020-08-12,San Mateo,081,765935,7563,6427,6,6433,117
2020-08-12,Santa Barbara,083,443738,8128,7049,66,7115,74
2020-08-12,Santa Clara,085,1922200,15826,13002,32,13034,182
2020-08-12,Santa Cruz,087,273765,1575,1382,11,1393,6
2020-08-12,Shasta,089,179085,559,417,3,420,9
2020-08-12,Sierra,091,2930,5,4,0,4,0
2020-08-12,Siskiyou,093,43540,116,90,0,90,0
2020-08-12,Solano,095,438530,4905,4258,32,4290,31
2020-08-12,Sonoma,097,501317,4795,3847,13,3860,47
2020-08-12,Stanislaus,099,539301,13651,11682,161,11843,136
2020-08-12,Sutter,101,95872,1115,987,1,988,7
2020-08-12,Tehama,103,63373,338,289,2,291,1
2020-08-12,Trinity,105,12862,34,6,6,12,0
2020-08-12,Tulare,107,460477,13093,11460,41,11501,211
2020-08-12,Tuolumne,109,53932,168,150,3,153,1
2020-08-12,Ventura,111,848112,10043,9005,50,9055,87
2020-08-12,Yolo,113,214977,2162,1921,4,1925,44
2020-08-12,Yuba,115,75493,676,549,1,550,1
2020-08-11,Alameda,001,1643700,16000,13960,115,14075,204
2020-08-11,Alpine,003,1148,2,2,0,2,0
2020-08-11,Amador,005,37829,249,187,0,187,3
2020-08-11,Butte,007,227075,1479,1296,17,1313,15
2020-08-11,Calaveras,009,45235,181,161,0,161,1
2020-08-11,Colusa,011,21464,416,390,0,390,5
2020-08-11,Contra Costa,013,1133247,12386,10012,36,10048,131
2020-08-11,Del Norte,015,27424,100,73,0,73,0
2020-08-11,El Dorado,017,186661,904,786,0,786,2
2020-08-11,Fresno,019,978130,24617,18344,239,18583,187
2020-08-11,Glenn,021,27897,411,380,0,380,1
2020-08-11,Humboldt,023,135768,319,283,1,284,4
2020-08-11,Imperial,025,180216,10786,8518,6,8524,165
2020-08-11,Inyo,027,18085,122,97,2,99,1
2020-08-11,Kern,029,883053,27536,25042,157,25199,230
2020-08-11,Kings,031,150075,5438,4696,31,4727,50
2020-08-11,Lake,033,64148,280,243,0,243,2
2020-08-11,Lassen,035,31185,702,605,2,607,0
2020-08-11,Los Angeles,037,10098052,222160,212421,785,213206,5065
2020-08-11,Madera,039,155013,3371,2673,17,2690,22
2020-08-11,Marin,041,260295,5795,5287,11,5298,44
2020-08-11,Mariposa,043,17540,68,60,0,60,2
2020-08-11,Mendocino,045,87422,479,385,0,385,9
2020-08-11,Merced,047,269075,6978,5322,5,5327,65
2020-08-11,Modoc,049,8938,7,5,0,5,0
2020-08-11,Mono,051,14174,161,124,2,126,1
2020-08-11,Monterey,053,433212,6770,5624,19,5643,36
2020-08-11,Napa,055,140530,1320,1143,2,1145,11
2020-08-11,Nevada,057,99092,393,358,13,371,1
2020-08-11,Orange,059,3164182,46968,41205,957,42162,742
2020-08-11,Placer,061,380077,2682,2393,4,2397,24
2020-08-11,Plumas,063,18699,38,31,0,31,0
2020-08-11,Riverside,065,2383286,49304,44237,48,44285,836
2020-08-11,Sacramento,067,1510023,15341,12298,14,12312,182
2020-08-11,San Benito,069,59416,845,750,0,750,2
2020-08-11,San Bernardino,071,2135413,44787,38467,217,38684,584
2020-08-11,San Diego,073,3302833,35448,33159,120,33279,602
2020-08-11,San Francisco,075,870044,8401,6988,9,6997,66
2020-08-11,San Joaquin,077,732212,16533,13997,21,14018,251
2020-08-11,San Luis Obispo,079,281455,2600,2234,15,2249,15
2020-08-11,San Mateo,081,765935,7488,6339,6,6345,117
2020-08-11,Santa Barbara,083,443738,8078,6942,66,7008,70
2020-08-11,Santa Clara,085,1922200,15605,12920,32,12952,183
2020-08-11,Santa Cruz,087,273765,1552,1352,11,1363,4
2020-08-11,Shasta,089,179085,555,416,3,419,9
2020-08-11,Sierra,091,2930,5,4,0,4,0
2020-08-11,Siskiyou,093,43540,116,90,0,90,0
2020-08-11,Solano,095,438530,4857,4206,31,4237,31
2020-08-11,Sonoma,097,501317,4701,3752,13,3765,45
2020-08-11,Stanislaus,099,539301,13547,11592,149,11741,128
2020-08-11,Sutter,101,95872,1093,964,1,965,7
2020-08-11,Tehama,103,63373,334,289,2,291,1
2020-08-11,Trinity,105,12862,34,5,6,11,0
2020-08-11,Tulare,107,460477,12968,11392,40,11432,201
2020-08-11,Tuolumne,109,53932,163,146,3,149,1
2020-08-11,Ventura,111,848112,9975,8953,49,9002,88
2020-08-11,Yolo,113,214977,2140,1912,4,1916,44
2020-08-11,Yuba,115,75493,665,540,1,541,1
2020-08-10,Alameda,001,1643700,15758,13420,114,13534,203
2020-08-10,Alpine,003,1148,2,2,0,2,0
2020-08-10,Amador,005,37829,248,172,0,172,2
2020-08-10,Butte,007,227075,1455,1174,15,1189,15
2020-08-10,Calaveras,009,45235,171,121,0,121,1
2020-08-10,Colusa,011,21464,414,387,0,387,4
2020-08-10,Contra Costa,013,1133247,12233,9454,34,9488,130
2020-08-10,Del Norte,015,27424,98,69,0,69,0
2020-08-10,El Dorado,017,186661,892,771,0,771,2
2020-08-10,Fresno,019,978130,24335,17978,238,18216,183
2020-08-10,Glenn,021,27897,408,381,0,381,1
2020-08-10,Humboldt,023,135768,313,277,1,278,4
2020-08-10,Imperial,025,180216,10742,8465,6,8471,165
2020-08-10,Inyo,027,18085,122,97,2,99,1
2020-08-10,Kern,029,883053,27310,24499,156,24655,215
2020-08-10,Kings,031,150075,5332,4588,31,4619,50
2020-08-10,Lake,033,64148,273,239,0,239,2
2020-08-10,Lassen,035,31185,702,588,2,590,0
2020-08-10,Los Angeles,037,10098052,220590,211035,767,211802,5003
2020-08-10,Madera,039,155013,3338,2365,16,2381,22
2020-08-10,Marin,041,260295,5750,5242,10,5252,44
2020-08-10,Mariposa,043,17540,68,57,0,57,2
2020-08-10,Mendocino,045,87422,455,364,0,364,1
2020-08-10,Merced,047,269075,6897,4913,5,4918,51
2020-08-10,Modoc,049,8938,7,5,0,5,0
2020-08-10,Mono,051,14174,161,123,2,125,1
2020-08-10,Monterey,053,433212,6660,5358,19,5377,34
2020-08-10,Napa,055,140530,1302,1084,2,1086,8
2020-08-10,Nevada,057,99092,385,356,13,369,1
2020-08-10,Orange,059,3164182,46698,40445,939,41384,721
2020-08-10,Placer,061,380077,2643,2298,4,2302,21
2020-08-10,Plumas,063,18699,38,27,0,27,0
2020-08-10,Riverside,065,2383286,48919,43296,47,43343,830
2020-08-10,Sacramento,067,1510023,15030,12059,14,12073,168
2020-08-10,San Benito,069,59416,832,743,0,743,2
2020-08-10,San Bernardino,071,2135413,44410,37367,208,37575,579
2020-08-10,San Diego,073,3302833,35182,32977,104,33081,594
2020-08-10,San Francisco,075,870044,8311,6816,8,6824,66
2020-08-10,San Joaquin,077,732212,16351,13308,21,13329,240
2020-08-10,San Luis Obispo,079,281455,2501,2208,14,2222,15
2020-08-10,San Mateo,081,765935,7411,6222,6,6228,117
2020-08-10,Santa Barbara,083,443738,8023,6869,66,6935,66
2020-08-10,Santa Clara,085,1922200,15345,12615,31,12646,182
2020-08-10,Santa Cruz,087,273765,1532,1239,10,1249,4
2020-08-10,Shasta,089,179085,551,384,3,387,9
2020-08-10,Sierra,091,2930,5,3,0,3,0
2020-08-10,Siskiyou,093,43540,113,88,0,88,0
2020-08-10,Solano,095,438530,4797,4101,31,4132,31
2020-08-10,Sonoma,097,501317,4532,3640,9,3649,42
2020-08-10,Stanislaus,099,539301,13365,10855,132,10987,106
2020-08-10,Sutter,101,95872,1068,865,1,866,7
2020-08-10,Tehama,103,63373,327,282,2,284,1
2020-08-10,Trinity,105,12862,31,5,6,11,0
2020-08-10,Tulare,107,460477,12795,10750,38,10788,194
2020-08-10,Tuolumne,109,53932,163,143,2,145,1
2020-08-10,Ventura,111,848112,9891,8851,48,8899,85
2020-08-10,Yolo,113,214977,2117,1840,4,1844,45
2020-08-10,Yuba,115,75493,648,527,1,528,1
2020-08-09,Alameda,001,1643700,15478,13241,112,13353,203
2020-08-09,Alpine,003,1148,2,2,0,2,0
2020-08-09,Amador,005,37829,243,153,0,153,2
2020-08-09,Butte,007,227075,1411,1155,15,1170,15
2020-08-09,Calaveras,009,45235,166,122,0,122,1
2020-08-09,Colusa,011,21464,410,371,0,371,4
2020-08-09,Contra Costa,013,1133247,12005,9214,33,9247,130
2020-08-09,Del Norte,015,27424,98,69,0,69,0
2020-08-09,El Dorado,017,186661,884,748,0,748,2
2020-08-09,Fresno,019,978130,24026,17846,234,18080,183
2020-08-09,Glenn,021,27897,406,354,0,354,1
2020-08-09,Humboldt,023,135768,307,279,1,280,4
2020-08-09,Imperial,025,180216,10699,8310,5,8315,165
2020-08-09,Inyo,027,18085,117,86,1,87,1
2020-08-09,Kern,029,883053,27054,23680,156,23836,215
2020-08-09,Kings,031,150075,5289,4446,30,4476,50
2020-08-09,Lake,033,64148,266,225,0,225,2
2020-08-09,Lassen,035,31185,696,589,2,591,0
2020-08-09,Los Angeles,037,10098052,218533,208810,745,209555,4984
2020-08-09,Madera,039,155013,3279,2322,12,2334,22
2020-08-09,Marin,041,260295,5707,5204,10,5214,44
2020-08-09,Mariposa,043,17540,66,56,0,56,2
2020-08-09,Mendocino,045,87422,445,283,0,283,1
2020-08-09,Merced,047,269075,6799,4735,4,4739,51
2020-08-09,Modoc,049,8938,7,4,0,4,0
2020-08-09,Mono,051,14174,160,113,2,115,1
2020-08-09,Monterey,053,433212,6536,5199,19,5218,34
2020-08-09,Napa,055,140530,1283,1062,2,1064,8
2020-08-09,Nevada,057,99092,377,332,13,345,1
2020-08-09,Orange,059,3164182,46399,39244,924,40168,722
2020-08-09,Placer,061,380077,2614,2211,4,2215,20
2020-08-09,Plumas,063,18699,38,27,0,27,0
2020-08-09,Riverside,065,2383286,48573,41894,47,41941,828
2020-08-09,Sacramento,067,1510023,14750,11301,14,11315,167
2020-08-09,San Benito,069,59416,813,687,0,687,2
2020-08-09,San Bernardino,071,2135413,43935,36092,208,36300,579
2020-08-09,San Diego,073,3302833,34891,32749,93,32842,594
2020-08-09,San Francisco,075,870044,8196,6820,8,6828,66
2020-08-09,San Joaquin,077,732212,16146,12933,20,12953,240
2020-08-09,San Luis Obispo,079,281455,2465,2124,14,2138,15
2020-08-09,San Mateo,081,765935,7316,6094,6,6100,117
2020-08-09,Santa Barbara,083,443738,7936,6669,66,6735,66
2020-08-09,Santa Clara,085,1922200,15075,11878,31,11909,181
2020-08-09,Santa Cruz,087,273765,1508,1246,10,1256,4
2020-08-09,Shasta,089,179085,547,361,3,364,9
2020-08-09,Sierra,091,2930,5,3,0,3,0
2020-08-09,Siskiyou,093,43540,112,74,0,74,0
2020-08-09,Solano,095,438530,4744,3954,30,3984,31
2020-08-09,Sonoma,097,501317,4396,3531,7,3538,41
2020-08-09,Stanislaus,099,539301,13157,10264,119,10383,106
2020-08-09,Sutter,101,95872,1034,857,1,858,7
2020-08-09,Tehama,103,63373,319,265,2,267,1
2020-08-09,Trinity,105,12862,31,5,6,11,0
2020-08-09,Tulare,107,460477,12603,10630,35,10665,194
2020-08-09,Tuolumne,109,53932,160,143,2,145,1
2020-08-09,Ventura,111,848112,9743,8633,47,8680,85
2020-08-09,Yolo,113,214977,2086,1765,4,1769,44
2020-08-09,Yuba,115,75493,628,442,1,443,1
2020-08-08,Alameda,001,1643700,15368,13087,112,13199,204
2020-08-08,Alpine,003,1148,2,2,0,2,0
2020-08-08,Amador,005,37829,243,139,0,139,2
2020-08-08,Butte,007,227075,1393,1140,15,1155,15
2020-08-08,Calaveras,009,45235,165,122,0,122,1
2020-08-08,Colusa,011,21464,409,368,0,368,4
2020-08-08,Contra Costa,013,1133247,11896,9104,33,9137,129
2020-08-08,Del Norte,015,27424,97,69,0,69,0
2020-08-08,El Dorado,017,186661,877,734,0,734,2
2020-08-08,Fresno,019,978130,23889,17538,232,17770,183
2020-08-08,Glenn,021,27897,406,344,0,344,1
2020-08-08,Humboldt,023,135768,304,277,1,278,4
2020-08-08,Imperial,025,180216,10684,8213,5,8218,165
2020-08-08,Inyo,027,18085,113,86,1,87,1
2020-08-08,Kern,029,883053,26940,22803,156,22959,215
2020-08-08,Kings,031,150075,5275,4367,30,4397,49
2020-08-08,Lake,033,64148,264,221,0,221,2
2020-08-08,Lassen,035,31185,696,589,2,591,0
2020-08-08,Los Angeles,037,10098052,217647,206971,734,207705,4974
2020-08-08,Madera,039,155013,3248,2275,12,2287,22
2020-08-08,Marin,041,260295,5687,5118,10,5128,44
2020-08-08,Mariposa,043,17540,65,55,0,55,2
2020-08-08,Mendocino,045,87422,443,264,0,264,1
2020-08-08,Merced,047,269075,6759,4570,4,4574,51
2020-08-08,Modoc,049,8938,7,4,0,4,0
2020-08-08,Mono,051,14174,160,113,2,115,1
2020-08-08,Monterey,053,433212,6478,5101,19,5120,33
2020-08-08,Napa,055,140530,1275,1062,2,1064,8
2020-08-08,Nevada,057,99092,375,325,13,338,1
2020-08-08,Orange,059,3164182,46269,38688,915,39603,718
2020-08-08,Placer,061,380077,2597,2153,4,2157,20
2020-08-08,Plumas,063,18699,38,27,0,27,0
2020-08-08,Riverside,065,2383286,48369,41412,47,41459,823
2020-08-08,Sacramento,067,1510023,14621,11144,14,11158,166
2020-08-08,San Benito,069,59416,805,684,0,684,2
2020-08-08,San Bernardino,071,2135413,43739,35691,207,35898,531
2020-08-08,San Diego,073,3302833,34702,32332,84,32416,593
2020-08-08,San Francisco,075,870044,8130,6820,8,6828,66
2020-08-08,San Joaquin,077,732212,16065,12559,19,12578,240
2020-08-08,San Luis Obispo,079,281455,2442,2081,14,2095,15
2020-08-08,San Mateo,081,765935,7258,6021,6,6027,117
2020-08-08,Santa Barbara,083,443738,7898,6598,66,6664,66
2020-08-08,Santa Clara,085,1922200,14923,11615,31,11646,181
2020-08-08,Santa Cruz,087,273765,1494,1247,10,1257,4
2020-08-08,Shasta,089,179085,545,343,3,346,9
2020-08-08,Sierra,091,2930,5,3,0,3,0
2020-08-08,Siskiyou,093,43540,112,73,0,73,0
2020-08-08,Solano,095,438530,4723,3889,29,3918,31
2020-08-08,Sonoma,097,501317,4364,3399,7,3406,41
2020-08-08,Stanislaus,099,539301,13082,9963,113,10076,105
2020-08-08,Sutter,101,95872,1024,830,1,831,7
2020-08-08,Tehama,103,63373,318,251,2,253,1
2020-08-08,Trinity,105,12862,31,5,6,11,0
2020-08-08,Tulare,107,460477,12527,10505,35,10540,192
2020-08-08,Tuolumne,109,53932,160,143,2,145,1
2020-08-08,Ventura,111,848112,9688,8462,46,8508,85
2020-08-08,Yolo,113,214977,2073,1725,4,1729,44
2020-08-08,Yuba,115,75493,619,430,1,431,1
2020-08-07,Alameda,001,1643700,15258,12805,112,12917,204
2020-08-07,Alpine,003,1148,2,2,0,2,0
2020-08-07,Amador,005,37829,241,125,0,125,2
2020-08-07,Butte,007,227075,1375,1092,15,1107,13
2020-08-07,Calaveras,009,45235,165,119,0,119,1
2020-08-07,Colusa,011,21464,408,358,0,358,4
2020-08-07,Contra Costa,013,1133247,11747,8810,33,8843,126
2020-08-07,Del Norte,015,27424,97,69,0,69,0
2020-08-07,El Dorado,017,186661,872,724,0,724,2
2020-08-07,Fresno,019,978130,23729,17290,232,17522,171
2020-08-07,Glenn,021,27897,405,339,0,339,1
2020-08-07,Humboldt,023,135768,300,274,1,275,4
2020-08-07,Imperial,025,180216,10659,8085,5,8090,164
2020-08-07,Inyo,027,18085,112,81,1,82,1
2020-08-07,Kern,029,883053,26814,22143,153,22296,206
2020-08-07,Kings,031,150075,5258,4315,30,4345,48
2020-08-07,Lake,033,64148,262,215,0,215,1
2020-08-07,Lassen,035,31185,695,588,2,590,0
2020-08-07,Los Angeles,037,10098052,216195,204406,722,205128,4924
2020-08-07,Madera,039,155013,3216,2245,12,2257,20
2020-08-07,Marin,041,260295,5658,5094,10,5104,43
2020-08-07,Mariposa,043,17540,65,53,0,53,2
2020-08-07,Mendocino,045,87422,429,262,0,262,1
2020-08-07,Merced,047,269075,6716,4358,4,4362,30
2020-08-07,Modoc,049,8938,7,4,0,4,0
2020-08-07,Mono,051,14174,160,112,2,114,1
2020-08-07,Monterey,053,433212,6403,5041,19,5060,33
2020-08-07,Napa,055,140530,1270,1055,2,1057,8
2020-08-07,Nevada,057,99092,372,324,13,337,1
2020-08-07,Orange,059,3164182,46057,38459,898,39357,701
2020-08-07,Placer,061,380077,2580,2078,4,2082,20
2020-08-07,Plumas,063,18699,38,25,0,25,0
2020-08-07,Riverside,065,2383286,48106,40902,46,40948,810
2020-08-07,Sacramento,067,1510023,14475,10798,14,10812,160
2020-08-07,San Benito,069,59416,799,647,0,647,2
2020-08-07,San Bernardino,071,2135413,43492,35200,206,35406,524
2020-08-07,San Diego,073,3302833,34517,31781,81,31862,586
2020-08-07,San Francisco,075,870044,8052,6765,8,6773,66
2020-08-07,San Joaquin,077,732212,15980,12392,19,12411,223
2020-08-07,San Luis Obispo,079,281455,2411,2050,14,2064,14
2020-08-07,San Mateo,081,765935,7199,5948,6,5954,117
2020-08-07,Santa Barbara,083,443738,7847,6509,66,6575,66
2020-08-07,Santa Clara,085,1922200,14724,11409,31,11440,180
2020-08-07,Santa Cruz,087,273765,1476,1234,10,1244,5
2020-08-07,Shasta,089,179085,540,342,3,345,9
2020-08-07,Sierra,091,2930,5,3,0,3,0
2020-08-07,Siskiyou,093,43540,109,73,0,73,0
2020-08-07,Solano,095,438530,4691,3844,28,3872,31
2020-08-07,Sonoma,097,501317,4300,3329,7,3336,34
2020-08-07,Stanislaus,099,539301,12960,9665,103,9768,98
2020-08-07,Sutter,101,95872,1020,807,1,808,6
2020-08-07,Tehama,103,63373,314,246,2,248,1
2020-08-07,Trinity,105,12862,30,5,6,11,0
2020-08-07,Tulare,107,460477,12450,10292,35,10327,195
2020-08-07,Tuolumne,109,53932,159,136,2,138,1
2020-08-07,Ventura,111,848112,9628,8356,44,8400,84
2020-08-07,Yolo,113,214977,2046,1689,4,1693,37
2020-08-07,Yuba,115,75493,614,413,1,414,1
2020-08-06,Alameda,001,1643700,15036,12474,111,12585,200
2020-08-06,Alpine,003,1148,2,2,0,2,0
2020-08-06,Amador,005,37829,227,125,0,125,0
2020-08-06,Butte,007,227075,1356,1060,15,1075,13
2020-08-06,Calaveras,009,45235,163,117,0,117,1
2020-08-06,Colusa,011,21464,405,358,0,358,3
2020-08-06,Contra Costa,013,1133247,11553,8583,32,8615,124
2020-08-06,Del Norte,015,27424,97,69,0,69,0
2020-08-06,El Dorado,017,186661,861,703,0,703,1
2020-08-06,Fresno,019,978130,23431,17031,225,17256,161
2020-08-06,Glenn,021,27897,400,332,0,332,1
2020-08-06,Humboldt,023,135768,295,266,1,267,4
2020-08-06,Imperial,025,180216,10616,8064,5,8069,163
2020-08-06,Inyo,027,18085,104,83,1,84,1
2020-08-06,Kern,029,883053,26578,21843,152,21995,197
2020-08-06,Kings,031,150075,5196,4264,29,4293,47
2020-08-06,Lake,033,64148,259,209,0,209,1
2020-08-06,Lassen,035,31185,693,588,2,590,0
2020-08-06,Los Angeles,037,10098052,214128,201372,706,202078,4874
2020-08-06,Madera,039,155013,3168,2240,11,2251,19
2020-08-06,Marin,041,260295,5626,5058,10,5068,43
2020-08-06,Mariposa,043,17540,64,52,0,52,2
2020-08-06,Mendocino,045,87422,415,260,0,260,1
2020-08-06,Merced,047,269075,6615,4235,4,4239,30
2020-08-06,Modoc,049,8938,7,4,0,4,0
2020-08-06,Mono,051,14174,159,111,2,113,1
2020-08-06,Monterey,053,433212,6294,5001,18,5019,33
2020-08-06,Napa,055,140530,1256,1032,2,1034,8
2020-08-06,Nevada,057,99092,367,321,13,334,1
2020-08-06,Orange,059,3164182,45764,38399,893,39292,694
2020-08-06,Placer,061,380077,2554,2045,4,2049,20
2020-08-06,Plumas,063,18699,37,25,0,25,0
2020-08-06,Riverside,065,2383286,47711,40269,46,40315,781
2020-08-06,Sacramento,067,1510023,14246,10548,14,10562,153
2020-08-06,San Benito,069,59416,791,626,0,626,2
2020-08-06,San Bernardino,071,2135413,43088,34819,204,35023,516
2020-08-06,San Diego,073,3302833,34250,31129,74,31203,583
2020-08-06,San Francisco,075,870044,7959,6737,7,6744,60
2020-08-06,San Joaquin,077,732212,15821,12269,19,12288,203
2020-08-06,San Luis Obispo,079,281455,2387,2000,13,2013,13
2020-08-06,San Mateo,081,765935,7099,5885,6,5891,117
2020-08-06,Santa Barbara,083,443738,7787,6620,66,6686,65
2020-08-06,Santa Clara,085,1922200,14495,11280,31,11311,178
2020-08-06,Santa Cruz,087,273765,1455,1215,10,1225,4
2020-08-06,Shasta,089,179085,531,343,3,346,9
2020-08-06,Sierra,091,2930,5,3,0,3,0
2020-08-06,Siskiyou,093,43540,109,73,0,73,0
2020-08-06,Solano,095,438530,4648,3784,28,3812,29
2020-08-06,Sonoma,097,501317,4236,3259,7,3266,33
2020-08-06,Stanislaus,099,539301,12810,9566,87,9653,98
2020-08-06,Sutter,101,95872,989,797,1,798,6
2020-08-06,Tehama,103,63373,311,242,2,244,1
2020-08-06,Trinity,105,12862,27,5,6,11,0
2020-08-06,Tulare,107,460477,12291,10169,35,10204,195
2020-08-06,Tuolumne,109,53932,158,136,2,138,1
2020-08-06,Ventura,111,848112,9513,8245,41,8286,80
2020-08-06,Yolo,113,214977,2022,1662,4,1666,36
2020-08-06,Yuba,115,75493,605,407,0,407,1
2020-08-05,Alameda,001,1643700,14822,12140,111,12251,193
2020-08-05,Alpine,003,1148,2,2,0,2,0
2020-08-05,Amador,005,37829,217,123,0,123,0
2020-08-05,Butte,007,227075,1322,1038,14,1052,13
2020-08-05,Calaveras,009,45235,160,116,0,116,1
2020-08-05,Colusa,011,21464,401,354,0,354,3
2020-08-05,Contra Costa,013,1133247,11389,8362,32,8394,122
2020-08-05,Del Norte,015,27424,96,69,0,69,0
2020-08-05,El Dorado,017,186661,853,692,0,692,1
2020-08-05,Fresno,019,978130,23186,16625,220,16845,159
2020-08-05,Glenn,021,27897,397,330,0,330,1
2020-08-05,Humboldt,023,135768,293,249,1,250,4
2020-08-05,Imperial,025,180216,10581,8036,5,8041,163
2020-08-05,Inyo,027,18085,102,62,1,63,1
2020-08-05,Kern,029,883053,26390,21540,147,21687,194
2020-08-05,Kings,031,150075,5151,4192,27,4219,47
2020-08-05,Lake,033,64148,252,209,0,209,1
2020-08-05,Lassen,035,31185,646,557,2,559,0
2020-08-05,Los Angeles,037,10098052,212215,198355,686,199041,4832
2020-08-05,Madera,039,155013,3126,2172,11,2183,19
2020-08-05,Marin,041,260295,5594,5036,10,5046,43
2020-08-05,Mariposa,043,17540,64,52,0,52,2
2020-08-05,Mendocino,045,87422,403,248,0,248,1
2020-08-05,Merced,047,269075,6480,4119,4,4123,30
2020-08-05,Modoc,049,8938,7,3,0,3,0
2020-08-05,Mono,051,14174,159,104,2,106,1
2020-08-05,Monterey,053,433212,6179,4936,18,4954,32
2020-08-05,Napa,055,140530,1244,1020,2,1022,8
2020-08-05,Nevada,057,99092,358,327,13,340,2
2020-08-05,Orange,059,3164182,45455,37907,885,38792,663
2020-08-05,Placer,061,380077,2513,1989,4,1993,18
2020-08-05,Plumas,063,18699,36,25,0,25,0
2020-08-05,Riverside,065,2383286,47319,39454,44,39498,761
2020-08-05,Sacramento,067,1510023,14027,10261,13,10274,151
2020-08-05,San Benito,069,59416,782,613,0,613,2
2020-08-05,San Bernardino,071,2135413,42626,34442,199,34641,504
2020-08-05,San Diego,073,3302833,34026,30866,58,30924,578
2020-08-05,San Francisco,075,870044,7866,6701,7,6708,60
2020-08-05,San Joaquin,077,732212,15658,12148,19,12167,199
2020-08-05,San Luis Obispo,079,281455,2364,1928,13,1941,13
2020-08-05,San Mateo,081,765935,7003,5695,6,5701,116
2020-08-05,Santa Barbara,083,443738,7726,6597,66,6663,63
2020-08-05,Santa Clara,085,1922200,14261,11074,31,11105,176
2020-08-05,Santa Cruz,087,273765,1435,1192,8,1200,4
2020-08-05,Shasta,089,179085,525,338,3,341,9
2020-08-05,Sierra,091,2930,5,3,0,3,0
2020-08-05,Siskiyou,093,43540,105,72,0,72,0
2020-08-05,Solano,095,438530,4597,3750,27,3777,29
2020-08-05,Sonoma,097,501317,4154,3173,7,3180,33
2020-08-05,Stanislaus,099,539301,12651,9408,82,9490,97
2020-08-05,Sutter,101,95872,978,780,1,781,6
2020-08-05,Tehama,103,63373,308,231,2,233,1
2020-08-05,Trinity,105,12862,27,5,6,11,0
2020-08-05,Tulare,107,460477,12151,9924,35,9959,192
2020-08-05,Tuolumne,109,53932,158,137,2,139,0
2020-08-05,Ventura,111,848112,9397,8162,37,8199,75
2020-08-05,Yolo,113,214977,1994,1634,4,1638,36
2020-08-05,Yuba,115,75493,588,400,0,400,1
2020-08-04,Alameda,001,1643700,14605,11983,110,12093,192
2020-08-04,Alpine,003,1148,2,2,0,2,0
2020-08-04,Amador,005,37829,202,123,0,123,0
2020-08-04,Butte,007,227075,1298,1011,14,1025,10
2020-08-04,Calaveras,009,45235,156,116,0,116,1
2020-08-04,Colusa,011,21464,396,354,0,354,3
2020-08-04,Contra Costa,013,1133247,11221,8210,32,8242,122
2020-08-04,Del Norte,015,27424,94,69,0,69,0
2020-08-04,El Dorado,017,186661,843,668,0,668,1
2020-08-04,Fresno,019,978130,22902,16272,212,16484,154
2020-08-04,Glenn,021,27897,396,325,0,325,1
2020-08-04,Humboldt,023,135768,283,241,1,242,4
2020-08-04,Imperial,025,180216,10544,7974,5,7979,163
2020-08-04,Inyo,027,18085,88,59,1,60,1
2020-08-04,Kern,029,883053,26106,21403,147,21550,190
2020-08-04,Kings,031,150075,5086,4163,27,4190,47
2020-08-04,Lake,033,64148,252,206,0,206,1
2020-08-04,Lassen,035,31185,643,556,2,558,0
2020-08-04,Los Angeles,037,10098052,210290,196014,655,196669,4764
2020-08-04,Madera,039,155013,3082,2161,7,2168,19
2020-08-04,Marin,041,260295,5563,5020,9,5029,43
2020-08-04,Mariposa,043,17540,64,51,0,51,2
2020-08-04,Mendocino,045,87422,378,248,0,248,1
2020-08-04,Merced,047,269075,6366,4085,4,4089,30
2020-08-04,Modoc,049,8938,7,3,0,3,0
2020-08-04,Mono,051,14174,158,104,1,105,1
2020-08-04,Monterey,053,433212,6065,4892,18,4910,32
2020-08-04,Napa,055,140530,1231,994,0,994,8
2020-08-04,Nevada,057,99092,357,322,13,335,2
2020-08-04,Orange,059,3164182,45079,37844,879,38723,659
2020-08-04,Placer,061,380077,2476,1964,4,1968,17
2020-08-04,Plumas,063,18699,36,25,0,25,0
2020-08-04,Riverside,065,2383286,46934,38991,43,39034,743
2020-08-04,Sacramento,067,1510023,13809,10205,13,10218,146
2020-08-04,San Benito,069,59416,766,608,0,608,2
2020-08-04,San Bernardino,071,2135413,42077,34215,194,34409,495
2020-08-04,San Diego,073,3302833,33733,30518,46,30564,568
2020-08-04,San Francisco,075,870044,7778,6568,7,6575,60
2020-08-04,San Joaquin,077,732212,15529,12087,16,12103,189
2020-08-04,San Luis Obispo,079,281455,2334,1886,13,1899,13
2020-08-04,San Mateo,081,765935,6897,5690,6,5696,116
2020-08-04,Santa Barbara,083,443738,7666,6591,66,6657,61
2020-08-04,Santa Clara,085,1922200,13960,10986,30,11016,175
2020-08-04,Santa Cruz,087,273765,1416,1202,8,1210,4
2020-08-04,Shasta,089,179085,519,335,3,338,9
2020-08-04,Sierra,091,2930,5,1,0,1,0
2020-08-04,Siskiyou,093,43540,103,71,0,71,0
2020-08-04,Solano,095,438530,4526,3690,27,3717,29
2020-08-04,Sonoma,097,501317,4087,3108,7,3115,33
2020-08-04,Stanislaus,099,539301,12483,9359,74,9433,97
2020-08-04,Sutter,101,95872,964,761,1,762,6
2020-08-04,Tehama,103,63373,301,226,2,228,1
2020-08-04,Trinity,105,12862,27,5,6,11,0
2020-08-04,Tulare,107,460477,11971,9866,35,9901,192
2020-08-04,Tuolumne,109,53932,157,127,2,129,0
2020-08-04,Ventura,111,848112,9283,8134,35,8169,75
2020-08-04,Yolo,113,214977,1968,1626,4,1630,37
2020-08-04,Yuba,115,75493,573,398,0,398,1
2020-08-03,Alameda,001,1643700,14421,11817,106,11923,189
2020-08-03,Alpine,003,1148,2,2,0,2,0
2020-08-03,Amador,005,37829,198,119,0,119,0
2020-08-03,Butte,007,227075,1252,989,13,1002,9
2020-08-03,Calaveras,009,45235,153,117,0,117,1
2020-08-03,Colusa,011,21464,392,336,0,336,2
2020-08-03,Contra Costa,013,1133247,11024,8069,29,8098,120
2020-08-03,Del Norte,015,27424,90,68,0,68,0
2020-08-03,El Dorado,017,186661,832,645,0,645,1
2020-08-03,Fresno,019,978130,22608,15945,206,16151,151
2020-08-03,Glenn,021,27897,389,316,0,316,1
2020-08-03,Humboldt,023,135768,276,234,1,235,4
2020-08-03,Imperial,025,180216,10490,7953,5,7958,161
2020-08-03,Inyo,027,18085,85,57,1,58,1
2020-08-03,Kern,029,883053,25739,21285,140,21425,176
2020-08-03,Kings,031,150075,4974,4107,26,4133,47
2020-08-03,Lake,033,64148,245,201,0,201,1
2020-08-03,Lassen,035,31185,643,555,2,557,0
2020-08-03,Los Angeles,037,10098052,208263,194103,624,194727,4706
2020-08-03,Madera,039,155013,3033,2143,6,2149,18
2020-08-03,Marin,041,260295,5516,5001,9,5010,43
2020-08-03,Mariposa,043,17540,63,52,0,52,2
2020-08-03,Mendocino,045,87422,355,248,0,248,1
2020-08-03,Merced,047,269075,6244,4028,4,4032,29
2020-08-03,Modoc,049,8938,7,2,0,2,0
2020-08-03,Mono,051,14174,158,104,1,105,1
2020-08-03,Monterey,053,433212,5914,4806,15,4821,28
2020-08-03,Napa,055,140530,1216,973,0,973,8
2020-08-03,Nevada,057,99092,352,315,13,328,2
2020-08-03,Orange,059,3164182,44685,37705,869,38574,651
2020-08-03,Placer,061,380077,2421,1947,3,1950,16
2020-08-03,Plumas,063,18699,36,25,0,25,0
2020-08-03,Riverside,065,2383286,46466,38642,43,38685,740
2020-08-03,Sacramento,067,1510023,13614,10143,13,10156,142
2020-08-03,San Benito,069,59416,754,603,0,603,2
2020-08-03,San Bernardino,071,2135413,41550,33979,188,34167,444
2020-08-03,San Diego,073,3302833,33419,30228,36,30264,565
2020-08-03,San Francisco,075,870044,7684,6319,7,6326,60
2020-08-03,San Joaquin,077,732212,15332,12007,15,12022,189
2020-08-03,San Luis Obispo,079,281455,2292,1863,10,1873,14
2020-08-03,San Mateo,081,765935,6816,5661,6,5667,115
2020-08-03,Santa Barbara,083,443738,7621,6580,66,6646,59
2020-08-03,Santa Clara,085,1922200,13684,10747,30,10777,172
2020-08-03,Santa Cruz,087,273765,1396,1154,8,1162,4
2020-08-03,Shasta,089,179085,512,322,3,325,9
2020-08-03,Sierra,091,2930,5,1,0,1,0
2020-08-03,Siskiyou,093,43540,99,67,0,67,0
2020-08-03,Solano,095,438530,4457,3610,26,3636,29
2020-08-03,Sonoma,097,501317,3987,3079,6,3085,33
2020-08-03,Stanislaus,099,539301,12274,9308,66,9374,96
2020-08-03,Sutter,101,95872,940,713,1,714,6
2020-08-03,Tehama,103,63373,293,225,2,227,1
2020-08-03,Trinity,105,12862,27,5,6,11,0
2020-08-03,Tulare,107,460477,11787,9703,35,9738,188
2020-08-03,Tuolumne,109,53932,157,123,2,125,0
2020-08-03,Ventura,111,848112,9192,8084,32,8116,74
2020-08-03,Yolo,113,214977,1933,1598,3,1601,37
2020-08-03,Yuba,115,75493,549,393,0,393,1
2020-08-02,Alameda,001,1643700,14174,11696,94,11790,188
2020-08-02,Alpine,003,1148,2,2,0,2,0
2020-08-02,Amador,005,37829,193,117,0,117,0
2020-08-02,Butte,007,227075,1217,987,13,1000,9
2020-08-02,Calaveras,009,45235,150,116,0,116,1
2020-08-02,Colusa,011,21464,387,335,0,335,2
2020-08-02,Contra Costa,013,1133247,10785,7995,29,8024,118
2020-08-02,Del Norte,015,27424,89,68,0,68,0
2020-08-02,El Dorado,017,186661,822,643,0,643,1
2020-08-02,Fresno,019,978130,22333,15759,200,15959,151
2020-08-02,Glenn,021,27897,388,315,0,315,1
2020-08-02,Humboldt,023,135768,271,232,1,233,4
2020-08-02,Imperial,025,180216,10427,7919,5,7924,157
2020-08-02,Inyo,027,18085,84,45,1,46,1
2020-08-02,Kern,029,883053,25441,21162,138,21300,176
2020-08-02,Kings,031,150075,4912,3964,25,3989,47
2020-08-02,Lake,033,64148,240,201,0,201,1
2020-08-02,Lassen,035,31185,643,555,2,557,0
2020-08-02,Los Angeles,037,10098052,206183,192480,606,193086,4698
2020-08-02,Madera,039,155013,2967,2123,4,2127,18
2020-08-02,Marin,041,260295,5481,4985,9,4994,43
2020-08-02,Mariposa,043,17540,61,52,0,52,2
2020-08-02,Mendocino,045,87422,345,247,0,247,1
2020-08-02,Merced,047,269075,6103,4011,4,4015,29
2020-08-02,Modoc,049,8938,7,2,0,2,0
2020-08-02,Mono,051,14174,151,104,1,105,1
2020-08-02,Monterey,053,433212,5788,4698,15,4713,28
2020-08-02,Napa,055,140530,1201,956,0,956,8
2020-08-02,Nevada,057,99092,349,314,13,327,2
2020-08-02,Orange,059,3164182,44304,37266,858,38124,651
2020-08-02,Placer,061,380077,2382,1920,3,1923,15
2020-08-02,Plumas,063,18699,36,25,0,25,0
2020-08-02,Riverside,065,2383286,46033,38507,42,38549,735
2020-08-02,Sacramento,067,1510023,13335,10099,13,10112,142
2020-08-02,San Benito,069,59416,740,599,0,599,2
2020-08-02,San Bernardino,071,2135413,40949,33643,184,33827,443
2020-08-02,San Diego,073,3302833,33079,29885,27,29912,565
2020-08-02,San Francisco,075,870044,7566,6297,7,6304,60
2020-08-02,San Joaquin,077,732212,15046,11937,13,11950,189
2020-08-02,San Luis Obispo,079,281455,2229,1821,10,1831,14
2020-08-02,San Mateo,081,765935,6701,5618,6,5624,115
2020-08-02,Santa Barbara,083,443738,7530,6532,66,6598,59
2020-08-02,Santa Clara,085,1922200,13466,10577,30,10607,172
2020-08-02,Santa Cruz,087,273765,1376,1162,8,1170,4
2020-08-02,Shasta,089,179085,508,318,3,321,9
2020-08-02,Sierra,091,2930,4,1,0,1,0
2020-08-02,Siskiyou,093,43540,99,65,0,65,0
2020-08-02,Solano,095,438530,4398,3609,26,3635,29
2020-08-02,Sonoma,097,501317,3903,3005,6,3011,33
2020-08-02,Stanislaus,099,539301,12059,9277,61,9338,96
2020-08-02,Sutter,101,95872,905,714,1,715,6
2020-08-02,Tehama,103,63373,287,222,2,224,1
2020-08-02,Trinity,105,12862,27,5,6,11,0
2020-08-02,Tulare,107,460477,11578,9593,35,9628,188
2020-08-02,Tuolumne,109,53932,154,123,2,125,0
2020-08-02,Ventura,111,848112,9045,8014,32,8046,73
2020-08-02,Yolo,113,214977,1908,1588,3,1591,37
2020-08-02,Yuba,115,75493,529,393,0,393,1
2020-08-01,Alameda,001,1643700,14062,11590,94,11684,188
2020-08-01,Alpine,003,1148,2,2,0,2,0
2020-08-01,Amador,005,37829,189,109,0,109,0
2020-08-01,Butte,007,227075,1203,976,13,989,9
2020-08-01,Calaveras,009,45235,146,116,0,116,1
2020-08-01,Colusa,011,21464,386,327,0,327,2
2020-08-01,Contra Costa,013,1133247,10652,7867,28,7895,116
2020-08-01,Del Norte,015,27424,89,68,0,68,0
2020-08-01,El Dorado,017,186661,819,637,0,637,1
2020-08-01,Fresno,019,978130,22196,15448,200,15648,149
2020-08-01,Glenn,021,27897,387,311,0,311,1
2020-08-01,Humboldt,023,135768,270,232,1,233,4
2020-08-01,Imperial,025,180216,10391,7919,5,7924,156
2020-08-01,Inyo,027,18085,82,45,1,46,1
2020-08-01,Kern,029,883053,25281,20796,134,20930,176
2020-08-01,Kings,031,150075,4886,3948,25,3973,47
2020-08-01,Lake,033,64148,238,194,0,194,1
2020-08-01,Lassen,035,31185,642,555,2,557,0
2020-08-01,Los Angeles,037,10098052,205290,191023,579,191602,4674
2020-08-01,Madera,039,155013,2928,2103,4,2107,18
2020-08-01,Marin,041,260295,5466,4945,9,4954,43
2020-08-01,Mariposa,043,17540,61,50,0,50,2
2020-08-01,Mendocino,045,87422,338,243,0,243,1
2020-08-01,Merced,047,269075,6055,3972,4,3976,29
2020-08-01,Modoc,049,8938,7,2,0,2,0
2020-08-01,Mono,051,14174,150,104,1,105,1
2020-08-01,Monterey,053,433212,5721,4611,14,4625,28
2020-08-01,Napa,055,140530,1192,923,0,923,8
2020-08-01,Nevada,057,99092,345,305,13,318,2
2020-08-01,Orange,059,3164182,44077,36703,852,37555,648
2020-08-01,Placer,061,380077,2348,1891,3,1894,14
2020-08-01,Plumas,063,18699,35,25,0,25,0
2020-08-01,Riverside,065,2383286,45821,38216,40,38256,704
2020-08-01,Sacramento,067,1510023,13184,10044,13,10057,141
2020-08-01,San Benito,069,59416,729,579,0,579,2
2020-08-01,San Bernardino,071,2135413,40713,32947,183,33130,440
2020-08-01,San Diego,073,3302833,32862,29579,19,29598,565
2020-08-01,San Francisco,075,870044,7504,6296,7,6303,60
2020-08-01,San Joaquin,077,732212,14973,11807,12,11819,189
2020-08-01,San Luis Obispo,079,281455,2202,1798,10,1808,13
2020-08-01,San Mateo,081,765935,6647,5520,6,5526,115
2020-08-01,Santa Barbara,083,443738,7490,6465,66,6531,59
2020-08-01,Santa Clara,085,1922200,13315,10281,29,10310,171
2020-08-01,Santa Cruz,087,273765,1360,1164,8,1172,4
2020-08-01,Shasta,089,179085,503,312,3,315,9
2020-08-01,Sierra,091,2930,3,1,0,1,0
2020-08-01,Siskiyou,093,43540,99,64,0,64,0
2020-08-01,Solano,095,438530,4364,3591,25,3616,29
2020-08-01,Sonoma,097,501317,3857,2890,6,2896,29
2020-08-01,Stanislaus,099,539301,11941,9221,53,9274,96
2020-08-01,Sutter,101,95872,901,714,1,715,6
2020-08-01,Tehama,103,63373,284,220,2,222,1
2020-08-01,Trinity,105,12862,27,5,6,11,0
2020-08-01,Tulare,107,460477,11510,9520,35,9555,188
2020-08-01,Tuolumne,109,53932,154,123,2,125,0
2020-08-01,Ventura,111,848112,8999,7819,32,7851,73
2020-08-01,Yolo,113,214977,1898,1557,3,1560,37
2020-08-01,Yuba,115,75493,524,387,0,387,1
2020-07-31,Alameda,001,1643700,13931,11441,94,11535,187
2020-07-31,Alpine,003,1148,2,2,0,2,0
2020-07-31,Amador,005,37829,188,98,0,98,0
2020-07-31,Butte,007,227075,1180,925,13,938,7
2020-07-31,Calaveras,009,45235,146,112,0,112,1
2020-07-31,Colusa,011,21464,376,319,0,319,2
2020-07-31,Contra Costa,013,1133247,10504,7697,27,7724,113
2020-07-31,Del Norte,015,27424,88,68,0,68,0
2020-07-31,El Dorado,017,186661,808,616,0,616,1
2020-07-31,Fresno,019,978130,21976,15083,200,15283,133
2020-07-31,Glenn,021,27897,380,304,0,304,1
2020-07-31,Humboldt,023,135768,263,229,1,230,4
2020-07-31,Imperial,025,180216,10359,7886,5,7891,155
2020-07-31,Inyo,027,18085,72,45,1,46,1
2020-07-31,Kern,029,883053,25039,20061,130,20191,173
2020-07-31,Kings,031,150075,4858,3807,25,3832,45
2020-07-31,Lake,033,64148,237,191,0,191,1
2020-07-31,Lassen,035,31185,637,544,2,546,0
2020-07-31,Los Angeles,037,10098052,203690,188688,566,189254,4628
2020-07-31,Madera,039,155013,2881,2036,4,2040,19
2020-07-31,Marin,041,260295,5422,4885,6,4891,43
2020-07-31,Mariposa,043,17540,61,49,0,49,2
2020-07-31,Mendocino,045,87422,323,232,0,232,1
2020-07-31,Merced,047,269075,5972,3789,4,3793,30
2020-07-31,Modoc,049,8938,6,0,0,0,0
2020-07-31,Mono,051,14174,149,104,1,105,1
2020-07-31,Monterey,053,433212,5629,4493,14,4507,24
2020-07-31,Napa,055,140530,1180,897,0,897,7
2020-07-31,Nevada,057,99092,343,302,13,315,2
2020-07-31,Orange,059,3164182,43778,36196,837,37033,620
2020-07-31,Placer,061,380077,2323,1853,3,1856,14
2020-07-31,Plumas,063,18699,34,25,0,25,0
2020-07-31,Riverside,065,2383286,45431,37612,39,37651,694
2020-07-31,Sacramento,067,1510023,13006,9872,13,9885,132
2020-07-31,San Benito,069,59416,721,567,0,567,2
2020-07-31,San Bernardino,071,2135413,40383,32332,182,32514,434
2020-07-31,San Diego,073,3302833,32628,29050,11,29061,561
2020-07-31,San Francisco,075,870044,7405,6126,7,6133,60
2020-07-31,San Joaquin,077,732212,14833,11561,12,11573,177
2020-07-31,San Luis Obispo,079,281455,2133,1746,10,1756,12
2020-07-31,San Mateo,081,765935,6575,5416,6,5422,115
2020-07-31,Santa Barbara,083,443738,7423,6375,66,6441,58
2020-07-31,Santa Clara,085,1922200,13094,9863,29,9892,171
2020-07-31,Santa Cruz,087,273765,1337,1118,8,1126,4
2020-07-31,Shasta,089,179085,493,305,3,308,9
2020-07-31,Sierra,091,2930,3,1,0,1,0
2020-07-31,Siskiyou,093,43540,97,61,0,61,0
2020-07-31,Solano,095,438530,4317,3510,24,3534,29
2020-07-31,Sonoma,097,501317,3799,2745,6,2751,27
2020-07-31,Stanislaus,099,539301,11834,9061,48,9109,94
2020-07-31,Sutter,101,95872,896,714,1,715,6
2020-07-31,Tehama,103,63373,281,213,2,215,1
2020-07-31,Trinity,105,12862,27,5,6,11,0
2020-07-31,Tulare,107,460477,11389,9365,35,9400,184
2020-07-31,Tuolumne,109,53932,154,120,2,122,0
2020-07-31,Ventura,111,848112,8924,7521,32,7553,71
2020-07-31,Yolo,113,214977,1872,1522,3,1525,38
2020-07-31,Yuba,115,75493,515,369,0,369,1
2020-07-30,Alameda,001,1643700,13728,11303,54,11357,185
2020-07-30,Alpine,003,1148,2,2,0,2,0
2020-07-30,Amador,005,37829,170,97,0,97,0
2020-07-30,Butte,007,227075,1164,915,13,928,7
2020-07-30,Calaveras,009,45235,142,111,0,111,1
2020-07-30,Colusa,011,21464,373,315,0,315,2
2020-07-30,Contra Costa,013,1133247,10319,7615,26,7641,112
2020-07-30,Del Norte,015,27424,88,68,0,68,0
2020-07-30,El Dorado,017,186661,801,608,0,608,1
2020-07-30,Fresno,019,978130,21640,14793,194,14987,133
2020-07-30,Glenn,021,27897,373,297,0,297,1
2020-07-30,Humboldt,023,135768,261,228,1,229,4
2020-07-30,Imperial,025,180216,10300,7849,5,7854,151
2020-07-30,Inyo,027,18085,68,44,1,45,1
2020-07-30,Kern,029,883053,24746,19552,126,19678,171
2020-07-30,Kings,031,150075,4754,3785,25,3810,43
2020-07-30,Lake,033,64148,231,181,0,181,1
2020-07-30,Lassen,035,31185,634,544,2,546,0
2020-07-30,Los Angeles,037,10098052,201661,186177,535,186712,4564
2020-07-30,Madera,039,155013,2811,2007,4,2011,18
2020-07-30,Marin,041,260295,5380,4835,5,4840,39
2020-07-30,Mariposa,043,17540,61,49,0,49,1
2020-07-30,Mendocino,045,87422,316,232,0,232,1
2020-07-30,Merced,047,269075,5807,3695,4,3699,30
2020-07-30,Modoc,049,8938,6,0,0,0,0
2020-07-30,Mono,051,14174,148,104,1,105,1
2020-07-30,Monterey,053,433212,5517,4352,14,4366,24
2020-07-30,Napa,055,140530,1163,874,0,874,7
2020-07-30,Nevada,057,99092,338,292,13,305,2
2020-07-30,Orange,059,3164182,43363,36105,812,36917,607
2020-07-30,Placer,061,380077,2272,1821,3,1824,14
2020-07-30,Plumas,063,18699,33,25,0,25,0
2020-07-30,Riverside,065,2383286,44890,37308,39,37347,685
2020-07-30,Sacramento,067,1510023,12787,9704,13,9717,126
2020-07-30,San Benito,069,59416,708,558,0,558,2
2020-07-30,San Bernardino,071,2135413,39858,32010,182,32192,427
2020-07-30,San Diego,073,3302833,32281,28670,9,28679,558
2020-07-30,San Francisco,075,870044,7305,6107,7,6114,59
2020-07-30,San Joaquin,077,732212,14639,11435,12,11447,161
2020-07-30,San Luis Obispo,079,281455,2098,1703,10,1713,12
2020-07-30,San Mateo,081,765935,6480,5369,6,5375,115
2020-07-30,Santa Barbara,083,443738,7343,6273,66,6339,52
2020-07-30,Santa Clara,085,1922200,12858,9708,28,9736,170
2020-07-30,Santa Cruz,087,273765,1309,1087,8,1095,4
2020-07-30,Shasta,089,179085,489,306,3,309,8
2020-07-30,Sierra,091,2930,3,1,0,1,0
2020-07-30,Siskiyou,093,43540,96,60,0,60,0
2020-07-30,Solano,095,438530,4266,3463,24,3487,29
2020-07-30,Sonoma,097,501317,3727,2684,6,2690,25
2020-07-30,Stanislaus,099,539301,11621,8890,40,8930,94
2020-07-30,Sutter,101,95872,877,698,1,699,6
2020-07-30,Tehama,103,63373,278,208,2,210,1
2020-07-30,Trinity,105,12862,26,4,6,10,0
2020-07-30,Tulare,107,460477,11260,9167,35,9202,177
2020-07-30,Tuolumne,109,53932,153,119,2,121,0
2020-07-30,Ventura,111,848112,8812,7304,30,7334,69
2020-07-30,Yolo,113,214977,1852,1511,3,1514,37
2020-07-30,Yuba,115,75493,502,362,0,362,1
2020-07-29,Alameda,001,1643700,13509,11177,49,11226,180
2020-07-29,Alpine,003,1148,2,2,0,2,0
2020-07-29,Amador,005,37829,162,80,0,80,0
2020-07-29,Butte,007,227075,1138,889,11,900,7
2020-07-29,Calaveras,009,45235,136,107,0,107,1
2020-07-29,Colusa,011,21464,369,302,0,302,2
2020-07-29,Contra Costa,013,1133247,10115,7520,26,7546,108
2020-07-29,Del Norte,015,27424,88,68,0,68,0
2020-07-29,El Dorado,017,186661,791,588,0,588,1
2020-07-29,Fresno,019,978130,21348,14312,194,14506,125
2020-07-29,Glenn,021,27897,366,294,0,294,1
2020-07-29,Humboldt,023,135768,258,221,1,222,4
2020-07-29,Imperial,025,180216,10252,7825,5,7830,147
2020-07-29,Inyo,027,18085,63,44,1,45,1
2020-07-29,Kern,029,883053,24408,19073,123,19196,162
2020-07-29,Kings,031,150075,4706,3755,25,3780,43
2020-07-29,Lake,033,64148,229,179,0,179,1
2020-07-29,Lassen,035,31185,619,513,2,515,0
2020-07-29,Los Angeles,037,10098052,199635,183600,518,184118,4523
2020-07-29,Madera,039,155013,2757,1941,4,1945,18
2020-07-29,Marin,041,260295,5342,4747,5,4752,34
2020-07-29,Mariposa,043,17540,60,47,0,47,1
2020-07-29,Mendocino,045,87422,308,228,0,228,0
2020-07-29,Merced,047,269075,5667,3605,4,3609,25
2020-07-29,Modoc,049,8938,5,0,0,0,0
2020-07-29,Mono,051,14174,145,102,1,103,1
2020-07-29,Monterey,053,433212,5418,4252,14,4266,24
2020-07-29,Napa,055,140530,1135,866,0,866,7
2020-07-29,Nevada,057,99092,334,288,13,301,1
2020-07-29,Orange,059,3164182,42929,35339,800,36139,589
2020-07-29,Placer,061,380077,2240,1798,3,1801,14
2020-07-29,Plumas,063,18699,33,25,0,25,0
2020-07-29,Riverside,065,2383286,44299,36968,39,37007,678
2020-07-29,Sacramento,067,1510023,12541,9538,13,9551,122
2020-07-29,San Benito,069,59416,693,537,0,537,2
2020-07-29,San Bernardino,071,2135413,39369,31168,171,31339,417
2020-07-29,San Diego,073,3302833,31956,28289,8,28297,552
2020-07-29,San Francisco,075,870044,7211,6041,7,6048,56
2020-07-29,San Joaquin,077,732212,14391,11249,9,11258,154
2020-07-29,San Luis Obispo,079,281455,2078,1673,10,1683,11
2020-07-29,San Mateo,081,765935,6392,5305,6,5311,114
2020-07-29,Santa Barbara,083,443738,7273,6215,66,6281,31
2020-07-29,Santa Clara,085,1922200,12650,9567,28,9595,165
2020-07-29,Santa Cruz,087,273765,1285,1051,8,1059,4
2020-07-29,Shasta,089,179085,477,297,3,300,8
2020-07-29,Sierra,091,2930,2,1,0,1,0
2020-07-29,Siskiyou,093,43540,94,58,0,58,0
2020-07-29,Solano,095,438530,4212,3380,24,3404,29
2020-07-29,Sonoma,097,501317,3650,2598,6,2604,26
2020-07-29,Stanislaus,099,539301,11400,8745,34,8779,94
2020-07-29,Sutter,101,95872,849,678,1,679,6
2020-07-29,Tehama,103,63373,274,206,2,208,1
2020-07-29,Trinity,105,12862,26,4,6,10,0
2020-07-29,Tulare,107,460477,11089,9028,35,9063,156
2020-07-29,Tuolumne,109,53932,153,118,2,120,0
2020-07-29,Ventura,111,848112,8707,7161,30,7191,68
2020-07-29,Yolo,113,214977,1826,1488,3,1491,36
2020-07-29,Yuba,115,75493,486,350,0,350,1
2020-07-28,Alameda,001,1643700,13281,10875,48,10923,180
2020-07-28,Alpine,003,1148,2,2,0,2,0
2020-07-28,Amador,005,37829,152,77,0,77,0
2020-07-28,Butte,007,227075,1103,857,11,868,7
2020-07-28,Calaveras,009,45235,135,105,0,105,1
2020-07-28,Colusa,011,21464,363,290,0,290,2
2020-07-28,Contra Costa,013,1133247,9893,7426,26,7452,107
2020-07-28,Del Norte,015,27424,87,68,0,68,0
2020-07-28,El Dorado,017,186661,776,558,0,558,1
2020-07-28,Fresno,019,978130,21012,13933,188,14121,125
2020-07-28,Glenn,021,27897,364,289,0,289,1
2020-07-28,Humboldt,023,135768,257,218,1,219,4
2020-07-28,Imperial,025,180216,10216,7804,5,7809,145
2020-07-28,Inyo,027,18085,61,43,1,44,1
2020-07-28,Kern,029,883053,24045,18834,117,18951,155
2020-07-28,Kings,031,150075,4660,3721,25,3746,41
2020-07-28,Lake,033,64148,225,179,0,179,1
2020-07-28,Lassen,035,31185,613,508,2,510,0
2020-07-28,Los Angeles,037,10098052,197406,179107,495,179602,4435
2020-07-28,Madera,039,155013,2691,1889,4,1893,18
2020-07-28,Marin,041,260295,5273,4698,5,4703,23
2020-07-28,Mariposa,043,17540,58,45,0,45,1
2020-07-28,Mendocino,045,87422,297,222,0,222,0
2020-07-28,Merced,047,269075,5522,3446,4,3450,23
2020-07-28,Modoc,049,8938,4,0,0,0,0
2020-07-28,Mono,051,14174,144,102,1,103,1
2020-07-28,Monterey,053,433212,5297,4047,14,4061,22
2020-07-28,Napa,055,140530,1113,824,0,824,6
2020-07-28,Nevada,057,99092,329,278,13,291,1
2020-07-28,Orange,059,3164182,42471,34832,786,35618,582
2020-07-28,Placer,061,380077,2205,1759,3,1762,14
2020-07-28,Plumas,063,18699,33,22,0,22,0
2020-07-28,Riverside,065,2383286,43699,36458,39,36497,668
2020-07-28,Sacramento,067,1510023,12282,9429,12,9441,117
2020-07-28,San Benito,069,59416,683,503,0,503,2
2020-07-28,San Bernardino,071,2135413,38846,30493,167,30660,412
2020-07-28,San Diego,073,3302833,31606,28007,6,28013,547
2020-07-28,San Francisco,075,870044,7098,5888,7,5895,56
2020-07-28,San Joaquin,077,732212,14108,10958,7,10965,141
2020-07-28,San Luis Obispo,079,281455,2047,1636,10,1646,9
2020-07-28,San Mateo,081,765935,6318,5171,6,5177,114
2020-07-28,Santa Barbara,083,443738,7210,6110,64,6174,31
2020-07-28,Santa Clara,085,1922200,12415,9307,28,9335,165
2020-07-28,Santa Cruz,087,273765,1258,1018,8,1026,4
2020-07-28,Shasta,089,179085,465,275,3,278,8
2020-07-28,Sierra,091,2930,2,1,0,1,0
2020-07-28,Siskiyou,093,43540,90,57,0,57,0
2020-07-28,Solano,095,438530,4165,3292,23,3315,29
2020-07-28,Sonoma,097,501317,3577,2553,6,2559,20
2020-07-28,Stanislaus,099,539301,11178,8492,26,8518,92
2020-07-28,Sutter,101,95872,812,653,0,653,2
2020-07-28,Tehama,103,63373,269,199,2,201,1
2020-07-28,Trinity,105,12862,26,3,6,9,0
2020-07-28,Tulare,107,460477,10902,8787,35,8822,96
2020-07-28,Tuolumne,109,53932,152,116,2,118,0
2020-07-28,Ventura,111,848112,8581,7045,29,7074,68
2020-07-28,Yolo,113,214977,1798,1459,3,1462,36
2020-07-28,Yuba,115,75493,469,333,0,333,1
2020-07-27,Alameda,001,1643700,13054,10645,45,10690,176
2020-07-27,Alpine,003,1148,2,2,0,2,0
2020-07-27,Amador,005,37829,147,72,0,72,0
2020-07-27,Butte,007,227075,1076,843,11,854,7
2020-07-27,Calaveras,009,45235,131,103,0,103,1
2020-07-27,Colusa,011,21464,356,271,0,271,2
2020-07-27,Contra Costa,013,1133247,9671,7256,26,7282,104
2020-07-27,Del Norte,015,27424,86,67,0,67,0
2020-07-27,El Dorado,017,186661,764,548,0,548,1
2020-07-27,Fresno,019,978130,20665,13485,182,13667,117
2020-07-27,Glenn,021,27897,362,277,0,277,1
2020-07-27,Humboldt,023,135768,252,218,1,219,4
2020-07-27,Imperial,025,180216,10166,7789,5,7794,144
2020-07-27,Inyo,027,18085,61,43,1,44,1
2020-07-27,Kern,029,883053,23543,17994,111,18105,148
2020-07-27,Kings,031,150075,4411,3685,25,3710,39
2020-07-27,Lake,033,64148,221,176,0,176,1
2020-07-27,Lassen,035,31185,613,503,2,505,0
2020-07-27,Los Angeles,037,10098052,194986,176351,477,176828,4379
2020-07-27,Madera,039,155013,2626,1793,4,1797,17
2020-07-27,Marin,041,260295,5185,4669,5,4674,22
2020-07-27,Mariposa,043,17540,58,43,0,43,1
2020-07-27,Mendocino,045,87422,284,209,0,209,0
2020-07-27,Merced,047,269075,5382,3292,4,3296,23
2020-07-27,Modoc,049,8938,3,0,0,0,0
2020-07-27,Mono,051,14174,140,99,1,100,1
2020-07-27,Monterey,053,433212,5107,3960,14,3974,21
2020-07-27,Napa,055,140530,1098,769,0,769,6
2020-07-27,Nevada,057,99092,325,268,13,281,1
2020-07-27,Orange,059,3164182,42031,34649,770,35419,566
2020-07-27,Placer,061,380077,2155,1679,3,1682,12
2020-07-27,Plumas,063,18699,33,22,0,22,0
2020-07-27,Riverside,065,2383286,43021,35822,39,35861,667
2020-07-27,Sacramento,067,1510023,11990,9091,12,9103,114
2020-07-27,San Benito,069,59416,668,498,0,498,2
2020-07-27,San Bernardino,071,2135413,38253,29928,157,30085,401
2020-07-27,San Diego,073,3302833,31232,27509,5,27514,533
2020-07-27,San Francisco,075,870044,7011,5825,7,5832,55
2020-07-27,San Joaquin,077,732212,13817,10728,7,10735,129
2020-07-27,San Luis Obispo,079,281455,2002,1612,10,1622,9
2020-07-27,San Mateo,081,765935,6209,5108,6,5114,113
2020-07-27,Santa Barbara,083,443738,7128,6026,62,6088,30
2020-07-27,Santa Clara,085,1922200,12146,9157,27,9184,166
2020-07-27,Santa Cruz,087,273765,1235,984,8,992,4
2020-07-27,Shasta,089,179085,458,275,3,278,8
2020-07-27,Sierra,091,2930,2,1,0,1,0
2020-07-27,Siskiyou,093,43540,88,54,0,54,0
2020-07-27,Solano,095,438530,4098,3198,22,3220,29
2020-07-27,Sonoma,097,501317,3486,2504,6,2510,20
2020-07-27,Stanislaus,099,539301,10951,8288,18,8306,84
2020-07-27,Sutter,101,95872,786,620,0,620,2
2020-07-27,Tehama,103,63373,261,192,2,194,1
2020-07-27,Trinity,105,12862,26,3,6,9,0
2020-07-27,Tulare,107,460477,10684,8462,35,8497,172
2020-07-27,Tuolumne,109,53932,149,115,2,117,0
2020-07-27,Ventura,111,848112,8453,6998,28,7026,68
2020-07-27,Yolo,113,214977,1753,1439,3,1442,33
2020-07-27,Yuba,115,75493,449,328,0,328,1
2020-07-26,Alameda,001,1643700,12816,10489,44,10533,176
2020-07-26,Alpine,003,1148,2,2,0,2,0
2020-07-26,Amador,005,37829,141,67,0,67,0
2020-07-26,Butte,007,227075,1039,822,11,833,5
2020-07-26,Calaveras,009,45235,128,103,0,103,1
2020-07-26,Colusa,011,21464,347,270,0,270,2
2020-07-26,Contra Costa,013,1133247,9434,7095,26,7121,104
2020-07-26,Del Norte,015,27424,84,67,0,67,0
2020-07-26,El Dorado,017,186661,746,539,0,539,1
2020-07-26,Fresno,019,978130,20273,13209,174,13383,117
2020-07-26,Glenn,021,27897,354,265,0,265,1
2020-07-26,Humboldt,023,135768,246,214,1,215,4
2020-07-26,Imperial,025,180216,10093,7781,5,7786,144
2020-07-26,Inyo,027,18085,56,43,1,44,1
2020-07-26,Kern,029,883053,23019,17394,108,17502,148
2020-07-26,Kings,031,150075,4352,3591,25,3616,39
2020-07-26,Lake,033,64148,213,174,0,174,1
2020-07-26,Lassen,035,31185,572,503,2,505,0
2020-07-26,Los Angeles,037,10098052,192419,174322,459,174781,4364
2020-07-26,Madera,039,155013,2539,1744,4,1748,17
2020-07-26,Marin,041,260295,5139,4595,5,4600,22
2020-07-26,Mariposa,043,17540,56,43,0,43,1
2020-07-26,Mendocino,045,87422,275,206,0,206,0
2020-07-26,Merced,047,269075,5202,3251,3,3254,23
2020-07-26,Modoc,049,8938,3,0,0,0,0
2020-07-26,Mono,051,14174,136,82,1,83,1
2020-07-26,Monterey,053,433212,4941,3901,14,3915,21
2020-07-26,Napa,055,140530,1079,769,0,769,6
2020-07-26,Nevada,057,99092,322,261,13,274,1
2020-07-26,Orange,059,3164182,41505,34352,738,35090,564
2020-07-26,Placer,061,380077,2090,1628,3,1631,12
2020-07-26,Plumas,063,18699,33,22,0,22,0
2020-07-26,Riverside,065,2383286,42461,35636,39,35675,665
2020-07-26,Sacramento,067,1510023,11686,8972,12,8984,114
2020-07-26,San Benito,069,59416,656,495,0,495,2
2020-07-26,San Bernardino,071,2135413,37612,29545,148,29693,400
2020-07-26,San Diego,073,3302833,30836,26986,4,26990,533
2020-07-26,San Francisco,075,870044,6903,5823,7,5830,55
2020-07-26,San Joaquin,077,732212,13524,10637,7,10644,129
2020-07-26,San Luis Obispo,079,281455,1959,1565,10,1575,8
2020-07-26,San Mateo,081,765935,6103,5078,6,5084,113
2020-07-26,Santa Barbara,083,443738,7025,5939,62,6001,30
2020-07-26,Santa Clara,085,1922200,11917,8986,27,9013,166
2020-07-26,Santa Cruz,087,273765,1208,970,8,978,4
2020-07-26,Shasta,089,179085,451,265,3,268,8
2020-07-26,Sierra,091,2930,2,1,0,1,0
2020-07-26,Siskiyou,093,43540,86,54,0,54,0
2020-07-26,Solano,095,438530,4018,3197,20,3217,29
2020-07-26,Sonoma,097,501317,3397,2503,5,2508,20
2020-07-26,Stanislaus,099,539301,10690,8228,17,8245,84
2020-07-26,Sutter,101,95872,772,612,0,612,2
2020-07-26,Tehama,103,63373,254,175,2,177,1
2020-07-26,Trinity,105,12862,26,3,6,9,0
2020-07-26,Tulare,107,460477,10477,8392,35,8427,172
2020-07-26,Tuolumne,109,53932,144,113,2,115,0
2020-07-26,Ventura,111,848112,8246,6844,28,6872,67
2020-07-26,Yolo,113,214977,1722,1408,3,1411,33
2020-07-26,Yuba,115,75493,430,313,0,313,1
2020-07-25,Alameda,001,1643700,12719,10361,42,10403,176
2020-07-25,Alpine,003,1148,2,2,0,2,0
2020-07-25,Amador,005,37829,138,67,0,67,0
2020-07-25,Butte,007,227075,1030,810,11,821,5
2020-07-25,Calaveras,009,45235,124,103,0,103,1
2020-07-25,Colusa,011,21464,340,265,0,265,2
2020-07-25,Contra Costa,013,1133247,9289,6920,26,6946,104
2020-07-25,Del Norte,015,27424,84,67,0,67,0
2020-07-25,El Dorado,017,186661,735,528,0,528,1
2020-07-25,Fresno,019,978130,20087,12866,174,13040,117
2020-07-25,Glenn,021,27897,352,260,0,260,1
2020-07-25,Humboldt,023,135768,243,212,1,213,4
2020-07-25,Imperial,025,180216,10067,7727,5,7732,144
2020-07-25,Inyo,027,18085,55,43,1,44,1
2020-07-25,Kern,029,883053,22801,16910,107,17017,148
2020-07-25,Kings,031,150075,4335,3516,25,3541,39
2020-07-25,Lake,033,64148,211,173,0,173,1
2020-07-25,Lassen,035,31185,572,503,2,505,0
2020-07-25,Los Angeles,037,10098052,191288,172611,452,173063,4357
2020-07-25,Madera,039,155013,2507,1724,4,1728,17
2020-07-25,Marin,041,260295,5123,4562,5,4567,22
2020-07-25,Mariposa,043,17540,55,43,0,43,1
2020-07-25,Mendocino,045,87422,269,190,0,190,0
2020-07-25,Merced,047,269075,5123,3176,3,3179,23
2020-07-25,Modoc,049,8938,3,0,0,0,0
2020-07-25,Mono,051,14174,136,82,1,83,1
2020-07-25,Monterey,053,433212,4864,3805,14,3819,21
2020-07-25,Napa,055,140530,1066,746,0,746,6
2020-07-25,Nevada,057,99092,320,257,13,270,1
2020-07-25,Orange,059,3164182,41285,33978,717,34695,561
2020-07-25,Placer,061,380077,2074,1596,3,1599,12
2020-07-25,Plumas,063,18699,33,22,0,22,0
2020-07-25,Riverside,065,2383286,42193,34921,39,34960,655
2020-07-25,Sacramento,067,1510023,11540,8674,12,8686,113
2020-07-25,San Benito,069,59416,640,492,0,492,2
2020-07-25,San Bernardino,071,2135413,37333,29265,145,29410,394
2020-07-25,San Diego,073,3302833,30575,26703,3,26706,533
2020-07-25,San Francisco,075,870044,6845,5644,7,5651,55
2020-07-25,San Joaquin,077,732212,13398,10347,6,10353,129
2020-07-25,San Luis Obispo,079,281455,1939,1530,9,1539,8
2020-07-25,San Mateo,081,765935,6040,5023,6,5029,113
2020-07-25,Santa Barbara,083,443738,6989,5880,62,5942,30
2020-07-25,Santa Clara,085,1922200,11783,8767,27,8794,166
2020-07-25,Santa Cruz,087,273765,1191,939,8,947,4
2020-07-25,Shasta,089,179085,446,263,1,264,8
2020-07-25,Sierra,091,2930,2,1,0,1,0
2020-07-25,Siskiyou,093,43540,84,54,0,54,0
2020-07-25,Solano,095,438530,3978,3107,18,3125,29
2020-07-25,Sonoma,097,501317,3358,2412,5,2417,20
2020-07-25,Stanislaus,099,539301,10587,7994,14,8008,84
2020-07-25,Sutter,101,95872,753,603,0,603,2
2020-07-25,Tehama,103,63373,253,169,2,171,1
2020-07-25,Trinity,105,12862,26,3,6,9,0
2020-07-25,Tulare,107,460477,10377,8310,35,8345,172
2020-07-25,Tuolumne,109,53932,143,99,2,101,0
2020-07-25,Ventura,111,848112,8173,6662,28,6690,62
2020-07-25,Yolo,113,214977,1707,1357,3,1360,35
2020-07-25,Yuba,115,75493,424,312,0,312,1
2020-07-24,Alameda,001,1643700,12577,10216,39,10255,176
2020-07-24,Alpine,003,1148,2,2,0,2,0
2020-07-24,Amador,005,37829,136,66,0,66,0
2020-07-24,Butte,007,227075,1018,751,11,762,5
2020-07-24,Calaveras,009,45235,120,102,0,102,0
2020-07-24,Colusa,011,21464,337,255,0,255,2
2020-07-24,Contra Costa,013,1133247,9143,6814,26,6840,100
2020-07-24,Del Norte,015,27424,84,66,0,66,0
2020-07-24,El Dorado,017,186661,713,516,0,516,1
2020-07-24,Fresno,019,978130,19860,12564,174,12738,115
2020-07-24,Glenn,021,27897,349,251,0,251,1
2020-07-24,Humboldt,023,135768,240,210,1,211,4
2020-07-24,Imperial,025,180216,10045,7686,5,7691,141
2020-07-24,Inyo,027,18085,55,41,1,42,1
2020-07-24,Kern,029,883053,22560,16124,107,16231,143
2020-07-24,Kings,031,150075,4305,3471,25,3496,39
2020-07-24,Lake,033,64148,209,167,0,167,1
2020-07-24,Lassen,035,31185,572,503,2,505,0
2020-07-24,Los Angeles,037,10098052,189269,169078,441,169519,4302
2020-07-24,Madera,039,155013,2474,1679,4,1683,16
2020-07-24,Marin,041,260295,5096,4517,5,4522,22
2020-07-24,Mariposa,043,17540,55,41,0,41,1
2020-07-24,Mendocino,045,87422,262,188,0,188,0
2020-07-24,Merced,047,269075,5038,3100,3,3103,23
2020-07-24,Modoc,049,8938,3,0,0,0,0
2020-07-24,Mono,051,14174,135,82,1,83,1
2020-07-24,Monterey,053,433212,4792,3748,14,3762,21
2020-07-24,Napa,055,140530,1053,741,0,741,6
2020-07-24,Nevada,057,99092,317,255,13,268,1
2020-07-24,Orange,059,3164182,40997,33530,701,34231,557
2020-07-24,Placer,061,380077,2043,1551,3,1554,12
2020-07-24,Plumas,063,18699,33,22,0,22,0
2020-07-24,Riverside,065,2383286,41770,34513,38,34551,631
2020-07-24,Sacramento,067,1510023,11352,8570,12,8582,110
2020-07-24,San Benito,069,59416,633,485,0,485,2
2020-07-24,San Bernardino,071,2135413,36959,28990,140,29130,386
2020-07-24,San Diego,073,3302833,30275,26100,3,26103,524
2020-07-24,San Francisco,075,870044,6751,5611,7,5618,55
2020-07-24,San Joaquin,077,732212,13249,10190,6,10196,118
2020-07-24,San Luis Obispo,079,281455,1915,1476,9,1485,8
2020-07-24,San Mateo,081,765935,5977,4954,6,4960,112
2020-07-24,Santa Barbara,083,443738,6935,5776,60,5836,30
2020-07-24,Santa Clara,085,1922200,11618,8658,27,8685,165
2020-07-24,Santa Cruz,087,273765,1171,930,8,938,4
2020-07-24,Shasta,089,179085,438,262,1,263,8
2020-07-24,Sierra,091,2930,2,1,0,1,0
2020-07-24,Siskiyou,093,43540,84,53,0,53,0
2020-07-24,Solano,095,438530,3942,3062,15,3077,29
2020-07-24,Sonoma,097,501317,3305,2345,5,2350,20
2020-07-24,Stanislaus,099,539301,10415,7861,11,7872,82
2020-07-24,Sutter,101,95872,742,593,0,593,2
2020-07-24,Tehama,103,63373,245,170,2,172,1
2020-07-24,Trinity,105,12862,25,3,6,9,0
2020-07-24,Tulare,107,460477,10283,8167,33,8200,167
2020-07-24,Tuolumne,109,53932,137,99,2,101,0
2020-07-24,Ventura,111,848112,8088,6553,28,6581,60
2020-07-24,Yolo,113,214977,1693,1329,3,1332,35
2020-07-24,Yuba,115,75493,409,307,0,307,1
2020-07-23,Alameda,001,1643700,12336,9924,39,9963,171
2020-07-23,Alpine,003,1148,2,2,0,2,0
2020-07-23,Amador,005,37829,119,61,0,61,0
2020-07-23,Butte,007,227075,1003,726,10,736,5
2020-07-23,Calaveras,009,45235,113,102,0,102,0
2020-07-23,Colusa,011,21464,329,242,0,242,2
2020-07-23,Contra Costa,013,1133247,8943,6619,24,6643,98
2020-07-23,Del Norte,015,27424,84,66,0,66,0
2020-07-23,El Dorado,017,186661,702,491,0,491,1
2020-07-23,Fresno,019,978130,19504,12164,171,12335,112
2020-07-23,Glenn,021,27897,344,246,0,246,1
2020-07-23,Humboldt,023,135768,239,208,1,209,4
2020-07-23,Imperial,025,180216,9995,7604,5,7609,138
2020-07-23,Inyo,027,18085,53,38,1,39,1
2020-07-23,Kern,029,883053,22153,14491,103,14594,128
2020-07-23,Kings,031,150075,4193,3371,25,3396,39
2020-07-23,Lake,033,64148,200,160,0,160,1
2020-07-23,Lassen,035,31185,569,503,2,505,0
2020-07-23,Los Angeles,037,10098052,186725,167198,415,167613,4265
2020-07-23,Madera,039,155013,2408,1659,3,1662,13
2020-07-23,Marin,041,260295,5044,4423,5,4428,22
2020-07-23,Mariposa,043,17540,55,40,0,40,1
2020-07-23,Mendocino,045,87422,252,178,0,178,0
2020-07-23,Merced,047,269075,4882,2972,3,2975,22
2020-07-23,Modoc,049,8938,3,0,0,0,0
2020-07-23,Mono,051,14174,131,82,1,83,1
2020-07-23,Monterey,053,433212,4674,3655,14,3669,21
2020-07-23,Napa,055,140530,1029,713,0,713,5
2020-07-23,Nevada,057,99092,314,247,13,260,1
2020-07-23,Orange,059,3164182,40501,32863,671,33534,544
2020-07-23,Placer,061,380077,2000,1519,3,1522,12
2020-07-23,Plumas,063,18699,32,21,0,21,0
2020-07-23,Riverside,065,2383286,41164,33833,38,33871,630
2020-07-23,Sacramento,067,1510023,11121,8222,12,8234,108
2020-07-23,San Benito,069,59416,618,478,0,478,2
2020-07-23,San Bernardino,071,2135413,36439,28121,134,28255,369
2020-07-23,San Diego,073,3302833,29901,25109,3,25112,505
2020-07-23,San Francisco,075,870044,6650,5543,7,5550,55
2020-07-23,San Joaquin,077,732212,13030,9861,6,9867,111
2020-07-23,San Luis Obispo,079,281455,1887,1438,9,1447,7
2020-07-23,San Mateo,081,765935,5872,4895,6,4901,113
2020-07-23,Santa Barbara,083,443738,6856,5628,60,5688,30
2020-07-23,Santa Clara,085,1922200,11400,8458,27,8485,165
2020-07-23,Santa Cruz,087,273765,1135,887,8,895,3
2020-07-23,Shasta,089,179085,427,254,1,255,9
2020-07-23,Sierra,091,2930,2,1,0,1,0
2020-07-23,Siskiyou,093,43540,82,53,0,53,0
2020-07-23,Solano,095,438530,3878,2962,13,2975,29
2020-07-23,Sonoma,097,501317,3229,2289,5,2294,18
2020-07-23,Stanislaus,099,539301,10173,7603,11,7614,71
2020-07-23,Sutter,101,95872,709,570,0,570,2
2020-07-23,Tehama,103,63373,239,158,2,160,1
2020-07-23,Trinity,105,12862,24,3,6,9,0
2020-07-23,Tulare,107,460477,10094,7898,33,7931,168
2020-07-23,Tuolumne,109,53932,137,93,2,95,0
2020-07-23,Ventura,111,848112,7964,6303,28,6331,56
2020-07-23,Yolo,113,214977,1675,1279,3,1282,35
2020-07-23,Yuba,115,75493,389,297,0,297,1
2020-07-22,Alameda,001,1643700,12117,9678,38,9716,169
2020-07-22,Alpine,003,1148,2,2,0,2,0
2020-07-22,Amador,005,37829,117,58,0,58,0
2020-07-22,Butte,007,227075,967,694,10,704,5
2020-07-22,Calaveras,009,45235,113,98,0,98,0
2020-07-22,Colusa,011,21464,322,236,0,236,0
2020-07-22,Contra Costa,013,1133247,8717,6401,24,6425,98
2020-07-22,Del Norte,015,27424,84,66,0,66,0
2020-07-22,El Dorado,017,186661,689,466,0,466,1
2020-07-22,Fresno,019,978130,19142,11756,165,11921,110
2020-07-22,Glenn,021,27897,338,236,0,236,1
2020-07-22,Humboldt,023,135768,237,201,1,202,4
2020-07-22,Imperial,025,180216,9935,7533,5,7538,134
2020-07-22,Inyo,027,18085,49,38,1,39,1
2020-07-22,Kern,029,883053,21720,13513,96,13609,127
2020-07-22,Kings,031,150075,4137,3271,25,3296,38
2020-07-22,Lake,033,64148,197,160,0,160,1
2020-07-22,Lassen,035,31185,566,500,2,502,0
2020-07-22,Los Angeles,037,10098052,184077,165242,392,165634,4218
2020-07-22,Madera,039,155013,2333,1578,3,1581,10
2020-07-22,Marin,041,260295,4988,4373,5,4378,23
2020-07-22,Mariposa,043,17540,55,38,0,38,1
2020-07-22,Mendocino,045,87422,245,166,0,166,0
2020-07-22,Merced,047,269075,4755,2828,3,2831,15
2020-07-22,Modoc,049,8938,3,0,0,0,0
2020-07-22,Mono,051,14174,128,82,1,83,1
2020-07-22,Monterey,053,433212,4573,3533,14,3547,20
2020-07-22,Napa,055,140530,1007,687,0,687,5
2020-07-22,Nevada,057,99092,308,239,12,251,1
2020-07-22,Orange,059,3164182,40002,32047,662,32709,522
2020-07-22,Placer,061,380077,1944,1469,3,1472,12
2020-07-22,Plumas,063,18699,31,20,0,20,0
2020-07-22,Riverside,065,2383286,40529,33093,38,33131,612
2020-07-22,Sacramento,067,1510023,10857,8028,11,8039,106
2020-07-22,San Benito,069,59416,604,465,0,465,2
2020-07-22,San Bernardino,071,2135413,35917,26820,123,26943,348
2020-07-22,San Diego,073,3302833,29513,25109,2,25111,505
2020-07-22,San Francisco,075,870044,6546,5473,6,5479,53
2020-07-22,San Joaquin,077,732212,12754,9628,6,9634,102
2020-07-22,San Luis Obispo,079,281455,1841,1373,9,1382,7
2020-07-22,San Mateo,081,765935,5783,4796,6,4802,112
2020-07-22,Santa Barbara,083,443738,6764,5508,58,5566,29
2020-07-22,Santa Clara,085,1922200,11154,8266,27,8293,166
2020-07-22,Santa Cruz,087,273765,1112,866,8,874,3
2020-07-22,Shasta,089,179085,417,246,1,247,9
2020-07-22,Sierra,091,2930,1,1,0,1,0
2020-07-22,Siskiyou,093,43540,81,52,0,52,0
2020-07-22,Solano,095,438530,3817,2839,12,2851,29
2020-07-22,Sonoma,097,501317,3152,2255,5,2260,17
2020-07-22,Stanislaus,099,539301,10002,7401,11,7412,71
2020-07-22,Sutter,101,95872,685,551,0,551,2
2020-07-22,Tehama,103,63373,231,155,2,157,1
2020-07-22,Trinity,105,12862,23,3,6,9,0
2020-07-22,Tulare,107,460477,9861,7640,33,7673,167
2020-07-22,Tuolumne,109,53932,133,91,2,93,0
2020-07-22,Ventura,111,848112,7836,6223,26,6249,56
2020-07-22,Yolo,113,214977,1632,1233,3,1236,34
2020-07-22,Yuba,115,75493,374,288,0,288,1
2020-07-21,Alameda,001,1643700,11903,9390,38,9428,166
2020-07-21,Alpine,003,1148,2,2,0,2,0
2020-07-21,Amador,005,37829,112,55,0,55,0
2020-07-21,Butte,007,227075,922,659,9,668,5
2020-07-21,Calaveras,009,45235,107,96,0,96,0
2020-07-21,Colusa,011,21464,298,227,0,227,0
2020-07-21,Contra Costa,013,1133247,8475,6210,24,6234,98
2020-07-21,Del Norte,015,27424,84,66,0,66,0
2020-07-21,El Dorado,017,186661,681,440,0,440,1
2020-07-21,Fresno,019,978130,18743,11412,159,11571,107
2020-07-21,Glenn,021,27897,331,229,0,229,1
2020-07-21,Humboldt,023,135768,235,198,1,199,4
2020-07-21,Imperial,025,180216,9886,7458,5,7463,128
2020-07-21,Inyo,027,18085,48,38,1,39,1
2020-07-21,Kern,029,883053,21298,11998,90,12088,119
2020-07-21,Kings,031,150075,4072,3187,24,3211,38
2020-07-21,Lake,033,64148,197,157,0,157,1
2020-07-21,Lassen,035,31185,564,474,2,476,0
2020-07-21,Los Angeles,037,10098052,181093,162205,370,162575,4159
2020-07-21,Madera,039,155013,2268,1508,3,1511,10
2020-07-21,Marin,041,260295,4916,4318,5,4323,21
2020-07-21,Mariposa,043,17540,54,37,0,37,1
2020-07-21,Mendocino,045,87422,234,160,0,160,0
2020-07-21,Merced,047,269075,4576,2725,3,2728,15
2020-07-21,Modoc,049,8938,3,0,0,0,0
2020-07-21,Mono,051,14174,124,79,1,80,1
2020-07-21,Monterey,053,433212,4441,3404,13,3417,20
2020-07-21,Napa,055,140530,980,660,0,660,5
2020-07-21,Nevada,057,99092,306,228,10,238,1
2020-07-21,Orange,059,3164182,39505,31356,630,31986,515
2020-07-21,Placer,061,380077,1903,1413,3,1416,11
2020-07-21,Plumas,063,18699,31,19,0,19,0
2020-07-21,Riverside,065,2383286,39828,32231,38,32269,583
2020-07-21,Sacramento,067,1510023,10585,7789,10,7799,102
2020-07-21,San Benito,069,59416,593,444,0,444,2
2020-07-21,San Bernardino,071,2135413,35268,25323,116,25439,343
2020-07-21,San Diego,073,3302833,29064,24522,2,24524,487
2020-07-21,San Francisco,075,870044,6437,5377,6,5383,53
2020-07-21,San Joaquin,077,732212,12425,9150,6,9156,99
2020-07-21,San Luis Obispo,079,281455,1792,1338,9,1347,7
2020-07-21,San Mateo,081,765935,5691,4733,6,4739,111
2020-07-21,Santa Barbara,083,443738,6679,5422,57,5479,29
2020-07-21,Santa Clara,085,1922200,10891,7989,27,8016,164
2020-07-21,Santa Cruz,087,273765,1079,835,8,843,3
2020-07-21,Shasta,089,179085,409,241,1,242,9
2020-07-21,Sierra,091,2930,1,1,0,1,0
2020-07-21,Siskiyou,093,43540,81,48,0,48,0
2020-07-21,Solano,095,438530,3744,2727,12,2739,27
2020-07-21,Sonoma,097,501317,3095,2200,5,2205,17
2020-07-21,Stanislaus,099,539301,9739,6984,11,6995,69
2020-07-21,Sutter,101,95872,669,533,0,533,2
2020-07-21,Tehama,103,63373,221,150,2,152,1
2020-07-21,Trinity,105,12862,23,2,6,8,0
2020-07-21,Tulare,107,460477,9659,7447,33,7480,167
2020-07-21,Tuolumne,109,53932,131,75,2,77,0
2020-07-21,Ventura,111,848112,7704,6131,26,6157,55
2020-07-21,Yolo,113,214977,1579,1204,3,1207,34
2020-07-21,Yuba,115,75493,368,269,0,269,1
2020-07-20,Alameda,001,1643700,11649,9244,37,9281,162
2020-07-20,Alpine,003,1148,2,2,0,2,0
2020-07-20,Amador,005,37829,109,53,0,53,0
2020-07-20,Butte,007,227075,884,586,9,595,4
2020-07-20,Calaveras,009,45235,104,90,0,90,0
2020-07-20,Colusa,011,21464,287,217,0,217,0
2020-07-20,Contra Costa,013,1133247,8267,5823,24,5847,97
2020-07-20,Del Norte,015,27424,84,61,0,61,0
2020-07-20,El Dorado,017,186661,658,407,0,407,0
2020-07-20,Fresno,019,978130,18301,10891,157,11048,106
2020-07-20,Glenn,021,27897,323,225,0,225,1
2020-07-20,Humboldt,023,135768,228,194,1,195,4
2020-07-20,Imperial,025,180216,9846,7337,5,7342,124
2020-07-20,Inyo,027,18085,46,38,1,39,1
2020-07-20,Kern,029,883053,20788,10908,86,10994,118
2020-07-20,Kings,031,150075,4022,3093,24,3117,37
2020-07-20,Lake,033,64148,194,147,0,147,1
2020-07-20,Lassen,035,31185,562,474,2,476,0
2020-07-20,Los Angeles,037,10098052,178135,159202,343,159545,4108
2020-07-20,Madera,039,155013,2193,1433,3,1436,10
2020-07-20,Marin,041,260295,4835,4255,5,4260,21
2020-07-20,Mariposa,043,17540,53,36,0,36,1
2020-07-20,Mendocino,045,87422,221,153,0,153,0
2020-07-20,Merced,047,269075,4406,2584,3,2587,15
2020-07-20,Modoc,049,8938,3,0,0,0,0
2020-07-20,Mono,051,14174,118,78,1,79,1
2020-07-20,Monterey,053,433212,4335,3205,13,3218,19
2020-07-20,Napa,055,140530,943,632,0,632,5
2020-07-20,Nevada,057,99092,298,218,10,228,1
2020-07-20,Orange,059,3164182,38896,30337,600,30937,507
2020-07-20,Placer,061,380077,1851,1364,3,1367,11
2020-07-20,Plumas,063,18699,30,17,0,17,0
2020-07-20,Riverside,065,2383286,38998,31163,38,31201,581
2020-07-20,Sacramento,067,1510023,10257,7369,10,7379,99
2020-07-20,San Benito,069,59416,575,433,0,433,2
2020-07-20,San Bernardino,071,2135413,34458,24226,112,24338,338
2020-07-20,San Diego,073,3302833,28622,24137,2,24139,478
2020-07-20,San Francisco,075,870044,6316,5090,6,5096,53
2020-07-20,San Joaquin,077,732212,12069,8583,6,8589,97
2020-07-20,San Luis Obispo,079,281455,1752,1282,9,1291,6
2020-07-20,San Mateo,081,765935,5590,4609,6,4615,111
2020-07-20,Santa Barbara,083,443738,6551,5266,55,5321,29
2020-07-20,Santa Clara,085,1922200,10662,7711,26,7737,164
2020-07-20,Santa Cruz,087,273765,1047,758,8,766,3
2020-07-20,Shasta,089,179085,394,233,1,234,9
2020-07-20,Sierra,091,2930,1,1,0,1,0
2020-07-20,Siskiyou,093,43540,77,42,0,42,0
2020-07-20,Solano,095,438530,3661,2537,12,2549,26
2020-07-20,Sonoma,097,501317,2988,2148,5,2153,17
2020-07-20,Stanislaus,099,539301,9456,6835,11,6846,58
2020-07-20,Sutter,101,95872,636,507,0,507,2
2020-07-20,Tehama,103,63373,211,146,2,148,1
2020-07-20,Trinity,105,12862,23,2,6,8,0
2020-07-20,Tulare,107,460477,9425,6974,33,7007,166
2020-07-20,Tuolumne,109,53932,130,75,2,77,0
2020-07-20,Ventura,111,848112,7570,5912,26,5938,52
2020-07-20,Yolo,113,214977,1539,1155,3,1158,30
2020-07-20,Yuba,115,75493,348,258,0,258,1
2020-07-19,Alameda,001,1643700,11410,9227,31,9258,162
2020-07-19,Alpine,003,1148,2,2,0,2,0
2020-07-19,Amador,005,37829,102,51,0,51,0
2020-07-19,Butte,007,227075,859,555,9,564,4
2020-07-19,Calaveras,009,45235,102,89,0,89,0
2020-07-19,Colusa,011,21464,279,187,0,187,0
2020-07-19,Contra Costa,013,1133247,7976,5691,22,5713,95
2020-07-19,Del Norte,015,27424,83,61,0,61,0
2020-07-19,El Dorado,017,186661,640,385,0,385,0
2020-07-19,Fresno,019,978130,17777,10639,145,10784,106
2020-07-19,Glenn,021,27897,309,215,0,215,0
2020-07-19,Humboldt,023,135768,220,195,1,196,4
2020-07-19,Imperial,025,180216,9755,7280,5,7285,124
2020-07-19,Inyo,027,18085,42,38,1,39,1
2020-07-19,Kern,029,883053,20171,10094,79,10173,115
2020-07-19,Kings,031,150075,3936,3035,24,3059,37
2020-07-19,Lake,033,64148,189,144,0,144,1
2020-07-19,Lassen,035,31185,543,474,2,476,0
2020-07-19,Los Angeles,037,10098052,174693,156039,320,156359,4100
2020-07-19,Madera,039,155013,2116,1301,3,1304,10
2020-07-19,Marin,041,260295,4780,4172,5,4177,21
2020-07-19,Mariposa,043,17540,49,35,0,35,1
2020-07-19,Mendocino,045,87422,216,137,0,137,0
2020-07-19,Merced,047,269075,4199,2460,3,2463,15
2020-07-19,Modoc,049,8938,3,0,0,0,0
2020-07-19,Mono,051,14174,107,63,1,64,1
2020-07-19,Monterey,053,433212,4215,3079,13,3092,18
2020-07-19,Napa,055,140530,914,612,0,612,5
2020-07-19,Nevada,057,99092,292,210,10,220,1
2020-07-19,Orange,059,3164182,38332,29941,587,30528,505
2020-07-19,Placer,061,380077,1803,1246,3,1249,11
2020-07-19,Plumas,063,18699,30,17,0,17,0
2020-07-19,Riverside,065,2383286,38293,30340,38,30378,581
2020-07-19,Sacramento,067,1510023,9865,6985,10,6995,97
2020-07-19,San Benito,069,59416,559,412,0,412,2
2020-07-19,San Bernardino,071,2135413,33686,23928,100,24028,337
2020-07-19,San Diego,073,3302833,28121,23684,2,23686,478
2020-07-19,San Francisco,075,870044,6169,5094,6,5100,52
2020-07-19,San Joaquin,077,732212,11662,8308,6,8314,93
2020-07-19,San Luis Obispo,079,281455,1708,1262,8,1270,6
2020-07-19,San Mateo,081,765935,5483,4522,6,4528,110
2020-07-19,Santa Barbara,083,443738,6443,5145,52,5197,29
2020-07-19,Santa Clara,085,1922200,10418,7403,26,7429,164
2020-07-19,Santa Cruz,087,273765,1003,753,8,761,3
2020-07-19,Shasta,089,179085,381,218,1,219,9
2020-07-19,Sierra,091,2930,1,1,0,1,0
2020-07-19,Siskiyou,093,43540,75,42,0,42,0
2020-07-19,Solano,095,438530,3556,2551,12,2563,26
2020-07-19,Sonoma,097,501317,2888,2074,5,2079,17
2020-07-19,Stanislaus,099,539301,9160,6508,11,6519,58
2020-07-19,Sutter,101,95872,605,480,0,480,2
2020-07-19,Tehama,103,63373,207,138,2,140,1
2020-07-19,Trinity,105,12862,23,2,6,8,0
2020-07-19,Tulare,107,460477,9176,6856,33,6889,166
2020-07-19,Tuolumne,109,53932,125,75,2,77,0
2020-07-19,Ventura,111,848112,7380,5706,26,5732,52
2020-07-19,Yolo,113,214977,1500,1127,3,1130,30
2020-07-19,Yuba,115,75493,328,240,0,240,1
2020-07-18,Alameda,001,1643700,11274,9089,30,9119,162
2020-07-18,Alpine,003,1148,2,2,0,2,0
2020-07-18,Amador,005,37829,98,49,0,49,0
2020-07-18,Butte,007,227075,850,551,9,560,4
2020-07-18,Calaveras,009,45235,98,89,0,89,0
2020-07-18,Colusa,011,21464,274,182,0,182,0
2020-07-18,Contra Costa,013,1133247,7841,5617,22,5639,95
2020-07-18,Del Norte,015,27424,83,61,0,61,0
2020-07-18,El Dorado,017,186661,637,385,0,385,0
2020-07-18,Fresno,019,978130,17528,10381,143,10524,106
2020-07-18,Glenn,021,27897,303,212,0,212,0
2020-07-18,Humboldt,023,135768,217,189,1,190,4
2020-07-18,Imperial,025,180216,9724,7268,5,7273,124
2020-07-18,Inyo,027,18085,42,38,1,39,1
2020-07-18,Kern,029,883053,19868,9250,76,9326,114
2020-07-18,Kings,031,150075,3896,2996,23,3019,37
2020-07-18,Lake,033,64148,186,142,0,142,1
2020-07-18,Lassen,035,31185,542,474,2,476,0
2020-07-18,Los Angeles,037,10098052,173248,153265,309,153574,4088
2020-07-18,Madera,039,155013,2070,1260,3,1263,9
2020-07-18,Marin,041,260295,4751,4089,5,4094,21
2020-07-18,Mariposa,043,17540,49,35,0,35,1
2020-07-18,Mendocino,045,87422,209,137,0,137,0
2020-07-18,Merced,047,269075,4080,2424,3,2427,15
2020-07-18,Modoc,049,8938,3,0,0,0,0
2020-07-18,Mono,051,14174,105,54,1,55,1
2020-07-18,Monterey,053,433212,4147,3020,13,3033,17
2020-07-18,Napa,055,140530,903,609,0,609,5
2020-07-18,Nevada,057,99092,288,204,9,213,1
2020-07-18,Orange,059,3164182,38013,29603,566,30169,493
2020-07-18,Placer,061,380077,1780,1233,3,1236,11
2020-07-18,Plumas,063,18699,30,17,0,17,0
2020-07-18,Riverside,065,2383286,37940,30245,37,30282,581
2020-07-18,Sacramento,067,1510023,9620,6739,10,6749,95
2020-07-18,San Benito,069,59416,544,407,0,407,2
2020-07-18,San Bernardino,071,2135413,33225,23680,93,23773,336
2020-07-18,San Diego,073,3302833,27818,23116,2,23118,478
2020-07-18,San Francisco,075,870044,6067,5051,6,5057,52
2020-07-18,San Joaquin,077,732212,11449,8118,6,8124,93
2020-07-18,San Luis Obispo,079,281455,1675,1234,8,1242,6
2020-07-18,San Mateo,081,765935,5423,4488,6,4494,110
2020-07-18,Santa Barbara,083,443738,6383,5110,50,5160,29
2020-07-18,Santa Clara,085,1922200,10268,7255,25,7280,164
2020-07-18,Santa Cruz,087,273765,986,751,8,759,3
2020-07-18,Shasta,089,179085,372,216,1,217,9
2020-07-18,Sierra,091,2930,1,1,0,1,0
2020-07-18,Siskiyou,093,43540,71,42,0,42,0
2020-07-18,Solano,095,438530,3515,2503,12,2515,26
2020-07-18,Sonoma,097,501317,2837,2019,5,2024,15
2020-07-18,Stanislaus,099,539301,9025,6344,11,6355,58
2020-07-18,Sutter,101,95872,599,473,0,473,2
2020-07-18,Tehama,103,63373,202,136,2,138,1
2020-07-18,Trinity,105,12862,23,2,6,8,0
2020-07-18,Tulare,107,460477,9085,6810,32,6842,167
2020-07-18,Tuolumne,109,53932,122,75,2,77,0
2020-07-18,Ventura,111,848112,7298,5630,26,5656,52
2020-07-18,Yolo,113,214977,1472,1077,3,1080,30
2020-07-18,Yuba,115,75493,317,237,0,237,1
2020-07-17,Alameda,001,1643700,11133,8893,29,8922,160
2020-07-17,Alpine,003,1148,2,1,0,1,0
2020-07-17,Amador,005,37829,96,48,0,48,0
2020-07-17,Butte,007,227075,836,497,9,506,4
2020-07-17,Calaveras,009,45235,96,86,0,86,0
2020-07-17,Colusa,011,21464,272,146,0,146,0
2020-07-17,Contra Costa,013,1133247,7693,5483,22,5505,93
2020-07-17,Del Norte,015,27424,82,60,0,60,0
2020-07-17,El Dorado,017,186661,621,368,0,368,0
2020-07-17,Fresno,019,978130,17228,9954,143,10097,104
2020-07-17,Glenn,021,27897,296,203,0,203,0
2020-07-17,Humboldt,023,135768,216,185,1,186,4
2020-07-17,Imperial,025,180216,9702,7193,5,7198,120
2020-07-17,Inyo,027,18085,42,38,1,39,1
2020-07-17,Kern,029,883053,19548,8291,75,8366,113
2020-07-17,Kings,031,150075,3857,2978,23,3001,37
2020-07-17,Lake,033,64148,184,139,0,139,1
2020-07-17,Lassen,035,31185,523,391,2,393,0
2020-07-17,Los Angeles,037,10098052,170875,150481,297,150778,4052
2020-07-17,Madera,039,155013,2026,1214,3,1217,9
2020-07-17,Marin,041,260295,4714,3839,5,3844,21
2020-07-17,Mariposa,043,17540,47,35,0,35,1
2020-07-17,Mendocino,045,87422,201,126,0,126,0
2020-07-17,Merced,047,269075,4004,2328,3,2331,12
2020-07-17,Modoc,049,8938,2,0,0,0,0
2020-07-17,Mono,051,14174,100,54,1,55,1
2020-07-17,Monterey,053,433212,4018,2922,13,2935,18
2020-07-17,Napa,055,140530,889,598,0,598,5
2020-07-17,Nevada,057,99092,281,200,9,209,1
2020-07-17,Orange,059,3164182,37550,28962,533,29495,485
2020-07-17,Placer,061,380077,1751,1207,3,1210,11
2020-07-17,Plumas,063,18699,27,16,0,16,0
2020-07-17,Riverside,065,2383286,37342,29639,37,29676,580
2020-07-17,Sacramento,067,1510023,9376,6563,10,6573,95
2020-07-17,San Benito,069,59416,529,399,0,399,2
2020-07-17,San Bernardino,071,2135413,32705,23057,90,23147,322
2020-07-17,San Diego,073,3302833,27429,22491,2,22493,472
2020-07-17,San Francisco,075,870044,5973,4967,6,4973,52
2020-07-17,San Joaquin,077,732212,11205,7925,6,7931,86
2020-07-17,San Luis Obispo,079,281455,1639,1190,8,1198,6
2020-07-17,San Mateo,081,765935,5327,4407,6,4413,110
2020-07-17,Santa Barbara,083,443738,6309,5001,49,5050,29
2020-07-17,Santa Clara,085,1922200,10050,7080,25,7105,164
2020-07-17,Santa Cruz,087,273765,964,716,8,724,3
2020-07-17,Shasta,089,179085,360,213,1,214,8
2020-07-17,Sierra,091,2930,1,1,0,1,0
2020-07-17,Siskiyou,093,43540,70,40,0,40,0
2020-07-17,Solano,095,438530,3466,2452,12,2464,26
2020-07-17,Sonoma,097,501317,2789,1982,5,1987,15
2020-07-17,Stanislaus,099,539301,8851,6220,11,6231,56
2020-07-17,Sutter,101,95872,586,458,0,458,2
2020-07-17,Tehama,103,63373,198,128,2,130,1
2020-07-17,Trinity,105,12862,23,2,6,8,0
2020-07-17,Tulare,107,460477,8949,6671,32,6703,166
2020-07-17,Tuolumne,109,53932,121,73,2,75,0
2020-07-17,Ventura,111,848112,7214,5451,26,5477,51
2020-07-17,Yolo,113,214977,1448,1055,3,1058,30
2020-07-17,Yuba,115,75493,307,231,0,231,1
2020-07-16,Alameda,001,1643700,10899,8719,24,8743,153
2020-07-16,Alpine,003,1148,2,1,0,1,0
2020-07-16,Amador,005,37829,93,46,0,46,0
2020-07-16,Butte,007,227075,799,465,8,473,4
2020-07-16,Calaveras,009,45235,94,82,0,82,0
2020-07-16,Colusa,011,21464,263,140,0,140,0
2020-07-16,Contra Costa,013,1133247,7481,5338,16,5354,91
2020-07-16,Del Norte,015,27424,82,60,0,60,0
2020-07-16,El Dorado,017,186661,604,357,0,357,0
2020-07-16,Fresno,019,978130,16716,9481,134,9615,101
2020-07-16,Glenn,021,27897,287,190,0,190,0
2020-07-16,Humboldt,023,135768,214,184,1,185,4
2020-07-16,Imperial,025,180216,9607,7148,5,7153,113
2020-07-16,Inyo,027,18085,42,38,1,39,1
2020-07-16,Kern,029,883053,19026,7435,73,7508,112
2020-07-16,Kings,031,150075,3690,2937,23,2960,37
2020-07-16,Lake,033,64148,179,128,0,128,1
2020-07-16,Lassen,035,31185,522,355,2,357,0
2020-07-16,Los Angeles,037,10098052,167657,147759,274,148033,3994
2020-07-16,Madera,039,155013,1962,1192,3,1195,8
2020-07-16,Marin,041,260295,4642,3546,5,3551,21
2020-07-16,Mariposa,043,17540,45,34,0,34,1
2020-07-16,Mendocino,045,87422,196,121,0,121,0
2020-07-16,Merced,047,269075,3842,2228,3,2231,12
2020-07-16,Modoc,049,8938,1,0,0,0,0
2020-07-16,Mono,051,14174,97,53,1,54,1
2020-07-16,Monterey,053,433212,3914,2857,12,2869,18
2020-07-16,Napa,055,140530,860,581,0,581,5
2020-07-16,Nevada,057,99092,278,191,9,200,1
2020-07-16,Orange,059,3164182,36849,28525,497,29022,471
2020-07-16,Placer,061,380077,1703,1168,3,1171,11
2020-07-16,Plumas,063,18699,25,16,0,16,0
2020-07-16,Riverside,065,2383286,36597,28904,35,28939,577
2020-07-16,Sacramento,067,1510023,9063,6440,9,6449,91
2020-07-16,San Benito,069,59416,512,389,0,389,2
2020-07-16,San Bernardino,071,2135413,31844,22355,72,22427,321
2020-07-16,San Diego,073,3302833,26942,21857,2,21859,465
2020-07-16,San Francisco,075,870044,5832,4838,6,4844,52
2020-07-16,San Joaquin,077,732212,10842,7713,6,7719,82
2020-07-16,San Luis Obispo,079,281455,1595,1146,8,1154,6
2020-07-16,San Mateo,081,765935,5223,4336,6,4342,110
2020-07-16,Santa Barbara,083,443738,6209,4872,48,4920,28
2020-07-16,Santa Clara,085,1922200,9770,6990,23,7013,164
2020-07-16,Santa Cruz,087,273765,923,698,8,706,3
2020-07-16,Shasta,089,179085,345,208,1,209,7
2020-07-16,Sierra,091,2930,1,1,0,1,0
2020-07-16,Siskiyou,093,43540,67,39,0,39,0
2020-07-16,Solano,095,438530,3372,2372,12,2384,25
2020-07-16,Sonoma,097,501317,2699,1954,5,1959,14
2020-07-16,Stanislaus,099,539301,8569,6077,10,6087,56
2020-07-16,Sutter,101,95872,570,444,0,444,2
2020-07-16,Tehama,103,63373,188,126,2,128,1
2020-07-16,Trinity,105,12862,23,2,5,7,0
2020-07-16,Tulare,107,460477,8733,6467,31,6498,163
2020-07-16,Tuolumne,109,53932,116,71,2,73,0
2020-07-16,Ventura,111,848112,7052,5231,26,5257,50
2020-07-16,Yolo,113,214977,1406,1034,3,1037,29
2020-07-16,Yuba,115,75493,289,221,0,221,1
2020-07-15,Alameda,001,1643700,10694,8615,19,8634,153
2020-07-15,Alpine,003,1148,2,1,0,1,0
2020-07-15,Amador,005,37829,72,44,0,44,0
2020-07-15,Butte,007,227075,757,420,8,428,4
2020-07-15,Calaveras,009,45235,94,75,0,75,0
2020-07-15,Colusa,011,21464,258,135,0,135,0
2020-07-15,Contra Costa,013,1133247,7250,5246,16,5262,90
2020-07-15,Del Norte,015,27424,81,60,0,60,0
2020-07-15,El Dorado,017,186661,580,339,0,339,0
2020-07-15,Fresno,019,978130,16242,9124,127,9251,101
2020-07-15,Glenn,021,27897,278,184,0,184,0
2020-07-15,Humboldt,023,135768,212,181,1,182,4
2020-07-15,Imperial,025,180216,9540,7110,5,7115,110
2020-07-15,Inyo,027,18085,42,36,1,37,1
2020-07-15,Kern,029,883053,18406,7155,70,7225,108
2020-07-15,Kings,031,150075,3629,2906,23,2929,37
2020-07-15,Lake,033,64148,177,122,0,122,1
2020-07-15,Lassen,035,31185,518,319,2,321,0
2020-07-15,Los Angeles,037,10098052,164194,143343,259,143602,3946
2020-07-15,Madera,039,155013,1893,1147,3,1150,4
2020-07-15,Marin,041,260295,4587,3458,5,3463,21
2020-07-15,Mariposa,043,17540,45,34,0,34,1
2020-07-15,Mendocino,045,87422,193,119,0,119,0
2020-07-15,Merced,047,269075,3692,2156,3,2159,12
2020-07-15,Modoc,049,8938,1,0,0,0,0
2020-07-15,Mono,051,14174,95,52,1,53,1
2020-07-15,Monterey,053,433212,3802,2780,12,2792,18
2020-07-15,Napa,055,140530,834,573,0,573,5
2020-07-15,Nevada,057,99092,274,185,7,192,1
2020-07-15,Orange,059,3164182,36049,27718,463,28181,454
2020-07-15,Placer,061,380077,1645,1145,3,1148,11
2020-07-15,Plumas,063,18699,25,16,0,16,0
2020-07-15,Riverside,065,2383286,35815,28492,33,28525,568
2020-07-15,Sacramento,067,1510023,8682,6217,9,6226,91
2020-07-15,San Benito,069,59416,503,388,0,388,2
2020-07-15,San Bernardino,071,2135413,31054,21508,56,21564,317
2020-07-15,San Diego,073,3302833,26475,21448,2,21450,448
2020-07-15,San Francisco,075,870044,5718,4757,6,4763,50
2020-07-15,San Joaquin,077,732212,10410,7381,5,7386,75
2020-07-15,San Luis Obispo,079,281455,1552,1097,8,1105,6
2020-07-15,San Mateo,081,765935,5110,4258,6,4264,109
2020-07-15,Santa Barbara,083,443738,6092,4733,48,4781,28
2020-07-15,Santa Clara,085,1922200,9466,6900,23,6923,164
2020-07-15,Santa Cruz,087,273765,887,660,7,667,3
2020-07-15,Shasta,089,179085,336,193,1,194,7
2020-07-15,Sierra,091,2930,1,1,0,1,0
2020-07-15,Siskiyou,093,43540,66,38,0,38,0
2020-07-15,Solano,095,438530,3277,2343,12,2355,25
2020-07-15,Sonoma,097,501317,2601,1920,5,1925,14
2020-07-15,Stanislaus,099,539301,8272,5777,10,5787,56
2020-07-15,Sutter,101,95872,544,433,0,433,2
2020-07-15,Tehama,103,63373,180,126,2,128,1
2020-07-15,Trinity,105,12862,22,2,5,7,0
2020-07-15,Tulare,107,460477,8522,6320,30,6350,156
2020-07-15,Tuolumne,109,53932,109,68,2,70,0
2020-07-15,Ventura,111,848112,6875,5087,26,5113,50
2020-07-15,Yolo,113,214977,1373,1002,3,1005,27
2020-07-15,Yuba,115,75493,277,221,0,221,1
2020-07-14,Alameda,001,1643700,10352,8388,13,8401,151
2020-07-14,Alpine,003,1148,2,1,0,1,0
2020-07-14,Amador,005,37829,68,44,0,44,0
2020-07-14,Butte,007,227075,711,382,8,390,4
2020-07-14,Calaveras,009,45235,92,74,0,74,0
2020-07-14,Colusa,011,21464,248,128,0,128,0
2020-07-14,Contra Costa,013,1133247,7013,5110,14,5124,90
2020-07-14,Del Norte,015,27424,80,60,0,60,0
2020-07-14,El Dorado,017,186661,565,324,0,324,0
2020-07-14,Fresno,019,978130,15822,8941,122,9063,98
2020-07-14,Glenn,021,27897,268,177,0,177,0
2020-07-14,Humboldt,023,135768,209,175,1,176,4
2020-07-14,Imperial,025,180216,9412,7095,5,7100,109
2020-07-14,Inyo,027,18085,42,35,1,36,1
2020-07-14,Kern,029,883053,17647,6979,57,7036,107
2020-07-14,Kings,031,150075,3562,2867,22,2889,37
2020-07-14,Lake,033,64148,171,120,0,120,1
2020-07-14,Lassen,035,31185,501,263,2,265,0
2020-07-14,Los Angeles,037,10098052,161061,140632,229,140861,3900
2020-07-14,Madera,039,155013,1819,1118,3,1121,4
2020-07-14,Marin,041,260295,4473,3451,5,3456,21
2020-07-14,Mariposa,043,17540,41,32,0,32,1
2020-07-14,Mendocino,045,87422,185,110,0,110,0
2020-07-14,Merced,047,269075,3513,2084,3,2087,12
2020-07-14,Modoc,049,8938,1,0,0,0,0
2020-07-14,Mono,051,14174,85,48,1,49,1
2020-07-14,Monterey,053,433212,3688,2724,12,2736,18
2020-07-14,Napa,055,140530,778,557,0,557,4
2020-07-14,Nevada,057,99092,257,180,6,186,1
2020-07-14,Orange,059,3164182,35169,26915,416,27331,432
2020-07-14,Placer,061,380077,1587,1122,3,1125,11
2020-07-14,Plumas,063,18699,24,14,0,14,0
2020-07-14,Riverside,065,2383286,35058,27850,32,27882,547
2020-07-14,Sacramento,067,1510023,8328,5978,9,5987,87
2020-07-14,San Benito,069,59416,484,360,0,360,2
2020-07-14,San Bernardino,071,2135413,30202,20489,46,20535,316
2020-07-14,San Diego,073,3302833,25856,20887,2,20889,436
2020-07-14,San Francisco,075,870044,5568,4659,5,4664,50
2020-07-14,San Joaquin,077,732212,9982,7143,5,7148,75
2020-07-14,San Luis Obispo,079,281455,1514,1060,8,1068,5
2020-07-14,San Mateo,081,765935,5017,4173,6,4179,108
2020-07-14,Santa Barbara,083,443738,5968,4641,46,4687,28
2020-07-14,Santa Clara,085,1922200,9138,6686,20,6706,164
2020-07-14,Santa Cruz,087,273765,848,639,7,646,3
2020-07-14,Shasta,089,179085,327,190,1,191,7
2020-07-14,Sierra,091,2930,1,1,0,1,0
2020-07-14,Siskiyou,093,43540,65,38,0,38,0
2020-07-14,Solano,095,438530,3177,2266,10,2276,25
2020-07-14,Sonoma,097,501317,2509,1866,5,1871,14
2020-07-14,Stanislaus,099,539301,7898,5631,9,5640,53
2020-07-14,Sutter,101,95872,525,405,0,405,2
2020-07-14,Tehama,103,63373,168,123,2,125,1
2020-07-14,Trinity,105,12862,21,2,5,7,0
2020-07-14,Tulare,107,460477,8276,6199,30,6229,156
2020-07-14,Tuolumne,109,53932,104,68,2,70,0
2020-07-14,Ventura,111,848112,6714,4950,26,4976,50
2020-07-14,Yolo,113,214977,1325,966,3,969,27
2020-07-14,Yuba,115,75493,260,210,0,210,1
2020-07-13,Alameda,001,1643700,10044,8115,13,8128,148
2020-07-13,Alpine,003,1148,2,1,0,1,0
2020-07-13,Amador,005,37829,64,42,0,42,0
2020-07-13,Butte,007,227075,675,354,8,362,4
2020-07-13,Calaveras,009,45235,83,63,0,63,0
2020-07-13,Colusa,011,21464,242,116,0,116,0
2020-07-13,Contra Costa,013,1133247,6740,4882,12,4894,88
2020-07-13,Del Norte,015,27424,74,59,0,59,0
2020-07-13,El Dorado,017,186661,534,298,0,298,0
2020-07-13,Fresno,019,978130,15391,8666,117,8783,95
2020-07-13,Glenn,021,27897,261,168,0,168,0
2020-07-13,Humboldt,023,135768,204,174,1,175,4
2020-07-13,Imperial,025,180216,9327,7052,5,7057,109
2020-07-13,Inyo,027,18085,41,35,1,36,1
2020-07-13,Kern,029,883053,16962,6808,52,6860,107
2020-07-13,Kings,031,150075,3511,2824,22,2846,37
2020-07-13,Lake,033,64148,166,118,0,118,1
2020-07-13,Lassen,035,31185,496,237,2,239,0
2020-07-13,Los Angeles,037,10098052,157831,136368,215,136583,3829
2020-07-13,Madera,039,155013,1750,1059,3,1062,4
2020-07-13,Marin,041,260295,4370,3402,5,3407,21
2020-07-13,Mariposa,043,17540,40,31,0,31,1
2020-07-13,Mendocino,045,87422,181,87,0,87,0
2020-07-13,Merced,047,269075,3364,2007,3,2010,12
2020-07-13,Modoc,049,8938,1,0,0,0,0
2020-07-13,Mono,051,14174,81,47,0,47,1
2020-07-13,Monterey,053,433212,3565,2613,9,2622,18
2020-07-13,Napa,055,140530,742,534,0,534,4
2020-07-13,Nevada,057,99092,243,172,6,178,1
2020-07-13,Orange,059,3164182,34305,25978,386,26364,423
2020-07-13,Placer,061,380077,1542,1096,3,1099,11
2020-07-13,Plumas,063,18699,22,14,0,14,0
2020-07-13,Riverside,065,2383286,34133,27136,30,27166,545
2020-07-13,Sacramento,067,1510023,8031,5747,9,5756,85
2020-07-13,San Benito,069,59416,471,343,0,343,2
2020-07-13,San Bernardino,071,2135413,29324,19610,40,19650,313
2020-07-13,San Diego,073,3302833,25289,20348,2,20350,422
2020-07-13,San Francisco,075,870044,5440,4534,4,4538,50
2020-07-13,San Joaquin,077,732212,9565,6927,5,6932,71
2020-07-13,San Luis Obispo,079,281455,1483,989,8,997,5
2020-07-13,San Mateo,081,765935,4886,4057,6,4063,108
2020-07-13,Santa Barbara,083,443738,5854,4441,45,4486,28
2020-07-13,Santa Clara,085,1922200,8815,6488,19,6507,164
2020-07-13,Santa Cruz,087,273765,810,574,7,581,3
2020-07-13,Shasta,089,179085,316,185,1,186,6
2020-07-13,Sierra,091,2930,1,1,0,1,0
2020-07-13,Siskiyou,093,43540,61,37,0,37,0
2020-07-13,Solano,095,438530,3065,2046,10,2056,23
2020-07-13,Sonoma,097,501317,2398,1818,5,1823,14
2020-07-13,Stanislaus,099,539301,7595,5324,8,5332,53
2020-07-13,Sutter,101,95872,487,379,0,379,2
2020-07-13,Tehama,103,63373,155,112,2,114,1
2020-07-13,Trinity,105,12862,21,2,5,7,0
2020-07-13,Tulare,107,460477,8015,5930,28,5958,147
2020-07-13,Tuolumne,109,53932,96,56,2,58,0
2020-07-13,Ventura,111,848112,6524,4800,23,4823,50
2020-07-13,Yolo,113,214977,1279,941,3,944,27
2020-07-13,Yuba,115,75493,245,194,0,194,1
2020-07-12,Alameda,001,1643700,9773,8056,13,8069,148
2020-07-12,Alpine,003,1148,2,1,0,1,0
2020-07-12,Amador,005,37829,54,40,0,40,0
2020-07-12,Butte,007,227075,625,341,7,348,4
2020-07-12,Calaveras,009,45235,83,62,0,62,0
2020-07-12,Colusa,011,21464,208,116,0,116,0
2020-07-12,Contra Costa,013,1133247,6469,4708,10,4718,88
2020-07-12,Del Norte,015,27424,63,59,0,59,0
2020-07-12,El Dorado,017,186661,512,290,0,290,0
2020-07-12,Fresno,019,978130,14964,8407,112,8519,95
2020-07-12,Glenn,021,27897,248,166,0,166,0
2020-07-12,Humboldt,023,135768,200,174,1,175,4
2020-07-12,Imperial,025,180216,9208,6999,5,7004,109
2020-07-12,Inyo,027,18085,39,35,1,36,1
2020-07-12,Kern,029,883053,16218,6662,49,6711,105
2020-07-12,Kings,031,150075,3449,2779,22,2801,34
2020-07-12,Lake,033,64148,157,114,0,114,1
2020-07-12,Lassen,035,31185,489,237,2,239,0
2020-07-12,Los Angeles,037,10098052,154416,133830,186,134016,3816
2020-07-12,Madera,039,155013,1695,1025,3,1028,4
2020-07-12,Marin,041,260295,4293,3358,5,3363,21
2020-07-12,Mariposa,043,17540,39,31,0,31,1
2020-07-12,Mendocino,045,87422,162,88,0,88,0
2020-07-12,Merced,047,269075,3234,1908,3,1911,12
2020-07-12,Modoc,049,8938,1,0,0,0,0
2020-07-12,Mono,051,14174,71,45,0,45,1
2020-07-12,Monterey,053,433212,3450,2521,9,2530,18
2020-07-12,Napa,055,140530,710,519,0,519,4
2020-07-12,Nevada,057,99092,233,166,6,172,1
2020-07-12,Orange,059,3164182,33430,25399,377,25776,422
2020-07-12,Placer,061,380077,1486,1058,3,1061,11
2020-07-12,Plumas,063,18699,21,14,0,14,0
2020-07-12,Riverside,065,2383286,33374,26404,30,26434,542
2020-07-12,Sacramento,067,1510023,7719,5515,7,5522,85
2020-07-12,San Benito,069,59416,456,324,0,324,2
2020-07-12,San Bernardino,071,2135413,28411,19042,35,19077,312
2020-07-12,San Diego,073,3302833,24660,19929,2,19931,422
2020-07-12,San Francisco,075,870044,5290,4535,4,4539,50
2020-07-12,San Joaquin,077,732212,9203,6703,5,6708,71
2020-07-12,San Luis Obispo,079,281455,1436,972,7,979,5
2020-07-12,San Mateo,081,765935,4768,3988,6,3994,108
2020-07-12,Santa Barbara,083,443738,5724,4353,44,4397,28
2020-07-12,Santa Clara,085,1922200,8577,6252,18,6270,164
2020-07-12,Santa Cruz,087,273765,768,573,5,578,3
2020-07-12,Shasta,089,179085,310,173,1,174,6
2020-07-12,Sierra,091,2930,1,1,0,1,0
2020-07-12,Siskiyou,093,43540,59,36,0,36,0
2020-07-12,Solano,095,438530,2940,2037,10,2047,23
2020-07-12,Sonoma,097,501317,2303,1743,5,1748,13
2020-07-12,Stanislaus,099,539301,7291,5177,8,5185,53
2020-07-12,Sutter,101,95872,469,362,0,362,2
2020-07-12,Tehama,103,63373,148,111,2,113,1
2020-07-12,Trinity,105,12862,21,2,5,7,0
2020-07-12,Tulare,107,460477,7760,5864,27,5891,146
2020-07-12,Tuolumne,109,53932,88,52,2,54,0
2020-07-12,Ventura,111,848112,6308,4724,22,4746,50
2020-07-12,Yolo,113,214977,1238,889,3,892,27
2020-07-12,Yuba,115,75493,234,188,0,188,1
2020-07-11,Alameda,001,1643700,9671,7845,13,7858,148
2020-07-11,Alpine,003,1148,2,1,0,1,0
2020-07-11,Amador,005,37829,50,37,0,37,0
2020-07-11,Butte,007,227075,609,325,7,332,4
2020-07-11,Calaveras,009,45235,80,62,0,62,0
2020-07-11,Colusa,011,21464,203,110,0,110,0
2020-07-11,Contra Costa,013,1133247,6352,4650,10,4660,87
2020-07-11,Del Norte,015,27424,63,59,0,59,0
2020-07-11,El Dorado,017,186661,501,283,0,283,0
2020-07-11,Fresno,019,978130,14704,8086,110,8196,95
2020-07-11,Glenn,021,27897,240,161,0,161,0
2020-07-11,Humboldt,023,135768,199,174,1,175,4
2020-07-11,Imperial,025,180216,9169,6884,5,6889,109
2020-07-11,Inyo,027,18085,39,35,1,36,1
2020-07-11,Kern,029,883053,15861,6509,48,6557,103
2020-07-11,Kings,031,150075,3422,2753,22,2775,33
2020-07-11,Lake,033,64148,156,110,0,110,1
2020-07-11,Lassen,035,31185,488,237,2,239,0
2020-07-11,Los Angeles,037,10098052,152698,130479,176,130655,3802
2020-07-11,Madera,039,155013,1654,988,3,991,4
2020-07-11,Marin,041,260295,4265,3191,5,3196,21
2020-07-11,Mariposa,043,17540,39,31,0,31,1
2020-07-11,Mendocino,045,87422,158,88,0,88,0
2020-07-11,Merced,047,269075,3153,1851,3,1854,12
2020-07-11,Modoc,049,8938,1,0,0,0,0
2020-07-11,Mono,051,14174,68,45,0,45,1
2020-07-11,Monterey,053,433212,3361,2376,8,2384,18
2020-07-11,Napa,055,140530,698,509,0,509,4
2020-07-11,Nevada,057,99092,224,163,5,168,1
2020-07-11,Orange,059,3164182,33053,24430,363,24793,422
2020-07-11,Placer,061,380077,1451,1029,3,1032,11
2020-07-11,Plumas,063,18699,21,12,0,12,0
2020-07-11,Riverside,065,2383286,32983,25994,30,26024,538
2020-07-11,Sacramento,067,1510023,7545,5367,7,5374,84
2020-07-11,San Benito,069,59416,441,314,0,314,2
2020-07-11,San Bernardino,071,2135413,27974,18907,33,18940,310
2020-07-11,San Diego,073,3302833,24275,19371,2,19373,422
2020-07-11,San Francisco,075,870044,5194,4430,3,4433,50
2020-07-11,San Joaquin,077,732212,9025,6518,5,6523,72
2020-07-11,San Luis Obispo,079,281455,1388,930,7,937,4
2020-07-11,San Mateo,081,765935,4700,3956,6,3962,108
2020-07-11,Santa Barbara,083,443738,5655,4283,43,4326,28
2020-07-11,Santa Clara,085,1922200,8418,5959,18,5977,164
2020-07-11,Santa Cruz,087,273765,737,571,5,576,3
2020-07-11,Shasta,089,179085,303,168,1,169,6
2020-07-11,Sierra,091,2930,1,1,0,1,0
2020-07-11,Siskiyou,093,43540,59,36,0,36,0
2020-07-11,Solano,095,438530,2899,2034,10,2044,23
2020-07-11,Sonoma,097,501317,2266,1690,5,1695,13
2020-07-11,Stanislaus,099,539301,7150,4911,8,4919,51
2020-07-11,Sutter,101,95872,453,352,0,352,2
2020-07-11,Tehama,103,63373,146,111,2,113,1
2020-07-11,Trinity,105,12862,21,2,5,7,0
2020-07-11,Tulare,107,460477,7654,5780,27,5807,149
2020-07-11,Tuolumne,109,53932,86,50,2,52,0
2020-07-11,Ventura,111,848112,6212,4545,21,4566,49
2020-07-11,Yolo,113,214977,1209,833,3,836,27
2020-07-11,Yuba,115,75493,224,175,0,175,1
2020-07-10,Alameda,001,1643700,9514,7551,13,7564,147
2020-07-10,Alpine,003,1148,2,1,0,1,0
2020-07-10,Amador,005,37829,46,37,0,37,0
2020-07-10,Butte,007,227075,598,318,7,325,4
2020-07-10,Calaveras,009,45235,80,61,0,61,0
2020-07-10,Colusa,011,21464,197,103,0,103,0
2020-07-10,Contra Costa,013,1133247,6209,4482,10,4492,86
2020-07-10,Del Norte,015,27424,63,57,0,57,0
2020-07-10,El Dorado,017,186661,483,266,0,266,0
2020-07-10,Fresno,019,978130,14372,7760,107,7867,93
2020-07-10,Glenn,021,27897,235,157,0,157,0
2020-07-10,Humboldt,023,135768,198,168,1,169,4
2020-07-10,Imperial,025,180216,9124,6878,4,6882,98
2020-07-10,Inyo,027,18085,39,35,1,36,1
2020-07-10,Kern,029,883053,15428,6344,47,6391,102
2020-07-10,Kings,031,150075,3386,2707,22,2729,33
2020-07-10,Lake,033,64148,149,104,0,104,1
2020-07-10,Lassen,035,31185,487,235,2,237,0
2020-07-10,Los Angeles,037,10098052,150279,127503,170,127673,3750
2020-07-10,Madera,039,155013,1608,914,3,917,4
2020-07-10,Marin,041,260295,4202,3101,5,3106,21
2020-07-10,Mariposa,043,17540,38,31,0,31,1
2020-07-10,Mendocino,045,87422,150,88,0,88,0
2020-07-10,Merced,047,269075,3074,1802,3,1805,12
2020-07-10,Modoc,049,8938,1,0,0,0,0
2020-07-10,Mono,051,14174,67,45,0,45,1
2020-07-10,Monterey,053,433212,3282,2285,8,2293,18
2020-07-10,Napa,055,140530,687,496,0,496,4
2020-07-10,Nevada,057,99092,219,161,5,166,1
2020-07-10,Orange,059,3164182,32465,23692,360,24052,416
2020-07-10,Placer,061,380077,1411,1002,3,1005,11
2020-07-10,Plumas,063,18699,19,12,0,12,0
2020-07-10,Riverside,065,2383286,32466,25481,30,25511,533
2020-07-10,Sacramento,067,1510023,7290,5181,7,5188,81
2020-07-10,San Benito,069,59416,432,302,0,302,2
2020-07-10,San Bernardino,071,2135413,27448,18242,30,18272,308
2020-07-10,San Diego,073,3302833,23894,18862,2,18864,420
2020-07-10,San Francisco,075,870044,5103,4305,3,4308,50
2020-07-10,San Joaquin,077,732212,8792,6225,5,6230,67
2020-07-10,San Luis Obispo,079,281455,1350,891,7,898,4
2020-07-10,San Mateo,081,765935,4635,3844,6,3850,107
2020-07-10,Santa Barbara,083,443738,5558,4177,42,4219,28
2020-07-10,Santa Clara,085,1922200,8194,5819,18,5837,164
2020-07-10,Santa Cruz,087,273765,710,540,5,545,3
2020-07-10,Shasta,089,179085,299,158,1,159,6
2020-07-10,Sierra,091,2930,1,1,0,1,0
2020-07-10,Siskiyou,093,43540,59,31,0,31,0
2020-07-10,Solano,095,438530,2852,1950,10,1960,23
2020-07-10,Sonoma,097,501317,2219,1606,4,1610,13
2020-07-10,Stanislaus,099,539301,6980,4781,8,4789,46
2020-07-10,Sutter,101,95872,446,338,0,338,2
2020-07-10,Tehama,103,63373,145,107,2,109,1
2020-07-10,Trinity,105,12862,21,2,5,7,0
2020-07-10,Tulare,107,460477,7517,5677,27,5704,150
2020-07-10,Tuolumne,109,53932,85,49,2,51,0
2020-07-10,Ventura,111,848112,6098,4416,21,4437,48
2020-07-10,Yolo,113,214977,1185,794,3,797,27
2020-07-10,Yuba,115,75493,210,164,0,164,1
2020-07-09,Alameda,001,1643700,9278,7433,13,7446,146
2020-07-09,Alpine,003,1148,2,1,0,1,0
2020-07-09,Amador,005,37829,43,36,0,36,0
2020-07-09,Butte,007,227075,566,295,7,302,4
2020-07-09,Calaveras,009,45235,79,59,0,59,0
2020-07-09,Colusa,011,21464,189,97,0,97,0
2020-07-09,Contra Costa,013,1133247,5966,4388,10,4398,86
2020-07-09,Del Norte,015,27424,63,57,0,57,0
2020-07-09,El Dorado,017,186661,458,255,0,255,0
2020-07-09,Fresno,019,978130,13915,7385,104,7489,90
2020-07-09,Glenn,021,27897,225,150,0,150,0
2020-07-09,Humboldt,023,135768,195,166,1,167,4
2020-07-09,Imperial,025,180216,9029,6778,4,6782,87
2020-07-09,Inyo,027,18085,37,35,1,36,1
2020-07-09,Kern,029,883053,14783,6100,45,6145,95
2020-07-09,Kings,031,150075,3322,2686,21,2707,33
2020-07-09,Lake,033,64148,146,99,0,99,1
2020-07-09,Lassen,035,31185,431,221,2,223,0
2020-07-09,Los Angeles,037,10098052,147021,125062,146,125208,3698
2020-07-09,Madera,039,155013,1531,850,3,853,4
2020-07-09,Marin,041,260295,4051,2975,4,2979,20
2020-07-09,Mariposa,043,17540,38,32,0,32,1
2020-07-09,Mendocino,045,87422,146,88,0,88,0
2020-07-09,Merced,047,269075,2941,1728,3,1731,11
2020-07-09,Modoc,049,8938,1,0,0,0,0
2020-07-09,Mono,051,14174,63,45,0,45,1
2020-07-09,Monterey,053,433212,3157,2223,8,2231,17
2020-07-09,Napa,055,140530,670,468,0,468,4
2020-07-09,Nevada,057,99092,213,156,5,161,1
2020-07-09,Orange,059,3164182,31494,22960,342,23302,407
2020-07-09,Placer,061,380077,1368,982,3,985,11
2020-07-09,Plumas,063,18699,19,12,0,12,0
2020-07-09,Riverside,065,2383286,31572,24980,29,25009,529
2020-07-09,Sacramento,067,1510023,6963,4950,7,4957,81
2020-07-09,San Benito,069,59416,416,295,0,295,2
2020-07-09,San Bernardino,071,2135413,26575,17339,24,17363,307
2020-07-09,San Diego,073,3302833,23302,18404,2,18406,415
2020-07-09,San Francisco,075,870044,4971,4143,3,4146,50
2020-07-09,San Joaquin,077,732212,8433,6004,5,6009,66
2020-07-09,San Luis Obispo,079,281455,1310,869,7,876,3
2020-07-09,San Mateo,081,765935,4508,3792,6,3798,106
2020-07-09,Santa Barbara,083,443738,5424,4068,42,4110,28
2020-07-09,Santa Clara,085,1922200,7937,5638,18,5656,164
2020-07-09,Santa Cruz,087,273765,683,526,5,531,3
2020-07-09,Shasta,089,179085,293,155,1,156,5
2020-07-09,Sierra,091,2930,1,1,0,1,0
2020-07-09,Siskiyou,093,43540,55,31,0,31,0
2020-07-09,Solano,095,438530,2754,1892,10,1902,23
2020-07-09,Sonoma,097,501317,2133,1584,4,1588,13
2020-07-09,Stanislaus,099,539301,6664,4633,7,4640,46
2020-07-09,Sutter,101,95872,429,321,0,321,2
2020-07-09,Tehama,103,63373,140,102,2,104,1
2020-07-09,Trinity,105,12862,21,2,5,7,0
2020-07-09,Tulare,107,460477,7298,5501,26,5527,146
2020-07-09,Tuolumne,109,53932,84,47,2,49,0
2020-07-09,Ventura,111,848112,5930,4278,21,4299,47
2020-07-09,Yolo,113,214977,1138,764,3,767,27
2020-07-09,Yuba,115,75493,193,152,0,152,1
2020-07-08,Alameda,001,1643700,8986,7335,13,7348,142
2020-07-08,Alpine,003,1148,2,1,0,1,0
2020-07-08,Amador,005,37829,40,35,0,35,0
2020-07-08,Butte,007,227075,529,281,7,288,3
2020-07-08,Calaveras,009,45235,74,58,0,58,0
2020-07-08,Colusa,011,21464,176,90,0,90,0
2020-07-08,Contra Costa,013,1133247,5720,4268,8,4276,84
2020-07-08,Del Norte,015,27424,61,57,0,57,0
2020-07-08,El Dorado,017,186661,437,248,0,248,0
2020-07-08,Fresno,019,978130,13498,7102,96,7198,86
2020-07-08,Glenn,021,27897,214,146,0,146,0
2020-07-08,Humboldt,023,135768,192,162,1,163,4
2020-07-08,Imperial,025,180216,8942,6727,4,6731,76
2020-07-08,Inyo,027,18085,37,35,1,36,1
2020-07-08,Kern,029,883053,14205,5873,43,5916,91
2020-07-08,Kings,031,150075,3262,2629,18,2647,33
2020-07-08,Lake,033,64148,139,97,0,97,1
2020-07-08,Lassen,035,31185,335,221,2,223,0
2020-07-08,Los Angeles,037,10098052,143821,123462,119,123581,3650
2020-07-08,Madera,039,155013,1461,828,3,831,4
2020-07-08,Marin,041,260295,3952,2756,4,2760,17
2020-07-08,Mariposa,043,17540,38,31,0,31,1
2020-07-08,Mendocino,045,87422,133,84,0,84,0
2020-07-08,Merced,047,269075,2822,1578,3,1581,11
2020-07-08,Modoc,049,8938,1,0,0,0,0
2020-07-08,Mono,051,14174,60,45,0,45,1
2020-07-08,Monterey,053,433212,3039,2182,7,2189,17
2020-07-08,Napa,055,140530,647,468,0,468,4
2020-07-08,Nevada,057,99092,204,156,5,161,1
2020-07-08,Orange,059,3164182,30541,22088,337,22425,378
2020-07-08,Placer,061,380077,1321,948,3,951,11
2020-07-08,Plumas,063,18699,19,12,0,12,0
2020-07-08,Riverside,065,2383286,30608,24042,28,24070,508
2020-07-08,Sacramento,067,1510023,6675,4799,7,4806,80
2020-07-08,San Benito,069,59416,400,282,0,282,2
2020-07-08,San Bernardino,071,2135413,25720,16510,20,16530,296
2020-07-08,San Diego,073,3302833,22735,17844,2,17846,406
2020-07-08,San Francisco,075,870044,4882,4093,3,4096,50
2020-07-08,San Joaquin,077,732212,8090,5759,5,5764,61
2020-07-08,San Luis Obispo,079,281455,1258,825,7,832,2
2020-07-08,San Mateo,081,765935,4387,3733,6,3739,106
2020-07-08,Santa Barbara,083,443738,5305,3985,42,4027,28
2020-07-08,Santa Clara,085,1922200,7704,5510,18,5528,164
2020-07-08,Santa Cruz,087,273765,650,509,4,513,3
2020-07-08,Shasta,089,179085,284,148,1,149,6
2020-07-08,Sierra,091,2930,1,1,0,1,0
2020-07-08,Siskiyou,093,43540,55,31,0,31,0
2020-07-08,Solano,095,438530,2638,1821,10,1831,23
2020-07-08,Sonoma,097,501317,2058,1495,4,1499,9
2020-07-08,Stanislaus,099,539301,6364,4344,7,4351,46
2020-07-08,Sutter,101,95872,404,298,0,298,2
2020-07-08,Tehama,103,63373,134,100,2,102,1
2020-07-08,Trinity,105,12862,20,2,5,7,0
2020-07-08,Tulare,107,460477,7106,5307,21,5328,138
2020-07-08,Tuolumne,109,53932,80,42,2,44,0
2020-07-08,Ventura,111,848112,5765,4139,21,4160,47
2020-07-08,Yolo,113,214977,1095,727,3,730,26
2020-07-08,Yuba,115,75493,180,145,0,145,1
2020-07-07,Alameda,001,1643700,8667,7097,12,7109,141
2020-07-07,Alpine,003,1148,2,1,0,1,0
2020-07-07,Amador,005,37829,40,33,0,33,0
2020-07-07,Butte,007,227075,486,269,7,276,3
2020-07-07,Calaveras,009,45235,72,58,0,58,0
2020-07-07,Colusa,011,21464,143,84,0,84,0
2020-07-07,Contra Costa,013,1133247,5484,4131,7,4138,84
2020-07-07,Del Norte,015,27424,61,57,0,57,0
2020-07-07,El Dorado,017,186661,417,244,0,244,0
2020-07-07,Fresno,019,978130,13044,6738,95,6833,84
2020-07-07,Glenn,021,27897,205,145,0,145,0
2020-07-07,Humboldt,023,135768,189,150,1,151,4
2020-07-07,Imperial,025,180216,8843,6678,4,6682,51
2020-07-07,Inyo,027,18085,36,32,1,33,1
2020-07-07,Kern,029,883053,13506,5645,39,5684,88
2020-07-07,Kings,031,150075,3199,2623,16,2639,33
2020-07-07,Lake,033,64148,129,94,0,94,1
2020-07-07,Lassen,035,31185,264,219,2,221,0
2020-07-07,Los Angeles,037,10098052,140253,121026,111,121137,3588
2020-07-07,Madera,039,155013,1417,794,3,797,4
2020-07-07,Marin,041,260295,3863,2627,4,2631,17
2020-07-07,Mariposa,043,17540,38,31,0,31,1
2020-07-07,Mendocino,045,87422,125,82,0,82,0
2020-07-07,Merced,047,269075,2648,1531,3,1534,10
2020-07-07,Modoc,049,8938,1,0,0,0,0
2020-07-07,Mono,051,14174,59,42,0,42,1
2020-07-07,Monterey,053,433212,2896,2166,7,2173,17
2020-07-07,Napa,055,140530,628,459,0,459,4
2020-07-07,Nevada,057,99092,198,150,5,155,1
2020-07-07,Orange,059,3164182,29530,21741,323,22064,373
2020-07-07,Placer,061,380077,1280,930,3,933,11
2020-07-07,Plumas,063,18699,17,12,0,12,0
2020-07-07,Riverside,065,2383286,29593,23279,28,23307,499
2020-07-07,Sacramento,067,1510023,6331,4592,7,4599,76
2020-07-07,San Benito,069,59416,382,274,0,274,2
2020-07-07,San Bernardino,071,2135413,24849,16004,18,16022,277
2020-07-07,San Diego,073,3302833,22020,17580,2,17582,399
2020-07-07,San Francisco,075,870044,4789,4045,2,4047,50
2020-07-07,San Joaquin,077,732212,7748,5547,5,5552,59
2020-07-07,San Luis Obispo,079,281455,1197,795,7,802,2
2020-07-07,San Mateo,081,765935,4272,3691,6,3697,106
2020-07-07,Santa Barbara,083,443738,5176,3866,41,3907,27
2020-07-07,Santa Clara,085,1922200,7435,5438,18,5456,164
2020-07-07,Santa Cruz,087,273765,616,502,3,505,2
2020-07-07,Shasta,089,179085,271,144,1,145,6
2020-07-07,Sierra,091,2930,1,1,0,1,0
2020-07-07,Siskiyou,093,43540,54,30,0,30,0
2020-07-07,Solano,095,438530,2527,1776,9,1785,22
2020-07-07,Sonoma,097,501317,1987,1473,4,1477,8
2020-07-07,Stanislaus,099,539301,6025,4101,7,4108,46
2020-07-07,Sutter,101,95872,378,273,0,273,2
2020-07-07,Tehama,103,63373,125,95,2,97,1
2020-07-07,Trinity,105,12862,20,2,5,7,0
2020-07-07,Tulare,107,460477,6926,5189,19,5208,137
2020-07-07,Tuolumne,109,53932,74,40,2,42,0
2020-07-07,Ventura,111,848112,5596,3992,19,4011,46
2020-07-07,Yolo,113,214977,1027,706,3,709,26
2020-07-07,Yuba,115,75493,160,138,0,138,1
2020-07-06,Alameda,001,1643700,8429,6970,12,6982,141
2020-07-06,Alpine,003,1148,1,1,0,1,0
2020-07-06,Amador,005,37829,38,33,0,33,0
2020-07-06,Butte,007,227075,430,257,7,264,2
2020-07-06,Calaveras,009,45235,69,45,0,45,0
2020-07-06,Colusa,011,21464,134,80,0,80,0
2020-07-06,Contra Costa,013,1133247,5254,3901,6,3907,83
2020-07-06,Del Norte,015,27424,60,57,0,57,0
2020-07-06,El Dorado,017,186661,402,232,0,232,0
2020-07-06,Fresno,019,978130,12576,6364,89,6453,82
2020-07-06,Glenn,021,27897,197,129,0,129,0
2020-07-06,Humboldt,023,135768,187,148,1,149,3
2020-07-06,Imperial,025,180216,8724,6443,4,6447,47
2020-07-06,Inyo,027,18085,36,32,1,33,1
2020-07-06,Kern,029,883053,12700,5491,37,5528,82
2020-07-06,Kings,031,150075,3148,2583,11,2594,33
2020-07-06,Lake,033,64148,122,93,0,93,1
2020-07-06,Lassen,035,31185,262,219,2,221,0
2020-07-06,Los Angeles,037,10098052,136653,116707,97,116804,3541
2020-07-06,Madera,039,155013,1347,734,3,737,4
2020-07-06,Marin,041,260295,3623,2136,4,2140,17
2020-07-06,Mariposa,043,17540,36,31,0,31,1
2020-07-06,Mendocino,045,87422,108,72,0,72,0
2020-07-06,Merced,047,269075,2497,1396,3,1399,10
2020-07-06,Modoc,049,8938,1,0,0,0,0
2020-07-06,Mono,051,14174,58,40,0,40,1
2020-07-06,Monterey,053,433212,2806,2078,7,2085,15
2020-07-06,Napa,055,140530,610,454,0,454,4
2020-07-06,Nevada,057,99092,192,146,5,151,1
2020-07-06,Orange,059,3164182,28468,20167,286,20453,372
2020-07-06,Placer,061,380077,1218,904,3,907,11
2020-07-06,Plumas,063,18699,17,11,0,11,0
2020-07-06,Riverside,065,2383286,28541,22485,27,22512,477
2020-07-06,Sacramento,067,1510023,5981,4420,7,4427,71
2020-07-06,San Benito,069,59416,367,264,0,264,2
2020-07-06,San Bernardino,071,2135413,23993,15346,15,15361,272
2020-07-06,San Diego,073,3302833,21306,17002,2,17004,387
2020-07-06,San Francisco,075,870044,4668,3861,2,3863,50
2020-07-06,San Joaquin,077,732212,7378,5104,5,5109,57
2020-07-06,San Luis Obispo,079,281455,1140,751,7,758,2
2020-07-06,San Mateo,081,765935,4180,3650,5,3655,106
2020-07-06,Santa Barbara,083,443738,5039,3763,40,3803,27
2020-07-06,Santa Clara,085,1922200,7164,5369,18,5387,165
2020-07-06,Santa Cruz,087,273765,594,466,2,468,2
2020-07-06,Shasta,089,179085,261,143,1,144,6
2020-07-06,Sierra,091,2930,1,1,0,1,0
2020-07-06,Siskiyou,093,43540,50,30,0,30,0
2020-07-06,Solano,095,438530,2394,1668,9,1677,22
2020-07-06,Sonoma,097,501317,1923,1369,4,1373,8
2020-07-06,Stanislaus,099,539301,5623,3983,7,3990,46
2020-07-06,Sutter,101,95872,351,250,0,250,2
2020-07-06,Tehama,103,63373,122,95,2,97,1
2020-07-06,Trinity,105,12862,19,2,5,7,0
2020-07-06,Tulare,107,460477,6721,5039,17,5056,136
2020-07-06,Tuolumne,109,53932,71,30,2,32,0
2020-07-06,Ventura,111,848112,5403,3912,19,3931,44
2020-07-06,Yolo,113,214977,971,685,3,688,26
2020-07-06,Yuba,115,75493,146,124,0,124,1
2020-07-05,Alameda,001,1643700,8177,6861,12,6873,141
2020-07-05,Alpine,003,1148,1,1,0,1,0
2020-07-05,Amador,005,37829,36,31,0,31,0
2020-07-05,Butte,007,227075,395,248,7,255,2
2020-07-05,Calaveras,009,45235,66,45,0,45,0
2020-07-05,Colusa,011,21464,124,79,0,79,0
2020-07-05,Contra Costa,013,1133247,5014,3665,5,3670,80
2020-07-05,Del Norte,015,27424,60,57,0,57,0
2020-07-05,El Dorado,017,186661,384,227,0,227,0
2020-07-05,Fresno,019,978130,12008,6186,87,6273,82
2020-07-05,Glenn,021,27897,194,129,0,129,0
2020-07-05,Humboldt,023,135768,183,147,1,148,3
2020-07-05,Imperial,025,180216,8590,6441,4,6445,47
2020-07-05,Inyo,027,18085,35,32,1,33,1
2020-07-05,Kern,029,883053,11990,5351,37,5388,82
2020-07-05,Kings,031,150075,3065,2546,10,2556,31
2020-07-05,Lake,033,64148,122,92,0,92,1
2020-07-05,Lassen,035,31185,256,219,2,221,0
2020-07-05,Los Angeles,037,10098052,133433,115133,91,115224,3495
2020-07-05,Madera,039,155013,1268,564,3,567,4
2020-07-05,Marin,041,260295,3440,2080,4,2084,17
2020-07-05,Mariposa,043,17540,36,31,0,31,1
2020-07-05,Mendocino,045,87422,105,72,0,72,0
2020-07-05,Merced,047,269075,2352,1340,3,1343,10
2020-07-05,Modoc,049,8938,1,0,0,0,0
2020-07-05,Mono,051,14174,54,39,0,39,1
2020-07-05,Monterey,053,433212,2703,1994,7,2001,15
2020-07-05,Napa,055,140530,580,450,0,450,4
2020-07-05,Nevada,057,99092,186,141,5,146,1
2020-07-05,Orange,059,3164182,27528,19430,273,19703,372
2020-07-05,Placer,061,380077,1161,855,3,858,11
2020-07-05,Plumas,063,18699,16,11,0,11,0
2020-07-05,Riverside,065,2383286,27684,21511,27,21538,474
2020-07-05,Sacramento,067,1510023,5666,4265,6,4271,71
2020-07-05,San Benito,069,59416,348,258,0,258,2
2020-07-05,San Bernardino,071,2135413,23115,15026,15,15041,270
2020-07-05,San Diego,073,3302833,20618,16728,2,16730,387
2020-07-05,San Francisco,075,870044,4550,3861,2,3863,50
2020-07-05,San Joaquin,077,732212,7059,5015,5,5020,57
2020-07-05,San Luis Obispo,079,281455,1061,730,7,737,2
2020-07-05,San Mateo,081,765935,4069,3575,5,3580,106
2020-07-05,Santa Barbara,083,443738,4891,3671,37,3708,27
2020-07-05,Santa Clara,085,1922200,6872,5237,18,5255,162
2020-07-05,Santa Cruz,087,273765,576,467,0,467,2
2020-07-05,Shasta,089,179085,255,138,1,139,6
2020-07-05,Sierra,091,2930,1,1,0,1,0
2020-07-05,Siskiyou,093,43540,46,30,0,30,0
2020-07-05,Solano,095,438530,2274,1547,9,1556,22
2020-07-05,Sonoma,097,501317,1842,1369,4,1373,8
2020-07-05,Stanislaus,099,539301,5292,3777,6,3783,45
2020-07-05,Sutter,101,95872,323,241,0,241,2
2020-07-05,Tehama,103,63373,120,95,2,97,1
2020-07-05,Trinity,105,12862,19,2,5,7,0
2020-07-05,Tulare,107,460477,6462,4981,15,4996,135
2020-07-05,Tuolumne,109,53932,66,30,2,32,0
2020-07-05,Ventura,111,848112,5200,3866,19,3885,44
2020-07-05,Yolo,113,214977,931,644,3,647,26
2020-07-05,Yuba,115,75493,136,115,0,115,1
2020-07-04,Alameda,001,1643700,8065,6737,12,6749,141
2020-07-04,Alpine,003,1148,1,1,0,1,0
2020-07-04,Amador,005,37829,35,31,0,31,0
2020-07-04,Butte,007,227075,377,224,7,231,2
2020-07-04,Calaveras,009,45235,66,45,0,45,0
2020-07-04,Colusa,011,21464,123,76,0,76,0
2020-07-04,Contra Costa,013,1133247,4866,3583,5,3588,80
2020-07-04,Del Norte,015,27424,60,50,0,50,0
2020-07-04,El Dorado,017,186661,365,211,0,211,0
2020-07-04,Fresno,019,978130,11691,5999,85,6084,82
2020-07-04,Glenn,021,27897,187,128,0,128,0
2020-07-04,Humboldt,023,135768,176,144,1,145,3
2020-07-04,Imperial,025,180216,8542,6441,4,6445,47
2020-07-04,Inyo,027,18085,35,32,1,33,1
2020-07-04,Kern,029,883053,11686,5231,37,5268,81
2020-07-04,Kings,031,150075,3022,2509,10,2519,31
2020-07-04,Lake,033,64148,115,86,0,86,1
2020-07-04,Lassen,035,31185,256,219,2,221,0
2020-07-04,Los Angeles,037,10098052,131617,107256,80,107336,3462
2020-07-04,Madera,039,155013,1222,568,3,571,4
2020-07-04,Marin,041,260295,3411,1962,4,1966,17
2020-07-04,Mariposa,043,17540,36,28,0,28,1
2020-07-04,Mendocino,045,87422,105,72,0,72,0
2020-07-04,Merced,047,269075,2249,1252,2,1254,10
2020-07-04,Modoc,049,8938,1,0,0,0,0
2020-07-04,Mono,051,14174,54,37,0,37,1
2020-07-04,Monterey,053,433212,2623,1878,7,1885,15
2020-07-04,Napa,055,140530,571,426,0,426,4
2020-07-04,Nevada,057,99092,183,125,5,130,1
2020-07-04,Orange,059,3164182,27095,19247,260,19507,372
2020-07-04,Placer,061,380077,1126,796,3,799,11
2020-07-04,Plumas,063,18699,16,11,0,11,0
2020-07-04,Riverside,065,2383286,27317,21508,27,21535,474
2020-07-04,Sacramento,067,1510023,5495,4039,6,4045,71
2020-07-04,San Benito,069,59416,335,255,0,255,2
2020-07-04,San Bernardino,071,2135413,22688,14636,13,14649,270
2020-07-04,San Diego,073,3302833,20158,16166,2,16168,387
2020-07-04,San Francisco,075,870044,4458,3861,2,3863,50
2020-07-04,San Joaquin,077,732212,6846,4807,5,4812,57
2020-07-04,San Luis Obispo,079,281455,1021,699,7,706,2
2020-07-04,San Mateo,081,765935,4006,3532,5,3537,106
2020-07-04,Santa Barbara,083,443738,4815,3520,35,3555,27
2020-07-04,Santa Clara,085,1922200,6680,5045,17,5062,161
2020-07-04,Santa Cruz,087,273765,566,466,0,466,2
2020-07-04,Shasta,089,179085,252,135,1,136,6
2020-07-04,Sierra,091,2930,1,1,0,1,0
2020-07-04,Siskiyou,093,43540,39,30,0,30,0
2020-07-04,Solano,095,438530,2238,1548,9,1557,22
2020-07-04,Sonoma,097,501317,1816,1370,4,1374,8
2020-07-04,Stanislaus,099,539301,5134,3572,6,3578,44
2020-07-04,Sutter,101,95872,304,225,0,225,2
2020-07-04,Tehama,103,63373,117,92,2,94,1
2020-07-04,Trinity,105,12862,19,2,5,7,0
2020-07-04,Tulare,107,460477,6350,4802,14,4816,135
2020-07-04,Tuolumne,109,53932,62,30,2,32,0
2020-07-04,Ventura,111,848112,5076,3687,19,3706,44
2020-07-04,Yolo,113,214977,906,615,3,618,26
2020-07-04,Yuba,115,75493,129,102,0,102,1
2020-07-03,Alameda,001,1643700,7944,6486,12,6498,141
2020-07-03,Alpine,003,1148,1,1,0,1,0
2020-07-03,Amador,005,37829,35,25,0,25,0
2020-07-03,Butte,007,227075,365,212,7,219,2
2020-07-03,Calaveras,009,45235,66,44,0,44,0
2020-07-03,Colusa,011,21464,117,70,0,70,0
2020-07-03,Contra Costa,013,1133247,4732,3447,5,3452,78
2020-07-03,Del Norte,015,27424,60,50,0,50,0
2020-07-03,El Dorado,017,186661,353,201,0,201,0
2020-07-03,Fresno,019,978130,11386,5783,83,5866,81
2020-07-03,Glenn,021,27897,182,122,0,122,0
2020-07-03,Humboldt,023,135768,172,143,1,144,3
2020-07-03,Imperial,025,180216,8494,6345,4,6349,47
2020-07-03,Inyo,027,18085,35,32,1,33,1
2020-07-03,Kern,029,883053,11425,5213,37,5250,81
2020-07-03,Kings,031,150075,2986,2492,10,2502,31
2020-07-03,Lake,033,64148,108,83,0,83,0
2020-07-03,Lassen,035,31185,256,219,2,221,0
2020-07-03,Los Angeles,037,10098052,130101,107236,76,107312,3461
2020-07-03,Madera,039,155013,1177,565,3,568,4
2020-07-03,Marin,041,260295,3382,1776,4,1780,17
2020-07-03,Mariposa,043,17540,36,28,0,28,1
2020-07-03,Mendocino,045,87422,104,72,0,72,0
2020-07-03,Merced,047,269075,2183,1188,2,1190,10
2020-07-03,Modoc,049,8938,1,0,0,0,0
2020-07-03,Mono,051,14174,54,37,0,37,1
2020-07-03,Monterey,053,433212,2552,1804,7,1811,15
2020-07-03,Napa,055,140530,553,388,0,388,4
2020-07-03,Nevada,057,99092,182,125,5,130,1
2020-07-03,Orange,059,3164182,26704,18819,252,19071,366
2020-07-03,Placer,061,380077,1099,745,3,748,11
2020-07-03,Plumas,063,18699,16,11,0,11,0
2020-07-03,Riverside,065,2383286,27011,21171,27,21198,472
2020-07-03,Sacramento,067,1510023,5361,3711,6,3717,71
2020-07-03,San Benito,069,59416,328,243,0,243,2
2020-07-03,San Bernardino,071,2135413,22299,14040,13,14053,269
2020-07-03,San Diego,073,3302833,19702,15698,2,15700,387
2020-07-03,San Francisco,075,870044,4411,3781,2,3783,50
2020-07-03,San Joaquin,077,732212,6708,4416,4,4420,56
2020-07-03,San Luis Obispo,079,281455,986,676,7,683,2
2020-07-03,San Mateo,081,765935,3949,3439,5,3444,106
2020-07-03,Santa Barbara,083,443738,4728,3406,34,3440,27
2020-07-03,Santa Clara,085,1922200,6568,4820,17,4837,161
2020-07-03,Santa Cruz,087,273765,553,436,0,436,2
2020-07-03,Shasta,089,179085,244,113,1,114,6
2020-07-03,Sierra,091,2930,1,1,0,1,0
2020-07-03,Siskiyou,093,43540,36,30,0,30,0
2020-07-03,Solano,095,438530,2194,1496,8,1504,22
2020-07-03,Sonoma,097,501317,1768,1282,4,1286,8
2020-07-03,Stanislaus,099,539301,5009,3021,6,3027,43
2020-07-03,Sutter,101,95872,294,205,0,205,2
2020-07-03,Tehama,103,63373,115,89,2,91,1
2020-07-03,Trinity,105,12862,19,2,5,7,0
2020-07-03,Tulare,107,460477,6235,4656,14,4670,134
2020-07-03,Tuolumne,109,53932,60,27,2,29,0
2020-07-03,Ventura,111,848112,4980,3536,19,3555,44
2020-07-03,Yolo,113,214977,872,586,3,589,25
2020-07-03,Yuba,115,75493,124,96,0,96,1
2020-07-02,Alameda,001,1643700,7818,6386,12,6398,139
2020-07-02,Alpine,003,1148,1,1,0,1,0
2020-07-02,Amador,005,37829,34,23,0,23,0
2020-07-02,Butte,007,227075,348,199,7,206,2
2020-07-02,Calaveras,009,45235,62,42,0,42,0
2020-07-02,Colusa,011,21464,109,60,0,60,0
2020-07-02,Contra Costa,013,1133247,4548,3347,5,3352,77
2020-07-02,Del Norte,015,27424,59,50,0,50,0
2020-07-02,El Dorado,017,186661,342,193,0,193,0
2020-07-02,Fresno,019,978130,10927,5402,83,5485,78
2020-07-02,Glenn,021,27897,176,114,0,114,0
2020-07-02,Humboldt,023,135768,168,138,1,139,3
2020-07-02,Imperial,025,180216,8392,6236,4,6240,47
2020-07-02,Inyo,027,18085,35,29,1,30,1
2020-07-02,Kern,029,883053,10889,5036,35,5071,78
2020-07-02,Kings,031,150075,2935,2419,10,2429,31
2020-07-02,Lake,033,64148,104,81,0,81,0
2020-07-02,Lassen,035,31185,254,218,2,220,0
2020-07-02,Los Angeles,037,10098052,128083,107144,53,107197,3458
2020-07-02,Madera,039,155013,1109,548,3,551,4
2020-07-02,Marin,041,260295,3297,1706,4,1710,17
2020-07-02,Mariposa,043,17540,35,28,0,28,1
2020-07-02,Mendocino,045,87422,100,71,0,71,0
2020-07-02,Merced,047,269075,2086,1122,2,1124,10
2020-07-02,Modoc,049,8938,1,0,0,0,0
2020-07-02,Mono,051,14174,54,37,0,37,1
2020-07-02,Monterey,053,433212,2492,1796,7,1803,15
2020-07-02,Napa,055,140530,536,352,0,352,4
2020-07-02,Nevada,057,99092,176,118,4,122,1
2020-07-02,Orange,059,3164182,25939,17056,239,17295,360
2020-07-02,Placer,061,380077,1075,740,3,743,11
2020-07-02,Plumas,063,18699,15,8,0,8,0
2020-07-02,Riverside,065,2383286,26440,20253,27,20280,458
2020-07-02,Sacramento,067,1510023,5134,3587,6,3593,70
2020-07-02,San Benito,069,59416,320,236,0,236,2
2020-07-02,San Bernardino,071,2135413,21762,13185,13,13198,260
2020-07-02,San Diego,073,3302833,19240,15208,2,15210,377
2020-07-02,San Francisco,075,870044,4316,3676,2,3678,50
2020-07-02,San Joaquin,077,732212,6361,4243,4,4247,56
2020-07-02,San Luis Obispo,079,281455,941,659,7,666,2
2020-07-02,San Mateo,081,765935,3869,3390,5,3395,107
2020-07-02,Santa Barbara,083,443738,4628,3385,32,3417,27
2020-07-02,Santa Clara,085,1922200,6442,4722,17,4739,160
2020-07-02,Santa Cruz,087,273765,530,414,0,414,2
2020-07-02,Shasta,089,179085,241,110,1,111,5
2020-07-02,Sierra,091,2930,1,1,0,1,0
2020-07-02,Siskiyou,093,43540,36,30,0,30,0
2020-07-02,Solano,095,438530,2111,1429,8,1437,21
2020-07-02,Sonoma,097,501317,1710,1244,4,1248,6
2020-07-02,Stanislaus,099,539301,4837,2850,6,2856,41
2020-07-02,Sutter,101,95872,282,195,0,195,2
2020-07-02,Tehama,103,63373,113,86,2,88,1
2020-07-02,Trinity,105,12862,19,2,5,7,0
2020-07-02,Tulare,107,460477,6068,4559,13,4572,132
2020-07-02,Tuolumne,109,53932,57,23,2,25,0
2020-07-02,Ventura,111,848112,4824,3394,19,3413,42
2020-07-02,Yolo,113,214977,840,554,3,557,24
2020-07-02,Yuba,115,75493,114,93,0,93,1
2020-07-01,Alameda,001,1643700,7596,6125,12,6137,137
2020-07-01,Alpine,003,1148,1,1,0,1,0
2020-07-01,Amador,005,37829,33,22,0,22,0
2020-07-01,Butte,007,227075,323,185,7,192,2
2020-07-01,Calaveras,009,45235,60,37,0,37,0
2020-07-01,Colusa,011,21464,103,53,0,53,0
2020-07-01,Contra Costa,013,1133247,4336,3259,5,3264,76
2020-07-01,Del Norte,015,27424,59,50,0,50,0
2020-07-01,El Dorado,017,186661,315,183,0,183,0
2020-07-01,Fresno,019,978130,10492,5111,80,5191,76
2020-07-01,Glenn,021,27897,170,110,0,110,0
2020-07-01,Humboldt,023,135768,163,134,0,134,3
2020-07-01,Imperial,025,180216,8295,6150,4,6154,46
2020-07-01,Inyo,027,18085,34,30,1,31,1
2020-07-01,Kern,029,883053,10256,4853,33,4886,78
2020-07-01,Kings,031,150075,2867,2360,10,2370,30
2020-07-01,Lake,033,64148,103,75,0,75,0
2020-07-01,Lassen,035,31185,253,217,2,219,0
2020-07-01,Los Angeles,037,10098052,124881,105325,44,105369,3408
2020-07-01,Madera,039,155013,1068,519,3,522,4
2020-07-01,Marin,041,260295,3140,1636,4,1640,17
2020-07-01,Mariposa,043,17540,35,29,0,29,1
2020-07-01,Mendocino,045,87422,96,70,0,70,0
2020-07-01,Merced,047,269075,1986,1052,2,1054,10
2020-07-01,Modoc,049,8938,1,0,0,0,0
2020-07-01,Mono,051,14174,51,37,0,37,1
2020-07-01,Monterey,053,433212,2384,1703,6,1709,15
2020-07-01,Napa,055,140530,513,347,0,347,4
2020-07-01,Nevada,057,99092,166,115,4,119,1
2020-07-01,Orange,059,3164182,25054,15662,218,15880,343
2020-07-01,Placer,061,380077,1028,713,3,716,11
2020-07-01,Plumas,063,18699,13,8,0,8,0
2020-07-01,Riverside,065,2383286,25599,19537,26,19563,457
2020-07-01,Sacramento,067,1510023,4879,3425,6,3431,64
2020-07-01,San Benito,069,59416,311,219,0,219,2
2020-07-01,San Bernardino,071,2135413,20865,12712,10,12722,253
2020-07-01,San Diego,073,3302833,18681,14624,2,14626,372
2020-07-01,San Francisco,075,870044,4223,3626,2,3628,50
2020-07-01,San Joaquin,077,732212,6003,3990,4,3994,54
2020-07-01,San Luis Obispo,079,281455,914,613,7,620,1
2020-07-01,San Mateo,081,765935,3807,3326,5,3331,84
2020-07-01,Santa Barbara,083,443738,4508,3268,31,3299,27
2020-07-01,Santa Clara,085,1922200,6255,4547,16,4563,159
2020-07-01,Santa Cruz,087,273765,508,398,0,398,2
2020-07-01,Shasta,089,179085,236,104,1,105,5
2020-07-01,Sierra,091,2930,1,1,0,1,0
2020-07-01,Siskiyou,093,43540,36,28,0,28,0
2020-07-01,Solano,095,438530,2022,1350,8,1358,21
2020-07-01,Sonoma,097,501317,1614,1178,4,1182,6
2020-07-01,Stanislaus,099,539301,4558,2619,6,2625,41
2020-07-01,Sutter,101,95872,269,188,0,188,2
2020-07-01,Tehama,103,63373,106,80,2,82,1
2020-07-01,Trinity,105,12862,19,2,4,6,0
2020-07-01,Tulare,107,460477,5890,4359,13,4372,128
2020-07-01,Tuolumne,109,53932,54,17,2,19,0
2020-07-01,Ventura,111,848112,4681,3224,17,3241,41
2020-07-01,Yolo,113,214977,790,526,3,529,24
2020-07-01,Yuba,115,75493,109,57,0,57,1
2020-06-30,Alameda,001,1643700,7347,5959,10,5969,137
2020-06-30,Alpine,003,1148,1,1,0,1,0
2020-06-30,Amador,005,37829,33,21,0,21,0
2020-06-30,Butte,007,227075,306,163,7,170,2
2020-06-30,Calaveras,009,45235,55,31,0,31,0
2020-06-30,Colusa,011,21464,94,33,0,33,0
2020-06-30,Contra Costa,013,1133247,4130,3140,5,3145,75
2020-06-30,Del Norte,015,27424,59,48,0,48,0
2020-06-30,El Dorado,017,186661,302,175,0,175,0
2020-06-30,Fresno,019,978130,10043,4826,75,4901,75
2020-06-30,Glenn,021,27897,165,96,0,96,0
2020-06-30,Humboldt,023,135768,159,132,0,132,3
2020-06-30,Imperial,025,180216,8198,5968,4,5972,45
2020-06-30,Inyo,027,18085,34,30,1,31,1
2020-06-30,Kern,029,883053,9609,4721,30,4751,75
2020-06-30,Kings,031,150075,2818,2315,7,2322,30
2020-06-30,Lake,033,64148,95,56,0,56,0
2020-06-30,Lassen,035,31185,246,215,2,217,0
2020-06-30,Los Angeles,037,10098052,121302,103640,41,103681,3378
2020-06-30,Madera,039,155013,1011,475,3,478,4
2020-06-30,Marin,041,260295,3069,1614,4,1618,17
2020-06-30,Mariposa,043,17540,34,27,0,27,1
2020-06-30,Mendocino,045,87422,91,65,0,65,0
2020-06-30,Merced,047,269075,1849,970,2,972,10
2020-06-30,Modoc,049,8938,1,0,0,0,0
2020-06-30,Mono,051,14174,49,36,0,36,1
2020-06-30,Monterey,053,433212,2286,1657,6,1663,15
2020-06-30,Napa,055,140530,488,342,0,342,4
2020-06-30,Nevada,057,99092,158,113,4,117,1
2020-06-30,Orange,059,3164182,24123,14354,208,14562,335
2020-06-30,Placer,061,380077,1001,667,3,670,11
2020-06-30,Plumas,063,18699,12,8,0,8,0
2020-06-30,Riverside,065,2383286,24883,18656,25,18681,449
2020-06-30,Sacramento,067,1510023,4590,3246,6,3252,64
2020-06-30,San Benito,069,59416,300,200,0,200,2
2020-06-30,San Bernardino,071,2135413,19881,12375,10,12385,249
2020-06-30,San Diego,073,3302833,17977,14150,2,14152,365
2020-06-30,San Francisco,075,870044,4118,3555,1,3556,50
2020-06-30,San Joaquin,077,732212,5628,3744,4,3748,52
2020-06-30,San Luis Obispo,079,281455,877,583,7,590,1
2020-06-30,San Mateo,081,765935,3729,3268,5,3273,84
2020-06-30,Santa Barbara,083,443738,4391,3102,31,3133,25
2020-06-30,Santa Clara,085,1922200,6053,4346,16,4362,157
2020-06-30,Santa Cruz,087,273765,483,379,0,379,2
2020-06-30,Shasta,089,179085,220,100,1,101,5
2020-06-30,Sierra,091,2930,1,1,0,1,0
2020-06-30,Siskiyou,093,43540,35,26,0,26,0
2020-06-30,Solano,095,438530,1930,1256,8,1264,21
2020-06-30,Sonoma,097,501317,1549,1122,4,1126,6
2020-06-30,Stanislaus,099,539301,4260,2578,6,2584,41
2020-06-30,Sutter,101,95872,246,168,0,168,2
2020-06-30,Tehama,103,63373,104,75,2,77,1
2020-06-30,Trinity,105,12862,19,2,4,6,0
2020-06-30,Tulare,107,460477,5681,4207,13,4220,117
2020-06-30,Tuolumne,109,53932,50,16,2,18,0
2020-06-30,Ventura,111,848112,4547,3030,17,3047,40
2020-06-30,Yolo,113,214977,752,515,3,518,24
2020-06-30,Yuba,115,75493,105,55,0,55,1
2020-06-29,Alameda,001,1643700,7137,5766,10,5776,135
2020-06-29,Alpine,003,1148,1,1,0,1,0
2020-06-29,Amador,005,37829,30,20,0,20,0
2020-06-29,Butte,007,227075,285,157,7,164,2
2020-06-29,Calaveras,009,45235,53,30,0,30,0
2020-06-29,Colusa,011,21464,89,17,0,17,0
2020-06-29,Contra Costa,013,1133247,3967,2976,4,2980,75
2020-06-29,Del Norte,015,27424,59,47,0,47,0
2020-06-29,El Dorado,017,186661,288,163,0,163,0
2020-06-29,Fresno,019,978130,9695,4531,74,4605,74
2020-06-29,Glenn,021,27897,156,77,0,77,0
2020-06-29,Humboldt,023,135768,158,128,0,128,3
2020-06-29,Imperial,025,180216,8067,5512,4,5516,45
2020-06-29,Inyo,027,18085,33,29,0,29,1
2020-06-29,Kern,029,883053,8945,4613,28,4641,73
2020-06-29,Kings,031,150075,2753,2280,7,2287,20
2020-06-29,Lake,033,64148,88,53,0,53,0
2020-06-29,Lassen,035,31185,238,77,2,79,0
2020-06-29,Los Angeles,037,10098052,118263,100846,35,100881,3337
2020-06-29,Madera,039,155013,954,422,3,425,4
2020-06-29,Marin,041,260295,2993,1517,4,1521,17
2020-06-29,Mariposa,043,17540,32,25,0,25,1
2020-06-29,Mendocino,045,87422,88,63,0,63,0
2020-06-29,Merced,047,269075,1743,848,2,850,10
2020-06-29,Modoc,049,8938,1,0,0,0,0
2020-06-29,Mono,051,14174,47,35,0,35,1
2020-06-29,Monterey,053,433212,2214,1614,6,1620,14
2020-06-29,Napa,055,140530,467,317,0,317,4
2020-06-29,Nevada,057,99092,155,107,3,110,1
2020-06-29,Orange,059,3164182,23133,13682,192,13874,324
2020-06-29,Placer,061,380077,965,628,3,631,11
2020-06-29,Plumas,063,18699,12,6,0,6,0
2020-06-29,Riverside,065,2383286,23850,17683,25,17708,432
2020-06-29,Sacramento,067,1510023,4303,2985,6,2991,62
2020-06-29,San Benito,069,59416,285,193,0,193,2
2020-06-29,San Bernardino,071,2135413,18920,11643,10,11653,245
2020-06-29,San Diego,073,3302833,17401,13834,2,13836,361
2020-06-29,San Francisco,075,870044,4041,3389,1,3390,50
2020-06-29,San Joaquin,077,732212,5270,3202,4,3206,52
2020-06-29,San Luis Obispo,079,281455,843,544,7,551,1
2020-06-29,San Mateo,081,765935,3675,3170,5,3175,84
2020-06-29,Santa Barbara,083,443738,4281,2933,30,2963,25
2020-06-29,Santa Clara,085,1922200,5881,4231,16,4247,157
2020-06-29,Santa Cruz,087,273765,465,348,0,348,2
2020-06-29,Shasta,089,179085,212,94,1,95,5
2020-06-29,Sierra,091,2930,1,1,0,1,0
2020-06-29,Siskiyou,093,43540,35,25,0,25,0
2020-06-29,Solano,095,438530,1828,1077,8,1085,21
2020-06-29,Sonoma,097,501317,1477,1103,4,1107,5
2020-06-29,Stanislaus,099,539301,4054,2400,5,2405,36
2020-06-29,Sutter,101,95872,224,152,0,152,2
2020-06-29,Tehama,103,63373,100,63,2,65,1
2020-06-29,Trinity,105,12862,18,2,4,6,0
2020-06-29,Tulare,107,460477,5526,3906,12,3918,117
2020-06-29,Tuolumne,109,53932,46,16,2,18,0
2020-06-29,Ventura,111,848112,4400,2794,17,2811,40
2020-06-29,Yolo,113,214977,719,483,3,486,24
2020-06-29,Yuba,115,75493,92,55,0,55,1
2020-06-28,Alameda,001,1643700,6878,5698,10,5708,135
2020-06-28,Alpine,003,1148,1,1,0,1,0
2020-06-28,Amador,005,37829,28,20,0,20,0
2020-06-28,Butte,007,227075,265,150,7,157,2
2020-06-28,Calaveras,009,45235,48,30,0,30,0
2020-06-28,Colusa,011,21464,74,17,0,17,0
2020-06-28,Contra Costa,013,1133247,3777,2803,4,2807,73
2020-06-28,Del Norte,015,27424,58,47,0,47,0
2020-06-28,El Dorado,017,186661,276,162,0,162,0
2020-06-28,Fresno,019,978130,9334,4365,74,4439,74
2020-06-28,Glenn,021,27897,148,77,0,77,0
2020-06-28,Humboldt,023,135768,155,127,0,127,3
2020-06-28,Imperial,025,180216,7879,5513,4,5517,45
2020-06-28,Inyo,027,18085,33,29,0,29,1
2020-06-28,Kern,029,883053,8393,4541,26,4567,72
2020-06-28,Kings,031,150075,2694,2234,7,2241,18
2020-06-28,Lake,033,64148,84,53,0,53,0
2020-06-28,Lassen,035,31185,238,77,2,79,0
2020-06-28,Los Angeles,037,10098052,115061,98003,31,98034,3316
2020-06-28,Madera,039,155013,906,424,3,427,4
2020-06-28,Marin,041,260295,2647,1473,4,1477,17
2020-06-28,Mariposa,043,17540,32,24,0,24,1
2020-06-28,Mendocino,045,87422,86,63,0,63,0
2020-06-28,Merced,047,269075,1630,814,2,816,10
2020-06-28,Modoc,049,8938,1,0,0,0,0
2020-06-28,Mono,051,14174,47,35,0,35,1
2020-06-28,Monterey,053,433212,2132,1560,6,1566,13
2020-06-28,Napa,055,140530,433,307,0,307,4
2020-06-28,Nevada,057,99092,144,102,3,105,1
2020-06-28,Orange,059,3164182,22159,13213,174,13387,324
2020-06-28,Placer,061,380077,926,618,3,621,11
2020-06-28,Plumas,063,18699,11,6,0,6,0
2020-06-28,Riverside,065,2383286,23023,16848,24,16872,432
2020-06-28,Sacramento,067,1510023,4075,2803,6,2809,63
2020-06-28,San Benito,069,59416,274,190,0,190,2
2020-06-28,San Bernardino,071,2135413,18166,11344,9,11353,245
2020-06-28,San Diego,073,3302833,16856,13333,2,13335,361
2020-06-28,San Francisco,075,870044,3962,3388,1,3389,50
2020-06-28,San Joaquin,077,732212,4933,3201,4,3205,52
2020-06-28,San Luis Obispo,079,281455,804,531,6,537,1
2020-06-28,San Mateo,081,765935,3597,3124,5,3129,84
2020-06-28,Santa Barbara,083,443738,4136,2872,30,2902,25
2020-06-28,Santa Clara,085,1922200,5719,4131,16,4147,156
2020-06-28,Santa Cruz,087,273765,442,349,0,349,2
2020-06-28,Shasta,089,179085,199,89,0,89,5
2020-06-28,Sierra,091,2930,1,1,0,1,0
2020-06-28,Siskiyou,093,43540,35,25,0,25,0
2020-06-28,Solano,095,438530,1753,1077,8,1085,21
2020-06-28,Sonoma,097,501317,1423,1084,4,1088,5
2020-06-28,Stanislaus,099,539301,3848,2376,5,2381,36
2020-06-28,Sutter,101,95872,198,145,0,145,2
2020-06-28,Tehama,103,63373,93,63,2,65,1
2020-06-28,Trinity,105,12862,17,2,4,6,0
2020-06-28,Tulare,107,460477,5358,3812,12,3824,117
2020-06-28,Tuolumne,109,53932,41,14,2,16,0
2020-06-28,Ventura,111,848112,4242,2650,17,2667,40
2020-06-28,Yolo,113,214977,684,468,3,471,24
2020-06-28,Yuba,115,75493,88,39,0,39,1
2020-06-27,Alameda,001,1643700,6782,5581,10,5591,135
2020-06-27,Alpine,003,1148,1,1,0,1,0
2020-06-27,Amador,005,37829,26,20,0,20,0
2020-06-27,Butte,007,227075,257,137,7,144,2
2020-06-27,Calaveras,009,45235,46,30,0,30,0
2020-06-27,Colusa,011,21464,68,17,0,17,0
2020-06-27,Contra Costa,013,1133247,3682,2717,3,2720,72
2020-06-27,Del Norte,015,27424,58,47,0,47,0
2020-06-27,El Dorado,017,186661,270,159,0,159,0
2020-06-27,Fresno,019,978130,9088,4238,74,4312,74
2020-06-27,Glenn,021,27897,144,77,0,77,0
2020-06-27,Humboldt,023,135768,153,127,0,127,3
2020-06-27,Imperial,025,180216,7818,5513,4,5517,45
2020-06-27,Inyo,027,18085,33,29,0,29,1
2020-06-27,Kern,029,883053,8129,4411,25,4436,70
2020-06-27,Kings,031,150075,2668,2187,7,2194,18
2020-06-27,Lake,033,64148,81,42,0,42,0
2020-06-27,Lassen,035,31185,238,33,2,35,0
2020-06-27,Los Angeles,037,10098052,113319,95341,28,95369,3291
2020-06-27,Madera,039,155013,863,427,2,429,4
2020-06-27,Marin,041,260295,2602,1423,4,1427,17
2020-06-27,Mariposa,043,17540,31,22,0,22,1
2020-06-27,Mendocino,045,87422,86,63,0,63,0
2020-06-27,Merced,047,269075,1572,807,1,808,10
2020-06-27,Modoc,049,8938,1,0,0,0,0
2020-06-27,Mono,051,14174,46,35,0,35,1
2020-06-27,Monterey,053,433212,2068,1455,6,1461,12
2020-06-27,Napa,055,140530,423,282,0,282,3
2020-06-27,Nevada,057,99092,140,102,2,104,1
2020-06-27,Orange,059,3164182,21647,12951,169,13120,320
2020-06-27,Placer,061,380077,905,584,3,587,10
2020-06-27,Plumas,063,18699,11,6,0,6,0
2020-06-27,Riverside,065,2383286,22634,16209,24,16233,432
2020-06-27,Sacramento,067,1510023,3958,2685,6,2691,63
2020-06-27,San Benito,069,59416,267,182,0,182,2
2020-06-27,San Bernardino,071,2135413,17787,11238,9,11247,243
2020-06-27,San Diego,073,3302833,16491,12836,2,12838,360
2020-06-27,San Francisco,075,870044,3907,3332,1,3333,49
2020-06-27,San Joaquin,077,732212,4767,2995,4,2999,52
2020-06-27,San Luis Obispo,079,281455,780,505,6,511,1
2020-06-27,San Mateo,081,765935,3540,3083,5,3088,83
2020-06-27,Santa Barbara,083,443738,4064,2799,30,2829,25
2020-06-27,Santa Clara,085,1922200,5613,4006,16,4022,157
2020-06-27,Santa Cruz,087,273765,435,347,0,347,2
2020-06-27,Shasta,089,179085,194,87,0,87,5
2020-06-27,Sierra,091,2930,1,1,0,1,0
2020-06-27,Siskiyou,093,43540,35,25,0,25,0
2020-06-27,Solano,095,438530,1720,1076,8,1084,21
2020-06-27,Sonoma,097,501317,1392,1004,4,1008,5
2020-06-27,Stanislaus,099,539301,3748,2164,5,2169,36
2020-06-27,Sutter,101,95872,191,141,0,141,2
2020-06-27,Tehama,103,63373,90,63,2,65,1
2020-06-27,Trinity,105,12862,17,2,4,6,0
2020-06-27,Tulare,107,460477,5262,3810,12,3822,117
2020-06-27,Tuolumne,109,53932,40,13,2,15,0
2020-06-27,Ventura,111,848112,4142,2471,17,2488,40
2020-06-27,Yolo,113,214977,660,432,3,435,24
2020-06-27,Yuba,115,75493,80,39,0,39,1
2020-06-26,Alameda,001,1643700,6696,5502,9,5511,132
2020-06-26,Alpine,003,1148,1,1,0,1,0
2020-06-26,Amador,005,37829,25,20,0,20,0
2020-06-26,Butte,007,227075,242,135,7,142,2
2020-06-26,Calaveras,009,45235,44,30,0,30,0
2020-06-26,Colusa,011,21464,63,17,0,17,0
2020-06-26,Contra Costa,013,1133247,3569,2676,3,2679,72
2020-06-26,Del Norte,015,27424,57,47,0,47,0
2020-06-26,El Dorado,017,186661,262,159,0,159,0
2020-06-26,Fresno,019,978130,8862,4166,74,4240,74
2020-06-26,Glenn,021,27897,137,71,0,71,0
2020-06-26,Humboldt,023,135768,151,126,0,126,3
2020-06-26,Imperial,025,180216,7755,5400,4,5404,44
2020-06-26,Inyo,027,18085,32,29,0,29,1
2020-06-26,Kern,029,883053,7798,4366,25,4391,70
2020-06-26,Kings,031,150075,2636,2176,6,2182,18
2020-06-26,Lake,033,64148,80,42,0,42,0
2020-06-26,Lassen,035,31185,237,30,2,32,0
2020-06-26,Los Angeles,037,10098052,111153,93328,28,93356,3275
2020-06-26,Madera,039,155013,831,409,2,411,4
2020-06-26,Marin,041,260295,2566,1406,4,1410,17
2020-06-26,Mariposa,043,17540,30,21,0,21,1
2020-06-26,Mendocino,045,87422,83,63,0,63,0
2020-06-26,Merced,047,269075,1526,797,1,798,10
2020-06-26,Modoc,049,8938,1,0,0,0,0
2020-06-26,Mono,051,14174,45,35,0,35,1
2020-06-26,Monterey,053,433212,2016,1449,6,1455,12
2020-06-26,Napa,055,140530,413,277,0,277,3
2020-06-26,Nevada,057,99092,136,101,1,102,1
2020-06-26,Orange,059,3164182,20971,12659,167,12826,320
2020-06-26,Placer,061,380077,877,584,3,587,10
2020-06-26,Plumas,063,18699,11,6,0,6,0
2020-06-26,Riverside,065,2383286,22172,15858,24,15882,430
2020-06-26,Sacramento,067,1510023,3793,2687,6,2693,63
2020-06-26,San Benito,069,59416,263,176,0,176,2
2020-06-26,San Bernardino,071,2135413,17410,11111,9,11120,243
2020-06-26,San Diego,073,3302833,16126,12402,2,12404,358
2020-06-26,San Francisco,075,870044,3851,3330,1,3331,49
2020-06-26,San Joaquin,077,732212,4553,2943,4,2947,52
2020-06-26,San Luis Obispo,079,281455,765,498,6,504,1
2020-06-26,San Mateo,081,765935,3488,3055,5,3060,83
2020-06-26,Santa Barbara,083,443738,3974,2784,28,2812,25
2020-06-26,Santa Clara,085,1922200,5512,3968,16,3984,156
2020-06-26,Santa Cruz,087,273765,428,344,0,344,2
2020-06-26,Shasta,089,179085,187,86,0,86,5
2020-06-26,Sierra,091,2930,1,1,0,1,0
2020-06-26,Siskiyou,093,43540,34,24,0,24,0
2020-06-26,Solano,095,438530,1678,1068,8,1076,21
2020-06-26,Sonoma,097,501317,1360,977,4,981,5
2020-06-26,Stanislaus,099,539301,3635,2157,5,2162,36
2020-06-26,Sutter,101,95872,184,138,0,138,2
2020-06-26,Tehama,103,63373,87,63,2,65,1
2020-06-26,Trinity,105,12862,17,2,4,6,0
2020-06-26,Tulare,107,460477,5173,3720,12,3732,117
2020-06-26,Tuolumne,109,53932,38,10,2,12,0
2020-06-26,Ventura,111,848112,4056,2444,17,2461,40
2020-06-26,Yolo,113,214977,636,418,3,421,24
2020-06-26,Yuba,115,75493,74,38,0,38,1
2020-06-25,Alameda,001,1643700,6506,5398,9,5407,130
2020-06-25,Alpine,003,1148,1,1,0,1,0
2020-06-25,Amador,005,37829,24,18,0,18,0
2020-06-25,Butte,007,227075,237,127,7,134,1
2020-06-25,Calaveras,009,45235,39,26,0,26,0
2020-06-25,Colusa,011,21464,53,14,0,14,0
2020-06-25,Contra Costa,013,1133247,3384,2591,3,2594,71
2020-06-25,Del Norte,015,27424,55,47,0,47,0
2020-06-25,El Dorado,017,186661,254,150,0,150,0
2020-06-25,Fresno,019,978130,8549,3938,73,4011,71
2020-06-25,Glenn,021,27897,132,59,0,59,0
2020-06-25,Humboldt,023,135768,150,121,0,121,3
2020-06-25,Imperial,025,180216,7626,5192,4,5196,44
2020-06-25,Inyo,027,18085,29,27,0,27,1
2020-06-25,Kern,029,883053,7373,4236,22,4258,69
2020-06-25,Kings,031,150075,2584,2110,6,2116,17
2020-06-25,Lake,033,64148,79,42,0,42,0
2020-06-25,Lassen,035,31185,231,13,2,15,0
2020-06-25,Los Angeles,037,10098052,108386,91524,28,91552,3239
2020-06-25,Madera,039,155013,787,380,2,382,4
2020-06-25,Marin,041,260295,2464,1321,4,1325,17
2020-06-25,Mariposa,043,17540,29,20,0,20,1
2020-06-25,Mendocino,045,87422,80,61,0,61,0
2020-06-25,Merced,047,269075,1439,747,1,748,10
2020-06-25,Modoc,049,8938,1,0,0,0,0
2020-06-25,Mono,051,14174,44,35,0,35,1
2020-06-25,Monterey,053,433212,1928,1426,5,1431,12
2020-06-25,Napa,055,140530,395,260,0,260,3
2020-06-25,Nevada,057,99092,128,92,1,93,1
2020-06-25,Orange,059,3164182,20049,12221,165,12386,311
2020-06-25,Placer,061,380077,823,574,3,577,10
2020-06-25,Plumas,063,18699,10,6,0,6,0
2020-06-25,Riverside,065,2383286,21417,15224,24,15248,427
2020-06-25,Sacramento,067,1510023,3570,2519,6,2525,62
2020-06-25,San Benito,069,59416,255,174,0,174,2
2020-06-25,San Bernardino,071,2135413,16659,10590,9,10599,242
2020-06-25,San Diego,073,3302833,15587,11963,2,11965,352
2020-06-25,San Francisco,075,870044,3786,3252,1,3253,48
2020-06-25,San Joaquin,077,732212,4280,2803,4,2807,50
2020-06-25,San Luis Obispo,079,281455,733,473,6,479,1
2020-06-25,San Mateo,081,765935,3420,2996,5,3001,82
2020-06-25,Santa Barbara,083,443738,3867,2622,27,2649,25
2020-06-25,Santa Clara,085,1922200,5363,3871,16,3887,156
2020-06-25,Santa Cruz,087,273765,416,335,0,335,2
2020-06-25,Shasta,089,179085,177,84,0,84,5
2020-06-25,Sierra,091,2930,1,1,0,1,0
2020-06-25,Siskiyou,093,43540,33,24,0,24,0
2020-06-25,Solano,095,438530,1625,1034,8,1042,21
2020-06-25,Sonoma,097,501317,1313,953,3,956,5
2020-06-25,Stanislaus,099,539301,3423,2130,5,2135,36
2020-06-25,Sutter,101,95872,172,126,0,126,2
2020-06-25,Tehama,103,63373,83,59,2,61,1
2020-06-25,Trinity,105,12862,17,2,4,6,0
2020-06-25,Tulare,107,460477,5042,3656,12,3668,117
2020-06-25,Tuolumne,109,53932,37,10,1,11,0
2020-06-25,Ventura,111,848112,3874,2346,16,2362,40
2020-06-25,Yolo,113,214977,606,397,3,400,24
2020-06-25,Yuba,115,75493,63,38,0,38,1
2020-06-24,Alameda,001,1643700,6344,5242,9,5251,123
2020-06-24,Alpine,003,1148,1,1,0,1,0
2020-06-24,Amador,005,37829,22,16,0,16,0
2020-06-24,Butte,007,227075,221,119,7,126,1
2020-06-24,Calaveras,009,45235,37,26,0,26,0
2020-06-24,Colusa,011,21464,44,11,0,11,0
2020-06-24,Contra Costa,013,1133247,3229,2520,3,2523,66
2020-06-24,Del Norte,015,27424,49,47,0,47,0
2020-06-24,El Dorado,017,186661,238,149,0,149,0
2020-06-24,Fresno,019,978130,8218,3765,73,3838,71
2020-06-24,Glenn,021,27897,124,54,0,54,0
2020-06-24,Humboldt,023,135768,150,117,0,117,3
2020-06-24,Imperial,025,180216,7508,5138,4,5142,38
2020-06-24,Inyo,027,18085,29,28,0,28,1
2020-06-24,Kern,029,883053,6980,4155,20,4175,67
2020-06-24,Kings,031,150075,2520,2063,6,2069,16
2020-06-24,Lake,033,64148,66,40,0,40,0
2020-06-24,Lassen,035,31185,230,9,2,11,0
2020-06-24,Los Angeles,037,10098052,105626,89566,28,89594,3186
2020-06-24,Madera,039,155013,765,373,2,375,4
2020-06-24,Marin,041,260295,2236,1261,4,1265,17
2020-06-24,Mariposa,043,17540,28,19,0,19,1
2020-06-24,Mendocino,045,87422,80,60,0,60,0
2020-06-24,Merced,047,269075,1353,696,1,697,8
2020-06-24,Modoc,049,8938,1,0,0,0,0
2020-06-24,Mono,051,14174,42,35,0,35,1
2020-06-24,Monterey,053,433212,1851,1407,5,1412,12
2020-06-24,Napa,055,140530,377,258,0,258,3
2020-06-24,Nevada,057,99092,122,92,1,93,1
2020-06-24,Orange,059,3164182,19052,11804,147,11951,303
2020-06-24,Placer,061,380077,784,548,3,551,10
2020-06-24,Plumas,063,18699,10,6,0,6,0
2020-06-24,Riverside,065,2383286,20570,14946,24,14970,410
2020-06-24,Sacramento,067,1510023,3365,2446,5,2451,62
2020-06-24,San Benito,069,59416,251,171,0,171,2
2020-06-24,San Bernardino,071,2135413,15846,10211,9,10220,239
2020-06-24,San Diego,073,3302833,15084,11628,2,11630,347
2020-06-24,San Francisco,075,870044,3723,3216,1,3217,48
2020-06-24,San Joaquin,077,732212,4059,2680,4,2684,49
2020-06-24,San Luis Obispo,079,281455,701,461,5,466,1
2020-06-24,San Mateo,081,765935,3363,2964,5,2969,82
2020-06-24,Santa Barbara,083,443738,3746,2569,25,2594,22
2020-06-24,Santa Clara,085,1922200,5232,3812,16,3828,155
2020-06-24,Santa Cruz,087,273765,404,329,0,329,2
2020-06-24,Shasta,089,179085,169,83,0,83,5
2020-06-24,Sierra,091,2930,1,1,0,1,0
2020-06-24,Siskiyou,093,43540,32,24,0,24,0
2020-06-24,Solano,095,438530,1535,979,7,986,21
2020-06-24,Sonoma,097,501317,1264,933,3,936,4
2020-06-24,Stanislaus,099,539301,3244,2039,5,2044,36
2020-06-24,Sutter,101,95872,159,118,0,118,2
2020-06-24,Tehama,103,63373,81,55,2,57,1
2020-06-24,Trinity,105,12862,16,2,3,5,0
2020-06-24,Tulare,107,460477,4887,3541,10,3551,116
2020-06-24,Tuolumne,109,53932,32,9,1,10,0
2020-06-24,Ventura,111,848112,3533,2314,16,2330,42
2020-06-24,Yolo,113,214977,571,376,3,379,24
2020-06-24,Yuba,115,75493,57,37,0,37,1
2020-06-23,Alameda,001,1643700,6163,5159,9,5168,121
2020-06-23,Alpine,003,1148,1,1,0,1,0
2020-06-23,Amador,005,37829,21,13,0,13,0
2020-06-23,Butte,007,227075,203,111,7,118,1
2020-06-23,Calaveras,009,45235,37,26,0,26,0
2020-06-23,Colusa,011,21464,40,7,0,7,0
2020-06-23,Contra Costa,013,1133247,3103,2453,3,2456,60
2020-06-23,Del Norte,015,27424,48,46,0,46,0
2020-06-23,El Dorado,017,186661,229,142,0,142,0
2020-06-23,Fresno,019,978130,7567,3569,71,3640,67
2020-06-23,Glenn,021,27897,120,47,0,47,0
2020-06-23,Humboldt,023,135768,150,110,0,110,3
2020-06-23,Imperial,025,180216,7345,5025,4,5029,38
2020-06-23,Inyo,027,18085,29,26,0,26,1
2020-06-23,Kern,029,883053,6612,4087,17,4104,64
2020-06-23,Kings,031,150075,2455,1727,6,1733,16
2020-06-23,Lake,033,64148,60,40,0,40,0
2020-06-23,Lassen,035,31185,226,9,2,11,0
2020-06-23,Los Angeles,037,10098052,102686,88433,27,88460,3152
2020-06-23,Madera,039,155013,726,369,2,371,4
2020-06-23,Marin,041,260295,1968,1139,4,1143,17
2020-06-23,Mariposa,043,17540,26,18,0,18,1
2020-06-23,Mendocino,045,87422,79,61,0,61,0
2020-06-23,Merced,047,269075,1256,656,1,657,8
2020-06-23,Modoc,049,8938,1,0,0,0,0
2020-06-23,Mono,051,14174,42,35,0,35,1
2020-06-23,Monterey,053,433212,1781,1346,5,1351,12
2020-06-23,Napa,055,140530,362,230,0,230,3
2020-06-23,Nevada,057,99092,116,81,1,82,1
2020-06-23,Orange,059,3164182,18084,11071,144,11215,278
2020-06-23,Placer,061,380077,758,525,3,528,10
2020-06-23,Plumas,063,18699,9,6,0,6,0
2020-06-23,Riverside,065,2383286,19550,14469,24,14493,406
2020-06-23,Sacramento,067,1510023,3186,2374,5,2379,62
2020-06-23,San Benito,069,59416,237,167,0,167,2
2020-06-23,San Bernardino,071,2135413,15064,9771,9,9780,229
2020-06-23,San Diego,073,3302833,14564,11296,2,11298,341
2020-06-23,San Francisco,075,870044,3649,3177,1,3178,48
2020-06-23,San Joaquin,077,732212,3800,2502,4,2506,48
2020-06-23,San Luis Obispo,079,281455,670,445,5,450,1
2020-06-23,San Mateo,081,765935,3298,2907,5,2912,81
2020-06-23,Santa Barbara,083,443738,3649,2498,25,2523,22
2020-06-23,Santa Clara,085,1922200,5086,3700,16,3716,155
2020-06-23,Santa Cruz,087,273765,394,313,0,313,2
2020-06-23,Shasta,089,179085,160,81,0,81,5
2020-06-23,Sierra,091,2930,1,1,0,1,0
2020-06-23,Siskiyou,093,43540,30,24,0,24,0
2020-06-23,Solano,095,438530,1478,941,6,947,21
2020-06-23,Sonoma,097,501317,1211,912,3,915,4
2020-06-23,Stanislaus,099,539301,3068,1850,5,1855,35
2020-06-23,Sutter,101,95872,149,112,0,112,2
2020-06-23,Tehama,103,63373,79,50,2,52,1
2020-06-23,Trinity,105,12862,16,2,3,5,0
2020-06-23,Tulare,107,460477,4765,3456,10,3466,111
2020-06-23,Tuolumne,109,53932,27,9,0,9,0
2020-06-23,Ventura,111,848112,3373,2209,15,2224,40
2020-06-23,Yolo,113,214977,545,350,0,350,24
2020-06-23,Yuba,115,75493,54,35,0,35,1
2020-06-22,Alameda,001,1643700,6012,4944,9,4953,121
2020-06-22,Alpine,003,1148,1,1,0,1,0
2020-06-22,Amador,005,37829,18,12,0,12,0
2020-06-22,Butte,007,227075,184,104,7,111,1
2020-06-22,Calaveras,009,45235,35,20,0,20,0
2020-06-22,Colusa,011,21464,37,7,0,7,0
2020-06-22,Contra Costa,013,1133247,2961,2363,3,2366,60
2020-06-22,Del Norte,015,27424,48,46,0,46,0
2020-06-22,El Dorado,017,186661,220,137,0,137,0
2020-06-22,Fresno,019,978130,7034,3425,71,3496,67
2020-06-22,Glenn,021,27897,111,40,0,40,0
2020-06-22,Humboldt,023,135768,147,110,0,110,3
2020-06-22,Imperial,025,180216,7189,4700,4,4704,38
2020-06-22,Inyo,027,18085,29,26,0,26,1
2020-06-22,Kern,029,883053,6260,3982,15,3997,60
2020-06-22,Kings,031,150075,2406,1513,6,1519,13
2020-06-22,Lake,033,64148,54,37,0,37,0
2020-06-22,Lassen,035,31185,116,7,2,9,0
2020-06-22,Los Angeles,037,10098052,99789,85925,26,85951,3117
2020-06-22,Madera,039,155013,701,333,2,335,4
2020-06-22,Marin,041,260295,1711,1029,4,1033,17
2020-06-22,Mariposa,043,17540,25,18,0,18,1
2020-06-22,Mendocino,045,87422,74,48,0,48,0
2020-06-22,Merced,047,269075,1167,619,1,620,8
2020-06-22,Modoc,049,8938,1,0,0,0,0
2020-06-22,Mono,051,14174,42,34,0,34,1
2020-06-22,Monterey,053,433212,1720,1293,5,1298,12
2020-06-22,Napa,055,140530,338,222,0,222,3
2020-06-22,Nevada,057,99092,111,79,1,80,1
2020-06-22,Orange,059,3164182,17152,10711,141,10852,275
2020-06-22,Placer,061,380077,732,512,3,515,9
2020-06-22,Plumas,063,18699,7,6,0,6,0
2020-06-22,Riverside,065,2383286,18578,13948,24,13972,403
2020-06-22,Sacramento,067,1510023,2969,2243,5,2248,62
2020-06-22,San Benito,069,59416,228,164,0,164,2
2020-06-22,San Bernardino,071,2135413,14288,9133,9,9142,229
2020-06-22,San Diego,073,3302833,14072,11098,2,11100,338
2020-06-22,San Francisco,075,870044,3556,3000,1,3001,47
2020-06-22,San Joaquin,077,732212,3552,2332,4,2336,48
2020-06-22,San Luis Obispo,079,281455,637,422,5,427,1
2020-06-22,San Mateo,081,765935,3225,2813,4,2817,81
2020-06-22,Santa Barbara,083,443738,3557,2447,25,2472,21
2020-06-22,Santa Clara,085,1922200,4923,3580,16,3596,155
2020-06-22,Santa Cruz,087,273765,381,290,0,290,3
2020-06-22,Shasta,089,179085,157,77,0,77,5
2020-06-22,Sierra,091,2930,1,1,0,1,0
2020-06-22,Siskiyou,093,43540,30,23,0,23,0
2020-06-22,Solano,095,438530,1400,784,5,789,21
2020-06-22,Sonoma,097,501317,1166,860,1,861,4
2020-06-22,Stanislaus,099,539301,2883,1784,5,1789,35
2020-06-22,Sutter,101,95872,140,100,0,100,2
2020-06-22,Tehama,103,63373,75,38,2,40,1
2020-06-22,Trinity,105,12862,16,2,3,5,0
2020-06-22,Tulare,107,460477,4627,3185,10,3195,111
2020-06-22,Tuolumne,109,53932,18,8,0,8,0
2020-06-22,Ventura,111,848112,3224,2065,15,2080,39
2020-06-22,Yolo,113,214977,519,333,0,333,24
2020-06-22,Yuba,115,75493,49,36,0,36,1
2020-06-21,Alameda,001,1643700,5817,4835,9,4844,121
2020-06-21,Alpine,003,1148,1,1,0,1,0
2020-06-21,Amador,005,37829,13,12,0,12,0
2020-06-21,Butte,007,227075,170,97,7,104,1
2020-06-21,Calaveras,009,45235,35,20,0,20,0
2020-06-21,Colusa,011,21464,29,7,0,7,0
2020-06-21,Contra Costa,013,1133247,2835,2282,3,2285,60
2020-06-21,Del Norte,015,27424,47,46,0,46,0
2020-06-21,El Dorado,017,186661,211,132,0,132,0
2020-06-21,Fresno,019,978130,6462,3296,69,3365,67
2020-06-21,Glenn,021,27897,102,40,0,40,0
2020-06-21,Humboldt,023,135768,142,108,0,108,3
2020-06-21,Imperial,025,180216,7006,4701,4,4705,38
2020-06-21,Inyo,027,18085,27,26,0,26,1
2020-06-21,Kern,029,883053,5968,3918,14,3932,60
2020-06-21,Kings,031,150075,2342,1334,6,1340,11
2020-06-21,Lake,033,64148,49,36,0,36,0
2020-06-21,Lassen,035,31185,23,7,2,9,0
2020-06-21,Los Angeles,037,10098052,96907,83383,25,83408,3101
2020-06-21,Madera,039,155013,667,319,2,321,4
2020-06-21,Marin,041,260295,1554,907,4,911,17
2020-06-21,Mariposa,043,17540,22,18,0,18,1
2020-06-21,Mendocino,045,87422,71,48,0,48,0
2020-06-21,Merced,047,269075,1072,577,1,578,8
2020-06-21,Modoc,049,8938,1,0,0,0,0
2020-06-21,Mono,051,14174,42,34,0,34,1
2020-06-21,Monterey,053,433212,1647,1227,5,1232,12
2020-06-21,Napa,055,140530,323,218,0,218,3
2020-06-21,Nevada,057,99092,108,79,1,80,1
2020-06-21,Orange,059,3164182,16319,10563,137,10700,275
2020-06-21,Placer,061,380077,692,498,3,501,9
2020-06-21,Plumas,063,18699,7,6,0,6,0
2020-06-21,Riverside,065,2383286,17872,13528,23,13551,402
2020-06-21,Sacramento,067,1510023,2768,2156,4,2160,62
2020-06-21,San Benito,069,59416,214,151,0,151,2
2020-06-21,San Bernardino,071,2135413,13512,8925,8,8933,229
2020-06-21,San Diego,073,3302833,13526,10796,2,10798,338
2020-06-21,San Francisco,075,870044,3450,3000,1,3001,47
2020-06-21,San Joaquin,077,732212,3316,2188,4,2192,48
2020-06-21,San Luis Obispo,079,281455,612,418,5,423,1
2020-06-21,San Mateo,081,765935,3167,2781,4,2785,81
2020-06-21,Santa Barbara,083,443738,3450,2430,24,2454,21
2020-06-21,Santa Clara,085,1922200,4785,3514,16,3530,154
2020-06-21,Santa Cruz,087,273765,371,290,0,290,3
2020-06-21,Shasta,089,179085,147,75,0,75,5
2020-06-21,Sierra,091,2930,1,1,0,1,0
2020-06-21,Siskiyou,093,43540,30,23,0,23,0
2020-06-21,Solano,095,438530,1300,783,4,787,21
2020-06-21,Sonoma,097,501317,1116,836,1,837,4
2020-06-21,Stanislaus,099,539301,2697,1688,5,1693,35
2020-06-21,Sutter,101,95872,132,96,0,96,2
2020-06-21,Tehama,103,63373,64,35,2,37,1
2020-06-21,Trinity,105,12862,15,2,3,5,0
2020-06-21,Tulare,107,460477,4458,3173,10,3183,111
2020-06-21,Tuolumne,109,53932,16,8,0,8,0
2020-06-21,Ventura,111,848112,3046,2021,15,2036,39
2020-06-21,Yolo,113,214977,487,323,0,323,24
2020-06-21,Yuba,115,75493,45,35,0,35,1
2020-06-20,Alameda,001,1643700,5755,4758,9,4767,119
2020-06-20,Alpine,003,1148,1,1,0,1,0
2020-06-20,Amador,005,37829,13,12,0,12,0
2020-06-20,Butte,007,227075,163,94,7,101,1
2020-06-20,Calaveras,009,45235,35,20,0,20,0
2020-06-20,Colusa,011,21464,26,7,0,7,0
2020-06-20,Contra Costa,013,1133247,2776,2231,3,2234,54
2020-06-20,Del Norte,015,27424,47,46,0,46,0
2020-06-20,El Dorado,017,186661,206,130,0,130,0
2020-06-20,Fresno,019,978130,6336,3222,66,3288,67
2020-06-20,Glenn,021,27897,97,40,0,40,0
2020-06-20,Humboldt,023,135768,142,108,0,108,3
2020-06-20,Imperial,025,180216,6925,4616,4,4620,37
2020-06-20,Inyo,027,18085,27,26,0,26,1
2020-06-20,Kern,029,883053,5803,3836,14,3850,59
2020-06-20,Kings,031,150075,2318,1331,6,1337,9
2020-06-20,Lake,033,64148,49,37,0,37,0
2020-06-20,Lassen,035,31185,22,7,2,9,0
2020-06-20,Los Angeles,037,10098052,95335,81604,24,81628,3093
2020-06-20,Madera,039,155013,634,321,2,323,4
2020-06-20,Marin,041,260295,1534,879,4,883,17
2020-06-20,Mariposa,043,17540,22,18,0,18,1
2020-06-20,Mendocino,045,87422,70,48,0,48,0
2020-06-20,Merced,047,269075,1032,566,1,567,8
2020-06-20,Modoc,049,8938,1,0,0,0,0
2020-06-20,Mono,051,14174,42,34,0,34,1
2020-06-20,Monterey,053,433212,1611,1181,5,1186,12
2020-06-20,Napa,055,140530,314,212,0,212,3
2020-06-20,Nevada,057,99092,105,73,1,74,1
2020-06-20,Orange,059,3164182,15968,10284,133,10417,273
2020-06-20,Placer,061,380077,667,483,3,486,9
2020-06-20,Plumas,063,18699,6,6,0,6,0
2020-06-20,Riverside,065,2383286,17573,13021,23,13044,402
2020-06-20,Sacramento,067,1510023,2697,2069,4,2073,63
2020-06-20,San Benito,069,59416,210,139,0,139,2
2020-06-20,San Bernardino,071,2135413,13150,8718,8,8726,229
2020-06-20,San Diego,073,3302833,13203,10486,2,10488,338
2020-06-20,San Francisco,075,870044,3406,2999,1,3000,47
2020-06-20,San Joaquin,077,732212,3234,2046,4,2050,48
2020-06-20,San Luis Obispo,079,281455,599,405,5,410,1
2020-06-20,San Mateo,081,765935,3119,2755,4,2759,81
2020-06-20,Santa Barbara,083,443738,3394,2358,23,2381,21
2020-06-20,Santa Clara,085,1922200,4711,3435,16,3451,154
2020-06-20,Santa Cruz,087,273765,369,287,0,287,3
2020-06-20,Shasta,089,179085,141,66,0,66,5
2020-06-20,Sierra,091,2930,1,1,0,1,0
2020-06-20,Siskiyou,093,43540,29,22,0,22,0
2020-06-20,Solano,095,438530,1276,784,4,788,21
2020-06-20,Sonoma,097,501317,1080,806,1,807,4
2020-06-20,Stanislaus,099,539301,2589,1598,5,1603,35
2020-06-20,Sutter,101,95872,130,89,0,89,2
2020-06-20,Tehama,103,63373,62,35,2,37,1
2020-06-20,Trinity,105,12862,15,2,3,5,0
2020-06-20,Tulare,107,460477,4385,3172,10,3182,111
2020-06-20,Tuolumne,109,53932,13,8,0,8,0
2020-06-20,Ventura,111,848112,2981,1946,15,1961,37
2020-06-20,Yolo,113,214977,471,309,0,309,24
2020-06-20,Yuba,115,75493,43,34,0,34,1
2020-06-19,Alameda,001,1643700,5684,4646,9,4655,119
2020-06-19,Alpine,003,1148,1,1,0,1,0
2020-06-19,Amador,005,37829,13,12,0,12,0
2020-06-19,Butte,007,227075,158,91,7,98,1
2020-06-19,Calaveras,009,45235,34,20,0,20,0
2020-06-19,Colusa,011,21464,24,7,0,7,0
2020-06-19,Contra Costa,013,1133247,2696,2106,3,2109,54
2020-06-19,Del Norte,015,27424,47,46,0,46,0
2020-06-19,El Dorado,017,186661,197,124,0,124,0
2020-06-19,Fresno,019,978130,6174,3109,64,3173,61
2020-06-19,Glenn,021,27897,91,40,0,40,0
2020-06-19,Humboldt,023,135768,140,106,0,106,3
2020-06-19,Imperial,025,180216,6834,4504,4,4508,36
2020-06-19,Inyo,027,18085,27,26,0,26,1
2020-06-19,Kern,029,883053,5580,3742,13,3755,57
2020-06-19,Kings,031,150075,2297,1285,6,1291,9
2020-06-19,Lake,033,64148,46,36,0,36,0
2020-06-19,Lassen,035,31185,21,7,2,9,0
2020-06-19,Los Angeles,037,10098052,93356,79572,23,79595,3047
2020-06-19,Madera,039,155013,615,300,2,302,4
2020-06-19,Marin,041,260295,1505,829,4,833,17
2020-06-19,Mariposa,043,17540,21,18,0,18,1
2020-06-19,Mendocino,045,87422,69,48,0,48,0
2020-06-19,Merced,047,269075,987,529,1,530,8
2020-06-19,Modoc,049,8938,1,0,0,0,0
2020-06-19,Mono,051,14174,42,34,0,34,1
2020-06-19,Monterey,053,433212,1582,1159,5,1164,12
2020-06-19,Napa,055,140530,304,209,0,209,3
2020-06-19,Nevada,057,99092,102,71,1,72,1
2020-06-19,Orange,059,3164182,15435,9972,126,10098,260
2020-06-19,Placer,061,380077,649,464,3,467,9
2020-06-19,Plumas,063,18699,6,5,0,5,0
2020-06-19,Riverside,065,2383286,17168,12710,23,12733,398
2020-06-19,Sacramento,067,1510023,2614,1976,4,1980,64
2020-06-19,San Benito,069,59416,209,136,0,136,2
2020-06-19,San Bernardino,071,2135413,12744,8454,7,8461,226
2020-06-19,San Diego,073,3302833,12840,10352,2,10354,332
2020-06-19,San Francisco,075,870044,3351,2968,1,2969,47
2020-06-19,San Joaquin,077,732212,3111,1969,4,1973,48
2020-06-19,San Luis Obispo,079,281455,583,392,5,397,1
2020-06-19,San Mateo,081,765935,3080,2713,4,2717,81
2020-06-19,Santa Barbara,083,443738,3321,2284,21,2305,21
2020-06-19,Santa Clara,085,1922200,4637,3376,16,3392,154
2020-06-19,Santa Cruz,087,273765,359,283,0,283,3
2020-06-19,Shasta,089,179085,137,58,0,58,5
2020-06-19,Sierra,091,2930,1,1,0,1,0
2020-06-19,Siskiyou,093,43540,29,21,0,21,0
2020-06-19,Solano,095,438530,1238,755,4,759,21
2020-06-19,Sonoma,097,501317,1053,803,1,804,4
2020-06-19,Stanislaus,099,539301,2479,1549,5,1554,35
2020-06-19,Sutter,101,95872,129,89,0,89,2
2020-06-19,Tehama,103,63373,61,35,2,37,1
2020-06-19,Trinity,105,12862,15,2,3,5,0
2020-06-19,Tulare,107,460477,4314,3053,10,3063,107
2020-06-19,Tuolumne,109,53932,12,8,0,8,0
2020-06-19,Ventura,111,848112,2897,1865,15,1880,37
2020-06-19,Yolo,113,214977,452,303,0,303,24
2020-06-19,Yuba,115,75493,42,33,0,33,1
2020-06-18,Alameda,001,1643700,5554,4589,9,4598,118
2020-06-18,Alpine,003,1148,1,1,0,1,0
2020-06-18,Amador,005,37829,12,12,0,12,0
2020-06-18,Butte,007,227075,153,88,7,95,1
2020-06-18,Calaveras,009,45235,34,20,0,20,0
2020-06-18,Colusa,011,21464,20,7,0,7,0
2020-06-18,Contra Costa,013,1133247,2590,2072,3,2075,53
2020-06-18,Del Norte,015,27424,47,46,0,46,0
2020-06-18,El Dorado,017,186661,193,121,0,121,0
2020-06-18,Fresno,019,978130,5907,2947,63,3010,57
2020-06-18,Glenn,021,27897,82,35,0,35,0
2020-06-18,Humboldt,023,135768,139,106,0,106,3
2020-06-18,Imperial,025,180216,6685,4366,4,4370,36
2020-06-18,Inyo,027,18085,26,25,0,25,1
2020-06-18,Kern,029,883053,5362,3634,13,3647,57
2020-06-18,Kings,031,150075,2238,1141,6,1147,8
2020-06-18,Lake,033,64148,45,36,0,36,0
2020-06-18,Lassen,035,31185,20,5,2,7,0
2020-06-18,Los Angeles,037,10098052,91087,78244,23,78267,3009
2020-06-18,Madera,039,155013,580,288,2,290,4
2020-06-18,Marin,041,260295,1442,819,4,823,17
2020-06-18,Mariposa,043,17540,19,18,0,18,1
2020-06-18,Mendocino,045,87422,65,45,0,45,0
2020-06-18,Merced,047,269075,934,486,1,487,7
2020-06-18,Modoc,049,8938,1,0,0,0,0
2020-06-18,Mono,051,14174,42,34,0,34,1
2020-06-18,Monterey,053,433212,1514,1127,5,1132,12
2020-06-18,Napa,055,140530,289,205,0,205,3
2020-06-18,Nevada,057,99092,98,68,1,69,1
2020-06-18,Orange,059,3164182,14780,9597,107,9704,255
2020-06-18,Placer,061,380077,626,457,3,460,9
2020-06-18,Plumas,063,18699,6,5,0,5,0
2020-06-18,Riverside,065,2383286,16553,12410,23,12433,392
2020-06-18,Sacramento,067,1510023,2498,1938,4,1942,63
2020-06-18,San Benito,069,59416,203,134,0,134,2
2020-06-18,San Bernardino,071,2135413,12104,8141,7,8148,226
2020-06-18,San Diego,073,3302833,12418,10094,2,10096,331
2020-06-18,San Francisco,075,870044,3302,2951,1,2952,47
2020-06-18,San Joaquin,077,732212,2959,1908,4,1912,47
2020-06-18,San Luis Obispo,079,281455,564,378,5,383,1
2020-06-18,San Mateo,081,765935,3041,2674,4,2678,78
2020-06-18,Santa Barbara,083,443738,3247,2201,21,2222,19
2020-06-18,Santa Clara,085,1922200,4534,3338,16,3354,152
2020-06-18,Santa Cruz,087,273765,342,275,0,275,3
2020-06-18,Shasta,089,179085,126,51,0,51,4
2020-06-18,Sierra,091,2930,1,1,0,1,0
2020-06-18,Siskiyou,093,43540,29,18,0,18,0
2020-06-18,Solano,095,438530,1200,735,4,739,21
2020-06-18,Sonoma,097,501317,1011,789,1,790,4
2020-06-18,Stanislaus,099,539301,2345,1495,5,1500,35
2020-06-18,Sutter,101,95872,125,85,0,85,2
2020-06-18,Tehama,103,63373,56,31,2,33,1
2020-06-18,Trinity,105,12862,15,2,3,5,0
2020-06-18,Tulare,107,460477,4192,3005,10,3015,107
2020-06-18,Tuolumne,109,53932,11,8,0,8,0
2020-06-18,Ventura,111,848112,2771,1781,15,1796,37
2020-06-18,Yolo,113,214977,419,294,0,294,24
2020-06-18,Yuba,115,75493,41,32,0,32,1
2020-06-17,Alameda,001,1643700,5431,4485,9,4494,117
2020-06-17,Alpine,003,1148,1,1,0,1,0
2020-06-17,Amador,005,37829,11,10,0,10,0
2020-06-17,Butte,007,227075,144,81,7,88,1
2020-06-17,Calaveras,009,45235,34,20,0,20,0
2020-06-17,Colusa,011,21464,19,7,0,7,0
2020-06-17,Contra Costa,013,1133247,2493,2020,3,2023,45
2020-06-17,Del Norte,015,27424,47,45,0,45,0
2020-06-17,El Dorado,017,186661,186,116,0,116,0
2020-06-17,Fresno,019,978130,5681,2801,60,2861,56
2020-06-17,Glenn,021,27897,75,31,0,31,0
2020-06-17,Humboldt,023,135768,137,105,0,105,3
2020-06-17,Imperial,025,180216,6512,4108,4,4112,36
2020-06-17,Inyo,027,18085,25,25,0,25,1
2020-06-17,Kern,029,883053,5161,3547,13,3560,56
2020-06-17,Kings,031,150075,2208,1097,6,1103,7
2020-06-17,Lake,033,64148,44,32,0,32,0
2020-06-17,Lassen,035,31185,16,5,2,7,0
2020-06-17,Los Angeles,037,10098052,88780,77166,23,77189,2973
2020-06-17,Madera,039,155013,558,258,2,260,4
2020-06-17,Marin,041,260295,1250,771,3,774,17
2020-06-17,Mariposa,043,17540,18,18,0,18,1
2020-06-17,Mendocino,045,87422,63,42,0,42,0
2020-06-17,Merced,047,269075,862,460,1,461,7
2020-06-17,Modoc,049,8938,1,0,0,0,0
2020-06-17,Mono,051,14174,42,34,0,34,1
2020-06-17,Monterey,053,433212,1462,1077,5,1082,12
2020-06-17,Napa,055,140530,274,202,0,202,3
2020-06-17,Nevada,057,99092,94,57,1,58,1
2020-06-17,Orange,059,3164182,14174,9278,101,9379,230
2020-06-17,Placer,061,380077,606,427,3,430,9
2020-06-17,Plumas,063,18699,6,5,0,5,0
2020-06-17,Riverside,065,2383286,15917,11859,23,11882,370
2020-06-17,Sacramento,067,1510023,2391,1889,4,1893,63
2020-06-17,San Benito,069,59416,198,116,0,116,2
2020-06-17,San Bernardino,071,2135413,11552,7670,7,7677,225
2020-06-17,San Diego,073,3302833,12039,9856,2,9858,327
2020-06-17,San Francisco,075,870044,3263,2906,1,2907,46
2020-06-17,San Joaquin,077,732212,2786,1825,4,1829,46
2020-06-17,San Luis Obispo,079,281455,547,362,5,367,1
2020-06-17,San Mateo,081,765935,2994,2649,4,2653,78
2020-06-17,Santa Barbara,083,443738,3174,2147,19,2166,19
2020-06-17,Santa Clara,085,1922200,4441,3264,15,3279,148
2020-06-17,Santa Cruz,087,273765,336,265,0,265,2
2020-06-17,Shasta,089,179085,124,51,0,51,4
2020-06-17,Sierra,091,2930,1,1,0,1,0
2020-06-17,Siskiyou,093,43540,28,16,0,16,0
2020-06-17,Solano,095,438530,1150,722,4,726,21
2020-06-17,Sonoma,097,501317,985,748,1,749,4
2020-06-17,Stanislaus,099,539301,2222,1387,5,1392,35
2020-06-17,Sutter,101,95872,119,79,0,79,2
2020-06-17,Tehama,103,63373,41,24,2,26,1
2020-06-17,Trinity,105,12862,14,2,3,5,0
2020-06-17,Tulare,107,460477,4082,2882,10,2892,106
2020-06-17,Tuolumne,109,53932,11,7,0,7,0
2020-06-17,Ventura,111,848112,2671,1729,15,1744,37
2020-06-17,Yolo,113,214977,399,277,0,277,24
2020-06-17,Yuba,115,75493,40,30,0,30,1
2020-06-16,Alameda,001,1643700,5313,4428,9,4437,113
2020-06-16,Alpine,003,1148,1,1,0,1,0
2020-06-16,Amador,005,37829,11,10,0,10,0
2020-06-16,Butte,007,227075,140,79,7,86,1
2020-06-16,Calaveras,009,45235,31,19,0,19,0
2020-06-16,Colusa,011,21464,16,7,0,7,0
2020-06-16,Contra Costa,013,1133247,2402,1971,2,1973,45
2020-06-16,Del Norte,015,27424,47,45,0,45,0
2020-06-16,El Dorado,017,186661,180,115,0,115,0
2020-06-16,Fresno,019,978130,5443,2731,58,2789,50
2020-06-16,Glenn,021,27897,71,30,0,30,0
2020-06-16,Humboldt,023,135768,134,105,0,105,3
2020-06-16,Imperial,025,180216,6353,3939,4,3943,36
2020-06-16,Inyo,027,18085,25,24,0,24,1
2020-06-16,Kern,029,883053,4937,3496,13,3509,55
2020-06-16,Kings,031,150075,2162,1044,6,1050,6
2020-06-16,Lake,033,64148,44,31,0,31,0
2020-06-16,Lassen,035,31185,13,5,2,7,0
2020-06-16,Los Angeles,037,10098052,86458,75051,23,75074,2942
2020-06-16,Madera,039,155013,532,239,2,241,3
2020-06-16,Marin,041,260295,1197,725,3,728,17
2020-06-16,Mariposa,043,17540,18,17,0,17,1
2020-06-16,Mendocino,045,87422,62,35,0,35,0
2020-06-16,Merced,047,269075,814,436,1,437,7
2020-06-16,Modoc,049,8938,1,0,0,0,0
2020-06-16,Mono,051,14174,42,34,0,34,1
2020-06-16,Monterey,053,433212,1414,1019,5,1024,12
2020-06-16,Napa,055,140530,259,196,0,196,3
2020-06-16,Nevada,057,99092,91,53,1,54,1
2020-06-16,Orange,059,3164182,13590,9163,97,9260,223
2020-06-16,Placer,061,380077,574,392,3,395,9
2020-06-16,Plumas,063,18699,6,5,0,5,0
2020-06-16,Riverside,065,2383286,15242,11638,23,11661,364
2020-06-16,Sacramento,067,1510023,2282,1825,4,1829,60
2020-06-16,San Benito,069,59416,190,110,0,110,2
2020-06-16,San Bernardino,071,2135413,11009,7463,7,7470,225
2020-06-16,San Diego,073,3302833,11677,9732,1,9733,323
2020-06-16,San Francisco,075,870044,3212,2893,1,2894,46
2020-06-16,San Joaquin,077,732212,2633,1718,4,1722,47
2020-06-16,San Luis Obispo,079,281455,523,343,5,348,1
2020-06-16,San Mateo,081,765935,2940,2618,4,2622,77
2020-06-16,Santa Barbara,083,443738,3107,2090,19,2109,16
2020-06-16,Santa Clara,085,1922200,4330,3228,14,3242,148
2020-06-16,Santa Cruz,087,273765,320,257,0,257,2
2020-06-16,Shasta,089,179085,115,51,0,51,4
2020-06-16,Sierra,091,2930,1,1,0,1,0
2020-06-16,Siskiyou,093,43540,27,15,0,15,0
2020-06-16,Solano,095,438530,1060,694,4,698,19
2020-06-16,Sonoma,097,501317,953,739,1,740,4
2020-06-16,Stanislaus,099,539301,2069,1278,5,1283,36
2020-06-16,Sutter,101,95872,112,73,0,73,2
2020-06-16,Tehama,103,63373,37,24,2,26,1
2020-06-16,Trinity,105,12862,14,2,3,5,0
2020-06-16,Tulare,107,460477,3963,2802,10,2812,96
2020-06-16,Tuolumne,109,53932,11,7,0,7,0
2020-06-16,Ventura,111,848112,2570,1676,15,1691,37
2020-06-16,Yolo,113,214977,375,262,0,262,24
2020-06-16,Yuba,115,75493,39,29,0,29,1
2020-06-15,Alameda,001,1643700,5186,4323,9,4332,112
2020-06-15,Alpine,003,1148,1,1,0,1,0
2020-06-15,Amador,005,37829,11,10,0,10,0
2020-06-15,Butte,007,227075,132,78,7,85,1
2020-06-15,Calaveras,009,45235,31,18,0,18,0
2020-06-15,Colusa,011,21464,14,7,0,7,0
2020-06-15,Contra Costa,013,1133247,2325,1918,2,1920,43
2020-06-15,Del Norte,015,27424,47,45,0,45,0
2020-06-15,El Dorado,017,186661,170,114,0,114,0
2020-06-15,Fresno,019,978130,5230,2616,57,2673,48
2020-06-15,Glenn,021,27897,66,21,0,21,0
2020-06-15,Humboldt,023,135768,132,105,0,105,3
2020-06-15,Imperial,025,180216,6178,3726,4,3730,36
2020-06-15,Inyo,027,18085,25,23,0,23,1
2020-06-15,Kern,029,883053,4713,3417,13,3430,55
2020-06-15,Kings,031,150075,2085,1022,6,1028,6
2020-06-15,Lake,033,64148,44,31,0,31,0
2020-06-15,Lassen,035,31185,13,5,2,7,0
2020-06-15,Los Angeles,037,10098052,84271,73705,23,73728,2908
2020-06-15,Madera,039,155013,510,203,2,205,3
2020-06-15,Marin,041,260295,1030,708,3,711,17
2020-06-15,Mariposa,043,17540,18,17,0,17,1
2020-06-15,Mendocino,045,87422,53,33,0,33,0
2020-06-15,Merced,047,269075,768,414,1,415,7
2020-06-15,Modoc,049,8938,1,0,0,0,0
2020-06-15,Mono,051,14174,42,34,0,34,1
2020-06-15,Monterey,053,433212,1348,998,5,1003,12
2020-06-15,Napa,055,140530,251,187,0,187,3
2020-06-15,Nevada,057,99092,85,52,1,53,1
2020-06-15,Orange,059,3164182,13022,8944,89,9033,212
2020-06-15,Placer,061,380077,552,386,3,389,9
2020-06-15,Plumas,063,18699,6,4,0,4,0
2020-06-15,Riverside,065,2383286,14624,11376,22,11398,364
2020-06-15,Sacramento,067,1510023,2166,1791,4,1795,60
2020-06-15,San Benito,069,59416,184,108,0,108,2
2020-06-15,San Bernardino,071,2135413,10505,7189,7,7196,224
2020-06-15,San Diego,073,3302833,11337,9612,1,9613,320
2020-06-15,San Francisco,075,870044,3168,2833,1,2834,45
2020-06-15,San Joaquin,077,732212,2497,1667,4,1671,43
2020-06-15,San Luis Obispo,079,281455,508,332,5,337,1
2020-06-15,San Mateo,081,765935,2893,2591,4,2595,75
2020-06-15,Santa Barbara,083,443738,3037,2054,19,2073,16
2020-06-15,Santa Clara,085,1922200,4230,3204,14,3218,148
2020-06-15,Santa Cruz,087,273765,309,254,0,254,2
2020-06-15,Shasta,089,179085,109,50,0,50,4
2020-06-15,Sierra,091,2930,1,1,0,1,0
2020-06-15,Siskiyou,093,43540,26,14,0,14,0
2020-06-15,Solano,095,438530,1000,638,4,642,19
2020-06-15,Sonoma,097,501317,924,726,1,727,4
2020-06-15,Stanislaus,099,539301,1952,1253,5,1258,35
2020-06-15,Sutter,101,95872,102,71,0,71,2
2020-06-15,Tehama,103,63373,37,17,2,19,1
2020-06-15,Trinity,105,12862,13,2,3,5,0
2020-06-15,Tulare,107,460477,3849,2662,10,2672,96
2020-06-15,Tuolumne,109,53932,10,7,0,7,0
2020-06-15,Ventura,111,848112,2489,1656,15,1671,37
2020-06-15,Yolo,113,214977,355,255,0,255,24
2020-06-15,Yuba,115,75493,39,28,0,28,1
2020-06-14,Alameda,001,1643700,5041,4271,9,4280,112
2020-06-14,Alpine,003,1148,1,1,0,1,0
2020-06-14,Amador,005,37829,11,10,0,10,0
2020-06-14,Butte,007,227075,124,78,7,85,1
2020-06-14,Calaveras,009,45235,30,18,0,18,0
2020-06-14,Colusa,011,21464,13,7,0,7,0
2020-06-14,Contra Costa,013,1133247,2256,1893,2,1895,43
2020-06-14,Del Norte,015,27424,47,45,0,45,0
2020-06-14,El Dorado,017,186661,166,110,0,110,0
2020-06-14,Fresno,019,978130,5045,2585,56,2641,48
2020-06-14,Glenn,021,27897,51,21,0,21,0
2020-06-14,Humboldt,023,135768,128,105,0,105,3
2020-06-14,Imperial,025,180216,5947,3730,4,3734,36
2020-06-14,Inyo,027,18085,24,23,0,23,1
2020-06-14,Kern,029,883053,4502,3328,13,3341,55
2020-06-14,Kings,031,150075,2034,1022,5,1027,6
2020-06-14,Lake,033,64148,41,31,0,31,0
2020-06-14,Lassen,035,31185,13,5,2,7,0
2020-06-14,Los Angeles,037,10098052,81945,72932,22,72954,2887
2020-06-14,Madera,039,155013,491,203,2,205,3
2020-06-14,Marin,041,260295,865,689,2,691,17
2020-06-14,Mariposa,043,17540,18,16,0,16,1
2020-06-14,Mendocino,045,87422,50,33,0,33,0
2020-06-14,Merced,047,269075,717,403,1,404,7
2020-06-14,Modoc,049,8938,1,0,0,0,0
2020-06-14,Mono,051,14174,42,34,0,34,1
2020-06-14,Monterey,053,433212,1287,949,5,954,12
2020-06-14,Napa,055,140530,229,181,0,181,3
2020-06-14,Nevada,057,99092,81,52,1,53,1
2020-06-14,Orange,059,3164182,12595,8744,84,8828,211
2020-06-14,Placer,061,380077,526,369,3,372,9
2020-06-14,Plumas,063,18699,5,4,0,4,0
2020-06-14,Riverside,065,2383286,14182,11218,22,11240,364
2020-06-14,Sacramento,067,1510023,2079,1750,4,1754,60
2020-06-14,San Benito,069,59416,173,104,0,104,2
2020-06-14,San Bernardino,071,2135413,9964,7015,7,7022,224
2020-06-14,San Diego,073,3302833,10962,9442,1,9443,319
2020-06-14,San Francisco,075,870044,3128,2834,1,2835,45
2020-06-14,San Joaquin,077,732212,2346,1603,4,1607,43
2020-06-14,San Luis Obispo,079,281455,493,330,5,335,1
2020-06-14,San Mateo,081,765935,2835,2571,4,2575,75
2020-06-14,Santa Barbara,083,443738,2959,2049,19,2068,17
2020-06-14,Santa Clara,085,1922200,4135,3178,14,3192,148
2020-06-14,Santa Cruz,087,273765,295,254,0,254,2
2020-06-14,Shasta,089,179085,103,48,0,48,4
2020-06-14,Sierra,091,2930,1,1,0,1,0
2020-06-14,Siskiyou,093,43540,25,13,0,13,0
2020-06-14,Solano,095,438530,951,638,4,642,19
2020-06-14,Sonoma,097,501317,896,724,1,725,4
2020-06-14,Stanislaus,099,539301,1804,1159,5,1164,35
2020-06-14,Sutter,101,95872,97,63,0,63,2
2020-06-14,Tehama,103,63373,34,17,2,19,1
2020-06-14,Trinity,105,12862,13,2,3,5,0
2020-06-14,Tulare,107,460477,3715,2646,10,2656,96
2020-06-14,Tuolumne,109,53932,10,7,0,7,0
2020-06-14,Ventura,111,848112,2390,1610,14,1624,37
2020-06-14,Yolo,113,214977,339,254,0,254,24
2020-06-14,Yuba,115,75493,38,28,0,28,1
2020-06-13,Alameda,001,1643700,4978,4196,9,4205,112
2020-06-13,Alpine,003,1148,1,1,0,1,0
2020-06-13,Amador,005,37829,10,10,0,10,0
2020-06-13,Butte,007,227075,115,72,7,79,1
2020-06-13,Calaveras,009,45235,28,18,0,18,0
2020-06-13,Colusa,011,21464,12,7,0,7,0
2020-06-13,Contra Costa,013,1133247,2220,1868,2,1870,43
2020-06-13,Del Norte,015,27424,47,45,0,45,0
2020-06-13,El Dorado,017,186661,162,110,0,110,0
2020-06-13,Fresno,019,978130,4947,2499,56,2555,48
2020-06-13,Glenn,021,27897,49,21,0,21,0
2020-06-13,Humboldt,023,135768,127,104,0,104,3
2020-06-13,Imperial,025,180216,5874,3646,4,3650,36
2020-06-13,Inyo,027,18085,24,23,0,23,1
2020-06-13,Kern,029,883053,4393,3239,13,3252,55
2020-06-13,Kings,031,150075,2014,1023,5,1028,6
2020-06-13,Lake,033,64148,40,29,0,29,0
2020-06-13,Lassen,035,31185,13,5,2,7,0
2020-06-13,Los Angeles,037,10098052,80907,71938,22,71960,2874
2020-06-13,Madera,039,155013,487,203,2,205,3
2020-06-13,Marin,041,260295,834,677,2,679,17
2020-06-13,Mariposa,043,17540,18,16,0,16,1
2020-06-13,Mendocino,045,87422,50,33,0,33,0
2020-06-13,Merced,047,269075,699,376,1,377,7
2020-06-13,Modoc,049,8938,1,0,0,0,0
2020-06-13,Mono,051,14174,42,35,0,35,1
2020-06-13,Monterey,053,433212,1249,900,5,905,11
2020-06-13,Napa,055,140530,226,171,0,171,3
2020-06-13,Nevada,057,99092,79,52,1,53,1
2020-06-13,Orange,059,3164182,12351,8581,81,8662,211
2020-06-13,Placer,061,380077,509,346,3,349,9
2020-06-13,Plumas,063,18699,5,4,0,4,0
2020-06-13,Riverside,065,2383286,13903,10931,22,10953,364
2020-06-13,Sacramento,067,1510023,2025,1713,4,1717,60
2020-06-13,San Benito,069,59416,166,99,0,99,2
2020-06-13,San Bernardino,071,2135413,9739,6885,7,6892,224
2020-06-13,San Diego,073,3302833,10790,9316,1,9317,319
2020-06-13,San Francisco,075,870044,3108,2834,1,2835,44
2020-06-13,San Joaquin,077,732212,2265,1461,4,1465,43
2020-06-13,San Luis Obispo,079,281455,482,326,5,331,1
2020-06-13,San Mateo,081,765935,2812,2551,4,2555,75
2020-06-13,Santa Barbara,083,443738,2901,1999,19,2018,15
2020-06-13,Santa Clara,085,1922200,4092,3141,14,3155,148
2020-06-13,Santa Cruz,087,273765,289,254,0,254,2
2020-06-13,Shasta,089,179085,101,48,0,48,4
2020-06-13,Sierra,091,2930,1,1,0,1,0
2020-06-13,Siskiyou,093,43540,25,13,0,13,0
2020-06-13,Solano,095,438530,923,637,4,641,19
2020-06-13,Sonoma,097,501317,881,711,1,712,4
2020-06-13,Stanislaus,099,539301,1747,1122,5,1127,33
2020-06-13,Sutter,101,95872,96,62,0,62,2
2020-06-13,Tehama,103,63373,33,17,2,19,1
2020-06-13,Trinity,105,12862,13,2,3,5,0
2020-06-13,Tulare,107,460477,3683,2626,10,2636,96
2020-06-13,Tuolumne,109,53932,9,7,0,7,0
2020-06-13,Ventura,111,848112,2344,1567,14,1581,37
2020-06-13,Yolo,113,214977,318,251,0,251,24
2020-06-13,Yuba,115,75493,38,28,0,28,1
2020-06-12,Alameda,001,1643700,4905,4167,9,4176,109
2020-06-12,Alpine,003,1148,1,1,0,1,0
2020-06-12,Amador,005,37829,10,10,0,10,0
2020-06-12,Butte,007,227075,111,71,7,78,1
2020-06-12,Calaveras,009,45235,25,18,0,18,0
2020-06-12,Colusa,011,21464,12,7,0,7,0
2020-06-12,Contra Costa,013,1133247,2183,1827,2,1829,43
2020-06-12,Del Norte,015,27424,47,45,0,45,0
2020-06-12,El Dorado,017,186661,162,110,0,110,0
2020-06-12,Fresno,019,978130,4810,2428,56,2484,47
2020-06-12,Glenn,021,27897,46,21,0,21,0
2020-06-12,Humboldt,023,135768,125,105,0,105,3
2020-06-12,Imperial,025,180216,5790,3543,4,3547,36
2020-06-12,Inyo,027,18085,24,23,0,23,1
2020-06-12,Kern,029,883053,4276,3152,13,3165,54
2020-06-12,Kings,031,150075,2001,987,5,992,6
2020-06-12,Lake,033,64148,39,29,0,29,0
2020-06-12,Lassen,035,31185,13,5,2,7,0
2020-06-12,Los Angeles,037,10098052,79501,70385,22,70407,2814
2020-06-12,Madera,039,155013,462,187,2,189,3
2020-06-12,Marin,041,260295,831,649,2,651,17
2020-06-12,Mariposa,043,17540,18,16,0,16,1
2020-06-12,Mendocino,045,87422,50,33,0,33,0
2020-06-12,Merced,047,269075,665,372,1,373,7
2020-06-12,Modoc,049,8938,1,0,0,0,0
2020-06-12,Mono,051,14174,39,35,0,35,1
2020-06-12,Monterey,053,433212,1208,864,4,868,11
2020-06-12,Napa,055,140530,223,162,0,162,3
2020-06-12,Nevada,057,99092,73,52,1,53,1
2020-06-12,Orange,059,3164182,12045,8440,80,8520,203
2020-06-12,Placer,061,380077,492,333,3,336,9
2020-06-12,Plumas,063,18699,5,4,0,4,0
2020-06-12,Riverside,065,2383286,13566,10616,22,10638,364
2020-06-12,Sacramento,067,1510023,1970,1702,4,1706,60
2020-06-12,San Benito,069,59416,159,96,0,96,2
2020-06-12,San Bernardino,071,2135413,9471,6707,7,6714,223
2020-06-12,San Diego,073,3302833,10620,9132,1,9133,313
2020-06-12,San Francisco,075,870044,3074,2823,1,2824,44
2020-06-12,San Joaquin,077,732212,2185,1406,4,1410,43
2020-06-12,San Luis Obispo,079,281455,466,321,5,326,1
2020-06-12,San Mateo,081,765935,2777,2533,4,2537,75
2020-06-12,Santa Barbara,083,443738,2846,1969,19,1988,14
2020-06-12,Santa Clara,085,1922200,4048,3099,14,3113,149
2020-06-12,Santa Cruz,087,273765,281,251,0,251,2
2020-06-12,Shasta,089,179085,94,48,0,48,5
2020-06-12,Sierra,091,2930,1,1,0,1,0
2020-06-12,Siskiyou,093,43540,25,13,0,13,0
2020-06-12,Solano,095,438530,909,620,4,624,19
2020-06-12,Sonoma,097,501317,862,696,1,697,4
2020-06-12,Stanislaus,099,539301,1688,1092,5,1097,33
2020-06-12,Sutter,101,95872,95,56,0,56,2
2020-06-12,Tehama,103,63373,32,13,2,15,1
2020-06-12,Trinity,105,12862,13,2,3,5,0
2020-06-12,Tulare,107,460477,3629,2552,10,2562,95
2020-06-12,Tuolumne,109,53932,9,7,0,7,0
2020-06-12,Ventura,111,848112,2292,1534,14,1548,35
2020-06-12,Yolo,113,214977,306,243,0,243,24
2020-06-12,Yuba,115,75493,36,27,0,27,1
2020-06-11,Alameda,001,1643700,4775,4073,8,4081,108
2020-06-11,Alpine,003,1148,1,1,0,1,0
2020-06-11,Amador,005,37829,9,10,0,10,0
2020-06-11,Butte,007,227075,105,72,7,79,1
2020-06-11,Calaveras,009,45235,24,16,0,16,0
2020-06-11,Colusa,011,21464,12,7,0,7,0
2020-06-11,Contra Costa,013,1133247,2130,1797,2,1799,43
2020-06-11,Del Norte,015,27424,47,45,0,45,0
2020-06-11,El Dorado,017,186661,154,109,0,109,0
2020-06-11,Fresno,019,978130,4655,2338,56,2394,45
2020-06-11,Glenn,021,27897,42,21,0,21,0
2020-06-11,Humboldt,023,135768,121,113,0,113,3
2020-06-11,Imperial,025,180216,5634,3463,4,3467,36
2020-06-11,Inyo,027,18085,22,23,0,23,1
2020-06-11,Kern,029,883053,4124,3047,11,3058,54
2020-06-11,Kings,031,150075,1968,963,5,968,6
2020-06-11,Lake,033,64148,39,28,0,28,0
2020-06-11,Lassen,035,31185,13,5,2,7,0
2020-06-11,Los Angeles,037,10098052,77835,68807,21,68828,2800
2020-06-11,Madera,039,155013,444,178,2,180,3
2020-06-11,Marin,041,260295,783,637,2,639,17
2020-06-11,Mariposa,043,17540,18,16,0,16,1
2020-06-11,Mendocino,045,87422,41,35,0,35,0
2020-06-11,Merced,047,269075,625,370,1,371,7
2020-06-11,Modoc,049,8938,1,0,0,0,0
2020-06-11,Mono,051,14174,39,35,0,35,1
2020-06-11,Monterey,053,433212,1161,813,4,817,11
2020-06-11,Napa,055,140530,214,162,0,162,3
2020-06-11,Nevada,057,99092,67,50,1,51,1
2020-06-11,Orange,059,3164182,11736,8304,79,8383,188
2020-06-11,Placer,061,380077,473,321,3,324,9
2020-06-11,Plumas,063,18699,5,4,0,4,0
2020-06-11,Riverside,065,2383286,13213,10014,22,10036,361
2020-06-11,Sacramento,067,1510023,1922,1669,4,1673,60
2020-06-11,San Benito,069,59416,153,94,0,94,2
2020-06-11,San Bernardino,071,2135413,9174,6509,7,6516,221
2020-06-11,San Diego,073,3302833,10390,9000,0,9000,308
2020-06-11,San Francisco,075,870044,3045,2766,1,2767,44
2020-06-11,San Joaquin,077,732212,2073,1351,4,1355,43
2020-06-11,San Luis Obispo,079,281455,452,307,5,312,1
2020-06-11,San Mateo,081,765935,2739,2499,4,2503,74
2020-06-11,Santa Barbara,083,443738,2780,1895,19,1914,14
2020-06-11,Santa Clara,085,1922200,3981,3049,14,3063,149
2020-06-11,Santa Cruz,087,273765,277,247,0,247,2
2020-06-11,Shasta,089,179085,87,47,0,47,5
2020-06-11,Sierra,091,2930,1,1,0,1,0
2020-06-11,Siskiyou,093,43540,25,14,0,14,0
2020-06-11,Solano,095,438530,883,616,4,620,19
2020-06-11,Sonoma,097,501317,839,682,1,683,4
2020-06-11,Stanislaus,099,539301,1597,1062,5,1067,30
2020-06-11,Sutter,101,95872,92,56,0,56,2
2020-06-11,Tehama,103,63373,27,10,2,12,1
2020-06-11,Trinity,105,12862,11,2,3,5,0
2020-06-11,Tulare,107,460477,3530,2473,10,2483,95
2020-06-11,Tuolumne,109,53932,9,7,0,7,0
2020-06-11,Ventura,111,848112,2215,1491,13,1504,34
2020-06-11,Yolo,113,214977,298,230,0,230,24
2020-06-11,Yuba,115,75493,36,27,0,27,1
2020-06-10,Alameda,001,1643700,4675,4027,7,4034,107
2020-06-10,Alpine,003,1148,1,1,0,1,0
2020-06-10,Amador,005,37829,9,10,0,10,0
2020-06-10,Butte,007,227075,102,71,7,78,1
2020-06-10,Calaveras,009,45235,24,16,0,16,0
2020-06-10,Colusa,011,21464,11,7,0,7,0
2020-06-10,Contra Costa,013,1133247,2086,1778,2,1780,43
2020-06-10,Del Norte,015,27424,47,45,0,45,0
2020-06-10,El Dorado,017,186661,151,109,0,109,0
2020-06-10,Fresno,019,978130,4478,2324,56,2380,45
2020-06-10,Glenn,021,27897,39,21,0,21,0
2020-06-10,Humboldt,023,135768,117,112,0,112,3
2020-06-10,Imperial,025,180216,5486,3454,4,3458,36
2020-06-10,Inyo,027,18085,22,23,0,23,1
2020-06-10,Kern,029,883053,3999,3000,10,3010,54
2020-06-10,Kings,031,150075,1922,952,4,956,6
2020-06-10,Lake,033,64148,39,28,0,28,0
2020-06-10,Lassen,035,31185,13,5,2,7,0
2020-06-10,Los Angeles,037,10098052,76314,67018,21,67039,2752
2020-06-10,Madera,039,155013,430,176,1,177,3
2020-06-10,Marin,041,260295,752,633,2,635,17
2020-06-10,Mariposa,043,17540,17,16,0,16,1
2020-06-10,Mendocino,045,87422,40,35,0,35,0
2020-06-10,Merced,047,269075,592,370,1,371,7
2020-06-10,Modoc,049,8938,1,0,0,0,0
2020-06-10,Mono,051,14174,39,35,0,35,1
2020-06-10,Monterey,053,433212,1107,791,4,795,11
2020-06-10,Napa,055,140530,211,159,0,159,3
2020-06-10,Nevada,057,99092,65,50,1,51,1
2020-06-10,Orange,059,3164182,11460,8222,76,8298,184
2020-06-10,Placer,061,380077,448,309,3,312,9
2020-06-10,Plumas,063,18699,5,4,0,4,0
2020-06-10,Riverside,065,2383286,12890,9857,22,9879,361
2020-06-10,Sacramento,067,1510023,1883,1643,2,1645,59
2020-06-10,San Benito,069,59416,144,94,0,94,2
2020-06-10,San Bernardino,071,2135413,8882,6438,7,6445,219
2020-06-10,San Diego,073,3302833,10226,8839,0,8839,305
2020-06-10,San Francisco,075,870044,3020,2774,1,2775,44
2020-06-10,San Joaquin,077,732212,1944,1282,4,1286,41
2020-06-10,San Luis Obispo,079,281455,433,306,5,311,1
2020-06-10,San Mateo,081,765935,2699,2492,4,2496,74
2020-06-10,Santa Barbara,083,443738,2724,1878,19,1897,13
2020-06-10,Santa Clara,085,1922200,3930,3032,14,3046,149
2020-06-10,Santa Cruz,087,273765,273,242,0,242,2
2020-06-10,Shasta,089,179085,82,45,0,45,5
2020-06-10,Sierra,091,2930,1,1,0,1,0
2020-06-10,Siskiyou,093,43540,25,14,0,14,0
2020-06-10,Solano,095,438530,847,608,4,612,19
2020-06-10,Sonoma,097,501317,821,673,1,674,4
2020-06-10,Stanislaus,099,539301,1507,1030,5,1035,29
2020-06-10,Sutter,101,95872,91,56,0,56,2
2020-06-10,Tehama,103,63373,25,10,2,12,1
2020-06-10,Trinity,105,12862,11,2,3,5,0
2020-06-10,Tulare,107,460477,3437,2455,10,2465,95
2020-06-10,Tuolumne,109,53932,9,7,0,7,0
2020-06-10,Ventura,111,848112,2169,1446,12,1458,34
2020-06-10,Yolo,113,214977,290,226,0,226,24
2020-06-10,Yuba,115,75493,35,27,0,27,1
2020-06-09,Alameda,001,1643700,4565,3963,7,3970,103
2020-06-09,Alpine,003,1148,1,1,0,1,0
2020-06-09,Amador,005,37829,9,10,0,10,0
2020-06-09,Butte,007,227075,101,70,6,76,1
2020-06-09,Calaveras,009,45235,24,16,0,16,0
2020-06-09,Colusa,011,21464,10,7,0,7,0
2020-06-09,Contra Costa,013,1133247,2045,1744,2,1746,42
2020-06-09,Del Norte,015,27424,47,45,0,45,0
2020-06-09,El Dorado,017,186661,141,108,0,108,0
2020-06-09,Fresno,019,978130,4325,2278,56,2334,43
2020-06-09,Glenn,021,27897,38,19,0,19,0
2020-06-09,Humboldt,023,135768,115,113,0,113,2
2020-06-09,Imperial,025,180216,5334,3067,4,3071,36
2020-06-09,Inyo,027,18085,22,22,0,22,1
2020-06-09,Kern,029,883053,3871,2920,10,2930,51
2020-06-09,Kings,031,150075,1890,934,4,938,6
2020-06-09,Lake,033,64148,39,28,0,28,0
2020-06-09,Lassen,035,31185,13,5,2,7,0
2020-06-09,Los Angeles,037,10098052,74656,65827,21,65848,2692
2020-06-09,Madera,039,155013,415,172,1,173,3
2020-06-09,Marin,041,260295,716,616,2,618,17
2020-06-09,Mariposa,043,17540,17,16,0,16,1
2020-06-09,Mendocino,045,87422,36,35,0,35,0
2020-06-09,Merced,047,269075,563,349,1,350,7
2020-06-09,Modoc,049,8938,1,0,0,0,0
2020-06-09,Mono,051,14174,39,35,0,35,1
2020-06-09,Monterey,053,433212,1066,772,4,776,11
2020-06-09,Napa,055,140530,201,156,0,156,3
2020-06-09,Nevada,057,99092,57,50,1,51,1
2020-06-09,Orange,059,3164182,11219,7991,74,8065,174
2020-06-09,Placer,061,380077,435,301,3,304,9
2020-06-09,Plumas,063,18699,5,4,0,4,0
2020-06-09,Riverside,065,2383286,12512,9511,22,9533,354
2020-06-09,Sacramento,067,1510023,1829,1625,2,1627,59
2020-06-09,San Benito,069,59416,138,95,0,95,2
2020-06-09,San Bernardino,071,2135413,8558,6268,6,6274,217
2020-06-09,San Diego,073,3302833,10041,8731,0,8731,301
2020-06-09,San Francisco,075,870044,2995,2749,1,2750,44
2020-06-09,San Joaquin,077,732212,1838,1240,4,1244,41
2020-06-09,San Luis Obispo,079,281455,420,301,4,305,1
2020-06-09,San Mateo,081,765935,2668,2463,4,2467,74
2020-06-09,Santa Barbara,083,443738,2659,1854,19,1873,13
2020-06-09,Santa Clara,085,1922200,3862,3006,13,3019,147
2020-06-09,Santa Cruz,087,273765,267,237,0,237,2
2020-06-09,Shasta,089,179085,78,44,0,44,4
2020-06-09,Sierra,091,2930,1,1,0,1,0
2020-06-09,Siskiyou,093,43540,20,10,0,10,0
2020-06-09,Solano,095,438530,812,596,4,600,18
2020-06-09,Sonoma,097,501317,798,661,1,662,4
2020-06-09,Stanislaus,099,539301,1406,993,5,998,25
2020-06-09,Sutter,101,95872,88,56,0,56,2
2020-06-09,Tehama,103,63373,25,9,2,11,1
2020-06-09,Trinity,105,12862,10,2,3,5,0
2020-06-09,Tulare,107,460477,3371,2393,10,2403,91
2020-06-09,Tuolumne,109,53932,9,8,0,8,0
2020-06-09,Ventura,111,848112,2103,1407,12,1419,34
2020-06-09,Yolo,113,214977,279,226,0,226,24
2020-06-09,Yuba,115,75493,34,27,0,27,1
2020-06-08,Alameda,001,1643700,4485,3937,7,3944,103
2020-06-08,Alpine,003,1148,1,1,0,1,0
2020-06-08,Amador,005,37829,9,10,0,10,0
2020-06-08,Butte,007,227075,97,68,6,74,1
2020-06-08,Calaveras,009,45235,24,16,0,16,0
2020-06-08,Colusa,011,21464,9,7,0,7,0
2020-06-08,Contra Costa,013,1133247,2002,1714,2,1716,41
2020-06-08,Del Norte,015,27424,47,45,0,45,0
2020-06-08,El Dorado,017,186661,137,107,0,107,0
2020-06-08,Fresno,019,978130,4201,2194,55,2249,42
2020-06-08,Glenn,021,27897,36,17,0,17,0
2020-06-08,Humboldt,023,135768,115,112,0,112,2
2020-06-08,Imperial,025,180216,5182,3051,4,3055,21
2020-06-08,Inyo,027,18085,22,22,0,22,1
2020-06-08,Kern,029,883053,3740,2853,9,2862,49
2020-06-08,Kings,031,150075,1814,892,4,896,6
2020-06-08,Lake,033,64148,39,28,0,28,0
2020-06-08,Lassen,035,31185,13,4,2,6,0
2020-06-08,Los Angeles,037,10098052,73194,64634,21,64655,2640
2020-06-08,Madera,039,155013,385,154,1,155,3
2020-06-08,Marin,041,260295,675,596,2,598,17
2020-06-08,Mariposa,043,17540,16,16,0,16,1
2020-06-08,Mendocino,045,87422,34,32,0,32,0
2020-06-08,Merced,047,269075,529,331,1,332,7
2020-06-08,Modoc,049,8938,1,0,0,0,0
2020-06-08,Mono,051,14174,39,35,0,35,1
2020-06-08,Monterey,053,433212,1015,751,3,754,10
2020-06-08,Napa,055,140530,185,151,0,151,3
2020-06-08,Nevada,057,99092,56,50,1,51,1
2020-06-08,Orange,059,3164182,10968,7786,72,7858,160
2020-06-08,Placer,061,380077,418,290,3,293,9
2020-06-08,Plumas,063,18699,5,4,0,4,0
2020-06-08,Riverside,065,2383286,12143,9246,22,9268,347
2020-06-08,Sacramento,067,1510023,1779,1591,2,1593,59
2020-06-08,San Benito,069,59416,131,93,0,93,2
2020-06-08,San Bernardino,071,2135413,8237,6122,6,6128,214
2020-06-08,San Diego,073,3302833,9884,8621,0,8621,296
2020-06-08,San Francisco,075,870044,2967,2715,1,2716,43
2020-06-08,San Joaquin,077,732212,1731,1198,4,1202,40
2020-06-08,San Luis Obispo,079,281455,414,300,4,304,1
2020-06-08,San Mateo,081,765935,2638,2431,3,2434,74
2020-06-08,Santa Barbara,083,443738,2591,1824,17,1841,13
2020-06-08,Santa Clara,085,1922200,3816,2971,13,2984,146
2020-06-08,Santa Cruz,087,273765,266,234,0,234,2
2020-06-08,Shasta,089,179085,74,43,0,43,4
2020-06-08,Sierra,091,2930,1,1,0,1,0
2020-06-08,Siskiyou,093,43540,20,8,0,8,0
2020-06-08,Solano,095,438530,785,560,4,564,19
2020-06-08,Sonoma,097,501317,782,654,1,655,4
2020-06-08,Stanislaus,099,539301,1324,956,5,961,28
2020-06-08,Sutter,101,95872,81,55,0,55,2
2020-06-08,Tehama,103,63373,19,8,2,10,1
2020-06-08,Trinity,105,12862,10,2,3,5,0
2020-06-08,Tulare,107,460477,3288,2301,10,2311,91
2020-06-08,Tuolumne,109,53932,8,8,0,8,0
2020-06-08,Ventura,111,848112,2045,1382,12,1394,30
2020-06-08,Yolo,113,214977,268,228,0,228,24
2020-06-08,Yuba,115,75493,32,27,0,27,1
2020-06-07,Alameda,001,1643700,4372,3866,7,3873,102
2020-06-07,Alpine,003,1148,1,1,0,1,0
2020-06-07,Amador,005,37829,9,10,0,10,0
2020-06-07,Butte,007,227075,95,64,5,69,1
2020-06-07,Calaveras,009,45235,22,16,0,16,0
2020-06-07,Colusa,011,21464,9,7,0,7,0
2020-06-07,Contra Costa,013,1133247,1951,1653,1,1654,38
2020-06-07,Del Norte,015,27424,45,45,0,45,0
2020-06-07,El Dorado,017,186661,137,104,0,104,0
2020-06-07,Fresno,019,978130,4071,2144,55,2199,41
2020-06-07,Glenn,021,27897,29,16,0,16,0
2020-06-07,Humboldt,023,135768,115,112,0,112,2
2020-06-07,Imperial,025,180216,5031,3048,4,3052,19
2020-06-07,Inyo,027,18085,22,21,0,21,1
2020-06-07,Kern,029,883053,3609,2771,9,2780,46
2020-06-07,Kings,031,150075,1765,882,4,886,6
2020-06-07,Lake,033,64148,36,28,0,28,0
2020-06-07,Lassen,035,31185,12,4,2,6,0
2020-06-07,Los Angeles,037,10098052,71491,63750,21,63771,2629
2020-06-07,Madera,039,155013,368,149,1,150,3
2020-06-07,Marin,041,260295,661,584,2,586,17
2020-06-07,Mariposa,043,17540,16,16,0,16,1
2020-06-07,Mendocino,045,87422,34,32,0,32,0
2020-06-07,Merced,047,269075,496,318,1,319,7
2020-06-07,Modoc,049,8938,1,0,0,0,0
2020-06-07,Mono,051,14174,39,35,0,35,1
2020-06-07,Monterey,053,433212,968,732,3,735,10
2020-06-07,Napa,055,140530,177,142,0,142,3
2020-06-07,Nevada,057,99092,55,50,1,51,1
2020-06-07,Orange,059,3164182,10711,7643,70,7713,158
2020-06-07,Placer,061,380077,397,273,2,275,9
2020-06-07,Plumas,063,18699,5,4,0,4,0
2020-06-07,Riverside,065,2383286,11847,9105,22,9127,344
2020-06-07,Sacramento,067,1510023,1731,1568,2,1570,59
2020-06-07,San Benito,069,59416,128,92,0,92,2
2020-06-07,San Bernardino,071,2135413,7952,6033,6,6039,214
2020-06-07,San Diego,073,3302833,9705,8478,0,8478,296
2020-06-07,San Francisco,075,870044,2923,2674,0,2674,43
2020-06-07,San Joaquin,077,732212,1630,1126,4,1130,37
2020-06-07,San Luis Obispo,079,281455,404,296,4,300,1
2020-06-07,San Mateo,081,765935,2611,2399,3,2402,73
2020-06-07,Santa Barbara,083,443738,2523,1818,17,1835,13
2020-06-07,Santa Clara,085,1922200,3764,2947,13,2960,146
2020-06-07,Santa Cruz,087,273765,258,230,0,230,2
2020-06-07,Shasta,089,179085,73,41,0,41,4
2020-06-07,Sierra,091,2930,1,1,0,1,0
2020-06-07,Siskiyou,093,43540,20,8,0,8,0
2020-06-07,Solano,095,438530,762,560,4,564,19
2020-06-07,Sonoma,097,501317,751,639,1,640,4
2020-06-07,Stanislaus,099,539301,1244,905,5,910,28
2020-06-07,Sutter,101,95872,73,55,0,55,2
2020-06-07,Tehama,103,63373,16,8,2,10,1
2020-06-07,Trinity,105,12862,8,2,3,5,0
2020-06-07,Tulare,107,460477,3166,2219,10,2229,90
2020-06-07,Tuolumne,109,53932,8,4,0,4,0
2020-06-07,Ventura,111,848112,1979,1337,12,1349,30
2020-06-07,Yolo,113,214977,258,224,0,224,24
2020-06-07,Yuba,115,75493,32,27,0,27,1
2020-06-06,Alameda,001,1643700,4327,3801,7,3808,102
2020-06-06,Alpine,003,1148,1,1,0,1,0
2020-06-06,Amador,005,37829,9,10,0,10,0
2020-06-06,Butte,007,227075,94,63,5,68,1
2020-06-06,Calaveras,009,45235,20,16,0,16,0
2020-06-06,Colusa,011,21464,9,7,0,7,0
2020-06-06,Contra Costa,013,1133247,1930,1619,1,1620,37
2020-06-06,Del Norte,015,27424,45,45,0,45,0
2020-06-06,El Dorado,017,186661,132,104,0,104,0
2020-06-06,Fresno,019,978130,4016,2117,55,2172,41
2020-06-06,Glenn,021,27897,27,16,0,16,0
2020-06-06,Humboldt,023,135768,115,112,0,112,2
2020-06-06,Imperial,025,180216,4955,3047,4,3051,19
2020-06-06,Inyo,027,18085,22,21,0,21,1
2020-06-06,Kern,029,883053,3539,2695,9,2704,46
2020-06-06,Kings,031,150075,1746,882,4,886,6
2020-06-06,Lake,033,64148,36,28,0,28,0
2020-06-06,Lassen,035,31185,12,4,2,6,0
2020-06-06,Los Angeles,037,10098052,70744,62269,21,62290,2607
2020-06-06,Madera,039,155013,359,149,1,150,3
2020-06-06,Marin,041,260295,656,556,2,558,17
2020-06-06,Mariposa,043,17540,16,16,0,16,1
2020-06-06,Mendocino,045,87422,34,32,0,32,0
2020-06-06,Merced,047,269075,494,315,1,316,7
2020-06-06,Modoc,049,8938,1,0,0,0,0
2020-06-06,Mono,051,14174,39,35,0,35,1
2020-06-06,Monterey,053,433212,944,679,3,682,10
2020-06-06,Napa,055,140530,171,136,0,136,3
2020-06-06,Nevada,057,99092,54,50,1,51,1
2020-06-06,Orange,059,3164182,10552,7576,69,7645,157
2020-06-06,Placer,061,380077,385,270,2,272,9
2020-06-06,Plumas,063,18699,5,4,0,4,0
2020-06-06,Riverside,065,2383286,11669,8935,22,8957,345
2020-06-06,Sacramento,067,1510023,1708,1533,2,1535,59
2020-06-06,San Benito,069,59416,118,92,0,92,2
2020-06-06,San Bernardino,071,2135413,7804,5946,6,5952,214
2020-06-06,San Diego,073,3302833,9584,8347,0,8347,296
2020-06-06,San Francisco,075,870044,2908,2674,0,2674,43
2020-06-06,San Joaquin,077,732212,1590,1076,4,1080,37
2020-06-06,San Luis Obispo,079,281455,398,295,4,299,1
2020-06-06,San Mateo,081,765935,2596,2342,3,2345,72
2020-06-06,Santa Barbara,083,443738,2478,1815,17,1832,13
2020-06-06,Santa Clara,085,1922200,3723,2934,13,2947,144
2020-06-06,Santa Cruz,087,273765,256,226,0,226,2
2020-06-06,Shasta,089,179085,73,40,0,40,4
2020-06-06,Sierra,091,2930,1,1,0,1,0
2020-06-06,Siskiyou,093,43540,18,8,0,8,0
2020-06-06,Solano,095,438530,747,560,4,564,19
2020-06-06,Sonoma,097,501317,739,622,1,623,4
2020-06-06,Stanislaus,099,539301,1210,858,5,863,27
2020-06-06,Sutter,101,95872,73,51,0,51,2
2020-06-06,Tehama,103,63373,15,8,2,10,1
2020-06-06,Trinity,105,12862,8,2,2,4,0
2020-06-06,Tulare,107,460477,3133,2213,10,2223,90
2020-06-06,Tuolumne,109,53932,8,4,0,4,0
2020-06-06,Ventura,111,848112,1955,1303,12,1315,30
2020-06-06,Yolo,113,214977,256,223,0,223,24
2020-06-06,Yuba,115,75493,32,27,0,27,1
2020-06-05,Alameda,001,1643700,4276,3734,7,3741,102
2020-06-05,Alpine,003,1148,1,1,0,1,0
2020-06-05,Amador,005,37829,9,10,0,10,0
2020-06-05,Butte,007,227075,91,61,5,66,1
2020-06-05,Calaveras,009,45235,19,16,0,16,0
2020-06-05,Colusa,011,21464,9,7,0,7,0
2020-06-05,Contra Costa,013,1133247,1915,1575,1,1576,37
2020-06-05,Del Norte,015,27424,45,45,0,45,0
2020-06-05,El Dorado,017,186661,130,101,0,101,0
2020-06-05,Fresno,019,978130,3952,2051,54,2105,38
2020-06-05,Glenn,021,27897,25,16,0,16,0
2020-06-05,Humboldt,023,135768,114,111,0,111,2
2020-06-05,Imperial,025,180216,4849,2778,4,2782,19
2020-06-05,Inyo,027,18085,22,21,0,21,1
2020-06-05,Kern,029,883053,3450,2624,9,2633,46
2020-06-05,Kings,031,150075,1731,865,4,869,6
2020-06-05,Lake,033,64148,35,28,0,28,0
2020-06-05,Lassen,035,31185,11,4,2,6,0
2020-06-05,Los Angeles,037,10098052,69597,60955,21,60976,2553
2020-06-05,Madera,039,155013,337,144,1,145,3
2020-06-05,Marin,041,260295,647,546,2,548,17
2020-06-05,Mariposa,043,17540,16,16,0,16,1
2020-06-05,Mendocino,045,87422,34,32,0,32,0
2020-06-05,Merced,047,269075,492,309,1,310,7
2020-06-05,Modoc,049,8938,1,0,0,0,0
2020-06-05,Mono,051,14174,39,35,0,35,1
2020-06-05,Monterey,053,433212,912,649,3,652,10
2020-06-05,Napa,055,140530,168,123,0,123,3
2020-06-05,Nevada,057,99092,54,50,1,51,1
2020-06-05,Orange,059,3164182,10356,7391,67,7458,153
2020-06-05,Placer,061,380077,375,265,2,267,9
2020-06-05,Plumas,063,18699,5,4,0,4,0
2020-06-05,Riverside,065,2383286,11410,8700,22,8722,345
2020-06-05,Sacramento,067,1510023,1686,1514,2,1516,59
2020-06-05,San Benito,069,59416,116,92,0,92,2
2020-06-05,San Bernardino,071,2135413,7622,5869,5,5874,212
2020-06-05,San Diego,073,3302833,9469,8182,0,8182,294
2020-06-05,San Francisco,075,870044,2890,2675,0,2675,43
2020-06-05,San Joaquin,077,732212,1511,1046,4,1050,36
2020-06-05,San Luis Obispo,079,281455,391,293,4,297,1
2020-06-05,San Mateo,081,765935,2571,2331,3,2334,72
2020-06-05,Santa Barbara,083,443738,2437,1795,17,1812,13
2020-06-05,Santa Clara,085,1922200,3688,2902,13,2915,144
2020-06-05,Santa Cruz,087,273765,253,222,0,222,2
2020-06-05,Shasta,089,179085,72,40,0,40,4
2020-06-05,Sierra,091,2930,1,1,0,1,0
2020-06-05,Siskiyou,093,43540,16,8,0,8,0
2020-06-05,Solano,095,438530,740,558,4,562,19
2020-06-05,Sonoma,097,501317,718,618,1,619,4
2020-06-05,Stanislaus,099,539301,1177,842,5,847,27
2020-06-05,Sutter,101,95872,73,49,0,49,2
2020-06-05,Tehama,103,63373,15,7,2,9,1
2020-06-05,Trinity,105,12862,8,1,2,3,0
2020-06-05,Tulare,107,460477,3084,2180,10,2190,90
2020-06-05,Tuolumne,109,53932,8,4,0,4,0
2020-06-05,Ventura,111,848112,1922,1274,12,1286,30
2020-06-05,Yolo,113,214977,255,216,0,216,24
2020-06-05,Yuba,115,75493,32,27,0,27,1
2020-06-04,Alameda,001,1643700,4177,3643,7,3650,99
2020-06-04,Alpine,003,1148,1,1,0,1,0
2020-06-04,Amador,005,37829,9,10,0,10,0
2020-06-04,Butte,007,227075,87,57,4,61,1
2020-06-04,Calaveras,009,45235,19,15,0,15,0
2020-06-04,Colusa,011,21464,9,7,0,7,0
2020-06-04,Contra Costa,013,1133247,1857,1551,1,1552,37
2020-06-04,Del Norte,015,27424,45,45,0,45,0
2020-06-04,El Dorado,017,186661,128,101,0,101,0
2020-06-04,Fresno,019,978130,3846,2007,53,2060,35
2020-06-04,Glenn,021,27897,22,16,0,16,0
2020-06-04,Humboldt,023,135768,114,109,0,109,2
2020-06-04,Imperial,025,180216,4666,2631,4,2635,19
2020-06-04,Inyo,027,18085,22,20,0,20,1
2020-06-04,Kern,029,883053,3334,2530,9,2539,46
2020-06-04,Kings,031,150075,1661,842,4,846,6
2020-06-04,Lake,033,64148,34,27,0,27,0
2020-06-04,Lassen,035,31185,9,4,2,6,0
2020-06-04,Los Angeles,037,10098052,68129,59596,21,59617,2515
2020-06-04,Madera,039,155013,329,127,1,128,3
2020-06-04,Marin,041,260295,625,533,2,535,14
2020-06-04,Mariposa,043,17540,16,16,0,16,1
2020-06-04,Mendocino,045,87422,34,29,0,29,0
2020-06-04,Merced,047,269075,472,304,1,305,7
2020-06-04,Modoc,049,8938,1,0,0,0,0
2020-06-04,Mono,051,14174,39,35,0,35,1
2020-06-04,Monterey,053,433212,877,621,2,623,10
2020-06-04,Napa,055,140530,164,117,0,117,3
2020-06-04,Nevada,057,99092,53,49,1,50,1
2020-06-04,Orange,059,3164182,10102,7192,66,7258,148
2020-06-04,Placer,061,380077,359,256,2,258,9
2020-06-04,Plumas,063,18699,4,4,0,4,0
2020-06-04,Riverside,065,2383286,11132,8473,22,8495,341
2020-06-04,Sacramento,067,1510023,1659,1492,2,1494,58
2020-06-04,San Benito,069,59416,114,88,0,88,2
2020-06-04,San Bernardino,071,2135413,7354,5726,5,5731,207
2020-06-04,San Diego,073,3302833,9306,7942,0,7942,288
2020-06-04,San Francisco,075,870044,2857,2636,0,2636,43
2020-06-04,San Joaquin,077,732212,1449,1016,4,1020,36
2020-06-04,San Luis Obispo,079,281455,382,288,4,292,1
2020-06-04,San Mateo,081,765935,2545,2284,3,2287,72
2020-06-04,Santa Barbara,083,443738,2384,1750,16,1766,13
2020-06-04,Santa Clara,085,1922200,3654,2871,13,2884,144
2020-06-04,Santa Cruz,087,273765,247,218,0,218,2
2020-06-04,Shasta,089,179085,66,40,0,40,4
2020-06-04,Sierra,091,2930,1,1,0,1,0
2020-06-04,Siskiyou,093,43540,15,8,0,8,0
2020-06-04,Solano,095,438530,723,551,4,555,19
2020-06-04,Sonoma,097,501317,699,591,1,592,4
2020-06-04,Stanislaus,099,539301,1101,806,5,811,28
2020-06-04,Sutter,101,95872,68,46,0,46,2
2020-06-04,Tehama,103,63373,14,6,1,7,1
2020-06-04,Trinity,105,12862,8,1,2,3,0
2020-06-04,Tulare,107,460477,2967,2086,10,2096,90
2020-06-04,Tuolumne,109,53932,7,4,0,4,0
2020-06-04,Ventura,111,848112,1878,1236,11,1247,30
2020-06-04,Yolo,113,214977,250,216,0,216,24
2020-06-04,Yuba,115,75493,31,27,0,27,1
2020-06-03,Alameda,001,1643700,4118,3589,6,3595,99
2020-06-03,Alpine,003,1148,1,1,0,1,0
2020-06-03,Amador,005,37829,9,10,0,10,0
2020-06-03,Butte,007,227075,85,53,4,57,1
2020-06-03,Calaveras,009,45235,18,15,0,15,0
2020-06-03,Colusa,011,21464,9,7,0,7,0
2020-06-03,Contra Costa,013,1133247,1809,1511,1,1512,37
2020-06-03,Del Norte,015,27424,45,39,0,39,0
2020-06-03,El Dorado,017,186661,125,90,0,90,0
2020-06-03,Fresno,019,978130,3747,1943,53,1996,35
2020-06-03,Glenn,021,27897,22,16,0,16,0
2020-06-03,Humboldt,023,135768,114,103,0,103,2
2020-06-03,Imperial,025,180216,4493,2540,4,2544,19
2020-06-03,Inyo,027,18085,22,20,0,20,1
2020-06-03,Kern,029,883053,3238,2452,8,2460,44
2020-06-03,Kings,031,150075,1596,744,4,748,6
2020-06-03,Lake,033,64148,32,26,0,26,0
2020-06-03,Lassen,035,31185,9,4,2,6,0
2020-06-03,Los Angeles,037,10098052,66522,58166,21,58187,2472
2020-06-03,Madera,039,155013,321,117,1,118,3
2020-06-03,Marin,041,260295,607,527,2,529,14
2020-06-03,Mariposa,043,17540,16,16,0,16,1
2020-06-03,Mendocino,045,87422,33,29,0,29,0
2020-06-03,Merced,047,269075,458,299,1,300,7
2020-06-03,Modoc,049,8938,1,0,0,0,0
2020-06-03,Mono,051,14174,39,35,0,35,1
2020-06-03,Monterey,053,433212,849,592,2,594,10
2020-06-03,Napa,055,140530,163,116,0,116,3
2020-06-03,Nevada,057,99092,52,43,1,44,1
2020-06-03,Orange,059,3164182,9875,6939,65,7004,145
2020-06-03,Placer,061,380077,339,243,2,245,9
2020-06-03,Plumas,063,18699,4,4,0,4,0
2020-06-03,Riverside,065,2383286,10857,8208,22,8230,335
2020-06-03,Sacramento,067,1510023,1629,1457,2,1459,58
2020-06-03,San Benito,069,59416,108,88,0,88,2
2020-06-03,San Bernardino,071,2135413,7131,5565,5,5570,203
2020-06-03,San Diego,073,3302833,9158,7800,0,7800,283
2020-06-03,San Francisco,075,870044,2826,2608,0,2608,43
2020-06-03,San Joaquin,077,732212,1385,1004,4,1008,35
2020-06-03,San Luis Obispo,079,281455,377,279,4,283,1
2020-06-03,San Mateo,081,765935,2517,2243,3,2246,71
2020-06-03,Santa Barbara,083,443738,2332,1722,15,1737,12
2020-06-03,Santa Clara,085,1922200,3612,2836,13,2849,144
2020-06-03,Santa Cruz,087,273765,241,217,0,217,2
2020-06-03,Shasta,089,179085,63,40,0,40,4
2020-06-03,Sierra,091,2930,1,1,0,1,0
2020-06-03,Siskiyou,093,43540,14,8,0,8,0
2020-06-03,Solano,095,438530,698,543,2,545,18
2020-06-03,Sonoma,097,501317,687,578,1,579,4
2020-06-03,Stanislaus,099,539301,1061,780,5,785,27
2020-06-03,Sutter,101,95872,60,45,0,45,2
2020-06-03,Tehama,103,63373,14,6,1,7,1
2020-06-03,Trinity,105,12862,8,1,2,3,0
2020-06-03,Tulare,107,460477,2898,2041,10,2051,88
2020-06-03,Tuolumne,109,53932,5,4,0,4,0
2020-06-03,Ventura,111,848112,1811,1202,11,1213,30
2020-06-03,Yolo,113,214977,246,213,0,213,24
2020-06-03,Yuba,115,75493,31,27,0,27,1
2020-06-02,Alameda,001,1643700,4042,3517,6,3523,99
2020-06-02,Alpine,003,1148,1,1,0,1,0
2020-06-02,Amador,005,37829,9,10,0,10,0
2020-06-02,Butte,007,227075,81,51,3,54,1
2020-06-02,Calaveras,009,45235,18,15,0,15,0
2020-06-02,Colusa,011,21464,9,7,0,7,0
2020-06-02,Contra Costa,013,1133247,1777,1505,1,1506,37
2020-06-02,Del Norte,015,27424,45,39,0,39,0
2020-06-02,El Dorado,017,186661,124,88,0,88,0
2020-06-02,Fresno,019,978130,3634,1917,53,1970,34
2020-06-02,Glenn,021,27897,21,16,0,16,0
2020-06-02,Humboldt,023,135768,114,101,0,101,2
2020-06-02,Imperial,025,180216,4300,2459,4,2463,19
2020-06-02,Inyo,027,18085,20,20,0,20,1
2020-06-02,Kern,029,883053,3139,2406,6,2412,41
2020-06-02,Kings,031,150075,1568,720,4,724,5
2020-06-02,Lake,033,64148,32,25,0,25,0
2020-06-02,Lassen,035,31185,8,4,2,6,0
2020-06-02,Los Angeles,037,10098052,65120,57144,21,57165,2430
2020-06-02,Madera,039,155013,300,110,1,111,2
2020-06-02,Marin,041,260295,580,509,2,511,14
2020-06-02,Mariposa,043,17540,16,16,0,16,1
2020-06-02,Mendocino,045,87422,33,29,0,29,0
2020-06-02,Merced,047,269075,442,297,1,298,6
2020-06-02,Modoc,049,8938,1,0,0,0,0
2020-06-02,Mono,051,14174,39,35,0,35,1
2020-06-02,Monterey,053,433212,819,582,2,584,10
2020-06-02,Napa,055,140530,154,116,0,116,3
2020-06-02,Nevada,057,99092,51,41,1,42,1
2020-06-02,Orange,059,3164182,9674,6790,64,6854,142
2020-06-02,Placer,061,380077,325,226,2,228,9
2020-06-02,Plumas,063,18699,4,4,0,4,0
2020-06-02,Riverside,065,2383286,10561,8091,21,8112,330
2020-06-02,Sacramento,067,1510023,1600,1428,2,1430,58
2020-06-02,San Benito,069,59416,107,86,0,86,2
2020-06-02,San Bernardino,071,2135413,6923,5438,5,5443,202
2020-06-02,San Diego,073,3302833,9012,7676,0,7676,276
2020-06-02,San Francisco,075,870044,2791,2554,0,2554,43
2020-06-02,San Joaquin,077,732212,1319,985,4,989,35
2020-06-02,San Luis Obispo,079,281455,372,275,4,279,1
2020-06-02,San Mateo,081,765935,2482,2203,3,2206,71
2020-06-02,Santa Barbara,083,443738,2280,1703,15,1718,12
2020-06-02,Santa Clara,085,1922200,3562,2819,13,2832,144
2020-06-02,Santa Cruz,087,273765,236,215,0,215,2
2020-06-02,Shasta,089,179085,62,38,0,38,4
2020-06-02,Sierra,091,2930,1,1,0,1,0
2020-06-02,Siskiyou,093,43540,13,8,0,8,0
2020-06-02,Solano,095,438530,683,537,1,538,18
2020-06-02,Sonoma,097,501317,676,571,1,572,4
2020-06-02,Stanislaus,099,539301,1002,772,5,777,27
2020-06-02,Sutter,101,95872,57,43,0,43,2
2020-06-02,Tehama,103,63373,14,6,1,7,1
2020-06-02,Trinity,105,12862,8,1,2,3,0
2020-06-02,Tulare,107,460477,2818,2012,10,2022,86
2020-06-02,Tuolumne,109,53932,5,4,0,4,0
2020-06-02,Ventura,111,848112,1758,1178,11,1189,30
2020-06-02,Yolo,113,214977,244,213,0,213,24
2020-06-02,Yuba,115,75493,31,27,0,27,1
2020-06-01,Alameda,001,1643700,3976,3460,6,3466,98
2020-06-01,Alpine,003,1148,1,1,0,1,0
2020-06-01,Amador,005,37829,9,10,0,10,0
2020-06-01,Butte,007,227075,80,50,2,52,1
2020-06-01,Calaveras,009,45235,18,15,0,15,0
2020-06-01,Colusa,011,21464,9,7,0,7,0
2020-06-01,Contra Costa,013,1133247,1741,1486,1,1487,37
2020-06-01,Del Norte,015,27424,45,38,0,38,0
2020-06-01,El Dorado,017,186661,122,88,0,88,0
2020-06-01,Fresno,019,978130,3539,1854,51,1905,33
2020-06-01,Glenn,021,27897,21,16,0,16,0
2020-06-01,Humboldt,023,135768,114,98,0,98,2
2020-06-01,Imperial,025,180216,4078,2366,4,2370,14
2020-06-01,Inyo,027,18085,20,20,0,20,1
2020-06-01,Kern,029,883053,3056,2366,6,2372,38
2020-06-01,Kings,031,150075,1300,703,4,707,4
2020-06-01,Lake,033,64148,32,22,0,22,0
2020-06-01,Lassen,035,31185,8,4,2,6,0
2020-06-01,Los Angeles,037,10098052,63657,55899,21,55920,2367
2020-06-01,Madera,039,155013,288,103,1,104,2
2020-06-01,Marin,041,260295,539,495,2,497,14
2020-06-01,Mariposa,043,17540,16,16,0,16,1
2020-06-01,Mendocino,045,87422,33,28,0,28,0
2020-06-01,Merced,047,269075,423,289,1,290,6
2020-06-01,Modoc,049,8938,1,0,0,0,0
2020-06-01,Mono,051,14174,39,35,0,35,1
2020-06-01,Monterey,053,433212,794,554,2,556,10
2020-06-01,Napa,055,140530,151,114,0,114,3
2020-06-01,Nevada,057,99092,51,41,1,42,1
2020-06-01,Orange,059,3164182,9477,6640,63,6703,135
2020-06-01,Placer,061,380077,313,218,2,220,9
2020-06-01,Plumas,063,18699,4,4,0,4,0
2020-06-01,Riverside,065,2383286,10109,7921,20,7941,322
2020-06-01,Sacramento,067,1510023,1561,1415,2,1417,58
2020-06-01,San Benito,069,59416,104,86,0,86,2
2020-06-01,San Bernardino,071,2135413,6717,5310,5,5315,202
2020-06-01,San Diego,073,3302833,8832,7556,0,7556,269
2020-06-01,San Francisco,075,870044,2754,2546,0,2546,43
2020-06-01,San Joaquin,077,732212,1254,957,4,961,35
2020-06-01,San Luis Obispo,079,281455,368,275,4,279,1
2020-06-01,San Mateo,081,765935,2452,2190,3,2193,71
2020-06-01,Santa Barbara,083,443738,2228,1671,14,1685,10
2020-06-01,Santa Clara,085,1922200,3524,2797,12,2809,142
2020-06-01,Santa Cruz,087,273765,232,215,0,215,2
2020-06-01,Shasta,089,179085,62,38,0,38,4
2020-06-01,Sierra,091,2930,1,1,0,1,0
2020-06-01,Siskiyou,093,43540,13,7,0,7,0
2020-06-01,Solano,095,438530,659,529,1,530,17
2020-06-01,Sonoma,097,501317,660,565,1,566,4
2020-06-01,Stanislaus,099,539301,965,758,5,763,27
2020-06-01,Sutter,101,95872,52,43,0,43,2
2020-06-01,Tehama,103,63373,11,5,1,6,1
2020-06-01,Trinity,105,12862,7,1,2,3,0
2020-06-01,Tulare,107,460477,2703,1976,10,1986,84
2020-06-01,Tuolumne,109,53932,4,4,0,4,0
2020-06-01,Ventura,111,848112,1706,1163,11,1174,29
2020-06-01,Yolo,113,214977,241,212,0,212,24
2020-06-01,Yuba,115,75493,30,26,0,26,1
2020-05-31,Alameda,001,1643700,3871,3362,6,3368,98
2020-05-31,Alpine,003,1148,1,1,0,1,0
2020-05-31,Amador,005,37829,9,10,0,10,0
2020-05-31,Butte,007,227075,78,51,2,53,0
2020-05-31,Calaveras,009,45235,15,15,0,15,0
2020-05-31,Colusa,011,21464,9,5,0,5,0
2020-05-31,Contra Costa,013,1133247,1707,1458,1,1459,37
2020-05-31,Del Norte,015,27424,45,37,0,37,0
2020-05-31,El Dorado,017,186661,118,88,0,88,0
2020-05-31,Fresno,019,978130,3374,1780,44,1824,31
2020-05-31,Glenn,021,27897,20,16,0,16,0
2020-05-31,Humboldt,023,135768,112,98,0,98,2
2020-05-31,Imperial,025,180216,3811,2197,4,2201,14
2020-05-31,Inyo,027,18085,20,20,0,20,1
2020-05-31,Kern,029,883053,2921,2300,6,2306,38
2020-05-31,Kings,031,150075,1263,703,4,707,3
2020-05-31,Lake,033,64148,32,19,0,19,0
2020-05-31,Lassen,035,31185,8,4,2,6,0
2020-05-31,Los Angeles,037,10098052,62367,54925,21,54946,2344
2020-05-31,Madera,039,155013,270,101,1,102,2
2020-05-31,Marin,041,260295,529,486,2,488,14
2020-05-31,Mariposa,043,17540,16,16,0,16,1
2020-05-31,Mendocino,045,87422,33,24,0,24,0
2020-05-31,Merced,047,269075,396,288,0,288,6
2020-05-31,Modoc,049,8938,0,0,0,0,0
2020-05-31,Mono,051,14174,39,34,0,34,1
2020-05-31,Monterey,053,433212,720,545,2,547,10
2020-05-31,Napa,055,140530,149,114,0,114,3
2020-05-31,Nevada,057,99092,50,41,1,42,1
2020-05-31,Orange,059,3164182,9267,6532,62,6594,135
2020-05-31,Placer,061,380077,291,215,2,217,9
2020-05-31,Plumas,063,18699,4,4,0,4,0
2020-05-31,Riverside,065,2383286,9853,7704,20,7724,321
2020-05-31,Sacramento,067,1510023,1530,1398,2,1400,57
2020-05-31,San Benito,069,59416,98,85,0,85,2
2020-05-31,San Bernardino,071,2135413,6449,5185,5,5190,198
2020-05-31,San Diego,073,3302833,8638,7483,0,7483,269
2020-05-31,San Francisco,075,870044,2718,2501,0,2501,43
2020-05-31,San Joaquin,077,732212,1189,888,4,892,34
2020-05-31,San Luis Obispo,079,281455,358,271,4,275,1
2020-05-31,San Mateo,081,765935,2406,2169,3,2172,71
2020-05-31,Santa Barbara,083,443738,2159,1662,13,1675,9
2020-05-31,Santa Clara,085,1922200,3480,2785,12,2797,142
2020-05-31,Santa Cruz,087,273765,229,210,0,210,2
2020-05-31,Shasta,089,179085,60,38,0,38,4
2020-05-31,Sierra,091,2930,1,1,0,1,0
2020-05-31,Siskiyou,093,43540,12,7,0,7,0
2020-05-31,Solano,095,438530,633,512,1,513,6
2020-05-31,Sonoma,097,501317,640,555,1,556,4
2020-05-31,Stanislaus,099,539301,911,738,5,743,27
2020-05-31,Sutter,101,95872,50,42,0,42,2
2020-05-31,Tehama,103,63373,10,4,1,5,1
2020-05-31,Trinity,105,12862,7,1,2,3,0
2020-05-31,Tulare,107,460477,2630,1884,10,1894,82
2020-05-31,Tuolumne,109,53932,4,4,0,4,0
2020-05-31,Ventura,111,848112,1645,1151,11,1162,30
2020-05-31,Yolo,113,214977,235,211,0,211,24
2020-05-31,Yuba,115,75493,30,26,0,26,1
2020-05-30,Alameda,001,1643700,3845,3304,6,3310,96
2020-05-30,Alpine,003,1148,1,1,0,1,0
2020-05-30,Amador,005,37829,9,10,0,10,0
2020-05-30,Butte,007,227075,77,44,2,46,0
2020-05-30,Calaveras,009,45235,14,15,0,15,0
2020-05-30,Colusa,011,21464,8,5,0,5,0
2020-05-30,Contra Costa,013,1133247,1692,1429,1,1430,37
2020-05-30,Del Norte,015,27424,45,37,0,37,0
2020-05-30,El Dorado,017,186661,117,86,0,86,0
2020-05-30,Fresno,019,978130,3313,1744,43,1787,31
2020-05-30,Glenn,021,27897,19,16,0,16,0
2020-05-30,Humboldt,023,135768,111,98,0,98,2
2020-05-30,Imperial,025,180216,3721,2091,4,2095,14
2020-05-30,Inyo,027,18085,20,20,0,20,1
2020-05-30,Kern,029,883053,2852,2217,6,2223,38
2020-05-30,Kings,031,150075,1249,703,4,707,3
2020-05-30,Lake,033,64148,31,18,0,18,0
2020-05-30,Lassen,035,31185,8,4,2,6,0
2020-05-30,Los Angeles,037,10098052,61831,53627,21,53648,2319
2020-05-30,Madera,039,155013,265,101,1,102,2
2020-05-30,Marin,041,260295,529,462,2,464,14
2020-05-30,Mariposa,043,17540,16,16,0,16,1
2020-05-30,Mendocino,045,87422,33,24,0,24,0
2020-05-30,Merced,047,269075,395,285,0,285,6
2020-05-30,Modoc,049,8938,0,0,0,0,0
2020-05-30,Mono,051,14174,39,34,0,34,1
2020-05-30,Monterey,053,433212,704,520,2,522,10
2020-05-30,Napa,055,140530,147,113,0,113,3
2020-05-30,Nevada,057,99092,50,41,1,42,1
2020-05-30,Orange,059,3164182,9110,6354,62,6416,134
2020-05-30,Placer,061,380077,283,199,1,200,9
2020-05-30,Plumas,063,18699,4,4,0,4,0
2020-05-30,Riverside,065,2383286,9709,7492,20,7512,316
2020-05-30,Sacramento,067,1510023,1519,1384,2,1386,57
2020-05-30,San Benito,069,59416,97,85,0,85,2
2020-05-30,San Bernardino,071,2135413,6340,5122,5,5127,198
2020-05-30,San Diego,073,3302833,8545,7387,0,7387,269
2020-05-30,San Francisco,075,870044,2693,2496,0,2496,41
2020-05-30,San Joaquin,077,732212,1151,888,4,892,34
2020-05-30,San Luis Obispo,079,281455,353,270,4,274,1
2020-05-30,San Mateo,081,765935,2382,2129,3,2132,71
2020-05-30,Santa Barbara,083,443738,2125,1660,13,1673,9
2020-05-30,Santa Clara,085,1922200,3464,2741,12,2753,141
2020-05-30,Santa Cruz,087,273765,229,206,0,206,2
2020-05-30,Shasta,089,179085,60,36,0,36,4
2020-05-30,Sierra,091,2930,1,1,0,1,0
2020-05-30,Siskiyou,093,43540,11,7,0,7,0
2020-05-30,Solano,095,438530,626,512,1,513,6
2020-05-30,Sonoma,097,501317,630,551,1,552,4
2020-05-30,Stanislaus,099,539301,894,712,5,717,27
2020-05-30,Sutter,101,95872,49,40,0,40,2
2020-05-30,Tehama,103,63373,10,4,1,5,1
2020-05-30,Trinity,105,12862,7,1,2,3,0
2020-05-30,Tulare,107,460477,2593,1879,10,1889,81
2020-05-30,Tuolumne,109,53932,4,4,0,4,0
2020-05-30,Ventura,111,848112,1628,1116,11,1127,30
2020-05-30,Yolo,113,214977,231,210,0,210,24
2020-05-30,Yuba,115,75493,30,25,0,25,1
2020-05-29,Alameda,001,1643700,3810,3209,6,3215,96
2020-05-29,Alpine,003,1148,1,1,0,1,0
2020-05-29,Amador,005,37829,9,10,0,10,0
2020-05-29,Butte,007,227075,72,41,2,43,0
2020-05-29,Calaveras,009,45235,14,15,0,15,0
2020-05-29,Colusa,011,21464,8,5,0,5,0
2020-05-29,Contra Costa,013,1133247,1676,1411,1,1412,37
2020-05-29,Del Norte,015,27424,45,37,0,37,0
2020-05-29,El Dorado,017,186661,116,85,0,85,0
2020-05-29,Fresno,019,978130,3263,1687,43,1730,31
2020-05-29,Glenn,021,27897,19,14,0,14,0
2020-05-29,Humboldt,023,135768,110,98,0,98,2
2020-05-29,Imperial,025,180216,3603,1607,4,1611,14
2020-05-29,Inyo,027,18085,20,20,0,20,1
2020-05-29,Kern,029,883053,2794,2128,6,2134,36
2020-05-29,Kings,031,150075,1238,693,4,697,3
2020-05-29,Lake,033,64148,30,17,0,17,0
2020-05-29,Lassen,035,31185,8,0,2,2,0
2020-05-29,Los Angeles,037,10098052,60876,51578,21,51599,2273
2020-05-29,Madera,039,155013,250,98,1,99,2
2020-05-29,Marin,041,260295,521,448,2,450,14
2020-05-29,Mariposa,043,17540,16,16,0,16,1
2020-05-29,Mendocino,045,87422,31,25,0,25,0
2020-05-29,Merced,047,269075,390,285,0,285,7
2020-05-29,Modoc,049,8938,0,0,0,0,0
2020-05-29,Mono,051,14174,38,34,0,34,1
2020-05-29,Monterey,053,433212,674,479,2,481,10
2020-05-29,Napa,055,140530,144,113,0,113,3
2020-05-29,Nevada,057,99092,50,41,1,42,1
2020-05-29,Orange,059,3164182,8925,6176,60,6236,133
2020-05-29,Placer,061,380077,261,199,1,200,9
2020-05-29,Plumas,063,18699,4,4,0,4,0
2020-05-29,Riverside,065,2383286,9523,7376,20,7396,313
2020-05-29,Sacramento,067,1510023,1496,1360,2,1362,57
2020-05-29,San Benito,069,59416,97,84,0,84,2
2020-05-29,San Bernardino,071,2135413,6232,4983,5,4988,196
2020-05-29,San Diego,073,3302833,8422,7242,0,7242,266
2020-05-29,San Francisco,075,870044,2669,2453,0,2453,41
2020-05-29,San Joaquin,077,732212,1114,855,4,859,34
2020-05-29,San Luis Obispo,079,281455,349,270,4,274,1
2020-05-29,San Mateo,081,765935,2366,2103,3,2106,71
2020-05-29,Santa Barbara,083,443738,2087,1656,13,1669,9
2020-05-29,Santa Clara,085,1922200,3436,2707,12,2719,141
2020-05-29,Santa Cruz,087,273765,226,203,0,203,2
2020-05-29,Shasta,089,179085,60,36,0,36,4
2020-05-29,Sierra,091,2930,1,1,0,1,0
2020-05-29,Siskiyou,093,43540,11,7,0,7,0
2020-05-29,Solano,095,438530,618,498,1,499,6
2020-05-29,Sonoma,097,501317,619,537,1,538,4
2020-05-29,Stanislaus,099,539301,864,698,5,703,27
2020-05-29,Sutter,101,95872,47,40,0,40,2
2020-05-29,Tehama,103,63373,9,4,1,5,1
2020-05-29,Trinity,105,12862,7,1,2,3,0
2020-05-29,Tulare,107,460477,2555,1852,10,1862,80
2020-05-29,Tuolumne,109,53932,4,4,0,4,0
2020-05-29,Ventura,111,848112,1604,1093,11,1104,29
2020-05-29,Yolo,113,214977,227,211,0,211,24
2020-05-29,Yuba,115,75493,29,25,0,25,1
2020-05-28,Alameda,001,1643700,3710,3083,6,3089,94
2020-05-28,Alpine,003,1148,1,1,0,1,0
2020-05-28,Amador,005,37829,9,10,0,10,0
2020-05-28,Butte,007,227075,71,40,2,42,0
2020-05-28,Calaveras,009,45235,13,15,0,15,0
2020-05-28,Colusa,011,21464,8,5,0,5,0
2020-05-28,Contra Costa,013,1133247,1637,1392,1,1393,37
2020-05-28,Del Norte,015,27424,45,37,0,37,0
2020-05-28,El Dorado,017,186661,113,82,0,82,0
2020-05-28,Fresno,019,978130,3182,1653,42,1695,31
2020-05-28,Glenn,021,27897,18,14,0,14,0
2020-05-28,Humboldt,023,135768,109,97,0,97,2
2020-05-28,Imperial,025,180216,3408,1430,4,1434,14
2020-05-28,Inyo,027,18085,20,20,0,20,1
2020-05-28,Kern,029,883053,2716,2069,6,2075,36
2020-05-28,Kings,031,150075,901,626,4,630,3
2020-05-28,Lake,033,64148,29,17,0,17,0
2020-05-28,Lassen,035,31185,8,0,2,2,0
2020-05-28,Los Angeles,037,10098052,59297,49861,21,49882,2222
2020-05-28,Madera,039,155013,232,93,1,94,2
2020-05-28,Marin,041,260295,496,443,2,445,14
2020-05-28,Mariposa,043,17540,16,16,0,16,1
2020-05-28,Mendocino,045,87422,29,24,0,24,0
2020-05-28,Merced,047,269075,381,283,0,283,7
2020-05-28,Modoc,049,8938,0,0,0,0,0
2020-05-28,Mono,051,14174,38,34,0,34,1
2020-05-28,Monterey,053,433212,642,471,2,473,10
2020-05-28,Napa,055,140530,141,113,0,113,3
2020-05-28,Nevada,057,99092,45,41,1,42,1
2020-05-28,Orange,059,3164182,8729,6045,60,6105,130
2020-05-28,Placer,061,380077,254,196,1,197,9
2020-05-28,Plumas,063,18699,4,4,0,4,0
2020-05-28,Riverside,065,2383286,9121,7240,19,7259,304
2020-05-28,Sacramento,067,1510023,1476,1339,2,1341,57
2020-05-28,San Benito,069,59416,96,82,0,82,2
2020-05-28,San Bernardino,071,2135413,6067,4831,5,4836,191
2020-05-28,San Diego,073,3302833,8265,7102,0,7102,260
2020-05-28,San Francisco,075,870044,2635,2417,0,2417,40
2020-05-28,San Joaquin,077,732212,1079,840,4,844,34
2020-05-28,San Luis Obispo,079,281455,346,267,4,271,1
2020-05-28,San Mateo,081,765935,2339,2070,3,2073,71
2020-05-28,Santa Barbara,083,443738,2020,1642,12,1654,9
2020-05-28,Santa Clara,085,1922200,3396,2698,12,2710,140
2020-05-28,Santa Cruz,087,273765,225,201,0,201,2
2020-05-28,Shasta,089,179085,58,36,0,36,4
2020-05-28,Sierra,091,2930,1,1,0,1,0
2020-05-28,Siskiyou,093,43540,9,6,0,6,0
2020-05-28,Solano,095,438530,601,489,1,490,6
2020-05-28,Sonoma,097,501317,597,529,1,530,4
2020-05-28,Stanislaus,099,539301,823,684,5,689,27
2020-05-28,Sutter,101,95872,47,40,0,40,2
2020-05-28,Tehama,103,63373,9,4,1,5,1
2020-05-28,Trinity,105,12862,6,1,2,3,0
2020-05-28,Tulare,107,460477,2519,1832,10,1842,79
2020-05-28,Tuolumne,109,53932,4,4,0,4,0
2020-05-28,Ventura,111,848112,1571,1083,11,1094,29
2020-05-28,Yolo,113,214977,224,206,0,206,22
2020-05-28,Yuba,115,75493,28,24,0,24,1
2020-05-27,Alameda,001,1643700,3626,3037,6,3043,94
2020-05-27,Alpine,003,1148,1,1,0,1,0
2020-05-27,Amador,005,37829,9,10,0,10,0
2020-05-27,Butte,007,227075,68,40,1,41,0
2020-05-27,Calaveras,009,45235,12,15,0,15,0
2020-05-27,Colusa,011,21464,8,5,0,5,0
2020-05-27,Contra Costa,013,1133247,1597,1373,1,1374,37
2020-05-27,Del Norte,015,27424,45,34,0,34,0
2020-05-27,El Dorado,017,186661,112,82,0,82,0
2020-05-27,Fresno,019,978130,3094,1620,42,1662,27
2020-05-27,Glenn,021,27897,18,14,0,14,0
2020-05-27,Humboldt,023,135768,109,86,0,86,2
2020-05-27,Imperial,025,180216,3228,1369,4,1373,14
2020-05-27,Inyo,027,18085,20,20,0,20,1
2020-05-27,Kern,029,883053,2651,1999,6,2005,37
2020-05-27,Kings,031,150075,874,586,4,590,3
2020-05-27,Lake,033,64148,29,13,0,13,0
2020-05-27,Lassen,035,31185,8,0,2,2,0
2020-05-27,Los Angeles,037,10098052,57921,48711,21,48732,2177
2020-05-27,Madera,039,155013,223,91,1,92,2
2020-05-27,Marin,041,260295,467,439,2,441,14
2020-05-27,Mariposa,043,17540,16,16,0,16,1
2020-05-27,Mendocino,045,87422,28,21,0,21,0
2020-05-27,Merced,047,269075,377,278,0,278,7
2020-05-27,Modoc,049,8938,0,0,0,0,0
2020-05-27,Mono,051,14174,38,34,0,34,1
2020-05-27,Monterey,053,433212,602,443,2,445,8
2020-05-27,Napa,055,140530,136,112,0,112,3
2020-05-27,Nevada,057,99092,44,41,1,42,1
2020-05-27,Orange,059,3164182,8574,5849,60,5909,121
2020-05-27,Placer,061,380077,235,196,0,196,9
2020-05-27,Plumas,063,18699,4,4,0,4,0
2020-05-27,Riverside,065,2383286,8742,7156,19,7175,299
2020-05-27,Sacramento,067,1510023,1448,1318,2,1320,50
2020-05-27,San Benito,069,59416,93,74,0,74,2
2020-05-27,San Bernardino,071,2135413,5883,4708,5,4713,183
2020-05-27,San Diego,073,3302833,8115,6985,0,6985,255
2020-05-27,San Francisco,075,870044,2606,2394,0,2394,40
2020-05-27,San Joaquin,077,732212,1038,825,4,829,34
2020-05-27,San Luis Obispo,079,281455,341,266,4,270,1
2020-05-27,San Mateo,081,765935,2299,2045,3,2048,71
2020-05-27,Santa Barbara,083,443738,1992,1629,12,1641,9
2020-05-27,Santa Clara,085,1922200,3363,2680,12,2692,140
2020-05-27,Santa Cruz,087,273765,221,202,0,202,2
2020-05-27,Shasta,089,179085,55,36,0,36,4
2020-05-27,Sierra,091,2930,1,1,0,1,0
2020-05-27,Siskiyou,093,43540,9,6,0,6,0
2020-05-27,Solano,095,438530,581,477,1,478,5
2020-05-27,Sonoma,097,501317,583,521,1,522,4
2020-05-27,Stanislaus,099,539301,798,675,5,680,27
2020-05-27,Sutter,101,95872,46,40,0,40,2
2020-05-27,Tehama,103,63373,9,3,1,4,1
2020-05-27,Trinity,105,12862,6,1,2,3,0
2020-05-27,Tulare,107,460477,2467,1817,10,1827,77
2020-05-27,Tuolumne,109,53932,4,4,0,4,0
2020-05-27,Ventura,111,848112,1546,1065,11,1076,28
2020-05-27,Yolo,113,214977,223,204,0,204,22
2020-05-27,Yuba,115,75493,28,24,0,24,1
2020-05-26,Alameda,001,1643700,3531,2956,6,2962,92
2020-05-26,Alpine,003,1148,1,1,0,1,0
2020-05-26,Amador,005,37829,9,10,0,10,0
2020-05-26,Butte,007,227075,66,37,1,38,0
2020-05-26,Calaveras,009,45235,12,13,0,13,0
2020-05-26,Colusa,011,21464,8,4,0,4,0
2020-05-26,Contra Costa,013,1133247,1562,1352,1,1353,37
2020-05-26,Del Norte,015,27424,44,30,0,30,0
2020-05-26,El Dorado,017,186661,108,79,0,79,0
2020-05-26,Fresno,019,978130,3006,1496,42,1538,22
2020-05-26,Glenn,021,27897,16,12,0,12,0
2020-05-26,Humboldt,023,135768,107,81,0,81,2
2020-05-26,Imperial,025,180216,3012,1369,4,1373,14
2020-05-26,Inyo,027,18085,20,20,0,20,1
2020-05-26,Kern,029,883053,2573,1890,6,1896,31
2020-05-26,Kings,031,150075,806,449,3,452,2
2020-05-26,Lake,033,64148,27,12,0,12,0
2020-05-26,Lassen,035,31185,7,0,2,2,0
2020-05-26,Los Angeles,037,10098052,56454,47760,21,47781,2121
2020-05-26,Madera,039,155013,207,83,1,84,2
2020-05-26,Marin,041,260295,455,424,2,426,14
2020-05-26,Mariposa,043,17540,16,16,0,16,1
2020-05-26,Mendocino,045,87422,26,20,0,20,0
2020-05-26,Merced,047,269075,363,266,0,266,7
2020-05-26,Modoc,049,8938,0,1,0,1,0
2020-05-26,Mono,051,14174,37,34,0,34,1
2020-05-26,Monterey,053,433212,574,424,1,425,8
2020-05-26,Napa,055,140530,131,109,0,109,3
2020-05-26,Nevada,057,99092,43,41,1,42,1
2020-05-26,Orange,059,3164182,8304,5651,59,5710,115
2020-05-26,Placer,061,380077,230,188,0,188,9
2020-05-26,Plumas,063,18699,4,4,0,4,0
2020-05-26,Riverside,065,2383286,8295,6917,19,6936,284
2020-05-26,Sacramento,067,1510023,1422,1298,2,1300,50
2020-05-26,San Benito,069,59416,88,69,0,69,2
2020-05-26,San Bernardino,071,2135413,5715,4430,5,4435,175
2020-05-26,San Diego,073,3302833,7972,6884,0,6884,249
2020-05-26,San Francisco,075,870044,2573,2363,0,2363,40
2020-05-26,San Joaquin,077,732212,991,760,4,764,33
2020-05-26,San Luis Obispo,079,281455,339,260,4,264,1
2020-05-26,San Mateo,081,765935,2261,1967,2,1969,71
2020-05-26,Santa Barbara,083,443738,1960,1590,11,1601,9
2020-05-26,Santa Clara,085,1922200,3330,2659,12,2671,139
2020-05-26,Santa Cruz,087,273765,219,197,0,197,2
2020-05-26,Shasta,089,179085,55,36,0,36,4
2020-05-26,Sierra,091,2930,1,1,0,1,0
2020-05-26,Siskiyou,093,43540,8,6,0,6,0
2020-05-26,Solano,095,438530,563,470,1,471,5
2020-05-26,Sonoma,097,501317,575,509,0,509,4
2020-05-26,Stanislaus,099,539301,777,663,5,668,27
2020-05-26,Sutter,101,95872,45,39,0,39,2
2020-05-26,Tehama,103,63373,8,2,1,3,1
2020-05-26,Trinity,105,12862,6,1,2,3,0
2020-05-26,Tulare,107,460477,2411,1768,10,1778,76
2020-05-26,Tuolumne,109,53932,4,2,0,2,0
2020-05-26,Ventura,111,848112,1509,1033,8,1041,27
2020-05-26,Yolo,113,214977,217,198,0,198,22
2020-05-26,Yuba,115,75493,27,24,0,24,1
2020-05-25,Alameda,001,1643700,3438,2900,5,2905,92
2020-05-25,Alpine,003,1148,1,1,0,1,0
2020-05-25,Amador,005,37829,9,10,0,10,0
2020-05-25,Butte,007,227075,63,37,1,38,0
2020-05-25,Calaveras,009,45235,12,13,0,13,0
2020-05-25,Colusa,011,21464,7,4,0,4,0
2020-05-25,Contra Costa,013,1133247,1529,1348,1,1349,37
2020-05-25,Del Norte,015,27424,44,20,0,20,0
2020-05-25,El Dorado,017,186661,100,78,0,78,0
2020-05-25,Fresno,019,978130,2902,1496,40,1536,22
2020-05-25,Glenn,021,27897,16,12,0,12,0
2020-05-25,Humboldt,023,135768,106,81,0,81,2
2020-05-25,Imperial,025,180216,2801,1369,4,1373,14
2020-05-25,Inyo,027,18085,19,20,0,20,1
2020-05-25,Kern,029,883053,2502,1890,6,1896,31
2020-05-25,Kings,031,150075,776,447,3,450,2
2020-05-25,Lake,033,64148,25,13,0,13,0
2020-05-25,Lassen,035,31185,7,0,2,2,0
2020-05-25,Los Angeles,037,10098052,54643,45952,20,45972,2094
2020-05-25,Madera,039,155013,194,83,1,84,2
2020-05-25,Marin,041,260295,437,415,2,417,14
2020-05-25,Mariposa,043,17540,16,15,0,15,1
2020-05-25,Mendocino,045,87422,23,19,0,19,0
2020-05-25,Merced,047,269075,356,262,0,262,6
2020-05-25,Modoc,049,8938,0,1,0,1,0
2020-05-25,Mono,051,14174,37,34,0,34,1
2020-05-25,Monterey,053,433212,544,418,1,419,8
2020-05-25,Napa,055,140530,131,107,0,107,3
2020-05-25,Nevada,057,99092,43,41,1,42,1
2020-05-25,Orange,059,3164182,8082,5601,58,5659,115
2020-05-25,Placer,061,380077,226,186,0,186,9
2020-05-25,Plumas,063,18699,4,4,0,4,0
2020-05-25,Riverside,065,2383286,8064,6900,19,6919,284
2020-05-25,Sacramento,067,1510023,1402,1290,1,1291,50
2020-05-25,San Benito,069,59416,87,70,0,70,2
2020-05-25,San Bernardino,071,2135413,5525,4393,4,4397,175
2020-05-25,San Diego,073,3302833,7796,6799,0,6799,249
2020-05-25,San Francisco,075,870044,2536,2358,0,2358,40
2020-05-25,San Joaquin,077,732212,965,760,4,764,33
2020-05-25,San Luis Obispo,079,281455,337,260,4,264,1
2020-05-25,San Mateo,081,765935,2225,1938,2,1940,71
2020-05-25,Santa Barbara,083,443738,1936,1590,11,1601,9
2020-05-25,Santa Clara,085,1922200,3297,2647,12,2659,139
2020-05-25,Santa Cruz,087,273765,217,191,0,191,2
2020-05-25,Shasta,089,179085,54,36,0,36,4
2020-05-25,Sierra,091,2930,1,1,0,1,0
2020-05-25,Siskiyou,093,43540,8,6,0,6,0
2020-05-25,Solano,095,438530,549,437,1,438,5
2020-05-25,Sonoma,097,501317,563,496,0,496,4
2020-05-25,Stanislaus,099,539301,747,651,5,656,27
2020-05-25,Sutter,101,95872,45,38,0,38,2
2020-05-25,Tehama,103,63373,7,2,1,3,1
2020-05-25,Trinity,105,12862,6,1,2,3,0
2020-05-25,Tulare,107,460477,2347,1747,10,1757,76
2020-05-25,Tuolumne,109,53932,4,2,0,2,0
2020-05-25,Ventura,111,848112,1468,1020,8,1028,27
2020-05-25,Yolo,113,214977,215,197,0,197,22
2020-05-25,Yuba,115,75493,26,24,0,24,1
2020-05-24,Alameda,001,1643700,3365,2830,5,2835,92
2020-05-24,Alpine,003,1148,1,1,0,1,0
2020-05-24,Amador,005,37829,9,9,0,9,0
2020-05-24,Butte,007,227075,61,35,1,36,0
2020-05-24,Calaveras,009,45235,12,13,0,13,0
2020-05-24,Colusa,011,21464,7,4,0,4,0
2020-05-24,Contra Costa,013,1133247,1501,1325,1,1326,37
2020-05-24,Del Norte,015,27424,43,16,0,16,0
2020-05-24,El Dorado,017,186661,99,76,0,76,0
2020-05-24,Fresno,019,978130,2835,1455,39,1494,22
2020-05-24,Glenn,021,27897,15,12,0,12,0
2020-05-24,Humboldt,023,135768,106,81,0,81,2
2020-05-24,Imperial,025,180216,2675,1369,4,1373,14
2020-05-24,Inyo,027,18085,19,20,0,20,1
2020-05-24,Kern,029,883053,2429,1861,5,1866,31
2020-05-24,Kings,031,150075,765,446,3,449,2
2020-05-24,Lake,033,64148,24,12,0,12,0
2020-05-24,Lassen,035,31185,6,0,2,2,0
2020-05-24,Los Angeles,037,10098052,53629,44954,20,44974,2085
2020-05-24,Madera,039,155013,188,83,1,84,2
2020-05-24,Marin,041,260295,435,401,2,403,14
2020-05-24,Mariposa,043,17540,16,15,0,15,1
2020-05-24,Mendocino,045,87422,22,19,0,19,0
2020-05-24,Merced,047,269075,355,258,0,258,6
2020-05-24,Modoc,049,8938,0,0,0,0,0
2020-05-24,Mono,051,14174,37,34,0,34,1
2020-05-24,Monterey,053,433212,516,405,1,406,8
2020-05-24,Napa,055,140530,129,104,0,104,3
2020-05-24,Nevada,057,99092,43,41,1,42,1
2020-05-24,Orange,059,3164182,7928,5439,57,5496,113
2020-05-24,Placer,061,380077,218,184,0,184,9
2020-05-24,Plumas,063,18699,4,4,0,4,0
2020-05-24,Riverside,065,2383286,7923,6571,19,6590,284
2020-05-24,Sacramento,067,1510023,1386,1283,1,1284,50
2020-05-24,San Benito,069,59416,86,67,0,67,2
2020-05-24,San Bernardino,071,2135413,5417,4262,4,4266,175
2020-05-24,San Diego,073,3302833,7653,6703,0,6703,249
2020-05-24,San Francisco,075,870044,2512,2318,0,2318,40
2020-05-24,San Joaquin,077,732212,946,760,4,764,33
2020-05-24,San Luis Obispo,079,281455,335,257,4,261,1
2020-05-24,San Mateo,081,765935,2190,1925,2,1927,71
2020-05-24,Santa Barbara,083,443738,1920,1573,11,1584,9
2020-05-24,Santa Clara,085,1922200,3277,2623,12,2635,139
2020-05-24,Santa Cruz,087,273765,214,185,0,185,2
2020-05-24,Shasta,089,179085,53,36,0,36,4
2020-05-24,Sierra,091,2930,1,1,0,1,0
2020-05-24,Siskiyou,093,43540,7,6,0,6,0
2020-05-24,Solano,095,438530,541,436,0,436,5
2020-05-24,Sonoma,097,501317,552,485,0,485,4
2020-05-24,Stanislaus,099,539301,727,634,5,639,27
2020-05-24,Sutter,101,95872,45,38,0,38,2
2020-05-24,Tehama,103,63373,5,2,1,3,1
2020-05-24,Trinity,105,12862,6,1,2,3,0
2020-05-24,Tulare,107,460477,2301,1684,10,1694,74
2020-05-24,Tuolumne,109,53932,4,2,0,2,0
2020-05-24,Ventura,111,848112,1456,982,8,990,27
2020-05-24,Yolo,113,214977,213,192,0,192,22
2020-05-24,Yuba,115,75493,26,24,0,24,1
2020-05-23,Alameda,001,1643700,3324,2783,5,2788,91
2020-05-23,Alpine,003,1148,1,1,0,1,0
2020-05-23,Amador,005,37829,9,9,0,9,0
2020-05-23,Butte,007,227075,60,34,1,35,0
2020-05-23,Calaveras,009,45235,12,13,0,13,0
2020-05-23,Colusa,011,21464,7,4,0,4,0
2020-05-23,Contra Costa,013,1133247,1490,1302,1,1303,36
2020-05-23,Del Norte,015,27424,43,10,0,10,0
2020-05-23,El Dorado,017,186661,99,74,0,74,0
2020-05-23,Fresno,019,978130,2815,1447,39,1486,21
2020-05-23,Glenn,021,27897,15,12,0,12,0
2020-05-23,Humboldt,023,135768,104,80,0,80,2
2020-05-23,Imperial,025,180216,2587,1283,4,1287,14
2020-05-23,Inyo,027,18085,19,20,0,20,1
2020-05-23,Kern,029,883053,2386,1806,5,1811,31
2020-05-23,Kings,031,150075,761,444,3,447,2
2020-05-23,Lake,033,64148,23,10,0,10,0
2020-05-23,Lassen,035,31185,6,0,2,2,0
2020-05-23,Los Angeles,037,10098052,53088,44029,20,44049,2069
2020-05-23,Madera,039,155013,184,83,1,84,2
2020-05-23,Marin,041,260295,435,393,1,394,14
2020-05-23,Mariposa,043,17540,16,15,0,15,1
2020-05-23,Mendocino,045,87422,22,13,0,13,0
2020-05-23,Merced,047,269075,352,247,0,247,6
2020-05-23,Modoc,049,8938,0,0,0,0,0
2020-05-23,Mono,051,14174,36,34,0,34,1
2020-05-23,Monterey,053,433212,502,397,1,398,8
2020-05-23,Napa,055,140530,125,101,0,101,3
2020-05-23,Nevada,057,99092,43,41,1,42,1
2020-05-23,Orange,059,3164182,7768,5313,56,5369,113
2020-05-23,Placer,061,380077,212,184,0,184,9
2020-05-23,Plumas,063,18699,4,4,0,4,0
2020-05-23,Riverside,065,2383286,7832,6460,19,6479,284
2020-05-23,Sacramento,067,1510023,1370,1275,1,1276,50
2020-05-23,San Benito,069,59416,81,67,0,67,2
2020-05-23,San Bernardino,071,2135413,5324,4172,4,4176,175
2020-05-23,San Diego,073,3302833,7562,6561,0,6561,249
2020-05-23,San Francisco,075,870044,2493,2312,0,2312,40
2020-05-23,San Joaquin,077,732212,931,759,4,763,33
2020-05-23,San Luis Obispo,079,281455,332,256,4,260,1
2020-05-23,San Mateo,081,765935,2162,1862,2,1864,71
2020-05-23,Santa Barbara,083,443738,1909,1566,11,1577,9
2020-05-23,Santa Clara,085,1922200,3263,2593,11,2604,139
2020-05-23,Santa Cruz,087,273765,212,177,0,177,2
2020-05-23,Shasta,089,179085,53,35,0,35,4
2020-05-23,Sierra,091,2930,1,1,0,1,0
2020-05-23,Siskiyou,093,43540,7,6,0,6,0
2020-05-23,Solano,095,438530,536,435,0,435,5
2020-05-23,Sonoma,097,501317,538,462,0,462,4
2020-05-23,Stanislaus,099,539301,719,625,5,630,27
2020-05-23,Sutter,101,95872,44,38,0,38,2
2020-05-23,Tehama,103,63373,5,2,1,3,1
2020-05-23,Trinity,105,12862,6,1,2,3,0
2020-05-23,Tulare,107,460477,2280,1682,10,1692,73
2020-05-23,Tuolumne,109,53932,4,2,0,2,0
2020-05-23,Ventura,111,848112,1436,961,8,969,27
2020-05-23,Yolo,113,214977,212,188,0,188,22
2020-05-23,Yuba,115,75493,26,24,0,24,1
2020-05-22,Alameda,001,1643700,3270,2722,5,2727,91
2020-05-22,Alpine,003,1148,1,1,0,1,0
2020-05-22,Amador,005,37829,9,9,0,9,0
2020-05-22,Butte,007,227075,58,34,1,35,0
2020-05-22,Calaveras,009,45235,12,13,0,13,0
2020-05-22,Colusa,011,21464,7,4,0,4,0
2020-05-22,Contra Costa,013,1133247,1478,1272,1,1273,36
2020-05-22,Del Norte,015,27424,41,9,0,9,0
2020-05-22,El Dorado,017,186661,96,74,0,74,0
2020-05-22,Fresno,019,978130,2756,1399,38,1437,20
2020-05-22,Glenn,021,27897,15,12,0,12,0
2020-05-22,Humboldt,023,135768,104,80,0,80,2
2020-05-22,Imperial,025,180216,2486,1214,4,1218,14
2020-05-22,Inyo,027,18085,19,20,0,20,1
2020-05-22,Kern,029,883053,2337,1749,5,1754,28
2020-05-22,Kings,031,150075,758,428,3,431,2
2020-05-22,Lake,033,64148,22,10,0,10,0
2020-05-22,Lassen,035,31185,4,0,2,2,0
2020-05-22,Los Angeles,037,10098052,52296,43025,20,43045,2027
2020-05-22,Madera,039,155013,180,82,1,83,2
2020-05-22,Marin,041,260295,431,372,1,373,14
2020-05-22,Mariposa,043,17540,16,15,0,15,1
2020-05-22,Mendocino,045,87422,21,13,0,13,0
2020-05-22,Merced,047,269075,352,233,0,233,6
2020-05-22,Modoc,049,8938,0,0,0,0,0
2020-05-22,Mono,051,14174,36,34,0,34,1
2020-05-22,Monterey,053,433212,491,372,1,373,8
2020-05-22,Napa,055,140530,123,97,0,97,3
2020-05-22,Nevada,057,99092,42,41,1,42,1
2020-05-22,Orange,059,3164182,7571,5144,54,5198,113
2020-05-22,Placer,061,380077,212,181,0,181,9
2020-05-22,Plumas,063,18699,4,4,0,4,0
2020-05-22,Riverside,065,2383286,7717,6351,19,6370,283
2020-05-22,Sacramento,067,1510023,1354,1262,1,1263,50
2020-05-22,San Benito,069,59416,80,64,0,64,2
2020-05-22,San Bernardino,071,2135413,5249,4107,4,4111,173
2020-05-22,San Diego,073,3302833,7476,6436,0,6436,242
2020-05-22,San Francisco,075,870044,2475,2251,0,2251,40
2020-05-22,San Joaquin,077,732212,918,747,4,751,33
2020-05-22,San Luis Obispo,079,281455,332,254,4,258,1
2020-05-22,San Mateo,081,765935,2143,1847,2,1849,71
2020-05-22,Santa Barbara,083,443738,1898,1554,11,1565,9
2020-05-22,Santa Clara,085,1922200,3242,2537,11,2548,139
2020-05-22,Santa Cruz,087,273765,209,171,0,171,2
2020-05-22,Shasta,089,179085,53,34,0,34,4
2020-05-22,Sierra,091,2930,1,0,0,0,0
2020-05-22,Siskiyou,093,43540,7,6,0,6,0
2020-05-22,Solano,095,438530,533,431,0,431,4
2020-05-22,Sonoma,097,501317,534,444,0,444,4
2020-05-22,Stanislaus,099,539301,709,616,5,621,27
2020-05-22,Sutter,101,95872,44,38,0,38,2
2020-05-22,Tehama,103,63373,5,2,0,2,1
2020-05-22,Trinity,105,12862,6,1,2,3,0
2020-05-22,Tulare,107,460477,2250,1662,10,1672,73
2020-05-22,Tuolumne,109,53932,4,2,0,2,0
2020-05-22,Ventura,111,848112,1418,937,8,945,27
2020-05-22,Yolo,113,214977,210,187,0,187,22
2020-05-22,Yuba,115,75493,26,24,0,24,1
2020-05-21,Alameda,001,1643700,3205,2606,5,2611,89
2020-05-21,Alpine,003,1148,1,1,0,1,0
2020-05-21,Amador,005,37829,9,9,0,9,0
2020-05-21,Butte,007,227075,57,31,1,32,0
2020-05-21,Calaveras,009,45235,11,13,0,13,0
2020-05-21,Colusa,011,21464,7,4,0,4,0
2020-05-21,Contra Costa,013,1133247,1442,1243,1,1244,36
2020-05-21,Del Norte,015,27424,38,9,0,9,0
2020-05-21,El Dorado,017,186661,94,67,0,67,0
2020-05-21,Fresno,019,978130,2663,1362,38,1400,20
2020-05-21,Glenn,021,27897,14,12,0,12,0
2020-05-21,Humboldt,023,135768,103,79,0,79,0
2020-05-21,Imperial,025,180216,2327,1096,4,1100,14
2020-05-21,Inyo,027,18085,19,20,0,20,1
2020-05-21,Kern,029,883053,2261,1684,4,1688,27
2020-05-21,Kings,031,150075,737,417,2,419,2
2020-05-21,Lake,033,64148,17,10,0,10,0
2020-05-21,Lassen,035,31185,4,0,2,2,0
2020-05-21,Los Angeles,037,10098052,51262,42063,20,42083,1996
2020-05-21,Madera,039,155013,177,82,1,83,2
2020-05-21,Marin,041,260295,420,359,1,360,14
2020-05-21,Mariposa,043,17540,16,15,0,15,1
2020-05-21,Mendocino,045,87422,21,12,0,12,0
2020-05-21,Merced,047,269075,341,226,0,226,6
2020-05-21,Modoc,049,8938,0,0,0,0,0
2020-05-21,Mono,051,14174,36,33,0,33,1
2020-05-21,Monterey,053,433212,480,363,1,364,8
2020-05-21,Napa,055,140530,121,96,0,96,3
2020-05-21,Nevada,057,99092,42,41,1,42,1
2020-05-21,Orange,059,3164182,7368,4975,53,5028,106
2020-05-21,Placer,061,380077,205,176,0,176,8
2020-05-21,Plumas,063,18699,4,4,0,4,0
2020-05-21,Riverside,065,2383286,7530,6245,19,6264,279
2020-05-21,Sacramento,067,1510023,1341,1258,1,1259,56
2020-05-21,San Benito,069,59416,77,61,0,61,2
2020-05-21,San Bernardino,071,2135413,5102,3950,4,3954,167
2020-05-21,San Diego,073,3302833,7340,6317,0,6317,241
2020-05-21,San Francisco,075,870044,2451,2248,0,2248,37
2020-05-21,San Joaquin,077,732212,882,730,4,734,33
2020-05-21,San Luis Obispo,079,281455,332,251,3,254,1
2020-05-21,San Mateo,081,765935,2106,1791,2,1793,74
2020-05-21,Santa Barbara,083,443738,1878,1541,11,1552,10
2020-05-21,Santa Clara,085,1922200,3220,2520,11,2531,138
2020-05-21,Santa Cruz,087,273765,201,164,0,164,3
2020-05-21,Shasta,089,179085,51,34,0,34,4
2020-05-21,Sierra,091,2930,1,0,0,0,0
2020-05-21,Siskiyou,093,43540,7,6,0,6,0
2020-05-21,Solano,095,438530,524,424,0,424,4
2020-05-21,Sonoma,097,501317,516,427,0,427,4
2020-05-21,Stanislaus,099,539301,698,602,5,607,27
2020-05-21,Sutter,101,95872,43,38,0,38,2
2020-05-21,Tehama,103,63373,4,2,0,2,1
2020-05-21,Trinity,105,12862,5,1,2,3,0
2020-05-21,Tulare,107,460477,2200,1606,8,1614,73
2020-05-21,Tuolumne,109,53932,2,2,0,2,0
2020-05-21,Ventura,111,848112,1369,907,8,915,30
2020-05-21,Yolo,113,214977,207,185,0,185,22
2020-05-21,Yuba,115,75493,26,24,0,24,1
2020-05-20,Alameda,001,1643700,3131,2554,5,2559,89
2020-05-20,Alpine,003,1148,1,1,0,1,0
2020-05-20,Amador,005,37829,9,9,0,9,0
2020-05-20,Butte,007,227075,54,30,1,31,0
2020-05-20,Calaveras,009,45235,11,13,0,13,0
2020-05-20,Colusa,011,21464,7,3,0,3,0
2020-05-20,Contra Costa,013,1133247,1412,1223,1,1224,33
2020-05-20,Del Norte,015,27424,31,9,0,9,0
2020-05-20,El Dorado,017,186661,93,67,0,67,0
2020-05-20,Fresno,019,978130,2590,1329,37,1366,17
2020-05-20,Glenn,021,27897,13,12,0,12,0
2020-05-20,Humboldt,023,135768,100,73,0,73,0
2020-05-20,Imperial,025,180216,2214,1047,4,1051,14
2020-05-20,Inyo,027,18085,19,20,0,20,1
2020-05-20,Kern,029,883053,2198,1639,3,1642,27
2020-05-20,Kings,031,150075,593,403,2,405,2
2020-05-20,Lake,033,64148,17,9,0,9,0
2020-05-20,Lassen,035,31185,3,0,2,2,0
2020-05-20,Los Angeles,037,10098052,50268,40932,20,40952,1955
2020-05-20,Madera,039,155013,175,82,1,83,2
2020-05-20,Marin,041,260295,393,348,1,349,14
2020-05-20,Mariposa,043,17540,16,15,0,15,1
2020-05-20,Mendocino,045,87422,21,12,0,12,0
2020-05-20,Merced,047,269075,334,225,0,225,6
2020-05-20,Modoc,049,8938,0,0,0,0,0
2020-05-20,Mono,051,14174,36,33,0,33,1
2020-05-20,Monterey,053,433212,466,356,1,357,8
2020-05-20,Napa,055,140530,114,93,0,93,3
2020-05-20,Nevada,057,99092,42,41,1,42,1
2020-05-20,Orange,059,3164182,7160,4866,51,4917,96
2020-05-20,Placer,061,380077,203,176,0,176,8
2020-05-20,Plumas,063,18699,4,4,0,4,0
2020-05-20,Riverside,065,2383286,7387,6090,19,6109,265
2020-05-20,Sacramento,067,1510023,1331,1244,1,1245,56
2020-05-20,San Benito,069,59416,76,61,0,61,2
2020-05-20,San Bernardino,071,2135413,4975,3771,4,3775,161
2020-05-20,San Diego,073,3302833,7223,6142,0,6142,230
2020-05-20,San Francisco,075,870044,2428,2199,0,2199,37
2020-05-20,San Joaquin,077,732212,845,713,4,717,33
2020-05-20,San Luis Obispo,079,281455,326,249,3,252,1
2020-05-20,San Mateo,081,765935,2053,1739,2,1741,74
2020-05-20,Santa Barbara,083,443738,1855,1524,11,1535,10
2020-05-20,Santa Clara,085,1922200,3199,2508,10,2518,138
2020-05-20,Santa Cruz,087,273765,198,163,0,163,3
2020-05-20,Shasta,089,179085,51,34,0,34,4
2020-05-20,Sierra,091,2930,1,0,0,0,0
2020-05-20,Siskiyou,093,43540,7,6,0,6,0
2020-05-20,Solano,095,438530,519,418,0,418,4
2020-05-20,Sonoma,097,501317,507,411,0,411,4
2020-05-20,Stanislaus,099,539301,682,584,4,588,25
2020-05-20,Sutter,101,95872,43,38,0,38,2
2020-05-20,Tehama,103,63373,4,2,0,2,1
2020-05-20,Trinity,105,12862,4,1,1,2,0
2020-05-20,Tulare,107,460477,2159,1585,8,1593,71
2020-05-20,Tuolumne,109,53932,2,2,0,2,0
2020-05-20,Ventura,111,848112,1333,879,8,887,29
2020-05-20,Yolo,113,214977,204,184,0,184,22
2020-05-20,Yuba,115,75493,26,23,0,23,1
2020-05-19,Alameda,001,1643700,3054,2493,3,2496,88
2020-05-19,Alpine,003,1148,1,1,0,1,0
2020-05-19,Amador,005,37829,9,9,0,9,0
2020-05-19,Butte,007,227075,52,25,1,26,0
2020-05-19,Calaveras,009,45235,11,13,0,13,0
2020-05-19,Colusa,011,21464,5,3,0,3,0
2020-05-19,Contra Costa,013,1133247,1389,1205,1,1206,33
2020-05-19,Del Norte,015,27424,28,8,0,8,0
2020-05-19,El Dorado,017,186661,90,67,0,67,0
2020-05-19,Fresno,019,978130,2476,1288,36,1324,15
2020-05-19,Glenn,021,27897,13,12,0,12,0
2020-05-19,Humboldt,023,135768,100,72,0,72,0
2020-05-19,Imperial,025,180216,2052,1012,4,1016,14
2020-05-19,Inyo,027,18085,19,20,0,20,1
2020-05-19,Kern,029,883053,2100,1601,3,1604,26
2020-05-19,Kings,031,150075,582,393,2,395,2
2020-05-19,Lake,033,64148,14,11,0,11,0
2020-05-19,Lassen,035,31185,3,0,2,2,0
2020-05-19,Los Angeles,037,10098052,49062,39670,20,39690,1906
2020-05-19,Madera,039,155013,171,80,1,81,2
2020-05-19,Marin,041,260295,369,340,1,341,14
2020-05-19,Mariposa,043,17540,16,15,0,15,1
2020-05-19,Mendocino,045,87422,21,12,0,12,0
2020-05-19,Merced,047,269075,326,222,0,222,5
2020-05-19,Modoc,049,8938,0,0,0,0,0
2020-05-19,Mono,051,14174,36,33,0,33,1
2020-05-19,Monterey,053,433212,454,350,1,351,8
2020-05-19,Napa,055,140530,113,93,0,93,3
2020-05-19,Nevada,057,99092,42,41,1,42,1
2020-05-19,Orange,059,3164182,6966,4746,49,4795,90
2020-05-19,Placer,061,380077,201,177,0,177,8
2020-05-19,Plumas,063,18699,4,5,0,5,0
2020-05-19,Riverside,065,2383286,7227,5963,18,5981,265
2020-05-19,Sacramento,067,1510023,1317,1239,1,1240,57
2020-05-19,San Benito,069,59416,74,59,0,59,2
2020-05-19,San Bernardino,071,2135413,4825,3656,4,3660,158
2020-05-19,San Diego,073,3302833,7079,6028,0,6028,222
2020-05-19,San Francisco,075,870044,2394,2186,0,2186,37
2020-05-19,San Joaquin,077,732212,823,705,4,709,33
2020-05-19,San Luis Obispo,079,281455,325,245,3,248,1
2020-05-19,San Mateo,081,765935,2012,1704,2,1706,71
2020-05-19,Santa Barbara,083,443738,1839,1521,11,1532,10
2020-05-19,Santa Clara,085,1922200,3149,2480,10,2490,138
2020-05-19,Santa Cruz,087,273765,187,161,0,161,3
2020-05-19,Shasta,089,179085,51,34,0,34,4
2020-05-19,Sierra,091,2930,0,0,0,0,0
2020-05-19,Siskiyou,093,43540,7,6,0,6,0
2020-05-19,Solano,095,438530,505,415,0,415,4
2020-05-19,Sonoma,097,501317,496,389,0,389,4
2020-05-19,Stanislaus,099,539301,668,582,4,586,25
2020-05-19,Sutter,101,95872,43,38,0,38,2
2020-05-19,Tehama,103,63373,4,2,0,2,1
2020-05-19,Trinity,105,12862,3,1,0,1,0
2020-05-19,Tulare,107,460477,2111,1551,8,1559,68
2020-05-19,Tuolumne,109,53932,2,2,0,2,0
2020-05-19,Ventura,111,848112,1292,861,7,868,28
2020-05-19,Yolo,113,214977,202,183,0,183,22
2020-05-19,Yuba,115,75493,26,23,0,23,1
2020-05-18,Alameda,001,1643700,2981,2442,3,2445,84
2020-05-18,Alpine,003,1148,1,1,0,1,0
2020-05-18,Amador,005,37829,9,8,0,8,0
2020-05-18,Butte,007,227075,50,24,1,25,0
2020-05-18,Calaveras,009,45235,11,13,0,13,0
2020-05-18,Colusa,011,21464,5,3,0,3,0
2020-05-18,Contra Costa,013,1133247,1358,1173,1,1174,33
2020-05-18,Del Norte,015,27424,23,8,0,8,0
2020-05-18,El Dorado,017,186661,88,67,0,67,0
2020-05-18,Fresno,019,978130,2397,1244,35,1279,14
2020-05-18,Glenn,021,27897,13,11,0,11,0
2020-05-18,Humboldt,023,135768,100,70,0,70,0
2020-05-18,Imperial,025,180216,1899,767,4,771,14
2020-05-18,Inyo,027,18085,19,20,0,20,1
2020-05-18,Kern,029,883053,2051,1566,3,1569,26
2020-05-18,Kings,031,150075,551,381,2,383,2
2020-05-18,Lake,033,64148,13,9,0,9,0
2020-05-18,Lassen,035,31185,3,0,2,2,0
2020-05-18,Los Angeles,037,10098052,48041,38477,20,38497,1825
2020-05-18,Madera,039,155013,165,74,1,75,2
2020-05-18,Marin,041,260295,356,329,1,330,14
2020-05-18,Mariposa,043,17540,16,15,0,15,1
2020-05-18,Mendocino,045,87422,16,12,0,12,0
2020-05-18,Merced,047,269075,316,217,0,217,5
2020-05-18,Modoc,049,8938,0,0,0,0,0
2020-05-18,Mono,051,14174,36,33,0,33,1
2020-05-18,Monterey,053,433212,443,345,1,346,8
2020-05-18,Napa,055,140530,109,92,0,92,3
2020-05-18,Nevada,057,99092,42,41,1,42,1
2020-05-18,Orange,059,3164182,6777,4558,47,4605,88
2020-05-18,Placer,061,380077,199,176,0,176,8
2020-05-18,Plumas,063,18699,4,5,0,5,0
2020-05-18,Riverside,065,2383286,7027,5873,18,5891,253
2020-05-18,Sacramento,067,1510023,1311,1233,0,1233,57
2020-05-18,San Benito,069,59416,72,59,0,59,2
2020-05-18,San Bernardino,071,2135413,4678,3558,4,3562,156
2020-05-18,San Diego,073,3302833,6946,5948,0,5948,211
2020-05-18,San Francisco,075,870044,2371,2183,0,2183,36
2020-05-18,San Joaquin,077,732212,811,697,4,701,33
2020-05-18,San Luis Obispo,079,281455,321,243,3,246,1
2020-05-18,San Mateo,081,765935,1974,1701,2,1703,68
2020-05-18,Santa Barbara,083,443738,1827,1501,11,1512,10
2020-05-18,Santa Clara,085,1922200,3116,2468,10,2478,137
2020-05-18,Santa Cruz,087,273765,185,160,0,160,3
2020-05-18,Shasta,089,179085,50,34,0,34,4
2020-05-18,Sierra,091,2930,0,0,0,0,0
2020-05-18,Siskiyou,093,43540,7,6,0,6,0
2020-05-18,Solano,095,438530,495,398,0,398,4
2020-05-18,Sonoma,097,501317,478,387,0,387,4
2020-05-18,Stanislaus,099,539301,656,572,4,576,25
2020-05-18,Sutter,101,95872,43,38,0,38,2
2020-05-18,Tehama,103,63373,4,2,0,2,1
2020-05-18,Trinity,105,12862,3,1,0,1,0
2020-05-18,Tulare,107,460477,2067,1491,8,1499,63
2020-05-18,Tuolumne,109,53932,2,2,0,2,0
2020-05-18,Ventura,111,848112,1269,850,6,856,27
2020-05-18,Yolo,113,214977,197,183,0,183,22
2020-05-18,Yuba,115,75493,26,23,0,23,1
2020-05-17,Alameda,001,1643700,2886,2389,3,2392,83
2020-05-17,Alpine,003,1148,1,1,0,1,0
2020-05-17,Amador,005,37829,9,8,0,8,0
2020-05-17,Butte,007,227075,49,23,1,24,0
2020-05-17,Calaveras,009,45235,11,13,0,13,0
2020-05-17,Colusa,011,21464,3,3,0,3,0
2020-05-17,Contra Costa,013,1133247,1319,1155,1,1156,33
2020-05-17,Del Norte,015,27424,23,7,0,7,0
2020-05-17,El Dorado,017,186661,88,65,0,65,0
2020-05-17,Fresno,019,978130,2292,1213,32,1245,14
2020-05-17,Glenn,021,27897,13,9,0,9,0
2020-05-17,Humboldt,023,135768,93,70,0,70,0
2020-05-17,Imperial,025,180216,1751,715,4,719,14
2020-05-17,Inyo,027,18085,19,20,0,20,1
2020-05-17,Kern,029,883053,1973,1546,3,1549,26
2020-05-17,Kings,031,150075,504,356,2,358,2
2020-05-17,Lake,033,64148,13,7,0,7,0
2020-05-17,Lassen,035,31185,3,0,2,2,0
2020-05-17,Los Angeles,037,10098052,46803,37996,20,38016,1807
2020-05-17,Madera,039,155013,163,69,1,70,2
2020-05-17,Marin,041,260295,345,315,1,316,14
2020-05-17,Mariposa,043,17540,15,15,0,15,1
2020-05-17,Mendocino,045,87422,15,10,0,10,0
2020-05-17,Merced,047,269075,305,214,0,214,5
2020-05-17,Modoc,049,8938,0,0,0,0,0
2020-05-17,Mono,051,14174,36,32,0,32,1
2020-05-17,Monterey,053,433212,423,342,1,343,8
2020-05-17,Napa,055,140530,105,89,0,89,3
2020-05-17,Nevada,057,99092,42,41,1,42,1
2020-05-17,Orange,059,3164182,6597,4466,46,4512,88
2020-05-17,Placer,061,380077,194,175,0,175,8
2020-05-17,Plumas,063,18699,4,4,0,4,0
2020-05-17,Riverside,065,2383286,6854,5776,18,5794,245
2020-05-17,Sacramento,067,1510023,1300,1224,0,1224,56
2020-05-17,San Benito,069,59416,71,59,0,59,2
2020-05-17,San Bernardino,071,2135413,4528,3467,4,3471,155
2020-05-17,San Diego,073,3302833,6814,5838,0,5838,209
2020-05-17,San Francisco,075,870044,2344,2132,0,2132,36
2020-05-17,San Joaquin,077,732212,781,688,4,692,32
2020-05-17,San Luis Obispo,079,281455,319,242,3,245,1
2020-05-17,San Mateo,081,765935,1937,1680,2,1682,68
2020-05-17,Santa Barbara,083,443738,1804,1457,11,1468,10
2020-05-17,Santa Clara,085,1922200,3078,2453,10,2463,135
2020-05-17,Santa Cruz,087,273765,174,155,0,155,3
2020-05-17,Shasta,089,179085,49,34,0,34,4
2020-05-17,Sierra,091,2930,0,0,0,0,0
2020-05-17,Siskiyou,093,43540,7,6,0,6,0
2020-05-17,Solano,095,438530,483,392,0,392,4
2020-05-17,Sonoma,097,501317,457,376,0,376,4
2020-05-17,Stanislaus,099,539301,645,566,4,570,25
2020-05-17,Sutter,101,95872,42,38,0,38,2
2020-05-17,Tehama,103,63373,3,2,0,2,1
2020-05-17,Trinity,105,12862,2,1,0,1,0
2020-05-17,Tulare,107,460477,1991,1430,7,1437,63
2020-05-17,Tuolumne,109,53932,2,2,0,2,0
2020-05-17,Ventura,111,848112,1224,838,6,844,27
2020-05-17,Yolo,113,214977,195,182,0,182,22
2020-05-17,Yuba,115,75493,26,21,0,21,1
2020-05-16,Alameda,001,1643700,2836,2327,3,2330,83
2020-05-16,Alpine,003,1148,1,1,0,1,0
2020-05-16,Amador,005,37829,9,8,0,8,0
2020-05-16,Butte,007,227075,44,22,1,23,0
2020-05-16,Calaveras,009,45235,11,13,0,13,0
2020-05-16,Colusa,011,21464,3,3,0,3,0
2020-05-16,Contra Costa,013,1133247,1301,1136,1,1137,33
2020-05-16,Del Norte,015,27424,19,4,0,4,0
2020-05-16,El Dorado,017,186661,88,65,0,65,0
2020-05-16,Fresno,019,978130,2236,1177,32,1209,14
2020-05-16,Glenn,021,27897,13,9,0,9,0
2020-05-16,Humboldt,023,135768,91,69,0,69,0
2020-05-16,Imperial,025,180216,1687,712,4,716,14
2020-05-16,Inyo,027,18085,19,20,0,20,1
2020-05-16,Kern,029,883053,1937,1509,3,1512,26
2020-05-16,Kings,031,150075,494,356,2,358,2
2020-05-16,Lake,033,64148,13,7,0,7,0
2020-05-16,Lassen,035,31185,2,0,2,2,0
2020-05-16,Los Angeles,037,10098052,46226,37352,20,37372,1778
2020-05-16,Madera,039,155013,161,70,1,71,2
2020-05-16,Marin,041,260295,341,297,1,298,14
2020-05-16,Mariposa,043,17540,15,15,0,15,1
2020-05-16,Mendocino,045,87422,15,10,0,10,0
2020-05-16,Merced,047,269075,303,201,0,201,5
2020-05-16,Modoc,049,8938,0,0,0,0,0
2020-05-16,Mono,051,14174,36,32,0,32,1
2020-05-16,Monterey,053,433212,408,329,1,330,8
2020-05-16,Napa,055,140530,105,86,0,86,3
2020-05-16,Nevada,057,99092,42,41,1,42,1
2020-05-16,Orange,059,3164182,6521,4396,46,4442,87
2020-05-16,Placer,061,380077,192,174,0,174,8
2020-05-16,Plumas,063,18699,4,4,0,4,0
2020-05-16,Riverside,065,2383286,6769,5633,18,5651,243
2020-05-16,Sacramento,067,1510023,1293,1209,0,1209,55
2020-05-16,San Benito,069,59416,66,58,0,58,2
2020-05-16,San Bernardino,071,2135413,4456,3362,4,3366,155
2020-05-16,San Diego,073,3302833,6728,5664,0,5664,209
2020-05-16,San Francisco,075,870044,2321,2094,0,2094,36
2020-05-16,San Joaquin,077,732212,773,668,4,672,32
2020-05-16,San Luis Obispo,079,281455,318,240,3,243,1
2020-05-16,San Mateo,081,765935,1922,1652,2,1654,68
2020-05-16,Santa Barbara,083,443738,1791,1422,10,1432,10
2020-05-16,Santa Clara,085,1922200,3060,2420,10,2430,135
2020-05-16,Santa Cruz,087,273765,171,154,0,154,3
2020-05-16,Shasta,089,179085,49,33,0,33,4
2020-05-16,Sierra,091,2930,0,0,0,0,0
2020-05-16,Siskiyou,093,43540,7,6,0,6,0
2020-05-16,Solano,095,438530,478,392,0,392,4
2020-05-16,Sonoma,097,501317,444,356,0,356,4
2020-05-16,Stanislaus,099,539301,636,546,4,550,24
2020-05-16,Sutter,101,95872,42,35,0,35,2
2020-05-16,Tehama,103,63373,3,2,0,2,1
2020-05-16,Trinity,105,12862,2,1,0,1,0
2020-05-16,Tulare,107,460477,1973,1426,7,1433,63
2020-05-16,Tuolumne,109,53932,2,2,0,2,0
2020-05-16,Ventura,111,848112,1198,813,6,819,25
2020-05-16,Yolo,113,214977,194,181,0,181,22
2020-05-16,Yuba,115,75493,26,21,0,21,1
2020-05-15,Alameda,001,1643700,2802,2289,3,2292,83
2020-05-15,Alpine,003,1148,1,1,0,1,0
2020-05-15,Amador,005,37829,9,8,0,8,0
2020-05-15,Butte,007,227075,42,22,1,23,0
2020-05-15,Calaveras,009,45235,11,13,0,13,0
2020-05-15,Colusa,011,21464,3,3,0,3,0
2020-05-15,Contra Costa,013,1133247,1283,1106,1,1107,33
2020-05-15,Del Norte,015,27424,14,4,0,4,0
2020-05-15,El Dorado,017,186661,88,64,0,64,0
2020-05-15,Fresno,019,978130,2168,1126,32,1158,14
2020-05-15,Glenn,021,27897,13,9,0,9,0
2020-05-15,Humboldt,023,135768,90,60,0,60,0
2020-05-15,Imperial,025,180216,1603,680,0,680,14
2020-05-15,Inyo,027,18085,19,20,0,20,1
2020-05-15,Kern,029,883053,1881,1472,3,1475,25
2020-05-15,Kings,031,150075,491,347,2,349,2
2020-05-15,Lake,033,64148,13,7,0,7,0
2020-05-15,Lassen,035,31185,2,0,2,2,0
2020-05-15,Los Angeles,037,10098052,45440,36317,20,36337,1734
2020-05-15,Madera,039,155013,160,71,1,72,2
2020-05-15,Marin,041,260295,333,295,1,296,14
2020-05-15,Mariposa,043,17540,15,15,0,15,1
2020-05-15,Mendocino,045,87422,15,10,0,10,0
2020-05-15,Merced,047,269075,300,191,0,191,5
2020-05-15,Modoc,049,8938,0,0,0,0,0
2020-05-15,Mono,051,14174,36,31,0,31,1
2020-05-15,Monterey,053,433212,402,321,1,322,8
2020-05-15,Napa,055,140530,105,83,0,83,3
2020-05-15,Nevada,057,99092,42,41,1,42,1
2020-05-15,Orange,059,3164182,6349,4281,46,4327,87
2020-05-15,Placer,061,380077,190,174,0,174,8
2020-05-15,Plumas,063,18699,4,4,0,4,0
2020-05-15,Riverside,065,2383286,6655,5496,18,5514,233
2020-05-15,Sacramento,067,1510023,1283,1203,0,1203,55
2020-05-15,San Benito,069,59416,63,57,0,57,2
2020-05-15,San Bernardino,071,2135413,4378,3225,4,3229,153
2020-05-15,San Diego,073,3302833,6621,5525,0,5525,208
2020-05-15,San Francisco,075,870044,2305,2062,0,2062,36
2020-05-15,San Joaquin,077,732212,767,656,4,660,32
2020-05-15,San Luis Obispo,079,281455,316,237,3,240,1
2020-05-15,San Mateo,081,765935,1900,1612,2,1614,68
2020-05-15,Santa Barbara,083,443738,1782,1409,9,1418,10
2020-05-15,Santa Clara,085,1922200,3017,2395,9,2404,135
2020-05-15,Santa Cruz,087,273765,170,146,0,146,3
2020-05-15,Shasta,089,179085,48,33,0,33,4
2020-05-15,Sierra,091,2930,0,0,0,0,0
2020-05-15,Siskiyou,093,43540,6,5,0,5,0
2020-05-15,Solano,095,438530,474,388,0,388,4
2020-05-15,Sonoma,097,501317,436,349,0,349,4
2020-05-15,Stanislaus,099,539301,629,540,4,544,23
2020-05-15,Sutter,101,95872,41,35,0,35,2
2020-05-15,Tehama,103,63373,3,1,0,1,1
2020-05-15,Trinity,105,12862,2,1,0,1,0
2020-05-15,Tulare,107,460477,1945,1356,7,1363,61
2020-05-15,Tuolumne,109,53932,2,2,0,2,0
2020-05-15,Ventura,111,848112,1181,789,5,794,25
2020-05-15,Yolo,113,214977,193,182,0,182,22
2020-05-15,Yuba,115,75493,26,21,0,21,1
2020-05-14,Alameda,001,1643700,2709,2255,3,2258,80
2020-05-14,Alpine,003,1148,1,1,0,1,0
2020-05-14,Amador,005,37829,9,8,0,8,0
2020-05-14,Butte,007,227075,40,22,1,23,0
2020-05-14,Calaveras,009,45235,11,13,0,13,0
2020-05-14,Colusa,011,21464,3,3,0,3,0
2020-05-14,Contra Costa,013,1133247,1257,1090,1,1091,32
2020-05-14,Del Norte,015,27424,14,4,0,4,0
2020-05-14,El Dorado,017,186661,79,59,0,59,0
2020-05-14,Fresno,019,978130,2106,1038,28,1066,12
2020-05-14,Glenn,021,27897,12,8,0,8,0
2020-05-14,Humboldt,023,135768,88,59,0,59,0
2020-05-14,Imperial,025,180216,1486,652,0,652,13
2020-05-14,Inyo,027,18085,19,20,0,20,1
2020-05-14,Kern,029,883053,1839,1430,3,1433,21
2020-05-14,Kings,031,150075,475,342,2,344,1
2020-05-14,Lake,033,64148,13,7,0,7,0
2020-05-14,Lassen,035,31185,2,0,2,2,0
2020-05-14,Los Angeles,037,10098052,44265,35427,20,35447,1693
2020-05-14,Madera,039,155013,151,69,1,70,2
2020-05-14,Marin,041,260295,315,283,1,284,14
2020-05-14,Mariposa,043,17540,15,15,0,15,0
2020-05-14,Mendocino,045,87422,14,10,0,10,0
2020-05-14,Merced,047,269075,290,182,0,182,3
2020-05-14,Modoc,049,8938,0,0,0,0,0
2020-05-14,Mono,051,14174,36,31,0,31,1
2020-05-14,Monterey,053,433212,392,317,1,318,7
2020-05-14,Napa,055,140530,103,83,0,83,3
2020-05-14,Nevada,057,99092,41,41,1,42,1
2020-05-14,Orange,059,3164182,6173,4163,44,4207,83
2020-05-14,Placer,061,380077,190,172,0,172,8
2020-05-14,Plumas,063,18699,4,4,0,4,0
2020-05-14,Riverside,065,2383286,6471,5339,18,5357,224
2020-05-14,Sacramento,067,1510023,1271,1181,0,1181,55
2020-05-14,San Benito,069,59416,61,56,0,56,2
2020-05-14,San Bernardino,071,2135413,4200,3149,4,3153,149
2020-05-14,San Diego,073,3302833,6486,5393,0,5393,200
2020-05-14,San Francisco,075,870044,2272,2029,0,2029,36
2020-05-14,San Joaquin,077,732212,752,643,4,647,31
2020-05-14,San Luis Obispo,079,281455,313,236,3,239,1
2020-05-14,San Mateo,081,765935,1868,1588,2,1590,67
2020-05-14,Santa Barbara,083,443738,1768,1395,9,1404,11
2020-05-14,Santa Clara,085,1922200,2994,2380,9,2389,134
2020-05-14,Santa Cruz,087,273765,168,145,0,145,3
2020-05-14,Shasta,089,179085,48,33,0,33,4
2020-05-14,Sierra,091,2930,0,0,0,0,0
2020-05-14,Siskiyou,093,43540,6,5,0,5,0
2020-05-14,Solano,095,438530,465,372,0,372,4
2020-05-14,Sonoma,097,501317,419,333,0,333,4
2020-05-14,Stanislaus,099,539301,610,533,4,537,23
2020-05-14,Sutter,101,95872,41,34,0,34,2
2020-05-14,Tehama,103,63373,3,1,0,1,1
2020-05-14,Trinity,105,12862,2,1,0,1,0
2020-05-14,Tulare,107,460477,1906,1317,7,1324,55
2020-05-14,Tuolumne,109,53932,2,2,0,2,0
2020-05-14,Ventura,111,848112,1150,760,5,765,25
2020-05-14,Yolo,113,214977,193,180,0,180,22
2020-05-14,Yuba,115,75493,26,21,0,21,1
2020-05-13,Alameda,001,1643700,2651,2181,3,2184,78
2020-05-13,Alpine,003,1148,1,1,0,1,0
2020-05-13,Amador,005,37829,9,8,0,8,0
2020-05-13,Butte,007,227075,40,21,1,22,0
2020-05-13,Calaveras,009,45235,11,13,0,13,0
2020-05-13,Colusa,011,21464,3,3,0,3,0
2020-05-13,Contra Costa,013,1133247,1235,1082,1,1083,32
2020-05-13,Del Norte,015,27424,13,4,0,4,0
2020-05-13,El Dorado,017,186661,78,58,0,58,0
2020-05-13,Fresno,019,978130,2013,993,28,1021,10
2020-05-13,Glenn,021,27897,11,6,0,6,0
2020-05-13,Humboldt,023,135768,82,58,0,58,0
2020-05-13,Imperial,025,180216,1416,610,0,610,11
2020-05-13,Inyo,027,18085,19,20,0,20,1
2020-05-13,Kern,029,883053,1793,1390,3,1393,19
2020-05-13,Kings,031,150075,461,314,2,316,1
2020-05-13,Lake,033,64148,13,7,0,7,0
2020-05-13,Lassen,035,31185,2,0,2,2,0
2020-05-13,Los Angeles,037,10098052,42959,34574,20,34594,1643
2020-05-13,Madera,039,155013,142,69,1,70,2
2020-05-13,Marin,041,260295,302,278,1,279,14
2020-05-13,Mariposa,043,17540,15,15,0,15,0
2020-05-13,Mendocino,045,87422,14,10,0,10,0
2020-05-13,Merced,047,269075,287,176,0,176,3
2020-05-13,Modoc,049,8938,0,0,0,0,0
2020-05-13,Mono,051,14174,35,31,0,31,1
2020-05-13,Monterey,053,433212,382,309,1,310,6
2020-05-13,Napa,055,140530,103,81,0,81,3
2020-05-13,Nevada,057,99092,41,41,1,42,1
2020-05-13,Orange,059,3164182,5927,4025,42,4067,79
2020-05-13,Placer,061,380077,189,170,0,170,8
2020-05-13,Plumas,063,18699,4,4,0,4,0
2020-05-13,Riverside,065,2383286,6348,5204,18,5222,216
2020-05-13,Sacramento,067,1510023,1256,1173,0,1173,53
2020-05-13,San Benito,069,59416,61,55,0,55,2
2020-05-13,San Bernardino,071,2135413,3944,3064,3,3067,140
2020-05-13,San Diego,073,3302833,6350,5280,0,5280,194
2020-05-13,San Francisco,075,870044,2244,2004,0,2004,35
2020-05-13,San Joaquin,077,732212,731,639,3,642,31
2020-05-13,San Luis Obispo,079,281455,311,231,3,234,1
2020-05-13,San Mateo,081,765935,1836,1550,2,1552,66
2020-05-13,Santa Barbara,083,443738,1754,1382,9,1391,10
2020-05-13,Santa Clara,085,1922200,2974,2370,9,2379,132
2020-05-13,Santa Cruz,087,273765,164,142,0,142,2
2020-05-13,Shasta,089,179085,48,32,0,32,4
2020-05-13,Sierra,091,2930,0,0,0,0,0
2020-05-13,Siskiyou,093,43540,6,5,0,5,0
2020-05-13,Solano,095,438530,452,368,0,368,4
2020-05-13,Sonoma,097,501317,409,330,0,330,4
2020-05-13,Stanislaus,099,539301,601,521,4,525,15
2020-05-13,Sutter,101,95872,41,33,0,33,2
2020-05-13,Tehama,103,63373,3,1,0,1,1
2020-05-13,Trinity,105,12862,2,2,0,2,0
2020-05-13,Tulare,107,460477,1873,1283,7,1290,54
2020-05-13,Tuolumne,109,53932,2,2,0,2,0
2020-05-13,Ventura,111,848112,1119,742,5,747,25
2020-05-13,Yolo,113,214977,191,178,0,178,22
2020-05-13,Yuba,115,75493,24,19,0,19,1
2020-05-12,Alameda,001,1643700,2586,2146,3,2149,74
2020-05-12,Alpine,003,1148,1,1,0,1,0
2020-05-12,Amador,005,37829,9,8,0,8,0
2020-05-12,Butte,007,227075,38,20,1,21,0
2020-05-12,Calaveras,009,45235,10,13,0,13,0
2020-05-12,Colusa,011,21464,3,3,0,3,0
2020-05-12,Contra Costa,013,1133247,1204,1067,1,1068,32
2020-05-12,Del Norte,015,27424,10,3,0,3,0
2020-05-12,El Dorado,017,186661,75,56,0,56,0
2020-05-12,Fresno,019,978130,1929,978,26,1004,9
2020-05-12,Glenn,021,27897,10,6,0,6,0
2020-05-12,Humboldt,023,135768,79,58,0,58,0
2020-05-12,Imperial,025,180216,1284,602,0,602,9
2020-05-12,Inyo,027,18085,19,20,0,20,1
2020-05-12,Kern,029,883053,1752,1363,3,1366,18
2020-05-12,Kings,031,150075,440,302,2,304,1
2020-05-12,Lake,033,64148,13,7,0,7,0
2020-05-12,Lassen,035,31185,2,0,2,2,0
2020-05-12,Los Angeles,037,10098052,41964,33281,19,33300,1601
2020-05-12,Madera,039,155013,136,69,1,70,2
2020-05-12,Marin,041,260295,297,274,1,275,14
2020-05-12,Mariposa,043,17540,15,15,0,15,0
2020-05-12,Mendocino,045,87422,14,10,0,10,0
2020-05-12,Merced,047,269075,276,175,0,175,3
2020-05-12,Modoc,049,8938,0,0,0,0,0
2020-05-12,Mono,051,14174,35,31,0,31,1
2020-05-12,Monterey,053,433212,375,298,1,299,6
2020-05-12,Napa,055,140530,101,80,0,80,3
2020-05-12,Nevada,057,99092,41,41,1,42,1
2020-05-12,Orange,059,3164182,5744,3843,40,3883,78
2020-05-12,Placer,061,380077,188,170,0,170,8
2020-05-12,Plumas,063,18699,4,4,0,4,0
2020-05-12,Riverside,065,2383286,6226,5134,18,5152,210
2020-05-12,Sacramento,067,1510023,1236,1166,0,1166,52
2020-05-12,San Benito,069,59416,61,55,0,55,2
2020-05-12,San Bernardino,071,2135413,3792,2997,3,3000,131
2020-05-12,San Diego,073,3302833,6206,3,0,3,0
2020-05-12,San Francisco,075,870044,2209,1981,0,1981,35
2020-05-12,San Joaquin,077,732212,716,625,3,628,30
2020-05-12,San Luis Obispo,079,281455,308,226,3,229,1
2020-05-12,San Mateo,081,765935,1810,1533,2,1535,66
2020-05-12,Santa Barbara,083,443738,1720,1377,9,1386,10
2020-05-12,Santa Clara,085,1922200,2944,2362,9,2371,131
2020-05-12,Santa Cruz,087,273765,162,141,0,141,2
2020-05-12,Shasta,089,179085,47,33,0,33,4
2020-05-12,Sierra,091,2930,0,0,0,0,0
2020-05-12,Siskiyou,093,43540,6,5,0,5,0
2020-05-12,Solano,095,438530,444,361,0,361,4
2020-05-12,Sonoma,097,501317,386,308,0,308,4
2020-05-12,Stanislaus,099,539301,594,515,4,519,15
2020-05-12,Sutter,101,95872,41,33,0,33,2
2020-05-12,Tehama,103,63373,3,1,0,1,1
2020-05-12,Trinity,105,12862,2,1,0,1,0
2020-05-12,Tulare,107,460477,1841,1261,7,1268,52
2020-05-12,Tuolumne,109,53932,2,2,0,2,0
2020-05-12,Ventura,111,848112,1063,718,5,723,20
2020-05-12,Yolo,113,214977,190,176,0,176,22
2020-05-12,Yuba,115,75493,24,19,0,19,1
2020-05-11,Alameda,001,1643700,2536,2103,3,2106,71
2020-05-11,Alpine,003,1148,1,1,0,1,0
2020-05-11,Amador,005,37829,9,8,0,8,0
2020-05-11,Butte,007,227075,37,19,1,20,0
2020-05-11,Calaveras,009,45235,10,13,0,13,0
2020-05-11,Colusa,011,21464,3,3,0,3,0
2020-05-11,Contra Costa,013,1133247,1190,1052,1,1053,32
2020-05-11,Del Norte,015,27424,8,3,0,3,0
2020-05-11,El Dorado,017,186661,75,55,0,55,0
2020-05-11,Fresno,019,978130,1838,937,25,962,8
2020-05-11,Glenn,021,27897,10,6,0,6,0
2020-05-11,Humboldt,023,135768,76,56,0,56,0
2020-05-11,Imperial,025,180216,1178,562,0,562,9
2020-05-11,Inyo,027,18085,19,20,0,20,1
2020-05-11,Kern,029,883053,1700,1331,3,1334,17
2020-05-11,Kings,031,150075,417,289,1,290,1
2020-05-11,Lake,033,64148,12,7,0,7,0
2020-05-11,Lassen,035,31185,2,0,2,2,0
2020-05-11,Los Angeles,037,10098052,40785,32279,19,32298,1553
2020-05-11,Madera,039,155013,127,68,1,69,2
2020-05-11,Marin,041,260295,288,271,1,272,14
2020-05-11,Mariposa,043,17540,15,15,0,15,0
2020-05-11,Mendocino,045,87422,14,10,0,10,0
2020-05-11,Merced,047,269075,261,158,0,158,3
2020-05-11,Modoc,049,8938,0,0,0,0,0
2020-05-11,Mono,051,14174,35,30,0,30,1
2020-05-11,Monterey,053,433212,372,286,1,287,6
2020-05-11,Napa,055,140530,95,79,0,79,2
2020-05-11,Nevada,057,99092,41,41,1,42,1
2020-05-11,Orange,059,3164182,5529,3699,33,3732,77
2020-05-11,Placer,061,380077,188,170,0,170,8
2020-05-11,Plumas,063,18699,4,4,0,4,0
2020-05-11,Riverside,065,2383286,6068,5082,17,5099,203
2020-05-11,Sacramento,067,1510023,1221,1160,0,1160,52
2020-05-11,San Benito,069,59416,59,52,0,52,2
2020-05-11,San Bernardino,071,2135413,3682,2945,3,2948,124
2020-05-11,San Diego,073,3302833,6053,5067,0,5067,175
2020-05-11,San Francisco,075,870044,2162,1974,0,1974,35
2020-05-11,San Joaquin,077,732212,706,620,3,623,30
2020-05-11,San Luis Obispo,079,281455,306,224,3,227,1
2020-05-11,San Mateo,081,765935,1784,1499,2,1501,66
2020-05-11,Santa Barbara,083,443738,1699,1372,8,1380,10
2020-05-11,Santa Clara,085,1922200,2927,2340,9,2349,129
2020-05-11,Santa Cruz,087,273765,159,140,0,140,2
2020-05-11,Shasta,089,179085,47,31,0,31,4
2020-05-11,Sierra,091,2930,0,0,0,0,0
2020-05-11,Siskiyou,093,43540,6,5,0,5,0
2020-05-11,Solano,095,438530,439,354,0,354,4
2020-05-11,Sonoma,097,501317,376,303,0,303,3
2020-05-11,Stanislaus,099,539301,584,507,4,511,14
2020-05-11,Sutter,101,95872,40,32,0,32,2
2020-05-11,Tehama,103,63373,3,1,0,1,1
2020-05-11,Trinity,105,12862,2,1,0,1,0
2020-05-11,Tulare,107,460477,1792,1203,7,1210,49
2020-05-11,Tuolumne,109,53932,2,2,0,2,0
2020-05-11,Ventura,111,848112,1001,698,4,702,19
2020-05-11,Yolo,113,214977,190,174,0,174,20
2020-05-11,Yuba,115,75493,24,18,0,18,1
2020-05-10,Alameda,001,1643700,2459,2047,3,2050,71
2020-05-10,Alpine,003,1148,1,1,0,1,0
2020-05-10,Amador,005,37829,9,8,0,8,0
2020-05-10,Butte,007,227075,32,18,1,19,0
2020-05-10,Calaveras,009,45235,10,13,0,13,0
2020-05-10,Colusa,011,21464,3,3,0,3,0
2020-05-10,Contra Costa,013,1133247,1176,1046,0,1046,31
2020-05-10,Del Norte,015,27424,7,3,0,3,0
2020-05-10,El Dorado,017,186661,75,55,0,55,0
2020-05-10,Fresno,019,978130,1751,894,25,919,8
2020-05-10,Glenn,021,27897,10,6,0,6,0
2020-05-10,Humboldt,023,135768,72,56,0,56,0
2020-05-10,Imperial,025,180216,1082,509,0,509,7
2020-05-10,Inyo,027,18085,19,20,0,20,1
2020-05-10,Kern,029,883053,1649,1300,2,1302,16
2020-05-10,Kings,031,150075,404,266,1,267,1
2020-05-10,Lake,033,64148,12,7,0,7,0
2020-05-10,Lassen,035,31185,2,0,2,2,0
2020-05-10,Los Angeles,037,10098052,39525,31711,19,31730,1514
2020-05-10,Madera,039,155013,125,65,1,66,2
2020-05-10,Marin,041,260295,280,267,1,268,14
2020-05-10,Mariposa,043,17540,15,15,0,15,0
2020-05-10,Mendocino,045,87422,13,10,0,10,0
2020-05-10,Merced,047,269075,246,154,0,154,3
2020-05-10,Modoc,049,8938,0,0,0,0,0
2020-05-10,Mono,051,14174,35,27,0,27,1
2020-05-10,Monterey,053,433212,358,282,1,283,6
2020-05-10,Napa,055,140530,89,79,0,79,2
2020-05-10,Nevada,057,99092,41,41,1,42,1
2020-05-10,Orange,059,3164182,5386,3627,33,3660,76
2020-05-10,Placer,061,380077,187,168,0,168,8
2020-05-10,Plumas,063,18699,4,4,0,4,0
2020-05-10,Riverside,065,2383286,5946,4951,17,4968,193
2020-05-10,Sacramento,067,1510023,1205,1152,0,1152,52
2020-05-10,San Benito,069,59416,59,52,0,52,2
2020-05-10,San Bernardino,071,2135413,3584,2910,3,2913,121
2020-05-10,San Diego,073,3302833,5901,4928,0,4928,175
2020-05-10,San Francisco,075,870044,2144,1953,0,1953,35
2020-05-10,San Joaquin,077,732212,691,611,3,614,29
2020-05-10,San Luis Obispo,079,281455,303,218,3,221,1
2020-05-10,San Mateo,081,765935,1762,1463,2,1465,65
2020-05-10,Santa Barbara,083,443738,1686,1323,8,1331,10
2020-05-10,Santa Clara,085,1922200,2900,2331,9,2340,129
2020-05-10,Santa Cruz,087,273765,158,139,0,139,2
2020-05-10,Shasta,089,179085,47,31,0,31,4
2020-05-10,Sierra,091,2930,0,0,0,0,0
2020-05-10,Siskiyou,093,43540,5,5,0,5,0
2020-05-10,Solano,095,438530,429,322,0,322,4
2020-05-10,Sonoma,097,501317,366,290,0,290,3
2020-05-10,Stanislaus,099,539301,577,498,4,502,14
2020-05-10,Sutter,101,95872,37,31,0,31,2
2020-05-10,Tehama,103,63373,3,1,0,1,1
2020-05-10,Trinity,105,12862,2,1,0,1,0
2020-05-10,Tulare,107,460477,1722,1143,7,1150,47
2020-05-10,Tuolumne,109,53932,2,2,0,2,0
2020-05-10,Ventura,111,848112,943,690,2,692,19
2020-05-10,Yolo,113,214977,190,173,0,173,20
2020-05-10,Yuba,115,75493,23,17,0,17,1
2020-05-09,Alameda,001,1643700,2416,2011,3,2014,71
2020-05-09,Alpine,003,1148,1,1,0,1,0
2020-05-09,Amador,005,37829,8,8,0,8,0
2020-05-09,Butte,007,227075,31,18,1,19,0
2020-05-09,Calaveras,009,45235,10,13,0,13,0
2020-05-09,Colusa,011,21464,3,3,0,3,0
2020-05-09,Contra Costa,013,1133247,1162,1039,0,1039,31
2020-05-09,Del Norte,015,27424,7,3,0,3,0
2020-05-09,El Dorado,017,186661,72,54,0,54,0
2020-05-09,Fresno,019,978130,1713,861,24,885,8
2020-05-09,Glenn,021,27897,9,6,0,6,0
2020-05-09,Humboldt,023,135768,70,55,0,55,0
2020-05-09,Imperial,025,180216,1026,474,0,474,7
2020-05-09,Inyo,027,18085,19,20,0,20,1
2020-05-09,Kern,029,883053,1613,1262,1,1263,15
2020-05-09,Kings,031,150075,399,264,1,265,1
2020-05-09,Lake,033,64148,12,7,0,7,0
2020-05-09,Lassen,035,31185,2,0,2,2,0
2020-05-09,Los Angeles,037,10098052,38903,31268,19,31287,1499
2020-05-09,Madera,039,155013,124,61,1,62,2
2020-05-09,Marin,041,260295,279,261,1,262,14
2020-05-09,Mariposa,043,17540,15,15,0,15,0
2020-05-09,Mendocino,045,87422,13,10,0,10,0
2020-05-09,Merced,047,269075,242,153,0,153,3
2020-05-09,Modoc,049,8938,0,0,0,0,0
2020-05-09,Mono,051,14174,35,27,0,27,1
2020-05-09,Monterey,053,433212,351,273,1,274,6
2020-05-09,Napa,055,140530,88,78,0,78,2
2020-05-09,Nevada,057,99092,41,41,1,42,1
2020-05-09,Orange,059,3164182,5304,3506,32,3538,75
2020-05-09,Placer,061,380077,186,168,0,168,8
2020-05-09,Plumas,063,18699,4,4,0,4,0
2020-05-09,Riverside,065,2383286,5851,4871,17,4888,183
2020-05-09,Sacramento,067,1510023,1201,1150,0,1150,52
2020-05-09,San Benito,069,59416,58,52,0,52,2
2020-05-09,San Bernardino,071,2135413,3528,2825,3,2828,121
2020-05-09,San Diego,073,3302833,5789,4778,0,4778,175
2020-05-09,San Francisco,075,870044,2129,1944,0,1944,34
2020-05-09,San Joaquin,077,732212,682,605,3,608,28
2020-05-09,San Luis Obispo,079,281455,299,213,3,216,1
2020-05-09,San Mateo,081,765935,1743,1453,2,1455,65
2020-05-09,Santa Barbara,083,443738,1676,1245,8,1253,10
2020-05-09,Santa Clara,085,1922200,2886,2317,9,2326,128
2020-05-09,Santa Cruz,087,273765,157,138,0,138,2
2020-05-09,Shasta,089,179085,47,31,0,31,4
2020-05-09,Sierra,091,2930,0,0,0,0,0
2020-05-09,Siskiyou,093,43540,5,5,0,5,0
2020-05-09,Solano,095,438530,423,321,0,321,4
2020-05-09,Sonoma,097,501317,362,288,0,288,3
2020-05-09,Stanislaus,099,539301,569,491,4,495,12
2020-05-09,Sutter,101,95872,37,31,0,31,2
2020-05-09,Tehama,103,63373,2,1,0,1,1
2020-05-09,Trinity,105,12862,2,1,0,1,0
2020-05-09,Tulare,107,460477,1694,1083,7,1090,47
2020-05-09,Tuolumne,109,53932,2,2,0,2,0
2020-05-09,Ventura,111,848112,922,679,2,681,19
2020-05-09,Yolo,113,214977,190,172,0,172,18
2020-05-09,Yuba,115,75493,23,17,0,17,1
2020-05-08,Alameda,001,1643700,2373,1955,3,1958,70
2020-05-08,Alpine,003,1148,1,1,0,1,0
2020-05-08,Amador,005,37829,8,8,0,8,0
2020-05-08,Butte,007,227075,31,18,1,19,0
2020-05-08,Calaveras,009,45235,10,13,0,13,0
2020-05-08,Colusa,011,21464,3,3,0,3,0
2020-05-08,Contra Costa,013,1133247,1150,1024,0,1024,29
2020-05-08,Del Norte,015,27424,7,3,0,3,0
2020-05-08,El Dorado,017,186661,71,54,0,54,0
2020-05-08,Fresno,019,978130,1668,838,22,860,8
2020-05-08,Glenn,021,27897,8,6,0,6,0
2020-05-08,Humboldt,023,135768,67,54,0,54,0
2020-05-08,Imperial,025,180216,981,467,0,467,7
2020-05-08,Inyo,027,18085,19,20,0,20,1
2020-05-08,Kern,029,883053,1582,1214,1,1215,13
2020-05-08,Kings,031,150075,390,236,1,237,1
2020-05-08,Lake,033,64148,12,7,0,7,0
2020-05-08,Lassen,035,31185,2,0,2,2,0
2020-05-08,Los Angeles,037,10098052,38171,30357,19,30376,1447
2020-05-08,Madera,039,155013,121,57,1,58,2
2020-05-08,Marin,041,260295,279,257,1,258,14
2020-05-08,Mariposa,043,17540,15,15,0,15,0
2020-05-08,Mendocino,045,87422,13,10,0,10,0
2020-05-08,Merced,047,269075,241,151,0,151,3
2020-05-08,Modoc,049,8938,0,0,0,0,0
2020-05-08,Mono,051,14174,32,27,0,27,1
2020-05-08,Monterey,053,433212,343,265,1,266,6
2020-05-08,Napa,055,140530,87,78,0,78,2
2020-05-08,Nevada,057,99092,41,41,1,42,1
2020-05-08,Orange,059,3164182,5158,3395,32,3427,72
2020-05-08,Placer,061,380077,184,166,0,166,8
2020-05-08,Plumas,063,18699,4,4,0,4,0
2020-05-08,Riverside,065,2383286,5751,4672,16,4688,181
2020-05-08,Sacramento,067,1510023,1196,1145,0,1145,51
2020-05-08,San Benito,069,59416,58,51,0,51,2
2020-05-08,San Bernardino,071,2135413,3480,2631,3,2634,119
2020-05-08,San Diego,073,3302833,5682,4664,0,4664,169
2020-05-08,San Francisco,075,870044,2111,1890,0,1890,33
2020-05-08,San Joaquin,077,732212,675,595,3,598,28
2020-05-08,San Luis Obispo,079,281455,296,210,3,213,1
2020-05-08,San Mateo,081,765935,1658,1423,2,1425,62
2020-05-08,Santa Barbara,083,443738,1667,1054,6,1060,8
2020-05-08,Santa Clara,085,1922200,2863,2285,9,2294,128
2020-05-08,Santa Cruz,087,273765,153,137,0,137,2
2020-05-08,Shasta,089,179085,47,31,0,31,4
2020-05-08,Sierra,091,2930,0,0,0,0,0
2020-05-08,Siskiyou,093,43540,5,5,0,5,0
2020-05-08,Solano,095,438530,418,314,0,314,4
2020-05-08,Sonoma,097,501317,357,285,0,285,3
2020-05-08,Stanislaus,099,539301,555,487,4,491,12
2020-05-08,Sutter,101,95872,37,30,0,30,2
2020-05-08,Tehama,103,63373,2,1,0,1,1
2020-05-08,Trinity,105,12862,2,0,0,0,0
2020-05-08,Tulare,107,460477,1649,1050,6,1056,43
2020-05-08,Tuolumne,109,53932,2,2,0,2,0
2020-05-08,Ventura,111,848112,904,665,2,667,19
2020-05-08,Yolo,113,214977,189,172,0,172,18
2020-05-08,Yuba,115,75493,22,16,0,16,1
2020-05-07,Alameda,001,1643700,2313,1914,3,1917,68
2020-05-07,Alpine,003,1148,1,1,0,1,0
2020-05-07,Amador,005,37829,8,8,0,8,0
2020-05-07,Butte,007,227075,31,19,1,20,0
2020-05-07,Calaveras,009,45235,10,13,0,13,0
2020-05-07,Colusa,011,21464,3,3,0,3,0
2020-05-07,Contra Costa,013,1133247,1136,1005,0,1005,29
2020-05-07,Del Norte,015,27424,6,3,0,3,0
2020-05-07,El Dorado,017,186661,70,54,0,54,0
2020-05-07,Fresno,019,978130,1583,812,21,833,8
2020-05-07,Glenn,021,27897,8,5,0,5,0
2020-05-07,Humboldt,023,135768,66,54,0,54,0
2020-05-07,Imperial,025,180216,918,442,0,442,6
2020-05-07,Inyo,027,18085,19,20,0,20,1
2020-05-07,Kern,029,883053,1538,1176,1,1177,13
2020-05-07,Kings,031,150075,367,219,1,220,1
2020-05-07,Lake,033,64148,11,7,0,7,0
2020-05-07,Lassen,035,31185,2,0,2,2,0
2020-05-07,Los Angeles,037,10098052,37050,29544,19,29563,1399
2020-05-07,Madera,039,155013,117,54,1,55,2
2020-05-07,Marin,041,260295,272,252,1,253,14
2020-05-07,Mariposa,043,17540,15,15,0,15,0
2020-05-07,Mendocino,045,87422,13,10,0,10,0
2020-05-07,Merced,047,269075,233,146,0,146,3
2020-05-07,Modoc,049,8938,0,0,0,0,0
2020-05-07,Mono,051,14174,32,26,0,26,1
2020-05-07,Monterey,053,433212,335,249,1,250,6
2020-05-07,Napa,055,140530,87,78,0,78,2
2020-05-07,Nevada,057,99092,41,41,1,42,1
2020-05-07,Orange,059,3164182,4973,3283,31,3314,69
2020-05-07,Placer,061,380077,184,165,0,165,8
2020-05-07,Plumas,063,18699,4,4,0,4,0
2020-05-07,Riverside,065,2383286,5635,4608,16,4624,170
2020-05-07,Sacramento,067,1510023,1190,1139,0,1139,50
2020-05-07,San Benito,069,59416,58,50,0,50,2
2020-05-07,San Bernardino,071,2135413,3388,2522,3,2525,115
2020-05-07,San Diego,073,3302833,5525,4431,0,4431,165
2020-05-07,San Francisco,075,870044,2080,1852,0,1852,33
2020-05-07,San Joaquin,077,732212,662,583,3,586,28
2020-05-07,San Luis Obispo,079,281455,285,209,3,212,1
2020-05-07,San Mateo,081,765935,1636,1398,2,1400,58
2020-05-07,Santa Barbara,083,443738,1639,720,5,725,8
2020-05-07,Santa Clara,085,1922200,2825,2281,9,2290,127
2020-05-07,Santa Cruz,087,273765,150,136,0,136,2
2020-05-07,Shasta,089,179085,46,31,0,31,4
2020-05-07,Sierra,091,2930,0,0,0,0,0
2020-05-07,Siskiyou,093,43540,5,5,0,5,0
2020-05-07,Solano,095,438530,412,307,0,307,4
2020-05-07,Sonoma,097,501317,345,282,0,282,3
2020-05-07,Stanislaus,099,539301,546,466,4,470,10
2020-05-07,Sutter,101,95872,37,29,0,29,2
2020-05-07,Tehama,103,63373,2,1,0,1,1
2020-05-07,Trinity,105,12862,2,0,0,0,0
2020-05-07,Tulare,107,460477,1581,1001,6,1007,41
2020-05-07,Tuolumne,109,53932,2,2,0,2,0
2020-05-07,Ventura,111,848112,880,647,1,648,19
2020-05-07,Yolo,113,214977,188,172,0,172,18
2020-05-07,Yuba,115,75493,22,16,0,16,1
2020-05-06,Alameda,001,1643700,2275,1864,3,1867,67
2020-05-06,Alpine,003,1148,1,1,0,1,0
2020-05-06,Amador,005,37829,8,8,0,8,0
2020-05-06,Butte,007,227075,30,19,1,20,0
2020-05-06,Calaveras,009,45235,10,13,0,13,0
2020-05-06,Colusa,011,21464,3,3,0,3,0
2020-05-06,Contra Costa,013,1133247,1115,990,0,990,29
2020-05-06,Del Norte,015,27424,6,3,0,3,0
2020-05-06,El Dorado,017,186661,68,53,0,53,0
2020-05-06,Fresno,019,978130,1521,773,19,792,8
2020-05-06,Glenn,021,27897,8,3,0,3,0
2020-05-06,Humboldt,023,135768,65,54,0,54,0
2020-05-06,Imperial,025,180216,850,399,0,399,6
2020-05-06,Inyo,027,18085,19,20,0,20,1
2020-05-06,Kern,029,883053,1483,1112,1,1113,12
2020-05-06,Kings,031,150075,349,208,1,209,1
2020-05-06,Lake,033,64148,11,7,0,7,0
2020-05-06,Lassen,035,31185,2,0,2,2,0
2020-05-06,Los Angeles,037,10098052,36045,28687,19,28706,1347
2020-05-06,Madera,039,155013,115,55,1,56,2
2020-05-06,Marin,041,260295,265,244,1,245,14
2020-05-06,Mariposa,043,17540,15,14,0,14,0
2020-05-06,Mendocino,045,87422,13,10,0,10,0
2020-05-06,Merced,047,269075,226,140,0,140,3
2020-05-06,Modoc,049,8938,0,0,0,0,0
2020-05-06,Mono,051,14174,32,26,0,26,1
2020-05-06,Monterey,053,433212,327,246,1,247,6
2020-05-06,Napa,055,140530,86,78,0,78,2
2020-05-06,Nevada,057,99092,41,41,1,42,1
2020-05-06,Orange,059,3164182,4789,3156,30,3186,66
2020-05-06,Placer,061,380077,181,164,0,164,8
2020-05-06,Plumas,063,18699,4,4,0,4,0
2020-05-06,Riverside,065,2383286,5491,4535,16,4551,163
2020-05-06,Sacramento,067,1510023,1184,1135,0,1135,49
2020-05-06,San Benito,069,59416,57,50,0,50,2
2020-05-06,San Bernardino,071,2135413,3266,2426,2,2428,110
2020-05-06,San Diego,073,3302833,5392,4321,0,4321,158
2020-05-06,San Francisco,075,870044,2054,1804,0,1804,32
2020-05-06,San Joaquin,077,732212,649,581,3,584,28
2020-05-06,San Luis Obispo,079,281455,282,207,3,210,1
2020-05-06,San Mateo,081,765935,1606,1348,2,1350,57
2020-05-06,Santa Barbara,083,443738,1594,565,4,569,8
2020-05-06,Santa Clara,085,1922200,2809,2270,8,2278,127
2020-05-06,Santa Cruz,087,273765,146,135,0,135,2
2020-05-06,Shasta,089,179085,45,31,0,31,4
2020-05-06,Sierra,091,2930,0,0,0,0,0
2020-05-06,Siskiyou,093,43540,5,5,0,5,0
2020-05-06,Solano,095,438530,402,300,0,300,4
2020-05-06,Sonoma,097,501317,329,269,0,269,3
2020-05-06,Stanislaus,099,539301,530,434,4,438,9
2020-05-06,Sutter,101,95872,37,29,0,29,2
2020-05-06,Tehama,103,63373,2,1,0,1,1
2020-05-06,Trinity,105,12862,2,0,0,0,0
2020-05-06,Tulare,107,460477,1533,963,6,969,40
2020-05-06,Tuolumne,109,53932,2,2,0,2,0
2020-05-06,Ventura,111,848112,853,619,1,620,19
2020-05-06,Yolo,113,214977,187,172,0,172,18
2020-05-06,Yuba,115,75493,22,15,0,15,1
2020-05-05,Alameda,001,1643700,2232,1819,3,1822,67
2020-05-05,Alpine,003,1148,1,1,0,1,0
2020-05-05,Amador,005,37829,8,8,0,8,0
2020-05-05,Butte,007,227075,29,19,1,20,0
2020-05-05,Calaveras,009,45235,10,13,0,13,0
2020-05-05,Colusa,011,21464,3,3,0,3,0
2020-05-05,Contra Costa,013,1133247,1097,976,0,976,29
2020-05-05,Del Norte,015,27424,6,3,0,3,0
2020-05-05,El Dorado,017,186661,66,54,0,54,0
2020-05-05,Fresno,019,978130,1448,726,17,743,8
2020-05-05,Glenn,021,27897,8,3,0,3,0
2020-05-05,Humboldt,023,135768,62,54,0,54,0
2020-05-05,Imperial,025,180216,795,389,0,389,6
2020-05-05,Inyo,027,18085,19,20,0,20,1
2020-05-05,Kern,029,883053,1431,1084,1,1085,11
2020-05-05,Kings,031,150075,331,187,1,188,1
2020-05-05,Lake,033,64148,10,7,0,7,0
2020-05-05,Lassen,035,31185,2,0,2,2,0
2020-05-05,Los Angeles,037,10098052,34974,27867,19,27886,1289
2020-05-05,Madera,039,155013,112,53,1,54,2
2020-05-05,Marin,041,260295,259,244,1,245,14
2020-05-05,Mariposa,043,17540,15,14,0,14,0
2020-05-05,Mendocino,045,87422,13,10,0,10,0
2020-05-05,Merced,047,269075,221,141,0,141,3
2020-05-05,Modoc,049,8938,0,0,0,0,0
2020-05-05,Mono,051,14174,32,25,0,25,1
2020-05-05,Monterey,053,433212,313,240,1,241,6
2020-05-05,Napa,055,140530,86,74,0,74,2
2020-05-05,Nevada,057,99092,41,41,1,42,1
2020-05-05,Orange,059,3164182,4665,3041,30,3071,63
2020-05-05,Placer,061,380077,181,162,0,162,8
2020-05-05,Plumas,063,18699,4,4,0,4,0
2020-05-05,Riverside,065,2383286,5381,4309,16,4325,161
2020-05-05,Sacramento,067,1510023,1177,1125,0,1125,48
2020-05-05,San Benito,069,59416,56,50,0,50,2
2020-05-05,San Bernardino,071,2135413,3173,2345,2,2347,104
2020-05-05,San Diego,073,3302833,5249,4162,0,4162,150
2020-05-05,San Francisco,075,870044,2019,1779,0,1779,31
2020-05-05,San Joaquin,077,732212,640,577,3,580,26
2020-05-05,San Luis Obispo,079,281455,281,203,3,206,1
2020-05-05,San Mateo,081,765935,1574,1335,2,1337,56
2020-05-05,Santa Barbara,083,443738,1360,541,4,545,7
2020-05-05,Santa Clara,085,1922200,2763,2249,7,2256,124
2020-05-05,Santa Cruz,087,273765,143,134,0,134,2
2020-05-05,Shasta,089,179085,44,31,0,31,4
2020-05-05,Sierra,091,2930,0,0,0,0,0
2020-05-05,Siskiyou,093,43540,5,5,0,5,0
2020-05-05,Solano,095,438530,386,299,0,299,4
2020-05-05,Sonoma,097,501317,326,263,0,263,3
2020-05-05,Stanislaus,099,539301,518,430,4,434,9
2020-05-05,Sutter,101,95872,36,29,0,29,2
2020-05-05,Tehama,103,63373,2,1,0,1,1
2020-05-05,Trinity,105,12862,2,0,0,0,0
2020-05-05,Tulare,107,460477,1437,869,6,875,40
2020-05-05,Tuolumne,109,53932,2,2,0,2,0
2020-05-05,Ventura,111,848112,829,607,1,608,19
2020-05-05,Yolo,113,214977,185,171,0,171,18
2020-05-05,Yuba,115,75493,22,15,0,15,1
2020-05-04,Alameda,001,1643700,2173,1762,3,1765,65
2020-05-04,Alpine,003,1148,1,1,0,1,0
2020-05-04,Amador,005,37829,7,8,0,8,0
2020-05-04,Butte,007,227075,28,16,1,17,0
2020-05-04,Calaveras,009,45235,10,13,0,13,0
2020-05-04,Colusa,011,21464,3,3,0,3,0
2020-05-04,Contra Costa,013,1133247,1079,949,0,949,28
2020-05-04,Del Norte,015,27424,5,3,0,3,0
2020-05-04,El Dorado,017,186661,65,51,0,51,0
2020-05-04,Fresno,019,978130,1376,680,16,696,8
2020-05-04,Glenn,021,27897,8,4,0,4,0
2020-05-04,Humboldt,023,135768,60,54,0,54,0
2020-05-04,Imperial,025,180216,743,351,0,351,6
2020-05-04,Inyo,027,18085,19,20,0,20,1
2020-05-04,Kern,029,883053,1389,1047,1,1048,8
2020-05-04,Kings,031,150075,314,153,1,154,1
2020-05-04,Lake,033,64148,9,7,0,7,0
2020-05-04,Lassen,035,31185,1,0,2,2,0
2020-05-04,Los Angeles,037,10098052,33674,26243,18,26261,1235
2020-05-04,Madera,039,155013,110,52,1,53,2
2020-05-04,Marin,041,260295,254,244,1,245,13
2020-05-04,Mariposa,043,17540,15,13,0,13,0
2020-05-04,Mendocino,045,87422,13,10,0,10,0
2020-05-04,Merced,047,269075,221,138,0,138,3
2020-05-04,Modoc,049,8938,0,0,0,0,0
2020-05-04,Mono,051,14174,32,25,0,25,1
2020-05-04,Monterey,053,433212,302,237,1,238,6
2020-05-04,Napa,055,140530,86,72,0,72,2
2020-05-04,Nevada,057,99092,41,41,1,42,1
2020-05-04,Orange,059,3164182,4527,2931,27,2958,57
2020-05-04,Placer,061,380077,179,162,0,162,8
2020-05-04,Plumas,063,18699,4,4,0,4,0
2020-05-04,Riverside,065,2383286,5287,4221,16,4237,147
2020-05-04,Sacramento,067,1510023,1167,1119,0,1119,44
2020-05-04,San Benito,069,59416,54,49,0,49,2
2020-05-04,San Bernardino,071,2135413,3032,2184,2,2186,99
2020-05-04,San Diego,073,3302833,5108,4022,0,4022,144
2020-05-04,San Francisco,075,870044,1981,1760,0,1760,31
2020-05-04,San Joaquin,077,732212,626,574,3,577,26
2020-05-04,San Luis Obispo,079,281455,278,202,3,205,1
2020-05-04,San Mateo,081,765935,1549,1313,2,1315,53
2020-05-04,Santa Barbara,083,443738,1096,524,4,528,7
2020-05-04,Santa Clara,085,1922200,2748,2238,7,2245,119
2020-05-04,Santa Cruz,087,273765,142,133,0,133,2
2020-05-04,Shasta,089,179085,42,31,0,31,4
2020-05-04,Sierra,091,2930,0,0,0,0,0
2020-05-04,Siskiyou,093,43540,5,5,0,5,0
2020-05-04,Solano,095,438530,372,293,0,293,4
2020-05-04,Sonoma,097,501317,312,256,0,256,4
2020-05-04,Stanislaus,099,539301,512,422,4,426,8
2020-05-04,Sutter,101,95872,33,28,0,28,2
2020-05-04,Tehama,103,63373,2,1,0,1,1
2020-05-04,Trinity,105,12862,1,0,0,0,0
2020-05-04,Tulare,107,460477,1358,760,6,766,40
2020-05-04,Tuolumne,109,53932,2,3,0,3,0
2020-05-04,Ventura,111,848112,808,590,1,591,19
2020-05-04,Yolo,113,214977,184,171,0,171,18
2020-05-04,Yuba,115,75493,19,16,0,16,1
2020-05-03,Alameda,001,1643700,2116,1731,3,1734,64
2020-05-03,Alpine,003,1148,1,1,0,1,0
2020-05-03,Amador,005,37829,7,8,0,8,0
2020-05-03,Butte,007,227075,28,17,1,18,0
2020-05-03,Calaveras,009,45235,10,13,0,13,0
2020-05-03,Colusa,011,21464,3,3,0,3,0
2020-05-03,Contra Costa,013,1133247,1063,945,0,945,28
2020-05-03,Del Norte,015,27424,5,3,0,3,0
2020-05-03,El Dorado,017,186661,63,49,0,49,0
2020-05-03,Fresno,019,978130,1282,646,14,660,8
2020-05-03,Glenn,021,27897,7,5,0,5,0
2020-05-03,Humboldt,023,135768,59,54,0,54,0
2020-05-03,Imperial,025,180216,687,351,0,351,6
2020-05-03,Inyo,027,18085,19,20,0,20,1
2020-05-03,Kern,029,883053,1334,1025,1,1026,8
2020-05-03,Kings,031,150075,294,137,1,138,1
2020-05-03,Lake,033,64148,9,7,0,7,0
2020-05-03,Lassen,035,31185,1,0,2,2,0
2020-05-03,Los Angeles,037,10098052,32690,25708,18,25726,1210
2020-05-03,Madera,039,155013,103,46,1,47,2
2020-05-03,Marin,041,260295,249,243,1,244,13
2020-05-03,Mariposa,043,17540,15,13,0,13,0
2020-05-03,Mendocino,045,87422,13,10,0,10,0
2020-05-03,Merced,047,269075,213,134,0,134,3
2020-05-03,Modoc,049,8938,0,0,0,0,0
2020-05-03,Mono,051,14174,32,25,0,25,1
2020-05-03,Monterey,053,433212,293,235,1,236,6
2020-05-03,Napa,055,140530,86,72,0,72,2
2020-05-03,Nevada,057,99092,41,41,1,42,1
2020-05-03,Orange,059,3164182,4353,2859,26,2885,55
2020-05-03,Placer,061,380077,179,161,0,161,8
2020-05-03,Plumas,063,18699,4,4,0,4,0
2020-05-03,Riverside,065,2383286,5182,4034,16,4050,139
2020-05-03,Sacramento,067,1510023,1158,1109,0,1109,43
2020-05-03,San Benito,069,59416,54,49,0,49,2
2020-05-03,San Bernardino,071,2135413,2971,2123,2,2125,99
2020-05-03,San Diego,073,3302833,4970,3929,0,3929,142
2020-05-03,San Francisco,075,870044,1952,1692,0,1692,30
2020-05-03,San Joaquin,077,732212,619,570,3,573,26
2020-05-03,San Luis Obispo,079,281455,275,200,3,203,1
2020-05-03,San Mateo,081,765935,1521,1277,2,1279,53
2020-05-03,Santa Barbara,083,443738,718,512,4,516,7
2020-05-03,Santa Clara,085,1922200,2711,2235,7,2242,116
2020-05-03,Santa Cruz,087,273765,142,133,0,133,2
2020-05-03,Shasta,089,179085,40,31,0,31,4
2020-05-03,Sierra,091,2930,0,0,0,0,0
2020-05-03,Siskiyou,093,43540,5,5,0,5,0
2020-05-03,Solano,095,438530,362,266,0,266,4
2020-05-03,Sonoma,097,501317,303,254,0,254,4
2020-05-03,Stanislaus,099,539301,484,411,4,415,8
2020-05-03,Sutter,101,95872,31,28,0,28,2
2020-05-03,Tehama,103,63373,2,1,0,1,1
2020-05-03,Trinity,105,12862,1,0,0,0,0
2020-05-03,Tulare,107,460477,1279,736,6,742,40
2020-05-03,Tuolumne,109,53932,2,3,0,3,0
2020-05-03,Ventura,111,848112,774,583,1,584,19
2020-05-03,Yolo,113,214977,183,171,0,171,18
2020-05-03,Yuba,115,75493,19,16,0,16,1
2020-05-02,Alameda,001,1643700,2079,1678,3,1681,63
2020-05-02,Alpine,003,1148,1,1,0,1,0
2020-05-02,Amador,005,37829,7,8,0,8,0
2020-05-02,Butte,007,227075,28,17,1,18,0
2020-05-02,Calaveras,009,45235,10,13,0,13,0
2020-05-02,Colusa,011,21464,3,3,0,3,0
2020-05-02,Contra Costa,013,1133247,1046,929,0,929,28
2020-05-02,Del Norte,015,27424,5,3,0,3,0
2020-05-02,El Dorado,017,186661,63,47,0,47,0
2020-05-02,Fresno,019,978130,1256,629,13,642,8
2020-05-02,Glenn,021,27897,7,5,0,5,0
2020-05-02,Humboldt,023,135768,59,54,0,54,0
2020-05-02,Imperial,025,180216,660,345,0,345,6
2020-05-02,Inyo,027,18085,19,20,0,20,1
2020-05-02,Kern,029,883053,1308,1007,1,1008,8
2020-05-02,Kings,031,150075,291,120,1,121,1
2020-05-02,Lake,033,64148,9,7,0,7,0
2020-05-02,Lassen,035,31185,1,0,2,2,0
2020-05-02,Los Angeles,037,10098052,32161,24955,18,24973,1192
2020-05-02,Madera,039,155013,103,46,1,47,2
2020-05-02,Marin,041,260295,248,243,1,244,13
2020-05-02,Mariposa,043,17540,15,13,0,13,0
2020-05-02,Mendocino,045,87422,13,10,0,10,0
2020-05-02,Merced,047,269075,210,131,0,131,3
2020-05-02,Modoc,049,8938,0,0,0,0,0
2020-05-02,Mono,051,14174,32,25,0,25,1
2020-05-02,Monterey,053,433212,287,225,1,226,5
2020-05-02,Napa,055,140530,86,71,0,71,2
2020-05-02,Nevada,057,99092,41,41,1,42,1
2020-05-02,Orange,059,3164182,4239,2774,26,2800,52
2020-05-02,Placer,061,380077,177,150,0,150,8
2020-05-02,Plumas,063,18699,4,4,0,4,0
2020-05-02,Riverside,065,2383286,5116,3997,16,4013,137
2020-05-02,Sacramento,067,1510023,1155,1097,0,1097,43
2020-05-02,San Benito,069,59416,54,49,0,49,2
2020-05-02,San Bernardino,071,2135413,2932,2124,2,2126,99
2020-05-02,San Diego,073,3302833,4868,3844,0,3844,138
2020-05-02,San Francisco,075,870044,1929,1632,0,1632,29
2020-05-02,San Joaquin,077,732212,611,559,3,562,25
2020-05-02,San Luis Obispo,079,281455,269,193,3,196,1
2020-05-02,San Mateo,081,765935,1505,1272,2,1274,52
2020-05-02,Santa Barbara,083,443738,704,506,4,510,7
2020-05-02,Santa Clara,085,1922200,2701,2203,7,2210,115
2020-05-02,Santa Cruz,087,273765,141,131,0,131,2
2020-05-02,Shasta,089,179085,40,31,0,31,4
2020-05-02,Sierra,091,2930,0,0,0,0,0
2020-05-02,Siskiyou,093,43540,5,5,0,5,0
2020-05-02,Solano,095,438530,355,267,0,267,4
2020-05-02,Sonoma,097,501317,300,250,0,250,3
2020-05-02,Stanislaus,099,539301,476,388,4,392,8
2020-05-02,Sutter,101,95872,31,28,0,28,2
2020-05-02,Tehama,103,63373,2,1,0,1,1
2020-05-02,Trinity,105,12862,1,0,0,0,0
2020-05-02,Tulare,107,460477,1236,711,6,717,35
2020-05-02,Tuolumne,109,53932,2,3,0,3,0
2020-05-02,Ventura,111,848112,760,564,1,565,19
2020-05-02,Yolo,113,214977,183,169,0,169,17
2020-05-02,Yuba,115,75493,19,16,0,16,1
2020-05-01,Alameda,001,1643700,2041,1630,3,1633,63
2020-05-01,Alpine,003,1148,1,1,0,1,0
2020-05-01,Amador,005,37829,7,8,0,8,0
2020-05-01,Butte,007,227075,28,17,1,18,0
2020-05-01,Calaveras,009,45235,10,13,0,13,0
2020-05-01,Colusa,011,21464,3,3,0,3,0
2020-05-01,Contra Costa,013,1133247,1032,915,0,915,28
2020-05-01,Del Norte,015,27424,5,3,0,3,0
2020-05-01,El Dorado,017,186661,63,47,0,47,0
2020-05-01,Fresno,019,978130,1225,617,13,630,7
2020-05-01,Glenn,021,27897,7,4,0,4,0
2020-05-01,Humboldt,023,135768,59,54,0,54,0
2020-05-01,Imperial,025,180216,623,337,0,337,6
2020-05-01,Inyo,027,18085,19,20,0,20,1
2020-05-01,Kern,029,883053,1281,972,1,973,8
2020-05-01,Kings,031,150075,274,112,1,113,1
2020-05-01,Lake,033,64148,9,6,0,6,0
2020-05-01,Lassen,035,31185,1,0,2,2,0
2020-05-01,Los Angeles,037,10098052,31405,24306,18,24324,1155
2020-05-01,Madera,039,155013,99,46,1,47,2
2020-05-01,Marin,041,260295,248,242,1,243,13
2020-05-01,Mariposa,043,17540,15,10,0,10,0
2020-05-01,Mendocino,045,87422,13,11,0,11,0
2020-05-01,Merced,047,269075,207,131,0,131,3
2020-05-01,Modoc,049,8938,0,0,0,0,0
2020-05-01,Mono,051,14174,32,25,0,25,1
2020-05-01,Monterey,053,433212,283,222,1,223,5
2020-05-01,Napa,055,140530,86,69,0,69,2
2020-05-01,Nevada,057,99092,41,41,1,42,1
2020-05-01,Orange,059,3164182,4162,2660,24,2684,51
2020-05-01,Placer,061,380077,176,149,0,149,8
2020-05-01,Plumas,063,18699,4,4,0,4,0
2020-05-01,Riverside,065,2383286,5052,3893,16,3909,132
2020-05-01,Sacramento,067,1510023,1150,1081,0,1081,43
2020-05-01,San Benito,069,59416,54,49,0,49,2
2020-05-01,San Bernardino,071,2135413,2877,2084,2,2086,98
2020-05-01,San Diego,073,3302833,4777,3713,0,3713,134
2020-05-01,San Francisco,075,870044,1885,1552,0,1552,29
2020-05-01,San Joaquin,077,732212,607,554,3,557,25
2020-05-01,San Luis Obispo,079,281455,266,186,3,189,1
2020-05-01,San Mateo,081,765935,1483,1222,2,1224,52
2020-05-01,Santa Barbara,083,443738,688,499,3,502,7
2020-05-01,Santa Clara,085,1922200,2689,2176,7,2183,112
2020-05-01,Santa Cruz,087,273765,141,127,0,127,2
2020-05-01,Shasta,089,179085,40,31,0,31,4
2020-05-01,Sierra,091,2930,0,0,0,0,0
2020-05-01,Siskiyou,093,43540,5,5,0,5,0
2020-05-01,Solano,095,438530,347,266,0,266,4
2020-05-01,Sonoma,097,501317,297,242,0,242,3
2020-05-01,Stanislaus,099,539301,471,384,4,388,8
2020-05-01,Sutter,101,95872,31,28,0,28,2
2020-05-01,Tehama,103,63373,2,1,0,1,1
2020-05-01,Trinity,105,12862,1,0,0,0,0
2020-05-01,Tulare,107,460477,1192,685,6,691,32
2020-05-01,Tuolumne,109,53932,2,3,0,3,0
2020-05-01,Ventura,111,848112,747,556,1,557,18
2020-05-01,Yolo,113,214977,183,165,0,165,18
2020-05-01,Yuba,115,75493,19,16,0,16,1
2020-04-30,Alameda,001,1643700,1981,1599,3,1602,60
2020-04-30,Alpine,003,1148,1,1,0,1,0
2020-04-30,Amador,005,37829,7,8,0,8,0
2020-04-30,Butte,007,227075,28,16,1,17,0
2020-04-30,Calaveras,009,45235,10,13,0,13,0
2020-04-30,Colusa,011,21464,3,3,0,3,0
2020-04-30,Contra Costa,013,1133247,1010,900,0,900,25
2020-04-30,Del Norte,015,27424,4,3,0,3,0
2020-04-30,El Dorado,017,186661,63,44,0,44,0
2020-04-30,Fresno,019,978130,1160,562,10,572,7
2020-04-30,Glenn,021,27897,7,4,0,4,0
2020-04-30,Humboldt,023,135768,59,54,0,54,0
2020-04-30,Imperial,025,180216,577,322,0,322,6
2020-04-30,Inyo,027,18085,19,20,0,20,1
2020-04-30,Kern,029,883053,1249,941,1,942,8
2020-04-30,Kings,031,150075,262,87,1,88,1
2020-04-30,Lake,033,64148,9,6,0,6,0
2020-04-30,Lassen,035,31185,1,0,2,2,0
2020-04-30,Los Angeles,037,10098052,30398,23284,18,23302,1099
2020-04-30,Madera,039,155013,88,46,1,47,2
2020-04-30,Marin,041,260295,248,240,1,241,13
2020-04-30,Mariposa,043,17540,15,3,0,3,0
2020-04-30,Mendocino,045,87422,13,11,0,11,0
2020-04-30,Merced,047,269075,200,122,0,122,3
2020-04-30,Modoc,049,8938,0,0,0,0,0
2020-04-30,Mono,051,14174,31,25,0,25,1
2020-04-30,Monterey,053,433212,273,213,1,214,5
2020-04-30,Napa,055,140530,84,69,0,69,2
2020-04-30,Nevada,057,99092,41,41,1,42,1
2020-04-30,Orange,059,3164182,3939,2591,21,2612,46
2020-04-30,Placer,061,380077,175,148,0,148,8
2020-04-30,Plumas,063,18699,4,4,0,4,0
2020-04-30,Riverside,065,2383286,4952,3820,15,3835,124
2020-04-30,Sacramento,067,1510023,1144,1071,0,1071,43
2020-04-30,San Benito,069,59416,54,48,0,48,2
2020-04-30,San Bernardino,071,2135413,2675,2020,2,2022,96
2020-04-30,San Diego,073,3302833,4606,3566,0,3566,124
2020-04-30,San Francisco,075,870044,1851,1518,0,1518,26
2020-04-30,San Joaquin,077,732212,599,548,3,551,25
2020-04-30,San Luis Obispo,079,281455,263,182,3,185,1
2020-04-30,San Mateo,081,765935,1453,1194,2,1196,52
2020-04-30,Santa Barbara,083,443738,666,490,3,493,7
2020-04-30,Santa Clara,085,1922200,2650,2172,7,2179,111
2020-04-30,Santa Cruz,087,273765,140,126,0,126,2
2020-04-30,Shasta,089,179085,39,31,0,31,4
2020-04-30,Sierra,091,2930,0,0,0,0,0
2020-04-30,Siskiyou,093,43540,5,5,0,5,0
2020-04-30,Solano,095,438530,337,262,0,262,4
2020-04-30,Sonoma,097,501317,288,233,0,233,3
2020-04-30,Stanislaus,099,539301,464,378,4,382,7
2020-04-30,Sutter,101,95872,31,28,0,28,2
2020-04-30,Tehama,103,63373,1,1,0,1,1
2020-04-30,Trinity,105,12862,1,0,0,0,0
2020-04-30,Tulare,107,460477,1127,637,6,643,31
2020-04-30,Tuolumne,109,53932,2,3,0,3,0
2020-04-30,Ventura,111,848112,719,547,1,548,18
2020-04-30,Yolo,113,214977,182,164,0,164,16
2020-04-30,Yuba,115,75493,19,15,0,15,1
2020-04-29,Alameda,001,1643700,1923,1564,2,1566,60
2020-04-29,Alpine,003,1148,1,1,0,1,0
2020-04-29,Amador,005,37829,7,8,0,8,0
2020-04-29,Butte,007,227075,28,16,1,17,0
2020-04-29,Calaveras,009,45235,10,13,0,13,0
2020-04-29,Colusa,011,21464,3,3,0,3,0
2020-04-29,Contra Costa,013,1133247,991,885,0,885,25
2020-04-29,Del Norte,015,27424,4,3,0,3,0
2020-04-29,El Dorado,017,186661,61,44,0,44,0
2020-04-29,Fresno,019,978130,1108,544,10,554,7
2020-04-29,Glenn,021,27897,7,4,0,4,0
2020-04-29,Humboldt,023,135768,59,53,0,53,0
2020-04-29,Imperial,025,180216,547,300,0,300,6
2020-04-29,Inyo,027,18085,19,20,0,20,1
2020-04-29,Kern,029,883053,1206,910,1,911,6
2020-04-29,Kings,031,150075,243,80,1,81,1
2020-04-29,Lake,033,64148,9,6,0,6,0
2020-04-29,Lassen,035,31185,1,0,2,2,0
2020-04-29,Los Angeles,037,10098052,29421,22560,18,22578,1043
2020-04-29,Madera,039,155013,86,45,1,46,2
2020-04-29,Marin,041,260295,245,234,1,235,13
2020-04-29,Mariposa,043,17540,15,1,0,1,0
2020-04-29,Mendocino,045,87422,13,11,0,11,0
2020-04-29,Merced,047,269075,193,116,0,116,3
2020-04-29,Modoc,049,8938,0,0,0,0,0
2020-04-29,Mono,051,14174,31,25,0,25,1
2020-04-29,Monterey,053,433212,265,204,1,205,5
2020-04-29,Napa,055,140530,82,68,0,68,2
2020-04-29,Nevada,057,99092,41,41,1,42,1
2020-04-29,Orange,059,3164182,3803,2421,20,2441,43
2020-04-29,Placer,061,380077,173,145,0,145,8
2020-04-29,Plumas,063,18699,4,4,0,4,0
2020-04-29,Riverside,065,2383286,4876,3700,15,3715,116
2020-04-29,Sacramento,067,1510023,1122,1055,0,1055,41
2020-04-29,San Benito,069,59416,54,48,0,48,2
2020-04-29,San Bernardino,071,2135413,2588,1975,1,1976,91
2020-04-29,San Diego,073,3302833,4464,3434,0,3434,120
2020-04-29,San Francisco,075,870044,1822,1489,0,1489,23
2020-04-29,San Joaquin,077,732212,591,540,3,543,25
2020-04-29,San Luis Obispo,079,281455,261,181,3,184,1
2020-04-29,San Mateo,081,765935,1427,1170,2,1172,50
2020-04-29,Santa Barbara,083,443738,650,477,3,480,7
2020-04-29,Santa Clara,085,1922200,2624,2147,7,2154,108
2020-04-29,Santa Cruz,087,273765,139,124,0,124,2
2020-04-29,Shasta,089,179085,38,31,0,31,4
2020-04-29,Sierra,091,2930,0,0,0,0,0
2020-04-29,Siskiyou,093,43540,5,5,0,5,0
2020-04-29,Solano,095,438530,313,252,0,252,3
2020-04-29,Sonoma,097,501317,280,230,0,230,2
2020-04-29,Stanislaus,099,539301,451,374,4,378,5
2020-04-29,Sutter,101,95872,31,28,0,28,2
2020-04-29,Tehama,103,63373,1,1,0,1,1
2020-04-29,Trinity,105,12862,1,0,0,0,0
2020-04-29,Tulare,107,460477,1054,615,5,620,30
2020-04-29,Tuolumne,109,53932,2,4,0,4,0
2020-04-29,Ventura,111,848112,695,530,1,531,18
2020-04-29,Yolo,113,214977,179,161,0,161,11
2020-04-29,Yuba,115,75493,19,15,0,15,1
2020-04-28,Alameda,001,1643700,1866,1525,2,1527,55
2020-04-28,Alpine,003,1148,1,1,0,1,0
2020-04-28,Amador,005,37829,7,8,0,8,0
2020-04-28,Butte,007,227075,28,16,1,17,0
2020-04-28,Calaveras,009,45235,10,13,0,13,0
2020-04-28,Colusa,011,21464,3,3,0,3,0
2020-04-28,Contra Costa,013,1133247,984,866,0,866,25
2020-04-28,Del Norte,015,27424,4,3,0,3,0
2020-04-28,El Dorado,017,186661,60,43,0,43,0
2020-04-28,Fresno,019,978130,1057,525,8,533,7
2020-04-28,Glenn,021,27897,5,4,0,4,0
2020-04-28,Humboldt,023,135768,58,53,0,53,0
2020-04-28,Imperial,025,180216,513,295,0,295,6
2020-04-28,Inyo,027,18085,19,20,0,20,1
2020-04-28,Kern,029,883053,1163,882,1,883,5
2020-04-28,Kings,031,150075,230,57,1,58,1
2020-04-28,Lake,033,64148,9,6,0,6,0
2020-04-28,Lassen,035,31185,1,0,2,2,0
2020-04-28,Los Angeles,037,10098052,28355,21029,18,21047,984
2020-04-28,Madera,039,155013,86,44,1,45,2
2020-04-28,Marin,041,260295,244,228,1,229,12
2020-04-28,Mariposa,043,17540,15,0,0,0,0
2020-04-28,Mendocino,045,87422,13,10,0,10,0
2020-04-28,Merced,047,269075,186,108,0,108,3
2020-04-28,Modoc,049,8938,0,0,0,0,0
2020-04-28,Mono,051,14174,31,25,0,25,1
2020-04-28,Monterey,053,433212,259,191,1,192,5
2020-04-28,Napa,055,140530,81,67,0,67,2
2020-04-28,Nevada,057,99092,41,41,1,42,1
2020-04-28,Orange,059,3164182,3638,2324,19,2343,42
2020-04-28,Placer,061,380077,163,143,0,143,8
2020-04-28,Plumas,063,18699,4,4,0,4,0
2020-04-28,Riverside,065,2383286,4781,3504,15,3519,113
2020-04-28,Sacramento,067,1510023,1107,1044,0,1044,41
2020-04-28,San Benito,069,59416,52,46,0,46,2
2020-04-28,San Bernardino,071,2135413,2511,1891,1,1892,89
2020-04-28,San Diego,073,3302833,4334,3316,0,3316,118
2020-04-28,San Francisco,075,870044,1787,1471,0,1471,23
2020-04-28,San Joaquin,077,732212,585,532,3,535,25
2020-04-28,San Luis Obispo,079,281455,254,172,3,175,1
2020-04-28,San Mateo,081,765935,1414,1129,2,1131,48
2020-04-28,Santa Barbara,083,443738,643,469,2,471,7
2020-04-28,Santa Clara,085,1922200,2590,2130,7,2137,106
2020-04-28,Santa Cruz,087,273765,139,123,0,123,2
2020-04-28,Shasta,089,179085,38,29,0,29,4
2020-04-28,Sierra,091,2930,0,0,0,0,0
2020-04-28,Siskiyou,093,43540,5,5,0,5,0
2020-04-28,Solano,095,438530,294,246,0,246,3
2020-04-28,Sonoma,097,501317,277,226,0,226,1
2020-04-28,Stanislaus,099,539301,435,330,4,334,5
2020-04-28,Sutter,101,95872,31,25,0,25,2
2020-04-28,Tehama,103,63373,1,1,0,1,1
2020-04-28,Trinity,105,12862,1,0,0,0,0
2020-04-28,Tulare,107,460477,958,579,5,584,30
2020-04-28,Tuolumne,109,53932,2,4,0,4,0
2020-04-28,Ventura,111,848112,675,517,1,518,17
2020-04-28,Yolo,113,214977,179,160,0,160,10
2020-04-28,Yuba,115,75493,19,15,0,15,1
2020-04-27,Alameda,001,1643700,1806,1494,2,1496,53
2020-04-27,Alpine,003,1148,1,1,0,1,0
2020-04-27,Amador,005,37829,7,8,0,8,0
2020-04-27,Butte,007,227075,27,16,1,17,0
2020-04-27,Calaveras,009,45235,10,13,0,13,0
2020-04-27,Colusa,011,21464,3,3,0,3,0
2020-04-27,Contra Costa,013,1133247,972,843,0,843,25
2020-04-27,Del Norte,015,27424,4,3,0,3,0
2020-04-27,El Dorado,017,186661,59,43,0,43,0
2020-04-27,Fresno,019,978130,952,504,7,511,7
2020-04-27,Glenn,021,27897,5,4,0,4,0
2020-04-27,Humboldt,023,135768,58,52,0,52,0
2020-04-27,Imperial,025,180216,483,290,0,290,6
2020-04-27,Inyo,027,18085,19,20,0,20,1
2020-04-27,Kern,029,883053,1124,865,1,866,4
2020-04-27,Kings,031,150075,207,48,1,49,1
2020-04-27,Lake,033,64148,8,6,0,6,0
2020-04-27,Lassen,035,31185,1,0,2,2,0
2020-04-27,Los Angeles,037,10098052,27337,20456,18,20474,931
2020-04-27,Madera,039,155013,84,42,1,43,2
2020-04-27,Marin,041,260295,239,227,1,228,12
2020-04-27,Mariposa,043,17540,14,0,0,0,0
2020-04-27,Mendocino,045,87422,13,10,0,10,0
2020-04-27,Merced,047,269075,183,108,0,108,3
2020-04-27,Modoc,049,8938,0,0,0,0,0
2020-04-27,Mono,051,14174,31,23,0,23,1
2020-04-27,Monterey,053,433212,252,185,1,186,4
2020-04-27,Napa,055,140530,77,64,0,64,2
2020-04-27,Nevada,057,99092,41,39,1,40,1
2020-04-27,Orange,059,3164182,3468,2198,19,2217,42
2020-04-27,Placer,061,380077,163,142,0,142,8
2020-04-27,Plumas,063,18699,4,4,0,4,0
2020-04-27,Riverside,065,2383286,4658,3381,15,3396,100
2020-04-27,Sacramento,067,1510023,1092,1035,0,1035,41
2020-04-27,San Benito,069,59416,50,45,0,45,2
2020-04-27,San Bernardino,071,2135413,2397,1742,1,1743,82
2020-04-27,San Diego,073,3302833,4208,3143,0,3143,113
2020-04-27,San Francisco,075,870044,1733,1453,0,1453,23
2020-04-27,San Joaquin,077,732212,579,522,3,525,25
2020-04-27,San Luis Obispo,079,281455,246,166,3,169,1
2020-04-27,San Mateo,081,765935,1392,1092,2,1094,46
2020-04-27,Santa Barbara,083,443738,629,466,2,468,7
2020-04-27,Santa Clara,085,1922200,2565,2104,6,2110,105
2020-04-27,Santa Cruz,087,273765,139,123,0,123,2
2020-04-27,Shasta,089,179085,38,29,0,29,4
2020-04-27,Sierra,091,2930,0,0,0,0,0
2020-04-27,Siskiyou,093,43540,5,5,0,5,0
2020-04-27,Solano,095,438530,294,222,0,222,3
2020-04-27,Sonoma,097,501317,268,220,0,220,1
2020-04-27,Stanislaus,099,539301,419,316,4,320,5
2020-04-27,Sutter,101,95872,29,26,0,26,2
2020-04-27,Tehama,103,63373,1,1,0,1,1
2020-04-27,Trinity,105,12862,1,0,0,0,0
2020-04-27,Tulare,107,460477,887,535,5,540,28
2020-04-27,Tuolumne,109,53932,2,3,0,3,0
2020-04-27,Ventura,111,848112,656,513,1,514,17
2020-04-27,Yolo,113,214977,176,160,0,160,9
2020-04-27,Yuba,115,75493,19,15,0,15,1
2020-04-26,Alameda,001,1643700,1745,1449,2,1451,52
2020-04-26,Alpine,003,1148,1,1,0,1,0
2020-04-26,Amador,005,37829,7,8,0,8,0
2020-04-26,Butte,007,227075,27,16,1,17,0
2020-04-26,Calaveras,009,45235,10,13,0,13,0
2020-04-26,Colusa,011,21464,3,3,0,3,0
2020-04-26,Contra Costa,013,1133247,956,830,0,830,25
2020-04-26,Del Norte,015,27424,3,3,0,3,0
2020-04-26,El Dorado,017,186661,57,41,0,41,0
2020-04-26,Fresno,019,978130,859,476,7,483,7
2020-04-26,Glenn,021,27897,5,4,0,4,0
2020-04-26,Humboldt,023,135768,58,53,0,53,0
2020-04-26,Imperial,025,180216,449,272,0,272,6
2020-04-26,Inyo,027,18085,19,20,0,20,1
2020-04-26,Kern,029,883053,1074,831,1,832,4
2020-04-26,Kings,031,150075,182,33,1,34,1
2020-04-26,Lake,033,64148,8,6,0,6,0
2020-04-26,Lassen,035,31185,1,0,2,2,0
2020-04-26,Los Angeles,037,10098052,26187,19570,18,19588,901
2020-04-26,Madera,039,155013,82,39,1,40,2
2020-04-26,Marin,041,260295,233,225,1,226,12
2020-04-26,Mariposa,043,17540,14,0,0,0,0
2020-04-26,Mendocino,045,87422,13,5,0,5,0
2020-04-26,Merced,047,269075,166,104,0,104,3
2020-04-26,Modoc,049,8938,0,0,0,0,0
2020-04-26,Mono,051,14174,31,23,0,23,1
2020-04-26,Monterey,053,433212,245,182,1,183,4
2020-04-26,Napa,055,140530,76,62,0,62,2
2020-04-26,Nevada,057,99092,41,37,1,38,1
2020-04-26,Orange,059,3164182,3303,2124,19,2143,40
2020-04-26,Placer,061,380077,162,141,0,141,8
2020-04-26,Plumas,063,18699,4,4,0,4,0
2020-04-26,Riverside,065,2383286,4515,3301,15,3316,95
2020-04-26,Sacramento,067,1510023,1083,1027,0,1027,41
2020-04-26,San Benito,069,59416,50,45,0,45,2
2020-04-26,San Bernardino,071,2135413,2300,1681,1,1682,82
2020-04-26,San Diego,073,3302833,4066,3045,0,3045,111
2020-04-26,San Francisco,075,870044,1694,1403,0,1403,23
2020-04-26,San Joaquin,077,732212,571,514,3,517,25
2020-04-26,San Luis Obispo,079,281455,243,165,3,168,1
2020-04-26,San Mateo,081,765935,1366,1070,2,1072,46
2020-04-26,Santa Barbara,083,443738,618,464,2,466,7
2020-04-26,Santa Clara,085,1922200,2542,2097,5,2102,102
2020-04-26,Santa Cruz,087,273765,139,116,0,116,2
2020-04-26,Shasta,089,179085,35,29,0,29,4
2020-04-26,Sierra,091,2930,0,0,0,0,0
2020-04-26,Siskiyou,093,43540,5,5,0,5,0
2020-04-26,Solano,095,438530,285,205,0,205,3
2020-04-26,Sonoma,097,501317,257,216,0,216,1
2020-04-26,Stanislaus,099,539301,404,294,4,298,4
2020-04-26,Sutter,101,95872,29,26,0,26,2
2020-04-26,Tehama,103,63373,1,1,0,1,1
2020-04-26,Trinity,105,12862,1,0,0,0,0
2020-04-26,Tulare,107,460477,828,497,5,502,28
2020-04-26,Tuolumne,109,53932,2,3,0,3,0
2020-04-26,Ventura,111,848112,638,509,1,510,17
2020-04-26,Yolo,113,214977,175,158,0,158,8
2020-04-26,Yuba,115,75493,18,15,0,15,1
2020-04-25,Alameda,001,1643700,1720,1396,2,1398,52
2020-04-25,Alpine,003,1148,1,1,0,1,0
2020-04-25,Amador,005,37829,7,8,0,8,0
2020-04-25,Butte,007,227075,26,16,1,17,0
2020-04-25,Calaveras,009,45235,10,12,0,12,0
2020-04-25,Colusa,011,21464,3,3,0,3,0
2020-04-25,Contra Costa,013,1133247,942,821,0,821,24
2020-04-25,Del Norte,015,27424,2,2,0,2,0
2020-04-25,El Dorado,017,186661,56,41,0,41,0
2020-04-25,Fresno,019,978130,828,459,6,465,7
2020-04-25,Glenn,021,27897,5,4,0,4,0
2020-04-25,Humboldt,023,135768,58,53,0,53,0
2020-04-25,Imperial,025,180216,432,232,0,232,6
2020-04-25,Inyo,027,18085,19,20,0,20,1
2020-04-25,Kern,029,883053,1043,802,1,803,4
2020-04-25,Kings,031,150075,170,33,1,34,1
2020-04-25,Lake,033,64148,6,6,0,6,0
2020-04-25,Lassen,035,31185,1,0,2,2,0
2020-04-25,Los Angeles,037,10098052,25553,19144,18,19162,881
2020-04-25,Madera,039,155013,79,39,1,40,2
2020-04-25,Marin,041,260295,233,215,1,216,12
2020-04-25,Mariposa,043,17540,14,0,0,0,0
2020-04-25,Mendocino,045,87422,12,5,0,5,0
2020-04-25,Merced,047,269075,166,103,0,103,3
2020-04-25,Modoc,049,8938,0,0,0,0,0
2020-04-25,Mono,051,14174,31,23,0,23,1
2020-04-25,Monterey,053,433212,243,173,1,174,4
2020-04-25,Napa,055,140530,76,60,0,60,2
2020-04-25,Nevada,057,99092,41,37,1,38,1
2020-04-25,Orange,059,3164182,3194,2047,19,2066,40
2020-04-25,Placer,061,380077,162,137,0,137,8
2020-04-25,Plumas,063,18699,4,4,0,4,0
2020-04-25,Riverside,065,2383286,4425,3037,15,3052,93
2020-04-25,Sacramento,067,1510023,1081,1015,0,1015,41
2020-04-25,San Benito,069,59416,50,45,0,45,2
2020-04-25,San Bernardino,071,2135413,2255,1675,1,1676,82
2020-04-25,San Diego,073,3302833,3966,2945,0,2945,111
2020-04-25,San Francisco,075,870044,1669,1341,0,1341,22
2020-04-25,San Joaquin,077,732212,564,497,3,500,24
2020-04-25,San Luis Obispo,079,281455,242,159,3,162,1
2020-04-25,San Mateo,081,765935,1348,1054,2,1056,46
2020-04-25,Santa Barbara,083,443738,610,457,2,459,7
2020-04-25,Santa Clara,085,1922200,2520,2045,4,2049,99
2020-04-25,Santa Cruz,087,273765,139,112,0,112,2
2020-04-25,Shasta,089,179085,35,29,0,29,4
2020-04-25,Sierra,091,2930,0,0,0,0,0
2020-04-25,Siskiyou,093,43540,5,5,0,5,0
2020-04-25,Solano,095,438530,281,203,0,203,3
2020-04-25,Sonoma,097,501317,253,199,0,199,1
2020-04-25,Stanislaus,099,539301,396,276,4,280,4
2020-04-25,Sutter,101,95872,29,24,0,24,2
2020-04-25,Tehama,103,63373,1,1,0,1,1
2020-04-25,Trinity,105,12862,0,0,0,0,0
2020-04-25,Tulare,107,460477,795,478,5,483,28
2020-04-25,Tuolumne,109,53932,2,2,0,2,0
2020-04-25,Ventura,111,848112,624,494,1,495,16
2020-04-25,Yolo,113,214977,175,157,0,157,8
2020-04-25,Yuba,115,75493,17,15,0,15,1
2020-04-24,Alameda,001,1643700,1689,1385,2,1387,50
2020-04-24,Alpine,003,1148,1,1,0,1,0
2020-04-24,Amador,005,37829,7,8,0,8,0
2020-04-24,Butte,007,227075,25,15,1,16,0
2020-04-24,Calaveras,009,45235,10,12,0,12,0
2020-04-24,Colusa,011,21464,3,3,0,3,0
2020-04-24,Contra Costa,013,1133247,933,806,0,806,23
2020-04-24,Del Norte,015,27424,2,2,0,2,0
2020-04-24,El Dorado,017,186661,55,41,0,41,0
2020-04-24,Fresno,019,978130,805,449,6,455,7
2020-04-24,Glenn,021,27897,5,4,0,4,0
2020-04-24,Humboldt,023,135768,58,53,0,53,0
2020-04-24,Imperial,025,180216,416,232,0,232,6
2020-04-24,Inyo,027,18085,19,20,0,20,0
2020-04-24,Kern,029,883053,1019,770,1,771,4
2020-04-24,Kings,031,150075,141,30,1,31,1
2020-04-24,Lake,033,64148,6,6,0,6,0
2020-04-24,Lassen,035,31185,1,0,2,2,0
2020-04-24,Los Angeles,037,10098052,24621,18553,18,18571,836
2020-04-24,Madera,039,155013,79,39,1,40,2
2020-04-24,Marin,041,260295,233,211,1,212,11
2020-04-24,Mariposa,043,17540,8,0,0,0,0
2020-04-24,Mendocino,045,87422,12,5,0,5,0
2020-04-24,Merced,047,269075,163,102,0,102,3
2020-04-24,Modoc,049,8938,0,0,0,0,0
2020-04-24,Mono,051,14174,30,23,0,23,1
2020-04-24,Monterey,053,433212,236,167,1,168,4
2020-04-24,Napa,055,140530,75,59,0,59,2
2020-04-24,Nevada,057,99092,41,36,1,37,1
2020-04-24,Orange,059,3164182,3087,1945,19,1964,39
2020-04-24,Placer,061,380077,160,137,0,137,8
2020-04-24,Plumas,063,18699,4,4,0,4,0
2020-04-24,Riverside,065,2383286,4344,3044,15,3059,87
2020-04-24,Sacramento,067,1510023,1075,1009,0,1009,41
2020-04-24,San Benito,069,59416,50,45,0,45,2
2020-04-24,San Bernardino,071,2135413,2220,1667,1,1668,80
2020-04-24,San Diego,073,3302833,3855,2828,0,2828,102
2020-04-24,San Francisco,075,870044,1611,1345,0,1345,22
2020-04-24,San Joaquin,077,732212,557,484,3,487,24
2020-04-24,San Luis Obispo,079,281455,239,151,3,154,1
2020-04-24,San Mateo,081,765935,1325,1004,2,1006,43
2020-04-24,Santa Barbara,083,443738,603,450,2,452,6
2020-04-24,Santa Clara,085,1922200,2477,2026,4,2030,98
2020-04-24,Santa Cruz,087,273765,135,111,0,111,2
2020-04-24,Shasta,089,179085,35,28,0,28,4
2020-04-24,Sierra,091,2930,0,0,0,0,0
2020-04-24,Siskiyou,093,43540,5,5,0,5,0
2020-04-24,Solano,095,438530,279,203,0,203,3
2020-04-24,Sonoma,097,501317,249,199,0,199,1
2020-04-24,Stanislaus,099,539301,393,273,4,277,4
2020-04-24,Sutter,101,95872,28,24,0,24,2
2020-04-24,Tehama,103,63373,1,1,0,1,1
2020-04-24,Trinity,105,12862,0,0,0,0,0
2020-04-24,Tulare,107,460477,767,459,5,464,27
2020-04-24,Tuolumne,109,53932,2,2,0,2,0
2020-04-24,Ventura,111,848112,614,489,1,490,16
2020-04-24,Yolo,113,214977,174,155,0,155,8
2020-04-24,Yuba,115,75493,16,15,0,15,1
2020-04-23,Alameda,001,1643700,1651,1336,2,1338,46
2020-04-23,Alpine,003,1148,1,1,0,1,0
2020-04-23,Amador,005,37829,7,8,0,8,0
2020-04-23,Butte,007,227075,25,15,1,16,0
2020-04-23,Calaveras,009,45235,10,12,0,12,0
2020-04-23,Colusa,011,21464,3,3,0,3,0
2020-04-23,Contra Costa,013,1133247,912,786,0,786,23
2020-04-23,Del Norte,015,27424,2,2,0,2,0
2020-04-23,El Dorado,017,186661,54,39,0,39,0
2020-04-23,Fresno,019,978130,767,426,6,432,7
2020-04-23,Glenn,021,27897,5,3,0,3,0
2020-04-23,Humboldt,023,135768,58,53,0,53,0
2020-04-23,Imperial,025,180216,396,181,0,181,4
2020-04-23,Inyo,027,18085,19,19,0,19,0
2020-04-23,Kern,029,883053,971,732,1,733,4
2020-04-23,Kings,031,150075,126,28,1,29,1
2020-04-23,Lake,033,64148,6,6,0,6,0
2020-04-23,Lassen,035,31185,1,0,2,2,0
2020-04-23,Los Angeles,037,10098052,23561,17548,17,17565,784
2020-04-23,Madera,039,155013,77,37,1,38,2
2020-04-23,Marin,041,260295,220,209,1,210,11
2020-04-23,Mariposa,043,17540,7,0,0,0,0
2020-04-23,Mendocino,045,87422,10,5,0,5,0
2020-04-23,Merced,047,269075,159,98,0,98,3
2020-04-23,Modoc,049,8938,0,0,0,0,0
2020-04-23,Mono,051,14174,30,23,0,23,1
2020-04-23,Monterey,053,433212,232,161,1,162,4
2020-04-23,Napa,055,140530,68,59,0,59,2
2020-04-23,Nevada,057,99092,41,36,1,37,1
2020-04-23,Orange,059,3164182,2909,1841,18,1859,37
2020-04-23,Placer,061,380077,157,136,0,136,8
2020-04-23,Plumas,063,18699,4,4,0,4,0
2020-04-23,Riverside,065,2383286,4230,2935,14,2949,78
2020-04-23,Sacramento,067,1510023,1063,978,0,978,41
2020-04-23,San Benito,069,59416,47,43,0,43,2
2020-04-23,San Bernardino,071,2135413,2155,1604,1,1605,79
2020-04-23,San Diego,073,3302833,3694,2645,0,2645,100
2020-04-23,San Francisco,075,870044,1586,1312,0,1312,21
2020-04-23,San Joaquin,077,732212,547,479,3,482,20
2020-04-23,San Luis Obispo,079,281455,235,146,3,149,1
2020-04-23,San Mateo,081,765935,1286,970,2,972,42
2020-04-23,Santa Barbara,083,443738,593,445,2,447,6
2020-04-23,Santa Clara,085,1922200,2442,1996,4,2000,95
2020-04-23,Santa Cruz,087,273765,134,110,0,110,2
2020-04-23,Shasta,089,179085,35,27,0,27,3
2020-04-23,Sierra,091,2930,0,0,0,0,0
2020-04-23,Siskiyou,093,43540,5,5,0,5,0
2020-04-23,Solano,095,438530,265,196,0,196,3
2020-04-23,Sonoma,097,501317,237,187,0,187,1
2020-04-23,Stanislaus,099,539301,389,254,4,258,4
2020-04-23,Sutter,101,95872,28,24,0,24,2
2020-04-23,Tehama,103,63373,1,1,0,1,1
2020-04-23,Trinity,105,12862,0,0,0,0,0
2020-04-23,Tulare,107,460477,738,440,5,445,25
2020-04-23,Tuolumne,109,53932,2,2,0,2,0
2020-04-23,Ventura,111,848112,600,479,1,480,16
2020-04-23,Yolo,113,214977,171,151,0,151,8
2020-04-23,Yuba,115,75493,16,15,0,15,1
2020-04-22,Alameda,001,1643700,1602,1275,2,1277,46
2020-04-22,Alpine,003,1148,1,1,0,1,0
2020-04-22,Amador,005,37829,7,7,0,7,0
2020-04-22,Butte,007,227075,24,15,1,16,0
2020-04-22,Calaveras,009,45235,10,12,0,12,0
2020-04-22,Colusa,011,21464,3,3,0,3,0
2020-04-22,Contra Costa,013,1133247,897,772,0,772,22
2020-04-22,Del Norte,015,27424,2,2,0,2,0
2020-04-22,El Dorado,017,186661,54,39,0,39,0
2020-04-22,Fresno,019,978130,727,388,6,394,7
2020-04-22,Glenn,021,27897,5,3,0,3,0
2020-04-22,Humboldt,023,135768,58,53,0,53,0
2020-04-22,Imperial,025,180216,385,170,0,170,3
2020-04-22,Inyo,027,18085,19,18,0,18,0
2020-04-22,Kern,029,883053,949,713,1,714,4
2020-04-22,Kings,031,150075,105,28,1,29,1
2020-04-22,Lake,033,64148,6,6,0,6,0
2020-04-22,Lassen,035,31185,1,0,2,2,0
2020-04-22,Los Angeles,037,10098052,22535,16400,17,16417,715
2020-04-22,Madera,039,155013,75,37,1,38,2
2020-04-22,Marin,041,260295,218,202,1,203,11
2020-04-22,Mariposa,043,17540,6,0,0,0,0
2020-04-22,Mendocino,045,87422,7,5,0,5,0
2020-04-22,Merced,047,269075,147,92,0,92,3
2020-04-22,Modoc,049,8938,0,0,0,0,0
2020-04-22,Mono,051,14174,29,23,0,23,1
2020-04-22,Monterey,053,433212,225,154,1,155,4
2020-04-22,Napa,055,140530,67,58,0,58,2
2020-04-22,Nevada,057,99092,41,36,1,37,1
2020-04-22,Orange,059,3164182,2815,1785,18,1803,36
2020-04-22,Placer,061,380077,155,133,0,133,8
2020-04-22,Plumas,063,18699,4,4,0,4,0
2020-04-22,Riverside,065,2383286,4126,2822,14,2836,76
2020-04-22,Sacramento,067,1510023,1058,959,0,959,36
2020-04-22,San Benito,069,59416,46,43,0,43,2
2020-04-22,San Bernardino,071,2135413,2092,1564,1,1565,74
2020-04-22,San Diego,073,3302833,3566,2493,0,2493,96
2020-04-22,San Francisco,075,870044,1549,1255,0,1255,21
2020-04-22,San Joaquin,077,732212,536,462,3,465,20
2020-04-22,San Luis Obispo,079,281455,226,142,3,145,1
2020-04-22,San Mateo,081,765935,1263,945,2,947,40
2020-04-22,Santa Barbara,083,443738,585,437,2,439,6
2020-04-22,Santa Clara,085,1922200,2426,1969,4,1973,95
2020-04-22,Santa Cruz,087,273765,130,106,0,106,2
2020-04-22,Shasta,089,179085,34,26,0,26,3
2020-04-22,Sierra,091,2930,0,0,0,0,0
2020-04-22,Siskiyou,093,43540,5,5,0,5,0
2020-04-22,Solano,095,438530,246,195,0,195,3
2020-04-22,Sonoma,097,501317,234,185,0,185,1
2020-04-22,Stanislaus,099,539301,332,247,4,251,4
2020-04-22,Sutter,101,95872,28,22,0,22,2
2020-04-22,Tehama,103,63373,1,1,0,1,1
2020-04-22,Trinity,105,12862,0,0,0,0,0
2020-04-22,Tulare,107,460477,704,425,5,430,23
2020-04-22,Tuolumne,109,53932,2,2,0,2,0
2020-04-22,Ventura,111,848112,590,465,1,466,15
2020-04-22,Yolo,113,214977,171,147,0,147,8
2020-04-22,Yuba,115,75493,16,15,0,15,1
2020-04-21,Alameda,001,1643700,1572,1234,2,1236,46
2020-04-21,Alpine,003,1148,1,1,0,1,0
2020-04-21,Amador,005,37829,7,7,0,7,0
2020-04-21,Butte,007,227075,23,15,1,16,0
2020-04-21,Calaveras,009,45235,9,12,0,12,0
2020-04-21,Colusa,011,21464,3,3,0,3,0
2020-04-21,Contra Costa,013,1133247,883,766,0,766,22
2020-04-21,Del Norte,015,27424,2,2,0,2,0
2020-04-21,El Dorado,017,186661,53,36,0,36,0
2020-04-21,Fresno,019,978130,693,372,6,378,7
2020-04-21,Glenn,021,27897,5,3,0,3,0
2020-04-21,Humboldt,023,135768,57,53,0,53,0
2020-04-21,Imperial,025,180216,365,165,0,165,2
2020-04-21,Inyo,027,18085,19,18,0,18,0
2020-04-21,Kern,029,883053,907,676,1,677,4
2020-04-21,Kings,031,150075,91,28,1,29,1
2020-04-21,Lake,033,64148,6,6,0,6,0
2020-04-21,Lassen,035,31185,1,0,2,2,0
2020-04-21,Los Angeles,037,10098052,21675,15096,17,15113,650
2020-04-21,Madera,039,155013,75,37,1,38,2
2020-04-21,Marin,041,260295,212,202,1,203,10
2020-04-21,Mariposa,043,17540,5,0,0,0,0
2020-04-21,Mendocino,045,87422,7,5,0,5,0
2020-04-21,Merced,047,269075,143,89,0,89,3
2020-04-21,Modoc,049,8938,0,0,0,0,0
2020-04-21,Mono,051,14174,29,23,0,23,1
2020-04-21,Monterey,053,433212,222,151,1,152,4
2020-04-21,Napa,055,140530,66,58,0,58,2
2020-04-21,Nevada,057,99092,41,36,1,37,1
2020-04-21,Orange,059,3164182,2692,1717,17,1734,36
2020-04-21,Placer,061,380077,153,133,0,133,8
2020-04-21,Plumas,063,18699,4,4,0,4,0
2020-04-21,Riverside,065,2383286,3995,2631,14,2645,68
2020-04-21,Sacramento,067,1510023,1048,941,0,941,33
2020-04-21,San Benito,069,59416,45,43,0,43,2
2020-04-21,San Bernardino,071,2135413,2031,1499,1,1500,71
2020-04-21,San Diego,073,3302833,3410,2436,0,2436,87
2020-04-21,San Francisco,075,870044,1519,1232,0,1232,20
2020-04-21,San Joaquin,077,732212,526,447,3,450,20
2020-04-21,San Luis Obispo,079,281455,218,134,3,137,1
2020-04-21,San Mateo,081,765935,1217,933,2,935,34
2020-04-21,Santa Barbara,083,443738,573,414,2,416,5
2020-04-21,Santa Clara,085,1922200,2376,1943,4,1947,91
2020-04-21,Santa Cruz,087,273765,128,104,0,104,2
2020-04-21,Shasta,089,179085,33,26,0,26,3
2020-04-21,Sierra,091,2930,0,0,0,0,0
2020-04-21,Siskiyou,093,43540,5,5,0,5,0
2020-04-21,Solano,095,438530,238,193,0,193,3
2020-04-21,Sonoma,097,501317,224,182,0,182,1
2020-04-21,Stanislaus,099,539301,313,235,4,239,4
2020-04-21,Sutter,101,95872,28,22,0,22,2
2020-04-21,Tehama,103,63373,1,1,0,1,1
2020-04-21,Trinity,105,12862,0,0,0,0,0
2020-04-21,Tulare,107,460477,667,410,5,415,23
2020-04-21,Tuolumne,109,53932,2,2,0,2,0
2020-04-21,Ventura,111,848112,578,455,1,456,14
2020-04-21,Yolo,113,214977,169,143,0,143,8
2020-04-21,Yuba,115,75493,16,15,0,15,1
2020-04-20,Alameda,001,1643700,1539,1181,2,1183,42
2020-04-20,Alpine,003,1148,1,1,0,1,0
2020-04-20,Amador,005,37829,7,7,0,7,0
2020-04-20,Butte,007,227075,23,15,1,16,0
2020-04-20,Calaveras,009,45235,9,12,0,12,0
2020-04-20,Colusa,011,21464,3,3,0,3,0
2020-04-20,Contra Costa,013,1133247,873,753,0,753,22
2020-04-20,Del Norte,015,27424,2,2,0,2,0
2020-04-20,El Dorado,017,186661,53,36,0,36,0
2020-04-20,Fresno,019,978130,675,356,6,362,7
2020-04-20,Glenn,021,27897,4,3,0,3,0
2020-04-20,Humboldt,023,135768,57,53,0,53,0
2020-04-20,Imperial,025,180216,345,149,0,149,2
2020-04-20,Inyo,027,18085,19,17,0,17,0
2020-04-20,Kern,029,883053,875,651,1,652,3
2020-04-20,Kings,031,150075,80,19,1,20,1
2020-04-20,Lake,033,64148,6,6,0,6,0
2020-04-20,Lassen,035,31185,1,0,2,2,0
2020-04-20,Los Angeles,037,10098052,20760,13787,17,13804,608
2020-04-20,Madera,039,155013,74,35,1,36,2
2020-04-20,Marin,041,260295,208,200,1,201,10
2020-04-20,Mariposa,043,17540,5,0,0,0,0
2020-04-20,Mendocino,045,87422,7,5,0,5,0
2020-04-20,Merced,047,269075,136,88,0,88,3
2020-04-20,Modoc,049,8938,0,0,0,0,0
2020-04-20,Mono,051,14174,29,23,0,23,1
2020-04-20,Monterey,053,433212,213,147,1,148,4
2020-04-20,Napa,055,140530,66,55,0,55,2
2020-04-20,Nevada,057,99092,41,34,1,35,1
2020-04-20,Orange,059,3164182,2608,1679,17,1696,33
2020-04-20,Placer,061,380077,152,132,0,132,8
2020-04-20,Plumas,063,18699,4,4,0,4,0
2020-04-20,Riverside,065,2383286,3870,2477,14,2491,61
2020-04-20,Sacramento,067,1510023,1038,924,0,924,32
2020-04-20,San Benito,069,59416,45,43,0,43,2
2020-04-20,San Bernardino,071,2135413,1944,1344,1,1345,63
2020-04-20,San Diego,073,3302833,3268,2327,0,2327,72
2020-04-20,San Francisco,075,870044,1487,1223,0,1223,19
2020-04-20,San Joaquin,077,732212,522,422,3,425,17
2020-04-20,San Luis Obispo,079,281455,204,132,3,135,1
2020-04-20,San Mateo,081,765935,1194,890,2,892,31
2020-04-20,Santa Barbara,083,443738,562,388,2,390,4
2020-04-20,Santa Clara,085,1922200,2345,1920,4,1924,84
2020-04-20,Santa Cruz,087,273765,126,102,0,102,2
2020-04-20,Shasta,089,179085,33,26,0,26,3
2020-04-20,Sierra,091,2930,0,0,0,0,0
2020-04-20,Siskiyou,093,43540,5,5,0,5,0
2020-04-20,Solano,095,438530,235,185,0,185,2
2020-04-20,Sonoma,097,501317,216,178,0,178,1
2020-04-20,Stanislaus,099,539301,299,228,4,232,3
2020-04-20,Sutter,101,95872,27,22,0,22,2
2020-04-20,Tehama,103,63373,1,1,0,1,1
2020-04-20,Trinity,105,12862,0,0,0,0,0
2020-04-20,Tulare,107,460477,657,401,5,406,20
2020-04-20,Tuolumne,109,53932,2,2,0,2,0
2020-04-20,Ventura,111,848112,564,426,1,427,13
2020-04-20,Yolo,113,214977,168,125,0,125,5
2020-04-20,Yuba,115,75493,16,15,0,15,1
2020-04-19,Alameda,001,1643700,1489,1134,2,1136,41
2020-04-19,Alpine,003,1148,1,1,0,1,0
2020-04-19,Amador,005,37829,6,7,0,7,0
2020-04-19,Butte,007,227075,22,15,1,16,0
2020-04-19,Calaveras,009,45235,9,12,0,12,0
2020-04-19,Colusa,011,21464,3,3,0,3,0
2020-04-19,Contra Costa,013,1133247,859,731,0,731,20
2020-04-19,Del Norte,015,27424,2,2,0,2,0
2020-04-19,El Dorado,017,186661,53,36,0,36,0
2020-04-19,Fresno,019,978130,639,326,6,332,7
2020-04-19,Glenn,021,27897,4,3,0,3,0
2020-04-19,Humboldt,023,135768,57,53,0,53,0
2020-04-19,Imperial,025,180216,319,144,0,144,2
2020-04-19,Inyo,027,18085,19,17,0,17,0
2020-04-19,Kern,029,883053,850,629,1,630,3
2020-04-19,Kings,031,150075,70,17,1,18,1
2020-04-19,Lake,033,64148,6,6,0,6,0
2020-04-19,Lassen,035,31185,1,0,2,2,0
2020-04-19,Los Angeles,037,10098052,19765,12299,17,12316,589
2020-04-19,Madera,039,155013,72,34,1,35,2
2020-04-19,Marin,041,260295,207,194,1,195,10
2020-04-19,Mariposa,043,17540,2,0,0,0,0
2020-04-19,Mendocino,045,87422,7,4,0,4,0
2020-04-19,Merced,047,269075,131,85,0,85,3
2020-04-19,Modoc,049,8938,0,0,0,0,0
2020-04-19,Mono,051,14174,29,23,0,23,1
2020-04-19,Monterey,053,433212,204,140,1,141,4
2020-04-19,Napa,055,140530,64,49,0,49,2
2020-04-19,Nevada,057,99092,40,34,1,35,1
2020-04-19,Orange,059,3164182,2511,1591,15,1606,32
2020-04-19,Placer,061,380077,151,131,0,131,8
2020-04-19,Plumas,063,18699,4,4,0,4,0
2020-04-19,Riverside,065,2383286,3727,2316,14,2330,56
2020-04-19,Sacramento,067,1510023,1011,912,0,912,32
2020-04-19,San Benito,069,59416,43,40,0,40,2
2020-04-19,San Bernardino,071,2135413,1881,1262,1,1263,58
2020-04-19,San Diego,073,3302833,3101,2270,0,2270,71
2020-04-19,San Francisco,075,870044,1454,1153,0,1153,19
2020-04-19,San Joaquin,077,732212,504,404,3,407,17
2020-04-19,San Luis Obispo,079,281455,199,132,3,135,1
2020-04-19,San Mateo,081,765935,1158,845,2,847,31
2020-04-19,Santa Barbara,083,443738,552,377,2,379,3
2020-04-19,Santa Clara,085,1922200,2300,1878,4,1882,81
2020-04-19,Santa Cruz,087,273765,123,98,0,98,2
2020-04-19,Shasta,089,179085,31,26,0,26,3
2020-04-19,Sierra,091,2930,0,0,0,0,0
2020-04-19,Siskiyou,093,43540,5,5,0,5,0
2020-04-19,Solano,095,438530,227,174,0,174,2
2020-04-19,Sonoma,097,501317,210,172,0,172,1
2020-04-19,Stanislaus,099,539301,291,221,4,225,3
2020-04-19,Sutter,101,95872,26,21,0,21,2
2020-04-19,Tehama,103,63373,1,1,0,1,1
2020-04-19,Trinity,105,12862,0,0,0,0,0
2020-04-19,Tulare,107,460477,611,391,5,396,17
2020-04-19,Tuolumne,109,53932,2,2,0,2,0
2020-04-19,Ventura,111,848112,556,418,1,419,13
2020-04-19,Yolo,113,214977,168,120,0,120,5
2020-04-19,Yuba,115,75493,16,15,0,15,1
2020-04-18,Alameda,001,1643700,1464,1085,2,1087,40
2020-04-18,Alpine,003,1148,1,1,0,1,0
2020-04-18,Amador,005,37829,6,7,0,7,0
2020-04-18,Butte,007,227075,21,15,1,16,0
2020-04-18,Calaveras,009,45235,9,12,0,12,0
2020-04-18,Colusa,011,21464,3,3,0,3,0
2020-04-18,Contra Costa,013,1133247,847,721,0,721,17
2020-04-18,Del Norte,015,27424,2,2,0,2,0
2020-04-18,El Dorado,017,186661,53,36,0,36,0
2020-04-18,Fresno,019,978130,619,319,6,325,7
2020-04-18,Glenn,021,27897,4,3,0,3,0
2020-04-18,Humboldt,023,135768,57,52,0,52,0
2020-04-18,Imperial,025,180216,310,137,0,137,2
2020-04-18,Inyo,027,18085,19,17,0,17,0
2020-04-18,Kern,029,883053,828,626,1,627,3
2020-04-18,Kings,031,150075,69,17,1,18,1
2020-04-18,Lake,033,64148,6,6,0,6,0
2020-04-18,Lassen,035,31185,1,0,2,2,0
2020-04-18,Los Angeles,037,10098052,19240,11984,16,12000,566
2020-04-18,Madera,039,155013,71,34,1,35,2
2020-04-18,Marin,041,260295,205,193,1,194,10
2020-04-18,Mariposa,043,17540,2,0,0,0,0
2020-04-18,Mendocino,045,87422,7,4,0,4,0
2020-04-18,Merced,047,269075,129,82,0,82,3
2020-04-18,Modoc,049,8938,0,0,0,0,0
2020-04-18,Mono,051,14174,29,22,0,22,1
2020-04-18,Monterey,053,433212,200,135,1,136,3
2020-04-18,Napa,055,140530,64,49,0,49,2
2020-04-18,Nevada,057,99092,39,34,1,35,1
2020-04-18,Orange,059,3164182,2447,1569,14,1583,32
2020-04-18,Placer,061,380077,149,130,0,130,8
2020-04-18,Plumas,063,18699,4,4,0,4,0
2020-04-18,Riverside,065,2383286,3652,2257,14,2271,56
2020-04-18,Sacramento,067,1510023,999,901,0,901,32
2020-04-18,San Benito,069,59416,43,40,0,40,2
2020-04-18,San Bernardino,071,2135413,1836,1255,1,1256,58
2020-04-18,San Diego,073,3302833,2999,2215,0,2215,71
2020-04-18,San Francisco,075,870044,1415,1144,0,1144,19
2020-04-18,San Joaquin,077,732212,495,392,3,395,17
2020-04-18,San Luis Obispo,079,281455,195,129,3,132,1
2020-04-18,San Mateo,081,765935,1136,821,2,823,31
2020-04-18,Santa Barbara,083,443738,546,372,2,374,3
2020-04-18,Santa Clara,085,1922200,2267,1862,4,1866,79
2020-04-18,Santa Cruz,087,273765,121,96,0,96,2
2020-04-18,Shasta,089,179085,31,26,0,26,3
2020-04-18,Sierra,091,2930,0,0,0,0,0
2020-04-18,Siskiyou,093,43540,5,5,0,5,0
2020-04-18,Solano,095,438530,224,175,0,175,2
2020-04-18,Sonoma,097,501317,206,168,0,168,1
2020-04-18,Stanislaus,099,539301,283,216,4,220,3
2020-04-18,Sutter,101,95872,26,21,0,21,2
2020-04-18,Tehama,103,63373,1,1,0,1,1
2020-04-18,Trinity,105,12862,0,0,0,0,0
2020-04-18,Tulare,107,460477,600,385,5,390,17
2020-04-18,Tuolumne,109,53932,2,2,0,2,0
2020-04-18,Ventura,111,848112,548,416,1,417,13
2020-04-18,Yolo,113,214977,166,118,0,118,5
2020-04-18,Yuba,115,75493,16,14,0,14,1
2020-04-17,Alameda,001,1643700,1408,1043,1,1044,40
2020-04-17,Alpine,003,1148,1,1,0,1,0
2020-04-17,Amador,005,37829,6,7,0,7,0
2020-04-17,Butte,007,227075,21,15,1,16,0
2020-04-17,Calaveras,009,45235,9,11,0,11,0
2020-04-17,Colusa,011,21464,3,3,0,3,0
2020-04-17,Contra Costa,013,1133247,836,687,0,687,15
2020-04-17,Del Norte,015,27424,2,2,0,2,0
2020-04-17,El Dorado,017,186661,53,35,0,35,0
2020-04-17,Fresno,019,978130,597,315,6,321,7
2020-04-17,Glenn,021,27897,4,3,0,3,0
2020-04-17,Humboldt,023,135768,56,52,0,52,0
2020-04-17,Imperial,025,180216,301,135,0,135,2
2020-04-17,Inyo,027,18085,19,17,0,17,0
2020-04-17,Kern,029,883053,808,612,1,613,3
2020-04-17,Kings,031,150075,67,15,1,16,1
2020-04-17,Lake,033,64148,6,6,0,6,0
2020-04-17,Lassen,035,31185,1,0,2,2,0
2020-04-17,Los Angeles,037,10098052,18597,11354,16,11370,489
2020-04-17,Madera,039,155013,71,34,1,35,2
2020-04-17,Marin,041,260295,202,189,1,190,10
2020-04-17,Mariposa,043,17540,1,0,0,0,0
2020-04-17,Mendocino,045,87422,7,4,0,4,0
2020-04-17,Merced,047,269075,128,80,0,80,3
2020-04-17,Modoc,049,8938,0,0,0,0,0
2020-04-17,Mono,051,14174,29,22,0,22,1
2020-04-17,Monterey,053,433212,195,119,1,120,3
2020-04-17,Napa,055,140530,62,46,0,46,2
2020-04-17,Nevada,057,99092,38,34,1,35,1
2020-04-17,Orange,059,3164182,2396,1496,14,1510,31
2020-04-17,Placer,061,380077,149,130,0,130,8
2020-04-17,Plumas,063,18699,4,4,0,4,0
2020-04-17,Riverside,065,2383286,3525,2080,14,2094,50
2020-04-17,Sacramento,067,1510023,992,882,0,882,32
2020-04-17,San Benito,069,59416,43,38,0,38,2
2020-04-17,San Bernardino,071,2135413,1797,1229,1,1230,57
2020-04-17,San Diego,073,3302833,2909,2160,0,2160,70
2020-04-17,San Francisco,075,870044,1389,1090,0,1090,19
2020-04-17,San Joaquin,077,732212,484,356,3,359,17
2020-04-17,San Luis Obispo,079,281455,188,116,3,119,1
2020-04-17,San Mateo,081,765935,1120,768,2,770,31
2020-04-17,Santa Barbara,083,443738,541,349,2,351,3
2020-04-17,Santa Clara,085,1922200,2231,1834,4,1838,74
2020-04-17,Santa Cruz,087,273765,120,94,0,94,2
2020-04-17,Shasta,089,179085,31,26,0,26,3
2020-04-17,Sierra,091,2930,0,0,0,0,0
2020-04-17,Siskiyou,093,43540,5,5,0,5,0
2020-04-17,Solano,095,438530,223,173,0,173,2
2020-04-17,Sonoma,097,501317,203,167,0,167,1
2020-04-17,Stanislaus,099,539301,281,201,4,205,3
2020-04-17,Sutter,101,95872,26,20,0,20,2
2020-04-17,Tehama,103,63373,1,1,0,1,1
2020-04-17,Trinity,105,12862,0,0,0,0,0
2020-04-17,Tulare,107,460477,593,370,5,375,17
2020-04-17,Tuolumne,109,53932,2,2,0,2,0
2020-04-17,Ventura,111,848112,543,398,1,399,13
2020-04-17,Yolo,113,214977,165,117,0,117,5
2020-04-17,Yuba,115,75493,16,14,0,14,1
2020-04-16,Alameda,001,1643700,1373,981,1,982,39
2020-04-16,Alpine,003,1148,1,1,0,1,0
2020-04-16,Amador,005,37829,6,7,0,7,0
2020-04-16,Butte,007,227075,20,15,1,16,0
2020-04-16,Calaveras,009,45235,9,10,0,10,0
2020-04-16,Colusa,011,21464,3,3,0,3,0
2020-04-16,Contra Costa,013,1133247,822,675,0,675,14
2020-04-16,Del Norte,015,27424,2,2,0,2,0
2020-04-16,El Dorado,017,186661,52,34,0,34,0
2020-04-16,Fresno,019,978130,567,289,6,295,7
2020-04-16,Glenn,021,27897,4,3,0,3,0
2020-04-16,Humboldt,023,135768,56,47,0,47,0
2020-04-16,Imperial,025,180216,287,132,0,132,2
2020-04-16,Inyo,027,18085,17,17,0,17,0
2020-04-16,Kern,029,883053,781,587,1,588,3
2020-04-16,Kings,031,150075,63,12,1,13,1
2020-04-16,Lake,033,64148,6,6,0,6,0
2020-04-16,Lassen,035,31185,1,0,2,2,0
2020-04-16,Los Angeles,037,10098052,17712,10786,16,10802,447
2020-04-16,Madera,039,155013,69,34,1,35,2
2020-04-16,Marin,041,260295,198,170,1,171,10
2020-04-16,Mariposa,043,17540,1,1,0,1,0
2020-04-16,Mendocino,045,87422,7,4,0,4,0
2020-04-16,Merced,047,269075,122,76,0,76,3
2020-04-16,Modoc,049,8938,0,0,0,0,0
2020-04-16,Mono,051,14174,29,22,0,22,1
2020-04-16,Monterey,053,433212,192,116,1,117,3
2020-04-16,Napa,055,140530,59,44,0,44,2
2020-04-16,Nevada,057,99092,38,34,1,35,1
2020-04-16,Orange,059,3164182,2331,1439,13,1452,28
2020-04-16,Placer,061,380077,147,129,0,129,7
2020-04-16,Plumas,063,18699,4,4,0,4,0
2020-04-16,Riverside,065,2383286,3405,1913,14,1927,45
2020-04-16,Sacramento,067,1510023,984,865,0,865,32
2020-04-16,San Benito,069,59416,43,36,0,36,2
2020-04-16,San Bernardino,071,2135413,1714,1143,0,1143,54
2020-04-16,San Diego,073,3302833,2801,2089,0,2089,63
2020-04-16,San Francisco,075,870044,1345,1039,0,1039,16
2020-04-16,San Joaquin,077,732212,469,345,3,348,17
2020-04-16,San Luis Obispo,079,281455,184,113,3,116,1
2020-04-16,San Mateo,081,765935,1091,745,2,747,29
2020-04-16,Santa Barbara,083,443738,528,331,2,333,3
2020-04-16,Santa Clara,085,1922200,2194,1789,4,1793,70
2020-04-16,Santa Cruz,087,273765,118,90,0,90,2
2020-04-16,Shasta,089,179085,31,25,0,25,3
2020-04-16,Sierra,091,2930,0,0,0,0,0
2020-04-16,Siskiyou,093,43540,5,5,0,5,0
2020-04-16,Solano,095,438530,220,162,0,162,2
2020-04-16,Sonoma,097,501317,198,145,0,145,1
2020-04-16,Stanislaus,099,539301,278,185,4,189,3
2020-04-16,Sutter,101,95872,25,21,0,21,2
2020-04-16,Tehama,103,63373,1,1,0,1,1
2020-04-16,Trinity,105,12862,0,0,0,0,0
2020-04-16,Tulare,107,460477,576,305,5,310,16
2020-04-16,Tuolumne,109,53932,2,1,0,1,0
2020-04-16,Ventura,111,848112,531,384,1,385,13
2020-04-16,Yolo,113,214977,163,98,0,98,4
2020-04-16,Yuba,115,75493,15,14,0,14,1
2020-04-15,Alameda,001,1643700,1323,915,1,916,38
2020-04-15,Alpine,003,1148,1,1,0,1,0
2020-04-15,Amador,005,37829,6,7,0,7,0
2020-04-15,Butte,007,227075,20,14,1,15,0
2020-04-15,Calaveras,009,45235,8,9,0,9,0
2020-04-15,Colusa,011,21464,3,3,0,3,0
2020-04-15,Contra Costa,013,1133247,800,645,0,645,14
2020-04-15,Del Norte,015,27424,2,2,0,2,0
2020-04-15,El Dorado,017,186661,50,33,0,33,0
2020-04-15,Fresno,019,978130,542,264,6,270,7
2020-04-15,Glenn,021,27897,4,3,0,3,0
2020-04-15,Humboldt,023,135768,56,47,0,47,0
2020-04-15,Imperial,025,180216,260,115,0,115,2
2020-04-15,Inyo,027,18085,17,12,0,12,0
2020-04-15,Kern,029,883053,759,500,1,501,3
2020-04-15,Kings,031,150075,59,12,1,13,1
2020-04-15,Lake,033,64148,6,4,0,4,0
2020-04-15,Lassen,035,31185,1,0,2,2,0
2020-04-15,Los Angeles,037,10098052,16892,10416,15,10431,394
2020-04-15,Madera,039,155013,69,30,1,31,2
2020-04-15,Marin,041,260295,195,162,1,163,10
2020-04-15,Mariposa,043,17540,0,0,0,0,0
2020-04-15,Mendocino,045,87422,6,4,0,4,0
2020-04-15,Merced,047,269075,120,74,0,74,3
2020-04-15,Modoc,049,8938,0,0,0,0,0
2020-04-15,Mono,051,14174,29,22,0,22,1
2020-04-15,Monterey,053,433212,184,106,1,107,3
2020-04-15,Napa,055,140530,56,34,0,34,2
2020-04-15,Nevada,057,99092,37,34,1,35,1
2020-04-15,Orange,059,3164182,2228,1377,13,1390,24
2020-04-15,Placer,061,380077,146,123,0,123,6
2020-04-15,Plumas,063,18699,4,4,0,4,0
2020-04-15,Riverside,065,2383286,3210,1723,14,1737,42
2020-04-15,Sacramento,067,1510023,975,839,0,839,32
2020-04-15,San Benito,069,59416,43,34,0,34,2
2020-04-15,San Bernardino,071,2135413,1644,1063,0,1063,45
2020-04-15,San Diego,073,3302833,2713,2014,0,2014,60
2020-04-15,San Francisco,075,870044,1309,1006,0,1006,16
2020-04-15,San Joaquin,077,732212,461,329,3,332,17
2020-04-15,San Luis Obispo,079,281455,176,112,3,115,1
2020-04-15,San Mateo,081,765935,1042,707,2,709,28
2020-04-15,Santa Barbara,083,443738,508,317,2,319,2
2020-04-15,Santa Clara,085,1922200,2155,1692,4,1696,69
2020-04-15,Santa Cruz,087,273765,114,92,0,92,2
2020-04-15,Shasta,089,179085,31,25,0,25,3
2020-04-15,Sierra,091,2930,0,0,0,0,0
2020-04-15,Siskiyou,093,43540,5,5,0,5,0
2020-04-15,Solano,095,438530,215,153,0,153,2
2020-04-15,Sonoma,097,501317,196,140,0,140,1
2020-04-15,Stanislaus,099,539301,271,174,4,178,3
2020-04-15,Sutter,101,95872,25,19,0,19,2
2020-04-15,Tehama,103,63373,1,1,0,1,1
2020-04-15,Trinity,105,12862,0,0,0,0,0
2020-04-15,Tulare,107,460477,558,289,5,294,14
2020-04-15,Tuolumne,109,53932,2,1,0,1,0
2020-04-15,Ventura,111,848112,516,365,1,366,13
2020-04-15,Yolo,113,214977,159,93,0,93,3
2020-04-15,Yuba,115,75493,15,15,0,15,1
2020-04-14,Alameda,001,1643700,1278,843,1,844,30
2020-04-14,Alpine,003,1148,1,1,0,1,0
2020-04-14,Amador,005,37829,6,6,0,6,0
2020-04-14,Butte,007,227075,20,13,1,14,0
2020-04-14,Calaveras,009,45235,8,5,0,5,0
2020-04-14,Colusa,011,21464,3,3,0,3,0
2020-04-14,Contra Costa,013,1133247,788,617,0,617,12
2020-04-14,Del Norte,015,27424,2,2,0,2,0
2020-04-14,El Dorado,017,186661,50,30,0,30,0
2020-04-14,Fresno,019,978130,519,244,6,250,6
2020-04-14,Glenn,021,27897,4,3,0,3,0
2020-04-14,Humboldt,023,135768,56,44,0,44,0
2020-04-14,Imperial,025,180216,240,86,0,86,2
2020-04-14,Inyo,027,18085,17,12,0,12,0
2020-04-14,Kern,029,883053,736,453,1,454,3
2020-04-14,Kings,031,150075,58,12,1,13,1
2020-04-14,Lake,033,64148,6,3,0,3,0
2020-04-14,Lassen,035,31185,1,0,2,2,0
2020-04-14,Los Angeles,037,10098052,15998,9948,14,9962,357
2020-04-14,Madera,039,155013,68,29,1,30,2
2020-04-14,Marin,041,260295,191,147,1,148,9
2020-04-14,Mariposa,043,17540,0,0,0,0,0
2020-04-14,Mendocino,045,87422,6,4,0,4,0
2020-04-14,Merced,047,269075,113,61,0,61,3
2020-04-14,Modoc,049,8938,0,0,0,0,0
2020-04-14,Mono,051,14174,29,22,0,22,1
2020-04-14,Monterey,053,433212,179,98,1,99,3
2020-04-14,Napa,055,140530,56,33,0,33,2
2020-04-14,Nevada,057,99092,37,34,1,35,1
2020-04-14,Orange,059,3164182,2126,1362,13,1375,24
2020-04-14,Placer,061,380077,145,117,0,117,5
2020-04-14,Plumas,063,18699,4,3,0,3,0
2020-04-14,Riverside,065,2383286,3075,1467,14,1481,40
2020-04-14,Sacramento,067,1510023,966,737,0,737,29
2020-04-14,San Benito,069,59416,40,34,0,34,2
2020-04-14,San Bernardino,071,2135413,1589,933,0,933,37
2020-04-14,San Diego,073,3302833,2618,1932,0,1932,53
2020-04-14,San Francisco,075,870044,1255,968,0,968,14
2020-04-14,San Joaquin,077,732212,451,280,3,283,17
2020-04-14,San Luis Obispo,079,281455,173,109,3,112,1
2020-04-14,San Mateo,081,765935,1008,681,2,683,28
2020-04-14,Santa Barbara,083,443738,483,292,2,294,2
2020-04-14,Santa Clara,085,1922200,2122,1561,4,1565,63
2020-04-14,Santa Cruz,087,273765,106,84,0,84,2
2020-04-14,Shasta,089,179085,31,24,0,24,3
2020-04-14,Sierra,091,2930,0,0,0,0,0
2020-04-14,Siskiyou,093,43540,5,5,0,5,0
2020-04-14,Solano,095,438530,212,140,0,140,2
2020-04-14,Sonoma,097,501317,192,133,0,133,1
2020-04-14,Stanislaus,099,539301,258,136,4,140,3
2020-04-14,Sutter,101,95872,24,19,0,19,2
2020-04-14,Tehama,103,63373,1,1,0,1,1
2020-04-14,Trinity,105,12862,0,0,0,0,0
2020-04-14,Tulare,107,460477,534,228,5,233,12
2020-04-14,Tuolumne,109,53932,2,0,0,0,0
2020-04-14,Ventura,111,848112,503,328,1,329,11
2020-04-14,Yolo,113,214977,155,81,0,81,3
2020-04-14,Yuba,115,75493,14,14,0,14,1
2020-04-13,Alameda,001,1643700,1239,821,1,822,23
2020-04-13,Alpine,003,1148,1,1,0,1,0
2020-04-13,Amador,005,37829,6,6,0,6,0
2020-04-13,Butte,007,227075,20,13,1,14,0
2020-04-13,Calaveras,009,45235,7,5,0,5,0
2020-04-13,Colusa,011,21464,3,3,0,3,0
2020-04-13,Contra Costa,013,1133247,772,569,0,569,12
2020-04-13,Del Norte,015,27424,2,2,0,2,0
2020-04-13,El Dorado,017,186661,48,29,0,29,0
2020-04-13,Fresno,019,978130,497,205,5,210,4
2020-04-13,Glenn,021,27897,4,3,0,3,0
2020-04-13,Humboldt,023,135768,56,44,0,44,0
2020-04-13,Imperial,025,180216,222,82,0,82,2
2020-04-13,Inyo,027,18085,17,12,0,12,0
2020-04-13,Kern,029,883053,711,346,1,347,3
2020-04-13,Kings,031,150075,54,9,1,10,0
2020-04-13,Lake,033,64148,6,3,0,3,0
2020-04-13,Lassen,035,31185,1,0,2,2,0
2020-04-13,Los Angeles,037,10098052,15284,9367,14,9381,317
2020-04-13,Madera,039,155013,66,29,1,30,2
2020-04-13,Marin,041,260295,187,144,1,145,6
2020-04-13,Mariposa,043,17540,0,0,0,0,0
2020-04-13,Mendocino,045,87422,6,4,0,4,0
2020-04-13,Merced,047,269075,112,60,0,60,3
2020-04-13,Modoc,049,8938,0,0,0,0,0
2020-04-13,Mono,051,14174,29,21,0,21,1
2020-04-13,Monterey,053,433212,172,86,1,87,3
2020-04-13,Napa,055,140530,55,30,0,30,2
2020-04-13,Nevada,057,99092,37,24,1,25,1
2020-04-13,Orange,059,3164182,2053,1313,13,1326,21
2020-04-13,Placer,061,380077,144,116,0,116,5
2020-04-13,Plumas,063,18699,4,3,0,3,0
2020-04-13,Riverside,065,2383286,2934,1460,13,1473,35
2020-04-13,Sacramento,067,1510023,954,723,0,723,25
2020-04-13,San Benito,069,59416,39,33,0,33,2
2020-04-13,San Bernardino,071,2135413,1514,920,0,920,30
2020-04-13,San Diego,073,3302833,2535,1849,0,1849,47
2020-04-13,San Francisco,075,870044,1217,948,0,948,12
2020-04-13,San Joaquin,077,732212,436,255,3,258,16
2020-04-13,San Luis Obispo,079,281455,168,106,3,109,1
2020-04-13,San Mateo,081,765935,968,679,2,681,25
2020-04-13,Santa Barbara,083,443738,464,271,1,272,2
2020-04-13,Santa Clara,085,1922200,2076,1540,4,1544,58
2020-04-13,Santa Cruz,087,273765,100,82,0,82,1
2020-04-13,Shasta,089,179085,30,24,0,24,3
2020-04-13,Sierra,091,2930,0,0,0,0,0
2020-04-13,Siskiyou,093,43540,5,5,0,5,0
2020-04-13,Solano,095,438530,209,136,0,136,2
2020-04-13,Sonoma,097,501317,185,133,0,133,1
2020-04-13,Stanislaus,099,539301,252,130,4,134,1
2020-04-13,Sutter,101,95872,24,18,0,18,2
2020-04-13,Tehama,103,63373,1,1,0,1,0
2020-04-13,Trinity,105,12862,0,0,0,0,0
2020-04-13,Tulare,107,460477,498,185,5,190,11
2020-04-13,Tuolumne,109,53932,2,0,0,0,0
2020-04-13,Ventura,111,848112,482,309,0,309,9
2020-04-13,Yolo,113,214977,149,81,0,81,3
2020-04-13,Yuba,115,75493,14,13,0,13,1
2020-04-12,Alameda,001,1643700,1196,774,1,775,23
2020-04-12,Alpine,003,1148,1,1,0,1,0
2020-04-12,Amador,005,37829,6,6,0,6,0
2020-04-12,Butte,007,227075,20,13,1,14,0
2020-04-12,Calaveras,009,45235,7,5,0,5,0
2020-04-12,Colusa,011,21464,3,3,0,3,0
2020-04-12,Contra Costa,013,1133247,760,553,0,553,12
2020-04-12,Del Norte,015,27424,2,2,0,2,0
2020-04-12,El Dorado,017,186661,48,28,0,28,0
2020-04-12,Fresno,019,978130,468,205,5,210,4
2020-04-12,Glenn,021,27897,4,3,0,3,0
2020-04-12,Humboldt,023,135768,56,43,0,43,0
2020-04-12,Imperial,025,180216,199,78,0,78,2
2020-04-12,Inyo,027,18085,15,12,0,12,0
2020-04-12,Kern,029,883053,679,319,0,319,3
2020-04-12,Kings,031,150075,52,9,1,10,0
2020-04-12,Lake,033,64148,6,3,0,3,0
2020-04-12,Lassen,035,31185,1,0,2,2,0
2020-04-12,Los Angeles,037,10098052,14571,9133,14,9147,294
2020-04-12,Madera,039,155013,65,29,1,30,2
2020-04-12,Marin,041,260295,176,138,1,139,6
2020-04-12,Mariposa,043,17540,0,0,0,0,0
2020-04-12,Mendocino,045,87422,6,4,0,4,0
2020-04-12,Merced,047,269075,106,58,0,58,3
2020-04-12,Modoc,049,8938,0,0,0,0,0
2020-04-12,Mono,051,14174,29,20,0,20,1
2020-04-12,Monterey,053,433212,158,85,1,86,3
2020-04-12,Napa,055,140530,53,29,0,29,2
2020-04-12,Nevada,057,99092,37,24,1,25,1
2020-04-12,Orange,059,3164182,1993,1283,12,1295,21
2020-04-12,Placer,061,380077,143,114,0,114,4
2020-04-12,Plumas,063,18699,4,3,0,3,0
2020-04-12,Riverside,065,2383286,2752,1330,13,1343,34
2020-04-12,Sacramento,067,1510023,917,689,0,689,25
2020-04-12,San Benito,069,59416,37,33,0,33,2
2020-04-12,San Bernardino,071,2135413,1438,827,0,827,30
2020-04-12,San Diego,073,3302833,2445,1806,0,1806,45
2020-04-12,San Francisco,075,870044,1190,886,0,886,11
2020-04-12,San Joaquin,077,732212,418,246,3,249,15
2020-04-12,San Luis Obispo,079,281455,165,102,2,104,1
2020-04-12,San Mateo,081,765935,942,664,2,666,25
2020-04-12,Santa Barbara,083,443738,438,261,1,262,2
2020-04-12,Santa Clara,085,1922200,2048,1461,4,1465,53
2020-04-12,Santa Cruz,087,273765,98,80,0,80,1
2020-04-12,Shasta,089,179085,30,24,0,24,3
2020-04-12,Sierra,091,2930,0,0,0,0,0
2020-04-12,Siskiyou,093,43540,5,5,0,5,0
2020-04-12,Solano,095,438530,203,136,0,136,2
2020-04-12,Sonoma,097,501317,182,131,0,131,1
2020-04-12,Stanislaus,099,539301,244,117,4,121,1
2020-04-12,Sutter,101,95872,23,18,0,18,2
2020-04-12,Tehama,103,63373,1,1,0,1,0
2020-04-12,Trinity,105,12862,0,0,0,0,0
2020-04-12,Tulare,107,460477,486,166,5,171,11
2020-04-12,Tuolumne,109,53932,2,0,0,0,0
2020-04-12,Ventura,111,848112,473,306,0,306,9
2020-04-12,Yolo,113,214977,136,67,0,67,3
2020-04-12,Yuba,115,75493,14,13,0,13,1
2020-04-11,Alameda,001,1643700,1155,751,1,752,23
2020-04-11,Alpine,003,1148,1,1,0,1,0
2020-04-11,Amador,005,37829,6,6,0,6,0
2020-04-11,Butte,007,227075,20,13,1,14,0
2020-04-11,Calaveras,009,45235,7,5,0,5,0
2020-04-11,Colusa,011,21464,3,3,0,3,0
2020-04-11,Contra Costa,013,1133247,751,550,0,550,12
2020-04-11,Del Norte,015,27424,2,2,0,2,0
2020-04-11,El Dorado,017,186661,47,29,0,29,0
2020-04-11,Fresno,019,978130,458,201,5,206,4
2020-04-11,Glenn,021,27897,4,3,0,3,0
2020-04-11,Humboldt,023,135768,56,38,0,38,0
2020-04-11,Imperial,025,180216,189,78,0,78,2
2020-04-11,Inyo,027,18085,15,12,0,12,0
2020-04-11,Kern,029,883053,651,304,0,304,3
2020-04-11,Kings,031,150075,49,9,1,10,0
2020-04-11,Lake,033,64148,6,3,0,3,0
2020-04-11,Lassen,035,31185,1,0,2,2,0
2020-04-11,Los Angeles,037,10098052,14101,8823,14,8837,262
2020-04-11,Madera,039,155013,64,29,1,30,2
2020-04-11,Marin,041,260295,173,136,1,137,6
2020-04-11,Mariposa,043,17540,0,0,0,0,0
2020-04-11,Mendocino,045,87422,6,4,0,4,0
2020-04-11,Merced,047,269075,103,59,0,59,3
2020-04-11,Modoc,049,8938,0,0,0,0,0
2020-04-11,Mono,051,14174,29,20,0,20,1
2020-04-11,Monterey,053,433212,152,78,1,79,3
2020-04-11,Napa,055,140530,53,29,0,29,2
2020-04-11,Nevada,057,99092,37,24,1,25,1
2020-04-11,Orange,059,3164182,1931,1267,12,1279,21
2020-04-11,Placer,061,380077,143,113,0,113,4
2020-04-11,Plumas,063,18699,4,3,0,3,0
2020-04-11,Riverside,065,2383286,2673,1260,13,1273,33
2020-04-11,Sacramento,067,1510023,906,685,0,685,25
2020-04-11,San Benito,069,59416,37,33,0,33,2
2020-04-11,San Bernardino,071,2135413,1402,826,0,826,28
2020-04-11,San Diego,073,3302833,2379,1763,0,1763,45
2020-04-11,San Francisco,075,870044,1168,860,0,860,11
2020-04-11,San Joaquin,077,732212,413,244,3,247,15
2020-04-11,San Luis Obispo,079,281455,165,100,1,101,1
2020-04-11,San Mateo,081,765935,930,662,2,664,25
2020-04-11,Santa Barbara,083,443738,430,258,1,259,2
2020-04-11,Santa Clara,085,1922200,1989,1441,4,1445,51
2020-04-11,Santa Cruz,087,273765,98,79,0,79,1
2020-04-11,Shasta,089,179085,30,24,0,24,3
2020-04-11,Sierra,091,2930,0,0,0,0,0
2020-04-11,Siskiyou,093,43540,5,5,0,5,0
2020-04-11,Solano,095,438530,199,138,0,138,2
2020-04-11,Sonoma,097,501317,180,131,0,131,1
2020-04-11,Stanislaus,099,539301,236,119,3,122,1
2020-04-11,Sutter,101,95872,23,18,0,18,2
2020-04-11,Tehama,103,63373,1,1,0,1,0
2020-04-11,Trinity,105,12862,0,0,0,0,0
2020-04-11,Tulare,107,460477,464,168,5,173,10
2020-04-11,Tuolumne,109,53932,2,0,0,0,0
2020-04-11,Ventura,111,848112,463,304,0,304,9
2020-04-11,Yolo,113,214977,133,67,0,67,3
2020-04-11,Yuba,115,75493,14,13,0,13,1
2020-04-10,Alameda,001,1643700,1114,706,1,707,21
2020-04-10,Alpine,003,1148,1,1,0,1,0
2020-04-10,Amador,005,37829,6,5,0,5,0
2020-04-10,Butte,007,227075,20,13,1,14,0
2020-04-10,Calaveras,009,45235,7,5,0,5,0
2020-04-10,Colusa,011,21464,3,3,0,3,0
2020-04-10,Contra Costa,013,1133247,738,537,0,537,10
2020-04-10,Del Norte,015,27424,2,2,0,2,0
2020-04-10,El Dorado,017,186661,47,26,0,26,0
2020-04-10,Fresno,019,978130,451,186,4,190,3
2020-04-10,Glenn,021,27897,4,3,0,3,0
2020-04-10,Humboldt,023,135768,56,36,0,36,0
2020-04-10,Imperial,025,180216,182,70,0,70,2
2020-04-10,Inyo,027,18085,13,11,0,11,0
2020-04-10,Kern,029,883053,627,272,0,272,3
2020-04-10,Kings,031,150075,46,7,1,8,0
2020-04-10,Lake,033,64148,6,3,0,3,0
2020-04-10,Lassen,035,31185,1,0,2,2,0
2020-04-10,Los Angeles,037,10098052,13588,8384,13,8397,239
2020-04-10,Madera,039,155013,63,29,1,30,2
2020-04-10,Marin,041,260295,168,128,1,129,6
2020-04-10,Mariposa,043,17540,0,0,0,0,0
2020-04-10,Mendocino,045,87422,6,4,0,4,0
2020-04-10,Merced,047,269075,100,56,0,56,3
2020-04-10,Modoc,049,8938,0,0,0,0,0
2020-04-10,Mono,051,14174,29,20,0,20,1
2020-04-10,Monterey,053,433212,141,78,1,79,3
2020-04-10,Napa,055,140530,50,28,0,28,2
2020-04-10,Nevada,057,99092,37,23,1,24,1
2020-04-10,Orange,059,3164182,1884,1167,12,1179,21
2020-04-10,Placer,061,380077,142,112,0,112,4
2020-04-10,Plumas,063,18699,4,3,0,3,0
2020-04-10,Riverside,065,2383286,2607,1162,13,1175,30
2020-04-10,Sacramento,067,1510023,897,642,0,642,24
2020-04-10,San Benito,069,59416,37,32,0,32,2
2020-04-10,San Bernardino,071,2135413,1354,779,0,779,27
2020-04-10,San Diego,073,3302833,2319,1695,0,1695,44
2020-04-10,San Francisco,075,870044,1137,797,0,797,10
2020-04-10,San Joaquin,077,732212,401,234,3,237,14
2020-04-10,San Luis Obispo,079,281455,165,97,1,98,1
2020-04-10,San Mateo,081,765935,914,642,2,644,24
2020-04-10,Santa Barbara,083,443738,418,254,1,255,2
2020-04-10,Santa Clara,085,1922200,1937,1351,4,1355,50
2020-04-10,Santa Cruz,087,273765,97,75,0,75,1
2020-04-10,Shasta,089,179085,30,24,0,24,3
2020-04-10,Sierra,091,2930,0,0,0,0,0
2020-04-10,Siskiyou,093,43540,5,5,0,5,0
2020-04-10,Solano,095,438530,196,129,0,129,2
2020-04-10,Sonoma,097,501317,179,129,0,129,1
2020-04-10,Stanislaus,099,539301,229,101,3,104,0
2020-04-10,Sutter,101,95872,23,18,0,18,2
2020-04-10,Tehama,103,63373,1,1,0,1,0
2020-04-10,Trinity,105,12862,0,0,0,0,0
2020-04-10,Tulare,107,460477,422,163,5,168,10
2020-04-10,Tuolumne,109,53932,2,0,0,0,0
2020-04-10,Ventura,111,848112,454,290,0,290,9
2020-04-10,Yolo,113,214977,131,62,0,62,3
2020-04-10,Yuba,115,75493,14,13,0,13,1
2020-04-09,Alameda,001,1643700,1064,641,1,642,17
2020-04-09,Alpine,003,1148,1,1,0,1,0
2020-04-09,Amador,005,37829,6,2,0,2,0
2020-04-09,Butte,007,227075,19,12,1,13,0
2020-04-09,Calaveras,009,45235,7,5,0,5,0
2020-04-09,Colusa,011,21464,3,3,0,3,0
2020-04-09,Contra Costa,013,1133247,695,505,0,505,7
2020-04-09,Del Norte,015,27424,2,2,0,2,0
2020-04-09,El Dorado,017,186661,46,25,0,25,0
2020-04-09,Fresno,019,978130,426,165,4,169,3
2020-04-09,Glenn,021,27897,4,2,0,2,0
2020-04-09,Humboldt,023,135768,56,36,0,36,0
2020-04-09,Imperial,025,180216,161,67,0,67,2
2020-04-09,Inyo,027,18085,12,11,0,11,0
2020-04-09,Kern,029,883053,591,241,0,241,2
2020-04-09,Kings,031,150075,43,5,1,6,0
2020-04-09,Lake,033,64148,5,1,0,1,0
2020-04-09,Lassen,035,31185,1,0,2,2,0
2020-04-09,Los Angeles,037,10098052,12960,7919,13,7932,220
2020-04-09,Madera,039,155013,63,28,1,29,2
2020-04-09,Marin,041,260295,166,126,1,127,7
2020-04-09,Mariposa,043,17540,0,0,0,0,0
2020-04-09,Mendocino,045,87422,6,4,0,4,0
2020-04-09,Merced,047,269075,97,41,0,41,3
2020-04-09,Modoc,049,8938,0,0,0,0,0
2020-04-09,Mono,051,14174,29,19,0,19,1
2020-04-09,Monterey,053,433212,123,70,1,71,3
2020-04-09,Napa,055,140530,46,27,0,27,2
2020-04-09,Nevada,057,99092,36,23,1,24,1
2020-04-09,Orange,059,3164182,1810,1105,12,1117,19
2020-04-09,Placer,061,380077,141,107,0,107,4
2020-04-09,Plumas,063,18699,4,3,0,3,0
2020-04-09,Riverside,065,2383286,2464,1083,13,1096,29
2020-04-09,Sacramento,067,1510023,874,601,0,601,21
2020-04-09,San Benito,069,59416,37,32,0,32,2
2020-04-09,San Bernardino,071,2135413,1285,717,0,717,27
2020-04-09,San Diego,073,3302833,2223,1630,0,1630,40
2020-04-09,San Francisco,075,870044,1117,748,0,748,8
2020-04-09,San Joaquin,077,732212,380,223,3,226,14
2020-04-09,San Luis Obispo,079,281455,157,93,1,94,1
2020-04-09,San Mateo,081,765935,898,630,2,632,23
2020-04-09,Santa Barbara,083,443738,407,232,1,233,2
2020-04-09,Santa Clara,085,1922200,1867,1301,4,1305,49
2020-04-09,Santa Cruz,087,273765,97,73,0,73,1
2020-04-09,Shasta,089,179085,30,22,0,22,3
2020-04-09,Sierra,091,2930,0,0,0,0,0
2020-04-09,Siskiyou,093,43540,5,4,0,4,0
2020-04-09,Solano,095,438530,187,118,0,118,2
2020-04-09,Sonoma,097,501317,175,113,0,113,1
2020-04-09,Stanislaus,099,539301,217,93,3,96,0
2020-04-09,Sutter,101,95872,23,17,0,17,2
2020-04-09,Tehama,103,63373,1,1,0,1,0
2020-04-09,Trinity,105,12862,0,0,0,0,0
2020-04-09,Tulare,107,460477,394,147,5,152,9
2020-04-09,Tuolumne,109,53932,2,0,0,0,0
2020-04-09,Ventura,111,848112,435,273,0,273,9
2020-04-09,Yolo,113,214977,122,59,0,59,3
2020-04-09,Yuba,115,75493,14,13,0,13,0
2020-04-08,Alameda,001,1643700,1023,594,1,595,15
2020-04-08,Alpine,003,1148,1,1,0,1,0
2020-04-08,Amador,005,37829,6,2,0,2,0
2020-04-08,Butte,007,227075,18,11,1,12,0
2020-04-08,Calaveras,009,45235,7,5,0,5,0
2020-04-08,Colusa,011,21464,3,3,0,3,0
2020-04-08,Contra Costa,013,1133247,682,481,0,481,7
2020-04-08,Del Norte,015,27424,2,2,0,2,0
2020-04-08,El Dorado,017,186661,46,25,0,25,0
2020-04-08,Fresno,019,978130,406,151,4,155,3
2020-04-08,Glenn,021,27897,4,2,0,2,0
2020-04-08,Humboldt,023,135768,56,40,0,40,0
2020-04-08,Imperial,025,180216,150,59,0,59,2
2020-04-08,Inyo,027,18085,12,11,0,11,0
2020-04-08,Kern,029,883053,550,198,0,198,2
2020-04-08,Kings,031,150075,43,5,1,6,0
2020-04-08,Lake,033,64148,5,1,0,1,0
2020-04-08,Lassen,035,31185,1,0,2,2,0
2020-04-08,Los Angeles,037,10098052,12357,7505,13,7518,196
2020-04-08,Madera,039,155013,62,28,1,29,2
2020-04-08,Marin,041,260295,160,125,1,126,7
2020-04-08,Mariposa,043,17540,0,0,0,0,0
2020-04-08,Mendocino,045,87422,6,4,0,4,0
2020-04-08,Merced,047,269075,82,35,0,35,1
2020-04-08,Modoc,049,8938,0,0,0,0,0
2020-04-08,Mono,051,14174,29,19,0,19,1
2020-04-08,Monterey,053,433212,114,68,1,69,3
2020-04-08,Napa,055,140530,44,21,0,21,2
2020-04-08,Nevada,057,99092,36,21,1,22,1
2020-04-08,Orange,059,3164182,1747,1034,12,1046,19
2020-04-08,Placer,061,380077,141,102,0,102,4
2020-04-08,Plumas,063,18699,4,3,0,3,0
2020-04-08,Riverside,065,2383286,2307,974,13,987,28
2020-04-08,Sacramento,067,1510023,840,565,0,565,21
2020-04-08,San Benito,069,59416,37,31,0,31,2
2020-04-08,San Bernardino,071,2135413,1228,635,0,635,22
2020-04-08,San Diego,073,3302833,2149,1532,0,1532,36
2020-04-08,San Francisco,075,870044,1049,687,0,687,7
2020-04-08,San Joaquin,077,732212,363,211,3,214,12
2020-04-08,San Luis Obispo,079,281455,155,90,1,91,1
2020-04-08,San Mateo,081,765935,883,608,2,610,22
2020-04-08,Santa Barbara,083,443738,386,221,1,222,2
2020-04-08,Santa Clara,085,1922200,1822,1257,4,1261,47
2020-04-08,Santa Cruz,087,273765,96,69,0,69,1
2020-04-08,Shasta,089,179085,30,18,0,18,3
2020-04-08,Sierra,091,2930,0,0,0,0,0
2020-04-08,Siskiyou,093,43540,5,4,0,4,0
2020-04-08,Solano,095,438530,174,111,0,111,2
2020-04-08,Sonoma,097,501317,170,107,0,107,1
2020-04-08,Stanislaus,099,539301,201,86,3,89,0
2020-04-08,Sutter,101,95872,22,17,0,17,2
2020-04-08,Tehama,103,63373,1,1,0,1,0
2020-04-08,Trinity,105,12862,0,0,0,0,0
2020-04-08,Tulare,107,460477,363,145,5,150,6
2020-04-08,Tuolumne,109,53932,2,0,0,0,0
2020-04-08,Ventura,111,848112,426,263,0,263,7
2020-04-08,Yolo,113,214977,105,56,0,56,3
2020-04-08,Yuba,115,75493,14,10,0,10,0
2020-04-07,Alameda,001,1643700,988,560,1,561,14
2020-04-07,Alpine,003,1148,1,1,0,1,0
2020-04-07,Amador,005,37829,6,2,0,2,0
2020-04-07,Butte,007,227075,17,11,1,12,0
2020-04-07,Calaveras,009,45235,6,5,0,5,0
2020-04-07,Colusa,011,21464,3,2,0,2,0
2020-04-07,Contra Costa,013,1133247,662,471,0,471,7
2020-04-07,Del Norte,015,27424,2,2,0,2,0
2020-04-07,El Dorado,017,186661,45,22,0,22,0
2020-04-07,Fresno,019,978130,390,138,4,142,3
2020-04-07,Glenn,021,27897,4,2,0,2,0
2020-04-07,Humboldt,023,135768,55,40,0,40,0
2020-04-07,Imperial,025,180216,132,53,0,53,2
2020-04-07,Inyo,027,18085,12,11,0,11,0
2020-04-07,Kern,029,883053,507,134,0,134,2
2020-04-07,Kings,031,150075,40,5,1,6,0
2020-04-07,Lake,033,64148,4,1,0,1,0
2020-04-07,Lassen,035,31185,1,0,2,2,0
2020-04-07,Los Angeles,037,10098052,11708,6885,13,6898,170
2020-04-07,Madera,039,155013,60,28,0,28,2
2020-04-07,Marin,041,260295,158,122,1,123,7
2020-04-07,Mariposa,043,17540,0,0,0,0,0
2020-04-07,Mendocino,045,87422,6,4,0,4,0
2020-04-07,Merced,047,269075,67,27,0,27,1
2020-04-07,Modoc,049,8938,0,0,0,0,0
2020-04-07,Mono,051,14174,28,18,0,18,1
2020-04-07,Monterey,053,433212,106,63,1,64,2
2020-04-07,Napa,055,140530,42,18,0,18,2
2020-04-07,Nevada,057,99092,36,20,1,21,1
2020-04-07,Orange,059,3164182,1700,971,11,982,19
2020-04-07,Placer,061,380077,136,94,0,94,3
2020-04-07,Plumas,063,18699,4,3,0,3,0
2020-04-07,Riverside,065,2383286,2150,905,13,918,25
2020-04-07,Sacramento,067,1510023,810,513,0,513,18
2020-04-07,San Benito,069,59416,37,26,0,26,2
2020-04-07,San Bernardino,071,2135413,1161,554,0,554,19
2020-04-07,San Diego,073,3302833,2072,1456,0,1456,31
2020-04-07,San Francisco,075,870044,989,636,0,636,6
2020-04-07,San Joaquin,077,732212,345,198,3,201,12
2020-04-07,San Luis Obispo,079,281455,148,87,1,88,1
2020-04-07,San Mateo,081,765935,862,573,2,575,22
2020-04-07,Santa Barbara,083,443738,370,209,1,210,2
2020-04-07,Santa Clara,085,1922200,1753,1193,3,1196,46
2020-04-07,Santa Cruz,087,273765,96,67,0,67,1
2020-04-07,Shasta,089,179085,29,16,0,16,3
2020-04-07,Sierra,091,2930,0,0,0,0,0
2020-04-07,Siskiyou,093,43540,5,4,0,4,0
2020-04-07,Solano,095,438530,169,99,0,99,1
2020-04-07,Sonoma,097,501317,167,102,0,102,1
2020-04-07,Stanislaus,099,539301,184,83,3,86,0
2020-04-07,Sutter,101,95872,22,16,0,16,2
2020-04-07,Tehama,103,63373,1,1,0,1,0
2020-04-07,Trinity,105,12862,0,0,0,0,0
2020-04-07,Tulare,107,460477,334,144,5,149,5
2020-04-07,Tuolumne,109,53932,2,1,0,1,0
2020-04-07,Ventura,111,848112,409,247,0,247,6
2020-04-07,Yolo,113,214977,98,51,0,51,2
2020-04-07,Yuba,115,75493,14,10,0,10,0
2020-04-06,Alameda,001,1643700,958,527,1,528,13
2020-04-06,Alpine,003,1148,1,1,0,1,0
2020-04-06,Amador,005,37829,5,2,0,2,0
2020-04-06,Butte,007,227075,16,11,1,12,0
2020-04-06,Calaveras,009,45235,6,4,0,4,0
2020-04-06,Colusa,011,21464,3,1,0,1,0
2020-04-06,Contra Costa,013,1133247,637,447,0,447,7
2020-04-06,Del Norte,015,27424,2,2,0,2,0
2020-04-06,El Dorado,017,186661,43,23,0,23,0
2020-04-06,Fresno,019,978130,368,122,4,126,1
2020-04-06,Glenn,021,27897,4,2,0,2,0
2020-04-06,Humboldt,023,135768,54,37,0,37,0
2020-04-06,Imperial,025,180216,125,47,0,47,1
2020-04-06,Inyo,027,18085,11,11,0,11,0
2020-04-06,Kern,029,883053,470,117,0,117,2
2020-04-06,Kings,031,150075,40,3,1,4,0
2020-04-06,Lake,033,64148,4,1,0,1,0
2020-04-06,Lassen,035,31185,1,0,2,2,0
2020-04-06,Los Angeles,037,10098052,10975,6346,13,6359,145
2020-04-06,Madera,039,155013,58,29,0,29,2
2020-04-06,Marin,041,260295,155,119,1,120,7
2020-04-06,Mariposa,043,17540,0,0,0,0,0
2020-04-06,Mendocino,045,87422,6,4,0,4,0
2020-04-06,Merced,047,269075,60,25,0,25,1
2020-04-06,Modoc,049,8938,0,0,0,0,0
2020-04-06,Mono,051,14174,28,18,0,18,1
2020-04-06,Monterey,053,433212,101,62,1,63,2
2020-04-06,Napa,055,140530,42,18,0,18,2
2020-04-06,Nevada,057,99092,36,19,1,20,1
2020-04-06,Orange,059,3164182,1656,910,10,920,17
2020-04-06,Placer,061,380077,136,90,0,90,3
2020-04-06,Plumas,063,18699,4,2,0,2,0
2020-04-06,Riverside,065,2383286,2024,854,13,867,17
2020-04-06,Sacramento,067,1510023,780,448,0,448,15
2020-04-06,San Benito,069,59416,35,25,0,25,1
2020-04-06,San Bernardino,071,2135413,1102,550,0,550,13
2020-04-06,San Diego,073,3302833,1990,1406,0,1406,19
2020-04-06,San Francisco,075,870044,949,586,0,586,6
2020-04-06,San Joaquin,077,732212,330,191,3,194,10
2020-04-06,San Luis Obispo,079,281455,146,85,1,86,1
2020-04-06,San Mateo,081,765935,844,569,2,571,20
2020-04-06,Santa Barbara,083,443738,358,189,1,190,2
2020-04-06,Santa Clara,085,1922200,1700,1128,3,1131,43
2020-04-06,Santa Cruz,087,273765,94,65,0,65,1
2020-04-06,Shasta,089,179085,29,16,0,16,3
2020-04-06,Sierra,091,2930,0,0,0,0,0
2020-04-06,Siskiyou,093,43540,4,4,0,4,0
2020-04-06,Solano,095,438530,162,95,0,95,1
2020-04-06,Sonoma,097,501317,166,102,0,102,1
2020-04-06,Stanislaus,099,539301,168,72,3,75,0
2020-04-06,Sutter,101,95872,22,14,0,14,2
2020-04-06,Tehama,103,63373,1,1,0,1,0
2020-04-06,Trinity,105,12862,0,0,0,0,0
2020-04-06,Tulare,107,460477,318,126,5,131,5
2020-04-06,Tuolumne,109,53932,2,1,0,1,0
2020-04-06,Ventura,111,848112,391,234,0,234,6
2020-04-06,Yolo,113,214977,94,43,0,43,1
2020-04-06,Yuba,115,75493,14,8,0,8,0
2020-04-05,Alameda,001,1643700,916,475,1,476,12
2020-04-05,Alpine,003,1148,1,1,0,1,0
2020-04-05,Amador,005,37829,5,2,0,2,0
2020-04-05,Butte,007,227075,16,10,1,11,0
2020-04-05,Calaveras,009,45235,6,3,0,3,0
2020-04-05,Colusa,011,21464,3,1,0,1,0
2020-04-05,Contra Costa,013,1133247,620,415,0,415,6
2020-04-05,Del Norte,015,27424,2,1,0,1,0
2020-04-05,El Dorado,017,186661,41,19,0,19,0
2020-04-05,Fresno,019,978130,334,102,4,106,1
2020-04-05,Glenn,021,27897,4,2,0,2,0
2020-04-05,Humboldt,023,135768,54,29,0,29,0
2020-04-05,Imperial,025,180216,117,42,0,42,1
2020-04-05,Inyo,027,18085,11,10,0,10,0
2020-04-05,Kern,029,883053,415,109,0,109,2
2020-04-05,Kings,031,150075,39,4,1,5,0
2020-04-05,Lake,033,64148,4,0,0,0,0
2020-04-05,Lassen,035,31185,1,0,2,2,0
2020-04-05,Los Angeles,037,10098052,10403,5892,13,5905,130
2020-04-05,Madera,039,155013,57,27,0,27,2
2020-04-05,Marin,041,260295,155,113,1,114,6
2020-04-05,Mariposa,043,17540,0,0,0,0,0
2020-04-05,Mendocino,045,87422,6,4,0,4,0
2020-04-05,Merced,047,269075,53,16,0,16,0
2020-04-05,Modoc,049,8938,0,0,0,0,0
2020-04-05,Mono,051,14174,28,18,0,18,1
2020-04-05,Monterey,053,433212,94,61,1,62,2
2020-04-05,Napa,055,140530,40,15,0,15,2
2020-04-05,Nevada,057,99092,36,19,1,20,1
2020-04-05,Orange,059,3164182,1599,820,10,830,15
2020-04-05,Placer,061,380077,133,86,0,86,3
2020-04-05,Plumas,063,18699,3,2,0,2,0
2020-04-05,Riverside,065,2383286,1895,669,13,682,17
2020-04-05,Sacramento,067,1510023,749,393,0,393,11
2020-04-05,San Benito,069,59416,35,22,0,22,1
2020-04-05,San Bernardino,071,2135413,1028,375,0,375,13
2020-04-05,San Diego,073,3302833,1908,1328,0,1328,19
2020-04-05,San Francisco,075,870044,902,559,0,559,6
2020-04-05,San Joaquin,077,732212,315,179,3,182,10
2020-04-05,San Luis Obispo,079,281455,144,83,1,84,1
2020-04-05,San Mateo,081,765935,824,528,2,530,19
2020-04-05,Santa Barbara,083,443738,339,171,1,172,1
2020-04-05,Santa Clara,085,1922200,1652,1052,3,1055,42
2020-04-05,Santa Cruz,087,273765,94,59,0,59,1
2020-04-05,Shasta,089,179085,28,11,0,11,2
2020-04-05,Sierra,091,2930,0,0,0,0,0
2020-04-05,Siskiyou,093,43540,4,3,0,3,0
2020-04-05,Solano,095,438530,158,78,0,78,1
2020-04-05,Sonoma,097,501317,164,88,0,88,1
2020-04-05,Stanislaus,099,539301,154,51,3,54,0
2020-04-05,Sutter,101,95872,22,14,0,14,1
2020-04-05,Tehama,103,63373,1,1,0,1,0
2020-04-05,Trinity,105,12862,0,0,0,0,0
2020-04-05,Tulare,107,460477,281,81,5,86,4
2020-04-05,Tuolumne,109,53932,2,1,0,1,0
2020-04-05,Ventura,111,848112,377,196,0,196,6
2020-04-05,Yolo,113,214977,76,37,0,37,2
2020-04-05,Yuba,115,75493,14,7,0,7,0
2020-04-04,Alameda,001,1643700,893,468,1,469,12
2020-04-04,Alpine,003,1148,1,1,0,1,0
2020-04-04,Amador,005,37829,4,2,0,2,0
2020-04-04,Butte,007,227075,16,10,1,11,0
2020-04-04,Calaveras,009,45235,6,3,0,3,0
2020-04-04,Colusa,011,21464,3,1,0,1,0
2020-04-04,Contra Costa,013,1133247,612,382,0,382,5
2020-04-04,Del Norte,015,27424,2,1,0,1,0
2020-04-04,El Dorado,017,186661,41,19,0,19,0
2020-04-04,Fresno,019,978130,324,102,4,106,1
2020-04-04,Glenn,021,27897,4,2,0,2,0
2020-04-04,Humboldt,023,135768,54,29,0,29,0
2020-04-04,Imperial,025,180216,116,42,0,42,1
2020-04-04,Inyo,027,18085,11,10,0,10,0
2020-04-04,Kern,029,883053,385,103,0,103,2
2020-04-04,Kings,031,150075,39,3,1,4,0
2020-04-04,Lake,033,64148,4,0,0,0,0
2020-04-04,Lassen,035,31185,1,0,2,2,0
2020-04-04,Los Angeles,037,10098052,9786,5275,13,5288,117
2020-04-04,Madera,039,155013,55,27,0,27,2
2020-04-04,Marin,041,260295,153,111,0,111,6
2020-04-04,Mariposa,043,17540,0,0,0,0,0
2020-04-04,Mendocino,045,87422,6,4,0,4,0
2020-04-04,Merced,047,269075,49,11,0,11,0
2020-04-04,Modoc,049,8938,0,0,0,0,0
2020-04-04,Mono,051,14174,28,18,0,18,1
2020-04-04,Monterey,053,433212,90,61,1,62,2
2020-04-04,Napa,055,140530,40,15,0,15,2
2020-04-04,Nevada,057,99092,36,19,1,20,1
2020-04-04,Orange,059,3164182,1557,781,9,790,15
2020-04-04,Placer,061,380077,132,87,0,87,2
2020-04-04,Plumas,063,18699,3,2,0,2,0
2020-04-04,Riverside,065,2383286,1794,652,13,665,15
2020-04-04,Sacramento,067,1510023,731,393,0,393,11
2020-04-04,San Benito,069,59416,35,22,0,22,1
2020-04-04,San Bernardino,071,2135413,980,373,0,373,13
2020-04-04,San Diego,073,3302833,1860,1211,0,1211,18
2020-04-04,San Francisco,075,870044,864,537,0,537,6
2020-04-04,San Joaquin,077,732212,292,171,3,174,10
2020-04-04,San Luis Obispo,079,281455,144,82,1,83,0
2020-04-04,San Mateo,081,765935,813,520,2,522,17
2020-04-04,Santa Barbara,083,443738,330,167,1,168,1
2020-04-04,Santa Clara,085,1922200,1600,1045,3,1048,39
2020-04-04,Santa Cruz,087,273765,94,56,0,56,1
2020-04-04,Shasta,089,179085,27,11,0,11,2
2020-04-04,Sierra,091,2930,0,0,0,0,0
2020-04-04,Siskiyou,093,43540,4,3,0,3,0
2020-04-04,Solano,095,438530,153,79,0,79,1
2020-04-04,Sonoma,097,501317,161,88,0,88,1
2020-04-04,Stanislaus,099,539301,143,51,3,54,0
2020-04-04,Sutter,101,95872,22,14,0,14,1
2020-04-04,Tehama,103,63373,1,1,0,1,0
2020-04-04,Trinity,105,12862,0,0,0,0,0
2020-04-04,Tulare,107,460477,267,79,5,84,4
2020-04-04,Tuolumne,109,53932,2,1,0,1,0
2020-04-04,Ventura,111,848112,364,194,0,194,6
2020-04-04,Yolo,113,214977,74,40,0,40,2
2020-04-04,Yuba,115,75493,13,7,0,7,0
2020-04-03,Alameda,001,1643700,857,395,1,396,11
2020-04-03,Alpine,003,1148,1,1,0,1,0
2020-04-03,Amador,005,37829,4,2,0,2,0
2020-04-03,Butte,007,227075,16,8,1,9,0
2020-04-03,Calaveras,009,45235,6,3,0,3,0
2020-04-03,Colusa,011,21464,3,1,0,1,0
2020-04-03,Contra Costa,013,1133247,589,327,0,327,5
2020-04-03,Del Norte,015,27424,2,1,0,1,0
2020-04-03,El Dorado,017,186661,39,16,0,16,0
2020-04-03,Fresno,019,978130,312,98,4,102,1
2020-04-03,Glenn,021,27897,4,2,0,2,0
2020-04-03,Humboldt,023,135768,54,34,0,34,0
2020-04-03,Imperial,025,180216,107,35,0,35,0
2020-04-03,Inyo,027,18085,11,10,0,10,0
2020-04-03,Kern,029,883053,359,87,0,87,1
2020-04-03,Kings,031,150075,37,3,1,4,0
2020-04-03,Lake,033,64148,3,0,0,0,0
2020-04-03,Lassen,035,31185,1,0,2,2,0
2020-04-03,Los Angeles,037,10098052,9170,4566,13,4579,91
2020-04-03,Madera,039,155013,54,28,0,28,2
2020-04-03,Marin,041,260295,151,106,0,106,6
2020-04-03,Mariposa,043,17540,0,0,0,0,0
2020-04-03,Mendocino,045,87422,6,4,0,4,0
2020-04-03,Merced,047,269075,46,9,0,9,0
2020-04-03,Modoc,049,8938,0,0,0,0,0
2020-04-03,Mono,051,14174,28,18,0,18,1
2020-04-03,Monterey,053,433212,87,58,1,59,2
2020-04-03,Napa,055,140530,39,13,0,13,1
2020-04-03,Nevada,057,99092,36,19,1,20,1
2020-04-03,Orange,059,3164182,1518,713,9,722,13
2020-04-03,Placer,061,380077,128,76,0,76,2
2020-04-03,Plumas,063,18699,3,2,0,2,0
2020-04-03,Riverside,065,2383286,1714,540,13,553,14
2020-04-03,Sacramento,067,1510023,710,363,0,363,11
2020-04-03,San Benito,069,59416,35,22,0,22,1
2020-04-03,San Bernardino,071,2135413,935,356,0,356,11
2020-04-03,San Diego,073,3302833,1800,1114,0,1114,17
2020-04-03,San Francisco,075,870044,839,506,0,506,6
2020-04-03,San Joaquin,077,732212,280,162,3,165,10
2020-04-03,San Luis Obispo,079,281455,144,82,1,83,0
2020-04-03,San Mateo,081,765935,796,474,2,476,13
2020-04-03,Santa Barbara,083,443738,318,154,1,155,1
2020-04-03,Santa Clara,085,1922200,1564,983,3,986,39
2020-04-03,Santa Cruz,087,273765,94,52,0,52,1
2020-04-03,Shasta,089,179085,27,10,0,10,1
2020-04-03,Sierra,091,2930,0,0,0,0,0
2020-04-03,Siskiyou,093,43540,4,3,0,3,0
2020-04-03,Solano,095,438530,145,72,0,72,1
2020-04-03,Sonoma,097,501317,161,84,0,84,1
2020-04-03,Stanislaus,099,539301,137,48,3,51,0
2020-04-03,Sutter,101,95872,22,12,0,12,1
2020-04-03,Tehama,103,63373,1,1,0,1,0
2020-04-03,Trinity,105,12862,0,0,0,0,0
2020-04-03,Tulare,107,460477,253,73,5,78,3
2020-04-03,Tuolumne,109,53932,2,1,0,1,0
2020-04-03,Ventura,111,848112,354,186,0,186,6
2020-04-03,Yolo,113,214977,73,33,0,33,1
2020-04-03,Yuba,115,75493,13,6,0,6,0
2020-04-02,Alameda,001,1643700,806,345,1,346,10
2020-04-02,Alpine,003,1148,1,1,0,1,0
2020-04-02,Amador,005,37829,4,2,0,2,0
2020-04-02,Butte,007,227075,16,7,0,7,0
2020-04-02,Calaveras,009,45235,4,3,0,3,0
2020-04-02,Colusa,011,21464,3,1,0,1,0
2020-04-02,Contra Costa,013,1133247,559,297,0,297,3
2020-04-02,Del Norte,015,27424,2,0,0,0,0
2020-04-02,El Dorado,017,186661,37,16,0,16,0
2020-04-02,Fresno,019,978130,296,92,4,96,0
2020-04-02,Glenn,021,27897,3,2,0,2,0
2020-04-02,Humboldt,023,135768,50,23,0,23,0
2020-04-02,Imperial,025,180216,103,24,0,24,0
2020-04-02,Inyo,027,18085,10,8,0,8,0
2020-04-02,Kern,029,883053,332,74,0,74,0
2020-04-02,Kings,031,150075,37,3,1,4,0
2020-04-02,Lake,033,64148,3,0,0,0,0
2020-04-02,Lassen,035,31185,1,0,2,2,0
2020-04-02,Los Angeles,037,10098052,8338,4040,13,4053,79
2020-04-02,Madera,039,155013,52,25,0,25,1
2020-04-02,Marin,041,260295,145,102,0,102,1
2020-04-02,Mariposa,043,17540,0,0,0,0,0
2020-04-02,Mendocino,045,87422,6,4,0,4,0
2020-04-02,Merced,047,269075,41,9,0,9,0
2020-04-02,Modoc,049,8938,0,0,0,0,0
2020-04-02,Mono,051,14174,28,16,0,16,1
2020-04-02,Monterey,053,433212,85,50,1,51,2
2020-04-02,Napa,055,140530,39,13,0,13,0
2020-04-02,Nevada,057,99092,35,17,1,18,0
2020-04-02,Orange,059,3164182,1466,640,8,648,12
2020-04-02,Placer,061,380077,127,72,0,72,2
2020-04-02,Plumas,063,18699,3,1,0,1,0
2020-04-02,Riverside,065,2383286,1597,438,13,451,13
2020-04-02,Sacramento,067,1510023,692,322,0,322,9
2020-04-02,San Benito,069,59416,33,18,0,18,1
2020-04-02,San Bernardino,071,2135413,880,335,0,335,8
2020-04-02,San Diego,073,3302833,1733,968,0,968,16
2020-04-02,San Francisco,075,870044,812,473,0,473,6
2020-04-02,San Joaquin,077,732212,261,148,3,151,9
2020-04-02,San Luis Obispo,079,281455,139,79,1,80,0
2020-04-02,San Mateo,081,765935,775,423,2,425,13
2020-04-02,Santa Barbara,083,443738,304,125,1,126,1
2020-04-02,Santa Clara,085,1922200,1513,908,3,911,38
2020-04-02,Santa Cruz,087,273765,92,49,0,49,1
2020-04-02,Shasta,089,179085,26,7,0,7,1
2020-04-02,Sierra,091,2930,0,0,0,0,0
2020-04-02,Siskiyou,093,43540,4,3,0,3,0
2020-04-02,Solano,095,438530,135,65,0,65,0
2020-04-02,Sonoma,097,501317,157,76,0,76,1
2020-04-02,Stanislaus,099,539301,126,40,3,43,0
2020-04-02,Sutter,101,95872,21,10,0,10,1
2020-04-02,Tehama,103,63373,1,1,0,1,0
2020-04-02,Trinity,105,12862,0,0,0,0,0
2020-04-02,Tulare,107,460477,219,64,5,69,1
2020-04-02,Tuolumne,109,53932,2,1,0,1,0
2020-04-02,Ventura,111,848112,336,178,0,178,5
2020-04-02,Yolo,113,214977,71,29,0,29,1
2020-04-02,Yuba,115,75493,10,5,0,5,0
2020-04-01,Alameda,001,1643700,779,287,1,288,8
2020-04-01,Alpine,003,1148,1,1,0,1,0
2020-04-01,Amador,005,37829,4,1,0,1,0
2020-04-01,Butte,007,227075,16,6,0,6,0
2020-04-01,Calaveras,009,45235,3,3,0,3,0
2020-04-01,Colusa,011,21464,3,1,0,1,0
2020-04-01,Contra Costa,013,1133247,515,267,0,267,3
2020-04-01,Del Norte,015,27424,2,0,0,0,0
2020-04-01,El Dorado,017,186661,36,14,0,14,0
2020-04-01,Fresno,019,978130,274,75,3,78,0
2020-04-01,Glenn,021,27897,3,2,0,2,0
2020-04-01,Humboldt,023,135768,50,19,0,19,0
2020-04-01,Imperial,025,180216,96,25,0,25,0
2020-04-01,Inyo,027,18085,10,8,0,8,0
2020-04-01,Kern,029,883053,305,53,0,53,0
2020-04-01,Kings,031,150075,35,3,1,4,0
2020-04-01,Lake,033,64148,3,0,0,0,0
2020-04-01,Lassen,035,31185,1,0,2,2,0
2020-04-01,Los Angeles,037,10098052,7689,3502,13,3515,66
2020-04-01,Madera,039,155013,50,17,0,17,1
2020-04-01,Marin,041,260295,141,87,0,87,1
2020-04-01,Mariposa,043,17540,0,0,0,0,0
2020-04-01,Mendocino,045,87422,6,4,0,4,0
2020-04-01,Merced,047,269075,38,7,0,7,0
2020-04-01,Modoc,049,8938,0,0,0,0,0
2020-04-01,Mono,051,14174,28,12,0,12,1
2020-04-01,Monterey,053,433212,84,47,1,48,2
2020-04-01,Napa,055,140530,36,11,0,11,0
2020-04-01,Nevada,057,99092,35,15,1,16,0
2020-04-01,Orange,059,3164182,1414,579,8,587,11
2020-04-01,Placer,061,380077,125,52,0,52,2
2020-04-01,Plumas,063,18699,3,1,0,1,0
2020-04-01,Riverside,065,2383286,1429,306,12,318,11
2020-04-01,Sacramento,067,1510023,659,299,0,299,8
2020-04-01,San Benito,069,59416,30,14,0,14,1
2020-04-01,San Bernardino,071,2135413,831,245,0,245,5
2020-04-01,San Diego,073,3302833,1663,851,0,851,11
2020-04-01,San Francisco,075,870044,784,432,0,432,6
2020-04-01,San Joaquin,077,732212,250,132,3,135,8
2020-04-01,San Luis Obispo,079,281455,133,69,1,70,0
2020-04-01,San Mateo,081,765935,757,354,2,356,13
2020-04-01,Santa Barbara,083,443738,286,103,1,104,0
2020-04-01,Santa Clara,085,1922200,1471,805,3,808,33
2020-04-01,Santa Cruz,087,273765,87,44,0,44,1
2020-04-01,Shasta,089,179085,25,5,0,5,1
2020-04-01,Sierra,091,2930,0,0,0,0,0
2020-04-01,Siskiyou,093,43540,4,3,0,3,0
2020-04-01,Solano,095,438530,130,57,0,57,0
2020-04-01,Sonoma,097,501317,153,60,0,60,1
2020-04-01,Stanislaus,099,539301,115,29,3,32,0
2020-04-01,Sutter,101,95872,21,9,0,9,1
2020-04-01,Tehama,103,63373,1,0,0,0,0
2020-04-01,Trinity,105,12862,0,0,0,0,0
2020-04-01,Tulare,107,460477,181,43,5,48,1
2020-04-01,Tuolumne,109,53932,2,1,0,1,0
2020-04-01,Ventura,111,848112,323,154,0,154,5
2020-04-01,Yolo,113,214977,66,22,0,22,1
2020-04-01,Yuba,115,75493,9,5,0,5,0
2020-03-31,Alameda,001,1643700,711,269,1,270,7
2020-03-31,Alpine,003,1148,1,1,0,1,0
2020-03-31,Amador,005,37829,4,1,0,1,0
2020-03-31,Butte,007,227075,16,6,0,6,0
2020-03-31,Calaveras,009,45235,3,3,0,3,0
2020-03-31,Colusa,011,21464,3,1,0,1,0
2020-03-31,Contra Costa,013,1133247,490,246,0,246,3
2020-03-31,Del Norte,015,27424,1,0,0,0,0
2020-03-31,El Dorado,017,186661,32,14,0,14,0
2020-03-31,Fresno,019,978130,249,59,3,62,0
2020-03-31,Glenn,021,27897,3,2,0,2,0
2020-03-31,Humboldt,023,135768,50,18,0,18,0
2020-03-31,Imperial,025,180216,91,17,0,17,0
2020-03-31,Inyo,027,18085,10,8,0,8,0
2020-03-31,Kern,029,883053,281,47,0,47,0
2020-03-31,Kings,031,150075,33,2,1,3,0
2020-03-31,Lake,033,64148,1,0,0,0,0
2020-03-31,Lassen,035,31185,1,0,2,2,0
2020-03-31,Los Angeles,037,10098052,7024,3001,13,3014,53
2020-03-31,Madera,039,155013,49,17,0,17,1
2020-03-31,Marin,041,260295,132,85,0,85,1
2020-03-31,Mariposa,043,17540,0,0,0,0,0
2020-03-31,Mendocino,045,87422,6,4,0,4,0
2020-03-31,Merced,047,269075,33,6,0,6,0
2020-03-31,Modoc,049,8938,0,0,0,0,0
2020-03-31,Mono,051,14174,26,12,0,12,0
2020-03-31,Monterey,053,433212,82,43,1,44,2
2020-03-31,Napa,055,140530,35,9,0,9,0
2020-03-31,Nevada,057,99092,35,15,1,16,0
2020-03-31,Orange,059,3164182,1344,506,8,514,7
2020-03-31,Placer,061,380077,118,49,0,49,2
2020-03-31,Plumas,063,18699,1,0,0,0,0
2020-03-31,Riverside,065,2383286,1283,284,12,296,8
2020-03-31,Sacramento,067,1510023,607,271,0,271,8
2020-03-31,San Benito,069,59416,30,14,0,14,1
2020-03-31,San Bernardino,071,2135413,746,193,0,193,5
2020-03-31,San Diego,073,3302833,1581,736,0,736,9
2020-03-31,San Francisco,075,870044,749,404,0,404,5
2020-03-31,San Joaquin,077,732212,234,122,3,125,7
2020-03-31,San Luis Obispo,079,281455,129,67,1,68,0
2020-03-31,San Mateo,081,765935,738,297,2,299,12
2020-03-31,Santa Barbara,083,443738,270,89,1,90,0
2020-03-31,Santa Clara,085,1922200,1421,777,3,780,30
2020-03-31,Santa Cruz,087,273765,80,40,0,40,1
2020-03-31,Shasta,089,179085,22,5,0,5,1
2020-03-31,Sierra,091,2930,0,0,0,0,0
2020-03-31,Siskiyou,093,43540,4,3,0,3,0
2020-03-31,Solano,095,438530,116,56,0,56,0
2020-03-31,Sonoma,097,501317,148,58,0,58,1
2020-03-31,Stanislaus,099,539301,100,28,3,31,0
2020-03-31,Sutter,101,95872,21,8,0,8,0
2020-03-31,Tehama,103,63373,1,0,0,0,0
2020-03-31,Trinity,105,12862,0,0,0,0,0
2020-03-31,Tulare,107,460477,158,42,4,46,1
2020-03-31,Tuolumne,109,53932,2,1,0,1,0
2020-03-31,Ventura,111,848112,312,143,0,143,4
2020-03-31,Yolo,113,214977,59,21,0,21,1
2020-03-31,Yuba,115,75493,9,5,0,5,0
2020-03-30,Alameda,001,1643700,671,250,1,251,7
2020-03-30,Alpine,003,1148,1,1,0,1,0
2020-03-30,Amador,005,37829,4,1,0,1,0
2020-03-30,Butte,007,227075,14,5,0,5,0
2020-03-30,Calaveras,009,45235,3,3,0,3,0
2020-03-30,Colusa,011,21464,3,1,0,1,0
2020-03-30,Contra Costa,013,1133247,464,212,0,212,3
2020-03-30,Del Norte,015,27424,0,0,0,0,0
2020-03-30,El Dorado,017,186661,32,11,0,11,0
2020-03-30,Fresno,019,978130,224,46,3,49,0
2020-03-30,Glenn,021,27897,3,2,0,2,0
2020-03-30,Humboldt,023,135768,48,11,0,11,0
2020-03-30,Imperial,025,180216,88,9,0,9,0
2020-03-30,Inyo,027,18085,10,5,0,5,0
2020-03-30,Kern,029,883053,248,30,0,30,0
2020-03-30,Kings,031,150075,33,1,1,2,0
2020-03-30,Lake,033,64148,1,0,0,0,0
2020-03-30,Lassen,035,31185,1,0,1,1,0
2020-03-30,Los Angeles,037,10098052,6369,2467,13,2480,44
2020-03-30,Madera,039,155013,48,14,0,14,1
2020-03-30,Marin,041,260295,125,78,0,78,0
2020-03-30,Mariposa,043,17540,0,0,0,0,0
2020-03-30,Mendocino,045,87422,5,2,0,2,0
2020-03-30,Merced,047,269075,29,6,0,6,0
2020-03-30,Modoc,049,8938,0,0,0,0,0
2020-03-30,Mono,051,14174,26,11,0,11,0
2020-03-30,Monterey,053,433212,77,41,1,42,1
2020-03-30,Napa,055,140530,34,9,0,9,0
2020-03-30,Nevada,057,99092,34,14,1,15,0
2020-03-30,Orange,059,3164182,1278,418,8,426,5
2020-03-30,Placer,061,380077,115,44,0,44,2
2020-03-30,Plumas,063,18699,1,0,0,0,0
2020-03-30,Riverside,065,2383286,1203,204,12,216,7
2020-03-30,Sacramento,067,1510023,583,238,0,238,8
2020-03-30,San Benito,069,59416,30,11,0,11,1
2020-03-30,San Bernardino,071,2135413,702,145,0,145,4
2020-03-30,San Diego,073,3302833,1511,605,0,605,7
2020-03-30,San Francisco,075,870044,709,368,0,368,5
2020-03-30,San Joaquin,077,732212,227,112,3,115,5
2020-03-30,San Luis Obispo,079,281455,126,62,1,63,0
2020-03-30,San Mateo,081,765935,714,257,2,259,11
2020-03-30,Santa Barbara,083,443738,260,79,1,80,0
2020-03-30,Santa Clara,085,1922200,1390,745,3,748,31
2020-03-30,Santa Cruz,087,273765,77,36,0,36,1
2020-03-30,Shasta,089,179085,21,4,0,4,1
2020-03-30,Sierra,091,2930,0,0,0,0,0
2020-03-30,Siskiyou,093,43540,4,2,0,2,0
2020-03-30,Solano,095,438530,110,50,0,50,0
2020-03-30,Sonoma,097,501317,145,57,0,57,1
2020-03-30,Stanislaus,099,539301,93,28,3,31,0
2020-03-30,Sutter,101,95872,20,6,0,6,0
2020-03-30,Tehama,103,63373,1,0,0,0,0
2020-03-30,Trinity,105,12862,0,0,0,0,0
2020-03-30,Tulare,107,460477,146,40,3,43,1
2020-03-30,Tuolumne,109,53932,2,1,0,1,0
2020-03-30,Ventura,111,848112,301,118,0,118,2
2020-03-30,Yolo,113,214977,56,17,0,17,1
2020-03-30,Yuba,115,75493,8,5,0,5,0
2020-03-29,Alameda,001,1643700,637,207,1,208,6
2020-03-29,Alpine,003,1148,1,0,0,0,0
2020-03-29,Amador,005,37829,4,1,0,1,0
2020-03-29,Butte,007,227075,14,4,0,4,0
2020-03-29,Calaveras,009,45235,3,2,0,2,0
2020-03-29,Colusa,011,21464,3,1,0,1,0
2020-03-29,Contra Costa,013,1133247,434,187,0,187,3
2020-03-29,Del Norte,015,27424,0,0,0,0,0
2020-03-29,El Dorado,017,186661,31,9,0,9,0
2020-03-29,Fresno,019,978130,200,31,3,34,0
2020-03-29,Glenn,021,27897,2,1,0,1,0
2020-03-29,Humboldt,023,135768,45,9,0,9,0
2020-03-29,Imperial,025,180216,82,9,0,9,0
2020-03-29,Inyo,027,18085,9,0,0,0,0
2020-03-29,Kern,029,883053,230,20,0,20,0
2020-03-29,Kings,031,150075,30,1,1,2,0
2020-03-29,Lake,033,64148,0,0,0,0,0
2020-03-29,Lassen,035,31185,1,0,1,1,0
2020-03-29,Los Angeles,037,10098052,5724,2119,13,2132,37
2020-03-29,Madera,039,155013,43,11,0,11,1
2020-03-29,Marin,041,260295,120,60,0,60,0
2020-03-29,Mariposa,043,17540,0,0,0,0,0
2020-03-29,Mendocino,045,87422,5,2,0,2,0
2020-03-29,Merced,047,269075,28,4,0,4,0
2020-03-29,Modoc,049,8938,0,0,0,0,0
2020-03-29,Mono,051,14174,26,8,0,8,0
2020-03-29,Monterey,053,433212,72,36,1,37,1
2020-03-29,Napa,055,140530,32,5,0,5,0
2020-03-29,Nevada,057,99092,32,13,1,14,0
2020-03-29,Orange,059,3164182,1205,343,8,351,2
2020-03-29,Placer,061,380077,114,35,0,35,2
2020-03-29,Plumas,063,18699,1,0,0,0,0
2020-03-29,Riverside,065,2383286,1079,122,12,134,7
2020-03-29,Sacramento,067,1510023,543,217,0,217,7
2020-03-29,San Benito,069,59416,29,10,0,10,1
2020-03-29,San Bernardino,071,2135413,650,94,0,94,2
2020-03-29,San Diego,073,3302833,1439,521,0,521,7
2020-03-29,San Francisco,075,870044,665,333,0,333,5
2020-03-29,San Joaquin,077,732212,218,86,3,89,4
2020-03-29,San Luis Obispo,079,281455,119,55,0,55,0
2020-03-29,San Mateo,081,765935,689,234,2,236,12
2020-03-29,Santa Barbara,083,443738,249,52,1,53,0
2020-03-29,Santa Clara,085,1922200,1333,591,3,594,30
2020-03-29,Santa Cruz,087,273765,77,33,0,33,1
2020-03-29,Shasta,089,179085,20,4,0,4,1
2020-03-29,Sierra,091,2930,0,0,0,0,0
2020-03-29,Siskiyou,093,43540,4,2,0,2,0
2020-03-29,Solano,095,438530,102,48,0,48,0
2020-03-29,Sonoma,097,501317,143,35,0,35,1
2020-03-29,Stanislaus,099,539301,88,19,3,22,0
2020-03-29,Sutter,101,95872,17,6,0,6,0
2020-03-29,Tehama,103,63373,1,0,0,0,0
2020-03-29,Trinity,105,12862,0,0,0,0,0
2020-03-29,Tulare,107,460477,121,24,3,27,1
2020-03-29,Tuolumne,109,53932,1,1,0,1,0
2020-03-29,Ventura,111,848112,274,92,0,92,2
2020-03-29,Yolo,113,214977,51,13,0,13,1
2020-03-29,Yuba,115,75493,8,3,0,3,0
2020-03-28,Alameda,001,1643700,610,410,1,411,12
2020-03-28,Alpine,003,1148,1,0,0,0,0
2020-03-28,Amador,005,37829,4,2,0,2,0
2020-03-28,Butte,007,227075,14,8,0,8,0
2020-03-28,Calaveras,009,45235,3,4,0,4,0
2020-03-28,Colusa,011,21464,3,2,0,2,0
2020-03-28,Contra Costa,013,1133247,411,350,0,350,4
2020-03-28,Del Norte,015,27424,0,0,0,0,0
2020-03-28,El Dorado,017,186661,30,18,0,18,0
2020-03-28,Fresno,019,978130,190,62,3,65,0
2020-03-28,Glenn,021,27897,2,2,0,2,0
2020-03-28,Humboldt,023,135768,45,18,0,18,0
2020-03-28,Imperial,025,180216,77,18,0,18,0
2020-03-28,Inyo,027,18085,9,0,0,0,0
2020-03-28,Kern,029,883053,213,40,0,40,0
2020-03-28,Kings,031,150075,29,2,1,3,0
2020-03-28,Lake,033,64148,0,0,0,0,0
2020-03-28,Lassen,035,31185,1,0,1,1,0
2020-03-28,Los Angeles,037,10098052,5337,3600,12,3612,64
2020-03-28,Madera,039,155013,43,22,0,22,2
2020-03-28,Marin,041,260295,115,116,0,116,0
2020-03-28,Mariposa,043,17540,0,0,0,0,0
2020-03-28,Mendocino,045,87422,5,4,0,4,0
2020-03-28,Merced,047,269075,27,8,0,8,0
2020-03-28,Modoc,049,8938,0,0,0,0,0
2020-03-28,Mono,051,14174,24,12,0,12,0
2020-03-28,Monterey,053,433212,71,64,1,65,2
2020-03-28,Napa,055,140530,27,10,0,10,0
2020-03-28,Nevada,057,99092,32,22,1,23,0
2020-03-28,Orange,059,3164182,1169,656,8,664,4
2020-03-28,Placer,061,380077,109,70,0,70,2
2020-03-28,Plumas,063,18699,1,0,0,0,0
2020-03-28,Riverside,065,2383286,1011,242,12,254,14
2020-03-28,Sacramento,067,1510023,525,406,0,406,14
2020-03-28,San Benito,069,59416,29,20,0,20,2
2020-03-28,San Bernardino,071,2135413,602,162,0,162,4
2020-03-28,San Diego,073,3302833,1380,980,0,980,14
2020-03-28,San Francisco,075,870044,641,600,0,600,6
2020-03-28,San Joaquin,077,732212,210,166,3,169,8
2020-03-28,San Luis Obispo,079,281455,117,104,0,104,0
2020-03-28,San Mateo,081,765935,669,462,2,464,17
2020-03-28,Santa Barbara,083,443738,238,98,1,99,0
2020-03-28,Santa Clara,085,1922200,1314,1174,3,1177,54
2020-03-28,Santa Cruz,087,273765,76,62,0,62,0
2020-03-28,Shasta,089,179085,20,8,0,8,2
2020-03-28,Sierra,091,2930,0,0,0,0,0
2020-03-28,Siskiyou,093,43540,4,4,0,4,0
2020-03-28,Solano,095,438530,98,96,0,96,0
2020-03-28,Sonoma,097,501317,141,70,0,70,2
2020-03-28,Stanislaus,099,539301,83,34,3,37,0
2020-03-28,Sutter,101,95872,17,6,0,6,0
2020-03-28,Tehama,103,63373,1,0,0,0,0
2020-03-28,Trinity,105,12862,0,0,0,0,0
2020-03-28,Tulare,107,460477,114,46,3,49,0
2020-03-28,Tuolumne,109,53932,1,2,0,2,0
2020-03-28,Ventura,111,848112,270,178,0,178,4
2020-03-28,Yolo,113,214977,50,26,0,26,2
2020-03-28,Yuba,115,75493,8,6,0,6,0
2020-03-27,Alameda,001,1643700,592,185,1,186,4
2020-03-27,Alpine,003,1148,1,0,0,0,0
2020-03-27,Amador,005,37829,3,1,0,1,0
2020-03-27,Butte,007,227075,12,4,0,4,0
2020-03-27,Calaveras,009,45235,3,2,0,2,0
2020-03-27,Colusa,011,21464,3,0,0,0,0
2020-03-27,Contra Costa,013,1133247,390,161,0,161,2
2020-03-27,Del Norte,015,27424,0,0,0,0,0
2020-03-27,El Dorado,017,186661,28,9,0,9,0
2020-03-27,Fresno,019,978130,178,29,2,31,0
2020-03-27,Glenn,021,27897,2,0,0,0,0
2020-03-27,Humboldt,023,135768,41,9,0,9,0
2020-03-27,Imperial,025,180216,72,9,0,9,0
2020-03-27,Inyo,027,18085,9,0,0,0,0
2020-03-27,Kern,029,883053,200,20,0,20,0
2020-03-27,Kings,031,150075,28,0,1,1,0
2020-03-27,Lake,033,64148,0,0,0,0,0
2020-03-27,Lassen,035,31185,1,0,1,1,0
2020-03-27,Los Angeles,037,10098052,4926,1474,12,1486,26
2020-03-27,Madera,039,155013,41,10,0,10,1
2020-03-27,Marin,041,260295,110,58,0,58,0
2020-03-27,Mariposa,043,17540,0,0,0,0,0
2020-03-27,Mendocino,045,87422,5,2,0,2,0
2020-03-27,Merced,047,269075,26,3,0,3,0
2020-03-27,Modoc,049,8938,0,0,0,0,0
2020-03-27,Mono,051,14174,24,6,0,6,0
2020-03-27,Monterey,053,433212,68,26,1,27,1
2020-03-27,Napa,055,140530,27,5,0,5,0
2020-03-27,Nevada,057,99092,32,6,1,7,0
2020-03-27,Orange,059,3164182,1119,299,8,307,2
2020-03-27,Placer,061,380077,106,33,0,33,1
2020-03-27,Plumas,063,18699,0,0,0,0,0
2020-03-27,Riverside,065,2383286,955,121,12,133,7
2020-03-27,Sacramento,067,1510023,502,163,0,163,6
2020-03-27,San Benito,069,59416,28,9,0,9,1
2020-03-27,San Bernardino,071,2135413,512,77,0,77,2
2020-03-27,San Diego,073,3302833,1323,419,0,419,5
2020-03-27,San Francisco,075,870044,616,285,0,285,2
2020-03-27,San Joaquin,077,732212,199,73,3,76,3
2020-03-27,San Luis Obispo,079,281455,115,46,0,46,0
2020-03-27,San Mateo,081,765935,643,213,2,215,7
2020-03-27,Santa Barbara,083,443738,222,37,1,38,0
2020-03-27,Santa Clara,085,1922200,1276,557,3,560,25
2020-03-27,Santa Cruz,087,273765,75,31,0,31,0
2020-03-27,Shasta,089,179085,17,3,0,3,1
2020-03-27,Sierra,091,2930,0,0,0,0,0
2020-03-27,Siskiyou,093,43540,4,2,0,2,0
2020-03-27,Solano,095,438530,92,48,0,48,0
2020-03-27,Sonoma,097,501317,133,35,0,35,1
2020-03-27,Stanislaus,099,539301,81,16,3,19,0
2020-03-27,Sutter,101,95872,16,2,0,2,0
2020-03-27,Tehama,103,63373,1,0,0,0,0
2020-03-27,Trinity,105,12862,0,0,0,0,0
2020-03-27,Tulare,107,460477,106,15,3,18,0
2020-03-27,Tuolumne,109,53932,1,1,0,1,0
2020-03-27,Ventura,111,848112,261,80,0,80,2
2020-03-27,Yolo,113,214977,49,13,0,13,1
2020-03-27,Yuba,115,75493,7,3,0,3,0
2020-03-26,Alameda,001,1643700,552,172,1,173,4
2020-03-26,Alpine,003,1148,1,0,0,0,0
2020-03-26,Amador,005,37829,3,1,0,1,0
2020-03-26,Butte,007,227075,12,4,0,4,0
2020-03-26,Calaveras,009,45235,3,2,0,2,0
2020-03-26,Colusa,011,21464,3,0,0,0,0
2020-03-26,Contra Costa,013,1133247,380,147,0,147,2
2020-03-26,Del Norte,015,27424,0,0,0,0,0
2020-03-26,El Dorado,017,186661,26,7,0,7,0
2020-03-26,Fresno,019,978130,169,25,2,27,0
2020-03-26,Glenn,021,27897,2,0,0,0,0
2020-03-26,Humboldt,023,135768,37,8,0,8,0
2020-03-26,Imperial,025,180216,68,8,0,8,0
2020-03-26,Inyo,027,18085,8,0,0,0,0
2020-03-26,Kern,029,883053,184,20,0,20,0
2020-03-26,Kings,031,150075,28,0,1,1,0
2020-03-26,Lake,033,64148,0,0,0,0,0
2020-03-26,Lassen,035,31185,1,0,1,1,0
2020-03-26,Los Angeles,037,10098052,4523,1075,12,1087,19
2020-03-26,Madera,039,155013,39,8,0,8,0
2020-03-26,Marin,041,260295,101,56,0,56,0
2020-03-26,Mariposa,043,17540,0,0,0,0,0
2020-03-26,Mendocino,045,87422,4,1,0,1,0
2020-03-26,Merced,047,269075,23,1,0,1,0
2020-03-26,Modoc,049,8938,0,0,0,0,0
2020-03-26,Mono,051,14174,23,5,0,5,0
2020-03-26,Monterey,053,433212,65,25,1,26,1
2020-03-26,Napa,055,140530,26,5,0,5,0
2020-03-26,Nevada,057,99092,32,7,1,8,0
2020-03-26,Orange,059,3164182,1057,279,8,287,1
2020-03-26,Placer,061,380077,103,34,0,34,1
2020-03-26,Plumas,063,18699,0,0,0,0,0
2020-03-26,Riverside,065,2383286,884,118,12,130,7
2020-03-26,Sacramento,067,1510023,469,147,0,147,5
2020-03-26,San Benito,069,59416,28,8,0,8,1
2020-03-26,San Bernardino,071,2135413,446,57,0,57,1
2020-03-26,San Diego,073,3302833,1256,299,0,299,2
2020-03-26,San Francisco,075,870044,589,261,0,261,1
2020-03-26,San Joaquin,077,732212,188,69,3,72,3
2020-03-26,San Luis Obispo,079,281455,110,38,0,38,0
2020-03-26,San Mateo,081,765935,609,122,2,124,5
2020-03-26,Santa Barbara,083,443738,206,33,1,34,0
2020-03-26,Santa Clara,085,1922200,1232,487,2,489,20
2020-03-26,Santa Cruz,087,273765,71,30,0,30,0
2020-03-26,Shasta,089,179085,17,3,0,3,1
2020-03-26,Sierra,091,2930,0,0,0,0,0
2020-03-26,Siskiyou,093,43540,4,2,0,2,0
2020-03-26,Solano,095,438530,84,41,0,41,0
2020-03-26,Sonoma,097,501317,128,33,0,33,1
2020-03-26,Stanislaus,099,539301,79,15,3,18,0
2020-03-26,Sutter,101,95872,12,2,0,2,0
2020-03-26,Tehama,103,63373,1,0,0,0,0
2020-03-26,Trinity,105,12862,0,0,0,0,0
2020-03-26,Tulare,107,460477,97,15,3,18,0
2020-03-26,Tuolumne,109,53932,1,0,0,0,0
2020-03-26,Ventura,111,848112,245,70,0,70,1
2020-03-26,Yolo,113,214977,45,13,0,13,1
2020-03-26,Yuba,115,75493,7,3,0,3,0
2020-03-25,Alameda,001,1643700,531,134,1,135,3
2020-03-25,Alpine,003,1148,1,0,0,0,0
2020-03-25,Amador,005,37829,3,1,0,1,0
2020-03-25,Butte,007,227075,12,4,0,4,0
2020-03-25,Calaveras,009,45235,3,2,0,2,0
2020-03-25,Colusa,011,21464,2,0,0,0,0
2020-03-25,Contra Costa,013,1133247,366,131,0,131,1
2020-03-25,Del Norte,015,27424,0,0,0,0,0
2020-03-25,El Dorado,017,186661,26,5,0,5,0
2020-03-25,Fresno,019,978130,151,21,2,23,0
2020-03-25,Glenn,021,27897,2,0,0,0,0
2020-03-25,Humboldt,023,135768,34,3,0,3,0
2020-03-25,Imperial,025,180216,60,8,0,8,0
2020-03-25,Inyo,027,18085,5,0,0,0,0
2020-03-25,Kern,029,883053,164,13,0,13,0
2020-03-25,Kings,031,150075,26,0,1,1,0
2020-03-25,Lake,033,64148,0,0,0,0,0
2020-03-25,Lassen,035,31185,1,0,1,1,0
2020-03-25,Los Angeles,037,10098052,4128,725,12,737,10
2020-03-25,Madera,039,155013,37,6,0,6,0
2020-03-25,Marin,041,260295,95,47,0,47,0
2020-03-25,Mariposa,043,17540,0,0,0,0,0
2020-03-25,Mendocino,045,87422,3,1,0,1,0
2020-03-25,Merced,047,269075,19,0,0,0,0
2020-03-25,Modoc,049,8938,0,0,0,0,0
2020-03-25,Mono,051,14174,22,4,0,4,0
2020-03-25,Monterey,053,433212,62,23,1,24,1
2020-03-25,Napa,055,140530,26,5,0,5,0
2020-03-25,Nevada,057,99092,31,5,1,6,0
2020-03-25,Orange,059,3164182,999,214,8,222,1
2020-03-25,Placer,061,380077,97,30,0,30,1
2020-03-25,Plumas,063,18699,0,1,0,1,0
2020-03-25,Riverside,065,2383286,813,87,12,99,5
2020-03-25,Sacramento,067,1510023,443,114,0,114,5
2020-03-25,San Benito,069,59416,27,4,0,4,1
2020-03-25,San Bernardino,071,2135413,407,46,0,46,1
2020-03-25,San Diego,073,3302833,1194,238,0,238,2
2020-03-25,San Francisco,075,870044,548,212,0,212,1
2020-03-25,San Joaquin,077,732212,175,64,3,67,2
2020-03-25,San Luis Obispo,079,281455,105,35,0,35,0
2020-03-25,San Mateo,081,765935,574,111,2,113,5
2020-03-25,Santa Barbara,083,443738,195,25,1,26,0
2020-03-25,Santa Clara,085,1922200,1188,452,2,454,20
2020-03-25,Santa Cruz,087,273765,68,26,0,26,0
2020-03-25,Shasta,089,179085,16,3,0,3,1
2020-03-25,Sierra,091,2930,0,0,0,0,0
2020-03-25,Siskiyou,093,43540,4,2,0,2,0
2020-03-25,Solano,095,438530,79,39,0,39,0
2020-03-25,Sonoma,097,501317,123,31,0,31,1
2020-03-25,Stanislaus,099,539301,72,14,3,17,0
2020-03-25,Sutter,101,95872,9,1,0,1,0
2020-03-25,Tehama,103,63373,1,0,0,0,0
2020-03-25,Trinity,105,12862,0,0,0,0,0
2020-03-25,Tulare,107,460477,87,11,3,14,0
2020-03-25,Tuolumne,109,53932,1,0,0,0,0
2020-03-25,Ventura,111,848112,229,53,0,53,1
2020-03-25,Yolo,113,214977,43,9,0,9,1
2020-03-25,Yuba,115,75493,7,2,0,2,0
2020-03-24,Alameda,001,1643700,499,96,1,97,2
2020-03-24,Alpine,003,1148,1,0,0,0,0
2020-03-24,Amador,005,37829,1,1,0,1,0
2020-03-24,Butte,007,227075,11,3,0,3,0
2020-03-24,Calaveras,009,45235,2,2,0,2,0
2020-03-24,Colusa,011,21464,2,0,0,0,0
2020-03-24,Contra Costa,013,1133247,352,108,0,108,1
2020-03-24,Del Norte,015,27424,0,0,0,0,0
2020-03-24,El Dorado,017,186661,26,3,0,3,0
2020-03-24,Fresno,019,978130,132,18,2,20,0
2020-03-24,Glenn,021,27897,2,0,0,0,0
2020-03-24,Humboldt,023,135768,32,2,0,2,0
2020-03-24,Imperial,025,180216,57,3,0,3,0
2020-03-24,Inyo,027,18085,5,0,0,0,0
2020-03-24,Kern,029,883053,144,5,0,5,0
2020-03-24,Kings,031,150075,25,0,1,1,0
2020-03-24,Lake,033,64148,0,0,0,0,0
2020-03-24,Lassen,035,31185,1,0,1,1,0
2020-03-24,Los Angeles,037,10098052,3676,633,12,645,7
2020-03-24,Madera,039,155013,36,6,0,6,0
2020-03-24,Marin,041,260295,84,44,0,44,0
2020-03-24,Mariposa,043,17540,0,0,0,0,0
2020-03-24,Mendocino,045,87422,3,1,0,1,0
2020-03-24,Merced,047,269075,17,0,0,0,0
2020-03-24,Modoc,049,8938,0,0,0,0,0
2020-03-24,Mono,051,14174,21,1,0,1,0
2020-03-24,Monterey,053,433212,58,23,1,24,1
2020-03-24,Napa,055,140530,23,2,0,2,0
2020-03-24,Nevada,057,99092,30,4,1,5,0
2020-03-24,Orange,059,3164182,937,166,8,174,0
2020-03-24,Placer,061,380077,90,22,0,22,1
2020-03-24,Plumas,063,18699,0,1,0,1,0
2020-03-24,Riverside,065,2383286,746,56,12,68,5
2020-03-24,Sacramento,067,1510023,424,93,0,93,4
2020-03-24,San Benito,069,59416,26,4,0,4,1
2020-03-24,San Bernardino,071,2135413,363,27,0,27,0
2020-03-24,San Diego,073,3302833,1127,231,0,231,2
2020-03-24,San Francisco,075,870044,516,181,0,181,1
2020-03-24,San Joaquin,077,732212,164,52,3,55,2
2020-03-24,San Luis Obispo,079,281455,102,32,0,32,0
2020-03-24,San Mateo,081,765935,533,100,2,102,2
2020-03-24,Santa Barbara,083,443738,189,20,1,21,0
2020-03-24,Santa Clara,085,1922200,1119,389,2,391,17
2020-03-24,Santa Cruz,087,273765,63,22,0,22,0
2020-03-24,Shasta,089,179085,15,3,0,3,0
2020-03-24,Sierra,091,2930,0,0,0,0,0
2020-03-24,Siskiyou,093,43540,4,2,0,2,0
2020-03-24,Solano,095,438530,77,34,0,34,0
2020-03-24,Sonoma,097,501317,116,27,0,27,1
2020-03-24,Stanislaus,099,539301,63,13,3,16,0
2020-03-24,Sutter,101,95872,9,0,0,0,0
2020-03-24,Tehama,103,63373,1,0,0,0,0
2020-03-24,Trinity,105,12862,0,0,0,0,0
2020-03-24,Tulare,107,460477,77,10,3,13,0
2020-03-24,Tuolumne,109,53932,1,0,0,0,0
2020-03-24,Ventura,111,848112,213,44,0,44,1
2020-03-24,Yolo,113,214977,39,8,0,8,0
2020-03-24,Yuba,115,75493,7,2,0,2,0
2020-03-23,Alameda,001,1643700,468,88,1,89,1
2020-03-23,Alpine,003,1148,1,0,0,0,0
2020-03-23,Amador,005,37829,1,1,0,1,0
2020-03-23,Butte,007,227075,11,2,0,2,0
2020-03-23,Calaveras,009,45235,2,2,0,2,0
2020-03-23,Colusa,011,21464,1,0,0,0,0
2020-03-23,Contra Costa,013,1133247,332,91,0,91,2
2020-03-23,Del Norte,015,27424,0,0,0,0,0
2020-03-23,El Dorado,017,186661,25,3,0,3,0
2020-03-23,Fresno,019,978130,122,10,2,12,0
2020-03-23,Glenn,021,27897,2,0,0,0,0
2020-03-23,Humboldt,023,135768,30,2,0,2,0
2020-03-23,Imperial,025,180216,53,2,0,2,0
2020-03-23,Inyo,027,18085,3,0,0,0,0
2020-03-23,Kern,029,883053,130,5,0,5,0
2020-03-23,Kings,031,150075,25,0,1,1,0
2020-03-23,Lake,033,64148,0,0,0,0,0
2020-03-23,Lassen,035,31185,1,0,1,1,0
2020-03-23,Los Angeles,037,10098052,3372,389,12,401,4
2020-03-23,Madera,039,155013,36,4,0,4,0
2020-03-23,Marin,041,260295,79,30,0,30,0
2020-03-23,Mariposa,043,17540,0,0,0,0,0
2020-03-23,Mendocino,045,87422,3,1,0,1,0
2020-03-23,Merced,047,269075,11,0,0,0,0
2020-03-23,Modoc,049,8938,0,0,0,0,0
2020-03-23,Mono,051,14174,19,1,0,1,0
2020-03-23,Monterey,053,433212,53,14,1,15,1
2020-03-23,Napa,055,140530,21,1,0,1,0
2020-03-23,Nevada,057,99092,27,2,1,3,0
2020-03-23,Orange,059,3164182,882,138,7,145,0
2020-03-23,Placer,061,380077,87,19,0,19,1
2020-03-23,Plumas,063,18699,0,0,0,0,0
2020-03-23,Riverside,065,2383286,703,39,12,51,5
2020-03-23,Sacramento,067,1510023,391,87,0,87,4
2020-03-23,San Benito,069,59416,25,4,0,4,1
2020-03-23,San Bernardino,071,2135413,333,17,0,17,0
2020-03-23,San Diego,073,3302833,1068,178,0,178,1
2020-03-23,San Francisco,075,870044,487,152,0,152,0
2020-03-23,San Joaquin,077,732212,153,37,3,40,2
2020-03-23,San Luis Obispo,079,281455,96,23,0,23,0
2020-03-23,San Mateo,081,765935,495,88,2,90,1
2020-03-23,Santa Barbara,083,443738,168,18,1,19,0
2020-03-23,Santa Clara,085,1922200,1071,336,2,338,13
2020-03-23,Santa Cruz,087,273765,61,21,0,21,0
2020-03-23,Shasta,089,179085,13,2,0,2,0
2020-03-23,Sierra,091,2930,0,0,0,0,0
2020-03-23,Siskiyou,093,43540,4,2,0,2,0
2020-03-23,Solano,095,438530,73,33,0,33,0
2020-03-23,Sonoma,097,501317,104,19,0,19,1
2020-03-23,Stanislaus,099,539301,55,10,3,13,0
2020-03-23,Sutter,101,95872,9,0,0,0,0
2020-03-23,Tehama,103,63373,1,0,0,0,0
2020-03-23,Trinity,105,12862,0,0,0,0,0
2020-03-23,Tulare,107,460477,68,9,3,12,0
2020-03-23,Tuolumne,109,53932,1,0,0,0,0
2020-03-23,Ventura,111,848112,196,30,0,30,0
2020-03-23,Yolo,113,214977,38,8,0,8,0
2020-03-23,Yuba,115,75493,7,2,0,2,0
2020-03-22,Alameda,001,1643700,429,72,1,73,1
2020-03-22,Alpine,003,1148,1,0,0,0,0
2020-03-22,Amador,005,37829,1,1,0,1,0
2020-03-22,Butte,007,227075,8,1,0,1,0
2020-03-22,Calaveras,009,45235,2,2,0,2,0
2020-03-22,Colusa,011,21464,1,0,0,0,0
2020-03-22,Contra Costa,013,1133247,305,79,0,79,1
2020-03-22,Del Norte,015,27424,0,0,0,0,0
2020-03-22,El Dorado,017,186661,23,1,0,1,0
2020-03-22,Fresno,019,978130,102,8,2,10,0
2020-03-22,Glenn,021,27897,2,0,0,0,0
2020-03-22,Humboldt,023,135768,27,1,0,1,0
2020-03-22,Imperial,025,180216,51,2,0,2,0
2020-03-22,Inyo,027,18085,1,0,0,0,0
2020-03-22,Kern,029,883053,114,3,0,3,0
2020-03-22,Kings,031,150075,22,0,1,1,0
2020-03-22,Lake,033,64148,0,0,0,0,0
2020-03-22,Lassen,035,31185,1,0,1,1,0
2020-03-22,Los Angeles,037,10098052,3051,384,12,396,3
2020-03-22,Madera,039,155013,33,4,0,4,0
2020-03-22,Marin,041,260295,69,30,0,30,0
2020-03-22,Mariposa,043,17540,0,0,0,0,0
2020-03-22,Mendocino,045,87422,3,1,0,1,0
2020-03-22,Merced,047,269075,7,0,0,0,0
2020-03-22,Modoc,049,8938,0,0,0,0,0
2020-03-22,Mono,051,14174,14,1,0,1,0
2020-03-22,Monterey,053,433212,50,14,1,15,1
2020-03-22,Napa,055,140530,17,1,0,1,0
2020-03-22,Nevada,057,99092,23,2,1,3,0
2020-03-22,Orange,059,3164182,809,102,4,106,0
2020-03-22,Placer,061,380077,84,18,0,18,1
2020-03-22,Plumas,063,18699,0,0,0,0,0
2020-03-22,Riverside,065,2383286,613,26,8,34,5
2020-03-22,Sacramento,067,1510023,359,82,0,82,4
2020-03-22,San Benito,069,59416,20,4,0,4,1
2020-03-22,San Bernardino,071,2135413,290,16,0,16,0
2020-03-22,San Diego,073,3302833,980,161,0,161,0
2020-03-22,San Francisco,075,870044,450,134,0,134,0
2020-03-22,San Joaquin,077,732212,139,30,3,33,2
2020-03-22,San Luis Obispo,079,281455,90,19,0,19,0
2020-03-22,San Mateo,081,765935,462,82,2,84,1
2020-03-22,Santa Barbara,083,443738,150,16,1,17,0
2020-03-22,Santa Clara,085,1922200,1007,284,2,286,13
2020-03-22,Santa Cruz,087,273765,60,19,0,19,0
2020-03-22,Shasta,089,179085,13,1,0,1,0
2020-03-22,Sierra,091,2930,0,0,0,0,0
2020-03-22,Siskiyou,093,43540,4,2,0,2,0
2020-03-22,Solano,095,438530,64,30,0,30,0
2020-03-22,Sonoma,097,501317,99,18,0,18,1
2020-03-22,Stanislaus,099,539301,49,8,3,11,0
2020-03-22,Sutter,101,95872,8,0,0,0,0
2020-03-22,Tehama,103,63373,0,0,0,0,0
2020-03-22,Trinity,105,12862,0,0,0,0,0
2020-03-22,Tulare,107,460477,62,5,3,8,0
2020-03-22,Tuolumne,109,53932,1,0,0,0,0
2020-03-22,Ventura,111,848112,174,26,0,26,0
2020-03-22,Yolo,113,214977,32,6,0,6,0
2020-03-22,Yuba,115,75493,7,2,0,2,0
2020-03-21,Alameda,001,1643700,405,62,1,63,0
2020-03-21,Alpine,003,1148,1,0,0,0,0
2020-03-21,Amador,005,37829,1,1,0,1,0
2020-03-21,Butte,007,227075,7,1,0,1,0
2020-03-21,Calaveras,009,45235,2,2,0,2,0
2020-03-21,Colusa,011,21464,1,0,0,0,0
2020-03-21,Contra Costa,013,1133247,294,62,0,62,1
2020-03-21,Del Norte,015,27424,0,0,0,0,0
2020-03-21,El Dorado,017,186661,20,1,0,1,0
2020-03-21,Fresno,019,978130,98,8,2,10,0
2020-03-21,Glenn,021,27897,2,0,0,0,0
2020-03-21,Humboldt,023,135768,25,1,0,1,0
2020-03-21,Imperial,025,180216,47,2,0,2,0
2020-03-21,Inyo,027,18085,1,0,0,0,0
2020-03-21,Kern,029,883053,108,3,0,3,0
2020-03-21,Kings,031,150075,22,0,1,1,0
2020-03-21,Lake,033,64148,0,0,0,0,0
2020-03-21,Lassen,035,31185,1,0,1,1,0
2020-03-21,Los Angeles,037,10098052,2778,322,12,334,2
2020-03-21,Madera,039,155013,33,4,0,4,0
2020-03-21,Marin,041,260295,64,30,0,30,0
2020-03-21,Mariposa,043,17540,0,0,0,0,0
2020-03-21,Mendocino,045,87422,3,1,0,1,0
2020-03-21,Merced,047,269075,6,0,0,0,0
2020-03-21,Modoc,049,8938,0,0,0,0,0
2020-03-21,Mono,051,14174,14,1,0,1,0
2020-03-21,Monterey,053,433212,47,8,1,9,1
2020-03-21,Napa,055,140530,17,0,0,0,0
2020-03-21,Nevada,057,99092,23,2,1,3,0
2020-03-21,Orange,059,3164182,760,85,4,89,0
2020-03-21,Placer,061,380077,75,11,0,11,1
2020-03-21,Plumas,063,18699,0,0,0,0,0
2020-03-21,Riverside,065,2383286,566,20,8,28,3
2020-03-21,Sacramento,067,1510023,332,66,0,66,3
2020-03-21,San Benito,069,59416,18,4,0,4,1
2020-03-21,San Bernardino,071,2135413,270,13,0,13,0
2020-03-21,San Diego,073,3302833,903,121,0,121,0
2020-03-21,San Francisco,075,870044,414,106,0,106,0
2020-03-21,San Joaquin,077,732212,130,26,3,29,2
2020-03-21,San Luis Obispo,079,281455,85,16,0,16,0
2020-03-21,San Mateo,081,765935,424,78,2,80,1
2020-03-21,Santa Barbara,083,443738,135,8,1,9,0
2020-03-21,Santa Clara,085,1922200,946,269,2,271,10
2020-03-21,Santa Cruz,087,273765,58,17,0,17,0
2020-03-21,Shasta,089,179085,12,1,0,1,0
2020-03-21,Sierra,091,2930,0,0,0,0,0
2020-03-21,Siskiyou,093,43540,4,0,0,0,0
2020-03-21,Solano,095,438530,62,30,0,30,0
2020-03-21,Sonoma,097,501317,98,15,0,15,1
2020-03-21,Stanislaus,099,539301,43,7,3,10,0
2020-03-21,Sutter,101,95872,7,0,0,0,0
2020-03-21,Tehama,103,63373,0,0,0,0,0
2020-03-21,Trinity,105,12862,0,0,0,0,0
2020-03-21,Tulare,107,460477,54,5,3,8,0
2020-03-21,Tuolumne,109,53932,1,0,0,0,0
2020-03-21,Ventura,111,848112,166,22,0,22,0
2020-03-21,Yolo,113,214977,32,6,0,6,0
2020-03-21,Yuba,115,75493,7,1,0,1,0
2020-03-20,Alameda,001,1643700,384,42,1,43,0
2020-03-20,Alpine,003,1148,1,0,0,0,0
2020-03-20,Amador,005,37829,0,0,0,0,0
2020-03-20,Butte,007,227075,7,0,0,0,0
2020-03-20,Calaveras,009,45235,2,2,0,2,0
2020-03-20,Colusa,011,21464,1,0,0,0,0
2020-03-20,Contra Costa,013,1133247,264,52,0,52,1
2020-03-20,Del Norte,015,27424,0,0,0,0,0
2020-03-20,El Dorado,017,186661,19,1,0,1,0
2020-03-20,Fresno,019,978130,95,7,2,9,0
2020-03-20,Glenn,021,27897,1,0,0,0,0
2020-03-20,Humboldt,023,135768,25,1,0,1,0
2020-03-20,Imperial,025,180216,46,2,0,2,0
2020-03-20,Inyo,027,18085,0,0,0,0,0
2020-03-20,Kern,029,883053,93,3,0,3,0
2020-03-20,Kings,031,150075,21,0,1,1,0
2020-03-20,Lake,033,64148,0,0,0,0,0
2020-03-20,Lassen,035,31185,1,0,1,1,0
2020-03-20,Los Angeles,037,10098052,2552,267,11,278,1
2020-03-20,Madera,039,155013,32,4,0,4,0
2020-03-20,Marin,041,260295,61,30,0,30,0
2020-03-20,Mariposa,043,17540,0,0,0,0,0
2020-03-20,Mendocino,045,87422,3,1,0,1,0
2020-03-20,Merced,047,269075,6,0,0,0,0
2020-03-20,Modoc,049,8938,0,0,0,0,0
2020-03-20,Mono,051,14174,14,0,0,0,0
2020-03-20,Monterey,053,433212,46,4,1,5,0
2020-03-20,Napa,055,140530,16,0,0,0,0
2020-03-20,Nevada,057,99092,20,2,1,3,0
2020-03-20,Orange,059,3164182,713,71,4,75,2
2020-03-20,Placer,061,380077,69,9,0,9,1
2020-03-20,Plumas,063,18699,0,0,0,0,0
2020-03-20,Riverside,065,2383286,507,19,8,27,3
2020-03-20,Sacramento,067,1510023,311,56,0,56,4
2020-03-20,San Benito,069,59416,18,4,0,4,1
2020-03-20,San Bernardino,071,2135413,243,9,0,9,0
2020-03-20,San Diego,073,3302833,851,98,0,98,0
2020-03-20,San Francisco,075,870044,382,87,0,87,0
2020-03-20,San Joaquin,077,732212,115,18,3,21,2
2020-03-20,San Luis Obispo,079,281455,81,11,0,11,0
2020-03-20,San Mateo,081,765935,394,71,2,73,1
2020-03-20,Santa Barbara,083,443738,118,7,1,8,0
2020-03-20,Santa Clara,085,1922200,908,246,2,248,8
2020-03-20,Santa Cruz,087,273765,56,13,0,13,0
2020-03-20,Shasta,089,179085,11,1,0,1,0
2020-03-20,Sierra,091,2930,0,0,0,0,0
2020-03-20,Siskiyou,093,43540,4,0,0,0,0
2020-03-20,Solano,095,438530,58,29,0,29,0
2020-03-20,Sonoma,097,501317,90,7,0,7,0
2020-03-20,Stanislaus,099,539301,37,7,3,10,0
2020-03-20,Sutter,101,95872,7,0,0,0,0
2020-03-20,Tehama,103,63373,0,0,0,0,0
2020-03-20,Trinity,105,12862,0,0,0,0,0
2020-03-20,Tulare,107,460477,50,4,3,7,0
2020-03-20,Tuolumne,109,53932,1,0,0,0,0
2020-03-20,Ventura,111,848112,156,18,0,18,0
2020-03-20,Yolo,113,214977,30,5,0,5,0
2020-03-20,Yuba,115,75493,6,0,0,0,0
2020-03-19,Alameda,001,1643700,348,36,1,37,0
2020-03-19,Alpine,003,1148,1,0,0,0,0
2020-03-19,Amador,005,37829,0,0,0,0,0
2020-03-19,Butte,007,227075,5,0,0,0,0
2020-03-19,Calaveras,009,45235,2,2,0,2,0
2020-03-19,Colusa,011,21464,0,0,0,0,0
2020-03-19,Contra Costa,013,1133247,248,46,0,46,0
2020-03-19,Del Norte,015,27424,0,0,0,0,0
2020-03-19,El Dorado,017,186661,17,0,0,0,0
2020-03-19,Fresno,019,978130,86,6,2,8,0
2020-03-19,Glenn,021,27897,1,0,0,0,0
2020-03-19,Humboldt,023,135768,23,1,0,1,0
2020-03-19,Imperial,025,180216,39,2,0,2,0
2020-03-19,Inyo,027,18085,0,0,0,0,0
2020-03-19,Kern,029,883053,81,3,0,3,0
2020-03-19,Kings,031,150075,17,0,1,1,0
2020-03-19,Lake,033,64148,0,0,0,0,0
2020-03-19,Lassen,035,31185,0,0,1,1,0
2020-03-19,Los Angeles,037,10098052,2265,233,11,244,0
2020-03-19,Madera,039,155013,31,3,0,3,0
2020-03-19,Marin,041,260295,58,19,0,19,0
2020-03-19,Mariposa,043,17540,0,0,0,0,0
2020-03-19,Mendocino,045,87422,2,1,0,1,0
2020-03-19,Merced,047,269075,5,0,0,0,0
2020-03-19,Modoc,049,8938,0,0,0,0,0
2020-03-19,Mono,051,14174,12,0,0,0,0
2020-03-19,Monterey,053,433212,38,3,1,4,0
2020-03-19,Napa,055,140530,14,0,0,0,0
2020-03-19,Nevada,057,99092,18,2,1,3,0
2020-03-19,Orange,059,3164182,631,59,4,63,0
2020-03-19,Placer,061,380077,61,8,0,8,1
2020-03-19,Plumas,063,18699,0,0,0,0,0
2020-03-19,Riverside,065,2383286,396,14,6,20,3
2020-03-19,Sacramento,067,1510023,278,52,0,52,3
2020-03-19,San Benito,069,59416,15,3,0,3,0
2020-03-19,San Bernardino,071,2135413,213,7,0,7,0
2020-03-19,San Diego,073,3302833,768,68,0,68,0
2020-03-19,San Francisco,075,870044,346,80,0,80,0
2020-03-19,San Joaquin,077,732212,102,15,3,18,2
2020-03-19,San Luis Obispo,079,281455,78,6,0,6,0
2020-03-19,San Mateo,081,765935,359,58,2,60,1
2020-03-19,Santa Barbara,083,443738,103,5,0,5,0
2020-03-19,Santa Clara,085,1922200,841,183,2,185,8
2020-03-19,Santa Cruz,087,273765,53,13,0,13,0
2020-03-19,Shasta,089,179085,10,1,0,1,0
2020-03-19,Sierra,091,2930,0,0,0,0,0
2020-03-19,Siskiyou,093,43540,3,0,0,0,0
2020-03-19,Solano,095,438530,54,26,0,26,0
2020-03-19,Sonoma,097,501317,87,8,0,8,0
2020-03-19,Stanislaus,099,539301,36,7,3,10,0
2020-03-19,Sutter,101,95872,7,0,0,0,0
2020-03-19,Tehama,103,63373,0,0,0,0,0
2020-03-19,Trinity,105,12862,0,0,0,0,0
2020-03-19,Tulare,107,460477,44,3,3,6,0
2020-03-19,Tuolumne,109,53932,1,0,0,0,0
2020-03-19,Ventura,111,848112,134,15,0,15,0
2020-03-19,Yolo,113,214977,26,5,0,5,0
2020-03-19,Yuba,115,75493,5,0,0,0,0
2020-03-18,Alameda,001,1643700,320,29,1,30,0
2020-03-18,Alpine,003,1148,1,0,0,0,0
2020-03-18,Amador,005,37829,0,0,0,0,0
2020-03-18,Butte,007,227075,4,0,0,0,0
2020-03-18,Calaveras,009,45235,2,2,0,2,0
2020-03-18,Colusa,011,21464,0,0,0,0,0
2020-03-18,Contra Costa,013,1133247,227,44,0,44,0
2020-03-18,Del Norte,015,27424,0,0,0,0,0
2020-03-18,El Dorado,017,186661,16,0,0,0,0
2020-03-18,Fresno,019,978130,77,3,1,4,0
2020-03-18,Glenn,021,27897,1,0,0,0,0
2020-03-18,Humboldt,023,135768,19,1,0,1,0
2020-03-18,Imperial,025,180216,33,2,0,2,0
2020-03-18,Inyo,027,18085,0,0,0,0,0
2020-03-18,Kern,029,883053,66,1,0,1,0
2020-03-18,Kings,031,150075,15,0,1,1,0
2020-03-18,Lake,033,64148,0,0,0,0,0
2020-03-18,Lassen,035,31185,0,0,1,1,0
2020-03-18,Los Angeles,037,10098052,2026,47,11,58,0
2020-03-18,Madera,039,155013,30,2,0,2,0
2020-03-18,Marin,041,260295,53,10,0,10,0
2020-03-18,Mariposa,043,17540,0,0,0,0,0
2020-03-18,Mendocino,045,87422,2,0,0,0,0
2020-03-18,Merced,047,269075,5,0,0,0,0
2020-03-18,Modoc,049,8938,0,0,0,0,0
2020-03-18,Mono,051,14174,11,0,0,0,0
2020-03-18,Monterey,053,433212,30,1,0,1,0
2020-03-18,Napa,055,140530,11,0,0,0,0
2020-03-18,Nevada,057,99092,16,2,1,3,0
2020-03-18,Orange,059,3164182,574,38,4,42,0
2020-03-18,Placer,061,380077,54,8,0,8,1
2020-03-18,Plumas,063,18699,0,0,0,0,0
2020-03-18,Riverside,065,2383286,333,11,5,16,2
2020-03-18,Sacramento,067,1510023,255,46,0,46,3
2020-03-18,San Benito,069,59416,14,3,0,3,0
2020-03-18,San Bernardino,071,2135413,191,3,0,3,0
2020-03-18,San Diego,073,3302833,683,40,0,40,0
2020-03-18,San Francisco,075,870044,327,65,0,65,0
2020-03-18,San Joaquin,077,732212,90,14,3,17,2
2020-03-18,San Luis Obispo,079,281455,71,5,0,5,0
2020-03-18,San Mateo,081,765935,337,57,2,59,1
2020-03-18,Santa Barbara,083,443738,90,2,0,2,0
2020-03-18,Santa Clara,085,1922200,791,151,2,153,6
2020-03-18,Santa Cruz,087,273765,51,11,0,11,0
2020-03-18,Shasta,089,179085,9,1,0,1,0
2020-03-18,Sierra,091,2930,0,0,0,0,0
2020-03-18,Siskiyou,093,43540,3,0,0,0,0
2020-03-18,Solano,095,438530,50,26,0,26,0
2020-03-18,Sonoma,097,501317,78,6,0,6,0
2020-03-18,Stanislaus,099,539301,32,5,2,7,0
2020-03-18,Sutter,101,95872,5,0,0,0,0
2020-03-18,Tehama,103,63373,0,0,0,0,0
2020-03-18,Trinity,105,12862,0,0,0,0,0
2020-03-18,Tulare,107,460477,34,3,3,6,0
2020-03-18,Tuolumne,109,53932,1,0,0,0,0
2020-03-18,Ventura,111,848112,115,11,0,11,0
2020-03-18,Yolo,113,214977,23,4,0,4,0
2020-03-18,Yuba,115,75493,4,0,0,0,0
2020-03-17,Alameda,001,1643700,288,19,0,19,0
2020-03-17,Alpine,003,1148,0,0,0,0,0
2020-03-17,Amador,005,37829,0,0,0,0,0
2020-03-17,Butte,007,227075,4,0,0,0,0
2020-03-17,Calaveras,009,45235,2,2,0,2,0
2020-03-17,Colusa,011,21464,0,0,0,0,0
2020-03-17,Contra Costa,013,1133247,205,37,0,37,0
2020-03-17,Del Norte,015,27424,0,0,0,0,0
2020-03-17,El Dorado,017,186661,15,0,0,0,0
2020-03-17,Fresno,019,978130,67,2,1,3,0
2020-03-17,Glenn,021,27897,1,0,0,0,0
2020-03-17,Humboldt,023,135768,17,1,0,1,0
2020-03-17,Imperial,025,180216,27,2,0,2,0
2020-03-17,Inyo,027,18085,0,0,0,0,0
2020-03-17,Kern,029,883053,52,0,0,0,0
2020-03-17,Kings,031,150075,12,0,1,1,0
2020-03-17,Lake,033,64148,0,0,0,0,0
2020-03-17,Lassen,035,31185,0,0,1,1,0
2020-03-17,Los Angeles,037,10098052,1825,41,11,52,0
2020-03-17,Madera,039,155013,23,2,0,2,0
2020-03-17,Marin,041,260295,46,4,0,4,0
2020-03-17,Mariposa,043,17540,0,0,0,0,0
2020-03-17,Mendocino,045,87422,2,0,0,0,0
2020-03-17,Merced,047,269075,5,0,0,0,0
2020-03-17,Modoc,049,8938,0,0,0,0,0
2020-03-17,Mono,051,14174,9,0,0,0,0
2020-03-17,Monterey,053,433212,28,0,0,0,0
2020-03-17,Napa,055,140530,8,0,0,0,0
2020-03-17,Nevada,057,99092,15,1,1,2,0
2020-03-17,Orange,059,3164182,496,24,3,27,0
2020-03-17,Placer,061,380077,44,7,0,7,1
2020-03-17,Plumas,063,18699,0,0,0,0,0
2020-03-17,Riverside,065,2383286,271,11,5,16,0
2020-03-17,Sacramento,067,1510023,235,36,0,36,1
2020-03-17,San Benito,069,59416,12,2,0,2,0
2020-03-17,San Bernardino,071,2135413,163,2,0,2,0
2020-03-17,San Diego,073,3302833,616,17,0,17,0
2020-03-17,San Francisco,075,870044,300,46,0,46,0
2020-03-17,San Joaquin,077,732212,84,11,3,14,0
2020-03-17,San Luis Obispo,079,281455,63,1,0,1,0
2020-03-17,San Mateo,081,765935,305,46,2,48,1
2020-03-17,Santa Barbara,083,443738,76,0,0,0,0
2020-03-17,Santa Clara,085,1922200,733,121,2,123,4
2020-03-17,Santa Cruz,087,273765,48,10,0,10,0
2020-03-17,Shasta,089,179085,5,1,0,1,0
2020-03-17,Sierra,091,2930,0,0,0,0,0
2020-03-17,Siskiyou,093,43540,3,0,0,0,0
2020-03-17,Solano,095,438530,47,27,0,27,0
2020-03-17,Sonoma,097,501317,70,4,0,4,0
2020-03-17,Stanislaus,099,539301,29,4,2,6,0
2020-03-17,Sutter,101,95872,5,0,0,0,0
2020-03-17,Tehama,103,63373,0,0,0,0,0
2020-03-17,Trinity,105,12862,0,0,0,0,0
2020-03-17,Tulare,107,460477,29,2,3,5,0
2020-03-17,Tuolumne,109,53932,1,0,0,0,0
2020-03-17,Ventura,111,848112,98,7,0,7,0
2020-03-17,Yolo,113,214977,19,2,0,2,0
2020-03-17,Yuba,115,75493,4,0,0,0,0
2020-03-16,Alameda,001,1643700,260,17,0,17,0
2020-03-16,Alpine,003,1148,0,0,0,0,0
2020-03-16,Amador,005,37829,0,0,0,0,0
2020-03-16,Butte,007,227075,3,0,0,0,0
2020-03-16,Calaveras,009,45235,2,2,0,2,0
2020-03-16,Colusa,011,21464,0,0,0,0,0
2020-03-16,Contra Costa,013,1133247,183,36,0,36,0
2020-03-16,Del Norte,015,27424,0,0,0,0,0
2020-03-16,El Dorado,017,186661,14,0,0,0,0
2020-03-16,Fresno,019,978130,52,2,1,3,0
2020-03-16,Glenn,021,27897,0,0,0,0,0
2020-03-16,Humboldt,023,135768,13,1,0,1,0
2020-03-16,Imperial,025,180216,22,2,0,2,0
2020-03-16,Inyo,027,18085,0,0,0,0,0
2020-03-16,Kern,029,883053,43,0,0,0,0
2020-03-16,Kings,031,150075,11,0,1,1,0
2020-03-16,Lake,033,64148,0,0,0,0,0
2020-03-16,Lassen,035,31185,0,0,0,0,0
2020-03-16,Los Angeles,037,10098052,1590,43,11,54,0
2020-03-16,Madera,039,155013,22,2,0,2,0
2020-03-16,Marin,041,260295,43,4,0,4,0
2020-03-16,Mariposa,043,17540,0,0,0,0,0
2020-03-16,Mendocino,045,87422,2,0,0,0,0
2020-03-16,Merced,047,269075,5,0,0,0,0
2020-03-16,Modoc,049,8938,0,0,0,0,0
2020-03-16,Mono,051,14174,7,0,0,0,0
2020-03-16,Monterey,053,433212,27,0,0,0,0
2020-03-16,Napa,055,140530,7,0,0,0,0
2020-03-16,Nevada,057,99092,11,1,1,2,0
2020-03-16,Orange,059,3164182,413,18,3,21,0
2020-03-16,Placer,061,380077,36,7,0,7,1
2020-03-16,Plumas,063,18699,0,0,0,0,0
2020-03-16,Riverside,065,2383286,235,10,5,15,0
2020-03-16,Sacramento,067,1510023,208,34,0,34,1
2020-03-16,San Benito,069,59416,8,2,0,2,0
2020-03-16,San Bernardino,071,2135413,143,1,0,1,0
2020-03-16,San Diego,073,3302833,525,17,0,17,0
2020-03-16,San Francisco,075,870044,262,40,0,40,0
2020-03-16,San Joaquin,077,732212,74,9,3,12,0
2020-03-16,San Luis Obispo,079,281455,56,1,0,1,0
2020-03-16,San Mateo,081,765935,269,42,2,44,1
2020-03-16,Santa Barbara,083,443738,64,0,0,0,0
2020-03-16,Santa Clara,085,1922200,657,115,1,116,2
2020-03-16,Santa Cruz,087,273765,44,9,0,9,0
2020-03-16,Shasta,089,179085,5,1,0,1,0
2020-03-16,Sierra,091,2930,0,0,0,0,0
2020-03-16,Siskiyou,093,43540,2,0,0,0,0
2020-03-16,Solano,095,438530,43,27,0,27,0
2020-03-16,Sonoma,097,501317,63,4,0,4,0
2020-03-16,Stanislaus,099,539301,26,2,2,4,0
2020-03-16,Sutter,101,95872,3,0,0,0,0
2020-03-16,Tehama,103,63373,0,0,0,0,0
2020-03-16,Trinity,105,12862,0,0,0,0,0
2020-03-16,Tulare,107,460477,25,2,3,5,0
2020-03-16,Tuolumne,109,53932,1,0,0,0,0
2020-03-16,Ventura,111,848112,88,7,0,7,0
2020-03-16,Yolo,113,214977,18,2,0,2,0
2020-03-16,Yuba,115,75493,3,0,0,0,0
2020-03-15,Alameda,001,1643700,214,17,0,17,0
2020-03-15,Alpine,003,1148,0,0,0,0,0
2020-03-15,Amador,005,37829,0,0,0,0,0
2020-03-15,Butte,007,227075,3,0,0,0,0
2020-03-15,Calaveras,009,45235,2,2,0,2,0
2020-03-15,Colusa,011,21464,0,0,0,0,0
2020-03-15,Contra Costa,013,1133247,160,34,0,34,0
2020-03-15,Del Norte,015,27424,0,0,0,0,0
2020-03-15,El Dorado,017,186661,13,0,0,0,0
2020-03-15,Fresno,019,978130,32,1,1,2,0
2020-03-15,Glenn,021,27897,0,0,0,0,0
2020-03-15,Humboldt,023,135768,11,1,0,1,0
2020-03-15,Imperial,025,180216,17,2,0,2,0
2020-03-15,Inyo,027,18085,0,0,0,0,0
2020-03-15,Kern,029,883053,37,0,0,0,0
2020-03-15,Kings,031,150075,11,0,1,1,0
2020-03-15,Lake,033,64148,0,0,0,0,0
2020-03-15,Lassen,035,31185,0,0,0,0,0
2020-03-15,Los Angeles,037,10098052,1350,41,11,52,0
2020-03-15,Madera,039,155013,21,2,0,2,0
2020-03-15,Marin,041,260295,37,3,0,3,0
2020-03-15,Mariposa,043,17540,0,0,0,0,0
2020-03-15,Mendocino,045,87422,2,0,0,0,0
2020-03-15,Merced,047,269075,3,0,0,0,0
2020-03-15,Modoc,049,8938,0,0,0,0,0
2020-03-15,Mono,051,14174,6,0,0,0,0
2020-03-15,Monterey,053,433212,20,0,0,0,0
2020-03-15,Napa,055,140530,7,0,0,0,0
2020-03-15,Nevada,057,99092,11,0,1,1,0
2020-03-15,Orange,059,3164182,345,16,1,17,0
2020-03-15,Placer,061,380077,31,7,0,7,1
2020-03-15,Plumas,063,18699,0,0,0,0,0
2020-03-15,Riverside,065,2383286,183,10,5,15,0
2020-03-15,Sacramento,067,1510023,172,30,0,30,1
2020-03-15,San Benito,069,59416,8,2,0,2,0
2020-03-15,San Bernardino,071,2135413,121,0,0,0,0
2020-03-15,San Diego,073,3302833,438,16,0,16,0
2020-03-15,San Francisco,075,870044,206,31,0,31,0
2020-03-15,San Joaquin,077,732212,63,6,3,9,0
2020-03-15,San Luis Obispo,079,281455,46,1,0,1,0
2020-03-15,San Mateo,081,765935,236,29,1,30,1
2020-03-15,Santa Barbara,083,443738,54,0,0,0,0
2020-03-15,Santa Clara,085,1922200,585,79,1,80,2
2020-03-15,Santa Cruz,087,273765,38,8,0,8,0
2020-03-15,Shasta,089,179085,5,1,0,1,0
2020-03-15,Sierra,091,2930,0,0,0,0,0
2020-03-15,Siskiyou,093,43540,2,0,0,0,0
2020-03-15,Solano,095,438530,42,26,0,26,0
2020-03-15,Sonoma,097,501317,54,4,0,4,0
2020-03-15,Stanislaus,099,539301,26,2,2,4,0
2020-03-15,Sutter,101,95872,2,0,0,0,0
2020-03-15,Tehama,103,63373,0,0,0,0,0
2020-03-15,Trinity,105,12862,0,0,0,0,0
2020-03-15,Tulare,107,460477,19,2,3,5,0
2020-03-15,Tuolumne,109,53932,1,0,0,0,0
2020-03-15,Ventura,111,848112,77,5,0,5,0
2020-03-15,Yolo,113,214977,15,2,0,2,0
2020-03-15,Yuba,115,75493,2,0,0,0,0
2020-03-14,Alameda,001,1643700,195,11,0,11,0
2020-03-14,Alpine,003,1148,0,0,0,0,0
2020-03-14,Amador,005,37829,0,0,0,0,0
2020-03-14,Butte,007,227075,2,0,0,0,0
2020-03-14,Calaveras,009,45235,2,2,0,2,0
2020-03-14,Colusa,011,21464,0,0,0,0,0
2020-03-14,Contra Costa,013,1133247,138,30,0,30,0
2020-03-14,Del Norte,015,27424,0,0,0,0,0
2020-03-14,El Dorado,017,186661,11,0,0,0,0
2020-03-14,Fresno,019,978130,24,1,1,2,0
2020-03-14,Glenn,021,27897,0,0,0,0,0
2020-03-14,Humboldt,023,135768,7,1,0,1,0
2020-03-14,Imperial,025,180216,13,2,0,2,0
2020-03-14,Inyo,027,18085,0,0,0,0,0
2020-03-14,Kern,029,883053,32,0,0,0,0
2020-03-14,Kings,031,150075,11,0,1,1,0
2020-03-14,Lake,033,64148,0,0,0,0,0
2020-03-14,Lassen,035,31185,0,0,0,0,0
2020-03-14,Los Angeles,037,10098052,1172,35,11,46,0
2020-03-14,Madera,039,155013,20,2,0,2,0
2020-03-14,Marin,041,260295,36,3,0,3,0
2020-03-14,Mariposa,043,17540,0,0,0,0,0
2020-03-14,Mendocino,045,87422,2,0,0,0,0
2020-03-14,Merced,047,269075,3,0,0,0,0
2020-03-14,Modoc,049,8938,0,0,0,0,0
2020-03-14,Mono,051,14174,5,0,0,0,0
2020-03-14,Monterey,053,433212,14,0,0,0,0
2020-03-14,Napa,055,140530,5,0,0,0,0
2020-03-14,Nevada,057,99092,8,0,1,1,0
2020-03-14,Orange,059,3164182,306,14,0,14,0
2020-03-14,Placer,061,380077,28,6,0,6,1
2020-03-14,Plumas,063,18699,0,0,0,0,0
2020-03-14,Riverside,065,2383286,163,10,5,15,0
2020-03-14,Sacramento,067,1510023,151,31,0,31,1
2020-03-14,San Benito,069,59416,8,2,0,2,0
2020-03-14,San Bernardino,071,2135413,102,0,0,0,0
2020-03-14,San Diego,073,3302833,363,10,0,10,0
2020-03-14,San Francisco,075,870044,185,29,0,29,0
2020-03-14,San Joaquin,077,732212,54,6,3,9,0
2020-03-14,San Luis Obispo,079,281455,41,0,0,0,0
2020-03-14,San Mateo,081,765935,213,27,1,28,0
2020-03-14,Santa Barbara,083,443738,42,0,0,0,0
2020-03-14,Santa Clara,085,1922200,529,62,1,63,2
2020-03-14,Santa Cruz,087,273765,33,8,0,8,0
2020-03-14,Shasta,089,179085,5,1,0,1,0
2020-03-14,Sierra,091,2930,0,0,0,0,0
2020-03-14,Siskiyou,093,43540,1,0,0,0,0
2020-03-14,Solano,095,438530,40,26,0,26,0
2020-03-14,Sonoma,097,501317,41,2,0,2,0
2020-03-14,Stanislaus,099,539301,22,2,2,4,0
2020-03-14,Sutter,101,95872,2,0,0,0,0
2020-03-14,Tehama,103,63373,0,0,0,0,0
2020-03-14,Trinity,105,12862,0,0,0,0,0
2020-03-14,Tulare,107,460477,17,2,2,4,0
2020-03-14,Tuolumne,109,53932,1,0,0,0,0
2020-03-14,Ventura,111,848112,68,5,0,5,0
2020-03-14,Yolo,113,214977,15,2,0,2,0
2020-03-14,Yuba,115,75493,1,0,0,0,0
2020-03-13,Alameda,001,1643700,176,12,0,12,0
2020-03-13,Alpine,003,1148,0,0,0,0,0
2020-03-13,Amador,005,37829,0,0,0,0,0
2020-03-13,Butte,007,227075,0,0,0,0,0
2020-03-13,Calaveras,009,45235,2,2,0,2,0
2020-03-13,Colusa,011,21464,0,0,0,0,0
2020-03-13,Contra Costa,013,1133247,125,22,0,22,0
2020-03-13,Del Norte,015,27424,0,0,0,0,0
2020-03-13,El Dorado,017,186661,10,0,0,0,0
2020-03-13,Fresno,019,978130,19,1,1,2,0
2020-03-13,Glenn,021,27897,0,0,0,0,0
2020-03-13,Humboldt,023,135768,7,1,0,1,0
2020-03-13,Imperial,025,180216,12,2,0,2,0
2020-03-13,Inyo,027,18085,0,0,0,0,0
2020-03-13,Kern,029,883053,27,0,0,0,0
2020-03-13,Kings,031,150075,10,0,1,1,0
2020-03-13,Lake,033,64148,0,0,0,0,0
2020-03-13,Lassen,035,31185,0,0,0,0,0
2020-03-13,Los Angeles,037,10098052,1019,30,10,40,0
2020-03-13,Madera,039,155013,19,1,0,1,0
2020-03-13,Marin,041,260295,34,3,0,3,0
2020-03-13,Mariposa,043,17540,0,0,0,0,0
2020-03-13,Mendocino,045,87422,2,0,0,0,0
2020-03-13,Merced,047,269075,2,0,0,0,0
2020-03-13,Modoc,049,8938,0,0,0,0,0
2020-03-13,Mono,051,14174,3,0,0,0,0
2020-03-13,Monterey,053,433212,9,0,0,0,0
2020-03-13,Napa,055,140530,3,0,0,0,0
2020-03-13,Nevada,057,99092,7,0,1,1,0
2020-03-13,Orange,059,3164182,267,10,0,10,0
2020-03-13,Placer,061,380077,27,6,0,6,1
2020-03-13,Plumas,063,18699,0,0,0,0,0
2020-03-13,Riverside,065,2383286,133,5,4,9,0
2020-03-13,Sacramento,067,1510023,129,18,0,18,1
2020-03-13,San Benito,069,59416,6,2,0,2,0
2020-03-13,San Bernardino,071,2135413,95,0,0,0,0
2020-03-13,San Diego,073,3302833,313,8,0,8,0
2020-03-13,San Francisco,075,870044,171,28,0,28,0
2020-03-13,San Joaquin,077,732212,50,6,3,9,0
2020-03-13,San Luis Obispo,079,281455,33,0,0,0,0
2020-03-13,San Mateo,081,765935,192,24,1,25,0
2020-03-13,Santa Barbara,083,443738,38,0,0,0,0
2020-03-13,Santa Clara,085,1922200,467,59,1,60,1
2020-03-13,Santa Cruz,087,273765,32,7,0,7,0
2020-03-13,Shasta,089,179085,3,1,0,1,0
2020-03-13,Sierra,091,2930,0,0,0,0,0
2020-03-13,Siskiyou,093,43540,0,0,0,0,0
2020-03-13,Solano,095,438530,39,26,0,26,0
2020-03-13,Sonoma,097,501317,40,2,0,2,0
2020-03-13,Stanislaus,099,539301,17,2,2,4,0
2020-03-13,Sutter,101,95872,2,0,0,0,0
2020-03-13,Tehama,103,63373,0,0,0,0,0
2020-03-13,Trinity,105,12862,0,0,0,0,0
2020-03-13,Tulare,107,460477,14,2,2,4,0
2020-03-13,Tuolumne,109,53932,1,0,0,0,0
2020-03-13,Ventura,111,848112,54,5,0,5,0
2020-03-13,Yolo,113,214977,15,1,0,1,0
2020-03-13,Yuba,115,75493,1,0,0,0,0
2020-03-12,Alameda,001,1643700,151,9,0,9,0
2020-03-12,Alpine,003,1148,0,0,0,0,0
2020-03-12,Amador,005,37829,0,0,0,0,0
2020-03-12,Butte,007,227075,0,0,0,0,0
2020-03-12,Calaveras,009,45235,2,2,0,2,0
2020-03-12,Colusa,011,21464,0,0,0,0,0
2020-03-12,Contra Costa,013,1133247,108,18,0,18,0
2020-03-12,Del Norte,015,27424,0,0,0,0,0
2020-03-12,El Dorado,017,186661,8,0,0,0,0
2020-03-12,Fresno,019,978130,11,1,1,2,0
2020-03-12,Glenn,021,27897,0,0,0,0,0
2020-03-12,Humboldt,023,135768,6,1,0,1,0
2020-03-12,Imperial,025,180216,11,2,0,2,0
2020-03-12,Inyo,027,18085,0,0,0,0,0
2020-03-12,Kern,029,883053,18,0,0,0,0
2020-03-12,Kings,031,150075,7,0,1,1,0
2020-03-12,Lake,033,64148,0,0,0,0,0
2020-03-12,Lassen,035,31185,0,0,0,0,0
2020-03-12,Los Angeles,037,10098052,860,30,10,40,0
2020-03-12,Madera,039,155013,16,1,0,1,0
2020-03-12,Marin,041,260295,24,1,0,1,0
2020-03-12,Mariposa,043,17540,0,0,0,0,0
2020-03-12,Mendocino,045,87422,2,0,0,0,0
2020-03-12,Merced,047,269075,2,0,0,0,0
2020-03-12,Modoc,049,8938,0,0,0,0,0
2020-03-12,Mono,051,14174,3,0,0,0,0
2020-03-12,Monterey,053,433212,7,0,0,0,0
2020-03-12,Napa,055,140530,3,0,0,0,0
2020-03-12,Nevada,057,99092,4,0,1,1,0
2020-03-12,Orange,059,3164182,231,7,0,7,0
2020-03-12,Placer,061,380077,23,6,0,6,1
2020-03-12,Plumas,063,18699,0,0,0,0,0
2020-03-12,Riverside,065,2383286,107,5,2,7,0
2020-03-12,Sacramento,067,1510023,105,17,0,17,1
2020-03-12,San Benito,069,59416,5,2,0,2,0
2020-03-12,San Bernardino,071,2135413,79,0,0,0,0
2020-03-12,San Diego,073,3302833,258,9,0,9,0
2020-03-12,San Francisco,075,870044,147,20,0,20,0
2020-03-12,San Joaquin,077,732212,44,3,3,6,1
2020-03-12,San Luis Obispo,079,281455,26,0,0,0,0
2020-03-12,San Mateo,081,765935,158,21,1,22,0
2020-03-12,Santa Barbara,083,443738,25,0,0,0,0
2020-03-12,Santa Clara,085,1922200,409,51,1,52,1
2020-03-12,Santa Cruz,087,273765,29,5,0,5,0
2020-03-12,Shasta,089,179085,2,1,0,1,0
2020-03-12,Sierra,091,2930,0,0,0,0,0
2020-03-12,Siskiyou,093,43540,0,0,0,0,0
2020-03-12,Solano,095,438530,34,26,0,26,0
2020-03-12,Sonoma,097,501317,34,2,0,2,0
2020-03-12,Stanislaus,099,539301,15,2,2,4,0
2020-03-12,Sutter,101,95872,0,0,0,0,0
2020-03-12,Tehama,103,63373,0,0,0,0,0
2020-03-12,Trinity,105,12862,0,0,0,0,0
2020-03-12,Tulare,107,460477,12,1,1,2,0
2020-03-12,Tuolumne,109,53932,1,0,0,0,0
2020-03-12,Ventura,111,848112,45,3,0,3,0
2020-03-12,Yolo,113,214977,14,1,0,1,0
2020-03-12,Yuba,115,75493,1,0,0,0,0
2020-03-11,Alameda,001,1643700,120,5,0,5,0
2020-03-11,Alpine,003,1148,0,0,0,0,0
2020-03-11,Amador,005,37829,0,0,0,0,0
2020-03-11,Butte,007,227075,0,0,0,0,0
2020-03-11,Calaveras,009,45235,2,2,0,2,0
2020-03-11,Colusa,011,21464,0,0,0,0,0
2020-03-11,Contra Costa,013,1133247,93,16,0,16,0
2020-03-11,Del Norte,015,27424,0,0,0,0,0
2020-03-11,El Dorado,017,186661,7,0,0,0,0
2020-03-11,Fresno,019,978130,8,1,1,2,0
2020-03-11,Glenn,021,27897,0,0,0,0,0
2020-03-11,Humboldt,023,135768,6,1,0,1,0
2020-03-11,Imperial,025,180216,9,0,0,0,0
2020-03-11,Inyo,027,18085,0,0,0,0,0
2020-03-11,Kern,029,883053,16,0,0,0,0
2020-03-11,Kings,031,150075,5,0,1,1,0
2020-03-11,Lake,033,64148,0,0,0,0,0
2020-03-11,Lassen,035,31185,0,0,0,0,0
2020-03-11,Los Angeles,037,10098052,692,21,10,31,0
2020-03-11,Madera,039,155013,13,1,0,1,0
2020-03-11,Marin,041,260295,17,1,0,1,0
2020-03-11,Mariposa,043,17540,0,0,0,0,0
2020-03-11,Mendocino,045,87422,1,0,0,0,0
2020-03-11,Merced,047,269075,2,0,0,0,0
2020-03-11,Modoc,049,8938,0,0,0,0,0
2020-03-11,Mono,051,14174,3,0,0,0,0
2020-03-11,Monterey,053,433212,6,0,0,0,0
2020-03-11,Napa,055,140530,2,0,0,0,0
2020-03-11,Nevada,057,99092,4,0,1,1,0
2020-03-11,Orange,059,3164182,202,6,0,6,0
2020-03-11,Placer,061,380077,18,6,0,6,1
2020-03-11,Plumas,063,18699,0,0,0,0,0
2020-03-11,Riverside,065,2383286,81,4,1,5,0
2020-03-11,Sacramento,067,1510023,87,9,0,9,1
2020-03-11,San Benito,069,59416,5,2,0,2,0
2020-03-11,San Bernardino,071,2135413,72,0,0,0,0
2020-03-11,San Diego,073,3302833,208,4,0,4,0
2020-03-11,San Francisco,075,870044,124,17,0,17,0
2020-03-11,San Joaquin,077,732212,33,1,3,4,0
2020-03-11,San Luis Obispo,079,281455,23,0,0,0,0
2020-03-11,San Mateo,081,765935,140,16,0,16,0
2020-03-11,Santa Barbara,083,443738,15,0,0,0,0
2020-03-11,Santa Clara,085,1922200,369,48,1,49,1
2020-03-11,Santa Cruz,087,273765,26,2,0,2,0
2020-03-11,Shasta,089,179085,2,1,0,1,0
2020-03-11,Sierra,091,2930,0,0,0,0,0
2020-03-11,Siskiyou,093,43540,0,0,0,0,0
2020-03-11,Solano,095,438530,29,26,0,26,0
2020-03-11,Sonoma,097,501317,30,2,0,2,0
2020-03-11,Stanislaus,099,539301,15,2,2,4,0
2020-03-11,Sutter,101,95872,0,0,0,0,0
2020-03-11,Tehama,103,63373,0,0,0,0,0
2020-03-11,Trinity,105,12862,0,0,0,0,0
2020-03-11,Tulare,107,460477,10,0,1,1,0
2020-03-11,Tuolumne,109,53932,1,0,0,0,0
2020-03-11,Ventura,111,848112,37,3,0,3,0
2020-03-11,Yolo,113,214977,10,1,0,1,0
2020-03-11,Yuba,115,75493,1,0,0,0,0
2020-03-10,Alameda,001,1643700,98,4,0,4,0
2020-03-10,Alpine,003,1148,0,0,0,0,0
2020-03-10,Amador,005,37829,0,0,0,0,0
2020-03-10,Butte,007,227075,0,0,0,0,0
2020-03-10,Calaveras,009,45235,2,2,0,2,0
2020-03-10,Colusa,011,21464,0,0,0,0,0
2020-03-10,Contra Costa,013,1133247,84,11,0,11,0
2020-03-10,Del Norte,015,27424,0,0,0,0,0
2020-03-10,El Dorado,017,186661,6,0,0,0,0
2020-03-10,Fresno,019,978130,6,1,1,2,0
2020-03-10,Glenn,021,27897,0,0,0,0,0
2020-03-10,Humboldt,023,135768,6,1,0,1,0
2020-03-10,Imperial,025,180216,8,0,0,0,0
2020-03-10,Inyo,027,18085,0,0,0,0,0
2020-03-10,Kern,029,883053,11,0,0,0,0
2020-03-10,Kings,031,150075,5,0,1,1,0
2020-03-10,Lake,033,64148,0,0,0,0,0
2020-03-10,Lassen,035,31185,0,0,0,0,0
2020-03-10,Los Angeles,037,10098052,556,20,10,30,0
2020-03-10,Madera,039,155013,8,1,0,1,0
2020-03-10,Marin,041,260295,16,1,0,1,0
2020-03-10,Mariposa,043,17540,0,0,0,0,0
2020-03-10,Mendocino,045,87422,0,0,0,0,0
2020-03-10,Merced,047,269075,2,0,0,0,0
2020-03-10,Modoc,049,8938,0,0,0,0,0
2020-03-10,Mono,051,14174,3,0,0,0,0
2020-03-10,Monterey,053,433212,4,0,0,0,0
2020-03-10,Napa,055,140530,2,0,0,0,0
2020-03-10,Nevada,057,99092,3,0,1,1,0
2020-03-10,Orange,059,3164182,182,5,0,5,1
2020-03-10,Placer,061,380077,14,7,0,7,1
2020-03-10,Plumas,063,18699,0,0,0,0,0
2020-03-10,Riverside,065,2383286,59,4,1,5,0
2020-03-10,Sacramento,067,1510023,78,8,0,8,0
2020-03-10,San Benito,069,59416,5,2,0,2,0
2020-03-10,San Bernardino,071,2135413,64,0,0,0,0
2020-03-10,San Diego,073,3302833,165,3,0,3,0
2020-03-10,San Francisco,075,870044,92,16,0,16,0
2020-03-10,San Joaquin,077,732212,30,1,3,4,0
2020-03-10,San Luis Obispo,079,281455,15,0,0,0,0
2020-03-10,San Mateo,081,765935,124,11,0,11,0
2020-03-10,Santa Barbara,083,443738,11,0,0,0,0
2020-03-10,Santa Clara,085,1922200,321,45,1,46,1
2020-03-10,Santa Cruz,087,273765,22,2,0,2,0
2020-03-10,Shasta,089,179085,2,1,0,1,0
2020-03-10,Sierra,091,2930,0,0,0,0,0
2020-03-10,Siskiyou,093,43540,0,0,0,0,0
2020-03-10,Solano,095,438530,27,26,0,26,0
2020-03-10,Sonoma,097,501317,27,2,0,2,0
2020-03-10,Stanislaus,099,539301,11,0,2,2,0
2020-03-10,Sutter,101,95872,0,0,0,0,0
2020-03-10,Tehama,103,63373,0,0,0,0,0
2020-03-10,Trinity,105,12862,0,0,0,0,0
2020-03-10,Tulare,107,460477,9,0,1,1,0
2020-03-10,Tuolumne,109,53932,1,0,0,0,0
2020-03-10,Ventura,111,848112,29,1,0,1,0
2020-03-10,Yolo,113,214977,7,2,0,2,0
2020-03-10,Yuba,115,75493,1,0,0,0,0
2020-03-09,Alameda,001,1643700,70,4,0,4,0
2020-03-09,Alpine,003,1148,0,0,0,0,0
2020-03-09,Amador,005,37829,0,0,0,0,0
2020-03-09,Butte,007,227075,0,0,0,0,0
2020-03-09,Calaveras,009,45235,2,0,0,0,0
2020-03-09,Colusa,011,21464,0,0,0,0,0
2020-03-09,Contra Costa,013,1133247,72,9,0,9,0
2020-03-09,Del Norte,015,27424,0,0,0,0,0
2020-03-09,El Dorado,017,186661,4,0,0,0,0
2020-03-09,Fresno,019,978130,6,1,1,2,0
2020-03-09,Glenn,021,27897,0,0,0,0,0
2020-03-09,Humboldt,023,135768,5,1,0,1,0
2020-03-09,Imperial,025,180216,8,0,0,0,0
2020-03-09,Inyo,027,18085,0,0,0,0,0
2020-03-09,Kern,029,883053,8,0,0,0,0
2020-03-09,Kings,031,150075,4,0,1,1,0
2020-03-09,Lake,033,64148,0,0,0,0,0
2020-03-09,Lassen,035,31185,0,0,0,0,0
2020-03-09,Los Angeles,037,10098052,454,17,9,26,0
2020-03-09,Madera,039,155013,8,1,0,1,0
2020-03-09,Marin,041,260295,15,1,0,1,0
2020-03-09,Mariposa,043,17540,0,0,0,0,0
2020-03-09,Mendocino,045,87422,0,0,0,0,0
2020-03-09,Merced,047,269075,2,0,0,0,0
2020-03-09,Modoc,049,8938,0,0,0,0,0
2020-03-09,Mono,051,14174,3,0,0,0,0
2020-03-09,Monterey,053,433212,2,0,0,0,0
2020-03-09,Napa,055,140530,2,0,0,0,0
2020-03-09,Nevada,057,99092,2,0,1,1,0
2020-03-09,Orange,059,3164182,154,4,0,4,0
2020-03-09,Placer,061,380077,12,7,0,7,1
2020-03-09,Plumas,063,18699,0,0,0,0,0
2020-03-09,Riverside,065,2383286,49,4,1,5,0
2020-03-09,Sacramento,067,1510023,74,8,0,8,0
2020-03-09,San Benito,069,59416,3,2,0,2,0
2020-03-09,San Bernardino,071,2135413,53,0,0,0,0
2020-03-09,San Diego,073,3302833,126,2,0,2,0
2020-03-09,San Francisco,075,870044,72,14,0,14,0
2020-03-09,San Joaquin,077,732212,21,0,3,3,0
2020-03-09,San Luis Obispo,079,281455,15,0,0,0,0
2020-03-09,San Mateo,081,765935,110,6,0,6,0
2020-03-09,Santa Barbara,083,443738,9,0,0,0,0
2020-03-09,Santa Clara,085,1922200,277,42,1,43,1
2020-03-09,Santa Cruz,087,273765,19,2,0,2,0
2020-03-09,Shasta,089,179085,2,1,0,1,0
2020-03-09,Sierra,091,2930,0,0,0,0,0
2020-03-09,Siskiyou,093,43540,0,0,0,0,0
2020-03-09,Solano,095,438530,25,26,0,26,0
2020-03-09,Sonoma,097,501317,22,2,0,2,0
2020-03-09,Stanislaus,099,539301,11,0,2,2,0
2020-03-09,Sutter,101,95872,0,0,0,0,0
2020-03-09,Tehama,103,63373,0,0,0,0,0
2020-03-09,Trinity,105,12862,0,0,0,0,0
2020-03-09,Tulare,107,460477,9,0,1,1,0
2020-03-09,Tuolumne,109,53932,1,0,0,0,0
2020-03-09,Ventura,111,848112,25,1,0,1,0
2020-03-09,Yolo,113,214977,6,2,0,2,0
2020-03-09,Yuba,115,75493,0,0,0,0,0
2020-03-08,Alameda,001,1643700,45,4,0,4,0
2020-03-08,Alpine,003,1148,0,0,0,0,0
2020-03-08,Amador,005,37829,0,0,0,0,0
2020-03-08,Butte,007,227075,0,0,0,0,0
2020-03-08,Calaveras,009,45235,2,0,0,0,0
2020-03-08,Colusa,011,21464,0,0,0,0,0
2020-03-08,Contra Costa,013,1133247,58,9,0,9,0
2020-03-08,Del Norte,015,27424,0,0,0,0,0
2020-03-08,El Dorado,017,186661,4,0,0,0,0
2020-03-08,Fresno,019,978130,4,1,1,2,0
2020-03-08,Glenn,021,27897,0,0,0,0,0
2020-03-08,Humboldt,023,135768,5,1,0,1,0
2020-03-08,Imperial,025,180216,8,0,0,0,0
2020-03-08,Inyo,027,18085,0,0,0,0,0
2020-03-08,Kern,029,883053,8,0,0,0,0
2020-03-08,Kings,031,150075,3,0,1,1,0
2020-03-08,Lake,033,64148,0,0,0,0,0
2020-03-08,Lassen,035,31185,0,0,0,0,0
2020-03-08,Los Angeles,037,10098052,361,14,9,23,0
2020-03-08,Madera,039,155013,8,1,0,1,0
2020-03-08,Marin,041,260295,13,1,0,1,0
2020-03-08,Mariposa,043,17540,0,0,0,0,0
2020-03-08,Mendocino,045,87422,0,0,0,0,0
2020-03-08,Merced,047,269075,2,0,0,0,0
2020-03-08,Modoc,049,8938,0,0,0,0,0
2020-03-08,Mono,051,14174,3,0,0,0,0
2020-03-08,Monterey,053,433212,2,0,0,0,0
2020-03-08,Napa,055,140530,2,0,0,0,0
2020-03-08,Nevada,057,99092,1,0,1,1,0
2020-03-08,Orange,059,3164182,129,4,0,4,0
2020-03-08,Placer,061,380077,11,7,0,7,1
2020-03-08,Plumas,063,18699,0,0,0,0,0
2020-03-08,Riverside,065,2383286,41,1,1,2,0
2020-03-08,Sacramento,067,1510023,64,5,0,5,0
2020-03-08,San Benito,069,59416,3,2,0,2,0
2020-03-08,San Bernardino,071,2135413,42,0,0,0,0
2020-03-08,San Diego,073,3302833,92,2,0,2,0
2020-03-08,San Francisco,075,870044,53,9,0,9,0
2020-03-08,San Joaquin,077,732212,18,0,3,3,0
2020-03-08,San Luis Obispo,079,281455,9,0,0,0,0
2020-03-08,San Mateo,081,765935,97,4,0,4,0
2020-03-08,Santa Barbara,083,443738,6,0,0,0,0
2020-03-08,Santa Clara,085,1922200,235,36,1,37,0
2020-03-08,Santa Cruz,087,273765,17,1,0,1,0
2020-03-08,Shasta,089,179085,2,0,0,0,0
2020-03-08,Sierra,091,2930,0,0,0,0,0
2020-03-08,Siskiyou,093,43540,0,0,0,0,0
2020-03-08,Solano,095,438530,24,26,0,26,0
2020-03-08,Sonoma,097,501317,17,2,0,2,0
2020-03-08,Stanislaus,099,539301,10,0,2,2,0
2020-03-08,Sutter,101,95872,0,0,0,0,0
2020-03-08,Tehama,103,63373,0,0,0,0,0
2020-03-08,Trinity,105,12862,0,0,0,0,0
2020-03-08,Tulare,107,460477,9,0,0,0,0
2020-03-08,Tuolumne,109,53932,1,0,0,0,0
2020-03-08,Ventura,111,848112,21,1,0,1,0
2020-03-08,Yolo,113,214977,3,2,0,2,0
2020-03-08,Yuba,115,75493,0,0,0,0,0
2020-03-07,Alameda,001,1643700,40,3,0,3,0
2020-03-07,Alpine,003,1148,0,0,0,0,0
2020-03-07,Amador,005,37829,0,0,0,0,0
2020-03-07,Butte,007,227075,0,0,0,0,0
2020-03-07,Calaveras,009,45235,2,0,0,0,0
2020-03-07,Colusa,011,21464,0,0,0,0,0
2020-03-07,Contra Costa,013,1133247,55,4,0,4,0
2020-03-07,Del Norte,015,27424,0,0,0,0,0
2020-03-07,El Dorado,017,186661,3,0,0,0,0
2020-03-07,Fresno,019,978130,3,1,1,2,0
2020-03-07,Glenn,021,27897,0,0,0,0,0
2020-03-07,Humboldt,023,135768,5,1,0,1,0
2020-03-07,Imperial,025,180216,7,0,0,0,0
2020-03-07,Inyo,027,18085,0,0,0,0,0
2020-03-07,Kern,029,883053,7,0,0,0,0
2020-03-07,Kings,031,150075,3,0,1,1,0
2020-03-07,Lake,033,64148,0,0,0,0,0
2020-03-07,Lassen,035,31185,0,0,0,0,0
2020-03-07,Los Angeles,037,10098052,311,14,9,23,0
2020-03-07,Madera,039,155013,7,1,0,1,0
2020-03-07,Marin,041,260295,11,0,0,0,0
2020-03-07,Mariposa,043,17540,0,0,0,0,0
2020-03-07,Mendocino,045,87422,0,0,0,0,0
2020-03-07,Merced,047,269075,2,0,0,0,0
2020-03-07,Modoc,049,8938,0,0,0,0,0
2020-03-07,Mono,051,14174,3,0,0,0,0
2020-03-07,Monterey,053,433212,2,0,0,0,0
2020-03-07,Napa,055,140530,1,0,0,0,0
2020-03-07,Nevada,057,99092,1,0,1,1,0
2020-03-07,Orange,059,3164182,121,4,0,4,0
2020-03-07,Placer,061,380077,11,6,0,6,1
2020-03-07,Plumas,063,18699,0,0,0,0,0
2020-03-07,Riverside,065,2383286,31,0,1,1,0
2020-03-07,Sacramento,067,1510023,51,4,0,4,0
2020-03-07,San Benito,069,59416,3,2,0,2,0
2020-03-07,San Bernardino,071,2135413,40,0,0,0,0
2020-03-07,San Diego,073,3302833,74,2,0,2,0
2020-03-07,San Francisco,075,870044,47,9,0,9,0
2020-03-07,San Joaquin,077,732212,16,0,3,3,0
2020-03-07,San Luis Obispo,079,281455,6,0,0,0,0
2020-03-07,San Mateo,081,765935,87,1,0,1,0
2020-03-07,Santa Barbara,083,443738,5,0,0,0,0
2020-03-07,Santa Clara,085,1922200,205,31,1,32,0
2020-03-07,Santa Cruz,087,273765,17,1,0,1,0
2020-03-07,Shasta,089,179085,2,0,0,0,0
2020-03-07,Sierra,091,2930,0,0,0,0,0
2020-03-07,Siskiyou,093,43540,0,0,0,0,0
2020-03-07,Solano,095,438530,23,25,0,25,0
2020-03-07,Sonoma,097,501317,13,2,0,2,0
2020-03-07,Stanislaus,099,539301,9,0,2,2,0
2020-03-07,Sutter,101,95872,0,0,0,0,0
2020-03-07,Tehama,103,63373,0,0,0,0,0
2020-03-07,Trinity,105,12862,0,0,0,0,0
2020-03-07,Tulare,107,460477,6,0,0,0,0
2020-03-07,Tuolumne,109,53932,1,0,0,0,0
2020-03-07,Ventura,111,848112,18,1,0,1,0
2020-03-07,Yolo,113,214977,3,2,0,2,0
2020-03-07,Yuba,115,75493,0,0,0,0,0
2020-03-06,Alameda,001,1643700,38,3,0,3,0
2020-03-06,Alpine,003,1148,0,0,0,0,0
2020-03-06,Amador,005,37829,0,0,0,0,0
2020-03-06,Butte,007,227075,0,0,0,0,0
2020-03-06,Calaveras,009,45235,2,0,0,0,0
2020-03-06,Colusa,011,21464,0,0,0,0,0
2020-03-06,Contra Costa,013,1133247,46,4,0,4,0
2020-03-06,Del Norte,015,27424,0,0,0,0,0
2020-03-06,El Dorado,017,186661,3,0,0,0,0
2020-03-06,Fresno,019,978130,2,0,1,1,0
2020-03-06,Glenn,021,27897,0,0,0,0,0
2020-03-06,Humboldt,023,135768,4,1,0,1,0
2020-03-06,Imperial,025,180216,6,0,0,0,0
2020-03-06,Inyo,027,18085,0,0,0,0,0
2020-03-06,Kern,029,883053,6,0,0,0,0
2020-03-06,Kings,031,150075,3,0,1,1,0
2020-03-06,Lake,033,64148,0,0,0,0,0
2020-03-06,Lassen,035,31185,0,0,0,0,0
2020-03-06,Los Angeles,037,10098052,268,13,9,22,0
2020-03-06,Madera,039,155013,6,0,0,0,0
2020-03-06,Marin,041,260295,10,0,0,0,0
2020-03-06,Mariposa,043,17540,0,0,0,0,0
2020-03-06,Mendocino,045,87422,0,0,0,0,0
2020-03-06,Merced,047,269075,2,0,0,0,0
2020-03-06,Modoc,049,8938,0,0,0,0,0
2020-03-06,Mono,051,14174,1,0,0,0,0
2020-03-06,Monterey,053,433212,2,0,0,0,0
2020-03-06,Napa,055,140530,1,0,0,0,0
2020-03-06,Nevada,057,99092,1,0,1,1,0
2020-03-06,Orange,059,3164182,95,4,0,4,0
2020-03-06,Placer,061,380077,10,5,0,5,1
2020-03-06,Plumas,063,18699,0,0,0,0,0
2020-03-06,Riverside,065,2383286,30,0,1,1,0
2020-03-06,Sacramento,067,1510023,42,2,0,2,0
2020-03-06,San Benito,069,59416,3,2,0,2,0
2020-03-06,San Bernardino,071,2135413,38,0,0,0,0
2020-03-06,San Diego,073,3302833,61,2,0,2,0
2020-03-06,San Francisco,075,870044,41,2,0,2,0
2020-03-06,San Joaquin,077,732212,13,0,3,3,0
2020-03-06,San Luis Obispo,079,281455,4,0,0,0,0
2020-03-06,San Mateo,081,765935,79,1,0,1,0
2020-03-06,Santa Barbara,083,443738,3,0,0,0,0
2020-03-06,Santa Clara,085,1922200,187,20,1,21,0
2020-03-06,Santa Cruz,087,273765,15,0,0,0,0
2020-03-06,Shasta,089,179085,2,0,0,0,0
2020-03-06,Sierra,091,2930,0,0,0,0,0
2020-03-06,Siskiyou,093,43540,0,0,0,0,0
2020-03-06,Solano,095,438530,22,25,0,25,0
2020-03-06,Sonoma,097,501317,13,2,0,2,0
2020-03-06,Stanislaus,099,539301,5,0,2,2,0
2020-03-06,Sutter,101,95872,0,0,0,0,0
2020-03-06,Tehama,103,63373,0,0,0,0,0
2020-03-06,Trinity,105,12862,0,0,0,0,0
2020-03-06,Tulare,107,460477,6,0,0,0,0
2020-03-06,Tuolumne,109,53932,1,0,0,0,0
2020-03-06,Ventura,111,848112,15,1,0,1,0
2020-03-06,Yolo,113,214977,3,1,0,1,0
2020-03-06,Yuba,115,75493,0,0,0,0,0
2020-03-05,Alameda,001,1643700,33,2,0,2,0
2020-03-05,Alpine,003,1148,0,0,0,0,0
2020-03-05,Amador,005,37829,0,0,0,0,0
2020-03-05,Butte,007,227075,0,0,0,0,0
2020-03-05,Calaveras,009,45235,2,0,0,0,0
2020-03-05,Colusa,011,21464,0,0,0,0,0
2020-03-05,Contra Costa,013,1133247,39,1,0,1,0
2020-03-05,Del Norte,015,27424,0,0,0,0,0
2020-03-05,El Dorado,017,186661,1,0,0,0,0
2020-03-05,Fresno,019,978130,2,0,1,1,0
2020-03-05,Glenn,021,27897,0,0,0,0,0
2020-03-05,Humboldt,023,135768,4,1,0,1,0
2020-03-05,Imperial,025,180216,5,0,0,0,0
2020-03-05,Inyo,027,18085,0,0,0,0,0
2020-03-05,Kern,029,883053,6,0,0,0,0
2020-03-05,Kings,031,150075,3,0,1,1,0
2020-03-05,Lake,033,64148,0,0,0,0,0
2020-03-05,Lassen,035,31185,0,0,0,0,0
2020-03-05,Los Angeles,037,10098052,221,11,9,20,0
2020-03-05,Madera,039,155013,5,0,0,0,0
2020-03-05,Marin,041,260295,10,0,0,0,0
2020-03-05,Mariposa,043,17540,0,0,0,0,0
2020-03-05,Mendocino,045,87422,0,0,0,0,0
2020-03-05,Merced,047,269075,2,0,0,0,0
2020-03-05,Modoc,049,8938,0,0,0,0,0
2020-03-05,Mono,051,14174,1,0,0,0,0
2020-03-05,Monterey,053,433212,2,0,0,0,0
2020-03-05,Napa,055,140530,1,0,0,0,0
2020-03-05,Nevada,057,99092,0,0,1,1,0
2020-03-05,Orange,059,3164182,80,3,0,3,0
2020-03-05,Placer,061,380077,10,2,0,2,1
2020-03-05,Plumas,063,18699,0,0,0,0,0
2020-03-05,Riverside,065,2383286,27,0,1,1,0
2020-03-05,Sacramento,067,1510023,36,2,0,2,0
2020-03-05,San Benito,069,59416,1,2,0,2,0
2020-03-05,San Bernardino,071,2135413,33,0,0,0,0
2020-03-05,San Diego,073,3302833,54,2,0,2,0
2020-03-05,San Francisco,075,870044,31,2,0,2,0
2020-03-05,San Joaquin,077,732212,10,0,3,3,0
2020-03-05,San Luis Obispo,079,281455,4,0,0,0,0
2020-03-05,San Mateo,081,765935,65,1,0,1,0
2020-03-05,Santa Barbara,083,443738,2,0,0,0,0
2020-03-05,Santa Clara,085,1922200,163,14,1,15,0
2020-03-05,Santa Cruz,087,273765,13,0,0,0,0
2020-03-05,Shasta,089,179085,2,0,0,0,0
2020-03-05,Sierra,091,2930,0,0,0,0,0
2020-03-05,Siskiyou,093,43540,0,0,0,0,0
2020-03-05,Solano,095,438530,22,24,0,24,0
2020-03-05,Sonoma,097,501317,12,2,0,2,0
2020-03-05,Stanislaus,099,539301,4,0,2,2,0
2020-03-05,Sutter,101,95872,0,0,0,0,0
2020-03-05,Tehama,103,63373,0,0,0,0,0
2020-03-05,Trinity,105,12862,0,0,0,0,0
2020-03-05,Tulare,107,460477,6,0,0,0,0
2020-03-05,Tuolumne,109,53932,1,0,0,0,0
2020-03-05,Ventura,111,848112,13,0,0,0,0
2020-03-05,Yolo,113,214977,3,0,0,0,0
2020-03-05,Yuba,115,75493,0,0,0,0,0
2020-03-04,Alameda,001,1643700,29,2,0,2,0
2020-03-04,Alpine,003,1148,0,0,0,0,0
2020-03-04,Amador,005,37829,0,0,0,0,0
2020-03-04,Butte,007,227075,0,0,0,0,0
2020-03-04,Calaveras,009,45235,0,0,0,0,0
2020-03-04,Colusa,011,21464,0,0,0,0,0
2020-03-04,Contra Costa,013,1133247,34,1,0,1,0
2020-03-04,Del Norte,015,27424,0,0,0,0,0
2020-03-04,El Dorado,017,186661,1,0,0,0,0
2020-03-04,Fresno,019,978130,2,0,1,1,0
2020-03-04,Glenn,021,27897,0,0,0,0,0
2020-03-04,Humboldt,023,135768,1,1,0,1,0
2020-03-04,Imperial,025,180216,5,0,0,0,0
2020-03-04,Inyo,027,18085,0,0,0,0,0
2020-03-04,Kern,029,883053,6,0,0,0,0
2020-03-04,Kings,031,150075,3,0,1,1,0
2020-03-04,Lake,033,64148,0,0,0,0,0
2020-03-04,Lassen,035,31185,0,0,0,0,0
2020-03-04,Los Angeles,037,10098052,186,7,9,16,0
2020-03-04,Madera,039,155013,5,0,0,0,0
2020-03-04,Marin,041,260295,10,0,0,0,0
2020-03-04,Mariposa,043,17540,0,0,0,0,0
2020-03-04,Mendocino,045,87422,0,0,0,0,0
2020-03-04,Merced,047,269075,2,0,0,0,0
2020-03-04,Modoc,049,8938,0,0,0,0,0
2020-03-04,Mono,051,14174,1,0,0,0,0
2020-03-04,Monterey,053,433212,2,0,0,0,0
2020-03-04,Napa,055,140530,1,0,0,0,0
2020-03-04,Nevada,057,99092,0,0,1,1,0
2020-03-04,Orange,059,3164182,77,3,0,3,0
2020-03-04,Placer,061,380077,9,2,0,2,1
2020-03-04,Plumas,063,18699,0,0,0,0,0
2020-03-04,Riverside,065,2383286,23,0,1,1,0
2020-03-04,Sacramento,067,1510023,31,1,0,1,0
2020-03-04,San Benito,069,59416,1,2,0,2,0
2020-03-04,San Bernardino,071,2135413,30,0,0,0,0
2020-03-04,San Diego,073,3302833,41,2,0,2,0
2020-03-04,San Francisco,075,870044,26,0,0,0,0
2020-03-04,San Joaquin,077,732212,9,0,3,3,0
2020-03-04,San Luis Obispo,079,281455,4,0,0,0,0
2020-03-04,San Mateo,081,765935,60,1,0,1,0
2020-03-04,Santa Barbara,083,443738,2,0,0,0,0
2020-03-04,Santa Clara,085,1922200,146,12,1,13,0
2020-03-04,Santa Cruz,087,273765,13,0,0,0,0
2020-03-04,Shasta,089,179085,2,0,0,0,0
2020-03-04,Sierra,091,2930,0,0,0,0,0
2020-03-04,Siskiyou,093,43540,0,0,0,0,0
2020-03-04,Solano,095,438530,21,24,0,24,0
2020-03-04,Sonoma,097,501317,11,2,0,2,0
2020-03-04,Stanislaus,099,539301,4,0,2,2,0
2020-03-04,Sutter,101,95872,0,0,0,0,0
2020-03-04,Tehama,103,63373,0,0,0,0,0
2020-03-04,Trinity,105,12862,0,0,0,0,0
2020-03-04,Tulare,107,460477,6,0,0,0,0
2020-03-04,Tuolumne,109,53932,0,0,0,0,0
2020-03-04,Ventura,111,848112,12,0,0,0,0
2020-03-04,Yolo,113,214977,3,0,0,0,0
2020-03-04,Yuba,115,75493,0,0,0,0,0
2020-03-03,Alameda,001,1643700,24,2,0,2,0
2020-03-03,Alpine,003,1148,0,0,0,0,0
2020-03-03,Amador,005,37829,0,0,0,0,0
2020-03-03,Butte,007,227075,0,0,0,0,0
2020-03-03,Calaveras,009,45235,0,0,0,0,0
2020-03-03,Colusa,011,21464,0,0,0,0,0
2020-03-03,Contra Costa,013,1133247,30,0,0,0,0
2020-03-03,Del Norte,015,27424,0,0,0,0,0
2020-03-03,El Dorado,017,186661,1,0,0,0,0
2020-03-03,Fresno,019,978130,1,0,1,1,0
2020-03-03,Glenn,021,27897,0,0,0,0,0
2020-03-03,Humboldt,023,135768,1,1,0,1,0
2020-03-03,Imperial,025,180216,5,0,0,0,0
2020-03-03,Inyo,027,18085,0,0,0,0,0
2020-03-03,Kern,029,883053,4,0,0,0,0
2020-03-03,Kings,031,150075,3,0,1,1,0
2020-03-03,Lake,033,64148,0,0,0,0,0
2020-03-03,Lassen,035,31185,0,0,0,0,0
2020-03-03,Los Angeles,037,10098052,167,5,9,14,0
2020-03-03,Madera,039,155013,4,0,0,0,0
2020-03-03,Marin,041,260295,6,0,0,0,0
2020-03-03,Mariposa,043,17540,0,0,0,0,0
2020-03-03,Mendocino,045,87422,0,0,0,0,0
2020-03-03,Merced,047,269075,2,0,0,0,0
2020-03-03,Modoc,049,8938,0,0,0,0,0
2020-03-03,Mono,051,14174,1,0,0,0,0
2020-03-03,Monterey,053,433212,1,0,0,0,0
2020-03-03,Napa,055,140530,1,0,0,0,0
2020-03-03,Nevada,057,99092,0,0,1,1,0
2020-03-03,Orange,059,3164182,69,1,0,1,0
2020-03-03,Placer,061,380077,8,2,0,2,0
2020-03-03,Plumas,063,18699,0,0,0,0,0
2020-03-03,Riverside,065,2383286,20,0,1,1,0
2020-03-03,Sacramento,067,1510023,30,1,0,1,0
2020-03-03,San Benito,069,59416,1,2,0,2,0
2020-03-03,San Bernardino,071,2135413,27,0,0,0,0
2020-03-03,San Diego,073,3302833,34,2,0,2,0
2020-03-03,San Francisco,075,870044,24,0,0,0,0
2020-03-03,San Joaquin,077,732212,8,0,3,3,0
2020-03-03,San Luis Obispo,079,281455,2,0,0,0,0
2020-03-03,San Mateo,081,765935,53,1,0,1,0
2020-03-03,Santa Barbara,083,443738,1,0,0,0,0
2020-03-03,Santa Clara,085,1922200,131,11,1,12,0
2020-03-03,Santa Cruz,087,273765,10,0,0,0,0
2020-03-03,Shasta,089,179085,2,0,0,0,0
2020-03-03,Sierra,091,2930,0,0,0,0,0
2020-03-03,Siskiyou,093,43540,0,0,0,0,0
2020-03-03,Solano,095,438530,20,24,0,24,0
2020-03-03,Sonoma,097,501317,11,1,0,1,0
2020-03-03,Stanislaus,099,539301,4,0,2,2,0
2020-03-03,Sutter,101,95872,0,0,0,0,0
2020-03-03,Tehama,103,63373,0,0,0,0,0
2020-03-03,Trinity,105,12862,0,0,0,0,0
2020-03-03,Tulare,107,460477,6,0,0,0,0
2020-03-03,Tuolumne,109,53932,0,0,0,0,0
2020-03-03,Ventura,111,848112,11,0,0,0,0
2020-03-03,Yolo,113,214977,2,0,0,0,0
2020-03-03,Yuba,115,75493,0,0,0,0,0
2020-03-02,Alameda,001,1643700,21,1,0,1,0
2020-03-02,Alpine,003,1148,0,0,0,0,0
2020-03-02,Amador,005,37829,0,0,0,0,0
2020-03-02,Butte,007,227075,0,0,0,0,0
2020-03-02,Calaveras,009,45235,0,0,0,0,0
2020-03-02,Colusa,011,21464,0,0,0,0,0
2020-03-02,Contra Costa,013,1133247,27,0,0,0,0
2020-03-02,Del Norte,015,27424,0,0,0,0,0
2020-03-02,El Dorado,017,186661,1,0,0,0,0
2020-03-02,Fresno,019,978130,1,0,1,1,0
2020-03-02,Glenn,021,27897,0,0,0,0,0
2020-03-02,Humboldt,023,135768,1,1,0,1,0
2020-03-02,Imperial,025,180216,5,0,0,0,0
2020-03-02,Inyo,027,18085,0,0,0,0,0
2020-03-02,Kern,029,883053,4,0,0,0,0
2020-03-02,Kings,031,150075,3,0,1,1,0
2020-03-02,Lake,033,64148,0,0,0,0,0
2020-03-02,Lassen,035,31185,0,0,0,0,0
2020-03-02,Los Angeles,037,10098052,152,1,9,10,0
2020-03-02,Madera,039,155013,4,0,0,0,0
2020-03-02,Marin,041,260295,6,0,0,0,0
2020-03-02,Mariposa,043,17540,0,0,0,0,0
2020-03-02,Mendocino,045,87422,0,0,0,0,0
2020-03-02,Merced,047,269075,1,0,0,0,0
2020-03-02,Modoc,049,8938,0,0,0,0,0
2020-03-02,Mono,051,14174,1,0,0,0,0
2020-03-02,Monterey,053,433212,1,0,0,0,0
2020-03-02,Napa,055,140530,1,0,0,0,0
2020-03-02,Nevada,057,99092,0,0,1,1,0
2020-03-02,Orange,059,3164182,64,1,0,1,0
2020-03-02,Placer,061,380077,8,1,0,1,0
2020-03-02,Plumas,063,18699,0,0,0,0,0
2020-03-02,Riverside,065,2383286,19,0,1,1,0
2020-03-02,Sacramento,067,1510023,25,1,0,1,0
2020-03-02,San Benito,069,59416,1,2,0,2,0
2020-03-02,San Bernardino,071,2135413,27,0,0,0,0
2020-03-02,San Diego,073,3302833,28,2,0,2,0
2020-03-02,San Francisco,075,870044,17,0,0,0,0
2020-03-02,San Joaquin,077,732212,7,0,3,3,0
2020-03-02,San Luis Obispo,079,281455,2,0,0,0,0
2020-03-02,San Mateo,081,765935,44,1,0,1,0
2020-03-02,Santa Barbara,083,443738,1,0,0,0,0
2020-03-02,Santa Clara,085,1922200,109,7,1,8,0
2020-03-02,Santa Cruz,087,273765,9,0,0,0,0
2020-03-02,Shasta,089,179085,2,0,0,0,0
2020-03-02,Sierra,091,2930,0,0,0,0,0
2020-03-02,Siskiyou,093,43540,0,0,0,0,0
2020-03-02,Solano,095,438530,19,24,0,24,0
2020-03-02,Sonoma,097,501317,10,1,0,1,0
2020-03-02,Stanislaus,099,539301,2,0,2,2,0
2020-03-02,Sutter,101,95872,0,0,0,0,0
2020-03-02,Tehama,103,63373,0,0,0,0,0
2020-03-02,Trinity,105,12862,0,0,0,0,0
2020-03-02,Tulare,107,460477,6,0,0,0,0
2020-03-02,Tuolumne,109,53932,0,0,0,0,0
2020-03-02,Ventura,111,848112,10,0,0,0,0
2020-03-02,Yolo,113,214977,2,0,0,0,0
2020-03-02,Yuba,115,75493,0,0,0,0,0
2020-03-01,Alameda,001,1643700,20,1,0,1,0
2020-03-01,Alpine,003,1148,0,0,0,0,0
2020-03-01,Amador,005,37829,0,0,0,0,0
2020-03-01,Butte,007,227075,0,0,0,0,0
2020-03-01,Calaveras,009,45235,0,0,0,0,0
2020-03-01,Colusa,011,21464,0,0,0,0,0
2020-03-01,Contra Costa,013,1133247,24,0,0,0,0
2020-03-01,Del Norte,015,27424,0,0,0,0,0
2020-03-01,El Dorado,017,186661,1,0,0,0,0
2020-03-01,Fresno,019,978130,0,0,1,1,0
2020-03-01,Glenn,021,27897,0,0,0,0,0
2020-03-01,Humboldt,023,135768,1,1,0,1,0
2020-03-01,Imperial,025,180216,5,0,0,0,0
2020-03-01,Inyo,027,18085,0,0,0,0,0
2020-03-01,Kern,029,883053,2,0,0,0,0
2020-03-01,Kings,031,150075,3,0,1,1,0
2020-03-01,Lake,033,64148,0,0,0,0,0
2020-03-01,Lassen,035,31185,0,0,0,0,0
2020-03-01,Los Angeles,037,10098052,133,1,9,10,0
2020-03-01,Madera,039,155013,2,0,0,0,0
2020-03-01,Marin,041,260295,5,0,0,0,0
2020-03-01,Mariposa,043,17540,0,0,0,0,0
2020-03-01,Mendocino,045,87422,0,0,0,0,0
2020-03-01,Merced,047,269075,1,0,0,0,0
2020-03-01,Modoc,049,8938,0,0,0,0,0
2020-03-01,Mono,051,14174,1,0,0,0,0
2020-03-01,Monterey,053,433212,0,0,0,0,0
2020-03-01,Napa,055,140530,1,0,0,0,0
2020-03-01,Nevada,057,99092,0,0,1,1,0
2020-03-01,Orange,059,3164182,61,1,0,1,0
2020-03-01,Placer,061,380077,8,0,0,0,0
2020-03-01,Plumas,063,18699,0,0,0,0,0
2020-03-01,Riverside,065,2383286,18,0,1,1,0
2020-03-01,Sacramento,067,1510023,21,1,0,1,0
2020-03-01,San Benito,069,59416,0,2,0,2,0
2020-03-01,San Bernardino,071,2135413,25,0,0,0,0
2020-03-01,San Diego,073,3302833,21,2,0,2,0
2020-03-01,San Francisco,075,870044,13,0,0,0,0
2020-03-01,San Joaquin,077,732212,7,0,3,3,0
2020-03-01,San Luis Obispo,079,281455,2,0,0,0,0
2020-03-01,San Mateo,081,765935,36,0,0,0,0
2020-03-01,Santa Barbara,083,443738,1,0,0,0,0
2020-03-01,Santa Clara,085,1922200,96,6,1,7,0
2020-03-01,Santa Cruz,087,273765,8,0,0,0,0
2020-03-01,Shasta,089,179085,2,0,0,0,0
2020-03-01,Sierra,091,2930,0,0,0,0,0
2020-03-01,Siskiyou,093,43540,0,0,0,0,0
2020-03-01,Solano,095,438530,19,24,0,24,0
2020-03-01,Sonoma,097,501317,9,0,0,0,0
2020-03-01,Stanislaus,099,539301,2,0,2,2,0
2020-03-01,Sutter,101,95872,0,0,0,0,0
2020-03-01,Tehama,103,63373,0,0,0,0,0
2020-03-01,Trinity,105,12862,0,0,0,0,0
2020-03-01,Tulare,107,460477,6,0,0,0,0
2020-03-01,Tuolumne,109,53932,0,0,0,0,0
2020-03-01,Ventura,111,848112,8,0,0,0,0
2020-03-01,Yolo,113,214977,2,0,0,0,0
2020-03-01,Yuba,115,75493,0,0,0,0,0
2020-02-29,Alameda,001,1643700,16,0,0,0,0
2020-02-29,Alpine,003,1148,0,0,0,0,0
2020-02-29,Amador,005,37829,0,0,0,0,0
2020-02-29,Butte,007,227075,0,0,0,0,0
2020-02-29,Calaveras,009,45235,0,0,0,0,0
2020-02-29,Colusa,011,21464,0,0,0,0,0
2020-02-29,Contra Costa,013,1133247,20,0,0,0,0
2020-02-29,Del Norte,015,27424,0,0,0,0,0
2020-02-29,El Dorado,017,186661,1,0,0,0,0
2020-02-29,Fresno,019,978130,0,0,0,0,0
2020-02-29,Glenn,021,27897,0,0,0,0,0
2020-02-29,Humboldt,023,135768,1,1,0,1,0
2020-02-29,Imperial,025,180216,3,0,0,0,0
2020-02-29,Inyo,027,18085,0,0,0,0,0
2020-02-29,Kern,029,883053,2,0,0,0,0
2020-02-29,Kings,031,150075,3,0,1,1,0
2020-02-29,Lake,033,64148,0,0,0,0,0
2020-02-29,Lassen,035,31185,0,0,0,0,0
2020-02-29,Los Angeles,037,10098052,105,1,9,10,0
2020-02-29,Madera,039,155013,2,0,0,0,0
2020-02-29,Marin,041,260295,4,0,0,0,0
2020-02-29,Mariposa,043,17540,0,0,0,0,0
2020-02-29,Mendocino,045,87422,0,0,0,0,0
2020-02-29,Merced,047,269075,1,0,0,0,0
2020-02-29,Modoc,049,8938,0,0,0,0,0
2020-02-29,Mono,051,14174,1,0,0,0,0
2020-02-29,Monterey,053,433212,0,0,0,0,0
2020-02-29,Napa,055,140530,1,0,0,0,0
2020-02-29,Nevada,057,99092,0,0,1,1,0
2020-02-29,Orange,059,3164182,56,1,0,1,0
2020-02-29,Placer,061,380077,7,0,0,0,0
2020-02-29,Plumas,063,18699,0,0,0,0,0
2020-02-29,Riverside,065,2383286,15,0,1,1,0
2020-02-29,Sacramento,067,1510023,16,1,0,1,0
2020-02-29,San Benito,069,59416,0,2,0,2,0
2020-02-29,San Bernardino,071,2135413,23,0,0,0,0
2020-02-29,San Diego,073,3302833,16,2,0,2,0
2020-02-29,San Francisco,075,870044,12,0,0,0,0
2020-02-29,San Joaquin,077,732212,6,0,3,3,0
2020-02-29,San Luis Obispo,079,281455,2,0,0,0,0
2020-02-29,San Mateo,081,765935,29,0,0,0,0
2020-02-29,Santa Barbara,083,443738,0,0,0,0,0
2020-02-29,Santa Clara,085,1922200,74,3,1,4,0
2020-02-29,Santa Cruz,087,273765,8,0,0,0,0
2020-02-29,Shasta,089,179085,2,0,0,0,0
2020-02-29,Sierra,091,2930,0,0,0,0,0
2020-02-29,Siskiyou,093,43540,0,0,0,0,0
2020-02-29,Solano,095,438530,18,23,0,23,0
2020-02-29,Sonoma,097,501317,6,0,0,0,0
2020-02-29,Stanislaus,099,539301,2,0,2,2,0
2020-02-29,Sutter,101,95872,0,0,0,0,0
2020-02-29,Tehama,103,63373,0,0,0,0,0
2020-02-29,Trinity,105,12862,0,0,0,0,0
2020-02-29,Tulare,107,460477,4,0,0,0,0
2020-02-29,Tuolumne,109,53932,0,0,0,0,0
2020-02-29,Ventura,111,848112,6,0,0,0,0
2020-02-29,Yolo,113,214977,2,0,0,0,0
2020-02-29,Yuba,115,75493,0,0,0,0,0
2020-02-28,Alameda,001,1643700,14,0,0,0,0
2020-02-28,Alpine,003,1148,0,0,0,0,0
2020-02-28,Amador,005,37829,0,0,0,0,0
2020-02-28,Butte,007,227075,0,0,0,0,0
2020-02-28,Calaveras,009,45235,0,0,0,0,0
2020-02-28,Colusa,011,21464,0,0,0,0,0
2020-02-28,Contra Costa,013,1133247,20,0,0,0,0
2020-02-28,Del Norte,015,27424,0,0,0,0,0
2020-02-28,El Dorado,017,186661,0,0,0,0,0
2020-02-28,Fresno,019,978130,0,0,0,0,0
2020-02-28,Glenn,021,27897,0,0,0,0,0
2020-02-28,Humboldt,023,135768,1,1,0,1,0
2020-02-28,Imperial,025,180216,3,0,0,0,0
2020-02-28,Inyo,027,18085,0,0,0,0,0
2020-02-28,Kern,029,883053,2,0,0,0,0
2020-02-28,Kings,031,150075,3,0,1,1,0
2020-02-28,Lake,033,64148,0,0,0,0,0
2020-02-28,Lassen,035,31185,0,0,0,0,0
2020-02-28,Los Angeles,037,10098052,97,1,9,10,0
2020-02-28,Madera,039,155013,2,0,0,0,0
2020-02-28,Marin,041,260295,2,0,0,0,0
2020-02-28,Mariposa,043,17540,0,0,0,0,0
2020-02-28,Mendocino,045,87422,0,0,0,0,0
2020-02-28,Merced,047,269075,1,0,0,0,0
2020-02-28,Modoc,049,8938,0,0,0,0,0
2020-02-28,Mono,051,14174,0,0,0,0,0
2020-02-28,Monterey,053,433212,0,0,0,0,0
2020-02-28,Napa,055,140530,1,0,0,0,0
2020-02-28,Nevada,057,99092,0,0,1,1,0
2020-02-28,Orange,059,3164182,54,1,0,1,0
2020-02-28,Placer,061,380077,7,0,0,0,0
2020-02-28,Plumas,063,18699,0,0,0,0,0
2020-02-28,Riverside,065,2383286,13,0,1,1,0
2020-02-28,Sacramento,067,1510023,10,1,0,1,0
2020-02-28,San Benito,069,59416,0,2,0,2,0
2020-02-28,San Bernardino,071,2135413,23,0,0,0,0
2020-02-28,San Diego,073,3302833,13,2,0,2,0
2020-02-28,San Francisco,075,870044,10,0,0,0,0
2020-02-28,San Joaquin,077,732212,6,0,3,3,0
2020-02-28,San Luis Obispo,079,281455,2,0,0,0,0
2020-02-28,San Mateo,081,765935,24,0,0,0,0
2020-02-28,Santa Barbara,083,443738,0,0,0,0,0
2020-02-28,Santa Clara,085,1922200,69,3,1,4,0
2020-02-28,Santa Cruz,087,273765,8,0,0,0,0
2020-02-28,Shasta,089,179085,2,0,0,0,0
2020-02-28,Sierra,091,2930,0,0,0,0,0
2020-02-28,Siskiyou,093,43540,0,0,0,0,0
2020-02-28,Solano,095,438530,17,23,0,23,0
2020-02-28,Sonoma,097,501317,6,0,0,0,0
2020-02-28,Stanislaus,099,539301,2,0,2,2,0
2020-02-28,Sutter,101,95872,0,0,0,0,0
2020-02-28,Tehama,103,63373,0,0,0,0,0
2020-02-28,Trinity,105,12862,0,0,0,0,0
2020-02-28,Tulare,107,460477,3,0,0,0,0
2020-02-28,Tuolumne,109,53932,0,0,0,0,0
2020-02-28,Ventura,111,848112,6,0,0,0,0
2020-02-28,Yolo,113,214977,2,0,0,0,0
2020-02-28,Yuba,115,75493,0,0,0,0,0
2020-02-27,Alameda,001,1643700,13,0,0,0,0
2020-02-27,Alpine,003,1148,0,0,0,0,0
2020-02-27,Amador,005,37829,0,0,0,0,0
2020-02-27,Butte,007,227075,0,0,0,0,0
2020-02-27,Calaveras,009,45235,0,0,0,0,0
2020-02-27,Colusa,011,21464,0,0,0,0,0
2020-02-27,Contra Costa,013,1133247,14,0,0,0,0
2020-02-27,Del Norte,015,27424,0,0,0,0,0
2020-02-27,El Dorado,017,186661,0,0,0,0,0
2020-02-27,Fresno,019,978130,0,0,0,0,0
2020-02-27,Glenn,021,27897,0,0,0,0,0
2020-02-27,Humboldt,023,135768,1,1,0,1,0
2020-02-27,Imperial,025,180216,3,0,0,0,0
2020-02-27,Inyo,027,18085,0,0,0,0,0
2020-02-27,Kern,029,883053,2,0,0,0,0
2020-02-27,Kings,031,150075,3,0,1,1,0
2020-02-27,Lake,033,64148,0,0,0,0,0
2020-02-27,Lassen,035,31185,0,0,0,0,0
2020-02-27,Los Angeles,037,10098052,90,1,9,10,0
2020-02-27,Madera,039,155013,2,0,0,0,0
2020-02-27,Marin,041,260295,1,0,0,0,0
2020-02-27,Mariposa,043,17540,0,0,0,0,0
2020-02-27,Mendocino,045,87422,0,0,0,0,0
2020-02-27,Merced,047,269075,1,0,0,0,0
2020-02-27,Modoc,049,8938,0,0,0,0,0
2020-02-27,Mono,051,14174,0,0,0,0,0
2020-02-27,Monterey,053,433212,0,0,0,0,0
2020-02-27,Napa,055,140530,1,0,0,0,0
2020-02-27,Nevada,057,99092,0,0,1,1,0
2020-02-27,Orange,059,3164182,48,1,0,1,0
2020-02-27,Placer,061,380077,6,0,0,0,0
2020-02-27,Plumas,063,18699,0,0,0,0,0
2020-02-27,Riverside,065,2383286,12,0,1,1,0
2020-02-27,Sacramento,067,1510023,10,1,0,1,0
2020-02-27,San Benito,069,59416,0,2,0,2,0
2020-02-27,San Bernardino,071,2135413,23,0,0,0,0
2020-02-27,San Diego,073,3302833,12,2,0,2,0
2020-02-27,San Francisco,075,870044,9,0,0,0,0
2020-02-27,San Joaquin,077,732212,5,0,3,3,0
2020-02-27,San Luis Obispo,079,281455,2,0,0,0,0
2020-02-27,San Mateo,081,765935,20,0,0,0,0
2020-02-27,Santa Barbara,083,443738,0,0,0,0,0
2020-02-27,Santa Clara,085,1922200,58,2,1,3,0
2020-02-27,Santa Cruz,087,273765,6,0,0,0,0
2020-02-27,Shasta,089,179085,0,0,0,0,0
2020-02-27,Sierra,091,2930,0,0,0,0,0
2020-02-27,Siskiyou,093,43540,0,0,0,0,0
2020-02-27,Solano,095,438530,17,23,0,23,0
2020-02-27,Sonoma,097,501317,5,0,0,0,0
2020-02-27,Stanislaus,099,539301,2,0,2,2,0
2020-02-27,Sutter,101,95872,0,0,0,0,0
2020-02-27,Tehama,103,63373,0,0,0,0,0
2020-02-27,Trinity,105,12862,0,0,0,0,0
2020-02-27,Tulare,107,460477,3,0,0,0,0
2020-02-27,Tuolumne,109,53932,0,0,0,0,0
2020-02-27,Ventura,111,848112,4,0,0,0,0
2020-02-27,Yolo,113,214977,2,0,0,0,0
2020-02-27,Yuba,115,75493,0,0,0,0,0
2020-02-26,Alameda,001,1643700,13,0,0,0,0
2020-02-26,Alpine,003,1148,0,0,0,0,0
2020-02-26,Amador,005,37829,0,0,0,0,0
2020-02-26,Butte,007,227075,0,0,0,0,0
2020-02-26,Calaveras,009,45235,0,0,0,0,0
2020-02-26,Colusa,011,21464,0,0,0,0,0
2020-02-26,Contra Costa,013,1133247,13,0,0,0,0
2020-02-26,Del Norte,015,27424,0,0,0,0,0
2020-02-26,El Dorado,017,186661,0,0,0,0,0
2020-02-26,Fresno,019,978130,0,0,0,0,0
2020-02-26,Glenn,021,27897,0,0,0,0,0
2020-02-26,Humboldt,023,135768,1,1,0,1,0
2020-02-26,Imperial,025,180216,3,0,0,0,0
2020-02-26,Inyo,027,18085,0,0,0,0,0
2020-02-26,Kern,029,883053,2,0,0,0,0
2020-02-26,Kings,031,150075,3,0,1,1,0
2020-02-26,Lake,033,64148,0,0,0,0,0
2020-02-26,Lassen,035,31185,0,0,0,0,0
2020-02-26,Los Angeles,037,10098052,84,1,9,10,0
2020-02-26,Madera,039,155013,2,0,0,0,0
2020-02-26,Marin,041,260295,1,0,0,0,0
2020-02-26,Mariposa,043,17540,0,0,0,0,0
2020-02-26,Mendocino,045,87422,0,0,0,0,0
2020-02-26,Merced,047,269075,1,0,0,0,0
2020-02-26,Modoc,049,8938,0,0,0,0,0
2020-02-26,Mono,051,14174,0,0,0,0,0
2020-02-26,Monterey,053,433212,0,0,0,0,0
2020-02-26,Napa,055,140530,0,0,0,0,0
2020-02-26,Nevada,057,99092,0,0,1,1,0
2020-02-26,Orange,059,3164182,47,1,0,1,0
2020-02-26,Placer,061,380077,5,0,0,0,0
2020-02-26,Plumas,063,18699,0,0,0,0,0
2020-02-26,Riverside,065,2383286,10,0,1,1,0
2020-02-26,Sacramento,067,1510023,10,1,0,1,0
2020-02-26,San Benito,069,59416,0,2,0,2,0
2020-02-26,San Bernardino,071,2135413,21,0,0,0,0
2020-02-26,San Diego,073,3302833,11,2,0,2,0
2020-02-26,San Francisco,075,870044,9,0,0,0,0
2020-02-26,San Joaquin,077,732212,5,0,3,3,0
2020-02-26,San Luis Obispo,079,281455,2,0,0,0,0
2020-02-26,San Mateo,081,765935,18,0,0,0,0
2020-02-26,Santa Barbara,083,443738,0,0,0,0,0
2020-02-26,Santa Clara,085,1922200,49,2,1,3,0
2020-02-26,Santa Cruz,087,273765,6,0,0,0,0
2020-02-26,Shasta,089,179085,0,0,0,0,0
2020-02-26,Sierra,091,2930,0,0,0,0,0
2020-02-26,Siskiyou,093,43540,0,0,0,0,0
2020-02-26,Solano,095,438530,17,23,0,23,0
2020-02-26,Sonoma,097,501317,5,0,0,0,0
2020-02-26,Stanislaus,099,539301,2,0,2,2,0
2020-02-26,Sutter,101,95872,0,0,0,0,0
2020-02-26,Tehama,103,63373,0,0,0,0,0
2020-02-26,Trinity,105,12862,0,0,0,0,0
2020-02-26,Tulare,107,460477,3,0,0,0,0
2020-02-26,Tuolumne,109,53932,0,0,0,0,0
2020-02-26,Ventura,111,848112,4,0,0,0,0
2020-02-26,Yolo,113,214977,2,0,0,0,0
2020-02-26,Yuba,115,75493,0,0,0,0,0
2020-02-25,Alameda,001,1643700,13,0,0,0,0
2020-02-25,Alpine,003,1148,0,0,0,0,0
2020-02-25,Amador,005,37829,0,0,0,0,0
2020-02-25,Butte,007,227075,0,0,0,0,0
2020-02-25,Calaveras,009,45235,0,0,0,0,0
2020-02-25,Colusa,011,21464,0,0,0,0,0
2020-02-25,Contra Costa,013,1133247,11,0,0,0,0
2020-02-25,Del Norte,015,27424,0,0,0,0,0
2020-02-25,El Dorado,017,186661,0,0,0,0,0
2020-02-25,Fresno,019,978130,0,0,0,0,0
2020-02-25,Glenn,021,27897,0,0,0,0,0
2020-02-25,Humboldt,023,135768,1,1,0,1,0
2020-02-25,Imperial,025,180216,3,0,0,0,0
2020-02-25,Inyo,027,18085,0,0,0,0,0
2020-02-25,Kern,029,883053,2,0,0,0,0
2020-02-25,Kings,031,150075,3,0,1,1,0
2020-02-25,Lake,033,64148,0,0,0,0,0
2020-02-25,Lassen,035,31185,0,0,0,0,0
2020-02-25,Los Angeles,037,10098052,72,1,9,10,0
2020-02-25,Madera,039,155013,2,0,0,0,0
2020-02-25,Marin,041,260295,1,0,0,0,0
2020-02-25,Mariposa,043,17540,0,0,0,0,0
2020-02-25,Mendocino,045,87422,0,0,0,0,0
2020-02-25,Merced,047,269075,0,0,0,0,0
2020-02-25,Modoc,049,8938,0,0,0,0,0
2020-02-25,Mono,051,14174,0,0,0,0,0
2020-02-25,Monterey,053,433212,0,0,0,0,0
2020-02-25,Napa,055,140530,0,0,0,0,0
2020-02-25,Nevada,057,99092,0,0,1,1,0
2020-02-25,Orange,059,3164182,46,1,0,1,0
2020-02-25,Placer,061,380077,5,0,0,0,0
2020-02-25,Plumas,063,18699,0,0,0,0,0
2020-02-25,Riverside,065,2383286,10,0,1,1,0
2020-02-25,Sacramento,067,1510023,8,1,0,1,0
2020-02-25,San Benito,069,59416,0,2,0,2,0
2020-02-25,San Bernardino,071,2135413,19,0,0,0,0
2020-02-25,San Diego,073,3302833,7,2,0,2,0
2020-02-25,San Francisco,075,870044,7,0,0,0,0
2020-02-25,San Joaquin,077,732212,5,0,2,2,0
2020-02-25,San Luis Obispo,079,281455,2,0,0,0,0
2020-02-25,San Mateo,081,765935,17,0,0,0,0
2020-02-25,Santa Barbara,083,443738,0,0,0,0,0
2020-02-25,Santa Clara,085,1922200,40,2,1,3,0
2020-02-25,Santa Cruz,087,273765,5,0,0,0,0
2020-02-25,Shasta,089,179085,0,0,0,0,0
2020-02-25,Sierra,091,2930,0,0,0,0,0
2020-02-25,Siskiyou,093,43540,0,0,0,0,0
2020-02-25,Solano,095,438530,16,21,0,21,0
2020-02-25,Sonoma,097,501317,5,0,0,0,0
2020-02-25,Stanislaus,099,539301,2,0,2,2,0
2020-02-25,Sutter,101,95872,0,0,0,0,0
2020-02-25,Tehama,103,63373,0,0,0,0,0
2020-02-25,Trinity,105,12862,0,0,0,0,0
2020-02-25,Tulare,107,460477,3,0,0,0,0
2020-02-25,Tuolumne,109,53932,0,0,0,0,0
2020-02-25,Ventura,111,848112,4,0,0,0,0
2020-02-25,Yolo,113,214977,2,0,0,0,0
2020-02-25,Yuba,115,75493,0,0,0,0,0
2020-02-24,Alameda,001,1643700,13,0,0,0,0
2020-02-24,Alpine,003,1148,0,0,0,0,0
2020-02-24,Amador,005,37829,0,0,0,0,0
2020-02-24,Butte,007,227075,0,0,0,0,0
2020-02-24,Calaveras,009,45235,0,0,0,0,0
2020-02-24,Colusa,011,21464,0,0,0,0,0
2020-02-24,Contra Costa,013,1133247,9,0,0,0,0
2020-02-24,Del Norte,015,27424,0,0,0,0,0
2020-02-24,El Dorado,017,186661,0,0,0,0,0
2020-02-24,Fresno,019,978130,0,0,0,0,0
2020-02-24,Glenn,021,27897,0,0,0,0,0
2020-02-24,Humboldt,023,135768,1,1,0,1,0
2020-02-24,Imperial,025,180216,3,0,0,0,0
2020-02-24,Inyo,027,18085,0,0,0,0,0
2020-02-24,Kern,029,883053,2,0,0,0,0
2020-02-24,Kings,031,150075,3,0,1,1,0
2020-02-24,Lake,033,64148,0,0,0,0,0
2020-02-24,Lassen,035,31185,0,0,0,0,0
2020-02-24,Los Angeles,037,10098052,67,1,9,10,0
2020-02-24,Madera,039,155013,1,0,0,0,0
2020-02-24,Marin,041,260295,1,0,0,0,0
2020-02-24,Mariposa,043,17540,0,0,0,0,0
2020-02-24,Mendocino,045,87422,0,0,0,0,0
2020-02-24,Merced,047,269075,0,0,0,0,0
2020-02-24,Modoc,049,8938,0,0,0,0,0
2020-02-24,Mono,051,14174,0,0,0,0,0
2020-02-24,Monterey,053,433212,0,0,0,0,0
2020-02-24,Napa,055,140530,0,0,0,0,0
2020-02-24,Nevada,057,99092,0,0,1,1,0
2020-02-24,Orange,059,3164182,44,1,0,1,0
2020-02-24,Placer,061,380077,3,0,0,0,0
2020-02-24,Plumas,063,18699,0,0,0,0,0
2020-02-24,Riverside,065,2383286,9,0,1,1,0
2020-02-24,Sacramento,067,1510023,7,1,0,1,0
2020-02-24,San Benito,069,59416,0,2,0,2,0
2020-02-24,San Bernardino,071,2135413,19,0,0,0,0
2020-02-24,San Diego,073,3302833,7,2,0,2,0
2020-02-24,San Francisco,075,870044,6,0,0,0,0
2020-02-24,San Joaquin,077,732212,5,0,1,1,0
2020-02-24,San Luis Obispo,079,281455,2,0,0,0,0
2020-02-24,San Mateo,081,765935,13,0,0,0,0
2020-02-24,Santa Barbara,083,443738,0,0,0,0,0
2020-02-24,Santa Clara,085,1922200,38,2,1,3,0
2020-02-24,Santa Cruz,087,273765,5,0,0,0,0
2020-02-24,Shasta,089,179085,0,0,0,0,0
2020-02-24,Sierra,091,2930,0,0,0,0,0
2020-02-24,Siskiyou,093,43540,0,0,0,0,0
2020-02-24,Solano,095,438530,13,15,0,15,0
2020-02-24,Sonoma,097,501317,5,0,0,0,0
2020-02-24,Stanislaus,099,539301,2,0,2,2,0
2020-02-24,Sutter,101,95872,0,0,0,0,0
2020-02-24,Tehama,103,63373,0,0,0,0,0
2020-02-24,Trinity,105,12862,0,0,0,0,0
2020-02-24,Tulare,107,460477,3,0,0,0,0
2020-02-24,Tuolumne,109,53932,0,0,0,0,0
2020-02-24,Ventura,111,848112,4,0,0,0,0
2020-02-24,Yolo,113,214977,2,0,0,0,0
2020-02-24,Yuba,115,75493,0,0,0,0,0
2020-02-23,Alameda,001,1643700,11,0,0,0,0
2020-02-23,Alpine,003,1148,0,0,0,0,0
2020-02-23,Amador,005,37829,0,0,0,0,0
2020-02-23,Butte,007,227075,0,0,0,0,0
2020-02-23,Calaveras,009,45235,0,0,0,0,0
2020-02-23,Colusa,011,21464,0,0,0,0,0
2020-02-23,Contra Costa,013,1133247,6,0,0,0,0
2020-02-23,Del Norte,015,27424,0,0,0,0,0
2020-02-23,El Dorado,017,186661,0,0,0,0,0
2020-02-23,Fresno,019,978130,0,0,0,0,0
2020-02-23,Glenn,021,27897,0,0,0,0,0
2020-02-23,Humboldt,023,135768,1,1,0,1,0
2020-02-23,Imperial,025,180216,3,0,0,0,0
2020-02-23,Inyo,027,18085,0,0,0,0,0
2020-02-23,Kern,029,883053,2,0,0,0,0
2020-02-23,Kings,031,150075,3,0,1,1,0
2020-02-23,Lake,033,64148,0,0,0,0,0
2020-02-23,Lassen,035,31185,0,0,0,0,0
2020-02-23,Los Angeles,037,10098052,59,1,9,10,0
2020-02-23,Madera,039,155013,1,0,0,0,0
2020-02-23,Marin,041,260295,1,0,0,0,0
2020-02-23,Mariposa,043,17540,0,0,0,0,0
2020-02-23,Mendocino,045,87422,0,0,0,0,0
2020-02-23,Merced,047,269075,0,0,0,0,0
2020-02-23,Modoc,049,8938,0,0,0,0,0
2020-02-23,Mono,051,14174,0,0,0,0,0
2020-02-23,Monterey,053,433212,0,0,0,0,0
2020-02-23,Napa,055,140530,0,0,0,0,0
2020-02-23,Nevada,057,99092,0,0,1,1,0
2020-02-23,Orange,059,3164182,44,1,0,1,0
2020-02-23,Placer,061,380077,3,0,0,0,0
2020-02-23,Plumas,063,18699,0,0,0,0,0
2020-02-23,Riverside,065,2383286,9,0,0,0,0
2020-02-23,Sacramento,067,1510023,6,1,0,1,0
2020-02-23,San Benito,069,59416,0,2,0,2,0
2020-02-23,San Bernardino,071,2135413,18,0,0,0,0
2020-02-23,San Diego,073,3302833,6,2,0,2,0
2020-02-23,San Francisco,075,870044,5,0,0,0,0
2020-02-23,San Joaquin,077,732212,4,0,1,1,0
2020-02-23,San Luis Obispo,079,281455,2,0,0,0,0
2020-02-23,San Mateo,081,765935,10,0,0,0,0
2020-02-23,Santa Barbara,083,443738,0,0,0,0,0
2020-02-23,Santa Clara,085,1922200,26,2,1,3,0
2020-02-23,Santa Cruz,087,273765,2,0,0,0,0
2020-02-23,Shasta,089,179085,0,0,0,0,0
2020-02-23,Sierra,091,2930,0,0,0,0,0
2020-02-23,Siskiyou,093,43540,0,0,0,0,0
2020-02-23,Solano,095,438530,11,15,0,15,0
2020-02-23,Sonoma,097,501317,5,0,0,0,0
2020-02-23,Stanislaus,099,539301,2,0,2,2,0
2020-02-23,Sutter,101,95872,0,0,0,0,0
2020-02-23,Tehama,103,63373,0,0,0,0,0
2020-02-23,Trinity,105,12862,0,0,0,0,0
2020-02-23,Tulare,107,460477,2,0,0,0,0
2020-02-23,Tuolumne,109,53932,0,0,0,0,0
2020-02-23,Ventura,111,848112,4,0,0,0,0
2020-02-23,Yolo,113,214977,2,0,0,0,0
2020-02-23,Yuba,115,75493,0,0,0,0,0
2020-02-22,Alameda,001,1643700,10,0,0,0,0
2020-02-22,Alpine,003,1148,0,0,0,0,0
2020-02-22,Amador,005,37829,0,0,0,0,0
2020-02-22,Butte,007,227075,0,0,0,0,0
2020-02-22,Calaveras,009,45235,0,0,0,0,0
2020-02-22,Colusa,011,21464,0,0,0,0,0
2020-02-22,Contra Costa,013,1133247,5,0,0,0,0
2020-02-22,Del Norte,015,27424,0,0,0,0,0
2020-02-22,El Dorado,017,186661,0,0,0,0,0
2020-02-22,Fresno,019,978130,0,0,0,0,0
2020-02-22,Glenn,021,27897,0,0,0,0,0
2020-02-22,Humboldt,023,135768,1,1,0,1,0
2020-02-22,Imperial,025,180216,2,0,0,0,0
2020-02-22,Inyo,027,18085,0,0,0,0,0
2020-02-22,Kern,029,883053,2,0,0,0,0
2020-02-22,Kings,031,150075,3,0,1,1,0
2020-02-22,Lake,033,64148,0,0,0,0,0
2020-02-22,Lassen,035,31185,0,0,0,0,0
2020-02-22,Los Angeles,037,10098052,57,1,9,10,0
2020-02-22,Madera,039,155013,0,0,0,0,0
2020-02-22,Marin,041,260295,1,0,0,0,0
2020-02-22,Mariposa,043,17540,0,0,0,0,0
2020-02-22,Mendocino,045,87422,0,0,0,0,0
2020-02-22,Merced,047,269075,0,0,0,0,0
2020-02-22,Modoc,049,8938,0,0,0,0,0
2020-02-22,Mono,051,14174,0,0,0,0,0
2020-02-22,Monterey,053,433212,0,0,0,0,0
2020-02-22,Napa,055,140530,0,0,0,0,0
2020-02-22,Nevada,057,99092,0,0,1,1,0
2020-02-22,Orange,059,3164182,43,1,0,1,0
2020-02-22,Placer,061,380077,3,0,0,0,0
2020-02-22,Plumas,063,18699,0,0,0,0,0
2020-02-22,Riverside,065,2383286,9,0,0,0,0
2020-02-22,Sacramento,067,1510023,6,1,0,1,0
2020-02-22,San Benito,069,59416,0,2,0,2,0
2020-02-22,San Bernardino,071,2135413,16,0,0,0,0
2020-02-22,San Diego,073,3302833,5,2,0,2,0
2020-02-22,San Francisco,075,870044,3,0,0,0,0
2020-02-22,San Joaquin,077,732212,4,0,1,1,0
2020-02-22,San Luis Obispo,079,281455,2,0,0,0,0
2020-02-22,San Mateo,081,765935,8,0,0,0,0
2020-02-22,Santa Barbara,083,443738,0,0,0,0,0
2020-02-22,Santa Clara,085,1922200,23,2,1,3,0
2020-02-22,Santa Cruz,087,273765,2,0,0,0,0
2020-02-22,Shasta,089,179085,0,0,0,0,0
2020-02-22,Sierra,091,2930,0,0,0,0,0
2020-02-22,Siskiyou,093,43540,0,0,0,0,0
2020-02-22,Solano,095,438530,11,11,0,11,0
2020-02-22,Sonoma,097,501317,4,0,0,0,0
2020-02-22,Stanislaus,099,539301,2,0,2,2,0
2020-02-22,Sutter,101,95872,0,0,0,0,0
2020-02-22,Tehama,103,63373,0,0,0,0,0
2020-02-22,Trinity,105,12862,0,0,0,0,0
2020-02-22,Tulare,107,460477,2,0,0,0,0
2020-02-22,Tuolumne,109,53932,0,0,0,0,0
2020-02-22,Ventura,111,848112,4,0,0,0,0
2020-02-22,Yolo,113,214977,1,0,0,0,0
2020-02-22,Yuba,115,75493,0,0,0,0,0
2020-02-21,Alameda,001,1643700,9,0,0,0,0
2020-02-21,Alpine,003,1148,0,0,0,0,0
2020-02-21,Amador,005,37829,0,0,0,0,0
2020-02-21,Butte,007,227075,0,0,0,0,0
2020-02-21,Calaveras,009,45235,0,0,0,0,0
2020-02-21,Colusa,011,21464,0,0,0,0,0
2020-02-21,Contra Costa,013,1133247,4,0,0,0,0
2020-02-21,Del Norte,015,27424,0,0,0,0,0
2020-02-21,El Dorado,017,186661,0,0,0,0,0
2020-02-21,Fresno,019,978130,0,0,0,0,0
2020-02-21,Glenn,021,27897,0,0,0,0,0
2020-02-21,Humboldt,023,135768,1,1,0,1,0
2020-02-21,Imperial,025,180216,2,0,0,0,0
2020-02-21,Inyo,027,18085,0,0,0,0,0
2020-02-21,Kern,029,883053,2,0,0,0,0
2020-02-21,Kings,031,150075,3,0,1,1,0
2020-02-21,Lake,033,64148,0,0,0,0,0
2020-02-21,Lassen,035,31185,0,0,0,0,0
2020-02-21,Los Angeles,037,10098052,53,1,9,10,0
2020-02-21,Madera,039,155013,0,0,0,0,0
2020-02-21,Marin,041,260295,1,0,0,0,0
2020-02-21,Mariposa,043,17540,0,0,0,0,0
2020-02-21,Mendocino,045,87422,0,0,0,0,0
2020-02-21,Merced,047,269075,0,0,0,0,0
2020-02-21,Modoc,049,8938,0,0,0,0,0
2020-02-21,Mono,051,14174,0,0,0,0,0
2020-02-21,Monterey,053,433212,0,0,0,0,0
2020-02-21,Napa,055,140530,0,0,0,0,0
2020-02-21,Nevada,057,99092,0,0,1,1,0
2020-02-21,Orange,059,3164182,41,1,0,1,0
2020-02-21,Placer,061,380077,2,0,0,0,0
2020-02-21,Plumas,063,18699,0,0,0,0,0
2020-02-21,Riverside,065,2383286,9,0,0,0,0
2020-02-21,Sacramento,067,1510023,5,1,0,1,0
2020-02-21,San Benito,069,59416,0,2,0,2,0
2020-02-21,San Bernardino,071,2135413,15,0,0,0,0
2020-02-21,San Diego,073,3302833,5,2,0,2,0
2020-02-21,San Francisco,075,870044,3,0,0,0,0
2020-02-21,San Joaquin,077,732212,2,0,1,1,0
2020-02-21,San Luis Obispo,079,281455,2,0,0,0,0
2020-02-21,San Mateo,081,765935,8,0,0,0,0
2020-02-21,Santa Barbara,083,443738,0,0,0,0,0
2020-02-21,Santa Clara,085,1922200,21,2,1,3,0
2020-02-21,Santa Cruz,087,273765,2,0,0,0,0
2020-02-21,Shasta,089,179085,0,0,0,0,0
2020-02-21,Sierra,091,2930,0,0,0,0,0
2020-02-21,Siskiyou,093,43540,0,0,0,0,0
2020-02-21,Solano,095,438530,10,11,0,11,0
2020-02-21,Sonoma,097,501317,3,0,0,0,0
2020-02-21,Stanislaus,099,539301,2,0,2,2,0
2020-02-21,Sutter,101,95872,0,0,0,0,0
2020-02-21,Tehama,103,63373,0,0,0,0,0
2020-02-21,Trinity,105,12862,0,0,0,0,0
2020-02-21,Tulare,107,460477,2,0,0,0,0
2020-02-21,Tuolumne,109,53932,0,0,0,0,0
2020-02-21,Ventura,111,848112,4,0,0,0,0
2020-02-21,Yolo,113,214977,1,0,0,0,0
2020-02-21,Yuba,115,75493,0,0,0,0,0
2020-02-20,Alameda,001,1643700,7,0,0,0,0
2020-02-20,Alpine,003,1148,0,0,0,0,0
2020-02-20,Amador,005,37829,0,0,0,0,0
2020-02-20,Butte,007,227075,0,0,0,0,0
2020-02-20,Calaveras,009,45235,0,0,0,0,0
2020-02-20,Colusa,011,21464,0,0,0,0,0
2020-02-20,Contra Costa,013,1133247,3,0,0,0,0
2020-02-20,Del Norte,015,27424,0,0,0,0,0
2020-02-20,El Dorado,017,186661,0,0,0,0,0
2020-02-20,Fresno,019,978130,0,0,0,0,0
2020-02-20,Glenn,021,27897,0,0,0,0,0
2020-02-20,Humboldt,023,135768,1,1,0,1,0
2020-02-20,Imperial,025,180216,2,0,0,0,0
2020-02-20,Inyo,027,18085,0,0,0,0,0
2020-02-20,Kern,029,883053,2,0,0,0,0
2020-02-20,Kings,031,150075,3,0,1,1,0
2020-02-20,Lake,033,64148,0,0,0,0,0
2020-02-20,Lassen,035,31185,0,0,0,0,0
2020-02-20,Los Angeles,037,10098052,52,1,8,9,0
2020-02-20,Madera,039,155013,0,0,0,0,0
2020-02-20,Marin,041,260295,0,0,0,0,0
2020-02-20,Mariposa,043,17540,0,0,0,0,0
2020-02-20,Mendocino,045,87422,0,0,0,0,0
2020-02-20,Merced,047,269075,0,0,0,0,0
2020-02-20,Modoc,049,8938,0,0,0,0,0
2020-02-20,Mono,051,14174,0,0,0,0,0
2020-02-20,Monterey,053,433212,0,0,0,0,0
2020-02-20,Napa,055,140530,0,0,0,0,0
2020-02-20,Nevada,057,99092,0,0,1,1,0
2020-02-20,Orange,059,3164182,41,1,0,1,0
2020-02-20,Placer,061,380077,2,0,0,0,0
2020-02-20,Plumas,063,18699,0,0,0,0,0
2020-02-20,Riverside,065,2383286,7,0,0,0,0
2020-02-20,Sacramento,067,1510023,2,1,0,1,0
2020-02-20,San Benito,069,59416,0,2,0,2,0
2020-02-20,San Bernardino,071,2135413,14,0,0,0,0
2020-02-20,San Diego,073,3302833,5,2,0,2,0
2020-02-20,San Francisco,075,870044,3,0,0,0,0
2020-02-20,San Joaquin,077,732212,2,0,1,1,0
2020-02-20,San Luis Obispo,079,281455,2,0,0,0,0
2020-02-20,San Mateo,081,765935,7,0,0,0,0
2020-02-20,Santa Barbara,083,443738,0,0,0,0,0
2020-02-20,Santa Clara,085,1922200,17,2,1,3,0
2020-02-20,Santa Cruz,087,273765,2,0,0,0,0
2020-02-20,Shasta,089,179085,0,0,0,0,0
2020-02-20,Sierra,091,2930,0,0,0,0,0
2020-02-20,Siskiyou,093,43540,0,0,0,0,0
2020-02-20,Solano,095,438530,8,7,0,7,0
2020-02-20,Sonoma,097,501317,2,0,0,0,0
2020-02-20,Stanislaus,099,539301,2,0,2,2,0
2020-02-20,Sutter,101,95872,0,0,0,0,0
2020-02-20,Tehama,103,63373,0,0,0,0,0
2020-02-20,Trinity,105,12862,0,0,0,0,0
2020-02-20,Tulare,107,460477,2,0,0,0,0
2020-02-20,Tuolumne,109,53932,0,0,0,0,0
2020-02-20,Ventura,111,848112,4,0,0,0,0
2020-02-20,Yolo,113,214977,1,0,0,0,0
2020-02-20,Yuba,115,75493,0,0,0,0,0
2020-02-19,Alameda,001,1643700,6,0,0,0,0
2020-02-19,Alpine,003,1148,0,0,0,0,0
2020-02-19,Amador,005,37829,0,0,0,0,0
2020-02-19,Butte,007,227075,0,0,0,0,0
2020-02-19,Calaveras,009,45235,0,0,0,0,0
2020-02-19,Colusa,011,21464,0,0,0,0,0
2020-02-19,Contra Costa,013,1133247,3,0,0,0,0
2020-02-19,Del Norte,015,27424,0,0,0,0,0
2020-02-19,El Dorado,017,186661,0,0,0,0,0
2020-02-19,Fresno,019,978130,0,0,0,0,0
2020-02-19,Glenn,021,27897,0,0,0,0,0
2020-02-19,Humboldt,023,135768,1,0,0,0,0
2020-02-19,Imperial,025,180216,2,0,0,0,0
2020-02-19,Inyo,027,18085,0,0,0,0,0
2020-02-19,Kern,029,883053,2,0,0,0,0
2020-02-19,Kings,031,150075,3,0,1,1,0
2020-02-19,Lake,033,64148,0,0,0,0,0
2020-02-19,Lassen,035,31185,0,0,0,0,0
2020-02-19,Los Angeles,037,10098052,49,1,8,9,0
2020-02-19,Madera,039,155013,0,0,0,0,0
2020-02-19,Marin,041,260295,0,0,0,0,0
2020-02-19,Mariposa,043,17540,0,0,0,0,0
2020-02-19,Mendocino,045,87422,0,0,0,0,0
2020-02-19,Merced,047,269075,0,0,0,0,0
2020-02-19,Modoc,049,8938,0,0,0,0,0
2020-02-19,Mono,051,14174,0,0,0,0,0
2020-02-19,Monterey,053,433212,0,0,0,0,0
2020-02-19,Napa,055,140530,0,0,0,0,0
2020-02-19,Nevada,057,99092,0,0,1,1,0
2020-02-19,Orange,059,3164182,40,1,0,1,0
2020-02-19,Placer,061,380077,2,0,0,0,0
2020-02-19,Plumas,063,18699,0,0,0,0,0
2020-02-19,Riverside,065,2383286,5,0,0,0,0
2020-02-19,Sacramento,067,1510023,2,0,0,0,0
2020-02-19,San Benito,069,59416,0,2,0,2,0
2020-02-19,San Bernardino,071,2135413,13,0,0,0,0
2020-02-19,San Diego,073,3302833,4,2,0,2,0
2020-02-19,San Francisco,075,870044,2,0,0,0,0
2020-02-19,San Joaquin,077,732212,2,0,1,1,0
2020-02-19,San Luis Obispo,079,281455,2,0,0,0,0
2020-02-19,San Mateo,081,765935,6,0,0,0,0
2020-02-19,Santa Barbara,083,443738,0,0,0,0,0
2020-02-19,Santa Clara,085,1922200,15,2,1,3,0
2020-02-19,Santa Cruz,087,273765,0,0,0,0,0
2020-02-19,Shasta,089,179085,0,0,0,0,0
2020-02-19,Sierra,091,2930,0,0,0,0,0
2020-02-19,Siskiyou,093,43540,0,0,0,0,0
2020-02-19,Solano,095,438530,5,7,0,7,0
2020-02-19,Sonoma,097,501317,2,0,0,0,0
2020-02-19,Stanislaus,099,539301,1,0,2,2,0
2020-02-19,Sutter,101,95872,0,0,0,0,0
2020-02-19,Tehama,103,63373,0,0,0,0,0
2020-02-19,Trinity,105,12862,0,0,0,0,0
2020-02-19,Tulare,107,460477,2,0,0,0,0
2020-02-19,Tuolumne,109,53932,0,0,0,0,0
2020-02-19,Ventura,111,848112,2,0,0,0,0
2020-02-19,Yolo,113,214977,1,0,0,0,0
2020-02-19,Yuba,115,75493,0,0,0,0,0
2020-02-18,Alameda,001,1643700,6,0,0,0,0
2020-02-18,Alpine,003,1148,0,0,0,0,0
2020-02-18,Amador,005,37829,0,0,0,0,0
2020-02-18,Butte,007,227075,0,0,0,0,0
2020-02-18,Calaveras,009,45235,0,0,0,0,0
2020-02-18,Colusa,011,21464,0,0,0,0,0
2020-02-18,Contra Costa,013,1133247,3,0,0,0,0
2020-02-18,Del Norte,015,27424,0,0,0,0,0
2020-02-18,El Dorado,017,186661,0,0,0,0,0
2020-02-18,Fresno,019,978130,0,0,0,0,0
2020-02-18,Glenn,021,27897,0,0,0,0,0
2020-02-18,Humboldt,023,135768,1,0,0,0,0
2020-02-18,Imperial,025,180216,1,0,0,0,0
2020-02-18,Inyo,027,18085,0,0,0,0,0
2020-02-18,Kern,029,883053,2,0,0,0,0
2020-02-18,Kings,031,150075,3,0,1,1,0
2020-02-18,Lake,033,64148,0,0,0,0,0
2020-02-18,Lassen,035,31185,0,0,0,0,0
2020-02-18,Los Angeles,037,10098052,46,1,7,8,0
2020-02-18,Madera,039,155013,0,0,0,0,0
2020-02-18,Marin,041,260295,0,0,0,0,0
2020-02-18,Mariposa,043,17540,0,0,0,0,0
2020-02-18,Mendocino,045,87422,0,0,0,0,0
2020-02-18,Merced,047,269075,0,0,0,0,0
2020-02-18,Modoc,049,8938,0,0,0,0,0
2020-02-18,Mono,051,14174,0,0,0,0,0
2020-02-18,Monterey,053,433212,0,0,0,0,0
2020-02-18,Napa,055,140530,0,0,0,0,0
2020-02-18,Nevada,057,99092,0,0,1,1,0
2020-02-18,Orange,059,3164182,39,1,0,1,0
2020-02-18,Placer,061,380077,0,0,0,0,0
2020-02-18,Plumas,063,18699,0,0,0,0,0
2020-02-18,Riverside,065,2383286,5,0,0,0,0
2020-02-18,Sacramento,067,1510023,2,0,0,0,0
2020-02-18,San Benito,069,59416,0,2,0,2,0
2020-02-18,San Bernardino,071,2135413,13,0,0,0,0
2020-02-18,San Diego,073,3302833,4,2,0,2,0
2020-02-18,San Francisco,075,870044,2,0,0,0,0
2020-02-18,San Joaquin,077,732212,1,0,1,1,0
2020-02-18,San Luis Obispo,079,281455,2,0,0,0,0
2020-02-18,San Mateo,081,765935,5,0,0,0,0
2020-02-18,Santa Barbara,083,443738,0,0,0,0,0
2020-02-18,Santa Clara,085,1922200,14,2,1,3,0
2020-02-18,Santa Cruz,087,273765,0,0,0,0,0
2020-02-18,Shasta,089,179085,0,0,0,0,0
2020-02-18,Sierra,091,2930,0,0,0,0,0
2020-02-18,Siskiyou,093,43540,0,0,0,0,0
2020-02-18,Solano,095,438530,5,7,0,7,0
2020-02-18,Sonoma,097,501317,1,0,0,0,0
2020-02-18,Stanislaus,099,539301,1,0,2,2,0
2020-02-18,Sutter,101,95872,0,0,0,0,0
2020-02-18,Tehama,103,63373,0,0,0,0,0
2020-02-18,Trinity,105,12862,0,0,0,0,0
2020-02-18,Tulare,107,460477,2,0,0,0,0
2020-02-18,Tuolumne,109,53932,0,0,0,0,0
2020-02-18,Ventura,111,848112,2,0,0,0,0
2020-02-18,Yolo,113,214977,1,0,0,0,0
2020-02-18,Yuba,115,75493,0,0,0,0,0
2020-02-17,Alameda,001,1643700,6,0,0,0,0
2020-02-17,Alpine,003,1148,0,0,0,0,0
2020-02-17,Amador,005,37829,0,0,0,0,0
2020-02-17,Butte,007,227075,0,0,0,0,0
2020-02-17,Calaveras,009,45235,0,0,0,0,0
2020-02-17,Colusa,011,21464,0,0,0,0,0
2020-02-17,Contra Costa,013,1133247,3,0,0,0,0
2020-02-17,Del Norte,015,27424,0,0,0,0,0
2020-02-17,El Dorado,017,186661,0,0,0,0,0
2020-02-17,Fresno,019,978130,0,0,0,0,0
2020-02-17,Glenn,021,27897,0,0,0,0,0
2020-02-17,Humboldt,023,135768,1,0,0,0,0
2020-02-17,Imperial,025,180216,1,0,0,0,0
2020-02-17,Inyo,027,18085,0,0,0,0,0
2020-02-17,Kern,029,883053,2,0,0,0,0
2020-02-17,Kings,031,150075,3,0,0,0,0
2020-02-17,Lake,033,64148,0,0,0,0,0
2020-02-17,Lassen,035,31185,0,0,0,0,0
2020-02-17,Los Angeles,037,10098052,43,1,6,7,0
2020-02-17,Madera,039,155013,0,0,0,0,0
2020-02-17,Marin,041,260295,0,0,0,0,0
2020-02-17,Mariposa,043,17540,0,0,0,0,0
2020-02-17,Mendocino,045,87422,0,0,0,0,0
2020-02-17,Merced,047,269075,0,0,0,0,0
2020-02-17,Modoc,049,8938,0,0,0,0,0
2020-02-17,Mono,051,14174,0,0,0,0,0
2020-02-17,Monterey,053,433212,0,0,0,0,0
2020-02-17,Napa,055,140530,0,0,0,0,0
2020-02-17,Nevada,057,99092,0,0,1,1,0
2020-02-17,Orange,059,3164182,39,1,0,1,0
2020-02-17,Placer,061,380077,0,0,0,0,0
2020-02-17,Plumas,063,18699,0,0,0,0,0
2020-02-17,Riverside,065,2383286,5,0,0,0,0
2020-02-17,Sacramento,067,1510023,2,0,0,0,0
2020-02-17,San Benito,069,59416,0,2,0,2,0
2020-02-17,San Bernardino,071,2135413,11,0,0,0,0
2020-02-17,San Diego,073,3302833,4,2,0,2,0
2020-02-17,San Francisco,075,870044,2,0,0,0,0
2020-02-17,San Joaquin,077,732212,1,0,1,1,0
2020-02-17,San Luis Obispo,079,281455,1,0,0,0,0
2020-02-17,San Mateo,081,765935,5,0,0,0,0
2020-02-17,Santa Barbara,083,443738,0,0,0,0,0
2020-02-17,Santa Clara,085,1922200,12,2,1,3,0
2020-02-17,Santa Cruz,087,273765,0,0,0,0,0
2020-02-17,Shasta,089,179085,0,0,0,0,0
2020-02-17,Sierra,091,2930,0,0,0,0,0
2020-02-17,Siskiyou,093,43540,0,0,0,0,0
2020-02-17,Solano,095,438530,3,5,0,5,0
2020-02-17,Sonoma,097,501317,1,0,0,0,0
2020-02-17,Stanislaus,099,539301,1,0,2,2,0
2020-02-17,Sutter,101,95872,0,0,0,0,0
2020-02-17,Tehama,103,63373,0,0,0,0,0
2020-02-17,Trinity,105,12862,0,0,0,0,0
2020-02-17,Tulare,107,460477,2,0,0,0,0
2020-02-17,Tuolumne,109,53932,0,0,0,0,0
2020-02-17,Ventura,111,848112,2,0,0,0,0
2020-02-17,Yolo,113,214977,1,0,0,0,0
2020-02-17,Yuba,115,75493,0,0,0,0,0
2020-02-16,Alameda,001,1643700,5,0,0,0,0
2020-02-16,Alpine,003,1148,0,0,0,0,0
2020-02-16,Amador,005,37829,0,0,0,0,0
2020-02-16,Butte,007,227075,0,0,0,0,0
2020-02-16,Calaveras,009,45235,0,0,0,0,0
2020-02-16,Colusa,011,21464,0,0,0,0,0
2020-02-16,Contra Costa,013,1133247,3,0,0,0,0
2020-02-16,Del Norte,015,27424,0,0,0,0,0
2020-02-16,El Dorado,017,186661,0,0,0,0,0
2020-02-16,Fresno,019,978130,0,0,0,0,0
2020-02-16,Glenn,021,27897,0,0,0,0,0
2020-02-16,Humboldt,023,135768,1,0,0,0,0
2020-02-16,Imperial,025,180216,1,0,0,0,0
2020-02-16,Inyo,027,18085,0,0,0,0,0
2020-02-16,Kern,029,883053,2,0,0,0,0
2020-02-16,Kings,031,150075,3,0,0,0,0
2020-02-16,Lake,033,64148,0,0,0,0,0
2020-02-16,Lassen,035,31185,0,0,0,0,0
2020-02-16,Los Angeles,037,10098052,37,1,6,7,0
2020-02-16,Madera,039,155013,0,0,0,0,0
2020-02-16,Marin,041,260295,0,0,0,0,0
2020-02-16,Mariposa,043,17540,0,0,0,0,0
2020-02-16,Mendocino,045,87422,0,0,0,0,0
2020-02-16,Merced,047,269075,0,0,0,0,0
2020-02-16,Modoc,049,8938,0,0,0,0,0
2020-02-16,Mono,051,14174,0,0,0,0,0
2020-02-16,Monterey,053,433212,0,0,0,0,0
2020-02-16,Napa,055,140530,0,0,0,0,0
2020-02-16,Nevada,057,99092,0,0,0,0,0
2020-02-16,Orange,059,3164182,38,1,0,1,0
2020-02-16,Placer,061,380077,0,0,0,0,0
2020-02-16,Plumas,063,18699,0,0,0,0,0
2020-02-16,Riverside,065,2383286,5,0,0,0,0
2020-02-16,Sacramento,067,1510023,2,0,0,0,0
2020-02-16,San Benito,069,59416,0,2,0,2,0
2020-02-16,San Bernardino,071,2135413,10,0,0,0,0
2020-02-16,San Diego,073,3302833,4,2,0,2,0
2020-02-16,San Francisco,075,870044,2,0,0,0,0
2020-02-16,San Joaquin,077,732212,1,0,1,1,0
2020-02-16,San Luis Obispo,079,281455,1,0,0,0,0
2020-02-16,San Mateo,081,765935,4,0,0,0,0
2020-02-16,Santa Barbara,083,443738,0,0,0,0,0
2020-02-16,Santa Clara,085,1922200,10,2,1,3,0
2020-02-16,Santa Cruz,087,273765,0,0,0,0,0
2020-02-16,Shasta,089,179085,0,0,0,0,0
2020-02-16,Sierra,091,2930,0,0,0,0,0
2020-02-16,Siskiyou,093,43540,0,0,0,0,0
2020-02-16,Solano,095,438530,1,0,0,0,0
2020-02-16,Sonoma,097,501317,1,0,0,0,0
2020-02-16,Stanislaus,099,539301,1,0,2,2,0
2020-02-16,Sutter,101,95872,0,0,0,0,0
2020-02-16,Tehama,103,63373,0,0,0,0,0
2020-02-16,Trinity,105,12862,0,0,0,0,0
2020-02-16,Tulare,107,460477,2,0,0,0,0
2020-02-16,Tuolumne,109,53932,0,0,0,0,0
2020-02-16,Ventura,111,848112,2,0,0,0,0
2020-02-16,Yolo,113,214977,1,0,0,0,0
2020-02-16,Yuba,115,75493,0,0,0,0,0
2020-02-15,Alameda,001,1643700,5,0,0,0,0
2020-02-15,Alpine,003,1148,0,0,0,0,0
2020-02-15,Amador,005,37829,0,0,0,0,0
2020-02-15,Butte,007,227075,0,0,0,0,0
2020-02-15,Calaveras,009,45235,0,0,0,0,0
2020-02-15,Colusa,011,21464,0,0,0,0,0
2020-02-15,Contra Costa,013,1133247,3,0,0,0,0
2020-02-15,Del Norte,015,27424,0,0,0,0,0
2020-02-15,El Dorado,017,186661,0,0,0,0,0
2020-02-15,Fresno,019,978130,0,0,0,0,0
2020-02-15,Glenn,021,27897,0,0,0,0,0
2020-02-15,Humboldt,023,135768,1,0,0,0,0
2020-02-15,Imperial,025,180216,1,0,0,0,0
2020-02-15,Inyo,027,18085,0,0,0,0,0
2020-02-15,Kern,029,883053,2,0,0,0,0
2020-02-15,Kings,031,150075,3,0,0,0,0
2020-02-15,Lake,033,64148,0,0,0,0,0
2020-02-15,Lassen,035,31185,0,0,0,0,0
2020-02-15,Los Angeles,037,10098052,34,1,6,7,0
2020-02-15,Madera,039,155013,0,0,0,0,0
2020-02-15,Marin,041,260295,0,0,0,0,0
2020-02-15,Mariposa,043,17540,0,0,0,0,0
2020-02-15,Mendocino,045,87422,0,0,0,0,0
2020-02-15,Merced,047,269075,0,0,0,0,0
2020-02-15,Modoc,049,8938,0,0,0,0,0
2020-02-15,Mono,051,14174,0,0,0,0,0
2020-02-15,Monterey,053,433212,0,0,0,0,0
2020-02-15,Napa,055,140530,0,0,0,0,0
2020-02-15,Nevada,057,99092,0,0,0,0,0
2020-02-15,Orange,059,3164182,37,1,0,1,0
2020-02-15,Placer,061,380077,0,0,0,0,0
2020-02-15,Plumas,063,18699,0,0,0,0,0
2020-02-15,Riverside,065,2383286,4,0,0,0,0
2020-02-15,Sacramento,067,1510023,2,0,0,0,0
2020-02-15,San Benito,069,59416,0,2,0,2,0
2020-02-15,San Bernardino,071,2135413,9,0,0,0,0
2020-02-15,San Diego,073,3302833,4,2,0,2,0
2020-02-15,San Francisco,075,870044,2,0,0,0,0
2020-02-15,San Joaquin,077,732212,1,0,1,1,0
2020-02-15,San Luis Obispo,079,281455,1,0,0,0,0
2020-02-15,San Mateo,081,765935,4,0,0,0,0
2020-02-15,Santa Barbara,083,443738,0,0,0,0,0
2020-02-15,Santa Clara,085,1922200,10,2,1,3,0
2020-02-15,Santa Cruz,087,273765,0,0,0,0,0
2020-02-15,Shasta,089,179085,0,0,0,0,0
2020-02-15,Sierra,091,2930,0,0,0,0,0
2020-02-15,Siskiyou,093,43540,0,0,0,0,0
2020-02-15,Solano,095,438530,1,0,0,0,0
2020-02-15,Sonoma,097,501317,0,0,0,0,0
2020-02-15,Stanislaus,099,539301,1,0,2,2,0
2020-02-15,Sutter,101,95872,0,0,0,0,0
2020-02-15,Tehama,103,63373,0,0,0,0,0
2020-02-15,Trinity,105,12862,0,0,0,0,0
2020-02-15,Tulare,107,460477,2,0,0,0,0
2020-02-15,Tuolumne,109,53932,0,0,0,0,0
2020-02-15,Ventura,111,848112,2,0,0,0,0
2020-02-15,Yolo,113,214977,1,0,0,0,0
2020-02-15,Yuba,115,75493,0,0,0,0,0
2020-02-14,Alameda,001,1643700,4,0,0,0,0
2020-02-14,Alpine,003,1148,0,0,0,0,0
2020-02-14,Amador,005,37829,0,0,0,0,0
2020-02-14,Butte,007,227075,0,0,0,0,0
2020-02-14,Calaveras,009,45235,0,0,0,0,0
2020-02-14,Colusa,011,21464,0,0,0,0,0
2020-02-14,Contra Costa,013,1133247,3,0,0,0,0
2020-02-14,Del Norte,015,27424,0,0,0,0,0
2020-02-14,El Dorado,017,186661,0,0,0,0,0
2020-02-14,Fresno,019,978130,0,0,0,0,0
2020-02-14,Glenn,021,27897,0,0,0,0,0
2020-02-14,Humboldt,023,135768,1,0,0,0,0
2020-02-14,Imperial,025,180216,1,0,0,0,0
2020-02-14,Inyo,027,18085,0,0,0,0,0
2020-02-14,Kern,029,883053,2,0,0,0,0
2020-02-14,Kings,031,150075,1,0,0,0,0
2020-02-14,Lake,033,64148,0,0,0,0,0
2020-02-14,Lassen,035,31185,0,0,0,0,0
2020-02-14,Los Angeles,037,10098052,29,1,6,7,0
2020-02-14,Madera,039,155013,0,0,0,0,0
2020-02-14,Marin,041,260295,0,0,0,0,0
2020-02-14,Mariposa,043,17540,0,0,0,0,0
2020-02-14,Mendocino,045,87422,0,0,0,0,0
2020-02-14,Merced,047,269075,0,0,0,0,0
2020-02-14,Modoc,049,8938,0,0,0,0,0
2020-02-14,Mono,051,14174,0,0,0,0,0
2020-02-14,Monterey,053,433212,0,0,0,0,0
2020-02-14,Napa,055,140530,0,0,0,0,0
2020-02-14,Nevada,057,99092,0,0,0,0,0
2020-02-14,Orange,059,3164182,37,1,0,1,0
2020-02-14,Placer,061,380077,0,0,0,0,0
2020-02-14,Plumas,063,18699,0,0,0,0,0
2020-02-14,Riverside,065,2383286,4,0,0,0,0
2020-02-14,Sacramento,067,1510023,1,0,0,0,0
2020-02-14,San Benito,069,59416,0,2,0,2,0
2020-02-14,San Bernardino,071,2135413,9,0,0,0,0
2020-02-14,San Diego,073,3302833,3,2,0,2,0
2020-02-14,San Francisco,075,870044,2,0,0,0,0
2020-02-14,San Joaquin,077,732212,1,0,1,1,0
2020-02-14,San Luis Obispo,079,281455,0,0,0,0,0
2020-02-14,San Mateo,081,765935,3,0,0,0,0
2020-02-14,Santa Barbara,083,443738,0,0,0,0,0
2020-02-14,Santa Clara,085,1922200,8,2,1,3,0
2020-02-14,Santa Cruz,087,273765,0,0,0,0,0
2020-02-14,Shasta,089,179085,0,0,0,0,0
2020-02-14,Sierra,091,2930,0,0,0,0,0
2020-02-14,Siskiyou,093,43540,0,0,0,0,0
2020-02-14,Solano,095,438530,1,0,0,0,0
2020-02-14,Sonoma,097,501317,0,0,0,0,0
2020-02-14,Stanislaus,099,539301,1,0,2,2,0
2020-02-14,Sutter,101,95872,0,0,0,0,0
2020-02-14,Tehama,103,63373,0,0,0,0,0
2020-02-14,Trinity,105,12862,0,0,0,0,0
2020-02-14,Tulare,107,460477,2,0,0,0,0
2020-02-14,Tuolumne,109,53932,0,0,0,0,0
2020-02-14,Ventura,111,848112,2,0,0,0,0
2020-02-14,Yolo,113,214977,1,0,0,0,0
2020-02-14,Yuba,115,75493,0,0,0,0,0
2020-02-13,Alameda,001,1643700,4,0,0,0,0
2020-02-13,Alpine,003,1148,0,0,0,0,0
2020-02-13,Amador,005,37829,0,0,0,0,0
2020-02-13,Butte,007,227075,0,0,0,0,0
2020-02-13,Calaveras,009,45235,0,0,0,0,0
2020-02-13,Colusa,011,21464,0,0,0,0,0
2020-02-13,Contra Costa,013,1133247,3,0,0,0,0
2020-02-13,Del Norte,015,27424,0,0,0,0,0
2020-02-13,El Dorado,017,186661,0,0,0,0,0
2020-02-13,Fresno,019,978130,0,0,0,0,0
2020-02-13,Glenn,021,27897,0,0,0,0,0
2020-02-13,Humboldt,023,135768,1,0,0,0,0
2020-02-13,Imperial,025,180216,1,0,0,0,0
2020-02-13,Inyo,027,18085,0,0,0,0,0
2020-02-13,Kern,029,883053,2,0,0,0,0
2020-02-13,Kings,031,150075,1,0,0,0,0
2020-02-13,Lake,033,64148,0,0,0,0,0
2020-02-13,Lassen,035,31185,0,0,0,0,0
2020-02-13,Los Angeles,037,10098052,25,1,5,6,0
2020-02-13,Madera,039,155013,0,0,0,0,0
2020-02-13,Marin,041,260295,0,0,0,0,0
2020-02-13,Mariposa,043,17540,0,0,0,0,0
2020-02-13,Mendocino,045,87422,0,0,0,0,0
2020-02-13,Merced,047,269075,0,0,0,0,0
2020-02-13,Modoc,049,8938,0,0,0,0,0
2020-02-13,Mono,051,14174,0,0,0,0,0
2020-02-13,Monterey,053,433212,0,0,0,0,0
2020-02-13,Napa,055,140530,0,0,0,0,0
2020-02-13,Nevada,057,99092,0,0,0,0,0
2020-02-13,Orange,059,3164182,36,1,0,1,0
2020-02-13,Placer,061,380077,0,0,0,0,0
2020-02-13,Plumas,063,18699,0,0,0,0,0
2020-02-13,Riverside,065,2383286,4,0,0,0,0
2020-02-13,Sacramento,067,1510023,1,0,0,0,0
2020-02-13,San Benito,069,59416,0,2,0,2,0
2020-02-13,San Bernardino,071,2135413,8,0,0,0,0
2020-02-13,San Diego,073,3302833,2,2,0,2,0
2020-02-13,San Francisco,075,870044,2,0,0,0,0
2020-02-13,San Joaquin,077,732212,1,0,1,1,0
2020-02-13,San Luis Obispo,079,281455,0,0,0,0,0
2020-02-13,San Mateo,081,765935,2,0,0,0,0
2020-02-13,Santa Barbara,083,443738,0,0,0,0,0
2020-02-13,Santa Clara,085,1922200,7,2,0,2,0
2020-02-13,Santa Cruz,087,273765,0,0,0,0,0
2020-02-13,Shasta,089,179085,0,0,0,0,0
2020-02-13,Sierra,091,2930,0,0,0,0,0
2020-02-13,Siskiyou,093,43540,0,0,0,0,0
2020-02-13,Solano,095,438530,0,0,0,0,0
2020-02-13,Sonoma,097,501317,0,0,0,0,0
2020-02-13,Stanislaus,099,539301,1,0,1,1,0
2020-02-13,Sutter,101,95872,0,0,0,0,0
2020-02-13,Tehama,103,63373,0,0,0,0,0
2020-02-13,Trinity,105,12862,0,0,0,0,0
2020-02-13,Tulare,107,460477,2,0,0,0,0
2020-02-13,Tuolumne,109,53932,0,0,0,0,0
2020-02-13,Ventura,111,848112,2,0,0,0,0
2020-02-13,Yolo,113,214977,1,0,0,0,0
2020-02-13,Yuba,115,75493,0,0,0,0,0
2020-02-12,Alameda,001,1643700,4,0,0,0,0
2020-02-12,Alpine,003,1148,0,0,0,0,0
2020-02-12,Amador,005,37829,0,0,0,0,0
2020-02-12,Butte,007,227075,0,0,0,0,0
2020-02-12,Calaveras,009,45235,0,0,0,0,0
2020-02-12,Colusa,011,21464,0,0,0,0,0
2020-02-12,Contra Costa,013,1133247,3,0,0,0,0
2020-02-12,Del Norte,015,27424,0,0,0,0,0
2020-02-12,El Dorado,017,186661,0,0,0,0,0
2020-02-12,Fresno,019,978130,0,0,0,0,0
2020-02-12,Glenn,021,27897,0,0,0,0,0
2020-02-12,Humboldt,023,135768,1,0,0,0,0
2020-02-12,Imperial,025,180216,1,0,0,0,0
2020-02-12,Inyo,027,18085,0,0,0,0,0
2020-02-12,Kern,029,883053,2,0,0,0,0
2020-02-12,Kings,031,150075,1,0,0,0,0
2020-02-12,Lake,033,64148,0,0,0,0,0
2020-02-12,Lassen,035,31185,0,0,0,0,0
2020-02-12,Los Angeles,037,10098052,24,1,5,6,0
2020-02-12,Madera,039,155013,0,0,0,0,0
2020-02-12,Marin,041,260295,0,0,0,0,0
2020-02-12,Mariposa,043,17540,0,0,0,0,0
2020-02-12,Mendocino,045,87422,0,0,0,0,0
2020-02-12,Merced,047,269075,0,0,0,0,0
2020-02-12,Modoc,049,8938,0,0,0,0,0
2020-02-12,Mono,051,14174,0,0,0,0,0
2020-02-12,Monterey,053,433212,0,0,0,0,0
2020-02-12,Napa,055,140530,0,0,0,0,0
2020-02-12,Nevada,057,99092,0,0,0,0,0
2020-02-12,Orange,059,3164182,36,1,0,1,0
2020-02-12,Placer,061,380077,0,0,0,0,0
2020-02-12,Plumas,063,18699,0,0,0,0,0
2020-02-12,Riverside,065,2383286,4,0,0,0,0
2020-02-12,Sacramento,067,1510023,1,0,0,0,0
2020-02-12,San Benito,069,59416,0,2,0,2,0
2020-02-12,San Bernardino,071,2135413,8,0,0,0,0
2020-02-12,San Diego,073,3302833,2,2,0,2,0
2020-02-12,San Francisco,075,870044,2,0,0,0,0
2020-02-12,San Joaquin,077,732212,1,0,1,1,0
2020-02-12,San Luis Obispo,079,281455,0,0,0,0,0
2020-02-12,San Mateo,081,765935,2,0,0,0,0
2020-02-12,Santa Barbara,083,443738,0,0,0,0,0
2020-02-12,Santa Clara,085,1922200,6,2,0,2,0
2020-02-12,Santa Cruz,087,273765,0,0,0,0,0
2020-02-12,Shasta,089,179085,0,0,0,0,0
2020-02-12,Sierra,091,2930,0,0,0,0,0
2020-02-12,Siskiyou,093,43540,0,0,0,0,0
2020-02-12,Solano,095,438530,0,0,0,0,0
2020-02-12,Sonoma,097,501317,0,0,0,0,0
2020-02-12,Stanislaus,099,539301,1,0,1,1,0
2020-02-12,Sutter,101,95872,0,0,0,0,0
2020-02-12,Tehama,103,63373,0,0,0,0,0
2020-02-12,Trinity,105,12862,0,0,0,0,0
2020-02-12,Tulare,107,460477,2,0,0,0,0
2020-02-12,Tuolumne,109,53932,0,0,0,0,0
2020-02-12,Ventura,111,848112,2,0,0,0,0
2020-02-12,Yolo,113,214977,1,0,0,0,0
2020-02-12,Yuba,115,75493,0,0,0,0,0
2020-02-11,Alameda,001,1643700,4,0,0,0,0
2020-02-11,Alpine,003,1148,0,0,0,0,0
2020-02-11,Amador,005,37829,0,0,0,0,0
2020-02-11,Butte,007,227075,0,0,0,0,0
2020-02-11,Calaveras,009,45235,0,0,0,0,0
2020-02-11,Colusa,011,21464,0,0,0,0,0
2020-02-11,Contra Costa,013,1133247,3,0,0,0,0
2020-02-11,Del Norte,015,27424,0,0,0,0,0
2020-02-11,El Dorado,017,186661,0,0,0,0,0
2020-02-11,Fresno,019,978130,0,0,0,0,0
2020-02-11,Glenn,021,27897,0,0,0,0,0
2020-02-11,Humboldt,023,135768,1,0,0,0,0
2020-02-11,Imperial,025,180216,1,0,0,0,0
2020-02-11,Inyo,027,18085,0,0,0,0,0
2020-02-11,Kern,029,883053,2,0,0,0,0
2020-02-11,Kings,031,150075,1,0,0,0,0
2020-02-11,Lake,033,64148,0,0,0,0,0
2020-02-11,Lassen,035,31185,0,0,0,0,0
2020-02-11,Los Angeles,037,10098052,24,1,5,6,0
2020-02-11,Madera,039,155013,0,0,0,0,0
2020-02-11,Marin,041,260295,0,0,0,0,0
2020-02-11,Mariposa,043,17540,0,0,0,0,0
2020-02-11,Mendocino,045,87422,0,0,0,0,0
2020-02-11,Merced,047,269075,0,0,0,0,0
2020-02-11,Modoc,049,8938,0,0,0,0,0
2020-02-11,Mono,051,14174,0,0,0,0,0
2020-02-11,Monterey,053,433212,0,0,0,0,0
2020-02-11,Napa,055,140530,0,0,0,0,0
2020-02-11,Nevada,057,99092,0,0,0,0,0
2020-02-11,Orange,059,3164182,35,1,0,1,0
2020-02-11,Placer,061,380077,0,0,0,0,0
2020-02-11,Plumas,063,18699,0,0,0,0,0
2020-02-11,Riverside,065,2383286,4,0,0,0,0
2020-02-11,Sacramento,067,1510023,1,0,0,0,0
2020-02-11,San Benito,069,59416,0,2,0,2,0
2020-02-11,San Bernardino,071,2135413,8,0,0,0,0
2020-02-11,San Diego,073,3302833,2,1,0,1,0
2020-02-11,San Francisco,075,870044,2,0,0,0,0
2020-02-11,San Joaquin,077,732212,0,0,1,1,0
2020-02-11,San Luis Obispo,079,281455,0,0,0,0,0
2020-02-11,San Mateo,081,765935,2,0,0,0,0
2020-02-11,Santa Barbara,083,443738,0,0,0,0,0
2020-02-11,Santa Clara,085,1922200,5,2,0,2,0
2020-02-11,Santa Cruz,087,273765,0,0,0,0,0
2020-02-11,Shasta,089,179085,0,0,0,0,0
2020-02-11,Sierra,091,2930,0,0,0,0,0
2020-02-11,Siskiyou,093,43540,0,0,0,0,0
2020-02-11,Solano,095,438530,0,0,0,0,0
2020-02-11,Sonoma,097,501317,0,0,0,0,0
2020-02-11,Stanislaus,099,539301,1,0,1,1,0
2020-02-11,Sutter,101,95872,0,0,0,0,0
2020-02-11,Tehama,103,63373,0,0,0,0,0
2020-02-11,Trinity,105,12862,0,0,0,0,0
2020-02-11,Tulare,107,460477,2,0,0,0,0
2020-02-11,Tuolumne,109,53932,0,0,0,0,0
2020-02-11,Ventura,111,848112,2,0,0,0,0
2020-02-11,Yolo,113,214977,1,0,0,0,0
2020-02-11,Yuba,115,75493,0,0,0,0,0
2020-02-10,Alameda,001,1643700,4,0,0,0,0
2020-02-10,Alpine,003,1148,0,0,0,0,0
2020-02-10,Amador,005,37829,0,0,0,0,0
2020-02-10,Butte,007,227075,0,0,0,0,0
2020-02-10,Calaveras,009,45235,0,0,0,0,0
2020-02-10,Colusa,011,21464,0,0,0,0,0
2020-02-10,Contra Costa,013,1133247,3,0,0,0,0
2020-02-10,Del Norte,015,27424,0,0,0,0,0
2020-02-10,El Dorado,017,186661,0,0,0,0,0
2020-02-10,Fresno,019,978130,0,0,0,0,0
2020-02-10,Glenn,021,27897,0,0,0,0,0
2020-02-10,Humboldt,023,135768,0,0,0,0,0
2020-02-10,Imperial,025,180216,1,0,0,0,0
2020-02-10,Inyo,027,18085,0,0,0,0,0
2020-02-10,Kern,029,883053,2,0,0,0,0
2020-02-10,Kings,031,150075,1,0,0,0,0
2020-02-10,Lake,033,64148,0,0,0,0,0
2020-02-10,Lassen,035,31185,0,0,0,0,0
2020-02-10,Los Angeles,037,10098052,22,1,5,6,0
2020-02-10,Madera,039,155013,0,0,0,0,0
2020-02-10,Marin,041,260295,0,0,0,0,0
2020-02-10,Mariposa,043,17540,0,0,0,0,0
2020-02-10,Mendocino,045,87422,0,0,0,0,0
2020-02-10,Merced,047,269075,0,0,0,0,0
2020-02-10,Modoc,049,8938,0,0,0,0,0
2020-02-10,Mono,051,14174,0,0,0,0,0
2020-02-10,Monterey,053,433212,0,0,0,0,0
2020-02-10,Napa,055,140530,0,0,0,0,0
2020-02-10,Nevada,057,99092,0,0,0,0,0
2020-02-10,Orange,059,3164182,35,1,0,1,0
2020-02-10,Placer,061,380077,0,0,0,0,0
2020-02-10,Plumas,063,18699,0,0,0,0,0
2020-02-10,Riverside,065,2383286,4,0,0,0,0
2020-02-10,Sacramento,067,1510023,1,0,0,0,0
2020-02-10,San Benito,069,59416,0,2,0,2,0
2020-02-10,San Bernardino,071,2135413,7,0,0,0,0
2020-02-10,San Diego,073,3302833,2,0,0,0,0
2020-02-10,San Francisco,075,870044,2,0,0,0,0
2020-02-10,San Joaquin,077,732212,0,0,1,1,0
2020-02-10,San Luis Obispo,079,281455,0,0,0,0,0
2020-02-10,San Mateo,081,765935,2,0,0,0,0
2020-02-10,Santa Barbara,083,443738,0,0,0,0,0
2020-02-10,Santa Clara,085,1922200,5,2,0,2,0
2020-02-10,Santa Cruz,087,273765,0,0,0,0,0
2020-02-10,Shasta,089,179085,0,0,0,0,0
2020-02-10,Sierra,091,2930,0,0,0,0,0
2020-02-10,Siskiyou,093,43540,0,0,0,0,0
2020-02-10,Solano,095,438530,0,0,0,0,0
2020-02-10,Sonoma,097,501317,0,0,0,0,0
2020-02-10,Stanislaus,099,539301,1,0,0,0,0
2020-02-10,Sutter,101,95872,0,0,0,0,0
2020-02-10,Tehama,103,63373,0,0,0,0,0
2020-02-10,Trinity,105,12862,0,0,0,0,0
2020-02-10,Tulare,107,460477,2,0,0,0,0
2020-02-10,Tuolumne,109,53932,0,0,0,0,0
2020-02-10,Ventura,111,848112,2,0,0,0,0
2020-02-10,Yolo,113,214977,1,0,0,0,0
2020-02-10,Yuba,115,75493,0,0,0,0,0
2020-02-09,Alameda,001,1643700,4,0,0,0,0
2020-02-09,Alpine,003,1148,0,0,0,0,0
2020-02-09,Amador,005,37829,0,0,0,0,0
2020-02-09,Butte,007,227075,0,0,0,0,0
2020-02-09,Calaveras,009,45235,0,0,0,0,0
2020-02-09,Colusa,011,21464,0,0,0,0,0
2020-02-09,Contra Costa,013,1133247,3,0,0,0,0
2020-02-09,Del Norte,015,27424,0,0,0,0,0
2020-02-09,El Dorado,017,186661,0,0,0,0,0
2020-02-09,Fresno,019,978130,0,0,0,0,0
2020-02-09,Glenn,021,27897,0,0,0,0,0
2020-02-09,Humboldt,023,135768,0,0,0,0,0
2020-02-09,Imperial,025,180216,1,0,0,0,0
2020-02-09,Inyo,027,18085,0,0,0,0,0
2020-02-09,Kern,029,883053,2,0,0,0,0
2020-02-09,Kings,031,150075,1,0,0,0,0
2020-02-09,Lake,033,64148,0,0,0,0,0
2020-02-09,Lassen,035,31185,0,0,0,0,0
2020-02-09,Los Angeles,037,10098052,21,1,5,6,0
2020-02-09,Madera,039,155013,0,0,0,0,0
2020-02-09,Marin,041,260295,0,0,0,0,0
2020-02-09,Mariposa,043,17540,0,0,0,0,0
2020-02-09,Mendocino,045,87422,0,0,0,0,0
2020-02-09,Merced,047,269075,0,0,0,0,0
2020-02-09,Modoc,049,8938,0,0,0,0,0
2020-02-09,Mono,051,14174,0,0,0,0,0
2020-02-09,Monterey,053,433212,0,0,0,0,0
2020-02-09,Napa,055,140530,0,0,0,0,0
2020-02-09,Nevada,057,99092,0,0,0,0,0
2020-02-09,Orange,059,3164182,35,1,0,1,0
2020-02-09,Placer,061,380077,0,0,0,0,0
2020-02-09,Plumas,063,18699,0,0,0,0,0
2020-02-09,Riverside,065,2383286,4,0,0,0,0
2020-02-09,Sacramento,067,1510023,0,0,0,0,0
2020-02-09,San Benito,069,59416,0,2,0,2,0
2020-02-09,San Bernardino,071,2135413,7,0,0,0,0
2020-02-09,San Diego,073,3302833,2,0,0,0,0
2020-02-09,San Francisco,075,870044,1,0,0,0,0
2020-02-09,San Joaquin,077,732212,0,0,1,1,0
2020-02-09,San Luis Obispo,079,281455,0,0,0,0,0
2020-02-09,San Mateo,081,765935,2,0,0,0,0
2020-02-09,Santa Barbara,083,443738,0,0,0,0,0
2020-02-09,Santa Clara,085,1922200,4,2,0,2,0
2020-02-09,Santa Cruz,087,273765,0,0,0,0,0
2020-02-09,Shasta,089,179085,0,0,0,0,0
2020-02-09,Sierra,091,2930,0,0,0,0,0
2020-02-09,Siskiyou,093,43540,0,0,0,0,0
2020-02-09,Solano,095,438530,0,0,0,0,0
2020-02-09,Sonoma,097,501317,0,0,0,0,0
2020-02-09,Stanislaus,099,539301,0,0,0,0,0
2020-02-09,Sutter,101,95872,0,0,0,0,0
2020-02-09,Tehama,103,63373,0,0,0,0,0
2020-02-09,Trinity,105,12862,0,0,0,0,0
2020-02-09,Tulare,107,460477,2,0,0,0,0
2020-02-09,Tuolumne,109,53932,0,0,0,0,0
2020-02-09,Ventura,111,848112,1,0,0,0,0
2020-02-09,Yolo,113,214977,1,0,0,0,0
2020-02-09,Yuba,115,75493,0,0,0,0,0
2020-02-08,Alameda,001,1643700,3,0,0,0,0
2020-02-08,Alpine,003,1148,0,0,0,0,0
2020-02-08,Amador,005,37829,0,0,0,0,0
2020-02-08,Butte,007,227075,0,0,0,0,0
2020-02-08,Calaveras,009,45235,0,0,0,0,0
2020-02-08,Colusa,011,21464,0,0,0,0,0
2020-02-08,Contra Costa,013,1133247,2,0,0,0,0
2020-02-08,Del Norte,015,27424,0,0,0,0,0
2020-02-08,El Dorado,017,186661,0,0,0,0,0
2020-02-08,Fresno,019,978130,0,0,0,0,0
2020-02-08,Glenn,021,27897,0,0,0,0,0
2020-02-08,Humboldt,023,135768,0,0,0,0,0
2020-02-08,Imperial,025,180216,1,0,0,0,0
2020-02-08,Inyo,027,18085,0,0,0,0,0
2020-02-08,Kern,029,883053,2,0,0,0,0
2020-02-08,Kings,031,150075,1,0,0,0,0
2020-02-08,Lake,033,64148,0,0,0,0,0
2020-02-08,Lassen,035,31185,0,0,0,0,0
2020-02-08,Los Angeles,037,10098052,17,1,3,4,0
2020-02-08,Madera,039,155013,0,0,0,0,0
2020-02-08,Marin,041,260295,0,0,0,0,0
2020-02-08,Mariposa,043,17540,0,0,0,0,0
2020-02-08,Mendocino,045,87422,0,0,0,0,0
2020-02-08,Merced,047,269075,0,0,0,0,0
2020-02-08,Modoc,049,8938,0,0,0,0,0
2020-02-08,Mono,051,14174,0,0,0,0,0
2020-02-08,Monterey,053,433212,0,0,0,0,0
2020-02-08,Napa,055,140530,0,0,0,0,0
2020-02-08,Nevada,057,99092,0,0,0,0,0
2020-02-08,Orange,059,3164182,35,1,0,1,0
2020-02-08,Placer,061,380077,0,0,0,0,0
2020-02-08,Plumas,063,18699,0,0,0,0,0
2020-02-08,Riverside,065,2383286,4,0,0,0,0
2020-02-08,Sacramento,067,1510023,0,0,0,0,0
2020-02-08,San Benito,069,59416,0,2,0,2,0
2020-02-08,San Bernardino,071,2135413,7,0,0,0,0
2020-02-08,San Diego,073,3302833,1,0,0,0,0
2020-02-08,San Francisco,075,870044,1,0,0,0,0
2020-02-08,San Joaquin,077,732212,0,0,1,1,0
2020-02-08,San Luis Obispo,079,281455,0,0,0,0,0
2020-02-08,San Mateo,081,765935,2,0,0,0,0
2020-02-08,Santa Barbara,083,443738,0,0,0,0,0
2020-02-08,Santa Clara,085,1922200,4,2,0,2,0
2020-02-08,Santa Cruz,087,273765,0,0,0,0,0
2020-02-08,Shasta,089,179085,0,0,0,0,0
2020-02-08,Sierra,091,2930,0,0,0,0,0
2020-02-08,Siskiyou,093,43540,0,0,0,0,0
2020-02-08,Solano,095,438530,0,0,0,0,0
2020-02-08,Sonoma,097,501317,0,0,0,0,0
2020-02-08,Stanislaus,099,539301,0,0,0,0,0
2020-02-08,Sutter,101,95872,0,0,0,0,0
2020-02-08,Tehama,103,63373,0,0,0,0,0
2020-02-08,Trinity,105,12862,0,0,0,0,0
2020-02-08,Tulare,107,460477,2,0,0,0,0
2020-02-08,Tuolumne,109,53932,0,0,0,0,0
2020-02-08,Ventura,111,848112,1,0,0,0,0
2020-02-08,Yolo,113,214977,1,0,0,0,0
2020-02-08,Yuba,115,75493,0,0,0,0,0
2020-02-07,Alameda,001,1643700,3,0,0,0,0
2020-02-07,Alpine,003,1148,0,0,0,0,0
2020-02-07,Amador,005,37829,0,0,0,0,0
2020-02-07,Butte,007,227075,0,0,0,0,0
2020-02-07,Calaveras,009,45235,0,0,0,0,0
2020-02-07,Colusa,011,21464,0,0,0,0,0
2020-02-07,Contra Costa,013,1133247,2,0,0,0,0
2020-02-07,Del Norte,015,27424,0,0,0,0,0
2020-02-07,El Dorado,017,186661,0,0,0,0,0
2020-02-07,Fresno,019,978130,0,0,0,0,0
2020-02-07,Glenn,021,27897,0,0,0,0,0
2020-02-07,Humboldt,023,135768,0,0,0,0,0
2020-02-07,Imperial,025,180216,1,0,0,0,0
2020-02-07,Inyo,027,18085,0,0,0,0,0
2020-02-07,Kern,029,883053,2,0,0,0,0
2020-02-07,Kings,031,150075,1,0,0,0,0
2020-02-07,Lake,033,64148,0,0,0,0,0
2020-02-07,Lassen,035,31185,0,0,0,0,0
2020-02-07,Los Angeles,037,10098052,16,1,2,3,0
2020-02-07,Madera,039,155013,0,0,0,0,0
2020-02-07,Marin,041,260295,0,0,0,0,0
2020-02-07,Mariposa,043,17540,0,0,0,0,0
2020-02-07,Mendocino,045,87422,0,0,0,0,0
2020-02-07,Merced,047,269075,0,0,0,0,0
2020-02-07,Modoc,049,8938,0,0,0,0,0
2020-02-07,Mono,051,14174,0,0,0,0,0
2020-02-07,Monterey,053,433212,0,0,0,0,0
2020-02-07,Napa,055,140530,0,0,0,0,0
2020-02-07,Nevada,057,99092,0,0,0,0,0
2020-02-07,Orange,059,3164182,33,1,0,1,0
2020-02-07,Placer,061,380077,0,0,0,0,0
2020-02-07,Plumas,063,18699,0,0,0,0,0
2020-02-07,Riverside,065,2383286,4,0,0,0,0
2020-02-07,Sacramento,067,1510023,0,0,0,0,0
2020-02-07,San Benito,069,59416,0,2,0,2,0
2020-02-07,San Bernardino,071,2135413,4,0,0,0,0
2020-02-07,San Diego,073,3302833,1,0,0,0,0
2020-02-07,San Francisco,075,870044,1,0,0,0,0
2020-02-07,San Joaquin,077,732212,0,0,1,1,0
2020-02-07,San Luis Obispo,079,281455,0,0,0,0,0
2020-02-07,San Mateo,081,765935,1,0,0,0,0
2020-02-07,Santa Barbara,083,443738,0,0,0,0,0
2020-02-07,Santa Clara,085,1922200,4,2,0,2,0
2020-02-07,Santa Cruz,087,273765,0,0,0,0,0
2020-02-07,Shasta,089,179085,0,0,0,0,0
2020-02-07,Sierra,091,2930,0,0,0,0,0
2020-02-07,Siskiyou,093,43540,0,0,0,0,0
2020-02-07,Solano,095,438530,0,0,0,0,0
2020-02-07,Sonoma,097,501317,0,0,0,0,0
2020-02-07,Stanislaus,099,539301,0,0,0,0,0
2020-02-07,Sutter,101,95872,0,0,0,0,0
2020-02-07,Tehama,103,63373,0,0,0,0,0
2020-02-07,Trinity,105,12862,0,0,0,0,0
2020-02-07,Tulare,107,460477,2,0,0,0,0
2020-02-07,Tuolumne,109,53932,0,0,0,0,0
2020-02-07,Ventura,111,848112,1,0,0,0,0
2020-02-07,Yolo,113,214977,1,0,0,0,0
2020-02-07,Yuba,115,75493,0,0,0,0,0
2020-02-06,Alameda,001,1643700,3,0,0,0,0
2020-02-06,Alpine,003,1148,0,0,0,0,0
2020-02-06,Amador,005,37829,0,0,0,0,0
2020-02-06,Butte,007,227075,0,0,0,0,0
2020-02-06,Calaveras,009,45235,0,0,0,0,0
2020-02-06,Colusa,011,21464,0,0,0,0,0
2020-02-06,Contra Costa,013,1133247,2,0,0,0,0
2020-02-06,Del Norte,015,27424,0,0,0,0,0
2020-02-06,El Dorado,017,186661,0,0,0,0,0
2020-02-06,Fresno,019,978130,0,0,0,0,0
2020-02-06,Glenn,021,27897,0,0,0,0,0
2020-02-06,Humboldt,023,135768,0,0,0,0,0
2020-02-06,Imperial,025,180216,1,0,0,0,0
2020-02-06,Inyo,027,18085,0,0,0,0,0
2020-02-06,Kern,029,883053,2,0,0,0,0
2020-02-06,Kings,031,150075,0,0,0,0,0
2020-02-06,Lake,033,64148,0,0,0,0,0
2020-02-06,Lassen,035,31185,0,0,0,0,0
2020-02-06,Los Angeles,037,10098052,15,1,2,3,0
2020-02-06,Madera,039,155013,0,0,0,0,0
2020-02-06,Marin,041,260295,0,0,0,0,0
2020-02-06,Mariposa,043,17540,0,0,0,0,0
2020-02-06,Mendocino,045,87422,0,0,0,0,0
2020-02-06,Merced,047,269075,0,0,0,0,0
2020-02-06,Modoc,049,8938,0,0,0,0,0
2020-02-06,Mono,051,14174,0,0,0,0,0
2020-02-06,Monterey,053,433212,0,0,0,0,0
2020-02-06,Napa,055,140530,0,0,0,0,0
2020-02-06,Nevada,057,99092,0,0,0,0,0
2020-02-06,Orange,059,3164182,3,1,0,1,0
2020-02-06,Placer,061,380077,0,0,0,0,0
2020-02-06,Plumas,063,18699,0,0,0,0,0
2020-02-06,Riverside,065,2383286,4,0,0,0,0
2020-02-06,Sacramento,067,1510023,0,0,0,0,0
2020-02-06,San Benito,069,59416,0,2,0,2,0
2020-02-06,San Bernardino,071,2135413,4,0,0,0,0
2020-02-06,San Diego,073,3302833,1,0,0,0,0
2020-02-06,San Francisco,075,870044,1,0,0,0,0
2020-02-06,San Joaquin,077,732212,0,0,1,1,0
2020-02-06,San Luis Obispo,079,281455,0,0,0,0,0
2020-02-06,San Mateo,081,765935,1,0,0,0,0
2020-02-06,Santa Barbara,083,443738,0,0,0,0,0
2020-02-06,Santa Clara,085,1922200,4,2,0,2,0
2020-02-06,Santa Cruz,087,273765,0,0,0,0,0
2020-02-06,Shasta,089,179085,0,0,0,0,0
2020-02-06,Sierra,091,2930,0,0,0,0,0
2020-02-06,Siskiyou,093,43540,0,0,0,0,0
2020-02-06,Solano,095,438530,0,0,0,0,0
2020-02-06,Sonoma,097,501317,0,0,0,0,0
2020-02-06,Stanislaus,099,539301,0,0,0,0,0
2020-02-06,Sutter,101,95872,0,0,0,0,0
2020-02-06,Tehama,103,63373,0,0,0,0,0
2020-02-06,Trinity,105,12862,0,0,0,0,0
2020-02-06,Tulare,107,460477,2,0,0,0,0
2020-02-06,Tuolumne,109,53932,0,0,0,0,0
2020-02-06,Ventura,111,848112,1,0,0,0,0
2020-02-06,Yolo,113,214977,1,0,0,0,0
2020-02-06,Yuba,115,75493,0,0,0,0,0
2020-02-05,Alameda,001,1643700,3,0,0,0,0
2020-02-05,Alpine,003,1148,0,0,0,0,0
2020-02-05,Amador,005,37829,0,0,0,0,0
2020-02-05,Butte,007,227075,0,0,0,0,0
2020-02-05,Calaveras,009,45235,0,0,0,0,0
2020-02-05,Colusa,011,21464,0,0,0,0,0
2020-02-05,Contra Costa,013,1133247,2,0,0,0,0
2020-02-05,Del Norte,015,27424,0,0,0,0,0
2020-02-05,El Dorado,017,186661,0,0,0,0,0
2020-02-05,Fresno,019,978130,0,0,0,0,0
2020-02-05,Glenn,021,27897,0,0,0,0,0
2020-02-05,Humboldt,023,135768,0,0,0,0,0
2020-02-05,Imperial,025,180216,1,0,0,0,0
2020-02-05,Inyo,027,18085,0,0,0,0,0
2020-02-05,Kern,029,883053,1,0,0,0,0
2020-02-05,Kings,031,150075,0,0,0,0,0
2020-02-05,Lake,033,64148,0,0,0,0,0
2020-02-05,Lassen,035,31185,0,0,0,0,0
2020-02-05,Los Angeles,037,10098052,15,1,1,2,0
2020-02-05,Madera,039,155013,0,0,0,0,0
2020-02-05,Marin,041,260295,0,0,0,0,0
2020-02-05,Mariposa,043,17540,0,0,0,0,0
2020-02-05,Mendocino,045,87422,0,0,0,0,0
2020-02-05,Merced,047,269075,0,0,0,0,0
2020-02-05,Modoc,049,8938,0,0,0,0,0
2020-02-05,Mono,051,14174,0,0,0,0,0
2020-02-05,Monterey,053,433212,0,0,0,0,0
2020-02-05,Napa,055,140530,0,0,0,0,0
2020-02-05,Nevada,057,99092,0,0,0,0,0
2020-02-05,Orange,059,3164182,1,1,0,1,0
2020-02-05,Placer,061,380077,0,0,0,0,0
2020-02-05,Plumas,063,18699,0,0,0,0,0
2020-02-05,Riverside,065,2383286,4,0,0,0,0
2020-02-05,Sacramento,067,1510023,0,0,0,0,0
2020-02-05,San Benito,069,59416,0,2,0,2,0
2020-02-05,San Bernardino,071,2135413,4,0,0,0,0
2020-02-05,San Diego,073,3302833,0,0,0,0,0
2020-02-05,San Francisco,075,870044,1,0,0,0,0
2020-02-05,San Joaquin,077,732212,0,0,1,1,0
2020-02-05,San Luis Obispo,079,281455,0,0,0,0,0
2020-02-05,San Mateo,081,765935,1,0,0,0,0
2020-02-05,Santa Barbara,083,443738,0,0,0,0,0
2020-02-05,Santa Clara,085,1922200,2,2,0,2,0
2020-02-05,Santa Cruz,087,273765,0,0,0,0,0
2020-02-05,Shasta,089,179085,0,0,0,0,0
2020-02-05,Sierra,091,2930,0,0,0,0,0
2020-02-05,Siskiyou,093,43540,0,0,0,0,0
2020-02-05,Solano,095,438530,0,0,0,0,0
2020-02-05,Sonoma,097,501317,0,0,0,0,0
2020-02-05,Stanislaus,099,539301,0,0,0,0,0
2020-02-05,Sutter,101,95872,0,0,0,0,0
2020-02-05,Tehama,103,63373,0,0,0,0,0
2020-02-05,Trinity,105,12862,0,0,0,0,0
2020-02-05,Tulare,107,460477,2,0,0,0,0
2020-02-05,Tuolumne,109,53932,0,0,0,0,0
2020-02-05,Ventura,111,848112,0,0,0,0,0
2020-02-05,Yolo,113,214977,1,0,0,0,0
2020-02-05,Yuba,115,75493,0,0,0,0,0
2020-02-04,Alameda,001,1643700,3,0,0,0,0
2020-02-04,Alpine,003,1148,0,0,0,0,0
2020-02-04,Amador,005,37829,0,0,0,0,0
2020-02-04,Butte,007,227075,0,0,0,0,0
2020-02-04,Calaveras,009,45235,0,0,0,0,0
2020-02-04,Colusa,011,21464,0,0,0,0,0
2020-02-04,Contra Costa,013,1133247,2,0,0,0,0
2020-02-04,Del Norte,015,27424,0,0,0,0,0
2020-02-04,El Dorado,017,186661,0,0,0,0,0
2020-02-04,Fresno,019,978130,0,0,0,0,0
2020-02-04,Glenn,021,27897,0,0,0,0,0
2020-02-04,Humboldt,023,135768,0,0,0,0,0
2020-02-04,Imperial,025,180216,1,0,0,0,0
2020-02-04,Inyo,027,18085,0,0,0,0,0
2020-02-04,Kern,029,883053,0,0,0,0,0
2020-02-04,Kings,031,150075,0,0,0,0,0
2020-02-04,Lake,033,64148,0,0,0,0,0
2020-02-04,Lassen,035,31185,0,0,0,0,0
2020-02-04,Los Angeles,037,10098052,15,1,1,2,0
2020-02-04,Madera,039,155013,0,0,0,0,0
2020-02-04,Marin,041,260295,0,0,0,0,0
2020-02-04,Mariposa,043,17540,0,0,0,0,0
2020-02-04,Mendocino,045,87422,0,0,0,0,0
2020-02-04,Merced,047,269075,0,0,0,0,0
2020-02-04,Modoc,049,8938,0,0,0,0,0
2020-02-04,Mono,051,14174,0,0,0,0,0
2020-02-04,Monterey,053,433212,0,0,0,0,0
2020-02-04,Napa,055,140530,0,0,0,0,0
2020-02-04,Nevada,057,99092,0,0,0,0,0
2020-02-04,Orange,059,3164182,1,1,0,1,0
2020-02-04,Placer,061,380077,0,0,0,0,0
2020-02-04,Plumas,063,18699,0,0,0,0,0
2020-02-04,Riverside,065,2383286,4,0,0,0,0
2020-02-04,Sacramento,067,1510023,0,0,0,0,0
2020-02-04,San Benito,069,59416,0,2,0,2,0
2020-02-04,San Bernardino,071,2135413,3,0,0,0,0
2020-02-04,San Diego,073,3302833,0,0,0,0,0
2020-02-04,San Francisco,075,870044,1,0,0,0,0
2020-02-04,San Joaquin,077,732212,0,0,1,1,0
2020-02-04,San Luis Obispo,079,281455,0,0,0,0,0
2020-02-04,San Mateo,081,765935,0,0,0,0,0
2020-02-04,Santa Barbara,083,443738,0,0,0,0,0
2020-02-04,Santa Clara,085,1922200,2,2,0,2,0
2020-02-04,Santa Cruz,087,273765,0,0,0,0,0
2020-02-04,Shasta,089,179085,0,0,0,0,0
2020-02-04,Sierra,091,2930,0,0,0,0,0
2020-02-04,Siskiyou,093,43540,0,0,0,0,0
2020-02-04,Solano,095,438530,0,0,0,0,0
2020-02-04,Sonoma,097,501317,0,0,0,0,0
2020-02-04,Stanislaus,099,539301,0,0,0,0,0
2020-02-04,Sutter,101,95872,0,0,0,0,0
2020-02-04,Tehama,103,63373,0,0,0,0,0
2020-02-04,Trinity,105,12862,0,0,0,0,0
2020-02-04,Tulare,107,460477,2,0,0,0,0
2020-02-04,Tuolumne,109,53932,0,0,0,0,0
2020-02-04,Ventura,111,848112,0,0,0,0,0
2020-02-04,Yolo,113,214977,1,0,0,0,0
2020-02-04,Yuba,115,75493,0,0,0,0,0
2020-02-03,Alameda,001,1643700,3,0,0,0,0
2020-02-03,Alpine,003,1148,0,0,0,0,0
2020-02-03,Amador,005,37829,0,0,0,0,0
2020-02-03,Butte,007,227075,0,0,0,0,0
2020-02-03,Calaveras,009,45235,0,0,0,0,0
2020-02-03,Colusa,011,21464,0,0,0,0,0
2020-02-03,Contra Costa,013,1133247,2,0,0,0,0
2020-02-03,Del Norte,015,27424,0,0,0,0,0
2020-02-03,El Dorado,017,186661,0,0,0,0,0
2020-02-03,Fresno,019,978130,0,0,0,0,0
2020-02-03,Glenn,021,27897,0,0,0,0,0
2020-02-03,Humboldt,023,135768,0,0,0,0,0
2020-02-03,Imperial,025,180216,1,0,0,0,0
2020-02-03,Inyo,027,18085,0,0,0,0,0
2020-02-03,Kern,029,883053,0,0,0,0,0
2020-02-03,Kings,031,150075,0,0,0,0,0
2020-02-03,Lake,033,64148,0,0,0,0,0
2020-02-03,Lassen,035,31185,0,0,0,0,0
2020-02-03,Los Angeles,037,10098052,15,1,0,1,0
2020-02-03,Madera,039,155013,0,0,0,0,0
2020-02-03,Marin,041,260295,0,0,0,0,0
2020-02-03,Mariposa,043,17540,0,0,0,0,0
2020-02-03,Mendocino,045,87422,0,0,0,0,0
2020-02-03,Merced,047,269075,0,0,0,0,0
2020-02-03,Modoc,049,8938,0,0,0,0,0
2020-02-03,Mono,051,14174,0,0,0,0,0
2020-02-03,Monterey,053,433212,0,0,0,0,0
2020-02-03,Napa,055,140530,0,0,0,0,0
2020-02-03,Nevada,057,99092,0,0,0,0,0
2020-02-03,Orange,059,3164182,1,1,0,1,0
2020-02-03,Placer,061,380077,0,0,0,0,0
2020-02-03,Plumas,063,18699,0,0,0,0,0
2020-02-03,Riverside,065,2383286,4,0,0,0,0
2020-02-03,Sacramento,067,1510023,0,0,0,0,0
2020-02-03,San Benito,069,59416,0,2,0,2,0
2020-02-03,San Bernardino,071,2135413,3,0,0,0,0
2020-02-03,San Diego,073,3302833,0,0,0,0,0
2020-02-03,San Francisco,075,870044,1,0,0,0,0
2020-02-03,San Joaquin,077,732212,0,0,1,1,0
2020-02-03,San Luis Obispo,079,281455,0,0,0,0,0
2020-02-03,San Mateo,081,765935,0,0,0,0,0
2020-02-03,Santa Barbara,083,443738,0,0,0,0,0
2020-02-03,Santa Clara,085,1922200,2,2,0,2,0
2020-02-03,Santa Cruz,087,273765,0,0,0,0,0
2020-02-03,Shasta,089,179085,0,0,0,0,0
2020-02-03,Sierra,091,2930,0,0,0,0,0
2020-02-03,Siskiyou,093,43540,0,0,0,0,0
2020-02-03,Solano,095,438530,0,0,0,0,0
2020-02-03,Sonoma,097,501317,0,0,0,0,0
2020-02-03,Stanislaus,099,539301,0,0,0,0,0
2020-02-03,Sutter,101,95872,0,0,0,0,0
2020-02-03,Tehama,103,63373,0,0,0,0,0
2020-02-03,Trinity,105,12862,0,0,0,0,0
2020-02-03,Tulare,107,460477,2,0,0,0,0
2020-02-03,Tuolumne,109,53932,0,0,0,0,0
2020-02-03,Ventura,111,848112,0,0,0,0,0
2020-02-03,Yolo,113,214977,1,0,0,0,0
2020-02-03,Yuba,115,75493,0,0,0,0,0
2020-02-02,Alameda,001,1643700,3,0,0,0,0
2020-02-02,Alpine,003,1148,0,0,0,0,0
2020-02-02,Amador,005,37829,0,0,0,0,0
2020-02-02,Butte,007,227075,0,0,0,0,0
2020-02-02,Calaveras,009,45235,0,0,0,0,0
2020-02-02,Colusa,011,21464,0,0,0,0,0
2020-02-02,Contra Costa,013,1133247,1,0,0,0,0
2020-02-02,Del Norte,015,27424,0,0,0,0,0
2020-02-02,El Dorado,017,186661,0,0,0,0,0
2020-02-02,Fresno,019,978130,0,0,0,0,0
2020-02-02,Glenn,021,27897,0,0,0,0,0
2020-02-02,Humboldt,023,135768,0,0,0,0,0
2020-02-02,Imperial,025,180216,1,0,0,0,0
2020-02-02,Inyo,027,18085,0,0,0,0,0
2020-02-02,Kern,029,883053,0,0,0,0,0
2020-02-02,Kings,031,150075,0,0,0,0,0
2020-02-02,Lake,033,64148,0,0,0,0,0
2020-02-02,Lassen,035,31185,0,0,0,0,0
2020-02-02,Los Angeles,037,10098052,13,1,0,1,0
2020-02-02,Madera,039,155013,0,0,0,0,0
2020-02-02,Marin,041,260295,0,0,0,0,0
2020-02-02,Mariposa,043,17540,0,0,0,0,0
2020-02-02,Mendocino,045,87422,0,0,0,0,0
2020-02-02,Merced,047,269075,0,0,0,0,0
2020-02-02,Modoc,049,8938,0,0,0,0,0
2020-02-02,Mono,051,14174,0,0,0,0,0
2020-02-02,Monterey,053,433212,0,0,0,0,0
2020-02-02,Napa,055,140530,0,0,0,0,0
2020-02-02,Nevada,057,99092,0,0,0,0,0
2020-02-02,Orange,059,3164182,1,1,0,1,0
2020-02-02,Placer,061,380077,0,0,0,0,0
2020-02-02,Plumas,063,18699,0,0,0,0,0
2020-02-02,Riverside,065,2383286,3,0,0,0,0
2020-02-02,Sacramento,067,1510023,0,0,0,0,0
2020-02-02,San Benito,069,59416,0,2,0,2,0
2020-02-02,San Bernardino,071,2135413,2,0,0,0,0
2020-02-02,San Diego,073,3302833,0,0,0,0,0
2020-02-02,San Francisco,075,870044,1,0,0,0,0
2020-02-02,San Joaquin,077,732212,0,0,1,1,0
2020-02-02,San Luis Obispo,079,281455,0,0,0,0,0
2020-02-02,San Mateo,081,765935,0,0,0,0,0
2020-02-02,Santa Barbara,083,443738,0,0,0,0,0
2020-02-02,Santa Clara,085,1922200,2,2,0,2,0
2020-02-02,Santa Cruz,087,273765,0,0,0,0,0
2020-02-02,Shasta,089,179085,0,0,0,0,0
2020-02-02,Sierra,091,2930,0,0,0,0,0
2020-02-02,Siskiyou,093,43540,0,0,0,0,0
2020-02-02,Solano,095,438530,0,0,0,0,0
2020-02-02,Sonoma,097,501317,0,0,0,0,0
2020-02-02,Stanislaus,099,539301,0,0,0,0,0
2020-02-02,Sutter,101,95872,0,0,0,0,0
2020-02-02,Tehama,103,63373,0,0,0,0,0
2020-02-02,Trinity,105,12862,0,0,0,0,0
2020-02-02,Tulare,107,460477,2,0,0,0,0
2020-02-02,Tuolumne,109,53932,0,0,0,0,0
2020-02-02,Ventura,111,848112,0,0,0,0,0
2020-02-02,Yolo,113,214977,1,0,0,0,0
2020-02-02,Yuba,115,75493,0,0,0,0,0
2020-02-01,Alameda,001,1643700,3,0,0,0,0
2020-02-01,Alpine,003,1148,0,0,0,0,0
2020-02-01,Amador,005,37829,0,0,0,0,0
2020-02-01,Butte,007,227075,0,0,0,0,0
2020-02-01,Calaveras,009,45235,0,0,0,0,0
2020-02-01,Colusa,011,21464,0,0,0,0,0
2020-02-01,Contra Costa,013,1133247,0,0,0,0,0
2020-02-01,Del Norte,015,27424,0,0,0,0,0
2020-02-01,El Dorado,017,186661,0,0,0,0,0
2020-02-01,Fresno,019,978130,0,0,0,0,0
2020-02-01,Glenn,021,27897,0,0,0,0,0
2020-02-01,Humboldt,023,135768,0,0,0,0,0
2020-02-01,Imperial,025,180216,0,0,0,0,0
2020-02-01,Inyo,027,18085,0,0,0,0,0
2020-02-01,Kern,029,883053,0,0,0,0,0
2020-02-01,Kings,031,150075,0,0,0,0,0
2020-02-01,Lake,033,64148,0,0,0,0,0
2020-02-01,Lassen,035,31185,0,0,0,0,0
2020-02-01,Los Angeles,037,10098052,12,1,0,1,0
2020-02-01,Madera,039,155013,0,0,0,0,0
2020-02-01,Marin,041,260295,0,0,0,0,0
2020-02-01,Mariposa,043,17540,0,0,0,0,0
2020-02-01,Mendocino,045,87422,0,0,0,0,0
2020-02-01,Merced,047,269075,0,0,0,0,0
2020-02-01,Modoc,049,8938,0,0,0,0,0
2020-02-01,Mono,051,14174,0,0,0,0,0
2020-02-01,Monterey,053,433212,0,0,0,0,0
2020-02-01,Napa,055,140530,0,0,0,0,0
2020-02-01,Nevada,057,99092,0,0,0,0,0
2020-02-01,Orange,059,3164182,1,1,0,1,0
2020-02-01,Placer,061,380077,0,0,0,0,0
2020-02-01,Plumas,063,18699,0,0,0,0,0
2020-02-01,Riverside,065,2383286,2,0,0,0,0
2020-02-01,Sacramento,067,1510023,0,0,0,0,0
2020-02-01,San Benito,069,59416,0,0,0,0,0
2020-02-01,San Bernardino,071,2135413,1,0,0,0,0
2020-02-01,San Diego,073,3302833,0,0,0,0,0
2020-02-01,San Francisco,075,870044,1,0,0,0,0
2020-02-01,San Joaquin,077,732212,0,0,1,1,0
2020-02-01,San Luis Obispo,079,281455,0,0,0,0,0
2020-02-01,San Mateo,081,765935,0,0,0,0,0
2020-02-01,Santa Barbara,083,443738,0,0,0,0,0
2020-02-01,Santa Clara,085,1922200,2,1,0,1,0
2020-02-01,Santa Cruz,087,273765,0,0,0,0,0
2020-02-01,Shasta,089,179085,0,0,0,0,0
2020-02-01,Sierra,091,2930,0,0,0,0,0
2020-02-01,Siskiyou,093,43540,0,0,0,0,0
2020-02-01,Solano,095,438530,0,0,0,0,0
2020-02-01,Sonoma,097,501317,0,0,0,0,0
2020-02-01,Stanislaus,099,539301,0,0,0,0,0
2020-02-01,Sutter,101,95872,0,0,0,0,0
2020-02-01,Tehama,103,63373,0,0,0,0,0
2020-02-01,Trinity,105,12862,0,0,0,0,0
2020-02-01,Tulare,107,460477,1,0,0,0,0
2020-02-01,Tuolumne,109,53932,0,0,0,0,0
2020-02-01,Ventura,111,848112,0,0,0,0,0
2020-02-01,Yolo,113,214977,0,0,0,0,0
2020-02-01,Yuba,115,75493,0,0,0,0,0
