date,county,fips,population,confirmed_cases,reported_cases,probable_cases,reported_and_probable_cases,reported_deaths
2022-11-29,Alameda,001,1643700,357676,357682,19864,377546,2063
2022-11-29,Alpine,003,1148,138,138,1,139,0
2022-11-29,Amador,005,37829,10149,10150,928,11078,96
2022-11-29,Butte,007,227075,40333,40333,9160,49493,465
2022-11-29,Calaveras,009,45235,8675,8675,559,9234,135
2022-11-29,Colusa,011,21464,3847,3849,1304,5153,22
2022-11-29,Contra Costa,013,1133247,257251,257254,20778,278032,1485
2022-11-29,Del Norte,015,27424,7518,7519,406,7925,56
2022-11-29,El Dorado,017,186661,33200,33200,4313,37513,235
2022-11-29,Fresno,019,978130,279779,279782,31492,311274,2898
2022-11-29,Glenn,021,27897,5647,5647,1896,7543,58
2022-11-29,Humboldt,023,135768,22430,22433,5140,27573,160
2022-11-29,Imperial,025,180216,67001,67001,16705,83706,960
2022-11-29,Inyo,027,18085,4590,4590,1000,5590,60
2022-11-29,Kern,029,883053,222079,222084,65338,287422,2431
2022-11-29,Kings,031,150075,60636,60636,4134,64770,464
2022-11-29,Lake,033,64148,13075,13075,1211,14286,149
2022-11-29,Lassen,035,31185,10110,10110,992,11102,65
2022-11-29,Los Angeles,037,10098052,3346592,3346849,189999,3536848,33936
2022-11-29,Madera,039,155013,44646,44648,8278,52926,377
2022-11-29,Marin,041,260295,46505,46509,5373,51882,314
2022-11-29,Mariposa,043,17540,3172,3172,364,3536,32
2022-11-29,Mendocino,045,87422,16291,16291,4521,20812,136
2022-11-29,Merced,047,269075,73534,73538,11885,85423,876
2022-11-29,Modoc,049,8938,895,895,336,1231,11
2022-11-29,Mono,051,14174,3237,3237,267,3504,8
2022-11-29,Monterey,053,433212,95361,95362,21298,116660,775
2022-11-29,Napa,055,140530,32858,32859,1423,34282,161
2022-11-29,Nevada,057,99092,19391,19396,1953,21349,132
2022-11-29,Orange,059,3164182,679164,679165,63218,742383,7567
2022-11-29,Placer,061,380077,77614,77614,9652,87266,665
2022-11-29,Plumas,063,18699,3738,3738,432,4170,13
2022-11-29,Riverside,065,2383286,706333,706391,35443,741834,6693
2022-11-29,Sacramento,067,1510023,354841,354843,34091,388934,3377
2022-11-29,San Benito,069,59416,16550,16552,986,17538,108
2022-11-29,San Bernardino,071,2135413,681808,681862,31084,712946,8133
2022-11-29,San Diego,073,3302833,938587,938587,73808,1012395,5562
2022-11-29,San Francisco,075,870044,184543,184551,12117,196668,1078
2022-11-29,San Joaquin,077,732212,201163,201171,14994,216165,2347
2022-11-29,San Luis Obispo,079,281455,64080,64094,7298,71392,531
2022-11-29,San Mateo,081,765935,173278,173281,10673,183954,748
2022-11-29,Santa Barbara,083,443738,107523,107523,6969,114492,738
2022-11-29,Santa Clara,085,1922200,444128,444146,18953,463099,2560
2022-11-29,Santa Cruz,087,273765,65040,65040,3469,68509,275
2022-11-29,Shasta,089,179085,35519,35519,7510,43029,598
2022-11-29,Sierra,091,2930,308,308,60,368,5
2022-11-29,Siskiyou,093,43540,5406,5406,3323,8729,95
2022-11-29,Solano,095,438530,107909,107921,7876,115797,470
2022-11-29,Sonoma,097,501317,109029,109036,5369,114405,530
2022-11-29,Stanislaus,099,539301,140105,140125,21794,161919,1785
2022-11-29,Sutter,101,95872,24793,24798,2471,27269,234
2022-11-29,Tehama,103,63373,13901,13901,3143,17044,216
2022-11-29,Trinity,105,12862,1428,1428,392,1820,22
2022-11-29,Tulare,107,460477,123364,123364,36784,160148,1546
2022-11-29,Tuolumne,109,53932,15941,15942,934,16876,207
2022-11-29,Ventura,111,848112,212342,212345,15862,228207,1591
2022-11-29,Yolo,113,214977,48329,48329,4612,52941,409
2022-11-29,Yuba,115,75493,19303,19307,1744,21051,132
2022-11-28,Alameda,001,1643700,357676,356253,19864,376117,2059
2022-11-28,Alpine,003,1148,138,138,1,139,0
2022-11-28,Amador,005,37829,10149,10132,928,11060,95
2022-11-28,Butte,007,227075,40333,40206,9160,49366,465
2022-11-28,Calaveras,009,45235,8675,8651,559,9210,135
2022-11-28,Colusa,011,21464,3847,3840,1304,5144,22
2022-11-28,Contra Costa,013,1133247,257251,256191,20778,276969,1483
2022-11-28,Del Norte,015,27424,7518,7502,406,7908,56
2022-11-28,El Dorado,017,186661,33200,33057,4313,37370,233
2022-11-28,Fresno,019,978130,279779,278793,31492,310285,2893
2022-11-28,Glenn,021,27897,5647,5625,1896,7521,58
2022-11-28,Humboldt,023,135768,22430,22351,5140,27491,160
2022-11-28,Imperial,025,180216,67001,66747,16705,83452,960
2022-11-28,Inyo,027,18085,4590,4557,1000,5557,60
2022-11-28,Kern,029,883053,222079,221639,65338,286977,2430
2022-11-28,Kings,031,150075,60636,60457,4134,64591,463
2022-11-28,Lake,033,64148,13075,13042,1211,14253,149
2022-11-28,Lassen,035,31185,10110,10091,992,11083,65
2022-11-28,Los Angeles,037,10098052,3346592,3332327,189999,3522326,33882
2022-11-28,Madera,039,155013,44646,44503,8278,52781,377
2022-11-28,Marin,041,260295,46505,46293,5373,51666,314
2022-11-28,Mariposa,043,17540,3172,3156,364,3520,32
2022-11-28,Mendocino,045,87422,16291,16255,4521,20776,136
2022-11-28,Merced,047,269075,73534,73259,11885,85144,876
2022-11-28,Modoc,049,8938,895,895,336,1231,11
2022-11-28,Mono,051,14174,3237,3233,267,3500,8
2022-11-28,Monterey,053,433212,95361,95169,21298,116467,775
2022-11-28,Napa,055,140530,32858,32736,1423,34159,161
2022-11-28,Nevada,057,99092,19391,19310,1953,21263,132
2022-11-28,Orange,059,3164182,679164,676959,63218,740177,7565
2022-11-28,Placer,061,380077,77614,77331,9652,86983,665
2022-11-28,Plumas,063,18699,3738,3737,432,4169,13
2022-11-28,Riverside,065,2383286,706333,704180,35443,739623,6692
2022-11-28,Sacramento,067,1510023,354841,353538,34091,387629,3374
2022-11-28,San Benito,069,59416,16550,16474,986,17460,108
2022-11-28,San Bernardino,071,2135413,681808,679620,31084,710704,8133
2022-11-28,San Diego,073,3302833,938587,938583,73808,1012391,5562
2022-11-28,San Francisco,075,870044,184543,183671,12117,195788,1076
2022-11-28,San Joaquin,077,732212,201163,200474,14994,215468,2344
2022-11-28,San Luis Obispo,079,281455,64080,63962,7298,71260,530
2022-11-28,San Mateo,081,765935,173278,172573,10673,183246,748
2022-11-28,Santa Barbara,083,443738,107523,107184,6969,114153,735
2022-11-28,Santa Clara,085,1922200,444128,442182,18953,461135,2558
2022-11-28,Santa Cruz,087,273765,65040,64814,3469,68283,275
2022-11-28,Shasta,089,179085,35519,35452,7510,42962,596
2022-11-28,Sierra,091,2930,308,308,60,368,5
2022-11-28,Siskiyou,093,43540,5406,5385,3323,8708,95
2022-11-28,Solano,095,438530,107909,107446,7876,115322,469
2022-11-28,Sonoma,097,501317,109029,108690,5369,114059,530
2022-11-28,Stanislaus,099,539301,140105,139741,21794,161535,1785
2022-11-28,Sutter,101,95872,24793,24730,2471,27201,234
2022-11-28,Tehama,103,63373,13901,13857,3143,17000,216
2022-11-28,Trinity,105,12862,1428,1425,392,1817,21
2022-11-28,Tulare,107,460477,123364,123029,36784,159813,1545
2022-11-28,Tuolumne,109,53932,15941,15885,934,16819,206
2022-11-28,Ventura,111,848112,212342,211680,15862,227542,1591
2022-11-28,Yolo,113,214977,48329,48228,4612,52840,408
2022-11-28,Yuba,115,75493,19303,19233,1744,20977,132
2022-11-27,Alameda,001,1643700,357676,356253,19864,376117,2059
2022-11-27,Alpine,003,1148,138,138,1,139,0
2022-11-27,Amador,005,37829,10149,10132,928,11060,95
2022-11-27,Butte,007,227075,40333,40206,9160,49366,465
2022-11-27,Calaveras,009,45235,8675,8651,559,9210,135
2022-11-27,Colusa,011,21464,3847,3840,1304,5144,22
2022-11-27,Contra Costa,013,1133247,257251,256191,20778,276969,1483
2022-11-27,Del Norte,015,27424,7518,7502,406,7908,56
2022-11-27,El Dorado,017,186661,33200,33057,4313,37370,233
2022-11-27,Fresno,019,978130,279779,278793,31492,310285,2893
2022-11-27,Glenn,021,27897,5647,5625,1896,7521,58
2022-11-27,Humboldt,023,135768,22430,22351,5140,27491,160
2022-11-27,Imperial,025,180216,67001,66747,16705,83452,960
2022-11-27,Inyo,027,18085,4590,4557,1000,5557,60
2022-11-27,Kern,029,883053,222079,221639,65338,286977,2430
2022-11-27,Kings,031,150075,60636,60457,4134,64591,463
2022-11-27,Lake,033,64148,13075,13042,1211,14253,149
2022-11-27,Lassen,035,31185,10110,10091,992,11083,65
2022-11-27,Los Angeles,037,10098052,3346519,3332327,189999,3522326,33882
2022-11-27,Madera,039,155013,44646,44503,8278,52781,377
2022-11-27,Marin,041,260295,46505,46293,5373,51666,314
2022-11-27,Mariposa,043,17540,3172,3156,364,3520,32
2022-11-27,Mendocino,045,87422,16291,16255,4521,20776,136
2022-11-27,Merced,047,269075,73534,73259,11885,85144,876
2022-11-27,Modoc,049,8938,895,895,336,1231,11
2022-11-27,Mono,051,14174,3237,3233,267,3500,8
2022-11-27,Monterey,053,433212,95361,95169,21298,116467,775
2022-11-27,Napa,055,140530,32858,32736,1423,34159,161
2022-11-27,Nevada,057,99092,19391,19310,1953,21263,132
2022-11-27,Orange,059,3164182,679154,676959,63218,740177,7565
2022-11-27,Placer,061,380077,77614,77331,9652,86983,665
2022-11-27,Plumas,063,18699,3738,3737,432,4169,13
2022-11-27,Riverside,065,2383286,706330,704180,35443,739623,6692
2022-11-27,Sacramento,067,1510023,354839,353538,34091,387629,3374
2022-11-27,San Benito,069,59416,16550,16474,986,17460,108
2022-11-27,San Bernardino,071,2135413,681808,679620,31084,710704,8133
2022-11-27,San Diego,073,3302833,938587,938583,73808,1012391,5562
2022-11-27,San Francisco,075,870044,184543,183671,12117,195788,1076
2022-11-27,San Joaquin,077,732212,201162,200474,14994,215468,2344
2022-11-27,San Luis Obispo,079,281455,64080,63962,7298,71260,530
2022-11-27,San Mateo,081,765935,173278,172573,10673,183246,748
2022-11-27,Santa Barbara,083,443738,107523,107184,6969,114153,735
2022-11-27,Santa Clara,085,1922200,444128,442182,18953,461135,2558
2022-11-27,Santa Cruz,087,273765,65040,64814,3469,68283,275
2022-11-27,Shasta,089,179085,35519,35452,7510,42962,596
2022-11-27,Sierra,091,2930,308,308,60,368,5
2022-11-27,Siskiyou,093,43540,5406,5385,3323,8708,95
2022-11-27,Solano,095,438530,107909,107446,7876,115322,469
2022-11-27,Sonoma,097,501317,109027,108690,5369,114059,530
2022-11-27,Stanislaus,099,539301,140105,139741,21794,161535,1785
2022-11-27,Sutter,101,95872,24793,24730,2471,27201,234
2022-11-27,Tehama,103,63373,13901,13857,3143,17000,216
2022-11-27,Trinity,105,12862,1428,1425,392,1817,21
2022-11-27,Tulare,107,460477,123360,123029,36784,159813,1545
2022-11-27,Tuolumne,109,53932,15941,15885,934,16819,206
2022-11-27,Ventura,111,848112,212340,211680,15862,227542,1591
2022-11-27,Yolo,113,214977,48329,48228,4612,52840,408
2022-11-27,Yuba,115,75493,19303,19233,1744,20977,132
2022-11-26,Alameda,001,1643700,357608,356253,19864,376117,2059
2022-11-26,Alpine,003,1148,138,138,1,139,0
2022-11-26,Amador,005,37829,10148,10132,928,11060,95
2022-11-26,Butte,007,227075,40330,40206,9160,49366,465
2022-11-26,Calaveras,009,45235,8674,8651,559,9210,135
2022-11-26,Colusa,011,21464,3847,3840,1304,5144,22
2022-11-26,Contra Costa,013,1133247,257158,256191,20778,276969,1483
2022-11-26,Del Norte,015,27424,7514,7502,406,7908,56
2022-11-26,El Dorado,017,186661,33196,33057,4313,37370,233
2022-11-26,Fresno,019,978130,279727,278793,31492,310285,2893
2022-11-26,Glenn,021,27897,5647,5625,1896,7521,58
2022-11-26,Humboldt,023,135768,22426,22351,5140,27491,160
2022-11-26,Imperial,025,180216,66979,66747,16705,83452,960
2022-11-26,Inyo,027,18085,4586,4557,1000,5557,60
2022-11-26,Kern,029,883053,222054,221639,65338,286977,2430
2022-11-26,Kings,031,150075,60620,60457,4134,64591,463
2022-11-26,Lake,033,64148,13073,13042,1211,14253,149
2022-11-26,Lassen,035,31185,10109,10091,992,11083,65
2022-11-26,Los Angeles,037,10098052,3345796,3332327,189999,3522326,33882
2022-11-26,Madera,039,155013,44642,44503,8278,52781,377
2022-11-26,Marin,041,260295,46483,46293,5373,51666,314
2022-11-26,Mariposa,043,17540,3172,3156,364,3520,32
2022-11-26,Mendocino,045,87422,16288,16255,4521,20776,136
2022-11-26,Merced,047,269075,73525,73259,11885,85144,876
2022-11-26,Modoc,049,8938,895,895,336,1231,11
2022-11-26,Mono,051,14174,3236,3233,267,3500,8
2022-11-26,Monterey,053,433212,95351,95169,21298,116467,775
2022-11-26,Napa,055,140530,32856,32736,1423,34159,161
2022-11-26,Nevada,057,99092,19390,19310,1953,21263,132
2022-11-26,Orange,059,3164182,679022,676959,63218,740177,7565
2022-11-26,Placer,061,380077,77587,77331,9652,86983,665
2022-11-26,Plumas,063,18699,3738,3737,432,4169,13
2022-11-26,Riverside,065,2383286,706239,704180,35443,739623,6692
2022-11-26,Sacramento,067,1510023,354754,353538,34091,387629,3374
2022-11-26,San Benito,069,59416,16542,16474,986,17460,108
2022-11-26,San Bernardino,071,2135413,681756,679620,31084,710704,8133
2022-11-26,San Diego,073,3302833,938587,938583,73808,1012391,5562
2022-11-26,San Francisco,075,870044,184480,183671,12117,195788,1076
2022-11-26,San Joaquin,077,732212,201112,200474,14994,215468,2344
2022-11-26,San Luis Obispo,079,281455,64074,63962,7298,71260,530
2022-11-26,San Mateo,081,765935,173228,172573,10673,183246,748
2022-11-26,Santa Barbara,083,443738,107481,107184,6969,114153,735
2022-11-26,Santa Clara,085,1922200,443949,442182,18953,461135,2558
2022-11-26,Santa Cruz,087,273765,65038,64814,3469,68283,275
2022-11-26,Shasta,089,179085,35517,35452,7510,42962,596
2022-11-26,Sierra,091,2930,308,308,60,368,5
2022-11-26,Siskiyou,093,43540,5404,5385,3323,8708,95
2022-11-26,Solano,095,438530,107895,107446,7876,115322,469
2022-11-26,Sonoma,097,501317,108998,108690,5369,114059,530
2022-11-26,Stanislaus,099,539301,140082,139741,21794,161535,1785
2022-11-26,Sutter,101,95872,24788,24730,2471,27201,234
2022-11-26,Tehama,103,63373,13901,13857,3143,17000,216
2022-11-26,Trinity,105,12862,1428,1425,392,1817,21
2022-11-26,Tulare,107,460477,123344,123029,36784,159813,1545
2022-11-26,Tuolumne,109,53932,15939,15885,934,16819,206
2022-11-26,Ventura,111,848112,212309,211680,15862,227542,1591
2022-11-26,Yolo,113,214977,48324,48228,4612,52840,408
2022-11-26,Yuba,115,75493,19298,19233,1744,20977,132
2022-11-25,Alameda,001,1643700,357462,356253,19864,376117,2059
2022-11-25,Alpine,003,1148,138,138,1,139,0
2022-11-25,Amador,005,37829,10143,10132,928,11060,95
2022-11-25,Butte,007,227075,40320,40206,9160,49366,465
2022-11-25,Calaveras,009,45235,8670,8651,559,9210,135
2022-11-25,Colusa,011,21464,3845,3840,1304,5144,22
2022-11-25,Contra Costa,013,1133247,257060,256191,20778,276969,1483
2022-11-25,Del Norte,015,27424,7513,7502,406,7908,56
2022-11-25,El Dorado,017,186661,33180,33057,4313,37370,233
2022-11-25,Fresno,019,978130,279623,278793,31492,310285,2893
2022-11-25,Glenn,021,27897,5645,5625,1896,7521,58
2022-11-25,Humboldt,023,135768,22421,22351,5140,27491,160
2022-11-25,Imperial,025,180216,66957,66747,16705,83452,960
2022-11-25,Inyo,027,18085,4584,4557,1000,5557,60
2022-11-25,Kern,029,883053,222036,221639,65338,286977,2430
2022-11-25,Kings,031,150075,60600,60457,4134,64591,463
2022-11-25,Lake,033,64148,13072,13042,1211,14253,149
2022-11-25,Lassen,035,31185,10109,10091,992,11083,65
2022-11-25,Los Angeles,037,10098052,3344366,3332327,189999,3522326,33882
2022-11-25,Madera,039,155013,44634,44503,8278,52781,377
2022-11-25,Marin,041,260295,46449,46293,5373,51666,314
2022-11-25,Mariposa,043,17540,3171,3156,364,3520,32
2022-11-25,Mendocino,045,87422,16281,16255,4521,20776,136
2022-11-25,Merced,047,269075,73512,73259,11885,85144,876
2022-11-25,Modoc,049,8938,895,895,336,1231,11
2022-11-25,Mono,051,14174,3235,3233,267,3500,8
2022-11-25,Monterey,053,433212,95320,95169,21298,116467,775
2022-11-25,Napa,055,140530,32844,32736,1423,34159,161
2022-11-25,Nevada,057,99092,19388,19310,1953,21263,132
2022-11-25,Orange,059,3164182,678750,676959,63218,740177,7565
2022-11-25,Placer,061,380077,77563,77331,9652,86983,665
2022-11-25,Plumas,063,18699,3738,3737,432,4169,13
2022-11-25,Riverside,065,2383286,706042,704180,35443,739623,6692
2022-11-25,Sacramento,067,1510023,354594,353538,34091,387629,3374
2022-11-25,San Benito,069,59416,16518,16474,986,17460,108
2022-11-25,San Bernardino,071,2135413,681577,679620,31084,710704,8133
2022-11-25,San Diego,073,3302833,938587,938583,73808,1012391,5562
2022-11-25,San Francisco,075,870044,184388,183671,12117,195788,1076
2022-11-25,San Joaquin,077,732212,201054,200474,14994,215468,2344
2022-11-25,San Luis Obispo,079,281455,64063,63962,7298,71260,530
2022-11-25,San Mateo,081,765935,173094,172573,10673,183246,748
2022-11-25,Santa Barbara,083,443738,107443,107184,6969,114153,735
2022-11-25,Santa Clara,085,1922200,443664,442182,18953,461135,2558
2022-11-25,Santa Cruz,087,273765,65025,64814,3469,68283,275
2022-11-25,Shasta,089,179085,35517,35452,7510,42962,596
2022-11-25,Sierra,091,2930,308,308,60,368,5
2022-11-25,Siskiyou,093,43540,5402,5385,3323,8708,95
2022-11-25,Solano,095,438530,107819,107446,7876,115322,469
2022-11-25,Sonoma,097,501317,108961,108690,5369,114059,530
2022-11-25,Stanislaus,099,539301,140036,139741,21794,161535,1785
2022-11-25,Sutter,101,95872,24776,24730,2471,27201,234
2022-11-25,Tehama,103,63373,13900,13857,3143,17000,216
2022-11-25,Trinity,105,12862,1428,1425,392,1817,21
2022-11-25,Tulare,107,460477,123314,123029,36784,159813,1545
2022-11-25,Tuolumne,109,53932,15931,15885,934,16819,206
2022-11-25,Ventura,111,848112,212235,211680,15862,227542,1591
2022-11-25,Yolo,113,214977,48315,48228,4612,52840,408
2022-11-25,Yuba,115,75493,19291,19233,1744,20977,132
2022-11-24,Alameda,001,1643700,357243,356253,19864,376117,2059
2022-11-24,Alpine,003,1148,138,138,1,139,0
2022-11-24,Amador,005,37829,10140,10132,928,11060,95
2022-11-24,Butte,007,227075,40304,40206,9160,49366,465
2022-11-24,Calaveras,009,45235,8664,8651,559,9210,135
2022-11-24,Colusa,011,21464,3844,3840,1304,5144,22
2022-11-24,Contra Costa,013,1133247,256930,256191,20778,276969,1483
2022-11-24,Del Norte,015,27424,7513,7502,406,7908,56
2022-11-24,El Dorado,017,186661,33159,33057,4313,37370,233
2022-11-24,Fresno,019,978130,279498,278793,31492,310285,2893
2022-11-24,Glenn,021,27897,5644,5625,1896,7521,58
2022-11-24,Humboldt,023,135768,22412,22351,5140,27491,160
2022-11-24,Imperial,025,180216,66918,66747,16705,83452,960
2022-11-24,Inyo,027,18085,4582,4557,1000,5557,60
2022-11-24,Kern,029,883053,221987,221639,65338,286977,2430
2022-11-24,Kings,031,150075,60572,60457,4134,64591,463
2022-11-24,Lake,033,64148,13069,13042,1211,14253,149
2022-11-24,Lassen,035,31185,10105,10091,992,11083,65
2022-11-24,Los Angeles,037,10098052,3342407,3332327,189999,3522326,33882
2022-11-24,Madera,039,155013,44620,44503,8278,52781,377
2022-11-24,Marin,041,260295,46418,46293,5373,51666,314
2022-11-24,Mariposa,043,17540,3169,3156,364,3520,32
2022-11-24,Mendocino,045,87422,16276,16255,4521,20776,136
2022-11-24,Merced,047,269075,73476,73259,11885,85144,876
2022-11-24,Modoc,049,8938,895,895,336,1231,11
2022-11-24,Mono,051,14174,3235,3233,267,3500,8
2022-11-24,Monterey,053,433212,95297,95169,21298,116467,775
2022-11-24,Napa,055,140530,32830,32736,1423,34159,161
2022-11-24,Nevada,057,99092,19381,19310,1953,21263,132
2022-11-24,Orange,059,3164182,678393,676959,63218,740177,7565
2022-11-24,Placer,061,380077,77537,77331,9652,86983,665
2022-11-24,Plumas,063,18699,3738,3737,432,4169,13
2022-11-24,Riverside,065,2383286,705705,704180,35443,739623,6692
2022-11-24,Sacramento,067,1510023,354401,353538,34091,387629,3374
2022-11-24,San Benito,069,59416,16508,16474,986,17460,108
2022-11-24,San Bernardino,071,2135413,681255,679620,31084,710704,8133
2022-11-24,San Diego,073,3302833,938587,938583,73808,1012391,5562
2022-11-24,San Francisco,075,870044,184269,183671,12117,195788,1076
2022-11-24,San Joaquin,077,732212,200944,200474,14994,215468,2344
2022-11-24,San Luis Obispo,079,281455,64050,63962,7298,71260,530
2022-11-24,San Mateo,081,765935,172999,172573,10673,183246,748
2022-11-24,Santa Barbara,083,443738,107407,107184,6969,114153,735
2022-11-24,Santa Clara,085,1922200,443428,442182,18953,461135,2558
2022-11-24,Santa Cruz,087,273765,65006,64814,3469,68283,275
2022-11-24,Shasta,089,179085,35516,35452,7510,42962,596
2022-11-24,Sierra,091,2930,308,308,60,368,5
2022-11-24,Siskiyou,093,43540,5402,5385,3323,8708,95
2022-11-24,Solano,095,438530,107705,107446,7876,115322,469
2022-11-24,Sonoma,097,501317,108916,108690,5369,114059,530
2022-11-24,Stanislaus,099,539301,139983,139741,21794,161535,1785
2022-11-24,Sutter,101,95872,24770,24730,2471,27201,234
2022-11-24,Tehama,103,63373,13899,13857,3143,17000,216
2022-11-24,Trinity,105,12862,1428,1425,392,1817,21
2022-11-24,Tulare,107,460477,123282,123029,36784,159813,1545
2022-11-24,Tuolumne,109,53932,15925,15885,934,16819,206
2022-11-24,Ventura,111,848112,212146,211680,15862,227542,1591
2022-11-24,Yolo,113,214977,48304,48228,4612,52840,408
2022-11-24,Yuba,115,75493,19276,19233,1744,20977,132
2022-11-23,Alameda,001,1643700,357126,356253,19864,376117,2059
2022-11-23,Alpine,003,1148,138,138,1,139,0
2022-11-23,Amador,005,37829,10139,10132,928,11060,95
2022-11-23,Butte,007,227075,40293,40206,9160,49366,465
2022-11-23,Calaveras,009,45235,8663,8651,559,9210,135
2022-11-23,Colusa,011,21464,3844,3840,1304,5144,22
2022-11-23,Contra Costa,013,1133247,256842,256191,20778,276969,1483
2022-11-23,Del Norte,015,27424,7512,7502,406,7908,56
2022-11-23,El Dorado,017,186661,33153,33057,4313,37370,233
2022-11-23,Fresno,019,978130,279435,278793,31492,310285,2893
2022-11-23,Glenn,021,27897,5643,5625,1896,7521,58
2022-11-23,Humboldt,023,135768,22407,22351,5140,27491,160
2022-11-23,Imperial,025,180216,66883,66747,16705,83452,960
2022-11-23,Inyo,027,18085,4581,4557,1000,5557,60
2022-11-23,Kern,029,883053,221958,221639,65338,286977,2430
2022-11-23,Kings,031,150075,60564,60457,4134,64591,463
2022-11-23,Lake,033,64148,13064,13042,1211,14253,149
2022-11-23,Lassen,035,31185,10101,10091,992,11083,65
2022-11-23,Los Angeles,037,10098052,3341878,3332327,189999,3522326,33882
2022-11-23,Madera,039,155013,44620,44503,8278,52781,377
2022-11-23,Marin,041,260295,46399,46293,5373,51666,314
2022-11-23,Mariposa,043,17540,3169,3156,364,3520,32
2022-11-23,Mendocino,045,87422,16276,16255,4521,20776,136
2022-11-23,Merced,047,269075,73462,73259,11885,85144,876
2022-11-23,Modoc,049,8938,895,895,336,1231,11
2022-11-23,Mono,051,14174,3235,3233,267,3500,8
2022-11-23,Monterey,053,433212,95287,95169,21298,116467,775
2022-11-23,Napa,055,140530,32822,32736,1423,34159,161
2022-11-23,Nevada,057,99092,19376,19310,1953,21263,132
2022-11-23,Orange,059,3164182,678267,676959,63218,740177,7565
2022-11-23,Placer,061,380077,77512,77331,9652,86983,665
2022-11-23,Plumas,063,18699,3738,3737,432,4169,13
2022-11-23,Riverside,065,2383286,705613,704180,35443,739623,6692
2022-11-23,Sacramento,067,1510023,354309,353538,34091,387629,3374
2022-11-23,San Benito,069,59416,16505,16474,986,17460,108
2022-11-23,San Bernardino,071,2135413,681128,679620,31084,710704,8133
2022-11-23,San Diego,073,3302833,938587,938583,73808,1012391,5562
2022-11-23,San Francisco,075,870044,184212,183671,12117,195788,1076
2022-11-23,San Joaquin,077,732212,200893,200474,14994,215468,2344
2022-11-23,San Luis Obispo,079,281455,64047,63962,7298,71260,530
2022-11-23,San Mateo,081,765935,172970,172573,10673,183246,748
2022-11-23,Santa Barbara,083,443738,107384,107184,6969,114153,735
2022-11-23,Santa Clara,085,1922200,443310,442182,18953,461135,2558
2022-11-23,Santa Cruz,087,273765,64999,64814,3469,68283,275
2022-11-23,Shasta,089,179085,35510,35452,7510,42962,596
2022-11-23,Sierra,091,2930,308,308,60,368,5
2022-11-23,Siskiyou,093,43540,5399,5385,3323,8708,95
2022-11-23,Solano,095,438530,107691,107446,7876,115322,469
2022-11-23,Sonoma,097,501317,108895,108690,5369,114059,530
2022-11-23,Stanislaus,099,539301,139955,139741,21794,161535,1785
2022-11-23,Sutter,101,95872,24764,24730,2471,27201,234
2022-11-23,Tehama,103,63373,13895,13857,3143,17000,216
2022-11-23,Trinity,105,12862,1428,1425,392,1817,21
2022-11-23,Tulare,107,460477,123252,123029,36784,159813,1545
2022-11-23,Tuolumne,109,53932,15920,15885,934,16819,206
2022-11-23,Ventura,111,848112,212093,211680,15862,227542,1591
2022-11-23,Yolo,113,214977,48292,48228,4612,52840,408
2022-11-23,Yuba,115,75493,19271,19233,1744,20977,132
2022-11-22,Alameda,001,1643700,356831,356253,19864,376117,2059
2022-11-22,Alpine,003,1148,138,138,1,139,0
2022-11-22,Amador,005,37829,10137,10132,928,11060,95
2022-11-22,Butte,007,227075,40270,40206,9160,49366,465
2022-11-22,Calaveras,009,45235,8661,8651,559,9210,135
2022-11-22,Colusa,011,21464,3843,3840,1304,5144,22
2022-11-22,Contra Costa,013,1133247,256652,256191,20778,276969,1483
2022-11-22,Del Norte,015,27424,7507,7502,406,7908,56
2022-11-22,El Dorado,017,186661,33135,33057,4313,37370,233
2022-11-22,Fresno,019,978130,279265,278793,31492,310285,2893
2022-11-22,Glenn,021,27897,5641,5625,1896,7521,58
2022-11-22,Humboldt,023,135768,22389,22351,5140,27491,160
2022-11-22,Imperial,025,180216,66840,66747,16705,83452,960
2022-11-22,Inyo,027,18085,4578,4557,1000,5557,60
2022-11-22,Kern,029,883053,221888,221639,65338,286977,2430
2022-11-22,Kings,031,150075,60530,60457,4134,64591,463
2022-11-22,Lake,033,64148,13060,13042,1211,14253,149
2022-11-22,Lassen,035,31185,10094,10091,992,11083,65
2022-11-22,Los Angeles,037,10098052,3339563,3332327,189999,3522326,33882
2022-11-22,Madera,039,155013,44600,44503,8278,52781,377
2022-11-22,Marin,041,260295,46366,46293,5373,51666,314
2022-11-22,Mariposa,043,17540,3165,3156,364,3520,32
2022-11-22,Mendocino,045,87422,16271,16255,4521,20776,136
2022-11-22,Merced,047,269075,73429,73259,11885,85144,876
2022-11-22,Modoc,049,8938,895,895,336,1231,11
2022-11-22,Mono,051,14174,3234,3233,267,3500,8
2022-11-22,Monterey,053,433212,95273,95169,21298,116467,775
2022-11-22,Napa,055,140530,32793,32736,1423,34159,161
2022-11-22,Nevada,057,99092,19364,19310,1953,21263,132
2022-11-22,Orange,059,3164182,677872,676959,63218,740177,7565
2022-11-22,Placer,061,380077,77462,77331,9652,86983,665
2022-11-22,Plumas,063,18699,3736,3737,432,4169,13
2022-11-22,Riverside,065,2383286,705274,704180,35443,739623,6692
2022-11-22,Sacramento,067,1510023,354102,353538,34091,387629,3374
2022-11-22,San Benito,069,59416,16489,16474,986,17460,108
2022-11-22,San Bernardino,071,2135413,680782,679620,31084,710704,8133
2022-11-22,San Diego,073,3302833,938587,938583,73808,1012391,5562
2022-11-22,San Francisco,075,870044,184086,183671,12117,195788,1076
2022-11-22,San Joaquin,077,732212,200781,200474,14994,215468,2344
2022-11-22,San Luis Obispo,079,281455,64033,63962,7298,71260,530
2022-11-22,San Mateo,081,765935,172857,172573,10673,183246,748
2022-11-22,Santa Barbara,083,443738,107340,107184,6969,114153,735
2022-11-22,Santa Clara,085,1922200,442976,442182,18953,461135,2558
2022-11-22,Santa Cruz,087,273765,64958,64814,3469,68283,275
2022-11-22,Shasta,089,179085,35501,35452,7510,42962,596
2022-11-22,Sierra,091,2930,308,308,60,368,5
2022-11-22,Siskiyou,093,43540,5393,5385,3323,8708,95
2022-11-22,Solano,095,438530,107608,107446,7876,115322,469
2022-11-22,Sonoma,097,501317,108841,108690,5369,114059,530
2022-11-22,Stanislaus,099,539301,139893,139741,21794,161535,1785
2022-11-22,Sutter,101,95872,24751,24730,2471,27201,234
2022-11-22,Tehama,103,63373,13890,13857,3143,17000,216
2022-11-22,Trinity,105,12862,1427,1425,392,1817,21
2022-11-22,Tulare,107,460477,123199,123029,36784,159813,1545
2022-11-22,Tuolumne,109,53932,15912,15885,934,16819,206
2022-11-22,Ventura,111,848112,211999,211680,15862,227542,1591
2022-11-22,Yolo,113,214977,48270,48228,4612,52840,408
2022-11-22,Yuba,115,75493,19262,19233,1744,20977,132
2022-11-21,Alameda,001,1643700,356594,354457,19864,374321,2054
2022-11-21,Alpine,003,1148,138,136,1,137,0
2022-11-21,Amador,005,37829,10134,10108,928,11036,95
2022-11-21,Butte,007,227075,40241,40058,9160,49218,461
2022-11-21,Calaveras,009,45235,8656,8612,559,9171,135
2022-11-21,Colusa,011,21464,3842,3828,1304,5132,22
2022-11-21,Contra Costa,013,1133247,256497,254944,20778,275722,1479
2022-11-21,Del Norte,015,27424,7505,7492,406,7898,56
2022-11-21,El Dorado,017,186661,33113,32903,4313,37216,233
2022-11-21,Fresno,019,978130,279112,277735,31492,309227,2888
2022-11-21,Glenn,021,27897,5638,5591,1896,7487,50
2022-11-21,Humboldt,023,135768,22376,22254,5140,27394,160
2022-11-21,Imperial,025,180216,66789,66473,16705,83178,960
2022-11-21,Inyo,027,18085,4572,4530,1000,5530,60
2022-11-21,Kern,029,883053,221786,221145,65338,286483,2430
2022-11-21,Kings,031,150075,60500,60156,4134,64290,462
2022-11-21,Lake,033,64148,13052,12978,1211,14189,149
2022-11-21,Lassen,035,31185,10090,10043,992,11035,65
2022-11-21,Los Angeles,037,10098052,3337179,3320411,189999,3510410,33830
2022-11-21,Madera,039,155013,44583,44373,8278,52651,375
2022-11-21,Marin,041,260295,46323,46115,5373,51488,314
2022-11-21,Mariposa,043,17540,3162,3138,364,3502,32
2022-11-21,Mendocino,045,87422,16264,16205,4521,20726,136
2022-11-21,Merced,047,269075,73399,73022,11885,84907,875
2022-11-21,Modoc,049,8938,895,889,336,1225,11
2022-11-21,Mono,051,14174,3234,3226,267,3493,8
2022-11-21,Monterey,053,433212,95239,94949,21298,116247,773
2022-11-21,Napa,055,140530,32775,32610,1423,34033,161
2022-11-21,Nevada,057,99092,19349,19238,1953,21191,132
2022-11-21,Orange,059,3164182,677407,674980,63218,738198,7553
2022-11-21,Placer,061,380077,77415,76976,9652,86628,662
2022-11-21,Plumas,063,18699,3736,3729,432,4161,13
2022-11-21,Riverside,065,2383286,704892,702343,35443,737786,6686
2022-11-21,Sacramento,067,1510023,353824,352117,34091,386208,3362
2022-11-21,San Benito,069,59416,16477,16410,986,17396,108
2022-11-21,San Bernardino,071,2135413,680346,677641,31084,708725,8131
2022-11-21,San Diego,073,3302833,938587,935811,73808,1009619,5557
2022-11-21,San Francisco,075,870044,183916,182855,12117,194972,1074
2022-11-21,San Joaquin,077,732212,200666,199682,14994,214676,2341
2022-11-21,San Luis Obispo,079,281455,64009,63812,7298,71110,530
2022-11-21,San Mateo,081,765935,172744,171862,10673,182535,748
2022-11-21,Santa Barbara,083,443738,107270,106885,6969,113854,733
2022-11-21,Santa Clara,085,1922200,442608,440104,18953,459057,2541
2022-11-21,Santa Cruz,087,273765,64916,64515,3469,67984,276
2022-11-21,Shasta,089,179085,35493,35346,7510,42856,595
2022-11-21,Sierra,091,2930,308,308,60,368,5
2022-11-21,Siskiyou,093,43540,5389,5364,3323,8687,95
2022-11-21,Solano,095,438530,107509,106903,7876,114779,469
2022-11-21,Sonoma,097,501317,108766,108386,5369,113755,527
2022-11-21,Stanislaus,099,539301,139827,139293,21794,161087,1785
2022-11-21,Sutter,101,95872,24737,24642,2471,27113,234
2022-11-21,Tehama,103,63373,13879,13784,3143,16927,216
2022-11-21,Trinity,105,12862,1426,1422,392,1814,20
2022-11-21,Tulare,107,460477,123124,122707,36784,159491,1545
2022-11-21,Tuolumne,109,53932,15910,15805,934,16739,209
2022-11-21,Ventura,111,848112,211874,210938,15862,226800,1586
2022-11-21,Yolo,113,214977,48246,48092,4612,52704,355
2022-11-21,Yuba,115,75493,19243,19157,1744,20901,132
2022-11-20,Alameda,001,1643700,356280,354457,19864,374321,2054
2022-11-20,Alpine,003,1148,138,136,1,137,0
2022-11-20,Amador,005,37829,10131,10108,928,11036,95
2022-11-20,Butte,007,227075,40212,40058,9160,49218,461
2022-11-20,Calaveras,009,45235,8646,8612,559,9171,135
2022-11-20,Colusa,011,21464,3840,3828,1304,5132,22
2022-11-20,Contra Costa,013,1133247,256310,254944,20778,275722,1479
2022-11-20,Del Norte,015,27424,7499,7492,406,7898,56
2022-11-20,El Dorado,017,186661,33060,32903,4313,37216,233
2022-11-20,Fresno,019,978130,278910,277735,31492,309227,2888
2022-11-20,Glenn,021,27897,5631,5591,1896,7487,50
2022-11-20,Humboldt,023,135768,22361,22254,5140,27394,160
2022-11-20,Imperial,025,180216,66725,66473,16705,83178,960
2022-11-20,Inyo,027,18085,4565,4530,1000,5530,60
2022-11-20,Kern,029,883053,221686,221145,65331,286476,2430
2022-11-20,Kings,031,150075,60456,60156,4134,64290,462
2022-11-20,Lake,033,64148,13044,12978,1211,14189,149
2022-11-20,Lassen,035,31185,10089,10043,992,11035,65
2022-11-20,Los Angeles,037,10098052,3334783,3320411,189981,3510392,33830
2022-11-20,Madera,039,155013,44567,44373,8278,52651,375
2022-11-20,Marin,041,260295,46298,46115,5373,51488,314
2022-11-20,Mariposa,043,17540,3159,3138,364,3502,32
2022-11-20,Mendocino,045,87422,16256,16205,4521,20726,136
2022-11-20,Merced,047,269075,73324,73022,11885,84907,875
2022-11-20,Modoc,049,8938,894,889,336,1225,11
2022-11-20,Mono,051,14174,3232,3226,267,3493,8
2022-11-20,Monterey,053,433212,95206,94949,21296,116245,773
2022-11-20,Napa,055,140530,32751,32610,1423,34033,161
2022-11-20,Nevada,057,99092,19325,19238,1938,21176,132
2022-11-20,Orange,059,3164182,676958,674980,63211,738191,7553
2022-11-20,Placer,061,380077,77359,76976,9652,86628,662
2022-11-20,Plumas,063,18699,3735,3729,432,4161,13
2022-11-20,Riverside,065,2383286,704513,702343,35443,737786,6686
2022-11-20,Sacramento,067,1510023,353553,352117,34091,386208,3362
2022-11-20,San Benito,069,59416,16459,16410,985,17395,108
2022-11-20,San Bernardino,071,2135413,679886,677641,31084,708725,8131
2022-11-20,San Diego,073,3302833,938587,935811,73808,1009619,5557
2022-11-20,San Francisco,075,870044,183714,182855,12117,194972,1074
2022-11-20,San Joaquin,077,732212,200544,199682,14990,214672,2341
2022-11-20,San Luis Obispo,079,281455,63983,63812,7298,71110,530
2022-11-20,San Mateo,081,765935,172606,171862,10673,182535,748
2022-11-20,Santa Barbara,083,443738,107211,106885,6969,113854,733
2022-11-20,Santa Clara,085,1922200,442243,440104,18953,459057,2541
2022-11-20,Santa Cruz,087,273765,64844,64515,3469,67984,276
2022-11-20,Shasta,089,179085,35477,35346,7510,42856,595
2022-11-20,Sierra,091,2930,308,308,60,368,5
2022-11-20,Siskiyou,093,43540,5388,5364,3323,8687,95
2022-11-20,Solano,095,438530,107400,106903,7876,114779,469
2022-11-20,Sonoma,097,501317,108712,108386,5369,113755,527
2022-11-20,Stanislaus,099,539301,139748,139293,21782,161075,1785
2022-11-20,Sutter,101,95872,24725,24642,2471,27113,234
2022-11-20,Tehama,103,63373,13873,13784,3142,16926,216
2022-11-20,Trinity,105,12862,1426,1422,392,1814,20
2022-11-20,Tulare,107,460477,123058,122707,36780,159487,1545
2022-11-20,Tuolumne,109,53932,15905,15805,934,16739,209
2022-11-20,Ventura,111,848112,211757,210938,15862,226800,1586
2022-11-20,Yolo,113,214977,48219,48092,4608,52700,355
2022-11-20,Yuba,115,75493,19238,19157,1744,20901,132
2022-11-19,Alameda,001,1643700,356118,354457,19864,374321,2054
2022-11-19,Alpine,003,1148,138,136,1,137,0
2022-11-19,Amador,005,37829,10128,10108,928,11036,95
2022-11-19,Butte,007,227075,40202,40058,9159,49217,461
2022-11-19,Calaveras,009,45235,8645,8612,559,9171,135
2022-11-19,Colusa,011,21464,3838,3828,1304,5132,22
2022-11-19,Contra Costa,013,1133247,256217,254944,20778,275722,1479
2022-11-19,Del Norte,015,27424,7498,7492,406,7898,56
2022-11-19,El Dorado,017,186661,33039,32903,4313,37216,233
2022-11-19,Fresno,019,978130,278812,277735,31492,309227,2888
2022-11-19,Glenn,021,27897,5631,5591,1896,7487,50
2022-11-19,Humboldt,023,135768,22347,22254,5140,27394,160
2022-11-19,Imperial,025,180216,66705,66473,16705,83178,960
2022-11-19,Inyo,027,18085,4563,4530,1000,5530,60
2022-11-19,Kern,029,883053,221657,221145,65323,286468,2430
2022-11-19,Kings,031,150075,60435,60156,4134,64290,462
2022-11-19,Lake,033,64148,13039,12978,1211,14189,149
2022-11-19,Lassen,035,31185,10088,10043,992,11035,65
2022-11-19,Los Angeles,037,10098052,3333630,3320411,189868,3510279,33830
2022-11-19,Madera,039,155013,44552,44373,8278,52651,375
2022-11-19,Marin,041,260295,46279,46115,5373,51488,314
2022-11-19,Mariposa,043,17540,3159,3138,364,3502,32
2022-11-19,Mendocino,045,87422,16253,16205,4521,20726,136
2022-11-19,Merced,047,269075,73301,73022,11885,84907,875
2022-11-19,Modoc,049,8938,894,889,336,1225,11
2022-11-19,Mono,051,14174,3232,3226,267,3493,8
2022-11-19,Monterey,053,433212,95183,94949,21296,116245,773
2022-11-19,Napa,055,140530,32738,32610,1423,34033,161
2022-11-19,Nevada,057,99092,19318,19238,1938,21176,132
2022-11-19,Orange,059,3164182,676751,674980,63211,738191,7553
2022-11-19,Placer,061,380077,77309,76976,9649,86625,662
2022-11-19,Plumas,063,18699,3735,3729,432,4161,13
2022-11-19,Riverside,065,2383286,704311,702343,35443,737786,6686
2022-11-19,Sacramento,067,1510023,353441,352117,34091,386208,3362
2022-11-19,San Benito,069,59416,16445,16410,985,17395,108
2022-11-19,San Bernardino,071,2135413,679659,677641,31084,708725,8131
2022-11-19,San Diego,073,3302833,938525,935811,73799,1009610,5557
2022-11-19,San Francisco,075,870044,183625,182855,12117,194972,1074
2022-11-19,San Joaquin,077,732212,200457,199682,14988,214670,2341
2022-11-19,San Luis Obispo,079,281455,63969,63812,7297,71109,530
2022-11-19,San Mateo,081,765935,172538,171862,10673,182535,748
2022-11-19,Santa Barbara,083,443738,107179,106885,6969,113854,733
2022-11-19,Santa Clara,085,1922200,442038,440104,18953,459057,2541
2022-11-19,Santa Cruz,087,273765,64828,64515,3469,67984,276
2022-11-19,Shasta,089,179085,35471,35346,7510,42856,595
2022-11-19,Sierra,091,2930,308,308,60,368,5
2022-11-19,Siskiyou,093,43540,5382,5364,3323,8687,95
2022-11-19,Solano,095,438530,107371,106903,7876,114779,469
2022-11-19,Sonoma,097,501317,108688,108386,5369,113755,527
2022-11-19,Stanislaus,099,539301,139693,139293,21781,161074,1785
2022-11-19,Sutter,101,95872,24716,24642,2471,27113,234
2022-11-19,Tehama,103,63373,13869,13784,3142,16926,216
2022-11-19,Trinity,105,12862,1426,1422,392,1814,20
2022-11-19,Tulare,107,460477,123023,122707,36780,159487,1545
2022-11-19,Tuolumne,109,53932,15890,15805,934,16739,209
2022-11-19,Ventura,111,848112,211688,210938,15862,226800,1586
2022-11-19,Yolo,113,214977,48204,48092,4608,52700,355
2022-11-19,Yuba,115,75493,19232,19157,1744,20901,132
2022-11-18,Alameda,001,1643700,355947,354457,19864,374321,2054
2022-11-18,Alpine,003,1148,138,136,1,137,0
2022-11-18,Amador,005,37829,10126,10108,928,11036,95
2022-11-18,Butte,007,227075,40190,40058,9156,49214,461
2022-11-18,Calaveras,009,45235,8640,8612,559,9171,135
2022-11-18,Colusa,011,21464,3836,3828,1304,5132,22
2022-11-18,Contra Costa,013,1133247,256103,254944,20778,275722,1479
2022-11-18,Del Norte,015,27424,7496,7492,406,7898,56
2022-11-18,El Dorado,017,186661,33029,32903,4313,37216,233
2022-11-18,Fresno,019,978130,278715,277735,31492,309227,2888
2022-11-18,Glenn,021,27897,5630,5591,1896,7487,50
2022-11-18,Humboldt,023,135768,22334,22254,5140,27394,160
2022-11-18,Imperial,025,180216,66688,66473,16705,83178,960
2022-11-18,Inyo,027,18085,4561,4530,1000,5530,60
2022-11-18,Kern,029,883053,221630,221145,65295,286440,2430
2022-11-18,Kings,031,150075,60415,60156,4134,64290,462
2022-11-18,Lake,033,64148,13035,12978,1211,14189,149
2022-11-18,Lassen,035,31185,10088,10043,992,11035,65
2022-11-18,Los Angeles,037,10098052,3332440,3320411,189722,3510133,33830
2022-11-18,Madera,039,155013,44530,44373,8278,52651,375
2022-11-18,Marin,041,260295,46264,46115,5373,51488,314
2022-11-18,Mariposa,043,17540,3153,3138,364,3502,32
2022-11-18,Mendocino,045,87422,16251,16205,4521,20726,136
2022-11-18,Merced,047,269075,73282,73022,11885,84907,875
2022-11-18,Modoc,049,8938,894,889,336,1225,11
2022-11-18,Mono,051,14174,3232,3226,267,3493,8
2022-11-18,Monterey,053,433212,95159,94949,21296,116245,773
2022-11-18,Napa,055,140530,32727,32610,1423,34033,161
2022-11-18,Nevada,057,99092,19313,19238,1938,21176,132
2022-11-18,Orange,059,3164182,676551,674980,63211,738191,7553
2022-11-18,Placer,061,380077,77274,76976,9649,86625,662
2022-11-18,Plumas,063,18699,3734,3729,432,4161,13
2022-11-18,Riverside,065,2383286,704115,702343,35443,737786,6686
2022-11-18,Sacramento,067,1510023,353286,352117,34091,386208,3362
2022-11-18,San Benito,069,59416,16443,16410,985,17395,108
2022-11-18,San Bernardino,071,2135413,679447,677641,31084,708725,8131
2022-11-18,San Diego,073,3302833,938251,935811,73765,1009576,5557
2022-11-18,San Francisco,075,870044,183525,182855,12117,194972,1074
2022-11-18,San Joaquin,077,732212,200384,199682,14986,214668,2341
2022-11-18,San Luis Obispo,079,281455,63955,63812,7296,71108,530
2022-11-18,San Mateo,081,765935,172465,171862,10673,182535,748
2022-11-18,Santa Barbara,083,443738,107154,106885,6969,113854,733
2022-11-18,Santa Clara,085,1922200,441816,440104,18953,459057,2541
2022-11-18,Santa Cruz,087,273765,64805,64515,3469,67984,276
2022-11-18,Shasta,089,179085,35462,35346,7510,42856,595
2022-11-18,Sierra,091,2930,308,308,60,368,5
2022-11-18,Siskiyou,093,43540,5380,5364,3323,8687,95
2022-11-18,Solano,095,438530,107316,106903,7876,114779,469
2022-11-18,Sonoma,097,501317,108654,108386,5368,113754,527
2022-11-18,Stanislaus,099,539301,139646,139293,21781,161074,1785
2022-11-18,Sutter,101,95872,24709,24642,2471,27113,234
2022-11-18,Tehama,103,63373,13866,13784,3142,16926,216
2022-11-18,Trinity,105,12862,1426,1422,392,1814,20
2022-11-18,Tulare,107,460477,122985,122707,36777,159484,1545
2022-11-18,Tuolumne,109,53932,15878,15805,934,16739,209
2022-11-18,Ventura,111,848112,211614,210938,15862,226800,1586
2022-11-18,Yolo,113,214977,48189,48092,4608,52700,355
2022-11-18,Yuba,115,75493,19221,19157,1744,20901,132
2022-11-17,Alameda,001,1643700,355700,354457,19864,374321,2054
2022-11-17,Alpine,003,1148,137,136,1,137,0
2022-11-17,Amador,005,37829,10125,10108,928,11036,95
2022-11-17,Butte,007,227075,40169,40058,9156,49214,461
2022-11-17,Calaveras,009,45235,8637,8612,559,9171,135
2022-11-17,Colusa,011,21464,3836,3828,1304,5132,22
2022-11-17,Contra Costa,013,1133247,255958,254944,20778,275722,1479
2022-11-17,Del Norte,015,27424,7493,7492,406,7898,56
2022-11-17,El Dorado,017,186661,32999,32903,4313,37216,233
2022-11-17,Fresno,019,978130,278562,277735,31492,309227,2888
2022-11-17,Glenn,021,27897,5625,5591,1896,7487,50
2022-11-17,Humboldt,023,135768,22327,22254,5137,27391,160
2022-11-17,Imperial,025,180216,66640,66473,16702,83175,960
2022-11-17,Inyo,027,18085,4554,4530,1000,5530,60
2022-11-17,Kern,029,883053,221560,221145,65276,286421,2430
2022-11-17,Kings,031,150075,60379,60156,4131,64287,462
2022-11-17,Lake,033,64148,13030,12978,1211,14189,149
2022-11-17,Lassen,035,31185,10081,10043,992,11035,65
2022-11-17,Los Angeles,037,10098052,3330701,3320411,189540,3509951,33830
2022-11-17,Madera,039,155013,44474,44373,8278,52651,375
2022-11-17,Marin,041,260295,46238,46115,5373,51488,314
2022-11-17,Mariposa,043,17540,3148,3138,364,3502,32
2022-11-17,Mendocino,045,87422,16246,16205,4521,20726,136
2022-11-17,Merced,047,269075,73245,73022,11885,84907,875
2022-11-17,Modoc,049,8938,892,889,336,1225,11
2022-11-17,Mono,051,14174,3231,3226,266,3492,8
2022-11-17,Monterey,053,433212,95132,94949,21295,116244,773
2022-11-17,Napa,055,140530,32703,32610,1422,34032,161
2022-11-17,Nevada,057,99092,19301,19238,1938,21176,132
2022-11-17,Orange,059,3164182,676243,674980,63196,738176,7553
2022-11-17,Placer,061,380077,77228,76976,9648,86624,662
2022-11-17,Plumas,063,18699,3730,3729,432,4161,13
2022-11-17,Riverside,065,2383286,703828,702343,35434,737777,6686
2022-11-17,Sacramento,067,1510023,353073,352117,34091,386208,3362
2022-11-17,San Benito,069,59416,16435,16410,985,17395,108
2022-11-17,San Bernardino,071,2135413,679144,677641,31084,708725,8131
2022-11-17,San Diego,073,3302833,937882,935811,73721,1009532,5557
2022-11-17,San Francisco,075,870044,183403,182855,12115,194970,1074
2022-11-17,San Joaquin,077,732212,200264,199682,14983,214665,2341
2022-11-17,San Luis Obispo,079,281455,63937,63812,7295,71107,530
2022-11-17,San Mateo,081,765935,172326,171862,10673,182535,748
2022-11-17,Santa Barbara,083,443738,107115,106885,6969,113854,733
2022-11-17,Santa Clara,085,1922200,441485,440104,18953,459057,2541
2022-11-17,Santa Cruz,087,273765,64771,64515,3468,67983,276
2022-11-17,Shasta,089,179085,35453,35346,7510,42856,595
2022-11-17,Sierra,091,2930,308,308,60,368,5
2022-11-17,Siskiyou,093,43540,5379,5364,3323,8687,95
2022-11-17,Solano,095,438530,107250,106903,7876,114779,469
2022-11-17,Sonoma,097,501317,108608,108386,5368,113754,527
2022-11-17,Stanislaus,099,539301,139583,139293,21776,161069,1785
2022-11-17,Sutter,101,95872,24699,24642,2471,27113,234
2022-11-17,Tehama,103,63373,13854,13784,3141,16925,216
2022-11-17,Trinity,105,12862,1424,1422,392,1814,20
2022-11-17,Tulare,107,460477,122920,122707,36773,159480,1545
2022-11-17,Tuolumne,109,53932,15865,15805,934,16739,209
2022-11-17,Ventura,111,848112,211517,210938,15862,226800,1586
2022-11-17,Yolo,113,214977,48178,48092,4608,52700,355
2022-11-17,Yuba,115,75493,19206,19157,1743,20900,132
2022-11-16,Alameda,001,1643700,355472,354457,19864,374321,2054
2022-11-16,Alpine,003,1148,137,136,1,137,0
2022-11-16,Amador,005,37829,10119,10108,928,11036,95
2022-11-16,Butte,007,227075,40146,40058,9152,49210,461
2022-11-16,Calaveras,009,45235,8630,8612,559,9171,135
2022-11-16,Colusa,011,21464,3834,3828,1303,5131,22
2022-11-16,Contra Costa,013,1133247,255829,254944,20778,275722,1479
2022-11-16,Del Norte,015,27424,7493,7492,406,7898,56
2022-11-16,El Dorado,017,186661,32978,32903,4313,37216,233
2022-11-16,Fresno,019,978130,278409,277735,31492,309227,2888
2022-11-16,Glenn,021,27897,5622,5591,1896,7487,50
2022-11-16,Humboldt,023,135768,22310,22254,5137,27391,160
2022-11-16,Imperial,025,180216,66603,66473,16671,83144,960
2022-11-16,Inyo,027,18085,4549,4530,1000,5530,60
2022-11-16,Kern,029,883053,221481,221145,65246,286391,2430
2022-11-16,Kings,031,150075,60320,60156,4129,64285,462
2022-11-16,Lake,033,64148,13016,12978,1211,14189,149
2022-11-16,Lassen,035,31185,10077,10043,992,11035,65
2022-11-16,Los Angeles,037,10098052,3329029,3320411,189307,3509718,33830
2022-11-16,Madera,039,155013,44454,44373,8278,52651,375
2022-11-16,Marin,041,260295,46212,46115,5371,51486,314
2022-11-16,Mariposa,043,17540,3148,3138,364,3502,32
2022-11-16,Mendocino,045,87422,16243,16205,4521,20726,136
2022-11-16,Merced,047,269075,73198,73022,11885,84907,875
2022-11-16,Modoc,049,8938,891,889,336,1225,11
2022-11-16,Mono,051,14174,3231,3226,266,3492,8
2022-11-16,Monterey,053,433212,95094,94949,21292,116241,773
2022-11-16,Napa,055,140530,32673,32610,1420,34030,161
2022-11-16,Nevada,057,99092,19291,19238,1937,21175,132
2022-11-16,Orange,059,3164182,675937,674980,63190,738170,7553
2022-11-16,Placer,061,380077,77169,76976,9648,86624,662
2022-11-16,Plumas,063,18699,3730,3729,432,4161,13
2022-11-16,Riverside,065,2383286,703527,702343,35433,737776,6686
2022-11-16,Sacramento,067,1510023,352826,352117,34091,386208,3362
2022-11-16,San Benito,069,59416,16426,16410,985,17395,108
2022-11-16,San Bernardino,071,2135413,678856,677641,31083,708724,8131
2022-11-16,San Diego,073,3302833,937483,935811,73677,1009488,5557
2022-11-16,San Francisco,075,870044,183276,182855,12115,194970,1074
2022-11-16,San Joaquin,077,732212,200143,199682,14979,214661,2341
2022-11-16,San Luis Obispo,079,281455,63918,63812,7294,71106,530
2022-11-16,San Mateo,081,765935,172216,171862,10673,182535,748
2022-11-16,Santa Barbara,083,443738,107064,106885,6964,113849,733
2022-11-16,Santa Clara,085,1922200,441154,440104,18953,459057,2541
2022-11-16,Santa Cruz,087,273765,64731,64515,3468,67983,276
2022-11-16,Shasta,089,179085,35445,35346,7510,42856,595
2022-11-16,Sierra,091,2930,308,308,60,368,5
2022-11-16,Siskiyou,093,43540,5376,5364,3323,8687,95
2022-11-16,Solano,095,438530,107179,106903,7876,114779,469
2022-11-16,Sonoma,097,501317,108556,108386,5366,113752,527
2022-11-16,Stanislaus,099,539301,139525,139293,21771,161064,1785
2022-11-16,Sutter,101,95872,24684,24642,2471,27113,234
2022-11-16,Tehama,103,63373,13844,13784,3140,16924,216
2022-11-16,Trinity,105,12862,1423,1422,392,1814,20
2022-11-16,Tulare,107,460477,122862,122707,36768,159475,1545
2022-11-16,Tuolumne,109,53932,15854,15805,934,16739,209
2022-11-16,Ventura,111,848112,211403,210938,15861,226799,1586
2022-11-16,Yolo,113,214977,48155,48092,4606,52698,355
2022-11-16,Yuba,115,75493,19193,19157,1743,20900,132
2022-11-15,Alameda,001,1643700,355252,354457,19864,374321,2054
2022-11-15,Alpine,003,1148,137,136,1,137,0
2022-11-15,Amador,005,37829,10115,10108,928,11036,95
2022-11-15,Butte,007,227075,40128,40058,9152,49210,461
2022-11-15,Calaveras,009,45235,8626,8612,559,9171,135
2022-11-15,Colusa,011,21464,3833,3828,1303,5131,22
2022-11-15,Contra Costa,013,1133247,255683,254944,20778,275722,1479
2022-11-15,Del Norte,015,27424,7491,7492,406,7898,56
2022-11-15,El Dorado,017,186661,32955,32903,4312,37215,233
2022-11-15,Fresno,019,978130,278244,277735,31492,309227,2888
2022-11-15,Glenn,021,27897,5618,5591,1895,7486,50
2022-11-15,Humboldt,023,135768,22297,22254,5137,27391,160
2022-11-15,Imperial,025,180216,66568,66473,16644,83117,960
2022-11-15,Inyo,027,18085,4546,4530,1000,5530,60
2022-11-15,Kern,029,883053,221401,221145,65213,286358,2430
2022-11-15,Kings,031,150075,60283,60156,4128,64284,462
2022-11-15,Lake,033,64148,13009,12978,1211,14189,149
2022-11-15,Lassen,035,31185,10070,10043,992,11035,65
2022-11-15,Los Angeles,037,10098052,3327319,3320411,189071,3509482,33830
2022-11-15,Madera,039,155013,44436,44373,8278,52651,375
2022-11-15,Marin,041,260295,46190,46115,5369,51484,314
2022-11-15,Mariposa,043,17540,3147,3138,364,3502,32
2022-11-15,Mendocino,045,87422,16238,16205,4521,20726,136
2022-11-15,Merced,047,269075,73170,73022,11885,84907,875
2022-11-15,Modoc,049,8938,890,889,336,1225,11
2022-11-15,Mono,051,14174,3230,3226,266,3492,8
2022-11-15,Monterey,053,433212,95068,94949,21287,116236,773
2022-11-15,Napa,055,140530,32650,32610,1420,34030,161
2022-11-15,Nevada,057,99092,19280,19238,1937,21175,132
2022-11-15,Orange,059,3164182,675610,674980,63175,738155,7553
2022-11-15,Placer,061,380077,77123,76976,9647,86623,662
2022-11-15,Plumas,063,18699,3729,3729,432,4161,13
2022-11-15,Riverside,065,2383286,703213,702343,35427,737770,6686
2022-11-15,Sacramento,067,1510023,352581,352117,34090,386207,3362
2022-11-15,San Benito,069,59416,16423,16410,985,17395,108
2022-11-15,San Bernardino,071,2135413,678592,677641,31083,708724,8131
2022-11-15,San Diego,073,3302833,937033,935811,73634,1009445,5557
2022-11-15,San Francisco,075,870044,183151,182855,12115,194970,1074
2022-11-15,San Joaquin,077,732212,200030,199682,14975,214657,2341
2022-11-15,San Luis Obispo,079,281455,63888,63812,7294,71106,530
2022-11-15,San Mateo,081,765935,172101,171862,10673,182535,748
2022-11-15,Santa Barbara,083,443738,107022,106885,6963,113848,733
2022-11-15,Santa Clara,085,1922200,440846,440104,18953,459057,2541
2022-11-15,Santa Cruz,087,273765,64693,64515,3468,67983,276
2022-11-15,Shasta,089,179085,35434,35346,7510,42856,595
2022-11-15,Sierra,091,2930,308,308,60,368,5
2022-11-15,Siskiyou,093,43540,5372,5364,3323,8687,95
2022-11-15,Solano,095,438530,107097,106903,7876,114779,469
2022-11-15,Sonoma,097,501317,108511,108386,5365,113751,527
2022-11-15,Stanislaus,099,539301,139459,139293,21744,161037,1785
2022-11-15,Sutter,101,95872,24675,24642,2471,27113,234
2022-11-15,Tehama,103,63373,13830,13784,3137,16921,216
2022-11-15,Trinity,105,12862,1423,1422,392,1814,20
2022-11-15,Tulare,107,460477,122795,122707,36763,159470,1545
2022-11-15,Tuolumne,109,53932,15850,15805,934,16739,209
2022-11-15,Ventura,111,848112,211300,210938,15861,226799,1586
2022-11-15,Yolo,113,214977,48132,48092,4606,52698,355
2022-11-15,Yuba,115,75493,19183,19157,1743,20900,132
2022-11-14,Alameda,001,1643700,354985,352725,19864,372589,2050
2022-11-14,Alpine,003,1148,137,136,1,137,0
2022-11-14,Amador,005,37829,10115,10080,928,11008,95
2022-11-14,Butte,007,227075,40105,39935,9150,49085,461
2022-11-14,Calaveras,009,45235,8620,8590,559,9149,135
2022-11-14,Colusa,011,21464,3833,3822,1302,5124,22
2022-11-14,Contra Costa,013,1133247,255537,253870,20778,274648,1469
2022-11-14,Del Norte,015,27424,7490,7472,406,7878,56
2022-11-14,El Dorado,017,186661,32935,32713,4312,37025,232
2022-11-14,Fresno,019,978130,278104,276921,31492,308413,2887
2022-11-14,Glenn,021,27897,5616,5570,1895,7465,48
2022-11-14,Humboldt,023,135768,22282,22176,5136,27312,160
2022-11-14,Imperial,025,180216,66522,66182,16618,82800,960
2022-11-14,Inyo,027,18085,4544,4520,999,5519,60
2022-11-14,Kern,029,883053,221330,220676,65177,285853,2430
2022-11-14,Kings,031,150075,60209,59955,4125,64080,461
2022-11-14,Lake,033,64148,13002,12931,1211,14142,149
2022-11-14,Lassen,035,31185,10056,10019,992,11011,65
2022-11-14,Los Angeles,037,10098052,3325634,3311644,188802,3500446,33784
2022-11-14,Madera,039,155013,44420,44281,8278,52559,375
2022-11-14,Marin,041,260295,46162,45924,5369,51293,314
2022-11-14,Mariposa,043,17540,3147,3124,364,3488,32
2022-11-14,Mendocino,045,87422,16229,16164,4521,20685,136
2022-11-14,Merced,047,269075,73143,72817,11884,84701,870
2022-11-14,Modoc,049,8938,890,887,329,1216,11
2022-11-14,Mono,051,14174,3230,3218,266,3484,8
2022-11-14,Monterey,053,433212,95036,94708,21279,115987,772
2022-11-14,Napa,055,140530,32631,32510,1419,33929,162
2022-11-14,Nevada,057,99092,19273,19171,1937,21108,132
2022-11-14,Orange,059,3164182,675339,673328,63163,736491,7546
2022-11-14,Placer,061,380077,77066,76490,9645,86135,662
2022-11-14,Plumas,063,18699,3729,3723,432,4155,13
2022-11-14,Riverside,065,2383286,702895,700602,35419,736021,6660
2022-11-14,Sacramento,067,1510023,352337,350522,34088,384610,3358
2022-11-14,San Benito,069,59416,16414,16350,985,17335,108
2022-11-14,San Bernardino,071,2135413,678230,676086,31077,707163,8126
2022-11-14,San Diego,073,3302833,936475,933599,73583,1007182,5538
2022-11-14,San Francisco,075,870044,183005,181964,12114,194078,1072
2022-11-14,San Joaquin,077,732212,199916,199089,14968,214057,2340
2022-11-14,San Luis Obispo,079,281455,63859,63683,7293,70976,525
2022-11-14,San Mateo,081,765935,171963,171191,10673,181864,748
2022-11-14,Santa Barbara,083,443738,106964,106642,6963,113605,733
2022-11-14,Santa Clara,085,1922200,440521,438278,18953,457231,2535
2022-11-14,Santa Cruz,087,273765,64638,64221,3468,67689,274
2022-11-14,Shasta,089,179085,35413,35246,7510,42756,594
2022-11-14,Sierra,091,2930,308,309,60,369,5
2022-11-14,Siskiyou,093,43540,5369,5337,3323,8660,94
2022-11-14,Solano,095,438530,107027,106391,7876,114267,468
2022-11-14,Sonoma,097,501317,108458,108080,5365,113445,525
2022-11-14,Stanislaus,099,539301,139408,138963,21743,160706,1785
2022-11-14,Sutter,101,95872,24653,24537,2471,27008,235
2022-11-14,Tehama,103,63373,13817,13745,3137,16882,216
2022-11-14,Trinity,105,12862,1423,1414,392,1806,20
2022-11-14,Tulare,107,460477,122717,122447,36758,159205,1544
2022-11-14,Tuolumne,109,53932,15834,15727,934,16661,201
2022-11-14,Ventura,111,848112,211199,210439,15861,226300,1585
2022-11-14,Yolo,113,214977,48118,47953,4605,52558,354
2022-11-14,Yuba,115,75493,19174,19098,1743,20841,132
2022-11-13,Alameda,001,1643700,354680,352725,19864,372589,2050
2022-11-13,Alpine,003,1148,136,136,1,137,0
2022-11-13,Amador,005,37829,10112,10080,928,11008,95
2022-11-13,Butte,007,227075,40078,39935,9149,49084,461
2022-11-13,Calaveras,009,45235,8617,8590,559,9149,135
2022-11-13,Colusa,011,21464,3831,3822,1300,5122,22
2022-11-13,Contra Costa,013,1133247,255359,253870,20778,274648,1469
2022-11-13,Del Norte,015,27424,7487,7472,406,7878,56
2022-11-13,El Dorado,017,186661,32912,32713,4312,37025,232
2022-11-13,Fresno,019,978130,277926,276921,31491,308412,2887
2022-11-13,Glenn,021,27897,5608,5570,1895,7465,48
2022-11-13,Humboldt,023,135768,22266,22176,5132,27308,160
2022-11-13,Imperial,025,180216,66463,66182,16583,82765,960
2022-11-13,Inyo,027,18085,4539,4520,999,5519,60
2022-11-13,Kern,029,883053,221219,220676,65125,285801,2430
2022-11-13,Kings,031,150075,60168,59955,4121,64076,461
2022-11-13,Lake,033,64148,12980,12931,1211,14142,149
2022-11-13,Lassen,035,31185,10040,10019,992,11011,65
2022-11-13,Los Angeles,037,10098052,3323814,3311644,188575,3500219,33784
2022-11-13,Madera,039,155013,44403,44281,8278,52559,375
2022-11-13,Marin,041,260295,46130,45924,5369,51293,314
2022-11-13,Mariposa,043,17540,3144,3124,364,3488,32
2022-11-13,Mendocino,045,87422,16220,16164,4521,20685,136
2022-11-13,Merced,047,269075,73105,72817,11884,84701,870
2022-11-13,Modoc,049,8938,890,887,326,1213,11
2022-11-13,Mono,051,14174,3230,3218,266,3484,8
2022-11-13,Monterey,053,433212,94994,94708,21269,115977,772
2022-11-13,Napa,055,140530,32613,32510,1419,33929,162
2022-11-13,Nevada,057,99092,19253,19171,1926,21097,132
2022-11-13,Orange,059,3164182,675025,673328,63144,736472,7546
2022-11-13,Placer,061,380077,77002,76490,9644,86134,662
2022-11-13,Plumas,063,18699,3728,3723,432,4155,13
2022-11-13,Riverside,065,2383286,702519,700602,35419,736021,6660
2022-11-13,Sacramento,067,1510023,352092,350522,34085,384607,3358
2022-11-13,San Benito,069,59416,16405,16350,985,17335,108
2022-11-13,San Bernardino,071,2135413,677855,676086,31077,707163,8126
2022-11-13,San Diego,073,3302833,935917,933599,73523,1007122,5538
2022-11-13,San Francisco,075,870044,182868,181964,12114,194078,1072
2022-11-13,San Joaquin,077,732212,199772,199089,14962,214051,2340
2022-11-13,San Luis Obispo,079,281455,63839,63683,7292,70975,525
2022-11-13,San Mateo,081,765935,171830,171191,10673,181864,748
2022-11-13,Santa Barbara,083,443738,106907,106642,6960,113602,733
2022-11-13,Santa Clara,085,1922200,440158,438278,18953,457231,2535
2022-11-13,Santa Cruz,087,273765,64575,64221,3468,67689,274
2022-11-13,Shasta,089,179085,35393,35246,7510,42756,594
2022-11-13,Sierra,091,2930,308,309,60,369,5
2022-11-13,Siskiyou,093,43540,5362,5337,3323,8660,94
2022-11-13,Solano,095,438530,106934,106391,7876,114267,468
2022-11-13,Sonoma,097,501317,108406,108080,5365,113445,525
2022-11-13,Stanislaus,099,539301,139345,138963,21739,160702,1785
2022-11-13,Sutter,101,95872,24640,24537,2471,27008,235
2022-11-13,Tehama,103,63373,13799,13745,3132,16877,216
2022-11-13,Trinity,105,12862,1423,1414,392,1806,20
2022-11-13,Tulare,107,460477,122651,122447,36754,159201,1544
2022-11-13,Tuolumne,109,53932,15823,15727,934,16661,201
2022-11-13,Ventura,111,848112,211100,210439,15861,226300,1585
2022-11-13,Yolo,113,214977,48092,47953,4605,52558,354
2022-11-13,Yuba,115,75493,19160,19098,1743,20841,132
2022-11-12,Alameda,001,1643700,354536,352725,19864,372589,2050
2022-11-12,Alpine,003,1148,136,136,1,137,0
2022-11-12,Amador,005,37829,10111,10080,928,11008,95
2022-11-12,Butte,007,227075,40066,39935,9149,49084,461
2022-11-12,Calaveras,009,45235,8612,8590,559,9149,135
2022-11-12,Colusa,011,21464,3830,3822,1300,5122,22
2022-11-12,Contra Costa,013,1133247,255245,253870,20778,274648,1469
2022-11-12,Del Norte,015,27424,7486,7472,406,7878,56
2022-11-12,El Dorado,017,186661,32895,32713,4312,37025,232
2022-11-12,Fresno,019,978130,277860,276921,31491,308412,2887
2022-11-12,Glenn,021,27897,5604,5570,1895,7465,48
2022-11-12,Humboldt,023,135768,22255,22176,5131,27307,160
2022-11-12,Imperial,025,180216,66441,66182,16572,82754,960
2022-11-12,Inyo,027,18085,4538,4520,999,5519,60
2022-11-12,Kern,029,883053,221182,220676,65104,285780,2430
2022-11-12,Kings,031,150075,60137,59955,4120,64075,461
2022-11-12,Lake,033,64148,12975,12931,1211,14142,149
2022-11-12,Lassen,035,31185,10035,10019,992,11011,65
2022-11-12,Los Angeles,037,10098052,3322905,3311644,188467,3500111,33784
2022-11-12,Madera,039,155013,44393,44281,8278,52559,375
2022-11-12,Marin,041,260295,46116,45924,5369,51293,314
2022-11-12,Mariposa,043,17540,3143,3124,364,3488,32
2022-11-12,Mendocino,045,87422,16216,16164,4521,20685,136
2022-11-12,Merced,047,269075,73089,72817,11884,84701,870
2022-11-12,Modoc,049,8938,890,887,326,1213,11
2022-11-12,Mono,051,14174,3229,3218,266,3484,8
2022-11-12,Monterey,053,433212,94969,94708,21262,115970,772
2022-11-12,Napa,055,140530,32601,32510,1419,33929,162
2022-11-12,Nevada,057,99092,19245,19171,1925,21096,132
2022-11-12,Orange,059,3164182,674872,673328,63143,736471,7546
2022-11-12,Placer,061,380077,76956,76490,9642,86132,662
2022-11-12,Plumas,063,18699,3728,3723,432,4155,13
2022-11-12,Riverside,065,2383286,702342,700602,35419,736021,6660
2022-11-12,Sacramento,067,1510023,351989,350522,34085,384607,3358
2022-11-12,San Benito,069,59416,16402,16350,985,17335,108
2022-11-12,San Bernardino,071,2135413,677686,676086,31076,707162,8126
2022-11-12,San Diego,073,3302833,935691,933599,73493,1007092,5538
2022-11-12,San Francisco,075,870044,182806,181964,12112,194076,1072
2022-11-12,San Joaquin,077,732212,199714,199089,14959,214048,2340
2022-11-12,San Luis Obispo,079,281455,63825,63683,7289,70972,525
2022-11-12,San Mateo,081,765935,171767,171191,10673,181864,748
2022-11-12,Santa Barbara,083,443738,106888,106642,6960,113602,733
2022-11-12,Santa Clara,085,1922200,439964,438278,18953,457231,2535
2022-11-12,Santa Cruz,087,273765,64564,64221,3468,67689,274
2022-11-12,Shasta,089,179085,35381,35246,7509,42755,594
2022-11-12,Sierra,091,2930,308,309,60,369,5
2022-11-12,Siskiyou,093,43540,5357,5337,3323,8660,94
2022-11-12,Solano,095,438530,106901,106391,7876,114267,468
2022-11-12,Sonoma,097,501317,108383,108080,5365,113445,525
2022-11-12,Stanislaus,099,539301,139308,138963,21738,160701,1785
2022-11-12,Sutter,101,95872,24630,24537,2471,27008,235
2022-11-12,Tehama,103,63373,13794,13745,3126,16871,216
2022-11-12,Trinity,105,12862,1422,1414,392,1806,20
2022-11-12,Tulare,107,460477,122618,122447,36751,159198,1544
2022-11-12,Tuolumne,109,53932,15817,15727,934,16661,201
2022-11-12,Ventura,111,848112,211035,210439,15861,226300,1585
2022-11-12,Yolo,113,214977,48069,47953,4605,52558,354
2022-11-12,Yuba,115,75493,19153,19098,1742,20840,132
2022-11-11,Alameda,001,1643700,354396,352725,19864,372589,2050
2022-11-11,Alpine,003,1148,136,136,1,137,0
2022-11-11,Amador,005,37829,10103,10080,928,11008,95
2022-11-11,Butte,007,227075,40058,39935,9148,49083,461
2022-11-11,Calaveras,009,45235,8609,8590,559,9149,135
2022-11-11,Colusa,011,21464,3825,3822,1299,5121,22
2022-11-11,Contra Costa,013,1133247,255146,253870,20778,274648,1469
2022-11-11,Del Norte,015,27424,7481,7472,406,7878,56
2022-11-11,El Dorado,017,186661,32881,32713,4312,37025,232
2022-11-11,Fresno,019,978130,277785,276921,31491,308412,2887
2022-11-11,Glenn,021,27897,5602,5570,1895,7465,48
2022-11-11,Humboldt,023,135768,22243,22176,5129,27305,160
2022-11-11,Imperial,025,180216,66419,66182,16560,82742,960
2022-11-11,Inyo,027,18085,4537,4520,998,5518,60
2022-11-11,Kern,029,883053,221142,220676,65075,285751,2430
2022-11-11,Kings,031,150075,60122,59955,4120,64075,461
2022-11-11,Lake,033,64148,12973,12931,1211,14142,149
2022-11-11,Lassen,035,31185,10033,10019,992,11011,65
2022-11-11,Los Angeles,037,10098052,3322001,3311644,188355,3499999,33784
2022-11-11,Madera,039,155013,44378,44281,8278,52559,375
2022-11-11,Marin,041,260295,46091,45924,5368,51292,314
2022-11-11,Mariposa,043,17540,3141,3124,364,3488,32
2022-11-11,Mendocino,045,87422,16212,16164,4521,20685,136
2022-11-11,Merced,047,269075,73070,72817,11884,84701,870
2022-11-11,Modoc,049,8938,889,887,326,1213,11
2022-11-11,Mono,051,14174,3228,3218,266,3484,8
2022-11-11,Monterey,053,433212,94955,94708,21257,115965,772
2022-11-11,Napa,055,140530,32591,32510,1419,33929,162
2022-11-11,Nevada,057,99092,19238,19171,1925,21096,132
2022-11-11,Orange,059,3164182,674715,673328,63142,736470,7546
2022-11-11,Placer,061,380077,76933,76490,9641,86131,662
2022-11-11,Plumas,063,18699,3728,3723,432,4155,13
2022-11-11,Riverside,065,2383286,702184,700602,35418,736020,6660
2022-11-11,Sacramento,067,1510023,351869,350522,34085,384607,3358
2022-11-11,San Benito,069,59416,16399,16350,985,17335,108
2022-11-11,San Bernardino,071,2135413,677502,676086,31076,707162,8126
2022-11-11,San Diego,073,3302833,935419,933599,73472,1007071,5538
2022-11-11,San Francisco,075,870044,182735,181964,12112,194076,1072
2022-11-11,San Joaquin,077,732212,199648,199089,14955,214044,2340
2022-11-11,San Luis Obispo,079,281455,63818,63683,7289,70972,525
2022-11-11,San Mateo,081,765935,171702,171191,10673,181864,748
2022-11-11,Santa Barbara,083,443738,106877,106642,6960,113602,733
2022-11-11,Santa Clara,085,1922200,439790,438278,18953,457231,2535
2022-11-11,Santa Cruz,087,273765,64535,64221,3468,67689,274
2022-11-11,Shasta,089,179085,35370,35246,7509,42755,594
2022-11-11,Sierra,091,2930,308,309,60,369,5
2022-11-11,Siskiyou,093,43540,5355,5337,3323,8660,94
2022-11-11,Solano,095,438530,106872,106391,7876,114267,468
2022-11-11,Sonoma,097,501317,108356,108080,5363,113443,525
2022-11-11,Stanislaus,099,539301,139268,138963,21736,160699,1785
2022-11-11,Sutter,101,95872,24622,24537,2471,27008,235
2022-11-11,Tehama,103,63373,13786,13745,3126,16871,216
2022-11-11,Trinity,105,12862,1419,1414,392,1806,20
2022-11-11,Tulare,107,460477,122589,122447,36750,159197,1544
2022-11-11,Tuolumne,109,53932,15807,15727,934,16661,201
2022-11-11,Ventura,111,848112,210975,210439,15860,226299,1585
2022-11-11,Yolo,113,214977,48057,47953,4605,52558,354
2022-11-11,Yuba,115,75493,19146,19098,1742,20840,132
2022-11-10,Alameda,001,1643700,354215,352725,19864,372589,2050
2022-11-10,Alpine,003,1148,136,136,1,137,0
2022-11-10,Amador,005,37829,10103,10080,928,11008,95
2022-11-10,Butte,007,227075,40045,39935,9148,49083,461
2022-11-10,Calaveras,009,45235,8606,8590,559,9149,135
2022-11-10,Colusa,011,21464,3825,3822,1297,5119,22
2022-11-10,Contra Costa,013,1133247,255032,253870,20778,274648,1469
2022-11-10,Del Norte,015,27424,7481,7472,406,7878,56
2022-11-10,El Dorado,017,186661,32859,32713,4311,37024,232
2022-11-10,Fresno,019,978130,277674,276921,31491,308412,2887
2022-11-10,Glenn,021,27897,5600,5570,1895,7465,48
2022-11-10,Humboldt,023,135768,22237,22176,5129,27305,160
2022-11-10,Imperial,025,180216,66390,66182,16529,82711,960
2022-11-10,Inyo,027,18085,4536,4520,998,5518,60
2022-11-10,Kern,029,883053,221093,220676,65030,285706,2430
2022-11-10,Kings,031,150075,60103,59955,4120,64075,461
2022-11-10,Lake,033,64148,12971,12931,1211,14142,149
2022-11-10,Lassen,035,31185,10030,10019,992,11011,65
2022-11-10,Los Angeles,037,10098052,3320788,3311644,188234,3499878,33784
2022-11-10,Madera,039,155013,44364,44281,8278,52559,375
2022-11-10,Marin,041,260295,46070,45924,5368,51292,314
2022-11-10,Mariposa,043,17540,3141,3124,364,3488,32
2022-11-10,Mendocino,045,87422,16205,16164,4521,20685,136
2022-11-10,Merced,047,269075,73054,72817,11884,84701,870
2022-11-10,Modoc,049,8938,888,887,326,1213,11
2022-11-10,Mono,051,14174,3227,3218,266,3484,8
2022-11-10,Monterey,053,433212,94932,94708,21248,115956,772
2022-11-10,Napa,055,140530,32578,32510,1419,33929,162
2022-11-10,Nevada,057,99092,19228,19171,1925,21096,132
2022-11-10,Orange,059,3164182,674518,673328,63142,736470,7546
2022-11-10,Placer,061,380077,76896,76490,9641,86131,662
2022-11-10,Plumas,063,18699,3728,3723,432,4155,13
2022-11-10,Riverside,065,2383286,702015,700602,35418,736020,6660
2022-11-10,Sacramento,067,1510023,351705,350522,34083,384605,3358
2022-11-10,San Benito,069,59416,16398,16350,985,17335,108
2022-11-10,San Bernardino,071,2135413,677310,676086,31076,707162,8126
2022-11-10,San Diego,073,3302833,935169,933599,73443,1007042,5538
2022-11-10,San Francisco,075,870044,182631,181964,12112,194076,1072
2022-11-10,San Joaquin,077,732212,199573,199089,14951,214040,2340
2022-11-10,San Luis Obispo,079,281455,63803,63683,7288,70971,525
2022-11-10,San Mateo,081,765935,171617,171191,10673,181864,748
2022-11-10,Santa Barbara,083,443738,106859,106642,6959,113601,733
2022-11-10,Santa Clara,085,1922200,439552,438278,18953,457231,2535
2022-11-10,Santa Cruz,087,273765,64505,64221,3468,67689,274
2022-11-10,Shasta,089,179085,35358,35246,7509,42755,594
2022-11-10,Sierra,091,2930,308,309,60,369,5
2022-11-10,Siskiyou,093,43540,5352,5337,3323,8660,94
2022-11-10,Solano,095,438530,106813,106391,7876,114267,468
2022-11-10,Sonoma,097,501317,108324,108080,5362,113442,525
2022-11-10,Stanislaus,099,539301,139220,138963,21735,160698,1785
2022-11-10,Sutter,101,95872,24608,24537,2471,27008,235
2022-11-10,Tehama,103,63373,13785,13745,3125,16870,216
2022-11-10,Trinity,105,12862,1419,1414,392,1806,20
2022-11-10,Tulare,107,460477,122534,122447,36739,159186,1544
2022-11-10,Tuolumne,109,53932,15798,15727,934,16661,201
2022-11-10,Ventura,111,848112,210880,210439,15860,226299,1585
2022-11-10,Yolo,113,214977,48041,47953,4604,52557,354
2022-11-10,Yuba,115,75493,19141,19098,1742,20840,132
2022-11-09,Alameda,001,1643700,353998,352725,19864,372589,2050
2022-11-09,Alpine,003,1148,136,136,1,137,0
2022-11-09,Amador,005,37829,10101,10080,928,11008,95
2022-11-09,Butte,007,227075,40022,39935,9145,49080,461
2022-11-09,Calaveras,009,45235,8602,8590,559,9149,135
2022-11-09,Colusa,011,21464,3824,3822,1294,5116,22
2022-11-09,Contra Costa,013,1133247,254902,253870,20778,274648,1469
2022-11-09,Del Norte,015,27424,7480,7472,406,7878,56
2022-11-09,El Dorado,017,186661,32834,32713,4311,37024,232
2022-11-09,Fresno,019,978130,277570,276921,31491,308412,2887
2022-11-09,Glenn,021,27897,5599,5570,1895,7465,48
2022-11-09,Humboldt,023,135768,22227,22176,5128,27304,160
2022-11-09,Imperial,025,180216,66353,66182,16483,82665,960
2022-11-09,Inyo,027,18085,4535,4520,998,5518,60
2022-11-09,Kern,029,883053,221026,220676,64993,285669,2430
2022-11-09,Kings,031,150075,60056,59955,4119,64074,461
2022-11-09,Lake,033,64148,12966,12931,1211,14142,149
2022-11-09,Lassen,035,31185,10027,10019,992,11011,65
2022-11-09,Los Angeles,037,10098052,3319363,3311644,188075,3499719,33784
2022-11-09,Madera,039,155013,44352,44281,8278,52559,375
2022-11-09,Marin,041,260295,46052,45924,5366,51290,314
2022-11-09,Mariposa,043,17540,3140,3124,364,3488,32
2022-11-09,Mendocino,045,87422,16202,16164,4521,20685,136
2022-11-09,Merced,047,269075,73029,72817,11884,84701,870
2022-11-09,Modoc,049,8938,888,887,326,1213,11
2022-11-09,Mono,051,14174,3226,3218,265,3483,8
2022-11-09,Monterey,053,433212,94902,94708,21245,115953,772
2022-11-09,Napa,055,140530,32559,32510,1419,33929,162
2022-11-09,Nevada,057,99092,19225,19171,1919,21090,132
2022-11-09,Orange,059,3164182,674290,673328,63128,736456,7546
2022-11-09,Placer,061,380077,76854,76490,9641,86131,662
2022-11-09,Plumas,063,18699,3725,3723,432,4155,13
2022-11-09,Riverside,065,2383286,701780,700602,35416,736018,6660
2022-11-09,Sacramento,067,1510023,351539,350522,34081,384603,3358
2022-11-09,San Benito,069,59416,16391,16350,985,17335,108
2022-11-09,San Bernardino,071,2135413,677067,676086,31075,707161,8126
2022-11-09,San Diego,073,3302833,934864,933599,73394,1006993,5538
2022-11-09,San Francisco,075,870044,182537,181964,12112,194076,1072
2022-11-09,San Joaquin,077,732212,199492,199089,14944,214033,2340
2022-11-09,San Luis Obispo,079,281455,63786,63683,7287,70970,525
2022-11-09,San Mateo,081,765935,171513,171191,10673,181864,748
2022-11-09,Santa Barbara,083,443738,106837,106642,6958,113600,733
2022-11-09,Santa Clara,085,1922200,439317,438278,18953,457231,2535
2022-11-09,Santa Cruz,087,273765,64474,64221,3468,67689,274
2022-11-09,Shasta,089,179085,35348,35246,7507,42753,594
2022-11-09,Sierra,091,2930,308,309,60,369,5
2022-11-09,Siskiyou,093,43540,5351,5337,3323,8660,94
2022-11-09,Solano,095,438530,106757,106391,7876,114267,468
2022-11-09,Sonoma,097,501317,108278,108080,5359,113439,525
2022-11-09,Stanislaus,099,539301,139179,138963,21731,160694,1785
2022-11-09,Sutter,101,95872,24594,24537,2470,27007,235
2022-11-09,Tehama,103,63373,13778,13745,3124,16869,216
2022-11-09,Trinity,105,12862,1416,1414,392,1806,20
2022-11-09,Tulare,107,460477,122497,122447,36737,159184,1544
2022-11-09,Tuolumne,109,53932,15786,15727,934,16661,201
2022-11-09,Ventura,111,848112,210807,210439,15860,226299,1585
2022-11-09,Yolo,113,214977,48020,47953,4601,52554,354
2022-11-09,Yuba,115,75493,19132,19098,1738,20836,132
2022-11-08,Alameda,001,1643700,353796,352725,19863,372588,2050
2022-11-08,Alpine,003,1148,136,136,1,137,0
2022-11-08,Amador,005,37829,10099,10080,928,11008,95
2022-11-08,Butte,007,227075,40004,39935,9145,49080,461
2022-11-08,Calaveras,009,45235,8599,8590,559,9149,135
2022-11-08,Colusa,011,21464,3823,3822,1294,5116,22
2022-11-08,Contra Costa,013,1133247,254777,253870,20778,274648,1469
2022-11-08,Del Norte,015,27424,7476,7472,405,7877,56
2022-11-08,El Dorado,017,186661,32811,32713,4311,37024,232
2022-11-08,Fresno,019,978130,277468,276921,31491,308412,2887
2022-11-08,Glenn,021,27897,5598,5570,1895,7465,48
2022-11-08,Humboldt,023,135768,22220,22176,5126,27302,160
2022-11-08,Imperial,025,180216,66302,66182,16422,82604,960
2022-11-08,Inyo,027,18085,4535,4520,998,5518,60
2022-11-08,Kern,029,883053,220950,220676,64953,285629,2430
2022-11-08,Kings,031,150075,60030,59955,4119,64074,461
2022-11-08,Lake,033,64148,12958,12931,1211,14142,149
2022-11-08,Lassen,035,31185,10025,10019,992,11011,65
2022-11-08,Los Angeles,037,10098052,3318006,3311644,187885,3499529,33784
2022-11-08,Madera,039,155013,44337,44281,8278,52559,375
2022-11-08,Marin,041,260295,46023,45924,5365,51289,314
2022-11-08,Mariposa,043,17540,3136,3124,364,3488,32
2022-11-08,Mendocino,045,87422,16194,16164,4521,20685,136
2022-11-08,Merced,047,269075,72999,72817,11883,84700,870
2022-11-08,Modoc,049,8938,887,887,326,1213,11
2022-11-08,Mono,051,14174,3222,3218,263,3481,8
2022-11-08,Monterey,053,433212,94874,94708,21242,115950,772
2022-11-08,Napa,055,140530,32547,32510,1419,33929,162
2022-11-08,Nevada,057,99092,19220,19171,1918,21089,132
2022-11-08,Orange,059,3164182,674049,673328,63109,736437,7546
2022-11-08,Placer,061,380077,76812,76490,9638,86128,662
2022-11-08,Plumas,063,18699,3725,3723,432,4155,13
2022-11-08,Riverside,065,2383286,701540,700602,35416,736018,6660
2022-11-08,Sacramento,067,1510023,351352,350522,34080,384602,3358
2022-11-08,San Benito,069,59416,16383,16350,984,17334,108
2022-11-08,San Bernardino,071,2135413,676834,676086,31074,707160,8126
2022-11-08,San Diego,073,3302833,934471,933599,73358,1006957,5538
2022-11-08,San Francisco,075,870044,182414,181964,12111,194075,1072
2022-11-08,San Joaquin,077,732212,199411,199089,14938,214027,2340
2022-11-08,San Luis Obispo,079,281455,63769,63683,7286,70969,525
2022-11-08,San Mateo,081,765935,171419,171191,10673,181864,748
2022-11-08,Santa Barbara,083,443738,106804,106642,6958,113600,733
2022-11-08,Santa Clara,085,1922200,439063,438278,18953,457231,2535
2022-11-08,Santa Cruz,087,273765,64442,64221,3468,67689,274
2022-11-08,Shasta,089,179085,35331,35246,7506,42752,594
2022-11-08,Sierra,091,2930,308,309,60,369,5
2022-11-08,Siskiyou,093,43540,5350,5337,3323,8660,94
2022-11-08,Solano,095,438530,106687,106391,7875,114266,468
2022-11-08,Sonoma,097,501317,108240,108080,5359,113439,525
2022-11-08,Stanislaus,099,539301,139121,138963,21729,160692,1785
2022-11-08,Sutter,101,95872,24577,24537,2470,27007,235
2022-11-08,Tehama,103,63373,13774,13745,3124,16869,216
2022-11-08,Trinity,105,12862,1414,1414,392,1806,20
2022-11-08,Tulare,107,460477,122448,122447,36734,159181,1544
2022-11-08,Tuolumne,109,53932,15777,15727,934,16661,201
2022-11-08,Ventura,111,848112,210746,210439,15860,226299,1585
2022-11-08,Yolo,113,214977,48002,47953,4595,52548,354
2022-11-08,Yuba,115,75493,19122,19098,1737,20835,132
2022-11-07,Alameda,001,1643700,353562,351524,19862,371386,2044
2022-11-07,Alpine,003,1148,136,136,1,137,0
2022-11-07,Amador,005,37829,10095,10055,928,10983,95
2022-11-07,Butte,007,227075,39988,39852,9143,48995,462
2022-11-07,Calaveras,009,45235,8594,8576,559,9135,135
2022-11-07,Colusa,011,21464,3822,3820,1294,5114,22
2022-11-07,Contra Costa,013,1133247,254636,253122,20778,273900,1463
2022-11-07,Del Norte,015,27424,7473,7469,405,7874,56
2022-11-07,El Dorado,017,186661,32795,32622,4311,36933,231
2022-11-07,Fresno,019,978130,277351,276454,31491,307945,2885
2022-11-07,Glenn,021,27897,5596,5557,1894,7451,48
2022-11-07,Humboldt,023,135768,22204,22115,5120,27235,160
2022-11-07,Imperial,025,180216,66265,66024,16385,82409,960
2022-11-07,Inyo,027,18085,4534,4506,997,5503,60
2022-11-07,Kern,029,883053,220896,220216,64899,285115,2426
2022-11-07,Kings,031,150075,60009,59856,4116,63972,459
2022-11-07,Lake,033,64148,12950,12898,1211,14109,148
2022-11-07,Lassen,035,31185,10021,10007,992,10999,65
2022-11-07,Los Angeles,037,10098052,3316687,3304428,187684,3492112,33733
2022-11-07,Madera,039,155013,44330,44229,8278,52507,375
2022-11-07,Marin,041,260295,45997,45806,5365,51171,314
2022-11-07,Mariposa,043,17540,3131,3116,364,3480,32
2022-11-07,Mendocino,045,87422,16193,16130,4521,20651,137
2022-11-07,Merced,047,269075,72969,72727,11882,84609,870
2022-11-07,Modoc,049,8938,887,885,326,1211,11
2022-11-07,Mono,051,14174,3220,3216,263,3479,7
2022-11-07,Monterey,053,433212,94847,94541,21232,115773,770
2022-11-07,Napa,055,140530,32527,32484,1419,33903,161
2022-11-07,Nevada,057,99092,19214,19129,1917,21046,132
2022-11-07,Orange,059,3164182,673826,672253,63090,735343,7520
2022-11-07,Placer,061,380077,76772,76321,9633,85954,662
2022-11-07,Plumas,063,18699,3725,3720,432,4152,13
2022-11-07,Riverside,065,2383286,701279,699360,35416,734776,6660
2022-11-07,Sacramento,067,1510023,351175,349696,34080,383776,3350
2022-11-07,San Benito,069,59416,16375,16324,983,17307,108
2022-11-07,San Bernardino,071,2135413,676565,674939,31074,706013,8123
2022-11-07,San Diego,073,3302833,934120,931531,73313,1004844,5532
2022-11-07,San Francisco,075,870044,182307,180989,12110,193099,1067
2022-11-07,San Joaquin,077,732212,199331,198717,14929,213646,2336
2022-11-07,San Luis Obispo,079,281455,63750,63599,7285,70884,525
2022-11-07,San Mateo,081,765935,171328,170464,10673,181137,741
2022-11-07,Santa Barbara,083,443738,106784,106478,6958,113436,732
2022-11-07,Santa Clara,085,1922200,438818,436967,18953,455920,2533
2022-11-07,Santa Cruz,087,273765,64393,64070,3467,67537,274
2022-11-07,Shasta,089,179085,35318,35178,7506,42684,594
2022-11-07,Sierra,091,2930,308,308,60,368,5
2022-11-07,Siskiyou,093,43540,5342,5326,3323,8649,94
2022-11-07,Solano,095,438530,106605,106106,7875,113981,468
2022-11-07,Sonoma,097,501317,108202,107907,5359,113266,524
2022-11-07,Stanislaus,099,539301,139083,138715,21722,160437,1785
2022-11-07,Sutter,101,95872,24559,24470,2470,26940,233
2022-11-07,Tehama,103,63373,13769,13707,3123,16830,216
2022-11-07,Trinity,105,12862,1414,1413,392,1805,20
2022-11-07,Tulare,107,460477,122421,122246,36730,158976,1544
2022-11-07,Tuolumne,109,53932,15768,15672,934,16606,196
2022-11-07,Ventura,111,848112,210666,210085,15860,225945,1584
2022-11-07,Yolo,113,214977,47971,47786,4591,52377,353
2022-11-07,Yuba,115,75493,19114,19059,1735,20794,132
2022-11-06,Alameda,001,1643700,353335,351524,19862,371386,2044
2022-11-06,Alpine,003,1148,136,136,1,137,0
2022-11-06,Amador,005,37829,10091,10055,928,10983,95
2022-11-06,Butte,007,227075,39957,39852,9143,48995,462
2022-11-06,Calaveras,009,45235,8590,8576,559,9135,135
2022-11-06,Colusa,011,21464,3822,3820,1294,5114,22
2022-11-06,Contra Costa,013,1133247,254484,253122,20778,273900,1463
2022-11-06,Del Norte,015,27424,7470,7469,405,7874,56
2022-11-06,El Dorado,017,186661,32780,32622,4309,36931,231
2022-11-06,Fresno,019,978130,277216,276454,31491,307945,2885
2022-11-06,Glenn,021,27897,5579,5557,1886,7443,48
2022-11-06,Humboldt,023,135768,22194,22115,5120,27235,160
2022-11-06,Imperial,025,180216,66215,66024,16348,82372,960
2022-11-06,Inyo,027,18085,4532,4506,996,5502,60
2022-11-06,Kern,029,883053,220795,220216,64854,285070,2426
2022-11-06,Kings,031,150075,59965,59856,4115,63971,459
2022-11-06,Lake,033,64148,12938,12898,1211,14109,148
2022-11-06,Lassen,035,31185,10020,10007,992,10999,65
2022-11-06,Los Angeles,037,10098052,3315094,3304428,187467,3491895,33733
2022-11-06,Madera,039,155013,44319,44229,8278,52507,375
2022-11-06,Marin,041,260295,45968,45806,5364,51170,314
2022-11-06,Mariposa,043,17540,3130,3116,364,3480,32
2022-11-06,Mendocino,045,87422,16187,16130,4521,20651,137
2022-11-06,Merced,047,269075,72943,72727,11877,84604,870
2022-11-06,Modoc,049,8938,887,885,326,1211,11
2022-11-06,Mono,051,14174,3220,3216,261,3477,7
2022-11-06,Monterey,053,433212,94799,94541,21224,115765,770
2022-11-06,Napa,055,140530,32505,32484,1419,33903,161
2022-11-06,Nevada,057,99092,19202,19129,1910,21039,132
2022-11-06,Orange,059,3164182,673565,672253,63087,735340,7520
2022-11-06,Placer,061,380077,76723,76321,9631,85952,662
2022-11-06,Plumas,063,18699,3725,3720,432,4152,13
2022-11-06,Riverside,065,2383286,700967,699360,35416,734776,6660
2022-11-06,Sacramento,067,1510023,350965,349696,34077,383773,3350
2022-11-06,San Benito,069,59416,16367,16324,983,17307,108
2022-11-06,San Bernardino,071,2135413,676272,674939,31071,706010,8123
2022-11-06,San Diego,073,3302833,933633,931531,73247,1004778,5532
2022-11-06,San Francisco,075,870044,182172,180989,12109,193098,1067
2022-11-06,San Joaquin,077,732212,199244,198717,14926,213643,2336
2022-11-06,San Luis Obispo,079,281455,63733,63599,7285,70884,525
2022-11-06,San Mateo,081,765935,171229,170464,10673,181137,741
2022-11-06,Santa Barbara,083,443738,106729,106478,6956,113434,732
2022-11-06,Santa Clara,085,1922200,438535,436967,18953,455920,2533
2022-11-06,Santa Cruz,087,273765,64323,64070,3467,67537,274
2022-11-06,Shasta,089,179085,35296,35178,7505,42683,594
2022-11-06,Sierra,091,2930,308,308,60,368,5
2022-11-06,Siskiyou,093,43540,5342,5326,3323,8649,94
2022-11-06,Solano,095,438530,106512,106106,7875,113981,468
2022-11-06,Sonoma,097,501317,108141,107907,5359,113266,524
2022-11-06,Stanislaus,099,539301,139030,138715,21719,160434,1785
2022-11-06,Sutter,101,95872,24541,24470,2470,26940,233
2022-11-06,Tehama,103,63373,13763,13707,3110,16817,216
2022-11-06,Trinity,105,12862,1414,1413,392,1805,20
2022-11-06,Tulare,107,460477,122385,122246,36725,158971,1544
2022-11-06,Tuolumne,109,53932,15758,15672,934,16606,196
2022-11-06,Ventura,111,848112,210586,210085,15860,225945,1584
2022-11-06,Yolo,113,214977,47957,47786,4583,52369,353
2022-11-06,Yuba,115,75493,19106,19059,1735,20794,132
2022-11-05,Alameda,001,1643700,353191,351524,19862,371386,2044
2022-11-05,Alpine,003,1148,136,136,1,137,0
2022-11-05,Amador,005,37829,10089,10055,928,10983,95
2022-11-05,Butte,007,227075,39948,39852,9141,48993,462
2022-11-05,Calaveras,009,45235,8589,8576,559,9135,135
2022-11-05,Colusa,011,21464,3820,3820,1294,5114,22
2022-11-05,Contra Costa,013,1133247,254382,253122,20778,273900,1463
2022-11-05,Del Norte,015,27424,7470,7469,405,7874,56
2022-11-05,El Dorado,017,186661,32764,32622,4309,36931,231
2022-11-05,Fresno,019,978130,277162,276454,31490,307944,2885
2022-11-05,Glenn,021,27897,5577,5557,1886,7443,48
2022-11-05,Humboldt,023,135768,22184,22115,5120,27235,160
2022-11-05,Imperial,025,180216,66191,66024,16335,82359,960
2022-11-05,Inyo,027,18085,4531,4506,996,5502,60
2022-11-05,Kern,029,883053,220750,220216,64831,285047,2426
2022-11-05,Kings,031,150075,59948,59856,4115,63971,459
2022-11-05,Lake,033,64148,12933,12898,1211,14109,148
2022-11-05,Lassen,035,31185,10020,10007,992,10999,65
2022-11-05,Los Angeles,037,10098052,3314269,3304428,187350,3491778,33733
2022-11-05,Madera,039,155013,44314,44229,8278,52507,375
2022-11-05,Marin,041,260295,45951,45806,5364,51170,314
2022-11-05,Mariposa,043,17540,3129,3116,364,3480,32
2022-11-05,Mendocino,045,87422,16185,16130,4521,20651,137
2022-11-05,Merced,047,269075,72929,72727,11876,84603,870
2022-11-05,Modoc,049,8938,887,885,326,1211,11
2022-11-05,Mono,051,14174,3220,3216,261,3477,7
2022-11-05,Monterey,053,433212,94774,94541,21221,115762,770
2022-11-05,Napa,055,140530,32501,32484,1419,33903,161
2022-11-05,Nevada,057,99092,19197,19129,1910,21039,132
2022-11-05,Orange,059,3164182,673426,672253,63086,735339,7520
2022-11-05,Placer,061,380077,76684,76321,9631,85952,662
2022-11-05,Plumas,063,18699,3725,3720,432,4152,13
2022-11-05,Riverside,065,2383286,700787,699360,35416,734776,6660
2022-11-05,Sacramento,067,1510023,350848,349696,34076,383772,3350
2022-11-05,San Benito,069,59416,16359,16324,983,17307,108
2022-11-05,San Bernardino,071,2135413,676130,674939,31070,706009,8123
2022-11-05,San Diego,073,3302833,933445,931531,73229,1004760,5532
2022-11-05,San Francisco,075,870044,182092,180989,12109,193098,1067
2022-11-05,San Joaquin,077,732212,199192,198717,14925,213642,2336
2022-11-05,San Luis Obispo,079,281455,63724,63599,7285,70884,525
2022-11-05,San Mateo,081,765935,171172,170464,10673,181137,741
2022-11-05,Santa Barbara,083,443738,106710,106478,6956,113434,732
2022-11-05,Santa Clara,085,1922200,438344,436967,18953,455920,2533
2022-11-05,Santa Cruz,087,273765,64294,64070,3467,67537,274
2022-11-05,Shasta,089,179085,35287,35178,7505,42683,594
2022-11-05,Sierra,091,2930,308,308,60,368,5
2022-11-05,Siskiyou,093,43540,5341,5326,3323,8649,94
2022-11-05,Solano,095,438530,106484,106106,7875,113981,468
2022-11-05,Sonoma,097,501317,108123,107907,5357,113264,524
2022-11-05,Stanislaus,099,539301,138988,138715,21716,160431,1785
2022-11-05,Sutter,101,95872,24531,24470,2470,26940,233
2022-11-05,Tehama,103,63373,13759,13707,3108,16815,216
2022-11-05,Trinity,105,12862,1414,1413,392,1805,20
2022-11-05,Tulare,107,460477,122369,122246,36716,158962,1544
2022-11-05,Tuolumne,109,53932,15751,15672,934,16606,196
2022-11-05,Ventura,111,848112,210536,210085,15860,225945,1584
2022-11-05,Yolo,113,214977,47945,47786,4579,52365,353
2022-11-05,Yuba,115,75493,19101,19059,1734,20793,132
2022-11-04,Alameda,001,1643700,353054,351524,19862,371386,2044
2022-11-04,Alpine,003,1148,136,136,1,137,0
2022-11-04,Amador,005,37829,10086,10055,928,10983,95
2022-11-04,Butte,007,227075,39939,39852,9140,48992,462
2022-11-04,Calaveras,009,45235,8588,8576,559,9135,135
2022-11-04,Colusa,011,21464,3820,3820,1294,5114,22
2022-11-04,Contra Costa,013,1133247,254287,253122,20778,273900,1463
2022-11-04,Del Norte,015,27424,7470,7469,405,7874,56
2022-11-04,El Dorado,017,186661,32755,32622,4309,36931,231
2022-11-04,Fresno,019,978130,277111,276454,31490,307944,2885
2022-11-04,Glenn,021,27897,5577,5557,1885,7442,48
2022-11-04,Humboldt,023,135768,22177,22115,5120,27235,160
2022-11-04,Imperial,025,180216,66179,66024,16327,82351,960
2022-11-04,Inyo,027,18085,4528,4506,996,5502,60
2022-11-04,Kern,029,883053,220711,220216,64803,285019,2426
2022-11-04,Kings,031,150075,59933,59856,4115,63971,459
2022-11-04,Lake,033,64148,12926,12898,1211,14109,148
2022-11-04,Lassen,035,31185,10019,10007,992,10999,65
2022-11-04,Los Angeles,037,10098052,3313462,3304428,187221,3491649,33733
2022-11-04,Madera,039,155013,44308,44229,8278,52507,375
2022-11-04,Marin,041,260295,45935,45806,5364,51170,314
2022-11-04,Mariposa,043,17540,3129,3116,364,3480,32
2022-11-04,Mendocino,045,87422,16181,16130,4521,20651,137
2022-11-04,Merced,047,269075,72920,72727,11876,84603,870
2022-11-04,Modoc,049,8938,887,885,326,1211,11
2022-11-04,Mono,051,14174,3218,3216,261,3477,7
2022-11-04,Monterey,053,433212,94748,94541,21211,115752,770
2022-11-04,Napa,055,140530,32496,32484,1419,33903,161
2022-11-04,Nevada,057,99092,19191,19129,1906,21035,132
2022-11-04,Orange,059,3164182,673319,672253,63086,735339,7520
2022-11-04,Placer,061,380077,76666,76321,9630,85951,662
2022-11-04,Plumas,063,18699,3724,3720,432,4152,13
2022-11-04,Riverside,065,2383286,700614,699360,35416,734776,6660
2022-11-04,Sacramento,067,1510023,350739,349696,34076,383772,3350
2022-11-04,San Benito,069,59416,16355,16324,983,17307,108
2022-11-04,San Bernardino,071,2135413,675984,674939,31070,706009,8123
2022-11-04,San Diego,073,3302833,933246,931531,73216,1004747,5532
2022-11-04,San Francisco,075,870044,182024,180989,12109,193098,1067
2022-11-04,San Joaquin,077,732212,199143,198717,14924,213641,2336
2022-11-04,San Luis Obispo,079,281455,63712,63599,7283,70882,525
2022-11-04,San Mateo,081,765935,171100,170464,10673,181137,741
2022-11-04,Santa Barbara,083,443738,106689,106478,6956,113434,732
2022-11-04,Santa Clara,085,1922200,438154,436967,18953,455920,2533
2022-11-04,Santa Cruz,087,273765,64267,64070,3467,67537,274
2022-11-04,Shasta,089,179085,35281,35178,7504,42682,594
2022-11-04,Sierra,091,2930,308,308,60,368,5
2022-11-04,Siskiyou,093,43540,5337,5326,3323,8649,94
2022-11-04,Solano,095,438530,106428,106106,7875,113981,468
2022-11-04,Sonoma,097,501317,108101,107907,5357,113264,524
2022-11-04,Stanislaus,099,539301,138962,138715,21716,160431,1785
2022-11-04,Sutter,101,95872,24523,24470,2470,26940,233
2022-11-04,Tehama,103,63373,13754,13707,3099,16806,216
2022-11-04,Trinity,105,12862,1413,1413,392,1805,20
2022-11-04,Tulare,107,460477,122351,122246,36706,158952,1544
2022-11-04,Tuolumne,109,53932,15739,15672,934,16606,196
2022-11-04,Ventura,111,848112,210486,210085,15860,225945,1584
2022-11-04,Yolo,113,214977,47927,47786,4579,52365,353
2022-11-04,Yuba,115,75493,19099,19059,1734,20793,132
2022-11-03,Alameda,001,1643700,352870,351524,19862,371386,2044
2022-11-03,Alpine,003,1148,136,136,1,137,0
2022-11-03,Amador,005,37829,10081,10055,928,10983,95
2022-11-03,Butte,007,227075,39922,39852,9138,48990,462
2022-11-03,Calaveras,009,45235,8587,8576,559,9135,135
2022-11-03,Colusa,011,21464,3820,3820,1294,5114,22
2022-11-03,Contra Costa,013,1133247,254156,253122,20778,273900,1463
2022-11-03,Del Norte,015,27424,7470,7469,405,7874,56
2022-11-03,El Dorado,017,186661,32740,32622,4309,36931,231
2022-11-03,Fresno,019,978130,277038,276454,31490,307944,2885
2022-11-03,Glenn,021,27897,5574,5557,1883,7440,48
2022-11-03,Humboldt,023,135768,22162,22115,5118,27233,160
2022-11-03,Imperial,025,180216,66153,66024,16289,82313,960
2022-11-03,Inyo,027,18085,4526,4506,996,5502,60
2022-11-03,Kern,029,883053,220663,220216,64771,284987,2426
2022-11-03,Kings,031,150075,59917,59856,4111,63967,459
2022-11-03,Lake,033,64148,12923,12898,1211,14109,148
2022-11-03,Lassen,035,31185,10017,10007,992,10999,65
2022-11-03,Los Angeles,037,10098052,3312387,3304428,187044,3491472,33733
2022-11-03,Madera,039,155013,44299,44229,8278,52507,375
2022-11-03,Marin,041,260295,45908,45806,5364,51170,314
2022-11-03,Mariposa,043,17540,3126,3116,364,3480,32
2022-11-03,Mendocino,045,87422,16171,16130,4521,20651,137
2022-11-03,Merced,047,269075,72892,72727,11876,84603,870
2022-11-03,Modoc,049,8938,887,885,326,1211,11
2022-11-03,Mono,051,14174,3217,3216,261,3477,7
2022-11-03,Monterey,053,433212,94724,94541,21202,115743,770
2022-11-03,Napa,055,140530,32486,32484,1419,33903,161
2022-11-03,Nevada,057,99092,19181,19129,1905,21034,132
2022-11-03,Orange,059,3164182,673153,672253,63084,735337,7520
2022-11-03,Placer,061,380077,76630,76321,9629,85950,662
2022-11-03,Plumas,063,18699,3724,3720,432,4152,13
2022-11-03,Riverside,065,2383286,700409,699360,35415,734775,6660
2022-11-03,Sacramento,067,1510023,350574,349696,34076,383772,3350
2022-11-03,San Benito,069,59416,16351,16324,983,17307,108
2022-11-03,San Bernardino,071,2135413,675792,674939,31070,706009,8123
2022-11-03,San Diego,073,3302833,932996,931531,73186,1004717,5532
2022-11-03,San Francisco,075,870044,181921,180989,12109,193098,1067
2022-11-03,San Joaquin,077,732212,199082,198717,14917,213634,2336
2022-11-03,San Luis Obispo,079,281455,63695,63599,7283,70882,525
2022-11-03,San Mateo,081,765935,171002,170464,10672,181136,741
2022-11-03,Santa Barbara,083,443738,106665,106478,6954,113432,732
2022-11-03,Santa Clara,085,1922200,437917,436967,18953,455920,2533
2022-11-03,Santa Cruz,087,273765,64219,64070,3467,67537,274
2022-11-03,Shasta,089,179085,35266,35178,7504,42682,594
2022-11-03,Sierra,091,2930,308,308,60,368,5
2022-11-03,Siskiyou,093,43540,5334,5326,3323,8649,94
2022-11-03,Solano,095,438530,106383,106106,7875,113981,468
2022-11-03,Sonoma,097,501317,108071,107907,5357,113264,524
2022-11-03,Stanislaus,099,539301,138918,138715,21714,160429,1785
2022-11-03,Sutter,101,95872,24514,24470,2470,26940,233
2022-11-03,Tehama,103,63373,13746,13707,3097,16804,216
2022-11-03,Trinity,105,12862,1413,1413,392,1805,20
2022-11-03,Tulare,107,460477,122330,122246,36697,158943,1544
2022-11-03,Tuolumne,109,53932,15733,15672,934,16606,196
2022-11-03,Ventura,111,848112,210432,210085,15859,225944,1584
2022-11-03,Yolo,113,214977,47909,47786,4577,52363,353
2022-11-03,Yuba,115,75493,19092,19059,1734,20793,132
2022-11-02,Alameda,001,1643700,352694,351524,19862,371386,2044
2022-11-02,Alpine,003,1148,136,136,1,137,0
2022-11-02,Amador,005,37829,10071,10055,928,10983,95
2022-11-02,Butte,007,227075,39904,39852,9135,48987,462
2022-11-02,Calaveras,009,45235,8582,8576,559,9135,135
2022-11-02,Colusa,011,21464,3820,3820,1293,5113,22
2022-11-02,Contra Costa,013,1133247,254034,253122,20778,273900,1463
2022-11-02,Del Norte,015,27424,7470,7469,405,7874,56
2022-11-02,El Dorado,017,186661,32725,32622,4309,36931,231
2022-11-02,Fresno,019,978130,276957,276454,31490,307944,2885
2022-11-02,Glenn,021,27897,5570,5557,1880,7437,48
2022-11-02,Humboldt,023,135768,22152,22115,5117,27232,160
2022-11-02,Imperial,025,180216,66121,66024,16269,82293,960
2022-11-02,Inyo,027,18085,4524,4506,996,5502,60
2022-11-02,Kern,029,883053,220621,220216,64737,284953,2426
2022-11-02,Kings,031,150075,59903,59856,4109,63965,459
2022-11-02,Lake,033,64148,12919,12898,1211,14109,148
2022-11-02,Lassen,035,31185,10015,10007,992,10999,65
2022-11-02,Los Angeles,037,10098052,3311205,3304428,186874,3491302,33733
2022-11-02,Madera,039,155013,44284,44229,8278,52507,375
2022-11-02,Marin,041,260295,45892,45806,5364,51170,314
2022-11-02,Mariposa,043,17540,3125,3116,364,3480,32
2022-11-02,Mendocino,045,87422,16169,16130,4520,20650,137
2022-11-02,Merced,047,269075,72871,72727,11875,84602,870
2022-11-02,Modoc,049,8938,887,885,326,1211,11
2022-11-02,Mono,051,14174,3217,3216,261,3477,7
2022-11-02,Monterey,053,433212,94698,94541,21197,115738,770
2022-11-02,Napa,055,140530,32476,32484,1419,33903,161
2022-11-02,Nevada,057,99092,19176,19129,1901,21030,132
2022-11-02,Orange,059,3164182,672973,672253,63074,735327,7520
2022-11-02,Placer,061,380077,76593,76321,9626,85947,662
2022-11-02,Plumas,063,18699,3724,3720,432,4152,13
2022-11-02,Riverside,065,2383286,700237,699360,35415,734775,6660
2022-11-02,Sacramento,067,1510023,350402,349696,34076,383772,3350
2022-11-02,San Benito,069,59416,16345,16324,983,17307,108
2022-11-02,San Bernardino,071,2135413,675626,674939,31070,706009,8123
2022-11-02,San Diego,073,3302833,932679,931531,73147,1004678,5532
2022-11-02,San Francisco,075,870044,181818,180989,12109,193098,1067
2022-11-02,San Joaquin,077,732212,199009,198717,14915,213632,2336
2022-11-02,San Luis Obispo,079,281455,63675,63599,7281,70880,525
2022-11-02,San Mateo,081,765935,170942,170464,10671,181135,741
2022-11-02,Santa Barbara,083,443738,106635,106478,6954,113432,732
2022-11-02,Santa Clara,085,1922200,437705,436967,18953,455920,2533
2022-11-02,Santa Cruz,087,273765,64186,64070,3467,67537,274
2022-11-02,Shasta,089,179085,35257,35178,7504,42682,594
2022-11-02,Sierra,091,2930,308,308,60,368,5
2022-11-02,Siskiyou,093,43540,5333,5326,3323,8649,94
2022-11-02,Solano,095,438530,106335,106106,7875,113981,468
2022-11-02,Sonoma,097,501317,108037,107907,5356,113263,524
2022-11-02,Stanislaus,099,539301,138883,138715,21705,160420,1785
2022-11-02,Sutter,101,95872,24496,24470,2470,26940,233
2022-11-02,Tehama,103,63373,13740,13707,3092,16799,216
2022-11-02,Trinity,105,12862,1413,1413,392,1805,20
2022-11-02,Tulare,107,460477,122307,122246,36685,158931,1544
2022-11-02,Tuolumne,109,53932,15729,15672,934,16606,196
2022-11-02,Ventura,111,848112,210380,210085,15859,225944,1584
2022-11-02,Yolo,113,214977,47889,47786,4575,52361,353
2022-11-02,Yuba,115,75493,19084,19059,1734,20793,132
2022-11-01,Alameda,001,1643700,352501,351524,19862,371386,2044
2022-11-01,Alpine,003,1148,136,136,1,137,0
2022-11-01,Amador,005,37829,10065,10055,928,10983,95
2022-11-01,Butte,007,227075,39888,39852,9135,48987,462
2022-11-01,Calaveras,009,45235,8580,8576,559,9135,135
2022-11-01,Colusa,011,21464,3820,3820,1292,5112,22
2022-11-01,Contra Costa,013,1133247,253923,253122,20778,273900,1463
2022-11-01,Del Norte,015,27424,7470,7469,405,7874,56
2022-11-01,El Dorado,017,186661,32706,32622,4308,36930,231
2022-11-01,Fresno,019,978130,276878,276454,31490,307944,2885
2022-11-01,Glenn,021,27897,5569,5557,1879,7436,48
2022-11-01,Humboldt,023,135768,22140,22115,5114,27229,160
2022-11-01,Imperial,025,180216,66092,66024,16261,82285,960
2022-11-01,Inyo,027,18085,4521,4506,996,5502,60
2022-11-01,Kern,029,883053,220546,220216,64690,284906,2426
2022-11-01,Kings,031,150075,59882,59856,4107,63963,459
2022-11-01,Lake,033,64148,12915,12898,1211,14109,148
2022-11-01,Lassen,035,31185,10013,10007,992,10999,65
2022-11-01,Los Angeles,037,10098052,3309999,3304428,186665,3491093,33733
2022-11-01,Madera,039,155013,44272,44229,8278,52507,375
2022-11-01,Marin,041,260295,45872,45806,5364,51170,314
2022-11-01,Mariposa,043,17540,3122,3116,364,3480,32
2022-11-01,Mendocino,045,87422,16166,16130,4520,20650,137
2022-11-01,Merced,047,269075,72850,72727,11874,84601,870
2022-11-01,Modoc,049,8938,886,885,326,1211,11
2022-11-01,Mono,051,14174,3217,3216,260,3476,7
2022-11-01,Monterey,053,433212,94668,94541,21194,115735,770
2022-11-01,Napa,055,140530,32465,32484,1419,33903,161
2022-11-01,Nevada,057,99092,19163,19129,1898,21027,132
2022-11-01,Orange,059,3164182,672785,672253,63056,735309,7520
2022-11-01,Placer,061,380077,76566,76321,9622,85943,662
2022-11-01,Plumas,063,18699,3721,3720,432,4152,13
2022-11-01,Riverside,065,2383286,700018,699360,35415,734775,6660
2022-11-01,Sacramento,067,1510023,350249,349696,34076,383772,3350
2022-11-01,San Benito,069,59416,16338,16324,983,17307,108
2022-11-01,San Bernardino,071,2135413,675436,674939,31070,706009,8123
2022-11-01,San Diego,073,3302833,932352,931531,73116,1004647,5532
2022-11-01,San Francisco,075,870044,181712,180989,12109,193098,1067
2022-11-01,San Joaquin,077,732212,198935,198717,14914,213631,2336
2022-11-01,San Luis Obispo,079,281455,63653,63599,7281,70880,525
2022-11-01,San Mateo,081,765935,170866,170464,10671,181135,741
2022-11-01,Santa Barbara,083,443738,106601,106478,6954,113432,732
2022-11-01,Santa Clara,085,1922200,437464,436967,18953,455920,2533
2022-11-01,Santa Cruz,087,273765,64155,64070,3467,67537,274
2022-11-01,Shasta,089,179085,35247,35178,7503,42681,594
2022-11-01,Sierra,091,2930,308,308,60,368,5
2022-11-01,Siskiyou,093,43540,5331,5326,3323,8649,94
2022-11-01,Solano,095,438530,106288,106106,7875,113981,468
2022-11-01,Sonoma,097,501317,108000,107907,5354,113261,524
2022-11-01,Stanislaus,099,539301,138837,138715,21704,160419,1785
2022-11-01,Sutter,101,95872,24489,24470,2470,26940,233
2022-11-01,Tehama,103,63373,13733,13707,3089,16796,216
2022-11-01,Trinity,105,12862,1413,1413,392,1805,20
2022-11-01,Tulare,107,460477,122280,122246,36668,158914,1544
2022-11-01,Tuolumne,109,53932,15723,15672,934,16606,196
2022-11-01,Ventura,111,848112,210312,210085,15859,225944,1584
2022-11-01,Yolo,113,214977,47870,47786,4574,52360,353
2022-11-01,Yuba,115,75493,19077,19059,1734,20793,132
2022-10-31,Alameda,001,1643700,352284,350419,19862,370281,2040
2022-10-31,Alpine,003,1148,136,136,1,137,0
2022-10-31,Amador,005,37829,10064,10038,928,10966,94
2022-10-31,Butte,007,227075,39869,39707,9133,48840,457
2022-10-31,Calaveras,009,45235,8578,8561,559,9120,134
2022-10-31,Colusa,011,21464,3820,3813,1290,5103,22
2022-10-31,Contra Costa,013,1133247,253781,252398,20778,273176,1458
2022-10-31,Del Norte,015,27424,7469,7455,405,7860,56
2022-10-31,El Dorado,017,186661,32690,32513,4307,36820,231
2022-10-31,Fresno,019,978130,276767,275924,31490,307414,2885
2022-10-31,Glenn,021,27897,5568,5553,1878,7431,48
2022-10-31,Humboldt,023,135768,22128,22065,5112,27177,160
2022-10-31,Imperial,025,180216,66057,65903,16246,82149,959
2022-10-31,Inyo,027,18085,4517,4500,996,5496,60
2022-10-31,Kern,029,883053,220449,219943,64648,284591,2425
2022-10-31,Kings,031,150075,59861,59742,4107,63849,459
2022-10-31,Lake,033,64148,12904,12868,1211,14079,148
2022-10-31,Lassen,035,31185,10012,9989,992,10981,65
2022-10-31,Los Angeles,037,10098052,3308791,3298549,186460,3485009,33679
2022-10-31,Madera,039,155013,44259,44172,8278,52450,375
2022-10-31,Marin,041,260295,45848,45649,5363,51012,314
2022-10-31,Mariposa,043,17540,3119,3107,364,3471,31
2022-10-31,Mendocino,045,87422,16160,16104,4520,20624,153
2022-10-31,Merced,047,269075,72832,72606,11874,84480,870
2022-10-31,Modoc,049,8938,885,884,326,1210,11
2022-10-31,Mono,051,14174,3217,3215,259,3474,7
2022-10-31,Monterey,053,433212,94635,94425,21181,115606,769
2022-10-31,Napa,055,140530,32452,32448,1419,33867,160
2022-10-31,Nevada,057,99092,19160,19094,1898,20992,132
2022-10-31,Orange,059,3164182,672599,671141,63048,734189,7502
2022-10-31,Placer,061,380077,76548,76178,9619,85797,662
2022-10-31,Plumas,063,18699,3720,3705,432,4137,13
2022-10-31,Riverside,065,2383286,699791,698387,35413,733800,6659
2022-10-31,Sacramento,067,1510023,350103,348942,34075,383017,3346
2022-10-31,San Benito,069,59416,16332,16284,983,17267,108
2022-10-31,San Bernardino,071,2135413,675202,673959,31070,705029,8120
2022-10-31,San Diego,073,3302833,932027,929768,73084,1002852,5524
2022-10-31,San Francisco,075,870044,181605,180409,12109,192518,1066
2022-10-31,San Joaquin,077,732212,198860,198376,14903,213279,2335
2022-10-31,San Luis Obispo,079,281455,63628,63519,7276,70795,525
2022-10-31,San Mateo,081,765935,170767,169941,10670,180611,741
2022-10-31,Santa Barbara,083,443738,106563,106291,6954,113245,729
2022-10-31,Santa Clara,085,1922200,437209,435788,18953,454741,2528
2022-10-31,Santa Cruz,087,273765,64123,63885,3467,67352,274
2022-10-31,Shasta,089,179085,35225,35117,7502,42619,595
2022-10-31,Sierra,091,2930,308,308,60,368,5
2022-10-31,Siskiyou,093,43540,5327,5307,3323,8630,94
2022-10-31,Solano,095,438530,106233,105796,7874,113670,467
2022-10-31,Sonoma,097,501317,107960,107692,5352,113044,524
2022-10-31,Stanislaus,099,539301,138787,138423,21698,160121,1785
2022-10-31,Sutter,101,95872,24474,24425,2470,26895,233
2022-10-31,Tehama,103,63373,13724,13681,3089,16770,210
2022-10-31,Trinity,105,12862,1412,1398,392,1790,20
2022-10-31,Tulare,107,460477,122263,122140,36652,158792,1541
2022-10-31,Tuolumne,109,53932,15689,15658,934,16592,196
2022-10-31,Ventura,111,848112,210240,209746,15859,225605,1582
2022-10-31,Yolo,113,214977,47801,47703,4571,52274,349
2022-10-31,Yuba,115,75493,19069,19009,1734,20743,133
2022-10-30,Alameda,001,1643700,352073,350419,19861,370280,2040
2022-10-30,Alpine,003,1148,136,136,1,137,0
2022-10-30,Amador,005,37829,10059,10038,928,10966,94
2022-10-30,Butte,007,227075,39848,39707,9130,48837,457
2022-10-30,Calaveras,009,45235,8576,8561,559,9120,134
2022-10-30,Colusa,011,21464,3819,3813,1290,5103,22
2022-10-30,Contra Costa,013,1133247,253625,252398,20778,273176,1458
2022-10-30,Del Norte,015,27424,7466,7455,405,7860,56
2022-10-30,El Dorado,017,186661,32681,32513,4307,36820,231
2022-10-30,Fresno,019,978130,276682,275924,31490,307414,2885
2022-10-30,Glenn,021,27897,5560,5553,1878,7431,48
2022-10-30,Humboldt,023,135768,22122,22065,5110,27175,160
2022-10-30,Imperial,025,180216,66033,65903,16222,82125,959
2022-10-30,Inyo,027,18085,4517,4500,996,5496,60
2022-10-30,Kern,029,883053,220380,219943,64618,284561,2425
2022-10-30,Kings,031,150075,59850,59742,4107,63849,459
2022-10-30,Lake,033,64148,12896,12868,1211,14079,148
2022-10-30,Lassen,035,31185,10007,9989,992,10981,65
2022-10-30,Los Angeles,037,10098052,3307542,3298549,186248,3484797,33679
2022-10-30,Madera,039,155013,44250,44172,8278,52450,375
2022-10-30,Marin,041,260295,45829,45649,5363,51012,314
2022-10-30,Mariposa,043,17540,3119,3107,364,3471,31
2022-10-30,Mendocino,045,87422,16157,16104,4520,20624,153
2022-10-30,Merced,047,269075,72800,72606,11873,84479,870
2022-10-30,Modoc,049,8938,885,884,326,1210,11
2022-10-30,Mono,051,14174,3216,3215,259,3474,7
2022-10-30,Monterey,053,433212,94606,94425,21179,115604,769
2022-10-30,Napa,055,140530,32437,32448,1419,33867,160
2022-10-30,Nevada,057,99092,19154,19094,1896,20990,132
2022-10-30,Orange,059,3164182,672374,671141,63041,734182,7502
2022-10-30,Placer,061,380077,76528,76178,9618,85796,662
2022-10-30,Plumas,063,18699,3719,3705,432,4137,13
2022-10-30,Riverside,065,2383286,699572,698387,35408,733795,6659
2022-10-30,Sacramento,067,1510023,349971,348942,34075,383017,3346
2022-10-30,San Benito,069,59416,16326,16284,983,17267,108
2022-10-30,San Bernardino,071,2135413,675010,673959,31067,705026,8120
2022-10-30,San Diego,073,3302833,931674,929768,73031,1002799,5524
2022-10-30,San Francisco,075,870044,181481,180409,12107,192516,1066
2022-10-30,San Joaquin,077,732212,198794,198376,14891,213267,2335
2022-10-30,San Luis Obispo,079,281455,63614,63519,7274,70793,525
2022-10-30,San Mateo,081,765935,170680,169941,10670,180611,741
2022-10-30,Santa Barbara,083,443738,106537,106291,6951,113242,729
2022-10-30,Santa Clara,085,1922200,436977,435788,18953,454741,2528
2022-10-30,Santa Cruz,087,273765,64101,63885,3467,67352,274
2022-10-30,Shasta,089,179085,35212,35117,7502,42619,595
2022-10-30,Sierra,091,2930,308,308,60,368,5
2022-10-30,Siskiyou,093,43540,5325,5307,3323,8630,94
2022-10-30,Solano,095,438530,106174,105796,7874,113670,467
2022-10-30,Sonoma,097,501317,107924,107692,5352,113044,524
2022-10-30,Stanislaus,099,539301,138751,138423,21697,160120,1785
2022-10-30,Sutter,101,95872,24464,24425,2470,26895,233
2022-10-30,Tehama,103,63373,13716,13681,3089,16770,210
2022-10-30,Trinity,105,12862,1412,1398,392,1790,20
2022-10-30,Tulare,107,460477,122230,122140,36636,158776,1541
2022-10-30,Tuolumne,109,53932,15683,15658,934,16592,196
2022-10-30,Ventura,111,848112,210171,209746,15859,225605,1582
2022-10-30,Yolo,113,214977,47777,47703,4563,52266,349
2022-10-30,Yuba,115,75493,19061,19009,1734,20743,133
2022-10-29,Alameda,001,1643700,351964,350419,19861,370280,2040
2022-10-29,Alpine,003,1148,136,136,1,137,0
2022-10-29,Amador,005,37829,10057,10038,928,10966,94
2022-10-29,Butte,007,227075,39841,39707,9130,48837,457
2022-10-29,Calaveras,009,45235,8571,8561,559,9120,134
2022-10-29,Colusa,011,21464,3818,3813,1290,5103,22
2022-10-29,Contra Costa,013,1133247,253536,252398,20778,273176,1458
2022-10-29,Del Norte,015,27424,7466,7455,405,7860,56
2022-10-29,El Dorado,017,186661,32675,32513,4307,36820,231
2022-10-29,Fresno,019,978130,276633,275924,31490,307414,2885
2022-10-29,Glenn,021,27897,5559,5553,1878,7431,48
2022-10-29,Humboldt,023,135768,22116,22065,5110,27175,160
2022-10-29,Imperial,025,180216,66022,65903,16206,82109,959
2022-10-29,Inyo,027,18085,4517,4500,996,5496,60
2022-10-29,Kern,029,883053,220349,219943,64595,284538,2425
2022-10-29,Kings,031,150075,59842,59742,4107,63849,459
2022-10-29,Lake,033,64148,12892,12868,1211,14079,148
2022-10-29,Lassen,035,31185,10007,9989,992,10981,65
2022-10-29,Los Angeles,037,10098052,3306923,3298549,186147,3484696,33679
2022-10-29,Madera,039,155013,44245,44172,8278,52450,375
2022-10-29,Marin,041,260295,45811,45649,5363,51012,314
2022-10-29,Mariposa,043,17540,3119,3107,364,3471,31
2022-10-29,Mendocino,045,87422,16156,16104,4520,20624,153
2022-10-29,Merced,047,269075,72786,72606,11873,84479,870
2022-10-29,Modoc,049,8938,885,884,326,1210,11
2022-10-29,Mono,051,14174,3216,3215,259,3474,7
2022-10-29,Monterey,053,433212,94593,94425,21176,115601,769
2022-10-29,Napa,055,140530,32427,32448,1419,33867,160
2022-10-29,Nevada,057,99092,19148,19094,1895,20989,132
2022-10-29,Orange,059,3164182,672282,671141,63041,734182,7502
2022-10-29,Placer,061,380077,76513,76178,9617,85795,662
2022-10-29,Plumas,063,18699,3719,3705,432,4137,13
2022-10-29,Riverside,065,2383286,699459,698387,35408,733795,6659
2022-10-29,Sacramento,067,1510023,349903,348942,34075,383017,3346
2022-10-29,San Benito,069,59416,16322,16284,983,17267,108
2022-10-29,San Bernardino,071,2135413,674902,673959,31067,705026,8120
2022-10-29,San Diego,073,3302833,931519,929768,73019,1002787,5524
2022-10-29,San Francisco,075,870044,181414,180409,12106,192515,1066
2022-10-29,San Joaquin,077,732212,198761,198376,14887,213263,2335
2022-10-29,San Luis Obispo,079,281455,63612,63519,7272,70791,525
2022-10-29,San Mateo,081,765935,170625,169941,10670,180611,741
2022-10-29,Santa Barbara,083,443738,106518,106291,6950,113241,729
2022-10-29,Santa Clara,085,1922200,436842,435788,18953,454741,2528
2022-10-29,Santa Cruz,087,273765,64088,63885,3467,67352,274
2022-10-29,Shasta,089,179085,35205,35117,7501,42618,595
2022-10-29,Sierra,091,2930,308,308,60,368,5
2022-10-29,Siskiyou,093,43540,5324,5307,3322,8629,94
2022-10-29,Solano,095,438530,106141,105796,7874,113670,467
2022-10-29,Sonoma,097,501317,107907,107692,5352,113044,524
2022-10-29,Stanislaus,099,539301,138716,138423,21696,160119,1785
2022-10-29,Sutter,101,95872,24458,24425,2470,26895,233
2022-10-29,Tehama,103,63373,13713,13681,3089,16770,210
2022-10-29,Trinity,105,12862,1408,1398,392,1790,20
2022-10-29,Tulare,107,460477,122210,122140,36623,158763,1541
2022-10-29,Tuolumne,109,53932,15678,15658,934,16592,196
2022-10-29,Ventura,111,848112,210130,209746,15859,225605,1582
2022-10-29,Yolo,113,214977,47764,47703,4562,52265,349
2022-10-29,Yuba,115,75493,19058,19009,1734,20743,133
2022-10-28,Alameda,001,1643700,351875,350419,19860,370279,2040
2022-10-28,Alpine,003,1148,136,136,1,137,0
2022-10-28,Amador,005,37829,10052,10038,928,10966,94
2022-10-28,Butte,007,227075,39835,39707,9130,48837,457
2022-10-28,Calaveras,009,45235,8571,8561,559,9120,134
2022-10-28,Colusa,011,21464,3818,3813,1290,5103,22
2022-10-28,Contra Costa,013,1133247,253453,252398,20778,273176,1458
2022-10-28,Del Norte,015,27424,7465,7455,405,7860,56
2022-10-28,El Dorado,017,186661,32665,32513,4307,36820,231
2022-10-28,Fresno,019,978130,276586,275924,31490,307414,2885
2022-10-28,Glenn,021,27897,5558,5553,1877,7430,48
2022-10-28,Humboldt,023,135768,22111,22065,5109,27174,160
2022-10-28,Imperial,025,180216,66007,65903,16198,82101,959
2022-10-28,Inyo,027,18085,4514,4500,996,5496,60
2022-10-28,Kern,029,883053,220321,219943,64588,284531,2425
2022-10-28,Kings,031,150075,59839,59742,4107,63849,459
2022-10-28,Lake,033,64148,12890,12868,1211,14079,148
2022-10-28,Lassen,035,31185,10007,9989,992,10981,65
2022-10-28,Los Angeles,037,10098052,3306298,3298549,186039,3484588,33679
2022-10-28,Madera,039,155013,44237,44172,8278,52450,375
2022-10-28,Marin,041,260295,45799,45649,5363,51012,314
2022-10-28,Mariposa,043,17540,3116,3107,364,3471,31
2022-10-28,Mendocino,045,87422,16153,16104,4520,20624,153
2022-10-28,Merced,047,269075,72774,72606,11873,84479,870
2022-10-28,Modoc,049,8938,885,884,326,1210,11
2022-10-28,Mono,051,14174,3216,3215,259,3474,7
2022-10-28,Monterey,053,433212,94580,94425,21172,115597,769
2022-10-28,Napa,055,140530,32419,32448,1419,33867,160
2022-10-28,Nevada,057,99092,19145,19094,1895,20989,132
2022-10-28,Orange,059,3164182,672173,671141,63035,734176,7502
2022-10-28,Placer,061,380077,76501,76178,9617,85795,662
2022-10-28,Plumas,063,18699,3719,3705,432,4137,13
2022-10-28,Riverside,065,2383286,699342,698387,35408,733795,6659
2022-10-28,Sacramento,067,1510023,349803,348942,34075,383017,3346
2022-10-28,San Benito,069,59416,16318,16284,983,17267,108
2022-10-28,San Bernardino,071,2135413,674789,673959,31067,705026,8120
2022-10-28,San Diego,073,3302833,931338,929768,73005,1002773,5524
2022-10-28,San Francisco,075,870044,181358,180409,12106,192515,1066
2022-10-28,San Joaquin,077,732212,198733,198376,14886,213262,2335
2022-10-28,San Luis Obispo,079,281455,63607,63519,7272,70791,525
2022-10-28,San Mateo,081,765935,170568,169941,10670,180611,741
2022-10-28,Santa Barbara,083,443738,106505,106291,6950,113241,729
2022-10-28,Santa Clara,085,1922200,436697,435788,18953,454741,2528
2022-10-28,Santa Cruz,087,273765,64073,63885,3467,67352,274
2022-10-28,Shasta,089,179085,35199,35117,7501,42618,595
2022-10-28,Sierra,091,2930,308,308,60,368,5
2022-10-28,Siskiyou,093,43540,5320,5307,3322,8629,94
2022-10-28,Solano,095,438530,106114,105796,7874,113670,467
2022-10-28,Sonoma,097,501317,107886,107692,5352,113044,524
2022-10-28,Stanislaus,099,539301,138685,138423,21696,160119,1785
2022-10-28,Sutter,101,95872,24449,24425,2470,26895,233
2022-10-28,Tehama,103,63373,13709,13681,3089,16770,210
2022-10-28,Trinity,105,12862,1405,1398,392,1790,20
2022-10-28,Tulare,107,460477,122187,122140,36614,158754,1541
2022-10-28,Tuolumne,109,53932,15676,15658,934,16592,196
2022-10-28,Ventura,111,848112,210090,209746,15859,225605,1582
2022-10-28,Yolo,113,214977,47755,47703,4562,52265,349
2022-10-28,Yuba,115,75493,19052,19009,1733,20742,133
2022-10-27,Alameda,001,1643700,351743,350419,19859,370278,2040
2022-10-27,Alpine,003,1148,136,136,1,137,0
2022-10-27,Amador,005,37829,10051,10038,928,10966,94
2022-10-27,Butte,007,227075,39828,39707,9130,48837,457
2022-10-27,Calaveras,009,45235,8569,8561,559,9120,134
2022-10-27,Colusa,011,21464,3815,3813,1290,5103,22
2022-10-27,Contra Costa,013,1133247,253354,252398,20777,273175,1458
2022-10-27,Del Norte,015,27424,7460,7455,405,7860,56
2022-10-27,El Dorado,017,186661,32648,32513,4307,36820,231
2022-10-27,Fresno,019,978130,276524,275924,31490,307414,2885
2022-10-27,Glenn,021,27897,5555,5553,1877,7430,48
2022-10-27,Humboldt,023,135768,22102,22065,5109,27174,160
2022-10-27,Imperial,025,180216,65994,65903,16186,82089,959
2022-10-27,Inyo,027,18085,4512,4500,996,5496,60
2022-10-27,Kern,029,883053,220258,219943,64565,284508,2425
2022-10-27,Kings,031,150075,59781,59742,4107,63849,459
2022-10-27,Lake,033,64148,12884,12868,1211,14079,148
2022-10-27,Lassen,035,31185,10005,9989,992,10981,65
2022-10-27,Los Angeles,037,10098052,3305448,3298549,185899,3484448,33679
2022-10-27,Madera,039,155013,44227,44172,8278,52450,375
2022-10-27,Marin,041,260295,45782,45649,5363,51012,314
2022-10-27,Mariposa,043,17540,3115,3107,364,3471,31
2022-10-27,Mendocino,045,87422,16150,16104,4520,20624,153
2022-10-27,Merced,047,269075,72765,72606,11872,84478,870
2022-10-27,Modoc,049,8938,885,884,326,1210,11
2022-10-27,Mono,051,14174,3216,3215,259,3474,7
2022-10-27,Monterey,053,433212,94559,94425,21164,115589,769
2022-10-27,Napa,055,140530,32413,32448,1419,33867,160
2022-10-27,Nevada,057,99092,19140,19094,1894,20988,132
2022-10-27,Orange,059,3164182,672007,671141,63031,734172,7502
2022-10-27,Placer,061,380077,76488,76178,9617,85795,662
2022-10-27,Plumas,063,18699,3719,3705,432,4137,13
2022-10-27,Riverside,065,2383286,699212,698387,35405,733792,6659
2022-10-27,Sacramento,067,1510023,349670,348942,34073,383015,3346
2022-10-27,San Benito,069,59416,16317,16284,983,17267,108
2022-10-27,San Bernardino,071,2135413,674656,673959,31067,705026,8120
2022-10-27,San Diego,073,3302833,931095,929768,72975,1002743,5524
2022-10-27,San Francisco,075,870044,181269,180409,12106,192515,1066
2022-10-27,San Joaquin,077,732212,198700,198376,14883,213259,2335
2022-10-27,San Luis Obispo,079,281455,63594,63519,7270,70789,525
2022-10-27,San Mateo,081,765935,170480,169941,10670,180611,741
2022-10-27,Santa Barbara,083,443738,106475,106291,6950,113241,729
2022-10-27,Santa Clara,085,1922200,436527,435788,18953,454741,2528
2022-10-27,Santa Cruz,087,273765,64053,63885,3467,67352,274
2022-10-27,Shasta,089,179085,35190,35117,7501,42618,595
2022-10-27,Sierra,091,2930,308,308,60,368,5
2022-10-27,Siskiyou,093,43540,5316,5307,3322,8629,94
2022-10-27,Solano,095,438530,106074,105796,7874,113670,467
2022-10-27,Sonoma,097,501317,107857,107692,5352,113044,524
2022-10-27,Stanislaus,099,539301,138646,138423,21693,160116,1785
2022-10-27,Sutter,101,95872,24441,24425,2470,26895,233
2022-10-27,Tehama,103,63373,13708,13681,3089,16770,210
2022-10-27,Trinity,105,12862,1404,1398,392,1790,20
2022-10-27,Tulare,107,460477,122171,122140,36594,158734,1541
2022-10-27,Tuolumne,109,53932,15673,15658,934,16592,196
2022-10-27,Ventura,111,848112,210038,209746,15859,225605,1582
2022-10-27,Yolo,113,214977,47753,47703,4560,52263,349
2022-10-27,Yuba,115,75493,19047,19009,1732,20741,133
2022-10-26,Alameda,001,1643700,351574,350419,19859,370278,2040
2022-10-26,Alpine,003,1148,136,136,1,137,0
2022-10-26,Amador,005,37829,10050,10038,928,10966,94
2022-10-26,Butte,007,227075,39817,39707,9126,48833,457
2022-10-26,Calaveras,009,45235,8568,8561,559,9120,134
2022-10-26,Colusa,011,21464,3810,3813,1290,5103,22
2022-10-26,Contra Costa,013,1133247,253261,252398,20777,273175,1458
2022-10-26,Del Norte,015,27424,7459,7455,405,7860,56
2022-10-26,El Dorado,017,186661,32626,32513,4307,36820,231
2022-10-26,Fresno,019,978130,276472,275924,31489,307413,2885
2022-10-26,Glenn,021,27897,5555,5553,1876,7429,48
2022-10-26,Humboldt,023,135768,22097,22065,5104,27169,160
2022-10-26,Imperial,025,180216,65974,65903,16174,82077,959
2022-10-26,Inyo,027,18085,4511,4500,996,5496,60
2022-10-26,Kern,029,883053,220220,219943,64547,284490,2425
2022-10-26,Kings,031,150075,59776,59742,4107,63849,459
2022-10-26,Lake,033,64148,12882,12868,1211,14079,148
2022-10-26,Lassen,035,31185,10000,9989,992,10981,65
2022-10-26,Los Angeles,037,10098052,3304532,3298549,185743,3484292,33679
2022-10-26,Madera,039,155013,44219,44172,8278,52450,375
2022-10-26,Marin,041,260295,45769,45649,5361,51010,314
2022-10-26,Mariposa,043,17540,3114,3107,364,3471,31
2022-10-26,Mendocino,045,87422,16148,16104,4520,20624,153
2022-10-26,Merced,047,269075,72750,72606,11871,84477,870
2022-10-26,Modoc,049,8938,885,884,326,1210,11
2022-10-26,Mono,051,14174,3216,3215,259,3474,7
2022-10-26,Monterey,053,433212,94534,94425,21159,115584,769
2022-10-26,Napa,055,140530,32406,32448,1419,33867,160
2022-10-26,Nevada,057,99092,19138,19094,1886,20980,132
2022-10-26,Orange,059,3164182,671839,671141,63021,734162,7502
2022-10-26,Placer,061,380077,76466,76178,9615,85793,662
2022-10-26,Plumas,063,18699,3717,3705,432,4137,13
2022-10-26,Riverside,065,2383286,699069,698387,35405,733792,6659
2022-10-26,Sacramento,067,1510023,349599,348942,34073,383015,3346
2022-10-26,San Benito,069,59416,16312,16284,983,17267,108
2022-10-26,San Bernardino,071,2135413,674490,673959,31066,705025,8120
2022-10-26,San Diego,073,3302833,930814,929768,72933,1002701,5524
2022-10-26,San Francisco,075,870044,181194,180409,12106,192515,1066
2022-10-26,San Joaquin,077,732212,198648,198376,14878,213254,2335
2022-10-26,San Luis Obispo,079,281455,63580,63519,7270,70789,525
2022-10-26,San Mateo,081,765935,170393,169941,10670,180611,741
2022-10-26,Santa Barbara,083,443738,106442,106291,6950,113241,729
2022-10-26,Santa Clara,085,1922200,436354,435788,18952,454740,2528
2022-10-26,Santa Cruz,087,273765,64027,63885,3466,67351,274
2022-10-26,Shasta,089,179085,35182,35117,7501,42618,595
2022-10-26,Sierra,091,2930,308,308,60,368,5
2022-10-26,Siskiyou,093,43540,5314,5307,3322,8629,94
2022-10-26,Solano,095,438530,106016,105796,7874,113670,467
2022-10-26,Sonoma,097,501317,107831,107692,5349,113041,524
2022-10-26,Stanislaus,099,539301,138614,138423,21688,160111,1785
2022-10-26,Sutter,101,95872,24431,24425,2470,26895,233
2022-10-26,Tehama,103,63373,13703,13681,3089,16770,210
2022-10-26,Trinity,105,12862,1398,1398,392,1790,20
2022-10-26,Tulare,107,460477,122155,122140,36578,158718,1541
2022-10-26,Tuolumne,109,53932,15667,15658,934,16592,196
2022-10-26,Ventura,111,848112,209977,209746,15858,225604,1582
2022-10-26,Yolo,113,214977,47744,47703,4557,52260,349
2022-10-26,Yuba,115,75493,19040,19009,1732,20741,133
2022-10-25,Alameda,001,1643700,351422,350419,19858,370277,2040
2022-10-25,Alpine,003,1148,136,136,1,137,0
2022-10-25,Amador,005,37829,10048,10038,928,10966,94
2022-10-25,Butte,007,227075,39801,39707,9126,48833,457
2022-10-25,Calaveras,009,45235,8566,8561,559,9120,134
2022-10-25,Colusa,011,21464,3809,3813,1290,5103,22
2022-10-25,Contra Costa,013,1133247,253154,252398,20777,273175,1458
2022-10-25,Del Norte,015,27424,7458,7455,405,7860,56
2022-10-25,El Dorado,017,186661,32605,32513,4306,36819,231
2022-10-25,Fresno,019,978130,276417,275924,31489,307413,2885
2022-10-25,Glenn,021,27897,5553,5553,1876,7429,48
2022-10-25,Humboldt,023,135768,22091,22065,5104,27169,160
2022-10-25,Imperial,025,180216,65953,65903,16167,82070,959
2022-10-25,Inyo,027,18085,4511,4500,996,5496,60
2022-10-25,Kern,029,883053,220171,219943,64518,284461,2425
2022-10-25,Kings,031,150075,59761,59742,4107,63849,459
2022-10-25,Lake,033,64148,12879,12868,1211,14079,148
2022-10-25,Lassen,035,31185,9992,9989,992,10981,65
2022-10-25,Los Angeles,037,10098052,3303655,3298549,185602,3484151,33679
2022-10-25,Madera,039,155013,44210,44172,8278,52450,375
2022-10-25,Marin,041,260295,45742,45649,5360,51009,314
2022-10-25,Mariposa,043,17540,3113,3107,364,3471,31
2022-10-25,Mendocino,045,87422,16141,16104,4520,20624,153
2022-10-25,Merced,047,269075,72734,72606,11871,84477,870
2022-10-25,Modoc,049,8938,885,884,326,1210,11
2022-10-25,Mono,051,14174,3216,3215,259,3474,7
2022-10-25,Monterey,053,433212,94509,94425,21153,115578,769
2022-10-25,Napa,055,140530,32403,32448,1419,33867,160
2022-10-25,Nevada,057,99092,19134,19094,1884,20978,132
2022-10-25,Orange,059,3164182,671671,671141,63008,734149,7502
2022-10-25,Placer,061,380077,76432,76178,9615,85793,662
2022-10-25,Plumas,063,18699,3716,3705,432,4137,13
2022-10-25,Riverside,065,2383286,698903,698387,35405,733792,6659
2022-10-25,Sacramento,067,1510023,349491,348942,34068,383010,3346
2022-10-25,San Benito,069,59416,16305,16284,982,17266,108
2022-10-25,San Bernardino,071,2135413,674353,673959,31066,705025,8120
2022-10-25,San Diego,073,3302833,930543,929768,72878,1002646,5524
2022-10-25,San Francisco,075,870044,181108,180409,12105,192514,1066
2022-10-25,San Joaquin,077,732212,198590,198376,14878,213254,2335
2022-10-25,San Luis Obispo,079,281455,63560,63519,7270,70789,525
2022-10-25,San Mateo,081,765935,170322,169941,10669,180610,741
2022-10-25,Santa Barbara,083,443738,106407,106291,6950,113241,729
2022-10-25,Santa Clara,085,1922200,436164,435788,18952,454740,2528
2022-10-25,Santa Cruz,087,273765,63992,63885,3466,67351,274
2022-10-25,Shasta,089,179085,35176,35117,7501,42618,595
2022-10-25,Sierra,091,2930,308,308,60,368,5
2022-10-25,Siskiyou,093,43540,5312,5307,3322,8629,94
2022-10-25,Solano,095,438530,105971,105796,7874,113670,467
2022-10-25,Sonoma,097,501317,107788,107692,5349,113041,524
2022-10-25,Stanislaus,099,539301,138585,138423,21680,160103,1785
2022-10-25,Sutter,101,95872,24424,24425,2470,26895,233
2022-10-25,Tehama,103,63373,13700,13681,3089,16770,210
2022-10-25,Trinity,105,12862,1398,1398,392,1790,20
2022-10-25,Tulare,107,460477,122130,122140,36567,158707,1541
2022-10-25,Tuolumne,109,53932,15666,15658,934,16592,196
2022-10-25,Ventura,111,848112,209929,209746,15858,225604,1582
2022-10-25,Yolo,113,214977,47733,47703,4548,52251,349
2022-10-25,Yuba,115,75493,19033,19009,1732,20741,133
2022-10-24,Alameda,001,1643700,351265,349337,19858,369195,2031
2022-10-24,Alpine,003,1148,136,136,1,137,0
2022-10-24,Amador,005,37829,10046,10025,928,10953,94
2022-10-24,Butte,007,227075,39787,39607,9124,48731,456
2022-10-24,Calaveras,009,45235,8566,8541,559,9100,135
2022-10-24,Colusa,011,21464,3807,3807,1290,5097,22
2022-10-24,Contra Costa,013,1133247,253037,251722,20777,272499,1444
2022-10-24,Del Norte,015,27424,7453,7450,405,7855,56
2022-10-24,El Dorado,017,186661,32592,32443,4306,36749,232
2022-10-24,Fresno,019,978130,276354,275502,31489,306991,2893
2022-10-24,Glenn,021,27897,5552,5543,1876,7419,48
2022-10-24,Humboldt,023,135768,22085,21979,5102,27081,160
2022-10-24,Imperial,025,180216,65933,65801,16159,81960,961
2022-10-24,Inyo,027,18085,4510,4497,996,5493,60
2022-10-24,Kern,029,883053,220121,219679,64492,284171,2424
2022-10-24,Kings,031,150075,59743,59632,4107,63739,460
2022-10-24,Lake,033,64148,12874,12847,1211,14058,148
2022-10-24,Lassen,035,31185,9992,9977,992,10969,65
2022-10-24,Los Angeles,037,10098052,3302668,3289814,185443,3475257,33533
2022-10-24,Madera,039,155013,44205,44121,8278,52399,375
2022-10-24,Marin,041,260295,45713,45521,5360,50881,314
2022-10-24,Mariposa,043,17540,3111,3096,364,3460,31
2022-10-24,Mendocino,045,87422,16137,16059,4520,20579,136
2022-10-24,Merced,047,269075,72721,72442,11870,84312,869
2022-10-24,Modoc,049,8938,884,883,326,1209,11
2022-10-24,Mono,051,14174,3216,3212,258,3470,7
2022-10-24,Monterey,053,433212,94487,94275,21148,115423,768
2022-10-24,Napa,055,140530,32399,32395,1419,33814,160
2022-10-24,Nevada,057,99092,19126,19056,1875,20931,132
2022-10-24,Orange,059,3164182,671496,669923,62999,732922,7536
2022-10-24,Placer,061,380077,76400,76022,9614,85636,662
2022-10-24,Plumas,063,18699,3715,3691,432,4123,13
2022-10-24,Riverside,065,2383286,698770,697500,35403,732903,6569
2022-10-24,Sacramento,067,1510023,349373,348260,34059,382319,3337
2022-10-24,San Benito,069,59416,16299,16251,982,17233,107
2022-10-24,San Bernardino,071,2135413,674187,673189,31064,704253,8152
2022-10-24,San Diego,073,3302833,930268,928182,72825,1001007,5517
2022-10-24,San Francisco,075,870044,181001,179967,12105,192072,1056
2022-10-24,San Joaquin,077,732212,198536,198041,14870,212911,2336
2022-10-24,San Luis Obispo,079,281455,63548,63410,7269,70679,525
2022-10-24,San Mateo,081,765935,170261,169484,10669,180153,732
2022-10-24,Santa Barbara,083,443738,106384,106125,6949,113074,726
2022-10-24,Santa Clara,085,1922200,435964,434684,18951,453635,2523
2022-10-24,Santa Cruz,087,273765,63969,63592,3465,67057,275
2022-10-24,Shasta,089,179085,35161,35031,7500,42531,595
2022-10-24,Sierra,091,2930,308,305,60,365,5
2022-10-24,Siskiyou,093,43540,5310,5298,3322,8620,94
2022-10-24,Solano,095,438530,105923,105561,7874,113435,466
2022-10-24,Sonoma,097,501317,107757,107436,5349,112785,527
2022-10-24,Stanislaus,099,539301,138557,138223,21677,159900,1785
2022-10-24,Sutter,101,95872,24419,24393,2470,26863,233
2022-10-24,Tehama,103,63373,13698,13647,3088,16735,209
2022-10-24,Trinity,105,12862,1397,1396,392,1788,20
2022-10-24,Tulare,107,460477,122110,122035,36554,158589,1540
2022-10-24,Tuolumne,109,53932,15663,15626,934,16560,196
2022-10-24,Ventura,111,848112,209879,209427,15858,225285,1571
2022-10-24,Yolo,113,214977,47722,47611,4546,52157,346
2022-10-24,Yuba,115,75493,19025,18969,1731,20700,130
2022-10-23,Alameda,001,1643700,351073,349337,19857,369194,2031
2022-10-23,Alpine,003,1148,136,136,1,137,0
2022-10-23,Amador,005,37829,10045,10025,928,10953,94
2022-10-23,Butte,007,227075,39775,39607,9124,48731,456
2022-10-23,Calaveras,009,45235,8561,8541,559,9100,135
2022-10-23,Colusa,011,21464,3807,3807,1288,5095,22
2022-10-23,Contra Costa,013,1133247,252930,251722,20777,272499,1444
2022-10-23,Del Norte,015,27424,7452,7450,405,7855,56
2022-10-23,El Dorado,017,186661,32579,32443,4305,36748,232
2022-10-23,Fresno,019,978130,276291,275502,31489,306991,2893
2022-10-23,Glenn,021,27897,5550,5543,1874,7417,48
2022-10-23,Humboldt,023,135768,22077,21979,5095,27074,160
2022-10-23,Imperial,025,180216,65921,65801,16140,81941,961
2022-10-23,Inyo,027,18085,4508,4497,996,5493,60
2022-10-23,Kern,029,883053,220070,219679,64432,284111,2424
2022-10-23,Kings,031,150075,59725,59632,4106,63738,460
2022-10-23,Lake,033,64148,12873,12847,1211,14058,148
2022-10-23,Lassen,035,31185,9989,9977,992,10969,65
2022-10-23,Los Angeles,037,10098052,3301732,3289814,185260,3475074,33533
2022-10-23,Madera,039,155013,44193,44121,8278,52399,375
2022-10-23,Marin,041,260295,45698,45521,5358,50879,314
2022-10-23,Mariposa,043,17540,3108,3096,364,3460,31
2022-10-23,Mendocino,045,87422,16130,16059,4520,20579,136
2022-10-23,Merced,047,269075,72713,72442,11868,84310,869
2022-10-23,Modoc,049,8938,884,883,326,1209,11
2022-10-23,Mono,051,14174,3216,3212,258,3470,7
2022-10-23,Monterey,053,433212,94467,94275,21141,115416,768
2022-10-23,Napa,055,140530,32381,32395,1419,33814,160
2022-10-23,Nevada,057,99092,19114,19056,1875,20931,132
2022-10-23,Orange,059,3164182,671288,669923,62991,732914,7536
2022-10-23,Placer,061,380077,76370,76022,9613,85635,662
2022-10-23,Plumas,063,18699,3714,3691,432,4123,13
2022-10-23,Riverside,065,2383286,698593,697500,35403,732903,6569
2022-10-23,Sacramento,067,1510023,349229,348260,34058,382318,3337
2022-10-23,San Benito,069,59416,16292,16251,982,17233,107
2022-10-23,San Bernardino,071,2135413,674052,673189,31063,704252,8152
2022-10-23,San Diego,073,3302833,929922,928182,72782,1000964,5517
2022-10-23,San Francisco,075,870044,180894,179967,12105,192072,1056
2022-10-23,San Joaquin,077,732212,198476,198041,14866,212907,2336
2022-10-23,San Luis Obispo,079,281455,63534,63410,7264,70674,525
2022-10-23,San Mateo,081,765935,170172,169484,10668,180152,732
2022-10-23,Santa Barbara,083,443738,106343,106125,6949,113074,726
2022-10-23,Santa Clara,085,1922200,435745,434684,18951,453635,2523
2022-10-23,Santa Cruz,087,273765,63915,63592,3465,67057,275
2022-10-23,Shasta,089,179085,35148,35031,7499,42530,595
2022-10-23,Sierra,091,2930,308,305,60,365,5
2022-10-23,Siskiyou,093,43540,5308,5298,3321,8619,94
2022-10-23,Solano,095,438530,105872,105561,7874,113435,466
2022-10-23,Sonoma,097,501317,107698,107436,5349,112785,527
2022-10-23,Stanislaus,099,539301,138515,138223,21674,159897,1785
2022-10-23,Sutter,101,95872,24413,24393,2470,26863,233
2022-10-23,Tehama,103,63373,13692,13647,3088,16735,209
2022-10-23,Trinity,105,12862,1397,1396,392,1788,20
2022-10-23,Tulare,107,460477,122081,122035,36551,158586,1540
2022-10-23,Tuolumne,109,53932,15660,15626,934,16560,196
2022-10-23,Ventura,111,848112,209829,209427,15858,225285,1571
2022-10-23,Yolo,113,214977,47704,47611,4536,52147,346
2022-10-23,Yuba,115,75493,19019,18969,1730,20699,130
2022-10-22,Alameda,001,1643700,350973,349337,19857,369194,2031
2022-10-22,Alpine,003,1148,136,136,1,137,0
2022-10-22,Amador,005,37829,10043,10025,928,10953,94
2022-10-22,Butte,007,227075,39769,39607,9121,48728,456
2022-10-22,Calaveras,009,45235,8558,8541,559,9100,135
2022-10-22,Colusa,011,21464,3807,3807,1288,5095,22
2022-10-22,Contra Costa,013,1133247,252865,251722,20776,272498,1444
2022-10-22,Del Norte,015,27424,7451,7450,405,7855,56
2022-10-22,El Dorado,017,186661,32572,32443,4305,36748,232
2022-10-22,Fresno,019,978130,276253,275502,31489,306991,2893
2022-10-22,Glenn,021,27897,5549,5543,1874,7417,48
2022-10-22,Humboldt,023,135768,22072,21979,5093,27072,160
2022-10-22,Imperial,025,180216,65909,65801,16131,81932,961
2022-10-22,Inyo,027,18085,4507,4497,996,5493,60
2022-10-22,Kern,029,883053,220051,219679,64402,284081,2424
2022-10-22,Kings,031,150075,59716,59632,4106,63738,460
2022-10-22,Lake,033,64148,12871,12847,1211,14058,148
2022-10-22,Lassen,035,31185,9989,9977,992,10969,65
2022-10-22,Los Angeles,037,10098052,3301219,3289814,185182,3474996,33533
2022-10-22,Madera,039,155013,44185,44121,8278,52399,375
2022-10-22,Marin,041,260295,45678,45521,5356,50877,314
2022-10-22,Mariposa,043,17540,3108,3096,364,3460,31
2022-10-22,Mendocino,045,87422,16129,16059,4520,20579,136
2022-10-22,Merced,047,269075,72703,72442,11868,84310,869
2022-10-22,Modoc,049,8938,884,883,326,1209,11
2022-10-22,Mono,051,14174,3215,3212,258,3470,7
2022-10-22,Monterey,053,433212,94455,94275,21134,115409,768
2022-10-22,Napa,055,140530,32377,32395,1419,33814,160
2022-10-22,Nevada,057,99092,19110,19056,1875,20931,132
2022-10-22,Orange,059,3164182,671199,669923,62987,732910,7536
2022-10-22,Placer,061,380077,76350,76022,9611,85633,662
2022-10-22,Plumas,063,18699,3714,3691,432,4123,13
2022-10-22,Riverside,065,2383286,698498,697500,35403,732903,6569
2022-10-22,Sacramento,067,1510023,349154,348260,34058,382318,3337
2022-10-22,San Benito,069,59416,16284,16251,982,17233,107
2022-10-22,San Bernardino,071,2135413,673973,673189,31062,704251,8152
2022-10-22,San Diego,073,3302833,929790,928182,72759,1000941,5517
2022-10-22,San Francisco,075,870044,180844,179967,12105,192072,1056
2022-10-22,San Joaquin,077,732212,198452,198041,14865,212906,2336
2022-10-22,San Luis Obispo,079,281455,63530,63410,7264,70674,525
2022-10-22,San Mateo,081,765935,170117,169484,10668,180152,732
2022-10-22,Santa Barbara,083,443738,106330,106125,6949,113074,726
2022-10-22,Santa Clara,085,1922200,435613,434684,18950,453634,2523
2022-10-22,Santa Cruz,087,273765,63902,63592,3465,67057,275
2022-10-22,Shasta,089,179085,35143,35031,7499,42530,595
2022-10-22,Sierra,091,2930,308,305,60,365,5
2022-10-22,Siskiyou,093,43540,5304,5298,3321,8619,94
2022-10-22,Solano,095,438530,105851,105561,7874,113435,466
2022-10-22,Sonoma,097,501317,107685,107436,5349,112785,527
2022-10-22,Stanislaus,099,539301,138497,138223,21671,159894,1785
2022-10-22,Sutter,101,95872,24411,24393,2470,26863,233
2022-10-22,Tehama,103,63373,13688,13647,3087,16734,209
2022-10-22,Trinity,105,12862,1397,1396,392,1788,20
2022-10-22,Tulare,107,460477,122070,122035,36548,158583,1540
2022-10-22,Tuolumne,109,53932,15658,15626,934,16560,196
2022-10-22,Ventura,111,848112,209804,209427,15858,225285,1571
2022-10-22,Yolo,113,214977,47694,47611,4535,52146,346
2022-10-22,Yuba,115,75493,19012,18969,1730,20699,130
2022-10-21,Alameda,001,1643700,350893,349337,19856,369193,2031
2022-10-21,Alpine,003,1148,136,136,1,137,0
2022-10-21,Amador,005,37829,10042,10025,928,10953,94
2022-10-21,Butte,007,227075,39757,39607,9119,48726,456
2022-10-21,Calaveras,009,45235,8558,8541,559,9100,135
2022-10-21,Colusa,011,21464,3806,3807,1288,5095,22
2022-10-21,Contra Costa,013,1133247,252800,251722,20776,272498,1444
2022-10-21,Del Norte,015,27424,7451,7450,405,7855,56
2022-10-21,El Dorado,017,186661,32562,32443,4304,36747,232
2022-10-21,Fresno,019,978130,276217,275502,31489,306991,2893
2022-10-21,Glenn,021,27897,5549,5543,1874,7417,48
2022-10-21,Humboldt,023,135768,22064,21979,5093,27072,160
2022-10-21,Imperial,025,180216,65905,65801,16124,81925,961
2022-10-21,Inyo,027,18085,4507,4497,996,5493,60
2022-10-21,Kern,029,883053,220030,219679,64384,284063,2424
2022-10-21,Kings,031,150075,59711,59632,4106,63738,460
2022-10-21,Lake,033,64148,12870,12847,1211,14058,148
2022-10-21,Lassen,035,31185,9987,9977,992,10969,65
2022-10-21,Los Angeles,037,10098052,3300661,3289814,185071,3474885,33533
2022-10-21,Madera,039,155013,44178,44121,8278,52399,375
2022-10-21,Marin,041,260295,45658,45521,5354,50875,314
2022-10-21,Mariposa,043,17540,3107,3096,364,3460,31
2022-10-21,Mendocino,045,87422,16122,16059,4520,20579,136
2022-10-21,Merced,047,269075,72697,72442,11868,84310,869
2022-10-21,Modoc,049,8938,884,883,326,1209,11
2022-10-21,Mono,051,14174,3215,3212,258,3470,7
2022-10-21,Monterey,053,433212,94439,94275,21132,115407,768
2022-10-21,Napa,055,140530,32375,32395,1419,33814,160
2022-10-21,Nevada,057,99092,19106,19056,1874,20930,132
2022-10-21,Orange,059,3164182,671079,669923,62984,732907,7536
2022-10-21,Placer,061,380077,76329,76022,9608,85630,662
2022-10-21,Plumas,063,18699,3713,3691,432,4123,13
2022-10-21,Riverside,065,2383286,698408,697500,35403,732903,6569
2022-10-21,Sacramento,067,1510023,349082,348260,34058,382318,3337
2022-10-21,San Benito,069,59416,16282,16251,981,17232,107
2022-10-21,San Bernardino,071,2135413,673897,673189,31062,704251,8152
2022-10-21,San Diego,073,3302833,929640,928182,72735,1000917,5517
2022-10-21,San Francisco,075,870044,180805,179967,12105,192072,1056
2022-10-21,San Joaquin,077,732212,198425,198041,14864,212905,2336
2022-10-21,San Luis Obispo,079,281455,63522,63410,7264,70674,525
2022-10-21,San Mateo,081,765935,170077,169484,10668,180152,732
2022-10-21,Santa Barbara,083,443738,106316,106125,6949,113074,726
2022-10-21,Santa Clara,085,1922200,435482,434684,18949,453633,2523
2022-10-21,Santa Cruz,087,273765,63888,63592,3465,67057,275
2022-10-21,Shasta,089,179085,35136,35031,7498,42529,595
2022-10-21,Sierra,091,2930,308,305,60,365,5
2022-10-21,Siskiyou,093,43540,5304,5298,3321,8619,94
2022-10-21,Solano,095,438530,105828,105561,7874,113435,466
2022-10-21,Sonoma,097,501317,107662,107436,5349,112785,527
2022-10-21,Stanislaus,099,539301,138482,138223,21669,159892,1785
2022-10-21,Sutter,101,95872,24404,24393,2470,26863,233
2022-10-21,Tehama,103,63373,13684,13647,3087,16734,209
2022-10-21,Trinity,105,12862,1397,1396,392,1788,20
2022-10-21,Tulare,107,460477,122064,122035,36547,158582,1540
2022-10-21,Tuolumne,109,53932,15652,15626,934,16560,196
2022-10-21,Ventura,111,848112,209775,209427,15858,225285,1571
2022-10-21,Yolo,113,214977,47684,47611,4534,52145,346
2022-10-21,Yuba,115,75493,19002,18969,1730,20699,130
2022-10-20,Alameda,001,1643700,350757,349337,19856,369193,2031
2022-10-20,Alpine,003,1148,136,136,1,137,0
2022-10-20,Amador,005,37829,10037,10025,928,10953,94
2022-10-20,Butte,007,227075,39750,39607,9119,48726,456
2022-10-20,Calaveras,009,45235,8557,8541,559,9100,135
2022-10-20,Colusa,011,21464,3806,3807,1287,5094,22
2022-10-20,Contra Costa,013,1133247,252700,251722,20776,272498,1444
2022-10-20,Del Norte,015,27424,7451,7450,405,7855,56
2022-10-20,El Dorado,017,186661,32546,32443,4304,36747,232
2022-10-20,Fresno,019,978130,276166,275502,31489,306991,2893
2022-10-20,Glenn,021,27897,5549,5543,1874,7417,48
2022-10-20,Humboldt,023,135768,22058,21979,5090,27069,160
2022-10-20,Imperial,025,180216,65897,65801,16112,81913,961
2022-10-20,Inyo,027,18085,4502,4497,996,5493,60
2022-10-20,Kern,029,883053,219992,219679,64350,284029,2424
2022-10-20,Kings,031,150075,59696,59632,4106,63738,460
2022-10-20,Lake,033,64148,12866,12847,1211,14058,148
2022-10-20,Lassen,035,31185,9984,9977,992,10969,65
2022-10-20,Los Angeles,037,10098052,3299921,3289814,184944,3474758,33533
2022-10-20,Madera,039,155013,44166,44121,8278,52399,375
2022-10-20,Marin,041,260295,45641,45521,5353,50874,314
2022-10-20,Mariposa,043,17540,3106,3096,364,3460,31
2022-10-20,Mendocino,045,87422,16117,16059,4520,20579,136
2022-10-20,Merced,047,269075,72688,72442,11868,84310,869
2022-10-20,Modoc,049,8938,883,883,325,1208,11
2022-10-20,Mono,051,14174,3215,3212,258,3470,7
2022-10-20,Monterey,053,433212,94423,94275,21129,115404,768
2022-10-20,Napa,055,140530,32369,32395,1419,33814,160
2022-10-20,Nevada,057,99092,19104,19056,1869,20925,132
2022-10-20,Orange,059,3164182,670946,669923,62981,732904,7536
2022-10-20,Placer,061,380077,76298,76022,9606,85628,662
2022-10-20,Plumas,063,18699,3712,3691,432,4123,13
2022-10-20,Riverside,065,2383286,698282,697500,35403,732903,6569
2022-10-20,Sacramento,067,1510023,348944,348260,34058,382318,3337
2022-10-20,San Benito,069,59416,16279,16251,981,17232,107
2022-10-20,San Bernardino,071,2135413,673789,673189,31061,704250,8152
2022-10-20,San Diego,073,3302833,929449,928182,72695,1000877,5517
2022-10-20,San Francisco,075,870044,180744,179967,12104,192071,1056
2022-10-20,San Joaquin,077,732212,198392,198041,14858,212899,2336
2022-10-20,San Luis Obispo,079,281455,63512,63410,7260,70670,525
2022-10-20,San Mateo,081,765935,170006,169484,10668,180152,732
2022-10-20,Santa Barbara,083,443738,106294,106125,6949,113074,726
2022-10-20,Santa Clara,085,1922200,435332,434684,18948,453632,2523
2022-10-20,Santa Cruz,087,273765,63851,63592,3465,67057,275
2022-10-20,Shasta,089,179085,35126,35031,7496,42527,595
2022-10-20,Sierra,091,2930,308,305,60,365,5
2022-10-20,Siskiyou,093,43540,5302,5298,3321,8619,94
2022-10-20,Solano,095,438530,105792,105561,7874,113435,466
2022-10-20,Sonoma,097,501317,107628,107436,5349,112785,527
2022-10-20,Stanislaus,099,539301,138445,138223,21667,159890,1785
2022-10-20,Sutter,101,95872,24400,24393,2470,26863,233
2022-10-20,Tehama,103,63373,13678,13647,3087,16734,209
2022-10-20,Trinity,105,12862,1397,1396,392,1788,20
2022-10-20,Tulare,107,460477,122049,122035,36547,158582,1540
2022-10-20,Tuolumne,109,53932,15646,15626,934,16560,196
2022-10-20,Ventura,111,848112,209736,209427,15858,225285,1571
2022-10-20,Yolo,113,214977,47674,47611,4530,52141,346
2022-10-20,Yuba,115,75493,18996,18969,1730,20699,130
2022-10-19,Alameda,001,1643700,350621,349337,19856,369193,2031
2022-10-19,Alpine,003,1148,136,136,1,137,0
2022-10-19,Amador,005,37829,10035,10025,928,10953,94
2022-10-19,Butte,007,227075,39743,39607,9118,48725,456
2022-10-19,Calaveras,009,45235,8555,8541,559,9100,135
2022-10-19,Colusa,011,21464,3805,3807,1287,5094,22
2022-10-19,Contra Costa,013,1133247,252619,251722,20775,272497,1444
2022-10-19,Del Norte,015,27424,7451,7450,405,7855,56
2022-10-19,El Dorado,017,186661,32531,32443,4303,36746,232
2022-10-19,Fresno,019,978130,276105,275502,31487,306989,2893
2022-10-19,Glenn,021,27897,5546,5543,1874,7417,48
2022-10-19,Humboldt,023,135768,22042,21979,5087,27066,160
2022-10-19,Imperial,025,180216,65881,65801,16100,81901,961
2022-10-19,Inyo,027,18085,4502,4497,996,5493,60
2022-10-19,Kern,029,883053,219946,219679,64313,283992,2424
2022-10-19,Kings,031,150075,59682,59632,4106,63738,460
2022-10-19,Lake,033,64148,12862,12847,1211,14058,148
2022-10-19,Lassen,035,31185,9981,9977,992,10969,65
2022-10-19,Los Angeles,037,10098052,3299100,3289814,184815,3474629,33533
2022-10-19,Madera,039,155013,44158,44121,8278,52399,375
2022-10-19,Marin,041,260295,45619,45521,5353,50874,314
2022-10-19,Mariposa,043,17540,3103,3096,364,3460,31
2022-10-19,Mendocino,045,87422,16112,16059,4520,20579,136
2022-10-19,Merced,047,269075,72670,72442,11868,84310,869
2022-10-19,Modoc,049,8938,883,883,325,1208,11
2022-10-19,Mono,051,14174,3214,3212,257,3469,7
2022-10-19,Monterey,053,433212,94409,94275,21125,115400,768
2022-10-19,Napa,055,140530,32362,32395,1419,33814,160
2022-10-19,Nevada,057,99092,19099,19056,1868,20924,132
2022-10-19,Orange,059,3164182,670738,669923,62977,732900,7536
2022-10-19,Placer,061,380077,76271,76022,9604,85626,662
2022-10-19,Plumas,063,18699,3709,3691,432,4123,13
2022-10-19,Riverside,065,2383286,698161,697500,35402,732902,6569
2022-10-19,Sacramento,067,1510023,348836,348260,34056,382316,3337
2022-10-19,San Benito,069,59416,16275,16251,981,17232,107
2022-10-19,San Bernardino,071,2135413,673657,673189,31061,704250,8152
2022-10-19,San Diego,073,3302833,929193,928182,72649,1000831,5517
2022-10-19,San Francisco,075,870044,180667,179967,12103,192070,1056
2022-10-19,San Joaquin,077,732212,198349,198041,14852,212893,2336
2022-10-19,San Luis Obispo,079,281455,63498,63410,7260,70670,525
2022-10-19,San Mateo,081,765935,169943,169484,10668,180152,732
2022-10-19,Santa Barbara,083,443738,106265,106125,6949,113074,726
2022-10-19,Santa Clara,085,1922200,435172,434684,18947,453631,2523
2022-10-19,Santa Cruz,087,273765,63802,63592,3465,67057,275
2022-10-19,Shasta,089,179085,35117,35031,7495,42526,595
2022-10-19,Sierra,091,2930,308,305,60,365,5
2022-10-19,Siskiyou,093,43540,5301,5298,3320,8618,94
2022-10-19,Solano,095,438530,105760,105561,7873,113434,466
2022-10-19,Sonoma,097,501317,107596,107436,5349,112785,527
2022-10-19,Stanislaus,099,539301,138412,138223,21664,159887,1785
2022-10-19,Sutter,101,95872,24397,24393,2470,26863,233
2022-10-19,Tehama,103,63373,13673,13647,3087,16734,209
2022-10-19,Trinity,105,12862,1396,1396,392,1788,20
2022-10-19,Tulare,107,460477,122041,122035,36545,158580,1540
2022-10-19,Tuolumne,109,53932,15642,15626,934,16560,196
2022-10-19,Ventura,111,848112,209693,209427,15858,225285,1571
2022-10-19,Yolo,113,214977,47664,47611,4522,52133,346
2022-10-19,Yuba,115,75493,18987,18969,1730,20699,130
2022-10-18,Alameda,001,1643700,350497,349337,19856,369193,2031
2022-10-18,Alpine,003,1148,136,136,1,137,0
2022-10-18,Amador,005,37829,10032,10025,928,10953,94
2022-10-18,Butte,007,227075,39734,39607,9118,48725,456
2022-10-18,Calaveras,009,45235,8550,8541,559,9100,135
2022-10-18,Colusa,011,21464,3804,3807,1285,5092,22
2022-10-18,Contra Costa,013,1133247,252530,251722,20774,272496,1444
2022-10-18,Del Norte,015,27424,7447,7450,405,7855,56
2022-10-18,El Dorado,017,186661,32513,32443,4301,36744,232
2022-10-18,Fresno,019,978130,276049,275502,31487,306989,2893
2022-10-18,Glenn,021,27897,5546,5543,1874,7417,48
2022-10-18,Humboldt,023,135768,22029,21979,5086,27065,160
2022-10-18,Imperial,025,180216,65861,65801,16087,81888,961
2022-10-18,Inyo,027,18085,4502,4497,996,5493,60
2022-10-18,Kern,029,883053,219902,219679,64282,283961,2424
2022-10-18,Kings,031,150075,59667,59632,4105,63737,460
2022-10-18,Lake,033,64148,12856,12847,1211,14058,148
2022-10-18,Lassen,035,31185,9978,9977,992,10969,65
2022-10-18,Los Angeles,037,10098052,3298293,3289814,184679,3474493,33533
2022-10-18,Madera,039,155013,44149,44121,8278,52399,375
2022-10-18,Marin,041,260295,45593,45521,5351,50872,314
2022-10-18,Mariposa,043,17540,3101,3096,364,3460,31
2022-10-18,Mendocino,045,87422,16101,16059,4520,20579,136
2022-10-18,Merced,047,269075,72651,72442,11867,84309,869
2022-10-18,Modoc,049,8938,883,883,325,1208,11
2022-10-18,Mono,051,14174,3213,3212,257,3469,7
2022-10-18,Monterey,053,433212,94382,94275,21122,115397,768
2022-10-18,Napa,055,140530,32357,32395,1419,33814,160
2022-10-18,Nevada,057,99092,19094,19056,1868,20924,132
2022-10-18,Orange,059,3164182,670563,669923,62950,732873,7536
2022-10-18,Placer,061,380077,76240,76022,9601,85623,662
2022-10-18,Plumas,063,18699,3708,3691,432,4123,13
2022-10-18,Riverside,065,2383286,698012,697500,35401,732901,6569
2022-10-18,Sacramento,067,1510023,348716,348260,34056,382316,3337
2022-10-18,San Benito,069,59416,16270,16251,981,17232,107
2022-10-18,San Bernardino,071,2135413,673548,673189,31060,704249,8152
2022-10-18,San Diego,073,3302833,928896,928182,72601,1000783,5517
2022-10-18,San Francisco,075,870044,180585,179967,12103,192070,1056
2022-10-18,San Joaquin,077,732212,198313,198041,14846,212887,2336
2022-10-18,San Luis Obispo,079,281455,63475,63410,7258,70668,525
2022-10-18,San Mateo,081,765935,169867,169484,10668,180152,732
2022-10-18,Santa Barbara,083,443738,106239,106125,6949,113074,726
2022-10-18,Santa Clara,085,1922200,434999,434684,18946,453630,2523
2022-10-18,Santa Cruz,087,273765,63781,63592,3465,67057,275
2022-10-18,Shasta,089,179085,35110,35031,7495,42526,595
2022-10-18,Sierra,091,2930,308,305,60,365,5
2022-10-18,Siskiyou,093,43540,5301,5298,3320,8618,94
2022-10-18,Solano,095,438530,105725,105561,7872,113433,466
2022-10-18,Sonoma,097,501317,107551,107436,5349,112785,527
2022-10-18,Stanislaus,099,539301,138388,138223,21659,159882,1785
2022-10-18,Sutter,101,95872,24393,24393,2470,26863,233
2022-10-18,Tehama,103,63373,13666,13647,3086,16733,209
2022-10-18,Trinity,105,12862,1396,1396,392,1788,20
2022-10-18,Tulare,107,460477,122022,122035,36540,158575,1540
2022-10-18,Tuolumne,109,53932,15637,15626,934,16560,196
2022-10-18,Ventura,111,848112,209631,209427,15858,225285,1571
2022-10-18,Yolo,113,214977,47655,47611,4519,52130,346
2022-10-18,Yuba,115,75493,18980,18969,1730,20699,130
2022-10-17,Alameda,001,1643700,350345,348487,19856,368343,2027
2022-10-17,Alpine,003,1148,136,135,1,136,0
2022-10-17,Amador,005,37829,10028,10013,928,10941,93
2022-10-17,Butte,007,227075,39719,39567,9118,48685,456
2022-10-17,Calaveras,009,45235,8547,8523,559,9082,133
2022-10-17,Colusa,011,21464,3804,3805,1285,5090,22
2022-10-17,Contra Costa,013,1133247,252422,250897,20773,271670,1440
2022-10-17,Del Norte,015,27424,7447,7440,405,7845,56
2022-10-17,El Dorado,017,186661,32500,32373,4299,36672,231
2022-10-17,Fresno,019,978130,275981,275035,31486,306521,2873
2022-10-17,Glenn,021,27897,5543,5532,1874,7406,48
2022-10-17,Humboldt,023,135768,22016,21914,5078,26992,159
2022-10-17,Imperial,025,180216,65843,65691,16061,81752,958
2022-10-17,Inyo,027,18085,4502,4492,995,5487,60
2022-10-17,Kern,029,883053,219857,219487,64254,283741,2420
2022-10-17,Kings,031,150075,59655,59560,4104,63664,459
2022-10-17,Lake,033,64148,12853,12815,1210,14025,146
2022-10-17,Lassen,035,31185,9976,9970,992,10962,65
2022-10-17,Los Angeles,037,10098052,3297401,3285385,184522,3469907,33525
2022-10-17,Madera,039,155013,44144,44078,8278,52356,375
2022-10-17,Marin,041,260295,45575,45378,5350,50728,315
2022-10-17,Mariposa,043,17540,3099,3091,364,3455,31
2022-10-17,Mendocino,045,87422,16095,16023,4520,20543,136
2022-10-17,Merced,047,269075,72633,72326,11867,84193,868
2022-10-17,Modoc,049,8938,883,882,325,1207,11
2022-10-17,Mono,051,14174,3213,3206,257,3463,7
2022-10-17,Monterey,053,433212,94358,94183,21119,115302,768
2022-10-17,Napa,055,140530,32348,32326,1419,33745,161
2022-10-17,Nevada,057,99092,19089,19023,1867,20890,132
2022-10-17,Orange,059,3164182,670388,668814,62932,731746,7473
2022-10-17,Placer,061,380077,76210,75902,9595,85497,660
2022-10-17,Plumas,063,18699,3703,3682,432,4114,13
2022-10-17,Riverside,065,2383286,697856,696402,35400,731802,6561
2022-10-17,Sacramento,067,1510023,348585,347495,34055,381550,3324
2022-10-17,San Benito,069,59416,16259,16223,981,17204,107
2022-10-17,San Bernardino,071,2135413,673416,672221,31058,703279,8148
2022-10-17,San Diego,073,3302833,928595,926574,72552,999126,5507
2022-10-17,San Francisco,075,870044,180503,179482,12103,191585,1048
2022-10-17,San Joaquin,077,732212,198265,197672,14841,212513,2322
2022-10-17,San Luis Obispo,079,281455,63460,63321,7257,70578,524
2022-10-17,San Mateo,081,765935,169803,168944,10668,179612,732
2022-10-17,Santa Barbara,083,443738,106219,105931,6949,112880,726
2022-10-17,Santa Clara,085,1922200,434786,433458,18946,452404,2513
2022-10-17,Santa Cruz,087,273765,63733,63316,3465,66781,273
2022-10-17,Shasta,089,179085,35088,34971,7495,42466,595
2022-10-17,Sierra,091,2930,306,305,60,365,5
2022-10-17,Siskiyou,093,43540,5298,5287,3320,8607,92
2022-10-17,Solano,095,438530,105687,105287,7871,113158,465
2022-10-17,Sonoma,097,501317,107512,107199,5347,112546,520
2022-10-17,Stanislaus,099,539301,138358,137994,21653,159647,1782
2022-10-17,Sutter,101,95872,24392,24357,2470,26827,233
2022-10-17,Tehama,103,63373,13662,13624,3085,16709,209
2022-10-17,Trinity,105,12862,1396,1396,392,1788,20
2022-10-17,Tulare,107,460477,122004,121902,36534,158436,1538
2022-10-17,Tuolumne,109,53932,15630,15586,934,16520,196
2022-10-17,Ventura,111,848112,209589,209051,15858,224909,1571
2022-10-17,Yolo,113,214977,47632,47498,4513,52011,343
2022-10-17,Yuba,115,75493,18974,18934,1730,20664,129
2022-10-16,Alameda,001,1643700,350180,348487,19856,368343,2027
2022-10-16,Alpine,003,1148,136,135,1,136,0
2022-10-16,Amador,005,37829,10027,10013,928,10941,93
2022-10-16,Butte,007,227075,39699,39567,9117,48684,456
2022-10-16,Calaveras,009,45235,8546,8523,559,9082,133
2022-10-16,Colusa,011,21464,3803,3805,1285,5090,22
2022-10-16,Contra Costa,013,1133247,252298,250897,20773,271670,1440
2022-10-16,Del Norte,015,27424,7446,7440,405,7845,56
2022-10-16,El Dorado,017,186661,32485,32373,4298,36671,231
2022-10-16,Fresno,019,978130,275893,275035,31486,306521,2873
2022-10-16,Glenn,021,27897,5542,5532,1874,7406,48
2022-10-16,Humboldt,023,135768,21997,21914,5071,26985,159
2022-10-16,Imperial,025,180216,65811,65691,16044,81735,958
2022-10-16,Inyo,027,18085,4501,4492,995,5487,60
2022-10-16,Kern,029,883053,219813,219487,64216,283703,2420
2022-10-16,Kings,031,150075,59644,59560,4104,63664,459
2022-10-16,Lake,033,64148,12849,12815,1210,14025,146
2022-10-16,Lassen,035,31185,9975,9970,992,10962,65
2022-10-16,Los Angeles,037,10098052,3296491,3285385,184376,3469761,33525
2022-10-16,Madera,039,155013,44130,44078,8278,52356,375
2022-10-16,Marin,041,260295,45553,45378,5349,50727,315
2022-10-16,Mariposa,043,17540,3098,3091,364,3455,31
2022-10-16,Mendocino,045,87422,16086,16023,4520,20543,136
2022-10-16,Merced,047,269075,72613,72326,11867,84193,868
2022-10-16,Modoc,049,8938,883,882,325,1207,11
2022-10-16,Mono,051,14174,3212,3206,257,3463,7
2022-10-16,Monterey,053,433212,94330,94183,21113,115296,768
2022-10-16,Napa,055,140530,32339,32326,1419,33745,161
2022-10-16,Nevada,057,99092,19085,19023,1867,20890,132
2022-10-16,Orange,059,3164182,670191,668814,62924,731738,7473
2022-10-16,Placer,061,380077,76185,75902,9590,85492,660
2022-10-16,Plumas,063,18699,3699,3682,432,4114,13
2022-10-16,Riverside,065,2383286,697686,696402,35398,731800,6561
2022-10-16,Sacramento,067,1510023,348406,347495,34055,381550,3324
2022-10-16,San Benito,069,59416,16255,16223,980,17203,107
2022-10-16,San Bernardino,071,2135413,673254,672221,31058,703279,8148
2022-10-16,San Diego,073,3302833,928274,926574,72503,999077,5507
2022-10-16,San Francisco,075,870044,180395,179482,12101,191583,1048
2022-10-16,San Joaquin,077,732212,198189,197672,14838,212510,2322
2022-10-16,San Luis Obispo,079,281455,63435,63321,7255,70576,524
2022-10-16,San Mateo,081,765935,169701,168944,10668,179612,732
2022-10-16,Santa Barbara,083,443738,106190,105931,6949,112880,726
2022-10-16,Santa Clara,085,1922200,434593,433458,18944,452402,2513
2022-10-16,Santa Cruz,087,273765,63647,63316,3464,66780,273
2022-10-16,Shasta,089,179085,35072,34971,7493,42464,595
2022-10-16,Sierra,091,2930,306,305,60,365,5
2022-10-16,Siskiyou,093,43540,5295,5287,3320,8607,92
2022-10-16,Solano,095,438530,105641,105287,7871,113158,465
2022-10-16,Sonoma,097,501317,107460,107199,5347,112546,520
2022-10-16,Stanislaus,099,539301,138329,137994,21651,159645,1782
2022-10-16,Sutter,101,95872,24386,24357,2470,26827,233
2022-10-16,Tehama,103,63373,13657,13624,3085,16709,209
2022-10-16,Trinity,105,12862,1396,1396,392,1788,20
2022-10-16,Tulare,107,460477,121978,121902,36532,158434,1538
2022-10-16,Tuolumne,109,53932,15628,15586,934,16520,196
2022-10-16,Ventura,111,848112,209517,209051,15858,224909,1571
2022-10-16,Yolo,113,214977,47616,47498,4504,52002,343
2022-10-16,Yuba,115,75493,18969,18934,1730,20664,129
2022-10-15,Alameda,001,1643700,350083,348487,19855,368342,2027
2022-10-15,Alpine,003,1148,136,135,1,136,0
2022-10-15,Amador,005,37829,10025,10013,928,10941,93
2022-10-15,Butte,007,227075,39696,39567,9117,48684,456
2022-10-15,Calaveras,009,45235,8543,8523,559,9082,133
2022-10-15,Colusa,011,21464,3803,3805,1285,5090,22
2022-10-15,Contra Costa,013,1133247,252226,250897,20773,271670,1440
2022-10-15,Del Norte,015,27424,7446,7440,405,7845,56
2022-10-15,El Dorado,017,186661,32475,32373,4298,36671,231
2022-10-15,Fresno,019,978130,275866,275035,31486,306521,2873
2022-10-15,Glenn,021,27897,5541,5532,1874,7406,48
2022-10-15,Humboldt,023,135768,21989,21914,5067,26981,159
2022-10-15,Imperial,025,180216,65804,65691,16038,81729,958
2022-10-15,Inyo,027,18085,4501,4492,995,5487,60
2022-10-15,Kern,029,883053,219788,219487,64185,283672,2420
2022-10-15,Kings,031,150075,59630,59560,4104,63664,459
2022-10-15,Lake,033,64148,12849,12815,1210,14025,146
2022-10-15,Lassen,035,31185,9974,9970,992,10962,65
2022-10-15,Los Angeles,037,10098052,3296022,3285385,184296,3469681,33525
2022-10-15,Madera,039,155013,44127,44078,8278,52356,375
2022-10-15,Marin,041,260295,45537,45378,5346,50724,315
2022-10-15,Mariposa,043,17540,3098,3091,364,3455,31
2022-10-15,Mendocino,045,87422,16079,16023,4520,20543,136
2022-10-15,Merced,047,269075,72601,72326,11867,84193,868
2022-10-15,Modoc,049,8938,883,882,325,1207,11
2022-10-15,Mono,051,14174,3211,3206,257,3463,7
2022-10-15,Monterey,053,433212,94313,94183,21108,115291,768
2022-10-15,Napa,055,140530,32336,32326,1419,33745,161
2022-10-15,Nevada,057,99092,19081,19023,1867,20890,132
2022-10-15,Orange,059,3164182,670087,668814,62922,731736,7473
2022-10-15,Placer,061,380077,76171,75902,9589,85491,660
2022-10-15,Plumas,063,18699,3698,3682,432,4114,13
2022-10-15,Riverside,065,2383286,697597,696402,35398,731800,6561
2022-10-15,Sacramento,067,1510023,348322,347495,34055,381550,3324
2022-10-15,San Benito,069,59416,16251,16223,980,17203,107
2022-10-15,San Bernardino,071,2135413,673187,672221,31057,703278,8148
2022-10-15,San Diego,073,3302833,928157,926574,72491,999065,5507
2022-10-15,San Francisco,075,870044,180343,179482,12101,191583,1048
2022-10-15,San Joaquin,077,732212,198152,197672,14837,212509,2322
2022-10-15,San Luis Obispo,079,281455,63427,63321,7252,70573,524
2022-10-15,San Mateo,081,765935,169649,168944,10668,179612,732
2022-10-15,Santa Barbara,083,443738,106164,105931,6947,112878,726
2022-10-15,Santa Clara,085,1922200,434486,433458,18944,452402,2513
2022-10-15,Santa Cruz,087,273765,63621,63316,3462,66778,273
2022-10-15,Shasta,089,179085,35065,34971,7493,42464,595
2022-10-15,Sierra,091,2930,306,305,60,365,5
2022-10-15,Siskiyou,093,43540,5294,5287,3320,8607,92
2022-10-15,Solano,095,438530,105624,105287,7871,113158,465
2022-10-15,Sonoma,097,501317,107435,107199,5347,112546,520
2022-10-15,Stanislaus,099,539301,138311,137994,21650,159644,1782
2022-10-15,Sutter,101,95872,24383,24357,2470,26827,233
2022-10-15,Tehama,103,63373,13655,13624,3085,16709,209
2022-10-15,Trinity,105,12862,1396,1396,392,1788,20
2022-10-15,Tulare,107,460477,121966,121902,36530,158432,1538
2022-10-15,Tuolumne,109,53932,15622,15586,934,16520,196
2022-10-15,Ventura,111,848112,209486,209051,15858,224909,1571
2022-10-15,Yolo,113,214977,47607,47498,4502,52000,343
2022-10-15,Yuba,115,75493,18967,18934,1729,20663,129
2022-10-14,Alameda,001,1643700,350008,348487,19855,368342,2027
2022-10-14,Alpine,003,1148,136,135,1,136,0
2022-10-14,Amador,005,37829,10025,10013,928,10941,93
2022-10-14,Butte,007,227075,39688,39567,9116,48683,456
2022-10-14,Calaveras,009,45235,8539,8523,559,9082,133
2022-10-14,Colusa,011,21464,3802,3805,1285,5090,22
2022-10-14,Contra Costa,013,1133247,252163,250897,20773,271670,1440
2022-10-14,Del Norte,015,27424,7446,7440,405,7845,56
2022-10-14,El Dorado,017,186661,32468,32373,4298,36671,231
2022-10-14,Fresno,019,978130,275833,275035,31486,306521,2873
2022-10-14,Glenn,021,27897,5540,5532,1874,7406,48
2022-10-14,Humboldt,023,135768,21987,21914,5064,26978,159
2022-10-14,Imperial,025,180216,65794,65691,16030,81721,958
2022-10-14,Inyo,027,18085,4501,4492,995,5487,60
2022-10-14,Kern,029,883053,219772,219487,64162,283649,2420
2022-10-14,Kings,031,150075,59623,59560,4104,63664,459
2022-10-14,Lake,033,64148,12847,12815,1210,14025,146
2022-10-14,Lassen,035,31185,9974,9970,992,10962,65
2022-10-14,Los Angeles,037,10098052,3295519,3285385,184203,3469588,33525
2022-10-14,Madera,039,155013,44122,44078,8278,52356,375
2022-10-14,Marin,041,260295,45526,45378,5345,50723,315
2022-10-14,Mariposa,043,17540,3098,3091,364,3455,31
2022-10-14,Mendocino,045,87422,16074,16023,4520,20543,136
2022-10-14,Merced,047,269075,72588,72326,11867,84193,868
2022-10-14,Modoc,049,8938,883,882,325,1207,11
2022-10-14,Mono,051,14174,3211,3206,257,3463,7
2022-10-14,Monterey,053,433212,94293,94183,21107,115290,768
2022-10-14,Napa,055,140530,32328,32326,1419,33745,161
2022-10-14,Nevada,057,99092,19074,19023,1867,20890,132
2022-10-14,Orange,059,3164182,669986,668814,62922,731736,7473
2022-10-14,Placer,061,380077,76155,75902,9586,85488,660
2022-10-14,Plumas,063,18699,3697,3682,432,4114,13
2022-10-14,Riverside,065,2383286,697504,696402,35398,731800,6561
2022-10-14,Sacramento,067,1510023,348251,347495,34055,381550,3324
2022-10-14,San Benito,069,59416,16247,16223,980,17203,107
2022-10-14,San Bernardino,071,2135413,673113,672221,31055,703276,8148
2022-10-14,San Diego,073,3302833,927942,926574,72469,999043,5507
2022-10-14,San Francisco,075,870044,180295,179482,12100,191582,1048
2022-10-14,San Joaquin,077,732212,198120,197672,14836,212508,2322
2022-10-14,San Luis Obispo,079,281455,63417,63321,7250,70571,524
2022-10-14,San Mateo,081,765935,169598,168944,10668,179612,732
2022-10-14,Santa Barbara,083,443738,106149,105931,6947,112878,726
2022-10-14,Santa Clara,085,1922200,434349,433458,18944,452402,2513
2022-10-14,Santa Cruz,087,273765,63590,63316,3461,66777,273
2022-10-14,Shasta,089,179085,35060,34971,7493,42464,595
2022-10-14,Sierra,091,2930,306,305,60,365,5
2022-10-14,Siskiyou,093,43540,5293,5287,3320,8607,92
2022-10-14,Solano,095,438530,105593,105287,7870,113157,465
2022-10-14,Sonoma,097,501317,107415,107199,5347,112546,520
2022-10-14,Stanislaus,099,539301,138287,137994,21647,159641,1782
2022-10-14,Sutter,101,95872,24376,24357,2470,26827,233
2022-10-14,Tehama,103,63373,13651,13624,3084,16708,209
2022-10-14,Trinity,105,12862,1396,1396,392,1788,20
2022-10-14,Tulare,107,460477,121949,121902,36530,158432,1538
2022-10-14,Tuolumne,109,53932,15618,15586,934,16520,196
2022-10-14,Ventura,111,848112,209437,209051,15858,224909,1571
2022-10-14,Yolo,113,214977,47597,47498,4497,51995,343
2022-10-14,Yuba,115,75493,18961,18934,1729,20663,129
2022-10-13,Alameda,001,1643700,349869,348487,19854,368341,2027
2022-10-13,Alpine,003,1148,136,135,1,136,0
2022-10-13,Amador,005,37829,10023,10013,928,10941,93
2022-10-13,Butte,007,227075,39678,39567,9115,48682,456
2022-10-13,Calaveras,009,45235,8537,8523,559,9082,133
2022-10-13,Colusa,011,21464,3802,3805,1285,5090,22
2022-10-13,Contra Costa,013,1133247,252078,250897,20773,271670,1440
2022-10-13,Del Norte,015,27424,7445,7440,405,7845,56
2022-10-13,El Dorado,017,186661,32456,32373,4298,36671,231
2022-10-13,Fresno,019,978130,275789,275035,31485,306520,2873
2022-10-13,Glenn,021,27897,5540,5532,1874,7406,48
2022-10-13,Humboldt,023,135768,21976,21914,5064,26978,159
2022-10-13,Imperial,025,180216,65780,65691,16018,81709,958
2022-10-13,Inyo,027,18085,4500,4492,995,5487,60
2022-10-13,Kern,029,883053,219740,219487,64131,283618,2420
2022-10-13,Kings,031,150075,59613,59560,4104,63664,459
2022-10-13,Lake,033,64148,12844,12815,1210,14025,146
2022-10-13,Lassen,035,31185,9973,9970,992,10962,65
2022-10-13,Los Angeles,037,10098052,3294783,3285385,184071,3469456,33525
2022-10-13,Madera,039,155013,44114,44078,8278,52356,375
2022-10-13,Marin,041,260295,45496,45378,5342,50720,315
2022-10-13,Mariposa,043,17540,3097,3091,364,3455,31
2022-10-13,Mendocino,045,87422,16068,16023,4520,20543,136
2022-10-13,Merced,047,269075,72573,72326,11865,84191,868
2022-10-13,Modoc,049,8938,883,882,325,1207,11
2022-10-13,Mono,051,14174,3210,3206,257,3463,7
2022-10-13,Monterey,053,433212,94279,94183,21103,115286,768
2022-10-13,Napa,055,140530,32314,32326,1418,33744,161
2022-10-13,Nevada,057,99092,19063,19023,1867,20890,132
2022-10-13,Orange,059,3164182,669836,668814,62916,731730,7473
2022-10-13,Placer,061,380077,76138,75902,9583,85485,660
2022-10-13,Plumas,063,18699,3695,3682,432,4114,13
2022-10-13,Riverside,065,2383286,697381,696402,35398,731800,6561
2022-10-13,Sacramento,067,1510023,348122,347495,34055,381550,3324
2022-10-13,San Benito,069,59416,16246,16223,980,17203,107
2022-10-13,San Bernardino,071,2135413,673018,672221,31054,703275,8148
2022-10-13,San Diego,073,3302833,927738,926574,72445,999019,5507
2022-10-13,San Francisco,075,870044,180205,179482,12100,191582,1048
2022-10-13,San Joaquin,077,732212,198077,197672,14836,212508,2322
2022-10-13,San Luis Obispo,079,281455,63409,63321,7243,70564,524
2022-10-13,San Mateo,081,765935,169506,168944,10668,179612,732
2022-10-13,Santa Barbara,083,443738,106127,105931,6946,112877,726
2022-10-13,Santa Clara,085,1922200,434203,433458,18944,452402,2513
2022-10-13,Santa Cruz,087,273765,63565,63316,3460,66776,273
2022-10-13,Shasta,089,179085,35049,34971,7493,42464,595
2022-10-13,Sierra,091,2930,306,305,60,365,5
2022-10-13,Siskiyou,093,43540,5290,5287,3320,8607,92
2022-10-13,Solano,095,438530,105556,105287,7869,113156,465
2022-10-13,Sonoma,097,501317,107378,107199,5347,112546,520
2022-10-13,Stanislaus,099,539301,138256,137994,21647,159641,1782
2022-10-13,Sutter,101,95872,24372,24357,2470,26827,233
2022-10-13,Tehama,103,63373,13648,13624,3084,16708,209
2022-10-13,Trinity,105,12862,1396,1396,392,1788,20
2022-10-13,Tulare,107,460477,121936,121902,36529,158431,1538
2022-10-13,Tuolumne,109,53932,15611,15586,934,16520,196
2022-10-13,Ventura,111,848112,209389,209051,15858,224909,1571
2022-10-13,Yolo,113,214977,47579,47498,4493,51991,343
2022-10-13,Yuba,115,75493,18955,18934,1729,20663,129
2022-10-12,Alameda,001,1643700,349747,348487,19854,368341,2027
2022-10-12,Alpine,003,1148,135,135,1,136,0
2022-10-12,Amador,005,37829,10021,10013,928,10941,93
2022-10-12,Butte,007,227075,39669,39567,9115,48682,456
2022-10-12,Calaveras,009,45235,8532,8523,559,9082,133
2022-10-12,Colusa,011,21464,3802,3805,1285,5090,22
2022-10-12,Contra Costa,013,1133247,251986,250897,20772,271669,1440
2022-10-12,Del Norte,015,27424,7445,7440,405,7845,56
2022-10-12,El Dorado,017,186661,32446,32373,4298,36671,231
2022-10-12,Fresno,019,978130,275746,275035,31485,306520,2873
2022-10-12,Glenn,021,27897,5539,5532,1874,7406,48
2022-10-12,Humboldt,023,135768,21971,21914,5063,26977,159
2022-10-12,Imperial,025,180216,65760,65691,16008,81699,958
2022-10-12,Inyo,027,18085,4499,4492,995,5487,60
2022-10-12,Kern,029,883053,219703,219487,64102,283589,2420
2022-10-12,Kings,031,150075,59608,59560,4104,63664,459
2022-10-12,Lake,033,64148,12835,12815,1210,14025,146
2022-10-12,Lassen,035,31185,9970,9970,992,10962,65
2022-10-12,Los Angeles,037,10098052,3294035,3285385,183936,3469321,33525
2022-10-12,Madera,039,155013,44105,44078,8278,52356,375
2022-10-12,Marin,041,260295,45478,45378,5339,50717,315
2022-10-12,Mariposa,043,17540,3096,3091,364,3455,31
2022-10-12,Mendocino,045,87422,16066,16023,4520,20543,136
2022-10-12,Merced,047,269075,72550,72326,11864,84190,868
2022-10-12,Modoc,049,8938,883,882,325,1207,11
2022-10-12,Mono,051,14174,3209,3206,257,3463,7
2022-10-12,Monterey,053,433212,94261,94183,21102,115285,768
2022-10-12,Napa,055,140530,32303,32326,1418,33744,161
2022-10-12,Nevada,057,99092,19055,19023,1867,20890,132
2022-10-12,Orange,059,3164182,669669,668814,62911,731725,7473
2022-10-12,Placer,061,380077,76118,75902,9582,85484,660
2022-10-12,Plumas,063,18699,3693,3682,432,4114,13
2022-10-12,Riverside,065,2383286,697258,696402,35398,731800,6561
2022-10-12,Sacramento,067,1510023,348015,347495,34054,381549,3324
2022-10-12,San Benito,069,59416,16241,16223,979,17202,107
2022-10-12,San Bernardino,071,2135413,672889,672221,31053,703274,8148
2022-10-12,San Diego,073,3302833,927479,926574,72410,998984,5507
2022-10-12,San Francisco,075,870044,180126,179482,12100,191582,1048
2022-10-12,San Joaquin,077,732212,198019,197672,14832,212504,2322
2022-10-12,San Luis Obispo,079,281455,63396,63321,7240,70561,524
2022-10-12,San Mateo,081,765935,169426,168944,10668,179612,732
2022-10-12,Santa Barbara,083,443738,106111,105931,6945,112876,726
2022-10-12,Santa Clara,085,1922200,434021,433458,18944,452402,2513
2022-10-12,Santa Cruz,087,273765,63528,63316,3460,66776,273
2022-10-12,Shasta,089,179085,35035,34971,7493,42464,595
2022-10-12,Sierra,091,2930,306,305,60,365,5
2022-10-12,Siskiyou,093,43540,5290,5287,3320,8607,92
2022-10-12,Solano,095,438530,105513,105287,7869,113156,465
2022-10-12,Sonoma,097,501317,107347,107199,5347,112546,520
2022-10-12,Stanislaus,099,539301,138210,137994,21643,159637,1782
2022-10-12,Sutter,101,95872,24366,24357,2470,26827,233
2022-10-12,Tehama,103,63373,13646,13624,3084,16708,209
2022-10-12,Trinity,105,12862,1396,1396,392,1788,20
2022-10-12,Tulare,107,460477,121912,121902,36528,158430,1538
2022-10-12,Tuolumne,109,53932,15607,15586,934,16520,196
2022-10-12,Ventura,111,848112,209337,209051,15858,224909,1571
2022-10-12,Yolo,113,214977,47559,47498,4492,51990,343
2022-10-12,Yuba,115,75493,18948,18934,1729,20663,129
2022-10-11,Alameda,001,1643700,349584,348487,19854,368341,2027
2022-10-11,Alpine,003,1148,135,135,1,136,0
2022-10-11,Amador,005,37829,10017,10013,928,10941,93
2022-10-11,Butte,007,227075,39654,39567,9114,48681,456
2022-10-11,Calaveras,009,45235,8528,8523,559,9082,133
2022-10-11,Colusa,011,21464,3801,3805,1285,5090,22
2022-10-11,Contra Costa,013,1133247,251874,250897,20772,271669,1440
2022-10-11,Del Norte,015,27424,7440,7440,405,7845,56
2022-10-11,El Dorado,017,186661,32427,32373,4298,36671,231
2022-10-11,Fresno,019,978130,275692,275035,31484,306519,2873
2022-10-11,Glenn,021,27897,5538,5532,1873,7405,48
2022-10-11,Humboldt,023,135768,21965,21914,5059,26973,159
2022-10-11,Imperial,025,180216,65747,65691,15990,81681,958
2022-10-11,Inyo,027,18085,4497,4492,995,5487,60
2022-10-11,Kern,029,883053,219679,219487,64083,283570,2420
2022-10-11,Kings,031,150075,59594,59560,4102,63662,459
2022-10-11,Lake,033,64148,12831,12815,1210,14025,146
2022-10-11,Lassen,035,31185,9969,9970,992,10962,65
2022-10-11,Los Angeles,037,10098052,3293209,3285385,183809,3469194,33525
2022-10-11,Madera,039,155013,44098,44078,8278,52356,375
2022-10-11,Marin,041,260295,45461,45378,5337,50715,315
2022-10-11,Mariposa,043,17540,3095,3091,364,3455,31
2022-10-11,Mendocino,045,87422,16061,16023,4520,20543,136
2022-10-11,Merced,047,269075,72524,72326,11863,84189,868
2022-10-11,Modoc,049,8938,882,882,325,1207,11
2022-10-11,Mono,051,14174,3209,3206,257,3463,7
2022-10-11,Monterey,053,433212,94251,94183,21100,115283,768
2022-10-11,Napa,055,140530,32299,32326,1418,33744,161
2022-10-11,Nevada,057,99092,19044,19023,1867,20890,132
2022-10-11,Orange,059,3164182,669498,668814,62904,731718,7473
2022-10-11,Placer,061,380077,76088,75902,9581,85483,660
2022-10-11,Plumas,063,18699,3693,3682,432,4114,13
2022-10-11,Riverside,065,2383286,697126,696402,35397,731799,6561
2022-10-11,Sacramento,067,1510023,347857,347495,34054,381549,3324
2022-10-11,San Benito,069,59416,16235,16223,978,17201,107
2022-10-11,San Bernardino,071,2135413,672755,672221,31051,703272,8148
2022-10-11,San Diego,073,3302833,927199,926574,72376,998950,5507
2022-10-11,San Francisco,075,870044,180032,179482,12100,191582,1048
2022-10-11,San Joaquin,077,732212,197973,197672,14831,212503,2322
2022-10-11,San Luis Obispo,079,281455,63374,63321,7230,70551,524
2022-10-11,San Mateo,081,765935,169350,168944,10668,179612,732
2022-10-11,Santa Barbara,083,443738,106082,105931,6945,112876,726
2022-10-11,Santa Clara,085,1922200,433849,433458,18944,452402,2513
2022-10-11,Santa Cruz,087,273765,63486,63316,3460,66776,273
2022-10-11,Shasta,089,179085,35024,34971,7493,42464,595
2022-10-11,Sierra,091,2930,306,305,60,365,5
2022-10-11,Siskiyou,093,43540,5289,5287,3320,8607,92
2022-10-11,Solano,095,438530,105474,105287,7869,113156,465
2022-10-11,Sonoma,097,501317,107305,107199,5347,112546,520
2022-10-11,Stanislaus,099,539301,138178,137994,21641,159635,1782
2022-10-11,Sutter,101,95872,24362,24357,2470,26827,233
2022-10-11,Tehama,103,63373,13645,13624,3083,16707,209
2022-10-11,Trinity,105,12862,1396,1396,392,1788,20
2022-10-11,Tulare,107,460477,121888,121902,36526,158428,1538
2022-10-11,Tuolumne,109,53932,15601,15586,934,16520,196
2022-10-11,Ventura,111,848112,209284,209051,15858,224909,1571
2022-10-11,Yolo,113,214977,47552,47498,4486,51984,343
2022-10-11,Yuba,115,75493,18936,18934,1729,20663,129
2022-10-10,Alameda,001,1643700,349437,347497,19854,367351,2023
2022-10-10,Alpine,003,1148,135,135,1,136,0
2022-10-10,Amador,005,37829,10014,9999,928,10927,93
2022-10-10,Butte,007,227075,39643,39453,9113,48566,454
2022-10-10,Calaveras,009,45235,8528,8511,559,9070,133
2022-10-10,Colusa,011,21464,3800,3794,1285,5079,22
2022-10-10,Contra Costa,013,1133247,251757,250136,20771,270907,1430
2022-10-10,Del Norte,015,27424,7437,7433,405,7838,56
2022-10-10,El Dorado,017,186661,32412,32320,4296,36616,231
2022-10-10,Fresno,019,978130,275634,274628,31484,306112,2865
2022-10-10,Glenn,021,27897,5537,5510,1873,7383,48
2022-10-10,Humboldt,023,135768,21946,21831,5058,26889,159
2022-10-10,Imperial,025,180216,65729,65532,15973,81505,958
2022-10-10,Inyo,027,18085,4496,4489,995,5484,59
2022-10-10,Kern,029,883053,219636,219191,64054,283245,2418
2022-10-10,Kings,031,150075,59585,59489,4102,63591,458
2022-10-10,Lake,033,64148,12827,12795,1210,14005,147
2022-10-10,Lassen,035,31185,9969,9967,992,10959,65
2022-10-10,Los Angeles,037,10098052,3292337,3278961,183651,3462612,33467
2022-10-10,Madera,039,155013,44085,44029,8278,52307,374
2022-10-10,Marin,041,260295,45444,45190,5333,50523,313
2022-10-10,Mariposa,043,17540,3093,3088,364,3452,31
2022-10-10,Mendocino,045,87422,16048,15992,4520,20512,136
2022-10-10,Merced,047,269075,72506,72236,11862,84098,865
2022-10-10,Modoc,049,8938,882,876,325,1201,11
2022-10-10,Mono,051,14174,3207,3205,257,3462,7
2022-10-10,Monterey,053,433212,94235,94111,21100,115211,766
2022-10-10,Napa,055,140530,32288,32258,1418,33676,160
2022-10-10,Nevada,057,99092,19040,18989,1867,20856,132
2022-10-10,Orange,059,3164182,669312,667297,62899,730196,7452
2022-10-10,Placer,061,380077,76063,75768,9578,85346,660
2022-10-10,Plumas,063,18699,3692,3669,432,4101,13
2022-10-10,Riverside,065,2383286,696970,695315,35396,730711,6567
2022-10-10,Sacramento,067,1510023,347737,346748,34027,380775,3310
2022-10-10,San Benito,069,59416,16231,16188,978,17166,106
2022-10-10,San Bernardino,071,2135413,672601,670906,31050,701956,8116
2022-10-10,San Diego,073,3302833,926936,924672,72337,997009,5498
2022-10-10,San Francisco,075,870044,179945,178943,12100,191043,1045
2022-10-10,San Joaquin,077,732212,197913,197390,14830,212220,2319
2022-10-10,San Luis Obispo,079,281455,63351,63219,7229,70448,524
2022-10-10,San Mateo,081,765935,169263,168413,10668,179081,737
2022-10-10,Santa Barbara,083,443738,106037,105695,6945,112640,725
2022-10-10,Santa Clara,085,1922200,433648,432327,18944,451271,2506
2022-10-10,Santa Cruz,087,273765,63452,63099,3460,66559,273
2022-10-10,Shasta,089,179085,35008,34904,7493,42397,593
2022-10-10,Sierra,091,2930,306,305,60,365,5
2022-10-10,Siskiyou,093,43540,5286,5272,3320,8592,92
2022-10-10,Solano,095,438530,105428,105042,7868,112910,465
2022-10-10,Sonoma,097,501317,107269,106940,5347,112287,520
2022-10-10,Stanislaus,099,539301,138136,137838,21638,159476,1781
2022-10-10,Sutter,101,95872,24353,24326,2470,26796,232
2022-10-10,Tehama,103,63373,13641,13603,3083,16686,210
2022-10-10,Trinity,105,12862,1396,1394,392,1786,20
2022-10-10,Tulare,107,460477,121870,121787,36519,158306,1531
2022-10-10,Tuolumne,109,53932,15595,15558,934,16492,196
2022-10-10,Ventura,111,848112,209213,208632,15858,224490,1567
2022-10-10,Yolo,113,214977,47529,47422,4485,51907,341
2022-10-10,Yuba,115,75493,18930,18914,1729,20643,129
2022-10-09,Alameda,001,1643700,349284,347497,19853,367350,2023
2022-10-09,Alpine,003,1148,135,135,1,136,0
2022-10-09,Amador,005,37829,10012,9999,928,10927,93
2022-10-09,Butte,007,227075,39635,39453,9113,48566,454
2022-10-09,Calaveras,009,45235,8525,8511,559,9070,133
2022-10-09,Colusa,011,21464,3800,3794,1285,5079,22
2022-10-09,Contra Costa,013,1133247,251647,250136,20770,270906,1430
2022-10-09,Del Norte,015,27424,7436,7433,405,7838,56
2022-10-09,El Dorado,017,186661,32401,32320,4296,36616,231
2022-10-09,Fresno,019,978130,275542,274628,31483,306111,2865
2022-10-09,Glenn,021,27897,5534,5510,1873,7383,48
2022-10-09,Humboldt,023,135768,21933,21831,5056,26887,159
2022-10-09,Imperial,025,180216,65699,65532,15952,81484,958
2022-10-09,Inyo,027,18085,4496,4489,995,5484,59
2022-10-09,Kern,029,883053,219603,219191,64000,283191,2418
2022-10-09,Kings,031,150075,59568,59489,4102,63591,458
2022-10-09,Lake,033,64148,12820,12795,1210,14005,147
2022-10-09,Lassen,035,31185,9969,9967,992,10959,65
2022-10-09,Los Angeles,037,10098052,3291344,3278961,183500,3462461,33467
2022-10-09,Madera,039,155013,44075,44029,8278,52307,374
2022-10-09,Marin,041,260295,45411,45190,5329,50519,313
2022-10-09,Mariposa,043,17540,3091,3088,364,3452,31
2022-10-09,Mendocino,045,87422,16042,15992,4520,20512,136
2022-10-09,Merced,047,269075,72487,72236,11859,84095,865
2022-10-09,Modoc,049,8938,882,876,325,1201,11
2022-10-09,Mono,051,14174,3207,3205,257,3462,7
2022-10-09,Monterey,053,433212,94219,94111,21099,115210,766
2022-10-09,Napa,055,140530,32274,32258,1417,33675,160
2022-10-09,Nevada,057,99092,19033,18989,1867,20856,132
2022-10-09,Orange,059,3164182,669090,667297,62887,730184,7452
2022-10-09,Placer,061,380077,76045,75768,9576,85344,660
2022-10-09,Plumas,063,18699,3690,3669,432,4101,13
2022-10-09,Riverside,065,2383286,696776,695315,35396,730711,6567
2022-10-09,Sacramento,067,1510023,347578,346748,34027,380775,3310
2022-10-09,San Benito,069,59416,16229,16188,978,17166,106
2022-10-09,San Bernardino,071,2135413,672446,670906,31050,701956,8116
2022-10-09,San Diego,073,3302833,926657,924672,72304,996976,5498
2022-10-09,San Francisco,075,870044,179848,178943,12100,191043,1045
2022-10-09,San Joaquin,077,732212,197835,197390,14828,212218,2319
2022-10-09,San Luis Obispo,079,281455,63344,63219,7227,70446,524
2022-10-09,San Mateo,081,765935,169157,168413,10668,179081,737
2022-10-09,Santa Barbara,083,443738,106003,105695,6945,112640,725
2022-10-09,Santa Clara,085,1922200,433444,432327,18944,451271,2506
2022-10-09,Santa Cruz,087,273765,63387,63099,3459,66558,273
2022-10-09,Shasta,089,179085,34984,34904,7493,42397,593
2022-10-09,Sierra,091,2930,306,305,60,365,5
2022-10-09,Siskiyou,093,43540,5286,5272,3319,8591,92
2022-10-09,Solano,095,438530,105373,105042,7868,112910,465
2022-10-09,Sonoma,097,501317,107221,106940,5347,112287,520
2022-10-09,Stanislaus,099,539301,138112,137838,21631,159469,1781
2022-10-09,Sutter,101,95872,24342,24326,2470,26796,232
2022-10-09,Tehama,103,63373,13639,13603,3083,16686,210
2022-10-09,Trinity,105,12862,1396,1394,392,1786,20
2022-10-09,Tulare,107,460477,121846,121787,36516,158303,1531
2022-10-09,Tuolumne,109,53932,15588,15558,934,16492,196
2022-10-09,Ventura,111,848112,209166,208632,15858,224490,1567
2022-10-09,Yolo,113,214977,47506,47422,4482,51904,341
2022-10-09,Yuba,115,75493,18927,18914,1729,20643,129
2022-10-08,Alameda,001,1643700,349197,347497,19853,367350,2023
2022-10-08,Alpine,003,1148,135,135,1,136,0
2022-10-08,Amador,005,37829,10011,9999,928,10927,93
2022-10-08,Butte,007,227075,39630,39453,9112,48565,454
2022-10-08,Calaveras,009,45235,8523,8511,559,9070,133
2022-10-08,Colusa,011,21464,3800,3794,1285,5079,22
2022-10-08,Contra Costa,013,1133247,251568,250136,20770,270906,1430
2022-10-08,Del Norte,015,27424,7436,7433,405,7838,56
2022-10-08,El Dorado,017,186661,32392,32320,4296,36616,231
2022-10-08,Fresno,019,978130,275513,274628,31483,306111,2865
2022-10-08,Glenn,021,27897,5533,5510,1873,7383,48
2022-10-08,Humboldt,023,135768,21922,21831,5055,26886,159
2022-10-08,Imperial,025,180216,65674,65532,15946,81478,958
2022-10-08,Inyo,027,18085,4496,4489,993,5482,59
2022-10-08,Kern,029,883053,219570,219191,63981,283172,2418
2022-10-08,Kings,031,150075,59564,59489,4102,63591,458
2022-10-08,Lake,033,64148,12817,12795,1210,14005,147
2022-10-08,Lassen,035,31185,9969,9967,992,10959,65
2022-10-08,Los Angeles,037,10098052,3290786,3278961,183420,3462381,33467
2022-10-08,Madera,039,155013,44070,44029,8278,52307,374
2022-10-08,Marin,041,260295,45391,45190,5324,50514,313
2022-10-08,Mariposa,043,17540,3091,3088,364,3452,31
2022-10-08,Mendocino,045,87422,16041,15992,4520,20512,136
2022-10-08,Merced,047,269075,72477,72236,11858,84094,865
2022-10-08,Modoc,049,8938,880,876,325,1201,11
2022-10-08,Mono,051,14174,3207,3205,257,3462,7
2022-10-08,Monterey,053,433212,94209,94111,21099,115210,766
2022-10-08,Napa,055,140530,32267,32258,1417,33675,160
2022-10-08,Nevada,057,99092,19031,18989,1867,20856,132
2022-10-08,Orange,059,3164182,668976,667297,62885,730182,7452
2022-10-08,Placer,061,380077,76017,75768,9574,85342,660
2022-10-08,Plumas,063,18699,3689,3669,432,4101,13
2022-10-08,Riverside,065,2383286,696680,695315,35396,730711,6567
2022-10-08,Sacramento,067,1510023,347518,346748,34027,380775,3310
2022-10-08,San Benito,069,59416,16226,16188,978,17166,106
2022-10-08,San Bernardino,071,2135413,672369,670906,31048,701954,8116
2022-10-08,San Diego,073,3302833,926524,924672,72289,996961,5498
2022-10-08,San Francisco,075,870044,179800,178943,12100,191043,1045
2022-10-08,San Joaquin,077,732212,197801,197390,14824,212214,2319
2022-10-08,San Luis Obispo,079,281455,63338,63219,7226,70445,524
2022-10-08,San Mateo,081,765935,169107,168413,10668,179081,737
2022-10-08,Santa Barbara,083,443738,105979,105695,6944,112639,725
2022-10-08,Santa Clara,085,1922200,433328,432327,18944,451271,2506
2022-10-08,Santa Cruz,087,273765,63365,63099,3459,66558,273
2022-10-08,Shasta,089,179085,34978,34904,7493,42397,593
2022-10-08,Sierra,091,2930,306,305,60,365,5
2022-10-08,Siskiyou,093,43540,5286,5272,3319,8591,92
2022-10-08,Solano,095,438530,105353,105042,7868,112910,465
2022-10-08,Sonoma,097,501317,107192,106940,5347,112287,520
2022-10-08,Stanislaus,099,539301,138095,137838,21629,159467,1781
2022-10-08,Sutter,101,95872,24339,24326,2470,26796,232
2022-10-08,Tehama,103,63373,13638,13603,3083,16686,210
2022-10-08,Trinity,105,12862,1396,1394,392,1786,20
2022-10-08,Tulare,107,460477,121822,121787,36515,158302,1531
2022-10-08,Tuolumne,109,53932,15583,15558,934,16492,196
2022-10-08,Ventura,111,848112,209132,208632,15858,224490,1567
2022-10-08,Yolo,113,214977,47495,47422,4481,51903,341
2022-10-08,Yuba,115,75493,18924,18914,1729,20643,129
2022-10-07,Alameda,001,1643700,349079,347497,19853,367350,2023
2022-10-07,Alpine,003,1148,135,135,1,136,0
2022-10-07,Amador,005,37829,10009,9999,928,10927,93
2022-10-07,Butte,007,227075,39629,39453,9112,48565,454
2022-10-07,Calaveras,009,45235,8522,8511,559,9070,133
2022-10-07,Colusa,011,21464,3800,3794,1284,5078,22
2022-10-07,Contra Costa,013,1133247,251489,250136,20770,270906,1430
2022-10-07,Del Norte,015,27424,7436,7433,405,7838,56
2022-10-07,El Dorado,017,186661,32383,32320,4296,36616,231
2022-10-07,Fresno,019,978130,275483,274628,31483,306111,2865
2022-10-07,Glenn,021,27897,5532,5510,1872,7382,48
2022-10-07,Humboldt,023,135768,21915,21831,5051,26882,159
2022-10-07,Imperial,025,180216,65662,65532,15940,81472,958
2022-10-07,Inyo,027,18085,4494,4489,993,5482,59
2022-10-07,Kern,029,883053,219540,219191,63954,283145,2418
2022-10-07,Kings,031,150075,59556,59489,4102,63591,458
2022-10-07,Lake,033,64148,12813,12795,1210,14005,147
2022-10-07,Lassen,035,31185,9969,9967,992,10959,65
2022-10-07,Los Angeles,037,10098052,3290171,3278961,183316,3462277,33467
2022-10-07,Madera,039,155013,44066,44029,8278,52307,374
2022-10-07,Marin,041,260295,45372,45190,5324,50514,313
2022-10-07,Mariposa,043,17540,3088,3088,364,3452,31
2022-10-07,Mendocino,045,87422,16037,15992,4520,20512,136
2022-10-07,Merced,047,269075,72470,72236,11857,84093,865
2022-10-07,Modoc,049,8938,880,876,325,1201,11
2022-10-07,Mono,051,14174,3206,3205,257,3462,7
2022-10-07,Monterey,053,433212,94194,94111,21098,115209,766
2022-10-07,Napa,055,140530,32259,32258,1417,33675,160
2022-10-07,Nevada,057,99092,19029,18989,1867,20856,132
2022-10-07,Orange,059,3164182,668858,667297,62883,730180,7452
2022-10-07,Placer,061,380077,75998,75768,9572,85340,660
2022-10-07,Plumas,063,18699,3686,3669,432,4101,13
2022-10-07,Riverside,065,2383286,696592,695315,35396,730711,6567
2022-10-07,Sacramento,067,1510023,347434,346748,34026,380774,3310
2022-10-07,San Benito,069,59416,16224,16188,978,17166,106
2022-10-07,San Bernardino,071,2135413,672287,670906,31048,701954,8116
2022-10-07,San Diego,073,3302833,926351,924672,72271,996943,5498
2022-10-07,San Francisco,075,870044,179739,178943,12100,191043,1045
2022-10-07,San Joaquin,077,732212,197767,197390,14824,212214,2319
2022-10-07,San Luis Obispo,079,281455,63327,63219,7225,70444,524
2022-10-07,San Mateo,081,765935,169037,168413,10668,179081,737
2022-10-07,Santa Barbara,083,443738,105954,105695,6944,112639,725
2022-10-07,Santa Clara,085,1922200,433200,432327,18944,451271,2506
2022-10-07,Santa Cruz,087,273765,63333,63099,3458,66557,273
2022-10-07,Shasta,089,179085,34972,34904,7492,42396,593
2022-10-07,Sierra,091,2930,306,305,60,365,5
2022-10-07,Siskiyou,093,43540,5285,5272,3319,8591,92
2022-10-07,Solano,095,438530,105324,105042,7867,112909,465
2022-10-07,Sonoma,097,501317,107165,106940,5346,112286,520
2022-10-07,Stanislaus,099,539301,138077,137838,21628,159466,1781
2022-10-07,Sutter,101,95872,24332,24326,2470,26796,232
2022-10-07,Tehama,103,63373,13638,13603,3083,16686,210
2022-10-07,Trinity,105,12862,1395,1394,392,1786,20
2022-10-07,Tulare,107,460477,121807,121787,36514,158301,1531
2022-10-07,Tuolumne,109,53932,15579,15558,934,16492,196
2022-10-07,Ventura,111,848112,209090,208632,15858,224490,1567
2022-10-07,Yolo,113,214977,47488,47422,4477,51899,341
2022-10-07,Yuba,115,75493,18924,18914,1729,20643,129
2022-10-06,Alameda,001,1643700,348942,347497,19853,367350,2023
2022-10-06,Alpine,003,1148,135,135,1,136,0
2022-10-06,Amador,005,37829,10007,9999,928,10927,93
2022-10-06,Butte,007,227075,39620,39453,9111,48564,454
2022-10-06,Calaveras,009,45235,8520,8511,559,9070,133
2022-10-06,Colusa,011,21464,3800,3794,1284,5078,22
2022-10-06,Contra Costa,013,1133247,251400,250136,20770,270906,1430
2022-10-06,Del Norte,015,27424,7434,7433,405,7838,56
2022-10-06,El Dorado,017,186661,32373,32320,4295,36615,231
2022-10-06,Fresno,019,978130,275435,274628,31483,306111,2865
2022-10-06,Glenn,021,27897,5531,5510,1871,7381,48
2022-10-06,Humboldt,023,135768,21903,21831,5047,26878,159
2022-10-06,Imperial,025,180216,65639,65532,15931,81463,958
2022-10-06,Inyo,027,18085,4494,4489,993,5482,59
2022-10-06,Kern,029,883053,219511,219191,63936,283127,2418
2022-10-06,Kings,031,150075,59542,59489,4102,63591,458
2022-10-06,Lake,033,64148,12812,12795,1210,14005,147
2022-10-06,Lassen,035,31185,9969,9967,992,10959,65
2022-10-06,Los Angeles,037,10098052,3289329,3278961,183176,3462137,33467
2022-10-06,Madera,039,155013,44057,44029,8278,52307,374
2022-10-06,Marin,041,260295,45354,45190,5323,50513,313
2022-10-06,Mariposa,043,17540,3088,3088,364,3452,31
2022-10-06,Mendocino,045,87422,16036,15992,4520,20512,136
2022-10-06,Merced,047,269075,72457,72236,11857,84093,865
2022-10-06,Modoc,049,8938,879,876,325,1201,11
2022-10-06,Mono,051,14174,3206,3205,257,3462,7
2022-10-06,Monterey,053,433212,94185,94111,21097,115208,766
2022-10-06,Napa,055,140530,32252,32258,1417,33675,160
2022-10-06,Nevada,057,99092,19023,18989,1867,20856,132
2022-10-06,Orange,059,3164182,668664,667297,62875,730172,7452
2022-10-06,Placer,061,380077,75973,75768,9570,85338,660
2022-10-06,Plumas,063,18699,3684,3669,432,4101,13
2022-10-06,Riverside,065,2383286,696461,695315,35395,730710,6567
2022-10-06,Sacramento,067,1510023,347318,346748,34025,380773,3310
2022-10-06,San Benito,069,59416,16221,16188,977,17165,106
2022-10-06,San Bernardino,071,2135413,672153,670906,31045,701951,8116
2022-10-06,San Diego,073,3302833,926101,924672,72222,996894,5498
2022-10-06,San Francisco,075,870044,179660,178943,12100,191043,1045
2022-10-06,San Joaquin,077,732212,197716,197390,14820,212210,2319
2022-10-06,San Luis Obispo,079,281455,63309,63219,7224,70443,524
2022-10-06,San Mateo,081,765935,168972,168413,10667,179080,737
2022-10-06,Santa Barbara,083,443738,105929,105695,6944,112639,725
2022-10-06,Santa Clara,085,1922200,433038,432327,18944,451271,2506
2022-10-06,Santa Cruz,087,273765,63294,63099,3458,66557,273
2022-10-06,Shasta,089,179085,34961,34904,7492,42396,593
2022-10-06,Sierra,091,2930,306,305,60,365,5
2022-10-06,Siskiyou,093,43540,5283,5272,3319,8591,92
2022-10-06,Solano,095,438530,105293,105042,7867,112909,465
2022-10-06,Sonoma,097,501317,107140,106940,5345,112285,520
2022-10-06,Stanislaus,099,539301,138047,137838,21626,159464,1781
2022-10-06,Sutter,101,95872,24322,24326,2470,26796,232
2022-10-06,Tehama,103,63373,13632,13603,3083,16686,210
2022-10-06,Trinity,105,12862,1395,1394,392,1786,20
2022-10-06,Tulare,107,460477,121790,121787,36513,158300,1531
2022-10-06,Tuolumne,109,53932,15576,15558,934,16492,196
2022-10-06,Ventura,111,848112,209027,208632,15857,224489,1567
2022-10-06,Yolo,113,214977,47477,47422,4474,51896,341
2022-10-06,Yuba,115,75493,18923,18914,1729,20643,129
2022-10-05,Alameda,001,1643700,348782,347497,19852,367349,2023
2022-10-05,Alpine,003,1148,135,135,1,136,0
2022-10-05,Amador,005,37829,10005,9999,928,10927,93
2022-10-05,Butte,007,227075,39613,39453,9111,48564,454
2022-10-05,Calaveras,009,45235,8518,8511,559,9070,133
2022-10-05,Colusa,011,21464,3799,3794,1284,5078,22
2022-10-05,Contra Costa,013,1133247,251307,250136,20769,270905,1430
2022-10-05,Del Norte,015,27424,7431,7433,405,7838,56
2022-10-05,El Dorado,017,186661,32358,32320,4295,36615,231
2022-10-05,Fresno,019,978130,275366,274628,31483,306111,2865
2022-10-05,Glenn,021,27897,5531,5510,1870,7380,48
2022-10-05,Humboldt,023,135768,21889,21831,5046,26877,159
2022-10-05,Imperial,025,180216,65616,65532,15916,81448,958
2022-10-05,Inyo,027,18085,4494,4489,993,5482,59
2022-10-05,Kern,029,883053,219465,219191,63905,283096,2418
2022-10-05,Kings,031,150075,59533,59489,4101,63590,458
2022-10-05,Lake,033,64148,12810,12795,1210,14005,147
2022-10-05,Lassen,035,31185,9969,9967,992,10959,65
2022-10-05,Los Angeles,037,10098052,3288496,3278961,183029,3461990,33467
2022-10-05,Madera,039,155013,44049,44029,8278,52307,374
2022-10-05,Marin,041,260295,45329,45190,5319,50509,313
2022-10-05,Mariposa,043,17540,3087,3088,364,3452,31
2022-10-05,Mendocino,045,87422,16034,15992,4520,20512,136
2022-10-05,Merced,047,269075,72445,72236,11855,84091,865
2022-10-05,Modoc,049,8938,879,876,325,1201,11
2022-10-05,Mono,051,14174,3206,3205,257,3462,7
2022-10-05,Monterey,053,433212,94171,94111,21097,115208,766
2022-10-05,Napa,055,140530,32243,32258,1417,33675,160
2022-10-05,Nevada,057,99092,19015,18989,1867,20856,132
2022-10-05,Orange,059,3164182,668485,667297,62869,730166,7452
2022-10-05,Placer,061,380077,75950,75768,9568,85336,660
2022-10-05,Plumas,063,18699,3681,3669,432,4101,13
2022-10-05,Riverside,065,2383286,696315,695315,35393,730708,6567
2022-10-05,Sacramento,067,1510023,347221,346748,34025,380773,3310
2022-10-05,San Benito,069,59416,16218,16188,977,17165,106
2022-10-05,San Bernardino,071,2135413,671994,670906,31045,701951,8116
2022-10-05,San Diego,073,3302833,925876,924672,72197,996869,5498
2022-10-05,San Francisco,075,870044,179563,178943,12100,191043,1045
2022-10-05,San Joaquin,077,732212,197671,197390,14816,212206,2319
2022-10-05,San Luis Obispo,079,281455,63304,63219,7224,70443,524
2022-10-05,San Mateo,081,765935,168894,168413,10667,179080,737
2022-10-05,Santa Barbara,083,443738,105901,105695,6944,112639,725
2022-10-05,Santa Clara,085,1922200,432863,432327,18943,451270,2506
2022-10-05,Santa Cruz,087,273765,63262,63099,3458,66557,273
2022-10-05,Shasta,089,179085,34954,34904,7492,42396,593
2022-10-05,Sierra,091,2930,306,305,60,365,5
2022-10-05,Siskiyou,093,43540,5278,5272,3319,8591,92
2022-10-05,Solano,095,438530,105258,105042,7867,112909,465
2022-10-05,Sonoma,097,501317,107106,106940,5345,112285,520
2022-10-05,Stanislaus,099,539301,138018,137838,21623,159461,1781
2022-10-05,Sutter,101,95872,24319,24326,2470,26796,232
2022-10-05,Tehama,103,63373,13628,13603,3083,16686,210
2022-10-05,Trinity,105,12862,1395,1394,392,1786,20
2022-10-05,Tulare,107,460477,121772,121787,36508,158295,1531
2022-10-05,Tuolumne,109,53932,15570,15558,934,16492,196
2022-10-05,Ventura,111,848112,208968,208632,15857,224489,1567
2022-10-05,Yolo,113,214977,47460,47422,4472,51894,341
2022-10-05,Yuba,115,75493,18918,18914,1727,20641,129
2022-10-04,Alameda,001,1643700,348641,347497,19851,367348,2023
2022-10-04,Alpine,003,1148,135,135,1,136,0
2022-10-04,Amador,005,37829,10003,9999,928,10927,93
2022-10-04,Butte,007,227075,39601,39453,9110,48563,454
2022-10-04,Calaveras,009,45235,8517,8511,559,9070,133
2022-10-04,Colusa,011,21464,3799,3794,1284,5078,22
2022-10-04,Contra Costa,013,1133247,251227,250136,20769,270905,1430
2022-10-04,Del Norte,015,27424,7429,7433,405,7838,56
2022-10-04,El Dorado,017,186661,32352,32320,4295,36615,231
2022-10-04,Fresno,019,978130,275303,274628,31483,306111,2865
2022-10-04,Glenn,021,27897,5530,5510,1870,7380,48
2022-10-04,Humboldt,023,135768,21876,21831,5046,26877,159
2022-10-04,Imperial,025,180216,65583,65532,15899,81431,958
2022-10-04,Inyo,027,18085,4493,4489,992,5481,59
2022-10-04,Kern,029,883053,219409,219191,63869,283060,2418
2022-10-04,Kings,031,150075,59518,59489,4101,63590,458
2022-10-04,Lake,033,64148,12805,12795,1210,14005,147
2022-10-04,Lassen,035,31185,9968,9967,992,10959,65
2022-10-04,Los Angeles,037,10098052,3287607,3278961,182866,3461827,33467
2022-10-04,Madera,039,155013,44035,44029,8278,52307,374
2022-10-04,Marin,041,260295,45298,45190,5319,50509,313
2022-10-04,Mariposa,043,17540,3087,3088,364,3452,31
2022-10-04,Mendocino,045,87422,16030,15992,4520,20512,136
2022-10-04,Merced,047,269075,72425,72236,11855,84091,865
2022-10-04,Modoc,049,8938,879,876,325,1201,11
2022-10-04,Mono,051,14174,3206,3205,257,3462,7
2022-10-04,Monterey,053,433212,94158,94111,21097,115208,766
2022-10-04,Napa,055,140530,32239,32258,1417,33675,160
2022-10-04,Nevada,057,99092,19012,18989,1867,20856,132
2022-10-04,Orange,059,3164182,668277,667297,62852,730149,7452
2022-10-04,Placer,061,380077,75918,75768,9565,85333,660
2022-10-04,Plumas,063,18699,3675,3669,432,4101,13
2022-10-04,Riverside,065,2383286,696157,695315,35392,730707,6567
2022-10-04,Sacramento,067,1510023,347103,346748,34021,380769,3310
2022-10-04,San Benito,069,59416,16206,16188,976,17164,106
2022-10-04,San Bernardino,071,2135413,671845,670906,31043,701949,8116
2022-10-04,San Diego,073,3302833,925545,924672,72146,996818,5498
2022-10-04,San Francisco,075,870044,179472,178943,12100,191043,1045
2022-10-04,San Joaquin,077,732212,197627,197390,14814,212204,2319
2022-10-04,San Luis Obispo,079,281455,63288,63219,7220,70439,524
2022-10-04,San Mateo,081,765935,168807,168413,10667,179080,737
2022-10-04,Santa Barbara,083,443738,105870,105695,6944,112639,725
2022-10-04,Santa Clara,085,1922200,432672,432327,18943,451270,2506
2022-10-04,Santa Cruz,087,273765,63226,63099,3458,66557,273
2022-10-04,Shasta,089,179085,34940,34904,7492,42396,593
2022-10-04,Sierra,091,2930,306,305,60,365,5
2022-10-04,Siskiyou,093,43540,5277,5272,3319,8591,92
2022-10-04,Solano,095,438530,105212,105042,7867,112909,465
2022-10-04,Sonoma,097,501317,107071,106940,5344,112284,520
2022-10-04,Stanislaus,099,539301,137991,137838,21621,159459,1781
2022-10-04,Sutter,101,95872,24309,24326,2470,26796,232
2022-10-04,Tehama,103,63373,13625,13603,3083,16686,210
2022-10-04,Trinity,105,12862,1395,1394,392,1786,20
2022-10-04,Tulare,107,460477,121747,121787,36507,158294,1531
2022-10-04,Tuolumne,109,53932,15569,15558,934,16492,196
2022-10-04,Ventura,111,848112,208901,208632,15857,224489,1567
2022-10-04,Yolo,113,214977,47444,47422,4469,51891,341
2022-10-04,Yuba,115,75493,18913,18914,1725,20639,129
2022-10-03,Alameda,001,1643700,348459,346369,19851,366220,2020
2022-10-03,Alpine,003,1148,135,134,1,135,0
2022-10-03,Amador,005,37829,10001,9987,928,10915,90
2022-10-03,Butte,007,227075,39586,39378,9109,48487,454
2022-10-03,Calaveras,009,45235,8516,8497,559,9056,133
2022-10-03,Colusa,011,21464,3799,3782,1283,5065,22
2022-10-03,Contra Costa,013,1133247,251119,249273,20769,270042,1426
2022-10-03,Del Norte,015,27424,7428,7421,405,7826,56
2022-10-03,El Dorado,017,186661,32343,32238,4295,36533,231
2022-10-03,Fresno,019,978130,275245,274028,31483,305511,2859
2022-10-03,Glenn,021,27897,5530,5509,1870,7379,48
2022-10-03,Humboldt,023,135768,21862,21744,5046,26790,157
2022-10-03,Imperial,025,180216,65566,65425,15882,81307,958
2022-10-03,Inyo,027,18085,4492,4483,990,5473,59
2022-10-03,Kern,029,883053,219358,218846,63828,282674,2417
2022-10-03,Kings,031,150075,59500,59394,4101,63495,459
2022-10-03,Lake,033,64148,12801,12761,1210,13971,147
2022-10-03,Lassen,035,31185,9966,9962,992,10954,65
2022-10-03,Los Angeles,037,10098052,3286575,3271661,182714,3454375,33336
2022-10-03,Madera,039,155013,44027,43953,8278,52231,374
2022-10-03,Marin,041,260295,45269,45002,5318,50320,310
2022-10-03,Mariposa,043,17540,3087,3079,364,3443,31
2022-10-03,Mendocino,045,87422,16023,15950,4520,20470,136
2022-10-03,Merced,047,269075,72411,72117,11855,83972,863
2022-10-03,Modoc,049,8938,877,873,325,1198,11
2022-10-03,Mono,051,14174,3206,3201,257,3458,7
2022-10-03,Monterey,053,433212,94145,93991,21097,115088,766
2022-10-03,Napa,055,140530,32224,32171,1417,33588,160
2022-10-03,Nevada,057,99092,19005,18923,1865,20788,132
2022-10-03,Orange,059,3164182,668056,665825,62843,728668,7435
2022-10-03,Placer,061,380077,75897,75573,9563,85136,661
2022-10-03,Plumas,063,18699,3674,3645,432,4077,13
2022-10-03,Riverside,065,2383286,695990,694250,35391,729641,6543
2022-10-03,Sacramento,067,1510023,346961,345905,34020,379925,3294
2022-10-03,San Benito,069,59416,16199,16152,976,17128,106
2022-10-03,San Bernardino,071,2135413,671668,668798,31036,699834,8106
2022-10-03,San Diego,073,3302833,925225,922323,72103,994426,5491
2022-10-03,San Francisco,075,870044,179363,178486,12098,190584,1043
2022-10-03,San Joaquin,077,732212,197562,197009,14813,211822,2319
2022-10-03,San Luis Obispo,079,281455,63272,63060,7220,70280,524
2022-10-03,San Mateo,081,765935,168726,167790,10667,178457,736
2022-10-03,Santa Barbara,083,443738,105829,105437,6943,112380,722
2022-10-03,Santa Clara,085,1922200,432454,430899,18943,449842,2494
2022-10-03,Santa Cruz,087,273765,63179,62866,3458,66324,273
2022-10-03,Shasta,089,179085,34933,34849,7492,42341,592
2022-10-03,Sierra,091,2930,306,304,60,364,5
2022-10-03,Siskiyou,093,43540,5277,5261,3319,8580,91
2022-10-03,Solano,095,438530,105156,104704,7867,112571,464
2022-10-03,Sonoma,097,501317,107029,106624,5341,111965,519
2022-10-03,Stanislaus,099,539301,137956,137589,21617,159206,1780
2022-10-03,Sutter,101,95872,24307,24265,2470,26735,232
2022-10-03,Tehama,103,63373,13622,13564,3083,16647,210
2022-10-03,Trinity,105,12862,1395,1392,392,1784,20
2022-10-03,Tulare,107,460477,121727,121589,36502,158091,1531
2022-10-03,Tuolumne,109,53932,15566,15516,934,16450,196
2022-10-03,Ventura,111,848112,208830,208124,15854,223978,1565
2022-10-03,Yolo,113,214977,47427,47279,4465,51744,341
2022-10-03,Yuba,115,75493,18909,18881,1721,20602,132
2022-10-02,Alameda,001,1643700,348256,346369,19849,366218,2020
2022-10-02,Alpine,003,1148,135,134,1,135,0
2022-10-02,Amador,005,37829,10001,9987,928,10915,90
2022-10-02,Butte,007,227075,39574,39378,9109,48487,454
2022-10-02,Calaveras,009,45235,8512,8497,559,9056,133
2022-10-02,Colusa,011,21464,3797,3782,1283,5065,22
2022-10-02,Contra Costa,013,1133247,251013,249273,20768,270041,1426
2022-10-02,Del Norte,015,27424,7425,7421,405,7826,56
2022-10-02,El Dorado,017,186661,32332,32238,4294,36532,231
2022-10-02,Fresno,019,978130,275169,274028,31483,305511,2859
2022-10-02,Glenn,021,27897,5527,5509,1870,7379,48
2022-10-02,Humboldt,023,135768,21845,21744,5041,26785,157
2022-10-02,Imperial,025,180216,65532,65425,15859,81284,958
2022-10-02,Inyo,027,18085,4492,4483,990,5473,59
2022-10-02,Kern,029,883053,219309,218846,63789,282635,2417
2022-10-02,Kings,031,150075,59485,59394,4101,63495,459
2022-10-02,Lake,033,64148,12795,12761,1210,13971,147
2022-10-02,Lassen,035,31185,9965,9962,992,10954,65
2022-10-02,Los Angeles,037,10098052,3285436,3271661,182564,3454225,33336
2022-10-02,Madera,039,155013,44019,43953,8278,52231,374
2022-10-02,Marin,041,260295,45237,45002,5316,50318,310
2022-10-02,Mariposa,043,17540,3087,3079,364,3443,31
2022-10-02,Mendocino,045,87422,16014,15950,4520,20470,136
2022-10-02,Merced,047,269075,72384,72117,11853,83970,863
2022-10-02,Modoc,049,8938,877,873,325,1198,11
2022-10-02,Mono,051,14174,3206,3201,257,3458,7
2022-10-02,Monterey,053,433212,94129,93991,21096,115087,766
2022-10-02,Napa,055,140530,32213,32171,1415,33586,160
2022-10-02,Nevada,057,99092,18999,18923,1865,20788,132
2022-10-02,Orange,059,3164182,667789,665825,62838,728663,7435
2022-10-02,Placer,061,380077,75870,75573,9562,85135,661
2022-10-02,Plumas,063,18699,3670,3645,432,4077,13
2022-10-02,Riverside,065,2383286,695799,694250,35391,729641,6543
2022-10-02,Sacramento,067,1510023,346789,345905,34015,379920,3294
2022-10-02,San Benito,069,59416,16194,16152,976,17128,106
2022-10-02,San Bernardino,071,2135413,671437,668798,31028,699826,8106
2022-10-02,San Diego,073,3302833,924855,922323,72054,994377,5491
2022-10-02,San Francisco,075,870044,179236,178486,12097,190583,1043
2022-10-02,San Joaquin,077,732212,197487,197009,14810,211819,2319
2022-10-02,San Luis Obispo,079,281455,63235,63060,7217,70277,524
2022-10-02,San Mateo,081,765935,168607,167790,10667,178457,736
2022-10-02,Santa Barbara,083,443738,105781,105437,6942,112379,722
2022-10-02,Santa Clara,085,1922200,432237,430899,18943,449842,2494
2022-10-02,Santa Cruz,087,273765,63139,62866,3458,66324,273
2022-10-02,Shasta,089,179085,34918,34849,7492,42341,592
2022-10-02,Sierra,091,2930,306,304,60,364,5
2022-10-02,Siskiyou,093,43540,5277,5261,3319,8580,91
2022-10-02,Solano,095,438530,105095,104704,7867,112571,464
2022-10-02,Sonoma,097,501317,106979,106624,5341,111965,519
2022-10-02,Stanislaus,099,539301,137922,137589,21613,159202,1780
2022-10-02,Sutter,101,95872,24297,24265,2470,26735,232
2022-10-02,Tehama,103,63373,13617,13564,3083,16647,210
2022-10-02,Trinity,105,12862,1395,1392,392,1784,20
2022-10-02,Tulare,107,460477,121702,121589,36500,158089,1531
2022-10-02,Tuolumne,109,53932,15561,15516,934,16450,196
2022-10-02,Ventura,111,848112,208749,208124,15854,223978,1565
2022-10-02,Yolo,113,214977,47415,47279,4461,51740,341
2022-10-02,Yuba,115,75493,18903,18881,1719,20600,132
2022-10-01,Alameda,001,1643700,348142,346369,19849,366218,2020
2022-10-01,Alpine,003,1148,135,134,1,135,0
2022-10-01,Amador,005,37829,9999,9987,928,10915,90
2022-10-01,Butte,007,227075,39563,39378,9103,48481,454
2022-10-01,Calaveras,009,45235,8512,8497,559,9056,133
2022-10-01,Colusa,011,21464,3797,3782,1281,5063,22
2022-10-01,Contra Costa,013,1133247,250939,249273,20768,270041,1426
2022-10-01,Del Norte,015,27424,7423,7421,405,7826,56
2022-10-01,El Dorado,017,186661,32326,32238,4294,36532,231
2022-10-01,Fresno,019,978130,275138,274028,31483,305511,2859
2022-10-01,Glenn,021,27897,5526,5509,1870,7379,48
2022-10-01,Humboldt,023,135768,21842,21744,5040,26784,157
2022-10-01,Imperial,025,180216,65515,65425,15849,81274,958
2022-10-01,Inyo,027,18085,4492,4483,990,5473,59
2022-10-01,Kern,029,883053,219292,218846,63760,282606,2417
2022-10-01,Kings,031,150075,59476,59394,4101,63495,459
2022-10-01,Lake,033,64148,12792,12761,1210,13971,147
2022-10-01,Lassen,035,31185,9963,9962,992,10954,65
2022-10-01,Los Angeles,037,10098052,3284811,3271661,182458,3454119,33336
2022-10-01,Madera,039,155013,44015,43953,8278,52231,374
2022-10-01,Marin,041,260295,45214,45002,5316,50318,310
2022-10-01,Mariposa,043,17540,3087,3079,364,3443,31
2022-10-01,Mendocino,045,87422,16007,15950,4520,20470,136
2022-10-01,Merced,047,269075,72374,72117,11853,83970,863
2022-10-01,Modoc,049,8938,877,873,325,1198,11
2022-10-01,Mono,051,14174,3206,3201,257,3458,7
2022-10-01,Monterey,053,433212,94116,93991,21095,115086,766
2022-10-01,Napa,055,140530,32208,32171,1415,33586,160
2022-10-01,Nevada,057,99092,18996,18923,1865,20788,132
2022-10-01,Orange,059,3164182,667647,665825,62834,728659,7435
2022-10-01,Placer,061,380077,75843,75573,9561,85134,661
2022-10-01,Plumas,063,18699,3669,3645,432,4077,13
2022-10-01,Riverside,065,2383286,695679,694250,35389,729639,6543
2022-10-01,Sacramento,067,1510023,346719,345905,34015,379920,3294
2022-10-01,San Benito,069,59416,16186,16152,976,17128,106
2022-10-01,San Bernardino,071,2135413,671337,668798,31025,699823,8106
2022-10-01,San Diego,073,3302833,924737,922323,72024,994347,5491
2022-10-01,San Francisco,075,870044,179181,178486,12096,190582,1043
2022-10-01,San Joaquin,077,732212,197456,197009,14805,211814,2319
2022-10-01,San Luis Obispo,079,281455,63225,63060,7215,70275,524
2022-10-01,San Mateo,081,765935,168564,167790,10667,178457,736
2022-10-01,Santa Barbara,083,443738,105751,105437,6942,112379,722
2022-10-01,Santa Clara,085,1922200,432067,430899,18943,449842,2494
2022-10-01,Santa Cruz,087,273765,63125,62866,3457,66323,273
2022-10-01,Shasta,089,179085,34912,34849,7492,42341,592
2022-10-01,Sierra,091,2930,306,304,60,364,5
2022-10-01,Siskiyou,093,43540,5275,5261,3319,8580,91
2022-10-01,Solano,095,438530,105087,104704,7867,112571,464
2022-10-01,Sonoma,097,501317,106953,106624,5341,111965,519
2022-10-01,Stanislaus,099,539301,137900,137589,21611,159200,1780
2022-10-01,Sutter,101,95872,24292,24265,2470,26735,232
2022-10-01,Tehama,103,63373,13615,13564,3083,16647,210
2022-10-01,Trinity,105,12862,1395,1392,392,1784,20
2022-10-01,Tulare,107,460477,121695,121589,36490,158079,1531
2022-10-01,Tuolumne,109,53932,15559,15516,934,16450,196
2022-10-01,Ventura,111,848112,208702,208124,15854,223978,1565
2022-10-01,Yolo,113,214977,47405,47279,4459,51738,341
2022-10-01,Yuba,115,75493,18896,18881,1719,20600,132
2022-09-30,Alameda,001,1643700,348025,346369,19847,366216,2020
2022-09-30,Alpine,003,1148,135,134,1,135,0
2022-09-30,Amador,005,37829,9997,9987,928,10915,90
2022-09-30,Butte,007,227075,39552,39378,9102,48480,454
2022-09-30,Calaveras,009,45235,8509,8497,559,9056,133
2022-09-30,Colusa,011,21464,3796,3782,1280,5062,22
2022-09-30,Contra Costa,013,1133247,250849,249273,20768,270041,1426
2022-09-30,Del Norte,015,27424,7422,7421,405,7826,56
2022-09-30,El Dorado,017,186661,32317,32238,4293,36531,231
2022-09-30,Fresno,019,978130,275095,274028,31480,305508,2859
2022-09-30,Glenn,021,27897,5525,5509,1870,7379,48
2022-09-30,Humboldt,023,135768,21828,21744,5040,26784,157
2022-09-30,Imperial,025,180216,65505,65425,15841,81266,958
2022-09-30,Inyo,027,18085,4491,4483,990,5473,59
2022-09-30,Kern,029,883053,219273,218846,63733,282579,2417
2022-09-30,Kings,031,150075,59470,59394,4101,63495,459
2022-09-30,Lake,033,64148,12790,12761,1210,13971,147
2022-09-30,Lassen,035,31185,9963,9962,992,10954,65
2022-09-30,Los Angeles,037,10098052,3284073,3271661,182349,3454010,33336
2022-09-30,Madera,039,155013,44008,43953,8278,52231,374
2022-09-30,Marin,041,260295,45190,45002,5316,50318,310
2022-09-30,Mariposa,043,17540,3086,3079,364,3443,31
2022-09-30,Mendocino,045,87422,15999,15950,4520,20470,136
2022-09-30,Merced,047,269075,72362,72117,11853,83970,863
2022-09-30,Modoc,049,8938,877,873,325,1198,11
2022-09-30,Mono,051,14174,3206,3201,257,3458,7
2022-09-30,Monterey,053,433212,94097,93991,21093,115084,766
2022-09-30,Napa,055,140530,32197,32171,1415,33586,160
2022-09-30,Nevada,057,99092,18990,18923,1865,20788,132
2022-09-30,Orange,059,3164182,667509,665825,62833,728658,7435
2022-09-30,Placer,061,380077,75825,75573,9560,85133,661
2022-09-30,Plumas,063,18699,3668,3645,432,4077,13
2022-09-30,Riverside,065,2383286,695567,694250,35389,729639,6543
2022-09-30,Sacramento,067,1510023,346637,345905,34015,379920,3294
2022-09-30,San Benito,069,59416,16183,16152,976,17128,106
2022-09-30,San Bernardino,071,2135413,671218,668798,31022,699820,8106
2022-09-30,San Diego,073,3302833,924519,922323,71997,994320,5491
2022-09-30,San Francisco,075,870044,179117,178486,12095,190581,1043
2022-09-30,San Joaquin,077,732212,197422,197009,14804,211813,2319
2022-09-30,San Luis Obispo,079,281455,63220,63060,7212,70272,524
2022-09-30,San Mateo,081,765935,168501,167790,10667,178457,736
2022-09-30,Santa Barbara,083,443738,105726,105437,6942,112379,722
2022-09-30,Santa Clara,085,1922200,431888,430899,18943,449842,2494
2022-09-30,Santa Cruz,087,273765,63103,62866,3457,66323,273
2022-09-30,Shasta,089,179085,34909,34849,7492,42341,592
2022-09-30,Sierra,091,2930,306,304,60,364,5
2022-09-30,Siskiyou,093,43540,5274,5261,3319,8580,91
2022-09-30,Solano,095,438530,105057,104704,7867,112571,464
2022-09-30,Sonoma,097,501317,106919,106624,5341,111965,519
2022-09-30,Stanislaus,099,539301,137880,137589,21609,159198,1780
2022-09-30,Sutter,101,95872,24290,24265,2470,26735,232
2022-09-30,Tehama,103,63373,13613,13564,3083,16647,210
2022-09-30,Trinity,105,12862,1394,1392,392,1784,20
2022-09-30,Tulare,107,460477,121674,121589,36483,158072,1531
2022-09-30,Tuolumne,109,53932,15556,15516,934,16450,196
2022-09-30,Ventura,111,848112,208650,208124,15854,223978,1565
2022-09-30,Yolo,113,214977,47394,47279,4459,51738,341
2022-09-30,Yuba,115,75493,18891,18881,1719,20600,132
2022-09-29,Alameda,001,1643700,347861,346369,19846,366215,2020
2022-09-29,Alpine,003,1148,135,134,1,135,0
2022-09-29,Amador,005,37829,9994,9987,928,10915,90
2022-09-29,Butte,007,227075,39546,39378,9102,48480,454
2022-09-29,Calaveras,009,45235,8504,8497,559,9056,133
2022-09-29,Colusa,011,21464,3795,3782,1280,5062,22
2022-09-29,Contra Costa,013,1133247,250750,249273,20768,270041,1426
2022-09-29,Del Norte,015,27424,7419,7421,405,7826,56
2022-09-29,El Dorado,017,186661,32306,32238,4290,36528,231
2022-09-29,Fresno,019,978130,275002,274028,31478,305506,2859
2022-09-29,Glenn,021,27897,5525,5509,1870,7379,48
2022-09-29,Humboldt,023,135768,21816,21744,5040,26784,157
2022-09-29,Imperial,025,180216,65485,65425,15829,81254,958
2022-09-29,Inyo,027,18085,4491,4483,990,5473,59
2022-09-29,Kern,029,883053,219244,218846,63699,282545,2417
2022-09-29,Kings,031,150075,59463,59394,4101,63495,459
2022-09-29,Lake,033,64148,12786,12761,1210,13971,147
2022-09-29,Lassen,035,31185,9962,9962,992,10954,65
2022-09-29,Los Angeles,037,10098052,3283087,3271661,182241,3453902,33336
2022-09-29,Madera,039,155013,43998,43953,8278,52231,374
2022-09-29,Marin,041,260295,45166,45002,5313,50315,310
2022-09-29,Mariposa,043,17540,3084,3079,364,3443,31
2022-09-29,Mendocino,045,87422,15995,15950,4520,20470,136
2022-09-29,Merced,047,269075,72347,72117,11853,83970,863
2022-09-29,Modoc,049,8938,877,873,325,1198,11
2022-09-29,Mono,051,14174,3205,3201,257,3458,7
2022-09-29,Monterey,053,433212,94086,93991,21093,115084,766
2022-09-29,Napa,055,140530,32186,32171,1415,33586,160
2022-09-29,Nevada,057,99092,18980,18923,1865,20788,132
2022-09-29,Orange,059,3164182,667284,665825,62827,728652,7435
2022-09-29,Placer,061,380077,75801,75573,9552,85125,661
2022-09-29,Plumas,063,18699,3667,3645,432,4077,13
2022-09-29,Riverside,065,2383286,695415,694250,35388,729638,6543
2022-09-29,Sacramento,067,1510023,346499,345905,34012,379917,3294
2022-09-29,San Benito,069,59416,16178,16152,975,17127,106
2022-09-29,San Bernardino,071,2135413,671072,668798,31021,699819,8106
2022-09-29,San Diego,073,3302833,924272,922323,71966,994289,5491
2022-09-29,San Francisco,075,870044,179031,178486,12093,190579,1043
2022-09-29,San Joaquin,077,732212,197377,197009,14798,211807,2319
2022-09-29,San Luis Obispo,079,281455,63200,63060,7209,70269,524
2022-09-29,San Mateo,081,765935,168418,167790,10667,178457,736
2022-09-29,Santa Barbara,083,443738,105692,105437,6942,112379,722
2022-09-29,Santa Clara,085,1922200,431694,430899,18943,449842,2494
2022-09-29,Santa Cruz,087,273765,63059,62866,3457,66323,273
2022-09-29,Shasta,089,179085,34902,34849,7492,42341,592
2022-09-29,Sierra,091,2930,306,304,60,364,5
2022-09-29,Siskiyou,093,43540,5271,5261,3319,8580,91
2022-09-29,Solano,095,438530,105023,104704,7866,112570,464
2022-09-29,Sonoma,097,501317,106860,106624,5341,111965,519
2022-09-29,Stanislaus,099,539301,137849,137589,21607,159196,1780
2022-09-29,Sutter,101,95872,24287,24265,2470,26735,232
2022-09-29,Tehama,103,63373,13611,13564,3083,16647,210
2022-09-29,Trinity,105,12862,1394,1392,392,1784,20
2022-09-29,Tulare,107,460477,121658,121589,36472,158061,1531
2022-09-29,Tuolumne,109,53932,15552,15516,934,16450,196
2022-09-29,Ventura,111,848112,208590,208124,15854,223978,1565
2022-09-29,Yolo,113,214977,47382,47279,4456,51735,341
2022-09-29,Yuba,115,75493,18889,18881,1719,20600,132
2022-09-28,Alameda,001,1643700,347701,346369,19834,366203,2020
2022-09-28,Alpine,003,1148,134,134,1,135,0
2022-09-28,Amador,005,37829,9992,9987,928,10915,90
2022-09-28,Butte,007,227075,39539,39378,9098,48476,454
2022-09-28,Calaveras,009,45235,8502,8497,559,9056,133
2022-09-28,Colusa,011,21464,3795,3782,1280,5062,22
2022-09-28,Contra Costa,013,1133247,250643,249273,20760,270033,1426
2022-09-28,Del Norte,015,27424,7417,7421,405,7826,56
2022-09-28,El Dorado,017,186661,32298,32238,4288,36526,231
2022-09-28,Fresno,019,978130,274922,274028,31471,305499,2859
2022-09-28,Glenn,021,27897,5525,5509,1869,7378,48
2022-09-28,Humboldt,023,135768,21807,21744,5037,26781,157
2022-09-28,Imperial,025,180216,65470,65425,15821,81246,958
2022-09-28,Inyo,027,18085,4489,4483,990,5473,59
2022-09-28,Kern,029,883053,219195,218846,63654,282500,2417
2022-09-28,Kings,031,150075,59441,59394,4098,63492,459
2022-09-28,Lake,033,64148,12777,12761,1210,13971,147
2022-09-28,Lassen,035,31185,9961,9962,992,10954,65
2022-09-28,Los Angeles,037,10098052,3281961,3271661,182133,3453794,33336
2022-09-28,Madera,039,155013,43991,43953,8278,52231,374
2022-09-28,Marin,041,260295,45139,45002,5312,50314,310
2022-09-28,Mariposa,043,17540,3084,3079,364,3443,31
2022-09-28,Mendocino,045,87422,15993,15950,4515,20465,136
2022-09-28,Merced,047,269075,72336,72117,11851,83968,863
2022-09-28,Modoc,049,8938,877,873,324,1197,11
2022-09-28,Mono,051,14174,3205,3201,257,3458,7
2022-09-28,Monterey,053,433212,94072,93991,21086,115077,766
2022-09-28,Napa,055,140530,32171,32171,1413,33584,160
2022-09-28,Nevada,057,99092,18972,18923,1853,20776,132
2022-09-28,Orange,059,3164182,667058,665825,62793,728618,7435
2022-09-28,Placer,061,380077,75767,75573,9549,85122,661
2022-09-28,Plumas,063,18699,3665,3645,432,4077,13
2022-09-28,Riverside,065,2383286,695252,694250,35379,729629,6543
2022-09-28,Sacramento,067,1510023,346373,345905,33992,379897,3294
2022-09-28,San Benito,069,59416,16174,16152,971,17123,106
2022-09-28,San Bernardino,071,2135413,670913,668798,31008,699806,8106
2022-09-28,San Diego,073,3302833,923953,922323,71935,994258,5491
2022-09-28,San Francisco,075,870044,178933,178486,12093,190579,1043
2022-09-28,San Joaquin,077,732212,197339,197009,14796,211805,2319
2022-09-28,San Luis Obispo,079,281455,63185,63060,7201,70261,524
2022-09-28,San Mateo,081,765935,168342,167790,10664,178454,736
2022-09-28,Santa Barbara,083,443738,105658,105437,6937,112374,722
2022-09-28,Santa Clara,085,1922200,431524,430899,18940,449839,2494
2022-09-28,Santa Cruz,087,273765,63023,62866,3456,66322,273
2022-09-28,Shasta,089,179085,34897,34849,7492,42341,592
2022-09-28,Sierra,091,2930,306,304,60,364,5
2022-09-28,Siskiyou,093,43540,5269,5261,3318,8579,91
2022-09-28,Solano,095,438530,104995,104704,7865,112569,464
2022-09-28,Sonoma,097,501317,106825,106624,5337,111961,519
2022-09-28,Stanislaus,099,539301,137815,137589,21602,159191,1780
2022-09-28,Sutter,101,95872,24273,24265,2469,26734,232
2022-09-28,Tehama,103,63373,13607,13564,3083,16647,210
2022-09-28,Trinity,105,12862,1394,1392,390,1782,20
2022-09-28,Tulare,107,460477,121635,121589,36461,158050,1531
2022-09-28,Tuolumne,109,53932,15548,15516,934,16450,196
2022-09-28,Ventura,111,848112,208526,208124,15853,223977,1565
2022-09-28,Yolo,113,214977,47359,47279,4453,51732,341
2022-09-28,Yuba,115,75493,18884,18881,1716,20597,132
2022-09-27,Alameda,001,1643700,347534,346369,19824,366193,2020
2022-09-27,Alpine,003,1148,134,134,1,135,0
2022-09-27,Amador,005,37829,9989,9987,926,10913,90
2022-09-27,Butte,007,227075,39531,39378,9094,48472,454
2022-09-27,Calaveras,009,45235,8501,8497,558,9055,133
2022-09-27,Colusa,011,21464,3795,3782,1280,5062,22
2022-09-27,Contra Costa,013,1133247,250540,249273,20749,270022,1426
2022-09-27,Del Norte,015,27424,7417,7421,405,7826,56
2022-09-27,El Dorado,017,186661,32281,32238,4286,36524,231
2022-09-27,Fresno,019,978130,274860,274028,31465,305493,2859
2022-09-27,Glenn,021,27897,5524,5509,1868,7377,48
2022-09-27,Humboldt,023,135768,21797,21744,5031,26775,157
2022-09-27,Imperial,025,180216,65448,65425,15815,81240,958
2022-09-27,Inyo,027,18085,4487,4483,988,5471,59
2022-09-27,Kern,029,883053,219138,218846,63627,282473,2417
2022-09-27,Kings,031,150075,59425,59394,4098,63492,459
2022-09-27,Lake,033,64148,12774,12761,1208,13969,147
2022-09-27,Lassen,035,31185,9959,9962,992,10954,65
2022-09-27,Los Angeles,037,10098052,3280764,3271661,181973,3453634,33336
2022-09-27,Madera,039,155013,43979,43953,8278,52231,374
2022-09-27,Marin,041,260295,45111,45002,5309,50311,310
2022-09-27,Mariposa,043,17540,3083,3079,364,3443,31
2022-09-27,Mendocino,045,87422,15984,15950,4509,20459,136
2022-09-27,Merced,047,269075,72323,72117,11847,83964,863
2022-09-27,Modoc,049,8938,877,873,324,1197,11
2022-09-27,Mono,051,14174,3204,3201,257,3458,7
2022-09-27,Monterey,053,433212,94051,93991,21073,115064,766
2022-09-27,Napa,055,140530,32154,32171,1413,33584,160
2022-09-27,Nevada,057,99092,18963,18923,1852,20775,132
2022-09-27,Orange,059,3164182,666788,665825,62731,728556,7435
2022-09-27,Placer,061,380077,75726,75573,9545,85118,661
2022-09-27,Plumas,063,18699,3662,3645,432,4077,13
2022-09-27,Riverside,065,2383286,695056,694250,35359,729609,6543
2022-09-27,Sacramento,067,1510023,346228,345905,33972,379877,3294
2022-09-27,San Benito,069,59416,16173,16152,971,17123,106
2022-09-27,San Bernardino,071,2135413,670665,668798,30993,699791,8106
2022-09-27,San Diego,073,3302833,923560,922323,71899,994222,5491
2022-09-27,San Francisco,075,870044,178823,178486,12091,190577,1043
2022-09-27,San Joaquin,077,732212,197287,197009,14789,211798,2319
2022-09-27,San Luis Obispo,079,281455,63157,63060,7199,70259,524
2022-09-27,San Mateo,081,765935,168273,167790,10661,178451,736
2022-09-27,Santa Barbara,083,443738,105616,105437,6930,112367,722
2022-09-27,Santa Clara,085,1922200,431307,430899,18926,449825,2494
2022-09-27,Santa Cruz,087,273765,62992,62866,3454,66320,273
2022-09-27,Shasta,089,179085,34886,34849,7486,42335,592
2022-09-27,Sierra,091,2930,304,304,60,364,5
2022-09-27,Siskiyou,093,43540,5267,5261,3318,8579,91
2022-09-27,Solano,095,438530,104952,104704,7863,112567,464
2022-09-27,Sonoma,097,501317,106774,106624,5334,111958,519
2022-09-27,Stanislaus,099,539301,137787,137589,21601,159190,1780
2022-09-27,Sutter,101,95872,24259,24265,2469,26734,232
2022-09-27,Tehama,103,63373,13605,13564,3083,16647,210
2022-09-27,Trinity,105,12862,1394,1392,388,1780,20
2022-09-27,Tulare,107,460477,121612,121589,36444,158033,1531
2022-09-27,Tuolumne,109,53932,15543,15516,933,16449,196
2022-09-27,Ventura,111,848112,208449,208124,15844,223968,1565
2022-09-27,Yolo,113,214977,47331,47279,4452,51731,341
2022-09-27,Yuba,115,75493,18880,18881,1715,20596,132
2022-09-26,Alameda,001,1643700,347344,345351,19820,365171,2012
2022-09-26,Alpine,003,1148,134,134,1,135,0
2022-09-26,Amador,005,37829,9988,9954,925,10879,90
2022-09-26,Butte,007,227075,39519,39282,9090,48372,453
2022-09-26,Calaveras,009,45235,8498,8475,555,9030,133
2022-09-26,Colusa,011,21464,3792,3775,1278,5053,22
2022-09-26,Contra Costa,013,1133247,250408,248053,20732,268785,1424
2022-09-26,Del Norte,015,27424,7416,7403,405,7808,57
2022-09-26,El Dorado,017,186661,32264,32159,4284,36443,231
2022-09-26,Fresno,019,978130,274785,273381,31449,304830,2850
2022-09-26,Glenn,021,27897,5524,5494,1868,7362,48
2022-09-26,Humboldt,023,135768,21785,21641,5026,26667,156
2022-09-26,Imperial,025,180216,65427,65297,15800,81097,957
2022-09-26,Inyo,027,18085,4487,4481,987,5468,59
2022-09-26,Kern,029,883053,219081,218413,63600,282013,2408
2022-09-26,Kings,031,150075,59413,59288,4096,63384,456
2022-09-26,Lake,033,64148,12768,12731,1208,13939,146
2022-09-26,Lassen,035,31185,9959,9947,991,10938,65
2022-09-26,Los Angeles,037,10098052,3279580,3263510,181801,3445311,33258
2022-09-26,Madera,039,155013,43960,43910,8274,52184,374
2022-09-26,Marin,041,260295,45081,44823,5306,50129,310
2022-09-26,Mariposa,043,17540,3082,3074,364,3438,31
2022-09-26,Mendocino,045,87422,15976,15911,4507,20418,136
2022-09-26,Merced,047,269075,72310,71875,11843,83718,862
2022-09-26,Modoc,049,8938,875,872,324,1196,11
2022-09-26,Mono,051,14174,3202,3198,257,3455,7
2022-09-26,Monterey,053,433212,94035,93829,21052,114881,766
2022-09-26,Napa,055,140530,32136,32094,1412,33506,160
2022-09-26,Nevada,057,99092,18955,18861,1850,20711,132
2022-09-26,Orange,059,3164182,666530,664263,62672,726935,7425
2022-09-26,Placer,061,380077,75690,75381,9538,84919,660
2022-09-26,Plumas,063,18699,3662,3632,432,4064,13
2022-09-26,Riverside,065,2383286,694854,693038,35347,728385,6610
2022-09-26,Sacramento,067,1510023,346069,344748,33946,378694,3282
2022-09-26,San Benito,069,59416,16167,16114,970,17084,106
2022-09-26,San Bernardino,071,2135413,670469,667124,30983,698107,8097
2022-09-26,San Diego,073,3302833,923140,920118,71869,991987,5487
2022-09-26,San Francisco,075,870044,178727,176887,12088,188975,1031
2022-09-26,San Joaquin,077,732212,197222,196573,14779,211352,2306
2022-09-26,San Luis Obispo,079,281455,63127,62950,7192,70142,522
2022-09-26,San Mateo,081,765935,168184,167123,10658,177781,736
2022-09-26,Santa Barbara,083,443738,105577,105185,6925,112110,720
2022-09-26,Santa Clara,085,1922200,431056,429334,18912,448246,2486
2022-09-26,Santa Cruz,087,273765,62954,62704,3452,66156,274
2022-09-26,Shasta,089,179085,34879,34762,7479,42241,592
2022-09-26,Sierra,091,2930,304,303,60,363,5
2022-09-26,Siskiyou,093,43540,5267,5243,3316,8559,90
2022-09-26,Solano,095,438530,104910,104383,7858,112241,463
2022-09-26,Sonoma,097,501317,106706,106322,5329,111651,519
2022-09-26,Stanislaus,099,539301,137759,137340,21593,158933,1752
2022-09-26,Sutter,101,95872,24250,24198,2469,26667,232
2022-09-26,Tehama,103,63373,13602,13528,3083,16611,210
2022-09-26,Trinity,105,12862,1394,1390,387,1777,20
2022-09-26,Tulare,107,460477,121573,121446,36431,157877,1530
2022-09-26,Tuolumne,109,53932,15542,15469,931,16400,196
2022-09-26,Ventura,111,848112,208362,207684,15836,223520,1566
2022-09-26,Yolo,113,214977,47306,47147,4445,51592,335
2022-09-26,Yuba,115,75493,18874,18834,1713,20547,129
2022-09-25,Alameda,001,1643700,347129,345351,19799,365150,2012
2022-09-25,Alpine,003,1148,134,134,1,135,0
2022-09-25,Amador,005,37829,9984,9954,923,10877,90
2022-09-25,Butte,007,227075,39497,39282,9083,48365,453
2022-09-25,Calaveras,009,45235,8494,8475,550,9025,133
2022-09-25,Colusa,011,21464,3790,3775,1272,5047,22
2022-09-25,Contra Costa,013,1133247,250264,248053,20716,268769,1424
2022-09-25,Del Norte,015,27424,7411,7403,405,7808,57
2022-09-25,El Dorado,017,186661,32250,32159,4282,36441,231
2022-09-25,Fresno,019,978130,274681,273381,31424,304805,2850
2022-09-25,Glenn,021,27897,5524,5494,1868,7362,48
2022-09-25,Humboldt,023,135768,21776,21641,5021,26662,156
2022-09-25,Imperial,025,180216,65408,65297,15787,81084,957
2022-09-25,Inyo,027,18085,4484,4481,986,5467,59
2022-09-25,Kern,029,883053,219021,218413,63529,281942,2408
2022-09-25,Kings,031,150075,59394,59288,4095,63383,456
2022-09-25,Lake,033,64148,12763,12731,1206,13937,146
2022-09-25,Lassen,035,31185,9958,9947,991,10938,65
2022-09-25,Los Angeles,037,10098052,3278120,3263510,181606,3445116,33258
2022-09-25,Madera,039,155013,43947,43910,8268,52178,374
2022-09-25,Marin,041,260295,45040,44823,5306,50129,310
2022-09-25,Mariposa,043,17540,3082,3074,364,3438,31
2022-09-25,Mendocino,045,87422,15966,15911,4501,20412,136
2022-09-25,Merced,047,269075,72287,71875,11835,83710,862
2022-09-25,Modoc,049,8938,875,872,324,1196,11
2022-09-25,Mono,051,14174,3202,3198,255,3453,7
2022-09-25,Monterey,053,433212,94012,93829,21040,114869,766
2022-09-25,Napa,055,140530,32118,32094,1411,33505,160
2022-09-25,Nevada,057,99092,18943,18861,1849,20710,132
2022-09-25,Orange,059,3164182,666233,664263,62605,726868,7425
2022-09-25,Placer,061,380077,75644,75381,9527,84908,660
2022-09-25,Plumas,063,18699,3656,3632,432,4064,13
2022-09-25,Riverside,065,2383286,694636,693038,35329,728367,6610
2022-09-25,Sacramento,067,1510023,345912,344748,33912,378660,3282
2022-09-25,San Benito,069,59416,16155,16114,970,17084,106
2022-09-25,San Bernardino,071,2135413,670238,667124,30961,698085,8097
2022-09-25,San Diego,073,3302833,922692,920118,71830,991948,5487
2022-09-25,San Francisco,075,870044,178603,176887,12083,188970,1031
2022-09-25,San Joaquin,077,732212,197139,196573,14760,211333,2306
2022-09-25,San Luis Obispo,079,281455,63094,62950,7184,70134,522
2022-09-25,San Mateo,081,765935,168059,167123,10649,177772,736
2022-09-25,Santa Barbara,083,443738,105524,105185,6922,112107,720
2022-09-25,Santa Clara,085,1922200,430812,429334,18898,448232,2486
2022-09-25,Santa Cruz,087,273765,62907,62704,3449,66153,274
2022-09-25,Shasta,089,179085,34869,34762,7467,42229,592
2022-09-25,Sierra,091,2930,304,303,60,363,5
2022-09-25,Siskiyou,093,43540,5265,5243,3315,8558,90
2022-09-25,Solano,095,438530,104845,104383,7854,112237,463
2022-09-25,Sonoma,097,501317,106651,106322,5325,111647,519
2022-09-25,Stanislaus,099,539301,137707,137340,21590,158930,1752
2022-09-25,Sutter,101,95872,24235,24198,2468,26666,232
2022-09-25,Tehama,103,63373,13594,13528,3083,16611,210
2022-09-25,Trinity,105,12862,1394,1390,387,1777,20
2022-09-25,Tulare,107,460477,121542,121446,36411,157857,1530
2022-09-25,Tuolumne,109,53932,15536,15469,930,16399,196
2022-09-25,Ventura,111,848112,208263,207684,15819,223503,1566
2022-09-25,Yolo,113,214977,47281,47147,4440,51587,335
2022-09-25,Yuba,115,75493,18870,18834,1712,20546,129
2022-09-24,Alameda,001,1643700,347017,345351,19792,365143,2012
2022-09-24,Alpine,003,1148,134,134,1,135,0
2022-09-24,Amador,005,37829,9982,9954,922,10876,90
2022-09-24,Butte,007,227075,39490,39282,9081,48363,453
2022-09-24,Calaveras,009,45235,8491,8475,550,9025,133
2022-09-24,Colusa,011,21464,3789,3775,1271,5046,22
2022-09-24,Contra Costa,013,1133247,250180,248053,20711,268764,1424
2022-09-24,Del Norte,015,27424,7408,7403,405,7808,57
2022-09-24,El Dorado,017,186661,32239,32159,4277,36436,231
2022-09-24,Fresno,019,978130,274643,273381,31417,304798,2850
2022-09-24,Glenn,021,27897,5523,5494,1868,7362,48
2022-09-24,Humboldt,023,135768,21763,21641,5019,26660,156
2022-09-24,Imperial,025,180216,65393,65297,15781,81078,957
2022-09-24,Inyo,027,18085,4484,4481,986,5467,59
2022-09-24,Kern,029,883053,218993,218413,63491,281904,2408
2022-09-24,Kings,031,150075,59382,59288,4095,63383,456
2022-09-24,Lake,033,64148,12761,12731,1205,13936,146
2022-09-24,Lassen,035,31185,9957,9947,991,10938,65
2022-09-24,Los Angeles,037,10098052,3277390,3263510,181463,3444973,33258
2022-09-24,Madera,039,155013,43944,43910,8265,52175,374
2022-09-24,Marin,041,260295,45025,44823,5306,50129,310
2022-09-24,Mariposa,043,17540,3080,3074,364,3438,31
2022-09-24,Mendocino,045,87422,15964,15911,4498,20409,136
2022-09-24,Merced,047,269075,72273,71875,11835,83710,862
2022-09-24,Modoc,049,8938,875,872,323,1195,11
2022-09-24,Mono,051,14174,3202,3198,255,3453,7
2022-09-24,Monterey,053,433212,94002,93829,21035,114864,766
2022-09-24,Napa,055,140530,32109,32094,1410,33504,160
2022-09-24,Nevada,057,99092,18938,18861,1846,20707,132
2022-09-24,Orange,059,3164182,666077,664263,62546,726809,7425
2022-09-24,Placer,061,380077,75620,75381,9523,84904,660
2022-09-24,Plumas,063,18699,3653,3632,432,4064,13
2022-09-24,Riverside,065,2383286,694511,693038,35319,728357,6610
2022-09-24,Sacramento,067,1510023,345840,344748,33902,378650,3282
2022-09-24,San Benito,069,59416,16148,16114,969,17083,106
2022-09-24,San Bernardino,071,2135413,670125,667124,30952,698076,8097
2022-09-24,San Diego,073,3302833,922488,920118,71815,991933,5487
2022-09-24,San Francisco,075,870044,178524,176887,12077,188964,1031
2022-09-24,San Joaquin,077,732212,197113,196573,14753,211326,2306
2022-09-24,San Luis Obispo,079,281455,63082,62950,7183,70133,522
2022-09-24,San Mateo,081,765935,167990,167123,10639,177762,736
2022-09-24,Santa Barbara,083,443738,105501,105185,6920,112105,720
2022-09-24,Santa Clara,085,1922200,430656,429334,18888,448222,2486
2022-09-24,Santa Cruz,087,273765,62890,62704,3446,66150,274
2022-09-24,Shasta,089,179085,34864,34762,7465,42227,592
2022-09-24,Sierra,091,2930,304,303,60,363,5
2022-09-24,Siskiyou,093,43540,5262,5243,3315,8558,90
2022-09-24,Solano,095,438530,104826,104383,7853,112236,463
2022-09-24,Sonoma,097,501317,106623,106322,5322,111644,519
2022-09-24,Stanislaus,099,539301,137682,137340,21582,158922,1752
2022-09-24,Sutter,101,95872,24228,24198,2468,26666,232
2022-09-24,Tehama,103,63373,13589,13528,3082,16610,210
2022-09-24,Trinity,105,12862,1394,1390,387,1777,20
2022-09-24,Tulare,107,460477,121523,121446,36394,157840,1530
2022-09-24,Tuolumne,109,53932,15528,15469,930,16399,196
2022-09-24,Ventura,111,848112,208219,207684,15810,223494,1566
2022-09-24,Yolo,113,214977,47266,47147,4439,51586,335
2022-09-24,Yuba,115,75493,18865,18834,1711,20545,129
2022-09-23,Alameda,001,1643700,346877,345351,19781,365132,2012
2022-09-23,Alpine,003,1148,134,134,1,135,0
2022-09-23,Amador,005,37829,9978,9954,922,10876,90
2022-09-23,Butte,007,227075,39482,39282,9078,48360,453
2022-09-23,Calaveras,009,45235,8490,8475,550,9025,133
2022-09-23,Colusa,011,21464,3789,3775,1271,5046,22
2022-09-23,Contra Costa,013,1133247,250102,248053,20706,268759,1424
2022-09-23,Del Norte,015,27424,7405,7403,405,7808,57
2022-09-23,El Dorado,017,186661,32225,32159,4275,36434,231
2022-09-23,Fresno,019,978130,274596,273381,31412,304793,2850
2022-09-23,Glenn,021,27897,5521,5494,1867,7361,48
2022-09-23,Humboldt,023,135768,21746,21641,5012,26653,156
2022-09-23,Imperial,025,180216,65383,65297,15774,81071,957
2022-09-23,Inyo,027,18085,4484,4481,982,5463,59
2022-09-23,Kern,029,883053,218964,218413,63465,281878,2408
2022-09-23,Kings,031,150075,59375,59288,4094,63382,456
2022-09-23,Lake,033,64148,12761,12731,1205,13936,146
2022-09-23,Lassen,035,31185,9955,9947,991,10938,65
2022-09-23,Los Angeles,037,10098052,3276624,3263510,181384,3444894,33258
2022-09-23,Madera,039,155013,43935,43910,8264,52174,374
2022-09-23,Marin,041,260295,45002,44823,5304,50127,310
2022-09-23,Mariposa,043,17540,3080,3074,363,3437,31
2022-09-23,Mendocino,045,87422,15962,15911,4498,20409,136
2022-09-23,Merced,047,269075,72263,71875,11833,83708,862
2022-09-23,Modoc,049,8938,875,872,323,1195,11
2022-09-23,Mono,051,14174,3202,3198,255,3453,7
2022-09-23,Monterey,053,433212,93994,93829,21026,114855,766
2022-09-23,Napa,055,140530,32100,32094,1410,33504,160
2022-09-23,Nevada,057,99092,18934,18861,1845,20706,132
2022-09-23,Orange,059,3164182,665910,664263,62514,726777,7425
2022-09-23,Placer,061,380077,75598,75381,9518,84899,660
2022-09-23,Plumas,063,18699,3650,3632,432,4064,13
2022-09-23,Riverside,065,2383286,694378,693038,35310,728348,6610
2022-09-23,Sacramento,067,1510023,345767,344748,33898,378646,3282
2022-09-23,San Benito,069,59416,16148,16114,969,17083,106
2022-09-23,San Bernardino,071,2135413,669995,667124,30946,698070,8097
2022-09-23,San Diego,073,3302833,922238,920118,71782,991900,5487
2022-09-23,San Francisco,075,870044,178449,176887,12072,188959,1031
2022-09-23,San Joaquin,077,732212,197078,196573,14740,211313,2306
2022-09-23,San Luis Obispo,079,281455,63072,62950,7182,70132,522
2022-09-23,San Mateo,081,765935,167921,167123,10634,177757,736
2022-09-23,Santa Barbara,083,443738,105474,105185,6920,112105,720
2022-09-23,Santa Clara,085,1922200,430492,429334,18875,448209,2486
2022-09-23,Santa Cruz,087,273765,62874,62704,3446,66150,274
2022-09-23,Shasta,089,179085,34860,34762,7459,42221,592
2022-09-23,Sierra,091,2930,304,303,60,363,5
2022-09-23,Siskiyou,093,43540,5260,5243,3315,8558,90
2022-09-23,Solano,095,438530,104797,104383,7851,112234,463
2022-09-23,Sonoma,097,501317,106596,106322,5320,111642,519
2022-09-23,Stanislaus,099,539301,137657,137340,21578,158918,1752
2022-09-23,Sutter,101,95872,24220,24198,2468,26666,232
2022-09-23,Tehama,103,63373,13585,13528,3080,16608,210
2022-09-23,Trinity,105,12862,1393,1390,387,1777,20
2022-09-23,Tulare,107,460477,121503,121446,36375,157821,1530
2022-09-23,Tuolumne,109,53932,15522,15469,930,16399,196
2022-09-23,Ventura,111,848112,208158,207684,15804,223488,1566
2022-09-23,Yolo,113,214977,47250,47147,4437,51584,335
2022-09-23,Yuba,115,75493,18863,18834,1711,20545,129
2022-09-22,Alameda,001,1643700,346710,345351,19775,365126,2012
2022-09-22,Alpine,003,1148,134,134,1,135,0
2022-09-22,Amador,005,37829,9974,9954,922,10876,90
2022-09-22,Butte,007,227075,39470,39282,9074,48356,453
2022-09-22,Calaveras,009,45235,8488,8475,544,9019,133
2022-09-22,Colusa,011,21464,3787,3775,1271,5046,22
2022-09-22,Contra Costa,013,1133247,249985,248053,20692,268745,1424
2022-09-22,Del Norte,015,27424,7404,7403,405,7808,57
2022-09-22,El Dorado,017,186661,32215,32159,4271,36430,231
2022-09-22,Fresno,019,978130,274516,273381,31395,304776,2850
2022-09-22,Glenn,021,27897,5520,5494,1867,7361,48
2022-09-22,Humboldt,023,135768,21733,21641,5009,26650,156
2022-09-22,Imperial,025,180216,65371,65297,15760,81057,957
2022-09-22,Inyo,027,18085,4484,4481,980,5461,59
2022-09-22,Kern,029,883053,218922,218413,63423,281836,2408
2022-09-22,Kings,031,150075,59360,59288,4094,63382,456
2022-09-22,Lake,033,64148,12759,12731,1204,13935,146
2022-09-22,Lassen,035,31185,9954,9947,991,10938,65
2022-09-22,Los Angeles,037,10098052,3275585,3263510,181234,3444744,33258
2022-09-22,Madera,039,155013,43930,43910,8262,52172,374
2022-09-22,Marin,041,260295,44987,44823,5302,50125,310
2022-09-22,Mariposa,043,17540,3079,3074,363,3437,31
2022-09-22,Mendocino,045,87422,15957,15911,4498,20409,136
2022-09-22,Merced,047,269075,72244,71875,11829,83704,862
2022-09-22,Modoc,049,8938,875,872,323,1195,11
2022-09-22,Mono,051,14174,3201,3198,254,3452,7
2022-09-22,Monterey,053,433212,93974,93829,21017,114846,766
2022-09-22,Napa,055,140530,32082,32094,1409,33503,160
2022-09-22,Nevada,057,99092,18928,18861,1844,20705,132
2022-09-22,Orange,059,3164182,665691,664263,62464,726727,7425
2022-09-22,Placer,061,380077,75566,75381,9514,84895,660
2022-09-22,Plumas,063,18699,3647,3632,432,4064,13
2022-09-22,Riverside,065,2383286,694201,693038,35302,728340,6610
2022-09-22,Sacramento,067,1510023,345610,344748,33879,378627,3282
2022-09-22,San Benito,069,59416,16148,16114,968,17082,106
2022-09-22,San Bernardino,071,2135413,669848,667124,30931,698055,8097
2022-09-22,San Diego,073,3302833,921876,920118,71742,991860,5487
2022-09-22,San Francisco,075,870044,178343,176887,12066,188953,1031
2022-09-22,San Joaquin,077,732212,197031,196573,14732,211305,2306
2022-09-22,San Luis Obispo,079,281455,63054,62950,7180,70130,522
2022-09-22,San Mateo,081,765935,167857,167123,10632,177755,736
2022-09-22,Santa Barbara,083,443738,105445,105185,6916,112101,720
2022-09-22,Santa Clara,085,1922200,430318,429334,18860,448194,2486
2022-09-22,Santa Cruz,087,273765,62832,62704,3439,66143,274
2022-09-22,Shasta,089,179085,34848,34762,7451,42213,592
2022-09-22,Sierra,091,2930,304,303,60,363,5
2022-09-22,Siskiyou,093,43540,5259,5243,3314,8557,90
2022-09-22,Solano,095,438530,104739,104383,7847,112230,463
2022-09-22,Sonoma,097,501317,106561,106322,5318,111640,519
2022-09-22,Stanislaus,099,539301,137623,137340,21574,158914,1752
2022-09-22,Sutter,101,95872,24209,24198,2468,26666,232
2022-09-22,Tehama,103,63373,13581,13528,3077,16605,210
2022-09-22,Trinity,105,12862,1391,1390,387,1777,20
2022-09-22,Tulare,107,460477,121485,121446,36359,157805,1530
2022-09-22,Tuolumne,109,53932,15515,15469,929,16398,196
2022-09-22,Ventura,111,848112,208073,207684,15796,223480,1566
2022-09-22,Yolo,113,214977,47236,47147,4431,51578,335
2022-09-22,Yuba,115,75493,18855,18834,1708,20542,129
2022-09-21,Alameda,001,1643700,346544,345351,19759,365110,2012
2022-09-21,Alpine,003,1148,134,134,1,135,0
2022-09-21,Amador,005,37829,9973,9954,922,10876,90
2022-09-21,Butte,007,227075,39457,39282,9065,48347,453
2022-09-21,Calaveras,009,45235,8485,8475,543,9018,133
2022-09-21,Colusa,011,21464,3787,3775,1271,5046,22
2022-09-21,Contra Costa,013,1133247,249874,248053,20681,268734,1424
2022-09-21,Del Norte,015,27424,7403,7403,405,7808,57
2022-09-21,El Dorado,017,186661,32203,32159,4268,36427,231
2022-09-21,Fresno,019,978130,274439,273381,31384,304765,2850
2022-09-21,Glenn,021,27897,5519,5494,1866,7360,48
2022-09-21,Humboldt,023,135768,21717,21641,5006,26647,156
2022-09-21,Imperial,025,180216,65355,65297,15750,81047,957
2022-09-21,Inyo,027,18085,4484,4481,977,5458,59
2022-09-21,Kern,029,883053,218868,218413,63377,281790,2408
2022-09-21,Kings,031,150075,59344,59288,4094,63382,456
2022-09-21,Lake,033,64148,12753,12731,1202,13933,146
2022-09-21,Lassen,035,31185,9954,9947,991,10938,65
2022-09-21,Los Angeles,037,10098052,3274424,3263510,181064,3444574,33258
2022-09-21,Madera,039,155013,43915,43910,8262,52172,374
2022-09-21,Marin,041,260295,44963,44823,5302,50125,310
2022-09-21,Mariposa,043,17540,3079,3074,363,3437,31
2022-09-21,Mendocino,045,87422,15950,15911,4496,20407,136
2022-09-21,Merced,047,269075,72229,71875,11828,83703,862
2022-09-21,Modoc,049,8938,875,872,323,1195,11
2022-09-21,Mono,051,14174,3201,3198,254,3452,7
2022-09-21,Monterey,053,433212,93953,93829,21009,114838,766
2022-09-21,Napa,055,140530,32075,32094,1409,33503,160
2022-09-21,Nevada,057,99092,18918,18861,1844,20705,132
2022-09-21,Orange,059,3164182,665446,664263,62409,726672,7425
2022-09-21,Placer,061,380077,75532,75381,9510,84891,660
2022-09-21,Plumas,063,18699,3645,3632,432,4064,13
2022-09-21,Riverside,065,2383286,694022,693038,35283,728321,6610
2022-09-21,Sacramento,067,1510023,345456,344748,33864,378612,3282
2022-09-21,San Benito,069,59416,16136,16114,965,17079,106
2022-09-21,San Bernardino,071,2135413,669699,667124,30924,698048,8097
2022-09-21,San Diego,073,3302833,921494,920118,71696,991814,5487
2022-09-21,San Francisco,075,870044,178250,176887,12056,188943,1031
2022-09-21,San Joaquin,077,732212,196977,196573,14726,211299,2306
2022-09-21,San Luis Obispo,079,281455,63036,62950,7173,70123,522
2022-09-21,San Mateo,081,765935,167781,167123,10631,177754,736
2022-09-21,Santa Barbara,083,443738,105401,105185,6912,112097,720
2022-09-21,Santa Clara,085,1922200,430130,429334,18852,448186,2486
2022-09-21,Santa Cruz,087,273765,62786,62704,3435,66139,274
2022-09-21,Shasta,089,179085,34842,34762,7446,42208,592
2022-09-21,Sierra,091,2930,303,303,60,363,5
2022-09-21,Siskiyou,093,43540,5256,5243,3313,8556,90
2022-09-21,Solano,095,438530,104695,104383,7844,112227,463
2022-09-21,Sonoma,097,501317,106527,106322,5312,111634,519
2022-09-21,Stanislaus,099,539301,137588,137340,21565,158905,1752
2022-09-21,Sutter,101,95872,24200,24198,2468,26666,232
2022-09-21,Tehama,103,63373,13576,13528,3076,16604,210
2022-09-21,Trinity,105,12862,1391,1390,387,1777,20
2022-09-21,Tulare,107,460477,121456,121446,36343,157789,1530
2022-09-21,Tuolumne,109,53932,15511,15469,927,16396,196
2022-09-21,Ventura,111,848112,208002,207684,15786,223470,1566
2022-09-21,Yolo,113,214977,47217,47147,4424,51571,335
2022-09-21,Yuba,115,75493,18847,18834,1708,20542,129
2022-09-20,Alameda,001,1643700,346391,345351,19743,365094,2012
2022-09-20,Alpine,003,1148,134,134,1,135,0
2022-09-20,Amador,005,37829,9966,9954,922,10876,90
2022-09-20,Butte,007,227075,39442,39282,9056,48338,453
2022-09-20,Calaveras,009,45235,8483,8475,543,9018,133
2022-09-20,Colusa,011,21464,3787,3775,1271,5046,22
2022-09-20,Contra Costa,013,1133247,249754,248053,20666,268719,1424
2022-09-20,Del Norte,015,27424,7398,7403,405,7808,57
2022-09-20,El Dorado,017,186661,32189,32159,4265,36424,231
2022-09-20,Fresno,019,978130,274366,273381,31368,304749,2850
2022-09-20,Glenn,021,27897,5518,5494,1865,7359,48
2022-09-20,Humboldt,023,135768,21704,21641,5003,26644,156
2022-09-20,Imperial,025,180216,65333,65297,15739,81036,957
2022-09-20,Inyo,027,18085,4483,4481,974,5455,59
2022-09-20,Kern,029,883053,218815,218413,63340,281753,2408
2022-09-20,Kings,031,150075,59321,59288,4093,63381,456
2022-09-20,Lake,033,64148,12750,12731,1202,13933,146
2022-09-20,Lassen,035,31185,9951,9947,991,10938,65
2022-09-20,Los Angeles,037,10098052,3273265,3263510,180917,3444427,33258
2022-09-20,Madera,039,155013,43906,43910,8257,52167,374
2022-09-20,Marin,041,260295,44939,44823,5296,50119,310
2022-09-20,Mariposa,043,17540,3079,3074,363,3437,31
2022-09-20,Mendocino,045,87422,15946,15911,4493,20404,136
2022-09-20,Merced,047,269075,72207,71875,11823,83698,862
2022-09-20,Modoc,049,8938,875,872,323,1195,11
2022-09-20,Mono,051,14174,3201,3198,254,3452,7
2022-09-20,Monterey,053,433212,93934,93829,21000,114829,766
2022-09-20,Napa,055,140530,32066,32094,1408,33502,160
2022-09-20,Nevada,057,99092,18913,18861,1844,20705,132
2022-09-20,Orange,059,3164182,665166,664263,62364,726627,7425
2022-09-20,Placer,061,380077,75503,75381,9505,84886,660
2022-09-20,Plumas,063,18699,3643,3632,432,4064,13
2022-09-20,Riverside,065,2383286,693820,693038,35255,728293,6610
2022-09-20,Sacramento,067,1510023,345306,344748,33841,378589,3282
2022-09-20,San Benito,069,59416,16130,16114,965,17079,106
2022-09-20,San Bernardino,071,2135413,669490,667124,30909,698033,8097
2022-09-20,San Diego,073,3302833,921082,920118,71640,991758,5487
2022-09-20,San Francisco,075,870044,178153,176887,12050,188937,1031
2022-09-20,San Joaquin,077,732212,196916,196573,14721,211294,2306
2022-09-20,San Luis Obispo,079,281455,63021,62950,7163,70113,522
2022-09-20,San Mateo,081,765935,167699,167123,10627,177750,736
2022-09-20,Santa Barbara,083,443738,105365,105185,6907,112092,720
2022-09-20,Santa Clara,085,1922200,429926,429334,18842,448176,2486
2022-09-20,Santa Cruz,087,273765,62764,62704,3430,66134,274
2022-09-20,Shasta,089,179085,34831,34762,7442,42204,592
2022-09-20,Sierra,091,2930,303,303,60,363,5
2022-09-20,Siskiyou,093,43540,5252,5243,3313,8556,90
2022-09-20,Solano,095,438530,104649,104383,7840,112223,463
2022-09-20,Sonoma,097,501317,106475,106322,5310,111632,519
2022-09-20,Stanislaus,099,539301,137545,137340,21557,158897,1752
2022-09-20,Sutter,101,95872,24196,24198,2468,26666,232
2022-09-20,Tehama,103,63373,13574,13528,3076,16604,210
2022-09-20,Trinity,105,12862,1391,1390,387,1777,20
2022-09-20,Tulare,107,460477,121437,121446,36318,157764,1530
2022-09-20,Tuolumne,109,53932,15505,15469,926,16395,196
2022-09-20,Ventura,111,848112,207919,207684,15781,223465,1566
2022-09-20,Yolo,113,214977,47197,47147,4419,51566,335
2022-09-20,Yuba,115,75493,18843,18834,1708,20542,129
2022-09-19,Alameda,001,1643700,346223,344045,19728,363773,2007
2022-09-19,Alpine,003,1148,134,134,1,135,0
2022-09-19,Amador,005,37829,9962,9908,922,10830,90
2022-09-19,Butte,007,227075,39429,39155,9048,48203,453
2022-09-19,Calaveras,009,45235,8478,8455,542,8997,133
2022-09-19,Colusa,011,21464,3785,3765,1271,5036,22
2022-09-19,Contra Costa,013,1133247,249658,247095,20643,267738,1423
2022-09-19,Del Norte,015,27424,7395,7381,405,7786,56
2022-09-19,El Dorado,017,186661,32180,32088,4261,36349,231
2022-09-19,Fresno,019,978130,274278,272774,31359,304133,2839
2022-09-19,Glenn,021,27897,5517,5481,1864,7345,48
2022-09-19,Humboldt,023,135768,21691,21561,4998,26559,155
2022-09-19,Imperial,025,180216,65315,65099,15724,80823,956
2022-09-19,Inyo,027,18085,4482,4472,972,5444,59
2022-09-19,Kern,029,883053,218753,217694,63281,280975,2405
2022-09-19,Kings,031,150075,59307,59122,4093,63215,456
2022-09-19,Lake,033,64148,12745,12696,1201,13897,144
2022-09-19,Lassen,035,31185,9946,9938,991,10929,65
2022-09-19,Los Angeles,037,10098052,3271894,3253906,180735,3434641,33160
2022-09-19,Madera,039,155013,43881,43782,8251,52033,373
2022-09-19,Marin,041,260295,44910,44702,5291,49993,309
2022-09-19,Mariposa,043,17540,3079,3064,363,3427,31
2022-09-19,Mendocino,045,87422,15940,15872,4490,20362,136
2022-09-19,Merced,047,269075,72192,71732,11819,83551,862
2022-09-19,Modoc,049,8938,875,872,323,1195,11
2022-09-19,Mono,051,14174,3201,3191,254,3445,7
2022-09-19,Monterey,053,433212,93900,93692,20987,114679,762
2022-09-19,Napa,055,140530,32051,31979,1407,33386,160
2022-09-19,Nevada,057,99092,18907,18824,1842,20666,132
2022-09-19,Orange,059,3164182,664885,662784,62309,725093,7398
2022-09-19,Placer,061,380077,75482,75159,9502,84661,660
2022-09-19,Plumas,063,18699,3641,3609,432,4041,13
2022-09-19,Riverside,065,2383286,693586,691630,35241,726871,6608
2022-09-19,Sacramento,067,1510023,345158,343926,33821,377747,3267
2022-09-19,San Benito,069,59416,16120,16057,965,17022,106
2022-09-19,San Bernardino,071,2135413,669271,664360,30890,695250,8074
2022-09-19,San Diego,073,3302833,920658,917229,71552,988781,5479
2022-09-19,San Francisco,075,870044,178062,176724,12041,188765,1025
2022-09-19,San Joaquin,077,732212,196823,196128,14715,210843,2304
2022-09-19,San Luis Obispo,079,281455,63002,62716,7154,69870,520
2022-09-19,San Mateo,081,765935,167600,166572,10621,177193,735
2022-09-19,Santa Barbara,083,443738,105325,104912,6900,111812,718
2022-09-19,Santa Clara,085,1922200,429696,428065,18826,446891,2473
2022-09-19,Santa Cruz,087,273765,62734,62480,3425,65905,274
2022-09-19,Shasta,089,179085,34812,34648,7435,42083,591
2022-09-19,Sierra,091,2930,303,303,60,363,5
2022-09-19,Siskiyou,093,43540,5249,5226,3311,8537,90
2022-09-19,Solano,095,438530,104603,104085,7838,111923,462
2022-09-19,Sonoma,097,501317,106417,106028,5310,111338,518
2022-09-19,Stanislaus,099,539301,137499,136981,21546,158527,1727
2022-09-19,Sutter,101,95872,24182,24119,2468,26587,232
2022-09-19,Tehama,103,63373,13569,13503,3075,16578,210
2022-09-19,Trinity,105,12862,1391,1385,387,1772,20
2022-09-19,Tulare,107,460477,121411,121230,36295,157525,1531
2022-09-19,Tuolumne,109,53932,15499,15411,926,16337,196
2022-09-19,Ventura,111,848112,207830,207049,15770,222819,1563
2022-09-19,Yolo,113,214977,47182,47085,4417,51502,334
2022-09-19,Yuba,115,75493,18834,18764,1701,20465,129
2022-09-18,Alameda,001,1643700,346020,344045,19713,363758,2007
2022-09-18,Alpine,003,1148,134,134,1,135,0
2022-09-18,Amador,005,37829,9956,9908,922,10830,90
2022-09-18,Butte,007,227075,39412,39155,9037,48192,453
2022-09-18,Calaveras,009,45235,8472,8455,539,8994,133
2022-09-18,Colusa,011,21464,3784,3765,1271,5036,22
2022-09-18,Contra Costa,013,1133247,249508,247095,20629,267724,1423
2022-09-18,Del Norte,015,27424,7389,7381,405,7786,56
2022-09-18,El Dorado,017,186661,32166,32088,4258,36346,231
2022-09-18,Fresno,019,978130,274182,272774,31335,304109,2839
2022-09-18,Glenn,021,27897,5512,5481,1864,7345,48
2022-09-18,Humboldt,023,135768,21678,21561,4989,26550,155
2022-09-18,Imperial,025,180216,65296,65099,15702,80801,956
2022-09-18,Inyo,027,18085,4480,4472,971,5443,59
2022-09-18,Kern,029,883053,218680,217694,63207,280901,2405
2022-09-18,Kings,031,150075,59289,59122,4089,63211,456
2022-09-18,Lake,033,64148,12739,12696,1198,13894,144
2022-09-18,Lassen,035,31185,9942,9938,991,10929,65
2022-09-18,Los Angeles,037,10098052,3270347,3253906,180568,3434474,33160
2022-09-18,Madera,039,155013,43858,43782,8246,52028,373
2022-09-18,Marin,041,260295,44887,44702,5287,49989,309
2022-09-18,Mariposa,043,17540,3078,3064,363,3427,31
2022-09-18,Mendocino,045,87422,15936,15872,4485,20357,136
2022-09-18,Merced,047,269075,72166,71732,11810,83542,862
2022-09-18,Modoc,049,8938,874,872,323,1195,11
2022-09-18,Mono,051,14174,3201,3191,253,3444,7
2022-09-18,Monterey,053,433212,93872,93692,20971,114663,762
2022-09-18,Napa,055,140530,32037,31979,1405,33384,160
2022-09-18,Nevada,057,99092,18895,18824,1840,20664,132
2022-09-18,Orange,059,3164182,664603,662784,62229,725013,7398
2022-09-18,Placer,061,380077,75446,75159,9493,84652,660
2022-09-18,Plumas,063,18699,3635,3609,432,4041,13
2022-09-18,Riverside,065,2383286,693354,691630,35211,726841,6608
2022-09-18,Sacramento,067,1510023,344974,343926,33790,377716,3267
2022-09-18,San Benito,069,59416,16114,16057,962,17019,106
2022-09-18,San Bernardino,071,2135413,669037,664360,30868,695228,8074
2022-09-18,San Diego,073,3302833,920177,917229,71501,988730,5479
2022-09-18,San Francisco,075,870044,177925,176724,12035,188759,1025
2022-09-18,San Joaquin,077,732212,196747,196128,14708,210836,2304
2022-09-18,San Luis Obispo,079,281455,62982,62716,7145,69861,520
2022-09-18,San Mateo,081,765935,167495,166572,10612,177184,735
2022-09-18,Santa Barbara,083,443738,105279,104912,6896,111808,718
2022-09-18,Santa Clara,085,1922200,429451,428065,18805,446870,2473
2022-09-18,Santa Cruz,087,273765,62704,62480,3420,65900,274
2022-09-18,Shasta,089,179085,34794,34648,7422,42070,591
2022-09-18,Sierra,091,2930,303,303,60,363,5
2022-09-18,Siskiyou,093,43540,5246,5226,3309,8535,90
2022-09-18,Solano,095,438530,104548,104085,7829,111914,462
2022-09-18,Sonoma,097,501317,106363,106028,5306,111334,518
2022-09-18,Stanislaus,099,539301,137446,136981,21534,158515,1727
2022-09-18,Sutter,101,95872,24169,24119,2468,26587,232
2022-09-18,Tehama,103,63373,13559,13503,3073,16576,210
2022-09-18,Trinity,105,12862,1391,1385,384,1769,20
2022-09-18,Tulare,107,460477,121364,121230,36264,157494,1531
2022-09-18,Tuolumne,109,53932,15490,15411,924,16335,196
2022-09-18,Ventura,111,848112,207720,207049,15757,222806,1563
2022-09-18,Yolo,113,214977,47169,47085,4414,51499,334
2022-09-18,Yuba,115,75493,18824,18764,1701,20465,129
2022-09-17,Alameda,001,1643700,345901,344045,19709,363754,2007
2022-09-17,Alpine,003,1148,134,134,1,135,0
2022-09-17,Amador,005,37829,9954,9908,922,10830,90
2022-09-17,Butte,007,227075,39401,39155,9032,48187,453
2022-09-17,Calaveras,009,45235,8468,8455,537,8992,133
2022-09-17,Colusa,011,21464,3780,3765,1271,5036,22
2022-09-17,Contra Costa,013,1133247,249424,247095,20625,267720,1423
2022-09-17,Del Norte,015,27424,7388,7381,405,7786,56
2022-09-17,El Dorado,017,186661,32161,32088,4257,36345,231
2022-09-17,Fresno,019,978130,274136,272774,31325,304099,2839
2022-09-17,Glenn,021,27897,5508,5481,1862,7343,48
2022-09-17,Humboldt,023,135768,21670,21561,4983,26544,155
2022-09-17,Imperial,025,180216,65275,65099,15694,80793,956
2022-09-17,Inyo,027,18085,4480,4472,969,5441,59
2022-09-17,Kern,029,883053,218644,217694,63163,280857,2405
2022-09-17,Kings,031,150075,59278,59122,4087,63209,456
2022-09-17,Lake,033,64148,12738,12696,1198,13894,144
2022-09-17,Lassen,035,31185,9942,9938,991,10929,65
2022-09-17,Los Angeles,037,10098052,3269520,3253906,180421,3434327,33160
2022-09-17,Madera,039,155013,43851,43782,8246,52028,373
2022-09-17,Marin,041,260295,44871,44702,5283,49985,309
2022-09-17,Mariposa,043,17540,3077,3064,363,3427,31
2022-09-17,Mendocino,045,87422,15934,15872,4485,20357,136
2022-09-17,Merced,047,269075,72151,71732,11807,83539,862
2022-09-17,Modoc,049,8938,874,872,323,1195,11
2022-09-17,Mono,051,14174,3201,3191,253,3444,7
2022-09-17,Monterey,053,433212,93859,93692,20962,114654,762
2022-09-17,Napa,055,140530,32031,31979,1404,33383,160
2022-09-17,Nevada,057,99092,18887,18824,1837,20661,132
2022-09-17,Orange,059,3164182,664431,662784,62189,724973,7398
2022-09-17,Placer,061,380077,75413,75159,9486,84645,660
2022-09-17,Plumas,063,18699,3633,3609,432,4041,13
2022-09-17,Riverside,065,2383286,693212,691630,35192,726822,6608
2022-09-17,Sacramento,067,1510023,344897,343926,33772,377698,3267
2022-09-17,San Benito,069,59416,16108,16057,960,17017,106
2022-09-17,San Bernardino,071,2135413,668907,664360,30856,695216,8074
2022-09-17,San Diego,073,3302833,919997,917229,71480,988709,5479
2022-09-17,San Francisco,075,870044,177864,176724,12031,188755,1025
2022-09-17,San Joaquin,077,732212,196722,196128,14705,210833,2304
2022-09-17,San Luis Obispo,079,281455,62971,62716,7145,69861,520
2022-09-17,San Mateo,081,765935,167431,166572,10604,177176,735
2022-09-17,Santa Barbara,083,443738,105250,104912,6894,111806,718
2022-09-17,Santa Clara,085,1922200,429311,428065,18798,446863,2473
2022-09-17,Santa Cruz,087,273765,62696,62480,3420,65900,274
2022-09-17,Shasta,089,179085,34784,34648,7416,42064,591
2022-09-17,Sierra,091,2930,303,303,60,363,5
2022-09-17,Siskiyou,093,43540,5245,5226,3308,8534,90
2022-09-17,Solano,095,438530,104537,104085,7827,111912,462
2022-09-17,Sonoma,097,501317,106328,106028,5305,111333,518
2022-09-17,Stanislaus,099,539301,137423,136981,21526,158507,1727
2022-09-17,Sutter,101,95872,24163,24119,2468,26587,232
2022-09-17,Tehama,103,63373,13557,13503,3072,16575,210
2022-09-17,Trinity,105,12862,1391,1385,384,1769,20
2022-09-17,Tulare,107,460477,121347,121230,36251,157481,1531
2022-09-17,Tuolumne,109,53932,15485,15411,923,16334,196
2022-09-17,Ventura,111,848112,207676,207049,15746,222795,1563
2022-09-17,Yolo,113,214977,47160,47085,4408,51493,334
2022-09-17,Yuba,115,75493,18821,18764,1701,20465,129
2022-09-16,Alameda,001,1643700,345767,344045,19695,363740,2007
2022-09-16,Alpine,003,1148,134,134,1,135,0
2022-09-16,Amador,005,37829,9952,9908,922,10830,90
2022-09-16,Butte,007,227075,39385,39155,9029,48184,453
2022-09-16,Calaveras,009,45235,8465,8455,537,8992,133
2022-09-16,Colusa,011,21464,3779,3765,1271,5036,22
2022-09-16,Contra Costa,013,1133247,249340,247095,20618,267713,1423
2022-09-16,Del Norte,015,27424,7387,7381,405,7786,56
2022-09-16,El Dorado,017,186661,32155,32088,4255,36343,231
2022-09-16,Fresno,019,978130,274097,272774,31318,304092,2839
2022-09-16,Glenn,021,27897,5508,5481,1862,7343,48
2022-09-16,Humboldt,023,135768,21660,21561,4983,26544,155
2022-09-16,Imperial,025,180216,65262,65099,15689,80788,956
2022-09-16,Inyo,027,18085,4480,4472,967,5439,59
2022-09-16,Kern,029,883053,218604,217694,63140,280834,2405
2022-09-16,Kings,031,150075,59263,59122,4087,63209,456
2022-09-16,Lake,033,64148,12734,12696,1198,13894,144
2022-09-16,Lassen,035,31185,9941,9938,990,10928,65
2022-09-16,Los Angeles,037,10098052,3268627,3253906,180317,3434223,33160
2022-09-16,Madera,039,155013,43837,43782,8246,52028,373
2022-09-16,Marin,041,260295,44849,44702,5280,49982,309
2022-09-16,Mariposa,043,17540,3076,3064,363,3427,31
2022-09-16,Mendocino,045,87422,15929,15872,4484,20356,136
2022-09-16,Merced,047,269075,72136,71732,11805,83537,862
2022-09-16,Modoc,049,8938,874,872,323,1195,11
2022-09-16,Mono,051,14174,3201,3191,253,3444,7
2022-09-16,Monterey,053,433212,93842,93692,20959,114651,762
2022-09-16,Napa,055,140530,32021,31979,1403,33382,160
2022-09-16,Nevada,057,99092,18882,18824,1837,20661,132
2022-09-16,Orange,059,3164182,664271,662784,62132,724916,7398
2022-09-16,Placer,061,380077,75395,75159,9481,84640,660
2022-09-16,Plumas,063,18699,3631,3609,432,4041,13
2022-09-16,Riverside,065,2383286,693096,691630,35173,726803,6608
2022-09-16,Sacramento,067,1510023,344802,343926,33763,377689,3267
2022-09-16,San Benito,069,59416,16101,16057,960,17017,106
2022-09-16,San Bernardino,071,2135413,668763,664360,30844,695204,8074
2022-09-16,San Diego,073,3302833,919717,917229,71453,988682,5479
2022-09-16,San Francisco,075,870044,177806,176724,12025,188749,1025
2022-09-16,San Joaquin,077,732212,196686,196128,14702,210830,2304
2022-09-16,San Luis Obispo,079,281455,62955,62716,7144,69860,520
2022-09-16,San Mateo,081,765935,167363,166572,10599,177171,735
2022-09-16,Santa Barbara,083,443738,105225,104912,6892,111804,718
2022-09-16,Santa Clara,085,1922200,429172,428065,18788,446853,2473
2022-09-16,Santa Cruz,087,273765,62675,62480,3420,65900,274
2022-09-16,Shasta,089,179085,34778,34648,7412,42060,591
2022-09-16,Sierra,091,2930,303,303,60,363,5
2022-09-16,Siskiyou,093,43540,5243,5226,3308,8534,90
2022-09-16,Solano,095,438530,104513,104085,7823,111908,462
2022-09-16,Sonoma,097,501317,106298,106028,5305,111333,518
2022-09-16,Stanislaus,099,539301,137385,136981,21523,158504,1727
2022-09-16,Sutter,101,95872,24150,24119,2468,26587,232
2022-09-16,Tehama,103,63373,13555,13503,3071,16574,210
2022-09-16,Trinity,105,12862,1391,1385,384,1769,20
2022-09-16,Tulare,107,460477,121322,121230,36232,157462,1531
2022-09-16,Tuolumne,109,53932,15474,15411,923,16334,196
2022-09-16,Ventura,111,848112,207610,207049,15732,222781,1563
2022-09-16,Yolo,113,214977,47150,47085,4402,51487,334
2022-09-16,Yuba,115,75493,18812,18764,1701,20465,129
2022-09-15,Alameda,001,1643700,345593,344045,19682,363727,2007
2022-09-15,Alpine,003,1148,134,134,1,135,0
2022-09-15,Amador,005,37829,9948,9908,922,10830,90
2022-09-15,Butte,007,227075,39375,39155,9024,48179,453
2022-09-15,Calaveras,009,45235,8463,8455,534,8989,133
2022-09-15,Colusa,011,21464,3778,3765,1271,5036,22
2022-09-15,Contra Costa,013,1133247,249210,247095,20598,267693,1423
2022-09-15,Del Norte,015,27424,7384,7381,405,7786,56
2022-09-15,El Dorado,017,186661,32146,32088,4253,36341,231
2022-09-15,Fresno,019,978130,273998,272774,31306,304080,2839
2022-09-15,Glenn,021,27897,5508,5481,1861,7342,48
2022-09-15,Humboldt,023,135768,21643,21561,4975,26536,155
2022-09-15,Imperial,025,180216,65239,65099,15673,80772,956
2022-09-15,Inyo,027,18085,4480,4472,964,5436,59
2022-09-15,Kern,029,883053,218546,217694,63085,280779,2405
2022-09-15,Kings,031,150075,59246,59122,4087,63209,456
2022-09-15,Lake,033,64148,12731,12696,1197,13893,144
2022-09-15,Lassen,035,31185,9940,9938,990,10928,65
2022-09-15,Los Angeles,037,10098052,3267469,3253906,180154,3434060,33160
2022-09-15,Madera,039,155013,43826,43782,8243,52025,373
2022-09-15,Marin,041,260295,44831,44702,5277,49979,309
2022-09-15,Mariposa,043,17540,3075,3064,362,3426,31
2022-09-15,Mendocino,045,87422,15919,15872,4481,20353,136
2022-09-15,Merced,047,269075,72114,71732,11801,83533,862
2022-09-15,Modoc,049,8938,874,872,322,1194,11
2022-09-15,Mono,051,14174,3201,3191,251,3442,7
2022-09-15,Monterey,053,433212,93821,93692,20949,114641,762
2022-09-15,Napa,055,140530,32008,31979,1403,33382,160
2022-09-15,Nevada,057,99092,18874,18824,1834,20658,132
2022-09-15,Orange,059,3164182,664044,662784,62056,724840,7398
2022-09-15,Placer,061,380077,75358,75159,9476,84635,660
2022-09-15,Plumas,063,18699,3631,3609,432,4041,13
2022-09-15,Riverside,065,2383286,692925,691630,35155,726785,6608
2022-09-15,Sacramento,067,1510023,344650,343926,33734,377660,3267
2022-09-15,San Benito,069,59416,16095,16057,960,17017,106
2022-09-15,San Bernardino,071,2135413,668573,664360,30824,695184,8074
2022-09-15,San Diego,073,3302833,919358,917229,71415,988644,5479
2022-09-15,San Francisco,075,870044,177699,176724,12018,188742,1025
2022-09-15,San Joaquin,077,732212,196619,196128,14689,210817,2304
2022-09-15,San Luis Obispo,079,281455,62931,62716,7141,69857,520
2022-09-15,San Mateo,081,765935,167273,166572,10589,177161,735
2022-09-15,Santa Barbara,083,443738,105188,104912,6883,111795,718
2022-09-15,Santa Clara,085,1922200,428962,428065,18774,446839,2473
2022-09-15,Santa Cruz,087,273765,62654,62480,3416,65896,274
2022-09-15,Shasta,089,179085,34772,34648,7404,42052,591
2022-09-15,Sierra,091,2930,303,303,60,363,5
2022-09-15,Siskiyou,093,43540,5239,5226,3305,8531,90
2022-09-15,Solano,095,438530,104471,104085,7817,111902,462
2022-09-15,Sonoma,097,501317,106262,106028,5302,111330,518
2022-09-15,Stanislaus,099,539301,137344,136981,21517,158498,1727
2022-09-15,Sutter,101,95872,24142,24119,2468,26587,232
2022-09-15,Tehama,103,63373,13550,13503,3069,16572,210
2022-09-15,Trinity,105,12862,1390,1385,383,1768,20
2022-09-15,Tulare,107,460477,121295,121230,36212,157442,1531
2022-09-15,Tuolumne,109,53932,15465,15411,923,16334,196
2022-09-15,Ventura,111,848112,207517,207049,15716,222765,1563
2022-09-15,Yolo,113,214977,47137,47085,4400,51485,334
2022-09-15,Yuba,115,75493,18804,18764,1699,20463,129
2022-09-14,Alameda,001,1643700,345413,344045,19670,363715,2007
2022-09-14,Alpine,003,1148,134,134,1,135,0
2022-09-14,Amador,005,37829,9942,9908,922,10830,90
2022-09-14,Butte,007,227075,39357,39155,9016,48171,453
2022-09-14,Calaveras,009,45235,8457,8455,532,8987,133
2022-09-14,Colusa,011,21464,3775,3765,1271,5036,22
2022-09-14,Contra Costa,013,1133247,249104,247095,20579,267674,1423
2022-09-14,Del Norte,015,27424,7381,7381,405,7786,56
2022-09-14,El Dorado,017,186661,32136,32088,4246,36334,231
2022-09-14,Fresno,019,978130,273905,272774,31289,304063,2839
2022-09-14,Glenn,021,27897,5508,5481,1858,7339,48
2022-09-14,Humboldt,023,135768,21622,21561,4971,26532,155
2022-09-14,Imperial,025,180216,65213,65099,15655,80754,956
2022-09-14,Inyo,027,18085,4478,4472,962,5434,59
2022-09-14,Kern,029,883053,218485,217694,63030,280724,2405
2022-09-14,Kings,031,150075,59224,59122,4083,63205,456
2022-09-14,Lake,033,64148,12723,12696,1196,13892,144
2022-09-14,Lassen,035,31185,9940,9938,988,10926,65
2022-09-14,Los Angeles,037,10098052,3266219,3253906,180008,3433914,33160
2022-09-14,Madera,039,155013,43796,43782,8238,52020,373
2022-09-14,Marin,041,260295,44809,44702,5269,49971,309
2022-09-14,Mariposa,043,17540,3074,3064,362,3426,31
2022-09-14,Mendocino,045,87422,15916,15872,4478,20350,136
2022-09-14,Merced,047,269075,72090,71732,11788,83520,862
2022-09-14,Modoc,049,8938,873,872,321,1193,11
2022-09-14,Mono,051,14174,3201,3191,250,3441,7
2022-09-14,Monterey,053,433212,93803,93692,20939,114631,762
2022-09-14,Napa,055,140530,31995,31979,1399,33378,160
2022-09-14,Nevada,057,99092,18864,18824,1831,20655,132
2022-09-14,Orange,059,3164182,663762,662784,62004,724788,7398
2022-09-14,Placer,061,380077,75328,75159,9472,84631,660
2022-09-14,Plumas,063,18699,3625,3609,432,4041,13
2022-09-14,Riverside,065,2383286,692691,691630,35125,726755,6608
2022-09-14,Sacramento,067,1510023,344495,343926,33693,377619,3267
2022-09-14,San Benito,069,59416,16087,16057,960,17017,106
2022-09-14,San Bernardino,071,2135413,668383,664360,30806,695166,8074
2022-09-14,San Diego,073,3302833,918978,917229,71367,988596,5479
2022-09-14,San Francisco,075,870044,177602,176724,12011,188735,1025
2022-09-14,San Joaquin,077,732212,196552,196128,14678,210806,2304
2022-09-14,San Luis Obispo,079,281455,62908,62716,7135,69851,520
2022-09-14,San Mateo,081,765935,167196,166572,10584,177156,735
2022-09-14,Santa Barbara,083,443738,105153,104912,6881,111793,718
2022-09-14,Santa Clara,085,1922200,428768,428065,18763,446828,2473
2022-09-14,Santa Cruz,087,273765,62640,62480,3415,65895,274
2022-09-14,Shasta,089,179085,34760,34648,7394,42042,591
2022-09-14,Sierra,091,2930,303,303,60,363,5
2022-09-14,Siskiyou,093,43540,5235,5226,3304,8530,90
2022-09-14,Solano,095,438530,104438,104085,7814,111899,462
2022-09-14,Sonoma,097,501317,106210,106028,5298,111326,518
2022-09-14,Stanislaus,099,539301,137279,136981,21504,158485,1727
2022-09-14,Sutter,101,95872,24129,24119,2468,26587,232
2022-09-14,Tehama,103,63373,13549,13503,3066,16569,210
2022-09-14,Trinity,105,12862,1390,1385,379,1764,20
2022-09-14,Tulare,107,460477,121271,121230,36189,157419,1531
2022-09-14,Tuolumne,109,53932,15457,15411,923,16334,196
2022-09-14,Ventura,111,848112,207431,207049,15703,222752,1563
2022-09-14,Yolo,113,214977,47129,47085,4393,51478,334
2022-09-14,Yuba,115,75493,18797,18764,1698,20462,129
2022-09-13,Alameda,001,1643700,345221,344045,19658,363703,2007
2022-09-13,Alpine,003,1148,134,134,1,135,0
2022-09-13,Amador,005,37829,9937,9908,922,10830,90
2022-09-13,Butte,007,227075,39330,39155,9009,48164,453
2022-09-13,Calaveras,009,45235,8454,8455,530,8985,133
2022-09-13,Colusa,011,21464,3774,3765,1271,5036,22
2022-09-13,Contra Costa,013,1133247,248974,247095,20567,267662,1423
2022-09-13,Del Norte,015,27424,7377,7381,405,7786,56
2022-09-13,El Dorado,017,186661,32122,32088,4242,36330,231
2022-09-13,Fresno,019,978130,273811,272774,31272,304046,2839
2022-09-13,Glenn,021,27897,5507,5481,1856,7337,48
2022-09-13,Humboldt,023,135768,21604,21561,4962,26523,155
2022-09-13,Imperial,025,180216,65191,65099,15644,80743,956
2022-09-13,Inyo,027,18085,4476,4472,959,5431,59
2022-09-13,Kern,029,883053,218393,217694,62947,280641,2405
2022-09-13,Kings,031,150075,59188,59122,4081,63203,456
2022-09-13,Lake,033,64148,12718,12696,1195,13891,144
2022-09-13,Lassen,035,31185,9940,9938,985,10923,65
2022-09-13,Los Angeles,037,10098052,3264896,3253906,179858,3433764,33160
2022-09-13,Madera,039,155013,43785,43782,8230,52012,373
2022-09-13,Marin,041,260295,44793,44702,5265,49967,309
2022-09-13,Mariposa,043,17540,3072,3064,362,3426,31
2022-09-13,Mendocino,045,87422,15911,15872,4474,20346,136
2022-09-13,Merced,047,269075,72066,71732,11784,83516,862
2022-09-13,Modoc,049,8938,873,872,321,1193,11
2022-09-13,Mono,051,14174,3201,3191,250,3441,7
2022-09-13,Monterey,053,433212,93774,93692,20926,114618,762
2022-09-13,Napa,055,140530,31976,31979,1399,33378,160
2022-09-13,Nevada,057,99092,18853,18824,1829,20653,132
2022-09-13,Orange,059,3164182,663480,662784,61933,724717,7398
2022-09-13,Placer,061,380077,75293,75159,9468,84627,660
2022-09-13,Plumas,063,18699,3622,3609,432,4041,13
2022-09-13,Riverside,065,2383286,692469,691630,35100,726730,6608
2022-09-13,Sacramento,067,1510023,344315,343926,33657,377583,3267
2022-09-13,San Benito,069,59416,16078,16057,960,17017,106
2022-09-13,San Bernardino,071,2135413,668140,664360,30786,695146,8074
2022-09-13,San Diego,073,3302833,918574,917229,71327,988556,5479
2022-09-13,San Francisco,075,870044,177498,176724,12004,188728,1025
2022-09-13,San Joaquin,077,732212,196473,196128,14671,210799,2304
2022-09-13,San Luis Obispo,079,281455,62878,62716,7127,69843,520
2022-09-13,San Mateo,081,765935,167112,166572,10580,177152,735
2022-09-13,Santa Barbara,083,443738,105099,104912,6873,111785,718
2022-09-13,Santa Clara,085,1922200,428535,428065,18752,446817,2473
2022-09-13,Santa Cruz,087,273765,62615,62480,3413,65893,274
2022-09-13,Shasta,089,179085,34737,34648,7389,42037,591
2022-09-13,Sierra,091,2930,303,303,60,363,5
2022-09-13,Siskiyou,093,43540,5231,5226,3303,8529,90
2022-09-13,Solano,095,438530,104383,104085,7806,111891,462
2022-09-13,Sonoma,097,501317,106154,106028,5296,111324,518
2022-09-13,Stanislaus,099,539301,137230,136981,21498,158479,1727
2022-09-13,Sutter,101,95872,24118,24119,2467,26586,232
2022-09-13,Tehama,103,63373,13540,13503,3065,16568,210
2022-09-13,Trinity,105,12862,1389,1385,379,1764,20
2022-09-13,Tulare,107,460477,121242,121230,36158,157388,1531
2022-09-13,Tuolumne,109,53932,15451,15411,923,16334,196
2022-09-13,Ventura,111,848112,207340,207049,15683,222732,1563
2022-09-13,Yolo,113,214977,47117,47085,4388,51473,334
2022-09-13,Yuba,115,75493,18788,18764,1697,20461,129
2022-09-12,Alameda,001,1643700,345001,343017,19640,362657,2006
2022-09-12,Alpine,003,1148,134,134,1,135,0
2022-09-12,Amador,005,37829,9929,9890,921,10811,89
2022-09-12,Butte,007,227075,39312,39049,8999,48048,453
2022-09-12,Calaveras,009,45235,8450,8444,530,8974,133
2022-09-12,Colusa,011,21464,3773,3755,1270,5025,22
2022-09-12,Contra Costa,013,1133247,248847,246174,20548,266722,1415
2022-09-12,Del Norte,015,27424,7374,7354,405,7759,56
2022-09-12,El Dorado,017,186661,32105,32027,4236,36263,229
2022-09-12,Fresno,019,978130,273687,272161,31253,303414,2835
2022-09-12,Glenn,021,27897,5503,5473,1856,7329,48
2022-09-12,Humboldt,023,135768,21589,21494,4950,26444,155
2022-09-12,Imperial,025,180216,65168,64926,15625,80551,956
2022-09-12,Inyo,027,18085,4474,4465,957,5422,59
2022-09-12,Kern,029,883053,218319,217203,62875,280078,2404
2022-09-12,Kings,031,150075,59171,58980,4077,63057,455
2022-09-12,Lake,033,64148,12710,12663,1191,13854,144
2022-09-12,Lassen,035,31185,9939,9931,985,10916,64
2022-09-12,Los Angeles,037,10098052,3263375,3246402,179668,3426070,33094
2022-09-12,Madera,039,155013,43773,43599,8220,51819,373
2022-09-12,Marin,041,260295,44773,44584,5261,49845,305
2022-09-12,Mariposa,043,17540,3069,3058,360,3418,31
2022-09-12,Mendocino,045,87422,15901,15853,4465,20318,135
2022-09-12,Merced,047,269075,72029,71563,11768,83331,856
2022-09-12,Modoc,049,8938,873,872,319,1191,11
2022-09-12,Mono,051,14174,3197,3188,250,3438,7
2022-09-12,Monterey,053,433212,93740,93513,20903,114416,762
2022-09-12,Napa,055,140530,31954,31910,1399,33309,158
2022-09-12,Nevada,057,99092,18844,18784,1828,20612,132
2022-09-12,Orange,059,3164182,663185,661329,61857,723186,7371
2022-09-12,Placer,061,380077,75262,74994,9463,84457,657
2022-09-12,Plumas,063,18699,3619,3594,431,4025,13
2022-09-12,Riverside,065,2383286,692184,690018,35077,725095,6596
2022-09-12,Sacramento,067,1510023,344148,343048,33626,376674,3254
2022-09-12,San Benito,069,59416,16065,16000,960,16960,103
2022-09-12,San Bernardino,071,2135413,667827,662248,30769,693017,8057
2022-09-12,San Diego,073,3302833,918089,915648,71278,986926,5474
2022-09-12,San Francisco,075,870044,177382,176512,11997,188509,1022
2022-09-12,San Joaquin,077,732212,196378,195697,14658,210355,2303
2022-09-12,San Luis Obispo,079,281455,62851,62569,7120,69689,519
2022-09-12,San Mateo,081,765935,167020,166165,10569,176734,735
2022-09-12,Santa Barbara,083,443738,105062,104627,6869,111496,717
2022-09-12,Santa Clara,085,1922200,428277,426854,18739,445593,2478
2022-09-12,Santa Cruz,087,273765,62587,62255,3412,65667,274
2022-09-12,Shasta,089,179085,34716,34531,7382,41913,591
2022-09-12,Sierra,091,2930,303,303,60,363,5
2022-09-12,Siskiyou,093,43540,5228,5197,3300,8497,90
2022-09-12,Solano,095,438530,104331,103841,7799,111640,461
2022-09-12,Sonoma,097,501317,106107,105778,5287,111065,521
2022-09-12,Stanislaus,099,539301,137172,136674,21492,158166,1726
2022-09-12,Sutter,101,95872,24107,24037,2465,26502,228
2022-09-12,Tehama,103,63373,13534,13471,3064,16535,210
2022-09-12,Trinity,105,12862,1388,1383,378,1761,20
2022-09-12,Tulare,107,460477,121190,120972,36121,157093,1529
2022-09-12,Tuolumne,109,53932,15442,15362,923,16285,196
2022-09-12,Ventura,111,848112,207233,206442,15665,222107,1558
2022-09-12,Yolo,113,214977,47102,46989,4386,51375,334
2022-09-12,Yuba,115,75493,18774,18709,1692,20401,129
2022-09-11,Alameda,001,1643700,344736,343017,19617,362634,2006
2022-09-11,Alpine,003,1148,134,134,1,135,0
2022-09-11,Amador,005,37829,9922,9890,918,10808,89
2022-09-11,Butte,007,227075,39278,39049,8991,48040,453
2022-09-11,Calaveras,009,45235,8447,8444,529,8973,133
2022-09-11,Colusa,011,21464,3771,3755,1268,5023,22
2022-09-11,Contra Costa,013,1133247,248685,246174,20517,266691,1415
2022-09-11,Del Norte,015,27424,7369,7354,404,7758,56
2022-09-11,El Dorado,017,186661,32089,32027,4228,36255,229
2022-09-11,Fresno,019,978130,273579,272161,31230,303391,2835
2022-09-11,Glenn,021,27897,5500,5473,1856,7329,48
2022-09-11,Humboldt,023,135768,21572,21494,4935,26429,155
2022-09-11,Imperial,025,180216,65126,64926,15596,80522,956
2022-09-11,Inyo,027,18085,4473,4465,948,5413,59
2022-09-11,Kern,029,883053,218213,217203,62774,279977,2404
2022-09-11,Kings,031,150075,59134,58980,4074,63054,455
2022-09-11,Lake,033,64148,12696,12663,1188,13851,144
2022-09-11,Lassen,035,31185,9934,9931,985,10916,64
2022-09-11,Los Angeles,037,10098052,3261633,3246402,179427,3425829,33094
2022-09-11,Madera,039,155013,43743,43599,8211,51810,373
2022-09-11,Marin,041,260295,44746,44584,5259,49843,305
2022-09-11,Mariposa,043,17540,3066,3058,360,3418,31
2022-09-11,Mendocino,045,87422,15892,15853,4458,20311,135
2022-09-11,Merced,047,269075,71993,71563,11756,83319,856
2022-09-11,Modoc,049,8938,873,872,318,1190,11
2022-09-11,Mono,051,14174,3194,3188,250,3438,7
2022-09-11,Monterey,053,433212,93712,93513,20884,114397,762
2022-09-11,Napa,055,140530,31934,31910,1397,33307,158
2022-09-11,Nevada,057,99092,18834,18784,1824,20608,132
2022-09-11,Orange,059,3164182,662885,661329,61787,723116,7371
2022-09-11,Placer,061,380077,75229,74994,9457,84451,657
2022-09-11,Plumas,063,18699,3613,3594,431,4025,13
2022-09-11,Riverside,065,2383286,691904,690018,35045,725063,6596
2022-09-11,Sacramento,067,1510023,343947,343048,33563,376611,3254
2022-09-11,San Benito,069,59416,16057,16000,955,16955,103
2022-09-11,San Bernardino,071,2135413,667505,662248,30750,692998,8057
2022-09-11,San Diego,073,3302833,917544,915648,71215,986863,5474
2022-09-11,San Francisco,075,870044,177228,176512,11982,188494,1022
2022-09-11,San Joaquin,077,732212,196277,195697,14637,210334,2303
2022-09-11,San Luis Obispo,079,281455,62823,62569,7102,69671,519
2022-09-11,San Mateo,081,765935,166908,166165,10564,176729,735
2022-09-11,Santa Barbara,083,443738,105021,104627,6865,111492,717
2022-09-11,Santa Clara,085,1922200,427989,426854,18724,445578,2478
2022-09-11,Santa Cruz,087,273765,62551,62255,3408,65663,274
2022-09-11,Shasta,089,179085,34687,34531,7373,41904,591
2022-09-11,Sierra,091,2930,303,303,60,363,5
2022-09-11,Siskiyou,093,43540,5226,5197,3294,8491,90
2022-09-11,Solano,095,438530,104251,103841,7794,111635,461
2022-09-11,Sonoma,097,501317,106041,105778,5280,111058,521
2022-09-11,Stanislaus,099,539301,137104,136674,21476,158150,1726
2022-09-11,Sutter,101,95872,24086,24037,2463,26500,228
2022-09-11,Tehama,103,63373,13520,13471,3061,16532,210
2022-09-11,Trinity,105,12862,1388,1383,378,1761,20
2022-09-11,Tulare,107,460477,121142,120972,36086,157058,1529
2022-09-11,Tuolumne,109,53932,15434,15362,922,16284,196
2022-09-11,Ventura,111,848112,207095,206442,15638,222080,1558
2022-09-11,Yolo,113,214977,47074,46989,4383,51372,334
2022-09-11,Yuba,115,75493,18765,18709,1689,20398,129
2022-09-10,Alameda,001,1643700,344598,343017,19611,362628,2006
2022-09-10,Alpine,003,1148,134,134,1,135,0
2022-09-10,Amador,005,37829,9919,9890,917,10807,89
2022-09-10,Butte,007,227075,39261,39049,8990,48039,453
2022-09-10,Calaveras,009,45235,8445,8444,529,8973,133
2022-09-10,Colusa,011,21464,3770,3755,1268,5023,22
2022-09-10,Contra Costa,013,1133247,248578,246174,20505,266679,1415
2022-09-10,Del Norte,015,27424,7367,7354,403,7757,56
2022-09-10,El Dorado,017,186661,32080,32027,4227,36254,229
2022-09-10,Fresno,019,978130,273495,272161,31219,303380,2835
2022-09-10,Glenn,021,27897,5497,5473,1855,7328,48
2022-09-10,Humboldt,023,135768,21563,21494,4931,26425,155
2022-09-10,Imperial,025,180216,65104,64926,15585,80511,956
2022-09-10,Inyo,027,18085,4473,4465,948,5413,59
2022-09-10,Kern,029,883053,218158,217203,62734,279937,2404
2022-09-10,Kings,031,150075,59124,58980,4074,63054,455
2022-09-10,Lake,033,64148,12693,12663,1188,13851,144
2022-09-10,Lassen,035,31185,9933,9931,985,10916,64
2022-09-10,Los Angeles,037,10098052,3260697,3246402,179281,3425683,33094
2022-09-10,Madera,039,155013,43727,43599,8208,51807,373
2022-09-10,Marin,041,260295,44721,44584,5254,49838,305
2022-09-10,Mariposa,043,17540,3066,3058,359,3417,31
2022-09-10,Mendocino,045,87422,15890,15853,4455,20308,135
2022-09-10,Merced,047,269075,71979,71563,11753,83316,856
2022-09-10,Modoc,049,8938,873,872,317,1189,11
2022-09-10,Mono,051,14174,3193,3188,250,3438,7
2022-09-10,Monterey,053,433212,93692,93513,20878,114391,762
2022-09-10,Napa,055,140530,31926,31910,1397,33307,158
2022-09-10,Nevada,057,99092,18830,18784,1824,20608,132
2022-09-10,Orange,059,3164182,662712,661329,61749,723078,7371
2022-09-10,Placer,061,380077,75200,74994,9455,84449,657
2022-09-10,Plumas,063,18699,3609,3594,431,4025,13
2022-09-10,Riverside,065,2383286,691725,690018,35031,725049,6596
2022-09-10,Sacramento,067,1510023,343853,343048,33554,376602,3254
2022-09-10,San Benito,069,59416,16051,16000,954,16954,103
2022-09-10,San Bernardino,071,2135413,667344,662248,30735,692983,8057
2022-09-10,San Diego,073,3302833,917317,915648,71192,986840,5474
2022-09-10,San Francisco,075,870044,177169,176512,11979,188491,1022
2022-09-10,San Joaquin,077,732212,196226,195697,14629,210326,2303
2022-09-10,San Luis Obispo,079,281455,62811,62569,7099,69668,519
2022-09-10,San Mateo,081,765935,166834,166165,10555,176720,735
2022-09-10,Santa Barbara,083,443738,105004,104627,6861,111488,717
2022-09-10,Santa Clara,085,1922200,427765,426854,18716,445570,2478
2022-09-10,Santa Cruz,087,273765,62541,62255,3404,65659,274
2022-09-10,Shasta,089,179085,34678,34531,7368,41899,591
2022-09-10,Sierra,091,2930,303,303,60,363,5
2022-09-10,Siskiyou,093,43540,5226,5197,3294,8491,90
2022-09-10,Solano,095,438530,104226,103841,7792,111633,461
2022-09-10,Sonoma,097,501317,106020,105778,5279,111057,521
2022-09-10,Stanislaus,099,539301,137064,136674,21470,158144,1726
2022-09-10,Sutter,101,95872,24071,24037,2463,26500,228
2022-09-10,Tehama,103,63373,13519,13471,3061,16532,210
2022-09-10,Trinity,105,12862,1388,1383,378,1761,20
2022-09-10,Tulare,107,460477,121117,120972,36074,157046,1529
2022-09-10,Tuolumne,109,53932,15428,15362,922,16284,196
2022-09-10,Ventura,111,848112,207027,206442,15623,222065,1558
2022-09-10,Yolo,113,214977,47064,46989,4380,51369,334
2022-09-10,Yuba,115,75493,18757,18709,1688,20397,129
2022-09-09,Alameda,001,1643700,344421,343017,19601,362618,2006
2022-09-09,Alpine,003,1148,134,134,1,135,0
2022-09-09,Amador,005,37829,9914,9890,917,10807,89
2022-09-09,Butte,007,227075,39248,39049,8985,48034,453
2022-09-09,Calaveras,009,45235,8443,8444,529,8973,133
2022-09-09,Colusa,011,21464,3768,3755,1267,5022,22
2022-09-09,Contra Costa,013,1133247,248501,246174,20494,266668,1415
2022-09-09,Del Norte,015,27424,7366,7354,403,7757,56
2022-09-09,El Dorado,017,186661,32072,32027,4225,36252,229
2022-09-09,Fresno,019,978130,273429,272161,31206,303367,2835
2022-09-09,Glenn,021,27897,5495,5473,1855,7328,48
2022-09-09,Humboldt,023,135768,21557,21494,4925,26419,155
2022-09-09,Imperial,025,180216,65080,64926,15575,80501,956
2022-09-09,Inyo,027,18085,4471,4465,940,5405,59
2022-09-09,Kern,029,883053,218097,217203,62689,279892,2404
2022-09-09,Kings,031,150075,59105,58980,4074,63054,455
2022-09-09,Lake,033,64148,12690,12663,1187,13850,144
2022-09-09,Lassen,035,31185,9933,9931,985,10916,64
2022-09-09,Los Angeles,037,10098052,3259660,3246402,179134,3425536,33094
2022-09-09,Madera,039,155013,43709,43599,8206,51805,373
2022-09-09,Marin,041,260295,44708,44584,5253,49837,305
2022-09-09,Mariposa,043,17540,3065,3058,359,3417,31
2022-09-09,Mendocino,045,87422,15885,15853,4450,20303,135
2022-09-09,Merced,047,269075,71958,71563,11751,83314,856
2022-09-09,Modoc,049,8938,873,872,317,1189,11
2022-09-09,Mono,051,14174,3193,3188,250,3438,7
2022-09-09,Monterey,053,433212,93678,93513,20869,114382,762
2022-09-09,Napa,055,140530,31914,31910,1397,33307,158
2022-09-09,Nevada,057,99092,18823,18784,1824,20608,132
2022-09-09,Orange,059,3164182,662524,661329,61706,723035,7371
2022-09-09,Placer,061,380077,75178,74994,9452,84446,657
2022-09-09,Plumas,063,18699,3607,3594,431,4025,13
2022-09-09,Riverside,065,2383286,691540,690018,35016,725034,6596
2022-09-09,Sacramento,067,1510023,343718,343048,33542,376590,3254
2022-09-09,San Benito,069,59416,16041,16000,954,16954,103
2022-09-09,San Bernardino,071,2135413,667169,662248,30725,692973,8057
2022-09-09,San Diego,073,3302833,917053,915648,71167,986815,5474
2022-09-09,San Francisco,075,870044,177098,176512,11971,188483,1022
2022-09-09,San Joaquin,077,732212,196172,195697,14612,210309,2303
2022-09-09,San Luis Obispo,079,281455,62805,62569,7096,69665,519
2022-09-09,San Mateo,081,765935,166779,166165,10553,176718,735
2022-09-09,Santa Barbara,083,443738,104967,104627,6858,111485,717
2022-09-09,Santa Clara,085,1922200,427578,426854,18703,445557,2478
2022-09-09,Santa Cruz,087,273765,62520,62255,3402,65657,274
2022-09-09,Shasta,089,179085,34664,34531,7360,41891,591
2022-09-09,Sierra,091,2930,303,303,60,363,5
2022-09-09,Siskiyou,093,43540,5219,5197,3294,8491,90
2022-09-09,Solano,095,438530,104192,103841,7787,111628,461
2022-09-09,Sonoma,097,501317,105992,105778,5279,111057,521
2022-09-09,Stanislaus,099,539301,137038,136674,21461,158135,1726
2022-09-09,Sutter,101,95872,24064,24037,2462,26499,228
2022-09-09,Tehama,103,63373,13514,13471,3061,16532,210
2022-09-09,Trinity,105,12862,1387,1383,378,1761,20
2022-09-09,Tulare,107,460477,121081,120972,36053,157025,1529
2022-09-09,Tuolumne,109,53932,15427,15362,922,16284,196
2022-09-09,Ventura,111,848112,206958,206442,15608,222050,1558
2022-09-09,Yolo,113,214977,47049,46989,4380,51369,334
2022-09-09,Yuba,115,75493,18748,18709,1688,20397,129
2022-09-08,Alameda,001,1643700,344198,343017,19584,362601,2006
2022-09-08,Alpine,003,1148,134,134,1,135,0
2022-09-08,Amador,005,37829,9907,9890,917,10807,89
2022-09-08,Butte,007,227075,39227,39049,8974,48023,453
2022-09-08,Calaveras,009,45235,8443,8444,528,8972,133
2022-09-08,Colusa,011,21464,3768,3755,1267,5022,22
2022-09-08,Contra Costa,013,1133247,248376,246174,20472,266646,1415
2022-09-08,Del Norte,015,27424,7356,7354,403,7757,56
2022-09-08,El Dorado,017,186661,32058,32027,4220,36247,229
2022-09-08,Fresno,019,978130,273313,272161,31185,303346,2835
2022-09-08,Glenn,021,27897,5495,5473,1855,7328,48
2022-09-08,Humboldt,023,135768,21534,21494,4918,26412,155
2022-09-08,Imperial,025,180216,65050,64926,15552,80478,956
2022-09-08,Inyo,027,18085,4469,4465,938,5403,59
2022-09-08,Kern,029,883053,218008,217203,62598,279801,2404
2022-09-08,Kings,031,150075,59076,58980,4072,63052,455
2022-09-08,Lake,033,64148,12681,12663,1187,13850,144
2022-09-08,Lassen,035,31185,9932,9931,985,10916,64
2022-09-08,Los Angeles,037,10098052,3258204,3246402,178935,3425337,33094
2022-09-08,Madera,039,155013,43680,43599,8199,51798,373
2022-09-08,Marin,041,260295,44683,44584,5249,49833,305
2022-09-08,Mariposa,043,17540,3063,3058,358,3416,31
2022-09-08,Mendocino,045,87422,15878,15853,4450,20303,135
2022-09-08,Merced,047,269075,71930,71563,11738,83301,856
2022-09-08,Modoc,049,8938,873,872,317,1189,11
2022-09-08,Mono,051,14174,3193,3188,249,3437,7
2022-09-08,Monterey,053,433212,93649,93513,20845,114358,762
2022-09-08,Napa,055,140530,31901,31910,1397,33307,158
2022-09-08,Nevada,057,99092,18814,18784,1822,20606,132
2022-09-08,Orange,059,3164182,662253,661329,61639,722968,7371
2022-09-08,Placer,061,380077,75147,74994,9447,84441,657
2022-09-08,Plumas,063,18699,3604,3594,431,4025,13
2022-09-08,Riverside,065,2383286,691268,690018,34987,725005,6596
2022-09-08,Sacramento,067,1510023,343544,343048,33518,376566,3254
2022-09-08,San Benito,069,59416,16030,16000,954,16954,103
2022-09-08,San Bernardino,071,2135413,666876,662248,30712,692960,8057
2022-09-08,San Diego,073,3302833,916677,915648,71114,986762,5474
2022-09-08,San Francisco,075,870044,176973,176512,11963,188475,1022
2022-09-08,San Joaquin,077,732212,196087,195697,14594,210291,2303
2022-09-08,San Luis Obispo,079,281455,62788,62569,7088,69657,519
2022-09-08,San Mateo,081,765935,166696,166165,10547,176712,735
2022-09-08,Santa Barbara,083,443738,104927,104627,6851,111478,717
2022-09-08,Santa Clara,085,1922200,427310,426854,18691,445545,2478
2022-09-08,Santa Cruz,087,273765,62489,62255,3398,65653,274
2022-09-08,Shasta,089,179085,34643,34531,7350,41881,591
2022-09-08,Sierra,091,2930,303,303,60,363,5
2022-09-08,Siskiyou,093,43540,5214,5197,3293,8490,90
2022-09-08,Solano,095,438530,104137,103841,7778,111619,461
2022-09-08,Sonoma,097,501317,105912,105778,5271,111049,521
2022-09-08,Stanislaus,099,539301,136973,136674,21445,158119,1726
2022-09-08,Sutter,101,95872,24052,24037,2462,26499,228
2022-09-08,Tehama,103,63373,13507,13471,3058,16529,210
2022-09-08,Trinity,105,12862,1387,1383,378,1761,20
2022-09-08,Tulare,107,460477,121034,120972,36023,156995,1529
2022-09-08,Tuolumne,109,53932,15420,15362,921,16283,196
2022-09-08,Ventura,111,848112,206844,206442,15580,222022,1558
2022-09-08,Yolo,113,214977,47028,46989,4372,51361,334
2022-09-08,Yuba,115,75493,18738,18709,1684,20393,129
2022-09-07,Alameda,001,1643700,343952,342480,19575,362055,1999
2022-09-07,Alpine,003,1148,134,133,1,134,0
2022-09-07,Amador,005,37829,9904,9877,917,10794,89
2022-09-07,Butte,007,227075,39198,38969,8962,47931,453
2022-09-07,Calaveras,009,45235,8441,8437,526,8963,133
2022-09-07,Colusa,011,21464,3765,3748,1267,5015,22
2022-09-07,Contra Costa,013,1133247,248238,245708,20455,266163,1415
2022-09-07,Del Norte,015,27424,7354,7346,403,7749,56
2022-09-07,El Dorado,017,186661,32045,31979,4219,36198,229
2022-09-07,Fresno,019,978130,273154,271753,31156,302909,2835
2022-09-07,Glenn,021,27897,5493,5468,1854,7322,48
2022-09-07,Humboldt,023,135768,21516,21459,4915,26374,155
2022-09-07,Imperial,025,180216,65015,64755,15529,80284,956
2022-09-07,Inyo,027,18085,4464,4456,931,5387,59
2022-09-07,Kern,029,883053,217908,216932,62505,279437,2404
2022-09-07,Kings,031,150075,59041,58922,4068,62990,455
2022-09-07,Lake,033,64148,12673,12647,1185,13832,143
2022-09-07,Lassen,035,31185,9932,9918,984,10902,64
2022-09-07,Los Angeles,037,10098052,3256616,3242352,178735,3421087,32971
2022-09-07,Madera,039,155013,43633,43533,8199,51732,373
2022-09-07,Marin,041,260295,44660,44489,5247,49736,305
2022-09-07,Mariposa,043,17540,3061,3046,358,3404,31
2022-09-07,Mendocino,045,87422,15874,15813,4443,20256,135
2022-09-07,Merced,047,269075,71897,71448,11724,83172,856
2022-09-07,Modoc,049,8938,873,868,317,1185,11
2022-09-07,Mono,051,14174,3192,3184,249,3433,7
2022-09-07,Monterey,053,433212,93619,93430,20826,114256,762
2022-09-07,Napa,055,140530,31881,31854,1397,33251,156
2022-09-07,Nevada,057,99092,18802,18761,1819,20580,132
2022-09-07,Orange,059,3164182,661945,660580,61567,722147,7362
2022-09-07,Placer,061,380077,75121,74884,9437,84321,658
2022-09-07,Plumas,063,18699,3602,3588,430,4018,13
2022-09-07,Riverside,065,2383286,690938,688794,34960,723754,6591
2022-09-07,Sacramento,067,1510023,343384,342602,33485,376087,3248
2022-09-07,San Benito,069,59416,16017,15933,953,16886,103
2022-09-07,San Bernardino,071,2135413,666620,660303,30695,690998,8023
2022-09-07,San Diego,073,3302833,916185,914552,71069,985621,5468
2022-09-07,San Francisco,075,870044,176871,176386,11953,188339,1018
2022-09-07,San Joaquin,077,732212,195974,195359,14581,209940,2303
2022-09-07,San Luis Obispo,079,281455,62769,62548,7083,69631,517
2022-09-07,San Mateo,081,765935,166595,165893,10540,176433,736
2022-09-07,Santa Barbara,083,443738,104885,104452,6844,111296,717
2022-09-07,Santa Clara,085,1922200,427033,426178,18678,444856,2472
2022-09-07,Santa Cruz,087,273765,62456,62187,3395,65582,274
2022-09-07,Shasta,089,179085,34622,34484,7332,41816,591
2022-09-07,Sierra,091,2930,303,303,60,363,5
2022-09-07,Siskiyou,093,43540,5209,5190,3292,8482,89
2022-09-07,Solano,095,438530,104079,103665,7771,111436,463
2022-09-07,Sonoma,097,501317,105850,105389,5267,110656,517
2022-09-07,Stanislaus,099,539301,136896,136477,21434,157911,1726
2022-09-07,Sutter,101,95872,24038,23984,2462,26446,228
2022-09-07,Tehama,103,63373,13504,13453,3054,16507,210
2022-09-07,Trinity,105,12862,1387,1382,378,1760,20
2022-09-07,Tulare,107,460477,120982,120846,35992,156838,1529
2022-09-07,Tuolumne,109,53932,15413,15327,921,16248,196
2022-09-07,Ventura,111,848112,206730,206121,15557,221678,1557
2022-09-07,Yolo,113,214977,46999,46966,4366,51332,334
2022-09-07,Yuba,115,75493,18725,18665,1683,20348,129
2022-09-06,Alameda,001,1643700,343687,342480,19561,362041,1999
2022-09-06,Alpine,003,1148,133,133,1,134,0
2022-09-06,Amador,005,37829,9901,9877,917,10794,89
2022-09-06,Butte,007,227075,39167,38969,8951,47920,453
2022-09-06,Calaveras,009,45235,8439,8437,524,8961,133
2022-09-06,Colusa,011,21464,3763,3748,1267,5015,22
2022-09-06,Contra Costa,013,1133247,248074,245708,20426,266134,1415
2022-09-06,Del Norte,015,27424,7346,7346,403,7749,56
2022-09-06,El Dorado,017,186661,32027,31979,4213,36192,229
2022-09-06,Fresno,019,978130,273025,271753,31128,302881,2835
2022-09-06,Glenn,021,27897,5491,5468,1852,7320,48
2022-09-06,Humboldt,023,135768,21499,21459,4909,26368,155
2022-09-06,Imperial,025,180216,64965,64755,15501,80256,956
2022-09-06,Inyo,027,18085,4462,4456,924,5380,59
2022-09-06,Kern,029,883053,217815,216932,62404,279336,2404
2022-09-06,Kings,031,150075,59001,58922,4063,62985,455
2022-09-06,Lake,033,64148,12670,12647,1169,13816,143
2022-09-06,Lassen,035,31185,9929,9918,982,10900,64
2022-09-06,Los Angeles,037,10098052,3254838,3242352,178522,3420874,32971
2022-09-06,Madera,039,155013,43591,43533,8194,51727,373
2022-09-06,Marin,041,260295,44629,44489,5243,49732,305
2022-09-06,Mariposa,043,17540,3060,3046,357,3403,31
2022-09-06,Mendocino,045,87422,15869,15813,4435,20248,135
2022-09-06,Merced,047,269075,71861,71448,11706,83154,856
2022-09-06,Modoc,049,8938,872,868,317,1185,11
2022-09-06,Mono,051,14174,3192,3184,248,3432,7
2022-09-06,Monterey,053,433212,93584,93430,20807,114237,762
2022-09-06,Napa,055,140530,31865,31854,1397,33251,156
2022-09-06,Nevada,057,99092,18793,18761,1814,20575,132
2022-09-06,Orange,059,3164182,661585,660580,61492,722072,7362
2022-09-06,Placer,061,380077,75077,74884,9435,84319,658
2022-09-06,Plumas,063,18699,3598,3588,430,4018,13
2022-09-06,Riverside,065,2383286,690468,688794,34925,723719,6591
2022-09-06,Sacramento,067,1510023,343169,342602,33442,376044,3248
2022-09-06,San Benito,069,59416,16001,15933,953,16886,103
2022-09-06,San Bernardino,071,2135413,666349,660303,30677,690980,8023
2022-09-06,San Diego,073,3302833,915678,914552,71016,985568,5468
2022-09-06,San Francisco,075,870044,176737,176386,11941,188327,1018
2022-09-06,San Joaquin,077,732212,195884,195359,14566,209925,2303
2022-09-06,San Luis Obispo,079,281455,62728,62548,7081,69629,517
2022-09-06,San Mateo,081,765935,166489,165893,10528,176421,736
2022-09-06,Santa Barbara,083,443738,104829,104452,6838,111290,717
2022-09-06,Santa Clara,085,1922200,426774,426178,18664,444842,2472
2022-09-06,Santa Cruz,087,273765,62376,62187,3395,65582,274
2022-09-06,Shasta,089,179085,34576,34484,7309,41793,591
2022-09-06,Sierra,091,2930,303,303,60,363,5
2022-09-06,Siskiyou,093,43540,5206,5190,3288,8478,89
2022-09-06,Solano,095,438530,104015,103665,7759,111424,463
2022-09-06,Sonoma,097,501317,105790,105389,5263,110652,517
2022-09-06,Stanislaus,099,539301,136827,136477,21418,157895,1726
2022-09-06,Sutter,101,95872,24013,23984,2462,26446,228
2022-09-06,Tehama,103,63373,13495,13453,3051,16504,210
2022-09-06,Trinity,105,12862,1386,1382,378,1760,20
2022-09-06,Tulare,107,460477,120933,120846,35953,156799,1529
2022-09-06,Tuolumne,109,53932,15402,15327,921,16248,196
2022-09-06,Ventura,111,848112,206587,206121,15537,221658,1557
2022-09-06,Yolo,113,214977,46983,46966,4355,51321,334
2022-09-06,Yuba,115,75493,18704,18665,1682,20347,129
2022-09-05,Alameda,001,1643700,343396,342480,19552,362032,1999
2022-09-05,Alpine,003,1148,133,133,1,134,0
2022-09-05,Amador,005,37829,9897,9877,917,10794,89
2022-09-05,Butte,007,227075,39122,38969,8937,47906,453
2022-09-05,Calaveras,009,45235,8436,8437,523,8960,133
2022-09-05,Colusa,011,21464,3756,3748,1264,5012,22
2022-09-05,Contra Costa,013,1133247,247887,245708,20406,266114,1415
2022-09-05,Del Norte,015,27424,7341,7346,401,7747,56
2022-09-05,El Dorado,017,186661,32005,31979,4205,36184,229
2022-09-05,Fresno,019,978130,272795,271753,31064,302817,2835
2022-09-05,Glenn,021,27897,5488,5468,1848,7316,48
2022-09-05,Humboldt,023,135768,21484,21459,4902,26361,155
2022-09-05,Imperial,025,180216,64912,64755,15457,80212,956
2022-09-05,Inyo,027,18085,4460,4456,922,5378,59
2022-09-05,Kern,029,883053,217686,216932,62275,279207,2404
2022-09-05,Kings,031,150075,58943,58922,4059,62981,455
2022-09-05,Lake,033,64148,12664,12647,1166,13813,143
2022-09-05,Lassen,035,31185,9920,9918,981,10899,64
2022-09-05,Los Angeles,037,10098052,3252416,3242352,178254,3420606,32971
2022-09-05,Madera,039,155013,43536,43533,8172,51705,373
2022-09-05,Marin,041,260295,44602,44489,5241,49730,305
2022-09-05,Mariposa,043,17540,3055,3046,357,3403,31
2022-09-05,Mendocino,045,87422,15850,15813,4422,20235,135
2022-09-05,Merced,047,269075,71798,71448,11675,83123,856
2022-09-05,Modoc,049,8938,871,868,316,1184,11
2022-09-05,Mono,051,14174,3190,3184,245,3429,7
2022-09-05,Monterey,053,433212,93519,93430,20786,114216,762
2022-09-05,Napa,055,140530,31838,31854,1393,33247,156
2022-09-05,Nevada,057,99092,18786,18761,1809,20570,132
2022-09-05,Orange,059,3164182,661115,660580,61393,721973,7362
2022-09-05,Placer,061,380077,75027,74884,9431,84315,658
2022-09-05,Plumas,063,18699,3597,3588,430,4018,13
2022-09-05,Riverside,065,2383286,689958,688794,34873,723667,6591
2022-09-05,Sacramento,067,1510023,342880,342602,33376,375978,3248
2022-09-05,San Benito,069,59416,15976,15933,949,16882,103
2022-09-05,San Bernardino,071,2135413,665922,660303,30642,690945,8023
2022-09-05,San Diego,073,3302833,915051,914552,70923,985475,5468
2022-09-05,San Francisco,075,870044,176574,176386,11934,188320,1018
2022-09-05,San Joaquin,077,732212,195744,195359,14553,209912,2303
2022-09-05,San Luis Obispo,079,281455,62675,62548,7063,69611,517
2022-09-05,San Mateo,081,765935,166371,165893,10519,176412,736
2022-09-05,Santa Barbara,083,443738,104744,104452,6831,111283,717
2022-09-05,Santa Clara,085,1922200,426411,426178,18647,444825,2472
2022-09-05,Santa Cruz,087,273765,62318,62187,3390,65577,274
2022-09-05,Shasta,089,179085,34545,34484,7296,41780,591
2022-09-05,Sierra,091,2930,303,303,60,363,5
2022-09-05,Siskiyou,093,43540,5200,5190,3288,8478,89
2022-09-05,Solano,095,438530,103919,103665,7742,111407,463
2022-09-05,Sonoma,097,501317,105718,105389,5256,110645,517
2022-09-05,Stanislaus,099,539301,136729,136477,21401,157878,1726
2022-09-05,Sutter,101,95872,23989,23984,2460,26444,228
2022-09-05,Tehama,103,63373,13487,13453,3050,16503,210
2022-09-05,Trinity,105,12862,1386,1382,377,1759,20
2022-09-05,Tulare,107,460477,120838,120846,35892,156738,1529
2022-09-05,Tuolumne,109,53932,15383,15327,920,16247,196
2022-09-05,Ventura,111,848112,206414,206121,15497,221618,1557
2022-09-05,Yolo,113,214977,46959,46966,4347,51313,334
2022-09-05,Yuba,115,75493,18682,18665,1681,20346,129
2022-09-04,Alameda,001,1643700,343256,341621,19539,361160,1998
2022-09-04,Alpine,003,1148,133,133,1,134,0
2022-09-04,Amador,005,37829,9893,9855,916,10771,89
2022-09-04,Butte,007,227075,39101,38851,8929,47780,453
2022-09-04,Calaveras,009,45235,8434,8422,522,8944,133
2022-09-04,Colusa,011,21464,3755,3742,1261,5003,22
2022-09-04,Contra Costa,013,1133247,247783,245022,20399,265421,1410
2022-09-04,Del Norte,015,27424,7340,7340,400,7740,56
2022-09-04,El Dorado,017,186661,31989,31929,4201,36130,229
2022-09-04,Fresno,019,978130,272690,271062,31053,302115,2835
2022-09-04,Glenn,021,27897,5487,5462,1848,7310,48
2022-09-04,Humboldt,023,135768,21474,21390,4898,26288,154
2022-09-04,Imperial,025,180216,64885,64678,15445,80123,956
2022-09-04,Inyo,027,18085,4458,4449,919,5368,59
2022-09-04,Kern,029,883053,217603,216471,62180,278651,2404
2022-09-04,Kings,031,150075,58929,58753,4059,62812,455
2022-09-04,Lake,033,64148,12657,12608,1165,13773,143
2022-09-04,Lassen,035,31185,9917,9908,981,10889,64
2022-09-04,Los Angeles,037,10098052,3251477,3235242,178135,3413377,32927
2022-09-04,Madera,039,155013,43523,43403,8164,51567,373
2022-09-04,Marin,041,260295,44576,44394,5236,49630,305
2022-09-04,Mariposa,043,17540,3054,3036,357,3393,31
2022-09-04,Mendocino,045,87422,15846,15781,4421,20202,134
2022-09-04,Merced,047,269075,71775,71280,11670,82950,856
2022-09-04,Modoc,049,8938,871,868,316,1184,11
2022-09-04,Mono,051,14174,3190,3183,245,3428,7
2022-09-04,Monterey,053,433212,93487,93246,20764,114010,761
2022-09-04,Napa,055,140530,31829,31799,1393,33192,156
2022-09-04,Nevada,057,99092,18778,18705,1806,20511,132
2022-09-04,Orange,059,3164182,660943,659290,61342,720632,7347
2022-09-04,Placer,061,380077,74992,74754,9429,84183,657
2022-09-04,Plumas,063,18699,3595,3587,430,4017,13
2022-09-04,Riverside,065,2383286,689768,687184,34855,722039,6581
2022-09-04,Sacramento,067,1510023,342782,341766,33358,375124,3243
2022-09-04,San Benito,069,59416,15971,15900,949,16849,103
2022-09-04,San Bernardino,071,2135413,665776,658354,30626,688980,8006
2022-09-04,San Diego,073,3302833,914812,912824,70904,983728,5464
2022-09-04,San Francisco,075,870044,176496,176131,11929,188060,1015
2022-09-04,San Joaquin,077,732212,195621,194904,14539,209443,2301
2022-09-04,San Luis Obispo,079,281455,62665,62455,7059,69514,517
2022-09-04,San Mateo,081,765935,166315,165520,10515,176035,738
2022-09-04,Santa Barbara,083,443738,104693,104161,6826,110987,716
2022-09-04,Santa Clara,085,1922200,426213,425040,18633,443673,2473
2022-09-04,Santa Cruz,087,273765,62299,61989,3389,65378,273
2022-09-04,Shasta,089,179085,34538,34422,7289,41711,591
2022-09-04,Sierra,091,2930,303,303,60,363,5
2022-09-04,Siskiyou,093,43540,5197,5168,3285,8453,89
2022-09-04,Solano,095,438530,103901,103457,7738,111195,461
2022-09-04,Sonoma,097,501317,105692,105162,5251,110413,517
2022-09-04,Stanislaus,099,539301,136669,136168,21393,157561,1726
2022-09-04,Sutter,101,95872,23974,23927,2460,26387,228
2022-09-04,Tehama,103,63373,13479,13406,3047,16453,210
2022-09-04,Trinity,105,12862,1386,1377,376,1753,20
2022-09-04,Tulare,107,460477,120796,120592,35856,156448,1527
2022-09-04,Tuolumne,109,53932,15369,15294,919,16213,196
2022-09-04,Ventura,111,848112,206325,205627,15486,221113,1558
2022-09-04,Yolo,113,214977,46949,46882,4341,51223,334
2022-09-04,Yuba,115,75493,18678,18615,1681,20296,129
2022-09-03,Alameda,001,1643700,343133,341621,19534,361155,1998
2022-09-03,Alpine,003,1148,133,133,1,134,0
2022-09-03,Amador,005,37829,9888,9855,915,10770,89
2022-09-03,Butte,007,227075,39084,38851,8921,47772,453
2022-09-03,Calaveras,009,45235,8433,8422,522,8944,133
2022-09-03,Colusa,011,21464,3755,3742,1260,5002,22
2022-09-03,Contra Costa,013,1133247,247676,245022,20389,265411,1410
2022-09-03,Del Norte,015,27424,7340,7340,400,7740,56
2022-09-03,El Dorado,017,186661,31981,31929,4199,36128,229
2022-09-03,Fresno,019,978130,272610,271062,31038,302100,2835
2022-09-03,Glenn,021,27897,5486,5462,1848,7310,48
2022-09-03,Humboldt,023,135768,21466,21390,4898,26288,154
2022-09-03,Imperial,025,180216,64866,64678,15435,80113,956
2022-09-03,Inyo,027,18085,4457,4449,917,5366,59
2022-09-03,Kern,029,883053,217535,216471,62115,278586,2404
2022-09-03,Kings,031,150075,58916,58753,4059,62812,455
2022-09-03,Lake,033,64148,12651,12608,1165,13773,143
2022-09-03,Lassen,035,31185,9917,9908,981,10889,64
2022-09-03,Los Angeles,037,10098052,3250530,3235242,177998,3413240,32927
2022-09-03,Madera,039,155013,43504,43403,8163,51566,373
2022-09-03,Marin,041,260295,44562,44394,5233,49627,305
2022-09-03,Mariposa,043,17540,3053,3036,356,3392,31
2022-09-03,Mendocino,045,87422,15834,15781,4418,20199,134
2022-09-03,Merced,047,269075,71748,71280,11667,82947,856
2022-09-03,Modoc,049,8938,871,868,316,1184,11
2022-09-03,Mono,051,14174,3190,3183,244,3427,7
2022-09-03,Monterey,053,433212,93472,93246,20752,113998,761
2022-09-03,Napa,055,140530,31823,31799,1393,33192,156
2022-09-03,Nevada,057,99092,18772,18705,1806,20511,132
2022-09-03,Orange,059,3164182,660748,659290,61285,720575,7347
2022-09-03,Placer,061,380077,74960,74754,9427,84181,657
2022-09-03,Plumas,063,18699,3593,3587,430,4017,13
2022-09-03,Riverside,065,2383286,689566,687184,34829,722013,6581
2022-09-03,Sacramento,067,1510023,342663,341766,33348,375114,3243
2022-09-03,San Benito,069,59416,15965,15900,948,16848,103
2022-09-03,San Bernardino,071,2135413,665589,658354,30600,688954,8006
2022-09-03,San Diego,073,3302833,914564,912824,70886,983710,5464
2022-09-03,San Francisco,075,870044,176442,176131,11924,188055,1015
2022-09-03,San Joaquin,077,732212,195566,194904,14529,209433,2301
2022-09-03,San Luis Obispo,079,281455,62655,62455,7056,69511,517
2022-09-03,San Mateo,081,765935,166254,165520,10505,176025,738
2022-09-03,Santa Barbara,083,443738,104648,104161,6821,110982,716
2022-09-03,Santa Clara,085,1922200,426034,425040,18626,443666,2473
2022-09-03,Santa Cruz,087,273765,62280,61989,3388,65377,273
2022-09-03,Shasta,089,179085,34526,34422,7285,41707,591
2022-09-03,Sierra,091,2930,303,303,60,363,5
2022-09-03,Siskiyou,093,43540,5194,5168,3285,8453,89
2022-09-03,Solano,095,438530,103887,103457,7734,111191,461
2022-09-03,Sonoma,097,501317,105669,105162,5251,110413,517
2022-09-03,Stanislaus,099,539301,136628,136168,21388,157556,1726
2022-09-03,Sutter,101,95872,23964,23927,2459,26386,228
2022-09-03,Tehama,103,63373,13474,13406,3046,16452,210
2022-09-03,Trinity,105,12862,1386,1377,376,1753,20
2022-09-03,Tulare,107,460477,120764,120592,35818,156410,1527
2022-09-03,Tuolumne,109,53932,15365,15294,918,16212,196
2022-09-03,Ventura,111,848112,206246,205627,15473,221100,1558
2022-09-03,Yolo,113,214977,46939,46882,4339,51221,334
2022-09-03,Yuba,115,75493,18669,18615,1680,20295,129
2022-09-02,Alameda,001,1643700,343001,341621,19528,361149,1998
2022-09-02,Alpine,003,1148,133,133,1,134,0
2022-09-02,Amador,005,37829,9886,9855,915,10770,89
2022-09-02,Butte,007,227075,39072,38851,8909,47760,453
2022-09-02,Calaveras,009,45235,8429,8422,521,8943,133
2022-09-02,Colusa,011,21464,3754,3742,1260,5002,22
2022-09-02,Contra Costa,013,1133247,247582,245022,20376,265398,1410
2022-09-02,Del Norte,015,27424,7340,7340,398,7738,56
2022-09-02,El Dorado,017,186661,31970,31929,4197,36126,229
2022-09-02,Fresno,019,978130,272496,271062,31018,302080,2835
2022-09-02,Glenn,021,27897,5482,5462,1848,7310,48
2022-09-02,Humboldt,023,135768,21458,21390,4894,26284,154
2022-09-02,Imperial,025,180216,64845,64678,15422,80100,956
2022-09-02,Inyo,027,18085,4454,4449,916,5365,59
2022-09-02,Kern,029,883053,217453,216471,62047,278518,2404
2022-09-02,Kings,031,150075,58904,58753,4056,62809,455
2022-09-02,Lake,033,64148,12647,12608,1164,13772,143
2022-09-02,Lassen,035,31185,9916,9908,981,10889,64
2022-09-02,Los Angeles,037,10098052,3249475,3235242,177836,3413078,32927
2022-09-02,Madera,039,155013,43491,43403,8158,51561,373
2022-09-02,Marin,041,260295,44544,44394,5223,49617,305
2022-09-02,Mariposa,043,17540,3050,3036,354,3390,31
2022-09-02,Mendocino,045,87422,15832,15781,4417,20198,134
2022-09-02,Merced,047,269075,71722,71280,11664,82944,856
2022-09-02,Modoc,049,8938,871,868,316,1184,11
2022-09-02,Mono,051,14174,3190,3183,244,3427,7
2022-09-02,Monterey,053,433212,93445,93246,20735,113981,761
2022-09-02,Napa,055,140530,31810,31799,1393,33192,156
2022-09-02,Nevada,057,99092,18767,18705,1804,20509,132
2022-09-02,Orange,059,3164182,660560,659290,61221,720511,7347
2022-09-02,Placer,061,380077,74943,74754,9421,84175,657
2022-09-02,Plumas,063,18699,3592,3587,430,4017,13
2022-09-02,Riverside,065,2383286,689319,687184,34814,721998,6581
2022-09-02,Sacramento,067,1510023,342518,341766,33340,375106,3243
2022-09-02,San Benito,069,59416,15958,15900,948,16848,103
2022-09-02,San Bernardino,071,2135413,665413,658354,30584,688938,8006
2022-09-02,San Diego,073,3302833,914294,912824,70859,983683,5464
2022-09-02,San Francisco,075,870044,176376,176131,11907,188038,1015
2022-09-02,San Joaquin,077,732212,195463,194904,14509,209413,2301
2022-09-02,San Luis Obispo,079,281455,62639,62455,7055,69510,517
2022-09-02,San Mateo,081,765935,166171,165520,10502,176022,738
2022-09-02,Santa Barbara,083,443738,104602,104161,6817,110978,716
2022-09-02,Santa Clara,085,1922200,425837,425040,18613,443653,2473
2022-09-02,Santa Cruz,087,273765,62257,61989,3386,65375,273
2022-09-02,Shasta,089,179085,34520,34422,7282,41704,591
2022-09-02,Sierra,091,2930,303,303,60,363,5
2022-09-02,Siskiyou,093,43540,5191,5168,3285,8453,89
2022-09-02,Solano,095,438530,103853,103457,7730,111187,461
2022-09-02,Sonoma,097,501317,105635,105162,5247,110409,517
2022-09-02,Stanislaus,099,539301,136582,136168,21382,157550,1726
2022-09-02,Sutter,101,95872,23953,23927,2459,26386,228
2022-09-02,Tehama,103,63373,13472,13406,3044,16450,210
2022-09-02,Trinity,105,12862,1385,1377,376,1753,20
2022-09-02,Tulare,107,460477,120722,120592,35794,156386,1527
2022-09-02,Tuolumne,109,53932,15363,15294,917,16211,196
2022-09-02,Ventura,111,848112,206155,205627,15460,221087,1558
2022-09-02,Yolo,113,214977,46928,46882,4336,51218,334
2022-09-02,Yuba,115,75493,18661,18615,1677,20292,129
2022-09-01,Alameda,001,1643700,342772,341621,19512,361133,1998
2022-09-01,Alpine,003,1148,133,133,1,134,0
2022-09-01,Amador,005,37829,9882,9855,915,10770,89
2022-09-01,Butte,007,227075,39044,38851,8894,47745,453
2022-09-01,Calaveras,009,45235,8423,8422,520,8942,133
2022-09-01,Colusa,011,21464,3750,3742,1260,5002,22
2022-09-01,Contra Costa,013,1133247,247433,245022,20351,265373,1410
2022-09-01,Del Norte,015,27424,7339,7340,396,7736,56
2022-09-01,El Dorado,017,186661,31960,31929,4196,36125,229
2022-09-01,Fresno,019,978130,272325,271062,30956,302018,2835
2022-09-01,Glenn,021,27897,5480,5462,1848,7310,48
2022-09-01,Humboldt,023,135768,21445,21390,4887,26277,154
2022-09-01,Imperial,025,180216,64799,64678,15400,80078,956
2022-09-01,Inyo,027,18085,4452,4449,915,5364,59
2022-09-01,Kern,029,883053,217378,216471,61931,278402,2404
2022-09-01,Kings,031,150075,58876,58753,4054,62807,455
2022-09-01,Lake,033,64148,12637,12608,1162,13770,143
2022-09-01,Lassen,035,31185,9916,9908,979,10887,64
2022-09-01,Los Angeles,037,10098052,3247903,3235242,177611,3412853,32927
2022-09-01,Madera,039,155013,43454,43403,8155,51558,373
2022-09-01,Marin,041,260295,44511,44394,5215,49609,305
2022-09-01,Mariposa,043,17540,3049,3036,354,3390,31
2022-09-01,Mendocino,045,87422,15827,15781,4415,20196,134
2022-09-01,Merced,047,269075,71690,71280,11647,82927,856
2022-09-01,Modoc,049,8938,871,868,315,1183,11
2022-09-01,Mono,051,14174,3190,3183,243,3426,7
2022-09-01,Monterey,053,433212,93406,93246,20714,113960,761
2022-09-01,Napa,055,140530,31791,31799,1393,33192,156
2022-09-01,Nevada,057,99092,18758,18705,1804,20509,132
2022-09-01,Orange,059,3164182,660250,659290,61140,720430,7347
2022-09-01,Placer,061,380077,74906,74754,9414,84168,657
2022-09-01,Plumas,063,18699,3591,3587,430,4017,13
2022-09-01,Riverside,065,2383286,688981,687184,34775,721959,6581
2022-09-01,Sacramento,067,1510023,342323,341766,33301,375067,3243
2022-09-01,San Benito,069,59416,15950,15900,947,16847,103
2022-09-01,San Bernardino,071,2135413,665085,658354,30550,688904,8006
2022-09-01,San Diego,073,3302833,913877,912824,70810,983634,5464
2022-09-01,San Francisco,075,870044,176239,176131,11895,188026,1015
2022-09-01,San Joaquin,077,732212,195372,194904,14488,209392,2301
2022-09-01,San Luis Obispo,079,281455,62603,62455,7046,69501,517
2022-09-01,San Mateo,081,765935,166077,165520,10493,176013,738
2022-09-01,Santa Barbara,083,443738,104541,104161,6808,110969,716
2022-09-01,Santa Clara,085,1922200,425550,425040,18604,443644,2473
2022-09-01,Santa Cruz,087,273765,62204,61989,3381,65370,273
2022-09-01,Shasta,089,179085,34500,34422,7277,41699,591
2022-09-01,Sierra,091,2930,303,303,60,363,5
2022-09-01,Siskiyou,093,43540,5190,5168,3284,8452,89
2022-09-01,Solano,095,438530,103785,103457,7727,111184,461
2022-09-01,Sonoma,097,501317,105567,105162,5238,110400,517
2022-09-01,Stanislaus,099,539301,136501,136168,21366,157534,1726
2022-09-01,Sutter,101,95872,23935,23927,2456,26383,228
2022-09-01,Tehama,103,63373,13466,13406,3041,16447,210
2022-09-01,Trinity,105,12862,1384,1377,373,1750,20
2022-09-01,Tulare,107,460477,120668,120592,35750,156342,1527
2022-09-01,Tuolumne,109,53932,15355,15294,917,16211,196
2022-09-01,Ventura,111,848112,206010,205627,15442,221069,1558
2022-09-01,Yolo,113,214977,46901,46882,4327,51209,334
2022-09-01,Yuba,115,75493,18647,18615,1677,20292,129
2022-08-31,Alameda,001,1643700,342540,340789,19497,360286,1986
2022-08-31,Alpine,003,1148,133,133,1,134,0
2022-08-31,Amador,005,37829,9878,9829,913,10742,89
2022-08-31,Butte,007,227075,39008,38720,8878,47598,452
2022-08-31,Calaveras,009,45235,8419,8404,519,8923,133
2022-08-31,Colusa,011,21464,3749,3744,1260,5004,22
2022-08-31,Contra Costa,013,1133247,247276,244168,20324,264492,1409
2022-08-31,Del Norte,015,27424,7336,7333,396,7729,56
2022-08-31,El Dorado,017,186661,31953,31864,4190,36054,226
2022-08-31,Fresno,019,978130,272144,270456,30822,301278,2829
2022-08-31,Glenn,021,27897,5479,5448,1847,7295,48
2022-08-31,Humboldt,023,135768,21420,21325,4882,26207,154
2022-08-31,Imperial,025,180216,64769,64562,15378,79940,953
2022-08-31,Inyo,027,18085,4450,4444,914,5358,59
2022-08-31,Kern,029,883053,217265,216037,61795,277832,2404
2022-08-31,Kings,031,150075,58840,58629,4049,62678,455
2022-08-31,Lake,033,64148,12625,12563,1162,13725,142
2022-08-31,Lassen,035,31185,9911,9889,978,10867,64
2022-08-31,Los Angeles,037,10098052,3246087,3228552,177375,3405927,32877
2022-08-31,Madera,039,155013,43419,43269,8141,51410,372
2022-08-31,Marin,041,260295,44481,44330,5209,49539,305
2022-08-31,Mariposa,043,17540,3049,3025,353,3378,31
2022-08-31,Mendocino,045,87422,15820,15733,4410,20143,134
2022-08-31,Merced,047,269075,71662,71089,11622,82711,852
2022-08-31,Modoc,049,8938,869,865,315,1180,11
2022-08-31,Mono,051,14174,3189,3181,242,3423,7
2022-08-31,Monterey,053,433212,93363,93046,20692,113738,762
2022-08-31,Napa,055,140530,31776,31725,1391,33116,156
2022-08-31,Nevada,057,99092,18741,18649,1803,20452,132
2022-08-31,Orange,059,3164182,659843,658076,61051,719127,7340
2022-08-31,Placer,061,380077,74865,74612,9407,84019,657
2022-08-31,Plumas,063,18699,3590,3581,430,4011,13
2022-08-31,Riverside,065,2383286,688574,685704,34735,720439,6581
2022-08-31,Sacramento,067,1510023,342114,340949,33255,374204,3230
2022-08-31,San Benito,069,59416,15938,15860,945,16805,103
2022-08-31,San Bernardino,071,2135413,664657,656343,30511,686854,8014
2022-08-31,San Diego,073,3302833,913407,910878,70752,981630,5459
2022-08-31,San Francisco,075,870044,176124,175752,11886,187638,1001
2022-08-31,San Joaquin,077,732212,195215,194437,14470,208907,2298
2022-08-31,San Luis Obispo,079,281455,62574,62312,7033,69345,515
2022-08-31,San Mateo,081,765935,165974,165161,10486,175647,738
2022-08-31,Santa Barbara,083,443738,104453,103894,6799,110693,717
2022-08-31,Santa Clara,085,1922200,425247,424011,18587,442598,2467
2022-08-31,Santa Cruz,087,273765,62155,61812,3378,65190,272
2022-08-31,Shasta,089,179085,34485,34355,7270,41625,590
2022-08-31,Sierra,091,2930,303,302,60,362,5
2022-08-31,Siskiyou,093,43540,5182,5152,3283,8435,89
2022-08-31,Solano,095,438530,103722,103173,7723,110896,461
2022-08-31,Sonoma,097,501317,105495,104964,5227,110191,527
2022-08-31,Stanislaus,099,539301,136412,135801,21342,157143,1722
2022-08-31,Sutter,101,95872,23920,23856,2455,26311,228
2022-08-31,Tehama,103,63373,13453,13370,3036,16406,210
2022-08-31,Trinity,105,12862,1384,1373,373,1746,20
2022-08-31,Tulare,107,460477,120592,120346,35703,156049,1527
2022-08-31,Tuolumne,109,53932,15346,15250,915,16165,196
2022-08-31,Ventura,111,848112,205865,205157,15425,220582,1557
2022-08-31,Yolo,113,214977,46868,46807,4315,51122,334
2022-08-31,Yuba,115,75493,18625,18558,1673,20231,129
2022-08-30,Alameda,001,1643700,342293,340789,19478,360267,1986
2022-08-30,Alpine,003,1148,133,133,1,134,0
2022-08-30,Amador,005,37829,9867,9829,913,10742,89
2022-08-30,Butte,007,227075,38972,38720,8863,47583,452
2022-08-30,Calaveras,009,45235,8416,8404,517,8921,133
2022-08-30,Colusa,011,21464,3749,3744,1258,5002,22
2022-08-30,Contra Costa,013,1133247,247122,244168,20306,264474,1409
2022-08-30,Del Norte,015,27424,7335,7333,396,7729,56
2022-08-30,El Dorado,017,186661,31936,31864,4186,36050,226
2022-08-30,Fresno,019,978130,271946,270456,30722,301178,2829
2022-08-30,Glenn,021,27897,5479,5448,1846,7294,48
2022-08-30,Humboldt,023,135768,21399,21325,4878,26203,154
2022-08-30,Imperial,025,180216,64723,64562,15342,79904,953
2022-08-30,Inyo,027,18085,4449,4444,911,5355,59
2022-08-30,Kern,029,883053,217135,216037,61648,277685,2404
2022-08-30,Kings,031,150075,58784,58629,4045,62674,455
2022-08-30,Lake,033,64148,12615,12563,1160,13723,142
2022-08-30,Lassen,035,31185,9907,9889,978,10867,64
2022-08-30,Los Angeles,037,10098052,3243996,3228552,177111,3405663,32877
2022-08-30,Madera,039,155013,43370,43269,8124,51393,372
2022-08-30,Marin,041,260295,44449,44330,5204,49534,305
2022-08-30,Mariposa,043,17540,3047,3025,351,3376,31
2022-08-30,Mendocino,045,87422,15809,15733,4400,20133,134
2022-08-30,Merced,047,269075,71612,71089,11600,82689,852
2022-08-30,Modoc,049,8938,869,865,315,1180,11
2022-08-30,Mono,051,14174,3187,3181,242,3423,7
2022-08-30,Monterey,053,433212,93317,93046,20677,113723,762
2022-08-30,Napa,055,140530,31758,31725,1390,33115,156
2022-08-30,Nevada,057,99092,18723,18649,1783,20432,132
2022-08-30,Orange,059,3164182,659399,658076,60940,719016,7340
2022-08-30,Placer,061,380077,74830,74612,9399,84011,657
2022-08-30,Plumas,063,18699,3589,3581,430,4011,13
2022-08-30,Riverside,065,2383286,688132,685704,34696,720400,6581
2022-08-30,Sacramento,067,1510023,341920,340949,33215,374164,3230
2022-08-30,San Benito,069,59416,15925,15860,941,16801,103
2022-08-30,San Bernardino,071,2135413,664184,656343,30478,686821,8014
2022-08-30,San Diego,073,3302833,912876,910878,70658,981536,5459
2022-08-30,San Francisco,075,870044,176005,175752,11876,187628,1001
2022-08-30,San Joaquin,077,732212,195064,194437,14436,208873,2298
2022-08-30,San Luis Obispo,079,281455,62537,62312,7017,69329,515
2022-08-30,San Mateo,081,765935,165869,165161,10476,175637,738
2022-08-30,Santa Barbara,083,443738,104360,103894,6787,110681,717
2022-08-30,Santa Clara,085,1922200,424921,424011,18572,442583,2467
2022-08-30,Santa Cruz,087,273765,62106,61812,3369,65181,272
2022-08-30,Shasta,089,179085,34462,34355,7265,41620,590
2022-08-30,Sierra,091,2930,303,302,60,362,5
2022-08-30,Siskiyou,093,43540,5174,5152,3281,8433,89
2022-08-30,Solano,095,438530,103635,103173,7716,110889,461
2022-08-30,Sonoma,097,501317,105430,104964,5220,110184,527
2022-08-30,Stanislaus,099,539301,136306,135801,21327,157128,1722
2022-08-30,Sutter,101,95872,23902,23856,2455,26311,228
2022-08-30,Tehama,103,63373,13446,13370,3029,16399,210
2022-08-30,Trinity,105,12862,1383,1373,372,1745,20
2022-08-30,Tulare,107,460477,120509,120346,35648,155994,1527
2022-08-30,Tuolumne,109,53932,15331,15250,915,16165,196
2022-08-30,Ventura,111,848112,205708,205157,15382,220539,1557
2022-08-30,Yolo,113,214977,46848,46807,4305,51112,334
2022-08-30,Yuba,115,75493,18613,18558,1671,20229,129
2022-08-29,Alameda,001,1643700,341968,340789,19447,360236,1986
2022-08-29,Alpine,003,1148,133,133,1,134,0
2022-08-29,Amador,005,37829,9853,9829,912,10741,89
2022-08-29,Butte,007,227075,38930,38720,8847,47567,452
2022-08-29,Calaveras,009,45235,8415,8404,515,8919,133
2022-08-29,Colusa,011,21464,3749,3744,1258,5002,22
2022-08-29,Contra Costa,013,1133247,246946,244168,20281,264449,1409
2022-08-29,Del Norte,015,27424,7334,7333,396,7729,56
2022-08-29,El Dorado,017,186661,31920,31864,4180,36044,226
2022-08-29,Fresno,019,978130,271720,270456,30680,301136,2829
2022-08-29,Glenn,021,27897,5477,5448,1843,7291,48
2022-08-29,Humboldt,023,135768,21376,21325,4871,26196,154
2022-08-29,Imperial,025,180216,64681,64562,15301,79863,953
2022-08-29,Inyo,027,18085,4448,4444,907,5351,59
2022-08-29,Kern,029,883053,216968,216037,61512,277549,2404
2022-08-29,Kings,031,150075,58714,58629,4041,62670,455
2022-08-29,Lake,033,64148,12601,12563,1159,13722,142
2022-08-29,Lassen,035,31185,9901,9889,978,10867,64
2022-08-29,Los Angeles,037,10098052,3241774,3228552,176832,3405384,32877
2022-08-29,Madera,039,155013,43332,43269,8103,51372,372
2022-08-29,Marin,041,260295,44415,44330,5198,49528,305
2022-08-29,Mariposa,043,17540,3044,3025,349,3374,31
2022-08-29,Mendocino,045,87422,15796,15733,4387,20120,134
2022-08-29,Merced,047,269075,71555,71089,11568,82657,852
2022-08-29,Modoc,049,8938,868,865,314,1179,11
2022-08-29,Mono,051,14174,3186,3181,242,3423,7
2022-08-29,Monterey,053,433212,93281,93046,20646,113692,762
2022-08-29,Napa,055,140530,31738,31725,1390,33115,156
2022-08-29,Nevada,057,99092,18707,18649,1781,20430,132
2022-08-29,Orange,059,3164182,658960,658076,60853,718929,7340
2022-08-29,Placer,061,380077,74791,74612,9386,83998,657
2022-08-29,Plumas,063,18699,3588,3581,430,4011,13
2022-08-29,Riverside,065,2383286,687565,685704,34637,720341,6581
2022-08-29,Sacramento,067,1510023,341646,340949,33159,374108,3230
2022-08-29,San Benito,069,59416,15912,15860,939,16799,103
2022-08-29,San Bernardino,071,2135413,663609,656343,30439,686782,8014
2022-08-29,San Diego,073,3302833,912250,910878,70590,981468,5459
2022-08-29,San Francisco,075,870044,175900,175752,11865,187617,1001
2022-08-29,San Joaquin,077,732212,194920,194437,14410,208847,2298
2022-08-29,San Luis Obispo,079,281455,62504,62312,7004,69316,515
2022-08-29,San Mateo,081,765935,165763,165161,10468,175629,738
2022-08-29,Santa Barbara,083,443738,104265,103894,6776,110670,717
2022-08-29,Santa Clara,085,1922200,424528,424011,18546,442557,2467
2022-08-29,Santa Cruz,087,273765,62039,61812,3361,65173,272
2022-08-29,Shasta,089,179085,34443,34355,7252,41607,590
2022-08-29,Sierra,091,2930,303,302,60,362,5
2022-08-29,Siskiyou,093,43540,5170,5152,3280,8432,89
2022-08-29,Solano,095,438530,103554,103173,7706,110879,461
2022-08-29,Sonoma,097,501317,105352,104964,5213,110177,527
2022-08-29,Stanislaus,099,539301,136187,135801,21293,157094,1722
2022-08-29,Sutter,101,95872,23875,23856,2451,26307,228
2022-08-29,Tehama,103,63373,13437,13370,3028,16398,210
2022-08-29,Trinity,105,12862,1382,1373,372,1745,20
2022-08-29,Tulare,107,460477,120421,120346,35576,155922,1527
2022-08-29,Tuolumne,109,53932,15316,15250,915,16165,196
2022-08-29,Ventura,111,848112,205563,205157,15356,220513,1557
2022-08-29,Yolo,113,214977,46822,46807,4295,51102,334
2022-08-29,Yuba,115,75493,18595,18558,1666,20224,129
2022-08-28,Alameda,001,1643700,341644,339618,19423,359041,1978
2022-08-28,Alpine,003,1148,133,133,1,134,0
2022-08-28,Amador,005,37829,9846,9802,910,10712,89
2022-08-28,Butte,007,227075,38880,38606,8835,47441,452
2022-08-28,Calaveras,009,45235,8407,8368,514,8882,133
2022-08-28,Colusa,011,21464,3747,3736,1254,4990,22
2022-08-28,Contra Costa,013,1133247,246729,243331,20259,263590,1404
2022-08-28,Del Norte,015,27424,7328,7316,395,7711,55
2022-08-28,El Dorado,017,186661,31890,31760,4171,35931,226
2022-08-28,Fresno,019,978130,271474,269680,30623,300303,2829
2022-08-28,Glenn,021,27897,5474,5434,1841,7275,49
2022-08-28,Humboldt,023,135768,21352,21264,4856,26120,154
2022-08-28,Imperial,025,180216,64628,64391,15252,79643,953
2022-08-28,Inyo,027,18085,4447,4443,904,5347,59
2022-08-28,Kern,029,883053,216830,215612,61334,276946,2399
2022-08-28,Kings,031,150075,58657,58443,4030,62473,455
2022-08-28,Lake,033,64148,12589,12524,1155,13679,142
2022-08-28,Lassen,035,31185,9890,9871,978,10849,64
2022-08-28,Los Angeles,037,10098052,3239082,3219328,176475,3395803,32833
2022-08-28,Madera,039,155013,43284,43105,8070,51175,372
2022-08-28,Marin,041,260295,44383,44192,5189,49381,305
2022-08-28,Mariposa,043,17540,3038,3018,348,3366,31
2022-08-28,Mendocino,045,87422,15782,15698,4383,20081,134
2022-08-28,Merced,047,269075,71483,70906,11515,82421,851
2022-08-28,Modoc,049,8938,868,865,314,1179,11
2022-08-28,Mono,051,14174,3185,3181,242,3423,7
2022-08-28,Monterey,053,433212,93214,92844,20617,113461,760
2022-08-28,Napa,055,140530,31710,31668,1389,33057,156
2022-08-28,Nevada,057,99092,18685,18592,1780,20372,132
2022-08-28,Orange,059,3164182,658501,656440,60743,717183,7326
2022-08-28,Placer,061,380077,74746,74391,9373,83764,657
2022-08-28,Plumas,063,18699,3585,3571,430,4001,13
2022-08-28,Riverside,065,2383286,686933,683511,34567,718078,6580
2022-08-28,Sacramento,067,1510023,341326,339846,33086,372932,3222
2022-08-28,San Benito,069,59416,15899,15805,936,16741,103
2022-08-28,San Bernardino,071,2135413,663011,653843,30379,684222,8017
2022-08-28,San Diego,073,3302833,911492,908809,70483,979292,5456
2022-08-28,San Francisco,075,870044,175744,175204,11853,187057,1000
2022-08-28,San Joaquin,077,732212,194692,193880,14377,208257,2296
2022-08-28,San Luis Obispo,079,281455,62459,62105,6982,69087,515
2022-08-28,San Mateo,081,765935,165612,164675,10455,175130,738
2022-08-28,Santa Barbara,083,443738,104133,103496,6755,110251,717
2022-08-28,Santa Clara,085,1922200,424118,422650,18525,441175,2459
2022-08-28,Santa Cruz,087,273765,61938,61594,3347,64941,273
2022-08-28,Shasta,089,179085,34413,34283,7233,41516,590
2022-08-28,Sierra,091,2930,302,300,60,360,5
2022-08-28,Siskiyou,093,43540,5164,5140,3278,8418,89
2022-08-28,Solano,095,438530,103461,102855,7696,110551,460
2022-08-28,Sonoma,097,501317,105269,104646,5202,109848,557
2022-08-28,Stanislaus,099,539301,136036,135310,21264,156574,1722
2022-08-28,Sutter,101,95872,23848,23759,2448,26207,228
2022-08-28,Tehama,103,63373,13417,13340,3026,16366,210
2022-08-28,Trinity,105,12862,1382,1370,370,1740,20
2022-08-28,Tulare,107,460477,120310,119942,35466,155408,1527
2022-08-28,Tuolumne,109,53932,15310,15193,910,16103,196
2022-08-28,Ventura,111,848112,205370,204567,15281,219848,1553
2022-08-28,Yolo,113,214977,46773,46744,4283,51027,334
2022-08-28,Yuba,115,75493,18576,18482,1660,20142,129
2022-08-27,Alameda,001,1643700,341457,339618,19412,359030,1978
2022-08-27,Alpine,003,1148,133,133,1,134,0
2022-08-27,Amador,005,37829,9840,9802,909,10711,89
2022-08-27,Butte,007,227075,38852,38606,8822,47428,452
2022-08-27,Calaveras,009,45235,8402,8368,514,8882,133
2022-08-27,Colusa,011,21464,3745,3736,1249,4985,22
2022-08-27,Contra Costa,013,1133247,246589,243331,20248,263579,1404
2022-08-27,Del Norte,015,27424,7327,7316,394,7710,55
2022-08-27,El Dorado,017,186661,31878,31760,4167,35927,226
2022-08-27,Fresno,019,978130,271353,269680,30607,300287,2829
2022-08-27,Glenn,021,27897,5472,5434,1841,7275,49
2022-08-27,Humboldt,023,135768,21336,21264,4848,26112,154
2022-08-27,Imperial,025,180216,64606,64391,15242,79633,953
2022-08-27,Inyo,027,18085,4446,4443,904,5347,59
2022-08-27,Kern,029,883053,216749,215612,61224,276836,2399
2022-08-27,Kings,031,150075,58627,58443,4027,62470,455
2022-08-27,Lake,033,64148,12585,12524,1151,13675,142
2022-08-27,Lassen,035,31185,9886,9871,978,10849,64
2022-08-27,Los Angeles,037,10098052,3237765,3219328,176261,3395589,32833
2022-08-27,Madera,039,155013,43249,43105,8066,51171,372
2022-08-27,Marin,041,260295,44362,44192,5180,49372,305
2022-08-27,Mariposa,043,17540,3037,3018,347,3365,31
2022-08-27,Mendocino,045,87422,15776,15698,4381,20079,134
2022-08-27,Merced,047,269075,71441,70906,11507,82413,851
2022-08-27,Modoc,049,8938,868,865,314,1179,11
2022-08-27,Mono,051,14174,3184,3181,242,3423,7
2022-08-27,Monterey,053,433212,93183,92844,20601,113445,760
2022-08-27,Napa,055,140530,31695,31668,1387,33055,156
2022-08-27,Nevada,057,99092,18674,18592,1778,20370,132
2022-08-27,Orange,059,3164182,658240,656440,60639,717079,7326
2022-08-27,Placer,061,380077,74709,74391,9369,83760,657
2022-08-27,Plumas,063,18699,3584,3571,430,4001,13
2022-08-27,Riverside,065,2383286,686600,683511,34541,718052,6580
2022-08-27,Sacramento,067,1510023,341196,339846,33071,372917,3222
2022-08-27,San Benito,069,59416,15883,15805,932,16737,103
2022-08-27,San Bernardino,071,2135413,662699,653843,30346,684189,8017
2022-08-27,San Diego,073,3302833,911151,908809,70442,979251,5456
2022-08-27,San Francisco,075,870044,175672,175204,11846,187050,1000
2022-08-27,San Joaquin,077,732212,194634,193880,14355,208235,2296
2022-08-27,San Luis Obispo,079,281455,62444,62105,6975,69080,515
2022-08-27,San Mateo,081,765935,165518,164675,10452,175127,738
2022-08-27,Santa Barbara,083,443738,104071,103496,6744,110240,717
2022-08-27,Santa Clara,085,1922200,423907,422650,18512,441162,2459
2022-08-27,Santa Cruz,087,273765,61925,61594,3346,64940,273
2022-08-27,Shasta,089,179085,34402,34283,7227,41510,590
2022-08-27,Sierra,091,2930,302,300,60,360,5
2022-08-27,Siskiyou,093,43540,5162,5140,3278,8418,89
2022-08-27,Solano,095,438530,103425,102855,7689,110544,460
2022-08-27,Sonoma,097,501317,105227,104646,5199,109845,557
2022-08-27,Stanislaus,099,539301,135962,135310,21238,156548,1722
2022-08-27,Sutter,101,95872,23833,23759,2448,26207,228
2022-08-27,Tehama,103,63373,13411,13340,3025,16365,210
2022-08-27,Trinity,105,12862,1381,1370,368,1738,20
2022-08-27,Tulare,107,460477,120251,119942,35416,155358,1527
2022-08-27,Tuolumne,109,53932,15304,15193,908,16101,196
2022-08-27,Ventura,111,848112,205286,204567,15268,219835,1553
2022-08-27,Yolo,113,214977,46752,46744,4279,51023,334
2022-08-27,Yuba,115,75493,18564,18482,1659,20141,129
2022-08-26,Alameda,001,1643700,341290,339618,19402,359020,1978
2022-08-26,Alpine,003,1148,133,133,1,134,0
2022-08-26,Amador,005,37829,9837,9802,907,10709,89
2022-08-26,Butte,007,227075,38838,38606,8810,47416,452
2022-08-26,Calaveras,009,45235,8397,8368,514,8882,133
2022-08-26,Colusa,011,21464,3744,3736,1249,4985,22
2022-08-26,Contra Costa,013,1133247,246436,243331,20239,263570,1404
2022-08-26,Del Norte,015,27424,7325,7316,394,7710,55
2022-08-26,El Dorado,017,186661,31858,31760,4166,35926,226
2022-08-26,Fresno,019,978130,271197,269680,30570,300250,2829
2022-08-26,Glenn,021,27897,5469,5434,1839,7273,49
2022-08-26,Humboldt,023,135768,21330,21264,4845,26109,154
2022-08-26,Imperial,025,180216,64583,64391,15228,79619,953
2022-08-26,Inyo,027,18085,4445,4443,897,5340,59
2022-08-26,Kern,029,883053,216662,215612,61125,276737,2399
2022-08-26,Kings,031,150075,58613,58443,4025,62468,455
2022-08-26,Lake,033,64148,12577,12524,1150,13674,142
2022-08-26,Lassen,035,31185,9884,9871,978,10849,64
2022-08-26,Los Angeles,037,10098052,3236343,3219328,176044,3395372,32833
2022-08-26,Madera,039,155013,43220,43105,8059,51164,372
2022-08-26,Marin,041,260295,44330,44192,5178,49370,305
2022-08-26,Mariposa,043,17540,3033,3018,342,3360,31
2022-08-26,Mendocino,045,87422,15770,15698,4379,20077,134
2022-08-26,Merced,047,269075,71402,70906,11497,82403,851
2022-08-26,Modoc,049,8938,867,865,314,1179,11
2022-08-26,Mono,051,14174,3184,3181,242,3423,7
2022-08-26,Monterey,053,433212,93144,92844,20585,113429,760
2022-08-26,Napa,055,140530,31682,31668,1386,33054,156
2022-08-26,Nevada,057,99092,18662,18592,1776,20368,132
2022-08-26,Orange,059,3164182,657982,656440,60577,717017,7326
2022-08-26,Placer,061,380077,74674,74391,9358,83749,657
2022-08-26,Plumas,063,18699,3583,3571,430,4001,13
2022-08-26,Riverside,065,2383286,686251,683511,34504,718015,6580
2022-08-26,Sacramento,067,1510023,341012,339846,33060,372906,3222
2022-08-26,San Benito,069,59416,15872,15805,932,16737,103
2022-08-26,San Bernardino,071,2135413,662386,653843,30317,684160,8017
2022-08-26,San Diego,073,3302833,910728,908809,70419,979228,5456
2022-08-26,San Francisco,075,870044,175589,175204,11840,187044,1000
2022-08-26,San Joaquin,077,732212,194561,193880,14337,208217,2296
2022-08-26,San Luis Obispo,079,281455,62422,62105,6971,69076,515
2022-08-26,San Mateo,081,765935,165428,164675,10445,175120,738
2022-08-26,Santa Barbara,083,443738,104019,103496,6738,110234,717
2022-08-26,Santa Clara,085,1922200,423693,422650,18499,441149,2459
2022-08-26,Santa Cruz,087,273765,61878,61594,3342,64936,273
2022-08-26,Shasta,089,179085,34390,34283,7223,41506,590
2022-08-26,Sierra,091,2930,302,300,60,360,5
2022-08-26,Siskiyou,093,43540,5159,5140,3278,8418,89
2022-08-26,Solano,095,438530,103367,102855,7679,110534,460
2022-08-26,Sonoma,097,501317,105185,104646,5197,109843,557
2022-08-26,Stanislaus,099,539301,135885,135310,21229,156539,1722
2022-08-26,Sutter,101,95872,23814,23759,2447,26206,228
2022-08-26,Tehama,103,63373,13400,13340,3023,16363,210
2022-08-26,Trinity,105,12862,1381,1370,368,1738,20
2022-08-26,Tulare,107,460477,120192,119942,35366,155308,1527
2022-08-26,Tuolumne,109,53932,15292,15193,908,16101,196
2022-08-26,Ventura,111,848112,205207,204567,15252,219819,1553
2022-08-26,Yolo,113,214977,46740,46744,4275,51019,334
2022-08-26,Yuba,115,75493,18551,18482,1659,20141,129
2022-08-25,Alameda,001,1643700,340999,339618,19375,358993,1978
2022-08-25,Alpine,003,1148,133,133,1,134,0
2022-08-25,Amador,005,37829,9830,9802,907,10709,89
2022-08-25,Butte,007,227075,38814,38606,8802,47408,452
2022-08-25,Calaveras,009,45235,8391,8368,514,8882,133
2022-08-25,Colusa,011,21464,3744,3736,1247,4983,22
2022-08-25,Contra Costa,013,1133247,246239,243331,20211,263542,1404
2022-08-25,Del Norte,015,27424,7316,7316,394,7710,55
2022-08-25,El Dorado,017,186661,31837,31760,4161,35921,226
2022-08-25,Fresno,019,978130,271002,269680,30521,300201,2829
2022-08-25,Glenn,021,27897,5464,5434,1838,7272,49
2022-08-25,Humboldt,023,135768,21309,21264,4835,26099,154
2022-08-25,Imperial,025,180216,64542,64391,15199,79590,953
2022-08-25,Inyo,027,18085,4445,4443,890,5333,59
2022-08-25,Kern,029,883053,216525,215612,61021,276633,2399
2022-08-25,Kings,031,150075,58557,58443,4017,62460,455
2022-08-25,Lake,033,64148,12564,12524,1147,13671,142
2022-08-25,Lassen,035,31185,9883,9871,977,10848,64
2022-08-25,Los Angeles,037,10098052,3234173,3219328,175750,3395078,32833
2022-08-25,Madera,039,155013,43175,43105,8044,51149,372
2022-08-25,Marin,041,260295,44302,44192,5170,49362,305
2022-08-25,Mariposa,043,17540,3031,3018,342,3360,31
2022-08-25,Mendocino,045,87422,15761,15698,4378,20076,134
2022-08-25,Merced,047,269075,71358,70906,11463,82369,851
2022-08-25,Modoc,049,8938,867,865,314,1179,11
2022-08-25,Mono,051,14174,3184,3181,242,3423,7
2022-08-25,Monterey,053,433212,93093,92844,20563,113407,760
2022-08-25,Napa,055,140530,31664,31668,1385,33053,156
2022-08-25,Nevada,057,99092,18640,18592,1771,20363,132
2022-08-25,Orange,059,3164182,657577,656440,60485,716925,7326
2022-08-25,Placer,061,380077,74625,74391,9350,83741,657
2022-08-25,Plumas,063,18699,3581,3571,430,4001,13
2022-08-25,Riverside,065,2383286,685732,683511,34454,717965,6580
2022-08-25,Sacramento,067,1510023,340738,339846,33020,372866,3222
2022-08-25,San Benito,069,59416,15860,15805,930,16735,103
2022-08-25,San Bernardino,071,2135413,661859,653843,30281,684124,8017
2022-08-25,San Diego,073,3302833,910185,908809,70342,979151,5456
2022-08-25,San Francisco,075,870044,175476,175204,11835,187039,1000
2022-08-25,San Joaquin,077,732212,194414,193880,14312,208192,2296
2022-08-25,San Luis Obispo,079,281455,62323,62105,6960,69065,515
2022-08-25,San Mateo,081,765935,165301,164675,10437,175112,738
2022-08-25,Santa Barbara,083,443738,103925,103496,6722,110218,717
2022-08-25,Santa Clara,085,1922200,423385,422650,18478,441128,2459
2022-08-25,Santa Cruz,087,273765,61819,61594,3337,64931,273
2022-08-25,Shasta,089,179085,34371,34283,7211,41494,590
2022-08-25,Sierra,091,2930,302,300,60,360,5
2022-08-25,Siskiyou,093,43540,5154,5140,3273,8413,89
2022-08-25,Solano,095,438530,103283,102855,7670,110525,460
2022-08-25,Sonoma,097,501317,105109,104646,5190,109836,557
2022-08-25,Stanislaus,099,539301,135760,135310,21205,156515,1722
2022-08-25,Sutter,101,95872,23791,23759,2445,26204,228
2022-08-25,Tehama,103,63373,13393,13340,3015,16355,210
2022-08-25,Trinity,105,12862,1381,1370,367,1737,20
2022-08-25,Tulare,107,460477,120098,119942,35294,155236,1527
2022-08-25,Tuolumne,109,53932,15274,15193,907,16100,196
2022-08-25,Ventura,111,848112,205054,204567,15202,219769,1553
2022-08-25,Yolo,113,214977,46712,46744,4266,51010,334
2022-08-25,Yuba,115,75493,18532,18482,1656,20138,129
2022-08-24,Alameda,001,1643700,340690,338591,19349,357940,1976
2022-08-24,Alpine,003,1148,133,131,1,132,0
2022-08-24,Amador,005,37829,9823,9786,904,10690,89
2022-08-24,Butte,007,227075,38776,38458,8786,47244,449
2022-08-24,Calaveras,009,45235,8376,8334,513,8847,132
2022-08-24,Colusa,011,21464,3744,3722,1244,4966,22
2022-08-24,Contra Costa,013,1133247,246053,242633,20184,262817,1399
2022-08-24,Del Norte,015,27424,7312,7308,392,7700,55
2022-08-24,El Dorado,017,186661,31823,31682,4155,35837,225
2022-08-24,Fresno,019,978130,270811,269025,30461,299486,2822
2022-08-24,Glenn,021,27897,5462,5423,1838,7261,48
2022-08-24,Humboldt,023,135768,21288,21195,4824,26019,153
2022-08-24,Imperial,025,180216,64506,64271,15181,79452,951
2022-08-24,Inyo,027,18085,4444,4440,889,5329,59
2022-08-24,Kern,029,883053,216377,215225,60899,276124,2399
2022-08-24,Kings,031,150075,58504,58324,4013,62337,454
2022-08-24,Lake,033,64148,12557,12476,1143,13619,142
2022-08-24,Lassen,035,31185,9880,9867,974,10841,64
2022-08-24,Los Angeles,037,10098052,3231806,3211321,175436,3386757,32783
2022-08-24,Madera,039,155013,43136,42984,8018,51002,372
2022-08-24,Marin,041,260295,44268,44082,5159,49241,305
2022-08-24,Mariposa,043,17540,3031,3010,342,3352,31
2022-08-24,Mendocino,045,87422,15749,15623,4368,19991,134
2022-08-24,Merced,047,269075,71308,70665,11432,82097,849
2022-08-24,Modoc,049,8938,867,864,313,1177,11
2022-08-24,Mono,051,14174,3184,3181,242,3423,7
2022-08-24,Monterey,053,433212,93032,92590,20523,113113,760
2022-08-24,Napa,055,140530,31654,31602,1383,32985,156
2022-08-24,Nevada,057,99092,18624,18565,1768,20333,132
2022-08-24,Orange,059,3164182,657130,654893,60392,715285,7312
2022-08-24,Placer,061,380077,74564,74226,9345,83571,657
2022-08-24,Plumas,063,18699,3577,3555,430,3985,13
2022-08-24,Riverside,065,2383286,685199,681805,34395,716200,6573
2022-08-24,Sacramento,067,1510023,340461,339009,32975,371984,3208
2022-08-24,San Benito,069,59416,15838,15745,927,16672,103
2022-08-24,San Bernardino,071,2135413,661353,651496,30237,681733,8018
2022-08-24,San Diego,073,3302833,909620,906885,70272,977157,5453
2022-08-24,San Francisco,075,870044,175334,174731,11830,186561,974
2022-08-24,San Joaquin,077,732212,194263,193370,14286,207656,2288
2022-08-24,San Luis Obispo,079,281455,62284,61962,6947,68909,515
2022-08-24,San Mateo,081,765935,165185,164307,10431,174738,738
2022-08-24,Santa Barbara,083,443738,103850,103237,6704,109941,716
2022-08-24,Santa Clara,085,1922200,423038,421483,18467,439950,2454
2022-08-24,Santa Cruz,087,273765,61792,61387,3332,64719,270
2022-08-24,Shasta,089,179085,34357,34180,7197,41377,589
2022-08-24,Sierra,091,2930,302,301,60,361,5
2022-08-24,Siskiyou,093,43540,5150,5133,3272,8405,88
2022-08-24,Solano,095,438530,103196,102631,7660,110291,459
2022-08-24,Sonoma,097,501317,105032,104444,5189,109633,520
2022-08-24,Stanislaus,099,539301,135631,134894,21180,156074,1720
2022-08-24,Sutter,101,95872,23759,23673,2444,26117,228
2022-08-24,Tehama,103,63373,13388,13312,3011,16323,209
2022-08-24,Trinity,105,12862,1380,1369,367,1736,20
2022-08-24,Tulare,107,460477,119993,119644,35193,154837,1525
2022-08-24,Tuolumne,109,53932,15264,15140,907,16047,196
2022-08-24,Ventura,111,848112,204888,204064,15161,219225,1551
2022-08-24,Yolo,113,214977,46683,46665,4258,50923,333
2022-08-24,Yuba,115,75493,18508,18425,1650,20075,129
2022-08-23,Alameda,001,1643700,340372,338591,19326,357917,1976
2022-08-23,Alpine,003,1148,133,131,1,132,0
2022-08-23,Amador,005,37829,9812,9786,903,10689,89
2022-08-23,Butte,007,227075,38745,38458,8765,47223,449
2022-08-23,Calaveras,009,45235,8367,8334,509,8843,132
2022-08-23,Colusa,011,21464,3741,3722,1240,4962,22
2022-08-23,Contra Costa,013,1133247,245857,242633,20153,262786,1399
2022-08-23,Del Norte,015,27424,7308,7308,392,7700,55
2022-08-23,El Dorado,017,186661,31803,31682,4152,35834,225
2022-08-23,Fresno,019,978130,270561,269025,30399,299424,2822
2022-08-23,Glenn,021,27897,5455,5423,1837,7260,48
2022-08-23,Humboldt,023,135768,21275,21195,4812,26007,153
2022-08-23,Imperial,025,180216,64463,64271,15162,79433,951
2022-08-23,Inyo,027,18085,4443,4440,881,5321,59
2022-08-23,Kern,029,883053,216247,215225,60735,275960,2399
2022-08-23,Kings,031,150075,58453,58324,4008,62332,454
2022-08-23,Lake,033,64148,12537,12476,1142,13618,142
2022-08-23,Lassen,035,31185,9876,9867,974,10841,64
2022-08-23,Los Angeles,037,10098052,3229160,3211321,175107,3386428,32783
2022-08-23,Madera,039,155013,43092,42984,7995,50979,372
2022-08-23,Marin,041,260295,44237,44082,5155,49237,305
2022-08-23,Mariposa,043,17540,3028,3010,337,3347,31
2022-08-23,Mendocino,045,87422,15731,15623,4360,19983,134
2022-08-23,Merced,047,269075,71252,70665,11387,82052,849
2022-08-23,Modoc,049,8938,867,864,313,1177,11
2022-08-23,Mono,051,14174,3184,3181,242,3423,7
2022-08-23,Monterey,053,433212,92964,92590,20478,113068,760
2022-08-23,Napa,055,140530,31637,31602,1383,32985,156
2022-08-23,Nevada,057,99092,18610,18565,1760,20325,132
2022-08-23,Orange,059,3164182,656623,654893,60277,715170,7312
2022-08-23,Placer,061,380077,74499,74226,9331,83557,657
2022-08-23,Plumas,063,18699,3571,3555,430,3985,13
2022-08-23,Riverside,065,2383286,684585,681805,34330,716135,6573
2022-08-23,Sacramento,067,1510023,340143,339009,32919,371928,3208
2022-08-23,San Benito,069,59416,15815,15745,923,16668,103
2022-08-23,San Bernardino,071,2135413,660749,651496,30175,681671,8018
2022-08-23,San Diego,073,3302833,909000,906885,70196,977081,5453
2022-08-23,San Francisco,075,870044,175181,174731,11821,186552,974
2022-08-23,San Joaquin,077,732212,194108,193370,14243,207613,2288
2022-08-23,San Luis Obispo,079,281455,62240,61962,6932,68894,515
2022-08-23,San Mateo,081,765935,165063,164307,10427,174734,738
2022-08-23,Santa Barbara,083,443738,103757,103237,6687,109924,716
2022-08-23,Santa Clara,085,1922200,422664,421483,18452,439935,2454
2022-08-23,Santa Cruz,087,273765,61739,61387,3329,64716,270
2022-08-23,Shasta,089,179085,34335,34180,7189,41369,589
2022-08-23,Sierra,091,2930,302,301,60,361,5
2022-08-23,Siskiyou,093,43540,5150,5133,3270,8403,88
2022-08-23,Solano,095,438530,103104,102631,7654,110285,459
2022-08-23,Sonoma,097,501317,104951,104444,5178,109622,520
2022-08-23,Stanislaus,099,539301,135511,134894,21137,156031,1720
2022-08-23,Sutter,101,95872,23740,23673,2439,26112,228
2022-08-23,Tehama,103,63373,13378,13312,3009,16321,209
2022-08-23,Trinity,105,12862,1378,1369,367,1736,20
2022-08-23,Tulare,107,460477,119882,119644,35090,154734,1525
2022-08-23,Tuolumne,109,53932,15249,15140,906,16046,196
2022-08-23,Ventura,111,848112,204715,204064,15123,219187,1551
2022-08-23,Yolo,113,214977,46659,46665,4256,50921,333
2022-08-23,Yuba,115,75493,18487,18425,1646,20071,129
2022-08-22,Alameda,001,1643700,340009,338591,19297,357888,1976
2022-08-22,Alpine,003,1148,133,131,1,132,0
2022-08-22,Amador,005,37829,9807,9786,902,10688,89
2022-08-22,Butte,007,227075,38695,38458,8748,47206,449
2022-08-22,Calaveras,009,45235,8356,8334,507,8841,132
2022-08-22,Colusa,011,21464,3739,3722,1236,4958,22
2022-08-22,Contra Costa,013,1133247,245615,242633,20110,262743,1399
2022-08-22,Del Norte,015,27424,7307,7308,392,7700,55
2022-08-22,El Dorado,017,186661,31777,31682,4148,35830,225
2022-08-22,Fresno,019,978130,270320,269025,30312,299337,2822
2022-08-22,Glenn,021,27897,5454,5423,1835,7258,48
2022-08-22,Humboldt,023,135768,21254,21195,4797,25992,153
2022-08-22,Imperial,025,180216,64389,64271,15120,79391,951
2022-08-22,Inyo,027,18085,4441,4440,881,5321,59
2022-08-22,Kern,029,883053,216094,215225,60548,275773,2399
2022-08-22,Kings,031,150075,58401,58324,4000,62324,454
2022-08-22,Lake,033,64148,12515,12476,1137,13613,142
2022-08-22,Lassen,035,31185,9874,9867,974,10841,64
2022-08-22,Los Angeles,037,10098052,3226240,3211321,174758,3386079,32783
2022-08-22,Madera,039,155013,43039,42984,7969,50953,372
2022-08-22,Marin,041,260295,44204,44082,5146,49228,305
2022-08-22,Mariposa,043,17540,3021,3010,336,3346,31
2022-08-22,Mendocino,045,87422,15710,15623,4342,19965,134
2022-08-22,Merced,047,269075,71177,70665,11344,82009,849
2022-08-22,Modoc,049,8938,867,864,313,1177,11
2022-08-22,Mono,051,14174,3184,3181,242,3423,7
2022-08-22,Monterey,053,433212,92889,92590,20428,113018,760
2022-08-22,Napa,055,140530,31611,31602,1380,32982,156
2022-08-22,Nevada,057,99092,18592,18565,1754,20319,132
2022-08-22,Orange,059,3164182,656040,654893,60153,715046,7312
2022-08-22,Placer,061,380077,74425,74226,9321,83547,657
2022-08-22,Plumas,063,18699,3570,3555,430,3985,13
2022-08-22,Riverside,065,2383286,683925,681805,34259,716064,6573
2022-08-22,Sacramento,067,1510023,339803,339009,32842,371851,3208
2022-08-22,San Benito,069,59416,15794,15745,921,16666,103
2022-08-22,San Bernardino,071,2135413,660021,651496,30105,681601,8018
2022-08-22,San Diego,073,3302833,908316,906885,70076,976961,5453
2022-08-22,San Francisco,075,870044,175031,174731,11807,186538,974
2022-08-22,San Joaquin,077,732212,193932,193370,14203,207573,2288
2022-08-22,San Luis Obispo,079,281455,62190,61962,6917,68879,515
2022-08-22,San Mateo,081,765935,164922,164307,10415,174722,738
2022-08-22,Santa Barbara,083,443738,103635,103237,6669,109906,716
2022-08-22,Santa Clara,085,1922200,422239,421483,18425,439908,2454
2022-08-22,Santa Cruz,087,273765,61656,61387,3325,64712,270
2022-08-22,Shasta,089,179085,34319,34180,7179,41359,589
2022-08-22,Sierra,091,2930,302,301,60,361,5
2022-08-22,Siskiyou,093,43540,5146,5133,3268,8401,88
2022-08-22,Solano,095,438530,103015,102631,7641,110272,459
2022-08-22,Sonoma,097,501317,104871,104444,5162,109606,520
2022-08-22,Stanislaus,099,539301,135349,134894,21099,155993,1720
2022-08-22,Sutter,101,95872,23706,23673,2438,26111,228
2022-08-22,Tehama,103,63373,13372,13312,3006,16318,209
2022-08-22,Trinity,105,12862,1376,1369,365,1734,20
2022-08-22,Tulare,107,460477,119756,119644,34986,154630,1525
2022-08-22,Tuolumne,109,53932,15226,15140,906,16046,196
2022-08-22,Ventura,111,848112,204556,204064,15046,219110,1551
2022-08-22,Yolo,113,214977,46621,46665,4246,50911,333
2022-08-22,Yuba,115,75493,18460,18425,1642,20067,129
2022-08-21,Alameda,001,1643700,339581,337238,19274,356512,1970
2022-08-21,Alpine,003,1148,132,131,1,132,0
2022-08-21,Amador,005,37829,9800,9761,897,10658,89
2022-08-21,Butte,007,227075,38650,38316,8730,47046,449
2022-08-21,Calaveras,009,45235,8343,8313,505,8818,132
2022-08-21,Colusa,011,21464,3733,3718,1230,4948,22
2022-08-21,Contra Costa,013,1133247,245334,241665,20073,261738,1399
2022-08-21,Del Norte,015,27424,7300,7290,391,7681,55
2022-08-21,El Dorado,017,186661,31745,31600,4142,35742,225
2022-08-21,Fresno,019,978130,270045,268147,30224,298371,2822
2022-08-21,Glenn,021,27897,5450,5413,1834,7247,48
2022-08-21,Humboldt,023,135768,21230,21104,4779,25883,153
2022-08-21,Imperial,025,180216,64330,64092,15079,79171,951
2022-08-21,Inyo,027,18085,4441,4435,877,5312,59
2022-08-21,Kern,029,883053,215906,214656,60361,275017,2389
2022-08-21,Kings,031,150075,58330,58109,3989,62098,454
2022-08-21,Lake,033,64148,12493,12426,1133,13559,142
2022-08-21,Lassen,035,31185,9868,9843,973,10816,64
2022-08-21,Los Angeles,037,10098052,3222980,3200023,174353,3374376,32746
2022-08-21,Madera,039,155013,42989,42822,7931,50753,372
2022-08-21,Marin,041,260295,44156,43966,5126,49092,305
2022-08-21,Mariposa,043,17540,3020,3003,335,3338,31
2022-08-21,Mendocino,045,87422,15680,15578,4319,19897,134
2022-08-21,Merced,047,269075,71085,70449,11270,81719,846
2022-08-21,Modoc,049,8938,866,862,313,1175,11
2022-08-21,Mono,051,14174,3184,3177,240,3417,7
2022-08-21,Monterey,053,433212,92787,92287,20372,112659,760
2022-08-21,Napa,055,140530,31589,31534,1379,32913,156
2022-08-21,Nevada,057,99092,18581,18497,1749,20246,132
2022-08-21,Orange,059,3164182,655389,652703,60017,712720,7280
2022-08-21,Placer,061,380077,74364,74027,9316,83343,657
2022-08-21,Plumas,063,18699,3563,3550,430,3980,13
2022-08-21,Riverside,065,2383286,683095,679298,34174,713472,6574
2022-08-21,Sacramento,067,1510023,339434,337745,32772,370517,3208
2022-08-21,San Benito,069,59416,15771,15698,918,16616,103
2022-08-21,San Bernardino,071,2135413,659176,648583,30039,678622,8014
2022-08-21,San Diego,073,3302833,907460,904015,69995,974010,5448
2022-08-21,San Francisco,075,870044,174829,174151,11788,185939,973
2022-08-21,San Joaquin,077,732212,193686,192738,14168,206906,2288
2022-08-21,San Luis Obispo,079,281455,62141,61764,6889,68653,516
2022-08-21,San Mateo,081,765935,164767,163705,10407,174112,738
2022-08-21,Santa Barbara,083,443738,103508,102795,6641,109436,713
2022-08-21,Santa Clara,085,1922200,421713,419723,18393,438116,2437
2022-08-21,Santa Cruz,087,273765,61541,61098,3320,64418,269
2022-08-21,Shasta,089,179085,34280,34105,7164,41269,588
2022-08-21,Sierra,091,2930,302,298,60,358,4
2022-08-21,Siskiyou,093,43540,5145,5119,3261,8380,88
2022-08-21,Solano,095,438530,102931,102355,7630,109985,457
2022-08-21,Sonoma,097,501317,104765,104090,5148,109238,511
2022-08-21,Stanislaus,099,539301,135184,134407,21027,155434,1719
2022-08-21,Sutter,101,95872,23673,23587,2431,26018,228
2022-08-21,Tehama,103,63373,13361,13289,3002,16291,209
2022-08-21,Trinity,105,12862,1374,1366,364,1730,20
2022-08-21,Tulare,107,460477,119632,119251,34832,154083,1521
2022-08-21,Tuolumne,109,53932,15210,15085,904,15989,196
2022-08-21,Ventura,111,848112,204330,203318,14969,218287,1547
2022-08-21,Yolo,113,214977,46581,46567,4241,50808,333
2022-08-21,Yuba,115,75493,18438,18363,1635,19998,129
2022-08-20,Alameda,001,1643700,339370,337238,19257,356495,1970
2022-08-20,Alpine,003,1148,132,131,1,132,0
2022-08-20,Amador,005,37829,9797,9761,897,10658,89
2022-08-20,Butte,007,227075,38622,38316,8725,47041,449
2022-08-20,Calaveras,009,45235,8340,8313,504,8817,132
2022-08-20,Colusa,011,21464,3729,3718,1224,4942,22
2022-08-20,Contra Costa,013,1133247,245199,241665,20058,261723,1399
2022-08-20,Del Norte,015,27424,7299,7290,391,7681,55
2022-08-20,El Dorado,017,186661,31726,31600,4140,35740,225
2022-08-20,Fresno,019,978130,269903,268147,30199,298346,2822
2022-08-20,Glenn,021,27897,5447,5413,1834,7247,48
2022-08-20,Humboldt,023,135768,21214,21104,4764,25868,153
2022-08-20,Imperial,025,180216,64295,64092,15059,79151,951
2022-08-20,Inyo,027,18085,4441,4435,877,5312,59
2022-08-20,Kern,029,883053,215818,214656,60237,274893,2389
2022-08-20,Kings,031,150075,58303,58109,3984,62093,454
2022-08-20,Lake,033,64148,12483,12426,1129,13555,142
2022-08-20,Lassen,035,31185,9865,9843,973,10816,64
2022-08-20,Los Angeles,037,10098052,3221393,3200023,174127,3374150,32746
2022-08-20,Madera,039,155013,42966,42822,7924,50746,372
2022-08-20,Marin,041,260295,44138,43966,5124,49090,305
2022-08-20,Mariposa,043,17540,3020,3003,335,3338,31
2022-08-20,Mendocino,045,87422,15666,15578,4316,19894,134
2022-08-20,Merced,047,269075,71062,70449,11262,81711,846
2022-08-20,Modoc,049,8938,866,862,313,1175,11
2022-08-20,Mono,051,14174,3184,3177,238,3415,7
2022-08-20,Monterey,053,433212,92742,92287,20343,112630,760
2022-08-20,Napa,055,140530,31581,31534,1379,32913,156
2022-08-20,Nevada,057,99092,18578,18497,1747,20244,132
2022-08-20,Orange,059,3164182,655071,652703,59931,712634,7280
2022-08-20,Placer,061,380077,74317,74027,9310,83337,657
2022-08-20,Plumas,063,18699,3563,3550,430,3980,13
2022-08-20,Riverside,065,2383286,682672,679298,34143,713441,6574
2022-08-20,Sacramento,067,1510023,339272,337745,32751,370496,3208
2022-08-20,San Benito,069,59416,15752,15698,915,16613,103
2022-08-20,San Bernardino,071,2135413,658759,648583,29998,678581,8014
2022-08-20,San Diego,073,3302833,907075,904015,69969,973984,5448
2022-08-20,San Francisco,075,870044,174707,174151,11787,185938,973
2022-08-20,San Joaquin,077,732212,193587,192738,14141,206879,2288
2022-08-20,San Luis Obispo,079,281455,62123,61764,6881,68645,516
2022-08-20,San Mateo,081,765935,164668,163705,10402,174107,738
2022-08-20,Santa Barbara,083,443738,103438,102795,6633,109428,713
2022-08-20,Santa Clara,085,1922200,421446,419723,18377,438100,2437
2022-08-20,Santa Cruz,087,273765,61513,61098,3314,64412,269
2022-08-20,Shasta,089,179085,34255,34105,7162,41267,588
2022-08-20,Sierra,091,2930,302,298,60,358,4
2022-08-20,Siskiyou,093,43540,5140,5119,3260,8379,88
2022-08-20,Solano,095,438530,102885,102355,7623,109978,457
2022-08-20,Sonoma,097,501317,104715,104090,5142,109232,511
2022-08-20,Stanislaus,099,539301,135095,134407,21010,155417,1719
2022-08-20,Sutter,101,95872,23645,23587,2431,26018,228
2022-08-20,Tehama,103,63373,13355,13289,3000,16289,209
2022-08-20,Trinity,105,12862,1374,1366,364,1730,20
2022-08-20,Tulare,107,460477,119552,119251,34779,154030,1521
2022-08-20,Tuolumne,109,53932,15201,15085,902,15987,196
2022-08-20,Ventura,111,848112,204222,203318,14952,218270,1547
2022-08-20,Yolo,113,214977,46553,46567,4233,50800,333
2022-08-20,Yuba,115,75493,18431,18363,1634,19997,129
2022-08-19,Alameda,001,1643700,339161,337238,19234,356472,1970
2022-08-19,Alpine,003,1148,132,131,1,132,0
2022-08-19,Amador,005,37829,9796,9761,897,10658,89
2022-08-19,Butte,007,227075,38601,38316,8714,47030,449
2022-08-19,Calaveras,009,45235,8335,8313,504,8817,132
2022-08-19,Colusa,011,21464,3728,3718,1223,4941,22
2022-08-19,Contra Costa,013,1133247,245059,241665,20044,261709,1399
2022-08-19,Del Norte,015,27424,7294,7290,391,7681,55
2022-08-19,El Dorado,017,186661,31714,31600,4136,35736,225
2022-08-19,Fresno,019,978130,269740,268147,30173,298320,2822
2022-08-19,Glenn,021,27897,5446,5413,1834,7247,48
2022-08-19,Humboldt,023,135768,21204,21104,4754,25858,153
2022-08-19,Imperial,025,180216,64267,64092,15044,79136,951
2022-08-19,Inyo,027,18085,4441,4435,873,5308,59
2022-08-19,Kern,029,883053,215729,214656,60145,274801,2389
2022-08-19,Kings,031,150075,58260,58109,3977,62086,454
2022-08-19,Lake,033,64148,12471,12426,1126,13552,142
2022-08-19,Lassen,035,31185,9862,9843,973,10816,64
2022-08-19,Los Angeles,037,10098052,3219568,3200023,173905,3373928,32746
2022-08-19,Madera,039,155013,42944,42822,7920,50742,372
2022-08-19,Marin,041,260295,44103,43966,5118,49084,305
2022-08-19,Mariposa,043,17540,3018,3003,335,3338,31
2022-08-19,Mendocino,045,87422,15654,15578,4307,19885,134
2022-08-19,Merced,047,269075,71022,70449,11257,81706,846
2022-08-19,Modoc,049,8938,866,862,313,1175,11
2022-08-19,Mono,051,14174,3184,3177,238,3415,7
2022-08-19,Monterey,053,433212,92688,92287,20313,112600,760
2022-08-19,Napa,055,140530,31564,31534,1377,32911,156
2022-08-19,Nevada,057,99092,18574,18497,1745,20242,132
2022-08-19,Orange,059,3164182,654710,652703,59846,712549,7280
2022-08-19,Placer,061,380077,74281,74027,9303,83330,657
2022-08-19,Plumas,063,18699,3562,3550,430,3980,13
2022-08-19,Riverside,065,2383286,682254,679298,34112,713410,6574
2022-08-19,Sacramento,067,1510023,339083,337745,32730,370475,3208
2022-08-19,San Benito,069,59416,15749,15698,914,16612,103
2022-08-19,San Bernardino,071,2135413,658309,648583,29981,678564,8014
2022-08-19,San Diego,073,3302833,906580,904015,69916,973931,5448
2022-08-19,San Francisco,075,870044,174566,174151,11770,185921,973
2022-08-19,San Joaquin,077,732212,193486,192738,14122,206860,2288
2022-08-19,San Luis Obispo,079,281455,62108,61764,6879,68643,516
2022-08-19,San Mateo,081,765935,164554,163705,10397,174102,738
2022-08-19,Santa Barbara,083,443738,103359,102795,6628,109423,713
2022-08-19,Santa Clara,085,1922200,421136,419723,18361,438084,2437
2022-08-19,Santa Cruz,087,273765,61450,61098,3309,64407,269
2022-08-19,Shasta,089,179085,34239,34105,7162,41267,588
2022-08-19,Sierra,091,2930,302,298,60,358,4
2022-08-19,Siskiyou,093,43540,5133,5119,3260,8379,88
2022-08-19,Solano,095,438530,102828,102355,7616,109971,457
2022-08-19,Sonoma,097,501317,104656,104090,5138,109228,511
2022-08-19,Stanislaus,099,539301,135013,134407,20993,155400,1719
2022-08-19,Sutter,101,95872,23628,23587,2430,26017,228
2022-08-19,Tehama,103,63373,13345,13289,2994,16283,209
2022-08-19,Trinity,105,12862,1373,1366,364,1730,20
2022-08-19,Tulare,107,460477,119467,119251,34727,153978,1521
2022-08-19,Tuolumne,109,53932,15194,15085,901,15986,196
2022-08-19,Ventura,111,848112,204097,203318,14930,218248,1547
2022-08-19,Yolo,113,214977,46531,46567,4230,50797,333
2022-08-19,Yuba,115,75493,18416,18363,1634,19997,129
2022-08-18,Alameda,001,1643700,338866,337238,19199,356437,1970
2022-08-18,Alpine,003,1148,131,131,1,132,0
2022-08-18,Amador,005,37829,9791,9761,896,10657,89
2022-08-18,Butte,007,227075,38572,38316,8699,47015,449
2022-08-18,Calaveras,009,45235,8330,8313,504,8817,132
2022-08-18,Colusa,011,21464,3728,3718,1219,4937,22
2022-08-18,Contra Costa,013,1133247,244852,241665,20012,261677,1399
2022-08-18,Del Norte,015,27424,7289,7290,390,7680,55
2022-08-18,El Dorado,017,186661,31699,31600,4133,35733,225
2022-08-18,Fresno,019,978130,269521,268147,30112,298259,2822
2022-08-18,Glenn,021,27897,5441,5413,1833,7246,48
2022-08-18,Humboldt,023,135768,21180,21104,4726,25830,153
2022-08-18,Imperial,025,180216,64243,64092,15002,79094,951
2022-08-18,Inyo,027,18085,4440,4435,868,5303,59
2022-08-18,Kern,029,883053,215580,214656,60014,274670,2389
2022-08-18,Kings,031,150075,58215,58109,3966,62075,454
2022-08-18,Lake,033,64148,12459,12426,1123,13549,142
2022-08-18,Lassen,035,31185,9861,9843,972,10815,64
2022-08-18,Los Angeles,037,10098052,3217093,3200023,173619,3373642,32746
2022-08-18,Madera,039,155013,42904,42822,7901,50723,372
2022-08-18,Marin,041,260295,44071,43966,5107,49073,305
2022-08-18,Mariposa,043,17540,3016,3003,335,3338,31
2022-08-18,Mendocino,045,87422,15640,15578,4306,19884,134
2022-08-18,Merced,047,269075,70945,70449,11221,81670,846
2022-08-18,Modoc,049,8938,866,862,313,1175,11
2022-08-18,Mono,051,14174,3182,3177,237,3414,7
2022-08-18,Monterey,053,433212,92602,92287,20275,112562,760
2022-08-18,Napa,055,140530,31544,31534,1377,32911,156
2022-08-18,Nevada,057,99092,18558,18497,1740,20237,132
2022-08-18,Orange,059,3164182,654247,652703,59735,712438,7280
2022-08-18,Placer,061,380077,74226,74027,9300,83327,657
2022-08-18,Plumas,063,18699,3558,3550,430,3980,13
2022-08-18,Riverside,065,2383286,681676,679298,34063,713361,6574
2022-08-18,Sacramento,067,1510023,338784,337745,32672,370417,3208
2022-08-18,San Benito,069,59416,15737,15698,911,16609,103
2022-08-18,San Bernardino,071,2135413,657640,648583,29926,678509,8014
2022-08-18,San Diego,073,3302833,905932,904015,69841,973856,5448
2022-08-18,San Francisco,075,870044,174416,174151,11746,185897,973
2022-08-18,San Joaquin,077,732212,193316,192738,14093,206831,2288
2022-08-18,San Luis Obispo,079,281455,62066,61764,6864,68628,516
2022-08-18,San Mateo,081,765935,164375,163705,10388,174093,738
2022-08-18,Santa Barbara,083,443738,103253,102795,6616,109411,713
2022-08-18,Santa Clara,085,1922200,420701,419723,18330,438053,2437
2022-08-18,Santa Cruz,087,273765,61379,61098,3303,64401,269
2022-08-18,Shasta,089,179085,34219,34105,7157,41262,588
2022-08-18,Sierra,091,2930,301,298,60,358,4
2022-08-18,Siskiyou,093,43540,5131,5119,3258,8377,88
2022-08-18,Solano,095,438530,102757,102355,7606,109961,457
2022-08-18,Sonoma,097,501317,104570,104090,5128,109218,511
2022-08-18,Stanislaus,099,539301,134885,134407,20959,155366,1719
2022-08-18,Sutter,101,95872,23607,23587,2428,26015,228
2022-08-18,Tehama,103,63373,13338,13289,2990,16279,209
2022-08-18,Trinity,105,12862,1372,1366,361,1727,20
2022-08-18,Tulare,107,460477,119371,119251,34630,153881,1521
2022-08-18,Tuolumne,109,53932,15153,15085,896,15981,196
2022-08-18,Ventura,111,848112,203924,203318,14888,218206,1547
2022-08-18,Yolo,113,214977,46507,46567,4221,50788,333
2022-08-18,Yuba,115,75493,18396,18363,1631,19994,129
2022-08-17,Alameda,001,1643700,338533,336198,19165,355363,1948
2022-08-17,Alpine,003,1148,131,131,1,132,0
2022-08-17,Amador,005,37829,9783,9728,896,10624,89
2022-08-17,Butte,007,227075,38533,38203,8687,46890,447
2022-08-17,Calaveras,009,45235,8323,8295,501,8796,131
2022-08-17,Colusa,011,21464,3727,3716,1217,4933,22
2022-08-17,Contra Costa,013,1133247,244626,240894,19976,260870,1394
2022-08-17,Del Norte,015,27424,7285,7274,390,7664,55
2022-08-17,El Dorado,017,186661,31681,31523,4129,35652,225
2022-08-17,Fresno,019,978130,269293,267367,30046,297413,2818
2022-08-17,Glenn,021,27897,5440,5403,1831,7234,48
2022-08-17,Humboldt,023,135768,21157,21029,4711,25740,153
2022-08-17,Imperial,025,180216,64201,63972,14971,78943,950
2022-08-17,Inyo,027,18085,4438,4421,865,5286,58
2022-08-17,Kern,029,883053,215449,214040,59884,273924,2389
2022-08-17,Kings,031,150075,58151,57948,3963,61911,454
2022-08-17,Lake,033,64148,12449,12383,1122,13505,142
2022-08-17,Lassen,035,31185,9852,9813,972,10785,64
2022-08-17,Los Angeles,037,10098052,3214296,3190808,173294,3364102,32701
2022-08-17,Madera,039,155013,42855,42677,7864,50541,372
2022-08-17,Marin,041,260295,44038,43852,5103,48955,305
2022-08-17,Mariposa,043,17540,3012,2998,334,3332,31
2022-08-17,Mendocino,045,87422,15630,15504,4300,19804,132
2022-08-17,Merced,047,269075,70887,70232,11177,81409,843
2022-08-17,Modoc,049,8938,865,857,313,1170,11
2022-08-17,Mono,051,14174,3182,3175,237,3412,7
2022-08-17,Monterey,053,433212,92538,91984,20221,112205,759
2022-08-17,Napa,055,140530,31529,31454,1375,32829,155
2022-08-17,Nevada,057,99092,18541,18443,1738,20181,132
2022-08-17,Orange,059,3164182,653641,650827,59616,710443,7266
2022-08-17,Placer,061,380077,74178,73852,9292,83144,655
2022-08-17,Plumas,063,18699,3556,3544,429,3973,13
2022-08-17,Riverside,065,2383286,681039,677437,34001,711438,6562
2022-08-17,Sacramento,067,1510023,338458,336667,32627,369294,3194
2022-08-17,San Benito,069,59416,15721,15655,910,16565,103
2022-08-17,San Bernardino,071,2135413,657007,646584,29867,676451,7999
2022-08-17,San Diego,073,3302833,905189,901794,69772,971566,5442
2022-08-17,San Francisco,075,870044,174280,173590,11734,185324,971
2022-08-17,San Joaquin,077,732212,193166,192078,14057,206135,2283
2022-08-17,San Luis Obispo,079,281455,62013,61604,6851,68455,514
2022-08-17,San Mateo,081,765935,164278,163218,10381,173599,738
2022-08-17,Santa Barbara,083,443738,103141,102430,6597,109027,712
2022-08-17,Santa Clara,085,1922200,420240,418231,18321,436552,2424
2022-08-17,Santa Cruz,087,273765,61290,60880,3297,64177,269
2022-08-17,Shasta,089,179085,34201,33984,7148,41132,587
2022-08-17,Sierra,091,2930,301,297,60,357,4
2022-08-17,Siskiyou,093,43540,5128,5102,3255,8357,88
2022-08-17,Solano,095,438530,102674,102115,7600,109715,459
2022-08-17,Sonoma,097,501317,104469,103844,5121,108965,504
2022-08-17,Stanislaus,099,539301,134740,133989,20921,154910,1715
2022-08-17,Sutter,101,95872,23573,23489,2422,25911,228
2022-08-17,Tehama,103,63373,13335,13259,2985,16244,209
2022-08-17,Trinity,105,12862,1372,1362,359,1721,20
2022-08-17,Tulare,107,460477,119263,118997,34523,153520,1521
2022-08-17,Tuolumne,109,53932,15145,15044,894,15938,196
2022-08-17,Ventura,111,848112,203744,202609,14832,217441,1546
2022-08-17,Yolo,113,214977,46475,46414,4216,50630,331
2022-08-17,Yuba,115,75493,18376,18305,1628,19933,129
2022-08-16,Alameda,001,1643700,338164,336198,19145,355343,1948
2022-08-16,Alpine,003,1148,131,131,1,132,0
2022-08-16,Amador,005,37829,9770,9728,891,10619,89
2022-08-16,Butte,007,227075,38501,38203,8672,46875,447
2022-08-16,Calaveras,009,45235,8315,8295,501,8796,131
2022-08-16,Colusa,011,21464,3726,3716,1215,4931,22
2022-08-16,Contra Costa,013,1133247,244390,240894,19934,260828,1394
2022-08-16,Del Norte,015,27424,7280,7274,390,7664,55
2022-08-16,El Dorado,017,186661,31661,31523,4122,35645,225
2022-08-16,Fresno,019,978130,269044,267367,29999,297366,2818
2022-08-16,Glenn,021,27897,5439,5403,1828,7231,48
2022-08-16,Humboldt,023,135768,21130,21029,4684,25713,153
2022-08-16,Imperial,025,180216,64150,63972,14933,78905,950
2022-08-16,Inyo,027,18085,4434,4421,861,5282,58
2022-08-16,Kern,029,883053,215313,214040,59741,273781,2389
2022-08-16,Kings,031,150075,58105,57948,3960,61908,454
2022-08-16,Lake,033,64148,12433,12383,1118,13501,142
2022-08-16,Lassen,035,31185,9839,9813,971,10784,64
2022-08-16,Los Angeles,037,10098052,3211228,3190808,172942,3363750,32701
2022-08-16,Madera,039,155013,42797,42677,7843,50520,372
2022-08-16,Marin,041,260295,44000,43852,5097,48949,305
2022-08-16,Mariposa,043,17540,3011,2998,333,3331,31
2022-08-16,Mendocino,045,87422,15612,15504,4286,19790,132
2022-08-16,Merced,047,269075,70810,70232,11132,81364,843
2022-08-16,Modoc,049,8938,865,857,313,1170,11
2022-08-16,Mono,051,14174,3182,3175,236,3411,7
2022-08-16,Monterey,053,433212,92459,91984,20149,112133,759
2022-08-16,Napa,055,140530,31510,31454,1374,32828,155
2022-08-16,Nevada,057,99092,18526,18443,1734,20177,132
2022-08-16,Orange,059,3164182,652978,650827,59482,710309,7266
2022-08-16,Placer,061,380077,74111,73852,9281,83133,655
2022-08-16,Plumas,063,18699,3554,3544,429,3973,13
2022-08-16,Riverside,065,2383286,680350,677437,33952,711389,6562
2022-08-16,Sacramento,067,1510023,338129,336667,32590,369257,3194
2022-08-16,San Benito,069,59416,15708,15655,906,16561,103
2022-08-16,San Bernardino,071,2135413,656282,646584,29795,676379,7999
2022-08-16,San Diego,073,3302833,904373,901794,69678,971472,5442
2022-08-16,San Francisco,075,870044,174118,173590,11728,185318,971
2022-08-16,San Joaquin,077,732212,192952,192078,14027,206105,2283
2022-08-16,San Luis Obispo,079,281455,61976,61604,6844,68448,514
2022-08-16,San Mateo,081,765935,164118,163218,10367,173585,738
2022-08-16,Santa Barbara,083,443738,103013,102430,6574,109004,712
2022-08-16,Santa Clara,085,1922200,419765,418231,18296,436527,2424
2022-08-16,Santa Cruz,087,273765,61237,60880,3293,64173,269
2022-08-16,Shasta,089,179085,34174,33984,7139,41123,587
2022-08-16,Sierra,091,2930,300,297,60,357,4
2022-08-16,Siskiyou,093,43540,5124,5102,3250,8352,88
2022-08-16,Solano,095,438530,102602,102115,7584,109699,459
2022-08-16,Sonoma,097,501317,104366,103844,5113,108957,504
2022-08-16,Stanislaus,099,539301,134605,133989,20859,154848,1715
2022-08-16,Sutter,101,95872,23549,23489,2416,25905,228
2022-08-16,Tehama,103,63373,13329,13259,2980,16239,209
2022-08-16,Trinity,105,12862,1369,1362,359,1721,20
2022-08-16,Tulare,107,460477,119176,118997,34403,153400,1521
2022-08-16,Tuolumne,109,53932,15131,15044,894,15938,196
2022-08-16,Ventura,111,848112,203515,202609,14776,217385,1546
2022-08-16,Yolo,113,214977,46456,46414,4211,50625,331
2022-08-16,Yuba,115,75493,18357,18305,1622,19927,129
2022-08-15,Alameda,001,1643700,337782,336198,19118,355316,1948
2022-08-15,Alpine,003,1148,131,131,1,132,0
2022-08-15,Amador,005,37829,9758,9728,891,10619,89
2022-08-15,Butte,007,227075,38479,38203,8653,46856,447
2022-08-15,Calaveras,009,45235,8313,8295,500,8795,131
2022-08-15,Colusa,011,21464,3723,3716,1214,4930,22
2022-08-15,Contra Costa,013,1133247,244109,240894,19900,260794,1394
2022-08-15,Del Norte,015,27424,7276,7274,389,7663,55
2022-08-15,El Dorado,017,186661,31631,31523,4115,35638,225
2022-08-15,Fresno,019,978130,268738,267367,29935,297302,2818
2022-08-15,Glenn,021,27897,5431,5403,1827,7230,48
2022-08-15,Humboldt,023,135768,21107,21029,4663,25692,153
2022-08-15,Imperial,025,180216,64103,63972,14896,78868,950
2022-08-15,Inyo,027,18085,4433,4421,859,5280,58
2022-08-15,Kern,029,883053,215129,214040,59606,273646,2389
2022-08-15,Kings,031,150075,58031,57948,3951,61899,454
2022-08-15,Lake,033,64148,12417,12383,1116,13499,142
2022-08-15,Lassen,035,31185,9838,9813,971,10784,64
2022-08-15,Los Angeles,037,10098052,3207814,3190808,172596,3363404,32701
2022-08-15,Madera,039,155013,42745,42677,7801,50478,372
2022-08-15,Marin,041,260295,43956,43852,5091,48943,305
2022-08-15,Mariposa,043,17540,3009,2998,332,3330,31
2022-08-15,Mendocino,045,87422,15595,15504,4279,19783,132
2022-08-15,Merced,047,269075,70745,70232,11078,81310,843
2022-08-15,Modoc,049,8938,861,857,313,1170,11
2022-08-15,Mono,051,14174,3180,3175,236,3411,7
2022-08-15,Monterey,053,433212,92349,91984,20079,112063,759
2022-08-15,Napa,055,140530,31485,31454,1374,32828,155
2022-08-15,Nevada,057,99092,18512,18443,1733,20176,132
2022-08-15,Orange,059,3164182,652268,650827,59356,710183,7266
2022-08-15,Placer,061,380077,74053,73852,9271,83123,655
2022-08-15,Plumas,063,18699,3550,3544,429,3973,13
2022-08-15,Riverside,065,2383286,679556,677437,33892,711329,6562
2022-08-15,Sacramento,067,1510023,337734,336667,32552,369219,3194
2022-08-15,San Benito,069,59416,15692,15655,904,16559,103
2022-08-15,San Bernardino,071,2135413,655453,646584,29719,676303,7999
2022-08-15,San Diego,073,3302833,903529,901794,69567,971361,5442
2022-08-15,San Francisco,075,870044,173938,173590,11723,185313,971
2022-08-15,San Joaquin,077,732212,192747,192078,13987,206065,2283
2022-08-15,San Luis Obispo,079,281455,61939,61604,6826,68430,514
2022-08-15,San Mateo,081,765935,163916,163218,10361,173579,738
2022-08-15,Santa Barbara,083,443738,102916,102430,6551,108981,712
2022-08-15,Santa Clara,085,1922200,419245,418231,18266,436497,2424
2022-08-15,Santa Cruz,087,273765,61157,60880,3288,64168,269
2022-08-15,Shasta,089,179085,34149,33984,7129,41113,587
2022-08-15,Sierra,091,2930,300,297,60,357,4
2022-08-15,Siskiyou,093,43540,5121,5102,3246,8348,88
2022-08-15,Solano,095,438530,102496,102115,7569,109684,459
2022-08-15,Sonoma,097,501317,104276,103844,5105,108949,504
2022-08-15,Stanislaus,099,539301,134465,133989,20824,154813,1715
2022-08-15,Sutter,101,95872,23517,23489,2414,25903,228
2022-08-15,Tehama,103,63373,13321,13259,2973,16232,209
2022-08-15,Trinity,105,12862,1366,1362,357,1719,20
2022-08-15,Tulare,107,460477,119045,118997,34286,153283,1521
2022-08-15,Tuolumne,109,53932,15123,15044,894,15938,196
2022-08-15,Ventura,111,848112,203265,202609,14711,217320,1546
2022-08-15,Yolo,113,214977,46422,46414,4208,50622,331
2022-08-15,Yuba,115,75493,18334,18305,1617,19922,129
2022-08-14,Alameda,001,1643700,337324,334944,19093,354037,1948
2022-08-14,Alpine,003,1148,131,131,1,132,0
2022-08-14,Amador,005,37829,9749,9705,889,10594,89
2022-08-14,Butte,007,227075,38429,38062,8637,46699,447
2022-08-14,Calaveras,009,45235,8304,8271,499,8770,131
2022-08-14,Colusa,011,21464,3723,3704,1211,4915,22
2022-08-14,Contra Costa,013,1133247,243841,239735,19847,259582,1393
2022-08-14,Del Norte,015,27424,7268,7245,387,7632,54
2022-08-14,El Dorado,017,186661,31600,31430,4110,35540,225
2022-08-14,Fresno,019,978130,268440,266211,29881,296092,2816
2022-08-14,Glenn,021,27897,5427,5393,1826,7219,48
2022-08-14,Humboldt,023,135768,21078,20954,4649,25603,153
2022-08-14,Imperial,025,180216,64038,63766,14854,78620,950
2022-08-14,Inyo,027,18085,4426,4418,855,5273,58
2022-08-14,Kern,029,883053,214946,213071,59433,272504,2380
2022-08-14,Kings,031,150075,57975,57748,3944,61692,454
2022-08-14,Lake,033,64148,12399,12324,1113,13437,142
2022-08-14,Lassen,035,31185,9818,9795,970,10765,64
2022-08-14,Los Angeles,037,10098052,3204253,3177769,172192,3349961,32657
2022-08-14,Madera,039,155013,42684,42517,7758,50275,372
2022-08-14,Marin,041,260295,43911,43662,5085,48747,305
2022-08-14,Mariposa,043,17540,3007,2986,331,3317,31
2022-08-14,Mendocino,045,87422,15576,15456,4272,19728,132
2022-08-14,Merced,047,269075,70639,69974,11012,80986,842
2022-08-14,Modoc,049,8938,860,856,313,1169,11
2022-08-14,Mono,051,14174,3178,3170,236,3406,7
2022-08-14,Monterey,053,433212,92225,91612,20005,111617,759
2022-08-14,Napa,055,140530,31448,31312,1373,32685,156
2022-08-14,Nevada,057,99092,18492,18398,1730,20128,132
2022-08-14,Orange,059,3164182,651540,648171,59205,707376,7248
2022-08-14,Placer,061,380077,73993,73588,9254,82842,656
2022-08-14,Plumas,063,18699,3548,3539,429,3968,13
2022-08-14,Riverside,065,2383286,678741,674362,33807,708169,6561
2022-08-14,Sacramento,067,1510023,337252,335292,32499,367791,3190
2022-08-14,San Benito,069,59416,15670,15578,895,16473,103
2022-08-14,San Bernardino,071,2135413,654588,643895,29646,673541,7983
2022-08-14,San Diego,073,3302833,902634,898646,69455,968101,5437
2022-08-14,San Francisco,075,870044,173724,172876,11709,184585,955
2022-08-14,San Joaquin,077,732212,192452,191272,13925,205197,2283
2022-08-14,San Luis Obispo,079,281455,61878,61403,6798,68201,512
2022-08-14,San Mateo,081,765935,163711,162531,10347,172878,738
2022-08-14,Santa Barbara,083,443738,102779,101942,6525,108467,712
2022-08-14,Santa Clara,085,1922200,418672,416369,18231,434600,2422
2022-08-14,Santa Cruz,087,273765,61052,60594,3281,63875,273
2022-08-14,Shasta,089,179085,34105,33895,7115,41010,584
2022-08-14,Sierra,091,2930,300,296,60,356,4
2022-08-14,Siskiyou,093,43540,5114,5086,3244,8330,88
2022-08-14,Solano,095,438530,102357,101761,7560,109321,458
2022-08-14,Sonoma,097,501317,104169,103496,5089,108585,504
2022-08-14,Stanislaus,099,539301,134284,133490,20768,154258,1702
2022-08-14,Sutter,101,95872,23475,23386,2410,25796,228
2022-08-14,Tehama,103,63373,13313,13213,2972,16185,209
2022-08-14,Trinity,105,12862,1365,1356,357,1713,20
2022-08-14,Tulare,107,460477,118896,118563,34165,152728,1520
2022-08-14,Tuolumne,109,53932,15103,14964,893,15857,196
2022-08-14,Ventura,111,848112,203001,201765,14668,216433,1541
2022-08-14,Yolo,113,214977,46375,46225,4204,50429,331
2022-08-14,Yuba,115,75493,18312,18232,1614,19846,129
2022-08-13,Alameda,001,1643700,337074,334944,19078,354022,1948
2022-08-13,Alpine,003,1148,131,131,1,132,0
2022-08-13,Amador,005,37829,9745,9705,889,10594,89
2022-08-13,Butte,007,227075,38405,38062,8626,46688,447
2022-08-13,Calaveras,009,45235,8300,8271,498,8769,131
2022-08-13,Colusa,011,21464,3720,3704,1211,4915,22
2022-08-13,Contra Costa,013,1133247,243676,239735,19821,259556,1393
2022-08-13,Del Norte,015,27424,7266,7245,387,7632,54
2022-08-13,El Dorado,017,186661,31587,31430,4109,35539,225
2022-08-13,Fresno,019,978130,268301,266211,29851,296062,2816
2022-08-13,Glenn,021,27897,5427,5393,1824,7217,48
2022-08-13,Humboldt,023,135768,21062,20954,4639,25593,153
2022-08-13,Imperial,025,180216,63997,63766,14836,78602,950
2022-08-13,Inyo,027,18085,4424,4418,854,5272,58
2022-08-13,Kern,029,883053,214855,213071,59353,272424,2380
2022-08-13,Kings,031,150075,57950,57748,3944,61692,454
2022-08-13,Lake,033,64148,12388,12324,1113,13437,142
2022-08-13,Lassen,035,31185,9812,9795,969,10764,64
2022-08-13,Los Angeles,037,10098052,3202391,3177769,171927,3349696,32657
2022-08-13,Madera,039,155013,42668,42517,7751,50268,372
2022-08-13,Marin,041,260295,43891,43662,5082,48744,305
2022-08-13,Mariposa,043,17540,3007,2986,330,3316,31
2022-08-13,Mendocino,045,87422,15564,15456,4269,19725,132
2022-08-13,Merced,047,269075,70601,69974,11006,80980,842
2022-08-13,Modoc,049,8938,860,856,313,1169,11
2022-08-13,Mono,051,14174,3178,3170,235,3405,7
2022-08-13,Monterey,053,433212,92160,91612,19970,111582,759
2022-08-13,Napa,055,140530,31435,31312,1371,32683,156
2022-08-13,Nevada,057,99092,18481,18398,1728,20126,132
2022-08-13,Orange,059,3164182,651149,648171,59130,707301,7248
2022-08-13,Placer,061,380077,73947,73588,9248,82836,656
2022-08-13,Plumas,063,18699,3546,3539,429,3968,13
2022-08-13,Riverside,065,2383286,678306,674362,33774,708136,6561
2022-08-13,Sacramento,067,1510023,337061,335292,32488,367780,3190
2022-08-13,San Benito,069,59416,15664,15578,889,16467,103
2022-08-13,San Bernardino,071,2135413,654120,643895,29616,673511,7983
2022-08-13,San Diego,073,3302833,902181,898646,69412,968058,5437
2022-08-13,San Francisco,075,870044,173607,172876,11703,184579,955
2022-08-13,San Joaquin,077,732212,192328,191272,13902,205174,2283
2022-08-13,San Luis Obispo,079,281455,61859,61403,6793,68196,512
2022-08-13,San Mateo,081,765935,163599,162531,10335,172866,738
2022-08-13,Santa Barbara,083,443738,102701,101942,6510,108452,712
2022-08-13,Santa Clara,085,1922200,418357,416369,18210,434579,2422
2022-08-13,Santa Cruz,087,273765,61015,60594,3275,63869,273
2022-08-13,Shasta,089,179085,34067,33895,7111,41006,584
2022-08-13,Sierra,091,2930,300,296,60,356,4
2022-08-13,Siskiyou,093,43540,5112,5086,3241,8327,88
2022-08-13,Solano,095,438530,102317,101761,7552,109313,458
2022-08-13,Sonoma,097,501317,104117,103496,5088,108584,504
2022-08-13,Stanislaus,099,539301,134183,133490,20744,154234,1702
2022-08-13,Sutter,101,95872,23461,23386,2410,25796,228
2022-08-13,Tehama,103,63373,13308,13213,2971,16184,209
2022-08-13,Trinity,105,12862,1364,1356,357,1713,20
2022-08-13,Tulare,107,460477,118825,118563,34108,152671,1520
2022-08-13,Tuolumne,109,53932,15089,14964,888,15852,196
2022-08-13,Ventura,111,848112,202838,201765,14653,216418,1541
2022-08-13,Yolo,113,214977,46347,46225,4201,50426,331
2022-08-13,Yuba,115,75493,18303,18232,1612,19844,129
2022-08-12,Alameda,001,1643700,336826,334944,19064,354008,1948
2022-08-12,Alpine,003,1148,131,131,1,132,0
2022-08-12,Amador,005,37829,9735,9705,886,10591,89
2022-08-12,Butte,007,227075,38385,38062,8617,46679,447
2022-08-12,Calaveras,009,45235,8292,8271,495,8766,131
2022-08-12,Colusa,011,21464,3717,3704,1211,4915,22
2022-08-12,Contra Costa,013,1133247,243508,239735,19803,259538,1393
2022-08-12,Del Norte,015,27424,7262,7245,387,7632,54
2022-08-12,El Dorado,017,186661,31569,31430,4105,35535,225
2022-08-12,Fresno,019,978130,268094,266211,29824,296035,2816
2022-08-12,Glenn,021,27897,5427,5393,1824,7217,48
2022-08-12,Humboldt,023,135768,21040,20954,4631,25585,153
2022-08-12,Imperial,025,180216,63970,63766,14821,78587,950
2022-08-12,Inyo,027,18085,4423,4418,852,5270,58
2022-08-12,Kern,029,883053,214756,213071,59265,272336,2380
2022-08-12,Kings,031,150075,57930,57748,3942,61690,454
2022-08-12,Lake,033,64148,12384,12324,1110,13434,142
2022-08-12,Lassen,035,31185,9810,9795,969,10764,64
2022-08-12,Los Angeles,037,10098052,3200299,3177769,171676,3349445,32657
2022-08-12,Madera,039,155013,42639,42517,7745,50262,372
2022-08-12,Marin,041,260295,43861,43662,5074,48736,305
2022-08-12,Mariposa,043,17540,3007,2986,330,3316,31
2022-08-12,Mendocino,045,87422,15553,15456,4261,19717,132
2022-08-12,Merced,047,269075,70568,69974,10999,80973,842
2022-08-12,Modoc,049,8938,860,856,313,1169,11
2022-08-12,Mono,051,14174,3178,3170,235,3405,7
2022-08-12,Monterey,053,433212,92103,91612,19937,111549,759
2022-08-12,Napa,055,140530,31414,31312,1370,32682,156
2022-08-12,Nevada,057,99092,18477,18398,1726,20124,132
2022-08-12,Orange,059,3164182,650736,648171,59036,707207,7248
2022-08-12,Placer,061,380077,73896,73588,9238,82826,656
2022-08-12,Plumas,063,18699,3544,3539,429,3968,13
2022-08-12,Riverside,065,2383286,677885,674362,33741,708103,6561
2022-08-12,Sacramento,067,1510023,336846,335292,32471,367763,3190
2022-08-12,San Benito,069,59416,15647,15578,888,16466,103
2022-08-12,San Bernardino,071,2135413,653713,643895,29599,673494,7983
2022-08-12,San Diego,073,3302833,901653,898646,69337,967983,5437
2022-08-12,San Francisco,075,870044,173480,172876,11695,184571,955
2022-08-12,San Joaquin,077,732212,192203,191272,13884,205156,2283
2022-08-12,San Luis Obispo,079,281455,61836,61403,6787,68190,512
2022-08-12,San Mateo,081,765935,163470,162531,10330,172861,738
2022-08-12,Santa Barbara,083,443738,102619,101942,6505,108447,712
2022-08-12,Santa Clara,085,1922200,418014,416369,18189,434558,2422
2022-08-12,Santa Cruz,087,273765,60962,60594,3273,63867,273
2022-08-12,Shasta,089,179085,34053,33895,7103,40998,584
2022-08-12,Sierra,091,2930,298,296,59,355,4
2022-08-12,Siskiyou,093,43540,5109,5086,3241,8327,88
2022-08-12,Solano,095,438530,102244,101761,7541,109302,458
2022-08-12,Sonoma,097,501317,104059,103496,5087,108583,504
2022-08-12,Stanislaus,099,539301,134097,133490,20732,154222,1702
2022-08-12,Sutter,101,95872,23446,23386,2410,25796,228
2022-08-12,Tehama,103,63373,13300,13213,2970,16183,209
2022-08-12,Trinity,105,12862,1361,1356,356,1712,20
2022-08-12,Tulare,107,460477,118766,118563,34050,152613,1520
2022-08-12,Tuolumne,109,53932,15082,14964,887,15851,196
2022-08-12,Ventura,111,848112,202693,201765,14635,216400,1541
2022-08-12,Yolo,113,214977,46325,46225,4196,50421,331
2022-08-12,Yuba,115,75493,18292,18232,1611,19843,129
2022-08-11,Alameda,001,1643700,336504,334944,19031,353975,1948
2022-08-11,Alpine,003,1148,131,131,1,132,0
2022-08-11,Amador,005,37829,9732,9705,883,10588,89
2022-08-11,Butte,007,227075,38349,38062,8603,46665,447
2022-08-11,Calaveras,009,45235,8286,8271,493,8764,131
2022-08-11,Colusa,011,21464,3714,3704,1210,4914,22
2022-08-11,Contra Costa,013,1133247,243251,239735,19769,259504,1393
2022-08-11,Del Norte,015,27424,7256,7245,385,7630,54
2022-08-11,El Dorado,017,186661,31538,31430,4098,35528,225
2022-08-11,Fresno,019,978130,267846,266211,29777,295988,2816
2022-08-11,Glenn,021,27897,5425,5393,1823,7216,48
2022-08-11,Humboldt,023,135768,21010,20954,4622,25576,153
2022-08-11,Imperial,025,180216,63923,63766,14776,78542,950
2022-08-11,Inyo,027,18085,4421,4418,847,5265,58
2022-08-11,Kern,029,883053,214577,213071,59121,272192,2380
2022-08-11,Kings,031,150075,57872,57748,3935,61683,454
2022-08-11,Lake,033,64148,12374,12324,1109,13433,142
2022-08-11,Lassen,035,31185,9805,9795,969,10764,64
2022-08-11,Los Angeles,037,10098052,3197322,3177769,171300,3349069,32657
2022-08-11,Madera,039,155013,42593,42517,7719,50236,372
2022-08-11,Marin,041,260295,43822,43662,5067,48729,305
2022-08-11,Mariposa,043,17540,3007,2986,327,3313,31
2022-08-11,Mendocino,045,87422,15542,15456,4258,19714,132
2022-08-11,Merced,047,269075,70516,69974,10963,80937,842
2022-08-11,Modoc,049,8938,859,856,313,1169,11
2022-08-11,Mono,051,14174,3178,3170,235,3405,7
2022-08-11,Monterey,053,433212,92003,91612,19882,111494,759
2022-08-11,Napa,055,140530,31376,31312,1368,32680,156
2022-08-11,Nevada,057,99092,18459,18398,1722,20120,132
2022-08-11,Orange,059,3164182,650085,648171,58899,707070,7248
2022-08-11,Placer,061,380077,73830,73588,9228,82816,656
2022-08-11,Plumas,063,18699,3543,3539,428,3967,13
2022-08-11,Riverside,065,2383286,677279,674362,33695,708057,6561
2022-08-11,Sacramento,067,1510023,336535,335292,32437,367729,3190
2022-08-11,San Benito,069,59416,15631,15578,887,16465,103
2022-08-11,San Bernardino,071,2135413,652967,643895,29548,673443,7983
2022-08-11,San Diego,073,3302833,900879,898646,69211,967857,5437
2022-08-11,San Francisco,075,870044,173323,172876,11678,184554,955
2022-08-11,San Joaquin,077,732212,192013,191272,13855,205127,2283
2022-08-11,San Luis Obispo,079,281455,61787,61403,6760,68163,512
2022-08-11,San Mateo,081,765935,163308,162531,10318,172849,738
2022-08-11,Santa Barbara,083,443738,102511,101942,6483,108425,712
2022-08-11,Santa Clara,085,1922200,417583,416369,18167,434536,2422
2022-08-11,Santa Cruz,087,273765,60897,60594,3269,63863,273
2022-08-11,Shasta,089,179085,34034,33895,7089,40984,584
2022-08-11,Sierra,091,2930,297,296,59,355,4
2022-08-11,Siskiyou,093,43540,5106,5086,3237,8323,88
2022-08-11,Solano,095,438530,102177,101761,7528,109289,458
2022-08-11,Sonoma,097,501317,103965,103496,5080,108576,504
2022-08-11,Stanislaus,099,539301,133940,133490,20691,154181,1702
2022-08-11,Sutter,101,95872,23416,23386,2410,25796,228
2022-08-11,Tehama,103,63373,13292,13213,2970,16183,209
2022-08-11,Trinity,105,12862,1361,1356,355,1711,20
2022-08-11,Tulare,107,460477,118669,118563,33961,152524,1520
2022-08-11,Tuolumne,109,53932,15074,14964,885,15849,196
2022-08-11,Ventura,111,848112,202491,201765,14598,216363,1541
2022-08-11,Yolo,113,214977,46291,46225,4192,50417,331
2022-08-11,Yuba,115,75493,18269,18232,1608,19840,129
2022-08-10,Alameda,001,1643700,336108,333587,19006,352593,1944
2022-08-10,Alpine,003,1148,131,131,1,132,0
2022-08-10,Amador,005,37829,9727,9677,880,10557,88
2022-08-10,Butte,007,227075,38314,37892,8593,46485,446
2022-08-10,Calaveras,009,45235,8280,8251,490,8741,130
2022-08-10,Colusa,011,21464,3710,3700,1210,4910,22
2022-08-10,Contra Costa,013,1133247,243002,238658,19728,258386,1382
2022-08-10,Del Norte,015,27424,7251,7220,385,7605,54
2022-08-10,El Dorado,017,186661,31512,31354,4083,35437,225
2022-08-10,Fresno,019,978130,267576,265300,29714,295014,2815
2022-08-10,Glenn,021,27897,5423,5387,1820,7207,48
2022-08-10,Humboldt,023,135768,20996,20843,4604,25447,153
2022-08-10,Imperial,025,180216,63864,63532,14734,78266,949
2022-08-10,Inyo,027,18085,4421,4416,846,5262,57
2022-08-10,Kern,029,883053,214398,212602,58980,271582,2380
2022-08-10,Kings,031,150075,57825,57569,3932,61501,453
2022-08-10,Lake,033,64148,12360,12281,1109,13390,142
2022-08-10,Lassen,035,31185,9798,9682,969,10651,64
2022-08-10,Los Angeles,037,10098052,3194109,3168105,170934,3339039,32609
2022-08-10,Madera,039,155013,42556,42350,7703,50053,372
2022-08-10,Marin,041,260295,43776,43532,5064,48596,302
2022-08-10,Mariposa,043,17540,3006,2980,327,3307,31
2022-08-10,Mendocino,045,87422,15528,15394,4256,19650,132
2022-08-10,Merced,047,269075,70444,69740,10938,80678,839
2022-08-10,Modoc,049,8938,858,855,312,1167,11
2022-08-10,Mono,051,14174,3176,3165,235,3400,7
2022-08-10,Monterey,053,433212,91902,91307,19816,111123,758
2022-08-10,Napa,055,140530,31338,31223,1367,32590,153
2022-08-10,Nevada,057,99092,18445,18354,1720,20074,132
2022-08-10,Orange,059,3164182,649372,646005,58777,704782,7235
2022-08-10,Placer,061,380077,73774,73348,9219,82567,650
2022-08-10,Plumas,063,18699,3541,3525,428,3953,13
2022-08-10,Riverside,065,2383286,676558,672334,33634,705968,6555
2022-08-10,Sacramento,067,1510023,336208,334382,32407,366789,3177
2022-08-10,San Benito,069,59416,15602,15507,880,16387,101
2022-08-10,San Bernardino,071,2135413,652325,641936,29494,671430,7977
2022-08-10,San Diego,073,3302833,900028,895482,69094,964576,5429
2022-08-10,San Francisco,075,870044,173158,172265,11660,183925,945
2022-08-10,San Joaquin,077,732212,191788,190596,13814,204410,2281
2022-08-10,San Luis Obispo,079,281455,61742,61207,6745,67952,510
2022-08-10,San Mateo,081,765935,163113,161882,10309,172191,738
2022-08-10,Santa Barbara,083,443738,102384,101558,6463,108021,711
2022-08-10,Santa Clara,085,1922200,417061,414659,18143,432802,2398
2022-08-10,Santa Cruz,087,273765,60816,60360,3267,63627,269
2022-08-10,Shasta,089,179085,34013,33816,7080,40896,584
2022-08-10,Sierra,091,2930,297,295,59,354,4
2022-08-10,Siskiyou,093,43540,5101,5074,3231,8305,87
2022-08-10,Solano,095,438530,102087,101393,7523,108916,457
2022-08-10,Sonoma,097,501317,103873,103168,5072,108240,501
2022-08-10,Stanislaus,099,539301,133801,133071,20658,153729,1702
2022-08-10,Sutter,101,95872,23388,23279,2408,25687,228
2022-08-10,Tehama,103,63373,13285,13187,2969,16156,209
2022-08-10,Trinity,105,12862,1360,1350,355,1705,20
2022-08-10,Tulare,107,460477,118584,118239,33882,152121,1520
2022-08-10,Tuolumne,109,53932,15039,14922,883,15805,196
2022-08-10,Ventura,111,848112,202267,201179,14560,215739,1539
2022-08-10,Yolo,113,214977,46257,46069,4185,50254,330
2022-08-10,Yuba,115,75493,18249,18179,1604,19783,129
2022-08-09,Alameda,001,1643700,335686,333587,18966,352553,1944
2022-08-09,Alpine,003,1148,131,131,1,132,0
2022-08-09,Amador,005,37829,9717,9677,879,10556,88
2022-08-09,Butte,007,227075,38276,37892,8582,46474,446
2022-08-09,Calaveras,009,45235,8273,8251,490,8741,130
2022-08-09,Colusa,011,21464,3707,3700,1209,4909,22
2022-08-09,Contra Costa,013,1133247,242726,238658,19683,258341,1382
2022-08-09,Del Norte,015,27424,7234,7220,384,7604,54
2022-08-09,El Dorado,017,186661,31483,31354,4077,35431,225
2022-08-09,Fresno,019,978130,267247,265300,29677,294977,2815
2022-08-09,Glenn,021,27897,5421,5387,1820,7207,48
2022-08-09,Humboldt,023,135768,20971,20843,4594,25437,153
2022-08-09,Imperial,025,180216,63801,63532,14677,78209,949
2022-08-09,Inyo,027,18085,4420,4416,842,5258,57
2022-08-09,Kern,029,883053,214206,212602,58844,271446,2380
2022-08-09,Kings,031,150075,57759,57569,3930,61499,453
2022-08-09,Lake,033,64148,12336,12281,1108,13389,142
2022-08-09,Lassen,035,31185,9792,9682,969,10651,64
2022-08-09,Los Angeles,037,10098052,3190608,3168105,170553,3338658,32609
2022-08-09,Madera,039,155013,42502,42350,7691,50041,372
2022-08-09,Marin,041,260295,43721,43532,5060,48592,302
2022-08-09,Mariposa,043,17540,3002,2980,326,3306,31
2022-08-09,Mendocino,045,87422,15510,15394,4246,19640,132
2022-08-09,Merced,047,269075,70380,69740,10909,80649,839
2022-08-09,Modoc,049,8938,858,855,311,1166,11
2022-08-09,Mono,051,14174,3176,3165,234,3399,7
2022-08-09,Monterey,053,433212,91790,91307,19751,111058,758
2022-08-09,Napa,055,140530,31310,31223,1365,32588,153
2022-08-09,Nevada,057,99092,18433,18354,1718,20072,132
2022-08-09,Orange,059,3164182,648550,646005,58627,704632,7235
2022-08-09,Placer,061,380077,73709,73348,9211,82559,650
2022-08-09,Plumas,063,18699,3536,3525,428,3953,13
2022-08-09,Riverside,065,2383286,675806,672334,33579,705913,6555
2022-08-09,Sacramento,067,1510023,335787,334382,32374,366756,3177
2022-08-09,San Benito,069,59416,15585,15507,875,16382,101
2022-08-09,San Bernardino,071,2135413,651645,641936,29429,671365,7977
2022-08-09,San Diego,073,3302833,899126,895482,68965,964447,5429
2022-08-09,San Francisco,075,870044,172901,172265,11641,183906,945
2022-08-09,San Joaquin,077,732212,191574,190596,13774,204370,2281
2022-08-09,San Luis Obispo,079,281455,61685,61207,6721,67928,510
2022-08-09,San Mateo,081,765935,162917,161882,10293,172175,738
2022-08-09,Santa Barbara,083,443738,102227,101558,6434,107992,711
2022-08-09,Santa Clara,085,1922200,416535,414659,18123,432782,2398
2022-08-09,Santa Cruz,087,273765,60742,60360,3258,63618,269
2022-08-09,Shasta,089,179085,33991,33816,7077,40893,584
2022-08-09,Sierra,091,2930,297,295,59,354,4
2022-08-09,Siskiyou,093,43540,5097,5074,3227,8301,87
2022-08-09,Solano,095,438530,101984,101393,7511,108904,457
2022-08-09,Sonoma,097,501317,103770,103168,5064,108232,501
2022-08-09,Stanislaus,099,539301,133659,133071,20626,153697,1702
2022-08-09,Sutter,101,95872,23358,23279,2406,25685,228
2022-08-09,Tehama,103,63373,13272,13187,2959,16146,209
2022-08-09,Trinity,105,12862,1358,1350,354,1704,20
2022-08-09,Tulare,107,460477,118472,118239,33796,152035,1520
2022-08-09,Tuolumne,109,53932,15023,14922,883,15805,196
2022-08-09,Ventura,111,848112,202033,201179,14525,215704,1539
2022-08-09,Yolo,113,214977,46215,46069,4173,50242,330
2022-08-09,Yuba,115,75493,18230,18179,1594,19773,129
2022-08-08,Alameda,001,1643700,335229,333587,18924,352511,1944
2022-08-08,Alpine,003,1148,131,131,1,132,0
2022-08-08,Amador,005,37829,9711,9677,878,10555,88
2022-08-08,Butte,007,227075,38223,37892,8568,46460,446
2022-08-08,Calaveras,009,45235,8268,8251,487,8738,130
2022-08-08,Colusa,011,21464,3707,3700,1208,4908,22
2022-08-08,Contra Costa,013,1133247,242354,238658,19635,258293,1382
2022-08-08,Del Norte,015,27424,7227,7220,383,7603,54
2022-08-08,El Dorado,017,186661,31454,31354,4070,35424,225
2022-08-08,Fresno,019,978130,266884,265300,29627,294927,2815
2022-08-08,Glenn,021,27897,5415,5387,1819,7206,48
2022-08-08,Humboldt,023,135768,20933,20843,4577,25420,153
2022-08-08,Imperial,025,180216,63742,63532,14609,78141,949
2022-08-08,Inyo,027,18085,4419,4416,841,5257,57
2022-08-08,Kern,029,883053,213951,212602,58690,271292,2380
2022-08-08,Kings,031,150075,57699,57569,3921,61490,453
2022-08-08,Lake,033,64148,12314,12281,1105,13386,142
2022-08-08,Lassen,035,31185,9779,9682,966,10648,64
2022-08-08,Los Angeles,037,10098052,3186963,3168105,170120,3338225,32609
2022-08-08,Madera,039,155013,42445,42350,7668,50018,372
2022-08-08,Marin,041,260295,43666,43532,5047,48579,302
2022-08-08,Mariposa,043,17540,2998,2980,322,3302,31
2022-08-08,Mendocino,045,87422,15496,15394,4236,19630,132
2022-08-08,Merced,047,269075,70309,69740,10881,80621,839
2022-08-08,Modoc,049,8938,857,855,311,1166,11
2022-08-08,Mono,051,14174,3176,3165,234,3399,7
2022-08-08,Monterey,053,433212,91690,91307,19670,110977,758
2022-08-08,Napa,055,140530,31275,31223,1364,32587,153
2022-08-08,Nevada,057,99092,18418,18354,1710,20064,132
2022-08-08,Orange,059,3164182,647713,646005,58462,704467,7235
2022-08-08,Placer,061,380077,73650,73348,9201,82549,650
2022-08-08,Plumas,063,18699,3533,3525,427,3952,13
2022-08-08,Riverside,065,2383286,675003,672334,33527,705861,6555
2022-08-08,Sacramento,067,1510023,335384,334382,32336,366718,3177
2022-08-08,San Benito,069,59416,15560,15507,872,16379,101
2022-08-08,San Bernardino,071,2135413,650814,641936,29367,671303,7977
2022-08-08,San Diego,073,3302833,898031,895482,68832,964314,5429
2022-08-08,San Francisco,075,870044,172682,172265,11623,183888,945
2022-08-08,San Joaquin,077,732212,191307,190596,13734,204330,2281
2022-08-08,San Luis Obispo,079,281455,61619,61207,6699,67906,510
2022-08-08,San Mateo,081,765935,162708,161882,10282,172164,738
2022-08-08,Santa Barbara,083,443738,102094,101558,6417,107975,711
2022-08-08,Santa Clara,085,1922200,415927,414659,18100,432759,2398
2022-08-08,Santa Cruz,087,273765,60666,60360,3255,63615,269
2022-08-08,Shasta,089,179085,33961,33816,7068,40884,584
2022-08-08,Sierra,091,2930,297,295,59,354,4
2022-08-08,Siskiyou,093,43540,5094,5074,3224,8298,87
2022-08-08,Solano,095,438530,101842,101393,7496,108889,457
2022-08-08,Sonoma,097,501317,103656,103168,5055,108223,501
2022-08-08,Stanislaus,099,539301,133535,133071,20599,153670,1702
2022-08-08,Sutter,101,95872,23322,23279,2406,25685,228
2022-08-08,Tehama,103,63373,13262,13187,2957,16144,209
2022-08-08,Trinity,105,12862,1358,1350,353,1703,20
2022-08-08,Tulare,107,460477,118331,118239,33712,151951,1520
2022-08-08,Tuolumne,109,53932,15015,14922,882,15804,196
2022-08-08,Ventura,111,848112,201788,201179,14474,215653,1539
2022-08-08,Yolo,113,214977,46161,46069,4167,50236,330
2022-08-08,Yuba,115,75493,18206,18179,1592,19771,129
2022-08-07,Alameda,001,1643700,334675,331755,18884,350639,1945
2022-08-07,Alpine,003,1148,131,130,1,131,0
2022-08-07,Amador,005,37829,9704,9655,876,10531,88
2022-08-07,Butte,007,227075,38153,37717,8554,46271,446
2022-08-07,Calaveras,009,45235,8255,8219,483,8702,129
2022-08-07,Colusa,011,21464,3703,3696,1207,4903,22
2022-08-07,Contra Costa,013,1133247,241963,237436,19588,257024,1383
2022-08-07,Del Norte,015,27424,7215,7191,380,7571,54
2022-08-07,El Dorado,017,186661,31414,31240,4065,35305,225
2022-08-07,Fresno,019,978130,266462,263912,29552,293464,2815
2022-08-07,Glenn,021,27897,5413,5379,1816,7195,48
2022-08-07,Humboldt,023,135768,20895,20746,4556,25302,153
2022-08-07,Imperial,025,180216,63660,63198,14536,77734,949
2022-08-07,Inyo,027,18085,4419,4408,838,5246,57
2022-08-07,Kern,029,883053,213721,211798,58490,270288,2375
2022-08-07,Kings,031,150075,57602,57294,3913,61207,453
2022-08-07,Lake,033,64148,12300,12220,1105,13325,142
2022-08-07,Lassen,035,31185,9723,9654,966,10620,64
2022-08-07,Los Angeles,037,10098052,3182518,3153757,169727,3323484,32563
2022-08-07,Madera,039,155013,42388,42139,7629,49768,372
2022-08-07,Marin,041,260295,43610,43295,5037,48332,302
2022-08-07,Mariposa,043,17540,2995,2965,321,3286,31
2022-08-07,Mendocino,045,87422,15477,15335,4217,19552,132
2022-08-07,Merced,047,269075,70187,69498,10829,80327,838
2022-08-07,Modoc,049,8938,856,853,311,1164,11
2022-08-07,Mono,051,14174,3173,3161,234,3395,7
2022-08-07,Monterey,053,433212,91557,90884,19581,110465,757
2022-08-07,Napa,055,140530,31231,31052,1362,32414,151
2022-08-07,Nevada,057,99092,18394,18309,1704,20013,132
2022-08-07,Orange,059,3164182,646814,643029,58267,701296,7213
2022-08-07,Placer,061,380077,73560,73064,9186,82250,648
2022-08-07,Plumas,063,18699,3532,3516,427,3943,13
2022-08-07,Riverside,065,2383286,674074,669230,33446,702676,6555
2022-08-07,Sacramento,067,1510023,334897,332928,32286,365214,3175
2022-08-07,San Benito,069,59416,15534,15403,869,16272,101
2022-08-07,San Bernardino,071,2135413,649921,639120,29301,668421,7956
2022-08-07,San Diego,073,3302833,896758,891504,68720,960224,5424
2022-08-07,San Francisco,075,870044,172403,171486,11596,183082,946
2022-08-07,San Joaquin,077,732212,191006,189696,13679,203375,2276
2022-08-07,San Luis Obispo,079,281455,61521,60903,6667,67570,510
2022-08-07,San Mateo,081,765935,162459,161011,10265,171276,734
2022-08-07,Santa Barbara,083,443738,101908,100995,6390,107385,711
2022-08-07,Santa Clara,085,1922200,415215,412411,18080,430491,2386
2022-08-07,Santa Cruz,087,273765,60545,59982,3239,63221,269
2022-08-07,Shasta,089,179085,33912,33727,7054,40781,583
2022-08-07,Sierra,091,2930,296,295,59,354,4
2022-08-07,Siskiyou,093,43540,5088,5045,3219,8264,87
2022-08-07,Solano,095,438530,101685,100081,7479,107560,457
2022-08-07,Sonoma,097,501317,103539,102682,5047,107729,502
2022-08-07,Stanislaus,099,539301,133341,132406,20566,152972,1701
2022-08-07,Sutter,101,95872,23286,23178,2405,25583,228
2022-08-07,Tehama,103,63373,13252,13155,2953,16108,209
2022-08-07,Trinity,105,12862,1356,1347,352,1699,20
2022-08-07,Tulare,107,460477,118181,117668,33612,151280,1516
2022-08-07,Tuolumne,109,53932,14998,14844,882,15726,196
2022-08-07,Ventura,111,848112,201530,200270,14427,214697,1537
2022-08-07,Yolo,113,214977,46111,45902,4157,50059,331
2022-08-07,Yuba,115,75493,18187,18099,1588,19687,124
2022-08-06,Alameda,001,1643700,334432,331755,18872,350627,1945
2022-08-06,Alpine,003,1148,131,130,1,131,0
2022-08-06,Amador,005,37829,9697,9655,874,10529,88
2022-08-06,Butte,007,227075,38115,37717,8543,46260,446
2022-08-06,Calaveras,009,45235,8248,8219,482,8701,129
2022-08-06,Colusa,011,21464,3701,3696,1204,4900,22
2022-08-06,Contra Costa,013,1133247,241717,237436,19569,257005,1383
2022-08-06,Del Norte,015,27424,7209,7191,380,7571,54
2022-08-06,El Dorado,017,186661,31397,31240,4062,35302,225
2022-08-06,Fresno,019,978130,266285,263912,29528,293440,2815
2022-08-06,Glenn,021,27897,5413,5379,1815,7194,48
2022-08-06,Humboldt,023,135768,20874,20746,4548,25294,153
2022-08-06,Imperial,025,180216,63613,63198,14508,77706,949
2022-08-06,Inyo,027,18085,4419,4408,837,5245,57
2022-08-06,Kern,029,883053,213623,211798,58376,270174,2375
2022-08-06,Kings,031,150075,57562,57294,3913,61207,453
2022-08-06,Lake,033,64148,12295,12220,1104,13324,142
2022-08-06,Lassen,035,31185,9690,9654,966,10620,64
2022-08-06,Los Angeles,037,10098052,3180312,3153757,169442,3323199,32563
2022-08-06,Madera,039,155013,42344,42139,7623,49762,372
2022-08-06,Marin,041,260295,43581,43295,5032,48327,302
2022-08-06,Mariposa,043,17540,2994,2965,321,3286,31
2022-08-06,Mendocino,045,87422,15468,15335,4216,19551,132
2022-08-06,Merced,047,269075,70158,69498,10823,80321,838
2022-08-06,Modoc,049,8938,856,853,311,1164,11
2022-08-06,Mono,051,14174,3171,3161,233,3394,7
2022-08-06,Monterey,053,433212,91504,90884,19537,110421,757
2022-08-06,Napa,055,140530,31210,31052,1361,32413,151
2022-08-06,Nevada,057,99092,18386,18309,1702,20011,132
2022-08-06,Orange,059,3164182,646374,643029,58155,701184,7213
2022-08-06,Placer,061,380077,73503,73064,9179,82243,648
2022-08-06,Plumas,063,18699,3530,3516,427,3943,13
2022-08-06,Riverside,065,2383286,673561,669230,33405,702635,6555
2022-08-06,Sacramento,067,1510023,334722,332928,32277,365205,3175
2022-08-06,San Benito,069,59416,15517,15403,867,16270,101
2022-08-06,San Bernardino,071,2135413,649458,639120,29263,668383,7956
2022-08-06,San Diego,073,3302833,896200,891504,68678,960182,5424
2022-08-06,San Francisco,075,870044,172247,171486,11585,183071,946
2022-08-06,San Joaquin,077,732212,190877,189696,13643,203339,2276
2022-08-06,San Luis Obispo,079,281455,61493,60903,6662,67565,510
2022-08-06,San Mateo,081,765935,162323,161011,10258,171269,734
2022-08-06,Santa Barbara,083,443738,101836,100995,6376,107371,711
2022-08-06,Santa Clara,085,1922200,414752,412411,18062,430473,2386
2022-08-06,Santa Cruz,087,273765,60488,59982,3232,63214,269
2022-08-06,Shasta,089,179085,33881,33727,7044,40771,583
2022-08-06,Sierra,091,2930,296,295,59,354,4
2022-08-06,Siskiyou,093,43540,5081,5045,3217,8262,87
2022-08-06,Solano,095,438530,101638,100081,7474,107555,457
2022-08-06,Sonoma,097,501317,103475,102682,5038,107720,502
2022-08-06,Stanislaus,099,539301,133238,132406,20556,152962,1701
2022-08-06,Sutter,101,95872,23262,23178,2405,25583,228
2022-08-06,Tehama,103,63373,13247,13155,2949,16104,209
2022-08-06,Trinity,105,12862,1356,1347,352,1699,20
2022-08-06,Tulare,107,460477,118100,117668,33570,151238,1516
2022-08-06,Tuolumne,109,53932,14990,14844,881,15725,196
2022-08-06,Ventura,111,848112,201422,200270,14404,214674,1537
2022-08-06,Yolo,113,214977,46079,45902,4149,50051,331
2022-08-06,Yuba,115,75493,18172,18099,1587,19686,124
2022-08-05,Alameda,001,1643700,334124,331755,18861,350616,1945
2022-08-05,Alpine,003,1148,131,130,1,131,0
2022-08-05,Amador,005,37829,9695,9655,873,10528,88
2022-08-05,Butte,007,227075,38077,37717,8532,46249,446
2022-08-05,Calaveras,009,45235,8244,8219,482,8701,129
2022-08-05,Colusa,011,21464,3700,3696,1204,4900,22
2022-08-05,Contra Costa,013,1133247,241527,237436,19541,256977,1383
2022-08-05,Del Norte,015,27424,7205,7191,379,7570,54
2022-08-05,El Dorado,017,186661,31389,31240,4061,35301,225
2022-08-05,Fresno,019,978130,266104,263912,29504,293416,2815
2022-08-05,Glenn,021,27897,5412,5379,1814,7193,48
2022-08-05,Humboldt,023,135768,20857,20746,4535,25281,153
2022-08-05,Imperial,025,180216,63538,63198,14469,77667,949
2022-08-05,Inyo,027,18085,4419,4408,837,5245,57
2022-08-05,Kern,029,883053,213510,211798,58282,270080,2375
2022-08-05,Kings,031,150075,57537,57294,3912,61206,453
2022-08-05,Lake,033,64148,12285,12220,1104,13324,142
2022-08-05,Lassen,035,31185,9678,9654,965,10619,64
2022-08-05,Los Angeles,037,10098052,3177805,3153757,169159,3322916,32563
2022-08-05,Madera,039,155013,42301,42139,7613,49752,372
2022-08-05,Marin,041,260295,43538,43295,5026,48321,302
2022-08-05,Mariposa,043,17540,2990,2965,319,3284,31
2022-08-05,Mendocino,045,87422,15453,15335,4213,19548,132
2022-08-05,Merced,047,269075,70108,69498,10816,80314,838
2022-08-05,Modoc,049,8938,856,853,311,1164,11
2022-08-05,Mono,051,14174,3170,3161,233,3394,7
2022-08-05,Monterey,053,433212,91437,90884,19501,110385,757
2022-08-05,Napa,055,140530,31181,31052,1360,32412,151
2022-08-05,Nevada,057,99092,18377,18309,1700,20009,132
2022-08-05,Orange,059,3164182,645868,643029,58048,701077,7213
2022-08-05,Placer,061,380077,73452,73064,9170,82234,648
2022-08-05,Plumas,063,18699,3528,3516,427,3943,13
2022-08-05,Riverside,065,2383286,673003,669230,33356,702586,6555
2022-08-05,Sacramento,067,1510023,334475,332928,32259,365187,3175
2022-08-05,San Benito,069,59416,15497,15403,865,16268,101
2022-08-05,San Bernardino,071,2135413,649001,639120,29235,668355,7956
2022-08-05,San Diego,073,3302833,895538,891504,68597,960101,5424
2022-08-05,San Francisco,075,870044,172105,171486,11565,183051,946
2022-08-05,San Joaquin,077,732212,190749,189696,13613,203309,2276
2022-08-05,San Luis Obispo,079,281455,61458,60903,6654,67557,510
2022-08-05,San Mateo,081,765935,162151,161011,10247,171258,734
2022-08-05,Santa Barbara,083,443738,101734,100995,6368,107363,711
2022-08-05,Santa Clara,085,1922200,414250,412411,18034,430445,2386
2022-08-05,Santa Cruz,087,273765,60421,59982,3228,63210,269
2022-08-05,Shasta,089,179085,33871,33727,7041,40768,583
2022-08-05,Sierra,091,2930,296,295,59,354,4
2022-08-05,Siskiyou,093,43540,5076,5045,3215,8260,87
2022-08-05,Solano,095,438530,101560,100081,7466,107547,457
2022-08-05,Sonoma,097,501317,103399,102682,5033,107715,502
2022-08-05,Stanislaus,099,539301,133136,132406,20545,152951,1701
2022-08-05,Sutter,101,95872,23243,23178,2403,25581,228
2022-08-05,Tehama,103,63373,13239,13155,2949,16104,209
2022-08-05,Trinity,105,12862,1355,1347,352,1699,20
2022-08-05,Tulare,107,460477,118013,117668,33517,151185,1516
2022-08-05,Tuolumne,109,53932,14977,14844,880,15724,196
2022-08-05,Ventura,111,848112,201272,200270,14375,214645,1537
2022-08-05,Yolo,113,214977,46061,45902,4134,50036,331
2022-08-05,Yuba,115,75493,18164,18099,1586,19685,124
2022-08-04,Alameda,001,1643700,333662,331755,18818,350573,1945
2022-08-04,Alpine,003,1148,130,130,1,131,0
2022-08-04,Amador,005,37829,9684,9655,869,10524,88
2022-08-04,Butte,007,227075,38033,37717,8516,46233,446
2022-08-04,Calaveras,009,45235,8237,8219,481,8700,129
2022-08-04,Colusa,011,21464,3699,3696,1204,4900,22
2022-08-04,Contra Costa,013,1133247,241254,237436,19501,256937,1383
2022-08-04,Del Norte,015,27424,7197,7191,378,7569,54
2022-08-04,El Dorado,017,186661,31357,31240,4058,35298,225
2022-08-04,Fresno,019,978130,265775,263912,29448,293360,2815
2022-08-04,Glenn,021,27897,5407,5379,1811,7190,48
2022-08-04,Humboldt,023,135768,20832,20746,4523,25269,153
2022-08-04,Imperial,025,180216,63471,63198,14415,77613,949
2022-08-04,Inyo,027,18085,4418,4408,836,5244,57
2022-08-04,Kern,029,883053,213304,211798,58151,269949,2375
2022-08-04,Kings,031,150075,57470,57294,3904,61198,453
2022-08-04,Lake,033,64148,12271,12220,1103,13323,142
2022-08-04,Lassen,035,31185,9673,9654,962,10616,64
2022-08-04,Los Angeles,037,10098052,3174096,3153757,168770,3322527,32563
2022-08-04,Madera,039,155013,42260,42139,7570,49709,372
2022-08-04,Marin,041,260295,43484,43295,4997,48292,302
2022-08-04,Mariposa,043,17540,2985,2965,317,3282,31
2022-08-04,Mendocino,045,87422,15440,15335,4205,19540,132
2022-08-04,Merced,047,269075,70037,69498,10776,80274,838
2022-08-04,Modoc,049,8938,856,853,311,1164,11
2022-08-04,Mono,051,14174,3170,3161,233,3394,7
2022-08-04,Monterey,053,433212,91329,90884,19435,110319,757
2022-08-04,Napa,055,140530,31145,31052,1359,32411,151
2022-08-04,Nevada,057,99092,18365,18309,1693,20002,132
2022-08-04,Orange,059,3164182,645101,643029,57905,700934,7213
2022-08-04,Placer,061,380077,73382,73064,9157,82221,648
2022-08-04,Plumas,063,18699,3522,3516,427,3943,13
2022-08-04,Riverside,065,2383286,672286,669230,33311,702541,6555
2022-08-04,Sacramento,067,1510023,334053,332928,32236,365164,3175
2022-08-04,San Benito,069,59416,15470,15403,858,16261,101
2022-08-04,San Bernardino,071,2135413,648301,639120,29179,668299,7956
2022-08-04,San Diego,073,3302833,894555,891504,68496,960000,5424
2022-08-04,San Francisco,075,870044,171894,171486,11537,183023,946
2022-08-04,San Joaquin,077,732212,190544,189696,13576,203272,2276
2022-08-04,San Luis Obispo,079,281455,61390,60903,6627,67530,510
2022-08-04,San Mateo,081,765935,161930,161011,10239,171250,734
2022-08-04,Santa Barbara,083,443738,101601,100995,6347,107342,711
2022-08-04,Santa Clara,085,1922200,413668,412411,18004,430415,2386
2022-08-04,Santa Cruz,087,273765,60333,59982,3227,63209,269
2022-08-04,Shasta,089,179085,33848,33727,7027,40754,583
2022-08-04,Sierra,091,2930,296,295,59,354,4
2022-08-04,Siskiyou,093,43540,5070,5045,3209,8254,87
2022-08-04,Solano,095,438530,101449,100081,7456,107537,457
2022-08-04,Sonoma,097,501317,103292,102682,5022,107704,502
2022-08-04,Stanislaus,099,539301,132979,132406,20521,152927,1701
2022-08-04,Sutter,101,95872,23217,23178,2401,25579,228
2022-08-04,Tehama,103,63373,13225,13155,2944,16099,209
2022-08-04,Trinity,105,12862,1354,1347,351,1698,20
2022-08-04,Tulare,107,460477,117898,117668,33456,151124,1516
2022-08-04,Tuolumne,109,53932,14953,14844,878,15722,196
2022-08-04,Ventura,111,848112,201041,200270,14335,214605,1537
2022-08-04,Yolo,113,214977,46025,45902,4124,50026,331
2022-08-04,Yuba,115,75493,18145,18099,1585,19684,124
2022-08-03,Alameda,001,1643700,333153,330158,18779,348937,1941
2022-08-03,Alpine,003,1148,130,130,1,131,0
2022-08-03,Amador,005,37829,9678,9627,866,10493,88
2022-08-03,Butte,007,227075,37988,37567,8506,46073,444
2022-08-03,Calaveras,009,45235,8229,8194,480,8674,128
2022-08-03,Colusa,011,21464,3699,3676,1204,4880,22
2022-08-03,Contra Costa,013,1133247,240930,236190,19450,255640,1381
2022-08-03,Del Norte,015,27424,7193,7156,378,7534,54
2022-08-03,El Dorado,017,186661,31321,31165,4049,35214,222
2022-08-03,Fresno,019,978130,265368,262758,29399,292157,2806
2022-08-03,Glenn,021,27897,5405,5363,1807,7170,48
2022-08-03,Humboldt,023,135768,20799,20640,4505,25145,153
2022-08-03,Imperial,025,180216,63393,62884,14364,77248,949
2022-08-03,Inyo,027,18085,4418,4398,830,5228,57
2022-08-03,Kern,029,883053,213121,211047,57978,269025,2375
2022-08-03,Kings,031,150075,57407,57065,3902,60967,453
2022-08-03,Lake,033,64148,12254,12172,1100,13272,142
2022-08-03,Lassen,035,31185,9670,9563,962,10525,64
2022-08-03,Los Angeles,037,10098052,3170369,3140955,168375,3309330,32500
2022-08-03,Madera,039,155013,42217,41918,7552,49470,372
2022-08-03,Marin,041,260295,43423,43127,4982,48109,300
2022-08-03,Mariposa,043,17540,2981,2950,317,3267,30
2022-08-03,Mendocino,045,87422,15422,15260,4197,19457,132
2022-08-03,Merced,047,269075,69971,69198,10744,79942,838
2022-08-03,Modoc,049,8938,855,842,311,1153,11
2022-08-03,Mono,051,14174,3169,3157,232,3389,7
2022-08-03,Monterey,053,433212,91224,90456,19370,109826,754
2022-08-03,Napa,055,140530,31108,30935,1354,32289,151
2022-08-03,Nevada,057,99092,18354,18253,1690,19943,132
2022-08-03,Orange,059,3164182,644282,640110,57731,697841,7202
2022-08-03,Placer,061,380077,73300,72834,9139,81973,646
2022-08-03,Plumas,063,18699,3519,3496,427,3923,13
2022-08-03,Riverside,065,2383286,671437,666773,33244,700017,6547
2022-08-03,Sacramento,067,1510023,333625,331584,32204,363788,3162
2022-08-03,San Benito,069,59416,15442,15338,851,16189,100
2022-08-03,San Bernardino,071,2135413,647566,636510,29123,665633,7951
2022-08-03,San Diego,073,3302833,893342,887729,68372,956101,5417
2022-08-03,San Francisco,075,870044,171687,170637,11518,182155,939
2022-08-03,San Joaquin,077,732212,190302,188962,13546,202508,2276
2022-08-03,San Luis Obispo,079,281455,61306,60648,6611,67259,504
2022-08-03,San Mateo,081,765935,161743,160258,10227,170485,725
2022-08-03,Santa Barbara,083,443738,101479,100558,6325,106883,710
2022-08-03,Santa Clara,085,1922200,413193,410394,17975,428369,2383
2022-08-03,Santa Cruz,087,273765,60244,59661,3224,62885,269
2022-08-03,Shasta,089,179085,33819,33630,7022,40652,582
2022-08-03,Sierra,091,2930,296,295,59,354,4
2022-08-03,Siskiyou,093,43540,5066,5021,3207,8228,86
2022-08-03,Solano,095,438530,101332,99608,7442,107050,459
2022-08-03,Sonoma,097,501317,103167,102306,5009,107315,500
2022-08-03,Stanislaus,099,539301,132836,131869,20495,152364,1701
2022-08-03,Sutter,101,95872,23188,23056,2399,25455,228
2022-08-03,Tehama,103,63373,13213,13135,2940,16075,209
2022-08-03,Trinity,105,12862,1354,1342,350,1692,20
2022-08-03,Tulare,107,460477,117764,117288,33388,150676,1516
2022-08-03,Tuolumne,109,53932,14934,14778,877,15655,196
2022-08-03,Ventura,111,848112,200806,199530,14297,213827,1536
2022-08-03,Yolo,113,214977,45978,45757,4105,49862,330
2022-08-03,Yuba,115,75493,18116,18036,1584,19620,124
2022-08-02,Alameda,001,1643700,332616,330158,18748,348906,1941
2022-08-02,Alpine,003,1148,130,130,1,131,0
2022-08-02,Amador,005,37829,9668,9627,859,10486,88
2022-08-02,Butte,007,227075,37949,37567,8494,46061,444
2022-08-02,Calaveras,009,45235,8214,8194,478,8672,128
2022-08-02,Colusa,011,21464,3696,3676,1203,4879,22
2022-08-02,Contra Costa,013,1133247,240582,236190,19387,255577,1381
2022-08-02,Del Norte,015,27424,7183,7156,378,7534,54
2022-08-02,El Dorado,017,186661,31287,31165,4043,35208,222
2022-08-02,Fresno,019,978130,264942,262758,29316,292074,2806
2022-08-02,Glenn,021,27897,5402,5363,1805,7168,48
2022-08-02,Humboldt,023,135768,20762,20640,4482,25122,153
2022-08-02,Imperial,025,180216,63311,62884,14316,77200,949
2022-08-02,Inyo,027,18085,4415,4398,820,5218,57
2022-08-02,Kern,029,883053,212884,211047,57779,268826,2375
2022-08-02,Kings,031,150075,57326,57065,3898,60963,453
2022-08-02,Lake,033,64148,12242,12172,1098,13270,142
2022-08-02,Lassen,035,31185,9667,9563,961,10524,64
2022-08-02,Los Angeles,037,10098052,3166017,3140955,167887,3308842,32500
2022-08-02,Madera,039,155013,42150,41918,7529,49447,372
2022-08-02,Marin,041,260295,43365,43127,4974,48101,300
2022-08-02,Mariposa,043,17540,2977,2950,317,3267,30
2022-08-02,Mendocino,045,87422,15391,15260,4183,19443,132
2022-08-02,Merced,047,269075,69895,69198,10701,79899,838
2022-08-02,Modoc,049,8938,855,842,311,1153,11
2022-08-02,Mono,051,14174,3168,3157,230,3387,7
2022-08-02,Monterey,053,433212,91102,90456,19298,109754,754
2022-08-02,Napa,055,140530,31072,30935,1351,32286,151
2022-08-02,Nevada,057,99092,18339,18253,1689,19942,132
2022-08-02,Orange,059,3164182,643404,640110,57561,697671,7202
2022-08-02,Placer,061,380077,73213,72834,9124,81958,646
2022-08-02,Plumas,063,18699,3514,3496,427,3923,13
2022-08-02,Riverside,065,2383286,670516,666773,33192,699965,6547
2022-08-02,Sacramento,067,1510023,333212,331584,32156,363740,3162
2022-08-02,San Benito,069,59416,15408,15338,848,16186,100
2022-08-02,San Bernardino,071,2135413,646723,636510,29070,665580,7951
2022-08-02,San Diego,073,3302833,892184,887729,68242,955971,5417
2022-08-02,San Francisco,075,870044,171451,170637,11503,182140,939
2022-08-02,San Joaquin,077,732212,190064,188962,13507,202469,2276
2022-08-02,San Luis Obispo,079,281455,61219,60648,6582,67230,504
2022-08-02,San Mateo,081,765935,161498,160258,10222,170480,725
2022-08-02,Santa Barbara,083,443738,101316,100558,6296,106854,710
2022-08-02,Santa Clara,085,1922200,412566,410394,17940,428334,2383
2022-08-02,Santa Cruz,087,273765,60155,59661,3216,62877,269
2022-08-02,Shasta,089,179085,33797,33630,7008,40638,582
2022-08-02,Sierra,091,2930,296,295,59,354,4
2022-08-02,Siskiyou,093,43540,5052,5021,3203,8224,86
2022-08-02,Solano,095,438530,101151,99608,7420,107028,459
2022-08-02,Sonoma,097,501317,102995,102306,4992,107298,500
2022-08-02,Stanislaus,099,539301,132678,131869,20454,152323,1701
2022-08-02,Sutter,101,95872,23154,23056,2398,25454,228
2022-08-02,Tehama,103,63373,13203,13135,2935,16070,209
2022-08-02,Trinity,105,12862,1354,1342,348,1690,20
2022-08-02,Tulare,107,460477,117627,117288,33303,150591,1516
2022-08-02,Tuolumne,109,53932,14917,14778,875,15653,196
2022-08-02,Ventura,111,848112,200554,199530,14252,213782,1536
2022-08-02,Yolo,113,214977,45931,45757,4098,49855,330
2022-08-02,Yuba,115,75493,18095,18036,1580,19616,124
2022-08-01,Alameda,001,1643700,331958,330158,18712,348870,1941
2022-08-01,Alpine,003,1148,130,130,1,131,0
2022-08-01,Amador,005,37829,9661,9627,857,10484,88
2022-08-01,Butte,007,227075,37892,37567,8479,46046,444
2022-08-01,Calaveras,009,45235,8211,8194,477,8671,128
2022-08-01,Colusa,011,21464,3692,3676,1194,4870,22
2022-08-01,Contra Costa,013,1133247,240188,236190,19331,255521,1381
2022-08-01,Del Norte,015,27424,7178,7156,378,7534,54
2022-08-01,El Dorado,017,186661,31258,31165,4038,35203,222
2022-08-01,Fresno,019,978130,264485,262758,29237,291995,2806
2022-08-01,Glenn,021,27897,5394,5363,1804,7167,48
2022-08-01,Humboldt,023,135768,20731,20640,4464,25104,153
2022-08-01,Imperial,025,180216,63196,62884,14257,77141,949
2022-08-01,Inyo,027,18085,4411,4398,816,5214,57
2022-08-01,Kern,029,883053,212645,211047,57608,268655,2375
2022-08-01,Kings,031,150075,57234,57065,3887,60952,453
2022-08-01,Lake,033,64148,12213,12172,1097,13269,142
2022-08-01,Lassen,035,31185,9647,9563,961,10524,64
2022-08-01,Los Angeles,037,10098052,3161275,3140955,167404,3308359,32500
2022-08-01,Madera,039,155013,42069,41918,7498,49416,372
2022-08-01,Marin,041,260295,43312,43127,4949,48076,300
2022-08-01,Mariposa,043,17540,2973,2950,315,3265,30
2022-08-01,Mendocino,045,87422,15367,15260,4174,19434,132
2022-08-01,Merced,047,269075,69787,69198,10667,79865,838
2022-08-01,Modoc,049,8938,855,842,311,1153,11
2022-08-01,Mono,051,14174,3167,3157,228,3385,7
2022-08-01,Monterey,053,433212,90958,90456,19223,109679,754
2022-08-01,Napa,055,140530,31023,30935,1348,32283,151
2022-08-01,Nevada,057,99092,18327,18253,1684,19937,132
2022-08-01,Orange,059,3164182,642458,640110,57390,697500,7202
2022-08-01,Placer,061,380077,73146,72834,9110,81944,646
2022-08-01,Plumas,063,18699,3510,3496,427,3923,13
2022-08-01,Riverside,065,2383286,669510,666773,33144,699917,6547
2022-08-01,Sacramento,067,1510023,332777,331584,32114,363698,3162
2022-08-01,San Benito,069,59416,15389,15338,848,16186,100
2022-08-01,San Bernardino,071,2135413,645804,636510,29010,665520,7951
2022-08-01,San Diego,073,3302833,890756,887729,68067,955796,5417
2022-08-01,San Francisco,075,870044,171198,170637,11489,182126,939
2022-08-01,San Joaquin,077,732212,189793,188962,13467,202429,2276
2022-08-01,San Luis Obispo,079,281455,61123,60648,6565,67213,504
2022-08-01,San Mateo,081,765935,161206,160258,10209,170467,725
2022-08-01,Santa Barbara,083,443738,101141,100558,6271,106829,710
2022-08-01,Santa Clara,085,1922200,411791,410394,17914,428308,2383
2022-08-01,Santa Cruz,087,273765,60050,59661,3204,62865,269
2022-08-01,Shasta,089,179085,33771,33630,6996,40626,582
2022-08-01,Sierra,091,2930,296,295,59,354,4
2022-08-01,Siskiyou,093,43540,5044,5021,3195,8216,86
2022-08-01,Solano,095,438530,100970,99608,7401,107009,459
2022-08-01,Sonoma,097,501317,102826,102306,4981,107287,500
2022-08-01,Stanislaus,099,539301,132506,131869,20427,152296,1701
2022-08-01,Sutter,101,95872,23099,23056,2397,25453,228
2022-08-01,Tehama,103,63373,13187,13135,2929,16064,209
2022-08-01,Trinity,105,12862,1353,1342,347,1689,20
2022-08-01,Tulare,107,460477,117456,117288,33221,150509,1516
2022-08-01,Tuolumne,109,53932,14898,14778,875,15653,196
2022-08-01,Ventura,111,848112,200302,199530,14203,213733,1536
2022-08-01,Yolo,113,214977,45880,45757,4082,49839,330
2022-08-01,Yuba,115,75493,18071,18036,1576,19612,124
2022-07-31,Alameda,001,1643700,331223,327608,18673,346281,1941
2022-07-31,Alpine,003,1148,130,130,1,131,0
2022-07-31,Amador,005,37829,9648,9609,852,10461,88
2022-07-31,Butte,007,227075,37816,37349,8459,45808,444
2022-07-31,Calaveras,009,45235,8199,8145,474,8619,128
2022-07-31,Colusa,011,21464,3688,3664,1192,4856,22
2022-07-31,Contra Costa,013,1133247,239716,234635,19261,253896,1375
2022-07-31,Del Norte,015,27424,7166,7136,375,7511,54
2022-07-31,El Dorado,017,186661,31231,31007,4029,35036,222
2022-07-31,Fresno,019,978130,263931,260858,29154,290012,2805
2022-07-31,Glenn,021,27897,5391,5350,1802,7152,48
2022-07-31,Humboldt,023,135768,20692,20523,4432,24955,151
2022-07-31,Imperial,025,180216,63091,62471,14177,76648,949
2022-07-31,Inyo,027,18085,4406,4388,811,5199,57
2022-07-31,Kern,029,883053,212336,210190,57363,267553,2375
2022-07-31,Kings,031,150075,57107,56673,3878,60551,454
2022-07-31,Lake,033,64148,12197,12102,1095,13197,142
2022-07-31,Lassen,035,31185,9568,9548,961,10509,64
2022-07-31,Los Angeles,037,10098052,3156019,3122700,166772,3289472,32445
2022-07-31,Madera,039,155013,41980,41641,7464,49105,372
2022-07-31,Marin,041,260295,43240,42840,4936,47776,300
2022-07-31,Mariposa,043,17540,2967,2940,314,3254,30
2022-07-31,Mendocino,045,87422,15347,15172,4165,19337,132
2022-07-31,Merced,047,269075,69662,68853,10621,79474,838
2022-07-31,Modoc,049,8938,851,841,311,1152,11
2022-07-31,Mono,051,14174,3166,3155,225,3380,7
2022-07-31,Monterey,053,433212,90799,89974,19139,109113,754
2022-07-31,Napa,055,140530,30957,30777,1344,32121,150
2022-07-31,Nevada,057,99092,18290,18187,1681,19868,131
2022-07-31,Orange,059,3164182,641435,636403,57186,693589,7194
2022-07-31,Placer,061,380077,73043,72444,9093,81537,647
2022-07-31,Plumas,063,18699,3504,3490,426,3916,13
2022-07-31,Riverside,065,2383286,668423,662929,33059,695988,6543
2022-07-31,Sacramento,067,1510023,332179,329639,32056,361695,3156
2022-07-31,San Benito,069,59416,15361,15256,842,16098,100
2022-07-31,San Bernardino,071,2135413,644658,633131,28907,662038,7941
2022-07-31,San Diego,073,3302833,889149,881822,67918,949740,5409
2022-07-31,San Francisco,075,870044,170800,169564,11449,181013,937
2022-07-31,San Joaquin,077,732212,189437,187937,13382,201319,2276
2022-07-31,San Luis Obispo,079,281455,60976,60370,6530,66900,503
2022-07-31,San Mateo,081,765935,160959,159145,10181,169326,726
2022-07-31,Santa Barbara,083,443738,100914,99946,6224,106170,708
2022-07-31,Santa Clara,085,1922200,411021,407392,17879,425271,2381
2022-07-31,Santa Cruz,087,273765,59883,59227,3188,62415,269
2022-07-31,Shasta,089,179085,33720,33454,6973,40427,581
2022-07-31,Sierra,091,2930,296,293,59,352,4
2022-07-31,Siskiyou,093,43540,5033,4997,3192,8189,86
2022-07-31,Solano,095,438530,100775,99034,7387,106421,457
2022-07-31,Sonoma,097,501317,102674,101747,4952,106699,500
2022-07-31,Stanislaus,099,539301,132271,131081,20384,151465,1696
2022-07-31,Sutter,101,95872,23055,22931,2386,25317,228
2022-07-31,Tehama,103,63373,13179,13079,2920,15999,208
2022-07-31,Trinity,105,12862,1351,1340,346,1686,20
2022-07-31,Tulare,107,460477,117267,116640,33101,149741,1514
2022-07-31,Tuolumne,109,53932,14874,14701,872,15573,196
2022-07-31,Ventura,111,848112,199986,198498,14121,212619,1530
2022-07-31,Yolo,113,214977,45819,45511,4073,49584,327
2022-07-31,Yuba,115,75493,18040,17951,1567,19518,124
2022-07-30,Alameda,001,1643700,330885,327608,18654,346262,1941
2022-07-30,Alpine,003,1148,130,130,1,131,0
2022-07-30,Amador,005,37829,9646,9609,847,10456,88
2022-07-30,Butte,007,227075,37787,37349,8450,45799,444
2022-07-30,Calaveras,009,45235,8189,8145,473,8618,128
2022-07-30,Colusa,011,21464,3683,3664,1192,4856,22
2022-07-30,Contra Costa,013,1133247,239441,234635,19221,253856,1375
2022-07-30,Del Norte,015,27424,7161,7136,373,7509,54
2022-07-30,El Dorado,017,186661,31212,31007,4025,35032,222
2022-07-30,Fresno,019,978130,263724,260858,29111,289969,2805
2022-07-30,Glenn,021,27897,5386,5350,1801,7151,48
2022-07-30,Humboldt,023,135768,20673,20523,4420,24943,151
2022-07-30,Imperial,025,180216,63045,62471,14148,76619,949
2022-07-30,Inyo,027,18085,4405,4388,807,5195,57
2022-07-30,Kern,029,883053,212212,210190,57219,267409,2375
2022-07-30,Kings,031,150075,57074,56673,3878,60551,454
2022-07-30,Lake,033,64148,12187,12102,1094,13196,142
2022-07-30,Lassen,035,31185,9567,9548,959,10507,64
2022-07-30,Los Angeles,037,10098052,3153531,3122700,166368,3289068,32445
2022-07-30,Madera,039,155013,41946,41641,7459,49100,372
2022-07-30,Marin,041,260295,43208,42840,4934,47774,300
2022-07-30,Mariposa,043,17540,2965,2940,313,3253,30
2022-07-30,Mendocino,045,87422,15323,15172,4161,19333,132
2022-07-30,Merced,047,269075,69613,68853,10613,79466,838
2022-07-30,Modoc,049,8938,851,841,311,1152,11
2022-07-30,Mono,051,14174,3166,3155,223,3378,7
2022-07-30,Monterey,053,433212,90707,89974,19094,109068,754
2022-07-30,Napa,055,140530,30929,30777,1341,32118,150
2022-07-30,Nevada,057,99092,18281,18187,1677,19864,131
2022-07-30,Orange,059,3164182,640882,636403,57078,693481,7194
2022-07-30,Placer,061,380077,73004,72444,9080,81524,647
2022-07-30,Plumas,063,18699,3503,3490,426,3916,13
2022-07-30,Riverside,065,2383286,667872,662929,33030,695959,6543
2022-07-30,Sacramento,067,1510023,331937,329639,32047,361686,3156
2022-07-30,San Benito,069,59416,15349,15256,839,16095,100
2022-07-30,San Bernardino,071,2135413,644173,633131,28864,661995,7941
2022-07-30,San Diego,073,3302833,888501,881822,67859,949681,5409
2022-07-30,San Francisco,075,870044,170649,169564,11438,181002,937
2022-07-30,San Joaquin,077,732212,189311,187937,13353,201290,2276
2022-07-30,San Luis Obispo,079,281455,60936,60370,6517,66887,503
2022-07-30,San Mateo,081,765935,160774,159145,10163,169308,726
2022-07-30,Santa Barbara,083,443738,100823,99946,6203,106149,708
2022-07-30,Santa Clara,085,1922200,410533,407392,17860,425252,2381
2022-07-30,Santa Cruz,087,273765,59817,59227,3181,62408,269
2022-07-30,Shasta,089,179085,33700,33454,6972,40426,581
2022-07-30,Sierra,091,2930,296,293,59,352,4
2022-07-30,Siskiyou,093,43540,5030,4997,3190,8187,86
2022-07-30,Solano,095,438530,100717,99034,7374,106408,457
2022-07-30,Sonoma,097,501317,102585,101747,4944,106691,500
2022-07-30,Stanislaus,099,539301,132139,131081,20359,151440,1696
2022-07-30,Sutter,101,95872,23030,22931,2385,25316,228
2022-07-30,Tehama,103,63373,13173,13079,2917,15996,208
2022-07-30,Trinity,105,12862,1351,1340,346,1686,20
2022-07-30,Tulare,107,460477,117176,116640,33036,149676,1514
2022-07-30,Tuolumne,109,53932,14855,14701,872,15573,196
2022-07-30,Ventura,111,848112,199815,198498,14088,212586,1530
2022-07-30,Yolo,113,214977,45792,45511,4070,49581,327
2022-07-30,Yuba,115,75493,18027,17951,1567,19518,124
2022-07-29,Alameda,001,1643700,330521,327608,18626,346234,1941
2022-07-29,Alpine,003,1148,130,130,1,131,0
2022-07-29,Amador,005,37829,9645,9609,846,10455,88
2022-07-29,Butte,007,227075,37756,37349,8433,45782,444
2022-07-29,Calaveras,009,45235,8185,8145,473,8618,128
2022-07-29,Colusa,011,21464,3683,3664,1192,4856,22
2022-07-29,Contra Costa,013,1133247,239213,234635,19197,253832,1375
2022-07-29,Del Norte,015,27424,7156,7136,372,7508,54
2022-07-29,El Dorado,017,186661,31190,31007,4024,35031,222
2022-07-29,Fresno,019,978130,263479,260858,29062,289920,2805
2022-07-29,Glenn,021,27897,5383,5350,1799,7149,48
2022-07-29,Humboldt,023,135768,20647,20523,4410,24933,151
2022-07-29,Imperial,025,180216,62984,62471,14120,76591,949
2022-07-29,Inyo,027,18085,4404,4388,806,5194,57
2022-07-29,Kern,029,883053,212048,210190,57078,267268,2375
2022-07-29,Kings,031,150075,57037,56673,3877,60550,454
2022-07-29,Lake,033,64148,12172,12102,1091,13193,142
2022-07-29,Lassen,035,31185,9565,9548,959,10507,64
2022-07-29,Los Angeles,037,10098052,3150667,3122700,166034,3288734,32445
2022-07-29,Madera,039,155013,41901,41641,7448,49089,372
2022-07-29,Marin,041,260295,43161,42840,4926,47766,300
2022-07-29,Mariposa,043,17540,2964,2940,313,3253,30
2022-07-29,Mendocino,045,87422,15305,15172,4149,19321,132
2022-07-29,Merced,047,269075,69553,68853,10596,79449,838
2022-07-29,Modoc,049,8938,851,841,311,1152,11
2022-07-29,Mono,051,14174,3165,3155,222,3377,7
2022-07-29,Monterey,053,433212,90614,89974,19059,109033,754
2022-07-29,Napa,055,140530,30904,30777,1340,32117,150
2022-07-29,Nevada,057,99092,18270,18187,1675,19862,131
2022-07-29,Orange,059,3164182,640290,636403,56938,693341,7194
2022-07-29,Placer,061,380077,72933,72444,9066,81510,647
2022-07-29,Plumas,063,18699,3502,3490,426,3916,13
2022-07-29,Riverside,065,2383286,667328,662929,32984,695913,6543
2022-07-29,Sacramento,067,1510023,331627,329639,32028,361667,3156
2022-07-29,San Benito,069,59416,15333,15256,838,16094,100
2022-07-29,San Bernardino,071,2135413,643642,633131,28829,661960,7941
2022-07-29,San Diego,073,3302833,887646,881822,67748,949570,5409
2022-07-29,San Francisco,075,870044,170471,169564,11426,180990,937
2022-07-29,San Joaquin,077,732212,189197,187937,13333,201270,2276
2022-07-29,San Luis Obispo,079,281455,60900,60370,6505,66875,503
2022-07-29,San Mateo,081,765935,160598,159145,10154,169299,726
2022-07-29,Santa Barbara,083,443738,100701,99946,6193,106139,708
2022-07-29,Santa Clara,085,1922200,410058,407392,17840,425232,2381
2022-07-29,Santa Cruz,087,273765,59741,59227,3178,62405,269
2022-07-29,Shasta,089,179085,33674,33454,6964,40418,581
2022-07-29,Sierra,091,2930,296,293,58,351,4
2022-07-29,Siskiyou,093,43540,5025,4997,3189,8186,86
2022-07-29,Solano,095,438530,100587,99034,7363,106397,457
2022-07-29,Sonoma,097,501317,102482,101747,4932,106679,500
2022-07-29,Stanislaus,099,539301,132035,131081,20347,151428,1696
2022-07-29,Sutter,101,95872,23010,22931,2385,25316,228
2022-07-29,Tehama,103,63373,13166,13079,2915,15994,208
2022-07-29,Trinity,105,12862,1347,1340,345,1685,20
2022-07-29,Tulare,107,460477,117074,116640,32976,149616,1514
2022-07-29,Tuolumne,109,53932,14842,14701,871,15572,196
2022-07-29,Ventura,111,848112,199665,198498,14049,212547,1530
2022-07-29,Yolo,113,214977,45757,45511,4057,49568,327
2022-07-29,Yuba,115,75493,18006,17951,1565,19516,124
2022-07-28,Alameda,001,1643700,330038,327608,18578,346186,1941
2022-07-28,Alpine,003,1148,130,130,1,131,0
2022-07-28,Amador,005,37829,9638,9609,845,10454,88
2022-07-28,Butte,007,227075,37704,37349,8420,45769,444
2022-07-28,Calaveras,009,45235,8174,8145,472,8617,128
2022-07-28,Colusa,011,21464,3677,3664,1192,4856,22
2022-07-28,Contra Costa,013,1133247,238850,234635,19142,253777,1375
2022-07-28,Del Norte,015,27424,7150,7136,371,7507,54
2022-07-28,El Dorado,017,186661,31155,31007,4019,35026,222
2022-07-28,Fresno,019,978130,263047,260858,28988,289846,2805
2022-07-28,Glenn,021,27897,5381,5350,1795,7145,48
2022-07-28,Humboldt,023,135768,20613,20523,4399,24922,151
2022-07-28,Imperial,025,180216,62885,62471,14056,76527,949
2022-07-28,Inyo,027,18085,4400,4388,804,5192,57
2022-07-28,Kern,029,883053,211799,210190,56912,267102,2375
2022-07-28,Kings,031,150075,56935,56673,3874,60547,454
2022-07-28,Lake,033,64148,12155,12102,1090,13192,142
2022-07-28,Lassen,035,31185,9560,9548,959,10507,64
2022-07-28,Los Angeles,037,10098052,3146344,3122700,165480,3288180,32445
2022-07-28,Madera,039,155013,41844,41641,7439,49080,372
2022-07-28,Marin,041,260295,43113,42840,4921,47761,300
2022-07-28,Mariposa,043,17540,2961,2940,310,3250,30
2022-07-28,Mendocino,045,87422,15284,15172,4138,19310,132
2022-07-28,Merced,047,269075,69472,68853,10555,79408,838
2022-07-28,Modoc,049,8938,848,841,311,1152,11
2022-07-28,Mono,051,14174,3165,3155,221,3376,7
2022-07-28,Monterey,053,433212,90460,89974,18982,108956,754
2022-07-28,Napa,055,140530,30865,30777,1338,32115,150
2022-07-28,Nevada,057,99092,18257,18187,1669,19856,131
2022-07-28,Orange,059,3164182,639338,636403,56787,693190,7194
2022-07-28,Placer,061,380077,72842,72444,9045,81489,647
2022-07-28,Plumas,063,18699,3501,3490,426,3916,13
2022-07-28,Riverside,065,2383286,666524,662929,32931,695860,6543
2022-07-28,Sacramento,067,1510023,331209,329639,31999,361638,3156
2022-07-28,San Benito,069,59416,15305,15256,833,16089,100
2022-07-28,San Bernardino,071,2135413,642800,633131,28784,661915,7941
2022-07-28,San Diego,073,3302833,886295,881822,67614,949436,5409
2022-07-28,San Francisco,075,870044,170238,169564,11396,180960,937
2022-07-28,San Joaquin,077,732212,188943,187937,13287,201224,2276
2022-07-28,San Luis Obispo,079,281455,60815,60370,6483,66853,503
2022-07-28,San Mateo,081,765935,160344,159145,10140,169285,726
2022-07-28,Santa Barbara,083,443738,100564,99946,6160,106106,708
2022-07-28,Santa Clara,085,1922200,409415,407392,17808,425200,2381
2022-07-28,Santa Cruz,087,273765,59623,59227,3166,62393,269
2022-07-28,Shasta,089,179085,33647,33454,6949,40403,581
2022-07-28,Sierra,091,2930,296,293,58,351,4
2022-07-28,Siskiyou,093,43540,5021,4997,3182,8179,86
2022-07-28,Solano,095,438530,100438,99034,7352,106386,457
2022-07-28,Sonoma,097,501317,102358,101747,4906,106653,500
2022-07-28,Stanislaus,099,539301,131886,131081,20306,151387,1696
2022-07-28,Sutter,101,95872,22979,22931,2380,25311,228
2022-07-28,Tehama,103,63373,13148,13079,2906,15985,208
2022-07-28,Trinity,105,12862,1346,1340,344,1684,20
2022-07-28,Tulare,107,460477,116948,116640,32878,149518,1514
2022-07-28,Tuolumne,109,53932,14823,14701,869,15570,196
2022-07-28,Ventura,111,848112,199397,198498,14008,212506,1530
2022-07-28,Yolo,113,214977,45708,45511,4045,49556,327
2022-07-28,Yuba,115,75493,17992,17951,1556,19507,124
2022-07-27,Alameda,001,1643700,329511,325669,18531,344200,1938
2022-07-27,Alpine,003,1148,130,130,1,131,0
2022-07-27,Amador,005,37829,9630,9568,844,10412,87
2022-07-27,Butte,007,227075,37660,37146,8408,45554,441
2022-07-27,Calaveras,009,45235,8164,8105,471,8576,130
2022-07-27,Colusa,011,21464,3668,3649,1192,4841,22
2022-07-27,Contra Costa,013,1133247,238495,233236,19091,252327,1374
2022-07-27,Del Norte,015,27424,7146,7161,371,7532,54
2022-07-27,El Dorado,017,186661,31108,30891,4010,34901,222
2022-07-27,Fresno,019,978130,262634,259483,28910,288393,2801
2022-07-27,Glenn,021,27897,5377,5327,1794,7121,48
2022-07-27,Humboldt,023,135768,20573,20406,4391,24797,150
2022-07-27,Imperial,025,180216,62800,62014,14002,76016,948
2022-07-27,Inyo,027,18085,4396,4381,800,5181,57
2022-07-27,Kern,029,883053,211572,209400,56699,266099,2368
2022-07-27,Kings,031,150075,56860,56417,3866,60283,451
2022-07-27,Lake,033,64148,12139,12025,1088,13113,142
2022-07-27,Lassen,035,31185,9555,9509,958,10467,64
2022-07-27,Los Angeles,037,10098052,3141575,3107063,164962,3272025,32392
2022-07-27,Madera,039,155013,41757,41423,7426,48849,372
2022-07-27,Marin,041,260295,43041,42624,4913,47537,300
2022-07-27,Mariposa,043,17540,2956,2927,310,3237,30
2022-07-27,Mendocino,045,87422,15255,15066,4123,19189,131
2022-07-27,Merced,047,269075,69357,68455,10525,78980,838
2022-07-27,Modoc,049,8938,846,840,311,1151,10
2022-07-27,Mono,051,14174,3163,3148,219,3367,7
2022-07-27,Monterey,053,433212,90329,89520,18908,108428,752
2022-07-27,Napa,055,140530,30822,30647,1337,31984,150
2022-07-27,Nevada,057,99092,18239,18134,1668,19802,132
2022-07-27,Orange,059,3164182,638345,632871,56613,689484,7188
2022-07-27,Placer,061,380077,72761,72194,9024,81218,647
2022-07-27,Plumas,063,18699,3495,3472,426,3898,13
2022-07-27,Riverside,065,2383286,665513,659650,32851,692501,6528
2022-07-27,Sacramento,067,1510023,330751,328249,31945,360194,3146
2022-07-27,San Benito,069,59416,15285,15188,831,16019,100
2022-07-27,San Bernardino,071,2135413,641928,629895,28729,658624,7937
2022-07-27,San Diego,073,3302833,884850,876507,67471,943978,5386
2022-07-27,San Francisco,075,870044,169991,168570,11380,179950,931
2022-07-27,San Joaquin,077,732212,188654,187066,13245,200311,2267
2022-07-27,San Luis Obispo,079,281455,60733,60180,6449,66629,502
2022-07-27,San Mateo,081,765935,160097,158343,10130,168473,724
2022-07-27,Santa Barbara,083,443738,100406,99460,6123,105583,707
2022-07-27,Santa Clara,085,1922200,408727,404896,17788,422684,2380
2022-07-27,Santa Cruz,087,273765,59528,58873,3153,62026,269
2022-07-27,Shasta,089,179085,33614,33314,6939,40253,578
2022-07-27,Sierra,091,2930,295,293,58,351,4
2022-07-27,Siskiyou,093,43540,5008,4975,3178,8153,84
2022-07-27,Solano,095,438530,100274,98579,7342,105921,457
2022-07-27,Sonoma,097,501317,102217,101316,4892,106208,499
2022-07-27,Stanislaus,099,539301,131685,130451,20264,150715,1695
2022-07-27,Sutter,101,95872,22943,22811,2374,25185,228
2022-07-27,Tehama,103,63373,13134,13036,2901,15937,207
2022-07-27,Trinity,105,12862,1345,1337,343,1680,20
2022-07-27,Tulare,107,460477,116786,116167,32805,148972,1514
2022-07-27,Tuolumne,109,53932,14793,14594,866,15460,196
2022-07-27,Ventura,111,848112,199119,197572,13941,211513,1527
2022-07-27,Yolo,113,214977,45663,45359,4028,49387,326
2022-07-27,Yuba,115,75493,17968,17873,1548,19421,124
2022-07-26,Alameda,001,1643700,328875,325669,18487,344156,1938
2022-07-26,Alpine,003,1148,130,130,1,131,0
2022-07-26,Amador,005,37829,9621,9568,840,10408,87
2022-07-26,Butte,007,227075,37600,37146,8391,45537,441
2022-07-26,Calaveras,009,45235,8154,8105,469,8574,130
2022-07-26,Colusa,011,21464,3667,3649,1192,4841,22
2022-07-26,Contra Costa,013,1133247,238062,233236,19034,252270,1374
2022-07-26,Del Norte,015,27424,7133,7161,371,7532,54
2022-07-26,El Dorado,017,186661,31063,30891,4004,34895,222
2022-07-26,Fresno,019,978130,262095,259483,28815,288298,2801
2022-07-26,Glenn,021,27897,5374,5327,1790,7117,48
2022-07-26,Humboldt,023,135768,20541,20406,4377,24783,150
2022-07-26,Imperial,025,180216,62679,62014,13921,75935,948
2022-07-26,Inyo,027,18085,4393,4381,798,5179,57
2022-07-26,Kern,029,883053,211254,209400,56477,265877,2368
2022-07-26,Kings,031,150075,56745,56417,3864,60281,451
2022-07-26,Lake,033,64148,12109,12025,1086,13111,142
2022-07-26,Lassen,035,31185,9552,9509,956,10465,64
2022-07-26,Los Angeles,037,10098052,3136552,3107063,164365,3271428,32392
2022-07-26,Madera,039,155013,41693,41423,7401,48824,372
2022-07-26,Marin,041,260295,42975,42624,4902,47526,300
2022-07-26,Mariposa,043,17540,2954,2927,310,3237,30
2022-07-26,Mendocino,045,87422,15231,15066,4112,19178,131
2022-07-26,Merced,047,269075,69263,68455,10500,78955,838
2022-07-26,Modoc,049,8938,844,840,311,1151,10
2022-07-26,Mono,051,14174,3161,3148,218,3366,7
2022-07-26,Monterey,053,433212,90190,89520,18821,108341,752
2022-07-26,Napa,055,140530,30785,30647,1331,31978,150
2022-07-26,Nevada,057,99092,18216,18134,1665,19799,132
2022-07-26,Orange,059,3164182,637246,632871,56392,689263,7188
2022-07-26,Placer,061,380077,72643,72194,9005,81199,647
2022-07-26,Plumas,063,18699,3492,3472,425,3897,13
2022-07-26,Riverside,065,2383286,664485,659650,32772,692422,6528
2022-07-26,Sacramento,067,1510023,330218,328249,31879,360128,3146
2022-07-26,San Benito,069,59416,15256,15188,830,16018,100
2022-07-26,San Bernardino,071,2135413,640938,629895,28661,658556,7937
2022-07-26,San Diego,073,3302833,883162,876507,67280,943787,5386
2022-07-26,San Francisco,075,870044,169704,168570,11365,179935,931
2022-07-26,San Joaquin,077,732212,188358,187066,13188,200254,2267
2022-07-26,San Luis Obispo,079,281455,60654,60180,6422,66602,502
2022-07-26,San Mateo,081,765935,159813,158343,10119,168462,724
2022-07-26,Santa Barbara,083,443738,100228,99460,6098,105558,707
2022-07-26,Santa Clara,085,1922200,407877,404896,17750,422646,2380
2022-07-26,Santa Cruz,087,273765,59424,58873,3136,62009,269
2022-07-26,Shasta,089,179085,33581,33314,6923,40237,578
2022-07-26,Sierra,091,2930,294,293,58,351,4
2022-07-26,Siskiyou,093,43540,5003,4975,3170,8145,84
2022-07-26,Solano,095,438530,100082,98579,7326,105905,457
2022-07-26,Sonoma,097,501317,102069,101316,4864,106180,499
2022-07-26,Stanislaus,099,539301,131471,130451,20238,150689,1695
2022-07-26,Sutter,101,95872,22913,22811,2373,25184,228
2022-07-26,Tehama,103,63373,13115,13036,2897,15933,207
2022-07-26,Trinity,105,12862,1344,1337,341,1678,20
2022-07-26,Tulare,107,460477,116636,116167,32718,148885,1514
2022-07-26,Tuolumne,109,53932,14774,14594,864,15458,196
2022-07-26,Ventura,111,848112,198808,197572,13883,211455,1527
2022-07-26,Yolo,113,214977,45613,45359,4017,49376,326
2022-07-26,Yuba,115,75493,17950,17873,1547,19420,124
2022-07-25,Alameda,001,1643700,328142,325669,18425,344094,1938
2022-07-25,Alpine,003,1148,130,130,1,131,0
2022-07-25,Amador,005,37829,9608,9568,837,10405,87
2022-07-25,Butte,007,227075,37524,37146,8376,45522,441
2022-07-25,Calaveras,009,45235,8143,8105,468,8573,130
2022-07-25,Colusa,011,21464,3666,3649,1189,4838,22
2022-07-25,Contra Costa,013,1133247,237578,233236,18952,252188,1374
2022-07-25,Del Norte,015,27424,7126,7161,370,7531,54
2022-07-25,El Dorado,017,186661,31024,30891,3990,34881,222
2022-07-25,Fresno,019,978130,261503,259483,28713,288196,2801
2022-07-25,Glenn,021,27897,5366,5327,1787,7114,48
2022-07-25,Humboldt,023,135768,20509,20406,4357,24763,150
2022-07-25,Imperial,025,180216,62560,62014,13833,75847,948
2022-07-25,Inyo,027,18085,4391,4381,792,5173,57
2022-07-25,Kern,029,883053,210963,209400,56250,265650,2368
2022-07-25,Kings,031,150075,56610,56417,3854,60271,451
2022-07-25,Lake,033,64148,12088,12025,1084,13109,142
2022-07-25,Lassen,035,31185,9545,9509,955,10464,64
2022-07-25,Los Angeles,037,10098052,3130712,3107063,163799,3270862,32392
2022-07-25,Madera,039,155013,41606,41423,7375,48798,372
2022-07-25,Marin,041,260295,42901,42624,4895,47519,300
2022-07-25,Mariposa,043,17540,2951,2927,307,3234,30
2022-07-25,Mendocino,045,87422,15192,15066,4099,19165,131
2022-07-25,Merced,047,269075,69150,68455,10469,78924,838
2022-07-25,Modoc,049,8938,839,840,309,1149,10
2022-07-25,Mono,051,14174,3159,3148,217,3365,7
2022-07-25,Monterey,053,433212,90035,89520,18711,108231,752
2022-07-25,Napa,055,140530,30742,30647,1330,31977,150
2022-07-25,Nevada,057,99092,18204,18134,1657,19791,132
2022-07-25,Orange,059,3164182,635999,632871,56186,689057,7188
2022-07-25,Placer,061,380077,72559,72194,8999,81193,647
2022-07-25,Plumas,063,18699,3486,3472,424,3896,13
2022-07-25,Riverside,065,2383286,663396,659650,32692,692342,6528
2022-07-25,Sacramento,067,1510023,329686,328249,31817,360066,3146
2022-07-25,San Benito,069,59416,15224,15188,828,16016,100
2022-07-25,San Bernardino,071,2135413,639774,629895,28603,658498,7937
2022-07-25,San Diego,073,3302833,881379,876507,67088,943595,5386
2022-07-25,San Francisco,075,870044,169389,168570,11350,179920,931
2022-07-25,San Joaquin,077,732212,188068,187066,13116,200182,2267
2022-07-25,San Luis Obispo,079,281455,60550,60180,6389,66569,502
2022-07-25,San Mateo,081,765935,159441,158343,10098,168441,724
2022-07-25,Santa Barbara,083,443738,100036,99460,6073,105533,707
2022-07-25,Santa Clara,085,1922200,406985,404896,17670,422566,2380
2022-07-25,Santa Cruz,087,273765,59303,58873,3123,61996,269
2022-07-25,Shasta,089,179085,33530,33314,6915,40229,578
2022-07-25,Sierra,091,2930,293,293,58,351,4
2022-07-25,Siskiyou,093,43540,4997,4975,3161,8136,84
2022-07-25,Solano,095,438530,99836,98579,7311,105890,457
2022-07-25,Sonoma,097,501317,101910,101316,4846,106162,499
2022-07-25,Stanislaus,099,539301,131274,130451,20210,150661,1695
2022-07-25,Sutter,101,95872,22867,22811,2372,25183,228
2022-07-25,Tehama,103,63373,13098,13036,2889,15925,207
2022-07-25,Trinity,105,12862,1342,1337,341,1678,20
2022-07-25,Tulare,107,460477,116425,116167,32621,148788,1514
2022-07-25,Tuolumne,109,53932,14755,14594,864,15458,196
2022-07-25,Ventura,111,848112,198501,197572,13827,211399,1527
2022-07-25,Yolo,113,214977,45549,45359,4001,49360,326
2022-07-25,Yuba,115,75493,17912,17873,1546,19419,124
2022-07-24,Alameda,001,1643700,327336,323165,18382,341547,1933
2022-07-24,Alpine,003,1148,130,130,1,131,0
2022-07-24,Amador,005,37829,9586,9526,834,10360,87
2022-07-24,Butte,007,227075,37459,36994,8348,45342,440
2022-07-24,Calaveras,009,45235,8126,8064,466,8530,128
2022-07-24,Colusa,011,21464,3660,3639,1189,4828,22
2022-07-24,Contra Costa,013,1133247,237046,231714,18872,250586,1363
2022-07-24,Del Norte,015,27424,7108,7128,366,7494,54
2022-07-24,El Dorado,017,186661,30977,30722,3973,34695,222
2022-07-24,Fresno,019,978130,260849,257571,28613,286184,2792
2022-07-24,Glenn,021,27897,5360,5311,1785,7096,48
2022-07-24,Humboldt,023,135768,20476,20283,4340,24623,150
2022-07-24,Imperial,025,180216,62398,61671,13712,75383,948
2022-07-24,Inyo,027,18085,4387,4366,781,5147,57
2022-07-24,Kern,029,883053,210594,208535,56011,264546,2366
2022-07-24,Kings,031,150075,56485,56103,3841,59944,451
2022-07-24,Lake,033,64148,12062,11957,1081,13038,142
2022-07-24,Lassen,035,31185,9519,9504,952,10456,64
2022-07-24,Los Angeles,037,10098052,3124228,3085376,163112,3248488,32340
2022-07-24,Madera,039,155013,41509,41145,7344,48489,372
2022-07-24,Marin,041,260295,42831,42347,4883,47230,300
2022-07-24,Mariposa,043,17540,2948,2897,306,3203,30
2022-07-24,Mendocino,045,87422,15142,14988,4067,19055,131
2022-07-24,Merced,047,269075,68993,68127,10410,78537,837
2022-07-24,Modoc,049,8938,839,829,308,1137,10
2022-07-24,Mono,051,14174,3158,3141,217,3358,7
2022-07-24,Monterey,053,433212,89858,89067,18611,107678,747
2022-07-24,Napa,055,140530,30689,30495,1329,31824,148
2022-07-24,Nevada,057,99092,18185,18073,1648,19721,131
2022-07-24,Orange,059,3164182,634648,627948,55947,683895,7181
2022-07-24,Placer,061,380077,72435,71870,8986,80856,644
2022-07-24,Plumas,063,18699,3485,3464,424,3888,13
2022-07-24,Riverside,065,2383286,662102,655603,32578,688181,6527
2022-07-24,Sacramento,067,1510023,329007,326216,31748,357964,3136
2022-07-24,San Benito,069,59416,15203,15049,827,15876,100
2022-07-24,San Bernardino,071,2135413,638392,626059,28522,654581,7933
2022-07-24,San Diego,073,3302833,879303,870102,66895,936997,5380
2022-07-24,San Francisco,075,870044,168934,167260,11320,178580,931
2022-07-24,San Joaquin,077,732212,187708,186142,13045,199187,2267
2022-07-24,San Luis Obispo,079,281455,60403,59919,6357,66276,500
2022-07-24,San Mateo,081,765935,159100,157266,10075,167341,724
2022-07-24,Santa Barbara,083,443738,99810,98826,6033,104859,706
2022-07-24,Santa Clara,085,1922200,406029,401495,17629,419124,2381
2022-07-24,Santa Cruz,087,273765,59131,58386,3102,61488,268
2022-07-24,Shasta,089,179085,33466,33185,6900,40085,578
2022-07-24,Sierra,091,2930,293,293,58,351,4
2022-07-24,Siskiyou,093,43540,4993,4938,3145,8083,84
2022-07-24,Solano,095,438530,99620,98016,7297,105313,457
2022-07-24,Sonoma,097,501317,101707,100735,4825,105560,499
2022-07-24,Stanislaus,099,539301,130980,129813,20173,149986,1695
2022-07-24,Sutter,101,95872,22816,22687,2369,25056,228
2022-07-24,Tehama,103,63373,13087,12974,2879,15853,207
2022-07-24,Trinity,105,12862,1341,1330,339,1669,20
2022-07-24,Tulare,107,460477,116240,115548,32518,148066,1513
2022-07-24,Tuolumne,109,53932,14721,14514,863,15377,196
2022-07-24,Ventura,111,848112,198092,196127,13725,209852,1525
2022-07-24,Yolo,113,214977,45474,45141,3989,49130,327
2022-07-24,Yuba,115,75493,17885,17770,1544,19314,124
2022-07-23,Alameda,001,1643700,326920,323165,18366,341531,1933
2022-07-23,Alpine,003,1148,130,130,1,131,0
2022-07-23,Amador,005,37829,9577,9526,834,10360,87
2022-07-23,Butte,007,227075,37412,36994,8341,45335,440
2022-07-23,Calaveras,009,45235,8115,8064,466,8530,128
2022-07-23,Colusa,011,21464,3655,3639,1189,4828,22
2022-07-23,Contra Costa,013,1133247,236748,231714,18842,250556,1363
2022-07-23,Del Norte,015,27424,7105,7128,365,7493,54
2022-07-23,El Dorado,017,186661,30959,30722,3971,34693,222
2022-07-23,Fresno,019,978130,260624,257571,28557,286128,2792
2022-07-23,Glenn,021,27897,5358,5311,1783,7094,48
2022-07-23,Humboldt,023,135768,20449,20283,4327,24610,150
2022-07-23,Imperial,025,180216,62337,61671,13690,75361,948
2022-07-23,Inyo,027,18085,4385,4366,780,5146,57
2022-07-23,Kern,029,883053,210426,208535,55868,264403,2366
2022-07-23,Kings,031,150075,56442,56103,3838,59941,451
2022-07-23,Lake,033,64148,12051,11957,1080,13037,142
2022-07-23,Lassen,035,31185,9517,9504,952,10456,64
2022-07-23,Los Angeles,037,10098052,3121387,3085376,162657,3248033,32340
2022-07-23,Madera,039,155013,41449,41145,7338,48483,372
2022-07-23,Marin,041,260295,42756,42347,4873,47220,300
2022-07-23,Mariposa,043,17540,2945,2897,306,3203,30
2022-07-23,Mendocino,045,87422,15122,14988,4060,19048,131
2022-07-23,Merced,047,269075,68922,68127,10395,78522,837
2022-07-23,Modoc,049,8938,839,829,308,1137,10
2022-07-23,Mono,051,14174,3157,3141,217,3358,7
2022-07-23,Monterey,053,433212,89770,89067,18590,107657,747
2022-07-23,Napa,055,140530,30656,30495,1328,31823,148
2022-07-23,Nevada,057,99092,18173,18073,1646,19719,131
2022-07-23,Orange,059,3164182,633949,627948,55753,683701,7181
2022-07-23,Placer,061,380077,72363,71870,8976,80846,644
2022-07-23,Plumas,063,18699,3484,3464,424,3888,13
2022-07-23,Riverside,065,2383286,661394,655603,32538,688141,6527
2022-07-23,Sacramento,067,1510023,328732,326216,31732,357948,3136
2022-07-23,San Benito,069,59416,15194,15049,818,15867,100
2022-07-23,San Bernardino,071,2135413,637767,626059,28479,654538,7933
2022-07-23,San Diego,073,3302833,878476,870102,66834,936936,5380
2022-07-23,San Francisco,075,870044,168742,167260,11304,178564,931
2022-07-23,San Joaquin,077,732212,187552,186142,13022,199164,2267
2022-07-23,San Luis Obispo,079,281455,60374,59919,6346,66265,500
2022-07-23,San Mateo,081,765935,158925,157266,10061,167327,724
2022-07-23,Santa Barbara,083,443738,99711,98826,6002,104828,706
2022-07-23,Santa Clara,085,1922200,405415,401495,17604,419099,2381
2022-07-23,Santa Cruz,087,273765,59080,58386,3090,61476,268
2022-07-23,Shasta,089,179085,33427,33185,6894,40079,578
2022-07-23,Sierra,091,2930,293,293,58,351,4
2022-07-23,Siskiyou,093,43540,4989,4938,3143,8081,84
2022-07-23,Solano,095,438530,99554,98016,7291,105307,457
2022-07-23,Sonoma,097,501317,101619,100735,4815,105550,499
2022-07-23,Stanislaus,099,539301,130849,129813,20137,149950,1695
2022-07-23,Sutter,101,95872,22795,22687,2369,25056,228
2022-07-23,Tehama,103,63373,13073,12974,2876,15850,207
2022-07-23,Trinity,105,12862,1341,1330,338,1668,20
2022-07-23,Tulare,107,460477,116124,115548,32449,147997,1513
2022-07-23,Tuolumne,109,53932,14698,14514,863,15377,196
2022-07-23,Ventura,111,848112,197908,196127,13690,209817,1525
2022-07-23,Yolo,113,214977,45439,45141,3981,49122,327
2022-07-23,Yuba,115,75493,17872,17770,1540,19310,124
2022-07-22,Alameda,001,1643700,326510,323165,18337,341502,1933
2022-07-22,Alpine,003,1148,130,130,1,131,0
2022-07-22,Amador,005,37829,9571,9526,833,10359,87
2022-07-22,Butte,007,227075,37377,36994,8325,45319,440
2022-07-22,Calaveras,009,45235,8106,8064,466,8530,128
2022-07-22,Colusa,011,21464,3654,3639,1185,4824,22
2022-07-22,Contra Costa,013,1133247,236454,231714,18805,250519,1363
2022-07-22,Del Norte,015,27424,7098,7128,365,7493,54
2022-07-22,El Dorado,017,186661,30930,30722,3966,34688,222
2022-07-22,Fresno,019,978130,260342,257571,28508,286079,2792
2022-07-22,Glenn,021,27897,5353,5311,1782,7093,48
2022-07-22,Humboldt,023,135768,20425,20283,4317,24600,150
2022-07-22,Imperial,025,180216,62246,61671,13658,75329,948
2022-07-22,Inyo,027,18085,4385,4366,773,5139,57
2022-07-22,Kern,029,883053,210225,208535,55717,264252,2366
2022-07-22,Kings,031,150075,56406,56103,3837,59940,451
2022-07-22,Lake,033,64148,12037,11957,1078,13035,142
2022-07-22,Lassen,035,31185,9517,9504,952,10456,64
2022-07-22,Los Angeles,037,10098052,3117854,3085376,162206,3247582,32340
2022-07-22,Madera,039,155013,41406,41145,7327,48472,372
2022-07-22,Marin,041,260295,42701,42347,4865,47212,300
2022-07-22,Mariposa,043,17540,2943,2897,306,3203,30
2022-07-22,Mendocino,045,87422,15098,14988,4052,19040,131
2022-07-22,Merced,047,269075,68851,68127,10383,78510,837
2022-07-22,Modoc,049,8938,839,829,308,1137,10
2022-07-22,Mono,051,14174,3156,3141,216,3357,7
2022-07-22,Monterey,053,433212,89680,89067,18556,107623,747
2022-07-22,Napa,055,140530,30625,30495,1328,31823,148
2022-07-22,Nevada,057,99092,18161,18073,1639,19712,131
2022-07-22,Orange,059,3164182,633175,627948,55594,683542,7181
2022-07-22,Placer,061,380077,72318,71870,8968,80838,644
2022-07-22,Plumas,063,18699,3483,3464,424,3888,13
2022-07-22,Riverside,065,2383286,660651,655603,32474,688077,6527
2022-07-22,Sacramento,067,1510023,328375,326216,31705,357921,3136
2022-07-22,San Benito,069,59416,15185,15049,818,15867,100
2022-07-22,San Bernardino,071,2135413,637146,626059,28434,654493,7933
2022-07-22,San Diego,073,3302833,877397,870102,66696,936798,5380
2022-07-22,San Francisco,075,870044,168549,167260,11275,178535,931
2022-07-22,San Joaquin,077,732212,187391,186142,12991,199133,2267
2022-07-22,San Luis Obispo,079,281455,60319,59919,6334,66253,500
2022-07-22,San Mateo,081,765935,158697,157266,10048,167314,724
2022-07-22,Santa Barbara,083,443738,99609,98826,5996,104822,706
2022-07-22,Santa Clara,085,1922200,404761,401495,17578,419073,2381
2022-07-22,Santa Cruz,087,273765,58974,58386,3082,61468,268
2022-07-22,Shasta,089,179085,33396,33185,6889,40074,578
2022-07-22,Sierra,091,2930,293,293,58,351,4
2022-07-22,Siskiyou,093,43540,4982,4938,3140,8078,84
2022-07-22,Solano,095,438530,99416,98016,7280,105296,457
2022-07-22,Sonoma,097,501317,101513,100735,4797,105532,499
2022-07-22,Stanislaus,099,539301,130719,129813,20112,149925,1695
2022-07-22,Sutter,101,95872,22771,22687,2368,25055,228
2022-07-22,Tehama,103,63373,13064,12974,2874,15848,207
2022-07-22,Trinity,105,12862,1339,1330,337,1667,20
2022-07-22,Tulare,107,460477,116012,115548,32390,147938,1513
2022-07-22,Tuolumne,109,53932,14674,14514,859,15373,196
2022-07-22,Ventura,111,848112,197721,196127,13655,209782,1525
2022-07-22,Yolo,113,214977,45385,45141,3964,49105,327
2022-07-22,Yuba,115,75493,17858,17770,1538,19308,124
2022-07-21,Alameda,001,1643700,325834,323165,18288,341453,1933
2022-07-21,Alpine,003,1148,130,130,1,131,0
2022-07-21,Amador,005,37829,9564,9526,831,10357,87
2022-07-21,Butte,007,227075,37336,36994,8305,45299,440
2022-07-21,Calaveras,009,45235,8091,8064,464,8528,128
2022-07-21,Colusa,011,21464,3650,3639,1183,4822,22
2022-07-21,Contra Costa,013,1133247,236073,231714,18748,250462,1363
2022-07-21,Del Norte,015,27424,7088,7128,365,7493,54
2022-07-21,El Dorado,017,186661,30879,30722,3963,34685,222
2022-07-21,Fresno,019,978130,259868,257571,28427,285998,2792
2022-07-21,Glenn,021,27897,5347,5311,1782,7093,48
2022-07-21,Humboldt,023,135768,20394,20283,4294,24577,150
2022-07-21,Imperial,025,180216,62133,61671,13562,75233,948
2022-07-21,Inyo,027,18085,4381,4366,766,5132,57
2022-07-21,Kern,029,883053,209951,208535,55534,264069,2366
2022-07-21,Kings,031,150075,56333,56103,3824,59927,451
2022-07-21,Lake,033,64148,12024,11957,1075,13032,142
2022-07-21,Lassen,035,31185,9514,9504,952,10456,64
2022-07-21,Los Angeles,037,10098052,3112246,3085376,161589,3246965,32340
2022-07-21,Madera,039,155013,41331,41145,7305,48450,372
2022-07-21,Marin,041,260295,42636,42347,4861,47208,300
2022-07-21,Mariposa,043,17540,2939,2897,305,3202,30
2022-07-21,Mendocino,045,87422,15072,14988,4046,19034,131
2022-07-21,Merced,047,269075,68746,68127,10358,78485,837
2022-07-21,Modoc,049,8938,837,829,308,1137,10
2022-07-21,Mono,051,14174,3152,3141,215,3356,7
2022-07-21,Monterey,053,433212,89556,89067,18481,107548,747
2022-07-21,Napa,055,140530,30581,30495,1328,31823,148
2022-07-21,Nevada,057,99092,18142,18073,1633,19706,131
2022-07-21,Orange,059,3164182,632051,627948,55373,683321,7181
2022-07-21,Placer,061,380077,72210,71870,8946,80816,644
2022-07-21,Plumas,063,18699,3482,3464,424,3888,13
2022-07-21,Riverside,065,2383286,659587,655603,32401,688004,6527
2022-07-21,Sacramento,067,1510023,327860,326216,31664,357880,3136
2022-07-21,San Benito,069,59416,15143,15049,815,15864,100
2022-07-21,San Bernardino,071,2135413,636122,626059,28369,654428,7933
2022-07-21,San Diego,073,3302833,875719,870102,66501,936603,5380
2022-07-21,San Francisco,075,870044,168195,167260,11223,178483,931
2022-07-21,San Joaquin,077,732212,187137,186142,12950,199092,2267
2022-07-21,San Luis Obispo,079,281455,60263,59919,6304,66223,500
2022-07-21,San Mateo,081,765935,158398,157266,10033,167299,724
2022-07-21,Santa Barbara,083,443738,99448,98826,5976,104802,706
2022-07-21,Santa Clara,085,1922200,403959,401495,17540,419035,2381
2022-07-21,Santa Cruz,087,273765,58856,58386,3067,61453,268
2022-07-21,Shasta,089,179085,33346,33185,6875,40060,578
2022-07-21,Sierra,091,2930,293,293,58,351,4
2022-07-21,Siskiyou,093,43540,4971,4938,3134,8072,84
2022-07-21,Solano,095,438530,99270,98016,7272,105288,457
2022-07-21,Sonoma,097,501317,101369,100735,4783,105518,499
2022-07-21,Stanislaus,099,539301,130528,129813,20089,149902,1695
2022-07-21,Sutter,101,95872,22744,22687,2366,25053,228
2022-07-21,Tehama,103,63373,13047,12974,2863,15837,207
2022-07-21,Trinity,105,12862,1335,1330,337,1667,20
2022-07-21,Tulare,107,460477,115860,115548,32309,147857,1513
2022-07-21,Tuolumne,109,53932,14641,14514,856,15370,196
2022-07-21,Ventura,111,848112,197395,196127,13565,209692,1525
2022-07-21,Yolo,113,214977,45324,45141,3951,49092,327
2022-07-21,Yuba,115,75493,17830,17770,1535,19305,124
2022-07-20,Alameda,001,1643700,325155,321347,18247,339594,1915
2022-07-20,Alpine,003,1148,130,130,1,131,0
2022-07-20,Amador,005,37829,9546,9478,829,10307,87
2022-07-20,Butte,007,227075,37287,36820,8285,45105,440
2022-07-20,Calaveras,009,45235,8082,8035,463,8498,126
2022-07-20,Colusa,011,21464,3646,3627,1181,4808,22
2022-07-20,Contra Costa,013,1133247,235674,230356,18699,249055,1362
2022-07-20,Del Norte,015,27424,7079,7081,365,7446,54
2022-07-20,El Dorado,017,186661,30848,30628,3953,34581,221
2022-07-20,Fresno,019,978130,259353,256217,28356,284573,2790
2022-07-20,Glenn,021,27897,5343,5287,1779,7066,48
2022-07-20,Humboldt,023,135768,20355,20149,4276,24425,150
2022-07-20,Imperial,025,180216,61989,61170,13466,74636,944
2022-07-20,Inyo,027,18085,4379,4355,761,5116,56
2022-07-20,Kern,029,883053,209658,207603,55347,262950,2366
2022-07-20,Kings,031,150075,56248,55836,3813,59649,449
2022-07-20,Lake,033,64148,12003,11895,1070,12965,142
2022-07-20,Lassen,035,31185,9505,9455,952,10407,64
2022-07-20,Los Angeles,037,10098052,3106636,3068779,160964,3229743,32292
2022-07-20,Madera,039,155013,41259,40902,7285,48187,372
2022-07-20,Marin,041,260295,42556,42153,4854,47007,300
2022-07-20,Mariposa,043,17540,2924,2884,303,3187,30
2022-07-20,Mendocino,045,87422,15057,14890,4034,18924,131
2022-07-20,Merced,047,269075,68646,67775,10334,78109,833
2022-07-20,Modoc,049,8938,836,799,307,1106,9
2022-07-20,Mono,051,14174,3149,3138,212,3350,7
2022-07-20,Monterey,053,433212,89418,88606,18400,107006,747
2022-07-20,Napa,055,140530,30543,30353,1326,31679,145
2022-07-20,Nevada,057,99092,18116,18020,1627,19647,131
2022-07-20,Orange,059,3164182,630783,624998,55132,680130,7173
2022-07-20,Placer,061,380077,72129,71614,8928,80542,639
2022-07-20,Plumas,063,18699,3476,3433,423,3856,13
2022-07-20,Riverside,065,2383286,658490,652192,32302,684494,6510
2022-07-20,Sacramento,067,1510023,327311,324765,31619,356384,3123
2022-07-20,San Benito,069,59416,15111,14966,812,15778,100
2022-07-20,San Bernardino,071,2135413,635084,622760,28307,651067,7921
2022-07-20,San Diego,073,3302833,873888,864434,66319,930753,5375
2022-07-20,San Francisco,075,870044,167868,166241,11205,177446,929
2022-07-20,San Joaquin,077,732212,186848,185319,12895,198214,2262
2022-07-20,San Luis Obispo,079,281455,60193,59727,6275,66002,499
2022-07-20,San Mateo,081,765935,158110,156191,10008,166199,724
2022-07-20,Santa Barbara,083,443738,99269,98322,5949,104271,703
2022-07-20,Santa Clara,085,1922200,403152,398816,17505,416321,2374
2022-07-20,Santa Cruz,087,273765,58742,58004,3054,61058,267
2022-07-20,Shasta,089,179085,33304,33017,6868,39885,576
2022-07-20,Sierra,091,2930,293,292,58,350,4
2022-07-20,Siskiyou,093,43540,4956,4921,3127,8048,84
2022-07-20,Solano,095,438530,99102,97577,7252,104829,459
2022-07-20,Sonoma,097,501317,101181,100304,4770,105074,499
2022-07-20,Stanislaus,099,539301,130361,129200,20050,149250,1695
2022-07-20,Sutter,101,95872,22709,22592,2363,24955,228
2022-07-20,Tehama,103,63373,13031,12923,2859,15782,205
2022-07-20,Trinity,105,12862,1335,1319,336,1655,20
2022-07-20,Tulare,107,460477,115677,115073,32195,147268,1510
2022-07-20,Tuolumne,109,53932,14615,14389,855,15244,196
2022-07-20,Ventura,111,848112,197076,195189,13492,208681,1522
2022-07-20,Yolo,113,214977,45268,44950,3940,48890,325
2022-07-20,Yuba,115,75493,17806,17661,1534,19195,124
2022-07-19,Alameda,001,1643700,324481,321347,18222,339569,1915
2022-07-19,Alpine,003,1148,130,130,1,131,0
2022-07-19,Amador,005,37829,9534,9478,825,10303,87
2022-07-19,Butte,007,227075,37234,36820,8271,45091,440
2022-07-19,Calaveras,009,45235,8072,8035,463,8498,126
2022-07-19,Colusa,011,21464,3643,3627,1177,4804,22
2022-07-19,Contra Costa,013,1133247,235225,230356,18642,248998,1362
2022-07-19,Del Norte,015,27424,7071,7081,364,7445,54
2022-07-19,El Dorado,017,186661,30804,30628,3944,34572,221
2022-07-19,Fresno,019,978130,258744,256217,28268,284485,2790
2022-07-19,Glenn,021,27897,5336,5287,1778,7065,48
2022-07-19,Humboldt,023,135768,20320,20149,4262,24411,150
2022-07-19,Imperial,025,180216,61854,61170,13376,74546,944
2022-07-19,Inyo,027,18085,4377,4355,759,5114,56
2022-07-19,Kern,029,883053,209380,207603,55154,262757,2366
2022-07-19,Kings,031,150075,56145,55836,3794,59630,449
2022-07-19,Lake,033,64148,11982,11895,1062,12957,142
2022-07-19,Lassen,035,31185,9497,9455,952,10407,64
2022-07-19,Los Angeles,037,10098052,3100458,3068779,160260,3229039,32292
2022-07-19,Madera,039,155013,41180,40902,7262,48164,372
2022-07-19,Marin,041,260295,42493,42153,4841,46994,300
2022-07-19,Mariposa,043,17540,2919,2884,302,3186,30
2022-07-19,Mendocino,045,87422,15025,14890,4023,18913,131
2022-07-19,Merced,047,269075,68541,67775,10302,78077,833
2022-07-19,Modoc,049,8938,835,799,307,1106,9
2022-07-19,Mono,051,14174,3145,3138,212,3350,7
2022-07-19,Monterey,053,433212,89267,88606,18319,106925,747
2022-07-19,Napa,055,140530,30487,30353,1322,31675,145
2022-07-19,Nevada,057,99092,18102,18020,1620,19640,131
2022-07-19,Orange,059,3164182,629501,624998,54882,679880,7173
2022-07-19,Placer,061,380077,72041,71614,8911,80525,639
2022-07-19,Plumas,063,18699,3470,3433,421,3854,13
2022-07-19,Riverside,065,2383286,657182,652192,32208,684400,6510
2022-07-19,Sacramento,067,1510023,326682,324765,31578,356343,3123
2022-07-19,San Benito,069,59416,15067,14966,810,15776,100
2022-07-19,San Bernardino,071,2135413,633966,622760,28234,650994,7921
2022-07-19,San Diego,073,3302833,871794,864434,66072,930506,5375
2022-07-19,San Francisco,075,870044,167516,166241,11186,177427,929
2022-07-19,San Joaquin,077,732212,186570,185319,12837,198156,2262
2022-07-19,San Luis Obispo,079,281455,60109,59727,6237,65964,499
2022-07-19,San Mateo,081,765935,157815,156191,9984,166175,724
2022-07-19,Santa Barbara,083,443738,99058,98322,5927,104249,703
2022-07-19,Santa Clara,085,1922200,402204,398816,17454,416270,2374
2022-07-19,Santa Cruz,087,273765,58620,58004,3039,61043,267
2022-07-19,Shasta,089,179085,33272,33017,6854,39871,576
2022-07-19,Sierra,091,2930,293,292,58,350,4
2022-07-19,Siskiyou,093,43540,4949,4921,3120,8041,84
2022-07-19,Solano,095,438530,98877,97577,7227,104804,459
2022-07-19,Sonoma,097,501317,101024,100304,4742,105046,499
2022-07-19,Stanislaus,099,539301,130118,129200,20018,149218,1695
2022-07-19,Sutter,101,95872,22679,22592,2360,24952,228
2022-07-19,Tehama,103,63373,13017,12923,2852,15775,205
2022-07-19,Trinity,105,12862,1332,1319,335,1654,20
2022-07-19,Tulare,107,460477,115494,115073,32087,147160,1510
2022-07-19,Tuolumne,109,53932,14591,14389,846,15235,196
2022-07-19,Ventura,111,848112,196730,195189,13414,208603,1522
2022-07-19,Yolo,113,214977,45207,44950,3930,48880,325
2022-07-19,Yuba,115,75493,17773,17661,1533,19194,124
2022-07-18,Alameda,001,1643700,323742,321347,18187,339534,1915
2022-07-18,Alpine,003,1148,130,130,1,131,0
2022-07-18,Amador,005,37829,9519,9478,825,10303,87
2022-07-18,Butte,007,227075,37164,36820,8258,45078,440
2022-07-18,Calaveras,009,45235,8061,8035,460,8495,126
2022-07-18,Colusa,011,21464,3640,3627,1171,4798,22
2022-07-18,Contra Costa,013,1133247,234760,230356,18571,248927,1362
2022-07-18,Del Norte,015,27424,7060,7081,362,7443,54
2022-07-18,El Dorado,017,186661,30752,30628,3935,34563,221
2022-07-18,Fresno,019,978130,258151,256217,28187,284404,2790
2022-07-18,Glenn,021,27897,5334,5287,1778,7065,48
2022-07-18,Humboldt,023,135768,20279,20149,4242,24391,150
2022-07-18,Imperial,025,180216,61689,61170,13279,74449,944
2022-07-18,Inyo,027,18085,4373,4355,758,5113,56
2022-07-18,Kern,029,883053,209068,207603,54901,262504,2366
2022-07-18,Kings,031,150075,56038,55836,3786,59622,449
2022-07-18,Lake,033,64148,11960,11895,1056,12951,142
2022-07-18,Lassen,035,31185,9493,9455,951,10406,64
2022-07-18,Los Angeles,037,10098052,3093625,3068779,159589,3228368,32292
2022-07-18,Madera,039,155013,41073,40902,7234,48136,372
2022-07-18,Marin,041,260295,42413,42153,4831,46984,300
2022-07-18,Mariposa,043,17540,2911,2884,301,3185,30
2022-07-18,Mendocino,045,87422,14996,14890,4012,18902,131
2022-07-18,Merced,047,269075,68419,67775,10276,78051,833
2022-07-18,Modoc,049,8938,834,799,307,1106,9
2022-07-18,Mono,051,14174,3144,3138,212,3350,7
2022-07-18,Monterey,053,433212,89103,88606,18239,106845,747
2022-07-18,Napa,055,140530,30447,30353,1319,31672,145
2022-07-18,Nevada,057,99092,18088,18020,1608,19628,131
2022-07-18,Orange,059,3164182,628020,624998,54617,679615,7173
2022-07-18,Placer,061,380077,71955,71614,8895,80509,639
2022-07-18,Plumas,063,18699,3461,3433,420,3853,13
2022-07-18,Riverside,065,2383286,655897,652192,32097,684289,6510
2022-07-18,Sacramento,067,1510023,326062,324765,31519,356284,3123
2022-07-18,San Benito,069,59416,15028,14966,805,15771,100
2022-07-18,San Bernardino,071,2135413,632703,622760,28162,650922,7921
2022-07-18,San Diego,073,3302833,869480,864434,65800,930234,5375
2022-07-18,San Francisco,075,870044,167099,166241,11161,177402,929
2022-07-18,San Joaquin,077,732212,186237,185319,12788,198107,2262
2022-07-18,San Luis Obispo,079,281455,60013,59727,6212,65939,499
2022-07-18,San Mateo,081,765935,157443,156191,9964,166155,724
2022-07-18,Santa Barbara,083,443738,98860,98322,5906,104228,703
2022-07-18,Santa Clara,085,1922200,401222,398816,17404,416220,2374
2022-07-18,Santa Cruz,087,273765,58471,58004,3027,61031,267
2022-07-18,Shasta,089,179085,33223,33017,6838,39855,576
2022-07-18,Sierra,091,2930,293,292,58,350,4
2022-07-18,Siskiyou,093,43540,4945,4921,3113,8034,84
2022-07-18,Solano,095,438530,98643,97577,7211,104788,459
2022-07-18,Sonoma,097,501317,100845,100304,4724,105028,499
2022-07-18,Stanislaus,099,539301,129895,129200,19978,149178,1695
2022-07-18,Sutter,101,95872,22645,22592,2360,24952,228
2022-07-18,Tehama,103,63373,12996,12923,2852,15775,205
2022-07-18,Trinity,105,12862,1330,1319,334,1653,20
2022-07-18,Tulare,107,460477,115304,115073,31998,147071,1510
2022-07-18,Tuolumne,109,53932,14555,14389,844,15233,196
2022-07-18,Ventura,111,848112,196347,195189,13342,208531,1522
2022-07-18,Yolo,113,214977,45138,44950,3919,48869,325
2022-07-18,Yuba,115,75493,17738,17661,1524,19185,124
2022-07-17,Alameda,001,1643700,322842,318442,18130,336572,1911
2022-07-17,Alpine,003,1148,130,130,1,131,0
2022-07-17,Amador,005,37829,9510,9437,821,10258,87
2022-07-17,Butte,007,227075,37103,36644,8236,44880,440
2022-07-17,Calaveras,009,45235,8045,7994,450,8444,126
2022-07-17,Colusa,011,21464,3634,3617,1165,4782,22
2022-07-17,Contra Costa,013,1133247,234197,228634,18497,247131,1356
2022-07-17,Del Norte,015,27424,7033,6860,360,7220,54
2022-07-17,El Dorado,017,186661,30704,30461,3921,34382,219
2022-07-17,Fresno,019,978130,257456,254088,28082,282170,2790
2022-07-17,Glenn,021,27897,5328,5273,1776,7049,48
2022-07-17,Humboldt,023,135768,20223,20016,4225,24241,150
2022-07-17,Imperial,025,180216,61495,60550,13133,73683,944
2022-07-17,Inyo,027,18085,4363,4343,754,5097,56
2022-07-17,Kern,029,883053,208573,206466,54673,261139,2364
2022-07-17,Kings,031,150075,55901,55432,3763,59195,449
2022-07-17,Lake,033,64148,11928,11835,1052,12887,141
2022-07-17,Lassen,035,31185,9467,9425,947,10372,64
2022-07-17,Los Angeles,037,10098052,3086324,3042708,158788,3201496,32248
2022-07-17,Madera,039,155013,40964,40627,7189,47816,372
2022-07-17,Marin,041,260295,42315,41829,4825,46654,300
2022-07-17,Mariposa,043,17540,2904,2866,301,3167,30
2022-07-17,Mendocino,045,87422,14956,14799,3994,18793,131
2022-07-17,Merced,047,269075,68283,67416,10236,77652,833
2022-07-17,Modoc,049,8938,831,799,307,1106,9
2022-07-17,Mono,051,14174,3142,3131,208,3339,7
2022-07-17,Monterey,053,433212,88910,88118,18169,106287,747
2022-07-17,Napa,055,140530,30388,30176,1318,31494,145
2022-07-17,Nevada,057,99092,18061,17941,1600,19541,131
2022-07-17,Orange,059,3164182,626445,620414,54343,674757,7161
2022-07-17,Placer,061,380077,71866,71232,8876,80108,637
2022-07-17,Plumas,063,18699,3446,3406,420,3826,13
2022-07-17,Riverside,065,2383286,654430,647328,31981,679309,6508
2022-07-17,Sacramento,067,1510023,325399,322788,31460,354248,3119
2022-07-17,San Benito,069,59416,15002,14869,799,15668,100
2022-07-17,San Bernardino,071,2135413,631278,618482,28052,646534,7914
2022-07-17,San Diego,073,3302833,867103,857262,65597,922859,5370
2022-07-17,San Francisco,075,870044,166635,164853,11117,175970,928
2022-07-17,San Joaquin,077,732212,185862,184187,12713,196900,2262
2022-07-17,San Luis Obispo,079,281455,59894,59437,6173,65610,499
2022-07-17,San Mateo,081,765935,157075,154961,9942,164903,723
2022-07-17,Santa Barbara,083,443738,98591,97600,5879,103479,702
2022-07-17,Santa Clara,085,1922200,400167,395466,17350,412816,2371
2022-07-17,Santa Cruz,087,273765,58274,57531,3009,60540,267
2022-07-17,Shasta,089,179085,33171,32871,6812,39683,575
2022-07-17,Sierra,091,2930,293,291,58,349,4
2022-07-17,Siskiyou,093,43540,4935,4899,3099,7998,83
2022-07-17,Solano,095,438530,98443,96974,7187,104161,457
2022-07-17,Sonoma,097,501317,100650,99679,4706,104385,499
2022-07-17,Stanislaus,099,539301,129627,128436,19941,148377,1692
2022-07-17,Sutter,101,95872,22592,22452,2357,24809,228
2022-07-17,Tehama,103,63373,12972,12860,2844,15704,205
2022-07-17,Trinity,105,12862,1327,1304,332,1636,20
2022-07-17,Tulare,107,460477,115081,114399,31905,146304,1510
2022-07-17,Tuolumne,109,53932,14522,14280,836,15116,196
2022-07-17,Ventura,111,848112,195888,193965,13225,207190,1519
2022-07-17,Yolo,113,214977,45060,44703,3902,48605,324
2022-07-17,Yuba,115,75493,17698,17567,1514,19081,124
2022-07-16,Alameda,001,1643700,322426,318442,18113,336555,1911
2022-07-16,Alpine,003,1148,130,130,1,131,0
2022-07-16,Amador,005,37829,9502,9437,821,10258,87
2022-07-16,Butte,007,227075,37082,36644,8221,44865,440
2022-07-16,Calaveras,009,45235,8040,7994,444,8438,126
2022-07-16,Colusa,011,21464,3630,3617,1161,4778,22
2022-07-16,Contra Costa,013,1133247,233888,228634,18446,247080,1356
2022-07-16,Del Norte,015,27424,7022,6860,360,7220,54
2022-07-16,El Dorado,017,186661,30683,30461,3919,34380,219
2022-07-16,Fresno,019,978130,257166,254088,28039,282127,2790
2022-07-16,Glenn,021,27897,5323,5273,1773,7046,48
2022-07-16,Humboldt,023,135768,20192,20016,4213,24229,150
2022-07-16,Imperial,025,180216,61410,60550,13089,73639,944
2022-07-16,Inyo,027,18085,4362,4343,753,5096,56
2022-07-16,Kern,029,883053,208401,206466,54505,260971,2364
2022-07-16,Kings,031,150075,55860,55432,3759,59191,449
2022-07-16,Lake,033,64148,11912,11835,1052,12887,141
2022-07-16,Lassen,035,31185,9465,9425,946,10371,64
2022-07-16,Los Angeles,037,10098052,3082853,3042708,158309,3201017,32248
2022-07-16,Madera,039,155013,40921,40627,7176,47803,372
2022-07-16,Marin,041,260295,42279,41829,4818,46647,300
2022-07-16,Mariposa,043,17540,2902,2866,301,3167,30
2022-07-16,Mendocino,045,87422,14948,14799,3991,18790,131
2022-07-16,Merced,047,269075,68194,67416,10225,77641,833
2022-07-16,Modoc,049,8938,831,799,307,1106,9
2022-07-16,Mono,051,14174,3141,3131,207,3338,7
2022-07-16,Monterey,053,433212,88816,88118,18127,106245,747
2022-07-16,Napa,055,140530,30359,30176,1316,31492,145
2022-07-16,Nevada,057,99092,18047,17941,1593,19534,131
2022-07-16,Orange,059,3164182,625719,620414,54188,674602,7161
2022-07-16,Placer,061,380077,71781,71232,8860,80092,637
2022-07-16,Plumas,063,18699,3442,3406,419,3825,13
2022-07-16,Riverside,065,2383286,653640,647328,31930,679258,6508
2022-07-16,Sacramento,067,1510023,325126,322788,31445,354233,3119
2022-07-16,San Benito,069,59416,14985,14869,795,15664,100
2022-07-16,San Bernardino,071,2135413,630537,618482,27990,646472,7914
2022-07-16,San Diego,073,3302833,866193,857262,65512,922774,5370
2022-07-16,San Francisco,075,870044,166451,164853,11101,175954,928
2022-07-16,San Joaquin,077,732212,185703,184187,12683,196870,2262
2022-07-16,San Luis Obispo,079,281455,59866,59437,6153,65590,499
2022-07-16,San Mateo,081,765935,156834,154961,9932,164893,723
2022-07-16,Santa Barbara,083,443738,98475,97600,5859,103459,702
2022-07-16,Santa Clara,085,1922200,399499,395466,17324,412790,2371
2022-07-16,Santa Cruz,087,273765,58202,57531,3004,60535,267
2022-07-16,Shasta,089,179085,33151,32871,6808,39679,575
2022-07-16,Sierra,091,2930,293,291,58,349,4
2022-07-16,Siskiyou,093,43540,4933,4899,3094,7993,83
2022-07-16,Solano,095,438530,98370,96974,7171,104145,457
2022-07-16,Sonoma,097,501317,100563,99679,4695,104374,499
2022-07-16,Stanislaus,099,539301,129496,128436,19907,148343,1692
2022-07-16,Sutter,101,95872,22569,22452,2356,24808,228
2022-07-16,Tehama,103,63373,12963,12860,2839,15699,205
2022-07-16,Trinity,105,12862,1325,1304,332,1636,20
2022-07-16,Tulare,107,460477,114974,114399,31844,146243,1510
2022-07-16,Tuolumne,109,53932,14498,14280,836,15116,196
2022-07-16,Ventura,111,848112,195662,193965,13184,207149,1519
2022-07-16,Yolo,113,214977,45014,44703,3889,48592,324
2022-07-16,Yuba,115,75493,17674,17567,1514,19081,124
2022-07-15,Alameda,001,1643700,321964,318442,18078,336520,1911
2022-07-15,Alpine,003,1148,130,130,1,131,0
2022-07-15,Amador,005,37829,9499,9437,820,10257,87
2022-07-15,Butte,007,227075,37043,36644,8216,44860,440
2022-07-15,Calaveras,009,45235,8034,7994,440,8434,126
2022-07-15,Colusa,011,21464,3628,3617,1159,4776,22
2022-07-15,Contra Costa,013,1133247,233613,228634,18396,247030,1356
2022-07-15,Del Norte,015,27424,7011,6860,357,7217,54
2022-07-15,El Dorado,017,186661,30655,30461,3916,34377,219
2022-07-15,Fresno,019,978130,256772,254088,27973,282061,2790
2022-07-15,Glenn,021,27897,5320,5273,1770,7043,48
2022-07-15,Humboldt,023,135768,20168,20016,4201,24217,150
2022-07-15,Imperial,025,180216,61336,60550,13047,73597,944
2022-07-15,Inyo,027,18085,4357,4343,748,5091,56
2022-07-15,Kern,029,883053,208186,206466,54334,260800,2364
2022-07-15,Kings,031,150075,55797,55432,3752,59184,449
2022-07-15,Lake,033,64148,11900,11835,1049,12884,141
2022-07-15,Lassen,035,31185,9463,9425,944,10369,64
2022-07-15,Los Angeles,037,10098052,3078663,3042708,157791,3200499,32248
2022-07-15,Madera,039,155013,40858,40627,7157,47784,372
2022-07-15,Marin,041,260295,42219,41829,4807,46636,300
2022-07-15,Mariposa,043,17540,2899,2866,300,3166,30
2022-07-15,Mendocino,045,87422,14924,14799,3986,18785,131
2022-07-15,Merced,047,269075,68134,67416,10216,77632,833
2022-07-15,Modoc,049,8938,830,799,307,1106,9
2022-07-15,Mono,051,14174,3139,3131,206,3337,7
2022-07-15,Monterey,053,433212,88702,88118,18100,106218,747
2022-07-15,Napa,055,140530,30327,30176,1315,31491,145
2022-07-15,Nevada,057,99092,18035,17941,1591,19532,131
2022-07-15,Orange,059,3164182,624875,620414,54012,674426,7161
2022-07-15,Placer,061,380077,71708,71232,8833,80065,637
2022-07-15,Plumas,063,18699,3435,3406,417,3823,13
2022-07-15,Riverside,065,2383286,652813,647328,31868,679196,6508
2022-07-15,Sacramento,067,1510023,324757,322788,31424,354212,3119
2022-07-15,San Benito,069,59416,14970,14869,795,15664,100
2022-07-15,San Bernardino,071,2135413,629791,618482,27949,646431,7914
2022-07-15,San Diego,073,3302833,864918,857262,65347,922609,5370
2022-07-15,San Francisco,075,870044,166199,164853,11059,175912,928
2022-07-15,San Joaquin,077,732212,185526,184187,12645,196832,2262
2022-07-15,San Luis Obispo,079,281455,59834,59437,6141,65578,499
2022-07-15,San Mateo,081,765935,156597,154961,9915,164876,723
2022-07-15,Santa Barbara,083,443738,98346,97600,5852,103452,702
2022-07-15,Santa Clara,085,1922200,398813,395466,17297,412763,2371
2022-07-15,Santa Cruz,087,273765,58112,57531,2992,60523,267
2022-07-15,Shasta,089,179085,33128,32871,6801,39672,575
2022-07-15,Sierra,091,2930,293,291,58,349,4
2022-07-15,Siskiyou,093,43540,4930,4899,3092,7991,83
2022-07-15,Solano,095,438530,98221,96974,7160,104134,457
2022-07-15,Sonoma,097,501317,100440,99679,4686,104365,499
2022-07-15,Stanislaus,099,539301,129372,128436,19887,148323,1692
2022-07-15,Sutter,101,95872,22542,22452,2355,24807,228
2022-07-15,Tehama,103,63373,12956,12860,2831,15691,205
2022-07-15,Trinity,105,12862,1321,1304,332,1636,20
2022-07-15,Tulare,107,460477,114823,114399,31759,146158,1510
2022-07-15,Tuolumne,109,53932,14455,14280,833,15113,196
2022-07-15,Ventura,111,848112,195436,193965,13145,207110,1519
2022-07-15,Yolo,113,214977,44968,44703,3878,48581,324
2022-07-15,Yuba,115,75493,17648,17567,1514,19081,124
2022-07-14,Alameda,001,1643700,321203,318442,18017,336459,1911
2022-07-14,Alpine,003,1148,130,130,1,131,0
2022-07-14,Amador,005,37829,9486,9437,814,10251,87
2022-07-14,Butte,007,227075,37003,36644,8210,44854,440
2022-07-14,Calaveras,009,45235,8027,7994,436,8430,126
2022-07-14,Colusa,011,21464,3628,3617,1157,4774,22
2022-07-14,Contra Costa,013,1133247,233170,228634,18309,246943,1356
2022-07-14,Del Norte,015,27424,6990,6860,355,7215,54
2022-07-14,El Dorado,017,186661,30619,30461,3907,34368,219
2022-07-14,Fresno,019,978130,256238,254088,27878,281966,2790
2022-07-14,Glenn,021,27897,5311,5273,1767,7040,48
2022-07-14,Humboldt,023,135768,20128,20016,4186,24202,150
2022-07-14,Imperial,025,180216,61157,60550,12931,73481,944
2022-07-14,Inyo,027,18085,4355,4343,743,5086,56
2022-07-14,Kern,029,883053,207857,206466,54135,260601,2364
2022-07-14,Kings,031,150075,55702,55432,3741,59173,449
2022-07-14,Lake,033,64148,11884,11835,1047,12882,141
2022-07-14,Lassen,035,31185,9458,9425,943,10368,64
2022-07-14,Los Angeles,037,10098052,3072482,3042708,157074,3199782,32248
2022-07-14,Madera,039,155013,40784,40627,7099,47726,372
2022-07-14,Marin,041,260295,42128,41829,4802,46631,300
2022-07-14,Mariposa,043,17540,2893,2866,295,3161,30
2022-07-14,Mendocino,045,87422,14910,14799,3980,18779,131
2022-07-14,Merced,047,269075,68041,67416,10189,77605,833
2022-07-14,Modoc,049,8938,830,799,307,1106,9
2022-07-14,Mono,051,14174,3138,3131,206,3337,7
2022-07-14,Monterey,053,433212,88584,88118,18022,106140,747
2022-07-14,Napa,055,140530,30283,30176,1311,31487,145
2022-07-14,Nevada,057,99092,18010,17941,1582,19523,131
2022-07-14,Orange,059,3164182,623611,620414,53787,674201,7161
2022-07-14,Placer,061,380077,71598,71232,8813,80045,637
2022-07-14,Plumas,063,18699,3426,3406,416,3822,13
2022-07-14,Riverside,065,2383286,651578,647328,31794,679122,6508
2022-07-14,Sacramento,067,1510023,324208,322788,31382,354170,3119
2022-07-14,San Benito,069,59416,14940,14869,791,15660,100
2022-07-14,San Bernardino,071,2135413,628635,618482,27871,646353,7914
2022-07-14,San Diego,073,3302833,863042,857262,65118,922380,5370
2022-07-14,San Francisco,075,870044,165857,164853,11012,175865,928
2022-07-14,San Joaquin,077,732212,185216,184187,12604,196791,2262
2022-07-14,San Luis Obispo,079,281455,59747,59437,6096,65533,499
2022-07-14,San Mateo,081,765935,156307,154961,9893,164854,723
2022-07-14,Santa Barbara,083,443738,98167,97600,5840,103440,702
2022-07-14,Santa Clara,085,1922200,397961,395466,17254,412720,2371
2022-07-14,Santa Cruz,087,273765,58020,57531,2978,60509,267
2022-07-14,Shasta,089,179085,33080,32871,6789,39660,575
2022-07-14,Sierra,091,2930,293,291,58,349,4
2022-07-14,Siskiyou,093,43540,4922,4899,3084,7983,83
2022-07-14,Solano,095,438530,98044,96974,7148,104122,457
2022-07-14,Sonoma,097,501317,100307,99679,4663,104342,499
2022-07-14,Stanislaus,099,539301,129165,128436,19855,148291,1692
2022-07-14,Sutter,101,95872,22516,22452,2354,24806,228
2022-07-14,Tehama,103,63373,12933,12860,2826,15686,205
2022-07-14,Trinity,105,12862,1321,1304,328,1632,20
2022-07-14,Tulare,107,460477,114694,114399,31660,146059,1510
2022-07-14,Tuolumne,109,53932,14415,14280,829,15109,196
2022-07-14,Ventura,111,848112,195087,193965,13071,207036,1519
2022-07-14,Yolo,113,214977,44903,44703,3863,48566,324
2022-07-14,Yuba,115,75493,17616,17567,1505,19072,124
2022-07-13,Alameda,001,1643700,320504,316026,17978,334004,1911
2022-07-13,Alpine,003,1148,130,129,1,130,0
2022-07-13,Amador,005,37829,9475,9388,813,10201,87
2022-07-13,Butte,007,227075,36947,36405,8196,44601,439
2022-07-13,Calaveras,009,45235,8014,7945,435,8380,125
2022-07-13,Colusa,011,21464,3623,3606,1157,4763,22
2022-07-13,Contra Costa,013,1133247,232691,226833,18222,245055,1356
2022-07-13,Del Norte,015,27424,6971,6790,355,7145,54
2022-07-13,El Dorado,017,186661,30570,30273,3901,34174,218
2022-07-13,Fresno,019,978130,255681,252573,27765,280338,2786
2022-07-13,Glenn,021,27897,5307,5256,1766,7022,48
2022-07-13,Humboldt,023,135768,20095,19854,4171,24025,150
2022-07-13,Imperial,025,180216,61002,60011,12849,72860,944
2022-07-13,Inyo,027,18085,4354,4324,738,5062,56
2022-07-13,Kern,029,883053,207446,205428,53901,259329,2359
2022-07-13,Kings,031,150075,55592,55138,3732,58870,449
2022-07-13,Lake,033,64148,11866,11773,1046,12819,140
2022-07-13,Lassen,035,31185,9436,9381,942,10323,64
2022-07-13,Los Angeles,037,10098052,3065815,3024953,156365,3181318,32206
2022-07-13,Madera,039,155013,40717,40378,7071,47449,372
2022-07-13,Marin,041,260295,42061,41616,4794,46410,300
2022-07-13,Mariposa,043,17540,2888,2847,294,3141,30
2022-07-13,Mendocino,045,87422,14890,14713,3963,18676,128
2022-07-13,Merced,047,269075,67907,67028,10158,77186,832
2022-07-13,Modoc,049,8938,829,791,306,1097,9
2022-07-13,Mono,051,14174,3137,3131,202,3333,7
2022-07-13,Monterey,053,433212,88441,87575,17945,105520,745
2022-07-13,Napa,055,140530,30244,30032,1309,31341,145
2022-07-13,Nevada,057,99092,17992,17849,1574,19423,131
2022-07-13,Orange,059,3164182,622232,616278,53541,669819,7147
2022-07-13,Placer,061,380077,71491,70890,8799,79689,637
2022-07-13,Plumas,063,18699,3418,3354,415,3769,13
2022-07-13,Riverside,065,2383286,650369,643472,31696,675168,6504
2022-07-13,Sacramento,067,1510023,323680,321076,31341,352417,3114
2022-07-13,San Benito,069,59416,14913,14774,785,15559,100
2022-07-13,San Bernardino,071,2135413,627457,614957,27774,642731,7907
2022-07-13,San Diego,073,3302833,861136,851596,64886,916482,5363
2022-07-13,San Francisco,075,870044,165452,163635,10984,174619,919
2022-07-13,San Joaquin,077,732212,184889,183283,12561,195844,2260
2022-07-13,San Luis Obispo,079,281455,59641,59134,6048,65182,498
2022-07-13,San Mateo,081,765935,155964,153875,9876,163751,723
2022-07-13,Santa Barbara,083,443738,97988,97053,5827,102880,699
2022-07-13,Santa Clara,085,1922200,397074,392415,17214,409629,2365
2022-07-13,Santa Cruz,087,273765,57884,57124,2971,60095,267
2022-07-13,Shasta,089,179085,33022,32708,6774,39482,574
2022-07-13,Sierra,091,2930,293,289,58,347,4
2022-07-13,Siskiyou,093,43540,4915,4873,3082,7955,82
2022-07-13,Solano,095,438530,97838,96479,7122,103601,455
2022-07-13,Sonoma,097,501317,100149,99173,4646,103819,499
2022-07-13,Stanislaus,099,539301,128966,127845,19798,147643,1689
2022-07-13,Sutter,101,95872,22470,22331,2352,24683,228
2022-07-13,Tehama,103,63373,12920,12793,2823,15616,205
2022-07-13,Trinity,105,12862,1320,1293,326,1619,20
2022-07-13,Tulare,107,460477,114501,113830,31567,145397,1508
2022-07-13,Tuolumne,109,53932,14391,14159,824,14983,194
2022-07-13,Ventura,111,848112,194750,192923,12988,205911,1518
2022-07-13,Yolo,113,214977,44841,44447,3853,48300,326
2022-07-13,Yuba,115,75493,17589,17464,1497,18961,124
2022-07-12,Alameda,001,1643700,319730,316026,17938,333964,1911
2022-07-12,Alpine,003,1148,130,129,1,130,0
2022-07-12,Amador,005,37829,9442,9388,806,10194,87
2022-07-12,Butte,007,227075,36890,36405,8177,44582,439
2022-07-12,Calaveras,009,45235,7999,7945,433,8378,125
2022-07-12,Colusa,011,21464,3621,3606,1154,4760,22
2022-07-12,Contra Costa,013,1133247,232188,226833,18146,244979,1356
2022-07-12,Del Norte,015,27424,6924,6790,352,7142,54
2022-07-12,El Dorado,017,186661,30530,30273,3895,34168,218
2022-07-12,Fresno,019,978130,255134,252573,27675,280248,2786
2022-07-12,Glenn,021,27897,5303,5256,1762,7018,48
2022-07-12,Humboldt,023,135768,20045,19854,4154,24008,150
2022-07-12,Imperial,025,180216,60826,60011,12749,72760,944
2022-07-12,Inyo,027,18085,4346,4324,738,5062,56
2022-07-12,Kern,029,883053,207116,205428,53691,259119,2359
2022-07-12,Kings,031,150075,55481,55138,3722,58860,449
2022-07-12,Lake,033,64148,11854,11773,1041,12814,140
2022-07-12,Lassen,035,31185,9422,9381,936,10317,64
2022-07-12,Los Angeles,037,10098052,3059007,3024953,155662,3180615,32206
2022-07-12,Madera,039,155013,40631,40378,7056,47434,372
2022-07-12,Marin,041,260295,41986,41616,4784,46400,300
2022-07-12,Mariposa,043,17540,2877,2847,294,3141,30
2022-07-12,Mendocino,045,87422,14850,14713,3939,18652,128
2022-07-12,Merced,047,269075,67799,67028,10125,77153,832
2022-07-12,Modoc,049,8938,827,791,303,1094,9
2022-07-12,Mono,051,14174,3134,3131,202,3333,7
2022-07-12,Monterey,053,433212,88288,87575,17857,105432,745
2022-07-12,Napa,055,140530,30190,30032,1306,31338,145
2022-07-12,Nevada,057,99092,17970,17849,1567,19416,131
2022-07-12,Orange,059,3164182,620826,616278,53282,669560,7147
2022-07-12,Placer,061,380077,71381,70890,8784,79674,637
2022-07-12,Plumas,063,18699,3412,3354,414,3768,13
2022-07-12,Riverside,065,2383286,649085,643472,31601,675073,6504
2022-07-12,Sacramento,067,1510023,323086,321076,31302,352378,3114
2022-07-12,San Benito,069,59416,14867,14774,779,15553,100
2022-07-12,San Bernardino,071,2135413,626131,614957,27686,642643,7907
2022-07-12,San Diego,073,3302833,858776,851596,64654,916250,5363
2022-07-12,San Francisco,075,870044,165044,163635,10960,174595,919
2022-07-12,San Joaquin,077,732212,184577,183283,12503,195786,2260
2022-07-12,San Luis Obispo,079,281455,59563,59134,6018,65152,498
2022-07-12,San Mateo,081,765935,155565,153875,9857,163732,723
2022-07-12,Santa Barbara,083,443738,97773,97053,5810,102863,699
2022-07-12,Santa Clara,085,1922200,396118,392415,17171,409586,2365
2022-07-12,Santa Cruz,087,273765,57747,57124,2962,60086,267
2022-07-12,Shasta,089,179085,32959,32708,6755,39463,574
2022-07-12,Sierra,091,2930,292,289,58,347,4
2022-07-12,Siskiyou,093,43540,4906,4873,3080,7953,82
2022-07-12,Solano,095,438530,97622,96479,7097,103576,455
2022-07-12,Sonoma,097,501317,99987,99173,4618,103791,499
2022-07-12,Stanislaus,099,539301,128719,127845,19760,147605,1689
2022-07-12,Sutter,101,95872,22436,22331,2350,24681,228
2022-07-12,Tehama,103,63373,12900,12793,2816,15609,205
2022-07-12,Trinity,105,12862,1312,1293,326,1619,20
2022-07-12,Tulare,107,460477,114308,113830,31467,145297,1508
2022-07-12,Tuolumne,109,53932,14357,14159,820,14979,194
2022-07-12,Ventura,111,848112,194418,192923,12888,205811,1518
2022-07-12,Yolo,113,214977,44771,44447,3846,48293,326
2022-07-12,Yuba,115,75493,17561,17464,1484,18948,124
2022-07-11,Alameda,001,1643700,318816,316026,17879,333905,1911
2022-07-11,Alpine,003,1148,130,129,1,130,0
2022-07-11,Amador,005,37829,9434,9388,800,10188,87
2022-07-11,Butte,007,227075,36830,36405,8158,44563,439
2022-07-11,Calaveras,009,45235,7983,7945,431,8376,125
2022-07-11,Colusa,011,21464,3617,3606,1151,4757,22
2022-07-11,Contra Costa,013,1133247,231710,226833,18086,244919,1356
2022-07-11,Del Norte,015,27424,6893,6790,342,7132,54
2022-07-11,El Dorado,017,186661,30473,30273,3884,34157,218
2022-07-11,Fresno,019,978130,254463,252573,27592,280165,2786
2022-07-11,Glenn,021,27897,5300,5256,1760,7016,48
2022-07-11,Humboldt,023,135768,19986,19854,4135,23989,150
2022-07-11,Imperial,025,180216,60667,60011,12638,72649,944
2022-07-11,Inyo,027,18085,4343,4324,734,5058,56
2022-07-11,Kern,029,883053,206778,205428,53489,258917,2359
2022-07-11,Kings,031,150075,55333,55138,3712,58850,449
2022-07-11,Lake,033,64148,11828,11773,1039,12812,140
2022-07-11,Lassen,035,31185,9416,9381,936,10317,64
2022-07-11,Los Angeles,037,10098052,3051870,3024953,154865,3179818,32206
2022-07-11,Madera,039,155013,40545,40378,7011,47389,372
2022-07-11,Marin,041,260295,41897,41616,4775,46391,300
2022-07-11,Mariposa,043,17540,2869,2847,292,3139,30
2022-07-11,Mendocino,045,87422,14811,14713,3925,18638,128
2022-07-11,Merced,047,269075,67674,67028,10090,77118,832
2022-07-11,Modoc,049,8938,821,791,301,1092,9
2022-07-11,Mono,051,14174,3134,3131,201,3332,7
2022-07-11,Monterey,053,433212,88122,87575,17788,105363,745
2022-07-11,Napa,055,140530,30129,30032,1306,31338,145
2022-07-11,Nevada,057,99092,17953,17849,1565,19414,131
2022-07-11,Orange,059,3164182,619248,616278,53022,669300,7147
2022-07-11,Placer,061,380077,71273,70890,8769,79659,637
2022-07-11,Plumas,063,18699,3401,3354,412,3766,13
2022-07-11,Riverside,065,2383286,647646,643472,31515,674987,6504
2022-07-11,Sacramento,067,1510023,322538,321076,31256,352332,3114
2022-07-11,San Benito,069,59416,14831,14774,775,15549,100
2022-07-11,San Bernardino,071,2135413,624768,614957,27596,642553,7907
2022-07-11,San Diego,073,3302833,856396,851596,64409,916005,5363
2022-07-11,San Francisco,075,870044,164617,163635,10932,174567,919
2022-07-11,San Joaquin,077,732212,184198,183283,12457,195740,2260
2022-07-11,San Luis Obispo,079,281455,59454,59134,5986,65120,498
2022-07-11,San Mateo,081,765935,155163,153875,9822,163697,723
2022-07-11,Santa Barbara,083,443738,97564,97053,5797,102850,699
2022-07-11,Santa Clara,085,1922200,395051,392415,17117,409532,2365
2022-07-11,Santa Cruz,087,273765,57597,57124,2948,60072,267
2022-07-11,Shasta,089,179085,32901,32708,6725,39433,574
2022-07-11,Sierra,091,2930,292,289,58,347,4
2022-07-11,Siskiyou,093,43540,4899,4873,3073,7946,82
2022-07-11,Solano,095,438530,97409,96479,7079,103558,455
2022-07-11,Sonoma,097,501317,99792,99173,4598,103771,499
2022-07-11,Stanislaus,099,539301,128494,127845,19720,147565,1689
2022-07-11,Sutter,101,95872,22394,22331,2343,24674,228
2022-07-11,Tehama,103,63373,12886,12793,2809,15602,205
2022-07-11,Trinity,105,12862,1310,1293,325,1618,20
2022-07-11,Tulare,107,460477,114121,113830,31362,145192,1508
2022-07-11,Tuolumne,109,53932,14317,14159,818,14977,194
2022-07-11,Ventura,111,848112,194022,192923,12800,205723,1518
2022-07-11,Yolo,113,214977,44705,44447,3831,48278,326
2022-07-11,Yuba,115,75493,17525,17464,1481,18945,124
2022-07-10,Alameda,001,1643700,317818,312651,17799,330450,1912
2022-07-10,Alpine,003,1148,130,129,1,130,0
2022-07-10,Amador,005,37829,9424,9335,797,10132,87
2022-07-10,Butte,007,227075,36731,36165,8136,44301,438
2022-07-10,Calaveras,009,45235,7974,7895,430,8325,125
2022-07-10,Colusa,011,21464,3613,3586,1143,4729,22
2022-07-10,Contra Costa,013,1133247,231098,224718,17992,242710,1351
2022-07-10,Del Norte,015,27424,6853,6666,336,7002,54
2022-07-10,El Dorado,017,186661,30390,30070,3876,33946,218
2022-07-10,Fresno,019,978130,253786,250379,27498,277877,2786
2022-07-10,Glenn,021,27897,5295,5231,1756,6987,48
2022-07-10,Humboldt,023,135768,19927,19677,4121,23798,149
2022-07-10,Imperial,025,180216,60443,59558,12497,72055,944
2022-07-10,Inyo,027,18085,4338,4297,728,5025,56
2022-07-10,Kern,029,883053,206263,204128,53249,257377,2359
2022-07-10,Kings,031,150075,55157,54725,3706,58431,449
2022-07-10,Lake,033,64148,11803,11685,1036,12721,140
2022-07-10,Lassen,035,31185,9401,9362,934,10296,64
2022-07-10,Los Angeles,037,10098052,3044567,3002013,154040,3156053,32151
2022-07-10,Madera,039,155013,40437,40081,6977,47058,372
2022-07-10,Marin,041,260295,41800,41271,4766,46037,302
2022-07-10,Mariposa,043,17540,2862,2805,288,3093,30
2022-07-10,Mendocino,045,87422,14781,14610,3908,18518,128
2022-07-10,Merced,047,269075,67517,66616,10033,76649,832
2022-07-10,Modoc,049,8938,820,789,293,1082,9
2022-07-10,Mono,051,14174,3133,3119,199,3318,7
2022-07-10,Monterey,053,433212,87931,87002,17708,104710,745
2022-07-10,Napa,055,140530,30066,29807,1304,31111,145
2022-07-10,Nevada,057,99092,17892,17693,1556,19249,131
2022-07-10,Orange,059,3164182,617550,610975,52700,663675,7132
2022-07-10,Placer,061,380077,71157,70401,8750,79151,632
2022-07-10,Plumas,063,18699,3388,3339,408,3747,13
2022-07-10,Riverside,065,2383286,646054,638193,31385,669578,6506
2022-07-10,Sacramento,067,1510023,321836,318556,31182,349738,3108
2022-07-10,San Benito,069,59416,14795,14628,764,15392,100
2022-07-10,San Bernardino,071,2135413,623308,610086,27515,637601,7893
2022-07-10,San Diego,073,3302833,853903,844085,64138,908223,5357
2022-07-10,San Francisco,075,870044,164069,161931,10858,172789,914
2022-07-10,San Joaquin,077,732212,183823,181958,12396,194354,2257
2022-07-10,San Luis Obispo,079,281455,59333,58636,5947,64583,498
2022-07-10,San Mateo,081,765935,154695,152319,9794,162113,723
2022-07-10,Santa Barbara,083,443738,97331,96266,5771,102037,697
2022-07-10,Santa Clara,085,1922200,393923,388270,17055,405325,2360
2022-07-10,Santa Cruz,087,273765,57407,56455,2931,59386,266
2022-07-10,Shasta,089,179085,32834,32536,6702,39238,576
2022-07-10,Sierra,091,2930,290,291,58,349,4
2022-07-10,Siskiyou,093,43540,4894,4855,3059,7914,82
2022-07-10,Solano,095,438530,97159,95651,7046,102697,455
2022-07-10,Sonoma,097,501317,99589,98430,4566,102996,496
2022-07-10,Stanislaus,099,539301,128254,126897,19677,146574,1686
2022-07-10,Sutter,101,95872,22345,22165,2342,24507,228
2022-07-10,Tehama,103,63373,12859,12716,2796,15512,205
2022-07-10,Trinity,105,12862,1304,1272,323,1595,20
2022-07-10,Tulare,107,460477,113866,113002,31266,144268,1508
2022-07-10,Tuolumne,109,53932,14282,14019,810,14829,194
2022-07-10,Ventura,111,848112,193547,191462,12696,204158,1518
2022-07-10,Yolo,113,214977,44626,44152,3816,47968,323
2022-07-10,Yuba,115,75493,17486,17345,1479,18824,125
2022-07-09,Alameda,001,1643700,317331,312651,17775,330426,1912
2022-07-09,Alpine,003,1148,130,129,1,130,0
2022-07-09,Amador,005,37829,9416,9335,795,10130,87
2022-07-09,Butte,007,227075,36685,36165,8122,44287,438
2022-07-09,Calaveras,009,45235,7959,7895,429,8324,125
2022-07-09,Colusa,011,21464,3612,3586,1142,4728,22
2022-07-09,Contra Costa,013,1133247,230790,224718,17934,242652,1351
2022-07-09,Del Norte,015,27424,6845,6666,336,7002,54
2022-07-09,El Dorado,017,186661,30347,30070,3871,33941,218
2022-07-09,Fresno,019,978130,253524,250379,27458,277837,2786
2022-07-09,Glenn,021,27897,5288,5231,1756,6987,48
2022-07-09,Humboldt,023,135768,19909,19677,4111,23788,149
2022-07-09,Imperial,025,180216,60364,59558,12444,72002,944
2022-07-09,Inyo,027,18085,4332,4297,727,5024,56
2022-07-09,Kern,029,883053,206081,204128,53106,257234,2359
2022-07-09,Kings,031,150075,55118,54725,3704,58429,449
2022-07-09,Lake,033,64148,11795,11685,1035,12720,140
2022-07-09,Lassen,035,31185,9400,9362,934,10296,64
2022-07-09,Los Angeles,037,10098052,3041060,3002013,153543,3155556,32151
2022-07-09,Madera,039,155013,40397,40081,6969,47050,372
2022-07-09,Marin,041,260295,41744,41271,4755,46026,302
2022-07-09,Mariposa,043,17540,2857,2805,288,3093,30
2022-07-09,Mendocino,045,87422,14766,14610,3898,18508,128
2022-07-09,Merced,047,269075,67465,66616,10028,76644,832
2022-07-09,Modoc,049,8938,820,789,289,1078,9
2022-07-09,Mono,051,14174,3132,3119,199,3318,7
2022-07-09,Monterey,053,433212,87834,87002,17658,104660,745
2022-07-09,Napa,055,140530,30034,29807,1301,31108,145
2022-07-09,Nevada,057,99092,17880,17693,1552,19245,131
2022-07-09,Orange,059,3164182,616688,610975,52530,663505,7132
2022-07-09,Placer,061,380077,71068,70401,8742,79143,632
2022-07-09,Plumas,063,18699,3381,3339,406,3745,13
2022-07-09,Riverside,065,2383286,645157,638193,31330,669523,6506
2022-07-09,Sacramento,067,1510023,321535,318556,31163,349719,3108
2022-07-09,San Benito,069,59416,14775,14628,763,15391,100
2022-07-09,San Bernardino,071,2135413,622590,610086,27464,637550,7893
2022-07-09,San Diego,073,3302833,852996,844085,64050,908135,5357
2022-07-09,San Francisco,075,870044,163841,161931,10837,172768,914
2022-07-09,San Joaquin,077,732212,183655,181958,12367,194325,2257
2022-07-09,San Luis Obispo,079,281455,59276,58636,5928,64564,498
2022-07-09,San Mateo,081,765935,154451,152319,9778,162097,723
2022-07-09,Santa Barbara,083,443738,97198,96266,5761,102027,697
2022-07-09,Santa Clara,085,1922200,393187,388270,17026,405296,2360
2022-07-09,Santa Cruz,087,273765,57330,56455,2922,59377,266
2022-07-09,Shasta,089,179085,32812,32536,6692,39228,576
2022-07-09,Sierra,091,2930,290,291,58,349,4
2022-07-09,Siskiyou,093,43540,4890,4855,3057,7912,82
2022-07-09,Solano,095,438530,97074,95651,7031,102682,455
2022-07-09,Sonoma,097,501317,99501,98430,4560,102990,496
2022-07-09,Stanislaus,099,539301,128091,126897,19646,146543,1686
2022-07-09,Sutter,101,95872,22317,22165,2342,24507,228
2022-07-09,Tehama,103,63373,12843,12716,2787,15503,205
2022-07-09,Trinity,105,12862,1304,1272,322,1594,20
2022-07-09,Tulare,107,460477,113756,113002,31208,144210,1508
2022-07-09,Tuolumne,109,53932,14244,14019,808,14827,194
2022-07-09,Ventura,111,848112,193285,191462,12649,204111,1518
2022-07-09,Yolo,113,214977,44576,44152,3802,47954,323
2022-07-09,Yuba,115,75493,17463,17345,1479,18824,125
2022-07-08,Alameda,001,1643700,316808,312651,17732,330383,1912
2022-07-08,Alpine,003,1148,130,129,1,130,0
2022-07-08,Amador,005,37829,9406,9335,793,10128,87
2022-07-08,Butte,007,227075,36654,36165,8108,44273,438
2022-07-08,Calaveras,009,45235,7944,7895,429,8324,125
2022-07-08,Colusa,011,21464,3608,3586,1142,4728,22
2022-07-08,Contra Costa,013,1133247,230439,224718,17885,242603,1351
2022-07-08,Del Norte,015,27424,6834,6666,334,7000,54
2022-07-08,El Dorado,017,186661,30322,30070,3864,33934,218
2022-07-08,Fresno,019,978130,253155,250379,27405,277784,2786
2022-07-08,Glenn,021,27897,5283,5231,1753,6984,48
2022-07-08,Humboldt,023,135768,19896,19677,4100,23777,149
2022-07-08,Imperial,025,180216,60275,59558,12404,71962,944
2022-07-08,Inyo,027,18085,4331,4297,723,5020,56
2022-07-08,Kern,029,883053,205835,204128,52968,257096,2359
2022-07-08,Kings,031,150075,55076,54725,3703,58428,449
2022-07-08,Lake,033,64148,11778,11685,1032,12717,140
2022-07-08,Lassen,035,31185,9394,9362,933,10295,64
2022-07-08,Los Angeles,037,10098052,3036781,3002013,152961,3154974,32151
2022-07-08,Madera,039,155013,40343,40081,6955,47036,372
2022-07-08,Marin,041,260295,41658,41271,4739,46010,302
2022-07-08,Mariposa,043,17540,2854,2805,287,3092,30
2022-07-08,Mendocino,045,87422,14748,14610,3894,18504,128
2022-07-08,Merced,047,269075,67397,66616,10018,76634,832
2022-07-08,Modoc,049,8938,820,789,289,1078,9
2022-07-08,Mono,051,14174,3130,3119,198,3317,7
2022-07-08,Monterey,053,433212,87706,87002,17628,104630,745
2022-07-08,Napa,055,140530,30010,29807,1300,31107,145
2022-07-08,Nevada,057,99092,17872,17693,1550,19243,131
2022-07-08,Orange,059,3164182,615789,610975,52349,663324,7132
2022-07-08,Placer,061,380077,70993,70401,8728,79129,632
2022-07-08,Plumas,063,18699,3376,3339,406,3745,13
2022-07-08,Riverside,065,2383286,644245,638193,31272,669465,6506
2022-07-08,Sacramento,067,1510023,321098,318556,31142,349698,3108
2022-07-08,San Benito,069,59416,14758,14628,760,15388,100
2022-07-08,San Bernardino,071,2135413,621833,610086,27421,637507,7893
2022-07-08,San Diego,073,3302833,851743,844085,63884,907969,5357
2022-07-08,San Francisco,075,870044,163576,161931,10810,172741,914
2022-07-08,San Joaquin,077,732212,183483,181958,12351,194309,2257
2022-07-08,San Luis Obispo,079,281455,59240,58636,5913,64549,498
2022-07-08,San Mateo,081,765935,154155,152319,9764,162083,723
2022-07-08,Santa Barbara,083,443738,97071,96266,5757,102023,697
2022-07-08,Santa Clara,085,1922200,392416,388270,17005,405275,2360
2022-07-08,Santa Cruz,087,273765,57242,56455,2914,59369,266
2022-07-08,Shasta,089,179085,32782,32536,6684,39220,576
2022-07-08,Sierra,091,2930,290,291,58,349,4
2022-07-08,Siskiyou,093,43540,4885,4855,3054,7909,82
2022-07-08,Solano,095,438530,96956,95651,7017,102668,455
2022-07-08,Sonoma,097,501317,99355,98430,4543,102973,496
2022-07-08,Stanislaus,099,539301,127953,126897,19633,146530,1686
2022-07-08,Sutter,101,95872,22292,22165,2341,24506,228
2022-07-08,Tehama,103,63373,12831,12716,2785,15501,205
2022-07-08,Trinity,105,12862,1302,1272,321,1593,20
2022-07-08,Tulare,107,460477,113636,113002,31140,144142,1508
2022-07-08,Tuolumne,109,53932,14213,14019,802,14821,194
2022-07-08,Ventura,111,848112,193046,191462,12610,204072,1518
2022-07-08,Yolo,113,214977,44524,44152,3790,47942,323
2022-07-08,Yuba,115,75493,17447,17345,1478,18823,125
2022-07-07,Alameda,001,1643700,316003,312651,17685,330336,1912
2022-07-07,Alpine,003,1148,129,129,1,130,0
2022-07-07,Amador,005,37829,9390,9335,786,10121,87
2022-07-07,Butte,007,227075,36590,36165,8088,44253,438
2022-07-07,Calaveras,009,45235,7935,7895,424,8319,125
2022-07-07,Colusa,011,21464,3603,3586,1141,4727,22
2022-07-07,Contra Costa,013,1133247,229892,224718,17809,242527,1351
2022-07-07,Del Norte,015,27424,6808,6666,330,6996,54
2022-07-07,El Dorado,017,186661,30271,30070,3853,33923,218
2022-07-07,Fresno,019,978130,252606,250379,27301,277680,2786
2022-07-07,Glenn,021,27897,5277,5231,1751,6982,48
2022-07-07,Humboldt,023,135768,19851,19677,4084,23761,149
2022-07-07,Imperial,025,180216,60100,59558,12294,71852,944
2022-07-07,Inyo,027,18085,4328,4297,715,5012,56
2022-07-07,Kern,029,883053,205535,204128,52761,256889,2359
2022-07-07,Kings,031,150075,54999,54725,3699,58424,449
2022-07-07,Lake,033,64148,11757,11685,1032,12717,140
2022-07-07,Lassen,035,31185,9393,9362,933,10295,64
2022-07-07,Los Angeles,037,10098052,3030443,3002013,152271,3154284,32151
2022-07-07,Madera,039,155013,40263,40081,6939,47020,372
2022-07-07,Marin,041,260295,41580,41271,4728,45999,302
2022-07-07,Mariposa,043,17540,2847,2805,284,3089,30
2022-07-07,Mendocino,045,87422,14731,14610,3889,18499,128
2022-07-07,Merced,047,269075,67283,66616,9985,76601,832
2022-07-07,Modoc,049,8938,815,789,286,1075,9
2022-07-07,Mono,051,14174,3129,3119,196,3315,7
2022-07-07,Monterey,053,433212,87546,87002,17565,104567,745
2022-07-07,Napa,055,140530,29940,29807,1292,31099,145
2022-07-07,Nevada,057,99092,17842,17693,1545,19238,131
2022-07-07,Orange,059,3164182,614400,610975,52140,663115,7132
2022-07-07,Placer,061,380077,70883,70401,8703,79104,632
2022-07-07,Plumas,063,18699,3369,3339,405,3744,13
2022-07-07,Riverside,065,2383286,642922,638193,31209,669402,6506
2022-07-07,Sacramento,067,1510023,320463,318556,31093,349649,3108
2022-07-07,San Benito,069,59416,14728,14628,760,15388,100
2022-07-07,San Bernardino,071,2135413,620532,610086,27357,637443,7893
2022-07-07,San Diego,073,3302833,849829,844085,63653,907738,5357
2022-07-07,San Francisco,075,870044,163191,161931,10757,172688,914
2022-07-07,San Joaquin,077,732212,183149,181958,12300,194258,2257
2022-07-07,San Luis Obispo,079,281455,59161,58636,5881,64517,498
2022-07-07,San Mateo,081,765935,153807,152319,9755,162074,723
2022-07-07,Santa Barbara,083,443738,96877,96266,5742,102008,697
2022-07-07,Santa Clara,085,1922200,391434,388270,16958,405228,2360
2022-07-07,Santa Cruz,087,273765,57086,56455,2900,59355,266
2022-07-07,Shasta,089,179085,32747,32536,6667,39203,576
2022-07-07,Sierra,091,2930,289,291,57,348,4
2022-07-07,Siskiyou,093,43540,4878,4855,3048,7903,82
2022-07-07,Solano,095,438530,96681,95651,7004,102655,455
2022-07-07,Sonoma,097,501317,99218,98430,4524,102954,496
2022-07-07,Stanislaus,099,539301,127753,126897,19596,146493,1686
2022-07-07,Sutter,101,95872,22246,22165,2339,24504,228
2022-07-07,Tehama,103,63373,12814,12716,2776,15492,205
2022-07-07,Trinity,105,12862,1297,1272,320,1592,20
2022-07-07,Tulare,107,460477,113428,113002,31047,144049,1508
2022-07-07,Tuolumne,109,53932,14176,14019,797,14816,194
2022-07-07,Ventura,111,848112,192726,191462,12529,203991,1518
2022-07-07,Yolo,113,214977,44467,44152,3777,47929,323
2022-07-07,Yuba,115,75493,17413,17345,1476,18821,125
2022-07-06,Alameda,001,1643700,315170,310551,17642,328193,1899
2022-07-06,Alpine,003,1148,129,129,1,130,0
2022-07-06,Amador,005,37829,9371,9301,786,10087,87
2022-07-06,Butte,007,227075,36526,36053,8072,44125,436
2022-07-06,Calaveras,009,45235,7926,7873,422,8295,124
2022-07-06,Colusa,011,21464,3600,3579,1140,4719,22
2022-07-06,Contra Costa,013,1133247,229376,223500,17754,241254,1348
2022-07-06,Del Norte,015,27424,6778,6623,328,6951,54
2022-07-06,El Dorado,017,186661,30227,29953,3841,33794,218
2022-07-06,Fresno,019,978130,252047,249480,27219,276699,2786
2022-07-06,Glenn,021,27897,5272,5222,1751,6973,48
2022-07-06,Humboldt,023,135768,19804,19608,4073,23681,149
2022-07-06,Imperial,025,180216,59900,59184,12206,71390,944
2022-07-06,Inyo,027,18085,4322,4282,709,4991,56
2022-07-06,Kern,029,883053,205212,203587,52545,256132,2353
2022-07-06,Kings,031,150075,54882,54560,3694,58254,449
2022-07-06,Lake,033,64148,11738,11659,1032,12691,140
2022-07-06,Lassen,035,31185,9376,9350,933,10283,64
2022-07-06,Los Angeles,037,10098052,3023991,2991161,151551,3142712,32116
2022-07-06,Madera,039,155013,40193,39952,6917,46869,372
2022-07-06,Marin,041,260295,41512,41036,4718,45754,302
2022-07-06,Mariposa,043,17540,2837,2797,284,3081,30
2022-07-06,Mendocino,045,87422,14703,14540,3877,18417,127
2022-07-06,Merced,047,269075,67162,66420,9962,76382,832
2022-07-06,Modoc,049,8938,809,788,284,1072,8
2022-07-06,Mono,051,14174,3128,3109,196,3305,7
2022-07-06,Monterey,053,433212,87388,86639,17499,104138,744
2022-07-06,Napa,055,140530,29880,29690,1290,30980,144
2022-07-06,Nevada,057,99092,17813,17660,1539,19199,131
2022-07-06,Orange,059,3164182,612877,608084,51926,660010,7125
2022-07-06,Placer,061,380077,70769,70113,8682,78795,632
2022-07-06,Plumas,063,18699,3358,3316,404,3720,13
2022-07-06,Riverside,065,2383286,641559,636209,31137,667346,6505
2022-07-06,Sacramento,067,1510023,319779,317315,31048,348363,3104
2022-07-06,San Benito,069,59416,14686,14556,749,15305,100
2022-07-06,San Bernardino,071,2135413,619283,608119,27280,635399,7870
2022-07-06,San Diego,073,3302833,847705,839970,63399,903369,5349
2022-07-06,San Francisco,075,870044,162771,160612,10725,171337,910
2022-07-06,San Joaquin,077,732212,182833,181448,12270,193718,2256
2022-07-06,San Luis Obispo,079,281455,59049,58488,5842,64330,496
2022-07-06,San Mateo,081,765935,153402,151344,9724,161068,723
2022-07-06,Santa Barbara,083,443738,96686,95918,5721,101639,702
2022-07-06,Santa Clara,085,1922200,390339,385553,16893,402446,2358
2022-07-06,Santa Cruz,087,273765,56944,56307,2882,59189,267
2022-07-06,Shasta,089,179085,32693,32444,6644,39088,570
2022-07-06,Sierra,091,2930,289,290,57,347,4
2022-07-06,Siskiyou,093,43540,4872,4841,3042,7883,82
2022-07-06,Solano,095,438530,96430,95181,6979,102160,455
2022-07-06,Sonoma,097,501317,99035,98031,4506,102537,495
2022-07-06,Stanislaus,099,539301,127530,126492,19565,146057,1682
2022-07-06,Sutter,101,95872,22195,22089,2338,24427,228
2022-07-06,Tehama,103,63373,12803,12680,2770,15450,205
2022-07-06,Trinity,105,12862,1289,1263,316,1579,20
2022-07-06,Tulare,107,460477,113215,112684,30954,143638,1500
2022-07-06,Tuolumne,109,53932,14143,13960,785,14745,189
2022-07-06,Ventura,111,848112,192343,190794,12454,203248,1517
2022-07-06,Yolo,113,214977,44384,43171,3757,46928,324
2022-07-06,Yuba,115,75493,17375,17277,1470,18747,124
2022-07-05,Alameda,001,1643700,314181,310551,17587,328138,1899
2022-07-05,Alpine,003,1148,129,129,1,130,0
2022-07-05,Amador,005,37829,9356,9301,782,10083,87
2022-07-05,Butte,007,227075,36443,36053,8051,44104,436
2022-07-05,Calaveras,009,45235,7915,7873,421,8294,124
2022-07-05,Colusa,011,21464,3595,3579,1138,4717,22
2022-07-05,Contra Costa,013,1133247,228743,223500,17678,241178,1348
2022-07-05,Del Norte,015,27424,6752,6623,323,6946,54
2022-07-05,El Dorado,017,186661,30177,29953,3832,33785,218
2022-07-05,Fresno,019,978130,251447,249480,27133,276613,2786
2022-07-05,Glenn,021,27897,5263,5222,1750,6972,48
2022-07-05,Humboldt,023,135768,19766,19608,4062,23670,149
2022-07-05,Imperial,025,180216,59759,59184,12107,71291,944
2022-07-05,Inyo,027,18085,4308,4282,699,4981,56
2022-07-05,Kern,029,883053,204775,203587,52311,255898,2353
2022-07-05,Kings,031,150075,54753,54560,3681,58241,449
2022-07-05,Lake,033,64148,11715,11659,1029,12688,140
2022-07-05,Lassen,035,31185,9365,9350,933,10283,64
2022-07-05,Los Angeles,037,10098052,3017068,2991161,150789,3141950,32116
2022-07-05,Madera,039,155013,40108,39952,6892,46844,372
2022-07-05,Marin,041,260295,41411,41036,4708,45744,302
2022-07-05,Mariposa,043,17540,2827,2797,281,3078,30
2022-07-05,Mendocino,045,87422,14657,14540,3861,18401,127
2022-07-05,Merced,047,269075,67042,66420,9931,76351,832
2022-07-05,Modoc,049,8938,801,788,284,1072,8
2022-07-05,Mono,051,14174,3125,3109,193,3302,7
2022-07-05,Monterey,053,433212,87224,86639,17447,104086,744
2022-07-05,Napa,055,140530,29828,29690,1285,30975,144
2022-07-05,Nevada,057,99092,17774,17660,1529,19189,131
2022-07-05,Orange,059,3164182,611326,608084,51681,659765,7125
2022-07-05,Placer,061,380077,70664,70113,8661,78774,632
2022-07-05,Plumas,063,18699,3348,3316,403,3719,13
2022-07-05,Riverside,065,2383286,640092,636209,31051,667260,6505
2022-07-05,Sacramento,067,1510023,319133,317315,30980,348295,3104
2022-07-05,San Benito,069,59416,14652,14556,742,15298,100
2022-07-05,San Bernardino,071,2135413,617955,608119,27202,635321,7870
2022-07-05,San Diego,073,3302833,845351,839970,63165,903135,5349
2022-07-05,San Francisco,075,870044,162247,160612,10699,171311,910
2022-07-05,San Joaquin,077,732212,182472,181448,12199,193647,2256
2022-07-05,San Luis Obispo,079,281455,58891,58488,5799,64287,496
2022-07-05,San Mateo,081,765935,152918,151344,9701,161045,723
2022-07-05,Santa Barbara,083,443738,96462,95918,5692,101610,702
2022-07-05,Santa Clara,085,1922200,389175,385553,16839,402392,2358
2022-07-05,Santa Cruz,087,273765,56769,56307,2866,59173,267
2022-07-05,Shasta,089,179085,32650,32444,6620,39064,570
2022-07-05,Sierra,091,2930,289,290,57,347,4
2022-07-05,Siskiyou,093,43540,4865,4841,3030,7871,82
2022-07-05,Solano,095,438530,96142,95181,6955,102136,455
2022-07-05,Sonoma,097,501317,98790,98031,4488,102519,495
2022-07-05,Stanislaus,099,539301,127289,126492,19524,146016,1682
2022-07-05,Sutter,101,95872,22153,22089,2336,24425,228
2022-07-05,Tehama,103,63373,12778,12680,2766,15446,205
2022-07-05,Trinity,105,12862,1280,1263,314,1577,20
2022-07-05,Tulare,107,460477,112977,112684,30873,143557,1500
2022-07-05,Tuolumne,109,53932,14109,13960,778,14738,189
2022-07-05,Ventura,111,848112,191944,190794,12391,203185,1517
2022-07-05,Yolo,113,214977,44299,43171,3747,46918,324
2022-07-05,Yuba,115,75493,17346,17277,1469,18746,124
2022-07-04,Alameda,001,1643700,313029,310551,17502,328053,1899
2022-07-04,Alpine,003,1148,129,129,1,130,0
2022-07-04,Amador,005,37829,9343,9301,781,10082,87
2022-07-04,Butte,007,227075,36333,36053,8033,44086,436
2022-07-04,Calaveras,009,45235,7905,7873,421,8294,124
2022-07-04,Colusa,011,21464,3591,3579,1136,4715,22
2022-07-04,Contra Costa,013,1133247,228029,223500,17577,241077,1348
2022-07-04,Del Norte,015,27424,6719,6623,319,6942,54
2022-07-04,El Dorado,017,186661,30092,29953,3814,33767,218
2022-07-04,Fresno,019,978130,250805,249480,27001,276481,2786
2022-07-04,Glenn,021,27897,5255,5222,1744,6966,48
2022-07-04,Humboldt,023,135768,19695,19608,4048,23656,149
2022-07-04,Imperial,025,180216,59552,59184,11987,71171,944
2022-07-04,Inyo,027,18085,4305,4282,689,4971,56
2022-07-04,Kern,029,883053,204327,203587,52035,255622,2353
2022-07-04,Kings,031,150075,54603,54560,3677,58237,449
2022-07-04,Lake,033,64148,11702,11659,1027,12686,140
2022-07-04,Lassen,035,31185,9357,9350,932,10282,64
2022-07-04,Los Angeles,037,10098052,3008584,2991161,149866,3141027,32116
2022-07-04,Madera,039,155013,40014,39952,6866,46818,372
2022-07-04,Marin,041,260295,41294,41036,4697,45733,302
2022-07-04,Mariposa,043,17540,2817,2797,276,3073,30
2022-07-04,Mendocino,045,87422,14622,14540,3815,18355,127
2022-07-04,Merced,047,269075,66913,66420,9883,76303,832
2022-07-04,Modoc,049,8938,793,788,280,1068,8
2022-07-04,Mono,051,14174,3123,3109,191,3300,7
2022-07-04,Monterey,053,433212,87031,86639,17376,104015,744
2022-07-04,Napa,055,140530,29763,29690,1281,30971,144
2022-07-04,Nevada,057,99092,17732,17660,1521,19181,131
2022-07-04,Orange,059,3164182,609532,608084,51376,659460,7125
2022-07-04,Placer,061,380077,70488,70113,8631,78744,632
2022-07-04,Plumas,063,18699,3330,3316,402,3718,13
2022-07-04,Riverside,065,2383286,638449,636209,30956,667165,6505
2022-07-04,Sacramento,067,1510023,318358,317315,30888,348203,3104
2022-07-04,San Benito,069,59416,14596,14556,737,15293,100
2022-07-04,San Bernardino,071,2135413,616353,608119,27127,635246,7870
2022-07-04,San Diego,073,3302833,842720,839970,62831,902801,5349
2022-07-04,San Francisco,075,870044,161625,160612,10638,171250,910
2022-07-04,San Joaquin,077,732212,182074,181448,12133,193581,2256
2022-07-04,San Luis Obispo,079,281455,58702,58488,5728,64216,496
2022-07-04,San Mateo,081,765935,152399,151344,9661,161005,723
2022-07-04,Santa Barbara,083,443738,96238,95918,5669,101587,702
2022-07-04,Santa Clara,085,1922200,387680,385553,16786,402339,2358
2022-07-04,Santa Cruz,087,273765,56571,56307,2844,59151,267
2022-07-04,Shasta,089,179085,32572,32444,6591,39035,570
2022-07-04,Sierra,091,2930,289,290,57,347,4
2022-07-04,Siskiyou,093,43540,4858,4841,3022,7863,82
2022-07-04,Solano,095,438530,95793,95181,6920,102101,455
2022-07-04,Sonoma,097,501317,98495,98031,4461,102492,495
2022-07-04,Stanislaus,099,539301,126999,126492,19472,145964,1682
2022-07-04,Sutter,101,95872,22107,22089,2334,24423,228
2022-07-04,Tehama,103,63373,12752,12680,2752,15432,205
2022-07-04,Trinity,105,12862,1275,1263,312,1575,20
2022-07-04,Tulare,107,460477,112739,112684,30761,143445,1500
2022-07-04,Tuolumne,109,53932,14067,13960,774,14734,189
2022-07-04,Ventura,111,848112,191474,190794,12285,203079,1517
2022-07-04,Yolo,113,214977,44205,43171,3729,46900,324
2022-07-04,Yuba,115,75493,17307,17277,1469,18746,124
2022-07-03,Alameda,001,1643700,312472,307672,17473,325145,1898
2022-07-03,Alpine,003,1148,129,129,1,130,0
2022-07-03,Amador,005,37829,9335,9243,778,10021,87
2022-07-03,Butte,007,227075,36319,35846,8026,43872,436
2022-07-03,Calaveras,009,45235,7889,7836,421,8257,124
2022-07-03,Colusa,011,21464,3589,3566,1134,4700,22
2022-07-03,Contra Costa,013,1133247,227676,221545,17545,239090,1343
2022-07-03,Del Norte,015,27424,6710,6543,318,6861,53
2022-07-03,El Dorado,017,186661,30060,29764,3808,33572,217
2022-07-03,Fresno,019,978130,250554,247952,26965,274917,2783
2022-07-03,Glenn,021,27897,5254,5211,1741,6952,48
2022-07-03,Humboldt,023,135768,19673,19516,4039,23555,149
2022-07-03,Imperial,025,180216,59477,58768,11948,70716,944
2022-07-03,Inyo,027,18085,4301,4261,687,4948,56
2022-07-03,Kern,029,883053,204185,202502,51880,254382,2352
2022-07-03,Kings,031,150075,54578,54262,3675,57937,449
2022-07-03,Lake,033,64148,11691,11595,1027,12622,140
2022-07-03,Lassen,035,31185,9354,9336,931,10267,64
2022-07-03,Los Angeles,037,10098052,3005765,2969395,149487,3118882,32089
2022-07-03,Madera,039,155013,39987,39738,6861,46599,372
2022-07-03,Marin,041,260295,41224,40653,4688,45341,297
2022-07-03,Mariposa,043,17540,2813,2780,275,3055,30
2022-07-03,Mendocino,045,87422,14610,14464,3814,18278,127
2022-07-03,Merced,047,269075,66866,66093,9878,75971,832
2022-07-03,Modoc,049,8938,793,787,280,1067,8
2022-07-03,Mono,051,14174,3122,3099,190,3289,7
2022-07-03,Monterey,053,433212,86919,86212,17322,103534,744
2022-07-03,Napa,055,140530,29743,29486,1278,30764,145
2022-07-03,Nevada,057,99092,17713,17546,1514,19060,131
2022-07-03,Orange,059,3164182,608989,603511,51232,654743,7114
2022-07-03,Placer,061,380077,70402,69606,8617,78223,631
2022-07-03,Plumas,063,18699,3323,3294,402,3696,13
2022-07-03,Riverside,065,2383286,637878,632038,30913,662951,6502
2022-07-03,Sacramento,067,1510023,318089,315165,30867,346032,3100
2022-07-03,San Benito,069,59416,14589,14420,736,15156,100
2022-07-03,San Bernardino,071,2135413,615746,604093,27092,631185,7860
2022-07-03,San Diego,073,3302833,841989,834116,62758,896874,5341
2022-07-03,San Francisco,075,870044,161290,158871,10626,169497,910
2022-07-03,San Joaquin,077,732212,181903,180368,12095,192463,2256
2022-07-03,San Luis Obispo,079,281455,58633,58079,5718,63797,489
2022-07-03,San Mateo,081,765935,152094,149812,9644,159456,723
2022-07-03,Santa Barbara,083,443738,96130,95214,5657,100871,699
2022-07-03,Santa Clara,085,1922200,386955,381630,16756,398386,2355
2022-07-03,Santa Cruz,087,273765,56510,55757,2823,58580,267
2022-07-03,Shasta,089,179085,32537,32280,6581,38861,570
2022-07-03,Sierra,091,2930,288,283,57,340,4
2022-07-03,Siskiyou,093,43540,4854,4808,3020,7828,82
2022-07-03,Solano,095,438530,95715,94437,6914,101351,455
2022-07-03,Sonoma,097,501317,98385,97379,4456,101835,495
2022-07-03,Stanislaus,099,539301,126879,125788,19457,145245,1681
2022-07-03,Sutter,101,95872,22086,21935,2333,24268,228
2022-07-03,Tehama,103,63373,12734,12615,2750,15365,205
2022-07-03,Trinity,105,12862,1274,1256,309,1565,20
2022-07-03,Tulare,107,460477,112641,112118,30723,142841,1500
2022-07-03,Tuolumne,109,53932,14044,13886,771,14657,189
2022-07-03,Ventura,111,848112,191263,189493,12264,201757,1517
2022-07-03,Yolo,113,214977,44162,42760,3719,46479,324
2022-07-03,Yuba,115,75493,17293,17168,1468,18636,124
2022-07-02,Alameda,001,1643700,312093,307672,17445,325117,1898
2022-07-02,Alpine,003,1148,129,129,1,130,0
2022-07-02,Amador,005,37829,9319,9243,777,10020,87
2022-07-02,Butte,007,227075,36294,35846,8013,43859,436
2022-07-02,Calaveras,009,45235,7883,7836,421,8257,124
2022-07-02,Colusa,011,21464,3585,3566,1132,4698,22
2022-07-02,Contra Costa,013,1133247,227331,221545,17493,239038,1343
2022-07-02,Del Norte,015,27424,6700,6543,318,6861,53
2022-07-02,El Dorado,017,186661,30026,29764,3804,33568,217
2022-07-02,Fresno,019,978130,250327,247952,26928,274880,2783
2022-07-02,Glenn,021,27897,5249,5211,1740,6951,48
2022-07-02,Humboldt,023,135768,19647,19516,4035,23551,149
2022-07-02,Imperial,025,180216,59397,58768,11927,70695,944
2022-07-02,Inyo,027,18085,4297,4261,685,4946,56
2022-07-02,Kern,029,883053,204032,202502,51720,254222,2352
2022-07-02,Kings,031,150075,54533,54262,3675,57937,449
2022-07-02,Lake,033,64148,11682,11595,1025,12620,140
2022-07-02,Lassen,035,31185,9353,9336,930,10266,64
2022-07-02,Los Angeles,037,10098052,3003005,2969395,149057,3118452,32089
2022-07-02,Madera,039,155013,39957,39738,6857,46595,372
2022-07-02,Marin,041,260295,41162,40653,4671,45324,297
2022-07-02,Mariposa,043,17540,2809,2780,274,3054,30
2022-07-02,Mendocino,045,87422,14582,14464,3814,18278,127
2022-07-02,Merced,047,269075,66807,66093,9869,75962,832
2022-07-02,Modoc,049,8938,793,787,279,1066,8
2022-07-02,Mono,051,14174,3119,3099,190,3289,7
2022-07-02,Monterey,053,433212,86829,86212,17284,103496,744
2022-07-02,Napa,055,140530,29714,29486,1278,30764,145
2022-07-02,Nevada,057,99092,17698,17546,1508,19054,131
2022-07-02,Orange,059,3164182,608338,603511,51075,654586,7114
2022-07-02,Placer,061,380077,70310,69606,8603,78209,631
2022-07-02,Plumas,063,18699,3314,3294,402,3696,13
2022-07-02,Riverside,065,2383286,637283,632038,30868,662906,6502
2022-07-02,Sacramento,067,1510023,317755,315165,30844,346009,3100
2022-07-02,San Benito,069,59416,14570,14420,727,15147,100
2022-07-02,San Bernardino,071,2135413,615213,604093,27057,631150,7860
2022-07-02,San Diego,073,3302833,841182,834116,62692,896808,5341
2022-07-02,San Francisco,075,870044,161006,158871,10602,169473,910
2022-07-02,San Joaquin,077,732212,181771,180368,12069,192437,2256
2022-07-02,San Luis Obispo,079,281455,58584,58079,5704,63783,489
2022-07-02,San Mateo,081,765935,151837,149812,9624,159436,723
2022-07-02,Santa Barbara,083,443738,96003,95214,5646,100860,699
2022-07-02,Santa Clara,085,1922200,386219,381630,16726,398356,2355
2022-07-02,Santa Cruz,087,273765,56451,55757,2813,58570,267
2022-07-02,Shasta,089,179085,32508,32280,6570,38850,570
2022-07-02,Sierra,091,2930,288,283,57,340,4
2022-07-02,Siskiyou,093,43540,4847,4808,3019,7827,82
2022-07-02,Solano,095,438530,95643,94437,6898,101335,455
2022-07-02,Sonoma,097,501317,98280,97379,4448,101827,495
2022-07-02,Stanislaus,099,539301,126760,125788,19441,145229,1681
2022-07-02,Sutter,101,95872,22067,21935,2333,24268,228
2022-07-02,Tehama,103,63373,12711,12615,2749,15364,205
2022-07-02,Trinity,105,12862,1272,1256,308,1564,20
2022-07-02,Tulare,107,460477,112539,112118,30682,142800,1500
2022-07-02,Tuolumne,109,53932,14031,13886,762,14648,189
2022-07-02,Ventura,111,848112,191091,189493,12239,201732,1517
2022-07-02,Yolo,113,214977,44117,42760,3712,46472,324
2022-07-02,Yuba,115,75493,17281,17168,1468,18636,124
2022-07-01,Alameda,001,1643700,311608,307672,17416,325088,1898
2022-07-01,Alpine,003,1148,129,129,1,130,0
2022-07-01,Amador,005,37829,9314,9243,775,10018,87
2022-07-01,Butte,007,227075,36267,35846,7995,43841,436
2022-07-01,Calaveras,009,45235,7872,7836,421,8257,124
2022-07-01,Colusa,011,21464,3582,3566,1132,4698,22
2022-07-01,Contra Costa,013,1133247,227029,221545,17450,238995,1343
2022-07-01,Del Norte,015,27424,6680,6543,316,6859,53
2022-07-01,El Dorado,017,186661,30001,29764,3796,33560,217
2022-07-01,Fresno,019,978130,250040,247952,26873,274825,2783
2022-07-01,Glenn,021,27897,5249,5211,1740,6951,48
2022-07-01,Humboldt,023,135768,19625,19516,4026,23542,149
2022-07-01,Imperial,025,180216,59321,58768,11900,70668,944
2022-07-01,Inyo,027,18085,4290,4261,679,4940,56
2022-07-01,Kern,029,883053,203826,202502,51586,254088,2352
2022-07-01,Kings,031,150075,54500,54262,3671,57933,449
2022-07-01,Lake,033,64148,11671,11595,1024,12619,140
2022-07-01,Lassen,035,31185,9350,9336,930,10266,64
2022-07-01,Los Angeles,037,10098052,2999520,2969395,148537,3117932,32089
2022-07-01,Madera,039,155013,39914,39738,6843,46581,372
2022-07-01,Marin,041,260295,41089,40653,4658,45311,297
2022-07-01,Mariposa,043,17540,2807,2780,273,3053,30
2022-07-01,Mendocino,045,87422,14562,14464,3810,18274,127
2022-07-01,Merced,047,269075,66722,66093,9865,75958,832
2022-07-01,Modoc,049,8938,793,787,278,1065,8
2022-07-01,Mono,051,14174,3111,3099,189,3288,7
2022-07-01,Monterey,053,433212,86746,86212,17253,103465,744
2022-07-01,Napa,055,140530,29670,29486,1278,30764,145
2022-07-01,Nevada,057,99092,17678,17546,1503,19049,131
2022-07-01,Orange,059,3164182,607624,603511,50915,654426,7114
2022-07-01,Placer,061,380077,70243,69606,8583,78189,631
2022-07-01,Plumas,063,18699,3312,3294,402,3696,13
2022-07-01,Riverside,065,2383286,636568,632038,30815,662853,6502
2022-07-01,Sacramento,067,1510023,317375,315165,30827,345992,3100
2022-07-01,San Benito,069,59416,14552,14420,726,15146,100
2022-07-01,San Bernardino,071,2135413,614569,604093,27023,631116,7860
2022-07-01,San Diego,073,3302833,840147,834116,62551,896667,5341
2022-07-01,San Francisco,075,870044,160731,158871,10563,169434,910
2022-07-01,San Joaquin,077,732212,181629,180368,12036,192404,2256
2022-07-01,San Luis Obispo,079,281455,58556,58079,5692,63771,489
2022-07-01,San Mateo,081,765935,151561,149812,9604,159416,723
2022-07-01,Santa Barbara,083,443738,95887,95214,5637,100851,699
2022-07-01,Santa Clara,085,1922200,385520,381630,16689,398319,2355
2022-07-01,Santa Cruz,087,273765,56385,55757,2800,58557,267
2022-07-01,Shasta,089,179085,32488,32280,6560,38840,570
2022-07-01,Sierra,091,2930,288,283,57,340,4
2022-07-01,Siskiyou,093,43540,4843,4808,3017,7825,82
2022-07-01,Solano,095,438530,95475,94437,6881,101318,455
2022-07-01,Sonoma,097,501317,98160,97379,4429,101808,495
2022-07-01,Stanislaus,099,539301,126631,125788,19415,145203,1681
2022-07-01,Sutter,101,95872,22038,21935,2333,24268,228
2022-07-01,Tehama,103,63373,12702,12615,2747,15362,205
2022-07-01,Trinity,105,12862,1271,1256,308,1564,20
2022-07-01,Tulare,107,460477,112443,112118,30639,142757,1500
2022-07-01,Tuolumne,109,53932,14012,13886,755,14641,189
2022-07-01,Ventura,111,848112,190880,189493,12203,201696,1517
2022-07-01,Yolo,113,214977,44082,42760,3697,46457,324
2022-07-01,Yuba,115,75493,17260,17168,1468,18636,124
2022-06-30,Alameda,001,1643700,310784,307672,17361,325033,1898
2022-06-30,Alpine,003,1148,129,129,1,130,0
2022-06-30,Amador,005,37829,9304,9243,772,10015,87
2022-06-30,Butte,007,227075,36217,35846,7978,43824,436
2022-06-30,Calaveras,009,45235,7861,7836,420,8256,124
2022-06-30,Colusa,011,21464,3578,3566,1130,4696,22
2022-06-30,Contra Costa,013,1133247,226479,221545,17379,238924,1343
2022-06-30,Del Norte,015,27424,6663,6543,313,6856,53
2022-06-30,El Dorado,017,186661,29956,29764,3787,33551,217
2022-06-30,Fresno,019,978130,249641,247952,26825,274777,2783
2022-06-30,Glenn,021,27897,5246,5211,1740,6951,48
2022-06-30,Humboldt,023,135768,19588,19516,4020,23536,149
2022-06-30,Imperial,025,180216,59207,58768,11868,70636,944
2022-06-30,Inyo,027,18085,4284,4261,679,4940,56
2022-06-30,Kern,029,883053,203508,202502,51402,253904,2352
2022-06-30,Kings,031,150075,54424,54262,3668,57930,449
2022-06-30,Lake,033,64148,11652,11595,1021,12616,140
2022-06-30,Lassen,035,31185,9347,9336,929,10265,64
2022-06-30,Los Angeles,037,10098052,2994125,2969395,147936,3117331,32089
2022-06-30,Madera,039,155013,39848,39738,6816,46554,372
2022-06-30,Marin,041,260295,41005,40653,4651,45304,297
2022-06-30,Mariposa,043,17540,2800,2780,271,3051,30
2022-06-30,Mendocino,045,87422,14545,14464,3804,18268,127
2022-06-30,Merced,047,269075,66623,66093,9848,75941,832
2022-06-30,Modoc,049,8938,792,787,277,1064,8
2022-06-30,Mono,051,14174,3109,3099,188,3287,7
2022-06-30,Monterey,053,433212,86597,86212,17190,103402,744
2022-06-30,Napa,055,140530,29612,29486,1272,30758,145
2022-06-30,Nevada,057,99092,17650,17546,1496,19042,131
2022-06-30,Orange,059,3164182,606458,603511,50713,654224,7114
2022-06-30,Placer,061,380077,70093,69606,8555,78161,631
2022-06-30,Plumas,063,18699,3307,3294,401,3695,13
2022-06-30,Riverside,065,2383286,635469,632038,30745,662783,6502
2022-06-30,Sacramento,067,1510023,316790,315165,30786,345951,3100
2022-06-30,San Benito,069,59416,14516,14420,723,15143,100
2022-06-30,San Bernardino,071,2135413,613521,604093,26981,631074,7860
2022-06-30,San Diego,073,3302833,838627,834116,62339,896455,5341
2022-06-30,San Francisco,075,870044,160307,158871,10533,169404,910
2022-06-30,San Joaquin,077,732212,181349,180368,12004,192372,2256
2022-06-30,San Luis Obispo,079,281455,58456,58079,5664,63743,489
2022-06-30,San Mateo,081,765935,151142,149812,9570,159382,723
2022-06-30,Santa Barbara,083,443738,95689,95214,5625,100839,699
2022-06-30,Santa Clara,085,1922200,384422,381630,16645,398275,2355
2022-06-30,Santa Cruz,087,273765,56266,55757,2786,58543,267
2022-06-30,Shasta,089,179085,32448,32280,6541,38821,570
2022-06-30,Sierra,091,2930,288,283,57,340,4
2022-06-30,Siskiyou,093,43540,4835,4808,3010,7818,82
2022-06-30,Solano,095,438530,95274,94437,6850,101287,455
2022-06-30,Sonoma,097,501317,97996,97379,4408,101787,495
2022-06-30,Stanislaus,099,539301,126436,125788,19385,145173,1681
2022-06-30,Sutter,101,95872,22005,21935,2331,24266,228
2022-06-30,Tehama,103,63373,12681,12615,2744,15359,205
2022-06-30,Trinity,105,12862,1265,1256,306,1562,20
2022-06-30,Tulare,107,460477,112295,112118,30564,142682,1500
2022-06-30,Tuolumne,109,53932,13993,13886,749,14635,189
2022-06-30,Ventura,111,848112,190536,189493,12128,201621,1517
2022-06-30,Yolo,113,214977,44009,42760,3679,46439,324
2022-06-30,Yuba,115,75493,17232,17168,1462,18630,124
2022-06-29,Alameda,001,1643700,309985,305288,17320,322608,1895
2022-06-29,Alpine,003,1148,129,129,1,130,0
2022-06-29,Amador,005,37829,9297,9205,772,9977,87
2022-06-29,Butte,007,227075,36170,35651,7962,43613,434
2022-06-29,Calaveras,009,45235,7849,7798,417,8215,124
2022-06-29,Colusa,011,21464,3575,3548,1128,4676,22
2022-06-29,Contra Costa,013,1133247,225996,219921,17325,237246,1339
2022-06-29,Del Norte,015,27424,6638,6484,309,6793,53
2022-06-29,El Dorado,017,186661,29898,29549,3771,33320,216
2022-06-29,Fresno,019,978130,249248,246740,26759,273499,2777
2022-06-29,Glenn,021,27897,5245,5192,1738,6930,48
2022-06-29,Humboldt,023,135768,19562,19411,4010,23421,149
2022-06-29,Imperial,025,180216,59088,58498,11821,70319,944
2022-06-29,Inyo,027,18085,4280,4243,674,4917,56
2022-06-29,Kern,029,883053,203223,201537,51225,252762,2343
2022-06-29,Kings,031,150075,54334,54031,3666,57697,448
2022-06-29,Lake,033,64148,11625,11548,1017,12565,140
2022-06-29,Lassen,035,31185,9342,9310,929,10239,64
2022-06-29,Los Angeles,037,10098052,2988499,2955489,147340,3102829,32062
2022-06-29,Madera,039,155013,39797,39554,6807,46361,372
2022-06-29,Marin,041,260295,40901,40397,4645,45042,297
2022-06-29,Mariposa,043,17540,2798,2753,271,3024,30
2022-06-29,Mendocino,045,87422,14516,14383,3788,18171,127
2022-06-29,Merced,047,269075,66529,65733,9836,75569,830
2022-06-29,Modoc,049,8938,790,780,276,1056,8
2022-06-29,Mono,051,14174,3109,3081,186,3267,7
2022-06-29,Monterey,053,433212,86465,85711,17140,102851,743
2022-06-29,Napa,055,140530,29560,29285,1268,30553,144
2022-06-29,Nevada,057,99092,17616,17439,1492,18931,129
2022-06-29,Orange,059,3164182,605295,599951,50543,650494,7095
2022-06-29,Placer,061,380077,69957,69244,8546,77790,629
2022-06-29,Plumas,063,18699,3304,3267,399,3666,13
2022-06-29,Riverside,065,2383286,634412,629035,30678,659713,6493
2022-06-29,Sacramento,067,1510023,316195,313224,30739,343963,3082
2022-06-29,San Benito,069,59416,14480,14302,715,15017,100
2022-06-29,San Bernardino,071,2135413,612529,600960,26885,627845,7825
2022-06-29,San Diego,073,3302833,836897,828907,62106,891013,5336
2022-06-29,San Francisco,075,870044,159812,157419,10499,167918,902
2022-06-29,San Joaquin,077,732212,181056,179476,11968,191444,2252
2022-06-29,San Luis Obispo,079,281455,58321,57783,5626,63409,486
2022-06-29,San Mateo,081,765935,150758,148533,9549,158082,723
2022-06-29,Santa Barbara,083,443738,95538,94683,5614,100297,699
2022-06-29,Santa Clara,085,1922200,383428,378000,16587,394587,2348
2022-06-29,Santa Cruz,087,273765,56141,55432,2772,58204,266
2022-06-29,Shasta,089,179085,32401,32106,6525,38631,570
2022-06-29,Sierra,091,2930,286,283,57,340,4
2022-06-29,Siskiyou,093,43540,4827,4773,3009,7782,82
2022-06-29,Solano,095,438530,95041,92975,6831,99806,455
2022-06-29,Sonoma,097,501317,97813,96854,4396,101250,493
2022-06-29,Stanislaus,099,539301,126260,125189,19355,144544,1674
2022-06-29,Sutter,101,95872,21952,21836,2326,24162,227
2022-06-29,Tehama,103,63373,12662,12561,2743,15304,205
2022-06-29,Trinity,105,12862,1263,1245,305,1550,20
2022-06-29,Tulare,107,460477,112162,111707,30491,142198,1499
2022-06-29,Tuolumne,109,53932,13969,13779,733,14512,189
2022-06-29,Ventura,111,848112,190229,188519,12064,200583,1514
2022-06-29,Yolo,113,214977,43907,42410,3668,46078,323
2022-06-29,Yuba,115,75493,17203,17082,1460,18542,124
2022-06-28,Alameda,001,1643700,309144,305288,17284,322572,1895
2022-06-28,Alpine,003,1148,129,129,1,130,0
2022-06-28,Amador,005,37829,9292,9205,771,9976,87
2022-06-28,Butte,007,227075,36104,35651,7944,43595,434
2022-06-28,Calaveras,009,45235,7837,7798,417,8215,124
2022-06-28,Colusa,011,21464,3574,3548,1127,4675,22
2022-06-28,Contra Costa,013,1133247,225392,219921,17262,237183,1339
2022-06-28,Del Norte,015,27424,6601,6484,307,6791,53
2022-06-28,El Dorado,017,186661,29850,29549,3760,33309,216
2022-06-28,Fresno,019,978130,248814,246740,26703,273443,2777
2022-06-28,Glenn,021,27897,5237,5192,1733,6925,48
2022-06-28,Humboldt,023,135768,19542,19411,4003,23414,149
2022-06-28,Imperial,025,180216,58992,58498,11743,70241,944
2022-06-28,Inyo,027,18085,4274,4243,668,4911,56
2022-06-28,Kern,029,883053,202928,201537,51013,252550,2343
2022-06-28,Kings,031,150075,54253,54031,3661,57692,448
2022-06-28,Lake,033,64148,11614,11548,1015,12563,140
2022-06-28,Lassen,035,31185,9335,9310,929,10239,64
2022-06-28,Los Angeles,037,10098052,2982565,2955489,146727,3102216,32062
2022-06-28,Madera,039,155013,39738,39554,6790,46344,372
2022-06-28,Marin,041,260295,40793,40397,4638,45035,297
2022-06-28,Mariposa,043,17540,2790,2753,269,3022,30
2022-06-28,Mendocino,045,87422,14488,14383,3776,18159,127
2022-06-28,Merced,047,269075,66427,65733,9818,75551,830
2022-06-28,Modoc,049,8938,788,780,275,1055,8
2022-06-28,Mono,051,14174,3102,3081,184,3265,7
2022-06-28,Monterey,053,433212,86340,85711,17093,102804,743
2022-06-28,Napa,055,140530,29492,29285,1265,30550,144
2022-06-28,Nevada,057,99092,17585,17439,1488,18927,129
2022-06-28,Orange,059,3164182,603947,599951,50361,650312,7095
2022-06-28,Placer,061,380077,69795,69244,8537,77781,629
2022-06-28,Plumas,063,18699,3304,3267,398,3665,13
2022-06-28,Riverside,065,2383286,633215,629035,30631,659666,6493
2022-06-28,Sacramento,067,1510023,315522,313224,30682,343906,3082
2022-06-28,San Benito,069,59416,14441,14302,714,15016,100
2022-06-28,San Bernardino,071,2135413,611408,600960,26839,627799,7825
2022-06-28,San Diego,073,3302833,835036,828907,61865,890772,5336
2022-06-28,San Francisco,075,870044,159284,157419,10475,167894,902
2022-06-28,San Joaquin,077,732212,180746,179476,11933,191409,2252
2022-06-28,San Luis Obispo,079,281455,58202,57783,5589,63372,486
2022-06-28,San Mateo,081,765935,150298,148533,9522,158055,723
2022-06-28,Santa Barbara,083,443738,95368,94683,5597,100280,699
2022-06-28,Santa Clara,085,1922200,382315,378000,16531,394531,2348
2022-06-28,Santa Cruz,087,273765,56009,55432,2764,58196,266
2022-06-28,Shasta,089,179085,32354,32106,6512,38618,570
2022-06-28,Sierra,091,2930,286,283,57,340,4
2022-06-28,Siskiyou,093,43540,4820,4773,3003,7776,82
2022-06-28,Solano,095,438530,94771,92975,6813,99788,455
2022-06-28,Sonoma,097,501317,97604,96854,4380,101234,493
2022-06-28,Stanislaus,099,539301,126058,125189,19332,144521,1674
2022-06-28,Sutter,101,95872,21917,21836,2324,24160,227
2022-06-28,Tehama,103,63373,12642,12561,2739,15300,205
2022-06-28,Trinity,105,12862,1260,1245,303,1548,20
2022-06-28,Tulare,107,460477,111976,111707,30417,142124,1499
2022-06-28,Tuolumne,109,53932,13938,13779,727,14506,189
2022-06-28,Ventura,111,848112,189906,188519,11985,200504,1514
2022-06-28,Yolo,113,214977,43794,42410,3662,46072,323
2022-06-28,Yuba,115,75493,17167,17082,1456,18538,124
2022-06-27,Alameda,001,1643700,308212,305288,17230,322518,1895
2022-06-27,Alpine,003,1148,129,129,1,130,0
2022-06-27,Amador,005,37829,9277,9205,769,9974,87
2022-06-27,Butte,007,227075,36050,35651,7924,43575,434
2022-06-27,Calaveras,009,45235,7823,7798,417,8215,124
2022-06-27,Colusa,011,21464,3570,3548,1125,4673,22
2022-06-27,Contra Costa,013,1133247,224711,219921,17199,237120,1339
2022-06-27,Del Norte,015,27424,6581,6484,301,6785,53
2022-06-27,El Dorado,017,186661,29785,29549,3742,33291,216
2022-06-27,Fresno,019,978130,248343,246740,26634,273374,2777
2022-06-27,Glenn,021,27897,5231,5192,1726,6918,48
2022-06-27,Humboldt,023,135768,19507,19411,3991,23402,149
2022-06-27,Imperial,025,180216,58852,58498,11677,70175,944
2022-06-27,Inyo,027,18085,4264,4243,659,4902,56
2022-06-27,Kern,029,883053,202570,201537,50805,252342,2343
2022-06-27,Kings,031,150075,54166,54031,3658,57689,448
2022-06-27,Lake,033,64148,11595,11548,1010,12558,140
2022-06-27,Lassen,035,31185,9326,9310,929,10239,64
2022-06-27,Los Angeles,037,10098052,2976350,2955489,146158,3101647,32062
2022-06-27,Madera,039,155013,39673,39554,6778,46332,372
2022-06-27,Marin,041,260295,40686,40397,4625,45022,297
2022-06-27,Mariposa,043,17540,2781,2753,267,3020,30
2022-06-27,Mendocino,045,87422,14458,14383,3770,18153,127
2022-06-27,Merced,047,269075,66319,65733,9782,75515,830
2022-06-27,Modoc,049,8938,783,780,274,1054,8
2022-06-27,Mono,051,14174,3101,3081,184,3265,7
2022-06-27,Monterey,053,433212,86190,85711,17032,102743,743
2022-06-27,Napa,055,140530,29423,29285,1262,30547,144
2022-06-27,Nevada,057,99092,17555,17439,1474,18913,129
2022-06-27,Orange,059,3164182,602586,599951,50141,650092,7095
2022-06-27,Placer,061,380077,69682,69244,8513,77757,629
2022-06-27,Plumas,063,18699,3299,3267,397,3664,13
2022-06-27,Riverside,065,2383286,632066,629035,30565,659600,6493
2022-06-27,Sacramento,067,1510023,314799,313224,30632,343856,3082
2022-06-27,San Benito,069,59416,14386,14302,711,15013,100
2022-06-27,San Bernardino,071,2135413,610291,600960,26792,627752,7825
2022-06-27,San Diego,073,3302833,833111,828907,61637,890544,5336
2022-06-27,San Francisco,075,870044,158727,157419,10449,167868,902
2022-06-27,San Joaquin,077,732212,180404,179476,11891,191367,2252
2022-06-27,San Luis Obispo,079,281455,58088,57783,5552,63335,486
2022-06-27,San Mateo,081,765935,149823,148533,9486,158019,723
2022-06-27,Santa Barbara,083,443738,95181,94683,5583,100266,699
2022-06-27,Santa Clara,085,1922200,380892,378000,16476,394476,2348
2022-06-27,Santa Cruz,087,273765,55839,55432,2756,58188,266
2022-06-27,Shasta,089,179085,32293,32106,6494,38600,570
2022-06-27,Sierra,091,2930,286,283,57,340,4
2022-06-27,Siskiyou,093,43540,4810,4773,2996,7769,82
2022-06-27,Solano,095,438530,94461,92975,6781,99756,455
2022-06-27,Sonoma,097,501317,97411,96854,4361,101215,493
2022-06-27,Stanislaus,099,539301,125831,125189,19311,144500,1674
2022-06-27,Sutter,101,95872,21877,21836,2321,24157,227
2022-06-27,Tehama,103,63373,12620,12561,2737,15298,205
2022-06-27,Trinity,105,12862,1258,1245,301,1546,20
2022-06-27,Tulare,107,460477,111798,111707,30330,142037,1499
2022-06-27,Tuolumne,109,53932,13903,13779,718,14497,189
2022-06-27,Ventura,111,848112,189526,188519,11923,200442,1514
2022-06-27,Yolo,113,214977,43668,42410,3654,46064,323
2022-06-27,Yuba,115,75493,17139,17082,1453,18535,124
2022-06-26,Alameda,001,1643700,307134,302071,17176,319247,1891
2022-06-26,Alpine,003,1148,129,129,1,130,0
2022-06-26,Amador,005,37829,9238,9135,767,9902,87
2022-06-26,Butte,007,227075,35977,35406,7899,43305,433
2022-06-26,Calaveras,009,45235,7808,7754,414,8168,124
2022-06-26,Colusa,011,21464,3561,3540,1121,4661,22
2022-06-26,Contra Costa,013,1133247,224087,218053,17114,235167,1335
2022-06-26,Del Norte,015,27424,6559,6398,297,6695,52
2022-06-26,El Dorado,017,186661,29701,29313,3717,33030,216
2022-06-26,Fresno,019,978130,247805,245118,26570,271688,2777
2022-06-26,Glenn,021,27897,5226,5178,1723,6901,48
2022-06-26,Humboldt,023,135768,19472,19234,3980,23214,149
2022-06-26,Imperial,025,180216,58707,58127,11584,69711,944
2022-06-26,Inyo,027,18085,4253,4228,646,4874,56
2022-06-26,Kern,029,883053,202262,200556,50603,251159,2344
2022-06-26,Kings,031,150075,54058,53783,3655,57438,448
2022-06-26,Lake,033,64148,11576,11471,1008,12479,140
2022-06-26,Lassen,035,31185,9317,9287,929,10216,64
2022-06-26,Los Angeles,037,10098052,2969763,2936815,145514,3082329,32036
2022-06-26,Madera,039,155013,39604,39319,6758,46077,372
2022-06-26,Marin,041,260295,40565,39979,4604,44583,297
2022-06-26,Mariposa,043,17540,2773,2713,267,2980,30
2022-06-26,Mendocino,045,87422,14429,14292,3743,18035,127
2022-06-26,Merced,047,269075,66189,65408,9754,75162,828
2022-06-26,Modoc,049,8938,782,777,272,1049,8
2022-06-26,Mono,051,14174,3091,3076,184,3260,7
2022-06-26,Monterey,053,433212,86017,85275,16971,102246,743
2022-06-26,Napa,055,140530,29343,29054,1259,30313,144
2022-06-26,Nevada,057,99092,17511,17339,1470,18809,129
2022-06-26,Orange,059,3164182,601101,595761,49932,645693,7090
2022-06-26,Placer,061,380077,69547,68785,8490,77275,628
2022-06-26,Plumas,063,18699,3287,3241,397,3638,13
2022-06-26,Riverside,065,2383286,630841,625794,30508,656302,6493
2022-06-26,Sacramento,067,1510023,313979,310837,30564,341401,3077
2022-06-26,San Benito,069,59416,14341,14192,708,14900,99
2022-06-26,San Bernardino,071,2135413,609085,598062,26733,624795,7803
2022-06-26,San Diego,073,3302833,830926,822848,61465,884313,5332
2022-06-26,San Francisco,075,870044,158095,155609,10397,166006,899
2022-06-26,San Joaquin,077,732212,180029,178447,11847,190294,2252
2022-06-26,San Luis Obispo,079,281455,57953,57472,5501,62973,485
2022-06-26,San Mateo,081,765935,149309,146955,9455,156410,723
2022-06-26,Santa Barbara,083,443738,94973,94017,5555,99572,699
2022-06-26,Santa Clara,085,1922200,379514,373961,16399,390360,2338
2022-06-26,Santa Cruz,087,273765,55682,54874,2747,57621,265
2022-06-26,Shasta,089,179085,32211,31921,6476,38397,570
2022-06-26,Sierra,091,2930,285,283,57,340,4
2022-06-26,Siskiyou,093,43540,4792,4744,2989,7733,81
2022-06-26,Solano,095,438530,94191,92248,6742,98990,455
2022-06-26,Sonoma,097,501317,97177,95981,4325,100306,493
2022-06-26,Stanislaus,099,539301,125630,124493,19282,143775,1672
2022-06-26,Sutter,101,95872,21837,21733,2320,24053,227
2022-06-26,Tehama,103,63373,12603,12510,2731,15241,205
2022-06-26,Trinity,105,12862,1253,1233,299,1532,20
2022-06-26,Tulare,107,460477,111618,111188,30248,141436,1496
2022-06-26,Tuolumne,109,53932,13875,13688,711,14399,189
2022-06-26,Ventura,111,848112,189131,187389,11844,199233,1514
2022-06-26,Yolo,113,214977,43553,41932,3640,45572,323
2022-06-26,Yuba,115,75493,17102,16994,1444,18438,124
2022-06-25,Alameda,001,1643700,306666,302071,17163,319234,1891
2022-06-25,Alpine,003,1148,129,129,1,130,0
2022-06-25,Amador,005,37829,9228,9135,766,9901,87
2022-06-25,Butte,007,227075,35938,35406,7877,43283,433
2022-06-25,Calaveras,009,45235,7799,7754,414,8168,124
2022-06-25,Colusa,011,21464,3556,3540,1121,4661,22
2022-06-25,Contra Costa,013,1133247,223726,218053,17071,235124,1335
2022-06-25,Del Norte,015,27424,6545,6398,294,6692,52
2022-06-25,El Dorado,017,186661,29661,29313,3711,33024,216
2022-06-25,Fresno,019,978130,247573,245118,26544,271662,2777
2022-06-25,Glenn,021,27897,5221,5178,1721,6899,48
2022-06-25,Humboldt,023,135768,19451,19234,3969,23203,149
2022-06-25,Imperial,025,180216,58626,58127,11559,69686,944
2022-06-25,Inyo,027,18085,4251,4228,642,4870,56
2022-06-25,Kern,029,883053,202103,200556,50498,251054,2344
2022-06-25,Kings,031,150075,54021,53783,3655,57438,448
2022-06-25,Lake,033,64148,11567,11471,1007,12478,140
2022-06-25,Lassen,035,31185,9311,9287,927,10214,64
2022-06-25,Los Angeles,037,10098052,2966747,2936815,145128,3081943,32036
2022-06-25,Madera,039,155013,39571,39319,6755,46074,372
2022-06-25,Marin,041,260295,40512,39979,4597,44576,297
2022-06-25,Mariposa,043,17540,2771,2713,267,2980,30
2022-06-25,Mendocino,045,87422,14417,14292,3738,18030,127
2022-06-25,Merced,047,269075,66112,65408,9751,75159,828
2022-06-25,Modoc,049,8938,782,777,272,1049,8
2022-06-25,Mono,051,14174,3086,3076,184,3260,7
2022-06-25,Monterey,053,433212,85916,85275,16942,102217,743
2022-06-25,Napa,055,140530,29312,29054,1255,30309,144
2022-06-25,Nevada,057,99092,17487,17339,1466,18805,129
2022-06-25,Orange,059,3164182,600401,595761,49794,645555,7090
2022-06-25,Placer,061,380077,69452,68785,8470,77255,628
2022-06-25,Plumas,063,18699,3283,3241,397,3638,13
2022-06-25,Riverside,065,2383286,630198,625794,30466,656260,6493
2022-06-25,Sacramento,067,1510023,313669,310837,30537,341374,3077
2022-06-25,San Benito,069,59416,14316,14192,707,14899,99
2022-06-25,San Bernardino,071,2135413,608486,598062,26705,624767,7803
2022-06-25,San Diego,073,3302833,830021,822848,61401,884249,5332
2022-06-25,San Francisco,075,870044,157801,155609,10379,165988,899
2022-06-25,San Joaquin,077,732212,179880,178447,11833,190280,2252
2022-06-25,San Luis Obispo,079,281455,57882,57472,5491,62963,485
2022-06-25,San Mateo,081,765935,149035,146955,9432,156387,723
2022-06-25,Santa Barbara,083,443738,94830,94017,5542,99559,699
2022-06-25,Santa Clara,085,1922200,378662,373961,16371,390332,2338
2022-06-25,Santa Cruz,087,273765,55612,54874,2744,57618,265
2022-06-25,Shasta,089,179085,32173,31921,6462,38383,570
2022-06-25,Sierra,091,2930,285,283,57,340,4
2022-06-25,Siskiyou,093,43540,4789,4744,2986,7730,81
2022-06-25,Solano,095,438530,94106,92248,6721,98969,455
2022-06-25,Sonoma,097,501317,97066,95981,4314,100295,493
2022-06-25,Stanislaus,099,539301,125500,124493,19263,143756,1672
2022-06-25,Sutter,101,95872,21816,21733,2319,24052,227
2022-06-25,Tehama,103,63373,12592,12510,2726,15236,205
2022-06-25,Trinity,105,12862,1252,1233,297,1530,20
2022-06-25,Tulare,107,460477,111539,111188,30206,141394,1496
2022-06-25,Tuolumne,109,53932,13857,13688,708,14396,189
2022-06-25,Ventura,111,848112,188923,187389,11815,199204,1514
2022-06-25,Yolo,113,214977,43489,41932,3634,45566,323
2022-06-25,Yuba,115,75493,17081,16994,1443,18437,124
2022-06-24,Alameda,001,1643700,306095,302071,17129,319200,1891
2022-06-24,Alpine,003,1148,129,129,1,130,0
2022-06-24,Amador,005,37829,9221,9135,764,9899,87
2022-06-24,Butte,007,227075,35908,35406,7863,43269,433
2022-06-24,Calaveras,009,45235,7794,7754,413,8167,124
2022-06-24,Colusa,011,21464,3555,3540,1118,4658,22
2022-06-24,Contra Costa,013,1133247,223384,218053,17045,235098,1335
2022-06-24,Del Norte,015,27424,6534,6398,292,6690,52
2022-06-24,El Dorado,017,186661,29618,29313,3707,33020,216
2022-06-24,Fresno,019,978130,247284,245118,26509,271627,2777
2022-06-24,Glenn,021,27897,5219,5178,1721,6899,48
2022-06-24,Humboldt,023,135768,19420,19234,3964,23198,149
2022-06-24,Imperial,025,180216,58554,58127,11529,69656,944
2022-06-24,Inyo,027,18085,4249,4228,638,4866,56
2022-06-24,Kern,029,883053,201930,200556,50402,250958,2344
2022-06-24,Kings,031,150075,53977,53783,3651,57434,448
2022-06-24,Lake,033,64148,11556,11471,1007,12478,140
2022-06-24,Lassen,035,31185,9308,9287,926,10213,64
2022-06-24,Los Angeles,037,10098052,2963463,2936815,144799,3081614,32036
2022-06-24,Madera,039,155013,39525,39319,6749,46068,372
2022-06-24,Marin,041,260295,40436,39979,4585,44564,297
2022-06-24,Mariposa,043,17540,2764,2713,267,2980,30
2022-06-24,Mendocino,045,87422,14408,14292,3735,18027,127
2022-06-24,Merced,047,269075,66074,65408,9742,75150,828
2022-06-24,Modoc,049,8938,782,777,272,1049,8
2022-06-24,Mono,051,14174,3082,3076,183,3259,7
2022-06-24,Monterey,053,433212,85835,85275,16915,102190,743
2022-06-24,Napa,055,140530,29284,29054,1254,30308,144
2022-06-24,Nevada,057,99092,17471,17339,1460,18799,129
2022-06-24,Orange,059,3164182,599711,595761,49650,645411,7090
2022-06-24,Placer,061,380077,69376,68785,8458,77243,628
2022-06-24,Plumas,063,18699,3279,3241,397,3638,13
2022-06-24,Riverside,065,2383286,629552,625794,30422,656216,6493
2022-06-24,Sacramento,067,1510023,313273,310837,30515,341352,3077
2022-06-24,San Benito,069,59416,14303,14192,706,14898,99
2022-06-24,San Bernardino,071,2135413,607899,598062,26680,624742,7803
2022-06-24,San Diego,073,3302833,828984,822848,61320,884168,5332
2022-06-24,San Francisco,075,870044,157488,155609,10352,165961,899
2022-06-24,San Joaquin,077,732212,179701,178447,11808,190255,2252
2022-06-24,San Luis Obispo,079,281455,57837,57472,5486,62958,485
2022-06-24,San Mateo,081,765935,148702,146955,9419,156374,723
2022-06-24,Santa Barbara,083,443738,94699,94017,5539,99556,699
2022-06-24,Santa Clara,085,1922200,377836,373961,16322,390283,2338
2022-06-24,Santa Cruz,087,273765,55511,54874,2733,57607,265
2022-06-24,Shasta,089,179085,32143,31921,6453,38374,570
2022-06-24,Sierra,091,2930,285,283,57,340,4
2022-06-24,Siskiyou,093,43540,4781,4744,2985,7729,81
2022-06-24,Solano,095,438530,93954,92248,6707,98955,455
2022-06-24,Sonoma,097,501317,96927,95981,4297,100278,493
2022-06-24,Stanislaus,099,539301,125375,124493,19241,143734,1672
2022-06-24,Sutter,101,95872,21801,21733,2318,24051,227
2022-06-24,Tehama,103,63373,12577,12510,2720,15230,205
2022-06-24,Trinity,105,12862,1249,1233,297,1530,20
2022-06-24,Tulare,107,460477,111438,111188,30149,141337,1496
2022-06-24,Tuolumne,109,53932,13838,13688,702,14390,189
2022-06-24,Ventura,111,848112,188696,187389,11786,199175,1514
2022-06-24,Yolo,113,214977,43396,41932,3625,45557,323
2022-06-24,Yuba,115,75493,17063,16994,1443,18437,124
2022-06-23,Alameda,001,1643700,305277,302071,17069,319140,1891
2022-06-23,Alpine,003,1148,129,129,1,130,0
2022-06-23,Amador,005,37829,9212,9135,763,9898,87
2022-06-23,Butte,007,227075,35848,35406,7844,43250,433
2022-06-23,Calaveras,009,45235,7783,7754,412,8166,124
2022-06-23,Colusa,011,21464,3548,3540,1116,4656,22
2022-06-23,Contra Costa,013,1133247,222874,218053,16951,235004,1335
2022-06-23,Del Norte,015,27424,6502,6398,290,6688,52
2022-06-23,El Dorado,017,186661,29560,29313,3695,33008,216
2022-06-23,Fresno,019,978130,246878,245118,26448,271566,2777
2022-06-23,Glenn,021,27897,5216,5178,1712,6890,48
2022-06-23,Humboldt,023,135768,19398,19234,3960,23194,149
2022-06-23,Imperial,025,180216,58480,58127,11476,69603,944
2022-06-23,Inyo,027,18085,4246,4228,635,4863,56
2022-06-23,Kern,029,883053,201649,200556,50252,250808,2344
2022-06-23,Kings,031,150075,53918,53783,3648,57431,448
2022-06-23,Lake,033,64148,11535,11471,1007,12478,140
2022-06-23,Lassen,035,31185,9298,9287,925,10212,64
2022-06-23,Los Angeles,037,10098052,2958796,2936815,144256,3081071,32036
2022-06-23,Madera,039,155013,39464,39319,6734,46053,372
2022-06-23,Marin,041,260295,40322,39979,4561,44540,297
2022-06-23,Mariposa,043,17540,2752,2713,267,2980,30
2022-06-23,Mendocino,045,87422,14379,14292,3731,18023,127
2022-06-23,Merced,047,269075,65996,65408,9726,75134,828
2022-06-23,Modoc,049,8938,781,777,272,1049,8
2022-06-23,Mono,051,14174,3080,3076,182,3258,7
2022-06-23,Monterey,053,433212,85689,85275,16862,102137,743
2022-06-23,Napa,055,140530,29227,29054,1253,30307,144
2022-06-23,Nevada,057,99092,17438,17339,1460,18799,129
2022-06-23,Orange,059,3164182,598700,595761,49469,645230,7090
2022-06-23,Placer,061,380077,69238,68785,8437,77222,628
2022-06-23,Plumas,063,18699,3274,3241,395,3636,13
2022-06-23,Riverside,065,2383286,628631,625794,30373,656167,6493
2022-06-23,Sacramento,067,1510023,312671,310837,30472,341309,3077
2022-06-23,San Benito,069,59416,14272,14192,704,14896,99
2022-06-23,San Bernardino,071,2135413,607104,598062,26646,624708,7803
2022-06-23,San Diego,073,3302833,827513,822848,61120,883968,5332
2022-06-23,San Francisco,075,870044,157025,155609,10319,165928,899
2022-06-23,San Joaquin,077,732212,179424,178447,11782,190229,2252
2022-06-23,San Luis Obispo,079,281455,57748,57472,5454,62926,485
2022-06-23,San Mateo,081,765935,148354,146955,9384,156339,723
2022-06-23,Santa Barbara,083,443738,94534,94017,5511,99528,699
2022-06-23,Santa Clara,085,1922200,376854,373961,16275,390236,2338
2022-06-23,Santa Cruz,087,273765,55400,54874,2721,57595,265
2022-06-23,Shasta,089,179085,32101,31921,6441,38362,570
2022-06-23,Sierra,091,2930,284,283,57,340,4
2022-06-23,Siskiyou,093,43540,4775,4744,2978,7722,81
2022-06-23,Solano,095,438530,93707,92248,6665,98913,455
2022-06-23,Sonoma,097,501317,96730,95981,4277,100258,493
2022-06-23,Stanislaus,099,539301,125194,124493,19211,143704,1672
2022-06-23,Sutter,101,95872,21767,21733,2318,24051,227
2022-06-23,Tehama,103,63373,12568,12510,2717,15227,205
2022-06-23,Trinity,105,12862,1247,1233,297,1530,20
2022-06-23,Tulare,107,460477,111313,111188,30081,141269,1496
2022-06-23,Tuolumne,109,53932,13811,13688,690,14378,189
2022-06-23,Ventura,111,848112,188400,187389,11749,199138,1514
2022-06-23,Yolo,113,214977,43292,41932,3614,45546,323
2022-06-23,Yuba,115,75493,17042,16994,1437,18431,124
2022-06-22,Alameda,001,1643700,304454,299567,17010,316577,1888
2022-06-22,Alpine,003,1148,129,129,1,130,0
2022-06-22,Amador,005,37829,9206,9049,762,9811,87
2022-06-22,Butte,007,227075,35782,35203,7826,43029,433
2022-06-22,Calaveras,009,45235,7771,7716,412,8128,122
2022-06-22,Colusa,011,21464,3545,3529,1116,4645,21
2022-06-22,Contra Costa,013,1133247,222354,216355,16896,233251,1328
2022-06-22,Del Norte,015,27424,6484,6367,289,6656,52
2022-06-22,El Dorado,017,186661,29497,29139,3682,32821,215
2022-06-22,Fresno,019,978130,246456,244129,26392,270521,2772
2022-06-22,Glenn,021,27897,5214,5161,1707,6868,48
2022-06-22,Humboldt,023,135768,19346,19111,3940,23051,148
2022-06-22,Imperial,025,180216,58380,57866,11443,69309,944
2022-06-22,Inyo,027,18085,4241,4222,634,4856,56
2022-06-22,Kern,029,883053,201377,199721,50118,249839,2341
2022-06-22,Kings,031,150075,53854,53568,3644,57212,448
2022-06-22,Lake,033,64148,11518,11426,1001,12427,140
2022-06-22,Lassen,035,31185,9290,9259,923,10182,64
2022-06-22,Los Angeles,037,10098052,2953829,2925667,143796,3069463,32015
2022-06-22,Madera,039,155013,39407,39139,6715,45854,372
2022-06-22,Marin,041,260295,40219,39687,4555,44242,297
2022-06-22,Mariposa,043,17540,2746,2695,264,2959,30
2022-06-22,Mendocino,045,87422,14363,14201,3710,17911,127
2022-06-22,Merced,047,269075,65899,65120,9702,74822,827
2022-06-22,Modoc,049,8938,780,773,268,1041,8
2022-06-22,Mono,051,14174,3079,3073,180,3253,7
2022-06-22,Monterey,053,433212,85562,84752,16819,101571,742
2022-06-22,Napa,055,140530,29157,28894,1249,30143,144
2022-06-22,Nevada,057,99092,17419,17280,1450,18730,129
2022-06-22,Orange,059,3164182,597510,592215,49280,641495,7084
2022-06-22,Placer,061,380077,69122,68447,8427,76874,628
2022-06-22,Plumas,063,18699,3264,3220,395,3615,13
2022-06-22,Riverside,065,2383286,627782,623584,30317,653901,6491
2022-06-22,Sacramento,067,1510023,312045,309105,30437,339542,3071
2022-06-22,San Benito,069,59416,14247,14128,701,14829,99
2022-06-22,San Bernardino,071,2135413,606303,595517,26616,622133,7774
2022-06-22,San Diego,073,3302833,825910,815124,60932,876056,5318
2022-06-22,San Francisco,075,870044,156546,154213,10289,164502,897
2022-06-22,San Joaquin,077,732212,179166,177637,11757,189394,2251
2022-06-22,San Luis Obispo,079,281455,57658,57177,5419,62596,485
2022-06-22,San Mateo,081,765935,147946,145781,9361,155142,723
2022-06-22,Santa Barbara,083,443738,94387,93576,5497,99073,700
2022-06-22,Santa Clara,085,1922200,375767,370678,16165,386843,2340
2022-06-22,Santa Cruz,087,273765,55281,54525,2708,57233,265
2022-06-22,Shasta,089,179085,32056,31786,6426,38212,570
2022-06-22,Sierra,091,2930,284,283,57,340,4
2022-06-22,Siskiyou,093,43540,4768,4711,2975,7686,81
2022-06-22,Solano,095,438530,93458,91528,6599,98127,454
2022-06-22,Sonoma,097,501317,96518,95363,4256,99619,493
2022-06-22,Stanislaus,099,539301,124998,124023,19154,143177,1670
2022-06-22,Sutter,101,95872,21735,21649,2317,23966,227
2022-06-22,Tehama,103,63373,12558,12465,2715,15180,205
2022-06-22,Trinity,105,12862,1245,1223,297,1520,20
2022-06-22,Tulare,107,460477,111179,110768,30001,140769,1496
2022-06-22,Tuolumne,109,53932,13792,13596,684,14280,189
2022-06-22,Ventura,111,848112,188095,186601,11697,198298,1514
2022-06-22,Yolo,113,214977,43172,41689,3603,45292,323
2022-06-22,Yuba,115,75493,17022,16912,1433,18345,124
2022-06-21,Alameda,001,1643700,303655,299567,16974,316541,1888
2022-06-21,Alpine,003,1148,129,129,1,130,0
2022-06-21,Amador,005,37829,9199,9049,759,9808,87
2022-06-21,Butte,007,227075,35710,35203,7815,43018,433
2022-06-21,Calaveras,009,45235,7762,7716,411,8127,122
2022-06-21,Colusa,011,21464,3543,3529,1114,4643,21
2022-06-21,Contra Costa,013,1133247,221791,216355,16847,233202,1328
2022-06-21,Del Norte,015,27424,6453,6367,287,6654,52
2022-06-21,El Dorado,017,186661,29424,29139,3675,32814,215
2022-06-21,Fresno,019,978130,246016,244129,26326,270455,2772
2022-06-21,Glenn,021,27897,5207,5161,1705,6866,48
2022-06-21,Humboldt,023,135768,19294,19111,3927,23038,148
2022-06-21,Imperial,025,180216,58285,57866,11407,69273,944
2022-06-21,Inyo,027,18085,4236,4222,628,4850,56
2022-06-21,Kern,029,883053,201056,199721,49935,249656,2341
2022-06-21,Kings,031,150075,53779,53568,3643,57211,448
2022-06-21,Lake,033,64148,11495,11426,998,12424,140
2022-06-21,Lassen,035,31185,9280,9259,920,10179,64
2022-06-21,Los Angeles,037,10098052,2949011,2925667,143283,3068950,32015
2022-06-21,Madera,039,155013,39323,39139,6704,45843,372
2022-06-21,Marin,041,260295,40129,39687,4543,44230,297
2022-06-21,Mariposa,043,17540,2740,2695,263,2958,30
2022-06-21,Mendocino,045,87422,14334,14201,3701,17902,127
2022-06-21,Merced,047,269075,65799,65120,9670,74790,827
2022-06-21,Modoc,049,8938,777,773,267,1040,8
2022-06-21,Mono,051,14174,3077,3073,179,3252,7
2022-06-21,Monterey,053,433212,85406,84752,16777,101529,742
2022-06-21,Napa,055,140530,29104,28894,1248,30142,144
2022-06-21,Nevada,057,99092,17391,17280,1447,18727,129
2022-06-21,Orange,059,3164182,596317,592215,49134,641349,7084
2022-06-21,Placer,061,380077,68996,68447,8415,76862,628
2022-06-21,Plumas,063,18699,3255,3220,394,3614,13
2022-06-21,Riverside,065,2383286,626821,623584,30258,653842,6491
2022-06-21,Sacramento,067,1510023,311353,309105,30392,339497,3071
2022-06-21,San Benito,069,59416,14211,14128,698,14826,99
2022-06-21,San Bernardino,071,2135413,605478,595517,26569,622086,7774
2022-06-21,San Diego,073,3302833,824230,815124,60729,875853,5318
2022-06-21,San Francisco,075,870044,156068,154213,10258,164471,897
2022-06-21,San Joaquin,077,732212,178847,177637,11727,189364,2251
2022-06-21,San Luis Obispo,079,281455,57547,57177,5374,62551,485
2022-06-21,San Mateo,081,765935,147458,145781,9340,155121,723
2022-06-21,Santa Barbara,083,443738,94220,93576,5483,99059,700
2022-06-21,Santa Clara,085,1922200,374609,370678,16117,386795,2340
2022-06-21,Santa Cruz,087,273765,55151,54525,2700,57225,265
2022-06-21,Shasta,089,179085,32011,31786,6408,38194,570
2022-06-21,Sierra,091,2930,284,283,57,340,4
2022-06-21,Siskiyou,093,43540,4760,4711,2967,7678,81
2022-06-21,Solano,095,438530,93197,91528,6581,98109,454
2022-06-21,Sonoma,097,501317,96284,95363,4232,99595,493
2022-06-21,Stanislaus,099,539301,124805,124023,19124,143147,1670
2022-06-21,Sutter,101,95872,21711,21649,2315,23964,227
2022-06-21,Tehama,103,63373,12544,12465,2715,15180,205
2022-06-21,Trinity,105,12862,1239,1223,297,1520,20
2022-06-21,Tulare,107,460477,111039,110768,29941,140709,1496
2022-06-21,Tuolumne,109,53932,13768,13596,678,14274,189
2022-06-21,Ventura,111,848112,187772,186601,11642,198243,1514
2022-06-21,Yolo,113,214977,43039,41689,3591,45280,323
2022-06-21,Yuba,115,75493,16993,16912,1432,18344,124
2022-06-20,Alameda,001,1643700,302756,299567,16915,316482,1888
2022-06-20,Alpine,003,1148,129,129,1,130,0
2022-06-20,Amador,005,37829,9189,9049,757,9806,87
2022-06-20,Butte,007,227075,35640,35203,7800,43003,433
2022-06-20,Calaveras,009,45235,7755,7716,411,8127,122
2022-06-20,Colusa,011,21464,3542,3529,1113,4642,21
2022-06-20,Contra Costa,013,1133247,221192,216355,16780,233135,1328
2022-06-20,Del Norte,015,27424,6441,6367,283,6650,52
2022-06-20,El Dorado,017,186661,29353,29139,3657,32796,215
2022-06-20,Fresno,019,978130,245527,244129,26262,270391,2772
2022-06-20,Glenn,021,27897,5203,5161,1702,6863,48
2022-06-20,Humboldt,023,135768,19246,19111,3910,23021,148
2022-06-20,Imperial,025,180216,58152,57866,11374,69240,944
2022-06-20,Inyo,027,18085,4232,4222,623,4845,56
2022-06-20,Kern,029,883053,200759,199721,49787,249508,2341
2022-06-20,Kings,031,150075,53698,53568,3641,57209,448
2022-06-20,Lake,033,64148,11474,11426,996,12422,140
2022-06-20,Lassen,035,31185,9275,9259,919,10178,64
2022-06-20,Los Angeles,037,10098052,2943601,2925667,142800,3068467,32015
2022-06-20,Madera,039,155013,39261,39139,6686,45825,372
2022-06-20,Marin,041,260295,40027,39687,4520,44207,297
2022-06-20,Mariposa,043,17540,2726,2695,263,2958,30
2022-06-20,Mendocino,045,87422,14305,14201,3696,17897,127
2022-06-20,Merced,047,269075,65706,65120,9644,74764,827
2022-06-20,Modoc,049,8938,776,773,266,1039,8
2022-06-20,Mono,051,14174,3077,3073,176,3249,7
2022-06-20,Monterey,053,433212,85257,84752,16712,101464,742
2022-06-20,Napa,055,140530,29032,28894,1245,30139,144
2022-06-20,Nevada,057,99092,17366,17280,1438,18718,129
2022-06-20,Orange,059,3164182,595054,592215,48977,641192,7084
2022-06-20,Placer,061,380077,68878,68447,8403,76850,628
2022-06-20,Plumas,063,18699,3249,3220,394,3614,13
2022-06-20,Riverside,065,2383286,625884,623584,30190,653774,6491
2022-06-20,Sacramento,067,1510023,310648,309105,30319,339424,3071
2022-06-20,San Benito,069,59416,14165,14128,692,14820,99
2022-06-20,San Bernardino,071,2135413,604573,595517,26531,622048,7774
2022-06-20,San Diego,073,3302833,822245,815124,60477,875601,5318
2022-06-20,San Francisco,075,870044,155453,154213,10219,164432,897
2022-06-20,San Joaquin,077,732212,178521,177637,11682,189319,2251
2022-06-20,San Luis Obispo,079,281455,57443,57177,5326,62503,485
2022-06-20,San Mateo,081,765935,146952,145781,9315,155096,723
2022-06-20,Santa Barbara,083,443738,94036,93576,5458,99034,700
2022-06-20,Santa Clara,085,1922200,373401,370678,16055,386733,2340
2022-06-20,Santa Cruz,087,273765,54978,54525,2693,57218,265
2022-06-20,Shasta,089,179085,31954,31786,6396,38182,570
2022-06-20,Sierra,091,2930,284,283,56,339,4
2022-06-20,Siskiyou,093,43540,4747,4711,2955,7666,81
2022-06-20,Solano,095,438530,92868,91528,6559,98087,454
2022-06-20,Sonoma,097,501317,96044,95363,4206,99569,493
2022-06-20,Stanislaus,099,539301,124620,124023,19095,143118,1670
2022-06-20,Sutter,101,95872,21680,21649,2296,23945,227
2022-06-20,Tehama,103,63373,12529,12465,2712,15177,205
2022-06-20,Trinity,105,12862,1234,1223,297,1520,20
2022-06-20,Tulare,107,460477,110896,110768,29876,140644,1496
2022-06-20,Tuolumne,109,53932,13732,13596,678,14274,189
2022-06-20,Ventura,111,848112,187436,186601,11602,198203,1514
2022-06-20,Yolo,113,214977,42878,41689,3573,45262,323
2022-06-20,Yuba,115,75493,16968,16912,1426,18338,124
2022-06-19,Alameda,001,1643700,301830,296062,16884,312946,1883
2022-06-19,Alpine,003,1148,129,129,1,130,0
2022-06-19,Amador,005,37829,9139,8985,744,9729,87
2022-06-19,Butte,007,227075,35579,34920,7777,42697,432
2022-06-19,Calaveras,009,45235,7737,7664,410,8074,122
2022-06-19,Colusa,011,21464,3537,3519,1109,4628,21
2022-06-19,Contra Costa,013,1133247,220509,213994,16712,230706,1323
2022-06-19,Del Norte,015,27424,6424,6307,280,6587,52
2022-06-19,El Dorado,017,186661,29271,28904,3642,32546,215
2022-06-19,Fresno,019,978130,245078,242214,26193,268407,2768
2022-06-19,Glenn,021,27897,5194,5131,1700,6831,48
2022-06-19,Humboldt,023,135768,19201,18885,3885,22770,148
2022-06-19,Imperial,025,180216,58029,57450,11341,68791,944
2022-06-19,Inyo,027,18085,4231,4209,622,4831,56
2022-06-19,Kern,029,883053,200394,198567,49617,248184,2340
2022-06-19,Kings,031,150075,53604,53242,3638,56880,448
2022-06-19,Lake,033,64148,11460,11318,995,12313,140
2022-06-19,Lassen,035,31185,9262,9225,919,10144,64
2022-06-19,Los Angeles,037,10098052,2938710,2909197,142240,3051437,31999
2022-06-19,Madera,039,155013,39169,38859,6665,45524,372
2022-06-19,Marin,041,260295,39899,39214,4510,43724,294
2022-06-19,Mariposa,043,17540,2719,2662,262,2924,30
2022-06-19,Mendocino,045,87422,14278,14090,3683,17773,127
2022-06-19,Merced,047,269075,65605,64734,9614,74348,827
2022-06-19,Modoc,049,8938,773,771,265,1036,8
2022-06-19,Mono,051,14174,3075,3066,175,3241,6
2022-06-19,Monterey,053,433212,85109,84032,16666,100698,744
2022-06-19,Napa,055,140530,28972,28619,1241,29860,144
2022-06-19,Nevada,057,99092,17336,17134,1430,18564,129
2022-06-19,Orange,059,3164182,593801,587176,48785,635961,7074
2022-06-19,Placer,061,380077,68760,67961,8382,76343,628
2022-06-19,Plumas,063,18699,3241,3201,394,3595,13
2022-06-19,Riverside,065,2383286,625011,619760,30141,649901,6488
2022-06-19,Sacramento,067,1510023,309920,306215,30262,336477,3072
2022-06-19,San Benito,069,59416,14146,13985,690,14675,99
2022-06-19,San Bernardino,071,2135413,603752,591926,26494,618420,7765
2022-06-19,San Diego,073,3302833,820714,815124,60357,875481,5318
2022-06-19,San Francisco,075,870044,154936,151898,10180,162078,897
2022-06-19,San Joaquin,077,732212,178199,176323,11644,187967,2251
2022-06-19,San Luis Obispo,079,281455,57305,56767,5269,62036,485
2022-06-19,San Mateo,081,765935,146498,143879,9281,153160,723
2022-06-19,Santa Barbara,083,443738,93866,92906,5442,98348,699
2022-06-19,Santa Clara,085,1922200,372232,365638,15994,381632,2328
2022-06-19,Santa Cruz,087,273765,54815,53866,2674,56540,264
2022-06-19,Shasta,089,179085,31895,31647,6385,38032,568
2022-06-19,Sierra,091,2930,284,281,56,337,4
2022-06-19,Siskiyou,093,43540,4735,4672,2949,7621,81
2022-06-19,Solano,095,438530,92611,90548,6546,97094,454
2022-06-19,Sonoma,097,501317,95802,94318,4185,98503,493
2022-06-19,Stanislaus,099,539301,124434,123264,19046,142310,1668
2022-06-19,Sutter,101,95872,21645,21501,2288,23789,227
2022-06-19,Tehama,103,63373,12520,12410,2706,15116,205
2022-06-19,Trinity,105,12862,1231,1220,297,1517,20
2022-06-19,Tulare,107,460477,110714,110041,29820,139861,1496
2022-06-19,Tuolumne,109,53932,13705,13487,678,14165,189
2022-06-19,Ventura,111,848112,187084,185219,11557,196776,1513
2022-06-19,Yolo,113,214977,42789,41135,3560,44695,323
2022-06-19,Yuba,115,75493,16936,16786,1423,18209,124
2022-06-18,Alameda,001,1643700,301364,296062,16863,312925,1883
2022-06-18,Alpine,003,1148,129,129,1,130,0
2022-06-18,Amador,005,37829,9132,8985,740,9725,87
2022-06-18,Butte,007,227075,35529,34920,7766,42686,432
2022-06-18,Calaveras,009,45235,7725,7664,410,8074,122
2022-06-18,Colusa,011,21464,3534,3519,1109,4628,21
2022-06-18,Contra Costa,013,1133247,220196,213994,16683,230677,1323
2022-06-18,Del Norte,015,27424,6418,6307,279,6586,52
2022-06-18,El Dorado,017,186661,29242,28904,3639,32543,215
2022-06-18,Fresno,019,978130,244875,242214,26176,268390,2768
2022-06-18,Glenn,021,27897,5191,5131,1699,6830,48
2022-06-18,Humboldt,023,135768,19172,18885,3878,22763,148
2022-06-18,Imperial,025,180216,57959,57450,11328,68778,944
2022-06-18,Inyo,027,18085,4230,4209,621,4830,56
2022-06-18,Kern,029,883053,200271,198567,49530,248097,2340
2022-06-18,Kings,031,150075,53568,53242,3637,56879,448
2022-06-18,Lake,033,64148,11449,11318,993,12311,140
2022-06-18,Lassen,035,31185,9258,9225,919,10144,64
2022-06-18,Los Angeles,037,10098052,2936274,2909197,141947,3051144,31999
2022-06-18,Madera,039,155013,39146,38859,6659,45518,372
2022-06-18,Marin,041,260295,39835,39214,4500,43714,294
2022-06-18,Mariposa,043,17540,2714,2662,262,2924,30
2022-06-18,Mendocino,045,87422,14256,14090,3680,17770,127
2022-06-18,Merced,047,269075,65540,64734,9604,74338,827
2022-06-18,Modoc,049,8938,773,771,265,1036,8
2022-06-18,Mono,051,14174,3074,3066,175,3241,6
2022-06-18,Monterey,053,433212,85017,84032,16638,100670,744
2022-06-18,Napa,055,140530,28947,28619,1240,29859,144
2022-06-18,Nevada,057,99092,17324,17134,1429,18563,129
2022-06-18,Orange,059,3164182,593180,587176,48672,635848,7074
2022-06-18,Placer,061,380077,68695,67961,8369,76330,628
2022-06-18,Plumas,063,18699,3233,3201,394,3595,13
2022-06-18,Riverside,065,2383286,624477,619760,30126,649886,6488
2022-06-18,Sacramento,067,1510023,309602,306215,30240,336455,3072
2022-06-18,San Benito,069,59416,14131,13985,683,14668,99
2022-06-18,San Bernardino,071,2135413,603324,591926,26472,618398,7765
2022-06-18,San Diego,073,3302833,819996,815124,60296,875420,5318
2022-06-18,San Francisco,075,870044,154603,151898,10162,162060,897
2022-06-18,San Joaquin,077,732212,178036,176323,11635,187958,2251
2022-06-18,San Luis Obispo,079,281455,57260,56767,5260,62027,485
2022-06-18,San Mateo,081,765935,146229,143879,9258,153137,723
2022-06-18,Santa Barbara,083,443738,93755,92906,5432,98338,699
2022-06-18,Santa Clara,085,1922200,371476,365638,15949,381587,2328
2022-06-18,Santa Cruz,087,273765,54739,53866,2664,56530,264
2022-06-18,Shasta,089,179085,31874,31647,6382,38029,568
2022-06-18,Sierra,091,2930,284,281,56,337,4
2022-06-18,Siskiyou,093,43540,4727,4672,2945,7617,81
2022-06-18,Solano,095,438530,92528,90548,6537,97085,454
2022-06-18,Sonoma,097,501317,95663,94318,4167,98485,493
2022-06-18,Stanislaus,099,539301,124326,123264,19025,142289,1668
2022-06-18,Sutter,101,95872,21624,21501,2285,23786,227
2022-06-18,Tehama,103,63373,12511,12410,2702,15112,205
2022-06-18,Trinity,105,12862,1230,1220,297,1517,20
2022-06-18,Tulare,107,460477,110633,110041,29779,139820,1496
2022-06-18,Tuolumne,109,53932,13683,13487,675,14162,189
2022-06-18,Ventura,111,848112,186909,185219,11534,196753,1513
2022-06-18,Yolo,113,214977,42720,41135,3555,44690,323
2022-06-18,Yuba,115,75493,16923,16786,1423,18209,124
2022-06-17,Alameda,001,1643700,300893,296062,16849,312911,1883
2022-06-17,Alpine,003,1148,129,129,1,130,0
2022-06-17,Amador,005,37829,9123,8985,740,9725,87
2022-06-17,Butte,007,227075,35498,34920,7756,42676,432
2022-06-17,Calaveras,009,45235,7717,7664,410,8074,122
2022-06-17,Colusa,011,21464,3533,3519,1104,4623,21
2022-06-17,Contra Costa,013,1133247,219897,213994,16657,230651,1323
2022-06-17,Del Norte,015,27424,6404,6307,279,6586,52
2022-06-17,El Dorado,017,186661,29210,28904,3635,32539,215
2022-06-17,Fresno,019,978130,244631,242214,26150,268364,2768
2022-06-17,Glenn,021,27897,5190,5131,1693,6824,48
2022-06-17,Humboldt,023,135768,19145,18885,3874,22759,148
2022-06-17,Imperial,025,180216,57906,57450,11316,68766,944
2022-06-17,Inyo,027,18085,4226,4209,615,4824,56
2022-06-17,Kern,029,883053,200117,198567,49488,248055,2340
2022-06-17,Kings,031,150075,53541,53242,3636,56878,448
2022-06-17,Lake,033,64148,11441,11318,992,12310,140
2022-06-17,Lassen,035,31185,9257,9225,918,10143,64
2022-06-17,Los Angeles,037,10098052,2933430,2909197,141648,3050845,31999
2022-06-17,Madera,039,155013,39121,38859,6653,45512,372
2022-06-17,Marin,041,260295,39740,39214,4488,43702,294
2022-06-17,Mariposa,043,17540,2710,2662,262,2924,30
2022-06-17,Mendocino,045,87422,14239,14090,3676,17766,127
2022-06-17,Merced,047,269075,65482,64734,9600,74334,827
2022-06-17,Modoc,049,8938,773,771,265,1036,8
2022-06-17,Mono,051,14174,3074,3066,175,3241,6
2022-06-17,Monterey,053,433212,84927,84032,16608,100640,744
2022-06-17,Napa,055,140530,28908,28619,1237,29856,144
2022-06-17,Nevada,057,99092,17306,17134,1424,18558,129
2022-06-17,Orange,059,3164182,592502,587176,48535,635711,7074
2022-06-17,Placer,061,380077,68635,67961,8357,76318,628
2022-06-17,Plumas,063,18699,3232,3201,393,3594,13
2022-06-17,Riverside,065,2383286,623926,619760,30090,649850,6488
2022-06-17,Sacramento,067,1510023,309214,306215,30220,336435,3072
2022-06-17,San Benito,069,59416,14119,13985,683,14668,99
2022-06-17,San Bernardino,071,2135413,602885,591926,26441,618367,7765
2022-06-17,San Diego,073,3302833,819032,815124,60193,875317,5318
2022-06-17,San Francisco,075,870044,154288,151898,10127,162025,897
2022-06-17,San Joaquin,077,732212,177887,176323,11625,187948,2251
2022-06-17,San Luis Obispo,079,281455,57223,56767,5254,62021,485
2022-06-17,San Mateo,081,765935,145927,143879,9239,153118,723
2022-06-17,Santa Barbara,083,443738,93650,92906,5420,98326,699
2022-06-17,Santa Clara,085,1922200,370650,365638,15916,381554,2328
2022-06-17,Santa Cruz,087,273765,54673,53866,2659,56525,264
2022-06-17,Shasta,089,179085,31848,31647,6374,38021,568
2022-06-17,Sierra,091,2930,284,281,56,337,4
2022-06-17,Siskiyou,093,43540,4720,4672,2945,7617,81
2022-06-17,Solano,095,438530,92384,90548,6524,97072,454
2022-06-17,Sonoma,097,501317,95498,94318,4150,98468,493
2022-06-17,Stanislaus,099,539301,124229,123264,19016,142280,1668
2022-06-17,Sutter,101,95872,21602,21501,2279,23780,227
2022-06-17,Tehama,103,63373,12496,12410,2699,15109,205
2022-06-17,Trinity,105,12862,1230,1220,297,1517,20
2022-06-17,Tulare,107,460477,110551,110041,29742,139783,1496
2022-06-17,Tuolumne,109,53932,13670,13487,674,14161,189
2022-06-17,Ventura,111,848112,186729,185219,11513,196732,1513
2022-06-17,Yolo,113,214977,42637,41135,3542,44677,323
2022-06-17,Yuba,115,75493,16916,16786,1420,18206,124
2022-06-16,Alameda,001,1643700,300112,296062,16799,312861,1883
2022-06-16,Alpine,003,1148,129,129,1,130,0
2022-06-16,Amador,005,37829,9116,8985,735,9720,87
2022-06-16,Butte,007,227075,35423,34920,7740,42660,432
2022-06-16,Calaveras,009,45235,7705,7664,409,8073,122
2022-06-16,Colusa,011,21464,3531,3519,1103,4622,21
2022-06-16,Contra Costa,013,1133247,219433,213994,16606,230600,1323
2022-06-16,Del Norte,015,27424,6390,6307,278,6585,52
2022-06-16,El Dorado,017,186661,29158,28904,3623,32527,215
2022-06-16,Fresno,019,978130,244257,242214,26087,268301,2768
2022-06-16,Glenn,021,27897,5181,5131,1689,6820,48
2022-06-16,Humboldt,023,135768,19115,18885,3860,22745,148
2022-06-16,Imperial,025,180216,57807,57450,11287,68737,944
2022-06-16,Inyo,027,18085,4225,4209,612,4821,56
2022-06-16,Kern,029,883053,199906,198567,49373,247940,2340
2022-06-16,Kings,031,150075,53474,53242,3632,56874,448
2022-06-16,Lake,033,64148,11425,11318,992,12310,140
2022-06-16,Lassen,035,31185,9250,9225,918,10143,64
2022-06-16,Los Angeles,037,10098052,2929429,2909197,141287,3050484,31999
2022-06-16,Madera,039,155013,39090,38859,6643,45502,372
2022-06-16,Marin,041,260295,39641,39214,4475,43689,294
2022-06-16,Mariposa,043,17540,2702,2662,260,2922,30
2022-06-16,Mendocino,045,87422,14210,14090,3666,17756,127
2022-06-16,Merced,047,269075,65403,64734,9581,74315,827
2022-06-16,Modoc,049,8938,773,771,265,1036,8
2022-06-16,Mono,051,14174,3073,3066,174,3240,6
2022-06-16,Monterey,053,433212,84778,84032,16553,100585,744
2022-06-16,Napa,055,140530,28864,28619,1234,29853,144
2022-06-16,Nevada,057,99092,17283,17134,1419,18553,129
2022-06-16,Orange,059,3164182,591480,587176,48400,635576,7074
2022-06-16,Placer,061,380077,68550,67961,8334,76295,628
2022-06-16,Plumas,063,18699,3225,3201,392,3593,13
2022-06-16,Riverside,065,2383286,623179,619760,30046,649806,6488
2022-06-16,Sacramento,067,1510023,308633,306215,30186,336401,3072
2022-06-16,San Benito,069,59416,14095,13985,680,14665,99
2022-06-16,San Bernardino,071,2135413,602228,591926,26403,618329,7765
2022-06-16,San Diego,073,3302833,817511,815124,60035,875159,5318
2022-06-16,San Francisco,075,870044,153842,151898,10087,161985,897
2022-06-16,San Joaquin,077,732212,177635,176323,11608,187931,2251
2022-06-16,San Luis Obispo,079,281455,57145,56767,5234,62001,485
2022-06-16,San Mateo,081,765935,145562,143879,9223,153102,723
2022-06-16,Santa Barbara,083,443738,93501,92906,5406,98312,699
2022-06-16,Santa Clara,085,1922200,369708,365638,15867,381505,2328
2022-06-16,Santa Cruz,087,273765,54540,53866,2647,56513,264
2022-06-16,Shasta,089,179085,31818,31647,6363,38010,568
2022-06-16,Sierra,091,2930,283,281,56,337,4
2022-06-16,Siskiyou,093,43540,4711,4672,2936,7608,81
2022-06-16,Solano,095,438530,92190,90548,6511,97059,454
2022-06-16,Sonoma,097,501317,95311,94318,4133,98451,493
2022-06-16,Stanislaus,099,539301,124068,123264,18999,142263,1668
2022-06-16,Sutter,101,95872,21577,21501,2277,23778,227
2022-06-16,Tehama,103,63373,12477,12410,2697,15107,205
2022-06-16,Trinity,105,12862,1228,1220,294,1514,20
2022-06-16,Tulare,107,460477,110421,110041,29699,139740,1496
2022-06-16,Tuolumne,109,53932,13646,13487,670,14157,189
2022-06-16,Ventura,111,848112,186458,185219,11468,196687,1513
2022-06-16,Yolo,113,214977,42546,41135,3531,44666,323
2022-06-16,Yuba,115,75493,16892,16786,1416,18202,124
2022-06-15,Alameda,001,1643700,299329,295002,16772,311774,1880
2022-06-15,Alpine,003,1148,129,129,1,130,0
2022-06-15,Amador,005,37829,9108,8972,735,9707,87
2022-06-15,Butte,007,227075,35360,34841,7721,42562,430
2022-06-15,Calaveras,009,45235,7702,7648,407,8055,122
2022-06-15,Colusa,011,21464,3527,3515,1101,4616,21
2022-06-15,Contra Costa,013,1133247,218971,213219,16561,229780,1321
2022-06-15,Del Norte,015,27424,6379,6298,277,6575,52
2022-06-15,El Dorado,017,186661,29104,28829,3611,32440,215
2022-06-15,Fresno,019,978130,243885,241768,26041,267809,2767
2022-06-15,Glenn,021,27897,5175,5128,1681,6809,48
2022-06-15,Humboldt,023,135768,19077,18836,3835,22671,148
2022-06-15,Imperial,025,180216,57724,57373,11264,68637,941
2022-06-15,Inyo,027,18085,4223,4205,611,4816,56
2022-06-15,Kern,029,883053,199641,198216,49266,247482,2338
2022-06-15,Kings,031,150075,53420,53170,3630,56800,448
2022-06-15,Lake,033,64148,11405,11303,987,12290,140
2022-06-15,Lassen,035,31185,9246,9209,917,10126,64
2022-06-15,Los Angeles,037,10098052,2925127,2897298,140923,3038221,31971
2022-06-15,Madera,039,155013,39046,38776,6626,45402,372
2022-06-15,Marin,041,260295,39552,39027,4468,43495,294
2022-06-15,Mariposa,043,17540,2698,2651,258,2909,30
2022-06-15,Mendocino,045,87422,14178,14052,3656,17708,127
2022-06-15,Merced,047,269075,65322,64595,9569,74164,825
2022-06-15,Modoc,049,8938,772,772,265,1037,8
2022-06-15,Mono,051,14174,3073,3060,173,3233,6
2022-06-15,Monterey,053,433212,84637,83837,16513,100350,741
2022-06-15,Napa,055,140530,28804,28518,1225,29743,144
2022-06-15,Nevada,057,99092,17258,17107,1415,18522,127
2022-06-15,Orange,059,3164182,590451,585496,48229,633725,7067
2022-06-15,Placer,061,380077,68427,67805,8318,76123,628
2022-06-15,Plumas,063,18699,3220,3185,390,3575,13
2022-06-15,Riverside,065,2383286,622456,618584,29994,648578,6482
2022-06-15,Sacramento,067,1510023,308039,305361,30139,335500,3059
2022-06-15,San Benito,069,59416,14055,13953,673,14626,99
2022-06-15,San Bernardino,071,2135413,601577,590328,26363,616691,7735
2022-06-15,San Diego,073,3302833,815964,811093,59868,870961,5316
2022-06-15,San Francisco,075,870044,153412,151170,10062,161232,890
2022-06-15,San Joaquin,077,732212,177391,175966,11577,187543,2244
2022-06-15,San Luis Obispo,079,281455,57059,56535,5197,61732,486
2022-06-15,San Mateo,081,765935,145165,143277,9207,152484,722
2022-06-15,Santa Barbara,083,443738,93368,92710,5399,98109,698
2022-06-15,Santa Clara,085,1922200,368707,364014,15831,379845,2323
2022-06-15,Santa Cruz,087,273765,54425,53718,2642,56360,265
2022-06-15,Shasta,089,179085,31778,31598,6356,37954,568
2022-06-15,Sierra,091,2930,281,280,56,336,4
2022-06-15,Siskiyou,093,43540,4700,4656,2926,7582,81
2022-06-15,Solano,095,438530,91961,90265,6499,96764,453
2022-06-15,Sonoma,097,501317,95118,94041,4121,98162,492
2022-06-15,Stanislaus,099,539301,123925,122944,18974,141918,1668
2022-06-15,Sutter,101,95872,21550,21448,2272,23720,227
2022-06-15,Tehama,103,63373,12469,12392,2691,15083,205
2022-06-15,Trinity,105,12862,1227,1217,292,1509,20
2022-06-15,Tulare,107,460477,110316,109930,29662,139592,1495
2022-06-15,Tuolumne,109,53932,13635,13459,670,14129,189
2022-06-15,Ventura,111,848112,186186,184750,11419,196169,1509
2022-06-15,Yolo,113,214977,42441,40756,3516,44272,322
2022-06-15,Yuba,115,75493,16867,16754,1411,18165,124
2022-06-14,Alameda,001,1643700,298634,295002,16728,311730,1880
2022-06-14,Alpine,003,1148,129,129,1,130,0
2022-06-14,Amador,005,37829,9092,8972,730,9702,87
2022-06-14,Butte,007,227075,35305,34841,7705,42546,430
2022-06-14,Calaveras,009,45235,7691,7648,406,8054,122
2022-06-14,Colusa,011,21464,3525,3515,1100,4615,21
2022-06-14,Contra Costa,013,1133247,218437,213219,16502,229721,1321
2022-06-14,Del Norte,015,27424,6371,6298,274,6572,52
2022-06-14,El Dorado,017,186661,29052,28829,3603,32432,215
2022-06-14,Fresno,019,978130,243487,241768,25979,267747,2767
2022-06-14,Glenn,021,27897,5166,5128,1678,6806,48
2022-06-14,Humboldt,023,135768,19027,18836,3818,22654,148
2022-06-14,Imperial,025,180216,57650,57373,11234,68607,941
2022-06-14,Inyo,027,18085,4218,4205,610,4815,56
2022-06-14,Kern,029,883053,199379,198216,49150,247366,2338
2022-06-14,Kings,031,150075,53350,53170,3628,56798,448
2022-06-14,Lake,033,64148,11379,11303,986,12289,140
2022-06-14,Lassen,035,31185,9240,9209,914,10123,64
2022-06-14,Los Angeles,037,10098052,2920601,2897298,140501,3037799,31971
2022-06-14,Madera,039,155013,38993,38776,6617,45393,372
2022-06-14,Marin,041,260295,39443,39027,4457,43484,294
2022-06-14,Mariposa,043,17540,2687,2651,255,2906,30
2022-06-14,Mendocino,045,87422,14150,14052,3643,17695,127
2022-06-14,Merced,047,269075,65240,64595,9544,74139,825
2022-06-14,Modoc,049,8938,772,772,264,1036,8
2022-06-14,Mono,051,14174,3073,3060,172,3232,6
2022-06-14,Monterey,053,433212,84498,83837,16467,100304,741
2022-06-14,Napa,055,140530,28741,28518,1224,29742,144
2022-06-14,Nevada,057,99092,17227,17107,1410,18517,127
2022-06-14,Orange,059,3164182,589325,585496,48064,633560,7067
2022-06-14,Placer,061,380077,68304,67805,8303,76108,628
2022-06-14,Plumas,063,18699,3216,3185,390,3575,13
2022-06-14,Riverside,065,2383286,621675,618584,29959,648543,6482
2022-06-14,Sacramento,067,1510023,307410,305361,30055,335416,3059
2022-06-14,San Benito,069,59416,14020,13953,671,14624,99
2022-06-14,San Bernardino,071,2135413,600864,590328,26319,616647,7735
2022-06-14,San Diego,073,3302833,814255,811093,59719,870812,5316
2022-06-14,San Francisco,075,870044,152932,151170,10035,161205,890
2022-06-14,San Joaquin,077,732212,177123,175966,11541,187507,2244
2022-06-14,San Luis Obispo,079,281455,56950,56535,5149,61684,486
2022-06-14,San Mateo,081,765935,144783,143277,9193,152470,722
2022-06-14,Santa Barbara,083,443738,93232,92710,5383,98093,698
2022-06-14,Santa Clara,085,1922200,367648,364014,15785,379799,2323
2022-06-14,Santa Cruz,087,273765,54298,53718,2631,56349,265
2022-06-14,Shasta,089,179085,31748,31598,6348,37946,568
2022-06-14,Sierra,091,2930,281,280,56,336,4
2022-06-14,Siskiyou,093,43540,4690,4656,2920,7576,81
2022-06-14,Solano,095,438530,91702,90265,6478,96743,453
2022-06-14,Sonoma,097,501317,94902,94041,4107,98148,492
2022-06-14,Stanislaus,099,539301,123748,122944,18945,141889,1668
2022-06-14,Sutter,101,95872,21512,21448,2268,23716,227
2022-06-14,Tehama,103,63373,12451,12392,2690,15082,205
2022-06-14,Trinity,105,12862,1226,1217,292,1509,20
2022-06-14,Tulare,107,460477,110176,109930,29616,139546,1495
2022-06-14,Tuolumne,109,53932,13614,13459,666,14125,189
2022-06-14,Ventura,111,848112,185893,184750,11381,196131,1509
2022-06-14,Yolo,113,214977,42334,40756,3505,44261,322
2022-06-14,Yuba,115,75493,16837,16754,1408,18162,124
2022-06-13,Alameda,001,1643700,297809,295002,16679,311681,1880
2022-06-13,Alpine,003,1148,129,129,1,130,0
2022-06-13,Amador,005,37829,9085,8972,728,9700,87
2022-06-13,Butte,007,227075,35227,34841,7680,42521,430
2022-06-13,Calaveras,009,45235,7673,7648,406,8054,122
2022-06-13,Colusa,011,21464,3525,3515,1097,4612,21
2022-06-13,Contra Costa,013,1133247,217861,213219,16435,229654,1321
2022-06-13,Del Norte,015,27424,6359,6298,270,6568,52
2022-06-13,El Dorado,017,186661,29002,28829,3591,32420,215
2022-06-13,Fresno,019,978130,243060,241768,25923,267691,2767
2022-06-13,Glenn,021,27897,5162,5128,1674,6802,48
2022-06-13,Humboldt,023,135768,18974,18836,3794,22630,148
2022-06-13,Imperial,025,180216,57550,57373,11190,68563,941
2022-06-13,Inyo,027,18085,4214,4205,605,4810,56
2022-06-13,Kern,029,883053,199112,198216,49014,247230,2338
2022-06-13,Kings,031,150075,53285,53170,3624,56794,448
2022-06-13,Lake,033,64148,11354,11303,985,12288,140
2022-06-13,Lassen,035,31185,9232,9209,911,10120,64
2022-06-13,Los Angeles,037,10098052,2916031,2897298,140111,3037409,31971
2022-06-13,Madera,039,155013,38926,38776,6599,45375,372
2022-06-13,Marin,041,260295,39336,39027,4429,43456,294
2022-06-13,Mariposa,043,17540,2673,2651,254,2905,30
2022-06-13,Mendocino,045,87422,14126,14052,3627,17679,127
2022-06-13,Merced,047,269075,65164,64595,9516,74111,825
2022-06-13,Modoc,049,8938,771,772,264,1036,8
2022-06-13,Mono,051,14174,3071,3060,172,3232,6
2022-06-13,Monterey,053,433212,84363,83837,16416,100253,741
2022-06-13,Napa,055,140530,28670,28518,1220,29738,144
2022-06-13,Nevada,057,99092,17196,17107,1407,18514,127
2022-06-13,Orange,059,3164182,588085,585496,47881,633377,7067
2022-06-13,Placer,061,380077,68207,67805,8281,76086,628
2022-06-13,Plumas,063,18699,3211,3185,389,3574,13
2022-06-13,Riverside,065,2383286,620935,618584,29924,648508,6482
2022-06-13,Sacramento,067,1510023,306734,305361,29988,335349,3059
2022-06-13,San Benito,069,59416,13993,13953,665,14618,99
2022-06-13,San Bernardino,071,2135413,600068,590328,26288,616616,7735
2022-06-13,San Diego,073,3302833,812549,811093,59613,870706,5316
2022-06-13,San Francisco,075,870044,152399,151170,10017,161187,890
2022-06-13,San Joaquin,077,732212,176859,175966,11504,187470,2244
2022-06-13,San Luis Obispo,079,281455,56848,56535,5097,61632,486
2022-06-13,San Mateo,081,765935,144343,143277,9171,152448,722
2022-06-13,Santa Barbara,083,443738,93103,92710,5370,98080,698
2022-06-13,Santa Clara,085,1922200,366637,364014,15733,379747,2323
2022-06-13,Santa Cruz,087,273765,54160,53718,2624,56342,265
2022-06-13,Shasta,089,179085,31714,31598,6341,37939,568
2022-06-13,Sierra,091,2930,281,280,56,336,4
2022-06-13,Siskiyou,093,43540,4686,4656,2912,7568,81
2022-06-13,Solano,095,438530,91463,90265,6452,96717,453
2022-06-13,Sonoma,097,501317,94645,94041,4088,98129,492
2022-06-13,Stanislaus,099,539301,123580,122944,18920,141864,1668
2022-06-13,Sutter,101,95872,21484,21448,2264,23712,227
2022-06-13,Tehama,103,63373,12431,12392,2687,15079,205
2022-06-13,Trinity,105,12862,1224,1217,292,1509,20
2022-06-13,Tulare,107,460477,110026,109930,29567,139497,1495
2022-06-13,Tuolumne,109,53932,13591,13459,663,14122,189
2022-06-13,Ventura,111,848112,185601,184750,11329,196079,1509
2022-06-13,Yolo,113,214977,42196,40756,3493,44249,322
2022-06-13,Yuba,115,75493,16819,16754,1404,18158,124
2022-06-12,Alameda,001,1643700,296990,292112,16621,308733,1877
2022-06-12,Alpine,003,1148,129,129,1,130,0
2022-06-12,Amador,005,37829,9062,8869,727,9596,87
2022-06-12,Butte,007,227075,35170,34596,7659,42255,427
2022-06-12,Calaveras,009,45235,7659,7604,403,8007,122
2022-06-12,Colusa,011,21464,3524,3505,1096,4601,21
2022-06-12,Contra Costa,013,1133247,217273,211229,16363,227592,1315
2022-06-12,Del Norte,015,27424,6345,6253,270,6523,52
2022-06-12,El Dorado,017,186661,28941,28641,3574,32215,215
2022-06-12,Fresno,019,978130,242594,240345,25870,266215,2766
2022-06-12,Glenn,021,27897,5159,5104,1672,6776,48
2022-06-12,Humboldt,023,135768,18909,18696,3758,22454,148
2022-06-12,Imperial,025,180216,57473,57129,11146,68275,941
2022-06-12,Inyo,027,18085,4212,4194,604,4798,56
2022-06-12,Kern,029,883053,198830,197353,48895,246248,2338
2022-06-12,Kings,031,150075,53207,52978,3619,56597,447
2022-06-12,Lake,033,64148,11330,11202,984,12186,139
2022-06-12,Lassen,035,31185,9214,9172,909,10081,64
2022-06-12,Los Angeles,037,10098052,2911091,2878981,139625,3018606,31947
2022-06-12,Madera,039,155013,38833,38567,6573,45140,372
2022-06-12,Marin,041,260295,39228,38593,4405,42998,294
2022-06-12,Mariposa,043,17540,2667,2625,253,2878,30
2022-06-12,Mendocino,045,87422,14103,13945,3621,17566,127
2022-06-12,Merced,047,269075,65049,64286,9487,73773,825
2022-06-12,Modoc,049,8938,771,767,264,1031,8
2022-06-12,Mono,051,14174,3067,3052,171,3223,6
2022-06-12,Monterey,053,433212,84206,83391,16338,99729,739
2022-06-12,Napa,055,140530,28608,28202,1211,29413,143
2022-06-12,Nevada,057,99092,17152,16989,1401,18390,127
2022-06-12,Orange,059,3164182,586812,581624,47689,629313,7057
2022-06-12,Placer,061,380077,68094,67306,8257,75563,628
2022-06-12,Plumas,063,18699,3205,3172,388,3560,13
2022-06-12,Riverside,065,2383286,619992,615556,29856,645412,6481
2022-06-12,Sacramento,067,1510023,305989,302721,29883,332604,3058
2022-06-12,San Benito,069,59416,13959,13832,659,14491,99
2022-06-12,San Bernardino,071,2135413,599148,587385,26239,613624,7708
2022-06-12,San Diego,073,3302833,810814,805360,59477,864837,5315
2022-06-12,San Francisco,075,870044,151845,149278,9972,159250,890
2022-06-12,San Joaquin,077,732212,176505,174822,11478,186300,2244
2022-06-12,San Luis Obispo,079,281455,56711,56160,5036,61196,485
2022-06-12,San Mateo,081,765935,143878,141719,9129,150848,715
2022-06-12,Santa Barbara,083,443738,92930,92177,5355,97532,694
2022-06-12,Santa Clara,085,1922200,365462,359925,15687,375612,2322
2022-06-12,Santa Cruz,087,273765,54000,53171,2619,55790,264
2022-06-12,Shasta,089,179085,31667,31483,6327,37810,566
2022-06-12,Sierra,091,2930,281,278,56,334,4
2022-06-12,Siskiyou,093,43540,4678,4633,2907,7540,81
2022-06-12,Solano,095,438530,91170,89424,6433,95857,453
2022-06-12,Sonoma,097,501317,94389,93218,4064,97282,492
2022-06-12,Stanislaus,099,539301,123381,122267,18879,141146,1665
2022-06-12,Sutter,101,95872,21443,21333,2249,23582,227
2022-06-12,Tehama,103,63373,12412,12343,2682,15025,205
2022-06-12,Trinity,105,12862,1221,1213,292,1505,20
2022-06-12,Tulare,107,460477,109831,109467,29501,138968,1495
2022-06-12,Tuolumne,109,53932,13563,13382,661,14043,189
2022-06-12,Ventura,111,848112,185246,183680,11282,194962,1508
2022-06-12,Yolo,113,214977,42075,40202,3488,43690,323
2022-06-12,Yuba,115,75493,16791,16653,1396,18049,123
2022-06-11,Alameda,001,1643700,296576,292112,16601,308713,1877
2022-06-11,Alpine,003,1148,129,129,1,130,0
2022-06-11,Amador,005,37829,9048,8869,727,9596,87
2022-06-11,Butte,007,227075,35135,34596,7643,42239,427
2022-06-11,Calaveras,009,45235,7652,7604,402,8006,122
2022-06-11,Colusa,011,21464,3522,3505,1095,4600,21
2022-06-11,Contra Costa,013,1133247,216961,211229,16328,227557,1315
2022-06-11,Del Norte,015,27424,6337,6253,270,6523,52
2022-06-11,El Dorado,017,186661,28922,28641,3572,32213,215
2022-06-11,Fresno,019,978130,242398,240345,25850,266195,2766
2022-06-11,Glenn,021,27897,5157,5104,1672,6776,48
2022-06-11,Humboldt,023,135768,18889,18696,3750,22446,148
2022-06-11,Imperial,025,180216,57417,57129,11132,68261,941
2022-06-11,Inyo,027,18085,4212,4194,602,4796,56
2022-06-11,Kern,029,883053,198708,197353,48822,246175,2338
2022-06-11,Kings,031,150075,53175,52978,3618,56596,447
2022-06-11,Lake,033,64148,11322,11202,981,12183,139
2022-06-11,Lassen,035,31185,9209,9172,908,10080,64
2022-06-11,Los Angeles,037,10098052,2908752,2878981,139333,3018314,31947
2022-06-11,Madera,039,155013,38812,38567,6571,45138,372
2022-06-11,Marin,041,260295,39151,38593,4371,42964,294
2022-06-11,Mariposa,043,17540,2663,2625,252,2877,30
2022-06-11,Mendocino,045,87422,14092,13945,3617,17562,127
2022-06-11,Merced,047,269075,65000,64286,9483,73769,825
2022-06-11,Modoc,049,8938,771,767,264,1031,8
2022-06-11,Mono,051,14174,3067,3052,171,3223,6
2022-06-11,Monterey,053,433212,84123,83391,16306,99697,739
2022-06-11,Napa,055,140530,28569,28202,1207,29409,143
2022-06-11,Nevada,057,99092,17138,16989,1399,18388,127
2022-06-11,Orange,059,3164182,586171,581624,47551,629175,7057
2022-06-11,Placer,061,380077,68006,67306,8248,75554,628
2022-06-11,Plumas,063,18699,3202,3172,388,3560,13
2022-06-11,Riverside,065,2383286,619467,615556,29827,645383,6481
2022-06-11,Sacramento,067,1510023,305682,302721,29848,332569,3058
2022-06-11,San Benito,069,59416,13949,13832,656,14488,99
2022-06-11,San Bernardino,071,2135413,598726,587385,26216,613601,7708
2022-06-11,San Diego,073,3302833,810112,805360,59432,864792,5315
2022-06-11,San Francisco,075,870044,151523,149278,9952,159230,890
2022-06-11,San Joaquin,077,732212,176351,174822,11459,186281,2244
2022-06-11,San Luis Obispo,079,281455,56677,56160,5026,61186,485
2022-06-11,San Mateo,081,765935,143655,141719,9107,150826,715
2022-06-11,Santa Barbara,083,443738,92864,92177,5341,97518,694
2022-06-11,Santa Clara,085,1922200,364701,359925,15649,375574,2322
2022-06-11,Santa Cruz,087,273765,53945,53171,2605,55776,264
2022-06-11,Shasta,089,179085,31651,31483,6321,37804,566
2022-06-11,Sierra,091,2930,281,278,56,334,4
2022-06-11,Siskiyou,093,43540,4672,4633,2899,7532,81
2022-06-11,Solano,095,438530,91081,89424,6423,95847,453
2022-06-11,Sonoma,097,501317,94281,93218,4039,97257,492
2022-06-11,Stanislaus,099,539301,123279,122267,18856,141123,1665
2022-06-11,Sutter,101,95872,21425,21333,2248,23581,227
2022-06-11,Tehama,103,63373,12405,12343,2682,15025,205
2022-06-11,Trinity,105,12862,1220,1213,292,1505,20
2022-06-11,Tulare,107,460477,109749,109467,29473,138940,1495
2022-06-11,Tuolumne,109,53932,13537,13382,660,14042,189
2022-06-11,Ventura,111,848112,185068,183680,11250,194930,1508
2022-06-11,Yolo,113,214977,42010,40202,3481,43683,323
2022-06-11,Yuba,115,75493,16772,16653,1392,18045,123
2022-06-10,Alameda,001,1643700,296104,292112,16578,308690,1877
2022-06-10,Alpine,003,1148,129,129,1,130,0
2022-06-10,Amador,005,37829,9035,8869,726,9595,87
2022-06-10,Butte,007,227075,35103,34596,7629,42225,427
2022-06-10,Calaveras,009,45235,7647,7604,401,8005,122
2022-06-10,Colusa,011,21464,3517,3505,1094,4599,21
2022-06-10,Contra Costa,013,1133247,216693,211229,16297,227526,1315
2022-06-10,Del Norte,015,27424,6331,6253,269,6522,52
2022-06-10,El Dorado,017,186661,28892,28641,3569,32210,215
2022-06-10,Fresno,019,978130,242169,240345,25827,266172,2766
2022-06-10,Glenn,021,27897,5155,5104,1669,6773,48
2022-06-10,Humboldt,023,135768,18867,18696,3743,22439,148
2022-06-10,Imperial,025,180216,57371,57129,11129,68258,941
2022-06-10,Inyo,027,18085,4211,4194,599,4793,56
2022-06-10,Kern,029,883053,198562,197353,48731,246084,2338
2022-06-10,Kings,031,150075,53155,52978,3617,56595,447
2022-06-10,Lake,033,64148,11307,11202,980,12182,139
2022-06-10,Lassen,035,31185,9206,9172,906,10078,64
2022-06-10,Los Angeles,037,10098052,2906021,2878981,139063,3018044,31947
2022-06-10,Madera,039,155013,38784,38567,6563,45130,372
2022-06-10,Marin,041,260295,39056,38593,4344,42937,294
2022-06-10,Mariposa,043,17540,2659,2625,251,2876,30
2022-06-10,Mendocino,045,87422,14074,13945,3609,17554,127
2022-06-10,Merced,047,269075,64957,64286,9478,73764,825
2022-06-10,Modoc,049,8938,771,767,264,1031,8
2022-06-10,Mono,051,14174,3067,3052,170,3222,6
2022-06-10,Monterey,053,433212,84031,83391,16266,99657,739
2022-06-10,Napa,055,140530,28539,28202,1206,29408,143
2022-06-10,Nevada,057,99092,17125,16989,1398,18387,127
2022-06-10,Orange,059,3164182,585510,581624,47431,629055,7057
2022-06-10,Placer,061,380077,67935,67306,8230,75536,628
2022-06-10,Plumas,063,18699,3198,3172,388,3560,13
2022-06-10,Riverside,065,2383286,618946,615556,29798,645354,6481
2022-06-10,Sacramento,067,1510023,305286,302721,29825,332546,3058
2022-06-10,San Benito,069,59416,13936,13832,655,14487,99
2022-06-10,San Bernardino,071,2135413,598317,587385,26185,613570,7708
2022-06-10,San Diego,073,3302833,809197,805360,59396,864756,5315
2022-06-10,San Francisco,075,870044,151210,149278,9914,159192,890
2022-06-10,San Joaquin,077,732212,176236,174822,11443,186265,2244
2022-06-10,San Luis Obispo,079,281455,56642,56160,5019,61179,485
2022-06-10,San Mateo,081,765935,143399,141719,9094,150813,715
2022-06-10,Santa Barbara,083,443738,92765,92177,5337,97514,694
2022-06-10,Santa Clara,085,1922200,363958,359925,15615,375540,2322
2022-06-10,Santa Cruz,087,273765,53846,53171,2595,55766,264
2022-06-10,Shasta,089,179085,31631,31483,6312,37795,566
2022-06-10,Sierra,091,2930,280,278,56,334,4
2022-06-10,Siskiyou,093,43540,4665,4633,2893,7526,81
2022-06-10,Solano,095,438530,90919,89424,6409,95833,453
2022-06-10,Sonoma,097,501317,94120,93218,4016,97234,492
2022-06-10,Stanislaus,099,539301,123160,122267,18842,141109,1665
2022-06-10,Sutter,101,95872,21410,21333,2246,23579,227
2022-06-10,Tehama,103,63373,12397,12343,2681,15024,205
2022-06-10,Trinity,105,12862,1218,1213,292,1505,20
2022-06-10,Tulare,107,460477,109682,109467,29452,138919,1495
2022-06-10,Tuolumne,109,53932,13523,13382,658,14040,189
2022-06-10,Ventura,111,848112,184882,183680,11216,194896,1508
2022-06-10,Yolo,113,214977,41920,40202,3473,43675,323
2022-06-10,Yuba,115,75493,16751,16653,1389,18042,123
2022-06-09,Alameda,001,1643700,295196,292112,16527,308639,1877
2022-06-09,Alpine,003,1148,129,129,1,130,0
2022-06-09,Amador,005,37829,9024,8869,723,9592,87
2022-06-09,Butte,007,227075,35043,34596,7618,42214,427
2022-06-09,Calaveras,009,45235,7637,7604,401,8005,122
2022-06-09,Colusa,011,21464,3516,3505,1092,4597,21
2022-06-09,Contra Costa,013,1133247,216179,211229,16251,227480,1315
2022-06-09,Del Norte,015,27424,6318,6253,266,6519,52
2022-06-09,El Dorado,017,186661,28835,28641,3560,32201,215
2022-06-09,Fresno,019,978130,241813,240345,25780,266125,2766
2022-06-09,Glenn,021,27897,5149,5104,1667,6771,48
2022-06-09,Humboldt,023,135768,18818,18696,3732,22428,148
2022-06-09,Imperial,025,180216,57313,57129,11112,68241,941
2022-06-09,Inyo,027,18085,4208,4194,594,4788,56
2022-06-09,Kern,029,883053,198360,197353,48633,245986,2338
2022-06-09,Kings,031,150075,53114,52978,3614,56592,447
2022-06-09,Lake,033,64148,11282,11202,978,12180,139
2022-06-09,Lassen,035,31185,9187,9172,904,10076,64
2022-06-09,Los Angeles,037,10098052,2901623,2878981,138682,3017663,31947
2022-06-09,Madera,039,155013,38731,38567,6549,45116,372
2022-06-09,Marin,041,260295,38953,38593,4319,42912,294
2022-06-09,Mariposa,043,17540,2655,2625,250,2875,30
2022-06-09,Mendocino,045,87422,14046,13945,3607,17552,127
2022-06-09,Merced,047,269075,64880,64286,9469,73755,825
2022-06-09,Modoc,049,8938,770,767,264,1031,8
2022-06-09,Mono,051,14174,3061,3052,168,3220,6
2022-06-09,Monterey,053,433212,83911,83391,16197,99588,739
2022-06-09,Napa,055,140530,28479,28202,1204,29406,143
2022-06-09,Nevada,057,99092,17091,16989,1397,18386,127
2022-06-09,Orange,059,3164182,584446,581624,47279,628903,7057
2022-06-09,Placer,061,380077,67814,67306,8217,75523,628
2022-06-09,Plumas,063,18699,3192,3172,388,3560,13
2022-06-09,Riverside,065,2383286,618255,615556,29758,645314,6481
2022-06-09,Sacramento,067,1510023,304705,302721,29737,332458,3058
2022-06-09,San Benito,069,59416,13918,13832,653,14485,99
2022-06-09,San Bernardino,071,2135413,597651,587385,26152,613537,7708
2022-06-09,San Diego,073,3302833,807791,805360,59257,864617,5315
2022-06-09,San Francisco,075,870044,150817,149278,9884,159162,890
2022-06-09,San Joaquin,077,732212,175943,174822,11424,186246,2244
2022-06-09,San Luis Obispo,079,281455,56555,56160,4990,61150,485
2022-06-09,San Mateo,081,765935,143014,141719,9067,150786,715
2022-06-09,Santa Barbara,083,443738,92634,92177,5332,97509,694
2022-06-09,Santa Clara,085,1922200,362997,359925,15547,375472,2322
2022-06-09,Santa Cruz,087,273765,53714,53171,2585,55756,264
2022-06-09,Shasta,089,179085,31600,31483,6302,37785,566
2022-06-09,Sierra,091,2930,280,278,56,334,4
2022-06-09,Siskiyou,093,43540,4658,4633,2879,7512,81
2022-06-09,Solano,095,438530,90672,89424,6394,95818,453
2022-06-09,Sonoma,097,501317,93963,93218,3997,97215,492
2022-06-09,Stanislaus,099,539301,122992,122267,18828,141095,1665
2022-06-09,Sutter,101,95872,21373,21333,2246,23579,227
2022-06-09,Tehama,103,63373,12379,12343,2680,15023,205
2022-06-09,Trinity,105,12862,1217,1213,292,1505,20
2022-06-09,Tulare,107,460477,109561,109467,29416,138883,1495
2022-06-09,Tuolumne,109,53932,13492,13382,655,14037,189
2022-06-09,Ventura,111,848112,184614,183680,11182,194862,1508
2022-06-09,Yolo,113,214977,41808,40202,3458,43660,323
2022-06-09,Yuba,115,75493,16728,16653,1386,18039,123
2022-06-08,Alameda,001,1643700,294435,289661,16479,306140,1873
2022-06-08,Alpine,003,1148,129,128,1,129,0
2022-06-08,Amador,005,37829,9016,8818,721,9539,87
2022-06-08,Butte,007,227075,34976,34380,7600,41980,427
2022-06-08,Calaveras,009,45235,7623,7564,401,7965,122
2022-06-08,Colusa,011,21464,3514,3495,1089,4584,21
2022-06-08,Contra Costa,013,1133247,215667,209384,16186,225570,1310
2022-06-08,Del Norte,015,27424,6296,6229,266,6495,52
2022-06-08,El Dorado,017,186661,28783,28478,3551,32029,215
2022-06-08,Fresno,019,978130,241473,239376,25708,265084,2766
2022-06-08,Glenn,021,27897,5145,5095,1664,6759,48
2022-06-08,Humboldt,023,135768,18788,18598,3706,22304,147
2022-06-08,Imperial,025,180216,57237,56912,11092,68004,941
2022-06-08,Inyo,027,18085,4206,4189,594,4783,56
2022-06-08,Kern,029,883053,198092,196763,48523,245286,2338
2022-06-08,Kings,031,150075,53044,52821,3610,56431,447
2022-06-08,Lake,033,64148,11261,11158,975,12133,137
2022-06-08,Lassen,035,31185,9174,9148,904,10052,64
2022-06-08,Los Angeles,037,10098052,2896991,2865901,138291,3004192,31920
2022-06-08,Madera,039,155013,38686,38408,6536,44944,372
2022-06-08,Marin,041,260295,38861,38338,4302,42640,294
2022-06-08,Mariposa,043,17540,2645,2614,249,2863,30
2022-06-08,Mendocino,045,87422,14026,13859,3595,17454,127
2022-06-08,Merced,047,269075,64814,64080,9447,73527,825
2022-06-08,Modoc,049,8938,766,761,264,1025,8
2022-06-08,Mono,051,14174,3057,3044,168,3212,6
2022-06-08,Monterey,053,433212,83800,83063,16147,99210,740
2022-06-08,Napa,055,140530,28390,27996,1199,29195,143
2022-06-08,Nevada,057,99092,17065,16907,1393,18300,127
2022-06-08,Orange,059,3164182,583340,578530,47088,625618,7044
2022-06-08,Placer,061,380077,67685,66951,8205,75156,627
2022-06-08,Plumas,063,18699,3189,3150,387,3537,13
2022-06-08,Riverside,065,2383286,617569,613469,29723,643192,6480
2022-06-08,Sacramento,067,1510023,304066,300875,29654,330529,3054
2022-06-08,San Benito,069,59416,13884,13734,651,14385,99
2022-06-08,San Bernardino,071,2135413,596953,585029,26108,611137,7685
2022-06-08,San Diego,073,3302833,806296,800840,59081,859921,5308
2022-06-08,San Francisco,075,870044,150394,147960,9858,157818,885
2022-06-08,San Joaquin,077,732212,175668,173887,11397,185284,2241
2022-06-08,San Luis Obispo,079,281455,56399,55822,4927,60749,484
2022-06-08,San Mateo,081,765935,142614,140569,9018,149587,710
2022-06-08,Santa Barbara,083,443738,92495,91747,5321,97068,693
2022-06-08,Santa Clara,085,1922200,362033,356452,15496,371948,2321
2022-06-08,Santa Cruz,087,273765,53574,52753,2574,55327,264
2022-06-08,Shasta,089,179085,31567,31394,6291,37685,565
2022-06-08,Sierra,091,2930,280,278,56,334,4
2022-06-08,Siskiyou,093,43540,4653,4609,2877,7486,81
2022-06-08,Solano,095,438530,90405,88522,6372,94894,453
2022-06-08,Sonoma,097,501317,93778,92644,3963,96607,491
2022-06-08,Stanislaus,099,539301,122809,121787,18793,140580,1662
2022-06-08,Sutter,101,95872,21349,21256,2240,23496,227
2022-06-08,Tehama,103,63373,12372,12306,2679,14985,205
2022-06-08,Trinity,105,12862,1216,1211,291,1502,20
2022-06-08,Tulare,107,460477,109475,109091,29362,138453,1494
2022-06-08,Tuolumne,109,53932,13476,13335,654,13989,189
2022-06-08,Ventura,111,848112,184338,182847,11132,193979,1506
2022-06-08,Yolo,113,214977,41702,39962,3444,43406,321
2022-06-08,Yuba,115,75493,16703,16558,1378,17936,122
2022-06-07,Alameda,001,1643700,293624,289661,16435,306096,1873
2022-06-07,Alpine,003,1148,129,128,1,129,0
2022-06-07,Amador,005,37829,9006,8818,718,9536,87
2022-06-07,Butte,007,227075,34897,34380,7575,41955,427
2022-06-07,Calaveras,009,45235,7615,7564,399,7963,122
2022-06-07,Colusa,011,21464,3514,3495,1086,4581,21
2022-06-07,Contra Costa,013,1133247,215108,209384,16133,225517,1310
2022-06-07,Del Norte,015,27424,6288,6229,263,6492,52
2022-06-07,El Dorado,017,186661,28719,28478,3540,32018,215
2022-06-07,Fresno,019,978130,241088,239376,25641,265017,2766
2022-06-07,Glenn,021,27897,5138,5095,1664,6759,48
2022-06-07,Humboldt,023,135768,18750,18598,3690,22288,147
2022-06-07,Imperial,025,180216,57178,56912,11059,67971,941
2022-06-07,Inyo,027,18085,4205,4189,586,4775,56
2022-06-07,Kern,029,883053,197837,196763,48415,245178,2338
2022-06-07,Kings,031,150075,52986,52821,3606,56427,447
2022-06-07,Lake,033,64148,11236,11158,969,12127,137
2022-06-07,Lassen,035,31185,9165,9148,903,10051,64
2022-06-07,Los Angeles,037,10098052,2891659,2865901,137851,3003752,31920
2022-06-07,Madera,039,155013,38614,38408,6520,44928,372
2022-06-07,Marin,041,260295,38777,38338,4275,42613,294
2022-06-07,Mariposa,043,17540,2638,2614,247,2861,30
2022-06-07,Mendocino,045,87422,13994,13859,3564,17423,127
2022-06-07,Merced,047,269075,64722,64080,9431,73511,825
2022-06-07,Modoc,049,8938,766,761,262,1023,8
2022-06-07,Mono,051,14174,3055,3044,166,3210,6
2022-06-07,Monterey,053,433212,83672,83063,16093,99156,740
2022-06-07,Napa,055,140530,28317,27996,1192,29188,143
2022-06-07,Nevada,057,99092,17038,16907,1387,18294,127
2022-06-07,Orange,059,3164182,582222,578530,46926,625456,7044
2022-06-07,Placer,061,380077,67533,66951,8173,75124,627
2022-06-07,Plumas,063,18699,3184,3150,386,3536,13
2022-06-07,Riverside,065,2383286,616692,613469,29672,643141,6480
2022-06-07,Sacramento,067,1510023,303344,300875,29552,330427,3054
2022-06-07,San Benito,069,59416,13842,13734,647,14381,99
2022-06-07,San Bernardino,071,2135413,596173,585029,26080,611109,7685
2022-06-07,San Diego,073,3302833,804719,800840,58871,859711,5308
2022-06-07,San Francisco,075,870044,149879,147960,9836,157796,885
2022-06-07,San Joaquin,077,732212,175335,173887,11359,185246,2241
2022-06-07,San Luis Obispo,079,281455,56296,55822,4882,60704,484
2022-06-07,San Mateo,081,765935,142195,140569,8962,149531,710
2022-06-07,Santa Barbara,083,443738,92349,91747,5308,97055,693
2022-06-07,Santa Clara,085,1922200,360899,356452,15415,371867,2321
2022-06-07,Santa Cruz,087,273765,53473,52753,2567,55320,264
2022-06-07,Shasta,089,179085,31530,31394,6284,37678,565
2022-06-07,Sierra,091,2930,279,278,56,334,4
2022-06-07,Siskiyou,093,43540,4646,4609,2873,7482,81
2022-06-07,Solano,095,438530,90078,88522,6354,94876,453
2022-06-07,Sonoma,097,501317,93549,92644,3931,96575,491
2022-06-07,Stanislaus,099,539301,122636,121787,18773,140560,1662
2022-06-07,Sutter,101,95872,21320,21256,2238,23494,227
2022-06-07,Tehama,103,63373,12356,12306,2675,14981,205
2022-06-07,Trinity,105,12862,1215,1211,291,1502,20
2022-06-07,Tulare,107,460477,109349,109091,29312,138403,1494
2022-06-07,Tuolumne,109,53932,13463,13335,652,13987,189
2022-06-07,Ventura,111,848112,183973,182847,11088,193935,1506
2022-06-07,Yolo,113,214977,41585,39962,3435,43397,321
2022-06-07,Yuba,115,75493,16674,16558,1377,17935,122
2022-06-06,Alameda,001,1643700,292743,289661,16381,306042,1873
2022-06-06,Alpine,003,1148,129,128,1,129,0
2022-06-06,Amador,005,37829,8955,8818,716,9534,87
2022-06-06,Butte,007,227075,34833,34380,7561,41941,427
2022-06-06,Calaveras,009,45235,7604,7564,399,7963,122
2022-06-06,Colusa,011,21464,3513,3495,1082,4577,21
2022-06-06,Contra Costa,013,1133247,214456,209384,16051,225435,1310
2022-06-06,Del Norte,015,27424,6280,6229,262,6491,52
2022-06-06,El Dorado,017,186661,28671,28478,3528,32006,215
2022-06-06,Fresno,019,978130,240664,239376,25572,264948,2766
2022-06-06,Glenn,021,27897,5130,5095,1661,6756,48
2022-06-06,Humboldt,023,135768,18712,18598,3677,22275,147
2022-06-06,Imperial,025,180216,57104,56912,11026,67938,941
2022-06-06,Inyo,027,18085,4201,4189,583,4772,56
2022-06-06,Kern,029,883053,197553,196763,48285,245048,2338
2022-06-06,Kings,031,150075,52927,52821,3603,56424,447
2022-06-06,Lake,033,64148,11216,11158,963,12121,137
2022-06-06,Lassen,035,31185,9155,9148,902,10050,64
2022-06-06,Los Angeles,037,10098052,2886017,2865901,137432,3003333,31920
2022-06-06,Madera,039,155013,38546,38408,6492,44900,372
2022-06-06,Marin,041,260295,38652,38338,4238,42576,294
2022-06-06,Mariposa,043,17540,2628,2614,245,2859,30
2022-06-06,Mendocino,045,87422,13965,13859,3553,17412,127
2022-06-06,Merced,047,269075,64602,64080,9407,73487,825
2022-06-06,Modoc,049,8938,764,761,260,1021,8
2022-06-06,Mono,051,14174,3052,3044,165,3209,6
2022-06-06,Monterey,053,433212,83529,83063,16028,99091,740
2022-06-06,Napa,055,140530,28239,27996,1183,29179,143
2022-06-06,Nevada,057,99092,17010,16907,1383,18290,127
2022-06-06,Orange,059,3164182,581096,578530,46765,625295,7044
2022-06-06,Placer,061,380077,67417,66951,8141,75092,627
2022-06-06,Plumas,063,18699,3177,3150,385,3535,13
2022-06-06,Riverside,065,2383286,615900,613469,29622,643091,6480
2022-06-06,Sacramento,067,1510023,302570,300875,29449,330324,3054
2022-06-06,San Benito,069,59416,13794,13734,643,14377,99
2022-06-06,San Bernardino,071,2135413,595402,585029,26038,611067,7685
2022-06-06,San Diego,073,3302833,802929,800840,58636,859476,5308
2022-06-06,San Francisco,075,870044,149360,147960,9814,157774,885
2022-06-06,San Joaquin,077,732212,174953,173887,11328,185215,2241
2022-06-06,San Luis Obispo,079,281455,56187,55822,4849,60671,484
2022-06-06,San Mateo,081,765935,141714,140569,8924,149493,710
2022-06-06,Santa Barbara,083,443738,92172,91747,5290,97037,693
2022-06-06,Santa Clara,085,1922200,359643,356452,15331,371783,2321
2022-06-06,Santa Cruz,087,273765,53318,52753,2555,55308,264
2022-06-06,Shasta,089,179085,31495,31394,6272,37666,565
2022-06-06,Sierra,091,2930,279,278,56,334,4
2022-06-06,Siskiyou,093,43540,4636,4609,2863,7472,81
2022-06-06,Solano,095,438530,89788,88522,6335,94857,453
2022-06-06,Sonoma,097,501317,93308,92644,3903,96547,491
2022-06-06,Stanislaus,099,539301,122448,121787,18747,140534,1662
2022-06-06,Sutter,101,95872,21290,21256,2232,23488,227
2022-06-06,Tehama,103,63373,12344,12306,2673,14979,205
2022-06-06,Trinity,105,12862,1213,1211,291,1502,20
2022-06-06,Tulare,107,460477,109210,109091,29257,138348,1494
2022-06-06,Tuolumne,109,53932,13444,13335,651,13986,189
2022-06-06,Ventura,111,848112,183666,182847,11045,193892,1506
2022-06-06,Yolo,113,214977,41428,39962,3424,43386,321
2022-06-06,Yuba,115,75493,16631,16558,1370,17928,122
2022-06-05,Alameda,001,1643700,291694,285785,16320,302105,1873
2022-06-05,Alpine,003,1148,128,128,1,129,0
2022-06-05,Amador,005,37829,8917,8775,713,9488,87
2022-06-05,Butte,007,227075,34754,34129,7543,41672,427
2022-06-05,Calaveras,009,45235,7588,7525,393,7918,121
2022-06-05,Colusa,011,21464,3507,3484,1082,4566,21
2022-06-05,Contra Costa,013,1133247,213745,206711,15938,222649,1310
2022-06-05,Del Norte,015,27424,6269,6206,258,6464,52
2022-06-05,El Dorado,017,186661,28595,28241,3519,31760,214
2022-06-05,Fresno,019,978130,240198,237945,25482,263427,2766
2022-06-05,Glenn,021,27897,5123,5063,1661,6724,48
2022-06-05,Humboldt,023,135768,18663,18433,3655,22088,147
2022-06-05,Imperial,025,180216,57008,56690,10978,67668,941
2022-06-05,Inyo,027,18085,4197,4176,578,4754,56
2022-06-05,Kern,029,883053,197242,195863,48171,244034,2338
2022-06-05,Kings,031,150075,52852,52597,3597,56194,447
2022-06-05,Lake,033,64148,11197,11064,959,12023,137
2022-06-05,Lassen,035,31185,9147,9106,898,10004,64
2022-06-05,Los Angeles,037,10098052,2879950,2846989,136897,2983886,31899
2022-06-05,Madera,039,155013,38484,38188,6476,44664,372
2022-06-05,Marin,041,260295,38538,37879,4205,42084,294
2022-06-05,Mariposa,043,17540,2626,2557,244,2801,30
2022-06-05,Mendocino,045,87422,13929,13738,3506,17244,125
2022-06-05,Merced,047,269075,64511,63756,9373,73129,825
2022-06-05,Modoc,049,8938,763,759,260,1019,8
2022-06-05,Mono,051,14174,3049,3037,163,3200,6
2022-06-05,Monterey,053,433212,83369,82451,15945,98396,738
2022-06-05,Napa,055,140530,28110,27686,1174,28860,143
2022-06-05,Nevada,057,99092,16966,16728,1367,18095,127
2022-06-05,Orange,059,3164182,579832,574146,46578,620724,7038
2022-06-05,Placer,061,380077,67276,66428,8108,74536,627
2022-06-05,Plumas,063,18699,3169,3138,385,3523,13
2022-06-05,Riverside,065,2383286,614964,610369,29559,639928,6481
2022-06-05,Sacramento,067,1510023,301657,297787,29307,327094,3052
2022-06-05,San Benito,069,59416,13749,13572,637,14209,99
2022-06-05,San Bernardino,071,2135413,594423,582305,25993,608298,7664
2022-06-05,San Diego,073,3302833,801029,794822,58444,853266,5303
2022-06-05,San Francisco,075,870044,148772,145876,9761,155637,881
2022-06-05,San Joaquin,077,732212,174519,172621,11281,183902,2242
2022-06-05,San Luis Obispo,079,281455,56025,55333,4776,60109,484
2022-06-05,San Mateo,081,765935,141200,138536,8876,147412,710
2022-06-05,Santa Barbara,083,443738,91980,90911,5271,96182,693
2022-06-05,Santa Clara,085,1922200,358241,351492,15241,366733,2317
2022-06-05,Santa Cruz,087,273765,53126,52333,2542,54875,263
2022-06-05,Shasta,089,179085,31454,31272,6261,37533,565
2022-06-05,Sierra,091,2930,279,278,56,334,4
2022-06-05,Siskiyou,093,43540,4631,4591,2851,7442,81
2022-06-05,Solano,095,438530,89446,87571,6318,93889,452
2022-06-05,Sonoma,097,501317,93029,91518,3874,95392,491
2022-06-05,Stanislaus,099,539301,122251,121001,18719,139720,1661
2022-06-05,Sutter,101,95872,21258,21125,2225,23350,227
2022-06-05,Tehama,103,63373,12326,12262,2670,14932,204
2022-06-05,Trinity,105,12862,1213,1204,291,1495,20
2022-06-05,Tulare,107,460477,109022,108598,29181,137779,1490
2022-06-05,Tuolumne,109,53932,13415,13251,638,13889,189
2022-06-05,Ventura,111,848112,183313,181709,10988,192697,1505
2022-06-05,Yolo,113,214977,41297,39561,3412,42973,321
2022-06-05,Yuba,115,75493,16591,16467,1362,17829,122
2022-06-04,Alameda,001,1643700,291193,285785,16300,302085,1873
2022-06-04,Alpine,003,1148,128,128,1,129,0
2022-06-04,Amador,005,37829,8908,8775,711,9486,87
2022-06-04,Butte,007,227075,34715,34129,7538,41667,427
2022-06-04,Calaveras,009,45235,7574,7525,393,7918,121
2022-06-04,Colusa,011,21464,3504,3484,1077,4561,21
2022-06-04,Contra Costa,013,1133247,213357,206711,15899,222610,1310
2022-06-04,Del Norte,015,27424,6268,6206,258,6464,52
2022-06-04,El Dorado,017,186661,28556,28241,3515,31756,214
2022-06-04,Fresno,019,978130,240027,237945,25465,263410,2766
2022-06-04,Glenn,021,27897,5119,5063,1660,6723,48
2022-06-04,Humboldt,023,135768,18641,18433,3649,22082,147
2022-06-04,Imperial,025,180216,56958,56690,10966,67656,941
2022-06-04,Inyo,027,18085,4197,4176,577,4753,56
2022-06-04,Kern,029,883053,197119,195863,48103,243966,2338
2022-06-04,Kings,031,150075,52810,52597,3597,56194,447
2022-06-04,Lake,033,64148,11182,11064,953,12017,137
2022-06-04,Lassen,035,31185,9142,9106,897,10003,64
2022-06-04,Los Angeles,037,10098052,2877498,2846989,136620,2983609,31899
2022-06-04,Madera,039,155013,38450,38188,6472,44660,372
2022-06-04,Marin,041,260295,38461,37879,4164,42043,294
2022-06-04,Mariposa,043,17540,2623,2557,244,2801,30
2022-06-04,Mendocino,045,87422,13916,13738,3505,17243,125
2022-06-04,Merced,047,269075,64459,63756,9365,73121,825
2022-06-04,Modoc,049,8938,762,759,259,1018,8
2022-06-04,Mono,051,14174,3049,3037,163,3200,6
2022-06-04,Monterey,053,433212,83284,82451,15910,98361,738
2022-06-04,Napa,055,140530,28068,27686,1172,28858,143
2022-06-04,Nevada,057,99092,16953,16728,1366,18094,127
2022-06-04,Orange,059,3164182,579192,574146,46451,620597,7038
2022-06-04,Placer,061,380077,67194,66428,8091,74519,627
2022-06-04,Plumas,063,18699,3165,3138,384,3522,13
2022-06-04,Riverside,065,2383286,614429,610369,29534,639903,6481
2022-06-04,Sacramento,067,1510023,301300,297787,29279,327066,3052
2022-06-04,San Benito,069,59416,13723,13572,634,14206,99
2022-06-04,San Bernardino,071,2135413,593973,582305,25964,608269,7664
2022-06-04,San Diego,073,3302833,800300,794822,58397,853219,5303
2022-06-04,San Francisco,075,870044,148444,145876,9740,155616,881
2022-06-04,San Joaquin,077,732212,174374,172621,11247,183868,2242
2022-06-04,San Luis Obispo,079,281455,55987,55333,4769,60102,484
2022-06-04,San Mateo,081,765935,140896,138536,8848,147384,710
2022-06-04,Santa Barbara,083,443738,91882,90911,5250,96161,693
2022-06-04,Santa Clara,085,1922200,357372,351492,15200,366692,2317
2022-06-04,Santa Cruz,087,273765,53041,52333,2529,54862,263
2022-06-04,Shasta,089,179085,31431,31272,6258,37530,565
2022-06-04,Sierra,091,2930,279,278,56,334,4
2022-06-04,Siskiyou,093,43540,4627,4591,2845,7436,81
2022-06-04,Solano,095,438530,89361,87571,6301,93872,452
2022-06-04,Sonoma,097,501317,92876,91518,3860,95378,491
2022-06-04,Stanislaus,099,539301,122113,121001,18704,139705,1661
2022-06-04,Sutter,101,95872,21231,21125,2222,23347,227
2022-06-04,Tehama,103,63373,12312,12262,2669,14931,204
2022-06-04,Trinity,105,12862,1213,1204,291,1495,20
2022-06-04,Tulare,107,460477,108956,108598,29139,137737,1490
2022-06-04,Tuolumne,109,53932,13405,13251,635,13886,189
2022-06-04,Ventura,111,848112,183128,181709,10971,192680,1505
2022-06-04,Yolo,113,214977,41219,39561,3407,42968,321
2022-06-04,Yuba,115,75493,16575,16467,1358,17825,122
2022-06-03,Alameda,001,1643700,290659,285785,16274,302059,1873
2022-06-03,Alpine,003,1148,128,128,1,129,0
2022-06-03,Amador,005,37829,8902,8775,709,9484,87
2022-06-03,Butte,007,227075,34664,34129,7528,41657,427
2022-06-03,Calaveras,009,45235,7569,7525,393,7918,121
2022-06-03,Colusa,011,21464,3504,3484,1075,4559,21
2022-06-03,Contra Costa,013,1133247,213046,206711,15870,222581,1310
2022-06-03,Del Norte,015,27424,6264,6206,255,6461,52
2022-06-03,El Dorado,017,186661,28527,28241,3512,31753,214
2022-06-03,Fresno,019,978130,239798,237945,25432,263377,2766
2022-06-03,Glenn,021,27897,5113,5063,1658,6721,48
2022-06-03,Humboldt,023,135768,18621,18433,3644,22077,147
2022-06-03,Imperial,025,180216,56912,56690,10956,67646,941
2022-06-03,Inyo,027,18085,4196,4176,577,4753,56
2022-06-03,Kern,029,883053,196978,195863,48035,243898,2338
2022-06-03,Kings,031,150075,52786,52597,3597,56194,447
2022-06-03,Lake,033,64148,11171,11064,950,12014,137
2022-06-03,Lassen,035,31185,9137,9106,897,10003,64
2022-06-03,Los Angeles,037,10098052,2874598,2846989,136334,2983323,31899
2022-06-03,Madera,039,155013,38406,38188,6463,44651,372
2022-06-03,Marin,041,260295,38392,37879,4129,42008,294
2022-06-03,Mariposa,043,17540,2619,2557,244,2801,30
2022-06-03,Mendocino,045,87422,13894,13738,3504,17242,125
2022-06-03,Merced,047,269075,64408,63756,9362,73118,825
2022-06-03,Modoc,049,8938,762,759,259,1018,8
2022-06-03,Mono,051,14174,3046,3037,163,3200,6
2022-06-03,Monterey,053,433212,83185,82451,15863,98314,738
2022-06-03,Napa,055,140530,28018,27686,1164,28850,143
2022-06-03,Nevada,057,99092,16932,16728,1365,18093,127
2022-06-03,Orange,059,3164182,578507,574146,46347,620493,7038
2022-06-03,Placer,061,380077,67113,66428,8074,74502,627
2022-06-03,Plumas,063,18699,3163,3138,383,3521,13
2022-06-03,Riverside,065,2383286,613901,610369,29504,639873,6481
2022-06-03,Sacramento,067,1510023,300829,297787,29244,327031,3052
2022-06-03,San Benito,069,59416,13710,13572,630,14202,99
2022-06-03,San Bernardino,071,2135413,593515,582305,25929,608234,7664
2022-06-03,San Diego,073,3302833,799351,794822,58274,853096,5303
2022-06-03,San Francisco,075,870044,148076,145876,9708,155584,881
2022-06-03,San Joaquin,077,732212,174211,172621,11228,183849,2242
2022-06-03,San Luis Obispo,079,281455,55942,55333,4760,60093,484
2022-06-03,San Mateo,081,765935,140613,138536,8835,147371,710
2022-06-03,Santa Barbara,083,443738,91763,90911,5248,96159,693
2022-06-03,Santa Clara,085,1922200,356486,351492,15154,366646,2317
2022-06-03,Santa Cruz,087,273765,52909,52333,2516,54849,263
2022-06-03,Shasta,089,179085,31419,31272,6257,37529,565
2022-06-03,Sierra,091,2930,279,278,56,334,4
2022-06-03,Siskiyou,093,43540,4622,4591,2844,7435,81
2022-06-03,Solano,095,438530,89245,87571,6290,93861,452
2022-06-03,Sonoma,097,501317,92731,91518,3851,95369,491
2022-06-03,Stanislaus,099,539301,122006,121001,18683,139684,1661
2022-06-03,Sutter,101,95872,21208,21125,2221,23346,227
2022-06-03,Tehama,103,63373,12306,12262,2668,14930,204
2022-06-03,Trinity,105,12862,1211,1204,291,1495,20
2022-06-03,Tulare,107,460477,108888,108598,29104,137702,1490
2022-06-03,Tuolumne,109,53932,13394,13251,632,13883,189
2022-06-03,Ventura,111,848112,182940,181709,10946,192655,1505
2022-06-03,Yolo,113,214977,41157,39561,3393,42954,321
2022-06-03,Yuba,115,75493,16550,16467,1356,17823,122
2022-06-02,Alameda,001,1643700,289763,285785,16211,301996,1873
2022-06-02,Alpine,003,1148,128,128,1,129,0
2022-06-02,Amador,005,37829,8879,8775,707,9482,87
2022-06-02,Butte,007,227075,34588,34129,7512,41641,427
2022-06-02,Calaveras,009,45235,7556,7525,392,7917,121
2022-06-02,Colusa,011,21464,3501,3484,1075,4559,21
2022-06-02,Contra Costa,013,1133247,212460,206711,15778,222489,1310
2022-06-02,Del Norte,015,27424,6254,6206,254,6460,52
2022-06-02,El Dorado,017,186661,28460,28241,3500,31741,214
2022-06-02,Fresno,019,978130,239453,237945,25375,263320,2766
2022-06-02,Glenn,021,27897,5107,5063,1655,6718,48
2022-06-02,Humboldt,023,135768,18580,18433,3623,22056,147
2022-06-02,Imperial,025,180216,56853,56690,10945,67635,941
2022-06-02,Inyo,027,18085,4196,4176,574,4750,56
2022-06-02,Kern,029,883053,196694,195863,47931,243794,2338
2022-06-02,Kings,031,150075,52733,52597,3592,56189,447
2022-06-02,Lake,033,64148,11149,11064,948,12012,137
2022-06-02,Lassen,035,31185,9126,9106,897,10003,64
2022-06-02,Los Angeles,037,10098052,2869681,2846989,135906,2982895,31899
2022-06-02,Madera,039,155013,38353,38188,6450,44638,372
2022-06-02,Marin,041,260295,38294,37879,4102,41981,294
2022-06-02,Mariposa,043,17540,2614,2557,243,2800,30
2022-06-02,Mendocino,045,87422,13865,13738,3496,17234,125
2022-06-02,Merced,047,269075,64331,63756,9353,73109,825
2022-06-02,Modoc,049,8938,761,759,259,1018,8
2022-06-02,Mono,051,14174,3046,3037,163,3200,6
2022-06-02,Monterey,053,433212,83033,82451,15799,98250,738
2022-06-02,Napa,055,140530,27942,27686,1161,28847,143
2022-06-02,Nevada,057,99092,16895,16728,1360,18088,127
2022-06-02,Orange,059,3164182,577478,574146,46201,620347,7038
2022-06-02,Placer,061,380077,66992,66428,8050,74478,627
2022-06-02,Plumas,063,18699,3154,3138,383,3521,13
2022-06-02,Riverside,065,2383286,613218,610369,29445,639814,6481
2022-06-02,Sacramento,067,1510023,300189,297787,29138,326925,3052
2022-06-02,San Benito,069,59416,13677,13572,628,14200,99
2022-06-02,San Bernardino,071,2135413,592829,582305,25884,608189,7664
2022-06-02,San Diego,073,3302833,797978,794822,58102,852924,5303
2022-06-02,San Francisco,075,870044,147658,145876,9659,155535,881
2022-06-02,San Joaquin,077,732212,173902,172621,11195,183816,2242
2022-06-02,San Luis Obispo,079,281455,55812,55333,4725,60058,484
2022-06-02,San Mateo,081,765935,140235,138536,8782,147318,710
2022-06-02,Santa Barbara,083,443738,91589,90911,5233,96144,693
2022-06-02,Santa Clara,085,1922200,355404,351492,15034,366526,2317
2022-06-02,Santa Cruz,087,273765,52793,52333,2505,54838,263
2022-06-02,Shasta,089,179085,31389,31272,6250,37522,565
2022-06-02,Sierra,091,2930,279,278,56,334,4
2022-06-02,Siskiyou,093,43540,4615,4591,2835,7426,81
2022-06-02,Solano,095,438530,88971,87571,6279,93850,452
2022-06-02,Sonoma,097,501317,92505,91518,3825,95343,491
2022-06-02,Stanislaus,099,539301,121848,121001,18654,139655,1661
2022-06-02,Sutter,101,95872,21181,21125,2215,23340,227
2022-06-02,Tehama,103,63373,12294,12262,2661,14923,204
2022-06-02,Trinity,105,12862,1209,1204,291,1495,20
2022-06-02,Tulare,107,460477,108758,108598,29038,137636,1490
2022-06-02,Tuolumne,109,53932,13375,13251,630,13881,189
2022-06-02,Ventura,111,848112,182669,181709,10912,192621,1505
2022-06-02,Yolo,113,214977,41048,39561,3383,42944,321
2022-06-02,Yuba,115,75493,16529,16467,1349,17816,122
2022-06-01,Alameda,001,1643700,288761,284051,16156,300207,1868
2022-06-01,Alpine,003,1148,128,128,1,129,0
2022-06-01,Amador,005,37829,8873,8741,705,9446,87
2022-06-01,Butte,007,227075,34521,34059,7498,41557,427
2022-06-01,Calaveras,009,45235,7551,7502,389,7891,120
2022-06-01,Colusa,011,21464,3498,3476,1075,4551,21
2022-06-01,Contra Costa,013,1133247,211815,205699,15701,221400,1310
2022-06-01,Del Norte,015,27424,6244,6188,253,6441,51
2022-06-01,El Dorado,017,186661,28398,28133,3482,31615,214
2022-06-01,Fresno,019,978130,239095,237367,25319,262686,2765
2022-06-01,Glenn,021,27897,5102,5059,1654,6713,48
2022-06-01,Humboldt,023,135768,18537,18371,3600,21971,147
2022-06-01,Imperial,025,180216,56786,56445,10918,67363,938
2022-06-01,Inyo,027,18085,4192,4171,568,4739,56
2022-06-01,Kern,029,883053,196469,195438,47852,243290,2336
2022-06-01,Kings,031,150075,52676,52491,3588,56079,447
2022-06-01,Lake,033,64148,11128,11024,943,11967,137
2022-06-01,Lassen,035,31185,9113,9083,896,9979,64
2022-06-01,Los Angeles,037,10098052,2864281,2836856,135476,2972332,31882
2022-06-01,Madera,039,155013,38315,38115,6436,44551,372
2022-06-01,Marin,041,260295,38180,37654,4061,41715,293
2022-06-01,Mariposa,043,17540,2599,2549,242,2791,30
2022-06-01,Mendocino,045,87422,13838,13692,3480,17172,125
2022-06-01,Merced,047,269075,64250,63637,9335,72972,824
2022-06-01,Modoc,049,8938,758,755,258,1013,8
2022-06-01,Mono,051,14174,3044,3035,162,3197,6
2022-06-01,Monterey,053,433212,82878,82215,15736,97951,737
2022-06-01,Napa,055,140530,27866,27580,1151,28731,143
2022-06-01,Nevada,057,99092,16856,16693,1351,18044,127
2022-06-01,Orange,059,3164182,576228,571973,46046,618019,7032
2022-06-01,Placer,061,380077,66849,66199,8017,74216,627
2022-06-01,Plumas,063,18699,3147,3117,382,3499,13
2022-06-01,Riverside,065,2383286,612479,608913,29399,638312,6480
2022-06-01,Sacramento,067,1510023,299440,296457,29034,325491,3045
2022-06-01,San Benito,069,59416,13639,13510,617,14127,98
2022-06-01,San Bernardino,071,2135413,592121,580767,25846,606613,7641
2022-06-01,San Diego,073,3302833,796285,791557,57903,849460,5292
2022-06-01,San Francisco,075,870044,147139,144476,9621,154097,879
2022-06-01,San Joaquin,077,732212,173604,172170,11166,183336,2241
2022-06-01,San Luis Obispo,079,281455,55645,55099,4692,59791,482
2022-06-01,San Mateo,081,765935,139754,137566,8707,146273,710
2022-06-01,Santa Barbara,083,443738,91406,90531,5218,95749,693
2022-06-01,Santa Clara,085,1922200,354256,348742,14950,363692,2317
2022-06-01,Santa Cruz,087,273765,52680,52141,2495,54636,263
2022-06-01,Shasta,089,179085,31358,31247,6247,37494,564
2022-06-01,Sierra,091,2930,279,280,56,336,4
2022-06-01,Siskiyou,093,43540,4610,4574,2830,7404,81
2022-06-01,Solano,095,438530,88737,87206,6251,93457,452
2022-06-01,Sonoma,097,501317,92252,91174,3801,94975,491
2022-06-01,Stanislaus,099,539301,121657,120778,18632,139410,1656
2022-06-01,Sutter,101,95872,21152,21065,2211,23276,227
2022-06-01,Tehama,103,63373,12287,12245,2657,14902,204
2022-06-01,Trinity,105,12862,1208,1200,290,1490,20
2022-06-01,Tulare,107,460477,108647,108401,28981,137382,1490
2022-06-01,Tuolumne,109,53932,13361,13221,629,13850,189
2022-06-01,Ventura,111,848112,182386,181163,10881,192044,1503
2022-06-01,Yolo,113,214977,40964,39371,3372,42743,320
2022-06-01,Yuba,115,75493,16505,16406,1341,17747,122
2022-05-31,Alameda,001,1643700,287657,284051,16102,300153,1868
2022-05-31,Alpine,003,1148,128,128,1,129,0
2022-05-31,Amador,005,37829,8855,8741,699,9440,87
2022-05-31,Butte,007,227075,34460,34059,7480,41539,427
2022-05-31,Calaveras,009,45235,7540,7502,389,7891,120
2022-05-31,Colusa,011,21464,3493,3476,1074,4550,21
2022-05-31,Contra Costa,013,1133247,211066,205699,15606,221305,1310
2022-05-31,Del Norte,015,27424,6235,6188,251,6439,51
2022-05-31,El Dorado,017,186661,28337,28133,3462,31595,214
2022-05-31,Fresno,019,978130,238692,237367,25251,262618,2765
2022-05-31,Glenn,021,27897,5094,5059,1652,6711,48
2022-05-31,Humboldt,023,135768,18506,18371,3580,21951,147
2022-05-31,Imperial,025,180216,56722,56445,10894,67339,938
2022-05-31,Inyo,027,18085,4186,4171,566,4737,56
2022-05-31,Kern,029,883053,196225,195438,47756,243194,2336
2022-05-31,Kings,031,150075,52625,52491,3581,56072,447
2022-05-31,Lake,033,64148,11109,11024,939,11963,137
2022-05-31,Lassen,035,31185,9101,9083,895,9978,64
2022-05-31,Los Angeles,037,10098052,2858206,2836856,135010,2971866,31882
2022-05-31,Madera,039,155013,38251,38115,6416,44531,372
2022-05-31,Marin,041,260295,38042,37654,4025,41679,293
2022-05-31,Mariposa,043,17540,2593,2549,237,2786,30
2022-05-31,Mendocino,045,87422,13803,13692,3463,17155,125
2022-05-31,Merced,047,269075,64163,63637,9312,72949,824
2022-05-31,Modoc,049,8938,756,755,258,1013,8
2022-05-31,Mono,051,14174,3040,3035,162,3197,6
2022-05-31,Monterey,053,433212,82718,82215,15670,97885,737
2022-05-31,Napa,055,140530,27773,27580,1148,28728,143
2022-05-31,Nevada,057,99092,16809,16693,1349,18042,127
2022-05-31,Orange,059,3164182,575002,571973,45864,617837,7032
2022-05-31,Placer,061,380077,66689,66199,7987,74186,627
2022-05-31,Plumas,063,18699,3143,3117,381,3498,13
2022-05-31,Riverside,065,2383286,611561,608913,29337,638250,6480
2022-05-31,Sacramento,067,1510023,298588,296457,28893,325350,3045
2022-05-31,San Benito,069,59416,13584,13510,612,14122,98
2022-05-31,San Bernardino,071,2135413,591239,580767,25811,606578,7641
2022-05-31,San Diego,073,3302833,794408,791557,57698,849255,5292
2022-05-31,San Francisco,075,870044,146498,144476,9579,154055,879
2022-05-31,San Joaquin,077,732212,173228,172170,11124,183294,2241
2022-05-31,San Luis Obispo,079,281455,55495,55099,4627,59726,482
2022-05-31,San Mateo,081,765935,139196,137566,8665,146231,710
2022-05-31,Santa Barbara,083,443738,91182,90531,5195,95726,693
2022-05-31,Santa Clara,085,1922200,352752,348742,14873,363615,2317
2022-05-31,Santa Cruz,087,273765,52560,52141,2475,54616,263
2022-05-31,Shasta,089,179085,31324,31247,6236,37483,564
2022-05-31,Sierra,091,2930,278,280,55,335,4
2022-05-31,Siskiyou,093,43540,4605,4574,2824,7398,81
2022-05-31,Solano,095,438530,88405,87206,6227,93433,452
2022-05-31,Sonoma,097,501317,91963,91174,3762,94936,491
2022-05-31,Stanislaus,099,539301,121453,120778,18607,139385,1656
2022-05-31,Sutter,101,95872,21123,21065,2205,23270,227
2022-05-31,Tehama,103,63373,12278,12245,2652,14897,204
2022-05-31,Trinity,105,12862,1207,1200,290,1490,20
2022-05-31,Tulare,107,460477,108508,108401,28922,137323,1490
2022-05-31,Tuolumne,109,53932,13346,13221,626,13847,189
2022-05-31,Ventura,111,848112,182066,181163,10832,191995,1503
2022-05-31,Yolo,113,214977,40790,39371,3361,42732,320
2022-05-31,Yuba,115,75493,16473,16406,1335,17741,122
2022-05-30,Alameda,001,1643700,286285,284051,16012,300063,1868
2022-05-30,Alpine,003,1148,128,128,1,129,0
2022-05-30,Amador,005,37829,8840,8741,698,9439,87
2022-05-30,Butte,007,227075,34383,34059,7457,41516,427
2022-05-30,Calaveras,009,45235,7531,7502,389,7891,120
2022-05-30,Colusa,011,21464,3491,3476,1073,4549,21
2022-05-30,Contra Costa,013,1133247,210225,205699,15470,221169,1310
2022-05-30,Del Norte,015,27424,6217,6188,250,6438,51
2022-05-30,El Dorado,017,186661,28260,28133,3442,31575,214
2022-05-30,Fresno,019,978130,238220,237367,25176,262543,2765
2022-05-30,Glenn,021,27897,5089,5059,1649,6708,48
2022-05-30,Humboldt,023,135768,18452,18371,3552,21923,147
2022-05-30,Imperial,025,180216,56640,56445,10867,67312,938
2022-05-30,Inyo,027,18085,4181,4171,565,4736,56
2022-05-30,Kern,029,883053,195945,195438,47641,243079,2336
2022-05-30,Kings,031,150075,52529,52491,3581,56072,447
2022-05-30,Lake,033,64148,11080,11024,930,11954,137
2022-05-30,Lassen,035,31185,9086,9083,892,9975,64
2022-05-30,Los Angeles,037,10098052,2850874,2836856,134501,2971357,31882
2022-05-30,Madera,039,155013,38195,38115,6376,44491,372
2022-05-30,Marin,041,260295,37917,37654,3983,41637,293
2022-05-30,Mariposa,043,17540,2570,2549,233,2782,30
2022-05-30,Mendocino,045,87422,13756,13692,3445,17137,125
2022-05-30,Merced,047,269075,64066,63637,9275,72912,824
2022-05-30,Modoc,049,8938,753,755,256,1011,8
2022-05-30,Mono,051,14174,3037,3035,162,3197,6
2022-05-30,Monterey,053,433212,82530,82215,15582,97797,737
2022-05-30,Napa,055,140530,27696,27580,1140,28720,143
2022-05-30,Nevada,057,99092,16762,16693,1344,18037,127
2022-05-30,Orange,059,3164182,573537,571973,45648,617621,7032
2022-05-30,Placer,061,380077,66548,66199,7957,74156,627
2022-05-30,Plumas,063,18699,3137,3117,378,3495,13
2022-05-30,Riverside,065,2383286,610552,608913,29259,638172,6480
2022-05-30,Sacramento,067,1510023,297637,296457,28732,325189,3045
2022-05-30,San Benito,069,59416,13522,13510,604,14114,98
2022-05-30,San Bernardino,071,2135413,590239,580767,25775,606542,7641
2022-05-30,San Diego,073,3302833,792137,791557,57404,848961,5292
2022-05-30,San Francisco,075,870044,145841,144476,9525,154001,879
2022-05-30,San Joaquin,077,732212,172833,172170,11084,183254,2241
2022-05-30,San Luis Obispo,079,281455,55289,55099,4555,59654,482
2022-05-30,San Mateo,081,765935,138517,137566,8613,146179,710
2022-05-30,Santa Barbara,083,443738,90926,90531,5161,95692,693
2022-05-30,Santa Clara,085,1922200,351212,348742,14782,363524,2317
2022-05-30,Santa Cruz,087,273765,52422,52141,2465,54606,263
2022-05-30,Shasta,089,179085,31286,31247,6229,37476,564
2022-05-30,Sierra,091,2930,278,280,55,335,4
2022-05-30,Siskiyou,093,43540,4596,4574,2812,7386,81
2022-05-30,Solano,095,438530,88060,87206,6171,93377,452
2022-05-30,Sonoma,097,501317,91676,91174,3718,94892,491
2022-05-30,Stanislaus,099,539301,121261,120778,18578,139356,1656
2022-05-30,Sutter,101,95872,21084,21065,2199,23264,227
2022-05-30,Tehama,103,63373,12262,12245,2648,14893,204
2022-05-30,Trinity,105,12862,1206,1200,290,1490,20
2022-05-30,Tulare,107,460477,108349,108401,28833,137234,1490
2022-05-30,Tuolumne,109,53932,13321,13221,622,13843,189
2022-05-30,Ventura,111,848112,181693,181163,10780,191943,1503
2022-05-30,Yolo,113,214977,40601,39371,3351,42722,320
2022-05-30,Yuba,115,75493,16445,16406,1331,17737,122
2022-05-29,Alameda,001,1643700,285805,280775,15988,296763,1863
2022-05-29,Alpine,003,1148,128,126,1,127,0
2022-05-29,Amador,005,37829,8835,8696,695,9391,86
2022-05-29,Butte,007,227075,34367,33876,7450,41326,426
2022-05-29,Calaveras,009,45235,7520,7469,389,7858,120
2022-05-29,Colusa,011,21464,3490,3474,1072,4546,21
2022-05-29,Contra Costa,013,1133247,209880,203528,15445,218973,1306
2022-05-29,Del Norte,015,27424,6215,6166,249,6415,51
2022-05-29,El Dorado,017,186661,28234,27898,3439,31337,214
2022-05-29,Fresno,019,978130,238090,236250,25156,261406,2764
2022-05-29,Glenn,021,27897,5084,5048,1649,6697,48
2022-05-29,Humboldt,023,135768,18431,18257,3541,21798,147
2022-05-29,Imperial,025,180216,56603,56323,10853,67176,939
2022-05-29,Inyo,027,18085,4180,4161,565,4726,56
2022-05-29,Kern,029,883053,195846,194687,47576,242263,2334
2022-05-29,Kings,031,150075,52504,52292,3581,55873,447
2022-05-29,Lake,033,64148,11071,10958,928,11886,137
2022-05-29,Lassen,035,31185,9082,9049,892,9941,64
2022-05-29,Los Angeles,037,10098052,2848671,2819145,134231,2953376,31862
2022-05-29,Madera,039,155013,38172,37955,6371,44326,371
2022-05-29,Marin,041,260295,37848,37215,3951,41166,293
2022-05-29,Mariposa,043,17540,2565,2526,233,2759,31
2022-05-29,Mendocino,045,87422,13735,13612,3444,17056,124
2022-05-29,Merced,047,269075,64045,63389,9272,72661,824
2022-05-29,Modoc,049,8938,753,751,256,1007,8
2022-05-29,Mono,051,14174,3036,3030,162,3192,6
2022-05-29,Monterey,053,433212,82465,81875,15538,97413,737
2022-05-29,Napa,055,140530,27668,27376,1139,28515,144
2022-05-29,Nevada,057,99092,16747,16568,1342,17910,127
2022-05-29,Orange,059,3164182,572960,568369,45471,613840,7028
2022-05-29,Placer,061,380077,66479,65672,7948,73620,626
2022-05-29,Plumas,063,18699,3130,3096,378,3474,13
2022-05-29,Riverside,065,2383286,610205,606444,29224,635668,6480
2022-05-29,Sacramento,067,1510023,297181,294000,28711,322711,3032
2022-05-29,San Benito,069,59416,13516,13402,602,14004,98
2022-05-29,San Bernardino,071,2135413,589953,578656,25759,604415,7610
2022-05-29,San Diego,073,3302833,791399,786243,57324,843567,5288
2022-05-29,San Francisco,075,870044,145416,142456,9516,151972,879
2022-05-29,San Joaquin,077,732212,172671,171282,11066,182348,2241
2022-05-29,San Luis Obispo,079,281455,55237,54701,4543,59244,481
2022-05-29,San Mateo,081,765935,138265,135746,8600,144346,710
2022-05-29,Santa Barbara,083,443738,90797,89940,5160,95100,693
2022-05-29,Santa Clara,085,1922200,350421,344223,14743,358966,2304
2022-05-29,Santa Cruz,087,273765,52346,51819,2458,54277,263
2022-05-29,Shasta,089,179085,31274,31165,6225,37390,564
2022-05-29,Sierra,091,2930,278,278,55,333,4
2022-05-29,Siskiyou,093,43540,4591,4537,2810,7347,81
2022-05-29,Solano,095,438530,88007,86565,6160,92725,452
2022-05-29,Sonoma,097,501317,91584,90364,3703,94067,490
2022-05-29,Stanislaus,099,539301,121162,120241,18559,138800,1657
2022-05-29,Sutter,101,95872,21064,20976,2199,23175,227
2022-05-29,Tehama,103,63373,12252,12210,2647,14857,204
2022-05-29,Trinity,105,12862,1205,1196,290,1486,20
2022-05-29,Tulare,107,460477,108265,108029,28788,136817,1484
2022-05-29,Tuolumne,109,53932,13306,13141,622,13763,189
2022-05-29,Ventura,111,848112,181548,179953,10770,190723,1503
2022-05-29,Yolo,113,214977,40549,39016,3348,42364,319
2022-05-29,Yuba,115,75493,16429,16314,1327,17641,122
2022-05-28,Alameda,001,1643700,285431,280775,15963,296738,1863
2022-05-28,Alpine,003,1148,128,126,1,127,0
2022-05-28,Amador,005,37829,8826,8696,695,9391,86
2022-05-28,Butte,007,227075,34343,33876,7434,41310,426
2022-05-28,Calaveras,009,45235,7516,7469,389,7858,120
2022-05-28,Colusa,011,21464,3485,3474,1071,4545,21
2022-05-28,Contra Costa,013,1133247,209612,203528,15421,218949,1306
2022-05-28,Del Norte,015,27424,6211,6166,247,6413,51
2022-05-28,El Dorado,017,186661,28204,27898,3438,31336,214
2022-05-28,Fresno,019,978130,237932,236250,25125,261375,2764
2022-05-28,Glenn,021,27897,5081,5048,1649,6697,48
2022-05-28,Humboldt,023,135768,18407,18257,3531,21788,147
2022-05-28,Imperial,025,180216,56577,56323,10843,67166,939
2022-05-28,Inyo,027,18085,4180,4161,563,4724,56
2022-05-28,Kern,029,883053,195747,194687,47526,242213,2334
2022-05-28,Kings,031,150075,52480,52292,3580,55872,447
2022-05-28,Lake,033,64148,11061,10958,928,11886,137
2022-05-28,Lassen,035,31185,9077,9049,892,9941,64
2022-05-28,Los Angeles,037,10098052,2846690,2819145,133963,2953108,31862
2022-05-28,Madera,039,155013,38155,37955,6368,44323,371
2022-05-28,Marin,041,260295,37781,37215,3921,41136,293
2022-05-28,Mariposa,043,17540,2561,2526,233,2759,31
2022-05-28,Mendocino,045,87422,13723,13612,3444,17056,124
2022-05-28,Merced,047,269075,64011,63389,9268,72657,824
2022-05-28,Modoc,049,8938,753,751,256,1007,8
2022-05-28,Mono,051,14174,3036,3030,161,3191,6
2022-05-28,Monterey,053,433212,82397,81875,15506,97381,737
2022-05-28,Napa,055,140530,27623,27376,1138,28514,144
2022-05-28,Nevada,057,99092,16735,16568,1340,17908,127
2022-05-28,Orange,059,3164182,572446,568369,45351,613720,7028
2022-05-28,Placer,061,380077,66404,65672,7934,73606,626
2022-05-28,Plumas,063,18699,3124,3096,377,3473,13
2022-05-28,Riverside,065,2383286,609827,606444,29196,635640,6480
2022-05-28,Sacramento,067,1510023,296907,294000,28694,322694,3032
2022-05-28,San Benito,069,59416,13501,13402,602,14004,98
2022-05-28,San Bernardino,071,2135413,589589,578656,25732,604388,7610
2022-05-28,San Diego,073,3302833,790740,786243,57272,843515,5288
2022-05-28,San Francisco,075,870044,145113,142456,9495,151951,879
2022-05-28,San Joaquin,077,732212,172567,171282,11050,182332,2241
2022-05-28,San Luis Obispo,079,281455,55202,54701,4540,59241,481
2022-05-28,San Mateo,081,765935,137993,135746,8573,144319,710
2022-05-28,Santa Barbara,083,443738,90697,89940,5150,95090,693
2022-05-28,Santa Clara,085,1922200,349640,344223,14716,358939,2304
2022-05-28,Santa Cruz,087,273765,52305,51819,2450,54269,263
2022-05-28,Shasta,089,179085,31263,31165,6220,37385,564
2022-05-28,Sierra,091,2930,278,278,54,332,4
2022-05-28,Siskiyou,093,43540,4583,4537,2806,7343,81
2022-05-28,Solano,095,438530,87933,86565,6150,92715,452
2022-05-28,Sonoma,097,501317,91443,90364,3692,94056,490
2022-05-28,Stanislaus,099,539301,121062,120241,18551,138792,1657
2022-05-28,Sutter,101,95872,21049,20976,2197,23173,227
2022-05-28,Tehama,103,63373,12240,12210,2644,14854,204
2022-05-28,Trinity,105,12862,1204,1196,290,1486,20
2022-05-28,Tulare,107,460477,108208,108029,28755,136784,1484
2022-05-28,Tuolumne,109,53932,13291,13141,621,13762,189
2022-05-28,Ventura,111,848112,181381,179953,10750,190703,1503
2022-05-28,Yolo,113,214977,40495,39016,3341,42357,319
2022-05-28,Yuba,115,75493,16415,16314,1325,17639,122
2022-05-27,Alameda,001,1643700,284957,280775,15926,296701,1863
2022-05-27,Alpine,003,1148,127,126,1,127,0
2022-05-27,Amador,005,37829,8821,8696,695,9391,86
2022-05-27,Butte,007,227075,34317,33876,7418,41294,426
2022-05-27,Calaveras,009,45235,7509,7469,389,7858,120
2022-05-27,Colusa,011,21464,3485,3474,1071,4545,21
2022-05-27,Contra Costa,013,1133247,209331,203528,15389,218917,1306
2022-05-27,Del Norte,015,27424,6205,6166,247,6413,51
2022-05-27,El Dorado,017,186661,28180,27898,3430,31328,214
2022-05-27,Fresno,019,978130,237761,236250,25093,261343,2764
2022-05-27,Glenn,021,27897,5079,5048,1648,6696,48
2022-05-27,Humboldt,023,135768,18397,18257,3525,21782,147
2022-05-27,Imperial,025,180216,56493,56323,10838,67161,939
2022-05-27,Inyo,027,18085,4178,4161,562,4723,56
2022-05-27,Kern,029,883053,195638,194687,47458,242145,2334
2022-05-27,Kings,031,150075,52452,52292,3577,55869,447
2022-05-27,Lake,033,64148,11055,10958,926,11884,137
2022-05-27,Lassen,035,31185,9073,9049,892,9941,64
2022-05-27,Los Angeles,037,10098052,2844340,2819145,133715,2952860,31862
2022-05-27,Madera,039,155013,38121,37955,6359,44314,371
2022-05-27,Marin,041,260295,37714,37215,3887,41102,293
2022-05-27,Mariposa,043,17540,2555,2526,233,2759,31
2022-05-27,Mendocino,045,87422,13706,13612,3440,17052,124
2022-05-27,Merced,047,269075,63968,63389,9265,72654,824
2022-05-27,Modoc,049,8938,753,751,256,1007,8
2022-05-27,Mono,051,14174,3035,3030,161,3191,6
2022-05-27,Monterey,053,433212,82338,81875,15460,97335,737
2022-05-27,Napa,055,140530,27590,27376,1135,28511,144
2022-05-27,Nevada,057,99092,16724,16568,1336,17904,127
2022-05-27,Orange,059,3164182,571894,568369,45241,613610,7028
2022-05-27,Placer,061,380077,66335,65672,7924,73596,626
2022-05-27,Plumas,063,18699,3121,3096,377,3473,13
2022-05-27,Riverside,065,2383286,609413,606444,29164,635608,6480
2022-05-27,Sacramento,067,1510023,296532,294000,28656,322656,3032
2022-05-27,San Benito,069,59416,13489,13402,602,14004,98
2022-05-27,San Bernardino,071,2135413,589253,578656,25707,604363,7610
2022-05-27,San Diego,073,3302833,789862,786243,57180,843423,5288
2022-05-27,San Francisco,075,870044,144782,142456,9455,151911,879
2022-05-27,San Joaquin,077,732212,172437,171282,11031,182313,2241
2022-05-27,San Luis Obispo,079,281455,55141,54701,4527,59228,481
2022-05-27,San Mateo,081,765935,137743,135746,8548,144294,710
2022-05-27,Santa Barbara,083,443738,90608,89940,5149,95089,693
2022-05-27,Santa Clara,085,1922200,348903,344223,14699,358922,2304
2022-05-27,Santa Cruz,087,273765,52250,51819,2438,54257,263
2022-05-27,Shasta,089,179085,31253,31165,6214,37379,564
2022-05-27,Sierra,091,2930,278,278,54,332,4
2022-05-27,Siskiyou,093,43540,4580,4537,2804,7341,81
2022-05-27,Solano,095,438530,87805,86565,6139,92704,452
2022-05-27,Sonoma,097,501317,91298,90364,3680,94044,490
2022-05-27,Stanislaus,099,539301,120979,120241,18536,138777,1657
2022-05-27,Sutter,101,95872,21032,20976,2196,23172,227
2022-05-27,Tehama,103,63373,12237,12210,2643,14853,204
2022-05-27,Trinity,105,12862,1204,1196,290,1486,20
2022-05-27,Tulare,107,460477,108141,108029,28718,136747,1484
2022-05-27,Tuolumne,109,53932,13281,13141,620,13761,189
2022-05-27,Ventura,111,848112,181205,179953,10727,190680,1503
2022-05-27,Yolo,113,214977,40424,39016,3333,42349,319
2022-05-27,Yuba,115,75493,16401,16314,1324,17638,122
2022-05-26,Alameda,001,1643700,284108,280775,15848,296623,1863
2022-05-26,Alpine,003,1148,127,126,1,127,0
2022-05-26,Amador,005,37829,8808,8696,695,9391,86
2022-05-26,Butte,007,227075,34262,33876,7396,41272,426
2022-05-26,Calaveras,009,45235,7499,7469,389,7858,120
2022-05-26,Colusa,011,21464,3482,3474,1068,4542,21
2022-05-26,Contra Costa,013,1133247,208853,203528,15316,218844,1306
2022-05-26,Del Norte,015,27424,6197,6166,243,6409,51
2022-05-26,El Dorado,017,186661,28131,27898,3419,31317,214
2022-05-26,Fresno,019,978130,237506,236250,25036,261286,2764
2022-05-26,Glenn,021,27897,5073,5048,1648,6696,48
2022-05-26,Humboldt,023,135768,18356,18257,3512,21769,147
2022-05-26,Imperial,025,180216,56461,56323,10823,67146,939
2022-05-26,Inyo,027,18085,4177,4161,559,4720,56
2022-05-26,Kern,029,883053,195474,194687,47384,242071,2334
2022-05-26,Kings,031,150075,52406,52292,3574,55866,447
2022-05-26,Lake,033,64148,11040,10958,926,11884,137
2022-05-26,Lassen,035,31185,9064,9049,892,9941,64
2022-05-26,Los Angeles,037,10098052,2840165,2819145,133379,2952524,31862
2022-05-26,Madera,039,155013,38077,37955,6348,44303,371
2022-05-26,Marin,041,260295,37619,37215,3846,41061,293
2022-05-26,Mariposa,043,17540,2550,2526,231,2757,31
2022-05-26,Mendocino,045,87422,13680,13612,3431,17043,124
2022-05-26,Merced,047,269075,63902,63389,9256,72645,824
2022-05-26,Modoc,049,8938,752,751,256,1007,8
2022-05-26,Mono,051,14174,3034,3030,160,3190,6
2022-05-26,Monterey,053,433212,82259,81875,15407,97282,737
2022-05-26,Napa,055,140530,27538,27376,1133,28509,144
2022-05-26,Nevada,057,99092,16693,16568,1327,17895,127
2022-05-26,Orange,059,3164182,570993,568369,45122,613491,7028
2022-05-26,Placer,061,380077,66199,65672,7904,73576,626
2022-05-26,Plumas,063,18699,3117,3096,376,3472,13
2022-05-26,Riverside,065,2383286,608798,606444,29112,635556,6480
2022-05-26,Sacramento,067,1510023,295877,294000,28568,322568,3032
2022-05-26,San Benito,069,59416,13473,13402,600,14002,98
2022-05-26,San Bernardino,071,2135413,588711,578656,25691,604347,7610
2022-05-26,San Diego,073,3302833,788557,786243,57037,843280,5288
2022-05-26,San Francisco,075,870044,144331,142456,9408,151864,879
2022-05-26,San Joaquin,077,732212,172215,171282,11006,182288,2241
2022-05-26,San Luis Obispo,079,281455,55045,54701,4494,59195,481
2022-05-26,San Mateo,081,765935,137355,135746,8510,144256,710
2022-05-26,Santa Barbara,083,443738,90461,89940,5129,95069,693
2022-05-26,Santa Clara,085,1922200,347950,344223,14613,358836,2304
2022-05-26,Santa Cruz,087,273765,52159,51819,2430,54249,263
2022-05-26,Shasta,089,179085,31226,31165,6211,37376,564
2022-05-26,Sierra,091,2930,278,278,54,332,4
2022-05-26,Siskiyou,093,43540,4576,4537,2802,7339,81
2022-05-26,Solano,095,438530,87602,86565,6130,92695,452
2022-05-26,Sonoma,097,501317,91107,90364,3653,94017,490
2022-05-26,Stanislaus,099,539301,120875,120241,18517,138758,1657
2022-05-26,Sutter,101,95872,21012,20976,2192,23168,227
2022-05-26,Tehama,103,63373,12227,12210,2642,14852,204
2022-05-26,Trinity,105,12862,1202,1196,290,1486,20
2022-05-26,Tulare,107,460477,108075,108029,28663,136692,1484
2022-05-26,Tuolumne,109,53932,13261,13141,616,13757,189
2022-05-26,Ventura,111,848112,180943,179953,10690,190643,1503
2022-05-26,Yolo,113,214977,40320,39016,3324,42340,319
2022-05-26,Yuba,115,75493,16385,16314,1322,17636,122
2022-05-25,Alameda,001,1643700,283208,278228,15787,294015,1860
2022-05-25,Alpine,003,1148,126,126,1,127,0
2022-05-25,Amador,005,37829,8791,8654,693,9347,86
2022-05-25,Butte,007,227075,34200,33755,7373,41128,426
2022-05-25,Calaveras,009,45235,7491,7450,387,7837,120
2022-05-25,Colusa,011,21464,3481,3471,1066,4537,21
2022-05-25,Contra Costa,013,1133247,208301,201866,15243,217109,1306
2022-05-25,Del Norte,015,27424,6191,6145,237,6382,50
2022-05-25,El Dorado,017,186661,28079,27715,3410,31125,213
2022-05-25,Fresno,019,978130,237219,235569,24984,260553,2763
2022-05-25,Glenn,021,27897,5068,5030,1646,6676,48
2022-05-25,Humboldt,023,135768,18330,18133,3493,21626,147
2022-05-25,Imperial,025,180216,56404,56203,10812,67015,923
2022-05-25,Inyo,027,18085,4174,4152,559,4711,56
2022-05-25,Kern,029,883053,195280,194251,47297,241548,2336
2022-05-25,Kings,031,150075,52353,52178,3570,55748,447
2022-05-25,Lake,033,64148,11027,10908,925,11833,137
2022-05-25,Lassen,035,31185,9057,9028,892,9920,64
2022-05-25,Los Angeles,037,10098052,2835539,2806770,133007,2939777,31845
2022-05-25,Madera,039,155013,38038,37867,6335,44202,370
2022-05-25,Marin,041,260295,37519,36890,3818,40708,293
2022-05-25,Mariposa,043,17540,2540,2514,229,2743,30
2022-05-25,Mendocino,045,87422,13665,13545,3425,16970,124
2022-05-25,Merced,047,269075,63836,63220,9226,72446,823
2022-05-25,Modoc,049,8938,751,750,255,1005,8
2022-05-25,Mono,051,14174,3034,3024,159,3183,6
2022-05-25,Monterey,053,433212,82193,81592,15364,96956,737
2022-05-25,Napa,055,140530,27489,27240,1127,28367,143
2022-05-25,Nevada,057,99092,16658,16517,1321,17838,127
2022-05-25,Orange,059,3164182,569987,565564,44967,610531,7026
2022-05-25,Placer,061,380077,66048,65309,7883,73192,626
2022-05-25,Plumas,063,18699,3111,3065,375,3440,13
2022-05-25,Riverside,065,2383286,608118,604465,29060,633525,6480
2022-05-25,Sacramento,067,1510023,295234,292211,28459,320670,3028
2022-05-25,San Benito,069,59416,13439,13338,593,13931,98
2022-05-25,San Bernardino,071,2135413,588177,576982,25665,602647,7568
2022-05-25,San Diego,073,3302833,787092,782420,56850,839270,5284
2022-05-25,San Francisco,075,870044,143832,141015,9381,150396,872
2022-05-25,San Joaquin,077,732212,171978,170626,10985,181611,2238
2022-05-25,San Luis Obispo,079,281455,54939,54342,4441,58783,481
2022-05-25,San Mateo,081,765935,136898,134441,8444,142885,710
2022-05-25,Santa Barbara,083,443738,90294,89426,5114,94540,693
2022-05-25,Santa Clara,085,1922200,346891,340868,14506,355374,2304
2022-05-25,Santa Cruz,087,273765,52075,51644,2415,54059,263
2022-05-25,Shasta,089,179085,31201,31072,6202,37274,564
2022-05-25,Sierra,091,2930,278,277,54,331,4
2022-05-25,Siskiyou,093,43540,4565,4516,2799,7315,81
2022-05-25,Solano,095,438530,87392,86024,6111,92135,451
2022-05-25,Sonoma,097,501317,90914,89810,3614,93424,490
2022-05-25,Stanislaus,099,539301,120739,119894,18494,138388,1654
2022-05-25,Sutter,101,95872,20988,20904,2188,23092,226
2022-05-25,Tehama,103,63373,12221,12189,2638,14827,201
2022-05-25,Trinity,105,12862,1202,1194,290,1484,20
2022-05-25,Tulare,107,460477,107993,107790,28620,136410,1482
2022-05-25,Tuolumne,109,53932,13239,13086,613,13699,182
2022-05-25,Ventura,111,848112,180652,179116,10653,189769,1499
2022-05-25,Yolo,113,214977,40226,38782,3314,42096,319
2022-05-25,Yuba,115,75493,16358,16260,1316,17576,122
2022-05-24,Alameda,001,1643700,282331,278228,15731,293959,1860
2022-05-24,Alpine,003,1148,126,126,1,127,0
2022-05-24,Amador,005,37829,8785,8654,689,9343,86
2022-05-24,Butte,007,227075,34156,33755,7351,41106,426
2022-05-24,Calaveras,009,45235,7484,7450,385,7835,120
2022-05-24,Colusa,011,21464,3479,3471,1064,4535,21
2022-05-24,Contra Costa,013,1133247,207649,201866,15143,217009,1306
2022-05-24,Del Norte,015,27424,6186,6145,235,6380,50
2022-05-24,El Dorado,017,186661,28011,27715,3403,31118,213
2022-05-24,Fresno,019,978130,236901,235569,24948,260517,2763
2022-05-24,Glenn,021,27897,5066,5030,1646,6676,48
2022-05-24,Humboldt,023,135768,18298,18133,3475,21608,147
2022-05-24,Imperial,025,180216,56351,56203,10799,67002,923
2022-05-24,Inyo,027,18085,4166,4152,556,4708,56
2022-05-24,Kern,029,883053,195084,194251,47191,241442,2336
2022-05-24,Kings,031,150075,52287,52178,3565,55743,447
2022-05-24,Lake,033,64148,11010,10908,923,11831,137
2022-05-24,Lassen,035,31185,9044,9028,888,9916,64
2022-05-24,Los Angeles,037,10098052,2830247,2806770,132617,2939387,31845
2022-05-24,Madera,039,155013,37991,37867,6320,44187,370
2022-05-24,Marin,041,260295,37412,36890,3767,40657,293
2022-05-24,Mariposa,043,17540,2533,2514,227,2741,30
2022-05-24,Mendocino,045,87422,13641,13545,3415,16960,124
2022-05-24,Merced,047,269075,63775,63220,9195,72415,823
2022-05-24,Modoc,049,8938,750,750,254,1004,8
2022-05-24,Mono,051,14174,3031,3024,159,3183,6
2022-05-24,Monterey,053,433212,82103,81592,15303,96895,737
2022-05-24,Napa,055,140530,27441,27240,1115,28355,143
2022-05-24,Nevada,057,99092,16616,16517,1314,17831,127
2022-05-24,Orange,059,3164182,568956,565564,44797,610361,7026
2022-05-24,Placer,061,380077,65947,65309,7867,73176,626
2022-05-24,Plumas,063,18699,3105,3065,375,3440,13
2022-05-24,Riverside,065,2383286,607424,604465,29011,633476,6480
2022-05-24,Sacramento,067,1510023,294550,292211,28338,320549,3028
2022-05-24,San Benito,069,59416,13404,13338,591,13929,98
2022-05-24,San Bernardino,071,2135413,587554,576982,25636,602618,7568
2022-05-24,San Diego,073,3302833,785441,782420,56633,839053,5284
2022-05-24,San Francisco,075,870044,143296,141015,9354,150369,872
2022-05-24,San Joaquin,077,732212,171714,170626,10952,181578,2238
2022-05-24,San Luis Obispo,079,281455,54789,54342,4387,58729,481
2022-05-24,San Mateo,081,765935,136367,134441,8387,142828,710
2022-05-24,Santa Barbara,083,443738,90132,89426,5087,94513,693
2022-05-24,Santa Clara,085,1922200,345616,340868,14414,355282,2304
2022-05-24,Santa Cruz,087,273765,51998,51644,2405,54049,263
2022-05-24,Shasta,089,179085,31176,31072,6190,37262,564
2022-05-24,Sierra,091,2930,278,277,54,331,4
2022-05-24,Siskiyou,093,43540,4555,4516,2791,7307,81
2022-05-24,Solano,095,438530,87161,86024,6081,92105,451
2022-05-24,Sonoma,097,501317,90706,89810,3576,93386,490
2022-05-24,Stanislaus,099,539301,120600,119894,18458,138352,1654
2022-05-24,Sutter,101,95872,20967,20904,2184,23088,226
2022-05-24,Tehama,103,63373,12212,12189,2636,14825,201
2022-05-24,Trinity,105,12862,1199,1194,290,1484,20
2022-05-24,Tulare,107,460477,107876,107790,28566,136356,1482
2022-05-24,Tuolumne,109,53932,13224,13086,613,13699,182
2022-05-24,Ventura,111,848112,180340,179116,10603,189719,1499
2022-05-24,Yolo,113,214977,40122,38782,3309,42091,319
2022-05-24,Yuba,115,75493,16330,16260,1308,17568,122
2022-05-23,Alameda,001,1643700,281397,278228,15645,293873,1860
2022-05-23,Alpine,003,1148,126,126,1,127,0
2022-05-23,Amador,005,37829,8752,8654,686,9340,86
2022-05-23,Butte,007,227075,34108,33755,7324,41079,426
2022-05-23,Calaveras,009,45235,7477,7450,383,7833,120
2022-05-23,Colusa,011,21464,3478,3471,1062,4533,21
2022-05-23,Contra Costa,013,1133247,206912,201866,15060,216926,1306
2022-05-23,Del Norte,015,27424,6181,6145,231,6376,50
2022-05-23,El Dorado,017,186661,27927,27715,3394,31109,213
2022-05-23,Fresno,019,978130,236551,235569,24880,260449,2763
2022-05-23,Glenn,021,27897,5062,5030,1642,6672,48
2022-05-23,Humboldt,023,135768,18271,18133,3453,21586,147
2022-05-23,Imperial,025,180216,56307,56203,10778,66981,923
2022-05-23,Inyo,027,18085,4163,4152,555,4707,56
2022-05-23,Kern,029,883053,194866,194251,47105,241356,2336
2022-05-23,Kings,031,150075,52239,52178,3560,55738,447
2022-05-23,Lake,033,64148,10991,10908,921,11829,137
2022-05-23,Lassen,035,31185,9036,9028,885,9913,64
2022-05-23,Los Angeles,037,10098052,2824815,2806770,132247,2939017,31845
2022-05-23,Madera,039,155013,37960,37867,6297,44164,370
2022-05-23,Marin,041,260295,37270,36890,3722,40612,293
2022-05-23,Mariposa,043,17540,2531,2514,225,2739,30
2022-05-23,Mendocino,045,87422,13619,13545,3401,16946,124
2022-05-23,Merced,047,269075,63696,63220,9167,72387,823
2022-05-23,Modoc,049,8938,749,750,254,1004,8
2022-05-23,Mono,051,14174,3031,3024,159,3183,6
2022-05-23,Monterey,053,433212,82004,81592,15238,96830,737
2022-05-23,Napa,055,140530,27384,27240,1108,28348,143
2022-05-23,Nevada,057,99092,16581,16517,1311,17828,127
2022-05-23,Orange,059,3164182,567949,565564,44649,610213,7026
2022-05-23,Placer,061,380077,65801,65309,7835,73144,626
2022-05-23,Plumas,063,18699,3102,3065,374,3439,13
2022-05-23,Riverside,065,2383286,606696,604465,28958,633423,6480
2022-05-23,Sacramento,067,1510023,293801,292211,28215,320426,3028
2022-05-23,San Benito,069,59416,13369,13338,588,13926,98
2022-05-23,San Bernardino,071,2135413,586917,576982,25603,602585,7568
2022-05-23,San Diego,073,3302833,783724,782420,56419,838839,5284
2022-05-23,San Francisco,075,870044,142728,141015,9320,150335,872
2022-05-23,San Joaquin,077,732212,171444,170626,10920,181546,2238
2022-05-23,San Luis Obispo,079,281455,54643,54342,4340,58682,481
2022-05-23,San Mateo,081,765935,135794,134441,8335,142776,710
2022-05-23,Santa Barbara,083,443738,89897,89426,5063,94489,693
2022-05-23,Santa Clara,085,1922200,344250,340868,14329,355197,2304
2022-05-23,Santa Cruz,087,273765,51895,51644,2390,54034,263
2022-05-23,Shasta,089,179085,31153,31072,6184,37256,564
2022-05-23,Sierra,091,2930,278,277,54,331,4
2022-05-23,Siskiyou,093,43540,4541,4516,2787,7303,81
2022-05-23,Solano,095,438530,86890,86024,6061,92085,451
2022-05-23,Sonoma,097,501317,90478,89810,3527,93337,490
2022-05-23,Stanislaus,099,539301,120460,119894,18418,138312,1654
2022-05-23,Sutter,101,95872,20927,20904,2179,23083,226
2022-05-23,Tehama,103,63373,12200,12189,2635,14824,201
2022-05-23,Trinity,105,12862,1198,1194,290,1484,20
2022-05-23,Tulare,107,460477,107753,107790,28497,136287,1482
2022-05-23,Tuolumne,109,53932,13200,13086,609,13695,182
2022-05-23,Ventura,111,848112,180009,179116,10572,189688,1499
2022-05-23,Yolo,113,214977,39989,38782,3292,42074,319
2022-05-23,Yuba,115,75493,16301,16260,1304,17564,122
2022-05-22,Alameda,001,1643700,280308,274996,15538,290534,1858
2022-05-22,Alpine,003,1148,126,126,1,127,0
2022-05-22,Amador,005,37829,8735,8628,680,9308,86
2022-05-22,Butte,007,227075,34056,33606,7297,40903,426
2022-05-22,Calaveras,009,45235,7466,7424,379,7803,120
2022-05-22,Colusa,011,21464,3474,3468,1059,4527,21
2022-05-22,Contra Costa,013,1133247,206183,199703,14926,214629,1305
2022-05-22,Del Norte,015,27424,6165,6045,220,6265,50
2022-05-22,El Dorado,017,186661,27850,27517,3378,30895,213
2022-05-22,Fresno,019,978130,236206,234657,24827,259484,2760
2022-05-22,Glenn,021,27897,5052,5020,1641,6661,48
2022-05-22,Humboldt,023,135768,18217,17984,3426,21410,146
2022-05-22,Imperial,025,180216,56239,56014,10763,66777,923
2022-05-22,Inyo,027,18085,4155,4135,553,4688,56
2022-05-22,Kern,029,883053,194630,193705,47005,240710,2334
2022-05-22,Kings,031,150075,52177,52038,3554,55592,447
2022-05-22,Lake,033,64148,10959,10867,919,11786,137
2022-05-22,Lassen,035,31185,9020,9011,882,9893,64
2022-05-22,Los Angeles,037,10098052,2818932,2791671,131814,2923485,31815
2022-05-22,Madera,039,155013,37914,37744,6262,44006,370
2022-05-22,Marin,041,260295,37124,36394,3678,40072,293
2022-05-22,Mariposa,043,17540,2527,2490,224,2714,30
2022-05-22,Mendocino,045,87422,13591,13461,3372,16833,124
2022-05-22,Merced,047,269075,63619,62969,9136,72105,823
2022-05-22,Modoc,049,8938,748,750,254,1004,8
2022-05-22,Mono,051,14174,3030,3012,159,3171,6
2022-05-22,Monterey,053,433212,81848,81224,15138,96362,735
2022-05-22,Napa,055,140530,27313,27034,1100,28134,143
2022-05-22,Nevada,057,99092,16547,16410,1299,17709,127
2022-05-22,Orange,059,3164182,566855,562531,44468,606999,7025
2022-05-22,Placer,061,380077,65642,64802,7803,72605,626
2022-05-22,Plumas,063,18699,3095,3052,372,3424,13
2022-05-22,Riverside,065,2383286,605859,601808,28892,630700,6476
2022-05-22,Sacramento,067,1510023,293002,289972,28054,318026,3027
2022-05-22,San Benito,069,59416,13337,13234,582,13816,98
2022-05-22,San Bernardino,071,2135413,586206,575194,25564,600758,7523
2022-05-22,San Diego,073,3302833,782103,777404,56225,833629,5282
2022-05-22,San Francisco,075,870044,142044,138922,9303,148225,871
2022-05-22,San Joaquin,077,732212,171138,169745,10880,180625,2237
2022-05-22,San Luis Obispo,079,281455,54488,54012,4279,58291,481
2022-05-22,San Mateo,081,765935,135225,132636,8280,140916,711
2022-05-22,Santa Barbara,083,443738,89664,88783,5028,93811,692
2022-05-22,Santa Clara,085,1922200,342817,336488,14253,350741,2301
2022-05-22,Santa Cruz,087,273765,51802,51333,2376,53709,263
2022-05-22,Shasta,089,179085,31105,30966,6172,37138,564
2022-05-22,Sierra,091,2930,278,276,54,330,4
2022-05-22,Siskiyou,093,43540,4532,4501,2786,7287,81
2022-05-22,Solano,095,438530,86606,85038,6028,91066,451
2022-05-22,Sonoma,097,501317,90191,88889,3472,92361,489
2022-05-22,Stanislaus,099,539301,120286,119396,18393,137789,1653
2022-05-22,Sutter,101,95872,20898,20809,2171,22980,226
2022-05-22,Tehama,103,63373,12192,12162,2630,14792,201
2022-05-22,Trinity,105,12862,1198,1191,289,1480,20
2022-05-22,Tulare,107,460477,107649,107485,28414,135899,1477
2022-05-22,Tuolumne,109,53932,13180,12977,607,13584,182
2022-05-22,Ventura,111,848112,179662,178024,10520,188544,1499
2022-05-22,Yolo,113,214977,39864,38377,3268,41645,319
2022-05-22,Yuba,115,75493,16274,16180,1295,17475,122
2022-05-21,Alameda,001,1643700,279846,274996,15517,290513,1858
2022-05-21,Alpine,003,1148,126,126,1,127,0
2022-05-21,Amador,005,37829,8724,8628,680,9308,86
2022-05-21,Butte,007,227075,34035,33606,7283,40889,426
2022-05-21,Calaveras,009,45235,7460,7424,379,7803,120
2022-05-21,Colusa,011,21464,3474,3468,1058,4526,21
2022-05-21,Contra Costa,013,1133247,205824,199703,14893,214596,1305
2022-05-21,Del Norte,015,27424,6161,6045,218,6263,50
2022-05-21,El Dorado,017,186661,27814,27517,3376,30893,213
2022-05-21,Fresno,019,978130,236076,234657,24806,259463,2760
2022-05-21,Glenn,021,27897,5049,5020,1640,6660,48
2022-05-21,Humboldt,023,135768,18192,17984,3418,21402,146
2022-05-21,Imperial,025,180216,56205,56014,10761,66775,923
2022-05-21,Inyo,027,18085,4153,4135,551,4686,56
2022-05-21,Kern,029,883053,194533,193705,46945,240650,2334
2022-05-21,Kings,031,150075,52154,52038,3553,55591,447
2022-05-21,Lake,033,64148,10951,10867,919,11786,137
2022-05-21,Lassen,035,31185,9017,9011,882,9893,64
2022-05-21,Los Angeles,037,10098052,2816632,2791671,131571,2923242,31815
2022-05-21,Madera,039,155013,37896,37744,6256,44000,370
2022-05-21,Marin,041,260295,37029,36394,3634,40028,293
2022-05-21,Mariposa,043,17540,2525,2490,224,2714,30
2022-05-21,Mendocino,045,87422,13580,13461,3367,16828,124
2022-05-21,Merced,047,269075,63584,62969,9130,72099,823
2022-05-21,Modoc,049,8938,747,750,254,1004,8
2022-05-21,Mono,051,14174,3030,3012,159,3171,6
2022-05-21,Monterey,053,433212,81782,81224,15083,96307,735
2022-05-21,Napa,055,140530,27280,27034,1097,28131,143
2022-05-21,Nevada,057,99092,16541,16410,1299,17709,127
2022-05-21,Orange,059,3164182,566343,562531,44360,606891,7025
2022-05-21,Placer,061,380077,65534,64802,7790,72592,626
2022-05-21,Plumas,063,18699,3088,3052,372,3424,13
2022-05-21,Riverside,065,2383286,605384,601808,28867,630675,6476
2022-05-21,Sacramento,067,1510023,292676,289972,28025,317997,3027
2022-05-21,San Benito,069,59416,13325,13234,574,13808,98
2022-05-21,San Bernardino,071,2135413,585866,575194,25539,600733,7523
2022-05-21,San Diego,073,3302833,781407,777404,56161,833565,5282
2022-05-21,San Francisco,075,870044,141738,138922,9290,148212,871
2022-05-21,San Joaquin,077,732212,171020,169745,10861,180606,2237
2022-05-21,San Luis Obispo,079,281455,54409,54012,4265,58277,481
2022-05-21,San Mateo,081,765935,134914,132636,8252,140888,711
2022-05-21,Santa Barbara,083,443738,89572,88783,5015,93798,692
2022-05-21,Santa Clara,085,1922200,341968,336488,14210,350698,2301
2022-05-21,Santa Cruz,087,273765,51757,51333,2357,53690,263
2022-05-21,Shasta,089,179085,31094,30966,6170,37136,564
2022-05-21,Sierra,091,2930,277,276,54,330,4
2022-05-21,Siskiyou,093,43540,4528,4501,2784,7285,81
2022-05-21,Solano,095,438530,86522,85038,6022,91060,451
2022-05-21,Sonoma,097,501317,90065,88889,3463,92352,489
2022-05-21,Stanislaus,099,539301,120207,119396,18369,137765,1653
2022-05-21,Sutter,101,95872,20888,20809,2166,22975,226
2022-05-21,Tehama,103,63373,12190,12162,2629,14791,201
2022-05-21,Trinity,105,12862,1198,1191,289,1480,20
2022-05-21,Tulare,107,460477,107587,107485,28378,135863,1477
2022-05-21,Tuolumne,109,53932,13173,12977,607,13584,182
2022-05-21,Ventura,111,848112,179487,178024,10501,188525,1499
2022-05-21,Yolo,113,214977,39801,38377,3257,41634,319
2022-05-21,Yuba,115,75493,16261,16180,1293,17473,122
2022-05-20,Alameda,001,1643700,279305,274996,15490,290486,1858
2022-05-20,Alpine,003,1148,126,126,1,127,0
2022-05-20,Amador,005,37829,8717,8628,680,9308,86
2022-05-20,Butte,007,227075,34013,33606,7271,40877,426
2022-05-20,Calaveras,009,45235,7452,7424,379,7803,120
2022-05-20,Colusa,011,21464,3474,3468,1058,4526,21
2022-05-20,Contra Costa,013,1133247,205466,199703,14876,214579,1305
2022-05-20,Del Norte,015,27424,6156,6045,217,6262,50
2022-05-20,El Dorado,017,186661,27782,27517,3373,30890,213
2022-05-20,Fresno,019,978130,235918,234657,24776,259433,2760
2022-05-20,Glenn,021,27897,5046,5020,1640,6660,48
2022-05-20,Humboldt,023,135768,18170,17984,3410,21394,146
2022-05-20,Imperial,025,180216,56181,56014,10758,66772,923
2022-05-20,Inyo,027,18085,4150,4135,547,4682,56
2022-05-20,Kern,029,883053,194429,193705,46897,240602,2334
2022-05-20,Kings,031,150075,52139,52038,3552,55590,447
2022-05-20,Lake,033,64148,10934,10867,919,11786,137
2022-05-20,Lassen,035,31185,9015,9011,882,9893,64
2022-05-20,Los Angeles,037,10098052,2814273,2791671,131343,2923014,31815
2022-05-20,Madera,039,155013,37877,37744,6248,43992,370
2022-05-20,Marin,041,260295,36955,36394,3595,39989,293
2022-05-20,Mariposa,043,17540,2520,2490,224,2714,30
2022-05-20,Mendocino,045,87422,13565,13461,3363,16824,124
2022-05-20,Merced,047,269075,63550,62969,9127,72096,823
2022-05-20,Modoc,049,8938,747,750,254,1004,8
2022-05-20,Mono,051,14174,3026,3012,159,3171,6
2022-05-20,Monterey,053,433212,81724,81224,15043,96267,735
2022-05-20,Napa,055,140530,27250,27034,1093,28127,143
2022-05-20,Nevada,057,99092,16533,16410,1297,17707,127
2022-05-20,Orange,059,3164182,565771,562531,44262,606793,7025
2022-05-20,Placer,061,380077,65459,64802,7774,72576,626
2022-05-20,Plumas,063,18699,3086,3052,372,3424,13
2022-05-20,Riverside,065,2383286,604934,601808,28844,630652,6476
2022-05-20,Sacramento,067,1510023,292301,289972,28003,317975,3027
2022-05-20,San Benito,069,59416,13309,13234,573,13807,98
2022-05-20,San Bernardino,071,2135413,585545,575194,25520,600714,7523
2022-05-20,San Diego,073,3302833,780610,777404,56069,833473,5282
2022-05-20,San Francisco,075,870044,141405,138922,9259,148181,871
2022-05-20,San Joaquin,077,732212,170899,169745,10854,180599,2237
2022-05-20,San Luis Obispo,079,281455,54373,54012,4260,58272,481
2022-05-20,San Mateo,081,765935,134599,132636,8229,140865,711
2022-05-20,Santa Barbara,083,443738,89488,88783,5010,93793,692
2022-05-20,Santa Clara,085,1922200,341185,336488,14158,350646,2301
2022-05-20,Santa Cruz,087,273765,51712,51333,2339,53672,263
2022-05-20,Shasta,089,179085,31080,30966,6167,37133,564
2022-05-20,Sierra,091,2930,277,276,54,330,4
2022-05-20,Siskiyou,093,43540,4525,4501,2782,7283,81
2022-05-20,Solano,095,438530,86380,85038,6014,91052,451
2022-05-20,Sonoma,097,501317,89938,88889,3450,92339,489
2022-05-20,Stanislaus,099,539301,120125,119396,18356,137752,1653
2022-05-20,Sutter,101,95872,20879,20809,2165,22974,226
2022-05-20,Tehama,103,63373,12187,12162,2628,14790,201
2022-05-20,Trinity,105,12862,1198,1191,289,1480,20
2022-05-20,Tulare,107,460477,107531,107485,28339,135824,1477
2022-05-20,Tuolumne,109,53932,13154,12977,605,13582,182
2022-05-20,Ventura,111,848112,179290,178024,10483,188507,1499
2022-05-20,Yolo,113,214977,39732,38377,3251,41628,319
2022-05-20,Yuba,115,75493,16246,16180,1289,17469,122
2022-05-19,Alameda,001,1643700,278479,274996,15420,290416,1858
2022-05-19,Alpine,003,1148,126,126,1,127,0
2022-05-19,Amador,005,37829,8709,8628,680,9308,86
2022-05-19,Butte,007,227075,33975,33606,7262,40868,426
2022-05-19,Calaveras,009,45235,7446,7424,376,7800,120
2022-05-19,Colusa,011,21464,3473,3468,1057,4525,21
2022-05-19,Contra Costa,013,1133247,204922,199703,14802,214505,1305
2022-05-19,Del Norte,015,27424,6152,6045,212,6257,50
2022-05-19,El Dorado,017,186661,27730,27517,3358,30875,213
2022-05-19,Fresno,019,978130,235694,234657,24736,259393,2760
2022-05-19,Glenn,021,27897,5045,5020,1636,6656,48
2022-05-19,Humboldt,023,135768,18136,17984,3395,21379,146
2022-05-19,Imperial,025,180216,56135,56014,10757,66771,923
2022-05-19,Inyo,027,18085,4146,4135,546,4681,56
2022-05-19,Kern,029,883053,194288,193705,46822,240527,2334
2022-05-19,Kings,031,150075,52112,52038,3551,55589,447
2022-05-19,Lake,033,64148,10926,10867,917,11784,137
2022-05-19,Lassen,035,31185,9011,9011,882,9893,64
2022-05-19,Los Angeles,037,10098052,2810313,2791671,131010,2922681,31815
2022-05-19,Madera,039,155013,37841,37744,6232,43976,370
2022-05-19,Marin,041,260295,36859,36394,3562,39956,293
2022-05-19,Mariposa,043,17540,2512,2490,224,2714,30
2022-05-19,Mendocino,045,87422,13542,13461,3356,16817,124
2022-05-19,Merced,047,269075,63488,62969,9111,72080,823
2022-05-19,Modoc,049,8938,747,750,254,1004,8
2022-05-19,Mono,051,14174,3025,3012,155,3167,6
2022-05-19,Monterey,053,433212,81644,81224,14978,96202,735
2022-05-19,Napa,055,140530,27193,27034,1090,28124,143
2022-05-19,Nevada,057,99092,16499,16410,1290,17700,127
2022-05-19,Orange,059,3164182,564939,562531,44135,606666,7025
2022-05-19,Placer,061,380077,65340,64802,7758,72560,626
2022-05-19,Plumas,063,18699,3080,3052,372,3424,13
2022-05-19,Riverside,065,2383286,604303,601808,28801,630609,6476
2022-05-19,Sacramento,067,1510023,291744,289972,27920,317892,3027
2022-05-19,San Benito,069,59416,13281,13234,570,13804,98
2022-05-19,San Bernardino,071,2135413,585028,575194,25498,600692,7523
2022-05-19,San Diego,073,3302833,779372,777404,55904,833308,5282
2022-05-19,San Francisco,075,870044,140938,138922,9224,148146,871
2022-05-19,San Joaquin,077,732212,170654,169745,10837,180582,2237
2022-05-19,San Luis Obispo,079,281455,54270,54012,4228,58240,481
2022-05-19,San Mateo,081,765935,134133,132636,8170,140806,711
2022-05-19,Santa Barbara,083,443738,89335,88783,4983,93766,692
2022-05-19,Santa Clara,085,1922200,340107,336488,14068,350556,2301
2022-05-19,Santa Cruz,087,273765,51634,51333,2325,53658,263
2022-05-19,Shasta,089,179085,31051,30966,6161,37127,564
2022-05-19,Sierra,091,2930,277,276,54,330,4
2022-05-19,Siskiyou,093,43540,4522,4501,2780,7281,81
2022-05-19,Solano,095,438530,86193,85038,5989,91027,451
2022-05-19,Sonoma,097,501317,89734,88889,3416,92305,489
2022-05-19,Stanislaus,099,539301,119995,119396,18334,137730,1653
2022-05-19,Sutter,101,95872,20843,20809,2162,22971,226
2022-05-19,Tehama,103,63373,12177,12162,2625,14787,201
2022-05-19,Trinity,105,12862,1197,1191,289,1480,20
2022-05-19,Tulare,107,460477,107439,107485,28293,135778,1477
2022-05-19,Tuolumne,109,53932,13130,12977,602,13579,182
2022-05-19,Ventura,111,848112,179015,178024,10444,188468,1499
2022-05-19,Yolo,113,214977,39642,38377,3243,41620,319
2022-05-19,Yuba,115,75493,16226,16180,1281,17461,122
2022-05-18,Alameda,001,1643700,277636,272530,15350,287880,1859
2022-05-18,Alpine,003,1148,126,126,1,127,0
2022-05-18,Amador,005,37829,8691,8592,680,9272,86
2022-05-18,Butte,007,227075,33934,33486,7247,40733,426
2022-05-18,Calaveras,009,45235,7438,7400,376,7776,120
2022-05-18,Colusa,011,21464,3473,3467,1057,4524,21
2022-05-18,Contra Costa,013,1133247,204363,198207,14715,212922,1303
2022-05-18,Del Norte,015,27424,6144,6001,208,6209,50
2022-05-18,El Dorado,017,186661,27679,27388,3350,30738,212
2022-05-18,Fresno,019,978130,235432,234055,24695,258750,2759
2022-05-18,Glenn,021,27897,5044,5012,1636,6648,48
2022-05-18,Humboldt,023,135768,18111,17868,3374,21242,146
2022-05-18,Imperial,025,180216,56073,55915,10751,66666,918
2022-05-18,Inyo,027,18085,4142,4120,540,4660,56
2022-05-18,Kern,029,883053,194171,193338,46762,240100,2327
2022-05-18,Kings,031,150075,52083,51903,3548,55451,447
2022-05-18,Lake,033,64148,10917,10831,916,11747,137
2022-05-18,Lassen,035,31185,9005,8994,882,9876,65
2022-05-18,Los Angeles,037,10098052,2805974,2780354,130729,2911083,31789
2022-05-18,Madera,039,155013,37803,37644,6223,43867,365
2022-05-18,Marin,041,260295,36769,36024,3521,39545,293
2022-05-18,Mariposa,043,17540,2505,2481,224,2705,30
2022-05-18,Mendocino,045,87422,13521,13403,3341,16744,124
2022-05-18,Merced,047,269075,63423,62802,9084,71886,818
2022-05-18,Modoc,049,8938,747,748,254,1002,8
2022-05-18,Mono,051,14174,3024,3010,153,3163,6
2022-05-18,Monterey,053,433212,81536,80955,14922,95877,735
2022-05-18,Napa,055,140530,27152,26912,1083,27995,143
2022-05-18,Nevada,057,99092,16479,16361,1285,17646,127
2022-05-18,Orange,059,3164182,564136,560094,44029,604123,7021
2022-05-18,Placer,061,380077,65195,64432,7743,72175,626
2022-05-18,Plumas,063,18699,3072,3022,369,3391,13
2022-05-18,Riverside,065,2383286,603657,599947,28749,628696,6471
2022-05-18,Sacramento,067,1510023,291220,288335,27836,316171,3022
2022-05-18,San Benito,069,59416,13257,13186,566,13752,98
2022-05-18,San Bernardino,071,2135413,584559,573790,25471,599261,7455
2022-05-18,San Diego,073,3302833,777936,773934,55740,829674,5277
2022-05-18,San Francisco,075,870044,140413,137341,9197,146538,869
2022-05-18,San Joaquin,077,732212,170419,169045,10751,179796,2236
2022-05-18,San Luis Obispo,079,281455,54171,53756,4194,57950,478
2022-05-18,San Mateo,081,765935,133709,131330,8101,139431,709
2022-05-18,Santa Barbara,083,443738,89175,88317,4962,93279,693
2022-05-18,Santa Clara,085,1922200,338963,333230,13974,347204,2300
2022-05-18,Santa Cruz,087,273765,51544,51020,2312,53332,263
2022-05-18,Shasta,089,179085,31028,30899,6156,37055,558
2022-05-18,Sierra,091,2930,277,275,54,329,4
2022-05-18,Siskiyou,093,43540,4517,4495,2778,7273,81
2022-05-18,Solano,095,438530,85930,84476,5971,90447,451
2022-05-18,Sonoma,097,501317,89535,88195,3377,91572,489
2022-05-18,Stanislaus,099,539301,119885,119025,18301,137326,1645
2022-05-18,Sutter,101,95872,20821,20763,2153,22916,226
2022-05-18,Tehama,103,63373,12171,12133,2622,14755,201
2022-05-18,Trinity,105,12862,1197,1189,289,1478,20
2022-05-18,Tulare,107,460477,107371,107292,28235,135527,1477
2022-05-18,Tuolumne,109,53932,13111,12917,600,13517,182
2022-05-18,Ventura,111,848112,178745,177233,10400,187633,1497
2022-05-18,Yolo,113,214977,39530,38139,3231,41370,316
2022-05-18,Yuba,115,75493,16202,16109,1272,17381,122
2022-05-17,Alameda,001,1643700,276803,272530,15283,287813,1859
2022-05-17,Alpine,003,1148,126,126,1,127,0
2022-05-17,Amador,005,37829,8682,8592,678,9270,86
2022-05-17,Butte,007,227075,33882,33486,7226,40712,426
2022-05-17,Calaveras,009,45235,7431,7400,376,7776,120
2022-05-17,Colusa,011,21464,3472,3467,1056,4523,21
2022-05-17,Contra Costa,013,1133247,203725,198207,14630,212837,1303
2022-05-17,Del Norte,015,27424,6130,6001,208,6209,50
2022-05-17,El Dorado,017,186661,27623,27388,3344,30732,212
2022-05-17,Fresno,019,978130,235179,234055,24664,258719,2759
2022-05-17,Glenn,021,27897,5041,5012,1635,6647,48
2022-05-17,Humboldt,023,135768,18071,17868,3357,21225,146
2022-05-17,Imperial,025,180216,56030,55915,10741,66656,918
2022-05-17,Inyo,027,18085,4140,4120,531,4651,56
2022-05-17,Kern,029,883053,194014,193338,46706,240044,2327
2022-05-17,Kings,031,150075,52040,51903,3544,55447,447
2022-05-17,Lake,033,64148,10902,10831,914,11745,137
2022-05-17,Lassen,035,31185,9000,8994,881,9875,65
2022-05-17,Los Angeles,037,10098052,2801438,2780354,130421,2910775,31789
2022-05-17,Madera,039,155013,37777,37644,6208,43852,365
2022-05-17,Marin,041,260295,36636,36024,3460,39484,293
2022-05-17,Mariposa,043,17540,2500,2481,223,2704,30
2022-05-17,Mendocino,045,87422,13495,13403,3331,16734,124
2022-05-17,Merced,047,269075,63358,62802,9065,71867,818
2022-05-17,Modoc,049,8938,747,748,254,1002,8
2022-05-17,Mono,051,14174,3020,3010,153,3163,6
2022-05-17,Monterey,053,433212,81419,80955,14857,95812,735
2022-05-17,Napa,055,140530,27104,26912,1075,27987,143
2022-05-17,Nevada,057,99092,16450,16361,1277,17638,127
2022-05-17,Orange,059,3164182,563234,560094,43891,603985,7021
2022-05-17,Placer,061,380077,65031,64432,7705,72137,626
2022-05-17,Plumas,063,18699,3066,3022,368,3390,13
2022-05-17,Riverside,065,2383286,602971,599947,28705,628652,6471
2022-05-17,Sacramento,067,1510023,290589,288335,27734,316069,3022
2022-05-17,San Benito,069,59416,13220,13186,565,13751,98
2022-05-17,San Bernardino,071,2135413,584069,573790,25457,599247,7455
2022-05-17,San Diego,073,3302833,776423,773934,55573,829507,5277
2022-05-17,San Francisco,075,870044,139837,137341,9166,146507,869
2022-05-17,San Joaquin,077,732212,170179,169045,10710,179755,2236
2022-05-17,San Luis Obispo,079,281455,54078,53756,4150,57906,478
2022-05-17,San Mateo,081,765935,133214,131330,8061,139391,709
2022-05-17,Santa Barbara,083,443738,88977,88317,4944,93261,693
2022-05-17,Santa Clara,085,1922200,337786,333230,13901,347131,2300
2022-05-17,Santa Cruz,087,273765,51467,51020,2304,53324,263
2022-05-17,Shasta,089,179085,30990,30899,6153,37052,558
2022-05-17,Sierra,091,2930,277,275,54,329,4
2022-05-17,Siskiyou,093,43540,4515,4495,2776,7271,81
2022-05-17,Solano,095,438530,85649,84476,5941,90417,451
2022-05-17,Sonoma,097,501317,89292,88195,3332,91527,489
2022-05-17,Stanislaus,099,539301,119736,119025,18272,137297,1645
2022-05-17,Sutter,101,95872,20801,20763,2149,22912,226
2022-05-17,Tehama,103,63373,12159,12133,2619,14752,201
2022-05-17,Trinity,105,12862,1196,1189,289,1478,20
2022-05-17,Tulare,107,460477,107277,107292,28195,135487,1477
2022-05-17,Tuolumne,109,53932,13097,12917,600,13517,182
2022-05-17,Ventura,111,848112,178422,177233,10346,187579,1497
2022-05-17,Yolo,113,214977,39393,38139,3224,41363,316
2022-05-17,Yuba,115,75493,16178,16109,1269,17378,122
2022-05-16,Alameda,001,1643700,275798,272530,15202,287732,1859
2022-05-16,Alpine,003,1148,126,126,1,127,0
2022-05-16,Amador,005,37829,8672,8592,677,9269,86
2022-05-16,Butte,007,227075,33824,33486,7210,40696,426
2022-05-16,Calaveras,009,45235,7425,7400,374,7774,120
2022-05-16,Colusa,011,21464,3471,3467,1056,4523,21
2022-05-16,Contra Costa,013,1133247,203083,198207,14549,212756,1303
2022-05-16,Del Norte,015,27424,6117,6001,205,6206,50
2022-05-16,El Dorado,017,186661,27567,27388,3336,30724,212
2022-05-16,Fresno,019,978130,234915,234055,24622,258677,2759
2022-05-16,Glenn,021,27897,5036,5012,1630,6642,48
2022-05-16,Humboldt,023,135768,18026,17868,3343,21211,146
2022-05-16,Imperial,025,180216,55966,55915,10728,66643,918
2022-05-16,Inyo,027,18085,4136,4120,528,4648,56
2022-05-16,Kern,029,883053,193861,193338,46640,239978,2327
2022-05-16,Kings,031,150075,51990,51903,3543,55446,447
2022-05-16,Lake,033,64148,10895,10831,913,11744,137
2022-05-16,Lassen,035,31185,8995,8994,879,9873,65
2022-05-16,Los Angeles,037,10098052,2797005,2780354,130134,2910488,31789
2022-05-16,Madera,039,155013,37746,37644,6186,43830,365
2022-05-16,Marin,041,260295,36472,36024,3412,39436,293
2022-05-16,Mariposa,043,17540,2499,2481,222,2703,30
2022-05-16,Mendocino,045,87422,13469,13403,3319,16722,124
2022-05-16,Merced,047,269075,63287,62802,9029,71831,818
2022-05-16,Modoc,049,8938,747,748,254,1002,8
2022-05-16,Mono,051,14174,3017,3010,153,3163,6
2022-05-16,Monterey,053,433212,81308,80955,14770,95725,735
2022-05-16,Napa,055,140530,27053,26912,1070,27982,143
2022-05-16,Nevada,057,99092,16431,16361,1271,17632,127
2022-05-16,Orange,059,3164182,562379,560094,43764,603858,7021
2022-05-16,Placer,061,380077,64923,64432,7674,72106,626
2022-05-16,Plumas,063,18699,3056,3022,367,3389,13
2022-05-16,Riverside,065,2383286,602261,599947,28650,628597,6471
2022-05-16,Sacramento,067,1510023,289926,288335,27643,315978,3022
2022-05-16,San Benito,069,59416,13202,13186,560,13746,98
2022-05-16,San Bernardino,071,2135413,583598,573790,25427,599217,7455
2022-05-16,San Diego,073,3302833,774880,773934,55405,829339,5277
2022-05-16,San Francisco,075,870044,139133,137341,9134,146475,869
2022-05-16,San Joaquin,077,732212,169899,169045,10525,179570,2236
2022-05-16,San Luis Obispo,079,281455,53975,53756,4121,57877,478
2022-05-16,San Mateo,081,765935,132671,131330,8005,139335,709
2022-05-16,Santa Barbara,083,443738,88832,88317,4933,93250,693
2022-05-16,Santa Clara,085,1922200,336465,333230,13814,347044,2300
2022-05-16,Santa Cruz,087,273765,51388,51020,2289,53309,263
2022-05-16,Shasta,089,179085,30957,30899,6145,37044,558
2022-05-16,Sierra,091,2930,277,275,53,328,4
2022-05-16,Siskiyou,093,43540,4512,4495,2769,7264,81
2022-05-16,Solano,095,438530,85387,84476,5915,90391,451
2022-05-16,Sonoma,097,501317,88992,88195,3294,91489,489
2022-05-16,Stanislaus,099,539301,119592,119025,18239,137264,1645
2022-05-16,Sutter,101,95872,20787,20763,2142,22905,226
2022-05-16,Tehama,103,63373,12151,12133,2616,14749,201
2022-05-16,Trinity,105,12862,1195,1189,289,1478,20
2022-05-16,Tulare,107,460477,107202,107292,28144,135436,1477
2022-05-16,Tuolumne,109,53932,13064,12917,597,13514,182
2022-05-16,Ventura,111,848112,178091,177233,10288,187521,1497
2022-05-16,Yolo,113,214977,39258,38139,3215,41354,316
2022-05-16,Yuba,115,75493,16151,16109,1266,17375,122
2022-05-15,Alameda,001,1643700,274727,268944,15133,284077,1857
2022-05-15,Alpine,003,1148,126,125,1,126,0
2022-05-15,Amador,005,37829,8656,8574,672,9246,86
2022-05-15,Butte,007,227075,33766,33377,7189,40566,424
2022-05-15,Calaveras,009,45235,7406,7378,372,7750,120
2022-05-15,Colusa,011,21464,3468,3463,1054,4517,21
2022-05-15,Contra Costa,013,1133247,202319,195925,14467,210392,1301
2022-05-15,Del Norte,015,27424,6044,5919,203,6122,50
2022-05-15,El Dorado,017,186661,27506,27216,3321,30537,212
2022-05-15,Fresno,019,978130,234647,233305,24587,257892,2757
2022-05-15,Glenn,021,27897,5033,5004,1629,6633,48
2022-05-15,Humboldt,023,135768,17976,17633,3303,20936,146
2022-05-15,Imperial,025,180216,55930,55756,10707,66463,917
2022-05-15,Inyo,027,18085,4132,4114,524,4638,56
2022-05-15,Kern,029,883053,193682,192939,46559,239498,2314
2022-05-15,Kings,031,150075,51930,51779,3539,55318,447
2022-05-15,Lake,033,64148,10878,10790,910,11700,137
2022-05-15,Lassen,035,31185,8987,8987,878,9865,65
2022-05-15,Los Angeles,037,10098052,2792412,2768726,129763,2898489,31768
2022-05-15,Madera,039,155013,37704,37520,6168,43688,365
2022-05-15,Marin,041,260295,36301,35486,3373,38859,293
2022-05-15,Mariposa,043,17540,2494,2463,221,2684,30
2022-05-15,Mendocino,045,87422,13449,13349,3292,16641,124
2022-05-15,Merced,047,269075,63202,62627,8983,71610,818
2022-05-15,Modoc,049,8938,746,747,254,1001,8
2022-05-15,Mono,051,14174,3014,3002,151,3153,6
2022-05-15,Monterey,053,433212,81200,80620,14682,95302,735
2022-05-15,Napa,055,140530,26998,26698,1066,27764,143
2022-05-15,Nevada,057,99092,16401,16240,1268,17508,127
2022-05-15,Orange,059,3164182,561433,557134,43626,600760,7017
2022-05-15,Placer,061,380077,64741,63963,7644,71607,626
2022-05-15,Plumas,063,18699,3050,3006,367,3373,13
2022-05-15,Riverside,065,2383286,601545,597914,28582,626496,6471
2022-05-15,Sacramento,067,1510023,289209,286403,27511,313914,3022
2022-05-15,San Benito,069,59416,13176,13106,558,13664,98
2022-05-15,San Bernardino,071,2135413,583051,572057,25398,597455,7423
2022-05-15,San Diego,073,3302833,773374,770323,55206,825529,5271
2022-05-15,San Francisco,075,870044,138420,134916,9100,144016,866
2022-05-15,San Joaquin,077,732212,169659,168174,10448,178622,2236
2022-05-15,San Luis Obispo,079,281455,53848,53502,4079,57581,478
2022-05-15,San Mateo,081,765935,132140,129480,7931,137411,709
2022-05-15,Santa Barbara,083,443738,88602,87773,4898,92671,693
2022-05-15,Santa Clara,085,1922200,335059,328609,13723,342332,2297
2022-05-15,Santa Cruz,087,273765,51283,50268,2273,52541,263
2022-05-15,Shasta,089,179085,30916,30799,6139,36938,557
2022-05-15,Sierra,091,2930,277,275,53,328,4
2022-05-15,Siskiyou,093,43540,4510,4482,2766,7248,81
2022-05-15,Solano,095,438530,85067,83669,5881,89550,451
2022-05-15,Sonoma,097,501317,88667,87070,3269,90339,488
2022-05-15,Stanislaus,099,539301,119423,118586,18207,136793,1645
2022-05-15,Sutter,101,95872,20760,20690,2132,22822,226
2022-05-15,Tehama,103,63373,12134,12115,2610,14725,201
2022-05-15,Trinity,105,12862,1194,1188,289,1477,20
2022-05-15,Tulare,107,460477,107103,107077,28095,135172,1469
2022-05-15,Tuolumne,109,53932,13009,12851,596,13447,182
2022-05-15,Ventura,111,848112,177746,176317,10226,186543,1497
2022-05-15,Yolo,113,214977,39143,37737,3203,40940,316
2022-05-15,Yuba,115,75493,16117,16028,1257,17285,122
2022-05-14,Alameda,001,1643700,274306,268944,15113,284057,1857
2022-05-14,Alpine,003,1148,125,125,1,126,0
2022-05-14,Amador,005,37829,8650,8574,672,9246,86
2022-05-14,Butte,007,227075,33746,33377,7181,40558,424
2022-05-14,Calaveras,009,45235,7404,7378,372,7750,120
2022-05-14,Colusa,011,21464,3468,3463,1054,4517,21
2022-05-14,Contra Costa,013,1133247,201941,195925,14437,210362,1301
2022-05-14,Del Norte,015,27424,6036,5919,201,6120,50
2022-05-14,El Dorado,017,186661,27476,27216,3316,30532,212
2022-05-14,Fresno,019,978130,234523,233305,24578,257883,2757
2022-05-14,Glenn,021,27897,5032,5004,1625,6629,48
2022-05-14,Humboldt,023,135768,17950,17633,3296,20929,146
2022-05-14,Imperial,025,180216,55899,55756,10704,66460,917
2022-05-14,Inyo,027,18085,4127,4114,524,4638,56
2022-05-14,Kern,029,883053,193612,192939,46513,239452,2314
2022-05-14,Kings,031,150075,51903,51779,3539,55318,447
2022-05-14,Lake,033,64148,10868,10790,905,11695,137
2022-05-14,Lassen,035,31185,8985,8987,878,9865,65
2022-05-14,Los Angeles,037,10098052,2790486,2768726,129546,2898272,31768
2022-05-14,Madera,039,155013,37689,37520,6168,43688,365
2022-05-14,Marin,041,260295,36194,35486,3324,38810,293
2022-05-14,Mariposa,043,17540,2493,2463,221,2684,30
2022-05-14,Mendocino,045,87422,13439,13349,3288,16637,124
2022-05-14,Merced,047,269075,63166,62627,8980,71607,818
2022-05-14,Modoc,049,8938,745,747,254,1001,8
2022-05-14,Mono,051,14174,3014,3002,150,3152,6
2022-05-14,Monterey,053,433212,81135,80620,14629,95249,735
2022-05-14,Napa,055,140530,26974,26698,1059,27757,143
2022-05-14,Nevada,057,99092,16386,16240,1267,17507,127
2022-05-14,Orange,059,3164182,560988,557134,43542,600676,7017
2022-05-14,Placer,061,380077,64635,63963,7622,71585,626
2022-05-14,Plumas,063,18699,3046,3006,367,3373,13
2022-05-14,Riverside,065,2383286,601137,597914,28547,626461,6471
2022-05-14,Sacramento,067,1510023,288936,286403,27490,313893,3022
2022-05-14,San Benito,069,59416,13166,13106,555,13661,98
2022-05-14,San Bernardino,071,2135413,582774,572057,25386,597443,7423
2022-05-14,San Diego,073,3302833,772774,770323,55159,825482,5271
2022-05-14,San Francisco,075,870044,138063,134916,9076,143992,866
2022-05-14,San Joaquin,077,732212,169516,168174,10431,178605,2236
2022-05-14,San Luis Obispo,079,281455,53821,53502,4076,57578,478
2022-05-14,San Mateo,081,765935,131817,129480,7902,137382,709
2022-05-14,Santa Barbara,083,443738,88495,87773,4893,92666,693
2022-05-14,Santa Clara,085,1922200,334227,328609,13684,342293,2297
2022-05-14,Santa Cruz,087,273765,51236,50268,2259,52527,263
2022-05-14,Shasta,089,179085,30911,30799,6138,36937,557
2022-05-14,Sierra,091,2930,277,275,53,328,4
2022-05-14,Siskiyou,093,43540,4507,4482,2764,7246,81
2022-05-14,Solano,095,438530,85005,83669,5871,89540,451
2022-05-14,Sonoma,097,501317,88523,87070,3257,90327,488
2022-05-14,Stanislaus,099,539301,119339,118586,18196,136782,1645
2022-05-14,Sutter,101,95872,20753,20690,2131,22821,226
2022-05-14,Tehama,103,63373,12128,12115,2609,14724,201
2022-05-14,Trinity,105,12862,1194,1188,289,1477,20
2022-05-14,Tulare,107,460477,107058,107077,28067,135144,1469
2022-05-14,Tuolumne,109,53932,12998,12851,596,13447,182
2022-05-14,Ventura,111,848112,177584,176317,10201,186518,1497
2022-05-14,Yolo,113,214977,39073,37737,3196,40933,316
2022-05-14,Yuba,115,75493,16110,16028,1256,17284,122
2022-05-13,Alameda,001,1643700,273827,268944,15083,284027,1857
2022-05-13,Alpine,003,1148,125,125,1,126,0
2022-05-13,Amador,005,37829,8645,8574,671,9245,86
2022-05-13,Butte,007,227075,33729,33377,7179,40556,424
2022-05-13,Calaveras,009,45235,7401,7378,372,7750,120
2022-05-13,Colusa,011,21464,3467,3463,1054,4517,21
2022-05-13,Contra Costa,013,1133247,201599,195925,14407,210332,1301
2022-05-13,Del Norte,015,27424,6033,5919,201,6120,50
2022-05-13,El Dorado,017,186661,27448,27216,3316,30532,212
2022-05-13,Fresno,019,978130,234414,233305,24559,257864,2757
2022-05-13,Glenn,021,27897,5030,5004,1624,6628,48
2022-05-13,Humboldt,023,135768,17926,17633,3288,20921,146
2022-05-13,Imperial,025,180216,55880,55756,10703,66459,917
2022-05-13,Inyo,027,18085,4127,4114,523,4637,56
2022-05-13,Kern,029,883053,193539,192939,46483,239422,2314
2022-05-13,Kings,031,150075,51879,51779,3539,55318,447
2022-05-13,Lake,033,64148,10865,10790,905,11695,137
2022-05-13,Lassen,035,31185,8984,8987,878,9865,65
2022-05-13,Los Angeles,037,10098052,2788540,2768726,129352,2898078,31768
2022-05-13,Madera,039,155013,37669,37520,6159,43679,365
2022-05-13,Marin,041,260295,36091,35486,3281,38767,293
2022-05-13,Mariposa,043,17540,2491,2463,221,2684,30
2022-05-13,Mendocino,045,87422,13425,13349,3281,16630,124
2022-05-13,Merced,047,269075,63131,62627,8971,71598,818
2022-05-13,Modoc,049,8938,745,747,254,1001,8
2022-05-13,Mono,051,14174,3012,3002,149,3151,6
2022-05-13,Monterey,053,433212,81079,80620,14590,95210,735
2022-05-13,Napa,055,140530,26938,26698,1057,27755,143
2022-05-13,Nevada,057,99092,16371,16240,1266,17506,127
2022-05-13,Orange,059,3164182,560521,557134,43469,600603,7017
2022-05-13,Placer,061,380077,64556,63963,7613,71576,626
2022-05-13,Plumas,063,18699,3039,3006,367,3373,13
2022-05-13,Riverside,065,2383286,600751,597914,28518,626432,6471
2022-05-13,Sacramento,067,1510023,288603,286403,27472,313875,3022
2022-05-13,San Benito,069,59416,13162,13106,555,13661,98
2022-05-13,San Bernardino,071,2135413,582536,572057,25378,597435,7423
2022-05-13,San Diego,073,3302833,772136,770323,55079,825402,5271
2022-05-13,San Francisco,075,870044,137714,134916,9056,143972,866
2022-05-13,San Joaquin,077,732212,169397,168174,10419,178593,2236
2022-05-13,San Luis Obispo,079,281455,53785,53502,4072,57574,478
2022-05-13,San Mateo,081,765935,131528,129480,7881,137361,709
2022-05-13,Santa Barbara,083,443738,88401,87773,4890,92663,693
2022-05-13,Santa Clara,085,1922200,333430,328609,13651,342260,2297
2022-05-13,Santa Cruz,087,273765,51149,50268,2251,52519,263
2022-05-13,Shasta,089,179085,30907,30799,6138,36937,557
2022-05-13,Sierra,091,2930,276,275,50,325,4
2022-05-13,Siskiyou,093,43540,4506,4482,2764,7246,81
2022-05-13,Solano,095,438530,84881,83669,5864,89533,451
2022-05-13,Sonoma,097,501317,88346,87070,3243,90313,488
2022-05-13,Stanislaus,099,539301,119245,118586,18182,136768,1645
2022-05-13,Sutter,101,95872,20741,20690,2130,22820,226
2022-05-13,Tehama,103,63373,12126,12115,2607,14722,201
2022-05-13,Trinity,105,12862,1193,1188,289,1477,20
2022-05-13,Tulare,107,460477,107012,107077,28031,135108,1469
2022-05-13,Tuolumne,109,53932,12982,12851,596,13447,182
2022-05-13,Ventura,111,848112,177404,176317,10187,186504,1497
2022-05-13,Yolo,113,214977,39010,37737,3192,40929,316
2022-05-13,Yuba,115,75493,16097,16028,1253,17281,122
2022-05-12,Alameda,001,1643700,273082,268944,15027,283971,1857
2022-05-12,Alpine,003,1148,125,125,1,126,0
2022-05-12,Amador,005,37829,8636,8574,671,9245,86
2022-05-12,Butte,007,227075,33702,33377,7165,40542,424
2022-05-12,Calaveras,009,45235,7397,7378,371,7749,120
2022-05-12,Colusa,011,21464,3467,3463,1053,4516,21
2022-05-12,Contra Costa,013,1133247,201079,195925,14344,210269,1301
2022-05-12,Del Norte,015,27424,6016,5919,200,6119,50
2022-05-12,El Dorado,017,186661,27408,27216,3307,30523,212
2022-05-12,Fresno,019,978130,234262,233305,24538,257843,2757
2022-05-12,Glenn,021,27897,5026,5004,1622,6626,48
2022-05-12,Humboldt,023,135768,17884,17633,3275,20908,146
2022-05-12,Imperial,025,180216,55853,55756,10690,66446,917
2022-05-12,Inyo,027,18085,4123,4114,518,4632,56
2022-05-12,Kern,029,883053,193473,192939,46435,239374,2314
2022-05-12,Kings,031,150075,51858,51779,3537,55316,447
2022-05-12,Lake,033,64148,10847,10790,899,11689,137
2022-05-12,Lassen,035,31185,8983,8987,878,9865,65
2022-05-12,Los Angeles,037,10098052,2785324,2768726,129085,2897811,31768
2022-05-12,Madera,039,155013,37644,37520,6147,43667,365
2022-05-12,Marin,041,260295,35991,35486,3258,38744,293
2022-05-12,Mariposa,043,17540,2486,2463,220,2683,30
2022-05-12,Mendocino,045,87422,13408,13349,3269,16618,124
2022-05-12,Merced,047,269075,63099,62627,8960,71587,818
2022-05-12,Modoc,049,8938,744,747,254,1001,8
2022-05-12,Mono,051,14174,3012,3002,148,3150,6
2022-05-12,Monterey,053,433212,81022,80620,14547,95167,735
2022-05-12,Napa,055,140530,26893,26698,1055,27753,143
2022-05-12,Nevada,057,99092,16349,16240,1265,17505,127
2022-05-12,Orange,059,3164182,559882,557134,43360,600494,7017
2022-05-12,Placer,061,380077,64458,63963,7590,71553,626
2022-05-12,Plumas,063,18699,3033,3006,367,3373,13
2022-05-12,Riverside,065,2383286,600296,597914,28485,626399,6471
2022-05-12,Sacramento,067,1510023,288145,286403,27408,313811,3022
2022-05-12,San Benito,069,59416,13147,13106,554,13660,98
2022-05-12,San Bernardino,071,2135413,582183,572057,25361,597418,7423
2022-05-12,San Diego,073,3302833,771182,770323,54989,825312,5271
2022-05-12,San Francisco,075,870044,137335,134916,9018,143934,866
2022-05-12,San Joaquin,077,732212,169216,168174,10378,178552,2236
2022-05-12,San Luis Obispo,079,281455,53726,53502,4043,57545,478
2022-05-12,San Mateo,081,765935,131119,129480,7830,137310,709
2022-05-12,Santa Barbara,083,443738,88295,87773,4879,92652,693
2022-05-12,Santa Clara,085,1922200,332461,328609,13563,342172,2297
2022-05-12,Santa Cruz,087,273765,51005,50268,2245,52513,263
2022-05-12,Shasta,089,179085,30894,30799,6135,36934,557
2022-05-12,Sierra,091,2930,275,275,50,325,4
2022-05-12,Siskiyou,093,43540,4501,4482,2762,7244,81
2022-05-12,Solano,095,438530,84662,83669,5850,89519,451
2022-05-12,Sonoma,097,501317,88129,87070,3216,90286,488
2022-05-12,Stanislaus,099,539301,119143,118586,18153,136739,1645
2022-05-12,Sutter,101,95872,20725,20690,2129,22819,226
2022-05-12,Tehama,103,63373,12119,12115,2605,14720,201
2022-05-12,Trinity,105,12862,1192,1188,288,1476,20
2022-05-12,Tulare,107,460477,106960,107077,27981,135058,1469
2022-05-12,Tuolumne,109,53932,12962,12851,594,13445,182
2022-05-12,Ventura,111,848112,177174,176317,10144,186461,1497
2022-05-12,Yolo,113,214977,38897,37737,3182,40919,316
2022-05-12,Yuba,115,75493,16081,16028,1250,17278,122
2022-05-11,Alameda,001,1643700,272371,267982,14972,282954,1853
2022-05-11,Alpine,003,1148,125,125,1,126,0
2022-05-11,Amador,005,37829,8628,8564,671,9235,86
2022-05-11,Butte,007,227075,33670,33339,7159,40498,423
2022-05-11,Calaveras,009,45235,7392,7368,367,7735,120
2022-05-11,Colusa,011,21464,3466,3462,1053,4515,21
2022-05-11,Contra Costa,013,1133247,200560,195153,14289,209442,1302
2022-05-11,Del Norte,015,27424,6006,5911,200,6111,50
2022-05-11,El Dorado,017,186661,27372,27172,3300,30472,212
2022-05-11,Fresno,019,978130,234098,233021,24505,257526,2754
2022-05-11,Glenn,021,27897,5026,5001,1620,6621,48
2022-05-11,Humboldt,023,135768,17841,17585,3259,20844,146
2022-05-11,Imperial,025,180216,55828,55751,10680,66431,917
2022-05-11,Inyo,027,18085,4122,4093,517,4610,56
2022-05-11,Kern,029,883053,193375,192795,46390,239185,2292
2022-05-11,Kings,031,150075,51830,51752,3535,55287,447
2022-05-11,Lake,033,64148,10834,10786,898,11684,137
2022-05-11,Lassen,035,31185,8982,8984,877,9861,65
2022-05-11,Los Angeles,037,10098052,2782198,2761410,128857,2890267,31747
2022-05-11,Madera,039,155013,37612,37496,6136,43632,365
2022-05-11,Marin,041,260295,35890,35336,3216,38552,292
2022-05-11,Mariposa,043,17540,2481,2461,220,2681,30
2022-05-11,Mendocino,045,87422,13393,13320,3252,16572,124
2022-05-11,Merced,047,269075,63057,62567,8939,71506,818
2022-05-11,Modoc,049,8938,743,747,254,1001,8
2022-05-11,Mono,051,14174,3012,2999,147,3146,6
2022-05-11,Monterey,053,433212,80959,80534,14496,95030,733
2022-05-11,Napa,055,140530,26842,26660,1053,27713,143
2022-05-11,Nevada,057,99092,16333,16230,1260,17490,127
2022-05-11,Orange,059,3164182,559206,556265,43281,599546,7009
2022-05-11,Placer,061,380077,64360,63823,7574,71397,625
2022-05-11,Plumas,063,18699,3025,2998,367,3365,13
2022-05-11,Riverside,065,2383286,599847,597302,28449,625751,6468
2022-05-11,Sacramento,067,1510023,287728,285799,27360,313159,3020
2022-05-11,San Benito,069,59416,13127,13088,550,13638,98
2022-05-11,San Bernardino,071,2135413,581820,571372,25352,596724,7354
2022-05-11,San Diego,073,3302833,770201,768135,54858,822993,5257
2022-05-11,San Francisco,075,870044,136839,134027,8993,143020,864
2022-05-11,San Joaquin,077,732212,169042,167949,10357,178306,2233
2022-05-11,San Luis Obispo,079,281455,53679,53420,4026,57446,478
2022-05-11,San Mateo,081,765935,130722,128821,7786,136607,711
2022-05-11,Santa Barbara,083,443738,88166,87593,4867,92460,693
2022-05-11,Santa Clara,085,1922200,331460,327177,13515,340692,2294
2022-05-11,Santa Cruz,087,273765,50847,50031,2231,52262,263
2022-05-11,Shasta,089,179085,30862,30768,6132,36900,564
2022-05-11,Sierra,091,2930,275,275,50,325,4
2022-05-11,Siskiyou,093,43540,4499,4478,2762,7240,81
2022-05-11,Solano,095,438530,84462,83464,5837,89301,450
2022-05-11,Sonoma,097,501317,87925,86798,3203,90001,488
2022-05-11,Stanislaus,099,539301,119040,118445,18132,136577,1644
2022-05-11,Sutter,101,95872,20710,20668,2128,22796,225
2022-05-11,Tehama,103,63373,12119,12106,2605,14711,201
2022-05-11,Trinity,105,12862,1190,1188,288,1476,20
2022-05-11,Tulare,107,460477,106903,107068,27948,135016,1468
2022-05-11,Tuolumne,109,53932,12945,12829,594,13423,181
2022-05-11,Ventura,111,848112,176975,175955,10102,186057,1491
2022-05-11,Yolo,113,214977,38782,37654,3177,40831,316
2022-05-11,Yuba,115,75493,16062,15997,1240,17237,122
2022-05-10,Alameda,001,1643700,271597,267982,14919,282901,1853
2022-05-10,Alpine,003,1148,125,125,1,126,0
2022-05-10,Amador,005,37829,8624,8564,670,9234,86
2022-05-10,Butte,007,227075,33644,33339,7155,40494,423
2022-05-10,Calaveras,009,45235,7388,7368,366,7734,120
2022-05-10,Colusa,011,21464,3466,3462,1052,4514,21
2022-05-10,Contra Costa,013,1133247,200075,195153,14247,209400,1302
2022-05-10,Del Norte,015,27424,5954,5911,200,6111,50
2022-05-10,El Dorado,017,186661,27335,27172,3294,30466,212
2022-05-10,Fresno,019,978130,233936,233021,24476,257497,2754
2022-05-10,Glenn,021,27897,5023,5001,1620,6621,48
2022-05-10,Humboldt,023,135768,17803,17585,3242,20827,146
2022-05-10,Imperial,025,180216,55793,55751,10662,66413,917
2022-05-10,Inyo,027,18085,4120,4093,511,4604,56
2022-05-10,Kern,029,883053,193273,192795,46349,239144,2292
2022-05-10,Kings,031,150075,51799,51752,3535,55287,447
2022-05-10,Lake,033,64148,10829,10786,898,11684,137
2022-05-10,Lassen,035,31185,8977,8984,877,9861,65
2022-05-10,Los Angeles,037,10098052,2778894,2761410,128622,2890032,31747
2022-05-10,Madera,039,155013,37579,37496,6123,43619,365
2022-05-10,Marin,041,260295,35775,35336,3173,38509,292
2022-05-10,Mariposa,043,17540,2481,2461,220,2681,30
2022-05-10,Mendocino,045,87422,13381,13320,3239,16559,124
2022-05-10,Merced,047,269075,63012,62567,8920,71487,818
2022-05-10,Modoc,049,8938,743,747,254,1001,8
2022-05-10,Mono,051,14174,3008,2999,144,3143,6
2022-05-10,Monterey,053,433212,80893,80534,14448,94982,733
2022-05-10,Napa,055,140530,26804,26660,1051,27711,143
2022-05-10,Nevada,057,99092,16313,16230,1257,17487,127
2022-05-10,Orange,059,3164182,558501,556265,43186,599451,7009
2022-05-10,Placer,061,380077,64247,63823,7559,71382,625
2022-05-10,Plumas,063,18699,3017,2998,366,3364,13
2022-05-10,Riverside,065,2383286,599420,597302,28420,625722,6468
2022-05-10,Sacramento,067,1510023,287227,285799,27293,313092,3020
2022-05-10,San Benito,069,59416,13110,13088,545,13633,98
2022-05-10,San Bernardino,071,2135413,581469,571372,25326,596698,7354
2022-05-10,San Diego,073,3302833,769183,768135,54736,822871,5257
2022-05-10,San Francisco,075,870044,136291,134027,8966,142993,864
2022-05-10,San Joaquin,077,732212,168888,167949,10295,178244,2233
2022-05-10,San Luis Obispo,079,281455,53603,53420,4001,57421,478
2022-05-10,San Mateo,081,765935,130346,128821,7746,136567,711
2022-05-10,Santa Barbara,083,443738,88050,87593,4852,92445,693
2022-05-10,Santa Clara,085,1922200,330437,327177,13434,340611,2294
2022-05-10,Santa Cruz,087,273765,50721,50031,2220,52251,263
2022-05-10,Shasta,089,179085,30842,30768,6131,36899,564
2022-05-10,Sierra,091,2930,275,275,49,324,4
2022-05-10,Siskiyou,093,43540,4495,4478,2762,7240,81
2022-05-10,Solano,095,438530,84275,83464,5818,89282,450
2022-05-10,Sonoma,097,501317,87685,86798,3165,89963,488
2022-05-10,Stanislaus,099,539301,118946,118445,18113,136558,1644
2022-05-10,Sutter,101,95872,20691,20668,2125,22793,225
2022-05-10,Tehama,103,63373,12116,12106,2598,14704,201
2022-05-10,Trinity,105,12862,1190,1188,288,1476,20
2022-05-10,Tulare,107,460477,106860,107068,27920,134988,1468
2022-05-10,Tuolumne,109,53932,12933,12829,594,13423,181
2022-05-10,Ventura,111,848112,176757,175955,10064,186019,1491
2022-05-10,Yolo,113,214977,38678,37654,3166,40820,316
2022-05-10,Yuba,115,75493,16041,15997,1237,17234,122
2022-05-09,Alameda,001,1643700,270825,267982,14874,282856,1853
2022-05-09,Alpine,003,1148,125,125,1,126,0
2022-05-09,Amador,005,37829,8618,8564,670,9234,86
2022-05-09,Butte,007,227075,33618,33339,7146,40485,423
2022-05-09,Calaveras,009,45235,7382,7368,366,7734,120
2022-05-09,Colusa,011,21464,3464,3462,1050,4512,21
2022-05-09,Contra Costa,013,1133247,199603,195153,14189,209342,1302
2022-05-09,Del Norte,015,27424,5945,5911,199,6110,50
2022-05-09,El Dorado,017,186661,27300,27172,3286,30458,212
2022-05-09,Fresno,019,978130,233777,233021,24454,257475,2754
2022-05-09,Glenn,021,27897,5021,5001,1618,6619,48
2022-05-09,Humboldt,023,135768,17752,17585,3220,20805,146
2022-05-09,Imperial,025,180216,55759,55751,10649,66400,917
2022-05-09,Inyo,027,18085,4117,4093,508,4601,56
2022-05-09,Kern,029,883053,193176,192795,46292,239087,2292
2022-05-09,Kings,031,150075,51768,51752,3534,55286,447
2022-05-09,Lake,033,64148,10821,10786,897,11683,137
2022-05-09,Lassen,035,31185,8975,8984,877,9861,65
2022-05-09,Los Angeles,037,10098052,2775533,2761410,128377,2889787,31747
2022-05-09,Madera,039,155013,37547,37496,6114,43610,365
2022-05-09,Marin,041,260295,35658,35336,3138,38474,292
2022-05-09,Mariposa,043,17540,2476,2461,220,2681,30
2022-05-09,Mendocino,045,87422,13370,13320,3228,16548,124
2022-05-09,Merced,047,269075,62972,62567,8901,71468,818
2022-05-09,Modoc,049,8938,743,747,254,1001,8
2022-05-09,Mono,051,14174,3006,2999,142,3141,6
2022-05-09,Monterey,053,433212,80801,80534,14395,94929,733
2022-05-09,Napa,055,140530,26754,26660,1049,27709,143
2022-05-09,Nevada,057,99092,16285,16230,1251,17481,127
2022-05-09,Orange,059,3164182,557832,556265,43104,599369,7009
2022-05-09,Placer,061,380077,64186,63823,7543,71366,625
2022-05-09,Plumas,063,18699,3008,2998,366,3364,13
2022-05-09,Riverside,065,2383286,598929,597302,28384,625686,6468
2022-05-09,Sacramento,067,1510023,286798,285799,27221,313020,3020
2022-05-09,San Benito,069,59416,13091,13088,543,13631,98
2022-05-09,San Bernardino,071,2135413,581131,571372,25315,596687,7354
2022-05-09,San Diego,073,3302833,768206,768135,54594,822729,5257
2022-05-09,San Francisco,075,870044,135736,134027,8942,142969,864
2022-05-09,San Joaquin,077,732212,168707,167949,10273,178222,2233
2022-05-09,San Luis Obispo,079,281455,53550,53420,3980,57400,478
2022-05-09,San Mateo,081,765935,129919,128821,7708,136529,711
2022-05-09,Santa Barbara,083,443738,87920,87593,4841,92434,693
2022-05-09,Santa Clara,085,1922200,329306,327177,13371,340548,2294
2022-05-09,Santa Cruz,087,273765,50580,50031,2212,52243,263
2022-05-09,Shasta,089,179085,30829,30768,6129,36897,564
2022-05-09,Sierra,091,2930,275,275,49,324,4
2022-05-09,Siskiyou,093,43540,4493,4478,2762,7240,81
2022-05-09,Solano,095,438530,84118,83464,5805,89269,450
2022-05-09,Sonoma,097,501317,87425,86798,3139,89937,488
2022-05-09,Stanislaus,099,539301,118850,118445,18095,136540,1644
2022-05-09,Sutter,101,95872,20678,20668,2124,22792,225
2022-05-09,Tehama,103,63373,12114,12106,2596,14702,201
2022-05-09,Trinity,105,12862,1190,1188,288,1476,20
2022-05-09,Tulare,107,460477,106813,107068,27883,134951,1468
2022-05-09,Tuolumne,109,53932,12925,12829,594,13423,181
2022-05-09,Ventura,111,848112,176540,175955,10015,185970,1491
2022-05-09,Yolo,113,214977,38569,37654,3157,40811,316
2022-05-09,Yuba,115,75493,16032,15997,1236,17233,122
2022-05-08,Alameda,001,1643700,269932,265198,14806,280004,1855
2022-05-08,Alpine,003,1148,125,125,1,126,0
2022-05-08,Amador,005,37829,8607,8556,667,9223,86
2022-05-08,Butte,007,227075,33595,33269,7135,40404,421
2022-05-08,Calaveras,009,45235,7375,7353,365,7718,120
2022-05-08,Colusa,011,21464,3463,3459,1050,4509,21
2022-05-08,Contra Costa,013,1133247,199088,193961,14108,208069,1302
2022-05-08,Del Norte,015,27424,5929,5884,199,6083,50
2022-05-08,El Dorado,017,186661,27262,27081,3281,30362,210
2022-05-08,Fresno,019,978130,233609,232655,24431,257086,2754
2022-05-08,Glenn,021,27897,5019,4996,1618,6614,48
2022-05-08,Humboldt,023,135768,17699,17410,3181,20591,146
2022-05-08,Imperial,025,180216,55724,55683,10640,66323,917
2022-05-08,Inyo,027,18085,4110,4087,508,4595,56
2022-05-08,Kern,029,883053,193082,192590,46246,238836,2287
2022-05-08,Kings,031,150075,51751,51702,3534,55236,447
2022-05-08,Lake,033,64148,10814,10766,897,11663,137
2022-05-08,Lassen,035,31185,8971,8978,877,9855,65
2022-05-08,Los Angeles,037,10098052,2771924,2751478,128087,2879565,31738
2022-05-08,Madera,039,155013,37525,37420,6095,43515,365
2022-05-08,Marin,041,260295,35533,34934,3091,38025,292
2022-05-08,Mariposa,043,17540,2469,2438,219,2657,30
2022-05-08,Mendocino,045,87422,13351,13270,3202,16472,124
2022-05-08,Merced,047,269075,62923,62471,8872,71343,818
2022-05-08,Modoc,049,8938,743,745,254,999,8
2022-05-08,Mono,051,14174,3005,2997,140,3137,6
2022-05-08,Monterey,053,433212,80708,80246,14313,94559,733
2022-05-08,Napa,055,140530,26713,26524,1046,27570,143
2022-05-08,Nevada,057,99092,16261,16171,1249,17420,127
2022-05-08,Orange,059,3164182,557151,554411,43001,597412,7007
2022-05-08,Placer,061,380077,64070,63577,7516,71093,625
2022-05-08,Plumas,063,18699,3004,2996,366,3362,13
2022-05-08,Riverside,065,2383286,598441,596022,28348,624370,6467
2022-05-08,Sacramento,067,1510023,286290,284564,27148,311712,3016
2022-05-08,San Benito,069,59416,13076,13047,540,13587,98
2022-05-08,San Bernardino,071,2135413,580699,570381,25281,595662,7306
2022-05-08,San Diego,073,3302833,767177,765377,54490,819867,5244
2022-05-08,San Francisco,075,870044,135085,132659,8912,141571,861
2022-05-08,San Joaquin,077,732212,168522,167568,10240,177808,2229
2022-05-08,San Luis Obispo,079,281455,53479,53273,3960,57233,477
2022-05-08,San Mateo,081,765935,129458,127615,7654,135269,709
2022-05-08,Santa Barbara,083,443738,87786,87305,4832,92137,692
2022-05-08,Santa Clara,085,1922200,328238,324946,13298,338244,2287
2022-05-08,Santa Cruz,087,273765,50400,49605,2208,51813,262
2022-05-08,Shasta,089,179085,30801,30721,6125,36846,563
2022-05-08,Sierra,091,2930,275,275,49,324,4
2022-05-08,Siskiyou,093,43540,4490,4470,2757,7227,81
2022-05-08,Solano,095,438530,83947,83038,5780,88818,450
2022-05-08,Sonoma,097,501317,87206,86150,3104,89254,488
2022-05-08,Stanislaus,099,539301,118742,118235,18070,136305,1643
2022-05-08,Sutter,101,95872,20657,20694,2120,22814,225
2022-05-08,Tehama,103,63373,12108,12098,2593,14691,201
2022-05-08,Trinity,105,12862,1189,1180,288,1468,20
2022-05-08,Tulare,107,460477,106773,106987,27848,134835,1468
2022-05-08,Tuolumne,109,53932,12912,12793,590,13383,181
2022-05-08,Ventura,111,848112,176303,175454,9969,185423,1491
2022-05-08,Yolo,113,214977,38462,37456,3143,40599,315
2022-05-08,Yuba,115,75493,16010,15964,1232,17196,122
2022-05-07,Alameda,001,1643700,269556,265198,14788,279986,1855
2022-05-07,Alpine,003,1148,125,125,1,126,0
2022-05-07,Amador,005,37829,8605,8556,667,9223,86
2022-05-07,Butte,007,227075,33587,33269,7129,40398,421
2022-05-07,Calaveras,009,45235,7368,7353,365,7718,120
2022-05-07,Colusa,011,21464,3463,3459,1050,4509,21
2022-05-07,Contra Costa,013,1133247,198846,193961,14091,208052,1302
2022-05-07,Del Norte,015,27424,5927,5884,199,6083,50
2022-05-07,El Dorado,017,186661,27244,27081,3280,30361,210
2022-05-07,Fresno,019,978130,233552,232655,24424,257079,2754
2022-05-07,Glenn,021,27897,5018,4996,1618,6614,48
2022-05-07,Humboldt,023,135768,17671,17410,3173,20583,146
2022-05-07,Imperial,025,180216,55701,55683,10634,66317,917
2022-05-07,Inyo,027,18085,4107,4087,508,4595,56
2022-05-07,Kern,029,883053,193047,192590,46225,238815,2287
2022-05-07,Kings,031,150075,51740,51702,3534,55236,447
2022-05-07,Lake,033,64148,10810,10766,897,11663,137
2022-05-07,Lassen,035,31185,8971,8978,877,9855,65
2022-05-07,Los Angeles,037,10098052,2770336,2751478,127916,2879394,31738
2022-05-07,Madera,039,155013,37518,37420,6095,43515,365
2022-05-07,Marin,041,260295,35459,34934,3059,37993,292
2022-05-07,Mariposa,043,17540,2466,2438,219,2657,30
2022-05-07,Mendocino,045,87422,13342,13270,3199,16469,124
2022-05-07,Merced,047,269075,62910,62471,8872,71343,818
2022-05-07,Modoc,049,8938,743,745,254,999,8
2022-05-07,Mono,051,14174,3004,2997,139,3136,6
2022-05-07,Monterey,053,433212,80648,80246,14287,94533,733
2022-05-07,Napa,055,140530,26683,26524,1045,27569,143
2022-05-07,Nevada,057,99092,16251,16171,1244,17415,127
2022-05-07,Orange,059,3164182,556824,554411,42948,597359,7007
2022-05-07,Placer,061,380077,64006,63577,7508,71085,625
2022-05-07,Plumas,063,18699,3004,2996,365,3361,13
2022-05-07,Riverside,065,2383286,598186,596022,28321,624343,6467
2022-05-07,Sacramento,067,1510023,286096,284564,27135,311699,3016
2022-05-07,San Benito,069,59416,13067,13047,535,13582,98
2022-05-07,San Bernardino,071,2135413,580486,570381,25276,595657,7306
2022-05-07,San Diego,073,3302833,766691,765377,54459,819836,5244
2022-05-07,San Francisco,075,870044,134757,132659,8892,141551,861
2022-05-07,San Joaquin,077,732212,168417,167568,10231,177799,2229
2022-05-07,San Luis Obispo,079,281455,53467,53273,3949,57222,477
2022-05-07,San Mateo,081,765935,129174,127615,7632,135247,709
2022-05-07,Santa Barbara,083,443738,87706,87305,4829,92134,692
2022-05-07,Santa Clara,085,1922200,327618,324946,13268,338214,2287
2022-05-07,Santa Cruz,087,273765,50347,49605,2198,51803,262
2022-05-07,Shasta,089,179085,30793,30721,6125,36846,563
2022-05-07,Sierra,091,2930,275,275,49,324,4
2022-05-07,Siskiyou,093,43540,4488,4470,2757,7227,81
2022-05-07,Solano,095,438530,83890,83038,5775,88813,450
2022-05-07,Sonoma,097,501317,87081,86150,3095,89245,488
2022-05-07,Stanislaus,099,539301,118695,118235,18061,136296,1643
2022-05-07,Sutter,101,95872,20648,20694,2120,22814,225
2022-05-07,Tehama,103,63373,12106,12098,2592,14690,201
2022-05-07,Trinity,105,12862,1189,1180,288,1468,20
2022-05-07,Tulare,107,460477,106749,106987,27836,134823,1468
2022-05-07,Tuolumne,109,53932,12905,12793,590,13383,181
2022-05-07,Ventura,111,848112,176192,175454,9945,185399,1491
2022-05-07,Yolo,113,214977,38417,37456,3141,40597,315
2022-05-07,Yuba,115,75493,16001,15964,1232,17196,122
2022-05-06,Alameda,001,1643700,269172,265198,14767,279965,1855
2022-05-06,Alpine,003,1148,125,125,1,126,0
2022-05-06,Amador,005,37829,8604,8556,666,9222,86
2022-05-06,Butte,007,227075,33578,33269,7126,40395,421
2022-05-06,Calaveras,009,45235,7366,7353,365,7718,120
2022-05-06,Colusa,011,21464,3463,3459,1050,4509,21
2022-05-06,Contra Costa,013,1133247,198614,193961,14079,208040,1302
2022-05-06,Del Norte,015,27424,5917,5884,199,6083,50
2022-05-06,El Dorado,017,186661,27219,27081,3278,30359,210
2022-05-06,Fresno,019,978130,233476,232655,24415,257070,2754
2022-05-06,Glenn,021,27897,5018,4996,1618,6614,48
2022-05-06,Humboldt,023,135768,17644,17410,3166,20576,146
2022-05-06,Imperial,025,180216,55692,55683,10631,66314,917
2022-05-06,Inyo,027,18085,4098,4087,505,4592,56
2022-05-06,Kern,029,883053,192995,192590,46196,238786,2287
2022-05-06,Kings,031,150075,51732,51702,3534,55236,447
2022-05-06,Lake,033,64148,10808,10766,897,11663,137
2022-05-06,Lassen,035,31185,8971,8978,877,9855,65
2022-05-06,Los Angeles,037,10098052,2768513,2751478,127767,2879245,31738
2022-05-06,Madera,039,155013,37504,37420,6092,43512,365
2022-05-06,Marin,041,260295,35381,34934,3013,37947,292
2022-05-06,Mariposa,043,17540,2465,2438,212,2650,30
2022-05-06,Mendocino,045,87422,13330,13270,3197,16467,124
2022-05-06,Merced,047,269075,62893,62471,8871,71342,818
2022-05-06,Modoc,049,8938,743,745,254,999,8
2022-05-06,Mono,051,14174,3003,2997,139,3136,6
2022-05-06,Monterey,053,433212,80609,80246,14250,94496,733
2022-05-06,Napa,055,140530,26666,26524,1045,27569,143
2022-05-06,Nevada,057,99092,16239,16171,1242,17413,127
2022-05-06,Orange,059,3164182,556480,554411,42882,597293,7007
2022-05-06,Placer,061,380077,63945,63577,7496,71073,625
2022-05-06,Plumas,063,18699,3002,2996,365,3361,13
2022-05-06,Riverside,065,2383286,597958,596022,28301,624323,6467
2022-05-06,Sacramento,067,1510023,285840,284564,27115,311679,3016
2022-05-06,San Benito,069,59416,13063,13047,535,13582,98
2022-05-06,San Bernardino,071,2135413,580309,570381,25270,595651,7306
2022-05-06,San Diego,073,3302833,766181,765377,54422,819799,5244
2022-05-06,San Francisco,075,870044,134431,132659,8871,141530,861
2022-05-06,San Joaquin,077,732212,168327,167568,10219,177787,2229
2022-05-06,San Luis Obispo,079,281455,53441,53273,3944,57217,477
2022-05-06,San Mateo,081,765935,128947,127615,7623,135238,709
2022-05-06,Santa Barbara,083,443738,87652,87305,4827,92132,692
2022-05-06,Santa Clara,085,1922200,327029,324946,13253,338199,2287
2022-05-06,Santa Cruz,087,273765,50282,49605,2194,51799,262
2022-05-06,Shasta,089,179085,30787,30721,6124,36845,563
2022-05-06,Sierra,091,2930,275,275,49,324,4
2022-05-06,Siskiyou,093,43540,4486,4470,2755,7225,81
2022-05-06,Solano,095,438530,83800,83038,5767,88805,450
2022-05-06,Sonoma,097,501317,86959,86150,3080,89230,488
2022-05-06,Stanislaus,099,539301,118638,118235,18054,136289,1643
2022-05-06,Sutter,101,95872,20642,20694,2120,22814,225
2022-05-06,Tehama,103,63373,12101,12098,2592,14690,201
2022-05-06,Trinity,105,12862,1188,1180,288,1468,20
2022-05-06,Tulare,107,460477,106730,106987,27825,134812,1468
2022-05-06,Tuolumne,109,53932,12898,12793,589,13382,181
2022-05-06,Ventura,111,848112,176076,175454,9915,185369,1491
2022-05-06,Yolo,113,214977,38370,37456,3137,40593,315
2022-05-06,Yuba,115,75493,15990,15964,1231,17195,122
2022-05-05,Alameda,001,1643700,268585,265198,14722,279920,1855
2022-05-05,Alpine,003,1148,125,125,1,126,0
2022-05-05,Amador,005,37829,8602,8556,665,9221,86
2022-05-05,Butte,007,227075,33559,33269,7119,40388,421
2022-05-05,Calaveras,009,45235,7362,7353,363,7716,120
2022-05-05,Colusa,011,21464,3463,3459,1047,4506,21
2022-05-05,Contra Costa,013,1133247,198220,193961,14035,207996,1302
2022-05-05,Del Norte,015,27424,5916,5884,199,6083,50
2022-05-05,El Dorado,017,186661,27194,27081,3271,30352,210
2022-05-05,Fresno,019,978130,233375,232655,24392,257047,2754
2022-05-05,Glenn,021,27897,5018,4996,1618,6614,48
2022-05-05,Humboldt,023,135768,17606,17410,3152,20562,146
2022-05-05,Imperial,025,180216,55685,55683,10620,66303,917
2022-05-05,Inyo,027,18085,4094,4087,504,4591,56
2022-05-05,Kern,029,883053,192937,192590,46159,238749,2287
2022-05-05,Kings,031,150075,51724,51702,3534,55236,447
2022-05-05,Lake,033,64148,10804,10766,897,11663,137
2022-05-05,Lassen,035,31185,8971,8978,877,9855,65
2022-05-05,Los Angeles,037,10098052,2765924,2751478,127546,2879024,31738
2022-05-05,Madera,039,155013,37487,37420,6087,43507,365
2022-05-05,Marin,041,260295,35271,34934,2991,37925,292
2022-05-05,Mariposa,043,17540,2463,2438,211,2649,30
2022-05-05,Mendocino,045,87422,13319,13270,3189,16459,124
2022-05-05,Merced,047,269075,62860,62471,8867,71338,818
2022-05-05,Modoc,049,8938,743,745,252,997,8
2022-05-05,Mono,051,14174,3002,2997,138,3135,6
2022-05-05,Monterey,053,433212,80554,80246,14221,94467,733
2022-05-05,Napa,055,140530,26633,26524,1044,27568,143
2022-05-05,Nevada,057,99092,16229,16171,1239,17410,127
2022-05-05,Orange,059,3164182,555971,554411,42824,597235,7007
2022-05-05,Placer,061,380077,63884,63577,7487,71064,625
2022-05-05,Plumas,063,18699,3001,2996,365,3361,13
2022-05-05,Riverside,065,2383286,597621,596022,28274,624296,6467
2022-05-05,Sacramento,067,1510023,285505,284564,27062,311626,3016
2022-05-05,San Benito,069,59416,13052,13047,533,13580,98
2022-05-05,San Bernardino,071,2135413,580018,570381,25254,595635,7306
2022-05-05,San Diego,073,3302833,765440,765377,54352,819729,5244
2022-05-05,San Francisco,075,870044,134015,132659,8837,141496,861
2022-05-05,San Joaquin,077,732212,168236,167568,10191,177759,2229
2022-05-05,San Luis Obispo,079,281455,53405,53273,3929,57202,477
2022-05-05,San Mateo,081,765935,128610,127615,7598,135213,709
2022-05-05,Santa Barbara,083,443738,87577,87305,4822,92127,692
2022-05-05,Santa Clara,085,1922200,326236,324946,13191,338137,2287
2022-05-05,Santa Cruz,087,273765,50184,49605,2190,51795,262
2022-05-05,Shasta,089,179085,30777,30721,6122,36843,563
2022-05-05,Sierra,091,2930,275,275,49,324,4
2022-05-05,Siskiyou,093,43540,4484,4470,2755,7225,81
2022-05-05,Solano,095,438530,83679,83038,5749,88787,450
2022-05-05,Sonoma,097,501317,86786,86150,3062,89212,488
2022-05-05,Stanislaus,099,539301,118580,118235,18040,136275,1643
2022-05-05,Sutter,101,95872,20640,20694,2118,22812,225
2022-05-05,Tehama,103,63373,12097,12098,2590,14688,201
2022-05-05,Trinity,105,12862,1188,1180,288,1468,20
2022-05-05,Tulare,107,460477,106700,106987,27807,134794,1468
2022-05-05,Tuolumne,109,53932,12880,12793,586,13379,181
2022-05-05,Ventura,111,848112,175889,175454,9872,185326,1491
2022-05-05,Yolo,113,214977,38299,37456,3126,40582,315
2022-05-05,Yuba,115,75493,15980,15964,1228,17192,122
2022-05-04,Alameda,001,1643700,267923,263736,14680,278416,1850
2022-05-04,Alpine,003,1148,125,124,1,125,0
2022-05-04,Amador,005,37829,8599,8546,664,9210,86
2022-05-04,Butte,007,227075,33542,33220,7114,40334,417
2022-05-04,Calaveras,009,45235,7357,7344,363,7707,120
2022-05-04,Colusa,011,21464,3462,3460,1047,4507,21
2022-05-04,Contra Costa,013,1133247,197853,193175,13980,207155,1302
2022-05-04,Del Norte,015,27424,5908,5866,199,6065,50
2022-05-04,El Dorado,017,186661,27169,27021,3264,30285,210
2022-05-04,Fresno,019,978130,233258,232332,24381,256713,2751
2022-05-04,Glenn,021,27897,5016,4995,1618,6613,48
2022-05-04,Humboldt,023,135768,17566,17316,3142,20458,146
2022-05-04,Imperial,025,180216,55662,55548,10612,66160,910
2022-05-04,Inyo,027,18085,4094,4085,501,4586,56
2022-05-04,Kern,029,883053,192871,192432,46123,238555,2281
2022-05-04,Kings,031,150075,51706,51663,3533,55196,447
2022-05-04,Lake,033,64148,10799,10758,897,11655,137
2022-05-04,Lassen,035,31185,8970,8972,875,9847,65
2022-05-04,Los Angeles,037,10098052,2763138,2744894,127354,2872248,31722
2022-05-04,Madera,039,155013,37463,37395,6082,43477,365
2022-05-04,Marin,041,260295,35183,34727,2969,37696,291
2022-05-04,Mariposa,043,17540,2457,2435,206,2641,30
2022-05-04,Mendocino,045,87422,13311,13247,3181,16428,123
2022-05-04,Merced,047,269075,62833,62419,8856,71275,818
2022-05-04,Modoc,049,8938,743,746,252,998,8
2022-05-04,Mono,051,14174,3001,2993,135,3128,6
2022-05-04,Monterey,053,433212,80492,80038,14197,94235,732
2022-05-04,Napa,055,140530,26596,26434,1041,27475,143
2022-05-04,Nevada,057,99092,16213,16136,1235,17371,127
2022-05-04,Orange,059,3164182,555387,553177,42749,595926,7006
2022-05-04,Placer,061,380077,63801,63410,7481,70891,625
2022-05-04,Plumas,063,18699,2999,2947,365,3312,13
2022-05-04,Riverside,065,2383286,597287,594981,28248,623229,6457
2022-05-04,Sacramento,067,1510023,285176,283939,27026,310965,3013
2022-05-04,San Benito,069,59416,13043,13019,527,13546,98
2022-05-04,San Bernardino,071,2135413,579755,569570,25241,594811,7240
2022-05-04,San Diego,073,3302833,764692,763453,54259,817712,5239
2022-05-04,San Francisco,075,870044,133610,131599,8815,140414,860
2022-05-04,San Joaquin,077,732212,168132,167280,10162,177442,2225
2022-05-04,San Luis Obispo,079,281455,53361,53156,3918,57074,477
2022-05-04,San Mateo,081,765935,128287,126800,7563,134363,710
2022-05-04,Santa Barbara,083,443738,87472,87058,4807,91865,688
2022-05-04,Santa Clara,085,1922200,325430,322805,13138,335943,2285
2022-05-04,Santa Cruz,087,273765,50069,49230,2187,51417,262
2022-05-04,Shasta,089,179085,30761,30681,6120,36801,556
2022-05-04,Sierra,091,2930,275,275,49,324,4
2022-05-04,Siskiyou,093,43540,4480,4463,2753,7216,81
2022-05-04,Solano,095,438530,83533,82796,5739,88535,449
2022-05-04,Sonoma,097,501317,86610,85694,3037,88731,488
2022-05-04,Stanislaus,099,539301,118517,118123,18029,136152,1643
2022-05-04,Sutter,101,95872,20629,20672,2116,22788,224
2022-05-04,Tehama,103,63373,12095,12090,2585,14675,201
2022-05-04,Trinity,105,12862,1188,1180,288,1468,20
2022-05-04,Tulare,107,460477,106682,106935,27792,134727,1464
2022-05-04,Tuolumne,109,53932,12873,12757,584,13341,181
2022-05-04,Ventura,111,848112,175721,175066,9830,184896,1486
2022-05-04,Yolo,113,214977,38223,37344,3121,40465,315
2022-05-04,Yuba,115,75493,15971,15940,1225,17165,122
2022-05-03,Alameda,001,1643700,267308,263736,14637,278373,1850
2022-05-03,Alpine,003,1148,125,124,1,125,0
2022-05-03,Amador,005,37829,8596,8546,663,9209,86
2022-05-03,Butte,007,227075,33526,33220,7109,40329,417
2022-05-03,Calaveras,009,45235,7350,7344,363,7707,120
2022-05-03,Colusa,011,21464,3461,3460,1047,4507,21
2022-05-03,Contra Costa,013,1133247,197460,193175,13937,207112,1302
2022-05-03,Del Norte,015,27424,5901,5866,197,6063,50
2022-05-03,El Dorado,017,186661,27147,27021,3260,30281,210
2022-05-03,Fresno,019,978130,233147,232332,24362,256694,2751
2022-05-03,Glenn,021,27897,5015,4995,1616,6611,48
2022-05-03,Humboldt,023,135768,17530,17316,3123,20439,146
2022-05-03,Imperial,025,180216,55641,55548,10606,66154,910
2022-05-03,Inyo,027,18085,4092,4085,501,4586,56
2022-05-03,Kern,029,883053,192793,192432,46091,238523,2281
2022-05-03,Kings,031,150075,51694,51663,3533,55196,447
2022-05-03,Lake,033,64148,10795,10758,896,11654,137
2022-05-03,Lassen,035,31185,8970,8972,875,9847,65
2022-05-03,Los Angeles,037,10098052,2760067,2744894,127122,2872016,31722
2022-05-03,Madera,039,155013,37432,37395,6077,43472,365
2022-05-03,Marin,041,260295,35073,34727,2946,37673,291
2022-05-03,Mariposa,043,17540,2449,2435,206,2641,30
2022-05-03,Mendocino,045,87422,13296,13247,3163,16410,123
2022-05-03,Merced,047,269075,62805,62419,8832,71251,818
2022-05-03,Modoc,049,8938,742,746,252,998,8
2022-05-03,Mono,051,14174,2999,2993,134,3127,6
2022-05-03,Monterey,053,433212,80440,80038,14163,94201,732
2022-05-03,Napa,055,140530,26561,26434,1034,27468,143
2022-05-03,Nevada,057,99092,16202,16136,1235,17371,127
2022-05-03,Orange,059,3164182,554866,553177,42671,595848,7006
2022-05-03,Placer,061,380077,63707,63410,7467,70877,625
2022-05-03,Plumas,063,18699,2995,2947,365,3312,13
2022-05-03,Riverside,065,2383286,596921,594981,28224,623205,6457
2022-05-03,Sacramento,067,1510023,284864,283939,26975,310914,3013
2022-05-03,San Benito,069,59416,13030,13019,524,13543,98
2022-05-03,San Bernardino,071,2135413,579487,569570,25229,594799,7240
2022-05-03,San Diego,073,3302833,763847,763453,54159,817612,5239
2022-05-03,San Francisco,075,870044,133135,131599,8785,140384,860
2022-05-03,San Joaquin,077,732212,168049,167280,10136,177416,2225
2022-05-03,San Luis Obispo,079,281455,53314,53156,3909,57065,477
2022-05-03,San Mateo,081,765935,127943,126800,7526,134326,710
2022-05-03,Santa Barbara,083,443738,87383,87058,4805,91863,688
2022-05-03,Santa Clara,085,1922200,324614,322805,13088,335893,2285
2022-05-03,Santa Cruz,087,273765,49977,49230,2181,51411,262
2022-05-03,Shasta,089,179085,30742,30681,6119,36800,556
2022-05-03,Sierra,091,2930,275,275,49,324,4
2022-05-03,Siskiyou,093,43540,4479,4463,2753,7216,81
2022-05-03,Solano,095,438530,83344,82796,5727,88523,449
2022-05-03,Sonoma,097,501317,86429,85694,3013,88707,488
2022-05-03,Stanislaus,099,539301,118463,118123,18016,136139,1643
2022-05-03,Sutter,101,95872,20624,20672,2114,22786,224
2022-05-03,Tehama,103,63373,12091,12090,2584,14674,201
2022-05-03,Trinity,105,12862,1187,1180,288,1468,20
2022-05-03,Tulare,107,460477,106653,106935,27778,134713,1464
2022-05-03,Tuolumne,109,53932,12860,12757,584,13341,181
2022-05-03,Ventura,111,848112,175552,175066,9787,184853,1486
2022-05-03,Yolo,113,214977,38154,37344,3120,40464,315
2022-05-03,Yuba,115,75493,15960,15940,1217,17157,122
2022-05-02,Alameda,001,1643700,266677,263736,14592,278328,1850
2022-05-02,Alpine,003,1148,125,124,1,125,0
2022-05-02,Amador,005,37829,8593,8546,660,9206,86
2022-05-02,Butte,007,227075,33503,33220,7106,40326,417
2022-05-02,Calaveras,009,45235,7349,7344,362,7706,120
2022-05-02,Colusa,011,21464,3461,3460,1047,4507,21
2022-05-02,Contra Costa,013,1133247,197087,193175,13899,207074,1302
2022-05-02,Del Norte,015,27424,5896,5866,192,6058,50
2022-05-02,El Dorado,017,186661,27124,27021,3254,30275,210
2022-05-02,Fresno,019,978130,233036,232332,24333,256665,2751
2022-05-02,Glenn,021,27897,5013,4995,1616,6611,48
2022-05-02,Humboldt,023,135768,17479,17316,3109,20425,146
2022-05-02,Imperial,025,180216,55628,55548,10599,66147,910
2022-05-02,Inyo,027,18085,4091,4085,499,4584,56
2022-05-02,Kern,029,883053,192709,192432,46062,238494,2281
2022-05-02,Kings,031,150075,51677,51663,3533,55196,447
2022-05-02,Lake,033,64148,10791,10758,896,11654,137
2022-05-02,Lassen,035,31185,8969,8972,875,9847,65
2022-05-02,Los Angeles,037,10098052,2757022,2744894,126905,2871799,31722
2022-05-02,Madera,039,155013,37415,37395,6070,43465,365
2022-05-02,Marin,041,260295,34948,34727,2923,37650,291
2022-05-02,Mariposa,043,17540,2444,2435,206,2641,30
2022-05-02,Mendocino,045,87422,13278,13247,3150,16397,123
2022-05-02,Merced,047,269075,62773,62419,8825,71244,818
2022-05-02,Modoc,049,8938,741,746,252,998,8
2022-05-02,Mono,051,14174,2997,2993,133,3126,6
2022-05-02,Monterey,053,433212,80362,80038,14122,94160,732
2022-05-02,Napa,055,140530,26522,26434,1032,27466,143
2022-05-02,Nevada,057,99092,16184,16136,1233,17369,127
2022-05-02,Orange,059,3164182,554326,553177,42575,595752,7006
2022-05-02,Placer,061,380077,63650,63410,7460,70870,625
2022-05-02,Plumas,063,18699,2995,2947,365,3312,13
2022-05-02,Riverside,065,2383286,596531,594981,28197,623178,6457
2022-05-02,Sacramento,067,1510023,284558,283939,26935,310874,3013
2022-05-02,San Benito,069,59416,13018,13019,524,13543,98
2022-05-02,San Bernardino,071,2135413,579199,569570,25210,594780,7240
2022-05-02,San Diego,073,3302833,762983,763453,54063,817516,5239
2022-05-02,San Francisco,075,870044,132701,131599,8758,140357,860
2022-05-02,San Joaquin,077,732212,167934,167280,10125,177405,2225
2022-05-02,San Luis Obispo,079,281455,53261,53156,3900,57056,477
2022-05-02,San Mateo,081,765935,127620,126800,7511,134311,710
2022-05-02,Santa Barbara,083,443738,87282,87058,4801,91859,688
2022-05-02,Santa Clara,085,1922200,323703,322805,13041,335846,2285
2022-05-02,Santa Cruz,087,273765,49851,49230,2177,51407,262
2022-05-02,Shasta,089,179085,30723,30681,6118,36799,556
2022-05-02,Sierra,091,2930,275,275,49,324,4
2022-05-02,Siskiyou,093,43540,4476,4463,2751,7214,81
2022-05-02,Solano,095,438530,83204,82796,5717,88513,449
2022-05-02,Sonoma,097,501317,86246,85694,2992,88686,488
2022-05-02,Stanislaus,099,539301,118390,118123,18002,136125,1643
2022-05-02,Sutter,101,95872,20617,20672,2111,22783,224
2022-05-02,Tehama,103,63373,12086,12090,2581,14671,201
2022-05-02,Trinity,105,12862,1186,1180,288,1468,20
2022-05-02,Tulare,107,460477,106631,106935,27762,134697,1464
2022-05-02,Tuolumne,109,53932,12854,12757,584,13341,181
2022-05-02,Ventura,111,848112,175389,175066,9755,184821,1486
2022-05-02,Yolo,113,214977,38075,37344,3114,40458,315
2022-05-02,Yuba,115,75493,15955,15940,1215,17155,122
2022-05-01,Alameda,001,1643700,265975,262027,14542,276569,1851
2022-05-01,Alpine,003,1148,125,124,1,125,0
2022-05-01,Amador,005,37829,8593,8533,660,9193,86
2022-05-01,Butte,007,227075,33476,33172,7101,40273,418
2022-05-01,Calaveras,009,45235,7345,7328,356,7684,120
2022-05-01,Colusa,011,21464,3461,3457,1047,4504,21
2022-05-01,Contra Costa,013,1133247,196701,192136,13828,205964,1301
2022-05-01,Del Norte,015,27424,5888,5841,192,6033,50
2022-05-01,El Dorado,017,186661,27092,26946,3250,30196,210
2022-05-01,Fresno,019,978130,232931,232067,24313,256380,2748
2022-05-01,Glenn,021,27897,5013,4995,1616,6611,48
2022-05-01,Humboldt,023,135768,17415,17194,3084,20278,145
2022-05-01,Imperial,025,180216,55604,55503,10596,66099,910
2022-05-01,Inyo,027,18085,4090,4084,498,4582,56
2022-05-01,Kern,029,883053,192646,192250,46016,238266,2265
2022-05-01,Kings,031,150075,51656,51640,3529,55169,447
2022-05-01,Lake,033,64148,10784,10742,894,11636,137
2022-05-01,Lassen,035,31185,8969,8966,875,9841,65
2022-05-01,Los Angeles,037,10098052,2754000,2736900,126669,2863569,31712
2022-05-01,Madera,039,155013,37397,37360,6059,43419,365
2022-05-01,Marin,041,260295,34861,34519,2890,37409,291
2022-05-01,Mariposa,043,17540,2443,2430,206,2636,30
2022-05-01,Mendocino,045,87422,13259,13219,3134,16353,123
2022-05-01,Merced,047,269075,62741,62357,8809,71166,818
2022-05-01,Modoc,049,8938,741,745,252,997,8
2022-05-01,Mono,051,14174,2994,2989,131,3120,6
2022-05-01,Monterey,053,433212,80283,79881,14080,93961,731
2022-05-01,Napa,055,140530,26477,26319,1028,27347,143
2022-05-01,Nevada,057,99092,16165,16100,1232,17332,127
2022-05-01,Orange,059,3164182,553773,551822,42472,594294,6998
2022-05-01,Placer,061,380077,63577,63273,7446,70719,625
2022-05-01,Plumas,063,18699,2994,2946,365,3311,13
2022-05-01,Riverside,065,2383286,596071,593965,28163,622128,6457
2022-05-01,Sacramento,067,1510023,284227,283048,26874,309922,3007
2022-05-01,San Benito,069,59416,13010,12988,524,13512,98
2022-05-01,San Bernardino,071,2135413,578881,568758,25193,593951,7191
2022-05-01,San Diego,073,3302833,762102,761253,53971,815224,5238
2022-05-01,San Francisco,075,870044,132209,130241,8729,138970,860
2022-05-01,San Joaquin,077,732212,167790,167028,10094,177122,2225
2022-05-01,San Luis Obispo,079,281455,53189,53040,3884,56924,477
2022-05-01,San Mateo,081,765935,127254,125807,7472,133279,705
2022-05-01,Santa Barbara,083,443738,87178,86768,4791,91559,688
2022-05-01,Santa Clara,085,1922200,322765,320709,12988,333697,2281
2022-05-01,Santa Cruz,087,273765,49699,48798,2169,50967,262
2022-05-01,Shasta,089,179085,30707,30649,6116,36765,554
2022-05-01,Sierra,091,2930,275,274,49,323,4
2022-05-01,Siskiyou,093,43540,4475,4458,2745,7203,81
2022-05-01,Solano,095,438530,83072,82459,5702,88161,449
2022-05-01,Sonoma,097,501317,86026,85290,2964,88254,488
2022-05-01,Stanislaus,099,539301,118335,117943,17986,135929,1643
2022-05-01,Sutter,101,95872,20609,20644,2104,22748,224
2022-05-01,Tehama,103,63373,12085,12078,2580,14658,202
2022-05-01,Trinity,105,12862,1186,1179,288,1467,20
2022-05-01,Tulare,107,460477,106598,106856,27742,134598,1458
2022-05-01,Tuolumne,109,53932,12835,12713,578,13291,181
2022-05-01,Ventura,111,848112,175217,174679,9702,184381,1486
2022-05-01,Yolo,113,214977,38010,37173,3104,40277,314
2022-05-01,Yuba,115,75493,15945,15917,1213,17130,121
2022-04-30,Alameda,001,1643700,265574,262027,14527,276554,1851
2022-04-30,Alpine,003,1148,125,124,1,125,0
2022-04-30,Amador,005,37829,8591,8533,660,9193,86
2022-04-30,Butte,007,227075,33470,33172,7097,40269,418
2022-04-30,Calaveras,009,45235,7342,7328,355,7683,120
2022-04-30,Colusa,011,21464,3460,3457,1047,4504,21
2022-04-30,Contra Costa,013,1133247,196455,192136,13818,205954,1301
2022-04-30,Del Norte,015,27424,5883,5841,192,6033,50
2022-04-30,El Dorado,017,186661,27074,26946,3246,30192,210
2022-04-30,Fresno,019,978130,232885,232067,24305,256372,2748
2022-04-30,Glenn,021,27897,5012,4995,1615,6610,48
2022-04-30,Humboldt,023,135768,17373,17194,3075,20269,145
2022-04-30,Imperial,025,180216,55591,55503,10594,66097,910
2022-04-30,Inyo,027,18085,4090,4084,498,4582,56
2022-04-30,Kern,029,883053,192610,192250,45998,238248,2265
2022-04-30,Kings,031,150075,51650,51640,3528,55168,447
2022-04-30,Lake,033,64148,10781,10742,894,11636,137
2022-04-30,Lassen,035,31185,8969,8966,875,9841,65
2022-04-30,Los Angeles,037,10098052,2752614,2736900,126491,2863391,31712
2022-04-30,Madera,039,155013,37386,37360,6058,43418,365
2022-04-30,Marin,041,260295,34815,34519,2860,37379,291
2022-04-30,Mariposa,043,17540,2441,2430,205,2635,30
2022-04-30,Mendocino,045,87422,13255,13219,3134,16353,123
2022-04-30,Merced,047,269075,62728,62357,8807,71164,818
2022-04-30,Modoc,049,8938,741,745,252,997,8
2022-04-30,Mono,051,14174,2993,2989,129,3118,6
2022-04-30,Monterey,053,433212,80216,79881,14057,93938,731
2022-04-30,Napa,055,140530,26454,26319,1027,27346,143
2022-04-30,Nevada,057,99092,16150,16100,1231,17331,127
2022-04-30,Orange,059,3164182,553506,551822,42429,594251,6998
2022-04-30,Placer,061,380077,63532,63273,7438,70711,625
2022-04-30,Plumas,063,18699,2991,2946,365,3311,13
2022-04-30,Riverside,065,2383286,595827,593965,28145,622110,6457
2022-04-30,Sacramento,067,1510023,284105,283048,26861,309909,3007
2022-04-30,San Benito,069,59416,13007,12988,524,13512,98
2022-04-30,San Bernardino,071,2135413,578706,568758,25184,593942,7191
2022-04-30,San Diego,073,3302833,761729,761253,53941,815194,5238
2022-04-30,San Francisco,075,870044,131924,130241,8707,138948,860
2022-04-30,San Joaquin,077,732212,167735,167028,10089,177117,2225
2022-04-30,San Luis Obispo,079,281455,53178,53040,3881,56921,477
2022-04-30,San Mateo,081,765935,127036,125807,7453,133260,705
2022-04-30,Santa Barbara,083,443738,87122,86768,4788,91556,688
2022-04-30,Santa Clara,085,1922200,322193,320709,12964,333673,2281
2022-04-30,Santa Cruz,087,273765,49653,48798,2169,50967,262
2022-04-30,Shasta,089,179085,30701,30649,6114,36763,554
2022-04-30,Sierra,091,2930,275,274,49,323,4
2022-04-30,Siskiyou,093,43540,4473,4458,2744,7202,81
2022-04-30,Solano,095,438530,83054,82459,5700,88159,449
2022-04-30,Sonoma,097,501317,85909,85290,2952,88242,488
2022-04-30,Stanislaus,099,539301,118304,117943,17980,135923,1643
2022-04-30,Sutter,101,95872,20604,20644,2104,22748,224
2022-04-30,Tehama,103,63373,12081,12078,2578,14656,202
2022-04-30,Trinity,105,12862,1186,1179,288,1467,20
2022-04-30,Tulare,107,460477,106579,106856,27730,134586,1458
2022-04-30,Tuolumne,109,53932,12826,12713,578,13291,181
2022-04-30,Ventura,111,848112,175133,174679,9670,184349,1486
2022-04-30,Yolo,113,214977,37964,37173,3103,40276,314
2022-04-30,Yuba,115,75493,15938,15917,1212,17129,121
2022-04-29,Alameda,001,1643700,265263,262027,14514,276541,1851
2022-04-29,Alpine,003,1148,124,124,1,125,0
2022-04-29,Amador,005,37829,8584,8533,658,9191,86
2022-04-29,Butte,007,227075,33465,33172,7091,40263,418
2022-04-29,Calaveras,009,45235,7340,7328,355,7683,120
2022-04-29,Colusa,011,21464,3459,3457,1047,4504,21
2022-04-29,Contra Costa,013,1133247,196259,192136,13799,205935,1301
2022-04-29,Del Norte,015,27424,5879,5841,192,6033,50
2022-04-29,El Dorado,017,186661,27062,26946,3244,30190,210
2022-04-29,Fresno,019,978130,232835,232067,24297,256364,2748
2022-04-29,Glenn,021,27897,5012,4995,1614,6609,48
2022-04-29,Humboldt,023,135768,17348,17194,3067,20261,145
2022-04-29,Imperial,025,180216,55575,55503,10593,66096,910
2022-04-29,Inyo,027,18085,4090,4084,496,4580,56
2022-04-29,Kern,029,883053,192583,192250,45986,238236,2265
2022-04-29,Kings,031,150075,51645,51640,3528,55168,447
2022-04-29,Lake,033,64148,10780,10742,894,11636,137
2022-04-29,Lassen,035,31185,8968,8966,875,9841,65
2022-04-29,Los Angeles,037,10098052,2751306,2736900,126341,2863241,31712
2022-04-29,Madera,039,155013,37376,37360,6057,43417,365
2022-04-29,Marin,041,260295,34750,34519,2840,37359,291
2022-04-29,Mariposa,043,17540,2439,2430,205,2635,30
2022-04-29,Mendocino,045,87422,13250,13219,3133,16352,123
2022-04-29,Merced,047,269075,62716,62357,8805,71162,818
2022-04-29,Modoc,049,8938,741,745,252,997,8
2022-04-29,Mono,051,14174,2993,2989,129,3118,6
2022-04-29,Monterey,053,433212,80182,79881,14043,93924,731
2022-04-29,Napa,055,140530,26426,26319,1025,27344,143
2022-04-29,Nevada,057,99092,16143,16100,1230,17330,127
2022-04-29,Orange,059,3164182,553239,551822,42375,594197,6998
2022-04-29,Placer,061,380077,63503,63273,7431,70704,625
2022-04-29,Plumas,063,18699,2990,2946,365,3311,13
2022-04-29,Riverside,065,2383286,595608,593965,28124,622089,6457
2022-04-29,Sacramento,067,1510023,283958,283048,26853,309901,3007
2022-04-29,San Benito,069,59416,13002,12988,524,13512,98
2022-04-29,San Bernardino,071,2135413,578548,568758,25174,593932,7191
2022-04-29,San Diego,073,3302833,761312,761253,53915,815168,5238
2022-04-29,San Francisco,075,870044,131702,130241,8687,138928,860
2022-04-29,San Joaquin,077,732212,167680,167028,10085,177113,2225
2022-04-29,San Luis Obispo,079,281455,53163,53040,3876,56916,477
2022-04-29,San Mateo,081,765935,126838,125807,7439,133246,705
2022-04-29,Santa Barbara,083,443738,87082,86768,4786,91554,688
2022-04-29,Santa Clara,085,1922200,321683,320709,12934,333643,2281
2022-04-29,Santa Cruz,087,273765,49597,48798,2165,50963,262
2022-04-29,Shasta,089,179085,30699,30649,6113,36762,554
2022-04-29,Sierra,091,2930,275,274,49,323,4
2022-04-29,Siskiyou,093,43540,4472,4458,2744,7202,81
2022-04-29,Solano,095,438530,82997,82459,5695,88154,449
2022-04-29,Sonoma,097,501317,85801,85290,2939,88229,488
2022-04-29,Stanislaus,099,539301,118281,117943,17974,135917,1643
2022-04-29,Sutter,101,95872,20597,20644,2103,22747,224
2022-04-29,Tehama,103,63373,12079,12078,2578,14656,202
2022-04-29,Trinity,105,12862,1186,1179,288,1467,20
2022-04-29,Tulare,107,460477,106561,106856,27714,134570,1458
2022-04-29,Tuolumne,109,53932,12819,12713,575,13288,181
2022-04-29,Ventura,111,848112,175057,174679,9648,184327,1486
2022-04-29,Yolo,113,214977,37931,37173,3100,40273,314
2022-04-29,Yuba,115,75493,15933,15917,1212,17129,121
2022-04-28,Alameda,001,1643700,264825,262027,14478,276505,1851
2022-04-28,Alpine,003,1148,124,124,1,125,0
2022-04-28,Amador,005,37829,8581,8533,658,9191,86
2022-04-28,Butte,007,227075,33456,33172,7085,40257,418
2022-04-28,Calaveras,009,45235,7336,7328,355,7683,120
2022-04-28,Colusa,011,21464,3459,3457,1047,4504,21
2022-04-28,Contra Costa,013,1133247,195999,192136,13758,205894,1301
2022-04-28,Del Norte,015,27424,5875,5841,192,6033,50
2022-04-28,El Dorado,017,186661,27040,26946,3240,30186,210
2022-04-28,Fresno,019,978130,232776,232067,24288,256355,2748
2022-04-28,Glenn,021,27897,5009,4995,1614,6609,48
2022-04-28,Humboldt,023,135768,17314,17194,3051,20245,145
2022-04-28,Imperial,025,180216,55563,55503,10588,66091,910
2022-04-28,Inyo,027,18085,4090,4084,496,4580,56
2022-04-28,Kern,029,883053,192544,192250,45972,238222,2265
2022-04-28,Kings,031,150075,51639,51640,3528,55168,447
2022-04-28,Lake,033,64148,10776,10742,894,11636,137
2022-04-28,Lassen,035,31185,8968,8966,875,9841,65
2022-04-28,Los Angeles,037,10098052,2749234,2736900,126156,2863056,31712
2022-04-28,Madera,039,155013,37370,37360,6054,43414,365
2022-04-28,Marin,041,260295,34700,34519,2825,37344,291
2022-04-28,Mariposa,043,17540,2439,2430,205,2635,30
2022-04-28,Mendocino,045,87422,13239,13219,3116,16335,123
2022-04-28,Merced,047,269075,62695,62357,8796,71153,818
2022-04-28,Modoc,049,8938,741,745,252,997,8
2022-04-28,Mono,051,14174,2991,2989,129,3118,6
2022-04-28,Monterey,053,433212,80143,79881,14019,93900,731
2022-04-28,Napa,055,140530,26395,26319,1022,27341,143
2022-04-28,Nevada,057,99092,16135,16100,1227,17327,127
2022-04-28,Orange,059,3164182,552879,551822,42308,594130,6998
2022-04-28,Placer,061,380077,63456,63273,7423,70696,625
2022-04-28,Plumas,063,18699,2989,2946,365,3311,13
2022-04-28,Riverside,065,2383286,595325,593965,28102,622067,6457
2022-04-28,Sacramento,067,1510023,283775,283048,26814,309862,3007
2022-04-28,San Benito,069,59416,12992,12988,522,13510,98
2022-04-28,San Bernardino,071,2135413,578348,568758,25166,593924,7191
2022-04-28,San Diego,073,3302833,760771,761253,53851,815104,5238
2022-04-28,San Francisco,075,870044,131400,130241,8653,138894,860
2022-04-28,San Joaquin,077,732212,167609,167028,10070,177098,2225
2022-04-28,San Luis Obispo,079,281455,53135,53040,3858,56898,477
2022-04-28,San Mateo,081,765935,126594,125807,7412,133219,705
2022-04-28,Santa Barbara,083,443738,87029,86768,4783,91551,688
2022-04-28,Santa Clara,085,1922200,321142,320709,12900,333609,2281
2022-04-28,Santa Cruz,087,273765,49499,48798,2159,50957,262
2022-04-28,Shasta,089,179085,30691,30649,6113,36762,554
2022-04-28,Sierra,091,2930,275,274,49,323,4
2022-04-28,Siskiyou,093,43540,4469,4458,2744,7202,81
2022-04-28,Solano,095,438530,82913,82459,5690,88149,449
2022-04-28,Sonoma,097,501317,85686,85290,2925,88215,488
2022-04-28,Stanislaus,099,539301,118243,117943,17967,135910,1643
2022-04-28,Sutter,101,95872,20587,20644,2100,22744,224
2022-04-28,Tehama,103,63373,12078,12078,2577,14655,202
2022-04-28,Trinity,105,12862,1186,1179,288,1467,20
2022-04-28,Tulare,107,460477,106539,106856,27704,134560,1458
2022-04-28,Tuolumne,109,53932,12807,12713,574,13287,181
2022-04-28,Ventura,111,848112,174968,174679,9612,184291,1486
2022-04-28,Yolo,113,214977,37894,37173,3097,40270,314
2022-04-28,Yuba,115,75493,15924,15917,1210,17127,121
2022-04-27,Alameda,001,1643700,264344,260871,14435,275306,1843
2022-04-27,Alpine,003,1148,124,124,1,125,0
2022-04-27,Amador,005,37829,8580,8518,658,9176,86
2022-04-27,Butte,007,227075,33445,33118,7080,40198,411
2022-04-27,Calaveras,009,45235,7333,7307,355,7662,119
2022-04-27,Colusa,011,21464,3459,3457,1047,4504,21
2022-04-27,Contra Costa,013,1133247,195736,191412,13728,205140,1300
2022-04-27,Del Norte,015,27424,5870,5833,192,6025,50
2022-04-27,El Dorado,017,186661,27029,26898,3235,30133,209
2022-04-27,Fresno,019,978130,232710,231951,24274,256225,2744
2022-04-27,Glenn,021,27897,5009,4993,1614,6607,48
2022-04-27,Humboldt,023,135768,17284,17138,3040,20178,145
2022-04-27,Imperial,025,180216,55545,55480,10585,66065,910
2022-04-27,Inyo,027,18085,4089,4080,495,4575,56
2022-04-27,Kern,029,883053,192508,192157,45953,238110,2271
2022-04-27,Kings,031,150075,51634,51617,3527,55144,444
2022-04-27,Lake,033,64148,10772,10732,894,11626,135
2022-04-27,Lassen,035,31185,8967,8965,875,9840,65
2022-04-27,Los Angeles,037,10098052,2746913,2731988,125972,2857960,31691
2022-04-27,Madera,039,155013,37361,37339,6053,43392,354
2022-04-27,Marin,041,260295,34639,34354,2811,37165,288
2022-04-27,Mariposa,043,17540,2437,2427,205,2632,30
2022-04-27,Mendocino,045,87422,13232,13188,3108,16296,123
2022-04-27,Merced,047,269075,62681,62315,8791,71106,815
2022-04-27,Modoc,049,8938,741,745,252,997,8
2022-04-27,Mono,051,14174,2991,2989,129,3118,6
2022-04-27,Monterey,053,433212,80101,79695,13979,93674,729
2022-04-27,Napa,055,140530,26366,26210,1017,27227,143
2022-04-27,Nevada,057,99092,16119,16080,1224,17304,127
2022-04-27,Orange,059,3164182,552506,550859,42246,593105,6991
2022-04-27,Placer,061,380077,63414,63154,7407,70561,623
2022-04-27,Plumas,063,18699,2988,2934,365,3299,13
2022-04-27,Riverside,065,2383286,595059,593397,28086,621483,6453
2022-04-27,Sacramento,067,1510023,283575,281802,26782,308584,3001
2022-04-27,San Benito,069,59416,12979,12989,520,13509,98
2022-04-27,San Bernardino,071,2135413,578150,568018,25159,593177,7105
2022-04-27,San Diego,073,3302833,760198,759873,53788,813661,5236
2022-04-27,San Francisco,075,870044,131049,129284,8629,137913,857
2022-04-27,San Joaquin,077,732212,167533,166848,10055,176903,2225
2022-04-27,San Luis Obispo,079,281455,53090,52911,3847,56758,476
2022-04-27,San Mateo,081,765935,126364,125018,7359,132377,702
2022-04-27,Santa Barbara,083,443738,86965,86557,4776,91333,685
2022-04-27,Santa Clara,085,1922200,320577,319077,12853,331930,2282
2022-04-27,Santa Cruz,087,273765,49415,48500,2151,50651,262
2022-04-27,Shasta,089,179085,30680,30633,6110,36743,554
2022-04-27,Sierra,091,2930,274,276,49,325,4
2022-04-27,Siskiyou,093,43540,4469,4455,2740,7195,81
2022-04-27,Solano,095,438530,82800,82220,5682,87902,448
2022-04-27,Sonoma,097,501317,85577,84983,2907,87890,487
2022-04-27,Stanislaus,099,539301,118201,117841,17957,135798,1643
2022-04-27,Sutter,101,95872,20583,20627,2096,22723,224
2022-04-27,Tehama,103,63373,12078,12073,2577,14650,201
2022-04-27,Trinity,105,12862,1186,1179,288,1467,20
2022-04-27,Tulare,107,460477,106521,106580,27695,134275,1453
2022-04-27,Tuolumne,109,53932,12790,12684,573,13257,181
2022-04-27,Ventura,111,848112,174865,174425,9597,184022,1480
2022-04-27,Yolo,113,214977,37845,37096,3091,40187,314
2022-04-27,Yuba,115,75493,15920,15902,1205,17107,121
2022-04-26,Alameda,001,1643700,263826,260871,14394,275265,1843
2022-04-26,Alpine,003,1148,124,124,1,125,0
2022-04-26,Amador,005,37829,8577,8518,657,9175,86
2022-04-26,Butte,007,227075,33428,33118,7073,40191,411
2022-04-26,Calaveras,009,45235,7329,7307,354,7661,119
2022-04-26,Colusa,011,21464,3459,3457,1047,4504,21
2022-04-26,Contra Costa,013,1133247,195474,191412,13691,205103,1300
2022-04-26,Del Norte,015,27424,5862,5833,192,6025,50
2022-04-26,El Dorado,017,186661,27008,26898,3231,30129,209
2022-04-26,Fresno,019,978130,232630,231951,24264,256215,2744
2022-04-26,Glenn,021,27897,5009,4993,1613,6606,48
2022-04-26,Humboldt,023,135768,17253,17138,3034,20172,145
2022-04-26,Imperial,025,180216,55525,55480,10580,66060,910
2022-04-26,Inyo,027,18085,4089,4080,495,4575,56
2022-04-26,Kern,029,883053,192461,192157,45929,238086,2271
2022-04-26,Kings,031,150075,51628,51617,3527,55144,444
2022-04-26,Lake,033,64148,10765,10732,894,11626,135
2022-04-26,Lassen,035,31185,8962,8965,875,9840,65
2022-04-26,Los Angeles,037,10098052,2744515,2731988,125787,2857775,31691
2022-04-26,Madera,039,155013,37353,37339,6046,43385,354
2022-04-26,Marin,041,260295,34586,34354,2792,37146,288
2022-04-26,Mariposa,043,17540,2437,2427,205,2632,30
2022-04-26,Mendocino,045,87422,13228,13188,3102,16290,123
2022-04-26,Merced,047,269075,62658,62315,8774,71089,815
2022-04-26,Modoc,049,8938,741,745,252,997,8
2022-04-26,Mono,051,14174,2991,2989,128,3117,6
2022-04-26,Monterey,053,433212,80047,79695,13940,93635,729
2022-04-26,Napa,055,140530,26335,26210,1013,27223,143
2022-04-26,Nevada,057,99092,16110,16080,1224,17304,127
2022-04-26,Orange,059,3164182,552098,550859,42187,593046,6991
2022-04-26,Placer,061,380077,63383,63154,7405,70559,623
2022-04-26,Plumas,063,18699,2988,2934,365,3299,13
2022-04-26,Riverside,065,2383286,594751,593397,28060,621457,6453
2022-04-26,Sacramento,067,1510023,283338,281802,26760,308562,3001
2022-04-26,San Benito,069,59416,12975,12989,519,13508,98
2022-04-26,San Bernardino,071,2135413,577939,568018,25145,593163,7105
2022-04-26,San Diego,073,3302833,759537,759873,53683,813556,5236
2022-04-26,San Francisco,075,870044,130650,129284,8604,137888,857
2022-04-26,San Joaquin,077,732212,167472,166848,10045,176893,2225
2022-04-26,San Luis Obispo,079,281455,53061,52911,3836,56747,476
2022-04-26,San Mateo,081,765935,126094,125018,7325,132343,702
2022-04-26,Santa Barbara,083,443738,86904,86557,4771,91328,685
2022-04-26,Santa Clara,085,1922200,320021,319077,12807,331884,2282
2022-04-26,Santa Cruz,087,273765,49315,48500,2148,50648,262
2022-04-26,Shasta,089,179085,30668,30633,6110,36743,554
2022-04-26,Sierra,091,2930,274,276,49,325,4
2022-04-26,Siskiyou,093,43540,4467,4455,2738,7193,81
2022-04-26,Solano,095,438530,82701,82220,5671,87891,448
2022-04-26,Sonoma,097,501317,85471,84983,2891,87874,487
2022-04-26,Stanislaus,099,539301,118166,117841,17947,135788,1643
2022-04-26,Sutter,101,95872,20573,20627,2096,22723,224
2022-04-26,Tehama,103,63373,12069,12073,2577,14650,201
2022-04-26,Trinity,105,12862,1186,1179,288,1467,20
2022-04-26,Tulare,107,460477,106494,106580,27681,134261,1453
2022-04-26,Tuolumne,109,53932,12771,12684,571,13255,181
2022-04-26,Ventura,111,848112,174756,174425,9571,183996,1480
2022-04-26,Yolo,113,214977,37786,37096,3086,40182,314
2022-04-26,Yuba,115,75493,15918,15902,1205,17107,121
2022-04-25,Alameda,001,1643700,263317,260871,14353,275224,1843
2022-04-25,Alpine,003,1148,124,124,1,125,0
2022-04-25,Amador,005,37829,8574,8518,657,9175,86
2022-04-25,Butte,007,227075,33413,33118,7064,40182,411
2022-04-25,Calaveras,009,45235,7326,7307,354,7661,119
2022-04-25,Colusa,011,21464,3459,3457,1047,4504,21
2022-04-25,Contra Costa,013,1133247,195208,191412,13654,205066,1300
2022-04-25,Del Norte,015,27424,5856,5833,190,6023,50
2022-04-25,El Dorado,017,186661,26987,26898,3229,30127,209
2022-04-25,Fresno,019,978130,232539,231951,24251,256202,2744
2022-04-25,Glenn,021,27897,5009,4993,1613,6606,48
2022-04-25,Humboldt,023,135768,17211,17138,3026,20164,145
2022-04-25,Imperial,025,180216,55506,55480,10575,66055,910
2022-04-25,Inyo,027,18085,4089,4080,495,4575,56
2022-04-25,Kern,029,883053,192417,192157,45911,238068,2271
2022-04-25,Kings,031,150075,51619,51617,3526,55143,444
2022-04-25,Lake,033,64148,10762,10732,893,11625,135
2022-04-25,Lassen,035,31185,8961,8965,875,9840,65
2022-04-25,Los Angeles,037,10098052,2742132,2731988,125621,2857609,31691
2022-04-25,Madera,039,155013,37340,37339,6042,43381,354
2022-04-25,Marin,041,260295,34522,34354,2768,37122,288
2022-04-25,Mariposa,043,17540,2437,2427,204,2631,30
2022-04-25,Mendocino,045,87422,13218,13188,3085,16273,123
2022-04-25,Merced,047,269075,62645,62315,8772,71087,815
2022-04-25,Modoc,049,8938,741,745,252,997,8
2022-04-25,Mono,051,14174,2991,2989,128,3117,6
2022-04-25,Monterey,053,433212,80009,79695,13915,93610,729
2022-04-25,Napa,055,140530,26294,26210,1011,27221,143
2022-04-25,Nevada,057,99092,16104,16080,1222,17302,127
2022-04-25,Orange,059,3164182,551691,550859,42124,592983,6991
2022-04-25,Placer,061,380077,63347,63154,7400,70554,623
2022-04-25,Plumas,063,18699,2986,2934,365,3299,13
2022-04-25,Riverside,065,2383286,594488,593397,28043,621440,6453
2022-04-25,Sacramento,067,1510023,283173,281802,26727,308529,3001
2022-04-25,San Benito,069,59416,12968,12989,519,13508,98
2022-04-25,San Bernardino,071,2135413,577710,568018,25128,593146,7105
2022-04-25,San Diego,073,3302833,758854,759873,53605,813478,5236
2022-04-25,San Francisco,075,870044,130288,129284,8588,137872,857
2022-04-25,San Joaquin,077,732212,167388,166848,10031,176879,2225
2022-04-25,San Luis Obispo,079,281455,53012,52911,3828,56739,476
2022-04-25,San Mateo,081,765935,125822,125018,7305,132323,702
2022-04-25,Santa Barbara,083,443738,86843,86557,4765,91322,685
2022-04-25,Santa Clara,085,1922200,319375,319077,12763,331840,2282
2022-04-25,Santa Cruz,087,273765,49173,48500,2139,50639,262
2022-04-25,Shasta,089,179085,30656,30633,6107,36740,554
2022-04-25,Sierra,091,2930,274,276,49,325,4
2022-04-25,Siskiyou,093,43540,4467,4455,2737,7192,81
2022-04-25,Solano,095,438530,82582,82220,5660,87880,448
2022-04-25,Sonoma,097,501317,85348,84983,2872,87855,487
2022-04-25,Stanislaus,099,539301,118121,117841,17940,135781,1643
2022-04-25,Sutter,101,95872,20570,20627,2096,22723,224
2022-04-25,Tehama,103,63373,12069,12073,2577,14650,201
2022-04-25,Trinity,105,12862,1185,1179,288,1467,20
2022-04-25,Tulare,107,460477,106469,106580,27671,134251,1453
2022-04-25,Tuolumne,109,53932,12761,12684,571,13255,181
2022-04-25,Ventura,111,848112,174646,174425,9547,183972,1480
2022-04-25,Yolo,113,214977,37723,37096,3082,40178,314
2022-04-25,Yuba,115,75493,15908,15902,1204,17106,121
2022-04-24,Alameda,001,1643700,262735,259619,14308,273927,1837
2022-04-24,Alpine,003,1148,124,124,1,125,0
2022-04-24,Amador,005,37829,8565,8509,656,9165,86
2022-04-24,Butte,007,227075,33396,33105,7057,40162,411
2022-04-24,Calaveras,009,45235,7317,7296,352,7648,119
2022-04-24,Colusa,011,21464,3458,3453,1047,4500,21
2022-04-24,Contra Costa,013,1133247,194901,190611,13621,204232,1298
2022-04-24,Del Norte,015,27424,5847,5827,188,6015,50
2022-04-24,El Dorado,017,186661,26969,26837,3227,30064,209
2022-04-24,Fresno,019,978130,232459,231751,24237,255988,2744
2022-04-24,Glenn,021,27897,5009,4989,1611,6600,48
2022-04-24,Humboldt,023,135768,17186,17033,3012,20045,145
2022-04-24,Imperial,025,180216,55494,55434,10567,66001,910
2022-04-24,Inyo,027,18085,4085,4079,494,4573,56
2022-04-24,Kern,029,883053,192366,192012,45897,237909,2267
2022-04-24,Kings,031,150075,51610,51588,3526,55114,444
2022-04-24,Lake,033,64148,10754,10720,890,11610,134
2022-04-24,Lassen,035,31185,8960,8966,875,9841,65
2022-04-24,Los Angeles,037,10098052,2739781,2725630,125476,2851106,31667
2022-04-24,Madera,039,155013,37325,37333,6036,43369,354
2022-04-24,Marin,041,260295,34468,34150,2734,36884,288
2022-04-24,Mariposa,043,17540,2434,2422,204,2626,30
2022-04-24,Mendocino,045,87422,13213,13158,3073,16231,122
2022-04-24,Merced,047,269075,62621,62286,8763,71049,815
2022-04-24,Modoc,049,8938,741,745,252,997,8
2022-04-24,Mono,051,14174,2989,2986,128,3114,6
2022-04-24,Monterey,053,433212,79956,79560,13882,93442,729
2022-04-24,Napa,055,140530,26257,26093,1010,27103,143
2022-04-24,Nevada,057,99092,16088,16052,1220,17272,127
2022-04-24,Orange,059,3164182,551269,549765,42061,591826,6989
2022-04-24,Placer,061,380077,63292,63037,7392,70429,622
2022-04-24,Plumas,063,18699,2984,2934,365,3299,13
2022-04-24,Riverside,065,2383286,594211,592683,28008,620691,6450
2022-04-24,Sacramento,067,1510023,282966,280551,26693,307244,2993
2022-04-24,San Benito,069,59416,12963,12966,519,13485,98
2022-04-24,San Bernardino,071,2135413,577478,566806,25106,591912,7047
2022-04-24,San Diego,073,3302833,758223,758311,53542,811853,5233
2022-04-24,San Francisco,075,870044,129843,128323,8563,136886,857
2022-04-24,San Joaquin,077,732212,167301,166626,9995,176621,2224
2022-04-24,San Luis Obispo,079,281455,52936,52826,3817,56643,476
2022-04-24,San Mateo,081,765935,125514,124106,7270,131376,703
2022-04-24,Santa Barbara,083,443738,86774,86376,4763,91139,685
2022-04-24,Santa Clara,085,1922200,318693,317487,12711,330198,2277
2022-04-24,Santa Cruz,087,273765,49060,48255,2133,50388,261
2022-04-24,Shasta,089,179085,30644,30607,6105,36712,557
2022-04-24,Sierra,091,2930,274,276,49,325,4
2022-04-24,Siskiyou,093,43540,4465,4453,2735,7188,81
2022-04-24,Solano,095,438530,82474,81982,5651,87633,448
2022-04-24,Sonoma,097,501317,85212,84581,2850,87431,486
2022-04-24,Stanislaus,099,539301,118070,117737,17934,135671,1632
2022-04-24,Sutter,101,95872,20561,20605,2093,22698,224
2022-04-24,Tehama,103,63373,12065,12064,2577,14641,201
2022-04-24,Trinity,105,12862,1185,1177,288,1465,20
2022-04-24,Tulare,107,460477,106442,106354,27660,134014,1446
2022-04-24,Tuolumne,109,53932,12748,12664,570,13234,181
2022-04-24,Ventura,111,848112,174534,174091,9526,183617,1479
2022-04-24,Yolo,113,214977,37683,36990,3079,40069,314
2022-04-24,Yuba,115,75493,15904,15888,1204,17092,121
2022-04-23,Alameda,001,1643700,262491,259619,14295,273914,1837
2022-04-23,Alpine,003,1148,124,124,1,125,0
2022-04-23,Amador,005,37829,8559,8509,656,9165,86
2022-04-23,Butte,007,227075,33387,33105,7054,40159,411
2022-04-23,Calaveras,009,45235,7309,7296,352,7648,119
2022-04-23,Colusa,011,21464,3458,3453,1047,4500,21
2022-04-23,Contra Costa,013,1133247,194745,190611,13603,204214,1298
2022-04-23,Del Norte,015,27424,5845,5827,187,6014,50
2022-04-23,El Dorado,017,186661,26959,26837,3226,30063,209
2022-04-23,Fresno,019,978130,232426,231751,24231,255982,2744
2022-04-23,Glenn,021,27897,5009,4989,1611,6600,48
2022-04-23,Humboldt,023,135768,17170,17033,3009,20042,145
2022-04-23,Imperial,025,180216,55483,55434,10566,66000,910
2022-04-23,Inyo,027,18085,4085,4079,493,4572,56
2022-04-23,Kern,029,883053,192338,192012,45883,237895,2267
2022-04-23,Kings,031,150075,51605,51588,3525,55113,444
2022-04-23,Lake,033,64148,10753,10720,890,11610,134
2022-04-23,Lassen,035,31185,8960,8966,875,9841,65
2022-04-23,Los Angeles,037,10098052,2738834,2725630,125376,2851006,31667
2022-04-23,Madera,039,155013,37318,37333,6035,43368,354
2022-04-23,Marin,041,260295,34433,34150,2688,36838,288
2022-04-23,Mariposa,043,17540,2434,2422,204,2626,30
2022-04-23,Mendocino,045,87422,13206,13158,3073,16231,122
2022-04-23,Merced,047,269075,62611,62286,8763,71049,815
2022-04-23,Modoc,049,8938,741,745,252,997,8
2022-04-23,Mono,051,14174,2989,2986,128,3114,6
2022-04-23,Monterey,053,433212,79887,79560,13867,93427,729
2022-04-23,Napa,055,140530,26236,26093,1008,27101,143
2022-04-23,Nevada,057,99092,16082,16052,1218,17270,127
2022-04-23,Orange,059,3164182,551053,549765,42012,591777,6989
2022-04-23,Placer,061,380077,63262,63037,7392,70429,622
2022-04-23,Plumas,063,18699,2984,2934,365,3299,13
2022-04-23,Riverside,065,2383286,594075,592683,27998,620681,6450
2022-04-23,Sacramento,067,1510023,282866,280551,26690,307241,2993
2022-04-23,San Benito,069,59416,12962,12966,519,13485,98
2022-04-23,San Bernardino,071,2135413,577357,566806,25103,591909,7047
2022-04-23,San Diego,073,3302833,757961,758311,53524,811835,5233
2022-04-23,San Francisco,075,870044,129639,128323,8538,136861,857
2022-04-23,San Joaquin,077,732212,167260,166626,9987,176613,2224
2022-04-23,San Luis Obispo,079,281455,52921,52826,3813,56639,476
2022-04-23,San Mateo,081,765935,125357,124106,7260,131366,703
2022-04-23,Santa Barbara,083,443738,86738,86376,4762,91138,685
2022-04-23,Santa Clara,085,1922200,318314,317487,12684,330171,2277
2022-04-23,Santa Cruz,087,273765,49010,48255,2131,50386,261
2022-04-23,Shasta,089,179085,30641,30607,6105,36712,557
2022-04-23,Sierra,091,2930,274,276,49,325,4
2022-04-23,Siskiyou,093,43540,4463,4453,2735,7188,81
2022-04-23,Solano,095,438530,82447,81982,5647,87629,448
2022-04-23,Sonoma,097,501317,85144,84581,2841,87422,486
2022-04-23,Stanislaus,099,539301,118034,117737,17932,135669,1632
2022-04-23,Sutter,101,95872,20555,20605,2093,22698,224
2022-04-23,Tehama,103,63373,12064,12064,2577,14641,201
2022-04-23,Trinity,105,12862,1185,1177,288,1465,20
2022-04-23,Tulare,107,460477,106434,106354,27651,134005,1446
2022-04-23,Tuolumne,109,53932,12743,12664,570,13234,181
2022-04-23,Ventura,111,848112,174471,174091,9518,183609,1479
2022-04-23,Yolo,113,214977,37655,36990,3075,40065,314
2022-04-23,Yuba,115,75493,15902,15888,1204,17092,121
2022-04-22,Alameda,001,1643700,262257,259619,14276,273895,1837
2022-04-22,Alpine,003,1148,124,124,1,125,0
2022-04-22,Amador,005,37829,8558,8509,654,9163,86
2022-04-22,Butte,007,227075,33381,33105,7049,40154,411
2022-04-22,Calaveras,009,45235,7308,7296,352,7648,119
2022-04-22,Colusa,011,21464,3458,3453,1047,4500,21
2022-04-22,Contra Costa,013,1133247,194609,190611,13587,204198,1298
2022-04-22,Del Norte,015,27424,5845,5827,187,6014,50
2022-04-22,El Dorado,017,186661,26946,26837,3222,30059,209
2022-04-22,Fresno,019,978130,232396,231751,24227,255978,2744
2022-04-22,Glenn,021,27897,5007,4989,1611,6600,48
2022-04-22,Humboldt,023,135768,17154,17033,3003,20036,145
2022-04-22,Imperial,025,180216,55477,55434,10566,66000,910
2022-04-22,Inyo,027,18085,4085,4079,492,4571,56
2022-04-22,Kern,029,883053,192317,192012,45880,237892,2267
2022-04-22,Kings,031,150075,51601,51588,3524,55112,444
2022-04-22,Lake,033,64148,10752,10720,890,11610,134
2022-04-22,Lassen,035,31185,8960,8966,875,9841,65
2022-04-22,Los Angeles,037,10098052,2737739,2725630,125317,2850947,31667
2022-04-22,Madera,039,155013,37313,37333,6034,43367,354
2022-04-22,Marin,041,260295,34396,34150,2677,36827,288
2022-04-22,Mariposa,043,17540,2433,2422,204,2626,30
2022-04-22,Mendocino,045,87422,13201,13158,3068,16226,122
2022-04-22,Merced,047,269075,62604,62286,8751,71037,815
2022-04-22,Modoc,049,8938,741,745,252,997,8
2022-04-22,Mono,051,14174,2989,2986,127,3113,6
2022-04-22,Monterey,053,433212,79852,79560,13853,93413,729
2022-04-22,Napa,055,140530,26219,26093,1006,27099,143
2022-04-22,Nevada,057,99092,16082,16052,1218,17270,127
2022-04-22,Orange,059,3164182,550868,549765,41959,591724,6989
2022-04-22,Placer,061,380077,63239,63037,7389,70426,622
2022-04-22,Plumas,063,18699,2984,2934,365,3299,13
2022-04-22,Riverside,065,2383286,593931,592683,27983,620666,6450
2022-04-22,Sacramento,067,1510023,282779,280551,26678,307229,2993
2022-04-22,San Benito,069,59416,12957,12966,519,13485,98
2022-04-22,San Bernardino,071,2135413,577244,566806,25095,591901,7047
2022-04-22,San Diego,073,3302833,757640,758311,53496,811807,5233
2022-04-22,San Francisco,075,870044,129472,128323,8512,136835,857
2022-04-22,San Joaquin,077,732212,167230,166626,9986,176612,2224
2022-04-22,San Luis Obispo,079,281455,52915,52826,3812,56638,476
2022-04-22,San Mateo,081,765935,125194,124106,7247,131353,703
2022-04-22,Santa Barbara,083,443738,86692,86376,4761,91137,685
2022-04-22,Santa Clara,085,1922200,317968,317487,12670,330157,2277
2022-04-22,Santa Cruz,087,273765,48970,48255,2130,50385,261
2022-04-22,Shasta,089,179085,30637,30607,6104,36711,557
2022-04-22,Sierra,091,2930,274,276,48,324,4
2022-04-22,Siskiyou,093,43540,4463,4453,2735,7188,81
2022-04-22,Solano,095,438530,82390,81982,5645,87627,448
2022-04-22,Sonoma,097,501317,85080,84581,2837,87418,486
2022-04-22,Stanislaus,099,539301,118012,117737,17927,135664,1632
2022-04-22,Sutter,101,95872,20549,20605,2093,22698,224
2022-04-22,Tehama,103,63373,12059,12064,2576,14640,201
2022-04-22,Trinity,105,12862,1185,1177,287,1464,20
2022-04-22,Tulare,107,460477,106424,106354,27643,133997,1446
2022-04-22,Tuolumne,109,53932,12737,12664,568,13232,181
2022-04-22,Ventura,111,848112,174396,174091,9507,183598,1479
2022-04-22,Yolo,113,214977,37634,36990,3073,40063,314
2022-04-22,Yuba,115,75493,15899,15888,1203,17091,121
2022-04-21,Alameda,001,1643700,261899,259619,14236,273855,1837
2022-04-21,Alpine,003,1148,124,124,1,125,0
2022-04-21,Amador,005,37829,8555,8509,654,9163,86
2022-04-21,Butte,007,227075,33374,33105,7041,40146,411
2022-04-21,Calaveras,009,45235,7305,7296,352,7648,119
2022-04-21,Colusa,011,21464,3457,3453,1047,4500,21
2022-04-21,Contra Costa,013,1133247,194414,190611,13566,204177,1298
2022-04-21,Del Norte,015,27424,5844,5827,187,6014,50
2022-04-21,El Dorado,017,186661,26930,26837,3221,30058,209
2022-04-21,Fresno,019,978130,232354,231751,24218,255969,2744
2022-04-21,Glenn,021,27897,5007,4989,1610,6599,48
2022-04-21,Humboldt,023,135768,17131,17033,2995,20028,145
2022-04-21,Imperial,025,180216,55468,55434,10566,66000,910
2022-04-21,Inyo,027,18085,4085,4079,492,4571,56
2022-04-21,Kern,029,883053,192284,192012,45865,237877,2267
2022-04-21,Kings,031,150075,51593,51588,3524,55112,444
2022-04-21,Lake,033,64148,10749,10720,890,11610,134
2022-04-21,Lassen,035,31185,8960,8966,875,9841,65
2022-04-21,Los Angeles,037,10098052,2736090,2725630,125201,2850831,31667
2022-04-21,Madera,039,155013,37310,37333,6033,43366,354
2022-04-21,Marin,041,260295,34348,34150,2667,36817,288
2022-04-21,Mariposa,043,17540,2432,2422,204,2626,30
2022-04-21,Mendocino,045,87422,13194,13158,3065,16223,122
2022-04-21,Merced,047,269075,62586,62286,8748,71034,815
2022-04-21,Modoc,049,8938,741,745,252,997,8
2022-04-21,Mono,051,14174,2988,2986,126,3112,6
2022-04-21,Monterey,053,433212,79825,79560,13839,93399,729
2022-04-21,Napa,055,140530,26188,26093,1005,27098,143
2022-04-21,Nevada,057,99092,16078,16052,1218,17270,127
2022-04-21,Orange,059,3164182,550615,549765,41922,591687,6989
2022-04-21,Placer,061,380077,63201,63037,7385,70422,622
2022-04-21,Plumas,063,18699,2984,2934,365,3299,13
2022-04-21,Riverside,065,2383286,593771,592683,27965,620648,6450
2022-04-21,Sacramento,067,1510023,282631,280551,26658,307209,2993
2022-04-21,San Benito,069,59416,12951,12966,519,13485,98
2022-04-21,San Bernardino,071,2135413,577053,566806,25083,591889,7047
2022-04-21,San Diego,073,3302833,757215,758311,53452,811763,5233
2022-04-21,San Francisco,075,870044,129249,128323,8484,136807,857
2022-04-21,San Joaquin,077,732212,167176,166626,9981,176607,2224
2022-04-21,San Luis Obispo,079,281455,52895,52826,3805,56631,476
2022-04-21,San Mateo,081,765935,124993,124106,7227,131333,703
2022-04-21,Santa Barbara,083,443738,86633,86376,4758,91134,685
2022-04-21,Santa Clara,085,1922200,317517,317487,12648,330135,2277
2022-04-21,Santa Cruz,087,273765,48924,48255,2128,50383,261
2022-04-21,Shasta,089,179085,30629,30607,6104,36711,557
2022-04-21,Sierra,091,2930,274,276,48,324,4
2022-04-21,Siskiyou,093,43540,4463,4453,2735,7188,81
2022-04-21,Solano,095,438530,82328,81982,5638,87620,448
2022-04-21,Sonoma,097,501317,84966,84581,2817,87398,486
2022-04-21,Stanislaus,099,539301,117973,117737,17919,135656,1632
2022-04-21,Sutter,101,95872,20540,20605,2091,22696,224
2022-04-21,Tehama,103,63373,12059,12064,2576,14640,201
2022-04-21,Trinity,105,12862,1185,1177,287,1464,20
2022-04-21,Tulare,107,460477,106417,106354,27639,133993,1446
2022-04-21,Tuolumne,109,53932,12732,12664,568,13232,181
2022-04-21,Ventura,111,848112,174314,174091,9501,183592,1479
2022-04-21,Yolo,113,214977,37604,36990,3073,40063,314
2022-04-21,Yuba,115,75493,15897,15888,1203,17091,121
2022-04-20,Alameda,001,1643700,261536,258734,14206,272940,1832
2022-04-20,Alpine,003,1148,124,124,1,125,0
2022-04-20,Amador,005,37829,8553,8494,654,9148,86
2022-04-20,Butte,007,227075,33358,33083,7034,40117,408
2022-04-20,Calaveras,009,45235,7299,7288,351,7639,119
2022-04-20,Colusa,011,21464,3457,3453,1047,4500,21
2022-04-20,Contra Costa,013,1133247,194179,190042,13541,203583,1299
2022-04-20,Del Norte,015,27424,5838,5814,187,6001,50
2022-04-20,El Dorado,017,186661,26915,26821,3216,30037,209
2022-04-20,Fresno,019,978130,232304,231568,24217,255785,2740
2022-04-20,Glenn,021,27897,5006,4988,1607,6595,48
2022-04-20,Humboldt,023,135768,17109,16976,2991,19967,145
2022-04-20,Imperial,025,180216,55460,55405,10563,65968,910
2022-04-20,Inyo,027,18085,4085,4075,491,4566,56
2022-04-20,Kern,029,883053,192249,191915,45849,237764,2262
2022-04-20,Kings,031,150075,51584,51571,3522,55093,445
2022-04-20,Lake,033,64148,10749,10711,890,11601,134
2022-04-20,Lassen,035,31185,8960,8951,875,9826,65
2022-04-20,Los Angeles,037,10098052,2734352,2721699,125079,2846778,31630
2022-04-20,Madera,039,155013,37307,37333,6030,43363,354
2022-04-20,Marin,041,260295,34307,33985,2644,36629,288
2022-04-20,Mariposa,043,17540,2430,2412,204,2616,30
2022-04-20,Mendocino,045,87422,13188,13128,3057,16185,122
2022-04-20,Merced,047,269075,62576,62322,8735,71057,813
2022-04-20,Modoc,049,8938,741,744,252,996,8
2022-04-20,Mono,051,14174,2988,2984,126,3110,6
2022-04-20,Monterey,053,433212,79780,79419,13820,93239,727
2022-04-20,Napa,055,140530,26154,26016,1001,27017,143
2022-04-20,Nevada,057,99092,16068,16034,1215,17249,127
2022-04-20,Orange,059,3164182,550287,549136,41875,591011,6963
2022-04-20,Placer,061,380077,63175,62928,7380,70308,619
2022-04-20,Plumas,063,18699,2984,2932,365,3297,13
2022-04-20,Riverside,065,2383286,593578,592224,27943,620167,6447
2022-04-20,Sacramento,067,1510023,282488,279326,26641,305967,2987
2022-04-20,San Benito,069,59416,12945,12971,516,13487,98
2022-04-20,San Bernardino,071,2135413,576846,565405,25066,590471,6977
2022-04-20,San Diego,073,3302833,756773,757138,53392,810530,5231
2022-04-20,San Francisco,075,870044,128942,127594,8466,136060,854
2022-04-20,San Joaquin,077,732212,167105,166531,9974,176505,2222
2022-04-20,San Luis Obispo,079,281455,52868,52740,3798,56538,476
2022-04-20,San Mateo,081,765935,124775,123279,7195,130474,701
2022-04-20,Santa Barbara,083,443738,86597,86214,4752,90966,685
2022-04-20,Santa Clara,085,1922200,317106,316355,12610,328965,2274
2022-04-20,Santa Cruz,087,273765,48860,47997,2124,50121,261
2022-04-20,Shasta,089,179085,30626,30590,6103,36693,554
2022-04-20,Sierra,091,2930,274,276,48,324,4
2022-04-20,Siskiyou,093,43540,4462,4446,2734,7180,80
2022-04-20,Solano,095,438530,82257,81841,5635,87476,447
2022-04-20,Sonoma,097,501317,84878,84429,2793,87222,485
2022-04-20,Stanislaus,099,539301,117937,117540,17908,135448,1630
2022-04-20,Sutter,101,95872,20533,20632,2091,22723,224
2022-04-20,Tehama,103,63373,12057,12061,2576,14637,199
2022-04-20,Trinity,105,12862,1185,1178,287,1465,20
2022-04-20,Tulare,107,460477,106409,105974,27628,133602,1439
2022-04-20,Tuolumne,109,53932,12727,12648,567,13215,180
2022-04-20,Ventura,111,848112,174226,173904,9492,183396,1475
2022-04-20,Yolo,113,214977,37554,36785,3070,39855,311
2022-04-20,Yuba,115,75493,15893,15868,1201,17069,121
2022-04-19,Alameda,001,1643700,261176,258734,14174,272908,1832
2022-04-19,Alpine,003,1148,124,124,1,125,0
2022-04-19,Amador,005,37829,8549,8494,651,9145,86
2022-04-19,Butte,007,227075,33351,33083,7030,40113,408
2022-04-19,Calaveras,009,45235,7296,7288,351,7639,119
2022-04-19,Colusa,011,21464,3457,3453,1047,4500,21
2022-04-19,Contra Costa,013,1133247,193933,190042,13523,203565,1299
2022-04-19,Del Norte,015,27424,5836,5814,185,5999,50
2022-04-19,El Dorado,017,186661,26900,26821,3213,30034,209
2022-04-19,Fresno,019,978130,232249,231568,24207,255775,2740
2022-04-19,Glenn,021,27897,5005,4988,1607,6595,48
2022-04-19,Humboldt,023,135768,17072,16976,2980,19956,145
2022-04-19,Imperial,025,180216,55453,55405,10560,65965,910
2022-04-19,Inyo,027,18085,4082,4075,491,4566,56
2022-04-19,Kern,029,883053,192213,191915,45839,237754,2262
2022-04-19,Kings,031,150075,51570,51571,3521,55092,445
2022-04-19,Lake,033,64148,10745,10711,889,11600,134
2022-04-19,Lassen,035,31185,8960,8951,875,9826,65
2022-04-19,Los Angeles,037,10098052,2732559,2721699,124951,2846650,31630
2022-04-19,Madera,039,155013,37304,37333,6029,43362,354
2022-04-19,Marin,041,260295,34257,33985,2628,36613,288
2022-04-19,Mariposa,043,17540,2430,2412,203,2615,30
2022-04-19,Mendocino,045,87422,13180,13128,3046,16174,122
2022-04-19,Merced,047,269075,62557,62322,8731,71053,813
2022-04-19,Modoc,049,8938,741,744,252,996,8
2022-04-19,Mono,051,14174,2988,2984,126,3110,6
2022-04-19,Monterey,053,433212,79761,79419,13807,93226,727
2022-04-19,Napa,055,140530,26131,26016,992,27008,143
2022-04-19,Nevada,057,99092,16062,16034,1213,17247,127
2022-04-19,Orange,059,3164182,550008,549136,41831,590967,6963
2022-04-19,Placer,061,380077,63143,62928,7375,70303,619
2022-04-19,Plumas,063,18699,2984,2932,365,3297,13
2022-04-19,Riverside,065,2383286,593395,592224,27931,620155,6447
2022-04-19,Sacramento,067,1510023,282314,279326,26618,305944,2987
2022-04-19,San Benito,069,59416,12939,12971,515,13486,98
2022-04-19,San Bernardino,071,2135413,576632,565405,25044,590449,6977
2022-04-19,San Diego,073,3302833,756307,757138,53327,810465,5231
2022-04-19,San Francisco,075,870044,128609,127594,8449,136043,854
2022-04-19,San Joaquin,077,732212,167055,166531,9970,176501,2222
2022-04-19,San Luis Obispo,079,281455,52832,52740,3792,56532,476
2022-04-19,San Mateo,081,765935,124544,123279,7174,130453,701
2022-04-19,Santa Barbara,083,443738,86543,86214,4744,90958,685
2022-04-19,Santa Clara,085,1922200,316686,316355,12581,328936,2274
2022-04-19,Santa Cruz,087,273765,48805,47997,2122,50119,261
2022-04-19,Shasta,089,179085,30614,30590,6102,36692,554
2022-04-19,Sierra,091,2930,274,276,48,324,4
2022-04-19,Siskiyou,093,43540,4461,4446,2732,7178,80
2022-04-19,Solano,095,438530,82173,81841,5628,87469,447
2022-04-19,Sonoma,097,501317,84776,84429,2764,87193,485
2022-04-19,Stanislaus,099,539301,117911,117540,17903,135443,1630
2022-04-19,Sutter,101,95872,20533,20632,2091,22723,224
2022-04-19,Tehama,103,63373,12056,12061,2576,14637,199
2022-04-19,Trinity,105,12862,1184,1178,287,1465,20
2022-04-19,Tulare,107,460477,106394,105974,27622,133596,1439
2022-04-19,Tuolumne,109,53932,12725,12648,567,13215,180
2022-04-19,Ventura,111,848112,174133,173904,9479,183383,1475
2022-04-19,Yolo,113,214977,37509,36785,3068,39853,311
2022-04-19,Yuba,115,75493,15886,15868,1201,17069,121
2022-04-18,Alameda,001,1643700,260794,258734,14151,272885,1832
2022-04-18,Alpine,003,1148,124,124,1,125,0
2022-04-18,Amador,005,37829,8548,8494,650,9144,86
2022-04-18,Butte,007,227075,33347,33083,7025,40108,408
2022-04-18,Calaveras,009,45235,7292,7288,350,7638,119
2022-04-18,Colusa,011,21464,3456,3453,1047,4500,21
2022-04-18,Contra Costa,013,1133247,193698,190042,13498,203540,1299
2022-04-18,Del Norte,015,27424,5831,5814,185,5999,50
2022-04-18,El Dorado,017,186661,26883,26821,3210,30031,209
2022-04-18,Fresno,019,978130,232207,231568,24196,255764,2740
2022-04-18,Glenn,021,27897,5005,4988,1606,6594,48
2022-04-18,Humboldt,023,135768,17043,16976,2977,19953,145
2022-04-18,Imperial,025,180216,55441,55405,10558,65963,910
2022-04-18,Inyo,027,18085,4082,4075,491,4566,56
2022-04-18,Kern,029,883053,192168,191915,45827,237742,2262
2022-04-18,Kings,031,150075,51565,51571,3521,55092,445
2022-04-18,Lake,033,64148,10741,10711,888,11599,134
2022-04-18,Lassen,035,31185,8960,8951,875,9826,65
2022-04-18,Los Angeles,037,10098052,2730726,2721699,124838,2846537,31630
2022-04-18,Madera,039,155013,37296,37333,6028,43361,354
2022-04-18,Marin,041,260295,34193,33985,2605,36590,288
2022-04-18,Mariposa,043,17540,2428,2412,203,2615,30
2022-04-18,Mendocino,045,87422,13163,13128,3041,16169,122
2022-04-18,Merced,047,269075,62545,62322,8725,71047,813
2022-04-18,Modoc,049,8938,740,744,252,996,8
2022-04-18,Mono,051,14174,2987,2984,126,3110,6
2022-04-18,Monterey,053,433212,79688,79419,13791,93210,727
2022-04-18,Napa,055,140530,26095,26016,991,27007,143
2022-04-18,Nevada,057,99092,16052,16034,1211,17245,127
2022-04-18,Orange,059,3164182,549720,549136,41796,590932,6963
2022-04-18,Placer,061,380077,63110,62928,7373,70301,619
2022-04-18,Plumas,063,18699,2984,2932,365,3297,13
2022-04-18,Riverside,065,2383286,593186,592224,27911,620135,6447
2022-04-18,Sacramento,067,1510023,282159,279326,26606,305932,2987
2022-04-18,San Benito,069,59416,12933,12971,515,13486,98
2022-04-18,San Bernardino,071,2135413,576420,565405,25026,590431,6977
2022-04-18,San Diego,073,3302833,755837,757138,53268,810406,5231
2022-04-18,San Francisco,075,870044,128292,127594,8437,136031,854
2022-04-18,San Joaquin,077,732212,166995,166531,9963,176494,2222
2022-04-18,San Luis Obispo,079,281455,52803,52740,3787,56527,476
2022-04-18,San Mateo,081,765935,124312,123279,7154,130433,701
2022-04-18,Santa Barbara,083,443738,86472,86214,4739,90953,685
2022-04-18,Santa Clara,085,1922200,316240,316355,12557,328912,2274
2022-04-18,Santa Cruz,087,273765,48700,47997,2120,50117,261
2022-04-18,Shasta,089,179085,30608,30590,6099,36689,554
2022-04-18,Sierra,091,2930,274,276,48,324,4
2022-04-18,Siskiyou,093,43540,4460,4446,2731,7177,80
2022-04-18,Solano,095,438530,82108,81841,5622,87463,447
2022-04-18,Sonoma,097,501317,84676,84429,2749,87178,485
2022-04-18,Stanislaus,099,539301,117881,117540,17900,135440,1630
2022-04-18,Sutter,101,95872,20531,20632,2089,22721,224
2022-04-18,Tehama,103,63373,12052,12061,2576,14637,199
2022-04-18,Trinity,105,12862,1184,1178,287,1465,20
2022-04-18,Tulare,107,460477,106379,105974,27614,133588,1439
2022-04-18,Tuolumne,109,53932,12718,12648,566,13214,180
2022-04-18,Ventura,111,848112,174042,173904,9469,183373,1475
2022-04-18,Yolo,113,214977,37451,36785,3068,39853,311
2022-04-18,Yuba,115,75493,15877,15868,1200,17068,121
2022-04-17,Alameda,001,1643700,260402,257897,14125,272022,1829
2022-04-17,Alpine,003,1148,124,124,1,125,0
2022-04-17,Amador,005,37829,8543,8491,648,9139,86
2022-04-17,Butte,007,227075,33344,33053,7022,40075,405
2022-04-17,Calaveras,009,45235,7289,7275,349,7624,119
2022-04-17,Colusa,011,21464,3455,3450,1047,4497,21
2022-04-17,Contra Costa,013,1133247,193470,189742,13462,203204,1298
2022-04-17,Del Norte,015,27424,5826,5809,185,5994,50
2022-04-17,El Dorado,017,186661,26871,26796,3208,30004,209
2022-04-17,Fresno,019,978130,232130,231455,24191,255646,2739
2022-04-17,Glenn,021,27897,5005,4991,1606,6597,48
2022-04-17,Humboldt,023,135768,17008,16929,2971,19900,143
2022-04-17,Imperial,025,180216,55432,55371,10556,65927,910
2022-04-17,Inyo,027,18085,4080,4075,491,4566,56
2022-04-17,Kern,029,883053,192133,191866,45812,237678,2258
2022-04-17,Kings,031,150075,51554,51544,3519,55063,445
2022-04-17,Lake,033,64148,10740,10702,888,11590,134
2022-04-17,Lassen,035,31185,8960,8950,875,9825,65
2022-04-17,Los Angeles,037,10098052,2728733,2717479,124720,2842199,31598
2022-04-17,Madera,039,155013,37290,37362,6028,43390,354
2022-04-17,Marin,041,260295,34126,33829,2575,36404,288
2022-04-17,Mariposa,043,17540,2420,2406,203,2609,30
2022-04-17,Mendocino,045,87422,13148,13107,3037,16144,122
2022-04-17,Merced,047,269075,62525,62295,8719,71014,813
2022-04-17,Modoc,049,8938,740,743,252,995,8
2022-04-17,Mono,051,14174,2986,2977,126,3103,6
2022-04-17,Monterey,053,433212,79655,79311,13771,93082,727
2022-04-17,Napa,055,140530,26051,25929,985,26914,143
2022-04-17,Nevada,057,99092,16036,16014,1206,17220,123
2022-04-17,Orange,059,3164182,549358,548311,41745,590056,6945
2022-04-17,Placer,061,380077,63070,62882,7366,70248,618
2022-04-17,Plumas,063,18699,2984,2929,365,3294,13
2022-04-17,Riverside,065,2383286,592965,591772,27891,619663,6443
2022-04-17,Sacramento,067,1510023,281998,278523,26581,305104,2978
2022-04-17,San Benito,069,59416,12930,12926,514,13440,98
2022-04-17,San Bernardino,071,2135413,576182,564397,25012,589409,6948
2022-04-17,San Diego,073,3302833,755347,756165,53200,809365,5229
2022-04-17,San Francisco,075,870044,127974,126976,8421,135397,854
2022-04-17,San Joaquin,077,732212,166945,166645,9957,176602,2220
2022-04-17,San Luis Obispo,079,281455,52734,52698,3782,56480,476
2022-04-17,San Mateo,081,765935,124076,122652,7138,129790,699
2022-04-17,Santa Barbara,083,443738,86414,86030,4732,90762,684
2022-04-17,Santa Clara,085,1922200,315747,315296,12530,327826,2268
2022-04-17,Santa Cruz,087,273765,48578,47895,2118,50013,261
2022-04-17,Shasta,089,179085,30597,30578,6095,36673,554
2022-04-17,Sierra,091,2930,274,276,48,324,4
2022-04-17,Siskiyou,093,43540,4455,4444,2730,7174,80
2022-04-17,Solano,095,438530,82041,81781,5616,87397,447
2022-04-17,Sonoma,097,501317,84564,84172,2742,86914,485
2022-04-17,Stanislaus,099,539301,117851,117567,17893,135460,1619
2022-04-17,Sutter,101,95872,20526,20621,2088,22709,224
2022-04-17,Tehama,103,63373,12051,12061,2576,14637,199
2022-04-17,Trinity,105,12862,1183,1178,287,1465,20
2022-04-17,Tulare,107,460477,106365,105757,27605,133362,1428
2022-04-17,Tuolumne,109,53932,12712,12640,566,13206,180
2022-04-17,Ventura,111,848112,173945,173665,9450,183115,1474
2022-04-17,Yolo,113,214977,37402,36752,3066,39818,311
2022-04-17,Yuba,115,75493,15871,15857,1200,17057,121
2022-04-16,Alameda,001,1643700,260250,257897,14115,272012,1829
2022-04-16,Alpine,003,1148,124,124,1,125,0
2022-04-16,Amador,005,37829,8541,8491,648,9139,86
2022-04-16,Butte,007,227075,33340,33053,7020,40073,405
2022-04-16,Calaveras,009,45235,7287,7275,349,7624,119
2022-04-16,Colusa,011,21464,3455,3450,1047,4497,21
2022-04-16,Contra Costa,013,1133247,193379,189742,13456,203198,1298
2022-04-16,Del Norte,015,27424,5826,5809,185,5994,50
2022-04-16,El Dorado,017,186661,26860,26796,3208,30004,209
2022-04-16,Fresno,019,978130,232102,231455,24190,255645,2739
2022-04-16,Glenn,021,27897,5005,4991,1606,6597,48
2022-04-16,Humboldt,023,135768,17000,16929,2966,19895,143
2022-04-16,Imperial,025,180216,55426,55371,10555,65926,910
2022-04-16,Inyo,027,18085,4080,4075,491,4566,56
2022-04-16,Kern,029,883053,192122,191866,45800,237666,2258
2022-04-16,Kings,031,150075,51551,51544,3519,55063,445
2022-04-16,Lake,033,64148,10738,10702,888,11590,134
2022-04-16,Lassen,035,31185,8960,8950,875,9825,65
2022-04-16,Los Angeles,037,10098052,2728013,2717479,124669,2842148,31598
2022-04-16,Madera,039,155013,37288,37362,6028,43390,354
2022-04-16,Marin,041,260295,34088,33829,2549,36378,288
2022-04-16,Mariposa,043,17540,2419,2406,203,2609,30
2022-04-16,Mendocino,045,87422,13142,13107,3037,16144,122
2022-04-16,Merced,047,269075,62522,62295,8718,71013,813
2022-04-16,Modoc,049,8938,740,743,252,995,8
2022-04-16,Mono,051,14174,2986,2977,126,3103,6
2022-04-16,Monterey,053,433212,79640,79311,13762,93073,727
2022-04-16,Napa,055,140530,26028,25929,983,26912,143
2022-04-16,Nevada,057,99092,16033,16014,1203,17217,123
2022-04-16,Orange,059,3164182,549242,548311,41715,590026,6945
2022-04-16,Placer,061,380077,63054,62882,7364,70246,618
2022-04-16,Plumas,063,18699,2982,2929,365,3294,13
2022-04-16,Riverside,065,2383286,592885,591772,27885,619657,6443
2022-04-16,Sacramento,067,1510023,281947,278523,26577,305100,2978
2022-04-16,San Benito,069,59416,12929,12926,514,13440,98
2022-04-16,San Bernardino,071,2135413,576082,564397,25008,589405,6948
2022-04-16,San Diego,073,3302833,755200,756165,53186,809351,5229
2022-04-16,San Francisco,075,870044,127818,126976,8412,135388,854
2022-04-16,San Joaquin,077,732212,166905,166645,9953,176598,2220
2022-04-16,San Luis Obispo,079,281455,52728,52698,3781,56479,476
2022-04-16,San Mateo,081,765935,123980,122652,7131,129783,699
2022-04-16,Santa Barbara,083,443738,86384,86030,4732,90762,684
2022-04-16,Santa Clara,085,1922200,315506,315296,12522,327818,2268
2022-04-16,Santa Cruz,087,273765,48550,47895,2118,50013,261
2022-04-16,Shasta,089,179085,30593,30578,6095,36673,554
2022-04-16,Sierra,091,2930,274,276,48,324,4
2022-04-16,Siskiyou,093,43540,4455,4444,2730,7174,80
2022-04-16,Solano,095,438530,82026,81781,5614,87395,447
2022-04-16,Sonoma,097,501317,84515,84172,2733,86905,485
2022-04-16,Stanislaus,099,539301,117831,117567,17888,135455,1619
2022-04-16,Sutter,101,95872,20522,20621,2088,22709,224
2022-04-16,Tehama,103,63373,12050,12061,2576,14637,199
2022-04-16,Trinity,105,12862,1183,1178,287,1465,20
2022-04-16,Tulare,107,460477,106355,105757,27603,133360,1428
2022-04-16,Tuolumne,109,53932,12711,12640,566,13206,180
2022-04-16,Ventura,111,848112,173917,173665,9446,183111,1474
2022-04-16,Yolo,113,214977,37393,36752,3065,39817,311
2022-04-16,Yuba,115,75493,15867,15857,1200,17057,121
2022-04-15,Alameda,001,1643700,260069,257897,14107,272004,1829
2022-04-15,Alpine,003,1148,124,124,1,125,0
2022-04-15,Amador,005,37829,8540,8491,646,9137,86
2022-04-15,Butte,007,227075,33338,33053,7018,40071,405
2022-04-15,Calaveras,009,45235,7285,7275,349,7624,119
2022-04-15,Colusa,011,21464,3455,3450,1047,4497,21
2022-04-15,Contra Costa,013,1133247,193262,189742,13449,203191,1298
2022-04-15,Del Norte,015,27424,5825,5809,185,5994,50
2022-04-15,El Dorado,017,186661,26846,26796,3207,30003,209
2022-04-15,Fresno,019,978130,232073,231455,24189,255644,2739
2022-04-15,Glenn,021,27897,5004,4991,1606,6597,48
2022-04-15,Humboldt,023,135768,16988,16929,2965,19894,143
2022-04-15,Imperial,025,180216,55424,55371,10555,65926,910
2022-04-15,Inyo,027,18085,4080,4075,490,4565,56
2022-04-15,Kern,029,883053,192107,191866,45790,237656,2258
2022-04-15,Kings,031,150075,51547,51544,3519,55063,445
2022-04-15,Lake,033,64148,10733,10702,888,11590,134
2022-04-15,Lassen,035,31185,8960,8950,875,9825,65
2022-04-15,Los Angeles,037,10098052,2727236,2717479,124603,2842082,31598
2022-04-15,Madera,039,155013,37286,37362,6028,43390,354
2022-04-15,Marin,041,260295,34054,33829,2528,36357,288
2022-04-15,Mariposa,043,17540,2418,2406,203,2609,30
2022-04-15,Mendocino,045,87422,13136,13107,3035,16142,122
2022-04-15,Merced,047,269075,62518,62295,8718,71013,813
2022-04-15,Modoc,049,8938,740,743,252,995,8
2022-04-15,Mono,051,14174,2981,2977,125,3102,6
2022-04-15,Monterey,053,433212,79613,79311,13756,93067,727
2022-04-15,Napa,055,140530,26011,25929,982,26911,143
2022-04-15,Nevada,057,99092,16031,16014,1202,17216,123
2022-04-15,Orange,059,3164182,549121,548311,41683,589994,6945
2022-04-15,Placer,061,380077,63039,62882,7363,70245,618
2022-04-15,Plumas,063,18699,2982,2929,365,3294,13
2022-04-15,Riverside,065,2383286,592784,591772,27879,619651,6443
2022-04-15,Sacramento,067,1510023,281868,278523,26573,305096,2978
2022-04-15,San Benito,069,59416,12927,12926,513,13439,98
2022-04-15,San Bernardino,071,2135413,576000,564397,25005,589402,6948
2022-04-15,San Diego,073,3302833,755006,756165,53167,809332,5229
2022-04-15,San Francisco,075,870044,127669,126976,8397,135373,854
2022-04-15,San Joaquin,077,732212,166882,166645,9951,176596,2220
2022-04-15,San Luis Obispo,079,281455,52720,52698,3781,56479,476
2022-04-15,San Mateo,081,765935,123849,122652,7120,129772,699
2022-04-15,Santa Barbara,083,443738,86351,86030,4731,90761,684
2022-04-15,Santa Clara,085,1922200,315216,315296,12514,327810,2268
2022-04-15,Santa Cruz,087,273765,48522,47895,2117,50012,261
2022-04-15,Shasta,089,179085,30584,30578,6095,36673,554
2022-04-15,Sierra,091,2930,274,276,48,324,4
2022-04-15,Siskiyou,093,43540,4453,4444,2730,7174,80
2022-04-15,Solano,095,438530,82001,81781,5614,87395,447
2022-04-15,Sonoma,097,501317,84462,84172,2717,86889,485
2022-04-15,Stanislaus,099,539301,117811,117567,17886,135453,1619
2022-04-15,Sutter,101,95872,20519,20621,2088,22709,224
2022-04-15,Tehama,103,63373,12050,12061,2576,14637,199
2022-04-15,Trinity,105,12862,1183,1178,287,1465,20
2022-04-15,Tulare,107,460477,106349,105757,27596,133353,1428
2022-04-15,Tuolumne,109,53932,12708,12640,563,13203,180
2022-04-15,Ventura,111,848112,173888,173665,9440,183105,1474
2022-04-15,Yolo,113,214977,37376,36752,3065,39817,311
2022-04-15,Yuba,115,75493,15864,15857,1200,17057,121
2022-04-14,Alameda,001,1643700,259804,257897,14097,271994,1829
2022-04-14,Alpine,003,1148,124,124,1,125,0
2022-04-14,Amador,005,37829,8540,8491,646,9137,86
2022-04-14,Butte,007,227075,33333,33053,7015,40068,405
2022-04-14,Calaveras,009,45235,7284,7275,349,7624,119
2022-04-14,Colusa,011,21464,3455,3450,1047,4497,21
2022-04-14,Contra Costa,013,1133247,193106,189742,13437,203179,1298
2022-04-14,Del Norte,015,27424,5823,5809,185,5994,50
2022-04-14,El Dorado,017,186661,26843,26796,3205,30001,209
2022-04-14,Fresno,019,978130,232046,231455,24188,255643,2739
2022-04-14,Glenn,021,27897,5004,4991,1604,6595,48
2022-04-14,Humboldt,023,135768,16974,16929,2964,19893,143
2022-04-14,Imperial,025,180216,55414,55371,10555,65926,910
2022-04-14,Inyo,027,18085,4080,4075,489,4564,56
2022-04-14,Kern,029,883053,192088,191866,45782,237648,2258
2022-04-14,Kings,031,150075,51539,51544,3519,55063,445
2022-04-14,Lake,033,64148,10732,10702,888,11590,134
2022-04-14,Lassen,035,31185,8960,8950,874,9824,65
2022-04-14,Los Angeles,037,10098052,2726146,2717479,124513,2841992,31598
2022-04-14,Madera,039,155013,37284,37362,6028,43390,354
2022-04-14,Marin,041,260295,34021,33829,2500,36329,288
2022-04-14,Mariposa,043,17540,2417,2406,203,2609,30
2022-04-14,Mendocino,045,87422,13131,13107,3035,16142,122
2022-04-14,Merced,047,269075,62514,62295,8717,71012,813
2022-04-14,Modoc,049,8938,739,743,252,995,8
2022-04-14,Mono,051,14174,2981,2977,124,3101,6
2022-04-14,Monterey,053,433212,79588,79311,13751,93062,727
2022-04-14,Napa,055,140530,25989,25929,981,26910,143
2022-04-14,Nevada,057,99092,16024,16014,1201,17215,123
2022-04-14,Orange,059,3164182,548931,548311,41654,589965,6945
2022-04-14,Placer,061,380077,63021,62882,7358,70240,618
2022-04-14,Plumas,063,18699,2982,2929,365,3294,13
2022-04-14,Riverside,065,2383286,592664,591772,27869,619641,6443
2022-04-14,Sacramento,067,1510023,281749,278523,26559,305082,2978
2022-04-14,San Benito,069,59416,12921,12926,513,13439,98
2022-04-14,San Bernardino,071,2135413,575829,564397,25000,589397,6948
2022-04-14,San Diego,073,3302833,754728,756165,53129,809294,5229
2022-04-14,San Francisco,075,870044,127467,126976,8385,135361,854
2022-04-14,San Joaquin,077,732212,166850,166645,9950,176595,2220
2022-04-14,San Luis Obispo,079,281455,52704,52698,3777,56475,476
2022-04-14,San Mateo,081,765935,123694,122652,7102,129754,699
2022-04-14,Santa Barbara,083,443738,86306,86030,4729,90759,684
2022-04-14,Santa Clara,085,1922200,314917,315296,12505,327801,2268
2022-04-14,Santa Cruz,087,273765,48492,47895,2116,50011,261
2022-04-14,Shasta,089,179085,30582,30578,6094,36672,554
2022-04-14,Sierra,091,2930,274,276,48,324,4
2022-04-14,Siskiyou,093,43540,4453,4444,2729,7173,80
2022-04-14,Solano,095,438530,81961,81781,5608,87389,447
2022-04-14,Sonoma,097,501317,84371,84172,2712,86884,485
2022-04-14,Stanislaus,099,539301,117791,117567,17883,135450,1619
2022-04-14,Sutter,101,95872,20517,20621,2079,22700,224
2022-04-14,Tehama,103,63373,12049,12061,2575,14636,199
2022-04-14,Trinity,105,12862,1183,1178,287,1465,20
2022-04-14,Tulare,107,460477,106335,105757,27592,133349,1428
2022-04-14,Tuolumne,109,53932,12704,12640,562,13202,180
2022-04-14,Ventura,111,848112,173839,173665,9434,183099,1474
2022-04-14,Yolo,113,214977,37349,36752,3062,39814,311
2022-04-14,Yuba,115,75493,15861,15857,1200,17057,121
2022-04-13,Alameda,001,1643700,259553,257440,14077,271517,1833
2022-04-13,Alpine,003,1148,124,124,1,125,0
2022-04-13,Amador,005,37829,8538,8490,646,9136,86
2022-04-13,Butte,007,227075,33324,33044,7015,40059,402
2022-04-13,Calaveras,009,45235,7283,7270,349,7619,119
2022-04-13,Colusa,011,21464,3455,3451,1047,4498,21
2022-04-13,Contra Costa,013,1133247,192973,189471,13423,202894,1298
2022-04-13,Del Norte,015,27424,5821,5812,185,5997,50
2022-04-13,El Dorado,017,186661,26839,26794,3205,29999,208
2022-04-13,Fresno,019,978130,232013,231325,24176,255501,2738
2022-04-13,Glenn,021,27897,5002,4989,1604,6593,48
2022-04-13,Humboldt,023,135768,16960,16922,2963,19885,143
2022-04-13,Imperial,025,180216,55401,55353,10553,65906,910
2022-04-13,Inyo,027,18085,4080,4074,486,4560,56
2022-04-13,Kern,029,883053,192063,191859,45776,237635,2249
2022-04-13,Kings,031,150075,51533,51535,3519,55054,443
2022-04-13,Lake,033,64148,10730,10695,888,11583,134
2022-04-13,Lassen,035,31185,8959,8949,874,9823,65
2022-04-13,Los Angeles,037,10098052,2724878,2715722,124437,2840159,31578
2022-04-13,Madera,039,155013,37281,37361,6028,43389,354
2022-04-13,Marin,041,260295,33982,33747,2471,36218,288
2022-04-13,Mariposa,043,17540,2411,2402,203,2605,29
2022-04-13,Mendocino,045,87422,13122,13101,3033,16134,120
2022-04-13,Merced,047,269075,62504,62276,8716,70992,811
2022-04-13,Modoc,049,8938,739,743,252,995,8
2022-04-13,Mono,051,14174,2979,2971,124,3095,6
2022-04-13,Monterey,053,433212,79575,79179,13744,92923,727
2022-04-13,Napa,055,140530,25972,25892,978,26870,143
2022-04-13,Nevada,057,99092,16018,16002,1201,17203,123
2022-04-13,Orange,059,3164182,548736,547783,41630,589413,6935
2022-04-13,Placer,061,380077,62994,62851,7355,70206,615
2022-04-13,Plumas,063,18699,2981,2923,365,3288,13
2022-04-13,Riverside,065,2383286,592525,591659,27862,619521,6437
2022-04-13,Sacramento,067,1510023,281664,277866,26556,304422,2974
2022-04-13,San Benito,069,59416,12915,12927,513,13440,98
2022-04-13,San Bernardino,071,2135413,575684,563709,24995,588704,6905
2022-04-13,San Diego,073,3302833,754444,755584,53097,808681,5223
2022-04-13,San Francisco,075,870044,127298,126608,8365,134973,850
2022-04-13,San Joaquin,077,732212,166815,166654,9948,176602,2219
2022-04-13,San Luis Obispo,079,281455,52680,52660,3777,56437,476
2022-04-13,San Mateo,081,765935,123543,122167,7078,129245,699
2022-04-13,Santa Barbara,083,443738,86268,85938,4724,90662,684
2022-04-13,Santa Clara,085,1922200,314648,314863,12488,327351,2267
2022-04-13,Santa Cruz,087,273765,48438,47765,2115,49880,260
2022-04-13,Shasta,089,179085,30580,30569,6094,36663,551
2022-04-13,Sierra,091,2930,274,276,48,324,4
2022-04-13,Siskiyou,093,43540,4452,4444,2728,7172,80
2022-04-13,Solano,095,438530,81923,81843,5605,87448,448
2022-04-13,Sonoma,097,501317,84301,84033,2698,86731,485
2022-04-13,Stanislaus,099,539301,117773,117573,17878,135451,1577
2022-04-13,Sutter,101,95872,20513,20610,2079,22689,223
2022-04-13,Tehama,103,63373,12048,12062,2574,14636,200
2022-04-13,Trinity,105,12862,1183,1177,287,1464,20
2022-04-13,Tulare,107,460477,106328,105519,27587,133106,1426
2022-04-13,Tuolumne,109,53932,12698,12639,562,13201,180
2022-04-13,Ventura,111,848112,173782,173558,9428,182986,1474
2022-04-13,Yolo,113,214977,37310,36684,3060,39744,311
2022-04-13,Yuba,115,75493,15857,15851,1200,17051,121
2022-04-12,Alameda,001,1643700,259309,257440,14068,271508,1833
2022-04-12,Alpine,003,1148,124,124,1,125,0
2022-04-12,Amador,005,37829,8537,8490,646,9136,86
2022-04-12,Butte,007,227075,33312,33044,7009,40053,402
2022-04-12,Calaveras,009,45235,7279,7270,348,7618,119
2022-04-12,Colusa,011,21464,3455,3451,1047,4498,21
2022-04-12,Contra Costa,013,1133247,192819,189471,13409,202880,1298
2022-04-12,Del Norte,015,27424,5818,5812,185,5997,50
2022-04-12,El Dorado,017,186661,26827,26794,3205,29999,208
2022-04-12,Fresno,019,978130,231983,231325,24169,255494,2738
2022-04-12,Glenn,021,27897,5002,4989,1604,6593,48
2022-04-12,Humboldt,023,135768,16952,16922,2961,19883,143
2022-04-12,Imperial,025,180216,55397,55353,10544,65897,910
2022-04-12,Inyo,027,18085,4080,4074,486,4560,56
2022-04-12,Kern,029,883053,192043,191859,45767,237626,2249
2022-04-12,Kings,031,150075,51525,51535,3517,55052,443
2022-04-12,Lake,033,64148,10726,10695,887,11582,134
2022-04-12,Lassen,035,31185,8959,8949,874,9823,65
2022-04-12,Los Angeles,037,10098052,2723633,2715722,124335,2840057,31578
2022-04-12,Madera,039,155013,37280,37361,6028,43389,354
2022-04-12,Marin,041,260295,33937,33747,2444,36191,288
2022-04-12,Mariposa,043,17540,2411,2402,203,2605,29
2022-04-12,Mendocino,045,87422,13114,13101,3027,16128,120
2022-04-12,Merced,047,269075,62490,62276,8714,70990,811
2022-04-12,Modoc,049,8938,739,743,251,994,8
2022-04-12,Mono,051,14174,2979,2971,124,3095,6
2022-04-12,Monterey,053,433212,79551,79179,13737,92916,727
2022-04-12,Napa,055,140530,25949,25892,968,26860,143
2022-04-12,Nevada,057,99092,16015,16002,1200,17202,123
2022-04-12,Orange,059,3164182,548485,547783,41596,589379,6935
2022-04-12,Placer,061,380077,62971,62851,7349,70200,615
2022-04-12,Plumas,063,18699,2980,2923,365,3288,13
2022-04-12,Riverside,065,2383286,592382,591659,27842,619501,6437
2022-04-12,Sacramento,067,1510023,281549,277866,26554,304420,2974
2022-04-12,San Benito,069,59416,12910,12927,512,13439,98
2022-04-12,San Bernardino,071,2135413,575509,563709,24992,588701,6905
2022-04-12,San Diego,073,3302833,754111,755584,53055,808639,5223
2022-04-12,San Francisco,075,870044,127085,126608,8351,134959,850
2022-04-12,San Joaquin,077,732212,166785,166654,9946,176600,2219
2022-04-12,San Luis Obispo,079,281455,52646,52660,3771,56431,476
2022-04-12,San Mateo,081,765935,123386,122167,7056,129223,699
2022-04-12,Santa Barbara,083,443738,86222,85938,4720,90658,684
2022-04-12,Santa Clara,085,1922200,314357,314863,12477,327340,2267
2022-04-12,Santa Cruz,087,273765,48359,47765,2112,49877,260
2022-04-12,Shasta,089,179085,30580,30569,6093,36662,551
2022-04-12,Sierra,091,2930,274,276,48,324,4
2022-04-12,Siskiyou,093,43540,4452,4444,2726,7170,80
2022-04-12,Solano,095,438530,81883,81843,5603,87446,448
2022-04-12,Sonoma,097,501317,84242,84033,2692,86725,485
2022-04-12,Stanislaus,099,539301,117753,117573,17874,135447,1577
2022-04-12,Sutter,101,95872,20510,20610,2079,22689,223
2022-04-12,Tehama,103,63373,12046,12062,2574,14636,200
2022-04-12,Trinity,105,12862,1183,1177,287,1464,20
2022-04-12,Tulare,107,460477,106313,105519,27582,133101,1426
2022-04-12,Tuolumne,109,53932,12696,12639,560,13199,180
2022-04-12,Ventura,111,848112,173734,173558,9422,182980,1474
2022-04-12,Yolo,113,214977,37270,36684,3054,39738,311
2022-04-12,Yuba,115,75493,15852,15851,1200,17051,121
2022-04-11,Alameda,001,1643700,259017,256649,14051,270700,1826
2022-04-11,Alpine,003,1148,124,124,1,125,0
2022-04-11,Amador,005,37829,8536,8489,646,9135,86
2022-04-11,Butte,007,227075,33299,33031,7005,40036,399
2022-04-11,Calaveras,009,45235,7276,7260,348,7608,119
2022-04-11,Colusa,011,21464,3453,3449,1047,4496,21
2022-04-11,Contra Costa,013,1133247,192652,189154,13392,202546,1296
2022-04-11,Del Norte,015,27424,5817,5811,185,5996,50
2022-04-11,El Dorado,017,186661,26814,26757,3204,29961,207
2022-04-11,Fresno,019,978130,231961,231090,24168,255258,2731
2022-04-11,Glenn,021,27897,5001,4988,1603,6591,47
2022-04-11,Humboldt,023,135768,16937,16913,2959,19872,141
2022-04-11,Imperial,025,180216,55392,55267,10542,65809,910
2022-04-11,Inyo,027,18085,4080,4071,486,4557,56
2022-04-11,Kern,029,883053,192018,191542,45765,237307,2244
2022-04-11,Kings,031,150075,51521,51519,3517,55036,443
2022-04-11,Lake,033,64148,10725,10690,886,11576,134
2022-04-11,Lassen,035,31185,8959,8948,874,9822,65
2022-04-11,Los Angeles,037,10098052,2722375,2709735,124262,2833997,31509
2022-04-11,Madera,039,155013,37273,37356,6028,43384,354
2022-04-11,Marin,041,260295,33881,33648,2425,36073,288
2022-04-11,Mariposa,043,17540,2410,2394,203,2597,29
2022-04-11,Mendocino,045,87422,13110,13087,3025,16112,120
2022-04-11,Merced,047,269075,62480,62231,8712,70943,811
2022-04-11,Modoc,049,8938,739,743,251,994,8
2022-04-11,Mono,051,14174,2978,2967,123,3090,6
2022-04-11,Monterey,053,433212,79531,79103,13728,92831,727
2022-04-11,Napa,055,140530,25932,25824,966,26790,144
2022-04-11,Nevada,057,99092,16011,15976,1200,17176,123
2022-04-11,Orange,059,3164182,548279,546983,41562,588545,6912
2022-04-11,Placer,061,380077,62949,62831,7348,70179,616
2022-04-11,Plumas,063,18699,2978,2887,365,3252,13
2022-04-11,Riverside,065,2383286,592255,591268,27825,619093,6429
2022-04-11,Sacramento,067,1510023,281449,277125,26552,303677,2972
2022-04-11,San Benito,069,59416,12909,12917,512,13429,98
2022-04-11,San Bernardino,071,2135413,575358,562571,24983,587554,6892
2022-04-11,San Diego,073,3302833,753784,754281,53015,807296,5210
2022-04-11,San Francisco,075,870044,126853,125963,8339,134302,844
2022-04-11,San Joaquin,077,732212,166747,166547,9940,176487,2212
2022-04-11,San Luis Obispo,079,281455,52623,52609,3770,56379,476
2022-04-11,San Mateo,081,765935,123200,121514,7042,128556,698
2022-04-11,Santa Barbara,083,443738,86173,85754,4715,90469,680
2022-04-11,Santa Clara,085,1922200,314013,313965,12462,326427,2266
2022-04-11,Santa Cruz,087,273765,48264,47624,2109,49733,259
2022-04-11,Shasta,089,179085,30575,30586,6092,36678,549
2022-04-11,Sierra,091,2930,274,272,48,320,4
2022-04-11,Siskiyou,093,43540,4452,4444,2724,7168,80
2022-04-11,Solano,095,438530,81855,81886,5602,87488,448
2022-04-11,Sonoma,097,501317,84174,83600,2680,86280,485
2022-04-11,Stanislaus,099,539301,117719,117528,17866,135394,1578
2022-04-11,Sutter,101,95872,20507,20591,2079,22670,223
2022-04-11,Tehama,103,63373,12045,12059,2573,14632,201
2022-04-11,Trinity,105,12862,1183,1177,287,1464,20
2022-04-11,Tulare,107,460477,106302,105278,27574,132852,1415
2022-04-11,Tuolumne,109,53932,12693,12632,560,13192,180
2022-04-11,Ventura,111,848112,173675,173343,9421,182764,1467
2022-04-11,Yolo,113,214977,37233,36587,3052,39639,312
2022-04-11,Yuba,115,75493,15849,15848,1199,17047,121
2022-04-10,Alameda,001,1643700,258684,256649,14040,270689,1826
2022-04-10,Alpine,003,1148,124,124,1,125,0
2022-04-10,Amador,005,37829,8534,8489,646,9135,86
2022-04-10,Butte,007,227075,33295,33031,7001,40032,399
2022-04-10,Calaveras,009,45235,7273,7260,348,7608,119
2022-04-10,Colusa,011,21464,3452,3449,1047,4496,21
2022-04-10,Contra Costa,013,1133247,192492,189154,13372,202526,1296
2022-04-10,Del Norte,015,27424,5814,5811,185,5996,50
2022-04-10,El Dorado,017,186661,26807,26757,3202,29959,207
2022-04-10,Fresno,019,978130,231923,231090,24166,255256,2731
2022-04-10,Glenn,021,27897,5001,4988,1603,6591,47
2022-04-10,Humboldt,023,135768,16927,16913,2957,19870,141
2022-04-10,Imperial,025,180216,55388,55267,10540,65807,910
2022-04-10,Inyo,027,18085,4080,4071,484,4555,56
2022-04-10,Kern,029,883053,191999,191542,45760,237302,2244
2022-04-10,Kings,031,150075,51519,51519,3517,55036,443
2022-04-10,Lake,033,64148,10721,10690,884,11574,134
2022-04-10,Lassen,035,31185,8958,8948,874,9822,65
2022-04-10,Los Angeles,037,10098052,2721044,2709735,124173,2833908,31509
2022-04-10,Madera,039,155013,37268,37356,6027,43383,354
2022-04-10,Marin,041,260295,33841,33648,2396,36044,288
2022-04-10,Mariposa,043,17540,2408,2394,203,2597,29
2022-04-10,Mendocino,045,87422,13102,13087,3024,16111,120
2022-04-10,Merced,047,269075,62469,62231,8710,70941,811
2022-04-10,Modoc,049,8938,739,743,251,994,8
2022-04-10,Mono,051,14174,2975,2967,123,3090,6
2022-04-10,Monterey,053,433212,79515,79103,13718,92821,727
2022-04-10,Napa,055,140530,25910,25824,964,26788,144
2022-04-10,Nevada,057,99092,15994,15976,1200,17176,123
2022-04-10,Orange,059,3164182,548029,546983,41523,588506,6912
2022-04-10,Placer,061,380077,62915,62831,7347,70178,616
2022-04-10,Plumas,063,18699,2976,2887,365,3252,13
2022-04-10,Riverside,065,2383286,592103,591268,27812,619080,6429
2022-04-10,Sacramento,067,1510023,281351,277125,26543,303668,2972
2022-04-10,San Benito,069,59416,12906,12917,512,13429,98
2022-04-10,San Bernardino,071,2135413,575126,562571,24974,587545,6892
2022-04-10,San Diego,073,3302833,753457,754281,52967,807248,5210
2022-04-10,San Francisco,075,870044,126614,125963,8323,134286,844
2022-04-10,San Joaquin,077,732212,166700,166547,9933,176480,2212
2022-04-10,San Luis Obispo,079,281455,52589,52609,3767,56376,476
2022-04-10,San Mateo,081,765935,123033,121514,7027,128541,698
2022-04-10,Santa Barbara,083,443738,86089,85754,4705,90459,680
2022-04-10,Santa Clara,085,1922200,313686,313965,12448,326413,2266
2022-04-10,Santa Cruz,087,273765,48175,47624,2108,49732,259
2022-04-10,Shasta,089,179085,30568,30586,6092,36678,549
2022-04-10,Sierra,091,2930,274,272,48,320,4
2022-04-10,Siskiyou,093,43540,4452,4444,2723,7167,80
2022-04-10,Solano,095,438530,81808,81886,5597,87483,448
2022-04-10,Sonoma,097,501317,84073,83600,2673,86273,485
2022-04-10,Stanislaus,099,539301,117696,117528,17859,135387,1578
2022-04-10,Sutter,101,95872,20503,20591,2075,22666,223
2022-04-10,Tehama,103,63373,12043,12059,2573,14632,201
2022-04-10,Trinity,105,12862,1183,1177,287,1464,20
2022-04-10,Tulare,107,460477,106288,105278,27567,132845,1415
2022-04-10,Tuolumne,109,53932,12686,12632,560,13192,180
2022-04-10,Ventura,111,848112,173596,173343,9416,182759,1467
2022-04-10,Yolo,113,214977,37202,36587,3047,39634,312
2022-04-10,Yuba,115,75493,15848,15848,1199,17047,121
2022-04-09,Alameda,001,1643700,258508,256649,14035,270684,1826
2022-04-09,Alpine,003,1148,124,124,1,125,0
2022-04-09,Amador,005,37829,8534,8489,645,9134,86
2022-04-09,Butte,007,227075,33292,33031,7001,40032,399
2022-04-09,Calaveras,009,45235,7272,7260,348,7608,119
2022-04-09,Colusa,011,21464,3451,3449,1047,4496,21
2022-04-09,Contra Costa,013,1133247,192396,189154,13365,202519,1296
2022-04-09,Del Norte,015,27424,5813,5811,185,5996,50
2022-04-09,El Dorado,017,186661,26800,26757,3202,29959,207
2022-04-09,Fresno,019,978130,231902,231090,24166,255256,2731
2022-04-09,Glenn,021,27897,5001,4988,1603,6591,47
2022-04-09,Humboldt,023,135768,16920,16913,2957,19870,141
2022-04-09,Imperial,025,180216,55383,55267,10540,65807,910
2022-04-09,Inyo,027,18085,4080,4071,484,4555,56
2022-04-09,Kern,029,883053,191990,191542,45755,237297,2244
2022-04-09,Kings,031,150075,51513,51519,3517,55036,443
2022-04-09,Lake,033,64148,10719,10690,884,11574,134
2022-04-09,Lassen,035,31185,8958,8948,874,9822,65
2022-04-09,Los Angeles,037,10098052,2720359,2709735,124098,2833833,31509
2022-04-09,Madera,039,155013,37265,37356,6027,43383,354
2022-04-09,Marin,041,260295,33808,33648,2353,36001,288
2022-04-09,Mariposa,043,17540,2408,2394,203,2597,29
2022-04-09,Mendocino,045,87422,13100,13087,3024,16111,120
2022-04-09,Merced,047,269075,62457,62231,8708,70939,811
2022-04-09,Modoc,049,8938,739,743,251,994,8
2022-04-09,Mono,051,14174,2974,2967,122,3089,6
2022-04-09,Monterey,053,433212,79506,79103,13714,92817,727
2022-04-09,Napa,055,140530,25885,25824,964,26788,144
2022-04-09,Nevada,057,99092,15991,15976,1200,17176,123
2022-04-09,Orange,059,3164182,547908,546983,41502,588485,6912
2022-04-09,Placer,061,380077,62900,62831,7345,70176,616
2022-04-09,Plumas,063,18699,2976,2887,365,3252,13
2022-04-09,Riverside,065,2383286,592013,591268,27802,619070,6429
2022-04-09,Sacramento,067,1510023,281304,277125,26541,303666,2972
2022-04-09,San Benito,069,59416,12905,12917,511,13428,98
2022-04-09,San Bernardino,071,2135413,575061,562571,24971,587542,6892
2022-04-09,San Diego,073,3302833,753309,754281,52953,807234,5210
2022-04-09,San Francisco,075,870044,126490,125963,8316,134279,844
2022-04-09,San Joaquin,077,732212,166684,166547,9930,176477,2212
2022-04-09,San Luis Obispo,079,281455,52589,52609,3764,56373,476
2022-04-09,San Mateo,081,765935,122943,121514,7020,128534,698
2022-04-09,Santa Barbara,083,443738,86056,85754,4705,90459,680
2022-04-09,Santa Clara,085,1922200,313490,313965,12445,326410,2266
2022-04-09,Santa Cruz,087,273765,48142,47624,2106,49730,259
2022-04-09,Shasta,089,179085,30566,30586,6092,36678,549
2022-04-09,Sierra,091,2930,274,272,48,320,4
2022-04-09,Siskiyou,093,43540,4451,4444,2722,7166,80
2022-04-09,Solano,095,438530,81790,81886,5595,87481,448
2022-04-09,Sonoma,097,501317,84034,83600,2669,86269,485
2022-04-09,Stanislaus,099,539301,117683,117528,17857,135385,1578
2022-04-09,Sutter,101,95872,20503,20591,2075,22666,223
2022-04-09,Tehama,103,63373,12043,12059,2573,14632,201
2022-04-09,Trinity,105,12862,1183,1177,287,1464,20
2022-04-09,Tulare,107,460477,106285,105278,27565,132843,1415
2022-04-09,Tuolumne,109,53932,12684,12632,560,13192,180
2022-04-09,Ventura,111,848112,173559,173343,9413,182756,1467
2022-04-09,Yolo,113,214977,37183,36587,3047,39634,312
2022-04-09,Yuba,115,75493,15847,15848,1199,17047,121
2022-04-08,Alameda,001,1643700,258350,256649,14029,270678,1826
2022-04-08,Alpine,003,1148,124,124,1,125,0
2022-04-08,Amador,005,37829,8532,8489,644,9133,86
2022-04-08,Butte,007,227075,33286,33031,6998,40029,399
2022-04-08,Calaveras,009,45235,7270,7260,348,7608,119
2022-04-08,Colusa,011,21464,3451,3449,1047,4496,21
2022-04-08,Contra Costa,013,1133247,192318,189154,13352,202506,1296
2022-04-08,Del Norte,015,27424,5811,5811,185,5996,50
2022-04-08,El Dorado,017,186661,26798,26757,3202,29959,207
2022-04-08,Fresno,019,978130,231882,231090,24164,255254,2731
2022-04-08,Glenn,021,27897,5001,4988,1603,6591,47
2022-04-08,Humboldt,023,135768,16916,16913,2955,19868,141
2022-04-08,Imperial,025,180216,55379,55267,10540,65807,910
2022-04-08,Inyo,027,18085,4078,4071,483,4554,56
2022-04-08,Kern,029,883053,191971,191542,45754,237296,2244
2022-04-08,Kings,031,150075,51508,51519,3517,55036,443
2022-04-08,Lake,033,64148,10719,10690,884,11574,134
2022-04-08,Lassen,035,31185,8958,8948,874,9822,65
2022-04-08,Los Angeles,037,10098052,2719728,2709735,124040,2833775,31509
2022-04-08,Madera,039,155013,37263,37356,6026,43382,354
2022-04-08,Marin,041,260295,33788,33648,2337,35985,288
2022-04-08,Mariposa,043,17540,2408,2394,202,2596,29
2022-04-08,Mendocino,045,87422,13098,13087,3024,16111,120
2022-04-08,Merced,047,269075,62452,62231,8705,70936,811
2022-04-08,Modoc,049,8938,739,743,251,994,8
2022-04-08,Mono,051,14174,2972,2967,122,3089,6
2022-04-08,Monterey,053,433212,79496,79103,13713,92816,727
2022-04-08,Napa,055,140530,25873,25824,956,26780,144
2022-04-08,Nevada,057,99092,15988,15976,1200,17176,123
2022-04-08,Orange,059,3164182,547790,546983,41488,588471,6912
2022-04-08,Placer,061,380077,62882,62831,7343,70174,616
2022-04-08,Plumas,063,18699,2973,2887,365,3252,13
2022-04-08,Riverside,065,2383286,591937,591268,27799,619067,6429
2022-04-08,Sacramento,067,1510023,281258,277125,26540,303665,2972
2022-04-08,San Benito,069,59416,12905,12917,511,13428,98
2022-04-08,San Bernardino,071,2135413,575008,562571,24968,587539,6892
2022-04-08,San Diego,073,3302833,753141,754281,52942,807223,5210
2022-04-08,San Francisco,075,870044,126394,125963,8311,134274,844
2022-04-08,San Joaquin,077,732212,166666,166547,9928,176475,2212
2022-04-08,San Luis Obispo,079,281455,52585,52609,3764,56373,476
2022-04-08,San Mateo,081,765935,122837,121514,7015,128529,698
2022-04-08,Santa Barbara,083,443738,86035,85754,4705,90459,680
2022-04-08,Santa Clara,085,1922200,313304,313965,12438,326403,2266
2022-04-08,Santa Cruz,087,273765,48125,47624,2103,49727,259
2022-04-08,Shasta,089,179085,30563,30586,6092,36678,549
2022-04-08,Sierra,091,2930,274,272,48,320,4
2022-04-08,Siskiyou,093,43540,4451,4444,2722,7166,80
2022-04-08,Solano,095,438530,81770,81886,5594,87480,448
2022-04-08,Sonoma,097,501317,83983,83600,2665,86265,485
2022-04-08,Stanislaus,099,539301,117668,117528,17855,135383,1578
2022-04-08,Sutter,101,95872,20503,20591,2075,22666,223
2022-04-08,Tehama,103,63373,12043,12059,2573,14632,201
2022-04-08,Trinity,105,12862,1183,1177,287,1464,20
2022-04-08,Tulare,107,460477,106280,105278,27561,132839,1415
2022-04-08,Tuolumne,109,53932,12683,12632,559,13191,180
2022-04-08,Ventura,111,848112,173530,173343,9411,182754,1467
2022-04-08,Yolo,113,214977,37174,36587,3046,39633,312
2022-04-08,Yuba,115,75493,15846,15848,1199,17047,121
2022-04-07,Alameda,001,1643700,258156,256649,14022,270671,1826
2022-04-07,Alpine,003,1148,124,124,1,125,0
2022-04-07,Amador,005,37829,8531,8489,641,9130,86
2022-04-07,Butte,007,227075,33282,33031,6996,40027,399
2022-04-07,Calaveras,009,45235,7268,7260,348,7608,119
2022-04-07,Colusa,011,21464,3450,3449,1047,4496,21
2022-04-07,Contra Costa,013,1133247,192199,189154,13340,202494,1296
2022-04-07,Del Norte,015,27424,5810,5811,185,5996,50
2022-04-07,El Dorado,017,186661,26786,26757,3200,29957,207
2022-04-07,Fresno,019,978130,231856,231090,24163,255253,2731
2022-04-07,Glenn,021,27897,5000,4988,1602,6590,47
2022-04-07,Humboldt,023,135768,16909,16913,2953,19866,141
2022-04-07,Imperial,025,180216,55377,55267,10538,65805,910
2022-04-07,Inyo,027,18085,4078,4071,483,4554,56
2022-04-07,Kern,029,883053,191947,191542,45751,237293,2244
2022-04-07,Kings,031,150075,51500,51519,3517,55036,443
2022-04-07,Lake,033,64148,10715,10690,884,11574,134
2022-04-07,Lassen,035,31185,8958,8948,874,9822,65
2022-04-07,Los Angeles,037,10098052,2718815,2709735,123965,2833700,31509
2022-04-07,Madera,039,155013,37259,37356,6026,43382,354
2022-04-07,Marin,041,260295,33769,33648,2318,35966,288
2022-04-07,Mariposa,043,17540,2405,2394,201,2595,29
2022-04-07,Mendocino,045,87422,13094,13087,3023,16110,120
2022-04-07,Merced,047,269075,62442,62231,8700,70931,811
2022-04-07,Modoc,049,8938,739,743,251,994,8
2022-04-07,Mono,051,14174,2971,2967,122,3089,6
2022-04-07,Monterey,053,433212,79474,79103,13709,92812,727
2022-04-07,Napa,055,140530,25857,25824,952,26776,144
2022-04-07,Nevada,057,99092,15980,15976,1199,17175,123
2022-04-07,Orange,059,3164182,547634,546983,41458,588441,6912
2022-04-07,Placer,061,380077,62865,62831,7340,70171,616
2022-04-07,Plumas,063,18699,2973,2887,365,3252,13
2022-04-07,Riverside,065,2383286,591835,591268,27785,619053,6429
2022-04-07,Sacramento,067,1510023,281192,277125,26533,303658,2972
2022-04-07,San Benito,069,59416,12904,12917,511,13428,98
2022-04-07,San Bernardino,071,2135413,574848,562571,24955,587526,6892
2022-04-07,San Diego,073,3302833,752873,754281,52910,807191,5210
2022-04-07,San Francisco,075,870044,126237,125963,8296,134259,844
2022-04-07,San Joaquin,077,732212,166626,166547,9925,176472,2212
2022-04-07,San Luis Obispo,079,281455,52567,52609,3762,56371,476
2022-04-07,San Mateo,081,765935,122715,121514,6998,128512,698
2022-04-07,Santa Barbara,083,443738,85991,85754,4703,90457,680
2022-04-07,Santa Clara,085,1922200,313081,313965,12426,326391,2266
2022-04-07,Santa Cruz,087,273765,48106,47624,2099,49723,259
2022-04-07,Shasta,089,179085,30561,30586,6092,36678,549
2022-04-07,Sierra,091,2930,274,272,48,320,4
2022-04-07,Siskiyou,093,43540,4451,4444,2721,7165,80
2022-04-07,Solano,095,438530,81740,81886,5594,87480,448
2022-04-07,Sonoma,097,501317,83940,83600,2659,86259,485
2022-04-07,Stanislaus,099,539301,117646,117528,17852,135380,1578
2022-04-07,Sutter,101,95872,20499,20591,2074,22665,223
2022-04-07,Tehama,103,63373,12042,12059,2573,14632,201
2022-04-07,Trinity,105,12862,1183,1177,287,1464,20
2022-04-07,Tulare,107,460477,106274,105278,27560,132838,1415
2022-04-07,Tuolumne,109,53932,12681,12632,558,13190,180
2022-04-07,Ventura,111,848112,173501,173343,9409,182752,1467
2022-04-07,Yolo,113,214977,37156,36587,3046,39633,312
2022-04-07,Yuba,115,75493,15844,15848,1199,17047,121
2022-04-06,Alameda,001,1643700,257970,256143,14015,270158,1814
2022-04-06,Alpine,003,1148,124,124,1,125,0
2022-04-06,Amador,005,37829,8530,8488,641,9129,86
2022-04-06,Butte,007,227075,33277,32997,6994,39991,396
2022-04-06,Calaveras,009,45235,7266,7258,348,7606,120
2022-04-06,Colusa,011,21464,3450,3447,1047,4494,21
2022-04-06,Contra Costa,013,1133247,192133,188850,13324,202174,1296
2022-04-06,Del Norte,015,27424,5810,5809,185,5994,50
2022-04-06,El Dorado,017,186661,26783,26744,3200,29944,205
2022-04-06,Fresno,019,978130,231821,230942,24159,255101,2725
2022-04-06,Glenn,021,27897,5000,4986,1601,6587,47
2022-04-06,Humboldt,023,135768,16905,16904,2952,19856,140
2022-04-06,Imperial,025,180216,55371,55294,10538,65832,908
2022-04-06,Inyo,027,18085,4077,4068,481,4549,56
2022-04-06,Kern,029,883053,191925,191449,45749,237198,2234
2022-04-06,Kings,031,150075,51499,51491,3516,55007,443
2022-04-06,Lake,033,64148,10711,10679,884,11563,136
2022-04-06,Lassen,035,31185,8958,8945,874,9819,65
2022-04-06,Los Angeles,037,10098052,2717765,2707306,123897,2831203,31465
2022-04-06,Madera,039,155013,37255,37349,6026,43375,354
2022-04-06,Marin,041,260295,33749,33566,2310,35876,288
2022-04-06,Mariposa,043,17540,2404,2392,201,2593,29
2022-04-06,Mendocino,045,87422,13090,13074,3022,16096,119
2022-04-06,Merced,047,269075,62434,62195,8696,70891,810
2022-04-06,Modoc,049,8938,739,741,251,992,8
2022-04-06,Mono,051,14174,2970,2967,122,3089,6
2022-04-06,Monterey,053,433212,79461,79019,13701,92720,727
2022-04-06,Napa,055,140530,25838,25790,948,26738,143
2022-04-06,Nevada,057,99092,15978,15974,1199,17173,123
2022-04-06,Orange,059,3164182,547466,546491,41435,587926,6887
2022-04-06,Placer,061,380077,62859,62787,7339,70126,615
2022-04-06,Plumas,063,18699,2973,2850,365,3215,13
2022-04-06,Riverside,065,2383286,591739,590826,27780,618606,6424
2022-04-06,Sacramento,067,1510023,281114,276567,26529,303096,2953
2022-04-06,San Benito,069,59416,12903,12908,511,13419,98
2022-04-06,San Bernardino,071,2135413,574716,561648,24953,586601,6883
2022-04-06,San Diego,073,3302833,752577,753402,52871,806273,5192
2022-04-06,San Francisco,075,870044,126078,125536,8290,133826,843
2022-04-06,San Joaquin,077,732212,166594,166415,9922,176337,2207
2022-04-06,San Luis Obispo,079,281455,52545,52557,3760,56317,475
2022-04-06,San Mateo,081,765935,122607,121041,6986,128027,693
2022-04-06,Santa Barbara,083,443738,85951,85630,4699,90329,679
2022-04-06,Santa Clara,085,1922200,312884,313278,12406,325684,2265
2022-04-06,Santa Cruz,087,273765,48052,47446,2094,49540,259
2022-04-06,Shasta,089,179085,30560,30565,6092,36657,529
2022-04-06,Sierra,091,2930,274,272,48,320,4
2022-04-06,Siskiyou,093,43540,4451,4442,2721,7163,80
2022-04-06,Solano,095,438530,81705,81789,5589,87378,447
2022-04-06,Sonoma,097,501317,83876,83361,2654,86015,485
2022-04-06,Stanislaus,099,539301,117630,117534,17846,135380,1578
2022-04-06,Sutter,101,95872,20494,20581,2074,22655,222
2022-04-06,Tehama,103,63373,12040,12049,2573,14622,198
2022-04-06,Trinity,105,12862,1183,1173,287,1460,20
2022-04-06,Tulare,107,460477,106267,104826,27555,132381,1414
2022-04-06,Tuolumne,109,53932,12679,12621,558,13179,180
2022-04-06,Ventura,111,848112,173448,173179,9403,182582,1460
2022-04-06,Yolo,113,214977,37131,36393,3045,39438,314
2022-04-06,Yuba,115,75493,15839,15839,1199,17038,121
2022-04-05,Alameda,001,1643700,257758,256143,14005,270148,1814
2022-04-05,Alpine,003,1148,124,124,1,125,0
2022-04-05,Amador,005,37829,8528,8488,641,9129,86
2022-04-05,Butte,007,227075,33272,32997,6991,39988,396
2022-04-05,Calaveras,009,45235,7262,7258,348,7606,120
2022-04-05,Colusa,011,21464,3448,3447,1046,4493,21
2022-04-05,Contra Costa,013,1133247,192040,188850,13317,202167,1296
2022-04-05,Del Norte,015,27424,5808,5809,185,5994,50
2022-04-05,El Dorado,017,186661,26771,26744,3200,29944,205
2022-04-05,Fresno,019,978130,231785,230942,24151,255093,2725
2022-04-05,Glenn,021,27897,5000,4986,1600,6586,47
2022-04-05,Humboldt,023,135768,16899,16904,2952,19856,140
2022-04-05,Imperial,025,180216,55369,55294,10538,65832,908
2022-04-05,Inyo,027,18085,4076,4068,480,4548,56
2022-04-05,Kern,029,883053,191905,191449,45746,237195,2234
2022-04-05,Kings,031,150075,51496,51491,3516,55007,443
2022-04-05,Lake,033,64148,10708,10679,884,11563,136
2022-04-05,Lassen,035,31185,8958,8945,874,9819,65
2022-04-05,Los Angeles,037,10098052,2716709,2707306,123823,2831129,31465
2022-04-05,Madera,039,155013,37248,37349,6024,43373,354
2022-04-05,Marin,041,260295,33694,33566,2295,35861,288
2022-04-05,Mariposa,043,17540,2404,2392,201,2593,29
2022-04-05,Mendocino,045,87422,13084,13074,3021,16095,119
2022-04-05,Merced,047,269075,62423,62195,8691,70886,810
2022-04-05,Modoc,049,8938,739,741,251,992,8
2022-04-05,Mono,051,14174,2969,2967,122,3089,6
2022-04-05,Monterey,053,433212,79438,79019,13690,92709,727
2022-04-05,Napa,055,140530,25829,25790,943,26733,143
2022-04-05,Nevada,057,99092,15970,15974,1199,17173,123
2022-04-05,Orange,059,3164182,547285,546491,41406,587897,6887
2022-04-05,Placer,061,380077,62833,62787,7339,70126,615
2022-04-05,Plumas,063,18699,2973,2850,365,3215,13
2022-04-05,Riverside,065,2383286,591618,590826,27768,618594,6424
2022-04-05,Sacramento,067,1510023,281034,276567,26524,303091,2953
2022-04-05,San Benito,069,59416,12896,12908,511,13419,98
2022-04-05,San Bernardino,071,2135413,574585,561648,24943,586591,6883
2022-04-05,San Diego,073,3302833,752269,753402,52827,806229,5192
2022-04-05,San Francisco,075,870044,125875,125536,8282,133818,843
2022-04-05,San Joaquin,077,732212,166552,166415,9920,176335,2207
2022-04-05,San Luis Obispo,079,281455,52528,52557,3755,56312,475
2022-04-05,San Mateo,081,765935,122491,121041,6975,128016,693
2022-04-05,Santa Barbara,083,443738,85915,85630,4698,90328,679
2022-04-05,Santa Clara,085,1922200,312624,313278,12393,325671,2265
2022-04-05,Santa Cruz,087,273765,47985,47446,2091,49537,259
2022-04-05,Shasta,089,179085,30560,30565,6090,36655,529
2022-04-05,Sierra,091,2930,274,272,48,320,4
2022-04-05,Siskiyou,093,43540,4451,4442,2721,7163,80
2022-04-05,Solano,095,438530,81652,81789,5586,87375,447
2022-04-05,Sonoma,097,501317,83812,83361,2645,86006,485
2022-04-05,Stanislaus,099,539301,117616,117534,17837,135371,1578
2022-04-05,Sutter,101,95872,20490,20581,2073,22654,222
2022-04-05,Tehama,103,63373,12038,12049,2572,14621,198
2022-04-05,Trinity,105,12862,1183,1173,287,1460,20
2022-04-05,Tulare,107,460477,106257,104826,27552,132378,1414
2022-04-05,Tuolumne,109,53932,12678,12621,558,13179,180
2022-04-05,Ventura,111,848112,173392,173179,9396,182575,1460
2022-04-05,Yolo,113,214977,37116,36393,3042,39435,314
2022-04-05,Yuba,115,75493,15837,15839,1199,17038,121
2022-04-04,Alameda,001,1643700,257526,256143,13991,270134,1814
2022-04-04,Alpine,003,1148,124,124,1,125,0
2022-04-04,Amador,005,37829,8527,8488,640,9128,86
2022-04-04,Butte,007,227075,33266,32997,6988,39985,396
2022-04-04,Calaveras,009,45235,7262,7258,348,7606,120
2022-04-04,Colusa,011,21464,3447,3447,1046,4493,21
2022-04-04,Contra Costa,013,1133247,191940,188850,13309,202159,1296
2022-04-04,Del Norte,015,27424,5808,5809,185,5994,50
2022-04-04,El Dorado,017,186661,26766,26744,3200,29944,205
2022-04-04,Fresno,019,978130,231767,230942,24146,255088,2725
2022-04-04,Glenn,021,27897,4999,4986,1600,6586,47
2022-04-04,Humboldt,023,135768,16891,16904,2947,19851,140
2022-04-04,Imperial,025,180216,55364,55294,10538,65832,908
2022-04-04,Inyo,027,18085,4076,4068,478,4546,56
2022-04-04,Kern,029,883053,191882,191449,45741,237190,2234
2022-04-04,Kings,031,150075,51490,51491,3516,55007,443
2022-04-04,Lake,033,64148,10703,10679,884,11563,136
2022-04-04,Lassen,035,31185,8958,8945,874,9819,65
2022-04-04,Los Angeles,037,10098052,2715608,2707306,123778,2831084,31465
2022-04-04,Madera,039,155013,37244,37349,6024,43373,354
2022-04-04,Marin,041,260295,33677,33566,2286,35852,288
2022-04-04,Mariposa,043,17540,2403,2392,201,2593,29
2022-04-04,Mendocino,045,87422,13078,13074,3019,16093,119
2022-04-04,Merced,047,269075,62412,62195,8686,70881,810
2022-04-04,Modoc,049,8938,739,741,251,992,8
2022-04-04,Mono,051,14174,2969,2967,122,3089,6
2022-04-04,Monterey,053,433212,79422,79019,13684,92703,727
2022-04-04,Napa,055,140530,25812,25790,942,26732,143
2022-04-04,Nevada,057,99092,15966,15974,1198,17172,123
2022-04-04,Orange,059,3164182,547120,546491,41380,587871,6887
2022-04-04,Placer,061,380077,62823,62787,7338,70125,615
2022-04-04,Plumas,063,18699,2972,2850,365,3215,13
2022-04-04,Riverside,065,2383286,591527,590826,27756,618582,6424
2022-04-04,Sacramento,067,1510023,280943,276567,26516,303083,2953
2022-04-04,San Benito,069,59416,12893,12908,511,13419,98
2022-04-04,San Bernardino,071,2135413,574447,561648,24936,586584,6883
2022-04-04,San Diego,073,3302833,751949,753402,52790,806192,5192
2022-04-04,San Francisco,075,870044,125676,125536,8273,133809,843
2022-04-04,San Joaquin,077,732212,166525,166415,9917,176332,2207
2022-04-04,San Luis Obispo,079,281455,52505,52557,3753,56310,475
2022-04-04,San Mateo,081,765935,122355,121041,6961,128002,693
2022-04-04,Santa Barbara,083,443738,85870,85630,4697,90327,679
2022-04-04,Santa Clara,085,1922200,312355,313278,12381,325659,2265
2022-04-04,Santa Cruz,087,273765,47938,47446,2091,49537,259
2022-04-04,Shasta,089,179085,30557,30565,6089,36654,529
2022-04-04,Sierra,091,2930,274,272,48,320,4
2022-04-04,Siskiyou,093,43540,4451,4442,2721,7163,80
2022-04-04,Solano,095,438530,81606,81789,5583,87372,447
2022-04-04,Sonoma,097,501317,83758,83361,2638,85999,485
2022-04-04,Stanislaus,099,539301,117595,117534,17830,135364,1578
2022-04-04,Sutter,101,95872,20487,20581,2073,22654,222
2022-04-04,Tehama,103,63373,12036,12049,2572,14621,198
2022-04-04,Trinity,105,12862,1183,1173,287,1460,20
2022-04-04,Tulare,107,460477,106248,104826,27549,132375,1414
2022-04-04,Tuolumne,109,53932,12671,12621,558,13179,180
2022-04-04,Ventura,111,848112,173352,173179,9393,182572,1460
2022-04-04,Yolo,113,214977,37102,36393,3040,39433,314
2022-04-04,Yuba,115,75493,15834,15839,1199,17038,121
2022-04-03,Alameda,001,1643700,257272,255650,13989,269639,1813
2022-04-03,Alpine,003,1148,124,124,1,125,0
2022-04-03,Amador,005,37829,8526,8485,640,9125,86
2022-04-03,Butte,007,227075,33259,32981,6986,39967,396
2022-04-03,Calaveras,009,45235,7262,7254,348,7602,119
2022-04-03,Colusa,011,21464,3447,3445,1046,4491,21
2022-04-03,Contra Costa,013,1133247,191834,188658,13299,201957,1291
2022-04-03,Del Norte,015,27424,5808,5812,185,5997,50
2022-04-03,El Dorado,017,186661,26752,26732,3198,29930,200
2022-04-03,Fresno,019,978130,231735,230559,24143,254702,2722
2022-04-03,Glenn,021,27897,4999,4982,1600,6582,47
2022-04-03,Humboldt,023,135768,16886,16898,2947,19845,140
2022-04-03,Imperial,025,180216,55362,55266,10535,65801,908
2022-04-03,Inyo,027,18085,4074,4063,478,4541,56
2022-04-03,Kern,029,883053,191856,191384,45736,237120,2224
2022-04-03,Kings,031,150075,51484,51470,3514,54984,443
2022-04-03,Lake,033,64148,10701,10674,884,11558,136
2022-04-03,Lassen,035,31185,8957,8943,874,9817,65
2022-04-03,Los Angeles,037,10098052,2714410,2703576,123693,2827269,31410
2022-04-03,Madera,039,155013,37242,37333,6023,43356,354
2022-04-03,Marin,041,260295,33642,33493,2278,35771,287
2022-04-03,Mariposa,043,17540,2402,2391,201,2592,29
2022-04-03,Mendocino,045,87422,13072,13058,3018,16076,119
2022-04-03,Merced,047,269075,62397,62149,8680,70829,808
2022-04-03,Modoc,049,8938,738,741,251,992,8
2022-04-03,Mono,051,14174,2969,2967,122,3089,6
2022-04-03,Monterey,053,433212,79405,78964,13659,92623,726
2022-04-03,Napa,055,140530,25793,25757,941,26698,143
2022-04-03,Nevada,057,99092,15960,15962,1197,17159,123
2022-04-03,Orange,059,3164182,546921,546047,41355,587402,6880
2022-04-03,Placer,061,380077,62797,62740,7333,70073,614
2022-04-03,Plumas,063,18699,2971,2803,365,3168,14
2022-04-03,Riverside,065,2383286,591370,590563,27741,618304,6418
2022-04-03,Sacramento,067,1510023,280867,276218,26503,302721,2950
2022-04-03,San Benito,069,59416,12889,12901,511,13412,98
2022-04-03,San Bernardino,071,2135413,574302,561362,24933,586295,6865
2022-04-03,San Diego,073,3302833,751619,752281,52753,805034,5178
2022-04-03,San Francisco,075,870044,125445,125075,8267,133342,843
2022-04-03,San Joaquin,077,732212,166468,166336,9912,176248,2202
2022-04-03,San Luis Obispo,079,281455,52486,52512,3753,56265,475
2022-04-03,San Mateo,081,765935,122215,120717,6954,127671,693
2022-04-03,Santa Barbara,083,443738,85825,85611,4695,90306,678
2022-04-03,Santa Clara,085,1922200,312055,312517,12372,324889,2258
2022-04-03,Santa Cruz,087,273765,47883,47371,2089,49460,259
2022-04-03,Shasta,089,179085,30547,30556,6088,36644,530
2022-04-03,Sierra,091,2930,274,273,48,321,4
2022-04-03,Siskiyou,093,43540,4451,4439,2721,7160,80
2022-04-03,Solano,095,438530,81565,81848,5577,87425,446
2022-04-03,Sonoma,097,501317,83680,83235,2630,85865,485
2022-04-03,Stanislaus,099,539301,117564,117536,17824,135360,1581
2022-04-03,Sutter,101,95872,20484,20570,2073,22643,222
2022-04-03,Tehama,103,63373,12034,12046,2572,14618,198
2022-04-03,Trinity,105,12862,1183,1173,287,1460,20
2022-04-03,Tulare,107,460477,106241,104736,27541,132277,1410
2022-04-03,Tuolumne,109,53932,12670,12618,558,13176,180
2022-04-03,Ventura,111,848112,173299,173044,9389,182433,1460
2022-04-03,Yolo,113,214977,37081,36347,3038,39385,313
2022-04-03,Yuba,115,75493,15832,15835,1199,17034,120
2022-04-02,Alameda,001,1643700,257170,255650,13989,269639,1813
2022-04-02,Alpine,003,1148,124,124,1,125,0
2022-04-02,Amador,005,37829,8526,8485,640,9125,86
2022-04-02,Butte,007,227075,33255,32981,6985,39966,396
2022-04-02,Calaveras,009,45235,7262,7254,348,7602,119
2022-04-02,Colusa,011,21464,3447,3445,1046,4491,21
2022-04-02,Contra Costa,013,1133247,191775,188658,13296,201954,1291
2022-04-02,Del Norte,015,27424,5807,5812,185,5997,50
2022-04-02,El Dorado,017,186661,26749,26732,3198,29930,200
2022-04-02,Fresno,019,978130,231706,230559,24143,254702,2722
2022-04-02,Glenn,021,27897,4999,4982,1600,6582,47
2022-04-02,Humboldt,023,135768,16882,16898,2947,19845,140
2022-04-02,Imperial,025,180216,55359,55266,10535,65801,908
2022-04-02,Inyo,027,18085,4074,4063,478,4541,56
2022-04-02,Kern,029,883053,191841,191384,45732,237116,2224
2022-04-02,Kings,031,150075,51481,51470,3514,54984,443
2022-04-02,Lake,033,64148,10700,10674,884,11558,136
2022-04-02,Lassen,035,31185,8957,8943,874,9817,65
2022-04-02,Los Angeles,037,10098052,2713890,2703576,123653,2827229,31410
2022-04-02,Madera,039,155013,37239,37333,6023,43356,354
2022-04-02,Marin,041,260295,33619,33493,2270,35763,287
2022-04-02,Mariposa,043,17540,2401,2391,201,2592,29
2022-04-02,Mendocino,045,87422,13070,13058,3018,16076,119
2022-04-02,Merced,047,269075,62394,62149,8680,70829,808
2022-04-02,Modoc,049,8938,738,741,251,992,8
2022-04-02,Mono,051,14174,2969,2967,121,3088,6
2022-04-02,Monterey,053,433212,79392,78964,13653,92617,726
2022-04-02,Napa,055,140530,25779,25757,940,26697,143
2022-04-02,Nevada,057,99092,15956,15962,1196,17158,123
2022-04-02,Orange,059,3164182,546815,546047,41343,587390,6880
2022-04-02,Placer,061,380077,62786,62740,7331,70071,614
2022-04-02,Plumas,063,18699,2971,2803,365,3168,14
2022-04-02,Riverside,065,2383286,591296,590563,27736,618299,6418
2022-04-02,Sacramento,067,1510023,280828,276218,26502,302720,2950
2022-04-02,San Benito,069,59416,12888,12901,511,13412,98
2022-04-02,San Bernardino,071,2135413,574251,561362,24930,586292,6865
2022-04-02,San Diego,073,3302833,751495,752281,52743,805024,5178
2022-04-02,San Francisco,075,870044,125341,125075,8259,133334,843
2022-04-02,San Joaquin,077,732212,166447,166336,9910,176246,2202
2022-04-02,San Luis Obispo,079,281455,52481,52512,3753,56265,475
2022-04-02,San Mateo,081,765935,122120,120717,6945,127662,693
2022-04-02,Santa Barbara,083,443738,85806,85611,4694,90305,678
2022-04-02,Santa Clara,085,1922200,311890,312517,12368,324885,2258
2022-04-02,Santa Cruz,087,273765,47871,47371,2088,49459,259
2022-04-02,Shasta,089,179085,30546,30556,6088,36644,530
2022-04-02,Sierra,091,2930,274,273,48,321,4
2022-04-02,Siskiyou,093,43540,4450,4439,2720,7159,80
2022-04-02,Solano,095,438530,81550,81848,5576,87424,446
2022-04-02,Sonoma,097,501317,83632,83235,2624,85859,485
2022-04-02,Stanislaus,099,539301,117555,117536,17822,135358,1581
2022-04-02,Sutter,101,95872,20479,20570,2073,22643,222
2022-04-02,Tehama,103,63373,12034,12046,2572,14618,198
2022-04-02,Trinity,105,12862,1183,1173,287,1460,20
2022-04-02,Tulare,107,460477,106237,104736,27541,132277,1410
2022-04-02,Tuolumne,109,53932,12668,12618,558,13176,180
2022-04-02,Ventura,111,848112,173258,173044,9389,182433,1460
2022-04-02,Yolo,113,214977,37069,36347,3035,39382,313
2022-04-02,Yuba,115,75493,15831,15835,1199,17034,120
2022-04-01,Alameda,001,1643700,257054,255650,13984,269634,1813
2022-04-01,Alpine,003,1148,124,124,1,125,0
2022-04-01,Amador,005,37829,8526,8485,640,9125,86
2022-04-01,Butte,007,227075,33251,32981,6982,39963,396
2022-04-01,Calaveras,009,45235,7260,7254,348,7602,119
2022-04-01,Colusa,011,21464,3446,3445,1046,4491,21
2022-04-01,Contra Costa,013,1133247,191723,188658,13295,201953,1291
2022-04-01,Del Norte,015,27424,5805,5812,185,5997,50
2022-04-01,El Dorado,017,186661,26746,26732,3197,29929,200
2022-04-01,Fresno,019,978130,231681,230559,24141,254700,2722
2022-04-01,Glenn,021,27897,4999,4982,1600,6582,47
2022-04-01,Humboldt,023,135768,16880,16898,2947,19845,140
2022-04-01,Imperial,025,180216,55357,55266,10535,65801,908
2022-04-01,Inyo,027,18085,4072,4063,477,4540,56
2022-04-01,Kern,029,883053,191830,191384,45729,237113,2224
2022-04-01,Kings,031,150075,51478,51470,3514,54984,443
2022-04-01,Lake,033,64148,10697,10674,884,11558,136
2022-04-01,Lassen,035,31185,8956,8943,874,9817,65
2022-04-01,Los Angeles,037,10098052,2713393,2703576,123610,2827186,31410
2022-04-01,Madera,039,155013,37238,37333,6023,43356,354
2022-04-01,Marin,041,260295,33601,33493,2263,35756,287
2022-04-01,Mariposa,043,17540,2398,2391,201,2592,29
2022-04-01,Mendocino,045,87422,13067,13058,3017,16075,119
2022-04-01,Merced,047,269075,62387,62149,8679,70828,808
2022-04-01,Modoc,049,8938,738,741,251,992,8
2022-04-01,Mono,051,14174,2969,2967,121,3088,6
2022-04-01,Monterey,053,433212,79374,78964,13650,92614,726
2022-04-01,Napa,055,140530,25769,25757,940,26697,143
2022-04-01,Nevada,057,99092,15956,15962,1195,17157,123
2022-04-01,Orange,059,3164182,546707,546047,41335,587382,6880
2022-04-01,Placer,061,380077,62772,62740,7331,70071,614
2022-04-01,Plumas,063,18699,2971,2803,364,3167,14
2022-04-01,Riverside,065,2383286,591230,590563,27723,618286,6418
2022-04-01,Sacramento,067,1510023,280789,276218,26495,302713,2950
2022-04-01,San Benito,069,59416,12887,12901,511,13412,98
2022-04-01,San Bernardino,071,2135413,574195,561362,24926,586288,6865
2022-04-01,San Diego,073,3302833,751348,752281,52727,805008,5178
2022-04-01,San Francisco,075,870044,125230,125075,8253,133328,843
2022-04-01,San Joaquin,077,732212,166427,166336,9908,176244,2202
2022-04-01,San Luis Obispo,079,281455,52475,52512,3752,56264,475
2022-04-01,San Mateo,081,765935,122058,120717,6939,127656,693
2022-04-01,Santa Barbara,083,443738,85786,85611,4694,90305,678
2022-04-01,Santa Clara,085,1922200,311740,312517,12367,324884,2258
2022-04-01,Santa Cruz,087,273765,47856,47371,2086,49457,259
2022-04-01,Shasta,089,179085,30545,30556,6088,36644,530
2022-04-01,Sierra,091,2930,274,273,48,321,4
2022-04-01,Siskiyou,093,43540,4450,4439,2719,7158,80
2022-04-01,Solano,095,438530,81535,81848,5576,87424,446
2022-04-01,Sonoma,097,501317,83588,83235,2623,85858,485
2022-04-01,Stanislaus,099,539301,117543,117536,17819,135355,1581
2022-04-01,Sutter,101,95872,20479,20570,2073,22643,222
2022-04-01,Tehama,103,63373,12034,12046,2572,14618,198
2022-04-01,Trinity,105,12862,1183,1173,287,1460,20
2022-04-01,Tulare,107,460477,106232,104736,27537,132273,1410
2022-04-01,Tuolumne,109,53932,12667,12618,558,13176,180
2022-04-01,Ventura,111,848112,173227,173044,9385,182429,1460
2022-04-01,Yolo,113,214977,37055,36347,3034,39381,313
2022-04-01,Yuba,115,75493,15830,15835,1199,17034,120
2022-03-31,Alameda,001,1643700,256877,255650,13971,269621,1813
2022-03-31,Alpine,003,1148,124,124,1,125,0
2022-03-31,Amador,005,37829,8526,8485,640,9125,86
2022-03-31,Butte,007,227075,33247,32981,6979,39960,396
2022-03-31,Calaveras,009,45235,7257,7254,348,7602,119
2022-03-31,Colusa,011,21464,3445,3445,1046,4491,21
2022-03-31,Contra Costa,013,1133247,191627,188658,13289,201947,1291
2022-03-31,Del Norte,015,27424,5804,5812,185,5997,50
2022-03-31,El Dorado,017,186661,26738,26732,3197,29929,200
2022-03-31,Fresno,019,978130,231646,230559,24120,254679,2722
2022-03-31,Glenn,021,27897,4998,4982,1600,6582,47
2022-03-31,Humboldt,023,135768,16876,16898,2947,19845,140
2022-03-31,Imperial,025,180216,55354,55266,10534,65800,908
2022-03-31,Inyo,027,18085,4071,4063,474,4537,56
2022-03-31,Kern,029,883053,191815,191384,45720,237104,2224
2022-03-31,Kings,031,150075,51469,51470,3514,54984,443
2022-03-31,Lake,033,64148,10696,10674,883,11557,136
2022-03-31,Lassen,035,31185,8954,8943,874,9817,65
2022-03-31,Los Angeles,037,10098052,2712647,2703576,123554,2827130,31410
2022-03-31,Madera,039,155013,37235,37333,6023,43356,354
2022-03-31,Marin,041,260295,33575,33493,2251,35744,287
2022-03-31,Mariposa,043,17540,2397,2391,200,2591,29
2022-03-31,Mendocino,045,87422,13063,13058,3017,16075,119
2022-03-31,Merced,047,269075,62382,62149,8676,70825,808
2022-03-31,Modoc,049,8938,738,741,251,992,8
2022-03-31,Mono,051,14174,2969,2967,121,3088,6
2022-03-31,Monterey,053,433212,79357,78964,13639,92603,726
2022-03-31,Napa,055,140530,25762,25757,938,26695,143
2022-03-31,Nevada,057,99092,15949,15962,1194,17156,123
2022-03-31,Orange,059,3164182,546559,546047,41321,587368,6880
2022-03-31,Placer,061,380077,62747,62740,7328,70068,614
2022-03-31,Plumas,063,18699,2971,2803,363,3166,14
2022-03-31,Riverside,065,2383286,591120,590563,27720,618283,6418
2022-03-31,Sacramento,067,1510023,280716,276218,26487,302705,2950
2022-03-31,San Benito,069,59416,12886,12901,511,13412,98
2022-03-31,San Bernardino,071,2135413,574098,561362,24915,586277,6865
2022-03-31,San Diego,073,3302833,751112,752281,52699,804980,5178
2022-03-31,San Francisco,075,870044,125073,125075,8241,133316,843
2022-03-31,San Joaquin,077,732212,166393,166336,9893,176229,2202
2022-03-31,San Luis Obispo,079,281455,52461,52512,3751,56263,475
2022-03-31,San Mateo,081,765935,121948,120717,6937,127654,693
2022-03-31,Santa Barbara,083,443738,85756,85611,4694,90305,678
2022-03-31,Santa Clara,085,1922200,311513,312517,12355,324872,2258
2022-03-31,Santa Cruz,087,273765,47837,47371,2084,49455,259
2022-03-31,Shasta,089,179085,30539,30556,6088,36644,530
2022-03-31,Sierra,091,2930,271,273,48,321,4
2022-03-31,Siskiyou,093,43540,4448,4439,2719,7158,80
2022-03-31,Solano,095,438530,81506,81848,5573,87421,446
2022-03-31,Sonoma,097,501317,83545,83235,2617,85852,485
2022-03-31,Stanislaus,099,539301,117526,117536,17814,135350,1581
2022-03-31,Sutter,101,95872,20476,20570,2072,22642,222
2022-03-31,Tehama,103,63373,12033,12046,2571,14617,198
2022-03-31,Trinity,105,12862,1183,1173,287,1460,20
2022-03-31,Tulare,107,460477,106222,104736,27529,132265,1410
2022-03-31,Tuolumne,109,53932,12666,12618,558,13176,180
2022-03-31,Ventura,111,848112,173187,173044,9382,182426,1460
2022-03-31,Yolo,113,214977,37039,36347,3034,39381,313
2022-03-31,Yuba,115,75493,15830,15835,1196,17031,120
2022-03-30,Alameda,001,1643700,256744,255467,13963,269430,1812
2022-03-30,Alpine,003,1148,124,124,1,125,0
2022-03-30,Amador,005,37829,8526,8485,640,9125,86
2022-03-30,Butte,007,227075,33242,32968,6973,39941,396
2022-03-30,Calaveras,009,45235,7255,7253,347,7600,119
2022-03-30,Colusa,011,21464,3445,3445,1046,4491,21
2022-03-30,Contra Costa,013,1133247,191565,188496,13278,201774,1291
2022-03-30,Del Norte,015,27424,5802,5808,185,5993,50
2022-03-30,El Dorado,017,186661,26730,26722,3197,29919,200
2022-03-30,Fresno,019,978130,231635,230448,24114,254562,2720
2022-03-30,Glenn,021,27897,4997,4982,1600,6582,47
2022-03-30,Humboldt,023,135768,16873,16894,2947,19841,140
2022-03-30,Imperial,025,180216,55350,55252,10531,65783,908
2022-03-30,Inyo,027,18085,4070,4062,472,4534,56
2022-03-30,Kern,029,883053,191787,191363,45715,237078,2219
2022-03-30,Kings,031,150075,51463,51446,3513,54959,443
2022-03-30,Lake,033,64148,10695,10674,883,11557,136
2022-03-30,Lassen,035,31185,8954,8943,874,9817,65
2022-03-30,Los Angeles,037,10098052,2711824,2702536,123499,2826035,31384
2022-03-30,Madera,039,155013,37229,37330,6022,43352,354
2022-03-30,Marin,041,260295,33555,33453,2232,35685,287
2022-03-30,Mariposa,043,17540,2397,2390,200,2590,27
2022-03-30,Mendocino,045,87422,13059,13055,3014,16069,118
2022-03-30,Merced,047,269075,62377,62136,8671,70807,808
2022-03-30,Modoc,049,8938,738,739,251,990,8
2022-03-30,Mono,051,14174,2968,2967,121,3088,6
2022-03-30,Monterey,053,433212,79340,78911,13632,92543,726
2022-03-30,Napa,055,140530,25750,25745,937,26682,141
2022-03-30,Nevada,057,99092,15946,15960,1192,17152,123
2022-03-30,Orange,059,3164182,546409,545895,41299,587194,6876
2022-03-30,Placer,061,380077,62732,62705,7324,70029,614
2022-03-30,Plumas,063,18699,2971,2762,361,3123,13
2022-03-30,Riverside,065,2383286,591037,590437,27707,618144,6411
2022-03-30,Sacramento,067,1510023,280648,276081,26480,302561,2949
2022-03-30,San Benito,069,59416,12882,12898,511,13409,98
2022-03-30,San Bernardino,071,2135413,574015,561153,24911,586064,6863
2022-03-30,San Diego,073,3302833,750881,751684,52672,804356,5169
2022-03-30,San Francisco,075,870044,124967,124930,8232,133162,841
2022-03-30,San Joaquin,077,732212,166365,166299,9887,176186,2201
2022-03-30,San Luis Obispo,079,281455,52447,52484,3747,56231,475
2022-03-30,San Mateo,081,765935,121848,120548,6937,127485,693
2022-03-30,Santa Barbara,083,443738,85734,85488,4691,90179,677
2022-03-30,Santa Clara,085,1922200,311332,312253,12335,324588,2258
2022-03-30,Santa Cruz,087,273765,47781,47340,2083,49423,259
2022-03-30,Shasta,089,179085,30536,30555,6088,36643,530
2022-03-30,Sierra,091,2930,271,273,48,321,4
2022-03-30,Siskiyou,093,43540,4448,4439,2719,7158,80
2022-03-30,Solano,095,438530,81487,81816,5569,87385,443
2022-03-30,Sonoma,097,501317,83508,83163,2616,85779,485
2022-03-30,Stanislaus,099,539301,117513,117593,17811,135404,1559
2022-03-30,Sutter,101,95872,20471,20565,2072,22637,222
2022-03-30,Tehama,103,63373,12032,12045,2570,14615,198
2022-03-30,Trinity,105,12862,1182,1173,287,1460,20
2022-03-30,Tulare,107,460477,106216,104667,27522,132189,1410
2022-03-30,Tuolumne,109,53932,12664,12616,558,13174,180
2022-03-30,Ventura,111,848112,173146,172984,9374,182358,1460
2022-03-30,Yolo,113,214977,37029,36325,3031,39356,313
2022-03-30,Yuba,115,75493,15828,15830,1196,17026,120
2022-03-29,Alameda,001,1643700,256619,255261,13953,269214,1810
2022-03-29,Alpine,003,1148,124,124,1,125,0
2022-03-29,Amador,005,37829,8526,8483,640,9123,86
2022-03-29,Butte,007,227075,33239,32954,6973,39927,396
2022-03-29,Calaveras,009,45235,7254,7250,346,7596,119
2022-03-29,Colusa,011,21464,3445,3445,1046,4491,21
2022-03-29,Contra Costa,013,1133247,191477,188359,13270,201629,1290
2022-03-29,Del Norte,015,27424,5802,5806,184,5990,50
2022-03-29,El Dorado,017,186661,26725,26706,3197,29903,200
2022-03-29,Fresno,019,978130,231607,230256,24110,254366,2718
2022-03-29,Glenn,021,27897,4997,4983,1600,6583,47
2022-03-29,Humboldt,023,135768,16870,16892,2944,19836,140
2022-03-29,Imperial,025,180216,55336,55233,10530,65763,908
2022-03-29,Inyo,027,18085,4068,4062,471,4533,56
2022-03-29,Kern,029,883053,191755,191338,45708,237046,2220
2022-03-29,Kings,031,150075,51456,51416,3512,54928,443
2022-03-29,Lake,033,64148,10691,10674,883,11557,136
2022-03-29,Lassen,035,31185,8953,8943,874,9817,65
2022-03-29,Los Angeles,037,10098052,2710994,2702005,123453,2825458,31378
2022-03-29,Madera,039,155013,37221,37325,6019,43344,354
2022-03-29,Marin,041,260295,33535,33431,2227,35658,287
2022-03-29,Mariposa,043,17540,2397,2388,200,2588,23
2022-03-29,Mendocino,045,87422,13055,13053,3013,16066,119
2022-03-29,Merced,047,269075,62364,62123,8670,70793,806
2022-03-29,Modoc,049,8938,736,737,251,988,8
2022-03-29,Mono,051,14174,2968,2966,121,3087,5
2022-03-29,Monterey,053,433212,79327,78774,13624,92398,725
2022-03-29,Napa,055,140530,25743,25732,937,26669,141
2022-03-29,Nevada,057,99092,15938,15956,1192,17148,123
2022-03-29,Orange,059,3164182,546261,545832,41283,587115,6871
2022-03-29,Placer,061,380077,62714,62687,7319,70006,614
2022-03-29,Plumas,063,18699,2969,2761,361,3122,13
2022-03-29,Riverside,065,2383286,590936,590359,27699,618058,6403
2022-03-29,Sacramento,067,1510023,280582,276040,26469,302509,2946
2022-03-29,San Benito,069,59416,12880,12892,511,13403,97
2022-03-29,San Bernardino,071,2135413,573918,561026,24903,585929,6860
2022-03-29,San Diego,073,3302833,750639,751240,52649,803889,5159
2022-03-29,San Francisco,075,870044,124816,124789,8226,133015,840
2022-03-29,San Joaquin,077,732212,166329,166241,9879,176120,2198
2022-03-29,San Luis Obispo,079,281455,52431,52455,3743,56198,472
2022-03-29,San Mateo,081,765935,121754,120435,6934,127369,686
2022-03-29,Santa Barbara,083,443738,85711,85464,4691,90155,676
2022-03-29,Santa Clara,085,1922200,311094,312067,12318,324385,2259
2022-03-29,Santa Cruz,087,273765,47761,47323,2082,49405,259
2022-03-29,Shasta,089,179085,30529,30552,6086,36638,529
2022-03-29,Sierra,091,2930,271,273,48,321,4
2022-03-29,Siskiyou,093,43540,4448,4439,2718,7157,80
2022-03-29,Solano,095,438530,81465,81713,5566,87279,441
2022-03-29,Sonoma,097,501317,83475,83130,2610,85740,485
2022-03-29,Stanislaus,099,539301,117494,117683,17805,135488,1559
2022-03-29,Sutter,101,95872,20469,20556,2071,22627,221
2022-03-29,Tehama,103,63373,12030,12045,2570,14615,198
2022-03-29,Trinity,105,12862,1182,1173,287,1460,20
2022-03-29,Tulare,107,460477,106211,104622,27517,132139,1406
2022-03-29,Tuolumne,109,53932,12662,12615,558,13173,180
2022-03-29,Ventura,111,848112,173091,172946,9373,182319,1460
2022-03-29,Yolo,113,214977,37016,36296,3030,39326,313
2022-03-29,Yuba,115,75493,15824,15824,1195,17019,117
2022-03-28,Alameda,001,1643700,256466,255192,13943,269135,1808
2022-03-28,Alpine,003,1148,124,124,1,125,0
2022-03-28,Amador,005,37829,8525,8480,640,9120,86
2022-03-28,Butte,007,227075,33222,32947,6973,39920,392
2022-03-28,Calaveras,009,45235,7254,7247,346,7593,119
2022-03-28,Colusa,011,21464,3445,3445,1046,4491,21
2022-03-28,Contra Costa,013,1133247,191397,188305,13265,201570,1290
2022-03-28,Del Norte,015,27424,5800,5834,184,6018,50
2022-03-28,El Dorado,017,186661,26718,26703,3195,29898,200
2022-03-28,Fresno,019,978130,231579,230144,24093,254237,2717
2022-03-28,Glenn,021,27897,4996,4983,1600,6583,47
2022-03-28,Humboldt,023,135768,16869,16916,2944,19860,140
2022-03-28,Imperial,025,180216,55326,55245,10530,65775,909
2022-03-28,Inyo,027,18085,4067,4062,471,4533,56
2022-03-28,Kern,029,883053,191729,191333,45699,237032,2212
2022-03-28,Kings,031,150075,51443,51405,3512,54917,443
2022-03-28,Lake,033,64148,10689,10673,883,11556,136
2022-03-28,Lassen,035,31185,8953,8946,874,9820,63
2022-03-28,Los Angeles,037,10098052,2710121,2700997,123414,2824411,31349
2022-03-28,Madera,039,155013,37217,37324,6019,43343,354
2022-03-28,Marin,041,260295,33510,33391,2222,35613,287
2022-03-28,Mariposa,043,17540,2396,2388,200,2588,23
2022-03-28,Mendocino,045,87422,13053,13046,3012,16058,118
2022-03-28,Merced,047,269075,62354,62116,8665,70781,805
2022-03-28,Modoc,049,8938,735,736,251,987,7
2022-03-28,Mono,051,14174,2968,2966,121,3087,5
2022-03-28,Monterey,053,433212,79294,78784,13620,92404,724
2022-03-28,Napa,055,140530,25737,25723,936,26659,140
2022-03-28,Nevada,057,99092,15936,15969,1192,17161,123
2022-03-28,Orange,059,3164182,546132,545700,41257,586957,6860
2022-03-28,Placer,061,380077,62694,62687,7318,70005,613
2022-03-28,Plumas,063,18699,2968,2760,361,3121,13
2022-03-28,Riverside,065,2383286,590837,590298,27691,617989,6397
2022-03-28,Sacramento,067,1510023,280513,275889,26457,302346,2946
2022-03-28,San Benito,069,59416,12880,12889,511,13400,97
2022-03-28,San Bernardino,071,2135413,573836,560836,24892,585728,6858
2022-03-28,San Diego,073,3302833,750400,750659,52615,803274,5155
2022-03-28,San Francisco,075,870044,124676,124678,8216,132894,839
2022-03-28,San Joaquin,077,732212,166297,166247,9877,176124,2196
2022-03-28,San Luis Obispo,079,281455,52406,52434,3740,56174,470
2022-03-28,San Mateo,081,765935,121640,120337,6927,127264,686
2022-03-28,Santa Barbara,083,443738,85683,85442,4689,90131,675
2022-03-28,Santa Clara,085,1922200,310865,311953,12309,324262,2257
2022-03-28,Santa Cruz,087,273765,47728,47324,2082,49406,259
2022-03-28,Shasta,089,179085,30528,30550,6085,36635,527
2022-03-28,Sierra,091,2930,271,273,48,321,4
2022-03-28,Siskiyou,093,43540,4447,4438,2718,7156,80
2022-03-28,Solano,095,438530,81437,81704,5561,87265,441
2022-03-28,Sonoma,097,501317,83429,83105,2605,85710,485
2022-03-28,Stanislaus,099,539301,117482,117783,17800,135583,1562
2022-03-28,Sutter,101,95872,20463,20549,2071,22620,221
2022-03-28,Tehama,103,63373,12030,12041,2570,14611,200
2022-03-28,Trinity,105,12862,1182,1173,287,1460,20
2022-03-28,Tulare,107,460477,106199,104576,27511,132087,1404
2022-03-28,Tuolumne,109,53932,12662,12627,558,13185,180
2022-03-28,Ventura,111,848112,173052,172867,9372,182239,1455
2022-03-28,Yolo,113,214977,36998,36282,3028,39310,312
2022-03-28,Yuba,115,75493,15823,15821,1193,17014,117
2022-03-27,Alameda,001,1643700,256279,255132,13934,269066,1809
2022-03-27,Alpine,003,1148,124,124,1,125,0
2022-03-27,Amador,005,37829,8522,8480,640,9120,86
2022-03-27,Butte,007,227075,33209,32943,6967,39910,392
2022-03-27,Calaveras,009,45235,7252,7245,346,7591,119
2022-03-27,Colusa,011,21464,3445,3445,1046,4491,21
2022-03-27,Contra Costa,013,1133247,191282,188251,13248,201499,1290
2022-03-27,Del Norte,015,27424,5799,5836,184,6020,50
2022-03-27,El Dorado,017,186661,26704,26699,3192,29891,200
2022-03-27,Fresno,019,978130,231532,230049,24075,254124,2717
2022-03-27,Glenn,021,27897,4994,4983,1600,6583,47
2022-03-27,Humboldt,023,135768,16865,16920,2944,19864,140
2022-03-27,Imperial,025,180216,55313,55240,10529,65769,909
2022-03-27,Inyo,027,18085,4066,4062,469,4531,56
2022-03-27,Kern,029,883053,191691,191332,45693,237025,2213
2022-03-27,Kings,031,150075,51434,51400,3512,54912,443
2022-03-27,Lake,033,64148,10688,10672,882,11554,136
2022-03-27,Lassen,035,31185,8953,8946,874,9820,63
2022-03-27,Los Angeles,037,10098052,2709305,2700983,123367,2824350,31348
2022-03-27,Madera,039,155013,37213,37323,6017,43340,354
2022-03-27,Marin,041,260295,33473,33391,2212,35603,287
2022-03-27,Mariposa,043,17540,2396,2390,200,2590,23
2022-03-27,Mendocino,045,87422,13049,13046,3010,16056,118
2022-03-27,Merced,047,269075,62344,62110,8664,70774,805
2022-03-27,Modoc,049,8938,734,736,249,985,7
2022-03-27,Mono,051,14174,2968,2966,121,3087,5
2022-03-27,Monterey,053,433212,79273,78778,13608,92386,724
2022-03-27,Napa,055,140530,25721,25723,936,26659,140
2022-03-27,Nevada,057,99092,15932,15967,1190,17157,123
2022-03-27,Orange,059,3164182,545998,545644,41223,586867,6860
2022-03-27,Placer,061,380077,62676,62680,7317,69997,613
2022-03-27,Plumas,063,18699,2967,2760,359,3119,13
2022-03-27,Riverside,065,2383286,590751,590251,27680,617931,6395
2022-03-27,Sacramento,067,1510023,280432,275854,26450,302304,2941
2022-03-27,San Benito,069,59416,12875,12889,510,13399,97
2022-03-27,San Bernardino,071,2135413,573719,560853,24890,585743,6862
2022-03-27,San Diego,073,3302833,750144,750659,52592,803251,5155
2022-03-27,San Francisco,075,870044,124489,124619,8205,132824,839
2022-03-27,San Joaquin,077,732212,166261,166238,9873,176111,2196
2022-03-27,San Luis Obispo,079,281455,52385,52430,3738,56168,470
2022-03-27,San Mateo,081,765935,121536,120324,6921,127245,686
2022-03-27,Santa Barbara,083,443738,85647,85434,4687,90121,675
2022-03-27,Santa Clara,085,1922200,310654,311822,12302,324124,2257
2022-03-27,Santa Cruz,087,273765,47695,47321,2080,49401,259
2022-03-27,Shasta,089,179085,30524,30550,6083,36633,527
2022-03-27,Sierra,091,2930,271,273,48,321,4
2022-03-27,Siskiyou,093,43540,4447,4436,2717,7153,80
2022-03-27,Solano,095,438530,81395,81691,5558,87249,441
2022-03-27,Sonoma,097,501317,83376,83088,2601,85689,485
2022-03-27,Stanislaus,099,539301,117462,117778,17797,135575,1562
2022-03-27,Sutter,101,95872,20457,20545,2071,22616,221
2022-03-27,Tehama,103,63373,12030,12040,2570,14610,200
2022-03-27,Trinity,105,12862,1182,1173,287,1460,20
2022-03-27,Tulare,107,460477,106190,104582,27502,132084,1404
2022-03-27,Tuolumne,109,53932,12661,12628,558,13186,180
2022-03-27,Ventura,111,848112,173007,172831,9370,182201,1455
2022-03-27,Yolo,113,214977,36977,36232,3025,39257,312
2022-03-27,Yuba,115,75493,15820,15821,1186,17007,117
2022-03-26,Alameda,001,1643700,256199,254691,13933,268624,1803
2022-03-26,Alpine,003,1148,124,124,1,125,0
2022-03-26,Amador,005,37829,8522,8476,640,9116,86
2022-03-26,Butte,007,227075,33205,32929,6965,39894,391
2022-03-26,Calaveras,009,45235,7250,7240,346,7586,120
2022-03-26,Colusa,011,21464,3443,3445,1046,4491,21
2022-03-26,Contra Costa,013,1133247,191229,187990,13245,201235,1285
2022-03-26,Del Norte,015,27424,5797,5831,184,6015,50
2022-03-26,El Dorado,017,186661,26696,26674,3190,29864,200
2022-03-26,Fresno,019,978130,231509,229799,24074,253873,2710
2022-03-26,Glenn,021,27897,4993,4978,1600,6578,47
2022-03-26,Humboldt,023,135768,16861,16911,2944,19855,139
2022-03-26,Imperial,025,180216,55307,55230,10528,65758,913
2022-03-26,Inyo,027,18085,4066,4060,468,4528,56
2022-03-26,Kern,029,883053,191678,191288,45689,236977,2201
2022-03-26,Kings,031,150075,51433,51397,3512,54909,444
2022-03-26,Lake,033,64148,10688,10659,882,11541,136
2022-03-26,Lassen,035,31185,8953,8944,874,9818,63
2022-03-26,Los Angeles,037,10098052,2708850,2698028,123325,2821353,31291
2022-03-26,Madera,039,155013,37210,37321,6015,43336,354
2022-03-26,Marin,041,260295,33462,33317,2208,35525,287
2022-03-26,Mariposa,043,17540,2396,2386,200,2586,23
2022-03-26,Mendocino,045,87422,13045,13038,3010,16048,118
2022-03-26,Merced,047,269075,62338,62083,8662,70745,805
2022-03-26,Modoc,049,8938,734,736,249,985,7
2022-03-26,Mono,051,14174,2968,2966,121,3087,5
2022-03-26,Monterey,053,433212,79266,78688,13606,92294,724
2022-03-26,Napa,055,140530,25717,25701,936,26637,139
2022-03-26,Nevada,057,99092,15928,15960,1190,17150,123
2022-03-26,Orange,059,3164182,545921,545294,41212,586506,6853
2022-03-26,Placer,061,380077,62664,62634,7313,69947,613
2022-03-26,Plumas,063,18699,2967,2758,358,3116,13
2022-03-26,Riverside,065,2383286,590682,590060,27679,617739,6397
2022-03-26,Sacramento,067,1510023,280398,275529,26448,301977,2935
2022-03-26,San Benito,069,59416,12875,12885,510,13395,97
2022-03-26,San Bernardino,071,2135413,573659,560742,24886,585628,6840
2022-03-26,San Diego,073,3302833,750020,750170,52585,802755,5146
2022-03-26,San Francisco,075,870044,124383,124265,8199,132464,839
2022-03-26,San Joaquin,077,732212,166240,166079,9872,175951,2195
2022-03-26,San Luis Obispo,079,281455,52379,52369,3738,56107,469
2022-03-26,San Mateo,081,765935,121477,120165,6913,127078,684
2022-03-26,Santa Barbara,083,443738,85627,85477,4685,90162,674
2022-03-26,Santa Clara,085,1922200,310496,311189,12295,323484,2250
2022-03-26,Santa Cruz,087,273765,47684,47329,2080,49409,259
2022-03-26,Shasta,089,179085,30523,30542,6082,36624,527
2022-03-26,Sierra,091,2930,271,273,48,321,4
2022-03-26,Siskiyou,093,43540,4446,4433,2717,7150,80
2022-03-26,Solano,095,438530,81386,81659,5558,87217,441
2022-03-26,Sonoma,097,501317,83346,83113,2596,85709,485
2022-03-26,Stanislaus,099,539301,117455,117962,17796,135758,1565
2022-03-26,Sutter,101,95872,20455,20536,2071,22607,221
2022-03-26,Tehama,103,63373,12030,12036,2569,14605,195
2022-03-26,Trinity,105,12862,1182,1174,287,1461,20
2022-03-26,Tulare,107,460477,106183,104538,27501,132039,1400
2022-03-26,Tuolumne,109,53932,12659,12628,558,13186,180
2022-03-26,Ventura,111,848112,172966,172690,9366,182056,1455
2022-03-26,Yolo,113,214977,36968,36234,3025,39259,311
2022-03-26,Yuba,115,75493,15819,15807,1186,16993,117
2022-03-25,Alameda,001,1643700,256135,254691,13930,268621,1803
2022-03-25,Alpine,003,1148,124,124,1,125,0
2022-03-25,Amador,005,37829,8521,8476,640,9116,86
2022-03-25,Butte,007,227075,33200,32929,6965,39894,391
2022-03-25,Calaveras,009,45235,7249,7240,346,7586,120
2022-03-25,Colusa,011,21464,3443,3445,1046,4491,21
2022-03-25,Contra Costa,013,1133247,191182,187990,13242,201232,1285
2022-03-25,Del Norte,015,27424,5797,5831,184,6015,50
2022-03-25,El Dorado,017,186661,26692,26674,3190,29864,200
2022-03-25,Fresno,019,978130,231480,229799,24066,253865,2710
2022-03-25,Glenn,021,27897,4993,4978,1600,6578,47
2022-03-25,Humboldt,023,135768,16861,16911,2944,19855,139
2022-03-25,Imperial,025,180216,55302,55230,10527,65757,913
2022-03-25,Inyo,027,18085,4065,4060,468,4528,56
2022-03-25,Kern,029,883053,191668,191288,45688,236976,2201
2022-03-25,Kings,031,150075,51432,51397,3512,54909,444
2022-03-25,Lake,033,64148,10688,10659,882,11541,136
2022-03-25,Lassen,035,31185,8952,8944,874,9818,63
2022-03-25,Los Angeles,037,10098052,2708426,2698028,123292,2821320,31291
2022-03-25,Madera,039,155013,37209,37321,6014,43335,354
2022-03-25,Marin,041,260295,33447,33317,2199,35516,287
2022-03-25,Mariposa,043,17540,2396,2386,200,2586,23
2022-03-25,Mendocino,045,87422,13045,13038,3010,16048,118
2022-03-25,Merced,047,269075,62332,62083,8661,70744,805
2022-03-25,Modoc,049,8938,734,736,249,985,7
2022-03-25,Mono,051,14174,2967,2966,121,3087,5
2022-03-25,Monterey,053,433212,79255,78688,13603,92291,724
2022-03-25,Napa,055,140530,25710,25701,936,26637,139
2022-03-25,Nevada,057,99092,15927,15960,1190,17150,123
2022-03-25,Orange,059,3164182,545847,545294,41196,586490,6853
2022-03-25,Placer,061,380077,62658,62634,7310,69944,613
2022-03-25,Plumas,063,18699,2966,2758,358,3116,13
2022-03-25,Riverside,065,2383286,590622,590060,27668,617728,6397
2022-03-25,Sacramento,067,1510023,280356,275529,26446,301975,2935
2022-03-25,San Benito,069,59416,12875,12885,510,13395,97
2022-03-25,San Bernardino,071,2135413,573619,560742,24883,585625,6840
2022-03-25,San Diego,073,3302833,749897,750170,52574,802744,5146
2022-03-25,San Francisco,075,870044,124302,124265,8186,132451,839
2022-03-25,San Joaquin,077,732212,166226,166079,9869,175948,2195
2022-03-25,San Luis Obispo,079,281455,52376,52369,3737,56106,469
2022-03-25,San Mateo,081,765935,121425,120165,6913,127078,684
2022-03-25,Santa Barbara,083,443738,85612,85477,4683,90160,674
2022-03-25,Santa Clara,085,1922200,310345,311189,12290,323479,2250
2022-03-25,Santa Cruz,087,273765,47676,47329,2080,49409,259
2022-03-25,Shasta,089,179085,30519,30542,6081,36623,527
2022-03-25,Sierra,091,2930,271,273,48,321,4
2022-03-25,Siskiyou,093,43540,4444,4433,2715,7148,80
2022-03-25,Solano,095,438530,81372,81659,5556,87215,441
2022-03-25,Sonoma,097,501317,83309,83113,2596,85709,485
2022-03-25,Stanislaus,099,539301,117441,117962,17795,135757,1565
2022-03-25,Sutter,101,95872,20450,20536,2071,22607,221
2022-03-25,Tehama,103,63373,12028,12036,2569,14605,195
2022-03-25,Trinity,105,12862,1182,1174,287,1461,20
2022-03-25,Tulare,107,460477,106179,104538,27501,132039,1400
2022-03-25,Tuolumne,109,53932,12658,12628,558,13186,180
2022-03-25,Ventura,111,848112,172928,172690,9366,182056,1455
2022-03-25,Yolo,113,214977,36956,36234,3024,39258,311
2022-03-25,Yuba,115,75493,15814,15807,1185,16992,117
2022-03-24,Alameda,001,1643700,256018,254691,13914,268605,1803
2022-03-24,Alpine,003,1148,124,124,1,125,0
2022-03-24,Amador,005,37829,8521,8476,640,9116,86
2022-03-24,Butte,007,227075,33194,32929,6965,39894,391
2022-03-24,Calaveras,009,45235,7247,7240,346,7586,120
2022-03-24,Colusa,011,21464,3443,3445,1046,4491,21
2022-03-24,Contra Costa,013,1133247,191103,187990,13239,201229,1285
2022-03-24,Del Norte,015,27424,5793,5831,184,6015,50
2022-03-24,El Dorado,017,186661,26682,26674,3190,29864,200
2022-03-24,Fresno,019,978130,231438,229799,24056,253855,2710
2022-03-24,Glenn,021,27897,4992,4978,1600,6578,47
2022-03-24,Humboldt,023,135768,16856,16911,2942,19853,139
2022-03-24,Imperial,025,180216,55295,55230,10527,65757,913
2022-03-24,Inyo,027,18085,4064,4060,468,4528,56
2022-03-24,Kern,029,883053,191658,191288,45686,236974,2201
2022-03-24,Kings,031,150075,51423,51397,3510,54907,444
2022-03-24,Lake,033,64148,10687,10659,882,11541,136
2022-03-24,Lassen,035,31185,8951,8944,874,9818,63
2022-03-24,Los Angeles,037,10098052,2707853,2698028,123246,2821274,31291
2022-03-24,Madera,039,155013,37207,37321,6012,43333,354
2022-03-24,Marin,041,260295,33426,33317,2190,35507,287
2022-03-24,Mariposa,043,17540,2396,2386,200,2586,23
2022-03-24,Mendocino,045,87422,13039,13038,3007,16045,118
2022-03-24,Merced,047,269075,62325,62083,8660,70743,805
2022-03-24,Modoc,049,8938,734,736,249,985,7
2022-03-24,Mono,051,14174,2967,2966,121,3087,5
2022-03-24,Monterey,053,433212,79229,78688,13589,92277,724
2022-03-24,Napa,055,140530,25701,25701,936,26637,139
2022-03-24,Nevada,057,99092,15923,15960,1189,17149,123
2022-03-24,Orange,059,3164182,545745,545294,41181,586475,6853
2022-03-24,Placer,061,380077,62638,62634,7309,69943,613
2022-03-24,Plumas,063,18699,2966,2758,358,3116,13
2022-03-24,Riverside,065,2383286,590545,590060,27660,617720,6397
2022-03-24,Sacramento,067,1510023,280287,275529,26441,301970,2935
2022-03-24,San Benito,069,59416,12874,12885,509,13394,97
2022-03-24,San Bernardino,071,2135413,573536,560742,24879,585621,6840
2022-03-24,San Diego,073,3302833,749689,750170,52561,802731,5146
2022-03-24,San Francisco,075,870044,124220,124265,8180,132445,839
2022-03-24,San Joaquin,077,732212,166199,166079,9869,175948,2195
2022-03-24,San Luis Obispo,079,281455,52360,52369,3736,56105,469
2022-03-24,San Mateo,081,765935,121377,120165,6909,127074,684
2022-03-24,Santa Barbara,083,443738,85597,85477,4680,90157,674
2022-03-24,Santa Clara,085,1922200,310199,311189,12273,323462,2250
2022-03-24,Santa Cruz,087,273765,47658,47329,2079,49408,259
2022-03-24,Shasta,089,179085,30511,30542,6081,36623,527
2022-03-24,Sierra,091,2930,271,273,48,321,4
2022-03-24,Siskiyou,093,43540,4441,4433,2715,7148,80
2022-03-24,Solano,095,438530,81353,81659,5555,87214,441
2022-03-24,Sonoma,097,501317,83274,83113,2594,85707,485
2022-03-24,Stanislaus,099,539301,117433,117962,17792,135754,1565
2022-03-24,Sutter,101,95872,20445,20536,2071,22607,221
2022-03-24,Tehama,103,63373,12026,12036,2568,14604,195
2022-03-24,Trinity,105,12862,1182,1174,287,1461,20
2022-03-24,Tulare,107,460477,106168,104538,27496,132034,1400
2022-03-24,Tuolumne,109,53932,12656,12628,558,13186,180
2022-03-24,Ventura,111,848112,172885,172690,9365,182055,1455
2022-03-24,Yolo,113,214977,36950,36234,3020,39254,311
2022-03-24,Yuba,115,75493,15810,15807,1183,16990,117
2022-03-23,Alameda,001,1643700,255885,254559,13903,268462,1802
2022-03-23,Alpine,003,1148,124,124,1,125,0
2022-03-23,Amador,005,37829,8521,8475,640,9115,86
2022-03-23,Butte,007,227075,33179,32920,6964,39884,387
2022-03-23,Calaveras,009,45235,7242,7237,346,7583,120
2022-03-23,Colusa,011,21464,3442,3444,1046,4490,21
2022-03-23,Contra Costa,013,1133247,191005,187898,13228,201126,1279
2022-03-23,Del Norte,015,27424,5791,5830,184,6014,50
2022-03-23,El Dorado,017,186661,26676,26670,3190,29860,200
2022-03-23,Fresno,019,978130,231402,229656,24043,253699,2710
2022-03-23,Glenn,021,27897,4992,4975,1600,6575,47
2022-03-23,Humboldt,023,135768,16855,16908,2941,19849,139
2022-03-23,Imperial,025,180216,55289,55211,10526,65737,909
2022-03-23,Inyo,027,18085,4064,4060,468,4528,56
2022-03-23,Kern,029,883053,191641,191241,45681,236922,2196
2022-03-23,Kings,031,150075,51412,51384,3510,54894,442
2022-03-23,Lake,033,64148,10683,10658,881,11539,135
2022-03-23,Lassen,035,31185,8950,8944,873,9817,63
2022-03-23,Los Angeles,037,10098052,2707172,2697227,123217,2820444,31267
2022-03-23,Madera,039,155013,37202,37317,6009,43326,354
2022-03-23,Marin,041,260295,33400,33274,2185,35459,287
2022-03-23,Mariposa,043,17540,2394,2382,199,2581,11
2022-03-23,Mendocino,045,87422,13035,13033,3006,16039,118
2022-03-23,Merced,047,269075,62314,62056,8657,70713,805
2022-03-23,Modoc,049,8938,734,736,249,985,7
2022-03-23,Mono,051,14174,2967,2966,121,3087,5
2022-03-23,Monterey,053,433212,79212,78655,13565,92220,724
2022-03-23,Napa,055,140530,25688,25691,934,26625,139
2022-03-23,Nevada,057,99092,15921,15958,1189,17147,123
2022-03-23,Orange,059,3164182,545614,545158,41168,586326,6852
2022-03-23,Placer,061,380077,62619,62622,7307,69929,613
2022-03-23,Plumas,063,18699,2966,2747,358,3105,13
2022-03-23,Riverside,065,2383286,590472,589947,27655,617602,6388
2022-03-23,Sacramento,067,1510023,280224,275398,26433,301831,2934
2022-03-23,San Benito,069,59416,12873,12884,509,13393,97
2022-03-23,San Bernardino,071,2135413,573463,560550,24875,585425,6828
2022-03-23,San Diego,073,3302833,749495,749871,52538,802409,5143
2022-03-23,San Francisco,075,870044,124107,124110,8173,132283,838
2022-03-23,San Joaquin,077,732212,166162,166041,9862,175903,2187
2022-03-23,San Luis Obispo,079,281455,52343,52344,3731,56075,469
2022-03-23,San Mateo,081,765935,121293,120080,6899,126979,685
2022-03-23,Santa Barbara,083,443738,85580,85464,4679,90143,673
2022-03-23,Santa Clara,085,1922200,310035,310956,12261,323217,2250
2022-03-23,Santa Cruz,087,273765,47639,47314,2075,49389,259
2022-03-23,Shasta,089,179085,30507,30524,6080,36604,526
2022-03-23,Sierra,091,2930,271,273,48,321,4
2022-03-23,Siskiyou,093,43540,4440,4433,2715,7148,80
2022-03-23,Solano,095,438530,81319,81615,5554,87169,441
2022-03-23,Sonoma,097,501317,83241,83074,2591,85665,482
2022-03-23,Stanislaus,099,539301,117416,118041,17789,135830,1568
2022-03-23,Sutter,101,95872,20442,20532,2071,22603,218
2022-03-23,Tehama,103,63373,12023,12035,2568,14603,195
2022-03-23,Trinity,105,12862,1182,1174,287,1461,20
2022-03-23,Tulare,107,460477,106151,104489,27491,131980,1394
2022-03-23,Tuolumne,109,53932,12655,12629,558,13187,180
2022-03-23,Ventura,111,848112,172837,172647,9363,182010,1455
2022-03-23,Yolo,113,214977,36930,36197,3018,39215,308
2022-03-23,Yuba,115,75493,15803,15801,1182,16983,117
2022-03-22,Alameda,001,1643700,255762,254467,13605,268072,1802
2022-03-22,Alpine,003,1148,124,122,1,123,0
2022-03-22,Amador,005,37829,8520,8462,639,9101,86
2022-03-22,Butte,007,227075,33169,32907,6960,39867,387
2022-03-22,Calaveras,009,45235,7240,7237,346,7583,120
2022-03-22,Colusa,011,21464,3441,3445,1046,4491,21
2022-03-22,Contra Costa,013,1133247,190929,187813,13207,201020,1279
2022-03-22,Del Norte,015,27424,5785,5824,184,6008,50
2022-03-22,El Dorado,017,186661,26669,26661,3190,29851,200
2022-03-22,Fresno,019,978130,231353,229551,24034,253585,2708
2022-03-22,Glenn,021,27897,4990,4971,1600,6571,47
2022-03-22,Humboldt,023,135768,16852,16911,2941,19852,139
2022-03-22,Imperial,025,180216,55277,55170,10523,65693,908
2022-03-22,Inyo,027,18085,4064,4060,468,4528,56
2022-03-22,Kern,029,883053,191618,191213,45673,236886,2195
2022-03-22,Kings,031,150075,51400,51369,3509,54878,442
2022-03-22,Lake,033,64148,10681,10657,880,11537,135
2022-03-22,Lassen,035,31185,8950,8940,873,9813,63
2022-03-22,Los Angeles,037,10098052,2706504,2696746,123170,2819916,31250
2022-03-22,Madera,039,155013,37199,37304,6006,43310,354
2022-03-22,Marin,041,260295,33375,33253,2181,35434,287
2022-03-22,Mariposa,043,17540,2392,2382,199,2581,6
2022-03-22,Mendocino,045,87422,13030,13030,3004,16034,118
2022-03-22,Merced,047,269075,62303,62056,8653,70709,805
2022-03-22,Modoc,049,8938,734,735,249,984,7
2022-03-22,Mono,051,14174,2967,2963,121,3084,5
2022-03-22,Monterey,053,433212,79195,78614,13555,92169,724
2022-03-22,Napa,055,140530,25678,25688,933,26621,139
2022-03-22,Nevada,057,99092,15913,15950,1189,17139,123
2022-03-22,Orange,059,3164182,545472,545075,41151,586226,6843
2022-03-22,Placer,061,380077,62606,62604,7305,69909,610
2022-03-22,Plumas,063,18699,2965,2744,358,3102,13
2022-03-22,Riverside,065,2383286,590397,589816,27652,617468,6383
2022-03-22,Sacramento,067,1510023,280148,275374,26422,301796,2927
2022-03-22,San Benito,069,59416,12872,12884,508,13392,97
2022-03-22,San Bernardino,071,2135413,573381,560371,24855,585226,6811
2022-03-22,San Diego,073,3302833,749297,749647,52518,802165,5141
2022-03-22,San Francisco,075,870044,124000,123998,8167,132165,838
2022-03-22,San Joaquin,077,732212,166134,165992,9859,175851,2187
2022-03-22,San Luis Obispo,079,281455,52335,52257,3731,55988,465
2022-03-22,San Mateo,081,765935,121220,119975,6896,126871,686
2022-03-22,Santa Barbara,083,443738,85563,85457,4678,90135,672
2022-03-22,Santa Clara,085,1922200,309866,310787,12249,323036,2249
2022-03-22,Santa Cruz,087,273765,47619,47287,2074,49361,259
2022-03-22,Shasta,089,179085,30501,30528,6080,36608,525
2022-03-22,Sierra,091,2930,271,273,48,321,4
2022-03-22,Siskiyou,093,43540,4440,4429,2714,7143,80
2022-03-22,Solano,095,438530,81296,81587,5551,87138,440
2022-03-22,Sonoma,097,501317,83212,83042,2588,85630,482
2022-03-22,Stanislaus,099,539301,117399,118025,17785,135810,1568
2022-03-22,Sutter,101,95872,20441,20525,2068,22593,218
2022-03-22,Tehama,103,63373,12021,12034,2568,14602,162
2022-03-22,Trinity,105,12862,1182,1174,287,1461,20
2022-03-22,Tulare,107,460477,106140,104431,27483,131914,1391
2022-03-22,Tuolumne,109,53932,12655,12628,558,13186,180
2022-03-22,Ventura,111,848112,172788,172590,9361,181951,1455
2022-03-22,Yolo,113,214977,36910,36184,3017,39201,308
2022-03-22,Yuba,115,75493,15800,15795,1181,16976,117
2022-03-21,Alameda,001,1643700,255533,254354,13597,267951,1799
2022-03-21,Alpine,003,1148,124,122,1,123,0
2022-03-21,Amador,005,37829,8517,8461,638,9099,85
2022-03-21,Butte,007,227075,33158,32895,6957,39852,385
2022-03-21,Calaveras,009,45235,7239,7237,346,7583,119
2022-03-21,Colusa,011,21464,3441,3445,1046,4491,21
2022-03-21,Contra Costa,013,1133247,190865,187509,13192,200701,1276
2022-03-21,Del Norte,015,27424,5784,5824,184,6008,50
2022-03-21,El Dorado,017,186661,26658,26610,3190,29800,199
2022-03-21,Fresno,019,978130,231305,229374,24026,253400,2707
2022-03-21,Glenn,021,27897,4988,4972,1595,6567,46
2022-03-21,Humboldt,023,135768,16842,16912,2928,19840,139
2022-03-21,Imperial,025,180216,55264,55133,10522,65655,908
2022-03-21,Inyo,027,18085,4063,4060,468,4528,56
2022-03-21,Kern,029,883053,191585,191184,45667,236851,2187
2022-03-21,Kings,031,150075,51386,51366,3507,54873,441
2022-03-21,Lake,033,64148,10679,10655,880,11535,135
2022-03-21,Lassen,035,31185,8949,8939,873,9812,63
2022-03-21,Los Angeles,037,10098052,2705641,2694711,123121,2817832,31218
2022-03-21,Madera,039,155013,37193,37288,6003,43291,354
2022-03-21,Marin,041,260295,33331,33242,2176,35418,287
2022-03-21,Mariposa,043,17540,2391,2383,198,2581,6
2022-03-21,Mendocino,045,87422,13022,13028,3002,16030,118
2022-03-21,Merced,047,269075,62290,62048,8648,70696,803
2022-03-21,Modoc,049,8938,732,734,249,983,7
2022-03-21,Mono,051,14174,2967,2962,121,3083,5
2022-03-21,Monterey,053,433212,79146,78572,13542,92114,724
2022-03-21,Napa,055,140530,25670,25684,931,26615,138
2022-03-21,Nevada,057,99092,15909,15963,1188,17151,123
2022-03-21,Orange,059,3164182,545319,544943,41134,586077,6841
2022-03-21,Placer,061,380077,62587,62550,7304,69854,610
2022-03-21,Plumas,063,18699,2965,2744,358,3102,13
2022-03-21,Riverside,065,2383286,590316,589707,27648,617355,6376
2022-03-21,Sacramento,067,1510023,280058,275334,26407,301741,2925
2022-03-21,San Benito,069,59416,12866,12872,508,13380,97
2022-03-21,San Bernardino,071,2135413,573293,560210,24842,585052,6807
2022-03-21,San Diego,073,3302833,749072,748833,52498,801331,5138
2022-03-21,San Francisco,075,870044,123832,123912,8158,132070,835
2022-03-21,San Joaquin,077,732212,166108,165939,9856,175795,2185
2022-03-21,San Luis Obispo,079,281455,52310,52219,3726,55945,463
2022-03-21,San Mateo,081,765935,121061,119899,6894,126793,684
2022-03-21,Santa Barbara,083,443738,85548,85416,4676,90092,672
2022-03-21,Santa Clara,085,1922200,309605,310509,12246,322755,2245
2022-03-21,Santa Cruz,087,273765,47583,47267,2073,49340,259
2022-03-21,Shasta,089,179085,30495,30523,6078,36601,525
2022-03-21,Sierra,091,2930,271,273,48,321,4
2022-03-21,Siskiyou,093,43540,4440,4426,2714,7140,80
2022-03-21,Solano,095,438530,81268,81399,5550,86949,441
2022-03-21,Sonoma,097,501317,83173,82979,2583,85562,482
2022-03-21,Stanislaus,099,539301,117366,118144,17783,135927,1571
2022-03-21,Sutter,101,95872,20438,20523,2056,22579,218
2022-03-21,Tehama,103,63373,12017,12030,2568,14598,160
2022-03-21,Trinity,105,12862,1182,1174,287,1461,20
2022-03-21,Tulare,107,460477,106120,104350,27478,131828,1389
2022-03-21,Tuolumne,109,53932,12655,12620,558,13178,180
2022-03-21,Ventura,111,848112,172718,172537,9357,181894,1452
2022-03-21,Yolo,113,214977,36894,36141,3015,39156,307
2022-03-21,Yuba,115,75493,15797,15790,1180,16970,117
2022-03-20,Alameda,001,1643700,255397,254293,13587,267880,1801
2022-03-20,Alpine,003,1148,122,122,1,123,0
2022-03-20,Amador,005,37829,8514,8460,638,9098,85
2022-03-20,Butte,007,227075,33143,32892,6953,39845,385
2022-03-20,Calaveras,009,45235,7239,7233,343,7576,119
2022-03-20,Colusa,011,21464,3441,3446,1046,4492,21
2022-03-20,Contra Costa,013,1133247,190762,187467,13182,200649,1276
2022-03-20,Del Norte,015,27424,5782,5821,184,6005,50
2022-03-20,El Dorado,017,186661,26650,26608,3190,29798,199
2022-03-20,Fresno,019,978130,231227,229297,24015,253312,2707
2022-03-20,Glenn,021,27897,4987,4972,1595,6567,46
2022-03-20,Humboldt,023,135768,16840,16913,2926,19839,139
2022-03-20,Imperial,025,180216,55253,55133,10521,65654,908
2022-03-20,Inyo,027,18085,4063,4060,468,4528,56
2022-03-20,Kern,029,883053,191542,191170,45662,236832,2187
2022-03-20,Kings,031,150075,51375,51360,3507,54867,441
2022-03-20,Lake,033,64148,10675,10652,880,11532,135
2022-03-20,Lassen,035,31185,8947,8938,873,9811,63
2022-03-20,Los Angeles,037,10098052,2704845,2694698,123077,2817775,31219
2022-03-20,Madera,039,155013,37188,37284,6000,43284,354
2022-03-20,Marin,041,260295,33315,33232,2175,35407,275
2022-03-20,Mariposa,043,17540,2391,2383,198,2581,6
2022-03-20,Mendocino,045,87422,13015,13027,2997,16024,118
2022-03-20,Merced,047,269075,62278,62041,8644,70685,803
2022-03-20,Modoc,049,8938,732,734,249,983,7
2022-03-20,Mono,051,14174,2965,2962,121,3083,5
2022-03-20,Monterey,053,433212,79113,78566,13531,92097,723
2022-03-20,Napa,055,140530,25658,25682,930,26612,138
2022-03-20,Nevada,057,99092,15905,15964,1188,17152,123
2022-03-20,Orange,059,3164182,545197,544862,41116,585978,6841
2022-03-20,Placer,061,380077,62567,62525,7304,69829,610
2022-03-20,Plumas,063,18699,2965,2744,358,3102,13
2022-03-20,Riverside,065,2383286,590219,589657,27644,617301,6376
2022-03-20,Sacramento,067,1510023,279979,275317,26392,301709,2927
2022-03-20,San Benito,069,59416,12866,12869,507,13376,97
2022-03-20,San Bernardino,071,2135413,573212,560220,24833,585053,6805
2022-03-20,San Diego,073,3302833,748837,748833,52465,801298,5138
2022-03-20,San Francisco,075,870044,123682,123858,8146,132004,835
2022-03-20,San Joaquin,077,732212,166075,165927,9852,175779,2185
2022-03-20,San Luis Obispo,079,281455,52286,52217,3723,55940,463
2022-03-20,San Mateo,081,765935,121001,119901,6888,126789,684
2022-03-20,Santa Barbara,083,443738,85523,85412,4675,90087,672
2022-03-20,Santa Clara,085,1922200,309397,310412,12238,322650,2243
2022-03-20,Santa Cruz,087,273765,47556,47265,2072,49337,259
2022-03-20,Shasta,089,179085,30485,30522,6077,36599,525
2022-03-20,Sierra,091,2930,271,273,48,321,4
2022-03-20,Siskiyou,093,43540,4439,4426,2714,7140,80
2022-03-20,Solano,095,438530,81238,81393,5548,86941,441
2022-03-20,Sonoma,097,501317,83130,82965,2582,85547,481
2022-03-20,Stanislaus,099,539301,117341,118146,17780,135926,1572
2022-03-20,Sutter,101,95872,20431,20519,2048,22567,218
2022-03-20,Tehama,103,63373,12015,12030,2568,14598,160
2022-03-20,Trinity,105,12862,1182,1174,287,1461,20
2022-03-20,Tulare,107,460477,106099,104353,27466,131819,1389
2022-03-20,Tuolumne,109,53932,12650,12617,558,13175,180
2022-03-20,Ventura,111,848112,172668,172514,9352,181866,1451
2022-03-20,Yolo,113,214977,36874,36135,3014,39149,307
2022-03-20,Yuba,115,75493,15788,15787,1178,16965,117
2022-03-19,Alameda,001,1643700,255320,253936,13585,267521,1797
2022-03-19,Alpine,003,1148,122,122,1,123,0
2022-03-19,Amador,005,37829,8511,8456,638,9094,85
2022-03-19,Butte,007,227075,33135,32856,6953,39809,385
2022-03-19,Calaveras,009,45235,7239,7229,343,7572,119
2022-03-19,Colusa,011,21464,3439,3445,1046,4491,21
2022-03-19,Contra Costa,013,1133247,190726,187225,13181,200406,1276
2022-03-19,Del Norte,015,27424,5779,5815,184,5999,48
2022-03-19,El Dorado,017,186661,26646,26618,3190,29808,199
2022-03-19,Fresno,019,978130,231204,228965,24014,252979,2694
2022-03-19,Glenn,021,27897,4987,4971,1595,6566,44
2022-03-19,Humboldt,023,135768,16834,16901,2926,19827,138
2022-03-19,Imperial,025,180216,55252,55038,10520,65558,898
2022-03-19,Inyo,027,18085,4063,4061,468,4529,56
2022-03-19,Kern,029,883053,191527,190943,45654,236597,2184
2022-03-19,Kings,031,150075,51370,51334,3507,54841,441
2022-03-19,Lake,033,64148,10675,10641,880,11521,135
2022-03-19,Lassen,035,31185,8947,8925,873,9798,63
2022-03-19,Los Angeles,037,10098052,2704469,2686759,123043,2809802,31133
2022-03-19,Madera,039,155013,37188,37273,6000,43273,354
2022-03-19,Marin,041,260295,33296,33163,2171,35334,272
2022-03-19,Mariposa,043,17540,2390,2378,198,2576,6
2022-03-19,Mendocino,045,87422,13015,13012,2997,16009,117
2022-03-19,Merced,047,269075,62273,61985,8642,70627,800
2022-03-19,Modoc,049,8938,732,734,249,983,7
2022-03-19,Mono,051,14174,2965,2961,121,3082,5
2022-03-19,Monterey,053,433212,79102,78483,13524,92007,720
2022-03-19,Napa,055,140530,25655,25654,930,26584,138
2022-03-19,Nevada,057,99092,15903,15960,1188,17148,123
2022-03-19,Orange,059,3164182,545126,543907,41100,585007,6817
2022-03-19,Placer,061,380077,62553,62483,7304,69787,605
2022-03-19,Plumas,063,18699,2965,2724,358,3082,13
2022-03-19,Riverside,065,2383286,590169,589017,27637,616654,6359
2022-03-19,Sacramento,067,1510023,279938,274855,26387,301242,2913
2022-03-19,San Benito,069,59416,12865,12859,507,13366,97
2022-03-19,San Bernardino,071,2135413,573166,559935,24831,584766,6778
2022-03-19,San Diego,073,3302833,748737,747344,52451,799795,5133
2022-03-19,San Francisco,075,870044,123612,123587,8144,131731,833
2022-03-19,San Joaquin,077,732212,166050,165765,9849,175614,2181
2022-03-19,San Luis Obispo,079,281455,52280,52174,3723,55897,463
2022-03-19,San Mateo,081,765935,120964,119782,6887,126669,667
2022-03-19,Santa Barbara,083,443738,85508,85336,4674,90010,671
2022-03-19,Santa Clara,085,1922200,309275,309918,12229,322147,2225
2022-03-19,Santa Cruz,087,273765,47548,47203,2068,49271,256
2022-03-19,Shasta,089,179085,30481,30495,6077,36572,525
2022-03-19,Sierra,091,2930,271,273,48,321,4
2022-03-19,Siskiyou,093,43540,4438,4422,2714,7136,76
2022-03-19,Solano,095,438530,81229,81340,5545,86885,441
2022-03-19,Sonoma,097,501317,83113,82838,2579,85417,472
2022-03-19,Stanislaus,099,539301,117331,118138,17778,135916,1568
2022-03-19,Sutter,101,95872,20428,20503,2048,22551,218
2022-03-19,Tehama,103,63373,12015,12007,2568,14575,160
2022-03-19,Trinity,105,12862,1182,1173,287,1460,20
2022-03-19,Tulare,107,460477,106090,104290,27461,131751,1384
2022-03-19,Tuolumne,109,53932,12649,12617,558,13175,180
2022-03-19,Ventura,111,848112,172637,172380,9351,181731,1451
2022-03-19,Yolo,113,214977,36865,36086,3014,39100,306
2022-03-19,Yuba,115,75493,15784,15768,1177,16945,117
2022-03-18,Alameda,001,1643700,255260,253936,13582,267518,1797
2022-03-18,Alpine,003,1148,122,122,1,123,0
2022-03-18,Amador,005,37829,8511,8456,638,9094,85
2022-03-18,Butte,007,227075,33130,32856,6950,39806,385
2022-03-18,Calaveras,009,45235,7239,7229,343,7572,119
2022-03-18,Colusa,011,21464,3439,3445,1046,4491,21
2022-03-18,Contra Costa,013,1133247,190694,187225,13179,200404,1276
2022-03-18,Del Norte,015,27424,5777,5815,184,5999,48
2022-03-18,El Dorado,017,186661,26641,26618,3188,29806,199
2022-03-18,Fresno,019,978130,231171,228965,24014,252979,2694
2022-03-18,Glenn,021,27897,4986,4971,1595,6566,44
2022-03-18,Humboldt,023,135768,16831,16901,2925,19826,138
2022-03-18,Imperial,025,180216,55250,55038,10520,65558,898
2022-03-18,Inyo,027,18085,4063,4061,468,4529,56
2022-03-18,Kern,029,883053,191516,190943,45651,236594,2184
2022-03-18,Kings,031,150075,51362,51334,3507,54841,441
2022-03-18,Lake,033,64148,10673,10641,879,11520,135
2022-03-18,Lassen,035,31185,8946,8925,873,9798,63
2022-03-18,Los Angeles,037,10098052,2704115,2686759,123017,2809776,31133
2022-03-18,Madera,039,155013,37183,37273,6000,43273,354
2022-03-18,Marin,041,260295,33282,33163,2171,35334,272
2022-03-18,Mariposa,043,17540,2389,2378,198,2576,6
2022-03-18,Mendocino,045,87422,13011,13012,2997,16009,117
2022-03-18,Merced,047,269075,62261,61985,8642,70627,800
2022-03-18,Modoc,049,8938,732,734,249,983,7
2022-03-18,Mono,051,14174,2964,2961,121,3082,5
2022-03-18,Monterey,053,433212,79084,78483,13522,92005,720
2022-03-18,Napa,055,140530,25652,25654,930,26584,138
2022-03-18,Nevada,057,99092,15900,15960,1187,17147,123
2022-03-18,Orange,059,3164182,545059,543907,41091,584998,6817
2022-03-18,Placer,061,380077,62544,62483,7304,69787,605
2022-03-18,Plumas,063,18699,2965,2724,358,3082,13
2022-03-18,Riverside,065,2383286,590109,589017,27633,616650,6359
2022-03-18,Sacramento,067,1510023,279902,274855,26383,301238,2913
2022-03-18,San Benito,069,59416,12863,12859,507,13366,97
2022-03-18,San Bernardino,071,2135413,573128,559935,24829,584764,6778
2022-03-18,San Diego,073,3302833,748629,747344,52436,799780,5133
2022-03-18,San Francisco,075,870044,123533,123587,8139,131726,833
2022-03-18,San Joaquin,077,732212,166035,165765,9844,175609,2181
2022-03-18,San Luis Obispo,079,281455,52273,52174,3723,55897,463
2022-03-18,San Mateo,081,765935,120929,119782,6884,126666,667
2022-03-18,Santa Barbara,083,443738,85498,85336,4673,90009,671
2022-03-18,Santa Clara,085,1922200,309171,309918,12226,322144,2225
2022-03-18,Santa Cruz,087,273765,47536,47203,2067,49270,256
2022-03-18,Shasta,089,179085,30480,30495,6077,36572,525
2022-03-18,Sierra,091,2930,271,273,48,321,4
2022-03-18,Siskiyou,093,43540,4438,4422,2714,7136,76
2022-03-18,Solano,095,438530,81218,81340,5539,86879,441
2022-03-18,Sonoma,097,501317,83092,82838,2578,85416,472
2022-03-18,Stanislaus,099,539301,117318,118138,17778,135916,1568
2022-03-18,Sutter,101,95872,20425,20503,2048,22551,218
2022-03-18,Tehama,103,63373,12014,12007,2568,14575,160
2022-03-18,Trinity,105,12862,1182,1173,287,1460,20
2022-03-18,Tulare,107,460477,106084,104290,27456,131746,1384
2022-03-18,Tuolumne,109,53932,12648,12617,558,13175,180
2022-03-18,Ventura,111,848112,172617,172380,9346,181726,1451
2022-03-18,Yolo,113,214977,36854,36086,3014,39100,306
2022-03-18,Yuba,115,75493,15782,15768,1177,16945,117
2022-03-17,Alameda,001,1643700,255161,253936,13576,267512,1797
2022-03-17,Alpine,003,1148,122,122,1,123,0
2022-03-17,Amador,005,37829,8504,8456,638,9094,85
2022-03-17,Butte,007,227075,33117,32856,6948,39804,385
2022-03-17,Calaveras,009,45235,7236,7229,343,7572,119
2022-03-17,Colusa,011,21464,3439,3445,1046,4491,21
2022-03-17,Contra Costa,013,1133247,190630,187225,13168,200393,1276
2022-03-17,Del Norte,015,27424,5775,5815,184,5999,48
2022-03-17,El Dorado,017,186661,26635,26618,3188,29806,199
2022-03-17,Fresno,019,978130,231122,228965,24011,252976,2694
2022-03-17,Glenn,021,27897,4986,4971,1595,6566,44
2022-03-17,Humboldt,023,135768,16827,16901,2923,19824,138
2022-03-17,Imperial,025,180216,55239,55038,10520,65558,898
2022-03-17,Inyo,027,18085,4063,4061,468,4529,56
2022-03-17,Kern,029,883053,191485,190943,45648,236591,2184
2022-03-17,Kings,031,150075,51359,51334,3506,54840,441
2022-03-17,Lake,033,64148,10670,10641,879,11520,135
2022-03-17,Lassen,035,31185,8944,8925,873,9798,63
2022-03-17,Los Angeles,037,10098052,2703456,2686759,122982,2809741,31133
2022-03-17,Madera,039,155013,37179,37273,6000,43273,354
2022-03-17,Marin,041,260295,33270,33163,2170,35333,272
2022-03-17,Mariposa,043,17540,2389,2378,198,2576,6
2022-03-17,Mendocino,045,87422,13007,13012,2994,16006,117
2022-03-17,Merced,047,269075,62255,61985,8639,70624,800
2022-03-17,Modoc,049,8938,732,734,249,983,7
2022-03-17,Mono,051,14174,2964,2961,120,3081,5
2022-03-17,Monterey,053,433212,79061,78483,13516,91999,720
2022-03-17,Napa,055,140530,25647,25654,930,26584,138
2022-03-17,Nevada,057,99092,15897,15960,1187,17147,123
2022-03-17,Orange,059,3164182,544965,543907,41081,584988,6817
2022-03-17,Placer,061,380077,62528,62483,7302,69785,605
2022-03-17,Plumas,063,18699,2964,2724,358,3082,13
2022-03-17,Riverside,065,2383286,590029,589017,27626,616643,6359
2022-03-17,Sacramento,067,1510023,279836,274855,26377,301232,2913
2022-03-17,San Benito,069,59416,12862,12859,507,13366,97
2022-03-17,San Bernardino,071,2135413,573064,559935,24826,584761,6778
2022-03-17,San Diego,073,3302833,748454,747344,52420,799764,5133
2022-03-17,San Francisco,075,870044,123452,123587,8134,131721,833
2022-03-17,San Joaquin,077,732212,166015,165765,9842,175607,2181
2022-03-17,San Luis Obispo,079,281455,52259,52174,3721,55895,463
2022-03-17,San Mateo,081,765935,120881,119782,6880,126662,667
2022-03-17,Santa Barbara,083,443738,85482,85336,4673,90009,671
2022-03-17,Santa Clara,085,1922200,309051,309918,12221,322139,2225
2022-03-17,Santa Cruz,087,273765,47520,47203,2065,49268,256
2022-03-17,Shasta,089,179085,30476,30495,6075,36570,525
2022-03-17,Sierra,091,2930,271,273,48,321,4
2022-03-17,Siskiyou,093,43540,4437,4422,2714,7136,76
2022-03-17,Solano,095,438530,81189,81340,5535,86875,441
2022-03-17,Sonoma,097,501317,83064,82838,2576,85414,472
2022-03-17,Stanislaus,099,539301,117304,118138,17773,135911,1568
2022-03-17,Sutter,101,95872,20415,20503,2037,22540,218
2022-03-17,Tehama,103,63373,12014,12007,2568,14575,160
2022-03-17,Trinity,105,12862,1182,1173,287,1460,20
2022-03-17,Tulare,107,460477,106068,104290,27446,131736,1384
2022-03-17,Tuolumne,109,53932,12646,12617,557,13174,180
2022-03-17,Ventura,111,848112,172568,172380,9344,181724,1451
2022-03-17,Yolo,113,214977,36840,36086,3014,39100,306
2022-03-17,Yuba,115,75493,15780,15768,1176,16944,117
2022-03-16,Alameda,001,1643700,255060,253792,13573,267365,1794
2022-03-16,Alpine,003,1148,122,122,1,123,0
2022-03-16,Amador,005,37829,8496,8449,638,9087,85
2022-03-16,Butte,007,227075,33106,32837,6943,39780,385
2022-03-16,Calaveras,009,45235,7234,7229,343,7572,120
2022-03-16,Colusa,011,21464,3439,3445,1046,4491,22
2022-03-16,Contra Costa,013,1133247,190572,187100,13157,200257,1266
2022-03-16,Del Norte,015,27424,5774,5811,182,5993,48
2022-03-16,El Dorado,017,186661,26622,26602,3187,29789,199
2022-03-16,Fresno,019,978130,231075,228786,24000,252786,2689
2022-03-16,Glenn,021,27897,4985,4969,1595,6564,44
2022-03-16,Humboldt,023,135768,16824,16893,2923,19816,138
2022-03-16,Imperial,025,180216,55227,55002,10519,65521,897
2022-03-16,Inyo,027,18085,4062,4061,468,4529,56
2022-03-16,Kern,029,883053,191443,190835,45641,236476,2170
2022-03-16,Kings,031,150075,51344,51321,3506,54827,437
2022-03-16,Lake,033,64148,10668,10633,878,11511,133
2022-03-16,Lassen,035,31185,8941,8924,873,9797,62
2022-03-16,Los Angeles,037,10098052,2702826,2685789,122940,2808729,31102
2022-03-16,Madera,039,155013,37169,37262,5999,43261,354
2022-03-16,Marin,041,260295,33249,33136,2168,35304,272
2022-03-16,Mariposa,043,17540,2387,2376,198,2574,6
2022-03-16,Mendocino,045,87422,13004,13011,2993,16004,117
2022-03-16,Merced,047,269075,62239,61959,8635,70594,798
2022-03-16,Modoc,049,8938,731,734,249,983,7
2022-03-16,Mono,051,14174,2964,2960,120,3080,5
2022-03-16,Monterey,053,433212,79039,78416,13511,91927,720
2022-03-16,Napa,055,140530,25638,25638,930,26568,138
2022-03-16,Nevada,057,99092,15895,15960,1187,17147,123
2022-03-16,Orange,059,3164182,544842,543326,41058,584384,6791
2022-03-16,Placer,061,380077,62512,62435,7300,69735,605
2022-03-16,Plumas,063,18699,2964,2723,358,3081,13
2022-03-16,Riverside,065,2383286,589933,588761,27623,616384,6351
2022-03-16,Sacramento,067,1510023,279770,274709,26370,301079,2910
2022-03-16,San Benito,069,59416,12857,12854,507,13361,97
2022-03-16,San Bernardino,071,2135413,572983,559746,24819,584565,6775
2022-03-16,San Diego,073,3302833,748250,746970,52396,799366,5126
2022-03-16,San Francisco,075,870044,123352,123446,8127,131573,831
2022-03-16,San Joaquin,077,732212,165968,165703,9839,175542,2169
2022-03-16,San Luis Obispo,079,281455,52241,52132,3717,55849,462
2022-03-16,San Mateo,081,765935,120818,119680,6872,126552,660
2022-03-16,Santa Barbara,083,443738,85449,85322,4669,89991,670
2022-03-16,Santa Clara,085,1922200,308865,309689,12206,321895,2224
2022-03-16,Santa Cruz,087,273765,47491,47161,2065,49226,255
2022-03-16,Shasta,089,179085,30467,30489,6071,36560,527
2022-03-16,Sierra,091,2930,271,273,48,321,4
2022-03-16,Siskiyou,093,43540,4434,4419,2712,7131,76
2022-03-16,Solano,095,438530,81166,81277,5533,86810,440
2022-03-16,Sonoma,097,501317,83021,82791,2566,85357,472
2022-03-16,Stanislaus,099,539301,117278,118072,17771,135843,1567
2022-03-16,Sutter,101,95872,20413,20494,2036,22530,218
2022-03-16,Tehama,103,63373,12012,11999,2568,14567,160
2022-03-16,Trinity,105,12862,1182,1173,287,1460,20
2022-03-16,Tulare,107,460477,106055,104217,27440,131657,1377
2022-03-16,Tuolumne,109,53932,12641,12610,557,13167,180
2022-03-16,Ventura,111,848112,172527,172212,9340,181552,1451
2022-03-16,Yolo,113,214977,36817,36079,3013,39092,307
2022-03-16,Yuba,115,75493,15775,15758,1176,16934,117
2022-03-15,Alameda,001,1643700,254926,253694,13564,267258,1793
2022-03-15,Alpine,003,1148,122,122,1,123,0
2022-03-15,Amador,005,37829,8493,8448,638,9086,85
2022-03-15,Butte,007,227075,33093,32822,6942,39764,385
2022-03-15,Calaveras,009,45235,7232,7236,343,7579,118
2022-03-15,Colusa,011,21464,3439,3445,1046,4491,21
2022-03-15,Contra Costa,013,1133247,190491,187021,13150,200171,1265
2022-03-15,Del Norte,015,27424,5771,5806,179,5985,48
2022-03-15,El Dorado,017,186661,26619,26596,3187,29783,199
2022-03-15,Fresno,019,978130,231032,228631,23991,252622,2689
2022-03-15,Glenn,021,27897,4983,4966,1595,6561,44
2022-03-15,Humboldt,023,135768,16818,16889,2922,19811,138
2022-03-15,Imperial,025,180216,55216,54981,10515,65496,896
2022-03-15,Inyo,027,18085,4062,4062,467,4529,56
2022-03-15,Kern,029,883053,191414,190645,45631,236276,2168
2022-03-15,Kings,031,150075,51325,51317,3502,54819,437
2022-03-15,Lake,033,64148,10664,10631,878,11509,131
2022-03-15,Lassen,035,31185,8939,8926,873,9799,62
2022-03-15,Los Angeles,037,10098052,2702137,2685071,122883,2807954,31077
2022-03-15,Madera,039,155013,37160,37258,5998,43256,354
2022-03-15,Marin,041,260295,33226,33111,2167,35278,272
2022-03-15,Mariposa,043,17540,2385,2377,198,2575,6
2022-03-15,Mendocino,045,87422,12999,13005,2992,15997,117
2022-03-15,Merced,047,269075,62222,61916,8626,70542,798
2022-03-15,Modoc,049,8938,731,733,249,982,7
2022-03-15,Mono,051,14174,2964,2961,120,3081,5
2022-03-15,Monterey,053,433212,79009,78400,13503,91903,718
2022-03-15,Napa,055,140530,25630,25657,928,26585,138
2022-03-15,Nevada,057,99092,15893,15960,1185,17145,123
2022-03-15,Orange,059,3164182,544703,543197,41051,584248,6780
2022-03-15,Placer,061,380077,62495,62398,7296,69694,604
2022-03-15,Plumas,063,18699,2963,2722,358,3080,13
2022-03-15,Riverside,065,2383286,589834,588622,27615,616237,6333
2022-03-15,Sacramento,067,1510023,279685,274633,26364,300997,2907
2022-03-15,San Benito,069,59416,12853,12849,507,13356,95
2022-03-15,San Bernardino,071,2135413,572907,559605,24816,584421,6770
2022-03-15,San Diego,073,3302833,748007,746474,52374,798848,5116
2022-03-15,San Francisco,075,870044,123235,123526,8118,131644,831
2022-03-15,San Joaquin,077,732212,165925,165664,9833,175497,2161
2022-03-15,San Luis Obispo,079,281455,52231,52060,3713,55773,458
2022-03-15,San Mateo,081,765935,120767,119586,6866,126452,649
2022-03-15,Santa Barbara,083,443738,85424,85353,4665,90018,668
2022-03-15,Santa Clara,085,1922200,308705,309535,12194,321729,2224
2022-03-15,Santa Cruz,087,273765,47438,47117,2065,49182,255
2022-03-15,Shasta,089,179085,30458,30476,6068,36544,524
2022-03-15,Sierra,091,2930,271,273,48,321,4
2022-03-15,Siskiyou,093,43540,4434,4420,2712,7132,76
2022-03-15,Solano,095,438530,81130,81260,5532,86792,440
2022-03-15,Sonoma,097,501317,82981,82737,2566,85303,472
2022-03-15,Stanislaus,099,539301,117260,118085,17768,135853,1567
2022-03-15,Sutter,101,95872,20410,20480,2027,22507,217
2022-03-15,Tehama,103,63373,12009,11997,2568,14565,160
2022-03-15,Trinity,105,12862,1182,1173,287,1460,20
2022-03-15,Tulare,107,460477,106036,104153,27428,131581,1375
2022-03-15,Tuolumne,109,53932,12637,12602,557,13159,180
2022-03-15,Ventura,111,848112,172482,172150,9337,181487,1451
2022-03-15,Yolo,113,214977,36801,36079,3009,39088,308
2022-03-15,Yuba,115,75493,15767,15756,1176,16932,116
2022-03-14,Alameda,001,1643700,254815,253629,13560,267189,1791
2022-03-14,Alpine,003,1148,122,122,1,123,0
2022-03-14,Amador,005,37829,8488,8448,638,9086,85
2022-03-14,Butte,007,227075,33077,32812,6942,39754,385
2022-03-14,Calaveras,009,45235,7231,7245,343,7588,118
2022-03-14,Colusa,011,21464,3438,3445,1046,4491,21
2022-03-14,Contra Costa,013,1133247,190399,186969,13142,200111,1265
2022-03-14,Del Norte,015,27424,5765,5807,179,5986,48
2022-03-14,El Dorado,017,186661,26614,26570,3187,29757,199
2022-03-14,Fresno,019,978130,230958,228470,23981,252451,2682
2022-03-14,Glenn,021,27897,4981,4966,1595,6561,44
2022-03-14,Humboldt,023,135768,16811,16890,2920,19810,137
2022-03-14,Imperial,025,180216,55205,54933,10514,65447,897
2022-03-14,Inyo,027,18085,4062,4062,467,4529,56
2022-03-14,Kern,029,883053,191379,190526,45620,236146,2166
2022-03-14,Kings,031,150075,51307,51293,3501,54794,437
2022-03-14,Lake,033,64148,10661,10631,878,11509,131
2022-03-14,Lassen,035,31185,8939,8927,872,9799,62
2022-03-14,Los Angeles,037,10098052,2701504,2683369,122817,2806186,31034
2022-03-14,Madera,039,155013,37153,37255,5997,43252,354
2022-03-14,Marin,041,260295,33198,33099,2167,35266,272
2022-03-14,Mariposa,043,17540,2384,2376,198,2574,6
2022-03-14,Mendocino,045,87422,12994,12992,2985,15977,117
2022-03-14,Merced,047,269075,62203,61905,8624,70529,795
2022-03-14,Modoc,049,8938,730,731,249,980,7
2022-03-14,Mono,051,14174,2963,2961,120,3081,5
2022-03-14,Monterey,053,433212,78994,78376,13467,91843,718
2022-03-14,Napa,055,140530,25616,25649,928,26577,138
2022-03-14,Nevada,057,99092,15891,15954,1185,17139,123
2022-03-14,Orange,059,3164182,544566,543099,41039,584138,6775
2022-03-14,Placer,061,380077,62477,62389,7294,69683,601
2022-03-14,Plumas,063,18699,2963,2711,358,3069,13
2022-03-14,Riverside,065,2383286,589700,588531,27605,616136,6332
2022-03-14,Sacramento,067,1510023,279604,274682,26359,301041,2899
2022-03-14,San Benito,069,59416,12848,12846,507,13353,95
2022-03-14,San Bernardino,071,2135413,572819,559505,24811,584316,6767
2022-03-14,San Diego,073,3302833,747704,745515,52345,797860,5108
2022-03-14,San Francisco,075,870044,123143,123575,8112,131687,824
2022-03-14,San Joaquin,077,732212,165886,165662,9832,175494,2142
2022-03-14,San Luis Obispo,079,281455,52203,52046,3710,55756,458
2022-03-14,San Mateo,081,765935,120694,119564,6864,126428,649
2022-03-14,Santa Barbara,083,443738,85387,85396,4664,90060,667
2022-03-14,Santa Clara,085,1922200,308521,309600,12190,321790,2223
2022-03-14,Santa Cruz,087,273765,47400,47107,2063,49170,255
2022-03-14,Shasta,089,179085,30453,30462,6065,36527,520
2022-03-14,Sierra,091,2930,271,273,48,321,4
2022-03-14,Siskiyou,093,43540,4429,4419,2711,7130,76
2022-03-14,Solano,095,438530,81081,81233,5527,86760,440
2022-03-14,Sonoma,097,501317,82945,82731,2562,85293,473
2022-03-14,Stanislaus,099,539301,117224,118088,17764,135852,1567
2022-03-14,Sutter,101,95872,20403,20478,2027,22505,217
2022-03-14,Tehama,103,63373,12007,11996,2568,14564,160
2022-03-14,Trinity,105,12862,1182,1172,287,1459,20
2022-03-14,Tulare,107,460477,106008,104121,27421,131542,1365
2022-03-14,Tuolumne,109,53932,12636,12567,556,13123,180
2022-03-14,Ventura,111,848112,172429,172107,9335,181442,1442
2022-03-14,Yolo,113,214977,36785,36059,3007,39066,308
2022-03-14,Yuba,115,75493,15755,15748,1176,16924,116
2022-03-13,Alameda,001,1643700,254692,253547,13552,267099,1792
2022-03-13,Alpine,003,1148,122,122,1,123,0
2022-03-13,Amador,005,37829,8486,8444,638,9082,85
2022-03-13,Butte,007,227075,33058,32806,6939,39745,384
2022-03-13,Calaveras,009,45235,7226,7253,343,7596,118
2022-03-13,Colusa,011,21464,3438,3444,1044,4488,21
2022-03-13,Contra Costa,013,1133247,190302,186911,13129,200040,1265
2022-03-13,Del Norte,015,27424,5761,5808,179,5987,48
2022-03-13,El Dorado,017,186661,26609,26563,3186,29749,199
2022-03-13,Fresno,019,978130,230876,228421,23967,252388,2683
2022-03-13,Glenn,021,27897,4978,4966,1594,6560,44
2022-03-13,Humboldt,023,135768,16803,16883,2920,19803,137
2022-03-13,Imperial,025,180216,55194,54934,10512,65446,897
2022-03-13,Inyo,027,18085,4062,4062,466,4528,56
2022-03-13,Kern,029,883053,191325,190495,45608,236103,2166
2022-03-13,Kings,031,150075,51299,51273,3501,54774,437
2022-03-13,Lake,033,64148,10658,10626,878,11504,131
2022-03-13,Lassen,035,31185,8938,8929,871,9800,62
2022-03-13,Los Angeles,037,10098052,2700776,2683351,122774,2806125,31034
2022-03-13,Madera,039,155013,37145,37248,5997,43245,354
2022-03-13,Marin,041,260295,33174,33083,2165,35248,272
2022-03-13,Mariposa,043,17540,2382,2376,198,2574,6
2022-03-13,Mendocino,045,87422,12988,12987,2980,15967,117
2022-03-13,Merced,047,269075,62181,61895,8614,70509,795
2022-03-13,Modoc,049,8938,730,731,249,980,7
2022-03-13,Mono,051,14174,2963,2961,120,3081,5
2022-03-13,Monterey,053,433212,78958,78366,13419,91785,718
2022-03-13,Napa,055,140530,25602,25639,927,26566,138
2022-03-13,Nevada,057,99092,15884,15959,1185,17144,123
2022-03-13,Orange,059,3164182,544446,543036,41015,584051,6774
2022-03-13,Placer,061,380077,62450,62372,7291,69663,601
2022-03-13,Plumas,063,18699,2963,2711,358,3069,13
2022-03-13,Riverside,065,2383286,589567,588487,27599,616086,6332
2022-03-13,Sacramento,067,1510023,279506,274715,26346,301061,2899
2022-03-13,San Benito,069,59416,12842,12844,505,13349,95
2022-03-13,San Bernardino,071,2135413,572729,559450,24801,584251,6767
2022-03-13,San Diego,073,3302833,747363,745515,52311,797826,5108
2022-03-13,San Francisco,075,870044,123022,123622,8106,131728,824
2022-03-13,San Joaquin,077,732212,165837,165641,9830,175471,2142
2022-03-13,San Luis Obispo,079,281455,52174,52040,3707,55747,458
2022-03-13,San Mateo,081,765935,120616,119521,6855,126376,649
2022-03-13,Santa Barbara,083,443738,85347,85453,4662,90115,667
2022-03-13,Santa Clara,085,1922200,308350,309493,12182,321675,2225
2022-03-13,Santa Cruz,087,273765,47348,47087,2063,49150,255
2022-03-13,Shasta,089,179085,30436,30457,6063,36520,520
2022-03-13,Sierra,091,2930,271,273,48,321,4
2022-03-13,Siskiyou,093,43540,4429,4418,2711,7129,76
2022-03-13,Solano,095,438530,81046,81217,5522,86739,440
2022-03-13,Sonoma,097,501317,82910,82711,2558,85269,473
2022-03-13,Stanislaus,099,539301,117191,118075,17759,135834,1567
2022-03-13,Sutter,101,95872,20399,20474,2027,22501,217
2022-03-13,Tehama,103,63373,12006,11997,2567,14564,160
2022-03-13,Trinity,105,12862,1182,1172,287,1459,20
2022-03-13,Tulare,107,460477,105975,104119,27413,131532,1365
2022-03-13,Tuolumne,109,53932,12633,12565,556,13121,180
2022-03-13,Ventura,111,848112,172371,172080,9328,181408,1442
2022-03-13,Yolo,113,214977,36766,36019,3005,39024,308
2022-03-13,Yuba,115,75493,15750,15741,1176,16917,116
2022-03-12,Alameda,001,1643700,254624,253079,13547,266626,1783
2022-03-12,Alpine,003,1148,122,122,1,123,0
2022-03-12,Amador,005,37829,8482,8427,638,9065,84
2022-03-12,Butte,007,227075,33053,32774,6937,39711,380
2022-03-12,Calaveras,009,45235,7225,7253,343,7596,118
2022-03-12,Colusa,011,21464,3438,3440,1044,4484,21
2022-03-12,Contra Costa,013,1133247,190260,186618,13128,199746,1256
2022-03-12,Del Norte,015,27424,5760,5791,179,5970,48
2022-03-12,El Dorado,017,186661,26605,26538,3186,29724,199
2022-03-12,Fresno,019,978130,230854,228041,23967,252008,2653
2022-03-12,Glenn,021,27897,4978,4955,1594,6549,44
2022-03-12,Humboldt,023,135768,16799,16862,2919,19781,137
2022-03-12,Imperial,025,180216,55189,54837,10509,65346,896
2022-03-12,Inyo,027,18085,4062,4056,466,4522,56
2022-03-12,Kern,029,883053,191308,190330,45603,235933,2162
2022-03-12,Kings,031,150075,51293,51145,3501,54646,436
2022-03-12,Lake,033,64148,10656,10594,877,11471,131
2022-03-12,Lassen,035,31185,8937,8915,871,9786,62
2022-03-12,Los Angeles,037,10098052,2700446,2678858,122753,2801611,30901
2022-03-12,Madera,039,155013,37140,37223,5997,43220,354
2022-03-12,Marin,041,260295,33149,33015,2164,35179,272
2022-03-12,Mariposa,043,17540,2382,2372,198,2570,6
2022-03-12,Mendocino,045,87422,12984,12965,2980,15945,117
2022-03-12,Merced,047,269075,62174,61840,8612,70452,795
2022-03-12,Modoc,049,8938,730,730,249,979,7
2022-03-12,Mono,051,14174,2963,2960,119,3079,5
2022-03-12,Monterey,053,433212,78951,78285,13417,91702,716
2022-03-12,Napa,055,140530,25592,25584,926,26510,138
2022-03-12,Nevada,057,99092,15878,15947,1185,17132,123
2022-03-12,Orange,059,3164182,544382,542354,41006,583360,6718
2022-03-12,Placer,061,380077,62441,62282,7291,69573,598
2022-03-12,Plumas,063,18699,2963,2707,358,3065,13
2022-03-12,Riverside,065,2383286,589502,588022,27594,615616,6317
2022-03-12,Sacramento,067,1510023,279466,274519,26342,300861,2886
2022-03-12,San Benito,069,59416,12839,12868,505,13373,95
2022-03-12,San Bernardino,071,2135413,572685,559013,24800,583813,6734
2022-03-12,San Diego,073,3302833,747241,744386,52289,796675,5090
2022-03-12,San Francisco,075,870044,122957,123610,8100,131710,823
2022-03-12,San Joaquin,077,732212,165820,165516,9827,175343,2117
2022-03-12,San Luis Obispo,079,281455,52165,51947,3704,55651,457
2022-03-12,San Mateo,081,765935,120580,119288,6854,126142,641
2022-03-12,Santa Barbara,083,443738,85328,85421,4662,90083,664
2022-03-12,Santa Clara,085,1922200,308252,308989,12177,321166,2208
2022-03-12,Santa Cruz,087,273765,47335,46982,2062,49044,254
2022-03-12,Shasta,089,179085,30424,30419,6061,36480,517
2022-03-12,Sierra,091,2930,271,273,48,321,4
2022-03-12,Siskiyou,093,43540,4429,4405,2711,7116,75
2022-03-12,Solano,095,438530,81032,81058,5522,86580,436
2022-03-12,Sonoma,097,501317,82893,82622,2556,85178,473
2022-03-12,Stanislaus,099,539301,117177,117884,17758,135642,1564
2022-03-12,Sutter,101,95872,20398,20429,2027,22456,217
2022-03-12,Tehama,103,63373,12006,11983,2567,14550,159
2022-03-12,Trinity,105,12862,1181,1172,287,1459,20
2022-03-12,Tulare,107,460477,105970,103994,27409,131403,1358
2022-03-12,Tuolumne,109,53932,12632,12476,556,13032,180
2022-03-12,Ventura,111,848112,172346,171932,9327,181259,1442
2022-03-12,Yolo,113,214977,36759,35982,3003,38985,308
2022-03-12,Yuba,115,75493,15750,15722,1176,16898,116
2022-03-11,Alameda,001,1643700,254559,253079,13547,266626,1783
2022-03-11,Alpine,003,1148,122,122,1,123,0
2022-03-11,Amador,005,37829,8480,8427,638,9065,84
2022-03-11,Butte,007,227075,33049,32774,6936,39710,380
2022-03-11,Calaveras,009,45235,7225,7253,343,7596,118
2022-03-11,Colusa,011,21464,3438,3440,1044,4484,21
2022-03-11,Contra Costa,013,1133247,190212,186618,13126,199744,1256
2022-03-11,Del Norte,015,27424,5756,5791,179,5970,48
2022-03-11,El Dorado,017,186661,26601,26538,3186,29724,199
2022-03-11,Fresno,019,978130,230799,228041,23963,252004,2653
2022-03-11,Glenn,021,27897,4978,4955,1594,6549,44
2022-03-11,Humboldt,023,135768,16794,16862,2918,19780,137
2022-03-11,Imperial,025,180216,55183,54837,10508,65345,896
2022-03-11,Inyo,027,18085,4062,4056,466,4522,56
2022-03-11,Kern,029,883053,191286,190330,45598,235928,2162
2022-03-11,Kings,031,150075,51273,51145,3501,54646,436
2022-03-11,Lake,033,64148,10652,10594,877,11471,131
2022-03-11,Lassen,035,31185,8936,8915,871,9786,62
2022-03-11,Los Angeles,037,10098052,2700123,2678858,122726,2801584,30901
2022-03-11,Madera,039,155013,37135,37223,5997,43220,354
2022-03-11,Marin,041,260295,33133,33015,2163,35178,272
2022-03-11,Mariposa,043,17540,2381,2372,198,2570,6
2022-03-11,Mendocino,045,87422,12978,12965,2980,15945,117
2022-03-11,Merced,047,269075,62167,61840,8610,70450,795
2022-03-11,Modoc,049,8938,730,730,249,979,7
2022-03-11,Mono,051,14174,2962,2960,119,3079,5
2022-03-11,Monterey,053,433212,78938,78285,13410,91695,716
2022-03-11,Napa,055,140530,25581,25584,926,26510,138
2022-03-11,Nevada,057,99092,15875,15947,1185,17132,123
2022-03-11,Orange,059,3164182,544313,542354,40992,583346,6718
2022-03-11,Placer,061,380077,62430,62282,7290,69572,598
2022-03-11,Plumas,063,18699,2961,2707,358,3065,13
2022-03-11,Riverside,065,2383286,589425,588022,27590,615612,6317
2022-03-11,Sacramento,067,1510023,279398,274519,26339,300858,2886
2022-03-11,San Benito,069,59416,12838,12868,505,13373,95
2022-03-11,San Bernardino,071,2135413,572628,559013,24795,583808,6734
2022-03-11,San Diego,073,3302833,747075,744386,52275,796661,5090
2022-03-11,San Francisco,075,870044,122905,123610,8096,131706,823
2022-03-11,San Joaquin,077,732212,165786,165516,9824,175340,2117
2022-03-11,San Luis Obispo,079,281455,52157,51947,3703,55650,457
2022-03-11,San Mateo,081,765935,120531,119288,6851,126139,641
2022-03-11,Santa Barbara,083,443738,85308,85421,4661,90082,664
2022-03-11,Santa Clara,085,1922200,308152,308989,12174,321163,2208
2022-03-11,Santa Cruz,087,273765,47320,46982,2062,49044,254
2022-03-11,Shasta,089,179085,30419,30419,6058,36477,517
2022-03-11,Sierra,091,2930,271,273,48,321,4
2022-03-11,Siskiyou,093,43540,4427,4405,2709,7114,75
2022-03-11,Solano,095,438530,81018,81058,5521,86579,436
2022-03-11,Sonoma,097,501317,82868,82622,2554,85176,473
2022-03-11,Stanislaus,099,539301,117163,117884,17756,135640,1564
2022-03-11,Sutter,101,95872,20396,20429,2027,22456,217
2022-03-11,Tehama,103,63373,12004,11983,2567,14550,159
2022-03-11,Trinity,105,12862,1181,1172,287,1459,20
2022-03-11,Tulare,107,460477,105956,103994,27403,131397,1358
2022-03-11,Tuolumne,109,53932,12630,12476,556,13032,180
2022-03-11,Ventura,111,848112,172310,171932,9322,181254,1442
2022-03-11,Yolo,113,214977,36748,35982,3003,38985,308
2022-03-11,Yuba,115,75493,15747,15722,1176,16898,116
2022-03-10,Alameda,001,1643700,254448,253079,13541,266620,1783
2022-03-10,Alpine,003,1148,122,122,1,123,0
2022-03-10,Amador,005,37829,8479,8427,638,9065,84
2022-03-10,Butte,007,227075,33033,32774,6934,39708,380
2022-03-10,Calaveras,009,45235,7224,7253,342,7595,118
2022-03-10,Colusa,011,21464,3438,3440,1044,4484,21
2022-03-10,Contra Costa,013,1133247,190128,186618,13116,199734,1256
2022-03-10,Del Norte,015,27424,5747,5791,179,5970,48
2022-03-10,El Dorado,017,186661,26589,26538,3185,29723,199
2022-03-10,Fresno,019,978130,230723,228041,23953,251994,2653
2022-03-10,Glenn,021,27897,4975,4955,1594,6549,44
2022-03-10,Humboldt,023,135768,16785,16862,2917,19779,137
2022-03-10,Imperial,025,180216,55173,54837,10507,65344,896
2022-03-10,Inyo,027,18085,4061,4056,466,4522,56
2022-03-10,Kern,029,883053,191253,190330,45584,235914,2162
2022-03-10,Kings,031,150075,51244,51145,3500,54645,436
2022-03-10,Lake,033,64148,10642,10594,876,11470,131
2022-03-10,Lassen,035,31185,8936,8915,871,9786,62
2022-03-10,Los Angeles,037,10098052,2699570,2678858,122686,2801544,30901
2022-03-10,Madera,039,155013,37129,37223,5990,43213,354
2022-03-10,Marin,041,260295,33120,33015,2159,35174,272
2022-03-10,Mariposa,043,17540,2381,2372,198,2570,6
2022-03-10,Mendocino,045,87422,12975,12965,2980,15945,117
2022-03-10,Merced,047,269075,62148,61840,8605,70445,795
2022-03-10,Modoc,049,8938,729,730,249,979,7
2022-03-10,Mono,051,14174,2962,2960,119,3079,5
2022-03-10,Monterey,053,433212,78915,78285,13385,91670,716
2022-03-10,Napa,055,140530,25572,25584,925,26509,138
2022-03-10,Nevada,057,99092,15868,15947,1185,17132,123
2022-03-10,Orange,059,3164182,544192,542354,40975,583329,6718
2022-03-10,Placer,061,380077,62408,62282,7285,69567,598
2022-03-10,Plumas,063,18699,2960,2707,358,3065,13
2022-03-10,Riverside,065,2383286,589310,588022,27585,615607,6317
2022-03-10,Sacramento,067,1510023,279321,274519,26333,300852,2886
2022-03-10,San Benito,069,59416,12837,12868,504,13372,95
2022-03-10,San Bernardino,071,2135413,572555,559013,24791,583804,6734
2022-03-10,San Diego,073,3302833,746817,744386,52244,796630,5090
2022-03-10,San Francisco,075,870044,122837,123610,8090,131700,823
2022-03-10,San Joaquin,077,732212,165755,165516,9822,175338,2117
2022-03-10,San Luis Obispo,079,281455,52134,51947,3700,55647,457
2022-03-10,San Mateo,081,765935,120468,119288,6849,126137,641
2022-03-10,Santa Barbara,083,443738,85276,85421,4660,90081,664
2022-03-10,Santa Clara,085,1922200,308026,308989,12166,321155,2208
2022-03-10,Santa Cruz,087,273765,47288,46982,2062,49044,254
2022-03-10,Shasta,089,179085,30410,30419,6056,36475,517
2022-03-10,Sierra,091,2930,271,273,48,321,4
2022-03-10,Siskiyou,093,43540,4427,4405,2709,7114,75
2022-03-10,Solano,095,438530,80982,81058,5516,86574,436
2022-03-10,Sonoma,097,501317,82841,82622,2554,85176,473
2022-03-10,Stanislaus,099,539301,117129,117884,17754,135638,1564
2022-03-10,Sutter,101,95872,20392,20429,2027,22456,217
2022-03-10,Tehama,103,63373,12003,11983,2567,14550,159
2022-03-10,Trinity,105,12862,1181,1172,287,1459,20
2022-03-10,Tulare,107,460477,105938,103994,27397,131391,1358
2022-03-10,Tuolumne,109,53932,12627,12476,556,13032,180
2022-03-10,Ventura,111,848112,172269,171932,9319,181251,1442
2022-03-10,Yolo,113,214977,36735,35982,3002,38984,308
2022-03-10,Yuba,115,75493,15737,15722,1175,16897,116
2022-03-09,Alameda,001,1643700,254325,252893,13535,266428,1781
2022-03-09,Alpine,003,1148,122,125,1,126,0
2022-03-09,Amador,005,37829,8473,8409,638,9047,84
2022-03-09,Butte,007,227075,33024,32767,6930,39697,380
2022-03-09,Calaveras,009,45235,7222,7249,342,7591,117
2022-03-09,Colusa,011,21464,3437,3439,1044,4483,21
2022-03-09,Contra Costa,013,1133247,190034,186483,13101,199584,1256
2022-03-09,Del Norte,015,27424,5743,5765,179,5944,48
2022-03-09,El Dorado,017,186661,26584,26515,3185,29700,198
2022-03-09,Fresno,019,978130,230624,227885,23946,251831,2653
2022-03-09,Glenn,021,27897,4975,4953,1593,6546,44
2022-03-09,Humboldt,023,135768,16780,16854,2914,19768,137
2022-03-09,Imperial,025,180216,55168,54764,10505,65269,894
2022-03-09,Inyo,027,18085,4061,4056,466,4522,56
2022-03-09,Kern,029,883053,191205,190254,45571,235825,2159
2022-03-09,Kings,031,150075,51223,51122,3500,54622,435
2022-03-09,Lake,033,64148,10635,10586,876,11462,130
2022-03-09,Lassen,035,31185,8936,8901,871,9772,62
2022-03-09,Los Angeles,037,10098052,2698920,2677901,122646,2800547,30842
2022-03-09,Madera,039,155013,37122,37207,5989,43196,354
2022-03-09,Marin,041,260295,33102,32967,2159,35126,272
2022-03-09,Mariposa,043,17540,2378,2372,198,2570,6
2022-03-09,Mendocino,045,87422,12971,12957,2975,15932,117
2022-03-09,Merced,047,269075,62131,61792,8599,70391,792
2022-03-09,Modoc,049,8938,728,730,248,978,7
2022-03-09,Mono,051,14174,2962,2962,119,3081,5
2022-03-09,Monterey,053,433212,78893,78258,13342,91600,716
2022-03-09,Napa,055,140530,25551,25561,924,26485,138
2022-03-09,Nevada,057,99092,15859,15938,1184,17122,123
2022-03-09,Orange,059,3164182,544062,542278,40963,583241,6700
2022-03-09,Placer,061,380077,62387,62242,7281,69523,598
2022-03-09,Plumas,063,18699,2959,2708,358,3066,13
2022-03-09,Riverside,065,2383286,589214,587833,27575,615408,6305
2022-03-09,Sacramento,067,1510023,279237,274373,26317,300690,2877
2022-03-09,San Benito,069,59416,12834,12864,504,13368,95
2022-03-09,San Bernardino,071,2135413,572463,558795,24780,583575,6723
2022-03-09,San Diego,073,3302833,746546,743956,52217,796173,5083
2022-03-09,San Francisco,075,870044,122747,123676,8086,131762,812
2022-03-09,San Joaquin,077,732212,165715,165444,9816,175260,2113
2022-03-09,San Luis Obispo,079,281455,52115,51923,3698,55621,457
2022-03-09,San Mateo,081,765935,120410,119194,6837,126031,639
2022-03-09,Santa Barbara,083,443738,85262,85382,4658,90040,661
2022-03-09,Santa Clara,085,1922200,307890,308765,12156,320921,2206
2022-03-09,Santa Cruz,087,273765,47248,46917,2061,48978,254
2022-03-09,Shasta,089,179085,30388,30407,6055,36462,493
2022-03-09,Sierra,091,2930,271,273,48,321,4
2022-03-09,Siskiyou,093,43540,4425,4403,2708,7111,75
2022-03-09,Solano,095,438530,80946,80984,5515,86499,436
2022-03-09,Sonoma,097,501317,82808,82574,2552,85126,473
2022-03-09,Stanislaus,099,539301,117092,117827,17749,135576,1541
2022-03-09,Sutter,101,95872,20381,20409,2023,22432,217
2022-03-09,Tehama,103,63373,11999,11980,2567,14547,159
2022-03-09,Trinity,105,12862,1181,1174,287,1461,20
2022-03-09,Tulare,107,460477,105910,103932,27384,131316,1350
2022-03-09,Tuolumne,109,53932,12625,12444,556,13000,180
2022-03-09,Ventura,111,848112,172219,171852,9316,181168,1448
2022-03-09,Yolo,113,214977,36716,35973,2990,38963,308
2022-03-09,Yuba,115,75493,15732,15714,1174,16888,115
2022-03-08,Alameda,001,1643700,254169,252744,13523,266267,1769
2022-03-08,Alpine,003,1148,122,125,1,126,0
2022-03-08,Amador,005,37829,8459,8407,638,9045,84
2022-03-08,Butte,007,227075,33010,32759,6926,39685,380
2022-03-08,Calaveras,009,45235,7218,7245,342,7587,117
2022-03-08,Colusa,011,21464,3434,3439,1043,4482,21
2022-03-08,Contra Costa,013,1133247,189947,186396,13088,199484,1256
2022-03-08,Del Norte,015,27424,5738,5763,179,5942,48
2022-03-08,El Dorado,017,186661,26574,26503,3179,29682,197
2022-03-08,Fresno,019,978130,230526,227808,23937,251745,2653
2022-03-08,Glenn,021,27897,4973,4944,1592,6536,43
2022-03-08,Humboldt,023,135768,16768,16837,2901,19738,137
2022-03-08,Imperial,025,180216,55153,54721,10503,65224,890
2022-03-08,Inyo,027,18085,4058,4056,466,4522,56
2022-03-08,Kern,029,883053,191141,190208,45557,235765,2154
2022-03-08,Kings,031,150075,51181,51089,3498,54587,434
2022-03-08,Lake,033,64148,10625,10571,876,11447,130
2022-03-08,Lassen,035,31185,8935,8897,871,9768,62
2022-03-08,Los Angeles,037,10098052,2698227,2677166,122608,2799774,30803
2022-03-08,Madera,039,155013,37112,37185,5988,43173,354
2022-03-08,Marin,041,260295,33065,32943,2158,35101,272
2022-03-08,Mariposa,043,17540,2376,2371,198,2569,6
2022-03-08,Mendocino,045,87422,12967,12950,2974,15924,117
2022-03-08,Merced,047,269075,62111,61767,8588,70355,791
2022-03-08,Modoc,049,8938,727,729,248,977,7
2022-03-08,Mono,051,14174,2961,2961,119,3080,5
2022-03-08,Monterey,053,433212,78873,78247,13305,91552,711
2022-03-08,Napa,055,140530,25525,25528,923,26451,137
2022-03-08,Nevada,057,99092,15848,15939,1183,17122,122
2022-03-08,Orange,059,3164182,543917,542164,40943,583107,6692
2022-03-08,Placer,061,380077,62360,62221,7280,69501,594
2022-03-08,Plumas,063,18699,2959,2703,358,3061,13
2022-03-08,Riverside,065,2383286,589106,587686,27568,615254,6294
2022-03-08,Sacramento,067,1510023,279142,274276,26298,300574,2872
2022-03-08,San Benito,069,59416,12832,12855,504,13359,94
2022-03-08,San Bernardino,071,2135413,572370,558512,24770,583282,6715
2022-03-08,San Diego,073,3302833,746203,743604,52200,795804,5077
2022-03-08,San Francisco,075,870044,122658,123675,8081,131756,807
2022-03-08,San Joaquin,077,732212,165681,165381,9812,175193,2104
2022-03-08,San Luis Obispo,079,281455,52087,51900,3695,55595,451
2022-03-08,San Mateo,081,765935,120329,119103,6827,125930,638
2022-03-08,Santa Barbara,083,443738,85230,85363,4658,90021,659
2022-03-08,Santa Clara,085,1922200,307681,308528,12148,320676,2206
2022-03-08,Santa Cruz,087,273765,47211,46875,2060,48935,254
2022-03-08,Shasta,089,179085,30369,30372,6052,36424,493
2022-03-08,Sierra,091,2930,271,273,48,321,4
2022-03-08,Siskiyou,093,43540,4421,4404,2708,7112,74
2022-03-08,Solano,095,438530,80918,80924,5512,86436,434
2022-03-08,Sonoma,097,501317,82760,82571,2551,85122,473
2022-03-08,Stanislaus,099,539301,117048,117782,17740,135522,1541
2022-03-08,Sutter,101,95872,20373,20403,2023,22426,217
2022-03-08,Tehama,103,63373,11995,11972,2566,14538,158
2022-03-08,Trinity,105,12862,1181,1174,287,1461,20
2022-03-08,Tulare,107,460477,105872,103893,27373,131266,1334
2022-03-08,Tuolumne,109,53932,12620,12427,554,12981,180
2022-03-08,Ventura,111,848112,172155,171806,9309,181115,1447
2022-03-08,Yolo,113,214977,36690,35946,2989,38935,306
2022-03-08,Yuba,115,75493,15727,15705,1173,16878,115
2022-03-07,Alameda,001,1643700,253966,252578,13508,266086,1766
2022-03-07,Alpine,003,1148,122,125,1,126,0
2022-03-07,Amador,005,37829,8456,8368,638,9006,84
2022-03-07,Butte,007,227075,32995,32734,6922,39656,378
2022-03-07,Calaveras,009,45235,7214,7242,342,7584,116
2022-03-07,Colusa,011,21464,3434,3437,1043,4480,21
2022-03-07,Contra Costa,013,1133247,189847,186087,13067,199154,1256
2022-03-07,Del Norte,015,27424,5734,5758,179,5937,48
2022-03-07,El Dorado,017,186661,26568,26487,3178,29665,196
2022-03-07,Fresno,019,978130,230435,227670,23914,251584,2653
2022-03-07,Glenn,021,27897,4970,4939,1592,6531,43
2022-03-07,Humboldt,023,135768,16755,16829,2896,19725,137
2022-03-07,Imperial,025,180216,55131,54712,10498,65210,890
2022-03-07,Inyo,027,18085,4056,4054,466,4520,56
2022-03-07,Kern,029,883053,191078,190163,45534,235697,2152
2022-03-07,Kings,031,150075,51151,51065,3493,54558,433
2022-03-07,Lake,033,64148,10613,10562,875,11437,130
2022-03-07,Lassen,035,31185,8934,8896,871,9767,62
2022-03-07,Los Angeles,037,10098052,2697419,2675497,122568,2798065,30759
2022-03-07,Madera,039,155013,37102,37164,5986,43150,354
2022-03-07,Marin,041,260295,33028,32919,2155,35074,272
2022-03-07,Mariposa,043,17540,2375,2369,198,2567,6
2022-03-07,Mendocino,045,87422,12960,12940,2973,15913,117
2022-03-07,Merced,047,269075,62071,61751,8581,70332,791
2022-03-07,Modoc,049,8938,727,729,248,977,7
2022-03-07,Mono,051,14174,2961,2960,119,3079,5
2022-03-07,Monterey,053,433212,78839,78161,13257,91418,706
2022-03-07,Napa,055,140530,25496,25500,923,26423,136
2022-03-07,Nevada,057,99092,15841,15935,1177,17112,122
2022-03-07,Orange,059,3164182,543746,542028,40916,582944,6687
2022-03-07,Placer,061,380077,62331,62215,7279,69494,591
2022-03-07,Plumas,063,18699,2959,2702,358,3060,13
2022-03-07,Riverside,065,2383286,588979,587537,27560,615097,6279
2022-03-07,Sacramento,067,1510023,279040,274079,26285,300364,2866
2022-03-07,San Benito,069,59416,12826,12843,504,13347,94
2022-03-07,San Bernardino,071,2135413,572265,558265,24760,583025,6703
2022-03-07,San Diego,073,3302833,745862,742287,52157,794444,5068
2022-03-07,San Francisco,075,870044,122546,123655,8075,131730,807
2022-03-07,San Joaquin,077,732212,165630,165343,9805,175148,2091
2022-03-07,San Luis Obispo,079,281455,52043,51874,3692,55566,448
2022-03-07,San Mateo,081,765935,120253,119035,6820,125855,630
2022-03-07,Santa Barbara,083,443738,85192,85345,4657,90002,659
2022-03-07,Santa Clara,085,1922200,307494,308517,12142,320659,2202
2022-03-07,Santa Cruz,087,273765,47161,46823,2059,48882,254
2022-03-07,Shasta,089,179085,30356,30352,6049,36401,493
2022-03-07,Sierra,091,2930,271,273,48,321,4
2022-03-07,Siskiyou,093,43540,4417,4398,2707,7105,74
2022-03-07,Solano,095,438530,80861,80886,5510,86396,435
2022-03-07,Sonoma,097,501317,82717,82530,2550,85080,473
2022-03-07,Stanislaus,099,539301,117009,117713,17733,135446,1537
2022-03-07,Sutter,101,95872,20362,20400,2022,22422,217
2022-03-07,Tehama,103,63373,11990,11966,2565,14531,158
2022-03-07,Trinity,105,12862,1179,1173,287,1460,20
2022-03-07,Tulare,107,460477,105836,103834,27363,131197,1316
2022-03-07,Tuolumne,109,53932,12614,12408,553,12961,179
2022-03-07,Ventura,111,848112,172104,171886,9307,181193,1436
2022-03-07,Yolo,113,214977,36667,35934,2983,38917,306
2022-03-07,Yuba,115,75493,15720,15701,1172,16873,115
2022-03-06,Alameda,001,1643700,253776,252460,13500,265960,1766
2022-03-06,Alpine,003,1148,122,125,1,126,0
2022-03-06,Amador,005,37829,8453,8367,636,9003,84
2022-03-06,Butte,007,227075,32983,32714,6917,39631,376
2022-03-06,Calaveras,009,45235,7212,7236,341,7577,116
2022-03-06,Colusa,011,21464,3432,3435,1042,4477,21
2022-03-06,Contra Costa,013,1133247,189733,185974,13042,199016,1256
2022-03-06,Del Norte,015,27424,5719,5744,178,5922,48
2022-03-06,El Dorado,017,186661,26560,26478,3176,29654,196
2022-03-06,Fresno,019,978130,230293,227514,23904,251418,2653
2022-03-06,Glenn,021,27897,4966,4939,1592,6531,43
2022-03-06,Humboldt,023,135768,16745,16813,2893,19706,137
2022-03-06,Imperial,025,180216,55113,54719,10488,65207,890
2022-03-06,Inyo,027,18085,4054,4053,466,4519,56
2022-03-06,Kern,029,883053,191022,190088,45514,235602,2152
2022-03-06,Kings,031,150075,51081,51050,3491,54541,432
2022-03-06,Lake,033,64148,10600,10539,874,11413,130
2022-03-06,Lassen,035,31185,8921,8887,870,9757,62
2022-03-06,Los Angeles,037,10098052,2696485,2675456,122513,2797969,30759
2022-03-06,Madera,039,155013,37072,37135,5979,43114,354
2022-03-06,Marin,041,260295,33002,32879,2154,35033,272
2022-03-06,Mariposa,043,17540,2374,2365,197,2562,6
2022-03-06,Mendocino,045,87422,12948,12923,2969,15892,116
2022-03-06,Merced,047,269075,62039,61722,8563,70285,791
2022-03-06,Modoc,049,8938,727,729,248,977,7
2022-03-06,Mono,051,14174,2961,2959,119,3078,5
2022-03-06,Monterey,053,433212,78793,78154,13226,91380,706
2022-03-06,Napa,055,140530,25461,25457,921,26378,136
2022-03-06,Nevada,057,99092,15830,15924,1176,17100,122
2022-03-06,Orange,059,3164182,543588,541903,40870,582773,6688
2022-03-06,Placer,061,380077,62298,62185,7275,69460,591
2022-03-06,Plumas,063,18699,2954,2704,358,3062,13
2022-03-06,Riverside,065,2383286,588817,587388,27540,614928,6279
2022-03-06,Sacramento,067,1510023,278905,273935,26261,300196,2869
2022-03-06,San Benito,069,59416,12815,12835,503,13338,94
2022-03-06,San Bernardino,071,2135413,572143,558139,24748,582887,6701
2022-03-06,San Diego,073,3302833,745467,742287,52108,794395,5068
2022-03-06,San Francisco,075,870044,122413,123742,8072,131814,806
2022-03-06,San Joaquin,077,732212,165548,165252,9799,175051,2091
2022-03-06,San Luis Obispo,079,281455,52005,51828,3690,55518,448
2022-03-06,San Mateo,081,765935,120170,118916,6811,125727,630
2022-03-06,Santa Barbara,083,443738,85151,85317,4652,89969,659
2022-03-06,Santa Clara,085,1922200,307236,308250,12140,320390,2201
2022-03-06,Santa Cruz,087,273765,47110,46755,2058,48813,254
2022-03-06,Shasta,089,179085,30333,30332,6033,36365,493
2022-03-06,Sierra,091,2930,271,273,48,321,4
2022-03-06,Siskiyou,093,43540,4413,4398,2705,7103,74
2022-03-06,Solano,095,438530,80804,80833,5504,86337,435
2022-03-06,Sonoma,097,501317,82682,82458,2546,85004,473
2022-03-06,Stanislaus,099,539301,116963,117680,17721,135401,1536
2022-03-06,Sutter,101,95872,20352,20390,2018,22408,217
2022-03-06,Tehama,103,63373,11982,11963,2565,14528,158
2022-03-06,Trinity,105,12862,1179,1172,286,1458,20
2022-03-06,Tulare,107,460477,105780,103794,27351,131145,1316
2022-03-06,Tuolumne,109,53932,12608,12379,551,12930,179
2022-03-06,Ventura,111,848112,172035,171819,9305,181124,1436
2022-03-06,Yolo,113,214977,36641,35882,2980,38862,306
2022-03-06,Yuba,115,75493,15716,15694,1171,16865,115
2022-03-05,Alameda,001,1643700,253660,251988,13495,265483,1760
2022-03-05,Alpine,003,1148,122,125,1,126,0
2022-03-05,Amador,005,37829,8450,8344,636,8980,83
2022-03-05,Butte,007,227075,32975,32663,6913,39576,372
2022-03-05,Calaveras,009,45235,7209,7236,341,7577,116
2022-03-05,Colusa,011,21464,3432,3433,1042,4475,21
2022-03-05,Contra Costa,013,1133247,189670,185734,13037,198771,1235
2022-03-05,Del Norte,015,27424,5716,5725,178,5903,48
2022-03-05,El Dorado,017,186661,26554,26446,3173,29619,193
2022-03-05,Fresno,019,978130,230241,227154,23903,251057,2640
2022-03-05,Glenn,021,27897,4962,4927,1592,6519,43
2022-03-05,Humboldt,023,135768,16739,16781,2891,19672,136
2022-03-05,Imperial,025,180216,55103,54650,10486,65136,880
2022-03-05,Inyo,027,18085,4053,4043,465,4508,56
2022-03-05,Kern,029,883053,190989,189817,45496,235313,2141
2022-03-05,Kings,031,150075,51074,50926,3490,54416,431
2022-03-05,Lake,033,64148,10592,10512,873,11385,130
2022-03-05,Lassen,035,31185,8913,8818,870,9688,62
2022-03-05,Los Angeles,037,10098052,2696121,2671564,122477,2794041,30608
2022-03-05,Madera,039,155013,37057,37100,5979,43079,354
2022-03-05,Marin,041,260295,32990,32829,2154,34983,272
2022-03-05,Mariposa,043,17540,2374,2363,197,2560,6
2022-03-05,Mendocino,045,87422,12945,12845,2969,15814,113
2022-03-05,Merced,047,269075,62028,61653,8563,70216,789
2022-03-05,Modoc,049,8938,727,729,248,977,7
2022-03-05,Mono,051,14174,2961,2961,119,3080,5
2022-03-05,Monterey,053,433212,78774,78028,13219,91247,704
2022-03-05,Napa,055,140530,25443,25405,921,26326,134
2022-03-05,Nevada,057,99092,15826,15907,1176,17083,122
2022-03-05,Orange,059,3164182,543463,541463,40859,582322,6638
2022-03-05,Placer,061,380077,62284,62117,7268,69385,591
2022-03-05,Plumas,063,18699,2953,2701,358,3059,13
2022-03-05,Riverside,065,2383286,588726,586785,27536,614321,6239
2022-03-05,Sacramento,067,1510023,278841,273487,26255,299742,2847
2022-03-05,San Benito,069,59416,12813,12820,503,13323,94
2022-03-05,San Bernardino,071,2135413,572085,557421,24742,582163,6641
2022-03-05,San Diego,073,3302833,745279,740747,52096,792843,5045
2022-03-05,San Francisco,075,870044,122344,123537,8069,131606,798
2022-03-05,San Joaquin,077,732212,165508,165085,9791,174876,2069
2022-03-05,San Luis Obispo,079,281455,51997,51739,3689,55428,446
2022-03-05,San Mateo,081,765935,120115,118646,6807,125453,621
2022-03-05,Santa Barbara,083,443738,85136,85249,4652,89901,655
2022-03-05,Santa Clara,085,1922200,307119,307689,12137,319826,2195
2022-03-05,Santa Cruz,087,273765,47090,46622,2058,48680,253
2022-03-05,Shasta,089,179085,30321,30282,6033,36315,492
2022-03-05,Sierra,091,2930,271,273,47,320,4
2022-03-05,Siskiyou,093,43540,4412,4389,2704,7093,74
2022-03-05,Solano,095,438530,80787,80690,5504,86194,435
2022-03-05,Sonoma,097,501317,82660,82313,2546,84859,473
2022-03-05,Stanislaus,099,539301,116937,117501,17719,135220,1531
2022-03-05,Sutter,101,95872,20344,20346,2018,22364,217
2022-03-05,Tehama,103,63373,11979,11939,2565,14504,158
2022-03-05,Trinity,105,12862,1179,1170,284,1454,20
2022-03-05,Tulare,107,460477,105766,103534,27342,130876,1305
2022-03-05,Tuolumne,109,53932,12604,12325,550,12875,178
2022-03-05,Ventura,111,848112,171994,171666,9303,180969,1436
2022-03-05,Yolo,113,214977,36627,35856,2980,38836,306
2022-03-05,Yuba,115,75493,15708,15666,1171,16837,115
2022-03-04,Alameda,001,1643700,253564,251988,13487,265475,1760
2022-03-04,Alpine,003,1148,122,125,1,126,0
2022-03-04,Amador,005,37829,8449,8344,636,8980,83
2022-03-04,Butte,007,227075,32969,32663,6908,39571,372
2022-03-04,Calaveras,009,45235,7208,7236,341,7577,116
2022-03-04,Colusa,011,21464,3430,3433,1042,4475,21
2022-03-04,Contra Costa,013,1133247,189602,185734,13034,198768,1235
2022-03-04,Del Norte,015,27424,5706,5725,178,5903,48
2022-03-04,El Dorado,017,186661,26550,26446,3173,29619,193
2022-03-04,Fresno,019,978130,230178,227154,23896,251050,2640
2022-03-04,Glenn,021,27897,4961,4927,1592,6519,43
2022-03-04,Humboldt,023,135768,16735,16781,2891,19672,136
2022-03-04,Imperial,025,180216,55096,54650,10482,65132,880
2022-03-04,Inyo,027,18085,4053,4043,465,4508,56
2022-03-04,Kern,029,883053,190947,189817,45486,235303,2141
2022-03-04,Kings,031,150075,51061,50926,3490,54416,431
2022-03-04,Lake,033,64148,10591,10512,873,11385,130
2022-03-04,Lassen,035,31185,8911,8818,870,9688,62
2022-03-04,Los Angeles,037,10098052,2695593,2671564,122448,2794012,30608
2022-03-04,Madera,039,155013,37048,37100,5979,43079,354
2022-03-04,Marin,041,260295,32968,32829,2152,34981,272
2022-03-04,Mariposa,043,17540,2369,2363,197,2560,6
2022-03-04,Mendocino,045,87422,12939,12845,2969,15814,113
2022-03-04,Merced,047,269075,62018,61653,8561,70214,789
2022-03-04,Modoc,049,8938,727,729,248,977,7
2022-03-04,Mono,051,14174,2961,2961,119,3080,5
2022-03-04,Monterey,053,433212,78754,78028,13213,91241,704
2022-03-04,Napa,055,140530,25428,25405,920,26325,134
2022-03-04,Nevada,057,99092,15821,15907,1176,17083,122
2022-03-04,Orange,059,3164182,543344,541463,40841,582304,6638
2022-03-04,Placer,061,380077,62272,62117,7265,69382,591
2022-03-04,Plumas,063,18699,2953,2701,357,3058,13
2022-03-04,Riverside,065,2383286,588639,586785,27535,614320,6239
2022-03-04,Sacramento,067,1510023,278768,273487,26252,299739,2847
2022-03-04,San Benito,069,59416,12809,12820,503,13323,94
2022-03-04,San Bernardino,071,2135413,572003,557421,24741,582162,6641
2022-03-04,San Diego,073,3302833,745041,740747,52079,792826,5045
2022-03-04,San Francisco,075,870044,122280,123537,8062,131599,798
2022-03-04,San Joaquin,077,732212,165476,165085,9790,174875,2069
2022-03-04,San Luis Obispo,079,281455,51988,51739,3688,55427,446
2022-03-04,San Mateo,081,765935,120057,118646,6805,125451,621
2022-03-04,Santa Barbara,083,443738,85113,85249,4652,89901,655
2022-03-04,Santa Clara,085,1922200,306969,307689,12134,319823,2195
2022-03-04,Santa Cruz,087,273765,47068,46622,2058,48680,253
2022-03-04,Shasta,089,179085,30313,30282,6030,36312,492
2022-03-04,Sierra,091,2930,271,273,47,320,4
2022-03-04,Siskiyou,093,43540,4410,4389,2700,7089,74
2022-03-04,Solano,095,438530,80754,80690,5501,86191,435
2022-03-04,Sonoma,097,501317,82629,82313,2545,84858,473
2022-03-04,Stanislaus,099,539301,116918,117501,17717,135218,1531
2022-03-04,Sutter,101,95872,20340,20346,2018,22364,217
2022-03-04,Tehama,103,63373,11976,11939,2565,14504,158
2022-03-04,Trinity,105,12862,1179,1170,284,1454,20
2022-03-04,Tulare,107,460477,105747,103534,27337,130871,1305
2022-03-04,Tuolumne,109,53932,12599,12325,550,12875,178
2022-03-04,Ventura,111,848112,171947,171666,9300,180966,1436
2022-03-04,Yolo,113,214977,36610,35856,2980,38836,306
2022-03-04,Yuba,115,75493,15703,15666,1170,16836,115
2022-03-03,Alameda,001,1643700,253446,251988,13475,265463,1760
2022-03-03,Alpine,003,1148,122,125,1,126,0
2022-03-03,Amador,005,37829,8448,8344,636,8980,83
2022-03-03,Butte,007,227075,32952,32663,6901,39564,372
2022-03-03,Calaveras,009,45235,7196,7236,341,7577,116
2022-03-03,Colusa,011,21464,3430,3433,1042,4475,21
2022-03-03,Contra Costa,013,1133247,189527,185734,13019,198753,1235
2022-03-03,Del Norte,015,27424,5699,5725,178,5903,48
2022-03-03,El Dorado,017,186661,26532,26446,3172,29618,193
2022-03-03,Fresno,019,978130,230050,227154,23888,251042,2640
2022-03-03,Glenn,021,27897,4958,4927,1591,6518,43
2022-03-03,Humboldt,023,135768,16720,16781,2890,19671,136
2022-03-03,Imperial,025,180216,55079,54650,10480,65130,880
2022-03-03,Inyo,027,18085,4052,4043,465,4508,56
2022-03-03,Kern,029,883053,190879,189817,45468,235285,2141
2022-03-03,Kings,031,150075,51038,50926,3488,54414,431
2022-03-03,Lake,033,64148,10586,10512,871,11383,130
2022-03-03,Lassen,035,31185,8903,8818,870,9688,62
2022-03-03,Los Angeles,037,10098052,2694866,2671564,122407,2793971,30608
2022-03-03,Madera,039,155013,37032,37100,5974,43074,354
2022-03-03,Marin,041,260295,32942,32829,2151,34980,272
2022-03-03,Mariposa,043,17540,2368,2363,197,2560,6
2022-03-03,Mendocino,045,87422,12928,12845,2967,15812,113
2022-03-03,Merced,047,269075,61999,61653,8555,70208,789
2022-03-03,Modoc,049,8938,727,729,248,977,7
2022-03-03,Mono,051,14174,2960,2961,119,3080,5
2022-03-03,Monterey,053,433212,78724,78028,13196,91224,704
2022-03-03,Napa,055,140530,25404,25405,919,26324,134
2022-03-03,Nevada,057,99092,15816,15907,1171,17078,122
2022-03-03,Orange,059,3164182,543168,541463,40815,582278,6638
2022-03-03,Placer,061,380077,62250,62117,7262,69379,591
2022-03-03,Plumas,063,18699,2952,2701,357,3058,13
2022-03-03,Riverside,065,2383286,588506,586785,27530,614315,6239
2022-03-03,Sacramento,067,1510023,278656,273487,26235,299722,2847
2022-03-03,San Benito,069,59416,12806,12820,503,13323,94
2022-03-03,San Bernardino,071,2135413,571902,557421,24735,582156,6641
2022-03-03,San Diego,073,3302833,744698,740747,52061,792808,5045
2022-03-03,San Francisco,075,870044,122206,123537,8051,131588,798
2022-03-03,San Joaquin,077,732212,165402,165085,9787,174872,2069
2022-03-03,San Luis Obispo,079,281455,51933,51739,3680,55419,446
2022-03-03,San Mateo,081,765935,119982,118646,6795,125441,621
2022-03-03,Santa Barbara,083,443738,85094,85249,4643,89892,655
2022-03-03,Santa Clara,085,1922200,306788,307689,12119,319808,2195
2022-03-03,Santa Cruz,087,273765,47018,46622,2056,48678,253
2022-03-03,Shasta,089,179085,30295,30282,6028,36310,492
2022-03-03,Sierra,091,2930,271,273,47,320,4
2022-03-03,Siskiyou,093,43540,4407,4389,2700,7089,74
2022-03-03,Solano,095,438530,80705,80690,5499,86189,435
2022-03-03,Sonoma,097,501317,82581,82313,2540,84853,473
2022-03-03,Stanislaus,099,539301,116885,117501,17709,135210,1531
2022-03-03,Sutter,101,95872,20332,20346,2018,22364,217
2022-03-03,Tehama,103,63373,11973,11939,2565,14504,158
2022-03-03,Trinity,105,12862,1178,1170,284,1454,20
2022-03-03,Tulare,107,460477,105704,103534,27329,130863,1305
2022-03-03,Tuolumne,109,53932,12588,12325,550,12875,178
2022-03-03,Ventura,111,848112,171895,171666,9298,180964,1436
2022-03-03,Yolo,113,214977,36586,35856,2975,38831,306
2022-03-03,Yuba,115,75493,15697,15666,1165,16831,115
2022-03-02,Alameda,001,1643700,253267,251886,13458,265344,1759
2022-03-02,Alpine,003,1148,122,125,1,126,0
2022-03-02,Amador,005,37829,8435,8341,636,8977,83
2022-03-02,Butte,007,227075,32940,32636,6897,39533,372
2022-03-02,Calaveras,009,45235,7195,7225,341,7566,116
2022-03-02,Colusa,011,21464,3427,3428,1042,4470,21
2022-03-02,Contra Costa,013,1133247,189434,185589,13001,198590,1236
2022-03-02,Del Norte,015,27424,5692,5708,176,5884,47
2022-03-02,El Dorado,017,186661,26521,26433,3169,29602,192
2022-03-02,Fresno,019,978130,229918,226932,23878,250810,2629
2022-03-02,Glenn,021,27897,4957,4922,1590,6512,43
2022-03-02,Humboldt,023,135768,16710,16747,2883,19630,135
2022-03-02,Imperial,025,180216,55053,54629,10475,65104,878
2022-03-02,Inyo,027,18085,4050,4041,464,4505,56
2022-03-02,Kern,029,883053,190812,189656,45449,235105,2136
2022-03-02,Kings,031,150075,51012,50819,3485,54304,431
2022-03-02,Lake,033,64148,10573,10495,869,11364,130
2022-03-02,Lassen,035,31185,8900,8811,869,9680,62
2022-03-02,Los Angeles,037,10098052,2693985,2670287,122360,2792647,30535
2022-03-02,Madera,039,155013,37015,37077,5972,43049,354
2022-03-02,Marin,041,260295,32925,32794,2150,34944,272
2022-03-02,Mariposa,043,17540,2368,2359,197,2556,6
2022-03-02,Mendocino,045,87422,12915,12832,2962,15794,112
2022-03-02,Merced,047,269075,61974,61606,8546,70152,785
2022-03-02,Modoc,049,8938,727,729,248,977,7
2022-03-02,Mono,051,14174,2960,2961,119,3080,5
2022-03-02,Monterey,053,433212,78687,77963,13173,91136,703
2022-03-02,Napa,055,140530,25355,25382,918,26300,134
2022-03-02,Nevada,057,99092,15805,15920,1170,17090,122
2022-03-02,Orange,059,3164182,542964,541230,40789,582019,6623
2022-03-02,Placer,061,380077,62228,62066,7259,69325,589
2022-03-02,Plumas,063,18699,2952,2700,357,3057,13
2022-03-02,Riverside,065,2383286,588356,586513,27520,614033,6229
2022-03-02,Sacramento,067,1510023,278538,273291,26224,299515,2837
2022-03-02,San Benito,069,59416,12795,12814,503,13317,94
2022-03-02,San Bernardino,071,2135413,571793,557082,24729,581811,6619
2022-03-02,San Diego,073,3302833,744338,739803,52013,791816,5034
2022-03-02,San Francisco,075,870044,122111,123442,8049,131491,792
2022-03-02,San Joaquin,077,732212,165343,164968,9782,174750,2063
2022-03-02,San Luis Obispo,079,281455,51895,51686,3675,55361,446
2022-03-02,San Mateo,081,765935,119895,118518,6779,125297,617
2022-03-02,Santa Barbara,083,443738,85069,85183,4642,89825,655
2022-03-02,Santa Clara,085,1922200,306575,307354,12105,319459,2184
2022-03-02,Santa Cruz,087,273765,46947,46534,2055,48589,253
2022-03-02,Shasta,089,179085,30270,30253,6018,36271,490
2022-03-02,Sierra,091,2930,271,273,47,320,4
2022-03-02,Siskiyou,093,43540,4405,4384,2697,7081,74
2022-03-02,Solano,095,438530,80639,80626,5496,86122,433
2022-03-02,Sonoma,097,501317,82535,82208,2536,84744,473
2022-03-02,Stanislaus,099,539301,116849,117411,17684,135095,1519
2022-03-02,Sutter,101,95872,20310,20317,2001,22318,216
2022-03-02,Tehama,103,63373,11968,11930,2564,14494,158
2022-03-02,Trinity,105,12862,1176,1160,284,1444,20
2022-03-02,Tulare,107,460477,105664,103451,27314,130765,1302
2022-03-02,Tuolumne,109,53932,12583,12297,550,12847,179
2022-03-02,Ventura,111,848112,171842,171770,9294,181064,1427
2022-03-02,Yolo,113,214977,36568,35799,2970,38769,305
2022-03-02,Yuba,115,75493,15684,15653,1160,16813,115
2022-03-01,Alameda,001,1643700,253099,251830,13446,265276,1749
2022-03-01,Alpine,003,1148,122,125,1,126,0
2022-03-01,Amador,005,37829,8387,8334,634,8968,83
2022-03-01,Butte,007,227075,32916,32575,6892,39467,372
2022-03-01,Calaveras,009,45235,7192,7223,340,7563,116
2022-03-01,Colusa,011,21464,3426,3423,1042,4465,21
2022-03-01,Contra Costa,013,1133247,189324,185378,12986,198364,1231
2022-03-01,Del Norte,015,27424,5689,5701,175,5876,45
2022-03-01,El Dorado,017,186661,26502,26413,3167,29580,192
2022-03-01,Fresno,019,978130,229778,226594,23864,250458,2628
2022-03-01,Glenn,021,27897,4955,4919,1588,6507,40
2022-03-01,Humboldt,023,135768,16689,16727,2876,19603,135
2022-03-01,Imperial,025,180216,55036,54570,10469,65039,875
2022-03-01,Inyo,027,18085,4046,4041,463,4504,56
2022-03-01,Kern,029,883053,190738,189365,45425,234790,2120
2022-03-01,Kings,031,150075,50990,50763,3481,54244,427
2022-03-01,Lake,033,64148,10562,10471,867,11338,128
2022-03-01,Lassen,035,31185,8896,8801,869,9670,61
2022-03-01,Los Angeles,037,10098052,2693033,2669489,122301,2791790,30486
2022-03-01,Madera,039,155013,36995,37046,5966,43012,354
2022-03-01,Marin,041,260295,32899,32764,2149,34913,272
2022-03-01,Mariposa,043,17540,2367,2357,196,2553,6
2022-03-01,Mendocino,045,87422,12904,12818,2960,15778,112
2022-03-01,Merced,047,269075,61943,61549,8532,70081,781
2022-03-01,Modoc,049,8938,727,729,248,977,7
2022-03-01,Mono,051,14174,2959,2960,119,3079,6
2022-03-01,Monterey,053,433212,78661,77911,13163,91074,696
2022-03-01,Napa,055,140530,25324,25344,918,26262,134
2022-03-01,Nevada,057,99092,15797,15916,1167,17083,121
2022-03-01,Orange,059,3164182,542748,541054,40754,581808,6612
2022-03-01,Placer,061,380077,62200,62021,7254,69275,583
2022-03-01,Plumas,063,18699,2952,2694,357,3051,13
2022-03-01,Riverside,065,2383286,588192,586184,27519,613703,6198
2022-03-01,Sacramento,067,1510023,278408,273089,26211,299300,2831
2022-03-01,San Benito,069,59416,12791,12806,503,13309,94
2022-03-01,San Bernardino,071,2135413,571664,556743,24727,581470,6588
2022-03-01,San Diego,073,3302833,743913,739136,51971,791107,5029
2022-03-01,San Francisco,075,870044,122008,123481,8043,131524,792
2022-03-01,San Joaquin,077,732212,165276,164894,9778,174672,2062
2022-03-01,San Luis Obispo,079,281455,51859,51592,3671,55263,445
2022-03-01,San Mateo,081,765935,119818,118358,6772,125130,613
2022-03-01,Santa Barbara,083,443738,85033,85134,4638,89772,654
2022-03-01,Santa Clara,085,1922200,306324,306978,12093,319071,2190
2022-03-01,Santa Cruz,087,273765,46897,46471,2052,48523,253
2022-03-01,Shasta,089,179085,30241,30227,6015,36242,489
2022-03-01,Sierra,091,2930,271,274,47,321,5
2022-03-01,Siskiyou,093,43540,4401,4384,2692,7076,74
2022-03-01,Solano,095,438530,80576,80556,5493,86049,434
2022-03-01,Sonoma,097,501317,82465,82103,2530,84633,477
2022-03-01,Stanislaus,099,539301,116797,117308,17659,134967,1521
2022-03-01,Sutter,101,95872,20296,20288,1997,22285,217
2022-03-01,Tehama,103,63373,11962,11923,2561,14484,158
2022-03-01,Trinity,105,12862,1175,1159,284,1443,20
2022-03-01,Tulare,107,460477,105582,103371,27294,130665,1302
2022-03-01,Tuolumne,109,53932,12576,12276,548,12824,175
2022-03-01,Ventura,111,848112,171772,171672,9287,180959,1427
2022-03-01,Yolo,113,214977,36543,35801,2964,38765,299
2022-03-01,Yuba,115,75493,15676,15637,1160,16797,116
2022-02-28,Alameda,001,1643700,252875,251714,13431,265145,1742
2022-02-28,Alpine,003,1148,122,125,1,126,0
2022-02-28,Amador,005,37829,8381,8308,633,8941,83
2022-02-28,Butte,007,227075,32897,32550,6886,39436,368
2022-02-28,Calaveras,009,45235,7189,7220,339,7559,110
2022-02-28,Colusa,011,21464,3425,3422,1040,4462,21
2022-02-28,Contra Costa,013,1133247,189219,185272,12967,198239,1231
2022-02-28,Del Norte,015,27424,5684,5699,174,5873,45
2022-02-28,El Dorado,017,186661,26492,26409,3162,29571,191
2022-02-28,Fresno,019,978130,229577,226519,23843,250362,2622
2022-02-28,Glenn,021,27897,4951,4918,1588,6506,40
2022-02-28,Humboldt,023,135768,16674,16717,2872,19589,135
2022-02-28,Imperial,025,180216,55009,54517,10465,64982,875
2022-02-28,Inyo,027,18085,4046,4041,462,4503,56
2022-02-28,Kern,029,883053,190646,189245,45396,234641,2115
2022-02-28,Kings,031,150075,50950,50741,3480,54221,427
2022-02-28,Lake,033,64148,10550,10468,863,11331,128
2022-02-28,Lassen,035,31185,8839,8794,869,9663,55
2022-02-28,Los Angeles,037,10098052,2691863,2666804,122205,2789009,30410
2022-02-28,Madera,039,155013,36969,37023,5950,42973,354
2022-02-28,Marin,041,260295,32874,32775,2149,34924,272
2022-02-28,Mariposa,043,17540,2364,2354,194,2548,6
2022-02-28,Mendocino,045,87422,12895,12800,2952,15752,112
2022-02-28,Merced,047,269075,61898,61519,8515,70034,781
2022-02-28,Modoc,049,8938,727,727,248,975,7
2022-02-28,Mono,051,14174,2959,2961,119,3080,5
2022-02-28,Monterey,053,433212,78594,77865,13142,91007,693
2022-02-28,Napa,055,140530,25297,25317,918,26235,129
2022-02-28,Nevada,057,99092,15791,15908,1161,17069,121
2022-02-28,Orange,059,3164182,542495,540839,40740,581579,6605
2022-02-28,Placer,061,380077,62169,61976,7249,69225,577
2022-02-28,Plumas,063,18699,2952,2691,356,3047,13
2022-02-28,Riverside,065,2383286,587998,585891,27487,613378,6179
2022-02-28,Sacramento,067,1510023,278269,273038,26187,299225,2825
2022-02-28,San Benito,069,59416,12786,12798,503,13301,94
2022-02-28,San Bernardino,071,2135413,571480,556540,24713,581253,6576
2022-02-28,San Diego,073,3302833,743524,737760,51941,789701,5018
2022-02-28,San Francisco,075,870044,121848,123402,8037,131439,792
2022-02-28,San Joaquin,077,732212,165190,164833,9768,174601,2060
2022-02-28,San Luis Obispo,079,281455,51798,51565,3664,55229,440
2022-02-28,San Mateo,081,765935,119719,118301,6766,125067,611
2022-02-28,Santa Barbara,083,443738,84990,85076,4633,89709,653
2022-02-28,Santa Clara,085,1922200,306049,306930,12071,319001,2180
2022-02-28,Santa Cruz,087,273765,46827,46447,2052,48499,253
2022-02-28,Shasta,089,179085,30216,30213,6011,36224,488
2022-02-28,Sierra,091,2930,271,273,47,320,4
2022-02-28,Siskiyou,093,43540,4398,4382,2687,7069,74
2022-02-28,Solano,095,438530,80508,80544,5481,86025,430
2022-02-28,Sonoma,097,501317,82397,82058,2527,84585,477
2022-02-28,Stanislaus,099,539301,116733,117231,17642,134873,1521
2022-02-28,Sutter,101,95872,20283,20285,1994,22279,214
2022-02-28,Tehama,103,63373,11949,11917,2561,14478,158
2022-02-28,Trinity,105,12862,1175,1160,284,1444,20
2022-02-28,Tulare,107,460477,105533,103304,27278,130582,1300
2022-02-28,Tuolumne,109,53932,12566,12247,548,12795,175
2022-02-28,Ventura,111,848112,171688,171614,9286,180900,1423
2022-02-28,Yolo,113,214977,36507,35754,2957,38711,299
2022-02-28,Yuba,115,75493,15662,15625,1159,16784,115
2022-02-27,Alameda,001,1643700,252601,251624,13422,265046,1744
2022-02-27,Alpine,003,1148,122,125,1,126,0
2022-02-27,Amador,005,37829,8377,8305,630,8935,83
2022-02-27,Butte,007,227075,32860,32551,6873,39424,368
2022-02-27,Calaveras,009,45235,7181,7214,339,7553,110
2022-02-27,Colusa,011,21464,3423,3422,1040,4462,21
2022-02-27,Contra Costa,013,1133247,189092,185185,12947,198132,1230
2022-02-27,Del Norte,015,27424,5667,5691,172,5863,45
2022-02-27,El Dorado,017,186661,26474,26410,3160,29570,191
2022-02-27,Fresno,019,978130,229378,226397,23816,250213,2621
2022-02-27,Glenn,021,27897,4949,4915,1588,6503,40
2022-02-27,Humboldt,023,135768,16652,16713,2865,19578,135
2022-02-27,Imperial,025,180216,54961,54509,10448,64957,875
2022-02-27,Inyo,027,18085,4045,4041,458,4499,56
2022-02-27,Kern,029,883053,190529,189219,45358,234577,2115
2022-02-27,Kings,031,150075,50922,50733,3479,54212,428
2022-02-27,Lake,033,64148,10531,10463,863,11326,128
2022-02-27,Lassen,035,31185,8831,8786,869,9655,55
2022-02-27,Los Angeles,037,10098052,2690551,2666789,122123,2788912,30410
2022-02-27,Madera,039,155013,36943,37009,5942,42951,354
2022-02-27,Marin,041,260295,32836,32756,2147,34903,272
2022-02-27,Mariposa,043,17540,2361,2352,194,2546,6
2022-02-27,Mendocino,045,87422,12878,12798,2939,15737,112
2022-02-27,Merced,047,269075,61845,61491,8497,69988,779
2022-02-27,Modoc,049,8938,726,727,248,975,7
2022-02-27,Mono,051,14174,2958,2960,119,3079,5
2022-02-27,Monterey,053,433212,78537,77851,13118,90969,693
2022-02-27,Napa,055,140530,25260,25316,918,26234,129
2022-02-27,Nevada,057,99092,15783,15900,1157,17057,121
2022-02-27,Orange,059,3164182,542249,540659,40711,581370,6605
2022-02-27,Placer,061,380077,62129,61965,7245,69210,577
2022-02-27,Plumas,063,18699,2949,2691,356,3047,13
2022-02-27,Riverside,065,2383286,587757,585833,27463,613296,6179
2022-02-27,Sacramento,067,1510023,278082,272927,26158,299085,2822
2022-02-27,San Benito,069,59416,12779,12798,503,13301,94
2022-02-27,San Bernardino,071,2135413,571296,556457,24703,581160,6572
2022-02-27,San Diego,073,3302833,743053,737760,51895,789655,5018
2022-02-27,San Francisco,075,870044,121724,123327,8026,131353,791
2022-02-27,San Joaquin,077,732212,165086,164814,9761,174575,2060
2022-02-27,San Luis Obispo,079,281455,51706,51564,3657,55221,439
2022-02-27,San Mateo,081,765935,119606,118244,6761,125005,611
2022-02-27,Santa Barbara,083,443738,84952,85050,4629,89679,653
2022-02-27,Santa Clara,085,1922200,305761,306756,12043,318799,2180
2022-02-27,Santa Cruz,087,273765,46766,46411,2052,48463,253
2022-02-27,Shasta,089,179085,30184,30206,6006,36212,488
2022-02-27,Sierra,091,2930,271,273,47,320,4
2022-02-27,Siskiyou,093,43540,4393,4378,2675,7053,74
2022-02-27,Solano,095,438530,80434,80515,5468,85983,430
2022-02-27,Sonoma,097,501317,82315,82041,2520,84561,476
2022-02-27,Stanislaus,099,539301,116667,117200,17622,134822,1522
2022-02-27,Sutter,101,95872,20266,20280,1988,22268,214
2022-02-27,Tehama,103,63373,11936,11915,2560,14475,158
2022-02-27,Trinity,105,12862,1174,1158,284,1442,20
2022-02-27,Tulare,107,460477,105464,103270,27229,130499,1300
2022-02-27,Tuolumne,109,53932,12553,12243,547,12790,175
2022-02-27,Ventura,111,848112,171613,171660,9282,180942,1423
2022-02-27,Yolo,113,214977,36479,35744,2952,38696,299
2022-02-27,Yuba,115,75493,15652,15619,1157,16776,113
2022-02-26,Alameda,001,1643700,252489,250867,13417,264284,1716
2022-02-26,Alpine,003,1148,122,125,1,126,0
2022-02-26,Amador,005,37829,8375,8282,629,8911,83
2022-02-26,Butte,007,227075,32846,32466,6870,39336,368
2022-02-26,Calaveras,009,45235,7180,7192,339,7531,110
2022-02-26,Colusa,011,21464,3423,3414,1040,4454,21
2022-02-26,Contra Costa,013,1133247,189023,184686,12929,197615,1209
2022-02-26,Del Norte,015,27424,5662,5639,172,5811,45
2022-02-26,El Dorado,017,186661,26463,26355,3157,29512,191
2022-02-26,Fresno,019,978130,229288,225679,23816,249495,2597
2022-02-26,Glenn,021,27897,4947,4909,1587,6496,40
2022-02-26,Humboldt,023,135768,16627,16619,2864,19483,133
2022-02-26,Imperial,025,180216,54934,54367,10446,64813,871
2022-02-26,Inyo,027,18085,4044,4034,453,4487,56
2022-02-26,Kern,029,883053,190476,188584,45339,233923,2106
2022-02-26,Kings,031,150075,50909,50579,3479,54058,423
2022-02-26,Lake,033,64148,10526,10383,863,11246,128
2022-02-26,Lassen,035,31185,8830,8761,869,9630,55
2022-02-26,Los Angeles,037,10098052,2689978,2660973,122083,2783056,30202
2022-02-26,Madera,039,155013,36928,36933,5940,42873,330
2022-02-26,Marin,041,260295,32820,32651,2145,34796,267
2022-02-26,Mariposa,043,17540,2360,2332,194,2526,6
2022-02-26,Mendocino,045,87422,12871,12762,2939,15701,111
2022-02-26,Merced,047,269075,61824,61348,8496,69844,775
2022-02-26,Modoc,049,8938,726,726,248,974,7
2022-02-26,Mono,051,14174,2958,2959,118,3077,5
2022-02-26,Monterey,053,433212,78505,77610,13112,90722,692
2022-02-26,Napa,055,140530,25245,25221,917,26138,130
2022-02-26,Nevada,057,99092,15779,15850,1155,17005,121
2022-02-26,Orange,059,3164182,542138,539992,40694,580686,6540
2022-02-26,Placer,061,380077,62110,61803,7242,69045,573
2022-02-26,Plumas,063,18699,2949,2673,356,3029,13
2022-02-26,Riverside,065,2383286,587637,584835,27454,612289,6143
2022-02-26,Sacramento,067,1510023,277985,272339,26148,298487,2793
2022-02-26,San Benito,069,59416,12775,12770,503,13273,92
2022-02-26,San Bernardino,071,2135413,571205,555668,24696,580364,6505
2022-02-26,San Diego,073,3302833,742830,736049,51871,787920,5002
2022-02-26,San Francisco,075,870044,121654,123079,8018,131097,769
2022-02-26,San Joaquin,077,732212,165053,164418,9760,174178,2048
2022-02-26,San Luis Obispo,079,281455,51694,51358,3655,55013,438
2022-02-26,San Mateo,081,765935,119552,117860,6760,124620,603
2022-02-26,Santa Barbara,083,443738,84921,84830,4629,89459,652
2022-02-26,Santa Clara,085,1922200,305612,305895,12039,317934,2166
2022-02-26,Santa Cruz,087,273765,46743,46186,2052,48238,251
2022-02-26,Shasta,089,179085,30175,30108,6000,36108,485
2022-02-26,Sierra,091,2930,271,270,47,317,1
2022-02-26,Siskiyou,093,43540,4393,4359,2673,7032,72
2022-02-26,Solano,095,438530,80399,80225,5464,85689,428
2022-02-26,Sonoma,097,501317,82281,81702,2518,84220,432
2022-02-26,Stanislaus,099,539301,116629,116896,17617,134513,1503
2022-02-26,Sutter,101,95872,20257,20230,1988,22218,214
2022-02-26,Tehama,103,63373,11930,11878,2558,14436,158
2022-02-26,Trinity,105,12862,1173,1156,284,1440,20
2022-02-26,Tulare,107,460477,105428,102983,27214,130197,1295
2022-02-26,Tuolumne,109,53932,12550,12169,547,12716,175
2022-02-26,Ventura,111,848112,171581,171292,9279,180571,1411
2022-02-26,Yolo,113,214977,36458,35615,2949,38564,296
2022-02-26,Yuba,115,75493,15640,15587,1157,16744,113
2022-02-25,Alameda,001,1643700,252368,250867,13408,264275,1716
2022-02-25,Alpine,003,1148,122,125,1,126,0
2022-02-25,Amador,005,37829,8364,8282,629,8911,83
2022-02-25,Butte,007,227075,32833,32466,6867,39333,368
2022-02-25,Calaveras,009,45235,7178,7192,339,7531,110
2022-02-25,Colusa,011,21464,3423,3414,1040,4454,21
2022-02-25,Contra Costa,013,1133247,188939,184686,12908,197594,1209
2022-02-25,Del Norte,015,27424,5653,5639,172,5811,45
2022-02-25,El Dorado,017,186661,26454,26355,3157,29512,191
2022-02-25,Fresno,019,978130,229190,225679,23809,249488,2597
2022-02-25,Glenn,021,27897,4945,4909,1587,6496,40
2022-02-25,Humboldt,023,135768,16616,16619,2864,19483,133
2022-02-25,Imperial,025,180216,54916,54367,10445,64812,871
2022-02-25,Inyo,027,18085,4043,4034,453,4487,56
2022-02-25,Kern,029,883053,190411,188584,45326,233910,2106
2022-02-25,Kings,031,150075,50895,50579,3477,54056,423
2022-02-25,Lake,033,64148,10508,10383,863,11246,128
2022-02-25,Lassen,035,31185,8827,8761,869,9630,55
2022-02-25,Los Angeles,037,10098052,2689389,2660973,122051,2783024,30202
2022-02-25,Madera,039,155013,36908,36933,5939,42872,330
2022-02-25,Marin,041,260295,32806,32651,2145,34796,267
2022-02-25,Mariposa,043,17540,2357,2332,194,2526,6
2022-02-25,Mendocino,045,87422,12869,12762,2939,15701,111
2022-02-25,Merced,047,269075,61793,61348,8491,69839,775
2022-02-25,Modoc,049,8938,726,726,248,974,7
2022-02-25,Mono,051,14174,2957,2959,118,3077,5
2022-02-25,Monterey,053,433212,78477,77610,13106,90716,692
2022-02-25,Napa,055,140530,25236,25221,917,26138,130
2022-02-25,Nevada,057,99092,15768,15850,1152,17002,121
2022-02-25,Orange,059,3164182,542003,539992,40671,580663,6540
2022-02-25,Placer,061,380077,62095,61803,7236,69039,573
2022-02-25,Plumas,063,18699,2947,2673,356,3029,13
2022-02-25,Riverside,065,2383286,587482,584835,27442,612277,6143
2022-02-25,Sacramento,067,1510023,277883,272339,26143,298482,2793
2022-02-25,San Benito,069,59416,12773,12770,503,13273,92
2022-02-25,San Bernardino,071,2135413,571098,555668,24689,580357,6505
2022-02-25,San Diego,073,3302833,742547,736049,51852,787901,5002
2022-02-25,San Francisco,075,870044,121573,123079,8015,131094,769
2022-02-25,San Joaquin,077,732212,165013,164418,9755,174173,2048
2022-02-25,San Luis Obispo,079,281455,51690,51358,3646,55004,438
2022-02-25,San Mateo,081,765935,119490,117860,6756,124616,603
2022-02-25,Santa Barbara,083,443738,84884,84830,4629,89459,652
2022-02-25,Santa Clara,085,1922200,305427,305895,12036,317931,2166
2022-02-25,Santa Cruz,087,273765,46709,46186,2050,48236,251
2022-02-25,Shasta,089,179085,30166,30108,5998,36106,485
2022-02-25,Sierra,091,2930,271,270,47,317,1
2022-02-25,Siskiyou,093,43540,4393,4359,2672,7031,72
2022-02-25,Solano,095,438530,80370,80225,5463,85688,428
2022-02-25,Sonoma,097,501317,82230,81702,2516,84218,432
2022-02-25,Stanislaus,099,539301,116601,116896,17613,134509,1503
2022-02-25,Sutter,101,95872,20248,20230,1988,22218,214
2022-02-25,Tehama,103,63373,11928,11878,2558,14436,158
2022-02-25,Trinity,105,12862,1173,1156,284,1440,20
2022-02-25,Tulare,107,460477,105394,102983,27192,130175,1295
2022-02-25,Tuolumne,109,53932,12547,12169,547,12716,175
2022-02-25,Ventura,111,848112,171530,171292,9278,180570,1411
2022-02-25,Yolo,113,214977,36443,35615,2949,38564,296
2022-02-25,Yuba,115,75493,15633,15587,1157,16744,113
2022-02-24,Alameda,001,1643700,252163,250867,13399,264266,1716
2022-02-24,Alpine,003,1148,122,125,1,126,0
2022-02-24,Amador,005,37829,8359,8282,628,8910,83
2022-02-24,Butte,007,227075,32811,32466,6863,39329,368
2022-02-24,Calaveras,009,45235,7176,7192,337,7529,110
2022-02-24,Colusa,011,21464,3422,3414,1039,4453,21
2022-02-24,Contra Costa,013,1133247,188810,184686,12899,197585,1209
2022-02-24,Del Norte,015,27424,5638,5639,171,5810,45
2022-02-24,El Dorado,017,186661,26439,26355,3157,29512,191
2022-02-24,Fresno,019,978130,228995,225679,23794,249473,2597
2022-02-24,Glenn,021,27897,4943,4909,1586,6495,40
2022-02-24,Humboldt,023,135768,16600,16619,2863,19482,133
2022-02-24,Imperial,025,180216,54876,54367,10436,64803,871
2022-02-24,Inyo,027,18085,4042,4034,452,4486,56
2022-02-24,Kern,029,883053,190271,188584,45293,233877,2106
2022-02-24,Kings,031,150075,50865,50579,3472,54051,423
2022-02-24,Lake,033,64148,10491,10383,863,11246,128
2022-02-24,Lassen,035,31185,8823,8761,868,9629,55
2022-02-24,Los Angeles,037,10098052,2688228,2660973,121995,2782968,30202
2022-02-24,Madera,039,155013,36882,36933,5937,42870,330
2022-02-24,Marin,041,260295,32786,32651,2144,34795,267
2022-02-24,Mariposa,043,17540,2351,2332,193,2525,6
2022-02-24,Mendocino,045,87422,12862,12762,2935,15697,111
2022-02-24,Merced,047,269075,61763,61348,8482,69830,775
2022-02-24,Modoc,049,8938,725,726,248,974,7
2022-02-24,Mono,051,14174,2956,2959,118,3077,5
2022-02-24,Monterey,053,433212,78425,77610,13098,90708,692
2022-02-24,Napa,055,140530,25196,25221,913,26134,130
2022-02-24,Nevada,057,99092,15754,15850,1152,17002,121
2022-02-24,Orange,059,3164182,541754,539992,40637,580629,6540
2022-02-24,Placer,061,380077,62058,61803,7234,69037,573
2022-02-24,Plumas,063,18699,2942,2673,355,3028,13
2022-02-24,Riverside,065,2383286,587229,584835,27416,612251,6143
2022-02-24,Sacramento,067,1510023,277710,272339,26127,298466,2793
2022-02-24,San Benito,069,59416,12762,12770,503,13273,92
2022-02-24,San Bernardino,071,2135413,570905,555668,24677,580345,6505
2022-02-24,San Diego,073,3302833,742133,736049,51805,787854,5002
2022-02-24,San Francisco,075,870044,121450,123079,8008,131087,769
2022-02-24,San Joaquin,077,732212,164885,164418,9751,174169,2048
2022-02-24,San Luis Obispo,079,281455,51644,51358,3644,55002,438
2022-02-24,San Mateo,081,765935,119398,117860,6749,124609,603
2022-02-24,Santa Barbara,083,443738,84819,84830,4628,89458,652
2022-02-24,Santa Clara,085,1922200,305192,305895,12023,317918,2166
2022-02-24,Santa Cruz,087,273765,46629,46186,2048,48234,251
2022-02-24,Shasta,089,179085,30147,30108,5992,36100,485
2022-02-24,Sierra,091,2930,271,270,47,317,1
2022-02-24,Siskiyou,093,43540,4390,4359,2669,7028,72
2022-02-24,Solano,095,438530,80291,80225,5459,85684,428
2022-02-24,Sonoma,097,501317,82176,81702,2511,84213,432
2022-02-24,Stanislaus,099,539301,116526,116896,17600,134496,1503
2022-02-24,Sutter,101,95872,20234,20230,1972,22202,214
2022-02-24,Tehama,103,63373,11922,11878,2557,14435,158
2022-02-24,Trinity,105,12862,1171,1156,284,1440,20
2022-02-24,Tulare,107,460477,105338,102983,27163,130146,1295
2022-02-24,Tuolumne,109,53932,12537,12169,545,12714,175
2022-02-24,Ventura,111,848112,171452,171292,9275,180567,1411
2022-02-24,Yolo,113,214977,36417,35615,2947,38562,296
2022-02-24,Yuba,115,75493,15619,15587,1157,16744,113
2022-02-23,Alameda,001,1643700,251940,247686,13380,261066,1713
2022-02-23,Alpine,003,1148,122,125,1,126,0
2022-02-23,Amador,005,37829,8341,8274,628,8902,79
2022-02-23,Butte,007,227075,32784,32417,6860,39277,367
2022-02-23,Calaveras,009,45235,7166,7182,336,7518,107
2022-02-23,Colusa,011,21464,3418,3411,1039,4450,21
2022-02-23,Contra Costa,013,1133247,188667,184013,12886,196899,1209
2022-02-23,Del Norte,015,27424,5627,5625,170,5795,45
2022-02-23,El Dorado,017,186661,26423,26317,3153,29470,189
2022-02-23,Fresno,019,978130,228808,225308,23771,249079,2596
2022-02-23,Glenn,021,27897,4939,4909,1584,6493,40
2022-02-23,Humboldt,023,135768,16584,16601,2860,19461,132
2022-02-23,Imperial,025,180216,54837,54292,10423,64715,871
2022-02-23,Inyo,027,18085,4041,4031,449,4480,54
2022-02-23,Kern,029,883053,190168,188432,45246,233678,2106
2022-02-23,Kings,031,150075,50832,50416,3471,53887,423
2022-02-23,Lake,033,64148,10473,10368,862,11230,126
2022-02-23,Lassen,035,31185,8807,8749,868,9617,55
2022-02-23,Los Angeles,037,10098052,2686851,2659569,121952,2781521,30167
2022-02-23,Madera,039,155013,36851,36876,5927,42803,330
2022-02-23,Marin,041,260295,32763,32625,2143,34768,267
2022-02-23,Mariposa,043,17540,2346,2325,192,2517,6
2022-02-23,Mendocino,045,87422,12852,12747,2931,15678,111
2022-02-23,Merced,047,269075,61731,61295,8476,69771,772
2022-02-23,Modoc,049,8938,725,723,247,970,7
2022-02-23,Mono,051,14174,2955,2960,118,3078,5
2022-02-23,Monterey,053,433212,78387,77472,13075,90547,691
2022-02-23,Napa,055,140530,25171,25185,908,26093,128
2022-02-23,Nevada,057,99092,15748,15825,1149,16974,121
2022-02-23,Orange,059,3164182,541449,539631,40615,580246,6520
2022-02-23,Placer,061,380077,62011,61758,7227,68985,573
2022-02-23,Plumas,063,18699,2938,2663,355,3018,13
2022-02-23,Riverside,065,2383286,586937,584381,27380,611761,6119
2022-02-23,Sacramento,067,1510023,277551,272057,26106,298163,2796
2022-02-23,San Benito,069,59416,12755,12756,502,13258,92
2022-02-23,San Bernardino,071,2135413,570746,555238,24661,579899,6479
2022-02-23,San Diego,073,3302833,741629,735406,51755,787161,4988
2022-02-23,San Francisco,075,870044,121323,122127,8006,130133,769
2022-02-23,San Joaquin,077,732212,164793,164257,9745,174002,2042
2022-02-23,San Luis Obispo,079,281455,51596,51264,3642,54906,434
2022-02-23,San Mateo,081,765935,119307,117585,6740,124325,603
2022-02-23,Santa Barbara,083,443738,84758,84760,4624,89384,651
2022-02-23,Santa Clara,085,1922200,304937,305484,12014,317498,2157
2022-02-23,Santa Cruz,087,273765,46559,46059,2047,48106,251
2022-02-23,Shasta,089,179085,30119,30066,5989,36055,481
2022-02-23,Sierra,091,2930,271,270,47,317,1
2022-02-23,Siskiyou,093,43540,4387,4356,2667,7023,71
2022-02-23,Solano,095,438530,80201,80103,5457,85560,427
2022-02-23,Sonoma,097,501317,82122,81594,2509,84103,432
2022-02-23,Stanislaus,099,539301,116449,116789,17591,134380,1482
2022-02-23,Sutter,101,95872,20217,20194,1968,22162,213
2022-02-23,Tehama,103,63373,11912,11863,2557,14420,154
2022-02-23,Trinity,105,12862,1171,1156,284,1440,20
2022-02-23,Tulare,107,460477,105271,102812,27140,129952,1290
2022-02-23,Tuolumne,109,53932,12528,12158,544,12702,175
2022-02-23,Ventura,111,848112,171364,171163,9268,180431,1401
2022-02-23,Yolo,113,214977,36380,35590,2940,38530,296
2022-02-23,Yuba,115,75493,15616,15571,1155,16726,113
2022-02-22,Alameda,001,1643700,251695,247434,13366,260800,1706
2022-02-22,Alpine,003,1148,122,124,1,125,0
2022-02-22,Amador,005,37829,8331,8243,628,8871,79
2022-02-22,Butte,007,227075,32749,32359,6853,39212,366
2022-02-22,Calaveras,009,45235,7157,7178,336,7514,107
2022-02-22,Colusa,011,21464,3417,3402,1037,4439,21
2022-02-22,Contra Costa,013,1133247,188514,183812,12867,196679,1201
2022-02-22,Del Norte,015,27424,5618,5611,169,5780,45
2022-02-22,El Dorado,017,186661,26413,26289,3153,29442,189
2022-02-22,Fresno,019,978130,228582,225104,23745,248849,2592
2022-02-22,Glenn,021,27897,4938,4900,1583,6483,40
2022-02-22,Humboldt,023,135768,16561,16559,2856,19415,132
2022-02-22,Imperial,025,180216,54805,54227,10419,64646,864
2022-02-22,Inyo,027,18085,4039,4026,447,4473,54
2022-02-22,Kern,029,883053,190048,188237,45210,233447,2102
2022-02-22,Kings,031,150075,50770,50359,3469,53828,423
2022-02-22,Lake,033,64148,10462,10353,860,11213,126
2022-02-22,Lassen,035,31185,8803,8730,868,9598,55
2022-02-22,Los Angeles,037,10098052,2685385,2658230,121863,2780093,30129
2022-02-22,Madera,039,155013,36818,36833,5917,42750,330
2022-02-22,Marin,041,260295,32738,32591,2142,34733,267
2022-02-22,Mariposa,043,17540,2338,2322,192,2514,6
2022-02-22,Mendocino,045,87422,12838,12714,2921,15635,110
2022-02-22,Merced,047,269075,61670,61241,8469,69710,770
2022-02-22,Modoc,049,8938,722,720,247,967,6
2022-02-22,Mono,051,14174,2955,2961,118,3079,5
2022-02-22,Monterey,053,433212,78333,77359,13056,90415,690
2022-02-22,Napa,055,140530,25142,25151,907,26058,128
2022-02-22,Nevada,057,99092,15731,15815,1148,16963,121
2022-02-22,Orange,059,3164182,541163,539390,40582,579972,6502
2022-02-22,Placer,061,380077,61973,61709,7222,68931,572
2022-02-22,Plumas,063,18699,2932,2659,354,3013,13
2022-02-22,Riverside,065,2383286,586680,583969,27360,611329,6097
2022-02-22,Sacramento,067,1510023,277361,271789,26083,297872,2775
2022-02-22,San Benito,069,59416,12744,12742,501,13243,92
2022-02-22,San Bernardino,071,2135413,570545,554903,24642,579545,6451
2022-02-22,San Diego,073,3302833,741104,734536,51700,786236,4974
2022-02-22,San Francisco,075,870044,121194,121954,8002,129956,769
2022-02-22,San Joaquin,077,732212,164672,164111,9735,173846,2040
2022-02-22,San Luis Obispo,079,281455,51511,51193,3636,54829,431
2022-02-22,San Mateo,081,765935,119213,117418,6735,124153,603
2022-02-22,Santa Barbara,083,443738,84697,84701,4620,89321,650
2022-02-22,Santa Clara,085,1922200,304655,305045,12008,317053,2155
2022-02-22,Santa Cruz,087,273765,46494,45958,2047,48005,251
2022-02-22,Shasta,089,179085,30094,30024,5984,36008,479
2022-02-22,Sierra,091,2930,271,269,46,315,0
2022-02-22,Siskiyou,093,43540,4384,4350,2662,7012,70
2022-02-22,Solano,095,438530,80125,79968,5455,85423,425
2022-02-22,Sonoma,097,501317,82056,81412,2505,83917,431
2022-02-22,Stanislaus,099,539301,116368,116676,17571,134247,1475
2022-02-22,Sutter,101,95872,20201,20164,1966,22130,210
2022-02-22,Tehama,103,63373,11903,11852,2556,14408,152
2022-02-22,Trinity,105,12862,1171,1147,283,1430,20
2022-02-22,Tulare,107,460477,105165,102717,27110,129827,1287
2022-02-22,Tuolumne,109,53932,12510,12136,543,12679,175
2022-02-22,Ventura,111,848112,171279,171064,9262,180326,1401
2022-02-22,Yolo,113,214977,36343,35527,2935,38462,292
2022-02-22,Yuba,115,75493,15606,15550,1154,16704,110
2022-02-21,Alameda,001,1643700,251410,247434,13350,260784,1704
2022-02-21,Alpine,003,1148,122,124,1,125,0
2022-02-21,Amador,005,37829,8325,8246,628,8874,79
2022-02-21,Butte,007,227075,32707,32356,6829,39185,366
2022-02-21,Calaveras,009,45235,7149,7175,336,7511,107
2022-02-21,Colusa,011,21464,3415,3401,1035,4436,21
2022-02-21,Contra Costa,013,1133247,188287,183701,12853,196554,1201
2022-02-21,Del Norte,015,27424,5600,5601,168,5769,45
2022-02-21,El Dorado,017,186661,26385,26273,3148,29421,189
2022-02-21,Fresno,019,978130,228270,224923,23689,248612,2592
2022-02-21,Glenn,021,27897,4933,4897,1583,6480,40
2022-02-21,Humboldt,023,135768,16518,16548,2848,19396,132
2022-02-21,Imperial,025,180216,54745,54208,10406,64614,864
2022-02-21,Inyo,027,18085,4036,4023,447,4470,54
2022-02-21,Kern,029,883053,189856,188188,45158,233346,2102
2022-02-21,Kings,031,150075,50704,50188,3466,53654,422
2022-02-21,Lake,033,64148,10440,10334,858,11192,126
2022-02-21,Lassen,035,31185,8795,8705,863,9568,55
2022-02-21,Los Angeles,037,10098052,2683605,2656873,121767,2778640,30108
2022-02-21,Madera,039,155013,36781,36796,5896,42692,330
2022-02-21,Marin,041,260295,32714,32570,2142,34712,258
2022-02-21,Mariposa,043,17540,2335,2321,192,2513,6
2022-02-21,Mendocino,045,87422,12812,12706,2909,15615,110
2022-02-21,Merced,047,269075,61613,61209,8452,69661,770
2022-02-21,Modoc,049,8938,721,718,247,965,6
2022-02-21,Mono,051,14174,2954,2960,118,3078,5
2022-02-21,Monterey,053,433212,78239,77354,13015,90369,690
2022-02-21,Napa,055,140530,25103,25126,907,26033,128
2022-02-21,Nevada,057,99092,15720,15810,1145,16955,121
2022-02-21,Orange,059,3164182,540812,539068,40557,579625,6502
2022-02-21,Placer,061,380077,61919,61727,7218,68945,572
2022-02-21,Plumas,063,18699,2929,2657,349,3006,13
2022-02-21,Riverside,065,2383286,586312,583712,27313,611025,6097
2022-02-21,Sacramento,067,1510023,277106,271588,26050,297638,2769
2022-02-21,San Benito,069,59416,12731,12731,501,13232,92
2022-02-21,San Bernardino,071,2135413,570306,554662,24621,579283,6441
2022-02-21,San Diego,073,3302833,740489,732298,51622,783920,4974
2022-02-21,San Francisco,075,870044,121013,121865,7998,129863,769
2022-02-21,San Joaquin,077,732212,164533,164036,9723,173759,2040
2022-02-21,San Luis Obispo,079,281455,51420,51184,3629,54813,429
2022-02-21,San Mateo,081,765935,119120,117259,6727,123986,605
2022-02-21,Santa Barbara,083,443738,84621,84626,4612,89238,650
2022-02-21,Santa Clara,085,1922200,304326,304858,12002,316860,2158
2022-02-21,Santa Cruz,087,273765,46368,45941,2046,47987,251
2022-02-21,Shasta,089,179085,30049,30004,5976,35980,479
2022-02-21,Sierra,091,2930,271,269,46,315,0
2022-02-21,Siskiyou,093,43540,4372,4337,2657,6994,70
2022-02-21,Solano,095,438530,80032,79906,5450,85356,425
2022-02-21,Sonoma,097,501317,81942,81361,2498,83859,431
2022-02-21,Stanislaus,099,539301,116256,116597,17547,134144,1475
2022-02-21,Sutter,101,95872,20176,20152,1964,22116,210
2022-02-21,Tehama,103,63373,11889,11842,2555,14397,152
2022-02-21,Trinity,105,12862,1170,1147,283,1430,20
2022-02-21,Tulare,107,460477,105071,102614,27066,129680,1287
2022-02-21,Tuolumne,109,53932,12499,12126,540,12666,175
2022-02-21,Ventura,111,848112,171140,170939,9253,180192,1401
2022-02-21,Yolo,113,214977,36300,35518,2926,38444,292
2022-02-21,Yuba,115,75493,15587,15546,1145,16691,110
2022-02-20,Alameda,001,1643700,251181,246028,13342,259370,1700
2022-02-20,Alpine,003,1148,122,124,1,125,0
2022-02-20,Amador,005,37829,8313,8203,628,8831,79
2022-02-20,Butte,007,227075,32679,32173,6824,38997,364
2022-02-20,Calaveras,009,45235,7146,7136,335,7471,107
2022-02-20,Colusa,011,21464,3412,3389,1034,4423,21
2022-02-20,Contra Costa,013,1133247,188157,182797,12848,195645,1190
2022-02-20,Del Norte,015,27424,5585,5511,168,5679,45
2022-02-20,El Dorado,017,186661,26364,26101,3147,29248,189
2022-02-20,Fresno,019,978130,228078,223594,23673,247267,2544
2022-02-20,Glenn,021,27897,4930,4881,1583,6464,39
2022-02-20,Humboldt,023,135768,16506,16393,2844,19237,132
2022-02-20,Imperial,025,180216,54679,53967,10396,64363,862
2022-02-20,Inyo,027,18085,4036,4018,446,4464,52
2022-02-20,Kern,029,883053,189722,187158,45114,232272,2095
2022-02-20,Kings,031,150075,50676,49724,3463,53187,421
2022-02-20,Lake,033,64148,10407,10184,857,11041,126
2022-02-20,Lassen,035,31185,8783,8640,863,9503,55
2022-02-20,Los Angeles,037,10098052,2682281,2642878,121684,2764562,29842
2022-02-20,Madera,039,155013,36750,36526,5892,42418,330
2022-02-20,Marin,041,260295,32697,32441,2142,34583,258
2022-02-20,Mariposa,043,17540,2329,2310,190,2500,6
2022-02-20,Mendocino,045,87422,12802,12625,2906,15531,110
2022-02-20,Merced,047,269075,61585,60886,8448,69334,769
2022-02-20,Modoc,049,8938,720,714,247,961,6
2022-02-20,Mono,051,14174,2954,2956,118,3074,5
2022-02-20,Monterey,053,433212,78179,76765,13002,89767,682
2022-02-20,Napa,055,140530,25081,24970,905,25875,127
2022-02-20,Nevada,057,99092,15709,15715,1144,16859,121
2022-02-20,Orange,059,3164182,540493,538019,40521,578540,6416
2022-02-20,Placer,061,380077,61886,61417,7210,68627,560
2022-02-20,Plumas,063,18699,2925,2646,347,2993,13
2022-02-20,Riverside,065,2383286,586044,581788,27287,609075,6087
2022-02-20,Sacramento,067,1510023,276926,270080,26026,296106,2747
2022-02-20,San Benito,069,59416,12728,12665,501,13166,92
2022-02-20,San Bernardino,071,2135413,570098,553151,24604,577755,6400
2022-02-20,San Diego,073,3302833,739917,729549,51558,781107,4947
2022-02-20,San Francisco,075,870044,120875,121197,7988,129185,756
2022-02-20,San Joaquin,077,732212,164415,163083,9712,172795,2033
2022-02-20,San Luis Obispo,079,281455,51391,50823,3625,54448,424
2022-02-20,San Mateo,081,765935,119046,116648,6720,123368,598
2022-02-20,Santa Barbara,083,443738,84577,83988,4610,88598,642
2022-02-20,Santa Clara,085,1922200,304048,303077,11994,315071,2138
2022-02-20,Santa Cruz,087,273765,46302,45532,2043,47575,250
2022-02-20,Shasta,089,179085,30020,29847,5969,35816,479
2022-02-20,Sierra,091,2930,271,269,46,315,0
2022-02-20,Siskiyou,093,43540,4367,4307,2656,6963,70
2022-02-20,Solano,095,438530,79957,78914,5446,84360,424
2022-02-20,Sonoma,097,501317,81867,80843,2495,83338,431
2022-02-20,Stanislaus,099,539301,116190,115976,17530,133506,1454
2022-02-20,Sutter,101,95872,20164,20060,1961,22021,210
2022-02-20,Tehama,103,63373,11877,11760,2552,14312,152
2022-02-20,Trinity,105,12862,1169,1130,283,1413,20
2022-02-20,Tulare,107,460477,104983,101996,27040,129036,1286
2022-02-20,Tuolumne,109,53932,12478,12036,540,12576,175
2022-02-20,Ventura,111,848112,171044,170331,9246,179577,1384
2022-02-20,Yolo,113,214977,36274,35363,2923,38286,293
2022-02-20,Yuba,115,75493,15572,15449,1144,16593,112
2022-02-19,Alameda,001,1643700,251006,246028,13338,259366,1700
2022-02-19,Alpine,003,1148,122,124,1,125,0
2022-02-19,Amador,005,37829,8309,8203,628,8831,79
2022-02-19,Butte,007,227075,32655,32173,6821,38994,364
2022-02-19,Calaveras,009,45235,7146,7136,335,7471,107
2022-02-19,Colusa,011,21464,3411,3389,1032,4421,21
2022-02-19,Contra Costa,013,1133247,188060,182797,12847,195644,1190
2022-02-19,Del Norte,015,27424,5575,5511,168,5679,45
2022-02-19,El Dorado,017,186661,26346,26101,3145,29246,189
2022-02-19,Fresno,019,978130,227959,223594,23666,247260,2544
2022-02-19,Glenn,021,27897,4925,4881,1583,6464,39
2022-02-19,Humboldt,023,135768,16491,16393,2844,19237,132
2022-02-19,Imperial,025,180216,54663,53967,10391,64358,862
2022-02-19,Inyo,027,18085,4035,4018,445,4463,52
2022-02-19,Kern,029,883053,189619,187158,45090,232248,2095
2022-02-19,Kings,031,150075,50653,49724,3462,53186,421
2022-02-19,Lake,033,64148,10398,10184,857,11041,126
2022-02-19,Lassen,035,31185,8771,8640,862,9502,55
2022-02-19,Los Angeles,037,10098052,2681487,2642878,121642,2764520,29842
2022-02-19,Madera,039,155013,36728,36526,5890,42416,330
2022-02-19,Marin,041,260295,32674,32441,2141,34582,258
2022-02-19,Mariposa,043,17540,2326,2310,190,2500,6
2022-02-19,Mendocino,045,87422,12792,12625,2906,15531,110
2022-02-19,Merced,047,269075,61541,60886,8444,69330,769
2022-02-19,Modoc,049,8938,720,714,246,960,6
2022-02-19,Mono,051,14174,2953,2956,118,3074,5
2022-02-19,Monterey,053,433212,78090,76765,12991,89756,682
2022-02-19,Napa,055,140530,25071,24970,905,25875,127
2022-02-19,Nevada,057,99092,15701,15715,1144,16859,121
2022-02-19,Orange,059,3164182,540291,538019,40495,578514,6416
2022-02-19,Placer,061,380077,61839,61417,7210,68627,560
2022-02-19,Plumas,063,18699,2924,2646,347,2993,13
2022-02-19,Riverside,065,2383286,585862,581788,27275,609063,6087
2022-02-19,Sacramento,067,1510023,276783,270080,26015,296095,2747
2022-02-19,San Benito,069,59416,12715,12665,500,13165,92
2022-02-19,San Bernardino,071,2135413,569936,553151,24597,577748,6400
2022-02-19,San Diego,073,3302833,739572,729549,51511,781060,4947
2022-02-19,San Francisco,075,870044,120789,121197,7984,129181,756
2022-02-19,San Joaquin,077,732212,164343,163083,9701,172784,2033
2022-02-19,San Luis Obispo,079,281455,51378,50823,3621,54444,424
2022-02-19,San Mateo,081,765935,119005,116648,6719,123367,598
2022-02-19,Santa Barbara,083,443738,84510,83988,4609,88597,642
2022-02-19,Santa Clara,085,1922200,303855,303077,11992,315069,2138
2022-02-19,Santa Cruz,087,273765,46264,45532,2041,47573,250
2022-02-19,Shasta,089,179085,30006,29847,5966,35813,479
2022-02-19,Sierra,091,2930,271,269,46,315,0
2022-02-19,Siskiyou,093,43540,4364,4307,2656,6963,70
2022-02-19,Solano,095,438530,79915,78914,5445,84359,424
2022-02-19,Sonoma,097,501317,81825,80843,2495,83338,431
2022-02-19,Stanislaus,099,539301,116118,115976,17524,133500,1454
2022-02-19,Sutter,101,95872,20156,20060,1961,22021,210
2022-02-19,Tehama,103,63373,11870,11760,2552,14312,152
2022-02-19,Trinity,105,12862,1167,1130,283,1413,20
2022-02-19,Tulare,107,460477,104936,101996,27015,129011,1286
2022-02-19,Tuolumne,109,53932,12469,12036,540,12576,175
2022-02-19,Ventura,111,848112,170969,170331,9242,179573,1384
2022-02-19,Yolo,113,214977,36243,35363,2919,38282,293
2022-02-19,Yuba,115,75493,15563,15449,1144,16593,112
2022-02-18,Alameda,001,1643700,250840,246028,13330,259358,1700
2022-02-18,Alpine,003,1148,121,124,1,125,0
2022-02-18,Amador,005,37829,8302,8203,626,8829,79
2022-02-18,Butte,007,227075,32634,32173,6815,38988,364
2022-02-18,Calaveras,009,45235,7141,7136,334,7470,107
2022-02-18,Colusa,011,21464,3409,3389,1032,4421,21
2022-02-18,Contra Costa,013,1133247,187952,182797,12841,195638,1190
2022-02-18,Del Norte,015,27424,5564,5511,168,5679,45
2022-02-18,El Dorado,017,186661,26335,26101,3145,29246,189
2022-02-18,Fresno,019,978130,227771,223594,23654,247248,2544
2022-02-18,Glenn,021,27897,4924,4881,1582,6463,39
2022-02-18,Humboldt,023,135768,16474,16393,2839,19232,132
2022-02-18,Imperial,025,180216,54637,53967,10380,64347,862
2022-02-18,Inyo,027,18085,4033,4018,445,4463,52
2022-02-18,Kern,029,883053,189506,187158,45045,232203,2095
2022-02-18,Kings,031,150075,50566,49724,3462,53186,421
2022-02-18,Lake,033,64148,10380,10184,855,11039,126
2022-02-18,Lassen,035,31185,8751,8640,861,9501,55
2022-02-18,Los Angeles,037,10098052,2680502,2642878,121587,2764465,29842
2022-02-18,Madera,039,155013,36705,36526,5888,42414,330
2022-02-18,Marin,041,260295,32656,32441,2139,34580,258
2022-02-18,Mariposa,043,17540,2324,2310,190,2500,6
2022-02-18,Mendocino,045,87422,12782,12625,2906,15531,110
2022-02-18,Merced,047,269075,61498,60886,8435,69321,769
2022-02-18,Modoc,049,8938,720,714,246,960,6
2022-02-18,Mono,051,14174,2953,2956,118,3074,5
2022-02-18,Monterey,053,433212,78017,76765,12983,89748,682
2022-02-18,Napa,055,140530,25053,24970,905,25875,127
2022-02-18,Nevada,057,99092,15693,15715,1144,16859,121
2022-02-18,Orange,059,3164182,540055,538019,40456,578475,6416
2022-02-18,Placer,061,380077,61810,61417,7203,68620,560
2022-02-18,Plumas,063,18699,2920,2646,347,2993,13
2022-02-18,Riverside,065,2383286,585682,581788,27267,609055,6087
2022-02-18,Sacramento,067,1510023,276592,270080,26007,296087,2747
2022-02-18,San Benito,069,59416,12707,12665,500,13165,92
2022-02-18,San Bernardino,071,2135413,569758,553151,24592,577743,6400
2022-02-18,San Diego,073,3302833,739148,729549,51485,781034,4947
2022-02-18,San Francisco,075,870044,120701,121197,7976,129173,756
2022-02-18,San Joaquin,077,732212,164274,163083,9694,172777,2033
2022-02-18,San Luis Obispo,079,281455,51362,50823,3618,54441,424
2022-02-18,San Mateo,081,765935,118940,116648,6716,123364,598
2022-02-18,Santa Barbara,083,443738,84470,83988,4607,88595,642
2022-02-18,Santa Clara,085,1922200,303619,303077,11991,315068,2138
2022-02-18,Santa Cruz,087,273765,46230,45532,2040,47572,250
2022-02-18,Shasta,089,179085,29992,29847,5965,35812,479
2022-02-18,Sierra,091,2930,271,269,46,315,0
2022-02-18,Siskiyou,093,43540,4361,4307,2654,6961,70
2022-02-18,Solano,095,438530,79845,78914,5444,84358,424
2022-02-18,Sonoma,097,501317,81769,80843,2494,83337,431
2022-02-18,Stanislaus,099,539301,116068,115976,17510,133486,1454
2022-02-18,Sutter,101,95872,20144,20060,1961,22021,210
2022-02-18,Tehama,103,63373,11859,11760,2552,14312,152
2022-02-18,Trinity,105,12862,1166,1130,282,1412,20
2022-02-18,Tulare,107,460477,104885,101996,26974,128970,1286
2022-02-18,Tuolumne,109,53932,12463,12036,539,12575,175
2022-02-18,Ventura,111,848112,170879,170331,9237,179568,1384
2022-02-18,Yolo,113,214977,36216,35363,2917,38280,293
2022-02-18,Yuba,115,75493,15548,15449,1144,16593,112
2022-02-17,Alameda,001,1643700,250577,246028,13310,259338,1700
2022-02-17,Alpine,003,1148,121,124,1,125,0
2022-02-17,Amador,005,37829,8298,8203,624,8827,79
2022-02-17,Butte,007,227075,32601,32173,6811,38984,364
2022-02-17,Calaveras,009,45235,7132,7136,331,7467,107
2022-02-17,Colusa,011,21464,3406,3389,1032,4421,21
2022-02-17,Contra Costa,013,1133247,187756,182797,12809,195606,1190
2022-02-17,Del Norte,015,27424,5543,5511,168,5679,45
2022-02-17,El Dorado,017,186661,26309,26101,3135,29236,189
2022-02-17,Fresno,019,978130,227481,223594,23623,247217,2544
2022-02-17,Glenn,021,27897,4922,4881,1579,6460,39
2022-02-17,Humboldt,023,135768,16434,16393,2838,19231,132
2022-02-17,Imperial,025,180216,54566,53967,10364,64331,862
2022-02-17,Inyo,027,18085,4031,4018,444,4462,52
2022-02-17,Kern,029,883053,189352,187158,44996,232154,2095
2022-02-17,Kings,031,150075,50502,49724,3457,53181,421
2022-02-17,Lake,033,64148,10350,10184,851,11035,126
2022-02-17,Lassen,035,31185,8741,8640,859,9499,55
2022-02-17,Los Angeles,037,10098052,2678664,2642878,121507,2764385,29842
2022-02-17,Madera,039,155013,36662,36526,5881,42407,330
2022-02-17,Marin,041,260295,32630,32441,2138,34579,258
2022-02-17,Mariposa,043,17540,2322,2310,189,2499,6
2022-02-17,Mendocino,045,87422,12765,12625,2903,15528,110
2022-02-17,Merced,047,269075,61423,60886,8419,69305,769
2022-02-17,Modoc,049,8938,719,714,246,960,6
2022-02-17,Mono,051,14174,2951,2956,118,3074,5
2022-02-17,Monterey,053,433212,77905,76765,12941,89706,682
2022-02-17,Napa,055,140530,25021,24970,903,25873,127
2022-02-17,Nevada,057,99092,15681,15715,1143,16858,121
2022-02-17,Orange,059,3164182,539716,538019,40429,578448,6416
2022-02-17,Placer,061,380077,61768,61417,7195,68612,560
2022-02-17,Plumas,063,18699,2917,2646,347,2993,13
2022-02-17,Riverside,065,2383286,585310,581788,27240,609028,6087
2022-02-17,Sacramento,067,1510023,276304,270080,25959,296039,2747
2022-02-17,San Benito,069,59416,12696,12665,500,13165,92
2022-02-17,San Bernardino,071,2135413,569455,553151,24578,577729,6400
2022-02-17,San Diego,073,3302833,738551,729549,51432,780981,4947
2022-02-17,San Francisco,075,870044,120567,121197,7966,129163,756
2022-02-17,San Joaquin,077,732212,164110,163083,9681,172764,2033
2022-02-17,San Luis Obispo,079,281455,51257,50823,3610,54433,424
2022-02-17,San Mateo,081,765935,118846,116648,6707,123355,598
2022-02-17,Santa Barbara,083,443738,84370,83988,4600,88588,642
2022-02-17,Santa Clara,085,1922200,303256,303077,11977,315054,2138
2022-02-17,Santa Cruz,087,273765,46148,45532,2038,47570,250
2022-02-17,Shasta,089,179085,29965,29847,5962,35809,479
2022-02-17,Sierra,091,2930,271,269,46,315,0
2022-02-17,Siskiyou,093,43540,4352,4307,2650,6957,70
2022-02-17,Solano,095,438530,79764,78914,5437,84351,424
2022-02-17,Sonoma,097,501317,81703,80843,2487,83330,431
2022-02-17,Stanislaus,099,539301,115964,115976,17493,133469,1454
2022-02-17,Sutter,101,95872,20129,20060,1953,22013,210
2022-02-17,Tehama,103,63373,11851,11760,2551,14311,152
2022-02-17,Trinity,105,12862,1164,1130,280,1410,20
2022-02-17,Tulare,107,460477,104772,101996,26950,128946,1286
2022-02-17,Tuolumne,109,53932,12452,12036,539,12575,175
2022-02-17,Ventura,111,848112,170739,170331,9236,179567,1384
2022-02-17,Yolo,113,214977,36178,35363,2916,38279,293
2022-02-17,Yuba,115,75493,15533,15449,1144,16593,112
2022-02-16,Alameda,001,1643700,250267,245662,13272,258934,1691
2022-02-16,Alpine,003,1148,121,124,1,125,0
2022-02-16,Amador,005,37829,8280,8197,623,8820,77
2022-02-16,Butte,007,227075,32555,32095,6798,38893,363
2022-02-16,Calaveras,009,45235,7128,7129,328,7457,107
2022-02-16,Colusa,011,21464,3401,3384,1032,4416,21
2022-02-16,Contra Costa,013,1133247,187522,182423,12773,195196,1179
2022-02-16,Del Norte,015,27424,5523,5473,165,5638,45
2022-02-16,El Dorado,017,186661,26282,26061,3131,29192,189
2022-02-16,Fresno,019,978130,227120,223056,23574,246630,2542
2022-02-16,Glenn,021,27897,4919,4873,1574,6447,39
2022-02-16,Humboldt,023,135768,16410,16342,2828,19170,132
2022-02-16,Imperial,025,180216,54488,53901,10336,64237,861
2022-02-16,Inyo,027,18085,4028,4013,443,4456,52
2022-02-16,Kern,029,883053,189135,186740,44911,231651,2084
2022-02-16,Kings,031,150075,50449,49575,3448,53023,420
2022-02-16,Lake,033,64148,10325,10145,851,10996,125
2022-02-16,Lassen,035,31185,8708,8618,859,9477,55
2022-02-16,Los Angeles,037,10098052,2676569,2640005,121398,2761403,29749
2022-02-16,Madera,039,155013,36595,36382,5867,42249,330
2022-02-16,Marin,041,260295,32594,32381,2136,34517,257
2022-02-16,Mariposa,043,17540,2320,2305,189,2494,6
2022-02-16,Mendocino,045,87422,12743,12605,2893,15498,108
2022-02-16,Merced,047,269075,61355,60776,8387,69163,767
2022-02-16,Modoc,049,8938,719,711,242,953,6
2022-02-16,Mono,051,14174,2949,2953,118,3071,5
2022-02-16,Monterey,053,433212,77758,76624,12900,89524,682
2022-02-16,Napa,055,140530,24983,24897,900,25797,128
2022-02-16,Nevada,057,99092,15664,15677,1139,16816,121
2022-02-16,Orange,059,3164182,539312,537934,40385,578319,6392
2022-02-16,Placer,061,380077,61725,61278,7183,68461,556
2022-02-16,Plumas,063,18699,2914,2644,345,2989,13
2022-02-16,Riverside,065,2383286,584913,580828,27194,608022,6064
2022-02-16,Sacramento,067,1510023,275980,269416,25902,295318,2736
2022-02-16,San Benito,069,59416,12669,12644,500,13144,92
2022-02-16,San Bernardino,071,2135413,569181,552353,24556,576909,6379
2022-02-16,San Diego,073,3302833,737791,728610,51355,779965,4931
2022-02-16,San Francisco,075,870044,120394,120987,7963,128950,756
2022-02-16,San Joaquin,077,732212,163943,162752,9671,172423,2032
2022-02-16,San Luis Obispo,079,281455,51185,50704,3598,54302,425
2022-02-16,San Mateo,081,765935,118728,116438,6689,123127,595
2022-02-16,Santa Barbara,083,443738,84294,83968,4588,88556,642
2022-02-16,Santa Clara,085,1922200,302870,302439,11944,314383,2130
2022-02-16,Santa Cruz,087,273765,46058,45274,2036,47310,250
2022-02-16,Shasta,089,179085,29927,29767,5950,35717,477
2022-02-16,Sierra,091,2930,270,269,46,315,0
2022-02-16,Siskiyou,093,43540,4345,4302,2644,6946,71
2022-02-16,Solano,095,438530,79649,78742,5431,84173,422
2022-02-16,Sonoma,097,501317,81575,80642,2477,83119,431
2022-02-16,Stanislaus,099,539301,115845,115751,17460,133211,1443
2022-02-16,Sutter,101,95872,20112,20020,1950,21970,210
2022-02-16,Tehama,103,63373,11834,11738,2549,14287,152
2022-02-16,Trinity,105,12862,1164,1130,279,1409,20
2022-02-16,Tulare,107,460477,104652,101817,26900,128717,1281
2022-02-16,Tuolumne,109,53932,12440,11991,538,12529,171
2022-02-16,Ventura,111,848112,170604,170117,9228,179345,1372
2022-02-16,Yolo,113,214977,36127,35284,2914,38198,292
2022-02-16,Yuba,115,75493,15511,15405,1141,16546,110
2022-02-15,Alameda,001,1643700,249916,245265,13244,258509,1683
2022-02-15,Alpine,003,1148,121,124,1,125,0
2022-02-15,Amador,005,37829,8270,8183,622,8805,77
2022-02-15,Butte,007,227075,32505,32011,6784,38795,361
2022-02-15,Calaveras,009,45235,7118,7115,328,7443,106
2022-02-15,Colusa,011,21464,3393,3374,1031,4405,21
2022-02-15,Contra Costa,013,1133247,187265,182041,12743,194784,1179
2022-02-15,Del Norte,015,27424,5495,5439,164,5603,45
2022-02-15,El Dorado,017,186661,26263,25988,3126,29114,189
2022-02-15,Fresno,019,978130,226743,222673,23516,246189,2543
2022-02-15,Glenn,021,27897,4910,4862,1573,6435,39
2022-02-15,Humboldt,023,135768,16365,16297,2813,19110,132
2022-02-15,Imperial,025,180216,54424,53813,10321,64134,860
2022-02-15,Inyo,027,18085,4027,4009,442,4451,52
2022-02-15,Kern,029,883053,188914,186324,44820,231144,2072
2022-02-15,Kings,031,150075,50356,49473,3439,52912,418
2022-02-15,Lake,033,64148,10293,10112,845,10957,123
2022-02-15,Lassen,035,31185,8694,8587,857,9444,55
2022-02-15,Los Angeles,037,10098052,2674311,2638266,121267,2759533,29691
2022-02-15,Madera,039,155013,36529,36260,5847,42107,330
2022-02-15,Marin,041,260295,32552,32355,2134,34489,255
2022-02-15,Mariposa,043,17540,2319,2302,189,2491,6
2022-02-15,Mendocino,045,87422,12726,12580,2874,15454,108
2022-02-15,Merced,047,269075,61273,60674,8355,69029,763
2022-02-15,Modoc,049,8938,717,710,239,949,6
2022-02-15,Mono,051,14174,2948,2952,118,3070,5
2022-02-15,Monterey,053,433212,77632,75530,12842,88372,682
2022-02-15,Napa,055,140530,24933,24832,893,25725,127
2022-02-15,Nevada,057,99092,15638,15643,1138,16781,121
2022-02-15,Orange,059,3164182,538855,537478,40342,577820,6374
2022-02-15,Placer,061,380077,61664,61170,7172,68342,554
2022-02-15,Plumas,063,18699,2910,2638,345,2983,13
2022-02-15,Riverside,065,2383286,584428,579940,27135,607075,6049
2022-02-15,Sacramento,067,1510023,275594,268950,25823,294773,2721
2022-02-15,San Benito,069,59416,12650,12616,500,13116,91
2022-02-15,San Bernardino,071,2135413,568820,551803,24536,576339,6372
2022-02-15,San Diego,073,3302833,736831,727486,51252,778738,4914
2022-02-15,San Francisco,075,870044,120223,120759,7952,128711,756
2022-02-15,San Joaquin,077,732212,163724,162518,9658,172176,2021
2022-02-15,San Luis Obispo,079,281455,51088,50534,3583,54117,419
2022-02-15,San Mateo,081,765935,118592,116253,6669,122922,595
2022-02-15,Santa Barbara,083,443738,84159,83734,4574,88308,640
2022-02-15,Santa Clara,085,1922200,302377,301831,11907,313738,2130
2022-02-15,Santa Cruz,087,273765,45954,45171,2031,47202,250
2022-02-15,Shasta,089,179085,29876,29684,5936,35620,477
2022-02-15,Sierra,091,2930,270,269,46,315,0
2022-02-15,Siskiyou,093,43540,4338,4288,2637,6925,70
2022-02-15,Solano,095,438530,79515,78626,5426,84052,426
2022-02-15,Sonoma,097,501317,81454,80433,2471,82904,431
2022-02-15,Stanislaus,099,539301,115704,115549,17429,132978,1429
2022-02-15,Sutter,101,95872,20084,19980,1945,21925,208
2022-02-15,Tehama,103,63373,11816,11717,2547,14264,151
2022-02-15,Trinity,105,12862,1158,1125,276,1401,20
2022-02-15,Tulare,107,460477,104500,101645,26845,128490,1278
2022-02-15,Tuolumne,109,53932,12421,11945,536,12481,171
2022-02-15,Ventura,111,848112,170430,169942,9221,179163,1372
2022-02-15,Yolo,113,214977,36076,35241,2906,38147,289
2022-02-15,Yuba,115,75493,15483,15372,1136,16508,109
2022-02-14,Alameda,001,1643700,249480,244315,13212,257527,1677
2022-02-14,Alpine,003,1148,121,125,1,126,0
2022-02-14,Amador,005,37829,8255,8164,619,8783,77
2022-02-14,Butte,007,227075,32450,31946,6769,38715,360
2022-02-14,Calaveras,009,45235,7105,7097,326,7423,106
2022-02-14,Colusa,011,21464,3390,3367,1027,4394,21
2022-02-14,Contra Costa,013,1133247,186981,181753,12705,194458,1167
2022-02-14,Del Norte,015,27424,5472,5426,163,5589,45
2022-02-14,El Dorado,017,186661,26228,25915,3117,29032,188
2022-02-14,Fresno,019,978130,226262,222360,23429,245789,2538
2022-02-14,Glenn,021,27897,4905,4854,1573,6427,39
2022-02-14,Humboldt,023,135768,16325,16264,2788,19052,132
2022-02-14,Imperial,025,180216,54353,53765,10295,64060,860
2022-02-14,Inyo,027,18085,4026,4010,441,4451,52
2022-02-14,Kern,029,883053,188571,186037,44712,230749,2063
2022-02-14,Kings,031,150075,50250,49395,3430,52825,419
2022-02-14,Lake,033,64148,10256,10090,842,10932,123
2022-02-14,Lassen,035,31185,8684,8539,855,9394,55
2022-02-14,Los Angeles,037,10098052,2671726,2636064,121140,2757204,29650
2022-02-14,Madera,039,155013,36465,36194,5824,42018,330
2022-02-14,Marin,041,260295,32516,32304,2131,34435,255
2022-02-14,Mariposa,043,17540,2312,2295,189,2484,6
2022-02-14,Mendocino,045,87422,12699,12541,2842,15383,108
2022-02-14,Merced,047,269075,61184,60591,8312,68903,758
2022-02-14,Modoc,049,8938,712,707,239,946,6
2022-02-14,Mono,051,14174,2947,2954,118,3072,5
2022-02-14,Monterey,053,433212,77461,75407,12762,88169,678
2022-02-14,Napa,055,140530,24874,24776,893,25669,127
2022-02-14,Nevada,057,99092,15619,15629,1137,16766,121
2022-02-14,Orange,059,3164182,538351,536924,40276,577200,6355
2022-02-14,Placer,061,380077,61594,61123,7157,68280,554
2022-02-14,Plumas,063,18699,2908,2631,345,2976,13
2022-02-14,Riverside,065,2383286,583882,579174,27067,606241,5994
2022-02-14,Sacramento,067,1510023,275152,268547,25711,294258,2717
2022-02-14,San Benito,069,59416,12626,12598,499,13097,91
2022-02-14,San Bernardino,071,2135413,568404,551338,24516,575854,6372
2022-02-14,San Diego,073,3302833,735863,723902,51149,775051,4894
2022-02-14,San Francisco,075,870044,120035,120581,7942,128523,756
2022-02-14,San Joaquin,077,732212,163483,162363,9635,171998,2018
2022-02-14,San Luis Obispo,079,281455,50980,50465,3573,54038,416
2022-02-14,San Mateo,081,765935,118428,116129,6661,122790,592
2022-02-14,Santa Barbara,083,443738,84013,83697,4564,88261,636
2022-02-14,Santa Clara,085,1922200,301846,301319,11883,313202,2127
2022-02-14,Santa Cruz,087,273765,45791,45042,2027,47069,250
2022-02-14,Shasta,089,179085,29790,29595,5919,35514,474
2022-02-14,Sierra,091,2930,270,269,46,315,0
2022-02-14,Siskiyou,093,43540,4325,4278,2623,6901,69
2022-02-14,Solano,095,438530,79336,78533,5414,83947,427
2022-02-14,Sonoma,097,501317,81313,80336,2459,82795,431
2022-02-14,Stanislaus,099,539301,115526,115426,17386,132812,1406
2022-02-14,Sutter,101,95872,20056,19957,1939,21896,209
2022-02-14,Tehama,103,63373,11793,11686,2546,14232,151
2022-02-14,Trinity,105,12862,1155,1123,276,1399,20
2022-02-14,Tulare,107,460477,104293,101448,26750,128198,1276
2022-02-14,Tuolumne,109,53932,12392,11920,533,12453,170
2022-02-14,Ventura,111,848112,170253,169725,9209,178934,1361
2022-02-14,Yolo,113,214977,36017,35112,2896,38008,286
2022-02-14,Yuba,115,75493,15453,15375,1132,16507,108
2022-02-13,Alameda,001,1643700,248989,243681,13178,256859,1677
2022-02-13,Alpine,003,1148,121,125,1,126,0
2022-02-13,Amador,005,37829,8226,8146,616,8762,77
2022-02-13,Butte,007,227075,32375,31865,6747,38612,360
2022-02-13,Calaveras,009,45235,7098,7083,323,7406,106
2022-02-13,Colusa,011,21464,3388,3366,1025,4391,21
2022-02-13,Contra Costa,013,1133247,186617,181313,12641,193954,1159
2022-02-13,Del Norte,015,27424,5440,5379,162,5541,45
2022-02-13,El Dorado,017,186661,26191,25871,3109,28980,188
2022-02-13,Fresno,019,978130,225725,221686,23370,245056,2537
2022-02-13,Glenn,021,27897,4898,4847,1570,6417,39
2022-02-13,Humboldt,023,135768,16278,16210,2760,18970,132
2022-02-13,Imperial,025,180216,54255,53658,10260,63918,860
2022-02-13,Inyo,027,18085,4023,4006,439,4445,52
2022-02-13,Kern,029,883053,188319,185640,44627,230267,2063
2022-02-13,Kings,031,150075,50123,49243,3419,52662,416
2022-02-13,Lake,033,64148,10193,10042,835,10877,123
2022-02-13,Lassen,035,31185,8659,8503,853,9356,55
2022-02-13,Los Angeles,037,10098052,2668551,2631267,121000,2752267,29595
2022-02-13,Madera,039,155013,36348,36054,5796,41850,330
2022-02-13,Marin,041,260295,32444,32222,2124,34346,255
2022-02-13,Mariposa,043,17540,2306,2292,187,2479,6
2022-02-13,Mendocino,045,87422,12670,12521,2803,15324,108
2022-02-13,Merced,047,269075,61041,60460,8258,68718,758
2022-02-13,Modoc,049,8938,710,704,232,936,6
2022-02-13,Mono,051,14174,2946,2949,118,3067,5
2022-02-13,Monterey,053,433212,77254,75295,12688,87983,678
2022-02-13,Napa,055,140530,24797,24743,890,25633,127
2022-02-13,Nevada,057,99092,15585,15590,1130,16720,121
2022-02-13,Orange,059,3164182,537725,536134,40214,576348,6355
2022-02-13,Placer,061,380077,61518,61020,7136,68156,554
2022-02-13,Plumas,063,18699,2900,2626,342,2968,13
2022-02-13,Riverside,065,2383286,583290,578363,27026,605389,5995
2022-02-13,Sacramento,067,1510023,274640,267947,25581,293528,2699
2022-02-13,San Benito,069,59416,12593,12578,498,13076,91
2022-02-13,San Bernardino,071,2135413,567917,550632,24482,575114,6367
2022-02-13,San Diego,073,3302833,734726,723902,51029,774931,4894
2022-02-13,San Francisco,075,870044,119783,120295,7930,128225,756
2022-02-13,San Joaquin,077,732212,163177,162028,9607,171635,2018
2022-02-13,San Luis Obispo,079,281455,50835,50384,3565,53949,415
2022-02-13,San Mateo,081,765935,118207,115876,6635,122511,592
2022-02-13,Santa Barbara,083,443738,83848,83547,4557,88104,635
2022-02-13,Santa Clara,085,1922200,301208,300412,11846,312258,2114
2022-02-13,Santa Cruz,087,273765,45636,44887,2025,46912,240
2022-02-13,Shasta,089,179085,29711,29531,5896,35427,474
2022-02-13,Sierra,091,2930,270,269,46,315,0
2022-02-13,Siskiyou,093,43540,4318,4264,2607,6871,69
2022-02-13,Solano,095,438530,79179,78424,5390,83814,426
2022-02-13,Sonoma,097,501317,81147,80172,2447,82619,431
2022-02-13,Stanislaus,099,539301,115333,115156,17346,132502,1406
2022-02-13,Sutter,101,95872,20017,19900,1939,21839,209
2022-02-13,Tehama,103,63373,11768,11644,2543,14187,151
2022-02-13,Trinity,105,12862,1152,1120,273,1393,20
2022-02-13,Tulare,107,460477,104078,101135,26662,127797,1276
2022-02-13,Tuolumne,109,53932,12366,11891,528,12419,170
2022-02-13,Ventura,111,848112,170059,169422,9189,178611,1361
2022-02-13,Yolo,113,214977,35950,35057,2885,37942,286
2022-02-13,Yuba,115,75493,15419,15346,1131,16477,107
2022-02-12,Alameda,001,1643700,248769,242137,13164,255301,1668
2022-02-12,Alpine,003,1148,121,124,1,125,0
2022-02-12,Amador,005,37829,8220,8091,616,8707,76
2022-02-12,Butte,007,227075,32346,31601,6741,38342,360
2022-02-12,Calaveras,009,45235,7095,7022,322,7344,106
2022-02-12,Colusa,011,21464,3385,3345,1025,4370,21
2022-02-12,Contra Costa,013,1133247,186426,180270,12634,192904,1141
2022-02-12,Del Norte,015,27424,5421,5262,162,5424,45
2022-02-12,El Dorado,017,186661,26175,25692,3109,28801,188
2022-02-12,Fresno,019,978130,225513,219909,23355,243264,2509
2022-02-12,Glenn,021,27897,4897,4818,1569,6387,39
2022-02-12,Humboldt,023,135768,16254,16058,2757,18815,132
2022-02-12,Imperial,025,180216,54211,53304,10250,63554,860
2022-02-12,Inyo,027,18085,4021,3991,439,4430,52
2022-02-12,Kern,029,883053,188208,184639,44590,229229,2037
2022-02-12,Kings,031,150075,50083,48893,3412,52305,415
2022-02-12,Lake,033,64148,10172,9926,831,10757,123
2022-02-12,Lassen,035,31185,8636,8477,852,9329,55
2022-02-12,Los Angeles,037,10098052,2667389,2616426,120929,2737355,29364
2022-02-12,Madera,039,155013,36314,35710,5790,41500,330
2022-02-12,Marin,041,260295,32412,32048,2121,34169,255
2022-02-12,Mariposa,043,17540,2306,2286,187,2473,6
2022-02-12,Mendocino,045,87422,12654,12439,2803,15242,107
2022-02-12,Merced,047,269075,60987,60187,8253,68440,758
2022-02-12,Modoc,049,8938,710,697,232,929,6
2022-02-12,Mono,051,14174,2945,2939,118,3057,5
2022-02-12,Monterey,053,433212,77193,74842,12666,87508,672
2022-02-12,Napa,055,140530,24769,24530,890,25420,124
2022-02-12,Nevada,057,99092,15572,15499,1129,16628,119
2022-02-12,Orange,059,3164182,537434,534503,40178,574681,6305
2022-02-12,Placer,061,380077,61461,60636,7133,67769,554
2022-02-12,Plumas,063,18699,2899,2617,341,2958,13
2022-02-12,Riverside,065,2383286,582928,575566,27003,602569,5961
2022-02-12,Sacramento,067,1510023,274405,266347,25571,291918,2686
2022-02-12,San Benito,069,59416,12581,12526,498,13024,91
2022-02-12,San Bernardino,071,2135413,567682,548822,24469,573291,6360
2022-02-12,San Diego,073,3302833,734227,720287,50978,771265,4854
2022-02-12,San Francisco,075,870044,119661,119113,7919,127032,740
2022-02-12,San Joaquin,077,732212,163046,161234,9601,170835,2014
2022-02-12,San Luis Obispo,079,281455,50799,50064,3562,53626,416
2022-02-12,San Mateo,081,765935,118119,115235,6628,121863,589
2022-02-12,Santa Barbara,083,443738,83762,83390,4550,87940,631
2022-02-12,Santa Clara,085,1922200,300871,298176,11838,310014,2093
2022-02-12,Santa Cruz,087,273765,45600,44447,2023,46470,239
2022-02-12,Shasta,089,179085,29682,29370,5892,35262,473
2022-02-12,Sierra,091,2930,270,268,46,314,0
2022-02-12,Siskiyou,093,43540,4310,4231,2604,6835,68
2022-02-12,Solano,095,438530,79137,77865,5385,83250,424
2022-02-12,Sonoma,097,501317,81043,79533,2445,81978,431
2022-02-12,Stanislaus,099,539301,115208,114531,17333,131864,1406
2022-02-12,Sutter,101,95872,20002,19800,1939,21739,211
2022-02-12,Tehama,103,63373,11752,11580,2543,14123,151
2022-02-12,Trinity,105,12862,1151,1115,273,1388,20
2022-02-12,Tulare,107,460477,103983,100434,26625,127059,1273
2022-02-12,Tuolumne,109,53932,12348,11754,528,12282,125
2022-02-12,Ventura,111,848112,169952,168736,9184,177920,1340
2022-02-12,Yolo,113,214977,35909,34773,2882,37655,286
2022-02-12,Yuba,115,75493,15405,15242,1130,16372,107
2022-02-11,Alameda,001,1643700,248489,242137,13149,255286,1668
2022-02-11,Alpine,003,1148,121,124,1,125,0
2022-02-11,Amador,005,37829,8208,8091,616,8707,76
2022-02-11,Butte,007,227075,32302,31601,6730,38331,360
2022-02-11,Calaveras,009,45235,7092,7022,322,7344,106
2022-02-11,Colusa,011,21464,3383,3345,1024,4369,21
2022-02-11,Contra Costa,013,1133247,186222,180270,12615,192885,1141
2022-02-11,Del Norte,015,27424,5405,5262,161,5423,45
2022-02-11,El Dorado,017,186661,26156,25692,3108,28800,188
2022-02-11,Fresno,019,978130,225218,219909,23337,243246,2509
2022-02-11,Glenn,021,27897,4893,4818,1569,6387,39
2022-02-11,Humboldt,023,135768,16225,16058,2752,18810,132
2022-02-11,Imperial,025,180216,54182,53304,10239,63543,860
2022-02-11,Inyo,027,18085,4017,3991,435,4426,52
2022-02-11,Kern,029,883053,188050,184639,44539,229178,2037
2022-02-11,Kings,031,150075,50043,48893,3411,52304,415
2022-02-11,Lake,033,64148,10147,9926,829,10755,123
2022-02-11,Lassen,035,31185,8596,8477,852,9329,55
2022-02-11,Los Angeles,037,10098052,2665755,2616426,120839,2737265,29364
2022-02-11,Madera,039,155013,36272,35710,5784,41494,330
2022-02-11,Marin,041,260295,32380,32048,2118,34166,255
2022-02-11,Mariposa,043,17540,2301,2286,187,2473,6
2022-02-11,Mendocino,045,87422,12638,12439,2803,15242,107
2022-02-11,Merced,047,269075,60937,60187,8242,68429,758
2022-02-11,Modoc,049,8938,708,697,232,929,6
2022-02-11,Mono,051,14174,2944,2939,118,3057,5
2022-02-11,Monterey,053,433212,77077,74842,12653,87495,672
2022-02-11,Napa,055,140530,24743,24530,890,25420,124
2022-02-11,Nevada,057,99092,15558,15499,1126,16625,119
2022-02-11,Orange,059,3164182,537083,534503,40118,574621,6305
2022-02-11,Placer,061,380077,61409,60636,7131,67767,554
2022-02-11,Plumas,063,18699,2895,2617,339,2956,13
2022-02-11,Riverside,065,2383286,582511,575566,26987,602553,5961
2022-02-11,Sacramento,067,1510023,274141,266347,25559,291906,2686
2022-02-11,San Benito,069,59416,12576,12526,498,13024,91
2022-02-11,San Bernardino,071,2135413,567367,548822,24455,573277,6360
2022-02-11,San Diego,073,3302833,733524,720287,50919,771206,4854
2022-02-11,San Francisco,075,870044,119540,119113,7903,127016,740
2022-02-11,San Joaquin,077,732212,162878,161234,9589,170823,2014
2022-02-11,San Luis Obispo,079,281455,50762,50064,3558,53622,416
2022-02-11,San Mateo,081,765935,118001,115235,6619,121854,589
2022-02-11,Santa Barbara,083,443738,83678,83390,4549,87939,631
2022-02-11,Santa Clara,085,1922200,300447,298176,11821,309997,2093
2022-02-11,Santa Cruz,087,273765,45508,44447,2023,46470,239
2022-02-11,Shasta,089,179085,29651,29370,5884,35254,473
2022-02-11,Sierra,091,2930,269,268,45,313,0
2022-02-11,Siskiyou,093,43540,4299,4231,2598,6829,68
2022-02-11,Solano,095,438530,79012,77865,5379,83244,424
2022-02-11,Sonoma,097,501317,80956,79533,2440,81973,431
2022-02-11,Stanislaus,099,539301,115108,114531,17318,131849,1406
2022-02-11,Sutter,101,95872,19979,19800,1937,21737,211
2022-02-11,Tehama,103,63373,11738,11580,2543,14123,151
2022-02-11,Trinity,105,12862,1150,1115,272,1387,20
2022-02-11,Tulare,107,460477,103865,100434,26574,127008,1273
2022-02-11,Tuolumne,109,53932,12333,11754,526,12280,125
2022-02-11,Ventura,111,848112,169813,168736,9179,177915,1340
2022-02-11,Yolo,113,214977,35876,34773,2880,37653,286
2022-02-11,Yuba,115,75493,15388,15242,1129,16371,107
2022-02-10,Alameda,001,1643700,247969,242137,13101,255238,1668
2022-02-10,Alpine,003,1148,121,124,1,125,0
2022-02-10,Amador,005,37829,8196,8091,610,8701,76
2022-02-10,Butte,007,227075,32251,31601,6716,38317,360
2022-02-10,Calaveras,009,45235,7080,7022,320,7342,106
2022-02-10,Colusa,011,21464,3377,3345,1022,4367,21
2022-02-10,Contra Costa,013,1133247,185861,180270,12551,192821,1141
2022-02-10,Del Norte,015,27424,5376,5262,159,5421,45
2022-02-10,El Dorado,017,186661,26111,25692,3101,28793,188
2022-02-10,Fresno,019,978130,224641,219909,23250,243159,2509
2022-02-10,Glenn,021,27897,4887,4818,1567,6385,39
2022-02-10,Humboldt,023,135768,16175,16058,2730,18788,132
2022-02-10,Imperial,025,180216,54113,53304,10196,63500,860
2022-02-10,Inyo,027,18085,4013,3991,435,4426,52
2022-02-10,Kern,029,883053,187742,184639,44430,229069,2037
2022-02-10,Kings,031,150075,49932,48893,3400,52293,415
2022-02-10,Lake,033,64148,10116,9926,827,10753,123
2022-02-10,Lassen,035,31185,8582,8477,850,9327,55
2022-02-10,Los Angeles,037,10098052,2662600,2616426,120652,2737078,29364
2022-02-10,Madera,039,155013,36175,35710,5753,41463,330
2022-02-10,Marin,041,260295,32322,32048,2106,34154,255
2022-02-10,Mariposa,043,17540,2297,2286,186,2472,6
2022-02-10,Mendocino,045,87422,12616,12439,2779,15218,107
2022-02-10,Merced,047,269075,60813,60187,8186,68373,758
2022-02-10,Modoc,049,8938,707,697,231,928,6
2022-02-10,Mono,051,14174,2942,2939,117,3056,5
2022-02-10,Monterey,053,433212,76896,74842,12573,87415,672
2022-02-10,Napa,055,140530,24679,24530,888,25418,124
2022-02-10,Nevada,057,99092,15533,15499,1125,16624,119
2022-02-10,Orange,059,3164182,536434,534503,40051,574554,6305
2022-02-10,Placer,061,380077,61328,60636,7122,67758,554
2022-02-10,Plumas,063,18699,2892,2617,332,2949,13
2022-02-10,Riverside,065,2383286,581794,575566,26932,602498,5961
2022-02-10,Sacramento,067,1510023,273658,266347,25471,291818,2686
2022-02-10,San Benito,069,59416,12555,12526,496,13022,91
2022-02-10,San Bernardino,071,2135413,566822,548822,24425,573247,6360
2022-02-10,San Diego,073,3302833,732420,720287,50793,771080,4854
2022-02-10,San Francisco,075,870044,119327,119113,7886,126999,740
2022-02-10,San Joaquin,077,732212,162565,161234,9581,170815,2014
2022-02-10,San Luis Obispo,079,281455,50663,50064,3547,53611,416
2022-02-10,San Mateo,081,765935,117775,115235,6602,121837,589
2022-02-10,Santa Barbara,083,443738,83494,83390,4543,87933,631
2022-02-10,Santa Clara,085,1922200,299779,298176,11765,309941,2093
2022-02-10,Santa Cruz,087,273765,45364,44447,2022,46469,239
2022-02-10,Shasta,089,179085,29589,29370,5864,35234,473
2022-02-10,Sierra,091,2930,269,268,45,313,0
2022-02-10,Siskiyou,093,43540,4294,4231,2585,6816,68
2022-02-10,Solano,095,438530,78819,77865,5360,83225,424
2022-02-10,Sonoma,097,501317,80820,79533,2423,81956,431
2022-02-10,Stanislaus,099,539301,114928,114531,17279,131810,1406
2022-02-10,Sutter,101,95872,19940,19800,1922,21722,211
2022-02-10,Tehama,103,63373,11708,11580,2540,14120,151
2022-02-10,Trinity,105,12862,1147,1115,271,1386,20
2022-02-10,Tulare,107,460477,103677,100434,26497,126931,1273
2022-02-10,Tuolumne,109,53932,12311,11754,521,12275,125
2022-02-10,Ventura,111,848112,169532,168736,9165,177901,1340
2022-02-10,Yolo,113,214977,35800,34773,2874,37647,286
2022-02-10,Yuba,115,75493,15356,15242,1124,16366,107
2022-02-09,Alameda,001,1643700,247436,241141,13044,254185,1668
2022-02-09,Alpine,003,1148,120,124,1,125,0
2022-02-09,Amador,005,37829,8182,8069,605,8674,76
2022-02-09,Butte,007,227075,32158,31433,6702,38135,359
2022-02-09,Calaveras,009,45235,7066,7005,316,7321,106
2022-02-09,Colusa,011,21464,3374,3331,1021,4352,21
2022-02-09,Contra Costa,013,1133247,185505,179695,12505,192200,1132
2022-02-09,Del Norte,015,27424,5329,5204,158,5362,45
2022-02-09,El Dorado,017,186661,26074,25572,3089,28661,186
2022-02-09,Fresno,019,978130,224020,218989,23162,242151,2502
2022-02-09,Glenn,021,27897,4872,4804,1566,6370,39
2022-02-09,Humboldt,023,135768,16128,15929,2705,18634,131
2022-02-09,Imperial,025,180216,54010,53102,10124,63226,858
2022-02-09,Inyo,027,18085,4007,3989,434,4423,52
2022-02-09,Kern,029,883053,187366,184068,44316,228384,2021
2022-02-09,Kings,031,150075,49821,48718,3394,52112,410
2022-02-09,Lake,033,64148,10076,9880,822,10702,124
2022-02-09,Lassen,035,31185,8557,8459,849,9308,55
2022-02-09,Los Angeles,037,10098052,2658931,2611611,120515,2732126,29263
2022-02-09,Madera,039,155013,36076,35559,5723,41282,330
2022-02-09,Marin,041,260295,32272,31965,2099,34064,255
2022-02-09,Mariposa,043,17540,2294,2279,186,2465,6
2022-02-09,Mendocino,045,87422,12582,12378,2750,15128,107
2022-02-09,Merced,047,269075,60683,59952,8130,68082,755
2022-02-09,Modoc,049,8938,704,691,230,921,6
2022-02-09,Mono,051,14174,2940,2937,117,3054,5
2022-02-09,Monterey,053,433212,76694,74500,12487,86987,670
2022-02-09,Napa,055,140530,24633,24429,883,25312,123
2022-02-09,Nevada,057,99092,15512,15446,1123,16569,119
2022-02-09,Orange,059,3164182,535804,534316,39971,574287,6263
2022-02-09,Placer,061,380077,61233,60490,7102,67592,553
2022-02-09,Plumas,063,18699,2887,2609,328,2937,13
2022-02-09,Riverside,065,2383286,581052,573907,26887,600794,5911
2022-02-09,Sacramento,067,1510023,273092,265624,25355,290979,2673
2022-02-09,San Benito,069,59416,12531,12492,496,12988,91
2022-02-09,San Bernardino,071,2135413,566214,547768,24399,572167,6349
2022-02-09,San Diego,073,3302833,731062,717896,50681,768577,4832
2022-02-09,San Francisco,075,870044,119076,118550,7875,126425,731
2022-02-09,San Joaquin,077,732212,162260,160618,9571,170189,2014
2022-02-09,San Luis Obispo,079,281455,50517,49833,3542,53375,414
2022-02-09,San Mateo,081,765935,117587,114890,6562,121452,589
2022-02-09,Santa Barbara,083,443738,83312,82830,4537,87367,629
2022-02-09,Santa Clara,085,1922200,299062,297157,11707,308864,2090
2022-02-09,Santa Cruz,087,273765,45183,44200,2015,46215,239
2022-02-09,Shasta,089,179085,29520,29215,5843,35058,471
2022-02-09,Sierra,091,2930,268,268,44,312,0
2022-02-09,Siskiyou,093,43540,4280,4217,2579,6796,68
2022-02-09,Solano,095,438530,78628,77299,5349,82648,423
2022-02-09,Sonoma,097,501317,80646,79165,2416,81581,431
2022-02-09,Stanislaus,099,539301,114679,114039,17048,131087,1406
2022-02-09,Sutter,101,95872,19898,19758,1909,21667,207
2022-02-09,Tehama,103,63373,11683,11542,2536,14078,149
2022-02-09,Trinity,105,12862,1143,1110,270,1380,20
2022-02-09,Tulare,107,460477,103464,100049,26411,126460,1271
2022-02-09,Tuolumne,109,53932,12274,11702,518,12220,95
2022-02-09,Ventura,111,848112,169295,168253,9152,177405,1325
2022-02-09,Yolo,113,214977,35730,34588,2858,37446,285
2022-02-09,Yuba,115,75493,15325,15187,1113,16300,105
2022-02-08,Alameda,001,1643700,246798,240587,12971,253558,1651
2022-02-08,Alpine,003,1148,120,124,1,125,0
2022-02-08,Amador,005,37829,8174,8050,598,8648,76
2022-02-08,Butte,007,227075,32074,31353,6678,38031,359
2022-02-08,Calaveras,009,45235,7049,6981,314,7295,101
2022-02-08,Colusa,011,21464,3366,3320,1020,4340,21
2022-02-08,Contra Costa,013,1133247,185073,179078,12428,191506,1132
2022-02-08,Del Norte,015,27424,5304,5156,153,5309,44
2022-02-08,El Dorado,017,186661,26029,25446,3078,28524,186
2022-02-08,Fresno,019,978130,223273,218416,23057,241473,2502
2022-02-08,Glenn,021,27897,4855,4784,1562,6346,39
2022-02-08,Humboldt,023,135768,16067,15865,2673,18538,130
2022-02-08,Imperial,025,180216,53881,52977,10080,63057,855
2022-02-08,Inyo,027,18085,4002,3983,434,4417,52
2022-02-08,Kern,029,883053,187030,183519,44186,227705,2010
2022-02-08,Kings,031,150075,49663,48479,3382,51861,411
2022-02-08,Lake,033,64148,10046,9806,816,10622,125
2022-02-08,Lassen,035,31185,8548,8423,845,9268,55
2022-02-08,Los Angeles,037,10098052,2654595,2611204,120327,2731531,29259
2022-02-08,Madera,039,155013,35968,35381,5667,41048,330
2022-02-08,Marin,041,260295,32198,31878,2094,33972,255
2022-02-08,Mariposa,043,17540,2293,2266,178,2444,6
2022-02-08,Mendocino,045,87422,12550,12336,2719,15055,107
2022-02-08,Merced,047,269075,60569,59789,8070,67859,751
2022-02-08,Modoc,049,8938,700,684,230,914,6
2022-02-08,Mono,051,14174,2939,2932,117,3049,5
2022-02-08,Monterey,053,433212,76488,74316,12401,86717,670
2022-02-08,Napa,055,140530,24560,24346,877,25223,121
2022-02-08,Nevada,057,99092,15485,15383,1120,16503,117
2022-02-08,Orange,059,3164182,535117,533507,39883,573390,6205
2022-02-08,Placer,061,380077,61125,60301,7090,67391,553
2022-02-08,Plumas,063,18699,2876,2596,321,2917,13
2022-02-08,Riverside,065,2383286,580222,571892,26815,598707,5908
2022-02-08,Sacramento,067,1510023,272422,264479,25179,289658,2664
2022-02-08,San Benito,069,59416,12507,12434,494,12928,91
2022-02-08,San Bernardino,071,2135413,565502,544658,24355,569013,6335
2022-02-08,San Diego,073,3302833,729489,717896,50549,768445,4832
2022-02-08,San Francisco,075,870044,118765,117942,7866,125808,731
2022-02-08,San Joaquin,077,732212,161877,160147,9553,169700,2005
2022-02-08,San Luis Obispo,079,281455,50352,49556,3512,53068,410
2022-02-08,San Mateo,081,765935,117369,114541,6533,121074,589
2022-02-08,Santa Barbara,083,443738,83144,82461,4512,86973,627
2022-02-08,Santa Clara,085,1922200,298180,295679,11660,307339,2091
2022-02-08,Santa Cruz,087,273765,45028,43884,2010,45894,239
2022-02-08,Shasta,089,179085,29437,29084,5815,34899,470
2022-02-08,Sierra,091,2930,268,267,44,311,0
2022-02-08,Siskiyou,093,43540,4270,4191,2570,6761,68
2022-02-08,Solano,095,438530,78395,77031,5334,82365,421
2022-02-08,Sonoma,097,501317,80432,78798,2392,81190,431
2022-02-08,Stanislaus,099,539301,114424,113733,16970,130703,1406
2022-02-08,Sutter,101,95872,19860,19717,1897,21614,203
2022-02-08,Tehama,103,63373,11656,11491,2529,14020,149
2022-02-08,Trinity,105,12862,1137,1110,270,1380,20
2022-02-08,Tulare,107,460477,103173,99694,26280,125974,1267
2022-02-08,Tuolumne,109,53932,12250,11665,516,12181,92
2022-02-08,Ventura,111,848112,169058,167830,9137,176967,1325
2022-02-08,Yolo,113,214977,35648,34462,2845,37307,281
2022-02-08,Yuba,115,75493,15280,15126,1091,16217,107
2022-02-07,Alameda,001,1643700,246080,238678,12904,251582,1643
2022-02-07,Alpine,003,1148,120,124,1,125,0
2022-02-07,Amador,005,37829,8146,7980,590,8570,75
2022-02-07,Butte,007,227075,31985,31184,6649,37833,355
2022-02-07,Calaveras,009,45235,7027,6910,313,7223,100
2022-02-07,Colusa,011,21464,3355,3283,1016,4299,21
2022-02-07,Contra Costa,013,1133247,184602,177767,12356,190123,1130
2022-02-07,Del Norte,015,27424,5263,5093,148,5241,44
2022-02-07,El Dorado,017,186661,25966,25257,3067,28324,185
2022-02-07,Fresno,019,978130,222411,216495,22911,239406,2493
2022-02-07,Glenn,021,27897,4847,4762,1558,6320,39
2022-02-07,Humboldt,023,135768,15992,15764,2648,18412,129
2022-02-07,Imperial,025,180216,53766,52689,10011,62700,853
2022-02-07,Inyo,027,18085,3997,3976,428,4404,51
2022-02-07,Kern,029,883053,186557,182047,44022,226069,1998
2022-02-07,Kings,031,150075,49479,48147,3365,51512,403
2022-02-07,Lake,033,64148,10000,9519,808,10327,125
2022-02-07,Lassen,035,31185,8530,8362,839,9201,55
2022-02-07,Los Angeles,037,10098052,2650137,2607438,120107,2727545,29210
2022-02-07,Madera,039,155013,35844,35083,5620,40703,330
2022-02-07,Marin,041,260295,32132,31670,2083,33753,255
2022-02-07,Mariposa,043,17540,2288,2253,174,2427,6
2022-02-07,Mendocino,045,87422,12492,12237,2681,14918,107
2022-02-07,Merced,047,269075,60440,59472,7977,67449,748
2022-02-07,Modoc,049,8938,696,679,230,909,6
2022-02-07,Mono,051,14174,2937,2917,117,3034,5
2022-02-07,Monterey,053,433212,76234,69433,12294,81727,670
2022-02-07,Napa,055,140530,24475,23237,868,24105,120
2022-02-07,Nevada,057,99092,15450,15268,1114,16382,113
2022-02-07,Orange,059,3164182,534355,531442,39803,571245,6179
2022-02-07,Placer,061,380077,61001,59894,7075,66969,546
2022-02-07,Plumas,063,18699,2865,2573,312,2885,13
2022-02-07,Riverside,065,2383286,579280,568874,26731,595605,5868
2022-02-07,Sacramento,067,1510023,271737,262834,24997,287831,2631
2022-02-07,San Benito,069,59416,12469,12285,492,12777,90
2022-02-07,San Bernardino,071,2135413,564703,542846,24316,567162,6335
2022-02-07,San Diego,073,3302833,727771,716244,50360,766604,4811
2022-02-07,San Francisco,075,870044,118425,113945,7841,121786,727
2022-02-07,San Joaquin,077,732212,161493,159358,9534,168892,1998
2022-02-07,San Luis Obispo,079,281455,50182,48994,3493,52487,406
2022-02-07,San Mateo,081,765935,117083,107060,6504,113564,589
2022-02-07,Santa Barbara,083,443738,82956,81608,4497,86105,624
2022-02-07,Santa Clara,085,1922200,297229,293360,11613,304973,2085
2022-02-07,Santa Cruz,087,273765,44812,43244,2006,45250,239
2022-02-07,Shasta,089,179085,29347,28900,5789,34689,468
2022-02-07,Sierra,091,2930,268,265,44,309,0
2022-02-07,Siskiyou,093,43540,4259,4157,2554,6711,68
2022-02-07,Solano,095,438530,78138,73934,5305,79239,420
2022-02-07,Sonoma,097,501317,80175,78296,2376,80672,431
2022-02-07,Stanislaus,099,539301,114166,113029,16826,129855,1406
2022-02-07,Sutter,101,95872,19827,19599,1870,21469,203
2022-02-07,Tehama,103,63373,11614,11418,2521,13939,146
2022-02-07,Trinity,105,12862,1133,1109,267,1376,20
2022-02-07,Tulare,107,460477,102814,98774,26150,124924,1263
2022-02-07,Tuolumne,109,53932,12202,11578,512,12090,92
2022-02-07,Ventura,111,848112,168741,166904,9122,176026,1324
2022-02-07,Yolo,113,214977,35538,34007,2831,36838,281
2022-02-07,Yuba,115,75493,15233,14998,1084,16082,105
2022-02-06,Alameda,001,1643700,245166,237188,12822,250010,1643
2022-02-06,Alpine,003,1148,120,123,1,124,0
2022-02-06,Amador,005,37829,8115,7922,578,8500,73
2022-02-06,Butte,007,227075,31856,31021,6598,37619,355
2022-02-06,Calaveras,009,45235,7000,6870,308,7178,99
2022-02-06,Colusa,011,21464,3345,3282,1015,4297,21
2022-02-06,Contra Costa,013,1133247,183961,176863,12200,189063,1128
2022-02-06,Del Norte,015,27424,5207,5038,146,5184,44
2022-02-06,El Dorado,017,186661,25903,25165,3055,28220,185
2022-02-06,Fresno,019,978130,221564,214726,22657,237383,2489
2022-02-06,Glenn,021,27897,4833,4738,1549,6287,39
2022-02-06,Humboldt,023,135768,15909,15658,2608,18266,128
2022-02-06,Imperial,025,180216,53579,52396,9965,62361,853
2022-02-06,Inyo,027,18085,3995,3970,425,4395,51
2022-02-06,Kern,029,883053,186005,181188,43783,224971,1996
2022-02-06,Kings,031,150075,49255,47669,3340,51009,401
2022-02-06,Lake,033,64148,9931,9468,791,10259,125
2022-02-06,Lassen,035,31185,8510,8326,834,9160,55
2022-02-06,Los Angeles,037,10098052,2644585,2602620,119847,2722467,29180
2022-02-06,Madera,039,155013,35660,34901,5528,40429,330
2022-02-06,Marin,041,260295,32034,31488,2070,33558,255
2022-02-06,Mariposa,043,17540,2280,2244,163,2407,6
2022-02-06,Mendocino,045,87422,12449,12169,2611,14780,107
2022-02-06,Merced,047,269075,60215,59112,7810,66922,748
2022-02-06,Modoc,049,8938,691,675,229,904,6
2022-02-06,Mono,051,14174,2932,2901,115,3016,5
2022-02-06,Monterey,053,433212,75868,67912,12137,80049,670
2022-02-06,Napa,055,140530,24356,23230,861,24091,120
2022-02-06,Nevada,057,99092,15385,15192,1101,16293,113
2022-02-06,Orange,059,3164182,533403,527906,39702,567608,6171
2022-02-06,Placer,061,380077,60825,59507,7049,66556,544
2022-02-06,Plumas,063,18699,2852,2559,303,2862,13
2022-02-06,Riverside,065,2383286,578143,568276,26654,594930,5865
2022-02-06,Sacramento,067,1510023,270869,261353,24736,286089,2631
2022-02-06,San Benito,069,59416,12414,12186,484,12670,90
2022-02-06,San Bernardino,071,2135413,563724,541103,24246,565349,6334
2022-02-06,San Diego,073,3302833,725709,709938,50117,760055,4786
2022-02-06,San Francisco,075,870044,118044,113115,7815,120930,728
2022-02-06,San Joaquin,077,732212,160928,158510,9495,168005,1997
2022-02-06,San Luis Obispo,079,281455,49958,48843,3436,52279,405
2022-02-06,San Mateo,081,765935,116744,105556,6465,112021,587
2022-02-06,Santa Barbara,083,443738,82638,81118,4460,85578,623
2022-02-06,Santa Clara,085,1922200,296123,291732,11497,303229,2075
2022-02-06,Santa Cruz,087,273765,44499,42952,1992,44944,239
2022-02-06,Shasta,089,179085,29224,28762,5740,34502,468
2022-02-06,Sierra,091,2930,268,265,44,309,0
2022-02-06,Siskiyou,093,43540,4238,4118,2528,6646,68
2022-02-06,Solano,095,438530,77841,73475,5262,78737,419
2022-02-06,Sonoma,097,501317,79840,77887,2356,80243,431
2022-02-06,Stanislaus,099,539301,113770,112521,16678,129199,1406
2022-02-06,Sutter,101,95872,19785,19523,1832,21355,203
2022-02-06,Tehama,103,63373,11574,11366,2501,13867,146
2022-02-06,Trinity,105,12862,1132,1102,266,1368,20
2022-02-06,Tulare,107,460477,102382,98260,25966,124226,1262
2022-02-06,Tuolumne,109,53932,12150,11507,495,12002,92
2022-02-06,Ventura,111,848112,168365,166235,9111,175346,1323
2022-02-06,Yolo,113,214977,35399,33784,2814,36598,281
2022-02-06,Yuba,115,75493,15188,14917,1075,15992,104
2022-02-05,Alameda,001,1643700,244749,235698,12813,248511,1638
2022-02-05,Alpine,003,1148,120,124,1,125,0
2022-02-05,Amador,005,37829,8106,7855,576,8431,71
2022-02-05,Butte,007,227075,31801,30733,6584,37317,355
2022-02-05,Calaveras,009,45235,6984,6789,308,7097,99
2022-02-05,Colusa,011,21464,3338,3234,1015,4249,21
2022-02-05,Contra Costa,013,1133247,183688,175871,12184,188055,1115
2022-02-05,Del Norte,015,27424,5165,4978,146,5124,44
2022-02-05,El Dorado,017,186661,25872,24813,3053,27866,185
2022-02-05,Fresno,019,978130,221216,213539,22636,236175,2477
2022-02-05,Glenn,021,27897,4831,4691,1543,6234,39
2022-02-05,Humboldt,023,135768,15860,15514,2605,18119,127
2022-02-05,Imperial,025,180216,53517,52153,9952,62105,853
2022-02-05,Inyo,027,18085,3992,3948,425,4373,51
2022-02-05,Kern,029,883053,185796,180296,43682,223978,1987
2022-02-05,Kings,031,150075,49168,47538,3333,50871,402
2022-02-05,Lake,033,64148,9912,9289,784,10073,124
2022-02-05,Lassen,035,31185,8499,8288,832,9120,55
2022-02-05,Los Angeles,037,10098052,2642394,2572702,119721,2692423,28947
2022-02-05,Madera,039,155013,35607,34471,5515,39986,329
2022-02-05,Marin,041,260295,31987,31299,2066,33365,255
2022-02-05,Mariposa,043,17540,2279,2222,162,2384,6
2022-02-05,Mendocino,045,87422,12421,12066,2609,14675,107
2022-02-05,Merced,047,269075,60121,58908,7803,66711,744
2022-02-05,Modoc,049,8938,690,664,229,893,6
2022-02-05,Mono,051,14174,2931,2904,115,3019,5
2022-02-05,Monterey,053,433212,75752,67342,12093,79435,666
2022-02-05,Napa,055,140530,24300,22973,860,23833,118
2022-02-05,Nevada,057,99092,15364,15002,1096,16098,113
2022-02-05,Orange,059,3164182,532962,527516,39610,567126,6134
2022-02-05,Placer,061,380077,60699,59043,7036,66079,533
2022-02-05,Plumas,063,18699,2851,2550,302,2852,13
2022-02-05,Riverside,065,2383286,577541,563991,26584,590575,5827
2022-02-05,Sacramento,067,1510023,270477,259437,24701,284138,2610
2022-02-05,San Benito,069,59416,12369,12142,484,12626,90
2022-02-05,San Bernardino,071,2135413,563211,539312,24226,563538,6322
2022-02-05,San Diego,073,3302833,724851,703957,50040,753997,4735
2022-02-05,San Francisco,075,870044,117834,112481,7788,120269,720
2022-02-05,San Joaquin,077,732212,160743,157420,9483,166903,1989
2022-02-05,San Luis Obispo,079,281455,49921,48361,3434,51795,404
2022-02-05,San Mateo,081,765935,116556,104810,6457,111267,587
2022-02-05,Santa Barbara,083,443738,82475,80478,4448,84926,617
2022-02-05,Santa Clara,085,1922200,295470,289262,11481,300743,2067
2022-02-05,Santa Cruz,087,273765,44425,42553,1989,44542,239
2022-02-05,Shasta,089,179085,29181,28604,5730,34334,466
2022-02-05,Sierra,091,2930,268,262,44,306,0
2022-02-05,Siskiyou,093,43540,4231,4106,2515,6621,67
2022-02-05,Solano,095,438530,77766,73112,5253,78365,415
2022-02-05,Sonoma,097,501317,79674,77213,2352,79565,431
2022-02-05,Stanislaus,099,539301,113568,111783,16655,128438,1406
2022-02-05,Sutter,101,95872,19755,19406,1826,21232,203
2022-02-05,Tehama,103,63373,11555,11259,2494,13753,146
2022-02-05,Trinity,105,12862,1130,1085,266,1351,20
2022-02-05,Tulare,107,460477,102214,97414,25885,123299,1254
2022-02-05,Tuolumne,109,53932,12124,11409,492,11901,91
2022-02-05,Ventura,111,848112,168139,165532,9095,174627,1308
2022-02-05,Yolo,113,214977,35314,33614,2799,36413,281
2022-02-05,Yuba,115,75493,15157,14801,1067,15868,105
2022-02-04,Alameda,001,1643700,244261,235698,12803,248501,1638
2022-02-04,Alpine,003,1148,120,124,1,125,0
2022-02-04,Amador,005,37829,8090,7855,572,8427,71
2022-02-04,Butte,007,227075,31742,30733,6572,37305,355
2022-02-04,Calaveras,009,45235,6974,6789,306,7095,99
2022-02-04,Colusa,011,21464,3334,3234,1013,4247,21
2022-02-04,Contra Costa,013,1133247,183361,175871,12156,188027,1115
2022-02-04,Del Norte,015,27424,5144,4978,146,5124,44
2022-02-04,El Dorado,017,186661,25836,24813,3050,27863,185
2022-02-04,Fresno,019,978130,220731,213539,22601,236140,2477
2022-02-04,Glenn,021,27897,4822,4691,1540,6231,39
2022-02-04,Humboldt,023,135768,15833,15514,2602,18116,127
2022-02-04,Imperial,025,180216,53440,52153,9935,62088,853
2022-02-04,Inyo,027,18085,3989,3948,425,4373,51
2022-02-04,Kern,029,883053,185571,180296,43558,223854,1987
2022-02-04,Kings,031,150075,49093,47538,3326,50864,402
2022-02-04,Lake,033,64148,9890,9289,781,10070,124
2022-02-04,Lassen,035,31185,8476,8288,832,9120,55
2022-02-04,Los Angeles,037,10098052,2639754,2572702,119589,2692291,28947
2022-02-04,Madera,039,155013,35524,34471,5507,39978,329
2022-02-04,Marin,041,260295,31923,31299,2057,33356,255
2022-02-04,Mariposa,043,17540,2277,2222,160,2382,6
2022-02-04,Mendocino,045,87422,12390,12066,2607,14673,107
2022-02-04,Merced,047,269075,60039,58908,7793,66701,744
2022-02-04,Modoc,049,8938,690,664,229,893,6
2022-02-04,Mono,051,14174,2929,2904,115,3019,5
2022-02-04,Monterey,053,433212,75562,67342,12050,79392,666
2022-02-04,Napa,055,140530,24253,22973,856,23829,118
2022-02-04,Nevada,057,99092,15330,15002,1092,16094,113
2022-02-04,Orange,059,3164182,532412,527516,39552,567068,6134
2022-02-04,Placer,061,380077,60595,59043,7025,66068,533
2022-02-04,Plumas,063,18699,2844,2550,301,2851,13
2022-02-04,Riverside,065,2383286,576829,563991,26572,590563,5827
2022-02-04,Sacramento,067,1510023,269974,259437,24678,284115,2610
2022-02-04,San Benito,069,59416,12350,12142,482,12624,90
2022-02-04,San Bernardino,071,2135413,562631,539312,24205,563517,6322
2022-02-04,San Diego,073,3302833,723720,703957,49953,753910,4735
2022-02-04,San Francisco,075,870044,117592,112481,7763,120244,720
2022-02-04,San Joaquin,077,732212,160513,157420,9471,166891,1989
2022-02-04,San Luis Obispo,079,281455,49860,48361,3427,51788,404
2022-02-04,San Mateo,081,765935,116325,104810,6443,111253,587
2022-02-04,Santa Barbara,083,443738,82326,80478,4447,84925,617
2022-02-04,Santa Clara,085,1922200,294801,289262,11460,300722,2067
2022-02-04,Santa Cruz,087,273765,44220,42553,1985,44538,239
2022-02-04,Shasta,089,179085,29128,28604,5719,34323,466
2022-02-04,Sierra,091,2930,268,262,44,306,0
2022-02-04,Siskiyou,093,43540,4223,4106,2508,6614,67
2022-02-04,Solano,095,438530,77574,73112,5215,78327,415
2022-02-04,Sonoma,097,501317,79515,77213,2271,79484,431
2022-02-04,Stanislaus,099,539301,113387,111783,16629,128412,1406
2022-02-04,Sutter,101,95872,19731,19406,1819,21225,203
2022-02-04,Tehama,103,63373,11540,11259,2493,13752,146
2022-02-04,Trinity,105,12862,1129,1085,265,1350,20
2022-02-04,Tulare,107,460477,102032,97414,25805,123219,1254
2022-02-04,Tuolumne,109,53932,12112,11409,491,11900,91
2022-02-04,Ventura,111,848112,167870,165532,9087,174619,1308
2022-02-04,Yolo,113,214977,35221,33614,2793,36407,281
2022-02-04,Yuba,115,75493,15139,14801,1067,15868,105
2022-02-03,Alameda,001,1643700,243485,235698,12740,248438,1638
2022-02-03,Alpine,003,1148,120,124,1,125,0
2022-02-03,Amador,005,37829,8070,7855,567,8422,71
2022-02-03,Butte,007,227075,31637,30733,6543,37276,355
2022-02-03,Calaveras,009,45235,6944,6789,303,7092,99
2022-02-03,Colusa,011,21464,3321,3234,1011,4245,21
2022-02-03,Contra Costa,013,1133247,182751,175871,12058,187929,1115
2022-02-03,Del Norte,015,27424,5102,4978,143,5121,44
2022-02-03,El Dorado,017,186661,25766,24813,3044,27857,185
2022-02-03,Fresno,019,978130,219793,213539,22439,235978,2477
2022-02-03,Glenn,021,27897,4805,4691,1523,6214,39
2022-02-03,Humboldt,023,135768,15757,15514,2566,18080,127
2022-02-03,Imperial,025,180216,53296,52153,9884,62037,853
2022-02-03,Inyo,027,18085,3986,3948,421,4369,51
2022-02-03,Kern,029,883053,185107,180296,43344,223640,1987
2022-02-03,Kings,031,150075,48936,47538,3319,50857,402
2022-02-03,Lake,033,64148,9836,9289,775,10064,124
2022-02-03,Lassen,035,31185,8452,8288,831,9119,55
2022-02-03,Los Angeles,037,10098052,2634321,2572702,119324,2692026,28947
2022-02-03,Madera,039,155013,35387,34471,5463,39934,329
2022-02-03,Marin,041,260295,31827,31299,2052,33351,255
2022-02-03,Mariposa,043,17540,2265,2222,157,2379,6
2022-02-03,Mendocino,045,87422,12346,12066,2584,14650,107
2022-02-03,Merced,047,269075,59887,58908,7696,66604,744
2022-02-03,Modoc,049,8938,687,664,229,893,6
2022-02-03,Mono,051,14174,2924,2904,114,3018,5
2022-02-03,Monterey,053,433212,75276,67342,11858,79200,666
2022-02-03,Napa,055,140530,24122,22973,856,23829,118
2022-02-03,Nevada,057,99092,15290,15002,1082,16084,113
2022-02-03,Orange,059,3164182,531488,527516,39460,566976,6134
2022-02-03,Placer,061,380077,60398,59043,7002,66045,533
2022-02-03,Plumas,063,18699,2830,2550,297,2847,13
2022-02-03,Riverside,065,2383286,575628,563991,26501,590492,5827
2022-02-03,Sacramento,067,1510023,269016,259437,24488,283925,2610
2022-02-03,San Benito,069,59416,12323,12142,479,12621,90
2022-02-03,San Bernardino,071,2135413,561615,539312,24166,563478,6322
2022-02-03,San Diego,073,3302833,721750,703957,49781,753738,4735
2022-02-03,San Francisco,075,870044,117259,112481,7733,120214,720
2022-02-03,San Joaquin,077,732212,160030,157420,9440,166860,1989
2022-02-03,San Luis Obispo,079,281455,49661,48361,3412,51773,404
2022-02-03,San Mateo,081,765935,115973,104810,6410,111220,587
2022-02-03,Santa Barbara,083,443738,81968,80478,4418,84896,617
2022-02-03,Santa Clara,085,1922200,293634,289262,11351,300613,2067
2022-02-03,Santa Cruz,087,273765,43880,42553,1978,44531,239
2022-02-03,Shasta,089,179085,29024,28604,5692,34296,466
2022-02-03,Sierra,091,2930,268,262,44,306,0
2022-02-03,Siskiyou,093,43540,4208,4106,2492,6598,67
2022-02-03,Solano,095,438530,77243,73112,5196,78308,415
2022-02-03,Sonoma,097,501317,79219,77213,2264,79477,431
2022-02-03,Stanislaus,099,539301,113009,111783,16541,128324,1406
2022-02-03,Sutter,101,95872,19679,19406,1803,21209,203
2022-02-03,Tehama,103,63373,11510,11259,2485,13744,146
2022-02-03,Trinity,105,12862,1127,1085,264,1349,20
2022-02-03,Tulare,107,460477,101629,97414,25666,123080,1254
2022-02-03,Tuolumne,109,53932,12071,11409,479,11888,91
2022-02-03,Ventura,111,848112,167485,165532,9075,174607,1308
2022-02-03,Yolo,113,214977,35111,33614,2779,36393,281
2022-02-03,Yuba,115,75493,15089,14801,1051,15852,105
2022-02-02,Alameda,001,1643700,242535,234300,12637,246937,1632
2022-02-02,Alpine,003,1148,120,123,1,124,0
2022-02-02,Amador,005,37829,8040,7781,558,8339,71
2022-02-02,Butte,007,227075,31525,30550,6506,37056,355
2022-02-02,Calaveras,009,45235,6918,6753,299,7052,99
2022-02-02,Colusa,011,21464,3306,3211,1010,4221,21
2022-02-02,Contra Costa,013,1133247,182145,174876,11967,186843,1113
2022-02-02,Del Norte,015,27424,5060,4924,139,5063,44
2022-02-02,El Dorado,017,186661,25699,24690,3026,27716,185
2022-02-02,Fresno,019,978130,218778,211976,22305,234281,2463
2022-02-02,Glenn,021,27897,4786,4667,1513,6180,39
2022-02-02,Humboldt,023,135768,15696,15392,2527,17919,127
2022-02-02,Imperial,025,180216,53100,51875,9757,61632,853
2022-02-02,Inyo,027,18085,3980,3944,420,4364,51
2022-02-02,Kern,029,883053,184511,179386,43131,222517,1974
2022-02-02,Kings,031,150075,48746,47061,3293,50354,401
2022-02-02,Lake,033,64148,9778,9235,768,10003,120
2022-02-02,Lassen,035,31185,8439,8258,822,9080,55
2022-02-02,Los Angeles,037,10098052,2628089,2561902,118941,2680843,28850
2022-02-02,Madera,039,155013,35220,34265,5391,39656,329
2022-02-02,Marin,041,260295,31724,31149,2042,33191,255
2022-02-02,Mariposa,043,17540,2254,2215,153,2368,6
2022-02-02,Mendocino,045,87422,12293,11996,2545,14541,105
2022-02-02,Merced,047,269075,59703,58532,7612,66144,744
2022-02-02,Modoc,049,8938,681,662,229,891,6
2022-02-02,Mono,051,14174,2913,2887,114,3001,5
2022-02-02,Monterey,053,433212,74886,66852,11678,78530,666
2022-02-02,Napa,055,140530,24002,22859,843,23702,117
2022-02-02,Nevada,057,99092,15232,14895,1060,15955,112
2022-02-02,Orange,059,3164182,530433,524418,39366,563784,6127
2022-02-02,Placer,061,380077,60206,58654,6973,65627,533
2022-02-02,Plumas,063,18699,2814,2540,294,2834,12
2022-02-02,Riverside,065,2383286,574348,561220,26454,587674,5827
2022-02-02,Sacramento,067,1510023,268008,258078,24281,282359,2602
2022-02-02,San Benito,069,59416,12283,12058,475,12533,90
2022-02-02,San Bernardino,071,2135413,560594,537485,24103,561588,6317
2022-02-02,San Diego,073,3302833,719549,703957,49592,753549,4735
2022-02-02,San Francisco,075,870044,116889,112008,7717,119725,714
2022-02-02,San Joaquin,077,732212,159453,156537,9415,165952,1986
2022-02-02,San Luis Obispo,079,281455,49463,48119,3399,51518,403
2022-02-02,San Mateo,081,765935,115598,104201,6346,110547,587
2022-02-02,Santa Barbara,083,443738,81625,79979,4387,84366,612
2022-02-02,Santa Clara,085,1922200,292489,287443,11238,298681,2051
2022-02-02,Santa Cruz,087,273765,43590,42127,1967,44094,239
2022-02-02,Shasta,089,179085,28922,28429,5647,34076,465
2022-02-02,Sierra,091,2930,268,262,44,306,0
2022-02-02,Siskiyou,093,43540,4198,4078,2463,6541,67
2022-02-02,Solano,095,438530,76885,72711,5169,77880,414
2022-02-02,Sonoma,097,501317,78906,76681,2251,78932,431
2022-02-02,Stanislaus,099,539301,112614,111167,16408,127575,1403
2022-02-02,Sutter,101,95872,19614,19290,1774,21064,203
2022-02-02,Tehama,103,63373,11453,11193,2466,13659,146
2022-02-02,Trinity,105,12862,1124,1074,262,1336,20
2022-02-02,Tulare,107,460477,101241,96820,25514,122334,1249
2022-02-02,Tuolumne,109,53932,11994,11342,476,11818,91
2022-02-02,Ventura,111,848112,167086,164905,9056,173961,1292
2022-02-02,Yolo,113,214977,34985,33332,2756,36088,281
2022-02-02,Yuba,115,75493,15024,14720,1043,15763,104
2022-02-01,Alameda,001,1643700,241455,233782,12532,246314,1620
2022-02-01,Alpine,003,1148,120,123,1,124,0
2022-02-01,Amador,005,37829,7994,7783,552,8335,73
2022-02-01,Butte,007,227075,31380,30496,6464,36960,355
2022-02-01,Calaveras,009,45235,6881,6749,295,7044,98
2022-02-01,Colusa,011,21464,3294,3202,997,4199,21
2022-02-01,Contra Costa,013,1133247,181394,174379,11828,186207,1115
2022-02-01,Del Norte,015,27424,5012,4907,136,5043,44
2022-02-01,El Dorado,017,186661,25640,24664,3009,27673,184
2022-02-01,Fresno,019,978130,217609,211352,22140,233492,2464
2022-02-01,Glenn,021,27897,4770,4649,1503,6152,39
2022-02-01,Humboldt,023,135768,15614,15354,2499,17853,127
2022-02-01,Imperial,025,180216,52887,51675,9692,61367,846
2022-02-01,Inyo,027,18085,3970,3928,417,4345,51
2022-02-01,Kern,029,883053,183864,178987,42886,221873,1967
2022-02-01,Kings,031,150075,48486,46959,3270,50229,400
2022-02-01,Lake,033,64148,9722,9211,761,9972,119
2022-02-01,Lassen,035,31185,8421,8231,818,9049,55
2022-02-01,Los Angeles,037,10098052,2620896,2548794,118564,2667358,28752
2022-02-01,Madera,039,155013,35000,34124,5310,39434,329
2022-02-01,Marin,041,260295,31600,31099,2026,33125,255
2022-02-01,Mariposa,043,17540,2247,2210,152,2362,6
2022-02-01,Mendocino,045,87422,12231,11978,2508,14486,105
2022-02-01,Merced,047,269075,59516,58362,7489,65851,743
2022-02-01,Modoc,049,8938,674,664,229,893,6
2022-02-01,Mono,051,14174,2907,2888,114,3002,5
2022-02-01,Monterey,053,433212,74465,66553,11484,78037,665
2022-02-01,Napa,055,140530,23903,22795,827,23622,116
2022-02-01,Nevada,057,99092,15171,14863,1048,15911,112
2022-02-01,Orange,059,3164182,529285,523741,39223,562964,6108
2022-02-01,Placer,061,380077,59959,58486,6935,65421,532
2022-02-01,Plumas,063,18699,2799,2526,291,2817,12
2022-02-01,Riverside,065,2383286,572962,560010,26406,586416,5825
2022-02-01,Sacramento,067,1510023,266958,257504,24015,281519,2593
2022-02-01,San Benito,069,59416,12217,12053,472,12525,90
2022-02-01,San Bernardino,071,2135413,559301,536591,24038,560629,6311
2022-02-01,San Diego,073,3302833,717029,701009,49364,750373,4710
2022-02-01,San Francisco,075,870044,116421,111606,7698,119304,713
2022-02-01,San Joaquin,077,732212,158923,156300,9392,165692,1987
2022-02-01,San Luis Obispo,079,281455,49235,47842,3337,51179,403
2022-02-01,San Mateo,081,765935,115130,103868,6304,110172,589
2022-02-01,Santa Barbara,083,443738,81180,79659,4350,84009,608
2022-02-01,Santa Clara,085,1922200,290971,286109,11133,297242,2070
2022-02-01,Santa Cruz,087,273765,43291,41782,1951,43733,239
2022-02-01,Shasta,089,179085,28803,28382,5594,33976,465
2022-02-01,Sierra,091,2930,266,262,44,306,0
2022-02-01,Siskiyou,093,43540,4184,4072,2436,6508,66
2022-02-01,Solano,095,438530,76608,72494,5147,77641,415
2022-02-01,Sonoma,097,501317,78546,76379,2228,78607,431
2022-02-01,Stanislaus,099,539301,112204,110925,16302,127227,1403
2022-02-01,Sutter,101,95872,19546,19256,1741,20997,202
2022-02-01,Tehama,103,63373,11396,11165,2453,13618,146
2022-02-01,Trinity,105,12862,1120,1073,262,1335,19
2022-02-01,Tulare,107,460477,100749,96467,25316,121783,1247
2022-02-01,Tuolumne,109,53932,11944,11318,467,11785,91
2022-02-01,Ventura,111,848112,166581,164721,9031,173752,1293
2022-02-01,Yolo,113,214977,34833,33257,2730,35987,275
2022-02-01,Yuba,115,75493,14963,14693,1036,15729,103
2022-01-31,Alameda,001,1643700,240094,232743,12418,245161,1607
2022-01-31,Alpine,003,1148,119,123,1,124,0
2022-01-31,Amador,005,37829,7941,7682,535,8217,73
2022-01-31,Butte,007,227075,31204,30371,6417,36788,354
2022-01-31,Calaveras,009,45235,6845,6700,284,6984,96
2022-01-31,Colusa,011,21464,3284,3187,988,4175,21
2022-01-31,Contra Costa,013,1133247,180571,173466,11704,185170,1115
2022-01-31,Del Norte,015,27424,4978,4879,133,5012,43
2022-01-31,El Dorado,017,186661,25538,24545,2980,27525,184
2022-01-31,Fresno,019,978130,216113,210589,21935,232524,2464
2022-01-31,Glenn,021,27897,4734,4641,1491,6132,39
2022-01-31,Humboldt,023,135768,15524,15308,2466,17774,126
2022-01-31,Imperial,025,180216,52671,51472,9583,61055,846
2022-01-31,Inyo,027,18085,3959,3922,411,4333,50
2022-01-31,Kern,029,883053,183083,178375,42570,220945,1967
2022-01-31,Kings,031,150075,48129,46845,3236,50081,398
2022-01-31,Lake,033,64148,9649,9141,749,9890,119
2022-01-31,Lassen,035,31185,8390,8162,812,8974,55
2022-01-31,Los Angeles,037,10098052,2612657,2541189,118152,2659341,28718
2022-01-31,Madera,039,155013,34786,33886,5214,39100,329
2022-01-31,Marin,041,260295,31475,31023,2009,33032,253
2022-01-31,Mariposa,043,17540,2236,2203,143,2346,6
2022-01-31,Mendocino,045,87422,12165,11896,2467,14363,104
2022-01-31,Merced,047,269075,59232,58198,7300,65498,740
2022-01-31,Modoc,049,8938,671,661,229,890,6
2022-01-31,Mono,051,14174,2893,2889,114,3003,5
2022-01-31,Monterey,053,433212,74014,66117,11271,77388,661
2022-01-31,Napa,055,140530,23735,22707,810,23517,113
2022-01-31,Nevada,057,99092,15094,14813,1035,15848,112
2022-01-31,Orange,059,3164182,527960,522358,39087,561445,6098
2022-01-31,Placer,061,380077,59712,58252,6904,65156,523
2022-01-31,Plumas,063,18699,2786,2513,289,2802,12
2022-01-31,Riverside,065,2383286,571146,558166,26342,584508,5785
2022-01-31,Sacramento,067,1510023,265665,256594,23763,280357,2571
2022-01-31,San Benito,069,59416,12158,11976,471,12447,90
2022-01-31,San Bernardino,071,2135413,557654,535276,23956,559232,6302
2022-01-31,San Diego,073,3302833,714123,698571,49092,747663,4686
2022-01-31,San Francisco,075,870044,116015,111119,7664,118783,712
2022-01-31,San Joaquin,077,732212,158166,155736,9361,165097,1985
2022-01-31,San Luis Obispo,079,281455,48981,47656,3280,50936,395
2022-01-31,San Mateo,081,765935,114620,103313,6246,109559,589
2022-01-31,Santa Barbara,083,443738,80674,79267,4308,83575,606
2022-01-31,Santa Clara,085,1922200,289297,284562,11026,295588,2041
2022-01-31,Santa Cruz,087,273765,42913,41630,1944,43574,239
2022-01-31,Shasta,089,179085,28673,28190,5553,33743,462
2022-01-31,Sierra,091,2930,266,261,44,305,0
2022-01-31,Siskiyou,093,43540,4168,4054,2420,6474,66
2022-01-31,Solano,095,438530,75902,72258,5100,77358,414
2022-01-31,Sonoma,097,501317,78092,76199,2198,78397,431
2022-01-31,Stanislaus,099,539301,111676,110493,16121,126614,1403
2022-01-31,Sutter,101,95872,19466,19189,1691,20880,202
2022-01-31,Tehama,103,63373,11333,11112,2425,13537,145
2022-01-31,Trinity,105,12862,1115,1071,259,1330,19
2022-01-31,Tulare,107,460477,100114,96053,25083,121136,1245
2022-01-31,Tuolumne,109,53932,11855,11278,460,11738,91
2022-01-31,Ventura,111,848112,166045,164060,9006,173066,1286
2022-01-31,Yolo,113,214977,34672,33175,2703,35878,274
2022-01-31,Yuba,115,75493,14900,14652,1016,15668,103
2022-01-30,Alameda,001,1643700,238542,231838,12266,244104,1607
2022-01-30,Alpine,003,1148,119,123,1,124,0
2022-01-30,Amador,005,37829,7890,7644,512,8156,73
2022-01-30,Butte,007,227075,30998,30255,6338,36593,354
2022-01-30,Calaveras,009,45235,6789,6676,273,6949,96
2022-01-30,Colusa,011,21464,3264,3168,980,4148,21
2022-01-30,Contra Costa,013,1133247,179600,172902,11505,184407,1102
2022-01-30,Del Norte,015,27424,4937,4833,130,4963,43
2022-01-30,El Dorado,017,186661,25417,24491,2953,27444,184
2022-01-30,Fresno,019,978130,214549,209645,21672,231317,2463
2022-01-30,Glenn,021,27897,4701,4619,1482,6101,39
2022-01-30,Humboldt,023,135768,15412,15247,2411,17658,126
2022-01-30,Imperial,025,180216,52346,51415,9414,60829,846
2022-01-30,Inyo,027,18085,3942,3921,408,4329,50
2022-01-30,Kern,029,883053,182219,177924,42249,220173,1967
2022-01-30,Kings,031,150075,47777,46654,3179,49833,398
2022-01-30,Lake,033,64148,9560,9080,728,9808,119
2022-01-30,Lassen,035,31185,8366,8158,804,8962,55
2022-01-30,Los Angeles,037,10098052,2602575,2530739,117677,2648416,28678
2022-01-30,Madera,039,155013,34488,33752,5030,38782,329
2022-01-30,Marin,041,260295,31327,30875,1995,32870,253
2022-01-30,Mariposa,043,17540,2224,2177,138,2315,6
2022-01-30,Mendocino,045,87422,12092,11860,2361,14221,104
2022-01-30,Merced,047,269075,58864,58006,7009,65015,740
2022-01-30,Modoc,049,8938,668,661,229,890,6
2022-01-30,Mono,051,14174,2887,2888,114,3002,5
2022-01-30,Monterey,053,433212,73427,65996,10992,76988,661
2022-01-30,Napa,055,140530,23567,22588,794,23382,114
2022-01-30,Nevada,057,99092,15006,14741,1019,15760,112
2022-01-30,Orange,059,3164182,526324,521334,38937,560271,6098
2022-01-30,Placer,061,380077,59382,58030,6864,64894,523
2022-01-30,Plumas,063,18699,2761,2510,275,2785,12
2022-01-30,Riverside,065,2383286,569079,557088,26242,583330,5767
2022-01-30,Sacramento,067,1510023,264209,255715,23269,278984,2572
2022-01-30,San Benito,069,59416,12092,11945,466,12411,90
2022-01-30,San Bernardino,071,2135413,555880,534050,23845,557895,6302
2022-01-30,San Diego,073,3302833,710586,687145,48656,735801,4665
2022-01-30,San Francisco,075,870044,115466,110772,7630,118402,712
2022-01-30,San Joaquin,077,732212,157179,155165,9323,164488,1985
2022-01-30,San Luis Obispo,079,281455,48584,47599,3244,50843,394
2022-01-30,San Mateo,081,765935,114046,102979,6201,109180,589
2022-01-30,Santa Barbara,083,443738,79997,79072,4247,83319,606
2022-01-30,Santa Clara,085,1922200,287332,282846,10895,293741,2035
2022-01-30,Santa Cruz,087,273765,42454,41330,1936,43266,239
2022-01-30,Shasta,089,179085,28513,28105,5469,33574,462
2022-01-30,Sierra,091,2930,266,261,44,305,0
2022-01-30,Siskiyou,093,43540,4138,4039,2373,6412,66
2022-01-30,Solano,095,438530,75376,71857,5049,76906,414
2022-01-30,Sonoma,097,501317,77574,75890,2169,78059,431
2022-01-30,Stanislaus,099,539301,111023,110111,15918,126029,1403
2022-01-30,Sutter,101,95872,19374,19108,1594,20702,202
2022-01-30,Tehama,103,63373,11261,11071,2395,13466,145
2022-01-30,Trinity,105,12862,1109,1068,259,1327,19
2022-01-30,Tulare,107,460477,99371,95676,24825,120501,1245
2022-01-30,Tuolumne,109,53932,11747,11242,423,11665,91
2022-01-30,Ventura,111,848112,165466,163521,8976,172497,1286
2022-01-30,Yolo,113,214977,34455,33043,2670,35713,274
2022-01-30,Yuba,115,75493,14810,14584,996,15580,103
2022-01-29,Alameda,001,1643700,237870,225602,12249,237851,1605
2022-01-29,Alpine,003,1148,119,123,1,124,0
2022-01-29,Amador,005,37829,7868,7505,509,8014,73
2022-01-29,Butte,007,227075,30908,29557,6307,35864,353
2022-01-29,Calaveras,009,45235,6770,6484,273,6757,96
2022-01-29,Colusa,011,21464,3259,3107,976,4083,21
2022-01-29,Contra Costa,013,1133247,179064,168003,11475,179478,1101
2022-01-29,Del Norte,015,27424,4919,4589,128,4717,43
2022-01-29,El Dorado,017,186661,25374,24008,2946,26954,184
2022-01-29,Fresno,019,978130,214093,202691,21633,224324,2457
2022-01-29,Glenn,021,27897,4693,4516,1475,5991,39
2022-01-29,Humboldt,023,135768,15365,14812,2404,17216,126
2022-01-29,Imperial,025,180216,52230,50153,9358,59511,845
2022-01-29,Inyo,027,18085,3940,3895,400,4295,50
2022-01-29,Kern,029,883053,181879,174456,42087,216543,1962
2022-01-29,Kings,031,150075,47658,45047,3172,48219,397
2022-01-29,Lake,033,64148,9527,8747,724,9471,119
2022-01-29,Lassen,035,31185,8345,7961,801,8762,55
2022-01-29,Los Angeles,037,10098052,2598668,2473332,117409,2590741,28467
2022-01-29,Madera,039,155013,34379,32753,5002,37755,329
2022-01-29,Marin,041,260295,31262,30137,1993,32130,253
2022-01-29,Mariposa,043,17540,2222,2117,136,2253,6
2022-01-29,Mendocino,045,87422,12068,11591,2345,13936,104
2022-01-29,Merced,047,269075,58757,56472,7004,63476,735
2022-01-29,Modoc,049,8938,668,654,229,883,6
2022-01-29,Mono,051,14174,2885,2860,114,2974,5
2022-01-29,Monterey,053,433212,73272,64090,10930,75020,658
2022-01-29,Napa,055,140530,23511,22121,792,22913,113
2022-01-29,Nevada,057,99092,14972,14337,1016,15353,112
2022-01-29,Orange,059,3164182,525621,511255,38831,550086,6038
2022-01-29,Placer,061,380077,59190,56562,6848,63410,523
2022-01-29,Plumas,063,18699,2751,2463,271,2734,12
2022-01-29,Riverside,065,2383286,568058,548121,26200,574321,5726
2022-01-29,Sacramento,067,1510023,263564,249130,23223,272353,2558
2022-01-29,San Benito,069,59416,12034,11670,465,12135,90
2022-01-29,San Bernardino,071,2135413,555128,525249,23801,549050,6297
2022-01-29,San Diego,073,3302833,709252,683027,48556,731583,4643
2022-01-29,San Francisco,075,870044,115191,108265,7582,115847,712
2022-01-29,San Joaquin,077,732212,156934,150849,9301,160150,1971
2022-01-29,San Luis Obispo,079,281455,48494,46374,3241,49615,391
2022-01-29,San Mateo,081,765935,113710,100306,6178,106484,586
2022-01-29,Santa Barbara,083,443738,79775,76546,4241,80787,604
2022-01-29,Santa Clara,085,1922200,286397,273879,10867,284746,2019
2022-01-29,Santa Cruz,087,273765,42324,39228,1934,41162,240
2022-01-29,Shasta,089,179085,28453,27504,5456,32960,452
2022-01-29,Sierra,091,2930,266,260,43,303,0
2022-01-29,Siskiyou,093,43540,4128,3987,2366,6353,66
2022-01-29,Solano,095,438530,75231,69862,5036,74898,407
2022-01-29,Sonoma,097,501317,77360,73439,2164,75603,427
2022-01-29,Stanislaus,099,539301,110773,107668,15867,123535,1403
2022-01-29,Sutter,101,95872,19326,18797,1578,20375,202
2022-01-29,Tehama,103,63373,11226,10880,2386,13266,145
2022-01-29,Trinity,105,12862,1106,1033,258,1291,19
2022-01-29,Tulare,107,460477,99116,93154,24753,117907,1237
2022-01-29,Tuolumne,109,53932,11721,10806,415,11221,91
2022-01-29,Ventura,111,848112,165136,160466,8957,169423,1271
2022-01-29,Yolo,113,214977,34340,32123,2654,34777,275
2022-01-29,Yuba,115,75493,14770,14295,994,15289,103
2022-01-28,Alameda,001,1643700,236924,225602,12232,237834,1605
2022-01-28,Alpine,003,1148,119,123,1,124,0
2022-01-28,Amador,005,37829,7842,7505,508,8013,73
2022-01-28,Butte,007,227075,30832,29557,6285,35842,353
2022-01-28,Calaveras,009,45235,6752,6484,272,6756,96
2022-01-28,Colusa,011,21464,3254,3107,975,4082,21
2022-01-28,Contra Costa,013,1133247,178525,168003,11438,179441,1101
2022-01-28,Del Norte,015,27424,4895,4589,127,4716,43
2022-01-28,El Dorado,017,186661,25327,24008,2940,26948,184
2022-01-28,Fresno,019,978130,213224,202691,21577,224268,2457
2022-01-28,Glenn,021,27897,4680,4516,1473,5989,39
2022-01-28,Humboldt,023,135768,15329,14812,2394,17206,126
2022-01-28,Imperial,025,180216,52101,50153,9328,59481,845
2022-01-28,Inyo,027,18085,3936,3895,397,4292,50
2022-01-28,Kern,029,883053,181468,174456,41930,216386,1962
2022-01-28,Kings,031,150075,47528,45047,3162,48209,397
2022-01-28,Lake,033,64148,9495,8747,722,9469,119
2022-01-28,Lassen,035,31185,8275,7961,799,8760,55
2022-01-28,Los Angeles,037,10098052,2592947,2473332,117193,2590525,28467
2022-01-28,Madera,039,155013,34251,32753,4986,37739,329
2022-01-28,Marin,041,260295,31169,30137,1973,32110,253
2022-01-28,Mariposa,043,17540,2212,2117,134,2251,6
2022-01-28,Mendocino,045,87422,12025,11591,2343,13934,104
2022-01-28,Merced,047,269075,58658,56472,6989,63461,735
2022-01-28,Modoc,049,8938,667,654,229,883,6
2022-01-28,Mono,051,14174,2880,2860,113,2973,5
2022-01-28,Monterey,053,433212,73070,64090,10881,74971,658
2022-01-28,Napa,055,140530,23432,22121,790,22911,113
2022-01-28,Nevada,057,99092,14935,14337,1014,15351,112
2022-01-28,Orange,059,3164182,524552,511255,38742,549997,6038
2022-01-28,Placer,061,380077,58990,56562,6824,63386,523
2022-01-28,Plumas,063,18699,2743,2463,269,2732,12
2022-01-28,Riverside,065,2383286,566736,548121,26159,574280,5726
2022-01-28,Sacramento,067,1510023,262782,249130,23169,272299,2558
2022-01-28,San Benito,069,59416,12012,11670,460,12130,90
2022-01-28,San Bernardino,071,2135413,554085,525249,23764,549013,6297
2022-01-28,San Diego,073,3302833,707430,683027,48477,731504,4643
2022-01-28,San Francisco,075,870044,114836,108265,7533,115798,712
2022-01-28,San Joaquin,077,732212,156644,150849,9287,160136,1971
2022-01-28,San Luis Obispo,079,281455,48410,46374,3234,49608,391
2022-01-28,San Mateo,081,765935,113358,100306,6157,106463,586
2022-01-28,Santa Barbara,083,443738,79526,76546,4239,80785,604
2022-01-28,Santa Clara,085,1922200,285215,273879,10818,284697,2019
2022-01-28,Santa Cruz,087,273765,42131,39228,1923,41151,240
2022-01-28,Shasta,089,179085,28393,27504,5442,32946,452
2022-01-28,Sierra,091,2930,266,260,43,303,0
2022-01-28,Siskiyou,093,43540,4118,3987,2362,6349,66
2022-01-28,Solano,095,438530,74679,69862,4970,74832,407
2022-01-28,Sonoma,097,501317,77154,73439,2157,75596,427
2022-01-28,Stanislaus,099,539301,110500,107668,15820,123488,1403
2022-01-28,Sutter,101,95872,19281,18797,1576,20373,202
2022-01-28,Tehama,103,63373,11194,10880,2379,13259,145
2022-01-28,Trinity,105,12862,1097,1033,258,1291,19
2022-01-28,Tulare,107,460477,98842,93154,24647,117801,1237
2022-01-28,Tuolumne,109,53932,11688,10806,411,11217,91
2022-01-28,Ventura,111,848112,164682,160466,8938,169404,1271
2022-01-28,Yolo,113,214977,34235,32123,2648,34771,275
2022-01-28,Yuba,115,75493,14731,14295,990,15285,103
2022-01-27,Alameda,001,1643700,235337,225602,12100,237702,1605
2022-01-27,Alpine,003,1148,119,123,1,124,0
2022-01-27,Amador,005,37829,7796,7505,497,8002,73
2022-01-27,Butte,007,227075,30679,29557,6231,35788,353
2022-01-27,Calaveras,009,45235,6726,6484,256,6740,96
2022-01-27,Colusa,011,21464,3238,3107,970,4077,21
2022-01-27,Contra Costa,013,1133247,177492,168003,11268,179271,1101
2022-01-27,Del Norte,015,27424,4851,4589,123,4712,43
2022-01-27,El Dorado,017,186661,25216,24008,2920,26928,184
2022-01-27,Fresno,019,978130,211592,202691,21357,224048,2457
2022-01-27,Glenn,021,27897,4648,4516,1465,5981,39
2022-01-27,Humboldt,023,135768,15240,14812,2357,17169,126
2022-01-27,Imperial,025,180216,51832,50153,9216,59369,845
2022-01-27,Inyo,027,18085,3929,3895,388,4283,50
2022-01-27,Kern,029,883053,180688,174456,41570,216026,1962
2022-01-27,Kings,031,150075,47188,45047,3124,48171,397
2022-01-27,Lake,033,64148,9441,8747,705,9452,119
2022-01-27,Lassen,035,31185,8234,7961,793,8754,55
2022-01-27,Los Angeles,037,10098052,2581795,2473332,116679,2590011,28467
2022-01-27,Madera,039,155013,34042,32753,4884,37637,329
2022-01-27,Marin,041,260295,31006,30137,1958,32095,253
2022-01-27,Mariposa,043,17540,2189,2117,131,2248,6
2022-01-27,Mendocino,045,87422,11974,11591,2294,13885,104
2022-01-27,Merced,047,269075,58389,56472,6826,63298,735
2022-01-27,Modoc,049,8938,665,654,228,882,6
2022-01-27,Mono,051,14174,2875,2860,113,2973,5
2022-01-27,Monterey,053,433212,72448,64090,10636,74726,658
2022-01-27,Napa,055,140530,23277,22121,763,22884,113
2022-01-27,Nevada,057,99092,14862,14337,987,15324,112
2022-01-27,Orange,059,3164182,522826,511255,38605,549860,6038
2022-01-27,Placer,061,380077,58673,56562,6772,63334,523
2022-01-27,Plumas,063,18699,2732,2463,257,2720,12
2022-01-27,Riverside,065,2383286,564561,548121,26090,574211,5726
2022-01-27,Sacramento,067,1510023,261501,249130,22843,271973,2558
2022-01-27,San Benito,069,59416,11957,11670,455,12125,90
2022-01-27,San Bernardino,071,2135413,552144,525249,23663,548912,6297
2022-01-27,San Diego,073,3302833,704088,683027,48118,731145,4643
2022-01-27,San Francisco,075,870044,114330,108265,7474,115739,712
2022-01-27,San Joaquin,077,732212,155786,150849,9222,160071,1971
2022-01-27,San Luis Obispo,079,281455,48139,46374,3199,49573,391
2022-01-27,San Mateo,081,765935,112773,100306,6088,106394,586
2022-01-27,Santa Barbara,083,443738,79047,76546,4184,80730,604
2022-01-27,Santa Clara,085,1922200,283156,273879,10671,284550,2019
2022-01-27,Santa Cruz,087,273765,41467,39228,1905,41133,240
2022-01-27,Shasta,089,179085,28267,27504,5393,32897,452
2022-01-27,Sierra,091,2930,265,260,42,302,0
2022-01-27,Siskiyou,093,43540,4097,3987,2325,6312,66
2022-01-27,Solano,095,438530,74040,69862,4913,74775,407
2022-01-27,Sonoma,097,501317,76687,73439,2143,75582,427
2022-01-27,Stanislaus,099,539301,109972,107668,15663,123331,1403
2022-01-27,Sutter,101,95872,19176,18797,1551,20348,202
2022-01-27,Tehama,103,63373,11142,10880,2363,13243,145
2022-01-27,Trinity,105,12862,1093,1033,257,1290,19
2022-01-27,Tulare,107,460477,98176,93154,24385,117539,1237
2022-01-27,Tuolumne,109,53932,11634,10806,403,11209,91
2022-01-27,Ventura,111,848112,164031,160466,8902,169368,1271
2022-01-27,Yolo,113,214977,34089,32123,2633,34756,275
2022-01-27,Yuba,115,75493,14653,14295,974,15269,103
2022-01-26,Alameda,001,1643700,233443,222680,11933,234613,1596
2022-01-26,Alpine,003,1148,119,123,1,124,0
2022-01-26,Amador,005,37829,7722,7427,482,7909,73
2022-01-26,Butte,007,227075,30483,29229,6167,35396,353
2022-01-26,Calaveras,009,45235,6688,6387,250,6637,96
2022-01-26,Colusa,011,21464,3219,3094,965,4059,21
2022-01-26,Contra Costa,013,1133247,176319,165972,11100,177072,1095
2022-01-26,Del Norte,015,27424,4793,4542,122,4664,43
2022-01-26,El Dorado,017,186661,25097,23819,2897,26716,181
2022-01-26,Fresno,019,978130,209730,199689,21139,220828,2452
2022-01-26,Glenn,021,27897,4614,4472,1460,5932,39
2022-01-26,Humboldt,023,135768,15142,14715,2314,17029,126
2022-01-26,Imperial,025,180216,51475,49477,9076,58553,839
2022-01-26,Inyo,027,18085,3926,3889,358,4247,50
2022-01-26,Kern,029,883053,179748,173052,41231,214283,1953
2022-01-26,Kings,031,150075,46783,44367,3095,47462,396
2022-01-26,Lake,033,64148,9359,8645,695,9340,119
2022-01-26,Lassen,035,31185,8194,7888,793,8681,55
2022-01-26,Los Angeles,037,10098052,2569588,2450620,116227,2566847,28382
2022-01-26,Madera,039,155013,33804,32323,4747,37070,329
2022-01-26,Marin,041,260295,30825,29813,1941,31754,253
2022-01-26,Mariposa,043,17540,2172,2108,124,2232,6
2022-01-26,Mendocino,045,87422,11926,11453,2243,13696,103
2022-01-26,Merced,047,269075,58014,56060,6649,62709,733
2022-01-26,Modoc,049,8938,664,652,227,879,6
2022-01-26,Mono,051,14174,2872,2852,113,2965,4
2022-01-26,Monterey,053,433212,71891,63264,10347,73611,659
2022-01-26,Napa,055,140530,23121,21864,753,22617,112
2022-01-26,Nevada,057,99092,14769,14128,975,15103,112
2022-01-26,Orange,059,3164182,520836,506419,38439,544858,6007
2022-01-26,Placer,061,380077,58335,55892,6711,62603,524
2022-01-26,Plumas,063,18699,2705,2425,255,2680,12
2022-01-26,Riverside,065,2383286,562034,543788,25974,569762,5701
2022-01-26,Sacramento,067,1510023,259808,246416,22516,268932,2559
2022-01-26,San Benito,069,59416,11886,11563,443,12006,90
2022-01-26,San Bernardino,071,2135413,549866,521699,23556,545255,6291
2022-01-26,San Diego,073,3302833,699870,676392,47760,724152,4622
2022-01-26,San Francisco,075,870044,113689,107174,7441,114615,704
2022-01-26,San Joaquin,077,732212,154796,148770,9169,157939,1971
2022-01-26,San Luis Obispo,079,281455,47835,45716,3172,48888,391
2022-01-26,San Mateo,081,765935,112107,99016,5963,104979,586
2022-01-26,Santa Barbara,083,443738,78518,75548,4124,79672,600
2022-01-26,Santa Clara,085,1922200,281069,270470,10501,280971,2015
2022-01-26,Santa Cruz,087,273765,40948,38298,1891,40189,239
2022-01-26,Shasta,089,179085,28118,27255,5348,32603,452
2022-01-26,Sierra,091,2930,264,260,41,301,0
2022-01-26,Siskiyou,093,43540,4081,3971,2300,6271,66
2022-01-26,Solano,095,438530,73344,69150,4846,73996,401
2022-01-26,Sonoma,097,501317,76127,72509,2108,74617,423
2022-01-26,Stanislaus,099,539301,109415,106582,15446,122028,1396
2022-01-26,Sutter,101,95872,19066,18670,1507,20177,202
2022-01-26,Tehama,103,63373,11088,10749,2349,13098,145
2022-01-26,Trinity,105,12862,1088,1008,257,1265,19
2022-01-26,Tulare,107,460477,97367,91904,24146,116050,1234
2022-01-26,Tuolumne,109,53932,11450,10699,392,11091,91
2022-01-26,Ventura,111,848112,163321,159077,8860,167937,1263
2022-01-26,Yolo,113,214977,33871,31913,2595,34508,275
2022-01-26,Yuba,115,75493,14568,14171,952,15123,103
2022-01-25,Alameda,001,1643700,231541,219753,11757,231510,1589
2022-01-25,Alpine,003,1148,119,122,1,123,0
2022-01-25,Amador,005,37829,7645,7352,471,7823,73
2022-01-25,Butte,007,227075,30269,28887,6090,34977,351
2022-01-25,Calaveras,009,45235,6630,6266,237,6503,95
2022-01-25,Colusa,011,21464,3198,3074,963,4037,21
2022-01-25,Contra Costa,013,1133247,174940,163792,10884,174676,1092
2022-01-25,Del Norte,015,27424,4723,4514,117,4631,43
2022-01-25,El Dorado,017,186661,24961,23339,2872,26211,179
2022-01-25,Fresno,019,978130,207565,198262,20844,219106,2434
2022-01-25,Glenn,021,27897,4584,4418,1444,5862,39
2022-01-25,Humboldt,023,135768,15050,14574,2288,16862,126
2022-01-25,Imperial,025,180216,51019,48913,8855,57768,832
2022-01-25,Inyo,027,18085,3910,3857,316,4173,50
2022-01-25,Kern,029,883053,178743,171695,40783,212478,1947
2022-01-25,Kings,031,150075,46314,43853,3050,46903,396
2022-01-25,Lake,033,64148,9280,8543,683,9226,118
2022-01-25,Lassen,035,31185,8163,7834,784,8618,55
2022-01-25,Los Angeles,037,10098052,2554644,2433516,115586,2549102,28293
2022-01-25,Madera,039,155013,33483,31794,4614,36408,329
2022-01-25,Marin,041,260295,30646,29589,1928,31517,253
2022-01-25,Mariposa,043,17540,2160,2069,118,2187,6
2022-01-25,Mendocino,045,87422,11806,11280,2140,13420,103
2022-01-25,Merced,047,269075,57632,55555,6511,62066,733
2022-01-25,Modoc,049,8938,662,652,227,879,6
2022-01-25,Mono,051,14174,2862,2826,112,2938,4
2022-01-25,Monterey,053,433212,71317,62498,9946,72444,654
2022-01-25,Napa,055,140530,22926,21668,719,22387,111
2022-01-25,Nevada,057,99092,14656,13944,953,14897,112
2022-01-25,Orange,059,3164182,518555,504274,38243,542517,5980
2022-01-25,Placer,061,380077,57933,55465,6638,62103,518
2022-01-25,Plumas,063,18699,2681,2397,251,2648,12
2022-01-25,Riverside,065,2383286,558945,540723,25810,566533,5686
2022-01-25,Sacramento,067,1510023,257867,244468,21988,266456,2545
2022-01-25,San Benito,069,59416,11787,11446,439,11885,88
2022-01-25,San Bernardino,071,2135413,547277,519150,23442,542592,6288
2022-01-25,San Diego,073,3302833,694877,670110,47308,717418,4604
2022-01-25,San Francisco,075,870044,112930,106254,7399,113653,703
2022-01-25,San Joaquin,077,732212,153803,147271,9106,156377,1972
2022-01-25,San Luis Obispo,079,281455,47474,45130,3124,48254,391
2022-01-25,San Mateo,081,765935,111274,98010,5852,103862,586
2022-01-25,Santa Barbara,083,443738,77850,74686,4045,78731,594
2022-01-25,Santa Clara,085,1922200,278453,268031,10299,278330,2006
2022-01-25,Santa Cruz,087,273765,40277,37850,1876,39726,237
2022-01-25,Shasta,089,179085,27956,27090,5282,32372,452
2022-01-25,Sierra,091,2930,264,260,37,297,0
2022-01-25,Siskiyou,093,43540,4057,3958,2265,6223,65
2022-01-25,Solano,095,438530,72775,68657,4787,73444,399
2022-01-25,Sonoma,097,501317,75438,71633,2068,73701,423
2022-01-25,Stanislaus,099,539301,108742,105965,15220,121185,1396
2022-01-25,Sutter,101,95872,18963,18508,1467,19975,200
2022-01-25,Tehama,103,63373,11025,10669,2325,12994,145
2022-01-25,Trinity,105,12862,1081,999,255,1254,19
2022-01-25,Tulare,107,460477,96502,91237,23827,115064,1229
2022-01-25,Tuolumne,109,53932,11269,10516,368,10884,91
2022-01-25,Ventura,111,848112,162467,157971,8811,166782,1263
2022-01-25,Yolo,113,214977,33611,31677,2551,34228,274
2022-01-25,Yuba,115,75493,14483,14038,925,14963,103
2022-01-24,Alameda,001,1643700,229068,216252,11488,227740,1581
2022-01-24,Alpine,003,1148,119,120,1,121,0
2022-01-24,Amador,005,37829,7594,7166,434,7600,73
2022-01-24,Butte,007,227075,30035,28607,6025,34632,350
2022-01-24,Calaveras,009,45235,6582,6172,223,6395,95
2022-01-24,Colusa,011,21464,3178,3052,946,3998,21
2022-01-24,Contra Costa,013,1133247,173396,162161,10669,172830,1092
2022-01-24,Del Norte,015,27424,4663,4460,117,4577,43
2022-01-24,El Dorado,017,186661,24795,23128,2847,25975,179
2022-01-24,Fresno,019,978130,205245,196092,20519,216611,2430
2022-01-24,Glenn,021,27897,4544,4367,1435,5802,39
2022-01-24,Humboldt,023,135768,14939,14416,2243,16659,126
2022-01-24,Imperial,025,180216,50479,48228,8575,56803,824
2022-01-24,Inyo,027,18085,3904,3805,292,4097,50
2022-01-24,Kern,029,883053,177437,169892,40314,210206,1946
2022-01-24,Kings,031,150075,45741,43260,2979,46239,396
2022-01-24,Lake,033,64148,9171,8423,668,9091,118
2022-01-24,Lassen,035,31185,8079,7732,765,8497,55
2022-01-24,Los Angeles,037,10098052,2538114,2391045,114806,2505851,28230
2022-01-24,Madera,039,155013,33047,31339,4430,35769,329
2022-01-24,Marin,041,260295,30414,29301,1892,31193,253
2022-01-24,Mariposa,043,17540,2135,2033,114,2147,6
2022-01-24,Mendocino,045,87422,11702,11002,2061,13063,103
2022-01-24,Merced,047,269075,57139,54970,6230,61200,730
2022-01-24,Modoc,049,8938,659,648,226,874,6
2022-01-24,Mono,051,14174,2852,2802,111,2913,4
2022-01-24,Monterey,053,433212,70457,61975,9591,71566,654
2022-01-24,Napa,055,140530,22747,21494,707,22201,111
2022-01-24,Nevada,057,99092,14529,13774,930,14704,112
2022-01-24,Orange,059,3164182,515978,501634,37978,539612,5969
2022-01-24,Placer,061,380077,57452,54933,6589,61522,518
2022-01-24,Plumas,063,18699,2649,2370,237,2607,12
2022-01-24,Riverside,065,2383286,555218,535962,25602,561564,5661
2022-01-24,Sacramento,067,1510023,255507,241522,21433,262955,2526
2022-01-24,San Benito,069,59416,11690,11331,426,11757,88
2022-01-24,San Bernardino,071,2135413,544289,515604,23279,538883,6285
2022-01-24,San Diego,073,3302833,689221,663580,46757,710337,4586
2022-01-24,San Francisco,075,870044,111973,105418,7305,112723,703
2022-01-24,San Joaquin,077,732212,152492,145984,9030,155014,1959
2022-01-24,San Luis Obispo,079,281455,47003,44616,3070,47686,387
2022-01-24,San Mateo,081,765935,110311,96968,5738,102706,586
2022-01-24,Santa Barbara,083,443738,77039,73866,3952,77818,591
2022-01-24,Santa Clara,085,1922200,275583,265341,10088,275429,2006
2022-01-24,Santa Cruz,087,273765,39477,37188,1858,39046,237
2022-01-24,Shasta,089,179085,27773,26871,5194,32065,452
2022-01-24,Sierra,091,2930,264,258,37,295,0
2022-01-24,Siskiyou,093,43540,4048,3934,2226,6160,64
2022-01-24,Solano,095,438530,72093,68094,4710,72804,400
2022-01-24,Sonoma,097,501317,74523,70733,2031,72764,423
2022-01-24,Stanislaus,099,539301,107985,104933,14932,119865,1395
2022-01-24,Sutter,101,95872,18848,18336,1381,19717,200
2022-01-24,Tehama,103,63373,10955,10567,2305,12872,145
2022-01-24,Trinity,105,12862,1072,978,253,1231,19
2022-01-24,Tulare,107,460477,95430,90089,23469,113558,1219
2022-01-24,Tuolumne,109,53932,11148,10374,360,10734,91
2022-01-24,Ventura,111,848112,161444,156551,8766,165317,1261
2022-01-24,Yolo,113,214977,33318,31480,2522,34002,273
2022-01-24,Yuba,115,75493,14377,13862,886,14748,103
2022-01-23,Alameda,001,1643700,226365,214003,11164,225167,1583
2022-01-23,Alpine,003,1148,119,120,1,121,0
2022-01-23,Amador,005,37829,7538,7090,394,7484,73
2022-01-23,Butte,007,227075,29737,28340,5899,34239,350
2022-01-23,Calaveras,009,45235,6517,6095,202,6297,95
2022-01-23,Colusa,011,21464,3153,3040,937,3977,21
2022-01-23,Contra Costa,013,1133247,171465,160798,10308,171106,1092
2022-01-23,Del Norte,015,27424,4595,4419,111,4530,43
2022-01-23,El Dorado,017,186661,24606,22925,2801,25726,179
2022-01-23,Fresno,019,978130,202751,193642,20035,213677,2430
2022-01-23,Glenn,021,27897,4497,4340,1413,5753,39
2022-01-23,Humboldt,023,135768,14817,14296,2161,16457,126
2022-01-23,Imperial,025,180216,49881,47935,8293,56228,824
2022-01-23,Inyo,027,18085,3877,3781,278,4059,50
2022-01-23,Kern,029,883053,176074,168585,39789,208374,1946
2022-01-23,Kings,031,150075,45106,42622,2877,45499,397
2022-01-23,Lake,033,64148,9001,8363,642,9005,118
2022-01-23,Lassen,035,31185,8030,7710,741,8451,55
2022-01-23,Los Angeles,037,10098052,2517798,2390590,113652,2504242,28231
2022-01-23,Madera,039,155013,32689,30962,4194,35156,329
2022-01-23,Marin,041,260295,30161,29025,1854,30879,253
2022-01-23,Mariposa,043,17540,2120,2011,111,2122,6
2022-01-23,Mendocino,045,87422,11577,10889,1933,12822,103
2022-01-23,Merced,047,269075,56584,54644,5783,60427,730
2022-01-23,Modoc,049,8938,657,645,223,868,6
2022-01-23,Mono,051,14174,2844,2788,109,2897,4
2022-01-23,Monterey,053,433212,69620,61522,9159,70681,654
2022-01-23,Napa,055,140530,22485,21281,694,21975,111
2022-01-23,Nevada,057,99092,14368,13629,901,14530,112
2022-01-23,Orange,059,3164182,512874,498968,37687,536655,5970
2022-01-23,Placer,061,380077,56882,54568,6501,61069,518
2022-01-23,Plumas,063,18699,2616,2368,208,2576,12
2022-01-23,Riverside,065,2383286,550774,532273,25300,557573,5661
2022-01-23,Sacramento,067,1510023,252862,239589,20492,260081,2530
2022-01-23,San Benito,069,59416,11568,11225,415,11640,88
2022-01-23,San Bernardino,071,2135413,540791,512657,23001,535658,6281
2022-01-23,San Diego,073,3302833,682616,640215,45948,686163,4566
2022-01-23,San Francisco,075,870044,110906,104485,7197,111682,704
2022-01-23,San Joaquin,077,732212,150877,144621,8948,153569,1959
2022-01-23,San Luis Obispo,079,281455,46307,44183,2996,47179,386
2022-01-23,San Mateo,081,765935,109194,95940,5594,101534,586
2022-01-23,Santa Barbara,083,443738,75915,73041,3829,76870,590
2022-01-23,Santa Clara,085,1922200,272280,261991,9769,271760,2005
2022-01-23,Santa Cruz,087,273765,38947,36547,1827,38374,237
2022-01-23,Shasta,089,179085,27493,26732,5074,31806,452
2022-01-23,Sierra,091,2930,263,252,37,289,0
2022-01-23,Siskiyou,093,43540,4023,3916,2169,6085,64
2022-01-23,Solano,095,438530,71292,67457,4616,72073,400
2022-01-23,Sonoma,097,501317,73569,69791,1975,71766,423
2022-01-23,Stanislaus,099,539301,107124,104067,14641,118708,1395
2022-01-23,Sutter,101,95872,18690,18175,1268,19443,200
2022-01-23,Tehama,103,63373,10858,10481,2273,12754,145
2022-01-23,Trinity,105,12862,1069,961,251,1212,19
2022-01-23,Tulare,107,460477,94177,89120,23057,112177,1219
2022-01-23,Tuolumne,109,53932,10956,10243,343,10586,91
2022-01-23,Ventura,111,848112,160262,155052,8689,163741,1261
2022-01-23,Yolo,113,214977,32941,30908,2482,33390,273
2022-01-23,Yuba,115,75493,14253,13762,833,14595,103
2022-01-22,Alameda,001,1643700,225300,203927,11136,215063,1575
2022-01-22,Alpine,003,1148,118,119,1,120,0
2022-01-22,Amador,005,37829,7504,6845,389,7234,73
2022-01-22,Butte,007,227075,29616,27232,5867,33099,350
2022-01-22,Calaveras,009,45235,6487,5835,201,6036,95
2022-01-22,Colusa,011,21464,3136,2954,934,3888,21
2022-01-22,Contra Costa,013,1133247,170494,154111,10278,164389,1091
2022-01-22,Del Norte,015,27424,4556,4269,107,4376,43
2022-01-22,El Dorado,017,186661,24541,22273,2789,25062,179
2022-01-22,Fresno,019,978130,201919,185292,19964,205256,2429
2022-01-22,Glenn,021,27897,4490,4174,1410,5584,39
2022-01-22,Humboldt,023,135768,14749,13628,2148,15776,125
2022-01-22,Imperial,025,180216,49690,45741,8234,53975,820
2022-01-22,Inyo,027,18085,3873,3706,254,3960,50
2022-01-22,Kern,029,883053,175449,162902,39489,202391,1946
2022-01-22,Kings,031,150075,44898,40580,2864,43444,396
2022-01-22,Lake,033,64148,8967,8056,634,8690,118
2022-01-22,Lassen,035,31185,7996,7545,734,8279,55
2022-01-22,Los Angeles,037,10098052,2510383,2286280,113145,2399425,28038
2022-01-22,Madera,039,155013,32570,29595,4179,33774,329
2022-01-22,Marin,041,260295,30034,27893,1849,29742,253
2022-01-22,Mariposa,043,17540,2116,1920,111,2031,6
2022-01-22,Mendocino,045,87422,11527,10395,1911,12306,103
2022-01-22,Merced,047,269075,56431,53025,5776,58801,727
2022-01-22,Modoc,049,8938,656,639,223,862,6
2022-01-22,Mono,051,14174,2843,2723,105,2828,4
2022-01-22,Monterey,053,433212,69414,59038,9117,68155,651
2022-01-22,Napa,055,140530,22390,20402,684,21086,111
2022-01-22,Nevada,057,99092,14300,12957,893,13850,112
2022-01-22,Orange,059,3164182,511266,480329,37439,517768,5946
2022-01-22,Placer,061,380077,56611,52557,6464,59021,512
2022-01-22,Plumas,063,18699,2599,2289,204,2493,12
2022-01-22,Riverside,065,2383286,548859,513567,25227,538794,5623
2022-01-22,Sacramento,067,1510023,251810,230206,20387,250593,2510
2022-01-22,San Benito,069,59416,11510,10743,410,11153,88
2022-01-22,San Bernardino,071,2135413,539254,495209,22907,518116,6267
2022-01-22,San Diego,073,3302833,680129,628904,45727,674631,4559
2022-01-22,San Francisco,075,870044,110249,100238,7049,107287,702
2022-01-22,San Joaquin,077,732212,150436,138264,8906,147170,1960
2022-01-22,San Luis Obispo,079,281455,46188,42154,2990,45144,385
2022-01-22,San Mateo,081,765935,108608,91440,5532,96972,585
2022-01-22,Santa Barbara,083,443738,75493,69555,3823,73378,589
2022-01-22,Santa Clara,085,1922200,270599,249205,9703,258908,1993
2022-01-22,Santa Cruz,087,273765,38765,33741,1821,35562,237
2022-01-22,Shasta,089,179085,27397,25919,5052,30971,450
2022-01-22,Sierra,091,2930,263,248,36,284,0
2022-01-22,Siskiyou,093,43540,4005,3845,2148,5993,62
2022-01-22,Solano,095,438530,71069,63882,4578,68460,391
2022-01-22,Sonoma,097,501317,73149,66013,1965,67978,422
2022-01-22,Stanislaus,099,539301,106666,100092,14543,114635,1393
2022-01-22,Sutter,101,95872,18622,17616,1255,18871,199
2022-01-22,Tehama,103,63373,10823,10171,2262,12433,142
2022-01-22,Trinity,105,12862,1067,925,251,1176,19
2022-01-22,Tulare,107,460477,93799,85223,22935,108158,1211
2022-01-22,Tuolumne,109,53932,10888,9731,337,10068,91
2022-01-22,Ventura,111,848112,159571,148742,8649,157391,1250
2022-01-22,Yolo,113,214977,32763,30061,2465,32526,273
2022-01-22,Yuba,115,75493,14164,13288,829,14117,103
2022-01-21,Alameda,001,1643700,223718,203927,11103,215030,1575
2022-01-21,Alpine,003,1148,118,119,1,120,0
2022-01-21,Amador,005,37829,7447,6845,386,7231,73
2022-01-21,Butte,007,227075,29490,27232,5824,33056,350
2022-01-21,Calaveras,009,45235,6441,5835,201,6036,95
2022-01-21,Colusa,011,21464,3129,2954,928,3882,21
2022-01-21,Contra Costa,013,1133247,169395,154111,10198,164309,1091
2022-01-21,Del Norte,015,27424,4516,4269,107,4376,43
2022-01-21,El Dorado,017,186661,24457,22273,2773,25046,179
2022-01-21,Fresno,019,978130,200666,185292,19865,205157,2429
2022-01-21,Glenn,021,27897,4468,4174,1406,5580,39
2022-01-21,Humboldt,023,135768,14679,13628,2129,15757,125
2022-01-21,Imperial,025,180216,49501,45741,8158,53899,820
2022-01-21,Inyo,027,18085,3860,3706,249,3955,50
2022-01-21,Kern,029,883053,174734,162902,39119,202021,1946
2022-01-21,Kings,031,150075,44701,40580,2856,43436,396
2022-01-21,Lake,033,64148,8910,8056,622,8678,118
2022-01-21,Lassen,035,31185,7947,7545,730,8275,55
2022-01-21,Los Angeles,037,10098052,2499087,2286280,112680,2398960,28038
2022-01-21,Madera,039,155013,32279,29595,4151,33746,329
2022-01-21,Marin,041,260295,29856,27893,1830,29723,253
2022-01-21,Mariposa,043,17540,2104,1920,110,2030,6
2022-01-21,Mendocino,045,87422,11446,10395,1908,12303,103
2022-01-21,Merced,047,269075,56272,53025,5772,58797,727
2022-01-21,Modoc,049,8938,655,639,223,862,6
2022-01-21,Mono,051,14174,2829,2723,102,2825,4
2022-01-21,Monterey,053,433212,68943,59038,8991,68029,651
2022-01-21,Napa,055,140530,22270,20402,676,21078,111
2022-01-21,Nevada,057,99092,14202,12957,889,13846,112
2022-01-21,Orange,059,3164182,509028,480329,37194,517523,5946
2022-01-21,Placer,061,380077,56220,52557,6402,58959,512
2022-01-21,Plumas,063,18699,2586,2289,199,2488,12
2022-01-21,Riverside,065,2383286,546204,513567,25148,538715,5623
2022-01-21,Sacramento,067,1510023,250368,230206,20286,250492,2510
2022-01-21,San Benito,069,59416,11474,10743,407,11150,88
2022-01-21,San Bernardino,071,2135413,537181,495209,22832,518041,6267
2022-01-21,San Diego,073,3302833,675961,628904,45549,674453,4559
2022-01-21,San Francisco,075,870044,109489,100238,6961,107199,702
2022-01-21,San Joaquin,077,732212,149837,138264,8850,147114,1960
2022-01-21,San Luis Obispo,079,281455,46062,42154,2987,45141,385
2022-01-21,San Mateo,081,765935,107936,91440,5494,96934,585
2022-01-21,Santa Barbara,083,443738,74991,69555,3814,73369,589
2022-01-21,Santa Clara,085,1922200,268776,249205,9595,258800,1993
2022-01-21,Santa Cruz,087,273765,38047,33741,1808,35549,237
2022-01-21,Shasta,089,179085,27308,25919,5005,30924,450
2022-01-21,Sierra,091,2930,261,248,35,283,0
2022-01-21,Siskiyou,093,43540,3996,3845,2130,5975,62
2022-01-21,Solano,095,438530,70656,63882,4495,68377,391
2022-01-21,Sonoma,097,501317,72624,66013,1955,67968,422
2022-01-21,Stanislaus,099,539301,106162,100092,14468,114560,1393
2022-01-21,Sutter,101,95872,18536,17616,1241,18857,199
2022-01-21,Tehama,103,63373,10786,10171,2260,12431,142
2022-01-21,Trinity,105,12862,1061,925,250,1175,19
2022-01-21,Tulare,107,460477,93322,85223,22781,108004,1211
2022-01-21,Tuolumne,109,53932,10805,9731,330,10061,91
2022-01-21,Ventura,111,848112,158762,148742,8618,157360,1250
2022-01-21,Yolo,113,214977,32599,30061,2444,32505,273
2022-01-21,Yuba,115,75493,14092,13288,822,14110,103
2022-01-20,Alameda,001,1643700,220648,203927,10866,214793,1575
2022-01-20,Alpine,003,1148,118,119,1,120,0
2022-01-20,Amador,005,37829,7383,6845,368,7213,73
2022-01-20,Butte,007,227075,29226,27232,5745,32977,350
2022-01-20,Calaveras,009,45235,6336,5835,192,6027,95
2022-01-20,Colusa,011,21464,3103,2954,916,3870,21
2022-01-20,Contra Costa,013,1133247,167350,154111,9931,164042,1091
2022-01-20,Del Norte,015,27424,4476,4269,104,4373,43
2022-01-20,El Dorado,017,186661,24255,22273,2728,25001,179
2022-01-20,Fresno,019,978130,198045,185292,19481,204773,2429
2022-01-20,Glenn,021,27897,4434,4174,1397,5571,39
2022-01-20,Humboldt,023,135768,14552,13628,2079,15707,125
2022-01-20,Imperial,025,180216,48985,45741,7980,53721,820
2022-01-20,Inyo,027,18085,3848,3706,238,3944,50
2022-01-20,Kern,029,883053,173211,162902,38580,201482,1946
2022-01-20,Kings,031,150075,44146,40580,2816,43396,396
2022-01-20,Lake,033,64148,8814,8056,594,8650,118
2022-01-20,Lassen,035,31185,7894,7545,715,8260,55
2022-01-20,Los Angeles,037,10098052,2474352,2286280,111703,2397983,28038
2022-01-20,Madera,039,155013,31892,29595,4026,33621,329
2022-01-20,Marin,041,260295,29563,27893,1793,29686,253
2022-01-20,Mariposa,043,17540,2077,1920,107,2027,6
2022-01-20,Mendocino,045,87422,11348,10395,1830,12225,103
2022-01-20,Merced,047,269075,55843,53025,5543,58568,727
2022-01-20,Modoc,049,8938,653,639,223,862,6
2022-01-20,Mono,051,14174,2821,2723,101,2824,4
2022-01-20,Monterey,053,433212,68180,59038,8577,67615,651
2022-01-20,Napa,055,140530,22005,20402,637,21039,111
2022-01-20,Nevada,057,99092,14057,12957,867,13824,112
2022-01-20,Orange,059,3164182,505091,480329,36825,517154,5946
2022-01-20,Placer,061,380077,55736,52557,6342,58899,512
2022-01-20,Plumas,063,18699,2558,2289,195,2484,12
2022-01-20,Riverside,065,2383286,541638,513567,24917,538484,5623
2022-01-20,Sacramento,067,1510023,248075,230206,19654,249860,2510
2022-01-20,San Benito,069,59416,11363,10743,394,11137,88
2022-01-20,San Bernardino,071,2135413,532946,495209,22554,517763,6267
2022-01-20,San Diego,073,3302833,668869,628904,44844,673748,4559
2022-01-20,San Francisco,075,870044,108340,100238,6822,107060,702
2022-01-20,San Joaquin,077,732212,148202,138264,8724,146988,1960
2022-01-20,San Luis Obispo,079,281455,45551,42154,2953,45107,385
2022-01-20,San Mateo,081,765935,106711,91440,5290,96730,585
2022-01-20,Santa Barbara,083,443738,74093,69555,3702,73257,589
2022-01-20,Santa Clara,085,1922200,265471,249205,9267,258472,1993
2022-01-20,Santa Cruz,087,273765,37163,33741,1785,35526,237
2022-01-20,Shasta,089,179085,27118,25919,4938,30857,450
2022-01-20,Sierra,091,2930,261,248,33,281,0
2022-01-20,Siskiyou,093,43540,3984,3845,2097,5942,62
2022-01-20,Solano,095,438530,69706,63882,4406,68288,391
2022-01-20,Sonoma,097,501317,71597,66013,1904,67917,422
2022-01-20,Stanislaus,099,539301,105204,100092,14262,114354,1393
2022-01-20,Sutter,101,95872,18372,17616,1213,18829,199
2022-01-20,Tehama,103,63373,10714,10171,2242,12413,142
2022-01-20,Trinity,105,12862,1047,925,249,1174,19
2022-01-20,Tulare,107,460477,92274,85223,22498,107721,1211
2022-01-20,Tuolumne,109,53932,10663,9731,320,10051,91
2022-01-20,Ventura,111,848112,157377,148742,8541,157283,1250
2022-01-20,Yolo,113,214977,32311,30061,2411,32472,273
2022-01-20,Yuba,115,75493,13986,13288,789,14077,103
2022-01-19,Alameda,001,1643700,217259,199739,10538,210277,1571
2022-01-19,Alpine,003,1148,117,119,1,120,0
2022-01-19,Amador,005,37829,7302,6789,326,7115,73
2022-01-19,Butte,007,227075,28920,26839,5659,32498,351
2022-01-19,Calaveras,009,45235,6246,5765,183,5948,95
2022-01-19,Colusa,011,21464,3069,2938,908,3846,21
2022-01-19,Contra Costa,013,1133247,164930,151543,9687,161230,1091
2022-01-19,Del Norte,015,27424,4437,4240,103,4343,43
2022-01-19,El Dorado,017,186661,24002,21953,2687,24640,177
2022-01-19,Fresno,019,978130,195100,181526,19150,200676,2430
2022-01-19,Glenn,021,27897,4382,4127,1387,5514,39
2022-01-19,Humboldt,023,135768,14395,13391,2029,15420,125
2022-01-19,Imperial,025,180216,48250,45156,7782,52938,820
2022-01-19,Inyo,027,18085,3825,3680,199,3879,49
2022-01-19,Kern,029,883053,171444,160747,37902,198649,1946
2022-01-19,Kings,031,150075,43448,40027,2748,42775,395
2022-01-19,Lake,033,64148,8687,7972,581,8553,118
2022-01-19,Lassen,035,31185,7837,7507,693,8200,55
2022-01-19,Los Angeles,037,10098052,2445952,2251718,110280,2361998,27934
2022-01-19,Madera,039,155013,31513,29021,3856,32877,329
2022-01-19,Marin,041,260295,29267,27375,1751,29126,251
2022-01-19,Mariposa,043,17540,2052,1896,100,1996,6
2022-01-19,Mendocino,045,87422,11177,10252,1737,11989,103
2022-01-19,Merced,047,269075,55299,52355,5187,57542,724
2022-01-19,Modoc,049,8938,651,635,222,857,6
2022-01-19,Mono,051,14174,2799,2677,99,2776,4
2022-01-19,Monterey,053,433212,67272,58426,8121,66547,651
2022-01-19,Napa,055,140530,21752,20090,610,20700,110
2022-01-19,Nevada,057,99092,13900,12703,840,13543,112
2022-01-19,Orange,059,3164182,500605,468460,36455,504915,5943
2022-01-19,Placer,061,380077,55172,51545,6274,57819,511
2022-01-19,Plumas,063,18699,2518,2239,189,2428,12
2022-01-19,Riverside,065,2383286,536122,503575,24682,528257,5604
2022-01-19,Sacramento,067,1510023,245185,226035,18938,244973,2512
2022-01-19,San Benito,069,59416,11222,10639,382,11021,88
2022-01-19,San Bernardino,071,2135413,528184,487846,22176,510022,6265
2022-01-19,San Diego,073,3302833,660096,614709,44107,658816,4553
2022-01-19,San Francisco,075,870044,106968,98652,6746,105398,694
2022-01-19,San Joaquin,077,732212,146310,135953,8600,144553,1959
2022-01-19,San Luis Obispo,079,281455,44952,41374,2887,44261,382
2022-01-19,San Mateo,081,765935,105300,89715,5026,94741,585
2022-01-19,Santa Barbara,083,443738,73096,68531,3603,72134,586
2022-01-19,Santa Clara,085,1922200,261739,244922,8907,253829,1991
2022-01-19,Santa Cruz,087,273765,35861,33026,1761,34787,237
2022-01-19,Shasta,089,179085,26851,25355,4866,30221,450
2022-01-19,Sierra,091,2930,261,245,32,277,0
2022-01-19,Siskiyou,093,43540,3960,3821,2044,5865,62
2022-01-19,Solano,095,438530,68861,63003,4276,67279,392
2022-01-19,Sonoma,097,501317,70498,64689,1858,66547,420
2022-01-19,Stanislaus,099,539301,104153,98952,13969,112921,1381
2022-01-19,Sutter,101,95872,18204,17436,1125,18561,199
2022-01-19,Tehama,103,63373,10599,10064,2198,12262,142
2022-01-19,Trinity,105,12862,1035,916,248,1164,19
2022-01-19,Tulare,107,460477,90991,83743,22031,105774,1200
2022-01-19,Tuolumne,109,53932,10504,9613,296,9909,91
2022-01-19,Ventura,111,848112,155862,144738,8466,153204,1234
2022-01-19,Yolo,113,214977,31946,29392,2375,31767,273
2022-01-19,Yuba,115,75493,13824,13114,776,13890,104
2022-01-18,Alameda,001,1643700,213891,195728,10220,205948,1566
2022-01-18,Alpine,003,1148,117,118,1,119,0
2022-01-18,Amador,005,37829,7164,6691,290,6981,73
2022-01-18,Butte,007,227075,28528,26514,5577,32091,347
2022-01-18,Calaveras,009,45235,6157,5684,168,5852,94
2022-01-18,Colusa,011,21464,3025,2903,903,3806,21
2022-01-18,Contra Costa,013,1133247,162788,149446,9310,158756,1085
2022-01-18,Del Norte,015,27424,4367,4229,98,4327,43
2022-01-18,El Dorado,017,186661,23633,21707,2643,24350,175
2022-01-18,Fresno,019,978130,191570,178922,18698,197620,2425
2022-01-18,Glenn,021,27897,4348,4070,1375,5445,39
2022-01-18,Humboldt,023,135768,14231,13218,1957,15175,125
2022-01-18,Imperial,025,180216,47554,44742,7601,52343,819
2022-01-18,Inyo,027,18085,3784,3654,189,3843,49
2022-01-18,Kern,029,883053,169420,158864,37149,196013,1943
2022-01-18,Kings,031,150075,42573,39440,2670,42110,392
2022-01-18,Lake,033,64148,8574,7919,562,8481,117
2022-01-18,Lassen,035,31185,7754,7461,654,8115,55
2022-01-18,Los Angeles,037,10098052,2412512,2227360,108790,2336150,27871
2022-01-18,Madera,039,155013,30991,28717,3667,32384,329
2022-01-18,Marin,041,260295,28964,27036,1709,28745,251
2022-01-18,Mariposa,043,17540,2027,1872,96,1968,6
2022-01-18,Mendocino,045,87422,11008,10114,1652,11766,103
2022-01-18,Merced,047,269075,54687,51746,4899,56645,718
2022-01-18,Modoc,049,8938,649,633,217,850,6
2022-01-18,Mono,051,14174,2778,2643,98,2741,4
2022-01-18,Monterey,053,433212,66497,57846,7642,65488,650
2022-01-18,Napa,055,140530,21420,19911,595,20506,109
2022-01-18,Nevada,057,99092,13717,12584,798,13382,111
2022-01-18,Orange,059,3164182,495275,461324,35949,497273,5938
2022-01-18,Placer,061,380077,54527,50983,6201,57184,508
2022-01-18,Plumas,063,18699,2480,2218,183,2401,12
2022-01-18,Riverside,065,2383286,530146,497278,24375,521653,5599
2022-01-18,Sacramento,067,1510023,242101,223745,17956,241701,2496
2022-01-18,San Benito,069,59416,11081,10520,368,10888,88
2022-01-18,San Bernardino,071,2135413,522730,483753,21748,505501,6258
2022-01-18,San Diego,073,3302833,649900,605137,43067,648204,4547
2022-01-18,San Francisco,075,870044,105502,96505,6631,103136,694
2022-01-18,San Joaquin,077,732212,144361,134365,8384,142749,1957
2022-01-18,San Luis Obispo,079,281455,44270,40848,2801,43649,381
2022-01-18,San Mateo,081,765935,103788,88225,4829,93054,585
2022-01-18,Santa Barbara,083,443738,71878,67216,3430,70646,581
2022-01-18,Santa Clara,085,1922200,257627,240281,8510,248791,1986
2022-01-18,Santa Cruz,087,273765,35211,32203,1726,33929,237
2022-01-18,Shasta,089,179085,26569,25162,4772,29934,448
2022-01-18,Sierra,091,2930,257,244,32,276,0
2022-01-18,Siskiyou,093,43540,3927,3799,1991,5790,62
2022-01-18,Solano,095,438530,68011,62204,4165,66369,391
2022-01-18,Sonoma,097,501317,69111,63714,1803,65517,419
2022-01-18,Stanislaus,099,539301,102935,98000,13592,111592,1379
2022-01-18,Sutter,101,95872,18013,17295,1054,18349,198
2022-01-18,Tehama,103,63373,10503,9975,2146,12121,142
2022-01-18,Trinity,105,12862,1022,907,247,1154,19
2022-01-18,Tulare,107,460477,89530,82667,21627,104294,1196
2022-01-18,Tuolumne,109,53932,10337,9528,285,9813,91
2022-01-18,Ventura,111,848112,154149,143384,8380,151764,1233
2022-01-18,Yolo,113,214977,31549,28786,2325,31111,270
2022-01-18,Yuba,115,75493,13663,12971,751,13722,101
2022-01-17,Alameda,001,1643700,209200,193276,9633,202909,1565
2022-01-17,Alpine,003,1148,116,118,0,118,0
2022-01-17,Amador,005,37829,7049,6640,232,6872,73
2022-01-17,Butte,007,227075,28133,26303,5466,31769,348
2022-01-17,Calaveras,009,45235,6026,5584,140,5724,94
2022-01-17,Colusa,011,21464,3001,2905,896,3801,21
2022-01-17,Contra Costa,013,1133247,159866,147993,8813,156806,1086
2022-01-17,Del Norte,015,27424,4316,4209,91,4300,43
2022-01-17,El Dorado,017,186661,23387,21540,2560,24100,175
2022-01-17,Fresno,019,978130,187850,176959,18175,195134,2426
2022-01-17,Glenn,021,27897,4295,4055,1362,5417,39
2022-01-17,Humboldt,023,135768,14024,13120,1791,14911,125
2022-01-17,Imperial,025,180216,46869,44412,7438,51850,821
2022-01-17,Inyo,027,18085,3762,3650,163,3813,49
2022-01-17,Kern,029,883053,166877,157645,36274,193919,1944
2022-01-17,Kings,031,150075,41439,39143,2548,41691,392
2022-01-17,Lake,033,64148,8425,7864,522,8386,117
2022-01-17,Lassen,035,31185,7661,7417,617,8034,55
2022-01-17,Los Angeles,037,10098052,2373287,2205740,106815,2312555,27832
2022-01-17,Madera,039,155013,30339,28568,3487,32055,329
2022-01-17,Marin,041,260295,28559,26633,1653,28286,251
2022-01-17,Mariposa,043,17540,2001,1862,89,1951,6
2022-01-17,Mendocino,045,87422,10785,10030,1512,11542,103
2022-01-17,Merced,047,269075,54008,51227,4337,55564,718
2022-01-17,Modoc,049,8938,645,630,217,847,6
2022-01-17,Mono,051,14174,2755,2642,97,2739,4
2022-01-17,Monterey,053,433212,65380,57318,7227,64545,647
2022-01-17,Napa,055,140530,21075,19647,573,20220,109
2022-01-17,Nevada,057,99092,13531,12414,761,13175,111
2022-01-17,Orange,059,3164182,489323,457418,35474,492892,5933
2022-01-17,Placer,061,380077,53795,50511,6058,56569,508
2022-01-17,Plumas,063,18699,2434,2205,151,2356,12
2022-01-17,Riverside,065,2383286,523331,491322,23922,515244,5600
2022-01-17,Sacramento,067,1510023,238022,221143,16612,237755,2497
2022-01-17,San Benito,069,59416,10914,10432,340,10772,88
2022-01-17,San Bernardino,071,2135413,516239,480243,21206,501449,6259
2022-01-17,San Diego,073,3302833,637689,569241,41860,611101,4545
2022-01-17,San Francisco,075,870044,103873,95292,6437,101729,694
2022-01-17,San Joaquin,077,732212,141521,133414,8194,141608,1958
2022-01-17,San Luis Obispo,079,281455,43441,40425,2700,43125,379
2022-01-17,San Mateo,081,765935,101818,87013,4575,91588,585
2022-01-17,Santa Barbara,083,443738,70556,66704,3230,69934,581
2022-01-17,Santa Clara,085,1922200,253140,237934,8075,246009,1985
2022-01-17,Santa Cruz,087,273765,34440,31714,1689,33403,237
2022-01-17,Shasta,089,179085,26289,25025,4651,29676,448
2022-01-17,Sierra,091,2930,256,242,32,274,0
2022-01-17,Siskiyou,093,43540,3888,3764,1911,5675,62
2022-01-17,Solano,095,438530,66970,61497,3906,65403,391
2022-01-17,Sonoma,097,501317,67608,62763,1737,64500,419
2022-01-17,Stanislaus,099,539301,101622,96951,13101,110052,1379
2022-01-17,Sutter,101,95872,17803,17159,918,18077,198
2022-01-17,Tehama,103,63373,10379,9912,2088,12000,142
2022-01-17,Trinity,105,12862,1009,906,243,1149,19
2022-01-17,Tulare,107,460477,87783,81741,21081,102822,1199
2022-01-17,Tuolumne,109,53932,10198,9416,253,9669,91
2022-01-17,Ventura,111,848112,152033,142070,8262,150332,1234
2022-01-17,Yolo,113,214977,31019,28638,2259,30897,270
2022-01-17,Yuba,115,75493,13466,12871,695,13566,101
2022-01-16,Alameda,001,1643700,206141,190691,9378,200069,1564
2022-01-16,Alpine,003,1148,116,118,0,118,0
2022-01-16,Amador,005,37829,6976,6618,224,6842,73
2022-01-16,Butte,007,227075,27784,26139,5413,31552,348
2022-01-16,Calaveras,009,45235,5925,5537,136,5673,94
2022-01-16,Colusa,011,21464,2984,2886,884,3770,21
2022-01-16,Contra Costa,013,1133247,157855,146307,8600,154907,1086
2022-01-16,Del Norte,015,27424,4274,4177,89,4266,43
2022-01-16,El Dorado,017,186661,23113,21303,2521,23824,175
2022-01-16,Fresno,019,978130,185132,174818,17776,192594,2425
2022-01-16,Glenn,021,27897,4238,4049,1340,5389,39
2022-01-16,Humboldt,023,135768,13877,13075,1772,14847,125
2022-01-16,Imperial,025,180216,46298,44035,7274,51309,821
2022-01-16,Inyo,027,18085,3725,3602,141,3743,49
2022-01-16,Kern,029,883053,165606,156655,35488,192143,1944
2022-01-16,Kings,031,150075,41065,38861,2527,41388,392
2022-01-16,Lake,033,64148,8321,7823,488,8311,117
2022-01-16,Lassen,035,31185,7616,7391,604,7995,55
2022-01-16,Los Angeles,037,10098052,2350099,2174403,105293,2279696,27805
2022-01-16,Madera,039,155013,29970,28313,3437,31750,329
2022-01-16,Marin,041,260295,28265,26292,1639,27931,251
2022-01-16,Mariposa,043,17540,1974,1851,84,1935,6
2022-01-16,Mendocino,045,87422,10638,9992,1396,11388,102
2022-01-16,Merced,047,269075,53417,50882,4311,55193,718
2022-01-16,Modoc,049,8938,642,629,217,846,6
2022-01-16,Mono,051,14174,2751,2614,95,2709,4
2022-01-16,Monterey,053,433212,64615,57012,7082,64094,647
2022-01-16,Napa,055,140530,20809,19521,562,20083,109
2022-01-16,Nevada,057,99092,13318,12307,743,13050,111
2022-01-16,Orange,059,3164182,483940,451962,34925,486887,5932
2022-01-16,Placer,061,380077,53088,50076,5947,56023,508
2022-01-16,Plumas,063,18699,2399,2204,142,2346,12
2022-01-16,Riverside,065,2383286,517822,485191,23702,508893,5600
2022-01-16,Sacramento,067,1510023,235071,218819,15895,234714,2491
2022-01-16,San Benito,069,59416,10756,10377,338,10715,88
2022-01-16,San Bernardino,071,2135413,512217,474425,20951,495376,6259
2022-01-16,San Diego,073,3302833,630100,569241,41423,610664,4545
2022-01-16,San Francisco,075,870044,102353,94139,6299,100438,694
2022-01-16,San Joaquin,077,732212,139734,132214,8051,140265,1958
2022-01-16,San Luis Obispo,079,281455,42784,40113,2661,42774,379
2022-01-16,San Mateo,081,765935,100294,85966,4482,90448,585
2022-01-16,Santa Barbara,083,443738,69528,66111,3189,69300,582
2022-01-16,Santa Clara,085,1922200,249472,234293,7921,242214,1984
2022-01-16,Santa Cruz,087,273765,33811,31469,1667,33136,237
2022-01-16,Shasta,089,179085,26035,24980,4583,29563,449
2022-01-16,Sierra,091,2930,252,238,31,269,0
2022-01-16,Siskiyou,093,43540,3860,3748,1872,5620,62
2022-01-16,Solano,095,438530,66294,60885,3775,64660,391
2022-01-16,Sonoma,097,501317,66530,61842,1720,63562,419
2022-01-16,Stanislaus,099,539301,100559,96370,12935,109305,1379
2022-01-16,Sutter,101,95872,17603,16996,896,17892,198
2022-01-16,Tehama,103,63373,10294,9868,2067,11935,142
2022-01-16,Trinity,105,12862,1004,889,241,1130,19
2022-01-16,Tulare,107,460477,86475,80867,20828,101695,1199
2022-01-16,Tuolumne,109,53932,10092,9369,245,9614,91
2022-01-16,Ventura,111,848112,150458,140715,8183,148898,1234
2022-01-16,Yolo,113,214977,30628,28481,2206,30687,270
2022-01-16,Yuba,115,75493,13289,12760,689,13449,101
2022-01-15,Alameda,001,1643700,204780,177768,9324,187092,1561
2022-01-15,Alpine,003,1148,116,117,0,117,0
2022-01-15,Amador,005,37829,6944,6434,210,6644,72
2022-01-15,Butte,007,227075,27628,25032,5363,30395,348
2022-01-15,Calaveras,009,45235,5893,5258,136,5394,93
2022-01-15,Colusa,011,21464,2970,2796,877,3673,21
2022-01-15,Contra Costa,013,1133247,156591,137643,8553,146196,1082
2022-01-15,Del Norte,015,27424,4259,4065,87,4152,43
2022-01-15,El Dorado,017,186661,23009,20434,2505,22939,175
2022-01-15,Fresno,019,978130,184203,167361,17679,185040,2415
2022-01-15,Glenn,021,27897,4231,3906,1331,5237,39
2022-01-15,Humboldt,023,135768,13774,12419,1756,14175,123
2022-01-15,Imperial,025,180216,46160,42508,7166,49674,817
2022-01-15,Inyo,027,18085,3715,3395,141,3536,49
2022-01-15,Kern,029,883053,164763,150085,35098,185183,1938
2022-01-15,Kings,031,150075,40816,37221,2515,39736,391
2022-01-15,Lake,033,64148,8282,7641,475,8116,117
2022-01-15,Lassen,035,31185,7576,7274,598,7872,55
2022-01-15,Los Angeles,037,10098052,2338567,2047927,104334,2152261,27641
2022-01-15,Madera,039,155013,29824,27294,3413,30707,329
2022-01-15,Marin,041,260295,28078,25248,1632,26880,251
2022-01-15,Mariposa,043,17540,1967,1762,84,1846,6
2022-01-15,Mendocino,045,87422,10565,9534,1390,10924,102
2022-01-15,Merced,047,269075,53250,48904,4299,53203,715
2022-01-15,Modoc,049,8938,640,628,217,845,6
2022-01-15,Mono,051,14174,2746,2508,94,2602,4
2022-01-15,Monterey,053,433212,64101,55315,7018,62333,647
2022-01-15,Napa,055,140530,20688,17648,558,18206,109
2022-01-15,Nevada,057,99092,13258,11773,730,12503,111
2022-01-15,Orange,059,3164182,481341,433141,34652,467793,5914
2022-01-15,Placer,061,380077,52797,47780,5911,53691,501
2022-01-15,Plumas,063,18699,2378,2158,136,2294,12
2022-01-15,Riverside,065,2383286,515141,466381,23567,489948,5578
2022-01-15,Sacramento,067,1510023,233915,208156,15795,223951,2491
2022-01-15,San Benito,069,59416,10657,9868,333,10201,87
2022-01-15,San Bernardino,071,2135413,509853,454395,20802,475197,6233
2022-01-15,San Diego,073,3302833,626311,559385,41167,600552,4540
2022-01-15,San Francisco,075,870044,101358,88004,6164,94168,692
2022-01-15,San Joaquin,077,732212,139167,125136,7954,133090,1954
2022-01-15,San Luis Obispo,079,281455,42595,38231,2648,40879,374
2022-01-15,San Mateo,081,765935,99338,80494,4441,84935,582
2022-01-15,Santa Barbara,083,443738,68932,62312,3178,65490,579
2022-01-15,Santa Clara,085,1922200,247268,218986,7801,226787,1974
2022-01-15,Santa Cruz,087,273765,33457,29414,1659,31073,235
2022-01-15,Shasta,089,179085,25944,24482,4551,29033,445
2022-01-15,Sierra,091,2930,251,232,30,262,0
2022-01-15,Siskiyou,093,43540,3848,3661,1862,5523,62
2022-01-15,Solano,095,438530,66014,58061,3726,61787,389
2022-01-15,Sonoma,097,501317,65944,58181,1714,59895,418
2022-01-15,Stanislaus,099,539301,99977,92986,12832,105818,1379
2022-01-15,Sutter,101,95872,17513,16345,886,17231,197
2022-01-15,Tehama,103,63373,10246,9572,2049,11621,141
2022-01-15,Trinity,105,12862,1001,872,241,1113,19
2022-01-15,Tulare,107,460477,86029,77769,20717,98486,1192
2022-01-15,Tuolumne,109,53932,9991,9042,240,9282,91
2022-01-15,Ventura,111,848112,149683,134736,8145,142881,1227
2022-01-15,Yolo,113,214977,30448,27311,2186,29497,270
2022-01-15,Yuba,115,75493,13226,12200,685,12885,101
2022-01-14,Alameda,001,1643700,202740,177768,9276,187044,1561
2022-01-14,Alpine,003,1148,116,117,0,117,0
2022-01-14,Amador,005,37829,6868,6434,201,6635,72
2022-01-14,Butte,007,227075,27447,25032,5331,30363,348
2022-01-14,Calaveras,009,45235,5856,5258,135,5393,93
2022-01-14,Colusa,011,21464,2961,2796,867,3663,21
2022-01-14,Contra Costa,013,1133247,155073,137643,8448,146091,1082
2022-01-14,Del Norte,015,27424,4234,4065,86,4151,43
2022-01-14,El Dorado,017,186661,22857,20434,2487,22921,175
2022-01-14,Fresno,019,978130,182549,167361,17582,184943,2415
2022-01-14,Glenn,021,27897,4208,3906,1323,5229,39
2022-01-14,Humboldt,023,135768,13668,12419,1723,14142,123
2022-01-14,Imperial,025,180216,45989,42508,7146,49654,817
2022-01-14,Inyo,027,18085,3690,3395,137,3532,49
2022-01-14,Kern,029,883053,163762,150085,34664,184749,1938
2022-01-14,Kings,031,150075,40564,37221,2507,39728,391
2022-01-14,Lake,033,64148,8225,7641,463,8104,117
2022-01-14,Lassen,035,31185,7542,7274,586,7860,55
2022-01-14,Los Angeles,037,10098052,2319244,2047927,103292,2151219,27641
2022-01-14,Madera,039,155013,29589,27294,3385,30679,329
2022-01-14,Marin,041,260295,27819,25248,1597,26845,251
2022-01-14,Mariposa,043,17540,1952,1762,84,1846,6
2022-01-14,Mendocino,045,87422,10453,9534,1377,10911,102
2022-01-14,Merced,047,269075,53067,48904,4284,53188,715
2022-01-14,Modoc,049,8938,639,628,217,845,6
2022-01-14,Mono,051,14174,2725,2508,92,2600,4
2022-01-14,Monterey,053,433212,63404,55315,6925,62240,647
2022-01-14,Napa,055,140530,20518,17648,553,18201,109
2022-01-14,Nevada,057,99092,13136,11773,717,12490,111
2022-01-14,Orange,059,3164182,477610,433141,34335,467476,5914
2022-01-14,Placer,061,380077,52361,47780,5825,53605,501
2022-01-14,Plumas,063,18699,2370,2158,129,2287,12
2022-01-14,Riverside,065,2383286,511622,466381,23424,489805,5578
2022-01-14,Sacramento,067,1510023,231966,208156,15646,223802,2491
2022-01-14,San Benito,069,59416,10605,9868,332,10200,87
2022-01-14,San Bernardino,071,2135413,506620,454395,20615,475010,6233
2022-01-14,San Diego,073,3302833,620661,559385,40859,600244,4540
2022-01-14,San Francisco,075,870044,100185,88004,5989,93993,692
2022-01-14,San Joaquin,077,732212,138317,125136,7874,133010,1954
2022-01-14,San Luis Obispo,079,281455,42428,38231,2627,40858,374
2022-01-14,San Mateo,081,765935,98109,80494,4412,84906,582
2022-01-14,Santa Barbara,083,443738,68413,62312,3168,65480,579
2022-01-14,Santa Clara,085,1922200,244695,218986,7695,226681,1974
2022-01-14,Santa Cruz,087,273765,33080,29414,1650,31064,235
2022-01-14,Shasta,089,179085,25823,24482,4518,29000,445
2022-01-14,Sierra,091,2930,249,232,28,260,0
2022-01-14,Siskiyou,093,43540,3837,3661,1849,5510,62
2022-01-14,Solano,095,438530,65169,58061,3638,61699,389
2022-01-14,Sonoma,097,501317,65403,58181,1688,59869,418
2022-01-14,Stanislaus,099,539301,99371,92986,12724,105710,1379
2022-01-14,Sutter,101,95872,17387,16345,878,17223,197
2022-01-14,Tehama,103,63373,10193,9572,2037,11609,141
2022-01-14,Trinity,105,12862,996,872,239,1111,19
2022-01-14,Tulare,107,460477,85506,77769,20556,98325,1192
2022-01-14,Tuolumne,109,53932,9868,9042,236,9278,91
2022-01-14,Ventura,111,848112,148580,134736,8086,142822,1227
2022-01-14,Yolo,113,214977,30207,27311,2158,29469,270
2022-01-14,Yuba,115,75493,13123,12200,680,12880,101
2022-01-13,Alameda,001,1643700,198438,177768,8926,186694,1561
2022-01-13,Alpine,003,1148,115,117,0,117,0
2022-01-13,Amador,005,37829,6808,6434,180,6614,72
2022-01-13,Butte,007,227075,27140,25032,5217,30249,348
2022-01-13,Calaveras,009,45235,5766,5258,132,5390,93
2022-01-13,Colusa,011,21464,2933,2796,857,3653,21
2022-01-13,Contra Costa,013,1133247,152424,137643,7983,145626,1082
2022-01-13,Del Norte,015,27424,4198,4065,85,4150,43
2022-01-13,El Dorado,017,186661,22610,20434,2441,22875,175
2022-01-13,Fresno,019,978130,179729,167361,17192,184553,2415
2022-01-13,Glenn,021,27897,4161,3906,1297,5203,39
2022-01-13,Humboldt,023,135768,13516,12419,1661,14080,123
2022-01-13,Imperial,025,180216,45448,42508,6932,49440,817
2022-01-13,Inyo,027,18085,3634,3395,120,3515,49
2022-01-13,Kern,029,883053,162179,150085,34075,184160,1938
2022-01-13,Kings,031,150075,40083,37221,2463,39684,391
2022-01-13,Lake,033,64148,8125,7641,442,8083,117
2022-01-13,Lassen,035,31185,7508,7274,570,7844,55
2022-01-13,Los Angeles,037,10098052,2282762,2047927,101488,2149415,27641
2022-01-13,Madera,039,155013,29122,27294,3292,30586,329
2022-01-13,Marin,041,260295,27475,25248,1554,26802,251
2022-01-13,Mariposa,043,17540,1929,1762,81,1843,6
2022-01-13,Mendocino,045,87422,10362,9534,1309,10843,102
2022-01-13,Merced,047,269075,52409,48904,4022,52926,715
2022-01-13,Modoc,049,8938,636,628,217,845,6
2022-01-13,Mono,051,14174,2702,2508,89,2597,4
2022-01-13,Monterey,053,433212,62467,55315,6640,61955,647
2022-01-13,Napa,055,140530,20220,17648,543,18191,109
2022-01-13,Nevada,057,99092,12944,11773,687,12460,111
2022-01-13,Orange,059,3164182,471172,433141,33875,467016,5914
2022-01-13,Placer,061,380077,51732,47780,5710,53490,501
2022-01-13,Plumas,063,18699,2350,2158,119,2277,12
2022-01-13,Riverside,065,2383286,505323,466381,23097,489478,5578
2022-01-13,Sacramento,067,1510023,228877,208156,14861,223017,2491
2022-01-13,San Benito,069,59416,10500,9868,324,10192,87
2022-01-13,San Bernardino,071,2135413,500722,454395,20150,474545,6233
2022-01-13,San Diego,073,3302833,612148,559385,39984,599369,4540
2022-01-13,San Francisco,075,870044,98447,88004,5794,93798,692
2022-01-13,San Joaquin,077,732212,136247,125136,7725,132861,1954
2022-01-13,San Luis Obispo,079,281455,41825,38231,2522,40753,374
2022-01-13,San Mateo,081,765935,96328,80494,4176,84670,582
2022-01-13,Santa Barbara,083,443738,67416,62312,2992,65304,579
2022-01-13,Santa Clara,085,1922200,240440,218986,7365,226351,1974
2022-01-13,Santa Cruz,087,273765,32265,29414,1628,31042,235
2022-01-13,Shasta,089,179085,25614,24482,4446,28928,445
2022-01-13,Sierra,091,2930,248,232,28,260,0
2022-01-13,Siskiyou,093,43540,3815,3661,1809,5470,62
2022-01-13,Solano,095,438530,64037,58061,3527,61588,389
2022-01-13,Sonoma,097,501317,64338,58181,1632,59813,418
2022-01-13,Stanislaus,099,539301,98254,92986,12430,105416,1379
2022-01-13,Sutter,101,95872,17191,16345,814,17159,197
2022-01-13,Tehama,103,63373,10095,9572,1989,11561,141
2022-01-13,Trinity,105,12862,988,872,239,1111,19
2022-01-13,Tulare,107,460477,84228,77769,20267,98036,1192
2022-01-13,Tuolumne,109,53932,9726,9042,218,9260,91
2022-01-13,Ventura,111,848112,146798,134736,7992,142728,1227
2022-01-13,Yolo,113,214977,29791,27311,2114,29425,270
2022-01-13,Yuba,115,75493,12988,12200,651,12851,101
2022-01-12,Alameda,001,1643700,193835,173001,8469,181470,1563
2022-01-12,Alpine,003,1148,115,117,0,117,0
2022-01-12,Amador,005,37829,6760,6354,166,6520,71
2022-01-12,Butte,007,227075,26809,24631,5126,29757,348
2022-01-12,Calaveras,009,45235,5689,5151,126,5277,93
2022-01-12,Colusa,011,21464,2895,2772,844,3616,21
2022-01-12,Contra Costa,013,1133247,149735,134579,7606,142185,1077
2022-01-12,Del Norte,015,27424,4172,4019,83,4102,43
2022-01-12,El Dorado,017,186661,22293,20092,2400,22492,175
2022-01-12,Fresno,019,978130,176985,165316,16768,182084,2413
2022-01-12,Glenn,021,27897,4109,3859,1275,5134,39
2022-01-12,Humboldt,023,135768,13344,12081,1579,13660,122
2022-01-12,Imperial,025,180216,44793,41985,6633,48618,814
2022-01-12,Inyo,027,18085,3588,3334,104,3438,49
2022-01-12,Kern,029,883053,160040,148435,33353,181788,1933
2022-01-12,Kings,031,150075,39453,36780,2421,39201,391
2022-01-12,Lake,033,64148,8009,7535,398,7933,117
2022-01-12,Lassen,035,31185,7466,7223,543,7766,55
2022-01-12,Los Angeles,037,10098052,2243011,2005065,99243,2104308,27601
2022-01-12,Madera,039,155013,28808,26952,3193,30145,329
2022-01-12,Marin,041,260295,26984,24704,1503,26207,251
2022-01-12,Mariposa,043,17540,1900,1725,79,1804,6
2022-01-12,Mendocino,045,87422,10198,9379,1211,10590,103
2022-01-12,Merced,047,269075,51707,48441,3749,52190,710
2022-01-12,Modoc,049,8938,634,627,217,844,6
2022-01-12,Mono,051,14174,2666,2466,85,2551,4
2022-01-12,Monterey,053,433212,61481,54524,6279,60803,647
2022-01-12,Napa,055,140530,19962,17347,520,17867,109
2022-01-12,Nevada,057,99092,12729,11552,641,12193,111
2022-01-12,Orange,059,3164182,464404,425737,33283,459020,5912
2022-01-12,Placer,061,380077,51072,47004,5595,52599,501
2022-01-12,Plumas,063,18699,2311,2135,108,2243,12
2022-01-12,Riverside,065,2383286,498096,458881,22757,481638,5565
2022-01-12,Sacramento,067,1510023,225306,204696,13985,218681,2479
2022-01-12,San Benito,069,59416,10369,9737,312,10049,87
2022-01-12,San Bernardino,071,2135413,494197,447869,19527,467396,6222
2022-01-12,San Diego,073,3302833,601647,551669,39126,590795,4529
2022-01-12,San Francisco,075,870044,96612,85700,5681,91381,691
2022-01-12,San Joaquin,077,732212,133959,122850,7598,130448,1948
2022-01-12,San Luis Obispo,079,281455,41099,37727,2439,40166,373
2022-01-12,San Mateo,081,765935,94294,78476,3802,82278,582
2022-01-12,Santa Barbara,083,443738,66273,60815,2890,63705,578
2022-01-12,Santa Clara,085,1922200,235943,213177,6986,220163,1971
2022-01-12,Santa Cruz,087,273765,31611,28463,1580,30043,235
2022-01-12,Shasta,089,179085,25402,24324,4381,28705,446
2022-01-12,Sierra,091,2930,247,228,28,256,0
2022-01-12,Siskiyou,093,43540,3787,3639,1762,5401,62
2022-01-12,Solano,095,438530,62987,57052,3406,60458,386
2022-01-12,Sonoma,097,501317,63054,56394,1549,57943,417
2022-01-12,Stanislaus,099,539301,97021,91738,12086,103824,1373
2022-01-12,Sutter,101,95872,16996,16135,781,16916,197
2022-01-12,Tehama,103,63373,10006,9475,1928,11403,141
2022-01-12,Trinity,105,12862,984,868,238,1106,19
2022-01-12,Tulare,107,460477,83114,76943,19889,96832,1192
2022-01-12,Tuolumne,109,53932,9597,8870,201,9071,91
2022-01-12,Ventura,111,848112,144892,132180,7906,140086,1220
2022-01-12,Yolo,113,214977,29376,26888,2041,28929,270
2022-01-12,Yuba,115,75493,12828,12015,624,12639,101
2022-01-11,Alameda,001,1643700,189361,169181,8071,177252,1561
2022-01-11,Alpine,003,1148,115,116,0,116,0
2022-01-11,Amador,005,37829,6676,6317,151,6468,71
2022-01-11,Butte,007,227075,26412,24479,5032,29511,347
2022-01-11,Calaveras,009,45235,5560,5083,112,5195,93
2022-01-11,Colusa,011,21464,2870,2766,831,3597,21
2022-01-11,Contra Costa,013,1133247,146597,132410,7112,139522,1077
2022-01-11,Del Norte,015,27424,4139,4006,81,4087,43
2022-01-11,El Dorado,017,186661,21960,19842,2329,22171,174
2022-01-11,Fresno,019,978130,173931,163509,16376,179885,2404
2022-01-11,Glenn,021,27897,4047,3844,1231,5075,39
2022-01-11,Humboldt,023,135768,13124,11960,1486,13446,122
2022-01-11,Imperial,025,180216,44187,41444,6434,47878,813
2022-01-11,Inyo,027,18085,3490,3278,97,3375,49
2022-01-11,Kern,029,883053,157759,146942,32531,179473,1929
2022-01-11,Kings,031,150075,38865,36524,2390,38914,389
2022-01-11,Lake,033,64148,7931,7494,382,7876,117
2022-01-11,Lassen,035,31185,7416,7210,529,7739,55
2022-01-11,Los Angeles,037,10098052,2200533,1966319,96980,2063299,27563
2022-01-11,Madera,039,155013,28393,26688,3114,29802,329
2022-01-11,Marin,041,260295,26627,24387,1458,25845,251
2022-01-11,Mariposa,043,17540,1878,1718,75,1793,6
2022-01-11,Mendocino,045,87422,10037,9301,1113,10414,102
2022-01-11,Merced,047,269075,50925,48068,3566,51634,708
2022-01-11,Modoc,049,8938,633,626,216,842,6
2022-01-11,Mono,051,14174,2623,2425,84,2509,4
2022-01-11,Monterey,053,433212,60438,53911,5931,59842,646
2022-01-11,Napa,055,140530,19526,17020,473,17493,109
2022-01-11,Nevada,057,99092,12503,11467,606,12073,110
2022-01-11,Orange,059,3164182,456738,417703,32648,450351,5909
2022-01-11,Placer,061,380077,50317,46459,5451,51910,500
2022-01-11,Plumas,063,18699,2276,2099,100,2199,12
2022-01-11,Riverside,065,2383286,490367,453766,22443,476209,5551
2022-01-11,Sacramento,067,1510023,221129,201058,12959,214017,2489
2022-01-11,San Benito,069,59416,10234,9624,299,9923,83
2022-01-11,San Bernardino,071,2135413,486226,442960,18917,461877,6198
2022-01-11,San Diego,073,3302833,589647,536954,38016,574970,4520
2022-01-11,San Francisco,075,870044,94413,83678,5524,89202,691
2022-01-11,San Joaquin,077,732212,131576,121139,7430,128569,1944
2022-01-11,San Luis Obispo,079,281455,40324,37183,2320,39503,372
2022-01-11,San Mateo,081,765935,92002,76756,3580,80336,582
2022-01-11,Santa Barbara,083,443738,64967,59758,2753,62511,578
2022-01-11,Santa Clara,085,1922200,230550,208425,6535,214960,1971
2022-01-11,Santa Cruz,087,273765,31103,27709,1530,29239,232
2022-01-11,Shasta,089,179085,25144,24132,4288,28420,446
2022-01-11,Sierra,091,2930,245,228,28,256,0
2022-01-11,Siskiyou,093,43540,3763,3621,1712,5333,62
2022-01-11,Solano,095,438530,61584,56349,3252,59601,388
2022-01-11,Sonoma,097,501317,61536,55411,1469,56880,416
2022-01-11,Stanislaus,099,539301,95654,90998,11713,102711,1372
2022-01-11,Sutter,101,95872,16796,15993,727,16720,197
2022-01-11,Tehama,103,63373,9879,9406,1880,11286,140
2022-01-11,Trinity,105,12862,972,858,236,1094,19
2022-01-11,Tulare,107,460477,81818,76267,19488,95755,1188
2022-01-11,Tuolumne,109,53932,9438,8811,194,9005,91
2022-01-11,Ventura,111,848112,142663,129548,7760,137308,1220
2022-01-11,Yolo,113,214977,28800,26482,1980,28462,270
2022-01-11,Yuba,115,75493,12653,11912,603,12515,101
2022-01-10,Alameda,001,1643700,184259,165657,7547,173204,1559
2022-01-10,Alpine,003,1148,115,116,0,116,0
2022-01-10,Amador,005,37829,6573,6279,136,6415,71
2022-01-10,Butte,007,227075,26070,24217,4936,29153,347
2022-01-10,Calaveras,009,45235,5462,5025,106,5131,93
2022-01-10,Colusa,011,21464,2840,2758,822,3580,21
2022-01-10,Contra Costa,013,1133247,143721,129951,6590,136541,1077
2022-01-10,Del Norte,015,27424,4116,3970,81,4051,43
2022-01-10,El Dorado,017,186661,21414,19606,2273,21879,172
2022-01-10,Fresno,019,978130,170885,161593,15943,177536,2404
2022-01-10,Glenn,021,27897,3988,3807,1217,5024,39
2022-01-10,Humboldt,023,135768,12882,11778,1353,13131,121
2022-01-10,Imperial,025,180216,43461,41080,6217,47297,811
2022-01-10,Inyo,027,18085,3435,3227,85,3312,49
2022-01-10,Kern,029,883053,155187,145744,31788,177532,1929
2022-01-10,Kings,031,150075,38246,36286,2364,38650,389
2022-01-10,Lake,033,64148,7842,7416,358,7774,117
2022-01-10,Lassen,035,31185,7378,7192,507,7699,55
2022-01-10,Los Angeles,037,10098052,2154977,1932475,94475,2026950,27546
2022-01-10,Madera,039,155013,27945,26501,3012,29513,328
2022-01-10,Marin,041,260295,26137,24023,1385,25408,251
2022-01-10,Mariposa,043,17540,1838,1684,70,1754,6
2022-01-10,Mendocino,045,87422,9864,9163,1026,10189,101
2022-01-10,Merced,047,269075,50094,47632,3277,50909,707
2022-01-10,Modoc,049,8938,632,622,214,836,6
2022-01-10,Mono,051,14174,2557,2415,79,2494,4
2022-01-10,Monterey,053,433212,59484,53485,5617,59102,645
2022-01-10,Napa,055,140530,19149,16775,459,17234,109
2022-01-10,Nevada,057,99092,12279,11300,568,11868,110
2022-01-10,Orange,059,3164182,448050,406170,31789,437959,5906
2022-01-10,Placer,061,380077,49469,45642,5289,50931,498
2022-01-10,Plumas,063,18699,2241,2086,98,2184,12
2022-01-10,Riverside,065,2383286,482114,445536,21994,467530,5546
2022-01-10,Sacramento,067,1510023,216617,198023,11912,209935,2474
2022-01-10,San Benito,069,59416,10063,9467,289,9756,83
2022-01-10,San Bernardino,071,2135413,477751,437207,18189,455396,6184
2022-01-10,San Diego,073,3302833,576953,530506,36878,567384,4500
2022-01-10,San Francisco,075,870044,92619,82209,5265,87474,690
2022-01-10,San Joaquin,077,732212,128907,119587,7146,126733,1927
2022-01-10,San Luis Obispo,079,281455,39508,36618,2225,38843,371
2022-01-10,San Mateo,081,765935,89355,75210,3324,78534,582
2022-01-10,Santa Barbara,083,443738,63706,58957,2564,61521,578
2022-01-10,Santa Clara,085,1922200,224764,203540,6056,209596,1971
2022-01-10,Santa Cruz,087,273765,30264,26906,1492,28398,232
2022-01-10,Shasta,089,179085,24947,23983,4211,28194,446
2022-01-10,Sierra,091,2930,242,223,28,251,0
2022-01-10,Siskiyou,093,43540,3730,3592,1668,5260,62
2022-01-10,Solano,095,438530,60543,55663,3055,58718,385
2022-01-10,Sonoma,097,501317,59989,54478,1423,55901,412
2022-01-10,Stanislaus,099,539301,94318,89997,11362,101359,1372
2022-01-10,Sutter,101,95872,16552,15823,681,16504,196
2022-01-10,Tehama,103,63373,9765,9360,1825,11185,140
2022-01-10,Trinity,105,12862,968,849,234,1083,19
2022-01-10,Tulare,107,460477,80332,75498,19109,94607,1186
2022-01-10,Tuolumne,109,53932,9313,8685,182,8867,91
2022-01-10,Ventura,111,848112,140060,126240,7610,133850,1217
2022-01-10,Yolo,113,214977,28205,26065,1927,27992,270
2022-01-10,Yuba,115,75493,12405,11776,569,12345,101
2022-01-09,Alameda,001,1643700,179749,162701,6876,169577,1561
2022-01-09,Alpine,003,1148,115,116,0,116,0
2022-01-09,Amador,005,37829,6485,6215,124,6339,71
2022-01-09,Butte,007,227075,25675,24018,4818,28836,347
2022-01-09,Calaveras,009,45235,5332,4976,97,5073,93
2022-01-09,Colusa,011,21464,2812,2750,799,3549,21
2022-01-09,Contra Costa,013,1133247,140716,128050,5923,133973,1077
2022-01-09,Del Norte,015,27424,4077,3950,77,4027,43
2022-01-09,El Dorado,017,186661,21044,19430,2207,21637,172
2022-01-09,Fresno,019,978130,168304,159989,15533,175522,2405
2022-01-09,Glenn,021,27897,3931,3797,1196,4993,39
2022-01-09,Humboldt,023,135768,12637,11582,1231,12813,121
2022-01-09,Imperial,025,180216,42625,40608,5957,46565,811
2022-01-09,Inyo,027,18085,3332,3149,76,3225,49
2022-01-09,Kern,029,883053,152735,144819,31049,175868,1927
2022-01-09,Kings,031,150075,37569,36041,2327,38368,389
2022-01-09,Lake,033,64148,7731,7393,314,7707,117
2022-01-09,Lassen,035,31185,7314,7172,478,7650,55
2022-01-09,Los Angeles,037,10098052,2106924,1887830,91392,1979222,27532
2022-01-09,Madera,039,155013,27565,26325,2915,29240,328
2022-01-09,Marin,041,260295,25688,23708,1295,25003,251
2022-01-09,Mariposa,043,17540,1788,1660,69,1729,6
2022-01-09,Mendocino,045,87422,9657,9097,914,10011,101
2022-01-09,Merced,047,269075,49214,47294,3002,50296,706
2022-01-09,Modoc,049,8938,630,619,214,833,6
2022-01-09,Mono,051,14174,2522,2390,72,2462,4
2022-01-09,Monterey,053,433212,58423,53251,5349,58600,645
2022-01-09,Napa,055,140530,18654,16614,443,17057,109
2022-01-09,Nevada,057,99092,12026,11152,507,11659,110
2022-01-09,Orange,059,3164182,438056,400563,30835,431398,5905
2022-01-09,Placer,061,380077,48475,45081,5139,50220,498
2022-01-09,Plumas,063,18699,2202,2081,78,2159,12
2022-01-09,Riverside,065,2383286,473129,440413,21453,461866,5546
2022-01-09,Sacramento,067,1510023,211822,195444,10793,206237,2475
2022-01-09,San Benito,069,59416,9877,9363,261,9624,83
2022-01-09,San Bernardino,071,2135413,469249,430257,17369,447626,6180
2022-01-09,San Diego,073,3302833,563837,478206,35023,513229,4500
2022-01-09,San Francisco,075,870044,90749,80463,5020,85483,690
2022-01-09,San Joaquin,077,732212,125828,118422,6978,125400,1927
2022-01-09,San Luis Obispo,079,281455,38703,36291,2119,38410,371
2022-01-09,San Mateo,081,765935,86844,73867,2998,76865,582
2022-01-09,Santa Barbara,083,443738,62021,58280,2302,60582,578
2022-01-09,Santa Clara,085,1922200,218717,199889,5521,205410,1976
2022-01-09,Santa Cruz,087,273765,29514,26513,1460,27973,232
2022-01-09,Shasta,089,179085,24706,23926,4124,28050,446
2022-01-09,Sierra,091,2930,239,223,26,249,0
2022-01-09,Siskiyou,093,43540,3701,3580,1609,5189,62
2022-01-09,Solano,095,438530,59388,54985,2774,57759,384
2022-01-09,Sonoma,097,501317,58314,53543,1386,54929,412
2022-01-09,Stanislaus,099,539301,92948,89248,11066,100314,1372
2022-01-09,Sutter,101,95872,16265,15695,601,16296,196
2022-01-09,Tehama,103,63373,9648,9306,1774,11080,140
2022-01-09,Trinity,105,12862,964,848,232,1080,19
2022-01-09,Tulare,107,460477,78929,75085,18734,93819,1186
2022-01-09,Tuolumne,109,53932,9155,8595,163,8758,91
2022-01-09,Ventura,111,848112,137009,124269,7367,131636,1217
2022-01-09,Yolo,113,214977,27598,25632,1882,27514,270
2022-01-09,Yuba,115,75493,12207,11666,538,12204,101
2022-01-08,Alameda,001,1643700,177839,148560,6734,155294,1558
2022-01-08,Alpine,003,1148,115,114,0,114,0
2022-01-08,Amador,005,37829,6454,6091,119,6210,71
2022-01-08,Butte,007,227075,25483,23429,4777,28206,347
2022-01-08,Calaveras,009,45235,5286,4823,93,4916,93
2022-01-08,Colusa,011,21464,2804,2713,796,3509,21
2022-01-08,Contra Costa,013,1133247,139154,119907,5840,125747,1077
2022-01-08,Del Norte,015,27424,4060,3902,77,3979,43
2022-01-08,El Dorado,017,186661,20861,18599,2173,20772,172
2022-01-08,Fresno,019,978130,167413,155394,15394,170788,2393
2022-01-08,Glenn,021,27897,3923,3732,1191,4923,39
2022-01-08,Humboldt,023,135768,12513,11149,1205,12354,121
2022-01-08,Imperial,025,180216,42437,39429,5815,45244,800
2022-01-08,Inyo,027,18085,3318,3020,73,3093,49
2022-01-08,Kern,029,883053,151598,140410,30619,171029,1921
2022-01-08,Kings,031,150075,37328,35275,2310,37585,390
2022-01-08,Lake,033,64148,7691,7209,306,7515,117
2022-01-08,Lassen,035,31185,7284,7127,462,7589,55
2022-01-08,Los Angeles,037,10098052,2088518,1765787,89644,1855431,27476
2022-01-08,Madera,039,155013,27398,25767,2877,28644,328
2022-01-08,Marin,041,260295,25403,22377,1284,23661,251
2022-01-08,Mariposa,043,17540,1778,1588,69,1657,6
2022-01-08,Mendocino,045,87422,9583,8792,912,9704,101
2022-01-08,Merced,047,269075,49036,46094,2978,49072,703
2022-01-08,Modoc,049,8938,630,610,214,824,6
2022-01-08,Mono,051,14174,2511,2240,67,2307,4
2022-01-08,Monterey,053,433212,58037,51721,5256,56977,644
2022-01-08,Napa,055,140530,18501,15819,417,16236,109
2022-01-08,Nevada,057,99092,11941,10765,494,11259,110
2022-01-08,Orange,059,3164182,434266,375124,29987,405111,5903
2022-01-08,Placer,061,380077,48032,43172,5097,48269,495
2022-01-08,Plumas,063,18699,2192,2053,73,2126,12
2022-01-08,Riverside,065,2383286,469611,422591,21185,443776,5535
2022-01-08,Sacramento,067,1510023,210385,185118,10636,195754,2470
2022-01-08,San Benito,069,59416,9716,9016,258,9274,83
2022-01-08,San Bernardino,071,2135413,465765,411724,16968,428692,6122
2022-01-08,San Diego,073,3302833,558938,472273,34481,506754,4495
2022-01-08,San Francisco,075,870044,89553,73660,4741,78401,690
2022-01-08,San Joaquin,077,732212,124861,112514,6879,119393,1916
2022-01-08,San Luis Obispo,079,281455,38500,34489,2076,36565,369
2022-01-08,San Mateo,081,765935,85460,67918,2911,70829,582
2022-01-08,Santa Barbara,083,443738,61326,54617,2268,56885,575
2022-01-08,Santa Clara,085,1922200,215677,183842,5313,189155,1966
2022-01-08,Santa Cruz,087,273765,29087,24678,1440,26118,230
2022-01-08,Shasta,089,179085,24615,23585,4093,27678,445
2022-01-08,Sierra,091,2930,235,215,25,240,0
2022-01-08,Siskiyou,093,43540,3689,3545,1595,5140,62
2022-01-08,Solano,095,438530,58980,52452,2702,55154,383
2022-01-08,Sonoma,097,501317,57791,50130,1352,51482,411
2022-01-08,Stanislaus,099,539301,92308,87049,10943,97992,1372
2022-01-08,Sutter,101,95872,16146,15261,588,15849,195
2022-01-08,Tehama,103,63373,9617,9109,1766,10875,140
2022-01-08,Trinity,105,12862,958,836,232,1068,19
2022-01-08,Tulare,107,460477,78532,73600,18600,92200,1185
2022-01-08,Tuolumne,109,53932,9049,8360,160,8520,91
2022-01-08,Ventura,111,848112,135841,117229,7233,124462,1216
2022-01-08,Yolo,113,214977,27304,24006,1854,25860,270
2022-01-08,Yuba,115,75493,12120,11277,535,11812,101
2022-01-07,Alameda,001,1643700,175144,148560,6616,155176,1558
2022-01-07,Alpine,003,1148,115,114,0,114,0
2022-01-07,Amador,005,37829,6405,6091,116,6207,71
2022-01-07,Butte,007,227075,25277,23429,4743,28172,347
2022-01-07,Calaveras,009,45235,5247,4823,93,4916,93
2022-01-07,Colusa,011,21464,2795,2713,785,3498,21
2022-01-07,Contra Costa,013,1133247,137214,119907,5716,125623,1077
2022-01-07,Del Norte,015,27424,4044,3902,76,3978,43
2022-01-07,El Dorado,017,186661,20678,18599,2160,20759,172
2022-01-07,Fresno,019,978130,166051,155394,15289,170683,2393
2022-01-07,Glenn,021,27897,3903,3732,1188,4920,39
2022-01-07,Humboldt,023,135768,12369,11149,1178,12327,121
2022-01-07,Imperial,025,180216,42279,39429,5731,45160,800
2022-01-07,Inyo,027,18085,3299,3020,71,3091,49
2022-01-07,Kern,029,883053,150627,140410,30176,170586,1921
2022-01-07,Kings,031,150075,37147,35275,2296,37571,390
2022-01-07,Lake,033,64148,7643,7209,281,7490,117
2022-01-07,Lassen,035,31185,7268,7127,459,7586,55
2022-01-07,Los Angeles,037,10098052,2057329,1765787,88178,1853965,27476
2022-01-07,Madera,039,155013,27216,25767,2840,28607,328
2022-01-07,Marin,041,260295,25022,22377,1266,23643,251
2022-01-07,Mariposa,043,17540,1762,1588,69,1657,6
2022-01-07,Mendocino,045,87422,9490,8792,911,9703,101
2022-01-07,Merced,047,269075,48863,46094,2954,49048,703
2022-01-07,Modoc,049,8938,629,610,214,824,6
2022-01-07,Mono,051,14174,2473,2240,61,2301,4
2022-01-07,Monterey,053,433212,57617,51721,5161,56882,644
2022-01-07,Napa,055,140530,18274,15819,397,16216,109
2022-01-07,Nevada,057,99092,11811,10765,473,11238,110
2022-01-07,Orange,059,3164182,429454,375124,29369,404493,5903
2022-01-07,Placer,061,380077,47527,43172,5047,48219,495
2022-01-07,Plumas,063,18699,2183,2053,72,2125,12
2022-01-07,Riverside,065,2383286,465784,422591,20956,443547,5535
2022-01-07,Sacramento,067,1510023,208121,185118,10483,195601,2470
2022-01-07,San Benito,069,59416,9671,9016,257,9273,83
2022-01-07,San Bernardino,071,2135413,461648,411724,16739,428463,6122
2022-01-07,San Diego,073,3302833,551827,472273,33933,506206,4495
2022-01-07,San Francisco,075,870044,88110,73660,4484,78144,690
2022-01-07,San Joaquin,077,732212,123905,112514,6818,119332,1916
2022-01-07,San Luis Obispo,079,281455,38285,34489,2021,36510,369
2022-01-07,San Mateo,081,765935,83994,67918,2852,70770,582
2022-01-07,Santa Barbara,083,443738,60631,54617,2247,56864,575
2022-01-07,Santa Clara,085,1922200,212431,183842,5204,189046,1966
2022-01-07,Santa Cruz,087,273765,28607,24678,1424,26102,230
2022-01-07,Shasta,089,179085,24516,23585,4059,27644,445
2022-01-07,Sierra,091,2930,232,215,25,240,0
2022-01-07,Siskiyou,093,43540,3678,3545,1583,5128,62
2022-01-07,Solano,095,438530,58297,52452,2656,55108,383
2022-01-07,Sonoma,097,501317,57189,50130,1267,51397,411
2022-01-07,Stanislaus,099,539301,91780,87049,10842,97891,1372
2022-01-07,Sutter,101,95872,15996,15261,575,15836,195
2022-01-07,Tehama,103,63373,9581,9109,1753,10862,140
2022-01-07,Trinity,105,12862,951,836,231,1067,19
2022-01-07,Tulare,107,460477,78106,73600,18460,92060,1185
2022-01-07,Tuolumne,109,53932,8961,8360,156,8516,91
2022-01-07,Ventura,111,848112,134215,117229,7098,124327,1216
2022-01-07,Yolo,113,214977,26930,24006,1835,25841,270
2022-01-07,Yuba,115,75493,12014,11277,530,11807,101
2022-01-06,Alameda,001,1643700,169884,148560,6201,154761,1558
2022-01-06,Alpine,003,1148,114,114,0,114,0
2022-01-06,Amador,005,37829,6354,6091,111,6202,71
2022-01-06,Butte,007,227075,24983,23429,4659,28088,347
2022-01-06,Calaveras,009,45235,5130,4823,91,4914,93
2022-01-06,Colusa,011,21464,2776,2713,777,3490,21
2022-01-06,Contra Costa,013,1133247,134115,119907,5294,125201,1077
2022-01-06,Del Norte,015,27424,4010,3902,74,3976,43
2022-01-06,El Dorado,017,186661,20338,18599,2124,20723,172
2022-01-06,Fresno,019,978130,163914,155394,15023,170417,2393
2022-01-06,Glenn,021,27897,3876,3732,1162,4894,39
2022-01-06,Humboldt,023,135768,12142,11149,1137,12286,121
2022-01-06,Imperial,025,180216,41695,39429,5530,44959,800
2022-01-06,Inyo,027,18085,3261,3020,71,3091,49
2022-01-06,Kern,029,883053,148958,140410,29510,169920,1921
2022-01-06,Kings,031,150075,36822,35275,2271,37546,390
2022-01-06,Lake,033,64148,7569,7209,270,7479,117
2022-01-06,Lassen,035,31185,7245,7127,453,7580,55
2022-01-06,Los Angeles,037,10098052,2003153,1765787,85817,1851604,27476
2022-01-06,Madera,039,155013,26911,25767,2782,28549,328
2022-01-06,Marin,041,260295,24619,22377,1233,23610,251
2022-01-06,Mariposa,043,17540,1743,1588,69,1657,6
2022-01-06,Mendocino,045,87422,9393,8792,872,9664,101
2022-01-06,Merced,047,269075,48303,46094,2808,48902,703
2022-01-06,Modoc,049,8938,628,610,214,824,6
2022-01-06,Mono,051,14174,2450,2240,58,2298,4
2022-01-06,Monterey,053,433212,56895,51721,4910,56631,644
2022-01-06,Napa,055,140530,17877,15819,388,16207,109
2022-01-06,Nevada,057,99092,11613,10765,461,11226,110
2022-01-06,Orange,059,3164182,420004,375124,28625,403749,5903
2022-01-06,Placer,061,380077,46788,43172,4959,48131,495
2022-01-06,Plumas,063,18699,2165,2053,64,2117,12
2022-01-06,Riverside,065,2383286,458313,422591,20669,443260,5535
2022-01-06,Sacramento,067,1510023,204070,185118,9747,194865,2470
2022-01-06,San Benito,069,59416,9570,9016,250,9266,83
2022-01-06,San Bernardino,071,2135413,453976,411724,16249,427973,6122
2022-01-06,San Diego,073,3302833,540196,472273,32931,505204,4495
2022-01-06,San Francisco,075,870044,85781,73660,4230,77890,690
2022-01-06,San Joaquin,077,732212,121733,112514,6732,119246,1916
2022-01-06,San Luis Obispo,079,281455,37586,34489,1951,36440,369
2022-01-06,San Mateo,081,765935,81572,67918,2672,70590,582
2022-01-06,Santa Barbara,083,443738,59463,54617,2188,56805,575
2022-01-06,Santa Clara,085,1922200,207527,183842,4818,188660,1966
2022-01-06,Santa Cruz,087,273765,28047,24678,1400,26078,230
2022-01-06,Shasta,089,179085,24369,23585,4009,27594,445
2022-01-06,Sierra,091,2930,229,215,25,240,0
2022-01-06,Siskiyou,093,43540,3662,3545,1537,5082,62
2022-01-06,Solano,095,438530,57283,52452,2471,54923,383
2022-01-06,Sonoma,097,501317,55796,50130,1234,51364,411
2022-01-06,Stanislaus,099,539301,90629,87049,10672,97721,1372
2022-01-06,Sutter,101,95872,15819,15261,547,15808,195
2022-01-06,Tehama,103,63373,9503,9109,1726,10835,140
2022-01-06,Trinity,105,12862,944,836,230,1066,19
2022-01-06,Tulare,107,460477,77401,73600,18292,91892,1185
2022-01-06,Tuolumne,109,53932,8849,8360,150,8510,91
2022-01-06,Ventura,111,848112,131531,117229,6938,124167,1216
2022-01-06,Yolo,113,214977,26372,24006,1791,25797,270
2022-01-06,Yuba,115,75493,11879,11277,513,11790,101
2022-01-05,Alameda,001,1643700,164782,144824,5775,150599,1548
2022-01-05,Alpine,003,1148,114,112,0,112,0
2022-01-05,Amador,005,37829,6311,6012,108,6120,70
2022-01-05,Butte,007,227075,24669,23134,4598,27732,343
2022-01-05,Calaveras,009,45235,5075,4758,89,4847,90
2022-01-05,Colusa,011,21464,2762,2704,766,3470,21
2022-01-05,Contra Costa,013,1133247,130891,117188,4841,122029,1071
2022-01-05,Del Norte,015,27424,3990,3862,72,3934,43
2022-01-05,El Dorado,017,186661,19942,18367,2095,20462,171
2022-01-05,Fresno,019,978130,161890,153033,14741,167774,2377
2022-01-05,Glenn,021,27897,3827,3700,1152,4852,39
2022-01-05,Humboldt,023,135768,11938,10938,1089,12027,120
2022-01-05,Imperial,025,180216,41068,38789,5377,44166,800
2022-01-05,Inyo,027,18085,3179,2939,67,3006,49
2022-01-05,Kern,029,883053,147174,138186,28940,167126,1913
2022-01-05,Kings,031,150075,36478,34893,2252,37145,387
2022-01-05,Lake,033,64148,7486,7129,254,7383,117
2022-01-05,Lassen,035,31185,7225,7077,445,7522,55
2022-01-05,Los Angeles,037,10098052,1946813,1729640,83428,1813068,27443
2022-01-05,Madera,039,155013,26671,25392,2689,28081,327
2022-01-05,Marin,041,260295,24273,21829,1184,23013,251
2022-01-05,Mariposa,043,17540,1717,1564,68,1632,6
2022-01-05,Mendocino,045,87422,9262,8625,837,9462,101
2022-01-05,Merced,047,269075,47635,45721,2673,48394,700
2022-01-05,Modoc,049,8938,625,603,214,817,6
2022-01-05,Mono,051,14174,2431,2201,54,2255,4
2022-01-05,Monterey,053,433212,56071,51241,4712,55953,639
2022-01-05,Napa,055,140530,17515,15494,358,15852,108
2022-01-05,Nevada,057,99092,11417,10624,444,11068,110
2022-01-05,Orange,059,3164182,409960,366139,27570,393709,5869
2022-01-05,Placer,061,380077,45904,42456,4866,47322,492
2022-01-05,Plumas,063,18699,2145,2020,62,2082,12
2022-01-05,Riverside,065,2383286,450863,415253,20318,435571,5502
2022-01-05,Sacramento,067,1510023,199297,181488,8797,190285,2455
2022-01-05,San Benito,069,59416,9376,8829,238,9067,83
2022-01-05,San Bernardino,071,2135413,445224,405323,15690,421013,6085
2022-01-05,San Diego,073,3302833,526617,466602,31950,498552,4495
2022-01-05,San Francisco,075,870044,83206,71405,4092,75497,686
2022-01-05,San Joaquin,077,732212,119198,110497,6652,117149,1903
2022-01-05,San Luis Obispo,079,281455,36790,34066,1874,35940,369
2022-01-05,San Mateo,081,765935,79398,66018,2474,68492,578
2022-01-05,Santa Barbara,083,443738,58158,53082,2109,55191,570
2022-01-05,Santa Clara,085,1922200,201761,178629,4401,183030,1961
2022-01-05,Santa Cruz,087,273765,27292,24394,1379,25773,229
2022-01-05,Shasta,089,179085,24213,23361,3980,27341,441
2022-01-05,Sierra,091,2930,226,210,23,233,0
2022-01-05,Siskiyou,093,43540,3652,3513,1508,5021,60
2022-01-05,Solano,095,438530,56238,51505,2336,53841,380
2022-01-05,Sonoma,097,501317,54532,49120,1077,50197,412
2022-01-05,Stanislaus,099,539301,89638,86248,10499,96747,1360
2022-01-05,Sutter,101,95872,15617,15117,508,15625,193
2022-01-05,Tehama,103,63373,9406,9011,1695,10706,140
2022-01-05,Trinity,105,12862,940,822,228,1050,19
2022-01-05,Tulare,107,460477,76624,72718,18120,90838,1173
2022-01-05,Tuolumne,109,53932,8757,8223,143,8366,90
2022-01-05,Ventura,111,848112,128783,114752,6730,121482,1211
2022-01-05,Yolo,113,214977,25761,23401,1752,25153,269
2022-01-05,Yuba,115,75493,11696,11138,487,11625,100
2022-01-04,Alameda,001,1643700,159181,143360,5362,148722,1532
2022-01-04,Alpine,003,1148,114,113,0,113,0
2022-01-04,Amador,005,37829,6244,6025,102,6127,71
2022-01-04,Butte,007,227075,24369,23094,4526,27620,346
2022-01-04,Calaveras,009,45235,5001,4767,86,4853,93
2022-01-04,Colusa,011,21464,2745,2689,760,3449,21
2022-01-04,Contra Costa,013,1133247,127581,116005,4471,120476,1075
2022-01-04,Del Norte,015,27424,3958,3882,69,3951,43
2022-01-04,El Dorado,017,186661,19586,18339,2074,20413,172
2022-01-04,Fresno,019,978130,159736,153244,14490,167734,2380
2022-01-04,Glenn,021,27897,3798,3705,1137,4842,39
2022-01-04,Humboldt,023,135768,11691,10865,1039,11904,120
2022-01-04,Imperial,025,180216,40468,38596,5116,43712,800
2022-01-04,Inyo,027,18085,3096,2870,66,2936,49
2022-01-04,Kern,029,883053,145244,138245,28360,166605,1916
2022-01-04,Kings,031,150075,36154,34931,2235,37166,388
2022-01-04,Lake,033,64148,7445,7152,245,7397,117
2022-01-04,Lassen,035,31185,7202,7111,441,7552,55
2022-01-04,Los Angeles,037,10098052,1886844,1705253,81060,1786313,27419
2022-01-04,Madera,039,155013,26328,25425,2618,28043,328
2022-01-04,Marin,041,260295,23792,21675,1125,22800,251
2022-01-04,Mariposa,043,17540,1681,1564,67,1631,6
2022-01-04,Mendocino,045,87422,9139,8636,813,9449,101
2022-01-04,Merced,047,269075,47015,45583,2544,48127,700
2022-01-04,Modoc,049,8938,622,611,214,825,6
2022-01-04,Mono,051,14174,2382,2190,44,2234,4
2022-01-04,Monterey,053,433212,55340,51176,4488,55664,643
2022-01-04,Napa,055,140530,17011,15370,328,15698,107
2022-01-04,Nevada,057,99092,11259,10608,431,11039,110
2022-01-04,Orange,059,3164182,399203,362051,26416,388467,5897
2022-01-04,Placer,061,380077,45067,42285,4750,47035,494
2022-01-04,Plumas,063,18699,2119,2014,60,2074,12
2022-01-04,Riverside,065,2383286,442339,413366,19970,433336,5504
2022-01-04,Sacramento,067,1510023,194315,181271,8076,189347,2453
2022-01-04,San Benito,069,59416,9188,8763,230,8993,79
2022-01-04,San Bernardino,071,2135413,436031,404409,15151,419560,6060
2022-01-04,San Diego,073,3302833,510283,458499,30984,489483,4487
2022-01-04,San Francisco,075,870044,80357,70666,3951,74617,688
2022-01-04,San Joaquin,077,732212,116781,110374,6499,116873,1911
2022-01-04,San Luis Obispo,079,281455,35984,33788,1787,35575,371
2022-01-04,San Mateo,081,765935,77090,65157,2286,67443,582
2022-01-04,Santa Barbara,083,443738,56634,52449,2032,54481,574
2022-01-04,Santa Clara,085,1922200,195793,176854,3934,180788,1964
2022-01-04,Santa Cruz,087,273765,26532,23904,1344,25248,228
2022-01-04,Shasta,089,179085,24069,23366,3926,27292,442
2022-01-04,Sierra,091,2930,225,214,22,236,0
2022-01-04,Siskiyou,093,43540,3637,3509,1489,4998,61
2022-01-04,Solano,095,438530,54928,51300,2139,53439,383
2022-01-04,Sonoma,097,501317,52825,48653,957,49610,410
2022-01-04,Stanislaus,099,539301,88578,86107,10329,96436,1361
2022-01-04,Sutter,101,95872,15464,15032,484,15516,193
2022-01-04,Tehama,103,63373,9327,9020,1673,10693,140
2022-01-04,Trinity,105,12862,935,833,224,1057,18
2022-01-04,Tulare,107,460477,75838,72893,17922,90815,1172
2022-01-04,Tuolumne,109,53932,8645,8235,138,8373,91
2022-01-04,Ventura,111,848112,125726,114079,6500,120579,1213
2022-01-04,Yolo,113,214977,25110,22938,1708,24646,270
2022-01-04,Yuba,115,75493,11516,11104,471,11575,101
2022-01-03,Alameda,001,1643700,153068,142090,4916,147006,1529
2022-01-03,Alpine,003,1148,113,113,0,113,0
2022-01-03,Amador,005,37829,6182,6004,97,6101,71
2022-01-03,Butte,007,227075,24070,22924,4468,27392,345
2022-01-03,Calaveras,009,45235,4940,4742,80,4822,93
2022-01-03,Colusa,011,21464,2735,2683,753,3436,21
2022-01-03,Contra Costa,013,1133247,124162,114966,3887,118853,1073
2022-01-03,Del Norte,015,27424,3938,3873,65,3938,43
2022-01-03,El Dorado,017,186661,19194,18183,2045,20228,172
2022-01-03,Fresno,019,978130,157748,152674,14285,166959,2379
2022-01-03,Glenn,021,27897,3769,3703,1102,4805,39
2022-01-03,Humboldt,023,135768,11481,10784,991,11775,119
2022-01-03,Imperial,025,180216,39838,38411,4940,43351,800
2022-01-03,Inyo,027,18085,3027,2845,62,2907,49
2022-01-03,Kern,029,883053,143248,137773,27765,165538,1916
2022-01-03,Kings,031,150075,35831,34817,2206,37023,387
2022-01-03,Lake,033,64148,7343,7134,227,7361,117
2022-01-03,Lassen,035,31185,7184,7103,438,7541,55
2022-01-03,Los Angeles,037,10098052,1826002,1686203,78295,1764498,27394
2022-01-03,Madera,039,155013,26035,25323,2574,27897,320
2022-01-03,Marin,041,260295,23198,21532,1086,22618,251
2022-01-03,Mariposa,043,17540,1639,1559,67,1626,6
2022-01-03,Mendocino,045,87422,8991,8573,763,9336,101
2022-01-03,Merced,047,269075,46412,45459,2432,47891,696
2022-01-03,Modoc,049,8938,619,602,214,816,6
2022-01-03,Mono,051,14174,2304,2172,39,2211,4
2022-01-03,Monterey,053,433212,54512,51047,4282,55329,644
2022-01-03,Napa,055,140530,16502,15260,296,15556,107
2022-01-03,Nevada,057,99092,11095,10572,422,10994,110
2022-01-03,Orange,059,3164182,388028,358052,25190,383242,5894
2022-01-03,Placer,061,380077,44244,42054,4689,46743,489
2022-01-03,Plumas,063,18699,2099,2005,60,2065,12
2022-01-03,Riverside,065,2383286,433870,410155,19475,429630,5504
2022-01-03,Sacramento,067,1510023,189154,179992,7523,187515,2452
2022-01-03,San Benito,069,59416,9026,8688,223,8911,79
2022-01-03,San Bernardino,071,2135413,427098,401938,14683,416621,6056
2022-01-03,San Diego,073,3302833,494192,451154,30023,481177,4476
2022-01-03,San Francisco,075,870044,77544,69315,3699,73014,686
2022-01-03,San Joaquin,077,732212,114464,109757,6373,116130,1903
2022-01-03,San Luis Obispo,079,281455,35174,33667,1694,35361,367
2022-01-03,San Mateo,081,765935,74374,64470,2129,66599,582
2022-01-03,Santa Barbara,083,443738,55173,51912,1939,53851,571
2022-01-03,Santa Clara,085,1922200,189856,174215,3461,177676,1963
2022-01-03,Santa Cruz,087,273765,25724,23765,1313,25078,228
2022-01-03,Shasta,089,179085,23891,23301,3899,27200,440
2022-01-03,Sierra,091,2930,218,213,21,234,0
2022-01-03,Siskiyou,093,43540,3610,3500,1467,4967,61
2022-01-03,Solano,095,438530,53628,51030,1953,52983,380
2022-01-03,Sonoma,097,501317,51127,48391,861,49252,410
2022-01-03,Stanislaus,099,539301,87586,85793,10139,95932,1332
2022-01-03,Sutter,101,95872,15306,14973,464,15437,193
2022-01-03,Tehama,103,63373,9252,9005,1647,10652,140
2022-01-03,Trinity,105,12862,930,833,223,1056,18
2022-01-03,Tulare,107,460477,75142,72664,17719,90383,1167
2022-01-03,Tuolumne,109,53932,8509,8179,134,8313,91
2022-01-03,Ventura,111,848112,122557,112762,6261,119023,1211
2022-01-03,Yolo,113,214977,24428,22563,1644,24207,270
2022-01-03,Yuba,115,75493,11383,11037,452,11489,99
2022-01-02,Alameda,001,1643700,148498,133486,4420,137906,1528
2022-01-02,Alpine,003,1148,111,113,0,113,0
2022-01-02,Amador,005,37829,6114,5913,92,6005,70
2022-01-02,Butte,007,227075,23728,22469,4406,26875,341
2022-01-02,Calaveras,009,45235,4869,4668,72,4740,93
2022-01-02,Colusa,011,21464,2728,2659,742,3401,21
2022-01-02,Contra Costa,013,1133247,120589,109593,3451,113044,1073
2022-01-02,Del Norte,015,27424,3906,3841,63,3904,43
2022-01-02,El Dorado,017,186661,18859,17621,1994,19615,172
2022-01-02,Fresno,019,978130,156016,149927,14056,163983,2379
2022-01-02,Glenn,021,27897,3750,3663,1093,4756,39
2022-01-02,Humboldt,023,135768,11239,10381,915,11296,119
2022-01-02,Imperial,025,180216,39183,37672,4731,42403,800
2022-01-02,Inyo,027,18085,2957,2726,51,2777,49
2022-01-02,Kern,029,883053,141330,136123,27173,163296,1917
2022-01-02,Kings,031,150075,35508,34318,2171,36489,386
2022-01-02,Lake,033,64148,7272,7060,213,7273,117
2022-01-02,Lassen,035,31185,7168,7089,436,7525,55
2022-01-02,Los Angeles,037,10098052,1774802,1596123,75387,1671510,27371
2022-01-02,Madera,039,155013,25784,25002,2521,27523,320
2022-01-02,Marin,041,260295,22633,20475,1015,21490,249
2022-01-02,Mariposa,043,17540,1608,1509,65,1574,6
2022-01-02,Mendocino,045,87422,8867,8422,745,9167,101
2022-01-02,Merced,047,269075,45871,44769,2332,47101,694
2022-01-02,Modoc,049,8938,617,601,213,814,6
2022-01-02,Mono,051,14174,2275,2101,34,2135,4
2022-01-02,Monterey,053,433212,53886,50251,4072,54323,643
2022-01-02,Napa,055,140530,15962,14439,285,14724,107
2022-01-02,Nevada,057,99092,10907,10299,407,10706,110
2022-01-02,Orange,059,3164182,377007,339526,24037,363563,5890
2022-01-02,Placer,061,380077,43518,40857,4602,45459,489
2022-01-02,Plumas,063,18699,2083,1994,56,2050,12
2022-01-02,Riverside,065,2383286,425532,397124,18959,416083,5501
2022-01-02,Sacramento,067,1510023,185063,173562,6691,180253,2448
2022-01-02,San Benito,069,59416,8846,8320,208,8528,79
2022-01-02,San Bernardino,071,2135413,418956,386278,14126,400404,6051
2022-01-02,San Diego,073,3302833,479170,427087,28845,455932,4469
2022-01-02,San Francisco,075,870044,74602,64498,3459,67957,682
2022-01-02,San Joaquin,077,732212,112582,106640,6230,112870,1902
2022-01-02,San Luis Obispo,079,281455,34439,32342,1611,33953,365
2022-01-02,San Mateo,081,765935,71806,60504,1889,62393,581
2022-01-02,Santa Barbara,083,443738,53739,49555,1878,51433,568
2022-01-02,Santa Clara,085,1922200,183706,164547,3062,167609,1969
2022-01-02,Santa Cruz,087,273765,25057,22980,1280,24260,228
2022-01-02,Shasta,089,179085,23699,23161,3850,27011,435
2022-01-02,Sierra,091,2930,217,206,21,227,0
2022-01-02,Siskiyou,093,43540,3585,3474,1444,4918,61
2022-01-02,Solano,095,438530,52684,48957,1789,50746,379
2022-01-02,Sonoma,097,501317,49808,46040,824,46864,410
2022-01-02,Stanislaus,099,539301,86730,84367,10002,94369,1332
2022-01-02,Sutter,101,95872,15133,14741,445,15186,193
2022-01-02,Tehama,103,63373,9189,8944,1624,10568,139
2022-01-02,Trinity,105,12862,928,832,222,1054,17
2022-01-02,Tulare,107,460477,74480,71941,17525,89466,1160
2022-01-02,Tuolumne,109,53932,8402,8044,129,8173,91
2022-01-02,Ventura,111,848112,119634,107992,6041,114033,1211
2022-01-02,Yolo,113,214977,23751,21747,1578,23325,270
2022-01-02,Yuba,115,75493,11259,10844,436,11280,99
2022-01-01,Alameda,001,1643700,146630,133486,4161,137647,1528
2022-01-01,Alpine,003,1148,111,113,0,113,0
2022-01-01,Amador,005,37829,6078,5913,87,6000,70
2022-01-01,Butte,007,227075,23532,22469,4368,26837,341
2022-01-01,Calaveras,009,45235,4830,4668,70,4738,93
2022-01-01,Colusa,011,21464,2724,2659,732,3391,21
2022-01-01,Contra Costa,013,1133247,119223,109593,3326,112919,1073
2022-01-01,Del Norte,015,27424,3901,3841,63,3904,43
2022-01-01,El Dorado,017,186661,18708,17621,1979,19600,172
2022-01-01,Fresno,019,978130,155343,149927,13974,163901,2379
2022-01-01,Glenn,021,27897,3743,3663,1093,4756,39
2022-01-01,Humboldt,023,135768,11100,10381,894,11275,119
2022-01-01,Imperial,025,180216,39035,37672,4682,42354,800
2022-01-01,Inyo,027,18085,2928,2726,49,2775,49
2022-01-01,Kern,029,883053,140630,136123,26868,162991,1917
2022-01-01,Kings,031,150075,35366,34318,2144,36462,386
2022-01-01,Lake,033,64148,7234,7060,208,7268,117
2022-01-01,Lassen,035,31185,7162,7089,431,7520,55
2022-01-01,Los Angeles,037,10098052,1754666,1596123,73425,1669548,27371
2022-01-01,Madera,039,155013,25700,25002,2507,27509,320
2022-01-01,Marin,041,260295,22320,20475,974,21449,249
2022-01-01,Mariposa,043,17540,1597,1509,65,1574,6
2022-01-01,Mendocino,045,87422,8775,8422,739,9161,101
2022-01-01,Merced,047,269075,45738,44769,2318,47087,694
2022-01-01,Modoc,049,8938,614,601,213,814,6
2022-01-01,Mono,051,14174,2251,2101,29,2130,4
2022-01-01,Monterey,053,433212,53577,50251,3985,54236,643
2022-01-01,Napa,055,140530,15812,14439,270,14709,107
2022-01-01,Nevada,057,99092,10831,10299,400,10699,110
2022-01-01,Orange,059,3164182,372787,339526,23328,362854,5890
2022-01-01,Placer,061,380077,43215,40857,4536,45393,489
2022-01-01,Plumas,063,18699,2071,1994,56,2050,12
2022-01-01,Riverside,065,2383286,422038,397124,18757,415881,5501
2022-01-01,Sacramento,067,1510023,183791,173562,6436,179998,2448
2022-01-01,San Benito,069,59416,8756,8320,208,8528,79
2022-01-01,San Bernardino,071,2135413,415692,386278,13846,400124,6051
2022-01-01,San Diego,073,3302833,473219,427087,28326,455413,4469
2022-01-01,San Francisco,075,870044,73203,64498,3248,67746,682
2022-01-01,San Joaquin,077,732212,111876,106640,6157,112797,1902
2022-01-01,San Luis Obispo,079,281455,34236,32342,1602,33944,365
2022-01-01,San Mateo,081,765935,70337,60504,1740,62244,581
2022-01-01,Santa Barbara,083,443738,52999,49555,1843,51398,568
2022-01-01,Santa Clara,085,1922200,180668,164547,2866,167413,1969
2022-01-01,Santa Cruz,087,273765,24736,22980,1262,24242,228
2022-01-01,Shasta,089,179085,23614,23161,3832,26993,435
2022-01-01,Sierra,091,2930,216,206,21,227,0
2022-01-01,Siskiyou,093,43540,3582,3474,1434,4908,61
2022-01-01,Solano,095,438530,52416,48957,1730,50687,379
2022-01-01,Sonoma,097,501317,49414,46040,794,46834,410
2022-01-01,Stanislaus,099,539301,86323,84367,9915,94282,1332
2022-01-01,Sutter,101,95872,15056,14741,443,15184,193
2022-01-01,Tehama,103,63373,9157,8944,1612,10556,139
2022-01-01,Trinity,105,12862,925,832,222,1054,17
2022-01-01,Tulare,107,460477,74235,71941,17426,89367,1160
2022-01-01,Tuolumne,109,53932,8342,8044,126,8170,91
2022-01-01,Ventura,111,848112,118249,107992,5912,113904,1211
2022-01-01,Yolo,113,214977,23331,21747,1538,23285,270
2022-01-01,Yuba,115,75493,11193,10844,430,11274,99
2021-12-31,Alameda,001,1643700,145820,133486,4060,137546,1528
2021-12-31,Alpine,003,1148,111,113,0,113,0
2021-12-31,Amador,005,37829,6054,5913,86,5999,70
2021-12-31,Butte,007,227075,23425,22469,4333,26802,341
2021-12-31,Calaveras,009,45235,4797,4668,70,4738,93
2021-12-31,Colusa,011,21464,2715,2659,726,3385,21
2021-12-31,Contra Costa,013,1133247,118332,109593,3247,112840,1073
2021-12-31,Del Norte,015,27424,3892,3841,61,3902,43
2021-12-31,El Dorado,017,186661,18623,17621,1961,19582,172
2021-12-31,Fresno,019,978130,155035,149927,13951,163878,2379
2021-12-31,Glenn,021,27897,3742,3663,1091,4754,39
2021-12-31,Humboldt,023,135768,11013,10381,875,11256,119
2021-12-31,Imperial,025,180216,38903,37672,4666,42338,800
2021-12-31,Inyo,027,18085,2901,2726,48,2774,49
2021-12-31,Kern,029,883053,140122,136123,26731,162854,1917
2021-12-31,Kings,031,150075,35256,34318,2134,36452,386
2021-12-31,Lake,033,64148,7211,7060,203,7263,117
2021-12-31,Lassen,035,31185,7148,7089,431,7520,55
2021-12-31,Los Angeles,037,10098052,1743882,1596123,72672,1668795,27371
2021-12-31,Madera,039,155013,25631,25002,2490,27492,320
2021-12-31,Marin,041,260295,22164,20475,943,21418,249
2021-12-31,Mariposa,043,17540,1590,1509,64,1573,6
2021-12-31,Mendocino,045,87422,8742,8422,736,9158,101
2021-12-31,Merced,047,269075,45654,44769,2300,47069,694
2021-12-31,Modoc,049,8938,610,601,211,812,6
2021-12-31,Mono,051,14174,2239,2101,28,2129,4
2021-12-31,Monterey,053,433212,53450,50251,3919,54170,643
2021-12-31,Napa,055,140530,15701,14439,260,14699,107
2021-12-31,Nevada,057,99092,10764,10299,394,10693,110
2021-12-31,Orange,059,3164182,370273,339526,22904,362430,5890
2021-12-31,Placer,061,380077,42982,40857,4470,45327,489
2021-12-31,Plumas,063,18699,2066,1994,56,2050,12
2021-12-31,Riverside,065,2383286,420351,397124,18602,415726,5501
2021-12-31,Sacramento,067,1510023,182922,173562,6330,179892,2448
2021-12-31,San Benito,069,59416,8742,8320,207,8527,79
2021-12-31,San Bernardino,071,2135413,413380,386278,13655,399933,6051
2021-12-31,San Diego,073,3302833,470001,427087,28008,455095,4469
2021-12-31,San Francisco,075,870044,72277,64498,3190,67688,682
2021-12-31,San Joaquin,077,732212,111249,106640,6091,112731,1902
2021-12-31,San Luis Obispo,079,281455,34128,32342,1590,33932,365
2021-12-31,San Mateo,081,765935,69456,60504,1688,62192,581
2021-12-31,Santa Barbara,083,443738,52600,49555,1831,51386,568
2021-12-31,Santa Clara,085,1922200,178713,164547,2727,167274,1969
2021-12-31,Santa Cruz,087,273765,24499,22980,1241,24221,228
2021-12-31,Shasta,089,179085,23551,23161,3811,26972,435
2021-12-31,Sierra,091,2930,216,206,21,227,0
2021-12-31,Siskiyou,093,43540,3575,3474,1423,4897,61
2021-12-31,Solano,095,438530,52260,48957,1704,50661,379
2021-12-31,Sonoma,097,501317,49161,46040,781,46821,410
2021-12-31,Stanislaus,099,539301,85995,84367,9854,94221,1332
2021-12-31,Sutter,101,95872,14995,14741,437,15178,193
2021-12-31,Tehama,103,63373,9125,8944,1603,10547,139
2021-12-31,Trinity,105,12862,924,832,222,1054,17
2021-12-31,Tulare,107,460477,74032,71941,17342,89283,1160
2021-12-31,Tuolumne,109,53932,8297,8044,125,8169,91
2021-12-31,Ventura,111,848112,117275,107992,5830,113822,1211
2021-12-31,Yolo,113,214977,23110,21747,1516,23263,270
2021-12-31,Yuba,115,75493,11136,10844,424,11268,99
2021-12-30,Alameda,001,1643700,144520,133486,3925,137411,1528
2021-12-30,Alpine,003,1148,110,113,0,113,0
2021-12-30,Amador,005,37829,6035,5913,85,5998,70
2021-12-30,Butte,007,227075,23292,22469,4308,26777,341
2021-12-30,Calaveras,009,45235,4778,4668,70,4738,93
2021-12-30,Colusa,011,21464,2714,2659,724,3383,21
2021-12-30,Contra Costa,013,1133247,117237,109593,3137,112730,1073
2021-12-30,Del Norte,015,27424,3881,3841,60,3901,43
2021-12-30,El Dorado,017,186661,18517,17621,1940,19561,172
2021-12-30,Fresno,019,978130,154503,149927,13880,163807,2379
2021-12-30,Glenn,021,27897,3736,3663,1088,4751,39
2021-12-30,Humboldt,023,135768,10946,10381,863,11244,119
2021-12-30,Imperial,025,180216,38735,37672,4556,42228,800
2021-12-30,Inyo,027,18085,2882,2726,46,2772,49
2021-12-30,Kern,029,883053,139588,136123,26431,162554,1917
2021-12-30,Kings,031,150075,35138,34318,2119,36437,386
2021-12-30,Lake,033,64148,7196,7060,198,7258,117
2021-12-30,Lassen,035,31185,7142,7089,431,7520,55
2021-12-30,Los Angeles,037,10098052,1720565,1596123,71400,1667523,27371
2021-12-30,Madera,039,155013,25555,25002,2470,27472,320
2021-12-30,Marin,041,260295,21986,20475,918,21393,249
2021-12-30,Mariposa,043,17540,1584,1509,64,1573,6
2021-12-30,Mendocino,045,87422,8725,8422,725,9147,101
2021-12-30,Merced,047,269075,45552,44769,2285,47054,694
2021-12-30,Modoc,049,8938,609,601,211,812,6
2021-12-30,Mono,051,14174,2234,2101,27,2128,4
2021-12-30,Monterey,053,433212,53138,50251,3858,54109,643
2021-12-30,Napa,055,140530,15557,14439,251,14690,107
2021-12-30,Nevada,057,99092,10700,10299,385,10684,110
2021-12-30,Orange,059,3164182,365227,339526,22351,361877,5890
2021-12-30,Placer,061,380077,42706,40857,4423,45280,489
2021-12-30,Plumas,063,18699,2062,1994,55,2049,12
2021-12-30,Riverside,065,2383286,417083,397124,18450,415574,5501
2021-12-30,Sacramento,067,1510023,181667,173562,6184,179746,2448
2021-12-30,San Benito,069,59416,8696,8320,205,8525,79
2021-12-30,San Bernardino,071,2135413,410760,386278,13507,399785,6051
2021-12-30,San Diego,073,3302833,464856,427087,27497,454584,4469
2021-12-30,San Francisco,075,870044,71187,64498,3118,67616,682
2021-12-30,San Joaquin,077,732212,110652,106640,6047,112687,1902
2021-12-30,San Luis Obispo,079,281455,34009,32342,1577,33919,365
2021-12-30,San Mateo,081,765935,68412,60504,1559,62063,581
2021-12-30,Santa Barbara,083,443738,52122,49555,1812,51367,568
2021-12-30,Santa Clara,085,1922200,176437,164547,2603,167150,1969
2021-12-30,Santa Cruz,087,273765,24260,22980,1207,24187,228
2021-12-30,Shasta,089,179085,23498,23161,3805,26966,435
2021-12-30,Sierra,091,2930,216,206,21,227,0
2021-12-30,Siskiyou,093,43540,3566,3474,1421,4895,61
2021-12-30,Solano,095,438530,51911,48957,1657,50614,379
2021-12-30,Sonoma,097,501317,48825,46040,772,46812,410
2021-12-30,Stanislaus,099,539301,85678,84367,9794,94161,1332
2021-12-30,Sutter,101,95872,14933,14741,436,15177,193
2021-12-30,Tehama,103,63373,9098,8944,1597,10541,139
2021-12-30,Trinity,105,12862,921,832,222,1054,17
2021-12-30,Tulare,107,460477,73846,71941,17265,89206,1160
2021-12-30,Tuolumne,109,53932,8258,8044,125,8169,91
2021-12-30,Ventura,111,848112,116018,107992,5727,113719,1211
2021-12-30,Yolo,113,214977,22972,21747,1490,23237,270
2021-12-30,Yuba,115,75493,11089,10844,422,11266,99
2021-12-29,Alameda,001,1643700,141285,131586,3774,135360,1529
2021-12-29,Alpine,003,1148,110,113,0,113,0
2021-12-29,Amador,005,37829,6012,5905,82,5987,70
2021-12-29,Butte,007,227075,23150,22353,4269,26622,338
2021-12-29,Calaveras,009,45235,4751,4646,68,4714,93
2021-12-29,Colusa,011,21464,2704,2657,719,3376,21
2021-12-29,Contra Costa,013,1133247,115147,108165,3014,111179,1072
2021-12-29,Del Norte,015,27424,3867,3826,58,3884,43
2021-12-29,El Dorado,017,186661,18294,17489,1922,19411,172
2021-12-29,Fresno,019,978130,153374,149318,13768,163086,2364
2021-12-29,Glenn,021,27897,3726,3653,1085,4738,39
2021-12-29,Humboldt,023,135768,10836,10249,840,11089,119
2021-12-29,Imperial,025,180216,38499,37460,4488,41948,800
2021-12-29,Inyo,027,18085,2849,2703,46,2749,49
2021-12-29,Kern,029,883053,138785,135648,26045,161693,1913
2021-12-29,Kings,031,150075,35023,34216,2113,36329,386
2021-12-29,Lake,033,64148,7165,7048,196,7244,117
2021-12-29,Lassen,035,31185,7138,7085,430,7515,55
2021-12-29,Los Angeles,037,10098052,1690542,1576414,69673,1646087,27349
2021-12-29,Madera,039,155013,25451,24923,2459,27382,320
2021-12-29,Marin,041,260295,21630,20025,897,20922,249
2021-12-29,Mariposa,043,17540,1562,1507,64,1571,6
2021-12-29,Mendocino,045,87422,8666,8386,721,9107,99
2021-12-29,Merced,047,269075,45336,44548,2270,46818,693
2021-12-29,Modoc,049,8938,606,600,211,811,6
2021-12-29,Mono,051,14174,2210,2056,26,2082,4
2021-12-29,Monterey,053,433212,52729,50097,3752,53849,641
2021-12-29,Napa,055,140530,15234,14247,233,14480,107
2021-12-29,Nevada,057,99092,10609,10274,384,10658,110
2021-12-29,Orange,059,3164182,357734,334557,21672,356229,5887
2021-12-29,Placer,061,380077,42218,40545,4348,44893,489
2021-12-29,Plumas,063,18699,2050,1990,55,2045,12
2021-12-29,Riverside,065,2383286,411664,392989,18243,411232,5486
2021-12-29,Sacramento,067,1510023,179337,172145,6026,178171,2437
2021-12-29,San Benito,069,59416,8553,8239,204,8443,79
2021-12-29,San Bernardino,071,2135413,405174,382872,13291,396163,6049
2021-12-29,San Diego,073,3302833,454023,421045,26779,447824,4461
2021-12-29,San Francisco,075,870044,69490,63117,3048,66165,684
2021-12-29,San Joaquin,077,732212,109469,106063,5976,112039,1891
2021-12-29,San Luis Obispo,079,281455,33614,31936,1528,33464,365
2021-12-29,San Mateo,081,765935,66783,59478,1451,60929,581
2021-12-29,Santa Barbara,083,443738,51282,49003,1787,50790,568
2021-12-29,Santa Clara,085,1922200,173287,162008,2472,164480,1962
2021-12-29,Santa Cruz,087,273765,23981,22669,1175,23844,228
2021-12-29,Shasta,089,179085,23424,23083,3793,26876,435
2021-12-29,Sierra,091,2930,215,206,21,227,0
2021-12-29,Siskiyou,093,43540,3554,3472,1410,4882,61
2021-12-29,Solano,095,438530,51206,48562,1604,50166,379
2021-12-29,Sonoma,097,501317,48023,45479,750,46229,410
2021-12-29,Stanislaus,099,539301,85190,84083,9734,93817,1332
2021-12-29,Sutter,101,95872,14864,14688,434,15122,193
2021-12-29,Tehama,103,63373,9073,8914,1584,10498,138
2021-12-29,Trinity,105,12862,919,832,222,1054,17
2021-12-29,Tulare,107,460477,73558,71752,17148,88900,1160
2021-12-29,Tuolumne,109,53932,8205,8012,124,8136,91
2021-12-29,Ventura,111,848112,114081,106974,5549,112523,1207
2021-12-29,Yolo,113,214977,22734,21564,1459,23023,270
2021-12-29,Yuba,115,75493,11028,10808,418,11226,99
2021-12-28,Alameda,001,1643700,138120,130427,3620,134047,1522
2021-12-28,Alpine,003,1148,110,113,0,113,0
2021-12-28,Amador,005,37829,5992,5900,81,5981,70
2021-12-28,Butte,007,227075,23006,22285,4252,26537,338
2021-12-28,Calaveras,009,45235,4733,4641,67,4708,91
2021-12-28,Colusa,011,21464,2698,2653,717,3370,21
2021-12-28,Contra Costa,013,1133247,112845,107160,2900,110060,1072
2021-12-28,Del Norte,015,27424,3861,3815,58,3873,43
2021-12-28,El Dorado,017,186661,18069,17419,1912,19331,172
2021-12-28,Fresno,019,978130,152292,148987,13686,162673,2365
2021-12-28,Glenn,021,27897,3701,3639,1081,4720,39
2021-12-28,Humboldt,023,135768,10715,10198,816,11014,119
2021-12-28,Imperial,025,180216,38203,37223,4388,41611,800
2021-12-28,Inyo,027,18085,2791,2676,45,2721,48
2021-12-28,Kern,029,883053,138064,135346,25696,161042,1909
2021-12-28,Kings,031,150075,34887,34165,2098,36263,386
2021-12-28,Lake,033,64148,7146,7044,191,7235,116
2021-12-28,Lassen,035,31185,7129,7083,430,7513,55
2021-12-28,Los Angeles,037,10098052,1658265,1561791,68019,1629810,27323
2021-12-28,Madera,039,155013,25325,24865,2439,27304,320
2021-12-28,Marin,041,260295,21218,19739,867,20606,249
2021-12-28,Mariposa,043,17540,1551,1499,63,1562,6
2021-12-28,Mendocino,045,87422,8606,8366,713,9079,98
2021-12-28,Merced,047,269075,45096,44434,2258,46692,691
2021-12-28,Modoc,049,8938,606,599,210,809,6
2021-12-28,Mono,051,14174,2187,2045,24,2069,4
2021-12-28,Monterey,053,433212,52353,49973,3679,53652,639
2021-12-28,Napa,055,140530,14916,14131,206,14337,107
2021-12-28,Nevada,057,99092,10518,10250,381,10631,110
2021-12-28,Orange,059,3164182,350084,331279,20936,352215,5882
2021-12-28,Placer,061,380077,41751,40410,4278,44688,489
2021-12-28,Plumas,063,18699,2047,1989,55,2044,12
2021-12-28,Riverside,065,2383286,406424,390343,18000,408343,5470
2021-12-28,Sacramento,067,1510023,177054,171290,5897,177187,2426
2021-12-28,San Benito,069,59416,8409,8170,202,8372,79
2021-12-28,San Bernardino,071,2135413,399279,381316,13070,394386,6047
2021-12-28,San Diego,073,3302833,443331,417383,26223,443606,4450
2021-12-28,San Francisco,075,870044,67867,61745,2990,64735,682
2021-12-28,San Joaquin,077,732212,108415,105572,5932,111504,1884
2021-12-28,San Luis Obispo,079,281455,33148,31759,1512,33271,365
2021-12-28,San Mateo,081,765935,65268,58712,1363,60075,582
2021-12-28,Santa Barbara,083,443738,50637,48493,1767,50260,568
2021-12-28,Santa Clara,085,1922200,170154,160811,2377,163188,1962
2021-12-28,Santa Cruz,087,273765,23607,22513,1137,23650,228
2021-12-28,Shasta,089,179085,23354,23035,3788,26823,434
2021-12-28,Sierra,091,2930,212,206,21,227,0
2021-12-28,Siskiyou,093,43540,3545,3468,1405,4873,60
2021-12-28,Solano,095,438530,50293,48318,1550,49868,378
2021-12-28,Sonoma,097,501317,47163,45086,725,45811,410
2021-12-28,Stanislaus,099,539301,84706,83946,9673,93619,1331
2021-12-28,Sutter,101,95872,14815,14662,431,15093,193
2021-12-28,Tehama,103,63373,9056,8893,1582,10475,138
2021-12-28,Trinity,105,12862,917,831,221,1052,17
2021-12-28,Tulare,107,460477,73280,71630,17033,88663,1156
2021-12-28,Tuolumne,109,53932,8163,8006,124,8130,91
2021-12-28,Ventura,111,848112,111975,105883,5419,111302,1207
2021-12-28,Yolo,113,214977,22400,21320,1410,22730,270
2021-12-28,Yuba,115,75493,10972,10778,415,11193,99
2021-12-27,Alameda,001,1643700,135458,129910,3488,133398,1530
2021-12-27,Alpine,003,1148,110,113,0,113,0
2021-12-27,Amador,005,37829,5964,5891,81,5972,70
2021-12-27,Butte,007,227075,22867,22234,4225,26459,335
2021-12-27,Calaveras,009,45235,4707,4630,66,4696,91
2021-12-27,Colusa,011,21464,2687,2652,711,3363,21
2021-12-27,Contra Costa,013,1133247,110680,106692,2819,109511,1071
2021-12-27,Del Norte,015,27424,3852,3802,57,3859,43
2021-12-27,El Dorado,017,186661,17910,17361,1900,19261,172
2021-12-27,Fresno,019,978130,151332,148826,13605,162431,2364
2021-12-27,Glenn,021,27897,3693,3634,1075,4709,39
2021-12-27,Humboldt,023,135768,10601,10164,794,10958,119
2021-12-27,Imperial,025,180216,37962,37180,4294,41474,800
2021-12-27,Inyo,027,18085,2762,2662,43,2705,48
2021-12-27,Kern,029,883053,137412,135119,25393,160512,1907
2021-12-27,Kings,031,150075,34738,34126,2085,36211,382
2021-12-27,Lake,033,64148,7123,7037,181,7218,116
2021-12-27,Lassen,035,31185,7123,7080,430,7510,55
2021-12-27,Los Angeles,037,10098052,1621914,1554074,66250,1620324,27300
2021-12-27,Madera,039,155013,25206,24840,2420,27260,320
2021-12-27,Marin,041,260295,20830,19601,840,20441,249
2021-12-27,Mariposa,043,17540,1536,1495,63,1558,6
2021-12-27,Mendocino,045,87422,8539,8351,708,9059,98
2021-12-27,Merced,047,269075,44865,44383,2240,46623,690
2021-12-27,Modoc,049,8938,604,599,210,809,6
2021-12-27,Mono,051,14174,2124,2026,24,2050,4
2021-12-27,Monterey,053,433212,52053,49918,3628,53546,639
2021-12-27,Napa,055,140530,14647,14083,197,14280,107
2021-12-27,Nevada,057,99092,10449,10239,373,10612,110
2021-12-27,Orange,059,3164182,342593,329222,20134,349356,5875
2021-12-27,Placer,061,380077,41375,40263,4230,44493,489
2021-12-27,Plumas,063,18699,2045,1988,53,2041,12
2021-12-27,Riverside,065,2383286,401841,389096,17744,406840,5470
2021-12-27,Sacramento,067,1510023,175027,170858,5728,176586,2422
2021-12-27,San Benito,069,59416,8290,8133,198,8331,79
2021-12-27,San Bernardino,071,2135413,393292,380526,12870,393396,6047
2021-12-27,San Diego,073,3302833,433122,414968,25730,440698,4445
2021-12-27,San Francisco,075,870044,66119,60920,2925,63845,682
2021-12-27,San Joaquin,077,732212,107496,105413,5868,111281,1876
2021-12-27,San Luis Obispo,079,281455,32703,31671,1491,33162,365
2021-12-27,San Mateo,081,765935,63743,58397,1264,59661,581
2021-12-27,Santa Barbara,083,443738,49851,48209,1747,49956,568
2021-12-27,Santa Clara,085,1922200,167183,159904,2252,162156,1961
2021-12-27,Santa Cruz,087,273765,23320,22456,1119,23575,228
2021-12-27,Shasta,089,179085,23293,23015,3777,26792,432
2021-12-27,Sierra,091,2930,212,206,21,227,0
2021-12-27,Siskiyou,093,43540,3536,3466,1400,4866,60
2021-12-27,Solano,095,438530,49560,48172,1502,49674,378
2021-12-27,Sonoma,097,501317,46587,44990,707,45697,410
2021-12-27,Stanislaus,099,539301,84253,83833,9632,93465,1331
2021-12-27,Sutter,101,95872,14759,14642,426,15068,191
2021-12-27,Tehama,103,63373,9041,8887,1575,10462,136
2021-12-27,Trinity,105,12862,917,827,221,1048,17
2021-12-27,Tulare,107,460477,73016,71562,16938,88500,1146
2021-12-27,Tuolumne,109,53932,8125,7978,123,8101,91
2021-12-27,Ventura,111,848112,109890,105212,5284,110496,1206
2021-12-27,Yolo,113,214977,22108,21300,1376,22676,270
2021-12-27,Yuba,115,75493,10911,10759,414,11173,98
2021-12-26,Alameda,001,1643700,133346,127221,3416,130637,1525
2021-12-26,Alpine,003,1148,110,113,0,113,0
2021-12-26,Amador,005,37829,5948,5861,79,5940,70
2021-12-26,Butte,007,227075,22713,22087,4195,26282,330
2021-12-26,Calaveras,009,45235,4685,4591,66,4657,91
2021-12-26,Colusa,011,21464,2676,2647,705,3352,21
2021-12-26,Contra Costa,013,1133247,108919,105022,2720,107742,1071
2021-12-26,Del Norte,015,27424,3847,3795,57,3852,43
2021-12-26,El Dorado,017,186661,17755,17188,1892,19080,172
2021-12-26,Fresno,019,978130,150627,148027,13525,161552,2358
2021-12-26,Glenn,021,27897,3681,3611,1061,4672,39
2021-12-26,Humboldt,023,135768,10458,10052,771,10823,119
2021-12-26,Imperial,025,180216,37660,36878,4204,41082,800
2021-12-26,Inyo,027,18085,2738,2636,40,2676,47
2021-12-26,Kern,029,883053,136687,134591,25138,159729,1908
2021-12-26,Kings,031,150075,34585,34009,2079,36088,379
2021-12-26,Lake,033,64148,7101,7019,178,7197,116
2021-12-26,Lassen,035,31185,7117,7072,429,7501,55
2021-12-26,Los Angeles,037,10098052,1592039,1515469,64436,1579905,27257
2021-12-26,Madera,039,155013,25087,24741,2404,27145,320
2021-12-26,Marin,041,260295,20451,19085,781,19866,249
2021-12-26,Mariposa,043,17540,1530,1480,63,1543,6
2021-12-26,Mendocino,045,87422,8488,8314,706,9020,98
2021-12-26,Merced,047,269075,44614,44208,2226,46434,690
2021-12-26,Modoc,049,8938,603,597,208,805,6
2021-12-26,Mono,051,14174,2098,2000,24,2024,4
2021-12-26,Monterey,053,433212,51772,49709,3579,53288,638
2021-12-26,Napa,055,140530,14410,13809,192,14001,107
2021-12-26,Nevada,057,99092,10389,10153,366,10519,110
2021-12-26,Orange,059,3164182,336240,322991,19338,342329,5863
2021-12-26,Placer,061,380077,41024,39852,4160,44012,489
2021-12-26,Plumas,063,18699,2037,1987,52,2039,12
2021-12-26,Riverside,065,2383286,397656,384567,17575,402142,5470
2021-12-26,Sacramento,067,1510023,173303,169144,5582,174726,2418
2021-12-26,San Benito,069,59416,8201,7991,194,8185,79
2021-12-26,San Bernardino,071,2135413,388439,376052,12693,388745,6043
2021-12-26,San Diego,073,3302833,424126,406616,25236,431852,4442
2021-12-26,San Francisco,075,870044,64537,58229,2863,61092,682
2021-12-26,San Joaquin,077,732212,106682,104590,5815,110405,1872
2021-12-26,San Luis Obispo,079,281455,32257,31290,1473,32763,365
2021-12-26,San Mateo,081,765935,62340,56973,1217,58190,581
2021-12-26,Santa Barbara,083,443738,49175,47553,1717,49270,567
2021-12-26,Santa Clara,085,1922200,164483,156872,2120,158992,1967
2021-12-26,Santa Cruz,087,273765,23036,22176,1105,23281,228
2021-12-26,Shasta,089,179085,23211,22959,3765,26724,432
2021-12-26,Sierra,091,2930,212,202,21,223,0
2021-12-26,Siskiyou,093,43540,3528,3460,1391,4851,60
2021-12-26,Solano,095,438530,49058,47646,1464,49110,377
2021-12-26,Sonoma,097,501317,46091,44358,675,45033,408
2021-12-26,Stanislaus,099,539301,83879,83368,9590,92958,1331
2021-12-26,Sutter,101,95872,14694,14533,423,14956,191
2021-12-26,Tehama,103,63373,9008,8861,1571,10432,136
2021-12-26,Trinity,105,12862,917,826,220,1046,17
2021-12-26,Tulare,107,460477,72766,71292,16832,88124,1137
2021-12-26,Tuolumne,109,53932,8088,7919,123,8042,91
2021-12-26,Ventura,111,848112,108056,103498,5137,108635,1206
2021-12-26,Yolo,113,214977,21821,21084,1337,22421,270
2021-12-26,Yuba,115,75493,10860,10694,412,11106,98
2021-12-25,Alameda,001,1643700,132259,127221,3352,130573,1525
2021-12-25,Alpine,003,1148,110,113,0,113,0
2021-12-25,Amador,005,37829,5929,5861,79,5940,70
2021-12-25,Butte,007,227075,22615,22087,4178,26265,330
2021-12-25,Calaveras,009,45235,4656,4591,65,4656,91
2021-12-25,Colusa,011,21464,2671,2647,699,3346,21
2021-12-25,Contra Costa,013,1133247,108097,105022,2667,107689,1071
2021-12-25,Del Norte,015,27424,3840,3795,56,3851,43
2021-12-25,El Dorado,017,186661,17702,17188,1881,19069,172
2021-12-25,Fresno,019,978130,150312,148027,13477,161504,2358
2021-12-25,Glenn,021,27897,3670,3611,1057,4668,39
2021-12-25,Humboldt,023,135768,10376,10052,764,10816,119
2021-12-25,Imperial,025,180216,37538,36878,4182,41060,800
2021-12-25,Inyo,027,18085,2718,2636,40,2676,47
2021-12-25,Kern,029,883053,136340,134591,25012,159603,1908
2021-12-25,Kings,031,150075,34495,34009,2072,36081,379
2021-12-25,Lake,033,64148,7089,7019,176,7195,116
2021-12-25,Lassen,035,31185,7115,7072,429,7501,55
2021-12-25,Los Angeles,037,10098052,1579214,1515469,63093,1578562,27257
2021-12-25,Madera,039,155013,25037,24741,2398,27139,320
2021-12-25,Marin,041,260295,20109,19085,732,19817,249
2021-12-25,Mariposa,043,17540,1524,1480,63,1543,6
2021-12-25,Mendocino,045,87422,8450,8314,706,9020,98
2021-12-25,Merced,047,269075,44512,44208,2224,46432,690
2021-12-25,Modoc,049,8938,603,597,208,805,6
2021-12-25,Mono,051,14174,2081,2000,24,2024,4
2021-12-25,Monterey,053,433212,51605,49709,3545,53254,638
2021-12-25,Napa,055,140530,14295,13809,184,13993,107
2021-12-25,Nevada,057,99092,10360,10153,366,10519,110
2021-12-25,Orange,059,3164182,333361,322991,18767,341758,5863
2021-12-25,Placer,061,380077,40840,39852,4126,43978,489
2021-12-25,Plumas,063,18699,2035,1987,52,2039,12
2021-12-25,Riverside,065,2383286,395375,384567,17456,402023,5470
2021-12-25,Sacramento,067,1510023,172487,169144,5477,174621,2418
2021-12-25,San Benito,069,59416,8136,7991,194,8185,79
2021-12-25,San Bernardino,071,2135413,386202,376052,12560,388612,6043
2021-12-25,San Diego,073,3302833,420060,406616,24966,431582,4442
2021-12-25,San Francisco,075,870044,63506,58229,2827,61056,682
2021-12-25,San Joaquin,077,732212,106345,104590,5783,110373,1872
2021-12-25,San Luis Obispo,079,281455,32104,31290,1464,32754,365
2021-12-25,San Mateo,081,765935,61307,56973,1174,58147,581
2021-12-25,Santa Barbara,083,443738,48811,47553,1705,49258,567
2021-12-25,Santa Clara,085,1922200,163006,156872,2053,158925,1967
2021-12-25,Santa Cruz,087,273765,22876,22176,1099,23275,228
2021-12-25,Shasta,089,179085,23178,22959,3759,26718,432
2021-12-25,Sierra,091,2930,212,202,21,223,0
2021-12-25,Siskiyou,093,43540,3525,3460,1385,4845,60
2021-12-25,Solano,095,438530,48933,47646,1446,49092,377
2021-12-25,Sonoma,097,501317,45705,44358,649,45007,408
2021-12-25,Stanislaus,099,539301,83665,83368,9564,92932,1331
2021-12-25,Sutter,101,95872,14653,14533,421,14954,191
2021-12-25,Tehama,103,63373,8988,8861,1567,10428,136
2021-12-25,Trinity,105,12862,916,826,220,1046,17
2021-12-25,Tulare,107,460477,72631,71292,16754,88046,1137
2021-12-25,Tuolumne,109,53932,8057,7919,123,8042,91
2021-12-25,Ventura,111,848112,106883,103498,5031,108529,1206
2021-12-25,Yolo,113,214977,21711,21084,1316,22400,270
2021-12-25,Yuba,115,75493,10833,10694,411,11105,98
2021-12-24,Alameda,001,1643700,131632,127221,3336,130557,1525
2021-12-24,Alpine,003,1148,110,113,0,113,0
2021-12-24,Amador,005,37829,5921,5861,78,5939,70
2021-12-24,Butte,007,227075,22558,22087,4161,26248,330
2021-12-24,Calaveras,009,45235,4650,4591,65,4656,91
2021-12-24,Colusa,011,21464,2669,2647,698,3345,21
2021-12-24,Contra Costa,013,1133247,107780,105022,2636,107658,1071
2021-12-24,Del Norte,015,27424,3833,3795,56,3851,43
2021-12-24,El Dorado,017,186661,17648,17188,1876,19064,172
2021-12-24,Fresno,019,978130,150146,148027,13464,161491,2358
2021-12-24,Glenn,021,27897,3669,3611,1057,4668,39
2021-12-24,Humboldt,023,135768,10321,10052,759,10811,119
2021-12-24,Imperial,025,180216,37455,36878,4178,41056,800
2021-12-24,Inyo,027,18085,2698,2636,40,2676,47
2021-12-24,Kern,029,883053,136217,134591,24970,159561,1908
2021-12-24,Kings,031,150075,34426,34009,2071,36080,379
2021-12-24,Lake,033,64148,7085,7019,176,7195,116
2021-12-24,Lassen,035,31185,7112,7072,429,7501,55
2021-12-24,Los Angeles,037,10098052,1574334,1515469,62561,1578030,27257
2021-12-24,Madera,039,155013,25002,24741,2393,27134,320
2021-12-24,Marin,041,260295,19963,19085,701,19786,249
2021-12-24,Mariposa,043,17540,1522,1480,63,1543,6
2021-12-24,Mendocino,045,87422,8433,8314,706,9020,98
2021-12-24,Merced,047,269075,44462,44208,2222,46430,690
2021-12-24,Modoc,049,8938,603,597,208,805,6
2021-12-24,Mono,051,14174,2068,2000,24,2024,4
2021-12-24,Monterey,053,433212,51508,49709,3519,53228,638
2021-12-24,Napa,055,140530,14230,13809,180,13989,107
2021-12-24,Nevada,057,99092,10334,10153,364,10517,110
2021-12-24,Orange,059,3164182,332299,322991,18608,341599,5863
2021-12-24,Placer,061,380077,40720,39852,4110,43962,489
2021-12-24,Plumas,063,18699,2034,1987,52,2039,12
2021-12-24,Riverside,065,2383286,394378,384567,17366,401933,5470
2021-12-24,Sacramento,067,1510023,172171,169144,5442,174586,2418
2021-12-24,San Benito,069,59416,8127,7991,193,8184,79
2021-12-24,San Bernardino,071,2135413,385058,376052,12487,388539,6043
2021-12-24,San Diego,073,3302833,418937,406616,24839,431455,4442
2021-12-24,San Francisco,075,870044,62997,58229,2810,61039,682
2021-12-24,San Joaquin,077,732212,106150,104590,5775,110365,1872
2021-12-24,San Luis Obispo,079,281455,32042,31290,1454,32744,365
2021-12-24,San Mateo,081,765935,60875,56973,1151,58124,581
2021-12-24,Santa Barbara,083,443738,48606,47553,1698,49251,567
2021-12-24,Santa Clara,085,1922200,162182,156872,2019,158891,1967
2021-12-24,Santa Cruz,087,273765,22793,22176,1096,23272,228
2021-12-24,Shasta,089,179085,23144,22959,3755,26714,432
2021-12-24,Sierra,091,2930,211,202,21,223,0
2021-12-24,Siskiyou,093,43540,3520,3460,1381,4841,60
2021-12-24,Solano,095,438530,48881,47646,1444,49090,377
2021-12-24,Sonoma,097,501317,45539,44358,641,44999,408
2021-12-24,Stanislaus,099,539301,83554,83368,9541,92909,1331
2021-12-24,Sutter,101,95872,14633,14533,418,14951,191
2021-12-24,Tehama,103,63373,8979,8861,1564,10425,136
2021-12-24,Trinity,105,12862,914,826,220,1046,17
2021-12-24,Tulare,107,460477,72563,71292,16712,88004,1137
2021-12-24,Tuolumne,109,53932,8032,7919,123,8042,91
2021-12-24,Ventura,111,848112,106436,103498,4975,108473,1206
2021-12-24,Yolo,113,214977,21637,21084,1298,22382,270
2021-12-24,Yuba,115,75493,10810,10694,410,11104,98
2021-12-23,Alameda,001,1643700,130901,127221,3301,130522,1525
2021-12-23,Alpine,003,1148,110,113,0,113,0
2021-12-23,Amador,005,37829,5909,5861,76,5937,70
2021-12-23,Butte,007,227075,22505,22087,4150,26237,330
2021-12-23,Calaveras,009,45235,4639,4591,65,4656,91
2021-12-23,Colusa,011,21464,2663,2647,694,3341,21
2021-12-23,Contra Costa,013,1133247,107351,105022,2592,107614,1071
2021-12-23,Del Norte,015,27424,3830,3795,56,3851,43
2021-12-23,El Dorado,017,186661,17585,17188,1870,19058,172
2021-12-23,Fresno,019,978130,149941,148027,13445,161472,2358
2021-12-23,Glenn,021,27897,3665,3611,1057,4668,39
2021-12-23,Humboldt,023,135768,10268,10052,756,10808,119
2021-12-23,Imperial,025,180216,37381,36878,4151,41029,800
2021-12-23,Inyo,027,18085,2685,2636,40,2676,47
2021-12-23,Kern,029,883053,136067,134591,24874,159465,1908
2021-12-23,Kings,031,150075,34385,34009,2070,36079,379
2021-12-23,Lake,033,64148,7073,7019,174,7193,116
2021-12-23,Lassen,035,31185,7111,7072,429,7501,55
2021-12-23,Los Angeles,037,10098052,1564781,1515469,61476,1576945,27257
2021-12-23,Madera,039,155013,24969,24741,2389,27130,320
2021-12-23,Marin,041,260295,19829,19085,684,19769,249
2021-12-23,Mariposa,043,17540,1517,1480,63,1543,6
2021-12-23,Mendocino,045,87422,8424,8314,706,9020,98
2021-12-23,Merced,047,269075,44413,44208,2220,46428,690
2021-12-23,Modoc,049,8938,603,597,208,805,6
2021-12-23,Mono,051,14174,2047,2000,23,2023,4
2021-12-23,Monterey,053,433212,51386,49709,3498,53207,638
2021-12-23,Napa,055,140530,14151,13809,175,13984,107
2021-12-23,Nevada,057,99092,10310,10153,363,10516,110
2021-12-23,Orange,059,3164182,330609,322991,18279,341270,5863
2021-12-23,Placer,061,380077,40597,39852,4094,43946,489
2021-12-23,Plumas,063,18699,2034,1987,52,2039,12
2021-12-23,Riverside,065,2383286,393161,384567,17297,401864,5470
2021-12-23,Sacramento,067,1510023,171715,169144,5395,174539,2418
2021-12-23,San Benito,069,59416,8108,7991,191,8182,79
2021-12-23,San Bernardino,071,2135413,383870,376052,12382,388434,6043
2021-12-23,San Diego,073,3302833,417085,406616,24641,431257,4442
2021-12-23,San Francisco,075,870044,62267,58229,2782,61011,682
2021-12-23,San Joaquin,077,732212,105932,104590,5762,110352,1872
2021-12-23,San Luis Obispo,079,281455,31970,31290,1450,32740,365
2021-12-23,San Mateo,081,765935,60313,56973,1131,58104,581
2021-12-23,Santa Barbara,083,443738,48407,47553,1696,49249,567
2021-12-23,Santa Clara,085,1922200,161275,156872,1960,158832,1967
2021-12-23,Santa Cruz,087,273765,22678,22176,1084,23260,228
2021-12-23,Shasta,089,179085,23113,22959,3752,26711,432
2021-12-23,Sierra,091,2930,208,202,21,223,0
2021-12-23,Siskiyou,093,43540,3520,3460,1379,4839,60
2021-12-23,Solano,095,438530,48772,47646,1428,49074,377
2021-12-23,Sonoma,097,501317,45362,44358,640,44998,408
2021-12-23,Stanislaus,099,539301,83425,83368,9521,92889,1331
2021-12-23,Sutter,101,95872,14616,14533,417,14950,191
2021-12-23,Tehama,103,63373,8967,8861,1560,10421,136
2021-12-23,Trinity,105,12862,914,826,220,1046,17
2021-12-23,Tulare,107,460477,72488,71292,16669,87961,1137
2021-12-23,Tuolumne,109,53932,8014,7919,122,8041,91
2021-12-23,Ventura,111,848112,105901,103498,4909,108407,1206
2021-12-23,Yolo,113,214977,21565,21084,1280,22364,270
2021-12-23,Yuba,115,75493,10797,10694,410,11104,98
2021-12-22,Alameda,001,1643700,129948,126533,3218,129751,1522
2021-12-22,Alpine,003,1148,110,112,0,112,0
2021-12-22,Amador,005,37829,5896,5850,75,5925,70
2021-12-22,Butte,007,227075,22453,22070,4136,26206,330
2021-12-22,Calaveras,009,45235,4630,4580,65,4645,91
2021-12-22,Colusa,011,21464,2663,2645,691,3336,21
2021-12-22,Contra Costa,013,1133247,106712,104559,2550,107109,1070
2021-12-22,Del Norte,015,27424,3830,3794,56,3850,43
2021-12-22,El Dorado,017,186661,17523,17140,1861,19001,172
2021-12-22,Fresno,019,978130,149663,147838,13414,161252,2349
2021-12-22,Glenn,021,27897,3660,3604,1057,4661,39
2021-12-22,Humboldt,023,135768,10207,10022,751,10773,119
2021-12-22,Imperial,025,180216,37295,36755,4114,40869,798
2021-12-22,Inyo,027,18085,2667,2632,40,2672,47
2021-12-22,Kern,029,883053,135832,134433,24792,159225,1900
2021-12-22,Kings,031,150075,34335,33953,2063,36016,376
2021-12-22,Lake,033,64148,7066,7008,172,7180,116
2021-12-22,Lassen,035,31185,7106,7069,428,7497,55
2021-12-22,Los Angeles,037,10098052,1551221,1507110,60312,1567422,27234
2021-12-22,Madera,039,155013,24931,24702,2385,27087,320
2021-12-22,Marin,041,260295,19608,18927,661,19588,249
2021-12-22,Mariposa,043,17540,1510,1480,63,1543,6
2021-12-22,Mendocino,045,87422,8415,8299,706,9005,99
2021-12-22,Merced,047,269075,44342,44137,2217,46354,689
2021-12-22,Modoc,049,8938,603,595,208,803,6
2021-12-22,Mono,051,14174,2043,1979,23,2002,4
2021-12-22,Monterey,053,433212,51229,49650,3481,53131,639
2021-12-22,Napa,055,140530,14024,13746,165,13911,107
2021-12-22,Nevada,057,99092,10282,10101,358,10459,110
2021-12-22,Orange,059,3164182,328310,321765,17851,339616,5858
2021-12-22,Placer,061,380077,40415,39758,4057,43815,489
2021-12-22,Plumas,063,18699,2030,1986,52,2038,12
2021-12-22,Riverside,065,2383286,391331,383319,17184,400503,5472
2021-12-22,Sacramento,067,1510023,171056,168695,5335,174030,2422
2021-12-22,San Benito,069,59416,8056,7971,189,8160,79
2021-12-22,San Bernardino,071,2135413,382146,375044,12297,387341,6039
2021-12-22,San Diego,073,3302833,412965,404269,24312,428581,4434
2021-12-22,San Francisco,075,870044,61281,57520,2740,60260,682
2021-12-22,San Joaquin,077,732212,105662,104385,5748,110133,1870
2021-12-22,San Luis Obispo,079,281455,31829,31175,1430,32605,365
2021-12-22,San Mateo,081,765935,59630,56604,1101,57705,581
2021-12-22,Santa Barbara,083,443738,48150,47372,1680,49052,566
2021-12-22,Santa Clara,085,1922200,160154,156258,1919,158177,1954
2021-12-22,Santa Cruz,087,273765,22571,22075,1079,23154,228
2021-12-22,Shasta,089,179085,23084,22937,3747,26684,432
2021-12-22,Sierra,091,2930,208,202,21,223,0
2021-12-22,Siskiyou,093,43540,3517,3458,1376,4834,59
2021-12-22,Solano,095,438530,48543,47531,1415,48946,375
2021-12-22,Sonoma,097,501317,45087,44201,629,44830,408
2021-12-22,Stanislaus,099,539301,83284,83245,9501,92746,1331
2021-12-22,Sutter,101,95872,14580,14513,414,14927,191
2021-12-22,Tehama,103,63373,8954,8853,1556,10409,136
2021-12-22,Trinity,105,12862,914,826,220,1046,17
2021-12-22,Tulare,107,460477,72389,71226,16620,87846,1137
2021-12-22,Tuolumne,109,53932,7993,7903,122,8025,91
2021-12-22,Ventura,111,848112,105295,103089,4804,107893,1206
2021-12-22,Yolo,113,214977,21489,21012,1266,22278,270
2021-12-22,Yuba,115,75493,10780,10681,410,11091,98
2021-12-21,Alameda,001,1643700,128925,126007,3163,129170,1518
2021-12-21,Alpine,003,1148,110,112,0,112,0
2021-12-21,Amador,005,37829,5886,5845,75,5920,70
2021-12-21,Butte,007,227075,22389,22041,4122,26163,330
2021-12-21,Calaveras,009,45235,4617,4575,65,4640,91
2021-12-21,Colusa,011,21464,2661,2643,690,3333,21
2021-12-21,Contra Costa,013,1133247,106083,104255,2486,106741,1068
2021-12-21,Del Norte,015,27424,3829,3793,56,3849,43
2021-12-21,El Dorado,017,186661,17458,17098,1849,18947,172
2021-12-21,Fresno,019,978130,149375,147707,13379,161086,2341
2021-12-21,Glenn,021,27897,3646,3602,1057,4659,39
2021-12-21,Humboldt,023,135768,10143,9989,746,10735,118
2021-12-21,Imperial,025,180216,37197,36580,4073,40653,792
2021-12-21,Inyo,027,18085,2656,2627,40,2667,47
2021-12-21,Kern,029,883053,135623,134321,24687,159008,1892
2021-12-21,Kings,031,150075,34275,33914,2062,35976,376
2021-12-21,Lake,033,64148,7061,7004,170,7174,116
2021-12-21,Lassen,035,31185,7104,7069,428,7497,55
2021-12-21,Los Angeles,037,10098052,1537315,1501169,59285,1560454,27220
2021-12-21,Madera,039,155013,24894,24688,2378,27066,320
2021-12-21,Marin,041,260295,19438,18828,626,19454,249
2021-12-21,Mariposa,043,17540,1509,1480,62,1542,6
2021-12-21,Mendocino,045,87422,8399,8282,704,8986,97
2021-12-21,Merced,047,269075,44270,44096,2213,46309,688
2021-12-21,Modoc,049,8938,601,595,206,801,6
2021-12-21,Mono,051,14174,2024,1979,23,2002,4
2021-12-21,Monterey,053,433212,51138,49586,3464,53050,638
2021-12-21,Napa,055,140530,13923,13703,154,13857,107
2021-12-21,Nevada,057,99092,10253,10095,358,10453,110
2021-12-21,Orange,059,3164182,326175,320705,17402,338107,5855
2021-12-21,Placer,061,380077,40274,39649,4028,43677,487
2021-12-21,Plumas,063,18699,2030,1975,52,2027,12
2021-12-21,Riverside,065,2383286,389605,382415,17065,399480,5465
2021-12-21,Sacramento,067,1510023,170407,168422,5280,173702,2419
2021-12-21,San Benito,069,59416,8017,7950,186,8136,79
2021-12-21,San Bernardino,071,2135413,380472,374219,12185,386404,6026
2021-12-21,San Diego,073,3302833,409235,402386,23975,426361,4424
2021-12-21,San Francisco,075,870044,60320,56950,2707,59657,681
2021-12-21,San Joaquin,077,732212,105376,104238,5729,109967,1870
2021-12-21,San Luis Obispo,079,281455,31665,31103,1418,32521,365
2021-12-21,San Mateo,081,765935,59013,56381,1078,57459,581
2021-12-21,Santa Barbara,083,443738,47922,47194,1665,48859,564
2021-12-21,Santa Clara,085,1922200,159130,155769,1877,157646,1951
2021-12-21,Santa Cruz,087,273765,22454,22028,1069,23097,228
2021-12-21,Shasta,089,179085,23053,22920,3743,26663,429
2021-12-21,Sierra,091,2930,206,201,21,222,0
2021-12-21,Siskiyou,093,43540,3516,3455,1376,4831,59
2021-12-21,Solano,095,438530,48389,47474,1408,48882,372
2021-12-21,Sonoma,097,501317,44864,44051,619,44670,408
2021-12-21,Stanislaus,099,539301,83127,83167,9470,92637,1331
2021-12-21,Sutter,101,95872,14557,14492,413,14905,190
2021-12-21,Tehama,103,63373,8946,8849,1551,10400,136
2021-12-21,Trinity,105,12862,913,826,220,1046,17
2021-12-21,Tulare,107,460477,72295,71166,16579,87745,1137
2021-12-21,Tuolumne,109,53932,7969,7893,122,8015,91
2021-12-21,Ventura,111,848112,104677,102631,4691,107322,1205
2021-12-21,Yolo,113,214977,21380,20944,1262,22206,267
2021-12-21,Yuba,115,75493,10763,10668,410,11078,98
2021-12-20,Alameda,001,1643700,127962,125762,3094,128856,1515
2021-12-20,Alpine,003,1148,110,112,0,112,0
2021-12-20,Amador,005,37829,5872,5838,75,5913,70
2021-12-20,Butte,007,227075,22327,22030,4108,26138,329
2021-12-20,Calaveras,009,45235,4607,4569,65,4634,91
2021-12-20,Colusa,011,21464,2660,2644,690,3334,21
2021-12-20,Contra Costa,013,1133247,105550,104051,2439,106490,1068
2021-12-20,Del Norte,015,27424,3827,3792,56,3848,43
2021-12-20,El Dorado,017,186661,17397,17083,1841,18924,172
2021-12-20,Fresno,019,978130,149133,147605,13349,160954,2341
2021-12-20,Glenn,021,27897,3640,3597,1057,4654,39
2021-12-20,Humboldt,023,135768,10101,9973,742,10715,118
2021-12-20,Imperial,025,180216,37081,36532,4043,40575,792
2021-12-20,Inyo,027,18085,2653,2615,40,2655,47
2021-12-20,Kern,029,883053,135424,134203,24627,158830,1883
2021-12-20,Kings,031,150075,34233,33898,2061,35959,376
2021-12-20,Lake,033,64148,7056,6999,170,7169,116
2021-12-20,Lassen,035,31185,7102,7065,427,7492,55
2021-12-20,Los Angeles,037,10098052,1525830,1495251,58557,1553808,27188
2021-12-20,Madera,039,155013,24865,24668,2374,27042,313
2021-12-20,Marin,041,260295,19223,18747,608,19355,249
2021-12-20,Mariposa,043,17540,1500,1479,62,1541,6
2021-12-20,Mendocino,045,87422,8387,8264,702,8966,96
2021-12-20,Merced,047,269075,44213,44071,2208,46279,687
2021-12-20,Modoc,049,8938,601,595,203,798,6
2021-12-20,Mono,051,14174,2001,1973,23,1996,4
2021-12-20,Monterey,053,433212,51042,49556,3444,53000,636
2021-12-20,Napa,055,140530,13838,13672,144,13816,107
2021-12-20,Nevada,057,99092,10213,10079,357,10436,109
2021-12-20,Orange,059,3164182,324566,320235,17087,337322,5852
2021-12-20,Placer,061,380077,40144,39579,3998,43577,485
2021-12-20,Plumas,063,18699,2027,1971,50,2021,12
2021-12-20,Riverside,065,2383286,388156,381841,16976,398817,5452
2021-12-20,Sacramento,067,1510023,169836,168153,5240,173393,2414
2021-12-20,San Benito,069,59416,7973,7934,184,8118,79
2021-12-20,San Bernardino,071,2135413,378939,373881,12100,385981,6023
2021-12-20,San Diego,073,3302833,406019,401483,23735,425218,4412
2021-12-20,San Francisco,075,870044,59260,56661,2650,59311,681
2021-12-20,San Joaquin,077,732212,105134,104188,5718,109906,1865
2021-12-20,San Luis Obispo,079,281455,31551,31075,1410,32485,365
2021-12-20,San Mateo,081,765935,58465,56247,1059,57306,581
2021-12-20,Santa Barbara,083,443738,47710,47131,1660,48791,562
2021-12-20,Santa Clara,085,1922200,158172,155427,1829,157256,1950
2021-12-20,Santa Cruz,087,273765,22374,21989,1064,23053,227
2021-12-20,Shasta,089,179085,23032,22888,3738,26626,429
2021-12-20,Sierra,091,2930,205,201,21,222,0
2021-12-20,Siskiyou,093,43540,3515,3453,1374,4827,59
2021-12-20,Solano,095,438530,48261,47394,1400,48794,370
2021-12-20,Sonoma,097,501317,44674,43982,611,44593,408
2021-12-20,Stanislaus,099,539301,83001,83110,9441,92551,1331
2021-12-20,Sutter,101,95872,14534,14480,413,14893,190
2021-12-20,Tehama,103,63373,8938,8840,1548,10388,136
2021-12-20,Trinity,105,12862,913,826,220,1046,17
2021-12-20,Tulare,107,460477,72201,71124,16521,87645,1129
2021-12-20,Tuolumne,109,53932,7955,7867,118,7985,91
2021-12-20,Ventura,111,848112,104170,102452,4615,107067,1203
2021-12-20,Yolo,113,214977,21286,20903,1250,22153,267
2021-12-20,Yuba,115,75493,10747,10656,407,11063,97
2021-12-19,Alameda,001,1643700,127070,125464,3054,128518,1519
2021-12-19,Alpine,003,1148,110,112,0,112,0
2021-12-19,Amador,005,37829,5860,5832,74,5906,70
2021-12-19,Butte,007,227075,22272,22022,4100,26122,329
2021-12-19,Calaveras,009,45235,4591,4563,64,4627,91
2021-12-19,Colusa,011,21464,2660,2643,687,3330,21
2021-12-19,Contra Costa,013,1133247,105059,103906,2405,106311,1068
2021-12-19,Del Norte,015,27424,3823,3797,56,3853,43
2021-12-19,El Dorado,017,186661,17339,17067,1839,18906,172
2021-12-19,Fresno,019,978130,148892,147505,13324,160829,2341
2021-12-19,Glenn,021,27897,3636,3596,1056,4652,39
2021-12-19,Humboldt,023,135768,10058,9957,737,10694,118
2021-12-19,Imperial,025,180216,36952,36501,4000,40501,792
2021-12-19,Inyo,027,18085,2644,2613,40,2653,47
2021-12-19,Kern,029,883053,135225,134136,24559,158695,1883
2021-12-19,Kings,031,150075,34174,33874,2057,35931,378
2021-12-19,Lake,033,64148,7047,6999,167,7166,116
2021-12-19,Lassen,035,31185,7098,7065,427,7492,55
2021-12-19,Los Angeles,037,10098052,1516818,1495082,57955,1553037,27189
2021-12-19,Madera,039,155013,24840,24642,2368,27010,313
2021-12-19,Marin,041,260295,19047,18707,585,19292,249
2021-12-19,Mariposa,043,17540,1494,1475,62,1537,6
2021-12-19,Mendocino,045,87422,8370,8257,699,8956,96
2021-12-19,Merced,047,269075,44118,44045,2201,46246,687
2021-12-19,Modoc,049,8938,600,595,203,798,6
2021-12-19,Mono,051,14174,1990,1968,22,1990,4
2021-12-19,Monterey,053,433212,50941,49516,3423,52939,636
2021-12-19,Napa,055,140530,13765,13659,135,13794,107
2021-12-19,Nevada,057,99092,10177,10057,354,10411,109
2021-12-19,Orange,059,3164182,323156,319615,16861,336476,5852
2021-12-19,Placer,061,380077,40023,39525,3982,43507,485
2021-12-19,Plumas,063,18699,2024,1971,50,2021,12
2021-12-19,Riverside,065,2383286,386710,381305,16901,398206,5452
2021-12-19,Sacramento,067,1510023,169341,167933,5211,173144,2415
2021-12-19,San Benito,069,59416,7948,7929,183,8112,79
2021-12-19,San Bernardino,071,2135413,377608,373480,12062,385542,6023
2021-12-19,San Diego,073,3302833,403539,398197,23539,421736,4406
2021-12-19,San Francisco,075,870044,58381,56358,2594,58952,681
2021-12-19,San Joaquin,077,732212,104876,104125,5704,109829,1865
2021-12-19,San Luis Obispo,079,281455,31428,31035,1398,32433,366
2021-12-19,San Mateo,081,765935,58001,56132,1044,57176,581
2021-12-19,Santa Barbara,083,443738,47487,47070,1653,48723,562
2021-12-19,Santa Clara,085,1922200,157284,155049,1803,156852,1950
2021-12-19,Santa Cruz,087,273765,22275,21960,1059,23019,227
2021-12-19,Shasta,089,179085,22995,22875,3734,26609,429
2021-12-19,Sierra,091,2930,204,201,21,222,0
2021-12-19,Siskiyou,093,43540,3512,3452,1374,4826,59
2021-12-19,Solano,095,438530,48139,47341,1394,48735,370
2021-12-19,Sonoma,097,501317,44490,43944,609,44553,408
2021-12-19,Stanislaus,099,539301,82863,83040,9409,92449,1331
2021-12-19,Sutter,101,95872,14494,14475,412,14887,190
2021-12-19,Tehama,103,63373,8930,8840,1548,10388,136
2021-12-19,Trinity,105,12862,913,826,220,1046,17
2021-12-19,Tulare,107,460477,72108,71085,16479,87564,1129
2021-12-19,Tuolumne,109,53932,7938,7865,117,7982,91
2021-12-19,Ventura,111,848112,103590,102170,4550,106720,1203
2021-12-19,Yolo,113,214977,21204,20887,1232,22119,267
2021-12-19,Yuba,115,75493,10730,10646,405,11051,97
2021-12-18,Alameda,001,1643700,126661,124583,3027,127610,1512
2021-12-18,Alpine,003,1148,110,110,0,110,0
2021-12-18,Amador,005,37829,5854,5821,74,5895,69
2021-12-18,Butte,007,227075,22256,21956,4095,26051,328
2021-12-18,Calaveras,009,45235,4584,4534,64,4598,91
2021-12-18,Colusa,011,21464,2656,2635,685,3320,21
2021-12-18,Contra Costa,013,1133247,104844,103380,2391,105771,1065
2021-12-18,Del Norte,015,27424,3820,3791,56,3847,43
2021-12-18,El Dorado,017,186661,17312,16968,1836,18804,171
2021-12-18,Fresno,019,978130,148789,147038,13311,160349,2335
2021-12-18,Glenn,021,27897,3633,3590,1056,4646,39
2021-12-18,Humboldt,023,135768,10042,9889,737,10626,118
2021-12-18,Imperial,025,180216,36879,36280,3988,40268,790
2021-12-18,Inyo,027,18085,2638,2607,40,2647,47
2021-12-18,Kern,029,883053,135135,133754,24514,158268,1873
2021-12-18,Kings,031,150075,34141,33783,2053,35836,374
2021-12-18,Lake,033,64148,7046,6976,167,7143,115
2021-12-18,Lassen,035,31185,7096,7061,426,7487,55
2021-12-18,Los Angeles,037,10098052,1512720,1484840,57638,1542478,27135
2021-12-18,Madera,039,155013,24825,24575,2366,26941,313
2021-12-18,Marin,041,260295,18947,18537,573,19110,249
2021-12-18,Mariposa,043,17540,1493,1468,62,1530,6
2021-12-18,Mendocino,045,87422,8364,8219,699,8918,95
2021-12-18,Merced,047,269075,44083,43929,2200,46129,686
2021-12-18,Modoc,049,8938,598,595,203,798,6
2021-12-18,Mono,051,14174,1988,1956,22,1978,4
2021-12-18,Monterey,053,433212,50883,49343,3418,52761,635
2021-12-18,Napa,055,140530,13739,13581,133,13714,107
2021-12-18,Nevada,057,99092,10155,9991,352,10343,108
2021-12-18,Orange,059,3164182,322489,318149,16725,334874,5844
2021-12-18,Placer,061,380077,39922,39336,3968,43304,485
2021-12-18,Plumas,063,18699,2024,1964,50,2014,13
2021-12-18,Riverside,065,2383286,386013,379354,16860,396214,5439
2021-12-18,Sacramento,067,1510023,169105,167046,5192,172238,2404
2021-12-18,San Benito,069,59416,7933,7894,183,8077,79
2021-12-18,San Bernardino,071,2135413,376938,371658,12034,383692,6017
2021-12-18,San Diego,073,3302833,402574,397130,23487,420617,4399
2021-12-18,San Francisco,075,870044,57887,55562,2564,58126,679
2021-12-18,San Joaquin,077,732212,104789,103698,5694,109392,1858
2021-12-18,San Luis Obispo,079,281455,31386,30873,1392,32265,365
2021-12-18,San Mateo,081,765935,57761,55730,1039,56769,580
2021-12-18,Santa Barbara,083,443738,47391,46776,1651,48427,562
2021-12-18,Santa Clara,085,1922200,156828,154243,1790,156033,1946
2021-12-18,Santa Cruz,087,273765,22223,21805,1057,22862,225
2021-12-18,Shasta,089,179085,22974,22811,3734,26545,429
2021-12-18,Sierra,091,2930,204,199,21,220,0
2021-12-18,Siskiyou,093,43540,3510,3441,1373,4814,58
2021-12-18,Solano,095,438530,48093,47174,1392,48566,369
2021-12-18,Sonoma,097,501317,44380,43658,605,44263,407
2021-12-18,Stanislaus,099,539301,82781,82736,9397,92133,1330
2021-12-18,Sutter,101,95872,14476,14435,412,14847,190
2021-12-18,Tehama,103,63373,8923,8814,1547,10361,136
2021-12-18,Trinity,105,12862,913,823,220,1043,17
2021-12-18,Tulare,107,460477,72070,70922,16454,87376,1120
2021-12-18,Tuolumne,109,53932,7924,7834,117,7951,91
2021-12-18,Ventura,111,848112,103305,101612,4528,106140,1201
2021-12-18,Yolo,113,214977,21164,20793,1226,22019,267
2021-12-18,Yuba,115,75493,10719,10599,405,11004,96
2021-12-17,Alameda,001,1643700,126320,124583,3008,127591,1512
2021-12-17,Alpine,003,1148,110,110,0,110,0
2021-12-17,Amador,005,37829,5847,5821,74,5895,69
2021-12-17,Butte,007,227075,22235,21956,4088,26044,328
2021-12-17,Calaveras,009,45235,4580,4534,64,4598,91
2021-12-17,Colusa,011,21464,2655,2635,684,3319,21
2021-12-17,Contra Costa,013,1133247,104643,103380,2387,105767,1065
2021-12-17,Del Norte,015,27424,3819,3791,56,3847,43
2021-12-17,El Dorado,017,186661,17284,16968,1833,18801,171
2021-12-17,Fresno,019,978130,148686,147038,13311,160349,2335
2021-12-17,Glenn,021,27897,3626,3590,1056,4646,39
2021-12-17,Humboldt,023,135768,10022,9889,735,10624,118
2021-12-17,Imperial,025,180216,36816,36280,3970,40250,790
2021-12-17,Inyo,027,18085,2633,2607,40,2647,47
2021-12-17,Kern,029,883053,135043,133754,24473,158227,1873
2021-12-17,Kings,031,150075,34122,33783,2053,35836,374
2021-12-17,Lake,033,64148,7042,6976,167,7143,115
2021-12-17,Lassen,035,31185,7096,7061,425,7486,55
2021-12-17,Los Angeles,037,10098052,1508778,1484840,57399,1542239,27135
2021-12-17,Madera,039,155013,24809,24575,2361,26936,313
2021-12-17,Marin,041,260295,18871,18537,569,19106,249
2021-12-17,Mariposa,043,17540,1489,1468,62,1530,6
2021-12-17,Mendocino,045,87422,8353,8219,699,8918,95
2021-12-17,Merced,047,269075,44057,43929,2199,46128,686
2021-12-17,Modoc,049,8938,598,595,203,798,6
2021-12-17,Mono,051,14174,1985,1956,22,1978,4
2021-12-17,Monterey,053,433212,50825,49343,3413,52756,635
2021-12-17,Napa,055,140530,13712,13581,132,13713,107
2021-12-17,Nevada,057,99092,10144,9991,352,10343,108
2021-12-17,Orange,059,3164182,321926,318149,16657,334806,5844
2021-12-17,Placer,061,380077,39867,39336,3962,43298,485
2021-12-17,Plumas,063,18699,2023,1964,50,2014,13
2021-12-17,Riverside,065,2383286,385360,379354,16850,396204,5439
2021-12-17,Sacramento,067,1510023,168872,167046,5179,172225,2404
2021-12-17,San Benito,069,59416,7931,7894,183,8077,79
2021-12-17,San Bernardino,071,2135413,376377,371658,12017,383675,6017
2021-12-17,San Diego,073,3302833,401645,397130,23439,420569,4399
2021-12-17,San Francisco,075,870044,57560,55562,2534,58096,679
2021-12-17,San Joaquin,077,732212,104714,103698,5677,109375,1858
2021-12-17,San Luis Obispo,079,281455,31357,30873,1388,32261,365
2021-12-17,San Mateo,081,765935,57573,55730,1032,56762,580
2021-12-17,Santa Barbara,083,443738,47314,46776,1645,48421,562
2021-12-17,Santa Clara,085,1922200,156454,154243,1776,156019,1946
2021-12-17,Santa Cruz,087,273765,22176,21805,1053,22858,225
2021-12-17,Shasta,089,179085,22962,22811,3732,26543,429
2021-12-17,Sierra,091,2930,203,199,21,220,0
2021-12-17,Siskiyou,093,43540,3506,3441,1371,4812,58
2021-12-17,Solano,095,438530,48025,47174,1388,48562,369
2021-12-17,Sonoma,097,501317,44283,43658,602,44260,407
2021-12-17,Stanislaus,099,539301,82730,82736,9390,92126,1330
2021-12-17,Sutter,101,95872,14464,14435,410,14845,190
2021-12-17,Tehama,103,63373,8916,8814,1546,10360,136
2021-12-17,Trinity,105,12862,913,823,220,1043,17
2021-12-17,Tulare,107,460477,72028,70922,16424,87346,1120
2021-12-17,Tuolumne,109,53932,7912,7834,117,7951,91
2021-12-17,Ventura,111,848112,103055,101612,4516,106128,1201
2021-12-17,Yolo,113,214977,21131,20793,1221,22014,267
2021-12-17,Yuba,115,75493,10708,10599,403,11002,96
2021-12-16,Alameda,001,1643700,125940,124583,2993,127576,1512
2021-12-16,Alpine,003,1148,108,110,0,110,0
2021-12-16,Amador,005,37829,5839,5821,74,5895,69
2021-12-16,Butte,007,227075,22215,21956,4084,26040,328
2021-12-16,Calaveras,009,45235,4573,4534,64,4598,91
2021-12-16,Colusa,011,21464,2655,2635,684,3319,21
2021-12-16,Contra Costa,013,1133247,104420,103380,2377,105757,1065
2021-12-16,Del Norte,015,27424,3816,3791,56,3847,43
2021-12-16,El Dorado,017,186661,17249,16968,1828,18796,171
2021-12-16,Fresno,019,978130,148527,147038,13303,160341,2335
2021-12-16,Glenn,021,27897,3626,3590,1053,4643,39
2021-12-16,Humboldt,023,135768,9998,9889,725,10614,118
2021-12-16,Imperial,025,180216,36732,36280,3942,40222,790
2021-12-16,Inyo,027,18085,2629,2607,39,2646,47
2021-12-16,Kern,029,883053,134899,133754,24424,158178,1873
2021-12-16,Kings,031,150075,34098,33783,2052,35835,374
2021-12-16,Lake,033,64148,7038,6976,167,7143,115
2021-12-16,Lassen,035,31185,7093,7061,424,7485,55
2021-12-16,Los Angeles,037,10098052,1504561,1484840,57135,1541975,27135
2021-12-16,Madera,039,155013,24780,24575,2357,26932,313
2021-12-16,Marin,041,260295,18825,18537,562,19099,249
2021-12-16,Mariposa,043,17540,1487,1468,62,1530,6
2021-12-16,Mendocino,045,87422,8342,8219,694,8913,95
2021-12-16,Merced,047,269075,44018,43929,2198,46127,686
2021-12-16,Modoc,049,8938,598,595,203,798,6
2021-12-16,Mono,051,14174,1982,1956,22,1978,4
2021-12-16,Monterey,053,433212,50754,49343,3396,52739,635
2021-12-16,Napa,055,140530,13680,13581,132,13713,107
2021-12-16,Nevada,057,99092,10118,9991,352,10343,108
2021-12-16,Orange,059,3164182,321314,318149,16579,334728,5844
2021-12-16,Placer,061,380077,39790,39336,3957,43293,485
2021-12-16,Plumas,063,18699,2023,1964,50,2014,13
2021-12-16,Riverside,065,2383286,384555,379354,16836,396190,5439
2021-12-16,Sacramento,067,1510023,168589,167046,5155,172201,2404
2021-12-16,San Benito,069,59416,7924,7894,183,8077,79
2021-12-16,San Bernardino,071,2135413,375711,371658,11998,383656,6017
2021-12-16,San Diego,073,3302833,400476,397130,23373,420503,4399
2021-12-16,San Francisco,075,870044,57181,55562,2512,58074,679
2021-12-16,San Joaquin,077,732212,104591,103698,5670,109368,1858
2021-12-16,San Luis Obispo,079,281455,31287,30873,1382,32255,365
2021-12-16,San Mateo,081,765935,57373,55730,1029,56759,580
2021-12-16,Santa Barbara,083,443738,47193,46776,1641,48417,562
2021-12-16,Santa Clara,085,1922200,156123,154243,1766,156009,1946
2021-12-16,Santa Cruz,087,273765,22130,21805,1052,22857,225
2021-12-16,Shasta,089,179085,22932,22811,3730,26541,429
2021-12-16,Sierra,091,2930,203,199,21,220,0
2021-12-16,Siskiyou,093,43540,3505,3441,1367,4808,58
2021-12-16,Solano,095,438530,47957,47174,1381,48555,369
2021-12-16,Sonoma,097,501317,44184,43658,600,44258,407
2021-12-16,Stanislaus,099,539301,82643,82736,9376,92112,1330
2021-12-16,Sutter,101,95872,14450,14435,409,14844,190
2021-12-16,Tehama,103,63373,8909,8814,1545,10359,136
2021-12-16,Trinity,105,12862,913,823,220,1043,17
2021-12-16,Tulare,107,460477,71979,70922,16399,87321,1120
2021-12-16,Tuolumne,109,53932,7891,7834,117,7951,91
2021-12-16,Ventura,111,848112,102788,101612,4509,106121,1201
2021-12-16,Yolo,113,214977,21080,20793,1216,22009,267
2021-12-16,Yuba,115,75493,10692,10599,402,11001,96
2021-12-15,Alameda,001,1643700,125611,124342,2982,127324,1509
2021-12-15,Alpine,003,1148,108,109,0,109,0
2021-12-15,Amador,005,37829,5833,5810,74,5884,69
2021-12-15,Butte,007,227075,22191,21922,4083,26005,327
2021-12-15,Calaveras,009,45235,4567,4523,64,4587,89
2021-12-15,Colusa,011,21464,2654,2632,683,3315,21
2021-12-15,Contra Costa,013,1133247,104200,103236,2374,105610,1064
2021-12-15,Del Norte,015,27424,3815,3789,55,3844,43
2021-12-15,El Dorado,017,186661,17219,16936,1822,18758,171
2021-12-15,Fresno,019,978130,148400,146859,13289,160148,2319
2021-12-15,Glenn,021,27897,3625,3589,1053,4642,39
2021-12-15,Humboldt,023,135768,9978,9854,724,10578,118
2021-12-15,Imperial,025,180216,36652,36187,3898,40085,789
2021-12-15,Inyo,027,18085,2624,2606,39,2645,47
2021-12-15,Kern,029,883053,134760,133590,24378,157968,1866
2021-12-15,Kings,031,150075,34069,33716,2048,35764,374
2021-12-15,Lake,033,64148,7030,6968,166,7134,115
2021-12-15,Lassen,035,31185,7093,7062,424,7486,55
2021-12-15,Los Angeles,037,10098052,1500661,1482735,56939,1539674,27116
2021-12-15,Madera,039,155013,24762,24549,2351,26900,313
2021-12-15,Marin,041,260295,18766,18514,557,19071,249
2021-12-15,Mariposa,043,17540,1484,1463,62,1525,6
2021-12-15,Mendocino,045,87422,8337,8209,691,8900,95
2021-12-15,Merced,047,269075,43976,43890,2186,46076,685
2021-12-15,Modoc,049,8938,598,595,203,798,6
2021-12-15,Mono,051,14174,1978,1955,22,1977,4
2021-12-15,Monterey,053,433212,50699,49279,3378,52657,635
2021-12-15,Napa,055,140530,13651,13557,130,13687,107
2021-12-15,Nevada,057,99092,10097,9958,352,10310,107
2021-12-15,Orange,059,3164182,320731,317808,16537,334345,5838
2021-12-15,Placer,061,380077,39733,39264,3947,43211,485
2021-12-15,Plumas,063,18699,2019,1957,50,2007,12
2021-12-15,Riverside,065,2383286,383834,378769,16825,395594,5438
2021-12-15,Sacramento,067,1510023,168281,166793,5135,171928,2401
2021-12-15,San Benito,069,59416,7909,7877,183,8060,79
2021-12-15,San Bernardino,071,2135413,375145,371122,11965,383087,6013
2021-12-15,San Diego,073,3302833,399281,396546,23303,419849,4395
2021-12-15,San Francisco,075,870044,56863,55414,2494,57908,679
2021-12-15,San Joaquin,077,732212,104434,103579,5660,109239,1853
2021-12-15,San Luis Obispo,079,281455,31238,30784,1375,32159,365
2021-12-15,San Mateo,081,765935,57231,55657,1019,56676,580
2021-12-15,Santa Barbara,083,443738,47112,46681,1639,48320,562
2021-12-15,Santa Clara,085,1922200,155813,153928,1746,155674,1944
2021-12-15,Santa Cruz,087,273765,22090,21753,1045,22798,225
2021-12-15,Shasta,089,179085,22917,22778,3726,26504,427
2021-12-15,Sierra,091,2930,203,199,21,220,0
2021-12-15,Siskiyou,093,43540,3504,3434,1366,4800,58
2021-12-15,Solano,095,438530,47886,47098,1375,48473,367
2021-12-15,Sonoma,097,501317,44102,43580,595,44175,407
2021-12-15,Stanislaus,099,539301,82535,82628,9368,91996,1298
2021-12-15,Sutter,101,95872,14430,14428,408,14836,189
2021-12-15,Tehama,103,63373,8902,8806,1544,10350,136
2021-12-15,Trinity,105,12862,912,822,220,1042,17
2021-12-15,Tulare,107,460477,71928,70846,16370,87216,1120
2021-12-15,Tuolumne,109,53932,7882,7818,116,7934,91
2021-12-15,Ventura,111,848112,102573,101447,4503,105950,1199
2021-12-15,Yolo,113,214977,21051,20749,1211,21960,267
2021-12-15,Yuba,115,75493,10681,10587,401,10988,96
2021-12-14,Alameda,001,1643700,125278,124272,2970,127242,1506
2021-12-14,Alpine,003,1148,107,109,0,109,0
2021-12-14,Amador,005,37829,5827,5808,73,5881,69
2021-12-14,Butte,007,227075,22158,21901,4081,25982,326
2021-12-14,Calaveras,009,45235,4555,4517,64,4581,89
2021-12-14,Colusa,011,21464,2652,2628,683,3311,21
2021-12-14,Contra Costa,013,1133247,104016,103135,2370,105505,1064
2021-12-14,Del Norte,015,27424,3812,3788,55,3843,43
2021-12-14,El Dorado,017,186661,17184,16915,1820,18735,170
2021-12-14,Fresno,019,978130,148228,146756,13281,160037,2316
2021-12-14,Glenn,021,27897,3624,3589,1053,4642,39
2021-12-14,Humboldt,023,135768,9966,9836,716,10552,118
2021-12-14,Imperial,025,180216,36579,36049,3855,39904,789
2021-12-14,Inyo,027,18085,2623,2601,39,2640,46
2021-12-14,Kern,029,883053,134622,133498,24329,157827,1863
2021-12-14,Kings,031,150075,34032,33693,2045,35738,373
2021-12-14,Lake,033,64148,7021,6961,166,7127,115
2021-12-14,Lassen,035,31185,7092,7061,424,7485,55
2021-12-14,Los Angeles,037,10098052,1496991,1481131,56761,1537892,27099
2021-12-14,Madera,039,155013,24735,24535,2343,26878,313
2021-12-14,Marin,041,260295,18718,18491,555,19046,249
2021-12-14,Mariposa,043,17540,1481,1463,61,1524,6
2021-12-14,Mendocino,045,87422,8309,8206,689,8895,95
2021-12-14,Merced,047,269075,43930,43870,2184,46054,684
2021-12-14,Modoc,049,8938,597,595,203,798,6
2021-12-14,Mono,051,14174,1971,1955,22,1977,4
2021-12-14,Monterey,053,433212,50615,49237,3367,52604,635
2021-12-14,Napa,055,140530,13622,13528,130,13658,107
2021-12-14,Nevada,057,99092,10071,9956,351,10307,106
2021-12-14,Orange,059,3164182,320176,317465,16483,333948,5827
2021-12-14,Placer,061,380077,39658,39221,3942,43163,482
2021-12-14,Plumas,063,18699,2015,1950,48,1998,12
2021-12-14,Riverside,065,2383286,383142,378227,16808,395035,5427
2021-12-14,Sacramento,067,1510023,167971,166605,5112,171717,2394
2021-12-14,San Benito,069,59416,7890,7871,183,8054,79
2021-12-14,San Bernardino,071,2135413,374515,370604,11933,382537,6013
2021-12-14,San Diego,073,3302833,398142,395876,23252,419128,4393
2021-12-14,San Francisco,075,870044,56547,55278,2483,57761,679
2021-12-14,San Joaquin,077,732212,104288,103488,5643,109131,1848
2021-12-14,San Luis Obispo,079,281455,31178,30753,1371,32124,363
2021-12-14,San Mateo,081,765935,57067,55601,1012,56613,580
2021-12-14,Santa Barbara,083,443738,47010,46648,1635,48283,560
2021-12-14,Santa Clara,085,1922200,155491,153814,1733,155547,1945
2021-12-14,Santa Cruz,087,273765,22025,21737,1040,22777,225
2021-12-14,Shasta,089,179085,22890,22756,3725,26481,427
2021-12-14,Sierra,091,2930,201,199,21,220,0
2021-12-14,Siskiyou,093,43540,3499,3430,1365,4795,58
2021-12-14,Solano,095,438530,47839,47065,1369,48434,367
2021-12-14,Sonoma,097,501317,44019,43538,593,44131,407
2021-12-14,Stanislaus,099,539301,82448,82581,9352,91933,1293
2021-12-14,Sutter,101,95872,14418,14421,407,14828,189
2021-12-14,Tehama,103,63373,8898,8805,1544,10349,134
2021-12-14,Trinity,105,12862,912,821,220,1041,17
2021-12-14,Tulare,107,460477,71856,70803,16340,87143,1120
2021-12-14,Tuolumne,109,53932,7869,7815,116,7931,91
2021-12-14,Ventura,111,848112,102349,101343,4496,105839,1199
2021-12-14,Yolo,113,214977,21016,20734,1199,21933,267
2021-12-14,Yuba,115,75493,10664,10574,401,10975,92
2021-12-13,Alameda,001,1643700,124988,124174,2953,127127,1501
2021-12-13,Alpine,003,1148,107,109,0,109,0
2021-12-13,Amador,005,37829,5823,5797,73,5870,69
2021-12-13,Butte,007,227075,22134,21889,4077,25966,326
2021-12-13,Calaveras,009,45235,4548,4507,63,4570,89
2021-12-13,Colusa,011,21464,2649,2627,683,3310,21
2021-12-13,Contra Costa,013,1133247,103865,103041,2359,105400,1064
2021-12-13,Del Norte,015,27424,3808,3787,55,3842,42
2021-12-13,El Dorado,017,186661,17161,16896,1818,18714,170
2021-12-13,Fresno,019,978130,148078,146641,13271,159912,2312
2021-12-13,Glenn,021,27897,3620,3589,1051,4640,37
2021-12-13,Humboldt,023,135768,9937,9821,712,10533,118
2021-12-13,Imperial,025,180216,36495,35974,3834,39808,787
2021-12-13,Inyo,027,18085,2622,2592,39,2631,46
2021-12-13,Kern,029,883053,134496,133381,24276,157657,1863
2021-12-13,Kings,031,150075,33989,33680,2040,35720,372
2021-12-13,Lake,033,64148,7019,6958,164,7122,115
2021-12-13,Lassen,035,31185,7091,7057,424,7481,55
2021-12-13,Los Angeles,037,10098052,1494207,1480195,56601,1536796,27085
2021-12-13,Madera,039,155013,24706,24527,2338,26865,311
2021-12-13,Marin,041,260295,18658,18471,552,19023,249
2021-12-13,Mariposa,043,17540,1479,1462,61,1523,6
2021-12-13,Mendocino,045,87422,8296,8196,687,8883,95
2021-12-13,Merced,047,269075,43890,43848,2180,46028,682
2021-12-13,Modoc,049,8938,596,595,203,798,6
2021-12-13,Mono,051,14174,1964,1952,22,1974,4
2021-12-13,Monterey,053,433212,50563,49222,3348,52570,631
2021-12-13,Napa,055,140530,13609,13518,130,13648,107
2021-12-13,Nevada,057,99092,10052,9946,350,10296,106
2021-12-13,Orange,059,3164182,319706,317112,16431,333543,5824
2021-12-13,Placer,061,380077,39597,39168,3931,43099,481
2021-12-13,Plumas,063,18699,2011,1943,48,1991,12
2021-12-13,Riverside,065,2383286,382561,377728,16793,394521,5414
2021-12-13,Sacramento,067,1510023,167692,166439,5080,171519,2392
2021-12-13,San Benito,069,59416,7881,7856,183,8039,79
2021-12-13,San Bernardino,071,2135413,373934,370274,11925,382199,6011
2021-12-13,San Diego,073,3302833,397337,395266,23199,418465,4389
2021-12-13,San Francisco,075,870044,56277,55245,2470,57715,678
2021-12-13,San Joaquin,077,732212,104172,103449,5634,109083,1846
2021-12-13,San Luis Obispo,079,281455,31128,30746,1367,32113,363
2021-12-13,San Mateo,081,765935,56908,55569,1003,56572,580
2021-12-13,Santa Barbara,083,443738,46922,46608,1630,48238,560
2021-12-13,Santa Clara,085,1922200,155226,153672,1722,155394,1944
2021-12-13,Santa Cruz,087,273765,21970,21698,1037,22735,225
2021-12-13,Shasta,089,179085,22869,22731,3723,26454,426
2021-12-13,Sierra,091,2930,201,199,21,220,0
2021-12-13,Siskiyou,093,43540,3495,3426,1362,4788,57
2021-12-13,Solano,095,438530,47765,47045,1364,48409,365
2021-12-13,Sonoma,097,501317,43923,43492,591,44083,407
2021-12-13,Stanislaus,099,539301,82331,82507,9329,91836,1282
2021-12-13,Sutter,101,95872,14411,14408,407,14815,188
2021-12-13,Tehama,103,63373,8886,8800,1544,10344,134
2021-12-13,Trinity,105,12862,912,820,220,1040,17
2021-12-13,Tulare,107,460477,71798,70758,16316,87074,1114
2021-12-13,Tuolumne,109,53932,7858,7804,116,7920,91
2021-12-13,Ventura,111,848112,102124,101180,4485,105665,1197
2021-12-13,Yolo,113,214977,20967,20706,1194,21900,267
2021-12-13,Yuba,115,75493,10647,10570,401,10971,92
2021-12-12,Alameda,001,1643700,124705,124075,2941,127016,1503
2021-12-12,Alpine,003,1148,107,109,0,109,0
2021-12-12,Amador,005,37829,5815,5797,72,5869,69
2021-12-12,Butte,007,227075,22110,21874,4071,25945,326
2021-12-12,Calaveras,009,45235,4537,4501,63,4564,89
2021-12-12,Colusa,011,21464,2644,2627,680,3307,21
2021-12-12,Contra Costa,013,1133247,103678,102976,2357,105333,1065
2021-12-12,Del Norte,015,27424,3805,3793,55,3848,42
2021-12-12,El Dorado,017,186661,17125,16890,1810,18700,170
2021-12-12,Fresno,019,978130,147916,146518,13256,159774,2310
2021-12-12,Glenn,021,27897,3617,3589,1051,4640,37
2021-12-12,Humboldt,023,135768,9912,9804,705,10509,118
2021-12-12,Imperial,025,180216,36361,35926,3803,39729,787
2021-12-12,Inyo,027,18085,2617,2592,39,2631,46
2021-12-12,Kern,029,883053,134330,133314,24235,157549,1861
2021-12-12,Kings,031,150075,33938,33661,2038,35699,372
2021-12-12,Lake,033,64148,7012,6955,162,7117,115
2021-12-12,Lassen,035,31185,7090,7057,424,7481,55
2021-12-12,Los Angeles,037,10098052,1491292,1479054,56420,1535474,27074
2021-12-12,Madera,039,155013,24677,24493,2331,26824,311
2021-12-12,Marin,041,260295,18605,18451,548,18999,249
2021-12-12,Mariposa,043,17540,1478,1461,61,1522,6
2021-12-12,Mendocino,045,87422,8283,8190,686,8876,95
2021-12-12,Merced,047,269075,43857,43821,2173,45994,682
2021-12-12,Modoc,049,8938,596,595,202,797,6
2021-12-12,Mono,051,14174,1960,1947,22,1969,4
2021-12-12,Monterey,053,433212,50510,49192,3322,52514,631
2021-12-12,Napa,055,140530,13566,13508,128,13636,107
2021-12-12,Nevada,057,99092,10025,9938,349,10287,106
2021-12-12,Orange,059,3164182,319200,316918,16366,333284,5825
2021-12-12,Placer,061,380077,39533,39139,3925,43064,481
2021-12-12,Plumas,063,18699,2007,1942,46,1988,12
2021-12-12,Riverside,065,2383286,381883,377467,16768,394235,5414
2021-12-12,Sacramento,067,1510023,167424,166291,5059,171350,2392
2021-12-12,San Benito,069,59416,7861,7853,183,8036,79
2021-12-12,San Bernardino,071,2135413,373288,369977,11901,381878,6011
2021-12-12,San Diego,073,3302833,396442,393307,23161,416468,4378
2021-12-12,San Francisco,075,870044,56021,55180,2458,57638,678
2021-12-12,San Joaquin,077,732212,104033,103405,5624,109029,1846
2021-12-12,San Luis Obispo,079,281455,31075,30719,1365,32084,363
2021-12-12,San Mateo,081,765935,56791,55505,999,56504,580
2021-12-12,Santa Barbara,083,443738,46847,46586,1628,48214,560
2021-12-12,Santa Clara,085,1922200,154946,153452,1708,155160,1945
2021-12-12,Santa Cruz,087,273765,21921,21671,1035,22706,225
2021-12-12,Shasta,089,179085,22841,22732,3722,26454,426
2021-12-12,Sierra,091,2930,201,199,21,220,0
2021-12-12,Siskiyou,093,43540,3495,3424,1362,4786,57
2021-12-12,Solano,095,438530,47699,47021,1361,48382,365
2021-12-12,Sonoma,097,501317,43830,43424,588,44012,407
2021-12-12,Stanislaus,099,539301,82231,82460,9316,91776,1282
2021-12-12,Sutter,101,95872,14400,14396,407,14803,189
2021-12-12,Tehama,103,63373,8875,8796,1542,10338,134
2021-12-12,Trinity,105,12862,910,820,220,1040,17
2021-12-12,Tulare,107,460477,71721,70733,16274,87007,1115
2021-12-12,Tuolumne,109,53932,7841,7794,116,7910,91
2021-12-12,Ventura,111,848112,101931,101105,4471,105576,1197
2021-12-12,Yolo,113,214977,20916,20685,1183,21868,267
2021-12-12,Yuba,115,75493,10633,10565,398,10963,92
2021-12-11,Alameda,001,1643700,124568,123572,2939,126511,1496
2021-12-11,Alpine,003,1148,107,109,0,109,0
2021-12-11,Amador,005,37829,5810,5787,72,5859,69
2021-12-11,Butte,007,227075,22096,21819,4069,25888,326
2021-12-11,Calaveras,009,45235,4529,4469,62,4531,89
2021-12-11,Colusa,011,21464,2640,2619,679,3298,21
2021-12-11,Contra Costa,013,1133247,103592,102618,2355,104973,1061
2021-12-11,Del Norte,015,27424,3805,3778,55,3833,42
2021-12-11,El Dorado,017,186661,17105,16796,1809,18605,170
2021-12-11,Fresno,019,978130,147829,145988,13247,159235,2294
2021-12-11,Glenn,021,27897,3615,3585,1051,4636,37
2021-12-11,Humboldt,023,135768,9895,9721,702,10423,118
2021-12-11,Imperial,025,180216,36303,35635,3794,39429,782
2021-12-11,Inyo,027,18085,2612,2576,39,2615,46
2021-12-11,Kern,029,883053,134261,132852,24201,157053,1854
2021-12-11,Kings,031,150075,33925,33530,2036,35566,371
2021-12-11,Lake,033,64148,7011,6932,160,7092,114
2021-12-11,Lassen,035,31185,7089,7049,424,7473,55
2021-12-11,Los Angeles,037,10098052,1490077,1474030,56330,1530360,27031
2021-12-11,Madera,039,155013,24671,24417,2330,26747,311
2021-12-11,Marin,041,260295,18571,18339,545,18884,249
2021-12-11,Mariposa,043,17540,1477,1450,61,1511,6
2021-12-11,Mendocino,045,87422,8276,8130,686,8816,95
2021-12-11,Merced,047,269075,43838,43690,2172,45862,681
2021-12-11,Modoc,049,8938,596,594,202,796,6
2021-12-11,Mono,051,14174,1956,1926,22,1948,4
2021-12-11,Monterey,053,433212,50482,49008,3319,52327,631
2021-12-11,Napa,055,140530,13549,13459,128,13587,107
2021-12-11,Nevada,057,99092,10012,9880,349,10229,106
2021-12-11,Orange,059,3164182,318950,315759,16339,332098,5805
2021-12-11,Placer,061,380077,39475,38959,3918,42877,481
2021-12-11,Plumas,063,18699,2001,1934,46,1980,12
2021-12-11,Riverside,065,2383286,381462,375649,16753,392402,5408
2021-12-11,Sacramento,067,1510023,167293,165530,5052,170582,2386
2021-12-11,San Benito,069,59416,7847,7808,183,7991,79
2021-12-11,San Bernardino,071,2135413,372924,368145,11891,380036,6007
2021-12-11,San Diego,073,3302833,396019,392274,23123,415397,4374
2021-12-11,San Francisco,075,870044,55869,54869,2453,57322,678
2021-12-11,San Joaquin,077,732212,103972,103013,5620,108633,1842
2021-12-11,San Luis Obispo,079,281455,31053,30567,1361,31928,362
2021-12-11,San Mateo,081,765935,56712,55284,997,56281,580
2021-12-11,Santa Barbara,083,443738,46812,46309,1628,47937,559
2021-12-11,Santa Clara,085,1922200,154748,152846,1696,154542,1941
2021-12-11,Santa Cruz,087,273765,21897,21557,1035,22592,225
2021-12-11,Shasta,089,179085,22826,22660,3718,26378,419
2021-12-11,Sierra,091,2930,201,199,21,220,0
2021-12-11,Siskiyou,093,43540,3489,3418,1359,4777,57
2021-12-11,Solano,095,438530,47670,46891,1357,48248,365
2021-12-11,Sonoma,097,501317,43782,43227,588,43815,407
2021-12-11,Stanislaus,099,539301,82182,82133,9307,91440,1264
2021-12-11,Sutter,101,95872,14391,14354,407,14761,187
2021-12-11,Tehama,103,63373,8872,8776,1540,10316,134
2021-12-11,Trinity,105,12862,910,819,220,1039,17
2021-12-11,Tulare,107,460477,71677,70523,16264,86787,1103
2021-12-11,Tuolumne,109,53932,7832,7760,116,7876,91
2021-12-11,Ventura,111,848112,101856,100711,4464,105175,1195
2021-12-11,Yolo,113,214977,20897,20608,1179,21787,267
2021-12-11,Yuba,115,75493,10621,10519,397,10916,92
2021-12-10,Alameda,001,1643700,124445,123572,2931,126503,1496
2021-12-10,Alpine,003,1148,106,109,0,109,0
2021-12-10,Amador,005,37829,5803,5787,72,5859,69
2021-12-10,Butte,007,227075,22083,21819,4067,25886,326
2021-12-10,Calaveras,009,45235,4526,4469,62,4531,89
2021-12-10,Colusa,011,21464,2639,2619,679,3298,21
2021-12-10,Contra Costa,013,1133247,103496,102618,2354,104972,1061
2021-12-10,Del Norte,015,27424,3805,3778,55,3833,42
2021-12-10,El Dorado,017,186661,17092,16796,1809,18605,170
2021-12-10,Fresno,019,978130,147741,145988,13236,159224,2294
2021-12-10,Glenn,021,27897,3615,3585,1051,4636,37
2021-12-10,Humboldt,023,135768,9878,9721,700,10421,118
2021-12-10,Imperial,025,180216,36248,35635,3779,39414,782
2021-12-10,Inyo,027,18085,2609,2576,39,2615,46
2021-12-10,Kern,029,883053,134172,132852,24177,157029,1854
2021-12-10,Kings,031,150075,33910,33530,2034,35564,371
2021-12-10,Lake,033,64148,7004,6932,160,7092,114
2021-12-10,Lassen,035,31185,7088,7049,424,7473,55
2021-12-10,Los Angeles,037,10098052,1488990,1474030,56243,1530273,27031
2021-12-10,Madera,039,155013,24653,24417,2328,26745,311
2021-12-10,Marin,041,260295,18549,18339,545,18884,249
2021-12-10,Mariposa,043,17540,1474,1450,61,1511,6
2021-12-10,Mendocino,045,87422,8269,8130,685,8815,95
2021-12-10,Merced,047,269075,43820,43690,2170,45860,681
2021-12-10,Modoc,049,8938,596,594,202,796,6
2021-12-10,Mono,051,14174,1953,1926,22,1948,4
2021-12-10,Monterey,053,433212,50445,49008,3313,52321,631
2021-12-10,Napa,055,140530,13537,13459,127,13586,107
2021-12-10,Nevada,057,99092,10003,9880,349,10229,106
2021-12-10,Orange,059,3164182,318683,315759,16307,332066,5805
2021-12-10,Placer,061,380077,39433,38959,3915,42874,481
2021-12-10,Plumas,063,18699,1999,1934,46,1980,12
2021-12-10,Riverside,065,2383286,381056,375649,16743,392392,5408
2021-12-10,Sacramento,067,1510023,167141,165530,5050,170580,2386
2021-12-10,San Benito,069,59416,7843,7808,183,7991,79
2021-12-10,San Bernardino,071,2135413,372552,368145,11868,380013,6007
2021-12-10,San Diego,073,3302833,395539,392274,23109,415383,4374
2021-12-10,San Francisco,075,870044,55784,54869,2447,57316,678
2021-12-10,San Joaquin,077,732212,103917,103013,5616,108629,1842
2021-12-10,San Luis Obispo,079,281455,31043,30567,1358,31925,362
2021-12-10,San Mateo,081,765935,56655,55284,994,56278,580
2021-12-10,Santa Barbara,083,443738,46775,46309,1627,47936,559
2021-12-10,Santa Clara,085,1922200,154578,152846,1683,154529,1941
2021-12-10,Santa Cruz,087,273765,21877,21557,1034,22591,225
2021-12-10,Shasta,089,179085,22815,22660,3715,26375,419
2021-12-10,Sierra,091,2930,201,199,21,220,0
2021-12-10,Siskiyou,093,43540,3482,3418,1359,4777,57
2021-12-10,Solano,095,438530,47628,46891,1353,48244,365
2021-12-10,Sonoma,097,501317,43748,43227,587,43814,407
2021-12-10,Stanislaus,099,539301,82116,82133,9301,91434,1264
2021-12-10,Sutter,101,95872,14383,14354,407,14761,187
2021-12-10,Tehama,103,63373,8870,8776,1538,10314,134
2021-12-10,Trinity,105,12862,910,819,220,1039,17
2021-12-10,Tulare,107,460477,71648,70523,16240,86763,1103
2021-12-10,Tuolumne,109,53932,7826,7760,116,7876,91
2021-12-10,Ventura,111,848112,101752,100711,4461,105172,1195
2021-12-10,Yolo,113,214977,20883,20608,1177,21785,267
2021-12-10,Yuba,115,75493,10609,10519,396,10915,92
2021-12-09,Alameda,001,1643700,124302,123572,2926,126498,1496
2021-12-09,Alpine,003,1148,106,109,0,109,0
2021-12-09,Amador,005,37829,5800,5787,71,5858,69
2021-12-09,Butte,007,227075,22063,21819,4063,25882,326
2021-12-09,Calaveras,009,45235,4517,4469,62,4531,89
2021-12-09,Colusa,011,21464,2637,2619,679,3298,21
2021-12-09,Contra Costa,013,1133247,103377,102618,2348,104966,1061
2021-12-09,Del Norte,015,27424,3804,3778,55,3833,42
2021-12-09,El Dorado,017,186661,17064,16796,1804,18600,170
2021-12-09,Fresno,019,978130,147593,145988,13224,159212,2294
2021-12-09,Glenn,021,27897,3615,3585,1051,4636,37
2021-12-09,Humboldt,023,135768,9855,9721,699,10420,118
2021-12-09,Imperial,025,180216,36177,35635,3750,39385,782
2021-12-09,Inyo,027,18085,2607,2576,39,2615,46
2021-12-09,Kern,029,883053,134046,132852,24144,156996,1854
2021-12-09,Kings,031,150075,33883,33530,2031,35561,371
2021-12-09,Lake,033,64148,6995,6932,160,7092,114
2021-12-09,Lassen,035,31185,7086,7049,424,7473,55
2021-12-09,Los Angeles,037,10098052,1487449,1474030,56158,1530188,27031
2021-12-09,Madera,039,155013,24628,24417,2325,26742,311
2021-12-09,Marin,041,260295,18535,18339,543,18882,249
2021-12-09,Mariposa,043,17540,1473,1450,61,1511,6
2021-12-09,Mendocino,045,87422,8256,8130,682,8812,95
2021-12-09,Merced,047,269075,43782,43690,2158,45848,681
2021-12-09,Modoc,049,8938,596,594,202,796,6
2021-12-09,Mono,051,14174,1949,1926,22,1948,4
2021-12-09,Monterey,053,433212,50399,49008,3302,52310,631
2021-12-09,Napa,055,140530,13517,13459,123,13582,107
2021-12-09,Nevada,057,99092,9984,9880,349,10229,106
2021-12-09,Orange,059,3164182,318347,315759,16268,332027,5805
2021-12-09,Placer,061,380077,39389,38959,3902,42861,481
2021-12-09,Plumas,063,18699,1991,1934,46,1980,12
2021-12-09,Riverside,065,2383286,380506,375649,16727,392376,5408
2021-12-09,Sacramento,067,1510023,166920,165530,5035,170565,2386
2021-12-09,San Benito,069,59416,7831,7808,182,7990,79
2021-12-09,San Bernardino,071,2135413,372037,368145,11844,379989,6007
2021-12-09,San Diego,073,3302833,394892,392274,23079,415353,4374
2021-12-09,San Francisco,075,870044,55699,54869,2440,57309,678
2021-12-09,San Joaquin,077,732212,103825,103013,5611,108624,1842
2021-12-09,San Luis Obispo,079,281455,31015,30567,1356,31923,362
2021-12-09,San Mateo,081,765935,56567,55284,992,56276,580
2021-12-09,Santa Barbara,083,443738,46695,46309,1621,47930,559
2021-12-09,Santa Clara,085,1922200,154363,152846,1672,154518,1941
2021-12-09,Santa Cruz,087,273765,21849,21557,1034,22591,225
2021-12-09,Shasta,089,179085,22799,22660,3714,26374,419
2021-12-09,Sierra,091,2930,201,199,21,220,0
2021-12-09,Siskiyou,093,43540,3478,3418,1358,4776,57
2021-12-09,Solano,095,438530,47591,46891,1351,48242,365
2021-12-09,Sonoma,097,501317,43691,43227,585,43812,407
2021-12-09,Stanislaus,099,539301,82045,82133,9286,91419,1264
2021-12-09,Sutter,101,95872,14368,14354,407,14761,187
2021-12-09,Tehama,103,63373,8863,8776,1536,10312,134
2021-12-09,Trinity,105,12862,910,819,220,1039,17
2021-12-09,Tulare,107,460477,71593,70523,16211,86734,1103
2021-12-09,Tuolumne,109,53932,7815,7760,115,7875,91
2021-12-09,Ventura,111,848112,101607,100711,4449,105160,1195
2021-12-09,Yolo,113,214977,20860,20608,1169,21777,267
2021-12-09,Yuba,115,75493,10601,10519,393,10912,92
2021-12-08,Alameda,001,1643700,124152,123438,2916,126354,1496
2021-12-08,Alpine,003,1148,106,108,0,108,0
2021-12-08,Amador,005,37829,5795,5781,71,5852,69
2021-12-08,Butte,007,227075,22046,21780,4060,25840,326
2021-12-08,Calaveras,009,45235,4509,4455,62,4517,89
2021-12-08,Colusa,011,21464,2634,2619,678,3297,21
2021-12-08,Contra Costa,013,1133247,103248,102506,2348,104854,1058
2021-12-08,Del Norte,015,27424,3803,3767,55,3822,42
2021-12-08,El Dorado,017,186661,17032,16757,1804,18561,170
2021-12-08,Fresno,019,978130,147433,145830,13210,159040,2293
2021-12-08,Glenn,021,27897,3615,3584,1048,4632,37
2021-12-08,Humboldt,023,135768,9834,9704,697,10401,117
2021-12-08,Imperial,025,180216,36096,35537,3720,39257,782
2021-12-08,Inyo,027,18085,2604,2570,39,2609,46
2021-12-08,Kern,029,883053,133923,132709,24096,156805,1846
2021-12-08,Kings,031,150075,33849,33468,2030,35498,371
2021-12-08,Lake,033,64148,6989,6927,159,7086,114
2021-12-08,Lassen,035,31185,7085,7041,422,7463,55
2021-12-08,Los Angeles,037,10098052,1485902,1472410,56048,1528458,27018
2021-12-08,Madera,039,155013,24607,24396,2318,26714,311
2021-12-08,Marin,041,260295,18514,18305,540,18845,249
2021-12-08,Mariposa,043,17540,1470,1447,61,1508,6
2021-12-08,Mendocino,045,87422,8243,8118,681,8799,95
2021-12-08,Merced,047,269075,43750,43631,2151,45782,680
2021-12-08,Modoc,049,8938,596,594,202,796,6
2021-12-08,Mono,051,14174,1943,1924,22,1946,4
2021-12-08,Monterey,053,433212,50334,48957,3287,52244,631
2021-12-08,Napa,055,140530,13503,13421,123,13544,107
2021-12-08,Nevada,057,99092,9968,9862,349,10211,106
2021-12-08,Orange,059,3164182,318000,315421,16231,331652,5795
2021-12-08,Placer,061,380077,39338,38934,3898,42832,478
2021-12-08,Plumas,063,18699,1989,1924,46,1970,12
2021-12-08,Riverside,065,2383286,379994,375099,16704,391803,5404
2021-12-08,Sacramento,067,1510023,166665,165278,5008,170286,2373
2021-12-08,San Benito,069,59416,7822,7793,182,7975,79
2021-12-08,San Bernardino,071,2135413,371555,367516,11820,379336,6006
2021-12-08,San Diego,073,3302833,394242,391676,23047,414723,4369
2021-12-08,San Francisco,075,870044,55612,54792,2432,57224,677
2021-12-08,San Joaquin,077,732212,103723,102877,5602,108479,1841
2021-12-08,San Luis Obispo,079,281455,30966,30519,1351,31870,361
2021-12-08,San Mateo,081,765935,56500,55220,986,56206,580
2021-12-08,Santa Barbara,083,443738,46640,46250,1618,47868,558
2021-12-08,Santa Clara,085,1922200,154199,152674,1661,154335,1937
2021-12-08,Santa Cruz,087,273765,21803,21505,1032,22537,224
2021-12-08,Shasta,089,179085,22779,22616,3708,26324,419
2021-12-08,Sierra,091,2930,201,199,21,220,0
2021-12-08,Siskiyou,093,43540,3477,3415,1356,4771,57
2021-12-08,Solano,095,438530,47561,46837,1350,48187,365
2021-12-08,Sonoma,097,501317,43629,43179,584,43763,405
2021-12-08,Stanislaus,099,539301,81964,82038,9273,91311,1264
2021-12-08,Sutter,101,95872,14352,14336,405,14741,187
2021-12-08,Tehama,103,63373,8854,8768,1536,10304,133
2021-12-08,Trinity,105,12862,910,818,220,1038,17
2021-12-08,Tulare,107,460477,71530,70472,16186,86658,1102
2021-12-08,Tuolumne,109,53932,7802,7749,115,7864,91
2021-12-08,Ventura,111,848112,101478,100647,4446,105093,1194
2021-12-08,Yolo,113,214977,20834,20575,1163,21738,267
2021-12-08,Yuba,115,75493,10587,10499,390,10889,92
2021-12-07,Alameda,001,1643700,123977,123325,2908,126233,1497
2021-12-07,Alpine,003,1148,106,108,0,108,0
2021-12-07,Amador,005,37829,5792,5778,70,5848,69
2021-12-07,Butte,007,227075,22021,21761,4054,25815,324
2021-12-07,Calaveras,009,45235,4492,4445,62,4507,88
2021-12-07,Colusa,011,21464,2632,2619,678,3297,21
2021-12-07,Contra Costa,013,1133247,103129,102421,2340,104761,1058
2021-12-07,Del Norte,015,27424,3802,3766,55,3821,42
2021-12-07,El Dorado,017,186661,17006,16742,1801,18543,170
2021-12-07,Fresno,019,978130,147285,145715,13196,158911,2289
2021-12-07,Glenn,021,27897,3614,3579,1048,4627,36
2021-12-07,Humboldt,023,135768,9808,9693,692,10385,117
2021-12-07,Imperial,025,180216,36018,35502,3699,39201,778
2021-12-07,Inyo,027,18085,2601,2567,39,2606,46
2021-12-07,Kern,029,883053,133763,132564,24043,156607,1838
2021-12-07,Kings,031,150075,33817,33441,2027,35468,372
2021-12-07,Lake,033,64148,6984,6925,159,7084,113
2021-12-07,Lassen,035,31185,7083,7040,421,7461,55
2021-12-07,Los Angeles,037,10098052,1484123,1470904,55948,1526852,27007
2021-12-07,Madera,039,155013,24584,24367,2311,26678,311
2021-12-07,Marin,041,260295,18481,18284,534,18818,249
2021-12-07,Mariposa,043,17540,1468,1446,61,1507,6
2021-12-07,Mendocino,045,87422,8224,8107,681,8788,95
2021-12-07,Merced,047,269075,43709,43600,2144,45744,675
2021-12-07,Modoc,049,8938,596,594,201,795,6
2021-12-07,Mono,051,14174,1941,1921,22,1943,4
2021-12-07,Monterey,053,433212,50250,48880,3270,52150,631
2021-12-07,Napa,055,140530,13485,13409,123,13532,107
2021-12-07,Nevada,057,99092,9953,9858,348,10206,105
2021-12-07,Orange,059,3164182,317666,315138,16182,331320,5784
2021-12-07,Placer,061,380077,39262,38860,3894,42754,474
2021-12-07,Plumas,063,18699,1985,1915,46,1961,12
2021-12-07,Riverside,065,2383286,379462,374552,16688,391240,5397
2021-12-07,Sacramento,067,1510023,166418,165148,4994,170142,2375
2021-12-07,San Benito,069,59416,7805,7776,182,7958,78
2021-12-07,San Bernardino,071,2135413,370962,366981,11802,378783,6007
2021-12-07,San Diego,073,3302833,393399,391110,23009,414119,4357
2021-12-07,San Francisco,075,870044,55501,54729,2427,57156,676
2021-12-07,San Joaquin,077,732212,103606,102797,5590,108387,1839
2021-12-07,San Luis Obispo,079,281455,30926,30495,1349,31844,361
2021-12-07,San Mateo,081,765935,56408,55163,980,56143,580
2021-12-07,Santa Barbara,083,443738,46568,46205,1616,47821,556
2021-12-07,Santa Clara,085,1922200,154013,152465,1652,154117,1941
2021-12-07,Santa Cruz,087,273765,21756,21493,1032,22525,224
2021-12-07,Shasta,089,179085,22757,22594,3705,26299,418
2021-12-07,Sierra,091,2930,201,199,21,220,0
2021-12-07,Siskiyou,093,43540,3475,3412,1356,4768,57
2021-12-07,Solano,095,438530,47521,46812,1348,48160,365
2021-12-07,Sonoma,097,501317,43555,43154,583,43737,405
2021-12-07,Stanislaus,099,539301,81886,81980,9262,91242,1258
2021-12-07,Sutter,101,95872,14344,14322,404,14726,186
2021-12-07,Tehama,103,63373,8846,8765,1535,10300,133
2021-12-07,Trinity,105,12862,910,818,220,1038,17
2021-12-07,Tulare,107,460477,71475,70411,16158,86569,1103
2021-12-07,Tuolumne,109,53932,7794,7743,115,7858,91
2021-12-07,Ventura,111,848112,101381,100569,4436,105005,1194
2021-12-07,Yolo,113,214977,20808,20560,1160,21720,263
2021-12-07,Yuba,115,75493,10569,10491,389,10880,91
2021-12-06,Alameda,001,1643700,123811,123227,2904,126131,1496
2021-12-06,Alpine,003,1148,106,108,0,108,0
2021-12-06,Amador,005,37829,5785,5769,69,5838,67
2021-12-06,Butte,007,227075,22003,21732,4051,25783,321
2021-12-06,Calaveras,009,45235,4485,4443,62,4505,88
2021-12-06,Colusa,011,21464,2631,2615,674,3289,21
2021-12-06,Contra Costa,013,1133247,103009,102327,2336,104663,1058
2021-12-06,Del Norte,015,27424,3800,3744,55,3799,42
2021-12-06,El Dorado,017,186661,16981,16726,1799,18525,168
2021-12-06,Fresno,019,978130,147088,145539,13185,158724,2285
2021-12-06,Glenn,021,27897,3611,3577,1047,4624,36
2021-12-06,Humboldt,023,135768,9788,9671,685,10356,117
2021-12-06,Imperial,025,180216,35937,35453,3681,39134,778
2021-12-06,Inyo,027,18085,2595,2562,38,2600,46
2021-12-06,Kern,029,883053,133575,132366,23987,156353,1835
2021-12-06,Kings,031,150075,33784,33399,2022,35421,368
2021-12-06,Lake,033,64148,6980,6922,159,7081,113
2021-12-06,Lassen,035,31185,7078,7032,419,7451,51
2021-12-06,Los Angeles,037,10098052,1482460,1470059,55856,1525915,26993
2021-12-06,Madera,039,155013,24557,24334,2308,26642,307
2021-12-06,Marin,041,260295,18453,18252,532,18784,249
2021-12-06,Mariposa,043,17540,1465,1443,61,1504,6
2021-12-06,Mendocino,045,87422,8211,8079,677,8756,95
2021-12-06,Merced,047,269075,43669,43549,2134,45683,672
2021-12-06,Modoc,049,8938,596,593,201,794,6
2021-12-06,Mono,051,14174,1936,1913,22,1935,4
2021-12-06,Monterey,053,433212,50174,48831,3251,52082,626
2021-12-06,Napa,055,140530,13462,13387,121,13508,107
2021-12-06,Nevada,057,99092,9925,9847,347,10194,105
2021-12-06,Orange,059,3164182,317285,314859,16140,330999,5771
2021-12-06,Placer,061,380077,39204,38785,3889,42674,473
2021-12-06,Plumas,063,18699,1977,1913,46,1959,10
2021-12-06,Riverside,065,2383286,378937,374116,16674,390790,5388
2021-12-06,Sacramento,067,1510023,166142,164926,4973,169899,2367
2021-12-06,San Benito,069,59416,7789,7755,182,7937,78
2021-12-06,San Bernardino,071,2135413,370402,366606,11775,378381,5998
2021-12-06,San Diego,073,3302833,392552,390389,22964,413353,4352
2021-12-06,San Francisco,075,870044,55393,54659,2422,57081,674
2021-12-06,San Joaquin,077,732212,103478,102728,5583,108311,1837
2021-12-06,San Luis Obispo,079,281455,30889,30464,1347,31811,361
2021-12-06,San Mateo,081,765935,56334,55112,977,56089,580
2021-12-06,Santa Barbara,083,443738,46475,46146,1615,47761,556
2021-12-06,Santa Clara,085,1922200,153804,152310,1635,153945,1937
2021-12-06,Santa Cruz,087,273765,21721,21450,1029,22479,224
2021-12-06,Shasta,089,179085,22734,22556,3697,26253,416
2021-12-06,Sierra,091,2930,200,198,21,219,0
2021-12-06,Siskiyou,093,43540,3473,3409,1351,4760,57
2021-12-06,Solano,095,438530,47476,46748,1347,48095,360
2021-12-06,Sonoma,097,501317,43484,43114,575,43689,405
2021-12-06,Stanislaus,099,539301,81789,81889,9228,91117,1241
2021-12-06,Sutter,101,95872,14332,14319,404,14723,186
2021-12-06,Tehama,103,63373,8838,8760,1535,10295,133
2021-12-06,Trinity,105,12862,910,815,219,1034,17
2021-12-06,Tulare,107,460477,71398,70285,16119,86404,1101
2021-12-06,Tuolumne,109,53932,7780,7726,115,7841,91
2021-12-06,Ventura,111,848112,101280,100426,4428,104854,1194
2021-12-06,Yolo,113,214977,20784,20548,1159,21707,263
2021-12-06,Yuba,115,75493,10554,10480,384,10864,91
2021-12-05,Alameda,001,1643700,123625,123104,2897,126001,1496
2021-12-05,Alpine,003,1148,105,108,0,108,0
2021-12-05,Amador,005,37829,5782,5761,69,5830,67
2021-12-05,Butte,007,227075,21969,21720,4045,25765,320
2021-12-05,Calaveras,009,45235,4469,4434,62,4496,88
2021-12-05,Colusa,011,21464,2630,2615,673,3288,21
2021-12-05,Contra Costa,013,1133247,102877,102251,2326,104577,1058
2021-12-05,Del Norte,015,27424,3798,3751,55,3806,42
2021-12-05,El Dorado,017,186661,16943,16717,1794,18511,168
2021-12-05,Fresno,019,978130,146914,145452,13164,158616,2284
2021-12-05,Glenn,021,27897,3609,3577,1046,4623,36
2021-12-05,Humboldt,023,135768,9757,9662,682,10344,117
2021-12-05,Imperial,025,180216,35843,35422,3652,39074,778
2021-12-05,Inyo,027,18085,2588,2559,38,2597,46
2021-12-05,Kern,029,883053,133411,132286,23935,156221,1833
2021-12-05,Kings,031,150075,33721,33360,2022,35382,369
2021-12-05,Lake,033,64148,6975,6919,158,7077,113
2021-12-05,Lassen,035,31185,7076,7031,419,7450,51
2021-12-05,Los Angeles,037,10098052,1480608,1468937,55722,1524659,26991
2021-12-05,Madera,039,155013,24516,24311,2305,26616,307
2021-12-05,Marin,041,260295,18406,18216,524,18740,249
2021-12-05,Mariposa,043,17540,1462,1440,60,1500,6
2021-12-05,Mendocino,045,87422,8192,8069,671,8740,95
2021-12-05,Merced,047,269075,43625,43534,2125,45659,672
2021-12-05,Modoc,049,8938,596,593,201,794,6
2021-12-05,Mono,051,14174,1929,1907,22,1929,4
2021-12-05,Monterey,053,433212,50102,48813,3219,52032,626
2021-12-05,Napa,055,140530,13436,13382,118,13500,107
2021-12-05,Nevada,057,99092,9904,9827,346,10173,105
2021-12-05,Orange,059,3164182,316849,314560,16098,330658,5771
2021-12-05,Placer,061,380077,39146,38738,3880,42618,473
2021-12-05,Plumas,063,18699,1973,1913,45,1958,9
2021-12-05,Riverside,065,2383286,378278,373827,16644,390471,5388
2021-12-05,Sacramento,067,1510023,165837,164721,4955,169676,2367
2021-12-05,San Benito,069,59416,7772,7748,181,7929,78
2021-12-05,San Bernardino,071,2135413,369694,366282,11728,378010,5998
2021-12-05,San Diego,073,3302833,391755,387979,22915,410894,4351
2021-12-05,San Francisco,075,870044,55292,54603,2420,57023,674
2021-12-05,San Joaquin,077,732212,103337,102698,5578,108276,1837
2021-12-05,San Luis Obispo,079,281455,30819,30454,1344,31798,360
2021-12-05,San Mateo,081,765935,56245,55050,967,56017,580
2021-12-05,Santa Barbara,083,443738,46392,46097,1607,47704,555
2021-12-05,Santa Clara,085,1922200,153551,152114,1616,153730,1933
2021-12-05,Santa Cruz,087,273765,21671,21424,1029,22453,224
2021-12-05,Shasta,089,179085,22678,22550,3696,26246,416
2021-12-05,Sierra,091,2930,200,198,21,219,0
2021-12-05,Siskiyou,093,43540,3471,3409,1350,4759,57
2021-12-05,Solano,095,438530,47413,46715,1345,48060,360
2021-12-05,Sonoma,097,501317,43407,43038,570,43608,405
2021-12-05,Stanislaus,099,539301,81651,81847,9218,91065,1241
2021-12-05,Sutter,101,95872,14309,14303,399,14702,186
2021-12-05,Tehama,103,63373,8830,8755,1533,10288,133
2021-12-05,Trinity,105,12862,909,815,219,1034,17
2021-12-05,Tulare,107,460477,71317,70254,16071,86325,1102
2021-12-05,Tuolumne,109,53932,7767,7718,115,7833,91
2021-12-05,Ventura,111,848112,101144,100367,4415,104782,1194
2021-12-05,Yolo,113,214977,20742,20512,1157,21669,263
2021-12-05,Yuba,115,75493,10541,10467,377,10844,91
2021-12-04,Alameda,001,1643700,123512,122508,2894,125402,1494
2021-12-04,Alpine,003,1148,105,108,0,108,0
2021-12-04,Amador,005,37829,5779,5729,69,5798,67
2021-12-04,Butte,007,227075,21950,21638,4041,25679,318
2021-12-04,Calaveras,009,45235,4461,4392,61,4453,88
2021-12-04,Colusa,011,21464,2630,2600,671,3271,21
2021-12-04,Contra Costa,013,1133247,102805,101824,2320,104144,1056
2021-12-04,Del Norte,015,27424,3795,3726,55,3781,42
2021-12-04,El Dorado,017,186661,16934,16621,1793,18414,168
2021-12-04,Fresno,019,978130,146825,144734,13155,157889,2270
2021-12-04,Glenn,021,27897,3609,3559,1046,4605,36
2021-12-04,Humboldt,023,135768,9742,9596,678,10274,117
2021-12-04,Imperial,025,180216,35790,35206,3639,38845,776
2021-12-04,Inyo,027,18085,2583,2538,38,2576,46
2021-12-04,Kern,029,883053,133331,131771,23912,155683,1817
2021-12-04,Kings,031,150075,33697,33183,2021,35204,367
2021-12-04,Lake,033,64148,6966,6903,158,7061,113
2021-12-04,Lassen,035,31185,7075,7014,417,7431,51
2021-12-04,Los Angeles,037,10098052,1479732,1463270,55645,1518915,26952
2021-12-04,Madera,039,155013,24502,24188,2301,26489,307
2021-12-04,Marin,041,260295,18385,18075,523,18598,249
2021-12-04,Mariposa,043,17540,1458,1421,60,1481,6
2021-12-04,Mendocino,045,87422,8187,7981,671,8652,91
2021-12-04,Merced,047,269075,43598,43337,2123,45460,671
2021-12-04,Modoc,049,8938,596,591,201,792,6
2021-12-04,Mono,051,14174,1929,1883,22,1905,4
2021-12-04,Monterey,053,433212,50070,48682,3212,51894,626
2021-12-04,Napa,055,140530,13426,13327,117,13444,106
2021-12-04,Nevada,057,99092,9896,9752,346,10098,105
2021-12-04,Orange,059,3164182,316617,313112,16072,329184,5748
2021-12-04,Placer,061,380077,39106,38460,3874,42334,473
2021-12-04,Plumas,063,18699,1970,1903,45,1948,7
2021-12-04,Riverside,065,2383286,377919,371768,16638,388406,5381
2021-12-04,Sacramento,067,1510023,165694,163900,4947,168847,2365
2021-12-04,San Benito,069,59416,7746,7688,181,7869,78
2021-12-04,San Bernardino,071,2135413,369305,364154,11715,375869,5983
2021-12-04,San Diego,073,3302833,391275,386710,22885,409595,4350
2021-12-04,San Francisco,075,870044,55224,54286,2417,56703,674
2021-12-04,San Joaquin,077,732212,103282,102286,5576,107862,1835
2021-12-04,San Luis Obispo,079,281455,30798,30318,1340,31658,360
2021-12-04,San Mateo,081,765935,56196,54774,964,55738,579
2021-12-04,Santa Barbara,083,443738,46347,45774,1607,47381,555
2021-12-04,Santa Clara,085,1922200,153397,151275,1602,152877,1928
2021-12-04,Santa Cruz,087,273765,21645,21286,1028,22314,224
2021-12-04,Shasta,089,179085,22661,22418,3694,26112,414
2021-12-04,Sierra,091,2930,200,196,21,217,0
2021-12-04,Siskiyou,093,43540,3469,3398,1350,4748,57
2021-12-04,Solano,095,438530,47393,46529,1344,47873,360
2021-12-04,Sonoma,097,501317,43362,42778,567,43345,405
2021-12-04,Stanislaus,099,539301,81579,81462,9211,90673,1231
2021-12-04,Sutter,101,95872,14301,14258,398,14656,186
2021-12-04,Tehama,103,63373,8828,8742,1533,10275,131
2021-12-04,Trinity,105,12862,908,801,219,1020,17
2021-12-04,Tulare,107,460477,71279,70014,16043,86057,1100
2021-12-04,Tuolumne,109,53932,7762,7676,115,7791,91
2021-12-04,Ventura,111,848112,101053,99751,4411,104162,1192
2021-12-04,Yolo,113,214977,20719,20442,1155,21597,261
2021-12-04,Yuba,115,75493,10530,10418,376,10794,91
2021-12-03,Alameda,001,1643700,123419,122508,2884,125392,1494
2021-12-03,Alpine,003,1148,105,108,0,108,0
2021-12-03,Amador,005,37829,5774,5729,68,5797,67
2021-12-03,Butte,007,227075,21937,21638,4036,25674,318
2021-12-03,Calaveras,009,45235,4452,4392,61,4453,88
2021-12-03,Colusa,011,21464,2628,2600,671,3271,21
2021-12-03,Contra Costa,013,1133247,102732,101824,2314,104138,1056
2021-12-03,Del Norte,015,27424,3793,3726,55,3781,42
2021-12-03,El Dorado,017,186661,16904,16621,1791,18412,168
2021-12-03,Fresno,019,978130,146711,144734,13152,157886,2270
2021-12-03,Glenn,021,27897,3608,3559,1045,4604,36
2021-12-03,Humboldt,023,135768,9725,9596,676,10272,117
2021-12-03,Imperial,025,180216,35748,35206,3609,38815,776
2021-12-03,Inyo,027,18085,2576,2538,38,2576,46
2021-12-03,Kern,029,883053,133259,131771,23877,155648,1817
2021-12-03,Kings,031,150075,33670,33183,2021,35204,367
2021-12-03,Lake,033,64148,6966,6903,158,7061,113
2021-12-03,Lassen,035,31185,7073,7014,416,7430,51
2021-12-03,Los Angeles,037,10098052,1478785,1463270,55569,1518839,26952
2021-12-03,Madera,039,155013,24476,24188,2297,26485,307
2021-12-03,Marin,041,260295,18352,18075,519,18594,249
2021-12-03,Mariposa,043,17540,1456,1421,60,1481,6
2021-12-03,Mendocino,045,87422,8180,7981,671,8652,91
2021-12-03,Merced,047,269075,43575,43337,2120,45457,671
2021-12-03,Modoc,049,8938,596,591,201,792,6
2021-12-03,Mono,051,14174,1923,1883,22,1905,4
2021-12-03,Monterey,053,433212,50031,48682,3201,51883,626
2021-12-03,Napa,055,140530,13414,13327,117,13444,106
2021-12-03,Nevada,057,99092,9885,9752,346,10098,105
2021-12-03,Orange,059,3164182,316348,313112,16041,329153,5748
2021-12-03,Placer,061,380077,39069,38460,3867,42327,473
2021-12-03,Plumas,063,18699,1967,1903,45,1948,7
2021-12-03,Riverside,065,2383286,377527,371768,16632,388400,5381
2021-12-03,Sacramento,067,1510023,165514,163900,4933,168833,2365
2021-12-03,San Benito,069,59416,7739,7688,181,7869,78
2021-12-03,San Bernardino,071,2135413,368856,364154,11704,375858,5983
2021-12-03,San Diego,073,3302833,390799,386710,22861,409571,4350
2021-12-03,San Francisco,075,870044,55154,54286,2413,56699,674
2021-12-03,San Joaquin,077,732212,103226,102286,5575,107861,1835
2021-12-03,San Luis Obispo,079,281455,30772,30318,1337,31655,360
2021-12-03,San Mateo,081,765935,56131,54774,961,55735,579
2021-12-03,Santa Barbara,083,443738,46311,45774,1607,47381,555
2021-12-03,Santa Clara,085,1922200,153215,151275,1587,152862,1928
2021-12-03,Santa Cruz,087,273765,21618,21286,1028,22314,224
2021-12-03,Shasta,089,179085,22646,22418,3694,26112,414
2021-12-03,Sierra,091,2930,200,196,21,217,0
2021-12-03,Siskiyou,093,43540,3466,3398,1348,4746,57
2021-12-03,Solano,095,438530,47351,46529,1343,47872,360
2021-12-03,Sonoma,097,501317,43326,42778,565,43343,405
2021-12-03,Stanislaus,099,539301,81522,81462,9202,90664,1231
2021-12-03,Sutter,101,95872,14288,14258,396,14654,186
2021-12-03,Tehama,103,63373,8827,8742,1532,10274,131
2021-12-03,Trinity,105,12862,908,801,219,1020,17
2021-12-03,Tulare,107,460477,71240,70014,16012,86026,1100
2021-12-03,Tuolumne,109,53932,7753,7676,115,7791,91
2021-12-03,Ventura,111,848112,100967,99751,4404,104155,1192
2021-12-03,Yolo,113,214977,20702,20442,1154,21596,261
2021-12-03,Yuba,115,75493,10522,10418,376,10794,91
2021-12-02,Alameda,001,1643700,123262,122508,2877,125385,1494
2021-12-02,Alpine,003,1148,105,108,0,108,0
2021-12-02,Amador,005,37829,5769,5729,67,5796,67
2021-12-02,Butte,007,227075,21912,21638,4031,25669,318
2021-12-02,Calaveras,009,45235,4442,4392,60,4452,88
2021-12-02,Colusa,011,21464,2627,2600,671,3271,21
2021-12-02,Contra Costa,013,1133247,102618,101824,2310,104134,1056
2021-12-02,Del Norte,015,27424,3785,3726,55,3781,42
2021-12-02,El Dorado,017,186661,16883,16621,1789,18410,168
2021-12-02,Fresno,019,978130,146541,144734,13139,157873,2270
2021-12-02,Glenn,021,27897,3608,3559,1042,4601,36
2021-12-02,Humboldt,023,135768,9706,9596,675,10271,117
2021-12-02,Imperial,025,180216,35680,35206,3587,38793,776
2021-12-02,Inyo,027,18085,2571,2538,38,2576,46
2021-12-02,Kern,029,883053,133089,131771,23825,155596,1817
2021-12-02,Kings,031,150075,33617,33183,2019,35202,367
2021-12-02,Lake,033,64148,6962,6903,158,7061,113
2021-12-02,Lassen,035,31185,7069,7014,416,7430,51
2021-12-02,Los Angeles,037,10098052,1477263,1463270,55482,1518752,26952
2021-12-02,Madera,039,155013,24439,24188,2288,26476,307
2021-12-02,Marin,041,260295,18321,18075,515,18590,249
2021-12-02,Mariposa,043,17540,1453,1421,60,1481,6
2021-12-02,Mendocino,045,87422,8164,7981,670,8651,91
2021-12-02,Merced,047,269075,43529,43337,2115,45452,671
2021-12-02,Modoc,049,8938,595,591,201,792,6
2021-12-02,Mono,051,14174,1917,1883,22,1905,4
2021-12-02,Monterey,053,433212,49956,48682,3179,51861,626
2021-12-02,Napa,055,140530,13401,13327,117,13444,106
2021-12-02,Nevada,057,99092,9867,9752,345,10097,105
2021-12-02,Orange,059,3164182,316004,313112,16004,329116,5748
2021-12-02,Placer,061,380077,39003,38460,3862,42322,473
2021-12-02,Plumas,063,18699,1964,1903,45,1948,7
2021-12-02,Riverside,065,2383286,376999,371768,16622,388390,5381
2021-12-02,Sacramento,067,1510023,165287,163900,4923,168823,2365
2021-12-02,San Benito,069,59416,7719,7688,181,7869,78
2021-12-02,San Bernardino,071,2135413,368302,364154,11684,375838,5983
2021-12-02,San Diego,073,3302833,390158,386710,22806,409516,4350
2021-12-02,San Francisco,075,870044,55059,54286,2408,56694,674
2021-12-02,San Joaquin,077,732212,103112,102286,5570,107856,1835
2021-12-02,San Luis Obispo,079,281455,30738,30318,1330,31648,360
2021-12-02,San Mateo,081,765935,56050,54774,953,55727,579
2021-12-02,Santa Barbara,083,443738,46230,45774,1604,47378,555
2021-12-02,Santa Clara,085,1922200,152969,151275,1570,152845,1928
2021-12-02,Santa Cruz,087,273765,21567,21286,1027,22313,224
2021-12-02,Shasta,089,179085,22613,22418,3693,26111,414
2021-12-02,Sierra,091,2930,200,196,21,217,0
2021-12-02,Siskiyou,093,43540,3465,3398,1341,4739,57
2021-12-02,Solano,095,438530,47301,46529,1341,47870,360
2021-12-02,Sonoma,097,501317,43252,42778,565,43343,405
2021-12-02,Stanislaus,099,539301,81427,81462,9194,90656,1231
2021-12-02,Sutter,101,95872,14275,14258,393,14651,186
2021-12-02,Tehama,103,63373,8820,8742,1530,10272,131
2021-12-02,Trinity,105,12862,908,801,219,1020,17
2021-12-02,Tulare,107,460477,71153,70014,15962,85976,1100
2021-12-02,Tuolumne,109,53932,7738,7676,114,7790,91
2021-12-02,Ventura,111,848112,100842,99751,4402,104153,1192
2021-12-02,Yolo,113,214977,20678,20442,1150,21592,261
2021-12-02,Yuba,115,75493,10506,10418,373,10791,91
2021-12-01,Alameda,001,1643700,123111,122298,2868,125166,1492
2021-12-01,Alpine,003,1148,105,108,0,108,0
2021-12-01,Amador,005,37829,5762,5723,67,5790,67
2021-12-01,Butte,007,227075,21894,21600,4026,25626,318
2021-12-01,Calaveras,009,45235,4437,4371,60,4431,88
2021-12-01,Colusa,011,21464,2620,2595,669,3264,20
2021-12-01,Contra Costa,013,1133247,102510,101651,2300,103951,1048
2021-12-01,Del Norte,015,27424,3783,3722,55,3777,42
2021-12-01,El Dorado,017,186661,16862,16575,1787,18362,166
2021-12-01,Fresno,019,978130,146334,144507,13131,157638,2264
2021-12-01,Glenn,021,27897,3602,3556,1041,4597,36
2021-12-01,Humboldt,023,135768,9682,9573,670,10243,117
2021-12-01,Imperial,025,180216,35600,35085,3560,38645,776
2021-12-01,Inyo,027,18085,2567,2533,38,2571,46
2021-12-01,Kern,029,883053,132942,131580,23770,155350,1804
2021-12-01,Kings,031,150075,33567,33112,2018,35130,364
2021-12-01,Lake,033,64148,6954,6896,157,7053,112
2021-12-01,Lassen,035,31185,7064,7008,414,7422,51
2021-12-01,Los Angeles,037,10098052,1475671,1461394,55387,1516781,26928
2021-12-01,Madera,039,155013,24408,24134,2279,26413,307
2021-12-01,Marin,041,260295,18283,18038,509,18547,249
2021-12-01,Mariposa,043,17540,1449,1415,60,1475,6
2021-12-01,Mendocino,045,87422,8150,7966,665,8631,90
2021-12-01,Merced,047,269075,43474,43259,2094,45353,670
2021-12-01,Modoc,049,8938,595,576,201,777,5
2021-12-01,Mono,051,14174,1912,1876,22,1898,4
2021-12-01,Monterey,053,433212,49907,48611,3170,51781,626
2021-12-01,Napa,055,140530,13384,13319,114,13433,107
2021-12-01,Nevada,057,99092,9854,9706,345,10051,105
2021-12-01,Orange,059,3164182,315637,312772,15968,328740,5735
2021-12-01,Placer,061,380077,38948,38373,3856,42229,472
2021-12-01,Plumas,063,18699,1960,1893,45,1938,7
2021-12-01,Riverside,065,2383286,376473,371189,16605,387794,5369
2021-12-01,Sacramento,067,1510023,165075,163616,4906,168522,2360
2021-12-01,San Benito,069,59416,7705,7669,181,7850,78
2021-12-01,San Bernardino,071,2135413,367709,363368,11658,375026,5973
2021-12-01,San Diego,073,3302833,389361,386056,22750,408806,4346
2021-12-01,San Francisco,075,870044,54977,54199,2401,56600,672
2021-12-01,San Joaquin,077,732212,103004,102109,5569,107678,1834
2021-12-01,San Luis Obispo,079,281455,30696,30238,1326,31564,360
2021-12-01,San Mateo,081,765935,55969,54711,950,55661,579
2021-12-01,Santa Barbara,083,443738,46160,45681,1602,47283,554
2021-12-01,Santa Clara,085,1922200,152749,150961,1552,152513,1925
2021-12-01,Santa Cruz,087,273765,21538,21191,1026,22217,224
2021-12-01,Shasta,089,179085,22582,22375,3687,26062,410
2021-12-01,Sierra,091,2930,200,195,21,216,0
2021-12-01,Siskiyou,093,43540,3462,3391,1341,4732,55
2021-12-01,Solano,095,438530,47256,46485,1341,47826,360
2021-12-01,Sonoma,097,501317,43176,42713,564,43277,405
2021-12-01,Stanislaus,099,539301,81330,81330,9181,90511,1231
2021-12-01,Sutter,101,95872,14260,14229,392,14621,186
2021-12-01,Tehama,103,63373,8810,8728,1530,10258,130
2021-12-01,Trinity,105,12862,903,801,219,1020,17
2021-12-01,Tulare,107,460477,71078,69953,15922,85875,1098
2021-12-01,Tuolumne,109,53932,7730,7655,114,7769,91
2021-12-01,Ventura,111,848112,100736,99680,4391,104071,1191
2021-12-01,Yolo,113,214977,20650,20393,1150,21543,260
2021-12-01,Yuba,115,75493,10495,10401,373,10774,89
2021-11-30,Alameda,001,1643700,122940,122196,2860,125056,1489
2021-11-30,Alpine,003,1148,105,108,0,108,0
2021-11-30,Amador,005,37829,5754,5716,67,5783,66
2021-11-30,Butte,007,227075,21865,21565,4015,25580,318
2021-11-30,Calaveras,009,45235,4419,4360,60,4420,88
2021-11-30,Colusa,011,21464,2619,2592,669,3261,21
2021-11-30,Contra Costa,013,1133247,102376,101538,2293,103831,1046
2021-11-30,Del Norte,015,27424,3777,3718,55,3773,42
2021-11-30,El Dorado,017,186661,16834,16558,1781,18339,166
2021-11-30,Fresno,019,978130,146134,144384,13121,157505,2259
2021-11-30,Glenn,021,27897,3597,3555,1040,4595,36
2021-11-30,Humboldt,023,135768,9651,9539,664,10203,116
2021-11-30,Imperial,025,180216,35492,34999,3533,38532,773
2021-11-30,Inyo,027,18085,2558,2530,38,2568,46
2021-11-30,Kern,029,883053,132775,131451,23713,155164,1799
2021-11-30,Kings,031,150075,33515,33074,2014,35088,362
2021-11-30,Lake,033,64148,6948,6892,155,7047,110
2021-11-30,Lassen,035,31185,7060,7003,413,7416,51
2021-11-30,Los Angeles,037,10098052,1473869,1460177,55287,1515464,26913
2021-11-30,Madera,039,155013,24374,24108,2274,26382,307
2021-11-30,Marin,041,260295,18239,18010,507,18517,249
2021-11-30,Mariposa,043,17540,1443,1412,60,1472,6
2021-11-30,Mendocino,045,87422,8121,7960,659,8619,89
2021-11-30,Merced,047,269075,43406,43200,2086,45286,668
2021-11-30,Modoc,049,8938,594,576,201,777,5
2021-11-30,Mono,051,14174,1909,1873,22,1895,4
2021-11-30,Monterey,053,433212,49844,48581,3160,51741,626
2021-11-30,Napa,055,140530,13364,13308,114,13422,105
2021-11-30,Nevada,057,99092,9838,9699,344,10043,105
2021-11-30,Orange,059,3164182,315215,312451,15926,328377,5724
2021-11-30,Placer,061,380077,38845,38324,3848,42172,470
2021-11-30,Plumas,063,18699,1955,1887,44,1931,7
2021-11-30,Riverside,065,2383286,375789,370739,16580,387319,5358
2021-11-30,Sacramento,067,1510023,164793,163420,4884,168304,2353
2021-11-30,San Benito,069,59416,7683,7645,180,7825,78
2021-11-30,San Bernardino,071,2135413,367023,363006,11635,374641,5967
2021-11-30,San Diego,073,3302833,388432,385405,22703,408108,4340
2021-11-30,San Francisco,075,870044,54871,54147,2392,56539,672
2021-11-30,San Joaquin,077,732212,102878,101972,5561,107533,1834
2021-11-30,San Luis Obispo,079,281455,30671,30200,1324,31524,360
2021-11-30,San Mateo,081,765935,55864,54656,940,55596,579
2021-11-30,Santa Barbara,083,443738,46064,45628,1596,47224,553
2021-11-30,Santa Clara,085,1922200,152490,150799,1535,152334,1929
2021-11-30,Santa Cruz,087,273765,21479,21169,1022,22191,224
2021-11-30,Shasta,089,179085,22552,22347,3684,26031,401
2021-11-30,Sierra,091,2930,197,195,21,216,0
2021-11-30,Siskiyou,093,43540,3458,3385,1338,4723,55
2021-11-30,Solano,095,438530,47193,46434,1335,47769,358
2021-11-30,Sonoma,097,501317,43097,42663,561,43224,405
2021-11-30,Stanislaus,099,539301,81226,81276,9153,90429,1227
2021-11-30,Sutter,101,95872,14249,14210,389,14599,186
2021-11-30,Tehama,103,63373,8803,8727,1529,10256,130
2021-11-30,Trinity,105,12862,902,799,219,1018,17
2021-11-30,Tulare,107,460477,70991,69900,15876,85776,1099
2021-11-30,Tuolumne,109,53932,7715,7643,114,7757,91
2021-11-30,Ventura,111,848112,100582,99601,4380,103981,1191
2021-11-30,Yolo,113,214977,20608,20376,1144,21520,260
2021-11-30,Yuba,115,75493,10476,10398,368,10766,89
2021-11-29,Alameda,001,1643700,122779,122136,2851,124987,1489
2021-11-29,Alpine,003,1148,105,108,0,108,0
2021-11-29,Amador,005,37829,5747,5706,67,5773,66
2021-11-29,Butte,007,227075,21835,21544,4007,25551,314
2021-11-29,Calaveras,009,45235,4403,4353,60,4413,88
2021-11-29,Colusa,011,21464,2617,2585,666,3251,20
2021-11-29,Contra Costa,013,1133247,102227,101441,2285,103726,1046
2021-11-29,Del Norte,015,27424,3774,3704,55,3759,42
2021-11-29,El Dorado,017,186661,16816,16534,1776,18310,166
2021-11-29,Fresno,019,978130,145927,144282,13098,157380,2254
2021-11-29,Glenn,021,27897,3594,3555,1039,4594,36
2021-11-29,Humboldt,023,135768,9634,9514,657,10171,115
2021-11-29,Imperial,025,180216,35427,34960,3512,38472,773
2021-11-29,Inyo,027,18085,2553,2529,38,2567,46
2021-11-29,Kern,029,883053,132591,131362,23672,155034,1789
2021-11-29,Kings,031,150075,33462,33059,2010,35069,363
2021-11-29,Lake,033,64148,6936,6889,155,7044,110
2021-11-29,Lassen,035,31185,7057,7003,411,7414,51
2021-11-29,Los Angeles,037,10098052,1472020,1459446,55203,1514649,26889
2021-11-29,Madera,039,155013,24338,24069,2266,26335,307
2021-11-29,Marin,041,260295,18192,17980,502,18482,249
2021-11-29,Mariposa,043,17540,1435,1409,60,1469,6
2021-11-29,Mendocino,045,87422,8104,7954,655,8609,89
2021-11-29,Merced,047,269075,43333,43167,2078,45245,667
2021-11-29,Modoc,049,8938,593,569,201,770,5
2021-11-29,Mono,051,14174,1892,1859,22,1881,4
2021-11-29,Monterey,053,433212,49783,48548,3144,51692,626
2021-11-29,Napa,055,140530,13354,13304,114,13418,104
2021-11-29,Nevada,057,99092,9824,9689,344,10033,105
2021-11-29,Orange,059,3164182,314812,312203,15880,328083,5709
2021-11-29,Placer,061,380077,38780,38261,3843,42104,470
2021-11-29,Plumas,063,18699,1952,1884,44,1928,7
2021-11-29,Riverside,065,2383286,375251,370334,16569,386903,5358
2021-11-29,Sacramento,067,1510023,164545,163282,4852,168134,2342
2021-11-29,San Benito,069,59416,7663,7631,179,7810,77
2021-11-29,San Bernardino,071,2135413,366419,362694,11601,374295,5962
2021-11-29,San Diego,073,3302833,387544,384853,22669,407522,4335
2021-11-29,San Francisco,075,870044,54772,54125,2388,56513,669
2021-11-29,San Joaquin,077,732212,102739,101927,5554,107481,1834
2021-11-29,San Luis Obispo,079,281455,30637,30165,1320,31485,359
2021-11-29,San Mateo,081,765935,55761,54622,936,55558,579
2021-11-29,Santa Barbara,083,443738,45967,45576,1592,47168,549
2021-11-29,Santa Clara,085,1922200,152216,150620,1529,152149,1925
2021-11-29,Santa Cruz,087,273765,21441,21149,1021,22170,224
2021-11-29,Shasta,089,179085,22517,22315,3680,25995,399
2021-11-29,Sierra,091,2930,197,195,21,216,0
2021-11-29,Siskiyou,093,43540,3455,3374,1331,4705,55
2021-11-29,Solano,095,438530,47141,46412,1333,47745,357
2021-11-29,Sonoma,097,501317,43020,42624,558,43182,405
2021-11-29,Stanislaus,099,539301,81144,81227,9135,90362,1223
2021-11-29,Sutter,101,95872,14233,14204,386,14590,186
2021-11-29,Tehama,103,63373,8798,8720,1524,10244,130
2021-11-29,Trinity,105,12862,897,798,219,1017,17
2021-11-29,Tulare,107,460477,70911,69850,15842,85692,1096
2021-11-29,Tuolumne,109,53932,7702,7627,114,7741,90
2021-11-29,Ventura,111,848112,100462,99520,4371,103891,1190
2021-11-29,Yolo,113,214977,20563,20344,1142,21486,257
2021-11-29,Yuba,115,75493,10459,10395,367,10762,89
2021-11-28,Alameda,001,1643700,122560,122082,2845,124927,1491
2021-11-28,Alpine,003,1148,105,108,0,108,0
2021-11-28,Amador,005,37829,5737,5703,67,5770,66
2021-11-28,Butte,007,227075,21794,21530,4004,25534,313
2021-11-28,Calaveras,009,45235,4382,4350,60,4410,88
2021-11-28,Colusa,011,21464,2613,2586,665,3251,19
2021-11-28,Contra Costa,013,1133247,102054,101355,2275,103630,1046
2021-11-28,Del Norte,015,27424,3769,3703,55,3758,42
2021-11-28,El Dorado,017,186661,16775,16527,1775,18302,166
2021-11-28,Fresno,019,978130,145681,144164,13072,157236,2252
2021-11-28,Glenn,021,27897,3591,3547,1037,4584,36
2021-11-28,Humboldt,023,135768,9602,9499,653,10152,115
2021-11-28,Imperial,025,180216,35319,34929,3488,38417,773
2021-11-28,Inyo,027,18085,2546,2531,38,2569,46
2021-11-28,Kern,029,883053,132384,131279,23615,154894,1789
2021-11-28,Kings,031,150075,33389,33057,2004,35061,364
2021-11-28,Lake,033,64148,6926,6885,154,7039,110
2021-11-28,Lassen,035,31185,7048,7002,407,7409,51
2021-11-28,Los Angeles,037,10098052,1469848,1458646,55117,1513763,26878
2021-11-28,Madera,039,155013,24290,24055,2259,26314,307
2021-11-28,Marin,041,260295,18144,17962,498,18460,249
2021-11-28,Mariposa,043,17540,1431,1406,60,1466,6
2021-11-28,Mendocino,045,87422,8074,7943,650,8593,89
2021-11-28,Merced,047,269075,43266,43166,2063,45229,667
2021-11-28,Modoc,049,8938,592,569,201,770,5
2021-11-28,Mono,051,14174,1886,1841,22,1863,4
2021-11-28,Monterey,053,433212,49718,48537,3125,51662,626
2021-11-28,Napa,055,140530,13341,13303,114,13417,104
2021-11-28,Nevada,057,99092,9798,9684,343,10027,105
2021-11-28,Orange,059,3164182,314427,312028,15838,327866,5693
2021-11-28,Placer,061,380077,38698,38240,3824,42064,470
2021-11-28,Plumas,063,18699,1946,1884,43,1927,7
2021-11-28,Riverside,065,2383286,374587,370051,16547,386598,5358
2021-11-28,Sacramento,067,1510023,164189,163170,4829,167999,2335
2021-11-28,San Benito,069,59416,7644,7623,178,7801,77
2021-11-28,San Bernardino,071,2135413,365677,362407,11573,373980,5958
2021-11-28,San Diego,073,3302833,386655,383025,22605,405630,4325
2021-11-28,San Francisco,075,870044,54696,54082,2383,56465,669
2021-11-28,San Joaquin,077,732212,102559,101895,5537,107432,1834
2021-11-28,San Luis Obispo,079,281455,30574,30152,1316,31468,358
2021-11-28,San Mateo,081,765935,55667,54567,932,55499,579
2021-11-28,Santa Barbara,083,443738,45888,45551,1581,47132,549
2021-11-28,Santa Clara,085,1922200,151915,150436,1514,151950,1920
2021-11-28,Santa Cruz,087,273765,21370,21110,1020,22130,224
2021-11-28,Shasta,089,179085,22478,22316,3678,25994,400
2021-11-28,Sierra,091,2930,197,195,21,216,0
2021-11-28,Siskiyou,093,43540,3449,3372,1327,4699,55
2021-11-28,Solano,095,438530,47079,46385,1332,47717,356
2021-11-28,Sonoma,097,501317,42934,42583,555,43138,405
2021-11-28,Stanislaus,099,539301,81019,81181,9113,90294,1223
2021-11-28,Sutter,101,95872,14211,14192,380,14572,186
2021-11-28,Tehama,103,63373,8790,8720,1520,10240,130
2021-11-28,Trinity,105,12862,896,797,219,1016,17
2021-11-28,Tulare,107,460477,70814,69833,15790,85623,1095
2021-11-28,Tuolumne,109,53932,7681,7620,114,7734,90
2021-11-28,Ventura,111,848112,100306,99486,4360,103846,1190
2021-11-28,Yolo,113,214977,20520,20333,1141,21474,257
2021-11-28,Yuba,115,75493,10441,10391,365,10756,89
2021-11-27,Alameda,001,1643700,122462,121618,2842,124460,1477
2021-11-27,Alpine,003,1148,105,106,0,106,0
2021-11-27,Amador,005,37829,5736,5670,67,5737,66
2021-11-27,Butte,007,227075,21771,21384,3999,25383,309
2021-11-27,Calaveras,009,45235,4376,4294,60,4354,85
2021-11-27,Colusa,011,21464,2612,2568,663,3231,19
2021-11-27,Contra Costa,013,1133247,101969,100961,2274,103235,1045
2021-11-27,Del Norte,015,27424,3762,3661,55,3716,42
2021-11-27,El Dorado,017,186661,16741,16399,1774,18173,161
2021-11-27,Fresno,019,978130,145569,143386,13066,156452,2246
2021-11-27,Glenn,021,27897,3587,3532,1036,4568,36
2021-11-27,Humboldt,023,135768,9574,9399,651,10050,115
2021-11-27,Imperial,025,180216,35237,34611,3472,38083,769
2021-11-27,Inyo,027,18085,2543,2506,38,2544,45
2021-11-27,Kern,029,883053,132299,130245,23586,153831,1773
2021-11-27,Kings,031,150075,33367,32891,2001,34892,358
2021-11-27,Lake,033,64148,6923,6836,153,6989,110
2021-11-27,Lassen,035,31185,7046,6959,406,7365,47
2021-11-27,Los Angeles,037,10098052,1468842,1454495,55049,1509544,26817
2021-11-27,Madera,039,155013,24269,23880,2254,26134,296
2021-11-27,Marin,041,260295,18105,17857,493,18350,248
2021-11-27,Mariposa,043,17540,1429,1374,60,1434,6
2021-11-27,Mendocino,045,87422,8055,7871,650,8521,89
2021-11-27,Merced,047,269075,43231,42921,2060,44981,664
2021-11-27,Modoc,049,8938,590,551,201,752,5
2021-11-27,Mono,051,14174,1884,1810,22,1832,4
2021-11-27,Monterey,053,433212,49685,48400,3111,51511,625
2021-11-27,Napa,055,140530,13327,13256,114,13370,104
2021-11-27,Nevada,057,99092,9776,9584,342,9926,103
2021-11-27,Orange,059,3164182,314176,310809,15801,326610,5665
2021-11-27,Placer,061,380077,38637,38001,3818,41819,468
2021-11-27,Plumas,063,18699,1942,1860,43,1903,7
2021-11-27,Riverside,065,2383286,374229,367601,16540,384141,5306
2021-11-27,Sacramento,067,1510023,164031,162328,4826,167154,2335
2021-11-27,San Benito,069,59416,7628,7575,178,7753,77
2021-11-27,San Bernardino,071,2135413,365242,360033,11564,371597,5932
2021-11-27,San Diego,073,3302833,386160,382634,22579,405213,4319
2021-11-27,San Francisco,075,870044,54646,53830,2380,56210,669
2021-11-27,San Joaquin,077,732212,102491,101368,5534,106902,1833
2021-11-27,San Luis Obispo,079,281455,30539,29983,1312,31295,358
2021-11-27,San Mateo,081,765935,55610,54360,929,55289,577
2021-11-27,Santa Barbara,083,443738,45834,45318,1579,46897,548
2021-11-27,Santa Clara,085,1922200,151708,149700,1507,151207,1922
2021-11-27,Santa Cruz,087,273765,21330,20929,1017,21946,222
2021-11-27,Shasta,089,179085,22455,22151,3677,25828,396
2021-11-27,Sierra,091,2930,196,194,21,215,0
2021-11-27,Siskiyou,093,43540,3446,3336,1325,4661,54
2021-11-27,Solano,095,438530,47043,46163,1329,47492,356
2021-11-27,Sonoma,097,501317,42871,42368,555,42923,405
2021-11-27,Stanislaus,099,539301,80950,80782,9096,89878,1220
2021-11-27,Sutter,101,95872,14203,14127,379,14506,181
2021-11-27,Tehama,103,63373,8788,8675,1519,10194,129
2021-11-27,Trinity,105,12862,896,789,219,1008,17
2021-11-27,Tulare,107,460477,70761,69377,15774,85151,1082
2021-11-27,Tuolumne,109,53932,7668,7574,114,7688,90
2021-11-27,Ventura,111,848112,100233,99163,4353,103516,1188
2021-11-27,Yolo,113,214977,20499,20237,1132,21369,257
2021-11-27,Yuba,115,75493,10430,10335,365,10700,88
2021-11-26,Alameda,001,1643700,122354,121618,2840,124458,1477
2021-11-26,Alpine,003,1148,105,106,0,106,0
2021-11-26,Amador,005,37829,5732,5670,67,5737,66
2021-11-26,Butte,007,227075,21748,21384,3994,25378,309
2021-11-26,Calaveras,009,45235,4367,4294,60,4354,85
2021-11-26,Colusa,011,21464,2610,2568,662,3230,19
2021-11-26,Contra Costa,013,1133247,101881,100961,2270,103231,1045
2021-11-26,Del Norte,015,27424,3759,3661,55,3716,42
2021-11-26,El Dorado,017,186661,16724,16399,1771,18170,161
2021-11-26,Fresno,019,978130,145436,143386,13056,156442,2246
2021-11-26,Glenn,021,27897,3584,3532,1036,4568,36
2021-11-26,Humboldt,023,135768,9555,9399,647,10046,115
2021-11-26,Imperial,025,180216,35180,34611,3459,38070,769
2021-11-26,Inyo,027,18085,2543,2506,38,2544,45
2021-11-26,Kern,029,883053,132216,130245,23542,153787,1773
2021-11-26,Kings,031,150075,33343,32891,1999,34890,358
2021-11-26,Lake,033,64148,6921,6836,153,6989,110
2021-11-26,Lassen,035,31185,7040,6959,406,7365,47
2021-11-26,Los Angeles,037,10098052,1467994,1454495,54988,1509483,26817
2021-11-26,Madera,039,155013,24242,23880,2252,26132,296
2021-11-26,Marin,041,260295,18076,17857,493,18350,248
2021-11-26,Mariposa,043,17540,1423,1374,59,1433,6
2021-11-26,Mendocino,045,87422,8045,7871,650,8521,89
2021-11-26,Merced,047,269075,43201,42921,2056,44977,664
2021-11-26,Modoc,049,8938,588,551,201,752,5
2021-11-26,Mono,051,14174,1873,1810,22,1832,4
2021-11-26,Monterey,053,433212,49642,48400,3104,51504,625
2021-11-26,Napa,055,140530,13311,13256,114,13370,104
2021-11-26,Nevada,057,99092,9764,9584,342,9926,103
2021-11-26,Orange,059,3164182,313907,310809,15769,326578,5665
2021-11-26,Placer,061,380077,38592,38001,3810,41811,468
2021-11-26,Plumas,063,18699,1937,1860,43,1903,7
2021-11-26,Riverside,065,2383286,373827,367601,16533,384134,5306
2021-11-26,Sacramento,067,1510023,163918,162328,4821,167149,2335
2021-11-26,San Benito,069,59416,7620,7575,178,7753,77
2021-11-26,San Bernardino,071,2135413,364809,360033,11557,371590,5932
2021-11-26,San Diego,073,3302833,385615,382634,22567,405201,4319
2021-11-26,San Francisco,075,870044,54598,53830,2378,56208,669
2021-11-26,San Joaquin,077,732212,102434,101368,5533,106901,1833
2021-11-26,San Luis Obispo,079,281455,30497,29983,1309,31292,358
2021-11-26,San Mateo,081,765935,55547,54360,928,55288,577
2021-11-26,Santa Barbara,083,443738,45787,45318,1578,46896,548
2021-11-26,Santa Clara,085,1922200,151539,149700,1499,151199,1922
2021-11-26,Santa Cruz,087,273765,21290,20929,1017,21946,222
2021-11-26,Shasta,089,179085,22435,22151,3675,25826,396
2021-11-26,Sierra,091,2930,196,194,21,215,0
2021-11-26,Siskiyou,093,43540,3443,3336,1324,4660,54
2021-11-26,Solano,095,438530,47002,46163,1328,47491,356
2021-11-26,Sonoma,097,501317,42821,42368,553,42921,405
2021-11-26,Stanislaus,099,539301,80877,80782,9085,89867,1220
2021-11-26,Sutter,101,95872,14190,14127,378,14505,181
2021-11-26,Tehama,103,63373,8786,8675,1518,10193,129
2021-11-26,Trinity,105,12862,895,789,219,1008,17
2021-11-26,Tulare,107,460477,70715,69377,15742,85119,1082
2021-11-26,Tuolumne,109,53932,7658,7574,114,7688,90
2021-11-26,Ventura,111,848112,100153,99163,4348,103511,1188
2021-11-26,Yolo,113,214977,20480,20237,1125,21362,257
2021-11-26,Yuba,115,75493,10424,10335,365,10700,88
2021-11-25,Alameda,001,1643700,122245,121618,2835,124453,1477
2021-11-25,Alpine,003,1148,105,106,0,106,0
2021-11-25,Amador,005,37829,5724,5670,67,5737,66
2021-11-25,Butte,007,227075,21730,21384,3992,25376,309
2021-11-25,Calaveras,009,45235,4362,4294,60,4354,85
2021-11-25,Colusa,011,21464,2607,2568,660,3228,19
2021-11-25,Contra Costa,013,1133247,101777,100961,2267,103228,1045
2021-11-25,Del Norte,015,27424,3754,3661,55,3716,42
2021-11-25,El Dorado,017,186661,16705,16399,1771,18170,161
2021-11-25,Fresno,019,978130,145303,143386,13047,156433,2246
2021-11-25,Glenn,021,27897,3581,3532,1035,4567,36
2021-11-25,Humboldt,023,135768,9536,9399,644,10043,115
2021-11-25,Imperial,025,180216,35135,34611,3448,38059,769
2021-11-25,Inyo,027,18085,2541,2506,38,2544,45
2021-11-25,Kern,029,883053,132118,130245,23496,153741,1773
2021-11-25,Kings,031,150075,33315,32891,1998,34889,358
2021-11-25,Lake,033,64148,6914,6836,153,6989,110
2021-11-25,Lassen,035,31185,7038,6959,405,7364,47
2021-11-25,Los Angeles,037,10098052,1467024,1454495,54931,1509426,26817
2021-11-25,Madera,039,155013,24206,23880,2251,26131,296
2021-11-25,Marin,041,260295,18049,17857,487,18344,248
2021-11-25,Mariposa,043,17540,1420,1374,59,1433,6
2021-11-25,Mendocino,045,87422,8027,7871,650,8521,89
2021-11-25,Merced,047,269075,43162,42921,2050,44971,664
2021-11-25,Modoc,049,8938,587,551,201,752,5
2021-11-25,Mono,051,14174,1862,1810,22,1832,4
2021-11-25,Monterey,053,433212,49598,48400,3095,51495,625
2021-11-25,Napa,055,140530,13303,13256,114,13370,104
2021-11-25,Nevada,057,99092,9745,9584,339,9923,103
2021-11-25,Orange,059,3164182,313644,310809,15738,326547,5665
2021-11-25,Placer,061,380077,38546,38001,3804,41805,468
2021-11-25,Plumas,063,18699,1935,1860,43,1903,7
2021-11-25,Riverside,065,2383286,373412,367601,16526,384127,5306
2021-11-25,Sacramento,067,1510023,163739,162328,4815,167143,2335
2021-11-25,San Benito,069,59416,7613,7575,178,7753,77
2021-11-25,San Bernardino,071,2135413,364410,360033,11540,371573,5932
2021-11-25,San Diego,073,3302833,385173,382634,22548,405182,4319
2021-11-25,San Francisco,075,870044,54548,53830,2375,56205,669
2021-11-25,San Joaquin,077,732212,102351,101368,5529,106897,1833
2021-11-25,San Luis Obispo,079,281455,30467,29983,1307,31290,358
2021-11-25,San Mateo,081,765935,55498,54360,926,55286,577
2021-11-25,Santa Barbara,083,443738,45748,45318,1576,46894,548
2021-11-25,Santa Clara,085,1922200,151382,149700,1494,151194,1922
2021-11-25,Santa Cruz,087,273765,21257,20929,1017,21946,222
2021-11-25,Shasta,089,179085,22409,22151,3675,25826,396
2021-11-25,Sierra,091,2930,196,194,21,215,0
2021-11-25,Siskiyou,093,43540,3440,3336,1324,4660,54
2021-11-25,Solano,095,438530,46965,46163,1327,47490,356
2021-11-25,Sonoma,097,501317,42764,42368,549,42917,405
2021-11-25,Stanislaus,099,539301,80810,80782,9071,89853,1220
2021-11-25,Sutter,101,95872,14174,14127,377,14504,181
2021-11-25,Tehama,103,63373,8778,8675,1518,10193,129
2021-11-25,Trinity,105,12862,895,789,219,1008,17
2021-11-25,Tulare,107,460477,70647,69377,15716,85093,1082
2021-11-25,Tuolumne,109,53932,7646,7574,114,7688,90
2021-11-25,Ventura,111,848112,100087,99163,4345,103508,1188
2021-11-25,Yolo,113,214977,20450,20237,1121,21358,257
2021-11-25,Yuba,115,75493,10415,10335,364,10699,88
2021-11-24,Alameda,001,1643700,122182,121618,2831,124449,1477
2021-11-24,Alpine,003,1148,105,106,0,106,0
2021-11-24,Amador,005,37829,5714,5670,67,5737,66
2021-11-24,Butte,007,227075,21714,21384,3991,25375,309
2021-11-24,Calaveras,009,45235,4355,4294,60,4354,85
2021-11-24,Colusa,011,21464,2607,2568,659,3227,19
2021-11-24,Contra Costa,013,1133247,101738,100961,2264,103225,1045
2021-11-24,Del Norte,015,27424,3751,3661,55,3716,42
2021-11-24,El Dorado,017,186661,16694,16399,1770,18169,161
2021-11-24,Fresno,019,978130,145249,143386,13046,156432,2246
2021-11-24,Glenn,021,27897,3576,3532,1034,4566,36
2021-11-24,Humboldt,023,135768,9521,9399,644,10043,115
2021-11-24,Imperial,025,180216,35106,34611,3442,38053,769
2021-11-24,Inyo,027,18085,2538,2506,38,2544,45
2021-11-24,Kern,029,883053,132056,130245,23484,153729,1773
2021-11-24,Kings,031,150075,33301,32891,1997,34888,358
2021-11-24,Lake,033,64148,6910,6836,153,6989,110
2021-11-24,Lassen,035,31185,7038,6959,405,7364,47
2021-11-24,Los Angeles,037,10098052,1466539,1454495,54889,1509384,26817
2021-11-24,Madera,039,155013,24183,23880,2245,26125,296
2021-11-24,Marin,041,260295,18037,17857,485,18342,248
2021-11-24,Mariposa,043,17540,1420,1374,59,1433,6
2021-11-24,Mendocino,045,87422,8015,7871,650,8521,89
2021-11-24,Merced,047,269075,43130,42921,2047,44968,664
2021-11-24,Modoc,049,8938,587,551,201,752,5
2021-11-24,Mono,051,14174,1859,1810,22,1832,4
2021-11-24,Monterey,053,433212,49585,48400,3094,51494,625
2021-11-24,Napa,055,140530,13299,13256,114,13370,104
2021-11-24,Nevada,057,99092,9730,9584,339,9923,103
2021-11-24,Orange,059,3164182,313489,310809,15723,326532,5665
2021-11-24,Placer,061,380077,38513,38001,3802,41803,468
2021-11-24,Plumas,063,18699,1933,1860,43,1903,7
2021-11-24,Riverside,065,2383286,373233,367601,16520,384121,5306
2021-11-24,Sacramento,067,1510023,163668,162328,4815,167143,2335
2021-11-24,San Benito,069,59416,7611,7575,178,7753,77
2021-11-24,San Bernardino,071,2135413,364199,360033,11530,371563,5932
2021-11-24,San Diego,073,3302833,384915,382634,22535,405169,4319
2021-11-24,San Francisco,075,870044,54518,53830,2373,56203,669
2021-11-24,San Joaquin,077,732212,102310,101368,5526,106894,1833
2021-11-24,San Luis Obispo,079,281455,30448,29983,1307,31290,358
2021-11-24,San Mateo,081,765935,55468,54360,925,55285,577
2021-11-24,Santa Barbara,083,443738,45721,45318,1576,46894,548
2021-11-24,Santa Clara,085,1922200,151286,149700,1493,151193,1922
2021-11-24,Santa Cruz,087,273765,21234,20929,1016,21945,222
2021-11-24,Shasta,089,179085,22398,22151,3672,25823,396
2021-11-24,Sierra,091,2930,196,194,21,215,0
2021-11-24,Siskiyou,093,43540,3437,3336,1324,4660,54
2021-11-24,Solano,095,438530,46937,46163,1325,47488,356
2021-11-24,Sonoma,097,501317,42732,42368,547,42915,405
2021-11-24,Stanislaus,099,539301,80773,80782,9066,89848,1220
2021-11-24,Sutter,101,95872,14161,14127,375,14502,181
2021-11-24,Tehama,103,63373,8775,8675,1517,10192,129
2021-11-24,Trinity,105,12862,895,789,219,1008,17
2021-11-24,Tulare,107,460477,70623,69377,15697,85074,1082
2021-11-24,Tuolumne,109,53932,7642,7574,114,7688,90
2021-11-24,Ventura,111,848112,100052,99163,4341,103504,1188
2021-11-24,Yolo,113,214977,20442,20237,1120,21357,257
2021-11-24,Yuba,115,75493,10411,10335,363,10698,88
2021-11-23,Alameda,001,1643700,122064,121618,2824,124442,1477
2021-11-23,Alpine,003,1148,105,106,0,106,0
2021-11-23,Amador,005,37829,5707,5670,67,5737,66
2021-11-23,Butte,007,227075,21685,21384,3987,25371,309
2021-11-23,Calaveras,009,45235,4349,4294,59,4353,85
2021-11-23,Colusa,011,21464,2603,2568,657,3225,19
2021-11-23,Contra Costa,013,1133247,101631,100961,2262,103223,1045
2021-11-23,Del Norte,015,27424,3748,3661,55,3716,42
2021-11-23,El Dorado,017,186661,16663,16399,1767,18166,161
2021-11-23,Fresno,019,978130,145110,143386,13037,156423,2246
2021-11-23,Glenn,021,27897,3571,3532,1034,4566,36
2021-11-23,Humboldt,023,135768,9499,9399,641,10040,115
2021-11-23,Imperial,025,180216,35037,34611,3423,38034,769
2021-11-23,Inyo,027,18085,2534,2506,38,2544,45
2021-11-23,Kern,029,883053,131948,130245,23435,153680,1773
2021-11-23,Kings,031,150075,33259,32891,1996,34887,358
2021-11-23,Lake,033,64148,6905,6836,153,6989,110
2021-11-23,Lassen,035,31185,7035,6959,402,7361,47
2021-11-23,Los Angeles,037,10098052,1465528,1454495,54821,1509316,26817
2021-11-23,Madera,039,155013,24157,23880,2243,26123,296
2021-11-23,Marin,041,260295,18006,17857,482,18339,248
2021-11-23,Mariposa,043,17540,1417,1374,59,1433,6
2021-11-23,Mendocino,045,87422,7994,7871,647,8518,89
2021-11-23,Merced,047,269075,43092,42921,2046,44967,664
2021-11-23,Modoc,049,8938,585,551,201,752,5
2021-11-23,Mono,051,14174,1845,1810,22,1832,4
2021-11-23,Monterey,053,433212,49549,48400,3088,51488,625
2021-11-23,Napa,055,140530,13291,13256,114,13370,104
2021-11-23,Nevada,057,99092,9701,9584,338,9922,103
2021-11-23,Orange,059,3164182,313239,310809,15687,326496,5665
2021-11-23,Placer,061,380077,38454,38001,3785,41786,468
2021-11-23,Plumas,063,18699,1929,1860,43,1903,7
2021-11-23,Riverside,065,2383286,372850,367601,16507,384108,5306
2021-11-23,Sacramento,067,1510023,163482,162328,4804,167132,2335
2021-11-23,San Benito,069,59416,7602,7575,176,7751,77
2021-11-23,San Bernardino,071,2135413,363782,360033,11515,371548,5932
2021-11-23,San Diego,073,3302833,384431,382634,22512,405146,4319
2021-11-23,San Francisco,075,870044,54459,53830,2371,56201,669
2021-11-23,San Joaquin,077,732212,102199,101368,5515,106883,1833
2021-11-23,San Luis Obispo,079,281455,30413,29983,1304,31287,358
2021-11-23,San Mateo,081,765935,55418,54360,924,55284,577
2021-11-23,Santa Barbara,083,443738,45668,45318,1576,46894,548
2021-11-23,Santa Clara,085,1922200,151076,149700,1481,151181,1922
2021-11-23,Santa Cruz,087,273765,21196,20929,1016,21945,222
2021-11-23,Shasta,089,179085,22362,22151,3670,25821,396
2021-11-23,Sierra,091,2930,196,194,21,215,0
2021-11-23,Siskiyou,093,43540,3432,3336,1323,4659,54
2021-11-23,Solano,095,438530,46883,46163,1321,47484,356
2021-11-23,Sonoma,097,501317,42681,42368,544,42912,405
2021-11-23,Stanislaus,099,539301,80703,80782,9054,89836,1220
2021-11-23,Sutter,101,95872,14145,14127,374,14501,181
2021-11-23,Tehama,103,63373,8762,8675,1516,10191,129
2021-11-23,Trinity,105,12862,894,789,219,1008,17
2021-11-23,Tulare,107,460477,70576,69377,15667,85044,1082
2021-11-23,Tuolumne,109,53932,7630,7574,113,7687,90
2021-11-23,Ventura,111,848112,99969,99163,4335,103498,1188
2021-11-23,Yolo,113,214977,20421,20237,1112,21349,257
2021-11-23,Yuba,115,75493,10399,10335,363,10698,88
2021-11-22,Alameda,001,1643700,121949,121566,2823,124389,1475
2021-11-22,Alpine,003,1148,105,106,0,106,0
2021-11-22,Amador,005,37829,5694,5670,67,5737,66
2021-11-22,Butte,007,227075,21646,21363,3982,25345,305
2021-11-22,Calaveras,009,45235,4337,4294,59,4353,84
2021-11-22,Colusa,011,21464,2600,2565,657,3222,19
2021-11-22,Contra Costa,013,1133247,101543,100877,2257,103134,1045
2021-11-22,Del Norte,015,27424,3745,3659,55,3714,42
2021-11-22,El Dorado,017,186661,16640,16378,1764,18142,161
2021-11-22,Fresno,019,978130,144977,143290,13029,156319,2243
2021-11-22,Glenn,021,27897,3566,3530,1033,4563,36
2021-11-22,Humboldt,023,135768,9473,9389,636,10025,115
2021-11-22,Imperial,025,180216,34976,34562,3409,37971,766
2021-11-22,Inyo,027,18085,2528,2501,38,2539,44
2021-11-22,Kern,029,883053,131787,130091,23386,153477,1762
2021-11-22,Kings,031,150075,33222,32867,1991,34858,358
2021-11-22,Lake,033,64148,6900,6837,153,6990,110
2021-11-22,Lassen,035,31185,7033,6954,401,7355,47
2021-11-22,Los Angeles,037,10098052,1464463,1453945,54739,1508684,26800
2021-11-22,Madera,039,155013,24123,23872,2235,26107,296
2021-11-22,Marin,041,260295,17975,17842,480,18322,248
2021-11-22,Mariposa,043,17540,1413,1372,59,1431,6
2021-11-22,Mendocino,045,87422,7978,7859,646,8505,89
2021-11-22,Merced,047,269075,43041,42898,2035,44933,660
2021-11-22,Modoc,049,8938,584,551,201,752,5
2021-11-22,Mono,051,14174,1838,1809,22,1831,4
2021-11-22,Monterey,053,433212,49521,48374,3084,51458,611
2021-11-22,Napa,055,140530,13282,13255,113,13368,104
2021-11-22,Nevada,057,99092,9684,9575,336,9911,96
2021-11-22,Orange,059,3164182,312997,310654,15661,326315,5663
2021-11-22,Placer,061,380077,38407,37956,3777,41733,465
2021-11-22,Plumas,063,18699,1926,1858,43,1901,7
2021-11-22,Riverside,065,2383286,372413,367301,16498,383799,5283
2021-11-22,Sacramento,067,1510023,163290,162222,4795,167017,2328
2021-11-22,San Benito,069,59416,7582,7567,176,7743,77
2021-11-22,San Bernardino,071,2135413,363365,359851,11504,371355,5916
2021-11-22,San Diego,073,3302833,383936,382132,22488,404620,4317
2021-11-22,San Francisco,075,870044,54367,53778,2365,56143,669
2021-11-22,San Joaquin,077,732212,102074,101299,5510,106809,1833
2021-11-22,San Luis Obispo,079,281455,30387,29963,1301,31264,358
2021-11-22,San Mateo,081,765935,55361,54330,922,55252,577
2021-11-22,Santa Barbara,083,443738,45592,45279,1576,46855,546
2021-11-22,Santa Clara,085,1922200,150891,149541,1471,151012,1919
2021-11-22,Santa Cruz,087,273765,21155,20891,1016,21907,222
2021-11-22,Shasta,089,179085,22348,22116,3665,25781,393
2021-11-22,Sierra,091,2930,196,193,21,214,0
2021-11-22,Siskiyou,093,43540,3427,3336,1321,4657,54
2021-11-22,Solano,095,438530,46834,46153,1319,47472,356
2021-11-22,Sonoma,097,501317,42620,42344,543,42887,404
2021-11-22,Stanislaus,099,539301,80615,80718,9044,89762,1209
2021-11-22,Sutter,101,95872,14129,14125,372,14497,181
2021-11-22,Tehama,103,63373,8755,8669,1511,10180,127
2021-11-22,Trinity,105,12862,893,785,219,1004,17
2021-11-22,Tulare,107,460477,70515,69314,15631,84945,1075
2021-11-22,Tuolumne,109,53932,7615,7567,113,7680,90
2021-11-22,Ventura,111,848112,99903,99114,4332,103446,1186
2021-11-22,Yolo,113,214977,20398,20227,1110,21337,257
2021-11-22,Yuba,115,75493,10390,10332,362,10694,88
2021-11-21,Alameda,001,1643700,121817,121443,2819,124262,1475
2021-11-21,Alpine,003,1148,103,106,0,106,0
2021-11-21,Amador,005,37829,5689,5662,66,5728,66
2021-11-21,Butte,007,227075,21604,21342,3977,25319,306
2021-11-21,Calaveras,009,45235,4328,4287,59,4346,84
2021-11-21,Colusa,011,21464,2596,2562,656,3218,19
2021-11-21,Contra Costa,013,1133247,101441,100807,2250,103057,1045
2021-11-21,Del Norte,015,27424,3741,3659,55,3714,42
2021-11-21,El Dorado,017,186661,16613,16370,1758,18128,161
2021-11-21,Fresno,019,978130,144805,143203,13009,156212,2242
2021-11-21,Glenn,021,27897,3561,3529,1033,4562,36
2021-11-21,Humboldt,023,135768,9451,9378,635,10013,115
2021-11-21,Imperial,025,180216,34888,34527,3399,37926,766
2021-11-21,Inyo,027,18085,2521,2501,38,2539,44
2021-11-21,Kern,029,883053,131623,130020,23340,153360,1762
2021-11-21,Kings,031,150075,33184,32843,1987,34830,356
2021-11-21,Lake,033,64148,6893,6834,153,6987,110
2021-11-21,Lassen,035,31185,7024,6953,401,7354,47
2021-11-21,Los Angeles,037,10098052,1463396,1453181,54684,1507865,26793
2021-11-21,Madera,039,155013,24098,23856,2230,26086,296
2021-11-21,Marin,041,260295,17946,17829,477,18306,248
2021-11-21,Mariposa,043,17540,1412,1371,58,1429,6
2021-11-21,Mendocino,045,87422,7972,7846,643,8489,89
2021-11-21,Merced,047,269075,42986,42881,2032,44913,660
2021-11-21,Modoc,049,8938,580,551,201,752,5
2021-11-21,Mono,051,14174,1828,1799,21,1820,4
2021-11-21,Monterey,053,433212,49475,48358,3075,51433,611
2021-11-21,Napa,055,140530,13270,13250,113,13363,104
2021-11-21,Nevada,057,99092,9658,9556,335,9891,96
2021-11-21,Orange,059,3164182,312741,310477,15630,326107,5663
2021-11-21,Placer,061,380077,38326,37929,3776,41705,465
2021-11-21,Plumas,063,18699,1921,1858,43,1901,7
2021-11-21,Riverside,065,2383286,371921,367093,16490,383583,5283
2021-11-21,Sacramento,067,1510023,163073,162087,4785,166872,2327
2021-11-21,San Benito,069,59416,7568,7563,175,7738,77
2021-11-21,San Bernardino,071,2135413,362871,359621,11468,371089,5912
2021-11-21,San Diego,073,3302833,383405,380747,22463,403210,4317
2021-11-21,San Francisco,075,870044,54298,53741,2360,56101,669
2021-11-21,San Joaquin,077,732212,101968,101264,5497,106761,1833
2021-11-21,San Luis Obispo,079,281455,30349,29948,1301,31249,358
2021-11-21,San Mateo,081,765935,55309,54290,920,55210,577
2021-11-21,Santa Barbara,083,443738,45532,45237,1573,46810,546
2021-11-21,Santa Clara,085,1922200,150686,149387,1452,150839,1918
2021-11-21,Santa Cruz,087,273765,21111,20866,1014,21880,222
2021-11-21,Shasta,089,179085,22317,22112,3663,25775,393
2021-11-21,Sierra,091,2930,196,193,21,214,0
2021-11-21,Siskiyou,093,43540,3422,3333,1320,4653,54
2021-11-21,Solano,095,438530,46778,46122,1312,47434,356
2021-11-21,Sonoma,097,501317,42560,42298,542,42840,404
2021-11-21,Stanislaus,099,539301,80520,80687,9029,89716,1209
2021-11-21,Sutter,101,95872,14115,14111,372,14483,181
2021-11-21,Tehama,103,63373,8749,8669,1510,10179,127
2021-11-21,Trinity,105,12862,891,784,217,1001,17
2021-11-21,Tulare,107,460477,70432,69285,15593,84878,1075
2021-11-21,Tuolumne,109,53932,7607,7560,112,7672,90
2021-11-21,Ventura,111,848112,99812,99081,4329,103410,1186
2021-11-21,Yolo,113,214977,20370,20209,1107,21316,257
2021-11-21,Yuba,115,75493,10381,10326,362,10688,88
2021-11-20,Alameda,001,1643700,121723,121059,2813,123872,1473
2021-11-20,Alpine,003,1148,103,105,0,105,0
2021-11-20,Amador,005,37829,5683,5652,65,5717,66
2021-11-20,Butte,007,227075,21589,21265,3973,25238,300
2021-11-20,Calaveras,009,45235,4318,4268,59,4327,84
2021-11-20,Colusa,011,21464,2595,2549,655,3204,19
2021-11-20,Contra Costa,013,1133247,101364,100491,2246,102737,1043
2021-11-20,Del Norte,015,27424,3738,3637,55,3692,42
2021-11-20,El Dorado,017,186661,16592,16308,1756,18064,161
2021-11-20,Fresno,019,978130,144736,142579,13000,155579,2233
2021-11-20,Glenn,021,27897,3560,3526,1032,4558,35
2021-11-20,Humboldt,023,135768,9438,9302,633,9935,115
2021-11-20,Imperial,025,180216,34836,34312,3393,37705,766
2021-11-20,Inyo,027,18085,2520,2467,38,2505,44
2021-11-20,Kern,029,883053,131522,129488,23303,152791,1750
2021-11-20,Kings,031,150075,33174,32720,1987,34707,354
2021-11-20,Lake,033,64148,6890,6808,153,6961,110
2021-11-20,Lassen,035,31185,7023,6931,401,7332,47
2021-11-20,Los Angeles,037,10098052,1462776,1448963,54636,1503599,26741
2021-11-20,Madera,039,155013,24084,23720,2226,25946,296
2021-11-20,Marin,041,260295,17931,17774,477,18251,248
2021-11-20,Mariposa,043,17540,1411,1354,58,1412,6
2021-11-20,Mendocino,045,87422,7964,7773,643,8416,89
2021-11-20,Merced,047,269075,42960,42692,2032,44724,656
2021-11-20,Modoc,049,8938,579,550,201,751,5
2021-11-20,Mono,051,14174,1822,1767,21,1788,4
2021-11-20,Monterey,053,433212,49462,48260,3070,51330,609
2021-11-20,Napa,055,140530,13267,13184,113,13297,103
2021-11-20,Nevada,057,99092,9642,9480,335,9815,92
2021-11-20,Orange,059,3164182,312541,309672,15613,325285,5658
2021-11-20,Placer,061,380077,38286,37800,3771,41571,462
2021-11-20,Plumas,063,18699,1917,1841,43,1884,7
2021-11-20,Riverside,065,2383286,371648,365809,16478,382287,5265
2021-11-20,Sacramento,067,1510023,162969,161533,4781,166314,2316
2021-11-20,San Benito,069,59416,7564,7533,175,7708,77
2021-11-20,San Bernardino,071,2135413,362591,358322,11457,369779,5897
2021-11-20,San Diego,073,3302833,383079,380147,22437,402584,4311
2021-11-20,San Francisco,075,870044,54259,53525,2359,55884,669
2021-11-20,San Joaquin,077,732212,101918,100922,5492,106414,1832
2021-11-20,San Luis Obispo,079,281455,30335,29815,1300,31115,355
2021-11-20,San Mateo,081,765935,55275,54132,919,55051,577
2021-11-20,Santa Barbara,083,443738,45500,45074,1573,46647,544
2021-11-20,Santa Clara,085,1922200,150579,148829,1451,150280,1917
2021-11-20,Santa Cruz,087,273765,21093,20756,1014,21770,222
2021-11-20,Shasta,089,179085,22293,21968,3662,25630,383
2021-11-20,Sierra,091,2930,196,191,21,212,0
2021-11-20,Siskiyou,093,43540,3419,3313,1320,4633,54
2021-11-20,Solano,095,438530,46757,46006,1312,47318,356
2021-11-20,Sonoma,097,501317,42529,42151,542,42693,403
2021-11-20,Stanislaus,099,539301,80474,80412,9025,89437,1205
2021-11-20,Sutter,101,95872,14107,14074,372,14446,181
2021-11-20,Tehama,103,63373,8744,8648,1510,10158,125
2021-11-20,Trinity,105,12862,887,771,217,988,17
2021-11-20,Tulare,107,460477,70393,69074,15572,84646,1054
2021-11-20,Tuolumne,109,53932,7599,7511,112,7623,90
2021-11-20,Ventura,111,848112,99763,98893,4322,103215,1186
2021-11-20,Yolo,113,214977,20362,20139,1103,21242,257
2021-11-20,Yuba,115,75493,10375,10290,361,10651,88
2021-11-19,Alameda,001,1643700,121649,121059,2810,123869,1473
2021-11-19,Alpine,003,1148,103,105,0,105,0
2021-11-19,Amador,005,37829,5673,5652,65,5717,66
2021-11-19,Butte,007,227075,21566,21265,3966,25231,300
2021-11-19,Calaveras,009,45235,4311,4268,59,4327,84
2021-11-19,Colusa,011,21464,2593,2549,654,3203,19
2021-11-19,Contra Costa,013,1133247,101307,100491,2241,102732,1043
2021-11-19,Del Norte,015,27424,3733,3637,55,3692,42
2021-11-19,El Dorado,017,186661,16570,16308,1754,18062,161
2021-11-19,Fresno,019,978130,144619,142579,12991,155570,2233
2021-11-19,Glenn,021,27897,3559,3526,1031,4557,35
2021-11-19,Humboldt,023,135768,9426,9302,630,9932,115
2021-11-19,Imperial,025,180216,34799,34312,3386,37698,766
2021-11-19,Inyo,027,18085,2516,2467,38,2505,44
2021-11-19,Kern,029,883053,131419,129488,23260,152748,1750
2021-11-19,Kings,031,150075,33149,32720,1985,34705,354
2021-11-19,Lake,033,64148,6887,6808,153,6961,110
2021-11-19,Lassen,035,31185,7018,6931,400,7331,47
2021-11-19,Los Angeles,037,10098052,1462085,1448963,54583,1503546,26741
2021-11-19,Madera,039,155013,24063,23720,2221,25941,296
2021-11-19,Marin,041,260295,17913,17774,475,18249,248
2021-11-19,Mariposa,043,17540,1409,1354,58,1412,6
2021-11-19,Mendocino,045,87422,7944,7773,643,8416,89
2021-11-19,Merced,047,269075,42934,42692,2031,44723,656
2021-11-19,Modoc,049,8938,578,550,201,751,5
2021-11-19,Mono,051,14174,1811,1767,21,1788,4
2021-11-19,Monterey,053,433212,49440,48260,3070,51330,609
2021-11-19,Napa,055,140530,13256,13184,112,13296,103
2021-11-19,Nevada,057,99092,9629,9480,335,9815,92
2021-11-19,Orange,059,3164182,312387,309672,15588,325260,5658
2021-11-19,Placer,061,380077,38249,37800,3767,41567,462
2021-11-19,Plumas,063,18699,1913,1841,43,1884,7
2021-11-19,Riverside,065,2383286,371374,365809,16474,382283,5265
2021-11-19,Sacramento,067,1510023,162844,161533,4777,166310,2316
2021-11-19,San Benito,069,59416,7558,7533,173,7706,77
2021-11-19,San Bernardino,071,2135413,362268,358322,11448,369770,5897
2021-11-19,San Diego,073,3302833,382688,380147,22411,402558,4311
2021-11-19,San Francisco,075,870044,54221,53525,2359,55884,669
2021-11-19,San Joaquin,077,732212,101861,100922,5488,106410,1832
2021-11-19,San Luis Obispo,079,281455,30317,29815,1298,31113,355
2021-11-19,San Mateo,081,765935,55227,54132,915,55047,577
2021-11-19,Santa Barbara,083,443738,45463,45074,1573,46647,544
2021-11-19,Santa Clara,085,1922200,150431,148829,1448,150277,1917
2021-11-19,Santa Cruz,087,273765,21066,20756,1011,21767,222
2021-11-19,Shasta,089,179085,22281,21968,3661,25629,383
2021-11-19,Sierra,091,2930,196,191,21,212,0
2021-11-19,Siskiyou,093,43540,3416,3313,1320,4633,54
2021-11-19,Solano,095,438530,46726,46006,1308,47314,356
2021-11-19,Sonoma,097,501317,42496,42151,539,42690,403
2021-11-19,Stanislaus,099,539301,80416,80412,9016,89428,1205
2021-11-19,Sutter,101,95872,14105,14074,372,14446,181
2021-11-19,Tehama,103,63373,8741,8648,1510,10158,125
2021-11-19,Trinity,105,12862,885,771,217,988,17
2021-11-19,Tulare,107,460477,70352,69074,15546,84620,1054
2021-11-19,Tuolumne,109,53932,7588,7511,112,7623,90
2021-11-19,Ventura,111,848112,99698,98893,4319,103212,1186
2021-11-19,Yolo,113,214977,20351,20139,1101,21240,257
2021-11-19,Yuba,115,75493,10372,10290,361,10651,88
2021-11-18,Alameda,001,1643700,121523,121059,2803,123862,1473
2021-11-18,Alpine,003,1148,103,105,0,105,0
2021-11-18,Amador,005,37829,5671,5652,65,5717,66
2021-11-18,Butte,007,227075,21549,21265,3959,25224,300
2021-11-18,Calaveras,009,45235,4304,4268,58,4326,84
2021-11-18,Colusa,011,21464,2585,2549,654,3203,19
2021-11-18,Contra Costa,013,1133247,101205,100491,2233,102724,1043
2021-11-18,Del Norte,015,27424,3730,3637,55,3692,42
2021-11-18,El Dorado,017,186661,16550,16308,1751,18059,161
2021-11-18,Fresno,019,978130,144479,142579,12981,155560,2233
2021-11-18,Glenn,021,27897,3558,3526,1030,4556,35
2021-11-18,Humboldt,023,135768,9409,9302,625,9927,115
2021-11-18,Imperial,025,180216,34744,34312,3370,37682,766
2021-11-18,Inyo,027,18085,2508,2467,38,2505,44
2021-11-18,Kern,029,883053,131271,129488,23213,152701,1750
2021-11-18,Kings,031,150075,33112,32720,1982,34702,354
2021-11-18,Lake,033,64148,6882,6808,153,6961,110
2021-11-18,Lassen,035,31185,7015,6931,395,7326,47
2021-11-18,Los Angeles,037,10098052,1461094,1448963,54522,1503485,26741
2021-11-18,Madera,039,155013,24038,23720,2217,25937,296
2021-11-18,Marin,041,260295,17896,17774,471,18245,248
2021-11-18,Mariposa,043,17540,1406,1354,58,1412,6
2021-11-18,Mendocino,045,87422,7922,7773,634,8407,89
2021-11-18,Merced,047,269075,42877,42692,2029,44721,656
2021-11-18,Modoc,049,8938,566,550,201,751,5
2021-11-18,Mono,051,14174,1803,1767,21,1788,4
2021-11-18,Monterey,053,433212,49415,48260,3065,51325,609
2021-11-18,Napa,055,140530,13244,13184,111,13295,103
2021-11-18,Nevada,057,99092,9605,9480,335,9815,92
2021-11-18,Orange,059,3164182,312150,309672,15568,325240,5658
2021-11-18,Placer,061,380077,38206,37800,3756,41556,462
2021-11-18,Plumas,063,18699,1912,1841,43,1884,7
2021-11-18,Riverside,065,2383286,370999,365809,16461,382270,5265
2021-11-18,Sacramento,067,1510023,162616,161533,4762,166295,2316
2021-11-18,San Benito,069,59416,7548,7533,173,7706,77
2021-11-18,San Bernardino,071,2135413,361835,358322,11429,369751,5897
2021-11-18,San Diego,073,3302833,382190,380147,22395,402542,4311
2021-11-18,San Francisco,075,870044,54169,53525,2355,55880,669
2021-11-18,San Joaquin,077,732212,101768,100922,5480,106402,1832
2021-11-18,San Luis Obispo,079,281455,30287,29815,1297,31112,355
2021-11-18,San Mateo,081,765935,55168,54132,912,55044,577
2021-11-18,Santa Barbara,083,443738,45417,45074,1566,46640,544
2021-11-18,Santa Clara,085,1922200,150244,148829,1440,150269,1917
2021-11-18,Santa Cruz,087,273765,21015,20756,1010,21766,222
2021-11-18,Shasta,089,179085,22245,21968,3656,25624,383
2021-11-18,Sierra,091,2930,195,191,21,212,0
2021-11-18,Siskiyou,093,43540,3416,3313,1316,4629,54
2021-11-18,Solano,095,438530,46684,46006,1305,47311,356
2021-11-18,Sonoma,097,501317,42447,42151,537,42688,403
2021-11-18,Stanislaus,099,539301,80349,80412,9008,89420,1205
2021-11-18,Sutter,101,95872,14094,14074,371,14445,181
2021-11-18,Tehama,103,63373,8736,8648,1510,10158,125
2021-11-18,Trinity,105,12862,884,771,217,988,17
2021-11-18,Tulare,107,460477,70278,69074,15502,84576,1054
2021-11-18,Tuolumne,109,53932,7578,7511,112,7623,90
2021-11-18,Ventura,111,848112,99621,98893,4315,103208,1186
2021-11-18,Yolo,113,214977,20334,20139,1097,21236,257
2021-11-18,Yuba,115,75493,10366,10290,361,10651,88
2021-11-17,Alameda,001,1643700,121401,120913,2801,123714,1472
2021-11-17,Alpine,003,1148,103,105,0,105,0
2021-11-17,Amador,005,37829,5665,5646,65,5711,66
2021-11-17,Butte,007,227075,21523,21230,3956,25186,300
2021-11-17,Calaveras,009,45235,4297,4259,58,4317,84
2021-11-17,Colusa,011,21464,2582,2546,653,3199,19
2021-11-17,Contra Costa,013,1133247,101113,100387,2229,102616,1039
2021-11-17,Del Norte,015,27424,3727,3630,55,3685,42
2021-11-17,El Dorado,017,186661,16530,16269,1750,18019,161
2021-11-17,Fresno,019,978130,144296,142366,12968,155334,2230
2021-11-17,Glenn,021,27897,3556,3527,1028,4555,34
2021-11-17,Humboldt,023,135768,9398,9270,622,9892,115
2021-11-17,Imperial,025,180216,34688,34256,3349,37605,766
2021-11-17,Inyo,027,18085,2502,2457,38,2495,44
2021-11-17,Kern,029,883053,131098,129307,23171,152478,1743
2021-11-17,Kings,031,150075,33085,32669,1978,34647,352
2021-11-17,Lake,033,64148,6878,6795,152,6947,110
2021-11-17,Lassen,035,31185,7013,6918,395,7313,47
2021-11-17,Los Angeles,037,10098052,1459993,1447947,54454,1502401,26721
2021-11-17,Madera,039,155013,24005,23673,2215,25888,287
2021-11-17,Marin,041,260295,17876,17757,469,18226,248
2021-11-17,Mariposa,043,17540,1402,1353,58,1411,6
2021-11-17,Mendocino,045,87422,7914,7735,633,8368,89
2021-11-17,Merced,047,269075,42818,42612,2024,44636,654
2021-11-17,Modoc,049,8938,562,540,201,741,5
2021-11-17,Mono,051,14174,1799,1765,21,1786,5
2021-11-17,Monterey,053,433212,49367,48221,3054,51275,609
2021-11-17,Napa,055,140530,13222,13167,111,13278,103
2021-11-17,Nevada,057,99092,9592,9447,335,9782,92
2021-11-17,Orange,059,3164182,311903,309396,15534,324930,5651
2021-11-17,Placer,061,380077,38158,37725,3748,41473,460
2021-11-17,Plumas,063,18699,1907,1833,43,1876,7
2021-11-17,Riverside,065,2383286,370588,365406,16448,381854,5229
2021-11-17,Sacramento,067,1510023,162446,161269,4755,166024,2302
2021-11-17,San Benito,069,59416,7541,7524,173,7697,77
2021-11-17,San Bernardino,071,2135413,361470,357947,11412,369359,5893
2021-11-17,San Diego,073,3302833,381699,379769,22369,402138,4301
2021-11-17,San Francisco,075,870044,54114,53469,2352,55821,667
2021-11-17,San Joaquin,077,732212,101666,100764,5475,106239,1828
2021-11-17,San Luis Obispo,079,281455,30261,29731,1294,31025,354
2021-11-17,San Mateo,081,765935,55100,54092,909,55001,577
2021-11-17,Santa Barbara,083,443738,45378,45000,1566,46566,542
2021-11-17,Santa Clara,085,1922200,150080,148626,1432,150058,1915
2021-11-17,Santa Cruz,087,273765,20980,20700,1010,21710,222
2021-11-17,Shasta,089,179085,22212,21883,3654,25537,382
2021-11-17,Sierra,091,2930,194,189,21,210,0
2021-11-17,Siskiyou,093,43540,3412,3307,1313,4620,54
2021-11-17,Solano,095,438530,46651,45948,1304,47252,353
2021-11-17,Sonoma,097,501317,42401,42093,534,42627,403
2021-11-17,Stanislaus,099,539301,80260,80276,8998,89274,1199
2021-11-17,Sutter,101,95872,14080,14064,369,14433,181
2021-11-17,Tehama,103,63373,8726,8633,1507,10140,125
2021-11-17,Trinity,105,12862,883,765,217,982,17
2021-11-17,Tulare,107,460477,70207,68977,15475,84452,1047
2021-11-17,Tuolumne,109,53932,7561,7485,112,7597,90
2021-11-17,Ventura,111,848112,99559,98812,4309,103121,1183
2021-11-17,Yolo,113,214977,20315,20100,1094,21194,257
2021-11-17,Yuba,115,75493,10354,10275,357,10632,88
2021-11-16,Alameda,001,1643700,121293,120809,2797,123606,1467
2021-11-16,Alpine,003,1148,103,105,0,105,0
2021-11-16,Amador,005,37829,5659,5644,65,5709,66
2021-11-16,Butte,007,227075,21497,21208,3951,25159,297
2021-11-16,Calaveras,009,45235,4288,4249,58,4307,83
2021-11-16,Colusa,011,21464,2576,2538,653,3191,19
2021-11-16,Contra Costa,013,1133247,100992,100320,2226,102546,1038
2021-11-16,Del Norte,015,27424,3721,3630,55,3685,42
2021-11-16,El Dorado,017,186661,16504,16248,1748,17996,159
2021-11-16,Fresno,019,978130,144110,142200,12946,155146,2218
2021-11-16,Glenn,021,27897,3555,3527,1025,4552,34
2021-11-16,Humboldt,023,135768,9377,9252,618,9870,115
2021-11-16,Imperial,025,180216,34604,34177,3335,37512,766
2021-11-16,Inyo,027,18085,2495,2449,38,2487,42
2021-11-16,Kern,029,883053,130938,129136,23110,152246,1735
2021-11-16,Kings,031,150075,33033,32614,1971,34585,350
2021-11-16,Lake,033,64148,6873,6789,152,6941,110
2021-11-16,Lassen,035,31185,7003,6915,395,7310,47
2021-11-16,Los Angeles,037,10098052,1458819,1446815,54382,1501197,26703
2021-11-16,Madera,039,155013,23967,23642,2209,25851,287
2021-11-16,Marin,041,260295,17857,17736,468,18204,248
2021-11-16,Mariposa,043,17540,1394,1349,57,1406,6
2021-11-16,Mendocino,045,87422,7872,7723,629,8352,89
2021-11-16,Merced,047,269075,42781,42578,2017,44595,653
2021-11-16,Modoc,049,8938,561,539,200,739,5
2021-11-16,Mono,051,14174,1790,1767,21,1788,4
2021-11-16,Monterey,053,433212,49337,48195,3040,51235,609
2021-11-16,Napa,055,140530,13211,13151,111,13262,103
2021-11-16,Nevada,057,99092,9575,9435,334,9769,92
2021-11-16,Orange,059,3164182,311636,309170,15500,324670,5651
2021-11-16,Placer,061,380077,38116,37676,3742,41418,459
2021-11-16,Plumas,063,18699,1898,1832,43,1875,7
2021-11-16,Riverside,065,2383286,370166,365078,16426,381504,5208
2021-11-16,Sacramento,067,1510023,162266,161102,4743,165845,2299
2021-11-16,San Benito,069,59416,7527,7513,173,7686,77
2021-11-16,San Bernardino,071,2135413,361045,357528,11359,368887,5901
2021-11-16,San Diego,073,3302833,381144,379435,22342,401777,4287
2021-11-16,San Francisco,075,870044,54041,53415,2344,55759,667
2021-11-16,San Joaquin,077,732212,101526,100637,5460,106097,1807
2021-11-16,San Luis Obispo,079,281455,30229,29703,1291,30994,356
2021-11-16,San Mateo,081,765935,55038,54034,907,54941,577
2021-11-16,Santa Barbara,083,443738,45310,44932,1563,46495,539
2021-11-16,Santa Clara,085,1922200,149899,148452,1420,149872,1916
2021-11-16,Santa Cruz,087,273765,20935,20684,1008,21692,222
2021-11-16,Shasta,089,179085,22173,21853,3650,25503,379
2021-11-16,Sierra,091,2930,194,189,21,210,0
2021-11-16,Siskiyou,093,43540,3409,3304,1311,4615,54
2021-11-16,Solano,095,438530,46611,45908,1303,47211,351
2021-11-16,Sonoma,097,501317,42352,42056,533,42589,401
2021-11-16,Stanislaus,099,539301,80163,80214,8975,89189,1196
2021-11-16,Sutter,101,95872,14068,14058,368,14426,181
2021-11-16,Tehama,103,63373,8719,8621,1500,10121,125
2021-11-16,Trinity,105,12862,883,762,216,978,17
2021-11-16,Tulare,107,460477,70127,68881,15440,84321,1039
2021-11-16,Tuolumne,109,53932,7551,7478,112,7590,90
2021-11-16,Ventura,111,848112,99484,98731,4306,103037,1183
2021-11-16,Yolo,113,214977,20276,20077,1092,21169,257
2021-11-16,Yuba,115,75493,10346,10262,355,10617,85
2021-11-15,Alameda,001,1643700,121135,120731,2793,123524,1464
2021-11-15,Alpine,003,1148,103,105,0,105,0
2021-11-15,Amador,005,37829,5654,5637,65,5702,66
2021-11-15,Butte,007,227075,21473,21182,3946,25128,296
2021-11-15,Calaveras,009,45235,4274,4237,58,4295,83
2021-11-15,Colusa,011,21464,2569,2535,650,3185,19
2021-11-15,Contra Costa,013,1133247,100886,100251,2223,102474,1038
2021-11-15,Del Norte,015,27424,3716,3630,54,3684,42
2021-11-15,El Dorado,017,186661,16480,16236,1744,17980,159
2021-11-15,Fresno,019,978130,143888,142015,12924,154939,2210
2021-11-15,Glenn,021,27897,3553,3526,1025,4551,34
2021-11-15,Humboldt,023,135768,9355,9230,610,9840,115
2021-11-15,Imperial,025,180216,34531,34130,3319,37449,766
2021-11-15,Inyo,027,18085,2490,2442,38,2480,42
2021-11-15,Kern,029,883053,130729,128928,23040,151968,1730
2021-11-15,Kings,031,150075,32999,32584,1966,34550,348
2021-11-15,Lake,033,64148,6869,6784,152,6936,109
2021-11-15,Lassen,035,31185,6992,6915,393,7308,47
2021-11-15,Los Angeles,037,10098052,1457629,1446114,54319,1500433,26677
2021-11-15,Madera,039,155013,23929,23605,2198,25803,287
2021-11-15,Marin,041,260295,17840,17723,467,18190,248
2021-11-15,Mariposa,043,17540,1393,1347,55,1402,6
2021-11-15,Mendocino,045,87422,7852,7694,623,8317,89
2021-11-15,Merced,047,269075,42724,42552,2006,44558,648
2021-11-15,Modoc,049,8938,560,538,199,737,5
2021-11-15,Mono,051,14174,1785,1763,21,1784,4
2021-11-15,Monterey,053,433212,49305,48154,3034,51188,609
2021-11-15,Napa,055,140530,13203,13143,111,13254,103
2021-11-15,Nevada,057,99092,9546,9420,333,9753,92
2021-11-15,Orange,059,3164182,311359,308859,15475,324334,5646
2021-11-15,Placer,061,380077,38053,37610,3738,41348,452
2021-11-15,Plumas,063,18699,1891,1829,43,1872,7
2021-11-15,Riverside,065,2383286,369718,364750,16407,381157,5199
2021-11-15,Sacramento,067,1510023,162045,160937,4731,165668,2293
2021-11-15,San Benito,069,59416,7522,7511,172,7683,77
2021-11-15,San Bernardino,071,2135413,360618,357306,11340,368646,5898
2021-11-15,San Diego,073,3302833,380607,378845,22317,401162,4284
2021-11-15,San Francisco,075,870044,53974,53374,2341,55715,667
2021-11-15,San Joaquin,077,732212,101372,100587,5449,106036,1799
2021-11-15,San Luis Obispo,079,281455,30186,29669,1279,30948,351
2021-11-15,San Mateo,081,765935,54985,54010,905,54915,576
2021-11-15,Santa Barbara,083,443738,45254,44879,1557,46436,539
2021-11-15,Santa Clara,085,1922200,149682,148313,1413,149726,1914
2021-11-15,Santa Cruz,087,273765,20893,20630,1007,21637,223
2021-11-15,Shasta,089,179085,22127,21779,3645,25424,374
2021-11-15,Sierra,091,2930,194,189,21,210,0
2021-11-15,Siskiyou,093,43540,3402,3302,1309,4611,54
2021-11-15,Solano,095,438530,46572,45885,1298,47183,351
2021-11-15,Sonoma,097,501317,42301,42021,532,42553,401
2021-11-15,Stanislaus,099,539301,80078,80129,8961,89090,1174
2021-11-15,Sutter,101,95872,14055,14043,367,14410,181
2021-11-15,Tehama,103,63373,8713,8615,1499,10114,125
2021-11-15,Trinity,105,12862,881,757,214,971,17
2021-11-15,Tulare,107,460477,70040,68826,15396,84222,1039
2021-11-15,Tuolumne,109,53932,7540,7461,112,7573,90
2021-11-15,Ventura,111,848112,99400,98605,4301,102906,1183
2021-11-15,Yolo,113,214977,20246,20065,1087,21152,255
2021-11-15,Yuba,115,75493,10327,10254,351,10605,85
2021-11-14,Alameda,001,1643700,120962,120629,2789,123418,1461
2021-11-14,Alpine,003,1148,102,105,0,105,0
2021-11-14,Amador,005,37829,5647,5632,64,5696,66
2021-11-14,Butte,007,227075,21441,21146,3937,25083,296
2021-11-14,Calaveras,009,45235,4263,4222,58,4280,83
2021-11-14,Colusa,011,21464,2567,2532,647,3179,19
2021-11-14,Contra Costa,013,1133247,100778,100188,2221,102409,1038
2021-11-14,Del Norte,015,27424,3713,3629,54,3683,42
2021-11-14,El Dorado,017,186661,16438,16212,1739,17951,159
2021-11-14,Fresno,019,978130,143606,141869,12890,154759,2209
2021-11-14,Glenn,021,27897,3551,3521,1025,4546,34
2021-11-14,Humboldt,023,135768,9324,9215,600,9815,115
2021-11-14,Imperial,025,180216,34428,34078,3304,37382,766
2021-11-14,Inyo,027,18085,2478,2441,38,2479,42
2021-11-14,Kern,029,883053,130489,128842,22970,151812,1730
2021-11-14,Kings,031,150075,32942,32545,1959,34504,349
2021-11-14,Lake,033,64148,6861,6777,152,6929,109
2021-11-14,Lassen,035,31185,6982,6911,392,7303,47
2021-11-14,Los Angeles,037,10098052,1456262,1445284,54243,1499527,26667
2021-11-14,Madera,039,155013,23879,23566,2189,25755,287
2021-11-14,Marin,041,260295,17825,17712,467,18179,247
2021-11-14,Mariposa,043,17540,1383,1337,51,1388,6
2021-11-14,Mendocino,045,87422,7819,7684,618,8302,89
2021-11-14,Merced,047,269075,42634,42513,2000,44513,648
2021-11-14,Modoc,049,8938,558,538,199,737,5
2021-11-14,Mono,051,14174,1773,1760,21,1781,4
2021-11-14,Monterey,053,433212,49250,48135,3016,51151,609
2021-11-14,Napa,055,140530,13185,13132,111,13243,103
2021-11-14,Nevada,057,99092,9518,9408,333,9741,92
2021-11-14,Orange,059,3164182,311040,308699,15454,324153,5646
2021-11-14,Placer,061,380077,37973,37569,3728,41297,452
2021-11-14,Plumas,063,18699,1888,1829,42,1871,7
2021-11-14,Riverside,065,2383286,369220,364490,16390,380880,5199
2021-11-14,Sacramento,067,1510023,161809,160761,4714,165475,2295
2021-11-14,San Benito,069,59416,7511,7507,171,7678,77
2021-11-14,San Bernardino,071,2135413,360036,357014,11323,368337,5897
2021-11-14,San Diego,073,3302833,380010,377633,22286,399919,4280
2021-11-14,San Francisco,075,870044,53898,53338,2336,55674,667
2021-11-14,San Joaquin,077,732212,101244,100518,5444,105962,1799
2021-11-14,San Luis Obispo,079,281455,30105,29645,1275,30920,352
2021-11-14,San Mateo,081,765935,54932,53978,903,54881,576
2021-11-14,Santa Barbara,083,443738,45175,44842,1554,46396,539
2021-11-14,Santa Clara,085,1922200,149484,148152,1405,149557,1913
2021-11-14,Santa Cruz,087,273765,20839,20609,1005,21614,223
2021-11-14,Shasta,089,179085,22075,21771,3632,25403,373
2021-11-14,Sierra,091,2930,194,189,21,210,0
2021-11-14,Siskiyou,093,43540,3393,3302,1308,4610,54
2021-11-14,Solano,095,438530,46517,45860,1291,47151,351
2021-11-14,Sonoma,097,501317,42235,41974,530,42504,401
2021-11-14,Stanislaus,099,539301,79943,80076,8943,89019,1174
2021-11-14,Sutter,101,95872,14038,14031,363,14394,181
2021-11-14,Tehama,103,63373,8703,8607,1497,10104,125
2021-11-14,Trinity,105,12862,878,754,212,966,17
2021-11-14,Tulare,107,460477,69923,68772,15337,84109,1037
2021-11-14,Tuolumne,109,53932,7522,7439,111,7550,90
2021-11-14,Ventura,111,848112,99285,98550,4300,102850,1183
2021-11-14,Yolo,113,214977,20219,20040,1081,21121,255
2021-11-14,Yuba,115,75493,10320,10238,350,10588,85
2021-11-13,Alameda,001,1643700,120893,120407,2788,123195,1454
2021-11-13,Alpine,003,1148,102,105,0,105,0
2021-11-13,Amador,005,37829,5646,5614,64,5678,66
2021-11-13,Butte,007,227075,21420,21104,3934,25038,296
2021-11-13,Calaveras,009,45235,4252,4203,58,4261,83
2021-11-13,Colusa,011,21464,2565,2522,647,3169,19
2021-11-13,Contra Costa,013,1133247,100706,100004,2215,102219,1028
2021-11-13,Del Norte,015,27424,3713,3629,54,3683,42
2021-11-13,El Dorado,017,186661,16425,16163,1736,17899,159
2021-11-13,Fresno,019,978130,143499,141452,12876,154328,2205
2021-11-13,Glenn,021,27897,3551,3514,1024,4538,34
2021-11-13,Humboldt,023,135768,9309,9177,595,9772,115
2021-11-13,Imperial,025,180216,34378,33990,3287,37277,766
2021-11-13,Inyo,027,18085,2472,2436,38,2474,42
2021-11-13,Kern,029,883053,130387,128472,22926,151398,1719
2021-11-13,Kings,031,150075,32925,32452,1958,34410,347
2021-11-13,Lake,033,64148,6856,6769,152,6921,109
2021-11-13,Lassen,035,31185,6977,6897,392,7289,47
2021-11-13,Los Angeles,037,10098052,1455607,1443088,54204,1497292,26649
2021-11-13,Madera,039,155013,23848,23462,2184,25646,287
2021-11-13,Marin,041,260295,17812,17684,465,18149,247
2021-11-13,Mariposa,043,17540,1380,1323,51,1374,6
2021-11-13,Mendocino,045,87422,7800,7652,617,8269,89
2021-11-13,Merced,047,269075,42596,42411,1997,44408,644
2021-11-13,Modoc,049,8938,557,536,199,735,5
2021-11-13,Mono,051,14174,1769,1750,21,1771,4
2021-11-13,Monterey,053,433212,49224,48087,3014,51101,609
2021-11-13,Napa,055,140530,13177,13110,111,13221,103
2021-11-13,Nevada,057,99092,9498,9369,331,9700,92
2021-11-13,Orange,059,3164182,310873,308211,15426,323637,5641
2021-11-13,Placer,061,380077,37923,37453,3725,41178,445
2021-11-13,Plumas,063,18699,1885,1828,42,1870,8
2021-11-13,Riverside,065,2383286,368914,363801,16383,380184,5187
2021-11-13,Sacramento,067,1510023,161673,160397,4702,165099,2291
2021-11-13,San Benito,069,59416,7498,7491,170,7661,77
2021-11-13,San Bernardino,071,2135413,359783,356325,11316,367641,5873
2021-11-13,San Diego,073,3302833,379680,377633,22258,399891,4280
2021-11-13,San Francisco,075,870044,53866,53195,2335,55530,667
2021-11-13,San Joaquin,077,732212,101187,100263,5435,105698,1799
2021-11-13,San Luis Obispo,079,281455,30075,29589,1273,30862,351
2021-11-13,San Mateo,081,765935,54894,53853,902,54755,574
2021-11-13,Santa Barbara,083,443738,45142,44734,1554,46288,537
2021-11-13,Santa Clara,085,1922200,149364,147821,1400,149221,1905
2021-11-13,Santa Cruz,087,273765,20824,20565,1004,21569,223
2021-11-13,Shasta,089,179085,22044,21713,3628,25341,366
2021-11-13,Sierra,091,2930,193,188,21,209,0
2021-11-13,Siskiyou,093,43540,3384,3299,1307,4606,54
2021-11-13,Solano,095,438530,46488,45774,1287,47061,350
2021-11-13,Sonoma,097,501317,42201,41882,529,42411,399
2021-11-13,Stanislaus,099,539301,79868,79872,8929,88801,1174
2021-11-13,Sutter,101,95872,14028,14017,362,14379,181
2021-11-13,Tehama,103,63373,8697,8592,1493,10085,125
2021-11-13,Trinity,105,12862,877,749,212,961,17
2021-11-13,Tulare,107,460477,69857,68619,15314,83933,1033
2021-11-13,Tuolumne,109,53932,7504,7392,111,7503,90
2021-11-13,Ventura,111,848112,99227,98452,4297,102749,1183
2021-11-13,Yolo,113,214977,20205,20009,1076,21085,255
2021-11-13,Yuba,115,75493,10310,10218,348,10566,85
2021-11-12,Alameda,001,1643700,120807,120407,2785,123192,1454
2021-11-12,Alpine,003,1148,102,105,0,105,0
2021-11-12,Amador,005,37829,5642,5614,63,5677,66
2021-11-12,Butte,007,227075,21402,21104,3930,25034,296
2021-11-12,Calaveras,009,45235,4241,4203,58,4261,83
2021-11-12,Colusa,011,21464,2561,2522,646,3168,19
2021-11-12,Contra Costa,013,1133247,100652,100004,2214,102218,1028
2021-11-12,Del Norte,015,27424,3712,3629,54,3683,42
2021-11-12,El Dorado,017,186661,16406,16163,1735,17898,159
2021-11-12,Fresno,019,978130,143356,141452,12863,154315,2205
2021-11-12,Glenn,021,27897,3548,3514,1023,4537,34
2021-11-12,Humboldt,023,135768,9302,9177,593,9770,115
2021-11-12,Imperial,025,180216,34351,33990,3278,37268,766
2021-11-12,Inyo,027,18085,2468,2436,38,2474,42
2021-11-12,Kern,029,883053,130250,128472,22893,151365,1719
2021-11-12,Kings,031,150075,32899,32452,1956,34408,347
2021-11-12,Lake,033,64148,6852,6769,152,6921,109
2021-11-12,Lassen,035,31185,6973,6897,391,7288,47
2021-11-12,Los Angeles,037,10098052,1454880,1443088,54159,1497247,26649
2021-11-12,Madera,039,155013,23819,23462,2179,25641,287
2021-11-12,Marin,041,260295,17796,17684,464,18148,247
2021-11-12,Mariposa,043,17540,1373,1323,51,1374,6
2021-11-12,Mendocino,045,87422,7788,7652,614,8266,89
2021-11-12,Merced,047,269075,42567,42411,1995,44406,644
2021-11-12,Modoc,049,8938,556,536,199,735,5
2021-11-12,Mono,051,14174,1767,1750,21,1771,4
2021-11-12,Monterey,053,433212,49192,48087,3008,51095,609
2021-11-12,Napa,055,140530,13168,13110,111,13221,103
2021-11-12,Nevada,057,99092,9484,9369,330,9699,92
2021-11-12,Orange,059,3164182,310685,308211,15408,323619,5641
2021-11-12,Placer,061,380077,37884,37453,3722,41175,445
2021-11-12,Plumas,063,18699,1879,1828,42,1870,8
2021-11-12,Riverside,065,2383286,368647,363801,16379,380180,5187
2021-11-12,Sacramento,067,1510023,161514,160397,4697,165094,2291
2021-11-12,San Benito,069,59416,7498,7491,170,7661,77
2021-11-12,San Bernardino,071,2135413,359474,356325,11306,367631,5873
2021-11-12,San Diego,073,3302833,379313,377633,22236,399869,4280
2021-11-12,San Francisco,075,870044,53832,53195,2331,55526,667
2021-11-12,San Joaquin,077,732212,101142,100263,5428,105691,1799
2021-11-12,San Luis Obispo,079,281455,30046,29589,1272,30861,351
2021-11-12,San Mateo,081,765935,54844,53853,899,54752,574
2021-11-12,Santa Barbara,083,443738,45087,44734,1553,46287,537
2021-11-12,Santa Clara,085,1922200,149222,147821,1396,149217,1905
2021-11-12,Santa Cruz,087,273765,20796,20565,1002,21567,223
2021-11-12,Shasta,089,179085,22011,21713,3625,25338,366
2021-11-12,Sierra,091,2930,192,188,21,209,0
2021-11-12,Siskiyou,093,43540,3383,3299,1305,4604,54
2021-11-12,Solano,095,438530,46461,45774,1283,47057,350
2021-11-12,Sonoma,097,501317,42161,41882,529,42411,399
2021-11-12,Stanislaus,099,539301,79816,79872,8921,88793,1174
2021-11-12,Sutter,101,95872,14021,14017,362,14379,181
2021-11-12,Tehama,103,63373,8693,8592,1492,10084,125
2021-11-12,Trinity,105,12862,870,749,212,961,17
2021-11-12,Tulare,107,460477,69815,68619,15279,83898,1033
2021-11-12,Tuolumne,109,53932,7491,7392,110,7502,90
2021-11-12,Ventura,111,848112,99162,98452,4296,102748,1183
2021-11-12,Yolo,113,214977,20191,20009,1070,21079,255
2021-11-12,Yuba,115,75493,10301,10218,347,10565,85
2021-11-11,Alameda,001,1643700,120693,120147,2777,122924,1453
2021-11-11,Alpine,003,1148,102,105,0,105,0
2021-11-11,Amador,005,37829,5639,5603,62,5665,66
2021-11-11,Butte,007,227075,21359,21047,3923,24970,293
2021-11-11,Calaveras,009,45235,4223,4179,58,4237,83
2021-11-11,Colusa,011,21464,2553,2518,644,3162,19
2021-11-11,Contra Costa,013,1133247,100548,99808,2210,102018,1028
2021-11-11,Del Norte,015,27424,3710,3622,54,3676,42
2021-11-11,El Dorado,017,186661,16372,16085,1732,17817,159
2021-11-11,Fresno,019,978130,143152,140833,12829,153662,2202
2021-11-11,Glenn,021,27897,3546,3503,1022,4525,34
2021-11-11,Humboldt,023,135768,9279,9125,590,9715,115
2021-11-11,Imperial,025,180216,34282,33844,3256,37100,766
2021-11-11,Inyo,027,18085,2463,2428,38,2466,42
2021-11-11,Kern,029,883053,130065,128023,22830,150853,1709
2021-11-11,Kings,031,150075,32849,32318,1954,34272,345
2021-11-11,Lake,033,64148,6845,6745,152,6897,107
2021-11-11,Lassen,035,31185,6967,6875,391,7266,47
2021-11-11,Los Angeles,037,10098052,1453785,1440436,54101,1494537,26614
2021-11-11,Madera,039,155013,23771,23316,2171,25487,287
2021-11-11,Marin,041,260295,17786,17639,464,18103,247
2021-11-11,Mariposa,043,17540,1363,1317,51,1368,6
2021-11-11,Mendocino,045,87422,7773,7612,605,8217,89
2021-11-11,Merced,047,269075,42511,42292,1992,44284,643
2021-11-11,Modoc,049,8938,554,536,199,735,5
2021-11-11,Mono,051,14174,1763,1743,21,1764,4
2021-11-11,Monterey,053,433212,49157,48008,2996,51004,609
2021-11-11,Napa,055,140530,13160,13075,111,13186,103
2021-11-11,Nevada,057,99092,9462,9308,330,9638,92
2021-11-11,Orange,059,3164182,310412,307674,15371,323045,5633
2021-11-11,Placer,061,380077,37833,37333,3714,41047,440
2021-11-11,Plumas,063,18699,1875,1814,42,1856,7
2021-11-11,Riverside,065,2383286,368212,362930,16361,379291,5175
2021-11-11,Sacramento,067,1510023,161302,159962,4678,164640,2289
2021-11-11,San Benito,069,59416,7490,7473,170,7643,76
2021-11-11,San Bernardino,071,2135413,359043,355413,11293,366706,5849
2021-11-11,San Diego,073,3302833,378804,376428,22213,398641,4272
2021-11-11,San Francisco,075,870044,53773,53063,2330,55393,666
2021-11-11,San Joaquin,077,732212,101047,99937,5412,105349,1799
2021-11-11,San Luis Obispo,079,281455,29995,29532,1270,30802,351
2021-11-11,San Mateo,081,765935,54795,53722,894,54616,574
2021-11-11,Santa Barbara,083,443738,45030,44603,1550,46153,534
2021-11-11,Santa Clara,085,1922200,149040,147458,1390,148848,1901
2021-11-11,Santa Cruz,087,273765,20751,20479,1002,21481,222
2021-11-11,Shasta,089,179085,21966,21600,3623,25223,364
2021-11-11,Sierra,091,2930,191,186,21,207,0
2021-11-11,Siskiyou,093,43540,3377,3297,1304,4601,53
2021-11-11,Solano,095,438530,46424,45679,1282,46961,350
2021-11-11,Sonoma,097,501317,42124,41774,529,42303,395
2021-11-11,Stanislaus,099,539301,79734,79570,8905,88475,1166
2021-11-11,Sutter,101,95872,14006,13993,361,14354,181
2021-11-11,Tehama,103,63373,8681,8565,1490,10055,125
2021-11-11,Trinity,105,12862,869,748,212,960,17
2021-11-11,Tulare,107,460477,69722,68367,15243,83610,1028
2021-11-11,Tuolumne,109,53932,7478,7354,110,7464,90
2021-11-11,Ventura,111,848112,99084,98297,4289,102586,1182
2021-11-11,Yolo,113,214977,20164,19946,1068,21014,255
2021-11-11,Yuba,115,75493,10285,10191,347,10538,85
2021-11-10,Alameda,001,1643700,120583,120147,2768,122915,1453
2021-11-10,Alpine,003,1148,102,105,0,105,0
2021-11-10,Amador,005,37829,5633,5603,62,5665,66
2021-11-10,Butte,007,227075,21332,21047,3919,24966,293
2021-11-10,Calaveras,009,45235,4212,4179,58,4237,83
2021-11-10,Colusa,011,21464,2547,2518,644,3162,19
2021-11-10,Contra Costa,013,1133247,100465,99808,2206,102014,1028
2021-11-10,Del Norte,015,27424,3709,3622,54,3676,42
2021-11-10,El Dorado,017,186661,16356,16085,1731,17816,159
2021-11-10,Fresno,019,978130,142973,140833,12816,153649,2202
2021-11-10,Glenn,021,27897,3546,3503,1021,4524,34
2021-11-10,Humboldt,023,135768,9261,9125,590,9715,115
2021-11-10,Imperial,025,180216,34234,33844,3237,37081,766
2021-11-10,Inyo,027,18085,2456,2428,38,2466,42
2021-11-10,Kern,029,883053,129915,128023,22775,150798,1709
2021-11-10,Kings,031,150075,32816,32318,1952,34270,345
2021-11-10,Lake,033,64148,6835,6745,152,6897,107
2021-11-10,Lassen,035,31185,6962,6875,391,7266,47
2021-11-10,Los Angeles,037,10098052,1452835,1440436,54043,1494479,26614
2021-11-10,Madera,039,155013,23721,23316,2165,25481,287
2021-11-10,Marin,041,260295,17773,17639,462,18101,247
2021-11-10,Mariposa,043,17540,1357,1317,51,1368,6
2021-11-10,Mendocino,045,87422,7761,7612,604,8216,89
2021-11-10,Merced,047,269075,42476,42292,1990,44282,643
2021-11-10,Modoc,049,8938,553,536,198,734,5
2021-11-10,Mono,051,14174,1761,1743,21,1764,4
2021-11-10,Monterey,053,433212,49123,48008,2985,50993,609
2021-11-10,Napa,055,140530,13146,13075,110,13185,103
2021-11-10,Nevada,057,99092,9455,9308,328,9636,92
2021-11-10,Orange,059,3164182,310148,307674,15339,323013,5633
2021-11-10,Placer,061,380077,37787,37333,3707,41040,440
2021-11-10,Plumas,063,18699,1869,1814,41,1855,7
2021-11-10,Riverside,065,2383286,367832,362930,16355,379285,5175
2021-11-10,Sacramento,067,1510023,161147,159962,4668,164630,2289
2021-11-10,San Benito,069,59416,7482,7473,170,7643,76
2021-11-10,San Bernardino,071,2135413,358702,355413,11286,366699,5849
2021-11-10,San Diego,073,3302833,378400,376428,22191,398619,4272
2021-11-10,San Francisco,075,870044,53712,53063,2327,55390,666
2021-11-10,San Joaquin,077,732212,100942,99937,5407,105344,1799
2021-11-10,San Luis Obispo,079,281455,29964,29532,1269,30801,351
2021-11-10,San Mateo,081,765935,54742,53722,893,54615,574
2021-11-10,Santa Barbara,083,443738,44992,44603,1549,46152,534
2021-11-10,Santa Clara,085,1922200,148893,147458,1384,148842,1901
2021-11-10,Santa Cruz,087,273765,20724,20479,1001,21480,222
2021-11-10,Shasta,089,179085,21930,21600,3621,25221,364
2021-11-10,Sierra,091,2930,190,186,21,207,0
2021-11-10,Siskiyou,093,43540,3375,3297,1304,4601,53
2021-11-10,Solano,095,438530,46394,45679,1280,46959,350
2021-11-10,Sonoma,097,501317,42073,41774,529,42303,395
2021-11-10,Stanislaus,099,539301,79632,79570,8889,88459,1166
2021-11-10,Sutter,101,95872,13998,13993,361,14354,181
2021-11-10,Tehama,103,63373,8669,8565,1484,10049,125
2021-11-10,Trinity,105,12862,865,748,211,959,17
2021-11-10,Tulare,107,460477,69661,68367,15204,83571,1028
2021-11-10,Tuolumne,109,53932,7454,7354,110,7464,90
2021-11-10,Ventura,111,848112,99013,98297,4289,102586,1182
2021-11-10,Yolo,113,214977,20145,19946,1067,21013,255
2021-11-10,Yuba,115,75493,10276,10191,347,10538,85
2021-11-09,Alameda,001,1643700,120446,120051,2759,122810,1450
2021-11-09,Alpine,003,1148,102,105,0,105,0
2021-11-09,Amador,005,37829,5627,5596,62,5658,66
2021-11-09,Butte,007,227075,21308,21022,3915,24937,291
2021-11-09,Calaveras,009,45235,4208,4174,58,4232,84
2021-11-09,Colusa,011,21464,2542,2517,643,3160,19
2021-11-09,Contra Costa,013,1133247,100370,99732,2198,101930,1028
2021-11-09,Del Norte,015,27424,3708,3620,54,3674,42
2021-11-09,El Dorado,017,186661,16318,16073,1726,17799,160
2021-11-09,Fresno,019,978130,142727,140666,12801,153467,2188
2021-11-09,Glenn,021,27897,3541,3499,1020,4519,34
2021-11-09,Humboldt,023,135768,9240,9112,585,9697,115
2021-11-09,Imperial,025,180216,34181,33751,3223,36974,766
2021-11-09,Inyo,027,18085,2452,2404,38,2442,42
2021-11-09,Kern,029,883053,129669,127901,22713,150614,1694
2021-11-09,Kings,031,150075,32749,32279,1948,34227,344
2021-11-09,Lake,033,64148,6826,6743,152,6895,106
2021-11-09,Lassen,035,31185,6950,6846,391,7237,47
2021-11-09,Los Angeles,037,10098052,1451573,1439125,53981,1493106,26581
2021-11-09,Madera,039,155013,23671,23285,2156,25441,287
2021-11-09,Marin,041,260295,17754,17630,460,18090,247
2021-11-09,Mariposa,043,17540,1349,1317,51,1368,5
2021-11-09,Mendocino,045,87422,7738,7598,598,8196,85
2021-11-09,Merced,047,269075,42435,42251,1984,44235,613
2021-11-09,Modoc,049,8938,552,536,196,732,5
2021-11-09,Mono,051,14174,1756,1738,21,1759,4
2021-11-09,Monterey,053,433212,49087,47975,2961,50936,609
2021-11-09,Napa,055,140530,13128,13051,110,13161,103
2021-11-09,Nevada,057,99092,9436,9288,328,9616,92
2021-11-09,Orange,059,3164182,309864,307412,15312,322724,5621
2021-11-09,Placer,061,380077,37732,37291,3690,40981,440
2021-11-09,Plumas,063,18699,1867,1802,41,1843,7
2021-11-09,Riverside,065,2383286,367366,362557,16341,378898,5160
2021-11-09,Sacramento,067,1510023,160906,159856,4659,164515,2286
2021-11-09,San Benito,069,59416,7472,7471,169,7640,76
2021-11-09,San Bernardino,071,2135413,358251,354972,11269,366241,5839
2021-11-09,San Diego,073,3302833,377905,375997,22165,398162,4272
2021-11-09,San Francisco,075,870044,53638,52996,2321,55317,666
2021-11-09,San Joaquin,077,732212,100768,99848,5394,105242,1794
2021-11-09,San Luis Obispo,079,281455,29922,29488,1268,30756,350
2021-11-09,San Mateo,081,765935,54695,53697,884,54581,574
2021-11-09,Santa Barbara,083,443738,44925,44579,1542,46121,533
2021-11-09,Santa Clara,085,1922200,148687,147281,1377,148658,1901
2021-11-09,Santa Cruz,087,273765,20690,20463,1000,21463,222
2021-11-09,Shasta,089,179085,21875,21558,3616,25174,364
2021-11-09,Sierra,091,2930,190,186,21,207,0
2021-11-09,Siskiyou,093,43540,3373,3295,1302,4597,52
2021-11-09,Solano,095,438530,46339,45639,1279,46918,350
2021-11-09,Sonoma,097,501317,42016,41727,527,42254,395
2021-11-09,Stanislaus,099,539301,79526,79505,8872,88377,1165
2021-11-09,Sutter,101,95872,13983,13988,359,14347,180
2021-11-09,Tehama,103,63373,8651,8555,1482,10037,125
2021-11-09,Trinity,105,12862,864,746,211,957,17
2021-11-09,Tulare,107,460477,69554,68298,15165,83463,1024
2021-11-09,Tuolumne,109,53932,7434,7347,110,7457,90
2021-11-09,Ventura,111,848112,98935,98202,4284,102486,1182
2021-11-09,Yolo,113,214977,20121,19931,1063,20994,255
2021-11-09,Yuba,115,75493,10259,10175,341,10516,85
2021-11-08,Alameda,001,1643700,120303,119983,2753,122736,1447
2021-11-08,Alpine,003,1148,102,105,0,105,0
2021-11-08,Amador,005,37829,5621,5590,62,5652,66
2021-11-08,Butte,007,227075,21280,21000,3906,24906,288
2021-11-08,Calaveras,009,45235,4200,4166,58,4224,82
2021-11-08,Colusa,011,21464,2541,2514,642,3156,19
2021-11-08,Contra Costa,013,1133247,100266,99669,2194,101863,1028
2021-11-08,Del Norte,015,27424,3704,3619,54,3673,42
2021-11-08,El Dorado,017,186661,16299,16055,1721,17776,156
2021-11-08,Fresno,019,978130,142426,140466,12779,153245,2179
2021-11-08,Glenn,021,27897,3539,3496,1016,4512,34
2021-11-08,Humboldt,023,135768,9214,9095,575,9670,109
2021-11-08,Imperial,025,180216,34101,33690,3205,36895,766
2021-11-08,Inyo,027,18085,2445,2398,38,2436,41
2021-11-08,Kern,029,883053,129433,127722,22630,150352,1692
2021-11-08,Kings,031,150075,32703,32248,1947,34195,344
2021-11-08,Lake,033,64148,6820,6737,152,6889,106
2021-11-08,Lassen,035,31185,6943,6830,389,7219,46
2021-11-08,Los Angeles,037,10098052,1450227,1438322,53924,1492246,26575
2021-11-08,Madera,039,155013,23622,23253,2145,25398,287
2021-11-08,Marin,041,260295,17737,17617,457,18074,247
2021-11-08,Mariposa,043,17540,1341,1316,50,1366,5
2021-11-08,Mendocino,045,87422,7725,7581,592,8173,85
2021-11-08,Merced,047,269075,42365,42224,1974,44198,607
2021-11-08,Modoc,049,8938,551,529,196,725,5
2021-11-08,Mono,051,14174,1752,1739,21,1760,4
2021-11-08,Monterey,053,433212,49046,47942,2941,50883,602
2021-11-08,Napa,055,140530,13114,13045,110,13155,103
2021-11-08,Nevada,057,99092,9417,9278,326,9604,92
2021-11-08,Orange,059,3164182,309592,307156,15281,322437,5616
2021-11-08,Placer,061,380077,37678,37250,3687,40937,439
2021-11-08,Plumas,063,18699,1866,1788,40,1828,7
2021-11-08,Riverside,065,2383286,366910,362201,16327,378528,5152
2021-11-08,Sacramento,067,1510023,160690,159735,4638,164373,2275
2021-11-08,San Benito,069,59416,7470,7461,169,7630,75
2021-11-08,San Bernardino,071,2135413,357739,354741,11251,365992,5836
2021-11-08,San Diego,073,3302833,377343,375557,22118,397675,4259
2021-11-08,San Francisco,075,870044,53585,52942,2315,55257,666
2021-11-08,San Joaquin,077,732212,100650,99736,5392,105128,1794
2021-11-08,San Luis Obispo,079,281455,29870,29464,1263,30727,350
2021-11-08,San Mateo,081,765935,54622,53658,879,54537,574
2021-11-08,Santa Barbara,083,443738,44871,44548,1541,46089,532
2021-11-08,Santa Clara,085,1922200,148461,147183,1371,148554,1899
2021-11-08,Santa Cruz,087,273765,20661,20435,1000,21435,222
2021-11-08,Shasta,089,179085,21828,21504,3610,25114,354
2021-11-08,Sierra,091,2930,190,183,21,204,0
2021-11-08,Siskiyou,093,43540,3369,3290,1291,4581,50
2021-11-08,Solano,095,438530,46298,45613,1275,46888,350
2021-11-08,Sonoma,097,501317,41948,41669,526,42195,395
2021-11-08,Stanislaus,099,539301,79374,79417,8858,88275,1150
2021-11-08,Sutter,101,95872,13975,13976,355,14331,180
2021-11-08,Tehama,103,63373,8642,8534,1482,10016,123
2021-11-08,Trinity,105,12862,864,743,210,953,13
2021-11-08,Tulare,107,460477,69437,68199,15127,83326,1020
2021-11-08,Tuolumne,109,53932,7415,7328,109,7437,90
2021-11-08,Ventura,111,848112,98842,98144,4282,102426,1182
2021-11-08,Yolo,113,214977,20083,19916,1058,20974,255
2021-11-08,Yuba,115,75493,10248,10172,338,10510,83
2021-11-07,Alameda,001,1643700,120144,119902,2747,122649,1444
2021-11-07,Alpine,003,1148,102,105,0,105,0
2021-11-07,Amador,005,37829,5613,5580,60,5640,66
2021-11-07,Butte,007,227075,21239,20969,3897,24866,288
2021-11-07,Calaveras,009,45235,4173,4158,57,4215,82
2021-11-07,Colusa,011,21464,2535,2511,640,3151,19
2021-11-07,Contra Costa,013,1133247,100155,99596,2185,101781,1028
2021-11-07,Del Norte,015,27424,3702,3617,54,3671,42
2021-11-07,El Dorado,017,186661,16262,16040,1718,17758,156
2021-11-07,Fresno,019,978130,142085,140263,12752,153015,2179
2021-11-07,Glenn,021,27897,3532,3493,1015,4508,34
2021-11-07,Humboldt,023,135768,9190,9074,571,9645,109
2021-11-07,Imperial,025,180216,34028,33674,3186,36860,766
2021-11-07,Inyo,027,18085,2432,2394,38,2432,41
2021-11-07,Kern,029,883053,129161,127583,22539,150122,1692
2021-11-07,Kings,031,150075,32612,32221,1944,34165,343
2021-11-07,Lake,033,64148,6804,6734,151,6885,106
2021-11-07,Lassen,035,31185,6935,6819,385,7204,46
2021-11-07,Los Angeles,037,10098052,1448733,1437314,53849,1491163,26573
2021-11-07,Madera,039,155013,23577,23225,2137,25362,287
2021-11-07,Marin,041,260295,17717,17594,456,18050,247
2021-11-07,Mariposa,043,17540,1339,1306,50,1356,5
2021-11-07,Mendocino,045,87422,7697,7567,588,8155,85
2021-11-07,Merced,047,269075,42287,42186,1943,44129,607
2021-11-07,Modoc,049,8938,548,528,195,723,5
2021-11-07,Mono,051,14174,1746,1739,21,1760,4
2021-11-07,Monterey,053,433212,48994,47924,2937,50861,602
2021-11-07,Napa,055,140530,13093,13041,110,13151,103
2021-11-07,Nevada,057,99092,9369,9254,326,9580,92
2021-11-07,Orange,059,3164182,309268,306954,15243,322197,5616
2021-11-07,Placer,061,380077,37602,37202,3672,40874,439
2021-11-07,Plumas,063,18699,1859,1787,39,1826,7
2021-11-07,Riverside,065,2383286,366373,361960,16307,378267,5152
2021-11-07,Sacramento,067,1510023,160456,159549,4621,164170,2277
2021-11-07,San Benito,069,59416,7457,7460,169,7629,75
2021-11-07,San Bernardino,071,2135413,357222,354488,11228,365716,5832
2021-11-07,San Diego,073,3302833,376762,375165,22085,397250,4250
2021-11-07,San Francisco,075,870044,53501,52868,2309,55177,666
2021-11-07,San Joaquin,077,732212,100466,99696,5386,105082,1794
2021-11-07,San Luis Obispo,079,281455,29820,29454,1259,30713,350
2021-11-07,San Mateo,081,765935,54563,53600,877,54477,574
2021-11-07,Santa Barbara,083,443738,44808,44501,1540,46041,532
2021-11-07,Santa Clara,085,1922200,148257,147054,1358,148412,1898
2021-11-07,Santa Cruz,087,273765,20603,20397,999,21396,222
2021-11-07,Shasta,089,179085,21780,21479,3604,25083,354
2021-11-07,Sierra,091,2930,188,183,21,204,0
2021-11-07,Siskiyou,093,43540,3363,3289,1289,4578,51
2021-11-07,Solano,095,438530,46243,45582,1268,46850,350
2021-11-07,Sonoma,097,501317,41898,41630,525,42155,395
2021-11-07,Stanislaus,099,539301,79219,79351,8836,88187,1150
2021-11-07,Sutter,101,95872,13962,13964,352,14316,180
2021-11-07,Tehama,103,63373,8617,8528,1480,10008,121
2021-11-07,Trinity,105,12862,863,742,209,951,13
2021-11-07,Tulare,107,460477,69284,68145,15084,83229,1020
2021-11-07,Tuolumne,109,53932,7397,7300,107,7407,90
2021-11-07,Ventura,111,848112,98751,98085,4280,102365,1182
2021-11-07,Yolo,113,214977,20063,19899,1054,20953,255
2021-11-07,Yuba,115,75493,10231,10162,333,10495,83
2021-11-06,Alameda,001,1643700,120081,119499,2744,122243,1436
2021-11-06,Alpine,003,1148,102,105,0,105,0
2021-11-06,Amador,005,37829,5607,5557,60,5617,66
2021-11-06,Butte,007,227075,21219,20796,3893,24689,288
2021-11-06,Calaveras,009,45235,4165,4105,57,4162,82
2021-11-06,Colusa,011,21464,2534,2501,639,3140,19
2021-11-06,Contra Costa,013,1133247,100100,99282,2183,101465,1025
2021-11-06,Del Norte,015,27424,3699,3607,54,3661,42
2021-11-06,El Dorado,017,186661,16245,15958,1718,17676,156
2021-11-06,Fresno,019,978130,141967,139249,12747,151996,2170
2021-11-06,Glenn,021,27897,3529,3479,1015,4494,33
2021-11-06,Humboldt,023,135768,9178,8972,567,9539,109
2021-11-06,Imperial,025,180216,33984,33471,3180,36651,766
2021-11-06,Inyo,027,18085,2426,2353,38,2391,41
2021-11-06,Kern,029,883053,129027,126848,22487,149335,1684
2021-11-06,Kings,031,150075,32579,32018,1939,33957,342
2021-11-06,Lake,033,64148,6802,6695,151,6846,106
2021-11-06,Lassen,035,31185,6930,6796,384,7180,46
2021-11-06,Los Angeles,037,10098052,1447962,1433081,53806,1486887,26533
2021-11-06,Madera,039,155013,23541,22994,2127,25121,287
2021-11-06,Marin,041,260295,17698,17520,453,17973,247
2021-11-06,Mariposa,043,17540,1337,1282,50,1332,5
2021-11-06,Mendocino,045,87422,7675,7486,588,8074,85
2021-11-06,Merced,047,269075,42263,41958,1935,43893,604
2021-11-06,Modoc,049,8938,547,523,195,718,5
2021-11-06,Mono,051,14174,1744,1725,21,1746,4
2021-11-06,Monterey,053,433212,48962,47830,2927,50757,602
2021-11-06,Napa,055,140530,13083,12950,110,13060,103
2021-11-06,Nevada,057,99092,9347,9169,325,9494,91
2021-11-06,Orange,059,3164182,309062,306049,15217,321266,5611
2021-11-06,Placer,061,380077,37561,36967,3669,40636,438
2021-11-06,Plumas,063,18699,1855,1755,38,1793,7
2021-11-06,Riverside,065,2383286,366054,360584,16299,376883,5138
2021-11-06,Sacramento,067,1510023,160363,158766,4616,163382,2263
2021-11-06,San Benito,069,59416,7450,7429,169,7598,75
2021-11-06,San Bernardino,071,2135413,356952,353142,11224,364366,5813
2021-11-06,San Diego,073,3302833,376426,373423,22067,395490,4246
2021-11-06,San Francisco,075,870044,53448,52556,2306,54862,666
2021-11-06,San Joaquin,077,732212,100408,99372,5385,104757,1782
2021-11-06,San Luis Obispo,079,281455,29792,29335,1255,30590,350
2021-11-06,San Mateo,081,765935,54528,53442,876,54318,574
2021-11-06,Santa Barbara,083,443738,44772,44301,1539,45840,532
2021-11-06,Santa Clara,085,1922200,148112,146519,1353,147872,1894
2021-11-06,Santa Cruz,087,273765,20584,20311,997,21308,222
2021-11-06,Shasta,089,179085,21761,21281,3599,24880,349
2021-11-06,Sierra,091,2930,188,181,21,202,0
2021-11-06,Siskiyou,093,43540,3363,3279,1287,4566,48
2021-11-06,Solano,095,438530,46213,45465,1267,46732,350
2021-11-06,Sonoma,097,501317,41848,41398,524,41922,395
2021-11-06,Stanislaus,099,539301,79151,78902,8828,87730,1193
2021-11-06,Sutter,101,95872,13958,13908,351,14259,180
2021-11-06,Tehama,103,63373,8605,8474,1478,9952,120
2021-11-06,Trinity,105,12862,860,732,209,941,11
2021-11-06,Tulare,107,460477,69235,67767,15055,82822,1010
2021-11-06,Tuolumne,109,53932,7385,7245,107,7352,90
2021-11-06,Ventura,111,848112,98684,97770,4275,102045,1180
2021-11-06,Yolo,113,214977,20046,19827,1050,20877,255
2021-11-06,Yuba,115,75493,10217,10107,333,10440,83
2021-11-05,Alameda,001,1643700,119997,119499,2742,122241,1436
2021-11-05,Alpine,003,1148,102,105,0,105,0
2021-11-05,Amador,005,37829,5602,5557,60,5617,66
2021-11-05,Butte,007,227075,21206,20796,3892,24688,288
2021-11-05,Calaveras,009,45235,4160,4105,57,4162,82
2021-11-05,Colusa,011,21464,2534,2501,638,3139,19
2021-11-05,Contra Costa,013,1133247,100035,99282,2181,101463,1025
2021-11-05,Del Norte,015,27424,3697,3607,54,3661,42
2021-11-05,El Dorado,017,186661,16228,15958,1712,17670,156
2021-11-05,Fresno,019,978130,141788,139249,12737,151986,2170
2021-11-05,Glenn,021,27897,3528,3479,1014,4493,33
2021-11-05,Humboldt,023,135768,9164,8972,567,9539,109
2021-11-05,Imperial,025,180216,33948,33471,3177,36648,766
2021-11-05,Inyo,027,18085,2418,2353,38,2391,41
2021-11-05,Kern,029,883053,128900,126848,22432,149280,1684
2021-11-05,Kings,031,150075,32555,32018,1938,33956,342
2021-11-05,Lake,033,64148,6796,6695,151,6846,106
2021-11-05,Lassen,035,31185,6926,6796,383,7179,46
2021-11-05,Los Angeles,037,10098052,1447140,1433081,53768,1486849,26533
2021-11-05,Madera,039,155013,23502,22994,2126,25120,287
2021-11-05,Marin,041,260295,17676,17520,452,17972,247
2021-11-05,Mariposa,043,17540,1334,1282,49,1331,5
2021-11-05,Mendocino,045,87422,7664,7486,587,8073,85
2021-11-05,Merced,047,269075,42237,41958,1926,43884,604
2021-11-05,Modoc,049,8938,547,523,195,718,5
2021-11-05,Mono,051,14174,1743,1725,21,1746,4
2021-11-05,Monterey,053,433212,48932,47830,2925,50755,602
2021-11-05,Napa,055,140530,13061,12950,110,13060,103
2021-11-05,Nevada,057,99092,9334,9169,325,9494,91
2021-11-05,Orange,059,3164182,308865,306049,15195,321244,5611
2021-11-05,Placer,061,380077,37534,36967,3660,40627,438
2021-11-05,Plumas,063,18699,1847,1755,38,1793,7
2021-11-05,Riverside,065,2383286,365713,360584,16289,376873,5138
2021-11-05,Sacramento,067,1510023,160240,158766,4610,163376,2263
2021-11-05,San Benito,069,59416,7448,7429,168,7597,75
2021-11-05,San Bernardino,071,2135413,356618,353142,11214,364356,5813
2021-11-05,San Diego,073,3302833,376073,373423,22055,395478,4246
2021-11-05,San Francisco,075,870044,53397,52556,2303,54859,666
2021-11-05,San Joaquin,077,732212,100355,99372,5376,104748,1782
2021-11-05,San Luis Obispo,079,281455,29769,29335,1255,30590,350
2021-11-05,San Mateo,081,765935,54486,53442,874,54316,574
2021-11-05,Santa Barbara,083,443738,44727,44301,1538,45839,532
2021-11-05,Santa Clara,085,1922200,147975,146519,1352,147871,1894
2021-11-05,Santa Cruz,087,273765,20560,20311,996,21307,222
2021-11-05,Shasta,089,179085,21729,21281,3594,24875,349
2021-11-05,Sierra,091,2930,188,181,21,202,0
2021-11-05,Siskiyou,093,43540,3358,3279,1286,4565,48
2021-11-05,Solano,095,438530,46168,45465,1265,46730,350
2021-11-05,Sonoma,097,501317,41808,41398,524,41922,395
2021-11-05,Stanislaus,099,539301,79093,78902,8816,87718,1193
2021-11-05,Sutter,101,95872,13950,13908,350,14258,180
2021-11-05,Tehama,103,63373,8598,8474,1477,9951,120
2021-11-05,Trinity,105,12862,860,732,209,941,11
2021-11-05,Tulare,107,460477,69163,67767,15018,82785,1010
2021-11-05,Tuolumne,109,53932,7368,7245,106,7351,90
2021-11-05,Ventura,111,848112,98644,97770,4273,102043,1180
2021-11-05,Yolo,113,214977,20035,19827,1049,20876,255
2021-11-05,Yuba,115,75493,10204,10107,331,10438,83
2021-11-04,Alameda,001,1643700,119882,119499,2736,122235,1436
2021-11-04,Alpine,003,1148,102,105,0,105,0
2021-11-04,Amador,005,37829,5594,5557,60,5617,66
2021-11-04,Butte,007,227075,21164,20796,3881,24677,288
2021-11-04,Calaveras,009,45235,4146,4105,55,4160,82
2021-11-04,Colusa,011,21464,2528,2501,637,3138,19
2021-11-04,Contra Costa,013,1133247,99944,99282,2176,101458,1025
2021-11-04,Del Norte,015,27424,3694,3607,54,3661,42
2021-11-04,El Dorado,017,186661,16202,15958,1708,17666,156
2021-11-04,Fresno,019,978130,141506,139249,12728,151977,2170
2021-11-04,Glenn,021,27897,3523,3479,1013,4492,33
2021-11-04,Humboldt,023,135768,9139,8972,564,9536,109
2021-11-04,Imperial,025,180216,33891,33471,3168,36639,766
2021-11-04,Inyo,027,18085,2410,2353,38,2391,41
2021-11-04,Kern,029,883053,128668,126848,22363,149211,1684
2021-11-04,Kings,031,150075,32476,32018,1929,33947,342
2021-11-04,Lake,033,64148,6786,6695,149,6844,106
2021-11-04,Lassen,035,31185,6916,6796,378,7174,46
2021-11-04,Los Angeles,037,10098052,1445821,1433081,53687,1486768,26533
2021-11-04,Madera,039,155013,23447,22994,2115,25109,287
2021-11-04,Marin,041,260295,17664,17520,450,17970,247
2021-11-04,Mariposa,043,17540,1327,1282,49,1331,5
2021-11-04,Mendocino,045,87422,7651,7486,581,8067,85
2021-11-04,Merced,047,269075,42183,41958,1922,43880,604
2021-11-04,Modoc,049,8938,546,523,195,718,5
2021-11-04,Mono,051,14174,1738,1725,21,1746,4
2021-11-04,Monterey,053,433212,48888,47830,2909,50739,602
2021-11-04,Napa,055,140530,13039,12950,110,13060,103
2021-11-04,Nevada,057,99092,9303,9169,324,9493,91
2021-11-04,Orange,059,3164182,308617,306049,15177,321226,5611
2021-11-04,Placer,061,380077,37462,36967,3651,40618,438
2021-11-04,Plumas,063,18699,1839,1755,34,1789,7
2021-11-04,Riverside,065,2383286,365315,360584,16280,376864,5138
2021-11-04,Sacramento,067,1510023,160006,158766,4590,163356,2263
2021-11-04,San Benito,069,59416,7442,7429,168,7597,75
2021-11-04,San Bernardino,071,2135413,356179,353142,11206,364348,5813
2021-11-04,San Diego,073,3302833,375604,373423,22034,395457,4246
2021-11-04,San Francisco,075,870044,53316,52556,2299,54855,666
2021-11-04,San Joaquin,077,732212,100249,99372,5364,104736,1782
2021-11-04,San Luis Obispo,079,281455,29745,29335,1249,30584,350
2021-11-04,San Mateo,081,765935,54427,53442,868,54310,574
2021-11-04,Santa Barbara,083,443738,44671,44301,1538,45839,532
2021-11-04,Santa Clara,085,1922200,147821,146519,1348,147867,1894
2021-11-04,Santa Cruz,087,273765,20525,20311,996,21307,222
2021-11-04,Shasta,089,179085,21671,21281,3588,24869,349
2021-11-04,Sierra,091,2930,186,181,21,202,0
2021-11-04,Siskiyou,093,43540,3354,3279,1279,4558,48
2021-11-04,Solano,095,438530,46126,45465,1264,46729,350
2021-11-04,Sonoma,097,501317,41748,41398,524,41922,395
2021-11-04,Stanislaus,099,539301,78956,78902,8808,87710,1193
2021-11-04,Sutter,101,95872,13939,13908,348,14256,180
2021-11-04,Tehama,103,63373,8589,8474,1473,9947,120
2021-11-04,Trinity,105,12862,859,732,209,941,11
2021-11-04,Tulare,107,460477,69047,67767,14972,82739,1010
2021-11-04,Tuolumne,109,53932,7346,7245,104,7349,90
2021-11-04,Ventura,111,848112,98556,97770,4270,102040,1180
2021-11-04,Yolo,113,214977,20010,19827,1044,20871,255
2021-11-04,Yuba,115,75493,10190,10107,329,10436,83
2021-11-03,Alameda,001,1643700,119742,119356,2732,122088,1428
2021-11-03,Alpine,003,1148,102,105,0,105,0
2021-11-03,Amador,005,37829,5588,5545,59,5604,66
2021-11-03,Butte,007,227075,21119,20769,3872,24641,284
2021-11-03,Calaveras,009,45235,4128,4087,54,4141,82
2021-11-03,Colusa,011,21464,2522,2499,637,3136,20
2021-11-03,Contra Costa,013,1133247,99845,99168,2171,101339,1025
2021-11-03,Del Norte,015,27424,3692,3600,53,3653,42
2021-11-03,El Dorado,017,186661,16175,15915,1704,17619,156
2021-11-03,Fresno,019,978130,141145,138873,12706,151579,2166
2021-11-03,Glenn,021,27897,3520,3470,1013,4483,33
2021-11-03,Humboldt,023,135768,9122,8949,559,9508,109
2021-11-03,Imperial,025,180216,33819,33402,3158,36560,766
2021-11-03,Inyo,027,18085,2389,2344,38,2382,41
2021-11-03,Kern,029,883053,128408,126523,22263,148786,1681
2021-11-03,Kings,031,150075,32422,31923,1922,33845,341
2021-11-03,Lake,033,64148,6770,6685,149,6834,106
2021-11-03,Lassen,035,31185,6900,6782,373,7155,46
2021-11-03,Los Angeles,037,10098052,1444466,1431209,53604,1484813,26517
2021-11-03,Madera,039,155013,23379,22893,2106,24999,287
2021-11-03,Marin,041,260295,17643,17491,446,17937,247
2021-11-03,Mariposa,043,17540,1317,1276,49,1325,5
2021-11-03,Mendocino,045,87422,7635,7457,573,8030,84
2021-11-03,Merced,047,269075,42122,41849,1912,43761,597
2021-11-03,Modoc,049,8938,546,521,193,714,5
2021-11-03,Mono,051,14174,1734,1719,21,1740,4
2021-11-03,Monterey,053,433212,48838,47794,2896,50690,601
2021-11-03,Napa,055,140530,13027,12937,109,13046,103
2021-11-03,Nevada,057,99092,9276,9131,323,9454,91
2021-11-03,Orange,059,3164182,308306,305661,15145,320806,5607
2021-11-03,Placer,061,380077,37392,36868,3646,40514,438
2021-11-03,Plumas,063,18699,1828,1739,33,1772,7
2021-11-03,Riverside,065,2383286,364857,360060,16276,376336,5131
2021-11-03,Sacramento,067,1510023,159781,158311,4580,162891,2259
2021-11-03,San Benito,069,59416,7434,7419,168,7587,75
2021-11-03,San Bernardino,071,2135413,355704,352225,11185,363410,5813
2021-11-03,San Diego,073,3302833,375104,372951,22011,394962,4241
2021-11-03,San Francisco,075,870044,53224,52493,2294,54787,663
2021-11-03,San Joaquin,077,732212,100137,99188,5354,104542,1776
2021-11-03,San Luis Obispo,079,281455,29703,29276,1243,30519,348
2021-11-03,San Mateo,081,765935,54363,53396,862,54258,571
2021-11-03,Santa Barbara,083,443738,44614,44220,1535,45755,531
2021-11-03,Santa Clara,085,1922200,147651,146259,1341,147600,1897
2021-11-03,Santa Cruz,087,273765,20490,20275,996,21271,222
2021-11-03,Shasta,089,179085,21613,21215,3581,24796,346
2021-11-03,Sierra,091,2930,184,180,21,201,0
2021-11-03,Siskiyou,093,43540,3350,3276,1277,4553,46
2021-11-03,Solano,095,438530,46099,45411,1262,46673,351
2021-11-03,Sonoma,097,501317,41671,41326,522,41848,395
2021-11-03,Stanislaus,099,539301,78825,78736,8792,87528,1193
2021-11-03,Sutter,101,95872,13926,13876,346,14222,179
2021-11-03,Tehama,103,63373,8577,8438,1473,9911,118
2021-11-03,Trinity,105,12862,858,730,209,939,11
2021-11-03,Tulare,107,460477,68920,67588,14931,82519,1007
2021-11-03,Tuolumne,109,53932,7328,7218,102,7320,90
2021-11-03,Ventura,111,848112,98448,97682,4266,101948,1178
2021-11-03,Yolo,113,214977,19992,19758,1036,20794,250
2021-11-03,Yuba,115,75493,10178,10092,329,10421,83
2021-11-02,Alameda,001,1643700,119596,119241,2726,121967,1425
2021-11-02,Alpine,003,1148,101,105,0,105,0
2021-11-02,Amador,005,37829,5583,5535,59,5594,66
2021-11-02,Butte,007,227075,21075,20744,3860,24604,282
2021-11-02,Calaveras,009,45235,4105,4075,54,4129,82
2021-11-02,Colusa,011,21464,2517,2497,636,3133,19
2021-11-02,Contra Costa,013,1133247,99741,99080,2159,101239,1025
2021-11-02,Del Norte,015,27424,3690,3596,53,3649,42
2021-11-02,El Dorado,017,186661,16146,15883,1704,17587,154
2021-11-02,Fresno,019,978130,140821,138644,12675,151319,2158
2021-11-02,Glenn,021,27897,3512,3469,1010,4479,33
2021-11-02,Humboldt,023,135768,9080,8937,558,9495,109
2021-11-02,Imperial,025,180216,33746,33371,3146,36517,766
2021-11-02,Inyo,027,18085,2382,2324,38,2362,41
2021-11-02,Kern,029,883053,128153,126311,22143,148454,1665
2021-11-02,Kings,031,150075,32363,31896,1917,33813,339
2021-11-02,Lake,033,64148,6765,6681,148,6829,106
2021-11-02,Lassen,035,31185,6888,6777,370,7147,45
2021-11-02,Los Angeles,037,10098052,1443019,1429601,53528,1483129,26496
2021-11-02,Madera,039,155013,23298,22837,2095,24932,287
2021-11-02,Marin,041,260295,17615,17482,446,17928,247
2021-11-02,Mariposa,043,17540,1306,1270,48,1318,5
2021-11-02,Mendocino,045,87422,7611,7447,561,8008,84
2021-11-02,Merced,047,269075,42055,41785,1904,43689,596
2021-11-02,Modoc,049,8938,543,520,192,712,5
2021-11-02,Mono,051,14174,1730,1718,21,1739,4
2021-11-02,Monterey,053,433212,48787,47775,2878,50653,599
2021-11-02,Napa,055,140530,13009,12930,109,13039,104
2021-11-02,Nevada,057,99092,9246,9122,322,9444,91
2021-11-02,Orange,059,3164182,307990,305369,15101,320470,5600
2021-11-02,Placer,061,380077,37320,36817,3631,40448,438
2021-11-02,Plumas,063,18699,1817,1721,33,1754,7
2021-11-02,Riverside,065,2383286,364403,359586,16257,375843,5116
2021-11-02,Sacramento,067,1510023,159525,158112,4558,162670,2250
2021-11-02,San Benito,069,59416,7418,7407,168,7575,75
2021-11-02,San Bernardino,071,2135413,355227,351832,11131,362963,5813
2021-11-02,San Diego,073,3302833,374519,372440,21981,394421,4232
2021-11-02,San Francisco,075,870044,53105,52450,2290,54740,663
2021-11-02,San Joaquin,077,732212,100004,99076,5343,104419,1772
2021-11-02,San Luis Obispo,079,281455,29670,29224,1239,30463,348
2021-11-02,San Mateo,081,765935,54291,53351,859,54210,571
2021-11-02,Santa Barbara,083,443738,44558,44177,1532,45709,531
2021-11-02,Santa Clara,085,1922200,147457,146115,1334,147449,1896
2021-11-02,Santa Cruz,087,273765,20457,20266,995,21261,222
2021-11-02,Shasta,089,179085,21539,21127,3571,24698,344
2021-11-02,Sierra,091,2930,184,180,20,200,0
2021-11-02,Siskiyou,093,43540,3348,3272,1274,4546,46
2021-11-02,Solano,095,438530,46059,45378,1256,46634,350
2021-11-02,Sonoma,097,501317,41590,41288,521,41809,395
2021-11-02,Stanislaus,099,539301,78670,78629,8772,87401,1193
2021-11-02,Sutter,101,95872,13906,13868,346,14214,179
2021-11-02,Tehama,103,63373,8561,8422,1470,9892,116
2021-11-02,Trinity,105,12862,858,729,209,938,11
2021-11-02,Tulare,107,460477,68795,67502,14883,82385,1002
2021-11-02,Tuolumne,109,53932,7306,7204,100,7304,90
2021-11-02,Ventura,111,848112,98343,97574,4262,101836,1178
2021-11-02,Yolo,113,214977,19962,19736,1034,20770,250
2021-11-02,Yuba,115,75493,10155,10080,327,10407,83
2021-11-01,Alameda,001,1643700,119458,119159,2724,121883,1421
2021-11-01,Alpine,003,1148,101,105,0,105,0
2021-11-01,Amador,005,37829,5581,5532,59,5591,64
2021-11-01,Butte,007,227075,21025,20710,3854,24564,281
2021-11-01,Calaveras,009,45235,4095,4059,53,4112,82
2021-11-01,Colusa,011,21464,2515,2494,633,3127,19
2021-11-01,Contra Costa,013,1133247,99616,99011,2151,101162,1025
2021-11-01,Del Norte,015,27424,3688,3594,53,3647,42
2021-11-01,El Dorado,017,186661,16122,15858,1699,17557,154
2021-11-01,Fresno,019,978130,140445,138421,12639,151060,2149
2021-11-01,Glenn,021,27897,3505,3461,1008,4469,33
2021-11-01,Humboldt,023,135768,9052,8929,555,9484,108
2021-11-01,Imperial,025,180216,33696,33342,3137,36479,766
2021-11-01,Inyo,027,18085,2370,2307,38,2345,41
2021-11-01,Kern,029,883053,127852,126092,22028,148120,1660
2021-11-01,Kings,031,150075,32310,31866,1913,33779,337
2021-11-01,Lake,033,64148,6754,6676,147,6823,106
2021-11-01,Lassen,035,31185,6873,6775,367,7142,42
2021-11-01,Los Angeles,037,10098052,1441635,1428891,53439,1482330,26483
2021-11-01,Madera,039,155013,23218,22801,2090,24891,283
2021-11-01,Marin,041,260295,17595,17460,445,17905,247
2021-11-01,Mariposa,043,17540,1298,1266,47,1313,5
2021-11-01,Mendocino,045,87422,7578,7422,543,7965,84
2021-11-01,Merced,047,269075,41964,41740,1902,43642,594
2021-11-01,Modoc,049,8938,538,520,190,710,5
2021-11-01,Mono,051,14174,1726,1714,21,1735,3
2021-11-01,Monterey,053,433212,48744,47756,2866,50622,597
2021-11-01,Napa,055,140530,12982,12916,108,13024,101
2021-11-01,Nevada,057,99092,9223,9108,321,9429,91
2021-11-01,Orange,059,3164182,307647,305192,15060,320252,5596
2021-11-01,Placer,061,380077,37237,36747,3619,40366,435
2021-11-01,Plumas,063,18699,1798,1719,33,1752,7
2021-11-01,Riverside,065,2383286,363901,359263,16235,375498,5115
2021-11-01,Sacramento,067,1510023,159255,157893,4535,162428,2239
2021-11-01,San Benito,069,59416,7408,7406,167,7573,73
2021-11-01,San Bernardino,071,2135413,354736,351620,11111,362731,5815
2021-11-01,San Diego,073,3302833,373954,372043,21963,394006,4232
2021-11-01,San Francisco,075,870044,53019,52418,2283,54701,661
2021-11-01,San Joaquin,077,732212,99842,98969,5336,104305,1772
2021-11-01,San Luis Obispo,079,281455,29626,29199,1234,30433,343
2021-11-01,San Mateo,081,765935,54224,53314,855,54169,571
2021-11-01,Santa Barbara,083,443738,44491,44146,1528,45674,529
2021-11-01,Santa Clara,085,1922200,147260,145978,1329,147307,1907
2021-11-01,Santa Cruz,087,273765,20422,20238,995,21233,221
2021-11-01,Shasta,089,179085,21486,21104,3564,24668,338
2021-11-01,Sierra,091,2930,184,180,20,200,0
2021-11-01,Siskiyou,093,43540,3341,3272,1269,4541,46
2021-11-01,Solano,095,438530,46005,45358,1256,46614,350
2021-11-01,Sonoma,097,501317,41517,41234,520,41754,395
2021-11-01,Stanislaus,099,539301,78540,78534,8757,87291,1193
2021-11-01,Sutter,101,95872,13882,13852,344,14196,179
2021-11-01,Tehama,103,63373,8533,8412,1467,9879,116
2021-11-01,Trinity,105,12862,856,727,209,936,11
2021-11-01,Tulare,107,460477,68652,67388,14831,82219,1002
2021-11-01,Tuolumne,109,53932,7290,7175,99,7274,90
2021-11-01,Ventura,111,848112,98253,97507,4260,101767,1178
2021-11-01,Yolo,113,214977,19942,19708,1027,20735,250
2021-11-01,Yuba,115,75493,10137,10066,325,10391,83
2021-10-31,Alameda,001,1643700,119314,119071,2720,121791,1419
2021-10-31,Alpine,003,1148,101,105,0,105,0
2021-10-31,Amador,005,37829,5570,5518,59,5577,64
2021-10-31,Butte,007,227075,20963,20689,3843,24532,281
2021-10-31,Calaveras,009,45235,4077,4052,52,4104,82
2021-10-31,Colusa,011,21464,2513,2493,630,3123,18
2021-10-31,Contra Costa,013,1133247,99488,98936,2149,101085,1025
2021-10-31,Del Norte,015,27424,3682,3591,53,3644,42
2021-10-31,El Dorado,017,186661,16076,15841,1696,17537,154
2021-10-31,Fresno,019,978130,140042,138165,12604,150769,2147
2021-10-31,Glenn,021,27897,3498,3459,1008,4467,33
2021-10-31,Humboldt,023,135768,9004,8919,549,9468,108
2021-10-31,Imperial,025,180216,33621,33334,3125,36459,766
2021-10-31,Inyo,027,18085,2351,2309,38,2347,41
2021-10-31,Kern,029,883053,127480,125917,21904,147821,1666
2021-10-31,Kings,031,150075,32224,31814,1901,33715,338
2021-10-31,Lake,033,64148,6743,6665,145,6810,106
2021-10-31,Lassen,035,31185,6858,6768,362,7130,42
2021-10-31,Los Angeles,037,10098052,1440083,1427933,53357,1481290,26474
2021-10-31,Madera,039,155013,23122,22744,2077,24821,283
2021-10-31,Marin,041,260295,17567,17443,444,17887,247
2021-10-31,Mariposa,043,17540,1292,1257,46,1303,5
2021-10-31,Mendocino,045,87422,7537,7403,526,7929,84
2021-10-31,Merced,047,269075,41871,41699,1882,43581,589
2021-10-31,Modoc,049,8938,532,517,187,704,5
2021-10-31,Mono,051,14174,1722,1711,21,1732,3
2021-10-31,Monterey,053,433212,48703,47744,2848,50592,596
2021-10-31,Napa,055,140530,12965,12906,106,13012,101
2021-10-31,Nevada,057,99092,9186,9084,316,9400,91
2021-10-31,Orange,059,3164182,307299,305032,14977,320009,5596
2021-10-31,Placer,061,380077,37140,36698,3606,40304,435
2021-10-31,Plumas,063,18699,1780,1716,33,1749,7
2021-10-31,Riverside,065,2383286,363323,359005,16221,375226,5104
2021-10-31,Sacramento,067,1510023,158903,157667,4522,162189,2243
2021-10-31,San Benito,069,59416,7399,7397,165,7562,73
2021-10-31,San Bernardino,071,2135413,354203,351411,11097,362508,5810
2021-10-31,San Diego,073,3302833,373401,371603,21932,393535,4218
2021-10-31,San Francisco,075,870044,52910,52370,2277,54647,661
2021-10-31,San Joaquin,077,732212,99678,98893,5321,104214,1772
2021-10-31,San Luis Obispo,079,281455,29573,29176,1233,30409,343
2021-10-31,San Mateo,081,765935,54165,53284,853,54137,571
2021-10-31,Santa Barbara,083,443738,44421,44113,1523,45636,529
2021-10-31,Santa Clara,085,1922200,147045,145829,1315,147144,1908
2021-10-31,Santa Cruz,087,273765,20387,20218,994,21212,221
2021-10-31,Shasta,089,179085,21403,21086,3552,24638,338
2021-10-31,Sierra,091,2930,184,180,20,200,0
2021-10-31,Siskiyou,093,43540,3335,3271,1268,4539,46
2021-10-31,Solano,095,438530,45957,45310,1249,46559,350
2021-10-31,Sonoma,097,501317,41447,41183,517,41700,395
2021-10-31,Stanislaus,099,539301,78351,78426,8740,87166,1193
2021-10-31,Sutter,101,95872,13863,13838,341,14179,179
2021-10-31,Tehama,103,63373,8502,8391,1463,9854,116
2021-10-31,Trinity,105,12862,856,724,209,933,11
2021-10-31,Tulare,107,460477,68457,67310,14743,82053,1002
2021-10-31,Tuolumne,109,53932,7261,7141,98,7239,90
2021-10-31,Ventura,111,848112,98131,97460,4255,101715,1178
2021-10-31,Yolo,113,214977,19898,19662,1021,20683,250
2021-10-31,Yuba,115,75493,10119,10051,315,10366,83
2021-10-30,Alameda,001,1643700,119254,118632,2717,121349,1419
2021-10-30,Alpine,003,1148,101,105,0,105,0
2021-10-30,Amador,005,37829,5561,5480,58,5538,64
2021-10-30,Butte,007,227075,20948,20516,3836,24352,277
2021-10-30,Calaveras,009,45235,4070,3992,52,4044,82
2021-10-30,Colusa,011,21464,2513,2484,629,3113,19
2021-10-30,Contra Costa,013,1133247,99425,98562,2148,100710,1024
2021-10-30,Del Norte,015,27424,3679,3574,53,3627,42
2021-10-30,El Dorado,017,186661,16060,15752,1692,17444,154
2021-10-30,Fresno,019,978130,139897,136901,12592,149493,2131
2021-10-30,Glenn,021,27897,3494,3442,1008,4450,33
2021-10-30,Humboldt,023,135768,8989,8871,547,9418,105
2021-10-30,Imperial,025,180216,33575,33156,3121,36277,766
2021-10-30,Inyo,027,18085,2348,2249,38,2287,41
2021-10-30,Kern,029,883053,127328,124892,21835,146727,1653
2021-10-30,Kings,031,150075,32190,31578,1897,33475,337
2021-10-30,Lake,033,64148,6738,6610,145,6755,106
2021-10-30,Lassen,035,31185,6852,6719,360,7079,42
2021-10-30,Los Angeles,037,10098052,1439360,1424257,53304,1477561,26625
2021-10-30,Madera,039,155013,23079,22524,2072,24596,283
2021-10-30,Marin,041,260295,17552,17380,442,17822,247
2021-10-30,Mariposa,043,17540,1289,1228,46,1274,5
2021-10-30,Mendocino,045,87422,7514,7338,524,7862,84
2021-10-30,Merced,047,269075,41831,41428,1880,43308,586
2021-10-30,Modoc,049,8938,530,513,186,699,5
2021-10-30,Mono,051,14174,1722,1684,21,1705,3
2021-10-30,Monterey,053,433212,48686,47649,2842,50491,588
2021-10-30,Napa,055,140530,12950,12863,105,12968,101
2021-10-30,Nevada,057,99092,9167,9015,316,9331,91
2021-10-30,Orange,059,3164182,307119,304120,14955,319075,5588
2021-10-30,Placer,061,380077,37094,36400,3600,40000,434
2021-10-30,Plumas,063,18699,1775,1695,33,1728,7
2021-10-30,Riverside,065,2383286,363022,357645,16213,373858,5088
2021-10-30,Sacramento,067,1510023,158745,157125,4513,161638,2233
2021-10-30,San Benito,069,59416,7392,7362,165,7527,71
2021-10-30,San Bernardino,071,2135413,353925,350076,11082,361158,5777
2021-10-30,San Diego,073,3302833,373038,370006,21910,391916,4213
2021-10-30,San Francisco,075,870044,52882,52161,2275,54436,661
2021-10-30,San Joaquin,077,732212,99622,98314,5320,103634,1768
2021-10-30,San Luis Obispo,079,281455,29541,29053,1230,30283,341
2021-10-30,San Mateo,081,765935,54126,53083,853,53936,571
2021-10-30,Santa Barbara,083,443738,44386,43972,1522,45494,528
2021-10-30,Santa Clara,085,1922200,146940,145262,1311,146573,1903
2021-10-30,Santa Cruz,087,273765,20369,20134,992,21126,221
2021-10-30,Shasta,089,179085,21359,20878,3546,24424,332
2021-10-30,Sierra,091,2930,184,175,20,195,0
2021-10-30,Siskiyou,093,43540,3334,3257,1265,4522,46
2021-10-30,Solano,095,438530,45936,45146,1247,46393,346
2021-10-30,Sonoma,097,501317,41408,40924,517,41441,393
2021-10-30,Stanislaus,099,539301,78281,77871,8733,86604,1191
2021-10-30,Sutter,101,95872,13849,13773,341,14114,178
2021-10-30,Tehama,103,63373,8490,8307,1459,9766,114
2021-10-30,Trinity,105,12862,854,708,208,916,11
2021-10-30,Tulare,107,460477,68386,66745,14699,81444,995
2021-10-30,Tuolumne,109,53932,7237,7050,97,7147,90
2021-10-30,Ventura,111,848112,98082,97182,4252,101434,1174
2021-10-30,Yolo,113,214977,19879,19568,1019,20587,250
2021-10-30,Yuba,115,75493,10108,9969,315,10284,82
2021-10-29,Alameda,001,1643700,119175,118632,2712,121344,1419
2021-10-29,Alpine,003,1148,101,105,0,105,0
2021-10-29,Amador,005,37829,5550,5480,58,5538,64
2021-10-29,Butte,007,227075,20923,20516,3825,24341,277
2021-10-29,Calaveras,009,45235,4063,3992,52,4044,82
2021-10-29,Colusa,011,21464,2513,2484,627,3111,19
2021-10-29,Contra Costa,013,1133247,99357,98562,2146,100708,1024
2021-10-29,Del Norte,015,27424,3672,3574,53,3627,42
2021-10-29,El Dorado,017,186661,16046,15752,1692,17444,154
2021-10-29,Fresno,019,978130,139682,136901,12577,149478,2131
2021-10-29,Glenn,021,27897,3493,3442,1007,4449,33
2021-10-29,Humboldt,023,135768,8984,8871,546,9417,105
2021-10-29,Imperial,025,180216,33548,33156,3118,36274,766
2021-10-29,Inyo,027,18085,2345,2249,38,2287,41
2021-10-29,Kern,029,883053,127151,124892,21745,146637,1653
2021-10-29,Kings,031,150075,32156,31578,1895,33473,337
2021-10-29,Lake,033,64148,6729,6610,142,6752,106
2021-10-29,Lassen,035,31185,6843,6719,358,7077,42
2021-10-29,Los Angeles,037,10098052,1438521,1424257,53260,1477517,26625
2021-10-29,Madera,039,155013,23027,22524,2067,24591,283
2021-10-29,Marin,041,260295,17536,17380,441,17821,247
2021-10-29,Mariposa,043,17540,1285,1228,46,1274,5
2021-10-29,Mendocino,045,87422,7506,7338,524,7862,84
2021-10-29,Merced,047,269075,41781,41428,1874,43302,586
2021-10-29,Modoc,049,8938,528,513,185,698,5
2021-10-29,Mono,051,14174,1720,1684,21,1705,3
2021-10-29,Monterey,053,433212,48663,47649,2842,50491,588
2021-10-29,Napa,055,140530,12929,12863,105,12968,101
2021-10-29,Nevada,057,99092,9155,9015,316,9331,91
2021-10-29,Orange,059,3164182,306894,304120,14935,319055,5588
2021-10-29,Placer,061,380077,37058,36400,3590,39990,434
2021-10-29,Plumas,063,18699,1769,1695,33,1728,7
2021-10-29,Riverside,065,2383286,362689,357645,16208,373853,5088
2021-10-29,Sacramento,067,1510023,158556,157125,4503,161628,2233
2021-10-29,San Benito,069,59416,7389,7362,165,7527,71
2021-10-29,San Bernardino,071,2135413,353622,350076,11071,361147,5777
2021-10-29,San Diego,073,3302833,372666,370006,21882,391888,4213
2021-10-29,San Francisco,075,870044,52822,52161,2269,54430,661
2021-10-29,San Joaquin,077,732212,99562,98314,5315,103629,1768
2021-10-29,San Luis Obispo,079,281455,29515,29053,1228,30281,341
2021-10-29,San Mateo,081,765935,54083,53083,851,53934,571
2021-10-29,Santa Barbara,083,443738,44346,43972,1519,45491,528
2021-10-29,Santa Clara,085,1922200,146826,145262,1304,146566,1903
2021-10-29,Santa Cruz,087,273765,20362,20134,991,21125,221
2021-10-29,Shasta,089,179085,21321,20878,3540,24418,332
2021-10-29,Sierra,091,2930,182,175,20,195,0
2021-10-29,Siskiyou,093,43540,3334,3257,1264,4521,46
2021-10-29,Solano,095,438530,45899,45146,1246,46392,346
2021-10-29,Sonoma,097,501317,41387,40924,517,41441,393
2021-10-29,Stanislaus,099,539301,78196,77871,8721,86592,1191
2021-10-29,Sutter,101,95872,13830,13773,341,14114,178
2021-10-29,Tehama,103,63373,8477,8307,1458,9765,114
2021-10-29,Trinity,105,12862,853,708,208,916,11
2021-10-29,Tulare,107,460477,68282,66745,14656,81401,995
2021-10-29,Tuolumne,109,53932,7224,7050,97,7147,90
2021-10-29,Ventura,111,848112,98027,97182,4248,101430,1174
2021-10-29,Yolo,113,214977,19861,19568,1014,20582,250
2021-10-29,Yuba,115,75493,10100,9969,311,10280,82
2021-10-28,Alameda,001,1643700,119052,118632,2705,121337,1419
2021-10-28,Alpine,003,1148,101,105,0,105,0
2021-10-28,Amador,005,37829,5537,5480,58,5538,64
2021-10-28,Butte,007,227075,20880,20516,3813,24329,277
2021-10-28,Calaveras,009,45235,4050,3992,52,4044,82
2021-10-28,Colusa,011,21464,2510,2484,626,3110,19
2021-10-28,Contra Costa,013,1133247,99227,98562,2142,100704,1024
2021-10-28,Del Norte,015,27424,3671,3574,53,3627,42
2021-10-28,El Dorado,017,186661,16019,15752,1689,17441,154
2021-10-28,Fresno,019,978130,139348,136901,12546,149447,2131
2021-10-28,Glenn,021,27897,3490,3442,1005,4447,33
2021-10-28,Humboldt,023,135768,8968,8871,541,9412,105
2021-10-28,Imperial,025,180216,33482,33156,3111,36267,766
2021-10-28,Inyo,027,18085,2328,2249,38,2287,41
2021-10-28,Kern,029,883053,126904,124892,21632,146524,1653
2021-10-28,Kings,031,150075,32087,31578,1890,33468,337
2021-10-28,Lake,033,64148,6719,6610,142,6752,106
2021-10-28,Lassen,035,31185,6834,6719,355,7074,42
2021-10-28,Los Angeles,037,10098052,1437382,1424257,53186,1477443,26625
2021-10-28,Madera,039,155013,22973,22524,2056,24580,283
2021-10-28,Marin,041,260295,17518,17380,440,17820,247
2021-10-28,Mariposa,043,17540,1281,1228,46,1274,5
2021-10-28,Mendocino,045,87422,7493,7338,513,7851,84
2021-10-28,Merced,047,269075,41696,41428,1864,43292,586
2021-10-28,Modoc,049,8938,527,513,185,698,5
2021-10-28,Mono,051,14174,1714,1684,21,1705,3
2021-10-28,Monterey,053,433212,48632,47649,2825,50474,588
2021-10-28,Napa,055,140530,12920,12863,104,12967,101
2021-10-28,Nevada,057,99092,9137,9015,316,9331,91
2021-10-28,Orange,059,3164182,306607,304120,14871,318991,5588
2021-10-28,Placer,061,380077,36979,36400,3581,39981,434
2021-10-28,Plumas,063,18699,1761,1695,33,1728,7
2021-10-28,Riverside,065,2383286,362249,357645,16185,373830,5088
2021-10-28,Sacramento,067,1510023,158290,157125,4492,161617,2233
2021-10-28,San Benito,069,59416,7381,7362,165,7527,71
2021-10-28,San Bernardino,071,2135413,353206,350076,11048,361124,5777
2021-10-28,San Diego,073,3302833,372210,370006,21859,391865,4213
2021-10-28,San Francisco,075,870044,52776,52161,2262,54423,661
2021-10-28,San Joaquin,077,732212,99434,98314,5314,103628,1768
2021-10-28,San Luis Obispo,079,281455,29486,29053,1225,30278,341
2021-10-28,San Mateo,081,765935,54038,53083,849,53932,571
2021-10-28,Santa Barbara,083,443738,44307,43972,1517,45489,528
2021-10-28,Santa Clara,085,1922200,146669,145262,1299,146561,1903
2021-10-28,Santa Cruz,087,273765,20338,20134,991,21125,221
2021-10-28,Shasta,089,179085,21246,20878,3533,24411,332
2021-10-28,Sierra,091,2930,181,175,20,195,0
2021-10-28,Siskiyou,093,43540,3333,3257,1264,4521,46
2021-10-28,Solano,095,438530,45860,45146,1245,46391,346
2021-10-28,Sonoma,097,501317,41319,40924,516,41440,393
2021-10-28,Stanislaus,099,539301,78043,77871,8705,86576,1191
2021-10-28,Sutter,101,95872,13817,13773,337,14110,178
2021-10-28,Tehama,103,63373,8440,8307,1455,9762,114
2021-10-28,Trinity,105,12862,850,708,208,916,11
2021-10-28,Tulare,107,460477,68142,66745,14600,81345,995
2021-10-28,Tuolumne,109,53932,7193,7050,97,7147,90
2021-10-28,Ventura,111,848112,97942,97182,4245,101427,1174
2021-10-28,Yolo,113,214977,19823,19568,1010,20578,250
2021-10-28,Yuba,115,75493,10071,9969,308,10277,82
2021-10-27,Alameda,001,1643700,118928,118487,2703,121190,1414
2021-10-27,Alpine,003,1148,101,105,0,105,0
2021-10-27,Amador,005,37829,5525,5470,57,5527,64
2021-10-27,Butte,007,227075,20835,20446,3798,24244,274
2021-10-27,Calaveras,009,45235,4032,3970,51,4021,82
2021-10-27,Colusa,011,21464,2510,2480,625,3105,18
2021-10-27,Contra Costa,013,1133247,99119,98442,2130,100572,1018
2021-10-27,Del Norte,015,27424,3664,3571,52,3623,42
2021-10-27,El Dorado,017,186661,15988,15723,1684,17407,154
2021-10-27,Fresno,019,978130,138966,136447,12512,148959,2128
2021-10-27,Glenn,021,27897,3488,3435,1004,4439,33
2021-10-27,Humboldt,023,135768,8948,8851,539,9390,105
2021-10-27,Imperial,025,180216,33442,33068,3106,36174,766
2021-10-27,Inyo,027,18085,2308,2236,38,2274,41
2021-10-27,Kern,029,883053,126635,124557,21532,146089,1647
2021-10-27,Kings,031,150075,32021,31437,1884,33321,335
2021-10-27,Lake,033,64148,6693,6589,142,6731,105
2021-10-27,Lassen,035,31185,6821,6706,353,7059,42
2021-10-27,Los Angeles,037,10098052,1436153,1422615,53128,1475743,26604
2021-10-27,Madera,039,155013,22889,22413,2032,24445,283
2021-10-27,Marin,041,260295,17503,17362,440,17802,247
2021-10-27,Mariposa,043,17540,1268,1228,46,1274,5
2021-10-27,Mendocino,045,87422,7479,7321,506,7827,84
2021-10-27,Merced,047,269075,41599,41310,1850,43160,583
2021-10-27,Modoc,049,8938,523,513,185,698,5
2021-10-27,Mono,051,14174,1711,1682,21,1703,3
2021-10-27,Monterey,053,433212,48595,47610,2804,50414,588
2021-10-27,Napa,055,140530,12905,12856,104,12960,101
2021-10-27,Nevada,057,99092,9119,8987,315,9302,90
2021-10-27,Orange,059,3164182,306287,303825,14822,318647,5584
2021-10-27,Placer,061,380077,36914,36296,3574,39870,434
2021-10-27,Plumas,063,18699,1753,1686,33,1719,7
2021-10-27,Riverside,065,2383286,361819,357152,16177,373329,5081
2021-10-27,Sacramento,067,1510023,158022,156830,4471,161301,2230
2021-10-27,San Benito,069,59416,7374,7337,165,7502,71
2021-10-27,San Bernardino,071,2135413,352781,349624,11026,360650,5770
2021-10-27,San Diego,073,3302833,371653,369579,21835,391414,4207
2021-10-27,San Francisco,075,870044,52725,52108,2258,54366,655
2021-10-27,San Joaquin,077,732212,99277,98168,5299,103467,1753
2021-10-27,San Luis Obispo,079,281455,29447,29002,1223,30225,341
2021-10-27,San Mateo,081,765935,53983,53032,841,53873,571
2021-10-27,Santa Barbara,083,443738,44254,43901,1514,45415,527
2021-10-27,Santa Clara,085,1922200,146492,145081,1291,146372,1902
2021-10-27,Santa Cruz,087,273765,20311,20091,989,21080,221
2021-10-27,Shasta,089,179085,21171,20813,3525,24338,331
2021-10-27,Sierra,091,2930,180,176,20,196,0
2021-10-27,Siskiyou,093,43540,3330,3256,1260,4516,46
2021-10-27,Solano,095,438530,45815,45089,1238,46327,346
2021-10-27,Sonoma,097,501317,41243,40829,514,41343,393
2021-10-27,Stanislaus,099,539301,77883,77687,8690,86377,1191
2021-10-27,Sutter,101,95872,13803,13754,337,14091,177
2021-10-27,Tehama,103,63373,8418,8265,1453,9718,113
2021-10-27,Trinity,105,12862,850,706,207,913,11
2021-10-27,Tulare,107,460477,67988,66568,14544,81112,991
2021-10-27,Tuolumne,109,53932,7166,7009,96,7105,90
2021-10-27,Ventura,111,848112,97850,97108,4240,101348,1172
2021-10-27,Yolo,113,214977,19794,19517,1003,20520,250
2021-10-27,Yuba,115,75493,10050,9945,306,10251,82
2021-10-26,Alameda,001,1643700,118792,118360,2701,121061,1407
2021-10-26,Alpine,003,1148,101,105,0,105,0
2021-10-26,Amador,005,37829,5517,5465,56,5521,64
2021-10-26,Butte,007,227075,20775,20387,3781,24168,274
2021-10-26,Calaveras,009,45235,4021,3966,51,4017,81
2021-10-26,Colusa,011,21464,2507,2478,624,3102,18
2021-10-26,Contra Costa,013,1133247,98997,98352,2120,100472,1017
2021-10-26,Del Norte,015,27424,3659,3563,52,3615,42
2021-10-26,El Dorado,017,186661,15960,15690,1675,17365,153
2021-10-26,Fresno,019,978130,138519,136211,12466,148677,2122
2021-10-26,Glenn,021,27897,3474,3431,1001,4432,33
2021-10-26,Humboldt,023,135768,8930,8830,533,9363,105
2021-10-26,Imperial,025,180216,33377,33012,3101,36113,766
2021-10-26,Inyo,027,18085,2293,2200,38,2238,41
2021-10-26,Kern,029,883053,126292,124351,21414,145765,1645
2021-10-26,Kings,031,150075,31954,31382,1877,33259,336
2021-10-26,Lake,033,64148,6683,6584,140,6724,105
2021-10-26,Lassen,035,31185,6800,6689,351,7040,42
2021-10-26,Los Angeles,037,10098052,1434811,1421795,53058,1474853,26599
2021-10-26,Madera,039,155013,22799,22363,2021,24384,283
2021-10-26,Marin,041,260295,17486,17354,439,17793,244
2021-10-26,Mariposa,043,17540,1263,1225,45,1270,5
2021-10-26,Mendocino,045,87422,7450,7308,490,7798,83
2021-10-26,Merced,047,269075,41521,41267,1843,43110,583
2021-10-26,Modoc,049,8938,523,513,185,698,5
2021-10-26,Mono,051,14174,1706,1680,21,1701,3
2021-10-26,Monterey,053,433212,48556,47572,2794,50366,588
2021-10-26,Napa,055,140530,12893,12849,104,12953,101
2021-10-26,Nevada,057,99092,9088,8971,314,9285,90
2021-10-26,Orange,059,3164182,306018,303533,14783,318316,5580
2021-10-26,Placer,061,380077,36817,36245,3568,39813,434
2021-10-26,Plumas,063,18699,1744,1645,33,1678,7
2021-10-26,Riverside,065,2383286,361330,356775,16167,372942,5068
2021-10-26,Sacramento,067,1510023,157721,156643,4454,161097,2228
2021-10-26,San Benito,069,59416,7351,7325,165,7490,71
2021-10-26,San Bernardino,071,2135413,352353,349346,11011,360357,5764
2021-10-26,San Diego,073,3302833,371136,369043,21805,390848,4198
2021-10-26,San Francisco,075,870044,52651,52063,2255,54318,655
2021-10-26,San Joaquin,077,732212,99101,98036,5284,103320,1748
2021-10-26,San Luis Obispo,079,281455,29408,28928,1217,30145,337
2021-10-26,San Mateo,081,765935,53911,52974,838,53812,571
2021-10-26,Santa Barbara,083,443738,44208,43835,1513,45348,525
2021-10-26,Santa Clara,085,1922200,146292,144932,1285,146217,1903
2021-10-26,Santa Cruz,087,273765,20280,20067,989,21056,221
2021-10-26,Shasta,089,179085,21110,20725,3507,24232,330
2021-10-26,Sierra,091,2930,180,169,20,189,0
2021-10-26,Siskiyou,093,43540,3324,3254,1258,4512,46
2021-10-26,Solano,095,438530,45759,45044,1237,46281,344
2021-10-26,Sonoma,097,501317,41161,40794,512,41306,393
2021-10-26,Stanislaus,099,539301,77709,77552,8665,86217,1157
2021-10-26,Sutter,101,95872,13774,13739,336,14075,176
2021-10-26,Tehama,103,63373,8390,8247,1448,9695,112
2021-10-26,Trinity,105,12862,846,705,207,912,11
2021-10-26,Tulare,107,460477,67828,66476,14487,80963,991
2021-10-26,Tuolumne,109,53932,7140,6995,94,7089,90
2021-10-26,Ventura,111,848112,97741,97014,4237,101251,1170
2021-10-26,Yolo,113,214977,19765,19490,1000,20490,248
2021-10-26,Yuba,115,75493,10032,9927,301,10228,82
2021-10-25,Alameda,001,1643700,118648,118319,2700,121019,1404
2021-10-25,Alpine,003,1148,101,105,0,105,0
2021-10-25,Amador,005,37829,5503,5455,56,5511,64
2021-10-25,Butte,007,227075,20702,20331,3773,24104,273
2021-10-25,Calaveras,009,45235,3991,3942,50,3992,82
2021-10-25,Colusa,011,21464,2505,2471,622,3093,18
2021-10-25,Contra Costa,013,1133247,98880,98267,2116,100383,1017
2021-10-25,Del Norte,015,27424,3652,3562,52,3614,42
2021-10-25,El Dorado,017,186661,15925,15663,1673,17336,149
2021-10-25,Fresno,019,978130,138085,135974,12430,148404,2112
2021-10-25,Glenn,021,27897,3471,3421,1000,4421,33
2021-10-25,Humboldt,023,135768,8907,8825,528,9353,105
2021-10-25,Imperial,025,180216,33316,32968,3090,36058,766
2021-10-25,Inyo,027,18085,2275,2183,38,2221,41
2021-10-25,Kern,029,883053,125940,124078,21275,145353,1649
2021-10-25,Kings,031,150075,31865,31329,1868,33197,335
2021-10-25,Lake,033,64148,6669,6571,140,6711,105
2021-10-25,Lassen,035,31185,6789,6688,349,7037,42
2021-10-25,Los Angeles,037,10098052,1433456,1421061,52992,1474053,26579
2021-10-25,Madera,039,155013,22745,22325,2014,24339,281
2021-10-25,Marin,041,260295,17464,17334,437,17771,244
2021-10-25,Mariposa,043,17540,1249,1220,45,1265,5
2021-10-25,Mendocino,045,87422,7421,7296,486,7782,82
2021-10-25,Merced,047,269075,41453,41207,1816,43023,583
2021-10-25,Modoc,049,8938,521,512,183,695,5
2021-10-25,Mono,051,14174,1698,1677,21,1698,3
2021-10-25,Monterey,053,433212,48523,47547,2792,50339,587
2021-10-25,Napa,055,140530,12880,12841,104,12945,100
2021-10-25,Nevada,057,99092,9062,8958,314,9272,90
2021-10-25,Orange,059,3164182,305720,303279,14746,318025,5574
2021-10-25,Placer,061,380077,36709,36153,3558,39711,431
2021-10-25,Plumas,063,18699,1732,1641,33,1674,7
2021-10-25,Riverside,065,2383286,360901,356381,16152,372533,5056
2021-10-25,Sacramento,067,1510023,157417,156516,4431,160947,2235
2021-10-25,San Benito,069,59416,7338,7314,164,7478,71
2021-10-25,San Bernardino,071,2135413,351845,349075,10999,360074,5748
2021-10-25,San Diego,073,3302833,370567,368386,21777,390163,4196
2021-10-25,San Francisco,075,870044,52578,52041,2249,54290,649
2021-10-25,San Joaquin,077,732212,98900,97980,5275,103255,1740
2021-10-25,San Luis Obispo,079,281455,29360,28907,1212,30119,336
2021-10-25,San Mateo,081,765935,53850,52927,834,53761,571
2021-10-25,Santa Barbara,083,443738,44149,43775,1513,45288,525
2021-10-25,Santa Clara,085,1922200,146101,144895,1280,146175,1901
2021-10-25,Santa Cruz,087,273765,20251,20053,988,21041,221
2021-10-25,Shasta,089,179085,21038,20666,3500,24166,326
2021-10-25,Sierra,091,2930,180,168,20,188,0
2021-10-25,Siskiyou,093,43540,3320,3248,1253,4501,46
2021-10-25,Solano,095,438530,45698,45022,1235,46257,344
2021-10-25,Sonoma,097,501317,41088,40746,510,41256,393
2021-10-25,Stanislaus,099,539301,77517,77452,8637,86089,1145
2021-10-25,Sutter,101,95872,13760,13721,333,14054,176
2021-10-25,Tehama,103,63373,8363,8224,1444,9668,111
2021-10-25,Trinity,105,12862,841,699,206,905,11
2021-10-25,Tulare,107,460477,67633,66357,14425,80782,986
2021-10-25,Tuolumne,109,53932,7106,6952,93,7045,90
2021-10-25,Ventura,111,848112,97650,96932,4234,101166,1167
2021-10-25,Yolo,113,214977,19716,19457,996,20453,248
2021-10-25,Yuba,115,75493,10016,9924,297,10221,82
2021-10-24,Alameda,001,1643700,118516,117816,2695,120511,1397
2021-10-24,Alpine,003,1148,101,105,0,105,0
2021-10-24,Amador,005,37829,5498,5412,56,5468,64
2021-10-24,Butte,007,227075,20630,20101,3761,23862,273
2021-10-24,Calaveras,009,45235,3972,3865,49,3914,81
2021-10-24,Colusa,011,21464,2501,2458,619,3077,18
2021-10-24,Contra Costa,013,1133247,98762,97855,2107,99962,1008
2021-10-24,Del Norte,015,27424,3648,3540,52,3592,42
2021-10-24,El Dorado,017,186661,15888,15540,1669,17209,149
2021-10-24,Fresno,019,978130,137649,134466,12380,146846,2094
2021-10-24,Glenn,021,27897,3463,3399,998,4397,33
2021-10-24,Humboldt,023,135768,8894,8753,522,9275,105
2021-10-24,Imperial,025,180216,33238,32777,3084,35861,766
2021-10-24,Inyo,027,18085,2243,2108,38,2146,41
2021-10-24,Kern,029,883053,125606,122939,21159,144098,1636
2021-10-24,Kings,031,150075,31736,30942,1853,32795,325
2021-10-24,Lake,033,64148,6646,6501,139,6640,105
2021-10-24,Lassen,035,31185,6772,6632,348,6980,27
2021-10-24,Los Angeles,037,10098052,1432020,1415919,52924,1468843,26527
2021-10-24,Madera,039,155013,22668,22062,2002,24064,281
2021-10-24,Marin,041,260295,17448,17264,436,17700,244
2021-10-24,Mariposa,043,17540,1246,1184,45,1229,5
2021-10-24,Mendocino,045,87422,7397,7220,476,7696,82
2021-10-24,Merced,047,269075,41332,40808,1810,42618,581
2021-10-24,Modoc,049,8938,520,507,183,690,5
2021-10-24,Mono,051,14174,1693,1655,21,1676,3
2021-10-24,Monterey,053,433212,48475,47456,2782,50238,586
2021-10-24,Napa,055,140530,12869,12789,104,12893,100
2021-10-24,Nevada,057,99092,9039,8861,311,9172,90
2021-10-24,Orange,059,3164182,305370,302237,14709,316946,5546
2021-10-24,Placer,061,380077,36605,35822,3544,39366,426
2021-10-24,Plumas,063,18699,1722,1623,32,1655,7
2021-10-24,Riverside,065,2383286,360427,354688,16132,370820,5041
2021-10-24,Sacramento,067,1510023,157076,155125,4408,159533,2232
2021-10-24,San Benito,069,59416,7318,7280,164,7444,71
2021-10-24,San Bernardino,071,2135413,351287,347681,10987,358668,5688
2021-10-24,San Diego,073,3302833,369984,366085,21746,387831,4183
2021-10-24,San Francisco,075,870044,52515,51820,2243,54063,649
2021-10-24,San Joaquin,077,732212,98725,97440,5269,102709,1721
2021-10-24,San Luis Obispo,079,281455,29299,28755,1205,29960,333
2021-10-24,San Mateo,081,765935,53778,52719,834,53553,571
2021-10-24,Santa Barbara,083,443738,44082,43552,1511,45063,523
2021-10-24,Santa Clara,085,1922200,145910,144276,1270,145546,1897
2021-10-24,Santa Cruz,087,273765,20213,19967,987,20954,221
2021-10-24,Shasta,089,179085,20940,20386,3494,23880,321
2021-10-24,Sierra,091,2930,180,168,20,188,0
2021-10-24,Siskiyou,093,43540,3313,3231,1249,4480,46
2021-10-24,Solano,095,438530,45648,44861,1230,46091,341
2021-10-24,Sonoma,097,501317,41005,40476,510,40986,393
2021-10-24,Stanislaus,099,539301,77326,76812,8626,85438,1145
2021-10-24,Sutter,101,95872,13733,13616,325,13941,175
2021-10-24,Tehama,103,63373,8315,8105,1433,9538,110
2021-10-24,Trinity,105,12862,837,696,204,900,11
2021-10-24,Tulare,107,460477,67460,65585,14354,79939,978
2021-10-24,Tuolumne,109,53932,7066,6840,91,6931,90
2021-10-24,Ventura,111,848112,97543,96664,4233,100897,1167
2021-10-24,Yolo,113,214977,19667,19280,994,20274,248
2021-10-24,Yuba,115,75493,9992,9838,296,10134,82
2021-10-23,Alameda,001,1643700,118428,117816,2690,120506,1397
2021-10-23,Alpine,003,1148,101,105,0,105,0
2021-10-23,Amador,005,37829,5491,5412,56,5468,64
2021-10-23,Butte,007,227075,20593,20101,3753,23854,273
2021-10-23,Calaveras,009,45235,3965,3865,48,3913,81
2021-10-23,Colusa,011,21464,2499,2458,618,3076,18
2021-10-23,Contra Costa,013,1133247,98710,97855,2103,99958,1008
2021-10-23,Del Norte,015,27424,3646,3540,52,3592,42
2021-10-23,El Dorado,017,186661,15862,15540,1667,17207,149
2021-10-23,Fresno,019,978130,137471,134466,12367,146833,2094
2021-10-23,Glenn,021,27897,3461,3399,997,4396,33
2021-10-23,Humboldt,023,135768,8880,8753,517,9270,105
2021-10-23,Imperial,025,180216,33191,32777,3080,35857,766
2021-10-23,Inyo,027,18085,2232,2108,38,2146,41
2021-10-23,Kern,029,883053,125446,122939,21072,144011,1636
2021-10-23,Kings,031,150075,31690,30942,1851,32793,325
2021-10-23,Lake,033,64148,6641,6501,139,6640,105
2021-10-23,Lassen,035,31185,6769,6632,346,6978,27
2021-10-23,Los Angeles,037,10098052,1431338,1415919,52870,1468789,26527
2021-10-23,Madera,039,155013,22619,22062,1994,24056,281
2021-10-23,Marin,041,260295,17431,17264,436,17700,244
2021-10-23,Mariposa,043,17540,1243,1184,44,1228,5
2021-10-23,Mendocino,045,87422,7390,7220,475,7695,82
2021-10-23,Merced,047,269075,41291,40808,1805,42613,581
2021-10-23,Modoc,049,8938,518,507,183,690,5
2021-10-23,Mono,051,14174,1687,1655,21,1676,3
2021-10-23,Monterey,053,433212,48458,47456,2778,50234,586
2021-10-23,Napa,055,140530,12864,12789,104,12893,100
2021-10-23,Nevada,057,99092,9028,8861,309,9170,90
2021-10-23,Orange,059,3164182,305183,302237,14694,316931,5546
2021-10-23,Placer,061,380077,36543,35822,3538,39360,426
2021-10-23,Plumas,063,18699,1721,1623,32,1655,7
2021-10-23,Riverside,065,2383286,360106,354688,16125,370813,5041
2021-10-23,Sacramento,067,1510023,156947,155125,4400,159525,2232
2021-10-23,San Benito,069,59416,7308,7280,164,7444,71
2021-10-23,San Bernardino,071,2135413,351016,347681,10979,358660,5688
2021-10-23,San Diego,073,3302833,369643,366085,21715,387800,4183
2021-10-23,San Francisco,075,870044,52479,51820,2242,54062,649
2021-10-23,San Joaquin,077,732212,98657,97440,5260,102700,1721
2021-10-23,San Luis Obispo,079,281455,29262,28755,1203,29958,333
2021-10-23,San Mateo,081,765935,53740,52719,833,53552,571
2021-10-23,Santa Barbara,083,443738,44051,43552,1509,45061,523
2021-10-23,Santa Clara,085,1922200,145802,144276,1266,145542,1897
2021-10-23,Santa Cruz,087,273765,20201,19967,987,20954,221
2021-10-23,Shasta,089,179085,20904,20386,3482,23868,321
2021-10-23,Sierra,091,2930,179,168,20,188,0
2021-10-23,Siskiyou,093,43540,3311,3231,1249,4480,46
2021-10-23,Solano,095,438530,45623,44861,1227,46088,341
2021-10-23,Sonoma,097,501317,40965,40476,510,40986,393
2021-10-23,Stanislaus,099,539301,77237,76812,8606,85418,1145
2021-10-23,Sutter,101,95872,13727,13616,324,13940,175
2021-10-23,Tehama,103,63373,8303,8105,1432,9537,110
2021-10-23,Trinity,105,12862,836,696,204,900,11
2021-10-23,Tulare,107,460477,67372,65585,14295,79880,978
2021-10-23,Tuolumne,109,53932,7045,6840,91,6931,90
2021-10-23,Ventura,111,848112,97482,96664,4233,100897,1167
2021-10-23,Yolo,113,214977,19650,19280,991,20271,248
2021-10-23,Yuba,115,75493,9983,9838,296,10134,82
2021-10-22,Alameda,001,1643700,118346,117816,2687,120503,1397
2021-10-22,Alpine,003,1148,101,105,0,105,0
2021-10-22,Amador,005,37829,5480,5412,56,5468,64
2021-10-22,Butte,007,227075,20561,20101,3749,23850,273
2021-10-22,Calaveras,009,45235,3957,3865,48,3913,81
2021-10-22,Colusa,011,21464,2496,2458,618,3076,18
2021-10-22,Contra Costa,013,1133247,98619,97855,2101,99956,1008
2021-10-22,Del Norte,015,27424,3642,3540,52,3592,42
2021-10-22,El Dorado,017,186661,15849,15540,1665,17205,149
2021-10-22,Fresno,019,978130,137256,134466,12345,146811,2094
2021-10-22,Glenn,021,27897,3451,3399,997,4396,33
2021-10-22,Humboldt,023,135768,8866,8753,516,9269,105
2021-10-22,Imperial,025,180216,33147,32777,3080,35857,766
2021-10-22,Inyo,027,18085,2219,2108,38,2146,41
2021-10-22,Kern,029,883053,125259,122939,20999,143938,1636
2021-10-22,Kings,031,150075,31655,30942,1850,32792,325
2021-10-22,Lake,033,64148,6631,6501,139,6640,105
2021-10-22,Lassen,035,31185,6762,6632,343,6975,27
2021-10-22,Los Angeles,037,10098052,1430574,1415919,52811,1468730,26527
2021-10-22,Madera,039,155013,22569,22062,1982,24044,281
2021-10-22,Marin,041,260295,17419,17264,436,17700,244
2021-10-22,Mariposa,043,17540,1240,1184,44,1228,5
2021-10-22,Mendocino,045,87422,7376,7220,474,7694,82
2021-10-22,Merced,047,269075,41254,40808,1798,42606,581
2021-10-22,Modoc,049,8938,518,507,183,690,5
2021-10-22,Mono,051,14174,1685,1655,21,1676,3
2021-10-22,Monterey,053,433212,48425,47456,2776,50232,586
2021-10-22,Napa,055,140530,12858,12789,104,12893,100
2021-10-22,Nevada,057,99092,9011,8861,308,9169,90
2021-10-22,Orange,059,3164182,304967,302237,14664,316901,5546
2021-10-22,Placer,061,380077,36515,35822,3529,39351,426
2021-10-22,Plumas,063,18699,1715,1623,32,1655,7
2021-10-22,Riverside,065,2383286,359795,354688,16120,370808,5041
2021-10-22,Sacramento,067,1510023,156760,155125,4391,159516,2232
2021-10-22,San Benito,069,59416,7303,7280,164,7444,71
2021-10-22,San Bernardino,071,2135413,350686,347681,10964,358645,5688
2021-10-22,San Diego,073,3302833,369245,366085,21697,387782,4183
2021-10-22,San Francisco,075,870044,52443,51820,2235,54055,649
2021-10-22,San Joaquin,077,732212,98597,97440,5257,102697,1721
2021-10-22,San Luis Obispo,079,281455,29232,28755,1203,29958,333
2021-10-22,San Mateo,081,765935,53689,52719,827,53546,571
2021-10-22,Santa Barbara,083,443738,44010,43552,1509,45061,523
2021-10-22,Santa Clara,085,1922200,145646,144276,1259,145535,1897
2021-10-22,Santa Cruz,087,273765,20179,19967,987,20954,221
2021-10-22,Shasta,089,179085,20871,20386,3479,23865,321
2021-10-22,Sierra,091,2930,178,168,19,187,0
2021-10-22,Siskiyou,093,43540,3309,3231,1246,4477,46
2021-10-22,Solano,095,438530,45588,44861,1223,46084,341
2021-10-22,Sonoma,097,501317,40908,40476,510,40986,393
2021-10-22,Stanislaus,099,539301,77134,76812,8589,85401,1145
2021-10-22,Sutter,101,95872,13712,13616,324,13940,175
2021-10-22,Tehama,103,63373,8281,8105,1427,9532,110
2021-10-22,Trinity,105,12862,835,696,204,900,11
2021-10-22,Tulare,107,460477,67287,65585,14242,79827,978
2021-10-22,Tuolumne,109,53932,7010,6840,91,6931,90
2021-10-22,Ventura,111,848112,97429,96664,4227,100891,1167
2021-10-22,Yolo,113,214977,19623,19280,989,20269,248
2021-10-22,Yuba,115,75493,9969,9838,294,10132,82
2021-10-21,Alameda,001,1643700,118231,117816,2681,120497,1397
2021-10-21,Alpine,003,1148,101,105,0,105,0
2021-10-21,Amador,005,37829,5472,5412,56,5468,64
2021-10-21,Butte,007,227075,20477,20101,3735,23836,273
2021-10-21,Calaveras,009,45235,3938,3865,48,3913,81
2021-10-21,Colusa,011,21464,2492,2458,614,3072,18
2021-10-21,Contra Costa,013,1133247,98502,97855,2096,99951,1008
2021-10-21,Del Norte,015,27424,3636,3540,51,3591,42
2021-10-21,El Dorado,017,186661,15820,15540,1658,17198,149
2021-10-21,Fresno,019,978130,136905,134466,12300,146766,2094
2021-10-21,Glenn,021,27897,3447,3399,994,4393,33
2021-10-21,Humboldt,023,135768,8852,8753,512,9265,105
2021-10-21,Imperial,025,180216,33092,32777,3076,35853,766
2021-10-21,Inyo,027,18085,2197,2108,38,2146,41
2021-10-21,Kern,029,883053,125012,122939,20890,143829,1636
2021-10-21,Kings,031,150075,31557,30942,1844,32786,325
2021-10-21,Lake,033,64148,6617,6501,138,6639,105
2021-10-21,Lassen,035,31185,6749,6632,339,6971,27
2021-10-21,Los Angeles,037,10098052,1429454,1415919,52762,1468681,26527
2021-10-21,Madera,039,155013,22511,22062,1972,24034,281
2021-10-21,Marin,041,260295,17401,17264,436,17700,244
2021-10-21,Mariposa,043,17540,1234,1184,43,1227,5
2021-10-21,Mendocino,045,87422,7358,7220,467,7687,82
2021-10-21,Merced,047,269075,41157,40808,1787,42595,581
2021-10-21,Modoc,049,8938,518,507,183,690,5
2021-10-21,Mono,051,14174,1676,1655,21,1676,3
2021-10-21,Monterey,053,433212,48391,47456,2765,50221,586
2021-10-21,Napa,055,140530,12846,12789,104,12893,100
2021-10-21,Nevada,057,99092,8986,8861,308,9169,90
2021-10-21,Orange,059,3164182,304695,302237,14628,316865,5546
2021-10-21,Placer,061,380077,36426,35822,3516,39338,426
2021-10-21,Plumas,063,18699,1701,1623,32,1655,7
2021-10-21,Riverside,065,2383286,359348,354688,16110,370798,5041
2021-10-21,Sacramento,067,1510023,156440,155125,4365,159490,2232
2021-10-21,San Benito,069,59416,7296,7280,162,7442,71
2021-10-21,San Bernardino,071,2135413,350306,347681,10930,358611,5688
2021-10-21,San Diego,073,3302833,368733,366085,21667,387752,4183
2021-10-21,San Francisco,075,870044,52388,51820,2234,54054,649
2021-10-21,San Joaquin,077,732212,98458,97440,5250,102690,1721
2021-10-21,San Luis Obispo,079,281455,29190,28755,1201,29956,333
2021-10-21,San Mateo,081,765935,53642,52719,826,53545,571
2021-10-21,Santa Barbara,083,443738,43944,43552,1507,45059,523
2021-10-21,Santa Clara,085,1922200,145475,144276,1255,145531,1897
2021-10-21,Santa Cruz,087,273765,20155,19967,985,20952,221
2021-10-21,Shasta,089,179085,20810,20386,3464,23850,321
2021-10-21,Sierra,091,2930,177,168,18,186,0
2021-10-21,Siskiyou,093,43540,3304,3231,1244,4475,46
2021-10-21,Solano,095,438530,45536,44861,1221,46082,341
2021-10-21,Sonoma,097,501317,40839,40476,508,40984,393
2021-10-21,Stanislaus,099,539301,76965,76812,8578,85390,1145
2021-10-21,Sutter,101,95872,13684,13616,320,13936,175
2021-10-21,Tehama,103,63373,8254,8105,1420,9525,110
2021-10-21,Trinity,105,12862,833,696,204,900,11
2021-10-21,Tulare,107,460477,67098,65585,14173,79758,978
2021-10-21,Tuolumne,109,53932,6972,6840,90,6930,90
2021-10-21,Ventura,111,848112,97338,96664,4225,100889,1167
2021-10-21,Yolo,113,214977,19576,19280,987,20267,248
2021-10-21,Yuba,115,75493,9945,9838,293,10131,82
2021-10-20,Alameda,001,1643700,118111,117654,2681,120335,1390
2021-10-20,Alpine,003,1148,101,103,0,103,0
2021-10-20,Amador,005,37829,5464,5379,56,5435,64
2021-10-20,Butte,007,227075,20421,20021,3719,23740,270
2021-10-20,Calaveras,009,45235,3918,3844,47,3891,81
2021-10-20,Colusa,011,21464,2488,2454,612,3066,18
2021-10-20,Contra Costa,013,1133247,98386,97721,2092,99813,1008
2021-10-20,Del Norte,015,27424,3632,3536,51,3587,42
2021-10-20,El Dorado,017,186661,15791,15502,1655,17157,149
2021-10-20,Fresno,019,978130,136503,134025,12263,146288,2084
2021-10-20,Glenn,021,27897,3439,3382,993,4375,33
2021-10-20,Humboldt,023,135768,8830,8727,510,9237,105
2021-10-20,Imperial,025,180216,33018,32705,3068,35773,766
2021-10-20,Inyo,027,18085,2178,2077,37,2114,40
2021-10-20,Kern,029,883053,124718,122630,20771,143401,1623
2021-10-20,Kings,031,150075,31480,30805,1834,32639,322
2021-10-20,Lake,033,64148,6595,6475,137,6612,104
2021-10-20,Lassen,035,31185,6734,6622,339,6961,27
2021-10-20,Los Angeles,037,10098052,1428334,1414931,52691,1467622,26506
2021-10-20,Madera,039,155013,22442,21983,1963,23946,281
2021-10-20,Marin,041,260295,17380,17250,434,17684,244
2021-10-20,Mariposa,043,17540,1227,1174,43,1217,5
2021-10-20,Mendocino,045,87422,7330,7189,464,7653,82
2021-10-20,Merced,047,269075,41076,40685,1771,42456,581
2021-10-20,Modoc,049,8938,518,504,183,687,5
2021-10-20,Mono,051,14174,1676,1653,21,1674,3
2021-10-20,Monterey,053,433212,48359,47430,2756,50186,587
2021-10-20,Napa,055,140530,12832,12773,103,12876,100
2021-10-20,Nevada,057,99092,8958,8836,308,9144,90
2021-10-20,Orange,059,3164182,304409,301957,14606,316563,5534
2021-10-20,Placer,061,380077,36337,35729,3507,39236,425
2021-10-20,Plumas,063,18699,1694,1604,32,1636,7
2021-10-20,Riverside,065,2383286,358904,354311,16093,370404,5030
2021-10-20,Sacramento,067,1510023,156141,154822,4342,159164,2222
2021-10-20,San Benito,069,59416,7293,7275,160,7435,71
2021-10-20,San Bernardino,071,2135413,349904,347217,10899,358116,5663
2021-10-20,San Diego,073,3302833,368224,365698,21648,387346,4178
2021-10-20,San Francisco,075,870044,52339,51755,2233,53988,646
2021-10-20,San Joaquin,077,732212,98313,97246,5242,102488,1721
2021-10-20,San Luis Obispo,079,281455,29144,28727,1197,29924,332
2021-10-20,San Mateo,081,765935,53571,52663,818,53481,571
2021-10-20,Santa Barbara,083,443738,43881,43489,1506,44995,523
2021-10-20,Santa Clara,085,1922200,145340,144124,1250,145374,1896
2021-10-20,Santa Cruz,087,273765,20142,19951,985,20936,219
2021-10-20,Shasta,089,179085,20748,20313,3437,23750,320
2021-10-20,Sierra,091,2930,177,168,18,186,0
2021-10-20,Siskiyou,093,43540,3304,3224,1238,4462,46
2021-10-20,Solano,095,438530,45504,44819,1219,46038,341
2021-10-20,Sonoma,097,501317,40792,40404,508,40912,393
2021-10-20,Stanislaus,099,539301,76815,76631,8559,85190,1145
2021-10-20,Sutter,101,95872,13660,13592,314,13906,175
2021-10-20,Tehama,103,63373,8223,8081,1409,9490,110
2021-10-20,Trinity,105,12862,833,693,203,896,11
2021-10-20,Tulare,107,460477,66922,65413,14129,79542,967
2021-10-20,Tuolumne,109,53932,6949,6803,90,6893,89
2021-10-20,Ventura,111,848112,97256,96610,4221,100831,1166
2021-10-20,Yolo,113,214977,19531,19236,985,20221,248
2021-10-20,Yuba,115,75493,9928,9808,290,10098,82
2021-10-19,Alameda,001,1643700,117989,117542,2675,120217,1383
2021-10-19,Alpine,003,1148,101,103,0,103,0
2021-10-19,Amador,005,37829,5448,5367,56,5423,64
2021-10-19,Butte,007,227075,20368,19974,3711,23685,268
2021-10-19,Calaveras,009,45235,3901,3826,46,3872,80
2021-10-19,Colusa,011,21464,2485,2447,610,3057,18
2021-10-19,Contra Costa,013,1133247,98295,97613,2087,99700,1004
2021-10-19,Del Norte,015,27424,3625,3531,51,3582,42
2021-10-19,El Dorado,017,186661,15766,15478,1650,17128,149
2021-10-19,Fresno,019,978130,136139,133813,12215,146028,2073
2021-10-19,Glenn,021,27897,3435,3380,991,4371,33
2021-10-19,Humboldt,023,135768,8806,8714,504,9218,105
2021-10-19,Imperial,025,180216,32952,32632,3064,35696,764
2021-10-19,Inyo,027,18085,2147,2045,37,2082,40
2021-10-19,Kern,029,883053,124401,122391,20647,143038,1613
2021-10-19,Kings,031,150075,31387,30757,1827,32584,322
2021-10-19,Lake,033,64148,6591,6465,137,6602,104
2021-10-19,Lassen,035,31185,6728,6612,335,6947,27
2021-10-19,Los Angeles,037,10098052,1427086,1413882,52619,1466501,26473
2021-10-19,Madera,039,155013,22379,21950,1955,23905,281
2021-10-19,Marin,041,260295,17366,17241,431,17672,244
2021-10-19,Mariposa,043,17540,1221,1171,41,1212,5
2021-10-19,Mendocino,045,87422,7315,7172,461,7633,82
2021-10-19,Merced,047,269075,40961,40628,1750,42378,580
2021-10-19,Modoc,049,8938,516,502,183,685,5
2021-10-19,Mono,051,14174,1672,1651,21,1672,3
2021-10-19,Monterey,053,433212,48322,47412,2745,50157,583
2021-10-19,Napa,055,140530,12825,12769,103,12872,100
2021-10-19,Nevada,057,99092,8937,8829,307,9136,90
2021-10-19,Orange,059,3164182,304152,301700,14573,316273,5527
2021-10-19,Placer,061,380077,36216,35663,3492,39155,422
2021-10-19,Plumas,063,18699,1676,1586,32,1618,8
2021-10-19,Riverside,065,2383286,358483,353891,16086,369977,5020
2021-10-19,Sacramento,067,1510023,155835,154570,4316,158886,2227
2021-10-19,San Benito,069,59416,7278,7264,160,7424,71
2021-10-19,San Bernardino,071,2135413,349502,346814,10870,357684,5627
2021-10-19,San Diego,073,3302833,367643,365285,21617,386902,4170
2021-10-19,San Francisco,075,870044,52276,51704,2231,53935,645
2021-10-19,San Joaquin,077,732212,98146,97105,5231,102336,1721
2021-10-19,San Luis Obispo,079,281455,29096,28670,1194,29864,332
2021-10-19,San Mateo,081,765935,53513,52617,816,53433,571
2021-10-19,Santa Barbara,083,443738,43814,43413,1505,44918,522
2021-10-19,Santa Clara,085,1922200,145167,143989,1243,145232,1898
2021-10-19,Santa Cruz,087,273765,20118,19895,983,20878,218
2021-10-19,Shasta,089,179085,20672,20209,3429,23638,319
2021-10-19,Sierra,091,2930,174,168,18,186,0
2021-10-19,Siskiyou,093,43540,3300,3216,1233,4449,46
2021-10-19,Solano,095,438530,45463,44782,1213,45995,341
2021-10-19,Sonoma,097,501317,40718,40379,507,40886,392
2021-10-19,Stanislaus,099,539301,76673,76526,8547,85073,1145
2021-10-19,Sutter,101,95872,13636,13569,313,13882,174
2021-10-19,Tehama,103,63373,8193,8057,1393,9450,108
2021-10-19,Trinity,105,12862,826,691,203,894,11
2021-10-19,Tulare,107,460477,66735,65253,14061,79314,958
2021-10-19,Tuolumne,109,53932,6920,6782,89,6871,89
2021-10-19,Ventura,111,848112,97180,96539,4216,100755,1166
2021-10-19,Yolo,113,214977,19485,19206,981,20187,248
2021-10-19,Yuba,115,75493,9910,9796,289,10085,82
2021-10-18,Alameda,001,1643700,117852,117506,2665,120171,1381
2021-10-18,Alpine,003,1148,101,103,0,103,0
2021-10-18,Amador,005,37829,5437,5345,56,5401,64
2021-10-18,Butte,007,227075,20317,19921,3699,23620,265
2021-10-18,Calaveras,009,45235,3876,3819,45,3864,80
2021-10-18,Colusa,011,21464,2484,2444,608,3052,18
2021-10-18,Contra Costa,013,1133247,98183,97585,2083,99668,995
2021-10-18,Del Norte,015,27424,3618,3529,51,3580,41
2021-10-18,El Dorado,017,186661,15736,15452,1648,17100,149
2021-10-18,Fresno,019,978130,135738,133688,12173,145861,2063
2021-10-18,Glenn,021,27897,3431,3370,987,4357,32
2021-10-18,Humboldt,023,135768,8786,8699,496,9195,104
2021-10-18,Imperial,025,180216,32861,32558,3064,35622,764
2021-10-18,Inyo,027,18085,2129,2020,37,2057,40
2021-10-18,Kern,029,883053,124102,122231,20553,142784,1605
2021-10-18,Kings,031,150075,31274,30698,1814,32512,320
2021-10-18,Lake,033,64148,6572,6455,133,6588,104
2021-10-18,Lassen,035,31185,6708,6607,332,6939,26
2021-10-18,Los Angeles,037,10098052,1425842,1413291,52543,1465834,26446
2021-10-18,Madera,039,155013,22325,21909,1942,23851,277
2021-10-18,Marin,041,260295,17346,17232,428,17660,244
2021-10-18,Mariposa,043,17540,1213,1160,41,1201,5
2021-10-18,Mendocino,045,87422,7296,7156,453,7609,82
2021-10-18,Merced,047,269075,40838,40573,1740,42313,579
2021-10-18,Modoc,049,8938,516,498,183,681,5
2021-10-18,Mono,051,14174,1666,1648,20,1668,3
2021-10-18,Monterey,053,433212,48300,47389,2740,50129,583
2021-10-18,Napa,055,140530,12810,12762,103,12865,100
2021-10-18,Nevada,057,99092,8918,8816,307,9123,90
2021-10-18,Orange,059,3164182,303813,301573,14538,316111,5524
2021-10-18,Placer,061,380077,36139,35598,3488,39086,420
2021-10-18,Plumas,063,18699,1668,1579,32,1611,6
2021-10-18,Riverside,065,2383286,358068,353699,16072,369771,5008
2021-10-18,Sacramento,067,1510023,155530,154428,4286,158714,2203
2021-10-18,San Benito,069,59416,7266,7253,160,7413,71
2021-10-18,San Bernardino,071,2135413,349081,346742,10856,357598,5606
2021-10-18,San Diego,073,3302833,367087,364948,21579,386527,4169
2021-10-18,San Francisco,075,870044,52213,51671,2225,53896,644
2021-10-18,San Joaquin,077,732212,97981,97041,5221,102262,1721
2021-10-18,San Luis Obispo,079,281455,29057,28644,1191,29835,331
2021-10-18,San Mateo,081,765935,53448,52594,815,53409,571
2021-10-18,Santa Barbara,083,443738,43755,43386,1503,44889,522
2021-10-18,Santa Clara,085,1922200,145012,143891,1235,145126,1895
2021-10-18,Santa Cruz,087,273765,20104,19876,981,20857,218
2021-10-18,Shasta,089,179085,20592,20146,3418,23564,313
2021-10-18,Sierra,091,2930,174,166,18,184,0
2021-10-18,Siskiyou,093,43540,3297,3210,1225,4435,42
2021-10-18,Solano,095,438530,45419,44758,1210,45968,339
2021-10-18,Sonoma,097,501317,40654,40349,504,40853,392
2021-10-18,Stanislaus,099,539301,76508,76466,8533,84999,1145
2021-10-18,Sutter,101,95872,13602,13557,311,13868,172
2021-10-18,Tehama,103,63373,8158,8042,1381,9423,107
2021-10-18,Trinity,105,12862,825,688,203,891,11
2021-10-18,Tulare,107,460477,66560,65171,13997,79168,958
2021-10-18,Tuolumne,109,53932,6891,6755,89,6844,89
2021-10-18,Ventura,111,848112,97085,96506,4213,100719,1165
2021-10-18,Yolo,113,214977,19448,19197,978,20175,248
2021-10-18,Yuba,115,75493,9883,9782,287,10069,82
2021-10-17,Alameda,001,1643700,117701,117423,2660,120083,1376
2021-10-17,Alpine,003,1148,101,103,0,103,0
2021-10-17,Amador,005,37829,5414,5341,56,5397,64
2021-10-17,Butte,007,227075,20233,19897,3689,23586,265
2021-10-17,Calaveras,009,45235,3860,3805,45,3850,80
2021-10-17,Colusa,011,21464,2479,2442,601,3043,18
2021-10-17,Contra Costa,013,1133247,98062,97485,2072,99557,995
2021-10-17,Del Norte,015,27424,3613,3526,51,3577,41
2021-10-17,El Dorado,017,186661,15678,15438,1641,17079,149
2021-10-17,Fresno,019,978130,135270,133429,12129,145558,2063
2021-10-17,Glenn,021,27897,3421,3364,982,4346,32
2021-10-17,Humboldt,023,135768,8766,8690,493,9183,104
2021-10-17,Imperial,025,180216,32779,32520,3057,35577,764
2021-10-17,Inyo,027,18085,2101,2000,37,2037,40
2021-10-17,Kern,029,883053,123752,122085,20455,142540,1603
2021-10-17,Kings,031,150075,31161,30636,1806,32442,315
2021-10-17,Lake,033,64148,6556,6437,133,6570,104
2021-10-17,Lassen,035,31185,6696,6605,328,6933,26
2021-10-17,Los Angeles,037,10098052,1424503,1412371,52469,1464840,26443
2021-10-17,Madera,039,155013,22263,21869,1931,23800,277
2021-10-17,Marin,041,260295,17324,17211,428,17639,243
2021-10-17,Mariposa,043,17540,1206,1150,41,1191,5
2021-10-17,Mendocino,045,87422,7267,7148,447,7595,82
2021-10-17,Merced,047,269075,40712,40531,1724,42255,579
2021-10-17,Modoc,049,8938,513,498,181,679,5
2021-10-17,Mono,051,14174,1664,1640,19,1659,3
2021-10-17,Monterey,053,433212,48259,47369,2730,50099,583
2021-10-17,Napa,055,140530,12795,12753,100,12853,100
2021-10-17,Nevada,057,99092,8901,8794,306,9100,90
2021-10-17,Orange,059,3164182,303498,301414,14505,315919,5524
2021-10-17,Placer,061,380077,36039,35559,3473,39032,420
2021-10-17,Plumas,063,18699,1644,1571,31,1602,6
2021-10-17,Riverside,065,2383286,357583,353500,16058,369558,5008
2021-10-17,Sacramento,067,1510023,155131,154080,4269,158349,2213
2021-10-17,San Benito,069,59416,7257,7250,159,7409,71
2021-10-17,San Bernardino,071,2135413,348645,346524,10836,357360,5597
2021-10-17,San Diego,073,3302833,366496,364675,21551,386226,4163
2021-10-17,San Francisco,075,870044,52141,51625,2216,53841,644
2021-10-17,San Joaquin,077,732212,97808,96950,5212,102162,1721
2021-10-17,San Luis Obispo,079,281455,29005,28604,1183,29787,331
2021-10-17,San Mateo,081,765935,53396,52541,811,53352,571
2021-10-17,Santa Barbara,083,443738,43692,43344,1502,44846,522
2021-10-17,Santa Clara,085,1922200,144835,143768,1226,144994,1895
2021-10-17,Santa Cruz,087,273765,20076,19861,979,20840,218
2021-10-17,Shasta,089,179085,20502,20116,3408,23524,312
2021-10-17,Sierra,091,2930,172,165,18,183,0
2021-10-17,Siskiyou,093,43540,3289,3204,1222,4426,42
2021-10-17,Solano,095,438530,45362,44722,1209,45931,340
2021-10-17,Sonoma,097,501317,40578,40306,503,40809,392
2021-10-17,Stanislaus,099,539301,76310,76354,8519,84873,1145
2021-10-17,Sutter,101,95872,13585,13543,309,13852,172
2021-10-17,Tehama,103,63373,8126,8015,1365,9380,107
2021-10-17,Trinity,105,12862,822,686,202,888,11
2021-10-17,Tulare,107,460477,66377,65057,13925,78982,958
2021-10-17,Tuolumne,109,53932,6857,6735,88,6823,89
2021-10-17,Ventura,111,848112,96985,96458,4210,100668,1165
2021-10-17,Yolo,113,214977,19405,19171,970,20141,248
2021-10-17,Yuba,115,75493,9857,9771,285,10056,82
2021-10-16,Alameda,001,1643700,117612,117027,2658,119685,1365
2021-10-16,Alpine,003,1148,100,102,0,102,0
2021-10-16,Amador,005,37829,5407,5310,56,5366,64
2021-10-16,Butte,007,227075,20202,19612,3680,23292,260
2021-10-16,Calaveras,009,45235,3853,3771,45,3816,80
2021-10-16,Colusa,011,21464,2475,2431,598,3029,18
2021-10-16,Contra Costa,013,1133247,97970,97107,2065,99172,982
2021-10-16,Del Norte,015,27424,3610,3516,51,3567,41
2021-10-16,El Dorado,017,186661,15657,15315,1639,16954,149
2021-10-16,Fresno,019,978130,135116,132433,12112,144545,2051
2021-10-16,Glenn,021,27897,3415,3331,982,4313,26
2021-10-16,Humboldt,023,135768,8754,8621,488,9109,104
2021-10-16,Imperial,025,180216,32764,32368,3055,35423,764
2021-10-16,Inyo,027,18085,2087,1932,37,1969,39
2021-10-16,Kern,029,883053,123596,121354,20374,141728,1590
2021-10-16,Kings,031,150075,31115,30418,1803,32221,314
2021-10-16,Lake,033,64148,6545,6378,133,6511,104
2021-10-16,Lassen,035,31185,6687,6559,324,6883,26
2021-10-16,Los Angeles,037,10098052,1423847,1409418,52416,1461834,26398
2021-10-16,Madera,039,155013,22219,21707,1927,23634,277
2021-10-16,Marin,041,260295,17314,17148,428,17576,243
2021-10-16,Mariposa,043,17540,1203,1096,41,1137,5
2021-10-16,Mendocino,045,87422,7256,7099,447,7546,82
2021-10-16,Merced,047,269075,40680,40265,1722,41987,577
2021-10-16,Modoc,049,8938,510,492,181,673,5
2021-10-16,Mono,051,14174,1660,1628,19,1647,3
2021-10-16,Monterey,053,433212,48242,47293,2722,50015,582
2021-10-16,Napa,055,140530,12784,12706,100,12806,100
2021-10-16,Nevada,057,99092,8881,8739,306,9045,90
2021-10-16,Orange,059,3164182,303322,300722,14480,315202,5509
2021-10-16,Placer,061,380077,35955,35343,3467,38810,412
2021-10-16,Plumas,063,18699,1639,1542,30,1572,6
2021-10-16,Riverside,065,2383286,357313,352435,16046,368481,4990
2021-10-16,Sacramento,067,1510023,154932,153264,4265,157529,2192
2021-10-16,San Benito,069,59416,7244,7210,158,7368,71
2021-10-16,San Bernardino,071,2135413,348437,345418,10828,356246,5566
2021-10-16,San Diego,073,3302833,366180,363109,21535,384644,4151
2021-10-16,San Francisco,075,870044,52094,51436,2212,53648,645
2021-10-16,San Joaquin,077,732212,97736,96507,5209,101716,1708
2021-10-16,San Luis Obispo,079,281455,28979,28460,1182,29642,329
2021-10-16,San Mateo,081,765935,53347,52399,810,53209,569
2021-10-16,Santa Barbara,083,443738,43656,43175,1501,44676,521
2021-10-16,Santa Clara,085,1922200,144735,143282,1218,144500,1890
2021-10-16,Santa Cruz,087,273765,20061,19794,978,20772,218
2021-10-16,Shasta,089,179085,20452,19932,3397,23329,309
2021-10-16,Sierra,091,2930,170,160,18,178,0
2021-10-16,Siskiyou,093,43540,3287,3173,1215,4388,42
2021-10-16,Solano,095,438530,45336,44585,1205,45790,334
2021-10-16,Sonoma,097,501317,40538,40195,503,40698,390
2021-10-16,Stanislaus,099,539301,76224,75868,8509,84377,1142
2021-10-16,Sutter,101,95872,13566,13471,308,13779,169
2021-10-16,Tehama,103,63373,8113,7907,1360,9267,104
2021-10-16,Trinity,105,12862,822,679,202,881,11
2021-10-16,Tulare,107,460477,66239,64489,13894,78383,951
2021-10-16,Tuolumne,109,53932,6825,6666,88,6754,89
2021-10-16,Ventura,111,848112,96953,96181,4205,100386,1164
2021-10-16,Yolo,113,214977,19378,19078,964,20042,247
2021-10-16,Yuba,115,75493,9833,9705,282,9987,82
2021-10-15,Alameda,001,1643700,117540,117027,2654,119681,1365
2021-10-15,Alpine,003,1148,100,102,0,102,0
2021-10-15,Amador,005,37829,5383,5310,56,5366,64
2021-10-15,Butte,007,227075,20166,19612,3673,23285,260
2021-10-15,Calaveras,009,45235,3847,3771,45,3816,80
2021-10-15,Colusa,011,21464,2473,2431,595,3026,18
2021-10-15,Contra Costa,013,1133247,97888,97107,2062,99169,982
2021-10-15,Del Norte,015,27424,3608,3516,51,3567,41
2021-10-15,El Dorado,017,186661,15637,15315,1634,16949,149
2021-10-15,Fresno,019,978130,134863,132433,12102,144535,2051
2021-10-15,Glenn,021,27897,3409,3331,981,4312,26
2021-10-15,Humboldt,023,135768,8745,8621,486,9107,104
2021-10-15,Imperial,025,180216,32717,32368,3051,35419,764
2021-10-15,Inyo,027,18085,2069,1932,37,1969,39
2021-10-15,Kern,029,883053,123460,121354,20300,141654,1590
2021-10-15,Kings,031,150075,31060,30418,1799,32217,314
2021-10-15,Lake,033,64148,6536,6378,133,6511,104
2021-10-15,Lassen,035,31185,6675,6559,323,6882,26
2021-10-15,Los Angeles,037,10098052,1423154,1409418,52368,1461786,26398
2021-10-15,Madera,039,155013,22175,21707,1919,23626,277
2021-10-15,Marin,041,260295,17303,17148,428,17576,243
2021-10-15,Mariposa,043,17540,1195,1096,41,1137,5
2021-10-15,Mendocino,045,87422,7241,7099,447,7546,82
2021-10-15,Merced,047,269075,40650,40265,1719,41984,577
2021-10-15,Modoc,049,8938,509,492,181,673,5
2021-10-15,Mono,051,14174,1657,1628,19,1647,3
2021-10-15,Monterey,053,433212,48220,47293,2720,50013,582
2021-10-15,Napa,055,140530,12780,12706,100,12806,100
2021-10-15,Nevada,057,99092,8866,8739,306,9045,90
2021-10-15,Orange,059,3164182,303154,300722,14462,315184,5509
2021-10-15,Placer,061,380077,35901,35343,3461,38804,412
2021-10-15,Plumas,063,18699,1631,1542,30,1572,6
2021-10-15,Riverside,065,2383286,357071,352435,16041,368476,4990
2021-10-15,Sacramento,067,1510023,154744,153264,4255,157519,2192
2021-10-15,San Benito,069,59416,7241,7210,158,7368,71
2021-10-15,San Bernardino,071,2135413,348205,345418,10825,356243,5566
2021-10-15,San Diego,073,3302833,365820,363109,21510,384619,4151
2021-10-15,San Francisco,075,870044,52053,51436,2205,53641,645
2021-10-15,San Joaquin,077,732212,97658,96507,5202,101709,1708
2021-10-15,San Luis Obispo,079,281455,28958,28460,1180,29640,329
2021-10-15,San Mateo,081,765935,53303,52399,809,53208,569
2021-10-15,Santa Barbara,083,443738,43618,43175,1501,44676,521
2021-10-15,Santa Clara,085,1922200,144613,143282,1210,144492,1890
2021-10-15,Santa Cruz,087,273765,20050,19794,978,20772,218
2021-10-15,Shasta,089,179085,20396,19932,3389,23321,309
2021-10-15,Sierra,091,2930,170,160,18,178,0
2021-10-15,Siskiyou,093,43540,3286,3173,1212,4385,42
2021-10-15,Solano,095,438530,45310,44585,1205,45790,334
2021-10-15,Sonoma,097,501317,40504,40195,502,40697,390
2021-10-15,Stanislaus,099,539301,76144,75868,8493,84361,1142
2021-10-15,Sutter,101,95872,13549,13471,306,13777,169
2021-10-15,Tehama,103,63373,8091,7907,1355,9262,104
2021-10-15,Trinity,105,12862,822,679,202,881,11
2021-10-15,Tulare,107,460477,66160,64489,13857,78346,951
2021-10-15,Tuolumne,109,53932,6802,6666,86,6752,89
2021-10-15,Ventura,111,848112,96911,96181,4202,100383,1164
2021-10-15,Yolo,113,214977,19363,19078,960,20038,247
2021-10-15,Yuba,115,75493,9823,9705,281,9986,82
2021-10-14,Alameda,001,1643700,117432,117027,2649,119676,1365
2021-10-14,Alpine,003,1148,100,102,0,102,0
2021-10-14,Amador,005,37829,5372,5310,56,5366,64
2021-10-14,Butte,007,227075,20114,19612,3667,23279,260
2021-10-14,Calaveras,009,45235,3834,3771,44,3815,80
2021-10-14,Colusa,011,21464,2471,2431,593,3024,18
2021-10-14,Contra Costa,013,1133247,97754,97107,2055,99162,982
2021-10-14,Del Norte,015,27424,3602,3516,51,3567,41
2021-10-14,El Dorado,017,186661,15599,15315,1631,16946,149
2021-10-14,Fresno,019,978130,134568,132433,12073,144506,2051
2021-10-14,Glenn,021,27897,3404,3331,980,4311,26
2021-10-14,Humboldt,023,135768,8728,8621,483,9104,104
2021-10-14,Imperial,025,180216,32654,32368,3044,35412,764
2021-10-14,Inyo,027,18085,2050,1932,37,1969,39
2021-10-14,Kern,029,883053,123188,121354,20201,141555,1590
2021-10-14,Kings,031,150075,30994,30418,1791,32209,314
2021-10-14,Lake,033,64148,6515,6378,132,6510,104
2021-10-14,Lassen,035,31185,6669,6559,322,6881,26
2021-10-14,Los Angeles,037,10098052,1422162,1409418,52318,1461736,26398
2021-10-14,Madera,039,155013,22110,21707,1913,23620,277
2021-10-14,Marin,041,260295,17298,17148,426,17574,243
2021-10-14,Mariposa,043,17540,1182,1096,40,1136,5
2021-10-14,Mendocino,045,87422,7227,7099,445,7544,82
2021-10-14,Merced,047,269075,40561,40265,1705,41970,577
2021-10-14,Modoc,049,8938,509,492,181,673,5
2021-10-14,Mono,051,14174,1650,1628,19,1647,3
2021-10-14,Monterey,053,433212,48194,47293,2715,50008,582
2021-10-14,Napa,055,140530,12765,12706,100,12806,100
2021-10-14,Nevada,057,99092,8839,8739,304,9043,90
2021-10-14,Orange,059,3164182,302946,300722,14445,315167,5509
2021-10-14,Placer,061,380077,35834,35343,3447,38790,412
2021-10-14,Plumas,063,18699,1616,1542,30,1572,6
2021-10-14,Riverside,065,2383286,356674,352435,16030,368465,4990
2021-10-14,Sacramento,067,1510023,154493,153264,4235,157499,2192
2021-10-14,San Benito,069,59416,7230,7210,158,7368,71
2021-10-14,San Bernardino,071,2135413,347849,345418,10818,356236,5566
2021-10-14,San Diego,073,3302833,365380,363109,21483,384592,4151
2021-10-14,San Francisco,075,870044,51997,51436,2201,53637,645
2021-10-14,San Joaquin,077,732212,97529,96507,5193,101700,1708
2021-10-14,San Luis Obispo,079,281455,28913,28460,1176,29636,329
2021-10-14,San Mateo,081,765935,53255,52399,808,53207,569
2021-10-14,Santa Barbara,083,443738,43562,43175,1496,44671,521
2021-10-14,Santa Clara,085,1922200,144472,143282,1204,144486,1890
2021-10-14,Santa Cruz,087,273765,20027,19794,978,20772,218
2021-10-14,Shasta,089,179085,20339,19932,3377,23309,309
2021-10-14,Sierra,091,2930,169,160,18,178,0
2021-10-14,Siskiyou,093,43540,3283,3173,1204,4377,42
2021-10-14,Solano,095,438530,45260,44585,1197,45782,334
2021-10-14,Sonoma,097,501317,40454,40195,499,40694,390
2021-10-14,Stanislaus,099,539301,75998,75868,8480,84348,1142
2021-10-14,Sutter,101,95872,13529,13471,305,13776,169
2021-10-14,Tehama,103,63373,8060,7907,1348,9255,104
2021-10-14,Trinity,105,12862,821,679,201,880,11
2021-10-14,Tulare,107,460477,65976,64489,13810,78299,951
2021-10-14,Tuolumne,109,53932,6770,6666,85,6751,89
2021-10-14,Ventura,111,848112,96843,96181,4196,100377,1164
2021-10-14,Yolo,113,214977,19330,19078,953,20031,247
2021-10-14,Yuba,115,75493,9809,9705,272,9977,82
2021-10-13,Alameda,001,1643700,117326,116914,2643,119557,1360
2021-10-13,Alpine,003,1148,100,102,0,102,0
2021-10-13,Amador,005,37829,5358,5305,56,5361,63
2021-10-13,Butte,007,227075,20038,19546,3662,23208,257
2021-10-13,Calaveras,009,45235,3813,3756,42,3798,79
2021-10-13,Colusa,011,21464,2464,2430,589,3019,18
2021-10-13,Contra Costa,013,1133247,97637,96975,2054,99029,969
2021-10-13,Del Norte,015,27424,3597,3512,51,3563,39
2021-10-13,El Dorado,017,186661,15575,15302,1626,16928,149
2021-10-13,Fresno,019,978130,134234,132055,12042,144097,2048
2021-10-13,Glenn,021,27897,3399,3327,976,4303,26
2021-10-13,Humboldt,023,135768,8717,8604,479,9083,102
2021-10-13,Imperial,025,180216,32594,32317,3042,35359,762
2021-10-13,Inyo,027,18085,2013,1907,37,1944,39
2021-10-13,Kern,029,883053,122943,120956,20109,141065,1586
2021-10-13,Kings,031,150075,30913,30246,1784,32030,312
2021-10-13,Lake,033,64148,6495,6371,132,6503,103
2021-10-13,Lassen,035,31185,6658,6535,316,6851,25
2021-10-13,Los Angeles,037,10098052,1421108,1408384,52262,1460646,26379
2021-10-13,Madera,039,155013,22057,21609,1899,23508,277
2021-10-13,Marin,041,260295,17274,17137,425,17562,243
2021-10-13,Mariposa,043,17540,1168,1090,40,1130,5
2021-10-13,Mendocino,045,87422,7211,7088,437,7525,82
2021-10-13,Merced,047,269075,40476,40164,1693,41857,577
2021-10-13,Modoc,049,8938,507,490,179,669,5
2021-10-13,Mono,051,14174,1650,1612,19,1631,3
2021-10-13,Monterey,053,433212,48175,47273,2708,49981,582
2021-10-13,Napa,055,140530,12754,12695,98,12793,100
2021-10-13,Nevada,057,99092,8817,8725,304,9029,90
2021-10-13,Orange,059,3164182,302739,300468,14429,314897,5503
2021-10-13,Placer,061,380077,35767,35254,3438,38692,412
2021-10-13,Plumas,063,18699,1602,1514,30,1544,6
2021-10-13,Riverside,065,2383286,356344,352044,16017,368061,4978
2021-10-13,Sacramento,067,1510023,154244,153141,4214,157355,2182
2021-10-13,San Benito,069,59416,7224,7196,157,7353,71
2021-10-13,San Bernardino,071,2135413,347524,344951,10801,355752,5562
2021-10-13,San Diego,073,3302833,364949,362564,21461,384025,4141
2021-10-13,San Francisco,075,870044,51954,51379,2197,53576,644
2021-10-13,San Joaquin,077,732212,97385,96343,5189,101532,1696
2021-10-13,San Luis Obispo,079,281455,28875,28397,1173,29570,330
2021-10-13,San Mateo,081,765935,53203,52352,804,53156,569
2021-10-13,Santa Barbara,083,443738,43510,43109,1496,44605,518
2021-10-13,Santa Clara,085,1922200,144334,143064,1203,144267,1886
2021-10-13,Santa Cruz,087,273765,20001,19763,977,20740,217
2021-10-13,Shasta,089,179085,20269,19802,3357,23159,307
2021-10-13,Sierra,091,2930,169,155,18,173,0
2021-10-13,Siskiyou,093,43540,3275,3173,1203,4376,42
2021-10-13,Solano,095,438530,45221,44558,1194,45752,334
2021-10-13,Sonoma,097,501317,40398,40122,499,40621,390
2021-10-13,Stanislaus,099,539301,75856,75698,8470,84168,1136
2021-10-13,Sutter,101,95872,13499,13458,303,13761,169
2021-10-13,Tehama,103,63373,8024,7849,1342,9191,103
2021-10-13,Trinity,105,12862,818,677,201,878,11
2021-10-13,Tulare,107,460477,65795,64297,13756,78053,945
2021-10-13,Tuolumne,109,53932,6756,6644,84,6728,89
2021-10-13,Ventura,111,848112,96769,96099,4190,100289,1162
2021-10-13,Yolo,113,214977,19302,19023,951,19974,247
2021-10-13,Yuba,115,75493,9784,9690,259,9949,80
2021-10-12,Alameda,001,1643700,117223,116813,2639,119452,1357
2021-10-12,Alpine,003,1148,100,102,0,102,0
2021-10-12,Amador,005,37829,5347,5301,56,5357,63
2021-10-12,Butte,007,227075,19966,19506,3651,23157,256
2021-10-12,Calaveras,009,45235,3798,3750,42,3792,75
2021-10-12,Colusa,011,21464,2461,2428,587,3015,18
2021-10-12,Contra Costa,013,1133247,97524,96894,2045,98939,960
2021-10-12,Del Norte,015,27424,3591,3511,51,3562,39
2021-10-12,El Dorado,017,186661,15541,15287,1624,16911,148
2021-10-12,Fresno,019,978130,133872,131848,12011,143859,2042
2021-10-12,Glenn,021,27897,3385,3321,975,4296,26
2021-10-12,Humboldt,023,135768,8690,8587,473,9060,102
2021-10-12,Imperial,025,180216,32542,32267,3040,35307,762
2021-10-12,Inyo,027,18085,1981,1889,37,1926,39
2021-10-12,Kern,029,883053,122656,120826,20000,140826,1580
2021-10-12,Kings,031,150075,30839,30200,1773,31973,312
2021-10-12,Lake,033,64148,6480,6372,130,6502,97
2021-10-12,Lassen,035,31185,6648,6526,315,6841,25
2021-10-12,Los Angeles,037,10098052,1420048,1407462,52216,1459678,26362
2021-10-12,Madera,039,155013,21986,21574,1886,23460,277
2021-10-12,Marin,041,260295,17251,17126,425,17551,242
2021-10-12,Mariposa,043,17540,1154,1088,40,1128,5
2021-10-12,Mendocino,045,87422,7182,7077,434,7511,82
2021-10-12,Merced,047,269075,40397,40113,1687,41800,567
2021-10-12,Modoc,049,8938,502,485,178,663,5
2021-10-12,Mono,051,14174,1648,1608,19,1627,3
2021-10-12,Monterey,053,433212,48144,47254,2700,49954,582
2021-10-12,Napa,055,140530,12740,12671,98,12769,97
2021-10-12,Nevada,057,99092,8805,8720,303,9023,89
2021-10-12,Orange,059,3164182,302485,300256,14403,314659,5499
2021-10-12,Placer,061,380077,35704,35214,3430,38644,404
2021-10-12,Plumas,063,18699,1588,1488,29,1517,6
2021-10-12,Riverside,065,2383286,356018,351771,16003,367774,4973
2021-10-12,Sacramento,067,1510023,153940,152935,4189,157124,2170
2021-10-12,San Benito,069,59416,7210,7193,157,7350,71
2021-10-12,San Bernardino,071,2135413,347211,344788,10791,355579,5563
2021-10-12,San Diego,073,3302833,364436,362256,21432,383688,4137
2021-10-12,San Francisco,075,870044,51890,51301,2196,53497,643
2021-10-12,San Joaquin,077,732212,97249,96237,5184,101421,1690
2021-10-12,San Luis Obispo,079,281455,28828,28379,1172,29551,327
2021-10-12,San Mateo,081,765935,53152,52328,803,53131,569
2021-10-12,Santa Barbara,083,443738,43449,43076,1496,44572,515
2021-10-12,Santa Clara,085,1922200,144181,142954,1201,144155,1882
2021-10-12,Santa Cruz,087,273765,19976,19757,977,20734,218
2021-10-12,Shasta,089,179085,20195,19731,3336,23067,304
2021-10-12,Sierra,091,2930,169,153,18,171,0
2021-10-12,Siskiyou,093,43540,3264,3166,1197,4363,42
2021-10-12,Solano,095,438530,45179,44516,1188,45704,329
2021-10-12,Sonoma,097,501317,40357,40105,498,40603,390
2021-10-12,Stanislaus,099,539301,75704,75589,8458,84047,1126
2021-10-12,Sutter,101,95872,13476,13436,299,13735,168
2021-10-12,Tehama,103,63373,7992,7820,1338,9158,103
2021-10-12,Trinity,105,12862,815,676,201,877,11
2021-10-12,Tulare,107,460477,65610,64216,13701,77917,944
2021-10-12,Tuolumne,109,53932,6739,6637,83,6720,89
2021-10-12,Ventura,111,848112,96668,96022,4185,100207,1160
2021-10-12,Yolo,113,214977,19275,18987,943,19930,247
2021-10-12,Yuba,115,75493,9769,9676,255,9931,70
2021-10-11,Alameda,001,1643700,117080,116759,2638,119397,1358
2021-10-11,Alpine,003,1148,100,102,0,102,0
2021-10-11,Amador,005,37829,5335,5286,56,5342,62
2021-10-11,Butte,007,227075,19906,19452,3646,23098,253
2021-10-11,Calaveras,009,45235,3777,3750,42,3792,75
2021-10-11,Colusa,011,21464,2457,2427,579,3006,18
2021-10-11,Contra Costa,013,1133247,97388,96832,2040,98872,960
2021-10-11,Del Norte,015,27424,3588,3510,47,3557,39
2021-10-11,El Dorado,017,186661,15512,15273,1620,16893,146
2021-10-11,Fresno,019,978130,133542,131703,11976,143679,2036
2021-10-11,Glenn,021,27897,3368,3308,973,4281,26
2021-10-11,Humboldt,023,135768,8665,8571,466,9037,101
2021-10-11,Imperial,025,180216,32492,32207,3034,35241,762
2021-10-11,Inyo,027,18085,1958,1862,36,1898,39
2021-10-11,Kern,029,883053,122419,120684,19905,140589,1575
2021-10-11,Kings,031,150075,30750,30180,1763,31943,309
2021-10-11,Lake,033,64148,6464,6361,126,6487,97
2021-10-11,Lassen,035,31185,6628,6499,312,6811,25
2021-10-11,Los Angeles,037,10098052,1419001,1406826,52165,1458991,26346
2021-10-11,Madera,039,155013,21928,21555,1869,23424,272
2021-10-11,Marin,041,260295,17233,17121,421,17542,242
2021-10-11,Mariposa,043,17540,1124,1083,39,1122,5
2021-10-11,Mendocino,045,87422,7166,7064,430,7494,82
2021-10-11,Merced,047,269075,40281,40064,1662,41726,566
2021-10-11,Modoc,049,8938,499,482,175,657,5
2021-10-11,Mono,051,14174,1638,1604,19,1623,3
2021-10-11,Monterey,053,433212,48115,47241,2693,49934,580
2021-10-11,Napa,055,140530,12717,12654,96,12750,96
2021-10-11,Nevada,057,99092,8785,8716,302,9018,90
2021-10-11,Orange,059,3164182,302254,299941,14373,314314,5499
2021-10-11,Placer,061,380077,35635,35173,3413,38586,404
2021-10-11,Plumas,063,18699,1570,1469,27,1496,6
2021-10-11,Riverside,065,2383286,355673,351444,15998,367442,4973
2021-10-11,Sacramento,067,1510023,153650,152681,4158,156839,2169
2021-10-11,San Benito,069,59416,7189,7184,155,7339,71
2021-10-11,San Bernardino,071,2135413,346827,344594,10783,355377,5549
2021-10-11,San Diego,073,3302833,363924,361712,21400,383112,4124
2021-10-11,San Francisco,075,870044,51819,51275,2193,53468,643
2021-10-11,San Joaquin,077,732212,97094,96152,5173,101325,1681
2021-10-11,San Luis Obispo,079,281455,28780,28355,1167,29522,327
2021-10-11,San Mateo,081,765935,53104,52298,803,53101,569
2021-10-11,Santa Barbara,083,443738,43402,43018,1495,44513,515
2021-10-11,Santa Clara,085,1922200,144019,142836,1197,144033,1882
2021-10-11,Santa Cruz,087,273765,19952,19745,976,20721,217
2021-10-11,Shasta,089,179085,20116,19662,3320,22982,295
2021-10-11,Sierra,091,2930,166,147,17,164,0
2021-10-11,Siskiyou,093,43540,3257,3159,1193,4352,42
2021-10-11,Solano,095,438530,45130,44474,1185,45659,329
2021-10-11,Sonoma,097,501317,40312,40067,498,40565,390
2021-10-11,Stanislaus,099,539301,75533,75478,8437,83915,1118
2021-10-11,Sutter,101,95872,13457,13427,297,13724,165
2021-10-11,Tehama,103,63373,7951,7795,1329,9124,102
2021-10-11,Trinity,105,12862,809,675,200,875,11
2021-10-11,Tulare,107,460477,65431,64094,13634,77728,942
2021-10-11,Tuolumne,109,53932,6701,6602,83,6685,89
2021-10-11,Ventura,111,848112,96571,95876,4178,100054,1160
2021-10-11,Yolo,113,214977,19228,18977,940,19917,247
2021-10-11,Yuba,115,75493,9752,9657,243,9900,69
2021-10-10,Alameda,001,1643700,116961,116679,2634,119313,1358
2021-10-10,Alpine,003,1148,100,102,0,102,0
2021-10-10,Amador,005,37829,5321,5278,56,5334,62
2021-10-10,Butte,007,227075,19841,19430,3630,23060,253
2021-10-10,Calaveras,009,45235,3765,3747,42,3789,75
2021-10-10,Colusa,011,21464,2456,2425,578,3003,18
2021-10-10,Contra Costa,013,1133247,97289,96760,2034,98794,960
2021-10-10,Del Norte,015,27424,3584,3507,47,3554,39
2021-10-10,El Dorado,017,186661,15482,15250,1614,16864,146
2021-10-10,Fresno,019,978130,133211,131434,11945,143379,2035
2021-10-10,Glenn,021,27897,3363,3297,971,4268,26
2021-10-10,Humboldt,023,135768,8644,8554,462,9016,101
2021-10-10,Imperial,025,180216,32417,32167,3033,35200,762
2021-10-10,Inyo,027,18085,1937,1857,36,1893,39
2021-10-10,Kern,029,883053,122093,120552,19802,140354,1573
2021-10-10,Kings,031,150075,30661,30122,1753,31875,308
2021-10-10,Lake,033,64148,6448,6349,125,6474,97
2021-10-10,Lassen,035,31185,6609,6495,311,6806,26
2021-10-10,Los Angeles,037,10098052,1417813,1406034,52091,1458125,26338
2021-10-10,Madera,039,155013,21882,21486,1860,23346,272
2021-10-10,Marin,041,260295,17216,17112,421,17533,242
2021-10-10,Mariposa,043,17540,1121,1074,39,1113,5
2021-10-10,Mendocino,045,87422,7151,7060,422,7482,81
2021-10-10,Merced,047,269075,40198,40036,1643,41679,566
2021-10-10,Modoc,049,8938,499,482,175,657,5
2021-10-10,Mono,051,14174,1637,1596,19,1615,3
2021-10-10,Monterey,053,433212,48086,47228,2691,49919,580
2021-10-10,Napa,055,140530,12694,12641,96,12737,96
2021-10-10,Nevada,057,99092,8773,8689,302,8991,90
2021-10-10,Orange,059,3164182,301992,299787,14345,314132,5499
2021-10-10,Placer,061,380077,35542,35128,3401,38529,404
2021-10-10,Plumas,063,18699,1554,1468,25,1493,6
2021-10-10,Riverside,065,2383286,355299,351248,15980,367228,4973
2021-10-10,Sacramento,067,1510023,153386,152405,4141,156546,2178
2021-10-10,San Benito,069,59416,7184,7180,154,7334,71
2021-10-10,San Bernardino,071,2135413,346514,344423,10775,355198,5551
2021-10-10,San Diego,073,3302833,363408,361038,21353,382391,4113
2021-10-10,San Francisco,075,870044,51772,51216,2191,53407,643
2021-10-10,San Joaquin,077,732212,96923,96084,5159,101243,1681
2021-10-10,San Luis Obispo,079,281455,28736,28343,1167,29510,326
2021-10-10,San Mateo,081,765935,53062,52273,802,53075,569
2021-10-10,Santa Barbara,083,443738,43355,42987,1494,44481,515
2021-10-10,Santa Clara,085,1922200,143853,142768,1190,143958,1881
2021-10-10,Santa Cruz,087,273765,19932,19727,976,20703,217
2021-10-10,Shasta,089,179085,20027,19635,3311,22946,296
2021-10-10,Sierra,091,2930,164,147,17,164,0
2021-10-10,Siskiyou,093,43540,3243,3155,1186,4341,42
2021-10-10,Solano,095,438530,45074,44431,1185,45616,329
2021-10-10,Sonoma,097,501317,40260,40027,498,40525,390
2021-10-10,Stanislaus,099,539301,75355,75403,8423,83826,1118
2021-10-10,Sutter,101,95872,13433,13412,292,13704,165
2021-10-10,Tehama,103,63373,7913,7764,1320,9084,102
2021-10-10,Trinity,105,12862,808,669,199,868,11
2021-10-10,Tulare,107,460477,65259,63930,13585,77515,940
2021-10-10,Tuolumne,109,53932,6677,6580,82,6662,89
2021-10-10,Ventura,111,848112,96482,95829,4178,100007,1160
2021-10-10,Yolo,113,214977,19195,18952,935,19887,247
2021-10-10,Yuba,115,75493,9735,9641,238,9879,69
2021-10-09,Alameda,001,1643700,116863,116253,2632,118885,1356
2021-10-09,Alpine,003,1148,99,102,0,102,0
2021-10-09,Amador,005,37829,5319,5237,55,5292,62
2021-10-09,Butte,007,227075,19810,19277,3626,22903,250
2021-10-09,Calaveras,009,45235,3761,3716,42,3758,75
2021-10-09,Colusa,011,21464,2452,2419,577,2996,18
2021-10-09,Contra Costa,013,1133247,97220,96378,2028,98406,958
2021-10-09,Del Norte,015,27424,3583,3495,47,3542,39
2021-10-09,El Dorado,017,186661,15464,15153,1611,16764,144
2021-10-09,Fresno,019,978130,133079,130508,11927,142435,2018
2021-10-09,Glenn,021,27897,3359,3277,969,4246,26
2021-10-09,Humboldt,023,135768,8630,8448,460,8908,97
2021-10-09,Imperial,025,180216,32383,31989,3031,35020,760
2021-10-09,Inyo,027,18085,1928,1808,36,1844,39
2021-10-09,Kern,029,883053,121952,119795,19775,139570,1559
2021-10-09,Kings,031,150075,30612,29894,1751,31645,308
2021-10-09,Lake,033,64148,6429,6283,124,6407,97
2021-10-09,Lassen,035,31185,6604,6442,310,6752,25
2021-10-09,Los Angeles,037,10098052,1417224,1402810,52054,1454864,26280
2021-10-09,Madera,039,155013,21849,21313,1846,23159,271
2021-10-09,Marin,041,260295,17211,17049,419,17468,242
2021-10-09,Mariposa,043,17540,1114,1042,38,1080,5
2021-10-09,Mendocino,045,87422,7144,7011,421,7432,82
2021-10-09,Merced,047,269075,40155,39784,1643,41427,565
2021-10-09,Modoc,049,8938,497,477,174,651,5
2021-10-09,Mono,051,14174,1634,1577,19,1596,3
2021-10-09,Monterey,053,433212,48074,47168,2688,49856,577
2021-10-09,Napa,055,140530,12690,12586,96,12682,96
2021-10-09,Nevada,057,99092,8762,8613,301,8914,90
2021-10-09,Orange,059,3164182,301811,299089,14326,313415,5457
2021-10-09,Placer,061,380077,35504,34877,3394,38271,393
2021-10-09,Plumas,063,18699,1543,1418,25,1443,6
2021-10-09,Riverside,065,2383286,355047,350082,15964,366046,4965
2021-10-09,Sacramento,067,1510023,153176,151566,4128,155694,2160
2021-10-09,San Benito,069,59416,7176,7123,154,7277,71
2021-10-09,San Bernardino,071,2135413,346326,343452,10771,354223,5556
2021-10-09,San Diego,073,3302833,363102,359909,21348,381257,4111
2021-10-09,San Francisco,075,870044,51724,50960,2184,53144,643
2021-10-09,San Joaquin,077,732212,96857,95606,5154,100760,1669
2021-10-09,San Luis Obispo,079,281455,28719,28197,1165,29362,324
2021-10-09,San Mateo,081,765935,53031,52121,801,52922,569
2021-10-09,Santa Barbara,083,443738,43328,42735,1494,44229,514
2021-10-09,Santa Clara,085,1922200,143729,142298,1184,143482,1873
2021-10-09,Santa Cruz,087,273765,19922,19635,975,20610,217
2021-10-09,Shasta,089,179085,19976,19437,3306,22743,290
2021-10-09,Sierra,091,2930,161,141,17,158,0
2021-10-09,Siskiyou,093,43540,3242,3124,1185,4309,42
2021-10-09,Solano,095,438530,45057,44265,1184,45449,329
2021-10-09,Sonoma,097,501317,40216,39848,498,40346,387
2021-10-09,Stanislaus,099,539301,75265,74899,8412,83311,1114
2021-10-09,Sutter,101,95872,13424,13314,290,13604,165
2021-10-09,Tehama,103,63373,7902,7670,1315,8985,99
2021-10-09,Trinity,105,12862,807,660,199,859,11
2021-10-09,Tulare,107,460477,65151,63398,13564,76962,932
2021-10-09,Tuolumne,109,53932,6658,6521,82,6603,89
2021-10-09,Ventura,111,848112,96428,95542,4175,99717,1158
2021-10-09,Yolo,113,214977,19173,18850,933,19783,247
2021-10-09,Yuba,115,75493,9723,9551,237,9788,69
2021-10-08,Alameda,001,1643700,116782,116253,2628,118881,1356
2021-10-08,Alpine,003,1148,99,102,0,102,0
2021-10-08,Amador,005,37829,5306,5237,55,5292,62
2021-10-08,Butte,007,227075,19781,19277,3622,22899,250
2021-10-08,Calaveras,009,45235,3756,3716,42,3758,75
2021-10-08,Colusa,011,21464,2450,2419,577,2996,18
2021-10-08,Contra Costa,013,1133247,97176,96378,2023,98401,958
2021-10-08,Del Norte,015,27424,3582,3495,47,3542,39
2021-10-08,El Dorado,017,186661,15444,15153,1607,16760,144
2021-10-08,Fresno,019,978130,132883,130508,11906,142414,2018
2021-10-08,Glenn,021,27897,3351,3277,966,4243,26
2021-10-08,Humboldt,023,135768,8619,8448,457,8905,97
2021-10-08,Imperial,025,180216,32354,31989,3027,35016,760
2021-10-08,Inyo,027,18085,1910,1808,36,1844,39
2021-10-08,Kern,029,883053,121815,119795,19733,139528,1559
2021-10-08,Kings,031,150075,30518,29894,1750,31644,308
2021-10-08,Lake,033,64148,6421,6283,124,6407,97
2021-10-08,Lassen,035,31185,6590,6442,307,6749,25
2021-10-08,Los Angeles,037,10098052,1416563,1402810,52020,1454830,26280
2021-10-08,Madera,039,155013,21790,21313,1839,23152,271
2021-10-08,Marin,041,260295,17200,17049,418,17467,242
2021-10-08,Mariposa,043,17540,1107,1042,36,1078,5
2021-10-08,Mendocino,045,87422,7131,7011,421,7432,82
2021-10-08,Merced,047,269075,40123,39784,1640,41424,565
2021-10-08,Modoc,049,8938,495,477,174,651,5
2021-10-08,Mono,051,14174,1631,1577,19,1596,3
2021-10-08,Monterey,053,433212,48047,47168,2686,49854,577
2021-10-08,Napa,055,140530,12674,12586,96,12682,96
2021-10-08,Nevada,057,99092,8749,8613,301,8914,90
2021-10-08,Orange,059,3164182,301664,299089,14306,313395,5457
2021-10-08,Placer,061,380077,35466,34877,3387,38264,393
2021-10-08,Plumas,063,18699,1531,1418,25,1443,6
2021-10-08,Riverside,065,2383286,354778,350082,15953,366035,4965
2021-10-08,Sacramento,067,1510023,153011,151566,4114,155680,2160
2021-10-08,San Benito,069,59416,7172,7123,152,7275,71
2021-10-08,San Bernardino,071,2135413,346117,343452,10763,354215,5556
2021-10-08,San Diego,073,3302833,362776,359909,21329,381238,4111
2021-10-08,San Francisco,075,870044,51677,50960,2177,53137,643
2021-10-08,San Joaquin,077,732212,96789,95606,5148,100754,1669
2021-10-08,San Luis Obispo,079,281455,28692,28197,1164,29361,324
2021-10-08,San Mateo,081,765935,53003,52121,801,52922,569
2021-10-08,Santa Barbara,083,443738,43293,42735,1493,44228,514
2021-10-08,Santa Clara,085,1922200,143616,142298,1179,143477,1873
2021-10-08,Santa Cruz,087,273765,19907,19635,975,20610,217
2021-10-08,Shasta,089,179085,19934,19437,3300,22737,290
2021-10-08,Sierra,091,2930,159,141,15,156,0
2021-10-08,Siskiyou,093,43540,3234,3124,1184,4308,42
2021-10-08,Solano,095,438530,45018,44265,1184,45449,329
2021-10-08,Sonoma,097,501317,40180,39848,498,40346,387
2021-10-08,Stanislaus,099,539301,75196,74899,8403,83302,1114
2021-10-08,Sutter,101,95872,13410,13314,288,13602,165
2021-10-08,Tehama,103,63373,7885,7670,1313,8983,99
2021-10-08,Trinity,105,12862,806,660,199,859,11
2021-10-08,Tulare,107,460477,65033,63398,13532,76930,932
2021-10-08,Tuolumne,109,53932,6635,6521,82,6603,89
2021-10-08,Ventura,111,848112,96377,95542,4169,99711,1158
2021-10-08,Yolo,113,214977,19160,18850,929,19779,247
2021-10-08,Yuba,115,75493,9703,9551,236,9787,69
2021-10-07,Alameda,001,1643700,116663,116253,2627,118880,1356
2021-10-07,Alpine,003,1148,99,102,0,102,0
2021-10-07,Amador,005,37829,5299,5237,55,5292,62
2021-10-07,Butte,007,227075,19732,19277,3611,22888,250
2021-10-07,Calaveras,009,45235,3744,3716,42,3758,75
2021-10-07,Colusa,011,21464,2447,2419,571,2990,18
2021-10-07,Contra Costa,013,1133247,97053,96378,2020,98398,958
2021-10-07,Del Norte,015,27424,3579,3495,47,3542,39
2021-10-07,El Dorado,017,186661,15407,15153,1603,16756,144
2021-10-07,Fresno,019,978130,132609,130508,11882,142390,2018
2021-10-07,Glenn,021,27897,3344,3277,963,4240,26
2021-10-07,Humboldt,023,135768,8593,8448,454,8902,97
2021-10-07,Imperial,025,180216,32283,31989,3014,35003,760
2021-10-07,Inyo,027,18085,1891,1808,36,1844,39
2021-10-07,Kern,029,883053,121583,119795,19669,139464,1559
2021-10-07,Kings,031,150075,30452,29894,1744,31638,308
2021-10-07,Lake,033,64148,6410,6283,124,6407,97
2021-10-07,Lassen,035,31185,6572,6442,305,6747,25
2021-10-07,Los Angeles,037,10098052,1415607,1402810,51975,1454785,26280
2021-10-07,Madera,039,155013,21717,21313,1825,23138,271
2021-10-07,Marin,041,260295,17182,17049,418,17467,242
2021-10-07,Mariposa,043,17540,1099,1042,36,1078,5
2021-10-07,Mendocino,045,87422,7121,7011,417,7428,82
2021-10-07,Merced,047,269075,40056,39784,1623,41407,565
2021-10-07,Modoc,049,8938,492,477,173,650,5
2021-10-07,Mono,051,14174,1623,1577,19,1596,3
2021-10-07,Monterey,053,433212,48022,47168,2677,49845,577
2021-10-07,Napa,055,140530,12659,12586,96,12682,96
2021-10-07,Nevada,057,99092,8721,8613,301,8914,90
2021-10-07,Orange,059,3164182,301438,299089,14292,313381,5457
2021-10-07,Placer,061,380077,35404,34877,3380,38257,393
2021-10-07,Plumas,063,18699,1514,1418,25,1443,6
2021-10-07,Riverside,065,2383286,354446,350082,15941,366023,4965
2021-10-07,Sacramento,067,1510023,152729,151566,4087,155653,2160
2021-10-07,San Benito,069,59416,7156,7123,150,7273,71
2021-10-07,San Bernardino,071,2135413,345843,343452,10755,354207,5556
2021-10-07,San Diego,073,3302833,362381,359909,21308,381217,4111
2021-10-07,San Francisco,075,870044,51606,50960,2174,53134,643
2021-10-07,San Joaquin,077,732212,96635,95606,5140,100746,1669
2021-10-07,San Luis Obispo,079,281455,28641,28197,1162,29359,324
2021-10-07,San Mateo,081,765935,52963,52121,800,52921,569
2021-10-07,Santa Barbara,083,443738,43225,42735,1487,44222,514
2021-10-07,Santa Clara,085,1922200,143467,142298,1173,143471,1873
2021-10-07,Santa Cruz,087,273765,19887,19635,974,20609,217
2021-10-07,Shasta,089,179085,19846,19437,3285,22722,290
2021-10-07,Sierra,091,2930,158,141,15,156,0
2021-10-07,Siskiyou,093,43540,3230,3124,1179,4303,42
2021-10-07,Solano,095,438530,44973,44265,1180,45445,329
2021-10-07,Sonoma,097,501317,40143,39848,496,40344,387
2021-10-07,Stanislaus,099,539301,75034,74899,8378,83277,1114
2021-10-07,Sutter,101,95872,13388,13314,285,13599,165
2021-10-07,Tehama,103,63373,7852,7670,1307,8977,99
2021-10-07,Trinity,105,12862,804,660,199,859,11
2021-10-07,Tulare,107,460477,64868,63398,13496,76894,932
2021-10-07,Tuolumne,109,53932,6613,6521,82,6603,89
2021-10-07,Ventura,111,848112,96304,95542,4166,99708,1158
2021-10-07,Yolo,113,214977,19127,18850,925,19775,247
2021-10-07,Yuba,115,75493,9677,9551,229,9780,69
2021-10-06,Alameda,001,1643700,116526,116058,2621,118679,1353
2021-10-06,Alpine,003,1148,99,102,0,102,0
2021-10-06,Amador,005,37829,5296,5205,55,5260,62
2021-10-06,Butte,007,227075,19670,19208,3604,22812,247
2021-10-06,Calaveras,009,45235,3735,3669,42,3711,75
2021-10-06,Colusa,011,21464,2444,2414,564,2978,18
2021-10-06,Contra Costa,013,1133247,96929,96184,2016,98200,953
2021-10-06,Del Norte,015,27424,3576,3490,44,3534,39
2021-10-06,El Dorado,017,186661,15381,15078,1600,16678,140
2021-10-06,Fresno,019,978130,132319,130074,11857,141931,2008
2021-10-06,Glenn,021,27897,3335,3270,961,4231,26
2021-10-06,Humboldt,023,135768,8578,8416,448,8864,94
2021-10-06,Imperial,025,180216,32230,31930,3004,34934,760
2021-10-06,Inyo,027,18085,1876,1806,36,1842,39
2021-10-06,Kern,029,883053,121326,119491,19578,139069,1552
2021-10-06,Kings,031,150075,30386,29785,1736,31521,308
2021-10-06,Lake,033,64148,6396,6271,124,6395,97
2021-10-06,Lassen,035,31185,6556,6429,304,6733,25
2021-10-06,Los Angeles,037,10098052,1414651,1401675,51926,1453601,26252
2021-10-06,Madera,039,155013,21662,21230,1815,23045,269
2021-10-06,Marin,041,260295,17173,17042,415,17457,242
2021-10-06,Mariposa,043,17540,1092,1036,36,1072,5
2021-10-06,Mendocino,045,87422,7112,6986,415,7401,81
2021-10-06,Merced,047,269075,39981,39666,1611,41277,563
2021-10-06,Modoc,049,8938,492,477,171,648,5
2021-10-06,Mono,051,14174,1611,1568,19,1587,3
2021-10-06,Monterey,053,433212,47989,47136,2672,49808,577
2021-10-06,Napa,055,140530,12635,12552,95,12647,96
2021-10-06,Nevada,057,99092,8705,8582,300,8882,90
2021-10-06,Orange,059,3164182,301199,298785,14280,313065,5448
2021-10-06,Placer,061,380077,35353,34764,3374,38138,390
2021-10-06,Plumas,063,18699,1491,1383,25,1408,6
2021-10-06,Riverside,065,2383286,354090,349645,15920,365565,4953
2021-10-06,Sacramento,067,1510023,152476,151164,4056,155220,2141
2021-10-06,San Benito,069,59416,7141,7108,150,7258,69
2021-10-06,San Bernardino,071,2135413,345552,343022,10748,353770,5551
2021-10-06,San Diego,073,3302833,361889,359564,21282,380846,4104
2021-10-06,San Francisco,075,870044,51543,50894,2171,53065,641
2021-10-06,San Joaquin,077,732212,96501,95418,5128,100546,1658
2021-10-06,San Luis Obispo,079,281455,28591,28170,1156,29326,323
2021-10-06,San Mateo,081,765935,52913,52056,795,52851,569
2021-10-06,Santa Barbara,083,443738,43142,42687,1485,44172,513
2021-10-06,Santa Clara,085,1922200,143316,142124,1168,143292,1872
2021-10-06,Santa Cruz,087,273765,19858,19604,972,20576,217
2021-10-06,Shasta,089,179085,19771,19325,3272,22597,287
2021-10-06,Sierra,091,2930,156,138,15,153,0
2021-10-06,Siskiyou,093,43540,3220,3116,1172,4288,42
2021-10-06,Solano,095,438530,44939,44185,1179,45364,328
2021-10-06,Sonoma,097,501317,40093,39787,495,40282,383
2021-10-06,Stanislaus,099,539301,74892,74699,8365,83064,1114
2021-10-06,Sutter,101,95872,13367,13284,283,13567,164
2021-10-06,Tehama,103,63373,7816,7629,1299,8928,99
2021-10-06,Trinity,105,12862,801,656,199,855,11
2021-10-06,Tulare,107,460477,64689,63198,13440,76638,926
2021-10-06,Tuolumne,109,53932,6586,6486,82,6568,89
2021-10-06,Ventura,111,848112,96213,95449,4158,99607,1158
2021-10-06,Yolo,113,214977,19095,18815,921,19736,247
2021-10-06,Yuba,115,75493,9653,9520,228,9748,69
2021-10-05,Alameda,001,1643700,116382,115968,2616,118584,1350
2021-10-05,Alpine,003,1148,99,102,0,102,0
2021-10-05,Amador,005,37829,5275,5194,54,5248,61
2021-10-05,Butte,007,227075,19621,19137,3589,22726,246
2021-10-05,Calaveras,009,45235,3719,3657,42,3699,73
2021-10-05,Colusa,011,21464,2437,2414,563,2977,18
2021-10-05,Contra Costa,013,1133247,96812,96108,2011,98119,941
2021-10-05,Del Norte,015,27424,3574,3485,43,3528,39
2021-10-05,El Dorado,017,186661,15342,15052,1597,16649,140
2021-10-05,Fresno,019,978130,131980,129957,11821,141778,1987
2021-10-05,Glenn,021,27897,3324,3270,956,4226,26
2021-10-05,Humboldt,023,135768,8547,8398,444,8842,94
2021-10-05,Imperial,025,180216,32183,31909,2999,34908,759
2021-10-05,Inyo,027,18085,1859,1800,36,1836,39
2021-10-05,Kern,029,883053,121061,119260,19477,138737,1540
2021-10-05,Kings,031,150075,30311,29749,1731,31480,301
2021-10-05,Lake,033,64148,6375,6264,123,6387,97
2021-10-05,Lassen,035,31185,6537,6417,302,6719,25
2021-10-05,Los Angeles,037,10098052,1413508,1400300,51873,1452173,26223
2021-10-05,Madera,039,155013,21604,21183,1803,22986,269
2021-10-05,Marin,041,260295,17161,17024,415,17439,242
2021-10-05,Mariposa,043,17540,1073,1033,33,1066,5
2021-10-05,Mendocino,045,87422,7096,6972,408,7380,79
2021-10-05,Merced,047,269075,39915,39608,1603,41211,562
2021-10-05,Modoc,049,8938,488,475,170,645,5
2021-10-05,Mono,051,14174,1603,1565,19,1584,3
2021-10-05,Monterey,053,433212,47972,47087,2662,49749,573
2021-10-05,Napa,055,140530,12611,12533,95,12628,96
2021-10-05,Nevada,057,99092,8675,8576,300,8876,90
2021-10-05,Orange,059,3164182,300922,298589,14248,312837,5441
2021-10-05,Placer,061,380077,35273,34728,3367,38095,382
2021-10-05,Plumas,063,18699,1466,1357,25,1382,6
2021-10-05,Riverside,065,2383286,353731,349365,15905,365270,4942
2021-10-05,Sacramento,067,1510023,152202,151111,4028,155139,2126
2021-10-05,San Benito,069,59416,7123,7103,148,7251,69
2021-10-05,San Bernardino,071,2135413,345226,342711,10741,353452,5557
2021-10-05,San Diego,073,3302833,361314,359194,21255,380449,4092
2021-10-05,San Francisco,075,870044,51446,50826,2168,52994,641
2021-10-05,San Joaquin,077,732212,96348,95276,5102,100378,1651
2021-10-05,San Luis Obispo,079,281455,28547,28113,1154,29267,324
2021-10-05,San Mateo,081,765935,52866,52008,795,52803,569
2021-10-05,Santa Barbara,083,443738,43064,42595,1481,44076,511
2021-10-05,Santa Clara,085,1922200,143156,141971,1161,143132,1873
2021-10-05,Santa Cruz,087,273765,19816,19582,972,20554,216
2021-10-05,Shasta,089,179085,19697,19285,3259,22544,286
2021-10-05,Sierra,091,2930,152,136,15,151,0
2021-10-05,Siskiyou,093,43540,3206,3107,1172,4279,42
2021-10-05,Solano,095,438530,44868,44149,1178,45327,325
2021-10-05,Sonoma,097,501317,40038,39756,490,40246,383
2021-10-05,Stanislaus,099,539301,74730,74599,8348,82947,1114
2021-10-05,Sutter,101,95872,13339,13270,282,13552,164
2021-10-05,Tehama,103,63373,7787,7607,1290,8897,98
2021-10-05,Trinity,105,12862,798,655,199,854,11
2021-10-05,Tulare,107,460477,64482,63093,13387,76480,920
2021-10-05,Tuolumne,109,53932,6570,6473,81,6554,89
2021-10-05,Ventura,111,848112,96107,95351,4157,99508,1155
2021-10-05,Yolo,113,214977,19059,18782,915,19697,245
2021-10-05,Yuba,115,75493,9621,9504,225,9729,69
2021-10-04,Alameda,001,1643700,116221,115845,2613,118458,1347
2021-10-04,Alpine,003,1148,99,102,0,102,0
2021-10-04,Amador,005,37829,5265,5163,53,5216,61
2021-10-04,Butte,007,227075,19543,19081,3578,22659,245
2021-10-04,Calaveras,009,45235,3710,3641,42,3683,73
2021-10-04,Colusa,011,21464,2436,2414,561,2975,18
2021-10-04,Contra Costa,013,1133247,96670,95958,2006,97964,937
2021-10-04,Del Norte,015,27424,3572,3485,39,3524,39
2021-10-04,El Dorado,017,186661,15295,15031,1590,16621,138
2021-10-04,Fresno,019,978130,131670,129665,11791,141456,1978
2021-10-04,Glenn,021,27897,3317,3270,953,4223,26
2021-10-04,Humboldt,023,135768,8515,8355,437,8792,94
2021-10-04,Imperial,025,180216,32134,31866,2992,34858,757
2021-10-04,Inyo,027,18085,1847,1792,34,1826,39
2021-10-04,Kern,029,883053,120770,118984,19357,138341,1531
2021-10-04,Kings,031,150075,30218,29702,1728,31430,303
2021-10-04,Lake,033,64148,6362,6248,123,6371,97
2021-10-04,Lassen,035,31185,6520,6405,302,6707,25
2021-10-04,Los Angeles,037,10098052,1412389,1399604,51816,1451420,26186
2021-10-04,Madera,039,155013,21540,21126,1791,22917,266
2021-10-04,Marin,041,260295,17145,17008,414,17422,242
2021-10-04,Mariposa,043,17540,1061,1024,33,1057,5
2021-10-04,Mendocino,045,87422,7078,6947,405,7352,79
2021-10-04,Merced,047,269075,39798,39565,1587,41152,558
2021-10-04,Modoc,049,8938,485,473,170,643,5
2021-10-04,Mono,051,14174,1595,1561,19,1580,3
2021-10-04,Monterey,053,433212,47951,47058,2655,49713,571
2021-10-04,Napa,055,140530,12588,12506,95,12601,96
2021-10-04,Nevada,057,99092,8655,8563,300,8863,90
2021-10-04,Orange,059,3164182,300626,298165,14216,312381,5438
2021-10-04,Placer,061,380077,35191,34630,3340,37970,379
2021-10-04,Plumas,063,18699,1444,1329,25,1354,6
2021-10-04,Riverside,065,2383286,353351,348828,15895,364723,4923
2021-10-04,Sacramento,067,1510023,151877,150887,4001,154888,2115
2021-10-04,San Benito,069,59416,7110,7099,148,7247,69
2021-10-04,San Bernardino,071,2135413,344865,342418,10730,353148,5551
2021-10-04,San Diego,073,3302833,360748,358525,21224,379749,4090
2021-10-04,San Francisco,075,870044,51351,50798,2164,52962,638
2021-10-04,San Joaquin,077,732212,96152,95198,5082,100280,1649
2021-10-04,San Luis Obispo,079,281455,28502,28090,1148,29238,323
2021-10-04,San Mateo,081,765935,52806,51958,794,52752,569
2021-10-04,Santa Barbara,083,443738,42979,42585,1480,44065,511
2021-10-04,Santa Clara,085,1922200,143012,141840,1155,142995,1869
2021-10-04,Santa Cruz,087,273765,19787,19559,971,20530,216
2021-10-04,Shasta,089,179085,19590,19170,3245,22415,279
2021-10-04,Sierra,091,2930,145,136,14,150,0
2021-10-04,Siskiyou,093,43540,3197,3103,1157,4260,42
2021-10-04,Solano,095,438530,44809,44092,1174,45266,322
2021-10-04,Sonoma,097,501317,39972,39720,490,40210,381
2021-10-04,Stanislaus,099,539301,74579,74444,8329,82773,1106
2021-10-04,Sutter,101,95872,13310,13261,281,13542,164
2021-10-04,Tehama,103,63373,7746,7585,1284,8869,95
2021-10-04,Trinity,105,12862,797,649,198,847,11
2021-10-04,Tulare,107,460477,64296,62957,13319,76276,920
2021-10-04,Tuolumne,109,53932,6544,6442,81,6523,89
2021-10-04,Ventura,111,848112,96015,95170,4151,99321,1153
2021-10-04,Yolo,113,214977,19015,18761,911,19672,242
2021-10-04,Yuba,115,75493,9582,9481,223,9704,68
2021-10-03,Alameda,001,1643700,116078,115751,2603,118354,1349
2021-10-03,Alpine,003,1148,99,102,0,102,0
2021-10-03,Amador,005,37829,5247,5160,51,5211,61
2021-10-03,Butte,007,227075,19470,19066,3561,22627,245
2021-10-03,Calaveras,009,45235,3693,3632,42,3674,73
2021-10-03,Colusa,011,21464,2435,2413,558,2971,18
2021-10-03,Contra Costa,013,1133247,96537,95890,1999,97889,937
2021-10-03,Del Norte,015,27424,3566,3483,38,3521,39
2021-10-03,El Dorado,017,186661,15236,15014,1583,16597,139
2021-10-03,Fresno,019,978130,131289,129365,11750,141115,1978
2021-10-03,Glenn,021,27897,3310,3266,945,4211,26
2021-10-03,Humboldt,023,135768,8469,8352,433,8785,94
2021-10-03,Imperial,025,180216,32067,31844,2984,34828,757
2021-10-03,Inyo,027,18085,1826,1788,34,1822,39
2021-10-03,Kern,029,883053,120465,118851,19235,138086,1535
2021-10-03,Kings,031,150075,30119,29623,1721,31344,300
2021-10-03,Lake,033,64148,6336,6239,123,6362,97
2021-10-03,Lassen,035,31185,6498,6400,300,6700,25
2021-10-03,Los Angeles,037,10098052,1411127,1398790,51762,1450552,26179
2021-10-03,Madera,039,155013,21468,21066,1781,22847,266
2021-10-03,Marin,041,260295,17122,16995,409,17404,242
2021-10-03,Mariposa,043,17540,1054,1011,33,1044,5
2021-10-03,Mendocino,045,87422,7058,6939,397,7336,79
2021-10-03,Merced,047,269075,39691,39516,1567,41083,558
2021-10-03,Modoc,049,8938,484,472,169,641,5
2021-10-03,Mono,051,14174,1591,1554,19,1573,3
2021-10-03,Monterey,053,433212,47926,47049,2644,49693,571
2021-10-03,Napa,055,140530,12559,12489,93,12582,96
2021-10-03,Nevada,057,99092,8620,8545,300,8845,90
2021-10-03,Orange,059,3164182,300344,298027,14196,312223,5447
2021-10-03,Placer,061,380077,35053,34596,3324,37920,379
2021-10-03,Plumas,063,18699,1416,1328,25,1353,6
2021-10-03,Riverside,065,2383286,352920,348593,15875,364468,4924
2021-10-03,Sacramento,067,1510023,151588,150664,3972,154636,2120
2021-10-03,San Benito,069,59416,7101,7095,148,7243,69
2021-10-03,San Bernardino,071,2135413,344447,342302,10723,353025,5555
2021-10-03,San Diego,073,3302833,360168,358153,21192,379345,4081
2021-10-03,San Francisco,075,870044,51266,50733,2161,52894,638
2021-10-03,San Joaquin,077,732212,95963,95133,5074,100207,1649
2021-10-03,San Luis Obispo,079,281455,28435,28065,1143,29208,325
2021-10-03,San Mateo,081,765935,52739,51923,793,52716,569
2021-10-03,Santa Barbara,083,443738,42883,42550,1472,44022,511
2021-10-03,Santa Clara,085,1922200,142842,141737,1147,142884,1869
2021-10-03,Santa Cruz,087,273765,19747,19548,969,20517,216
2021-10-03,Shasta,089,179085,19485,19132,3217,22349,279
2021-10-03,Sierra,091,2930,142,136,14,150,0
2021-10-03,Siskiyou,093,43540,3184,3096,1147,4243,42
2021-10-03,Solano,095,438530,44745,44051,1171,45222,322
2021-10-03,Sonoma,097,501317,39906,39679,490,40169,381
2021-10-03,Stanislaus,099,539301,74391,74366,8311,82677,1106
2021-10-03,Sutter,101,95872,13295,13248,277,13525,164
2021-10-03,Tehama,103,63373,7703,7564,1279,8843,94
2021-10-03,Trinity,105,12862,793,647,196,843,11
2021-10-03,Tulare,107,460477,64093,62860,13247,76107,924
2021-10-03,Tuolumne,109,53932,6515,6430,79,6509,89
2021-10-03,Ventura,111,848112,95910,95108,4148,99256,1153
2021-10-03,Yolo,113,214977,18986,18720,903,19623,242
2021-10-03,Yuba,115,75493,9565,9462,222,9684,68
2021-10-02,Alameda,001,1643700,115970,115185,2598,117783,1343
2021-10-02,Alpine,003,1148,99,102,0,102,0
2021-10-02,Amador,005,37829,5238,5105,51,5156,61
2021-10-02,Butte,007,227075,19440,18911,3554,22465,243
2021-10-02,Calaveras,009,45235,3686,3585,42,3627,72
2021-10-02,Colusa,011,21464,2434,2403,556,2959,18
2021-10-02,Contra Costa,013,1133247,96466,95369,1995,97364,933
2021-10-02,Del Norte,015,27424,3561,3468,38,3506,39
2021-10-02,El Dorado,017,186661,15210,14887,1582,16469,136
2021-10-02,Fresno,019,978130,131118,128450,11737,140187,1964
2021-10-02,Glenn,021,27897,3305,3234,945,4179,26
2021-10-02,Humboldt,023,135768,8451,8244,433,8677,94
2021-10-02,Imperial,025,180216,32032,31674,2981,34655,757
2021-10-02,Inyo,027,18085,1817,1746,34,1780,39
2021-10-02,Kern,029,883053,120332,117962,19154,137116,1524
2021-10-02,Kings,031,150075,30070,29339,1717,31056,301
2021-10-02,Lake,033,64148,6327,6191,123,6314,97
2021-10-02,Lassen,035,31185,6493,6360,300,6660,25
2021-10-02,Los Angeles,037,10098052,1410515,1395070,51726,1446796,26126
2021-10-02,Madera,039,155013,21443,20931,1772,22703,266
2021-10-02,Marin,041,260295,17117,16936,406,17342,242
2021-10-02,Mariposa,043,17540,1052,967,33,1000,5
2021-10-02,Mendocino,045,87422,7048,6869,397,7266,78
2021-10-02,Merced,047,269075,39664,39196,1563,40759,552
2021-10-02,Modoc,049,8938,482,468,169,637,5
2021-10-02,Mono,051,14174,1589,1540,19,1559,3
2021-10-02,Monterey,053,433212,47871,46964,2643,49607,571
2021-10-02,Napa,055,140530,12548,12433,93,12526,96
2021-10-02,Nevada,057,99092,8609,8474,299,8773,87
2021-10-02,Orange,059,3164182,300179,297307,14176,311483,5435
2021-10-02,Placer,061,380077,34987,34377,3315,37692,381
2021-10-02,Plumas,063,18699,1405,1298,25,1323,6
2021-10-02,Riverside,065,2383286,352679,347227,15864,363091,4895
2021-10-02,Sacramento,067,1510023,151415,149897,3964,153861,2099
2021-10-02,San Benito,069,59416,7094,7055,148,7203,69
2021-10-02,San Bernardino,071,2135413,344260,341212,10671,351883,5540
2021-10-02,San Diego,073,3302833,359851,356454,21170,377624,4078
2021-10-02,San Francisco,075,870044,51217,50393,2156,52549,634
2021-10-02,San Joaquin,077,732212,95898,94599,5068,99667,1646
2021-10-02,San Luis Obispo,079,281455,28411,27915,1143,29058,323
2021-10-02,San Mateo,081,765935,52698,51767,789,52556,573
2021-10-02,Santa Barbara,083,443738,42843,42423,1472,43895,508
2021-10-02,Santa Clara,085,1922200,142728,141231,1143,142374,1862
2021-10-02,Santa Cruz,087,273765,19730,19461,968,20429,214
2021-10-02,Shasta,089,179085,19439,18912,3211,22123,270
2021-10-02,Sierra,091,2930,141,131,14,145,0
2021-10-02,Siskiyou,093,43540,3183,3053,1144,4197,42
2021-10-02,Solano,095,438530,44700,43800,1170,44970,321
2021-10-02,Sonoma,097,501317,39872,39497,489,39986,382
2021-10-02,Stanislaus,099,539301,74305,73859,8298,82157,1099
2021-10-02,Sutter,101,95872,13286,13160,276,13436,160
2021-10-02,Tehama,103,63373,7688,7453,1279,8732,93
2021-10-02,Trinity,105,12862,790,625,196,821,10
2021-10-02,Tulare,107,460477,64017,62247,13221,75468,908
2021-10-02,Tuolumne,109,53932,6501,6369,79,6448,89
2021-10-02,Ventura,111,848112,95838,94854,4143,98997,1148
2021-10-02,Yolo,113,214977,18961,18640,899,19539,242
2021-10-02,Yuba,115,75493,9546,9370,221,9591,66
2021-10-01,Alameda,001,1643700,115893,115185,2592,117777,1343
2021-10-01,Alpine,003,1148,99,102,0,102,0
2021-10-01,Amador,005,37829,5218,5105,51,5156,61
2021-10-01,Butte,007,227075,19399,18911,3547,22458,243
2021-10-01,Calaveras,009,45235,3676,3585,42,3627,72
2021-10-01,Colusa,011,21464,2432,2403,556,2959,18
2021-10-01,Contra Costa,013,1133247,96370,95369,1991,97360,933
2021-10-01,Del Norte,015,27424,3558,3468,37,3505,39
2021-10-01,El Dorado,017,186661,15193,14887,1578,16465,136
2021-10-01,Fresno,019,978130,130929,128450,11727,140177,1964
2021-10-01,Glenn,021,27897,3303,3234,944,4178,26
2021-10-01,Humboldt,023,135768,8434,8244,433,8677,94
2021-10-01,Imperial,025,180216,32013,31674,2972,34646,757
2021-10-01,Inyo,027,18085,1808,1746,34,1780,39
2021-10-01,Kern,029,883053,120179,117962,19098,137060,1524
2021-10-01,Kings,031,150075,30036,29339,1712,31051,301
2021-10-01,Lake,033,64148,6317,6191,123,6314,97
2021-10-01,Lassen,035,31185,6482,6360,299,6659,25
2021-10-01,Los Angeles,037,10098052,1409751,1395070,51682,1446752,26126
2021-10-01,Madera,039,155013,21393,20931,1763,22694,266
2021-10-01,Marin,041,260295,17102,16936,405,17341,242
2021-10-01,Mariposa,043,17540,1045,967,33,1000,5
2021-10-01,Mendocino,045,87422,7036,6869,397,7266,78
2021-10-01,Merced,047,269075,39620,39196,1555,40751,552
2021-10-01,Modoc,049,8938,481,468,169,637,5
2021-10-01,Mono,051,14174,1586,1540,19,1559,3
2021-10-01,Monterey,053,433212,47850,46964,2640,49604,571
2021-10-01,Napa,055,140530,12538,12433,92,12525,96
2021-10-01,Nevada,057,99092,8595,8474,298,8772,87
2021-10-01,Orange,059,3164182,299995,297307,14156,311463,5435
2021-10-01,Placer,061,380077,34953,34377,3311,37688,381
2021-10-01,Plumas,063,18699,1396,1298,25,1323,6
2021-10-01,Riverside,065,2383286,352386,347227,15857,363084,4895
2021-10-01,Sacramento,067,1510023,151263,149897,3953,153850,2099
2021-10-01,San Benito,069,59416,7092,7055,146,7201,69
2021-10-01,San Bernardino,071,2135413,344060,341212,10668,351880,5540
2021-10-01,San Diego,073,3302833,359491,356454,21149,377603,4078
2021-10-01,San Francisco,075,870044,51176,50393,2155,52548,634
2021-10-01,San Joaquin,077,732212,95828,94599,5064,99663,1646
2021-10-01,San Luis Obispo,079,281455,28387,27915,1140,29055,323
2021-10-01,San Mateo,081,765935,52658,51767,786,52553,573
2021-10-01,Santa Barbara,083,443738,42807,42423,1472,43895,508
2021-10-01,Santa Clara,085,1922200,142635,141231,1138,142369,1862
2021-10-01,Santa Cruz,087,273765,19710,19461,967,20428,214
2021-10-01,Shasta,089,179085,19385,18912,3204,22116,270
2021-10-01,Sierra,091,2930,141,131,14,145,0
2021-10-01,Siskiyou,093,43540,3182,3053,1141,4194,42
2021-10-01,Solano,095,438530,44648,43800,1164,44964,321
2021-10-01,Sonoma,097,501317,39840,39497,488,39985,382
2021-10-01,Stanislaus,099,539301,74221,73859,8287,82146,1099
2021-10-01,Sutter,101,95872,13270,13160,274,13434,160
2021-10-01,Tehama,103,63373,7676,7453,1277,8730,93
2021-10-01,Trinity,105,12862,788,625,196,821,10
2021-10-01,Tulare,107,460477,63914,62247,13186,75433,908
2021-10-01,Tuolumne,109,53932,6484,6369,79,6448,89
2021-10-01,Ventura,111,848112,95771,94854,4138,98992,1148
2021-10-01,Yolo,113,214977,18937,18640,897,19537,242
2021-10-01,Yuba,115,75493,9524,9370,221,9591,66
2021-09-30,Alameda,001,1643700,115748,115185,2588,117773,1343
2021-09-30,Alpine,003,1148,99,102,0,102,0
2021-09-30,Amador,005,37829,5206,5105,51,5156,61
2021-09-30,Butte,007,227075,19350,18911,3538,22449,243
2021-09-30,Calaveras,009,45235,3662,3585,42,3627,72
2021-09-30,Colusa,011,21464,2429,2403,555,2958,18
2021-09-30,Contra Costa,013,1133247,96265,95369,1986,97355,933
2021-09-30,Del Norte,015,27424,3554,3468,34,3502,39
2021-09-30,El Dorado,017,186661,15167,14887,1570,16457,136
2021-09-30,Fresno,019,978130,130654,128450,11693,140143,1964
2021-09-30,Glenn,021,27897,3293,3234,941,4175,26
2021-09-30,Humboldt,023,135768,8402,8244,427,8671,94
2021-09-30,Imperial,025,180216,31961,31674,2970,34644,757
2021-09-30,Inyo,027,18085,1798,1746,34,1780,39
2021-09-30,Kern,029,883053,119936,117962,19017,136979,1524
2021-09-30,Kings,031,150075,29946,29339,1708,31047,301
2021-09-30,Lake,033,64148,6299,6191,123,6314,97
2021-09-30,Lassen,035,31185,6468,6360,299,6659,25
2021-09-30,Los Angeles,037,10098052,1408543,1395070,51622,1446692,26126
2021-09-30,Madera,039,155013,21310,20931,1748,22679,266
2021-09-30,Marin,041,260295,17082,16936,404,17340,242
2021-09-30,Mariposa,043,17540,1023,967,33,1000,5
2021-09-30,Mendocino,045,87422,7027,6869,388,7257,78
2021-09-30,Merced,047,269075,39524,39196,1550,40746,552
2021-09-30,Modoc,049,8938,481,468,168,636,5
2021-09-30,Mono,051,14174,1578,1540,19,1559,3
2021-09-30,Monterey,053,433212,47820,46964,2629,49593,571
2021-09-30,Napa,055,140530,12518,12433,92,12525,96
2021-09-30,Nevada,057,99092,8578,8474,297,8771,87
2021-09-30,Orange,059,3164182,299723,297307,14118,311425,5435
2021-09-30,Placer,061,380077,34899,34377,3291,37668,381
2021-09-30,Plumas,063,18699,1378,1298,25,1323,6
2021-09-30,Riverside,065,2383286,351952,347227,15836,363063,4895
2021-09-30,Sacramento,067,1510023,151002,149897,3927,153824,2099
2021-09-30,San Benito,069,59416,7086,7055,146,7201,69
2021-09-30,San Bernardino,071,2135413,343747,341212,10654,351866,5540
2021-09-30,San Diego,073,3302833,359010,356454,21123,377577,4078
2021-09-30,San Francisco,075,870044,51099,50393,2151,52544,634
2021-09-30,San Joaquin,077,732212,95697,94599,5056,99655,1646
2021-09-30,San Luis Obispo,079,281455,28339,27915,1136,29051,323
2021-09-30,San Mateo,081,765935,52609,51767,783,52550,573
2021-09-30,Santa Barbara,083,443738,42750,42423,1471,43894,508
2021-09-30,Santa Clara,085,1922200,142485,141231,1135,142366,1862
2021-09-30,Santa Cruz,087,273765,19670,19461,966,20427,214
2021-09-30,Shasta,089,179085,19323,18912,3189,22101,270
2021-09-30,Sierra,091,2930,140,131,14,145,0
2021-09-30,Siskiyou,093,43540,3174,3053,1136,4189,42
2021-09-30,Solano,095,438530,44594,43800,1161,44961,321
2021-09-30,Sonoma,097,501317,39791,39497,488,39985,382
2021-09-30,Stanislaus,099,539301,74061,73859,8268,82127,1099
2021-09-30,Sutter,101,95872,13249,13160,274,13434,160
2021-09-30,Tehama,103,63373,7639,7453,1265,8718,93
2021-09-30,Trinity,105,12862,784,625,196,821,10
2021-09-30,Tulare,107,460477,63738,62247,13129,75376,908
2021-09-30,Tuolumne,109,53932,6461,6369,79,6448,89
2021-09-30,Ventura,111,848112,95666,94854,4131,98985,1148
2021-09-30,Yolo,113,214977,18897,18640,894,19534,242
2021-09-30,Yuba,115,75493,9501,9370,220,9590,66
2021-09-29,Alameda,001,1643700,115602,114998,2585,117583,1339
2021-09-29,Alpine,003,1148,99,101,0,101,0
2021-09-29,Amador,005,37829,5184,5058,51,5109,61
2021-09-29,Butte,007,227075,19296,18835,3531,22366,242
2021-09-29,Calaveras,009,45235,3645,3553,41,3594,72
2021-09-29,Colusa,011,21464,2427,2401,555,2956,18
2021-09-29,Contra Costa,013,1133247,96151,95213,1978,97191,929
2021-09-29,Del Norte,015,27424,3548,3467,34,3501,39
2021-09-29,El Dorado,017,186661,15133,14834,1563,16397,136
2021-09-29,Fresno,019,978130,130354,128068,11672,139740,1957
2021-09-29,Glenn,021,27897,3288,3213,939,4152,26
2021-09-29,Humboldt,023,135768,8379,8203,426,8629,94
2021-09-29,Imperial,025,180216,31896,31600,2965,34565,757
2021-09-29,Inyo,027,18085,1788,1740,33,1773,39
2021-09-29,Kern,029,883053,119701,117605,18941,136546,1513
2021-09-29,Kings,031,150075,29864,29195,1693,30888,299
2021-09-29,Lake,033,64148,6279,6164,123,6287,97
2021-09-29,Lassen,035,31185,6454,6347,299,6646,25
2021-09-29,Los Angeles,037,10098052,1407323,1393617,51553,1445170,26098
2021-09-29,Madera,039,155013,21266,20818,1732,22550,266
2021-09-29,Marin,041,260295,17064,16921,402,17323,242
2021-09-29,Mariposa,043,17540,1008,963,33,996,5
2021-09-29,Mendocino,045,87422,7015,6821,380,7201,78
2021-09-29,Merced,047,269075,39431,39026,1539,40565,552
2021-09-29,Modoc,049,8938,479,468,168,636,5
2021-09-29,Mono,051,14174,1576,1527,19,1546,3
2021-09-29,Monterey,053,433212,47782,46917,2615,49532,571
2021-09-29,Napa,055,140530,12498,12416,89,12505,96
2021-09-29,Nevada,057,99092,8565,8434,297,8731,87
2021-09-29,Orange,059,3164182,299455,296936,14082,311018,5429
2021-09-29,Placer,061,380077,34835,34271,3269,37540,379
2021-09-29,Plumas,063,18699,1359,1289,25,1314,6
2021-09-29,Riverside,065,2383286,351517,346558,15823,362381,4886
2021-09-29,Sacramento,067,1510023,150751,149686,3917,153603,2099
2021-09-29,San Benito,069,59416,7075,7039,146,7185,69
2021-09-29,San Bernardino,071,2135413,343427,340672,10639,351311,5539
2021-09-29,San Diego,073,3302833,358523,355899,21093,376992,4066
2021-09-29,San Francisco,075,870044,51015,50286,2147,52433,629
2021-09-29,San Joaquin,077,732212,95539,94356,5034,99390,1645
2021-09-29,San Luis Obispo,079,281455,28293,27800,1130,28930,323
2021-09-29,San Mateo,081,765935,52549,51673,781,52454,573
2021-09-29,Santa Barbara,083,443738,42678,42328,1468,43796,507
2021-09-29,Santa Clara,085,1922200,142350,141036,1129,142165,1861
2021-09-29,Santa Cruz,087,273765,19652,19425,965,20390,214
2021-09-29,Shasta,089,179085,19257,18805,3178,21983,271
2021-09-29,Sierra,091,2930,136,130,14,144,0
2021-09-29,Siskiyou,093,43540,3161,3043,1129,4172,42
2021-09-29,Solano,095,438530,44538,43724,1154,44878,321
2021-09-29,Sonoma,097,501317,39730,39426,486,39912,370
2021-09-29,Stanislaus,099,539301,73930,73634,8257,81891,1096
2021-09-29,Sutter,101,95872,13222,13135,271,13406,155
2021-09-29,Tehama,103,63373,7609,7409,1250,8659,88
2021-09-29,Trinity,105,12862,780,616,196,812,10
2021-09-29,Tulare,107,460477,63563,62046,13070,75116,908
2021-09-29,Tuolumne,109,53932,6444,6336,79,6415,89
2021-09-29,Ventura,111,848112,95576,94753,4127,98880,1144
2021-09-29,Yolo,113,214977,18864,18587,889,19476,239
2021-09-29,Yuba,115,75493,9470,9351,216,9567,66
2021-09-28,Alameda,001,1643700,115444,114869,2579,117448,1333
2021-09-28,Alpine,003,1148,99,101,0,101,0
2021-09-28,Amador,005,37829,5162,5049,51,5100,61
2021-09-28,Butte,007,227075,19247,18764,3516,22280,241
2021-09-28,Calaveras,009,45235,3625,3530,41,3571,72
2021-09-28,Colusa,011,21464,2424,2399,553,2952,18
2021-09-28,Contra Costa,013,1133247,96010,95115,1973,97088,929
2021-09-28,Del Norte,015,27424,3545,3462,34,3496,39
2021-09-28,El Dorado,017,186661,15087,14793,1559,16352,133
2021-09-28,Fresno,019,978130,130010,127877,11638,139515,1948
2021-09-28,Glenn,021,27897,3283,3205,938,4143,26
2021-09-28,Humboldt,023,135768,8339,8159,423,8582,91
2021-09-28,Imperial,025,180216,31851,31543,2961,34504,757
2021-09-28,Inyo,027,18085,1774,1708,32,1740,39
2021-09-28,Kern,029,883053,119432,117420,18846,136266,1506
2021-09-28,Kings,031,150075,29762,29141,1685,30826,295
2021-09-28,Lake,033,64148,6264,6155,123,6278,95
2021-09-28,Lassen,035,31185,6448,6340,295,6635,25
2021-09-28,Los Angeles,037,10098052,1406033,1392445,51487,1443932,26068
2021-09-28,Madera,039,155013,21212,20764,1717,22481,266
2021-09-28,Marin,041,260295,17045,16887,400,17287,242
2021-09-28,Mariposa,043,17540,1003,952,33,985,5
2021-09-28,Mendocino,045,87422,6993,6804,378,7182,78
2021-09-28,Merced,047,269075,39345,38953,1526,40479,551
2021-09-28,Modoc,049,8938,478,467,168,635,5
2021-09-28,Mono,051,14174,1566,1527,19,1546,3
2021-09-28,Monterey,053,433212,47745,46859,2606,49465,571
2021-09-28,Napa,055,140530,12481,12388,88,12476,96
2021-09-28,Nevada,057,99092,8542,8409,296,8705,84
2021-09-28,Orange,059,3164182,299201,296596,14053,310649,5421
2021-09-28,Placer,061,380077,34770,34187,3251,37438,370
2021-09-28,Plumas,063,18699,1350,1276,25,1301,6
2021-09-28,Riverside,065,2383286,351058,346096,15802,361898,4874
2021-09-28,Sacramento,067,1510023,150460,149310,3895,153205,2086
2021-09-28,San Benito,069,59416,7058,7028,145,7173,69
2021-09-28,San Bernardino,071,2135413,343080,340342,10621,350963,5540
2021-09-28,San Diego,073,3302833,357976,355373,21061,376434,4054
2021-09-28,San Francisco,075,870044,50914,50234,2146,52380,627
2021-09-28,San Joaquin,077,732212,95386,94194,5021,99215,1639
2021-09-28,San Luis Obispo,079,281455,28259,27755,1125,28880,321
2021-09-28,San Mateo,081,765935,52504,51620,781,52401,571
2021-09-28,Santa Barbara,083,443738,42605,42226,1467,43693,506
2021-09-28,Santa Clara,085,1922200,142189,140886,1120,142006,1858
2021-09-28,Santa Cruz,087,273765,19611,19324,964,20288,214
2021-09-28,Shasta,089,179085,19196,18701,3164,21865,267
2021-09-28,Sierra,091,2930,135,130,13,143,0
2021-09-28,Siskiyou,093,43540,3149,3032,1126,4158,42
2021-09-28,Solano,095,438530,44465,43652,1151,44803,316
2021-09-28,Sonoma,097,501317,39683,39395,485,39880,370
2021-09-28,Stanislaus,099,539301,73759,73528,8245,81773,1094
2021-09-28,Sutter,101,95872,13203,13102,267,13369,155
2021-09-28,Tehama,103,63373,7591,7382,1235,8617,88
2021-09-28,Trinity,105,12862,777,613,196,809,10
2021-09-28,Tulare,107,460477,63402,61916,13012,74928,905
2021-09-28,Tuolumne,109,53932,6417,6308,79,6387,89
2021-09-28,Ventura,111,848112,95450,94632,4124,98756,1143
2021-09-28,Yolo,113,214977,18838,18564,885,19449,239
2021-09-28,Yuba,115,75493,9451,9323,215,9538,66
2021-09-27,Alameda,001,1643700,115250,114731,2570,117301,1327
2021-09-27,Alpine,003,1148,99,101,0,101,0
2021-09-27,Amador,005,37829,5148,5017,51,5068,59
2021-09-27,Butte,007,227075,19187,18687,3499,22186,239
2021-09-27,Calaveras,009,45235,3605,3514,40,3554,70
2021-09-27,Colusa,011,21464,2423,2393,552,2945,18
2021-09-27,Contra Costa,013,1133247,95878,94979,1964,96943,924
2021-09-27,Del Norte,015,27424,3543,3468,32,3500,37
2021-09-27,El Dorado,017,186661,15048,14764,1552,16316,132
2021-09-27,Fresno,019,978130,129690,127475,11605,139080,1942
2021-09-27,Glenn,021,27897,3270,3189,934,4123,26
2021-09-27,Humboldt,023,135768,8299,8118,423,8541,91
2021-09-27,Imperial,025,180216,31788,31491,2954,34445,756
2021-09-27,Inyo,027,18085,1762,1698,32,1730,39
2021-09-27,Kern,029,883053,119157,117064,18751,135815,1503
2021-09-27,Kings,031,150075,29664,28998,1673,30671,297
2021-09-27,Lake,033,64148,6244,6126,122,6248,95
2021-09-27,Lassen,035,31185,6433,6327,291,6618,25
2021-09-27,Los Angeles,037,10098052,1404696,1391538,51419,1442957,26040
2021-09-27,Madera,039,155013,21147,20691,1709,22400,262
2021-09-27,Marin,041,260295,17024,16861,399,17260,242
2021-09-27,Mariposa,043,17540,993,931,33,964,5
2021-09-27,Mendocino,045,87422,6967,6761,371,7132,74
2021-09-27,Merced,047,269075,39245,38840,1520,40360,548
2021-09-27,Modoc,049,8938,477,465,166,631,5
2021-09-27,Mono,051,14174,1554,1525,19,1544,3
2021-09-27,Monterey,053,433212,47702,46811,2595,49406,571
2021-09-27,Napa,055,140530,12457,12354,87,12441,95
2021-09-27,Nevada,057,99092,8518,8379,293,8672,84
2021-09-27,Orange,059,3164182,298894,296334,14023,310357,5409
2021-09-27,Placer,061,380077,34683,34087,3246,37333,370
2021-09-27,Plumas,063,18699,1340,1269,25,1294,6
2021-09-27,Riverside,065,2383286,350615,345529,15792,361321,4864
2021-09-27,Sacramento,067,1510023,150144,149096,3873,152969,2076
2021-09-27,San Benito,069,59416,7041,7017,145,7162,67
2021-09-27,San Bernardino,071,2135413,342664,339952,10597,350549,5544
2021-09-27,San Diego,073,3302833,357324,354755,21036,375791,4054
2021-09-27,San Francisco,075,870044,50830,50157,2143,52300,622
2021-09-27,San Joaquin,077,732212,95201,94085,5018,99103,1633
2021-09-27,San Luis Obispo,079,281455,28204,27674,1122,28796,320
2021-09-27,San Mateo,081,765935,52428,51552,781,52333,571
2021-09-27,Santa Barbara,083,443738,42538,42012,1463,43475,505
2021-09-27,Santa Clara,085,1922200,142008,140802,1110,141912,1853
2021-09-27,Santa Cruz,087,273765,19587,19292,963,20255,214
2021-09-27,Shasta,089,179085,19116,18599,3137,21736,267
2021-09-27,Sierra,091,2930,135,128,13,141,0
2021-09-27,Siskiyou,093,43540,3137,3015,1121,4136,42
2021-09-27,Solano,095,438530,44390,43582,1145,44727,314
2021-09-27,Sonoma,097,501317,39629,39347,485,39832,370
2021-09-27,Stanislaus,099,539301,73605,73370,8225,81595,1091
2021-09-27,Sutter,101,95872,13173,13082,264,13346,155
2021-09-27,Tehama,103,63373,7551,7345,1226,8571,88
2021-09-27,Trinity,105,12862,766,605,195,800,9
2021-09-27,Tulare,107,460477,63202,61708,12941,74649,904
2021-09-27,Tuolumne,109,53932,6395,6264,79,6343,89
2021-09-27,Ventura,111,848112,95325,94477,4120,98597,1138
2021-09-27,Yolo,113,214977,18804,18524,884,19408,239
2021-09-27,Yuba,115,75493,9414,9292,211,9503,64
2021-09-26,Alameda,001,1643700,115056,114601,2563,117164,1326
2021-09-26,Alpine,003,1148,99,101,0,101,0
2021-09-26,Amador,005,37829,5116,5001,50,5051,59
2021-09-26,Butte,007,227075,19112,18634,3480,22114,238
2021-09-26,Calaveras,009,45235,3583,3505,40,3545,70
2021-09-26,Colusa,011,21464,2418,2392,550,2942,18
2021-09-26,Contra Costa,013,1133247,95703,94877,1951,96828,924
2021-09-26,Del Norte,015,27424,3538,3466,31,3497,37
2021-09-26,El Dorado,017,186661,15006,14738,1544,16282,132
2021-09-26,Fresno,019,978130,129333,127235,11559,138794,1939
2021-09-26,Glenn,021,27897,3262,3182,930,4112,26
2021-09-26,Humboldt,023,135768,8262,8098,422,8520,91
2021-09-26,Imperial,025,180216,31728,31462,2953,34415,756
2021-09-26,Inyo,027,18085,1747,1685,32,1717,39
2021-09-26,Kern,029,883053,118818,116927,18641,135568,1502
2021-09-26,Kings,031,150075,29563,28930,1662,30592,293
2021-09-26,Lake,033,64148,6227,6113,122,6235,95
2021-09-26,Lassen,035,31185,6423,6319,286,6605,25
2021-09-26,Los Angeles,037,10098052,1403206,1390577,51351,1441928,26035
2021-09-26,Madera,039,155013,21072,20629,1690,22319,262
2021-09-26,Marin,041,260295,17001,16860,399,17259,242
2021-09-26,Mariposa,043,17540,987,929,33,962,5
2021-09-26,Mendocino,045,87422,6933,6744,356,7100,74
2021-09-26,Merced,047,269075,39084,38717,1512,40229,548
2021-09-26,Modoc,049,8938,477,465,165,630,5
2021-09-26,Mono,051,14174,1550,1516,19,1535,3
2021-09-26,Monterey,053,433212,47655,46792,2582,49374,571
2021-09-26,Napa,055,140530,12433,12340,86,12426,95
2021-09-26,Nevada,057,99092,8487,8356,288,8644,84
2021-09-26,Orange,059,3164182,298553,296085,13989,310074,5409
2021-09-26,Placer,061,380077,34589,34043,3237,37280,370
2021-09-26,Plumas,063,18699,1322,1268,25,1293,6
2021-09-26,Riverside,065,2383286,350083,345257,15778,361035,4864
2021-09-26,Sacramento,067,1510023,149738,148745,3854,152599,2071
2021-09-26,San Benito,069,59416,7024,7012,144,7156,67
2021-09-26,San Bernardino,071,2135413,342206,339771,10583,350354,5545
2021-09-26,San Diego,073,3302833,356702,354414,20995,375409,4051
2021-09-26,San Francisco,075,870044,50704,50092,2134,52226,622
2021-09-26,San Joaquin,077,732212,94997,93935,5004,98939,1633
2021-09-26,San Luis Obispo,079,281455,28130,27624,1117,28741,319
2021-09-26,San Mateo,081,765935,52359,51496,779,52275,571
2021-09-26,Santa Barbara,083,443738,42452,41946,1460,43406,505
2021-09-26,Santa Clara,085,1922200,141807,140667,1107,141774,1852
2021-09-26,Santa Cruz,087,273765,19562,19279,963,20242,214
2021-09-26,Shasta,089,179085,19007,18566,3114,21680,266
2021-09-26,Sierra,091,2930,135,128,13,141,0
2021-09-26,Siskiyou,093,43540,3123,2998,1111,4109,42
2021-09-26,Solano,095,438530,44323,43537,1144,44681,314
2021-09-26,Sonoma,097,501317,39570,39302,485,39787,370
2021-09-26,Stanislaus,099,539301,73405,73243,8197,81440,1091
2021-09-26,Sutter,101,95872,13136,13045,263,13308,155
2021-09-26,Tehama,103,63373,7494,7323,1215,8538,88
2021-09-26,Trinity,105,12862,763,591,195,786,9
2021-09-26,Tulare,107,460477,62981,61560,12864,74424,904
2021-09-26,Tuolumne,109,53932,6367,6236,77,6313,89
2021-09-26,Ventura,111,848112,95211,94391,4113,98504,1138
2021-09-26,Yolo,113,214977,18767,18496,876,19372,239
2021-09-26,Yuba,115,75493,9387,9275,211,9486,64
2021-09-25,Alameda,001,1643700,114977,114014,2560,116574,1324
2021-09-25,Alpine,003,1148,99,101,0,101,0
2021-09-25,Amador,005,37829,5102,4934,50,4984,59
2021-09-25,Butte,007,227075,19083,18396,3472,21868,236
2021-09-25,Calaveras,009,45235,3580,3461,40,3501,70
2021-09-25,Colusa,011,21464,2415,2387,548,2935,16
2021-09-25,Contra Costa,013,1133247,95632,94337,1947,96284,924
2021-09-25,Del Norte,015,27424,3537,3404,31,3435,35
2021-09-25,El Dorado,017,186661,14983,14641,1540,16181,130
2021-09-25,Fresno,019,978130,129188,126299,11543,137842,1927
2021-09-25,Glenn,021,27897,3257,3144,929,4073,25
2021-09-25,Humboldt,023,135768,8243,8014,420,8434,88
2021-09-25,Imperial,025,180216,31701,31280,2953,34233,755
2021-09-25,Inyo,027,18085,1739,1657,32,1689,39
2021-09-25,Kern,029,883053,118663,116021,18574,134595,1485
2021-09-25,Kings,031,150075,29512,28636,1659,30295,293
2021-09-25,Lake,033,64148,6222,6046,120,6166,92
2021-09-25,Lassen,035,31185,6411,6248,285,6533,25
2021-09-25,Los Angeles,037,10098052,1402496,1386417,51310,1437727,25964
2021-09-25,Madera,039,155013,21047,20432,1684,22116,262
2021-09-25,Marin,041,260295,16992,16802,397,17199,242
2021-09-25,Mariposa,043,17540,982,906,33,939,5
2021-09-25,Mendocino,045,87422,6914,6657,355,7012,74
2021-09-25,Merced,047,269075,39038,38393,1510,39903,546
2021-09-25,Modoc,049,8938,477,460,165,625,5
2021-09-25,Mono,051,14174,1547,1501,19,1520,3
2021-09-25,Monterey,053,433212,47625,46653,2580,49233,567
2021-09-25,Napa,055,140530,12413,12266,86,12352,95
2021-09-25,Nevada,057,99092,8470,8285,288,8573,84
2021-09-25,Orange,059,3164182,298380,294514,13972,308486,5374
2021-09-25,Placer,061,380077,34525,33764,3235,36999,367
2021-09-25,Plumas,063,18699,1318,1238,25,1263,6
2021-09-25,Riverside,065,2383286,349760,343463,15770,359233,4843
2021-09-25,Sacramento,067,1510023,149563,147728,3846,151574,2049
2021-09-25,San Benito,069,59416,7019,6965,144,7109,67
2021-09-25,San Bernardino,071,2135413,341968,338413,10570,348983,5540
2021-09-25,San Diego,073,3302833,356357,352017,20969,372986,4039
2021-09-25,San Francisco,075,870044,50660,49840,2133,51973,615
2021-09-25,San Joaquin,077,732212,94911,93273,5002,98275,1628
2021-09-25,San Luis Obispo,079,281455,28092,27447,1113,28560,318
2021-09-25,San Mateo,081,765935,52295,51266,777,52043,568
2021-09-25,Santa Barbara,083,443738,42394,41728,1460,43188,505
2021-09-25,Santa Clara,085,1922200,141701,140023,1105,141128,1844
2021-09-25,Santa Cruz,087,273765,19546,19200,961,20161,214
2021-09-25,Shasta,089,179085,18956,18256,3105,21361,262
2021-09-25,Sierra,091,2930,134,127,13,140,0
2021-09-25,Siskiyou,093,43540,3116,2956,1101,4057,41
2021-09-25,Solano,095,438530,44282,43331,1141,44472,312
2021-09-25,Sonoma,097,501317,39530,39112,485,39597,369
2021-09-25,Stanislaus,099,539301,73295,72628,8183,80811,1091
2021-09-25,Sutter,101,95872,13118,12976,260,13236,154
2021-09-25,Tehama,103,63373,7478,7200,1213,8413,86
2021-09-25,Trinity,105,12862,763,576,195,771,9
2021-09-25,Tulare,107,460477,62899,60909,12821,73730,898
2021-09-25,Tuolumne,109,53932,6355,6168,77,6245,89
2021-09-25,Ventura,111,848112,95144,94059,4109,98168,1129
2021-09-25,Yolo,113,214977,18745,18393,875,19268,239
2021-09-25,Yuba,115,75493,9367,9191,211,9402,61
2021-09-24,Alameda,001,1643700,114872,114014,2556,116570,1324
2021-09-24,Alpine,003,1148,99,101,0,101,0
2021-09-24,Amador,005,37829,5072,4934,50,4984,59
2021-09-24,Butte,007,227075,19030,18396,3461,21857,236
2021-09-24,Calaveras,009,45235,3573,3461,39,3500,70
2021-09-24,Colusa,011,21464,2412,2387,547,2934,16
2021-09-24,Contra Costa,013,1133247,95522,94337,1943,96280,924
2021-09-24,Del Norte,015,27424,3534,3404,31,3435,35
2021-09-24,El Dorado,017,186661,14965,14641,1538,16179,130
2021-09-24,Fresno,019,978130,128990,126299,11531,137830,1927
2021-09-24,Glenn,021,27897,3249,3144,929,4073,25
2021-09-24,Humboldt,023,135768,8224,8014,417,8431,88
2021-09-24,Imperial,025,180216,31663,31280,2951,34231,755
2021-09-24,Inyo,027,18085,1730,1657,32,1689,39
2021-09-24,Kern,029,883053,118527,116021,18508,134529,1485
2021-09-24,Kings,031,150075,29471,28636,1655,30291,293
2021-09-24,Lake,033,64148,6214,6046,120,6166,92
2021-09-24,Lassen,035,31185,6403,6248,284,6532,25
2021-09-24,Los Angeles,037,10098052,1401609,1386417,51269,1437686,25964
2021-09-24,Madera,039,155013,21016,20432,1675,22107,262
2021-09-24,Marin,041,260295,16978,16802,396,17198,242
2021-09-24,Mariposa,043,17540,970,906,33,939,5
2021-09-24,Mendocino,045,87422,6901,6657,355,7012,74
2021-09-24,Merced,047,269075,38993,38393,1510,39903,546
2021-09-24,Modoc,049,8938,477,460,164,624,5
2021-09-24,Mono,051,14174,1542,1501,19,1520,3
2021-09-24,Monterey,053,433212,47604,46653,2572,49225,567
2021-09-24,Napa,055,140530,12393,12266,86,12352,95
2021-09-24,Nevada,057,99092,8456,8285,285,8570,84
2021-09-24,Orange,059,3164182,298173,294514,13954,308468,5374
2021-09-24,Placer,061,380077,34470,33764,3223,36987,367
2021-09-24,Plumas,063,18699,1314,1238,25,1263,6
2021-09-24,Riverside,065,2383286,349426,343463,15763,359226,4843
2021-09-24,Sacramento,067,1510023,149378,147728,3842,151570,2049
2021-09-24,San Benito,069,59416,7013,6965,144,7109,67
2021-09-24,San Bernardino,071,2135413,341699,338413,10560,348973,5540
2021-09-24,San Diego,073,3302833,356006,352017,20954,372971,4039
2021-09-24,San Francisco,075,870044,50596,49840,2126,51966,615
2021-09-24,San Joaquin,077,732212,94798,93273,5000,98273,1628
2021-09-24,San Luis Obispo,079,281455,28061,27447,1108,28555,318
2021-09-24,San Mateo,081,765935,52235,51266,776,52042,568
2021-09-24,Santa Barbara,083,443738,42354,41728,1459,43187,505
2021-09-24,Santa Clara,085,1922200,141589,140023,1104,141127,1844
2021-09-24,Santa Cruz,087,273765,19523,19200,960,20160,214
2021-09-24,Shasta,089,179085,18902,18256,3091,21347,262
2021-09-24,Sierra,091,2930,133,127,13,140,0
2021-09-24,Siskiyou,093,43540,3107,2956,1095,4051,41
2021-09-24,Solano,095,438530,44245,43331,1139,44470,312
2021-09-24,Sonoma,097,501317,39497,39112,485,39597,369
2021-09-24,Stanislaus,099,539301,73179,72628,8168,80796,1091
2021-09-24,Sutter,101,95872,13099,12976,259,13235,154
2021-09-24,Tehama,103,63373,7465,7200,1208,8408,86
2021-09-24,Trinity,105,12862,760,576,195,771,9
2021-09-24,Tulare,107,460477,62810,60909,12779,73688,898
2021-09-24,Tuolumne,109,53932,6326,6168,77,6245,89
2021-09-24,Ventura,111,848112,95066,94059,4102,98161,1129
2021-09-24,Yolo,113,214977,18713,18393,871,19264,239
2021-09-24,Yuba,115,75493,9348,9191,211,9402,61
2021-09-23,Alameda,001,1643700,114715,114014,2550,116564,1324
2021-09-23,Alpine,003,1148,99,101,0,101,0
2021-09-23,Amador,005,37829,5059,4934,50,4984,59
2021-09-23,Butte,007,227075,18968,18396,3436,21832,236
2021-09-23,Calaveras,009,45235,3552,3461,39,3500,70
2021-09-23,Colusa,011,21464,2410,2387,544,2931,16
2021-09-23,Contra Costa,013,1133247,95381,94337,1936,96273,924
2021-09-23,Del Norte,015,27424,3525,3404,30,3434,35
2021-09-23,El Dorado,017,186661,14939,14641,1532,16173,130
2021-09-23,Fresno,019,978130,128693,126299,11512,137811,1927
2021-09-23,Glenn,021,27897,3235,3144,926,4070,25
2021-09-23,Humboldt,023,135768,8200,8014,415,8429,88
2021-09-23,Imperial,025,180216,31627,31280,2951,34231,755
2021-09-23,Inyo,027,18085,1716,1657,32,1689,39
2021-09-23,Kern,029,883053,118269,116021,18428,134449,1485
2021-09-23,Kings,031,150075,29367,28636,1646,30282,293
2021-09-23,Lake,033,64148,6204,6046,120,6166,92
2021-09-23,Lassen,035,31185,6394,6248,279,6527,25
2021-09-23,Los Angeles,037,10098052,1400412,1386417,51205,1437622,25964
2021-09-23,Madera,039,155013,20932,20432,1671,22103,262
2021-09-23,Marin,041,260295,16963,16802,393,17195,242
2021-09-23,Mariposa,043,17540,957,906,33,939,5
2021-09-23,Mendocino,045,87422,6878,6657,350,7007,74
2021-09-23,Merced,047,269075,38888,38393,1503,39896,546
2021-09-23,Modoc,049,8938,476,460,164,624,5
2021-09-23,Mono,051,14174,1539,1501,19,1520,3
2021-09-23,Monterey,053,433212,47555,46653,2561,49214,567
2021-09-23,Napa,055,140530,12376,12266,86,12352,95
2021-09-23,Nevada,057,99092,8429,8285,285,8570,84
2021-09-23,Orange,059,3164182,297876,294514,13930,308444,5374
2021-09-23,Placer,061,380077,34394,33764,3217,36981,367
2021-09-23,Plumas,063,18699,1297,1238,24,1262,6
2021-09-23,Riverside,065,2383286,348973,343463,15756,359219,4843
2021-09-23,Sacramento,067,1510023,149055,147728,3823,151551,2049
2021-09-23,San Benito,069,59416,7002,6965,144,7109,67
2021-09-23,San Bernardino,071,2135413,341333,338413,10545,348958,5540
2021-09-23,San Diego,073,3302833,355550,352017,20915,372932,4039
2021-09-23,San Francisco,075,870044,50523,49840,2124,51964,615
2021-09-23,San Joaquin,077,732212,94625,93273,4985,98258,1628
2021-09-23,San Luis Obispo,079,281455,28018,27447,1106,28553,318
2021-09-23,San Mateo,081,765935,52160,51266,775,52041,568
2021-09-23,Santa Barbara,083,443738,42276,41728,1456,43184,505
2021-09-23,Santa Clara,085,1922200,141437,140023,1097,141120,1844
2021-09-23,Santa Cruz,087,273765,19492,19200,960,20160,214
2021-09-23,Shasta,089,179085,18822,18256,3074,21330,262
2021-09-23,Sierra,091,2930,133,127,13,140,0
2021-09-23,Siskiyou,093,43540,3103,2956,1084,4040,41
2021-09-23,Solano,095,438530,44177,43331,1136,44467,312
2021-09-23,Sonoma,097,501317,39438,39112,482,39594,369
2021-09-23,Stanislaus,099,539301,73022,72628,8136,80764,1091
2021-09-23,Sutter,101,95872,13070,12976,259,13235,154
2021-09-23,Tehama,103,63373,7424,7200,1203,8403,86
2021-09-23,Trinity,105,12862,746,576,194,770,9
2021-09-23,Tulare,107,460477,62633,60909,12725,73634,898
2021-09-23,Tuolumne,109,53932,6301,6168,76,6244,89
2021-09-23,Ventura,111,848112,94962,94059,4095,98154,1129
2021-09-23,Yolo,113,214977,18682,18393,866,19259,239
2021-09-23,Yuba,115,75493,9319,9191,210,9401,61
2021-09-22,Alameda,001,1643700,114560,113862,2546,116408,1322
2021-09-22,Alpine,003,1148,99,100,0,100,0
2021-09-22,Amador,005,37829,5043,4915,50,4965,59
2021-09-22,Butte,007,227075,18907,18337,3418,21755,235
2021-09-22,Calaveras,009,45235,3536,3448,39,3487,70
2021-09-22,Colusa,011,21464,2405,2384,543,2927,16
2021-09-22,Contra Costa,013,1133247,95194,94209,1927,96136,924
2021-09-22,Del Norte,015,27424,3514,3386,29,3415,35
2021-09-22,El Dorado,017,186661,14903,14605,1526,16131,127
2021-09-22,Fresno,019,978130,128437,126006,11497,137503,1908
2021-09-22,Glenn,021,27897,3228,3138,925,4063,25
2021-09-22,Humboldt,023,135768,8178,7998,407,8405,80
2021-09-22,Imperial,025,180216,31575,31243,2944,34187,755
2021-09-22,Inyo,027,18085,1706,1651,32,1683,39
2021-09-22,Kern,029,883053,118027,115757,18306,134063,1477
2021-09-22,Kings,031,150075,29282,28589,1640,30229,292
2021-09-22,Lake,033,64148,6192,6035,120,6155,93
2021-09-22,Lassen,035,31185,6374,6209,275,6484,25
2021-09-22,Los Angeles,037,10098052,1399089,1384719,51150,1435869,25930
2021-09-22,Madera,039,155013,20875,20382,1661,22043,262
2021-09-22,Marin,041,260295,16952,16782,390,17172,242
2021-09-22,Mariposa,043,17540,951,901,33,934,5
2021-09-22,Mendocino,045,87422,6852,6624,344,6968,70
2021-09-22,Merced,047,269075,38756,38305,1501,39806,541
2021-09-22,Modoc,049,8938,473,458,164,622,5
2021-09-22,Mono,051,14174,1530,1496,18,1514,3
2021-09-22,Monterey,053,433212,47504,46615,2554,49169,566
2021-09-22,Napa,055,140530,12354,12248,85,12333,95
2021-09-22,Nevada,057,99092,8406,8273,282,8555,84
2021-09-22,Orange,059,3164182,297600,294214,13913,308127,5366
2021-09-22,Placer,061,380077,34306,33661,3204,36865,367
2021-09-22,Plumas,063,18699,1284,1230,24,1254,6
2021-09-22,Riverside,065,2383286,348438,342946,15731,358677,4830
2021-09-22,Sacramento,067,1510023,148750,147533,3794,151327,2043
2021-09-22,San Benito,069,59416,6991,6961,142,7103,67
2021-09-22,San Bernardino,071,2135413,340939,337938,10536,348474,5528
2021-09-22,San Diego,073,3302833,355099,351132,20891,372023,4027
2021-09-22,San Francisco,075,870044,50438,49734,2119,51853,610
2021-09-22,San Joaquin,077,732212,94393,93010,4961,97971,1626
2021-09-22,San Luis Obispo,079,281455,27968,27398,1102,28500,315
2021-09-22,San Mateo,081,765935,52087,51197,771,51968,568
2021-09-22,Santa Barbara,083,443738,42213,41678,1455,43133,504
2021-09-22,Santa Clara,085,1922200,141274,139803,1090,140893,1844
2021-09-22,Santa Cruz,087,273765,19454,19177,959,20136,214
2021-09-22,Shasta,089,179085,18732,18153,3063,21216,260
2021-09-22,Sierra,091,2930,133,127,13,140,0
2021-09-22,Siskiyou,093,43540,3086,2947,1074,4021,41
2021-09-22,Solano,095,438530,44112,43269,1135,44404,312
2021-09-22,Sonoma,097,501317,39385,39063,481,39544,369
2021-09-22,Stanislaus,099,539301,72857,72355,8117,80472,1091
2021-09-22,Sutter,101,95872,13050,12960,256,13216,153
2021-09-22,Tehama,103,63373,7397,7173,1200,8373,86
2021-09-22,Trinity,105,12862,745,572,194,766,9
2021-09-22,Tulare,107,460477,62422,60776,12656,73432,896
2021-09-22,Tuolumne,109,53932,6280,6155,75,6230,89
2021-09-22,Ventura,111,848112,94857,93978,4090,98068,1122
2021-09-22,Yolo,113,214977,18643,18342,859,19201,239
2021-09-22,Yuba,115,75493,9290,9169,205,9374,61
2021-09-21,Alameda,001,1643700,114407,113765,2546,116311,1321
2021-09-21,Alpine,003,1148,99,100,0,100,0
2021-09-21,Amador,005,37829,5021,4897,50,4947,59
2021-09-21,Butte,007,227075,18811,18229,3378,21607,232
2021-09-21,Calaveras,009,45235,3519,3437,39,3476,70
2021-09-21,Colusa,011,21464,2402,2378,542,2920,16
2021-09-21,Contra Costa,013,1133247,95000,94101,1913,96014,924
2021-09-21,Del Norte,015,27424,3502,3378,29,3407,34
2021-09-21,El Dorado,017,186661,14873,14578,1519,16097,127
2021-09-21,Fresno,019,978130,128086,125789,11470,137259,1892
2021-09-21,Glenn,021,27897,3221,3134,921,4055,25
2021-09-21,Humboldt,023,135768,8146,7955,402,8357,80
2021-09-21,Imperial,025,180216,31519,31185,2942,34127,755
2021-09-21,Inyo,027,18085,1696,1646,32,1678,39
2021-09-21,Kern,029,883053,117734,115534,18193,133727,1467
2021-09-21,Kings,031,150075,29194,28545,1632,30177,291
2021-09-21,Lake,033,64148,6169,6013,120,6133,90
2021-09-21,Lassen,035,31185,6356,6159,271,6430,25
2021-09-21,Los Angeles,037,10098052,1397633,1383277,51096,1434373,25893
2021-09-21,Madera,039,155013,20815,20317,1651,21968,262
2021-09-21,Marin,041,260295,16937,16748,389,17137,242
2021-09-21,Mariposa,043,17540,946,894,32,926,5
2021-09-21,Mendocino,045,87422,6814,6580,333,6913,68
2021-09-21,Merced,047,269075,38633,38225,1497,39722,539
2021-09-21,Modoc,049,8938,470,458,164,622,5
2021-09-21,Mono,051,14174,1528,1495,17,1512,3
2021-09-21,Monterey,053,433212,47436,46583,2542,49125,565
2021-09-21,Napa,055,140530,12333,12238,85,12323,95
2021-09-21,Nevada,057,99092,8379,8259,274,8533,84
2021-09-21,Orange,059,3164182,297268,293898,13883,307781,5357
2021-09-21,Placer,061,380077,34205,33609,3193,36802,365
2021-09-21,Plumas,063,18699,1277,1225,24,1249,5
2021-09-21,Riverside,065,2383286,347879,342460,15707,358167,4817
2021-09-21,Sacramento,067,1510023,148369,147378,3766,151144,2027
2021-09-21,San Benito,069,59416,6980,6950,141,7091,67
2021-09-21,San Bernardino,071,2135413,340499,337387,10519,347906,5520
2021-09-21,San Diego,073,3302833,354493,350265,20865,371130,4021
2021-09-21,San Francisco,075,870044,50341,49653,2115,51768,609
2021-09-21,San Joaquin,077,732212,94159,92762,4950,97712,1621
2021-09-21,San Luis Obispo,079,281455,27909,27318,1098,28416,314
2021-09-21,San Mateo,081,765935,52018,51136,771,51907,568
2021-09-21,Santa Barbara,083,443738,42144,41644,1451,43095,503
2021-09-21,Santa Clara,085,1922200,141057,139657,1086,140743,1843
2021-09-21,Santa Cruz,087,273765,19424,19140,958,20098,212
2021-09-21,Shasta,089,179085,18604,18027,3039,21066,258
2021-09-21,Sierra,091,2930,133,127,13,140,0
2021-09-21,Siskiyou,093,43540,3072,2927,1060,3987,36
2021-09-21,Solano,095,438530,44036,43220,1135,44355,311
2021-09-21,Sonoma,097,501317,39332,39042,481,39523,369
2021-09-21,Stanislaus,099,539301,72673,72211,8097,80308,1091
2021-09-21,Sutter,101,95872,13027,12930,253,13183,153
2021-09-21,Tehama,103,63373,7351,7151,1196,8347,85
2021-09-21,Trinity,105,12862,734,572,192,764,9
2021-09-21,Tulare,107,460477,62207,60607,12595,73202,896
2021-09-21,Tuolumne,109,53932,6247,6139,75,6214,89
2021-09-21,Ventura,111,848112,94752,93818,4082,97900,1120
2021-09-21,Yolo,113,214977,18607,18313,856,19169,239
2021-09-21,Yuba,115,75493,9262,9135,205,9340,61
2021-09-20,Alameda,001,1643700,114226,113637,2542,116179,1320
2021-09-20,Alpine,003,1148,99,100,0,100,0
2021-09-20,Amador,005,37829,5003,4883,49,4932,59
2021-09-20,Butte,007,227075,18729,18135,3363,21498,231
2021-09-20,Calaveras,009,45235,3497,3395,38,3433,66
2021-09-20,Colusa,011,21464,2400,2376,539,2915,16
2021-09-20,Contra Costa,013,1133247,94850,93919,1907,95826,924
2021-09-20,Del Norte,015,27424,3494,3374,28,3402,34
2021-09-20,El Dorado,017,186661,14840,14545,1507,16052,127
2021-09-20,Fresno,019,978130,127671,125287,11444,136731,1889
2021-09-20,Glenn,021,27897,3210,3112,918,4030,25
2021-09-20,Humboldt,023,135768,8111,7938,397,8335,80
2021-09-20,Imperial,025,180216,31436,31146,2941,34087,755
2021-09-20,Inyo,027,18085,1688,1641,31,1672,39
2021-09-20,Kern,029,883053,117395,115271,18062,133333,1459
2021-09-20,Kings,031,150075,29107,28471,1626,30097,285
2021-09-20,Lake,033,64148,6154,5984,119,6103,87
2021-09-20,Lassen,035,31185,6326,6132,271,6403,25
2021-09-20,Los Angeles,037,10098052,1396110,1382206,51016,1433222,25858
2021-09-20,Madera,039,155013,20762,20203,1644,21847,257
2021-09-20,Marin,041,260295,16912,16732,387,17119,242
2021-09-20,Mariposa,043,17540,935,887,32,919,5
2021-09-20,Mendocino,045,87422,6780,6568,328,6896,67
2021-09-20,Merced,047,269075,38522,38144,1486,39630,536
2021-09-20,Modoc,049,8938,469,457,162,619,5
2021-09-20,Mono,051,14174,1522,1480,17,1497,3
2021-09-20,Monterey,053,433212,47394,46506,2524,49030,565
2021-09-20,Napa,055,140530,12308,12209,84,12293,95
2021-09-20,Nevada,057,99092,8359,8228,272,8500,84
2021-09-20,Orange,059,3164182,296925,293642,13856,307498,5354
2021-09-20,Placer,061,380077,34115,33531,3178,36709,364
2021-09-20,Plumas,063,18699,1272,1211,24,1235,5
2021-09-20,Riverside,065,2383286,347379,341961,15694,357655,4802
2021-09-20,Sacramento,067,1510023,147996,147016,3733,150749,2016
2021-09-20,San Benito,069,59416,6971,6947,140,7087,67
2021-09-20,San Bernardino,071,2135413,340096,337059,10503,347562,5507
2021-09-20,San Diego,073,3302833,353821,349579,20828,370407,4009
2021-09-20,San Francisco,075,870044,50235,49559,2114,51673,605
2021-09-20,San Joaquin,077,732212,93916,92614,4937,97551,1615
2021-09-20,San Luis Obispo,079,281455,27833,27259,1090,28349,313
2021-09-20,San Mateo,081,765935,51931,51100,768,51868,567
2021-09-20,Santa Barbara,083,443738,42045,41589,1447,43036,500
2021-09-20,Santa Clara,085,1922200,140857,139578,1084,140662,1841
2021-09-20,Santa Cruz,087,273765,19392,19121,958,20079,211
2021-09-20,Shasta,089,179085,18505,17893,3009,20902,258
2021-09-20,Sierra,091,2930,131,126,13,139,0
2021-09-20,Siskiyou,093,43540,3050,2902,1047,3949,35
2021-09-20,Solano,095,438530,43968,43152,1127,44279,312
2021-09-20,Sonoma,097,501317,39286,38991,481,39472,369
2021-09-20,Stanislaus,099,539301,72474,72031,8078,80109,1091
2021-09-20,Sutter,101,95872,12991,12896,248,13144,153
2021-09-20,Tehama,103,63373,7319,7121,1184,8305,84
2021-09-20,Trinity,105,12862,728,568,191,759,7
2021-09-20,Tulare,107,460477,62005,60302,12542,72844,896
2021-09-20,Tuolumne,109,53932,6221,6113,75,6188,89
2021-09-20,Ventura,111,848112,94639,93700,4076,97776,1120
2021-09-20,Yolo,113,214977,18561,18287,854,19141,239
2021-09-20,Yuba,115,75493,9227,9107,203,9310,61
2021-09-19,Alameda,001,1643700,114013,113446,2537,115983,1320
2021-09-19,Alpine,003,1148,99,100,0,100,0
2021-09-19,Amador,005,37829,4963,4875,48,4923,59
2021-09-19,Butte,007,227075,18635,18063,3334,21397,230
2021-09-19,Calaveras,009,45235,3473,3390,35,3425,66
2021-09-19,Colusa,011,21464,2398,2375,537,2912,16
2021-09-19,Contra Costa,013,1133247,94665,93788,1897,95685,924
2021-09-19,Del Norte,015,27424,3468,3344,27,3371,34
2021-09-19,El Dorado,017,186661,14787,14512,1501,16013,127
2021-09-19,Fresno,019,978130,127266,124985,11399,136384,1888
2021-09-19,Glenn,021,27897,3201,3102,915,4017,25
2021-09-19,Humboldt,023,135768,8065,7914,395,8309,80
2021-09-19,Imperial,025,180216,31367,31122,2938,34060,755
2021-09-19,Inyo,027,18085,1679,1639,31,1670,39
2021-09-19,Kern,029,883053,117083,115074,17956,133030,1459
2021-09-19,Kings,031,150075,28980,28416,1617,30033,284
2021-09-19,Lake,033,64148,6123,5962,119,6081,87
2021-09-19,Lassen,035,31185,6306,6129,265,6394,25
2021-09-19,Los Angeles,037,10098052,1394130,1381200,50922,1432122,25852
2021-09-19,Madera,039,155013,20684,20161,1634,21795,257
2021-09-19,Marin,041,260295,16883,16711,385,17096,242
2021-09-19,Mariposa,043,17540,927,881,32,913,5
2021-09-19,Mendocino,045,87422,6735,6538,322,6860,67
2021-09-19,Merced,047,269075,38365,38068,1477,39545,535
2021-09-19,Modoc,049,8938,466,457,160,617,5
2021-09-19,Mono,051,14174,1517,1480,17,1497,3
2021-09-19,Monterey,053,433212,47339,46486,2521,49007,565
2021-09-19,Napa,055,140530,12287,12190,82,12272,95
2021-09-19,Nevada,057,99092,8331,8203,270,8473,84
2021-09-19,Orange,059,3164182,296556,293258,13834,307092,5354
2021-09-19,Placer,061,380077,34002,33406,3160,36566,364
2021-09-19,Plumas,063,18699,1264,1211,24,1235,5
2021-09-19,Riverside,065,2383286,346786,341566,15685,357251,4804
2021-09-19,Sacramento,067,1510023,147635,146603,3689,150292,2012
2021-09-19,San Benito,069,59416,6952,6942,140,7082,67
2021-09-19,San Bernardino,071,2135413,339600,336688,10491,347179,5506
2021-09-19,San Diego,073,3302833,353117,349225,20791,370016,4006
2021-09-19,San Francisco,075,870044,50128,49458,2105,51563,605
2021-09-19,San Joaquin,077,732212,93620,92467,4926,97393,1615
2021-09-19,San Luis Obispo,079,281455,27732,27208,1081,28289,313
2021-09-19,San Mateo,081,765935,51833,51028,767,51795,567
2021-09-19,Santa Barbara,083,443738,41939,41512,1447,42959,500
2021-09-19,Santa Clara,085,1922200,140670,139410,1079,140489,1841
2021-09-19,Santa Cruz,087,273765,19353,19096,958,20054,211
2021-09-19,Shasta,089,179085,18391,17813,2974,20787,258
2021-09-19,Sierra,091,2930,130,126,13,139,0
2021-09-19,Siskiyou,093,43540,3024,2882,1038,3920,35
2021-09-19,Solano,095,438530,43879,43056,1122,44178,312
2021-09-19,Sonoma,097,501317,39214,38956,477,39433,369
2021-09-19,Stanislaus,099,539301,72229,71830,8053,79883,1091
2021-09-19,Sutter,101,95872,12964,12868,241,13109,153
2021-09-19,Tehama,103,63373,7265,7081,1175,8256,84
2021-09-19,Trinity,105,12862,717,562,189,751,7
2021-09-19,Tulare,107,460477,61744,60160,12449,72609,896
2021-09-19,Tuolumne,109,53932,6180,6097,75,6172,89
2021-09-19,Ventura,111,848112,94477,93491,4067,97558,1120
2021-09-19,Yolo,113,214977,18512,18238,848,19086,239
2021-09-19,Yuba,115,75493,9201,9087,202,9289,61
2021-09-18,Alameda,001,1643700,113913,113300,2536,115836,1320
2021-09-18,Alpine,003,1148,99,100,0,100,0
2021-09-18,Amador,005,37829,4953,4850,48,4898,59
2021-09-18,Butte,007,227075,18596,17961,3318,21279,230
2021-09-18,Calaveras,009,45235,3468,3361,34,3395,66
2021-09-18,Colusa,011,21464,2398,2373,536,2909,16
2021-09-18,Contra Costa,013,1133247,94575,93656,1893,95549,924
2021-09-18,Del Norte,015,27424,3460,3326,25,3351,34
2021-09-18,El Dorado,017,186661,14764,14472,1498,15970,127
2021-09-18,Fresno,019,978130,127124,124771,11381,136152,1889
2021-09-18,Glenn,021,27897,3192,3086,912,3998,25
2021-09-18,Humboldt,023,135768,8051,7881,394,8275,80
2021-09-18,Imperial,025,180216,31343,31096,2937,34033,755
2021-09-18,Inyo,027,18085,1673,1636,31,1667,39
2021-09-18,Kern,029,883053,116928,114781,17892,132673,1459
2021-09-18,Kings,031,150075,28932,28330,1612,29942,285
2021-09-18,Lake,033,64148,6106,5936,119,6055,87
2021-09-18,Lassen,035,31185,6296,6121,263,6384,25
2021-09-18,Los Angeles,037,10098052,1393367,1379880,50872,1430752,25849
2021-09-18,Madera,039,155013,20640,20126,1624,21750,257
2021-09-18,Marin,041,260295,16866,16685,384,17069,242
2021-09-18,Mariposa,043,17540,924,871,32,903,5
2021-09-18,Mendocino,045,87422,6714,6523,322,6845,67
2021-09-18,Merced,047,269075,38329,37977,1471,39448,535
2021-09-18,Modoc,049,8938,466,457,159,616,5
2021-09-18,Mono,051,14174,1514,1480,17,1497,3
2021-09-18,Monterey,053,433212,47301,46466,2518,48984,565
2021-09-18,Napa,055,140530,12275,12168,82,12250,95
2021-09-18,Nevada,057,99092,8314,8183,270,8453,84
2021-09-18,Orange,059,3164182,296362,293005,13820,306825,5354
2021-09-18,Placer,061,380077,33930,33309,3157,36466,364
2021-09-18,Plumas,063,18699,1263,1204,24,1228,5
2021-09-18,Riverside,065,2383286,346401,341136,15671,356807,4802
2021-09-18,Sacramento,067,1510023,147453,146162,3680,149842,2016
2021-09-18,San Benito,069,59416,6948,6937,140,7077,67
2021-09-18,San Bernardino,071,2135413,339326,336380,10478,346858,5501
2021-09-18,San Diego,073,3302833,352726,348848,20778,369626,4006
2021-09-18,San Francisco,075,870044,50065,49359,2100,51459,605
2021-09-18,San Joaquin,077,732212,93509,92242,4914,97156,1615
2021-09-18,San Luis Obispo,079,281455,27695,27181,1078,28259,313
2021-09-18,San Mateo,081,765935,51783,50961,765,51726,567
2021-09-18,Santa Barbara,083,443738,41874,41465,1447,42912,500
2021-09-18,Santa Clara,085,1922200,140550,139233,1076,140309,1841
2021-09-18,Santa Cruz,087,273765,19333,19079,958,20037,211
2021-09-18,Shasta,089,179085,18328,17777,2958,20735,258
2021-09-18,Sierra,091,2930,129,125,13,138,0
2021-09-18,Siskiyou,093,43540,3021,2875,1032,3907,35
2021-09-18,Solano,095,438530,43839,42966,1119,44085,312
2021-09-18,Sonoma,097,501317,39179,38891,475,39366,369
2021-09-18,Stanislaus,099,539301,72084,71587,8031,79618,1091
2021-09-18,Sutter,101,95872,12950,12829,241,13070,153
2021-09-18,Tehama,103,63373,7251,7055,1168,8223,84
2021-09-18,Trinity,105,12862,715,561,189,750,7
2021-09-18,Tulare,107,460477,61668,60003,12399,72402,896
2021-09-18,Tuolumne,109,53932,6165,6069,75,6144,89
2021-09-18,Ventura,111,848112,94409,93424,4062,97486,1120
2021-09-18,Yolo,113,214977,18485,18213,843,19056,239
2021-09-18,Yuba,115,75493,9187,9061,201,9262,61
2021-09-17,Alameda,001,1643700,113788,113070,2534,115604,1320
2021-09-17,Alpine,003,1148,99,99,0,99,0
2021-09-17,Amador,005,37829,4937,4835,47,4882,58
2021-09-17,Butte,007,227075,18544,17870,3308,21178,230
2021-09-17,Calaveras,009,45235,3456,3338,33,3371,66
2021-09-17,Colusa,011,21464,2397,2369,531,2900,16
2021-09-17,Contra Costa,013,1133247,94473,93485,1890,95375,924
2021-09-17,Del Norte,015,27424,3455,3311,23,3334,34
2021-09-17,El Dorado,017,186661,14745,14421,1496,15917,127
2021-09-17,Fresno,019,978130,126905,124296,11364,135660,1882
2021-09-17,Glenn,021,27897,3175,3072,908,3980,25
2021-09-17,Humboldt,023,135768,8030,7850,394,8244,80
2021-09-17,Imperial,025,180216,31317,31031,2936,33967,755
2021-09-17,Inyo,027,18085,1665,1634,31,1665,39
2021-09-17,Kern,029,883053,116737,114303,17795,132098,1456
2021-09-17,Kings,031,150075,28867,28240,1610,29850,281
2021-09-17,Lake,033,64148,6093,5915,119,6034,87
2021-09-17,Lassen,035,31185,6281,6080,261,6341,25
2021-09-17,Los Angeles,037,10098052,1392388,1377905,50806,1428711,25820
2021-09-17,Madera,039,155013,20589,20040,1612,21652,257
2021-09-17,Marin,041,260295,16853,16658,382,17040,242
2021-09-17,Mariposa,043,17540,922,869,32,901,5
2021-09-17,Mendocino,045,87422,6695,6498,322,6820,67
2021-09-17,Merced,047,269075,38283,37803,1469,39272,533
2021-09-17,Modoc,049,8938,466,456,159,615,5
2021-09-17,Mono,051,14174,1510,1457,17,1474,3
2021-09-17,Monterey,053,433212,47278,46421,2517,48938,564
2021-09-17,Napa,055,140530,12254,12153,82,12235,95
2021-09-17,Nevada,057,99092,8299,8157,270,8427,84
2021-09-17,Orange,059,3164182,296143,292685,13802,306487,5346
2021-09-17,Placer,061,380077,33870,33188,3147,36335,362
2021-09-17,Plumas,063,18699,1254,1192,23,1215,5
2021-09-17,Riverside,065,2383286,346001,340445,15660,356105,4792
2021-09-17,Sacramento,067,1510023,147253,145985,3669,149654,1999
2021-09-17,San Benito,069,59416,6945,6929,140,7069,67
2021-09-17,San Bernardino,071,2135413,338966,335810,10471,346281,5488
2021-09-17,San Diego,073,3302833,352302,348098,20761,368859,4002
2021-09-17,San Francisco,075,870044,50013,49249,2095,51344,605
2021-09-17,San Joaquin,077,732212,93371,91977,4903,96880,1610
2021-09-17,San Luis Obispo,079,281455,27661,27102,1067,28169,311
2021-09-17,San Mateo,081,765935,51730,50854,764,51618,564
2021-09-17,Santa Barbara,083,443738,41811,41354,1446,42800,498
2021-09-17,Santa Clara,085,1922200,140401,138939,1075,140014,1838
2021-09-17,Santa Cruz,087,273765,19309,19039,958,19997,211
2021-09-17,Shasta,089,179085,18258,17617,2945,20562,254
2021-09-17,Sierra,091,2930,129,124,13,137,0
2021-09-17,Siskiyou,093,43540,3006,2852,1032,3884,35
2021-09-17,Solano,095,438530,43776,42898,1115,44013,312
2021-09-17,Sonoma,097,501317,39142,38808,474,39282,369
2021-09-17,Stanislaus,099,539301,71977,71408,8013,79421,1091
2021-09-17,Sutter,101,95872,12934,12799,238,13037,153
2021-09-17,Tehama,103,63373,7228,7020,1156,8176,84
2021-09-17,Trinity,105,12862,710,556,188,744,7
2021-09-17,Tulare,107,460477,61553,59689,12364,72053,895
2021-09-17,Tuolumne,109,53932,6146,6047,75,6122,89
2021-09-17,Ventura,111,848112,94297,93273,4060,97333,1116
2021-09-17,Yolo,113,214977,18454,18177,839,19016,239
2021-09-17,Yuba,115,75493,9160,9019,200,9219,61
2021-09-16,Alameda,001,1643700,113613,112770,2531,115301,1318
2021-09-16,Alpine,003,1148,99,99,0,99,0
2021-09-16,Amador,005,37829,4917,4819,47,4866,58
2021-09-16,Butte,007,227075,18469,17750,3292,21042,230
2021-09-16,Calaveras,009,45235,3425,3313,33,3346,66
2021-09-16,Colusa,011,21464,2395,2363,529,2892,16
2021-09-16,Contra Costa,013,1133247,94302,93213,1882,95095,917
2021-09-16,Del Norte,015,27424,3437,3285,23,3308,34
2021-09-16,El Dorado,017,186661,14704,14372,1488,15860,127
2021-09-16,Fresno,019,978130,126549,123853,11323,135176,1868
2021-09-16,Glenn,021,27897,3165,3068,906,3974,24
2021-09-16,Humboldt,023,135768,7997,7809,386,8195,80
2021-09-16,Imperial,025,180216,31274,30966,2928,33894,753
2021-09-16,Inyo,027,18085,1663,1623,31,1654,39
2021-09-16,Kern,029,883053,116465,113828,17728,131556,1448
2021-09-16,Kings,031,150075,28781,28114,1602,29716,280
2021-09-16,Lake,033,64148,6069,5890,116,6006,87
2021-09-16,Lassen,035,31185,6246,6028,256,6284,25
2021-09-16,Los Angeles,037,10098052,1390996,1376277,50741,1427018,25796
2021-09-16,Madera,039,155013,20512,19974,1607,21581,257
2021-09-16,Marin,041,260295,16826,16625,381,17006,242
2021-09-16,Mariposa,043,17540,916,849,32,881,6
2021-09-16,Mendocino,045,87422,6657,6445,311,6756,67
2021-09-16,Merced,047,269075,38176,37675,1467,39142,532
2021-09-16,Modoc,049,8938,464,455,159,614,5
2021-09-16,Mono,051,14174,1504,1449,17,1466,3
2021-09-16,Monterey,053,433212,47224,46342,2511,48853,562
2021-09-16,Napa,055,140530,12229,12115,78,12193,95
2021-09-16,Nevada,057,99092,8272,8121,269,8390,84
2021-09-16,Orange,059,3164182,295797,292183,13782,305965,5340
2021-09-16,Placer,061,380077,33774,33037,3127,36164,354
2021-09-16,Plumas,063,18699,1245,1178,23,1201,5
2021-09-16,Riverside,065,2383286,345471,339770,15646,355416,4786
2021-09-16,Sacramento,067,1510023,146897,145754,3637,149391,1996
2021-09-16,San Benito,069,59416,6933,6913,139,7052,67
2021-09-16,San Bernardino,071,2135413,338543,335129,10464,345593,5474
2021-09-16,San Diego,073,3302833,351688,347472,20722,368194,3994
2021-09-16,San Francisco,075,870044,49927,49133,2087,51220,605
2021-09-16,San Joaquin,077,732212,93133,91650,4860,96510,1608
2021-09-16,San Luis Obispo,079,281455,27588,27044,1063,28107,310
2021-09-16,San Mateo,081,765935,51653,50773,762,51535,564
2021-09-16,Santa Barbara,083,443738,41745,41272,1443,42715,497
2021-09-16,Santa Clara,085,1922200,140247,138685,1071,139756,1835
2021-09-16,Santa Cruz,087,273765,19282,19011,958,19969,211
2021-09-16,Shasta,089,179085,18133,17438,2912,20350,251
2021-09-16,Sierra,091,2930,129,123,13,136,0
2021-09-16,Siskiyou,093,43540,2986,2819,1025,3844,35
2021-09-16,Solano,095,438530,43704,42792,1106,43898,312
2021-09-16,Sonoma,097,501317,39079,38707,473,39180,369
2021-09-16,Stanislaus,099,539301,71744,71105,7997,79102,1091
2021-09-16,Sutter,101,95872,12890,12729,233,12962,152
2021-09-16,Tehama,103,63373,7188,6953,1145,8098,83
2021-09-16,Trinity,105,12862,707,547,187,734,7
2021-09-16,Tulare,107,460477,61331,59459,12292,71751,894
2021-09-16,Tuolumne,109,53932,6125,5999,73,6072,89
2021-09-16,Ventura,111,848112,94157,93087,4056,97143,1110
2021-09-16,Yolo,113,214977,18422,18135,837,18972,239
2021-09-16,Yuba,115,75493,9126,8981,197,9178,61
2021-09-15,Alameda,001,1643700,113449,112498,2524,115022,1317
2021-09-15,Alpine,003,1148,99,99,0,99,0
2021-09-15,Amador,005,37829,4909,4792,47,4839,58
2021-09-15,Butte,007,227075,18371,17664,3272,20936,228
2021-09-15,Calaveras,009,45235,3396,3293,31,3324,66
2021-09-15,Colusa,011,21464,2393,2352,526,2878,16
2021-09-15,Contra Costa,013,1133247,94120,92989,1871,94860,913
2021-09-15,Del Norte,015,27424,3424,3271,21,3292,34
2021-09-15,El Dorado,017,186661,14678,14309,1478,15787,127
2021-09-15,Fresno,019,978130,126170,123370,11267,134637,1867
2021-09-15,Glenn,021,27897,3153,3051,901,3952,20
2021-09-15,Humboldt,023,135768,7961,7754,381,8135,52
2021-09-15,Imperial,025,180216,31219,30891,2923,33814,753
2021-09-15,Inyo,027,18085,1659,1614,31,1645,39
2021-09-15,Kern,029,883053,116119,113546,17630,131176,1434
2021-09-15,Kings,031,150075,28702,27991,1594,29585,279
2021-09-15,Lake,033,64148,6036,5852,115,5967,85
2021-09-15,Lassen,035,31185,6186,6018,251,6269,25
2021-09-15,Los Angeles,037,10098052,1389493,1374307,50672,1424979,25767
2021-09-15,Madera,039,155013,20437,19880,1600,21480,257
2021-09-15,Marin,041,260295,16791,16592,376,16968,242
2021-09-15,Mariposa,043,17540,904,843,32,875,5
2021-09-15,Mendocino,045,87422,6627,6399,306,6705,66
2021-09-15,Merced,047,269075,38068,37508,1465,38973,529
2021-09-15,Modoc,049,8938,464,454,159,613,5
2021-09-15,Mono,051,14174,1498,1445,17,1462,3
2021-09-15,Monterey,053,433212,47154,46317,2500,48817,562
2021-09-15,Napa,055,140530,12208,12082,78,12160,95
2021-09-15,Nevada,057,99092,8250,8081,266,8347,84
2021-09-15,Orange,059,3164182,295473,291834,13763,305597,5328
2021-09-15,Placer,061,380077,33662,32860,3106,35966,352
2021-09-15,Plumas,063,18699,1240,1164,22,1186,5
2021-09-15,Riverside,065,2383286,344888,339077,15622,354699,4769
2021-09-15,Sacramento,067,1510023,146472,145202,3606,148808,1981
2021-09-15,San Benito,069,59416,6930,6902,139,7041,67
2021-09-15,San Bernardino,071,2135413,338081,334556,10450,345006,5470
2021-09-15,San Diego,073,3302833,351069,346933,20694,367627,3983
2021-09-15,San Francisco,075,870044,49816,48999,2082,51081,605
2021-09-15,San Joaquin,077,732212,92857,91322,4820,96142,1607
2021-09-15,San Luis Obispo,079,281455,27505,26943,1057,28000,306
2021-09-15,San Mateo,081,765935,51571,50691,759,51450,564
2021-09-15,Santa Barbara,083,443738,41642,41077,1439,42516,497
2021-09-15,Santa Clara,085,1922200,140073,138410,1066,139476,1833
2021-09-15,Santa Cruz,087,273765,19244,18984,956,19940,210
2021-09-15,Shasta,089,179085,18022,17317,2891,20208,250
2021-09-15,Sierra,091,2930,129,123,13,136,0
2021-09-15,Siskiyou,093,43540,2966,2804,995,3799,35
2021-09-15,Solano,095,438530,43632,42682,1101,43783,312
2021-09-15,Sonoma,097,501317,39022,38629,473,39102,369
2021-09-15,Stanislaus,099,539301,71520,70852,7975,78827,1091
2021-09-15,Sutter,101,95872,12857,12699,228,12927,151
2021-09-15,Tehama,103,63373,7147,6894,1136,8030,79
2021-09-15,Trinity,105,12862,705,541,185,726,7
2021-09-15,Tulare,107,460477,61072,59149,12231,71380,890
2021-09-15,Tuolumne,109,53932,6099,5969,73,6042,89
2021-09-15,Ventura,111,848112,94014,92960,4049,97009,1109
2021-09-15,Yolo,113,214977,18388,18064,831,18895,239
2021-09-15,Yuba,115,75493,9092,8953,197,9150,61
2021-09-14,Alameda,001,1643700,113242,112329,2521,114850,1316
2021-09-14,Alpine,003,1148,99,98,0,98,0
2021-09-14,Amador,005,37829,4889,4790,47,4837,57
2021-09-14,Butte,007,227075,18237,17516,3248,20764,226
2021-09-14,Calaveras,009,45235,3376,3280,28,3308,66
2021-09-14,Colusa,011,21464,2389,2344,523,2867,16
2021-09-14,Contra Costa,013,1133247,93922,92822,1863,94685,908
2021-09-14,Del Norte,015,27424,3408,3252,21,3273,32
2021-09-14,El Dorado,017,186661,14625,14247,1470,15717,123
2021-09-14,Fresno,019,978130,125695,123151,11215,134366,1856
2021-09-14,Glenn,021,27897,3136,3045,897,3942,20
2021-09-14,Humboldt,023,135768,7927,7717,376,8093,52
2021-09-14,Imperial,025,180216,31170,30845,2920,33765,752
2021-09-14,Inyo,027,18085,1650,1605,30,1635,39
2021-09-14,Kern,029,883053,115736,113250,17507,130757,1428
2021-09-14,Kings,031,150075,28626,27955,1586,29541,278
2021-09-14,Lake,033,64148,6004,5845,115,5960,83
2021-09-14,Lassen,035,31185,6172,5977,246,6223,25
2021-09-14,Los Angeles,037,10098052,1387656,1372831,50591,1423422,25729
2021-09-14,Madera,039,155013,20355,19800,1589,21389,254
2021-09-14,Marin,041,260295,16763,16584,374,16958,242
2021-09-14,Mariposa,043,17540,893,834,31,865,5
2021-09-14,Mendocino,045,87422,6591,6372,295,6667,65
2021-09-14,Merced,047,269075,37918,37430,1461,38891,526
2021-09-14,Modoc,049,8938,463,453,159,612,5
2021-09-14,Mono,051,14174,1494,1440,17,1457,4
2021-09-14,Monterey,053,433212,47113,46224,2489,48713,558
2021-09-14,Napa,055,140530,12175,12070,77,12147,91
2021-09-14,Nevada,057,99092,8216,8056,266,8322,83
2021-09-14,Orange,059,3164182,295080,291423,13739,305162,5319
2021-09-14,Placer,061,380077,33530,32735,3086,35821,350
2021-09-14,Plumas,063,18699,1225,1148,22,1170,5
2021-09-14,Riverside,065,2383286,344247,338534,15591,354125,4748
2021-09-14,Sacramento,067,1510023,146087,145051,3557,148608,1977
2021-09-14,San Benito,069,59416,6920,6887,139,7026,64
2021-09-14,San Bernardino,071,2135413,337584,333968,10425,344393,5465
2021-09-14,San Diego,073,3302833,350409,346204,20643,366847,3966
2021-09-14,San Francisco,075,870044,49682,48998,2080,51078,603
2021-09-14,San Joaquin,077,732212,92618,91128,4811,95939,1596
2021-09-14,San Luis Obispo,079,281455,27432,26845,1052,27897,304
2021-09-14,San Mateo,081,765935,51474,50602,756,51358,564
2021-09-14,Santa Barbara,083,443738,41546,40783,1430,42213,495
2021-09-14,Santa Clara,085,1922200,139838,138321,1063,139384,1828
2021-09-14,Santa Cruz,087,273765,19204,18965,954,19919,210
2021-09-14,Shasta,089,179085,17891,17152,2870,20022,246
2021-09-14,Sierra,091,2930,129,123,13,136,0
2021-09-14,Siskiyou,093,43540,2942,2756,978,3734,35
2021-09-14,Solano,095,438530,43549,42599,1098,43697,307
2021-09-14,Sonoma,097,501317,38953,38595,469,39064,369
2021-09-14,Stanislaus,099,539301,71259,70697,7947,78644,1091
2021-09-14,Sutter,101,95872,12815,12670,221,12891,149
2021-09-14,Tehama,103,63373,7093,6859,1128,7987,80
2021-09-14,Trinity,105,12862,699,538,184,722,7
2021-09-14,Tulare,107,460477,60819,58961,12160,71121,888
2021-09-14,Tuolumne,109,53932,6078,5951,71,6022,89
2021-09-14,Ventura,111,848112,93829,92841,4032,96873,1107
2021-09-14,Yolo,113,214977,18344,18039,826,18865,239
2021-09-14,Yuba,115,75493,9056,8928,197,9125,61
2021-09-13,Alameda,001,1643700,113028,112159,2516,114675,1309
2021-09-13,Alpine,003,1148,98,98,0,98,0
2021-09-13,Amador,005,37829,4871,4761,47,4808,56
2021-09-13,Butte,007,227075,18112,17393,3220,20613,225
2021-09-13,Calaveras,009,45235,3350,3253,27,3280,65
2021-09-13,Colusa,011,21464,2380,2346,519,2865,16
2021-09-13,Contra Costa,013,1133247,93677,92658,1858,94516,908
2021-09-13,Del Norte,015,27424,3372,3232,21,3253,28
2021-09-13,El Dorado,017,186661,14564,14194,1462,15656,119
2021-09-13,Fresno,019,978130,125228,122650,11149,133799,1853
2021-09-13,Glenn,021,27897,3122,3026,891,3917,20
2021-09-13,Humboldt,023,135768,7894,7659,373,8032,52
2021-09-13,Imperial,025,180216,31117,30802,2917,33719,751
2021-09-13,Inyo,027,18085,1643,1602,30,1632,39
2021-09-13,Kern,029,883053,115352,112930,17385,130315,1424
2021-09-13,Kings,031,150075,28516,27858,1574,29432,275
2021-09-13,Lake,033,64148,5982,5809,115,5924,82
2021-09-13,Lassen,035,31185,6137,5953,245,6198,25
2021-09-13,Los Angeles,037,10098052,1385792,1371423,50524,1421947,25703
2021-09-13,Madera,039,155013,20286,19735,1574,21309,252
2021-09-13,Marin,041,260295,16727,16557,373,16930,242
2021-09-13,Mariposa,043,17540,879,825,31,856,5
2021-09-13,Mendocino,045,87422,6556,6323,286,6609,61
2021-09-13,Merced,047,269075,37768,37291,1456,38747,521
2021-09-13,Modoc,049,8938,462,451,159,610,5
2021-09-13,Mono,051,14174,1488,1435,17,1452,3
2021-09-13,Monterey,053,433212,47022,46188,2476,48664,558
2021-09-13,Napa,055,140530,12157,12039,77,12116,91
2021-09-13,Nevada,057,99092,8190,8021,264,8285,83
2021-09-13,Orange,059,3164182,294647,291128,13718,304846,5312
2021-09-13,Placer,061,380077,33365,32617,3069,35686,343
2021-09-13,Plumas,063,18699,1216,1142,22,1164,5
2021-09-13,Riverside,065,2383286,343602,337876,15573,353449,4731
2021-09-13,Sacramento,067,1510023,145600,144537,3524,148061,1956
2021-09-13,San Benito,069,59416,6905,6867,138,7005,64
2021-09-13,San Bernardino,071,2135413,337093,333613,10400,344013,5441
2021-09-13,San Diego,073,3302833,349622,345647,20591,366238,3961
2021-09-13,San Francisco,075,870044,49553,48914,2074,50988,603
2021-09-13,San Joaquin,077,732212,92333,90966,4793,95759,1581
2021-09-13,San Luis Obispo,079,281455,27335,26805,1049,27854,300
2021-09-13,San Mateo,081,765935,51382,50525,751,51276,564
2021-09-13,Santa Barbara,083,443738,41427,40661,1423,42084,494
2021-09-13,Santa Clara,085,1922200,139593,138152,1058,139210,1820
2021-09-13,Santa Cruz,087,273765,19164,18917,953,19870,210
2021-09-13,Shasta,089,179085,17761,17033,2830,19863,243
2021-09-13,Sierra,091,2930,129,123,13,136,0
2021-09-13,Siskiyou,093,43540,2927,2745,966,3711,35
2021-09-13,Solano,095,438530,43445,42501,1095,43596,306
2021-09-13,Sonoma,097,501317,38886,38513,466,38979,368
2021-09-13,Stanislaus,099,539301,71005,70477,7911,78388,1091
2021-09-13,Sutter,101,95872,12757,12624,217,12841,145
2021-09-13,Tehama,103,63373,7030,6803,1116,7919,79
2021-09-13,Trinity,105,12862,697,533,182,715,7
2021-09-13,Tulare,107,460477,60536,58768,12100,70868,887
2021-09-13,Tuolumne,109,53932,6047,5909,71,5980,89
2021-09-13,Ventura,111,848112,93668,92679,4025,96704,1107
2021-09-13,Yolo,113,214977,18299,17974,820,18794,239
2021-09-13,Yuba,115,75493,9011,8884,196,9080,61
2021-09-12,Alameda,001,1643700,112767,111961,2513,114474,1309
2021-09-12,Alpine,003,1148,98,98,0,98,0
2021-09-12,Amador,005,37829,4850,4752,47,4799,56
2021-09-12,Butte,007,227075,17967,17257,3172,20429,221
2021-09-12,Calaveras,009,45235,3319,3236,23,3259,65
2021-09-12,Colusa,011,21464,2377,2344,518,2862,16
2021-09-12,Contra Costa,013,1133247,93409,92498,1846,94344,908
2021-09-12,Del Norte,015,27424,3337,3200,21,3221,28
2021-09-12,El Dorado,017,186661,14491,14167,1446,15613,119
2021-09-12,Fresno,019,978130,124711,122407,11092,133499,1853
2021-09-12,Glenn,021,27897,3105,3016,885,3901,20
2021-09-12,Humboldt,023,135768,7824,7636,362,7998,52
2021-09-12,Imperial,025,180216,31054,30790,2912,33702,751
2021-09-12,Inyo,027,18085,1633,1596,30,1626,39
2021-09-12,Kern,029,883053,114940,112602,17226,129828,1424
2021-09-12,Kings,031,150075,28405,27764,1557,29321,274
2021-09-12,Lake,033,64148,5942,5781,113,5894,82
2021-09-12,Lassen,035,31185,6100,5943,236,6179,25
2021-09-12,Los Angeles,037,10098052,1383733,1365968,50452,1416420,25630
2021-09-12,Madera,039,155013,20199,19691,1562,21253,252
2021-09-12,Marin,041,260295,16704,16526,373,16899,242
2021-09-12,Mariposa,043,17540,868,811,29,840,5
2021-09-12,Mendocino,045,87422,6516,6283,277,6560,61
2021-09-12,Merced,047,269075,37596,37172,1445,38617,521
2021-09-12,Modoc,049,8938,462,451,158,609,5
2021-09-12,Mono,051,14174,1481,1431,17,1448,3
2021-09-12,Monterey,053,433212,46923,46167,2466,48633,558
2021-09-12,Napa,055,140530,12127,12011,77,12088,91
2021-09-12,Nevada,057,99092,8150,7987,263,8250,83
2021-09-12,Orange,059,3164182,294184,290718,13697,304415,5312
2021-09-12,Placer,061,380077,33216,32520,3047,35567,343
2021-09-12,Plumas,063,18699,1197,1138,22,1160,5
2021-09-12,Riverside,065,2383286,342918,337332,15539,352871,4731
2021-09-12,Sacramento,067,1510023,145093,144030,3485,147515,1959
2021-09-12,San Benito,069,59416,6886,6852,137,6989,64
2021-09-12,San Bernardino,071,2135413,336483,333049,10387,343436,5439
2021-09-12,San Diego,073,3302833,348812,345058,20515,365573,3942
2021-09-12,San Francisco,075,870044,49442,48819,2067,50886,603
2021-09-12,San Joaquin,077,732212,92004,90730,4785,95515,1581
2021-09-12,San Luis Obispo,079,281455,27216,26729,1036,27765,299
2021-09-12,San Mateo,081,765935,51272,50432,747,51179,564
2021-09-12,Santa Barbara,083,443738,41315,40600,1416,42016,494
2021-09-12,Santa Clara,085,1922200,139336,137899,1055,138954,1820
2021-09-12,Santa Cruz,087,273765,19131,18892,952,19844,210
2021-09-12,Shasta,089,179085,17596,16957,2772,19729,243
2021-09-12,Sierra,091,2930,129,123,13,136,0
2021-09-12,Siskiyou,093,43540,2899,2730,951,3681,35
2021-09-12,Solano,095,438530,43339,42409,1092,43501,306
2021-09-12,Sonoma,097,501317,38806,38456,464,38920,368
2021-09-12,Stanislaus,099,539301,70706,70184,7872,78056,1091
2021-09-12,Sutter,101,95872,12715,12589,211,12800,145
2021-09-12,Tehama,103,63373,6966,6732,1104,7836,79
2021-09-12,Trinity,105,12862,693,529,180,709,7
2021-09-12,Tulare,107,460477,60183,58582,12040,70622,887
2021-09-12,Tuolumne,109,53932,6014,5888,71,5959,89
2021-09-12,Ventura,111,848112,93541,92496,4019,96515,1107
2021-09-12,Yolo,113,214977,18233,17943,812,18755,239
2021-09-12,Yuba,115,75493,8976,8842,196,9038,61
2021-09-11,Alameda,001,1643700,112643,111715,2511,114226,1309
2021-09-11,Alpine,003,1148,98,98,0,98,0
2021-09-11,Amador,005,37829,4837,4728,46,4774,56
2021-09-11,Butte,007,227075,17884,17218,3145,20363,221
2021-09-11,Calaveras,009,45235,3311,3208,22,3230,65
2021-09-11,Colusa,011,21464,2376,2338,515,2853,16
2021-09-11,Contra Costa,013,1133247,93290,92269,1842,94111,908
2021-09-11,Del Norte,015,27424,3321,3184,21,3205,28
2021-09-11,El Dorado,017,186661,14472,14117,1439,15556,119
2021-09-11,Fresno,019,978130,124532,122224,11067,133291,1853
2021-09-11,Glenn,021,27897,3095,3007,882,3889,20
2021-09-11,Humboldt,023,135768,7802,7615,359,7974,52
2021-09-11,Imperial,025,180216,31029,30760,2909,33669,751
2021-09-11,Inyo,027,18085,1630,1590,30,1620,39
2021-09-11,Kern,029,883053,114690,112205,17112,129317,1424
2021-09-11,Kings,031,150075,28356,27631,1551,29182,275
2021-09-11,Lake,033,64148,5921,5761,113,5874,82
2021-09-11,Lassen,035,31185,6085,5930,232,6162,25
2021-09-11,Los Angeles,037,10098052,1382760,1365831,50388,1416219,25630
2021-09-11,Madera,039,155013,20146,19648,1557,21205,252
2021-09-11,Marin,041,260295,16676,16496,372,16868,242
2021-09-11,Mariposa,043,17540,863,799,29,828,5
2021-09-11,Mendocino,045,87422,6492,6257,277,6534,61
2021-09-11,Merced,047,269075,37542,37042,1442,38484,521
2021-09-11,Modoc,049,8938,462,449,158,607,5
2021-09-11,Mono,051,14174,1475,1431,17,1448,3
2021-09-11,Monterey,053,433212,46886,46140,2463,48603,558
2021-09-11,Napa,055,140530,12104,11991,77,12068,91
2021-09-11,Nevada,057,99092,8135,7967,263,8230,83
2021-09-11,Orange,059,3164182,293882,290429,13681,304110,5306
2021-09-11,Placer,061,380077,33133,32414,3036,35450,344
2021-09-11,Plumas,063,18699,1190,1112,22,1134,5
2021-09-11,Riverside,065,2383286,342480,336585,15526,352111,4731
2021-09-11,Sacramento,067,1510023,144793,143557,3473,147030,1955
2021-09-11,San Benito,069,59416,6873,6844,137,6981,64
2021-09-11,San Bernardino,071,2135413,336140,332512,10373,342885,5430
2021-09-11,San Diego,073,3302833,348328,344355,20491,364846,3942
2021-09-11,San Francisco,075,870044,49387,48660,2062,50722,603
2021-09-11,San Joaquin,077,732212,91861,90482,4778,95260,1581
2021-09-11,San Luis Obispo,079,281455,27170,26651,1035,27686,299
2021-09-11,San Mateo,081,765935,51200,50341,746,51087,564
2021-09-11,Santa Barbara,083,443738,41242,40451,1416,41867,494
2021-09-11,Santa Clara,085,1922200,139183,137659,1052,138711,1820
2021-09-11,Santa Cruz,087,273765,19102,18865,952,19817,210
2021-09-11,Shasta,089,179085,17502,16877,2752,19629,243
2021-09-11,Sierra,091,2930,129,123,13,136,0
2021-09-11,Siskiyou,093,43540,2882,2717,948,3665,35
2021-09-11,Solano,095,438530,43288,42344,1089,43433,306
2021-09-11,Sonoma,097,501317,38759,38399,462,38861,368
2021-09-11,Stanislaus,099,539301,70581,69974,7859,77833,1091
2021-09-11,Sutter,101,95872,12689,12538,208,12746,145
2021-09-11,Tehama,103,63373,6945,6703,1096,7799,79
2021-09-11,Trinity,105,12862,686,526,180,706,7
2021-09-11,Tulare,107,460477,60071,58321,11994,70315,889
2021-09-11,Tuolumne,109,53932,5995,5879,68,5947,89
2021-09-11,Ventura,111,848112,93459,92328,4014,96342,1107
2021-09-11,Yolo,113,214977,18209,17906,808,18714,239
2021-09-11,Yuba,115,75493,8951,8813,196,9009,61
2021-09-10,Alameda,001,1643700,112452,111386,2510,113896,1306
2021-09-10,Alpine,003,1148,97,97,0,97,0
2021-09-10,Amador,005,37829,4825,4706,46,4752,56
2021-09-10,Butte,007,227075,17809,17051,3127,20178,222
2021-09-10,Calaveras,009,45235,3303,3183,22,3205,65
2021-09-10,Colusa,011,21464,2372,2327,512,2839,16
2021-09-10,Contra Costa,013,1133247,93167,92024,1840,93864,908
2021-09-10,Del Norte,015,27424,3306,3128,20,3148,28
2021-09-10,El Dorado,017,186661,14442,14051,1435,15486,119
2021-09-10,Fresno,019,978130,124208,121659,11038,132697,1846
2021-09-10,Glenn,021,27897,3088,2977,881,3858,20
2021-09-10,Humboldt,023,135768,7770,7543,355,7898,52
2021-09-10,Imperial,025,180216,31006,30716,2907,33623,751
2021-09-10,Inyo,027,18085,1626,1590,30,1620,39
2021-09-10,Kern,029,883053,114436,111832,16996,128828,1419
2021-09-10,Kings,031,150075,28282,27473,1544,29017,274
2021-09-10,Lake,033,64148,5905,5713,111,5824,79
2021-09-10,Lassen,035,31185,6077,5914,229,6143,25
2021-09-10,Los Angeles,037,10098052,1381556,1365709,50323,1416032,25630
2021-09-10,Madera,039,155013,20100,19520,1550,21070,252
2021-09-10,Marin,041,260295,16656,16458,369,16827,242
2021-09-10,Mariposa,043,17540,858,795,29,824,5
2021-09-10,Mendocino,045,87422,6460,6184,276,6460,61
2021-09-10,Merced,047,269075,37490,36884,1441,38325,521
2021-09-10,Modoc,049,8938,462,448,158,606,5
2021-09-10,Mono,051,14174,1470,1422,17,1439,3
2021-09-10,Monterey,053,433212,46842,46084,2461,48545,557
2021-09-10,Napa,055,140530,12079,11948,77,12025,90
2021-09-10,Nevada,057,99092,8117,7932,262,8194,83
2021-09-10,Orange,059,3164182,293575,290022,13671,303693,5302
2021-09-10,Placer,061,380077,33031,32264,3023,35287,343
2021-09-10,Plumas,063,18699,1182,1111,22,1133,5
2021-09-10,Riverside,065,2383286,342007,335988,15519,351507,4720
2021-09-10,Sacramento,067,1510023,144450,143244,3465,146709,1950
2021-09-10,San Benito,069,59416,6869,6824,137,6961,64
2021-09-10,San Bernardino,071,2135413,335721,331894,10364,342258,5422
2021-09-10,San Diego,073,3302833,347781,343173,20454,363627,3941
2021-09-10,San Francisco,075,870044,49308,48518,2055,50573,602
2021-09-10,San Joaquin,077,732212,91680,90208,4772,94980,1573
2021-09-10,San Luis Obispo,079,281455,27137,26526,1033,27559,299
2021-09-10,San Mateo,081,765935,51133,50251,745,50996,564
2021-09-10,Santa Barbara,083,443738,41189,40321,1413,41734,492
2021-09-10,Santa Clara,085,1922200,139000,137337,1051,138388,1817
2021-09-10,Santa Cruz,087,273765,19083,18785,951,19736,210
2021-09-10,Shasta,089,179085,17408,16667,2724,19391,242
2021-09-10,Sierra,091,2930,129,117,13,130,0
2021-09-10,Siskiyou,093,43540,2870,2702,944,3646,35
2021-09-10,Solano,095,438530,43214,42230,1082,43312,305
2021-09-10,Sonoma,097,501317,38701,38271,461,38732,368
2021-09-10,Stanislaus,099,539301,70425,69617,7835,77452,1091
2021-09-10,Sutter,101,95872,12655,12468,208,12676,145
2021-09-10,Tehama,103,63373,6912,6652,1090,7742,77
2021-09-10,Trinity,105,12862,682,524,180,704,7
2021-09-10,Tulare,107,460477,59923,57930,11947,69877,883
2021-09-10,Tuolumne,109,53932,5975,5842,68,5910,89
2021-09-10,Ventura,111,848112,93362,92145,4010,96155,1104
2021-09-10,Yolo,113,214977,18184,17825,803,18628,239
2021-09-10,Yuba,115,75493,8932,8760,195,8955,62
2021-09-09,Alameda,001,1643700,112233,111014,2506,113520,1306
2021-09-09,Alpine,003,1148,97,94,0,94,0
2021-09-09,Amador,005,37829,4804,4698,45,4743,56
2021-09-09,Butte,007,227075,17662,16874,3099,19973,221
2021-09-09,Calaveras,009,45235,3269,3165,22,3187,65
2021-09-09,Colusa,011,21464,2365,2321,511,2832,16
2021-09-09,Contra Costa,013,1133247,92957,91687,1835,93522,904
2021-09-09,Del Norte,015,27424,3283,3102,20,3122,28
2021-09-09,El Dorado,017,186661,14385,13970,1425,15395,119
2021-09-09,Fresno,019,978130,123733,121040,10992,132032,1838
2021-09-09,Glenn,021,27897,3076,2947,877,3824,20
2021-09-09,Humboldt,023,135768,7720,7471,349,7820,52
2021-09-09,Imperial,025,180216,30968,30661,2904,33565,751
2021-09-09,Inyo,027,18085,1619,1586,30,1616,39
2021-09-09,Kern,029,883053,114089,111390,16840,128230,1414
2021-09-09,Kings,031,150075,28180,27282,1533,28815,273
2021-09-09,Lake,033,64148,5881,5638,109,5747,79
2021-09-09,Lassen,035,31185,6027,5860,223,6083,25
2021-09-09,Los Angeles,037,10098052,1379688,1363735,50249,1413984,25583
2021-09-09,Madera,039,155013,20027,19401,1537,20938,252
2021-09-09,Marin,041,260295,16633,16416,366,16782,242
2021-09-09,Mariposa,043,17540,845,779,28,807,5
2021-09-09,Mendocino,045,87422,6426,6089,267,6356,61
2021-09-09,Merced,047,269075,37336,36634,1428,38062,516
2021-09-09,Modoc,049,8938,462,448,158,606,5
2021-09-09,Mono,051,14174,1460,1420,17,1437,3
2021-09-09,Monterey,053,433212,46788,45991,2450,48441,556
2021-09-09,Napa,055,140530,12047,11878,77,11955,90
2021-09-09,Nevada,057,99092,8079,7855,262,8117,82
2021-09-09,Orange,059,3164182,293166,289109,13640,302749,5299
2021-09-09,Placer,061,380077,32912,32048,3008,35056,342
2021-09-09,Plumas,063,18699,1171,1098,22,1120,5
2021-09-09,Riverside,065,2383286,341368,334774,15501,350275,4701
2021-09-09,Sacramento,067,1510023,143971,142728,3420,146148,1929
2021-09-09,San Benito,069,59416,6859,6820,136,6956,64
2021-09-09,San Bernardino,071,2135413,335150,331040,10351,341391,5417
2021-09-09,San Diego,073,3302833,347067,342149,20397,362546,3929
2021-09-09,San Francisco,075,870044,49194,48404,2046,50450,597
2021-09-09,San Joaquin,077,732212,91407,89874,4754,94628,1570
2021-09-09,San Luis Obispo,079,281455,27055,26472,1030,27502,296
2021-09-09,San Mateo,081,765935,51012,50143,742,50885,561
2021-09-09,Santa Barbara,083,443738,41083,40180,1409,41589,490
2021-09-09,Santa Clara,085,1922200,138777,137017,1046,138063,1816
2021-09-09,Santa Cruz,087,273765,19037,18728,951,19679,210
2021-09-09,Shasta,089,179085,17262,16401,2683,19084,238
2021-09-09,Sierra,091,2930,129,115,13,128,0
2021-09-09,Siskiyou,093,43540,2847,2683,930,3613,35
2021-09-09,Solano,095,438530,43098,42081,1078,43159,303
2021-09-09,Sonoma,097,501317,38633,38171,460,38631,360
2021-09-09,Stanislaus,099,539301,70146,69178,7803,76981,1074
2021-09-09,Sutter,101,95872,12600,12396,206,12602,144
2021-09-09,Tehama,103,63373,6858,6554,1085,7639,75
2021-09-09,Trinity,105,12862,676,523,178,701,6
2021-09-09,Tulare,107,460477,59682,57564,11888,69452,879
2021-09-09,Tuolumne,109,53932,5947,5802,67,5869,89
2021-09-09,Ventura,111,848112,93217,91610,4001,95611,1098
2021-09-09,Yolo,113,214977,18126,17724,800,18524,239
2021-09-09,Yuba,115,75493,8887,8707,192,8899,55
2021-09-08,Alameda,001,1643700,111989,110781,2504,113285,1305
2021-09-08,Alpine,003,1148,97,94,0,94,0
2021-09-08,Amador,005,37829,4792,4693,45,4738,56
2021-09-08,Butte,007,227075,17527,16775,3079,19854,220
2021-09-08,Calaveras,009,45235,3251,3157,22,3179,63
2021-09-08,Colusa,011,21464,2363,2308,511,2819,16
2021-09-08,Contra Costa,013,1133247,92677,91471,1830,93301,900
2021-09-08,Del Norte,015,27424,3260,3085,20,3105,25
2021-09-08,El Dorado,017,186661,14305,13928,1405,15333,119
2021-09-08,Fresno,019,978130,123236,120644,10929,131573,1831
2021-09-08,Glenn,021,27897,3061,2942,868,3810,20
2021-09-08,Humboldt,023,135768,7675,7438,341,7779,52
2021-09-08,Imperial,025,180216,30935,30609,2891,33500,751
2021-09-08,Inyo,027,18085,1608,1580,30,1610,39
2021-09-08,Kern,029,883053,113691,110933,16702,127635,1409
2021-09-08,Kings,031,150075,28051,27235,1519,28754,267
2021-09-08,Lake,033,64148,5850,5618,107,5725,79
2021-09-08,Lassen,035,31185,6009,5848,216,6064,25
2021-09-08,Los Angeles,037,10098052,1377617,1362029,50162,1412191,25533
2021-09-08,Madera,039,155013,19966,19352,1524,20876,252
2021-09-08,Marin,041,260295,16605,16386,365,16751,242
2021-09-08,Mariposa,043,17540,833,777,27,804,5
2021-09-08,Mendocino,045,87422,6382,6069,258,6327,61
2021-09-08,Merced,047,269075,37175,36500,1416,37916,516
2021-09-08,Modoc,049,8938,462,448,158,606,5
2021-09-08,Mono,051,14174,1454,1418,17,1435,3
2021-09-08,Monterey,053,433212,46739,45959,2444,48403,554
2021-09-08,Napa,055,140530,12012,11842,75,11917,90
2021-09-08,Nevada,057,99092,8044,7843,261,8104,82
2021-09-08,Orange,059,3164182,292756,288511,13617,302128,5290
2021-09-08,Placer,061,380077,32775,31852,2991,34843,337
2021-09-08,Plumas,063,18699,1164,1072,22,1094,5
2021-09-08,Riverside,065,2383286,340610,334037,15476,349513,4683
2021-09-08,Sacramento,067,1510023,143492,142448,3372,145820,1921
2021-09-08,San Benito,069,59416,6841,6800,136,6936,64
2021-09-08,San Bernardino,071,2135413,334544,330279,10334,340613,5411
2021-09-08,San Diego,073,3302833,346150,341437,20346,361783,3926
2021-09-08,San Francisco,075,870044,49057,48263,2042,50305,589
2021-09-08,San Joaquin,077,732212,91126,89631,4730,94361,1561
2021-09-08,San Luis Obispo,079,281455,26961,26303,1025,27328,294
2021-09-08,San Mateo,081,765935,50907,50051,742,50793,561
2021-09-08,Santa Barbara,083,443738,40971,40000,1405,41405,490
2021-09-08,Santa Clara,085,1922200,138544,136836,1042,137878,1810
2021-09-08,Santa Cruz,087,273765,19000,18699,951,19650,210
2021-09-08,Shasta,089,179085,17107,16227,2636,18863,234
2021-09-08,Sierra,091,2930,129,113,13,126,0
2021-09-08,Siskiyou,093,43540,2814,2643,919,3562,35
2021-09-08,Solano,095,438530,43005,41971,1075,43046,302
2021-09-08,Sonoma,097,501317,38549,38075,459,38534,360
2021-09-08,Stanislaus,099,539301,69914,68945,7764,76709,1074
2021-09-08,Sutter,101,95872,12535,12349,203,12552,144
2021-09-08,Tehama,103,63373,6791,6520,1067,7587,75
2021-09-08,Trinity,105,12862,673,520,174,694,6
2021-09-08,Tulare,107,460477,59358,57425,11833,69258,876
2021-09-08,Tuolumne,109,53932,5915,5783,65,5848,89
2021-09-08,Ventura,111,848112,93065,91345,3983,95328,1096
2021-09-08,Yolo,113,214977,18045,17680,795,18475,239
2021-09-08,Yuba,115,75493,8845,8675,190,8865,55
2021-09-07,Alameda,001,1643700,111689,110550,2497,113047,1301
2021-09-07,Alpine,003,1148,96,94,0,94,0
2021-09-07,Amador,005,37829,4765,4679,45,4724,53
2021-09-07,Butte,007,227075,17371,16723,3043,19766,220
2021-09-07,Calaveras,009,45235,3210,3140,20,3160,63
2021-09-07,Colusa,011,21464,2353,2306,509,2815,16
2021-09-07,Contra Costa,013,1133247,92413,91167,1824,92991,891
2021-09-07,Del Norte,015,27424,3246,3081,20,3101,24
2021-09-07,El Dorado,017,186661,14233,13892,1390,15282,119
2021-09-07,Fresno,019,978130,122678,120268,10836,131104,1828
2021-09-07,Glenn,021,27897,3049,2937,862,3799,20
2021-09-07,Humboldt,023,135768,7615,7397,324,7721,52
2021-09-07,Imperial,025,180216,30895,30584,2883,33467,751
2021-09-07,Inyo,027,18085,1602,1579,29,1608,39
2021-09-07,Kern,029,883053,113259,110674,16544,127218,1408
2021-09-07,Kings,031,150075,27927,27169,1501,28670,267
2021-09-07,Lake,033,64148,5807,5597,99,5696,78
2021-09-07,Lassen,035,31185,5991,5842,210,6052,21
2021-09-07,Los Angeles,037,10098052,1375386,1360407,50071,1410478,25486
2021-09-07,Madera,039,155013,19879,19316,1516,20832,249
2021-09-07,Marin,041,260295,16566,16363,365,16728,242
2021-09-07,Mariposa,043,17540,817,771,27,798,5
2021-09-07,Mendocino,045,87422,6322,6036,248,6284,61
2021-09-07,Merced,047,269075,37001,36400,1410,37810,513
2021-09-07,Modoc,049,8938,460,449,158,607,5
2021-09-07,Mono,051,14174,1445,1416,17,1433,3
2021-09-07,Monterey,053,433212,46656,45911,2432,48343,543
2021-09-07,Napa,055,140530,11971,11814,75,11889,90
2021-09-07,Nevada,057,99092,8017,7829,261,8090,82
2021-09-07,Orange,059,3164182,292327,288225,13587,301812,5274
2021-09-07,Placer,061,380077,32622,31710,2963,34673,337
2021-09-07,Plumas,063,18699,1149,1071,22,1093,5
2021-09-07,Riverside,065,2383286,339822,333390,15457,348847,4666
2021-09-07,Sacramento,067,1510023,142954,142364,3326,145690,1905
2021-09-07,San Benito,069,59416,6823,6786,136,6922,64
2021-09-07,San Bernardino,071,2135413,333792,329962,10309,340271,5407
2021-09-07,San Diego,073,3302833,345152,340709,20280,360989,3922
2021-09-07,San Francisco,075,870044,48917,48175,2037,50212,589
2021-09-07,San Joaquin,077,732212,90790,89468,4716,94184,1548
2021-09-07,San Luis Obispo,079,281455,26844,26253,1016,27269,287
2021-09-07,San Mateo,081,765935,50812,49913,741,50654,561
2021-09-07,Santa Barbara,083,443738,40845,39957,1400,41357,489
2021-09-07,Santa Clara,085,1922200,138256,136631,1037,137668,1807
2021-09-07,Santa Cruz,087,273765,18951,18669,949,19618,210
2021-09-07,Shasta,089,179085,16951,16096,2584,18680,226
2021-09-07,Sierra,091,2930,129,111,13,124,0
2021-09-07,Siskiyou,093,43540,2788,2607,902,3509,34
2021-09-07,Solano,095,438530,42875,41862,1071,42933,300
2021-09-07,Sonoma,097,501317,38465,38013,457,38470,358
2021-09-07,Stanislaus,099,539301,69643,68831,7737,76568,1074
2021-09-07,Sutter,101,95872,12461,12310,197,12507,138
2021-09-07,Tehama,103,63373,6739,6482,1047,7529,74
2021-09-07,Trinity,105,12862,667,517,174,691,6
2021-09-07,Tulare,107,460477,59009,57228,11755,68983,874
2021-09-07,Tuolumne,109,53932,5878,5759,65,5824,88
2021-09-07,Ventura,111,848112,92854,91246,3973,95219,1093
2021-09-07,Yolo,113,214977,17976,17653,790,18443,235
2021-09-07,Yuba,115,75493,8802,8642,185,8827,55
2021-09-06,Alameda,001,1643700,111376,110357,2489,112846,1301
2021-09-06,Alpine,003,1148,94,94,0,94,0
2021-09-06,Amador,005,37829,4749,4648,44,4692,53
2021-09-06,Butte,007,227075,17180,16588,3000,19588,218
2021-09-06,Calaveras,009,45235,3188,3122,20,3142,63
2021-09-06,Colusa,011,21464,2346,2306,505,2811,16
2021-09-06,Contra Costa,013,1133247,92118,90971,1814,92785,891
2021-09-06,Del Norte,015,27424,3205,3037,19,3056,24
2021-09-06,El Dorado,017,186661,14164,13848,1374,15222,119
2021-09-06,Fresno,019,978130,122102,119738,10761,130499,1828
2021-09-06,Glenn,021,27897,3020,2912,854,3766,20
2021-09-06,Humboldt,023,135768,7539,7320,306,7626,52
2021-09-06,Imperial,025,180216,30832,30576,2877,33453,751
2021-09-06,Inyo,027,18085,1593,1578,17,1595,39
2021-09-06,Kern,029,883053,112746,110347,16356,126703,1408
2021-09-06,Kings,031,150075,27784,27094,1486,28580,264
2021-09-06,Lake,033,64148,5743,5548,92,5640,78
2021-09-06,Lassen,035,31185,5965,5822,200,6022,21
2021-09-06,Los Angeles,037,10098052,1373011,1359348,49956,1409304,25477
2021-09-06,Madera,039,155013,19776,19191,1493,20684,249
2021-09-06,Marin,041,260295,16526,16356,365,16721,242
2021-09-06,Mariposa,043,17540,805,764,27,791,5
2021-09-06,Mendocino,045,87422,6252,5984,235,6219,61
2021-09-06,Merced,047,269075,36787,36300,1396,37696,513
2021-09-06,Modoc,049,8938,457,449,158,607,5
2021-09-06,Mono,051,14174,1441,1416,17,1433,3
2021-09-06,Monterey,053,433212,46562,45833,2416,48249,541
2021-09-06,Napa,055,140530,11928,11792,74,11866,90
2021-09-06,Nevada,057,99092,7969,7748,259,8007,82
2021-09-06,Orange,059,3164182,291833,287948,13536,301484,5274
2021-09-06,Placer,061,380077,32445,31595,2925,34520,337
2021-09-06,Plumas,063,18699,1128,1068,19,1087,5
2021-09-06,Riverside,065,2383286,339006,333052,15437,348489,4666
2021-09-06,Sacramento,067,1510023,142318,141730,3258,144988,1905
2021-09-06,San Benito,069,59416,6800,6777,133,6910,64
2021-09-06,San Bernardino,071,2135413,332903,329693,10278,339971,5398
2021-09-06,San Diego,073,3302833,344153,340222,20183,360405,3922
2021-09-06,San Francisco,075,870044,48783,48120,2032,50152,589
2021-09-06,San Joaquin,077,732212,90446,89293,4690,93983,1548
2021-09-06,San Luis Obispo,079,281455,26715,26183,1012,27195,286
2021-09-06,San Mateo,081,765935,50682,49859,739,50598,561
2021-09-06,Santa Barbara,083,443738,40714,39876,1391,41267,489
2021-09-06,Santa Clara,085,1922200,137964,136458,1035,137493,1807
2021-09-06,Santa Cruz,087,273765,18902,18615,946,19561,210
2021-09-06,Shasta,089,179085,16770,15985,2530,18515,226
2021-09-06,Sierra,091,2930,129,109,13,122,0
2021-09-06,Siskiyou,093,43540,2744,2595,868,3463,34
2021-09-06,Solano,095,438530,42727,41774,1065,42839,300
2021-09-06,Sonoma,097,501317,38344,37929,456,38385,358
2021-09-06,Stanislaus,099,539301,69301,68596,7693,76289,1074
2021-09-06,Sutter,101,95872,12399,12238,188,12426,138
2021-09-06,Tehama,103,63373,6677,6413,1020,7433,74
2021-09-06,Trinity,105,12862,664,515,172,687,6
2021-09-06,Tulare,107,460477,58652,57068,11675,68743,874
2021-09-06,Tuolumne,109,53932,5842,5697,65,5762,88
2021-09-06,Ventura,111,848112,92677,91132,3961,95093,1093
2021-09-06,Yolo,113,214977,17890,17576,785,18361,235
2021-09-06,Yuba,115,75493,8752,8584,181,8765,55
2021-09-05,Alameda,001,1643700,111183,110173,2486,112659,1301
2021-09-05,Alpine,003,1148,94,94,0,94,0
2021-09-05,Amador,005,37829,4737,4642,44,4686,53
2021-09-05,Butte,007,227075,17090,16504,2971,19475,218
2021-09-05,Calaveras,009,45235,3182,3106,20,3126,63
2021-09-05,Colusa,011,21464,2338,2305,503,2808,16
2021-09-05,Contra Costa,013,1133247,91933,90862,1809,92671,891
2021-09-05,Del Norte,015,27424,3185,3023,19,3042,24
2021-09-05,El Dorado,017,186661,14135,13827,1361,15188,119
2021-09-05,Fresno,019,978130,121803,119384,10720,130104,1828
2021-09-05,Glenn,021,27897,3006,2899,852,3751,20
2021-09-05,Humboldt,023,135768,7506,7312,303,7615,52
2021-09-05,Imperial,025,180216,30803,30548,2875,33423,751
2021-09-05,Inyo,027,18085,1590,1572,17,1589,39
2021-09-05,Kern,029,883053,112447,110073,16197,126270,1408
2021-09-05,Kings,031,150075,27707,26989,1482,28471,264
2021-09-05,Lake,033,64148,5723,5525,92,5617,78
2021-09-05,Lassen,035,31185,5943,5820,196,6016,21
2021-09-05,Los Angeles,037,10098052,1371715,1357748,49888,1407636,25465
2021-09-05,Madera,039,155013,19735,19155,1482,20637,249
2021-09-05,Marin,041,260295,16507,16342,364,16706,242
2021-09-05,Mariposa,043,17540,801,761,27,788,5
2021-09-05,Mendocino,045,87422,6218,5965,235,6200,61
2021-09-05,Merced,047,269075,36712,36243,1394,37637,513
2021-09-05,Modoc,049,8938,457,447,158,605,5
2021-09-05,Mono,051,14174,1441,1416,17,1433,3
2021-09-05,Monterey,053,433212,46534,45795,2407,48202,540
2021-09-05,Napa,055,140530,11903,11770,74,11844,90
2021-09-05,Nevada,057,99092,7947,7722,258,7980,82
2021-09-05,Orange,059,3164182,291545,287614,13519,301133,5274
2021-09-05,Placer,061,380077,32318,31487,2911,34398,337
2021-09-05,Plumas,063,18699,1121,1067,19,1086,5
2021-09-05,Riverside,065,2383286,338551,332604,15425,348029,4654
2021-09-05,Sacramento,067,1510023,141880,141276,3241,144517,1905
2021-09-05,San Benito,069,59416,6799,6764,133,6897,64
2021-09-05,San Bernardino,071,2135413,332519,329062,10262,339324,5392
2021-09-05,San Diego,073,3302833,343601,339427,20142,359569,3914
2021-09-05,San Francisco,075,870044,48705,48035,2028,50063,589
2021-09-05,San Joaquin,077,732212,90280,89121,4673,93794,1548
2021-09-05,San Luis Obispo,079,281455,26665,26098,1011,27109,285
2021-09-05,San Mateo,081,765935,50614,49809,735,50544,561
2021-09-05,Santa Barbara,083,443738,40647,39762,1389,41151,489
2021-09-05,Santa Clara,085,1922200,137754,136146,1033,137179,1807
2021-09-05,Santa Cruz,087,273765,18882,18588,944,19532,210
2021-09-05,Shasta,089,179085,16688,15960,2504,18464,226
2021-09-05,Sierra,091,2930,128,109,13,122,0
2021-09-05,Siskiyou,093,43540,2727,2585,854,3439,34
2021-09-05,Solano,095,438530,42632,41687,1060,42747,300
2021-09-05,Sonoma,097,501317,38259,37881,455,38336,358
2021-09-05,Stanislaus,099,539301,69161,68434,7669,76103,1074
2021-09-05,Sutter,101,95872,12369,12179,182,12361,138
2021-09-05,Tehama,103,63373,6650,6400,1014,7414,74
2021-09-05,Trinity,105,12862,658,505,171,676,6
2021-09-05,Tulare,107,460477,58483,56915,11631,68546,874
2021-09-05,Tuolumne,109,53932,5830,5688,65,5753,88
2021-09-05,Ventura,111,848112,92541,91004,3957,94961,1093
2021-09-05,Yolo,113,214977,17853,17557,780,18337,235
2021-09-05,Yuba,115,75493,8726,8521,179,8700,55
2021-09-04,Alameda,001,1643700,111060,109944,2479,112423,1301
2021-09-04,Alpine,003,1148,94,94,0,94,0
2021-09-04,Amador,005,37829,4719,4637,43,4680,53
2021-09-04,Butte,007,227075,17032,16403,2956,19359,218
2021-09-04,Calaveras,009,45235,3170,3087,19,3106,63
2021-09-04,Colusa,011,21464,2336,2301,503,2804,16
2021-09-04,Contra Costa,013,1133247,91816,90623,1806,92429,891
2021-09-04,Del Norte,015,27424,3174,2984,19,3003,24
2021-09-04,El Dorado,017,186661,14109,13782,1353,15135,119
2021-09-04,Fresno,019,978130,121606,119033,10699,129732,1828
2021-09-04,Glenn,021,27897,2996,2878,846,3724,20
2021-09-04,Humboldt,023,135768,7475,7298,297,7595,52
2021-09-04,Imperial,025,180216,30780,30526,2873,33399,751
2021-09-04,Inyo,027,18085,1588,1571,17,1588,39
2021-09-04,Kern,029,883053,112204,109751,16067,125818,1408
2021-09-04,Kings,031,150075,27620,26896,1476,28372,263
2021-09-04,Lake,033,64148,5705,5507,92,5599,78
2021-09-04,Lassen,035,31185,5928,5814,188,6002,21
2021-09-04,Los Angeles,037,10098052,1370758,1355634,49831,1405465,25454
2021-09-04,Madera,039,155013,19702,19112,1475,20587,249
2021-09-04,Marin,041,260295,16491,16319,363,16682,242
2021-09-04,Mariposa,043,17540,796,759,27,786,5
2021-09-04,Mendocino,045,87422,6182,5933,235,6168,61
2021-09-04,Merced,047,269075,36668,36083,1389,37472,513
2021-09-04,Modoc,049,8938,457,447,158,605,5
2021-09-04,Mono,051,14174,1438,1417,17,1434,3
2021-09-04,Monterey,053,433212,46503,45756,2403,48159,540
2021-09-04,Napa,055,140530,11878,11760,72,11832,90
2021-09-04,Nevada,057,99092,7932,7691,257,7948,82
2021-09-04,Orange,059,3164182,291282,287244,13498,300742,5274
2021-09-04,Placer,061,380077,32214,31374,2894,34268,337
2021-09-04,Plumas,063,18699,1113,1067,19,1086,5
2021-09-04,Riverside,065,2383286,338081,331958,15413,347371,4654
2021-09-04,Sacramento,067,1510023,141586,140735,3233,143968,1896
2021-09-04,San Benito,069,59416,6790,6758,133,6891,64
2021-09-04,San Bernardino,071,2135413,332186,328425,10248,338673,5393
2021-09-04,San Diego,073,3302833,343166,338748,20120,358868,3914
2021-09-04,San Francisco,075,870044,48630,47937,2020,49957,589
2021-09-04,San Joaquin,077,732212,90165,88846,4665,93511,1548
2021-09-04,San Luis Obispo,079,281455,26633,26020,1011,27031,285
2021-09-04,San Mateo,081,765935,50560,49721,735,50456,560
2021-09-04,Santa Barbara,083,443738,40581,39667,1387,41054,489
2021-09-04,Santa Clara,085,1922200,137569,135845,1030,136875,1806
2021-09-04,Santa Cruz,087,273765,18864,18579,940,19519,210
2021-09-04,Shasta,089,179085,16611,15924,2478,18402,226
2021-09-04,Sierra,091,2930,126,108,13,121,0
2021-09-04,Siskiyou,093,43540,2701,2563,843,3406,34
2021-09-04,Solano,095,438530,42559,41614,1058,42672,300
2021-09-04,Sonoma,097,501317,38226,37809,455,38264,358
2021-09-04,Stanislaus,099,539301,69014,68210,7644,75854,1074
2021-09-04,Sutter,101,95872,12328,12137,181,12318,138
2021-09-04,Tehama,103,63373,6625,6367,996,7363,74
2021-09-04,Trinity,105,12862,656,497,171,668,6
2021-09-04,Tulare,107,460477,58375,56719,11588,68307,874
2021-09-04,Tuolumne,109,53932,5811,5667,63,5730,88
2021-09-04,Ventura,111,848112,92406,90904,3954,94858,1090
2021-09-04,Yolo,113,214977,17817,17522,776,18298,235
2021-09-04,Yuba,115,75493,8697,8475,178,8653,55
2021-09-03,Alameda,001,1643700,110900,109636,2477,112113,1301
2021-09-03,Alpine,003,1148,94,94,0,94,0
2021-09-03,Amador,005,37829,4697,4614,43,4657,53
2021-09-03,Butte,007,227075,16941,16259,2930,19189,215
2021-09-03,Calaveras,009,45235,3160,3069,19,3088,63
2021-09-03,Colusa,011,21464,2331,2295,502,2797,16
2021-09-03,Contra Costa,013,1133247,91664,90299,1803,92102,886
2021-09-03,Del Norte,015,27424,3146,2943,18,2961,24
2021-09-03,El Dorado,017,186661,14076,13710,1349,15059,119
2021-09-03,Fresno,019,978130,121270,118508,10677,129185,1822
2021-09-03,Glenn,021,27897,2987,2867,838,3705,20
2021-09-03,Humboldt,023,135768,7450,7194,292,7486,52
2021-09-03,Imperial,025,180216,30757,30475,2868,33343,751
2021-09-03,Inyo,027,18085,1583,1567,17,1584,39
2021-09-03,Kern,029,883053,111988,109296,15956,125252,1407
2021-09-03,Kings,031,150075,27536,26753,1473,28226,263
2021-09-03,Lake,033,64148,5685,5479,90,5569,78
2021-09-03,Lassen,035,31185,5911,5789,184,5973,21
2021-09-03,Los Angeles,037,10098052,1369428,1351185,49765,1400950,25384
2021-09-03,Madera,039,155013,19617,19021,1469,20490,247
2021-09-03,Marin,041,260295,16469,16293,362,16655,242
2021-09-03,Mariposa,043,17540,789,753,25,778,5
2021-09-03,Mendocino,045,87422,6147,5891,235,6126,61
2021-09-03,Merced,047,269075,36614,35941,1380,37321,512
2021-09-03,Modoc,049,8938,457,445,158,603,5
2021-09-03,Mono,051,14174,1437,1410,17,1427,3
2021-09-03,Monterey,053,433212,46465,45707,2399,48106,540
2021-09-03,Napa,055,140530,11857,11733,72,11805,89
2021-09-03,Nevada,057,99092,7898,7632,257,7889,82
2021-09-03,Orange,059,3164182,290964,286818,13471,300289,5253
2021-09-03,Placer,061,380077,32107,31238,2870,34108,335
2021-09-03,Plumas,063,18699,1102,1057,19,1076,5
2021-09-03,Riverside,065,2383286,337549,331011,15397,346408,4653
2021-09-03,Sacramento,067,1510023,141222,139982,3215,143197,1886
2021-09-03,San Benito,069,59416,6784,6746,133,6879,64
2021-09-03,San Bernardino,071,2135413,331769,327599,10238,337837,5381
2021-09-03,San Diego,073,3302833,342546,337627,20087,357714,3911
2021-09-03,San Francisco,075,870044,48554,47822,2014,49836,589
2021-09-03,San Joaquin,077,732212,90012,88366,4657,93023,1540
2021-09-03,San Luis Obispo,079,281455,26557,25917,1009,26926,283
2021-09-03,San Mateo,081,765935,50465,49617,733,50350,560
2021-09-03,Santa Barbara,083,443738,40514,39507,1384,40891,489
2021-09-03,Santa Clara,085,1922200,137367,135522,1026,136548,1801
2021-09-03,Santa Cruz,087,273765,18839,18532,940,19472,210
2021-09-03,Shasta,089,179085,16536,15778,2454,18232,226
2021-09-03,Sierra,091,2930,124,105,13,118,0
2021-09-03,Siskiyou,093,43540,2689,2529,830,3359,34
2021-09-03,Solano,095,438530,42463,41457,1055,42512,300
2021-09-03,Sonoma,097,501317,38163,37699,455,38154,358
2021-09-03,Stanislaus,099,539301,68838,67887,7618,75505,1074
2021-09-03,Sutter,101,95872,12289,12073,180,12253,139
2021-09-03,Tehama,103,63373,6586,6334,989,7323,72
2021-09-03,Trinity,105,12862,654,490,167,657,6
2021-09-03,Tulare,107,460477,58249,56401,11536,67937,872
2021-09-03,Tuolumne,109,53932,5769,5630,63,5693,88
2021-09-03,Ventura,111,848112,92272,90742,3950,94692,1088
2021-09-03,Yolo,113,214977,17794,17446,771,18217,235
2021-09-03,Yuba,115,75493,8666,8412,178,8590,55
2021-09-02,Alameda,001,1643700,110642,109377,2474,111851,1301
2021-09-02,Alpine,003,1148,93,92,0,92,0
2021-09-02,Amador,005,37829,4681,4606,43,4649,53
2021-09-02,Butte,007,227075,16815,16154,2911,19065,215
2021-09-02,Calaveras,009,45235,3147,3042,19,3061,62
2021-09-02,Colusa,011,21464,2327,2290,502,2792,16
2021-09-02,Contra Costa,013,1133247,91482,90038,1792,91830,886
2021-09-02,Del Norte,015,27424,3115,2891,18,2909,24
2021-09-02,El Dorado,017,186661,14017,13641,1324,14965,119
2021-09-02,Fresno,019,978130,120782,117974,10623,128597,1804
2021-09-02,Glenn,021,27897,2971,2855,832,3687,20
2021-09-02,Humboldt,023,135768,7403,7141,281,7422,52
2021-09-02,Imperial,025,180216,30713,30449,2863,33312,751
2021-09-02,Inyo,027,18085,1578,1564,16,1580,39
2021-09-02,Kern,029,883053,111575,108930,15812,124742,1404
2021-09-02,Kings,031,150075,27443,26638,1463,28101,263
2021-09-02,Lake,033,64148,5655,5432,86,5518,78
2021-09-02,Lassen,035,31185,5897,5747,177,5924,21
2021-09-02,Los Angeles,037,10098052,1367571,1351105,49673,1400778,25382
2021-09-02,Madera,039,155013,19526,18937,1451,20388,247
2021-09-02,Marin,041,260295,16456,16244,360,16604,242
2021-09-02,Mariposa,043,17540,782,745,22,767,5
2021-09-02,Mendocino,045,87422,6105,5848,232,6080,61
2021-09-02,Merced,047,269075,36451,35820,1373,37193,508
2021-09-02,Modoc,049,8938,457,437,158,595,5
2021-09-02,Mono,051,14174,1437,1409,17,1426,3
2021-09-02,Monterey,053,433212,46399,45648,2384,48032,539
2021-09-02,Napa,055,140530,11828,11684,72,11756,88
2021-09-02,Nevada,057,99092,7846,7575,256,7831,82
2021-09-02,Orange,059,3164182,290504,286326,13437,299763,5240
2021-09-02,Placer,061,380077,31969,31067,2841,33908,330
2021-09-02,Plumas,063,18699,1091,1045,18,1063,5
2021-09-02,Riverside,065,2383286,336834,330190,15373,345563,4644
2021-09-02,Sacramento,067,1510023,140641,139274,3176,142450,1882
2021-09-02,San Benito,069,59416,6779,6734,132,6866,64
2021-09-02,San Bernardino,071,2135413,331160,326940,10165,337105,5369
2021-09-02,San Diego,073,3302833,341588,336382,20034,356416,3909
2021-09-02,San Francisco,075,870044,48446,47674,2010,49684,587
2021-09-02,San Joaquin,077,732212,89728,88056,4633,92689,1540
2021-09-02,San Luis Obispo,079,281455,26471,25851,1004,26855,283
2021-09-02,San Mateo,081,765935,50364,49490,731,50221,558
2021-09-02,Santa Barbara,083,443738,40424,39386,1371,40757,486
2021-09-02,Santa Clara,085,1922200,137066,135216,1020,136236,1799
2021-09-02,Santa Cruz,087,273765,18805,18473,937,19410,210
2021-09-02,Shasta,089,179085,16398,15670,2425,18095,224
2021-09-02,Sierra,091,2930,124,105,13,118,0
2021-09-02,Siskiyou,093,43540,2668,2513,802,3315,34
2021-09-02,Solano,095,438530,42357,41293,1052,42345,294
2021-09-02,Sonoma,097,501317,38082,37558,455,38013,352
2021-09-02,Stanislaus,099,539301,68597,67576,7598,75174,1074
2021-09-02,Sutter,101,95872,12220,11995,176,12171,138
2021-09-02,Tehama,103,63373,6528,6265,970,7235,72
2021-09-02,Trinity,105,12862,650,484,165,649,6
2021-09-02,Tulare,107,460477,58019,56105,11484,67589,872
2021-09-02,Tuolumne,109,53932,5712,5578,63,5641,88
2021-09-02,Ventura,111,848112,92089,90610,3945,94555,1084
2021-09-02,Yolo,113,214977,17724,17357,760,18117,235
2021-09-02,Yuba,115,75493,8606,8363,178,8541,55
2021-09-01,Alameda,001,1643700,110374,109075,2469,111544,1299
2021-09-01,Alpine,003,1148,93,92,0,92,0
2021-09-01,Amador,005,37829,4665,4599,42,4641,53
2021-09-01,Butte,007,227075,16700,16046,2883,18929,215
2021-09-01,Calaveras,009,45235,3135,3023,19,3042,59
2021-09-01,Colusa,011,21464,2322,2281,501,2782,16
2021-09-01,Contra Costa,013,1133247,91247,89834,1785,91619,877
2021-09-01,Del Norte,015,27424,3082,2860,18,2878,24
2021-09-01,El Dorado,017,186661,13961,13577,1295,14872,119
2021-09-01,Fresno,019,978130,120291,117492,10553,128045,1800
2021-09-01,Glenn,021,27897,2946,2846,824,3670,20
2021-09-01,Humboldt,023,135768,7356,7090,274,7364,52
2021-09-01,Imperial,025,180216,30675,30393,2858,33251,750
2021-09-01,Inyo,027,18085,1574,1561,15,1576,39
2021-09-01,Kern,029,883053,111145,108449,15674,124123,1400
2021-09-01,Kings,031,150075,27330,26443,1452,27895,263
2021-09-01,Lake,033,64148,5614,5396,81,5477,77
2021-09-01,Lassen,035,31185,5875,5731,173,5904,21
2021-09-01,Los Angeles,037,10098052,1365304,1348589,49571,1398160,25341
2021-09-01,Madera,039,155013,19448,18852,1436,20288,247
2021-09-01,Marin,041,260295,16434,16224,355,16579,240
2021-09-01,Mariposa,043,17540,774,735,22,757,5
2021-09-01,Mendocino,045,87422,6062,5821,227,6048,59
2021-09-01,Merced,047,269075,36274,35686,1363,37049,500
2021-09-01,Modoc,049,8938,451,436,156,592,5
2021-09-01,Mono,051,14174,1437,1400,17,1417,3
2021-09-01,Monterey,053,433212,46319,45590,2369,47959,539
2021-09-01,Napa,055,140530,11795,11653,72,11725,88
2021-09-01,Nevada,057,99092,7793,7508,255,7763,82
2021-09-01,Orange,059,3164182,290029,285840,13400,299240,5233
2021-09-01,Placer,061,380077,31813,30902,2827,33729,330
2021-09-01,Plumas,063,18699,1083,1033,18,1051,5
2021-09-01,Riverside,065,2383286,336022,329388,15343,344731,4634
2021-09-01,Sacramento,067,1510023,140032,138499,3131,141630,1875
2021-09-01,San Benito,069,59416,6762,6716,132,6848,64
2021-09-01,San Bernardino,071,2135413,330514,326250,10136,336386,5364
2021-09-01,San Diego,073,3302833,340566,335302,19978,355280,3908
2021-09-01,San Francisco,075,870044,48338,47538,2003,49541,584
2021-09-01,San Joaquin,077,732212,89406,87640,4610,92250,1540
2021-09-01,San Luis Obispo,079,281455,26375,25691,999,26690,283
2021-09-01,San Mateo,081,765935,50244,49394,725,50119,558
2021-09-01,Santa Barbara,083,443738,40306,39263,1355,40618,483
2021-09-01,Santa Clara,085,1922200,136798,134855,1014,135869,1796
2021-09-01,Santa Cruz,087,273765,18758,18453,935,19388,210
2021-09-01,Shasta,089,179085,16266,15552,2385,17937,221
2021-09-01,Sierra,091,2930,123,98,13,111,0
2021-09-01,Siskiyou,093,43540,2638,2482,782,3264,34
2021-09-01,Solano,095,438530,42206,41194,1046,42240,293
2021-09-01,Sonoma,097,501317,37988,37454,454,37908,352
2021-09-01,Stanislaus,099,539301,68312,67287,7567,74854,1075
2021-09-01,Sutter,101,95872,12156,11945,169,12114,136
2021-09-01,Tehama,103,63373,6494,6228,953,7181,72
2021-09-01,Trinity,105,12862,649,482,162,644,5
2021-09-01,Tulare,107,460477,57736,55768,11447,67215,870
2021-09-01,Tuolumne,109,53932,5673,5553,63,5616,88
2021-09-01,Ventura,111,848112,91874,90471,3929,94400,1089
2021-09-01,Yolo,113,214977,17668,17264,754,18018,235
2021-09-01,Yuba,115,75493,8544,8308,178,8486,55
2021-08-31,Alameda,001,1643700,110080,108837,2463,111300,1297
2021-08-31,Alpine,003,1148,91,92,0,92,0
2021-08-31,Amador,005,37829,4644,4555,42,4597,53
2021-08-31,Butte,007,227075,16559,15896,2842,18738,216
2021-08-31,Calaveras,009,45235,3095,3008,19,3027,59
2021-08-31,Colusa,011,21464,2320,2275,499,2774,16
2021-08-31,Contra Costa,013,1133247,90952,89546,1773,91319,871
2021-08-31,Del Norte,015,27424,3046,2830,18,2848,19
2021-08-31,El Dorado,017,186661,13890,13539,1277,14816,119
2021-08-31,Fresno,019,978130,119715,117155,10474,127629,1801
2021-08-31,Glenn,021,27897,2930,2829,814,3643,20
2021-08-31,Humboldt,023,135768,7281,7030,261,7291,52
2021-08-31,Imperial,025,180216,30638,30348,2850,33198,750
2021-08-31,Inyo,027,18085,1570,1550,15,1565,39
2021-08-31,Kern,029,883053,110643,108151,15495,123646,1393
2021-08-31,Kings,031,150075,27189,26405,1438,27843,260
2021-08-31,Lake,033,64148,5570,5359,80,5439,74
2021-08-31,Lassen,035,31185,5849,5702,170,5872,21
2021-08-31,Los Angeles,037,10098052,1362712,1346686,49494,1396180,25303
2021-08-31,Madera,039,155013,19358,18811,1419,20230,247
2021-08-31,Marin,041,260295,16405,16215,352,16567,240
2021-08-31,Mariposa,043,17540,766,732,22,754,5
2021-08-31,Mendocino,045,87422,6020,5777,226,6003,59
2021-08-31,Merced,047,269075,36104,35512,1358,36870,498
2021-08-31,Modoc,049,8938,450,436,156,592,5
2021-08-31,Mono,051,14174,1425,1398,17,1415,3
2021-08-31,Monterey,053,433212,46235,45550,2356,47906,539
2021-08-31,Napa,055,140530,11747,11618,72,11690,88
2021-08-31,Nevada,057,99092,7727,7460,255,7715,82
2021-08-31,Orange,059,3164182,289430,285310,13368,298678,5229
2021-08-31,Placer,061,380077,31623,30745,2790,33535,325
2021-08-31,Plumas,063,18699,1079,1018,17,1035,5
2021-08-31,Riverside,065,2383286,335049,328556,15310,343866,4627
2021-08-31,Sacramento,067,1510023,139348,137879,3099,140978,1863
2021-08-31,San Benito,069,59416,6750,6694,130,6824,64
2021-08-31,San Bernardino,071,2135413,329765,325446,10116,335562,5350
2021-08-31,San Diego,073,3302833,339313,334377,19920,354297,3888
2021-08-31,San Francisco,075,870044,48188,47440,1992,49432,581
2021-08-31,San Joaquin,077,732212,88962,87365,4595,91960,1540
2021-08-31,San Luis Obispo,079,281455,26252,25518,995,26513,282
2021-08-31,San Mateo,081,765935,50132,49299,725,50024,556
2021-08-31,Santa Barbara,083,443738,40156,39091,1349,40440,481
2021-08-31,Santa Clara,085,1922200,136447,134637,1007,135644,1793
2021-08-31,Santa Cruz,087,273765,18720,18419,932,19351,210
2021-08-31,Shasta,089,179085,16114,15368,2358,17726,220
2021-08-31,Sierra,091,2930,120,95,13,108,0
2021-08-31,Siskiyou,093,43540,2618,2435,766,3201,33
2021-08-31,Solano,095,438530,42067,41067,1039,42106,289
2021-08-31,Sonoma,097,501317,37892,37379,453,37832,352
2021-08-31,Stanislaus,099,539301,67957,67004,7532,74536,1075
2021-08-31,Sutter,101,95872,12091,11901,165,12066,136
2021-08-31,Tehama,103,63373,6433,6169,922,7091,72
2021-08-31,Trinity,105,12862,643,480,162,642,3
2021-08-31,Tulare,107,460477,57402,55567,11377,66944,870
2021-08-31,Tuolumne,109,53932,5637,5516,63,5579,88
2021-08-31,Ventura,111,848112,91655,90292,3917,94209,1081
2021-08-31,Yolo,113,214977,17587,17205,747,17952,234
2021-08-31,Yuba,115,75493,8490,8253,178,8431,54
2021-08-30,Alameda,001,1643700,109763,107734,2452,110186,1296
2021-08-30,Alpine,003,1148,91,92,0,92,0
2021-08-30,Amador,005,37829,4633,4507,42,4549,53
2021-08-30,Butte,007,227075,16407,15719,2809,18528,214
2021-08-30,Calaveras,009,45235,3080,2975,19,2994,59
2021-08-30,Colusa,011,21464,2311,2271,496,2767,16
2021-08-30,Contra Costa,013,1133247,90692,87679,1763,89442,872
2021-08-30,Del Norte,015,27424,3004,2796,17,2813,11
2021-08-30,El Dorado,017,186661,13821,13217,1260,14477,119
2021-08-30,Fresno,019,978130,119144,115867,10401,126268,1790
2021-08-30,Glenn,021,27897,2919,2804,808,3612,20
2021-08-30,Humboldt,023,135768,7227,6930,255,7185,52
2021-08-30,Imperial,025,180216,30600,30311,2845,33156,750
2021-08-30,Inyo,027,18085,1565,1544,15,1559,39
2021-08-30,Kern,029,883053,110165,107615,15333,122948,1389
2021-08-30,Kings,031,150075,27072,26236,1423,27659,259
2021-08-30,Lake,033,64148,5535,5323,77,5400,74
2021-08-30,Lassen,035,31185,5827,5667,164,5831,21
2021-08-30,Los Angeles,037,10098052,1360250,1344949,49409,1394358,25269
2021-08-30,Madera,039,155013,19276,18622,1399,20021,247
2021-08-30,Marin,041,260295,16374,16160,352,16512,240
2021-08-30,Mariposa,043,17540,760,715,21,736,5
2021-08-30,Mendocino,045,87422,5986,5721,222,5943,55
2021-08-30,Merced,047,269075,35976,35335,1354,36689,497
2021-08-30,Modoc,049,8938,448,436,155,591,5
2021-08-30,Mono,051,14174,1424,1390,17,1407,3
2021-08-30,Monterey,053,433212,46173,45463,2339,47802,539
2021-08-30,Napa,055,140530,11698,11579,70,11649,87
2021-08-30,Nevada,057,99092,7668,7356,252,7608,82
2021-08-30,Orange,059,3164182,288849,284750,13319,298069,5223
2021-08-30,Placer,061,380077,31458,29825,2767,32592,319
2021-08-30,Plumas,063,18699,1062,998,17,1015,5
2021-08-30,Riverside,065,2383286,334158,327593,15279,342872,4623
2021-08-30,Sacramento,067,1510023,138690,134571,3053,137624,1847
2021-08-30,San Benito,069,59416,6741,6663,130,6793,64
2021-08-30,San Bernardino,071,2135413,329087,324870,10086,334956,5348
2021-08-30,San Diego,073,3302833,338042,333011,19840,352851,3885
2021-08-30,San Francisco,075,870044,48048,46966,1979,48945,581
2021-08-30,San Joaquin,077,732212,88631,86203,4574,90777,1528
2021-08-30,San Luis Obispo,079,281455,26127,25422,988,26410,280
2021-08-30,San Mateo,081,765935,50006,48839,719,49558,554
2021-08-30,Santa Barbara,083,443738,40004,38998,1344,40342,481
2021-08-30,Santa Clara,085,1922200,136126,133281,1000,134281,1789
2021-08-30,Santa Cruz,087,273765,18666,18326,928,19254,210
2021-08-30,Shasta,089,179085,15985,15238,2319,17557,217
2021-08-30,Sierra,091,2930,118,91,13,104,0
2021-08-30,Siskiyou,093,43540,2605,2411,755,3166,33
2021-08-30,Solano,095,438530,41906,39986,1035,41021,290
2021-08-30,Sonoma,097,501317,37787,36764,453,37217,352
2021-08-30,Stanislaus,099,539301,67618,66173,7501,73674,1074
2021-08-30,Sutter,101,95872,12021,11791,158,11949,136
2021-08-30,Tehama,103,63373,6354,6085,898,6983,71
2021-08-30,Trinity,105,12862,632,468,159,627,3
2021-08-30,Tulare,107,460477,57090,55140,11302,66442,870
2021-08-30,Tuolumne,109,53932,5591,5492,63,5555,74
2021-08-30,Ventura,111,848112,91439,90149,3905,94054,1082
2021-08-30,Yolo,113,214977,17525,17071,743,17814,231
2021-08-30,Yuba,115,75493,8416,8129,177,8306,54
2021-08-29,Alameda,001,1643700,109431,107494,2441,109935,1296
2021-08-29,Alpine,003,1148,91,92,0,92,0
2021-08-29,Amador,005,37829,4619,4501,42,4543,53
2021-08-29,Butte,007,227075,16237,15602,2772,18374,214
2021-08-29,Calaveras,009,45235,3048,2970,19,2989,59
2021-08-29,Colusa,011,21464,2304,2260,490,2750,16
2021-08-29,Contra Costa,013,1133247,90396,87439,1758,89197,872
2021-08-29,Del Norte,015,27424,2961,2752,17,2769,11
2021-08-29,El Dorado,017,186661,13765,13166,1249,14415,119
2021-08-29,Fresno,019,978130,118545,115502,10332,125834,1790
2021-08-29,Glenn,021,27897,2901,2778,801,3579,20
2021-08-29,Humboldt,023,135768,7183,6922,240,7162,52
2021-08-29,Imperial,025,180216,30539,30293,2834,33127,750
2021-08-29,Inyo,027,18085,1555,1543,14,1557,39
2021-08-29,Kern,029,883053,109714,107324,15163,122487,1389
2021-08-29,Kings,031,150075,26918,26143,1409,27552,259
2021-08-29,Lake,033,64148,5495,5293,67,5360,74
2021-08-29,Lassen,035,31185,5804,5666,160,5826,21
2021-08-29,Los Angeles,037,10098052,1357503,1342541,49298,1391839,25263
2021-08-29,Madera,039,155013,19189,18594,1383,19977,247
2021-08-29,Marin,041,260295,16343,16134,350,16484,240
2021-08-29,Mariposa,043,17540,754,709,19,728,5
2021-08-29,Mendocino,045,87422,5928,5689,209,5898,55
2021-08-29,Merced,047,269075,35737,35250,1342,36592,497
2021-08-29,Modoc,049,8938,445,436,155,591,5
2021-08-29,Mono,051,14174,1417,1387,17,1404,3
2021-08-29,Monterey,053,433212,46067,45424,2316,47740,539
2021-08-29,Napa,055,140530,11667,11552,70,11622,87
2021-08-29,Nevada,057,99092,7611,7294,251,7545,82
2021-08-29,Orange,059,3164182,288221,284432,13277,297709,5223
2021-08-29,Placer,061,380077,31286,29674,2726,32400,319
2021-08-29,Plumas,063,18699,1051,996,17,1013,5
2021-08-29,Riverside,065,2383286,333299,326987,15258,342245,4623
2021-08-29,Sacramento,067,1510023,137937,133981,3004,136985,1843
2021-08-29,San Benito,069,59416,6716,6646,130,6776,64
2021-08-29,San Bernardino,071,2135413,328302,324266,10052,334318,5347
2021-08-29,San Diego,073,3302833,336936,332014,19745,351759,3880
2021-08-29,San Francisco,075,870044,47913,46885,1967,48852,581
2021-08-29,San Joaquin,077,732212,88183,85922,4554,90476,1528
2021-08-29,San Luis Obispo,079,281455,25929,25288,980,26268,280
2021-08-29,San Mateo,081,765935,49893,48737,714,49451,554
2021-08-29,Santa Barbara,083,443738,39838,38900,1340,40240,481
2021-08-29,Santa Clara,085,1922200,135773,132979,994,133973,1789
2021-08-29,Santa Cruz,087,273765,18619,18285,926,19211,210
2021-08-29,Shasta,089,179085,15831,15198,2292,17490,217
2021-08-29,Sierra,091,2930,116,91,13,104,0
2021-08-29,Siskiyou,093,43540,2558,2407,735,3142,33
2021-08-29,Solano,095,438530,41752,39887,1028,40915,290
2021-08-29,Sonoma,097,501317,37652,36650,449,37099,352
2021-08-29,Stanislaus,099,539301,67273,65956,7465,73421,1074
2021-08-29,Sutter,101,95872,11962,11719,151,11870,136
2021-08-29,Tehama,103,63373,6283,6040,875,6915,71
2021-08-29,Trinity,105,12862,629,468,156,624,3
2021-08-29,Tulare,107,460477,56757,54974,11218,66192,870
2021-08-29,Tuolumne,109,53932,5565,5478,62,5540,74
2021-08-29,Ventura,111,848112,91181,90114,3896,94010,1082
2021-08-29,Yolo,113,214977,17425,17015,730,17745,231
2021-08-29,Yuba,115,75493,8352,8042,177,8219,54
2021-08-28,Alameda,001,1643700,109268,107007,2432,109439,1296
2021-08-28,Alpine,003,1148,91,92,0,92,0
2021-08-28,Amador,005,37829,4600,4484,41,4525,53
2021-08-28,Butte,007,227075,16177,15487,2744,18231,214
2021-08-28,Calaveras,009,45235,3038,2926,19,2945,59
2021-08-28,Colusa,011,21464,2300,2252,488,2740,16
2021-08-28,Contra Costa,013,1133247,90185,86938,1755,88693,872
2021-08-28,Del Norte,015,27424,2934,2734,16,2750,11
2021-08-28,El Dorado,017,186661,13726,13089,1243,14332,119
2021-08-28,Fresno,019,978130,118304,115079,10301,125380,1792
2021-08-28,Glenn,021,27897,2892,2773,794,3567,20
2021-08-28,Humboldt,023,135768,7148,6887,235,7122,52
2021-08-28,Imperial,025,180216,30512,30260,2831,33091,750
2021-08-28,Inyo,027,18085,1553,1539,14,1553,39
2021-08-28,Kern,029,883053,109476,107012,15023,122035,1389
2021-08-28,Kings,031,150075,26851,26059,1406,27465,257
2021-08-28,Lake,033,64148,5472,5267,63,5330,74
2021-08-28,Lassen,035,31185,5789,5665,159,5824,21
2021-08-28,Los Angeles,037,10098052,1356288,1337097,49227,1386324,25234
2021-08-28,Madera,039,155013,19138,18553,1369,19922,247
2021-08-28,Marin,041,260295,16328,16106,350,16456,240
2021-08-28,Mariposa,043,17540,752,704,19,723,5
2021-08-28,Mendocino,045,87422,5903,5658,209,5867,55
2021-08-28,Merced,047,269075,35685,35108,1339,36447,497
2021-08-28,Modoc,049,8938,445,436,154,590,5
2021-08-28,Mono,051,14174,1414,1385,17,1402,3
2021-08-28,Monterey,053,433212,46025,45394,2311,47705,539
2021-08-28,Napa,055,140530,11644,11512,69,11581,88
2021-08-28,Nevada,057,99092,7587,7238,249,7487,82
2021-08-28,Orange,059,3164182,287864,283953,13229,297182,5222
2021-08-28,Placer,061,380077,31177,29428,2713,32141,319
2021-08-28,Plumas,063,18699,1044,991,17,1008,5
2021-08-28,Riverside,065,2383286,332711,326222,15248,341470,4623
2021-08-28,Sacramento,067,1510023,137547,132985,2987,135972,1844
2021-08-28,San Benito,069,59416,6709,6636,130,6766,64
2021-08-28,San Bernardino,071,2135413,327854,323672,10044,333716,5348
2021-08-28,San Diego,073,3302833,336352,331330,19709,351039,3880
2021-08-28,San Francisco,075,870044,47841,46654,1960,48614,581
2021-08-28,San Joaquin,077,732212,88013,85481,4545,90026,1527
2021-08-28,San Luis Obispo,079,281455,25862,25138,975,26113,280
2021-08-28,San Mateo,081,765935,49819,48575,710,49285,554
2021-08-28,Santa Barbara,083,443738,39767,38780,1340,40120,481
2021-08-28,Santa Clara,085,1922200,135566,132488,992,133480,1789
2021-08-28,Santa Cruz,087,273765,18601,18240,923,19163,210
2021-08-28,Shasta,089,179085,15728,15147,2274,17421,217
2021-08-28,Sierra,091,2930,112,91,13,104,0
2021-08-28,Siskiyou,093,43540,2550,2402,724,3126,33
2021-08-28,Solano,095,438530,41703,39610,1027,40637,290
2021-08-28,Sonoma,097,501317,37579,36466,447,36913,352
2021-08-28,Stanislaus,099,539301,67115,65670,7448,73118,1074
2021-08-28,Sutter,101,95872,11941,11669,150,11819,136
2021-08-28,Tehama,103,63373,6257,6004,864,6868,71
2021-08-28,Trinity,105,12862,625,463,155,618,3
2021-08-28,Tulare,107,460477,56627,54746,11176,65922,870
2021-08-28,Tuolumne,109,53932,5549,5469,62,5531,74
2021-08-28,Ventura,111,848112,91063,89934,3894,93828,1081
2021-08-28,Yolo,113,214977,17389,16907,723,17630,231
2021-08-28,Yuba,115,75493,8321,7985,176,8161,55
2021-08-27,Alameda,001,1643700,109057,106622,2430,109052,1296
2021-08-27,Alpine,003,1148,91,92,0,92,0
2021-08-27,Amador,005,37829,4584,4458,40,4498,53
2021-08-27,Butte,007,227075,16097,15277,2722,17999,214
2021-08-27,Calaveras,009,45235,3024,2903,19,2922,59
2021-08-27,Colusa,011,21464,2294,2240,486,2726,16
2021-08-27,Contra Costa,013,1133247,89987,86386,1752,88138,872
2021-08-27,Del Norte,015,27424,2902,2695,16,2711,11
2021-08-27,El Dorado,017,186661,13687,12968,1239,14207,119
2021-08-27,Fresno,019,978130,117870,114481,10279,124760,1774
2021-08-27,Glenn,021,27897,2874,2754,785,3539,20
2021-08-27,Humboldt,023,135768,7115,6782,232,7014,52
2021-08-27,Imperial,025,180216,30492,30201,2829,33030,750
2021-08-27,Inyo,027,18085,1552,1529,14,1543,39
2021-08-27,Kern,029,883053,109182,106570,14913,121483,1385
2021-08-27,Kings,031,150075,26772,25957,1404,27361,257
2021-08-27,Lake,033,64148,5447,5228,62,5290,74
2021-08-27,Lassen,035,31185,5773,5646,154,5800,21
2021-08-27,Los Angeles,037,10098052,1354760,1337006,49165,1386171,25230
2021-08-27,Madera,039,155013,19082,18476,1356,19832,247
2021-08-27,Marin,041,260295,16312,16055,348,16403,240
2021-08-27,Mariposa,043,17540,746,690,19,709,5
2021-08-27,Mendocino,045,87422,5872,5602,208,5810,55
2021-08-27,Merced,047,269075,35631,34906,1331,36237,495
2021-08-27,Modoc,049,8938,445,434,154,588,5
2021-08-27,Mono,051,14174,1409,1385,17,1402,3
2021-08-27,Monterey,053,433212,45976,45337,2303,47640,539
2021-08-27,Napa,055,140530,11610,11460,69,11529,87
2021-08-27,Nevada,057,99092,7547,7169,247,7416,82
2021-08-27,Orange,059,3164182,287504,283407,13190,296597,5206
2021-08-27,Placer,061,380077,31047,29157,2694,31851,320
2021-08-27,Plumas,063,18699,1038,984,17,1001,5
2021-08-27,Riverside,065,2383286,332193,325379,15233,340612,4622
2021-08-27,Sacramento,067,1510023,137112,131921,2974,134895,1838
2021-08-27,San Benito,069,59416,6703,6622,130,6752,64
2021-08-27,San Bernardino,071,2135413,327328,322893,10026,332919,5342
2021-08-27,San Diego,073,3302833,335571,330162,19655,349817,3877
2021-08-27,San Francisco,075,870044,47765,46456,1942,48398,581
2021-08-27,San Joaquin,077,732212,87830,84949,4526,89475,1524
2021-08-27,San Luis Obispo,079,281455,25813,24952,972,25924,280
2021-08-27,San Mateo,081,765935,49744,48424,706,49130,553
2021-08-27,Santa Barbara,083,443738,39675,38675,1338,40013,480
2021-08-27,Santa Clara,085,1922200,135336,132011,989,133000,1783
2021-08-27,Santa Cruz,087,273765,18562,18163,919,19082,210
2021-08-27,Shasta,089,179085,15649,14996,2258,17254,217
2021-08-27,Sierra,091,2930,111,91,13,104,0
2021-08-27,Siskiyou,093,43540,2535,2358,710,3068,33
2021-08-27,Solano,095,438530,41589,39347,1023,40370,287
2021-08-27,Sonoma,097,501317,37508,36326,446,36772,342
2021-08-27,Stanislaus,099,539301,66906,65167,7411,72578,1061
2021-08-27,Sutter,101,95872,11895,11590,148,11738,135
2021-08-27,Tehama,103,63373,6225,5964,849,6813,71
2021-08-27,Trinity,105,12862,625,458,154,612,3
2021-08-27,Tulare,107,460477,56492,54443,11131,65574,870
2021-08-27,Tuolumne,109,53932,5517,5438,62,5500,74
2021-08-27,Ventura,111,848112,90934,89774,3890,93664,1076
2021-08-27,Yolo,113,214977,17346,16805,718,17523,231
2021-08-27,Yuba,115,75493,8264,7926,176,8102,54
2021-08-26,Alameda,001,1643700,108788,106146,2422,108568,1296
2021-08-26,Alpine,003,1148,91,92,0,92,0
2021-08-26,Amador,005,37829,4569,4442,39,4481,53
2021-08-26,Butte,007,227075,15962,15159,2681,17840,214
2021-08-26,Calaveras,009,45235,3013,2873,19,2892,59
2021-08-26,Colusa,011,21464,2287,2234,482,2716,16
2021-08-26,Contra Costa,013,1133247,89627,85808,1746,87554,866
2021-08-26,Del Norte,015,27424,2866,2625,16,2641,8
2021-08-26,El Dorado,017,186661,13618,12863,1225,14088,118
2021-08-26,Fresno,019,978130,117369,113854,10226,124080,1770
2021-08-26,Glenn,021,27897,2856,2740,776,3516,20
2021-08-26,Humboldt,023,135768,7057,6695,222,6917,53
2021-08-26,Imperial,025,180216,30443,30121,2822,32943,748
2021-08-26,Inyo,027,18085,1542,1521,13,1534,39
2021-08-26,Kern,029,883053,108754,106051,14771,120822,1380
2021-08-26,Kings,031,150075,26649,25838,1396,27234,260
2021-08-26,Lake,033,64148,5401,5196,59,5255,74
2021-08-26,Lassen,035,31185,5761,5626,152,5778,21
2021-08-26,Los Angeles,037,10098052,1352483,1334372,49072,1383444,25199
2021-08-26,Madera,039,155013,19012,18393,1343,19736,247
2021-08-26,Marin,041,260295,16283,15983,345,16328,240
2021-08-26,Mariposa,043,17540,736,677,19,696,5
2021-08-26,Mendocino,045,87422,5834,5533,203,5736,55
2021-08-26,Merced,047,269075,35464,34755,1310,36065,495
2021-08-26,Modoc,049,8938,445,433,154,587,5
2021-08-26,Mono,051,14174,1405,1385,17,1402,3
2021-08-26,Monterey,053,433212,45903,45265,2292,47557,539
2021-08-26,Napa,055,140530,11587,11394,68,11462,87
2021-08-26,Nevada,057,99092,7489,7086,244,7330,80
2021-08-26,Orange,059,3164182,287012,282814,13166,295980,5200
2021-08-26,Placer,061,380077,30877,28898,2668,31566,319
2021-08-26,Plumas,063,18699,1031,971,16,987,5
2021-08-26,Riverside,065,2383286,331401,324486,15213,339699,4615
2021-08-26,Sacramento,067,1510023,136578,130977,2933,133910,1827
2021-08-26,San Benito,069,59416,6693,6604,130,6734,64
2021-08-26,San Bernardino,071,2135413,326670,322100,10001,332101,5339
2021-08-26,San Diego,073,3302833,334544,328276,19589,347865,3869
2021-08-26,San Francisco,075,870044,47639,46288,1937,48225,581
2021-08-26,San Joaquin,077,732212,87452,84429,4505,88934,1513
2021-08-26,San Luis Obispo,079,281455,25663,24831,965,25796,278
2021-08-26,San Mateo,081,765935,49615,48263,704,48967,553
2021-08-26,Santa Barbara,083,443738,39590,38566,1337,39903,479
2021-08-26,Santa Clara,085,1922200,135011,131443,985,132428,1782
2021-08-26,Santa Cruz,087,273765,18502,18072,917,18989,210
2021-08-26,Shasta,089,179085,15527,14891,2230,17121,217
2021-08-26,Sierra,091,2930,109,90,13,103,0
2021-08-26,Siskiyou,093,43540,2513,2342,697,3039,33
2021-08-26,Solano,095,438530,41440,39027,1015,40042,286
2021-08-26,Sonoma,097,501317,37419,36102,446,36548,337
2021-08-26,Stanislaus,099,539301,66606,64785,7370,72155,1061
2021-08-26,Sutter,101,95872,11835,11499,145,11644,135
2021-08-26,Tehama,103,63373,6167,5913,836,6749,68
2021-08-26,Trinity,105,12862,620,450,152,602,3
2021-08-26,Tulare,107,460477,56235,54157,11085,65242,870
2021-08-26,Tuolumne,109,53932,5497,5387,62,5449,74
2021-08-26,Ventura,111,848112,90748,89595,3881,93476,1080
2021-08-26,Yolo,113,214977,17282,16727,707,17434,231
2021-08-26,Yuba,115,75493,8191,7834,174,8008,54
2021-08-25,Alameda,001,1643700,108473,105636,2415,108051,1296
2021-08-25,Alpine,003,1148,91,92,0,92,0
2021-08-25,Amador,005,37829,4554,4415,39,4454,53
2021-08-25,Butte,007,227075,15854,15039,2638,17677,214
2021-08-25,Calaveras,009,45235,2994,2851,19,2870,59
2021-08-25,Colusa,011,21464,2280,2227,473,2700,16
2021-08-25,Contra Costa,013,1133247,89239,85322,1740,87062,863
2021-08-25,Del Norte,015,27424,2821,2573,16,2589,8
2021-08-25,El Dorado,017,186661,13558,12787,1210,13997,118
2021-08-25,Fresno,019,978130,116829,113384,10184,123568,1761
2021-08-25,Glenn,021,27897,2838,2728,761,3489,20
2021-08-25,Humboldt,023,135768,6988,6653,213,6866,52
2021-08-25,Imperial,025,180216,30406,30085,2816,32901,748
2021-08-25,Inyo,027,18085,1538,1518,13,1531,39
2021-08-25,Kern,029,883053,108323,105687,14616,120303,1379
2021-08-25,Kings,031,150075,26542,25676,1390,27066,258
2021-08-25,Lake,033,64148,5371,5163,56,5219,74
2021-08-25,Lassen,035,31185,5744,5583,151,5734,21
2021-08-25,Los Angeles,037,10098052,1349884,1331400,48974,1380374,25170
2021-08-25,Madera,039,155013,18948,18311,1321,19632,247
2021-08-25,Marin,041,260295,16261,15938,339,16277,240
2021-08-25,Mariposa,043,17540,730,676,19,695,5
2021-08-25,Mendocino,045,87422,5800,5486,197,5683,53
2021-08-25,Merced,047,269075,35332,34600,1297,35897,492
2021-08-25,Modoc,049,8938,445,433,154,587,5
2021-08-25,Mono,051,14174,1401,1382,17,1399,3
2021-08-25,Monterey,053,433212,45829,45196,2277,47473,539
2021-08-25,Napa,055,140530,11554,11348,67,11415,87
2021-08-25,Nevada,057,99092,7423,7000,243,7243,77
2021-08-25,Orange,059,3164182,286486,282061,13132,295193,5193
2021-08-25,Placer,061,380077,30701,28740,2636,31376,319
2021-08-25,Plumas,063,18699,1016,962,16,978,5
2021-08-25,Riverside,065,2383286,330557,323548,15191,338739,4610
2021-08-25,Sacramento,067,1510023,135895,130046,2895,132941,1827
2021-08-25,San Benito,069,59416,6672,6587,129,6716,64
2021-08-25,San Bernardino,071,2135413,325978,321228,9980,331208,5337
2021-08-25,San Diego,073,3302833,333276,327166,19504,346670,3859
2021-08-25,San Francisco,075,870044,47489,46107,1932,48039,578
2021-08-25,San Joaquin,077,732212,87067,84002,4488,88490,1510
2021-08-25,San Luis Obispo,079,281455,25471,24607,961,25568,276
2021-08-25,San Mateo,081,765935,49493,48153,701,48854,553
2021-08-25,Santa Barbara,083,443738,39461,38450,1337,39787,479
2021-08-25,Santa Clara,085,1922200,134643,130995,983,131978,1783
2021-08-25,Santa Cruz,087,273765,18442,17987,914,18901,210
2021-08-25,Shasta,089,179085,15401,14752,2198,16950,217
2021-08-25,Sierra,091,2930,106,90,13,103,0
2021-08-25,Siskiyou,093,43540,2468,2322,679,3001,33
2021-08-25,Solano,095,438530,41268,38848,1003,39851,286
2021-08-25,Sonoma,097,501317,37295,35986,443,36429,336
2021-08-25,Stanislaus,099,539301,66324,64441,7338,71779,1061
2021-08-25,Sutter,101,95872,11767,11451,141,11592,134
2021-08-25,Tehama,103,63373,6108,5861,819,6680,68
2021-08-25,Trinity,105,12862,614,450,151,601,3
2021-08-25,Tulare,107,460477,55951,53877,11015,64892,866
2021-08-25,Tuolumne,109,53932,5471,5354,62,5416,74
2021-08-25,Ventura,111,848112,90564,89379,3867,93246,1068
2021-08-25,Yolo,113,214977,17217,16667,697,17364,231
2021-08-25,Yuba,115,75493,8125,7771,173,7944,54
2021-08-24,Alameda,001,1643700,108165,105319,2403,107722,1296
2021-08-24,Alpine,003,1148,91,92,0,92,0
2021-08-24,Amador,005,37829,4535,4380,39,4419,50
2021-08-24,Butte,007,227075,15700,14964,2604,17568,214
2021-08-24,Calaveras,009,45235,2955,2811,19,2830,59
2021-08-24,Colusa,011,21464,2272,2221,468,2689,16
2021-08-24,Contra Costa,013,1133247,88875,84963,1735,86698,857
2021-08-24,Del Norte,015,27424,2794,2543,16,2559,8
2021-08-24,El Dorado,017,186661,13481,12732,1195,13927,118
2021-08-24,Fresno,019,978130,116221,113024,10121,123145,1761
2021-08-24,Glenn,021,27897,2823,2717,754,3471,20
2021-08-24,Humboldt,023,135768,6925,6585,200,6785,52
2021-08-24,Imperial,025,180216,30345,30045,2811,32856,748
2021-08-24,Inyo,027,18085,1533,1512,13,1525,39
2021-08-24,Kern,029,883053,107859,105399,14452,119851,1375
2021-08-24,Kings,031,150075,26421,25629,1375,27004,258
2021-08-24,Lake,033,64148,5336,5135,56,5191,72
2021-08-24,Lassen,035,31185,5728,5576,149,5725,21
2021-08-24,Los Angeles,037,10098052,1347019,1328777,48868,1377645,25135
2021-08-24,Madera,039,155013,18872,18251,1304,19555,247
2021-08-24,Marin,041,260295,16225,15900,335,16235,240
2021-08-24,Mariposa,043,17540,723,670,19,689,5
2021-08-24,Mendocino,045,87422,5757,5416,190,5606,52
2021-08-24,Merced,047,269075,35164,34490,1286,35776,491
2021-08-24,Modoc,049,8938,445,432,154,586,5
2021-08-24,Mono,051,14174,1399,1382,17,1399,3
2021-08-24,Monterey,053,433212,45763,45126,2260,47386,539
2021-08-24,Napa,055,140530,11522,11299,66,11365,85
2021-08-24,Nevada,057,99092,7353,6981,241,7222,77
2021-08-24,Orange,059,3164182,285886,281461,13108,294569,5187
2021-08-24,Placer,061,380077,30496,28618,2597,31215,318
2021-08-24,Plumas,063,18699,1006,953,16,969,5
2021-08-24,Riverside,065,2383286,329684,322620,15162,337782,4605
2021-08-24,Sacramento,067,1510023,135212,129542,2849,132391,1812
2021-08-24,San Benito,069,59416,6659,6576,129,6705,64
2021-08-24,San Bernardino,071,2135413,325223,320300,9950,330250,5328
2021-08-24,San Diego,073,3302833,331833,325823,19395,345218,3851
2021-08-24,San Francisco,075,870044,47314,46010,1922,47932,574
2021-08-24,San Joaquin,077,732212,86627,83684,4451,88135,1508
2021-08-24,San Luis Obispo,079,281455,25294,24443,950,25393,274
2021-08-24,San Mateo,081,765935,49344,48050,699,48749,553
2021-08-24,Santa Barbara,083,443738,39330,38307,1336,39643,478
2021-08-24,Santa Clara,085,1922200,134219,130763,979,131742,1779
2021-08-24,Santa Cruz,087,273765,18367,17928,908,18836,209
2021-08-24,Shasta,089,179085,15293,14664,2167,16831,217
2021-08-24,Sierra,091,2930,103,90,13,103,0
2021-08-24,Siskiyou,093,43540,2446,2294,664,2958,33
2021-08-24,Solano,095,438530,41059,38724,991,39715,283
2021-08-24,Sonoma,097,501317,37167,35849,441,36290,336
2021-08-24,Stanislaus,099,539301,65995,64195,7284,71479,1058
2021-08-24,Sutter,101,95872,11700,11384,138,11522,134
2021-08-24,Tehama,103,63373,6062,5826,805,6631,67
2021-08-24,Trinity,105,12862,603,446,143,589,3
2021-08-24,Tulare,107,460477,55600,53702,10925,64627,856
2021-08-24,Tuolumne,109,53932,5440,5287,62,5349,74
2021-08-24,Ventura,111,848112,90380,89167,3856,93023,1068
2021-08-24,Yolo,113,214977,17139,16492,684,17176,231
2021-08-24,Yuba,115,75493,8042,7723,171,7894,54
2021-08-23,Alameda,001,1643700,107757,104922,2390,107312,1294
2021-08-23,Alpine,003,1148,91,91,0,91,0
2021-08-23,Amador,005,37829,4521,4369,39,4408,50
2021-08-23,Butte,007,227075,15554,14847,2566,17413,211
2021-08-23,Calaveras,009,45235,2928,2803,19,2822,59
2021-08-23,Colusa,011,21464,2268,2206,465,2671,16
2021-08-23,Contra Costa,013,1133247,88497,84651,1728,86379,857
2021-08-23,Del Norte,015,27424,2748,2499,16,2515,8
2021-08-23,El Dorado,017,186661,13378,12684,1173,13857,118
2021-08-23,Fresno,019,978130,115660,112445,10071,122516,1759
2021-08-23,Glenn,021,27897,2807,2696,744,3440,20
2021-08-23,Humboldt,023,135768,6852,6498,186,6684,52
2021-08-23,Imperial,025,180216,30294,30011,2808,32819,748
2021-08-23,Inyo,027,18085,1526,1509,13,1522,39
2021-08-23,Kern,029,883053,107404,104995,14298,119293,1375
2021-08-23,Kings,031,150075,26290,25465,1369,26834,257
2021-08-23,Lake,033,64148,5296,5099,54,5153,69
2021-08-23,Lassen,035,31185,5716,5562,149,5711,21
2021-08-23,Los Angeles,037,10098052,1344048,1326412,48738,1375150,25096
2021-08-23,Madera,039,155013,18786,18155,1289,19444,246
2021-08-23,Marin,041,260295,16177,15856,331,16187,240
2021-08-23,Mariposa,043,17540,712,645,19,664,5
2021-08-23,Mendocino,045,87422,5690,5374,183,5557,51
2021-08-23,Merced,047,269075,34982,34322,1281,35603,488
2021-08-23,Modoc,049,8938,442,431,153,584,6
2021-08-23,Mono,051,14174,1395,1384,17,1401,3
2021-08-23,Monterey,053,433212,45663,45047,2250,47297,538
2021-08-23,Napa,055,140530,11484,11257,66,11323,85
2021-08-23,Nevada,057,99092,7272,6930,239,7169,77
2021-08-23,Orange,059,3164182,285252,280891,13074,293965,5181
2021-08-23,Placer,061,380077,30296,28540,2559,31099,314
2021-08-23,Plumas,063,18699,998,934,16,950,5
2021-08-23,Riverside,065,2383286,328766,321650,15136,336786,4598
2021-08-23,Sacramento,067,1510023,134424,128969,2782,131751,1807
2021-08-23,San Benito,069,59416,6641,6562,127,6689,64
2021-08-23,San Bernardino,071,2135413,324418,319577,9911,329488,5324
2021-08-23,San Diego,073,3302833,330400,324536,19272,343808,3848
2021-08-23,San Francisco,075,870044,47159,45945,1913,47858,573
2021-08-23,San Joaquin,077,732212,86194,83466,4418,87884,1499
2021-08-23,San Luis Obispo,079,281455,25111,24317,948,25265,274
2021-08-23,San Mateo,081,765935,49206,47935,696,48631,553
2021-08-23,Santa Barbara,083,443738,39151,38181,1334,39515,478
2021-08-23,Santa Clara,085,1922200,133819,130489,975,131464,1778
2021-08-23,Santa Cruz,087,273765,18310,17871,907,18778,209
2021-08-23,Shasta,089,179085,15166,14537,2129,16666,216
2021-08-23,Sierra,091,2930,103,90,13,103,0
2021-08-23,Siskiyou,093,43540,2425,2274,643,2917,33
2021-08-23,Solano,095,438530,40905,38612,982,39594,283
2021-08-23,Sonoma,097,501317,37047,35769,440,36209,336
2021-08-23,Stanislaus,099,539301,65661,63922,7245,71167,1058
2021-08-23,Sutter,101,95872,11612,11314,130,11444,133
2021-08-23,Tehama,103,63373,6008,5805,789,6594,67
2021-08-23,Trinity,105,12862,600,435,140,575,3
2021-08-23,Tulare,107,460477,55292,53370,10853,64223,856
2021-08-23,Tuolumne,109,53932,5398,5240,62,5302,73
2021-08-23,Ventura,111,848112,90162,88960,3844,92804,1063
2021-08-23,Yolo,113,214977,17050,16445,670,17115,226
2021-08-23,Yuba,115,75493,7971,7653,169,7822,54
2021-08-22,Alameda,001,1643700,107313,104539,2363,106902,1294
2021-08-22,Alpine,003,1148,91,91,0,91,0
2021-08-22,Amador,005,37829,4491,4349,39,4388,50
2021-08-22,Butte,007,227075,15414,14791,2532,17323,211
2021-08-22,Calaveras,009,45235,2890,2771,19,2790,59
2021-08-22,Colusa,011,21464,2261,2201,459,2660,16
2021-08-22,Contra Costa,013,1133247,87954,84371,1715,86086,857
2021-08-22,Del Norte,015,27424,2688,2455,16,2471,8
2021-08-22,El Dorado,017,186661,13274,12629,1153,13782,118
2021-08-22,Fresno,019,978130,115061,112057,10002,122059,1759
2021-08-22,Glenn,021,27897,2780,2678,731,3409,20
2021-08-22,Humboldt,023,135768,6774,6483,168,6651,52
2021-08-22,Imperial,025,180216,30236,29993,2803,32796,748
2021-08-22,Inyo,027,18085,1520,1505,13,1518,39
2021-08-22,Kern,029,883053,106878,104691,14146,118837,1375
2021-08-22,Kings,031,150075,26132,25391,1352,26743,257
2021-08-22,Lake,033,64148,5251,5069,51,5120,69
2021-08-22,Lassen,035,31185,5684,5556,145,5701,21
2021-08-22,Los Angeles,037,10098052,1340725,1324151,48609,1372760,25089
2021-08-22,Madera,039,155013,18667,18120,1275,19395,246
2021-08-22,Marin,041,260295,16125,15822,323,16145,240
2021-08-22,Mariposa,043,17540,702,638,17,655,5
2021-08-22,Mendocino,045,87422,5631,5336,183,5519,51
2021-08-22,Merced,047,269075,34779,34234,1268,35502,488
2021-08-22,Modoc,049,8938,440,431,153,584,6
2021-08-22,Mono,051,14174,1393,1378,17,1395,3
2021-08-22,Monterey,053,433212,45564,45017,2236,47253,538
2021-08-22,Napa,055,140530,11439,11231,66,11297,85
2021-08-22,Nevada,057,99092,7198,6864,237,7101,77
2021-08-22,Orange,059,3164182,284558,280390,13030,293420,5181
2021-08-22,Placer,061,380077,30089,28395,2523,30918,314
2021-08-22,Plumas,063,18699,980,923,15,938,5
2021-08-22,Riverside,065,2383286,327745,320836,15089,335925,4594
2021-08-22,Sacramento,067,1510023,133649,128231,2742,130973,1802
2021-08-22,San Benito,069,59416,6625,6550,127,6677,64
2021-08-22,San Bernardino,071,2135413,323451,318839,9876,328715,5324
2021-08-22,San Diego,073,3302833,329078,323591,19166,342757,3848
2021-08-22,San Francisco,075,870044,46993,45831,1904,47735,573
2021-08-22,San Joaquin,077,732212,85736,83121,4383,87504,1498
2021-08-22,San Luis Obispo,079,281455,24905,24250,941,25191,274
2021-08-22,San Mateo,081,765935,49029,47821,691,48512,553
2021-08-22,Santa Barbara,083,443738,38970,38099,1326,39425,478
2021-08-22,Santa Clara,085,1922200,133402,130189,968,131157,1778
2021-08-22,Santa Cruz,087,273765,18252,17823,902,18725,209
2021-08-22,Shasta,089,179085,15029,14478,2093,16571,216
2021-08-22,Sierra,091,2930,103,87,13,100,0
2021-08-22,Siskiyou,093,43540,2396,2261,625,2886,33
2021-08-22,Solano,095,438530,40707,38489,969,39458,283
2021-08-22,Sonoma,097,501317,36890,35676,438,36114,336
2021-08-22,Stanislaus,099,539301,65308,63683,7155,70838,1058
2021-08-22,Sutter,101,95872,11530,11251,126,11377,133
2021-08-22,Tehama,103,63373,5962,5791,770,6561,67
2021-08-22,Trinity,105,12862,593,433,138,571,3
2021-08-22,Tulare,107,460477,54974,53220,10770,63990,856
2021-08-22,Tuolumne,109,53932,5355,5214,62,5276,73
2021-08-22,Ventura,111,848112,89953,88791,3827,92618,1063
2021-08-22,Yolo,113,214977,16946,16374,663,17037,226
2021-08-22,Yuba,115,75493,7898,7626,168,7794,54
2021-08-21,Alameda,001,1643700,107112,104281,2357,106638,1294
2021-08-21,Alpine,003,1148,91,91,0,91,0
2021-08-21,Amador,005,37829,4481,4338,38,4376,50
2021-08-21,Butte,007,227075,15346,14714,2513,17227,211
2021-08-21,Calaveras,009,45235,2874,2744,19,2763,59
2021-08-21,Colusa,011,21464,2255,2192,455,2647,16
2021-08-21,Contra Costa,013,1133247,87695,84136,1707,85843,857
2021-08-21,Del Norte,015,27424,2665,2409,16,2425,8
2021-08-21,El Dorado,017,186661,13230,12590,1149,13739,118
2021-08-21,Fresno,019,978130,114862,111765,9990,121755,1759
2021-08-21,Glenn,021,27897,2767,2654,723,3377,20
2021-08-21,Humboldt,023,135768,6736,6446,163,6609,52
2021-08-21,Imperial,025,180216,30193,29976,2800,32776,748
2021-08-21,Inyo,027,18085,1517,1500,13,1513,39
2021-08-21,Kern,029,883053,106623,104443,14023,118466,1375
2021-08-21,Kings,031,150075,26061,25313,1347,26660,257
2021-08-21,Lake,033,64148,5230,5055,49,5104,69
2021-08-21,Lassen,035,31185,5670,5553,145,5698,21
2021-08-21,Los Angeles,037,10098052,1339427,1321308,48517,1369825,25080
2021-08-21,Madera,039,155013,18629,18067,1269,19336,246
2021-08-21,Marin,041,260295,16091,15775,321,16096,240
2021-08-21,Mariposa,043,17540,692,634,17,651,5
2021-08-21,Mendocino,045,87422,5585,5307,182,5489,51
2021-08-21,Merced,047,269075,34674,34148,1263,35411,488
2021-08-21,Modoc,049,8938,440,430,153,583,6
2021-08-21,Mono,051,14174,1393,1378,17,1395,3
2021-08-21,Monterey,053,433212,45517,44969,2229,47198,538
2021-08-21,Napa,055,140530,11404,11211,66,11277,85
2021-08-21,Nevada,057,99092,7154,6810,236,7046,77
2021-08-21,Orange,059,3164182,284106,279855,12996,292851,5181
2021-08-21,Placer,061,380077,29951,28289,2499,30788,314
2021-08-21,Plumas,063,18699,976,916,14,930,5
2021-08-21,Riverside,065,2383286,327165,320086,15076,335162,4594
2021-08-21,Sacramento,067,1510023,133154,127751,2731,130482,1809
2021-08-21,San Benito,069,59416,6615,6542,126,6668,64
2021-08-21,San Bernardino,071,2135413,323002,318293,9855,328148,5324
2021-08-21,San Diego,073,3302833,328422,322620,19117,341737,3848
2021-08-21,San Francisco,075,870044,46891,45637,1897,47534,573
2021-08-21,San Joaquin,077,732212,85519,82825,4367,87192,1498
2021-08-21,San Luis Obispo,079,281455,24847,24169,941,25110,273
2021-08-21,San Mateo,081,765935,48934,47685,691,48376,553
2021-08-21,Santa Barbara,083,443738,38888,37951,1322,39273,478
2021-08-21,Santa Clara,085,1922200,133137,129911,964,130875,1778
2021-08-21,Santa Cruz,087,273765,18215,17763,897,18660,209
2021-08-21,Shasta,089,179085,14955,14417,2079,16496,217
2021-08-21,Sierra,091,2930,98,85,13,98,0
2021-08-21,Siskiyou,093,43540,2382,2246,614,2860,33
2021-08-21,Solano,095,438530,40596,38423,959,39382,281
2021-08-21,Sonoma,097,501317,36803,35582,437,36019,336
2021-08-21,Stanislaus,099,539301,65126,63512,7138,70650,1058
2021-08-21,Sutter,101,95872,11485,11204,124,11328,133
2021-08-21,Tehama,103,63373,5937,5757,763,6520,67
2021-08-21,Trinity,105,12862,588,431,136,567,3
2021-08-21,Tulare,107,460477,54829,53045,10727,63772,857
2021-08-21,Tuolumne,109,53932,5324,5193,62,5255,73
2021-08-21,Ventura,111,848112,89808,88558,3812,92370,1063
2021-08-21,Yolo,113,214977,16899,16322,657,16979,226
2021-08-21,Yuba,115,75493,7852,7580,167,7747,54
2021-08-20,Alameda,001,1643700,106877,103812,2349,106161,1294
2021-08-20,Alpine,003,1148,91,91,0,91,0
2021-08-20,Amador,005,37829,4455,4323,38,4361,50
2021-08-20,Butte,007,227075,15273,14617,2491,17108,211
2021-08-20,Calaveras,009,45235,2854,2717,19,2736,59
2021-08-20,Colusa,011,21464,2250,2178,453,2631,16
2021-08-20,Contra Costa,013,1133247,87420,83721,1700,85421,857
2021-08-20,Del Norte,015,27424,2633,2316,16,2332,8
2021-08-20,El Dorado,017,186661,13192,12495,1141,13636,118
2021-08-20,Fresno,019,978130,114505,111315,9956,121271,1759
2021-08-20,Glenn,021,27897,2760,2642,713,3355,20
2021-08-20,Humboldt,023,135768,6684,6349,158,6507,52
2021-08-20,Imperial,025,180216,30170,29934,2800,32734,747
2021-08-20,Inyo,027,18085,1511,1495,13,1508,39
2021-08-20,Kern,029,883053,106340,104048,13895,117943,1373
2021-08-20,Kings,031,150075,25995,25241,1345,26586,256
2021-08-20,Lake,033,64148,5215,5024,46,5070,69
2021-08-20,Lassen,035,31185,5650,5539,145,5684,21
2021-08-20,Los Angeles,037,10098052,1337548,1317541,48416,1365957,25049
2021-08-20,Madera,039,155013,18580,18018,1254,19272,246
2021-08-20,Marin,041,260295,16073,15727,317,16044,240
2021-08-20,Mariposa,043,17540,687,630,17,647,5
2021-08-20,Mendocino,045,87422,5539,5241,181,5422,51
2021-08-20,Merced,047,269075,34610,34035,1253,35288,486
2021-08-20,Modoc,049,8938,440,429,153,582,6
2021-08-20,Mono,051,14174,1392,1368,17,1385,3
2021-08-20,Monterey,053,433212,45479,44890,2223,47113,538
2021-08-20,Napa,055,140530,11372,11152,66,11218,83
2021-08-20,Nevada,057,99092,7112,6753,230,6983,77
2021-08-20,Orange,059,3164182,283661,279193,12975,292168,5179
2021-08-20,Placer,061,380077,29855,28156,2470,30626,313
2021-08-20,Plumas,063,18699,966,908,14,922,5
2021-08-20,Riverside,065,2383286,326469,319072,15045,334117,4594
2021-08-20,Sacramento,067,1510023,132678,127226,2714,129940,1797
2021-08-20,San Benito,069,59416,6601,6508,126,6634,64
2021-08-20,San Bernardino,071,2135413,322390,317372,9826,327198,5322
2021-08-20,San Diego,073,3302833,327513,321102,19047,340149,3846
2021-08-20,San Francisco,075,870044,46794,45432,1882,47314,573
2021-08-20,San Joaquin,077,732212,85288,82419,4348,86767,1496
2021-08-20,San Luis Obispo,079,281455,24769,23986,937,24923,273
2021-08-20,San Mateo,081,765935,48821,47561,688,48249,551
2021-08-20,Santa Barbara,083,443738,38802,37794,1317,39111,477
2021-08-20,Santa Clara,085,1922200,132855,129510,959,130469,1774
2021-08-20,Santa Cruz,087,273765,18175,17701,894,18595,209
2021-08-20,Shasta,089,179085,14874,14277,2061,16338,215
2021-08-20,Sierra,091,2930,97,83,13,96,0
2021-08-20,Siskiyou,093,43540,2366,2226,609,2835,33
2021-08-20,Solano,095,438530,40455,38214,948,39162,277
2021-08-20,Sonoma,097,501317,36735,35416,436,35852,336
2021-08-20,Stanislaus,099,539301,64937,63219,7114,70333,1047
2021-08-20,Sutter,101,95872,11429,11136,123,11259,133
2021-08-20,Tehama,103,63373,5921,5730,751,6481,66
2021-08-20,Trinity,105,12862,588,422,135,557,3
2021-08-20,Tulare,107,460477,54699,52855,10684,63539,856
2021-08-20,Tuolumne,109,53932,5300,5153,61,5214,73
2021-08-20,Ventura,111,848112,89640,88285,3809,92094,1061
2021-08-20,Yolo,113,214977,16844,16236,651,16887,225
2021-08-20,Yuba,115,75493,7811,7523,167,7690,54
2021-08-19,Alameda,001,1643700,106432,103276,2327,105603,1294
2021-08-19,Alpine,003,1148,91,91,0,91,0
2021-08-19,Amador,005,37829,4448,4317,38,4355,50
2021-08-19,Butte,007,227075,15139,14518,2463,16981,211
2021-08-19,Calaveras,009,45235,2832,2673,19,2692,59
2021-08-19,Colusa,011,21464,2241,2167,448,2615,16
2021-08-19,Contra Costa,013,1133247,86980,83296,1687,84983,852
2021-08-19,Del Norte,015,27424,2583,2257,16,2273,8
2021-08-19,El Dorado,017,186661,13106,12410,1122,13532,118
2021-08-19,Fresno,019,978130,114064,110947,9902,120849,1759
2021-08-19,Glenn,021,27897,2742,2629,706,3335,20
2021-08-19,Humboldt,023,135768,6623,6246,152,6398,52
2021-08-19,Imperial,025,180216,30124,29865,2795,32660,747
2021-08-19,Inyo,027,18085,1504,1494,13,1507,39
2021-08-19,Kern,029,883053,105944,103731,13754,117485,1371
2021-08-19,Kings,031,150075,25864,25128,1333,26461,256
2021-08-19,Lake,033,64148,5183,4991,42,5033,69
2021-08-19,Lassen,035,31185,5632,5520,144,5664,21
2021-08-19,Los Angeles,037,10098052,1334562,1314453,48275,1362728,25020
2021-08-19,Madera,039,155013,18518,17947,1239,19186,246
2021-08-19,Marin,041,260295,16040,15672,314,15986,240
2021-08-19,Mariposa,043,17540,672,618,17,635,5
2021-08-19,Mendocino,045,87422,5506,5167,178,5345,51
2021-08-19,Merced,047,269075,34475,33851,1239,35090,486
2021-08-19,Modoc,049,8938,440,427,153,580,6
2021-08-19,Mono,051,14174,1388,1349,17,1366,3
2021-08-19,Monterey,053,433212,45406,44821,2213,47034,538
2021-08-19,Napa,055,140530,11320,11104,66,11170,83
2021-08-19,Nevada,057,99092,7048,6695,227,6922,77
2021-08-19,Orange,059,3164182,283023,278562,12924,291486,5172
2021-08-19,Placer,061,380077,29675,27953,2453,30406,313
2021-08-19,Plumas,063,18699,953,896,14,910,5
2021-08-19,Riverside,065,2383286,325437,318056,15016,333072,4589
2021-08-19,Sacramento,067,1510023,131974,126720,2679,129399,1801
2021-08-19,San Benito,069,59416,6584,6493,125,6618,64
2021-08-19,San Bernardino,071,2135413,321566,316398,9803,326201,5318
2021-08-19,San Diego,073,3302833,326262,319582,18949,338531,3839
2021-08-19,San Francisco,075,870044,46631,45220,1869,47089,571
2021-08-19,San Joaquin,077,732212,84839,82047,4299,86346,1491
2021-08-19,San Luis Obispo,079,281455,24631,23878,930,24808,271
2021-08-19,San Mateo,081,765935,48689,47431,687,48118,551
2021-08-19,Santa Barbara,083,443738,38657,37693,1314,39007,477
2021-08-19,Santa Clara,085,1922200,132465,129133,952,130085,1774
2021-08-19,Santa Cruz,087,273765,18112,17644,887,18531,209
2021-08-19,Shasta,089,179085,14750,14200,2038,16238,214
2021-08-19,Sierra,091,2930,93,83,13,96,0
2021-08-19,Siskiyou,093,43540,2351,2218,597,2815,33
2021-08-19,Solano,095,438530,40297,38025,937,38962,273
2021-08-19,Sonoma,097,501317,36647,35233,435,35668,336
2021-08-19,Stanislaus,099,539301,64593,62928,7070,69998,1047
2021-08-19,Sutter,101,95872,11344,11057,122,11179,133
2021-08-19,Tehama,103,63373,5885,5683,725,6408,66
2021-08-19,Trinity,105,12862,584,414,133,547,3
2021-08-19,Tulare,107,460477,54467,52685,10621,63306,856
2021-08-19,Tuolumne,109,53932,5264,5112,60,5172,64
2021-08-19,Ventura,111,848112,89437,88073,3795,91868,1060
2021-08-19,Yolo,113,214977,16759,16153,643,16796,225
2021-08-19,Yuba,115,75493,7759,7458,166,7624,51
2021-08-18,Alameda,001,1643700,106026,102696,2306,105002,1294
2021-08-18,Alpine,003,1148,90,91,0,91,0
2021-08-18,Amador,005,37829,4432,4279,37,4316,50
2021-08-18,Butte,007,227075,15029,14426,2435,16861,208
2021-08-18,Calaveras,009,45235,2795,2643,18,2661,59
2021-08-18,Colusa,011,21464,2233,2160,444,2604,16
2021-08-18,Contra Costa,013,1133247,86481,82767,1681,84448,851
2021-08-18,Del Norte,015,27424,2526,2219,16,2235,8
2021-08-18,El Dorado,017,186661,13016,12306,1108,13414,118
2021-08-18,Fresno,019,978130,113609,110523,9841,120364,1759
2021-08-18,Glenn,021,27897,2709,2623,698,3321,20
2021-08-18,Humboldt,023,135768,6552,6195,147,6342,52
2021-08-18,Imperial,025,180216,30091,29821,2793,32614,746
2021-08-18,Inyo,027,18085,1501,1494,13,1507,39
2021-08-18,Kern,029,883053,105597,103440,13660,117100,1370
2021-08-18,Kings,031,150075,25755,24984,1325,26309,256
2021-08-18,Lake,033,64148,5142,4957,41,4998,69
2021-08-18,Lassen,035,31185,5613,5506,143,5649,21
2021-08-18,Los Angeles,037,10098052,1331409,1311477,48143,1359620,24984
2021-08-18,Madera,039,155013,18459,17871,1226,19097,246
2021-08-18,Marin,041,260295,16002,15610,311,15921,240
2021-08-18,Mariposa,043,17540,659,615,16,631,5
2021-08-18,Mendocino,045,87422,5455,5129,176,5305,51
2021-08-18,Merced,047,269075,34311,33708,1228,34936,484
2021-08-18,Modoc,049,8938,440,427,152,579,6
2021-08-18,Mono,051,14174,1385,1344,17,1361,3
2021-08-18,Monterey,053,433212,45322,44735,2196,46931,532
2021-08-18,Napa,055,140530,11281,11060,65,11125,83
2021-08-18,Nevada,057,99092,6982,6633,227,6860,76
2021-08-18,Orange,059,3164182,282385,277795,12872,290667,5168
2021-08-18,Placer,061,380077,29447,27741,2425,30166,312
2021-08-18,Plumas,063,18699,944,874,14,888,5
2021-08-18,Riverside,065,2383286,324439,317107,14983,332090,4585
2021-08-18,Sacramento,067,1510023,131213,125599,2647,128246,1781
2021-08-18,San Benito,069,59416,6573,6481,124,6605,64
2021-08-18,San Bernardino,071,2135413,320767,315477,9784,325261,5304
2021-08-18,San Diego,073,3302833,324922,318152,18883,337035,3834
2021-08-18,San Francisco,075,870044,46429,44957,1860,46817,568
2021-08-18,San Joaquin,077,732212,84386,81601,4268,85869,1491
2021-08-18,San Luis Obispo,079,281455,24481,23726,917,24643,270
2021-08-18,San Mateo,081,765935,48525,47255,686,47941,551
2021-08-18,Santa Barbara,083,443738,38526,37599,1308,38907,475
2021-08-18,Santa Clara,085,1922200,132101,128563,949,129512,1773
2021-08-18,Santa Cruz,087,273765,18057,17566,883,18449,209
2021-08-18,Shasta,089,179085,14651,14087,2019,16106,213
2021-08-18,Sierra,091,2930,92,83,13,96,0
2021-08-18,Siskiyou,093,43540,2322,2204,585,2789,33
2021-08-18,Solano,095,438530,40091,37812,922,38734,271
2021-08-18,Sonoma,097,501317,36503,35063,434,35497,333
2021-08-18,Stanislaus,099,539301,64262,62613,7027,69640,1047
2021-08-18,Sutter,101,95872,11272,11004,117,11121,130
2021-08-18,Tehama,103,63373,5850,5653,715,6368,66
2021-08-18,Trinity,105,12862,577,409,130,539,3
2021-08-18,Tulare,107,460477,54228,52486,10552,63038,856
2021-08-18,Tuolumne,109,53932,5228,5081,58,5139,64
2021-08-18,Ventura,111,848112,89205,87835,3785,91620,1055
2021-08-18,Yolo,113,214977,16676,16047,625,16672,225
2021-08-18,Yuba,115,75493,7694,7391,166,7557,51
2021-08-17,Alameda,001,1643700,105629,102379,2291,104670,1290
2021-08-17,Alpine,003,1148,90,91,0,91,0
2021-08-17,Amador,005,37829,4403,4266,37,4303,50
2021-08-17,Butte,007,227075,14922,14357,2400,16757,206
2021-08-17,Calaveras,009,45235,2761,2624,18,2642,59
2021-08-17,Colusa,011,21464,2224,2156,440,2596,16
2021-08-17,Contra Costa,013,1133247,86033,82482,1671,84153,848
2021-08-17,Del Norte,015,27424,2472,2188,16,2204,8
2021-08-17,El Dorado,017,186661,12929,12242,1094,13336,118
2021-08-17,Fresno,019,978130,113123,110263,9778,120041,1755
2021-08-17,Glenn,021,27897,2695,2608,689,3297,20
2021-08-17,Humboldt,023,135768,6472,6155,145,6300,52
2021-08-17,Imperial,025,180216,30040,29768,2789,32557,746
2021-08-17,Inyo,027,18085,1498,1492,13,1505,39
2021-08-17,Kern,029,883053,105203,103048,13539,116587,1367
2021-08-17,Kings,031,150075,25650,24930,1314,26244,254
2021-08-17,Lake,033,64148,5099,4930,35,4965,68
2021-08-17,Lassen,035,31185,5596,5499,141,5640,21
2021-08-17,Los Angeles,037,10098052,1327841,1307999,48014,1356013,24952
2021-08-17,Madera,039,155013,18385,17838,1208,19046,246
2021-08-17,Marin,041,260295,15946,15570,311,15881,240
2021-08-17,Mariposa,043,17540,651,609,15,624,5
2021-08-17,Mendocino,045,87422,5400,5097,176,5273,51
2021-08-17,Merced,047,269075,34161,33508,1217,34725,482
2021-08-17,Modoc,049,8938,437,424,150,574,6
2021-08-17,Mono,051,14174,1380,1341,17,1358,3
2021-08-17,Monterey,053,433212,45238,44672,2186,46858,528
2021-08-17,Napa,055,140530,11240,11007,64,11071,83
2021-08-17,Nevada,057,99092,6907,6605,225,6830,75
2021-08-17,Orange,059,3164182,281739,277121,12836,289957,5164
2021-08-17,Placer,061,380077,29232,27634,2396,30030,312
2021-08-17,Plumas,063,18699,932,860,14,874,5
2021-08-17,Riverside,065,2383286,323426,316051,14940,330991,4582
2021-08-17,Sacramento,067,1510023,130419,125151,2605,127756,1774
2021-08-17,San Benito,069,59416,6554,6470,124,6594,64
2021-08-17,San Bernardino,071,2135413,319827,314402,9744,324146,5302
2021-08-17,San Diego,073,3302833,323312,317058,18785,335843,3824
2021-08-17,San Francisco,075,870044,46229,44820,1854,46674,567
2021-08-17,San Joaquin,077,732212,83918,81300,4234,85534,1489
2021-08-17,San Luis Obispo,079,281455,24325,23556,914,24470,268
2021-08-17,San Mateo,081,765935,48370,47127,681,47808,551
2021-08-17,Santa Barbara,083,443738,38367,37478,1301,38779,475
2021-08-17,Santa Clara,085,1922200,131698,128354,943,129297,1773
2021-08-17,Santa Cruz,087,273765,17972,17528,882,18410,209
2021-08-17,Shasta,089,179085,14520,14012,2000,16012,214
2021-08-17,Sierra,091,2930,91,82,13,95,0
2021-08-17,Siskiyou,093,43540,2306,2183,572,2755,33
2021-08-17,Solano,095,438530,39862,37662,909,38571,269
2021-08-17,Sonoma,097,501317,36355,34943,430,35373,333
2021-08-17,Stanislaus,099,539301,63921,62385,6968,69353,1047
2021-08-17,Sutter,101,95872,11200,10973,117,11090,130
2021-08-17,Tehama,103,63373,5816,5612,693,6305,66
2021-08-17,Trinity,105,12862,572,406,128,534,3
2021-08-17,Tulare,107,460477,53960,52362,10487,62849,856
2021-08-17,Tuolumne,109,53932,5185,5042,57,5099,64
2021-08-17,Ventura,111,848112,88966,87601,3764,91365,1053
2021-08-17,Yolo,113,214977,16587,15975,611,16586,225
2021-08-17,Yuba,115,75493,7622,7355,166,7521,51
2021-08-16,Alameda,001,1643700,105132,102052,2283,104335,1287
2021-08-16,Alpine,003,1148,90,91,0,91,0
2021-08-16,Amador,005,37829,4393,4235,37,4272,50
2021-08-16,Butte,007,227075,14802,14283,2364,16647,206
2021-08-16,Calaveras,009,45235,2701,2609,17,2626,57
2021-08-16,Colusa,011,21464,2213,2147,436,2583,16
2021-08-16,Contra Costa,013,1133247,85491,82070,1661,83731,848
2021-08-16,Del Norte,015,27424,2395,2125,16,2141,8
2021-08-16,El Dorado,017,186661,12828,12139,1081,13220,118
2021-08-16,Fresno,019,978130,112626,109623,9726,119349,1753
2021-08-16,Glenn,021,27897,2676,2593,683,3276,20
2021-08-16,Humboldt,023,135768,6401,6064,124,6188,52
2021-08-16,Imperial,025,180216,29999,29737,2775,32512,746
2021-08-16,Inyo,027,18085,1495,1490,13,1503,39
2021-08-16,Kern,029,883053,104828,102690,13423,116113,1367
2021-08-16,Kings,031,150075,25547,24817,1305,26122,254
2021-08-16,Lake,033,64148,5072,4898,34,4932,68
2021-08-16,Lassen,035,31185,5580,5481,133,5614,21
2021-08-16,Los Angeles,037,10098052,1324459,1305330,47873,1353203,24923
2021-08-16,Madera,039,155013,18310,17756,1187,18943,246
2021-08-16,Marin,041,260295,15887,15497,310,15807,239
2021-08-16,Mariposa,043,17540,634,597,15,612,5
2021-08-16,Mendocino,045,87422,5344,5037,174,5211,49
2021-08-16,Merced,047,269075,33960,33364,1204,34568,481
2021-08-16,Modoc,049,8938,435,421,149,570,5
2021-08-16,Mono,051,14174,1375,1339,17,1356,3
2021-08-16,Monterey,053,433212,45159,44595,2174,46769,527
2021-08-16,Napa,055,140530,11211,10946,64,11010,83
2021-08-16,Nevada,057,99092,6852,6535,224,6759,74
2021-08-16,Orange,059,3164182,280945,275985,12790,288775,5161
2021-08-16,Placer,061,380077,29049,27384,2364,29748,306
2021-08-16,Plumas,063,18699,921,851,14,865,5
2021-08-16,Riverside,065,2383286,322330,314774,14903,329677,4582
2021-08-16,Sacramento,067,1510023,129609,124554,2562,127116,1762
2021-08-16,San Benito,069,59416,6530,6452,124,6576,64
2021-08-16,San Bernardino,071,2135413,318861,313617,9717,323334,5301
2021-08-16,San Diego,073,3302833,321714,315348,18645,333993,3824
2021-08-16,San Francisco,075,870044,46025,44681,1847,46528,567
2021-08-16,San Joaquin,077,732212,83414,81087,4206,85293,1488
2021-08-16,San Luis Obispo,079,281455,24175,23452,906,24358,265
2021-08-16,San Mateo,081,765935,48188,47024,675,47699,548
2021-08-16,Santa Barbara,083,443738,38197,37358,1296,38654,475
2021-08-16,Santa Clara,085,1922200,131234,127978,939,128917,1773
2021-08-16,Santa Cruz,087,273765,17908,17491,876,18367,209
2021-08-16,Shasta,089,179085,14431,13862,1984,15846,211
2021-08-16,Sierra,091,2930,88,82,13,95,0
2021-08-16,Siskiyou,093,43540,2289,2169,552,2721,33
2021-08-16,Solano,095,438530,39581,37436,897,38333,263
2021-08-16,Sonoma,097,501317,36187,34844,427,35271,333
2021-08-16,Stanislaus,099,539301,63582,62033,6916,68949,1039
2021-08-16,Sutter,101,95872,11131,10902,116,11018,130
2021-08-16,Tehama,103,63373,5753,5565,688,6253,66
2021-08-16,Trinity,105,12862,566,400,127,527,3
2021-08-16,Tulare,107,460477,53716,52162,10419,62581,856
2021-08-16,Tuolumne,109,53932,5146,4984,56,5040,64
2021-08-16,Ventura,111,848112,88721,86954,3746,90700,1052
2021-08-16,Yolo,113,214977,16486,15922,603,16525,225
2021-08-16,Yuba,115,75493,7538,7314,165,7479,51
2021-08-15,Alameda,001,1643700,104650,101660,2266,103926,1287
2021-08-15,Alpine,003,1148,90,91,0,91,0
2021-08-15,Amador,005,37829,4365,4231,37,4268,49
2021-08-15,Butte,007,227075,14677,14263,2341,16604,206
2021-08-15,Calaveras,009,45235,2659,2599,17,2616,57
2021-08-15,Colusa,011,21464,2201,2140,426,2566,16
2021-08-15,Contra Costa,013,1133247,85007,81781,1646,83427,848
2021-08-15,Del Norte,015,27424,2328,2060,16,2076,8
2021-08-15,El Dorado,017,186661,12693,12057,1064,13121,118
2021-08-15,Fresno,019,978130,112148,109382,9660,119042,1753
2021-08-15,Glenn,021,27897,2653,2592,671,3263,20
2021-08-15,Humboldt,023,135768,6327,6024,118,6142,52
2021-08-15,Imperial,025,180216,29933,29711,2771,32482,746
2021-08-15,Inyo,027,18085,1494,1489,13,1502,39
2021-08-15,Kern,029,883053,104384,102524,13311,115835,1367
2021-08-15,Kings,031,150075,25401,24736,1295,26031,254
2021-08-15,Lake,033,64148,5013,4886,33,4919,68
2021-08-15,Lassen,035,31185,5563,5482,132,5614,21
2021-08-15,Los Angeles,037,10098052,1320921,1302882,47703,1350585,24918
2021-08-15,Madera,039,155013,18222,17714,1171,18885,246
2021-08-15,Marin,041,260295,15828,15461,308,15769,239
2021-08-15,Mariposa,043,17540,627,591,14,605,5
2021-08-15,Mendocino,045,87422,5287,5022,168,5190,49
2021-08-15,Merced,047,269075,33716,33305,1193,34498,481
2021-08-15,Modoc,049,8938,433,421,149,570,5
2021-08-15,Mono,051,14174,1371,1334,17,1351,3
2021-08-15,Monterey,053,433212,45037,44567,2153,46720,527
2021-08-15,Napa,055,140530,11156,10919,64,10983,83
2021-08-15,Nevada,057,99092,6767,6486,224,6710,74
2021-08-15,Orange,059,3164182,280175,275447,12750,288197,5161
2021-08-15,Placer,061,380077,28827,27220,2316,29536,306
2021-08-15,Plumas,063,18699,909,850,14,864,5
2021-08-15,Riverside,065,2383286,321192,314133,14876,329009,4582
2021-08-15,Sacramento,067,1510023,128792,123924,2530,126454,1761
2021-08-15,San Benito,069,59416,6512,6446,123,6569,64
2021-08-15,San Bernardino,071,2135413,317789,313120,9686,322806,5301
2021-08-15,San Diego,073,3302833,320242,314247,18518,332765,3824
2021-08-15,San Francisco,075,870044,45801,44531,1832,46363,567
2021-08-15,San Joaquin,077,732212,82926,80832,4167,84999,1488
2021-08-15,San Luis Obispo,079,281455,23979,23404,896,24300,265
2021-08-15,San Mateo,081,765935,48001,46897,669,47566,548
2021-08-15,Santa Barbara,083,443738,38025,37276,1289,38565,475
2021-08-15,Santa Clara,085,1922200,130800,127715,933,128648,1773
2021-08-15,Santa Cruz,087,273765,17838,17440,869,18309,209
2021-08-15,Shasta,089,179085,14328,13835,1959,15794,211
2021-08-15,Sierra,091,2930,87,82,12,94,0
2021-08-15,Siskiyou,093,43540,2268,2169,538,2707,33
2021-08-15,Solano,095,438530,39324,37320,886,38206,263
2021-08-15,Sonoma,097,501317,35991,34706,419,35125,333
2021-08-15,Stanislaus,099,539301,63213,61795,6839,68634,1039
2021-08-15,Sutter,101,95872,11040,10863,116,10979,130
2021-08-15,Tehama,103,63373,5704,5550,682,6232,66
2021-08-15,Trinity,105,12862,562,400,126,526,3
2021-08-15,Tulare,107,460477,53461,52046,10360,62406,856
2021-08-15,Tuolumne,109,53932,5108,4934,54,4988,64
2021-08-15,Ventura,111,848112,88416,86797,3732,90529,1052
2021-08-15,Yolo,113,214977,16390,15873,593,16466,225
2021-08-15,Yuba,115,75493,7461,7265,164,7429,51
2021-08-14,Alameda,001,1643700,104434,101305,2262,103567,1287
2021-08-14,Alpine,003,1148,90,91,0,91,0
2021-08-14,Amador,005,37829,4347,4206,37,4243,49
2021-08-14,Butte,007,227075,14641,14192,2325,16517,206
2021-08-14,Calaveras,009,45235,2652,2579,17,2596,57
2021-08-14,Colusa,011,21464,2190,2134,422,2556,16
2021-08-14,Contra Costa,013,1133247,84759,81458,1638,83096,848
2021-08-14,Del Norte,015,27424,2301,2015,16,2031,8
2021-08-14,El Dorado,017,186661,12657,12019,1056,13075,118
2021-08-14,Fresno,019,978130,111986,109056,9630,118686,1753
2021-08-14,Glenn,021,27897,2642,2583,668,3251,20
2021-08-14,Humboldt,023,135768,6274,5998,115,6113,52
2021-08-14,Imperial,025,180216,29906,29671,2771,32442,746
2021-08-14,Inyo,027,18085,1492,1487,13,1500,39
2021-08-14,Kern,029,883053,104189,102306,13215,115521,1367
2021-08-14,Kings,031,150075,25303,24647,1287,25934,254
2021-08-14,Lake,033,64148,4996,4850,32,4882,68
2021-08-14,Lassen,035,31185,5556,5475,131,5606,21
2021-08-14,Los Angeles,037,10098052,1319148,1299346,47566,1346912,24911
2021-08-14,Madera,039,155013,18175,17691,1166,18857,246
2021-08-14,Marin,041,260295,15794,15441,308,15749,239
2021-08-14,Mariposa,043,17540,623,584,14,598,5
2021-08-14,Mendocino,045,87422,5251,4977,165,5142,49
2021-08-14,Merced,047,269075,33652,33234,1187,34421,481
2021-08-14,Modoc,049,8938,433,421,149,570,5
2021-08-14,Mono,051,14174,1366,1332,17,1349,3
2021-08-14,Monterey,053,433212,44992,44514,2150,46664,527
2021-08-14,Napa,055,140530,11126,10878,63,10941,83
2021-08-14,Nevada,057,99092,6732,6419,223,6642,74
2021-08-14,Orange,059,3164182,279741,274732,12723,287455,5161
2021-08-14,Placer,061,380077,28681,27115,2292,29407,306
2021-08-14,Plumas,063,18699,899,849,14,863,5
2021-08-14,Riverside,065,2383286,320476,313264,14855,328119,4582
2021-08-14,Sacramento,067,1510023,128298,123438,2512,125950,1758
2021-08-14,San Benito,069,59416,6499,6428,123,6551,64
2021-08-14,San Bernardino,071,2135413,317238,312142,9665,321807,5301
2021-08-14,San Diego,073,3302833,319571,313589,18450,332039,3824
2021-08-14,San Francisco,075,870044,45672,44353,1813,46166,567
2021-08-14,San Joaquin,077,732212,82709,80585,4152,84737,1488
2021-08-14,San Luis Obispo,079,281455,23918,23328,893,24221,265
2021-08-14,San Mateo,081,765935,47882,46792,665,47457,548
2021-08-14,Santa Barbara,083,443738,37931,37118,1287,38405,475
2021-08-14,Santa Clara,085,1922200,130521,127432,930,128362,1772
2021-08-14,Santa Cruz,087,273765,17799,17384,868,18252,209
2021-08-14,Shasta,089,179085,14253,13813,1938,15751,211
2021-08-14,Sierra,091,2930,86,81,12,93,0
2021-08-14,Siskiyou,093,43540,2258,2160,528,2688,33
2021-08-14,Solano,095,438530,39237,37237,874,38111,263
2021-08-14,Sonoma,097,501317,35868,34606,417,35023,333
2021-08-14,Stanislaus,099,539301,63037,61564,6795,68359,1039
2021-08-14,Sutter,101,95872,10995,10808,115,10923,130
2021-08-14,Tehama,103,63373,5680,5530,678,6208,66
2021-08-14,Trinity,105,12862,556,399,126,525,3
2021-08-14,Tulare,107,460477,53325,51951,10315,62266,856
2021-08-14,Tuolumne,109,53932,5073,4924,54,4978,64
2021-08-14,Ventura,111,848112,88260,86569,3712,90281,1052
2021-08-14,Yolo,113,214977,16345,15815,584,16399,225
2021-08-14,Yuba,115,75493,7412,7223,164,7387,51
2021-08-13,Alameda,001,1643700,104139,100930,2254,103184,1284
2021-08-13,Alpine,003,1148,90,91,0,91,0
2021-08-13,Amador,005,37829,4319,4169,37,4206,49
2021-08-13,Butte,007,227075,14571,14100,2309,16409,206
2021-08-13,Calaveras,009,45235,2646,2564,17,2581,57
2021-08-13,Colusa,011,21464,2183,2123,417,2540,16
2021-08-13,Contra Costa,013,1133247,84447,81046,1631,82677,848
2021-08-13,Del Norte,015,27424,2261,1973,16,1989,8
2021-08-13,El Dorado,017,186661,12617,11951,1044,12995,118
2021-08-13,Fresno,019,978130,111693,108638,9606,118244,1753
2021-08-13,Glenn,021,27897,2631,2574,665,3239,20
2021-08-13,Humboldt,023,135768,6227,5882,112,5994,52
2021-08-13,Imperial,025,180216,29879,29654,2770,32424,745
2021-08-13,Inyo,027,18085,1491,1484,13,1497,39
2021-08-13,Kern,029,883053,103980,102029,13106,115135,1364
2021-08-13,Kings,031,150075,25218,24531,1280,25811,253
2021-08-13,Lake,033,64148,4973,4811,31,4842,68
2021-08-13,Lassen,035,31185,5548,5455,130,5585,21
2021-08-13,Los Angeles,037,10098052,1316824,1295406,47428,1342834,24891
2021-08-13,Madera,039,155013,18126,17614,1157,18771,246
2021-08-13,Marin,041,260295,15763,15380,308,15688,239
2021-08-13,Mariposa,043,17540,617,577,14,591,5
2021-08-13,Mendocino,045,87422,5198,4924,163,5087,49
2021-08-13,Merced,047,269075,33605,33111,1181,34292,480
2021-08-13,Modoc,049,8938,432,421,148,569,5
2021-08-13,Mono,051,14174,1363,1331,17,1348,3
2021-08-13,Monterey,053,433212,44932,44450,2148,46598,527
2021-08-13,Napa,055,140530,11090,10830,63,10893,83
2021-08-13,Nevada,057,99092,6691,6356,222,6578,74
2021-08-13,Orange,059,3164182,279247,274004,12674,286678,5159
2021-08-13,Placer,061,380077,28580,26987,2265,29252,306
2021-08-13,Plumas,063,18699,885,842,14,856,5
2021-08-13,Riverside,065,2383286,319737,312408,14830,327238,4581
2021-08-13,Sacramento,067,1510023,127828,122868,2487,125355,1758
2021-08-13,San Benito,069,59416,6493,6422,121,6543,64
2021-08-13,San Bernardino,071,2135413,316569,311378,9646,321024,5301
2021-08-13,San Diego,073,3302833,318525,312293,18371,330664,3821
2021-08-13,San Francisco,075,870044,45536,44196,1790,45986,567
2021-08-13,San Joaquin,077,732212,82492,80232,4136,84368,1481
2021-08-13,San Luis Obispo,079,281455,23855,23226,890,24116,265
2021-08-13,San Mateo,081,765935,47763,46660,664,47324,548
2021-08-13,Santa Barbara,083,443738,37846,37023,1283,38306,474
2021-08-13,Santa Clara,085,1922200,130234,126958,924,127882,1769
2021-08-13,Santa Cruz,087,273765,17759,17332,861,18193,209
2021-08-13,Shasta,089,179085,14190,13698,1924,15622,211
2021-08-13,Sierra,091,2930,85,81,12,93,0
2021-08-13,Siskiyou,093,43540,2249,2147,524,2671,33
2021-08-13,Solano,095,438530,39103,37104,866,37970,264
2021-08-13,Sonoma,097,501317,35763,34464,417,34881,333
2021-08-13,Stanislaus,099,539301,62865,61294,6754,68048,1039
2021-08-13,Sutter,101,95872,10951,10751,114,10865,130
2021-08-13,Tehama,103,63373,5656,5496,676,6172,66
2021-08-13,Trinity,105,12862,552,392,126,518,3
2021-08-13,Tulare,107,460477,53221,51770,10242,62012,856
2021-08-13,Tuolumne,109,53932,5040,4899,53,4952,64
2021-08-13,Ventura,111,848112,88102,86368,3699,90067,1052
2021-08-13,Yolo,113,214977,16291,15761,574,16335,225
2021-08-13,Yuba,115,75493,7374,7184,164,7348,51
2021-08-12,Alameda,001,1643700,103651,100472,2241,102713,1284
2021-08-12,Alpine,003,1148,90,91,0,91,0
2021-08-12,Amador,005,37829,4289,4161,36,4197,49
2021-08-12,Butte,007,227075,14501,14006,2291,16297,206
2021-08-12,Calaveras,009,45235,2630,2531,17,2548,57
2021-08-12,Colusa,011,21464,2178,2111,416,2527,17
2021-08-12,Contra Costa,013,1133247,83962,80738,1616,82354,846
2021-08-12,Del Norte,015,27424,2189,1923,16,1939,8
2021-08-12,El Dorado,017,186661,12503,11880,1035,12915,118
2021-08-12,Fresno,019,978130,111270,108193,9538,117731,1753
2021-08-12,Glenn,021,27897,2623,2559,653,3212,20
2021-08-12,Humboldt,023,135768,6158,5845,108,5953,52
2021-08-12,Imperial,025,180216,29823,29585,2764,32349,745
2021-08-12,Inyo,027,18085,1489,1483,13,1496,39
2021-08-12,Kern,029,883053,103691,101698,13027,114725,1364
2021-08-12,Kings,031,150075,25118,24423,1272,25695,252
2021-08-12,Lake,033,64148,4947,4774,31,4805,68
2021-08-12,Lassen,035,31185,5526,5428,129,5557,21
2021-08-12,Los Angeles,037,10098052,1313631,1291875,47294,1339169,24874
2021-08-12,Madera,039,155013,18062,17564,1145,18709,246
2021-08-12,Marin,041,260295,15714,15277,305,15582,239
2021-08-12,Mariposa,043,17540,608,568,13,581,5
2021-08-12,Mendocino,045,87422,5168,4873,157,5030,49
2021-08-12,Merced,047,269075,33481,32960,1174,34134,480
2021-08-12,Modoc,049,8938,431,423,148,571,5
2021-08-12,Mono,051,14174,1358,1325,17,1342,3
2021-08-12,Monterey,053,433212,44856,44383,2133,46516,527
2021-08-12,Napa,055,140530,11041,10780,62,10842,83
2021-08-12,Nevada,057,99092,6630,6283,222,6505,74
2021-08-12,Orange,059,3164182,278569,273167,12616,285783,5158
2021-08-12,Placer,061,380077,28381,26856,2242,29098,306
2021-08-12,Plumas,063,18699,877,829,14,843,5
2021-08-12,Riverside,065,2383286,318728,311304,14798,326102,4575
2021-08-12,Sacramento,067,1510023,127055,122222,2457,124679,1758
2021-08-12,San Benito,069,59416,6476,6398,119,6517,64
2021-08-12,San Bernardino,071,2135413,315695,310420,9616,320036,5297
2021-08-12,San Diego,073,3302833,317155,310596,18282,328878,3821
2021-08-12,San Francisco,075,870044,45329,43774,1777,45551,564
2021-08-12,San Joaquin,077,732212,82097,79945,4112,84057,1479
2021-08-12,San Luis Obispo,079,281455,23755,23101,877,23978,264
2021-08-12,San Mateo,081,765935,47619,46435,661,47096,548
2021-08-12,Santa Barbara,083,443738,37709,36881,1275,38156,473
2021-08-12,Santa Clara,085,1922200,129785,126614,918,127532,1769
2021-08-12,Santa Cruz,087,273765,17695,17261,860,18121,209
2021-08-12,Shasta,089,179085,14105,13621,1897,15518,211
2021-08-12,Sierra,091,2930,85,81,12,93,0
2021-08-12,Siskiyou,093,43540,2242,2134,515,2649,33
2021-08-12,Solano,095,438530,38874,36980,857,37837,262
2021-08-12,Sonoma,097,501317,35615,34299,414,34713,333
2021-08-12,Stanislaus,099,539301,62600,61026,6695,67721,1039
2021-08-12,Sutter,101,95872,10890,10695,112,10807,130
2021-08-12,Tehama,103,63373,5626,5462,667,6129,66
2021-08-12,Trinity,105,12862,548,386,125,511,3
2021-08-12,Tulare,107,460477,53076,51632,10193,61825,856
2021-08-12,Tuolumne,109,53932,4993,4845,51,4896,64
2021-08-12,Ventura,111,848112,87865,86106,3675,89781,1052
2021-08-12,Yolo,113,214977,16219,15686,560,16246,224
2021-08-12,Yuba,115,75493,7326,7128,163,7291,51
2021-08-11,Alameda,001,1643700,103145,100040,2238,102278,1281
2021-08-11,Alpine,003,1148,90,91,0,91,0
2021-08-11,Amador,005,37829,4265,4127,36,4163,49
2021-08-11,Butte,007,227075,14400,13905,2266,16171,206
2021-08-11,Calaveras,009,45235,2608,2505,17,2522,57
2021-08-11,Colusa,011,21464,2168,2101,414,2515,16
2021-08-11,Contra Costa,013,1133247,83461,80275,1598,81873,843
2021-08-11,Del Norte,015,27424,2130,1893,16,1909,8
2021-08-11,El Dorado,017,186661,12392,11799,1023,12822,119
2021-08-11,Fresno,019,978130,110815,107773,9492,117265,1751
2021-08-11,Glenn,021,27897,2614,2547,643,3190,20
2021-08-11,Humboldt,023,135768,6111,5765,107,5872,52
2021-08-11,Imperial,025,180216,29780,29565,2760,32325,745
2021-08-11,Inyo,027,18085,1489,1483,13,1496,39
2021-08-11,Kern,029,883053,103377,101448,12920,114368,1363
2021-08-11,Kings,031,150075,25005,24304,1263,25567,250
2021-08-11,Lake,033,64148,4910,4713,30,4743,68
2021-08-11,Lassen,035,31185,5517,5408,127,5535,21
2021-08-11,Los Angeles,037,10098052,1310302,1288238,47109,1335347,24851
2021-08-11,Madera,039,155013,18012,17511,1134,18645,245
2021-08-11,Marin,041,260295,15665,15235,305,15540,239
2021-08-11,Mariposa,043,17540,598,554,12,566,5
2021-08-11,Mendocino,045,87422,5099,4796,148,4944,49
2021-08-11,Merced,047,269075,33348,32802,1170,33972,479
2021-08-11,Modoc,049,8938,431,421,148,569,5
2021-08-11,Mono,051,14174,1353,1320,17,1337,3
2021-08-11,Monterey,053,433212,44757,44314,2115,46429,527
2021-08-11,Napa,055,140530,11000,10732,62,10794,83
2021-08-11,Nevada,057,99092,6577,6172,219,6391,74
2021-08-11,Orange,059,3164182,277711,272212,12570,284782,5155
2021-08-11,Placer,061,380077,28169,26687,2216,28903,305
2021-08-11,Plumas,063,18699,868,824,14,838,5
2021-08-11,Riverside,065,2383286,317734,310265,14763,325028,4570
2021-08-11,Sacramento,067,1510023,126264,121603,2417,124020,1757
2021-08-11,San Benito,069,59416,6463,6381,119,6500,64
2021-08-11,San Bernardino,071,2135413,314802,309498,9597,319095,5296
2021-08-11,San Diego,073,3302833,315685,309406,18178,327584,3818
2021-08-11,San Francisco,075,870044,45104,43555,1769,45324,564
2021-08-11,San Joaquin,077,732212,81690,79641,4085,83726,1478
2021-08-11,San Luis Obispo,079,281455,23651,22920,870,23790,264
2021-08-11,San Mateo,081,765935,47451,46300,658,46958,548
2021-08-11,Santa Barbara,083,443738,37546,36699,1267,37966,472
2021-08-11,Santa Clara,085,1922200,129303,126301,910,127211,1769
2021-08-11,Santa Cruz,087,273765,17630,17191,857,18048,209
2021-08-11,Shasta,089,179085,14031,13546,1882,15428,211
2021-08-11,Sierra,091,2930,84,81,12,93,0
2021-08-11,Siskiyou,093,43540,2228,2124,508,2632,33
2021-08-11,Solano,095,438530,38639,36862,843,37705,262
2021-08-11,Sonoma,097,501317,35436,34188,409,34597,333
2021-08-11,Stanislaus,099,539301,62269,60767,6665,67432,1037
2021-08-11,Sutter,101,95872,10818,10628,112,10740,130
2021-08-11,Tehama,103,63373,5597,5410,651,6061,66
2021-08-11,Trinity,105,12862,546,385,125,510,3
2021-08-11,Tulare,107,460477,52908,51464,10148,61612,854
2021-08-11,Tuolumne,109,53932,4961,4794,51,4845,64
2021-08-11,Ventura,111,848112,87613,85863,3654,89517,1051
2021-08-11,Yolo,113,214977,16144,15593,544,16137,218
2021-08-11,Yuba,115,75493,7267,7063,162,7225,53
2021-08-10,Alameda,001,1643700,102676,99771,2231,102002,1281
2021-08-10,Alpine,003,1148,90,91,0,91,0
2021-08-10,Amador,005,37829,4249,4093,36,4129,49
2021-08-10,Butte,007,227075,14316,13853,2245,16098,205
2021-08-10,Calaveras,009,45235,2584,2491,15,2506,57
2021-08-10,Colusa,011,21464,2155,2088,405,2493,16
2021-08-10,Contra Costa,013,1133247,82917,80018,1588,81606,840
2021-08-10,Del Norte,015,27424,2086,1870,16,1886,8
2021-08-10,El Dorado,017,186661,12291,11734,1011,12745,117
2021-08-10,Fresno,019,978130,110358,107616,9437,117053,1747
2021-08-10,Glenn,021,27897,2601,2538,633,3171,20
2021-08-10,Humboldt,023,135768,6057,5718,104,5822,52
2021-08-10,Imperial,025,180216,29745,29522,2753,32275,745
2021-08-10,Inyo,027,18085,1489,1482,13,1495,39
2021-08-10,Kern,029,883053,103049,101254,12824,114078,1359
2021-08-10,Kings,031,150075,24879,24252,1247,25499,251
2021-08-10,Lake,033,64148,4869,4700,30,4730,67
2021-08-10,Lassen,035,31185,5499,5401,127,5528,21
2021-08-10,Los Angeles,037,10098052,1306545,1285140,46945,1332085,24821
2021-08-10,Madera,039,155013,17939,17481,1124,18605,245
2021-08-10,Marin,041,260295,15618,15194,305,15499,239
2021-08-10,Mariposa,043,17540,585,550,12,562,5
2021-08-10,Mendocino,045,87422,5054,4775,144,4919,49
2021-08-10,Merced,047,269075,33201,32721,1161,33882,477
2021-08-10,Modoc,049,8938,430,421,148,569,5
2021-08-10,Mono,051,14174,1348,1320,17,1337,3
2021-08-10,Monterey,053,433212,44695,44259,2100,46359,527
2021-08-10,Napa,055,140530,10945,10703,61,10764,83
2021-08-10,Nevada,057,99092,6512,6151,218,6369,73
2021-08-10,Orange,059,3164182,276831,271688,12523,284211,5155
2021-08-10,Placer,061,380077,27950,26561,2174,28735,305
2021-08-10,Plumas,063,18699,859,816,14,830,5
2021-08-10,Riverside,065,2383286,316619,309529,14737,324266,4564
2021-08-10,Sacramento,067,1510023,125411,121159,2386,123545,1755
2021-08-10,San Benito,069,59416,6449,6371,119,6490,64
2021-08-10,San Bernardino,071,2135413,313878,308672,9579,318251,5295
2021-08-10,San Diego,073,3302833,314043,308288,18086,326374,3815
2021-08-10,San Francisco,075,870044,44851,43389,1754,45143,564
2021-08-10,San Joaquin,077,732212,81292,79391,4067,83458,1478
2021-08-10,San Luis Obispo,079,281455,23525,22776,868,23644,264
2021-08-10,San Mateo,081,765935,47279,46184,656,46840,548
2021-08-10,Santa Barbara,083,443738,37381,36574,1260,37834,472
2021-08-10,Santa Clara,085,1922200,128840,126019,903,126922,1770
2021-08-10,Santa Cruz,087,273765,17547,17142,855,17997,209
2021-08-10,Shasta,089,179085,13953,13461,1859,15320,211
2021-08-10,Sierra,091,2930,84,76,12,88,0
2021-08-10,Siskiyou,093,43540,2219,2088,501,2589,33
2021-08-10,Solano,095,438530,38393,36767,832,37599,262
2021-08-10,Sonoma,097,501317,35291,34054,406,34460,333
2021-08-10,Stanislaus,099,539301,61923,60605,6628,67233,1037
2021-08-10,Sutter,101,95872,10753,10569,112,10681,130
2021-08-10,Tehama,103,63373,5568,5392,646,6038,66
2021-08-10,Trinity,105,12862,546,384,125,509,3
2021-08-10,Tulare,107,460477,52744,51390,10096,61486,854
2021-08-10,Tuolumne,109,53932,4932,4780,49,4829,64
2021-08-10,Ventura,111,848112,87324,85714,3633,89347,1051
2021-08-10,Yolo,113,214977,16057,15568,534,16102,218
2021-08-10,Yuba,115,75493,7218,7028,162,7190,50
2021-08-09,Alameda,001,1643700,102125,99496,2227,101723,1276
2021-08-09,Alpine,003,1148,90,91,0,91,0
2021-08-09,Amador,005,37829,4223,4078,36,4114,48
2021-08-09,Butte,007,227075,14217,13813,2216,16029,205
2021-08-09,Calaveras,009,45235,2559,2472,15,2487,57
2021-08-09,Colusa,011,21464,2145,2075,398,2473,16
2021-08-09,Contra Costa,013,1133247,82375,79740,1576,81316,840
2021-08-09,Del Norte,015,27424,2018,1848,16,1864,8
2021-08-09,El Dorado,017,186661,12183,11672,998,12670,117
2021-08-09,Fresno,019,978130,109864,107310,9399,116709,1747
2021-08-09,Glenn,021,27897,2590,2532,621,3153,20
2021-08-09,Humboldt,023,135768,5966,5632,102,5734,52
2021-08-09,Imperial,025,180216,29700,29512,2749,32261,745
2021-08-09,Inyo,027,18085,1489,1481,13,1494,39
2021-08-09,Kern,029,883053,102737,101069,12738,113807,1359
2021-08-09,Kings,031,150075,24772,24155,1233,25388,250
2021-08-09,Lake,033,64148,4834,4670,28,4698,66
2021-08-09,Lassen,035,31185,5477,5393,126,5519,21
2021-08-09,Los Angeles,037,10098052,1302532,1282891,46742,1329633,24798
2021-08-09,Madera,039,155013,17880,17429,1104,18533,245
2021-08-09,Marin,041,260295,15565,15154,304,15458,239
2021-08-09,Mariposa,043,17540,572,545,12,557,5
2021-08-09,Mendocino,045,87422,5003,4732,136,4868,49
2021-08-09,Merced,047,269075,33055,32666,1154,33820,477
2021-08-09,Modoc,049,8938,430,419,148,567,5
2021-08-09,Mono,051,14174,1345,1337,17,1354,3
2021-08-09,Monterey,053,433212,44623,44190,2085,46275,527
2021-08-09,Napa,055,140530,10898,10679,61,10740,83
2021-08-09,Nevada,057,99092,6440,6088,217,6305,73
2021-08-09,Orange,059,3164182,275791,271036,12468,283504,5153
2021-08-09,Placer,061,380077,27726,26457,2143,28600,305
2021-08-09,Plumas,063,18699,842,803,14,817,5
2021-08-09,Riverside,065,2383286,315543,308678,14719,323397,4562
2021-08-09,Sacramento,067,1510023,124577,120812,2361,123173,1748
2021-08-09,San Benito,069,59416,6429,6359,117,6476,63
2021-08-09,San Bernardino,071,2135413,312893,308038,9556,317594,5295
2021-08-09,San Diego,073,3302833,312385,306855,17987,324842,3811
2021-08-09,San Francisco,075,870044,44605,43261,1738,44999,564
2021-08-09,San Joaquin,077,732212,80909,79198,4049,83247,1469
2021-08-09,San Luis Obispo,079,281455,23386,22695,859,23554,264
2021-08-09,San Mateo,081,765935,47107,46040,653,46693,548
2021-08-09,Santa Barbara,083,443738,37197,36474,1252,37726,470
2021-08-09,Santa Clara,085,1922200,128337,125791,894,126685,2187
2021-08-09,Santa Cruz,087,273765,17485,17082,855,17937,209
2021-08-09,Shasta,089,179085,13836,13397,1848,15245,210
2021-08-09,Sierra,091,2930,83,75,12,87,0
2021-08-09,Siskiyou,093,43540,2207,2047,486,2533,32
2021-08-09,Solano,095,438530,38117,36653,830,37483,262
2021-08-09,Sonoma,097,501317,35110,33933,404,34337,333
2021-08-09,Stanislaus,099,539301,61644,60410,6579,66989,1037
2021-08-09,Sutter,101,95872,10704,10525,109,10634,129
2021-08-09,Tehama,103,63373,5526,5373,645,6018,66
2021-08-09,Trinity,105,12862,544,378,123,501,3
2021-08-09,Tulare,107,460477,52585,51274,10034,61308,854
2021-08-09,Tuolumne,109,53932,4890,4745,49,4794,64
2021-08-09,Ventura,111,848112,87052,85514,3622,89136,1047
2021-08-09,Yolo,113,214977,15979,15521,513,16034,218
2021-08-09,Yuba,115,75493,7159,6994,162,7156,50
2021-08-08,Alameda,001,1643700,101576,99135,2221,101356,1276
2021-08-08,Alpine,003,1148,90,91,0,91,0
2021-08-08,Amador,005,37829,4189,4057,35,4092,48
2021-08-08,Butte,007,227075,14135,13791,2196,15987,205
2021-08-08,Calaveras,009,45235,2526,2462,15,2477,57
2021-08-08,Colusa,011,21464,2128,2070,391,2461,16
2021-08-08,Contra Costa,013,1133247,81850,79454,1568,81022,840
2021-08-08,Del Norte,015,27424,1972,1810,16,1826,8
2021-08-08,El Dorado,017,186661,12062,11631,988,12619,117
2021-08-08,Fresno,019,978130,109421,107078,9362,116440,1747
2021-08-08,Glenn,021,27897,2582,2527,614,3141,20
2021-08-08,Humboldt,023,135768,5877,5571,102,5673,52
2021-08-08,Imperial,025,180216,29676,29485,2739,32224,745
2021-08-08,Inyo,027,18085,1489,1481,13,1494,39
2021-08-08,Kern,029,883053,102417,100909,12626,113535,1359
2021-08-08,Kings,031,150075,24658,24095,1224,25319,250
2021-08-08,Lake,033,64148,4784,4636,27,4663,66
2021-08-08,Lassen,035,31185,5462,5391,125,5516,21
2021-08-08,Los Angeles,037,10098052,1298279,1279982,46559,1326541,24793
2021-08-08,Madera,039,155013,17801,17398,1087,18485,245
2021-08-08,Marin,041,260295,15512,15124,302,15426,239
2021-08-08,Mariposa,043,17540,568,538,12,550,5
2021-08-08,Mendocino,045,87422,4941,4702,123,4825,49
2021-08-08,Merced,047,269075,32908,32634,1145,33779,477
2021-08-08,Modoc,049,8938,429,419,147,566,5
2021-08-08,Mono,051,14174,1341,1336,17,1353,3
2021-08-08,Monterey,053,433212,44553,44171,2074,46245,527
2021-08-08,Napa,055,140530,10862,10668,61,10729,83
2021-08-08,Nevada,057,99092,6356,6009,215,6224,73
2021-08-08,Orange,059,3164182,274878,270532,12426,282958,5153
2021-08-08,Placer,061,380077,27517,26332,2102,28434,305
2021-08-08,Plumas,063,18699,833,803,14,817,5
2021-08-08,Riverside,065,2383286,314420,308042,14696,322738,4562
2021-08-08,Sacramento,067,1510023,123749,120109,2349,122458,1744
2021-08-08,San Benito,069,59416,6412,6350,116,6466,63
2021-08-08,San Bernardino,071,2135413,311751,307378,9527,316905,5295
2021-08-08,San Diego,073,3302833,311044,305983,17889,323872,3811
2021-08-08,San Francisco,075,870044,44345,43098,1716,44814,564
2021-08-08,San Joaquin,077,732212,80460,79002,4033,83035,1469
2021-08-08,San Luis Obispo,079,281455,23212,22668,851,23519,263
2021-08-08,San Mateo,081,765935,46917,45927,650,46577,548
2021-08-08,Santa Barbara,083,443738,37020,36417,1245,37662,470
2021-08-08,Santa Clara,085,1922200,127886,125553,889,126442,2187
2021-08-08,Santa Cruz,087,273765,17414,17035,850,17885,209
2021-08-08,Shasta,089,179085,13751,13381,1837,15218,210
2021-08-08,Sierra,091,2930,83,74,12,86,0
2021-08-08,Siskiyou,093,43540,2191,2041,481,2522,32
2021-08-08,Solano,095,438530,37865,36551,826,37377,262
2021-08-08,Sonoma,097,501317,34866,33805,403,34208,333
2021-08-08,Stanislaus,099,539301,61318,60269,6534,66803,1037
2021-08-08,Sutter,101,95872,10644,10481,108,10589,129
2021-08-08,Tehama,103,63373,5490,5359,642,6001,66
2021-08-08,Trinity,105,12862,539,378,123,501,3
2021-08-08,Tulare,107,460477,52406,51220,9975,61195,854
2021-08-08,Tuolumne,109,53932,4850,4731,49,4780,64
2021-08-08,Ventura,111,848112,86761,85382,3612,88994,1047
2021-08-08,Yolo,113,214977,15886,15477,506,15983,218
2021-08-08,Yuba,115,75493,7120,6967,162,7129,50
2021-08-07,Alameda,001,1643700,101330,98812,2215,101027,1276
2021-08-07,Alpine,003,1148,90,91,0,91,0
2021-08-07,Amador,005,37829,4172,4041,34,4075,48
2021-08-07,Butte,007,227075,14083,13714,2184,15898,205
2021-08-07,Calaveras,009,45235,2516,2446,15,2461,57
2021-08-07,Colusa,011,21464,2123,2067,382,2449,16
2021-08-07,Contra Costa,013,1133247,81554,79168,1565,80733,840
2021-08-07,Del Norte,015,27424,1940,1791,16,1807,8
2021-08-07,El Dorado,017,186661,12014,11575,981,12556,117
2021-08-07,Fresno,019,978130,109217,106861,9336,116197,1747
2021-08-07,Glenn,021,27897,2574,2515,613,3128,20
2021-08-07,Humboldt,023,135768,5827,5510,99,5609,52
2021-08-07,Imperial,025,180216,29657,29470,2739,32209,745
2021-08-07,Inyo,027,18085,1487,1476,13,1489,39
2021-08-07,Kern,029,883053,102259,100693,12570,113263,1359
2021-08-07,Kings,031,150075,24597,24048,1218,25266,250
2021-08-07,Lake,033,64148,4763,4613,27,4640,66
2021-08-07,Lassen,035,31185,5458,5386,125,5511,21
2021-08-07,Los Angeles,037,10098052,1296240,1276853,46413,1323266,24786
2021-08-07,Madera,039,155013,17766,17366,1083,18449,245
2021-08-07,Marin,041,260295,15478,15085,301,15386,239
2021-08-07,Mariposa,043,17540,565,530,12,542,5
2021-08-07,Mendocino,045,87422,4905,4690,121,4811,49
2021-08-07,Merced,047,269075,32844,32569,1142,33711,477
2021-08-07,Modoc,049,8938,429,419,147,566,5
2021-08-07,Mono,051,14174,1338,1329,17,1346,3
2021-08-07,Monterey,053,433212,44501,44124,2069,46193,527
2021-08-07,Napa,055,140530,10841,10658,60,10718,83
2021-08-07,Nevada,057,99092,6306,5967,213,6180,73
2021-08-07,Orange,059,3164182,274286,269900,12396,282296,5153
2021-08-07,Placer,061,380077,27328,26244,2094,28338,305
2021-08-07,Plumas,063,18699,828,801,14,815,5
2021-08-07,Riverside,065,2383286,313748,307326,14689,322015,4562
2021-08-07,Sacramento,067,1510023,123248,119636,2345,121981,1744
2021-08-07,San Benito,069,59416,6402,6332,116,6448,63
2021-08-07,San Bernardino,071,2135413,311162,306663,9510,316173,5295
2021-08-07,San Diego,073,3302833,310289,304974,17854,322828,3811
2021-08-07,San Francisco,075,870044,44174,42926,1698,44624,564
2021-08-07,San Joaquin,077,732212,80296,78769,4018,82787,1469
2021-08-07,San Luis Obispo,079,281455,23143,22579,850,23429,263
2021-08-07,San Mateo,081,765935,46789,45804,648,46452,548
2021-08-07,Santa Barbara,083,443738,36924,36303,1239,37542,470
2021-08-07,Santa Clara,085,1922200,127615,125196,884,126080,2188
2021-08-07,Santa Cruz,087,273765,17371,16994,848,17842,209
2021-08-07,Shasta,089,179085,13695,13361,1830,15191,210
2021-08-07,Sierra,091,2930,83,74,12,86,0
2021-08-07,Siskiyou,093,43540,2179,2039,479,2518,32
2021-08-07,Solano,095,438530,37749,36458,818,37276,262
2021-08-07,Sonoma,097,501317,34744,33716,403,34119,333
2021-08-07,Stanislaus,099,539301,61147,60093,6504,66597,1037
2021-08-07,Sutter,101,95872,10607,10447,108,10555,129
2021-08-07,Tehama,103,63373,5479,5343,637,5980,66
2021-08-07,Trinity,105,12862,535,377,122,499,3
2021-08-07,Tulare,107,460477,52320,51133,9937,61070,854
2021-08-07,Tuolumne,109,53932,4820,4721,49,4770,64
2021-08-07,Ventura,111,848112,86581,85232,3598,88830,1047
2021-08-07,Yolo,113,214977,15842,15423,500,15923,218
2021-08-07,Yuba,115,75493,7095,6937,160,7097,50
2021-08-06,Alameda,001,1643700,101001,98487,2209,100696,1275
2021-08-06,Alpine,003,1148,90,91,0,91,0
2021-08-06,Amador,005,37829,4151,4002,34,4036,48
2021-08-06,Butte,007,227075,14033,13626,2169,15795,205
2021-08-06,Calaveras,009,45235,2505,2419,15,2434,57
2021-08-06,Colusa,011,21464,2116,2045,377,2422,16
2021-08-06,Contra Costa,013,1133247,81259,78796,1560,80356,840
2021-08-06,Del Norte,015,27424,1913,1755,15,1770,8
2021-08-06,El Dorado,017,186661,11964,11498,969,12467,117
2021-08-06,Fresno,019,978130,108953,106542,9309,115851,1747
2021-08-06,Glenn,021,27897,2559,2504,610,3114,20
2021-08-06,Humboldt,023,135768,5776,5421,96,5517,52
2021-08-06,Imperial,025,180216,29646,29404,2735,32139,745
2021-08-06,Inyo,027,18085,1484,1471,13,1484,39
2021-08-06,Kern,029,883053,102082,100427,12485,112912,1359
2021-08-06,Kings,031,150075,24542,23974,1214,25188,250
2021-08-06,Lake,033,64148,4740,4557,27,4584,66
2021-08-06,Lassen,035,31185,5436,5368,125,5493,21
2021-08-06,Los Angeles,037,10098052,1293746,1273081,46264,1319345,24772
2021-08-06,Madera,039,155013,17727,17324,1074,18398,245
2021-08-06,Marin,041,260295,15445,15051,301,15352,239
2021-08-06,Mariposa,043,17540,556,511,12,523,5
2021-08-06,Mendocino,045,87422,4863,4649,120,4769,49
2021-08-06,Merced,047,269075,32784,32456,1139,33595,477
2021-08-06,Modoc,049,8938,429,419,147,566,5
2021-08-06,Mono,051,14174,1337,1328,17,1345,3
2021-08-06,Monterey,053,433212,44433,44058,2056,46114,527
2021-08-06,Napa,055,140530,10814,10620,60,10680,83
2021-08-06,Nevada,057,99092,6250,5874,213,6087,73
2021-08-06,Orange,059,3164182,273721,269077,12379,281456,5151
2021-08-06,Placer,061,380077,27205,26086,2073,28159,305
2021-08-06,Plumas,063,18699,819,795,14,809,5
2021-08-06,Riverside,065,2383286,313038,306304,14678,320982,4562
2021-08-06,Sacramento,067,1510023,122756,119169,2326,121495,1740
2021-08-06,San Benito,069,59416,6385,6315,116,6431,63
2021-08-06,San Bernardino,071,2135413,310461,305806,9500,315306,5286
2021-08-06,San Diego,073,3302833,309250,303691,17805,321496,3810
2021-08-06,San Francisco,075,870044,44017,42659,1680,44339,565
2021-08-06,San Joaquin,077,732212,80146,78405,4006,82411,1469
2021-08-06,San Luis Obispo,079,281455,23075,22472,845,23317,263
2021-08-06,San Mateo,081,765935,46637,45665,643,46308,548
2021-08-06,Santa Barbara,083,443738,36835,36208,1235,37443,470
2021-08-06,Santa Clara,085,1922200,127325,124767,879,125646,2185
2021-08-06,Santa Cruz,087,273765,17327,16924,844,17768,207
2021-08-06,Shasta,089,179085,13629,13284,1824,15108,210
2021-08-06,Sierra,091,2930,83,73,12,85,0
2021-08-06,Siskiyou,093,43540,2169,2030,475,2505,32
2021-08-06,Solano,095,438530,37639,36351,809,37160,262
2021-08-06,Sonoma,097,501317,34658,33594,402,33996,333
2021-08-06,Stanislaus,099,539301,61009,59854,6484,66338,1037
2021-08-06,Sutter,101,95872,10564,10391,108,10499,128
2021-08-06,Tehama,103,63373,5455,5325,635,5960,66
2021-08-06,Trinity,105,12862,534,371,121,492,3
2021-08-06,Tulare,107,460477,52219,51018,9890,60908,854
2021-08-06,Tuolumne,109,53932,4793,4674,49,4723,64
2021-08-06,Ventura,111,848112,86410,85046,3586,88632,1047
2021-08-06,Yolo,113,214977,15789,15299,495,15794,218
2021-08-06,Yuba,115,75493,7072,6904,160,7064,50
2021-08-05,Alameda,001,1643700,100517,98052,2204,100256,1275
2021-08-05,Alpine,003,1148,90,91,0,91,0
2021-08-05,Amador,005,37829,4131,3992,34,4026,48
2021-08-05,Butte,007,227075,13972,13564,2146,15710,206
2021-08-05,Calaveras,009,45235,2486,2397,15,2412,57
2021-08-05,Colusa,011,21464,2104,2036,372,2408,16
2021-08-05,Contra Costa,013,1133247,80832,78514,1553,80067,840
2021-08-05,Del Norte,015,27424,1886,1731,15,1746,8
2021-08-05,El Dorado,017,186661,11879,11408,958,12366,117
2021-08-05,Fresno,019,978130,108582,106219,9272,115491,1747
2021-08-05,Glenn,021,27897,2553,2494,607,3101,20
2021-08-05,Humboldt,023,135768,5702,5328,95,5423,52
2021-08-05,Imperial,025,180216,29615,29383,2731,32114,745
2021-08-05,Inyo,027,18085,1480,1468,13,1481,38
2021-08-05,Kern,029,883053,101860,100091,12400,112491,1358
2021-08-05,Kings,031,150075,24458,23906,1209,25115,249
2021-08-05,Lake,033,64148,4701,4490,25,4515,66
2021-08-05,Lassen,035,31185,5428,5344,125,5469,21
2021-08-05,Los Angeles,037,10098052,1290526,1269445,46132,1315577,24756
2021-08-05,Madera,039,155013,17686,17301,1066,18367,245
2021-08-05,Marin,041,260295,15401,15005,297,15302,239
2021-08-05,Mariposa,043,17540,545,504,11,515,5
2021-08-05,Mendocino,045,87422,4820,4597,111,4708,49
2021-08-05,Merced,047,269075,32717,32381,1128,33509,477
2021-08-05,Modoc,049,8938,428,418,147,565,5
2021-08-05,Mono,051,14174,1329,1309,17,1326,3
2021-08-05,Monterey,053,433212,44376,43992,2038,46030,527
2021-08-05,Napa,055,140530,10778,10591,58,10649,83
2021-08-05,Nevada,057,99092,6168,5778,210,5988,73
2021-08-05,Orange,059,3164182,272940,268329,12353,280682,5149
2021-08-05,Placer,061,380077,27005,25965,2046,28011,305
2021-08-05,Plumas,063,18699,810,787,14,801,5
2021-08-05,Riverside,065,2383286,312119,305415,14652,320067,4562
2021-08-05,Sacramento,067,1510023,122048,118590,2313,120903,1739
2021-08-05,San Benito,069,59416,6367,6305,116,6421,63
2021-08-05,San Bernardino,071,2135413,309626,304956,9479,314435,5284
2021-08-05,San Diego,073,3302833,307978,302220,17723,319943,3806
2021-08-05,San Francisco,075,870044,43806,42301,1671,43972,564
2021-08-05,San Joaquin,077,732212,79784,78151,3988,82139,1468
2021-08-05,San Luis Obispo,079,281455,22960,22362,839,23201,263
2021-08-05,San Mateo,081,765935,46464,45554,641,46195,548
2021-08-05,Santa Barbara,083,443738,36728,36112,1232,37344,470
2021-08-05,Santa Clara,085,1922200,126992,124490,879,125369,2185
2021-08-05,Santa Cruz,087,273765,17283,16867,841,17708,207
2021-08-05,Shasta,089,179085,13571,13217,1816,15033,210
2021-08-05,Sierra,091,2930,78,73,12,85,0
2021-08-05,Siskiyou,093,43540,2148,2024,466,2490,32
2021-08-05,Solano,095,438530,37458,36250,802,37052,262
2021-08-05,Sonoma,097,501317,34523,33455,401,33856,330
2021-08-05,Stanislaus,099,539301,60787,59692,6445,66137,1037
2021-08-05,Sutter,101,95872,10509,10349,108,10457,127
2021-08-05,Tehama,103,63373,5437,5305,632,5937,66
2021-08-05,Trinity,105,12862,528,367,121,488,3
2021-08-05,Tulare,107,460477,52102,50889,9836,60725,854
2021-08-05,Tuolumne,109,53932,4763,4619,49,4668,64
2021-08-05,Ventura,111,848112,86159,84837,3572,88409,1047
2021-08-05,Yolo,113,214977,15722,15250,485,15735,218
2021-08-05,Yuba,115,75493,7029,6872,158,7030,50
2021-08-04,Alameda,001,1643700,100013,97477,2193,99670,1274
2021-08-04,Alpine,003,1148,90,91,0,91,0
2021-08-04,Amador,005,37829,4101,3962,33,3995,48
2021-08-04,Butte,007,227075,13904,13509,2129,15638,205
2021-08-04,Calaveras,009,45235,2461,2374,15,2389,57
2021-08-04,Colusa,011,21464,2092,2025,366,2391,16
2021-08-04,Contra Costa,013,1133247,80315,77966,1548,79514,840
2021-08-04,Del Norte,015,27424,1863,1701,15,1716,8
2021-08-04,El Dorado,017,186661,11799,11319,947,12266,117
2021-08-04,Fresno,019,978130,108214,105899,9233,115132,1747
2021-08-04,Glenn,021,27897,2545,2487,605,3092,20
2021-08-04,Humboldt,023,135768,5626,5271,94,5365,52
2021-08-04,Imperial,025,180216,29567,29375,2729,32104,745
2021-08-04,Inyo,027,18085,1479,1465,13,1478,38
2021-08-04,Kern,029,883053,101610,99868,12317,112185,1358
2021-08-04,Kings,031,150075,24386,23840,1201,25041,250
2021-08-04,Lake,033,64148,4671,4423,20,4443,65
2021-08-04,Lassen,035,31185,5420,5340,125,5465,21
2021-08-04,Los Angeles,037,10098052,1287031,1265788,45973,1311761,24737
2021-08-04,Madera,039,155013,17651,17251,1059,18310,245
2021-08-04,Marin,041,260295,15354,14950,295,15245,239
2021-08-04,Mariposa,043,17540,530,497,11,508,5
2021-08-04,Mendocino,045,87422,4796,4560,107,4667,49
2021-08-04,Merced,047,269075,32579,32274,1123,33397,476
2021-08-04,Modoc,049,8938,428,416,147,563,5
2021-08-04,Mono,051,14174,1325,1307,17,1324,3
2021-08-04,Monterey,053,433212,44311,43926,2027,45953,526
2021-08-04,Napa,055,140530,10741,10544,58,10602,82
2021-08-04,Nevada,057,99092,6104,5702,209,5911,73
2021-08-04,Orange,059,3164182,272065,267199,12316,279515,5146
2021-08-04,Placer,061,380077,26788,25688,2026,27714,305
2021-08-04,Plumas,063,18699,804,784,14,798,5
2021-08-04,Riverside,065,2383286,311194,304272,14627,318899,4562
2021-08-04,Sacramento,067,1510023,121291,117882,2287,120169,1736
2021-08-04,San Benito,069,59416,6352,6300,116,6416,63
2021-08-04,San Bernardino,071,2135413,308769,304164,9460,313624,5285
2021-08-04,San Diego,073,3302833,306465,301100,17656,318756,3805
2021-08-04,San Francisco,075,870044,43551,41913,1659,43572,562
2021-08-04,San Joaquin,077,732212,79427,77846,3976,81822,1466
2021-08-04,San Luis Obispo,079,281455,22850,22245,833,23078,262
2021-08-04,San Mateo,081,765935,46292,45392,640,46032,548
2021-08-04,Santa Barbara,083,443738,36599,36013,1224,37237,470
2021-08-04,Santa Clara,085,1922200,126601,124127,872,124999,2183
2021-08-04,Santa Cruz,087,273765,17221,16820,834,17654,208
2021-08-04,Shasta,089,179085,13520,13134,1805,14939,211
2021-08-04,Sierra,091,2930,78,73,12,85,0
2021-08-04,Siskiyou,093,43540,2128,2010,462,2472,32
2021-08-04,Solano,095,438530,37257,36025,793,36818,262
2021-08-04,Sonoma,097,501317,34351,33311,399,33710,330
2021-08-04,Stanislaus,099,539301,60561,59396,6407,65803,1037
2021-08-04,Sutter,101,95872,10472,10294,108,10402,127
2021-08-04,Tehama,103,63373,5411,5281,626,5907,66
2021-08-04,Trinity,105,12862,526,362,118,480,3
2021-08-04,Tulare,107,460477,51992,50797,9792,60589,855
2021-08-04,Tuolumne,109,53932,4738,4584,49,4633,64
2021-08-04,Ventura,111,848112,85901,84406,3550,87956,1047
2021-08-04,Yolo,113,214977,15642,15189,472,15661,215
2021-08-04,Yuba,115,75493,6989,6827,157,6984,50
2021-08-03,Alameda,001,1643700,99565,97275,2188,99463,1270
2021-08-03,Alpine,003,1148,90,91,0,91,0
2021-08-03,Amador,005,37829,4065,3953,33,3986,48
2021-08-03,Butte,007,227075,13836,13468,2114,15582,205
2021-08-03,Calaveras,009,45235,2439,2356,15,2371,57
2021-08-03,Colusa,011,21464,2079,2023,360,2383,16
2021-08-03,Contra Costa,013,1133247,79833,77739,1541,79280,836
2021-08-03,Del Norte,015,27424,1831,1691,14,1705,8
2021-08-03,El Dorado,017,186661,11706,11255,936,12191,117
2021-08-03,Fresno,019,978130,107852,105732,9202,114934,1746
2021-08-03,Glenn,021,27897,2538,2481,599,3080,20
2021-08-03,Humboldt,023,135768,5561,5199,89,5288,52
2021-08-03,Imperial,025,180216,29545,29333,2722,32055,745
2021-08-03,Inyo,027,18085,1476,1459,13,1472,38
2021-08-03,Kern,029,883053,101348,99708,12238,111946,1358
2021-08-03,Kings,031,150075,24298,23780,1194,24974,249
2021-08-03,Lake,033,64148,4615,4408,16,4424,66
2021-08-03,Lassen,035,31185,5410,5341,125,5466,21
2021-08-03,Los Angeles,037,10098052,1283287,1262678,45796,1308474,24721
2021-08-03,Madera,039,155013,17610,17220,1044,18264,245
2021-08-03,Marin,041,260295,15305,14906,292,15198,243
2021-08-03,Mariposa,043,17540,519,495,11,506,5
2021-08-03,Mendocino,045,87422,4747,4546,106,4652,49
2021-08-03,Merced,047,269075,32496,32197,1121,33318,476
2021-08-03,Modoc,049,8938,428,416,147,563,5
2021-08-03,Mono,051,14174,1320,1303,17,1320,3
2021-08-03,Monterey,053,433212,44248,43872,2014,45886,525
2021-08-03,Napa,055,140530,10698,10527,57,10584,82
2021-08-03,Nevada,057,99092,6023,5685,208,5893,73
2021-08-03,Orange,059,3164182,271326,266649,12286,278935,5146
2021-08-03,Placer,061,380077,26587,25624,2002,27626,305
2021-08-03,Plumas,063,18699,797,779,14,793,5
2021-08-03,Riverside,065,2383286,310269,303499,14601,318100,4562
2021-08-03,Sacramento,067,1510023,120546,117591,2267,119858,1732
2021-08-03,San Benito,069,59416,6337,6284,115,6399,63
2021-08-03,San Bernardino,071,2135413,307847,303386,9442,312828,5265
2021-08-03,San Diego,073,3302833,305026,300189,17546,317735,3803
2021-08-03,San Francisco,075,870044,43269,41758,1639,43397,562
2021-08-03,San Joaquin,077,732212,79076,77615,3955,81570,1461
2021-08-03,San Luis Obispo,079,281455,22710,22166,826,22992,264
2021-08-03,San Mateo,081,765935,46100,45255,635,45890,548
2021-08-03,Santa Barbara,083,443738,36480,35912,1218,37130,469
2021-08-03,Santa Clara,085,1922200,126180,123914,866,124780,2183
2021-08-03,Santa Cruz,087,273765,17155,16778,831,17609,207
2021-08-03,Shasta,089,179085,13445,13091,1794,14885,211
2021-08-03,Sierra,091,2930,78,72,12,84,0
2021-08-03,Siskiyou,093,43540,2117,1998,457,2455,32
2021-08-03,Solano,095,438530,37037,35953,781,36734,261
2021-08-03,Sonoma,097,501317,34170,33243,398,33641,330
2021-08-03,Stanislaus,099,539301,60339,59282,6388,65670,1037
2021-08-03,Sutter,101,95872,10432,10263,107,10370,127
2021-08-03,Tehama,103,63373,5384,5269,621,5890,66
2021-08-03,Trinity,105,12862,523,361,115,476,3
2021-08-03,Tulare,107,460477,51897,50729,9746,60475,854
2021-08-03,Tuolumne,109,53932,4703,4563,49,4612,64
2021-08-03,Ventura,111,848112,85657,84270,3529,87799,1046
2021-08-03,Yolo,113,214977,15550,15149,457,15606,215
2021-08-03,Yuba,115,75493,6952,6781,155,6936,50
2021-08-02,Alameda,001,1643700,99008,96954,2184,99138,1270
2021-08-02,Alpine,003,1148,90,91,0,91,0
2021-08-02,Amador,005,37829,4045,3927,33,3960,48
2021-08-02,Butte,007,227075,13756,13442,2095,15537,205
2021-08-02,Calaveras,009,45235,2414,2347,15,2362,57
2021-08-02,Colusa,011,21464,2067,2019,357,2376,16
2021-08-02,Contra Costa,013,1133247,79323,77516,1527,79043,836
2021-08-02,Del Norte,015,27424,1801,1653,14,1667,8
2021-08-02,El Dorado,017,186661,11603,11226,922,12148,116
2021-08-02,Fresno,019,978130,107506,105471,9165,114636,1744
2021-08-02,Glenn,021,27897,2530,2477,596,3073,20
2021-08-02,Humboldt,023,135768,5478,5161,87,5248,52
2021-08-02,Imperial,025,180216,29512,29302,2719,32021,743
2021-08-02,Inyo,027,18085,1470,1455,13,1468,38
2021-08-02,Kern,029,883053,101093,99556,12147,111703,1357
2021-08-02,Kings,031,150075,24228,23722,1188,24910,249
2021-08-02,Lake,033,64148,4572,4375,16,4391,66
2021-08-02,Lassen,035,31185,5387,5338,123,5461,21
2021-08-02,Los Angeles,037,10098052,1279565,1260807,45590,1306397,24705
2021-08-02,Madera,039,155013,17566,17158,1031,18189,245
2021-08-02,Marin,041,260295,15262,14859,291,15150,239
2021-08-02,Mariposa,043,17540,510,490,11,501,5
2021-08-02,Mendocino,045,87422,4707,4512,103,4615,49
2021-08-02,Merced,047,269075,32398,32163,1114,33277,474
2021-08-02,Modoc,049,8938,428,415,147,562,5
2021-08-02,Mono,051,14174,1313,1296,17,1313,3
2021-08-02,Monterey,053,433212,44188,43842,2006,45848,525
2021-08-02,Napa,055,140530,10655,10490,54,10544,82
2021-08-02,Nevada,057,99092,5952,5611,207,5818,73
2021-08-02,Orange,059,3164182,270412,266050,12241,278291,5146
2021-08-02,Placer,061,380077,26440,25516,1968,27484,306
2021-08-02,Plumas,063,18699,790,762,14,776,5
2021-08-02,Riverside,065,2383286,309331,302756,14586,317342,4562
2021-08-02,Sacramento,067,1510023,119848,117183,2248,119431,1728
2021-08-02,San Benito,069,59416,6318,6276,114,6390,63
2021-08-02,San Bernardino,071,2135413,306972,303000,9409,312409,5253
2021-08-02,San Diego,073,3302833,303546,299021,17466,316487,3798
2021-08-02,San Francisco,075,870044,42983,41553,1616,43169,562
2021-08-02,San Joaquin,077,732212,78733,77447,3930,81377,1461
2021-08-02,San Luis Obispo,079,281455,22616,22093,819,22912,261
2021-08-02,San Mateo,081,765935,45923,45154,623,45777,548
2021-08-02,Santa Barbara,083,443738,36342,35851,1212,37063,469
2021-08-02,Santa Clara,085,1922200,125710,123655,858,124513,2183
2021-08-02,Santa Cruz,087,273765,17097,16746,827,17573,207
2021-08-02,Shasta,089,179085,13383,13049,1780,14829,212
2021-08-02,Sierra,091,2930,78,71,12,83,0
2021-08-02,Siskiyou,093,43540,2106,1992,443,2435,31
2021-08-02,Solano,095,438530,36789,35852,768,36620,260
2021-08-02,Sonoma,097,501317,33944,33132,393,33525,330
2021-08-02,Stanislaus,099,539301,60120,59160,6361,65521,1037
2021-08-02,Sutter,101,95872,10386,10220,107,10327,127
2021-08-02,Tehama,103,63373,5361,5260,617,5877,66
2021-08-02,Trinity,105,12862,518,359,114,473,3
2021-08-02,Tulare,107,460477,51796,50640,9674,60314,854
2021-08-02,Tuolumne,109,53932,4636,4524,49,4573,64
2021-08-02,Ventura,111,848112,85472,84143,3506,87649,1044
2021-08-02,Yolo,113,214977,15452,15072,440,15512,215
2021-08-02,Yuba,115,75493,6910,6743,152,6895,50
2021-08-01,Alameda,001,1643700,98477,96775,2178,98953,1270
2021-08-01,Alpine,003,1148,90,91,0,91,0
2021-08-01,Amador,005,37829,4007,3923,33,3956,48
2021-08-01,Butte,007,227075,13678,13406,2077,15483,205
2021-08-01,Calaveras,009,45235,2390,2341,15,2356,57
2021-08-01,Colusa,011,21464,2056,2014,355,2369,16
2021-08-01,Contra Costa,013,1133247,78887,77360,1520,78880,836
2021-08-01,Del Norte,015,27424,1769,1642,14,1656,8
2021-08-01,El Dorado,017,186661,11503,11189,911,12100,116
2021-08-01,Fresno,019,978130,107179,105339,9120,114459,1744
2021-08-01,Glenn,021,27897,2524,2476,593,3069,20
2021-08-01,Humboldt,023,135768,5401,5118,83,5201,52
2021-08-01,Imperial,025,180216,29477,29297,2715,32012,743
2021-08-01,Inyo,027,18085,1468,1454,13,1467,38
2021-08-01,Kern,029,883053,100815,99396,12072,111468,1357
2021-08-01,Kings,031,150075,24141,23700,1183,24883,249
2021-08-01,Lake,033,64148,4493,4356,16,4372,66
2021-08-01,Lassen,035,31185,5374,5336,121,5457,21
2021-08-01,Los Angeles,037,10098052,1275874,1258461,45366,1303827,24700
2021-08-01,Madera,039,155013,17510,17146,1026,18172,245
2021-08-01,Marin,041,260295,15185,14844,290,15134,239
2021-08-01,Mariposa,043,17540,503,482,11,493,5
2021-08-01,Mendocino,045,87422,4661,4476,99,4575,49
2021-08-01,Merced,047,269075,32307,32144,1108,33252,474
2021-08-01,Modoc,049,8938,426,413,147,560,5
2021-08-01,Mono,051,14174,1310,1294,17,1311,3
2021-08-01,Monterey,053,433212,44141,43808,1993,45801,525
2021-08-01,Napa,055,140530,10606,10473,52,10525,82
2021-08-01,Nevada,057,99092,5865,5561,206,5767,73
2021-08-01,Orange,059,3164182,269598,265467,12198,277665,5146
2021-08-01,Placer,061,380077,26225,25464,1938,27402,306
2021-08-01,Plumas,063,18699,784,761,14,775,5
2021-08-01,Riverside,065,2383286,308398,302256,14568,316824,4562
2021-08-01,Sacramento,067,1510023,119112,116923,2234,119157,1727
2021-08-01,San Benito,069,59416,6301,6271,114,6385,63
2021-08-01,San Bernardino,071,2135413,306038,302542,9398,311940,5248
2021-08-01,San Diego,073,3302833,302360,298002,17401,315403,3798
2021-08-01,San Francisco,075,870044,42645,41432,1603,43035,562
2021-08-01,San Joaquin,077,732212,78366,77338,3905,81243,1461
2021-08-01,San Luis Obispo,079,281455,22514,22083,814,22897,261
2021-08-01,San Mateo,081,765935,45741,45036,616,45652,548
2021-08-01,Santa Barbara,083,443738,36218,35809,1208,37017,469
2021-08-01,Santa Clara,085,1922200,125298,123511,850,124361,2183
2021-08-01,Santa Cruz,087,273765,17018,16709,820,17529,207
2021-08-01,Shasta,089,179085,13312,13036,1771,14807,212
2021-08-01,Sierra,091,2930,76,71,12,83,0
2021-08-01,Siskiyou,093,43540,2100,1989,437,2426,31
2021-08-01,Solano,095,438530,36554,35800,759,36559,260
2021-08-01,Sonoma,097,501317,33752,33076,390,33466,330
2021-08-01,Stanislaus,099,539301,59883,59078,6329,65407,1037
2021-08-01,Sutter,101,95872,10331,10198,104,10302,127
2021-08-01,Tehama,103,63373,5344,5252,613,5865,66
2021-08-01,Trinity,105,12862,515,359,113,472,3
2021-08-01,Tulare,107,460477,51639,50600,9613,60213,854
2021-08-01,Tuolumne,109,53932,4598,4489,49,4538,64
2021-08-01,Ventura,111,848112,85242,84040,3491,87531,1044
2021-08-01,Yolo,113,214977,15380,15042,430,15472,215
2021-08-01,Yuba,115,75493,6873,6721,151,6872,50
2021-07-31,Alameda,001,1643700,98146,95279,2173,97452,1265
2021-07-31,Alpine,003,1148,90,89,0,89,0
2021-07-31,Amador,005,37829,3987,3877,33,3910,48
2021-07-31,Butte,007,227075,13644,13235,2057,15292,205
2021-07-31,Calaveras,009,45235,2381,2294,15,2309,57
2021-07-31,Colusa,011,21464,2050,2006,353,2359,16
2021-07-31,Contra Costa,013,1133247,78608,75866,1518,77384,832
2021-07-31,Del Norte,015,27424,1743,1576,14,1590,8
2021-07-31,El Dorado,017,186661,11450,11017,905,11922,116
2021-07-31,Fresno,019,978130,107020,104639,9107,113746,1744
2021-07-31,Glenn,021,27897,2519,2465,588,3053,20
2021-07-31,Humboldt,023,135768,5346,4978,82,5060,52
2021-07-31,Imperial,025,180216,29460,29164,2712,31876,743
2021-07-31,Inyo,027,18085,1465,1442,13,1455,38
2021-07-31,Kern,029,883053,100650,98903,12013,110916,1357
2021-07-31,Kings,031,150075,24088,23548,1178,24726,248
2021-07-31,Lake,033,64148,4468,4238,16,4254,66
2021-07-31,Lassen,035,31185,5367,5320,121,5441,21
2021-07-31,Los Angeles,037,10098052,1273669,1248545,45224,1293769,24691
2021-07-31,Madera,039,155013,17477,17058,1020,18078,245
2021-07-31,Marin,041,260295,15141,14701,289,14990,239
2021-07-31,Mariposa,043,17540,494,470,11,481,5
2021-07-31,Mendocino,045,87422,4636,4400,96,4496,49
2021-07-31,Merced,047,269075,32259,31959,1103,33062,474
2021-07-31,Modoc,049,8938,426,413,147,560,5
2021-07-31,Mono,051,14174,1308,1287,17,1304,3
2021-07-31,Monterey,053,433212,44101,43720,1983,45703,525
2021-07-31,Napa,055,140530,10587,10401,51,10452,82
2021-07-31,Nevada,057,99092,5826,5373,205,5578,72
2021-07-31,Orange,059,3164182,269024,263446,12180,275626,5144
2021-07-31,Placer,061,380077,26092,25104,1931,27035,306
2021-07-31,Plumas,063,18699,781,743,14,757,5
2021-07-31,Riverside,065,2383286,307781,300315,14558,314873,4554
2021-07-31,Sacramento,067,1510023,118700,115259,2228,117487,1720
2021-07-31,San Benito,069,59416,6290,6251,114,6365,63
2021-07-31,San Bernardino,071,2135413,305464,300726,9395,310121,5240
2021-07-31,San Diego,073,3302833,301687,295054,17355,312409,3798
2021-07-31,San Francisco,075,870044,42417,40412,1583,41995,562
2021-07-31,San Joaquin,077,732212,78201,76575,3892,80467,1443
2021-07-31,San Luis Obispo,079,281455,22460,21922,812,22734,260
2021-07-31,San Mateo,081,765935,45584,44622,611,45233,548
2021-07-31,Santa Barbara,083,443738,36137,35531,1207,36738,467
2021-07-31,Santa Clara,085,1922200,125043,122614,848,123462,2099
2021-07-31,Santa Cruz,087,273765,16979,16576,819,17395,207
2021-07-31,Shasta,089,179085,13275,12918,1763,14681,212
2021-07-31,Sierra,091,2930,76,68,12,80,0
2021-07-31,Siskiyou,093,43540,2091,1976,431,2407,31
2021-07-31,Solano,095,438530,36453,35340,752,36092,263
2021-07-31,Sonoma,097,501317,33626,32601,390,32991,329
2021-07-31,Stanislaus,099,539301,59724,58586,6307,64893,1035
2021-07-31,Sutter,101,95872,10297,10068,103,10171,127
2021-07-31,Tehama,103,63373,5329,5216,610,5826,66
2021-07-31,Trinity,105,12862,514,354,112,466,3
2021-07-31,Tulare,107,460477,51549,50409,9560,59969,854
2021-07-31,Tuolumne,109,53932,4559,4362,49,4411,64
2021-07-31,Ventura,111,848112,85081,83509,3475,86984,1044
2021-07-31,Yolo,113,214977,15332,14863,419,15282,215
2021-07-31,Yuba,115,75493,6850,6615,147,6762,50
2021-07-30,Alameda,001,1643700,97820,95279,2169,97448,1265
2021-07-30,Alpine,003,1148,90,89,0,89,0
2021-07-30,Amador,005,37829,3964,3877,33,3910,48
2021-07-30,Butte,007,227075,13589,13235,2044,15279,205
2021-07-30,Calaveras,009,45235,2371,2294,15,2309,57
2021-07-30,Colusa,011,21464,2046,2006,351,2357,16
2021-07-30,Contra Costa,013,1133247,78362,75866,1514,77380,832
2021-07-30,Del Norte,015,27424,1725,1576,14,1590,8
2021-07-30,El Dorado,017,186661,11416,11017,899,11916,116
2021-07-30,Fresno,019,978130,106826,104639,9095,113734,1744
2021-07-30,Glenn,021,27897,2514,2465,587,3052,20
2021-07-30,Humboldt,023,135768,5283,4978,79,5057,52
2021-07-30,Imperial,025,180216,29446,29164,2709,31873,743
2021-07-30,Inyo,027,18085,1464,1442,13,1455,38
2021-07-30,Kern,029,883053,100526,98903,11966,110869,1357
2021-07-30,Kings,031,150075,24048,23548,1174,24722,248
2021-07-30,Lake,033,64148,4440,4238,16,4254,66
2021-07-30,Lassen,035,31185,5363,5320,121,5441,21
2021-07-30,Los Angeles,037,10098052,1271337,1248545,45076,1293621,24691
2021-07-30,Madera,039,155013,17435,17058,1017,18075,245
2021-07-30,Marin,041,260295,15107,14701,289,14990,239
2021-07-30,Mariposa,043,17540,490,470,11,481,5
2021-07-30,Mendocino,045,87422,4606,4400,95,4495,49
2021-07-30,Merced,047,269075,32218,31959,1099,33058,474
2021-07-30,Modoc,049,8938,424,413,147,560,5
2021-07-30,Mono,051,14174,1303,1287,17,1304,3
2021-07-30,Monterey,053,433212,44067,43720,1974,45694,525
2021-07-30,Napa,055,140530,10565,10401,50,10451,82
2021-07-30,Nevada,057,99092,5769,5373,205,5578,72
2021-07-30,Orange,059,3164182,268399,263446,12154,275600,5144
2021-07-30,Placer,061,380077,26002,25104,1913,27017,306
2021-07-30,Plumas,063,18699,776,743,14,757,5
2021-07-30,Riverside,065,2383286,307144,300315,14548,314863,4554
2021-07-30,Sacramento,067,1510023,118248,115259,2224,117483,1720
2021-07-30,San Benito,069,59416,6283,6251,114,6365,63
2021-07-30,San Bernardino,071,2135413,304951,300726,9388,310114,5240
2021-07-30,San Diego,073,3302833,300913,295054,17297,312351,3798
2021-07-30,San Francisco,075,870044,42204,40412,1569,41981,562
2021-07-30,San Joaquin,077,732212,78047,76575,3887,80462,1443
2021-07-30,San Luis Obispo,079,281455,22422,21922,808,22730,260
2021-07-30,San Mateo,081,765935,45459,44622,598,45220,548
2021-07-30,Santa Barbara,083,443738,36068,35531,1201,36732,467
2021-07-30,Santa Clara,085,1922200,124820,122614,846,123460,2099
2021-07-30,Santa Cruz,087,273765,16953,16576,817,17393,207
2021-07-30,Shasta,089,179085,13230,12918,1763,14681,212
2021-07-30,Sierra,091,2930,75,68,12,80,0
2021-07-30,Siskiyou,093,43540,2082,1976,430,2406,31
2021-07-30,Solano,095,438530,36362,35340,736,36076,263
2021-07-30,Sonoma,097,501317,33531,32601,390,32991,329
2021-07-30,Stanislaus,099,539301,59580,58586,6287,64873,1035
2021-07-30,Sutter,101,95872,10262,10068,103,10171,127
2021-07-30,Tehama,103,63373,5319,5216,610,5826,66
2021-07-30,Trinity,105,12862,514,354,112,466,3
2021-07-30,Tulare,107,460477,51506,50409,9525,59934,854
2021-07-30,Tuolumne,109,53932,4541,4362,49,4411,64
2021-07-30,Ventura,111,848112,84917,83509,3460,86969,1044
2021-07-30,Yolo,113,214977,15272,14863,415,15278,215
2021-07-30,Yuba,115,75493,6814,6615,146,6761,50
2021-07-29,Alameda,001,1643700,97408,95279,2163,97442,1265
2021-07-29,Alpine,003,1148,90,89,0,89,0
2021-07-29,Amador,005,37829,3945,3877,33,3910,48
2021-07-29,Butte,007,227075,13540,13235,2036,15271,205
2021-07-29,Calaveras,009,45235,2356,2294,15,2309,57
2021-07-29,Colusa,011,21464,2039,2006,351,2357,16
2021-07-29,Contra Costa,013,1133247,77922,75866,1512,77378,832
2021-07-29,Del Norte,015,27424,1701,1576,14,1590,8
2021-07-29,El Dorado,017,186661,11352,11017,887,11904,116
2021-07-29,Fresno,019,978130,106562,104639,9069,113708,1744
2021-07-29,Glenn,021,27897,2504,2465,586,3051,20
2021-07-29,Humboldt,023,135768,5223,4978,77,5055,52
2021-07-29,Imperial,025,180216,29401,29164,2707,31871,743
2021-07-29,Inyo,027,18085,1460,1442,13,1455,38
2021-07-29,Kern,029,883053,100319,98903,11889,110792,1357
2021-07-29,Kings,031,150075,24002,23548,1170,24718,248
2021-07-29,Lake,033,64148,4405,4238,16,4254,66
2021-07-29,Lassen,035,31185,5355,5320,118,5438,21
2021-07-29,Los Angeles,037,10098052,1268237,1248545,44896,1293441,24691
2021-07-29,Madera,039,155013,17388,17058,1013,18071,245
2021-07-29,Marin,041,260295,15064,14701,289,14990,239
2021-07-29,Mariposa,043,17540,486,470,11,481,5
2021-07-29,Mendocino,045,87422,4583,4400,93,4493,49
2021-07-29,Merced,047,269075,32163,31959,1099,33058,474
2021-07-29,Modoc,049,8938,424,413,147,560,5
2021-07-29,Mono,051,14174,1301,1287,17,1304,3
2021-07-29,Monterey,053,433212,44018,43720,1964,45684,525
2021-07-29,Napa,055,140530,10533,10401,48,10449,82
2021-07-29,Nevada,057,99092,5717,5373,204,5577,72
2021-07-29,Orange,059,3164182,267687,263446,12122,275568,5144
2021-07-29,Placer,061,380077,25879,25104,1898,27002,306
2021-07-29,Plumas,063,18699,768,743,14,757,5
2021-07-29,Riverside,065,2383286,306439,300315,14524,314839,4554
2021-07-29,Sacramento,067,1510023,117693,115259,2211,117470,1720
2021-07-29,San Benito,069,59416,6272,6251,114,6365,63
2021-07-29,San Bernardino,071,2135413,304314,300726,9379,310105,5240
2021-07-29,San Diego,073,3302833,299856,295054,17229,312283,3798
2021-07-29,San Francisco,075,870044,41956,40412,1548,41960,562
2021-07-29,San Joaquin,077,732212,77792,76575,3879,80454,1443
2021-07-29,San Luis Obispo,079,281455,22367,21922,806,22728,260
2021-07-29,San Mateo,081,765935,45332,44622,588,45210,548
2021-07-29,Santa Barbara,083,443738,35982,35531,1200,36731,467
2021-07-29,Santa Clara,085,1922200,124523,122614,843,123457,2099
2021-07-29,Santa Cruz,087,273765,16900,16576,815,17391,207
2021-07-29,Shasta,089,179085,13176,12918,1754,14672,212
2021-07-29,Sierra,091,2930,75,68,12,80,0
2021-07-29,Siskiyou,093,43540,2077,1976,428,2404,31
2021-07-29,Solano,095,438530,36202,35340,726,36066,263
2021-07-29,Sonoma,097,501317,33357,32601,388,32989,329
2021-07-29,Stanislaus,099,539301,59408,58586,6272,64858,1035
2021-07-29,Sutter,101,95872,10216,10068,102,10170,127
2021-07-29,Tehama,103,63373,5306,5216,604,5820,66
2021-07-29,Trinity,105,12862,512,354,111,465,3
2021-07-29,Tulare,107,460477,51416,50409,9485,59894,854
2021-07-29,Tuolumne,109,53932,4501,4362,48,4410,64
2021-07-29,Ventura,111,848112,84751,83509,3453,86962,1044
2021-07-29,Yolo,113,214977,15204,14863,401,15264,215
2021-07-29,Yuba,115,75493,6765,6615,143,6758,50
2021-07-28,Alameda,001,1643700,96948,94965,2156,97121,1262
2021-07-28,Alpine,003,1148,90,89,0,89,0
2021-07-28,Amador,005,37829,3931,3870,33,3903,48
2021-07-28,Butte,007,227075,13483,13184,2023,15207,205
2021-07-28,Calaveras,009,45235,2335,2289,15,2304,57
2021-07-28,Colusa,011,21464,2036,2001,350,2351,16
2021-07-28,Contra Costa,013,1133247,77433,75487,1504,76991,832
2021-07-28,Del Norte,015,27424,1668,1545,14,1559,8
2021-07-28,El Dorado,017,186661,11302,10967,878,11845,116
2021-07-28,Fresno,019,978130,106312,104458,9049,113507,1744
2021-07-28,Glenn,021,27897,2501,2464,583,3047,20
2021-07-28,Humboldt,023,135768,5172,4946,76,5022,52
2021-07-28,Imperial,025,180216,29354,29096,2707,31803,743
2021-07-28,Inyo,027,18085,1454,1439,12,1451,38
2021-07-28,Kern,029,883053,100163,98781,11843,110624,1352
2021-07-28,Kings,031,150075,23938,23503,1160,24663,248
2021-07-28,Lake,033,64148,4359,4191,15,4206,65
2021-07-28,Lassen,035,31185,5347,5318,118,5436,21
2021-07-28,Los Angeles,037,10098052,1265060,1245485,44712,1290197,24673
2021-07-28,Madera,039,155013,17347,17024,1007,18031,245
2021-07-28,Marin,041,260295,15010,14652,289,14941,239
2021-07-28,Mariposa,043,17540,479,469,11,480,5
2021-07-28,Mendocino,045,87422,4555,4377,93,4470,49
2021-07-28,Merced,047,269075,32107,31886,1095,32981,474
2021-07-28,Modoc,049,8938,422,413,147,560,5
2021-07-28,Mono,051,14174,1300,1286,17,1303,3
2021-07-28,Monterey,053,433212,43971,43668,1955,45623,524
2021-07-28,Napa,055,140530,10493,10376,46,10422,82
2021-07-28,Nevada,057,99092,5663,5320,204,5524,72
2021-07-28,Orange,059,3164182,266895,262735,12093,274828,5143
2021-07-28,Placer,061,380077,25732,24978,1883,26861,306
2021-07-28,Plumas,063,18699,763,754,14,768,5
2021-07-28,Riverside,065,2383286,305672,299611,14505,314116,4554
2021-07-28,Sacramento,067,1510023,117040,114665,2192,116857,1714
2021-07-28,San Benito,069,59416,6261,6236,114,6350,63
2021-07-28,San Bernardino,071,2135413,303692,300121,9367,309488,5236
2021-07-28,San Diego,073,3302833,298582,294176,17156,311332,3798
2021-07-28,San Francisco,075,870044,41652,40144,1522,41666,561
2021-07-28,San Joaquin,077,732212,77541,76312,3849,80161,1443
2021-07-28,San Luis Obispo,079,281455,22308,21865,805,22670,260
2021-07-28,San Mateo,081,765935,45181,44477,579,45056,547
2021-07-28,Santa Barbara,083,443738,35907,35431,1195,36626,467
2021-07-28,Santa Clara,085,1922200,124261,122345,841,123186,2099
2021-07-28,Santa Cruz,087,273765,16862,16551,814,17365,207
2021-07-28,Shasta,089,179085,13131,12882,1744,14626,212
2021-07-28,Sierra,091,2930,71,67,12,79,0
2021-07-28,Siskiyou,093,43540,2068,1971,425,2396,31
2021-07-28,Solano,095,438530,36028,35204,719,35923,262
2021-07-28,Sonoma,097,501317,33213,32434,385,32819,328
2021-07-28,Stanislaus,099,539301,59211,58427,6256,64683,1035
2021-07-28,Sutter,101,95872,10184,10033,101,10134,126
2021-07-28,Tehama,103,63373,5294,5209,601,5810,66
2021-07-28,Trinity,105,12862,511,352,111,463,3
2021-07-28,Tulare,107,460477,51328,50363,9438,59801,854
2021-07-28,Tuolumne,109,53932,4462,4313,48,4361,64
2021-07-28,Ventura,111,848112,84555,83360,3437,86797,1043
2021-07-28,Yolo,113,214977,15132,14801,392,15193,215
2021-07-28,Yuba,115,75493,6732,6591,142,6733,51
2021-07-27,Alameda,001,1643700,96547,94682,2148,96830,1256
2021-07-27,Alpine,003,1148,90,89,0,89,0
2021-07-27,Amador,005,37829,3915,3861,33,3894,48
2021-07-27,Butte,007,227075,13435,13127,2012,15139,205
2021-07-27,Calaveras,009,45235,2324,2280,15,2295,57
2021-07-27,Colusa,011,21464,2027,1999,349,2348,16
2021-07-27,Contra Costa,013,1133247,76948,75227,1500,76727,830
2021-07-27,Del Norte,015,27424,1648,1538,14,1552,8
2021-07-27,El Dorado,017,186661,11242,10941,868,11809,116
2021-07-27,Fresno,019,978130,106020,104288,9026,113314,1746
2021-07-27,Glenn,021,27897,2493,2460,581,3041,20
2021-07-27,Humboldt,023,135768,5118,4925,75,5000,52
2021-07-27,Imperial,025,180216,29309,29048,2706,31754,743
2021-07-27,Inyo,027,18085,1452,1430,12,1442,38
2021-07-27,Kern,029,883053,99993,98724,11787,110511,1352
2021-07-27,Kings,031,150075,23881,23463,1150,24613,248
2021-07-27,Lake,033,64148,4320,4157,15,4172,65
2021-07-27,Lassen,035,31185,5341,5315,118,5433,21
2021-07-27,Los Angeles,037,10098052,1261595,1243336,44505,1287841,24658
2021-07-27,Madera,039,155013,17294,16998,1001,17999,245
2021-07-27,Marin,041,260295,14962,14631,286,14917,239
2021-07-27,Mariposa,043,17540,476,468,11,479,5
2021-07-27,Mendocino,045,87422,4532,4371,93,4464,49
2021-07-27,Merced,047,269075,32040,31825,1092,32917,473
2021-07-27,Modoc,049,8938,421,413,147,560,5
2021-07-27,Mono,051,14174,1296,1288,17,1305,3
2021-07-27,Monterey,053,433212,43931,43646,1944,45590,523
2021-07-27,Napa,055,140530,10463,10354,46,10400,82
2021-07-27,Nevada,057,99092,5586,5305,202,5507,72
2021-07-27,Orange,059,3164182,266154,262193,12067,274260,5143
2021-07-27,Placer,061,380077,25573,24916,1857,26773,306
2021-07-27,Plumas,063,18699,760,752,14,766,5
2021-07-27,Riverside,065,2383286,304943,299160,14486,313646,4554
2021-07-27,Sacramento,067,1510023,116437,114413,2183,116596,1710
2021-07-27,San Benito,069,59416,6252,6229,114,6343,63
2021-07-27,San Bernardino,071,2135413,303008,299593,9345,308938,5236
2021-07-27,San Diego,073,3302833,297493,293408,17077,310485,3798
2021-07-27,San Francisco,075,870044,41296,39939,1504,41443,561
2021-07-27,San Joaquin,077,732212,77278,76166,3830,79996,1442
2021-07-27,San Luis Obispo,079,281455,22253,21803,796,22599,260
2021-07-27,San Mateo,081,765935,45030,44378,576,44954,547
2021-07-27,Santa Barbara,083,443738,35812,35355,1193,36548,467
2021-07-27,Santa Clara,085,1922200,123967,122154,839,122993,2099
2021-07-27,Santa Cruz,087,273765,16816,16523,813,17336,207
2021-07-27,Shasta,089,179085,13081,12846,1731,14577,212
2021-07-27,Sierra,091,2930,71,65,12,77,0
2021-07-27,Siskiyou,093,43540,2063,1964,422,2386,31
2021-07-27,Solano,095,438530,35896,35093,709,35802,261
2021-07-27,Sonoma,097,501317,33069,32367,383,32750,328
2021-07-27,Stanislaus,099,539301,59043,58333,6228,64561,1033
2021-07-27,Sutter,101,95872,10143,9998,101,10099,115
2021-07-27,Tehama,103,63373,5272,5192,599,5791,66
2021-07-27,Trinity,105,12862,510,351,111,462,3
2021-07-27,Tulare,107,460477,51262,50324,9407,59731,854
2021-07-27,Tuolumne,109,53932,4410,4282,48,4330,64
2021-07-27,Ventura,111,848112,84347,83189,3425,86614,1043
2021-07-27,Yolo,113,214977,15058,14759,386,15145,215
2021-07-27,Yuba,115,75493,6710,6564,140,6704,51
2021-07-26,Alameda,001,1643700,96102,94436,2144,96580,1259
2021-07-26,Alpine,003,1148,90,89,0,89,0
2021-07-26,Amador,005,37829,3905,3854,33,3887,48
2021-07-26,Butte,007,227075,13380,13082,2001,15083,203
2021-07-26,Calaveras,009,45235,2318,2276,15,2291,57
2021-07-26,Colusa,011,21464,2020,1996,347,2343,16
2021-07-26,Contra Costa,013,1133247,76451,74854,1493,76347,830
2021-07-26,Del Norte,015,27424,1627,1530,14,1544,8
2021-07-26,El Dorado,017,186661,11178,10899,865,11764,116
2021-07-26,Fresno,019,978130,105816,104143,9003,113146,1742
2021-07-26,Glenn,021,27897,2491,2461,580,3041,20
2021-07-26,Humboldt,023,135768,5079,4906,73,4979,52
2021-07-26,Imperial,025,180216,29269,29034,2706,31740,743
2021-07-26,Inyo,027,18085,1447,1429,12,1441,38
2021-07-26,Kern,029,883053,99827,98633,11722,110355,1351
2021-07-26,Kings,031,150075,23832,23426,1146,24572,247
2021-07-26,Lake,033,64148,4299,4133,15,4148,65
2021-07-26,Lassen,035,31185,5337,5314,118,5432,21
2021-07-26,Los Angeles,037,10098052,1258247,1241527,44334,1285861,24647
2021-07-26,Madera,039,155013,17266,16971,994,17965,245
2021-07-26,Marin,041,260295,14905,14579,285,14864,239
2021-07-26,Mariposa,043,17540,475,467,11,478,5
2021-07-26,Mendocino,045,87422,4511,4354,93,4447,49
2021-07-26,Merced,047,269075,31949,31774,1088,32862,473
2021-07-26,Modoc,049,8938,421,413,147,560,5
2021-07-26,Mono,051,14174,1295,1286,17,1303,3
2021-07-26,Monterey,053,433212,43888,43595,1932,45527,521
2021-07-26,Napa,055,140530,10440,10332,46,10378,82
2021-07-26,Nevada,057,99092,5500,5280,202,5482,72
2021-07-26,Orange,059,3164182,265516,261803,12047,273850,5142
2021-07-26,Placer,061,380077,25436,24842,1836,26678,304
2021-07-26,Plumas,063,18699,756,750,14,764,5
2021-07-26,Riverside,065,2383286,304251,298626,14472,313098,4553
2021-07-26,Sacramento,067,1510023,115837,113986,2167,116153,1705
2021-07-26,San Benito,069,59416,6246,6222,114,6336,63
2021-07-26,San Bernardino,071,2135413,302393,299238,9332,308570,5237
2021-07-26,San Diego,073,3302833,296385,292688,16995,309683,3793
2021-07-26,San Francisco,075,870044,40934,39800,1478,41278,561
2021-07-26,San Joaquin,077,732212,77043,76033,3826,79859,1440
2021-07-26,San Luis Obispo,079,281455,22204,21752,793,22545,260
2021-07-26,San Mateo,081,765935,44882,44297,568,44865,547
2021-07-26,Santa Barbara,083,443738,35739,35311,1181,36492,467
2021-07-26,Santa Clara,085,1922200,123658,121978,830,122808,2099
2021-07-26,Santa Cruz,087,273765,16776,16493,810,17303,207
2021-07-26,Shasta,089,179085,13032,12819,1720,14539,211
2021-07-26,Sierra,091,2930,70,65,12,77,0
2021-07-26,Siskiyou,093,43540,2060,1962,420,2382,31
2021-07-26,Solano,095,438530,35741,34990,702,35692,259
2021-07-26,Sonoma,097,501317,32933,32283,381,32664,328
2021-07-26,Stanislaus,099,539301,58898,58219,6209,64428,1033
2021-07-26,Sutter,101,95872,10103,9963,98,10061,115
2021-07-26,Tehama,103,63373,5262,5183,595,5778,66
2021-07-26,Trinity,105,12862,510,351,110,461,3
2021-07-26,Tulare,107,460477,51196,50265,9378,59643,854
2021-07-26,Tuolumne,109,53932,4380,4271,47,4318,64
2021-07-26,Ventura,111,848112,84174,83072,3410,86482,1041
2021-07-26,Yolo,113,214977,14997,14727,374,15101,215
2021-07-26,Yuba,115,75493,6676,6538,138,6676,51
2021-07-25,Alameda,001,1643700,95614,94146,2139,96285,1259
2021-07-25,Alpine,003,1148,88,89,0,89,0
2021-07-25,Amador,005,37829,3890,3848,33,3881,48
2021-07-25,Butte,007,227075,13341,13074,1991,15065,203
2021-07-25,Calaveras,009,45235,2307,2275,15,2290,57
2021-07-25,Colusa,011,21464,2011,1996,343,2339,16
2021-07-25,Contra Costa,013,1133247,75967,74634,1479,76113,830
2021-07-25,Del Norte,015,27424,1606,1526,14,1540,8
2021-07-25,El Dorado,017,186661,11121,10878,861,11739,116
2021-07-25,Fresno,019,978130,105575,104019,8987,113006,1742
2021-07-25,Glenn,021,27897,2482,2461,578,3039,20
2021-07-25,Humboldt,023,135768,5020,4892,72,4964,52
2021-07-25,Imperial,025,180216,29233,29037,2706,31743,743
2021-07-25,Inyo,027,18085,1442,1427,12,1439,38
2021-07-25,Kern,029,883053,99655,98503,11651,110154,1351
2021-07-25,Kings,031,150075,23778,23396,1142,24538,247
2021-07-25,Lake,033,64148,4246,4109,14,4123,65
2021-07-25,Lassen,035,31185,5332,5314,118,5432,21
2021-07-25,Los Angeles,037,10098052,1254826,1239596,44141,1283737,24643
2021-07-25,Madera,039,155013,17229,16947,987,17934,245
2021-07-25,Marin,041,260295,14855,14558,282,14840,239
2021-07-25,Mariposa,043,17540,472,465,11,476,5
2021-07-25,Mendocino,045,87422,4482,4335,91,4426,49
2021-07-25,Merced,047,269075,31876,31760,1086,32846,473
2021-07-25,Modoc,049,8938,421,413,147,560,5
2021-07-25,Mono,051,14174,1292,1286,17,1303,3
2021-07-25,Monterey,053,433212,43850,43590,1924,45514,521
2021-07-25,Napa,055,140530,10404,10316,45,10361,82
2021-07-25,Nevada,057,99092,5435,5256,199,5455,72
2021-07-25,Orange,059,3164182,264808,261351,12024,273375,5142
2021-07-25,Placer,061,380077,25314,24755,1815,26570,304
2021-07-25,Plumas,063,18699,754,750,14,764,5
2021-07-25,Riverside,065,2383286,303486,298181,14455,312636,4553
2021-07-25,Sacramento,067,1510023,115287,113611,2152,115763,1704
2021-07-25,San Benito,069,59416,6239,6217,114,6331,63
2021-07-25,San Bernardino,071,2135413,301735,298982,9325,308307,5237
2021-07-25,San Diego,073,3302833,295323,290626,16921,307547,3793
2021-07-25,San Francisco,075,870044,40584,39663,1453,41116,561
2021-07-25,San Joaquin,077,732212,76787,75926,3807,79733,1440
2021-07-25,San Luis Obispo,079,281455,22131,21741,790,22531,260
2021-07-25,San Mateo,081,765935,44720,44189,562,44751,547
2021-07-25,Santa Barbara,083,443738,35659,35261,1178,36439,467
2021-07-25,Santa Clara,085,1922200,123328,121800,825,122625,2099
2021-07-25,Santa Cruz,087,273765,16729,16474,809,17283,207
2021-07-25,Shasta,089,179085,12985,12815,1715,14530,211
2021-07-25,Sierra,091,2930,70,65,12,77,0
2021-07-25,Siskiyou,093,43540,2052,1963,417,2380,31
2021-07-25,Solano,095,438530,35549,34863,699,35562,259
2021-07-25,Sonoma,097,501317,32808,32202,378,32580,328
2021-07-25,Stanislaus,099,539301,58732,58154,6204,64358,1033
2021-07-25,Sutter,101,95872,10050,9937,96,10033,115
2021-07-25,Tehama,103,63373,5246,5181,594,5775,66
2021-07-25,Trinity,105,12862,508,351,108,459,3
2021-07-25,Tulare,107,460477,51121,50221,9340,59561,854
2021-07-25,Tuolumne,109,53932,4329,4267,47,4314,64
2021-07-25,Ventura,111,848112,83960,82986,3387,86373,1041
2021-07-25,Yolo,113,214977,14936,14693,360,15053,215
2021-07-25,Yuba,115,75493,6643,6519,138,6657,51
2021-07-24,Alameda,001,1643700,95333,93170,2135,95305,1259
2021-07-24,Alpine,003,1148,88,89,0,89,0
2021-07-24,Amador,005,37829,3881,3816,33,3849,48
2021-07-24,Butte,007,227075,13312,12982,1989,14971,203
2021-07-24,Calaveras,009,45235,2302,2267,15,2282,57
2021-07-24,Colusa,011,21464,2010,1992,341,2333,16
2021-07-24,Contra Costa,013,1133247,75739,73682,1476,75158,830
2021-07-24,Del Norte,015,27424,1595,1497,14,1511,8
2021-07-24,El Dorado,017,186661,11087,10773,858,11631,116
2021-07-24,Fresno,019,978130,105457,103637,8977,112614,1736
2021-07-24,Glenn,021,27897,2480,2457,578,3035,20
2021-07-24,Humboldt,023,135768,4985,4780,71,4851,52
2021-07-24,Imperial,025,180216,29213,28996,2706,31702,742
2021-07-24,Inyo,027,18085,1439,1424,12,1436,38
2021-07-24,Kern,029,883053,99577,98261,11629,109890,1350
2021-07-24,Kings,031,150075,23747,23304,1139,24443,246
2021-07-24,Lake,033,64148,4223,3963,14,3977,64
2021-07-24,Lassen,035,31185,5331,5311,118,5429,21
2021-07-24,Los Angeles,037,10098052,1253051,1232164,44012,1276176,24623
2021-07-24,Madera,039,155013,17205,16885,985,17870,245
2021-07-24,Marin,041,260295,14816,14454,282,14736,238
2021-07-24,Mariposa,043,17540,472,453,11,464,5
2021-07-24,Mendocino,045,87422,4457,4293,91,4384,49
2021-07-24,Merced,047,269075,31854,31661,1085,32746,473
2021-07-24,Modoc,049,8938,421,413,147,560,5
2021-07-24,Mono,051,14174,1290,1284,17,1301,3
2021-07-24,Monterey,053,433212,43825,43525,1917,45442,521
2021-07-24,Napa,055,140530,10388,10230,45,10275,81
2021-07-24,Nevada,057,99092,5403,5183,199,5382,72
2021-07-24,Orange,059,3164182,264342,259973,12012,271985,5141
2021-07-24,Placer,061,380077,25232,24530,1810,26340,303
2021-07-24,Plumas,063,18699,753,737,14,751,4
2021-07-24,Riverside,065,2383286,303018,296912,14445,311357,4552
2021-07-24,Sacramento,067,1510023,114973,112438,2148,114586,1698
2021-07-24,San Benito,069,59416,6235,6200,113,6313,63
2021-07-24,San Bernardino,071,2135413,301344,297899,9316,307215,5236
2021-07-24,San Diego,073,3302833,294857,289368,16893,306261,3788
2021-07-24,San Francisco,075,870044,40410,38954,1437,40391,561
2021-07-24,San Joaquin,077,732212,76659,75461,3796,79257,1436
2021-07-24,San Luis Obispo,079,281455,22100,21616,788,22404,260
2021-07-24,San Mateo,081,765935,44603,43880,556,44436,542
2021-07-24,Santa Barbara,083,443738,35600,35071,1174,36245,465
2021-07-24,Santa Clara,085,1922200,123116,121092,824,121916,2099
2021-07-24,Santa Cruz,087,273765,16706,16416,809,17225,207
2021-07-24,Shasta,089,179085,12957,12759,1712,14471,211
2021-07-24,Sierra,091,2930,69,64,12,76,0
2021-07-24,Siskiyou,093,43540,2052,1951,417,2368,31
2021-07-24,Solano,095,438530,35457,34499,690,35189,259
2021-07-24,Sonoma,097,501317,32683,31928,376,32304,327
2021-07-24,Stanislaus,099,539301,58640,57879,6194,64073,1030
2021-07-24,Sutter,101,95872,10023,9890,96,9986,115
2021-07-24,Tehama,103,63373,5239,5166,592,5758,65
2021-07-24,Trinity,105,12862,508,345,108,453,3
2021-07-24,Tulare,107,460477,51078,50104,9323,59427,854
2021-07-24,Tuolumne,109,53932,4303,4216,47,4263,64
2021-07-24,Ventura,111,848112,83833,82687,3371,86058,1041
2021-07-24,Yolo,113,214977,14898,14557,356,14913,214
2021-07-24,Yuba,115,75493,6624,6449,138,6587,51
2021-07-23,Alameda,001,1643700,95080,93170,2131,95301,1259
2021-07-23,Alpine,003,1148,88,89,0,89,0
2021-07-23,Amador,005,37829,3874,3816,33,3849,48
2021-07-23,Butte,007,227075,13283,12982,1981,14963,203
2021-07-23,Calaveras,009,45235,2292,2267,15,2282,57
2021-07-23,Colusa,011,21464,2009,1992,341,2333,16
2021-07-23,Contra Costa,013,1133247,75479,73682,1467,75149,830
2021-07-23,Del Norte,015,27424,1587,1497,14,1511,8
2021-07-23,El Dorado,017,186661,11058,10773,854,11627,116
2021-07-23,Fresno,019,978130,105325,103637,8967,112604,1736
2021-07-23,Glenn,021,27897,2478,2457,575,3032,20
2021-07-23,Humboldt,023,135768,4963,4780,68,4848,52
2021-07-23,Imperial,025,180216,29201,28996,2706,31702,742
2021-07-23,Inyo,027,18085,1436,1424,12,1436,38
2021-07-23,Kern,029,883053,99495,98261,11604,109865,1350
2021-07-23,Kings,031,150075,23716,23304,1136,24440,246
2021-07-23,Lake,033,64148,4194,3963,14,3977,64
2021-07-23,Lassen,035,31185,5329,5311,118,5429,21
2021-07-23,Los Angeles,037,10098052,1251110,1232164,43903,1276067,24623
2021-07-23,Madera,039,155013,17175,16885,980,17865,245
2021-07-23,Marin,041,260295,14779,14454,280,14734,238
2021-07-23,Mariposa,043,17540,469,453,11,464,5
2021-07-23,Mendocino,045,87422,4444,4293,91,4384,49
2021-07-23,Merced,047,269075,31829,31661,1085,32746,473
2021-07-23,Modoc,049,8938,421,413,147,560,5
2021-07-23,Mono,051,14174,1289,1284,17,1301,3
2021-07-23,Monterey,053,433212,43799,43525,1917,45442,521
2021-07-23,Napa,055,140530,10367,10230,45,10275,81
2021-07-23,Nevada,057,99092,5359,5183,199,5382,72
2021-07-23,Orange,059,3164182,263893,259973,11989,271962,5141
2021-07-23,Placer,061,380077,25152,24530,1794,26324,303
2021-07-23,Plumas,063,18699,751,737,14,751,4
2021-07-23,Riverside,065,2383286,302552,296912,14433,311345,4552
2021-07-23,Sacramento,067,1510023,114619,112438,2146,114584,1698
2021-07-23,San Benito,069,59416,6229,6200,113,6313,63
2021-07-23,San Bernardino,071,2135413,300962,297899,9307,307206,5236
2021-07-23,San Diego,073,3302833,294249,289368,16845,306213,3788
2021-07-23,San Francisco,075,870044,40224,38954,1425,40379,561
2021-07-23,San Joaquin,077,732212,76555,75461,3781,79242,1436
2021-07-23,San Luis Obispo,079,281455,22061,21616,788,22404,260
2021-07-23,San Mateo,081,765935,44499,43880,552,44432,542
2021-07-23,Santa Barbara,083,443738,35535,35071,1173,36244,465
2021-07-23,Santa Clara,085,1922200,122897,121092,821,121913,2099
2021-07-23,Santa Cruz,087,273765,16681,16416,809,17225,207
2021-07-23,Shasta,089,179085,12930,12759,1709,14468,211
2021-07-23,Sierra,091,2930,69,64,12,76,0
2021-07-23,Siskiyou,093,43540,2050,1951,417,2368,31
2021-07-23,Solano,095,438530,35365,34499,686,35185,259
2021-07-23,Sonoma,097,501317,32588,31928,375,32303,327
2021-07-23,Stanislaus,099,539301,58564,57879,6185,64064,1030
2021-07-23,Sutter,101,95872,9994,9890,96,9986,115
2021-07-23,Tehama,103,63373,5230,5166,592,5758,65
2021-07-23,Trinity,105,12862,507,345,107,452,3
2021-07-23,Tulare,107,460477,51032,50104,9302,59406,854
2021-07-23,Tuolumne,109,53932,4281,4216,47,4263,64
2021-07-23,Ventura,111,848112,83671,82687,3353,86040,1041
2021-07-23,Yolo,113,214977,14861,14557,349,14906,214
2021-07-23,Yuba,115,75493,6598,6449,137,6586,51
2021-07-22,Alameda,001,1643700,94727,93170,2126,95296,1259
2021-07-22,Alpine,003,1148,88,89,0,89,0
2021-07-22,Amador,005,37829,3865,3816,33,3849,48
2021-07-22,Butte,007,227075,13249,12982,1972,14954,203
2021-07-22,Calaveras,009,45235,2282,2267,15,2282,57
2021-07-22,Colusa,011,21464,2007,1992,338,2330,16
2021-07-22,Contra Costa,013,1133247,75139,73682,1462,75144,830
2021-07-22,Del Norte,015,27424,1570,1497,14,1511,8
2021-07-22,El Dorado,017,186661,11022,10773,846,11619,116
2021-07-22,Fresno,019,978130,105196,103637,8957,112594,1736
2021-07-22,Glenn,021,27897,2474,2457,575,3032,20
2021-07-22,Humboldt,023,135768,4932,4780,66,4846,52
2021-07-22,Imperial,025,180216,29171,28996,2706,31702,742
2021-07-22,Inyo,027,18085,1434,1424,12,1436,38
2021-07-22,Kern,029,883053,99380,98261,11563,109824,1350
2021-07-22,Kings,031,150075,23677,23304,1134,24438,246
2021-07-22,Lake,033,64148,4143,3963,14,3977,64
2021-07-22,Lassen,035,31185,5326,5311,118,5429,21
2021-07-22,Los Angeles,037,10098052,1248673,1232164,43725,1275889,24623
2021-07-22,Madera,039,155013,17140,16885,978,17863,245
2021-07-22,Marin,041,260295,14738,14454,279,14733,238
2021-07-22,Mariposa,043,17540,462,453,11,464,5
2021-07-22,Mendocino,045,87422,4431,4293,90,4383,49
2021-07-22,Merced,047,269075,31787,31661,1084,32745,473
2021-07-22,Modoc,049,8938,421,413,147,560,5
2021-07-22,Mono,051,14174,1288,1284,17,1301,3
2021-07-22,Monterey,053,433212,43771,43525,1911,45436,521
2021-07-22,Napa,055,140530,10349,10230,45,10275,81
2021-07-22,Nevada,057,99092,5333,5183,198,5381,72
2021-07-22,Orange,059,3164182,263340,259973,11980,271953,5141
2021-07-22,Placer,061,380077,25058,24530,1783,26313,303
2021-07-22,Plumas,063,18699,750,737,14,751,4
2021-07-22,Riverside,065,2383286,302044,296912,14412,311324,4552
2021-07-22,Sacramento,067,1510023,114182,112438,2137,114575,1698
2021-07-22,San Benito,069,59416,6222,6200,113,6313,63
2021-07-22,San Bernardino,071,2135413,300559,297899,9292,307191,5236
2021-07-22,San Diego,073,3302833,293519,289368,16785,306153,3788
2021-07-22,San Francisco,075,870044,40011,38954,1413,40367,561
2021-07-22,San Joaquin,077,732212,76412,75461,3769,79230,1436
2021-07-22,San Luis Obispo,079,281455,22023,21616,784,22400,260
2021-07-22,San Mateo,081,765935,44387,43880,547,44427,542
2021-07-22,Santa Barbara,083,443738,35469,35071,1171,36242,465
2021-07-22,Santa Clara,085,1922200,122656,121092,818,121910,2099
2021-07-22,Santa Cruz,087,273765,16644,16416,808,17224,207
2021-07-22,Shasta,089,179085,12906,12759,1705,14464,211
2021-07-22,Sierra,091,2930,67,64,12,76,0
2021-07-22,Siskiyou,093,43540,2047,1951,417,2368,31
2021-07-22,Solano,095,438530,35219,34499,679,35178,259
2021-07-22,Sonoma,097,501317,32478,31928,373,32301,327
2021-07-22,Stanislaus,099,539301,58436,57879,6173,64052,1030
2021-07-22,Sutter,101,95872,9973,9890,96,9986,115
2021-07-22,Tehama,103,63373,5224,5166,592,5758,65
2021-07-22,Trinity,105,12862,507,345,107,452,3
2021-07-22,Tulare,107,460477,50989,50104,9274,59378,854
2021-07-22,Tuolumne,109,53932,4269,4216,47,4263,64
2021-07-22,Ventura,111,848112,83537,82687,3340,86027,1041
2021-07-22,Yolo,113,214977,14823,14557,349,14906,214
2021-07-22,Yuba,115,75493,6567,6449,134,6583,51
2021-07-21,Alameda,001,1643700,94407,92840,2123,94963,1256
2021-07-21,Alpine,003,1148,88,89,0,89,0
2021-07-21,Amador,005,37829,3852,3813,33,3846,48
2021-07-21,Butte,007,227075,13208,12939,1967,14906,203
2021-07-21,Calaveras,009,45235,2278,2257,15,2272,57
2021-07-21,Colusa,011,21464,2003,1988,337,2325,16
2021-07-21,Contra Costa,013,1133247,74875,73320,1453,74773,827
2021-07-21,Del Norte,015,27424,1560,1492,14,1506,8
2021-07-21,El Dorado,017,186661,10985,10742,842,11584,116
2021-07-21,Fresno,019,978130,105047,103504,8948,112452,1736
2021-07-21,Glenn,021,27897,2472,2455,574,3029,20
2021-07-21,Humboldt,023,135768,4900,4763,64,4827,52
2021-07-21,Imperial,025,180216,29159,28964,2703,31667,742
2021-07-21,Inyo,027,18085,1434,1423,12,1435,38
2021-07-21,Kern,029,883053,99262,98152,11522,109674,1350
2021-07-21,Kings,031,150075,23649,23270,1130,24400,246
2021-07-21,Lake,033,64148,4077,3896,14,3910,64
2021-07-21,Lassen,035,31185,5323,5310,118,5428,21
2021-07-21,Los Angeles,037,10098052,1246161,1229598,43587,1273185,24609
2021-07-21,Madera,039,155013,17116,16858,976,17834,245
2021-07-21,Marin,041,260295,14689,14427,279,14706,238
2021-07-21,Mariposa,043,17540,458,449,11,460,5
2021-07-21,Mendocino,045,87422,4413,4274,90,4364,49
2021-07-21,Merced,047,269075,31748,31607,1080,32687,473
2021-07-21,Modoc,049,8938,421,413,147,560,5
2021-07-21,Mono,051,14174,1285,1282,17,1299,3
2021-07-21,Monterey,053,433212,43741,43502,1908,45410,515
2021-07-21,Napa,055,140530,10323,10209,45,10254,81
2021-07-21,Nevada,057,99092,5298,5152,198,5350,72
2021-07-21,Orange,059,3164182,262786,259615,11950,271565,5139
2021-07-21,Placer,061,380077,24949,24441,1772,26213,303
2021-07-21,Plumas,063,18699,750,736,14,750,4
2021-07-21,Riverside,065,2383286,301531,296419,14395,310814,4552
2021-07-21,Sacramento,067,1510023,113760,112043,2126,114169,1696
2021-07-21,San Benito,069,59416,6212,6196,113,6309,63
2021-07-21,San Bernardino,071,2135413,300103,297519,9284,306803,5230
2021-07-21,San Diego,073,3302833,292670,288682,16722,305404,3787
2021-07-21,San Francisco,075,870044,39786,38699,1408,40107,559
2021-07-21,San Joaquin,077,732212,76223,75288,3757,79045,1434
2021-07-21,San Luis Obispo,079,281455,21986,21579,781,22360,260
2021-07-21,San Mateo,081,765935,44295,43755,543,44298,542
2021-07-21,Santa Barbara,083,443738,35410,34998,1155,36153,465
2021-07-21,Santa Clara,085,1922200,122447,120838,816,121654,2099
2021-07-21,Santa Cruz,087,273765,16610,16407,808,17215,207
2021-07-21,Shasta,089,179085,12873,12751,1702,14453,211
2021-07-21,Sierra,091,2930,67,64,12,76,0
2021-07-21,Siskiyou,093,43540,2045,1943,415,2358,31
2021-07-21,Solano,095,438530,35061,34374,674,35048,258
2021-07-21,Sonoma,097,501317,32362,31789,373,32162,327
2021-07-21,Stanislaus,099,539301,58334,57774,6163,63937,1028
2021-07-21,Sutter,101,95872,9949,9862,96,9958,113
2021-07-21,Tehama,103,63373,5220,5161,592,5753,65
2021-07-21,Trinity,105,12862,505,345,106,451,3
2021-07-21,Tulare,107,460477,50930,50066,9249,59315,854
2021-07-21,Tuolumne,109,53932,4232,4156,47,4203,64
2021-07-21,Ventura,111,848112,83415,82573,3328,85901,1041
2021-07-21,Yolo,113,214977,14781,14525,348,14873,213
2021-07-21,Yuba,115,75493,6539,6425,134,6559,52
2021-07-20,Alameda,001,1643700,94037,92625,2109,94734,1256
2021-07-20,Alpine,003,1148,88,89,0,89,0
2021-07-20,Amador,005,37829,3841,3807,33,3840,48
2021-07-20,Butte,007,227075,13171,12916,1961,14877,203
2021-07-20,Calaveras,009,45235,2275,2249,15,2264,57
2021-07-20,Colusa,011,21464,2003,1985,337,2322,16
2021-07-20,Contra Costa,013,1133247,74590,73143,1435,74578,825
2021-07-20,Del Norte,015,27424,1550,1490,14,1504,8
2021-07-20,El Dorado,017,186661,10945,10727,838,11565,116
2021-07-20,Fresno,019,978130,104912,103438,8929,112367,1736
2021-07-20,Glenn,021,27897,2472,2453,574,3027,20
2021-07-20,Humboldt,023,135768,4855,4735,62,4797,52
2021-07-20,Imperial,025,180216,29139,28933,2703,31636,742
2021-07-20,Inyo,027,18085,1430,1420,12,1432,36
2021-07-20,Kern,029,883053,99148,98082,11494,109576,1350
2021-07-20,Kings,031,150075,23608,23254,1125,24379,246
2021-07-20,Lake,033,64148,4052,3871,14,3885,64
2021-07-20,Lassen,035,31185,5323,5306,118,5424,21
2021-07-20,Los Angeles,037,10098052,1243364,1227404,43422,1270826,24603
2021-07-20,Madera,039,155013,17095,16856,972,17828,245
2021-07-20,Marin,041,260295,14653,14396,276,14672,234
2021-07-20,Mariposa,043,17540,456,448,11,459,5
2021-07-20,Mendocino,045,87422,4396,4259,90,4349,49
2021-07-20,Merced,047,269075,31709,31578,1073,32651,473
2021-07-20,Modoc,049,8938,421,413,147,560,5
2021-07-20,Mono,051,14174,1281,1281,17,1298,3
2021-07-20,Monterey,053,433212,43710,43481,1905,45386,515
2021-07-20,Napa,055,140530,10300,10191,45,10236,81
2021-07-20,Nevada,057,99092,5279,5148,197,5345,72
2021-07-20,Orange,059,3164182,262229,259303,11920,271223,5139
2021-07-20,Placer,061,380077,24858,24408,1750,26158,303
2021-07-20,Plumas,063,18699,748,736,14,750,4
2021-07-20,Riverside,065,2383286,300996,296118,14381,310499,4543
2021-07-20,Sacramento,067,1510023,113320,111796,2096,113892,1695
2021-07-20,San Benito,069,59416,6205,6196,113,6309,63
2021-07-20,San Bernardino,071,2135413,299694,297222,9259,306481,5231
2021-07-20,San Diego,073,3302833,291744,288209,16626,304835,3786
2021-07-20,San Francisco,075,870044,39527,38536,1397,39933,558
2021-07-20,San Joaquin,077,732212,76051,75198,3744,78942,1433
2021-07-20,San Luis Obispo,079,281455,21940,21556,780,22336,259
2021-07-20,San Mateo,081,765935,44176,43670,542,44212,542
2021-07-20,Santa Barbara,083,443738,35340,34935,1149,36084,462
2021-07-20,Santa Clara,085,1922200,122190,120704,814,121518,2098
2021-07-20,Santa Cruz,087,273765,16581,16399,808,17207,207
2021-07-20,Shasta,089,179085,12847,12734,1698,14432,211
2021-07-20,Sierra,091,2930,67,64,12,76,0
2021-07-20,Siskiyou,093,43540,2041,1931,414,2345,31
2021-07-20,Solano,095,438530,34926,34337,667,35004,258
2021-07-20,Sonoma,097,501317,32243,31763,372,32135,326
2021-07-20,Stanislaus,099,539301,58219,57706,6158,63864,1028
2021-07-20,Sutter,101,95872,9922,9854,93,9947,114
2021-07-20,Tehama,103,63373,5218,5153,592,5745,65
2021-07-20,Trinity,105,12862,503,344,105,449,3
2021-07-20,Tulare,107,460477,50888,50047,9232,59279,854
2021-07-20,Tuolumne,109,53932,4213,4156,47,4203,64
2021-07-20,Ventura,111,848112,83262,82504,3313,85817,1041
2021-07-20,Yolo,113,214977,14716,14495,345,14840,213
2021-07-20,Yuba,115,75493,6514,6393,131,6524,52
2021-07-19,Alameda,001,1643700,93661,92357,2094,94451,1256
2021-07-19,Alpine,003,1148,88,89,0,89,0
2021-07-19,Amador,005,37829,3837,3802,33,3835,48
2021-07-19,Butte,007,227075,13127,12901,1956,14857,202
2021-07-19,Calaveras,009,45235,2271,2245,15,2260,57
2021-07-19,Colusa,011,21464,2001,1981,337,2318,16
2021-07-19,Contra Costa,013,1133247,74278,72935,1415,74350,825
2021-07-19,Del Norte,015,27424,1537,1484,14,1498,8
2021-07-19,El Dorado,017,186661,10915,10703,830,11533,114
2021-07-19,Fresno,019,978130,104782,103350,8916,112266,1731
2021-07-19,Glenn,021,27897,2472,2452,573,3025,20
2021-07-19,Humboldt,023,135768,4825,4719,60,4779,52
2021-07-19,Imperial,025,180216,29112,28888,2702,31590,742
2021-07-19,Inyo,027,18085,1429,1417,12,1429,36
2021-07-19,Kern,029,883053,99034,97999,11461,109460,1349
2021-07-19,Kings,031,150075,23578,23221,1119,24340,246
2021-07-19,Lake,033,64148,4016,3848,14,3862,64
2021-07-19,Lassen,035,31185,5322,5305,118,5423,21
2021-07-19,Los Angeles,037,10098052,1240758,1225946,43236,1269182,24600
2021-07-19,Madera,039,155013,17072,16846,969,17815,244
2021-07-19,Marin,041,260295,14618,14369,273,14642,234
2021-07-19,Mariposa,043,17540,450,447,11,458,5
2021-07-19,Mendocino,045,87422,4378,4251,90,4341,49
2021-07-19,Merced,047,269075,31645,31565,1066,32631,472
2021-07-19,Modoc,049,8938,420,413,147,560,5
2021-07-19,Mono,051,14174,1279,1280,17,1297,3
2021-07-19,Monterey,053,433212,43686,43436,1904,45340,515
2021-07-19,Napa,055,140530,10275,10180,43,10223,81
2021-07-19,Nevada,057,99092,5251,5133,196,5329,72
2021-07-19,Orange,059,3164182,261706,258927,11888,270815,5138
2021-07-19,Placer,061,380077,24759,24359,1728,26087,303
2021-07-19,Plumas,063,18699,748,730,14,744,4
2021-07-19,Riverside,065,2383286,300506,295736,14343,310079,4543
2021-07-19,Sacramento,067,1510023,112956,111470,2071,113541,1696
2021-07-19,San Benito,069,59416,6202,6193,113,6306,63
2021-07-19,San Bernardino,071,2135413,299321,296929,9240,306169,5235
2021-07-19,San Diego,073,3302833,290844,287695,16521,304216,3786
2021-07-19,San Francisco,075,870044,39254,38463,1384,39847,560
2021-07-19,San Joaquin,077,732212,75886,75086,3739,78825,1431
2021-07-19,San Luis Obispo,079,281455,21895,21531,776,22307,259
2021-07-19,San Mateo,081,765935,44034,43563,533,44096,542
2021-07-19,Santa Barbara,083,443738,35268,34904,1147,36051,461
2021-07-19,Santa Clara,085,1922200,121932,120554,813,121367,2098
2021-07-19,Santa Cruz,087,273765,16565,16387,808,17195,207
2021-07-19,Shasta,089,179085,12829,12723,1696,14419,209
2021-07-19,Sierra,091,2930,66,64,12,76,0
2021-07-19,Siskiyou,093,43540,2036,1927,412,2339,31
2021-07-19,Solano,095,438530,34751,34262,656,34918,261
2021-07-19,Sonoma,097,501317,32122,31713,371,32084,325
2021-07-19,Stanislaus,099,539301,58118,57644,6148,63792,1027
2021-07-19,Sutter,101,95872,9906,9834,93,9927,114
2021-07-19,Tehama,103,63373,5212,5152,590,5742,65
2021-07-19,Trinity,105,12862,503,344,104,448,3
2021-07-19,Tulare,107,460477,50841,49994,9216,59210,855
2021-07-19,Tuolumne,109,53932,4203,4151,47,4198,64
2021-07-19,Ventura,111,848112,83166,82409,3291,85700,1041
2021-07-19,Yolo,113,214977,14684,14439,343,14782,213
2021-07-19,Yuba,115,75493,6490,6370,131,6501,52
2021-07-18,Alameda,001,1643700,93300,92162,2082,94244,1256
2021-07-18,Alpine,003,1148,88,89,0,89,0
2021-07-18,Amador,005,37829,3826,3799,33,3832,48
2021-07-18,Butte,007,227075,13085,12888,1951,14839,202
2021-07-18,Calaveras,009,45235,2268,2243,15,2258,57
2021-07-18,Colusa,011,21464,2001,1981,336,2317,16
2021-07-18,Contra Costa,013,1133247,73962,72849,1397,74246,825
2021-07-18,Del Norte,015,27424,1528,1482,14,1496,8
2021-07-18,El Dorado,017,186661,10878,10687,822,11509,114
2021-07-18,Fresno,019,978130,104628,103298,8898,112196,1731
2021-07-18,Glenn,021,27897,2471,2452,572,3024,20
2021-07-18,Humboldt,023,135768,4789,4714,60,4774,52
2021-07-18,Imperial,025,180216,29075,28877,2701,31578,742
2021-07-18,Inyo,027,18085,1425,1417,12,1429,36
2021-07-18,Kern,029,883053,98908,97963,11419,109382,1349
2021-07-18,Kings,031,150075,23557,23203,1115,24318,246
2021-07-18,Lake,033,64148,3980,3825,14,3839,64
2021-07-18,Lassen,035,31185,5322,5305,118,5423,21
2021-07-18,Los Angeles,037,10098052,1238069,1224691,43047,1267738,24598
2021-07-18,Madera,039,155013,17047,16838,965,17803,244
2021-07-18,Marin,041,260295,14582,14358,271,14629,234
2021-07-18,Mariposa,043,17540,449,447,11,458,5
2021-07-18,Mendocino,045,87422,4357,4246,90,4336,49
2021-07-18,Merced,047,269075,31614,31537,1064,32601,471
2021-07-18,Modoc,049,8938,420,413,147,560,5
2021-07-18,Mono,051,14174,1278,1280,17,1297,3
2021-07-18,Monterey,053,433212,43668,43422,1894,45316,515
2021-07-18,Napa,055,140530,10258,10174,40,10214,81
2021-07-18,Nevada,057,99092,5225,5124,196,5320,72
2021-07-18,Orange,059,3164182,261222,258724,11860,270584,5138
2021-07-18,Placer,061,380077,24691,24313,1701,26014,303
2021-07-18,Plumas,063,18699,748,730,14,744,4
2021-07-18,Riverside,065,2383286,300014,295522,14301,309823,4543
2021-07-18,Sacramento,067,1510023,112525,111255,2038,113293,1696
2021-07-18,San Benito,069,59416,6194,6191,113,6304,63
2021-07-18,San Bernardino,071,2135413,298846,296739,9225,305964,5233
2021-07-18,San Diego,073,3302833,290028,286287,16437,302724,3786
2021-07-18,San Francisco,075,870044,39018,38367,1373,39740,560
2021-07-18,San Joaquin,077,732212,75709,74997,3726,78723,1431
2021-07-18,San Luis Obispo,079,281455,21860,21527,773,22300,259
2021-07-18,San Mateo,081,765935,43921,43506,527,44033,542
2021-07-18,Santa Barbara,083,443738,35203,34880,1145,36025,461
2021-07-18,Santa Clara,085,1922200,121718,120438,806,121244,2098
2021-07-18,Santa Cruz,087,273765,16533,16372,807,17179,207
2021-07-18,Shasta,089,179085,12804,12714,1692,14406,209
2021-07-18,Sierra,091,2930,66,64,12,76,0
2021-07-18,Siskiyou,093,43540,2030,1927,407,2334,31
2021-07-18,Solano,095,438530,34623,34215,652,34867,261
2021-07-18,Sonoma,097,501317,32017,31675,370,32045,325
2021-07-18,Stanislaus,099,539301,58007,57600,6123,63723,1028
2021-07-18,Sutter,101,95872,9874,9826,93,9919,114
2021-07-18,Tehama,103,63373,5209,5150,589,5739,65
2021-07-18,Trinity,105,12862,503,344,104,448,3
2021-07-18,Tulare,107,460477,50788,49985,9193,59178,855
2021-07-18,Tuolumne,109,53932,4185,4149,47,4196,64
2021-07-18,Ventura,111,848112,83052,82361,3267,85628,1041
2021-07-18,Yolo,113,214977,14625,14425,337,14762,213
2021-07-18,Yuba,115,75493,6449,6357,131,6488,52
2021-07-17,Alameda,001,1643700,93082,91346,2071,93417,1255
2021-07-17,Alpine,003,1148,88,89,0,89,0
2021-07-17,Amador,005,37829,3817,3785,33,3818,48
2021-07-17,Butte,007,227075,13070,12824,1947,14771,202
2021-07-17,Calaveras,009,45235,2263,2237,15,2252,57
2021-07-17,Colusa,011,21464,1998,1976,336,2312,16
2021-07-17,Contra Costa,013,1133247,73780,72254,1384,73638,824
2021-07-17,Del Norte,015,27424,1520,1475,14,1489,8
2021-07-17,El Dorado,017,186661,10851,10622,818,11440,114
2021-07-17,Fresno,019,978130,104555,103055,8884,111939,1730
2021-07-17,Glenn,021,27897,2470,2451,572,3023,20
2021-07-17,Humboldt,023,135768,4776,4654,59,4713,52
2021-07-17,Imperial,025,180216,29059,28840,2701,31541,742
2021-07-17,Inyo,027,18085,1425,1416,12,1428,36
2021-07-17,Kern,029,883053,98851,97796,11383,109179,1348
2021-07-17,Kings,031,150075,23537,23163,1114,24277,246
2021-07-17,Lake,033,64148,3955,3760,14,3774,64
2021-07-17,Lassen,035,31185,5322,5302,118,5420,21
2021-07-17,Los Angeles,037,10098052,1236532,1219733,42906,1262639,24582
2021-07-17,Madera,039,155013,17039,16804,965,17769,240
2021-07-17,Marin,041,260295,14564,14297,269,14566,234
2021-07-17,Mariposa,043,17540,449,445,11,456,5
2021-07-17,Mendocino,045,87422,4345,4209,90,4299,49
2021-07-17,Merced,047,269075,31593,31451,1060,32511,471
2021-07-17,Modoc,049,8938,420,412,147,559,5
2021-07-17,Mono,051,14174,1276,1277,17,1294,3
2021-07-17,Monterey,053,433212,43645,43367,1889,45256,515
2021-07-17,Napa,055,140530,10242,10129,40,10169,81
2021-07-17,Nevada,057,99092,5210,5066,196,5262,72
2021-07-17,Orange,059,3164182,260915,257805,11821,269626,5136
2021-07-17,Placer,061,380077,24624,24169,1687,25856,303
2021-07-17,Plumas,063,18699,743,721,14,735,4
2021-07-17,Riverside,065,2383286,299708,294751,14269,309020,4542
2021-07-17,Sacramento,067,1510023,112289,110432,2018,112450,1694
2021-07-17,San Benito,069,59416,6188,6181,113,6294,63
2021-07-17,San Bernardino,071,2135413,298609,296048,9206,305254,5218
2021-07-17,San Diego,073,3302833,289621,285698,16369,302067,3786
2021-07-17,San Francisco,075,870044,38897,37978,1370,39348,560
2021-07-17,San Joaquin,077,732212,75622,74695,3720,78415,1430
2021-07-17,San Luis Obispo,079,281455,21833,21462,773,22235,258
2021-07-17,San Mateo,081,765935,43850,43324,526,43850,542
2021-07-17,Santa Barbara,083,443738,35162,34769,1142,35911,461
2021-07-17,Santa Clara,085,1922200,121546,119980,803,120783,2097
2021-07-17,Santa Cruz,087,273765,16526,16337,807,17144,207
2021-07-17,Shasta,089,179085,12789,12683,1687,14370,210
2021-07-17,Sierra,091,2930,66,62,12,74,0
2021-07-17,Siskiyou,093,43540,2025,1922,404,2326,29
2021-07-17,Solano,095,438530,34558,34015,644,34659,263
2021-07-17,Sonoma,097,501317,31949,31536,369,31905,322
2021-07-17,Stanislaus,099,539301,57930,57400,6109,63509,1028
2021-07-17,Sutter,101,95872,9864,9778,93,9871,114
2021-07-17,Tehama,103,63373,5206,5145,589,5734,64
2021-07-17,Trinity,105,12862,502,341,104,445,3
2021-07-17,Tulare,107,460477,50766,49937,9181,59118,854
2021-07-17,Tuolumne,109,53932,4175,4131,47,4178,64
2021-07-17,Ventura,111,848112,82983,82125,3256,85381,1041
2021-07-17,Yolo,113,214977,14593,14356,330,14686,213
2021-07-17,Yuba,115,75493,6438,6309,131,6440,52
2021-07-16,Alameda,001,1643700,92842,91346,2060,93406,1255
2021-07-16,Alpine,003,1148,88,89,0,89,0
2021-07-16,Amador,005,37829,3814,3785,33,3818,48
2021-07-16,Butte,007,227075,13045,12824,1944,14768,202
2021-07-16,Calaveras,009,45235,2262,2237,15,2252,57
2021-07-16,Colusa,011,21464,1996,1976,335,2311,16
2021-07-16,Contra Costa,013,1133247,73591,72254,1380,73634,824
2021-07-16,Del Norte,015,27424,1518,1475,14,1489,8
2021-07-16,El Dorado,017,186661,10832,10622,817,11439,114
2021-07-16,Fresno,019,978130,104503,103055,8864,111919,1730
2021-07-16,Glenn,021,27897,2470,2451,572,3023,20
2021-07-16,Humboldt,023,135768,4754,4654,59,4713,52
2021-07-16,Imperial,025,180216,29047,28840,2701,31541,742
2021-07-16,Inyo,027,18085,1423,1416,12,1428,36
2021-07-16,Kern,029,883053,98789,97796,11343,109139,1348
2021-07-16,Kings,031,150075,23512,23163,1113,24276,246
2021-07-16,Lake,033,64148,3928,3760,14,3774,64
2021-07-16,Lassen,035,31185,5321,5302,118,5420,21
2021-07-16,Los Angeles,037,10098052,1235030,1219733,42761,1262494,24582
2021-07-16,Madera,039,155013,17021,16804,965,17769,240
2021-07-16,Marin,041,260295,14540,14297,266,14563,234
2021-07-16,Mariposa,043,17540,449,445,11,456,5
2021-07-16,Mendocino,045,87422,4336,4209,89,4298,49
2021-07-16,Merced,047,269075,31572,31451,1058,32509,471
2021-07-16,Modoc,049,8938,420,412,147,559,5
2021-07-16,Mono,051,14174,1275,1277,17,1294,3
2021-07-16,Monterey,053,433212,43623,43367,1888,45255,515
2021-07-16,Napa,055,140530,10218,10129,39,10168,81
2021-07-16,Nevada,057,99092,5200,5066,196,5262,72
2021-07-16,Orange,059,3164182,260642,257805,11780,269585,5136
2021-07-16,Placer,061,380077,24571,24169,1682,25851,303
2021-07-16,Plumas,063,18699,742,721,14,735,4
2021-07-16,Riverside,065,2383286,299432,294751,14243,308994,4542
2021-07-16,Sacramento,067,1510023,112072,110432,2005,112437,1694
2021-07-16,San Benito,069,59416,6186,6181,113,6294,63
2021-07-16,San Bernardino,071,2135413,298333,296048,9189,305237,5218
2021-07-16,San Diego,073,3302833,289179,285698,16322,302020,3786
2021-07-16,San Francisco,075,870044,38780,37978,1365,39343,560
2021-07-16,San Joaquin,077,732212,75528,74695,3717,78412,1430
2021-07-16,San Luis Obispo,079,281455,21816,21462,773,22235,258
2021-07-16,San Mateo,081,765935,43797,43324,525,43849,542
2021-07-16,Santa Barbara,083,443738,35124,34769,1142,35911,461
2021-07-16,Santa Clara,085,1922200,121399,119980,796,120776,2097
2021-07-16,Santa Cruz,087,273765,16513,16337,807,17144,207
2021-07-16,Shasta,089,179085,12779,12683,1686,14369,210
2021-07-16,Sierra,091,2930,66,62,12,74,0
2021-07-16,Siskiyou,093,43540,2023,1922,402,2324,29
2021-07-16,Solano,095,438530,34491,34015,636,34651,263
2021-07-16,Sonoma,097,501317,31897,31536,366,31902,322
2021-07-16,Stanislaus,099,539301,57880,57400,6099,63499,1028
2021-07-16,Sutter,101,95872,9852,9778,93,9871,114
2021-07-16,Tehama,103,63373,5204,5145,589,5734,64
2021-07-16,Trinity,105,12862,502,341,103,444,3
2021-07-16,Tulare,107,460477,50741,49937,9171,59108,854
2021-07-16,Tuolumne,109,53932,4169,4131,47,4178,64
2021-07-16,Ventura,111,848112,82918,82125,3249,85374,1041
2021-07-16,Yolo,113,214977,14567,14356,327,14683,213
2021-07-16,Yuba,115,75493,6416,6309,130,6439,52
2021-07-15,Alameda,001,1643700,92547,91346,2050,93396,1255
2021-07-15,Alpine,003,1148,88,89,0,89,0
2021-07-15,Amador,005,37829,3811,3785,33,3818,48
2021-07-15,Butte,007,227075,13019,12824,1942,14766,202
2021-07-15,Calaveras,009,45235,2259,2237,15,2252,57
2021-07-15,Colusa,011,21464,1995,1976,334,2310,16
2021-07-15,Contra Costa,013,1133247,73377,72254,1373,73627,824
2021-07-15,Del Norte,015,27424,1515,1475,14,1489,8
2021-07-15,El Dorado,017,186661,10805,10622,815,11437,114
2021-07-15,Fresno,019,978130,104406,103055,8844,111899,1730
2021-07-15,Glenn,021,27897,2470,2451,572,3023,20
2021-07-15,Humboldt,023,135768,4736,4654,58,4712,52
2021-07-15,Imperial,025,180216,29024,28840,2701,31541,742
2021-07-15,Inyo,027,18085,1423,1416,12,1428,36
2021-07-15,Kern,029,883053,98719,97796,11315,109111,1348
2021-07-15,Kings,031,150075,23474,23163,1110,24273,246
2021-07-15,Lake,033,64148,3889,3760,14,3774,64
2021-07-15,Lassen,035,31185,5320,5302,118,5420,21
2021-07-15,Los Angeles,037,10098052,1233043,1219733,42604,1262337,24582
2021-07-15,Madera,039,155013,16999,16804,961,17765,240
2021-07-15,Marin,041,260295,14515,14297,266,14563,234
2021-07-15,Mariposa,043,17540,449,445,11,456,5
2021-07-15,Mendocino,045,87422,4328,4209,88,4297,49
2021-07-15,Merced,047,269075,31542,31451,1058,32509,471
2021-07-15,Modoc,049,8938,420,412,147,559,5
2021-07-15,Mono,051,14174,1275,1277,17,1294,3
2021-07-15,Monterey,053,433212,43594,43367,1885,45252,515
2021-07-15,Napa,055,140530,10193,10129,38,10167,81
2021-07-15,Nevada,057,99092,5183,5066,195,5261,72
2021-07-15,Orange,059,3164182,260291,257805,11749,269554,5136
2021-07-15,Placer,061,380077,24511,24169,1665,25834,303
2021-07-15,Plumas,063,18699,741,721,14,735,4
2021-07-15,Riverside,065,2383286,299111,294751,14228,308979,4542
2021-07-15,Sacramento,067,1510023,111768,110432,1988,112420,1694
2021-07-15,San Benito,069,59416,6184,6181,113,6294,63
2021-07-15,San Bernardino,071,2135413,298026,296048,9175,305223,5218
2021-07-15,San Diego,073,3302833,288541,285698,16244,301942,3786
2021-07-15,San Francisco,075,870044,38629,37978,1357,39335,560
2021-07-15,San Joaquin,077,732212,75411,74695,3712,78407,1430
2021-07-15,San Luis Obispo,079,281455,21784,21462,773,22235,258
2021-07-15,San Mateo,081,765935,43692,43324,520,43844,542
2021-07-15,Santa Barbara,083,443738,35068,34769,1141,35910,461
2021-07-15,Santa Clara,085,1922200,121277,119980,793,120773,2097
2021-07-15,Santa Cruz,087,273765,16500,16337,807,17144,207
2021-07-15,Shasta,089,179085,12771,12683,1682,14365,210
2021-07-15,Sierra,091,2930,66,62,12,74,0
2021-07-15,Siskiyou,093,43540,2022,1922,402,2324,29
2021-07-15,Solano,095,438530,34415,34015,630,34645,263
2021-07-15,Sonoma,097,501317,31836,31536,366,31902,322
2021-07-15,Stanislaus,099,539301,57811,57400,6086,63486,1028
2021-07-15,Sutter,101,95872,9832,9778,92,9870,114
2021-07-15,Tehama,103,63373,5198,5145,588,5733,64
2021-07-15,Trinity,105,12862,502,341,103,444,3
2021-07-15,Tulare,107,460477,50721,49937,9154,59091,854
2021-07-15,Tuolumne,109,53932,4157,4131,47,4178,64
2021-07-15,Ventura,111,848112,82842,82125,3244,85369,1041
2021-07-15,Yolo,113,214977,14539,14356,326,14682,213
2021-07-15,Yuba,115,75493,6401,6309,129,6438,52
2021-07-14,Alameda,001,1643700,92287,91092,2034,93126,1255
2021-07-14,Alpine,003,1148,88,89,0,89,0
2021-07-14,Amador,005,37829,3803,3784,33,3817,48
2021-07-14,Butte,007,227075,12992,12813,1935,14748,202
2021-07-14,Calaveras,009,45235,2252,2234,15,2249,57
2021-07-14,Colusa,011,21464,1992,1974,334,2308,16
2021-07-14,Contra Costa,013,1133247,73148,72091,1361,73452,823
2021-07-14,Del Norte,015,27424,1514,1472,14,1486,8
2021-07-14,El Dorado,017,186661,10779,10598,812,11410,114
2021-07-14,Fresno,019,978130,104326,102966,8833,111799,1728
2021-07-14,Glenn,021,27897,2470,2449,572,3021,20
2021-07-14,Humboldt,023,135768,4712,4644,56,4700,52
2021-07-14,Imperial,025,180216,28995,28822,2701,31523,742
2021-07-14,Inyo,027,18085,1422,1415,12,1427,36
2021-07-14,Kern,029,883053,98655,97736,11290,109026,1346
2021-07-14,Kings,031,150075,23461,23142,1110,24252,246
2021-07-14,Lake,033,64148,3856,3739,14,3753,63
2021-07-14,Lassen,035,31185,5319,5298,118,5416,21
2021-07-14,Los Angeles,037,10098052,1231027,1218265,42463,1260728,24578
2021-07-14,Madera,039,155013,16987,16786,959,17745,240
2021-07-14,Marin,041,260295,14481,14269,264,14533,233
2021-07-14,Mariposa,043,17540,447,445,11,456,5
2021-07-14,Mendocino,045,87422,4314,4193,88,4281,49
2021-07-14,Merced,047,269075,31505,31412,1055,32467,471
2021-07-14,Modoc,049,8938,420,412,147,559,4
2021-07-14,Mono,051,14174,1275,1278,17,1295,3
2021-07-14,Monterey,053,433212,43570,43347,1883,45230,504
2021-07-14,Napa,055,140530,10171,10121,38,10159,81
2021-07-14,Nevada,057,99092,5163,5058,195,5253,72
2021-07-14,Orange,059,3164182,259974,257558,11719,269277,5137
2021-07-14,Placer,061,380077,24458,24125,1653,25778,303
2021-07-14,Plumas,063,18699,734,719,14,733,4
2021-07-14,Riverside,065,2383286,298787,294511,14212,308723,4542
2021-07-14,Sacramento,067,1510023,111440,110193,1964,112157,1688
2021-07-14,San Benito,069,59416,6181,6177,113,6290,63
2021-07-14,San Bernardino,071,2135413,297726,295820,9160,304980,5193
2021-07-14,San Diego,073,3302833,287969,285269,16164,301433,3786
2021-07-14,San Francisco,075,870044,38490,37836,1352,39188,559
2021-07-14,San Joaquin,077,732212,75319,74599,3703,78302,1416
2021-07-14,San Luis Obispo,079,281455,21762,21444,771,22215,258
2021-07-14,San Mateo,081,765935,43593,43249,516,43765,542
2021-07-14,Santa Barbara,083,443738,35026,34719,1139,35858,461
2021-07-14,Santa Clara,085,1922200,121127,119844,790,120634,2098
2021-07-14,Santa Cruz,087,273765,16488,16326,807,17133,207
2021-07-14,Shasta,089,179085,12751,12669,1679,14348,209
2021-07-14,Sierra,091,2930,66,62,12,74,0
2021-07-14,Siskiyou,093,43540,2015,1922,399,2321,29
2021-07-14,Solano,095,438530,34342,33948,630,34578,268
2021-07-14,Sonoma,097,501317,31784,31470,366,31836,322
2021-07-14,Stanislaus,099,539301,57736,57340,6074,63414,1028
2021-07-14,Sutter,101,95872,9810,9766,92,9858,114
2021-07-14,Tehama,103,63373,5196,5142,588,5730,64
2021-07-14,Trinity,105,12862,502,341,103,444,3
2021-07-14,Tulare,107,460477,50704,49908,9140,59048,853
2021-07-14,Tuolumne,109,53932,4154,4128,46,4174,64
2021-07-14,Ventura,111,848112,82748,82041,3233,85274,1040
2021-07-14,Yolo,113,214977,14506,14332,323,14655,213
2021-07-14,Yuba,115,75493,6383,6294,129,6423,52
2021-07-13,Alameda,001,1643700,92024,90874,2024,92898,1255
2021-07-13,Alpine,003,1148,88,89,0,89,0
2021-07-13,Amador,005,37829,3796,3783,33,3816,48
2021-07-13,Butte,007,227075,12978,12802,1934,14736,202
2021-07-13,Calaveras,009,45235,2248,2230,15,2245,57
2021-07-13,Colusa,011,21464,1990,1972,331,2303,16
2021-07-13,Contra Costa,013,1133247,72923,71963,1352,73315,823
2021-07-13,Del Norte,015,27424,1510,1471,14,1485,8
2021-07-13,El Dorado,017,186661,10762,10581,810,11391,114
2021-07-13,Fresno,019,978130,104251,102909,8823,111732,1727
2021-07-13,Glenn,021,27897,2468,2448,572,3020,20
2021-07-13,Humboldt,023,135768,4697,4634,56,4690,51
2021-07-13,Imperial,025,180216,28984,28792,2701,31493,741
2021-07-13,Inyo,027,18085,1421,1415,12,1427,36
2021-07-13,Kern,029,883053,98566,97698,11251,108949,1346
2021-07-13,Kings,031,150075,23443,23132,1110,24242,246
2021-07-13,Lake,033,64148,3829,3719,13,3732,63
2021-07-13,Lassen,035,31185,5317,5292,118,5410,21
2021-07-13,Los Angeles,037,10098052,1229176,1217184,42293,1259477,24569
2021-07-13,Madera,039,155013,16977,16773,955,17728,240
2021-07-13,Marin,041,260295,14452,14254,263,14517,233
2021-07-13,Mariposa,043,17540,446,443,11,454,5
2021-07-13,Mendocino,045,87422,4307,4185,88,4273,49
2021-07-13,Merced,047,269075,31484,31379,1052,32431,471
2021-07-13,Modoc,049,8938,420,411,147,558,4
2021-07-13,Mono,051,14174,1274,1277,17,1294,3
2021-07-13,Monterey,053,433212,43552,43333,1879,45212,504
2021-07-13,Napa,055,140530,10150,10118,38,10156,81
2021-07-13,Nevada,057,99092,5138,5053,195,5248,72
2021-07-13,Orange,059,3164182,259644,257339,11691,269030,5136
2021-07-13,Placer,061,380077,24412,24091,1640,25731,303
2021-07-13,Plumas,063,18699,733,716,14,730,4
2021-07-13,Riverside,065,2383286,298464,294302,14185,308487,4541
2021-07-13,Sacramento,067,1510023,111130,109990,1941,111931,1687
2021-07-13,San Benito,069,59416,6179,6173,113,6286,63
2021-07-13,San Bernardino,071,2135413,297449,295596,9138,304734,5183
2021-07-13,San Diego,073,3302833,287421,284997,16085,301082,3785
2021-07-13,San Francisco,075,870044,38346,37725,1346,39071,559
2021-07-13,San Joaquin,077,732212,75203,74500,3700,78200,1417
2021-07-13,San Luis Obispo,079,281455,21736,21423,768,22191,258
2021-07-13,San Mateo,081,765935,43524,43180,515,43695,542
2021-07-13,Santa Barbara,083,443738,34977,34679,1136,35815,461
2021-07-13,Santa Clara,085,1922200,120974,119727,786,120513,2098
2021-07-13,Santa Cruz,087,273765,16479,16315,805,17120,207
2021-07-13,Shasta,089,179085,12738,12659,1672,14331,209
2021-07-13,Sierra,091,2930,66,62,12,74,0
2021-07-13,Siskiyou,093,43540,2014,1916,397,2313,29
2021-07-13,Solano,095,438530,34277,33918,624,34542,268
2021-07-13,Sonoma,097,501317,31725,31431,366,31797,322
2021-07-13,Stanislaus,099,539301,57665,57282,6059,63341,1028
2021-07-13,Sutter,101,95872,9792,9752,91,9843,114
2021-07-13,Tehama,103,63373,5189,5144,588,5732,64
2021-07-13,Trinity,105,12862,502,341,102,443,3
2021-07-13,Tulare,107,460477,50679,49891,9124,59015,853
2021-07-13,Tuolumne,109,53932,4146,4122,45,4167,64
2021-07-13,Ventura,111,848112,82663,81982,3208,85190,1040
2021-07-13,Yolo,113,214977,14478,14320,317,14637,213
2021-07-13,Yuba,115,75493,6366,6279,129,6408,52
2021-07-12,Alameda,001,1643700,91766,90720,2017,92737,1254
2021-07-12,Alpine,003,1148,88,89,0,89,0
2021-07-12,Amador,005,37829,3789,3781,33,3814,47
2021-07-12,Butte,007,227075,12958,12796,1932,14728,202
2021-07-12,Calaveras,009,45235,2246,2228,15,2243,57
2021-07-12,Colusa,011,21464,1986,1971,330,2301,16
2021-07-12,Contra Costa,013,1133247,72719,71833,1347,73180,823
2021-07-12,Del Norte,015,27424,1507,1469,14,1483,8
2021-07-12,El Dorado,017,186661,10733,10569,808,11377,114
2021-07-12,Fresno,019,978130,104157,102853,8811,111664,1728
2021-07-12,Glenn,021,27897,2468,2446,572,3018,20
2021-07-12,Humboldt,023,135768,4681,4621,56,4677,51
2021-07-12,Imperial,025,180216,28954,28789,2701,31490,741
2021-07-12,Inyo,027,18085,1421,1415,12,1427,36
2021-07-12,Kern,029,883053,98497,97660,11226,108886,1346
2021-07-12,Kings,031,150075,23423,23124,1108,24232,246
2021-07-12,Lake,033,64148,3808,3706,13,3719,63
2021-07-12,Lassen,035,31185,5316,5292,118,5410,21
2021-07-12,Los Angeles,037,10098052,1227379,1216230,42160,1258390,24559
2021-07-12,Madera,039,155013,16966,16772,955,17727,240
2021-07-12,Marin,041,260295,14427,14238,262,14500,233
2021-07-12,Mariposa,043,17540,446,442,11,453,5
2021-07-12,Mendocino,045,87422,4296,4175,88,4263,49
2021-07-12,Merced,047,269075,31453,31374,1051,32425,471
2021-07-12,Modoc,049,8938,419,411,147,558,4
2021-07-12,Mono,051,14174,1272,1275,17,1292,3
2021-07-12,Monterey,053,433212,43531,43315,1875,45190,504
2021-07-12,Napa,055,140530,10132,10104,37,10141,81
2021-07-12,Nevada,057,99092,5115,5046,195,5241,72
2021-07-12,Orange,059,3164182,259290,257171,11668,268839,5136
2021-07-12,Placer,061,380077,24361,24052,1634,25686,302
2021-07-12,Plumas,063,18699,733,716,14,730,4
2021-07-12,Riverside,065,2383286,298156,294108,14156,308264,4541
2021-07-12,Sacramento,067,1510023,110914,109849,1916,111765,1685
2021-07-12,San Benito,069,59416,6176,6166,113,6279,63
2021-07-12,San Bernardino,071,2135413,297177,295447,9123,304570,5171
2021-07-12,San Diego,073,3302833,286952,284648,16009,300657,3785
2021-07-12,San Francisco,075,870044,38200,37656,1343,38999,559
2021-07-12,San Joaquin,077,732212,75109,74424,3690,78114,1415
2021-07-12,San Luis Obispo,079,281455,21717,21408,767,22175,258
2021-07-12,San Mateo,081,765935,43430,43138,508,43646,542
2021-07-12,Santa Barbara,083,443738,34934,34664,1134,35798,461
2021-07-12,Santa Clara,085,1922200,120809,119634,783,120417,2098
2021-07-12,Santa Cruz,087,273765,16454,16310,804,17114,207
2021-07-12,Shasta,089,179085,12731,12648,1669,14317,208
2021-07-12,Sierra,091,2930,66,62,12,74,0
2021-07-12,Siskiyou,093,43540,2009,1916,392,2308,29
2021-07-12,Solano,095,438530,34187,33859,615,34474,268
2021-07-12,Sonoma,097,501317,31677,31377,365,31742,322
2021-07-12,Stanislaus,099,539301,57595,57243,6052,63295,1028
2021-07-12,Sutter,101,95872,9775,9736,90,9826,114
2021-07-12,Tehama,103,63373,5184,5138,587,5725,63
2021-07-12,Trinity,105,12862,498,340,100,440,3
2021-07-12,Tulare,107,460477,50651,49882,9111,58993,853
2021-07-12,Tuolumne,109,53932,4142,4116,45,4161,64
2021-07-12,Ventura,111,848112,82562,81919,3187,85106,1040
2021-07-12,Yolo,113,214977,14450,14303,313,14616,213
2021-07-12,Yuba,115,75493,6351,6266,129,6395,52
2021-07-11,Alameda,001,1643700,91437,90597,2005,92602,1254
2021-07-11,Alpine,003,1148,88,89,0,89,0
2021-07-11,Amador,005,37829,3787,3779,33,3812,47
2021-07-11,Butte,007,227075,12936,12794,1926,14720,202
2021-07-11,Calaveras,009,45235,2244,2226,14,2240,57
2021-07-11,Colusa,011,21464,1985,1971,329,2300,16
2021-07-11,Contra Costa,013,1133247,72509,71744,1340,73084,823
2021-07-11,Del Norte,015,27424,1503,1467,13,1480,8
2021-07-11,El Dorado,017,186661,10704,10554,806,11360,114
2021-07-11,Fresno,019,978130,104062,102813,8791,111604,1728
2021-07-11,Glenn,021,27897,2467,2446,572,3018,20
2021-07-11,Humboldt,023,135768,4668,4611,55,4666,51
2021-07-11,Imperial,025,180216,28936,28787,2700,31487,741
2021-07-11,Inyo,027,18085,1419,1415,12,1427,36
2021-07-11,Kern,029,883053,98424,97637,11210,108847,1346
2021-07-11,Kings,031,150075,23392,23116,1105,24221,246
2021-07-11,Lake,033,64148,3777,3699,13,3712,63
2021-07-11,Lassen,035,31185,5313,5291,118,5409,21
2021-07-11,Los Angeles,037,10098052,1225622,1215182,42004,1257186,24558
2021-07-11,Madera,039,155013,16947,16766,954,17720,240
2021-07-11,Marin,041,260295,14401,14231,262,14493,233
2021-07-11,Mariposa,043,17540,445,442,11,453,5
2021-07-11,Mendocino,045,87422,4276,4167,88,4255,49
2021-07-11,Merced,047,269075,31429,31366,1046,32412,471
2021-07-11,Modoc,049,8938,418,411,147,558,4
2021-07-11,Mono,051,14174,1272,1275,17,1292,3
2021-07-11,Monterey,053,433212,43512,43307,1871,45178,504
2021-07-11,Napa,055,140530,10128,10100,37,10137,81
2021-07-11,Nevada,057,99092,5104,5035,194,5229,72
2021-07-11,Orange,059,3164182,258978,257009,11640,268649,5136
2021-07-11,Placer,061,380077,24304,24017,1622,25639,302
2021-07-11,Plumas,063,18699,733,716,14,730,4
2021-07-11,Riverside,065,2383286,297892,293969,14138,308107,4541
2021-07-11,Sacramento,067,1510023,110636,109696,1906,111602,1685
2021-07-11,San Benito,069,59416,6171,6163,113,6276,63
2021-07-11,San Bernardino,071,2135413,296871,295342,9098,304440,5167
2021-07-11,San Diego,073,3302833,286538,283819,15923,299742,3784
2021-07-11,San Francisco,075,870044,38071,37596,1337,38933,559
2021-07-11,San Joaquin,077,732212,74992,74376,3673,78049,1415
2021-07-11,San Luis Obispo,079,281455,21684,21403,766,22169,258
2021-07-11,San Mateo,081,765935,43351,43107,502,43609,542
2021-07-11,Santa Barbara,083,443738,34887,34646,1134,35780,461
2021-07-11,Santa Clara,085,1922200,120655,119549,782,120331,2098
2021-07-11,Santa Cruz,087,273765,16438,16303,804,17107,207
2021-07-11,Shasta,089,179085,12714,12647,1667,14314,208
2021-07-11,Sierra,091,2930,66,62,12,74,0
2021-07-11,Siskiyou,093,43540,2005,1915,390,2305,29
2021-07-11,Solano,095,438530,34105,33837,611,34448,268
2021-07-11,Sonoma,097,501317,31595,31352,365,31717,322
2021-07-11,Stanislaus,099,539301,57529,57230,6041,63271,1028
2021-07-11,Sutter,101,95872,9761,9728,90,9818,114
2021-07-11,Tehama,103,63373,5181,5138,587,5725,63
2021-07-11,Trinity,105,12862,497,340,100,440,3
2021-07-11,Tulare,107,460477,50626,49877,9093,58970,853
2021-07-11,Tuolumne,109,53932,4136,4116,45,4161,64
2021-07-11,Ventura,111,848112,82489,81875,3167,85042,1040
2021-07-11,Yolo,113,214977,14425,14285,307,14592,213
2021-07-11,Yuba,115,75493,6340,6260,129,6389,52
2021-07-10,Alameda,001,1643700,91287,90090,2001,92091,1252
2021-07-10,Alpine,003,1148,88,89,0,89,0
2021-07-10,Amador,005,37829,3781,3773,33,3806,47
2021-07-10,Butte,007,227075,12926,12764,1923,14687,202
2021-07-10,Calaveras,009,45235,2243,2214,14,2228,57
2021-07-10,Colusa,011,21464,1983,1969,329,2298,16
2021-07-10,Contra Costa,013,1133247,72409,71376,1339,72715,821
2021-07-10,Del Norte,015,27424,1501,1451,13,1464,8
2021-07-10,El Dorado,017,186661,10687,10508,803,11311,114
2021-07-10,Fresno,019,978130,104029,102675,8784,111459,1730
2021-07-10,Glenn,021,27897,2464,2440,571,3011,20
2021-07-10,Humboldt,023,135768,4659,4574,55,4629,51
2021-07-10,Imperial,025,180216,28923,28729,2700,31429,741
2021-07-10,Inyo,027,18085,1418,1415,12,1427,36
2021-07-10,Kern,029,883053,98384,97538,11193,108731,1346
2021-07-10,Kings,031,150075,23385,23090,1104,24194,246
2021-07-10,Lake,033,64148,3760,3667,13,3680,63
2021-07-10,Lassen,035,31185,5313,5290,118,5408,21
2021-07-10,Los Angeles,037,10098052,1224594,1212043,41901,1253944,24542
2021-07-10,Madera,039,155013,16941,16744,951,17695,241
2021-07-10,Marin,041,260295,14387,14194,262,14456,233
2021-07-10,Mariposa,043,17540,445,442,11,453,5
2021-07-10,Mendocino,045,87422,4269,4153,87,4240,49
2021-07-10,Merced,047,269075,31416,31328,1046,32374,470
2021-07-10,Modoc,049,8938,418,410,147,557,4
2021-07-10,Mono,051,14174,1272,1275,17,1292,3
2021-07-10,Monterey,053,433212,43498,43251,1869,45120,499
2021-07-10,Napa,055,140530,10116,10077,37,10114,81
2021-07-10,Nevada,057,99092,5095,5000,194,5194,72
2021-07-10,Orange,059,3164182,258800,256438,11624,268062,5135
2021-07-10,Placer,061,380077,24275,23916,1612,25528,302
2021-07-10,Plumas,063,18699,732,717,14,731,4
2021-07-10,Riverside,065,2383286,297702,293474,14125,307599,4541
2021-07-10,Sacramento,067,1510023,110487,109091,1900,110991,1682
2021-07-10,San Benito,069,59416,6166,6141,113,6254,63
2021-07-10,San Bernardino,071,2135413,296683,294932,9085,304017,5117
2021-07-10,San Diego,073,3302833,286248,283577,15870,299447,3783
2021-07-10,San Francisco,075,870044,37988,37338,1334,38672,559
2021-07-10,San Joaquin,077,732212,74935,74150,3667,77817,1412
2021-07-10,San Luis Obispo,079,281455,21673,21375,765,22140,258
2021-07-10,San Mateo,081,765935,43299,42948,500,43448,542
2021-07-10,Santa Barbara,083,443738,34860,34595,1134,35729,460
2021-07-10,Santa Clara,085,1922200,120552,119330,779,120109,2094
2021-07-10,Santa Cruz,087,273765,16431,16286,804,17090,207
2021-07-10,Shasta,089,179085,12701,12623,1662,14285,206
2021-07-10,Sierra,091,2930,66,61,12,73,0
2021-07-10,Siskiyou,093,43540,2003,1909,387,2296,29
2021-07-10,Solano,095,438530,34063,33678,605,34283,268
2021-07-10,Sonoma,097,501317,31544,31231,365,31596,317
2021-07-10,Stanislaus,099,539301,57493,57104,6031,63135,1026
2021-07-10,Sutter,101,95872,9749,9692,90,9782,114
2021-07-10,Tehama,103,63373,5178,5131,587,5718,63
2021-07-10,Trinity,105,12862,497,341,100,441,3
2021-07-10,Tulare,107,460477,50616,49850,9087,58937,853
2021-07-10,Tuolumne,109,53932,4134,4114,45,4159,64
2021-07-10,Ventura,111,848112,82444,81713,3149,84862,1039
2021-07-10,Yolo,113,214977,14404,14250,304,14554,213
2021-07-10,Yuba,115,75493,6330,6238,129,6367,52
2021-07-09,Alameda,001,1643700,91128,90090,1996,92086,1252
2021-07-09,Alpine,003,1148,88,89,0,89,0
2021-07-09,Amador,005,37829,3780,3773,33,3806,47
2021-07-09,Butte,007,227075,12914,12764,1921,14685,202
2021-07-09,Calaveras,009,45235,2241,2214,14,2228,57
2021-07-09,Colusa,011,21464,1982,1969,329,2298,16
2021-07-09,Contra Costa,013,1133247,72283,71376,1337,72713,821
2021-07-09,Del Norte,015,27424,1496,1451,13,1464,8
2021-07-09,El Dorado,017,186661,10672,10508,802,11310,114
2021-07-09,Fresno,019,978130,103974,102675,8777,111452,1730
2021-07-09,Glenn,021,27897,2463,2440,569,3009,20
2021-07-09,Humboldt,023,135768,4640,4574,55,4629,51
2021-07-09,Imperial,025,180216,28915,28729,2699,31428,741
2021-07-09,Inyo,027,18085,1417,1415,12,1427,36
2021-07-09,Kern,029,883053,98346,97538,11181,108719,1346
2021-07-09,Kings,031,150075,23374,23090,1103,24193,246
2021-07-09,Lake,033,64148,3746,3667,13,3680,63
2021-07-09,Lassen,035,31185,5311,5290,117,5407,21
2021-07-09,Los Angeles,037,10098052,1223589,1212043,41831,1253874,24542
2021-07-09,Madera,039,155013,16931,16744,950,17694,241
2021-07-09,Marin,041,260295,14366,14194,261,14455,233
2021-07-09,Mariposa,043,17540,445,442,11,453,5
2021-07-09,Mendocino,045,87422,4262,4153,87,4240,49
2021-07-09,Merced,047,269075,31401,31328,1046,32374,470
2021-07-09,Modoc,049,8938,418,410,147,557,4
2021-07-09,Mono,051,14174,1272,1275,17,1292,3
2021-07-09,Monterey,053,433212,43489,43251,1869,45120,499
2021-07-09,Napa,055,140530,10109,10077,37,10114,81
2021-07-09,Nevada,057,99092,5086,5000,194,5194,72
2021-07-09,Orange,059,3164182,258594,256438,11610,268048,5135
2021-07-09,Placer,061,380077,24253,23916,1606,25522,302
2021-07-09,Plumas,063,18699,730,717,14,731,4
2021-07-09,Riverside,065,2383286,297516,293474,14112,307586,4541
2021-07-09,Sacramento,067,1510023,110333,109091,1891,110982,1682
2021-07-09,San Benito,069,59416,6164,6141,113,6254,63
2021-07-09,San Bernardino,071,2135413,296531,294932,9078,304010,5117
2021-07-09,San Diego,073,3302833,285959,283577,15822,299399,3783
2021-07-09,San Francisco,075,870044,37908,37338,1327,38665,559
2021-07-09,San Joaquin,077,732212,74861,74150,3660,77810,1412
2021-07-09,San Luis Obispo,079,281455,21661,21375,765,22140,258
2021-07-09,San Mateo,081,765935,43255,42948,496,43444,542
2021-07-09,Santa Barbara,083,443738,34839,34595,1133,35728,460
2021-07-09,Santa Clara,085,1922200,120441,119330,779,120109,2094
2021-07-09,Santa Cruz,087,273765,16428,16286,804,17090,207
2021-07-09,Shasta,089,179085,12695,12623,1657,14280,206
2021-07-09,Sierra,091,2930,66,61,12,73,0
2021-07-09,Siskiyou,093,43540,2001,1909,386,2295,29
2021-07-09,Solano,095,438530,34027,33678,601,34279,268
2021-07-09,Sonoma,097,501317,31508,31231,365,31596,317
2021-07-09,Stanislaus,099,539301,57464,57104,6029,63133,1026
2021-07-09,Sutter,101,95872,9740,9692,90,9782,114
2021-07-09,Tehama,103,63373,5176,5131,587,5718,63
2021-07-09,Trinity,105,12862,496,341,97,438,3
2021-07-09,Tulare,107,460477,50603,49850,9081,58931,853
2021-07-09,Tuolumne,109,53932,4130,4114,45,4159,64
2021-07-09,Ventura,111,848112,82389,81713,3140,84853,1039
2021-07-09,Yolo,113,214977,14389,14250,300,14550,213
2021-07-09,Yuba,115,75493,6317,6238,129,6367,52
2021-07-08,Alameda,001,1643700,90921,90090,1993,92083,1252
2021-07-08,Alpine,003,1148,88,89,0,89,0
2021-07-08,Amador,005,37829,3778,3773,33,3806,47
2021-07-08,Butte,007,227075,12901,12764,1918,14682,202
2021-07-08,Calaveras,009,45235,2238,2214,13,2227,57
2021-07-08,Colusa,011,21464,1982,1969,329,2298,16
2021-07-08,Contra Costa,013,1133247,72155,71376,1332,72708,821
2021-07-08,Del Norte,015,27424,1494,1451,13,1464,8
2021-07-08,El Dorado,017,186661,10655,10508,795,11303,114
2021-07-08,Fresno,019,978130,103911,102675,8766,111441,1730
2021-07-08,Glenn,021,27897,2463,2440,569,3009,20
2021-07-08,Humboldt,023,135768,4624,4574,54,4628,51
2021-07-08,Imperial,025,180216,28903,28729,2698,31427,741
2021-07-08,Inyo,027,18085,1417,1415,12,1427,36
2021-07-08,Kern,029,883053,98298,97538,11166,108704,1346
2021-07-08,Kings,031,150075,23365,23090,1103,24193,246
2021-07-08,Lake,033,64148,3732,3667,13,3680,63
2021-07-08,Lassen,035,31185,5308,5290,117,5407,21
2021-07-08,Los Angeles,037,10098052,1222376,1212043,41737,1253780,24542
2021-07-08,Madera,039,155013,16915,16744,950,17694,241
2021-07-08,Marin,041,260295,14352,14194,261,14455,233
2021-07-08,Mariposa,043,17540,444,442,11,453,5
2021-07-08,Mendocino,045,87422,4259,4153,87,4240,49
2021-07-08,Merced,047,269075,31387,31328,1044,32372,470
2021-07-08,Modoc,049,8938,418,410,147,557,4
2021-07-08,Mono,051,14174,1272,1275,17,1292,3
2021-07-08,Monterey,053,433212,43469,43251,1863,45114,499
2021-07-08,Napa,055,140530,10105,10077,37,10114,81
2021-07-08,Nevada,057,99092,5080,5000,194,5194,72
2021-07-08,Orange,059,3164182,258399,256438,11588,268026,5135
2021-07-08,Placer,061,380077,24214,23916,1598,25514,302
2021-07-08,Plumas,063,18699,729,717,14,731,4
2021-07-08,Riverside,065,2383286,297315,293474,14096,307570,4541
2021-07-08,Sacramento,067,1510023,110111,109091,1886,110977,1682
2021-07-08,San Benito,069,59416,6161,6141,113,6254,63
2021-07-08,San Bernardino,071,2135413,296356,294932,9069,304001,5117
2021-07-08,San Diego,073,3302833,285632,283577,15774,299351,3783
2021-07-08,San Francisco,075,870044,37828,37338,1323,38661,559
2021-07-08,San Joaquin,077,732212,74773,74150,3647,77797,1412
2021-07-08,San Luis Obispo,079,281455,21649,21375,762,22137,258
2021-07-08,San Mateo,081,765935,43204,42948,495,43443,542
2021-07-08,Santa Barbara,083,443738,34812,34595,1131,35726,460
2021-07-08,Santa Clara,085,1922200,120348,119330,778,120108,2094
2021-07-08,Santa Cruz,087,273765,16422,16286,804,17090,207
2021-07-08,Shasta,089,179085,12689,12623,1653,14276,206
2021-07-08,Sierra,091,2930,66,61,12,73,0
2021-07-08,Siskiyou,093,43540,1996,1909,383,2292,29
2021-07-08,Solano,095,438530,33972,33678,595,34273,268
2021-07-08,Sonoma,097,501317,31477,31231,364,31595,317
2021-07-08,Stanislaus,099,539301,57437,57104,6025,63129,1026
2021-07-08,Sutter,101,95872,9726,9692,88,9780,114
2021-07-08,Tehama,103,63373,5173,5131,586,5717,63
2021-07-08,Trinity,105,12862,496,341,97,438,3
2021-07-08,Tulare,107,460477,50585,49850,9074,58924,853
2021-07-08,Tuolumne,109,53932,4128,4114,45,4159,64
2021-07-08,Ventura,111,848112,82325,81713,3124,84837,1039
2021-07-08,Yolo,113,214977,14369,14250,298,14548,213
2021-07-08,Yuba,115,75493,6309,6238,129,6367,52
2021-07-07,Alameda,001,1643700,90737,89995,1987,91982,1253
2021-07-07,Alpine,003,1148,88,89,0,89,0
2021-07-07,Amador,005,37829,3773,3770,33,3803,47
2021-07-07,Butte,007,227075,12888,12750,1913,14663,202
2021-07-07,Calaveras,009,45235,2231,2212,13,2225,57
2021-07-07,Colusa,011,21464,1978,1969,329,2298,16
2021-07-07,Contra Costa,013,1133247,72008,71308,1330,72638,821
2021-07-07,Del Norte,015,27424,1489,1446,13,1459,8
2021-07-07,El Dorado,017,186661,10635,10494,793,11287,114
2021-07-07,Fresno,019,978130,103861,102639,8759,111398,1729
2021-07-07,Glenn,021,27897,2463,2441,569,3010,20
2021-07-07,Humboldt,023,135768,4610,4566,54,4620,51
2021-07-07,Imperial,025,180216,28896,28701,2698,31399,740
2021-07-07,Inyo,027,18085,1416,1415,12,1427,36
2021-07-07,Kern,029,883053,98254,97507,11151,108658,1348
2021-07-07,Kings,031,150075,23352,23085,1100,24185,245
2021-07-07,Lake,033,64148,3713,3660,13,3673,63
2021-07-07,Lassen,035,31185,5308,5286,117,5403,21
2021-07-07,Los Angeles,037,10098052,1221195,1211316,41634,1252950,24531
2021-07-07,Madera,039,155013,16904,16733,948,17681,241
2021-07-07,Marin,041,260295,14333,14183,260,14443,233
2021-07-07,Mariposa,043,17540,442,442,11,453,5
2021-07-07,Mendocino,045,87422,4250,4145,87,4232,49
2021-07-07,Merced,047,269075,31372,31317,1044,32361,470
2021-07-07,Modoc,049,8938,418,410,147,557,4
2021-07-07,Mono,051,14174,1271,1274,17,1291,3
2021-07-07,Monterey,053,433212,43445,43233,1861,45094,494
2021-07-07,Napa,055,140530,10094,10078,37,10115,81
2021-07-07,Nevada,057,99092,5073,4996,194,5190,72
2021-07-07,Orange,059,3164182,258173,256301,11567,267868,5132
2021-07-07,Placer,061,380077,24178,23901,1588,25489,302
2021-07-07,Plumas,063,18699,729,710,14,724,4
2021-07-07,Riverside,065,2383286,297101,293331,14086,307417,4538
2021-07-07,Sacramento,067,1510023,109921,108954,1878,110832,1682
2021-07-07,San Benito,069,59416,6156,6137,113,6250,63
2021-07-07,San Bernardino,071,2135413,296187,294787,9062,303849,5087
2021-07-07,San Diego,073,3302833,285312,283377,15734,299111,3782
2021-07-07,San Francisco,075,870044,37736,37284,1320,38604,558
2021-07-07,San Joaquin,077,732212,74697,74095,3632,77727,1410
2021-07-07,San Luis Obispo,079,281455,21640,21360,760,22120,258
2021-07-07,San Mateo,081,765935,43150,42908,492,43400,542
2021-07-07,Santa Barbara,083,443738,34786,34582,1131,35713,460
2021-07-07,Santa Clara,085,1922200,120250,119250,777,120027,2094
2021-07-07,Santa Cruz,087,273765,16413,16279,803,17082,207
2021-07-07,Shasta,089,179085,12681,12613,1650,14263,206
2021-07-07,Sierra,091,2930,66,60,12,72,0
2021-07-07,Siskiyou,093,43540,1990,1908,379,2287,29
2021-07-07,Solano,095,438530,33923,33659,588,34247,268
2021-07-07,Sonoma,097,501317,31431,31172,364,31536,316
2021-07-07,Stanislaus,099,539301,57405,57102,6020,63122,1028
2021-07-07,Sutter,101,95872,9716,9683,88,9771,114
2021-07-07,Tehama,103,63373,5172,5129,586,5715,63
2021-07-07,Trinity,105,12862,496,341,97,438,3
2021-07-07,Tulare,107,460477,50581,49835,9065,58900,853
2021-07-07,Tuolumne,109,53932,4124,4115,44,4159,64
2021-07-07,Ventura,111,848112,82281,81608,3110,84718,1036
2021-07-07,Yolo,113,214977,14358,14236,295,14531,213
2021-07-07,Yuba,115,75493,6293,6233,129,6362,51
2021-07-06,Alameda,001,1643700,90542,89918,1979,91897,1253
2021-07-06,Alpine,003,1148,88,89,0,89,0
2021-07-06,Amador,005,37829,3772,3768,32,3800,47
2021-07-06,Butte,007,227075,12875,12744,1910,14654,201
2021-07-06,Calaveras,009,45235,2231,2211,13,2224,55
2021-07-06,Colusa,011,21464,1977,1967,326,2293,16
2021-07-06,Contra Costa,013,1133247,71879,71262,1327,72589,820
2021-07-06,Del Norte,015,27424,1485,1445,13,1458,8
2021-07-06,El Dorado,017,186661,10617,10484,791,11275,113
2021-07-06,Fresno,019,978130,103809,102616,8747,111363,1727
2021-07-06,Glenn,021,27897,2462,2438,569,3007,20
2021-07-06,Humboldt,023,135768,4596,4565,53,4618,49
2021-07-06,Imperial,025,180216,28881,28693,2696,31389,739
2021-07-06,Inyo,027,18085,1416,1412,12,1424,36
2021-07-06,Kern,029,883053,98212,97491,11140,108631,1346
2021-07-06,Kings,031,150075,23344,23077,1099,24176,245
2021-07-06,Lake,033,64148,3703,3659,13,3672,63
2021-07-06,Lassen,035,31185,5307,5288,116,5404,21
2021-07-06,Los Angeles,037,10098052,1219978,1210965,41536,1252501,24525
2021-07-06,Madera,039,155013,16892,16730,948,17678,241
2021-07-06,Marin,041,260295,14319,14181,260,14441,233
2021-07-06,Mariposa,043,17540,442,442,11,453,5
2021-07-06,Mendocino,045,87422,4243,4143,87,4230,49
2021-07-06,Merced,047,269075,31355,31317,1043,32360,470
2021-07-06,Modoc,049,8938,418,411,147,558,4
2021-07-06,Mono,051,14174,1270,1274,17,1291,3
2021-07-06,Monterey,053,433212,43423,43224,1859,45083,494
2021-07-06,Napa,055,140530,10083,10081,37,10118,81
2021-07-06,Nevada,057,99092,5064,4988,194,5182,72
2021-07-06,Orange,059,3164182,257929,256227,11550,267777,5129
2021-07-06,Placer,061,380077,24137,23876,1582,25458,302
2021-07-06,Plumas,063,18699,728,708,14,722,4
2021-07-06,Riverside,065,2383286,296898,293227,14068,307295,4539
2021-07-06,Sacramento,067,1510023,109710,108850,1870,110720,1679
2021-07-06,San Benito,069,59416,6152,6137,113,6250,63
2021-07-06,San Bernardino,071,2135413,296008,294712,9049,303761,5056
2021-07-06,San Diego,073,3302833,284954,283278,15675,298953,3782
2021-07-06,San Francisco,075,870044,37621,37251,1319,38570,558
2021-07-06,San Joaquin,077,732212,74627,74019,3620,77639,1410
2021-07-06,San Luis Obispo,079,281455,21623,21354,758,22112,257
2021-07-06,San Mateo,081,765935,43075,42895,492,43387,541
2021-07-06,Santa Barbara,083,443738,34767,34572,1130,35702,460
2021-07-06,Santa Clara,085,1922200,120132,119194,774,119968,2095
2021-07-06,Santa Cruz,087,273765,16408,16274,802,17076,207
2021-07-06,Shasta,089,179085,12671,12606,1648,14254,205
2021-07-06,Sierra,091,2930,65,60,12,72,0
2021-07-06,Siskiyou,093,43540,1987,1905,375,2280,29
2021-07-06,Solano,095,438530,33872,33619,585,34204,268
2021-07-06,Sonoma,097,501317,31368,31130,363,31493,316
2021-07-06,Stanislaus,099,539301,57356,57120,6009,63129,1029
2021-07-06,Sutter,101,95872,9707,9674,87,9761,114
2021-07-06,Tehama,103,63373,5169,5126,585,5711,63
2021-07-06,Trinity,105,12862,496,341,97,438,3
2021-07-06,Tulare,107,460477,50566,49826,9055,58881,853
2021-07-06,Tuolumne,109,53932,4122,4113,44,4157,64
2021-07-06,Ventura,111,848112,82241,81534,3085,84619,1033
2021-07-06,Yolo,113,214977,14336,14227,292,14519,213
2021-07-06,Yuba,115,75493,6282,6231,129,6360,51
2021-07-05,Alameda,001,1643700,90365,89892,1974,91866,1253
2021-07-05,Alpine,003,1148,88,89,0,89,0
2021-07-05,Amador,005,37829,3770,3768,32,3800,47
2021-07-05,Butte,007,227075,12867,12740,1901,14641,201
2021-07-05,Calaveras,009,45235,2229,2211,13,2224,55
2021-07-05,Colusa,011,21464,1975,1966,325,2291,16
2021-07-05,Contra Costa,013,1133247,71751,71235,1327,72562,820
2021-07-05,Del Norte,015,27424,1481,1446,13,1459,8
2021-07-05,El Dorado,017,186661,10592,10481,791,11272,113
2021-07-05,Fresno,019,978130,103750,102592,8732,111324,1727
2021-07-05,Glenn,021,27897,2459,2438,568,3006,20
2021-07-05,Humboldt,023,135768,4582,4563,53,4616,49
2021-07-05,Imperial,025,180216,28862,28689,2696,31385,739
2021-07-05,Inyo,027,18085,1416,1412,12,1424,36
2021-07-05,Kern,029,883053,98164,97479,11119,108598,1346
2021-07-05,Kings,031,150075,23336,23065,1096,24161,245
2021-07-05,Lake,033,64148,3685,3645,13,3658,63
2021-07-05,Lassen,035,31185,5304,5288,115,5403,21
2021-07-05,Los Angeles,037,10098052,1218782,1210653,41434,1252087,24522
2021-07-05,Madera,039,155013,16881,16722,947,17669,241
2021-07-05,Marin,041,260295,14298,14178,260,14438,233
2021-07-05,Mariposa,043,17540,442,441,11,452,5
2021-07-05,Mendocino,045,87422,4238,4139,87,4226,49
2021-07-05,Merced,047,269075,31335,31312,1043,32355,470
2021-07-05,Modoc,049,8938,418,410,147,557,4
2021-07-05,Mono,051,14174,1270,1273,17,1290,3
2021-07-05,Monterey,053,433212,43403,43218,1854,45072,494
2021-07-05,Napa,055,140530,10077,10074,37,10111,81
2021-07-05,Nevada,057,99092,5046,4980,193,5173,72
2021-07-05,Orange,059,3164182,257728,256173,11532,267705,5129
2021-07-05,Placer,061,380077,24090,23867,1574,25441,302
2021-07-05,Plumas,063,18699,727,708,14,722,4
2021-07-05,Riverside,065,2383286,296707,293193,14056,307249,4539
2021-07-05,Sacramento,067,1510023,109528,108758,1861,110619,1679
2021-07-05,San Benito,069,59416,6145,6137,113,6250,63
2021-07-05,San Bernardino,071,2135413,295846,294647,9042,303689,5037
2021-07-05,San Diego,073,3302833,284591,282834,15631,298465,3782
2021-07-05,San Francisco,075,870044,37534,37237,1314,38551,558
2021-07-05,San Joaquin,077,732212,74557,73999,3615,77614,1410
2021-07-05,San Luis Obispo,079,281455,21609,21351,757,22108,257
2021-07-05,San Mateo,081,765935,43023,42876,489,43365,541
2021-07-05,Santa Barbara,083,443738,34747,34569,1130,35699,460
2021-07-05,Santa Clara,085,1922200,120026,119184,772,119956,2095
2021-07-05,Santa Cruz,087,273765,16399,16273,801,17074,208
2021-07-05,Shasta,089,179085,12662,12603,1646,14249,205
2021-07-05,Sierra,091,2930,65,60,12,72,0
2021-07-05,Siskiyou,093,43540,1985,1904,374,2278,29
2021-07-05,Solano,095,438530,33802,33612,579,34191,268
2021-07-05,Sonoma,097,501317,31315,31116,363,31479,316
2021-07-05,Stanislaus,099,539301,57326,57109,5998,63107,1029
2021-07-05,Sutter,101,95872,9695,9667,87,9754,114
2021-07-05,Tehama,103,63373,5168,5125,585,5710,63
2021-07-05,Trinity,105,12862,495,341,96,437,3
2021-07-05,Tulare,107,460477,50548,49818,9052,58870,853
2021-07-05,Tuolumne,109,53932,4118,4112,44,4156,64
2021-07-05,Ventura,111,848112,82190,81519,3066,84585,1033
2021-07-05,Yolo,113,214977,14316,14225,284,14509,213
2021-07-05,Yuba,115,75493,6274,6223,129,6352,51
2021-07-04,Alameda,001,1643700,90201,89683,1971,91654,1253
2021-07-04,Alpine,003,1148,88,89,0,89,0
2021-07-04,Amador,005,37829,3769,3758,32,3790,46
2021-07-04,Butte,007,227075,12857,12684,1901,14585,201
2021-07-04,Calaveras,009,45235,2225,2200,13,2213,55
2021-07-04,Colusa,011,21464,1975,1969,325,2294,15
2021-07-04,Contra Costa,013,1133247,71645,70941,1322,72263,818
2021-07-04,Del Norte,015,27424,1478,1439,13,1452,8
2021-07-04,El Dorado,017,186661,10583,10433,790,11223,113
2021-07-04,Fresno,019,978130,103704,102512,8717,111229,1727
2021-07-04,Glenn,021,27897,2457,2442,567,3009,20
2021-07-04,Humboldt,023,135768,4574,4530,53,4583,49
2021-07-04,Imperial,025,180216,28856,28661,2696,31357,739
2021-07-04,Inyo,027,18085,1416,1412,12,1424,35
2021-07-04,Kern,029,883053,98145,97421,11110,108531,1347
2021-07-04,Kings,031,150075,23328,23051,1096,24147,245
2021-07-04,Lake,033,64148,3675,3623,13,3636,62
2021-07-04,Lassen,035,31185,5303,5277,115,5392,20
2021-07-04,Los Angeles,037,10098052,1217919,1208705,41350,1250055,24506
2021-07-04,Madera,039,155013,16869,16696,946,17642,240
2021-07-04,Marin,041,260295,14283,14143,260,14403,233
2021-07-04,Mariposa,043,17540,442,441,11,452,5
2021-07-04,Mendocino,045,87422,4228,4122,87,4209,49
2021-07-04,Merced,047,269075,31324,31297,1043,32340,469
2021-07-04,Modoc,049,8938,418,410,147,557,4
2021-07-04,Mono,051,14174,1270,1275,17,1292,3
2021-07-04,Monterey,053,433212,43387,43212,1853,45065,492
2021-07-04,Napa,055,140530,10069,10045,36,10081,81
2021-07-04,Nevada,057,99092,5036,4966,193,5159,72
2021-07-04,Orange,059,3164182,257553,255823,11512,267335,5126
2021-07-04,Placer,061,380077,24053,23764,1568,25332,299
2021-07-04,Plumas,063,18699,727,707,14,721,4
2021-07-04,Riverside,065,2383286,296547,293260,14050,307310,4536
2021-07-04,Sacramento,067,1510023,109358,108257,1855,110112,1676
2021-07-04,San Benito,069,59416,6138,6108,113,6221,63
2021-07-04,San Bernardino,071,2135413,295678,294294,9035,303329,5003
2021-07-04,San Diego,073,3302833,284366,282692,15594,298286,3780
2021-07-04,San Francisco,075,870044,37475,37107,1308,38415,558
2021-07-04,San Joaquin,077,732212,74491,73841,3607,77448,1409
2021-07-04,San Luis Obispo,079,281455,21603,21330,756,22086,256
2021-07-04,San Mateo,081,765935,42989,42691,489,43180,541
2021-07-04,Santa Barbara,083,443738,34724,34526,1129,35655,456
2021-07-04,Santa Clara,085,1922200,119936,118966,771,119737,2090
2021-07-04,Santa Cruz,087,273765,16388,16254,801,17055,208
2021-07-04,Shasta,089,179085,12658,12582,1645,14227,204
2021-07-04,Sierra,091,2930,64,60,12,72,0
2021-07-04,Siskiyou,093,43540,1981,1899,373,2272,29
2021-07-04,Solano,095,438530,33761,33486,577,34063,268
2021-07-04,Sonoma,097,501317,31285,31000,363,31363,316
2021-07-04,Stanislaus,099,539301,57311,57018,5992,63010,1018
2021-07-04,Sutter,101,95872,9684,9644,87,9731,114
2021-07-04,Tehama,103,63373,5164,5124,585,5709,63
2021-07-04,Trinity,105,12862,494,341,96,437,3
2021-07-04,Tulare,107,460477,50538,49789,9049,58838,853
2021-07-04,Tuolumne,109,53932,4110,4113,44,4157,64
2021-07-04,Ventura,111,848112,82132,81425,3055,84480,1033
2021-07-04,Yolo,113,214977,14295,14188,281,14469,213
2021-07-04,Yuba,115,75493,6266,6197,129,6326,51
2021-07-03,Alameda,001,1643700,90114,89683,1963,91646,1253
2021-07-03,Alpine,003,1148,88,89,0,89,0
2021-07-03,Amador,005,37829,3769,3758,32,3790,46
2021-07-03,Butte,007,227075,12853,12684,1900,14584,201
2021-07-03,Calaveras,009,45235,2223,2200,13,2213,55
2021-07-03,Colusa,011,21464,1974,1969,325,2294,15
2021-07-03,Contra Costa,013,1133247,71585,70941,1319,72260,818
2021-07-03,Del Norte,015,27424,1475,1439,13,1452,8
2021-07-03,El Dorado,017,186661,10577,10433,788,11221,113
2021-07-03,Fresno,019,978130,103680,102512,8708,111220,1727
2021-07-03,Glenn,021,27897,2457,2442,567,3009,20
2021-07-03,Humboldt,023,135768,4569,4530,53,4583,49
2021-07-03,Imperial,025,180216,28846,28661,2696,31357,739
2021-07-03,Inyo,027,18085,1416,1412,12,1424,35
2021-07-03,Kern,029,883053,98125,97421,11102,108523,1347
2021-07-03,Kings,031,150075,23328,23051,1095,24146,245
2021-07-03,Lake,033,64148,3665,3623,13,3636,62
2021-07-03,Lassen,035,31185,5302,5277,115,5392,20
2021-07-03,Los Angeles,037,10098052,1217490,1208705,41319,1250024,24506
2021-07-03,Madera,039,155013,16860,16696,943,17639,240
2021-07-03,Marin,041,260295,14279,14143,260,14403,233
2021-07-03,Mariposa,043,17540,442,441,11,452,5
2021-07-03,Mendocino,045,87422,4227,4122,87,4209,49
2021-07-03,Merced,047,269075,31311,31297,1042,32339,469
2021-07-03,Modoc,049,8938,417,410,147,557,4
2021-07-03,Mono,051,14174,1269,1275,17,1292,3
2021-07-03,Monterey,053,433212,43375,43212,1851,45063,492
2021-07-03,Napa,055,140530,10064,10045,36,10081,81
2021-07-03,Nevada,057,99092,5022,4966,193,5159,72
2021-07-03,Orange,059,3164182,257469,255823,11505,267328,5126
2021-07-03,Placer,061,380077,24034,23764,1565,25329,299
2021-07-03,Plumas,063,18699,727,707,14,721,4
2021-07-03,Riverside,065,2383286,296455,293260,14046,307306,4536
2021-07-03,Sacramento,067,1510023,109284,108257,1852,110109,1676
2021-07-03,San Benito,069,59416,6131,6108,113,6221,63
2021-07-03,San Bernardino,071,2135413,295588,294294,9032,303326,5003
2021-07-03,San Diego,073,3302833,284235,282692,15575,298267,3780
2021-07-03,San Francisco,075,870044,37434,37107,1305,38412,558
2021-07-03,San Joaquin,077,732212,74455,73841,3602,77443,1409
2021-07-03,San Luis Obispo,079,281455,21591,21330,756,22086,256
2021-07-03,San Mateo,081,765935,42964,42691,488,43179,541
2021-07-03,Santa Barbara,083,443738,34715,34526,1128,35654,456
2021-07-03,Santa Clara,085,1922200,119889,118966,771,119737,2090
2021-07-03,Santa Cruz,087,273765,16381,16254,801,17055,208
2021-07-03,Shasta,089,179085,12654,12582,1643,14225,204
2021-07-03,Sierra,091,2930,64,60,12,72,0
2021-07-03,Siskiyou,093,43540,1980,1899,372,2271,29
2021-07-03,Solano,095,438530,33717,33486,577,34063,268
2021-07-03,Sonoma,097,501317,31251,31000,363,31363,316
2021-07-03,Stanislaus,099,539301,57300,57018,5985,63003,1018
2021-07-03,Sutter,101,95872,9674,9644,87,9731,114
2021-07-03,Tehama,103,63373,5162,5124,585,5709,63
2021-07-03,Trinity,105,12862,494,341,96,437,3
2021-07-03,Tulare,107,460477,50532,49789,9043,58832,853
2021-07-03,Tuolumne,109,53932,4109,4113,44,4157,64
2021-07-03,Ventura,111,848112,82102,81425,3047,84472,1033
2021-07-03,Yolo,113,214977,14285,14188,278,14466,213
2021-07-03,Yuba,115,75493,6260,6197,129,6326,51
2021-07-02,Alameda,001,1643700,90031,89683,1961,91644,1253
2021-07-02,Alpine,003,1148,88,89,0,89,0
2021-07-02,Amador,005,37829,3767,3758,32,3790,46
2021-07-02,Butte,007,227075,12846,12684,1900,14584,201
2021-07-02,Calaveras,009,45235,2221,2200,13,2213,55
2021-07-02,Colusa,011,21464,1973,1969,324,2293,15
2021-07-02,Contra Costa,013,1133247,71515,70941,1315,72256,818
2021-07-02,Del Norte,015,27424,1475,1439,13,1452,8
2021-07-02,El Dorado,017,186661,10569,10433,788,11221,113
2021-07-02,Fresno,019,978130,103652,102512,8702,111214,1727
2021-07-02,Glenn,021,27897,2456,2442,566,3008,20
2021-07-02,Humboldt,023,135768,4566,4530,52,4582,49
2021-07-02,Imperial,025,180216,28840,28661,2695,31356,739
2021-07-02,Inyo,027,18085,1416,1412,12,1424,35
2021-07-02,Kern,029,883053,98107,97421,11094,108515,1347
2021-07-02,Kings,031,150075,23318,23051,1095,24146,245
2021-07-02,Lake,033,64148,3659,3623,13,3636,62
2021-07-02,Lassen,035,31185,5302,5277,115,5392,20
2021-07-02,Los Angeles,037,10098052,1217016,1208705,41281,1249986,24506
2021-07-02,Madera,039,155013,16851,16696,942,17638,240
2021-07-02,Marin,041,260295,14275,14143,260,14403,233
2021-07-02,Mariposa,043,17540,442,441,11,452,5
2021-07-02,Mendocino,045,87422,4223,4122,86,4208,49
2021-07-02,Merced,047,269075,31302,31297,1042,32339,469
2021-07-02,Modoc,049,8938,417,410,147,557,4
2021-07-02,Mono,051,14174,1268,1275,17,1292,3
2021-07-02,Monterey,053,433212,43367,43212,1850,45062,492
2021-07-02,Napa,055,140530,10059,10045,36,10081,81
2021-07-02,Nevada,057,99092,5013,4966,193,5159,72
2021-07-02,Orange,059,3164182,257358,255823,11498,267321,5126
2021-07-02,Placer,061,380077,24017,23764,1558,25322,299
2021-07-02,Plumas,063,18699,727,707,14,721,4
2021-07-02,Riverside,065,2383286,296357,293260,14041,307301,4536
2021-07-02,Sacramento,067,1510023,109206,108257,1851,110108,1676
2021-07-02,San Benito,069,59416,6128,6108,113,6221,63
2021-07-02,San Bernardino,071,2135413,295501,294294,9030,303324,5003
2021-07-02,San Diego,073,3302833,284090,282692,15549,298241,3780
2021-07-02,San Francisco,075,870044,37386,37107,1303,38410,558
2021-07-02,San Joaquin,077,732212,74423,73841,3596,77437,1409
2021-07-02,San Luis Obispo,079,281455,21585,21330,755,22085,256
2021-07-02,San Mateo,081,765935,42928,42691,488,43179,541
2021-07-02,Santa Barbara,083,443738,34705,34526,1128,35654,456
2021-07-02,Santa Clara,085,1922200,119811,118966,771,119737,2090
2021-07-02,Santa Cruz,087,273765,16377,16254,801,17055,208
2021-07-02,Shasta,089,179085,12650,12582,1643,14225,204
2021-07-02,Sierra,091,2930,63,60,12,72,0
2021-07-02,Siskiyou,093,43540,1977,1899,371,2270,29
2021-07-02,Solano,095,438530,33692,33486,577,34063,268
2021-07-02,Sonoma,097,501317,31228,31000,363,31363,316
2021-07-02,Stanislaus,099,539301,57283,57018,5984,63002,1018
2021-07-02,Sutter,101,95872,9670,9644,87,9731,114
2021-07-02,Tehama,103,63373,5160,5124,583,5707,63
2021-07-02,Trinity,105,12862,494,341,96,437,3
2021-07-02,Tulare,107,460477,50522,49789,9035,58824,853
2021-07-02,Tuolumne,109,53932,4106,4113,44,4157,64
2021-07-02,Ventura,111,848112,82059,81425,3039,84464,1033
2021-07-02,Yolo,113,214977,14269,14188,276,14464,213
2021-07-02,Yuba,115,75493,6252,6197,129,6326,51
2021-07-01,Alameda,001,1643700,89930,89683,1959,91642,1253
2021-07-01,Alpine,003,1148,88,89,0,89,0
2021-07-01,Amador,005,37829,3766,3758,32,3790,46
2021-07-01,Butte,007,227075,12834,12684,1898,14582,201
2021-07-01,Calaveras,009,45235,2219,2200,13,2213,55
2021-07-01,Colusa,011,21464,1973,1969,322,2291,15
2021-07-01,Contra Costa,013,1133247,71443,70941,1315,72256,818
2021-07-01,Del Norte,015,27424,1474,1439,13,1452,8
2021-07-01,El Dorado,017,186661,10557,10433,788,11221,113
2021-07-01,Fresno,019,978130,103613,102512,8697,111209,1727
2021-07-01,Glenn,021,27897,2456,2442,566,3008,20
2021-07-01,Humboldt,023,135768,4564,4530,52,4582,49
2021-07-01,Imperial,025,180216,28823,28661,2695,31356,739
2021-07-01,Inyo,027,18085,1416,1412,12,1424,35
2021-07-01,Kern,029,883053,98081,97421,11084,108505,1347
2021-07-01,Kings,031,150075,23304,23051,1095,24146,245
2021-07-01,Lake,033,64148,3656,3623,13,3636,62
2021-07-01,Lassen,035,31185,5300,5277,115,5392,20
2021-07-01,Los Angeles,037,10098052,1216412,1208705,41226,1249931,24506
2021-07-01,Madera,039,155013,16842,16696,941,17637,240
2021-07-01,Marin,041,260295,14271,14143,260,14403,233
2021-07-01,Mariposa,043,17540,442,441,11,452,5
2021-07-01,Mendocino,045,87422,4219,4122,85,4207,49
2021-07-01,Merced,047,269075,31296,31297,1042,32339,469
2021-07-01,Modoc,049,8938,417,410,147,557,4
2021-07-01,Mono,051,14174,1267,1275,17,1292,3
2021-07-01,Monterey,053,433212,43359,43212,1847,45059,492
2021-07-01,Napa,055,140530,10052,10045,36,10081,81
2021-07-01,Nevada,057,99092,5008,4966,193,5159,72
2021-07-01,Orange,059,3164182,257238,255823,11479,267302,5126
2021-07-01,Placer,061,380077,23999,23764,1555,25319,299
2021-07-01,Plumas,063,18699,724,707,12,719,4
2021-07-01,Riverside,065,2383286,296248,293260,14033,307293,4536
2021-07-01,Sacramento,067,1510023,109081,108257,1844,110101,1676
2021-07-01,San Benito,069,59416,6124,6108,113,6221,63
2021-07-01,San Bernardino,071,2135413,295380,294294,9025,303319,5003
2021-07-01,San Diego,073,3302833,283912,282692,15512,298204,3780
2021-07-01,San Francisco,075,870044,37350,37107,1301,38408,558
2021-07-01,San Joaquin,077,732212,74372,73841,3592,77433,1409
2021-07-01,San Luis Obispo,079,281455,21570,21330,754,22084,256
2021-07-01,San Mateo,081,765935,42900,42691,487,43178,541
2021-07-01,Santa Barbara,083,443738,34692,34526,1128,35654,456
2021-07-01,Santa Clara,085,1922200,119762,118966,771,119737,2090
2021-07-01,Santa Cruz,087,273765,16372,16254,801,17055,208
2021-07-01,Shasta,089,179085,12642,12582,1642,14224,204
2021-07-01,Sierra,091,2930,63,60,12,72,0
2021-07-01,Siskiyou,093,43540,1977,1899,371,2270,29
2021-07-01,Solano,095,438530,33651,33486,576,34062,268
2021-07-01,Sonoma,097,501317,31184,31000,363,31363,316
2021-07-01,Stanislaus,099,539301,57266,57018,5980,62998,1018
2021-07-01,Sutter,101,95872,9661,9644,87,9731,114
2021-07-01,Tehama,103,63373,5160,5124,582,5706,63
2021-07-01,Trinity,105,12862,494,341,96,437,3
2021-07-01,Tulare,107,460477,50513,49789,9028,58817,853
2021-07-01,Tuolumne,109,53932,4099,4113,44,4157,64
2021-07-01,Ventura,111,848112,82028,81425,3029,84454,1033
2021-07-01,Yolo,113,214977,14253,14188,274,14462,213
2021-07-01,Yuba,115,75493,6245,6197,129,6326,51
2021-06-30,Alameda,001,1643700,89851,89597,1955,91552,1256
2021-06-30,Alpine,003,1148,88,89,0,89,0
2021-06-30,Amador,005,37829,3764,3756,32,3788,46
2021-06-30,Butte,007,227075,12827,12676,1889,14565,201
2021-06-30,Calaveras,009,45235,2213,2198,13,2211,55
2021-06-30,Colusa,011,21464,1971,1967,319,2286,15
2021-06-30,Contra Costa,013,1133247,71378,70869,1312,72181,818
2021-06-30,Del Norte,015,27424,1469,1435,13,1448,8
2021-06-30,El Dorado,017,186661,10537,10420,788,11208,113
2021-06-30,Fresno,019,978130,103576,102490,8694,111184,1727
2021-06-30,Glenn,021,27897,2454,2440,566,3006,20
2021-06-30,Humboldt,023,135768,4548,4522,50,4572,49
2021-06-30,Imperial,025,180216,28815,28651,2695,31346,739
2021-06-30,Inyo,027,18085,1416,1409,12,1421,35
2021-06-30,Kern,029,883053,98040,97267,11072,108339,1348
2021-06-30,Kings,031,150075,23299,23038,1094,24132,245
2021-06-30,Lake,033,64148,3643,3601,13,3614,56
2021-06-30,Lassen,035,31185,5295,5269,115,5384,20
2021-06-30,Los Angeles,037,10098052,1215738,1208246,41181,1249427,24499
2021-06-30,Madera,039,155013,16834,16688,939,17627,240
2021-06-30,Marin,041,260295,14262,14133,259,14392,232
2021-06-30,Mariposa,043,17540,441,441,11,452,5
2021-06-30,Mendocino,045,87422,4209,4115,85,4200,49
2021-06-30,Merced,047,269075,31286,31286,1042,32328,469
2021-06-30,Modoc,049,8938,417,410,147,557,4
2021-06-30,Mono,051,14174,1267,1275,17,1292,3
2021-06-30,Monterey,053,433212,43354,43209,1845,45054,492
2021-06-30,Napa,055,140530,10044,10039,36,10075,81
2021-06-30,Nevada,057,99092,4997,4958,193,5151,72
2021-06-30,Orange,059,3164182,257113,255764,11469,267233,5125
2021-06-30,Placer,061,380077,23975,23721,1552,25273,299
2021-06-30,Plumas,063,18699,724,705,12,717,4
2021-06-30,Riverside,065,2383286,296134,293280,14025,307305,4535
2021-06-30,Sacramento,067,1510023,108942,108137,1840,109977,1676
2021-06-30,San Benito,069,59416,6120,6105,113,6218,63
2021-06-30,San Bernardino,071,2135413,295220,294211,9020,303231,4975
2021-06-30,San Diego,073,3302833,283776,282583,15484,298067,3780
2021-06-30,San Francisco,075,870044,37301,37065,1296,38361,558
2021-06-30,San Joaquin,077,732212,74310,73777,3591,77368,1409
2021-06-30,San Luis Obispo,079,281455,21557,21326,753,22079,256
2021-06-30,San Mateo,081,765935,42863,42599,486,43085,537
2021-06-30,Santa Barbara,083,443738,34676,34521,1128,35649,456
2021-06-30,Santa Clara,085,1922200,119715,118930,768,119698,2090
2021-06-30,Santa Cruz,087,273765,16366,16250,801,17051,208
2021-06-30,Shasta,089,179085,12636,12564,1642,14206,204
2021-06-30,Sierra,091,2930,63,60,12,72,0
2021-06-30,Siskiyou,093,43540,1975,1900,368,2268,29
2021-06-30,Solano,095,438530,33612,33453,574,34027,268
2021-06-30,Sonoma,097,501317,31154,30947,363,31310,316
2021-06-30,Stanislaus,099,539301,57249,56997,5979,62976,1018
2021-06-30,Sutter,101,95872,9651,9638,87,9725,114
2021-06-30,Tehama,103,63373,5158,5124,582,5706,63
2021-06-30,Trinity,105,12862,494,341,96,437,3
2021-06-30,Tulare,107,460477,50502,49764,9017,58781,853
2021-06-30,Tuolumne,109,53932,4096,4112,44,4156,64
2021-06-30,Ventura,111,848112,81985,81392,3024,84416,1032
2021-06-30,Yolo,113,214977,14247,14178,271,14449,213
2021-06-30,Yuba,115,75493,6238,6191,129,6320,51
2021-06-29,Alameda,001,1643700,89745,89519,1953,91472,1257
2021-06-29,Alpine,003,1148,88,89,0,89,0
2021-06-29,Amador,005,37829,3760,3754,32,3786,46
2021-06-29,Butte,007,227075,12819,12669,1889,14558,201
2021-06-29,Calaveras,009,45235,2207,2198,13,2211,55
2021-06-29,Colusa,011,21464,1969,1967,319,2286,15
2021-06-29,Contra Costa,013,1133247,71304,70775,1311,72086,817
2021-06-29,Del Norte,015,27424,1468,1435,13,1448,8
2021-06-29,El Dorado,017,186661,10524,10403,784,11187,113
2021-06-29,Fresno,019,978130,103543,102464,8691,111155,1725
2021-06-29,Glenn,021,27897,2453,2439,566,3005,20
2021-06-29,Humboldt,023,135768,4544,4514,49,4563,49
2021-06-29,Imperial,025,180216,28806,28645,2694,31339,737
2021-06-29,Inyo,027,18085,1416,1408,12,1420,35
2021-06-29,Kern,029,883053,98019,97173,11066,108239,1347
2021-06-29,Kings,031,150075,23290,23035,1093,24128,245
2021-06-29,Lake,033,64148,3637,3594,13,3607,56
2021-06-29,Lassen,035,31185,5288,5268,115,5383,20
2021-06-29,Los Angeles,037,10098052,1215123,1207895,41153,1249048,24498
2021-06-29,Madera,039,155013,16830,16680,938,17618,240
2021-06-29,Marin,041,260295,14250,14127,259,14386,232
2021-06-29,Mariposa,043,17540,441,441,11,452,5
2021-06-29,Mendocino,045,87422,4205,4107,84,4191,49
2021-06-29,Merced,047,269075,31274,31277,1042,32319,469
2021-06-29,Modoc,049,8938,416,408,147,555,3
2021-06-29,Mono,051,14174,1267,1275,17,1292,3
2021-06-29,Monterey,053,433212,43344,43196,1843,45039,471
2021-06-29,Napa,055,140530,10038,10033,36,10069,81
2021-06-29,Nevada,057,99092,4990,4952,193,5145,72
2021-06-29,Orange,059,3164182,257013,255686,11454,267140,5124
2021-06-29,Placer,061,380077,23951,23693,1550,25243,299
2021-06-29,Plumas,063,18699,724,704,12,716,4
2021-06-29,Riverside,065,2383286,296035,292962,14018,306980,4524
2021-06-29,Sacramento,067,1510023,108789,108067,1837,109904,1677
2021-06-29,San Benito,069,59416,6109,6099,113,6212,63
2021-06-29,San Bernardino,071,2135413,295108,294118,9019,303137,4940
2021-06-29,San Diego,073,3302833,283620,282499,15457,297956,3780
2021-06-29,San Francisco,075,870044,37263,37041,1293,38334,558
2021-06-29,San Joaquin,077,732212,74262,73724,3588,77312,1409
2021-06-29,San Luis Obispo,079,281455,21547,21324,752,22076,256
2021-06-29,San Mateo,081,765935,42829,42540,486,43026,540
2021-06-29,Santa Barbara,083,443738,34666,34507,1127,35634,455
2021-06-29,Santa Clara,085,1922200,119661,118893,767,119660,2090
2021-06-29,Santa Cruz,087,273765,16360,16249,801,17050,208
2021-06-29,Shasta,089,179085,12624,12564,1641,14205,204
2021-06-29,Sierra,091,2930,63,59,12,71,0
2021-06-29,Siskiyou,093,43540,1972,1897,364,2261,29
2021-06-29,Solano,095,438530,33579,33440,572,34012,268
2021-06-29,Sonoma,097,501317,31112,30950,361,31311,316
2021-06-29,Stanislaus,099,539301,57228,56980,5972,62952,1018
2021-06-29,Sutter,101,95872,9640,9634,87,9721,114
2021-06-29,Tehama,103,63373,5158,5124,582,5706,63
2021-06-29,Trinity,105,12862,494,341,96,437,3
2021-06-29,Tulare,107,460477,50489,49751,9012,58763,852
2021-06-29,Tuolumne,109,53932,4094,4111,44,4155,64
2021-06-29,Ventura,111,848112,81947,81363,3018,84381,1032
2021-06-29,Yolo,113,214977,14235,14171,270,14441,213
2021-06-29,Yuba,115,75493,6228,6188,129,6317,51
2021-06-28,Alameda,001,1643700,89650,89638,1950,91588,1259
2021-06-28,Alpine,003,1148,88,89,0,89,0
2021-06-28,Amador,005,37829,3759,3753,32,3785,46
2021-06-28,Butte,007,227075,12810,12697,1887,14584,198
2021-06-28,Calaveras,009,45235,2204,2203,13,2216,55
2021-06-28,Colusa,011,21464,1967,1974,319,2293,15
2021-06-28,Contra Costa,013,1133247,71229,70807,1309,72116,816
2021-06-28,Del Norte,015,27424,1468,1436,13,1449,8
2021-06-28,El Dorado,017,186661,10514,10422,780,11202,115
2021-06-28,Fresno,019,978130,103512,103121,8689,111810,1727
2021-06-28,Glenn,021,27897,2453,2439,566,3005,20
2021-06-28,Humboldt,023,135768,4537,4520,48,4568,49
2021-06-28,Imperial,025,180216,28798,28981,2693,31674,741
2021-06-28,Inyo,027,18085,1413,1407,12,1419,35
2021-06-28,Kern,029,883053,98000,97252,11061,108313,1348
2021-06-28,Kings,031,150075,23284,23134,1093,24227,246
2021-06-28,Lake,033,64148,3630,3591,13,3604,56
2021-06-28,Lassen,035,31185,5286,5268,115,5383,20
2021-06-28,Los Angeles,037,10098052,1214603,1207714,41119,1248833,24496
2021-06-28,Madera,039,155013,16819,16683,937,17620,240
2021-06-28,Marin,041,260295,14235,14186,259,14445,232
2021-06-28,Mariposa,043,17540,441,440,11,451,5
2021-06-28,Mendocino,045,87422,4196,4102,83,4185,49
2021-06-28,Merced,047,269075,31262,31277,1042,32319,469
2021-06-28,Modoc,049,8938,416,411,146,557,3
2021-06-28,Mono,051,14174,1267,1276,17,1293,3
2021-06-28,Monterey,053,433212,43340,43202,1842,45044,462
2021-06-28,Napa,055,140530,10029,10050,35,10085,81
2021-06-28,Nevada,057,99092,4986,4951,193,5144,72
2021-06-28,Orange,059,3164182,256923,255755,11440,267195,5123
2021-06-28,Placer,061,380077,23935,23756,1546,25302,299
2021-06-28,Plumas,063,18699,722,704,12,716,4
2021-06-28,Riverside,065,2383286,295909,292647,14006,306653,4507
2021-06-28,Sacramento,067,1510023,108657,108342,1832,110174,1675
2021-06-28,San Benito,069,59416,6107,6101,113,6214,63
2021-06-28,San Bernardino,071,2135413,295008,294151,9014,303165,4928
2021-06-28,San Diego,073,3302833,283456,282417,15428,297845,3780
2021-06-28,San Francisco,075,870044,37228,37372,1291,38663,559
2021-06-28,San Joaquin,077,732212,74215,73973,3585,77558,1411
2021-06-28,San Luis Obispo,079,281455,21543,21340,751,22091,256
2021-06-28,San Mateo,081,765935,42795,42927,485,43412,540
2021-06-28,Santa Barbara,083,443738,34659,34534,1125,35659,455
2021-06-28,Santa Clara,085,1922200,119597,120377,766,121143,2103
2021-06-28,Santa Cruz,087,273765,16355,16245,801,17046,208
2021-06-28,Shasta,089,179085,12620,12642,1639,14281,203
2021-06-28,Sierra,091,2930,63,58,12,70,0
2021-06-28,Siskiyou,093,43540,1971,1896,364,2260,29
2021-06-28,Solano,095,438530,33543,33524,570,34094,267
2021-06-28,Sonoma,097,501317,31075,31137,360,31497,315
2021-06-28,Stanislaus,099,539301,57210,57047,5968,63015,1018
2021-06-28,Sutter,101,95872,9636,9682,87,9769,114
2021-06-28,Tehama,103,63373,5156,5122,582,5704,63
2021-06-28,Trinity,105,12862,494,341,96,437,3
2021-06-28,Tulare,107,460477,50479,49751,9008,58759,850
2021-06-28,Tuolumne,109,53932,4086,4121,44,4165,64
2021-06-28,Ventura,111,848112,81890,81393,3013,84406,1032
2021-06-28,Yolo,113,214977,14226,14199,267,14466,213
2021-06-28,Yuba,115,75493,6223,6207,129,6336,51
2021-06-27,Alameda,001,1643700,89563,89611,1946,91557,1259
2021-06-27,Alpine,003,1148,88,89,0,89,0
2021-06-27,Amador,005,37829,3758,3752,32,3784,46
2021-06-27,Butte,007,227075,12801,12696,1886,14582,198
2021-06-27,Calaveras,009,45235,2203,2203,13,2216,55
2021-06-27,Colusa,011,21464,1967,1974,319,2293,15
2021-06-27,Contra Costa,013,1133247,71143,70762,1305,72067,816
2021-06-27,Del Norte,015,27424,1465,1436,13,1449,8
2021-06-27,El Dorado,017,186661,10502,10418,777,11195,115
2021-06-27,Fresno,019,978130,103483,103110,8686,111796,1727
2021-06-27,Glenn,021,27897,2452,2439,565,3004,20
2021-06-27,Humboldt,023,135768,4525,4513,45,4558,49
2021-06-27,Imperial,025,180216,28784,28987,2693,31680,741
2021-06-27,Inyo,027,18085,1413,1407,12,1419,35
2021-06-27,Kern,029,883053,97974,97249,11054,108303,1348
2021-06-27,Kings,031,150075,23274,23132,1093,24225,246
2021-06-27,Lake,033,64148,3623,3581,13,3594,56
2021-06-27,Lassen,035,31185,5285,5265,115,5380,20
2021-06-27,Los Angeles,037,10098052,1214051,1207461,41079,1248540,24493
2021-06-27,Madera,039,155013,16811,16680,937,17617,240
2021-06-27,Marin,041,260295,14226,14182,259,14441,232
2021-06-27,Mariposa,043,17540,441,440,11,451,5
2021-06-27,Mendocino,045,87422,4189,4100,83,4183,49
2021-06-27,Merced,047,269075,31250,31266,1042,32308,469
2021-06-27,Modoc,049,8938,416,411,146,557,3
2021-06-27,Mono,051,14174,1267,1279,17,1296,3
2021-06-27,Monterey,053,433212,43327,43199,1842,45041,462
2021-06-27,Napa,055,140530,10023,10046,35,10081,81
2021-06-27,Nevada,057,99092,4980,4946,193,5139,72
2021-06-27,Orange,059,3164182,256809,255710,11429,267139,5123
2021-06-27,Placer,061,380077,23902,23731,1543,25274,299
2021-06-27,Plumas,063,18699,722,704,12,716,4
2021-06-27,Riverside,065,2383286,295807,292641,14000,306641,4507
2021-06-27,Sacramento,067,1510023,108522,108279,1828,110107,1675
2021-06-27,San Benito,069,59416,6101,6101,113,6214,63
2021-06-27,San Bernardino,071,2135413,294895,294115,9012,303127,4927
2021-06-27,San Diego,073,3302833,283316,282359,15402,297761,3780
2021-06-27,San Francisco,075,870044,37191,37360,1290,38650,559
2021-06-27,San Joaquin,077,732212,74179,73960,3583,77543,1411
2021-06-27,San Luis Obispo,079,281455,21536,21340,750,22090,256
2021-06-27,San Mateo,081,765935,42766,42925,482,43407,539
2021-06-27,Santa Barbara,083,443738,34645,34533,1123,35656,455
2021-06-27,Santa Clara,085,1922200,119546,120352,765,121117,2103
2021-06-27,Santa Cruz,087,273765,16346,16241,801,17042,208
2021-06-27,Shasta,089,179085,12614,12640,1638,14278,203
2021-06-27,Sierra,091,2930,63,58,12,70,0
2021-06-27,Siskiyou,093,43540,1969,1896,363,2259,29
2021-06-27,Solano,095,438530,33515,33516,570,34086,267
2021-06-27,Sonoma,097,501317,31037,31129,360,31489,315
2021-06-27,Stanislaus,099,539301,57170,57021,5965,62986,1018
2021-06-27,Sutter,101,95872,9630,9678,87,9765,114
2021-06-27,Tehama,103,63373,5152,5122,582,5704,63
2021-06-27,Trinity,105,12862,494,341,95,436,3
2021-06-27,Tulare,107,460477,50466,49749,9001,58750,850
2021-06-27,Tuolumne,109,53932,4084,4121,44,4165,64
2021-06-27,Ventura,111,848112,81856,81361,3004,84365,1032
2021-06-27,Yolo,113,214977,14211,14194,263,14457,213
2021-06-27,Yuba,115,75493,6217,6205,129,6334,51
2021-06-26,Alameda,001,1643700,89506,89560,1944,91504,1259
2021-06-26,Alpine,003,1148,88,89,0,89,0
2021-06-26,Amador,005,37829,3758,3748,32,3780,46
2021-06-26,Butte,007,227075,12797,12693,1883,14576,198
2021-06-26,Calaveras,009,45235,2201,2202,13,2215,55
2021-06-26,Colusa,011,21464,1967,1973,319,2292,15
2021-06-26,Contra Costa,013,1133247,71100,70712,1304,72016,816
2021-06-26,Del Norte,015,27424,1464,1432,13,1445,8
2021-06-26,El Dorado,017,186661,10494,10414,775,11189,115
2021-06-26,Fresno,019,978130,103463,103091,8684,111775,1727
2021-06-26,Glenn,021,27897,2450,2441,565,3006,20
2021-06-26,Humboldt,023,135768,4522,4509,45,4554,49
2021-06-26,Imperial,025,180216,28780,28970,2693,31663,741
2021-06-26,Inyo,027,18085,1413,1407,12,1419,35
2021-06-26,Kern,029,883053,97948,97239,11045,108284,1348
2021-06-26,Kings,031,150075,23270,23128,1092,24220,246
2021-06-26,Lake,033,64148,3612,3576,13,3589,56
2021-06-26,Lassen,035,31185,5282,5263,115,5378,20
2021-06-26,Los Angeles,037,10098052,1213746,1207198,41047,1248245,24490
2021-06-26,Madera,039,155013,16804,16679,936,17615,240
2021-06-26,Marin,041,260295,14217,14180,259,14439,232
2021-06-26,Mariposa,043,17540,441,440,11,451,5
2021-06-26,Mendocino,045,87422,4187,4096,83,4179,49
2021-06-26,Merced,047,269075,31244,31259,1041,32300,469
2021-06-26,Modoc,049,8938,416,411,146,557,3
2021-06-26,Mono,051,14174,1267,1279,17,1296,3
2021-06-26,Monterey,053,433212,43324,43192,1842,45034,462
2021-06-26,Napa,055,140530,10016,10043,35,10078,81
2021-06-26,Nevada,057,99092,4975,4939,193,5132,72
2021-06-26,Orange,059,3164182,256729,255640,11422,267062,5123
2021-06-26,Placer,061,380077,23888,23702,1541,25243,299
2021-06-26,Plumas,063,18699,722,704,12,716,4
2021-06-26,Riverside,065,2383286,295749,292480,13994,306474,4505
2021-06-26,Sacramento,067,1510023,108451,108179,1825,110004,1675
2021-06-26,San Benito,069,59416,6097,6100,113,6213,63
2021-06-26,San Bernardino,071,2135413,294801,294034,9008,303042,4928
2021-06-26,San Diego,073,3302833,283231,282263,15384,297647,3780
2021-06-26,San Francisco,075,870044,37159,37348,1289,38637,559
2021-06-26,San Joaquin,077,732212,74150,73928,3582,77510,1411
2021-06-26,San Luis Obispo,079,281455,21535,21330,749,22079,256
2021-06-26,San Mateo,081,765935,42746,42898,482,43380,539
2021-06-26,Santa Barbara,083,443738,34636,34525,1123,35648,455
2021-06-26,Santa Clara,085,1922200,119513,120321,765,121086,2103
2021-06-26,Santa Cruz,087,273765,16343,16239,801,17040,208
2021-06-26,Shasta,089,179085,12610,12635,1634,14269,203
2021-06-26,Sierra,091,2930,63,58,12,70,0
2021-06-26,Siskiyou,093,43540,1968,1896,362,2258,29
2021-06-26,Solano,095,438530,33497,33489,568,34057,267
2021-06-26,Sonoma,097,501317,31011,31088,360,31448,315
2021-06-26,Stanislaus,099,539301,57154,57006,5962,62968,1018
2021-06-26,Sutter,101,95872,9629,9669,87,9756,114
2021-06-26,Tehama,103,63373,5152,5119,582,5701,63
2021-06-26,Trinity,105,12862,494,341,95,436,3
2021-06-26,Tulare,107,460477,50460,49745,9001,58746,850
2021-06-26,Tuolumne,109,53932,4084,4121,44,4165,64
2021-06-26,Ventura,111,848112,81832,81352,3003,84355,1032
2021-06-26,Yolo,113,214977,14203,14184,263,14447,213
2021-06-26,Yuba,115,75493,6214,6200,129,6329,51
2021-06-25,Alameda,001,1643700,89438,89453,1942,91395,1271
2021-06-25,Alpine,003,1148,88,89,0,89,0
2021-06-25,Amador,005,37829,3757,3746,32,3778,46
2021-06-25,Butte,007,227075,12792,12682,1880,14562,198
2021-06-25,Calaveras,009,45235,2200,2201,13,2214,55
2021-06-25,Colusa,011,21464,1967,1972,319,2291,15
2021-06-25,Contra Costa,013,1133247,71064,70659,1304,71963,815
2021-06-25,Del Norte,015,27424,1464,1426,13,1439,8
2021-06-25,El Dorado,017,186661,10486,10406,772,11178,115
2021-06-25,Fresno,019,978130,103445,103073,8680,111753,1727
2021-06-25,Glenn,021,27897,2450,2441,565,3006,20
2021-06-25,Humboldt,023,135768,4516,4503,43,4546,49
2021-06-25,Imperial,025,180216,28777,28968,2693,31661,740
2021-06-25,Inyo,027,18085,1412,1406,12,1418,35
2021-06-25,Kern,029,883053,97929,97182,11041,108223,1347
2021-06-25,Kings,031,150075,23264,23118,1092,24210,246
2021-06-25,Lake,033,64148,3606,3571,13,3584,56
2021-06-25,Lassen,035,31185,5281,5259,115,5374,20
2021-06-25,Los Angeles,037,10098052,1213463,1206909,41030,1247939,24483
2021-06-25,Madera,039,155013,16801,16670,936,17606,240
2021-06-25,Marin,041,260295,14214,14179,259,14438,232
2021-06-25,Mariposa,043,17540,441,440,11,451,5
2021-06-25,Mendocino,045,87422,4184,4089,83,4172,49
2021-06-25,Merced,047,269075,31236,31256,1041,32297,467
2021-06-25,Modoc,049,8938,416,411,146,557,3
2021-06-25,Mono,051,14174,1267,1279,17,1296,3
2021-06-25,Monterey,053,433212,43319,43184,1841,45025,462
2021-06-25,Napa,055,140530,10011,10037,35,10072,81
2021-06-25,Nevada,057,99092,4972,4932,193,5125,72
2021-06-25,Orange,059,3164182,256658,255574,11420,266994,5119
2021-06-25,Placer,061,380077,23869,23672,1540,25212,299
2021-06-25,Plumas,063,18699,722,702,11,713,4
2021-06-25,Riverside,065,2383286,295681,291663,13987,305650,4490
2021-06-25,Sacramento,067,1510023,108379,108034,1822,109856,1673
2021-06-25,San Benito,069,59416,6093,6098,113,6211,63
2021-06-25,San Bernardino,071,2135413,294746,293941,9006,302947,4911
2021-06-25,San Diego,073,3302833,283171,282157,15371,297528,3779
2021-06-25,San Francisco,075,870044,37136,37338,1288,38626,559
2021-06-25,San Joaquin,077,732212,74117,73860,3580,77440,1410
2021-06-25,San Luis Obispo,079,281455,21532,21325,748,22073,256
2021-06-25,San Mateo,081,765935,42728,42849,482,43331,537
2021-06-25,Santa Barbara,083,443738,34627,34518,1122,35640,454
2021-06-25,Santa Clara,085,1922200,119493,120272,765,121037,2103
2021-06-25,Santa Cruz,087,273765,16340,16230,799,17029,208
2021-06-25,Shasta,089,179085,12600,12633,1633,14266,202
2021-06-25,Sierra,091,2930,63,58,12,70,0
2021-06-25,Siskiyou,093,43540,1967,1894,362,2256,29
2021-06-25,Solano,095,438530,33477,33449,568,34017,267
2021-06-25,Sonoma,097,501317,30988,31043,360,31403,314
2021-06-25,Stanislaus,099,539301,57138,56973,5955,62928,1018
2021-06-25,Sutter,101,95872,9622,9664,87,9751,114
2021-06-25,Tehama,103,63373,5151,5119,582,5701,63
2021-06-25,Trinity,105,12862,494,338,95,433,3
2021-06-25,Tulare,107,460477,50453,49731,8998,58729,850
2021-06-25,Tuolumne,109,53932,4083,4121,44,4165,64
2021-06-25,Ventura,111,848112,81803,81342,2997,84339,1032
2021-06-25,Yolo,113,214977,14197,14172,263,14435,213
2021-06-25,Yuba,115,75493,6210,6195,129,6324,51
2021-06-24,Alameda,001,1643700,89366,89358,1939,91297,1268
2021-06-24,Alpine,003,1148,88,89,0,89,0
2021-06-24,Amador,005,37829,3753,3745,32,3777,46
2021-06-24,Butte,007,227075,12786,12673,1878,14551,198
2021-06-24,Calaveras,009,45235,2197,2202,13,2215,55
2021-06-24,Colusa,011,21464,1966,1972,319,2291,15
2021-06-24,Contra Costa,013,1133247,71005,70590,1304,71894,813
2021-06-24,Del Norte,015,27424,1463,1421,13,1434,8
2021-06-24,El Dorado,017,186661,10479,10402,772,11174,115
2021-06-24,Fresno,019,978130,103425,103061,8678,111739,1727
2021-06-24,Glenn,021,27897,2449,2439,565,3004,20
2021-06-24,Humboldt,023,135768,4511,4493,43,4536,49
2021-06-24,Imperial,025,180216,28774,28981,2693,31674,740
2021-06-24,Inyo,027,18085,1411,1406,12,1418,35
2021-06-24,Kern,029,883053,97910,97129,11028,108157,1346
2021-06-24,Kings,031,150075,23260,23114,1091,24205,246
2021-06-24,Lake,033,64148,3600,3571,13,3584,56
2021-06-24,Lassen,035,31185,5280,5258,115,5373,20
2021-06-24,Los Angeles,037,10098052,1213138,1206590,41006,1247596,24480
2021-06-24,Madera,039,155013,16790,16662,935,17597,240
2021-06-24,Marin,041,260295,14210,14180,259,14439,232
2021-06-24,Mariposa,043,17540,441,440,11,451,5
2021-06-24,Mendocino,045,87422,4176,4085,83,4168,49
2021-06-24,Merced,047,269075,31226,31248,1040,32288,466
2021-06-24,Modoc,049,8938,416,411,146,557,3
2021-06-24,Mono,051,14174,1267,1276,17,1293,3
2021-06-24,Monterey,053,433212,43312,43180,1841,45021,451
2021-06-24,Napa,055,140530,10009,10036,35,10071,80
2021-06-24,Nevada,057,99092,4970,4927,193,5120,72
2021-06-24,Orange,059,3164182,256594,255520,11412,266932,5117
2021-06-24,Placer,061,380077,23844,23659,1538,25197,299
2021-06-24,Plumas,063,18699,721,702,11,713,4
2021-06-24,Riverside,065,2383286,295600,291067,13976,305043,4473
2021-06-24,Sacramento,067,1510023,108291,107965,1820,109785,1672
2021-06-24,San Benito,069,59416,6090,6098,113,6211,63
2021-06-24,San Bernardino,071,2135413,294675,293895,9000,302895,4898
2021-06-24,San Diego,073,3302833,283067,282053,15358,297411,3778
2021-06-24,San Francisco,075,870044,37114,37320,1286,38606,559
2021-06-24,San Joaquin,077,732212,74069,73814,3580,77394,1408
2021-06-24,San Luis Obispo,079,281455,21526,21326,748,22074,256
2021-06-24,San Mateo,081,765935,42702,42814,481,43295,542
2021-06-24,Santa Barbara,083,443738,34621,34512,1121,35633,454
2021-06-24,Santa Clara,085,1922200,119462,120274,764,121038,2103
2021-06-24,Santa Cruz,087,273765,16339,16227,799,17026,208
2021-06-24,Shasta,089,179085,12595,12629,1629,14258,202
2021-06-24,Sierra,091,2930,63,58,12,70,0
2021-06-24,Siskiyou,093,43540,1967,1892,362,2254,28
2021-06-24,Solano,095,438530,33454,33432,566,33998,267
2021-06-24,Sonoma,097,501317,30959,31020,360,31380,314
2021-06-24,Stanislaus,099,539301,57112,56946,5955,62901,1018
2021-06-24,Sutter,101,95872,9615,9660,87,9747,113
2021-06-24,Tehama,103,63373,5148,5115,582,5697,63
2021-06-24,Trinity,105,12862,493,338,95,433,3
2021-06-24,Tulare,107,460477,50442,49730,8996,58726,850
2021-06-24,Tuolumne,109,53932,4081,4120,44,4164,64
2021-06-24,Ventura,111,848112,81775,81332,2996,84328,1032
2021-06-24,Yolo,113,214977,14188,14169,260,14429,213
2021-06-24,Yuba,115,75493,6205,6195,129,6324,51
2021-06-23,Alameda,001,1643700,89294,89338,1938,91276,1266
2021-06-23,Alpine,003,1148,88,88,0,88,0
2021-06-23,Amador,005,37829,3751,3743,32,3775,46
2021-06-23,Butte,007,227075,12779,12666,1878,14544,198
2021-06-23,Calaveras,009,45235,2196,2199,13,2212,55
2021-06-23,Colusa,011,21464,1965,1972,319,2291,15
2021-06-23,Contra Costa,013,1133247,70940,70526,1303,71829,813
2021-06-23,Del Norte,015,27424,1459,1418,13,1431,8
2021-06-23,El Dorado,017,186661,10469,10395,769,11164,115
2021-06-23,Fresno,019,978130,103396,103020,8676,111696,1724
2021-06-23,Glenn,021,27897,2449,2437,564,3001,20
2021-06-23,Humboldt,023,135768,4502,4490,43,4533,48
2021-06-23,Imperial,025,180216,28767,28908,2693,31601,740
2021-06-23,Inyo,027,18085,1411,1406,12,1418,35
2021-06-23,Kern,029,883053,97882,97078,11015,108093,1345
2021-06-23,Kings,031,150075,23253,23105,1089,24194,245
2021-06-23,Lake,033,64148,3591,3566,13,3579,53
2021-06-23,Lassen,035,31185,5277,5257,115,5372,20
2021-06-23,Los Angeles,037,10098052,1212801,1206358,40996,1247354,24472
2021-06-23,Madera,039,155013,16783,16660,935,17595,240
2021-06-23,Marin,041,260295,14204,14177,259,14436,230
2021-06-23,Mariposa,043,17540,441,439,11,450,5
2021-06-23,Mendocino,045,87422,4172,4078,83,4161,49
2021-06-23,Merced,047,269075,31217,31260,1040,32300,465
2021-06-23,Modoc,049,8938,414,407,146,553,3
2021-06-23,Mono,051,14174,1267,1279,17,1296,3
2021-06-23,Monterey,053,433212,43303,43166,1841,45007,439
2021-06-23,Napa,055,140530,10000,10032,35,10067,80
2021-06-23,Nevada,057,99092,4967,4924,193,5117,72
2021-06-23,Orange,059,3164182,256528,255479,11404,266883,5116
2021-06-23,Placer,061,380077,23815,23630,1533,25163,299
2021-06-23,Plumas,063,18699,720,701,11,712,4
2021-06-23,Riverside,065,2383286,295517,290343,13974,304317,4462
2021-06-23,Sacramento,067,1510023,108199,107868,1815,109683,1671
2021-06-23,San Benito,069,59416,6086,6097,113,6210,63
2021-06-23,San Bernardino,071,2135413,294596,293816,8995,302811,4886
2021-06-23,San Diego,073,3302833,282967,281937,15337,297274,3777
2021-06-23,San Francisco,075,870044,37090,37304,1284,38588,559
2021-06-23,San Joaquin,077,732212,74030,73764,3578,77342,1405
2021-06-23,San Luis Obispo,079,281455,21522,21323,747,22070,257
2021-06-23,San Mateo,081,765935,42686,42756,481,43237,542
2021-06-23,Santa Barbara,083,443738,34611,34505,1121,35626,454
2021-06-23,Santa Clara,085,1922200,119433,120233,764,120997,2098
2021-06-23,Santa Cruz,087,273765,16335,16215,799,17014,209
2021-06-23,Shasta,089,179085,12588,12604,1627,14231,202
2021-06-23,Sierra,091,2930,63,57,12,69,0
2021-06-23,Siskiyou,093,43540,1965,1892,362,2254,28
2021-06-23,Solano,095,438530,33410,33408,566,33974,267
2021-06-23,Sonoma,097,501317,30919,30959,358,31317,314
2021-06-23,Stanislaus,099,539301,57082,56926,5954,62880,1017
2021-06-23,Sutter,101,95872,9609,9653,87,9740,113
2021-06-23,Tehama,103,63373,5148,5119,581,5700,63
2021-06-23,Trinity,105,12862,493,338,95,433,3
2021-06-23,Tulare,107,460477,50435,49711,8993,58704,850
2021-06-23,Tuolumne,109,53932,4078,4120,44,4164,64
2021-06-23,Ventura,111,848112,81752,81312,2993,84305,1032
2021-06-23,Yolo,113,214977,14178,14161,260,14421,212
2021-06-23,Yuba,115,75493,6202,6190,129,6319,51
2021-06-22,Alameda,001,1643700,89227,89308,1938,91246,1263
2021-06-22,Alpine,003,1148,88,88,0,88,0
2021-06-22,Amador,005,37829,3748,3743,32,3775,46
2021-06-22,Butte,007,227075,12775,12662,1875,14537,198
2021-06-22,Calaveras,009,45235,2195,2198,13,2211,55
2021-06-22,Colusa,011,21464,1964,1971,319,2290,15
2021-06-22,Contra Costa,013,1133247,70884,70480,1302,71782,813
2021-06-22,Del Norte,015,27424,1456,1417,13,1430,8
2021-06-22,El Dorado,017,186661,10464,10380,768,11148,113
2021-06-22,Fresno,019,978130,103376,102996,8672,111668,1724
2021-06-22,Glenn,021,27897,2448,2435,562,2997,19
2021-06-22,Humboldt,023,135768,4492,4483,43,4526,42
2021-06-22,Imperial,025,180216,28762,28880,2693,31573,740
2021-06-22,Inyo,027,18085,1411,1405,12,1417,35
2021-06-22,Kern,029,883053,97869,97013,11011,108024,1342
2021-06-22,Kings,031,150075,23245,23098,1088,24186,245
2021-06-22,Lake,033,64148,3589,3564,13,3577,45
2021-06-22,Lassen,035,31185,5272,5254,115,5369,20
2021-06-22,Los Angeles,037,10098052,1212485,1206146,40984,1247130,24461
2021-06-22,Madera,039,155013,16778,16652,935,17587,240
2021-06-22,Marin,041,260295,14202,14174,259,14433,230
2021-06-22,Mariposa,043,17540,441,439,11,450,5
2021-06-22,Mendocino,045,87422,4166,4072,83,4155,49
2021-06-22,Merced,047,269075,31206,31267,1040,32307,464
2021-06-22,Modoc,049,8938,412,405,145,550,3
2021-06-22,Mono,051,14174,1267,1277,17,1294,3
2021-06-22,Monterey,053,433212,43300,43162,1840,45002,427
2021-06-22,Napa,055,140530,9996,10029,35,10064,80
2021-06-22,Nevada,057,99092,4961,4923,193,5116,72
2021-06-22,Orange,059,3164182,256459,255452,11393,266845,5114
2021-06-22,Placer,061,380077,23793,23603,1533,25136,299
2021-06-22,Plumas,063,18699,720,697,11,708,4
2021-06-22,Riverside,065,2383286,295456,289839,13970,303809,4456
2021-06-22,Sacramento,067,1510023,108098,107801,1810,109611,1670
2021-06-22,San Benito,069,59416,6085,6098,113,6211,63
2021-06-22,San Bernardino,071,2135413,294520,293770,8989,302759,4873
2021-06-22,San Diego,073,3302833,282863,281867,15314,297181,3771
2021-06-22,San Francisco,075,870044,37076,37287,1284,38571,556
2021-06-22,San Joaquin,077,732212,74000,73723,3576,77299,1405
2021-06-22,San Luis Obispo,079,281455,21519,21321,746,22067,257
2021-06-22,San Mateo,081,765935,42672,42725,476,43201,542
2021-06-22,Santa Barbara,083,443738,34600,34500,1120,35620,454
2021-06-22,Santa Clara,085,1922200,119401,120194,764,120958,2095
2021-06-22,Santa Cruz,087,273765,16330,16218,799,17017,209
2021-06-22,Shasta,089,179085,12577,12616,1624,14240,202
2021-06-22,Sierra,091,2930,62,57,12,69,0
2021-06-22,Siskiyou,093,43540,1965,1892,362,2254,28
2021-06-22,Solano,095,438530,33392,33397,565,33962,267
2021-06-22,Sonoma,097,501317,30879,30933,358,31291,314
2021-06-22,Stanislaus,099,539301,57066,56915,5952,62867,1017
2021-06-22,Sutter,101,95872,9602,9649,87,9736,113
2021-06-22,Tehama,103,63373,5146,5118,580,5698,63
2021-06-22,Trinity,105,12862,491,337,95,432,3
2021-06-22,Tulare,107,460477,50427,49706,8988,58694,850
2021-06-22,Tuolumne,109,53932,4076,4119,44,4163,64
2021-06-22,Ventura,111,848112,81738,81300,2992,84292,1032
2021-06-22,Yolo,113,214977,14173,14157,258,14415,212
2021-06-22,Yuba,115,75493,6198,6181,129,6310,51
2021-06-21,Alameda,001,1643700,89171,89281,1937,91218,1262
2021-06-21,Alpine,003,1148,88,88,0,88,0
2021-06-21,Amador,005,37829,3742,3742,32,3774,46
2021-06-21,Butte,007,227075,12769,12668,1873,14541,195
2021-06-21,Calaveras,009,45235,2193,2194,13,2207,55
2021-06-21,Colusa,011,21464,1963,1970,318,2288,15
2021-06-21,Contra Costa,013,1133247,70813,70439,1301,71740,813
2021-06-21,Del Norte,015,27424,1452,1416,13,1429,8
2021-06-21,El Dorado,017,186661,10458,10375,767,11142,113
2021-06-21,Fresno,019,978130,103356,102971,8669,111640,1724
2021-06-21,Glenn,021,27897,2447,2433,562,2995,19
2021-06-21,Humboldt,023,135768,4483,4478,42,4520,42
2021-06-21,Imperial,025,180216,28758,28855,2693,31548,740
2021-06-21,Inyo,027,18085,1410,1405,12,1417,35
2021-06-21,Kern,029,883053,97840,96995,11003,107998,1342
2021-06-21,Kings,031,150075,23238,23091,1085,24176,245
2021-06-21,Lake,033,64148,3583,3563,13,3576,45
2021-06-21,Lassen,035,31185,5270,5233,115,5348,19
2021-06-21,Los Angeles,037,10098052,1212190,1205994,40962,1246956,24459
2021-06-21,Madera,039,155013,16769,16647,935,17582,240
2021-06-21,Marin,041,260295,14198,14173,259,14432,230
2021-06-21,Mariposa,043,17540,441,439,11,450,5
2021-06-21,Mendocino,045,87422,4163,4085,83,4168,49
2021-06-21,Merced,047,269075,31196,31264,1039,32303,465
2021-06-21,Modoc,049,8938,412,405,145,550,3
2021-06-21,Mono,051,14174,1267,1277,17,1294,3
2021-06-21,Monterey,053,433212,43297,43157,1840,44997,427
2021-06-21,Napa,055,140530,9991,10028,35,10063,80
2021-06-21,Nevada,057,99092,4957,4921,193,5114,72
2021-06-21,Orange,059,3164182,256386,255400,11386,266786,5113
2021-06-21,Placer,061,380077,23769,23577,1533,25110,298
2021-06-21,Plumas,063,18699,718,697,11,708,4
2021-06-21,Riverside,065,2383286,295380,289797,13965,303762,4456
2021-06-21,Sacramento,067,1510023,107987,107757,1809,109566,1669
2021-06-21,San Benito,069,59416,6081,6098,113,6211,63
2021-06-21,San Bernardino,071,2135413,294433,293736,8985,302721,4850
2021-06-21,San Diego,073,3302833,282758,281811,15294,297105,3771
2021-06-21,San Francisco,075,870044,37060,37275,1283,38558,556
2021-06-21,San Joaquin,077,732212,73959,73687,3575,77262,1405
2021-06-21,San Luis Obispo,079,281455,21510,21316,746,22062,257
2021-06-21,San Mateo,081,765935,42656,42685,475,43160,542
2021-06-21,Santa Barbara,083,443738,34595,34492,1120,35612,455
2021-06-21,Santa Clara,085,1922200,119368,120192,763,120955,2093
2021-06-21,Santa Cruz,087,273765,16328,16212,799,17011,208
2021-06-21,Shasta,089,179085,12564,12617,1621,14238,201
2021-06-21,Sierra,091,2930,62,57,12,69,0
2021-06-21,Siskiyou,093,43540,1965,1892,362,2254,27
2021-06-21,Solano,095,438530,33369,33383,564,33947,266
2021-06-21,Sonoma,097,501317,30856,30912,358,31270,314
2021-06-21,Stanislaus,099,539301,57036,56891,5947,62838,1017
2021-06-21,Sutter,101,95872,9599,9649,87,9736,113
2021-06-21,Tehama,103,63373,5146,5115,579,5694,63
2021-06-21,Trinity,105,12862,491,337,95,432,3
2021-06-21,Tulare,107,460477,50416,49689,8984,58673,849
2021-06-21,Tuolumne,109,53932,4072,4119,44,4163,63
2021-06-21,Ventura,111,848112,81710,81291,2988,84279,1031
2021-06-21,Yolo,113,214977,14167,14165,258,14423,212
2021-06-21,Yuba,115,75493,6197,6172,129,6301,51
2021-06-20,Alameda,001,1643700,89106,89255,1936,91191,1263
2021-06-20,Alpine,003,1148,88,88,0,88,0
2021-06-20,Amador,005,37829,3739,3740,32,3772,46
2021-06-20,Butte,007,227075,12762,12668,1872,14540,194
2021-06-20,Calaveras,009,45235,2192,2193,13,2206,55
2021-06-20,Colusa,011,21464,1963,1970,318,2288,15
2021-06-20,Contra Costa,013,1133247,70756,70401,1299,71700,813
2021-06-20,Del Norte,015,27424,1448,1416,13,1429,8
2021-06-20,El Dorado,017,186661,10444,10372,764,11136,113
2021-06-20,Fresno,019,978130,103315,102947,8666,111613,1724
2021-06-20,Glenn,021,27897,2447,2434,562,2996,19
2021-06-20,Humboldt,023,135768,4477,4472,42,4514,42
2021-06-20,Imperial,025,180216,28749,28855,2693,31548,740
2021-06-20,Inyo,027,18085,1409,1405,12,1417,35
2021-06-20,Kern,029,883053,97819,96985,10992,107977,1342
2021-06-20,Kings,031,150075,23233,23088,1083,24171,245
2021-06-20,Lake,033,64148,3581,3563,13,3576,45
2021-06-20,Lassen,035,31185,5267,5230,115,5345,19
2021-06-20,Los Angeles,037,10098052,1211885,1205874,40954,1246828,24456
2021-06-20,Madera,039,155013,16761,16638,933,17571,240
2021-06-20,Marin,041,260295,14195,14166,259,14425,230
2021-06-20,Mariposa,043,17540,439,439,11,450,5
2021-06-20,Mendocino,045,87422,4156,4080,83,4163,49
2021-06-20,Merced,047,269075,31184,31265,1039,32304,465
2021-06-20,Modoc,049,8938,412,405,145,550,3
2021-06-20,Mono,051,14174,1267,1275,17,1292,3
2021-06-20,Monterey,053,433212,43288,43156,1839,44995,427
2021-06-20,Napa,055,140530,9984,10026,34,10060,80
2021-06-20,Nevada,057,99092,4950,4919,193,5112,72
2021-06-20,Orange,059,3164182,256322,255377,11375,266752,5113
2021-06-20,Placer,061,380077,23735,23562,1529,25091,298
2021-06-20,Plumas,063,18699,717,697,11,708,4
2021-06-20,Riverside,065,2383286,295301,289770,13954,303724,4456
2021-06-20,Sacramento,067,1510023,107875,107700,1806,109506,1669
2021-06-20,San Benito,069,59416,6081,6098,113,6211,63
2021-06-20,San Bernardino,071,2135413,294332,293713,8981,302694,4845
2021-06-20,San Diego,073,3302833,282652,281750,15272,297022,3771
2021-06-20,San Francisco,075,870044,37037,37269,1283,38552,556
2021-06-20,San Joaquin,077,732212,73914,73676,3566,77242,1405
2021-06-20,San Luis Obispo,079,281455,21508,21313,746,22059,257
2021-06-20,San Mateo,081,765935,42627,42681,475,43156,542
2021-06-20,Santa Barbara,083,443738,34586,34487,1120,35607,455
2021-06-20,Santa Clara,085,1922200,119333,120163,763,120926,2093
2021-06-20,Santa Cruz,087,273765,16323,16210,799,17009,208
2021-06-20,Shasta,089,179085,12559,12617,1619,14236,201
2021-06-20,Sierra,091,2930,62,57,12,69,0
2021-06-20,Siskiyou,093,43540,1964,1891,362,2253,27
2021-06-20,Solano,095,438530,33347,33361,562,33923,266
2021-06-20,Sonoma,097,501317,30809,30884,355,31239,314
2021-06-20,Stanislaus,099,539301,57003,56868,5946,62814,1017
2021-06-20,Sutter,101,95872,9596,9645,87,9732,113
2021-06-20,Tehama,103,63373,5142,5115,579,5694,63
2021-06-20,Trinity,105,12862,491,337,95,432,3
2021-06-20,Tulare,107,460477,50407,49685,8982,58667,849
2021-06-20,Tuolumne,109,53932,4069,4117,44,4161,63
2021-06-20,Ventura,111,848112,81694,81282,2986,84268,1031
2021-06-20,Yolo,113,214977,14160,14160,258,14418,212
2021-06-20,Yuba,115,75493,6190,6167,129,6296,51
2021-06-19,Alameda,001,1643700,89071,89202,1936,91138,1263
2021-06-19,Alpine,003,1148,88,88,0,88,0
2021-06-19,Amador,005,37829,3737,3739,32,3771,46
2021-06-19,Butte,007,227075,12758,12659,1872,14531,194
2021-06-19,Calaveras,009,45235,2192,2192,13,2205,55
2021-06-19,Colusa,011,21464,1963,1969,318,2287,15
2021-06-19,Contra Costa,013,1133247,70725,70334,1298,71632,813
2021-06-19,Del Norte,015,27424,1447,1416,13,1429,8
2021-06-19,El Dorado,017,186661,10443,10363,763,11126,113
2021-06-19,Fresno,019,978130,103302,102922,8665,111587,1724
2021-06-19,Glenn,021,27897,2446,2434,561,2995,19
2021-06-19,Humboldt,023,135768,4466,4463,42,4505,42
2021-06-19,Imperial,025,180216,28748,28813,2693,31506,740
2021-06-19,Inyo,027,18085,1409,1405,12,1417,35
2021-06-19,Kern,029,883053,97803,96966,10988,107954,1342
2021-06-19,Kings,031,150075,23230,23086,1083,24169,245
2021-06-19,Lake,033,64148,3577,3563,13,3576,45
2021-06-19,Lassen,035,31185,5266,5225,115,5340,19
2021-06-19,Los Angeles,037,10098052,1211682,1205602,40938,1246540,24454
2021-06-19,Madera,039,155013,16759,16632,933,17565,240
2021-06-19,Marin,041,260295,14187,14152,259,14411,230
2021-06-19,Mariposa,043,17540,439,439,11,450,5
2021-06-19,Mendocino,045,87422,4151,4077,83,4160,49
2021-06-19,Merced,047,269075,31182,31256,1039,32295,465
2021-06-19,Modoc,049,8938,411,402,145,547,3
2021-06-19,Mono,051,14174,1267,1275,17,1292,3
2021-06-19,Monterey,053,433212,43282,43153,1839,44992,427
2021-06-19,Napa,055,140530,9980,10025,34,10059,80
2021-06-19,Nevada,057,99092,4945,4910,193,5103,72
2021-06-19,Orange,059,3164182,256276,255329,11372,266701,5112
2021-06-19,Placer,061,380077,23719,23537,1526,25063,298
2021-06-19,Plumas,063,18699,716,697,11,708,4
2021-06-19,Riverside,065,2383286,295255,289720,13954,303674,4456
2021-06-19,Sacramento,067,1510023,107829,107631,1803,109434,1669
2021-06-19,San Benito,069,59416,6080,6098,113,6211,63
2021-06-19,San Bernardino,071,2135413,294289,293673,8979,302652,4844
2021-06-19,San Diego,073,3302833,282592,281682,15258,296940,3771
2021-06-19,San Francisco,075,870044,37024,37256,1283,38539,556
2021-06-19,San Joaquin,077,732212,73898,73652,3562,77214,1405
2021-06-19,San Luis Obispo,079,281455,21506,21308,744,22052,257
2021-06-19,San Mateo,081,765935,42609,42646,473,43119,542
2021-06-19,Santa Barbara,083,443738,34584,34472,1120,35592,455
2021-06-19,Santa Clara,085,1922200,119310,120110,762,120872,2093
2021-06-19,Santa Cruz,087,273765,16318,16206,799,17005,208
2021-06-19,Shasta,089,179085,12557,12615,1618,14233,201
2021-06-19,Sierra,091,2930,62,57,12,69,0
2021-06-19,Siskiyou,093,43540,1964,1891,362,2253,27
2021-06-19,Solano,095,438530,33337,33341,561,33902,266
2021-06-19,Sonoma,097,501317,30768,30841,355,31196,314
2021-06-19,Stanislaus,099,539301,56984,56847,5943,62790,1017
2021-06-19,Sutter,101,95872,9593,9645,87,9732,113
2021-06-19,Tehama,103,63373,5141,5115,579,5694,63
2021-06-19,Trinity,105,12862,491,337,95,432,3
2021-06-19,Tulare,107,460477,50400,49681,8977,58658,849
2021-06-19,Tuolumne,109,53932,4069,4117,44,4161,63
2021-06-19,Ventura,111,848112,81681,81270,2985,84255,1031
2021-06-19,Yolo,113,214977,14156,14156,257,14413,212
2021-06-19,Yuba,115,75493,6189,6157,129,6286,51
2021-06-18,Alameda,001,1643700,89034,89123,1936,91059,1263
2021-06-18,Alpine,003,1148,88,88,0,88,0
2021-06-18,Amador,005,37829,3737,3739,32,3771,46
2021-06-18,Butte,007,227075,12755,12653,1869,14522,194
2021-06-18,Calaveras,009,45235,2192,2191,13,2204,55
2021-06-18,Colusa,011,21464,1962,1969,318,2287,15
2021-06-18,Contra Costa,013,1133247,70683,70271,1296,71567,813
2021-06-18,Del Norte,015,27424,1447,1415,13,1428,8
2021-06-18,El Dorado,017,186661,10440,10348,761,11109,113
2021-06-18,Fresno,019,978130,103286,102894,8663,111557,1722
2021-06-18,Glenn,021,27897,2445,2430,561,2991,19
2021-06-18,Humboldt,023,135768,4458,4450,42,4492,42
2021-06-18,Imperial,025,180216,28746,28809,2693,31502,740
2021-06-18,Inyo,027,18085,1409,1405,12,1417,35
2021-06-18,Kern,029,883053,97792,96948,10982,107930,1341
2021-06-18,Kings,031,150075,23225,23082,1083,24165,245
2021-06-18,Lake,033,64148,3573,3563,13,3576,45
2021-06-18,Lassen,035,31185,5265,5224,115,5339,19
2021-06-18,Los Angeles,037,10098052,1211515,1205472,40921,1246393,24451
2021-06-18,Madera,039,155013,16753,16625,933,17558,241
2021-06-18,Marin,041,260295,14184,14147,259,14406,230
2021-06-18,Mariposa,043,17540,439,439,11,450,5
2021-06-18,Mendocino,045,87422,4146,4068,83,4151,49
2021-06-18,Merced,047,269075,31180,31262,1039,32301,464
2021-06-18,Modoc,049,8938,411,402,145,547,3
2021-06-18,Mono,051,14174,1266,1275,16,1291,3
2021-06-18,Monterey,053,433212,43279,43148,1839,44987,427
2021-06-18,Napa,055,140530,9976,10021,34,10055,80
2021-06-18,Nevada,057,99092,4937,4903,193,5096,72
2021-06-18,Orange,059,3164182,256239,255274,11369,266643,5108
2021-06-18,Placer,061,380077,23711,23500,1523,25023,298
2021-06-18,Plumas,063,18699,716,697,11,708,4
2021-06-18,Riverside,065,2383286,295206,289676,13953,303629,4457
2021-06-18,Sacramento,067,1510023,107781,107570,1803,109373,1669
2021-06-18,San Benito,069,59416,6079,6097,113,6210,63
2021-06-18,San Bernardino,071,2135413,294245,293629,8975,302604,4826
2021-06-18,San Diego,073,3302833,282516,281608,15247,296855,3771
2021-06-18,San Francisco,075,870044,37015,37246,1283,38529,556
2021-06-18,San Joaquin,077,732212,73880,73623,3560,77183,1403
2021-06-18,San Luis Obispo,079,281455,21502,21301,742,22043,257
2021-06-18,San Mateo,081,765935,42598,42630,472,43102,542
2021-06-18,Santa Barbara,083,443738,34574,34469,1120,35589,455
2021-06-18,Santa Clara,085,1922200,119289,120081,760,120841,2093
2021-06-18,Santa Cruz,087,273765,16314,16202,799,17001,208
2021-06-18,Shasta,089,179085,12553,12607,1616,14223,201
2021-06-18,Sierra,091,2930,61,57,12,69,0
2021-06-18,Siskiyou,093,43540,1964,1890,362,2252,27
2021-06-18,Solano,095,438530,33323,33323,561,33884,266
2021-06-18,Sonoma,097,501317,30750,30816,354,31170,313
2021-06-18,Stanislaus,099,539301,56969,56803,5941,62744,1012
2021-06-18,Sutter,101,95872,9590,9643,87,9730,113
2021-06-18,Tehama,103,63373,5139,5114,579,5693,63
2021-06-18,Trinity,105,12862,491,337,94,431,3
2021-06-18,Tulare,107,460477,50398,49664,8970,58634,849
2021-06-18,Tuolumne,109,53932,4066,4116,44,4160,63
2021-06-18,Ventura,111,848112,81671,81256,2980,84236,1031
2021-06-18,Yolo,113,214977,14153,14148,255,14403,212
2021-06-18,Yuba,115,75493,6183,6150,129,6279,51
2021-06-17,Alameda,001,1643700,88988,89087,1936,91023,1262
2021-06-17,Alpine,003,1148,88,88,0,88,0
2021-06-17,Amador,005,37829,3735,3731,32,3763,46
2021-06-17,Butte,007,227075,12745,12644,1868,14512,194
2021-06-17,Calaveras,009,45235,2191,2189,13,2202,55
2021-06-17,Colusa,011,21464,1961,1969,318,2287,15
2021-06-17,Contra Costa,013,1133247,70644,70190,1292,71482,810
2021-06-17,Del Norte,015,27424,1445,1413,13,1426,8
2021-06-17,El Dorado,017,186661,10430,10341,761,11102,113
2021-06-17,Fresno,019,978130,103260,102867,8659,111526,1722
2021-06-17,Glenn,021,27897,2445,2430,561,2991,19
2021-06-17,Humboldt,023,135768,4449,4438,42,4480,42
2021-06-17,Imperial,025,180216,28738,28801,2693,31494,741
2021-06-17,Inyo,027,18085,1409,1405,12,1417,35
2021-06-17,Kern,029,883053,97777,96840,10976,107816,1340
2021-06-17,Kings,031,150075,23221,23078,1082,24160,245
2021-06-17,Lake,033,64148,3570,3563,9,3572,45
2021-06-17,Lassen,035,31185,5261,5223,115,5338,19
2021-06-17,Los Angeles,037,10098052,1211300,1205301,40894,1246195,24444
2021-06-17,Madera,039,155013,16748,16618,933,17551,241
2021-06-17,Marin,041,260295,14184,14141,259,14400,229
2021-06-17,Mariposa,043,17540,439,439,11,450,5
2021-06-17,Mendocino,045,87422,4139,4054,83,4137,49
2021-06-17,Merced,047,269075,31175,31262,1039,32301,464
2021-06-17,Modoc,049,8938,410,401,145,546,3
2021-06-17,Mono,051,14174,1265,1275,16,1291,3
2021-06-17,Monterey,053,433212,43271,43140,1839,44979,416
2021-06-17,Napa,055,140530,9976,10014,34,10048,80
2021-06-17,Nevada,057,99092,4933,4898,193,5091,72
2021-06-17,Orange,059,3164182,256193,255240,11359,266599,5109
2021-06-17,Placer,061,380077,23695,23461,1521,24982,298
2021-06-17,Plumas,063,18699,715,697,11,708,4
2021-06-17,Riverside,065,2383286,295152,289627,13951,303578,4458
2021-06-17,Sacramento,067,1510023,107717,107492,1801,109293,1666
2021-06-17,San Benito,069,59416,6079,6097,113,6210,63
2021-06-17,San Bernardino,071,2135413,294204,293560,8975,302535,4811
2021-06-17,San Diego,073,3302833,282440,281531,15233,296764,3771
2021-06-17,San Francisco,075,870044,37004,37243,1282,38525,556
2021-06-17,San Joaquin,077,732212,73857,73560,3555,77115,1403
2021-06-17,San Luis Obispo,079,281455,21500,21297,742,22039,257
2021-06-17,San Mateo,081,765935,42592,42615,472,43087,542
2021-06-17,Santa Barbara,083,443738,34568,34466,1120,35586,453
2021-06-17,Santa Clara,085,1922200,119264,120032,759,120791,2093
2021-06-17,Santa Cruz,087,273765,16310,16197,799,16996,208
2021-06-17,Shasta,089,179085,12545,12597,1616,14213,201
2021-06-17,Sierra,091,2930,61,56,12,68,0
2021-06-17,Siskiyou,093,43540,1963,1889,362,2251,27
2021-06-17,Solano,095,438530,33302,33296,560,33856,266
2021-06-17,Sonoma,097,501317,30720,30793,354,31147,323
2021-06-17,Stanislaus,099,539301,56938,56752,5936,62688,1012
2021-06-17,Sutter,101,95872,9587,9629,87,9716,113
2021-06-17,Tehama,103,63373,5138,5112,577,5689,63
2021-06-17,Trinity,105,12862,490,337,94,431,3
2021-06-17,Tulare,107,460477,50393,49649,8962,58611,849
2021-06-17,Tuolumne,109,53932,4065,4116,44,4160,63
2021-06-17,Ventura,111,848112,81662,81248,2977,84225,1030
2021-06-17,Yolo,113,214977,14145,14141,255,14396,212
2021-06-17,Yuba,115,75493,6174,6140,129,6269,51
2021-06-16,Alameda,001,1643700,88939,89045,1935,90980,1265
2021-06-16,Alpine,003,1148,88,88,0,88,0
2021-06-16,Amador,005,37829,3734,3730,32,3762,46
2021-06-16,Butte,007,227075,12743,12635,1866,14501,194
2021-06-16,Calaveras,009,45235,2189,2188,13,2201,55
2021-06-16,Colusa,011,21464,1961,1967,318,2285,15
2021-06-16,Contra Costa,013,1133247,70592,70136,1291,71427,810
2021-06-16,Del Norte,015,27424,1442,1413,13,1426,8
2021-06-16,El Dorado,017,186661,10424,10334,760,11094,113
2021-06-16,Fresno,019,978130,103229,102842,8655,111497,1722
2021-06-16,Glenn,021,27897,2445,2430,561,2991,19
2021-06-16,Humboldt,023,135768,4440,4427,41,4468,42
2021-06-16,Imperial,025,180216,28735,28796,2693,31489,741
2021-06-16,Inyo,027,18085,1408,1405,12,1417,35
2021-06-16,Kern,029,883053,97755,96789,10969,107758,1339
2021-06-16,Kings,031,150075,23220,23072,1081,24153,245
2021-06-16,Lake,033,64148,3570,3562,9,3571,45
2021-06-16,Lassen,035,31185,5258,5216,115,5331,19
2021-06-16,Los Angeles,037,10098052,1211076,1205102,40884,1245986,24439
2021-06-16,Madera,039,155013,16744,16603,933,17536,240
2021-06-16,Marin,041,260295,14182,14137,259,14396,229
2021-06-16,Mariposa,043,17540,439,437,11,448,5
2021-06-16,Mendocino,045,87422,4131,4041,83,4124,49
2021-06-16,Merced,047,269075,31167,31250,1039,32289,463
2021-06-16,Modoc,049,8938,409,383,144,527,3
2021-06-16,Mono,051,14174,1265,1275,16,1291,3
2021-06-16,Monterey,053,433212,43268,43122,1839,44961,416
2021-06-16,Napa,055,140530,9972,10011,34,10045,80
2021-06-16,Nevada,057,99092,4928,4894,193,5087,72
2021-06-16,Orange,059,3164182,256139,255188,11351,266539,5109
2021-06-16,Placer,061,380077,23685,23425,1517,24942,298
2021-06-16,Plumas,063,18699,715,697,11,708,4
2021-06-16,Riverside,065,2383286,295091,289539,13949,303488,4457
2021-06-16,Sacramento,067,1510023,107647,107422,1797,109219,1665
2021-06-16,San Benito,069,59416,6079,6090,113,6203,63
2021-06-16,San Bernardino,071,2135413,294155,293499,8973,302472,4797
2021-06-16,San Diego,073,3302833,282361,281423,15220,296643,3770
2021-06-16,San Francisco,075,870044,36991,37222,1280,38502,555
2021-06-16,San Joaquin,077,732212,73819,73530,3551,77081,1399
2021-06-16,San Luis Obispo,079,281455,21495,21294,742,22036,257
2021-06-16,San Mateo,081,765935,42576,42601,472,43073,542
2021-06-16,Santa Barbara,083,443738,34562,34459,1120,35579,460
2021-06-16,Santa Clara,085,1922200,119232,119982,759,120741,2087
2021-06-16,Santa Cruz,087,273765,16307,16187,799,16986,208
2021-06-16,Shasta,089,179085,12540,12592,1615,14207,200
2021-06-16,Sierra,091,2930,61,56,12,68,0
2021-06-16,Siskiyou,093,43540,1962,1886,362,2248,26
2021-06-16,Solano,095,438530,33274,33276,560,33836,266
2021-06-16,Sonoma,097,501317,30684,30741,354,31095,323
2021-06-16,Stanislaus,099,539301,56907,56738,5934,62672,984
2021-06-16,Sutter,101,95872,9583,9620,87,9707,113
2021-06-16,Tehama,103,63373,5136,5106,577,5683,63
2021-06-16,Trinity,105,12862,489,332,94,426,3
2021-06-16,Tulare,107,460477,50388,49578,8958,58536,849
2021-06-16,Tuolumne,109,53932,4065,4110,44,4154,63
2021-06-16,Ventura,111,848112,81648,81229,2975,84204,1029
2021-06-16,Yolo,113,214977,14136,14135,254,14389,212
2021-06-16,Yuba,115,75493,6164,6134,129,6263,51
2021-06-15,Alameda,001,1643700,88897,89008,1935,90943,1262
2021-06-15,Alpine,003,1148,88,88,0,88,0
2021-06-15,Amador,005,37829,3731,3723,32,3755,46
2021-06-15,Butte,007,227075,12735,12620,1865,14485,194
2021-06-15,Calaveras,009,45235,2188,2188,13,2201,55
2021-06-15,Colusa,011,21464,1961,1967,316,2283,15
2021-06-15,Contra Costa,013,1133247,70530,70101,1291,71392,810
2021-06-15,Del Norte,015,27424,1441,1411,13,1424,8
2021-06-15,El Dorado,017,186661,10415,10330,760,11090,113
2021-06-15,Fresno,019,978130,103197,102828,8654,111482,1722
2021-06-15,Glenn,021,27897,2444,2426,561,2987,19
2021-06-15,Humboldt,023,135768,4431,4414,40,4454,42
2021-06-15,Imperial,025,180216,28729,28789,2693,31482,741
2021-06-15,Inyo,027,18085,1408,1405,12,1417,35
2021-06-15,Kern,029,883053,97727,96782,10961,107743,1338
2021-06-15,Kings,031,150075,23214,23070,1079,24149,245
2021-06-15,Lake,033,64148,3569,3559,9,3568,45
2021-06-15,Lassen,035,31185,5257,5211,115,5326,19
2021-06-15,Los Angeles,037,10098052,1210851,1204926,40876,1245802,24435
2021-06-15,Madera,039,155013,16737,16600,932,17532,240
2021-06-15,Marin,041,260295,14174,14135,259,14394,229
2021-06-15,Mariposa,043,17540,439,437,11,448,5
2021-06-15,Mendocino,045,87422,4124,4034,83,4117,49
2021-06-15,Merced,047,269075,31161,31244,1039,32283,461
2021-06-15,Modoc,049,8938,408,383,144,527,3
2021-06-15,Mono,051,14174,1265,1275,16,1291,3
2021-06-15,Monterey,053,433212,43262,43118,1839,44957,416
2021-06-15,Napa,055,140530,9970,10010,34,10044,80
2021-06-15,Nevada,057,99092,4925,4888,193,5081,72
2021-06-15,Orange,059,3164182,256098,255127,11342,266469,5105
2021-06-15,Placer,061,380077,23663,23396,1516,24912,298
2021-06-15,Plumas,063,18699,714,697,11,708,4
2021-06-15,Riverside,065,2383286,295031,289508,13945,303453,4455
2021-06-15,Sacramento,067,1510023,107572,107370,1791,109161,1662
2021-06-15,San Benito,069,59416,6078,6089,113,6202,63
2021-06-15,San Bernardino,071,2135413,294105,293463,8967,302430,4790
2021-06-15,San Diego,073,3302833,282277,281375,15205,296580,3770
2021-06-15,San Francisco,075,870044,36982,37210,1279,38489,555
2021-06-15,San Joaquin,077,732212,73779,73494,3546,77040,1399
2021-06-15,San Luis Obispo,079,281455,21490,21293,741,22034,257
2021-06-15,San Mateo,081,765935,42563,42593,472,43065,543
2021-06-15,Santa Barbara,083,443738,34557,34451,1120,35571,460
2021-06-15,Santa Clara,085,1922200,119194,119963,759,120722,2086
2021-06-15,Santa Cruz,087,273765,16301,16180,798,16978,208
2021-06-15,Shasta,089,179085,12534,12583,1615,14198,201
2021-06-15,Sierra,091,2930,60,55,12,67,0
2021-06-15,Siskiyou,093,43540,1961,1887,362,2249,26
2021-06-15,Solano,095,438530,33255,33264,560,33824,266
2021-06-15,Sonoma,097,501317,30645,30707,353,31060,323
2021-06-15,Stanislaus,099,539301,56879,56724,5931,62655,979
2021-06-15,Sutter,101,95872,9574,9616,87,9703,113
2021-06-15,Tehama,103,63373,5134,5102,577,5679,63
2021-06-15,Trinity,105,12862,488,332,93,425,3
2021-06-15,Tulare,107,460477,50382,49561,8955,58516,848
2021-06-15,Tuolumne,109,53932,4065,4111,44,4155,63
2021-06-15,Ventura,111,848112,81637,81215,2972,84187,1029
2021-06-15,Yolo,113,214977,14132,14127,252,14379,212
2021-06-15,Yuba,115,75493,6153,6130,129,6259,51
2021-06-14,Alameda,001,1643700,88849,88966,1935,90901,1264
2021-06-14,Alpine,003,1148,88,88,0,88,0
2021-06-14,Amador,005,37829,3730,3722,32,3754,46
2021-06-14,Butte,007,227075,12724,12613,1861,14474,194
2021-06-14,Calaveras,009,45235,2187,2190,13,2203,55
2021-06-14,Colusa,011,21464,1960,1966,316,2282,15
2021-06-14,Contra Costa,013,1133247,70477,70069,1289,71358,810
2021-06-14,Del Norte,015,27424,1441,1411,13,1424,8
2021-06-14,El Dorado,017,186661,10406,10327,758,11085,113
2021-06-14,Fresno,019,978130,103175,102812,8652,111464,1719
2021-06-14,Glenn,021,27897,2444,2426,561,2987,19
2021-06-14,Humboldt,023,135768,4423,4407,39,4446,42
2021-06-14,Imperial,025,180216,28717,28836,2693,31529,741
2021-06-14,Inyo,027,18085,1407,1405,12,1417,35
2021-06-14,Kern,029,883053,97707,96760,10951,107711,1337
2021-06-14,Kings,031,150075,23211,23071,1078,24149,245
2021-06-14,Lake,033,64148,3568,3557,9,3566,45
2021-06-14,Lassen,035,31185,5254,5209,114,5323,19
2021-06-14,Los Angeles,037,10098052,1210609,1204748,40866,1245614,24434
2021-06-14,Madera,039,155013,16731,16597,931,17528,240
2021-06-14,Marin,041,260295,14172,14133,259,14392,229
2021-06-14,Mariposa,043,17540,438,437,11,448,5
2021-06-14,Mendocino,045,87422,4118,4028,83,4111,49
2021-06-14,Merced,047,269075,31152,31241,1038,32279,461
2021-06-14,Modoc,049,8938,399,382,142,524,3
2021-06-14,Mono,051,14174,1265,1275,16,1291,3
2021-06-14,Monterey,053,433212,43259,43110,1839,44949,415
2021-06-14,Napa,055,140530,9966,10000,34,10034,80
2021-06-14,Nevada,057,99092,4918,4885,193,5078,72
2021-06-14,Orange,059,3164182,256060,255069,11338,266407,5103
2021-06-14,Placer,061,380077,23638,23379,1515,24894,298
2021-06-14,Plumas,063,18699,714,696,11,707,4
2021-06-14,Riverside,065,2383286,294977,289476,13945,303421,4453
2021-06-14,Sacramento,067,1510023,107518,107334,1785,109119,1661
2021-06-14,San Benito,069,59416,6078,6087,113,6200,63
2021-06-14,San Bernardino,071,2135413,294049,293446,8963,302409,4790
2021-06-14,San Diego,073,3302833,282171,281314,15185,296499,3770
2021-06-14,San Francisco,075,870044,36969,37206,1279,38485,555
2021-06-14,San Joaquin,077,732212,73750,73453,3546,76999,1398
2021-06-14,San Luis Obispo,079,281455,21488,21302,741,22043,256
2021-06-14,San Mateo,081,765935,42550,42619,471,43090,543
2021-06-14,Santa Barbara,083,443738,34554,34449,1120,35569,460
2021-06-14,Santa Clara,085,1922200,119163,119957,758,120715,2085
2021-06-14,Santa Cruz,087,273765,16298,16175,798,16973,208
2021-06-14,Shasta,089,179085,12523,12561,1612,14173,201
2021-06-14,Sierra,091,2930,59,55,12,67,0
2021-06-14,Siskiyou,093,43540,1961,1886,362,2248,26
2021-06-14,Solano,095,438530,33238,33243,559,33802,266
2021-06-14,Sonoma,097,501317,30613,30679,352,31031,323
2021-06-14,Stanislaus,099,539301,56842,56689,5928,62617,975
2021-06-14,Sutter,101,95872,9571,9607,87,9694,112
2021-06-14,Tehama,103,63373,5132,5102,577,5679,63
2021-06-14,Trinity,105,12862,488,332,93,425,3
2021-06-14,Tulare,107,460477,50377,49538,8952,58490,848
2021-06-14,Tuolumne,109,53932,4062,4108,44,4152,63
2021-06-14,Ventura,111,848112,81627,81209,2972,84181,1028
2021-06-14,Yolo,113,214977,14124,14123,252,14375,212
2021-06-14,Yuba,115,75493,6146,6127,129,6256,50
2021-06-13,Alameda,001,1643700,88792,88947,1934,90881,1264
2021-06-13,Alpine,003,1148,87,88,0,88,0
2021-06-13,Amador,005,37829,3726,3721,32,3753,46
2021-06-13,Butte,007,227075,12713,12586,1858,14444,194
2021-06-13,Calaveras,009,45235,2187,2189,13,2202,55
2021-06-13,Colusa,011,21464,1960,1965,315,2280,15
2021-06-13,Contra Costa,013,1133247,70423,70040,1287,71327,810
2021-06-13,Del Norte,015,27424,1439,1412,13,1425,8
2021-06-13,El Dorado,017,186661,10397,10324,758,11082,113
2021-06-13,Fresno,019,978130,103145,102795,8647,111442,1719
2021-06-13,Glenn,021,27897,2443,2425,559,2984,19
2021-06-13,Humboldt,023,135768,4410,4401,39,4440,42
2021-06-13,Imperial,025,180216,28708,28800,2693,31493,741
2021-06-13,Inyo,027,18085,1407,1405,12,1417,35
2021-06-13,Kern,029,883053,97683,96743,10939,107682,1337
2021-06-13,Kings,031,150075,23206,23069,1077,24146,245
2021-06-13,Lake,033,64148,3568,3556,9,3565,45
2021-06-13,Lassen,035,31185,5249,5209,114,5323,19
2021-06-13,Los Angeles,037,10098052,1210341,1204614,40855,1245469,24433
2021-06-13,Madera,039,155013,16717,16590,931,17521,240
2021-06-13,Marin,041,260295,14166,14126,259,14385,229
2021-06-13,Mariposa,043,17540,438,434,11,445,5
2021-06-13,Mendocino,045,87422,4111,4026,83,4109,49
2021-06-13,Merced,047,269075,31146,31240,1037,32277,461
2021-06-13,Modoc,049,8938,397,382,140,522,3
2021-06-13,Mono,051,14174,1265,1275,16,1291,3
2021-06-13,Monterey,053,433212,43251,43108,1839,44947,415
2021-06-13,Napa,055,140530,9960,9995,34,10029,80
2021-06-13,Nevada,057,99092,4913,4883,193,5076,72
2021-06-13,Orange,059,3164182,256005,255043,11335,266378,5103
2021-06-13,Placer,061,380077,23612,23365,1513,24878,295
2021-06-13,Plumas,063,18699,713,696,11,707,4
2021-06-13,Riverside,065,2383286,294910,289447,13942,303389,4453
2021-06-13,Sacramento,067,1510023,107442,107289,1782,109071,1658
2021-06-13,San Benito,069,59416,6078,6086,113,6199,63
2021-06-13,San Bernardino,071,2135413,293997,293416,8958,302374,4788
2021-06-13,San Diego,073,3302833,282092,281268,15169,296437,3770
2021-06-13,San Francisco,075,870044,36957,37197,1279,38476,555
2021-06-13,San Joaquin,077,732212,73715,73438,3544,76982,1398
2021-06-13,San Luis Obispo,079,281455,21482,21298,740,22038,256
2021-06-13,San Mateo,081,765935,42537,42611,471,43082,542
2021-06-13,Santa Barbara,083,443738,34543,34449,1119,35568,460
2021-06-13,Santa Clara,085,1922200,119139,119946,758,120704,2085
2021-06-13,Santa Cruz,087,273765,16291,16172,798,16970,208
2021-06-13,Shasta,089,179085,12514,12560,1611,14171,201
2021-06-13,Sierra,091,2930,59,55,12,67,0
2021-06-13,Siskiyou,093,43540,1960,1885,362,2247,26
2021-06-13,Solano,095,438530,33217,33234,559,33793,266
2021-06-13,Sonoma,097,501317,30578,30663,350,31013,323
2021-06-13,Stanislaus,099,539301,56816,56671,5925,62596,975
2021-06-13,Sutter,101,95872,9564,9603,87,9690,112
2021-06-13,Tehama,103,63373,5130,5100,577,5677,63
2021-06-13,Trinity,105,12862,487,332,93,425,3
2021-06-13,Tulare,107,460477,50368,49537,8947,58484,848
2021-06-13,Tuolumne,109,53932,4060,4107,43,4150,63
2021-06-13,Ventura,111,848112,81613,81201,2972,84173,1028
2021-06-13,Yolo,113,214977,14115,14120,250,14370,212
2021-06-13,Yuba,115,75493,6139,6125,129,6254,50
2021-06-12,Alameda,001,1643700,88765,88901,1934,90835,1271
2021-06-12,Alpine,003,1148,87,88,0,88,0
2021-06-12,Amador,005,37829,3725,3721,32,3753,46
2021-06-12,Butte,007,227075,12709,12576,1858,14434,194
2021-06-12,Calaveras,009,45235,2187,2189,13,2202,55
2021-06-12,Colusa,011,21464,1960,1965,315,2280,15
2021-06-12,Contra Costa,013,1133247,70392,69989,1285,71274,810
2021-06-12,Del Norte,015,27424,1439,1412,13,1425,8
2021-06-12,El Dorado,017,186661,10392,10320,757,11077,113
2021-06-12,Fresno,019,978130,103135,102783,8646,111429,1720
2021-06-12,Glenn,021,27897,2441,2425,559,2984,19
2021-06-12,Humboldt,023,135768,4402,4396,39,4435,42
2021-06-12,Imperial,025,180216,28705,28799,2693,31492,741
2021-06-12,Inyo,027,18085,1407,1405,12,1417,35
2021-06-12,Kern,029,883053,97668,96731,10935,107666,1337
2021-06-12,Kings,031,150075,23204,23067,1077,24144,245
2021-06-12,Lake,033,64148,3567,3552,9,3561,45
2021-06-12,Lassen,035,31185,5249,5208,114,5322,19
2021-06-12,Los Angeles,037,10098052,1210201,1204439,40849,1245288,24434
2021-06-12,Madera,039,155013,16713,16586,931,17517,240
2021-06-12,Marin,041,260295,14163,14121,259,14380,229
2021-06-12,Mariposa,043,17540,438,434,11,445,5
2021-06-12,Mendocino,045,87422,4108,4024,83,4107,49
2021-06-12,Merced,047,269075,31143,31236,1037,32273,461
2021-06-12,Modoc,049,8938,396,382,140,522,3
2021-06-12,Mono,051,14174,1265,1275,16,1291,3
2021-06-12,Monterey,053,433212,43246,43103,1839,44942,415
2021-06-12,Napa,055,140530,9956,9986,34,10020,80
2021-06-12,Nevada,057,99092,4907,4878,193,5071,72
2021-06-12,Orange,059,3164182,255973,255004,11333,266337,5103
2021-06-12,Placer,061,380077,23593,23345,1513,24858,295
2021-06-12,Plumas,063,18699,713,696,11,707,4
2021-06-12,Riverside,065,2383286,294868,289413,13939,303352,4453
2021-06-12,Sacramento,067,1510023,107383,107199,1779,108978,1658
2021-06-12,San Benito,069,59416,6076,6083,113,6196,63
2021-06-12,San Bernardino,071,2135413,293962,293375,8956,302331,4788
2021-06-12,San Diego,073,3302833,282035,281203,15160,296363,3770
2021-06-12,San Francisco,075,870044,36947,37189,1279,38468,555
2021-06-12,San Joaquin,077,732212,73696,73413,3543,76956,1398
2021-06-12,San Luis Obispo,079,281455,21479,21293,740,22033,256
2021-06-12,San Mateo,081,765935,42531,42604,471,43075,542
2021-06-12,Santa Barbara,083,443738,34538,34450,1119,35569,460
2021-06-12,Santa Clara,085,1922200,119099,119894,758,120652,2085
2021-06-12,Santa Cruz,087,273765,16283,16170,798,16968,208
2021-06-12,Shasta,089,179085,12511,12556,1610,14166,201
2021-06-12,Sierra,091,2930,59,55,12,67,0
2021-06-12,Siskiyou,093,43540,1959,1884,362,2246,25
2021-06-12,Solano,095,438530,33208,33219,559,33778,266
2021-06-12,Sonoma,097,501317,30549,30647,350,30997,323
2021-06-12,Stanislaus,099,539301,56799,56649,5924,62573,974
2021-06-12,Sutter,101,95872,9560,9603,87,9690,112
2021-06-12,Tehama,103,63373,5130,5099,576,5675,63
2021-06-12,Trinity,105,12862,487,332,93,425,3
2021-06-12,Tulare,107,460477,50363,49533,8940,58473,848
2021-06-12,Tuolumne,109,53932,4059,4105,43,4148,63
2021-06-12,Ventura,111,848112,81601,81197,2972,84169,1028
2021-06-12,Yolo,113,214977,14112,14118,249,14367,212
2021-06-12,Yuba,115,75493,6134,6120,129,6249,50
2021-06-11,Alameda,001,1643700,88737,88844,1934,90778,1278
2021-06-11,Alpine,003,1148,87,88,0,88,0
2021-06-11,Amador,005,37829,3724,3710,32,3742,46
2021-06-11,Butte,007,227075,12705,12576,1856,14432,194
2021-06-11,Calaveras,009,45235,2187,2188,13,2201,55
2021-06-11,Colusa,011,21464,1959,1964,315,2279,15
2021-06-11,Contra Costa,013,1133247,70359,69940,1283,71223,808
2021-06-11,Del Norte,015,27424,1439,1409,13,1422,8
2021-06-11,El Dorado,017,186661,10389,10316,757,11073,113
2021-06-11,Fresno,019,978130,103116,102770,8645,111415,1720
2021-06-11,Glenn,021,27897,2441,2425,559,2984,19
2021-06-11,Humboldt,023,135768,4398,4389,39,4428,42
2021-06-11,Imperial,025,180216,28700,28793,2693,31486,741
2021-06-11,Inyo,027,18085,1407,1405,12,1417,35
2021-06-11,Kern,029,883053,97656,96718,10932,107650,1340
2021-06-11,Kings,031,150075,23200,23069,1076,24145,245
2021-06-11,Lake,033,64148,3566,3550,9,3559,45
2021-06-11,Lassen,035,31185,5248,5204,114,5318,18
2021-06-11,Los Angeles,037,10098052,1210051,1204259,40834,1245093,24434
2021-06-11,Madera,039,155013,16710,16582,931,17513,240
2021-06-11,Marin,041,260295,14160,14116,259,14375,229
2021-06-11,Mariposa,043,17540,438,434,11,445,5
2021-06-11,Mendocino,045,87422,4105,4022,83,4105,49
2021-06-11,Merced,047,269075,31138,31231,1037,32268,461
2021-06-11,Modoc,049,8938,396,382,139,521,3
2021-06-11,Mono,051,14174,1265,1274,16,1290,3
2021-06-11,Monterey,053,433212,43242,43097,1839,44936,415
2021-06-11,Napa,055,140530,9953,9977,34,10011,80
2021-06-11,Nevada,057,99092,4905,4873,193,5066,72
2021-06-11,Orange,059,3164182,255939,254975,11330,266305,5101
2021-06-11,Placer,061,380077,23588,23330,1513,24843,294
2021-06-11,Plumas,063,18699,713,696,11,707,4
2021-06-11,Riverside,065,2383286,294830,289376,13934,303310,4451
2021-06-11,Sacramento,067,1510023,107323,107119,1778,108897,1659
2021-06-11,San Benito,069,59416,6075,6082,113,6195,63
2021-06-11,San Bernardino,071,2135413,293926,293335,8952,302287,4788
2021-06-11,San Diego,073,3302833,281995,281144,15153,296297,3768
2021-06-11,San Francisco,075,870044,36942,37177,1279,38456,555
2021-06-11,San Joaquin,077,732212,73679,73347,3540,76887,1397
2021-06-11,San Luis Obispo,079,281455,21478,21288,740,22028,256
2021-06-11,San Mateo,081,765935,42517,42585,471,43056,542
2021-06-11,Santa Barbara,083,443738,34535,34438,1119,35557,460
2021-06-11,Santa Clara,085,1922200,119079,119860,758,120618,2083
2021-06-11,Santa Cruz,087,273765,16275,16164,798,16962,208
2021-06-11,Shasta,089,179085,12503,12550,1608,14158,201
2021-06-11,Sierra,091,2930,59,55,12,67,0
2021-06-11,Siskiyou,093,43540,1958,1882,362,2244,25
2021-06-11,Solano,095,438530,33188,33179,558,33737,266
2021-06-11,Sonoma,097,501317,30531,30624,350,30974,323
2021-06-11,Stanislaus,099,539301,56773,56617,5920,62537,974
2021-06-11,Sutter,101,95872,9557,9600,86,9686,112
2021-06-11,Tehama,103,63373,5129,5099,576,5675,63
2021-06-11,Trinity,105,12862,487,331,93,424,3
2021-06-11,Tulare,107,460477,50357,49516,8939,58455,848
2021-06-11,Tuolumne,109,53932,4056,4104,43,4147,63
2021-06-11,Ventura,111,848112,81591,81189,2972,84161,1026
2021-06-11,Yolo,113,214977,14105,14111,245,14356,212
2021-06-11,Yuba,115,75493,6130,6113,129,6242,50
2021-06-10,Alameda,001,1643700,88693,88806,1933,90739,1275
2021-06-10,Alpine,003,1148,87,88,0,88,0
2021-06-10,Amador,005,37829,3720,3709,32,3741,46
2021-06-10,Butte,007,227075,12688,12565,1856,14421,194
2021-06-10,Calaveras,009,45235,2186,2188,13,2201,55
2021-06-10,Colusa,011,21464,1957,1964,315,2279,15
2021-06-10,Contra Costa,013,1133247,70305,69876,1283,71159,807
2021-06-10,Del Norte,015,27424,1439,1405,13,1418,8
2021-06-10,El Dorado,017,186661,10382,10314,753,11067,113
2021-06-10,Fresno,019,978130,103090,102724,8644,111368,1717
2021-06-10,Glenn,021,27897,2441,2425,559,2984,19
2021-06-10,Humboldt,023,135768,4390,4384,39,4423,42
2021-06-10,Imperial,025,180216,28694,28779,2693,31472,739
2021-06-10,Inyo,027,18085,1407,1405,12,1417,35
2021-06-10,Kern,029,883053,97642,96706,10927,107633,1336
2021-06-10,Kings,031,150075,23199,23067,1076,24143,245
2021-06-10,Lake,033,64148,3561,3550,9,3559,45
2021-06-10,Lassen,035,31185,5246,5201,114,5315,18
2021-06-10,Los Angeles,037,10098052,1209886,1204110,40818,1244928,24440
2021-06-10,Madera,039,155013,16703,16581,930,17511,240
2021-06-10,Marin,041,260295,14157,14118,259,14377,229
2021-06-10,Mariposa,043,17540,436,434,11,445,5
2021-06-10,Mendocino,045,87422,4100,4016,83,4099,48
2021-06-10,Merced,047,269075,31130,31231,1034,32265,461
2021-06-10,Modoc,049,8938,395,381,139,520,3
2021-06-10,Mono,051,14174,1264,1274,16,1290,3
2021-06-10,Monterey,053,433212,43236,43090,1839,44929,415
2021-06-10,Napa,055,140530,9952,9974,34,10008,80
2021-06-10,Nevada,057,99092,4900,4866,193,5059,72
2021-06-10,Orange,059,3164182,255910,254950,11323,266273,5097
2021-06-10,Placer,061,380077,23575,23296,1513,24809,293
2021-06-10,Plumas,063,18699,713,696,11,707,4
2021-06-10,Riverside,065,2383286,294788,289335,13929,303264,4450
2021-06-10,Sacramento,067,1510023,107261,107049,1778,108827,1658
2021-06-10,San Benito,069,59416,6075,6079,113,6192,63
2021-06-10,San Bernardino,071,2135413,293885,293281,8949,302230,4782
2021-06-10,San Diego,073,3302833,281937,281052,15136,296188,3766
2021-06-10,San Francisco,075,870044,36932,37159,1277,38436,552
2021-06-10,San Joaquin,077,732212,73645,73276,3539,76815,1393
2021-06-10,San Luis Obispo,079,281455,21475,21280,740,22020,256
2021-06-10,San Mateo,081,765935,42510,42562,471,43033,666
2021-06-10,Santa Barbara,083,443738,34531,34434,1119,35553,460
2021-06-10,Santa Clara,085,1922200,119044,119832,757,120589,2075
2021-06-10,Santa Cruz,087,273765,16274,16159,798,16957,208
2021-06-10,Shasta,089,179085,12493,12536,1608,14144,201
2021-06-10,Sierra,091,2930,58,55,12,67,0
2021-06-10,Siskiyou,093,43540,1958,1881,362,2243,25
2021-06-10,Solano,095,438530,33171,33150,557,33707,265
2021-06-10,Sonoma,097,501317,30495,30571,348,30919,323
2021-06-10,Stanislaus,099,539301,56752,56588,5916,62504,974
2021-06-10,Sutter,101,95872,9550,9594,86,9680,112
2021-06-10,Tehama,103,63373,5129,5096,576,5672,63
2021-06-10,Trinity,105,12862,487,331,93,424,3
2021-06-10,Tulare,107,460477,50349,49503,8939,58442,848
2021-06-10,Tuolumne,109,53932,4056,4100,43,4143,63
2021-06-10,Ventura,111,848112,81580,81172,2971,84143,1026
2021-06-10,Yolo,113,214977,14102,14107,245,14352,212
2021-06-10,Yuba,115,75493,6126,6112,129,6241,50
2021-06-09,Alameda,001,1643700,88649,88762,1932,90694,1271
2021-06-09,Alpine,003,1148,87,88,0,88,0
2021-06-09,Amador,005,37829,3716,3706,32,3738,46
2021-06-09,Butte,007,227075,12682,12555,1854,14409,194
2021-06-09,Calaveras,009,45235,2184,2184,13,2197,55
2021-06-09,Colusa,011,21464,1957,1962,314,2276,15
2021-06-09,Contra Costa,013,1133247,70268,69829,1282,71111,803
2021-06-09,Del Norte,015,27424,1435,1403,13,1416,8
2021-06-09,El Dorado,017,186661,10379,10312,752,11064,113
2021-06-09,Fresno,019,978130,103070,102690,8640,111330,1717
2021-06-09,Glenn,021,27897,2440,2424,559,2983,19
2021-06-09,Humboldt,023,135768,4385,4379,38,4417,42
2021-06-09,Imperial,025,180216,28691,28754,2693,31447,739
2021-06-09,Inyo,027,18085,1407,1405,12,1417,35
2021-06-09,Kern,029,883053,97628,96697,10918,107615,1328
2021-06-09,Kings,031,150075,23197,23061,1076,24137,245
2021-06-09,Lake,033,64148,3558,3541,9,3550,45
2021-06-09,Lassen,035,31185,5245,5200,114,5314,18
2021-06-09,Los Angeles,037,10098052,1209698,1203955,40805,1244760,24432
2021-06-09,Madera,039,155013,16698,16580,930,17510,240
2021-06-09,Marin,041,260295,14152,14114,259,14373,229
2021-06-09,Mariposa,043,17540,436,434,11,445,5
2021-06-09,Mendocino,045,87422,4094,4008,83,4091,47
2021-06-09,Merced,047,269075,31126,31225,1034,32259,461
2021-06-09,Modoc,049,8938,393,377,138,515,3
2021-06-09,Mono,051,14174,1264,1274,16,1290,3
2021-06-09,Monterey,053,433212,43229,43082,1839,44921,415
2021-06-09,Napa,055,140530,9946,9971,34,10005,80
2021-06-09,Nevada,057,99092,4890,4863,192,5055,72
2021-06-09,Orange,059,3164182,255866,254893,11318,266211,5080
2021-06-09,Placer,061,380077,23556,23237,1513,24750,293
2021-06-09,Plumas,063,18699,712,697,11,708,4
2021-06-09,Riverside,065,2383286,294742,289299,13927,303226,4450
2021-06-09,Sacramento,067,1510023,107198,106971,1775,108746,1657
2021-06-09,San Benito,069,59416,6072,6078,113,6191,63
2021-06-09,San Bernardino,071,2135413,293843,293222,8949,302171,4782
2021-06-09,San Diego,073,3302833,281873,280941,15124,296065,3765
2021-06-09,San Francisco,075,870044,36919,37143,1276,38419,552
2021-06-09,San Joaquin,077,732212,73619,73232,3539,76771,1392
2021-06-09,San Luis Obispo,079,281455,21474,21259,740,21999,256
2021-06-09,San Mateo,081,765935,42494,42502,470,42972,666
2021-06-09,Santa Barbara,083,443738,34520,34422,1119,35541,460
2021-06-09,Santa Clara,085,1922200,119006,119793,756,120549,2068
2021-06-09,Santa Cruz,087,273765,16271,16155,798,16953,208
2021-06-09,Shasta,089,179085,12483,12521,1606,14127,201
2021-06-09,Sierra,091,2930,57,55,12,67,0
2021-06-09,Siskiyou,093,43540,1957,1871,362,2233,25
2021-06-09,Solano,095,438530,33155,33137,556,33693,264
2021-06-09,Sonoma,097,501317,30473,30540,348,30888,323
2021-06-09,Stanislaus,099,539301,56732,56560,5913,62473,974
2021-06-09,Sutter,101,95872,9541,9586,85,9671,111
2021-06-09,Tehama,103,63373,5128,5093,576,5669,63
2021-06-09,Trinity,105,12862,486,331,93,424,3
2021-06-09,Tulare,107,460477,50345,49496,8937,58433,847
2021-06-09,Tuolumne,109,53932,4053,4100,43,4143,63
2021-06-09,Ventura,111,848112,81570,81154,2970,84124,1026
2021-06-09,Yolo,113,214977,14100,14102,244,14346,212
2021-06-09,Yuba,115,75493,6122,6109,129,6238,50
2021-06-08,Alameda,001,1643700,88601,88731,1932,90663,1267
2021-06-08,Alpine,003,1148,87,88,0,88,0
2021-06-08,Amador,005,37829,3715,3704,32,3736,46
2021-06-08,Butte,007,227075,12676,12540,1852,14392,194
2021-06-08,Calaveras,009,45235,2183,2181,13,2194,55
2021-06-08,Colusa,011,21464,1957,1961,314,2275,15
2021-06-08,Contra Costa,013,1133247,70220,69762,1281,71043,803
2021-06-08,Del Norte,015,27424,1433,1402,13,1415,8
2021-06-08,El Dorado,017,186661,10374,10306,750,11056,113
2021-06-08,Fresno,019,978130,103045,102680,8638,111318,1717
2021-06-08,Glenn,021,27897,2439,2423,559,2982,19
2021-06-08,Humboldt,023,135768,4380,4363,38,4401,42
2021-06-08,Imperial,025,180216,28682,28752,2693,31445,738
2021-06-08,Inyo,027,18085,1407,1405,12,1417,35
2021-06-08,Kern,029,883053,97609,96671,10911,107582,1325
2021-06-08,Kings,031,150075,23196,23036,1076,24112,245
2021-06-08,Lake,033,64148,3557,3540,9,3549,45
2021-06-08,Lassen,035,31185,5245,5200,114,5314,18
2021-06-08,Los Angeles,037,10098052,1209500,1203794,40793,1244587,24426
2021-06-08,Madera,039,155013,16692,16579,929,17508,240
2021-06-08,Marin,041,260295,14150,14111,258,14369,229
2021-06-08,Mariposa,043,17540,436,434,11,445,5
2021-06-08,Mendocino,045,87422,4087,4002,83,4085,47
2021-06-08,Merced,047,269075,31118,31225,1034,32259,461
2021-06-08,Modoc,049,8938,387,377,137,514,3
2021-06-08,Mono,051,14174,1264,1274,16,1290,3
2021-06-08,Monterey,053,433212,43223,43078,1838,44916,415
2021-06-08,Napa,055,140530,9942,9962,34,9996,80
2021-06-08,Nevada,057,99092,4885,4861,192,5053,72
2021-06-08,Orange,059,3164182,255824,254852,11311,266163,5078
2021-06-08,Placer,061,380077,23538,23209,1509,24718,293
2021-06-08,Plumas,063,18699,712,692,11,703,4
2021-06-08,Riverside,065,2383286,294706,289268,13919,303187,4452
2021-06-08,Sacramento,067,1510023,107136,106901,1772,108673,1654
2021-06-08,San Benito,069,59416,6070,6076,113,6189,63
2021-06-08,San Bernardino,071,2135413,293794,293186,8945,302131,4778
2021-06-08,San Diego,073,3302833,281810,280879,15115,295994,3764
2021-06-08,San Francisco,075,870044,36904,37134,1275,38409,552
2021-06-08,San Joaquin,077,732212,73575,73186,3534,76720,1390
2021-06-08,San Luis Obispo,079,281455,21468,21251,739,21990,255
2021-06-08,San Mateo,081,765935,42481,42488,470,42958,663
2021-06-08,Santa Barbara,083,443738,34516,34418,1119,35537,459
2021-06-08,Santa Clara,085,1922200,118985,119770,755,120525,2068
2021-06-08,Santa Cruz,087,273765,16268,16160,798,16958,208
2021-06-08,Shasta,089,179085,12468,12498,1606,14104,201
2021-06-08,Sierra,091,2930,57,55,12,67,0
2021-06-08,Siskiyou,093,43540,1955,1870,360,2230,21
2021-06-08,Solano,095,438530,33134,33130,556,33686,259
2021-06-08,Sonoma,097,501317,30447,30523,346,30869,323
2021-06-08,Stanislaus,099,539301,56705,56548,5911,62459,973
2021-06-08,Sutter,101,95872,9538,9581,85,9666,111
2021-06-08,Tehama,103,63373,5125,5093,576,5669,63
2021-06-08,Trinity,105,12862,486,330,92,422,3
2021-06-08,Tulare,107,460477,50334,49485,8933,58418,847
2021-06-08,Tuolumne,109,53932,4049,4099,43,4142,63
2021-06-08,Ventura,111,848112,81554,81142,2969,84111,1026
2021-06-08,Yolo,113,214977,14095,14099,243,14342,212
2021-06-08,Yuba,115,75493,6120,6103,129,6232,50
2021-06-07,Alameda,001,1643700,88544,88688,1932,90620,1267
2021-06-07,Alpine,003,1148,87,88,0,88,0
2021-06-07,Amador,005,37829,3705,3697,32,3729,46
2021-06-07,Butte,007,227075,12669,12533,1851,14384,194
2021-06-07,Calaveras,009,45235,2182,2181,13,2194,55
2021-06-07,Colusa,011,21464,1956,1960,314,2274,15
2021-06-07,Contra Costa,013,1133247,70163,69718,1280,70998,817
2021-06-07,Del Norte,015,27424,1433,1401,13,1414,8
2021-06-07,El Dorado,017,186661,10369,10305,750,11055,113
2021-06-07,Fresno,019,978130,103014,102659,8630,111289,1717
2021-06-07,Glenn,021,27897,2439,2423,559,2982,19
2021-06-07,Humboldt,023,135768,4372,4354,38,4392,42
2021-06-07,Imperial,025,180216,28680,28754,2693,31447,738
2021-06-07,Inyo,027,18085,1407,1404,12,1416,35
2021-06-07,Kern,029,883053,97593,96645,10904,107549,1324
2021-06-07,Kings,031,150075,23192,23023,1076,24099,244
2021-06-07,Lake,033,64148,3555,3540,9,3549,45
2021-06-07,Lassen,035,31185,5240,5198,114,5312,18
2021-06-07,Los Angeles,037,10098052,1209276,1203664,40779,1244443,24413
2021-06-07,Madera,039,155013,16685,16572,929,17501,240
2021-06-07,Marin,041,260295,14146,14108,257,14365,229
2021-06-07,Mariposa,043,17540,436,434,11,445,5
2021-06-07,Mendocino,045,87422,4081,3998,83,4081,47
2021-06-07,Merced,047,269075,31106,31212,1033,32245,459
2021-06-07,Modoc,049,8938,386,375,134,509,3
2021-06-07,Mono,051,14174,1264,1275,16,1291,3
2021-06-07,Monterey,053,433212,43216,43077,1838,44915,415
2021-06-07,Napa,055,140530,9934,9962,34,9996,80
2021-06-07,Nevada,057,99092,4883,4860,192,5052,72
2021-06-07,Orange,059,3164182,255784,254808,11303,266111,5073
2021-06-07,Placer,061,380077,23519,23176,1507,24683,293
2021-06-07,Plumas,063,18699,712,692,11,703,4
2021-06-07,Riverside,065,2383286,294663,289232,13915,303147,4451
2021-06-07,Sacramento,067,1510023,107060,106841,1769,108610,1655
2021-06-07,San Benito,069,59416,6069,6074,113,6187,63
2021-06-07,San Bernardino,071,2135413,293756,293129,8944,302073,4775
2021-06-07,San Diego,073,3302833,281728,280808,15102,295910,3764
2021-06-07,San Francisco,075,870044,36888,37122,1275,38397,552
2021-06-07,San Joaquin,077,732212,73530,73130,3527,76657,1388
2021-06-07,San Luis Obispo,079,281455,21455,21252,739,21991,255
2021-06-07,San Mateo,081,765935,42465,42479,470,42949,664
2021-06-07,Santa Barbara,083,443738,34510,34407,1119,35526,459
2021-06-07,Santa Clara,085,1922200,118953,119743,755,120498,2066
2021-06-07,Santa Cruz,087,273765,16267,16159,798,16957,208
2021-06-07,Shasta,089,179085,12454,12483,1601,14084,200
2021-06-07,Sierra,091,2930,57,55,12,67,0
2021-06-07,Siskiyou,093,43540,1955,1869,360,2229,21
2021-06-07,Solano,095,438530,33112,33124,555,33679,258
2021-06-07,Sonoma,097,501317,30411,30504,345,30849,323
2021-06-07,Stanislaus,099,539301,56672,56521,5909,62430,972
2021-06-07,Sutter,101,95872,9534,9571,85,9656,111
2021-06-07,Tehama,103,63373,5121,5092,574,5666,63
2021-06-07,Trinity,105,12862,486,329,92,421,3
2021-06-07,Tulare,107,460477,50328,49471,8933,58404,847
2021-06-07,Tuolumne,109,53932,4048,4098,43,4141,63
2021-06-07,Ventura,111,848112,81537,81137,2967,84104,1025
2021-06-07,Yolo,113,214977,14090,14097,242,14339,211
2021-06-07,Yuba,115,75493,6118,6099,126,6225,49
2021-06-06,Alameda,001,1643700,88506,88636,1931,90567,1267
2021-06-06,Alpine,003,1148,87,88,0,88,0
2021-06-06,Amador,005,37829,3702,3696,32,3728,46
2021-06-06,Butte,007,227075,12658,12527,1850,14377,194
2021-06-06,Calaveras,009,45235,2181,2181,13,2194,55
2021-06-06,Colusa,011,21464,1954,1959,314,2273,15
2021-06-06,Contra Costa,013,1133247,70098,69659,1278,70937,817
2021-06-06,Del Norte,015,27424,1428,1401,13,1414,8
2021-06-06,El Dorado,017,186661,10362,10294,750,11044,113
2021-06-06,Fresno,019,978130,102981,102642,8627,111269,1717
2021-06-06,Glenn,021,27897,2438,2423,559,2982,19
2021-06-06,Humboldt,023,135768,4361,4353,38,4391,42
2021-06-06,Imperial,025,180216,28674,28762,2693,31455,738
2021-06-06,Inyo,027,18085,1406,1404,12,1416,35
2021-06-06,Kern,029,883053,97575,96623,10897,107520,1324
2021-06-06,Kings,031,150075,23186,23021,1076,24097,244
2021-06-06,Lake,033,64148,3555,3535,9,3544,45
2021-06-06,Lassen,035,31185,5238,5191,114,5305,18
2021-06-06,Los Angeles,037,10098052,1209077,1203539,40765,1244304,24410
2021-06-06,Madera,039,155013,16678,16567,929,17496,240
2021-06-06,Marin,041,260295,14140,14106,256,14362,229
2021-06-06,Mariposa,043,17540,435,435,11,446,5
2021-06-06,Mendocino,045,87422,4077,3993,83,4076,47
2021-06-06,Merced,047,269075,31100,31215,1032,32247,459
2021-06-06,Modoc,049,8938,386,375,133,508,3
2021-06-06,Mono,051,14174,1264,1275,16,1291,3
2021-06-06,Monterey,053,433212,43211,43078,1838,44916,415
2021-06-06,Napa,055,140530,9928,9963,34,9997,80
2021-06-06,Nevada,057,99092,4876,4854,191,5045,72
2021-06-06,Orange,059,3164182,255748,254782,11298,266080,5073
2021-06-06,Placer,061,380077,23494,23156,1504,24660,293
2021-06-06,Plumas,063,18699,712,692,11,703,4
2021-06-06,Riverside,065,2383286,294624,289201,13909,303110,4451
2021-06-06,Sacramento,067,1510023,106974,106749,1768,108517,1655
2021-06-06,San Benito,069,59416,6063,6074,113,6187,63
2021-06-06,San Bernardino,071,2135413,293699,293117,8935,302052,4773
2021-06-06,San Diego,073,3302833,281648,280743,15085,295828,3764
2021-06-06,San Francisco,075,870044,36875,37118,1273,38391,552
2021-06-06,San Joaquin,077,732212,73498,73105,3523,76628,1388
2021-06-06,San Luis Obispo,079,281455,21452,21246,739,21985,255
2021-06-06,San Mateo,081,765935,42448,42457,470,42927,664
2021-06-06,Santa Barbara,083,443738,34506,34403,1118,35521,459
2021-06-06,Santa Clara,085,1922200,118931,119711,755,120466,2066
2021-06-06,Santa Cruz,087,273765,16266,16158,798,16956,208
2021-06-06,Shasta,089,179085,12439,12478,1598,14076,200
2021-06-06,Sierra,091,2930,57,55,12,67,0
2021-06-06,Siskiyou,093,43540,1952,1869,360,2229,21
2021-06-06,Solano,095,438530,33085,33093,555,33648,258
2021-06-06,Sonoma,097,501317,30380,30478,344,30822,323
2021-06-06,Stanislaus,099,539301,56636,56486,5906,62392,972
2021-06-06,Sutter,101,95872,9527,9567,85,9652,111
2021-06-06,Tehama,103,63373,5111,5092,572,5664,63
2021-06-06,Trinity,105,12862,486,328,92,420,3
2021-06-06,Tulare,107,460477,50319,49466,8928,58394,847
2021-06-06,Tuolumne,109,53932,4045,4097,43,4140,63
2021-06-06,Ventura,111,848112,81526,81130,2964,84094,1025
2021-06-06,Yolo,113,214977,14082,14089,241,14330,210
2021-06-06,Yuba,115,75493,6110,6096,126,6222,49
2021-06-05,Alameda,001,1643700,88473,88612,1931,90543,1268
2021-06-05,Alpine,003,1148,87,88,0,88,0
2021-06-05,Amador,005,37829,3702,3694,32,3726,46
2021-06-05,Butte,007,227075,12652,12514,1849,14363,194
2021-06-05,Calaveras,009,45235,2181,2181,13,2194,55
2021-06-05,Colusa,011,21464,1954,1959,314,2273,15
2021-06-05,Contra Costa,013,1133247,70069,69601,1278,70879,817
2021-06-05,Del Norte,015,27424,1428,1400,13,1413,8
2021-06-05,El Dorado,017,186661,10360,10288,749,11037,113
2021-06-05,Fresno,019,978130,102972,102626,8627,111253,1717
2021-06-05,Glenn,021,27897,2437,2423,559,2982,19
2021-06-05,Humboldt,023,135768,4356,4346,38,4384,42
2021-06-05,Imperial,025,180216,28671,28764,2693,31457,738
2021-06-05,Inyo,027,18085,1406,1405,12,1417,35
2021-06-05,Kern,029,883053,97562,96597,10893,107490,1324
2021-06-05,Kings,031,150075,23183,23017,1076,24093,244
2021-06-05,Lake,033,64148,3552,3534,9,3543,45
2021-06-05,Lassen,035,31185,5237,5191,114,5305,18
2021-06-05,Los Angeles,037,10098052,1208948,1203338,40754,1244092,24411
2021-06-05,Madera,039,155013,16674,16563,929,17492,240
2021-06-05,Marin,041,260295,14138,14101,256,14357,229
2021-06-05,Mariposa,043,17540,435,435,11,446,5
2021-06-05,Mendocino,045,87422,4074,3989,83,4072,47
2021-06-05,Merced,047,269075,31098,31212,1031,32243,459
2021-06-05,Modoc,049,8938,386,375,132,507,3
2021-06-05,Mono,051,14174,1264,1274,16,1290,3
2021-06-05,Monterey,053,433212,43207,43071,1837,44908,415
2021-06-05,Napa,055,140530,9923,9960,34,9994,80
2021-06-05,Nevada,057,99092,4874,4849,191,5040,72
2021-06-05,Orange,059,3164182,255724,254752,11295,266047,5069
2021-06-05,Placer,061,380077,23478,23133,1504,24637,293
2021-06-05,Plumas,063,18699,712,692,11,703,4
2021-06-05,Riverside,065,2383286,294589,289157,13905,303062,4451
2021-06-05,Sacramento,067,1510023,106922,106688,1766,108454,1655
2021-06-05,San Benito,069,59416,6061,6074,113,6187,63
2021-06-05,San Bernardino,071,2135413,293666,293081,8934,302015,4772
2021-06-05,San Diego,073,3302833,281607,280676,15072,295748,3764
2021-06-05,San Francisco,075,870044,36866,37111,1273,38384,552
2021-06-05,San Joaquin,077,732212,73482,73078,3517,76595,1388
2021-06-05,San Luis Obispo,079,281455,21449,21236,739,21975,255
2021-06-05,San Mateo,081,765935,42438,42433,470,42903,664
2021-06-05,Santa Barbara,083,443738,34503,34399,1117,35516,459
2021-06-05,Santa Clara,085,1922200,118909,119676,753,120429,2066
2021-06-05,Santa Cruz,087,273765,16266,16154,798,16952,208
2021-06-05,Shasta,089,179085,12429,12472,1597,14069,200
2021-06-05,Sierra,091,2930,57,55,12,67,0
2021-06-05,Siskiyou,093,43540,1952,1867,360,2227,21
2021-06-05,Solano,095,438530,33070,33074,555,33629,257
2021-06-05,Sonoma,097,501317,30353,30450,342,30792,323
2021-06-05,Stanislaus,099,539301,56627,56463,5904,62367,973
2021-06-05,Sutter,101,95872,9524,9559,85,9644,111
2021-06-05,Tehama,103,63373,5110,5092,571,5663,63
2021-06-05,Trinity,105,12862,486,328,92,420,3
2021-06-05,Tulare,107,460477,50313,49463,8928,58391,847
2021-06-05,Tuolumne,109,53932,4043,4098,43,4141,63
2021-06-05,Ventura,111,848112,81517,81119,2962,84081,1025
2021-06-05,Yolo,113,214977,14080,14088,241,14329,210
2021-06-05,Yuba,115,75493,6109,6087,126,6213,49
2021-06-04,Alameda,001,1643700,88446,88585,1928,90513,1263
2021-06-04,Alpine,003,1148,87,88,0,88,0
2021-06-04,Amador,005,37829,3702,3690,32,3722,46
2021-06-04,Butte,007,227075,12641,12494,1846,14340,193
2021-06-04,Calaveras,009,45235,2181,2179,13,2192,55
2021-06-04,Colusa,011,21464,1954,1959,314,2273,15
2021-06-04,Contra Costa,013,1133247,70034,69540,1275,70815,816
2021-06-04,Del Norte,015,27424,1428,1398,13,1411,8
2021-06-04,El Dorado,017,186661,10356,10284,747,11031,112
2021-06-04,Fresno,019,978130,102956,102601,8627,111228,1712
2021-06-04,Glenn,021,27897,2437,2423,558,2981,19
2021-06-04,Humboldt,023,135768,4351,4327,38,4365,42
2021-06-04,Imperial,025,180216,28667,28753,2693,31446,738
2021-06-04,Inyo,027,18085,1406,1404,12,1416,35
2021-06-04,Kern,029,883053,97544,96573,10891,107464,1327
2021-06-04,Kings,031,150075,23182,23002,1076,24078,244
2021-06-04,Lake,033,64148,3550,3528,9,3537,45
2021-06-04,Lassen,035,31185,5237,5180,114,5294,18
2021-06-04,Los Angeles,037,10098052,1208827,1203106,40745,1243851,24400
2021-06-04,Madera,039,155013,16672,16557,929,17486,240
2021-06-04,Marin,041,260295,14137,14099,255,14354,229
2021-06-04,Mariposa,043,17540,435,435,11,446,5
2021-06-04,Mendocino,045,87422,4065,3983,83,4066,47
2021-06-04,Merced,047,269075,31093,31204,1030,32234,459
2021-06-04,Modoc,049,8938,384,375,132,507,3
2021-06-04,Mono,051,14174,1264,1275,16,1291,3
2021-06-04,Monterey,053,433212,43203,43068,1837,44905,415
2021-06-04,Napa,055,140530,9919,9958,34,9992,80
2021-06-04,Nevada,057,99092,4870,4844,191,5035,72
2021-06-04,Orange,059,3164182,255687,254730,11291,266021,5059
2021-06-04,Placer,061,380077,23462,23110,1503,24613,293
2021-06-04,Plumas,063,18699,712,691,11,702,4
2021-06-04,Riverside,065,2383286,294563,289098,13901,302999,4452
2021-06-04,Sacramento,067,1510023,106868,106616,1765,108381,1654
2021-06-04,San Benito,069,59416,6059,6073,113,6186,63
2021-06-04,San Bernardino,071,2135413,293642,293056,8932,301988,4768
2021-06-04,San Diego,073,3302833,281564,280556,15065,295621,3763
2021-06-04,San Francisco,075,870044,36861,37079,1272,38351,551
2021-06-04,San Joaquin,077,732212,73463,73039,3515,76554,1388
2021-06-04,San Luis Obispo,079,281455,21446,21234,738,21972,255
2021-06-04,San Mateo,081,765935,42426,42413,470,42883,478
2021-06-04,Santa Barbara,083,443738,34497,34402,1116,35518,459
2021-06-04,Santa Clara,085,1922200,118879,119619,753,120372,2065
2021-06-04,Santa Cruz,087,273765,16263,16150,798,16948,207
2021-06-04,Shasta,089,179085,12423,12458,1592,14050,200
2021-06-04,Sierra,091,2930,57,55,12,67,0
2021-06-04,Siskiyou,093,43540,1951,1865,360,2225,21
2021-06-04,Solano,095,438530,33059,33058,555,33613,256
2021-06-04,Sonoma,097,501317,30332,30411,342,30753,323
2021-06-04,Stanislaus,099,539301,56612,56442,5902,62344,973
2021-06-04,Sutter,101,95872,9519,9554,85,9639,111
2021-06-04,Tehama,103,63373,5105,5090,571,5661,63
2021-06-04,Trinity,105,12862,486,328,92,420,3
2021-06-04,Tulare,107,460477,50304,49452,8926,58378,847
2021-06-04,Tuolumne,109,53932,4042,4095,43,4138,63
2021-06-04,Ventura,111,848112,81510,81104,2960,84064,1023
2021-06-04,Yolo,113,214977,14078,14083,241,14324,210
2021-06-04,Yuba,115,75493,6106,6084,126,6210,49
2021-06-03,Alameda,001,1643700,88408,88555,1925,90480,1257
2021-06-03,Alpine,003,1148,87,88,0,88,0
2021-06-03,Amador,005,37829,3694,3688,32,3720,46
2021-06-03,Butte,007,227075,12637,12478,1845,14323,193
2021-06-03,Calaveras,009,45235,2181,2179,13,2192,55
2021-06-03,Colusa,011,21464,1954,1957,314,2271,15
2021-06-03,Contra Costa,013,1133247,69980,69500,1270,70770,816
2021-06-03,Del Norte,015,27424,1426,1397,13,1410,8
2021-06-03,El Dorado,017,186661,10350,10284,744,11028,112
2021-06-03,Fresno,019,978130,102939,102566,8627,111193,1709
2021-06-03,Glenn,021,27897,2437,2421,558,2979,19
2021-06-03,Humboldt,023,135768,4343,4314,38,4352,42
2021-06-03,Imperial,025,180216,28656,28737,2693,31430,738
2021-06-03,Inyo,027,18085,1406,1404,12,1416,35
2021-06-03,Kern,029,883053,97517,96507,10877,107384,1326
2021-06-03,Kings,031,150075,23178,22982,1076,24058,244
2021-06-03,Lake,033,64148,3548,3526,9,3535,45
2021-06-03,Lassen,035,31185,5228,5177,114,5291,12
2021-06-03,Los Angeles,037,10098052,1208655,1202923,40737,1243660,24386
2021-06-03,Madera,039,155013,16665,16554,929,17483,240
2021-06-03,Marin,041,260295,14132,14095,255,14350,230
2021-06-03,Mariposa,043,17540,435,435,11,446,5
2021-06-03,Mendocino,045,87422,4058,3978,83,4061,47
2021-06-03,Merced,047,269075,31090,31199,1030,32229,459
2021-06-03,Modoc,049,8938,383,376,131,507,3
2021-06-03,Mono,051,14174,1264,1275,16,1291,3
2021-06-03,Monterey,053,433212,43200,43063,1837,44900,415
2021-06-03,Napa,055,140530,9912,9957,34,9991,81
2021-06-03,Nevada,057,99092,4866,4837,191,5028,72
2021-06-03,Orange,059,3164182,255659,254676,11281,265957,5056
2021-06-03,Placer,061,380077,23453,23100,1502,24602,293
2021-06-03,Plumas,063,18699,712,691,11,702,4
2021-06-03,Riverside,065,2383286,294508,289035,13897,302932,4447
2021-06-03,Sacramento,067,1510023,106789,106526,1763,108289,1654
2021-06-03,San Benito,069,59416,6059,6073,113,6186,63
2021-06-03,San Bernardino,071,2135413,293611,293021,8932,301953,4762
2021-06-03,San Diego,073,3302833,281500,280430,15055,295485,3761
2021-06-03,San Francisco,075,870044,36855,37072,1272,38344,551
2021-06-03,San Joaquin,077,732212,73435,72989,3511,76500,1388
2021-06-03,San Luis Obispo,079,281455,21441,21224,738,21962,255
2021-06-03,San Mateo,081,765935,42413,42396,470,42866,467
2021-06-03,Santa Barbara,083,443738,34494,34391,1116,35507,459
2021-06-03,Santa Clara,085,1922200,118857,119592,751,120343,2058
2021-06-03,Santa Cruz,087,273765,16261,16144,798,16942,207
2021-06-03,Shasta,089,179085,12408,12441,1589,14030,199
2021-06-03,Sierra,091,2930,57,55,12,67,0
2021-06-03,Siskiyou,093,43540,1951,1862,359,2221,21
2021-06-03,Solano,095,438530,33045,33019,555,33574,256
2021-06-03,Sonoma,097,501317,30310,30383,341,30724,322
2021-06-03,Stanislaus,099,539301,56593,56401,5896,62297,973
2021-06-03,Sutter,101,95872,9510,9539,85,9624,111
2021-06-03,Tehama,103,63373,5105,5087,571,5658,63
2021-06-03,Trinity,105,12862,486,328,92,420,3
2021-06-03,Tulare,107,460477,50301,49442,8922,58364,848
2021-06-03,Tuolumne,109,53932,4040,4095,43,4138,63
2021-06-03,Ventura,111,848112,81498,81078,2958,84036,1023
2021-06-03,Yolo,113,214977,14074,14078,239,14317,210
2021-06-03,Yuba,115,75493,6099,6077,126,6203,49
2021-06-02,Alameda,001,1643700,88363,88525,1923,90448,1254
2021-06-02,Alpine,003,1148,87,88,0,88,0
2021-06-02,Amador,005,37829,3692,3687,32,3719,46
2021-06-02,Butte,007,227075,12617,12432,1842,14274,193
2021-06-02,Calaveras,009,45235,2178,2174,13,2187,55
2021-06-02,Colusa,011,21464,1953,1957,314,2271,15
2021-06-02,Contra Costa,013,1133247,69929,69455,1268,70723,814
2021-06-02,Del Norte,015,27424,1424,1395,13,1408,8
2021-06-02,El Dorado,017,186661,10346,10275,744,11019,110
2021-06-02,Fresno,019,978130,102915,102547,8624,111171,1707
2021-06-02,Glenn,021,27897,2437,2421,558,2979,19
2021-06-02,Humboldt,023,135768,4328,4302,38,4340,42
2021-06-02,Imperial,025,180216,28650,28737,2692,31429,738
2021-06-02,Inyo,027,18085,1405,1403,12,1415,35
2021-06-02,Kern,029,883053,97490,96481,10870,107351,1326
2021-06-02,Kings,031,150075,23176,22981,1075,24056,244
2021-06-02,Lake,033,64148,3543,3522,9,3531,45
2021-06-02,Lassen,035,31185,5227,5177,114,5291,6
2021-06-02,Los Angeles,037,10098052,1208451,1202760,40728,1243488,24375
2021-06-02,Madera,039,155013,16657,16550,929,17479,240
2021-06-02,Marin,041,260295,14130,14091,254,14345,229
2021-06-02,Mariposa,043,17540,435,434,11,445,5
2021-06-02,Mendocino,045,87422,4052,3970,83,4053,47
2021-06-02,Merced,047,269075,31077,31195,1029,32224,458
2021-06-02,Modoc,049,8938,382,375,130,505,3
2021-06-02,Mono,051,14174,1264,1275,16,1291,3
2021-06-02,Monterey,053,433212,43198,43056,1837,44893,380
2021-06-02,Napa,055,140530,9911,9953,34,9987,82
2021-06-02,Nevada,057,99092,4863,4833,191,5024,72
2021-06-02,Orange,059,3164182,255610,254637,11274,265911,5055
2021-06-02,Placer,061,380077,23432,23058,1500,24558,293
2021-06-02,Plumas,063,18699,712,690,11,701,4
2021-06-02,Riverside,065,2383286,294450,289012,13887,302899,4445
2021-06-02,Sacramento,067,1510023,106724,106435,1757,108192,1649
2021-06-02,San Benito,069,59416,6058,6073,113,6186,63
2021-06-02,San Bernardino,071,2135413,293563,293004,8927,301931,4760
2021-06-02,San Diego,073,3302833,281420,280347,15034,295381,3760
2021-06-02,San Francisco,075,870044,36835,37050,1271,38321,550
2021-06-02,San Joaquin,077,732212,73404,72893,3508,76401,1387
2021-06-02,San Luis Obispo,079,281455,21434,21214,737,21951,255
2021-06-02,San Mateo,081,765935,42403,42383,469,42852,464
2021-06-02,Santa Barbara,083,443738,34487,34381,1116,35497,456
2021-06-02,Santa Clara,085,1922200,118829,119553,750,120303,2058
2021-06-02,Santa Cruz,087,273765,16258,16144,798,16942,207
2021-06-02,Shasta,089,179085,12390,12426,1584,14010,199
2021-06-02,Sierra,091,2930,57,55,12,67,0
2021-06-02,Siskiyou,093,43540,1951,1861,357,2218,21
2021-06-02,Solano,095,438530,33033,33007,554,33561,256
2021-06-02,Sonoma,097,501317,30291,30359,336,30695,322
2021-06-02,Stanislaus,099,539301,56574,56377,5891,62268,973
2021-06-02,Sutter,101,95872,9507,9533,85,9618,111
2021-06-02,Tehama,103,63373,5102,5081,571,5652,63
2021-06-02,Trinity,105,12862,484,328,92,420,3
2021-06-02,Tulare,107,460477,50293,49434,8918,58352,846
2021-06-02,Tuolumne,109,53932,4039,4095,43,4138,63
2021-06-02,Ventura,111,848112,81473,81033,2958,83991,1020
2021-06-02,Yolo,113,214977,14071,14074,238,14312,210
2021-06-02,Yuba,115,75493,6093,6072,126,6198,48
2021-06-01,Alameda,001,1643700,88328,88472,1921,90393,1253
2021-06-01,Alpine,003,1148,87,88,0,88,0
2021-06-01,Amador,005,37829,3690,3687,32,3719,46
2021-06-01,Butte,007,227075,12603,12427,1841,14268,193
2021-06-01,Calaveras,009,45235,2176,2173,13,2186,55
2021-06-01,Colusa,011,21464,1952,1955,313,2268,15
2021-06-01,Contra Costa,013,1133247,69871,69404,1268,70672,813
2021-06-01,Del Norte,015,27424,1423,1394,13,1407,8
2021-06-01,El Dorado,017,186661,10340,10271,744,11015,110
2021-06-01,Fresno,019,978130,102890,102534,8621,111155,1706
2021-06-01,Glenn,021,27897,2437,2422,558,2980,18
2021-06-01,Humboldt,023,135768,4318,4299,38,4337,42
2021-06-01,Imperial,025,180216,28646,28722,2690,31412,736
2021-06-01,Inyo,027,18085,1405,1403,12,1415,35
2021-06-01,Kern,029,883053,97463,96477,10862,107339,1319
2021-06-01,Kings,031,150075,23172,22977,1075,24052,244
2021-06-01,Lake,033,64148,3542,3523,9,3532,45
2021-06-01,Lassen,035,31185,5220,5172,114,5286,6
2021-06-01,Los Angeles,037,10098052,1208214,1202673,40714,1243387,24367
2021-06-01,Madera,039,155013,16648,16549,928,17477,240
2021-06-01,Marin,041,260295,14128,14081,254,14335,229
2021-06-01,Mariposa,043,17540,435,431,11,442,5
2021-06-01,Mendocino,045,87422,4045,3966,83,4049,47
2021-06-01,Merced,047,269075,31067,31195,1029,32224,456
2021-06-01,Modoc,049,8938,380,375,130,505,3
2021-06-01,Mono,051,14174,1264,1275,16,1291,3
2021-06-01,Monterey,053,433212,43192,43051,1837,44888,379
2021-06-01,Napa,055,140530,9909,9949,34,9983,82
2021-06-01,Nevada,057,99092,4858,4825,191,5016,72
2021-06-01,Orange,059,3164182,255574,254603,11266,265869,5051
2021-06-01,Placer,061,380077,23402,23021,1498,24519,293
2021-06-01,Plumas,063,18699,711,690,11,701,4
2021-06-01,Riverside,065,2383286,294397,288996,13881,302877,4442
2021-06-01,Sacramento,067,1510023,106652,106330,1755,108085,1644
2021-06-01,San Benito,069,59416,6057,6073,112,6185,63
2021-06-01,San Bernardino,071,2135413,293538,292990,8926,301916,4758
2021-06-01,San Diego,073,3302833,281316,280305,15017,295322,3756
2021-06-01,San Francisco,075,870044,36819,37031,1271,38302,550
2021-06-01,San Joaquin,077,732212,73372,72858,3507,76365,1383
2021-06-01,San Luis Obispo,079,281455,21429,21217,737,21954,256
2021-06-01,San Mateo,081,765935,42387,42383,468,42851,462
2021-06-01,Santa Barbara,083,443738,34483,34374,1116,35490,456
2021-06-01,Santa Clara,085,1922200,118801,119528,750,120278,2057
2021-06-01,Santa Cruz,087,273765,16254,16143,797,16940,207
2021-06-01,Shasta,089,179085,12381,12409,1579,13988,199
2021-06-01,Sierra,091,2930,57,55,12,67,0
2021-06-01,Siskiyou,093,43540,1944,1860,356,2216,21
2021-06-01,Solano,095,438530,33008,32974,553,33527,256
2021-06-01,Sonoma,097,501317,30252,30324,335,30659,322
2021-06-01,Stanislaus,099,539301,56557,56348,5889,62237,973
2021-06-01,Sutter,101,95872,9500,9528,85,9613,111
2021-06-01,Tehama,103,63373,5100,5079,571,5650,63
2021-06-01,Trinity,105,12862,483,328,91,419,3
2021-06-01,Tulare,107,460477,50285,49419,8914,58333,845
2021-06-01,Tuolumne,109,53932,4039,4094,43,4137,63
2021-06-01,Ventura,111,848112,81457,81018,2957,83975,1021
2021-06-01,Yolo,113,214977,14065,14067,238,14305,210
2021-06-01,Yuba,115,75493,6089,6067,126,6193,48
2021-05-31,Alameda,001,1643700,88292,88458,1917,90375,1253
2021-05-31,Alpine,003,1148,87,88,0,88,0
2021-05-31,Amador,005,37829,3684,3687,32,3719,46
2021-05-31,Butte,007,227075,12590,12429,1841,14270,193
2021-05-31,Calaveras,009,45235,2175,2171,13,2184,55
2021-05-31,Colusa,011,21464,1952,1956,312,2268,15
2021-05-31,Contra Costa,013,1133247,69834,69390,1267,70657,813
2021-05-31,Del Norte,015,27424,1420,1394,13,1407,8
2021-05-31,El Dorado,017,186661,10334,10271,742,11013,110
2021-05-31,Fresno,019,978130,102853,102507,8621,111128,1706
2021-05-31,Glenn,021,27897,2436,2422,557,2979,18
2021-05-31,Humboldt,023,135768,4306,4295,38,4333,42
2021-05-31,Imperial,025,180216,28640,28732,2687,31419,736
2021-05-31,Inyo,027,18085,1404,1403,12,1415,35
2021-05-31,Kern,029,883053,97427,96457,10853,107310,1319
2021-05-31,Kings,031,150075,23168,22977,1075,24052,244
2021-05-31,Lake,033,64148,3537,3523,9,3532,45
2021-05-31,Lassen,035,31185,5218,5172,113,5285,6
2021-05-31,Los Angeles,037,10098052,1207971,1202567,40705,1243272,24364
2021-05-31,Madera,039,155013,16647,16543,927,17470,240
2021-05-31,Marin,041,260295,14126,14080,254,14334,229
2021-05-31,Mariposa,043,17540,435,430,11,441,5
2021-05-31,Mendocino,045,87422,4035,3961,83,4044,47
2021-05-31,Merced,047,269075,31062,31194,1029,32223,456
2021-05-31,Modoc,049,8938,379,374,130,504,3
2021-05-31,Mono,051,14174,1264,1275,16,1291,3
2021-05-31,Monterey,053,433212,43188,43051,1837,44888,379
2021-05-31,Napa,055,140530,9902,9948,34,9982,82
2021-05-31,Nevada,057,99092,4848,4823,190,5013,72
2021-05-31,Orange,059,3164182,255546,254572,11258,265830,5051
2021-05-31,Placer,061,380077,23375,23019,1494,24513,293
2021-05-31,Plumas,063,18699,710,690,11,701,4
2021-05-31,Riverside,065,2383286,294340,288970,13869,302839,4442
2021-05-31,Sacramento,067,1510023,106556,106278,1750,108028,1644
2021-05-31,San Benito,069,59416,6057,6072,112,6184,63
2021-05-31,San Bernardino,071,2135413,293490,292973,8925,301898,4758
2021-05-31,San Diego,073,3302833,281212,280254,15005,295259,3756
2021-05-31,San Francisco,075,870044,36804,37022,1270,38292,550
2021-05-31,San Joaquin,077,732212,73323,72856,3501,76357,1383
2021-05-31,San Luis Obispo,079,281455,21421,21215,737,21952,256
2021-05-31,San Mateo,081,765935,42371,42389,468,42857,442
2021-05-31,Santa Barbara,083,443738,34470,34369,1114,35483,456
2021-05-31,Santa Clara,085,1922200,118757,119515,750,120265,2057
2021-05-31,Santa Cruz,087,273765,16251,16139,797,16936,207
2021-05-31,Shasta,089,179085,12365,12408,1576,13984,199
2021-05-31,Sierra,091,2930,57,55,12,67,0
2021-05-31,Siskiyou,093,43540,1943,1856,355,2211,21
2021-05-31,Solano,095,438530,32958,32973,553,33526,256
2021-05-31,Sonoma,097,501317,30209,30314,335,30649,322
2021-05-31,Stanislaus,099,539301,56516,56335,5886,62221,973
2021-05-31,Sutter,101,95872,9481,9523,85,9608,111
2021-05-31,Tehama,103,63373,5097,5076,570,5646,63
2021-05-31,Trinity,105,12862,483,328,91,419,3
2021-05-31,Tulare,107,460477,50274,49404,8909,58313,845
2021-05-31,Tuolumne,109,53932,4037,4095,43,4138,63
2021-05-31,Ventura,111,848112,81442,81017,2954,83971,1021
2021-05-31,Yolo,113,214977,14061,14064,238,14302,210
2021-05-31,Yuba,115,75493,6083,6063,123,6186,48
2021-05-30,Alameda,001,1643700,88269,88429,1917,90346,1253
2021-05-30,Alpine,003,1148,87,88,0,88,0
2021-05-30,Amador,005,37829,3680,3685,32,3717,46
2021-05-30,Butte,007,227075,12580,12427,1839,14266,190
2021-05-30,Calaveras,009,45235,2171,2166,13,2179,55
2021-05-30,Colusa,011,21464,1952,1954,312,2266,15
2021-05-30,Contra Costa,013,1133247,69800,69381,1265,70646,813
2021-05-30,Del Norte,015,27424,1419,1393,13,1406,8
2021-05-30,El Dorado,017,186661,10331,10271,742,11013,110
2021-05-30,Fresno,019,978130,102836,102499,8617,111116,1706
2021-05-30,Glenn,021,27897,2436,2422,556,2978,18
2021-05-30,Humboldt,023,135768,4298,4291,38,4329,42
2021-05-30,Imperial,025,180216,28636,28732,2686,31418,736
2021-05-30,Inyo,027,18085,1404,1403,12,1415,35
2021-05-30,Kern,029,883053,97411,96443,10850,107293,1319
2021-05-30,Kings,031,150075,23167,22974,1075,24049,244
2021-05-30,Lake,033,64148,3537,3517,9,3526,45
2021-05-30,Lassen,035,31185,5216,5171,113,5284,6
2021-05-30,Los Angeles,037,10098052,1207856,1202425,40698,1243123,24360
2021-05-30,Madera,039,155013,16643,16538,927,17465,240
2021-05-30,Marin,041,260295,14122,14083,253,14336,229
2021-05-30,Mariposa,043,17540,435,430,11,441,5
2021-05-30,Mendocino,045,87422,4028,3955,83,4038,47
2021-05-30,Merced,047,269075,31058,31189,1028,32217,456
2021-05-30,Modoc,049,8938,379,374,130,504,3
2021-05-30,Mono,051,14174,1264,1275,16,1291,3
2021-05-30,Monterey,053,433212,43185,43049,1837,44886,379
2021-05-30,Napa,055,140530,9901,9948,34,9982,82
2021-05-30,Nevada,057,99092,4842,4818,190,5008,72
2021-05-30,Orange,059,3164182,255523,254559,11257,265816,5051
2021-05-30,Placer,061,380077,23369,23016,1494,24510,293
2021-05-30,Plumas,063,18699,708,690,11,701,4
2021-05-30,Riverside,065,2383286,294319,288961,13867,302828,4442
2021-05-30,Sacramento,067,1510023,106510,106252,1748,108000,1644
2021-05-30,San Benito,069,59416,6057,6072,112,6184,63
2021-05-30,San Bernardino,071,2135413,293464,292981,8924,301905,4758
2021-05-30,San Diego,073,3302833,281156,280209,15000,295209,3756
2021-05-30,San Francisco,075,870044,36785,37016,1270,38286,550
2021-05-30,San Joaquin,077,732212,73306,72853,3500,76353,1383
2021-05-30,San Luis Obispo,079,281455,21412,21211,736,21947,256
2021-05-30,San Mateo,081,765935,42363,42386,468,42854,439
2021-05-30,Santa Barbara,083,443738,34466,34369,1114,35483,456
2021-05-30,Santa Clara,085,1922200,118735,119510,746,120256,2057
2021-05-30,Santa Cruz,087,273765,16249,16140,797,16937,207
2021-05-30,Shasta,089,179085,12363,12408,1573,13981,199
2021-05-30,Sierra,091,2930,57,55,12,67,0
2021-05-30,Siskiyou,093,43540,1943,1856,355,2211,21
2021-05-30,Solano,095,438530,32947,32952,552,33504,256
2021-05-30,Sonoma,097,501317,30192,30310,334,30644,322
2021-05-30,Stanislaus,099,539301,56505,56323,5885,62208,973
2021-05-30,Sutter,101,95872,9480,9519,84,9603,111
2021-05-30,Tehama,103,63373,5097,5073,570,5643,63
2021-05-30,Trinity,105,12862,483,328,91,419,3
2021-05-30,Tulare,107,460477,50267,49397,8901,58298,845
2021-05-30,Tuolumne,109,53932,4037,4094,43,4137,63
2021-05-30,Ventura,111,848112,81438,81012,2953,83965,1021
2021-05-30,Yolo,113,214977,14056,14059,237,14296,210
2021-05-30,Yuba,115,75493,6076,6063,122,6185,48
2021-05-29,Alameda,001,1643700,88246,88433,1915,90348,1253
2021-05-29,Alpine,003,1148,87,88,0,88,0
2021-05-29,Amador,005,37829,3679,3683,32,3715,46
2021-05-29,Butte,007,227075,12574,12425,1839,14264,190
2021-05-29,Calaveras,009,45235,2170,2166,13,2179,55
2021-05-29,Colusa,011,21464,1949,1954,312,2266,15
2021-05-29,Contra Costa,013,1133247,69767,69351,1265,70616,813
2021-05-29,Del Norte,015,27424,1419,1391,13,1404,8
2021-05-29,El Dorado,017,186661,10330,10269,740,11009,110
2021-05-29,Fresno,019,978130,102824,102470,8614,111084,1706
2021-05-29,Glenn,021,27897,2436,2422,555,2977,18
2021-05-29,Humboldt,023,135768,4292,4283,38,4321,42
2021-05-29,Imperial,025,180216,28633,28729,2685,31414,736
2021-05-29,Inyo,027,18085,1404,1404,12,1416,35
2021-05-29,Kern,029,883053,97400,96424,10837,107261,1319
2021-05-29,Kings,031,150075,23166,22970,1074,24044,244
2021-05-29,Lake,033,64148,3537,3515,9,3524,45
2021-05-29,Lassen,035,31185,5216,5171,113,5284,6
2021-05-29,Los Angeles,037,10098052,1207733,1202264,40695,1242959,24359
2021-05-29,Madera,039,155013,16641,16535,927,17462,240
2021-05-29,Marin,041,260295,14118,14071,252,14323,229
2021-05-29,Mariposa,043,17540,434,428,11,439,5
2021-05-29,Mendocino,045,87422,4022,3952,83,4035,47
2021-05-29,Merced,047,269075,31046,31187,1028,32215,456
2021-05-29,Modoc,049,8938,379,374,130,504,3
2021-05-29,Mono,051,14174,1264,1275,16,1291,3
2021-05-29,Monterey,053,433212,43183,43042,1837,44879,379
2021-05-29,Napa,055,140530,9898,9948,34,9982,82
2021-05-29,Nevada,057,99092,4841,4816,190,5006,72
2021-05-29,Orange,059,3164182,255501,254537,11247,265784,5049
2021-05-29,Placer,061,380077,23354,23009,1493,24502,293
2021-05-29,Plumas,063,18699,708,689,11,700,4
2021-05-29,Riverside,065,2383286,294299,288908,13866,302774,4442
2021-05-29,Sacramento,067,1510023,106480,106218,1747,107965,1643
2021-05-29,San Benito,069,59416,6056,6072,112,6184,63
2021-05-29,San Bernardino,071,2135413,293431,292961,8923,301884,4757
2021-05-29,San Diego,073,3302833,281097,280151,14995,295146,3756
2021-05-29,San Francisco,075,870044,36776,37008,1270,38278,550
2021-05-29,San Joaquin,077,732212,73290,72827,3498,76325,1383
2021-05-29,San Luis Obispo,079,281455,21410,21201,736,21937,256
2021-05-29,San Mateo,081,765935,42355,42375,467,42842,439
2021-05-29,Santa Barbara,083,443738,34462,34367,1114,35481,456
2021-05-29,Santa Clara,085,1922200,118711,119498,745,120243,2056
2021-05-29,Santa Cruz,087,273765,16248,16137,797,16934,207
2021-05-29,Shasta,089,179085,12355,12401,1572,13973,199
2021-05-29,Sierra,091,2930,57,55,12,67,0
2021-05-29,Siskiyou,093,43540,1938,1856,355,2211,21
2021-05-29,Solano,095,438530,32938,32917,552,33469,256
2021-05-29,Sonoma,097,501317,30169,30298,333,30631,322
2021-05-29,Stanislaus,099,539301,56487,56305,5883,62188,974
2021-05-29,Sutter,101,95872,9476,9516,84,9600,111
2021-05-29,Tehama,103,63373,5096,5070,570,5640,63
2021-05-29,Trinity,105,12862,483,328,91,419,3
2021-05-29,Tulare,107,460477,50257,49392,8897,58289,845
2021-05-29,Tuolumne,109,53932,4037,4093,43,4136,63
2021-05-29,Ventura,111,848112,81430,81008,2953,83961,1021
2021-05-29,Yolo,113,214977,14055,14055,237,14292,210
2021-05-29,Yuba,115,75493,6076,6059,122,6181,48
2021-05-28,Alameda,001,1643700,88222,88391,1911,90302,1261
2021-05-28,Alpine,003,1148,87,88,0,88,0
2021-05-28,Amador,005,37829,3679,3680,32,3712,46
2021-05-28,Butte,007,227075,12571,12407,1838,14245,190
2021-05-28,Calaveras,009,45235,2169,2165,13,2178,55
2021-05-28,Colusa,011,21464,1949,1954,310,2264,15
2021-05-28,Contra Costa,013,1133247,69731,69290,1264,70554,813
2021-05-28,Del Norte,015,27424,1418,1390,13,1403,8
2021-05-28,El Dorado,017,186661,10327,10265,740,11005,110
2021-05-28,Fresno,019,978130,102809,102437,8614,111051,1705
2021-05-28,Glenn,021,27897,2436,2419,555,2974,18
2021-05-28,Humboldt,023,135768,4285,4265,38,4303,42
2021-05-28,Imperial,025,180216,28630,28722,2685,31407,736
2021-05-28,Inyo,027,18085,1404,1404,12,1416,35
2021-05-28,Kern,029,883053,97383,96396,10829,107225,1320
2021-05-28,Kings,031,150075,23164,22962,1074,24036,244
2021-05-28,Lake,033,64148,3535,3515,9,3524,45
2021-05-28,Lassen,035,31185,5216,5169,113,5282,6
2021-05-28,Los Angeles,037,10098052,1207622,1202103,40685,1242788,24357
2021-05-28,Madera,039,155013,16639,16530,927,17457,240
2021-05-28,Marin,041,260295,14117,14063,251,14314,229
2021-05-28,Mariposa,043,17540,434,428,11,439,5
2021-05-28,Mendocino,045,87422,4017,3947,83,4030,47
2021-05-28,Merced,047,269075,31043,31176,1028,32204,455
2021-05-28,Modoc,049,8938,379,374,130,504,3
2021-05-28,Mono,051,14174,1264,1274,16,1290,3
2021-05-28,Monterey,053,433212,43182,43036,1837,44873,379
2021-05-28,Napa,055,140530,9898,9941,34,9975,82
2021-05-28,Nevada,057,99092,4839,4813,190,5003,71
2021-05-28,Orange,059,3164182,255481,254494,11245,265739,5047
2021-05-28,Placer,061,380077,23344,22987,1491,24478,293
2021-05-28,Plumas,063,18699,706,688,11,699,4
2021-05-28,Riverside,065,2383286,294277,288872,13864,302736,4442
2021-05-28,Sacramento,067,1510023,106424,106131,1745,107876,1642
2021-05-28,San Benito,069,59416,6056,6074,112,6186,63
2021-05-28,San Bernardino,071,2135413,293408,292905,8923,301828,4757
2021-05-28,San Diego,073,3302833,281034,280043,14984,295027,3756
2021-05-28,San Francisco,075,870044,36770,36987,1270,38257,546
2021-05-28,San Joaquin,077,732212,73260,72793,3496,76289,1383
2021-05-28,San Luis Obispo,079,281455,21405,21190,734,21924,256
2021-05-28,San Mateo,081,765935,42349,42364,467,42831,439
2021-05-28,Santa Barbara,083,443738,34461,34371,1114,35485,455
2021-05-28,Santa Clara,085,1922200,118687,119462,745,120207,2056
2021-05-28,Santa Cruz,087,273765,16247,16129,797,16926,207
2021-05-28,Shasta,089,179085,12346,12383,1570,13953,198
2021-05-28,Sierra,091,2930,57,54,12,66,0
2021-05-28,Siskiyou,093,43540,1936,1850,355,2205,19
2021-05-28,Solano,095,438530,32923,32892,552,33444,256
2021-05-28,Sonoma,097,501317,30150,30270,333,30603,321
2021-05-28,Stanislaus,099,539301,56468,56278,5880,62158,974
2021-05-28,Sutter,101,95872,9472,9511,84,9595,111
2021-05-28,Tehama,103,63373,5090,5064,570,5634,63
2021-05-28,Trinity,105,12862,483,328,91,419,3
2021-05-28,Tulare,107,460477,50252,49375,8888,58263,846
2021-05-28,Tuolumne,109,53932,4037,4090,43,4133,63
2021-05-28,Ventura,111,848112,81419,80985,2952,83937,1021
2021-05-28,Yolo,113,214977,14052,14050,236,14286,210
2021-05-28,Yuba,115,75493,6074,6050,121,6171,48
2021-05-27,Alameda,001,1643700,88187,88342,1911,90253,1274
2021-05-27,Alpine,003,1148,87,88,0,88,0
2021-05-27,Amador,005,37829,3676,3680,32,3712,46
2021-05-27,Butte,007,227075,12566,12401,1837,14238,190
2021-05-27,Calaveras,009,45235,2168,2163,13,2176,55
2021-05-27,Colusa,011,21464,1946,1952,310,2262,15
2021-05-27,Contra Costa,013,1133247,69689,69245,1262,70507,813
2021-05-27,Del Norte,015,27424,1418,1388,13,1401,8
2021-05-27,El Dorado,017,186661,10326,10248,740,10988,112
2021-05-27,Fresno,019,978130,102793,102413,8611,111024,1704
2021-05-27,Glenn,021,27897,2436,2415,555,2970,18
2021-05-27,Humboldt,023,135768,4277,4260,38,4298,42
2021-05-27,Imperial,025,180216,28619,28728,2685,31413,736
2021-05-27,Inyo,027,18085,1404,1404,12,1416,35
2021-05-27,Kern,029,883053,97367,96364,10821,107185,1322
2021-05-27,Kings,031,150075,23161,22953,1074,24027,245
2021-05-27,Lake,033,64148,3530,3509,9,3518,45
2021-05-27,Lassen,035,31185,5215,5170,112,5282,6
2021-05-27,Los Angeles,037,10098052,1207452,1201927,40672,1242599,24348
2021-05-27,Madera,039,155013,16630,16527,927,17454,240
2021-05-27,Marin,041,260295,14113,14061,251,14312,229
2021-05-27,Mariposa,043,17540,432,427,11,438,5
2021-05-27,Mendocino,045,87422,4011,3945,83,4028,47
2021-05-27,Merced,047,269075,31031,31161,1028,32189,455
2021-05-27,Modoc,049,8938,378,374,130,504,3
2021-05-27,Mono,051,14174,1264,1276,16,1292,3
2021-05-27,Monterey,053,433212,43176,43032,1837,44869,379
2021-05-27,Napa,055,140530,9897,9934,34,9968,82
2021-05-27,Nevada,057,99092,4835,4807,188,4995,71
2021-05-27,Orange,059,3164182,255444,254438,11241,265679,5059
2021-05-27,Placer,061,380077,23335,22966,1491,24457,293
2021-05-27,Plumas,063,18699,706,687,11,698,4
2021-05-27,Riverside,065,2383286,294241,288835,13859,302694,4443
2021-05-27,Sacramento,067,1510023,106349,106015,1743,107758,1642
2021-05-27,San Benito,069,59416,6055,6074,112,6186,63
2021-05-27,San Bernardino,071,2135413,293372,292755,8921,301676,4756
2021-05-27,San Diego,073,3302833,280960,279960,14970,294930,3756
2021-05-27,San Francisco,075,870044,36764,36980,1267,38247,546
2021-05-27,San Joaquin,077,732212,73228,72714,3493,76207,1388
2021-05-27,San Luis Obispo,079,281455,21400,21171,734,21905,256
2021-05-27,San Mateo,081,765935,42340,42345,467,42812,436
2021-05-27,Santa Barbara,083,443738,34456,34355,1114,35469,456
2021-05-27,Santa Clara,085,1922200,118666,119452,745,120197,2053
2021-05-27,Santa Cruz,087,273765,16245,16134,797,16931,207
2021-05-27,Shasta,089,179085,12336,12380,1570,13950,202
2021-05-27,Sierra,091,2930,57,54,12,66,0
2021-05-27,Siskiyou,093,43540,1933,1846,355,2201,18
2021-05-27,Solano,095,438530,32882,32855,551,33406,257
2021-05-27,Sonoma,097,501317,30123,30253,329,30582,321
2021-05-27,Stanislaus,099,539301,56443,56207,5879,62086,974
2021-05-27,Sutter,101,95872,9468,9501,84,9585,111
2021-05-27,Tehama,103,63373,5087,5064,569,5633,63
2021-05-27,Trinity,105,12862,483,328,91,419,3
2021-05-27,Tulare,107,460477,50238,49366,8879,58245,840
2021-05-27,Tuolumne,109,53932,4036,4090,43,4133,66
2021-05-27,Ventura,111,848112,81406,80965,2949,83914,1023
2021-05-27,Yolo,113,214977,14049,14036,236,14272,213
2021-05-27,Yuba,115,75493,6069,6040,120,6160,48
2021-05-26,Alameda,001,1643700,88158,88297,1911,90208,1266
2021-05-26,Alpine,003,1148,87,88,0,88,0
2021-05-26,Amador,005,37829,3676,3679,32,3711,46
2021-05-26,Butte,007,227075,12557,12332,1836,14168,190
2021-05-26,Calaveras,009,45235,2167,2154,13,2167,55
2021-05-26,Colusa,011,21464,1945,1952,310,2262,15
2021-05-26,Contra Costa,013,1133247,69652,69210,1262,70472,812
2021-05-26,Del Norte,015,27424,1418,1386,12,1398,8
2021-05-26,El Dorado,017,186661,10322,10242,739,10981,112
2021-05-26,Fresno,019,978130,102760,102374,8606,110980,1702
2021-05-26,Glenn,021,27897,2435,2415,555,2970,18
2021-05-26,Humboldt,023,135768,4272,4246,38,4284,42
2021-05-26,Imperial,025,180216,28614,28712,2683,31395,734
2021-05-26,Inyo,027,18085,1404,1403,12,1415,36
2021-05-26,Kern,029,883053,97342,96343,10814,107157,1320
2021-05-26,Kings,031,150075,23157,22950,1073,24023,245
2021-05-26,Lake,033,64148,3529,3508,9,3517,45
2021-05-26,Lassen,035,31185,5214,5164,112,5276,6
2021-05-26,Los Angeles,037,10098052,1207284,1198100,40656,1238756,24221
2021-05-26,Madera,039,155013,16627,16520,927,17447,240
2021-05-26,Marin,041,260295,14110,14061,250,14311,227
2021-05-26,Mariposa,043,17540,432,427,11,438,5
2021-05-26,Mendocino,045,87422,4005,3938,83,4021,47
2021-05-26,Merced,047,269075,31022,31139,1028,32167,455
2021-05-26,Modoc,049,8938,378,371,129,500,3
2021-05-26,Mono,051,14174,1264,1274,16,1290,3
2021-05-26,Monterey,053,433212,43170,43018,1836,44854,379
2021-05-26,Napa,055,140530,9890,9932,32,9964,82
2021-05-26,Nevada,057,99092,4830,4803,188,4991,70
2021-05-26,Orange,059,3164182,255408,254368,11238,265606,5058
2021-05-26,Placer,061,380077,23311,22940,1491,24431,293
2021-05-26,Plumas,063,18699,705,685,11,696,4
2021-05-26,Riverside,065,2383286,294195,288782,13852,302634,4443
2021-05-26,Sacramento,067,1510023,106263,105919,1739,107658,1637
2021-05-26,San Benito,069,59416,6055,6074,112,6186,63
2021-05-26,San Bernardino,071,2135413,293337,292662,8920,301582,4755
2021-05-26,San Diego,073,3302833,280885,279859,14960,294819,3755
2021-05-26,San Francisco,075,870044,36752,36954,1267,38221,546
2021-05-26,San Joaquin,077,732212,73186,72681,3490,76171,1388
2021-05-26,San Luis Obispo,079,281455,21394,21163,734,21897,256
2021-05-26,San Mateo,081,765935,42332,42331,467,42798,436
2021-05-26,Santa Barbara,083,443738,34447,34348,1114,35462,459
2021-05-26,Santa Clara,085,1922200,118639,119421,744,120165,2031
2021-05-26,Santa Cruz,087,273765,16244,16139,797,16936,207
2021-05-26,Shasta,089,179085,12321,12357,1567,13924,202
2021-05-26,Sierra,091,2930,57,54,12,66,0
2021-05-26,Siskiyou,093,43540,1931,1847,353,2200,18
2021-05-26,Solano,095,438530,32846,32831,551,33382,257
2021-05-26,Sonoma,097,501317,30096,30230,329,30559,321
2021-05-26,Stanislaus,099,539301,56421,56193,5877,62070,974
2021-05-26,Sutter,101,95872,9463,9495,84,9579,112
2021-05-26,Tehama,103,63373,5086,5054,566,5620,63
2021-05-26,Trinity,105,12862,483,328,91,419,3
2021-05-26,Tulare,107,460477,50231,49352,8875,58227,839
2021-05-26,Tuolumne,109,53932,4032,4088,42,4130,66
2021-05-26,Ventura,111,848112,81383,80944,2947,83891,1023
2021-05-26,Yolo,113,214977,14046,14025,236,14261,213
2021-05-26,Yuba,115,75493,6064,6036,120,6156,49
2021-05-25,Alameda,001,1643700,88128,88237,1911,90148,1263
2021-05-25,Alpine,003,1148,87,88,0,88,0
2021-05-25,Amador,005,37829,3671,3676,32,3708,46
2021-05-25,Butte,007,227075,12546,12295,1835,14130,189
2021-05-25,Calaveras,009,45235,2165,2148,13,2161,55
2021-05-25,Colusa,011,21464,1944,1949,310,2259,15
2021-05-25,Contra Costa,013,1133247,69600,69167,1257,70424,809
2021-05-25,Del Norte,015,27424,1418,1385,12,1397,8
2021-05-25,El Dorado,017,186661,10315,10240,738,10978,112
2021-05-25,Fresno,019,978130,102739,102329,8604,110933,1701
2021-05-25,Glenn,021,27897,2434,2414,554,2968,17
2021-05-25,Humboldt,023,135768,4265,4231,36,4267,42
2021-05-25,Imperial,025,180216,28607,28586,2683,31269,735
2021-05-25,Inyo,027,18085,1404,1402,12,1414,36
2021-05-25,Kern,029,883053,97311,96319,10800,107119,1319
2021-05-25,Kings,031,150075,23150,22944,1073,24017,245
2021-05-25,Lake,033,64148,3528,3508,9,3517,44
2021-05-25,Lassen,035,31185,5210,5164,112,5276,6
2021-05-25,Los Angeles,037,10098052,1207097,1197940,40638,1238578,24212
2021-05-25,Madera,039,155013,16622,16519,926,17445,240
2021-05-25,Marin,041,260295,14104,14053,250,14303,227
2021-05-25,Mariposa,043,17540,431,427,11,438,5
2021-05-25,Mendocino,045,87422,4000,3928,83,4011,47
2021-05-25,Merced,047,269075,31001,31132,1028,32160,455
2021-05-25,Modoc,049,8938,377,367,129,496,3
2021-05-25,Mono,051,14174,1264,1274,16,1290,3
2021-05-25,Monterey,053,433212,43166,43012,1835,44847,379
2021-05-25,Napa,055,140530,9888,9926,32,9958,82
2021-05-25,Nevada,057,99092,4824,4795,188,4983,70
2021-05-25,Orange,059,3164182,255379,254321,11237,265558,5057
2021-05-25,Placer,061,380077,23300,22920,1489,24409,292
2021-05-25,Plumas,063,18699,705,684,11,695,4
2021-05-25,Riverside,065,2383286,294156,288725,13849,302574,4443
2021-05-25,Sacramento,067,1510023,106182,105828,1736,107564,1633
2021-05-25,San Benito,069,59416,6055,6073,112,6185,63
2021-05-25,San Bernardino,071,2135413,293277,292485,8918,301403,4755
2021-05-25,San Diego,073,3302833,280803,279786,14955,294741,3753
2021-05-25,San Francisco,075,870044,36729,36939,1267,38206,546
2021-05-25,San Joaquin,077,732212,73144,72628,3487,76115,1387
2021-05-25,San Luis Obispo,079,281455,21391,21153,734,21887,256
2021-05-25,San Mateo,081,765935,42322,42268,467,42735,435
2021-05-25,Santa Barbara,083,443738,34444,34337,1114,35451,459
2021-05-25,Santa Clara,085,1922200,118615,119393,743,120136,2032
2021-05-25,Santa Cruz,087,273765,16239,16141,797,16938,207
2021-05-25,Shasta,089,179085,12312,12328,1565,13893,202
2021-05-25,Sierra,091,2930,56,54,12,66,0
2021-05-25,Siskiyou,093,43540,1930,1845,352,2197,18
2021-05-25,Solano,095,438530,32827,32817,550,33367,256
2021-05-25,Sonoma,097,501317,30067,30207,328,30535,321
2021-05-25,Stanislaus,099,539301,56385,56168,5874,62042,974
2021-05-25,Sutter,101,95872,9459,9495,84,9579,112
2021-05-25,Tehama,103,63373,5084,5048,565,5613,63
2021-05-25,Trinity,105,12862,483,328,90,418,3
2021-05-25,Tulare,107,460477,50221,49326,8867,58193,838
2021-05-25,Tuolumne,109,53932,4032,4084,42,4126,66
2021-05-25,Ventura,111,848112,81365,80905,2947,83852,1022
2021-05-25,Yolo,113,214977,14038,14018,234,14252,213
2021-05-25,Yuba,115,75493,6057,6028,120,6148,49
2021-05-24,Alameda,001,1643700,88088,88182,1909,90091,1263
2021-05-24,Alpine,003,1148,87,88,0,88,0
2021-05-24,Amador,005,37829,3669,3675,32,3707,46
2021-05-24,Butte,007,227075,12533,12279,1832,14111,189
2021-05-24,Calaveras,009,45235,2163,2146,13,2159,54
2021-05-24,Colusa,011,21464,1944,1949,310,2259,15
2021-05-24,Contra Costa,013,1133247,69559,69107,1253,70360,809
2021-05-24,Del Norte,015,27424,1417,1384,12,1396,8
2021-05-24,El Dorado,017,186661,10305,10227,737,10964,112
2021-05-24,Fresno,019,978130,102697,102289,8603,110892,1698
2021-05-24,Glenn,021,27897,2434,2413,554,2967,17
2021-05-24,Humboldt,023,135768,4258,4225,36,4261,42
2021-05-24,Imperial,025,180216,28605,28575,2683,31258,735
2021-05-24,Inyo,027,18085,1404,1402,12,1414,36
2021-05-24,Kern,029,883053,97284,96296,10795,107091,1319
2021-05-24,Kings,031,150075,23146,22940,1073,24013,246
2021-05-24,Lake,033,64148,3526,3506,9,3515,43
2021-05-24,Lassen,035,31185,5206,5163,112,5275,6
2021-05-24,Los Angeles,037,10098052,1206925,1197782,40624,1238406,24201
2021-05-24,Madera,039,155013,16618,16513,925,17438,239
2021-05-24,Marin,041,260295,14102,14051,250,14301,227
2021-05-24,Mariposa,043,17540,430,427,11,438,5
2021-05-24,Mendocino,045,87422,3998,3919,83,4002,47
2021-05-24,Merced,047,269075,30991,31128,1027,32155,455
2021-05-24,Modoc,049,8938,377,366,128,494,3
2021-05-24,Mono,051,14174,1264,1270,16,1286,3
2021-05-24,Monterey,053,433212,43161,43005,1834,44839,379
2021-05-24,Napa,055,140530,9888,9924,32,9956,82
2021-05-24,Nevada,057,99092,4821,4790,188,4978,70
2021-05-24,Orange,059,3164182,255345,254287,11227,265514,5056
2021-05-24,Placer,061,380077,23281,22895,1488,24383,292
2021-05-24,Plumas,063,18699,704,683,11,694,4
2021-05-24,Riverside,065,2383286,294099,288669,13839,302508,4442
2021-05-24,Sacramento,067,1510023,106067,105716,1735,107451,1632
2021-05-24,San Benito,069,59416,6055,6072,112,6184,63
2021-05-24,San Bernardino,071,2135413,293237,292343,8917,301260,4747
2021-05-24,San Diego,073,3302833,280695,279715,14945,294660,3749
2021-05-24,San Francisco,075,870044,36709,36934,1265,38199,547
2021-05-24,San Joaquin,077,732212,73112,72586,3487,76073,1371
2021-05-24,San Luis Obispo,079,281455,21373,21146,733,21879,256
2021-05-24,San Mateo,081,765935,42312,42249,467,42716,433
2021-05-24,Santa Barbara,083,443738,34439,34322,1114,35436,459
2021-05-24,Santa Clara,085,1922200,118583,119358,743,120101,2030
2021-05-24,Santa Cruz,087,273765,16233,16135,797,16932,207
2021-05-24,Shasta,089,179085,12295,12315,1562,13877,201
2021-05-24,Sierra,091,2930,56,54,12,66,0
2021-05-24,Siskiyou,093,43540,1927,1840,352,2192,17
2021-05-24,Solano,095,438530,32802,32792,549,33341,254
2021-05-24,Sonoma,097,501317,30052,30187,328,30515,321
2021-05-24,Stanislaus,099,539301,56351,56128,5870,61998,974
2021-05-24,Sutter,101,95872,9453,9486,84,9570,113
2021-05-24,Tehama,103,63373,5081,5043,563,5606,63
2021-05-24,Trinity,105,12862,483,328,90,418,3
2021-05-24,Tulare,107,460477,50214,49318,8863,58181,838
2021-05-24,Tuolumne,109,53932,4032,4083,42,4125,65
2021-05-24,Ventura,111,848112,81352,80876,2945,83821,1022
2021-05-24,Yolo,113,214977,14021,14012,232,14244,213
2021-05-24,Yuba,115,75493,6048,6022,120,6142,49
2021-05-23,Alameda,001,1643700,88025,88157,1907,90064,1263
2021-05-23,Alpine,003,1148,87,88,0,88,0
2021-05-23,Amador,005,37829,3668,3673,32,3705,46
2021-05-23,Butte,007,227075,12519,12271,1831,14102,189
2021-05-23,Calaveras,009,45235,2155,2144,13,2157,54
2021-05-23,Colusa,011,21464,1944,1949,308,2257,15
2021-05-23,Contra Costa,013,1133247,69515,69075,1251,70326,809
2021-05-23,Del Norte,015,27424,1413,1383,12,1395,8
2021-05-23,El Dorado,017,186661,10299,10222,737,10959,112
2021-05-23,Fresno,019,978130,102652,102270,8598,110868,1698
2021-05-23,Glenn,021,27897,2432,2413,554,2967,17
2021-05-23,Humboldt,023,135768,4240,4216,36,4252,42
2021-05-23,Imperial,025,180216,28599,28569,2682,31251,735
2021-05-23,Inyo,027,18085,1404,1402,12,1414,36
2021-05-23,Kern,029,883053,97260,96282,10787,107069,1319
2021-05-23,Kings,031,150075,23133,22939,1071,24010,246
2021-05-23,Lake,033,64148,3523,3504,9,3513,43
2021-05-23,Lassen,035,31185,5202,5163,111,5274,6
2021-05-23,Los Angeles,037,10098052,1206736,1197633,40613,1238246,24197
2021-05-23,Madera,039,155013,16612,16504,925,17429,239
2021-05-23,Marin,041,260295,14093,14048,249,14297,227
2021-05-23,Mariposa,043,17540,430,427,11,438,5
2021-05-23,Mendocino,045,87422,3992,3913,82,3995,47
2021-05-23,Merced,047,269075,30982,31118,1027,32145,455
2021-05-23,Modoc,049,8938,373,366,128,494,3
2021-05-23,Mono,051,14174,1263,1270,16,1286,3
2021-05-23,Monterey,053,433212,43151,43003,1834,44837,379
2021-05-23,Napa,055,140530,9884,9923,32,9955,82
2021-05-23,Nevada,057,99092,4811,4790,188,4978,70
2021-05-23,Orange,059,3164182,255307,254277,11221,265498,5050
2021-05-23,Placer,061,380077,23261,22888,1488,24376,292
2021-05-23,Plumas,063,18699,703,683,11,694,4
2021-05-23,Riverside,065,2383286,294031,288641,13835,302476,4442
2021-05-23,Sacramento,067,1510023,105951,105663,1732,107395,1632
2021-05-23,San Benito,069,59416,6054,6072,112,6184,63
2021-05-23,San Bernardino,071,2135413,293186,292327,8916,301243,4747
2021-05-23,San Diego,073,3302833,280605,279690,14934,294624,3751
2021-05-23,San Francisco,075,870044,36698,36927,1264,38191,547
2021-05-23,San Joaquin,077,732212,73063,72571,3485,76056,1371
2021-05-23,San Luis Obispo,079,281455,21363,21141,732,21873,256
2021-05-23,San Mateo,081,765935,42295,42248,467,42715,433
2021-05-23,Santa Barbara,083,443738,34432,34319,1114,35433,459
2021-05-23,Santa Clara,085,1922200,118559,119333,743,120076,2030
2021-05-23,Santa Cruz,087,273765,16230,16130,797,16927,207
2021-05-23,Shasta,089,179085,12278,12313,1558,13871,201
2021-05-23,Sierra,091,2930,56,54,12,66,0
2021-05-23,Siskiyou,093,43540,1922,1826,345,2171,17
2021-05-23,Solano,095,438530,32784,32780,548,33328,254
2021-05-23,Sonoma,097,501317,30023,30168,327,30495,321
2021-05-23,Stanislaus,099,539301,56303,56104,5867,61971,974
2021-05-23,Sutter,101,95872,9444,9479,84,9563,113
2021-05-23,Tehama,103,63373,5074,5041,561,5602,63
2021-05-23,Trinity,105,12862,483,328,90,418,3
2021-05-23,Tulare,107,460477,50200,49310,8859,58169,838
2021-05-23,Tuolumne,109,53932,4029,4081,42,4123,65
2021-05-23,Ventura,111,848112,81322,80872,2944,83816,1022
2021-05-23,Yolo,113,214977,14009,14004,229,14233,213
2021-05-23,Yuba,115,75493,6043,6017,120,6137,49
2021-05-22,Alameda,001,1643700,87998,88101,1907,90008,1263
2021-05-22,Alpine,003,1148,87,88,0,88,0
2021-05-22,Amador,005,37829,3667,3672,32,3704,46
2021-05-22,Butte,007,227075,12507,12265,1830,14095,189
2021-05-22,Calaveras,009,45235,2151,2141,13,2154,54
2021-05-22,Colusa,011,21464,1940,1949,307,2256,15
2021-05-22,Contra Costa,013,1133247,69482,69004,1250,70254,809
2021-05-22,Del Norte,015,27424,1412,1381,12,1393,8
2021-05-22,El Dorado,017,186661,10294,10215,736,10951,112
2021-05-22,Fresno,019,978130,102638,102238,8596,110834,1698
2021-05-22,Glenn,021,27897,2432,2412,554,2966,17
2021-05-22,Humboldt,023,135768,4231,4194,35,4229,42
2021-05-22,Imperial,025,180216,28590,28574,2682,31256,735
2021-05-22,Inyo,027,18085,1404,1402,12,1414,36
2021-05-22,Kern,029,883053,97248,96260,10780,107040,1319
2021-05-22,Kings,031,150075,23133,22936,1071,24007,246
2021-05-22,Lake,033,64148,3520,3502,9,3511,43
2021-05-22,Lassen,035,31185,5202,5163,111,5274,6
2021-05-22,Los Angeles,037,10098052,1206627,1197454,40605,1238059,24192
2021-05-22,Madera,039,155013,16609,16503,925,17428,239
2021-05-22,Marin,041,260295,14090,14043,249,14292,227
2021-05-22,Mariposa,043,17540,430,427,11,438,5
2021-05-22,Mendocino,045,87422,3986,3908,82,3990,47
2021-05-22,Merced,047,269075,30972,31099,1027,32126,455
2021-05-22,Modoc,049,8938,373,366,128,494,3
2021-05-22,Mono,051,14174,1261,1270,16,1286,3
2021-05-22,Monterey,053,433212,43145,42998,1834,44832,379
2021-05-22,Napa,055,140530,9883,9918,32,9950,82
2021-05-22,Nevada,057,99092,4804,4787,187,4974,70
2021-05-22,Orange,059,3164182,255286,254238,11216,265454,5048
2021-05-22,Placer,061,380077,23247,22865,1487,24352,292
2021-05-22,Plumas,063,18699,702,683,11,694,4
2021-05-22,Riverside,065,2383286,293999,288580,13834,302414,4442
2021-05-22,Sacramento,067,1510023,105876,105551,1729,107280,1632
2021-05-22,San Benito,069,59416,6054,6071,112,6183,63
2021-05-22,San Bernardino,071,2135413,293161,292292,8916,301208,4747
2021-05-22,San Diego,073,3302833,280546,279614,14926,294540,3751
2021-05-22,San Francisco,075,870044,36688,36906,1262,38168,547
2021-05-22,San Joaquin,077,732212,73041,72528,3482,76010,1371
2021-05-22,San Luis Obispo,079,281455,21355,21134,731,21865,256
2021-05-22,San Mateo,081,765935,42285,42218,467,42685,433
2021-05-22,Santa Barbara,083,443738,34428,34313,1113,35426,459
2021-05-22,Santa Clara,085,1922200,118535,119292,743,120035,2030
2021-05-22,Santa Cruz,087,273765,16230,16125,797,16922,207
2021-05-22,Shasta,089,179085,12271,12307,1555,13862,201
2021-05-22,Sierra,091,2930,56,54,12,66,0
2021-05-22,Siskiyou,093,43540,1921,1824,344,2168,17
2021-05-22,Solano,095,438530,32771,32753,548,33301,254
2021-05-22,Sonoma,097,501317,30011,30154,327,30481,321
2021-05-22,Stanislaus,099,539301,56280,56069,5866,61935,974
2021-05-22,Sutter,101,95872,9439,9476,84,9560,113
2021-05-22,Tehama,103,63373,5073,5036,561,5597,63
2021-05-22,Trinity,105,12862,483,328,90,418,3
2021-05-22,Tulare,107,460477,50195,49299,8854,58153,838
2021-05-22,Tuolumne,109,53932,4029,4078,42,4120,65
2021-05-22,Ventura,111,848112,81318,80859,2944,83803,1022
2021-05-22,Yolo,113,214977,14007,13997,229,14226,213
2021-05-22,Yuba,115,75493,6040,6010,120,6130,49
2021-05-21,Alameda,001,1643700,87972,88041,1906,89947,1263
2021-05-21,Alpine,003,1148,87,88,0,88,0
2021-05-21,Amador,005,37829,3664,3672,32,3704,46
2021-05-21,Butte,007,227075,12501,12236,1828,14064,188
2021-05-21,Calaveras,009,45235,2149,2138,13,2151,54
2021-05-21,Colusa,011,21464,1940,1947,307,2254,15
2021-05-21,Contra Costa,013,1133247,69439,68965,1249,70214,810
2021-05-21,Del Norte,015,27424,1411,1376,12,1388,8
2021-05-21,El Dorado,017,186661,10290,10204,736,10940,112
2021-05-21,Fresno,019,978130,102610,102189,8594,110783,1698
2021-05-21,Glenn,021,27897,2431,2408,554,2962,17
2021-05-21,Humboldt,023,135768,4224,4175,35,4210,42
2021-05-21,Imperial,025,180216,28583,28572,2681,31253,732
2021-05-21,Inyo,027,18085,1404,1402,12,1414,36
2021-05-21,Kern,029,883053,97234,96233,10773,107006,1318
2021-05-21,Kings,031,150075,23133,22927,1071,23998,246
2021-05-21,Lake,033,64148,3518,3500,9,3509,43
2021-05-21,Lassen,035,31185,5201,5161,111,5272,6
2021-05-21,Los Angeles,037,10098052,1206509,1197263,40597,1237860,24180
2021-05-21,Madera,039,155013,16608,16500,924,17424,238
2021-05-21,Marin,041,260295,14085,14042,249,14291,227
2021-05-21,Mariposa,043,17540,429,427,11,438,5
2021-05-21,Mendocino,045,87422,3981,3897,82,3979,47
2021-05-21,Merced,047,269075,30964,31076,1027,32103,455
2021-05-21,Modoc,049,8938,373,365,128,493,3
2021-05-21,Mono,051,14174,1261,1269,16,1285,3
2021-05-21,Monterey,053,433212,43143,42995,1834,44829,379
2021-05-21,Napa,055,140530,9879,9913,32,9945,82
2021-05-21,Nevada,057,99092,4803,4779,187,4966,70
2021-05-21,Orange,059,3164182,255266,254171,11214,265385,5042
2021-05-21,Placer,061,380077,23238,22853,1487,24340,292
2021-05-21,Plumas,063,18699,702,683,10,693,4
2021-05-21,Riverside,065,2383286,293972,288499,13827,302326,4442
2021-05-21,Sacramento,067,1510023,105809,105476,1726,107202,1632
2021-05-21,San Benito,069,59416,6054,6068,112,6180,63
2021-05-21,San Bernardino,071,2135413,293129,292205,8914,301119,4744
2021-05-21,San Diego,073,3302833,280473,279554,14916,294470,3748
2021-05-21,San Francisco,075,870044,36683,36879,1262,38141,546
2021-05-21,San Joaquin,077,732212,73021,72467,3480,75947,1371
2021-05-21,San Luis Obispo,079,281455,21349,21128,728,21856,256
2021-05-21,San Mateo,081,765935,42272,42163,466,42629,432
2021-05-21,Santa Barbara,083,443738,34423,34302,1113,35415,459
2021-05-21,Santa Clara,085,1922200,118508,119247,743,119990,2029
2021-05-21,Santa Cruz,087,273765,16226,16120,797,16917,207
2021-05-21,Shasta,089,179085,12254,12289,1553,13842,201
2021-05-21,Sierra,091,2930,56,54,12,66,0
2021-05-21,Siskiyou,093,43540,1920,1815,344,2159,16
2021-05-21,Solano,095,438530,32756,32742,548,33290,254
2021-05-21,Sonoma,097,501317,29998,30126,327,30453,321
2021-05-21,Stanislaus,099,539301,56250,56036,5864,61900,975
2021-05-21,Sutter,101,95872,9437,9470,84,9554,113
2021-05-21,Tehama,103,63373,5067,5030,561,5591,63
2021-05-21,Trinity,105,12862,483,329,89,418,3
2021-05-21,Tulare,107,460477,50190,49271,8852,58123,838
2021-05-21,Tuolumne,109,53932,4027,4079,42,4121,65
2021-05-21,Ventura,111,848112,81310,80821,2941,83762,1021
2021-05-21,Yolo,113,214977,14001,13983,229,14212,213
2021-05-21,Yuba,115,75493,6034,6006,120,6126,49
2021-05-20,Alameda,001,1643700,87929,87975,1904,89879,1264
2021-05-20,Alpine,003,1148,87,88,0,88,0
2021-05-20,Amador,005,37829,3663,3671,32,3703,46
2021-05-20,Butte,007,227075,12494,12220,1825,14045,188
2021-05-20,Calaveras,009,45235,2145,2138,13,2151,54
2021-05-20,Colusa,011,21464,1939,1946,305,2251,15
2021-05-20,Contra Costa,013,1133247,69394,68913,1247,70160,809
2021-05-20,Del Norte,015,27424,1411,1373,12,1385,8
2021-05-20,El Dorado,017,186661,10280,10188,736,10924,112
2021-05-20,Fresno,019,978130,102587,102135,8592,110727,1696
2021-05-20,Glenn,021,27897,2428,2406,554,2960,17
2021-05-20,Humboldt,023,135768,4207,4162,34,4196,42
2021-05-20,Imperial,025,180216,28578,28551,2681,31232,732
2021-05-20,Inyo,027,18085,1404,1402,12,1414,36
2021-05-20,Kern,029,883053,97213,96204,10766,106970,1317
2021-05-20,Kings,031,150075,23131,22922,1071,23993,246
2021-05-20,Lake,033,64148,3515,3500,9,3509,43
2021-05-20,Lassen,035,31185,5199,5160,110,5270,6
2021-05-20,Los Angeles,037,10098052,1206353,1197073,40587,1237660,24168
2021-05-20,Madera,039,155013,16602,16499,922,17421,238
2021-05-20,Marin,041,260295,14081,14036,248,14284,227
2021-05-20,Mariposa,043,17540,429,426,11,437,5
2021-05-20,Mendocino,045,87422,3974,3897,82,3979,47
2021-05-20,Merced,047,269075,30951,31046,1026,32072,454
2021-05-20,Modoc,049,8938,373,365,128,493,3
2021-05-20,Mono,051,14174,1260,1269,16,1285,3
2021-05-20,Monterey,053,433212,43137,42984,1833,44817,379
2021-05-20,Napa,055,140530,9876,9913,32,9945,82
2021-05-20,Nevada,057,99092,4802,4775,187,4962,70
2021-05-20,Orange,059,3164182,255223,254127,11211,265338,5038
2021-05-20,Placer,061,380077,23225,22823,1486,24309,292
2021-05-20,Plumas,063,18699,700,682,10,692,4
2021-05-20,Riverside,065,2383286,293924,288453,13822,302275,4442
2021-05-20,Sacramento,067,1510023,105713,105414,1723,107137,1629
2021-05-20,San Benito,069,59416,6053,6067,112,6179,63
2021-05-20,San Bernardino,071,2135413,293083,292153,8913,301066,4728
2021-05-20,San Diego,073,3302833,280385,279490,14904,294394,3749
2021-05-20,San Francisco,075,870044,36674,36860,1262,38122,546
2021-05-20,San Joaquin,077,732212,72983,72388,3478,75866,1371
2021-05-20,San Luis Obispo,079,281455,21337,21095,726,21821,256
2021-05-20,San Mateo,081,765935,42258,42152,464,42616,432
2021-05-20,Santa Barbara,083,443738,34419,34293,1113,35406,459
2021-05-20,Santa Clara,085,1922200,118487,119222,743,119965,2029
2021-05-20,Santa Cruz,087,273765,16221,16119,797,16916,207
2021-05-20,Shasta,089,179085,12241,12266,1550,13816,200
2021-05-20,Sierra,091,2930,56,54,12,66,0
2021-05-20,Siskiyou,093,43540,1913,1811,343,2154,16
2021-05-20,Solano,095,438530,32741,32725,548,33273,253
2021-05-20,Sonoma,097,501317,29981,30107,326,30433,321
2021-05-20,Stanislaus,099,539301,56221,55979,5862,61841,970
2021-05-20,Sutter,101,95872,9433,9467,84,9551,113
2021-05-20,Tehama,103,63373,5065,5029,561,5590,63
2021-05-20,Trinity,105,12862,483,329,88,417,3
2021-05-20,Tulare,107,460477,50179,49217,8849,58066,837
2021-05-20,Tuolumne,109,53932,4026,4077,42,4119,65
2021-05-20,Ventura,111,848112,81299,80800,2941,83741,1019
2021-05-20,Yolo,113,214977,13996,13973,229,14202,211
2021-05-20,Yuba,115,75493,6025,6002,120,6122,49
2021-05-19,Alameda,001,1643700,87890,87889,1903,89792,1260
2021-05-19,Alpine,003,1148,87,88,0,88,0
2021-05-19,Amador,005,37829,3663,3669,32,3701,46
2021-05-19,Butte,007,227075,12483,12198,1825,14023,188
2021-05-19,Calaveras,009,45235,2141,2132,13,2145,54
2021-05-19,Colusa,011,21464,1939,1945,303,2248,15
2021-05-19,Contra Costa,013,1133247,69347,68836,1247,70083,808
2021-05-19,Del Norte,015,27424,1409,1371,12,1383,8
2021-05-19,El Dorado,017,186661,10275,10179,735,10914,112
2021-05-19,Fresno,019,978130,102556,102085,8589,110674,1693
2021-05-19,Glenn,021,27897,2428,2404,554,2958,17
2021-05-19,Humboldt,023,135768,4197,4143,34,4177,42
2021-05-19,Imperial,025,180216,28569,28550,2681,31231,732
2021-05-19,Inyo,027,18085,1404,1402,12,1414,36
2021-05-19,Kern,029,883053,97184,96173,10759,106932,1316
2021-05-19,Kings,031,150075,23125,22919,1071,23990,246
2021-05-19,Lake,033,64148,3515,3497,9,3506,43
2021-05-19,Lassen,035,31185,5198,5157,110,5267,6
2021-05-19,Los Angeles,037,10098052,1206156,1196856,40573,1237429,24143
2021-05-19,Madera,039,155013,16599,16496,922,17418,238
2021-05-19,Marin,041,260295,14077,14033,246,14279,227
2021-05-19,Mariposa,043,17540,429,425,11,436,5
2021-05-19,Mendocino,045,87422,3970,3886,82,3968,47
2021-05-19,Merced,047,269075,30935,31044,1026,32070,452
2021-05-19,Modoc,049,8938,373,364,125,489,3
2021-05-19,Mono,051,14174,1260,1266,16,1282,3
2021-05-19,Monterey,053,433212,43132,42973,1832,44805,379
2021-05-19,Napa,055,140530,9873,9906,32,9938,82
2021-05-19,Nevada,057,99092,4800,4769,187,4956,70
2021-05-19,Orange,059,3164182,255186,254087,11201,265288,5035
2021-05-19,Placer,061,380077,23206,22784,1481,24265,291
2021-05-19,Plumas,063,18699,700,682,10,692,4
2021-05-19,Riverside,065,2383286,293878,288398,13820,302218,4442
2021-05-19,Sacramento,067,1510023,105635,105225,1722,106947,1629
2021-05-19,San Benito,069,59416,6052,6064,112,6176,63
2021-05-19,San Bernardino,071,2135413,293039,292078,8910,300988,4725
2021-05-19,San Diego,073,3302833,280300,279345,14883,294228,3746
2021-05-19,San Francisco,075,870044,36661,36835,1261,38096,546
2021-05-19,San Joaquin,077,732212,72940,72338,3473,75811,1369
2021-05-19,San Luis Obispo,079,281455,21329,21085,725,21810,256
2021-05-19,San Mateo,081,765935,42251,42126,464,42590,429
2021-05-19,Santa Barbara,083,443738,34411,34292,1113,35405,459
2021-05-19,Santa Clara,085,1922200,118447,119176,742,119918,2015
2021-05-19,Santa Cruz,087,273765,16217,16121,796,16917,207
2021-05-19,Shasta,089,179085,12223,12233,1547,13780,200
2021-05-19,Sierra,091,2930,56,54,12,66,0
2021-05-19,Siskiyou,093,43540,1910,1803,342,2145,16
2021-05-19,Solano,095,438530,32714,32678,546,33224,253
2021-05-19,Sonoma,097,501317,29966,30080,326,30406,321
2021-05-19,Stanislaus,099,539301,56201,55912,5857,61769,967
2021-05-19,Sutter,101,95872,9426,9459,83,9542,113
2021-05-19,Tehama,103,63373,5056,5026,557,5583,63
2021-05-19,Trinity,105,12862,483,329,88,417,3
2021-05-19,Tulare,107,460477,50166,49163,8844,58007,837
2021-05-19,Tuolumne,109,53932,4026,4074,42,4116,64
2021-05-19,Ventura,111,848112,81284,80747,2940,83687,1019
2021-05-19,Yolo,113,214977,13989,13961,228,14189,211
2021-05-19,Yuba,115,75493,6021,5993,120,6113,49
2021-05-18,Alameda,001,1643700,87816,87816,1903,89719,1254
2021-05-18,Alpine,003,1148,87,88,0,88,0
2021-05-18,Amador,005,37829,3663,3669,32,3701,46
2021-05-18,Butte,007,227075,12470,12164,1822,13986,191
2021-05-18,Calaveras,009,45235,2137,2131,13,2144,54
2021-05-18,Colusa,011,21464,1939,1943,303,2246,14
2021-05-18,Contra Costa,013,1133247,69290,68750,1246,69996,808
2021-05-18,Del Norte,015,27424,1406,1371,12,1383,8
2021-05-18,El Dorado,017,186661,10264,10169,734,10903,112
2021-05-18,Fresno,019,978130,102520,102056,8586,110642,1690
2021-05-18,Glenn,021,27897,2422,2403,553,2956,17
2021-05-18,Humboldt,023,135768,4179,4132,34,4166,42
2021-05-18,Imperial,025,180216,28564,28538,2679,31217,730
2021-05-18,Inyo,027,18085,1404,1401,12,1413,36
2021-05-18,Kern,029,883053,97151,96128,10745,106873,1315
2021-05-18,Kings,031,150075,23119,22916,1071,23987,247
2021-05-18,Lake,033,64148,3513,3495,9,3504,43
2021-05-18,Lassen,035,31185,5197,5157,109,5266,6
2021-05-18,Los Angeles,037,10098052,1205976,1196668,40562,1237230,24133
2021-05-18,Madera,039,155013,16589,16491,921,17412,238
2021-05-18,Marin,041,260295,14074,14026,246,14272,227
2021-05-18,Mariposa,043,17540,429,424,11,435,5
2021-05-18,Mendocino,045,87422,3958,3877,81,3958,47
2021-05-18,Merced,047,269075,30916,31036,1026,32062,452
2021-05-18,Modoc,049,8938,372,364,124,488,3
2021-05-18,Mono,051,14174,1259,1265,16,1281,3
2021-05-18,Monterey,053,433212,43126,43001,1832,44833,379
2021-05-18,Napa,055,140530,9873,9905,32,9937,82
2021-05-18,Nevada,057,99092,4793,4762,187,4949,70
2021-05-18,Orange,059,3164182,255145,254041,11191,265232,5031
2021-05-18,Placer,061,380077,23173,22726,1477,24203,291
2021-05-18,Plumas,063,18699,700,682,10,692,4
2021-05-18,Riverside,065,2383286,293823,288354,13813,302167,4438
2021-05-18,Sacramento,067,1510023,105533,105083,1720,106803,1629
2021-05-18,San Benito,069,59416,6051,6065,112,6177,63
2021-05-18,San Bernardino,071,2135413,292981,292014,8905,300919,4722
2021-05-18,San Diego,073,3302833,280192,279254,14874,294128,3742
2021-05-18,San Francisco,075,870044,36641,36818,1261,38079,546
2021-05-18,San Joaquin,077,732212,72893,72282,3469,75751,1368
2021-05-18,San Luis Obispo,079,281455,21319,21080,723,21803,256
2021-05-18,San Mateo,081,765935,42239,42099,463,42562,428
2021-05-18,Santa Barbara,083,443738,34402,34278,1113,35391,459
2021-05-18,Santa Clara,085,1922200,118420,119171,742,119913,2014
2021-05-18,Santa Cruz,087,273765,16209,16137,796,16933,207
2021-05-18,Shasta,089,179085,12205,12197,1541,13738,200
2021-05-18,Sierra,091,2930,56,54,12,66,0
2021-05-18,Siskiyou,093,43540,1909,1799,342,2141,16
2021-05-18,Solano,095,438530,32689,32644,546,33190,253
2021-05-18,Sonoma,097,501317,29946,30054,325,30379,321
2021-05-18,Stanislaus,099,539301,56165,55860,5857,61717,959
2021-05-18,Sutter,101,95872,9418,9453,83,9536,113
2021-05-18,Tehama,103,63373,5050,5020,555,5575,63
2021-05-18,Trinity,105,12862,483,329,87,416,3
2021-05-18,Tulare,107,460477,50158,49142,8839,57981,836
2021-05-18,Tuolumne,109,53932,4024,4073,42,4115,64
2021-05-18,Ventura,111,848112,81268,80726,2938,83664,1017
2021-05-18,Yolo,113,214977,13981,13951,228,14179,211
2021-05-18,Yuba,115,75493,6017,5989,120,6109,49
2021-05-17,Alameda,001,1643700,87763,87766,1900,89666,1253
2021-05-17,Alpine,003,1148,87,88,0,88,0
2021-05-17,Amador,005,37829,3660,3668,32,3700,46
2021-05-17,Butte,007,227075,12462,12144,1822,13966,192
2021-05-17,Calaveras,009,45235,2137,2131,13,2144,53
2021-05-17,Colusa,011,21464,1939,1943,303,2246,14
2021-05-17,Contra Costa,013,1133247,69235,68720,1245,69965,805
2021-05-17,Del Norte,015,27424,1401,1369,12,1381,8
2021-05-17,El Dorado,017,186661,10247,10163,734,10897,112
2021-05-17,Fresno,019,978130,102476,102013,8578,110591,1690
2021-05-17,Glenn,021,27897,2422,2401,553,2954,17
2021-05-17,Humboldt,023,135768,4168,4112,34,4146,42
2021-05-17,Imperial,025,180216,28558,28533,2677,31210,729
2021-05-17,Inyo,027,18085,1404,1401,12,1413,36
2021-05-17,Kern,029,883053,97122,96095,10728,106823,1315
2021-05-17,Kings,031,150075,23116,22918,1071,23989,246
2021-05-17,Lake,033,64148,3508,3489,9,3498,43
2021-05-17,Lassen,035,31185,5194,5156,108,5264,6
2021-05-17,Los Angeles,037,10098052,1205795,1196556,40556,1237112,24123
2021-05-17,Madera,039,155013,16582,16486,921,17407,238
2021-05-17,Marin,041,260295,14068,14021,246,14267,227
2021-05-17,Mariposa,043,17540,428,423,11,434,5
2021-05-17,Mendocino,045,87422,3949,3868,81,3949,46
2021-05-17,Merced,047,269075,30901,31031,1026,32057,450
2021-05-17,Modoc,049,8938,371,362,124,486,3
2021-05-17,Mono,051,14174,1255,1265,16,1281,3
2021-05-17,Monterey,053,433212,43119,42995,1832,44827,379
2021-05-17,Napa,055,140530,9872,9894,32,9926,82
2021-05-17,Nevada,057,99092,4789,4761,186,4947,70
2021-05-17,Orange,059,3164182,255098,253993,11184,265177,5031
2021-05-17,Placer,061,380077,23150,22706,1470,24176,289
2021-05-17,Plumas,063,18699,700,682,10,692,4
2021-05-17,Riverside,065,2383286,293754,288304,13809,302113,4433
2021-05-17,Sacramento,067,1510023,105426,105035,1718,106753,1629
2021-05-17,San Benito,069,59416,6048,6067,112,6179,63
2021-05-17,San Bernardino,071,2135413,292931,291989,8897,300886,4724
2021-05-17,San Diego,073,3302833,280060,279146,14852,293998,3742
2021-05-17,San Francisco,075,870044,36629,36816,1259,38075,546
2021-05-17,San Joaquin,077,732212,72855,72234,3466,75700,1359
2021-05-17,San Luis Obispo,079,281455,21310,21079,721,21800,256
2021-05-17,San Mateo,081,765935,42211,42083,463,42546,428
2021-05-17,Santa Barbara,083,443738,34395,34275,1113,35388,459
2021-05-17,Santa Clara,085,1922200,118383,119116,740,119856,2015
2021-05-17,Santa Cruz,087,273765,16206,16151,796,16947,206
2021-05-17,Shasta,089,179085,12183,12163,1540,13703,200
2021-05-17,Sierra,091,2930,56,54,12,66,0
2021-05-17,Siskiyou,093,43540,1900,1795,339,2134,15
2021-05-17,Solano,095,438530,32671,32627,545,33172,253
2021-05-17,Sonoma,097,501317,29923,30043,324,30367,321
2021-05-17,Stanislaus,099,539301,56117,55839,5850,61689,951
2021-05-17,Sutter,101,95872,9411,9447,83,9530,113
2021-05-17,Tehama,103,63373,5046,5016,554,5570,63
2021-05-17,Trinity,105,12862,483,328,87,415,3
2021-05-17,Tulare,107,460477,50136,49107,8834,57941,836
2021-05-17,Tuolumne,109,53932,4024,4071,42,4113,64
2021-05-17,Ventura,111,848112,81248,80699,2938,83637,1017
2021-05-17,Yolo,113,214977,13974,13941,228,14169,211
2021-05-17,Yuba,115,75493,6009,5987,120,6107,49
2021-05-16,Alameda,001,1643700,87699,87743,1900,89643,1253
2021-05-16,Alpine,003,1148,87,88,0,88,0
2021-05-16,Amador,005,37829,3659,3667,32,3699,46
2021-05-16,Butte,007,227075,12448,12140,1821,13961,192
2021-05-16,Calaveras,009,45235,2135,2129,13,2142,53
2021-05-16,Colusa,011,21464,1937,1943,303,2246,14
2021-05-16,Contra Costa,013,1133247,69167,68694,1243,69937,805
2021-05-16,Del Norte,015,27424,1398,1365,12,1377,8
2021-05-16,El Dorado,017,186661,10231,10159,733,10892,112
2021-05-16,Fresno,019,978130,102432,101987,8572,110559,1690
2021-05-16,Glenn,021,27897,2422,2401,552,2953,17
2021-05-16,Humboldt,023,135768,4154,4104,34,4138,42
2021-05-16,Imperial,025,180216,28547,28516,2676,31192,729
2021-05-16,Inyo,027,18085,1404,1401,12,1413,36
2021-05-16,Kern,029,883053,97089,96083,10708,106791,1315
2021-05-16,Kings,031,150075,23112,22918,1068,23986,246
2021-05-16,Lake,033,64148,3505,3489,9,3498,43
2021-05-16,Lassen,035,31185,5193,5156,108,5264,6
2021-05-16,Los Angeles,037,10098052,1205569,1196397,40540,1236937,24120
2021-05-16,Madera,039,155013,16577,16483,918,17401,238
2021-05-16,Marin,041,260295,14065,14015,246,14261,227
2021-05-16,Mariposa,043,17540,428,423,11,434,5
2021-05-16,Mendocino,045,87422,3939,3863,81,3944,46
2021-05-16,Merced,047,269075,30880,31023,1024,32047,450
2021-05-16,Modoc,049,8938,371,362,124,486,3
2021-05-16,Mono,051,14174,1255,1265,16,1281,3
2021-05-16,Monterey,053,433212,43114,42991,1832,44823,379
2021-05-16,Napa,055,140530,9869,9891,32,9923,82
2021-05-16,Nevada,057,99092,4785,4755,186,4941,70
2021-05-16,Orange,059,3164182,255066,253962,11181,265143,5031
2021-05-16,Placer,061,380077,23118,22696,1464,24160,289
2021-05-16,Plumas,063,18699,699,682,10,692,4
2021-05-16,Riverside,065,2383286,293678,288259,13801,302060,4433
2021-05-16,Sacramento,067,1510023,105312,105013,1716,106729,1628
2021-05-16,San Benito,069,59416,6047,6067,111,6178,63
2021-05-16,San Bernardino,071,2135413,292859,291940,8895,300835,4724
2021-05-16,San Diego,073,3302833,279942,279099,14839,293938,3742
2021-05-16,San Francisco,075,870044,36606,36808,1258,38066,546
2021-05-16,San Joaquin,077,732212,72806,72218,3461,75679,1359
2021-05-16,San Luis Obispo,079,281455,21302,21072,720,21792,256
2021-05-16,San Mateo,081,765935,42200,42063,462,42525,428
2021-05-16,Santa Barbara,083,443738,34388,34270,1113,35383,459
2021-05-16,Santa Clara,085,1922200,118354,119098,739,119837,2015
2021-05-16,Santa Cruz,087,273765,16204,16143,796,16939,206
2021-05-16,Shasta,089,179085,12167,12156,1536,13692,200
2021-05-16,Sierra,091,2930,56,54,12,66,0
2021-05-16,Siskiyou,093,43540,1896,1790,338,2128,15
2021-05-16,Solano,095,438530,32638,32619,543,33162,253
2021-05-16,Sonoma,097,501317,29904,30033,324,30357,321
2021-05-16,Stanislaus,099,539301,56064,55814,5839,61653,951
2021-05-16,Sutter,101,95872,9404,9445,83,9528,113
2021-05-16,Tehama,103,63373,5042,5013,553,5566,63
2021-05-16,Trinity,105,12862,483,328,87,415,3
2021-05-16,Tulare,107,460477,50119,49091,8831,57922,837
2021-05-16,Tuolumne,109,53932,4020,4070,42,4112,64
2021-05-16,Ventura,111,848112,81217,80689,2938,83627,1017
2021-05-16,Yolo,113,214977,13959,13938,228,14166,211
2021-05-16,Yuba,115,75493,6006,5987,120,6107,49
2021-05-15,Alameda,001,1643700,87673,87677,1899,89576,1252
2021-05-15,Alpine,003,1148,87,88,0,88,0
2021-05-15,Amador,005,37829,3659,3666,32,3698,46
2021-05-15,Butte,007,227075,12441,12095,1820,13915,192
2021-05-15,Calaveras,009,45235,2134,2126,13,2139,53
2021-05-15,Colusa,011,21464,1937,1941,301,2242,14
2021-05-15,Contra Costa,013,1133247,69121,68658,1243,69901,805
2021-05-15,Del Norte,015,27424,1393,1359,12,1371,8
2021-05-15,El Dorado,017,186661,10219,10156,732,10888,112
2021-05-15,Fresno,019,978130,102395,101957,8570,110527,1690
2021-05-15,Glenn,021,27897,2422,2400,552,2952,17
2021-05-15,Humboldt,023,135768,4144,4080,34,4114,42
2021-05-15,Imperial,025,180216,28544,28504,2675,31179,729
2021-05-15,Inyo,027,18085,1404,1402,12,1414,36
2021-05-15,Kern,029,883053,97075,96061,10694,106755,1315
2021-05-15,Kings,031,150075,23111,22913,1068,23981,246
2021-05-15,Lake,033,64148,3504,3485,9,3494,43
2021-05-15,Lassen,035,31185,5190,5156,107,5263,6
2021-05-15,Los Angeles,037,10098052,1205446,1196255,40527,1236782,24115
2021-05-15,Madera,039,155013,16574,16482,918,17400,238
2021-05-15,Marin,041,260295,14061,14012,246,14258,227
2021-05-15,Mariposa,043,17540,428,423,11,434,5
2021-05-15,Mendocino,045,87422,3936,3861,81,3942,46
2021-05-15,Merced,047,269075,30859,31012,1024,32036,450
2021-05-15,Modoc,049,8938,371,362,124,486,3
2021-05-15,Mono,051,14174,1255,1265,16,1281,3
2021-05-15,Monterey,053,433212,43110,42982,1832,44814,379
2021-05-15,Napa,055,140530,9866,9887,32,9919,82
2021-05-15,Nevada,057,99092,4784,4755,186,4941,70
2021-05-15,Orange,059,3164182,255039,253919,11174,265093,5030
2021-05-15,Placer,061,380077,23097,22688,1464,24152,289
2021-05-15,Plumas,063,18699,699,681,10,691,4
2021-05-15,Riverside,065,2383286,293636,288203,13796,301999,4433
2021-05-15,Sacramento,067,1510023,105240,104929,1713,106642,1628
2021-05-15,San Benito,069,59416,6047,6066,111,6177,63
2021-05-15,San Bernardino,071,2135413,292817,291892,8893,300785,4724
2021-05-15,San Diego,073,3302833,279871,278991,14824,293815,3737
2021-05-15,San Francisco,075,870044,36590,36795,1256,38051,546
2021-05-15,San Joaquin,077,732212,72780,72197,3459,75656,1359
2021-05-15,San Luis Obispo,079,281455,21299,21061,719,21780,256
2021-05-15,San Mateo,081,765935,42184,42059,462,42521,428
2021-05-15,Santa Barbara,083,443738,34380,34259,1113,35372,459
2021-05-15,Santa Clara,085,1922200,118333,119060,739,119799,2016
2021-05-15,Santa Cruz,087,273765,16200,16137,796,16933,206
2021-05-15,Shasta,089,179085,12155,12152,1533,13685,200
2021-05-15,Sierra,091,2930,56,54,12,66,0
2021-05-15,Siskiyou,093,43540,1890,1788,336,2124,15
2021-05-15,Solano,095,438530,32629,32604,542,33146,253
2021-05-15,Sonoma,097,501317,29885,30020,324,30344,321
2021-05-15,Stanislaus,099,539301,56033,55795,5832,61627,952
2021-05-15,Sutter,101,95872,9402,9436,83,9519,113
2021-05-15,Tehama,103,63373,5038,5012,552,5564,63
2021-05-15,Trinity,105,12862,483,328,87,415,3
2021-05-15,Tulare,107,460477,50109,49080,8827,57907,837
2021-05-15,Tuolumne,109,53932,4018,4064,42,4106,63
2021-05-15,Ventura,111,848112,81206,80662,2938,83600,1017
2021-05-15,Yolo,113,214977,13952,13932,227,14159,211
2021-05-15,Yuba,115,75493,6003,5979,119,6098,49
2021-05-14,Alameda,001,1643700,87639,87621,1897,89518,1249
2021-05-14,Alpine,003,1148,87,88,0,88,0
2021-05-14,Amador,005,37829,3659,3665,32,3697,46
2021-05-14,Butte,007,227075,12432,12076,1817,13893,192
2021-05-14,Calaveras,009,45235,2130,2121,13,2134,53
2021-05-14,Colusa,011,21464,1936,1940,300,2240,14
2021-05-14,Contra Costa,013,1133247,69079,68589,1241,69830,806
2021-05-14,Del Norte,015,27424,1393,1355,12,1367,8
2021-05-14,El Dorado,017,186661,10212,10143,731,10874,113
2021-05-14,Fresno,019,978130,102366,101917,8564,110481,1688
2021-05-14,Glenn,021,27897,2421,2398,552,2950,17
2021-05-14,Humboldt,023,135768,4137,4050,34,4084,37
2021-05-14,Imperial,025,180216,28537,28485,2674,31159,728
2021-05-14,Inyo,027,18085,1404,1400,12,1412,36
2021-05-14,Kern,029,883053,97045,96033,10685,106718,1311
2021-05-14,Kings,031,150075,23110,22910,1068,23978,246
2021-05-14,Lake,033,64148,3500,3483,9,3492,43
2021-05-14,Lassen,035,31185,5190,5154,107,5261,6
2021-05-14,Los Angeles,037,10098052,1205311,1196038,40522,1236560,24101
2021-05-14,Madera,039,155013,16571,16474,918,17392,238
2021-05-14,Marin,041,260295,14057,14010,246,14256,227
2021-05-14,Mariposa,043,17540,428,422,11,433,5
2021-05-14,Mendocino,045,87422,3934,3855,81,3936,46
2021-05-14,Merced,047,269075,30849,31010,1024,32034,450
2021-05-14,Modoc,049,8938,371,362,124,486,3
2021-05-14,Mono,051,14174,1254,1265,16,1281,3
2021-05-14,Monterey,053,433212,43105,42973,1832,44805,380
2021-05-14,Napa,055,140530,9863,9883,32,9915,82
2021-05-14,Nevada,057,99092,4779,4745,186,4931,70
2021-05-14,Orange,059,3164182,255005,253855,11167,265022,5028
2021-05-14,Placer,061,380077,23078,22660,1458,24118,287
2021-05-14,Plumas,063,18699,698,680,10,690,4
2021-05-14,Riverside,065,2383286,293586,288140,13793,301933,4433
2021-05-14,Sacramento,067,1510023,105151,104828,1712,106540,1627
2021-05-14,San Benito,069,59416,6047,6064,111,6175,63
2021-05-14,San Bernardino,071,2135413,292769,291834,8893,300727,4721
2021-05-14,San Diego,073,3302833,279798,278853,14813,293666,3732
2021-05-14,San Francisco,075,870044,36581,36771,1252,38023,545
2021-05-14,San Joaquin,077,732212,72748,72160,3452,75612,1359
2021-05-14,San Luis Obispo,079,281455,21295,21051,719,21770,256
2021-05-14,San Mateo,081,765935,42174,42041,462,42503,428
2021-05-14,Santa Barbara,083,443738,34370,34243,1113,35356,456
2021-05-14,Santa Clara,085,1922200,118304,119006,739,119745,2014
2021-05-14,Santa Cruz,087,273765,16195,16130,796,16926,207
2021-05-14,Shasta,089,179085,12149,12130,1528,13658,200
2021-05-14,Sierra,091,2930,56,54,12,66,0
2021-05-14,Siskiyou,093,43540,1883,1779,335,2114,14
2021-05-14,Solano,095,438530,32609,32585,541,33126,252
2021-05-14,Sonoma,097,501317,29866,30007,324,30331,321
2021-05-14,Stanislaus,099,539301,55998,55752,5826,61578,950
2021-05-14,Sutter,101,95872,9393,9433,81,9514,113
2021-05-14,Tehama,103,63373,5031,5005,552,5557,63
2021-05-14,Trinity,105,12862,483,328,87,415,3
2021-05-14,Tulare,107,460477,50092,49060,8822,57882,836
2021-05-14,Tuolumne,109,53932,4018,4060,42,4102,63
2021-05-14,Ventura,111,848112,81192,80628,2938,83566,1014
2021-05-14,Yolo,113,214977,13947,13922,223,14145,210
2021-05-14,Yuba,115,75493,5999,5970,119,6089,47
2021-05-13,Alameda,001,1643700,87596,87557,1896,89453,1250
2021-05-13,Alpine,003,1148,87,88,0,88,0
2021-05-13,Amador,005,37829,3659,3662,32,3694,46
2021-05-13,Butte,007,227075,12417,12051,1816,13867,196
2021-05-13,Calaveras,009,45235,2128,2120,13,2133,53
2021-05-13,Colusa,011,21464,1935,1939,296,2235,14
2021-05-13,Contra Costa,013,1133247,69031,68522,1240,69762,806
2021-05-13,Del Norte,015,27424,1391,1354,12,1366,8
2021-05-13,El Dorado,017,186661,10209,10133,731,10864,112
2021-05-13,Fresno,019,978130,102337,101862,8563,110425,1687
2021-05-13,Glenn,021,27897,2420,2395,552,2947,17
2021-05-13,Humboldt,023,135768,4119,4027,34,4061,37
2021-05-13,Imperial,025,180216,28522,28468,2672,31140,729
2021-05-13,Inyo,027,18085,1404,1400,12,1412,36
2021-05-13,Kern,029,883053,97021,95996,10667,106663,1311
2021-05-13,Kings,031,150075,23109,22904,1068,23972,246
2021-05-13,Lake,033,64148,3499,3479,9,3488,43
2021-05-13,Lassen,035,31185,5190,5152,106,5258,6
2021-05-13,Los Angeles,037,10098052,1205122,1195504,40508,1236012,24083
2021-05-13,Madera,039,155013,16563,16467,918,17385,238
2021-05-13,Marin,041,260295,14052,14004,244,14248,227
2021-05-13,Mariposa,043,17540,428,422,11,433,5
2021-05-13,Mendocino,045,87422,3930,3846,81,3927,46
2021-05-13,Merced,047,269075,30842,30989,1023,32012,450
2021-05-13,Modoc,049,8938,371,362,124,486,3
2021-05-13,Mono,051,14174,1254,1265,16,1281,3
2021-05-13,Monterey,053,433212,43090,42966,1832,44798,380
2021-05-13,Napa,055,140530,9856,9877,32,9909,82
2021-05-13,Nevada,057,99092,4775,4743,185,4928,70
2021-05-13,Orange,059,3164182,254960,253778,11165,264943,5026
2021-05-13,Placer,061,380077,23051,22668,1451,24119,288
2021-05-13,Plumas,063,18699,698,680,10,690,4
2021-05-13,Riverside,065,2383286,293520,288067,13788,301855,4433
2021-05-13,Sacramento,067,1510023,105065,104711,1710,106421,1626
2021-05-13,San Benito,069,59416,6045,6062,111,6173,63
2021-05-13,San Bernardino,071,2135413,292703,291765,8893,300658,4722
2021-05-13,San Diego,073,3302833,279684,278592,14796,293388,3729
2021-05-13,San Francisco,075,870044,36557,36741,1250,37991,544
2021-05-13,San Joaquin,077,732212,72706,72096,3448,75544,1357
2021-05-13,San Luis Obispo,079,281455,21280,21043,718,21761,255
2021-05-13,San Mateo,081,765935,42157,42059,462,42521,426
2021-05-13,Santa Barbara,083,443738,34358,34242,1113,35355,456
2021-05-13,Santa Clara,085,1922200,118277,118952,739,119691,2013
2021-05-13,Santa Cruz,087,273765,16189,16129,796,16925,208
2021-05-13,Shasta,089,179085,12129,12111,1524,13635,200
2021-05-13,Sierra,091,2930,56,54,12,66,0
2021-05-13,Siskiyou,093,43540,1876,1769,332,2101,14
2021-05-13,Solano,095,438530,32596,32548,539,33087,252
2021-05-13,Sonoma,097,501317,29841,29991,324,30315,321
2021-05-13,Stanislaus,099,539301,55960,55678,5820,61498,949
2021-05-13,Sutter,101,95872,9388,9431,80,9511,112
2021-05-13,Tehama,103,63373,5026,4997,552,5549,63
2021-05-13,Trinity,105,12862,482,327,86,413,3
2021-05-13,Tulare,107,460477,50066,49032,8814,57846,837
2021-05-13,Tuolumne,109,53932,4017,4059,42,4101,63
2021-05-13,Ventura,111,848112,81162,80615,2937,83552,1012
2021-05-13,Yolo,113,214977,13938,13914,221,14135,210
2021-05-13,Yuba,115,75493,5990,5962,119,6081,47
2021-05-12,Alameda,001,1643700,87564,87482,1894,89376,1261
2021-05-12,Alpine,003,1148,87,88,0,88,0
2021-05-12,Amador,005,37829,3659,3658,32,3690,46
2021-05-12,Butte,007,227075,12407,12026,1816,13842,199
2021-05-12,Calaveras,009,45235,2125,2119,13,2132,53
2021-05-12,Colusa,011,21464,1933,1939,295,2234,14
2021-05-12,Contra Costa,013,1133247,68972,68462,1234,69696,805
2021-05-12,Del Norte,015,27424,1389,1352,12,1364,8
2021-05-12,El Dorado,017,186661,10199,10123,731,10854,112
2021-05-12,Fresno,019,978130,102288,101838,8552,110390,1688
2021-05-12,Glenn,021,27897,2417,2391,552,2943,17
2021-05-12,Humboldt,023,135768,4091,3982,34,4016,37
2021-05-12,Imperial,025,180216,28504,28443,2669,31112,726
2021-05-12,Inyo,027,18085,1404,1400,12,1412,36
2021-05-12,Kern,029,883053,96985,95955,10660,106615,1310
2021-05-12,Kings,031,150075,23107,22896,1068,23964,246
2021-05-12,Lake,033,64148,3497,3476,9,3485,43
2021-05-12,Lassen,035,31185,5188,5151,106,5257,6
2021-05-12,Los Angeles,037,10098052,1204938,1195318,40492,1235810,24067
2021-05-12,Madera,039,155013,16556,16462,917,17379,238
2021-05-12,Marin,041,260295,14047,13997,244,14241,227
2021-05-12,Mariposa,043,17540,428,422,11,433,5
2021-05-12,Mendocino,045,87422,3920,3836,81,3917,46
2021-05-12,Merced,047,269075,30826,30941,1023,31964,450
2021-05-12,Modoc,049,8938,370,362,124,486,3
2021-05-12,Mono,051,14174,1254,1265,16,1281,3
2021-05-12,Monterey,053,433212,43078,42950,1831,44781,380
2021-05-12,Napa,055,140530,9850,9870,32,9902,82
2021-05-12,Nevada,057,99092,4771,4738,185,4923,70
2021-05-12,Orange,059,3164182,254909,253587,11161,264748,5024
2021-05-12,Placer,061,380077,23033,22652,1444,24096,288
2021-05-12,Plumas,063,18699,698,681,10,691,4
2021-05-12,Riverside,065,2383286,293450,287830,13784,301614,4431
2021-05-12,Sacramento,067,1510023,104970,104592,1708,106300,1621
2021-05-12,San Benito,069,59416,6045,6062,111,6173,63
2021-05-12,San Bernardino,071,2135413,292654,291505,8888,300393,4715
2021-05-12,San Diego,073,3302833,279580,278402,14775,293177,3729
2021-05-12,San Francisco,075,870044,36537,36720,1249,37969,544
2021-05-12,San Joaquin,077,732212,72652,72043,3444,75487,1356
2021-05-12,San Luis Obispo,079,281455,21270,21021,718,21739,255
2021-05-12,San Mateo,081,765935,42148,42038,461,42499,426
2021-05-12,Santa Barbara,083,443738,34350,34218,1113,35331,456
2021-05-12,Santa Clara,085,1922200,118233,118897,739,119636,2005
2021-05-12,Santa Cruz,087,273765,16183,16123,796,16919,207
2021-05-12,Shasta,089,179085,12109,12092,1522,13614,200
2021-05-12,Sierra,091,2930,56,54,12,66,0
2021-05-12,Siskiyou,093,43540,1872,1760,331,2091,13
2021-05-12,Solano,095,438530,32572,32519,539,33058,252
2021-05-12,Sonoma,097,501317,29829,29976,324,30300,320
2021-05-12,Stanislaus,099,539301,55919,55632,5813,61445,919
2021-05-12,Sutter,101,95872,9385,9427,80,9507,112
2021-05-12,Tehama,103,63373,5021,4989,552,5541,62
2021-05-12,Trinity,105,12862,482,327,86,413,3
2021-05-12,Tulare,107,460477,50050,49001,8806,57807,838
2021-05-12,Tuolumne,109,53932,4016,4056,42,4098,63
2021-05-12,Ventura,111,848112,81143,80577,2937,83514,1010
2021-05-12,Yolo,113,214977,13930,13910,220,14130,210
2021-05-12,Yuba,115,75493,5987,5956,119,6075,47
2021-05-11,Alameda,001,1643700,87499,87413,1890,89303,1290
2021-05-11,Alpine,003,1148,87,88,0,88,0
2021-05-11,Amador,005,37829,3657,3657,32,3689,46
2021-05-11,Butte,007,227075,12392,12008,1813,13821,199
2021-05-11,Calaveras,009,45235,2125,2118,13,2131,52
2021-05-11,Colusa,011,21464,1932,1939,295,2234,14
2021-05-11,Contra Costa,013,1133247,68912,68406,1233,69639,806
2021-05-11,Del Norte,015,27424,1387,1347,12,1359,8
2021-05-11,El Dorado,017,186661,10193,10108,730,10838,112
2021-05-11,Fresno,019,978130,102242,101792,8547,110339,1686
2021-05-11,Glenn,021,27897,2416,2387,551,2938,17
2021-05-11,Humboldt,023,135768,4070,3964,33,3997,37
2021-05-11,Imperial,025,180216,28496,28413,2665,31078,722
2021-05-11,Inyo,027,18085,1403,1402,12,1414,36
2021-05-11,Kern,029,883053,96957,95938,10647,106585,1310
2021-05-11,Kings,031,150075,23099,22887,1068,23955,246
2021-05-11,Lake,033,64148,3497,3473,9,3482,43
2021-05-11,Lassen,035,31185,5186,5148,106,5254,6
2021-05-11,Los Angeles,037,10098052,1204701,1195100,40475,1235575,24048
2021-05-11,Madera,039,155013,16552,16459,916,17375,238
2021-05-11,Marin,041,260295,14040,13987,244,14231,227
2021-05-11,Mariposa,043,17540,428,421,11,432,5
2021-05-11,Mendocino,045,87422,3912,3821,81,3902,46
2021-05-11,Merced,047,269075,30817,30893,1023,31916,449
2021-05-11,Modoc,049,8938,370,362,123,485,3
2021-05-11,Mono,051,14174,1254,1265,16,1281,3
2021-05-11,Monterey,053,433212,43070,42934,1830,44764,380
2021-05-11,Napa,055,140530,9843,9870,32,9902,81
2021-05-11,Nevada,057,99092,4767,4737,185,4922,70
2021-05-11,Orange,059,3164182,254845,253545,11154,264699,5017
2021-05-11,Placer,061,380077,23011,22615,1440,24055,287
2021-05-11,Plumas,063,18699,696,679,10,689,4
2021-05-11,Riverside,065,2383286,293388,287757,13779,301536,4429
2021-05-11,Sacramento,067,1510023,104871,104496,1705,106201,1616
2021-05-11,San Benito,069,59416,6042,6058,111,6169,63
2021-05-11,San Bernardino,071,2135413,292594,291421,8886,300307,4707
2021-05-11,San Diego,073,3302833,279445,278308,14756,293064,3725
2021-05-11,San Francisco,075,870044,36517,36707,1249,37956,543
2021-05-11,San Joaquin,077,732212,72604,71999,3441,75440,1356
2021-05-11,San Luis Obispo,079,281455,21263,21008,716,21724,255
2021-05-11,San Mateo,081,765935,42129,41985,460,42445,425
2021-05-11,Santa Barbara,083,443738,34340,34207,1113,35320,456
2021-05-11,Santa Clara,085,1922200,118186,118857,738,119595,2005
2021-05-11,Santa Cruz,087,273765,16179,16113,796,16909,206
2021-05-11,Shasta,089,179085,12086,12050,1516,13566,200
2021-05-11,Sierra,091,2930,56,54,12,66,0
2021-05-11,Siskiyou,093,43540,1862,1756,329,2085,13
2021-05-11,Solano,095,438530,32554,32499,537,33036,250
2021-05-11,Sonoma,097,501317,29814,29966,324,30290,318
2021-05-11,Stanislaus,099,539301,55871,55589,5809,61398,909
2021-05-11,Sutter,101,95872,9378,9417,80,9497,112
2021-05-11,Tehama,103,63373,5017,4985,551,5536,62
2021-05-11,Trinity,105,12862,482,327,85,412,3
2021-05-11,Tulare,107,460477,50023,48974,8792,57766,837
2021-05-11,Tuolumne,109,53932,4015,4056,42,4098,63
2021-05-11,Ventura,111,848112,81119,80544,2934,83478,1008
2021-05-11,Yolo,113,214977,13917,13902,217,14119,210
2021-05-11,Yuba,115,75493,5978,5950,119,6069,46
2021-05-10,Alameda,001,1643700,87431,87366,1889,89255,1284
2021-05-10,Alpine,003,1148,87,88,0,88,0
2021-05-10,Amador,005,37829,3656,3657,32,3689,46
2021-05-10,Butte,007,227075,12376,11993,1809,13802,199
2021-05-10,Calaveras,009,45235,2118,2118,13,2131,52
2021-05-10,Colusa,011,21464,1932,1939,295,2234,14
2021-05-10,Contra Costa,013,1133247,68848,68357,1233,69590,806
2021-05-10,Del Norte,015,27424,1384,1339,12,1351,8
2021-05-10,El Dorado,017,186661,10179,10093,730,10823,113
2021-05-10,Fresno,019,978130,102210,101755,8540,110295,1682
2021-05-10,Glenn,021,27897,2415,2384,550,2934,17
2021-05-10,Humboldt,023,135768,4040,3961,33,3994,36
2021-05-10,Imperial,025,180216,28482,28397,2661,31058,722
2021-05-10,Inyo,027,18085,1403,1401,12,1413,36
2021-05-10,Kern,029,883053,96914,95920,10633,106553,1310
2021-05-10,Kings,031,150075,23088,22884,1067,23951,246
2021-05-10,Lake,033,64148,3489,3471,9,3480,43
2021-05-10,Lassen,035,31185,5182,5148,106,5254,5
2021-05-10,Los Angeles,037,10098052,1204434,1194976,40460,1235436,24030
2021-05-10,Madera,039,155013,16542,16450,916,17366,238
2021-05-10,Marin,041,260295,14037,13981,244,14225,228
2021-05-10,Mariposa,043,17540,427,420,11,431,5
2021-05-10,Mendocino,045,87422,3906,3818,81,3899,46
2021-05-10,Merced,047,269075,30806,30880,1023,31903,448
2021-05-10,Modoc,049,8938,370,361,123,484,3
2021-05-10,Mono,051,14174,1254,1265,16,1281,3
2021-05-10,Monterey,053,433212,43064,42927,1825,44752,380
2021-05-10,Napa,055,140530,9841,9860,32,9892,81
2021-05-10,Nevada,057,99092,4760,4735,185,4920,70
2021-05-10,Orange,059,3164182,254792,253484,11148,264632,5008
2021-05-10,Placer,061,380077,22989,22590,1437,24027,286
2021-05-10,Plumas,063,18699,695,679,10,689,4
2021-05-10,Riverside,065,2383286,293319,287689,13773,301462,4427
2021-05-10,Sacramento,067,1510023,104759,104378,1700,106078,1613
2021-05-10,San Benito,069,59416,6041,6058,111,6169,63
2021-05-10,San Bernardino,071,2135413,292543,291360,8885,300245,4707
2021-05-10,San Diego,073,3302833,279281,278183,14729,292912,3725
2021-05-10,San Francisco,075,870044,36498,36683,1249,37932,543
2021-05-10,San Joaquin,077,732212,72567,71954,3427,75381,1356
2021-05-10,San Luis Obispo,079,281455,21245,20993,715,21708,256
2021-05-10,San Mateo,081,765935,42112,41926,460,42386,424
2021-05-10,Santa Barbara,083,443738,34332,34201,1113,35314,456
2021-05-10,Santa Clara,085,1922200,118127,118822,738,119560,2003
2021-05-10,Santa Cruz,087,273765,16174,16114,796,16910,206
2021-05-10,Shasta,089,179085,12072,12036,1512,13548,200
2021-05-10,Sierra,091,2930,56,54,12,66,0
2021-05-10,Siskiyou,093,43540,1852,1752,327,2079,13
2021-05-10,Solano,095,438530,32534,32466,535,33001,250
2021-05-10,Sonoma,097,501317,29799,29955,323,30278,318
2021-05-10,Stanislaus,099,539301,55797,55541,5803,61344,898
2021-05-10,Sutter,101,95872,9372,9412,80,9492,111
2021-05-10,Tehama,103,63373,5013,4980,551,5531,62
2021-05-10,Trinity,105,12862,482,327,83,410,3
2021-05-10,Tulare,107,460477,50000,48956,8786,57742,837
2021-05-10,Tuolumne,109,53932,4011,4054,41,4095,63
2021-05-10,Ventura,111,848112,81103,80501,2933,83434,1008
2021-05-10,Yolo,113,214977,13905,13898,215,14113,209
2021-05-10,Yuba,115,75493,5976,5942,119,6061,46
2021-05-09,Alameda,001,1643700,87361,87292,1886,89178,1284
2021-05-09,Alpine,003,1148,87,88,0,88,0
2021-05-09,Amador,005,37829,3654,3655,32,3687,46
2021-05-09,Butte,007,227075,12358,11985,1805,13790,199
2021-05-09,Calaveras,009,45235,2117,2116,13,2129,52
2021-05-09,Colusa,011,21464,1931,1940,295,2235,14
2021-05-09,Contra Costa,013,1133247,68785,68302,1231,69533,806
2021-05-09,Del Norte,015,27424,1377,1338,12,1350,8
2021-05-09,El Dorado,017,186661,10165,10089,726,10815,113
2021-05-09,Fresno,019,978130,102172,101729,8531,110260,1682
2021-05-09,Glenn,021,27897,2408,2382,547,2929,17
2021-05-09,Humboldt,023,135768,4020,3950,33,3983,36
2021-05-09,Imperial,025,180216,28459,28388,2653,31041,722
2021-05-09,Inyo,027,18085,1403,1401,11,1412,36
2021-05-09,Kern,029,883053,96886,95903,10623,106526,1310
2021-05-09,Kings,031,150075,23079,22878,1067,23945,246
2021-05-09,Lake,033,64148,3485,3471,9,3480,43
2021-05-09,Lassen,035,31185,5180,5147,106,5253,5
2021-05-09,Los Angeles,037,10098052,1204176,1194820,40445,1235265,24026
2021-05-09,Madera,039,155013,16533,16444,910,17354,238
2021-05-09,Marin,041,260295,14026,13979,243,14222,228
2021-05-09,Mariposa,043,17540,424,420,11,431,5
2021-05-09,Mendocino,045,87422,3896,3814,81,3895,46
2021-05-09,Merced,047,269075,30783,30883,1023,31906,448
2021-05-09,Modoc,049,8938,370,360,123,483,3
2021-05-09,Mono,051,14174,1254,1264,16,1280,3
2021-05-09,Monterey,053,433212,43046,42918,1825,44743,380
2021-05-09,Napa,055,140530,9830,9857,32,9889,81
2021-05-09,Nevada,057,99092,4753,4727,185,4912,70
2021-05-09,Orange,059,3164182,254738,253451,11140,264591,5008
2021-05-09,Placer,061,380077,22963,22566,1434,24000,286
2021-05-09,Plumas,063,18699,694,679,10,689,4
2021-05-09,Riverside,065,2383286,293239,287644,13767,301411,4427
2021-05-09,Sacramento,067,1510023,104610,104309,1694,106003,1612
2021-05-09,San Benito,069,59416,6039,6056,111,6167,63
2021-05-09,San Bernardino,071,2135413,292460,291337,8879,300216,4707
2021-05-09,San Diego,073,3302833,279114,277950,14707,292657,3725
2021-05-09,San Francisco,075,870044,36472,36669,1247,37916,543
2021-05-09,San Joaquin,077,732212,72521,71927,3426,75353,1356
2021-05-09,San Luis Obispo,079,281455,21234,20999,715,21714,256
2021-05-09,San Mateo,081,765935,42082,41903,460,42363,424
2021-05-09,Santa Barbara,083,443738,34319,34196,1112,35308,456
2021-05-09,Santa Clara,085,1922200,118073,118798,737,119535,2003
2021-05-09,Santa Cruz,087,273765,16168,16094,796,16890,206
2021-05-09,Shasta,089,179085,12042,12034,1507,13541,200
2021-05-09,Sierra,091,2930,56,54,12,66,0
2021-05-09,Siskiyou,093,43540,1845,1741,324,2065,13
2021-05-09,Solano,095,438530,32495,32434,533,32967,250
2021-05-09,Sonoma,097,501317,29785,29953,322,30275,318
2021-05-09,Stanislaus,099,539301,55731,55511,5799,61310,898
2021-05-09,Sutter,101,95872,9366,9413,80,9493,111
2021-05-09,Tehama,103,63373,5008,4979,551,5530,62
2021-05-09,Trinity,105,12862,482,327,83,410,3
2021-05-09,Tulare,107,460477,49973,48948,8781,57729,837
2021-05-09,Tuolumne,109,53932,4009,4053,41,4094,63
2021-05-09,Ventura,111,848112,81088,80487,2932,83419,1008
2021-05-09,Yolo,113,214977,13894,13897,215,14112,209
2021-05-09,Yuba,115,75493,5970,5934,119,6053,46
2021-05-08,Alameda,001,1643700,87319,87213,1882,89095,1284
2021-05-08,Alpine,003,1148,87,88,0,88,0
2021-05-08,Amador,005,37829,3652,3652,32,3684,46
2021-05-08,Butte,007,227075,12346,11962,1804,13766,199
2021-05-08,Calaveras,009,45235,2116,2114,13,2127,52
2021-05-08,Colusa,011,21464,1931,1939,295,2234,14
2021-05-08,Contra Costa,013,1133247,68752,68223,1229,69452,803
2021-05-08,Del Norte,015,27424,1374,1335,12,1347,8
2021-05-08,El Dorado,017,186661,10151,10079,726,10805,113
2021-05-08,Fresno,019,978130,102136,101676,8526,110202,1682
2021-05-08,Glenn,021,27897,2406,2382,545,2927,17
2021-05-08,Humboldt,023,135768,4004,3939,33,3972,36
2021-05-08,Imperial,025,180216,28450,28373,2653,31026,721
2021-05-08,Inyo,027,18085,1403,1402,11,1413,36
2021-05-08,Kern,029,883053,96861,95880,10610,106490,1310
2021-05-08,Kings,031,150075,23076,22872,1066,23938,246
2021-05-08,Lake,033,64148,3484,3470,9,3479,43
2021-05-08,Lassen,035,31185,5179,5145,106,5251,5
2021-05-08,Los Angeles,037,10098052,1204022,1194584,40429,1235013,24022
2021-05-08,Madera,039,155013,16529,16442,910,17352,238
2021-05-08,Marin,041,260295,14023,13974,242,14216,228
2021-05-08,Mariposa,043,17540,424,420,11,431,5
2021-05-08,Mendocino,045,87422,3891,3810,80,3890,46
2021-05-08,Merced,047,269075,30773,30876,1023,31899,448
2021-05-08,Modoc,049,8938,370,360,122,482,3
2021-05-08,Mono,051,14174,1254,1262,16,1278,3
2021-05-08,Monterey,053,433212,43041,42914,1824,44738,380
2021-05-08,Napa,055,140530,9823,9853,32,9885,81
2021-05-08,Nevada,057,99092,4750,4716,185,4901,70
2021-05-08,Orange,059,3164182,254704,253412,11136,264548,5006
2021-05-08,Placer,061,380077,22945,22547,1432,23979,286
2021-05-08,Plumas,063,18699,693,679,10,689,4
2021-05-08,Riverside,065,2383286,293196,287574,13765,301339,4427
2021-05-08,Sacramento,067,1510023,104525,104208,1691,105899,1610
2021-05-08,San Benito,069,59416,6038,6048,111,6159,63
2021-05-08,San Bernardino,071,2135413,292417,291296,8879,300175,4707
2021-05-08,San Diego,073,3302833,279031,277760,14689,292449,3725
2021-05-08,San Francisco,075,870044,36449,36642,1247,37889,543
2021-05-08,San Joaquin,077,732212,72492,71869,3417,75286,1356
2021-05-08,San Luis Obispo,079,281455,21223,20992,715,21707,256
2021-05-08,San Mateo,081,765935,42071,41871,460,42331,424
2021-05-08,Santa Barbara,083,443738,34306,34185,1112,35297,456
2021-05-08,Santa Clara,085,1922200,118042,118751,737,119488,2003
2021-05-08,Santa Cruz,087,273765,16165,16089,796,16885,206
2021-05-08,Shasta,089,179085,12032,12030,1503,13533,200
2021-05-08,Sierra,091,2930,56,54,12,66,0
2021-05-08,Siskiyou,093,43540,1844,1741,320,2061,13
2021-05-08,Solano,095,438530,32471,32395,531,32926,249
2021-05-08,Sonoma,097,501317,29772,29942,322,30264,318
2021-05-08,Stanislaus,099,539301,55700,55467,5795,61262,898
2021-05-08,Sutter,101,95872,9363,9413,80,9493,111
2021-05-08,Tehama,103,63373,5006,4977,551,5528,62
2021-05-08,Trinity,105,12862,482,327,83,410,3
2021-05-08,Tulare,107,460477,49960,48929,8771,57700,837
2021-05-08,Tuolumne,109,53932,4008,4050,41,4091,63
2021-05-08,Ventura,111,848112,81077,80481,2929,83410,1008
2021-05-08,Yolo,113,214977,13891,13894,214,14108,209
2021-05-08,Yuba,115,75493,5962,5928,119,6047,46
2021-05-07,Alameda,001,1643700,87266,87128,1882,89010,1280
2021-05-07,Alpine,003,1148,87,88,0,88,0
2021-05-07,Amador,005,37829,3649,3651,32,3683,46
2021-05-07,Butte,007,227075,12325,11943,1801,13744,199
2021-05-07,Calaveras,009,45235,2114,2114,13,2127,52
2021-05-07,Colusa,011,21464,1931,1937,295,2232,14
2021-05-07,Contra Costa,013,1133247,68705,68156,1227,69383,804
2021-05-07,Del Norte,015,27424,1369,1329,12,1341,8
2021-05-07,El Dorado,017,186661,10138,10065,725,10790,112
2021-05-07,Fresno,019,978130,102103,101625,8525,110150,1684
2021-05-07,Glenn,021,27897,2403,2381,544,2925,17
2021-05-07,Humboldt,023,135768,3989,3919,33,3952,36
2021-05-07,Imperial,025,180216,28442,28352,2653,31005,721
2021-05-07,Inyo,027,18085,1403,1402,11,1413,36
2021-05-07,Kern,029,883053,96848,95839,10598,106437,1308
2021-05-07,Kings,031,150075,23075,22857,1065,23922,246
2021-05-07,Lake,033,64148,3482,3467,9,3476,43
2021-05-07,Lassen,035,31185,5178,5144,105,5249,5
2021-05-07,Los Angeles,037,10098052,1203842,1194294,40422,1234716,24008
2021-05-07,Madera,039,155013,16524,16439,910,17349,238
2021-05-07,Marin,041,260295,14019,13968,242,14210,228
2021-05-07,Mariposa,043,17540,423,419,11,430,5
2021-05-07,Mendocino,045,87422,3885,3805,80,3885,46
2021-05-07,Merced,047,269075,30770,30862,1023,31885,446
2021-05-07,Modoc,049,8938,370,360,122,482,3
2021-05-07,Mono,051,14174,1253,1261,16,1277,3
2021-05-07,Monterey,053,433212,43035,42909,1822,44731,380
2021-05-07,Napa,055,140530,9822,9849,32,9881,81
2021-05-07,Nevada,057,99092,4746,4704,185,4889,70
2021-05-07,Orange,059,3164182,254664,253338,11128,264466,5000
2021-05-07,Placer,061,380077,22925,22524,1430,23954,286
2021-05-07,Plumas,063,18699,693,678,10,688,4
2021-05-07,Riverside,065,2383286,293138,287479,13764,301243,4426
2021-05-07,Sacramento,067,1510023,104453,104068,1686,105754,1609
2021-05-07,San Benito,069,59416,6037,6048,111,6159,63
2021-05-07,San Bernardino,071,2135413,292375,291185,8874,300059,4697
2021-05-07,San Diego,073,3302833,278945,277534,14673,292207,3718
2021-05-07,San Francisco,075,870044,36436,36616,1246,37862,543
2021-05-07,San Joaquin,077,732212,72451,71804,3415,75219,1351
2021-05-07,San Luis Obispo,079,281455,21216,20979,715,21694,256
2021-05-07,San Mateo,081,765935,42056,41844,460,42304,424
2021-05-07,Santa Barbara,083,443738,34296,34166,1112,35278,453
2021-05-07,Santa Clara,085,1922200,118009,118691,736,119427,2002
2021-05-07,Santa Cruz,087,273765,16162,16074,796,16870,206
2021-05-07,Shasta,089,179085,12010,12005,1501,13506,200
2021-05-07,Sierra,091,2930,56,54,12,66,0
2021-05-07,Siskiyou,093,43540,1841,1723,320,2043,13
2021-05-07,Solano,095,438530,32443,32352,529,32881,249
2021-05-07,Sonoma,097,501317,29754,29925,320,30245,318
2021-05-07,Stanislaus,099,539301,55660,55407,5790,61197,896
2021-05-07,Sutter,101,95872,9363,9407,80,9487,111
2021-05-07,Tehama,103,63373,4999,4974,551,5525,57
2021-05-07,Trinity,105,12862,482,327,83,410,3
2021-05-07,Tulare,107,460477,49943,48913,8766,57679,837
2021-05-07,Tuolumne,109,53932,4006,4048,41,4089,63
2021-05-07,Ventura,111,848112,81053,80444,2929,83373,1008
2021-05-07,Yolo,113,214977,13885,13875,213,14088,209
2021-05-07,Yuba,115,75493,5952,5910,119,6029,46
2021-05-06,Alameda,001,1643700,87190,87028,1879,88907,1278
2021-05-06,Alpine,003,1148,87,88,0,88,0
2021-05-06,Amador,005,37829,3647,3650,32,3682,46
2021-05-06,Butte,007,227075,12305,11929,1796,13725,198
2021-05-06,Calaveras,009,45235,2114,2111,13,2124,52
2021-05-06,Colusa,011,21464,1931,1935,295,2230,14
2021-05-06,Contra Costa,013,1133247,68650,68076,1224,69300,802
2021-05-06,Del Norte,015,27424,1361,1324,12,1336,6
2021-05-06,El Dorado,017,186661,10131,10048,725,10773,112
2021-05-06,Fresno,019,978130,102059,101536,8521,110057,1680
2021-05-06,Glenn,021,27897,2402,2380,543,2923,17
2021-05-06,Humboldt,023,135768,3964,3898,33,3931,36
2021-05-06,Imperial,025,180216,28431,28311,2652,30963,720
2021-05-06,Inyo,027,18085,1403,1401,11,1412,36
2021-05-06,Kern,029,883053,96823,95801,10581,106382,1307
2021-05-06,Kings,031,150075,23068,22848,1064,23912,246
2021-05-06,Lake,033,64148,3481,3465,9,3474,43
2021-05-06,Lassen,035,31185,5177,5143,105,5248,1
2021-05-06,Los Angeles,037,10098052,1203600,1193954,40406,1234360,23991
2021-05-06,Madera,039,155013,16516,16430,910,17340,238
2021-05-06,Marin,041,260295,14015,13956,242,14198,228
2021-05-06,Mariposa,043,17540,422,419,11,430,5
2021-05-06,Mendocino,045,87422,3874,3802,80,3882,46
2021-05-06,Merced,047,269075,30755,30863,1022,31885,444
2021-05-06,Modoc,049,8938,370,360,122,482,3
2021-05-06,Mono,051,14174,1251,1261,16,1277,3
2021-05-06,Monterey,053,433212,43020,42899,1822,44721,379
2021-05-06,Napa,055,140530,9816,9843,32,9875,81
2021-05-06,Nevada,057,99092,4745,4687,185,4872,70
2021-05-06,Orange,059,3164182,254596,253286,11122,264408,4991
2021-05-06,Placer,061,380077,22903,22493,1430,23923,286
2021-05-06,Plumas,063,18699,693,678,10,688,4
2021-05-06,Riverside,065,2383286,293065,287399,13759,301158,4422
2021-05-06,Sacramento,067,1510023,104337,103956,1683,105639,1609
2021-05-06,San Benito,069,59416,6036,6045,111,6156,63
2021-05-06,San Bernardino,071,2135413,292305,291085,8873,299958,4683
2021-05-06,San Diego,073,3302833,278818,277324,14650,291974,3716
2021-05-06,San Francisco,075,870044,36421,36599,1246,37845,543
2021-05-06,San Joaquin,077,732212,72396,71729,3412,75141,1350
2021-05-06,San Luis Obispo,079,281455,21204,20965,713,21678,256
2021-05-06,San Mateo,081,765935,42037,41802,459,42261,424
2021-05-06,Santa Barbara,083,443738,34283,34152,1112,35264,453
2021-05-06,Santa Clara,085,1922200,117968,118591,736,119327,2001
2021-05-06,Santa Cruz,087,273765,16155,16050,796,16846,206
2021-05-06,Shasta,089,179085,11988,11983,1495,13478,199
2021-05-06,Sierra,091,2930,56,54,12,66,0
2021-05-06,Siskiyou,093,43540,1831,1711,319,2030,12
2021-05-06,Solano,095,438530,32417,32320,521,32841,249
2021-05-06,Sonoma,097,501317,29746,29911,320,30231,318
2021-05-06,Stanislaus,099,539301,55604,55323,5785,61108,834
2021-05-06,Sutter,101,95872,9357,9396,80,9476,111
2021-05-06,Tehama,103,63373,4994,4970,551,5521,53
2021-05-06,Trinity,105,12862,482,327,83,410,3
2021-05-06,Tulare,107,460477,49918,48890,8751,57641,836
2021-05-06,Tuolumne,109,53932,4002,4047,41,4088,63
2021-05-06,Ventura,111,848112,81022,80411,2926,83337,1005
2021-05-06,Yolo,113,214977,13877,13871,210,14081,209
2021-05-06,Yuba,115,75493,5940,5901,119,6020,46
2021-05-05,Alameda,001,1643700,87129,86950,1877,88827,1278
2021-05-05,Alpine,003,1148,87,88,0,88,0
2021-05-05,Amador,005,37829,3644,3650,32,3682,46
2021-05-05,Butte,007,227075,12287,11907,1793,13700,198
2021-05-05,Calaveras,009,45235,2110,2103,13,2116,52
2021-05-05,Colusa,011,21464,1930,1933,295,2228,14
2021-05-05,Contra Costa,013,1133247,68585,67997,1220,69217,803
2021-05-05,Del Norte,015,27424,1358,1317,12,1329,6
2021-05-05,El Dorado,017,186661,10120,10020,724,10744,111
2021-05-05,Fresno,019,978130,102010,101491,8512,110003,1680
2021-05-05,Glenn,021,27897,2399,2380,542,2922,17
2021-05-05,Humboldt,023,135768,3945,3886,32,3918,36
2021-05-05,Imperial,025,180216,28390,28295,2645,30940,720
2021-05-05,Inyo,027,18085,1402,1401,11,1412,36
2021-05-05,Kern,029,883053,96779,95753,10577,106330,1304
2021-05-05,Kings,031,150075,23062,22840,1063,23903,246
2021-05-05,Lake,033,64148,3478,3458,9,3467,43
2021-05-05,Lassen,035,31185,5177,5143,104,5247,1
2021-05-05,Los Angeles,037,10098052,1203333,1193608,40392,1234000,23977
2021-05-05,Madera,039,155013,16514,16423,910,17333,235
2021-05-05,Marin,041,260295,14007,13950,241,14191,228
2021-05-05,Mariposa,043,17540,422,418,11,429,5
2021-05-05,Mendocino,045,87422,3870,3799,80,3879,46
2021-05-05,Merced,047,269075,30734,30844,1022,31866,444
2021-05-05,Modoc,049,8938,369,361,121,482,3
2021-05-05,Mono,051,14174,1251,1260,16,1276,3
2021-05-05,Monterey,053,433212,43007,42870,1819,44689,379
2021-05-05,Napa,055,140530,9810,9833,32,9865,81
2021-05-05,Nevada,057,99092,4742,4666,185,4851,70
2021-05-05,Orange,059,3164182,254538,253237,11117,264354,4978
2021-05-05,Placer,061,380077,22871,22362,1426,23788,287
2021-05-05,Plumas,063,18699,693,677,10,687,4
2021-05-05,Riverside,065,2383286,292970,287353,13750,301103,4414
2021-05-05,Sacramento,067,1510023,104249,103476,1678,105154,1607
2021-05-05,San Benito,069,59416,6027,6046,111,6157,63
2021-05-05,San Bernardino,071,2135413,292230,291008,8869,299877,4677
2021-05-05,San Diego,073,3302833,278681,277098,14631,291729,3716
2021-05-05,San Francisco,075,870044,36407,36577,1245,37822,543
2021-05-05,San Joaquin,077,732212,72343,71638,3409,75047,1345
2021-05-05,San Luis Obispo,079,281455,21196,20958,713,21671,256
2021-05-05,San Mateo,081,765935,42008,41755,458,42213,415
2021-05-05,Santa Barbara,083,443738,34268,34139,1111,35250,453
2021-05-05,Santa Clara,085,1922200,117938,118482,733,119215,1992
2021-05-05,Santa Cruz,087,273765,16149,16013,796,16809,207
2021-05-05,Shasta,089,179085,11972,11939,1491,13430,200
2021-05-05,Sierra,091,2930,56,54,12,66,0
2021-05-05,Siskiyou,093,43540,1814,1706,311,2017,11
2021-05-05,Solano,095,438530,32382,32250,519,32769,249
2021-05-05,Sonoma,097,501317,29733,29879,320,30199,318
2021-05-05,Stanislaus,099,539301,55547,55231,5783,61014,807
2021-05-05,Sutter,101,95872,9351,9387,80,9467,111
2021-05-05,Tehama,103,63373,4990,4968,551,5519,53
2021-05-05,Trinity,105,12862,482,326,83,409,3
2021-05-05,Tulare,107,460477,49894,48875,8744,57619,835
2021-05-05,Tuolumne,109,53932,3999,4040,41,4081,63
2021-05-05,Ventura,111,848112,80994,80372,2922,83294,1005
2021-05-05,Yolo,113,214977,13873,13846,208,14054,209
2021-05-05,Yuba,115,75493,5930,5895,118,6013,44
2021-05-04,Alameda,001,1643700,87037,86894,1877,88771,1277
2021-05-04,Alpine,003,1148,87,88,0,88,0
2021-05-04,Amador,005,37829,3644,3650,32,3682,46
2021-05-04,Butte,007,227075,12263,11883,1792,13675,198
2021-05-04,Calaveras,009,45235,2106,2100,13,2113,52
2021-05-04,Colusa,011,21464,1929,1933,295,2228,14
2021-05-04,Contra Costa,013,1133247,68505,67931,1218,69149,799
2021-05-04,Del Norte,015,27424,1358,1314,12,1326,6
2021-05-04,El Dorado,017,186661,10109,10009,720,10729,110
2021-05-04,Fresno,019,978130,101955,101451,8505,109956,1677
2021-05-04,Glenn,021,27897,2396,2379,539,2918,17
2021-05-04,Humboldt,023,135768,3919,3877,32,3909,36
2021-05-04,Imperial,025,180216,28371,28276,2642,30918,720
2021-05-04,Inyo,027,18085,1402,1399,11,1410,36
2021-05-04,Kern,029,883053,96743,95720,10559,106279,1301
2021-05-04,Kings,031,150075,23048,22822,1060,23882,246
2021-05-04,Lake,033,64148,3477,3454,9,3463,43
2021-05-04,Lassen,035,31185,5176,5142,104,5246,1
2021-05-04,Los Angeles,037,10098052,1203043,1193453,40379,1233832,23957
2021-05-04,Madera,039,155013,16513,16418,910,17328,235
2021-05-04,Marin,041,260295,13999,13935,241,14176,228
2021-05-04,Mariposa,043,17540,422,418,11,429,5
2021-05-04,Mendocino,045,87422,3865,3794,80,3874,46
2021-05-04,Merced,047,269075,30717,30829,1022,31851,444
2021-05-04,Modoc,049,8938,368,360,120,480,3
2021-05-04,Mono,051,14174,1251,1260,16,1276,3
2021-05-04,Monterey,053,433212,42995,42845,1818,44663,380
2021-05-04,Napa,055,140530,9801,9824,32,9856,81
2021-05-04,Nevada,057,99092,4735,4656,185,4841,70
2021-05-04,Orange,059,3164182,254470,253177,11109,264286,4977
2021-05-04,Placer,061,380077,22843,22326,1423,23749,287
2021-05-04,Plumas,063,18699,692,675,10,685,4
2021-05-04,Riverside,065,2383286,292886,287285,13743,301028,4411
2021-05-04,Sacramento,067,1510023,104120,103383,1673,105056,1604
2021-05-04,San Benito,069,59416,6026,6039,111,6150,63
2021-05-04,San Bernardino,071,2135413,292153,290934,8862,299796,4668
2021-05-04,San Diego,073,3302833,278514,276879,14614,291493,3713
2021-05-04,San Francisco,075,870044,36389,36550,1245,37795,541
2021-05-04,San Joaquin,077,732212,72282,71582,3404,74986,1342
2021-05-04,San Luis Obispo,079,281455,21190,20923,711,21634,255
2021-05-04,San Mateo,081,765935,41982,41708,458,42166,415
2021-05-04,Santa Barbara,083,443738,34253,34131,1110,35241,453
2021-05-04,Santa Clara,085,1922200,117875,118431,732,119163,1988
2021-05-04,Santa Cruz,087,273765,16143,16005,796,16801,207
2021-05-04,Shasta,089,179085,11952,11923,1485,13408,198
2021-05-04,Sierra,091,2930,56,54,12,66,0
2021-05-04,Siskiyou,093,43540,1807,1694,309,2003,11
2021-05-04,Solano,095,438530,32341,32220,517,32737,249
2021-05-04,Sonoma,097,501317,29713,29867,319,30186,318
2021-05-04,Stanislaus,099,539301,55491,55165,5780,60945,807
2021-05-04,Sutter,101,95872,9346,9375,80,9455,111
2021-05-04,Tehama,103,63373,4987,4959,550,5509,53
2021-05-04,Trinity,105,12862,482,326,83,409,3
2021-05-04,Tulare,107,460477,49867,48857,8736,57593,835
2021-05-04,Tuolumne,109,53932,3997,4041,41,4082,61
2021-05-04,Ventura,111,848112,80965,80351,2920,83271,1005
2021-05-04,Yolo,113,214977,13860,13820,206,14026,208
2021-05-04,Yuba,115,75493,5924,5891,118,6009,44
2021-05-03,Alameda,001,1643700,86961,86845,1872,88717,1272
2021-05-03,Alpine,003,1148,87,88,0,88,0
2021-05-03,Amador,005,37829,3644,3651,32,3683,46
2021-05-03,Butte,007,227075,12253,11864,1789,13653,198
2021-05-03,Calaveras,009,45235,2104,2099,13,2112,50
2021-05-03,Colusa,011,21464,1928,1931,293,2224,14
2021-05-03,Contra Costa,013,1133247,68446,67895,1214,69109,799
2021-05-03,Del Norte,015,27424,1353,1306,11,1317,6
2021-05-03,El Dorado,017,186661,10091,9984,715,10699,110
2021-05-03,Fresno,019,978130,101899,101405,8494,109899,1678
2021-05-03,Glenn,021,27897,2396,2375,538,2913,17
2021-05-03,Humboldt,023,135768,3904,3865,32,3897,36
2021-05-03,Imperial,025,180216,28349,28280,2639,30919,720
2021-05-03,Inyo,027,18085,1401,1398,11,1409,36
2021-05-03,Kern,029,883053,96706,95693,10548,106241,1299
2021-05-03,Kings,031,150075,23039,22821,1060,23881,246
2021-05-03,Lake,033,64148,3475,3446,9,3455,43
2021-05-03,Lassen,035,31185,5175,5142,104,5246,1
2021-05-03,Los Angeles,037,10098052,1202775,1193261,40353,1233614,23942
2021-05-03,Madera,039,155013,16508,16414,909,17323,235
2021-05-03,Marin,041,260295,13993,13927,241,14168,228
2021-05-03,Mariposa,043,17540,422,418,11,429,5
2021-05-03,Mendocino,045,87422,3858,3792,80,3872,46
2021-05-03,Merced,047,269075,30706,30814,1020,31834,444
2021-05-03,Modoc,049,8938,368,360,120,480,3
2021-05-03,Mono,051,14174,1251,1259,16,1275,3
2021-05-03,Monterey,053,433212,42983,42837,1816,44653,380
2021-05-03,Napa,055,140530,9796,9815,32,9847,81
2021-05-03,Nevada,057,99092,4727,4650,185,4835,70
2021-05-03,Orange,059,3164182,254411,253107,11100,264207,4968
2021-05-03,Placer,061,380077,22812,22289,1417,23706,287
2021-05-03,Plumas,063,18699,691,675,10,685,4
2021-05-03,Riverside,065,2383286,292812,287233,13742,300975,4412
2021-05-03,Sacramento,067,1510023,103967,103303,1663,104966,1602
2021-05-03,San Benito,069,59416,6025,6038,111,6149,63
2021-05-03,San Bernardino,071,2135413,292085,290886,8859,299745,4659
2021-05-03,San Diego,073,3302833,278351,276693,14589,291282,3712
2021-05-03,San Francisco,075,870044,36363,36538,1245,37783,541
2021-05-03,San Joaquin,077,732212,72232,71504,3401,74905,1325
2021-05-03,San Luis Obispo,079,281455,21174,20915,708,21623,254
2021-05-03,San Mateo,081,765935,41959,41689,457,42146,413
2021-05-03,Santa Barbara,083,443738,34241,34119,1110,35229,453
2021-05-03,Santa Clara,085,1922200,117821,118373,731,119104,1988
2021-05-03,Santa Cruz,087,273765,16140,16000,796,16796,207
2021-05-03,Shasta,089,179085,11929,11890,1480,13370,197
2021-05-03,Sierra,091,2930,56,54,12,66,0
2021-05-03,Siskiyou,093,43540,1801,1683,303,1986,11
2021-05-03,Solano,095,438530,32300,32201,516,32717,249
2021-05-03,Sonoma,097,501317,29701,29855,316,30171,318
2021-05-03,Stanislaus,099,539301,55425,55116,5771,60887,774
2021-05-03,Sutter,101,95872,9334,9370,80,9450,111
2021-05-03,Tehama,103,63373,4979,4952,550,5502,53
2021-05-03,Trinity,105,12862,482,326,83,409,3
2021-05-03,Tulare,107,460477,49849,48844,8726,57570,835
2021-05-03,Tuolumne,109,53932,3996,4038,41,4079,61
2021-05-03,Ventura,111,848112,80943,80291,2920,83211,1005
2021-05-03,Yolo,113,214977,13846,13809,205,14014,208
2021-05-03,Yuba,115,75493,5919,5880,118,5998,44
2021-05-02,Alameda,001,1643700,86876,86784,1870,88654,1272
2021-05-02,Alpine,003,1148,87,88,0,88,0
2021-05-02,Amador,005,37829,3644,3650,32,3682,46
2021-05-02,Butte,007,227075,12229,11859,1787,13646,198
2021-05-02,Calaveras,009,45235,2100,2098,13,2111,50
2021-05-02,Colusa,011,21464,1927,1931,292,2223,14
2021-05-02,Contra Costa,013,1133247,68361,67843,1212,69055,800
2021-05-02,Del Norte,015,27424,1346,1305,11,1316,6
2021-05-02,El Dorado,017,186661,10076,9962,714,10676,110
2021-05-02,Fresno,019,978130,101827,101372,8483,109855,1678
2021-05-02,Glenn,021,27897,2395,2374,536,2910,17
2021-05-02,Humboldt,023,135768,3892,3858,31,3889,36
2021-05-02,Imperial,025,180216,28315,28275,2630,30905,721
2021-05-02,Inyo,027,18085,1399,1398,11,1409,36
2021-05-02,Kern,029,883053,96648,95668,10541,106209,1299
2021-05-02,Kings,031,150075,23021,22816,1059,23875,246
2021-05-02,Lake,033,64148,3473,3443,9,3452,43
2021-05-02,Lassen,035,31185,5174,5142,103,5245,1
2021-05-02,Los Angeles,037,10098052,1202423,1193056,40332,1233388,23943
2021-05-02,Madera,039,155013,16502,16410,909,17319,235
2021-05-02,Marin,041,260295,13983,13917,241,14158,228
2021-05-02,Mariposa,043,17540,422,419,11,430,5
2021-05-02,Mendocino,045,87422,3853,3787,80,3867,46
2021-05-02,Merced,047,269075,30686,30793,1016,31809,444
2021-05-02,Modoc,049,8938,367,360,120,480,3
2021-05-02,Mono,051,14174,1250,1259,16,1275,3
2021-05-02,Monterey,053,433212,42969,42837,1815,44652,380
2021-05-02,Napa,055,140530,9792,9805,32,9837,81
2021-05-02,Nevada,057,99092,4711,4635,185,4820,70
2021-05-02,Orange,059,3164182,254337,253025,11086,264111,4968
2021-05-02,Placer,061,380077,22783,22264,1414,23678,287
2021-05-02,Plumas,063,18699,691,675,10,685,4
2021-05-02,Riverside,065,2383286,292712,287197,13732,300929,4412
2021-05-02,Sacramento,067,1510023,103828,103153,1655,104808,1602
2021-05-02,San Benito,069,59416,6020,6037,111,6148,63
2021-05-02,San Bernardino,071,2135413,291986,290859,8857,299716,4655
2021-05-02,San Diego,073,3302833,278155,276521,14562,291083,3712
2021-05-02,San Francisco,075,870044,36337,36522,1245,37767,541
2021-05-02,San Joaquin,077,732212,72168,71447,3395,74842,1325
2021-05-02,San Luis Obispo,079,281455,21153,20910,707,21617,254
2021-05-02,San Mateo,081,765935,41943,41656,456,42112,412
2021-05-02,Santa Barbara,083,443738,34227,34106,1110,35216,453
2021-05-02,Santa Clara,085,1922200,117747,118321,731,119052,1988
2021-05-02,Santa Cruz,087,273765,16135,15995,795,16790,207
2021-05-02,Shasta,089,179085,11913,11885,1472,13357,197
2021-05-02,Sierra,091,2930,56,54,12,66,0
2021-05-02,Siskiyou,093,43540,1790,1661,302,1963,11
2021-05-02,Solano,095,438530,32261,32151,512,32663,249
2021-05-02,Sonoma,097,501317,29679,29842,316,30158,318
2021-05-02,Stanislaus,099,539301,55351,55057,5764,60821,774
2021-05-02,Sutter,101,95872,9328,9363,80,9443,111
2021-05-02,Tehama,103,63373,4974,4950,548,5498,53
2021-05-02,Trinity,105,12862,482,326,83,409,3
2021-05-02,Tulare,107,460477,49831,48834,8718,57552,835
2021-05-02,Tuolumne,109,53932,3993,4038,41,4079,61
2021-05-02,Ventura,111,848112,80905,80284,2919,83203,1005
2021-05-02,Yolo,113,214977,13834,13799,204,14003,208
2021-05-02,Yuba,115,75493,5909,5879,118,5997,44
2021-05-01,Alameda,001,1643700,86833,86704,1867,88571,1270
2021-05-01,Alpine,003,1148,87,88,0,88,0
2021-05-01,Amador,005,37829,3644,3650,32,3682,46
2021-05-01,Butte,007,227075,12215,11845,1782,13627,198
2021-05-01,Calaveras,009,45235,2098,2096,13,2109,50
2021-05-01,Colusa,011,21464,1926,1931,292,2223,14
2021-05-01,Contra Costa,013,1133247,68309,67779,1209,68988,800
2021-05-01,Del Norte,015,27424,1345,1292,11,1303,6
2021-05-01,El Dorado,017,186661,10062,9944,712,10656,110
2021-05-01,Fresno,019,978130,101782,101326,8477,109803,1678
2021-05-01,Glenn,021,27897,2392,2369,535,2904,17
2021-05-01,Humboldt,023,135768,3878,3845,31,3876,36
2021-05-01,Imperial,025,180216,28308,28262,2630,30892,721
2021-05-01,Inyo,027,18085,1399,1397,11,1408,36
2021-05-01,Kern,029,883053,96621,95645,10530,106175,1299
2021-05-01,Kings,031,150075,23018,22797,1058,23855,246
2021-05-01,Lake,033,64148,3471,3441,9,3450,43
2021-05-01,Lassen,035,31185,5172,5142,103,5245,1
2021-05-01,Los Angeles,037,10098052,1202253,1192781,40318,1233099,23946
2021-05-01,Madera,039,155013,16498,16408,909,17317,235
2021-05-01,Marin,041,260295,13975,13902,241,14143,228
2021-05-01,Mariposa,043,17540,422,418,11,429,5
2021-05-01,Mendocino,045,87422,3851,3782,80,3862,46
2021-05-01,Merced,047,269075,30669,30771,1015,31786,444
2021-05-01,Modoc,049,8938,367,361,120,481,3
2021-05-01,Mono,051,14174,1250,1258,16,1274,3
2021-05-01,Monterey,053,433212,42963,42828,1815,44643,379
2021-05-01,Napa,055,140530,9789,9800,32,9832,81
2021-05-01,Nevada,057,99092,4706,4625,185,4810,70
2021-05-01,Orange,059,3164182,254294,252969,11076,264045,4964
2021-05-01,Placer,061,380077,22757,22240,1412,23652,287
2021-05-01,Plumas,063,18699,690,675,10,685,4
2021-05-01,Riverside,065,2383286,292673,287129,13730,300859,4412
2021-05-01,Sacramento,067,1510023,103747,103043,1654,104697,1602
2021-05-01,San Benito,069,59416,6017,6030,111,6141,63
2021-05-01,San Bernardino,071,2135413,291943,290802,8856,299658,4652
2021-05-01,San Diego,073,3302833,278031,276367,14541,290908,3706
2021-05-01,San Francisco,075,870044,36322,36496,1245,37741,541
2021-05-01,San Joaquin,077,732212,72119,71389,3393,74782,1325
2021-05-01,San Luis Obispo,079,281455,21148,20896,707,21603,254
2021-05-01,San Mateo,081,765935,41914,41617,455,42072,411
2021-05-01,Santa Barbara,083,443738,34222,34085,1109,35194,453
2021-05-01,Santa Clara,085,1922200,117695,118265,729,118994,1988
2021-05-01,Santa Cruz,087,273765,16132,15984,795,16779,207
2021-05-01,Shasta,089,179085,11893,11878,1465,13343,197
2021-05-01,Sierra,091,2930,56,53,12,65,0
2021-05-01,Siskiyou,093,43540,1782,1653,301,1954,11
2021-05-01,Solano,095,438530,32231,32124,504,32628,249
2021-05-01,Sonoma,097,501317,29676,29835,316,30151,318
2021-05-01,Stanislaus,099,539301,55316,55005,5758,60763,774
2021-05-01,Sutter,101,95872,9325,9358,80,9438,110
2021-05-01,Tehama,103,63373,4973,4950,547,5497,53
2021-05-01,Trinity,105,12862,482,326,82,408,3
2021-05-01,Tulare,107,460477,49824,48818,8712,57530,835
2021-05-01,Tuolumne,109,53932,3987,4035,41,4076,61
2021-05-01,Ventura,111,848112,80887,80268,2919,83187,1005
2021-05-01,Yolo,113,214977,13827,13784,202,13986,208
2021-05-01,Yuba,115,75493,5907,5875,118,5993,44
2021-04-30,Alameda,001,1643700,86772,86602,1864,88466,1268
2021-04-30,Alpine,003,1148,87,88,0,88,0
2021-04-30,Amador,005,37829,3642,3650,32,3682,46
2021-04-30,Butte,007,227075,12196,11812,1778,13590,197
2021-04-30,Calaveras,009,45235,2097,2087,13,2100,50
2021-04-30,Colusa,011,21464,1926,1931,291,2222,14
2021-04-30,Contra Costa,013,1133247,68261,67684,1206,68890,800
2021-04-30,Del Norte,015,27424,1333,1276,11,1287,6
2021-04-30,El Dorado,017,186661,10048,9906,712,10618,110
2021-04-30,Fresno,019,978130,101736,101263,8473,109736,1670
2021-04-30,Glenn,021,27897,2391,2369,535,2904,17
2021-04-30,Humboldt,023,135768,3865,3834,31,3865,36
2021-04-30,Imperial,025,180216,28299,28244,2627,30871,721
2021-04-30,Inyo,027,18085,1399,1397,11,1408,36
2021-04-30,Kern,029,883053,96604,95605,10526,106131,1298
2021-04-30,Kings,031,150075,23015,22793,1057,23850,246
2021-04-30,Lake,033,64148,3467,3440,9,3449,43
2021-04-30,Lassen,035,31185,5171,5140,103,5243,1
2021-04-30,Los Angeles,037,10098052,1202042,1192393,40305,1232698,23919
2021-04-30,Madera,039,155013,16492,16395,909,17304,235
2021-04-30,Marin,041,260295,13967,13895,239,14134,228
2021-04-30,Mariposa,043,17540,422,417,11,428,5
2021-04-30,Mendocino,045,87422,3847,3777,80,3857,46
2021-04-30,Merced,047,269075,30656,30740,1014,31754,444
2021-04-30,Modoc,049,8938,366,360,120,480,3
2021-04-30,Mono,051,14174,1250,1258,16,1274,3
2021-04-30,Monterey,053,433212,42949,42810,1814,44624,379
2021-04-30,Napa,055,140530,9785,9792,32,9824,81
2021-04-30,Nevada,057,99092,4698,4608,185,4793,70
2021-04-30,Orange,059,3164182,254237,252883,11070,263953,4956
2021-04-30,Placer,061,380077,22738,22190,1408,23598,287
2021-04-30,Plumas,063,18699,690,677,10,687,4
2021-04-30,Riverside,065,2383286,292615,287030,13723,300753,4412
2021-04-30,Sacramento,067,1510023,103646,102864,1650,104514,1596
2021-04-30,San Benito,069,59416,6013,6024,110,6134,63
2021-04-30,San Bernardino,071,2135413,291883,290704,8855,299559,4640
2021-04-30,San Diego,073,3302833,277935,276157,14530,290687,3702
2021-04-30,San Francisco,075,870044,36311,36453,1244,37697,538
2021-04-30,San Joaquin,077,732212,72067,71311,3390,74701,1306
2021-04-30,San Luis Obispo,079,281455,21142,20884,707,21591,255
2021-04-30,San Mateo,081,765935,41900,41583,454,42037,380
2021-04-30,Santa Barbara,083,443738,34209,34061,1109,35170,451
2021-04-30,Santa Clara,085,1922200,117637,118170,725,118895,1988
2021-04-30,Santa Cruz,087,273765,16127,15975,795,16770,207
2021-04-30,Shasta,089,179085,11872,11848,1462,13310,197
2021-04-30,Sierra,091,2930,56,53,12,65,0
2021-04-30,Siskiyou,093,43540,1771,1628,298,1926,11
2021-04-30,Solano,095,438530,32199,32050,501,32551,249
2021-04-30,Sonoma,097,501317,29666,29816,314,30130,318
2021-04-30,Stanislaus,099,539301,55265,54938,5755,60693,774
2021-04-30,Sutter,101,95872,9323,9353,80,9433,110
2021-04-30,Tehama,103,63373,4970,4944,547,5491,53
2021-04-30,Trinity,105,12862,482,326,82,408,3
2021-04-30,Tulare,107,460477,49814,48797,8696,57493,836
2021-04-30,Tuolumne,109,53932,3986,4033,41,4074,61
2021-04-30,Ventura,111,848112,80847,80232,2914,83146,1004
2021-04-30,Yolo,113,214977,13815,13756,202,13958,208
2021-04-30,Yuba,115,75493,5899,5870,118,5988,44
2021-04-29,Alameda,001,1643700,86705,86490,1863,88353,1263
2021-04-29,Alpine,003,1148,87,88,0,88,0
2021-04-29,Amador,005,37829,3642,3649,32,3681,46
2021-04-29,Butte,007,227075,12181,11787,1776,13563,196
2021-04-29,Calaveras,009,45235,2094,2082,13,2095,50
2021-04-29,Colusa,011,21464,1926,1929,291,2220,14
2021-04-29,Contra Costa,013,1133247,68206,67606,1203,68809,795
2021-04-29,Del Norte,015,27424,1329,1271,11,1282,6
2021-04-29,El Dorado,017,186661,10028,9884,709,10593,107
2021-04-29,Fresno,019,978130,101682,101189,8462,109651,1667
2021-04-29,Glenn,021,27897,2388,2369,535,2904,17
2021-04-29,Humboldt,023,135768,3851,3815,31,3846,36
2021-04-29,Imperial,025,180216,28287,28235,2626,30861,720
2021-04-29,Inyo,027,18085,1399,1396,11,1407,36
2021-04-29,Kern,029,883053,96571,95547,10522,106069,1295
2021-04-29,Kings,031,150075,23005,22777,1052,23829,245
2021-04-29,Lake,033,64148,3459,3438,9,3447,43
2021-04-29,Lassen,035,31185,5171,5140,103,5243,1
2021-04-29,Los Angeles,037,10098052,1201764,1192068,40284,1232352,23899
2021-04-29,Madera,039,155013,16487,16383,908,17291,235
2021-04-29,Marin,041,260295,13963,13884,231,14115,228
2021-04-29,Mariposa,043,17540,421,416,11,427,5
2021-04-29,Mendocino,045,87422,3841,3774,80,3854,46
2021-04-29,Merced,047,269075,30637,30706,1013,31719,444
2021-04-29,Modoc,049,8938,366,360,120,480,3
2021-04-29,Mono,051,14174,1247,1259,16,1275,3
2021-04-29,Monterey,053,433212,42932,42797,1813,44610,379
2021-04-29,Napa,055,140530,9771,9789,32,9821,81
2021-04-29,Nevada,057,99092,4687,4590,185,4775,70
2021-04-29,Orange,059,3164182,254167,252823,11055,263878,4934
2021-04-29,Placer,061,380077,22713,22161,1406,23567,286
2021-04-29,Plumas,063,18699,689,676,10,686,4
2021-04-29,Riverside,065,2383286,292547,286947,13721,300668,4409
2021-04-29,Sacramento,067,1510023,103513,102686,1641,104327,1593
2021-04-29,San Benito,069,59416,6012,6023,110,6133,63
2021-04-29,San Bernardino,071,2135413,291811,290606,8850,299456,4609
2021-04-29,San Diego,073,3302833,277784,275961,14513,290474,3700
2021-04-29,San Francisco,075,870044,36286,36412,1244,37656,537
2021-04-29,San Joaquin,077,732212,72001,71225,3385,74610,1301
2021-04-29,San Luis Obispo,079,281455,21131,20876,707,21583,255
2021-04-29,San Mateo,081,765935,41872,41538,453,41991,358
2021-04-29,Santa Barbara,083,443738,34193,34039,1107,35146,448
2021-04-29,Santa Clara,085,1922200,117582,118082,722,118804,1984
2021-04-29,Santa Cruz,087,273765,16121,15961,795,16756,205
2021-04-29,Shasta,089,179085,11841,11836,1454,13290,193
2021-04-29,Sierra,091,2930,56,53,12,65,0
2021-04-29,Siskiyou,093,43540,1762,1615,295,1910,11
2021-04-29,Solano,095,438530,32158,32002,497,32499,248
2021-04-29,Sonoma,097,501317,29651,29785,311,30096,318
2021-04-29,Stanislaus,099,539301,55198,54836,5750,60586,774
2021-04-29,Sutter,101,95872,9316,9346,80,9426,110
2021-04-29,Tehama,103,63373,4962,4939,547,5486,53
2021-04-29,Trinity,105,12862,482,326,82,408,3
2021-04-29,Tulare,107,460477,49796,48785,8685,57470,832
2021-04-29,Tuolumne,109,53932,3985,4030,41,4071,58
2021-04-29,Ventura,111,848112,80813,80188,2912,83100,1002
2021-04-29,Yolo,113,214977,13795,13745,201,13946,205
2021-04-29,Yuba,115,75493,5889,5865,118,5983,44
2021-04-28,Alameda,001,1643700,86633,86390,1859,88249,1260
2021-04-28,Alpine,003,1148,87,88,0,88,0
2021-04-28,Amador,005,37829,3642,3646,32,3678,46
2021-04-28,Butte,007,227075,12161,11762,1771,13533,196
2021-04-28,Calaveras,009,45235,2090,2078,12,2090,50
2021-04-28,Colusa,011,21464,1923,1927,290,2217,14
2021-04-28,Contra Costa,013,1133247,68146,67539,1201,68740,795
2021-04-28,Del Norte,015,27424,1321,1267,11,1278,6
2021-04-28,El Dorado,017,186661,10003,9873,709,10582,107
2021-04-28,Fresno,019,978130,101635,101161,8452,109613,1666
2021-04-28,Glenn,021,27897,2385,2368,535,2903,17
2021-04-28,Humboldt,023,135768,3835,3796,31,3827,36
2021-04-28,Imperial,025,180216,28273,28177,2625,30802,720
2021-04-28,Inyo,027,18085,1399,1396,10,1406,36
2021-04-28,Kern,029,883053,96542,95494,10513,106007,1295
2021-04-28,Kings,031,150075,22993,22767,1050,23817,245
2021-04-28,Lake,033,64148,3456,3433,9,3442,43
2021-04-28,Lassen,035,31185,5171,5138,103,5241,1
2021-04-28,Los Angeles,037,10098052,1201462,1191729,40257,1231986,23858
2021-04-28,Madera,039,155013,16483,16372,908,17280,235
2021-04-28,Marin,041,260295,13952,13866,231,14097,227
2021-04-28,Mariposa,043,17540,418,415,11,426,5
2021-04-28,Mendocino,045,87422,3835,3770,78,3848,46
2021-04-28,Merced,047,269075,30619,30649,1013,31662,443
2021-04-28,Modoc,049,8938,366,360,120,480,3
2021-04-28,Mono,051,14174,1247,1258,16,1274,3
2021-04-28,Monterey,053,433212,42927,42776,1813,44589,379
2021-04-28,Napa,055,140530,9760,9777,32,9809,81
2021-04-28,Nevada,057,99092,4667,4570,185,4755,70
2021-04-28,Orange,059,3164182,254087,252747,11043,263790,4931
2021-04-28,Placer,061,380077,22686,22115,1405,23520,285
2021-04-28,Plumas,063,18699,689,676,10,686,4
2021-04-28,Riverside,065,2383286,292491,286868,13715,300583,4407
2021-04-28,Sacramento,067,1510023,103392,102613,1637,104250,1591
2021-04-28,San Benito,069,59416,6010,6021,110,6131,63
2021-04-28,San Bernardino,071,2135413,291732,290548,8840,299388,4582
2021-04-28,San Diego,073,3302833,277630,275821,14499,290320,3698
2021-04-28,San Francisco,075,870044,36256,36382,1243,37625,534
2021-04-28,San Joaquin,077,732212,71921,71171,3377,74548,1301
2021-04-28,San Luis Obispo,079,281455,21123,20851,707,21558,255
2021-04-28,San Mateo,081,765935,41847,41498,451,41949,358
2021-04-28,Santa Barbara,083,443738,34179,34003,1107,35110,448
2021-04-28,Santa Clara,085,1922200,117513,117997,720,118717,1969
2021-04-28,Santa Cruz,087,273765,16117,15943,794,16737,205
2021-04-28,Shasta,089,179085,11825,11815,1447,13262,192
2021-04-28,Sierra,091,2930,56,51,12,63,0
2021-04-28,Siskiyou,093,43540,1749,1603,292,1895,11
2021-04-28,Solano,095,438530,32126,31982,492,32474,248
2021-04-28,Sonoma,097,501317,29637,29773,307,30080,318
2021-04-28,Stanislaus,099,539301,55143,54745,5747,60492,774
2021-04-28,Sutter,101,95872,9311,9343,80,9423,110
2021-04-28,Tehama,103,63373,4957,4930,546,5476,53
2021-04-28,Trinity,105,12862,482,326,82,408,3
2021-04-28,Tulare,107,460477,49778,48754,8670,57424,832
2021-04-28,Tuolumne,109,53932,3982,4029,41,4070,58
2021-04-28,Ventura,111,848112,80778,80172,2910,83082,1000
2021-04-28,Yolo,113,214977,13781,13721,200,13921,205
2021-04-28,Yuba,115,75493,5883,5857,118,5975,44
2021-04-27,Alameda,001,1643700,86543,86301,1853,88154,1260
2021-04-27,Alpine,003,1148,87,88,0,88,0
2021-04-27,Amador,005,37829,3642,3645,32,3677,46
2021-04-27,Butte,007,227075,12136,11738,1765,13503,196
2021-04-27,Calaveras,009,45235,2088,2076,12,2088,50
2021-04-27,Colusa,011,21464,1922,1926,290,2216,14
2021-04-27,Contra Costa,013,1133247,68077,67470,1197,68667,791
2021-04-27,Del Norte,015,27424,1309,1266,11,1277,6
2021-04-27,El Dorado,017,186661,9974,9866,706,10572,106
2021-04-27,Fresno,019,978130,101570,101138,8442,109580,1663
2021-04-27,Glenn,021,27897,2385,2368,535,2903,17
2021-04-27,Humboldt,023,135768,3823,3780,31,3811,35
2021-04-27,Imperial,025,180216,28257,28149,2619,30768,720
2021-04-27,Inyo,027,18085,1399,1396,10,1406,36
2021-04-27,Kern,029,883053,96485,95466,10503,105969,1295
2021-04-27,Kings,031,150075,22978,22759,1048,23807,244
2021-04-27,Lake,033,64148,3455,3431,9,3440,43
2021-04-27,Lassen,035,31185,5171,5137,103,5240,1
2021-04-27,Los Angeles,037,10098052,1201139,1191504,40227,1231731,23825
2021-04-27,Madera,039,155013,16476,16365,908,17273,235
2021-04-27,Marin,041,260295,13931,13855,231,14086,227
2021-04-27,Mariposa,043,17540,417,413,11,424,5
2021-04-27,Mendocino,045,87422,3831,3765,78,3843,46
2021-04-27,Merced,047,269075,30578,30620,1013,31633,443
2021-04-27,Modoc,049,8938,365,360,120,480,3
2021-04-27,Mono,051,14174,1247,1257,16,1273,3
2021-04-27,Monterey,053,433212,42909,42752,1810,44562,379
2021-04-27,Napa,055,140530,9753,9774,30,9804,81
2021-04-27,Nevada,057,99092,4652,4557,185,4742,70
2021-04-27,Orange,059,3164182,254017,252667,11038,263705,4925
2021-04-27,Placer,061,380077,22657,22050,1401,23451,285
2021-04-27,Plumas,063,18699,688,675,10,685,4
2021-04-27,Riverside,065,2383286,292415,286820,13711,300531,4405
2021-04-27,Sacramento,067,1510023,103263,102595,1627,104222,1589
2021-04-27,San Benito,069,59416,6005,6016,110,6126,63
2021-04-27,San Bernardino,071,2135413,291665,290461,8835,299296,4575
2021-04-27,San Diego,073,3302833,277473,275685,14479,290164,3692
2021-04-27,San Francisco,075,870044,36228,36358,1242,37600,533
2021-04-27,San Joaquin,077,732212,71868,71104,3371,74475,1301
2021-04-27,San Luis Obispo,079,281455,21116,20841,707,21548,255
2021-04-27,San Mateo,081,765935,41812,41474,450,41924,358
2021-04-27,Santa Barbara,083,443738,34155,33973,1106,35079,448
2021-04-27,Santa Clara,085,1922200,117463,117945,719,118664,1969
2021-04-27,Santa Cruz,087,273765,16110,15905,793,16698,205
2021-04-27,Shasta,089,179085,11797,11802,1440,13242,192
2021-04-27,Sierra,091,2930,56,51,12,63,0
2021-04-27,Siskiyou,093,43540,1734,1597,291,1888,11
2021-04-27,Solano,095,438530,32078,31964,491,32455,248
2021-04-27,Sonoma,097,501317,29619,29761,306,30067,318
2021-04-27,Stanislaus,099,539301,55073,54695,5739,60434,752
2021-04-27,Sutter,101,95872,9306,9342,80,9422,110
2021-04-27,Tehama,103,63373,4954,4922,542,5464,53
2021-04-27,Trinity,105,12862,482,326,82,408,3
2021-04-27,Tulare,107,460477,49761,48744,8661,57405,832
2021-04-27,Tuolumne,109,53932,3979,4028,41,4069,58
2021-04-27,Ventura,111,848112,80749,80152,2908,83060,1000
2021-04-27,Yolo,113,214977,13767,13697,199,13896,205
2021-04-27,Yuba,115,75493,5883,5853,118,5971,44
2021-04-26,Alameda,001,1643700,86449,86230,1850,88080,1256
2021-04-26,Alpine,003,1148,87,88,0,88,0
2021-04-26,Amador,005,37829,3641,3645,32,3677,46
2021-04-26,Butte,007,227075,12112,11720,1761,13481,196
2021-04-26,Calaveras,009,45235,2082,2074,12,2086,50
2021-04-26,Colusa,011,21464,1922,1925,289,2214,14
2021-04-26,Contra Costa,013,1133247,68010,67392,1193,68585,789
2021-04-26,Del Norte,015,27424,1300,1263,11,1274,6
2021-04-26,El Dorado,017,186661,9953,9849,705,10554,106
2021-04-26,Fresno,019,978130,101515,101099,8429,109528,1662
2021-04-26,Glenn,021,27897,2383,2367,535,2902,17
2021-04-26,Humboldt,023,135768,3813,3764,30,3794,35
2021-04-26,Imperial,025,180216,28244,28148,2616,30764,720
2021-04-26,Inyo,027,18085,1398,1396,10,1406,36
2021-04-26,Kern,029,883053,96458,95429,10497,105926,1295
2021-04-26,Kings,031,150075,22975,22756,1045,23801,244
2021-04-26,Lake,033,64148,3450,3428,9,3437,43
2021-04-26,Lassen,035,31185,5171,5138,103,5241,1
2021-04-26,Los Angeles,037,10098052,1200810,1191253,40208,1231461,23802
2021-04-26,Madera,039,155013,16464,16353,907,17260,231
2021-04-26,Marin,041,260295,13916,13849,231,14080,227
2021-04-26,Mariposa,043,17540,416,410,11,421,5
2021-04-26,Mendocino,045,87422,3829,3757,77,3834,46
2021-04-26,Merced,047,269075,30561,30611,1010,31621,443
2021-04-26,Modoc,049,8938,365,360,120,480,3
2021-04-26,Mono,051,14174,1247,1258,16,1274,3
2021-04-26,Monterey,053,433212,42893,42740,1809,44549,379
2021-04-26,Napa,055,140530,9741,9769,30,9799,79
2021-04-26,Nevada,057,99092,4631,4548,185,4733,70
2021-04-26,Orange,059,3164182,253934,252592,11028,263620,4919
2021-04-26,Placer,061,380077,22629,22032,1396,23428,285
2021-04-26,Plumas,063,18699,688,670,10,680,4
2021-04-26,Riverside,065,2383286,292353,286724,13703,300427,4401
2021-04-26,Sacramento,067,1510023,103091,102459,1615,104074,1587
2021-04-26,San Benito,069,59416,6003,6013,110,6123,63
2021-04-26,San Bernardino,071,2135413,291613,290394,8834,299228,4572
2021-04-26,San Diego,073,3302833,277298,275541,14451,289992,3692
2021-04-26,San Francisco,075,870044,36200,36330,1241,37571,532
2021-04-26,San Joaquin,077,732212,71802,71050,3363,74413,1301
2021-04-26,San Luis Obispo,079,281455,21108,20830,706,21536,255
2021-04-26,San Mateo,081,765935,41782,41457,450,41907,357
2021-04-26,Santa Barbara,083,443738,34124,33948,1106,35054,448
2021-04-26,Santa Clara,085,1922200,117363,117874,716,118590,1968
2021-04-26,Santa Cruz,087,273765,16101,15877,793,16670,205
2021-04-26,Shasta,089,179085,11780,11787,1434,13221,192
2021-04-26,Sierra,091,2930,55,51,12,63,0
2021-04-26,Siskiyou,093,43540,1724,1592,288,1880,11
2021-04-26,Solano,095,438530,32033,31913,489,32402,247
2021-04-26,Sonoma,097,501317,29596,29755,304,30059,318
2021-04-26,Stanislaus,099,539301,54983,54638,5733,60371,744
2021-04-26,Sutter,101,95872,9301,9328,80,9408,110
2021-04-26,Tehama,103,63373,4949,4920,539,5459,53
2021-04-26,Trinity,105,12862,482,326,82,408,3
2021-04-26,Tulare,107,460477,49741,48735,8652,57387,831
2021-04-26,Tuolumne,109,53932,3978,4024,41,4065,58
2021-04-26,Ventura,111,848112,80724,80137,2905,83042,999
2021-04-26,Yolo,113,214977,13747,13684,196,13880,205
2021-04-26,Yuba,115,75493,5881,5851,118,5969,44
2021-04-25,Alameda,001,1643700,86348,86162,1844,88006,1256
2021-04-25,Alpine,003,1148,87,87,0,87,0
2021-04-25,Amador,005,37829,3640,3643,32,3675,46
2021-04-25,Butte,007,227075,12083,11709,1754,13463,196
2021-04-25,Calaveras,009,45235,2077,2072,11,2083,50
2021-04-25,Colusa,011,21464,1921,1924,289,2213,14
2021-04-25,Contra Costa,013,1133247,67918,67316,1192,68508,789
2021-04-25,Del Norte,015,27424,1294,1259,11,1270,6
2021-04-25,El Dorado,017,186661,9936,9837,703,10540,106
2021-04-25,Fresno,019,978130,101456,101061,8417,109478,1662
2021-04-25,Glenn,021,27897,2383,2366,535,2901,17
2021-04-25,Humboldt,023,135768,3800,3751,30,3781,35
2021-04-25,Imperial,025,180216,28218,28136,2614,30750,720
2021-04-25,Inyo,027,18085,1398,1396,10,1406,36
2021-04-25,Kern,029,883053,96392,95398,10485,105883,1295
2021-04-25,Kings,031,150075,22961,22755,1043,23798,244
2021-04-25,Lake,033,64148,3448,3427,9,3436,43
2021-04-25,Lassen,035,31185,5169,5138,103,5241,1
2021-04-25,Los Angeles,037,10098052,1200474,1190970,40188,1231158,23799
2021-04-25,Madera,039,155013,16452,16346,907,17253,231
2021-04-25,Marin,041,260295,13907,13852,231,14083,227
2021-04-25,Mariposa,043,17540,416,410,11,421,5
2021-04-25,Mendocino,045,87422,3822,3757,77,3834,46
2021-04-25,Merced,047,269075,30527,30586,1009,31595,443
2021-04-25,Modoc,049,8938,365,360,120,480,3
2021-04-25,Mono,051,14174,1247,1257,16,1273,3
2021-04-25,Monterey,053,433212,42880,42737,1807,44544,379
2021-04-25,Napa,055,140530,9736,9762,30,9792,79
2021-04-25,Nevada,057,99092,4619,4536,185,4721,70
2021-04-25,Orange,059,3164182,253858,252531,11022,263553,4919
2021-04-25,Placer,061,380077,22583,22011,1388,23399,285
2021-04-25,Plumas,063,18699,687,670,10,680,4
2021-04-25,Riverside,065,2383286,292260,286651,13697,300348,4401
2021-04-25,Sacramento,067,1510023,102923,102319,1605,103924,1587
2021-04-25,San Benito,069,59416,6001,6014,109,6123,63
2021-04-25,San Bernardino,071,2135413,291537,290357,8826,299183,4571
2021-04-25,San Diego,073,3302833,277085,275412,14418,289830,3692
2021-04-25,San Francisco,075,870044,36169,36310,1241,37551,532
2021-04-25,San Joaquin,077,732212,71707,70987,3353,74340,1301
2021-04-25,San Luis Obispo,079,281455,21089,20820,704,21524,255
2021-04-25,San Mateo,081,765935,41747,41465,449,41914,356
2021-04-25,Santa Barbara,083,443738,34098,33931,1106,35037,448
2021-04-25,Santa Clara,085,1922200,117284,117778,714,118492,1968
2021-04-25,Santa Cruz,087,273765,16095,15868,791,16659,205
2021-04-25,Shasta,089,179085,11757,11784,1429,13213,192
2021-04-25,Sierra,091,2930,55,51,12,63,0
2021-04-25,Siskiyou,093,43540,1713,1580,286,1866,11
2021-04-25,Solano,095,438530,31986,31864,481,32345,247
2021-04-25,Sonoma,097,501317,29578,29756,304,30060,318
2021-04-25,Stanislaus,099,539301,54887,54543,5725,60268,744
2021-04-25,Sutter,101,95872,9295,9326,80,9406,110
2021-04-25,Tehama,103,63373,4945,4916,537,5453,53
2021-04-25,Trinity,105,12862,482,326,82,408,3
2021-04-25,Tulare,107,460477,49725,48728,8639,57367,831
2021-04-25,Tuolumne,109,53932,3976,4022,41,4063,58
2021-04-25,Ventura,111,848112,80700,80110,2905,83015,999
2021-04-25,Yolo,113,214977,13721,13667,195,13862,205
2021-04-25,Yuba,115,75493,5878,5849,117,5966,44
2021-04-24,Alameda,001,1643700,86293,86016,1842,87858,1257
2021-04-24,Alpine,003,1148,87,86,0,86,0
2021-04-24,Amador,005,37829,3639,3640,32,3672,46
2021-04-24,Butte,007,227075,12067,11678,1752,13430,196
2021-04-24,Calaveras,009,45235,2073,2067,11,2078,50
2021-04-24,Colusa,011,21464,1920,1921,289,2210,14
2021-04-24,Contra Costa,013,1133247,67847,67222,1190,68412,789
2021-04-24,Del Norte,015,27424,1289,1255,11,1266,6
2021-04-24,El Dorado,017,186661,9925,9814,702,10516,106
2021-04-24,Fresno,019,978130,101425,100991,8411,109402,1662
2021-04-24,Glenn,021,27897,2383,2363,535,2898,17
2021-04-24,Humboldt,023,135768,3786,3722,30,3752,35
2021-04-24,Imperial,025,180216,28211,28124,2613,30737,720
2021-04-24,Inyo,027,18085,1397,1396,10,1406,36
2021-04-24,Kern,029,883053,96373,95365,10475,105840,1295
2021-04-24,Kings,031,150075,22958,22749,1043,23792,244
2021-04-24,Lake,033,64148,3447,3426,9,3435,43
2021-04-24,Lassen,035,31185,5168,5137,103,5240,1
2021-04-24,Los Angeles,037,10098052,1200242,1190603,40172,1230775,23802
2021-04-24,Madera,039,155013,16449,16338,907,17245,231
2021-04-24,Marin,041,260295,13899,13847,231,14078,227
2021-04-24,Mariposa,043,17540,416,409,11,420,5
2021-04-24,Mendocino,045,87422,3820,3754,75,3829,46
2021-04-24,Merced,047,269075,30507,30559,1009,31568,443
2021-04-24,Modoc,049,8938,365,360,120,480,3
2021-04-24,Mono,051,14174,1247,1256,16,1272,3
2021-04-24,Monterey,053,433212,42868,42727,1806,44533,379
2021-04-24,Napa,055,140530,9730,9756,30,9786,79
2021-04-24,Nevada,057,99092,4612,4522,185,4707,70
2021-04-24,Orange,059,3164182,253814,252441,11016,263457,4910
2021-04-24,Placer,061,380077,22570,21983,1387,23370,285
2021-04-24,Plumas,063,18699,686,670,10,680,4
2021-04-24,Riverside,065,2383286,292192,286552,13693,300245,4400
2021-04-24,Sacramento,067,1510023,102840,102179,1598,103777,1587
2021-04-24,San Benito,069,59416,5999,6007,109,6116,63
2021-04-24,San Bernardino,071,2135413,291489,290264,8825,299089,4568
2021-04-24,San Diego,073,3302833,276982,275252,14398,289650,3688
2021-04-24,San Francisco,075,870044,36140,36285,1237,37522,532
2021-04-24,San Joaquin,077,732212,71664,70911,3350,74261,1301
2021-04-24,San Luis Obispo,079,281455,21079,20797,703,21500,255
2021-04-24,San Mateo,081,765935,41734,41424,447,41871,355
2021-04-24,Santa Barbara,083,443738,34083,33911,1105,35016,448
2021-04-24,Santa Clara,085,1922200,117229,117674,712,118386,1968
2021-04-24,Santa Cruz,087,273765,16087,15840,791,16631,205
2021-04-24,Shasta,089,179085,11739,11770,1426,13196,192
2021-04-24,Sierra,091,2930,55,51,12,63,0
2021-04-24,Siskiyou,093,43540,1703,1574,285,1859,11
2021-04-24,Solano,095,438530,31963,31821,478,32299,247
2021-04-24,Sonoma,097,501317,29576,29739,304,30043,318
2021-04-24,Stanislaus,099,539301,54838,54455,5722,60177,744
2021-04-24,Sutter,101,95872,9292,9316,80,9396,110
2021-04-24,Tehama,103,63373,4940,4907,537,5444,53
2021-04-24,Trinity,105,12862,482,326,82,408,3
2021-04-24,Tulare,107,460477,49714,48705,8629,57334,830
2021-04-24,Tuolumne,109,53932,3972,4020,41,4061,58
2021-04-24,Ventura,111,848112,80687,80097,2903,83000,999
2021-04-24,Yolo,113,214977,13710,13653,195,13848,205
2021-04-24,Yuba,115,75493,5876,5837,117,5954,44
2021-04-23,Alameda,001,1643700,86219,85935,1839,87774,1256
2021-04-23,Alpine,003,1148,86,86,0,86,0
2021-04-23,Amador,005,37829,3638,3637,32,3669,46
2021-04-23,Butte,007,227075,12046,11672,1747,13419,196
2021-04-23,Calaveras,009,45235,2070,2064,11,2075,50
2021-04-23,Colusa,011,21464,1919,1921,289,2210,14
2021-04-23,Contra Costa,013,1133247,67793,67164,1188,68352,785
2021-04-23,Del Norte,015,27424,1288,1254,11,1265,6
2021-04-23,El Dorado,017,186661,9907,9788,699,10487,106
2021-04-23,Fresno,019,978130,101384,100928,8405,109333,1662
2021-04-23,Glenn,021,27897,2383,2361,534,2895,17
2021-04-23,Humboldt,023,135768,3776,3698,30,3728,35
2021-04-23,Imperial,025,180216,28196,28108,2612,30720,720
2021-04-23,Inyo,027,18085,1397,1395,10,1405,36
2021-04-23,Kern,029,883053,96348,95330,10469,105799,1295
2021-04-23,Kings,031,150075,22955,22735,1043,23778,244
2021-04-23,Lake,033,64148,3445,3425,9,3434,43
2021-04-23,Lassen,035,31185,5168,5141,103,5244,1
2021-04-23,Los Angeles,037,10098052,1199972,1190264,40148,1230412,23785
2021-04-23,Madera,039,155013,16440,16328,907,17235,231
2021-04-23,Marin,041,260295,13894,13838,231,14069,227
2021-04-23,Mariposa,043,17540,415,405,11,416,5
2021-04-23,Mendocino,045,87422,3818,3745,74,3819,46
2021-04-23,Merced,047,269075,30490,30530,1008,31538,443
2021-04-23,Modoc,049,8938,365,360,120,480,3
2021-04-23,Mono,051,14174,1245,1256,16,1272,3
2021-04-23,Monterey,053,433212,42862,42722,1806,44528,377
2021-04-23,Napa,055,140530,9725,9752,30,9782,79
2021-04-23,Nevada,057,99092,4603,4510,185,4695,70
2021-04-23,Orange,059,3164182,253770,252399,11009,263408,4904
2021-04-23,Placer,061,380077,22547,21959,1386,23345,282
2021-04-23,Plumas,063,18699,685,670,10,680,4
2021-04-23,Riverside,065,2383286,292133,286456,13688,300144,4399
2021-04-23,Sacramento,067,1510023,102753,102041,1595,103636,1586
2021-04-23,San Benito,069,59416,5997,6005,109,6114,63
2021-04-23,San Bernardino,071,2135413,291438,290189,8824,299013,4568
2021-04-23,San Diego,073,3302833,276843,275097,14375,289472,3684
2021-04-23,San Francisco,075,870044,36124,36252,1236,37488,532
2021-04-23,San Joaquin,077,732212,71608,70840,3347,74187,1295
2021-04-23,San Luis Obispo,079,281455,21070,20781,702,21483,255
2021-04-23,San Mateo,081,765935,41708,41386,447,41833,355
2021-04-23,Santa Barbara,083,443738,34073,33895,1103,34998,447
2021-04-23,Santa Clara,085,1922200,117167,117593,711,118304,1965
2021-04-23,Santa Cruz,087,273765,16080,15802,791,16593,205
2021-04-23,Shasta,089,179085,11732,11759,1425,13184,192
2021-04-23,Sierra,091,2930,55,51,12,63,0
2021-04-23,Siskiyou,093,43540,1691,1567,284,1851,11
2021-04-23,Solano,095,438530,31931,31784,474,32258,247
2021-04-23,Sonoma,097,501317,29562,29727,304,30031,318
2021-04-23,Stanislaus,099,539301,54776,54391,5714,60105,744
2021-04-23,Sutter,101,95872,9290,9312,80,9392,110
2021-04-23,Tehama,103,63373,4937,4906,537,5443,53
2021-04-23,Trinity,105,12862,482,326,82,408,3
2021-04-23,Tulare,107,460477,49697,48694,8622,57316,829
2021-04-23,Tuolumne,109,53932,3971,4020,41,4061,58
2021-04-23,Ventura,111,848112,80668,80095,2903,82998,996
2021-04-23,Yolo,113,214977,13698,13647,195,13842,205
2021-04-23,Yuba,115,75493,5873,5828,117,5945,44
2021-04-22,Alameda,001,1643700,86128,85829,1838,87667,1253
2021-04-22,Alpine,003,1148,86,86,0,86,0
2021-04-22,Amador,005,37829,3637,3633,32,3665,46
2021-04-22,Butte,007,227075,12032,11656,1744,13400,196
2021-04-22,Calaveras,009,45235,2068,2059,11,2070,50
2021-04-22,Colusa,011,21464,1917,1920,287,2207,14
2021-04-22,Contra Costa,013,1133247,67721,67029,1184,68213,782
2021-04-22,Del Norte,015,27424,1283,1252,11,1263,6
2021-04-22,El Dorado,017,186661,9895,9773,696,10469,106
2021-04-22,Fresno,019,978130,101339,100864,8394,109258,1657
2021-04-22,Glenn,021,27897,2382,2361,534,2895,17
2021-04-22,Humboldt,023,135768,3767,3680,30,3710,35
2021-04-22,Imperial,025,180216,28175,28096,2609,30705,720
2021-04-22,Inyo,027,18085,1396,1394,10,1404,36
2021-04-22,Kern,029,883053,96305,95292,10454,105746,1299
2021-04-22,Kings,031,150075,22945,22725,1043,23768,243
2021-04-22,Lake,033,64148,3443,3423,9,3432,43
2021-04-22,Lassen,035,31185,5168,5155,103,5258,1
2021-04-22,Los Angeles,037,10098052,1199650,1189878,40127,1230005,23762
2021-04-22,Madera,039,155013,16421,16316,907,17223,231
2021-04-22,Marin,041,260295,13886,13832,231,14063,227
2021-04-22,Mariposa,043,17540,414,403,11,414,5
2021-04-22,Mendocino,045,87422,3812,3729,74,3803,46
2021-04-22,Merced,047,269075,30455,30490,1007,31497,443
2021-04-22,Modoc,049,8938,365,360,120,480,3
2021-04-22,Mono,051,14174,1245,1254,16,1270,3
2021-04-22,Monterey,053,433212,42855,42708,1804,44512,377
2021-04-22,Napa,055,140530,9715,9734,30,9764,79
2021-04-22,Nevada,057,99092,4593,4504,183,4687,70
2021-04-22,Orange,059,3164182,253697,252307,10996,263303,4898
2021-04-22,Placer,061,380077,22516,21916,1382,23298,282
2021-04-22,Plumas,063,18699,684,670,10,680,4
2021-04-22,Riverside,065,2383286,292034,286362,13679,300041,4398
2021-04-22,Sacramento,067,1510023,102604,101870,1586,103456,1585
2021-04-22,San Benito,069,59416,5993,5998,109,6107,63
2021-04-22,San Bernardino,071,2135413,291369,290125,8815,298940,4571
2021-04-22,San Diego,073,3302833,276677,275913,14353,290266,3684
2021-04-22,San Francisco,075,870044,36101,36218,1233,37451,532
2021-04-22,San Joaquin,077,732212,71549,70751,3340,74091,1295
2021-04-22,San Luis Obispo,079,281455,21056,20761,702,21463,255
2021-04-22,San Mateo,081,765935,41682,41345,445,41790,355
2021-04-22,Santa Barbara,083,443738,34050,33870,1102,34972,446
2021-04-22,Santa Clara,085,1922200,117079,117457,707,118164,1954
2021-04-22,Santa Cruz,087,273765,16077,15737,790,16527,205
2021-04-22,Shasta,089,179085,11717,11738,1423,13161,192
2021-04-22,Sierra,091,2930,55,51,12,63,0
2021-04-22,Siskiyou,093,43540,1687,1564,283,1847,11
2021-04-22,Solano,095,438530,31886,31731,471,32202,247
2021-04-22,Sonoma,097,501317,29547,29705,300,30005,318
2021-04-22,Stanislaus,099,539301,54703,54313,5708,60021,744
2021-04-22,Sutter,101,95872,9286,9302,80,9382,110
2021-04-22,Tehama,103,63373,4931,4896,533,5429,53
2021-04-22,Trinity,105,12862,482,326,82,408,3
2021-04-22,Tulare,107,460477,49677,48669,8613,57282,828
2021-04-22,Tuolumne,109,53932,3967,4020,41,4061,58
2021-04-22,Ventura,111,848112,80642,80073,2901,82974,996
2021-04-22,Yolo,113,214977,13677,13616,195,13811,205
2021-04-22,Yuba,115,75493,5863,5825,117,5942,44
2021-04-21,Alameda,001,1643700,86049,85762,1836,87598,1249
2021-04-21,Alpine,003,1148,86,86,0,86,0
2021-04-21,Amador,005,37829,3634,3632,32,3664,46
2021-04-21,Butte,007,227075,12012,11643,1742,13385,196
2021-04-21,Calaveras,009,45235,2060,2057,11,2068,50
2021-04-21,Colusa,011,21464,1915,1920,286,2206,14
2021-04-21,Contra Costa,013,1133247,67655,66981,1183,68164,782
2021-04-21,Del Norte,015,27424,1279,1252,11,1263,6
2021-04-21,El Dorado,017,186661,9878,9760,693,10453,106
2021-04-21,Fresno,019,978130,101283,100838,8388,109226,1654
2021-04-21,Glenn,021,27897,2381,2361,534,2895,17
2021-04-21,Humboldt,023,135768,3748,3642,30,3672,35
2021-04-21,Imperial,025,180216,28163,28052,2608,30660,719
2021-04-21,Inyo,027,18085,1396,1392,10,1402,36
2021-04-21,Kern,029,883053,96259,95257,10444,105701,1297
2021-04-21,Kings,031,150075,22938,22713,1042,23755,243
2021-04-21,Lake,033,64148,3440,3421,9,3430,43
2021-04-21,Lassen,035,31185,5167,5156,103,5259,1
2021-04-21,Los Angeles,037,10098052,1199308,1189530,40108,1229638,23729
2021-04-21,Madera,039,155013,16416,16309,907,17216,231
2021-04-21,Marin,041,260295,13871,13822,231,14053,227
2021-04-21,Mariposa,043,17540,413,402,11,413,5
2021-04-21,Mendocino,045,87422,3810,3729,74,3803,46
2021-04-21,Merced,047,269075,30435,30471,1005,31476,442
2021-04-21,Modoc,049,8938,365,360,120,480,3
2021-04-21,Mono,051,14174,1245,1254,16,1270,3
2021-04-21,Monterey,053,433212,42840,42699,1802,44501,377
2021-04-21,Napa,055,140530,9709,9727,30,9757,79
2021-04-21,Nevada,057,99092,4579,4499,183,4682,70
2021-04-21,Orange,059,3164182,253621,252243,10983,263226,4889
2021-04-21,Placer,061,380077,22485,21896,1377,23273,282
2021-04-21,Plumas,063,18699,684,670,10,680,4
2021-04-21,Riverside,065,2383286,291940,286299,13672,299971,4388
2021-04-21,Sacramento,067,1510023,102475,101803,1580,103383,1579
2021-04-21,San Benito,069,59416,5990,5998,109,6107,63
2021-04-21,San Bernardino,071,2135413,291293,290049,8813,298862,4572
2021-04-21,San Diego,073,3302833,276468,275632,14315,289947,3681
2021-04-21,San Francisco,075,870044,36081,36194,1232,37426,529
2021-04-21,San Joaquin,077,732212,71494,70687,3330,74017,1295
2021-04-21,San Luis Obispo,079,281455,21041,20724,701,21425,255
2021-04-21,San Mateo,081,765935,41651,41318,444,41762,355
2021-04-21,Santa Barbara,083,443738,34031,33830,1101,34931,445
2021-04-21,Santa Clara,085,1922200,117001,117318,701,118019,1946
2021-04-21,Santa Cruz,087,273765,16068,15698,790,16488,204
2021-04-21,Shasta,089,179085,11698,11722,1421,13143,192
2021-04-21,Sierra,091,2930,55,51,12,63,0
2021-04-21,Siskiyou,093,43540,1680,1557,283,1840,11
2021-04-21,Solano,095,438530,31847,31712,470,32182,244
2021-04-21,Sonoma,097,501317,29535,29697,299,29996,318
2021-04-21,Stanislaus,099,539301,54642,54290,5702,59992,742
2021-04-21,Sutter,101,95872,9278,9297,80,9377,110
2021-04-21,Tehama,103,63373,4924,4893,532,5425,53
2021-04-21,Trinity,105,12862,482,326,82,408,3
2021-04-21,Tulare,107,460477,49662,48653,8600,57253,828
2021-04-21,Tuolumne,109,53932,3964,4019,41,4060,58
2021-04-21,Ventura,111,848112,80610,80039,2898,82937,996
2021-04-21,Yolo,113,214977,13657,13606,194,13800,200
2021-04-21,Yuba,115,75493,5856,5822,116,5938,44
2021-04-20,Alameda,001,1643700,85954,85652,1834,87486,1248
2021-04-20,Alpine,003,1148,85,85,0,85,0
2021-04-20,Amador,005,37829,3633,3631,32,3663,46
2021-04-20,Butte,007,227075,11993,11619,1740,13359,196
2021-04-20,Calaveras,009,45235,2059,2053,11,2064,50
2021-04-20,Colusa,011,21464,1915,1915,285,2200,14
2021-04-20,Contra Costa,013,1133247,67571,66889,1180,68069,782
2021-04-20,Del Norte,015,27424,1278,1250,11,1261,6
2021-04-20,El Dorado,017,186661,9850,9743,691,10434,106
2021-04-20,Fresno,019,978130,101225,100768,8378,109146,1650
2021-04-20,Glenn,021,27897,2379,2359,533,2892,17
2021-04-20,Humboldt,023,135768,3730,3612,30,3642,35
2021-04-20,Imperial,025,180216,28144,28024,2604,30628,719
2021-04-20,Inyo,027,18085,1396,1393,10,1403,36
2021-04-20,Kern,029,883053,96223,95223,10428,105651,1295
2021-04-20,Kings,031,150075,22932,22693,1039,23732,243
2021-04-20,Lake,033,64148,3438,3418,9,3427,43
2021-04-20,Lassen,035,31185,5167,5155,103,5258,1
2021-04-20,Los Angeles,037,10098052,1198961,1189256,40078,1229334,23694
2021-04-20,Madera,039,155013,16410,16301,907,17208,231
2021-04-20,Marin,041,260295,13857,13807,231,14038,227
2021-04-20,Mariposa,043,17540,412,402,11,413,5
2021-04-20,Mendocino,045,87422,3809,3726,74,3800,46
2021-04-20,Merced,047,269075,30408,30439,1004,31443,441
2021-04-20,Modoc,049,8938,365,359,120,479,3
2021-04-20,Mono,051,14174,1244,1254,16,1270,3
2021-04-20,Monterey,053,433212,42829,42663,1800,44463,363
2021-04-20,Napa,055,140530,9705,9711,30,9741,79
2021-04-20,Nevada,057,99092,4561,4485,183,4668,70
2021-04-20,Orange,059,3164182,253531,252134,10971,263105,4887
2021-04-20,Placer,061,380077,22451,21846,1373,23219,282
2021-04-20,Plumas,063,18699,683,670,10,680,4
2021-04-20,Riverside,065,2383286,291843,286194,13667,299861,4388
2021-04-20,Sacramento,067,1510023,102337,101629,1572,103201,1574
2021-04-20,San Benito,069,59416,5987,5988,109,6097,63
2021-04-20,San Bernardino,071,2135413,291212,289905,8811,298716,4569
2021-04-20,San Diego,073,3302833,276237,275369,14282,289651,3674
2021-04-20,San Francisco,075,870044,36062,36117,1231,37348,529
2021-04-20,San Joaquin,077,732212,71421,70590,3321,73911,1289
2021-04-20,San Luis Obispo,079,281455,21018,20691,693,21384,254
2021-04-20,San Mateo,081,765935,41620,41251,444,41695,355
2021-04-20,Santa Barbara,083,443738,34012,33803,1101,34904,445
2021-04-20,Santa Clara,085,1922200,116903,117228,697,117925,1944
2021-04-20,Santa Cruz,087,273765,16056,15647,790,16437,204
2021-04-20,Shasta,089,179085,11682,11677,1418,13095,189
2021-04-20,Sierra,091,2930,55,51,12,63,0
2021-04-20,Siskiyou,093,43540,1672,1551,282,1833,10
2021-04-20,Solano,095,438530,31791,31673,466,32139,243
2021-04-20,Sonoma,097,501317,29526,29676,297,29973,311
2021-04-20,Stanislaus,099,539301,54577,54236,5689,59925,735
2021-04-20,Sutter,101,95872,9274,9279,80,9359,109
2021-04-20,Tehama,103,63373,4919,4887,531,5418,52
2021-04-20,Trinity,105,12862,482,326,82,408,3
2021-04-20,Tulare,107,460477,49640,48650,8592,57242,831
2021-04-20,Tuolumne,109,53932,3964,4014,41,4055,58
2021-04-20,Ventura,111,848112,80582,80018,2896,82914,995
2021-04-20,Yolo,113,214977,13637,13581,193,13774,200
2021-04-20,Yuba,115,75493,5846,5814,116,5930,44
2021-04-19,Alameda,001,1643700,85836,85583,1830,87413,1247
2021-04-19,Alpine,003,1148,85,85,0,85,0
2021-04-19,Amador,005,37829,3632,3629,32,3661,46
2021-04-19,Butte,007,227075,11975,11601,1735,13336,196
2021-04-19,Calaveras,009,45235,2057,2050,11,2061,50
2021-04-19,Colusa,011,21464,1915,1913,284,2197,14
2021-04-19,Contra Costa,013,1133247,67493,66833,1178,68011,782
2021-04-19,Del Norte,015,27424,1276,1247,11,1258,6
2021-04-19,El Dorado,017,186661,9834,9726,686,10412,106
2021-04-19,Fresno,019,978130,101157,100702,8366,109068,1646
2021-04-19,Glenn,021,27897,2379,2358,532,2890,17
2021-04-19,Humboldt,023,135768,3710,3602,28,3630,35
2021-04-19,Imperial,025,180216,28123,27995,2604,30599,719
2021-04-19,Inyo,027,18085,1396,1392,10,1402,36
2021-04-19,Kern,029,883053,96193,95162,10413,105575,1290
2021-04-19,Kings,031,150075,22917,22688,1039,23727,243
2021-04-19,Lake,033,64148,3437,3416,9,3425,43
2021-04-19,Lassen,035,31185,5166,5156,103,5259,1
2021-04-19,Los Angeles,037,10098052,1198582,1188945,40053,1228998,23666
2021-04-19,Madera,039,155013,16399,16289,906,17195,231
2021-04-19,Marin,041,260295,13846,13804,230,14034,226
2021-04-19,Mariposa,043,17540,411,401,11,412,5
2021-04-19,Mendocino,045,87422,3807,3722,74,3796,46
2021-04-19,Merced,047,269075,30379,30422,1003,31425,441
2021-04-19,Modoc,049,8938,365,359,120,479,3
2021-04-19,Mono,051,14174,1243,1254,16,1270,3
2021-04-19,Monterey,053,433212,42816,42642,1795,44437,356
2021-04-19,Napa,055,140530,9697,9680,30,9710,79
2021-04-19,Nevada,057,99092,4545,4477,183,4660,70
2021-04-19,Orange,059,3164182,253413,252013,10956,262969,4883
2021-04-19,Placer,061,380077,22428,21814,1369,23183,282
2021-04-19,Plumas,063,18699,683,665,10,675,4
2021-04-19,Riverside,065,2383286,291748,286087,13657,299744,4371
2021-04-19,Sacramento,067,1510023,102202,101482,1562,103044,1572
2021-04-19,San Benito,069,59416,5979,5989,109,6098,63
2021-04-19,San Bernardino,071,2135413,291127,289738,8805,298543,4561
2021-04-19,San Diego,073,3302833,275989,275113,14249,289362,3674
2021-04-19,San Francisco,075,870044,36025,36094,1229,37323,529
2021-04-19,San Joaquin,077,732212,71341,70514,3315,73829,1289
2021-04-19,San Luis Obispo,079,281455,20992,20669,687,21356,254
2021-04-19,San Mateo,081,765935,41587,41226,443,41669,355
2021-04-19,Santa Barbara,083,443738,33998,33786,1101,34887,446
2021-04-19,Santa Clara,085,1922200,116792,117099,693,117792,1944
2021-04-19,Santa Cruz,087,273765,16044,15600,790,16390,204
2021-04-19,Shasta,089,179085,11667,11662,1410,13072,189
2021-04-19,Sierra,091,2930,55,51,12,63,0
2021-04-19,Siskiyou,093,43540,1662,1544,282,1826,10
2021-04-19,Solano,095,438530,31752,31643,461,32104,239
2021-04-19,Sonoma,097,501317,29507,29667,297,29964,311
2021-04-19,Stanislaus,099,539301,54501,54179,5685,59864,728
2021-04-19,Sutter,101,95872,9263,9269,80,9349,109
2021-04-19,Tehama,103,63373,4913,4878,531,5409,52
2021-04-19,Trinity,105,12862,482,326,81,407,3
2021-04-19,Tulare,107,460477,49624,48630,8579,57209,831
2021-04-19,Tuolumne,109,53932,3963,4010,41,4051,58
2021-04-19,Ventura,111,848112,80556,80000,2894,82894,996
2021-04-19,Yolo,113,214977,13624,13572,191,13763,200
2021-04-19,Yuba,115,75493,5839,5804,115,5919,44
2021-04-18,Alameda,001,1643700,85721,85481,1822,87303,1247
2021-04-18,Alpine,003,1148,85,85,0,85,0
2021-04-18,Amador,005,37829,3629,3627,32,3659,46
2021-04-18,Butte,007,227075,11957,11591,1730,13321,196
2021-04-18,Calaveras,009,45235,2051,2047,11,2058,50
2021-04-18,Colusa,011,21464,1911,1912,283,2195,14
2021-04-18,Contra Costa,013,1133247,67390,66750,1174,67924,782
2021-04-18,Del Norte,015,27424,1276,1240,11,1251,6
2021-04-18,El Dorado,017,186661,9811,9710,684,10394,106
2021-04-18,Fresno,019,978130,101099,100621,8360,108981,1646
2021-04-18,Glenn,021,27897,2374,2358,532,2890,17
2021-04-18,Humboldt,023,135768,3682,3590,28,3618,35
2021-04-18,Imperial,025,180216,28108,27991,2599,30590,719
2021-04-18,Inyo,027,18085,1395,1392,10,1402,36
2021-04-18,Kern,029,883053,96157,95129,10398,105527,1290
2021-04-18,Kings,031,150075,22908,22685,1039,23724,243
2021-04-18,Lake,033,64148,3436,3413,9,3422,43
2021-04-18,Lassen,035,31185,5163,5156,103,5259,1
2021-04-18,Los Angeles,037,10098052,1198122,1188620,40030,1228650,23648
2021-04-18,Madera,039,155013,16388,16277,905,17182,231
2021-04-18,Marin,041,260295,13839,13801,229,14030,226
2021-04-18,Mariposa,043,17540,410,400,10,410,5
2021-04-18,Mendocino,045,87422,3804,3722,74,3796,46
2021-04-18,Merced,047,269075,30342,30405,1002,31407,441
2021-04-18,Modoc,049,8938,365,359,120,479,3
2021-04-18,Mono,051,14174,1243,1254,16,1270,3
2021-04-18,Monterey,053,433212,42804,42638,1794,44432,356
2021-04-18,Napa,055,140530,9681,9674,30,9704,79
2021-04-18,Nevada,057,99092,4530,4464,183,4647,70
2021-04-18,Orange,059,3164182,253299,251940,10949,262889,4883
2021-04-18,Placer,061,380077,22385,21783,1364,23147,282
2021-04-18,Plumas,063,18699,682,665,10,675,4
2021-04-18,Riverside,065,2383286,291658,286043,13653,299696,4371
2021-04-18,Sacramento,067,1510023,102026,101354,1556,102910,1572
2021-04-18,San Benito,069,59416,5977,5989,109,6098,63
2021-04-18,San Bernardino,071,2135413,291034,289691,8796,298487,4556
2021-04-18,San Diego,073,3302833,275710,274961,14214,289175,3674
2021-04-18,San Francisco,075,870044,35988,36073,1225,37298,525
2021-04-18,San Joaquin,077,732212,71260,70466,3306,73772,1289
2021-04-18,San Luis Obispo,079,281455,20970,20656,681,21337,254
2021-04-18,San Mateo,081,765935,41558,41201,442,41643,352
2021-04-18,Santa Barbara,083,443738,33963,33769,1100,34869,446
2021-04-18,Santa Clara,085,1922200,116625,116996,688,117684,1944
2021-04-18,Santa Cruz,087,273765,16034,15580,789,16369,204
2021-04-18,Shasta,089,179085,11646,11658,1407,13065,189
2021-04-18,Sierra,091,2930,55,51,12,63,0
2021-04-18,Siskiyou,093,43540,1651,1538,281,1819,10
2021-04-18,Solano,095,438530,31702,31606,460,32066,239
2021-04-18,Sonoma,097,501317,29491,29660,295,29955,311
2021-04-18,Stanislaus,099,539301,54419,54132,5679,59811,728
2021-04-18,Sutter,101,95872,9249,9261,80,9341,109
2021-04-18,Tehama,103,63373,4904,4877,530,5407,52
2021-04-18,Trinity,105,12862,482,326,81,407,3
2021-04-18,Tulare,107,460477,49611,48618,8574,57192,829
2021-04-18,Tuolumne,109,53932,3962,4008,40,4048,58
2021-04-18,Ventura,111,848112,80525,79984,2891,82875,996
2021-04-18,Yolo,113,214977,13612,13562,189,13751,200
2021-04-18,Yuba,115,75493,5832,5804,115,5919,44
2021-04-17,Alameda,001,1643700,85648,85367,1820,87187,1247
2021-04-17,Alpine,003,1148,85,85,0,85,0
2021-04-17,Amador,005,37829,3627,3625,32,3657,46
2021-04-17,Butte,007,227075,11937,11573,1726,13299,196
2021-04-17,Calaveras,009,45235,2049,2045,11,2056,50
2021-04-17,Colusa,011,21464,1911,1912,283,2195,14
2021-04-17,Contra Costa,013,1133247,67342,66657,1166,67823,782
2021-04-17,Del Norte,015,27424,1276,1238,11,1249,6
2021-04-17,El Dorado,017,186661,9796,9692,681,10373,106
2021-04-17,Fresno,019,978130,101066,100562,8355,108917,1646
2021-04-17,Glenn,021,27897,2374,2357,532,2889,17
2021-04-17,Humboldt,023,135768,3658,3579,28,3607,35
2021-04-17,Imperial,025,180216,28097,27987,2599,30586,719
2021-04-17,Inyo,027,18085,1392,1392,10,1402,36
2021-04-17,Kern,029,883053,96139,95102,10394,105496,1290
2021-04-17,Kings,031,150075,22903,22678,1038,23716,243
2021-04-17,Lake,033,64148,3435,3409,9,3418,43
2021-04-17,Lassen,035,31185,5163,5154,103,5257,1
2021-04-17,Los Angeles,037,10098052,1197863,1188262,39999,1228261,23653
2021-04-17,Madera,039,155013,16384,16260,904,17164,231
2021-04-17,Marin,041,260295,13835,13797,229,14026,226
2021-04-17,Mariposa,043,17540,409,398,10,408,5
2021-04-17,Mendocino,045,87422,3801,3721,74,3795,46
2021-04-17,Merced,047,269075,30326,30392,1001,31393,441
2021-04-17,Modoc,049,8938,365,357,120,477,3
2021-04-17,Mono,051,14174,1243,1253,16,1269,3
2021-04-17,Monterey,053,433212,42795,42630,1792,44422,356
2021-04-17,Napa,055,140530,9677,9666,30,9696,79
2021-04-17,Nevada,057,99092,4522,4457,183,4640,70
2021-04-17,Orange,059,3164182,253230,251873,10937,262810,4878
2021-04-17,Placer,061,380077,22362,21736,1359,23095,282
2021-04-17,Plumas,063,18699,681,666,10,676,4
2021-04-17,Riverside,065,2383286,291589,285963,13645,299608,4371
2021-04-17,Sacramento,067,1510023,101916,101172,1545,102717,1572
2021-04-17,San Benito,069,59416,5971,5986,109,6095,63
2021-04-17,San Bernardino,071,2135413,290979,289624,8793,298417,4555
2021-04-17,San Diego,073,3302833,275563,274812,14180,288992,3674
2021-04-17,San Francisco,075,870044,35966,36032,1222,37254,523
2021-04-17,San Joaquin,077,732212,71220,70372,3296,73668,1288
2021-04-17,San Luis Obispo,079,281455,20957,20642,678,21320,254
2021-04-17,San Mateo,081,765935,41535,41157,442,41599,352
2021-04-17,Santa Barbara,083,443738,33932,33738,1098,34836,446
2021-04-17,Santa Clara,085,1922200,116533,116887,686,117573,1944
2021-04-17,Santa Cruz,087,273765,16028,15571,789,16360,204
2021-04-17,Shasta,089,179085,11631,11647,1406,13053,189
2021-04-17,Sierra,091,2930,55,51,12,63,0
2021-04-17,Siskiyou,093,43540,1646,1539,278,1817,10
2021-04-17,Solano,095,438530,31671,31541,457,31998,239
2021-04-17,Sonoma,097,501317,29484,29637,295,29932,311
2021-04-17,Stanislaus,099,539301,54382,54058,5674,59732,728
2021-04-17,Sutter,101,95872,9243,9252,80,9332,109
2021-04-17,Tehama,103,63373,4898,4875,529,5404,52
2021-04-17,Trinity,105,12862,482,326,81,407,3
2021-04-17,Tulare,107,460477,49599,48603,8570,57173,829
2021-04-17,Tuolumne,109,53932,3960,4005,40,4045,58
2021-04-17,Ventura,111,848112,80504,79964,2891,82855,996
2021-04-17,Yolo,113,214977,13602,13580,189,13769,200
2021-04-17,Yuba,115,75493,5827,5802,114,5916,44
2021-04-16,Alameda,001,1643700,85568,85243,1818,87061,1245
2021-04-16,Alpine,003,1148,85,85,0,85,0
2021-04-16,Amador,005,37829,3622,3621,32,3653,46
2021-04-16,Butte,007,227075,11925,11549,1724,13273,196
2021-04-16,Calaveras,009,45235,2047,2042,11,2053,50
2021-04-16,Colusa,011,21464,1909,1911,283,2194,14
2021-04-16,Contra Costa,013,1133247,67288,66569,1163,67732,782
2021-04-16,Del Norte,015,27424,1275,1237,11,1248,6
2021-04-16,El Dorado,017,186661,9776,9665,677,10342,106
2021-04-16,Fresno,019,978130,101016,100500,8349,108849,1643
2021-04-16,Glenn,021,27897,2374,2355,532,2887,17
2021-04-16,Humboldt,023,135768,3637,3570,27,3597,35
2021-04-16,Imperial,025,180216,28087,27962,2599,30561,719
2021-04-16,Inyo,027,18085,1392,1392,10,1402,36
2021-04-16,Kern,029,883053,96110,95066,10391,105457,1288
2021-04-16,Kings,031,150075,22899,22667,1037,23704,243
2021-04-16,Lake,033,64148,3429,3406,9,3415,43
2021-04-16,Lassen,035,31185,5162,5155,103,5258,1
2021-04-16,Los Angeles,037,10098052,1197562,1187818,39963,1227781,23627
2021-04-16,Madera,039,155013,16378,16250,903,17153,231
2021-04-16,Marin,041,260295,13832,13788,229,14017,226
2021-04-16,Mariposa,043,17540,408,396,9,405,5
2021-04-16,Mendocino,045,87422,3799,3719,74,3793,46
2021-04-16,Merced,047,269075,30311,30355,1001,31356,438
2021-04-16,Modoc,049,8938,365,355,120,475,3
2021-04-16,Mono,051,14174,1243,1253,16,1269,3
2021-04-16,Monterey,053,433212,42784,42620,1789,44409,351
2021-04-16,Napa,055,140530,9669,9653,30,9683,79
2021-04-16,Nevada,057,99092,4513,4443,183,4626,70
2021-04-16,Orange,059,3164182,253166,251770,10928,262698,4873
2021-04-16,Placer,061,380077,22335,21680,1355,23035,282
2021-04-16,Plumas,063,18699,680,665,10,675,4
2021-04-16,Riverside,065,2383286,291512,285818,13643,299461,4369
2021-04-16,Sacramento,067,1510023,101819,100993,1540,102533,1572
2021-04-16,San Benito,069,59416,5969,5982,109,6091,63
2021-04-16,San Bernardino,071,2135413,290932,289424,8792,298216,4550
2021-04-16,San Diego,073,3302833,275409,274567,14162,288729,3662
2021-04-16,San Francisco,075,870044,35940,35993,1219,37212,517
2021-04-16,San Joaquin,077,732212,71153,70280,3288,73568,1288
2021-04-16,San Luis Obispo,079,281455,20945,20623,677,21300,253
2021-04-16,San Mateo,081,765935,41506,41107,441,41548,352
2021-04-16,Santa Barbara,083,443738,33914,33703,1098,34801,446
2021-04-16,Santa Clara,085,1922200,116433,116693,683,117376,1941
2021-04-16,Santa Cruz,087,273765,16026,15539,789,16328,204
2021-04-16,Shasta,089,179085,11619,11623,1405,13028,189
2021-04-16,Sierra,091,2930,55,51,12,63,0
2021-04-16,Siskiyou,093,43540,1642,1530,276,1806,10
2021-04-16,Solano,095,438530,31632,31470,454,31924,239
2021-04-16,Sonoma,097,501317,29473,29617,295,29912,311
2021-04-16,Stanislaus,099,539301,54334,53983,5672,59655,728
2021-04-16,Sutter,101,95872,9237,9247,80,9327,109
2021-04-16,Tehama,103,63373,4897,4866,529,5395,52
2021-04-16,Trinity,105,12862,482,326,81,407,3
2021-04-16,Tulare,107,460477,49587,48583,8566,57149,830
2021-04-16,Tuolumne,109,53932,3957,4005,40,4045,58
2021-04-16,Ventura,111,848112,80479,79942,2886,82828,994
2021-04-16,Yolo,113,214977,13589,13559,187,13746,198
2021-04-16,Yuba,115,75493,5824,5795,113,5908,44
2021-04-15,Alameda,001,1643700,85461,85089,1816,86905,1246
2021-04-15,Alpine,003,1148,85,85,0,85,0
2021-04-15,Amador,005,37829,3621,3616,32,3648,46
2021-04-15,Butte,007,227075,11910,11529,1720,13249,196
2021-04-15,Calaveras,009,45235,2046,2039,11,2050,50
2021-04-15,Colusa,011,21464,1907,1909,282,2191,14
2021-04-15,Contra Costa,013,1133247,67215,66480,1159,67639,781
2021-04-15,Del Norte,015,27424,1268,1235,11,1246,6
2021-04-15,El Dorado,017,186661,9761,9639,675,10314,106
2021-04-15,Fresno,019,978130,100954,100431,8343,108774,1642
2021-04-15,Glenn,021,27897,2374,2354,532,2886,17
2021-04-15,Humboldt,023,135768,3616,3561,27,3588,35
2021-04-15,Imperial,025,180216,28059,27920,2596,30516,718
2021-04-15,Inyo,027,18085,1392,1393,10,1403,36
2021-04-15,Kern,029,883053,96077,94989,10378,105367,1289
2021-04-15,Kings,031,150075,22885,22648,1037,23685,242
2021-04-15,Lake,033,64148,3428,3399,9,3408,43
2021-04-15,Lassen,035,31185,5161,5152,103,5255,1
2021-04-15,Los Angeles,037,10098052,1197157,1187274,39927,1227201,23598
2021-04-15,Madera,039,155013,16363,16234,903,17137,231
2021-04-15,Marin,041,260295,13828,13783,228,14011,226
2021-04-15,Mariposa,043,17540,406,395,9,404,5
2021-04-15,Mendocino,045,87422,3798,3714,74,3788,46
2021-04-15,Merced,047,269075,30285,30325,1000,31325,437
2021-04-15,Modoc,049,8938,365,355,120,475,3
2021-04-15,Mono,051,14174,1242,1253,16,1269,3
2021-04-15,Monterey,053,433212,42774,42604,1787,44391,347
2021-04-15,Napa,055,140530,9661,9645,30,9675,79
2021-04-15,Nevada,057,99092,4501,4434,182,4616,70
2021-04-15,Orange,059,3164182,253071,251679,10916,262595,4857
2021-04-15,Placer,061,380077,22304,21614,1348,22962,281
2021-04-15,Plumas,063,18699,678,665,10,675,4
2021-04-15,Riverside,065,2383286,291408,285698,13636,299334,4363
2021-04-15,Sacramento,067,1510023,101689,100782,1526,102308,1570
2021-04-15,San Benito,069,59416,5966,5969,108,6077,63
2021-04-15,San Bernardino,071,2135413,290842,289288,8785,298073,4544
2021-04-15,San Diego,073,3302833,275162,274250,14103,288353,3653
2021-04-15,San Francisco,075,870044,35921,35947,1217,37164,510
2021-04-15,San Joaquin,077,732212,71072,70189,3280,73469,1288
2021-04-15,San Luis Obispo,079,281455,20929,20591,674,21265,253
2021-04-15,San Mateo,081,765935,41467,41050,440,41490,352
2021-04-15,Santa Barbara,083,443738,33896,33672,1094,34766,446
2021-04-15,Santa Clara,085,1922200,116327,116602,679,117281,1927
2021-04-15,Santa Cruz,087,273765,16016,15509,789,16298,203
2021-04-15,Shasta,089,179085,11605,11597,1401,12998,191
2021-04-15,Sierra,091,2930,55,51,12,63,0
2021-04-15,Siskiyou,093,43540,1636,1524,275,1799,10
2021-04-15,Solano,095,438530,31594,31394,453,31847,239
2021-04-15,Sonoma,097,501317,29459,29587,295,29882,311
2021-04-15,Stanislaus,099,539301,54280,53918,5663,59581,728
2021-04-15,Sutter,101,95872,9230,9237,80,9317,109
2021-04-15,Tehama,103,63373,4896,4854,528,5382,52
2021-04-15,Trinity,105,12862,482,326,81,407,3
2021-04-15,Tulare,107,460477,49566,48556,8566,57122,829
2021-04-15,Tuolumne,109,53932,3957,4003,40,4043,57
2021-04-15,Ventura,111,848112,80460,79917,2884,82801,989
2021-04-15,Yolo,113,214977,13570,13547,185,13732,198
2021-04-15,Yuba,115,75493,5821,5788,113,5901,44
2021-04-14,Alameda,001,1643700,85364,85009,1815,86824,1247
2021-04-14,Alpine,003,1148,85,85,0,85,0
2021-04-14,Amador,005,37829,3620,3613,32,3645,46
2021-04-14,Butte,007,227075,11897,11513,1719,13232,196
2021-04-14,Calaveras,009,45235,2045,2037,11,2048,50
2021-04-14,Colusa,011,21464,1907,1905,282,2187,14
2021-04-14,Contra Costa,013,1133247,67129,66400,1153,67553,781
2021-04-14,Del Norte,015,27424,1268,1228,11,1239,6
2021-04-14,El Dorado,017,186661,9746,9625,670,10295,106
2021-04-14,Fresno,019,978130,100897,100376,8331,108707,1640
2021-04-14,Glenn,021,27897,2374,2353,532,2885,17
2021-04-14,Humboldt,023,135768,3594,3551,26,3577,35
2021-04-14,Imperial,025,180216,28037,27907,2594,30501,718
2021-04-14,Inyo,027,18085,1392,1392,10,1402,36
2021-04-14,Kern,029,883053,96052,94947,10371,105318,1287
2021-04-14,Kings,031,150075,22876,22641,1035,23676,243
2021-04-14,Lake,033,64148,3423,3396,9,3405,43
2021-04-14,Lassen,035,31185,5160,5151,103,5254,1
2021-04-14,Los Angeles,037,10098052,1196758,1186821,39882,1226703,23579
2021-04-14,Madera,039,155013,16354,16218,903,17121,231
2021-04-14,Marin,041,260295,13826,13768,227,13995,226
2021-04-14,Mariposa,043,17540,405,394,9,403,5
2021-04-14,Mendocino,045,87422,3793,3711,74,3785,46
2021-04-14,Merced,047,269075,30269,30296,998,31294,436
2021-04-14,Modoc,049,8938,365,355,120,475,3
2021-04-14,Mono,051,14174,1241,1252,16,1268,3
2021-04-14,Monterey,053,433212,42758,42595,1783,44378,347
2021-04-14,Napa,055,140530,9650,9643,30,9673,79
2021-04-14,Nevada,057,99092,4494,4421,182,4603,70
2021-04-14,Orange,059,3164182,252966,251568,10897,262465,4849
2021-04-14,Placer,061,380077,22271,21575,1347,22922,280
2021-04-14,Plumas,063,18699,678,665,10,675,4
2021-04-14,Riverside,065,2383286,291298,285583,13630,299213,4358
2021-04-14,Sacramento,067,1510023,101514,100645,1512,102157,1570
2021-04-14,San Benito,069,59416,5964,5960,108,6068,62
2021-04-14,San Bernardino,071,2135413,290774,289078,8783,297861,4523
2021-04-14,San Diego,073,3302833,274951,273969,14074,288043,3648
2021-04-14,San Francisco,075,870044,35883,35898,1216,37114,510
2021-04-14,San Joaquin,077,732212,71002,70095,3274,73369,1288
2021-04-14,San Luis Obispo,079,281455,20906,20561,664,21225,253
2021-04-14,San Mateo,081,765935,41427,40982,437,41419,352
2021-04-14,Santa Barbara,083,443738,33867,33650,1094,34744,445
2021-04-14,Santa Clara,085,1922200,116210,116488,676,117164,1922
2021-04-14,Santa Cruz,087,273765,16006,15481,789,16270,203
2021-04-14,Shasta,089,179085,11579,11581,1399,12980,190
2021-04-14,Sierra,091,2930,55,51,12,63,0
2021-04-14,Siskiyou,093,43540,1628,1518,274,1792,10
2021-04-14,Solano,095,438530,31541,31357,446,31803,239
2021-04-14,Sonoma,097,501317,29451,29572,293,29865,311
2021-04-14,Stanislaus,099,539301,54209,53836,5654,59490,727
2021-04-14,Sutter,101,95872,9222,9230,80,9310,106
2021-04-14,Tehama,103,63373,4890,4853,527,5380,52
2021-04-14,Trinity,105,12862,482,326,81,407,3
2021-04-14,Tulare,107,460477,49540,48527,8563,57090,827
2021-04-14,Tuolumne,109,53932,3956,3997,40,4037,57
2021-04-14,Ventura,111,848112,80424,79891,2882,82773,986
2021-04-14,Yolo,113,214977,13554,13530,183,13713,198
2021-04-14,Yuba,115,75493,5819,5778,113,5891,44
2021-04-13,Alameda,001,1643700,85258,84921,1812,86733,1239
2021-04-13,Alpine,003,1148,85,85,0,85,0
2021-04-13,Amador,005,37829,3617,3609,32,3641,46
2021-04-13,Butte,007,227075,11879,11497,1716,13213,196
2021-04-13,Calaveras,009,45235,2043,2035,11,2046,50
2021-04-13,Colusa,011,21464,1905,1905,280,2185,14
2021-04-13,Contra Costa,013,1133247,67041,66304,1153,67457,778
2021-04-13,Del Norte,015,27424,1263,1221,11,1232,6
2021-04-13,El Dorado,017,186661,9720,9609,667,10276,106
2021-04-13,Fresno,019,978130,100816,100357,8325,108682,1636
2021-04-13,Glenn,021,27897,2373,2351,532,2883,17
2021-04-13,Humboldt,023,135768,3577,3540,26,3566,35
2021-04-13,Imperial,025,180216,28018,27887,2586,30473,718
2021-04-13,Inyo,027,18085,1392,1391,10,1401,36
2021-04-13,Kern,029,883053,96008,94908,10359,105267,1285
2021-04-13,Kings,031,150075,22860,22636,1034,23670,243
2021-04-13,Lake,033,64148,3420,3390,9,3399,43
2021-04-13,Lassen,035,31185,5159,5147,103,5250,1
2021-04-13,Los Angeles,037,10098052,1196304,1186482,39841,1226323,23526
2021-04-13,Madera,039,155013,16344,16207,901,17108,231
2021-04-13,Marin,041,260295,13818,13760,226,13986,224
2021-04-13,Mariposa,043,17540,404,394,6,400,5
2021-04-13,Mendocino,045,87422,3787,3702,74,3776,46
2021-04-13,Merced,047,269075,30239,30276,995,31271,435
2021-04-13,Modoc,049,8938,365,355,120,475,3
2021-04-13,Mono,051,14174,1241,1251,16,1267,3
2021-04-13,Monterey,053,433212,42747,42577,1783,44360,347
2021-04-13,Napa,055,140530,9640,9627,30,9657,79
2021-04-13,Nevada,057,99092,4482,4415,182,4597,69
2021-04-13,Orange,059,3164182,252871,251491,10880,262371,4836
2021-04-13,Placer,061,380077,22234,21534,1344,22878,280
2021-04-13,Plumas,063,18699,677,665,10,675,4
2021-04-13,Riverside,065,2383286,291179,285505,13624,299129,4348
2021-04-13,Sacramento,067,1510023,101339,100551,1507,102058,1569
2021-04-13,San Benito,069,59416,5961,5946,108,6054,62
2021-04-13,San Bernardino,071,2135413,290658,288929,8777,297706,4521
2021-04-13,San Diego,073,3302833,274697,273709,14039,287748,3623
2021-04-13,San Francisco,075,870044,35847,35869,1212,37081,506
2021-04-13,San Joaquin,077,732212,70894,70034,3266,73300,1288
2021-04-13,San Luis Obispo,079,281455,20879,20536,654,21190,253
2021-04-13,San Mateo,081,765935,41382,40955,437,41392,353
2021-04-13,Santa Barbara,083,443738,33844,33613,1091,34704,444
2021-04-13,Santa Clara,085,1922200,116081,116363,675,117038,1923
2021-04-13,Santa Cruz,087,273765,15999,15449,789,16238,203
2021-04-13,Shasta,089,179085,11559,11536,1396,12932,189
2021-04-13,Sierra,091,2930,55,51,12,63,0
2021-04-13,Siskiyou,093,43540,1620,1511,271,1782,10
2021-04-13,Solano,095,438530,31492,31335,442,31777,239
2021-04-13,Sonoma,097,501317,29443,29544,292,29836,311
2021-04-13,Stanislaus,099,539301,54137,53797,5645,59442,722
2021-04-13,Sutter,101,95872,9218,9226,80,9306,106
2021-04-13,Tehama,103,63373,4883,4850,524,5374,52
2021-04-13,Trinity,105,12862,482,326,81,407,3
2021-04-13,Tulare,107,460477,49527,48511,8560,57071,825
2021-04-13,Tuolumne,109,53932,3954,3995,40,4035,57
2021-04-13,Ventura,111,848112,80392,79854,2880,82734,986
2021-04-13,Yolo,113,214977,13542,13516,182,13698,198
2021-04-13,Yuba,115,75493,5810,5776,113,5889,44
2021-04-12,Alameda,001,1643700,85156,84817,1810,86627,1238
2021-04-12,Alpine,003,1148,85,85,0,85,0
2021-04-12,Amador,005,37829,3616,3607,32,3639,46
2021-04-12,Butte,007,227075,11864,11488,1712,13200,193
2021-04-12,Calaveras,009,45235,2039,2033,11,2044,50
2021-04-12,Colusa,011,21464,1903,1904,278,2182,14
2021-04-12,Contra Costa,013,1133247,66961,66176,1153,67329,777
2021-04-12,Del Norte,015,27424,1260,1216,11,1227,6
2021-04-12,El Dorado,017,186661,9703,9588,665,10253,106
2021-04-12,Fresno,019,978130,100755,100277,8302,108579,1633
2021-04-12,Glenn,021,27897,2372,2349,532,2881,17
2021-04-12,Humboldt,023,135768,3563,3533,25,3558,35
2021-04-12,Imperial,025,180216,27988,27851,2582,30433,717
2021-04-12,Inyo,027,18085,1392,1390,10,1400,36
2021-04-12,Kern,029,883053,95971,94861,10349,105210,1283
2021-04-12,Kings,031,150075,22852,22621,1033,23654,241
2021-04-12,Lake,033,64148,3416,3380,9,3389,43
2021-04-12,Lassen,035,31185,5158,5147,103,5250,1
2021-04-12,Los Angeles,037,10098052,1195801,1186145,39804,1225949,23505
2021-04-12,Madera,039,155013,16332,16174,899,17073,231
2021-04-12,Marin,041,260295,13805,13751,224,13975,224
2021-04-12,Mariposa,043,17540,403,394,6,400,5
2021-04-12,Mendocino,045,87422,3786,3699,74,3773,46
2021-04-12,Merced,047,269075,30208,30261,992,31253,435
2021-04-12,Modoc,049,8938,363,352,120,472,3
2021-04-12,Mono,051,14174,1241,1251,16,1267,3
2021-04-12,Monterey,053,433212,42733,42555,1781,44336,346
2021-04-12,Napa,055,140530,9626,9603,30,9633,80
2021-04-12,Nevada,057,99092,4471,4408,182,4590,69
2021-04-12,Orange,059,3164182,252784,251350,10859,262209,4826
2021-04-12,Placer,061,380077,22183,21475,1341,22816,278
2021-04-12,Plumas,063,18699,675,666,10,676,4
2021-04-12,Riverside,065,2383286,291068,285361,13618,298979,4336
2021-04-12,Sacramento,067,1510023,101165,100394,1502,101896,1566
2021-04-12,San Benito,069,59416,5953,5942,107,6049,62
2021-04-12,San Bernardino,071,2135413,290551,288736,8765,297501,4493
2021-04-12,San Diego,073,3302833,274436,273431,14010,287441,3621
2021-04-12,San Francisco,075,870044,35813,35841,1211,37052,506
2021-04-12,San Joaquin,077,732212,70822,69968,3259,73227,1288
2021-04-12,San Luis Obispo,079,281455,20834,20515,641,21156,253
2021-04-12,San Mateo,081,765935,41340,40920,433,41353,353
2021-04-12,Santa Barbara,083,443738,33812,33606,1091,34697,444
2021-04-12,Santa Clara,085,1922200,115953,116252,673,116925,1923
2021-04-12,Santa Cruz,087,273765,15979,15406,789,16195,203
2021-04-12,Shasta,089,179085,11542,11509,1392,12901,189
2021-04-12,Sierra,091,2930,55,51,12,63,0
2021-04-12,Siskiyou,093,43540,1609,1511,268,1779,7
2021-04-12,Solano,095,438530,31450,31305,439,31744,238
2021-04-12,Sonoma,097,501317,29415,29500,292,29792,310
2021-04-12,Stanislaus,099,539301,54071,53722,5638,59360,707
2021-04-12,Sutter,101,95872,9207,9221,80,9301,106
2021-04-12,Tehama,103,63373,4874,4834,520,5354,52
2021-04-12,Trinity,105,12862,482,324,81,405,3
2021-04-12,Tulare,107,460477,49507,48495,8550,57045,824
2021-04-12,Tuolumne,109,53932,3950,3993,40,4033,57
2021-04-12,Ventura,111,848112,80359,79818,2878,82696,985
2021-04-12,Yolo,113,214977,13528,13510,181,13691,198
2021-04-12,Yuba,115,75493,5804,5773,113,5886,43
2021-04-11,Alameda,001,1643700,85019,84756,1805,86561,1238
2021-04-11,Alpine,003,1148,85,85,0,85,0
2021-04-11,Amador,005,37829,3614,3605,32,3637,46
2021-04-11,Butte,007,227075,11829,11487,1708,13195,193
2021-04-11,Calaveras,009,45235,2035,2036,11,2047,50
2021-04-11,Colusa,011,21464,1902,1904,277,2181,14
2021-04-11,Contra Costa,013,1133247,66852,66107,1151,67258,777
2021-04-11,Del Norte,015,27424,1254,1214,11,1225,6
2021-04-11,El Dorado,017,186661,9689,9575,662,10237,106
2021-04-11,Fresno,019,978130,100687,100230,8292,108522,1633
2021-04-11,Glenn,021,27897,2368,2348,532,2880,17
2021-04-11,Humboldt,023,135768,3553,3523,25,3548,35
2021-04-11,Imperial,025,180216,27964,27841,2580,30421,717
2021-04-11,Inyo,027,18085,1392,1390,10,1400,36
2021-04-11,Kern,029,883053,95910,94830,10341,105171,1283
2021-04-11,Kings,031,150075,22843,22618,1030,23648,241
2021-04-11,Lake,033,64148,3412,3377,9,3386,43
2021-04-11,Lassen,035,31185,5154,5147,103,5250,1
2021-04-11,Los Angeles,037,10098052,1195289,1185757,39762,1225519,23503
2021-04-11,Madera,039,155013,16313,16166,898,17064,231
2021-04-11,Marin,041,260295,13798,13741,223,13964,226
2021-04-11,Mariposa,043,17540,403,394,6,400,5
2021-04-11,Mendocino,045,87422,3784,3696,74,3770,46
2021-04-11,Merced,047,269075,30170,30249,991,31240,435
2021-04-11,Modoc,049,8938,362,352,118,470,3
2021-04-11,Mono,051,14174,1240,1250,16,1266,3
2021-04-11,Monterey,053,433212,42727,42547,1774,44321,346
2021-04-11,Napa,055,140530,9615,9592,30,9622,80
2021-04-11,Nevada,057,99092,4457,4394,182,4576,69
2021-04-11,Orange,059,3164182,252657,251233,10848,262081,4826
2021-04-11,Placer,061,380077,22126,21458,1336,22794,278
2021-04-11,Plumas,063,18699,675,666,10,676,4
2021-04-11,Riverside,065,2383286,290934,285269,13608,298877,4336
2021-04-11,Sacramento,067,1510023,100994,100296,1490,101786,1566
2021-04-11,San Benito,069,59416,5945,5941,106,6047,62
2021-04-11,San Bernardino,071,2135413,290444,288686,8759,297445,4492
2021-04-11,San Diego,073,3302833,274138,273287,13951,287238,3621
2021-04-11,San Francisco,075,870044,35777,35815,1208,37023,498
2021-04-11,San Joaquin,077,732212,70736,69939,3248,73187,1288
2021-04-11,San Luis Obispo,079,281455,20808,20501,638,21139,253
2021-04-11,San Mateo,081,765935,41282,40901,432,41333,353
2021-04-11,Santa Barbara,083,443738,33777,33591,1090,34681,444
2021-04-11,Santa Clara,085,1922200,115817,116161,670,116831,1923
2021-04-11,Santa Cruz,087,273765,15967,15382,789,16171,203
2021-04-11,Shasta,089,179085,11498,11504,1391,12895,189
2021-04-11,Sierra,091,2930,55,51,12,63,0
2021-04-11,Siskiyou,093,43540,1602,1509,265,1774,7
2021-04-11,Solano,095,438530,31397,31268,435,31703,238
2021-04-11,Sonoma,097,501317,29389,29496,288,29784,310
2021-04-11,Stanislaus,099,539301,53988,53683,5629,59312,707
2021-04-11,Sutter,101,95872,9198,9222,80,9302,106
2021-04-11,Tehama,103,63373,4871,4832,519,5351,52
2021-04-11,Trinity,105,12862,482,324,81,405,3
2021-04-11,Tulare,107,460477,49493,48479,8543,57022,824
2021-04-11,Tuolumne,109,53932,3948,3993,40,4033,57
2021-04-11,Ventura,111,848112,80311,79800,2873,82673,985
2021-04-11,Yolo,113,214977,13508,13496,179,13675,198
2021-04-11,Yuba,115,75493,5794,5768,113,5881,43
2021-04-10,Alameda,001,1643700,84955,84626,1805,86431,1238
2021-04-10,Alpine,003,1148,85,85,0,85,0
2021-04-10,Amador,005,37829,3612,3603,32,3635,46
2021-04-10,Butte,007,227075,11818,11482,1707,13189,193
2021-04-10,Calaveras,009,45235,2033,2032,11,2043,50
2021-04-10,Colusa,011,21464,1902,1902,277,2179,14
2021-04-10,Contra Costa,013,1133247,66791,66001,1148,67149,778
2021-04-10,Del Norte,015,27424,1251,1212,11,1223,6
2021-04-10,El Dorado,017,186661,9677,9549,659,10208,106
2021-04-10,Fresno,019,978130,100654,100135,8285,108420,1633
2021-04-10,Glenn,021,27897,2368,2343,532,2875,17
2021-04-10,Humboldt,023,135768,3543,3508,25,3533,35
2021-04-10,Imperial,025,180216,27950,27816,2580,30396,717
2021-04-10,Inyo,027,18085,1392,1387,10,1397,36
2021-04-10,Kern,029,883053,95896,94802,10335,105137,1284
2021-04-10,Kings,031,150075,22839,22614,1028,23642,241
2021-04-10,Lake,033,64148,3407,3368,9,3377,43
2021-04-10,Lassen,035,31185,5154,5146,102,5248,1
2021-04-10,Los Angeles,037,10098052,1195014,1185246,39745,1224991,23493
2021-04-10,Madera,039,155013,16305,16143,897,17040,231
2021-04-10,Marin,041,260295,13793,13731,223,13954,226
2021-04-10,Mariposa,043,17540,400,393,6,399,5
2021-04-10,Mendocino,045,87422,3782,3696,74,3770,46
2021-04-10,Merced,047,269075,30151,30225,990,31215,435
2021-04-10,Modoc,049,8938,362,352,118,470,3
2021-04-10,Mono,051,14174,1240,1249,16,1265,3
2021-04-10,Monterey,053,433212,42716,42527,1773,44300,346
2021-04-10,Napa,055,140530,9608,9569,30,9599,79
2021-04-10,Nevada,057,99092,4450,4379,182,4561,69
2021-04-10,Orange,059,3164182,252564,251139,10842,261981,4818
2021-04-10,Placer,061,380077,22095,21402,1330,22732,278
2021-04-10,Plumas,063,18699,675,666,10,676,4
2021-04-10,Riverside,065,2383286,290854,285082,13600,298682,4336
2021-04-10,Sacramento,067,1510023,100891,100048,1488,101536,1566
2021-04-10,San Benito,069,59416,5934,5932,105,6037,62
2021-04-10,San Bernardino,071,2135413,290380,288590,8752,297342,4489
2021-04-10,San Diego,073,3302833,273922,273058,13931,286989,3613
2021-04-10,San Francisco,075,870044,35747,35774,1205,36979,498
2021-04-10,San Joaquin,077,732212,70701,69852,3238,73090,1288
2021-04-10,San Luis Obispo,079,281455,20792,20461,637,21098,253
2021-04-10,San Mateo,081,765935,41249,40878,432,41310,350
2021-04-10,Santa Barbara,083,443738,33749,33541,1088,34629,444
2021-04-10,Santa Clara,085,1922200,115721,116015,669,116684,1923
2021-04-10,Santa Cruz,087,273765,15961,15360,789,16149,203
2021-04-10,Shasta,089,179085,11489,11492,1388,12880,189
2021-04-10,Sierra,091,2930,55,51,12,63,0
2021-04-10,Siskiyou,093,43540,1599,1512,265,1777,7
2021-04-10,Solano,095,438530,31363,31218,431,31649,238
2021-04-10,Sonoma,097,501317,29374,29469,288,29757,310
2021-04-10,Stanislaus,099,539301,53953,53596,5623,59219,707
2021-04-10,Sutter,101,95872,9196,9214,80,9294,106
2021-04-10,Tehama,103,63373,4869,4820,517,5337,52
2021-04-10,Trinity,105,12862,482,324,81,405,3
2021-04-10,Tulare,107,460477,49484,48470,8537,57007,824
2021-04-10,Tuolumne,109,53932,3945,3991,40,4031,57
2021-04-10,Ventura,111,848112,80283,79758,2871,82629,985
2021-04-10,Yolo,113,214977,13500,13494,178,13672,198
2021-04-10,Yuba,115,75493,5791,5757,112,5869,43
2021-04-09,Alameda,001,1643700,84888,84404,1797,86201,1237
2021-04-09,Alpine,003,1148,85,85,0,85,0
2021-04-09,Amador,005,37829,3611,3600,32,3632,46
2021-04-09,Butte,007,227075,11808,11454,1706,13160,193
2021-04-09,Calaveras,009,45235,2032,2028,11,2039,50
2021-04-09,Colusa,011,21464,1902,1898,277,2175,14
2021-04-09,Contra Costa,013,1133247,66698,65857,1142,66999,777
2021-04-09,Del Norte,015,27424,1250,1207,11,1218,6
2021-04-09,El Dorado,017,186661,9655,9528,655,10183,106
2021-04-09,Fresno,019,978130,100620,100027,8280,108307,1630
2021-04-09,Glenn,021,27897,2368,2337,532,2869,17
2021-04-09,Humboldt,023,135768,3534,3496,25,3521,35
2021-04-09,Imperial,025,180216,27935,27764,2578,30342,717
2021-04-09,Inyo,027,18085,1391,1386,10,1396,36
2021-04-09,Kern,029,883053,95858,94675,10333,105008,1282
2021-04-09,Kings,031,150075,22830,22595,1025,23620,242
2021-04-09,Lake,033,64148,3403,3362,9,3371,43
2021-04-09,Lassen,035,31185,5154,5140,102,5242,1
2021-04-09,Los Angeles,037,10098052,1194645,1184501,39717,1224218,23458
2021-04-09,Madera,039,155013,16302,16118,897,17015,231
2021-04-09,Marin,041,260295,13786,13721,223,13944,226
2021-04-09,Mariposa,043,17540,400,393,6,399,5
2021-04-09,Mendocino,045,87422,3780,3693,74,3767,46
2021-04-09,Merced,047,269075,30122,30179,989,31168,435
2021-04-09,Modoc,049,8938,361,352,118,470,3
2021-04-09,Mono,051,14174,1240,1247,16,1263,3
2021-04-09,Monterey,053,433212,42707,42481,1769,44250,344
2021-04-09,Napa,055,140530,9589,9574,30,9604,80
2021-04-09,Nevada,057,99092,4442,4373,182,4555,69
2021-04-09,Orange,059,3164182,252490,250852,10837,261689,4813
2021-04-09,Placer,061,380077,22064,21327,1322,22649,278
2021-04-09,Plumas,063,18699,674,666,10,676,4
2021-04-09,Riverside,065,2383286,290771,284562,13594,298156,4325
2021-04-09,Sacramento,067,1510023,100735,99722,1482,101204,1564
2021-04-09,San Benito,069,59416,5929,5925,104,6029,62
2021-04-09,San Bernardino,071,2135413,290311,288000,8749,296749,4467
2021-04-09,San Diego,073,3302833,273724,272697,13889,286586,3600
2021-04-09,San Francisco,075,870044,35706,35716,1200,36916,497
2021-04-09,San Joaquin,077,732212,70637,69675,3226,72901,1281
2021-04-09,San Luis Obispo,079,281455,20777,20427,637,21064,252
2021-04-09,San Mateo,081,765935,41213,40800,431,41231,350
2021-04-09,Santa Barbara,083,443738,33726,33424,1085,34509,444
2021-04-09,Santa Clara,085,1922200,115637,115749,667,116416,1923
2021-04-09,Santa Cruz,087,273765,15956,15331,789,16120,203
2021-04-09,Shasta,089,179085,11479,11478,1385,12863,188
2021-04-09,Sierra,091,2930,55,51,12,63,0
2021-04-09,Siskiyou,093,43540,1596,1510,264,1774,7
2021-04-09,Solano,095,438530,31330,31166,426,31592,238
2021-04-09,Sonoma,097,501317,29361,29433,288,29721,310
2021-04-09,Stanislaus,099,539301,53898,53504,5614,59118,705
2021-04-09,Sutter,101,95872,9189,9201,80,9281,106
2021-04-09,Tehama,103,63373,4863,4806,517,5323,52
2021-04-09,Trinity,105,12862,481,324,81,405,3
2021-04-09,Tulare,107,460477,49480,48430,8531,56961,824
2021-04-09,Tuolumne,109,53932,3944,3986,40,4026,57
2021-04-09,Ventura,111,848112,80255,79698,2871,82569,987
2021-04-09,Yolo,113,214977,13488,13478,176,13654,198
2021-04-09,Yuba,115,75493,5784,5754,112,5866,43
2021-04-08,Alameda,001,1643700,84781,84213,1794,86007,1232
2021-04-08,Alpine,003,1148,85,85,0,85,0
2021-04-08,Amador,005,37829,3607,3595,32,3627,46
2021-04-08,Butte,007,227075,11797,11414,1705,13119,193
2021-04-08,Calaveras,009,45235,2030,2027,11,2038,50
2021-04-08,Colusa,011,21464,1901,1897,277,2174,14
2021-04-08,Contra Costa,013,1133247,66589,65706,1139,66845,775
2021-04-08,Del Norte,015,27424,1244,1201,11,1212,6
2021-04-08,El Dorado,017,186661,9639,9513,650,10163,106
2021-04-08,Fresno,019,978130,100557,99935,8273,108208,1627
2021-04-08,Glenn,021,27897,2367,2337,532,2869,17
2021-04-08,Humboldt,023,135768,3524,3486,25,3511,35
2021-04-08,Imperial,025,180216,27907,27744,2575,30319,713
2021-04-08,Inyo,027,18085,1390,1386,10,1396,36
2021-04-08,Kern,029,883053,95812,94493,10320,104813,1281
2021-04-08,Kings,031,150075,22823,22589,1023,23612,243
2021-04-08,Lake,033,64148,3396,3360,9,3369,43
2021-04-08,Lassen,035,31185,5153,5136,102,5238,1
2021-04-08,Los Angeles,037,10098052,1194146,1184443,39679,1224122,23416
2021-04-08,Madera,039,155013,16290,16103,897,17000,231
2021-04-08,Marin,041,260295,13779,13704,223,13927,226
2021-04-08,Mariposa,043,17540,399,393,6,399,5
2021-04-08,Mendocino,045,87422,3778,3690,74,3764,45
2021-04-08,Merced,047,269075,30100,30163,989,31152,430
2021-04-08,Modoc,049,8938,361,352,118,470,3
2021-04-08,Mono,051,14174,1238,1247,16,1263,3
2021-04-08,Monterey,053,433212,42685,42437,1764,44201,342
2021-04-08,Napa,055,140530,9573,9569,30,9599,80
2021-04-08,Nevada,057,99092,4431,4367,182,4549,69
2021-04-08,Orange,059,3164182,252380,250529,10822,261351,4797
2021-04-08,Placer,061,380077,22022,21258,1313,22571,277
2021-04-08,Plumas,063,18699,674,665,10,675,4
2021-04-08,Riverside,065,2383286,290657,283853,13589,297442,4296
2021-04-08,Sacramento,067,1510023,100596,99319,1471,100790,1561
2021-04-08,San Benito,069,59416,5926,5914,102,6016,62
2021-04-08,San Bernardino,071,2135413,290213,287190,8746,295936,4445
2021-04-08,San Diego,073,3302833,273494,272495,13853,286348,3592
2021-04-08,San Francisco,075,870044,35682,35657,1199,36856,494
2021-04-08,San Joaquin,077,732212,70565,69479,3220,72699,1279
2021-04-08,San Luis Obispo,079,281455,20758,20402,635,21037,252
2021-04-08,San Mateo,081,765935,41173,40749,431,41180,350
2021-04-08,Santa Barbara,083,443738,33702,33309,1084,34393,444
2021-04-08,Santa Clara,085,1922200,115531,115487,666,116153,1905
2021-04-08,Santa Cruz,087,273765,15949,15296,789,16085,203
2021-04-08,Shasta,089,179085,11469,11466,1381,12847,186
2021-04-08,Sierra,091,2930,55,51,12,63,0
2021-04-08,Siskiyou,093,43540,1593,1511,264,1775,7
2021-04-08,Solano,095,438530,31280,31120,426,31546,238
2021-04-08,Sonoma,097,501317,29341,29410,287,29697,310
2021-04-08,Stanislaus,099,539301,53820,53401,5604,59005,706
2021-04-08,Sutter,101,95872,9185,9195,80,9275,106
2021-04-08,Tehama,103,63373,4859,4802,517,5319,52
2021-04-08,Trinity,105,12862,481,324,81,405,3
2021-04-08,Tulare,107,460477,49467,48409,8521,56930,821
2021-04-08,Tuolumne,109,53932,3944,3986,40,4026,57
2021-04-08,Ventura,111,848112,80218,79626,2867,82493,986
2021-04-08,Yolo,113,214977,13479,13468,175,13643,198
2021-04-08,Yuba,115,75493,5780,5743,112,5855,43
2021-04-07,Alameda,001,1643700,84697,84130,1792,85922,1224
2021-04-07,Alpine,003,1148,85,85,0,85,0
2021-04-07,Amador,005,37829,3604,3590,32,3622,46
2021-04-07,Butte,007,227075,11793,11405,1702,13107,193
2021-04-07,Calaveras,009,45235,2029,2022,11,2033,50
2021-04-07,Colusa,011,21464,1897,1894,276,2170,14
2021-04-07,Contra Costa,013,1133247,66503,65619,1138,66757,775
2021-04-07,Del Norte,015,27424,1242,1198,11,1209,6
2021-04-07,El Dorado,017,186661,9618,9500,644,10144,106
2021-04-07,Fresno,019,978130,100492,99865,8262,108127,1627
2021-04-07,Glenn,021,27897,2365,2337,531,2868,17
2021-04-07,Humboldt,023,135768,3511,3484,25,3509,35
2021-04-07,Imperial,025,180216,27883,27704,2569,30273,713
2021-04-07,Inyo,027,18085,1389,1386,10,1396,36
2021-04-07,Kern,029,883053,95776,94456,10305,104761,1275
2021-04-07,Kings,031,150075,22821,22589,1023,23612,243
2021-04-07,Lake,033,64148,3394,3358,9,3367,43
2021-04-07,Lassen,035,31185,5153,5137,102,5239,1
2021-04-07,Los Angeles,037,10098052,1193705,1183862,39659,1223521,23372
2021-04-07,Madera,039,155013,16271,16090,896,16986,231
2021-04-07,Marin,041,260295,13768,13688,222,13910,225
2021-04-07,Mariposa,043,17540,398,391,6,397,5
2021-04-07,Mendocino,045,87422,3777,3691,74,3765,45
2021-04-07,Merced,047,269075,30077,30132,985,31117,430
2021-04-07,Modoc,049,8938,361,351,118,469,3
2021-04-07,Mono,051,14174,1238,1246,16,1262,3
2021-04-07,Monterey,053,433212,42667,42427,1763,44190,341
2021-04-07,Napa,055,140530,9559,9556,30,9586,80
2021-04-07,Nevada,057,99092,4425,4364,182,4546,69
2021-04-07,Orange,059,3164182,252255,250378,10800,261178,4778
2021-04-07,Placer,061,380077,21978,21227,1305,22532,276
2021-04-07,Plumas,063,18699,674,665,10,675,4
2021-04-07,Riverside,065,2383286,290537,283749,13579,297328,4285
2021-04-07,Sacramento,067,1510023,100428,99202,1465,100667,1544
2021-04-07,San Benito,069,59416,5921,5912,101,6013,62
2021-04-07,San Bernardino,071,2135413,290094,286978,8741,295719,4433
2021-04-07,San Diego,073,3302833,273268,272195,13824,286019,3588
2021-04-07,San Francisco,075,870044,35642,35618,1195,36813,493
2021-04-07,San Joaquin,077,732212,70494,69375,3215,72590,1278
2021-04-07,San Luis Obispo,079,281455,20732,20373,632,21005,252
2021-04-07,San Mateo,081,765935,41129,40693,431,41124,350
2021-04-07,Santa Barbara,083,443738,33676,33289,1081,34370,444
2021-04-07,Santa Clara,085,1922200,115399,115311,664,115975,1900
2021-04-07,Santa Cruz,087,273765,15938,15275,789,16064,203
2021-04-07,Shasta,089,179085,11457,11456,1377,12833,184
2021-04-07,Sierra,091,2930,55,51,12,63,0
2021-04-07,Siskiyou,093,43540,1587,1512,263,1775,7
2021-04-07,Solano,095,438530,31229,31097,425,31522,238
2021-04-07,Sonoma,097,501317,29323,29394,286,29680,310
2021-04-07,Stanislaus,099,539301,53752,53344,5594,58938,686
2021-04-07,Sutter,101,95872,9182,9188,80,9268,106
2021-04-07,Tehama,103,63373,4851,4802,515,5317,52
2021-04-07,Trinity,105,12862,481,322,81,403,3
2021-04-07,Tulare,107,460477,49452,48386,8511,56897,820
2021-04-07,Tuolumne,109,53932,3942,3982,40,4022,57
2021-04-07,Ventura,111,848112,80184,79595,2865,82460,986
2021-04-07,Yolo,113,214977,13464,13450,173,13623,198
2021-04-07,Yuba,115,75493,5776,5737,112,5849,43
2021-04-06,Alameda,001,1643700,84584,84091,1789,85880,1223
2021-04-06,Alpine,003,1148,85,85,0,85,0
2021-04-06,Amador,005,37829,3603,3587,32,3619,45
2021-04-06,Butte,007,227075,11778,11396,1700,13096,193
2021-04-06,Calaveras,009,45235,2025,2021,11,2032,50
2021-04-06,Colusa,011,21464,1895,1894,274,2168,14
2021-04-06,Contra Costa,013,1133247,66425,65575,1137,66712,774
2021-04-06,Del Norte,015,27424,1237,1197,11,1208,6
2021-04-06,El Dorado,017,186661,9588,9489,642,10131,106
2021-04-06,Fresno,019,978130,100428,99814,8256,108070,1626
2021-04-06,Glenn,021,27897,2364,2335,530,2865,17
2021-04-06,Humboldt,023,135768,3502,3477,25,3502,35
2021-04-06,Imperial,025,180216,27849,27661,2560,30221,713
2021-04-06,Inyo,027,18085,1389,1379,10,1389,36
2021-04-06,Kern,029,883053,95732,94422,10299,104721,1259
2021-04-06,Kings,031,150075,22815,22587,1023,23610,240
2021-04-06,Lake,033,64148,3391,3358,9,3367,43
2021-04-06,Lassen,035,31185,5151,5137,102,5239,1
2021-04-06,Los Angeles,037,10098052,1193193,1183499,39620,1223119,23323
2021-04-06,Madera,039,155013,16251,16085,891,16976,230
2021-04-06,Marin,041,260295,13759,13675,218,13893,224
2021-04-06,Mariposa,043,17540,398,390,6,396,5
2021-04-06,Mendocino,045,87422,3775,3686,74,3760,45
2021-04-06,Merced,047,269075,30047,30100,980,31080,430
2021-04-06,Modoc,049,8938,360,351,118,469,3
2021-04-06,Mono,051,14174,1238,1246,16,1262,3
2021-04-06,Monterey,053,433212,42658,42412,1762,44174,341
2021-04-06,Napa,055,140530,9540,9509,30,9539,78
2021-04-06,Nevada,057,99092,4415,4356,180,4536,69
2021-04-06,Orange,059,3164182,252146,250304,10787,261091,4771
2021-04-06,Placer,061,380077,21930,21184,1303,22487,276
2021-04-06,Plumas,063,18699,674,665,10,675,4
2021-04-06,Riverside,065,2383286,290356,283622,13568,297190,4264
2021-04-06,Sacramento,067,1510023,100220,99110,1459,100569,1537
2021-04-06,San Benito,069,59416,5912,5907,101,6008,62
2021-04-06,San Bernardino,071,2135413,289981,286792,8731,295523,4428
2021-04-06,San Diego,073,3302833,273006,271867,13796,285663,3585
2021-04-06,San Francisco,075,870044,35599,35572,1195,36767,488
2021-04-06,San Joaquin,077,732212,70411,69316,3203,72519,1278
2021-04-06,San Luis Obispo,079,281455,20710,20350,629,20979,252
2021-04-06,San Mateo,081,765935,41081,40649,430,41079,350
2021-04-06,Santa Barbara,083,443738,33658,33257,1080,34337,443
2021-04-06,Santa Clara,085,1922200,115228,115184,663,115847,1900
2021-04-06,Santa Cruz,087,273765,15928,15252,789,16041,203
2021-04-06,Shasta,089,179085,11436,11443,1375,12818,184
2021-04-06,Sierra,091,2930,55,51,12,63,0
2021-04-06,Siskiyou,093,43540,1583,1510,262,1772,7
2021-04-06,Solano,095,438530,31182,31078,424,31502,237
2021-04-06,Sonoma,097,501317,29298,29386,284,29670,311
2021-04-06,Stanislaus,099,539301,53696,53304,5588,58892,686
2021-04-06,Sutter,101,95872,9172,9179,80,9259,106
2021-04-06,Tehama,103,63373,4842,4798,515,5313,52
2021-04-06,Trinity,105,12862,481,321,81,402,3
2021-04-06,Tulare,107,460477,49409,48372,8507,56879,819
2021-04-06,Tuolumne,109,53932,3942,3981,40,4021,57
2021-04-06,Ventura,111,848112,80147,79556,2863,82419,983
2021-04-06,Yolo,113,214977,13451,13443,172,13615,198
2021-04-06,Yuba,115,75493,5772,5733,111,5844,43
2021-04-05,Alameda,001,1643700,84468,84007,1785,85792,1219
2021-04-05,Alpine,003,1148,85,85,0,85,0
2021-04-05,Amador,005,37829,3600,3584,32,3616,45
2021-04-05,Butte,007,227075,11763,11384,1700,13084,193
2021-04-05,Calaveras,009,45235,2023,2019,11,2030,50
2021-04-05,Colusa,011,21464,1895,1894,273,2167,14
2021-04-05,Contra Costa,013,1133247,66358,65457,1135,66592,774
2021-04-05,Del Norte,015,27424,1235,1189,11,1200,6
2021-04-05,El Dorado,017,186661,9573,9463,642,10105,106
2021-04-05,Fresno,019,978130,100340,99755,8248,108003,1622
2021-04-05,Glenn,021,27897,2363,2335,530,2865,17
2021-04-05,Humboldt,023,135768,3493,3475,25,3500,35
2021-04-05,Imperial,025,180216,27817,27604,2555,30159,710
2021-04-05,Inyo,027,18085,1386,1377,10,1387,36
2021-04-05,Kern,029,883053,95677,94401,10274,104675,1249
2021-04-05,Kings,031,150075,22811,22580,1023,23603,239
2021-04-05,Lake,033,64148,3383,3359,9,3368,43
2021-04-05,Lassen,035,31185,5151,5138,101,5239,1
2021-04-05,Los Angeles,037,10098052,1192657,1183200,39572,1222772,23302
2021-04-05,Madera,039,155013,16236,16065,890,16955,230
2021-04-05,Marin,041,260295,13745,13666,214,13880,221
2021-04-05,Mariposa,043,17540,398,390,6,396,5
2021-04-05,Mendocino,045,87422,3773,3687,74,3761,45
2021-04-05,Merced,047,269075,30022,30068,978,31046,427
2021-04-05,Modoc,049,8938,358,346,118,464,3
2021-04-05,Mono,051,14174,1238,1246,16,1262,3
2021-04-05,Monterey,053,433212,42645,42396,1758,44154,341
2021-04-05,Napa,055,140530,9517,9492,30,9522,78
2021-04-05,Nevada,057,99092,4404,4346,180,4526,69
2021-04-05,Orange,059,3164182,252031,250177,10763,260940,4759
2021-04-05,Placer,061,380077,21884,21133,1296,22429,276
2021-04-05,Plumas,063,18699,674,666,10,676,4
2021-04-05,Riverside,065,2383286,290219,283549,13556,297105,4237
2021-04-05,Sacramento,067,1510023,100058,98908,1451,100359,1533
2021-04-05,San Benito,069,59416,5906,5904,101,6005,61
2021-04-05,San Bernardino,071,2135413,289871,286597,8728,295325,4425
2021-04-05,San Diego,073,3302833,272757,271655,13755,285410,3583
2021-04-05,San Francisco,075,870044,35568,35538,1195,36733,488
2021-04-05,San Joaquin,077,732212,70322,69214,3194,72408,1268
2021-04-05,San Luis Obispo,079,281455,20673,20333,629,20962,252
2021-04-05,San Mateo,081,765935,41037,40609,429,41038,350
2021-04-05,Santa Barbara,083,443738,33623,33235,1080,34315,443
2021-04-05,Santa Clara,085,1922200,115061,115091,660,115751,1893
2021-04-05,Santa Cruz,087,273765,15921,15228,789,16017,201
2021-04-05,Shasta,089,179085,11415,11435,1372,12807,184
2021-04-05,Sierra,091,2930,55,50,12,62,0
2021-04-05,Siskiyou,093,43540,1580,1509,260,1769,7
2021-04-05,Solano,095,438530,31141,31026,422,31448,237
2021-04-05,Sonoma,097,501317,29266,29361,282,29643,311
2021-04-05,Stanislaus,099,539301,53616,53238,5585,58823,686
2021-04-05,Sutter,101,95872,9165,9169,80,9249,106
2021-04-05,Tehama,103,63373,4836,4794,515,5309,52
2021-04-05,Trinity,105,12862,480,321,81,402,3
2021-04-05,Tulare,107,460477,49397,48356,8500,56856,818
2021-04-05,Tuolumne,109,53932,3941,3980,40,4020,57
2021-04-05,Ventura,111,848112,80116,79549,2860,82409,983
2021-04-05,Yolo,113,214977,13437,13427,171,13598,198
2021-04-05,Yuba,115,75493,5767,5728,110,5838,43
2021-04-04,Alameda,001,1643700,84349,83951,1781,85732,1219
2021-04-04,Alpine,003,1148,85,85,0,85,0
2021-04-04,Amador,005,37829,3594,3582,32,3614,45
2021-04-04,Butte,007,227075,11748,11375,1699,13074,193
2021-04-04,Calaveras,009,45235,2019,2020,11,2031,50
2021-04-04,Colusa,011,21464,1894,1893,273,2166,14
2021-04-04,Contra Costa,013,1133247,66252,65408,1130,66538,774
2021-04-04,Del Norte,015,27424,1227,1186,11,1197,6
2021-04-04,El Dorado,017,186661,9554,9455,639,10094,106
2021-04-04,Fresno,019,978130,100266,99702,8236,107938,1622
2021-04-04,Glenn,021,27897,2360,2335,529,2864,17
2021-04-04,Humboldt,023,135768,3482,3472,25,3497,35
2021-04-04,Imperial,025,180216,27761,27588,2553,30141,710
2021-04-04,Inyo,027,18085,1382,1377,10,1387,36
2021-04-04,Kern,029,883053,95633,94388,10253,104641,1247
2021-04-04,Kings,031,150075,22809,22580,1022,23602,239
2021-04-04,Lake,033,64148,3377,3355,8,3363,43
2021-04-04,Lassen,035,31185,5149,5138,101,5239,1
2021-04-04,Los Angeles,037,10098052,1192112,1182872,39528,1222400,23301
2021-04-04,Madera,039,155013,16210,16052,886,16938,230
2021-04-04,Marin,041,260295,13732,13663,213,13876,221
2021-04-04,Mariposa,043,17540,398,390,6,396,5
2021-04-04,Mendocino,045,87422,3770,3684,74,3758,45
2021-04-04,Merced,047,269075,29979,30048,975,31023,427
2021-04-04,Modoc,049,8938,358,346,118,464,3
2021-04-04,Mono,051,14174,1237,1245,16,1261,3
2021-04-04,Monterey,053,433212,42628,42391,1757,44148,341
2021-04-04,Napa,055,140530,9505,9486,30,9516,78
2021-04-04,Nevada,057,99092,4392,4337,180,4517,69
2021-04-04,Orange,059,3164182,251897,250117,10747,260864,4759
2021-04-04,Placer,061,380077,21837,21104,1278,22382,276
2021-04-04,Plumas,063,18699,674,666,10,676,4
2021-04-04,Riverside,065,2383286,290093,283537,13552,297089,4237
2021-04-04,Sacramento,067,1510023,99859,98821,1442,100263,1531
2021-04-04,San Benito,069,59416,5896,5901,97,5998,61
2021-04-04,San Bernardino,071,2135413,289731,286561,8720,295281,4423
2021-04-04,San Diego,073,3302833,272445,271528,13714,285242,3583
2021-04-04,San Francisco,075,870044,35514,35525,1192,36717,488
2021-04-04,San Joaquin,077,732212,70221,69147,3182,72329,1268
2021-04-04,San Luis Obispo,079,281455,20641,20328,621,20949,252
2021-04-04,San Mateo,081,765935,40994,40587,427,41014,350
2021-04-04,Santa Barbara,083,443738,33587,33213,1080,34293,443
2021-04-04,Santa Clara,085,1922200,114895,114976,653,115629,1893
2021-04-04,Santa Cruz,087,273765,15912,15219,789,16008,201
2021-04-04,Shasta,089,179085,11389,11433,1371,12804,184
2021-04-04,Sierra,091,2930,55,50,12,62,0
2021-04-04,Siskiyou,093,43540,1577,1509,256,1765,7
2021-04-04,Solano,095,438530,31094,31002,420,31422,237
2021-04-04,Sonoma,097,501317,29234,29340,280,29620,311
2021-04-04,Stanislaus,099,539301,53523,53181,5577,58758,686
2021-04-04,Sutter,101,95872,9158,9164,80,9244,106
2021-04-04,Tehama,103,63373,4824,4792,514,5306,52
2021-04-04,Trinity,105,12862,478,321,81,402,3
2021-04-04,Tulare,107,460477,49383,48343,8492,56835,818
2021-04-04,Tuolumne,109,53932,3933,3980,40,4020,57
2021-04-04,Ventura,111,848112,80073,79526,2858,82384,983
2021-04-04,Yolo,113,214977,13416,13425,170,13595,198
2021-04-04,Yuba,115,75493,5760,5722,110,5832,43
2021-04-03,Alameda,001,1643700,84282,83861,1779,85640,1218
2021-04-03,Alpine,003,1148,85,85,0,85,0
2021-04-03,Amador,005,37829,3591,3577,32,3609,45
2021-04-03,Butte,007,227075,11744,11359,1695,13054,193
2021-04-03,Calaveras,009,45235,2017,2019,11,2030,50
2021-04-03,Colusa,011,21464,1894,1891,273,2164,14
2021-04-03,Contra Costa,013,1133247,66180,65338,1130,66468,774
2021-04-03,Del Norte,015,27424,1222,1183,11,1194,6
2021-04-03,El Dorado,017,186661,9545,9448,638,10086,106
2021-04-03,Fresno,019,978130,100209,99602,8230,107832,1622
2021-04-03,Glenn,021,27897,2359,2334,528,2862,17
2021-04-03,Humboldt,023,135768,3480,3467,25,3492,35
2021-04-03,Imperial,025,180216,27745,27572,2550,30122,710
2021-04-03,Inyo,027,18085,1381,1376,10,1386,36
2021-04-03,Kern,029,883053,95607,94369,10237,104606,1243
2021-04-03,Kings,031,150075,22807,22580,1022,23602,239
2021-04-03,Lake,033,64148,3376,3350,8,3358,43
2021-04-03,Lassen,035,31185,5148,5136,101,5237,1
2021-04-03,Los Angeles,037,10098052,1191805,1182402,39511,1221913,23301
2021-04-03,Madera,039,155013,16201,16051,884,16935,230
2021-04-03,Marin,041,260295,13724,13658,212,13870,221
2021-04-03,Mariposa,043,17540,398,390,5,395,5
2021-04-03,Mendocino,045,87422,3769,3684,74,3758,45
2021-04-03,Merced,047,269075,29964,30031,975,31006,427
2021-04-03,Modoc,049,8938,358,346,118,464,3
2021-04-03,Mono,051,14174,1237,1245,16,1261,3
2021-04-03,Monterey,053,433212,42615,42376,1755,44131,341
2021-04-03,Napa,055,140530,9496,9473,30,9503,78
2021-04-03,Nevada,057,99092,4388,4323,180,4503,69
2021-04-03,Orange,059,3164182,251816,249982,10729,260711,4755
2021-04-03,Placer,061,380077,21806,21060,1274,22334,276
2021-04-03,Plumas,063,18699,674,666,10,676,4
2021-04-03,Riverside,065,2383286,290015,283423,13549,296972,4237
2021-04-03,Sacramento,067,1510023,99751,98660,1436,100096,1531
2021-04-03,San Benito,069,59416,5893,5893,96,5989,61
2021-04-03,San Bernardino,071,2135413,289667,286473,8714,295187,4422
2021-04-03,San Diego,073,3302833,272276,271335,13697,285032,3571
2021-04-03,San Francisco,075,870044,35495,35488,1190,36678,489
2021-04-03,San Joaquin,077,732212,70180,69100,3166,72266,1268
2021-04-03,San Luis Obispo,079,281455,20622,20301,621,20922,252
2021-04-03,San Mateo,081,765935,40969,40560,427,40987,350
2021-04-03,Santa Barbara,083,443738,33561,33172,1079,34251,443
2021-04-03,Santa Clara,085,1922200,114787,114865,651,115516,1893
2021-04-03,Santa Cruz,087,273765,15905,15205,789,15994,201
2021-04-03,Shasta,089,179085,11381,11418,1371,12789,184
2021-04-03,Sierra,091,2930,55,50,12,62,0
2021-04-03,Siskiyou,093,43540,1576,1509,256,1765,7
2021-04-03,Solano,095,438530,31073,30970,417,31387,237
2021-04-03,Sonoma,097,501317,29218,29315,279,29594,311
2021-04-03,Stanislaus,099,539301,53488,53137,5571,58708,686
2021-04-03,Sutter,101,95872,9152,9158,80,9238,106
2021-04-03,Tehama,103,63373,4816,4788,514,5302,52
2021-04-03,Trinity,105,12862,478,321,81,402,3
2021-04-03,Tulare,107,460477,49373,48327,8488,56815,818
2021-04-03,Tuolumne,109,53932,3933,3980,40,4020,57
2021-04-03,Ventura,111,848112,80052,79489,2856,82345,983
2021-04-03,Yolo,113,214977,13410,13414,170,13584,198
2021-04-03,Yuba,115,75493,5754,5716,110,5826,43
2021-04-02,Alameda,001,1643700,84209,83776,1776,85552,1217
2021-04-02,Alpine,003,1148,85,85,0,85,0
2021-04-02,Amador,005,37829,3587,3573,31,3604,45
2021-04-02,Butte,007,227075,11735,11350,1695,13045,193
2021-04-02,Calaveras,009,45235,2015,2010,11,2021,50
2021-04-02,Colusa,011,21464,1894,1891,273,2164,14
2021-04-02,Contra Costa,013,1133247,66116,65299,1129,66428,774
2021-04-02,Del Norte,015,27424,1219,1174,11,1185,6
2021-04-02,El Dorado,017,186661,9532,9437,635,10072,106
2021-04-02,Fresno,019,978130,100155,99551,8219,107770,1620
2021-04-02,Glenn,021,27897,2359,2331,528,2859,17
2021-04-02,Humboldt,023,135768,3476,3465,25,3490,35
2021-04-02,Imperial,025,180216,27733,27553,2544,30097,710
2021-04-02,Inyo,027,18085,1381,1377,10,1387,36
2021-04-02,Kern,029,883053,95589,94348,10234,104582,1233
2021-04-02,Kings,031,150075,22807,22571,1019,23590,239
2021-04-02,Lake,033,64148,3374,3348,8,3356,43
2021-04-02,Lassen,035,31185,5148,5134,101,5235,1
2021-04-02,Los Angeles,037,10098052,1191494,1181682,39490,1221172,23264
2021-04-02,Madera,039,155013,16192,16036,883,16919,230
2021-04-02,Marin,041,260295,13716,13649,212,13861,221
2021-04-02,Mariposa,043,17540,396,390,5,395,5
2021-04-02,Mendocino,045,87422,3766,3682,74,3756,45
2021-04-02,Merced,047,269075,29939,29998,975,30973,426
2021-04-02,Modoc,049,8938,355,346,118,464,3
2021-04-02,Mono,051,14174,1237,1246,16,1262,3
2021-04-02,Monterey,053,433212,42605,42359,1752,44111,341
2021-04-02,Napa,055,140530,9481,9453,30,9483,78
2021-04-02,Nevada,057,99092,4384,4323,180,4503,69
2021-04-02,Orange,059,3164182,251721,249891,10717,260608,4748
2021-04-02,Placer,061,380077,21770,21035,1268,22303,275
2021-04-02,Plumas,063,18699,674,666,10,676,4
2021-04-02,Riverside,065,2383286,289929,283328,13540,296868,4213
2021-04-02,Sacramento,067,1510023,99644,98648,1429,100077,1527
2021-04-02,San Benito,069,59416,5891,5888,94,5982,61
2021-04-02,San Bernardino,071,2135413,289594,286308,8710,295018,4417
2021-04-02,San Diego,073,3302833,272089,271036,13671,284707,3568
2021-04-02,San Francisco,075,870044,35460,35451,1188,36639,488
2021-04-02,San Joaquin,077,732212,70115,68996,3151,72147,1268
2021-04-02,San Luis Obispo,079,281455,20605,20271,620,20891,252
2021-04-02,San Mateo,081,765935,40927,40514,427,40941,350
2021-04-02,Santa Barbara,083,443738,33533,33145,1079,34224,443
2021-04-02,Santa Clara,085,1922200,114676,114777,649,115426,1882
2021-04-02,Santa Cruz,087,273765,15897,15216,789,16005,202
2021-04-02,Shasta,089,179085,11376,11377,1364,12741,181
2021-04-02,Sierra,091,2930,55,50,12,62,0
2021-04-02,Siskiyou,093,43540,1576,1508,255,1763,7
2021-04-02,Solano,095,438530,31044,30951,414,31365,237
2021-04-02,Sonoma,097,501317,29197,29288,278,29566,311
2021-04-02,Stanislaus,099,539301,53443,53073,5565,58638,687
2021-04-02,Sutter,101,95872,9144,9131,80,9211,106
2021-04-02,Tehama,103,63373,4809,4775,513,5288,52
2021-04-02,Trinity,105,12862,478,320,81,401,3
2021-04-02,Tulare,107,460477,49367,48306,8482,56788,818
2021-04-02,Tuolumne,109,53932,3930,3980,40,4020,57
2021-04-02,Ventura,111,848112,80025,79434,2854,82288,982
2021-04-02,Yolo,113,214977,13400,13381,170,13551,197
2021-04-02,Yuba,115,75493,5750,5709,110,5819,44
2021-04-01,Alameda,001,1643700,84130,83574,1771,85345,1216
2021-04-01,Alpine,003,1148,85,85,0,85,0
2021-04-01,Amador,005,37829,3583,3558,31,3589,45
2021-04-01,Butte,007,227075,11717,11328,1693,13021,193
2021-04-01,Calaveras,009,45235,2012,2006,11,2017,50
2021-04-01,Colusa,011,21464,1891,1890,273,2163,14
2021-04-01,Contra Costa,013,1133247,66057,65176,1127,66303,771
2021-04-01,Del Norte,015,27424,1214,1138,11,1149,6
2021-04-01,El Dorado,017,186661,9523,9393,631,10024,106
2021-04-01,Fresno,019,978130,100102,99317,8211,107528,1616
2021-04-01,Glenn,021,27897,2359,2322,527,2849,17
2021-04-01,Humboldt,023,135768,3472,3464,25,3489,35
2021-04-01,Imperial,025,180216,27703,27520,2539,30059,710
2021-04-01,Inyo,027,18085,1380,1374,10,1384,36
2021-04-01,Kern,029,883053,95553,94244,10222,104466,1233
2021-04-01,Kings,031,150075,22800,22560,1018,23578,239
2021-04-01,Lake,033,64148,3369,3337,8,3345,43
2021-04-01,Lassen,035,31185,5147,5132,101,5233,1
2021-04-01,Los Angeles,037,10098052,1191001,1181101,39461,1220562,23220
2021-04-01,Madera,039,155013,16176,16023,883,16906,230
2021-04-01,Marin,041,260295,13706,13635,212,13847,221
2021-04-01,Mariposa,043,17540,394,389,5,394,5
2021-04-01,Mendocino,045,87422,3766,3680,74,3754,45
2021-04-01,Merced,047,269075,29906,29820,975,30795,425
2021-04-01,Modoc,049,8938,354,346,118,464,3
2021-04-01,Mono,051,14174,1237,1245,16,1261,3
2021-04-01,Monterey,053,433212,42597,42324,1750,44074,339
2021-04-01,Napa,055,140530,9469,9410,30,9440,78
2021-04-01,Nevada,057,99092,4374,4288,179,4467,68
2021-04-01,Orange,059,3164182,251601,249617,10700,260317,4742
2021-04-01,Placer,061,380077,21731,20909,1256,22165,274
2021-04-01,Plumas,063,18699,674,664,10,674,4
2021-04-01,Riverside,065,2383286,289824,283128,13537,296665,4193
2021-04-01,Sacramento,067,1510023,99500,97952,1416,99368,1521
2021-04-01,San Benito,069,59416,5883,5878,93,5971,61
2021-04-01,San Bernardino,071,2135413,289478,286086,8701,294787,4404
2021-04-01,San Diego,073,3302833,271866,270540,13641,284181,3555
2021-04-01,San Francisco,075,870044,35439,35386,1185,36571,488
2021-04-01,San Joaquin,077,732212,70033,68802,3143,71945,1262
2021-04-01,San Luis Obispo,079,281455,20576,20235,619,20854,252
2021-04-01,San Mateo,081,765935,40886,40454,427,40881,350
2021-04-01,Santa Barbara,083,443738,33486,33096,1074,34170,443
2021-04-01,Santa Clara,085,1922200,114563,114606,648,115254,1874
2021-04-01,Santa Cruz,087,273765,15882,15271,789,16060,202
2021-04-01,Shasta,089,179085,11361,11355,1359,12714,181
2021-04-01,Sierra,091,2930,55,50,12,62,0
2021-04-01,Siskiyou,093,43540,1574,1507,254,1761,7
2021-04-01,Solano,095,438530,31011,30850,411,31261,237
2021-04-01,Sonoma,097,501317,29166,29241,271,29512,311
2021-04-01,Stanislaus,099,539301,53381,52825,5559,58384,687
2021-04-01,Sutter,101,95872,9132,9105,80,9185,106
2021-04-01,Tehama,103,63373,4803,4764,510,5274,52
2021-04-01,Trinity,105,12862,478,319,81,400,3
2021-04-01,Tulare,107,460477,49344,48279,8472,56751,817
2021-04-01,Tuolumne,109,53932,3928,3978,40,4018,57
2021-04-01,Ventura,111,848112,80001,79369,2853,82222,977
2021-04-01,Yolo,113,214977,13387,13342,170,13512,197
2021-04-01,Yuba,115,75493,5745,5694,110,5804,44
2021-03-31,Alameda,001,1643700,84048,83475,1766,85241,1215
2021-03-31,Alpine,003,1148,85,85,0,85,0
2021-03-31,Amador,005,37829,3580,3556,31,3587,45
2021-03-31,Butte,007,227075,11707,11321,1690,13011,193
2021-03-31,Calaveras,009,45235,2010,2005,11,2016,50
2021-03-31,Colusa,011,21464,1891,1890,273,2163,14
2021-03-31,Contra Costa,013,1133247,65972,65109,1126,66235,769
2021-03-31,Del Norte,015,27424,1205,1129,11,1140,6
2021-03-31,El Dorado,017,186661,9506,9390,631,10021,106
2021-03-31,Fresno,019,978130,100009,99240,8195,107435,1616
2021-03-31,Glenn,021,27897,2355,2318,525,2843,17
2021-03-31,Humboldt,023,135768,3466,3460,25,3485,35
2021-03-31,Imperial,025,180216,27683,27506,2538,30044,710
2021-03-31,Inyo,027,18085,1377,1373,9,1382,35
2021-03-31,Kern,029,883053,95510,94205,10213,104418,1229
2021-03-31,Kings,031,150075,22797,22540,1018,23558,239
2021-03-31,Lake,033,64148,3365,3332,8,3340,43
2021-03-31,Lassen,035,31185,5143,5132,101,5233,1
2021-03-31,Los Angeles,037,10098052,1190531,1180538,39423,1219961,23171
2021-03-31,Madera,039,155013,16162,16015,882,16897,229
2021-03-31,Marin,041,260295,13695,13624,212,13836,221
2021-03-31,Mariposa,043,17540,394,389,5,394,5
2021-03-31,Mendocino,045,87422,3760,3675,74,3749,45
2021-03-31,Merced,047,269075,29877,29780,975,30755,423
2021-03-31,Modoc,049,8938,354,346,118,464,3
2021-03-31,Mono,051,14174,1237,1245,16,1261,3
2021-03-31,Monterey,053,433212,42580,42309,1748,44057,338
2021-03-31,Napa,055,140530,9451,9401,30,9431,78
2021-03-31,Nevada,057,99092,4368,4283,179,4462,68
2021-03-31,Orange,059,3164182,251490,249518,10685,260203,4731
2021-03-31,Placer,061,380077,21681,20885,1249,22134,271
2021-03-31,Plumas,063,18699,673,663,10,673,4
2021-03-31,Riverside,065,2383286,289722,283006,13526,296532,4171
2021-03-31,Sacramento,067,1510023,99325,97760,1409,99169,1519
2021-03-31,San Benito,069,59416,5873,5875,93,5968,61
2021-03-31,San Bernardino,071,2135413,289382,285916,8698,294614,4356
2021-03-31,San Diego,073,3302833,271634,270288,13606,283894,3555
2021-03-31,San Francisco,075,870044,35394,35347,1184,36531,474
2021-03-31,San Joaquin,077,732212,69944,68685,3127,71812,1259
2021-03-31,San Luis Obispo,079,281455,20554,20215,618,20833,251
2021-03-31,San Mateo,081,765935,40856,40423,427,40850,350
2021-03-31,Santa Barbara,083,443738,33454,33052,1072,34124,443
2021-03-31,Santa Clara,085,1922200,114436,114499,648,115147,1874
2021-03-31,Santa Cruz,087,273765,15869,15295,788,16083,201
2021-03-31,Shasta,089,179085,11349,11327,1351,12678,179
2021-03-31,Sierra,091,2930,55,50,12,62,0
2021-03-31,Siskiyou,093,43540,1573,1505,254,1759,7
2021-03-31,Solano,095,438530,30965,30824,410,31234,235
2021-03-31,Sonoma,097,501317,29139,29216,271,29487,311
2021-03-31,Stanislaus,099,539301,53313,52782,5547,58329,687
2021-03-31,Sutter,101,95872,9121,9111,80,9191,106
2021-03-31,Tehama,103,63373,4798,4762,508,5270,52
2021-03-31,Trinity,105,12862,478,319,81,400,3
2021-03-31,Tulare,107,460477,49324,48261,8456,56717,816
2021-03-31,Tuolumne,109,53932,3927,3976,40,4016,57
2021-03-31,Ventura,111,848112,79969,79326,2849,82175,969
2021-03-31,Yolo,113,214977,13370,13359,169,13528,197
2021-03-31,Yuba,115,75493,5738,5686,110,5796,44
2021-03-30,Alameda,001,1643700,83948,83395,1763,85158,1211
2021-03-30,Alpine,003,1148,85,85,0,85,0
2021-03-30,Amador,005,37829,3577,3551,31,3582,45
2021-03-30,Butte,007,227075,11695,11296,1687,12983,193
2021-03-30,Calaveras,009,45235,2006,1997,11,2008,50
2021-03-30,Colusa,011,21464,1890,1890,272,2162,14
2021-03-30,Contra Costa,013,1133247,65883,65041,1124,66165,767
2021-03-30,Del Norte,015,27424,1197,1118,10,1128,6
2021-03-30,El Dorado,017,186661,9487,9381,628,10009,105
2021-03-30,Fresno,019,978130,99944,99156,8182,107338,1609
2021-03-30,Glenn,021,27897,2355,2310,524,2834,17
2021-03-30,Humboldt,023,135768,3464,3461,25,3486,35
2021-03-30,Imperial,025,180216,27655,27471,2536,30007,706
2021-03-30,Inyo,027,18085,1377,1374,9,1383,35
2021-03-30,Kern,029,883053,95468,94151,10204,104355,1221
2021-03-30,Kings,031,150075,22793,22530,1016,23546,238
2021-03-30,Lake,033,64148,3359,3330,8,3338,43
2021-03-30,Lassen,035,31185,5143,5132,101,5233,1
2021-03-30,Los Angeles,037,10098052,1190035,1180044,39401,1219445,23136
2021-03-30,Madera,039,155013,16152,16003,878,16881,229
2021-03-30,Marin,041,260295,13686,13611,204,13815,221
2021-03-30,Mariposa,043,17540,394,388,5,393,5
2021-03-30,Mendocino,045,87422,3758,3670,74,3744,45
2021-03-30,Merced,047,269075,29840,29731,975,30706,423
2021-03-30,Modoc,049,8938,353,346,118,464,3
2021-03-30,Mono,051,14174,1236,1245,16,1261,3
2021-03-30,Monterey,053,433212,42554,42308,1746,44054,338
2021-03-30,Napa,055,140530,9436,9391,30,9421,78
2021-03-30,Nevada,057,99092,4356,4266,178,4444,68
2021-03-30,Orange,059,3164182,251362,249412,10658,260070,4727
2021-03-30,Placer,061,380077,21641,20866,1243,22109,271
2021-03-30,Plumas,063,18699,673,661,10,671,4
2021-03-30,Riverside,065,2383286,289597,282930,13517,296447,4154
2021-03-30,Sacramento,067,1510023,99188,97718,1406,99124,1516
2021-03-30,San Benito,069,59416,5867,5870,93,5963,61
2021-03-30,San Bernardino,071,2135413,289273,285758,8689,294447,4343
2021-03-30,San Diego,073,3302833,271395,269998,13568,283566,3555
2021-03-30,San Francisco,075,870044,35344,35325,1183,36508,474
2021-03-30,San Joaquin,077,732212,69856,68613,3117,71730,1232
2021-03-30,San Luis Obispo,079,281455,20534,20194,618,20812,251
2021-03-30,San Mateo,081,765935,40812,40377,427,40804,349
2021-03-30,Santa Barbara,083,443738,33429,33016,1072,34088,441
2021-03-30,Santa Clara,085,1922200,114314,114413,647,115060,1873
2021-03-30,Santa Cruz,087,273765,15863,15278,788,16066,201
2021-03-30,Shasta,089,179085,11341,11316,1350,12666,184
2021-03-30,Sierra,091,2930,55,50,12,62,0
2021-03-30,Siskiyou,093,43540,1572,1501,254,1755,7
2021-03-30,Solano,095,438530,30935,30802,409,31211,232
2021-03-30,Sonoma,097,501317,29107,29198,271,29469,311
2021-03-30,Stanislaus,099,539301,53235,52690,5539,58229,677
2021-03-30,Sutter,101,95872,9117,9107,79,9186,106
2021-03-30,Tehama,103,63373,4789,4748,507,5255,52
2021-03-30,Trinity,105,12862,478,316,81,397,3
2021-03-30,Tulare,107,460477,49309,48249,8447,56696,815
2021-03-30,Tuolumne,109,53932,3922,3972,40,4012,57
2021-03-30,Ventura,111,848112,79925,79282,2846,82128,958
2021-03-30,Yolo,113,214977,13357,13353,169,13522,195
2021-03-30,Yuba,115,75493,5727,5679,104,5783,42
2021-03-29,Alameda,001,1643700,83848,83338,1761,85099,1211
2021-03-29,Alpine,003,1148,85,85,0,85,0
2021-03-29,Amador,005,37829,3571,3549,31,3580,45
2021-03-29,Butte,007,227075,11687,11291,1684,12975,191
2021-03-29,Calaveras,009,45235,2004,1998,11,2009,50
2021-03-29,Colusa,011,21464,1890,1889,271,2160,14
2021-03-29,Contra Costa,013,1133247,65814,64971,1123,66094,767
2021-03-29,Del Norte,015,27424,1192,1116,9,1125,6
2021-03-29,El Dorado,017,186661,9467,9374,623,9997,105
2021-03-29,Fresno,019,978130,99861,99085,8167,107252,1606
2021-03-29,Glenn,021,27897,2348,2310,524,2834,17
2021-03-29,Humboldt,023,135768,3459,3459,25,3484,34
2021-03-29,Imperial,025,180216,27634,27442,2534,29976,704
2021-03-29,Inyo,027,18085,1377,1372,9,1381,35
2021-03-29,Kern,029,883053,95421,94098,10185,104283,1220
2021-03-29,Kings,031,150075,22781,22522,1015,23537,238
2021-03-29,Lake,033,64148,3356,3325,8,3333,43
2021-03-29,Lassen,035,31185,5143,5131,101,5232,1
2021-03-29,Los Angeles,037,10098052,1189538,1179736,39361,1219097,23108
2021-03-29,Madera,039,155013,16132,15987,876,16863,210
2021-03-29,Marin,041,260295,13674,13600,201,13801,220
2021-03-29,Mariposa,043,17540,393,388,5,393,5
2021-03-29,Mendocino,045,87422,3755,3667,74,3741,45
2021-03-29,Merced,047,269075,29816,29699,975,30674,422
2021-03-29,Modoc,049,8938,352,344,118,462,3
2021-03-29,Mono,051,14174,1235,1243,16,1259,3
2021-03-29,Monterey,053,433212,42538,42305,1741,44046,337
2021-03-29,Napa,055,140530,9420,9379,30,9409,78
2021-03-29,Nevada,057,99092,4349,4258,178,4436,68
2021-03-29,Orange,059,3164182,251252,249295,10646,259941,4713
2021-03-29,Placer,061,380077,21606,20827,1236,22063,267
2021-03-29,Plumas,063,18699,672,660,10,670,4
2021-03-29,Riverside,065,2383286,289494,282867,13516,296383,4133
2021-03-29,Sacramento,067,1510023,98995,97577,1398,98975,1514
2021-03-29,San Benito,069,59416,5860,5865,93,5958,61
2021-03-29,San Bernardino,071,2135413,289175,285615,8685,294300,4335
2021-03-29,San Diego,073,3302833,271129,269771,13542,283313,3547
2021-03-29,San Francisco,075,870044,35309,35291,1180,36471,474
2021-03-29,San Joaquin,077,732212,69770,68537,3104,71641,1211
2021-03-29,San Luis Obispo,079,281455,20499,20176,617,20793,250
2021-03-29,San Mateo,081,765935,40770,40357,426,40783,348
2021-03-29,Santa Barbara,083,443738,33395,32983,1071,34054,439
2021-03-29,Santa Clara,085,1922200,114205,114335,642,114977,1871
2021-03-29,Santa Cruz,087,273765,15852,15249,787,16036,201
2021-03-29,Shasta,089,179085,11323,11313,1348,12661,183
2021-03-29,Sierra,091,2930,55,50,12,62,0
2021-03-29,Siskiyou,093,43540,1570,1497,254,1751,6
2021-03-29,Solano,095,438530,30896,30762,407,31169,232
2021-03-29,Sonoma,097,501317,29084,29184,268,29452,310
2021-03-29,Stanislaus,099,539301,53151,52614,5532,58146,677
2021-03-29,Sutter,101,95872,9110,9105,79,9184,106
2021-03-29,Tehama,103,63373,4781,4742,506,5248,52
2021-03-29,Trinity,105,12862,478,314,81,395,3
2021-03-29,Tulare,107,460477,49281,48226,8436,56662,815
2021-03-29,Tuolumne,109,53932,3920,3969,40,4009,57
2021-03-29,Ventura,111,848112,79883,79252,2846,82098,956
2021-03-29,Yolo,113,214977,13338,13346,169,13515,195
2021-03-29,Yuba,115,75493,5720,5671,103,5774,42
2021-03-28,Alameda,001,1643700,83727,83239,1759,84998,1212
2021-03-28,Alpine,003,1148,85,85,0,85,0
2021-03-28,Amador,005,37829,3567,3541,31,3572,45
2021-03-28,Butte,007,227075,11674,11285,1682,12967,191
2021-03-28,Calaveras,009,45235,2002,1995,11,2006,50
2021-03-28,Colusa,011,21464,1889,1889,271,2160,14
2021-03-28,Contra Costa,013,1133247,65740,64878,1119,65997,767
2021-03-28,Del Norte,015,27424,1185,1107,7,1114,6
2021-03-28,El Dorado,017,186661,9452,9371,621,9992,105
2021-03-28,Fresno,019,978130,99779,99004,8155,107159,1606
2021-03-28,Glenn,021,27897,2344,2309,522,2831,17
2021-03-28,Humboldt,023,135768,3456,3452,24,3476,34
2021-03-28,Imperial,025,180216,27607,27426,2531,29957,704
2021-03-28,Inyo,027,18085,1376,1372,9,1381,35
2021-03-28,Kern,029,883053,95376,94084,10174,104258,1219
2021-03-28,Kings,031,150075,22776,22514,1012,23526,238
2021-03-28,Lake,033,64148,3351,3320,8,3328,43
2021-03-28,Lassen,035,31185,5143,5131,100,5231,1
2021-03-28,Los Angeles,037,10098052,1188985,1179316,39303,1218619,23101
2021-03-28,Madera,039,155013,16117,15973,875,16848,210
2021-03-28,Marin,041,260295,13661,13594,199,13793,221
2021-03-28,Mariposa,043,17540,393,388,5,393,5
2021-03-28,Mendocino,045,87422,3753,3666,74,3740,45
2021-03-28,Merced,047,269075,29759,29679,975,30654,422
2021-03-28,Modoc,049,8938,352,344,118,462,3
2021-03-28,Mono,051,14174,1234,1242,16,1258,3
2021-03-28,Monterey,053,433212,42515,42294,1737,44031,337
2021-03-28,Napa,055,140530,9406,9368,30,9398,78
2021-03-28,Nevada,057,99092,4335,4239,178,4417,68
2021-03-28,Orange,059,3164182,251097,249238,10636,259874,4713
2021-03-28,Placer,061,380077,21562,20796,1230,22026,267
2021-03-28,Plumas,063,18699,670,657,10,667,4
2021-03-28,Riverside,065,2383286,289380,282811,13508,296319,4132
2021-03-28,Sacramento,067,1510023,98821,97425,1392,98817,1514
2021-03-28,San Benito,069,59416,5855,5862,93,5955,61
2021-03-28,San Bernardino,071,2135413,289055,285570,8677,294247,4332
2021-03-28,San Diego,073,3302833,270853,269476,13513,282989,3547
2021-03-28,San Francisco,075,870044,35263,35286,1176,36462,474
2021-03-28,San Joaquin,077,732212,69646,68459,3085,71544,1211
2021-03-28,San Luis Obispo,079,281455,20464,20172,614,20786,250
2021-03-28,San Mateo,081,765935,40725,40305,426,40731,348
2021-03-28,Santa Barbara,083,443738,33353,32953,1070,34023,439
2021-03-28,Santa Clara,085,1922200,114105,114232,638,114870,1871
2021-03-28,Santa Cruz,087,273765,15837,15238,786,16024,201
2021-03-28,Shasta,089,179085,11297,11308,1337,12645,183
2021-03-28,Sierra,091,2930,55,50,12,62,0
2021-03-28,Siskiyou,093,43540,1570,1497,253,1750,6
2021-03-28,Solano,095,438530,30859,30719,405,31124,232
2021-03-28,Sonoma,097,501317,29048,29161,266,29427,310
2021-03-28,Stanislaus,099,539301,53063,52567,5519,58086,678
2021-03-28,Sutter,101,95872,9101,9094,79,9173,106
2021-03-28,Tehama,103,63373,4771,4740,504,5244,52
2021-03-28,Trinity,105,12862,476,314,80,394,3
2021-03-28,Tulare,107,460477,49252,48218,8430,56648,815
2021-03-28,Tuolumne,109,53932,3917,3969,39,4008,57
2021-03-28,Ventura,111,848112,79832,79222,2841,82063,956
2021-03-28,Yolo,113,214977,13321,13325,168,13493,194
2021-03-28,Yuba,115,75493,5716,5662,103,5765,42
2021-03-27,Alameda,001,1643700,83656,83169,1755,84924,1211
2021-03-27,Alpine,003,1148,85,85,0,85,0
2021-03-27,Amador,005,37829,3562,3538,31,3569,45
2021-03-27,Butte,007,227075,11667,11278,1681,12959,191
2021-03-27,Calaveras,009,45235,1999,1992,11,2003,50
2021-03-27,Colusa,011,21464,1889,1889,271,2160,14
2021-03-27,Contra Costa,013,1133247,65670,64804,1116,65920,767
2021-03-27,Del Norte,015,27424,1175,1104,7,1111,6
2021-03-27,El Dorado,017,186661,9438,9367,621,9988,105
2021-03-27,Fresno,019,978130,99726,98901,8149,107050,1606
2021-03-27,Glenn,021,27897,2343,2308,522,2830,17
2021-03-27,Humboldt,023,135768,3451,3442,24,3466,34
2021-03-27,Imperial,025,180216,27595,27406,2528,29934,704
2021-03-27,Inyo,027,18085,1374,1372,9,1381,35
2021-03-27,Kern,029,883053,95356,94041,10163,104204,1217
2021-03-27,Kings,031,150075,22773,22502,1012,23514,238
2021-03-27,Lake,033,64148,3349,3317,8,3325,43
2021-03-27,Lassen,035,31185,5143,5129,100,5229,1
2021-03-27,Los Angeles,037,10098052,1188671,1178831,39277,1218108,23103
2021-03-27,Madera,039,155013,16110,15968,873,16841,210
2021-03-27,Marin,041,260295,13656,13579,199,13778,222
2021-03-27,Mariposa,043,17540,393,386,5,391,5
2021-03-27,Mendocino,045,87422,3751,3666,74,3740,45
2021-03-27,Merced,047,269075,29726,29647,973,30620,422
2021-03-27,Modoc,049,8938,352,344,118,462,3
2021-03-27,Mono,051,14174,1232,1241,16,1257,3
2021-03-27,Monterey,053,433212,42505,42271,1737,44008,337
2021-03-27,Napa,055,140530,9394,9360,30,9390,78
2021-03-27,Nevada,057,99092,4325,4231,178,4409,68
2021-03-27,Orange,059,3164182,251002,249160,10620,259780,4698
2021-03-27,Placer,061,380077,21542,20717,1223,21940,267
2021-03-27,Plumas,063,18699,669,655,10,665,4
2021-03-27,Riverside,065,2383286,289318,282707,13500,296207,4132
2021-03-27,Sacramento,067,1510023,98731,97247,1390,98637,1513
2021-03-27,San Benito,069,59416,5853,5862,91,5953,61
2021-03-27,San Bernardino,071,2135413,288993,285480,8676,294156,4325
2021-03-27,San Diego,073,3302833,270682,269271,13491,282762,3540
2021-03-27,San Francisco,075,870044,35240,35244,1174,36418,474
2021-03-27,San Joaquin,077,732212,69586,68365,3077,71442,1211
2021-03-27,San Luis Obispo,079,281455,20453,20153,611,20764,250
2021-03-27,San Mateo,081,765935,40702,40264,426,40690,348
2021-03-27,Santa Barbara,083,443738,33330,32921,1070,33991,439
2021-03-27,Santa Clara,085,1922200,114009,114124,636,114760,1871
2021-03-27,Santa Cruz,087,273765,15831,15215,786,16001,201
2021-03-27,Shasta,089,179085,11286,11288,1335,12623,183
2021-03-27,Sierra,091,2930,55,50,12,62,0
2021-03-27,Siskiyou,093,43540,1570,1497,253,1750,6
2021-03-27,Solano,095,438530,30831,30669,404,31073,232
2021-03-27,Sonoma,097,501317,29033,29133,264,29397,310
2021-03-27,Stanislaus,099,539301,52998,52497,5511,58008,678
2021-03-27,Sutter,101,95872,9094,9093,79,9172,106
2021-03-27,Tehama,103,63373,4765,4738,502,5240,52
2021-03-27,Trinity,105,12862,476,313,80,393,3
2021-03-27,Tulare,107,460477,49236,48203,8423,56626,813
2021-03-27,Tuolumne,109,53932,3914,3968,39,4007,57
2021-03-27,Ventura,111,848112,79805,79184,2839,82023,956
2021-03-27,Yolo,113,214977,13316,13317,167,13484,194
2021-03-27,Yuba,115,75493,5714,5657,103,5760,42
2021-03-26,Alameda,001,1643700,83592,83043,1753,84796,1208
2021-03-26,Alpine,003,1148,85,85,0,85,0
2021-03-26,Amador,005,37829,3557,3532,31,3563,45
2021-03-26,Butte,007,227075,11656,11278,1681,12959,191
2021-03-26,Calaveras,009,45235,1996,1989,11,2000,50
2021-03-26,Colusa,011,21464,1889,1889,271,2160,14
2021-03-26,Contra Costa,013,1133247,65610,64699,1113,65812,761
2021-03-26,Del Norte,015,27424,1172,1101,7,1108,6
2021-03-26,El Dorado,017,186661,9433,9353,621,9974,105
2021-03-26,Fresno,019,978130,99664,98731,8139,106870,1601
2021-03-26,Glenn,021,27897,2343,2307,521,2828,17
2021-03-26,Humboldt,023,135768,3449,3431,24,3455,34
2021-03-26,Imperial,025,180216,27571,27374,2528,29902,701
2021-03-26,Inyo,027,18085,1373,1369,9,1378,35
2021-03-26,Kern,029,883053,95330,93949,10157,104106,1211
2021-03-26,Kings,031,150075,22765,22493,1010,23503,239
2021-03-26,Lake,033,64148,3348,3314,8,3322,43
2021-03-26,Lassen,035,31185,5142,5131,100,5231,1
2021-03-26,Los Angeles,037,10098052,1188335,1178213,39264,1217477,23080
2021-03-26,Madera,039,155013,16100,15952,873,16825,210
2021-03-26,Marin,041,260295,13650,13553,194,13747,221
2021-03-26,Mariposa,043,17540,393,386,5,391,5
2021-03-26,Mendocino,045,87422,3750,3664,74,3738,45
2021-03-26,Merced,047,269075,29703,29613,972,30585,419
2021-03-26,Modoc,049,8938,352,344,118,462,3
2021-03-26,Mono,051,14174,1231,1236,16,1252,3
2021-03-26,Monterey,053,433212,42492,42241,1733,43974,338
2021-03-26,Napa,055,140530,9384,9349,30,9379,78
2021-03-26,Nevada,057,99092,4305,4222,178,4400,83
2021-03-26,Orange,059,3164182,250939,248995,10606,259601,4671
2021-03-26,Placer,061,380077,21516,20679,1222,21901,259
2021-03-26,Plumas,063,18699,668,654,10,664,4
2021-03-26,Riverside,065,2383286,289240,282602,13494,296096,4109
2021-03-26,Sacramento,067,1510023,98631,97040,1385,98425,1509
2021-03-26,San Benito,069,59416,5850,5855,91,5946,61
2021-03-26,San Bernardino,071,2135413,288937,285313,8674,293987,4288
2021-03-26,San Diego,073,3302833,270504,269045,13465,282510,3525
2021-03-26,San Francisco,075,870044,35214,35186,1174,36360,472
2021-03-26,San Joaquin,077,732212,69523,68249,3073,71322,1202
2021-03-26,San Luis Obispo,079,281455,20440,20118,611,20729,250
2021-03-26,San Mateo,081,765935,40667,40199,426,40625,348
2021-03-26,Santa Barbara,083,443738,33300,32895,1069,33964,439
2021-03-26,Santa Clara,085,1922200,113911,113959,635,114594,1868
2021-03-26,Santa Cruz,087,273765,15816,15199,785,15984,201
2021-03-26,Shasta,089,179085,11277,11276,1329,12605,182
2021-03-26,Sierra,091,2930,55,50,12,62,0
2021-03-26,Siskiyou,093,43540,1570,1493,252,1745,6
2021-03-26,Solano,095,438530,30806,30640,404,31044,205
2021-03-26,Sonoma,097,501317,29017,29101,261,29362,310
2021-03-26,Stanislaus,099,539301,52930,52420,5507,57927,678
2021-03-26,Sutter,101,95872,9091,9082,79,9161,104
2021-03-26,Tehama,103,63373,4764,4722,501,5223,51
2021-03-26,Trinity,105,12862,476,311,80,391,3
2021-03-26,Tulare,107,460477,49221,48179,8416,56595,813
2021-03-26,Tuolumne,109,53932,3913,3965,39,4004,57
2021-03-26,Ventura,111,848112,79771,79122,2837,81959,953
2021-03-26,Yolo,113,214977,13309,13299,165,13464,194
2021-03-26,Yuba,115,75493,5704,5653,103,5756,42
2021-03-25,Alameda,001,1643700,83497,82945,1751,84696,1206
2021-03-25,Alpine,003,1148,85,84,0,84,0
2021-03-25,Amador,005,37829,3555,3530,31,3561,45
2021-03-25,Butte,007,227075,11646,11270,1681,12951,188
2021-03-25,Calaveras,009,45235,1995,1982,11,1993,50
2021-03-25,Colusa,011,21464,1889,1888,271,2159,14
2021-03-25,Contra Costa,013,1133247,65543,64606,1110,65716,757
2021-03-25,Del Norte,015,27424,1166,1095,7,1102,6
2021-03-25,El Dorado,017,186661,9423,9331,621,9952,105
2021-03-25,Fresno,019,978130,99546,98602,8126,106728,1593
2021-03-25,Glenn,021,27897,2342,2302,520,2822,17
2021-03-25,Humboldt,023,135768,3444,3423,24,3447,34
2021-03-25,Imperial,025,180216,27555,27352,2527,29879,699
2021-03-25,Inyo,027,18085,1373,1369,9,1378,35
2021-03-25,Kern,029,883053,95298,93857,10152,104009,1206
2021-03-25,Kings,031,150075,22755,22472,1010,23482,237
2021-03-25,Lake,033,64148,3343,3312,8,3320,43
2021-03-25,Lassen,035,31185,5142,5129,100,5229,1
2021-03-25,Los Angeles,037,10098052,1187897,1177490,39231,1216721,23051
2021-03-25,Madera,039,155013,16081,15937,871,16808,210
2021-03-25,Marin,041,260295,13640,13538,191,13729,219
2021-03-25,Mariposa,043,17540,393,386,5,391,5
2021-03-25,Mendocino,045,87422,3749,3664,74,3738,45
2021-03-25,Merced,047,269075,29669,29576,965,30541,416
2021-03-25,Modoc,049,8938,352,343,118,461,3
2021-03-25,Mono,051,14174,1231,1235,16,1251,3
2021-03-25,Monterey,053,433212,42471,42220,1728,43948,336
2021-03-25,Napa,055,140530,9365,9321,30,9351,78
2021-03-25,Nevada,057,99092,4287,4202,176,4378,84
2021-03-25,Orange,059,3164182,250825,248871,10586,259457,4655
2021-03-25,Placer,061,380077,21475,20639,1215,21854,252
2021-03-25,Plumas,063,18699,668,654,10,664,4
2021-03-25,Riverside,065,2383286,289143,282492,13483,295975,4078
2021-03-25,Sacramento,067,1510023,98485,96823,1383,98206,1505
2021-03-25,San Benito,069,59416,5847,5850,91,5941,61
2021-03-25,San Bernardino,071,2135413,288856,285134,8669,293803,4222
2021-03-25,San Diego,073,3302833,270276,268623,13434,282057,3520
2021-03-25,San Francisco,075,870044,35174,35154,1172,36326,468
2021-03-25,San Joaquin,077,732212,69426,68089,3035,71124,1196
2021-03-25,San Luis Obispo,079,281455,20422,20076,611,20687,250
2021-03-25,San Mateo,081,765935,40627,40147,426,40573,348
2021-03-25,Santa Barbara,083,443738,33273,32857,1069,33926,439
2021-03-25,Santa Clara,085,1922200,113807,113877,633,114510,1868
2021-03-25,Santa Cruz,087,273765,15795,15170,785,15955,201
2021-03-25,Shasta,089,179085,11260,11262,1326,12588,181
2021-03-25,Sierra,091,2930,55,50,12,62,0
2021-03-25,Siskiyou,093,43540,1568,1491,251,1742,6
2021-03-25,Solano,095,438530,30745,30583,402,30985,193
2021-03-25,Sonoma,097,501317,28983,29060,257,29317,310
2021-03-25,Stanislaus,099,539301,52863,52321,5500,57821,678
2021-03-25,Sutter,101,95872,9082,9069,79,9148,104
2021-03-25,Tehama,103,63373,4762,4719,500,5219,52
2021-03-25,Trinity,105,12862,476,310,80,390,3
2021-03-25,Tulare,107,460477,49194,48148,8404,56552,811
2021-03-25,Tuolumne,109,53932,3912,3962,39,4001,57
2021-03-25,Ventura,111,848112,79730,79045,2833,81878,952
2021-03-25,Yolo,113,214977,13303,13287,165,13452,194
2021-03-25,Yuba,115,75493,5698,5647,97,5744,42
2021-03-24,Alameda,001,1643700,83404,82871,1748,84619,1199
2021-03-24,Alpine,003,1148,85,84,0,84,0
2021-03-24,Amador,005,37829,3549,3529,31,3560,45
2021-03-24,Butte,007,227075,11636,11252,1677,12929,187
2021-03-24,Calaveras,009,45235,1992,1975,11,1986,50
2021-03-24,Colusa,011,21464,1889,1886,271,2157,14
2021-03-24,Contra Costa,013,1133247,65463,64539,1109,65648,755
2021-03-24,Del Norte,015,27424,1161,1087,7,1094,6
2021-03-24,El Dorado,017,186661,9417,9319,620,9939,105
2021-03-24,Fresno,019,978130,99456,98437,8111,106548,1585
2021-03-24,Glenn,021,27897,2341,2297,519,2816,17
2021-03-24,Humboldt,023,135768,3441,3414,24,3438,34
2021-03-24,Imperial,025,180216,27546,27325,2527,29852,699
2021-03-24,Inyo,027,18085,1373,1368,9,1377,35
2021-03-24,Kern,029,883053,95250,93800,10143,103943,1198
2021-03-24,Kings,031,150075,22740,22456,1008,23464,237
2021-03-24,Lake,033,64148,3339,3307,8,3315,43
2021-03-24,Lassen,035,31185,5140,5130,99,5229,1
2021-03-24,Los Angeles,037,10098052,1187410,1177015,39198,1216213,22993
2021-03-24,Madera,039,155013,16072,15918,870,16788,210
2021-03-24,Marin,041,260295,13626,13526,189,13715,219
2021-03-24,Mariposa,043,17540,393,384,5,389,5
2021-03-24,Mendocino,045,87422,3746,3660,74,3734,45
2021-03-24,Merced,047,269075,29628,29525,965,30490,415
2021-03-24,Modoc,049,8938,351,341,118,459,3
2021-03-24,Mono,051,14174,1230,1243,16,1259,3
2021-03-24,Monterey,053,433212,42449,42201,1725,43926,335
2021-03-24,Napa,055,140530,9345,9310,30,9340,78
2021-03-24,Nevada,057,99092,4272,4191,175,4366,85
2021-03-24,Orange,059,3164182,250712,248775,10568,259343,4638
2021-03-24,Placer,061,380077,21445,20606,1207,21813,250
2021-03-24,Plumas,063,18699,666,652,10,662,4
2021-03-24,Riverside,065,2383286,289059,282410,13480,295890,4058
2021-03-24,Sacramento,067,1510023,98310,96628,1372,98000,1500
2021-03-24,San Benito,069,59416,5846,5847,91,5938,61
2021-03-24,San Bernardino,071,2135413,288769,284983,8667,293650,4170
2021-03-24,San Diego,073,3302833,270062,268413,13406,281819,3509
2021-03-24,San Francisco,075,870044,35147,35103,1169,36272,462
2021-03-24,San Joaquin,077,732212,69355,67978,3023,71001,1196
2021-03-24,San Luis Obispo,079,281455,20392,20021,610,20631,250
2021-03-24,San Mateo,081,765935,40577,40083,426,40509,348
2021-03-24,Santa Barbara,083,443738,33245,32810,1069,33879,438
2021-03-24,Santa Clara,085,1922200,113691,113757,630,114387,1851
2021-03-24,Santa Cruz,087,273765,15781,15138,784,15922,202
2021-03-24,Shasta,089,179085,11241,11243,1324,12567,181
2021-03-24,Sierra,091,2930,55,50,12,62,0
2021-03-24,Siskiyou,093,43540,1566,1490,251,1741,6
2021-03-24,Solano,095,438530,30708,30552,401,30953,178
2021-03-24,Sonoma,097,501317,28963,29034,253,29287,310
2021-03-24,Stanislaus,099,539301,52787,52259,5491,57750,677
2021-03-24,Sutter,101,95872,9066,9049,79,9128,104
2021-03-24,Tehama,103,63373,4756,4719,499,5218,49
2021-03-24,Trinity,105,12862,475,310,80,390,3
2021-03-24,Tulare,107,460477,49183,48109,8391,56500,808
2021-03-24,Tuolumne,109,53932,3910,3961,39,4000,57
2021-03-24,Ventura,111,848112,79678,78993,2826,81819,944
2021-03-24,Yolo,113,214977,13291,13269,165,13434,194
2021-03-24,Yuba,115,75493,5692,5634,94,5728,42
2021-03-23,Alameda,001,1643700,83302,82799,1744,84543,1190
2021-03-23,Alpine,003,1148,85,84,0,84,0
2021-03-23,Amador,005,37829,3543,3524,31,3555,45
2021-03-23,Butte,007,227075,11624,11227,1676,12903,187
2021-03-23,Calaveras,009,45235,1990,1971,11,1982,50
2021-03-23,Colusa,011,21464,1887,1885,270,2155,14
2021-03-23,Contra Costa,013,1133247,65363,64491,1108,65599,750
2021-03-23,Del Norte,015,27424,1156,1082,7,1089,6
2021-03-23,El Dorado,017,186661,9407,9318,617,9935,105
2021-03-23,Fresno,019,978130,99342,98362,8087,106449,1575
2021-03-23,Glenn,021,27897,2336,2293,517,2810,17
2021-03-23,Humboldt,023,135768,3432,3405,24,3429,34
2021-03-23,Imperial,025,180216,27538,27320,2527,29847,699
2021-03-23,Inyo,027,18085,1371,1364,9,1373,35
2021-03-23,Kern,029,883053,95143,93728,10136,103864,1191
2021-03-23,Kings,031,150075,22729,22439,1006,23445,237
2021-03-23,Lake,033,64148,3337,3294,8,3302,43
2021-03-23,Lassen,035,31185,5140,5130,99,5229,1
2021-03-23,Los Angeles,037,10098052,1186889,1176572,39161,1215733,22904
2021-03-23,Madera,039,155013,16056,15908,869,16777,210
2021-03-23,Marin,041,260295,13603,13514,187,13701,221
2021-03-23,Mariposa,043,17540,392,384,5,389,5
2021-03-23,Mendocino,045,87422,3744,3652,74,3726,45
2021-03-23,Merced,047,269075,29595,29485,965,30450,415
2021-03-23,Modoc,049,8938,350,342,118,460,3
2021-03-23,Mono,051,14174,1229,1263,16,1279,3
2021-03-23,Monterey,053,433212,42438,42180,1723,43903,335
2021-03-23,Napa,055,140530,9320,9299,30,9329,78
2021-03-23,Nevada,057,99092,4253,4179,174,4353,89
2021-03-23,Orange,059,3164182,250586,248661,10550,259211,4626
2021-03-23,Placer,061,380077,21410,20567,1203,21770,248
2021-03-23,Plumas,063,18699,666,652,10,662,4
2021-03-23,Riverside,065,2383286,288959,282317,13474,295791,4035
2021-03-23,Sacramento,067,1510023,98118,96521,1368,97889,1496
2021-03-23,San Benito,069,59416,5841,5845,90,5935,61
2021-03-23,San Bernardino,071,2135413,288684,284875,8659,293534,4134
2021-03-23,San Diego,073,3302833,269817,268156,13374,281530,3498
2021-03-23,San Francisco,075,870044,35089,35071,1164,36235,462
2021-03-23,San Joaquin,077,732212,69259,67903,3005,70908,1182
2021-03-23,San Luis Obispo,079,281455,20352,20009,609,20618,250
2021-03-23,San Mateo,081,765935,40521,40032,425,40457,348
2021-03-23,Santa Barbara,083,443738,33207,32771,1068,33839,438
2021-03-23,Santa Clara,085,1922200,113575,113645,627,114272,1848
2021-03-23,Santa Cruz,087,273765,15766,15106,784,15890,201
2021-03-23,Shasta,089,179085,11228,11234,1323,12557,175
2021-03-23,Sierra,091,2930,55,50,12,62,0
2021-03-23,Siskiyou,093,43540,1561,1485,249,1734,6
2021-03-23,Solano,095,438530,30667,30524,400,30924,178
2021-03-23,Sonoma,097,501317,28926,29020,252,29272,310
2021-03-23,Stanislaus,099,539301,52688,52148,5484,57632,677
2021-03-23,Sutter,101,95872,9058,9039,79,9118,104
2021-03-23,Tehama,103,63373,4747,4707,498,5205,46
2021-03-23,Trinity,105,12862,475,310,80,390,3
2021-03-23,Tulare,107,460477,49156,48095,8375,56470,808
2021-03-23,Tuolumne,109,53932,3907,3957,39,3996,57
2021-03-23,Ventura,111,848112,79617,78930,2823,81753,932
2021-03-23,Yolo,113,214977,13280,13255,165,13420,194
2021-03-23,Yuba,115,75493,5687,5628,94,5722,42
2021-03-22,Alameda,001,1643700,83211,82748,1739,84487,1189
2021-03-22,Alpine,003,1148,84,83,0,83,0
2021-03-22,Amador,005,37829,3535,3522,31,3553,44
2021-03-22,Butte,007,227075,11615,11211,1674,12885,185
2021-03-22,Calaveras,009,45235,1986,1963,11,1974,49
2021-03-22,Colusa,011,21464,1885,1885,270,2155,13
2021-03-22,Contra Costa,013,1133247,65268,64432,1106,65538,740
2021-03-22,Del Norte,015,27424,1150,1082,7,1089,6
2021-03-22,El Dorado,017,186661,9391,9310,613,9923,105
2021-03-22,Fresno,019,978130,99244,98276,8075,106351,1556
2021-03-22,Glenn,021,27897,2328,2291,517,2808,17
2021-03-22,Humboldt,023,135768,3427,3403,24,3427,34
2021-03-22,Imperial,025,180216,27523,27302,2524,29826,699
2021-03-22,Inyo,027,18085,1368,1363,9,1372,35
2021-03-22,Kern,029,883053,95072,93675,10120,103795,1178
2021-03-22,Kings,031,150075,22716,22433,1001,23434,236
2021-03-22,Lake,033,64148,3336,3290,8,3298,43
2021-03-22,Lassen,035,31185,5138,5129,99,5228,1
2021-03-22,Los Angeles,037,10098052,1186372,1176205,39131,1215336,22843
2021-03-22,Madera,039,155013,16041,15904,869,16773,210
2021-03-22,Marin,041,260295,13594,13501,186,13687,221
2021-03-22,Mariposa,043,17540,391,381,5,386,5
2021-03-22,Mendocino,045,87422,3742,3653,74,3727,45
2021-03-22,Merced,047,269075,29552,29468,962,30430,413
2021-03-22,Modoc,049,8938,348,342,118,460,3
2021-03-22,Mono,051,14174,1224,1263,16,1279,3
2021-03-22,Monterey,053,433212,42422,42161,1721,43882,335
2021-03-22,Napa,055,140530,9309,9288,30,9318,77
2021-03-22,Nevada,057,99092,4243,4174,170,4344,89
2021-03-22,Orange,059,3164182,250437,248517,10516,259033,4599
2021-03-22,Placer,061,380077,21375,20543,1198,21741,242
2021-03-22,Plumas,063,18699,666,652,10,662,4
2021-03-22,Riverside,065,2383286,288859,282242,13463,295705,4009
2021-03-22,Sacramento,067,1510023,97940,96385,1358,97743,1493
2021-03-22,San Benito,069,59416,5838,5844,89,5933,61
2021-03-22,San Bernardino,071,2135413,288596,284771,8647,293418,4107
2021-03-22,San Diego,073,3302833,269605,267913,13354,281267,3494
2021-03-22,San Francisco,075,870044,35047,35040,1160,36200,462
2021-03-22,San Joaquin,077,732212,69167,67815,2988,70803,1182
2021-03-22,San Luis Obispo,079,281455,20328,20000,608,20608,250
2021-03-22,San Mateo,081,765935,40470,40024,424,40448,348
2021-03-22,Santa Barbara,083,443738,33162,32756,1066,33822,437
2021-03-22,Santa Clara,085,1922200,113455,113575,627,114202,1845
2021-03-22,Santa Cruz,087,273765,15754,15077,783,15860,201
2021-03-22,Shasta,089,179085,11214,11218,1322,12540,150
2021-03-22,Sierra,091,2930,55,50,12,62,0
2021-03-22,Siskiyou,093,43540,1560,1487,248,1735,5
2021-03-22,Solano,095,438530,30627,30490,396,30886,171
2021-03-22,Sonoma,097,501317,28897,29010,248,29258,310
2021-03-22,Stanislaus,099,539301,52604,52083,5479,57562,677
2021-03-22,Sutter,101,95872,9045,9024,79,9103,104
2021-03-22,Tehama,103,63373,4739,4704,498,5202,45
2021-03-22,Trinity,105,12862,475,310,80,390,3
2021-03-22,Tulare,107,460477,49141,48074,8355,56429,807
2021-03-22,Tuolumne,109,53932,3904,3954,39,3993,57
2021-03-22,Ventura,111,848112,79571,78890,2820,81710,927
2021-03-22,Yolo,113,214977,13268,13243,164,13407,190
2021-03-22,Yuba,115,75493,5676,5627,92,5719,42
2021-03-21,Alameda,001,1643700,83124,82684,1736,84420,1187
2021-03-21,Alpine,003,1148,84,83,0,83,0
2021-03-21,Amador,005,37829,3531,3519,31,3550,44
2021-03-21,Butte,007,227075,11599,11208,1669,12877,185
2021-03-21,Calaveras,009,45235,1980,1962,11,1973,49
2021-03-21,Colusa,011,21464,1885,1885,270,2155,13
2021-03-21,Contra Costa,013,1133247,65186,64382,1102,65484,740
2021-03-21,Del Norte,015,27424,1135,1076,7,1083,6
2021-03-21,El Dorado,017,186661,9381,9302,608,9910,105
2021-03-21,Fresno,019,978130,99130,98211,8052,106263,1556
2021-03-21,Glenn,021,27897,2325,2288,516,2804,17
2021-03-21,Humboldt,023,135768,3422,3402,24,3426,34
2021-03-21,Imperial,025,180216,27506,27267,2519,29786,699
2021-03-21,Inyo,027,18085,1368,1363,9,1372,35
2021-03-21,Kern,029,883053,95006,93649,10111,103760,1170
2021-03-21,Kings,031,150075,22699,22422,1001,23423,236
2021-03-21,Lake,033,64148,3332,3286,8,3294,43
2021-03-21,Lassen,035,31185,5138,5129,99,5228,1
2021-03-21,Los Angeles,037,10098052,1185836,1175684,39084,1214768,22834
2021-03-21,Madera,039,155013,16021,15895,867,16762,210
2021-03-21,Marin,041,260295,13578,13495,185,13680,220
2021-03-21,Mariposa,043,17540,391,381,5,386,5
2021-03-21,Mendocino,045,87422,3739,3651,74,3725,45
2021-03-21,Merced,047,269075,29492,29446,956,30402,413
2021-03-21,Modoc,049,8938,348,341,118,459,3
2021-03-21,Mono,051,14174,1219,1263,16,1279,3
2021-03-21,Monterey,053,433212,42397,42153,1718,43871,335
2021-03-21,Napa,055,140530,9288,9282,30,9312,77
2021-03-21,Nevada,057,99092,4230,4169,170,4339,89
2021-03-21,Orange,059,3164182,250304,248442,10489,258931,4598
2021-03-21,Placer,061,380077,21339,20520,1190,21710,242
2021-03-21,Plumas,063,18699,666,653,10,663,4
2021-03-21,Riverside,065,2383286,288751,282187,13452,295639,4009
2021-03-21,Sacramento,067,1510023,97746,96269,1351,97620,1489
2021-03-21,San Benito,069,59416,5832,5842,89,5931,61
2021-03-21,San Bernardino,071,2135413,288506,284732,8641,293373,4094
2021-03-21,San Diego,073,3302833,269345,267724,13328,281052,3494
2021-03-21,San Francisco,075,870044,35000,35012,1154,36166,460
2021-03-21,San Joaquin,077,732212,69045,67729,2970,70699,1182
2021-03-21,San Luis Obispo,079,281455,20296,19979,606,20585,250
2021-03-21,San Mateo,081,765935,40425,39988,423,40411,344
2021-03-21,Santa Barbara,083,443738,33123,32743,1065,33808,437
2021-03-21,Santa Clara,085,1922200,113325,113487,624,114111,1840
2021-03-21,Santa Cruz,087,273765,15747,15064,783,15847,199
2021-03-21,Shasta,089,179085,11194,11215,1321,12536,150
2021-03-21,Sierra,091,2930,55,50,12,62,0
2021-03-21,Siskiyou,093,43540,1560,1486,247,1733,5
2021-03-21,Solano,095,438530,30588,30474,393,30867,171
2021-03-21,Sonoma,097,501317,28868,28986,247,29233,310
2021-03-21,Stanislaus,099,539301,52514,52014,5477,57491,677
2021-03-21,Sutter,101,95872,9032,9021,79,9100,104
2021-03-21,Tehama,103,63373,4735,4701,498,5199,45
2021-03-21,Trinity,105,12862,473,310,80,390,3
2021-03-21,Tulare,107,460477,49125,48060,8343,56403,807
2021-03-21,Tuolumne,109,53932,3902,3953,39,3992,57
2021-03-21,Ventura,111,848112,79508,78863,2815,81678,927
2021-03-21,Yolo,113,214977,13246,13235,164,13399,190
2021-03-21,Yuba,115,75493,5666,5624,92,5716,42
2021-03-20,Alameda,001,1643700,83056,82614,1734,84348,1178
2021-03-20,Alpine,003,1148,84,83,0,83,0
2021-03-20,Amador,005,37829,3529,3518,31,3549,44
2021-03-20,Butte,007,227075,11593,11199,1667,12866,185
2021-03-20,Calaveras,009,45235,1976,1961,11,1972,49
2021-03-20,Colusa,011,21464,1885,1883,270,2153,12
2021-03-20,Contra Costa,013,1133247,65126,64313,1102,65415,713
2021-03-20,Del Norte,015,27424,1134,1075,7,1082,6
2021-03-20,El Dorado,017,186661,9375,9290,608,9898,105
2021-03-20,Fresno,019,978130,99070,98112,8045,106157,1532
2021-03-20,Glenn,021,27897,2324,2288,514,2802,17
2021-03-20,Humboldt,023,135768,3415,3399,24,3423,33
2021-03-20,Imperial,025,180216,27500,27239,2517,29756,695
2021-03-20,Inyo,027,18085,1368,1362,9,1371,35
2021-03-20,Kern,029,883053,94977,93606,10107,103713,1155
2021-03-20,Kings,031,150075,22694,22415,1000,23415,236
2021-03-20,Lake,033,64148,3328,3280,8,3288,43
2021-03-20,Lassen,035,31185,5138,5128,99,5227,1
2021-03-20,Los Angeles,037,10098052,1185537,1175290,39060,1214350,22810
2021-03-20,Madera,039,155013,16013,15891,866,16757,210
2021-03-20,Marin,041,260295,13566,13470,181,13651,220
2021-03-20,Mariposa,043,17540,390,381,5,386,5
2021-03-20,Mendocino,045,87422,3738,3639,74,3713,43
2021-03-20,Merced,047,269075,29461,29411,953,30364,412
2021-03-20,Modoc,049,8938,347,341,118,459,3
2021-03-20,Mono,051,14174,1219,1256,16,1272,3
2021-03-20,Monterey,053,433212,42388,42146,1717,43863,334
2021-03-20,Napa,055,140530,9280,9274,30,9304,77
2021-03-20,Nevada,057,99092,4219,4164,169,4333,89
2021-03-20,Orange,059,3164182,250223,248348,10479,258827,4522
2021-03-20,Placer,061,380077,21316,20505,1188,21693,242
2021-03-20,Plumas,063,18699,663,652,10,662,4
2021-03-20,Riverside,065,2383286,288676,282081,13448,295529,4000
2021-03-20,Sacramento,067,1510023,97635,96126,1348,97474,1488
2021-03-20,San Benito,069,59416,5828,5840,89,5929,61
2021-03-20,San Bernardino,071,2135413,288440,284690,8637,293327,3965
2021-03-20,San Diego,073,3302833,269174,267532,13321,280853,3493
2021-03-20,San Francisco,075,870044,34977,34968,1147,36115,453
2021-03-20,San Joaquin,077,732212,69004,67662,2963,70625,1161
2021-03-20,San Luis Obispo,079,281455,20280,19951,600,20551,250
2021-03-20,San Mateo,081,765935,40391,39958,422,40380,344
2021-03-20,Santa Barbara,083,443738,33098,32723,1064,33787,434
2021-03-20,Santa Clara,085,1922200,113233,113384,623,114007,1799
2021-03-20,Santa Cruz,087,273765,15731,15053,783,15836,199
2021-03-20,Shasta,089,179085,11188,11211,1321,12532,147
2021-03-20,Sierra,091,2930,55,50,12,62,0
2021-03-20,Siskiyou,093,43540,1560,1483,247,1730,5
2021-03-20,Solano,095,438530,30558,30439,393,30832,170
2021-03-20,Sonoma,097,501317,28853,28962,247,29209,309
2021-03-20,Stanislaus,099,539301,52458,51925,5470,57395,673
2021-03-20,Sutter,101,95872,9024,9014,79,9093,103
2021-03-20,Tehama,103,63373,4730,4696,496,5192,33
2021-03-20,Trinity,105,12862,472,310,80,390,3
2021-03-20,Tulare,107,460477,49110,48030,8326,56356,804
2021-03-20,Tuolumne,109,53932,3899,3950,39,3989,57
2021-03-20,Ventura,111,848112,79473,78818,2813,81631,922
2021-03-20,Yolo,113,214977,13242,13226,164,13390,190
2021-03-20,Yuba,115,75493,5663,5621,91,5712,42
2021-03-19,Alameda,001,1643700,82984,82499,1733,84232,1187
2021-03-19,Alpine,003,1148,83,82,0,82,0
2021-03-19,Amador,005,37829,3526,3515,31,3546,44
2021-03-19,Butte,007,227075,11585,11191,1664,12855,185
2021-03-19,Calaveras,009,45235,1975,1957,11,1968,49
2021-03-19,Colusa,011,21464,1884,1883,270,2153,12
2021-03-19,Contra Costa,013,1133247,65067,64195,1099,65294,737
2021-03-19,Del Norte,015,27424,1128,1071,5,1076,6
2021-03-19,El Dorado,017,186661,9366,9274,608,9882,105
2021-03-19,Fresno,019,978130,98986,97969,8032,106001,1527
2021-03-19,Glenn,021,27897,2324,2282,514,2796,17
2021-03-19,Humboldt,023,135768,3406,3388,24,3412,33
2021-03-19,Imperial,025,180216,27488,27218,2514,29732,695
2021-03-19,Inyo,027,18085,1366,1356,9,1365,35
2021-03-19,Kern,029,883053,94944,93534,10094,103628,1152
2021-03-19,Kings,031,150075,22685,22369,997,23366,235
2021-03-19,Lake,033,64148,3322,3262,8,3270,43
2021-03-19,Lassen,035,31185,5138,5126,99,5225,1
2021-03-19,Los Angeles,037,10098052,1185197,1174818,39043,1213861,22752
2021-03-19,Madera,039,155013,16006,15877,865,16742,210
2021-03-19,Marin,041,260295,13554,13441,181,13622,220
2021-03-19,Mariposa,043,17540,389,380,5,385,5
2021-03-19,Mendocino,045,87422,3737,3639,74,3713,45
2021-03-19,Merced,047,269075,29434,29376,951,30327,412
2021-03-19,Modoc,049,8938,347,341,118,459,3
2021-03-19,Mono,051,14174,1217,1244,16,1260,3
2021-03-19,Monterey,053,433212,42379,42125,1715,43840,335
2021-03-19,Napa,055,140530,9268,9256,30,9286,77
2021-03-19,Nevada,057,99092,4208,4156,169,4325,88
2021-03-19,Orange,059,3164182,250123,248146,10470,258616,4501
2021-03-19,Placer,061,380077,21298,20451,1186,21637,242
2021-03-19,Plumas,063,18699,663,650,10,660,4
2021-03-19,Riverside,065,2383286,288593,281937,13443,295380,3989
2021-03-19,Sacramento,067,1510023,97532,95934,1345,97279,1486
2021-03-19,San Benito,069,59416,5828,5845,89,5934,61
2021-03-19,San Bernardino,071,2135413,288369,284501,8635,293136,4017
2021-03-19,San Diego,073,3302833,269039,267173,13311,280484,3491
2021-03-19,San Francisco,075,870044,34932,34936,1144,36080,461
2021-03-19,San Joaquin,077,732212,68934,67515,2949,70464,1180
2021-03-19,San Luis Obispo,079,281455,20260,19913,598,20511,249
2021-03-19,San Mateo,081,765935,40367,39893,422,40315,344
2021-03-19,Santa Barbara,083,443738,33068,32685,1063,33748,435
2021-03-19,Santa Clara,085,1922200,113158,113232,622,113854,1797
2021-03-19,Santa Cruz,087,273765,15724,15026,783,15809,199
2021-03-19,Shasta,089,179085,11181,11104,1319,12423,103
2021-03-19,Sierra,091,2930,54,49,12,61,0
2021-03-19,Siskiyou,093,43540,1560,1480,246,1726,5
2021-03-19,Solano,095,438530,30528,30395,391,30786,172
2021-03-19,Sonoma,097,501317,28832,28932,245,29177,292
2021-03-19,Stanislaus,099,539301,52400,51755,5467,57222,679
2021-03-19,Sutter,101,95872,9022,9005,79,9084,103
2021-03-19,Tehama,103,63373,4723,4685,496,5181,33
2021-03-19,Trinity,105,12862,472,310,80,390,3
2021-03-19,Tulare,107,460477,49087,47989,8303,56292,805
2021-03-19,Tuolumne,109,53932,3896,3946,39,3985,57
2021-03-19,Ventura,111,848112,79440,78753,2809,81562,920
2021-03-19,Yolo,113,214977,13234,13197,164,13361,189
2021-03-19,Yuba,115,75493,5660,5615,90,5705,42
2021-03-18,Alameda,001,1643700,82903,82419,1730,84149,1189
2021-03-18,Alpine,003,1148,83,82,0,82,0
2021-03-18,Amador,005,37829,3522,3513,31,3544,44
2021-03-18,Butte,007,227075,11574,11179,1662,12841,185
2021-03-18,Calaveras,009,45235,1973,1954,11,1965,49
2021-03-18,Colusa,011,21464,1884,1882,270,2152,12
2021-03-18,Contra Costa,013,1133247,64994,64103,1096,65199,739
2021-03-18,Del Norte,015,27424,1119,1059,5,1064,6
2021-03-18,El Dorado,017,186661,9353,9261,607,9868,105
2021-03-18,Fresno,019,978130,98889,97856,8017,105873,1527
2021-03-18,Glenn,021,27897,2320,2275,513,2788,17
2021-03-18,Humboldt,023,135768,3398,3381,24,3405,34
2021-03-18,Imperial,025,180216,27473,27190,2509,29699,695
2021-03-18,Inyo,027,18085,1363,1354,9,1363,35
2021-03-18,Kern,029,883053,94887,93458,10080,103538,1158
2021-03-18,Kings,031,150075,22678,22354,996,23350,235
2021-03-18,Lake,033,64148,3319,3260,8,3268,43
2021-03-18,Lassen,035,31185,5137,5126,99,5225,1
2021-03-18,Los Angeles,037,10098052,1184764,1174205,39014,1213219,22689
2021-03-18,Madera,039,155013,15994,15860,862,16722,211
2021-03-18,Marin,041,260295,13536,13435,180,13615,219
2021-03-18,Mariposa,043,17540,387,380,5,385,5
2021-03-18,Mendocino,045,87422,3727,3630,74,3704,45
2021-03-18,Merced,047,269075,29399,29317,951,30268,410
2021-03-18,Modoc,049,8938,347,341,118,459,3
2021-03-18,Mono,051,14174,1213,1215,15,1230,3
2021-03-18,Monterey,053,433212,42367,42105,1715,43820,335
2021-03-18,Napa,055,140530,9259,9243,30,9273,77
2021-03-18,Nevada,057,99092,4201,4154,169,4323,74
2021-03-18,Orange,059,3164182,250020,248050,10458,258508,4514
2021-03-18,Placer,061,380077,21266,20421,1183,21604,243
2021-03-18,Plumas,063,18699,661,648,10,658,4
2021-03-18,Riverside,065,2383286,288512,281789,13436,295225,3957
2021-03-18,Sacramento,067,1510023,97384,95819,1341,97160,1481
2021-03-18,San Benito,069,59416,5826,5842,89,5931,61
2021-03-18,San Bernardino,071,2135413,288286,284294,8605,292899,4076
2021-03-18,San Diego,073,3302833,268886,266752,13301,280053,3478
2021-03-18,San Francisco,075,870044,34893,34904,1143,36047,461
2021-03-18,San Joaquin,077,732212,68834,67301,2937,70238,1169
2021-03-18,San Luis Obispo,079,281455,20231,19894,597,20491,249
2021-03-18,San Mateo,081,765935,40326,39874,422,40296,344
2021-03-18,Santa Barbara,083,443738,33027,32640,1063,33703,434
2021-03-18,Santa Clara,085,1922200,113041,113119,618,113737,1808
2021-03-18,Santa Cruz,087,273765,15714,14998,783,15781,198
2021-03-18,Shasta,089,179085,11167,11059,1317,12376,100
2021-03-18,Sierra,091,2930,54,49,12,61,0
2021-03-18,Siskiyou,093,43540,1557,1480,245,1725,5
2021-03-18,Solano,095,438530,30486,30352,388,30740,172
2021-03-18,Sonoma,097,501317,28811,28915,243,29158,292
2021-03-18,Stanislaus,099,539301,52328,51615,5463,57078,682
2021-03-18,Sutter,101,95872,9010,8999,79,9078,103
2021-03-18,Tehama,103,63373,4717,4683,495,5178,35
2021-03-18,Trinity,105,12862,472,310,80,390,3
2021-03-18,Tulare,107,460477,49068,47964,8288,56252,805
2021-03-18,Tuolumne,109,53932,3895,3942,39,3981,57
2021-03-18,Ventura,111,848112,79380,78697,2809,81506,918
2021-03-18,Yolo,113,214977,13221,13183,164,13347,191
2021-03-18,Yuba,115,75493,5656,5612,90,5702,42
2021-03-17,Alameda,001,1643700,82827,82353,1725,84078,1185
2021-03-17,Alpine,003,1148,83,82,0,82,0
2021-03-17,Amador,005,37829,3520,3511,31,3542,44
2021-03-17,Butte,007,227075,11565,11170,1660,12830,185
2021-03-17,Calaveras,009,45235,1970,1946,11,1957,49
2021-03-17,Colusa,011,21464,1883,1882,270,2152,12
2021-03-17,Contra Costa,013,1133247,64925,64026,1095,65121,737
2021-03-17,Del Norte,015,27424,1115,1053,5,1058,6
2021-03-17,El Dorado,017,186661,9343,9252,607,9859,105
2021-03-17,Fresno,019,978130,98778,97727,7999,105726,1507
2021-03-17,Glenn,021,27897,2313,2269,512,2781,17
2021-03-17,Humboldt,023,135768,3390,3365,24,3389,33
2021-03-17,Imperial,025,180216,27456,27168,2506,29674,691
2021-03-17,Inyo,027,18085,1361,1351,9,1360,35
2021-03-17,Kern,029,883053,94831,93392,10067,103459,1149
2021-03-17,Kings,031,150075,22662,22336,995,23331,233
2021-03-17,Lake,033,64148,3312,3251,8,3259,43
2021-03-17,Lassen,035,31185,5136,5125,99,5224,1
2021-03-17,Los Angeles,037,10098052,1184310,1173416,38981,1212397,22602
2021-03-17,Madera,039,155013,15987,15835,862,16697,214
2021-03-17,Marin,041,260295,13519,13428,179,13607,218
2021-03-17,Mariposa,043,17540,387,379,5,384,5
2021-03-17,Mendocino,045,87422,3723,3625,74,3699,44
2021-03-17,Merced,047,269075,29371,29250,947,30197,408
2021-03-17,Modoc,049,8938,347,341,118,459,3
2021-03-17,Mono,051,14174,1211,1212,15,1227,3
2021-03-17,Monterey,053,433212,42349,42061,1712,43773,334
2021-03-17,Napa,055,140530,9244,9219,30,9249,76
2021-03-17,Nevada,057,99092,4191,4145,169,4314,74
2021-03-17,Orange,059,3164182,249902,247943,10430,258373,4502
2021-03-17,Placer,061,380077,21238,20369,1182,21551,243
2021-03-17,Plumas,063,18699,660,645,10,655,4
2021-03-17,Riverside,065,2383286,288397,281649,13428,295077,3925
2021-03-17,Sacramento,067,1510023,97256,95650,1336,96986,1477
2021-03-17,San Benito,069,59416,5823,5841,89,5930,61
2021-03-17,San Bernardino,071,2135413,288169,284170,8600,292770,4049
2021-03-17,San Diego,073,3302833,268675,266313,13283,279596,3470
2021-03-17,San Francisco,075,870044,34858,34873,1142,36015,457
2021-03-17,San Joaquin,077,732212,68749,67093,2921,70014,1164
2021-03-17,San Luis Obispo,079,281455,20208,19858,593,20451,249
2021-03-17,San Mateo,081,765935,40296,39838,421,40259,344
2021-03-17,Santa Barbara,083,443738,33005,32585,1062,33647,433
2021-03-17,Santa Clara,085,1922200,112948,112983,617,113600,1805
2021-03-17,Santa Cruz,087,273765,15706,14967,783,15750,199
2021-03-17,Shasta,089,179085,11162,11045,1314,12359,100
2021-03-17,Sierra,091,2930,54,49,12,61,0
2021-03-17,Siskiyou,093,43540,1556,1479,244,1723,5
2021-03-17,Solano,095,438530,30460,30320,386,30706,171
2021-03-17,Sonoma,097,501317,28787,28877,242,29119,292
2021-03-17,Stanislaus,099,539301,52253,51524,5456,56980,682
2021-03-17,Sutter,101,95872,9000,8982,79,9061,103
2021-03-17,Tehama,103,63373,4712,4670,495,5165,34
2021-03-17,Trinity,105,12862,472,308,80,388,3
2021-03-17,Tulare,107,460477,49048,47929,8278,56207,805
2021-03-17,Tuolumne,109,53932,3892,3938,39,3977,57
2021-03-17,Ventura,111,848112,79324,78648,2806,81454,916
2021-03-17,Yolo,113,214977,13204,13169,164,13333,190
2021-03-17,Yuba,115,75493,5653,5603,90,5693,42
2021-03-16,Alameda,001,1643700,82716,82259,1723,83982,1177
2021-03-16,Alpine,003,1148,83,82,0,82,0
2021-03-16,Amador,005,37829,3518,3510,31,3541,44
2021-03-16,Butte,007,227075,11553,11154,1659,12813,184
2021-03-16,Calaveras,009,45235,1965,1945,11,1956,49
2021-03-16,Colusa,011,21464,1882,1882,270,2152,12
2021-03-16,Contra Costa,013,1133247,64842,63951,1092,65043,736
2021-03-16,Del Norte,015,27424,1107,1048,5,1053,6
2021-03-16,El Dorado,017,186661,9328,9249,607,9856,105
2021-03-16,Fresno,019,978130,98640,97638,7979,105617,1498
2021-03-16,Glenn,021,27897,2305,2267,508,2775,17
2021-03-16,Humboldt,023,135768,3386,3351,24,3375,33
2021-03-16,Imperial,025,180216,27445,27143,2503,29646,689
2021-03-16,Inyo,027,18085,1360,1346,9,1355,35
2021-03-16,Kern,029,883053,94765,93340,10052,103392,1144
2021-03-16,Kings,031,150075,22626,22320,994,23314,233
2021-03-16,Lake,033,64148,3304,3246,8,3254,43
2021-03-16,Lassen,035,31185,5135,5126,99,5225,1
2021-03-16,Los Angeles,037,10098052,1183777,1172676,38943,1211619,22527
2021-03-16,Madera,039,155013,15971,15822,860,16682,214
2021-03-16,Marin,041,260295,13501,13419,179,13598,218
2021-03-16,Mariposa,043,17540,384,379,5,384,5
2021-03-16,Mendocino,045,87422,3718,3623,74,3697,44
2021-03-16,Merced,047,269075,29318,29198,946,30144,407
2021-03-16,Modoc,049,8938,347,341,118,459,3
2021-03-16,Mono,051,14174,1210,1207,15,1222,3
2021-03-16,Monterey,053,433212,42330,42023,1712,43735,334
2021-03-16,Napa,055,140530,9234,9209,30,9239,75
2021-03-16,Nevada,057,99092,4182,4132,168,4300,67
2021-03-16,Orange,059,3164182,249762,247843,10411,258254,4479
2021-03-16,Placer,061,380077,21206,20339,1178,21517,240
2021-03-16,Plumas,063,18699,659,643,10,653,4
2021-03-16,Riverside,065,2383286,288283,281540,13416,294956,3893
2021-03-16,Sacramento,067,1510023,97113,95522,1332,96854,1466
2021-03-16,San Benito,069,59416,5818,5831,89,5920,61
2021-03-16,San Bernardino,071,2135413,288039,283980,8593,292573,4032
2021-03-16,San Diego,073,3302833,268443,265903,13270,279173,3462
2021-03-16,San Francisco,075,870044,34829,34833,1137,35970,456
2021-03-16,San Joaquin,077,732212,68647,66856,2909,69765,1163
2021-03-16,San Luis Obispo,079,281455,20178,19832,591,20423,248
2021-03-16,San Mateo,081,765935,40262,39806,419,40225,344
2021-03-16,Santa Barbara,083,443738,32973,32556,1061,33617,433
2021-03-16,Santa Clara,085,1922200,112830,112845,614,113459,1797
2021-03-16,Santa Cruz,087,273765,15700,14926,783,15709,199
2021-03-16,Shasta,089,179085,11146,11035,1312,12347,100
2021-03-16,Sierra,091,2930,53,49,12,61,0
2021-03-16,Siskiyou,093,43540,1553,1477,244,1721,5
2021-03-16,Solano,095,438530,30426,30298,384,30682,171
2021-03-16,Sonoma,097,501317,28754,28850,240,29090,291
2021-03-16,Stanislaus,099,539301,52173,51410,5449,56859,683
2021-03-16,Sutter,101,95872,8992,8970,79,9049,102
2021-03-16,Tehama,103,63373,4709,4660,494,5154,34
2021-03-16,Trinity,105,12862,472,308,79,387,3
2021-03-16,Tulare,107,460477,49000,47895,8270,56165,803
2021-03-16,Tuolumne,109,53932,3889,3938,39,3977,57
2021-03-16,Ventura,111,848112,79258,78671,2799,81470,916
2021-03-16,Yolo,113,214977,13189,13162,164,13326,190
2021-03-16,Yuba,115,75493,5650,5596,89,5685,42
2021-03-15,Alameda,001,1643700,82627,82159,1723,83882,1167
2021-03-15,Alpine,003,1148,83,82,0,82,0
2021-03-15,Amador,005,37829,3517,3506,31,3537,44
2021-03-15,Butte,007,227075,11540,11141,1655,12796,185
2021-03-15,Calaveras,009,45235,1964,1941,11,1952,49
2021-03-15,Colusa,011,21464,1882,1883,270,2153,12
2021-03-15,Contra Costa,013,1133247,64780,63847,1091,64938,732
2021-03-15,Del Norte,015,27424,1104,1048,5,1053,6
2021-03-15,El Dorado,017,186661,9322,9235,607,9842,103
2021-03-15,Fresno,019,978130,98513,97520,7964,105484,1496
2021-03-15,Glenn,021,27897,2300,2261,505,2766,15
2021-03-15,Humboldt,023,135768,3380,3337,24,3361,32
2021-03-15,Imperial,025,180216,27425,27122,2500,29622,684
2021-03-15,Inyo,027,18085,1360,1346,9,1355,35
2021-03-15,Kern,029,883053,94705,93266,10045,103311,1141
2021-03-15,Kings,031,150075,22609,22294,988,23282,233
2021-03-15,Lake,033,64148,3292,3237,8,3245,43
2021-03-15,Lassen,035,31185,5135,5125,99,5224,1
2021-03-15,Los Angeles,037,10098052,1183206,1172445,38911,1211356,22477
2021-03-15,Madera,039,155013,15960,15806,858,16664,214
2021-03-15,Marin,041,260295,13495,13408,178,13586,218
2021-03-15,Mariposa,043,17540,384,376,5,381,5
2021-03-15,Mendocino,045,87422,3714,3615,74,3689,44
2021-03-15,Merced,047,269075,29280,29169,944,30113,407
2021-03-15,Modoc,049,8938,347,340,118,458,3
2021-03-15,Mono,051,14174,1209,1206,15,1221,3
2021-03-15,Monterey,053,433212,42301,42011,1709,43720,333
2021-03-15,Napa,055,140530,9223,9196,30,9226,75
2021-03-15,Nevada,057,99092,4177,4123,167,4290,66
2021-03-15,Orange,059,3164182,249649,247697,10392,258089,4481
2021-03-15,Placer,061,380077,21183,20308,1178,21486,238
2021-03-15,Plumas,063,18699,659,642,10,652,4
2021-03-15,Riverside,065,2383286,288131,281367,13406,294773,3856
2021-03-15,Sacramento,067,1510023,96960,95414,1326,96740,1463
2021-03-15,San Benito,069,59416,5815,5831,89,5920,61
2021-03-15,San Bernardino,071,2135413,287948,283815,8585,292400,4004
2021-03-15,San Diego,073,3302833,268194,265646,13254,278900,3452
2021-03-15,San Francisco,075,870044,34794,34820,1133,35953,456
2021-03-15,San Joaquin,077,732212,68544,66622,2897,69519,1140
2021-03-15,San Luis Obispo,079,281455,20147,19813,587,20400,247
2021-03-15,San Mateo,081,765935,40208,39765,419,40184,344
2021-03-15,Santa Barbara,083,443738,32950,32529,1058,33587,431
2021-03-15,Santa Clara,085,1922200,112729,112729,612,113341,1798
2021-03-15,Santa Cruz,087,273765,15694,14899,782,15681,200
2021-03-15,Shasta,089,179085,11130,11019,1307,12326,92
2021-03-15,Sierra,091,2930,53,49,12,61,0
2021-03-15,Siskiyou,093,43540,1553,1475,244,1719,5
2021-03-15,Solano,095,438530,30397,30258,383,30641,171
2021-03-15,Sonoma,097,501317,28736,28814,237,29051,285
2021-03-15,Stanislaus,099,539301,52094,51357,5442,56799,683
2021-03-15,Sutter,101,95872,8986,8962,79,9041,102
2021-03-15,Tehama,103,63373,4694,4650,493,5143,34
2021-03-15,Trinity,105,12862,472,308,79,387,3
2021-03-15,Tulare,107,460477,48970,47857,8255,56112,800
2021-03-15,Tuolumne,109,53932,3887,3937,38,3975,57
2021-03-15,Ventura,111,848112,79202,78626,2798,81424,910
2021-03-15,Yolo,113,214977,13170,13131,164,13295,190
2021-03-15,Yuba,115,75493,5645,5585,88,5673,42
2021-03-14,Alameda,001,1643700,82542,82116,1720,83836,1168
2021-03-14,Alpine,003,1148,83,82,0,82,0
2021-03-14,Amador,005,37829,3512,3504,31,3535,44
2021-03-14,Butte,007,227075,11527,11140,1651,12791,185
2021-03-14,Calaveras,009,45235,1960,1939,11,1950,49
2021-03-14,Colusa,011,21464,1882,1883,270,2153,12
2021-03-14,Contra Costa,013,1133247,64676,63808,1090,64898,731
2021-03-14,Del Norte,015,27424,1090,1048,5,1053,6
2021-03-14,El Dorado,017,186661,9312,9231,607,9838,103
2021-03-14,Fresno,019,978130,98405,97461,7946,105407,1496
2021-03-14,Glenn,021,27897,2295,2260,502,2762,15
2021-03-14,Humboldt,023,135768,3366,3335,24,3359,32
2021-03-14,Imperial,025,180216,27410,27122,2495,29617,685
2021-03-14,Inyo,027,18085,1356,1346,9,1355,35
2021-03-14,Kern,029,883053,94622,93252,10027,103279,1141
2021-03-14,Kings,031,150075,22590,22292,986,23278,232
2021-03-14,Lake,033,64148,3287,3237,8,3245,43
2021-03-14,Lassen,035,31185,5133,5125,99,5224,1
2021-03-14,Los Angeles,037,10098052,1182631,1172100,38879,1210979,22476
2021-03-14,Madera,039,155013,15935,15804,858,16662,214
2021-03-14,Marin,041,260295,13479,13405,176,13581,218
2021-03-14,Mariposa,043,17540,382,376,5,381,5
2021-03-14,Mendocino,045,87422,3709,3613,74,3687,44
2021-03-14,Merced,047,269075,29212,29149,940,30089,407
2021-03-14,Modoc,049,8938,347,340,118,458,3
2021-03-14,Mono,051,14174,1203,1206,15,1221,3
2021-03-14,Monterey,053,433212,42277,42007,1706,43713,333
2021-03-14,Napa,055,140530,9205,9194,30,9224,75
2021-03-14,Nevada,057,99092,4171,4122,165,4287,66
2021-03-14,Orange,059,3164182,249517,247656,10373,258029,4460
2021-03-14,Placer,061,380077,21148,20288,1170,21458,238
2021-03-14,Plumas,063,18699,657,642,10,652,4
2021-03-14,Riverside,065,2383286,287973,281332,13398,294730,3845
2021-03-14,Sacramento,067,1510023,96782,95343,1321,96664,1462
2021-03-14,San Benito,069,59416,5806,5829,89,5918,61
2021-03-14,San Bernardino,071,2135413,287825,283791,8574,292365,3996
2021-03-14,San Diego,073,3302833,267959,265468,13241,278709,3452
2021-03-14,San Francisco,075,870044,34755,34810,1130,35940,455
2021-03-14,San Joaquin,077,732212,68416,66563,2880,69443,1140
2021-03-14,San Luis Obispo,079,281455,20119,19806,585,20391,247
2021-03-14,San Mateo,081,765935,40169,39744,419,40163,342
2021-03-14,Santa Barbara,083,443738,32906,32514,1056,33570,431
2021-03-14,Santa Clara,085,1922200,112601,112648,611,113259,1796
2021-03-14,Santa Cruz,087,273765,15678,14887,780,15667,200
2021-03-14,Shasta,089,179085,11114,11019,1300,12319,92
2021-03-14,Sierra,091,2930,53,49,12,61,0
2021-03-14,Siskiyou,093,43540,1550,1473,244,1717,5
2021-03-14,Solano,095,438530,30365,30230,378,30608,171
2021-03-14,Sonoma,097,501317,28701,28798,233,29031,284
2021-03-14,Stanislaus,099,539301,51974,51306,5434,56740,690
2021-03-14,Sutter,101,95872,8970,8958,79,9037,102
2021-03-14,Tehama,103,63373,4687,4650,492,5142,34
2021-03-14,Trinity,105,12862,471,308,78,386,3
2021-03-14,Tulare,107,460477,48937,47845,8234,56079,800
2021-03-14,Tuolumne,109,53932,3885,3937,38,3975,57
2021-03-14,Ventura,111,848112,79154,78611,2792,81403,910
2021-03-14,Yolo,113,214977,13147,13128,161,13289,189
2021-03-14,Yuba,115,75493,5635,5583,88,5671,42
2021-03-13,Alameda,001,1643700,82482,82010,1720,83730,1168
2021-03-13,Alpine,003,1148,83,82,0,82,0
2021-03-13,Amador,005,37829,3509,3504,31,3535,44
2021-03-13,Butte,007,227075,11518,11131,1650,12781,185
2021-03-13,Calaveras,009,45235,1959,1939,11,1950,49
2021-03-13,Colusa,011,21464,1882,1882,270,2152,12
2021-03-13,Contra Costa,013,1133247,64615,63689,1090,64779,731
2021-03-13,Del Norte,015,27424,1086,1041,5,1046,6
2021-03-13,El Dorado,017,186661,9304,9221,607,9828,103
2021-03-13,Fresno,019,978130,98346,97324,7926,105250,1495
2021-03-13,Glenn,021,27897,2294,2260,501,2761,15
2021-03-13,Humboldt,023,135768,3359,3325,24,3349,32
2021-03-13,Imperial,025,180216,27404,27099,2491,29590,677
2021-03-13,Inyo,027,18085,1355,1344,9,1353,35
2021-03-13,Kern,029,883053,94583,93197,10021,103218,1140
2021-03-13,Kings,031,150075,22574,22265,985,23250,232
2021-03-13,Lake,033,64148,3280,3234,7,3241,43
2021-03-13,Lassen,035,31185,5133,5125,99,5224,1
2021-03-13,Los Angeles,037,10098052,1182313,1171505,38837,1210342,22451
2021-03-13,Madera,039,155013,15923,15780,858,16638,214
2021-03-13,Marin,041,260295,13473,13391,174,13565,218
2021-03-13,Mariposa,043,17540,381,376,5,381,5
2021-03-13,Mendocino,045,87422,3705,3611,74,3685,44
2021-03-13,Merced,047,269075,29181,29106,940,30046,406
2021-03-13,Modoc,049,8938,347,340,117,457,3
2021-03-13,Mono,051,14174,1203,1207,15,1222,3
2021-03-13,Monterey,053,433212,42267,41989,1704,43693,332
2021-03-13,Napa,055,140530,9199,9190,30,9220,75
2021-03-13,Nevada,057,99092,4164,4111,164,4275,66
2021-03-13,Orange,059,3164182,249436,247514,10357,257871,4423
2021-03-13,Placer,061,380077,21127,20238,1167,21405,239
2021-03-13,Plumas,063,18699,655,642,10,652,4
2021-03-13,Riverside,065,2383286,287881,281191,13390,294581,3848
2021-03-13,Sacramento,067,1510023,96696,95192,1319,96511,1461
2021-03-13,San Benito,069,59416,5803,5823,89,5912,61
2021-03-13,San Bernardino,071,2135413,287771,283727,8568,292295,3972
2021-03-13,San Diego,073,3302833,267804,265270,13227,278497,3444
2021-03-13,San Francisco,075,870044,34738,34784,1121,35905,455
2021-03-13,San Joaquin,077,732212,68360,66480,2858,69338,1141
2021-03-13,San Luis Obispo,079,281455,20101,19789,584,20373,247
2021-03-13,San Mateo,081,765935,40142,39689,418,40107,341
2021-03-13,Santa Barbara,083,443738,32881,32486,1055,33541,431
2021-03-13,Santa Clara,085,1922200,112516,112531,610,113141,1790
2021-03-13,Santa Cruz,087,273765,15671,14875,780,15655,199
2021-03-13,Shasta,089,179085,11106,11021,1297,12318,108
2021-03-13,Sierra,091,2930,52,49,12,61,0
2021-03-13,Siskiyou,093,43540,1548,1470,244,1714,5
2021-03-13,Solano,095,438530,30348,30198,378,30576,171
2021-03-13,Sonoma,097,501317,28681,28762,229,28991,285
2021-03-13,Stanislaus,099,539301,51923,51257,5430,56687,695
2021-03-13,Sutter,101,95872,8963,8948,79,9027,102
2021-03-13,Tehama,103,63373,4685,4647,492,5139,33
2021-03-13,Trinity,105,12862,471,306,78,384,3
2021-03-13,Tulare,107,460477,48911,47818,8226,56044,798
2021-03-13,Tuolumne,109,53932,3882,3937,38,3975,57
2021-03-13,Ventura,111,848112,79102,78693,2792,81485,906
2021-03-13,Yolo,113,214977,13138,13087,161,13248,189
2021-03-13,Yuba,115,75493,5634,5577,88,5665,42
2021-03-12,Alameda,001,1643700,82405,81898,1719,83617,1164
2021-03-12,Alpine,003,1148,83,82,0,82,0
2021-03-12,Amador,005,37829,3506,3503,31,3534,44
2021-03-12,Butte,007,227075,11508,11126,1648,12774,184
2021-03-12,Calaveras,009,45235,1959,1916,11,1927,49
2021-03-12,Colusa,011,21464,1882,1883,270,2153,12
2021-03-12,Contra Costa,013,1133247,64539,63583,1090,64673,728
2021-03-12,Del Norte,015,27424,1080,1033,5,1038,6
2021-03-12,El Dorado,017,186661,9295,9219,607,9826,103
2021-03-12,Fresno,019,978130,98249,97185,7915,105100,1489
2021-03-12,Glenn,021,27897,2293,2258,500,2758,15
2021-03-12,Humboldt,023,135768,3354,3315,24,3339,32
2021-03-12,Imperial,025,180216,27393,27071,2489,29560,677
2021-03-12,Inyo,027,18085,1353,1339,9,1348,35
2021-03-12,Kern,029,883053,94549,93142,10005,103147,1132
2021-03-12,Kings,031,150075,22555,22233,985,23218,232
2021-03-12,Lake,033,64148,3274,3226,6,3232,43
2021-03-12,Lassen,035,31185,5133,5125,98,5223,1
2021-03-12,Los Angeles,037,10098052,1181918,1170860,38820,1209680,22409
2021-03-12,Madera,039,155013,15911,15761,855,16616,214
2021-03-12,Marin,041,260295,13466,13375,174,13549,218
2021-03-12,Mariposa,043,17540,379,376,5,381,5
2021-03-12,Mendocino,045,87422,3702,3605,74,3679,43
2021-03-12,Merced,047,269075,29150,29064,940,30004,403
2021-03-12,Modoc,049,8938,347,340,117,457,3
2021-03-12,Mono,051,14174,1202,1206,15,1221,3
2021-03-12,Monterey,053,433212,42253,41964,1699,43663,329
2021-03-12,Napa,055,140530,9190,9180,30,9210,75
2021-03-12,Nevada,057,99092,4154,4101,164,4265,66
2021-03-12,Orange,059,3164182,249344,247388,10346,257734,4401
2021-03-12,Placer,061,380077,21094,20210,1162,21372,239
2021-03-12,Plumas,063,18699,654,641,10,651,4
2021-03-12,Riverside,065,2383286,287782,281037,13383,294420,3854
2021-03-12,Sacramento,067,1510023,96572,95061,1313,96374,1460
2021-03-12,San Benito,069,59416,5800,5817,89,5906,61
2021-03-12,San Bernardino,071,2135413,287715,283558,8563,292121,3917
2021-03-12,San Diego,073,3302833,267641,264886,13219,278105,3434
2021-03-12,San Francisco,075,870044,34717,34758,1118,35876,452
2021-03-12,San Joaquin,077,732212,68289,66482,2849,69331,1144
2021-03-12,San Luis Obispo,079,281455,20088,19769,582,20351,247
2021-03-12,San Mateo,081,765935,40106,39638,416,40054,341
2021-03-12,Santa Barbara,083,443738,32858,32457,1052,33509,429
2021-03-12,Santa Clara,085,1922200,112421,112396,609,113005,1766
2021-03-12,Santa Cruz,087,273765,15659,14846,778,15624,195
2021-03-12,Shasta,089,179085,11097,11143,1295,12438,153
2021-03-12,Sierra,091,2930,52,49,12,61,0
2021-03-12,Siskiyou,093,43540,1548,1468,243,1711,5
2021-03-12,Solano,095,438530,30329,30180,377,30557,171
2021-03-12,Sonoma,097,501317,28654,28714,229,28943,285
2021-03-12,Stanislaus,099,539301,51864,51146,5424,56570,701
2021-03-12,Sutter,101,95872,8957,8940,79,9019,101
2021-03-12,Tehama,103,63373,4681,4638,491,5129,33
2021-03-12,Trinity,105,12862,470,306,78,384,3
2021-03-12,Tulare,107,460477,48886,47772,8220,55992,798
2021-03-12,Tuolumne,109,53932,3881,3936,38,3974,57
2021-03-12,Ventura,111,848112,79056,78698,2788,81486,899
2021-03-12,Yolo,113,214977,13128,13061,154,13215,189
2021-03-12,Yuba,115,75493,5627,5563,87,5650,42
2021-03-11,Alameda,001,1643700,82314,81809,1714,83523,1164
2021-03-11,Alpine,003,1148,83,78,0,78,0
2021-03-11,Amador,005,37829,3505,3498,31,3529,42
2021-03-11,Butte,007,227075,11497,11110,1646,12756,185
2021-03-11,Calaveras,009,45235,1956,1915,11,1926,49
2021-03-11,Colusa,011,21464,1882,1883,270,2153,12
2021-03-11,Contra Costa,013,1133247,64466,63469,1088,64557,728
2021-03-11,Del Norte,015,27424,1075,1027,5,1032,6
2021-03-11,El Dorado,017,186661,9281,9211,607,9818,101
2021-03-11,Fresno,019,978130,98133,97026,7886,104912,1481
2021-03-11,Glenn,021,27897,2290,2255,500,2755,15
2021-03-11,Humboldt,023,135768,3337,3302,24,3326,32
2021-03-11,Imperial,025,180216,27386,27045,2486,29531,675
2021-03-11,Inyo,027,18085,1348,1335,9,1344,35
2021-03-11,Kern,029,883053,94493,93052,9966,103018,1121
2021-03-11,Kings,031,150075,22540,22183,982,23165,230
2021-03-11,Lake,033,64148,3270,3214,6,3220,42
2021-03-11,Lassen,035,31185,5132,5124,98,5222,1
2021-03-11,Los Angeles,037,10098052,1181386,1170111,38789,1208900,22316
2021-03-11,Madera,039,155013,15900,15725,853,16578,214
2021-03-11,Marin,041,260295,13454,13356,173,13529,217
2021-03-11,Mariposa,043,17540,379,376,5,381,5
2021-03-11,Mendocino,045,87422,3695,3604,74,3678,42
2021-03-11,Merced,047,269075,29102,29001,939,29940,401
2021-03-11,Modoc,049,8938,347,340,117,457,3
2021-03-11,Mono,051,14174,1201,1206,15,1221,3
2021-03-11,Monterey,053,433212,42230,41936,1693,43629,329
2021-03-11,Napa,055,140530,9177,9173,30,9203,75
2021-03-11,Nevada,057,99092,4142,4085,162,4247,66
2021-03-11,Orange,059,3164182,249206,247217,10329,257546,4373
2021-03-11,Placer,061,380077,21052,20178,1158,21336,239
2021-03-11,Plumas,063,18699,653,640,10,650,4
2021-03-11,Riverside,065,2383286,287611,280881,13370,294251,3842
2021-03-11,Sacramento,067,1510023,96431,94912,1310,96222,1455
2021-03-11,San Benito,069,59416,5797,5816,89,5905,61
2021-03-11,San Bernardino,071,2135413,287619,283312,8557,291869,3869
2021-03-11,San Diego,073,3302833,267476,264524,13203,277727,3422
2021-03-11,San Francisco,075,870044,34681,34722,1112,35834,452
2021-03-11,San Joaquin,077,732212,68177,66522,2841,69363,1157
2021-03-11,San Luis Obispo,079,281455,20063,19748,581,20329,247
2021-03-11,San Mateo,081,765935,40069,39590,415,40005,341
2021-03-11,Santa Barbara,083,443738,32830,32408,1047,33455,430
2021-03-11,Santa Clara,085,1922200,112292,112246,606,112852,1765
2021-03-11,Santa Cruz,087,273765,15647,14812,777,15589,193
2021-03-11,Shasta,089,179085,11087,11139,1290,12429,158
2021-03-11,Sierra,091,2930,52,48,12,60,0
2021-03-11,Siskiyou,093,43540,1545,1466,242,1708,5
2021-03-11,Solano,095,438530,30301,30138,376,30514,171
2021-03-11,Sonoma,097,501317,28625,28677,229,28906,285
2021-03-11,Stanislaus,099,539301,51779,51038,5416,56454,707
2021-03-11,Sutter,101,95872,8951,8933,79,9012,101
2021-03-11,Tehama,103,63373,4673,4632,491,5123,33
2021-03-11,Trinity,105,12862,469,304,77,381,3
2021-03-11,Tulare,107,460477,48849,47709,8209,55918,797
2021-03-11,Tuolumne,109,53932,3879,3934,38,3972,57
2021-03-11,Ventura,111,848112,79006,78697,2784,81481,889
2021-03-11,Yolo,113,214977,13110,13041,153,13194,190
2021-03-11,Yuba,115,75493,5623,5553,87,5640,42
2021-03-10,Alameda,001,1643700,82208,81701,1709,83410,1160
2021-03-10,Alpine,003,1148,82,78,0,78,0
2021-03-10,Amador,005,37829,3503,3496,31,3527,42
2021-03-10,Butte,007,227075,11487,11096,1646,12742,185
2021-03-10,Calaveras,009,45235,1950,1913,11,1924,48
2021-03-10,Colusa,011,21464,1882,1882,270,2152,12
2021-03-10,Contra Costa,013,1133247,64366,63372,1084,64456,725
2021-03-10,Del Norte,015,27424,1073,1020,5,1025,5
2021-03-10,El Dorado,017,186661,9268,9203,607,9810,100
2021-03-10,Fresno,019,978130,98026,96866,7870,104736,1471
2021-03-10,Glenn,021,27897,2287,2253,498,2751,15
2021-03-10,Humboldt,023,135768,3327,3296,23,3319,32
2021-03-10,Imperial,025,180216,27371,27051,2486,29537,675
2021-03-10,Inyo,027,18085,1348,1328,9,1337,35
2021-03-10,Kern,029,883053,94427,92965,9945,102910,1102
2021-03-10,Kings,031,150075,22521,22166,981,23147,226
2021-03-10,Lake,033,64148,3260,3207,6,3213,42
2021-03-10,Lassen,035,31185,5132,5120,98,5218,1
2021-03-10,Los Angeles,037,10098052,1180840,1169079,38763,1207842,22199
2021-03-10,Madera,039,155013,15879,15705,850,16555,212
2021-03-10,Marin,041,260295,13444,13348,172,13520,216
2021-03-10,Mariposa,043,17540,379,376,5,381,5
2021-03-10,Mendocino,045,87422,3690,3602,74,3676,42
2021-03-10,Merced,047,269075,29064,28927,936,29863,401
2021-03-10,Modoc,049,8938,346,338,117,455,3
2021-03-10,Mono,051,14174,1197,1204,15,1219,3
2021-03-10,Monterey,053,433212,42208,41920,1689,43609,329
2021-03-10,Napa,055,140530,9168,9165,30,9195,75
2021-03-10,Nevada,057,99092,4138,4074,162,4236,66
2021-03-10,Orange,059,3164182,249057,247075,10314,257389,4342
2021-03-10,Placer,061,380077,21018,20144,1152,21296,239
2021-03-10,Plumas,063,18699,652,639,10,649,4
2021-03-10,Riverside,065,2383286,287470,280708,13356,294064,3822
2021-03-10,Sacramento,067,1510023,96301,94796,1304,96100,1452
2021-03-10,San Benito,069,59416,5788,5811,89,5900,61
2021-03-10,San Bernardino,071,2135413,287526,283140,8551,291691,3841
2021-03-10,San Diego,073,3302833,267254,264094,13191,277285,3413
2021-03-10,San Francisco,075,870044,34646,34688,1104,35792,450
2021-03-10,San Joaquin,077,732212,68075,66483,2824,69307,1156
2021-03-10,San Luis Obispo,079,281455,20039,19710,577,20287,247
2021-03-10,San Mateo,081,765935,40045,39571,415,39986,338
2021-03-10,Santa Barbara,083,443738,32803,32356,1044,33400,429
2021-03-10,Santa Clara,085,1922200,112183,112103,602,112705,1759
2021-03-10,Santa Cruz,087,273765,15632,14790,776,15566,192
2021-03-10,Shasta,089,179085,11077,11125,1287,12412,155
2021-03-10,Sierra,091,2930,52,48,12,60,0
2021-03-10,Siskiyou,093,43540,1543,1458,242,1700,5
2021-03-10,Solano,095,438530,30271,30111,375,30486,170
2021-03-10,Sonoma,097,501317,28590,28638,228,28866,286
2021-03-10,Stanislaus,099,539301,51692,50968,5397,56365,706
2021-03-10,Sutter,101,95872,8940,8918,79,8997,101
2021-03-10,Tehama,103,63373,4662,4623,490,5113,33
2021-03-10,Trinity,105,12862,469,304,77,381,3
2021-03-10,Tulare,107,460477,48801,47659,8191,55850,793
2021-03-10,Tuolumne,109,53932,3878,3931,38,3969,57
2021-03-10,Ventura,111,848112,78929,78609,2782,81391,878
2021-03-10,Yolo,113,214977,13086,13021,153,13174,189
2021-03-10,Yuba,115,75493,5610,5545,86,5631,42
2021-03-09,Alameda,001,1643700,82122,81618,1709,83327,1151
2021-03-09,Alpine,003,1148,82,78,0,78,0
2021-03-09,Amador,005,37829,3501,3494,31,3525,42
2021-03-09,Butte,007,227075,11474,11092,1645,12737,185
2021-03-09,Calaveras,009,45235,1948,1913,11,1924,48
2021-03-09,Colusa,011,21464,1882,1880,270,2150,11
2021-03-09,Contra Costa,013,1133247,64276,63314,1082,64396,723
2021-03-09,Del Norte,015,27424,1065,1017,5,1022,5
2021-03-09,El Dorado,017,186661,9260,9198,607,9805,98
2021-03-09,Fresno,019,978130,97907,96744,7844,104588,1463
2021-03-09,Glenn,021,27897,2283,2251,496,2747,15
2021-03-09,Humboldt,023,135768,3315,3288,22,3310,32
2021-03-09,Imperial,025,180216,27361,27045,2482,29527,675
2021-03-09,Inyo,027,18085,1346,1324,9,1333,35
2021-03-09,Kern,029,883053,94348,92924,9927,102851,1088
2021-03-09,Kings,031,150075,22496,22143,979,23122,226
2021-03-09,Lake,033,64148,3254,3202,6,3208,42
2021-03-09,Lassen,035,31185,5132,5120,98,5218,1
2021-03-09,Los Angeles,037,10098052,1180243,1167967,38730,1206697,22080
2021-03-09,Madera,039,155013,15868,15701,848,16549,211
2021-03-09,Marin,041,260295,13426,13335,170,13505,214
2021-03-09,Mariposa,043,17540,379,376,5,381,5
2021-03-09,Mendocino,045,87422,3686,3595,74,3669,42
2021-03-09,Merced,047,269075,29004,28876,933,29809,399
2021-03-09,Modoc,049,8938,346,338,116,454,3
2021-03-09,Mono,051,14174,1196,1203,15,1218,3
2021-03-09,Monterey,053,433212,42189,41894,1681,43575,329
2021-03-09,Napa,055,140530,9154,9155,30,9185,75
2021-03-09,Nevada,057,99092,4130,4062,162,4224,66
2021-03-09,Orange,059,3164182,248915,246989,10295,257284,4310
2021-03-09,Placer,061,380077,20976,20122,1147,21269,239
2021-03-09,Plumas,063,18699,649,639,10,649,4
2021-03-09,Riverside,065,2383286,287337,280562,13352,293914,3821
2021-03-09,Sacramento,067,1510023,96134,94720,1298,96018,1442
2021-03-09,San Benito,069,59416,5784,5800,89,5889,61
2021-03-09,San Bernardino,071,2135413,287411,282971,8545,291516,3823
2021-03-09,San Diego,073,3302833,267022,263745,13170,276915,3405
2021-03-09,San Francisco,075,870044,34615,34654,1100,35754,450
2021-03-09,San Joaquin,077,732212,67947,66383,2814,69197,1150
2021-03-09,San Luis Obispo,079,281455,20022,19672,570,20242,245
2021-03-09,San Mateo,081,765935,39998,39535,413,39948,336
2021-03-09,Santa Barbara,083,443738,32762,32314,1042,33356,428
2021-03-09,Santa Clara,085,1922200,112072,111963,597,112560,1756
2021-03-09,Santa Cruz,087,273765,15610,14764,775,15539,188
2021-03-09,Shasta,089,179085,11070,11113,1282,12395,155
2021-03-09,Sierra,091,2930,52,48,12,60,0
2021-03-09,Siskiyou,093,43540,1539,1447,240,1687,5
2021-03-09,Solano,095,438530,30235,30090,373,30463,169
2021-03-09,Sonoma,097,501317,28540,28601,225,28826,284
2021-03-09,Stanislaus,099,539301,51594,50884,5388,56272,703
2021-03-09,Sutter,101,95872,8927,8914,79,8993,101
2021-03-09,Tehama,103,63373,4657,4620,490,5110,33
2021-03-09,Trinity,105,12862,469,304,77,381,3
2021-03-09,Tulare,107,460477,48774,47637,8172,55809,792
2021-03-09,Tuolumne,109,53932,3876,3929,38,3967,56
2021-03-09,Ventura,111,848112,78866,78526,2780,81306,863
2021-03-09,Yolo,113,214977,13074,13015,151,13166,189
2021-03-09,Yuba,115,75493,5603,5539,86,5625,42
2021-03-08,Alameda,001,1643700,82011,81543,1708,83251,1142
2021-03-08,Alpine,003,1148,82,78,0,78,0
2021-03-08,Amador,005,37829,3498,3490,31,3521,42
2021-03-08,Butte,007,227075,11461,11082,1644,12726,185
2021-03-08,Calaveras,009,45235,1944,1909,11,1920,48
2021-03-08,Colusa,011,21464,1882,1877,270,2147,11
2021-03-08,Contra Costa,013,1133247,64180,63240,1082,64322,719
2021-03-08,Del Norte,015,27424,1060,1012,5,1017,5
2021-03-08,El Dorado,017,186661,9257,9188,606,9794,97
2021-03-08,Fresno,019,978130,97809,96665,7823,104488,1442
2021-03-08,Glenn,021,27897,2282,2249,496,2745,15
2021-03-08,Humboldt,023,135768,3301,3278,22,3300,31
2021-03-08,Imperial,025,180216,27353,27033,2479,29512,663
2021-03-08,Inyo,027,18085,1344,1320,9,1329,35
2021-03-08,Kern,029,883053,94282,92857,9907,102764,1087
2021-03-08,Kings,031,150075,22475,22130,977,23107,226
2021-03-08,Lake,033,64148,3242,3195,6,3201,42
2021-03-08,Lassen,035,31185,5132,5119,98,5217,1
2021-03-08,Los Angeles,037,10098052,1179623,1163409,38698,1202107,21868
2021-03-08,Madera,039,155013,15858,15691,846,16537,211
2021-03-08,Marin,041,260295,13406,13328,168,13496,214
2021-03-08,Mariposa,043,17540,379,376,5,381,5
2021-03-08,Mendocino,045,87422,3684,3590,73,3663,42
2021-03-08,Merced,047,269075,28944,28841,932,29773,398
2021-03-08,Modoc,049,8938,346,338,116,454,3
2021-03-08,Mono,051,14174,1195,1200,15,1215,3
2021-03-08,Monterey,053,433212,42168,41863,1680,43543,328
2021-03-08,Napa,055,140530,9151,9146,30,9176,75
2021-03-08,Nevada,057,99092,4122,4059,162,4221,66
2021-03-08,Orange,059,3164182,248742,246900,10264,257164,4243
2021-03-08,Placer,061,380077,20941,20102,1136,21238,239
2021-03-08,Plumas,063,18699,648,635,10,645,4
2021-03-08,Riverside,065,2383286,287185,280463,13342,293805,3783
2021-03-08,Sacramento,067,1510023,95964,94654,1293,95947,1438
2021-03-08,San Benito,069,59416,5781,5797,89,5886,61
2021-03-08,San Bernardino,071,2135413,287300,282894,8538,291432,3811
2021-03-08,San Diego,073,3302833,266781,263272,13155,276427,3390
2021-03-08,San Francisco,075,870044,34589,34634,1096,35730,446
2021-03-08,San Joaquin,077,732212,67831,66307,2805,69112,1139
2021-03-08,San Luis Obispo,079,281455,19979,19656,567,20223,245
2021-03-08,San Mateo,081,765935,39949,39492,411,39903,335
2021-03-08,Santa Barbara,083,443738,32730,32293,1042,33335,427
2021-03-08,Santa Clara,085,1922200,111944,111882,595,112477,1756
2021-03-08,Santa Cruz,087,273765,15590,14729,775,15504,188
2021-03-08,Shasta,089,179085,11062,11088,1277,12365,155
2021-03-08,Sierra,091,2930,52,48,12,60,0
2021-03-08,Siskiyou,093,43540,1538,1440,240,1680,5
2021-03-08,Solano,095,438530,30195,30068,371,30439,169
2021-03-08,Sonoma,097,501317,28496,28571,224,28795,284
2021-03-08,Stanislaus,099,539301,51515,50825,5383,56208,690
2021-03-08,Sutter,101,95872,8924,8905,79,8984,100
2021-03-08,Tehama,103,63373,4653,4615,490,5105,33
2021-03-08,Trinity,105,12862,468,302,77,379,3
2021-03-08,Tulare,107,460477,48733,47587,8147,55734,791
2021-03-08,Tuolumne,109,53932,3875,3921,38,3959,56
2021-03-08,Ventura,111,848112,78793,78526,2772,81298,852
2021-03-08,Yolo,113,214977,13051,13000,151,13151,189
2021-03-08,Yuba,115,75493,5593,5530,86,5616,42
2021-03-07,Alameda,001,1643700,81891,81413,1707,83120,1145
2021-03-07,Alpine,003,1148,82,78,0,78,0
2021-03-07,Amador,005,37829,3495,3489,31,3520,42
2021-03-07,Butte,007,227075,11445,11075,1643,12718,185
2021-03-07,Calaveras,009,45235,1940,1906,11,1917,48
2021-03-07,Colusa,011,21464,1882,1876,270,2146,11
2021-03-07,Contra Costa,013,1133247,64081,63148,1080,64228,719
2021-03-07,Del Norte,015,27424,1055,1010,5,1015,5
2021-03-07,El Dorado,017,186661,9254,9184,605,9789,97
2021-03-07,Fresno,019,978130,97631,96549,7801,104350,1442
2021-03-07,Glenn,021,27897,2280,2244,496,2740,15
2021-03-07,Humboldt,023,135768,3291,3274,22,3296,31
2021-03-07,Imperial,025,180216,27344,27019,2477,29496,658
2021-03-07,Inyo,027,18085,1341,1320,9,1329,35
2021-03-07,Kern,029,883053,94195,92746,9877,102623,1086
2021-03-07,Kings,031,150075,22453,22103,977,23080,224
2021-03-07,Lake,033,64148,3236,3192,6,3198,42
2021-03-07,Lassen,035,31185,5131,5119,98,5217,1
2021-03-07,Los Angeles,037,10098052,1178898,1162749,38663,1201412,21857
2021-03-07,Madera,039,155013,15839,15675,846,16521,211
2021-03-07,Marin,041,260295,13398,13313,166,13479,214
2021-03-07,Mariposa,043,17540,378,376,5,381,5
2021-03-07,Mendocino,045,87422,3680,3581,73,3654,42
2021-03-07,Merced,047,269075,28870,28829,928,29757,399
2021-03-07,Modoc,049,8938,346,338,116,454,3
2021-03-07,Mono,051,14174,1193,1199,15,1214,3
2021-03-07,Monterey,053,433212,42147,41858,1677,43535,328
2021-03-07,Napa,055,140530,9141,9137,30,9167,75
2021-03-07,Nevada,057,99092,4108,4052,161,4213,66
2021-03-07,Orange,059,3164182,248550,246771,10237,257008,4218
2021-03-07,Placer,061,380077,20900,20070,1132,21202,239
2021-03-07,Plumas,063,18699,647,635,10,645,4
2021-03-07,Riverside,065,2383286,287037,280379,13333,293712,3779
2021-03-07,Sacramento,067,1510023,95787,94513,1287,95800,1437
2021-03-07,San Benito,069,59416,5774,5795,89,5884,61
2021-03-07,San Bernardino,071,2135413,287149,282860,8533,291393,3810
2021-03-07,San Diego,073,3302833,266499,262965,13131,276096,3390
2021-03-07,San Francisco,075,870044,34555,34594,1091,35685,445
2021-03-07,San Joaquin,077,732212,67695,66252,2792,69044,1139
2021-03-07,San Luis Obispo,079,281455,19942,19614,565,20179,245
2021-03-07,San Mateo,081,765935,39909,39436,408,39844,329
2021-03-07,Santa Barbara,083,443738,32684,32218,1041,33259,425
2021-03-07,Santa Clara,085,1922200,111799,111745,591,112336,1752
2021-03-07,Santa Cruz,087,273765,15568,14715,774,15489,189
2021-03-07,Shasta,089,179085,11049,11083,1269,12352,156
2021-03-07,Sierra,091,2930,51,48,12,60,0
2021-03-07,Siskiyou,093,43540,1537,1435,236,1671,5
2021-03-07,Solano,095,438530,30158,30027,371,30398,169
2021-03-07,Sonoma,097,501317,28447,28533,222,28755,284
2021-03-07,Stanislaus,099,539301,51383,50783,5367,56150,699
2021-03-07,Sutter,101,95872,8914,8900,79,8979,100
2021-03-07,Tehama,103,63373,4646,4614,489,5103,33
2021-03-07,Trinity,105,12862,468,302,77,379,3
2021-03-07,Tulare,107,460477,48674,47569,8116,55685,790
2021-03-07,Tuolumne,109,53932,3874,3922,37,3959,56
2021-03-07,Ventura,111,848112,78701,78487,2770,81257,851
2021-03-07,Yolo,113,214977,13032,12988,151,13139,189
2021-03-07,Yuba,115,75493,5588,5516,86,5602,42
2021-03-06,Alameda,001,1643700,81834,81310,1706,83016,1143
2021-03-06,Alpine,003,1148,82,78,0,78,0
2021-03-06,Amador,005,37829,3491,3487,31,3518,42
2021-03-06,Butte,007,227075,11440,11065,1642,12707,185
2021-03-06,Calaveras,009,45235,1936,1904,11,1915,48
2021-03-06,Colusa,011,21464,1880,1874,270,2144,11
2021-03-06,Contra Costa,013,1133247,64019,63040,1076,64116,719
2021-03-06,Del Norte,015,27424,1050,1000,5,1005,5
2021-03-06,El Dorado,017,186661,9250,9166,605,9771,97
2021-03-06,Fresno,019,978130,97536,96366,7790,104156,1440
2021-03-06,Glenn,021,27897,2280,2241,496,2737,15
2021-03-06,Humboldt,023,135768,3281,3260,22,3282,31
2021-03-06,Imperial,025,180216,27339,27009,2472,29481,658
2021-03-06,Inyo,027,18085,1338,1312,9,1321,35
2021-03-06,Kern,029,883053,94149,92684,9857,102541,1082
2021-03-06,Kings,031,150075,22438,22094,977,23071,224
2021-03-06,Lake,033,64148,3234,3189,6,3195,42
2021-03-06,Lassen,035,31185,5131,5119,98,5217,1
2021-03-06,Los Angeles,037,10098052,1178458,1161745,38635,1200380,21843
2021-03-06,Madera,039,155013,15830,15646,845,16491,211
2021-03-06,Marin,041,260295,13389,13289,166,13455,213
2021-03-06,Mariposa,043,17540,378,376,5,381,5
2021-03-06,Mendocino,045,87422,3678,3579,73,3652,42
2021-03-06,Merced,047,269075,28827,28771,928,29699,399
2021-03-06,Modoc,049,8938,345,338,116,454,3
2021-03-06,Mono,051,14174,1192,1198,15,1213,3
2021-03-06,Monterey,053,433212,42142,41838,1674,43512,327
2021-03-06,Napa,055,140530,9133,9129,30,9159,75
2021-03-06,Nevada,057,99092,4102,4044,161,4205,66
2021-03-06,Orange,059,3164182,248459,246634,10223,256857,4165
2021-03-06,Placer,061,380077,20877,20030,1130,21160,239
2021-03-06,Plumas,063,18699,647,634,10,644,4
2021-03-06,Riverside,065,2383286,286943,280225,13325,293550,3781
2021-03-06,Sacramento,067,1510023,95699,94332,1278,95610,1436
2021-03-06,San Benito,069,59416,5769,5793,89,5882,61
2021-03-06,San Bernardino,071,2135413,287065,282737,8531,291268,3791
2021-03-06,San Diego,073,3302833,266312,262778,13114,275892,3385
2021-03-06,San Francisco,075,870044,34524,34560,1087,35647,435
2021-03-06,San Joaquin,077,732212,67621,66162,2782,68944,1138
2021-03-06,San Luis Obispo,079,281455,19922,19592,563,20155,245
2021-03-06,San Mateo,081,765935,39884,39384,408,39792,329
2021-03-06,Santa Barbara,083,443738,32654,32176,1041,33217,424
2021-03-06,Santa Clara,085,1922200,111704,111570,588,112158,1749
2021-03-06,Santa Cruz,087,273765,15557,14701,774,15475,188
2021-03-06,Shasta,089,179085,11040,11076,1267,12343,158
2021-03-06,Sierra,091,2930,51,48,12,60,0
2021-03-06,Siskiyou,093,43540,1535,1432,236,1668,5
2021-03-06,Solano,095,438530,30129,30000,370,30370,169
2021-03-06,Sonoma,097,501317,28424,28484,220,28704,284
2021-03-06,Stanislaus,099,539301,51313,50691,5361,56052,711
2021-03-06,Sutter,101,95872,8908,8887,79,8966,100
2021-03-06,Tehama,103,63373,4644,4610,486,5096,33
2021-03-06,Trinity,105,12862,468,302,77,379,3
2021-03-06,Tulare,107,460477,48642,47515,8088,55603,789
2021-03-06,Tuolumne,109,53932,3872,3920,37,3957,56
2021-03-06,Ventura,111,848112,78645,78439,2769,81208,848
2021-03-06,Yolo,113,214977,13026,12951,150,13101,189
2021-03-06,Yuba,115,75493,5579,5504,86,5590,42
2021-03-05,Alameda,001,1643700,81747,81215,1705,82920,1141
2021-03-05,Alpine,003,1148,82,78,0,78,0
2021-03-05,Amador,005,37829,3490,3484,31,3515,42
2021-03-05,Butte,007,227075,11429,11050,1641,12691,185
2021-03-05,Calaveras,009,45235,1933,1902,11,1913,48
2021-03-05,Colusa,011,21464,1880,1874,270,2144,11
2021-03-05,Contra Costa,013,1133247,63939,62886,1073,63959,711
2021-03-05,Del Norte,015,27424,1046,995,5,1000,5
2021-03-05,El Dorado,017,186661,9245,9150,604,9754,97
2021-03-05,Fresno,019,978130,97428,96184,7771,103955,1432
2021-03-05,Glenn,021,27897,2277,2241,495,2736,15
2021-03-05,Humboldt,023,135768,3274,3234,22,3256,31
2021-03-05,Imperial,025,180216,27329,26970,2463,29433,651
2021-03-05,Inyo,027,18085,1334,1309,9,1318,35
2021-03-05,Kern,029,883053,94108,92601,9844,102445,1076
2021-03-05,Kings,031,150075,22420,22063,976,23039,224
2021-03-05,Lake,033,64148,3232,3185,6,3191,42
2021-03-05,Lassen,035,31185,5131,5117,96,5213,1
2021-03-05,Los Angeles,037,10098052,1177967,1160688,38606,1199294,21745
2021-03-05,Madera,039,155013,15820,15624,843,16467,211
2021-03-05,Marin,041,260295,13377,13275,165,13440,215
2021-03-05,Mariposa,043,17540,378,375,5,380,4
2021-03-05,Mendocino,045,87422,3675,3577,73,3650,42
2021-03-05,Merced,047,269075,28794,28734,927,29661,399
2021-03-05,Modoc,049,8938,345,337,116,453,3
2021-03-05,Mono,051,14174,1191,1197,15,1212,3
2021-03-05,Monterey,053,433212,42129,41802,1674,43476,325
2021-03-05,Napa,055,140530,9125,9109,30,9139,75
2021-03-05,Nevada,057,99092,4099,4033,161,4194,66
2021-03-05,Orange,059,3164182,248346,246489,10210,256699,4108
2021-03-05,Placer,061,380077,20851,19973,1126,21099,239
2021-03-05,Plumas,063,18699,647,635,10,645,4
2021-03-05,Riverside,065,2383286,286832,280075,13320,293395,3781
2021-03-05,Sacramento,067,1510023,95603,94182,1271,95453,1430
2021-03-05,San Benito,069,59416,5766,5790,89,5879,61
2021-03-05,San Bernardino,071,2135413,286972,282640,8527,291167,3774
2021-03-05,San Diego,073,3302833,266079,262357,13097,275454,3371
2021-03-05,San Francisco,075,870044,34484,34526,1083,35609,430
2021-03-05,San Joaquin,077,732212,67541,66041,2773,68814,1133
2021-03-05,San Luis Obispo,079,281455,19901,19557,561,20118,244
2021-03-05,San Mateo,081,765935,39852,39305,408,39713,326
2021-03-05,Santa Barbara,083,443738,32617,32139,1036,33175,424
2021-03-05,Santa Clara,085,1922200,111609,111384,588,111972,1745
2021-03-05,Santa Cruz,087,273765,15546,14694,774,15468,188
2021-03-05,Shasta,089,179085,11028,11062,1261,12323,148
2021-03-05,Sierra,091,2930,51,48,12,60,0
2021-03-05,Siskiyou,093,43540,1530,1429,235,1664,5
2021-03-05,Solano,095,438530,30112,29951,368,30319,168
2021-03-05,Sonoma,097,501317,28398,28417,220,28637,279
2021-03-05,Stanislaus,099,539301,51262,50606,5351,55957,721
2021-03-05,Sutter,101,95872,8901,8876,79,8955,100
2021-03-05,Tehama,103,63373,4635,4606,486,5092,33
2021-03-05,Trinity,105,12862,468,302,77,379,3
2021-03-05,Tulare,107,460477,48613,47469,8069,55538,789
2021-03-05,Tuolumne,109,53932,3870,3917,37,3954,56
2021-03-05,Ventura,111,848112,78578,78368,2768,81136,839
2021-03-05,Yolo,113,214977,13014,12920,149,13069,188
2021-03-05,Yuba,115,75493,5567,5496,86,5582,42
2021-03-04,Alameda,001,1643700,81638,81115,1704,82819,1136
2021-03-04,Alpine,003,1148,82,78,0,78,0
2021-03-04,Amador,005,37829,3489,3480,31,3511,42
2021-03-04,Butte,007,227075,11422,11033,1640,12673,185
2021-03-04,Calaveras,009,45235,1932,1896,11,1907,48
2021-03-04,Colusa,011,21464,1878,1873,265,2138,11
2021-03-04,Contra Costa,013,1133247,63839,62789,1071,63860,708
2021-03-04,Del Norte,015,27424,1038,989,5,994,5
2021-03-04,El Dorado,017,186661,9230,9133,604,9737,97
2021-03-04,Fresno,019,978130,97264,96023,7752,103775,1422
2021-03-04,Glenn,021,27897,2270,2236,494,2730,15
2021-03-04,Humboldt,023,135768,3260,3212,22,3234,31
2021-03-04,Imperial,025,180216,27316,26946,2460,29406,646
2021-03-04,Inyo,027,18085,1331,1300,9,1309,35
2021-03-04,Kern,029,883053,94019,92525,9825,102350,1070
2021-03-04,Kings,031,150075,22394,22025,973,22998,224
2021-03-04,Lake,033,64148,3224,3181,6,3187,42
2021-03-04,Lassen,035,31185,5131,5116,96,5212,1
2021-03-04,Los Angeles,037,10098052,1177355,1159405,38556,1197961,21610
2021-03-04,Madera,039,155013,15785,15596,840,16436,208
2021-03-04,Marin,041,260295,13361,13240,162,13402,215
2021-03-04,Mariposa,043,17540,378,376,5,381,4
2021-03-04,Mendocino,045,87422,3672,3569,73,3642,42
2021-03-04,Merced,047,269075,28743,28671,925,29596,396
2021-03-04,Modoc,049,8938,344,336,116,452,3
2021-03-04,Mono,051,14174,1191,1197,15,1212,3
2021-03-04,Monterey,053,433212,42109,41771,1672,43443,325
2021-03-04,Napa,055,140530,9117,9094,30,9124,74
2021-03-04,Nevada,057,99092,4089,4020,161,4181,66
2021-03-04,Orange,059,3164182,248189,246354,10193,256547,4096
2021-03-04,Placer,061,380077,20819,19900,1120,21020,239
2021-03-04,Plumas,063,18699,647,634,10,644,4
2021-03-04,Riverside,065,2383286,286702,279871,13307,293178,3766
2021-03-04,Sacramento,067,1510023,95468,93982,1268,95250,1426
2021-03-04,San Benito,069,59416,5766,5781,89,5870,61
2021-03-04,San Bernardino,071,2135413,286841,282407,8523,290930,3757
2021-03-04,San Diego,073,3302833,265818,261858,13053,274911,3359
2021-03-04,San Francisco,075,870044,34449,34480,1080,35560,426
2021-03-04,San Joaquin,077,732212,67447,65931,2764,68695,1129
2021-03-04,San Luis Obispo,079,281455,19864,19520,559,20079,243
2021-03-04,San Mateo,081,765935,39808,39225,407,39632,322
2021-03-04,Santa Barbara,083,443738,32580,32090,1035,33125,423
2021-03-04,Santa Clara,085,1922200,111475,111194,586,111780,1723
2021-03-04,Santa Cruz,087,273765,15527,14669,774,15443,186
2021-03-04,Shasta,089,179085,11025,11050,1252,12302,150
2021-03-04,Sierra,091,2930,51,48,12,60,0
2021-03-04,Siskiyou,093,43540,1523,1427,235,1662,5
2021-03-04,Solano,095,438530,30085,29905,367,30272,168
2021-03-04,Sonoma,097,501317,28343,28379,219,28598,279
2021-03-04,Stanislaus,099,539301,51175,50521,5343,55864,731
2021-03-04,Sutter,101,95872,8889,8849,79,8928,100
2021-03-04,Tehama,103,63373,4627,4604,486,5090,33
2021-03-04,Trinity,105,12862,468,302,77,379,3
2021-03-04,Tulare,107,460477,48568,47398,8044,55442,784
2021-03-04,Tuolumne,109,53932,3864,3916,37,3953,56
2021-03-04,Ventura,111,848112,78488,78184,2765,80949,831
2021-03-04,Yolo,113,214977,12994,12895,149,13044,189
2021-03-04,Yuba,115,75493,5555,5483,86,5569,41
2021-03-03,Alameda,001,1643700,81517,80972,1703,82675,1127
2021-03-03,Alpine,003,1148,82,77,0,77,0
2021-03-03,Amador,005,37829,3487,3478,30,3508,42
2021-03-03,Butte,007,227075,11414,11014,1639,12653,184
2021-03-03,Calaveras,009,45235,1931,1893,11,1904,48
2021-03-03,Colusa,011,21464,1877,1873,265,2138,11
2021-03-03,Contra Costa,013,1133247,63741,62668,1068,63736,708
2021-03-03,Del Norte,015,27424,1035,988,5,993,5
2021-03-03,El Dorado,017,186661,9220,9121,604,9725,97
2021-03-03,Fresno,019,978130,97120,95893,7735,103628,1415
2021-03-03,Glenn,021,27897,2270,2233,494,2727,15
2021-03-03,Humboldt,023,135768,3249,3196,22,3218,30
2021-03-03,Imperial,025,180216,27300,26939,2456,29395,640
2021-03-03,Inyo,027,18085,1323,1294,9,1303,35
2021-03-03,Kern,029,883053,93943,92434,9808,102242,1063
2021-03-03,Kings,031,150075,22378,22009,972,22981,223
2021-03-03,Lake,033,64148,3217,3175,6,3181,40
2021-03-03,Lassen,035,31185,5131,5115,96,5211,1
2021-03-03,Los Angeles,037,10098052,1176716,1157911,38517,1196428,21500
2021-03-03,Madera,039,155013,15766,15553,834,16387,203
2021-03-03,Marin,041,260295,13347,13216,162,13378,214
2021-03-03,Mariposa,043,17540,377,376,5,381,4
2021-03-03,Mendocino,045,87422,3664,3564,73,3637,42
2021-03-03,Merced,047,269075,28691,28625,925,29550,393
2021-03-03,Modoc,049,8938,344,333,115,448,3
2021-03-03,Mono,051,14174,1191,1191,15,1206,3
2021-03-03,Monterey,053,433212,42077,41731,1669,43400,325
2021-03-03,Napa,055,140530,9109,9090,30,9120,72
2021-03-03,Nevada,057,99092,4079,4009,161,4170,66
2021-03-03,Orange,059,3164182,248044,246120,10179,256299,4072
2021-03-03,Placer,061,380077,20793,19851,1117,20968,239
2021-03-03,Plumas,063,18699,646,631,10,641,4
2021-03-03,Riverside,065,2383286,286568,279626,13301,292927,3735
2021-03-03,Sacramento,067,1510023,95307,93819,1260,95079,1419
2021-03-03,San Benito,069,59416,5765,5774,89,5863,61
2021-03-03,San Bernardino,071,2135413,286700,282138,8517,290655,3664
2021-03-03,San Diego,073,3302833,265554,261350,13022,274372,3342
2021-03-03,San Francisco,075,870044,34417,34443,1077,35520,426
2021-03-03,San Joaquin,077,732212,67334,65855,2757,68612,1115
2021-03-03,San Luis Obispo,079,281455,19838,19479,556,20035,241
2021-03-03,San Mateo,081,765935,39762,39189,406,39595,319
2021-03-03,Santa Barbara,083,443738,32542,32027,1035,33062,421
2021-03-03,Santa Clara,085,1922200,111321,110991,584,111575,1720
2021-03-03,Santa Cruz,087,273765,15516,14645,774,15419,185
2021-03-03,Shasta,089,179085,11015,11023,1245,12268,150
2021-03-03,Sierra,091,2930,51,48,12,60,0
2021-03-03,Siskiyou,093,43540,1521,1424,235,1659,5
2021-03-03,Solano,095,438530,30049,29866,366,30232,167
2021-03-03,Sonoma,097,501317,28304,28307,218,28525,279
2021-03-03,Stanislaus,099,539301,51097,50438,5336,55774,730
2021-03-03,Sutter,101,95872,8881,8840,79,8919,99
2021-03-03,Tehama,103,63373,4625,4601,486,5087,32
2021-03-03,Trinity,105,12862,468,302,77,379,3
2021-03-03,Tulare,107,460477,48517,47348,8015,55363,778
2021-03-03,Tuolumne,109,53932,3862,3914,36,3950,56
2021-03-03,Ventura,111,848112,78404,78057,2760,80817,822
2021-03-03,Yolo,113,214977,12981,12890,149,13039,189
2021-03-03,Yuba,115,75493,5542,5479,86,5565,41
2021-03-02,Alameda,001,1643700,81395,80904,1701,82605,1116
2021-03-02,Alpine,003,1148,82,77,0,77,0
2021-03-02,Amador,005,37829,3485,3474,30,3504,42
2021-03-02,Butte,007,227075,11404,11007,1636,12643,182
2021-03-02,Calaveras,009,45235,1923,1890,11,1901,48
2021-03-02,Colusa,011,21464,1877,1872,264,2136,11
2021-03-02,Contra Costa,013,1133247,63630,62557,1064,63621,694
2021-03-02,Del Norte,015,27424,1028,983,5,988,5
2021-03-02,El Dorado,017,186661,9212,9116,604,9720,98
2021-03-02,Fresno,019,978130,96974,95785,7709,103494,1410
2021-03-02,Glenn,021,27897,2264,2232,493,2725,15
2021-03-02,Humboldt,023,135768,3230,3184,22,3206,30
2021-03-02,Imperial,025,180216,27290,26926,2454,29380,637
2021-03-02,Inyo,027,18085,1319,1292,9,1301,35
2021-03-02,Kern,029,883053,93837,92313,9781,102094,1046
2021-03-02,Kings,031,150075,22326,21999,969,22968,217
2021-03-02,Lake,033,64148,3211,3169,6,3175,40
2021-03-02,Lassen,035,31185,5126,5115,95,5210,1
2021-03-02,Los Angeles,037,10098052,1176079,1156826,38472,1195298,21395
2021-03-02,Madera,039,155013,15746,15523,831,16354,194
2021-03-02,Marin,041,260295,13324,13186,161,13347,214
2021-03-02,Mariposa,043,17540,377,376,5,381,4
2021-03-02,Mendocino,045,87422,3661,3562,72,3634,41
2021-03-02,Merced,047,269075,28634,28598,925,29523,389
2021-03-02,Modoc,049,8938,344,332,115,447,3
2021-03-02,Mono,051,14174,1190,1191,15,1206,3
2021-03-02,Monterey,053,433212,42050,41716,1669,43385,325
2021-03-02,Napa,055,140530,9098,9080,30,9110,71
2021-03-02,Nevada,057,99092,4070,3983,160,4143,66
2021-03-02,Orange,059,3164182,247899,246004,10161,256165,4037
2021-03-02,Placer,061,380077,20740,19828,1114,20942,239
2021-03-02,Plumas,063,18699,643,628,10,638,4
2021-03-02,Riverside,065,2383286,286395,279486,13293,292779,3721
2021-03-02,Sacramento,067,1510023,95140,93690,1259,94949,1411
2021-03-02,San Benito,069,59416,5758,5770,89,5859,60
2021-03-02,San Bernardino,071,2135413,286566,281919,8511,290430,3604
2021-03-02,San Diego,073,3302833,265310,260998,13000,273998,3317
2021-03-02,San Francisco,075,870044,34377,34387,1073,35460,424
2021-03-02,San Joaquin,077,732212,67226,65769,2740,68509,1111
2021-03-02,San Luis Obispo,079,281455,19806,19452,556,20008,241
2021-03-02,San Mateo,081,765935,39710,39148,405,39553,317
2021-03-02,Santa Barbara,083,443738,32493,31964,1031,32995,416
2021-03-02,Santa Clara,085,1922200,111142,110832,583,111415,1706
2021-03-02,Santa Cruz,087,273765,15502,14611,772,15383,185
2021-03-02,Shasta,089,179085,11001,11012,1234,12246,149
2021-03-02,Sierra,091,2930,51,48,12,60,0
2021-03-02,Siskiyou,093,43540,1517,1412,233,1645,5
2021-03-02,Solano,095,438530,30016,29827,364,30191,167
2021-03-02,Sonoma,097,501317,28249,28261,218,28479,279
2021-03-02,Stanislaus,099,539301,51010,50359,5324,55683,724
2021-03-02,Sutter,101,95872,8872,8832,79,8911,99
2021-03-02,Tehama,103,63373,4621,4597,485,5082,32
2021-03-02,Trinity,105,12862,468,301,77,378,3
2021-03-02,Tulare,107,460477,48454,47326,7995,55321,783
2021-03-02,Tuolumne,109,53932,3858,3908,36,3944,53
2021-03-02,Ventura,111,848112,78311,77952,2756,80708,780
2021-03-02,Yolo,113,214977,12965,12867,149,13016,189
2021-03-02,Yuba,115,75493,5534,5475,86,5561,41
2021-03-01,Alameda,001,1643700,81268,80805,1699,82504,1105
2021-03-01,Alpine,003,1148,80,77,0,77,0
2021-03-01,Amador,005,37829,3482,3469,30,3499,42
2021-03-01,Butte,007,227075,11389,10981,1632,12613,180
2021-03-01,Calaveras,009,45235,1918,1885,11,1896,46
2021-03-01,Colusa,011,21464,1876,1871,264,2135,11
2021-03-01,Contra Costa,013,1133247,63522,62458,1063,63521,694
2021-03-01,Del Norte,015,27424,1023,982,5,987,5
2021-03-01,El Dorado,017,186661,9188,9085,604,9689,98
2021-03-01,Fresno,019,978130,96836,95677,7686,103363,1405
2021-03-01,Glenn,021,27897,2259,2232,492,2724,15
2021-03-01,Humboldt,023,135768,3211,3179,22,3201,30
2021-03-01,Imperial,025,180216,27280,26913,2446,29359,636
2021-03-01,Inyo,027,18085,1316,1285,9,1294,35
2021-03-01,Kern,029,883053,93748,92219,9755,101974,1041
2021-03-01,Kings,031,150075,22309,21988,963,22951,217
2021-03-01,Lake,033,64148,3206,3164,6,3170,40
2021-03-01,Lassen,035,31185,5124,5111,95,5206,1
2021-03-01,Los Angeles,037,10098052,1175419,1155984,38432,1194416,21293
2021-03-01,Madera,039,155013,15717,15505,821,16326,194
2021-03-01,Marin,041,260295,13296,13161,160,13321,214
2021-03-01,Mariposa,043,17540,377,375,5,380,4
2021-03-01,Mendocino,045,87422,3654,3561,72,3633,41
2021-03-01,Merced,047,269075,28589,28575,921,29496,385
2021-03-01,Modoc,049,8938,341,331,114,445,3
2021-03-01,Mono,051,14174,1189,1192,15,1207,3
2021-03-01,Monterey,053,433212,42025,41697,1667,43364,324
2021-03-01,Napa,055,140530,9090,9056,30,9086,70
2021-03-01,Nevada,057,99092,4051,3979,160,4139,66
2021-03-01,Orange,059,3164182,247706,245852,10147,255999,3976
2021-03-01,Placer,061,380077,20701,19803,1111,20914,239
2021-03-01,Plumas,063,18699,643,628,10,638,4
2021-03-01,Riverside,065,2383286,286177,279323,13286,292609,3680
2021-03-01,Sacramento,067,1510023,94995,93546,1257,94803,1401
2021-03-01,San Benito,069,59416,5753,5772,89,5861,57
2021-03-01,San Bernardino,071,2135413,286422,281685,8507,290192,3603
2021-03-01,San Diego,073,3302833,264993,260622,12967,273589,3303
2021-03-01,San Francisco,075,870044,34333,34318,1065,35383,424
2021-03-01,San Joaquin,077,732212,67117,65699,2730,68429,1097
2021-03-01,San Luis Obispo,079,281455,19784,19429,554,19983,239
2021-03-01,San Mateo,081,765935,39658,39096,405,39501,314
2021-03-01,Santa Barbara,083,443738,32450,31909,1030,32939,413
2021-03-01,Santa Clara,085,1922200,110983,110684,580,111264,1704
2021-03-01,Santa Cruz,087,273765,15483,14575,771,15346,185
2021-03-01,Shasta,089,179085,10989,10990,1231,12221,149
2021-03-01,Sierra,091,2930,51,48,12,60,0
2021-03-01,Siskiyou,093,43540,1513,1408,231,1639,5
2021-03-01,Solano,095,438530,29973,29779,363,30142,166
2021-03-01,Sonoma,097,501317,28201,28222,216,28438,278
2021-03-01,Stanislaus,099,539301,50935,50293,5318,55611,722
2021-03-01,Sutter,101,95872,8861,8825,79,8904,99
2021-03-01,Tehama,103,63373,4615,4595,485,5080,32
2021-03-01,Trinity,105,12862,468,298,76,374,3
2021-03-01,Tulare,107,460477,48416,47275,7962,55237,781
2021-03-01,Tuolumne,109,53932,3855,3907,36,3943,53
2021-03-01,Ventura,111,848112,78230,77849,2755,80604,775
2021-03-01,Yolo,113,214977,12948,12854,147,13001,188
2021-03-01,Yuba,115,75493,5522,5466,86,5552,41
2021-02-28,Alameda,001,1643700,81147,80727,1697,82424,1105
2021-02-28,Alpine,003,1148,80,77,0,77,0
2021-02-28,Amador,005,37829,3477,3466,29,3495,42
2021-02-28,Butte,007,227075,11374,10970,1632,12602,180
2021-02-28,Calaveras,009,45235,1914,1881,11,1892,46
2021-02-28,Colusa,011,21464,1876,1871,263,2134,11
2021-02-28,Contra Costa,013,1133247,63395,62386,1058,63444,694
2021-02-28,Del Norte,015,27424,1021,981,5,986,5
2021-02-28,El Dorado,017,186661,9177,9082,604,9686,98
2021-02-28,Fresno,019,978130,96654,95548,7652,103200,1405
2021-02-28,Glenn,021,27897,2257,2230,490,2720,15
2021-02-28,Humboldt,023,135768,3188,3179,22,3201,30
2021-02-28,Imperial,025,180216,27254,26909,2442,29351,636
2021-02-28,Inyo,027,18085,1311,1282,9,1291,35
2021-02-28,Kern,029,883053,93633,92169,9735,101904,1012
2021-02-28,Kings,031,150075,22288,21967,962,22929,217
2021-02-28,Lake,033,64148,3201,3164,6,3170,40
2021-02-28,Lassen,035,31185,5123,5106,95,5201,1
2021-02-28,Los Angeles,037,10098052,1174630,1155141,38370,1193511,21261
2021-02-28,Madera,039,155013,15675,15496,818,16314,199
2021-02-28,Marin,041,260295,13273,13152,158,13310,214
2021-02-28,Mariposa,043,17540,377,374,5,379,4
2021-02-28,Mendocino,045,87422,3648,3558,72,3630,41
2021-02-28,Merced,047,269075,28526,28546,920,29466,384
2021-02-28,Modoc,049,8938,341,331,114,445,3
2021-02-28,Mono,051,14174,1186,1192,15,1207,3
2021-02-28,Monterey,053,433212,41993,41683,1665,43348,323
2021-02-28,Napa,055,140530,9071,9053,30,9083,70
2021-02-28,Nevada,057,99092,4038,3972,160,4132,66
2021-02-28,Orange,059,3164182,247509,245706,10140,255846,3970
2021-02-28,Placer,061,380077,20655,19775,1109,20884,239
2021-02-28,Plumas,063,18699,643,628,10,638,4
2021-02-28,Riverside,065,2383286,285944,279214,13275,292489,3661
2021-02-28,Sacramento,067,1510023,94811,93463,1252,94715,1398
2021-02-28,San Benito,069,59416,5742,5772,89,5861,57
2021-02-28,San Bernardino,071,2135413,286280,281620,8495,290115,3595
2021-02-28,San Diego,073,3302833,264696,260353,12933,273286,3303
2021-02-28,San Francisco,075,870044,34291,34291,1059,35350,417
2021-02-28,San Joaquin,077,732212,67009,65662,2721,68383,1097
2021-02-28,San Luis Obispo,079,281455,19748,19422,552,19974,237
2021-02-28,San Mateo,081,765935,39605,39059,404,39463,314
2021-02-28,Santa Barbara,083,443738,32398,31877,1030,32907,413
2021-02-28,Santa Clara,085,1922200,110784,110556,577,111133,1704
2021-02-28,Santa Cruz,087,273765,15454,14571,768,15339,185
2021-02-28,Shasta,089,179085,10968,10990,1227,12217,149
2021-02-28,Sierra,091,2930,51,48,12,60,0
2021-02-28,Siskiyou,093,43540,1505,1408,231,1639,5
2021-02-28,Solano,095,438530,29918,29758,357,30115,166
2021-02-28,Sonoma,097,501317,28138,28193,215,28408,279
2021-02-28,Stanislaus,099,539301,50844,50228,5306,55534,728
2021-02-28,Sutter,101,95872,8846,8825,79,8904,99
2021-02-28,Tehama,103,63373,4610,4590,485,5075,32
2021-02-28,Trinity,105,12862,468,298,76,374,3
2021-02-28,Tulare,107,460477,48354,47258,7931,55189,780
2021-02-28,Tuolumne,109,53932,3850,3905,36,3941,53
2021-02-28,Ventura,111,848112,78118,77749,2752,80501,775
2021-02-28,Yolo,113,214977,12925,12851,147,12998,188
2021-02-28,Yuba,115,75493,5512,5461,86,5547,41
2021-02-27,Alameda,001,1643700,81074,80565,1695,82260,1108
2021-02-27,Alpine,003,1148,80,77,0,77,0
2021-02-27,Amador,005,37829,3475,3463,29,3492,42
2021-02-27,Butte,007,227075,11362,10962,1632,12594,180
2021-02-27,Calaveras,009,45235,1909,1875,11,1886,46
2021-02-27,Colusa,011,21464,1875,1869,263,2132,11
2021-02-27,Contra Costa,013,1133247,63325,62248,1055,63303,693
2021-02-27,Del Norte,015,27424,1019,978,5,983,5
2021-02-27,El Dorado,017,186661,9173,9072,604,9676,98
2021-02-27,Fresno,019,978130,96577,95393,7641,103034,1400
2021-02-27,Glenn,021,27897,2256,2225,489,2714,15
2021-02-27,Humboldt,023,135768,3182,3167,22,3189,30
2021-02-27,Imperial,025,180216,27246,26903,2440,29343,633
2021-02-27,Inyo,027,18085,1308,1275,9,1284,35
2021-02-27,Kern,029,883053,93572,92053,9720,101773,996
2021-02-27,Kings,031,150075,22278,21955,959,22914,216
2021-02-27,Lake,033,64148,3198,3156,6,3162,40
2021-02-27,Lassen,035,31185,5123,5106,95,5201,1
2021-02-27,Los Angeles,037,10098052,1174128,1154275,38343,1192618,21158
2021-02-27,Madera,039,155013,15658,15467,817,16284,199
2021-02-27,Marin,041,260295,13249,13134,158,13292,214
2021-02-27,Mariposa,043,17540,377,374,5,379,4
2021-02-27,Mendocino,045,87422,3645,3555,72,3627,41
2021-02-27,Merced,047,269075,28484,28501,912,29413,384
2021-02-27,Modoc,049,8938,341,331,113,444,3
2021-02-27,Mono,051,14174,1184,1191,15,1206,3
2021-02-27,Monterey,053,433212,41984,41665,1664,43329,322
2021-02-27,Napa,055,140530,9060,9038,30,9068,71
2021-02-27,Nevada,057,99092,4032,3960,160,4120,66
2021-02-27,Orange,059,3164182,247382,245542,10129,255671,3960
2021-02-27,Placer,061,380077,20619,19726,1106,20832,239
2021-02-27,Plumas,063,18699,643,628,10,638,4
2021-02-27,Riverside,065,2383286,285834,279048,13265,292313,3663
2021-02-27,Sacramento,067,1510023,94728,93281,1242,94523,1396
2021-02-27,San Benito,069,59416,5741,5767,88,5855,57
2021-02-27,San Bernardino,071,2135413,286201,281471,8490,289961,3527
2021-02-27,San Diego,073,3302833,264506,260091,12895,272986,3284
2021-02-27,San Francisco,075,870044,34257,34260,1056,35316,413
2021-02-27,San Joaquin,077,732212,66963,65578,2719,68297,1100
2021-02-27,San Luis Obispo,079,281455,19727,19411,551,19962,237
2021-02-27,San Mateo,081,765935,39564,38998,403,39401,313
2021-02-27,Santa Barbara,083,443738,32364,31805,1029,32834,411
2021-02-27,Santa Clara,085,1922200,110636,110361,575,110936,1703
2021-02-27,Santa Cruz,087,273765,15445,14552,767,15319,185
2021-02-27,Shasta,089,179085,10962,10985,1223,12208,149
2021-02-27,Sierra,091,2930,51,48,12,60,0
2021-02-27,Siskiyou,093,43540,1503,1407,230,1637,5
2021-02-27,Solano,095,438530,29890,29718,356,30074,165
2021-02-27,Sonoma,097,501317,28094,28141,210,28351,281
2021-02-27,Stanislaus,099,539301,50789,50147,5296,55443,733
2021-02-27,Sutter,101,95872,8841,8820,79,8899,99
2021-02-27,Tehama,103,63373,4605,4584,484,5068,32
2021-02-27,Trinity,105,12862,468,298,76,374,3
2021-02-27,Tulare,107,460477,48317,47209,7905,55114,770
2021-02-27,Tuolumne,109,53932,3847,3899,36,3935,53
2021-02-27,Ventura,111,848112,78045,77623,2749,80372,771
2021-02-27,Yolo,113,214977,12913,12834,147,12981,188
2021-02-27,Yuba,115,75493,5509,5450,86,5536,39
2021-02-26,Alameda,001,1643700,80979,80387,1690,82077,1106
2021-02-26,Alpine,003,1148,80,77,0,77,0
2021-02-26,Amador,005,37829,3469,3457,29,3486,42
2021-02-26,Butte,007,227075,11352,10941,1632,12573,180
2021-02-26,Calaveras,009,45235,1907,1873,11,1884,46
2021-02-26,Colusa,011,21464,1875,1865,263,2128,11
2021-02-26,Contra Costa,013,1133247,63243,62114,1055,63169,685
2021-02-26,Del Norte,015,27424,1015,968,5,973,5
2021-02-26,El Dorado,017,186661,9168,9038,602,9640,98
2021-02-26,Fresno,019,978130,96475,95202,7633,102835,1391
2021-02-26,Glenn,021,27897,2253,2220,489,2709,15
2021-02-26,Humboldt,023,135768,3176,3152,22,3174,30
2021-02-26,Imperial,025,180216,27239,26888,2438,29326,631
2021-02-26,Inyo,027,18085,1306,1271,9,1280,34
2021-02-26,Kern,029,883053,93493,91884,9704,101588,997
2021-02-26,Kings,031,150075,22262,21917,956,22873,216
2021-02-26,Lake,033,64148,3193,3153,6,3159,40
2021-02-26,Lassen,035,31185,5123,5102,95,5197,1
2021-02-26,Los Angeles,037,10098052,1173551,1153131,38283,1191414,21070
2021-02-26,Madera,039,155013,15642,15436,815,16251,199
2021-02-26,Marin,041,260295,13236,13091,158,13249,214
2021-02-26,Mariposa,043,17540,377,375,5,380,4
2021-02-26,Mendocino,045,87422,3640,3549,72,3621,41
2021-02-26,Merced,047,269075,28450,28455,911,29366,382
2021-02-26,Modoc,049,8938,340,330,113,443,3
2021-02-26,Mono,051,14174,1182,1191,15,1206,3
2021-02-26,Monterey,053,433212,41958,41607,1663,43270,322
2021-02-26,Napa,055,140530,9054,9014,30,9044,70
2021-02-26,Nevada,057,99092,4021,3952,160,4112,66
2021-02-26,Orange,059,3164182,247243,245278,10119,255397,3918
2021-02-26,Placer,061,380077,20593,19712,1100,20812,239
2021-02-26,Plumas,063,18699,643,628,10,638,4
2021-02-26,Riverside,065,2383286,285690,278772,13259,292031,3653
2021-02-26,Sacramento,067,1510023,94605,93180,1239,94419,1390
2021-02-26,San Benito,069,59416,5740,5759,88,5847,57
2021-02-26,San Bernardino,071,2135413,286101,281132,8488,289620,3461
2021-02-26,San Diego,073,3302833,264278,259641,12874,272515,3271
2021-02-26,San Francisco,075,870044,34227,34213,1053,35266,413
2021-02-26,San Joaquin,077,732212,66882,65492,2713,68205,1070
2021-02-26,San Luis Obispo,079,281455,19711,19359,549,19908,234
2021-02-26,San Mateo,081,765935,39519,38922,403,39325,313
2021-02-26,Santa Barbara,083,443738,32320,31724,1028,32752,410
2021-02-26,Santa Clara,085,1922200,110504,110168,573,110741,1700
2021-02-26,Santa Cruz,087,273765,15433,14528,766,15294,185
2021-02-26,Shasta,089,179085,10955,10972,1214,12186,149
2021-02-26,Sierra,091,2930,51,47,12,59,0
2021-02-26,Siskiyou,093,43540,1503,1401,229,1630,5
2021-02-26,Solano,095,438530,29856,29651,355,30006,165
2021-02-26,Sonoma,097,501317,28065,28063,209,28272,280
2021-02-26,Stanislaus,099,539301,50733,50054,5288,55342,737
2021-02-26,Sutter,101,95872,8832,8806,79,8885,99
2021-02-26,Tehama,103,63373,4603,4581,484,5065,32
2021-02-26,Trinity,105,12862,467,298,76,374,3
2021-02-26,Tulare,107,460477,48282,47135,7876,55011,770
2021-02-26,Tuolumne,109,53932,3846,3896,36,3932,53
2021-02-26,Ventura,111,848112,77945,77534,2745,80279,765
2021-02-26,Yolo,113,214977,12906,12816,147,12963,188
2021-02-26,Yuba,115,75493,5504,5438,86,5524,39
2021-02-25,Alameda,001,1643700,80858,80181,1689,81870,1093
2021-02-25,Alpine,003,1148,80,77,0,77,0
2021-02-25,Amador,005,37829,3466,3448,29,3477,41
2021-02-25,Butte,007,227075,11331,10922,1627,12549,178
2021-02-25,Calaveras,009,45235,1899,1868,11,1879,46
2021-02-25,Colusa,011,21464,1872,1863,262,2125,11
2021-02-25,Contra Costa,013,1133247,63141,61910,1055,62965,686
2021-02-25,Del Norte,015,27424,1005,966,5,971,5
2021-02-25,El Dorado,017,186661,9152,9012,602,9614,98
2021-02-25,Fresno,019,978130,96331,95015,7612,102627,1377
2021-02-25,Glenn,021,27897,2250,2219,488,2707,15
2021-02-25,Humboldt,023,135768,3169,3129,22,3151,30
2021-02-25,Imperial,025,180216,27232,26855,2434,29289,628
2021-02-25,Inyo,027,18085,1300,1264,9,1273,33
2021-02-25,Kern,029,883053,93377,91735,9679,101414,992
2021-02-25,Kings,031,150075,22253,21900,953,22853,216
2021-02-25,Lake,033,64148,3184,3141,6,3147,40
2021-02-25,Lassen,035,31185,5122,5097,94,5191,1
2021-02-25,Los Angeles,037,10098052,1172804,1151846,38225,1190071,20931
2021-02-25,Madera,039,155013,15607,15414,811,16225,194
2021-02-25,Marin,041,260295,13213,13067,158,13225,214
2021-02-25,Mariposa,043,17540,377,375,5,380,4
2021-02-25,Mendocino,045,87422,3635,3542,72,3614,41
2021-02-25,Merced,047,269075,28401,28383,909,29292,382
2021-02-25,Modoc,049,8938,340,329,113,442,3
2021-02-25,Mono,051,14174,1181,1190,15,1205,3
2021-02-25,Monterey,053,433212,41933,41564,1658,43222,321
2021-02-25,Napa,055,140530,9028,8998,30,9028,70
2021-02-25,Nevada,057,99092,4004,3940,159,4099,66
2021-02-25,Orange,059,3164182,247070,245000,10109,255109,3882
2021-02-25,Placer,061,380077,20554,19661,1098,20759,239
2021-02-25,Plumas,063,18699,643,626,10,636,4
2021-02-25,Riverside,065,2383286,285502,278544,13239,291783,3646
2021-02-25,Sacramento,067,1510023,94447,92961,1227,94188,1386
2021-02-25,San Benito,069,59416,5735,5752,88,5840,58
2021-02-25,San Bernardino,071,2135413,285966,280946,8480,289426,3409
2021-02-25,San Diego,073,3302833,263984,258979,12844,271823,3260
2021-02-25,San Francisco,075,870044,34184,34138,1051,35189,408
2021-02-25,San Joaquin,077,732212,66798,65389,2701,68090,1047
2021-02-25,San Luis Obispo,079,281455,19690,19335,547,19882,234
2021-02-25,San Mateo,081,765935,39472,38872,403,39275,300
2021-02-25,Santa Barbara,083,443738,32243,31631,1027,32658,408
2021-02-25,Santa Clara,085,1922200,110339,109923,572,110495,1677
2021-02-25,Santa Cruz,087,273765,15414,14492,765,15257,185
2021-02-25,Shasta,089,179085,10943,10947,1209,12156,148
2021-02-25,Sierra,091,2930,51,47,12,59,0
2021-02-25,Siskiyou,093,43540,1498,1390,226,1616,4
2021-02-25,Solano,095,438530,29824,29616,355,29971,161
2021-02-25,Sonoma,097,501317,28011,28004,206,28210,278
2021-02-25,Stanislaus,099,539301,50642,49964,5278,55242,738
2021-02-25,Sutter,101,95872,8818,8789,78,8867,99
2021-02-25,Tehama,103,63373,4600,4578,482,5060,32
2021-02-25,Trinity,105,12862,467,297,76,373,3
2021-02-25,Tulare,107,460477,48232,47052,7850,54902,765
2021-02-25,Tuolumne,109,53932,3843,3894,36,3930,53
2021-02-25,Ventura,111,848112,77837,77395,2739,80134,751
2021-02-25,Yolo,113,214977,12889,12787,147,12934,188
2021-02-25,Yuba,115,75493,5497,5429,86,5515,39
2021-02-24,Alameda,001,1643700,80738,80070,1685,81755,1082
2021-02-24,Alpine,003,1148,79,77,0,77,0
2021-02-24,Amador,005,37829,3461,3444,29,3473,41
2021-02-24,Butte,007,227075,11318,10915,1623,12538,178
2021-02-24,Calaveras,009,45235,1895,1864,11,1875,31
2021-02-24,Colusa,011,21464,1870,1863,262,2125,11
2021-02-24,Contra Costa,013,1133247,63033,61776,1055,62831,663
2021-02-24,Del Norte,015,27424,1004,960,4,964,5
2021-02-24,El Dorado,017,186661,9139,8993,602,9595,98
2021-02-24,Fresno,019,978130,96183,94794,7596,102390,1369
2021-02-24,Glenn,021,27897,2249,2210,488,2698,14
2021-02-24,Humboldt,023,135768,3157,3123,22,3145,29
2021-02-24,Imperial,025,180216,27219,26843,2429,29272,596
2021-02-24,Inyo,027,18085,1295,1253,9,1262,32
2021-02-24,Kern,029,883053,93244,91525,9663,101188,992
2021-02-24,Kings,031,150075,22228,21871,951,22822,216
2021-02-24,Lake,033,64148,3177,3134,6,3140,40
2021-02-24,Lassen,035,31185,5118,5095,93,5188,1
2021-02-24,Los Angeles,037,10098052,1172042,1150322,38186,1188508,20817
2021-02-24,Madera,039,155013,15580,15390,811,16201,194
2021-02-24,Marin,041,260295,13190,13044,157,13201,214
2021-02-24,Mariposa,043,17540,377,374,5,379,4
2021-02-24,Mendocino,045,87422,3628,3540,72,3612,41
2021-02-24,Merced,047,269075,28363,28295,905,29200,383
2021-02-24,Modoc,049,8938,339,329,113,442,3
2021-02-24,Mono,051,14174,1179,1189,15,1204,3
2021-02-24,Monterey,053,433212,41908,41495,1656,43151,320
2021-02-24,Napa,055,140530,9011,8976,30,9006,70
2021-02-24,Nevada,057,99092,3994,3927,159,4086,66
2021-02-24,Orange,059,3164182,246852,244743,10096,254839,3835
2021-02-24,Placer,061,380077,20515,19648,1092,20740,239
2021-02-24,Plumas,063,18699,641,626,10,636,4
2021-02-24,Riverside,065,2383286,285274,278293,13230,291523,3603
2021-02-24,Sacramento,067,1510023,94293,92742,1222,93964,1375
2021-02-24,San Benito,069,59416,5734,5743,88,5831,57
2021-02-24,San Bernardino,071,2135413,285813,280583,8476,289059,3360
2021-02-24,San Diego,073,3302833,263688,258460,12828,271288,3230
2021-02-24,San Francisco,075,870044,34138,34061,1048,35109,406
2021-02-24,San Joaquin,077,732212,66688,65274,2699,67973,1019
2021-02-24,San Luis Obispo,079,281455,19667,19309,545,19854,233
2021-02-24,San Mateo,081,765935,39435,38763,403,39166,300
2021-02-24,Santa Barbara,083,443738,32191,31563,1024,32587,405
2021-02-24,Santa Clara,085,1922200,110191,109671,571,110242,1674
2021-02-24,Santa Cruz,087,273765,15393,14458,765,15223,185
2021-02-24,Shasta,089,179085,10930,10922,1206,12128,148
2021-02-24,Sierra,091,2930,51,47,12,59,0
2021-02-24,Siskiyou,093,43540,1491,1385,222,1607,4
2021-02-24,Solano,095,438530,29785,29577,353,29930,158
2021-02-24,Sonoma,097,501317,27947,27954,202,28156,278
2021-02-24,Stanislaus,099,539301,50571,49851,5271,55122,732
2021-02-24,Sutter,101,95872,8808,8778,78,8856,99
2021-02-24,Tehama,103,63373,4597,4566,482,5048,31
2021-02-24,Trinity,105,12862,467,294,75,369,3
2021-02-24,Tulare,107,460477,48176,46976,7822,54798,759
2021-02-24,Tuolumne,109,53932,3840,3887,36,3923,53
2021-02-24,Ventura,111,848112,77729,77238,2738,79976,718
2021-02-24,Yolo,113,214977,12876,12760,147,12907,188
2021-02-24,Yuba,115,75493,5486,5425,84,5509,39
2021-02-23,Alameda,001,1643700,80600,79948,1683,81631,1070
2021-02-23,Alpine,003,1148,78,77,0,77,0
2021-02-23,Amador,005,37829,3459,3440,29,3469,41
2021-02-23,Butte,007,227075,11302,10887,1620,12507,176
2021-02-23,Calaveras,009,45235,1894,1863,11,1874,21
2021-02-23,Colusa,011,21464,1867,1862,262,2124,11
2021-02-23,Contra Costa,013,1133247,62899,61613,1052,62665,661
2021-02-23,Del Norte,015,27424,1002,953,4,957,3
2021-02-23,El Dorado,017,186661,9126,8969,602,9571,96
2021-02-23,Fresno,019,978130,96022,94741,7582,102323,1356
2021-02-23,Glenn,021,27897,2247,2209,488,2697,14
2021-02-23,Humboldt,023,135768,3140,3108,22,3130,29
2021-02-23,Imperial,025,180216,27199,26816,2424,29240,591
2021-02-23,Inyo,027,18085,1291,1250,9,1259,32
2021-02-23,Kern,029,883053,93105,91390,9635,101025,982
2021-02-23,Kings,031,150075,22213,21839,947,22786,216
2021-02-23,Lake,033,64148,3169,3121,6,3127,40
2021-02-23,Lassen,035,31185,5115,5092,93,5185,1
2021-02-23,Los Angeles,037,10098052,1171168,1148965,38134,1187099,19887
2021-02-23,Madera,039,155013,15566,15352,805,16157,193
2021-02-23,Marin,041,260295,13170,13015,156,13171,214
2021-02-23,Mariposa,043,17540,377,374,5,379,4
2021-02-23,Mendocino,045,87422,3626,3540,71,3611,41
2021-02-23,Merced,047,269075,28283,28209,898,29107,381
2021-02-23,Modoc,049,8938,338,328,112,440,3
2021-02-23,Mono,051,14174,1179,1189,15,1204,3
2021-02-23,Monterey,053,433212,41869,41439,1651,43090,317
2021-02-23,Napa,055,140530,8999,8967,30,8997,70
2021-02-23,Nevada,057,99092,3986,3912,159,4071,66
2021-02-23,Orange,059,3164182,246654,244566,10078,254644,3843
2021-02-23,Placer,061,380077,20490,19608,1088,20696,238
2021-02-23,Plumas,063,18699,640,626,10,636,4
2021-02-23,Riverside,065,2383286,285037,278075,13216,291291,3599
2021-02-23,Sacramento,067,1510023,94136,92632,1216,93848,1370
2021-02-23,San Benito,069,59416,5728,5731,87,5818,57
2021-02-23,San Bernardino,071,2135413,285625,280279,8471,288750,3283
2021-02-23,San Diego,073,3302833,263311,257802,12798,270600,3218
2021-02-23,San Francisco,075,870044,34089,33994,1047,35041,405
2021-02-23,San Joaquin,077,732212,66588,65141,2692,67833,1004
2021-02-23,San Luis Obispo,079,281455,19638,19233,544,19777,230
2021-02-23,San Mateo,081,765935,39374,38662,403,39065,299
2021-02-23,Santa Barbara,083,443738,32136,31483,1023,32506,402
2021-02-23,Santa Clara,085,1922200,109994,109449,568,110017,1661
2021-02-23,Santa Cruz,087,273765,15364,14435,763,15198,178
2021-02-23,Shasta,089,179085,10918,10903,1202,12105,146
2021-02-23,Sierra,091,2930,51,47,12,59,0
2021-02-23,Siskiyou,093,43540,1486,1380,220,1600,4
2021-02-23,Solano,095,438530,29745,29545,350,29895,154
2021-02-23,Sonoma,097,501317,27904,27882,199,28081,278
2021-02-23,Stanislaus,099,539301,50493,49749,5255,55004,722
2021-02-23,Sutter,101,95872,8795,8766,78,8844,98
2021-02-23,Tehama,103,63373,4591,4556,481,5037,30
2021-02-23,Trinity,105,12862,467,292,74,366,3
2021-02-23,Tulare,107,460477,48098,46937,7789,54726,757
2021-02-23,Tuolumne,109,53932,3836,3864,36,3900,53
2021-02-23,Ventura,111,848112,77613,77093,2729,79822,689
2021-02-23,Yolo,113,214977,12847,12729,147,12876,188
2021-02-23,Yuba,115,75493,5473,5417,83,5500,38
2021-02-22,Alameda,001,1643700,80449,79796,1679,81475,1062
2021-02-22,Alpine,003,1148,78,77,0,77,0
2021-02-22,Amador,005,37829,3454,3438,29,3467,39
2021-02-22,Butte,007,227075,11289,10855,1615,12470,176
2021-02-22,Calaveras,009,45235,1892,1862,11,1873,21
2021-02-22,Colusa,011,21464,1867,1860,262,2122,11
2021-02-22,Contra Costa,013,1133247,62771,61478,1051,62529,661
2021-02-22,Del Norte,015,27424,1001,948,4,952,3
2021-02-22,El Dorado,017,186661,9109,8940,602,9542,96
2021-02-22,Fresno,019,978130,95859,94584,7565,102149,1351
2021-02-22,Glenn,021,27897,2242,2207,486,2693,14
2021-02-22,Humboldt,023,135768,3128,3095,22,3117,29
2021-02-22,Imperial,025,180216,27177,26778,2417,29195,590
2021-02-22,Inyo,027,18085,1286,1248,9,1257,32
2021-02-22,Kern,029,883053,92988,91201,9613,100814,982
2021-02-22,Kings,031,150075,22190,21801,944,22745,214
2021-02-22,Lake,033,64148,3163,3107,6,3113,40
2021-02-22,Lassen,035,31185,5115,5088,92,5180,1
2021-02-22,Los Angeles,037,10098052,1170307,1147541,38077,1185618,19730
2021-02-22,Madera,039,155013,15541,15325,801,16126,193
2021-02-22,Marin,041,260295,13145,12991,153,13144,213
2021-02-22,Mariposa,043,17540,376,374,5,379,4
2021-02-22,Mendocino,045,87422,3620,3535,71,3606,41
2021-02-22,Merced,047,269075,28220,28166,895,29061,379
2021-02-22,Modoc,049,8938,338,329,112,441,3
2021-02-22,Mono,051,14174,1175,1189,15,1204,3
2021-02-22,Monterey,053,433212,41824,41397,1645,43042,311
2021-02-22,Napa,055,140530,8972,8950,30,8980,69
2021-02-22,Nevada,057,99092,3977,3900,157,4057,66
2021-02-22,Orange,059,3164182,246418,244118,10060,254178,3843
2021-02-22,Placer,061,380077,20453,19587,1080,20667,238
2021-02-22,Plumas,063,18699,640,625,10,635,4
2021-02-22,Riverside,065,2383286,284775,277730,13208,290938,3567
2021-02-22,Sacramento,067,1510023,93969,92476,1206,93682,1359
2021-02-22,San Benito,069,59416,5726,5723,87,5810,57
2021-02-22,San Bernardino,071,2135413,285448,279984,8458,288442,3259
2021-02-22,San Diego,073,3302833,262901,257348,12765,270113,3189
2021-02-22,San Francisco,075,870044,34029,33947,1042,34989,405
2021-02-22,San Joaquin,077,732212,66492,65060,2679,67739,1001
2021-02-22,San Luis Obispo,079,281455,19601,19198,542,19740,229
2021-02-22,San Mateo,081,765935,39317,38542,400,38942,282
2021-02-22,Santa Barbara,083,443738,32070,31421,1020,32441,399
2021-02-22,Santa Clara,085,1922200,109785,109213,557,109770,1655
2021-02-22,Santa Cruz,087,273765,15338,14417,763,15180,176
2021-02-22,Shasta,089,179085,10903,10872,1197,12069,145
2021-02-22,Sierra,091,2930,51,47,12,59,0
2021-02-22,Siskiyou,093,43540,1480,1373,219,1592,4
2021-02-22,Solano,095,438530,29706,29508,349,29857,150
2021-02-22,Sonoma,097,501317,27859,27845,198,28043,278
2021-02-22,Stanislaus,099,539301,50391,49630,5237,54867,722
2021-02-22,Sutter,101,95872,8787,8698,78,8776,98
2021-02-22,Tehama,103,63373,4588,4550,480,5030,30
2021-02-22,Trinity,105,12862,467,287,73,360,3
2021-02-22,Tulare,107,460477,48036,46879,7757,54636,751
2021-02-22,Tuolumne,109,53932,3832,3856,36,3892,53
2021-02-22,Ventura,111,848112,77485,76947,2724,79671,677
2021-02-22,Yolo,113,214977,12820,12689,147,12836,183
2021-02-22,Yuba,115,75493,5470,5404,82,5486,38
2021-02-21,Alameda,001,1643700,80255,79649,1675,81324,1061
2021-02-21,Alpine,003,1148,78,77,0,77,0
2021-02-21,Amador,005,37829,3446,3435,29,3464,39
2021-02-21,Butte,007,227075,11271,10855,1613,12468,176
2021-02-21,Calaveras,009,45235,1891,1860,11,1871,21
2021-02-21,Colusa,011,21464,1866,1860,258,2118,11
2021-02-21,Contra Costa,013,1133247,62616,61364,1048,62412,661
2021-02-21,Del Norte,015,27424,995,942,4,946,3
2021-02-21,El Dorado,017,186661,9091,8927,601,9528,96
2021-02-21,Fresno,019,978130,95716,94374,7549,101923,1349
2021-02-21,Glenn,021,27897,2240,2201,484,2685,14
2021-02-21,Humboldt,023,135768,3116,3096,22,3118,29
2021-02-21,Imperial,025,180216,27163,26779,2415,29194,590
2021-02-21,Inyo,027,18085,1280,1232,9,1241,32
2021-02-21,Kern,029,883053,92863,91141,9575,100716,980
2021-02-21,Kings,031,150075,22154,21784,942,22726,213
2021-02-21,Lake,033,64148,3155,3100,6,3106,40
2021-02-21,Lassen,035,31185,5107,5077,92,5169,1
2021-02-21,Los Angeles,037,10098052,1169265,1146756,38033,1184789,19711
2021-02-21,Madera,039,155013,15508,15298,798,16096,192
2021-02-21,Marin,041,260295,13116,12968,153,13121,212
2021-02-21,Mariposa,043,17540,376,373,5,378,4
2021-02-21,Mendocino,045,87422,3615,3535,71,3606,41
2021-02-21,Merced,047,269075,28146,28106,880,28986,379
2021-02-21,Modoc,049,8938,335,329,112,441,3
2021-02-21,Mono,051,14174,1175,1189,15,1204,3
2021-02-21,Monterey,053,433212,41768,41373,1638,43011,309
2021-02-21,Napa,055,140530,8958,8929,30,8959,69
2021-02-21,Nevada,057,99092,3964,3895,157,4052,66
2021-02-21,Orange,059,3164182,246121,243985,10043,254028,3801
2021-02-21,Placer,061,380077,20417,19553,1076,20629,238
2021-02-21,Plumas,063,18699,640,625,10,635,4
2021-02-21,Riverside,065,2383286,284542,277555,13195,290750,3564
2021-02-21,Sacramento,067,1510023,93759,92288,1196,93484,1354
2021-02-21,San Benito,069,59416,5716,5716,84,5800,57
2021-02-21,San Bernardino,071,2135413,285224,279870,8444,288314,3247
2021-02-21,San Diego,073,3302833,262467,257027,12719,269746,3190
2021-02-21,San Francisco,075,870044,33965,33891,1038,34929,405
2021-02-21,San Joaquin,077,732212,66353,64997,2667,67664,1001
2021-02-21,San Luis Obispo,079,281455,19568,19178,540,19718,229
2021-02-21,San Mateo,081,765935,39255,38448,396,38844,282
2021-02-21,Santa Barbara,083,443738,32008,31374,1017,32391,399
2021-02-21,Santa Clara,085,1922200,109559,108992,549,109541,1654
2021-02-21,Santa Cruz,087,273765,15315,14401,762,15163,176
2021-02-21,Shasta,089,179085,10889,10867,1192,12059,145
2021-02-21,Sierra,091,2930,51,47,12,59,0
2021-02-21,Siskiyou,093,43540,1474,1371,219,1590,4
2021-02-21,Solano,095,438530,29651,29471,348,29819,150
2021-02-21,Sonoma,097,501317,27795,27793,191,27984,278
2021-02-21,Stanislaus,099,539301,50278,49527,5223,54750,726
2021-02-21,Sutter,101,95872,8770,8687,77,8764,97
2021-02-21,Tehama,103,63373,4579,4547,480,5027,30
2021-02-21,Trinity,105,12862,465,286,73,359,3
2021-02-21,Tulare,107,460477,47968,46830,7722,54552,749
2021-02-21,Tuolumne,109,53932,3818,3828,36,3864,53
2021-02-21,Ventura,111,848112,77336,76862,2711,79573,677
2021-02-21,Yolo,113,214977,12789,12670,146,12816,183
2021-02-21,Yuba,115,75493,5462,5396,81,5477,38
2021-02-20,Alameda,001,1643700,80164,79496,1670,81166,1055
2021-02-20,Alpine,003,1148,78,77,0,77,0
2021-02-20,Amador,005,37829,3444,3432,29,3461,39
2021-02-20,Butte,007,227075,11263,10838,1612,12450,176
2021-02-20,Calaveras,009,45235,1890,1858,11,1869,21
2021-02-20,Colusa,011,21464,1865,1858,258,2116,11
2021-02-20,Contra Costa,013,1133247,62532,61205,1046,62251,663
2021-02-20,Del Norte,015,27424,991,937,4,941,3
2021-02-20,El Dorado,017,186661,9081,8911,600,9511,96
2021-02-20,Fresno,019,978130,95633,94234,7529,101763,1341
2021-02-20,Glenn,021,27897,2236,2199,483,2682,14
2021-02-20,Humboldt,023,135768,3108,3073,22,3095,29
2021-02-20,Imperial,025,180216,27153,26771,2415,29186,590
2021-02-20,Inyo,027,18085,1276,1226,9,1235,32
2021-02-20,Kern,029,883053,92792,91025,9543,100568,968
2021-02-20,Kings,031,150075,22136,21773,941,22714,212
2021-02-20,Lake,033,64148,3148,3089,6,3095,40
2021-02-20,Lassen,035,31185,5105,5067,92,5159,1
2021-02-20,Los Angeles,037,10098052,1168695,1145594,37993,1183587,19630
2021-02-20,Madera,039,155013,15488,15274,797,16071,191
2021-02-20,Marin,041,260295,13095,12945,151,13096,211
2021-02-20,Mariposa,043,17540,376,372,5,377,4
2021-02-20,Mendocino,045,87422,3613,3533,71,3604,40
2021-02-20,Merced,047,269075,28103,28066,877,28943,379
2021-02-20,Modoc,049,8938,335,328,112,440,3
2021-02-20,Mono,051,14174,1174,1187,15,1202,3
2021-02-20,Monterey,053,433212,41746,41313,1636,42949,309
2021-02-20,Napa,055,140530,8949,8910,30,8940,69
2021-02-20,Nevada,057,99092,3954,3887,156,4043,66
2021-02-20,Orange,059,3164182,245952,243761,10029,253790,3755
2021-02-20,Placer,061,380077,20376,19509,1072,20581,236
2021-02-20,Plumas,063,18699,640,626,10,636,4
2021-02-20,Riverside,065,2383286,284388,277267,13186,290453,3559
2021-02-20,Sacramento,067,1510023,93636,92057,1194,93251,1352
2021-02-20,San Benito,069,59416,5705,5709,84,5793,57
2021-02-20,San Bernardino,071,2135413,285122,279608,8439,288047,3203
2021-02-20,San Diego,073,3302833,262225,256510,12690,269200,3188
2021-02-20,San Francisco,075,870044,33923,33820,1030,34850,399
2021-02-20,San Joaquin,077,732212,66283,64916,2662,67578,1001
2021-02-20,San Luis Obispo,079,281455,19544,19138,539,19677,229
2021-02-20,San Mateo,081,765935,39211,38371,395,38766,282
2021-02-20,Santa Barbara,083,443738,31974,31289,1016,32305,396
2021-02-20,Santa Clara,085,1922200,109381,108728,546,109274,1649
2021-02-20,Santa Cruz,087,273765,15304,14378,760,15138,176
2021-02-20,Shasta,089,179085,10875,10850,1187,12037,146
2021-02-20,Sierra,091,2930,51,47,12,59,0
2021-02-20,Siskiyou,093,43540,1471,1366,219,1585,4
2021-02-20,Solano,095,438530,29637,29440,346,29786,150
2021-02-20,Sonoma,097,501317,27766,27703,189,27892,278
2021-02-20,Stanislaus,099,539301,50227,49445,5209,54654,733
2021-02-20,Sutter,101,95872,8764,8681,77,8758,97
2021-02-20,Tehama,103,63373,4574,4545,480,5025,30
2021-02-20,Trinity,105,12862,464,285,72,357,3
2021-02-20,Tulare,107,460477,47932,46769,7700,54469,739
2021-02-20,Tuolumne,109,53932,3813,3823,36,3859,53
2021-02-20,Ventura,111,848112,77241,76757,2708,79465,671
2021-02-20,Yolo,113,214977,12775,12639,146,12785,183
2021-02-20,Yuba,115,75493,5459,5386,81,5467,38
2021-02-19,Alameda,001,1643700,80064,79318,1666,80984,1047
2021-02-19,Alpine,003,1148,78,77,0,77,0
2021-02-19,Amador,005,37829,3440,3427,29,3456,39
2021-02-19,Butte,007,227075,11249,10823,1605,12428,176
2021-02-19,Calaveras,009,45235,1889,1856,11,1867,21
2021-02-19,Colusa,011,21464,1865,1858,258,2116,11
2021-02-19,Contra Costa,013,1133247,62420,61017,1043,62060,651
2021-02-19,Del Norte,015,27424,986,932,4,936,2
2021-02-19,El Dorado,017,186661,9072,8882,599,9481,96
2021-02-19,Fresno,019,978130,95503,93973,7513,101486,1330
2021-02-19,Glenn,021,27897,2231,2199,482,2681,14
2021-02-19,Humboldt,023,135768,3096,3037,22,3059,29
2021-02-19,Imperial,025,180216,27147,26751,2412,29163,589
2021-02-19,Inyo,027,18085,1271,1212,9,1221,32
2021-02-19,Kern,029,883053,92723,90807,9503,100310,963
2021-02-19,Kings,031,150075,22122,21724,939,22663,211
2021-02-19,Lake,033,64148,3142,3078,6,3084,40
2021-02-19,Lassen,035,31185,5104,5057,92,5149,1
2021-02-19,Los Angeles,037,10098052,1167944,1143828,37953,1181781,19498
2021-02-19,Madera,039,155013,15471,15222,795,16017,188
2021-02-19,Marin,041,260295,13077,12919,150,13069,210
2021-02-19,Mariposa,043,17540,376,371,5,376,4
2021-02-19,Mendocino,045,87422,3611,3526,71,3597,39
2021-02-19,Merced,047,269075,28073,27985,874,28859,376
2021-02-19,Modoc,049,8938,335,328,112,440,3
2021-02-19,Mono,051,14174,1174,1186,15,1201,3
2021-02-19,Monterey,053,433212,41719,41209,1632,42841,309
2021-02-19,Napa,055,140530,8936,8899,30,8929,69
2021-02-19,Nevada,057,99092,3948,3863,156,4019,66
2021-02-19,Orange,059,3164182,245776,243397,10017,253414,3715
2021-02-19,Placer,061,380077,20354,19457,1072,20529,236
2021-02-19,Plumas,063,18699,638,624,10,634,4
2021-02-19,Riverside,065,2383286,284219,276941,13169,290110,3541
2021-02-19,Sacramento,067,1510023,93516,91815,1190,93005,1351
2021-02-19,San Benito,069,59416,5700,5699,84,5783,57
2021-02-19,San Bernardino,071,2135413,284986,279209,8434,287643,3117
2021-02-19,San Diego,073,3302833,261934,255799,12667,268466,3169
2021-02-19,San Francisco,075,870044,33875,33746,1024,34770,387
2021-02-19,San Joaquin,077,732212,66207,64774,2654,67428,988
2021-02-19,San Luis Obispo,079,281455,19513,19061,537,19598,230
2021-02-19,San Mateo,081,765935,39153,38256,393,38649,282
2021-02-19,Santa Barbara,083,443738,31910,31204,1015,32219,392
2021-02-19,Santa Clara,085,1922200,109169,108400,544,108944,1634
2021-02-19,Santa Cruz,087,273765,15289,14354,760,15114,176
2021-02-19,Shasta,089,179085,10864,10833,1184,12017,140
2021-02-19,Sierra,091,2930,51,47,12,59,0
2021-02-19,Siskiyou,093,43540,1467,1363,217,1580,4
2021-02-19,Solano,095,438530,29612,29383,345,29728,150
2021-02-19,Sonoma,097,501317,27719,27595,187,27782,280
2021-02-19,Stanislaus,099,539301,50165,49282,5193,54475,739
2021-02-19,Sutter,101,95872,8754,8665,77,8742,96
2021-02-19,Tehama,103,63373,4572,4535,480,5015,30
2021-02-19,Trinity,105,12862,462,282,70,352,3
2021-02-19,Tulare,107,460477,47887,46662,7675,54337,736
2021-02-19,Tuolumne,109,53932,3806,3817,36,3853,52
2021-02-19,Ventura,111,848112,77162,76582,2705,79287,667
2021-02-19,Yolo,113,214977,12759,12606,146,12752,183
2021-02-19,Yuba,115,75493,5449,5376,81,5457,38
2021-02-18,Alameda,001,1643700,79930,79111,1659,80770,1012
2021-02-18,Alpine,003,1148,78,77,0,77,0
2021-02-18,Amador,005,37829,3436,3417,28,3445,38
2021-02-18,Butte,007,227075,11231,10791,1603,12394,175
2021-02-18,Calaveras,009,45235,1884,1873,11,1884,21
2021-02-18,Colusa,011,21464,1863,1856,256,2112,11
2021-02-18,Contra Costa,013,1133247,62306,60868,1041,61909,640
2021-02-18,Del Norte,015,27424,981,929,4,933,2
2021-02-18,El Dorado,017,186661,9057,8850,598,9448,94
2021-02-18,Fresno,019,978130,95334,93734,7488,101222,1323
2021-02-18,Glenn,021,27897,2225,2195,482,2677,14
2021-02-18,Humboldt,023,135768,3084,3023,22,3045,29
2021-02-18,Imperial,025,180216,27121,26731,2405,29136,591
2021-02-18,Inyo,027,18085,1267,1213,8,1221,32
2021-02-18,Kern,029,883053,92569,90655,9473,100128,961
2021-02-18,Kings,031,150075,22098,21648,938,22586,211
2021-02-18,Lake,033,64148,3137,3066,6,3072,40
2021-02-18,Lassen,035,31185,5095,5052,92,5144,1
2021-02-18,Los Angeles,037,10098052,1166991,1141930,37890,1179820,19358
2021-02-18,Madera,039,155013,15449,15175,790,15965,188
2021-02-18,Marin,041,260295,13064,12895,149,13044,209
2021-02-18,Mariposa,043,17540,375,369,5,374,4
2021-02-18,Mendocino,045,87422,3608,3519,70,3589,39
2021-02-18,Merced,047,269075,28024,27870,868,28738,372
2021-02-18,Modoc,049,8938,333,327,111,438,3
2021-02-18,Mono,051,14174,1174,1182,15,1197,3
2021-02-18,Monterey,053,433212,41661,41091,1623,42714,307
2021-02-18,Napa,055,140530,8919,8877,30,8907,68
2021-02-18,Nevada,057,99092,3939,3836,155,3991,66
2021-02-18,Orange,059,3164182,245553,243098,10000,253098,3673
2021-02-18,Placer,061,380077,20327,19429,1071,20500,232
2021-02-18,Plumas,063,18699,638,624,10,634,4
2021-02-18,Riverside,065,2383286,283931,276595,13148,289743,3510
2021-02-18,Sacramento,067,1510023,93354,91476,1184,92660,1334
2021-02-18,San Benito,069,59416,5697,5697,83,5780,58
2021-02-18,San Bernardino,071,2135413,284777,278887,8420,287307,3066
2021-02-18,San Diego,073,3302833,261579,254987,12644,267631,3135
2021-02-18,San Francisco,075,870044,33817,33650,1021,34671,386
2021-02-18,San Joaquin,077,732212,66124,64634,2644,67278,982
2021-02-18,San Luis Obispo,079,281455,19471,18987,534,19521,230
2021-02-18,San Mateo,081,765935,39091,38185,389,38574,282
2021-02-18,Santa Barbara,083,443738,31832,31054,1008,32062,387
2021-02-18,Santa Clara,085,1922200,108944,108210,541,108751,1605
2021-02-18,Santa Cruz,087,273765,15263,14314,760,15074,176
2021-02-18,Shasta,089,179085,10846,10811,1181,11992,139
2021-02-18,Sierra,091,2930,50,47,12,59,0
2021-02-18,Siskiyou,093,43540,1462,1359,216,1575,4
2021-02-18,Solano,095,438530,29586,29349,344,29693,150
2021-02-18,Sonoma,097,501317,27652,27512,186,27698,281
2021-02-18,Stanislaus,099,539301,50065,49150,5176,54326,738
2021-02-18,Sutter,101,95872,8746,8654,77,8731,96
2021-02-18,Tehama,103,63373,4569,4528,480,5008,30
2021-02-18,Trinity,105,12862,461,282,70,352,3
2021-02-18,Tulare,107,460477,47824,46591,7636,54227,728
2021-02-18,Tuolumne,109,53932,3769,3811,36,3847,52
2021-02-18,Ventura,111,848112,77030,76442,2697,79139,659
2021-02-18,Yolo,113,214977,12733,12549,146,12695,183
2021-02-18,Yuba,115,75493,5432,5358,81,5439,38
2021-02-17,Alameda,001,1643700,79768,78895,1657,80552,1002
2021-02-17,Alpine,003,1148,78,77,0,77,0
2021-02-17,Amador,005,37829,3432,3415,28,3443,38
2021-02-17,Butte,007,227075,11213,10770,1599,12369,174
2021-02-17,Calaveras,009,45235,1884,1876,11,1887,21
2021-02-17,Colusa,011,21464,1860,1854,256,2110,10
2021-02-17,Contra Costa,013,1133247,62168,60723,1038,61761,635
2021-02-17,Del Norte,015,27424,974,920,4,924,2
2021-02-17,El Dorado,017,186661,9046,8847,598,9445,94
2021-02-17,Fresno,019,978130,95195,93555,7461,101016,1307
2021-02-17,Glenn,021,27897,2224,2189,481,2670,14
2021-02-17,Humboldt,023,135768,3069,3006,22,3028,29
2021-02-17,Imperial,025,180216,27107,26726,2401,29127,580
2021-02-17,Inyo,027,18085,1259,1197,8,1205,32
2021-02-17,Kern,029,883053,92451,90454,9429,99883,962
2021-02-17,Kings,031,150075,22060,21617,934,22551,211
2021-02-17,Lake,033,64148,3127,3057,2,3059,38
2021-02-17,Lassen,035,31185,5090,5052,91,5143,1
2021-02-17,Los Angeles,037,10098052,1165935,1139786,37828,1177614,19213
2021-02-17,Madera,039,155013,15424,15135,781,15916,177
2021-02-17,Marin,041,260295,13039,12881,149,13030,207
2021-02-17,Mariposa,043,17540,375,368,4,372,4
2021-02-17,Mendocino,045,87422,3606,3494,69,3563,39
2021-02-17,Merced,047,269075,27969,27824,859,28683,372
2021-02-17,Modoc,049,8938,333,327,111,438,3
2021-02-17,Mono,051,14174,1174,1180,15,1195,3
2021-02-17,Monterey,053,433212,41606,41014,1612,42626,304
2021-02-17,Napa,055,140530,8905,8865,30,8895,68
2021-02-17,Nevada,057,99092,3920,3822,152,3974,52
2021-02-17,Orange,059,3164182,245292,242716,9967,252683,3626
2021-02-17,Placer,061,380077,20293,19405,1067,20472,230
2021-02-17,Plumas,063,18699,637,623,10,633,4
2021-02-17,Riverside,065,2383286,283643,276289,13127,289416,3491
2021-02-17,Sacramento,067,1510023,93195,91309,1177,92486,1326
2021-02-17,San Benito,069,59416,5691,5661,83,5744,57
2021-02-17,San Bernardino,071,2135413,284574,278461,8400,286861,3020
2021-02-17,San Diego,073,3302833,261201,254177,12623,266800,3099
2021-02-17,San Francisco,075,870044,33741,33558,1016,34574,379
2021-02-17,San Joaquin,077,732212,66018,64556,2638,67194,979
2021-02-17,San Luis Obispo,079,281455,19426,18964,534,19498,230
2021-02-17,San Mateo,081,765935,39027,38124,389,38513,282
2021-02-17,Santa Barbara,083,443738,31764,30927,1007,31934,384
2021-02-17,Santa Clara,085,1922200,108712,107949,539,108488,1592
2021-02-17,Santa Cruz,087,273765,15230,14268,757,15025,174
2021-02-17,Shasta,089,179085,10826,10770,1180,11950,139
2021-02-17,Sierra,091,2930,50,47,12,59,0
2021-02-17,Siskiyou,093,43540,1456,1352,213,1565,4
2021-02-17,Solano,095,438530,29529,29288,344,29632,149
2021-02-17,Sonoma,097,501317,27580,27408,181,27589,281
2021-02-17,Stanislaus,099,539301,49952,49050,5160,54210,730
2021-02-17,Sutter,101,95872,8736,8681,77,8758,95
2021-02-17,Tehama,103,63373,4566,4511,480,4991,30
2021-02-17,Trinity,105,12862,461,277,68,345,3
2021-02-17,Tulare,107,460477,47759,46495,7611,54106,726
2021-02-17,Tuolumne,109,53932,3760,3806,36,3842,49
2021-02-17,Ventura,111,848112,76908,76234,2691,78925,646
2021-02-17,Yolo,113,214977,12714,12506,144,12650,182
2021-02-17,Yuba,115,75493,5423,5345,81,5426,38
2021-02-16,Alameda,001,1643700,79599,78756,1654,80410,997
2021-02-16,Alpine,003,1148,78,76,0,76,0
2021-02-16,Amador,005,37829,3425,3413,28,3441,39
2021-02-16,Butte,007,227075,11187,10748,1596,12344,164
2021-02-16,Calaveras,009,45235,1882,1872,11,1883,21
2021-02-16,Colusa,011,21464,1857,1852,254,2106,10
2021-02-16,Contra Costa,013,1133247,62017,60564,1033,61597,631
2021-02-16,Del Norte,015,27424,966,913,4,917,2
2021-02-16,El Dorado,017,186661,9036,8836,596,9432,94
2021-02-16,Fresno,019,978130,95030,93363,7431,100794,1293
2021-02-16,Glenn,021,27897,2220,2189,477,2666,14
2021-02-16,Humboldt,023,135768,3046,2994,21,3015,29
2021-02-16,Imperial,025,180216,27094,26711,2397,29108,580
2021-02-16,Inyo,027,18085,1251,1191,8,1199,32
2021-02-16,Kern,029,883053,92319,90267,9399,99666,959
2021-02-16,Kings,031,150075,22014,21583,930,22513,206
2021-02-16,Lake,033,64148,3120,3041,2,3043,38
2021-02-16,Lassen,035,31185,5078,5047,91,5138,1
2021-02-16,Los Angeles,037,10098052,1164682,1138262,37768,1176030,19044
2021-02-16,Madera,039,155013,15386,15120,776,15896,172
2021-02-16,Marin,041,260295,13011,12832,149,12981,205
2021-02-16,Mariposa,043,17540,375,367,4,371,4
2021-02-16,Mendocino,045,87422,3602,3489,69,3558,39
2021-02-16,Merced,047,269075,27888,27724,853,28577,368
2021-02-16,Modoc,049,8938,333,326,111,437,3
2021-02-16,Mono,051,14174,1174,1180,15,1195,3
2021-02-16,Monterey,053,433212,41530,40962,1603,42565,303
2021-02-16,Napa,055,140530,8892,8854,30,8884,66
2021-02-16,Nevada,057,99092,3907,3774,151,3925,47
2021-02-16,Orange,059,3164182,244971,242382,9951,252333,3612
2021-02-16,Placer,061,380077,20260,19367,1064,20431,230
2021-02-16,Plumas,063,18699,637,619,10,629,4
2021-02-16,Riverside,065,2383286,283336,275954,13105,289059,3471
2021-02-16,Sacramento,067,1510023,92941,91246,1171,92417,1305
2021-02-16,San Benito,069,59416,5683,5659,82,5741,56
2021-02-16,San Bernardino,071,2135413,284350,277947,8391,286338,2978
2021-02-16,San Diego,073,3302833,260736,253638,12584,266222,3042
2021-02-16,San Francisco,075,870044,33669,33491,1011,34502,373
2021-02-16,San Joaquin,077,732212,65888,64448,2635,67083,979
2021-02-16,San Luis Obispo,079,281455,19381,18925,531,19456,229
2021-02-16,San Mateo,081,765935,38968,38041,387,38428,277
2021-02-16,Santa Barbara,083,443738,31690,30865,1004,31869,378
2021-02-16,Santa Clara,085,1922200,108460,107754,536,108290,1591
2021-02-16,Santa Cruz,087,273765,15210,14256,756,15012,174
2021-02-16,Shasta,089,179085,10811,10736,1178,11914,139
2021-02-16,Sierra,091,2930,50,47,12,59,0
2021-02-16,Siskiyou,093,43540,1452,1351,213,1564,4
2021-02-16,Solano,095,438530,29491,29246,343,29589,148
2021-02-16,Sonoma,097,501317,27521,27380,175,27555,279
2021-02-16,Stanislaus,099,539301,49828,48927,5146,54073,716
2021-02-16,Sutter,101,95872,8713,8671,77,8748,95
2021-02-16,Tehama,103,63373,4557,4501,478,4979,30
2021-02-16,Trinity,105,12862,457,275,68,343,3
2021-02-16,Tulare,107,460477,47695,46444,7568,54012,716
2021-02-16,Tuolumne,109,53932,3758,3796,36,3832,49
2021-02-16,Ventura,111,848112,76766,76043,2688,78731,631
2021-02-16,Yolo,113,214977,12685,12457,144,12601,175
2021-02-16,Yuba,115,75493,5416,5332,80,5412,38
2021-02-15,Alameda,001,1643700,79402,78647,1643,80290,996
2021-02-15,Alpine,003,1148,78,76,0,76,0
2021-02-15,Amador,005,37829,3421,3409,28,3437,39
2021-02-15,Butte,007,227075,11169,10723,1592,12315,155
2021-02-15,Calaveras,009,45235,1878,1871,11,1882,21
2021-02-15,Colusa,011,21464,1857,1849,250,2099,10
2021-02-15,Contra Costa,013,1133247,61846,60444,1028,61472,631
2021-02-15,Del Norte,015,27424,962,913,4,917,2
2021-02-15,El Dorado,017,186661,9019,8816,596,9412,94
2021-02-15,Fresno,019,978130,94831,93231,7392,100623,1288
2021-02-15,Glenn,021,27897,2218,2185,476,2661,14
2021-02-15,Humboldt,023,135768,3039,2997,21,3018,29
2021-02-15,Imperial,025,180216,27074,26700,2394,29094,580
2021-02-15,Inyo,027,18085,1232,1184,8,1192,32
2021-02-15,Kern,029,883053,92175,90181,9369,99550,959
2021-02-15,Kings,031,150075,21969,21574,925,22499,205
2021-02-15,Lake,033,64148,3106,3030,1,3031,38
2021-02-15,Lassen,035,31185,5076,5047,90,5137,1
2021-02-15,Los Angeles,037,10098052,1163294,1137164,37707,1174871,18925
2021-02-15,Madera,039,155013,15355,15108,774,15882,106
2021-02-15,Marin,041,260295,12990,12810,146,12956,203
2021-02-15,Mariposa,043,17540,373,367,4,371,4
2021-02-15,Mendocino,045,87422,3590,3481,69,3550,39
2021-02-15,Merced,047,269075,27814,27656,846,28502,368
2021-02-15,Modoc,049,8938,333,326,111,437,3
2021-02-15,Mono,051,14174,1171,1178,15,1193,3
2021-02-15,Monterey,053,433212,41466,40911,1591,42502,302
2021-02-15,Napa,055,140530,8878,8837,30,8867,57
2021-02-15,Nevada,057,99092,3890,3767,150,3917,47
2021-02-15,Orange,059,3164182,244652,242176,9923,252099,3586
2021-02-15,Placer,061,380077,20234,19361,1063,20424,230
2021-02-15,Plumas,063,18699,637,620,10,630,4
2021-02-15,Riverside,065,2383286,282983,275771,13086,288857,3468
2021-02-15,Sacramento,067,1510023,92614,91091,1166,92257,1304
2021-02-15,San Benito,069,59416,5677,5649,82,5731,56
2021-02-15,San Bernardino,071,2135413,284099,277869,8383,286252,2945
2021-02-15,San Diego,073,3302833,260223,252940,12553,265493,3037
2021-02-15,San Francisco,075,870044,33596,33454,1005,34459,373
2021-02-15,San Joaquin,077,732212,65723,64382,2628,67010,979
2021-02-15,San Luis Obispo,079,281455,19328,18891,529,19420,227
2021-02-15,San Mateo,081,765935,38889,37969,384,38353,277
2021-02-15,Santa Barbara,083,443738,31587,30810,1001,31811,378
2021-02-15,Santa Clara,085,1922200,108230,107630,534,108164,1588
2021-02-15,Santa Cruz,087,273765,15178,14239,753,14992,175
2021-02-15,Shasta,089,179085,10791,10730,1173,11903,139
2021-02-15,Sierra,091,2930,50,47,12,59,0
2021-02-15,Siskiyou,093,43540,1444,1345,212,1557,4
2021-02-15,Solano,095,438530,29436,29225,343,29568,148
2021-02-15,Sonoma,097,501317,27437,27359,171,27530,276
2021-02-15,Stanislaus,099,539301,49701,48808,5133,53941,716
2021-02-15,Sutter,101,95872,8698,8652,77,8729,95
2021-02-15,Tehama,103,63373,4548,4492,477,4969,30
2021-02-15,Trinity,105,12862,456,274,68,342,3
2021-02-15,Tulare,107,460477,47624,46344,7529,53873,715
2021-02-15,Tuolumne,109,53932,3748,3794,36,3830,49
2021-02-15,Ventura,111,848112,76611,75889,2685,78574,629
2021-02-15,Yolo,113,214977,12649,12412,143,12555,175
2021-02-15,Yuba,115,75493,5399,5320,79,5399,38
2021-02-14,Alameda,001,1643700,79250,78442,1642,80084,995
2021-02-14,Alpine,003,1148,78,76,0,76,0
2021-02-14,Amador,005,37829,3416,3398,28,3426,39
2021-02-14,Butte,007,227075,11145,10717,1589,12306,155
2021-02-14,Calaveras,009,45235,1874,1866,11,1877,21
2021-02-14,Colusa,011,21464,1853,1845,247,2092,10
2021-02-14,Contra Costa,013,1133247,61696,60272,1025,61297,631
2021-02-14,Del Norte,015,27424,958,911,4,915,2
2021-02-14,El Dorado,017,186661,8987,8790,595,9385,94
2021-02-14,Fresno,019,978130,94660,93065,7369,100434,1287
2021-02-14,Glenn,021,27897,2215,2184,476,2660,14
2021-02-14,Humboldt,023,135768,3026,2992,21,3013,29
2021-02-14,Imperial,025,180216,27067,26696,2393,29089,580
2021-02-14,Inyo,027,18085,1226,1177,8,1185,32
2021-02-14,Kern,029,883053,92015,90038,9316,99354,959
2021-02-14,Kings,031,150075,21943,21538,923,22461,205
2021-02-14,Lake,033,64148,3095,3030,1,3031,38
2021-02-14,Lassen,035,31185,5072,5037,90,5127,1
2021-02-14,Los Angeles,037,10098052,1161946,1135450,37626,1173076,18898
2021-02-14,Madera,039,155013,15323,15089,770,15859,106
2021-02-14,Marin,041,260295,12966,12784,146,12930,201
2021-02-14,Mariposa,043,17540,373,365,4,369,4
2021-02-14,Mendocino,045,87422,3584,3475,69,3544,39
2021-02-14,Merced,047,269075,27732,27601,841,28442,368
2021-02-14,Modoc,049,8938,333,326,111,437,3
2021-02-14,Mono,051,14174,1170,1180,15,1195,3
2021-02-14,Monterey,053,433212,41415,40842,1586,42428,302
2021-02-14,Napa,055,140530,8858,8826,30,8856,57
2021-02-14,Nevada,057,99092,3874,3761,150,3911,47
2021-02-14,Orange,059,3164182,244341,241859,9905,251764,3564
2021-02-14,Placer,061,380077,20195,19313,1058,20371,230
2021-02-14,Plumas,063,18699,636,620,10,630,4
2021-02-14,Riverside,065,2383286,282652,275518,13067,288585,3471
2021-02-14,Sacramento,067,1510023,92407,90856,1162,92018,1304
2021-02-14,San Benito,069,59416,5668,5641,81,5722,56
2021-02-14,San Bernardino,071,2135413,283793,277664,8363,286027,2929
2021-02-14,San Diego,073,3302833,259731,252247,12506,264753,3037
2021-02-14,San Francisco,075,870044,33522,33374,997,34371,372
2021-02-14,San Joaquin,077,732212,65625,64243,2614,66857,979
2021-02-14,San Luis Obispo,079,281455,19290,18868,526,19394,225
2021-02-14,San Mateo,081,765935,38804,37859,384,38243,277
2021-02-14,Santa Barbara,083,443738,31495,30744,997,31741,377
2021-02-14,Santa Clara,085,1922200,108031,107412,530,107942,1582
2021-02-14,Santa Cruz,087,273765,15150,14225,748,14973,175
2021-02-14,Shasta,089,179085,10759,10720,1169,11889,139
2021-02-14,Sierra,091,2930,50,47,12,59,0
2021-02-14,Siskiyou,093,43540,1440,1340,212,1552,4
2021-02-14,Solano,095,438530,29394,29150,340,29490,148
2021-02-14,Sonoma,097,501317,27362,27266,169,27435,276
2021-02-14,Stanislaus,099,539301,49591,48672,5118,53790,716
2021-02-14,Sutter,101,95872,8675,8642,77,8719,95
2021-02-14,Tehama,103,63373,4542,4490,474,4964,30
2021-02-14,Trinity,105,12862,456,272,68,340,3
2021-02-14,Tulare,107,460477,47539,46263,7480,53743,715
2021-02-14,Tuolumne,109,53932,3747,3764,36,3800,49
2021-02-14,Ventura,111,848112,76442,75742,2674,78416,629
2021-02-14,Yolo,113,214977,12620,12399,142,12541,175
2021-02-14,Yuba,115,75493,5389,5314,79,5393,38
2021-02-13,Alameda,001,1643700,79128,78246,1639,79885,995
2021-02-13,Alpine,003,1148,78,76,0,76,0
2021-02-13,Amador,005,37829,3413,3387,28,3415,38
2021-02-13,Butte,007,227075,11129,10699,1587,12286,155
2021-02-13,Calaveras,009,45235,1871,1863,11,1874,21
2021-02-13,Colusa,011,21464,1853,1837,247,2084,10
2021-02-13,Contra Costa,013,1133247,61575,60100,1025,61125,629
2021-02-13,Del Norte,015,27424,956,908,4,912,2
2021-02-13,El Dorado,017,186661,8975,8758,594,9352,93
2021-02-13,Fresno,019,978130,94546,92807,7347,100154,1287
2021-02-13,Glenn,021,27897,2214,2182,474,2656,14
2021-02-13,Humboldt,023,135768,3013,2974,20,2994,29
2021-02-13,Imperial,025,180216,27060,26680,2391,29071,580
2021-02-13,Inyo,027,18085,1222,1168,8,1176,32
2021-02-13,Kern,029,883053,91926,89915,9290,99205,957
2021-02-13,Kings,031,150075,21928,21513,921,22434,205
2021-02-13,Lake,033,64148,3086,3025,1,3026,37
2021-02-13,Lassen,035,31185,5069,5028,90,5118,1
2021-02-13,Los Angeles,037,10098052,1161088,1133752,37579,1171331,18822
2021-02-13,Madera,039,155013,15314,15053,766,15819,106
2021-02-13,Marin,041,260295,12942,12757,146,12903,201
2021-02-13,Mariposa,043,17540,373,365,4,369,4
2021-02-13,Mendocino,045,87422,3574,3466,69,3535,38
2021-02-13,Merced,047,269075,27688,27541,838,28379,368
2021-02-13,Modoc,049,8938,333,325,111,436,3
2021-02-13,Mono,051,14174,1170,1176,15,1191,3
2021-02-13,Monterey,053,433212,41383,40731,1585,42316,301
2021-02-13,Napa,055,140530,8849,8809,30,8839,57
2021-02-13,Nevada,057,99092,3865,3742,149,3891,47
2021-02-13,Orange,059,3164182,244135,241545,9886,251431,3520
2021-02-13,Placer,061,380077,20175,19214,1058,20272,230
2021-02-13,Plumas,063,18699,636,616,10,626,4
2021-02-13,Riverside,065,2383286,282423,275276,13058,288334,3462
2021-02-13,Sacramento,067,1510023,92240,90401,1159,91560,1302
2021-02-13,San Benito,069,59416,5651,5633,81,5714,56
2021-02-13,San Bernardino,071,2135413,283641,277405,8350,285755,2899
2021-02-13,San Diego,073,3302833,259399,251679,12494,264173,3009
2021-02-13,San Francisco,075,870044,33472,33291,987,34278,364
2021-02-13,San Joaquin,077,732212,65556,64105,2604,66709,977
2021-02-13,San Luis Obispo,079,281455,19262,18803,520,19323,225
2021-02-13,San Mateo,081,765935,38751,37745,384,38129,277
2021-02-13,Santa Barbara,083,443738,31443,30594,996,31590,374
2021-02-13,Santa Clara,085,1922200,107842,107125,526,107651,1570
2021-02-13,Santa Cruz,087,273765,15123,14198,747,14945,173
2021-02-13,Shasta,089,179085,10746,10713,1164,11877,139
2021-02-13,Sierra,091,2930,50,47,12,59,0
2021-02-13,Siskiyou,093,43540,1437,1336,212,1548,4
2021-02-13,Solano,095,438530,29358,29084,340,29424,148
2021-02-13,Sonoma,097,501317,27314,27157,167,27324,276
2021-02-13,Stanislaus,099,539301,49520,48568,5112,53680,697
2021-02-13,Sutter,101,95872,8663,8626,77,8703,94
2021-02-13,Tehama,103,63373,4532,4484,473,4957,30
2021-02-13,Trinity,105,12862,455,272,67,339,3
2021-02-13,Tulare,107,460477,47488,46162,7449,53611,709
2021-02-13,Tuolumne,109,53932,3746,3752,36,3788,49
2021-02-13,Ventura,111,848112,76302,75481,2668,78149,618
2021-02-13,Yolo,113,214977,12607,12374,141,12515,175
2021-02-13,Yuba,115,75493,5381,5289,79,5368,38
2021-02-12,Alameda,001,1643700,78979,77958,1633,79591,974
2021-02-12,Alpine,003,1148,78,76,0,76,0
2021-02-12,Amador,005,37829,3409,3381,28,3409,38
2021-02-12,Butte,007,227075,11116,10655,1580,12235,155
2021-02-12,Calaveras,009,45235,1868,1860,11,1871,21
2021-02-12,Colusa,011,21464,1853,1836,247,2083,10
2021-02-12,Contra Costa,013,1133247,61425,59878,1021,60899,620
2021-02-12,Del Norte,015,27424,946,901,4,905,2
2021-02-12,El Dorado,017,186661,8960,8725,591,9316,92
2021-02-12,Fresno,019,978130,94392,92520,7327,99847,1273
2021-02-12,Glenn,021,27897,2211,2175,474,2649,14
2021-02-12,Humboldt,023,135768,3005,2961,20,2981,29
2021-02-12,Imperial,025,180216,27053,26646,2388,29034,585
2021-02-12,Inyo,027,18085,1216,1156,8,1164,32
2021-02-12,Kern,029,883053,91812,89532,9258,98790,949
2021-02-12,Kings,031,150075,21896,21462,916,22378,202
2021-02-12,Lake,033,64148,3081,3012,1,3013,36
2021-02-12,Lassen,035,31185,5067,5015,90,5105,1
2021-02-12,Los Angeles,037,10098052,1159877,1131185,37512,1168697,18637
2021-02-12,Madera,039,155013,15287,15022,763,15785,106
2021-02-12,Marin,041,260295,12916,12720,146,12866,200
2021-02-12,Mariposa,043,17540,372,365,4,369,4
2021-02-12,Mendocino,045,87422,3572,3447,69,3516,38
2021-02-12,Merced,047,269075,27637,27453,835,28288,367
2021-02-12,Modoc,049,8938,333,324,111,435,3
2021-02-12,Mono,051,14174,1169,1172,15,1187,3
2021-02-12,Monterey,053,433212,41335,40633,1576,42209,297
2021-02-12,Napa,055,140530,8837,8785,30,8815,55
2021-02-12,Nevada,057,99092,3860,3728,149,3877,47
2021-02-12,Orange,059,3164182,243896,241075,9871,250946,3505
2021-02-12,Placer,061,380077,20133,19174,1053,20227,230
2021-02-12,Plumas,063,18699,635,614,10,624,4
2021-02-12,Riverside,065,2383286,282145,274792,13043,287835,3438
2021-02-12,Sacramento,067,1510023,92038,90252,1158,91410,1295
2021-02-12,San Benito,069,59416,5635,5622,80,5702,56
2021-02-12,San Bernardino,071,2135413,283451,276890,8339,285229,2827
2021-02-12,San Diego,073,3302833,259011,250788,12468,263256,2979
2021-02-12,San Francisco,075,870044,33412,33179,983,34162,359
2021-02-12,San Joaquin,077,732212,65460,63966,2596,66562,975
2021-02-12,San Luis Obispo,079,281455,19221,18687,519,19206,224
2021-02-12,San Mateo,081,765935,38679,37560,384,37944,254
2021-02-12,Santa Barbara,083,443738,31372,30454,991,31445,372
2021-02-12,Santa Clara,085,1922200,107670,106759,523,107282,1543
2021-02-12,Santa Cruz,087,273765,15103,14147,747,14894,170
2021-02-12,Shasta,089,179085,10728,10693,1154,11847,142
2021-02-12,Sierra,091,2930,49,45,12,57,0
2021-02-12,Siskiyou,093,43540,1433,1324,209,1533,4
2021-02-12,Solano,095,438530,29326,28996,337,29333,147
2021-02-12,Sonoma,097,501317,27259,27064,163,27227,275
2021-02-12,Stanislaus,099,539301,49432,48418,5090,53508,697
2021-02-12,Sutter,101,95872,8650,8609,77,8686,93
2021-02-12,Tehama,103,63373,4525,4470,472,4942,27
2021-02-12,Trinity,105,12862,455,269,67,336,3
2021-02-12,Tulare,107,460477,47410,46016,7423,53439,710
2021-02-12,Tuolumne,109,53932,3743,3736,35,3771,49
2021-02-12,Ventura,111,848112,76132,75210,2662,77872,605
2021-02-12,Yolo,113,214977,12586,12340,141,12481,175
2021-02-12,Yuba,115,75493,5373,5274,79,5353,38
2021-02-11,Alameda,001,1643700,78753,77564,1628,79192,960
2021-02-11,Alpine,003,1148,77,76,0,76,0
2021-02-11,Amador,005,37829,3405,3368,28,3396,35
2021-02-11,Butte,007,227075,11093,10624,1579,12203,155
2021-02-11,Calaveras,009,45235,1865,1856,11,1867,21
2021-02-11,Colusa,011,21464,1848,1823,245,2068,10
2021-02-11,Contra Costa,013,1133247,61258,59633,1017,60650,605
2021-02-11,Del Norte,015,27424,941,894,4,898,2
2021-02-11,El Dorado,017,186661,8939,8698,591,9289,92
2021-02-11,Fresno,019,978130,94239,92168,7304,99472,1255
2021-02-11,Glenn,021,27897,2206,2166,473,2639,14
2021-02-11,Humboldt,023,135768,2992,2954,19,2973,29
2021-02-11,Imperial,025,180216,27029,26545,2386,28931,578
2021-02-11,Inyo,027,18085,1207,1144,8,1152,32
2021-02-11,Kern,029,883053,91621,89224,9215,98439,941
2021-02-11,Kings,031,150075,21866,21373,913,22286,202
2021-02-11,Lake,033,64148,3071,3002,1,3003,36
2021-02-11,Lassen,035,31185,5056,5004,87,5091,1
2021-02-11,Los Angeles,037,10098052,1158248,1128437,37443,1165880,18500
2021-02-11,Madera,039,155013,15266,14984,761,15745,106
2021-02-11,Marin,041,260295,12879,12682,146,12828,200
2021-02-11,Mariposa,043,17540,372,361,4,365,4
2021-02-11,Mendocino,045,87422,3565,3420,69,3489,38
2021-02-11,Merced,047,269075,27571,27325,831,28156,363
2021-02-11,Modoc,049,8938,332,317,111,428,3
2021-02-11,Mono,051,14174,1165,1173,15,1188,3
2021-02-11,Monterey,053,433212,41229,40469,1570,42039,295
2021-02-11,Napa,055,140530,8816,8777,30,8807,55
2021-02-11,Nevada,057,99092,3844,3720,149,3869,47
2021-02-11,Orange,059,3164182,243529,240590,9847,250437,3476
2021-02-11,Placer,061,380077,20093,19118,1052,20170,224
2021-02-11,Plumas,063,18699,634,592,10,602,4
2021-02-11,Riverside,065,2383286,281778,274313,13028,287341,3394
2021-02-11,Sacramento,067,1510023,91795,89988,1152,91140,1286
2021-02-11,San Benito,069,59416,5626,5609,80,5689,56
2021-02-11,San Bernardino,071,2135413,283153,276349,8325,284674,2774
2021-02-11,San Diego,073,3302833,258458,249971,12434,262405,2955
2021-02-11,San Francisco,075,870044,33328,33076,974,34050,356
2021-02-11,San Joaquin,077,732212,65292,63719,2586,66305,971
2021-02-11,San Luis Obispo,079,281455,19156,18615,515,19130,219
2021-02-11,San Mateo,081,765935,38588,37439,382,37821,253
2021-02-11,Santa Barbara,083,443738,31274,30375,986,31361,370
2021-02-11,Santa Clara,085,1922200,107410,106392,518,106910,1507
2021-02-11,Santa Cruz,087,273765,15080,14088,742,14830,165
2021-02-11,Shasta,089,179085,10704,10672,1150,11822,140
2021-02-11,Sierra,091,2930,49,45,12,57,0
2021-02-11,Siskiyou,093,43540,1418,1320,209,1529,4
2021-02-11,Solano,095,438530,29273,28885,337,29222,138
2021-02-11,Sonoma,097,501317,27174,26971,160,27131,272
2021-02-11,Stanislaus,099,539301,49287,48205,5078,53283,697
2021-02-11,Sutter,101,95872,8636,8590,76,8666,93
2021-02-11,Tehama,103,63373,4519,4463,472,4935,26
2021-02-11,Trinity,105,12862,455,269,67,336,3
2021-02-11,Tulare,107,460477,47315,45897,7383,53280,706
2021-02-11,Tuolumne,109,53932,3706,3716,35,3751,48
2021-02-11,Ventura,111,848112,75930,74959,2653,77612,590
2021-02-11,Yolo,113,214977,12562,12303,141,12444,173
2021-02-11,Yuba,115,75493,5359,5261,78,5339,38
2021-02-10,Alameda,001,1643700,78552,77344,1627,78971,944
2021-02-10,Alpine,003,1148,77,76,0,76,0
2021-02-10,Amador,005,37829,3393,3348,28,3376,35
2021-02-10,Butte,007,227075,11065,10594,1578,12172,155
2021-02-10,Calaveras,009,45235,1863,1850,11,1861,21
2021-02-10,Colusa,011,21464,1841,1815,243,2058,10
2021-02-10,Contra Costa,013,1133247,61083,59488,1015,60503,590
2021-02-10,Del Norte,015,27424,935,888,4,892,2
2021-02-10,El Dorado,017,186661,8908,8682,587,9269,87
2021-02-10,Fresno,019,978130,94064,91876,7279,99155,1247
2021-02-10,Glenn,021,27897,2202,2160,471,2631,14
2021-02-10,Humboldt,023,135768,2984,2924,19,2943,29
2021-02-10,Imperial,025,180216,26991,26522,2383,28905,578
2021-02-10,Inyo,027,18085,1195,1138,8,1146,30
2021-02-10,Kern,029,883053,91414,88933,9161,98094,926
2021-02-10,Kings,031,150075,21823,21294,911,22205,197
2021-02-10,Lake,033,64148,3058,2975,1,2976,36
2021-02-10,Lassen,035,31185,5052,4993,87,5080,1
2021-02-10,Los Angeles,037,10098052,1156501,1125437,37315,1162752,18338
2021-02-10,Madera,039,155013,15227,14925,759,15684,105
2021-02-10,Marin,041,260295,12842,12651,146,12797,199
2021-02-10,Mariposa,043,17540,370,360,4,364,4
2021-02-10,Mendocino,045,87422,3550,3395,69,3464,38
2021-02-10,Merced,047,269075,27488,27246,820,28066,359
2021-02-10,Modoc,049,8938,331,315,109,424,3
2021-02-10,Mono,051,14174,1160,1170,15,1185,3
2021-02-10,Monterey,053,433212,41152,40366,1556,41922,288
2021-02-10,Napa,055,140530,8797,8769,30,8799,55
2021-02-10,Nevada,057,99092,3829,3693,147,3840,47
2021-02-10,Orange,059,3164182,243112,239974,9816,249790,3439
2021-02-10,Placer,061,380077,20054,19062,1047,20109,220
2021-02-10,Plumas,063,18699,631,589,10,599,2
2021-02-10,Riverside,065,2383286,281350,273721,13018,286739,3374
2021-02-10,Sacramento,067,1510023,91544,89653,1148,90801,1275
2021-02-10,San Benito,069,59416,5612,5591,80,5671,55
2021-02-10,San Bernardino,071,2135413,282799,275616,8309,283925,2696
2021-02-10,San Diego,073,3302833,257876,248858,12396,261254,2904
2021-02-10,San Francisco,075,870044,33245,32955,971,33926,351
2021-02-10,San Joaquin,077,732212,65150,63484,2572,66056,954
2021-02-10,San Luis Obispo,079,281455,19077,18549,513,19062,216
2021-02-10,San Mateo,081,765935,38497,37323,382,37705,245
2021-02-10,Santa Barbara,083,443738,31183,30216,981,31197,359
2021-02-10,Santa Clara,085,1922200,107170,106048,515,106563,1489
2021-02-10,Santa Cruz,087,273765,15044,14007,740,14747,165
2021-02-10,Shasta,089,179085,10681,10645,1147,11792,142
2021-02-10,Sierra,091,2930,49,45,12,57,0
2021-02-10,Siskiyou,093,43540,1413,1314,208,1522,4
2021-02-10,Solano,095,438530,29198,28835,335,29170,137
2021-02-10,Sonoma,097,501317,27078,26881,158,27039,271
2021-02-10,Stanislaus,099,539301,49170,48016,5062,53078,696
2021-02-10,Sutter,101,95872,8619,8571,76,8647,93
2021-02-10,Tehama,103,63373,4511,4445,472,4917,23
2021-02-10,Trinity,105,12862,452,268,67,335,3
2021-02-10,Tulare,107,460477,47197,45782,7345,53127,696
2021-02-10,Tuolumne,109,53932,3698,3691,35,3726,48
2021-02-10,Ventura,111,848112,75702,74651,2636,77287,580
2021-02-10,Yolo,113,214977,12538,12276,141,12417,174
2021-02-10,Yuba,115,75493,5341,5241,78,5319,38
2021-02-09,Alameda,001,1643700,78290,77018,1623,78641,936
2021-02-09,Alpine,003,1148,77,76,0,76,0
2021-02-09,Amador,005,37829,3385,3347,28,3375,35
2021-02-09,Butte,007,227075,11039,10563,1575,12138,153
2021-02-09,Calaveras,009,45235,1859,1847,11,1858,21
2021-02-09,Colusa,011,21464,1832,1812,238,2050,10
2021-02-09,Contra Costa,013,1133247,60893,59307,1009,60316,583
2021-02-09,Del Norte,015,27424,929,886,4,890,2
2021-02-09,El Dorado,017,186661,8880,8663,585,9248,87
2021-02-09,Fresno,019,978130,93822,91730,7251,98981,1211
2021-02-09,Glenn,021,27897,2198,2156,471,2627,14
2021-02-09,Humboldt,023,135768,2976,2904,19,2923,29
2021-02-09,Imperial,025,180216,26960,26509,2380,28889,568
2021-02-09,Inyo,027,18085,1187,1137,8,1145,30
2021-02-09,Kern,029,883053,91162,88684,9115,97799,920
2021-02-09,Kings,031,150075,21781,21275,909,22184,196
2021-02-09,Lake,033,64148,3047,2955,1,2956,36
2021-02-09,Lassen,035,31185,5045,4983,87,5070,1
2021-02-09,Los Angeles,037,10098052,1154523,1122745,37233,1159978,18198
2021-02-09,Madera,039,155013,15207,14912,756,15668,105
2021-02-09,Marin,041,260295,12810,12623,145,12768,197
2021-02-09,Mariposa,043,17540,368,355,4,359,4
2021-02-09,Mendocino,045,87422,3532,3369,69,3438,38
2021-02-09,Merced,047,269075,27390,27166,815,27981,354
2021-02-09,Modoc,049,8938,330,316,109,425,3
2021-02-09,Mono,051,14174,1159,1167,15,1182,3
2021-02-09,Monterey,053,433212,41044,40279,1543,41822,285
2021-02-09,Napa,055,140530,8784,8749,30,8779,55
2021-02-09,Nevada,057,99092,3812,3687,147,3834,44
2021-02-09,Orange,059,3164182,242701,239169,9785,248954,3406
2021-02-09,Placer,061,380077,19989,19008,1040,20048,220
2021-02-09,Plumas,063,18699,631,584,10,594,2
2021-02-09,Riverside,065,2383286,280856,273465,13001,286466,3334
2021-02-09,Sacramento,067,1510023,91234,89378,1147,90525,1265
2021-02-09,San Benito,069,59416,5600,5566,79,5645,54
2021-02-09,San Bernardino,071,2135413,282426,274998,8296,283294,2613
2021-02-09,San Diego,073,3302833,257218,248048,12353,260401,2853
2021-02-09,San Francisco,075,870044,33165,32782,961,33743,349
2021-02-09,San Joaquin,077,732212,64975,63341,2567,65908,937
2021-02-09,San Luis Obispo,079,281455,19018,18489,512,19001,216
2021-02-09,San Mateo,081,765935,38366,37227,381,37608,235
2021-02-09,Santa Barbara,083,443738,31071,30118,975,31093,351
2021-02-09,Santa Clara,085,1922200,106864,105762,512,106274,1463
2021-02-09,Santa Cruz,087,273765,14993,13958,735,14693,162
2021-02-09,Shasta,089,179085,10653,10595,1145,11740,139
2021-02-09,Sierra,091,2930,49,44,12,56,0
2021-02-09,Siskiyou,093,43540,1405,1306,206,1512,4
2021-02-09,Solano,095,438530,29119,28769,332,29101,131
2021-02-09,Sonoma,097,501317,26988,26826,156,26982,267
2021-02-09,Stanislaus,099,539301,49010,47906,5047,52953,679
2021-02-09,Sutter,101,95872,8603,8541,76,8617,92
2021-02-09,Tehama,103,63373,4504,4416,471,4887,22
2021-02-09,Trinity,105,12862,452,266,67,333,3
2021-02-09,Tulare,107,460477,47063,45704,7293,52997,686
2021-02-09,Tuolumne,109,53932,3679,3673,35,3708,48
2021-02-09,Ventura,111,848112,75451,74333,2628,76961,567
2021-02-09,Yolo,113,214977,12496,12220,141,12361,174
2021-02-09,Yuba,115,75493,5332,5235,78,5313,35
2021-02-08,Alameda,001,1643700,78029,76735,1618,78353,924
2021-02-08,Alpine,003,1148,77,73,0,73,0
2021-02-08,Amador,005,37829,3378,3344,27,3371,33
2021-02-08,Butte,007,227075,11017,10524,1571,12095,152
2021-02-08,Calaveras,009,45235,1858,1840,11,1851,21
2021-02-08,Colusa,011,21464,1824,1802,234,2036,10
2021-02-08,Contra Costa,013,1133247,60682,59039,1007,60046,567
2021-02-08,Del Norte,015,27424,926,885,4,889,2
2021-02-08,El Dorado,017,186661,8848,8627,582,9209,86
2021-02-08,Fresno,019,978130,93609,91430,7225,98655,1207
2021-02-08,Glenn,021,27897,2194,2148,469,2617,14
2021-02-08,Humboldt,023,135768,2968,2902,19,2921,29
2021-02-08,Imperial,025,180216,26938,26526,2378,28904,567
2021-02-08,Inyo,027,18085,1174,1126,8,1134,30
2021-02-08,Kern,029,883053,90945,88380,9054,97434,920
2021-02-08,Kings,031,150075,21719,21232,906,22138,195
2021-02-08,Lake,033,64148,3028,2949,1,2950,36
2021-02-08,Lassen,035,31185,5032,4976,87,5063,1
2021-02-08,Los Angeles,037,10098052,1152426,1120179,37112,1157291,17977
2021-02-08,Madera,039,155013,15171,14887,749,15636,93
2021-02-08,Marin,041,260295,12780,12591,145,12736,194
2021-02-08,Mariposa,043,17540,368,355,4,359,4
2021-02-08,Mendocino,045,87422,3518,3355,69,3424,38
2021-02-08,Merced,047,269075,27307,27082,810,27892,346
2021-02-08,Modoc,049,8938,328,318,109,427,3
2021-02-08,Mono,051,14174,1159,1165,15,1180,3
2021-02-08,Monterey,053,433212,40924,40186,1524,41710,283
2021-02-08,Napa,055,140530,8769,8719,30,8749,55
2021-02-08,Nevada,057,99092,3800,3671,147,3818,44
2021-02-08,Orange,059,3164182,242234,238715,9762,248477,3361
2021-02-08,Placer,061,380077,19947,18944,1034,19978,211
2021-02-08,Plumas,063,18699,630,584,10,594,2
2021-02-08,Riverside,065,2383286,280288,272904,12975,285879,3301
2021-02-08,Sacramento,067,1510023,90948,89267,1144,90411,1247
2021-02-08,San Benito,069,59416,5595,5553,78,5631,52
2021-02-08,San Bernardino,071,2135413,282023,274661,8290,282951,2587
2021-02-08,San Diego,073,3302833,256475,247259,12312,259571,2821
2021-02-08,San Francisco,075,870044,33071,32679,953,33632,348
2021-02-08,San Joaquin,077,732212,64814,63148,2557,65705,929
2021-02-08,San Luis Obispo,079,281455,18961,18421,507,18928,214
2021-02-08,San Mateo,081,765935,38257,37084,381,37465,232
2021-02-08,Santa Barbara,083,443738,30956,29978,968,30946,340
2021-02-08,Santa Clara,085,1922200,106541,105413,504,105917,1456
2021-02-08,Santa Cruz,087,273765,14954,13921,729,14650,161
2021-02-08,Shasta,089,179085,10626,10574,1139,11713,137
2021-02-08,Sierra,091,2930,49,44,12,56,0
2021-02-08,Siskiyou,093,43540,1402,1303,206,1509,4
2021-02-08,Solano,095,438530,29053,28644,330,28974,130
2021-02-08,Sonoma,097,501317,26897,26760,155,26915,259
2021-02-08,Stanislaus,099,539301,48855,47704,5019,52723,679
2021-02-08,Sutter,101,95872,8584,8526,76,8602,92
2021-02-08,Tehama,103,63373,4494,4403,468,4871,22
2021-02-08,Trinity,105,12862,450,266,67,333,3
2021-02-08,Tulare,107,460477,46955,45617,7253,52870,673
2021-02-08,Tuolumne,109,53932,3671,3647,35,3682,48
2021-02-08,Ventura,111,848112,75194,74068,2623,76691,565
2021-02-08,Yolo,113,214977,12464,12169,140,12309,162
2021-02-08,Yuba,115,75493,5316,5215,78,5293,35
2021-02-07,Alameda,001,1643700,77728,76500,1610,78110,924
2021-02-07,Alpine,003,1148,74,72,0,72,0
2021-02-07,Amador,005,37829,3357,3343,27,3370,33
2021-02-07,Butte,007,227075,10985,10513,1563,12076,152
2021-02-07,Calaveras,009,45235,1854,1837,11,1848,21
2021-02-07,Colusa,011,21464,1813,1795,232,2027,10
2021-02-07,Contra Costa,013,1133247,60438,58836,1002,59838,566
2021-02-07,Del Norte,015,27424,922,881,4,885,2
2021-02-07,El Dorado,017,186661,8819,8596,580,9176,86
2021-02-07,Fresno,019,978130,93379,91184,7187,98371,1207
2021-02-07,Glenn,021,27897,2190,2141,464,2605,14
2021-02-07,Humboldt,023,135768,2947,2895,19,2914,28
2021-02-07,Imperial,025,180216,26910,26518,2373,28891,567
2021-02-07,Inyo,027,18085,1163,1124,8,1132,27
2021-02-07,Kern,029,883053,90697,88146,8996,97142,920
2021-02-07,Kings,031,150075,21658,21180,903,22083,192
2021-02-07,Lake,033,64148,3013,2940,1,2941,36
2021-02-07,Lassen,035,31185,5021,4973,87,5060,1
2021-02-07,Los Angeles,037,10098052,1149669,1117551,36986,1154537,17889
2021-02-07,Madera,039,155013,15137,14850,745,15595,93
2021-02-07,Marin,041,260295,12747,12571,143,12714,194
2021-02-07,Mariposa,043,17540,367,355,4,359,4
2021-02-07,Mendocino,045,87422,3501,3348,69,3417,38
2021-02-07,Merced,047,269075,27195,26977,798,27775,346
2021-02-07,Modoc,049,8938,328,317,105,422,3
2021-02-07,Mono,051,14174,1156,1165,15,1180,3
2021-02-07,Monterey,053,433212,40788,40113,1505,41618,283
2021-02-07,Napa,055,140530,8746,8701,30,8731,55
2021-02-07,Nevada,057,99092,3789,3643,147,3790,44
2021-02-07,Orange,059,3164182,241636,238155,9729,247884,3336
2021-02-07,Placer,061,380077,19900,18903,1021,19924,211
2021-02-07,Plumas,063,18699,630,584,10,594,2
2021-02-07,Riverside,065,2383286,279759,272301,12954,285255,3267
2021-02-07,Sacramento,067,1510023,90615,88919,1137,90056,1246
2021-02-07,San Benito,069,59416,5576,5548,77,5625,52
2021-02-07,San Bernardino,071,2135413,281430,274316,8265,282581,2587
2021-02-07,San Diego,073,3302833,255689,246561,12248,258809,2821
2021-02-07,San Francisco,075,870044,32951,32609,941,33550,348
2021-02-07,San Joaquin,077,732212,64540,63051,2543,65594,929
2021-02-07,San Luis Obispo,079,281455,18889,18349,500,18849,214
2021-02-07,San Mateo,081,765935,38123,36984,379,37363,232
2021-02-07,Santa Barbara,083,443738,30816,29815,956,30771,340
2021-02-07,Santa Clara,085,1922200,106202,105118,494,105612,1450
2021-02-07,Santa Cruz,087,273765,14900,13887,724,14611,161
2021-02-07,Shasta,089,179085,10606,10570,1131,11701,137
2021-02-07,Sierra,091,2930,49,43,12,55,0
2021-02-07,Siskiyou,093,43540,1395,1295,204,1499,4
2021-02-07,Solano,095,438530,28942,28567,329,28896,130
2021-02-07,Sonoma,097,501317,26790,26684,151,26835,257
2021-02-07,Stanislaus,099,539301,48665,47551,4987,52538,679
2021-02-07,Sutter,101,95872,8556,8515,76,8591,92
2021-02-07,Tehama,103,63373,4478,4396,467,4863,22
2021-02-07,Trinity,105,12862,447,264,65,329,3
2021-02-07,Tulare,107,460477,46833,45520,7175,52695,671
2021-02-07,Tuolumne,109,53932,3647,3619,34,3653,48
2021-02-07,Ventura,111,848112,74883,73759,2611,76370,561
2021-02-07,Yolo,113,214977,12419,12135,140,12275,162
2021-02-07,Yuba,115,75493,5301,5198,76,5274,35
2021-02-06,Alameda,001,1643700,77575,76170,1599,77769,922
2021-02-06,Alpine,003,1148,74,72,0,72,0
2021-02-06,Amador,005,37829,3351,3306,27,3333,33
2021-02-06,Butte,007,227075,10968,10480,1559,12039,150
2021-02-06,Calaveras,009,45235,1852,1832,11,1843,21
2021-02-06,Colusa,011,21464,1811,1791,231,2022,10
2021-02-06,Contra Costa,013,1133247,60291,58567,996,59563,566
2021-02-06,Del Norte,015,27424,918,879,4,883,2
2021-02-06,El Dorado,017,186661,8812,8575,576,9151,86
2021-02-06,Fresno,019,978130,93266,90944,7166,98110,1207
2021-02-06,Glenn,021,27897,2188,2136,463,2599,14
2021-02-06,Humboldt,023,135768,2936,2880,19,2899,28
2021-02-06,Imperial,025,180216,26898,26514,2372,28886,567
2021-02-06,Inyo,027,18085,1160,1113,8,1121,27
2021-02-06,Kern,029,883053,90543,87919,8950,96869,912
2021-02-06,Kings,031,150075,21627,21156,903,22059,190
2021-02-06,Lake,033,64148,3008,2920,1,2921,34
2021-02-06,Lassen,035,31185,5017,4964,86,5050,1
2021-02-06,Los Angeles,037,10098052,1148312,1114718,36889,1151607,17793
2021-02-06,Madera,039,155013,15116,14807,743,15550,93
2021-02-06,Marin,041,260295,12727,12531,143,12674,194
2021-02-06,Mariposa,043,17540,366,355,3,358,4
2021-02-06,Mendocino,045,87422,3483,3316,68,3384,38
2021-02-06,Merced,047,269075,27109,26881,790,27671,346
2021-02-06,Modoc,049,8938,328,313,105,418,3
2021-02-06,Mono,051,14174,1155,1159,15,1174,3
2021-02-06,Monterey,053,433212,40730,39995,1497,41492,282
2021-02-06,Napa,055,140530,8733,8639,30,8669,55
2021-02-06,Nevada,057,99092,3777,3624,147,3771,43
2021-02-06,Orange,059,3164182,241273,237391,9695,247086,3293
2021-02-06,Placer,061,380077,19863,18836,1018,19854,211
2021-02-06,Plumas,063,18699,630,584,10,594,2
2021-02-06,Riverside,065,2383286,279391,271741,12935,284676,3243
2021-02-06,Sacramento,067,1510023,90398,88532,1127,89659,1237
2021-02-06,San Benito,069,59416,5558,5516,77,5593,52
2021-02-06,San Bernardino,071,2135413,281121,273718,8243,281961,2564
2021-02-06,San Diego,073,3302833,255193,245331,12213,257544,2812
2021-02-06,San Francisco,075,870044,32877,32437,931,33368,346
2021-02-06,San Joaquin,077,732212,64461,62840,2532,65372,906
2021-02-06,San Luis Obispo,079,281455,18847,18284,496,18780,214
2021-02-06,San Mateo,081,765935,38055,36824,376,37200,232
2021-02-06,Santa Barbara,083,443738,30740,29645,954,30599,337
2021-02-06,Santa Clara,085,1922200,105980,104639,489,105128,1439
2021-02-06,Santa Cruz,087,273765,14869,13845,720,14565,161
2021-02-06,Shasta,089,179085,10595,10561,1129,11690,137
2021-02-06,Sierra,091,2930,49,43,12,55,0
2021-02-06,Siskiyou,093,43540,1392,1289,203,1492,4
2021-02-06,Solano,095,438530,28906,28446,328,28774,129
2021-02-06,Sonoma,097,501317,26753,26564,149,26713,257
2021-02-06,Stanislaus,099,539301,48569,47325,4972,52297,679
2021-02-06,Sutter,101,95872,8548,8485,76,8561,92
2021-02-06,Tehama,103,63373,4468,4380,466,4846,22
2021-02-06,Trinity,105,12862,447,263,65,328,3
2021-02-06,Tulare,107,460477,46765,45349,7130,52479,664
2021-02-06,Tuolumne,109,53932,3640,3612,34,3646,48
2021-02-06,Ventura,111,848112,74703,73431,2605,76036,552
2021-02-06,Yolo,113,214977,12396,12061,140,12201,161
2021-02-06,Yuba,115,75493,5291,5177,75,5252,35
2021-02-05,Alameda,001,1643700,77346,75716,1597,77313,916
2021-02-05,Alpine,003,1148,74,72,0,72,0
2021-02-05,Amador,005,37829,3346,3299,26,3325,33
2021-02-05,Butte,007,227075,10949,10421,1552,11973,150
2021-02-05,Calaveras,009,45235,1848,1818,11,1829,21
2021-02-05,Colusa,011,21464,1807,1785,231,2016,10
2021-02-05,Contra Costa,013,1133247,60130,58195,994,59189,560
2021-02-05,Del Norte,015,27424,917,874,4,878,2
2021-02-05,El Dorado,017,186661,8792,8527,574,9101,86
2021-02-05,Fresno,019,978130,93064,90513,7145,97658,1194
2021-02-05,Glenn,021,27897,2185,2122,458,2580,14
2021-02-05,Humboldt,023,135768,2926,2857,19,2876,28
2021-02-05,Imperial,025,180216,26879,26474,2371,28845,557
2021-02-05,Inyo,027,18085,1156,1104,8,1112,27
2021-02-05,Kern,029,883053,90374,87470,8884,96354,906
2021-02-05,Kings,031,150075,21589,21021,900,21921,190
2021-02-05,Lake,033,64148,2996,2906,1,2907,33
2021-02-05,Lassen,035,31185,5013,4936,86,5022,1
2021-02-05,Los Angeles,037,10098052,1146213,1110384,36757,1147141,17608
2021-02-05,Madera,039,155013,15082,14752,738,15490,95
2021-02-05,Marin,041,260295,12692,12479,143,12622,193
2021-02-05,Mariposa,043,17540,366,352,3,355,4
2021-02-05,Mendocino,045,87422,3469,3272,68,3340,38
2021-02-05,Merced,047,269075,27049,26760,789,27549,345
2021-02-05,Modoc,049,8938,328,312,105,417,3
2021-02-05,Mono,051,14174,1154,1157,15,1172,3
2021-02-05,Monterey,053,433212,40663,39840,1486,41326,281
2021-02-05,Napa,055,140530,8719,8598,30,8628,55
2021-02-05,Nevada,057,99092,3774,3607,147,3754,43
2021-02-05,Orange,059,3164182,240846,236335,9668,246003,3260
2021-02-05,Placer,061,380077,19827,18756,1016,19772,211
2021-02-05,Plumas,063,18699,628,578,10,588,2
2021-02-05,Riverside,065,2383286,278975,270666,12916,283582,3235
2021-02-05,Sacramento,067,1510023,90217,87992,1120,89112,1231
2021-02-05,San Benito,069,59416,5547,5502,77,5579,51
2021-02-05,San Bernardino,071,2135413,280775,272938,8227,281165,2495
2021-02-05,San Diego,073,3302833,254617,244066,12178,256244,2777
2021-02-05,San Francisco,075,870044,32787,32229,920,33149,337
2021-02-05,San Joaquin,077,732212,64312,62565,2524,65089,902
2021-02-05,San Luis Obispo,079,281455,18786,18152,492,18644,213
2021-02-05,San Mateo,081,765935,37972,36582,375,36957,227
2021-02-05,Santa Barbara,083,443738,30643,29455,941,30396,334
2021-02-05,Santa Clara,085,1922200,105732,104112,487,104599,1421
2021-02-05,Santa Cruz,087,273765,14848,13776,718,14494,161
2021-02-05,Shasta,089,179085,10579,10507,1122,11629,136
2021-02-05,Sierra,091,2930,49,42,12,54,0
2021-02-05,Siskiyou,093,43540,1385,1276,201,1477,4
2021-02-05,Solano,095,438530,28856,28283,328,28611,127
2021-02-05,Sonoma,097,501317,26684,26423,146,26569,252
2021-02-05,Stanislaus,099,539301,48424,47024,4954,51978,678
2021-02-05,Sutter,101,95872,8528,8443,76,8519,92
2021-02-05,Tehama,103,63373,4459,4355,465,4820,22
2021-02-05,Trinity,105,12862,446,260,65,325,3
2021-02-05,Tulare,107,460477,46689,45138,7082,52220,663
2021-02-05,Tuolumne,109,53932,3614,3595,34,3629,45
2021-02-05,Ventura,111,848112,74458,72953,2593,75546,546
2021-02-05,Yolo,113,214977,12378,12025,137,12162,162
2021-02-05,Yuba,115,75493,5274,5145,75,5220,35
2021-02-04,Alameda,001,1643700,77061,75422,1591,77013,899
2021-02-04,Alpine,003,1148,73,72,0,72,0
2021-02-04,Amador,005,37829,3343,3288,26,3314,33
2021-02-04,Butte,007,227075,10916,10386,1544,11930,147
2021-02-04,Calaveras,009,45235,1846,1808,11,1819,21
2021-02-04,Colusa,011,21464,1803,1777,229,2006,10
2021-02-04,Contra Costa,013,1133247,59943,57991,990,58981,550
2021-02-04,Del Norte,015,27424,911,870,4,874,2
2021-02-04,El Dorado,017,186661,8766,8490,571,9061,86
2021-02-04,Fresno,019,978130,92849,90126,7118,97244,1114
2021-02-04,Glenn,021,27897,2180,2102,457,2559,14
2021-02-04,Humboldt,023,135768,2916,2827,19,2846,28
2021-02-04,Imperial,025,180216,26834,26411,2369,28780,556
2021-02-04,Inyo,027,18085,1144,1084,8,1092,27
2021-02-04,Kern,029,883053,90100,87156,8808,95964,898
2021-02-04,Kings,031,150075,21539,20918,894,21812,187
2021-02-04,Lake,033,64148,2984,2882,1,2883,34
2021-02-04,Lassen,035,31185,5010,4927,86,5013,1
2021-02-04,Los Angeles,037,10098052,1143415,1106323,36633,1142956,17396
2021-02-04,Madera,039,155013,15052,14706,735,15441,95
2021-02-04,Marin,041,260295,12657,12431,143,12574,192
2021-02-04,Mariposa,043,17540,366,348,3,351,4
2021-02-04,Mendocino,045,87422,3451,3240,66,3306,38
2021-02-04,Merced,047,269075,26955,26629,786,27415,345
2021-02-04,Modoc,049,8938,328,309,105,414,3
2021-02-04,Mono,051,14174,1152,1153,15,1168,3
2021-02-04,Monterey,053,433212,40552,39619,1469,41088,279
2021-02-04,Napa,055,140530,8690,8573,30,8603,55
2021-02-04,Nevada,057,99092,3754,3590,146,3736,37
2021-02-04,Orange,059,3164182,240204,235677,9626,245303,3238
2021-02-04,Placer,061,380077,19767,18711,1007,19718,210
2021-02-04,Plumas,063,18699,625,562,10,572,2
2021-02-04,Riverside,065,2383286,278212,269851,12877,282728,3230
2021-02-04,Sacramento,067,1510023,89916,87658,1110,88768,1222
2021-02-04,San Benito,069,59416,5533,5488,76,5564,51
2021-02-04,San Bernardino,071,2135413,280226,272223,8207,280430,2409
2021-02-04,San Diego,073,3302833,253829,242613,12112,254725,2738
2021-02-04,San Francisco,075,870044,32673,32116,911,33027,326
2021-02-04,San Joaquin,077,732212,64087,62374,2516,64890,883
2021-02-04,San Luis Obispo,079,281455,18719,18058,490,18548,211
2021-02-04,San Mateo,081,765935,37851,36437,372,36809,226
2021-02-04,Santa Barbara,083,443738,30508,29344,924,30268,322
2021-02-04,Santa Clara,085,1922200,105389,103781,484,104265,1404
2021-02-04,Santa Cruz,087,273765,14815,13713,710,14423,156
2021-02-04,Shasta,089,179085,10553,10466,1117,11583,131
2021-02-04,Sierra,091,2930,49,42,12,54,0
2021-02-04,Siskiyou,093,43540,1376,1273,201,1474,4
2021-02-04,Solano,095,438530,28753,28192,327,28519,120
2021-02-04,Sonoma,097,501317,26602,26276,143,26419,249
2021-02-04,Stanislaus,099,539301,48263,46822,4935,51757,678
2021-02-04,Sutter,101,95872,8508,8401,76,8477,92
2021-02-04,Tehama,103,63373,4442,4327,464,4791,21
2021-02-04,Trinity,105,12862,445,260,64,324,3
2021-02-04,Tulare,107,460477,46562,44983,7024,52007,656
2021-02-04,Tuolumne,109,53932,3574,3585,34,3619,45
2021-02-04,Ventura,111,848112,74126,72595,2580,75175,537
2021-02-04,Yolo,113,214977,12344,11982,136,12118,161
2021-02-04,Yuba,115,75493,5248,5135,75,5210,34
2021-02-03,Alameda,001,1643700,76737,74968,1588,76556,880
2021-02-03,Alpine,003,1148,73,72,0,72,0
2021-02-03,Amador,005,37829,3339,3281,26,3307,33
2021-02-03,Butte,007,227075,10884,10355,1537,11892,144
2021-02-03,Calaveras,009,45235,1831,1799,11,1810,21
2021-02-03,Colusa,011,21464,1798,1773,228,2001,10
2021-02-03,Contra Costa,013,1133247,59702,57762,978,58740,537
2021-02-03,Del Norte,015,27424,906,869,4,873,2
2021-02-03,El Dorado,017,186661,8745,8428,570,8998,86
2021-02-03,Fresno,019,978130,92627,89748,7079,96827,1015
2021-02-03,Glenn,021,27897,2170,2098,456,2554,14
2021-02-03,Humboldt,023,135768,2906,2800,19,2819,27
2021-02-03,Imperial,025,180216,26798,26363,2363,28726,547
2021-02-03,Inyo,027,18085,1134,1071,8,1079,27
2021-02-03,Kern,029,883053,89857,86771,8767,95538,877
2021-02-03,Kings,031,150075,21478,20831,892,21723,172
2021-02-03,Lake,033,64148,2966,2869,1,2870,33
2021-02-03,Lassen,035,31185,4998,4910,86,4996,1
2021-02-03,Los Angeles,037,10098052,1140330,1101890,36514,1138404,17163
2021-02-03,Madera,039,155013,15012,14605,733,15338,94
2021-02-03,Marin,041,260295,12622,12406,143,12549,190
2021-02-03,Mariposa,043,17540,365,347,3,350,4
2021-02-03,Mendocino,045,87422,3425,3236,65,3301,38
2021-02-03,Merced,047,269075,26840,26520,782,27302,343
2021-02-03,Modoc,049,8938,327,308,105,413,3
2021-02-03,Mono,051,14174,1145,1146,15,1161,3
2021-02-03,Monterey,053,433212,40425,39500,1452,40952,279
2021-02-03,Napa,055,140530,8655,8534,30,8564,54
2021-02-03,Nevada,057,99092,3740,3572,146,3718,35
2021-02-03,Orange,059,3164182,239460,234738,9594,244332,3189
2021-02-03,Placer,061,380077,19712,18646,1005,19651,210
2021-02-03,Plumas,063,18699,625,559,10,569,2
2021-02-03,Riverside,065,2383286,277469,269019,12847,281866,3195
2021-02-03,Sacramento,067,1510023,89593,87415,1106,88521,1212
2021-02-03,San Benito,069,59416,5515,5463,73,5536,51
2021-02-03,San Bernardino,071,2135413,279740,271477,8184,279661,2308
2021-02-03,San Diego,073,3302833,252927,241015,12066,253081,2683
2021-02-03,San Francisco,075,870044,32543,31983,906,32889,325
2021-02-03,San Joaquin,077,732212,63859,61976,2506,64482,880
2021-02-03,San Luis Obispo,079,281455,18641,17922,487,18409,206
2021-02-03,San Mateo,081,765935,37713,36227,368,36595,225
2021-02-03,Santa Barbara,083,443738,30359,29121,915,30036,315
2021-02-03,Santa Clara,085,1922200,105073,103278,482,103760,1364
2021-02-03,Santa Cruz,087,273765,14760,13611,704,14315,154
2021-02-03,Shasta,089,179085,10510,10422,1112,11534,130
2021-02-03,Sierra,091,2930,49,42,12,54,0
2021-02-03,Siskiyou,093,43540,1365,1268,200,1468,4
2021-02-03,Solano,095,438530,28631,28057,327,28384,119
2021-02-03,Sonoma,097,501317,26518,26155,142,26297,248
2021-02-03,Stanislaus,099,539301,48087,46598,4916,51514,662
2021-02-03,Sutter,101,95872,8483,8379,76,8455,90
2021-02-03,Tehama,103,63373,4424,4309,461,4770,21
2021-02-03,Trinity,105,12862,445,260,63,323,3
2021-02-03,Tulare,107,460477,46391,44838,6968,51806,640
2021-02-03,Tuolumne,109,53932,3563,3568,34,3602,45
2021-02-03,Ventura,111,848112,73789,72124,2570,74694,526
2021-02-03,Yolo,113,214977,12319,11933,136,12069,161
2021-02-03,Yuba,115,75493,5230,5124,75,5199,34
2021-02-02,Alameda,001,1643700,76394,74642,1576,76218,869
2021-02-02,Alpine,003,1148,73,72,0,72,0
2021-02-02,Amador,005,37829,3308,3275,26,3301,33
2021-02-02,Butte,007,227075,10858,10307,1528,11835,141
2021-02-02,Calaveras,009,45235,1821,1786,11,1797,21
2021-02-02,Colusa,011,21464,1790,1769,223,1992,9
2021-02-02,Contra Costa,013,1133247,59422,57551,975,58526,536
2021-02-02,Del Norte,015,27424,900,868,4,872,2
2021-02-02,El Dorado,017,186661,8705,8405,570,8975,84
2021-02-02,Fresno,019,978130,92326,89542,7044,96586,1009
2021-02-02,Glenn,021,27897,2158,2090,453,2543,14
2021-02-02,Humboldt,023,135768,2894,2784,19,2803,25
2021-02-02,Imperial,025,180216,26745,26317,2357,28674,535
2021-02-02,Inyo,027,18085,1131,1074,8,1082,27
2021-02-02,Kern,029,883053,89554,86485,8691,95176,867
2021-02-02,Kings,031,150075,21400,20785,884,21669,172
2021-02-02,Lake,033,64148,2946,2857,1,2858,33
2021-02-02,Lassen,035,31185,4991,4908,86,4994,1
2021-02-02,Los Angeles,037,10098052,1136945,1097573,36352,1133925,16913
2021-02-02,Madera,039,155013,14961,14595,728,15323,94
2021-02-02,Marin,041,260295,12592,12367,143,12510,189
2021-02-02,Mariposa,043,17540,362,345,3,348,4
2021-02-02,Mendocino,045,87422,3392,3210,65,3275,38
2021-02-02,Merced,047,269075,26743,26427,776,27203,340
2021-02-02,Modoc,049,8938,322,306,105,411,3
2021-02-02,Mono,051,14174,1143,1147,15,1162,3
2021-02-02,Monterey,053,433212,40290,39371,1438,40809,278
2021-02-02,Napa,055,140530,8626,8505,30,8535,53
2021-02-02,Nevada,057,99092,3725,3548,146,3694,20
2021-02-02,Orange,059,3164182,238658,233783,9559,243342,3152
2021-02-02,Placer,061,380077,19653,18615,1001,19616,205
2021-02-02,Plumas,063,18699,625,560,10,570,2
2021-02-02,Riverside,065,2383286,276612,267901,12813,280714,3169
2021-02-02,Sacramento,067,1510023,89303,87107,1095,88202,1202
2021-02-02,San Benito,069,59416,5501,5444,72,5516,50
2021-02-02,San Bernardino,071,2135413,279063,270486,8155,278641,2244
2021-02-02,San Diego,073,3302833,251888,240047,11979,252026,2629
2021-02-02,San Francisco,075,870044,32389,31788,896,32684,324
2021-02-02,San Joaquin,077,732212,63638,61708,2493,64201,878
2021-02-02,San Luis Obispo,079,281455,18547,17811,485,18296,201
2021-02-02,San Mateo,081,765935,37549,36004,362,36366,225
2021-02-02,Santa Barbara,083,443738,30188,28951,908,29859,304
2021-02-02,Santa Clara,085,1922200,104608,102872,477,103349,1349
2021-02-02,Santa Cruz,087,273765,14701,13572,700,14272,150
2021-02-02,Shasta,089,179085,10484,10371,1102,11473,128
2021-02-02,Sierra,091,2930,49,42,12,54,0
2021-02-02,Siskiyou,093,43540,1358,1252,197,1449,4
2021-02-02,Solano,095,438530,28535,27963,323,28286,118
2021-02-02,Sonoma,097,501317,26402,26054,142,26196,247
2021-02-02,Stanislaus,099,539301,47868,46306,4884,51190,641
2021-02-02,Sutter,101,95872,8460,8340,76,8416,89
2021-02-02,Tehama,103,63373,4410,4289,460,4749,21
2021-02-02,Trinity,105,12862,445,260,63,323,3
2021-02-02,Tulare,107,460477,46235,44720,6903,51623,625
2021-02-02,Tuolumne,109,53932,3551,3548,34,3582,39
2021-02-02,Ventura,111,848112,73373,71557,2560,74117,514
2021-02-02,Yolo,113,214977,12274,11886,134,12020,158
2021-02-02,Yuba,115,75493,5212,5111,74,5185,34
2021-02-01,Alameda,001,1643700,76038,74374,1571,75945,858
2021-02-01,Alpine,003,1148,73,72,0,72,0
2021-02-01,Amador,005,37829,3297,3234,26,3260,32
2021-02-01,Butte,007,227075,10814,10263,1524,11787,141
2021-02-01,Calaveras,009,45235,1814,1785,11,1796,21
2021-02-01,Colusa,011,21464,1785,1763,214,1977,9
2021-02-01,Contra Costa,013,1133247,59180,57324,974,58298,531
2021-02-01,Del Norte,015,27424,896,865,4,869,2
2021-02-01,El Dorado,017,186661,8666,8337,570,8907,83
2021-02-01,Fresno,019,978130,91994,89272,7009,96281,994
2021-02-01,Glenn,021,27897,2142,2086,445,2531,14
2021-02-01,Humboldt,023,135768,2873,2773,18,2791,25
2021-02-01,Imperial,025,180216,26702,26224,2355,28579,530
2021-02-01,Inyo,027,18085,1121,1072,8,1080,27
2021-02-01,Kern,029,883053,89157,86170,8623,94793,862
2021-02-01,Kings,031,150075,21309,20746,876,21622,172
2021-02-01,Lake,033,64148,2930,2843,1,2844,33
2021-02-01,Lassen,035,31185,4971,4907,86,4993,1
2021-02-01,Los Angeles,037,10098052,1133118,1094341,36187,1130528,16695
2021-02-01,Madera,039,155013,14926,14572,725,15297,94
2021-02-01,Marin,041,260295,12553,12341,142,12483,188
2021-02-01,Mariposa,043,17540,360,344,3,347,4
2021-02-01,Mendocino,045,87422,3359,3192,65,3257,37
2021-02-01,Merced,047,269075,26618,26282,767,27049,337
2021-02-01,Modoc,049,8938,316,303,101,404,1
2021-02-01,Mono,051,14174,1140,1145,15,1160,3
2021-02-01,Monterey,053,433212,40106,39196,1417,40613,278
2021-02-01,Napa,055,140530,8594,8449,30,8479,52
2021-02-01,Nevada,057,99092,3708,3535,145,3680,20
2021-02-01,Orange,059,3164182,237745,233155,9514,242669,3100
2021-02-01,Placer,061,380077,19586,18574,994,19568,204
2021-02-01,Plumas,063,18699,623,554,10,564,2
2021-02-01,Riverside,065,2383286,275672,267025,12778,279803,3092
2021-02-01,Sacramento,067,1510023,88901,86856,1084,87940,1193
2021-02-01,San Benito,069,59416,5483,5432,72,5504,48
2021-02-01,San Bernardino,071,2135413,278368,270012,8116,278128,2172
2021-02-01,San Diego,073,3302833,250663,239121,11903,251024,2619
2021-02-01,San Francisco,075,870044,32254,31703,884,32587,324
2021-02-01,San Joaquin,077,732212,63432,61542,2482,64024,877
2021-02-01,San Luis Obispo,079,281455,18427,17690,478,18168,199
2021-02-01,San Mateo,081,765935,37400,35843,362,36205,220
2021-02-01,Santa Barbara,083,443738,30019,28837,900,29737,297
2021-02-01,Santa Clara,085,1922200,104191,102462,476,102938,1343
2021-02-01,Santa Cruz,087,273765,14648,13524,698,14222,149
2021-02-01,Shasta,089,179085,10459,10329,1096,11425,112
2021-02-01,Sierra,091,2930,49,42,12,54,0
2021-02-01,Siskiyou,093,43540,1351,1238,194,1432,4
2021-02-01,Solano,095,438530,28430,27844,322,28166,117
2021-02-01,Sonoma,097,501317,26314,26011,141,26152,243
2021-02-01,Stanislaus,099,539301,47611,46112,4856,50968,642
2021-02-01,Sutter,101,95872,8421,8313,76,8389,89
2021-02-01,Tehama,103,63373,4384,4263,460,4723,21
2021-02-01,Trinity,105,12862,443,260,63,323,3
2021-02-01,Tulare,107,460477,46090,44569,6823,51392,618
2021-02-01,Tuolumne,109,53932,3543,3534,34,3568,39
2021-02-01,Ventura,111,848112,72968,71104,2543,73647,502
2021-02-01,Yolo,113,214977,12226,11824,133,11957,151
2021-02-01,Yuba,115,75493,5198,5084,73,5157,33
2021-01-31,Alameda,001,1643700,75613,73979,1563,75542,857
2021-01-31,Alpine,003,1148,73,72,0,72,0
2021-01-31,Amador,005,37829,3287,3212,25,3237,32
2021-01-31,Butte,007,227075,10769,10215,1514,11729,140
2021-01-31,Calaveras,009,45235,1794,1778,11,1789,21
2021-01-31,Colusa,011,21464,1779,1754,209,1963,9
2021-01-31,Contra Costa,013,1133247,58848,57079,974,58053,531
2021-01-31,Del Norte,015,27424,894,865,4,869,2
2021-01-31,El Dorado,017,186661,8628,8317,568,8885,83
2021-01-31,Fresno,019,978130,91682,88852,6955,95807,994
2021-01-31,Glenn,021,27897,2132,2083,444,2527,14
2021-01-31,Humboldt,023,135768,2857,2767,18,2785,25
2021-01-31,Imperial,025,180216,26629,26206,2346,28552,530
2021-01-31,Inyo,027,18085,1108,1072,8,1080,27
2021-01-31,Kern,029,883053,88660,85872,8539,94411,861
2021-01-31,Kings,031,150075,21225,20709,864,21573,172
2021-01-31,Lake,033,64148,2909,2826,1,2827,33
2021-01-31,Lassen,035,31185,4955,4900,86,4986,1
2021-01-31,Los Angeles,037,10098052,1128488,1090304,35986,1126290,16609
2021-01-31,Madera,039,155013,14872,14496,717,15213,94
2021-01-31,Marin,041,260295,12506,12297,138,12435,185
2021-01-31,Mariposa,043,17540,358,344,3,347,4
2021-01-31,Mendocino,045,87422,3336,3181,64,3245,37
2021-01-31,Merced,047,269075,26475,26222,762,26984,337
2021-01-31,Modoc,049,8938,313,304,99,403,1
2021-01-31,Mono,051,14174,1137,1146,15,1161,3
2021-01-31,Monterey,053,433212,39927,39035,1390,40425,278
2021-01-31,Napa,055,140530,8552,8404,30,8434,52
2021-01-31,Nevada,057,99092,3686,3518,143,3661,20
2021-01-31,Orange,059,3164182,236728,232347,9474,241821,3053
2021-01-31,Placer,061,380077,19509,18506,983,19489,204
2021-01-31,Plumas,063,18699,622,554,10,564,2
2021-01-31,Riverside,065,2383286,274655,266145,12731,278876,3074
2021-01-31,Sacramento,067,1510023,88460,86560,1070,87630,1186
2021-01-31,San Benito,069,59416,5461,5425,70,5495,48
2021-01-31,San Bernardino,071,2135413,277366,269533,8087,277620,2156
2021-01-31,San Diego,073,3302833,249350,238039,11789,249828,2619
2021-01-31,San Francisco,075,870044,32065,31563,873,32436,323
2021-01-31,San Joaquin,077,732212,63031,61379,2473,63852,877
2021-01-31,San Luis Obispo,079,281455,18294,17615,473,18088,199
2021-01-31,San Mateo,081,765935,37210,35659,359,36018,219
2021-01-31,Santa Barbara,083,443738,29775,28570,891,29461,297
2021-01-31,Santa Clara,085,1922200,103656,101986,467,102453,1330
2021-01-31,Santa Cruz,087,273765,14553,13469,684,14153,149
2021-01-31,Shasta,089,179085,10414,10313,1088,11401,112
2021-01-31,Sierra,091,2930,48,43,12,55,0
2021-01-31,Siskiyou,093,43540,1341,1238,194,1432,4
2021-01-31,Solano,095,438530,28300,27678,322,28000,118
2021-01-31,Sonoma,097,501317,26211,25925,140,26065,243
2021-01-31,Stanislaus,099,539301,47327,45971,4826,50797,642
2021-01-31,Sutter,101,95872,8376,8289,76,8365,89
2021-01-31,Tehama,103,63373,4362,4256,459,4715,21
2021-01-31,Trinity,105,12862,441,260,63,323,3
2021-01-31,Tulare,107,460477,45922,44440,6744,51184,618
2021-01-31,Tuolumne,109,53932,3505,3519,34,3553,39
2021-01-31,Ventura,111,848112,72373,70635,2530,73165,502
2021-01-31,Yolo,113,214977,12165,11771,133,11904,151
2021-01-31,Yuba,115,75493,5178,5071,73,5144,33
2021-01-30,Alameda,001,1643700,75409,73622,1558,75180,850
2021-01-30,Alpine,003,1148,73,72,0,72,0
2021-01-30,Amador,005,37829,3283,3181,25,3206,32
2021-01-30,Butte,007,227075,10735,10177,1505,11682,139
2021-01-30,Calaveras,009,45235,1781,1763,11,1774,21
2021-01-30,Colusa,011,21464,1777,1748,209,1957,9
2021-01-30,Contra Costa,013,1133247,58669,56763,970,57733,531
2021-01-30,Del Norte,015,27424,893,865,4,869,2
2021-01-30,El Dorado,017,186661,8608,8299,567,8866,83
2021-01-30,Fresno,019,978130,91502,88476,6935,95411,964
2021-01-30,Glenn,021,27897,2129,2074,442,2516,14
2021-01-30,Humboldt,023,135768,2846,2742,18,2760,24
2021-01-30,Imperial,025,180216,26605,26160,2344,28504,530
2021-01-30,Inyo,027,18085,1104,1068,8,1076,27
2021-01-30,Kern,029,883053,88459,85572,8474,94046,848
2021-01-30,Kings,031,150075,21154,20605,859,21464,169
2021-01-30,Lake,033,64148,2903,2809,1,2810,33
2021-01-30,Lassen,035,31185,4951,4890,86,4976,1
2021-01-30,Los Angeles,037,10098052,1126090,1084763,35844,1120607,16484
2021-01-30,Madera,039,155013,14830,14443,712,15155,94
2021-01-30,Marin,041,260295,12479,12225,137,12362,185
2021-01-30,Mariposa,043,17540,356,344,3,347,4
2021-01-30,Mendocino,045,87422,3322,3153,63,3216,36
2021-01-30,Merced,047,269075,26401,26078,760,26838,335
2021-01-30,Modoc,049,8938,313,303,99,402,1
2021-01-30,Mono,051,14174,1137,1143,15,1158,3
2021-01-30,Monterey,053,433212,39867,38847,1388,40235,277
2021-01-30,Napa,055,140530,8536,8342,30,8372,52
2021-01-30,Nevada,057,99092,3667,3499,143,3642,20
2021-01-30,Orange,059,3164182,236183,231358,9437,240795,3013
2021-01-30,Placer,061,380077,19456,18430,977,19407,205
2021-01-30,Plumas,063,18699,620,554,10,564,2
2021-01-30,Riverside,065,2383286,274059,265137,12700,277837,3061
2021-01-30,Sacramento,067,1510023,88269,86388,1065,87453,1184
2021-01-30,San Benito,069,59416,5443,5401,69,5470,48
2021-01-30,San Bernardino,071,2135413,276938,268660,8067,276727,2122
2021-01-30,San Diego,073,3302833,248585,236765,11744,248509,2603
2021-01-30,San Francisco,075,870044,31964,31427,870,32297,316
2021-01-30,San Joaquin,077,732212,62899,61120,2464,63584,864
2021-01-30,San Luis Obispo,079,281455,18214,17522,472,17994,198
2021-01-30,San Mateo,081,765935,37071,35451,358,35809,219
2021-01-30,Santa Barbara,083,443738,29633,28342,889,29231,296
2021-01-30,Santa Clara,085,1922200,103327,101471,465,101936,1307
2021-01-30,Santa Cruz,087,273765,14513,13383,683,14066,149
2021-01-30,Shasta,089,179085,10395,10283,1085,11368,112
2021-01-30,Sierra,091,2930,48,43,12,55,0
2021-01-30,Siskiyou,093,43540,1338,1236,193,1429,4
2021-01-30,Solano,095,438530,28217,27511,321,27832,118
2021-01-30,Sonoma,097,501317,26163,25810,137,25947,243
2021-01-30,Stanislaus,099,539301,47197,45697,4799,50496,642
2021-01-30,Sutter,101,95872,8360,8226,76,8302,87
2021-01-30,Tehama,103,63373,4349,4229,458,4687,21
2021-01-30,Trinity,105,12862,441,259,63,322,3
2021-01-30,Tulare,107,460477,45786,44203,6708,50911,615
2021-01-30,Tuolumne,109,53932,3501,3508,34,3542,36
2021-01-30,Ventura,111,848112,72061,69931,2516,72447,493
2021-01-30,Yolo,113,214977,12151,11698,132,11830,151
2021-01-30,Yuba,115,75493,5168,5042,72,5114,33
2021-01-29,Alameda,001,1643700,75142,73210,1551,74761,841
2021-01-29,Alpine,003,1148,73,72,0,72,0
2021-01-29,Amador,005,37829,3271,3134,24,3158,32
2021-01-29,Butte,007,227075,10703,10122,1496,11618,138
2021-01-29,Calaveras,009,45235,1770,1757,11,1768,21
2021-01-29,Colusa,011,21464,1773,1734,208,1942,8
2021-01-29,Contra Costa,013,1133247,58502,56318,968,57286,529
2021-01-29,Del Norte,015,27424,892,865,4,869,2
2021-01-29,El Dorado,017,186661,8591,8231,566,8797,83
2021-01-29,Fresno,019,978130,91288,87936,6899,94835,962
2021-01-29,Glenn,021,27897,2124,2061,441,2502,14
2021-01-29,Humboldt,023,135768,2833,2707,18,2725,24
2021-01-29,Imperial,025,180216,26590,26045,2341,28386,521
2021-01-29,Inyo,027,18085,1092,1048,8,1056,27
2021-01-29,Kern,029,883053,88232,85044,8423,93467,836
2021-01-29,Kings,031,150075,21115,20466,854,21320,169
2021-01-29,Lake,033,64148,2893,2792,1,2793,32
2021-01-29,Lassen,035,31185,4948,4874,86,4960,1
2021-01-29,Los Angeles,037,10098052,1122594,1078329,35694,1114023,16190
2021-01-29,Madera,039,155013,14783,14377,712,15089,94
2021-01-29,Marin,041,260295,12434,12145,136,12281,185
2021-01-29,Mariposa,043,17540,355,342,3,345,4
2021-01-29,Mendocino,045,87422,3313,3131,62,3193,36
2021-01-29,Merced,047,269075,26327,25865,755,26620,334
2021-01-29,Modoc,049,8938,312,297,99,396,1
2021-01-29,Mono,051,14174,1135,1139,15,1154,3
2021-01-29,Monterey,053,433212,39754,38539,1380,39919,277
2021-01-29,Napa,055,140530,8505,8276,30,8306,52
2021-01-29,Nevada,057,99092,3658,3487,142,3629,20
2021-01-29,Orange,059,3164182,235507,229917,9400,239317,2967
2021-01-29,Placer,061,380077,19403,18367,973,19340,203
2021-01-29,Plumas,063,18699,619,548,10,558,2
2021-01-29,Riverside,065,2383286,273257,263504,12668,276172,3008
2021-01-29,Sacramento,067,1510023,88015,86320,1060,87380,1169
2021-01-29,San Benito,069,59416,5435,5386,69,5455,48
2021-01-29,San Bernardino,071,2135413,276420,267490,8029,275519,2095
2021-01-29,San Diego,073,3302833,247643,234637,11666,246303,2571
2021-01-29,San Francisco,075,870044,31825,31294,862,32156,307
2021-01-29,San Joaquin,077,732212,62755,60899,2450,63349,858
2021-01-29,San Luis Obispo,079,281455,18154,17440,467,17907,193
2021-01-29,San Mateo,081,765935,36938,35223,355,35578,218
2021-01-29,Santa Barbara,083,443738,29500,28105,883,28988,291
2021-01-29,Santa Clara,085,1922200,102973,101010,463,101473,1273
2021-01-29,Santa Cruz,087,273765,14460,13311,680,13991,148
2021-01-29,Shasta,089,179085,10379,10220,1081,11301,112
2021-01-29,Sierra,091,2930,48,43,12,55,0
2021-01-29,Siskiyou,093,43540,1337,1227,193,1420,4
2021-01-29,Solano,095,438530,28134,27352,319,27671,116
2021-01-29,Sonoma,097,501317,26107,25710,136,25846,243
2021-01-29,Stanislaus,099,539301,47054,45466,4777,50243,642
2021-01-29,Sutter,101,95872,8341,8181,76,8257,87
2021-01-29,Tehama,103,63373,4337,4191,456,4647,20
2021-01-29,Trinity,105,12862,441,260,63,323,3
2021-01-29,Tulare,107,460477,45679,43925,6669,50594,606
2021-01-29,Tuolumne,109,53932,3491,3483,34,3517,36
2021-01-29,Ventura,111,848112,71639,69511,2503,72014,484
2021-01-29,Yolo,113,214977,12113,11612,132,11744,151
2021-01-29,Yuba,115,75493,5152,5018,72,5090,32
2021-01-28,Alameda,001,1643700,74719,72758,1543,74301,833
2021-01-28,Alpine,003,1148,73,72,0,72,0
2021-01-28,Amador,005,37829,3234,3124,24,3148,31
2021-01-28,Butte,007,227075,10662,10037,1486,11523,138
2021-01-28,Calaveras,009,45235,1757,1747,10,1757,21
2021-01-28,Colusa,011,21464,1766,1731,204,1935,8
2021-01-28,Contra Costa,013,1133247,58259,55999,958,56957,525
2021-01-28,Del Norte,015,27424,891,862,4,866,2
2021-01-28,El Dorado,017,186661,8576,8198,561,8759,79
2021-01-28,Fresno,019,978130,91002,87401,6852,94253,949
2021-01-28,Glenn,021,27897,2119,2043,434,2477,14
2021-01-28,Humboldt,023,135768,2816,2686,18,2704,24
2021-01-28,Imperial,025,180216,26546,25984,2334,28318,517
2021-01-28,Inyo,027,18085,1087,1039,8,1047,27
2021-01-28,Kern,029,883053,87903,84708,8340,93048,817
2021-01-28,Kings,031,150075,21055,20328,851,21179,167
2021-01-28,Lake,033,64148,2878,2772,1,2773,32
2021-01-28,Lassen,035,31185,4942,4865,86,4951,1
2021-01-28,Los Angeles,037,10098052,1118679,1072412,35508,1107920,15967
2021-01-28,Madera,039,155013,14728,14301,708,15009,94
2021-01-28,Marin,041,260295,12385,12079,135,12214,183
2021-01-28,Mariposa,043,17540,355,334,3,337,4
2021-01-28,Mendocino,045,87422,3296,3110,62,3172,36
2021-01-28,Merced,047,269075,26205,25620,743,26363,328
2021-01-28,Modoc,049,8938,311,297,99,396,0
2021-01-28,Mono,051,14174,1133,1131,15,1146,3
2021-01-28,Monterey,053,433212,39560,38312,1361,39673,274
2021-01-28,Napa,055,140530,8458,8233,30,8263,50
2021-01-28,Nevada,057,99092,3643,3452,141,3593,19
2021-01-28,Orange,059,3164182,234531,228636,9370,238006,2860
2021-01-28,Placer,061,380077,19343,18246,970,19216,198
2021-01-28,Plumas,063,18699,618,547,10,557,2
2021-01-28,Riverside,065,2383286,272475,262342,12620,274962,2981
2021-01-28,Sacramento,067,1510023,87652,85698,1049,86747,1149
2021-01-28,San Benito,069,59416,5417,5344,68,5412,47
2021-01-28,San Bernardino,071,2135413,275718,266456,8008,274464,2057
2021-01-28,San Diego,073,3302833,246490,232967,11577,244544,2534
2021-01-28,San Francisco,075,870044,31688,31193,846,32039,290
2021-01-28,San Joaquin,077,732212,62493,60627,2436,63063,854
2021-01-28,San Luis Obispo,079,281455,18054,17279,465,17744,189
2021-01-28,San Mateo,081,765935,36769,34931,339,35270,218
2021-01-28,Santa Barbara,083,443738,29277,27674,870,28544,284
2021-01-28,Santa Clara,085,1922200,102517,100470,461,100931,1219
2021-01-28,Santa Cruz,087,273765,14371,13188,674,13862,145
2021-01-28,Shasta,089,179085,10345,10176,1073,11249,110
2021-01-28,Sierra,091,2930,48,43,12,55,0
2021-01-28,Siskiyou,093,43540,1330,1218,191,1409,4
2021-01-28,Solano,095,438530,27974,27163,318,27481,114
2021-01-28,Sonoma,097,501317,26015,25564,136,25700,236
2021-01-28,Stanislaus,099,539301,46846,45162,4758,49920,640
2021-01-28,Sutter,101,95872,8294,8136,76,8212,85
2021-01-28,Tehama,103,63373,4314,4163,453,4616,20
2021-01-28,Trinity,105,12862,439,260,63,323,3
2021-01-28,Tulare,107,460477,45524,43742,6594,50336,595
2021-01-28,Tuolumne,109,53932,3477,3472,34,3506,32
2021-01-28,Ventura,111,848112,71127,68896,2487,71383,475
2021-01-28,Yolo,113,214977,12070,11500,128,11628,151
2021-01-28,Yuba,115,75493,5136,4994,71,5065,32
2021-01-27,Alameda,001,1643700,74301,72188,1536,73724,815
2021-01-27,Alpine,003,1148,73,72,0,72,0
2021-01-27,Amador,005,37829,3218,3116,24,3140,31
2021-01-27,Butte,007,227075,10623,9988,1474,11462,138
2021-01-27,Calaveras,009,45235,1748,1737,10,1747,21
2021-01-27,Colusa,011,21464,1760,1724,202,1926,8
2021-01-27,Contra Costa,013,1133247,57964,55578,955,56533,507
2021-01-27,Del Norte,015,27424,890,859,4,863,2
2021-01-27,El Dorado,017,186661,8550,8141,560,8701,76
2021-01-27,Fresno,019,978130,90710,86886,6810,93696,938
2021-01-27,Glenn,021,27897,2115,2042,433,2475,14
2021-01-27,Humboldt,023,135768,2794,2630,18,2648,24
2021-01-27,Imperial,025,180216,26492,25861,2322,28183,504
2021-01-27,Inyo,027,18085,1083,1023,8,1031,27
2021-01-27,Kern,029,883053,87593,84244,8270,92514,809
2021-01-27,Kings,031,150075,20949,20211,843,21054,167
2021-01-27,Lake,033,64148,2858,2750,1,2751,32
2021-01-27,Lassen,035,31185,4936,4851,86,4937,1
2021-01-27,Los Angeles,037,10098052,1113867,1066569,35305,1101874,15757
2021-01-27,Madera,039,155013,14686,14194,703,14897,86
2021-01-27,Marin,041,260295,12347,12028,134,12162,180
2021-01-27,Mariposa,043,17540,355,333,3,336,4
2021-01-27,Mendocino,045,87422,3276,3095,62,3157,36
2021-01-27,Merced,047,269075,26046,25439,732,26171,315
2021-01-27,Modoc,049,8938,311,297,96,393,0
2021-01-27,Mono,051,14174,1131,1131,15,1146,3
2021-01-27,Monterey,053,433212,39353,38139,1342,39481,268
2021-01-27,Napa,055,140530,8384,8187,30,8217,46
2021-01-27,Nevada,057,99092,3621,3431,141,3572,18
2021-01-27,Orange,059,3164182,233415,227110,9318,236428,2832
2021-01-27,Placer,061,380077,19273,18106,959,19065,198
2021-01-27,Plumas,063,18699,618,544,10,554,2
2021-01-27,Riverside,065,2383286,271280,260796,12569,273365,2931
2021-01-27,Sacramento,067,1510023,87292,85428,1037,86465,1142
2021-01-27,San Benito,069,59416,5402,5284,68,5352,47
2021-01-27,San Bernardino,071,2135413,274864,265153,7975,273128,2019
2021-01-27,San Diego,073,3302833,245161,231478,11472,242950,2465
2021-01-27,San Francisco,075,870044,31544,31082,839,31921,287
2021-01-27,San Joaquin,077,732212,62223,60131,2417,62548,853
2021-01-27,San Luis Obispo,079,281455,17946,17119,461,17580,188
2021-01-27,San Mateo,081,765935,36614,34619,336,34955,216
2021-01-27,Santa Barbara,083,443738,29100,27435,864,28299,282
2021-01-27,Santa Clara,085,1922200,102102,99732,457,100189,1184
2021-01-27,Santa Cruz,087,273765,14301,13111,671,13782,143
2021-01-27,Shasta,089,179085,10311,10106,1067,11173,105
2021-01-27,Sierra,091,2930,48,44,12,56,0
2021-01-27,Siskiyou,093,43540,1325,1214,188,1402,4
2021-01-27,Solano,095,438530,27797,26982,311,27293,112
2021-01-27,Sonoma,097,501317,25917,25361,132,25493,237
2021-01-27,Stanislaus,099,539301,46662,44874,4733,49607,624
2021-01-27,Sutter,101,95872,8251,8093,76,8169,83
2021-01-27,Tehama,103,63373,4294,4133,449,4582,20
2021-01-27,Trinity,105,12862,439,260,63,323,3
2021-01-27,Tulare,107,460477,45337,43462,6524,49986,583
2021-01-27,Tuolumne,109,53932,3467,3464,34,3498,32
2021-01-27,Ventura,111,848112,70653,68291,2462,70753,468
2021-01-27,Yolo,113,214977,12022,11427,126,11553,151
2021-01-27,Yuba,115,75493,5120,4968,71,5039,32
2021-01-26,Alameda,001,1643700,73926,71851,1519,73370,789
2021-01-26,Alpine,003,1148,73,72,0,72,0
2021-01-26,Amador,005,37829,3207,3113,24,3137,31
2021-01-26,Butte,007,227075,10581,9943,1468,11411,136
2021-01-26,Calaveras,009,45235,1738,1723,10,1733,21
2021-01-26,Colusa,011,21464,1753,1719,199,1918,8
2021-01-26,Contra Costa,013,1133247,57691,55337,947,56284,491
2021-01-26,Del Norte,015,27424,889,856,4,860,2
2021-01-26,El Dorado,017,186661,8526,8115,558,8673,71
2021-01-26,Fresno,019,978130,90352,86673,6767,93440,923
2021-01-26,Glenn,021,27897,2105,2034,428,2462,13
2021-01-26,Humboldt,023,135768,2773,2612,17,2629,24
2021-01-26,Imperial,025,180216,26420,25812,2310,28122,498
2021-01-26,Inyo,027,18085,1077,1018,8,1026,27
2021-01-26,Kern,029,883053,87170,83868,8195,92063,790
2021-01-26,Kings,031,150075,20891,20156,838,20994,159
2021-01-26,Lake,033,64148,2850,2748,1,2749,32
2021-01-26,Lassen,035,31185,4930,4844,86,4930,1
2021-01-26,Los Angeles,037,10098052,1108578,1060492,35105,1095597,15458
2021-01-26,Madera,039,155013,14629,14130,697,14827,86
2021-01-26,Marin,041,260295,12303,11993,132,12125,179
2021-01-26,Mariposa,043,17540,353,332,3,335,3
2021-01-26,Mendocino,045,87422,3250,3076,61,3137,36
2021-01-26,Merced,047,269075,25906,25359,724,26083,309
2021-01-26,Modoc,049,8938,304,291,95,386,0
2021-01-26,Mono,051,14174,1129,1120,15,1135,3
2021-01-26,Monterey,053,433212,39159,37963,1322,39285,255
2021-01-26,Napa,055,140530,8327,8145,30,8175,43
2021-01-26,Nevada,057,99092,3614,3410,140,3550,18
2021-01-26,Orange,059,3164182,232292,225987,9272,235259,2760
2021-01-26,Placer,061,380077,19197,18016,957,18973,193
2021-01-26,Plumas,063,18699,616,536,10,546,2
2021-01-26,Riverside,065,2383286,269910,259399,12506,271905,2898
2021-01-26,Sacramento,067,1510023,86933,85062,1030,86092,1127
2021-01-26,San Benito,069,59416,5388,5251,67,5318,45
2021-01-26,San Bernardino,071,2135413,273870,263736,7933,271669,1970
2021-01-26,San Diego,073,3302833,243666,230063,11370,241433,2421
2021-01-26,San Francisco,075,870044,31412,30874,820,31694,286
2021-01-26,San Joaquin,077,732212,61971,59889,2401,62290,847
2021-01-26,San Luis Obispo,079,281455,17865,17016,458,17474,186
2021-01-26,San Mateo,081,765935,36420,34441,325,34766,213
2021-01-26,Santa Barbara,083,443738,28924,27321,852,28173,273
2021-01-26,Santa Clara,085,1922200,101623,99215,454,99669,1171
2021-01-26,Santa Cruz,087,273765,14235,13045,665,13710,134
2021-01-26,Shasta,089,179085,10276,10036,1059,11095,103
2021-01-26,Sierra,091,2930,48,43,12,55,0
2021-01-26,Siskiyou,093,43540,1310,1208,186,1394,4
2021-01-26,Solano,095,438530,27641,26858,304,27162,110
2021-01-26,Sonoma,097,501317,25798,25273,130,25403,236
2021-01-26,Stanislaus,099,539301,46480,44703,4693,49396,599
2021-01-26,Sutter,101,95872,8208,8067,76,8143,83
2021-01-26,Tehama,103,63373,4261,4115,449,4564,20
2021-01-26,Trinity,105,12862,439,260,63,323,3
2021-01-26,Tulare,107,460477,45134,43394,6456,49850,579
2021-01-26,Tuolumne,109,53932,3457,3451,34,3485,30
2021-01-26,Ventura,111,848112,70121,67526,2436,69962,448
2021-01-26,Yolo,113,214977,11977,11361,123,11484,148
2021-01-26,Yuba,115,75493,5095,4944,69,5013,31
2021-01-25,Alameda,001,1643700,73500,71255,1509,72764,780
2021-01-25,Alpine,003,1148,73,72,0,72,0
2021-01-25,Amador,005,37829,3167,3074,24,3098,30
2021-01-25,Butte,007,227075,10514,9865,1460,11325,133
2021-01-25,Calaveras,009,45235,1723,1713,10,1723,21
2021-01-25,Colusa,011,21464,1741,1709,195,1904,8
2021-01-25,Contra Costa,013,1133247,57339,54989,940,55929,488
2021-01-25,Del Norte,015,27424,889,855,4,859,2
2021-01-25,El Dorado,017,186661,8501,8060,558,8618,66
2021-01-25,Fresno,019,978130,89982,86336,6735,93071,913
2021-01-25,Glenn,021,27897,2096,2028,428,2456,13
2021-01-25,Humboldt,023,135768,2739,2587,17,2604,24
2021-01-25,Imperial,025,180216,26372,25745,2303,28048,491
2021-01-25,Inyo,027,18085,1071,1015,8,1023,27
2021-01-25,Kern,029,883053,86785,83401,8110,91511,787
2021-01-25,Kings,031,150075,20771,20067,834,20901,159
2021-01-25,Lake,033,64148,2832,2729,1,2730,32
2021-01-25,Lassen,035,31185,4903,4835,86,4921,1
2021-01-25,Los Angeles,037,10098052,1102611,1055181,34885,1090066,15163
2021-01-25,Madera,039,155013,14574,14068,692,14760,86
2021-01-25,Marin,041,260295,12254,11923,128,12051,177
2021-01-25,Mariposa,043,17540,350,331,3,334,3
2021-01-25,Mendocino,045,87422,3239,3054,61,3115,35
2021-01-25,Merced,047,269075,25767,25181,715,25896,305
2021-01-25,Modoc,049,8938,303,288,91,379,0
2021-01-25,Mono,051,14174,1126,1114,14,1128,3
2021-01-25,Monterey,053,433212,38907,37726,1303,39029,255
2021-01-25,Napa,055,140530,8293,8057,29,8086,43
2021-01-25,Nevada,057,99092,3600,3365,140,3505,18
2021-01-25,Orange,059,3164182,231083,225105,9227,234332,2696
2021-01-25,Placer,061,380077,19107,17936,942,18878,193
2021-01-25,Plumas,063,18699,613,533,10,543,2
2021-01-25,Riverside,065,2383286,268172,258082,12453,270535,2789
2021-01-25,Sacramento,067,1510023,86491,84653,1022,85675,1118
2021-01-25,San Benito,069,59416,5353,5238,66,5304,43
2021-01-25,San Bernardino,071,2135413,272945,263174,7897,271071,1947
2021-01-25,San Diego,073,3302833,242053,228630,11298,239928,2375
2021-01-25,San Francisco,075,870044,31265,30734,797,31531,288
2021-01-25,San Joaquin,077,732212,61680,59291,2376,61667,838
2021-01-25,San Luis Obispo,079,281455,17731,16868,453,17321,179
2021-01-25,San Mateo,081,765935,36187,34187,319,34506,213
2021-01-25,Santa Barbara,083,443738,28690,27065,842,27907,269
2021-01-25,Santa Clara,085,1922200,101099,98647,446,99093,1143
2021-01-25,Santa Cruz,087,273765,14148,12973,661,13634,133
2021-01-25,Shasta,089,179085,10235,9991,1048,11039,103
2021-01-25,Sierra,091,2930,48,42,12,54,0
2021-01-25,Siskiyou,093,43540,1302,1205,183,1388,4
2021-01-25,Solano,095,438530,27473,26648,303,26951,109
2021-01-25,Sonoma,097,501317,25691,25160,128,25288,233
2021-01-25,Stanislaus,099,539301,46234,44293,4651,48944,599
2021-01-25,Sutter,101,95872,8165,8023,76,8099,83
2021-01-25,Tehama,103,63373,4234,4082,445,4527,20
2021-01-25,Trinity,105,12862,439,262,63,325,3
2021-01-25,Tulare,107,460477,44917,43124,6354,49478,578
2021-01-25,Tuolumne,109,53932,3448,3422,34,3456,29
2021-01-25,Ventura,111,848112,69500,66910,2420,69330,439
2021-01-25,Yolo,113,214977,11892,11276,122,11398,140
2021-01-25,Yuba,115,75493,5074,4900,67,4967,31
2021-01-24,Alameda,001,1643700,72998,70823,1498,72321,780
2021-01-24,Alpine,003,1148,73,72,0,72,0
2021-01-24,Amador,005,37829,3134,3054,24,3078,30
2021-01-24,Butte,007,227075,10430,9820,1444,11264,133
2021-01-24,Calaveras,009,45235,1710,1704,10,1714,21
2021-01-24,Colusa,011,21464,1730,1689,189,1878,8
2021-01-24,Contra Costa,013,1133247,56954,54694,928,55622,488
2021-01-24,Del Norte,015,27424,885,855,4,859,2
2021-01-24,El Dorado,017,186661,8466,8003,554,8557,66
2021-01-24,Fresno,019,978130,89543,85808,6696,92504,911
2021-01-24,Glenn,021,27897,2088,2026,427,2453,13
2021-01-24,Humboldt,023,135768,2700,2562,17,2579,24
2021-01-24,Imperial,025,180216,26276,25707,2282,27989,488
2021-01-24,Inyo,027,18085,1055,1007,8,1015,27
2021-01-24,Kern,029,883053,86350,83125,8003,91128,785
2021-01-24,Kings,031,150075,20643,19988,818,20806,159
2021-01-24,Lake,033,64148,2815,2724,0,2724,32
2021-01-24,Lassen,035,31185,4892,4828,83,4911,1
2021-01-24,Los Angeles,037,10098052,1096193,1048757,34582,1083339,15119
2021-01-24,Madera,039,155013,14491,14000,686,14686,86
2021-01-24,Marin,041,260295,12190,11872,127,11999,177
2021-01-24,Mariposa,043,17540,346,322,3,325,3
2021-01-24,Mendocino,045,87422,3218,3037,60,3097,33
2021-01-24,Merced,047,269075,25556,25047,706,25753,305
2021-01-24,Modoc,049,8938,303,285,91,376,0
2021-01-24,Mono,051,14174,1119,1113,14,1127,3
2021-01-24,Monterey,053,433212,38635,37527,1269,38796,254
2021-01-24,Napa,055,140530,8251,8005,29,8034,43
2021-01-24,Nevada,057,99092,3558,3349,138,3487,18
2021-01-24,Orange,059,3164182,229650,223853,9158,233011,2632
2021-01-24,Placer,061,380077,18994,17839,922,18761,193
2021-01-24,Plumas,063,18699,610,532,10,542,2
2021-01-24,Riverside,065,2383286,266532,256767,12377,269144,2761
2021-01-24,Sacramento,067,1510023,85938,84110,1014,85124,1112
2021-01-24,San Benito,069,59416,5311,5223,63,5286,43
2021-01-24,San Bernardino,071,2135413,271633,262370,7845,270215,1935
2021-01-24,San Diego,073,3302833,240359,227193,11167,238360,2375
2021-01-24,San Francisco,075,870044,31075,30559,776,31335,275
2021-01-24,San Joaquin,077,732212,61254,59021,2362,61383,838
2021-01-24,San Luis Obispo,079,281455,17607,16758,451,17209,179
2021-01-24,San Mateo,081,765935,35942,33956,314,34270,213
2021-01-24,Santa Barbara,083,443738,28375,26735,832,27567,269
2021-01-24,Santa Clara,085,1922200,100464,98103,441,98544,1109
2021-01-24,Santa Cruz,087,273765,14062,12905,653,13558,133
2021-01-24,Shasta,089,179085,10164,9978,1039,11017,103
2021-01-24,Sierra,091,2930,47,42,12,54,0
2021-01-24,Siskiyou,093,43540,1295,1195,183,1378,4
2021-01-24,Solano,095,438530,27287,26515,299,26814,109
2021-01-24,Sonoma,097,501317,25529,25045,127,25172,233
2021-01-24,Stanislaus,099,539301,45925,44031,4592,48623,599
2021-01-24,Sutter,101,95872,8101,7980,76,8056,83
2021-01-24,Tehama,103,63373,4194,4062,442,4504,20
2021-01-24,Trinity,105,12862,439,262,63,325,3
2021-01-24,Tulare,107,460477,44697,43006,6265,49271,577
2021-01-24,Tuolumne,109,53932,3437,3416,34,3450,29
2021-01-24,Ventura,111,848112,68810,66347,2398,68745,439
2021-01-24,Yolo,113,214977,11809,11210,118,11328,140
2021-01-24,Yuba,115,75493,5034,4875,66,4941,31
2021-01-23,Alameda,001,1643700,72750,70080,1492,71572,780
2021-01-23,Alpine,003,1148,73,72,0,72,0
2021-01-23,Amador,005,37829,3131,3049,24,3073,30
2021-01-23,Butte,007,227075,10401,9757,1441,11198,133
2021-01-23,Calaveras,009,45235,1707,1695,10,1705,21
2021-01-23,Colusa,011,21464,1726,1672,188,1860,8
2021-01-23,Contra Costa,013,1133247,56740,54162,922,55084,487
2021-01-23,Del Norte,015,27424,883,855,4,859,2
2021-01-23,El Dorado,017,186661,8450,7984,552,8536,66
2021-01-23,Fresno,019,978130,89356,85274,6668,91942,910
2021-01-23,Glenn,021,27897,2085,2015,423,2438,13
2021-01-23,Humboldt,023,135768,2681,2493,16,2509,23
2021-01-23,Imperial,025,180216,26242,25581,2270,27851,487
2021-01-23,Inyo,027,18085,1046,987,8,995,27
2021-01-23,Kern,029,883053,86107,82602,7935,90537,783
2021-01-23,Kings,031,150075,20599,19904,816,20720,159
2021-01-23,Lake,033,64148,2806,2673,0,2673,32
2021-01-23,Lassen,035,31185,4891,4816,80,4896,1
2021-01-23,Los Angeles,037,10098052,1092955,1040961,34423,1075384,15034
2021-01-23,Madera,039,155013,14454,13858,683,14541,86
2021-01-23,Marin,041,260295,12134,11796,125,11921,177
2021-01-23,Mariposa,043,17540,346,323,3,326,3
2021-01-23,Mendocino,045,87422,3204,2991,60,3051,32
2021-01-23,Merced,047,269075,25464,24787,692,25479,303
2021-01-23,Modoc,049,8938,303,285,91,376,0
2021-01-23,Mono,051,14174,1117,1111,14,1125,3
2021-01-23,Monterey,053,433212,38552,37165,1264,38429,253
2021-01-23,Napa,055,140530,8226,7893,29,7922,43
2021-01-23,Nevada,057,99092,3547,3332,137,3469,18
2021-01-23,Orange,059,3164182,228881,221722,9118,230840,2618
2021-01-23,Placer,061,380077,18944,17617,917,18534,193
2021-01-23,Plumas,063,18699,609,528,10,538,2
2021-01-23,Riverside,065,2383286,265633,253636,12327,265963,2733
2021-01-23,Sacramento,067,1510023,85710,83408,1011,84419,1108
2021-01-23,San Benito,069,59416,5287,5166,62,5228,43
2021-01-23,San Bernardino,071,2135413,271076,260381,7815,268196,1922
2021-01-23,San Diego,073,3302833,239298,225556,11095,236651,2344
2021-01-23,San Francisco,075,870044,30970,30308,746,31054,268
2021-01-23,San Joaquin,077,732212,61126,58164,2352,60516,836
2021-01-23,San Luis Obispo,079,281455,17543,16652,448,17100,176
2021-01-23,San Mateo,081,765935,35766,33696,303,33999,213
2021-01-23,Santa Barbara,083,443738,28190,26234,823,27057,264
2021-01-23,Santa Clara,085,1922200,100105,97189,440,97629,1086
2021-01-23,Santa Cruz,087,273765,14004,12771,650,13421,127
2021-01-23,Shasta,089,179085,10135,9951,1038,10989,103
2021-01-23,Sierra,091,2930,47,41,12,53,0
2021-01-23,Siskiyou,093,43540,1286,1190,182,1372,4
2021-01-23,Solano,095,438530,27194,26261,297,26558,107
2021-01-23,Sonoma,097,501317,25449,24790,127,24917,232
2021-01-23,Stanislaus,099,539301,45758,43723,4561,48284,599
2021-01-23,Sutter,101,95872,8083,7943,75,8018,80
2021-01-23,Tehama,103,63373,4175,4006,441,4447,20
2021-01-23,Trinity,105,12862,439,262,63,325,3
2021-01-23,Tulare,107,460477,44544,42661,6205,48866,575
2021-01-23,Tuolumne,109,53932,3430,3407,34,3441,29
2021-01-23,Ventura,111,848112,68354,65581,2375,67956,438
2021-01-23,Yolo,113,214977,11768,11087,116,11203,141
2021-01-23,Yuba,115,75493,5022,4831,65,4896,30
2021-01-22,Alameda,001,1643700,72432,69693,1485,71178,751
2021-01-22,Alpine,003,1148,73,71,0,71,0
2021-01-22,Amador,005,37829,3126,3042,24,3066,30
2021-01-22,Butte,007,227075,10357,9711,1428,11139,133
2021-01-22,Calaveras,009,45235,1698,1672,10,1682,21
2021-01-22,Colusa,011,21464,1724,1668,188,1856,7
2021-01-22,Contra Costa,013,1133247,56502,53887,916,54803,485
2021-01-22,Del Norte,015,27424,882,852,4,856,2
2021-01-22,El Dorado,017,186661,8417,7877,549,8426,64
2021-01-22,Fresno,019,978130,89016,84744,6640,91384,892
2021-01-22,Glenn,021,27897,2080,1985,417,2402,13
2021-01-22,Humboldt,023,135768,2657,2452,16,2468,23
2021-01-22,Imperial,025,180216,26207,25562,2255,27817,474
2021-01-22,Inyo,027,18085,1035,961,8,969,26
2021-01-22,Kern,029,883053,85810,82101,7859,89960,771
2021-01-22,Kings,031,150075,20523,19760,812,20572,159
2021-01-22,Lake,033,64148,2794,2681,0,2681,32
2021-01-22,Lassen,035,31185,4882,4765,79,4844,1
2021-01-22,Los Angeles,037,10098052,1088485,1031177,34235,1065412,14777
2021-01-22,Madera,039,155013,14394,13781,682,14463,86
2021-01-22,Marin,041,260295,12097,11769,123,11892,177
2021-01-22,Mariposa,043,17540,346,323,3,326,3
2021-01-22,Mendocino,045,87422,3179,2994,59,3053,32
2021-01-22,Merced,047,269075,25341,24616,685,25301,290
2021-01-22,Modoc,049,8938,303,285,91,376,0
2021-01-22,Mono,051,14174,1117,1108,14,1122,3
2021-01-22,Monterey,053,433212,38399,36909,1259,38168,253
2021-01-22,Napa,055,140530,8180,7828,29,7857,40
2021-01-22,Nevada,057,99092,3522,3296,136,3432,18
2021-01-22,Orange,059,3164182,227928,220384,9071,229455,2542
2021-01-22,Placer,061,380077,18887,17636,902,18538,193
2021-01-22,Plumas,063,18699,607,522,10,532,2
2021-01-22,Riverside,065,2383286,264489,252440,12261,264701,2710
2021-01-22,Sacramento,067,1510023,85380,82861,1003,83864,1094
2021-01-22,San Benito,069,59416,5261,5143,62,5205,43
2021-01-22,San Bernardino,071,2135413,270273,259121,7785,266906,1849
2021-01-22,San Diego,073,3302833,238058,222576,11030,233606,2301
2021-01-22,San Francisco,075,870044,30856,30027,729,30756,266
2021-01-22,San Joaquin,077,732212,60942,58485,2340,60825,812
2021-01-22,San Luis Obispo,079,281455,17454,16336,445,16781,172
2021-01-22,San Mateo,081,765935,35544,33401,300,33701,211
2021-01-22,Santa Barbara,083,443738,27990,25989,812,26801,256
2021-01-22,Santa Clara,085,1922200,99659,96435,437,96872,1062
2021-01-22,Santa Cruz,087,273765,13946,12687,646,13333,123
2021-01-22,Shasta,089,179085,10115,9866,1036,10902,103
2021-01-22,Sierra,091,2930,47,40,12,52,0
2021-01-22,Siskiyou,093,43540,1282,1182,180,1362,4
2021-01-22,Solano,095,438530,27104,26048,295,26343,107
2021-01-22,Sonoma,097,501317,25364,24659,127,24786,232
2021-01-22,Stanislaus,099,539301,45592,43489,4535,48024,599
2021-01-22,Sutter,101,95872,8058,7878,75,7953,80
2021-01-22,Tehama,103,63373,4161,3993,439,4432,19
2021-01-22,Trinity,105,12862,438,263,63,326,3
2021-01-22,Tulare,107,460477,44365,42307,6138,48445,573
2021-01-22,Tuolumne,109,53932,3402,3379,34,3413,29
2021-01-22,Ventura,111,848112,67841,64404,2356,66760,426
2021-01-22,Yolo,113,214977,11735,11014,114,11128,141
2021-01-22,Yuba,115,75493,4998,4789,63,4852,29
2021-01-21,Alameda,001,1643700,71996,69314,1468,70782,739
2021-01-21,Alpine,003,1148,73,71,0,71,0
2021-01-21,Amador,005,37829,3104,3038,24,3062,29
2021-01-21,Butte,007,227075,10293,9643,1421,11064,130
2021-01-21,Calaveras,009,45235,1690,1647,10,1657,21
2021-01-21,Colusa,011,21464,1717,1662,186,1848,7
2021-01-21,Contra Costa,013,1133247,56112,53595,904,54499,478
2021-01-21,Del Norte,015,27424,880,850,3,853,2
2021-01-21,El Dorado,017,186661,8367,7823,546,8369,58
2021-01-21,Fresno,019,978130,88612,84137,6600,90737,889
2021-01-21,Glenn,021,27897,2072,1964,412,2376,13
2021-01-21,Humboldt,023,135768,2634,2423,16,2439,23
2021-01-21,Imperial,025,180216,26120,25509,2243,27752,463
2021-01-21,Inyo,027,18085,1026,946,8,954,26
2021-01-21,Kern,029,883053,85397,81328,7744,89072,769
2021-01-21,Kings,031,150075,20452,19633,795,20428,158
2021-01-21,Lake,033,64148,2780,2669,0,2669,32
2021-01-21,Lassen,035,31185,4875,4763,79,4842,1
2021-01-21,Los Angeles,037,10098052,1081819,1023055,33922,1056977,14537
2021-01-21,Madera,039,155013,14330,13664,674,14338,86
2021-01-21,Marin,041,260295,12042,11732,121,11853,173
2021-01-21,Mariposa,043,17540,342,322,3,325,3
2021-01-21,Mendocino,045,87422,3156,2967,57,3024,32
2021-01-21,Merced,047,269075,25186,24426,678,25104,245
2021-01-21,Modoc,049,8938,300,284,90,374,0
2021-01-21,Mono,051,14174,1112,1104,14,1118,3
2021-01-21,Monterey,053,433212,38118,36149,1250,37399,253
2021-01-21,Napa,055,140530,8116,7774,29,7803,40
2021-01-21,Nevada,057,99092,3493,3274,135,3409,18
2021-01-21,Orange,059,3164182,226552,218867,9017,227884,2540
2021-01-21,Placer,061,380077,18809,17553,898,18451,190
2021-01-21,Plumas,063,18699,603,518,10,528,2
2021-01-21,Riverside,065,2383286,262766,251007,12183,263190,2676
2021-01-21,Sacramento,067,1510023,84901,82303,983,83286,1084
2021-01-21,San Benito,069,59416,5231,5100,57,5157,43
2021-01-21,San Bernardino,071,2135413,268954,257754,7720,265474,1832
2021-01-21,San Diego,073,3302833,236283,219729,10923,230652,2222
2021-01-21,San Francisco,075,870044,30684,29801,695,30496,266
2021-01-21,San Joaquin,077,732212,60636,58270,2322,60592,806
2021-01-21,San Luis Obispo,079,281455,17368,16153,437,16590,169
2021-01-21,San Mateo,081,765935,35298,33156,287,33443,210
2021-01-21,Santa Barbara,083,443738,27702,25654,799,26453,253
2021-01-21,Santa Clara,085,1922200,99071,96028,432,96460,1062
2021-01-21,Santa Cruz,087,273765,13862,12548,636,13184,119
2021-01-21,Shasta,089,179085,10072,9795,1021,10816,98
2021-01-21,Sierra,091,2930,47,40,12,52,0
2021-01-21,Siskiyou,093,43540,1279,1178,178,1356,4
2021-01-21,Solano,095,438530,26925,25885,291,26176,106
2021-01-21,Sonoma,097,501317,25224,24440,125,24565,230
2021-01-21,Stanislaus,099,539301,45294,43223,4491,47714,599
2021-01-21,Sutter,101,95872,8024,7822,75,7897,80
2021-01-21,Tehama,103,63373,4122,3938,438,4376,19
2021-01-21,Trinity,105,12862,438,261,63,324,3
2021-01-21,Tulare,107,460477,44154,42082,6064,48146,569
2021-01-21,Tuolumne,109,53932,3392,3365,33,3398,29
2021-01-21,Ventura,111,848112,67142,63995,2336,66331,420
2021-01-21,Yolo,113,214977,11644,10940,106,11046,141
2021-01-21,Yuba,115,75493,4966,4757,62,4819,29
2021-01-20,Alameda,001,1643700,71523,68785,1452,70237,702
2021-01-20,Alpine,003,1148,73,71,0,71,0
2021-01-20,Amador,005,37829,3073,3036,24,3060,29
2021-01-20,Butte,007,227075,10237,9582,1411,10993,130
2021-01-20,Calaveras,009,45235,1668,1637,9,1646,21
2021-01-20,Colusa,011,21464,1700,1630,181,1811,7
2021-01-20,Contra Costa,013,1133247,55687,53108,895,54003,461
2021-01-20,Del Norte,015,27424,879,848,3,851,2
2021-01-20,El Dorado,017,186661,8317,7785,543,8328,53
2021-01-20,Fresno,019,978130,88193,83591,6546,90137,872
2021-01-20,Glenn,021,27897,2053,1955,410,2365,13
2021-01-20,Humboldt,023,135768,2591,2390,16,2406,22
2021-01-20,Imperial,025,180216,26048,25380,2209,27589,461
2021-01-20,Inyo,027,18085,1016,901,8,909,26
2021-01-20,Kern,029,883053,84947,80701,7638,88339,754
2021-01-20,Kings,031,150075,20362,19522,787,20309,146
2021-01-20,Lake,033,64148,2760,2646,0,2646,31
2021-01-20,Lassen,035,31185,4867,4758,77,4835,1
2021-01-20,Los Angeles,037,10098052,1074316,1015608,33641,1049249,14299
2021-01-20,Madera,039,155013,14265,13585,670,14255,86
2021-01-20,Marin,041,260295,11986,11684,119,11803,171
2021-01-20,Mariposa,043,17540,340,322,3,325,3
2021-01-20,Mendocino,045,87422,3141,2957,57,3014,32
2021-01-20,Merced,047,269075,25013,24220,656,24876,243
2021-01-20,Modoc,049,8938,299,282,90,372,0
2021-01-20,Mono,051,14174,1105,1105,13,1118,3
2021-01-20,Monterey,053,433212,37806,35960,1230,37190,249
2021-01-20,Napa,055,140530,8047,7731,29,7760,40
2021-01-20,Nevada,057,99092,3461,3238,135,3373,18
2021-01-20,Orange,059,3164182,225016,216893,8956,225849,2500
2021-01-20,Placer,061,380077,18715,17455,880,18335,186
2021-01-20,Plumas,063,18699,601,512,10,522,2
2021-01-20,Riverside,065,2383286,260722,248686,12100,260786,2615
2021-01-20,Sacramento,067,1510023,84341,81687,973,82660,1072
2021-01-20,San Benito,069,59416,5200,5036,56,5092,35
2021-01-20,San Bernardino,071,2135413,267629,255921,7673,263594,1801
2021-01-20,San Diego,073,3302833,234428,218553,10819,229372,2174
2021-01-20,San Francisco,075,870044,30497,29665,674,30339,262
2021-01-20,San Joaquin,077,732212,60232,58025,2313,60338,783
2021-01-20,San Luis Obispo,079,281455,17186,15936,428,16364,164
2021-01-20,San Mateo,081,765935,35071,32929,286,33215,210
2021-01-20,Santa Barbara,083,443738,27384,25312,787,26099,248
2021-01-20,Santa Clara,085,1922200,98426,94995,430,95425,1040
2021-01-20,Santa Cruz,087,273765,13755,12460,623,13083,107
2021-01-20,Shasta,089,179085,10020,9697,1011,10708,98
2021-01-20,Sierra,091,2930,47,40,12,52,0
2021-01-20,Siskiyou,093,43540,1272,1163,177,1340,4
2021-01-20,Solano,095,438530,26732,25659,287,25946,106
2021-01-20,Sonoma,097,501317,25087,24262,123,24385,223
2021-01-20,Stanislaus,099,539301,45014,42955,4453,47408,585
2021-01-20,Sutter,101,95872,7973,7772,73,7845,80
2021-01-20,Tehama,103,63373,4096,3892,435,4327,19
2021-01-20,Trinity,105,12862,438,260,63,323,3
2021-01-20,Tulare,107,460477,43897,41799,5974,47773,559
2021-01-20,Tuolumne,109,53932,3378,3355,32,3387,29
2021-01-20,Ventura,111,848112,66181,63413,2307,65720,395
2021-01-20,Yolo,113,214977,11578,10852,103,10955,141
2021-01-20,Yuba,115,75493,4940,4729,62,4791,29
2021-01-19,Alameda,001,1643700,70883,68434,1443,69877,680
2021-01-19,Alpine,003,1148,73,71,0,71,0
2021-01-19,Amador,005,37829,3064,3024,24,3048,28
2021-01-19,Butte,007,227075,10174,9528,1397,10925,129
2021-01-19,Calaveras,009,45235,1653,1621,8,1629,21
2021-01-19,Colusa,011,21464,1678,1617,178,1795,7
2021-01-19,Contra Costa,013,1133247,55224,52730,885,53615,448
2021-01-19,Del Norte,015,27424,877,843,3,846,2
2021-01-19,El Dorado,017,186661,8256,7743,535,8278,47
2021-01-19,Fresno,019,978130,87671,83200,6496,89696,857
2021-01-19,Glenn,021,27897,2041,1948,405,2353,13
2021-01-19,Humboldt,023,135768,2567,2359,13,2372,22
2021-01-19,Imperial,025,180216,25967,25333,2192,27525,452
2021-01-19,Inyo,027,18085,1008,891,8,899,26
2021-01-19,Kern,029,883053,84359,80272,7533,87805,742
2021-01-19,Kings,031,150075,20223,19375,777,20152,143
2021-01-19,Lake,033,64148,2747,2625,0,2625,31
2021-01-19,Lassen,035,31185,4860,4753,77,4830,1
2021-01-19,Los Angeles,037,10098052,1065639,1010375,33374,1043749,14014
2021-01-19,Madera,039,155013,14154,13528,665,14193,86
2021-01-19,Marin,041,260295,11931,11654,115,11769,169
2021-01-19,Mariposa,043,17540,340,322,3,325,3
2021-01-19,Mendocino,045,87422,3124,2930,57,2987,32
2021-01-19,Merced,047,269075,24801,24108,647,24755,242
2021-01-19,Modoc,049,8938,298,281,90,371,0
2021-01-19,Mono,051,14174,1104,1106,13,1119,3
2021-01-19,Monterey,053,433212,37505,35840,1209,37049,248
2021-01-19,Napa,055,140530,7989,7672,29,7701,38
2021-01-19,Nevada,057,99092,3443,3216,133,3349,18
2021-01-19,Orange,059,3164182,223284,215244,8889,224133,2468
2021-01-19,Placer,061,380077,18618,17348,870,18218,182
2021-01-19,Plumas,063,18699,594,509,10,519,2
2021-01-19,Riverside,065,2383286,258637,246248,12022,258270,2585
2021-01-19,Sacramento,067,1510023,83804,81183,953,82136,1053
2021-01-19,San Benito,069,59416,5154,4988,55,5043,35
2021-01-19,San Bernardino,071,2135413,265922,253651,7619,261270,1777
2021-01-19,San Diego,073,3302833,232005,216833,10721,227554,2109
2021-01-19,San Francisco,075,870044,30278,29502,643,30145,261
2021-01-19,San Joaquin,077,732212,59851,57655,2302,59957,782
2021-01-19,San Luis Obispo,079,281455,16923,15855,425,16280,161
2021-01-19,San Mateo,081,765935,34786,32730,275,33005,208
2021-01-19,Santa Barbara,083,443738,27000,24991,771,25762,236
2021-01-19,Santa Clara,085,1922200,97691,94483,429,94912,1010
2021-01-19,Santa Cruz,087,273765,13638,12410,615,13025,106
2021-01-19,Shasta,089,179085,9984,9614,1001,10615,93
2021-01-19,Sierra,091,2930,47,40,10,50,0
2021-01-19,Siskiyou,093,43540,1264,1149,175,1324,4
2021-01-19,Solano,095,438530,26484,25520,286,25806,106
2021-01-19,Sonoma,097,501317,24907,24133,121,24254,223
2021-01-19,Stanislaus,099,539301,44666,42723,4408,47131,561
2021-01-19,Sutter,101,95872,7923,7709,67,7776,80
2021-01-19,Tehama,103,63373,4066,3876,433,4309,19
2021-01-19,Trinity,105,12862,437,260,63,323,3
2021-01-19,Tulare,107,460477,43618,41559,5879,47438,549
2021-01-19,Tuolumne,109,53932,3351,3328,32,3360,29
2021-01-19,Ventura,111,848112,65497,62656,2280,64936,383
2021-01-19,Yolo,113,214977,11493,10789,103,10892,134
2021-01-19,Yuba,115,75493,4906,4695,61,4756,29
2021-01-18,Alameda,001,1643700,70251,67938,1426,69364,680
2021-01-18,Alpine,003,1148,73,71,0,71,0
2021-01-18,Amador,005,37829,3050,3016,24,3040,28
2021-01-18,Butte,007,227075,10089,9474,1385,10859,129
2021-01-18,Calaveras,009,45235,1632,1617,7,1624,21
2021-01-18,Colusa,011,21464,1662,1608,176,1784,7
2021-01-18,Contra Costa,013,1133247,54715,52323,877,53200,448
2021-01-18,Del Norte,015,27424,876,840,3,843,2
2021-01-18,El Dorado,017,186661,8190,7707,533,8240,47
2021-01-18,Fresno,019,978130,87061,82485,6430,88915,857
2021-01-18,Glenn,021,27897,2024,1935,401,2336,13
2021-01-18,Humboldt,023,135768,2529,2343,13,2356,22
2021-01-18,Imperial,025,180216,25900,25317,2168,27485,452
2021-01-18,Inyo,027,18085,996,872,8,880,26
2021-01-18,Kern,029,883053,83722,79930,7442,87372,740
2021-01-18,Kings,031,150075,20053,19267,765,20032,141
2021-01-18,Lake,033,64148,2730,2591,0,2591,30
2021-01-18,Lassen,035,31185,4824,4749,76,4825,1
2021-01-18,Los Angeles,037,10098052,1056130,1002614,33091,1035705,13828
2021-01-18,Madera,039,155013,14052,13443,656,14099,85
2021-01-18,Marin,041,260295,11884,11607,113,11720,165
2021-01-18,Mariposa,043,17540,337,320,2,322,3
2021-01-18,Mendocino,045,87422,3101,2919,57,2976,31
2021-01-18,Merced,047,269075,24556,23927,631,24558,242
2021-01-18,Modoc,049,8938,295,281,87,368,0
2021-01-18,Mono,051,14174,1101,1101,13,1114,3
2021-01-18,Monterey,053,433212,37063,35549,1195,36744,247
2021-01-18,Napa,055,140530,7916,7601,29,7630,38
2021-01-18,Nevada,057,99092,3405,3199,133,3332,17
2021-01-18,Orange,059,3164182,221393,213866,8835,222701,2405
2021-01-18,Placer,061,380077,18502,17263,861,18124,182
2021-01-18,Plumas,063,18699,591,506,10,516,2
2021-01-18,Riverside,065,2383286,256325,244151,11929,256080,2568
2021-01-18,Sacramento,067,1510023,83134,80546,937,81483,1046
2021-01-18,San Benito,069,59416,5106,4963,53,5016,35
2021-01-18,San Bernardino,071,2135413,264202,252808,7564,260372,1775
2021-01-18,San Diego,073,3302833,229357,214335,10592,224927,2103
2021-01-18,San Francisco,075,870044,30071,29321,619,29940,259
2021-01-18,San Joaquin,077,732212,59338,57405,2281,59686,782
2021-01-18,San Luis Obispo,079,281455,16736,15742,415,16157,158
2021-01-18,San Mateo,081,765935,34474,32515,256,32771,208
2021-01-18,Santa Barbara,083,443738,26621,24638,758,25396,235
2021-01-18,Santa Clara,085,1922200,96903,93688,425,94113,992
2021-01-18,Santa Cruz,087,273765,13505,12298,602,12900,106
2021-01-18,Shasta,089,179085,9945,9600,991,10591,92
2021-01-18,Sierra,091,2930,46,40,10,50,0
2021-01-18,Siskiyou,093,43540,1251,1144,174,1318,4
2021-01-18,Solano,095,438530,26206,25344,282,25626,105
2021-01-18,Sonoma,097,501317,24639,24068,120,24188,223
2021-01-18,Stanislaus,099,539301,44309,42413,4352,46765,562
2021-01-18,Sutter,101,95872,7866,7680,65,7745,78
2021-01-18,Tehama,103,63373,4021,3854,426,4280,19
2021-01-18,Trinity,105,12862,437,260,63,323,3
2021-01-18,Tulare,107,460477,43328,41196,5773,46969,549
2021-01-18,Tuolumne,109,53932,3327,3318,31,3349,28
2021-01-18,Ventura,111,848112,65064,61859,2258,64117,379
2021-01-18,Yolo,113,214977,11371,10620,100,10720,134
2021-01-18,Yuba,115,75493,4879,4671,59,4730,29
2021-01-17,Alameda,001,1643700,69687,67375,1408,68783,676
2021-01-17,Alpine,003,1148,73,71,0,71,0
2021-01-17,Amador,005,37829,3043,3001,24,3025,28
2021-01-17,Butte,007,227075,10014,9411,1361,10772,129
2021-01-17,Calaveras,009,45235,1619,1608,7,1615,21
2021-01-17,Colusa,011,21464,1649,1588,172,1760,7
2021-01-17,Contra Costa,013,1133247,54208,51932,866,52798,447
2021-01-17,Del Norte,015,27424,876,838,3,841,2
2021-01-17,El Dorado,017,186661,8135,7659,522,8181,47
2021-01-17,Fresno,019,978130,86507,82039,6355,88394,857
2021-01-17,Glenn,021,27897,2013,1924,396,2320,9
2021-01-17,Humboldt,023,135768,2493,2322,11,2333,22
2021-01-17,Imperial,025,180216,25831,25253,2127,27380,451
2021-01-17,Inyo,027,18085,990,864,8,872,26
2021-01-17,Kern,029,883053,83173,79489,7356,86845,738
2021-01-17,Kings,031,150075,19917,19201,751,19952,131
2021-01-17,Lake,033,64148,2716,2572,0,2572,30
2021-01-17,Lassen,035,31185,4816,4740,75,4815,1
2021-01-17,Los Angeles,037,10098052,1049472,993028,32699,1025727,13741
2021-01-17,Madera,039,155013,13962,13328,652,13980,85
2021-01-17,Marin,041,260295,11832,11552,111,11663,164
2021-01-17,Mariposa,043,17540,337,319,2,321,3
2021-01-17,Mendocino,045,87422,3073,2912,56,2968,31
2021-01-17,Merced,047,269075,24344,23800,613,24413,242
2021-01-17,Modoc,049,8938,294,279,87,366,0
2021-01-17,Mono,051,14174,1094,1091,12,1103,3
2021-01-17,Monterey,053,433212,36819,35340,1169,36509,244
2021-01-17,Napa,055,140530,7860,7521,29,7550,38
2021-01-17,Nevada,057,99092,3380,3176,131,3307,17
2021-01-17,Orange,059,3164182,219396,212389,8761,221150,2359
2021-01-17,Placer,061,380077,18396,17194,846,18040,181
2021-01-17,Plumas,063,18699,589,505,9,514,2
2021-01-17,Riverside,065,2383286,254215,242206,11813,254019,2534
2021-01-17,Sacramento,067,1510023,82534,80154,925,81079,1045
2021-01-17,San Benito,069,59416,5068,4941,53,4994,35
2021-01-17,San Bernardino,071,2135413,262102,251487,7477,258964,1775
2021-01-17,San Diego,073,3302833,227163,211785,10485,222270,2103
2021-01-17,San Francisco,075,870044,29882,29139,582,29721,255
2021-01-17,San Joaquin,077,732212,58982,57094,2267,59361,780
2021-01-17,San Luis Obispo,079,281455,16614,15658,406,16064,157
2021-01-17,San Mateo,081,765935,34222,32186,233,32419,208
2021-01-17,Santa Barbara,083,443738,26160,24401,746,25147,235
2021-01-17,Santa Clara,085,1922200,96143,92752,422,93174,976
2021-01-17,Santa Cruz,087,273765,13393,12196,599,12795,106
2021-01-17,Shasta,089,179085,9887,9588,983,10571,92
2021-01-17,Sierra,091,2930,46,38,9,47,0
2021-01-17,Siskiyou,093,43540,1244,1136,171,1307,4
2021-01-17,Solano,095,438530,25980,25216,280,25496,105
2021-01-17,Sonoma,097,501317,24465,23871,120,23991,223
2021-01-17,Stanislaus,099,539301,43989,42221,4289,46510,562
2021-01-17,Sutter,101,95872,7803,7604,64,7668,77
2021-01-17,Tehama,103,63373,3990,3837,422,4259,18
2021-01-17,Trinity,105,12862,437,261,63,324,3
2021-01-17,Tulare,107,460477,43041,41016,5657,46673,549
2021-01-17,Tuolumne,109,53932,3310,3287,31,3318,27
2021-01-17,Ventura,111,848112,64213,61257,2211,63468,376
2021-01-17,Yolo,113,214977,11272,10519,98,10617,134
2021-01-17,Yuba,115,75493,4832,4640,56,4696,28
2021-01-16,Alameda,001,1643700,69365,66583,1396,67979,673
2021-01-16,Alpine,003,1148,73,71,0,71,0
2021-01-16,Amador,005,37829,3040,2986,24,3010,28
2021-01-16,Butte,007,227075,9983,9359,1341,10700,129
2021-01-16,Calaveras,009,45235,1606,1596,7,1603,21
2021-01-16,Colusa,011,21464,1638,1578,172,1750,7
2021-01-16,Contra Costa,013,1133247,53929,51363,859,52222,443
2021-01-16,Del Norte,015,27424,871,833,3,836,2
2021-01-16,El Dorado,017,186661,8113,7575,521,8096,47
2021-01-16,Fresno,019,978130,86232,81294,6301,87595,846
2021-01-16,Glenn,021,27897,2009,1894,393,2287,9
2021-01-16,Humboldt,023,135768,2473,2294,9,2303,22
2021-01-16,Imperial,025,180216,25793,25140,2120,27260,451
2021-01-16,Inyo,027,18085,986,845,8,853,25
2021-01-16,Kern,029,883053,82806,78865,7302,86167,733
2021-01-16,Kings,031,150075,19861,19072,748,19820,131
2021-01-16,Lake,033,64148,2704,2504,0,2504,30
2021-01-16,Lassen,035,31185,4804,4719,75,4794,1
2021-01-16,Los Angeles,037,10098052,1045386,982684,32464,1015148,13654
2021-01-16,Madera,039,155013,13896,13193,647,13840,85
2021-01-16,Marin,041,260295,11790,11482,111,11593,164
2021-01-16,Mariposa,043,17540,336,317,2,319,3
2021-01-16,Mendocino,045,87422,3059,2890,53,2943,31
2021-01-16,Merced,047,269075,24257,23478,599,24077,242
2021-01-16,Modoc,049,8938,294,278,87,365,0
2021-01-16,Mono,051,14174,1092,1079,12,1091,3
2021-01-16,Monterey,053,433212,36708,34972,1153,36125,243
2021-01-16,Napa,055,140530,7821,7356,29,7385,39
2021-01-16,Nevada,057,99092,3347,3144,131,3275,17
2021-01-16,Orange,059,3164182,218364,210111,8705,218816,2312
2021-01-16,Placer,061,380077,18332,16995,844,17839,177
2021-01-16,Plumas,063,18699,587,502,9,511,2
2021-01-16,Riverside,065,2383286,252857,239412,11698,251110,2506
2021-01-16,Sacramento,067,1510023,82160,79122,908,80030,1033
2021-01-16,San Benito,069,59416,5035,4875,53,4928,35
2021-01-16,San Bernardino,071,2135413,261275,249401,7410,256811,1755
2021-01-16,San Diego,073,3302833,225865,209895,10388,220283,2065
2021-01-16,San Francisco,075,870044,29753,28853,551,29404,244
2021-01-16,San Joaquin,077,732212,58739,56642,2234,58876,776
2021-01-16,San Luis Obispo,079,281455,16513,15466,404,15870,152
2021-01-16,San Mateo,081,765935,34058,31805,227,32032,208
2021-01-16,Santa Barbara,083,443738,25959,24088,742,24830,229
2021-01-16,Santa Clara,085,1922200,95647,91584,415,91999,954
2021-01-16,Santa Cruz,087,273765,13334,12026,597,12623,106
2021-01-16,Shasta,089,179085,9854,9547,979,10526,92
2021-01-16,Sierra,091,2930,45,38,9,47,0
2021-01-16,Siskiyou,093,43540,1239,1124,171,1295,4
2021-01-16,Solano,095,438530,25871,24732,276,25008,103
2021-01-16,Sonoma,097,501317,24374,23607,119,23726,223
2021-01-16,Stanislaus,099,539301,43801,41809,4239,46048,562
2021-01-16,Sutter,101,95872,7771,7560,64,7624,76
2021-01-16,Tehama,103,63373,3976,3783,422,4205,18
2021-01-16,Trinity,105,12862,437,261,63,324,3
2021-01-16,Tulare,107,460477,42862,40655,5584,46239,542
2021-01-16,Tuolumne,109,53932,3302,3269,31,3300,27
2021-01-16,Ventura,111,848112,63660,60368,2181,62549,369
2021-01-16,Yolo,113,214977,11221,10406,97,10503,134
2021-01-16,Yuba,115,75493,4804,4602,56,4658,27
2021-01-15,Alameda,001,1643700,68940,65416,1385,66801,672
2021-01-15,Alpine,003,1148,73,71,0,71,0
2021-01-15,Amador,005,37829,3033,2953,24,2977,28
2021-01-15,Butte,007,227075,9941,9233,1326,10559,129
2021-01-15,Calaveras,009,45235,1599,1538,7,1545,21
2021-01-15,Colusa,011,21464,1627,1541,167,1708,7
2021-01-15,Contra Costa,013,1133247,53593,50408,852,51260,428
2021-01-15,Del Norte,015,27424,867,828,2,830,2
2021-01-15,El Dorado,017,186661,8063,7439,513,7952,47
2021-01-15,Fresno,019,978130,85694,79950,6266,86216,832
2021-01-15,Glenn,021,27897,2005,1824,390,2214,9
2021-01-15,Humboldt,023,135768,2446,2218,8,2226,22
2021-01-15,Imperial,025,180216,25757,24944,2114,27058,446
2021-01-15,Inyo,027,18085,969,814,8,822,25
2021-01-15,Kern,029,883053,82390,77873,7237,85110,719
2021-01-15,Kings,031,150075,19752,18661,742,19403,131
2021-01-15,Lake,033,64148,2678,2434,0,2434,28
2021-01-15,Lassen,035,31185,4793,4693,73,4766,1
2021-01-15,Los Angeles,037,10098052,1038333,968979,32180,1001159,13404
2021-01-15,Madera,039,155013,13806,12883,643,13526,85
2021-01-15,Marin,041,260295,11738,11310,111,11421,160
2021-01-15,Mariposa,043,17540,334,307,2,309,3
2021-01-15,Mendocino,045,87422,3048,2835,53,2888,31
2021-01-15,Merced,047,269075,24144,23060,595,23655,239
2021-01-15,Modoc,049,8938,294,278,85,363,0
2021-01-15,Mono,051,14174,1089,1057,12,1069,3
2021-01-15,Monterey,053,433212,36491,34460,1096,35556,243
2021-01-15,Napa,055,140530,7759,7231,29,7260,38
2021-01-15,Nevada,057,99092,3334,3099,128,3227,17
2021-01-15,Orange,059,3164182,217011,207129,8653,215782,2254
2021-01-15,Placer,061,380077,18227,16712,835,17547,173
2021-01-15,Plumas,063,18699,584,499,9,508,2
2021-01-15,Riverside,065,2383286,250994,235235,11619,246854,2458
2021-01-15,Sacramento,067,1510023,81738,80279,900,81179,1023
2021-01-15,San Benito,069,59416,4996,4766,51,4817,35
2021-01-15,San Bernardino,071,2135413,260092,246182,7348,253530,1726
2021-01-15,San Diego,073,3302833,224116,206868,10323,217191,2037
2021-01-15,San Francisco,075,870044,29578,28574,531,29105,242
2021-01-15,San Joaquin,077,732212,58511,55885,2220,58105,748
2021-01-15,San Luis Obispo,079,281455,16380,15129,399,15528,148
2021-01-15,San Mateo,081,765935,33813,31291,223,31514,208
2021-01-15,Santa Barbara,083,443738,25676,23487,738,24225,226
2021-01-15,Santa Clara,085,1922200,94986,90103,410,90513,942
2021-01-15,Santa Cruz,087,273765,13225,11776,584,12360,105
2021-01-15,Shasta,089,179085,9815,9459,972,10431,91
2021-01-15,Sierra,091,2930,44,36,7,43,0
2021-01-15,Siskiyou,093,43540,1235,1119,171,1290,4
2021-01-15,Solano,095,438530,25723,24222,274,24496,103
2021-01-15,Sonoma,097,501317,24243,23204,118,23322,222
2021-01-15,Stanislaus,099,539301,43551,41178,4197,45375,562
2021-01-15,Sutter,101,95872,7724,7484,63,7547,75
2021-01-15,Tehama,103,63373,3954,3714,421,4135,17
2021-01-15,Trinity,105,12862,437,262,63,325,3
2021-01-15,Tulare,107,460477,42619,39951,5501,45452,535
2021-01-15,Tuolumne,109,53932,3286,3231,31,3262,27
2021-01-15,Ventura,111,848112,62917,59061,2148,61209,353
2021-01-15,Yolo,113,214977,11163,10240,96,10336,134
2021-01-15,Yuba,115,75493,4784,4549,56,4605,27
2021-01-14,Alameda,001,1643700,68313,64364,1370,65734,686
2021-01-14,Alpine,003,1148,73,71,0,71,0
2021-01-14,Amador,005,37829,3027,2940,24,2964,28
2021-01-14,Butte,007,227075,9853,9127,1304,10431,129
2021-01-14,Calaveras,009,45235,1582,1513,7,1520,21
2021-01-14,Colusa,011,21464,1612,1535,161,1696,7
2021-01-14,Contra Costa,013,1133247,53051,49545,840,50385,415
2021-01-14,Del Norte,015,27424,861,821,2,823,2
2021-01-14,El Dorado,017,186661,7989,7321,506,7827,45
2021-01-14,Fresno,019,978130,85060,79033,6186,85219,814
2021-01-14,Glenn,021,27897,1993,1798,385,2183,9
2021-01-14,Humboldt,023,135768,2403,2169,8,2177,22
2021-01-14,Imperial,025,180216,25651,24882,2084,26966,447
2021-01-14,Inyo,027,18085,962,790,8,798,25
2021-01-14,Kern,029,883053,81718,77070,7136,84206,705
2021-01-14,Kings,031,150075,19622,18405,738,19143,108
2021-01-14,Lake,033,64148,2639,2378,0,2378,27
2021-01-14,Lassen,035,31185,4783,4673,71,4744,1
2021-01-14,Los Angeles,037,10098052,1028303,954652,31813,986465,13147
2021-01-14,Madera,039,155013,13691,12742,634,13376,85
2021-01-14,Marin,041,260295,11663,11155,110,11265,159
2021-01-14,Mariposa,043,17540,331,302,2,304,3
2021-01-14,Mendocino,045,87422,3034,2801,51,2852,31
2021-01-14,Merced,047,269075,23918,22780,585,23365,239
2021-01-14,Modoc,049,8938,294,273,85,358,0
2021-01-14,Mono,051,14174,1081,1020,12,1032,3
2021-01-14,Monterey,053,433212,36070,34105,1074,35179,242
2021-01-14,Napa,055,140530,7673,7117,29,7146,38
2021-01-14,Nevada,057,99092,3307,3075,126,3201,17
2021-01-14,Orange,059,3164182,215103,204442,8569,213011,2162
2021-01-14,Placer,061,380077,18066,16488,828,17316,169
2021-01-14,Plumas,063,18699,576,496,9,505,2
2021-01-14,Riverside,065,2383286,248347,231684,11518,243202,2357
2021-01-14,Sacramento,067,1510023,81099,79137,877,80014,1007
2021-01-14,San Benito,069,59416,4960,4678,50,4728,35
2021-01-14,San Bernardino,071,2135413,258109,243379,7277,250656,1750
2021-01-14,San Diego,073,3302833,221721,204173,10203,214376,2005
2021-01-14,San Francisco,075,870044,29330,28200,485,28685,238
2021-01-14,San Joaquin,077,732212,57992,55058,2207,57265,739
2021-01-14,San Luis Obispo,079,281455,16218,14851,390,15241,146
2021-01-14,San Mateo,081,765935,33444,30694,214,30908,208
2021-01-14,Santa Barbara,083,443738,25255,23126,721,23847,219
2021-01-14,Santa Clara,085,1922200,94075,88505,404,88909,910
2021-01-14,Santa Cruz,087,273765,13078,11583,569,12152,109
2021-01-14,Shasta,089,179085,9766,9334,956,10290,90
2021-01-14,Sierra,091,2930,44,35,6,41,0
2021-01-14,Siskiyou,093,43540,1223,1108,168,1276,3
2021-01-14,Solano,095,438530,25462,23782,270,24052,103
2021-01-14,Sonoma,097,501317,24003,22910,118,23028,202
2021-01-14,Stanislaus,099,539301,43224,40597,4156,44753,574
2021-01-14,Sutter,101,95872,7665,7416,60,7476,74
2021-01-14,Tehama,103,63373,3925,3664,417,4081,17
2021-01-14,Trinity,105,12862,437,261,62,323,3
2021-01-14,Tulare,107,460477,42234,39565,5392,44957,533
2021-01-14,Tuolumne,109,53932,3265,3215,31,3246,28
2021-01-14,Ventura,111,848112,62043,57941,2111,60052,347
2021-01-14,Yolo,113,214977,11059,10097,90,10187,135
2021-01-14,Yuba,115,75493,4752,4496,56,4552,27
2021-01-13,Alameda,001,1643700,67562,63568,1352,64920,690
2021-01-13,Alpine,003,1148,73,71,0,71,0
2021-01-13,Amador,005,37829,3013,2914,24,2938,26
2021-01-13,Butte,007,227075,9772,9013,1289,10302,126
2021-01-13,Calaveras,009,45235,1560,1493,7,1500,21
2021-01-13,Colusa,011,21464,1602,1524,153,1677,7
2021-01-13,Contra Costa,013,1133247,52478,48877,829,49706,403
2021-01-13,Del Norte,015,27424,857,820,2,822,2
2021-01-13,El Dorado,017,186661,7895,7247,498,7745,43
2021-01-13,Fresno,019,978130,84341,78278,6145,84423,804
2021-01-13,Glenn,021,27897,1977,1792,376,2168,9
2021-01-13,Humboldt,023,135768,2370,2114,8,2122,22
2021-01-13,Imperial,025,180216,25527,24717,2052,26769,463
2021-01-13,Inyo,027,18085,950,785,8,793,25
2021-01-13,Kern,029,883053,81061,76049,7046,83095,704
2021-01-13,Kings,031,150075,19455,18121,717,18838,108
2021-01-13,Lake,033,64148,2598,2305,0,2305,27
2021-01-13,Lassen,035,31185,4776,4663,70,4733,1
2021-01-13,Los Angeles,037,10098052,1017509,937985,31415,969400,12873
2021-01-13,Madera,039,155013,13575,12570,629,13199,85
2021-01-13,Marin,041,260295,11611,11039,110,11149,161
2021-01-13,Mariposa,043,17540,329,304,2,306,3
2021-01-13,Mendocino,045,87422,3014,2790,51,2841,31
2021-01-13,Merced,047,269075,23679,22497,571,23068,241
2021-01-13,Modoc,049,8938,293,274,82,356,0
2021-01-13,Mono,051,14174,1077,1017,12,1029,3
2021-01-13,Monterey,053,433212,35645,33748,1050,34798,241
2021-01-13,Napa,055,140530,7559,7028,29,7057,36
2021-01-13,Nevada,057,99092,3283,3037,123,3160,17
2021-01-13,Orange,059,3164182,213028,201158,8499,209657,2172
2021-01-13,Placer,061,380077,17941,16272,814,17086,172
2021-01-13,Plumas,063,18699,574,490,9,499,2
2021-01-13,Riverside,065,2383286,245201,228192,11405,239597,2278
2021-01-13,Sacramento,067,1510023,80438,78268,870,79138,996
2021-01-13,San Benito,069,59416,4904,4583,49,4632,35
2021-01-13,San Bernardino,071,2135413,255720,240191,7202,247393,1759
2021-01-13,San Diego,073,3302833,219107,201578,10100,211678,1952
2021-01-13,San Francisco,075,870044,29090,27863,465,28328,238
2021-01-13,San Joaquin,077,732212,57369,54373,2179,56552,738
2021-01-13,San Luis Obispo,079,281455,16063,14625,379,15004,140
2021-01-13,San Mateo,081,765935,33105,30195,212,30407,207
2021-01-13,Santa Barbara,083,443738,24813,22714,705,23419,216
2021-01-13,Santa Clara,085,1922200,93103,87187,400,87587,911
2021-01-13,Santa Cruz,087,273765,12905,11423,555,11978,110
2021-01-13,Shasta,089,179085,9702,9180,942,10122,93
2021-01-13,Sierra,091,2930,44,33,6,39,0
2021-01-13,Siskiyou,093,43540,1217,1102,164,1266,3
2021-01-13,Solano,095,438530,25184,23503,267,23770,105
2021-01-13,Sonoma,097,501317,23753,22610,117,22727,206
2021-01-13,Stanislaus,099,539301,42832,40167,4103,44270,574
2021-01-13,Sutter,101,95872,7619,7350,59,7409,73
2021-01-13,Tehama,103,63373,3874,3589,412,4001,17
2021-01-13,Trinity,105,12862,437,260,62,322,3
2021-01-13,Tulare,107,460477,41831,39129,5292,44421,522
2021-01-13,Tuolumne,109,53932,3251,3196,31,3227,28
2021-01-13,Ventura,111,848112,61031,56453,2071,58524,338
2021-01-13,Yolo,113,214977,10960,9933,87,10020,135
2021-01-13,Yuba,115,75493,4707,4448,53,4501,27
2021-01-12,Alameda,001,1643700,66737,62642,1334,63976,677
2021-01-12,Alpine,003,1148,73,71,0,71,0
2021-01-12,Amador,005,37829,2996,2897,24,2921,26
2021-01-12,Butte,007,227075,9684,8883,1274,10157,124
2021-01-12,Calaveras,009,45235,1524,1475,7,1482,21
2021-01-12,Colusa,011,21464,1590,1510,149,1659,7
2021-01-12,Contra Costa,013,1133247,51836,48242,815,49057,399
2021-01-12,Del Norte,015,27424,852,816,2,818,2
2021-01-12,El Dorado,017,186661,7811,7156,487,7643,41
2021-01-12,Fresno,019,978130,83469,77651,6077,83728,796
2021-01-12,Glenn,021,27897,1952,1781,372,2153,9
2021-01-12,Humboldt,023,135768,2316,2077,7,2084,22
2021-01-12,Imperial,025,180216,25435,24566,2011,26577,457
2021-01-12,Inyo,027,18085,932,773,8,781,25
2021-01-12,Kern,029,883053,80354,75320,6951,82271,689
2021-01-12,Kings,031,150075,19244,18072,707,18779,108
2021-01-12,Lake,033,64148,2550,2260,0,2260,27
2021-01-12,Lassen,035,31185,4754,4659,68,4727,1
2021-01-12,Los Angeles,037,10098052,1005844,926295,31018,957313,12610
2021-01-12,Madera,039,155013,13427,12485,620,13105,85
2021-01-12,Marin,041,260295,11504,10960,110,11070,157
2021-01-12,Mariposa,043,17540,326,302,2,304,3
2021-01-12,Mendocino,045,87422,2994,2762,47,2809,31
2021-01-12,Merced,047,269075,23428,22172,549,22721,239
2021-01-12,Modoc,049,8938,291,274,82,356,0
2021-01-12,Mono,051,14174,1067,1008,12,1020,3
2021-01-12,Monterey,053,433212,35154,33381,1033,34414,240
2021-01-12,Napa,055,140530,7476,6936,29,6965,36
2021-01-12,Nevada,057,99092,3255,3014,121,3135,17
2021-01-12,Orange,059,3164182,210752,198260,8413,206673,2142
2021-01-12,Placer,061,380077,17771,16087,808,16895,163
2021-01-12,Plumas,063,18699,568,483,9,492,2
2021-01-12,Riverside,065,2383286,242069,225580,11266,236846,2266
2021-01-12,Sacramento,067,1510023,79710,77201,862,78063,985
2021-01-12,San Benito,069,59416,4835,4515,49,4564,35
2021-01-12,San Bernardino,071,2135413,253137,237008,7133,244141,1739
2021-01-12,San Diego,073,3302833,216193,198317,9983,208300,1898
2021-01-12,San Francisco,075,870044,28813,27531,432,27963,238
2021-01-12,San Joaquin,077,732212,56729,53630,2151,55781,725
2021-01-12,San Luis Obispo,079,281455,15818,14367,371,14738,132
2021-01-12,San Mateo,081,765935,32714,29747,200,29947,206
2021-01-12,Santa Barbara,083,443738,24391,22182,685,22867,209
2021-01-12,Santa Clara,085,1922200,91989,86075,392,86467,904
2021-01-12,Santa Cruz,087,273765,12690,11267,540,11807,110
2021-01-12,Shasta,089,179085,9629,9086,929,10015,84
2021-01-12,Sierra,091,2930,43,33,6,39,0
2021-01-12,Siskiyou,093,43540,1207,1091,157,1248,3
2021-01-12,Solano,095,438530,24882,23160,263,23423,102
2021-01-12,Sonoma,097,501317,23448,22403,117,22520,205
2021-01-12,Stanislaus,099,539301,42393,39615,4068,43683,571
2021-01-12,Sutter,101,95872,7556,7276,58,7334,73
2021-01-12,Tehama,103,63373,3836,3567,407,3974,17
2021-01-12,Trinity,105,12862,437,258,62,320,3
2021-01-12,Tulare,107,460477,41372,38797,5176,43973,509
2021-01-12,Tuolumne,109,53932,3218,3178,31,3209,28
2021-01-12,Ventura,111,848112,60057,55342,2039,57381,324
2021-01-12,Yolo,113,214977,10824,9857,84,9941,133
2021-01-12,Yuba,115,75493,4662,4389,53,4442,27
2021-01-11,Alameda,001,1643700,65883,61949,1316,63265,652
2021-01-11,Alpine,003,1148,73,70,0,70,0
2021-01-11,Amador,005,37829,2982,2867,24,2891,24
2021-01-11,Butte,007,227075,9571,8757,1256,10013,119
2021-01-11,Calaveras,009,45235,1505,1460,7,1467,21
2021-01-11,Colusa,011,21464,1571,1494,144,1638,7
2021-01-11,Contra Costa,013,1133247,51155,47728,804,48532,398
2021-01-11,Del Norte,015,27424,848,810,2,812,2
2021-01-11,El Dorado,017,186661,7717,6987,480,7467,36
2021-01-11,Fresno,019,978130,82590,76581,6001,82582,775
2021-01-11,Glenn,021,27897,1925,1763,366,2129,9
2021-01-11,Humboldt,023,135768,2277,2069,7,2076,22
2021-01-11,Imperial,025,180216,25324,24418,1974,26392,453
2021-01-11,Inyo,027,18085,913,763,8,771,25
2021-01-11,Kern,029,883053,79494,74489,6852,81341,682
2021-01-11,Kings,031,150075,18981,17909,698,18607,108
2021-01-11,Lake,033,64148,2499,2205,0,2205,26
2021-01-11,Lassen,035,31185,4731,4647,68,4715,1
2021-01-11,Los Angeles,037,10098052,992616,914434,30559,944993,12304
2021-01-11,Madera,039,155013,13290,12366,609,12975,85
2021-01-11,Marin,041,260295,11405,10814,109,10923,156
2021-01-11,Mariposa,043,17540,319,296,2,298,3
2021-01-11,Mendocino,045,87422,2966,2728,47,2775,31
2021-01-11,Merced,047,269075,23105,21884,535,22419,238
2021-01-11,Modoc,049,8938,290,271,81,352,0
2021-01-11,Mono,051,14174,1061,1006,12,1018,3
2021-01-11,Monterey,053,433212,34615,32858,971,33829,239
2021-01-11,Napa,055,140530,7374,6822,29,6851,36
2021-01-11,Nevada,057,99092,3227,2980,121,3101,17
2021-01-11,Orange,059,3164182,208163,196340,8314,204654,2113
2021-01-11,Placer,061,380077,17592,15919,799,16718,163
2021-01-11,Plumas,063,18699,564,477,9,486,2
2021-01-11,Riverside,065,2383286,238563,222907,11122,234029,2222
2021-01-11,Sacramento,067,1510023,78778,76009,846,76855,974
2021-01-11,San Benito,069,59416,4763,4482,42,4524,34
2021-01-11,San Bernardino,071,2135413,250339,235543,7036,242579,1739
2021-01-11,San Diego,073,3302833,212924,194793,9823,204616,1857
2021-01-11,San Francisco,075,870044,28534,27264,412,27676,238
2021-01-11,San Joaquin,077,732212,56119,53002,2122,55124,725
2021-01-11,San Luis Obispo,079,281455,15447,14213,364,14577,126
2021-01-11,San Mateo,081,765935,32270,29355,188,29543,206
2021-01-11,Santa Barbara,083,443738,23940,21740,673,22413,200
2021-01-11,Santa Clara,085,1922200,90745,84851,384,85235,877
2021-01-11,Santa Cruz,087,273765,12510,11093,517,11610,106
2021-01-11,Shasta,089,179085,9531,8977,916,9893,81
2021-01-11,Sierra,091,2930,41,33,6,39,0
2021-01-11,Siskiyou,093,43540,1198,1087,155,1242,3
2021-01-11,Solano,095,438530,24561,22893,257,23150,101
2021-01-11,Sonoma,097,501317,23201,22191,117,22308,205
2021-01-11,Stanislaus,099,539301,41902,39149,4019,43168,571
2021-01-11,Sutter,101,95872,7497,7204,57,7261,71
2021-01-11,Tehama,103,63373,3774,3524,386,3910,17
2021-01-11,Trinity,105,12862,437,256,62,318,2
2021-01-11,Tulare,107,460477,40957,38380,5096,43476,497
2021-01-11,Tuolumne,109,53932,3207,3165,31,3196,27
2021-01-11,Ventura,111,848112,58920,54202,2015,56217,320
2021-01-11,Yolo,113,214977,10617,9699,83,9782,129
2021-01-11,Yuba,115,75493,4624,4349,46,4395,27
2021-01-10,Alameda,001,1643700,64901,61111,1288,62399,650
2021-01-10,Alpine,003,1148,73,70,0,70,0
2021-01-10,Amador,005,37829,2958,2861,24,2885,24
2021-01-10,Butte,007,227075,9450,8665,1230,9895,119
2021-01-10,Calaveras,009,45235,1482,1449,7,1456,21
2021-01-10,Colusa,011,21464,1549,1478,142,1620,7
2021-01-10,Contra Costa,013,1133247,50359,47109,785,47894,398
2021-01-10,Del Norte,015,27424,846,809,2,811,2
2021-01-10,El Dorado,017,186661,7629,6904,463,7367,36
2021-01-10,Fresno,019,978130,81779,75621,5879,81500,775
2021-01-10,Glenn,021,27897,1906,1746,358,2104,9
2021-01-10,Humboldt,023,135768,2216,2049,7,2056,22
2021-01-10,Imperial,025,180216,25166,24233,1924,26157,453
2021-01-10,Inyo,027,18085,886,748,8,756,25
2021-01-10,Kern,029,883053,78662,73712,6722,80434,679
2021-01-10,Kings,031,150075,18762,17812,691,18503,108
2021-01-10,Lake,033,64148,2444,2174,0,2174,26
2021-01-10,Lassen,035,31185,4709,4642,68,4710,1
2021-01-10,Los Angeles,037,10098052,978001,901783,29944,931727,12170
2021-01-10,Madera,039,155013,13099,12179,592,12771,85
2021-01-10,Marin,041,260295,11281,10737,108,10845,155
2021-01-10,Mariposa,043,17540,319,291,2,293,3
2021-01-10,Mendocino,045,87422,2935,2706,43,2749,31
2021-01-10,Merced,047,269075,22834,21691,524,22215,238
2021-01-10,Modoc,049,8938,290,271,79,350,0
2021-01-10,Mono,051,14174,1043,965,12,977,3
2021-01-10,Monterey,053,433212,34175,32571,939,33510,237
2021-01-10,Napa,055,140530,7272,6687,27,6714,36
2021-01-10,Nevada,057,99092,3208,2959,117,3076,17
2021-01-10,Orange,059,3164182,205378,193766,8192,201958,2104
2021-01-10,Placer,061,380077,17403,15779,779,16558,163
2021-01-10,Plumas,063,18699,554,477,9,486,2
2021-01-10,Riverside,065,2383286,235200,219486,10933,230419,2216
2021-01-10,Sacramento,067,1510023,77816,75394,819,76213,965
2021-01-10,San Benito,069,59416,4661,4434,41,4475,34
2021-01-10,San Bernardino,071,2135413,246927,232171,6933,239104,1736
2021-01-10,San Diego,073,3302833,209256,191886,9656,201542,1857
2021-01-10,San Francisco,075,870044,28153,27054,381,27435,238
2021-01-10,San Joaquin,077,732212,55309,52535,2089,54624,725
2021-01-10,San Luis Obispo,079,281455,15118,13968,352,14320,122
2021-01-10,San Mateo,081,765935,31780,28972,174,29146,206
2021-01-10,Santa Barbara,083,443738,23381,21290,658,21948,200
2021-01-10,Santa Clara,085,1922200,89561,83779,375,84154,858
2021-01-10,Santa Cruz,087,273765,12297,10951,499,11450,106
2021-01-10,Shasta,089,179085,9419,8936,901,9837,81
2021-01-10,Sierra,091,2930,40,32,6,38,0
2021-01-10,Siskiyou,093,43540,1192,1075,152,1227,3
2021-01-10,Solano,095,438530,24160,22621,254,22875,101
2021-01-10,Sonoma,097,501317,22925,21925,116,22041,204
2021-01-10,Stanislaus,099,539301,41328,38809,3942,42751,571
2021-01-10,Sutter,101,95872,7436,7133,54,7187,71
2021-01-10,Tehama,103,63373,3701,3504,374,3878,17
2021-01-10,Trinity,105,12862,437,253,60,313,2
2021-01-10,Tulare,107,460477,40542,38012,4978,42990,497
2021-01-10,Tuolumne,109,53932,3173,3143,30,3173,27
2021-01-10,Ventura,111,848112,57651,53095,1972,55067,319
2021-01-10,Yolo,113,214977,10464,9610,83,9693,129
2021-01-10,Yuba,115,75493,4571,4300,43,4343,27
2021-01-09,Alameda,001,1643700,64357,60125,1272,61397,649
2021-01-09,Alpine,003,1148,73,70,0,70,0
2021-01-09,Amador,005,37829,2951,2809,24,2833,24
2021-01-09,Butte,007,227075,9371,8552,1206,9758,118
2021-01-09,Calaveras,009,45235,1472,1425,7,1432,21
2021-01-09,Colusa,011,21464,1542,1468,141,1609,7
2021-01-09,Contra Costa,013,1133247,50004,46406,770,47176,393
2021-01-09,Del Norte,015,27424,844,802,2,804,2
2021-01-09,El Dorado,017,186661,7596,6800,460,7260,36
2021-01-09,Fresno,019,978130,81369,74816,5839,80655,773
2021-01-09,Glenn,021,27897,1891,1707,355,2062,9
2021-01-09,Humboldt,023,135768,2198,2026,7,2033,22
2021-01-09,Imperial,025,180216,25097,24028,1911,25939,448
2021-01-09,Inyo,027,18085,877,734,8,742,25
2021-01-09,Kern,029,883053,78193,73015,6645,79660,677
2021-01-09,Kings,031,150075,18667,17679,687,18366,108
2021-01-09,Lake,033,64148,2408,2144,0,2144,26
2021-01-09,Lassen,035,31185,4697,4613,68,4681,1
2021-01-09,Los Angeles,037,10098052,972420,887949,29515,917464,12011
2021-01-09,Madera,039,155013,13004,12063,586,12649,85
2021-01-09,Marin,041,260295,11220,10634,107,10741,154
2021-01-09,Mariposa,043,17540,316,287,2,289,3
2021-01-09,Mendocino,045,87422,2917,2664,43,2707,31
2021-01-09,Merced,047,269075,22692,21357,515,21872,237
2021-01-09,Modoc,049,8938,290,271,78,349,0
2021-01-09,Mono,051,14174,1038,964,12,976,3
2021-01-09,Monterey,053,433212,34025,31948,929,32877,235
2021-01-09,Napa,055,140530,7202,6594,24,6618,36
2021-01-09,Nevada,057,99092,3186,2932,114,3046,17
2021-01-09,Orange,059,3164182,203858,191004,8100,199104,2034
2021-01-09,Placer,061,380077,17296,15609,777,16386,162
2021-01-09,Plumas,063,18699,552,477,9,486,2
2021-01-09,Riverside,065,2383286,233447,216076,10797,226873,2201
2021-01-09,Sacramento,067,1510023,77283,74482,814,75296,953
2021-01-09,San Benito,069,59416,4609,4335,41,4376,34
2021-01-09,San Bernardino,071,2135413,245707,228857,6866,235723,1714
2021-01-09,San Diego,073,3302833,207562,188598,9536,198134,1824
2021-01-09,San Francisco,075,870044,27983,26708,340,27048,235
2021-01-09,San Joaquin,077,732212,54981,51927,2070,53997,724
2021-01-09,San Luis Obispo,079,281455,14994,13647,341,13988,121
2021-01-09,San Mateo,081,765935,31481,28512,167,28679,205
2021-01-09,Santa Barbara,083,443738,23169,20971,653,21624,197
2021-01-09,Santa Clara,085,1922200,88721,82269,363,82632,808
2021-01-09,Santa Cruz,087,273765,12201,10717,493,11210,107
2021-01-09,Shasta,089,179085,9386,8893,897,9790,81
2021-01-09,Sierra,091,2930,38,32,6,38,0
2021-01-09,Siskiyou,093,43540,1188,1062,147,1209,3
2021-01-09,Solano,095,438530,24002,22226,252,22478,101
2021-01-09,Sonoma,097,501317,22803,21393,116,21509,202
2021-01-09,Stanislaus,099,539301,41037,38403,3908,42311,567
2021-01-09,Sutter,101,95872,7400,7072,53,7125,69
2021-01-09,Tehama,103,63373,3669,3451,363,3814,15
2021-01-09,Trinity,105,12862,437,252,60,312,2
2021-01-09,Tulare,107,460477,40291,37684,4914,42598,496
2021-01-09,Tuolumne,109,53932,3165,3117,29,3146,26
2021-01-09,Ventura,111,848112,56823,51988,1946,53934,306
2021-01-09,Yolo,113,214977,10393,9524,82,9606,129
2021-01-09,Yuba,115,75493,4540,4265,43,4308,27
2021-01-08,Alameda,001,1643700,63795,59172,1263,60435,646
2021-01-08,Alpine,003,1148,73,70,0,70,0
2021-01-08,Amador,005,37829,2944,2792,24,2816,24
2021-01-08,Butte,007,227075,9311,8430,1192,9622,115
2021-01-08,Calaveras,009,45235,1458,1385,7,1392,21
2021-01-08,Colusa,011,21464,1530,1448,140,1588,7
2021-01-08,Contra Costa,013,1133247,49468,45667,766,46433,381
2021-01-08,Del Norte,015,27424,842,795,2,797,2
2021-01-08,El Dorado,017,186661,7526,6690,448,7138,36
2021-01-08,Fresno,019,978130,80557,73689,5781,79470,771
2021-01-08,Glenn,021,27897,1876,1680,350,2030,9
2021-01-08,Humboldt,023,135768,2174,1988,7,1995,22
2021-01-08,Imperial,025,180216,25031,23751,1896,25647,446
2021-01-08,Inyo,027,18085,862,682,8,690,24
2021-01-08,Kern,029,883053,77629,71978,6572,78550,674
2021-01-08,Kings,031,150075,18539,17441,682,18123,108
2021-01-08,Lake,033,64148,2380,2098,0,2098,26
2021-01-08,Lassen,035,31185,4689,4598,66,4664,1
2021-01-08,Los Angeles,037,10098052,961604,871188,29097,900285,11796
2021-01-08,Madera,039,155013,12854,11846,577,12423,85
2021-01-08,Marin,041,260295,11128,10531,107,10638,153
2021-01-08,Mariposa,043,17540,315,273,2,275,3
2021-01-08,Mendocino,045,87422,2898,2634,40,2674,31
2021-01-08,Merced,047,269075,22497,20862,510,21372,236
2021-01-08,Modoc,049,8938,290,266,78,344,0
2021-01-08,Mono,051,14174,1028,951,12,963,3
2021-01-08,Monterey,053,433212,33773,31543,919,32462,224
2021-01-08,Napa,055,140530,7132,6544,24,6568,32
2021-01-08,Nevada,057,99092,3164,2888,114,3002,17
2021-01-08,Orange,059,3164182,201860,186608,8014,194622,1991
2021-01-08,Placer,061,380077,17163,15401,770,16171,161
2021-01-08,Plumas,063,18699,546,465,9,474,2
2021-01-08,Riverside,065,2383286,231043,212122,10674,222796,2184
2021-01-08,Sacramento,067,1510023,76710,73245,808,74053,939
2021-01-08,San Benito,069,59416,4572,4225,40,4265,33
2021-01-08,San Bernardino,071,2135413,243828,224267,6795,231062,1703
2021-01-08,San Diego,073,3302833,205024,185060,9442,194502,1771
2021-01-08,San Francisco,075,870044,27732,26378,318,26696,207
2021-01-08,San Joaquin,077,732212,54655,50990,2042,53032,710
2021-01-08,San Luis Obispo,079,281455,14861,13286,329,13615,119
2021-01-08,San Mateo,081,765935,31132,28072,165,28237,204
2021-01-08,Santa Barbara,083,443738,22883,20461,648,21109,189
2021-01-08,Santa Clara,085,1922200,87777,80561,360,80921,789
2021-01-08,Santa Cruz,087,273765,12060,10486,485,10971,106
2021-01-08,Shasta,089,179085,9336,8772,882,9654,81
2021-01-08,Sierra,091,2930,38,31,6,37,0
2021-01-08,Siskiyou,093,43540,1185,1027,146,1173,3
2021-01-08,Solano,095,438530,23830,21832,249,22081,100
2021-01-08,Sonoma,097,501317,22661,21178,116,21294,201
2021-01-08,Stanislaus,099,539301,40738,37858,3874,41732,566
2021-01-08,Sutter,101,95872,7350,6982,53,7035,68
2021-01-08,Tehama,103,63373,3645,3406,360,3766,15
2021-01-08,Trinity,105,12862,437,247,60,307,2
2021-01-08,Tulare,107,460477,40023,36946,4819,41765,491
2021-01-08,Tuolumne,109,53932,3157,3099,29,3128,19
2021-01-08,Ventura,111,848112,55957,50553,1922,52475,294
2021-01-08,Yolo,113,214977,10304,9391,82,9473,129
2021-01-08,Yuba,115,75493,4498,4195,42,4237,26
2021-01-07,Alameda,001,1643700,62938,57921,1236,59157,632
2021-01-07,Alpine,003,1148,71,70,0,70,0
2021-01-07,Amador,005,37829,2931,2740,23,2763,24
2021-01-07,Butte,007,227075,9214,8278,1171,9449,112
2021-01-07,Calaveras,009,45235,1441,1342,6,1348,21
2021-01-07,Colusa,011,21464,1518,1420,133,1553,7
2021-01-07,Contra Costa,013,1133247,48691,44756,752,45508,376
2021-01-07,Del Norte,015,27424,840,791,2,793,2
2021-01-07,El Dorado,017,186661,7425,6545,438,6983,36
2021-01-07,Fresno,019,978130,79601,72557,5681,78238,765
2021-01-07,Glenn,021,27897,1858,1639,340,1979,9
2021-01-07,Humboldt,023,135768,2147,1954,7,1961,22
2021-01-07,Imperial,025,180216,24851,23608,1845,25453,431
2021-01-07,Inyo,027,18085,850,656,8,664,20
2021-01-07,Kern,029,883053,76767,70953,6424,77377,660
2021-01-07,Kings,031,150075,18413,17238,672,17910,108
2021-01-07,Lake,033,64148,2327,2054,0,2054,26
2021-01-07,Lassen,035,31185,4684,4581,64,4645,1
2021-01-07,Los Angeles,037,10098052,946682,853187,28566,881753,11480
2021-01-07,Madera,039,155013,12699,11644,567,12211,76
2021-01-07,Marin,041,260295,11039,10364,105,10469,153
2021-01-07,Mariposa,043,17540,313,264,2,266,3
2021-01-07,Mendocino,045,87422,2844,2585,35,2620,30
2021-01-07,Merced,047,269075,22174,20510,494,21004,234
2021-01-07,Modoc,049,8938,290,265,78,343,0
2021-01-07,Mono,051,14174,1017,905,12,917,3
2021-01-07,Monterey,053,433212,33268,30903,896,31799,222
2021-01-07,Napa,055,140530,7023,6408,24,6432,32
2021-01-07,Nevada,057,99092,3130,2847,109,2956,17
2021-01-07,Orange,059,3164182,199031,181922,7915,189837,1974
2021-01-07,Placer,061,380077,16985,15155,742,15897,144
2021-01-07,Plumas,063,18699,544,454,9,463,2
2021-01-07,Riverside,065,2383286,227585,208177,10524,218701,2156
2021-01-07,Sacramento,067,1510023,75804,72342,787,73129,919
2021-01-07,San Benito,069,59416,4511,4112,38,4150,33
2021-01-07,San Bernardino,071,2135413,240390,219691,6711,226402,1666
2021-01-07,San Diego,073,3302833,201718,180510,9264,189774,1738
2021-01-07,San Francisco,075,870044,27407,25885,305,26190,202
2021-01-07,San Joaquin,077,732212,53985,50156,2013,52169,689
2021-01-07,San Luis Obispo,079,281455,14623,12810,316,13126,118
2021-01-07,San Mateo,081,765935,30622,27494,162,27656,201
2021-01-07,Santa Barbara,083,443738,22456,19931,637,20568,187
2021-01-07,Santa Clara,085,1922200,86657,78808,356,79164,775
2021-01-07,Santa Cruz,087,273765,11851,10228,477,10705,104
2021-01-07,Shasta,089,179085,9248,8612,874,9486,81
2021-01-07,Sierra,091,2930,38,31,6,37,0
2021-01-07,Siskiyou,093,43540,1180,1010,145,1155,3
2021-01-07,Solano,095,438530,23440,21384,245,21629,100
2021-01-07,Sonoma,097,501317,22400,20857,115,20972,200
2021-01-07,Stanislaus,099,539301,40321,37296,3822,41118,553
2021-01-07,Sutter,101,95872,7291,6890,52,6942,65
2021-01-07,Tehama,103,63373,3621,3330,352,3682,15
2021-01-07,Trinity,105,12862,437,247,60,307,2
2021-01-07,Tulare,107,460477,39636,36397,4689,41086,482
2021-01-07,Tuolumne,109,53932,3137,3068,28,3096,14
2021-01-07,Ventura,111,848112,54796,49083,1894,50977,288
2021-01-07,Yolo,113,214977,10163,9207,80,9287,128
2021-01-07,Yuba,115,75493,4458,4128,42,4170,25
2021-01-06,Alameda,001,1643700,62085,57081,1209,58290,616
2021-01-06,Alpine,003,1148,71,70,0,70,0
2021-01-06,Amador,005,37829,2910,2717,22,2739,24
2021-01-06,Butte,007,227075,9099,8147,1152,9299,110
2021-01-06,Calaveras,009,45235,1418,1321,6,1327,21
2021-01-06,Colusa,011,21464,1498,1385,128,1513,7
2021-01-06,Contra Costa,013,1133247,47896,44054,736,44790,358
2021-01-06,Del Norte,015,27424,834,780,2,782,2
2021-01-06,El Dorado,017,186661,7313,6397,424,6821,35
2021-01-06,Fresno,019,978130,78755,71404,5579,76983,752
2021-01-06,Glenn,021,27897,1832,1622,336,1958,9
2021-01-06,Humboldt,023,135768,2121,1912,7,1919,22
2021-01-06,Imperial,025,180216,24604,23400,1802,25202,431
2021-01-06,Inyo,027,18085,834,630,8,638,20
2021-01-06,Kern,029,883053,75824,69893,6298,76191,646
2021-01-06,Kings,031,150075,18215,17019,653,17672,108
2021-01-06,Lake,033,64148,2293,2033,0,2033,26
2021-01-06,Lassen,035,31185,4672,4560,60,4620,1
2021-01-06,Los Angeles,037,10098052,930720,835052,27882,862934,11285
2021-01-06,Madera,039,155013,12565,11407,560,11967,67
2021-01-06,Marin,041,260295,10916,10282,104,10386,153
2021-01-06,Mariposa,043,17540,310,259,2,261,3
2021-01-06,Mendocino,045,87422,2814,2561,35,2596,30
2021-01-06,Merced,047,269075,21839,20258,479,20737,232
2021-01-06,Modoc,049,8938,290,263,78,341,0
2021-01-06,Mono,051,14174,986,905,12,917,3
2021-01-06,Monterey,053,433212,32667,30387,865,31252,222
2021-01-06,Napa,055,140530,6893,6342,24,6366,32
2021-01-06,Nevada,057,99092,3110,2805,108,2913,15
2021-01-06,Orange,059,3164182,195597,177686,7774,185460,1935
2021-01-06,Placer,061,380077,16797,14940,724,15664,134
2021-01-06,Plumas,063,18699,536,445,9,454,2
2021-01-06,Riverside,065,2383286,223570,203714,10338,214052,2121
2021-01-06,Sacramento,067,1510023,74780,71572,770,72342,909
2021-01-06,San Benito,069,59416,4435,4031,37,4068,32
2021-01-06,San Bernardino,071,2135413,236702,215286,6608,221894,1634
2021-01-06,San Diego,073,3302833,198218,176660,9093,185753,1691
2021-01-06,San Francisco,075,870044,27041,25424,297,25721,199
2021-01-06,San Joaquin,077,732212,53252,49286,1971,51257,673
2021-01-06,San Luis Obispo,079,281455,14230,12305,309,12614,115
2021-01-06,San Mateo,081,765935,30197,27050,159,27209,200
2021-01-06,Santa Barbara,083,443738,21967,19453,628,20081,177
2021-01-06,Santa Clara,085,1922200,85336,77485,349,77834,746
2021-01-06,Santa Cruz,087,273765,11632,9954,459,10413,97
2021-01-06,Shasta,089,179085,9178,8482,867,9349,78
2021-01-06,Sierra,091,2930,37,31,6,37,0
2021-01-06,Siskiyou,093,43540,1168,998,141,1139,3
2021-01-06,Solano,095,438530,23062,21102,242,21344,99
2021-01-06,Sonoma,097,501317,22093,20558,115,20673,196
2021-01-06,Stanislaus,099,539301,39754,36751,3762,40513,553
2021-01-06,Sutter,101,95872,7210,6839,51,6890,59
2021-01-06,Tehama,103,63373,3592,3306,346,3652,15
2021-01-06,Trinity,105,12862,437,246,60,306,2
2021-01-06,Tulare,107,460477,39143,35882,4594,40476,465
2021-01-06,Tuolumne,109,53932,3116,3008,28,3036,14
2021-01-06,Ventura,111,848112,53552,47428,1870,49298,280
2021-01-06,Yolo,113,214977,9999,9083,77,9160,127
2021-01-06,Yuba,115,75493,4408,4097,42,4139,25
2021-01-05,Alameda,001,1643700,60969,56432,1179,57611,602
2021-01-05,Alpine,003,1148,71,70,0,70,0
2021-01-05,Amador,005,37829,2870,2695,22,2717,24
2021-01-05,Butte,007,227075,8958,8008,1125,9133,107
2021-01-05,Calaveras,009,45235,1371,1292,6,1298,21
2021-01-05,Colusa,011,21464,1476,1376,122,1498,7
2021-01-05,Contra Costa,013,1133247,47036,43442,724,44166,353
2021-01-05,Del Norte,015,27424,828,770,2,772,2
2021-01-05,El Dorado,017,186661,7195,6270,403,6673,32
2021-01-05,Fresno,019,978130,77535,70971,5488,76459,741
2021-01-05,Glenn,021,27897,1809,1608,320,1928,9
2021-01-05,Humboldt,023,135768,2085,1884,7,1891,22
2021-01-05,Imperial,025,180216,24433,23165,1761,24926,421
2021-01-05,Inyo,027,18085,820,627,8,635,20
2021-01-05,Kern,029,883053,74746,68257,6163,74420,624
2021-01-05,Kings,031,150075,18017,16860,631,17491,108
2021-01-05,Lake,033,64148,2247,2015,0,2015,25
2021-01-05,Lassen,035,31185,4657,4554,56,4610,1
2021-01-05,Los Angeles,037,10098052,911979,823783,27222,851005,11028
2021-01-05,Madera,039,155013,12395,11359,548,11907,67
2021-01-05,Marin,041,260295,10768,10214,103,10317,151
2021-01-05,Mariposa,043,17540,304,257,2,259,3
2021-01-05,Mendocino,045,87422,2778,2501,35,2536,30
2021-01-05,Merced,047,269075,21487,20051,467,20518,230
2021-01-05,Modoc,049,8938,290,254,78,332,0
2021-01-05,Mono,051,14174,980,896,12,908,3
2021-01-05,Monterey,053,433212,32120,30045,832,30877,213
2021-01-05,Napa,055,140530,6807,6264,24,6288,29
2021-01-05,Nevada,057,99092,3082,2781,106,2887,15
2021-01-05,Orange,059,3164182,191966,174869,7584,182453,1918
2021-01-05,Placer,061,380077,16574,14723,701,15424,133
2021-01-05,Plumas,063,18699,529,428,9,437,2
2021-01-05,Riverside,065,2383286,219446,200439,10169,210608,2069
2021-01-05,Sacramento,067,1510023,73852,70677,744,71421,888
2021-01-05,San Benito,069,59416,4332,3961,35,3996,28
2021-01-05,San Bernardino,071,2135413,232735,212522,6492,219014,1615
2021-01-05,San Diego,073,3302833,194078,172845,8879,181724,1654
2021-01-05,San Francisco,075,870044,26670,24989,281,25270,196
2021-01-05,San Joaquin,077,732212,52393,48969,1927,50896,663
2021-01-05,San Luis Obispo,079,281455,13833,12027,299,12326,106
2021-01-05,San Mateo,081,765935,29716,26486,157,26643,198
2021-01-05,Santa Barbara,083,443738,21520,19063,620,19683,172
2021-01-05,Santa Clara,085,1922200,83788,76355,337,76692,729
2021-01-05,Santa Cruz,087,273765,11359,9753,435,10188,93
2021-01-05,Shasta,089,179085,9071,8345,849,9194,73
2021-01-05,Sierra,091,2930,37,31,6,37,0
2021-01-05,Siskiyou,093,43540,1156,985,139,1124,3
2021-01-05,Solano,095,438530,22653,20860,237,21097,97
2021-01-05,Sonoma,097,501317,21734,20247,114,20361,194
2021-01-05,Stanislaus,099,539301,39210,36363,3711,40074,553
2021-01-05,Sutter,101,95872,7113,6769,50,6819,59
2021-01-05,Tehama,103,63373,3540,3255,342,3597,9
2021-01-05,Trinity,105,12862,437,246,60,306,2
2021-01-05,Tulare,107,460477,38568,35585,4453,40038,455
2021-01-05,Tuolumne,109,53932,3093,2996,23,3019,13
2021-01-05,Ventura,111,848112,52308,46456,1848,48304,264
2021-01-05,Yolo,113,214977,9820,8980,75,9055,127
2021-01-05,Yuba,115,75493,4349,4053,41,4094,21
2021-01-04,Alameda,001,1643700,59753,55899,1145,57044,583
2021-01-04,Alpine,003,1148,71,68,0,68,0
2021-01-04,Amador,005,37829,2830,2596,22,2618,24
2021-01-04,Butte,007,227075,8799,7893,1104,8997,105
2021-01-04,Calaveras,009,45235,1330,1276,5,1281,21
2021-01-04,Colusa,011,21464,1451,1368,108,1476,7
2021-01-04,Contra Costa,013,1133247,46177,43019,700,43719,353
2021-01-04,Del Norte,015,27424,817,770,2,772,2
2021-01-04,El Dorado,017,186661,7061,6152,388,6540,27
2021-01-04,Fresno,019,978130,76268,69871,5390,75261,726
2021-01-04,Glenn,021,27897,1776,1590,315,1905,9
2021-01-04,Humboldt,023,135768,2048,1845,7,1852,22
2021-01-04,Imperial,025,180216,24285,23035,1710,24745,420
2021-01-04,Inyo,027,18085,794,623,8,631,20
2021-01-04,Kern,029,883053,73663,67418,5969,73387,623
2021-01-04,Kings,031,150075,17741,16801,607,17408,108
2021-01-04,Lake,033,64148,2211,1984,0,1984,25
2021-01-04,Lassen,035,31185,4635,4550,55,4605,1
2021-01-04,Los Angeles,037,10098052,891840,813022,26377,839399,10790
2021-01-04,Madera,039,155013,12179,11204,527,11731,67
2021-01-04,Marin,041,260295,10628,10115,101,10216,151
2021-01-04,Mariposa,043,17540,298,253,2,255,3
2021-01-04,Mendocino,045,87422,2738,2460,31,2491,28
2021-01-04,Merced,047,269075,21074,19804,448,20252,230
2021-01-04,Modoc,049,8938,274,250,76,326,0
2021-01-04,Mono,051,14174,969,895,12,907,3
2021-01-04,Monterey,053,433212,31506,29659,811,30470,212
2021-01-04,Napa,055,140530,6666,6187,24,6211,29
2021-01-04,Nevada,057,99092,3044,2765,103,2868,15
2021-01-04,Orange,059,3164182,188083,172458,7462,179920,1918
2021-01-04,Placer,061,380077,16315,14622,688,15310,133
2021-01-04,Plumas,063,18699,519,419,9,428,1
2021-01-04,Riverside,065,2383286,214897,196809,9983,206792,2066
2021-01-04,Sacramento,067,1510023,72798,70164,735,70899,870
2021-01-04,San Benito,069,59416,4219,3914,35,3949,28
2021-01-04,San Bernardino,071,2135413,228470,210868,6344,217212,1615
2021-01-04,San Diego,073,3302833,189504,171031,8683,179714,1598
2021-01-04,San Francisco,075,870044,26284,24753,275,25028,191
2021-01-04,San Joaquin,077,732212,51502,48644,1886,50530,661
2021-01-04,San Luis Obispo,079,281455,13347,11945,292,12237,96
2021-01-04,San Mateo,081,765935,29152,26150,152,26302,198
2021-01-04,Santa Barbara,083,443738,20997,18735,591,19326,165
2021-01-04,Santa Clara,085,1922200,82032,75297,330,75627,727
2021-01-04,Santa Cruz,087,273765,11071,9680,418,10098,85
2021-01-04,Shasta,089,179085,8966,8224,832,9056,72
2021-01-04,Sierra,091,2930,36,30,6,36,0
2021-01-04,Siskiyou,093,43540,1139,980,136,1116,3
2021-01-04,Solano,095,438530,22151,20588,229,20817,97
2021-01-04,Sonoma,097,501317,21396,20210,113,20323,194
2021-01-04,Stanislaus,099,539301,38647,36141,3656,39797,553
2021-01-04,Sutter,101,95872,7017,6712,49,6761,56
2021-01-04,Tehama,103,63373,3471,3190,337,3527,9
2021-01-04,Trinity,105,12862,434,245,60,305,2
2021-01-04,Tulare,107,460477,38029,35060,4353,39413,455
2021-01-04,Tuolumne,109,53932,3068,2987,23,3010,13
2021-01-04,Ventura,111,848112,50805,45014,1828,46842,255
2021-01-04,Yolo,113,214977,9625,8834,75,8909,121
2021-01-04,Yuba,115,75493,4294,4023,41,4064,21
2021-01-03,Alameda,001,1643700,58504,55082,1118,56200,580
2021-01-03,Alpine,003,1148,69,68,0,68,0
2021-01-03,Amador,005,37829,2773,2565,22,2587,24
2021-01-03,Butte,007,227075,8605,7837,1058,8895,105
2021-01-03,Calaveras,009,45235,1293,1249,3,1252,21
2021-01-03,Colusa,011,21464,1423,1337,102,1439,7
2021-01-03,Contra Costa,013,1133247,45291,42432,679,43111,352
2021-01-03,Del Norte,015,27424,806,768,2,770,2
2021-01-03,El Dorado,017,186661,6933,6034,371,6405,27
2021-01-03,Fresno,019,978130,75119,69326,5274,74600,719
2021-01-03,Glenn,021,27897,1751,1581,309,1890,9
2021-01-03,Humboldt,023,135768,2011,1833,7,1840,21
2021-01-03,Imperial,025,180216,24044,22951,1632,24583,419
2021-01-03,Inyo,027,18085,775,615,8,623,20
2021-01-03,Kern,029,883053,72402,66895,5794,72689,609
2021-01-03,Kings,031,150075,17465,16593,578,17171,108
2021-01-03,Lake,033,64148,2165,1976,0,1976,24
2021-01-03,Lassen,035,31185,4602,4531,54,4585,1
2021-01-03,Los Angeles,037,10098052,869776,792168,25335,817503,10633
2021-01-03,Madera,039,155013,11951,11152,504,11656,67
2021-01-03,Marin,041,260295,10478,10034,97,10131,150
2021-01-03,Mariposa,043,17540,291,248,2,250,3
2021-01-03,Mendocino,045,87422,2698,2445,29,2474,24
2021-01-03,Merced,047,269075,20607,19600,422,20022,230
2021-01-03,Modoc,049,8938,270,245,75,320,0
2021-01-03,Mono,051,14174,944,893,12,905,3
2021-01-03,Monterey,053,433212,30916,29357,776,30133,191
2021-01-03,Napa,055,140530,6565,6094,24,6118,29
2021-01-03,Nevada,057,99092,2983,2742,100,2842,15
2021-01-03,Orange,059,3164182,183896,169881,7273,177154,1919
2021-01-03,Placer,061,380077,16065,14319,665,14984,133
2021-01-03,Plumas,063,18699,506,416,9,425,1
2021-01-03,Riverside,065,2383286,210023,195048,9736,204784,2005
2021-01-03,Sacramento,067,1510023,71592,68558,714,69272,859
2021-01-03,San Benito,069,59416,4123,3882,34,3916,28
2021-01-03,San Bernardino,071,2135413,223195,208294,6173,214467,1592
2021-01-03,San Diego,073,3302833,184244,168018,8454,176472,1592
2021-01-03,San Francisco,075,870044,25793,24588,256,24844,193
2021-01-03,San Joaquin,077,732212,50393,47899,1831,49730,661
2021-01-03,San Luis Obispo,079,281455,12879,11636,284,11920,95
2021-01-03,San Mateo,081,765935,28558,25770,145,25915,196
2021-01-03,Santa Barbara,083,443738,20264,18267,576,18843,164
2021-01-03,Santa Clara,085,1922200,80443,74534,324,74858,720
2021-01-03,Santa Cruz,087,273765,10766,9528,403,9931,84
2021-01-03,Shasta,089,179085,8839,8192,792,8984,72
2021-01-03,Sierra,091,2930,36,30,6,36,0
2021-01-03,Siskiyou,093,43540,1106,976,127,1103,3
2021-01-03,Solano,095,438530,21618,20105,223,20328,97
2021-01-03,Sonoma,097,501317,21009,19982,111,20093,193
2021-01-03,Stanislaus,099,539301,37940,35762,3573,39335,553
2021-01-03,Sutter,101,95872,6920,6664,48,6712,53
2021-01-03,Tehama,103,63373,3417,3176,329,3505,9
2021-01-03,Trinity,105,12862,429,243,58,301,2
2021-01-03,Tulare,107,460477,37452,34747,4208,38955,455
2021-01-03,Tuolumne,109,53932,3007,2978,20,2998,13
2021-01-03,Ventura,111,848112,48979,43748,1811,45559,254
2021-01-03,Yolo,113,214977,9463,8674,74,8748,121
2021-01-03,Yuba,115,75493,4243,3966,40,4006,20
2021-01-02,Alameda,001,1643700,57885,54518,1087,55605,581
2021-01-02,Alpine,003,1148,69,68,0,68,0
2021-01-02,Amador,005,37829,2754,2540,22,2562,24
2021-01-02,Butte,007,227075,8499,7750,1037,8787,105
2021-01-02,Calaveras,009,45235,1273,1230,3,1233,21
2021-01-02,Colusa,011,21464,1412,1332,101,1433,7
2021-01-02,Contra Costa,013,1133247,44745,41993,671,42664,352
2021-01-02,Del Norte,015,27424,804,764,2,766,2
2021-01-02,El Dorado,017,186661,6878,5959,367,6326,27
2021-01-02,Fresno,019,978130,74575,68740,5163,73903,717
2021-01-02,Glenn,021,27897,1734,1546,308,1854,9
2021-01-02,Humboldt,023,135768,1984,1815,7,1822,21
2021-01-02,Imperial,025,180216,23956,22867,1600,24467,420
2021-01-02,Inyo,027,18085,764,609,8,617,20
2021-01-02,Kern,029,883053,71682,66457,5682,72139,610
2021-01-02,Kings,031,150075,17371,16515,574,17089,108
2021-01-02,Lake,033,64148,2128,1925,0,1925,24
2021-01-02,Lassen,035,31185,4591,4457,53,4510,1
2021-01-02,Los Angeles,037,10098052,861410,791892,24650,816542,10633
2021-01-02,Madera,039,155013,11836,11039,492,11531,67
2021-01-02,Marin,041,260295,10431,9924,94,10018,151
2021-01-02,Mariposa,043,17540,284,243,2,245,3
2021-01-02,Mendocino,045,87422,2655,2428,28,2456,24
2021-01-02,Merced,047,269075,20465,19395,405,19800,230
2021-01-02,Modoc,049,8938,269,245,75,320,0
2021-01-02,Mono,051,14174,933,884,12,896,3
2021-01-02,Monterey,053,433212,30700,28991,764,29755,191
2021-01-02,Napa,055,140530,6506,5994,24,6018,29
2021-01-02,Nevada,057,99092,2954,2706,96,2802,15
2021-01-02,Orange,059,3164182,181674,168457,7125,175582,1918
2021-01-02,Placer,061,380077,15892,14182,656,14838,133
2021-01-02,Plumas,063,18699,503,413,9,422,1
2021-01-02,Riverside,065,2383286,207377,192069,9509,201578,2008
2021-01-02,Sacramento,067,1510023,70958,67810,696,68506,858
2021-01-02,San Benito,069,59416,4041,3829,34,3863,28
2021-01-02,San Bernardino,071,2135413,221531,206939,6051,212990,1597
2021-01-02,San Diego,073,3302833,181645,164498,8257,172755,1592
2021-01-02,San Francisco,075,870044,25539,24414,248,24662,194
2021-01-02,San Joaquin,077,732212,49990,47310,1803,49113,662
2021-01-02,San Luis Obispo,079,281455,12745,11467,278,11745,95
2021-01-02,San Mateo,081,765935,28221,25483,137,25620,196
2021-01-02,Santa Barbara,083,443738,19975,18135,573,18708,164
2021-01-02,Santa Clara,085,1922200,79267,73662,318,73980,720
2021-01-02,Santa Cruz,087,273765,10611,9340,395,9735,85
2021-01-02,Shasta,089,179085,8773,8154,781,8935,72
2021-01-02,Sierra,091,2930,36,28,6,34,0
2021-01-02,Siskiyou,093,43540,1095,949,125,1074,3
2021-01-02,Solano,095,438530,21415,19805,214,20019,97
2021-01-02,Sonoma,097,501317,20840,19761,111,19872,194
2021-01-02,Stanislaus,099,539301,37607,35431,3509,38940,553
2021-01-02,Sutter,101,95872,6868,6621,48,6669,53
2021-01-02,Tehama,103,63373,3389,3146,325,3471,9
2021-01-02,Trinity,105,12862,426,243,58,301,2
2021-01-02,Tulare,107,460477,37124,34479,4134,38613,455
2021-01-02,Tuolumne,109,53932,2993,2942,18,2960,13
2021-01-02,Ventura,111,848112,47824,43397,1778,45175,254
2021-01-02,Yolo,113,214977,9365,8571,72,8643,122
2021-01-02,Yuba,115,75493,4205,3930,40,3970,21
2021-01-01,Alameda,001,1643700,57239,53518,1073,54591,579
2021-01-01,Alpine,003,1148,69,68,0,68,0
2021-01-01,Amador,005,37829,2728,2513,20,2533,24
2021-01-01,Butte,007,227075,8397,7589,1015,8604,105
2021-01-01,Calaveras,009,45235,1258,1186,3,1189,21
2021-01-01,Colusa,011,21464,1402,1314,99,1413,7
2021-01-01,Contra Costa,013,1133247,44270,41412,651,42063,351
2021-01-01,Del Norte,015,27424,799,758,2,760,2
2021-01-01,El Dorado,017,186661,6785,5832,359,6191,27
2021-01-01,Fresno,019,978130,73502,67484,5079,72563,717
2021-01-01,Glenn,021,27897,1717,1520,299,1819,9
2021-01-01,Humboldt,023,135768,1945,1783,7,1790,21
2021-01-01,Imperial,025,180216,23860,22715,1549,24264,418
2021-01-01,Inyo,027,18085,739,606,8,614,20
2021-01-01,Kern,029,883053,70855,65571,5575,71146,609
2021-01-01,Kings,031,150075,17188,16358,567,16925,108
2021-01-01,Lake,033,64148,2090,1888,0,1888,24
2021-01-01,Lassen,035,31185,4585,4377,53,4430,1
2021-01-01,Los Angeles,037,10098052,847199,775578,23972,799550,10515
2021-01-01,Madera,039,155013,11681,10752,483,11235,66
2021-01-01,Marin,041,260295,10332,9821,93,9914,148
2021-01-01,Mariposa,043,17540,276,236,2,238,3
2021-01-01,Mendocino,045,87422,2601,2400,28,2428,24
2021-01-01,Merced,047,269075,20281,19118,389,19507,229
2021-01-01,Modoc,049,8938,269,241,75,316,0
2021-01-01,Mono,051,14174,915,884,11,895,3
2021-01-01,Monterey,053,433212,30462,28465,755,29220,191
2021-01-01,Napa,055,140530,6421,5899,24,5923,28
2021-01-01,Nevada,057,99092,2930,2663,96,2759,15
2021-01-01,Orange,059,3164182,178881,165440,6982,172422,1893
2021-01-01,Placer,061,380077,15702,13987,641,14628,133
2021-01-01,Plumas,063,18699,498,412,9,421,1
2021-01-01,Riverside,065,2383286,204187,188674,9256,197930,1990
2021-01-01,Sacramento,067,1510023,70362,66956,679,67635,848
2021-01-01,San Benito,069,59416,4004,3773,34,3807,28
2021-01-01,San Bernardino,071,2135413,218764,203651,5921,209572,1590
2021-01-01,San Diego,073,3302833,178572,160071,8078,168149,1592
2021-01-01,San Francisco,075,870044,25261,24145,237,24382,187
2021-01-01,San Joaquin,077,732212,49666,46640,1759,48399,657
2021-01-01,San Luis Obispo,079,281455,12518,11160,270,11430,94
2021-01-01,San Mateo,081,765935,27772,25041,133,25174,194
2021-01-01,Santa Barbara,083,443738,19655,17759,563,18322,164
2021-01-01,Santa Clara,085,1922200,78046,71904,314,72218,680
2021-01-01,Santa Cruz,087,273765,10431,9146,385,9531,84
2021-01-01,Shasta,089,179085,8692,8102,764,8866,72
2021-01-01,Sierra,091,2930,36,26,6,32,0
2021-01-01,Siskiyou,093,43540,1081,944,120,1064,3
2021-01-01,Solano,095,438530,21201,19393,212,19605,97
2021-01-01,Sonoma,097,501317,20644,19513,111,19624,189
2021-01-01,Stanislaus,099,539301,37319,34978,3447,38425,553
2021-01-01,Sutter,101,95872,6811,6553,47,6600,52
2021-01-01,Tehama,103,63373,3331,3079,318,3397,9
2021-01-01,Trinity,105,12862,426,243,58,301,2
2021-01-01,Tulare,107,460477,36715,33994,4046,38040,454
2021-01-01,Tuolumne,109,53932,2976,2909,18,2927,13
2021-01-01,Ventura,111,848112,46331,42026,1752,43778,253
2021-01-01,Yolo,113,214977,9253,8461,69,8530,120
2021-01-01,Yuba,115,75493,4151,3845,39,3884,19
2020-12-31,Alameda,001,1643700,56688,52475,1041,53516,579
2020-12-31,Alpine,003,1148,69,66,0,66,0
2020-12-31,Amador,005,37829,2714,2493,20,2513,24
2020-12-31,Butte,007,227075,8322,7405,994,8399,105
2020-12-31,Calaveras,009,45235,1247,1161,3,1164,21
2020-12-31,Colusa,011,21464,1390,1301,96,1397,7
2020-12-31,Contra Costa,013,1133247,43866,40512,635,41147,336
2020-12-31,Del Norte,015,27424,798,748,2,750,2
2020-12-31,El Dorado,017,186661,6733,5662,350,6012,26
2020-12-31,Fresno,019,978130,73071,66442,5017,71459,711
2020-12-31,Glenn,021,27897,1689,1484,291,1775,9
2020-12-31,Humboldt,023,135768,1928,1713,7,1720,21
2020-12-31,Imperial,025,180216,23790,22494,1532,24026,417
2020-12-31,Inyo,027,18085,731,591,8,599,20
2020-12-31,Kern,029,883053,70380,64904,5487,70391,609
2020-12-31,Kings,031,150075,17113,16077,558,16635,108
2020-12-31,Lake,033,64148,2069,1848,0,1848,23
2020-12-31,Lassen,035,31185,4579,4340,52,4392,1
2020-12-31,Los Angeles,037,10098052,841857,755844,23518,779362,10320
2020-12-31,Madera,039,155013,11596,10609,475,11084,64
2020-12-31,Marin,041,260295,10280,9731,91,9822,148
2020-12-31,Mariposa,043,17540,274,217,2,219,3
2020-12-31,Mendocino,045,87422,2586,2367,24,2391,24
2020-12-31,Merced,047,269075,20191,18808,379,19187,226
2020-12-31,Modoc,049,8938,269,238,75,313,0
2020-12-31,Mono,051,14174,907,868,11,879,3
2020-12-31,Monterey,053,433212,30232,27720,743,28463,188
2020-12-31,Napa,055,140530,6358,5801,24,5825,28
2020-12-31,Nevada,057,99092,2907,2619,95,2714,15
2020-12-31,Orange,059,3164182,176979,161586,6853,168439,1866
2020-12-31,Placer,061,380077,15546,13708,638,14346,126
2020-12-31,Plumas,063,18699,494,401,8,409,1
2020-12-31,Riverside,065,2383286,202505,184193,9128,193321,1958
2020-12-31,Sacramento,067,1510023,69832,65817,669,66486,830
2020-12-31,San Benito,069,59416,3980,3673,34,3707,28
2020-12-31,San Bernardino,071,2135413,217071,199115,5848,204963,1586
2020-12-31,San Diego,073,3302833,176809,155593,7979,163572,1534
2020-12-31,San Francisco,075,870044,25026,23740,230,23970,183
2020-12-31,San Joaquin,077,732212,49314,45764,1721,47485,646
2020-12-31,San Luis Obispo,079,281455,12404,10846,270,11116,89
2020-12-31,San Mateo,081,765935,27442,24570,127,24697,192
2020-12-31,Santa Barbara,083,443738,19411,17434,556,17990,161
2020-12-31,Santa Clara,085,1922200,77170,70032,309,70341,665
2020-12-31,Santa Cruz,087,273765,10313,8909,373,9282,84
2020-12-31,Shasta,089,179085,8626,7996,754,8750,69
2020-12-31,Sierra,091,2930,36,26,6,32,0
2020-12-31,Siskiyou,093,43540,1065,940,117,1057,3
2020-12-31,Solano,095,438530,20971,18942,211,19153,97
2020-12-31,Sonoma,097,501317,20523,19129,110,19239,188
2020-12-31,Stanislaus,099,539301,37011,34398,3400,37798,552
2020-12-31,Sutter,101,95872,6780,6432,47,6479,51
2020-12-31,Tehama,103,63373,3293,3036,317,3353,9
2020-12-31,Trinity,105,12862,425,241,58,299,2
2020-12-31,Tulare,107,460477,36513,33412,3985,37397,446
2020-12-31,Tuolumne,109,53932,2967,2902,18,2920,12
2020-12-31,Ventura,111,848112,45821,40854,1735,42589,251
2020-12-31,Yolo,113,214977,9164,8295,68,8363,117
2020-12-31,Yuba,115,75493,4114,3799,38,3837,18
2020-12-30,Alameda,001,1643700,55905,50158,988,51146,573
2020-12-30,Alpine,003,1148,69,66,0,66,0
2020-12-30,Amador,005,37829,2694,2418,19,2437,24
2020-12-30,Butte,007,227075,8161,7140,974,8114,103
2020-12-30,Calaveras,009,45235,1222,1135,3,1138,21
2020-12-30,Colusa,011,21464,1372,1289,90,1379,7
2020-12-30,Contra Costa,013,1133247,43317,39601,622,40223,337
2020-12-30,Del Norte,015,27424,793,726,2,728,2
2020-12-30,El Dorado,017,186661,6632,5595,340,5935,27
2020-12-30,Fresno,019,978130,72225,65566,4867,70433,711
2020-12-30,Glenn,021,27897,1658,1471,279,1750,9
2020-12-30,Humboldt,023,135768,1894,1654,7,1661,22
2020-12-30,Imperial,025,180216,23624,22098,1456,23554,412
2020-12-30,Inyo,027,18085,725,572,8,580,20
2020-12-30,Kern,029,883053,69652,63292,5343,68635,604
2020-12-30,Kings,031,150075,16994,15862,549,16411,108
2020-12-30,Lake,033,64148,2050,1731,0,1731,23
2020-12-30,Lassen,035,31185,4570,4300,52,4352,1
2020-12-30,Los Angeles,037,10098052,830936,741907,22846,764753,10046
2020-12-30,Madera,039,155013,11486,10249,464,10713,65
2020-12-30,Marin,041,260295,10187,9569,84,9653,148
2020-12-30,Mariposa,043,17540,270,214,2,216,3
2020-12-30,Mendocino,045,87422,2568,2291,21,2312,24
2020-12-30,Merced,047,269075,19901,18519,369,18888,225
2020-12-30,Modoc,049,8938,266,234,75,309,0
2020-12-30,Mono,051,14174,904,868,11,879,3
2020-12-30,Monterey,053,433212,29602,26977,721,27698,186
2020-12-30,Napa,055,140530,6253,5754,24,5778,28
2020-12-30,Nevada,057,99092,2872,2595,93,2688,15
2020-12-30,Orange,059,3164182,174321,153951,6666,160617,1863
2020-12-30,Placer,061,380077,15314,13540,626,14166,127
2020-12-30,Plumas,063,18699,489,397,8,405,1
2020-12-30,Riverside,065,2383286,199557,176402,8945,185347,1919
2020-12-30,Sacramento,067,1510023,68959,64119,652,64771,847
2020-12-30,San Benito,069,59416,3898,3464,30,3494,29
2020-12-30,San Bernardino,071,2135413,214502,192648,5763,198411,1591
2020-12-30,San Diego,073,3302833,173176,152510,7804,160314,1472
2020-12-30,San Francisco,075,870044,24750,23099,225,23324,182
2020-12-30,San Joaquin,077,732212,48593,44465,1680,46145,634
2020-12-30,San Luis Obispo,079,281455,12135,10542,262,10804,89
2020-12-30,San Mateo,081,765935,27013,24150,123,24273,190
2020-12-30,Santa Barbara,083,443738,19009,16895,535,17430,161
2020-12-30,Santa Clara,085,1922200,75961,67218,305,67523,661
2020-12-30,Santa Cruz,087,273765,10139,8787,364,9151,86
2020-12-30,Shasta,089,179085,8512,7818,740,8558,69
2020-12-30,Sierra,091,2930,36,25,6,31,0
2020-12-30,Siskiyou,093,43540,1058,913,109,1022,3
2020-12-30,Solano,095,438530,20582,18300,208,18508,96
2020-12-30,Sonoma,097,501317,20267,18947,110,19057,191
2020-12-30,Stanislaus,099,539301,36548,33730,3325,37055,526
2020-12-30,Sutter,101,95872,6720,6328,45,6373,51
2020-12-30,Tehama,103,63373,3249,2969,313,3282,9
2020-12-30,Trinity,105,12862,424,231,57,288,2
2020-12-30,Tulare,107,460477,35983,32413,3926,36339,430
2020-12-30,Tuolumne,109,53932,2957,2772,16,2788,12
2020-12-30,Ventura,111,848112,44534,39039,1711,40750,251
2020-12-30,Yolo,113,214977,9056,8067,66,8133,117
2020-12-30,Yuba,115,75493,4046,3612,38,3650,18
2020-12-29,Alameda,001,1643700,54835,50946,953,51899,552
2020-12-29,Alpine,003,1148,69,65,0,65,0
2020-12-29,Amador,005,37829,2642,2388,18,2406,23
2020-12-29,Butte,007,227075,7988,7178,950,8128,98
2020-12-29,Calaveras,009,45235,1178,1111,2,1113,21
2020-12-29,Colusa,011,21464,1351,1272,85,1357,7
2020-12-29,Contra Costa,013,1133247,42546,39225,596,39821,325
2020-12-29,Del Norte,015,27424,786,724,2,726,2
2020-12-29,El Dorado,017,186661,6502,5551,327,5878,22
2020-12-29,Fresno,019,978130,70851,65149,4717,69866,688
2020-12-29,Glenn,021,27897,1624,1454,272,1726,9
2020-12-29,Humboldt,023,135768,1846,1616,7,1623,19
2020-12-29,Imperial,025,180216,23409,22105,1374,23479,407
2020-12-29,Inyo,027,18085,707,571,8,579,19
2020-12-29,Kern,029,883053,68486,63096,5175,68271,589
2020-12-29,Kings,031,150075,16825,15777,537,16314,108
2020-12-29,Lake,033,64148,2019,1805,0,1805,22
2020-12-29,Lassen,035,31185,4555,4288,52,4340,1
2020-12-29,Los Angeles,037,10098052,810727,731907,22010,753917,9786
2020-12-29,Madera,039,155013,11184,10251,451,10702,64
2020-12-29,Marin,041,260295,10044,9595,80,9675,146
2020-12-29,Mariposa,043,17540,262,212,2,214,3
2020-12-29,Mendocino,045,87422,2525,2249,20,2269,24
2020-12-29,Merced,047,269075,19551,18464,353,18817,221
2020-12-29,Modoc,049,8938,263,232,75,307,0
2020-12-29,Mono,051,14174,895,868,11,879,3
2020-12-29,Monterey,053,433212,28951,26894,696,27590,185
2020-12-29,Napa,055,140530,6135,5663,24,5687,28
2020-12-29,Nevada,057,99092,2824,2550,92,2642,15
2020-12-29,Orange,059,3164182,170548,154411,6502,160913,1839
2020-12-29,Placer,061,380077,15101,13392,605,13997,126
2020-12-29,Plumas,063,18699,480,395,8,403,1
2020-12-29,Riverside,065,2383286,194958,177624,8696,186320,1904
2020-12-29,Sacramento,067,1510023,67908,65078,640,65718,820
2020-12-29,San Benito,069,59416,3779,3474,29,3503,25
2020-12-29,San Bernardino,071,2135413,209665,190476,5627,196103,1557
2020-12-29,San Diego,073,3302833,168953,150062,7573,157635,1435
2020-12-29,San Francisco,075,870044,24410,22996,218,23214,178
2020-12-29,San Joaquin,077,732212,47653,44699,1627,46326,622
2020-12-29,San Luis Obispo,079,281455,11839,10387,254,10641,80
2020-12-29,San Mateo,081,765935,26471,23773,111,23884,189
2020-12-29,Santa Barbara,083,443738,18540,16797,509,17306,155
2020-12-29,Santa Clara,085,1922200,74460,67581,301,67882,621
2020-12-29,Santa Cruz,087,273765,9873,8492,355,8847,84
2020-12-29,Shasta,089,179085,8408,7782,725,8507,65
2020-12-29,Sierra,091,2930,34,24,5,29,0
2020-12-29,Siskiyou,093,43540,1043,926,107,1033,3
2020-12-29,Solano,095,438530,20206,18412,203,18615,96
2020-12-29,Sonoma,097,501317,19935,18790,108,18898,187
2020-12-29,Stanislaus,099,539301,36071,33775,3255,37030,508
2020-12-29,Sutter,101,95872,6653,6302,45,6347,50
2020-12-29,Tehama,103,63373,3179,2962,301,3263,9
2020-12-29,Trinity,105,12862,423,241,57,298,2
2020-12-29,Tulare,107,460477,35356,32545,3804,36349,419
2020-12-29,Tuolumne,109,53932,2915,2797,16,2813,12
2020-12-29,Ventura,111,848112,43279,38669,1685,40354,235
2020-12-29,Yolo,113,214977,8926,8124,64,8188,111
2020-12-29,Yuba,115,75493,3967,3723,38,3761,18
2020-12-28,Alameda,001,1643700,53792,50405,933,51338,551
2020-12-28,Alpine,003,1148,68,65,0,65,0
2020-12-28,Amador,005,37829,2572,2255,18,2273,23
2020-12-28,Butte,007,227075,7821,7053,920,7973,86
2020-12-28,Calaveras,009,45235,1155,1102,2,1104,21
2020-12-28,Colusa,011,21464,1325,1255,74,1329,7
2020-12-28,Contra Costa,013,1133247,41603,38872,567,39439,324
2020-12-28,Del Norte,015,27424,777,718,2,720,2
2020-12-28,El Dorado,017,186661,6346,5441,315,5756,18
2020-12-28,Fresno,019,978130,69584,64274,4567,68841,679
2020-12-28,Glenn,021,27897,1590,1435,260,1695,9
2020-12-28,Humboldt,023,135768,1811,1579,7,1586,19
2020-12-28,Imperial,025,180216,23154,22003,1300,23303,405
2020-12-28,Inyo,027,18085,701,569,8,577,19
2020-12-28,Kern,029,883053,67419,62392,4975,67367,579
2020-12-28,Kings,031,150075,16608,15733,520,16253,108
2020-12-28,Lake,033,64148,1979,1785,0,1785,22
2020-12-28,Lassen,035,31185,4448,4284,51,4335,1
2020-12-28,Los Angeles,037,10098052,788370,720699,21218,741917,9544
2020-12-28,Madera,039,155013,11011,10123,431,10554,64
2020-12-28,Marin,041,260295,9937,9546,74,9620,145
2020-12-28,Mariposa,043,17540,238,211,2,213,3
2020-12-28,Mendocino,045,87422,2490,2214,20,2234,23
2020-12-28,Merced,047,269075,19231,18245,335,18580,213
2020-12-28,Modoc,049,8938,258,220,74,294,0
2020-12-28,Mono,051,14174,891,848,11,859,3
2020-12-28,Monterey,053,433212,28103,26529,687,27216,182
2020-12-28,Napa,055,140530,6025,5576,24,5600,26
2020-12-28,Nevada,057,99092,2776,2532,88,2620,15
2020-12-28,Orange,059,3164182,166444,152089,6327,158416,1839
2020-12-28,Placer,061,380077,14761,13234,578,13812,126
2020-12-28,Plumas,063,18699,476,391,8,399,0
2020-12-28,Riverside,065,2383286,190061,174029,8409,182438,1855
2020-12-28,Sacramento,067,1510023,66673,64322,616,64938,813
2020-12-28,San Benito,069,59416,3710,3429,29,3458,24
2020-12-28,San Bernardino,071,2135413,204575,188919,5514,194433,1552
2020-12-28,San Diego,073,3302833,164209,147528,7391,154919,1404
2020-12-28,San Francisco,075,870044,24050,22726,213,22939,178
2020-12-28,San Joaquin,077,732212,46714,44172,1595,45767,618
2020-12-28,San Luis Obispo,079,281455,11489,10260,250,10510,76
2020-12-28,San Mateo,081,765935,25997,23467,107,23574,189
2020-12-28,Santa Barbara,083,443738,18072,16579,497,17076,155
2020-12-28,Santa Clara,085,1922200,72980,66418,294,66712,619
2020-12-28,Santa Cruz,087,273765,9615,8310,345,8655,81
2020-12-28,Shasta,089,179085,8291,7688,712,8400,65
2020-12-28,Sierra,091,2930,32,24,4,28,0
2020-12-28,Siskiyou,093,43540,1027,915,102,1017,3
2020-12-28,Solano,095,438530,19646,18171,196,18367,96
2020-12-28,Sonoma,097,501317,19588,18667,106,18773,185
2020-12-28,Stanislaus,099,539301,35525,33473,3196,36669,507
2020-12-28,Sutter,101,95872,6573,6253,45,6298,49
2020-12-28,Tehama,103,63373,3126,2934,294,3228,9
2020-12-28,Trinity,105,12862,421,240,57,297,2
2020-12-28,Tulare,107,460477,34706,32010,3703,35713,404
2020-12-28,Tuolumne,109,53932,2898,2777,16,2793,12
2020-12-28,Ventura,111,848112,41609,37151,1640,38791,230
2020-12-28,Yolo,113,214977,8773,8031,63,8094,111
2020-12-28,Yuba,115,75493,3912,3679,37,3716,18
2020-12-27,Alameda,001,1643700,52550,49764,906,50670,551
2020-12-27,Alpine,003,1148,66,65,0,65,0
2020-12-27,Amador,005,37829,2452,2218,18,2236,23
2020-12-27,Butte,007,227075,7666,7016,881,7897,86
2020-12-27,Calaveras,009,45235,1109,1097,2,1099,21
2020-12-27,Colusa,011,21464,1300,1253,71,1324,7
2020-12-27,Contra Costa,013,1133247,40657,38428,543,38971,324
2020-12-27,Del Norte,015,27424,753,712,2,714,2
2020-12-27,El Dorado,017,186661,6132,5388,292,5680,18
2020-12-27,Fresno,019,978130,68339,63811,4364,68175,679
2020-12-27,Glenn,021,27897,1562,1434,246,1680,9
2020-12-27,Humboldt,023,135768,1767,1575,7,1582,17
2020-12-27,Imperial,025,180216,22875,21934,1193,23127,405
2020-12-27,Inyo,027,18085,681,565,7,572,18
2020-12-27,Kern,029,883053,66138,61914,4810,66724,568
2020-12-27,Kings,031,150075,16372,15593,486,16079,108
2020-12-27,Lake,033,64148,1930,1769,0,1769,22
2020-12-27,Lassen,035,31185,4371,4230,44,4274,1
2020-12-27,Los Angeles,037,10098052,766844,707260,20348,727608,9476
2020-12-27,Madera,039,155013,10754,10005,421,10426,64
2020-12-27,Marin,041,260295,9817,9477,72,9549,144
2020-12-27,Mariposa,043,17540,231,208,2,210,3
2020-12-27,Mendocino,045,87422,2443,2209,20,2229,23
2020-12-27,Merced,047,269075,18864,18075,319,18394,213
2020-12-27,Modoc,049,8938,249,221,70,291,0
2020-12-27,Mono,051,14174,879,849,11,860,3
2020-12-27,Monterey,053,433212,27540,26322,670,26992,181
2020-12-27,Napa,055,140530,5891,5496,24,5520,26
2020-12-27,Nevada,057,99092,2740,2519,88,2607,15
2020-12-27,Orange,059,3164182,162040,149276,6139,155415,1839
2020-12-27,Placer,061,380077,14466,13017,546,13563,126
2020-12-27,Plumas,063,18699,470,390,8,398,0
2020-12-27,Riverside,065,2383286,185147,171995,8109,180104,1836
2020-12-27,Sacramento,067,1510023,65462,63416,594,64010,811
2020-12-27,San Benito,069,59416,3625,3394,29,3423,24
2020-12-27,San Bernardino,071,2135413,199481,186776,5377,192153,1551
2020-12-27,San Diego,073,3302833,159802,145777,7204,152981,1402
2020-12-27,San Francisco,075,870044,23695,22514,205,22719,178
2020-12-27,San Joaquin,077,732212,45664,43529,1546,45075,618
2020-12-27,San Luis Obispo,079,281455,11081,10154,245,10399,76
2020-12-27,San Mateo,081,765935,25433,23136,104,23240,187
2020-12-27,Santa Barbara,083,443738,17543,16364,470,16834,155
2020-12-27,Santa Clara,085,1922200,71284,65288,288,65576,619
2020-12-27,Santa Cruz,087,273765,9357,8234,337,8571,81
2020-12-27,Shasta,089,179085,8164,7671,690,8361,65
2020-12-27,Sierra,091,2930,32,24,3,27,0
2020-12-27,Siskiyou,093,43540,1017,914,97,1011,3
2020-12-27,Solano,095,438530,19164,17840,191,18031,96
2020-12-27,Sonoma,097,501317,19297,18487,105,18592,185
2020-12-27,Stanislaus,099,539301,34913,33076,3113,36189,506
2020-12-27,Sutter,101,95872,6492,6218,43,6261,48
2020-12-27,Tehama,103,63373,3054,2922,278,3200,9
2020-12-27,Trinity,105,12862,414,240,55,295,2
2020-12-27,Tulare,107,460477,34104,31864,3585,35449,400
2020-12-27,Tuolumne,109,53932,2792,2750,14,2764,12
2020-12-27,Ventura,111,848112,40547,36661,1589,38250,230
2020-12-27,Yolo,113,214977,8584,7919,59,7978,111
2020-12-27,Yuba,115,75493,3849,3665,35,3700,18
2020-12-26,Alameda,001,1643700,51928,49084,893,49977,551
2020-12-26,Alpine,003,1148,66,65,0,65,0
2020-12-26,Amador,005,37829,2438,2189,18,2207,23
2020-12-26,Butte,007,227075,7572,6968,857,7825,86
2020-12-26,Calaveras,009,45235,1103,1084,2,1086,21
2020-12-26,Colusa,011,21464,1290,1240,71,1311,7
2020-12-26,Contra Costa,013,1133247,40179,38008,526,38534,324
2020-12-26,Del Norte,015,27424,748,709,2,711,2
2020-12-26,El Dorado,017,186661,6077,5279,288,5567,18
2020-12-26,Fresno,019,978130,67869,63080,4301,67381,679
2020-12-26,Glenn,021,27897,1541,1413,241,1654,9
2020-12-26,Humboldt,023,135768,1729,1545,7,1552,17
2020-12-26,Imperial,025,180216,22780,21734,1140,22874,405
2020-12-26,Inyo,027,18085,666,554,7,561,18
2020-12-26,Kern,029,883053,65467,61174,4663,65837,564
2020-12-26,Kings,031,150075,16254,15517,482,15999,108
2020-12-26,Lake,033,64148,1890,1710,0,1710,22
2020-12-26,Lassen,035,31185,4350,3981,44,4025,1
2020-12-26,Los Angeles,037,10098052,758270,694149,19856,714005,9424
2020-12-26,Madera,039,155013,10678,9908,409,10317,64
2020-12-26,Marin,041,260295,9777,9413,69,9482,143
2020-12-26,Mariposa,043,17540,230,206,2,208,3
2020-12-26,Mendocino,045,87422,2397,2194,20,2214,23
2020-12-26,Merced,047,269075,18705,17890,314,18204,213
2020-12-26,Modoc,049,8938,246,222,70,292,0
2020-12-26,Mono,051,14174,873,850,11,861,3
2020-12-26,Monterey,053,433212,27402,26010,661,26671,182
2020-12-26,Napa,055,140530,5833,5427,24,5451,26
2020-12-26,Nevada,057,99092,2712,2480,88,2568,15
2020-12-26,Orange,059,3164182,159819,147304,6048,153352,1838
2020-12-26,Placer,061,380077,14294,12816,531,13347,122
2020-12-26,Plumas,063,18699,467,381,8,389,0
2020-12-26,Riverside,065,2383286,182662,169360,7951,177311,1834
2020-12-26,Sacramento,067,1510023,64837,62435,584,63019,807
2020-12-26,San Benito,069,59416,3552,3330,29,3359,24
2020-12-26,San Bernardino,071,2135413,197803,185111,5295,190406,1551
2020-12-26,San Diego,073,3302833,157277,142644,7057,149701,1402
2020-12-26,San Francisco,075,870044,23454,22319,205,22524,177
2020-12-26,San Joaquin,077,732212,45277,42887,1500,44387,618
2020-12-26,San Luis Obispo,079,281455,10994,9945,240,10185,76
2020-12-26,San Mateo,081,765935,25095,22908,99,23007,187
2020-12-26,Santa Barbara,083,443738,17304,16159,464,16623,155
2020-12-26,Santa Clara,085,1922200,70170,64185,286,64471,618
2020-12-26,Santa Cruz,087,273765,9226,8113,328,8441,81
2020-12-26,Shasta,089,179085,8104,7641,678,8319,65
2020-12-26,Sierra,091,2930,32,24,3,27,0
2020-12-26,Siskiyou,093,43540,1010,909,94,1003,2
2020-12-26,Solano,095,438530,18923,17528,191,17719,96
2020-12-26,Sonoma,097,501317,19094,18261,103,18364,184
2020-12-26,Stanislaus,099,539301,34614,32678,3060,35738,505
2020-12-26,Sutter,101,95872,6434,6121,43,6164,48
2020-12-26,Tehama,103,63373,3025,2884,272,3156,9
2020-12-26,Trinity,105,12862,412,237,54,291,2
2020-12-26,Tulare,107,460477,33794,31665,3522,35187,398
2020-12-26,Tuolumne,109,53932,2781,2703,14,2717,12
2020-12-26,Ventura,111,848112,39582,36064,1559,37623,230
2020-12-26,Yolo,113,214977,8482,7785,57,7842,111
2020-12-26,Yuba,115,75493,3817,3599,35,3634,18
2020-12-25,Alameda,001,1643700,51356,48365,878,49243,542
2020-12-25,Alpine,003,1148,66,64,0,64,0
2020-12-25,Amador,005,37829,2395,2172,18,2190,23
2020-12-25,Butte,007,227075,7473,6873,838,7711,85
2020-12-25,Calaveras,009,45235,1100,1062,2,1064,21
2020-12-25,Colusa,011,21464,1277,1219,70,1289,7
2020-12-25,Contra Costa,013,1133247,39693,37480,502,37982,324
2020-12-25,Del Norte,015,27424,746,692,2,694,2
2020-12-25,El Dorado,017,186661,6012,5170,275,5445,16
2020-12-25,Fresno,019,978130,67005,62251,4220,66471,679
2020-12-25,Glenn,021,27897,1525,1390,234,1624,9
2020-12-25,Humboldt,023,135768,1689,1532,7,1539,16
2020-12-25,Imperial,025,180216,22678,21646,1128,22774,405
2020-12-25,Inyo,027,18085,656,546,7,553,18
2020-12-25,Kern,029,883053,64737,60417,4517,64934,562
2020-12-25,Kings,031,150075,16143,15460,478,15938,108
2020-12-25,Lake,033,64148,1871,1669,0,1669,20
2020-12-25,Lassen,035,31185,4335,3926,44,3970,1
2020-12-25,Los Angeles,037,10098052,744598,665600,19199,684799,9292
2020-12-25,Madera,039,155013,10514,9770,403,10173,64
2020-12-25,Marin,041,260295,9724,9375,67,9442,143
2020-12-25,Mariposa,043,17540,224,203,2,205,3
2020-12-25,Mendocino,045,87422,2354,2176,20,2196,23
2020-12-25,Merced,047,269075,18544,17726,306,18032,213
2020-12-25,Modoc,049,8938,245,221,70,291,0
2020-12-25,Mono,051,14174,871,843,11,854,3
2020-12-25,Monterey,053,433212,27125,25788,652,26440,182
2020-12-25,Napa,055,140530,5756,5351,24,5375,26
2020-12-25,Nevada,057,99092,2686,2458,86,2544,15
2020-12-25,Orange,059,3164182,157130,144542,5857,150399,1814
2020-12-25,Placer,061,380077,14109,12660,509,13169,122
2020-12-25,Plumas,063,18699,460,381,8,389,0
2020-12-25,Riverside,065,2383286,179380,166690,7640,174330,1825
2020-12-25,Sacramento,067,1510023,64146,61630,559,62189,796
2020-12-25,San Benito,069,59416,3511,3281,27,3308,24
2020-12-25,San Bernardino,071,2135413,195201,181812,5180,186992,1546
2020-12-25,San Diego,073,3302833,154797,139958,6879,146837,1402
2020-12-25,San Francisco,075,870044,23172,22130,200,22330,175
2020-12-25,San Joaquin,077,732212,44977,42089,1447,43536,614
2020-12-25,San Luis Obispo,079,281455,10811,9749,233,9982,76
2020-12-25,San Mateo,081,765935,24773,22568,97,22665,187
2020-12-25,Santa Barbara,083,443738,17080,15936,457,16393,155
2020-12-25,Santa Clara,085,1922200,69033,63173,277,63450,612
2020-12-25,Santa Cruz,087,273765,9076,8018,307,8325,81
2020-12-25,Shasta,089,179085,8030,7612,655,8267,65
2020-12-25,Sierra,091,2930,32,24,3,27,0
2020-12-25,Siskiyou,093,43540,1004,905,92,997,2
2020-12-25,Solano,095,438530,18744,17280,189,17469,96
2020-12-25,Sonoma,097,501317,18919,18035,101,18136,184
2020-12-25,Stanislaus,099,539301,34332,32290,3005,35295,498
2020-12-25,Sutter,101,95872,6375,6051,42,6093,47
2020-12-25,Tehama,103,63373,2977,2839,259,3098,9
2020-12-25,Trinity,105,12862,408,236,54,290,2
2020-12-25,Tulare,107,460477,33383,31323,3454,34777,398
2020-12-25,Tuolumne,109,53932,2762,2674,14,2688,12
2020-12-25,Ventura,111,848112,38425,35514,1511,37025,230
2020-12-25,Yolo,113,214977,8390,7700,55,7755,111
2020-12-25,Yuba,115,75493,3777,3549,34,3583,17
2020-12-24,Alameda,001,1643700,51000,47527,860,48387,541
2020-12-24,Alpine,003,1148,66,64,0,64,0
2020-12-24,Amador,005,37829,2382,2145,18,2163,23
2020-12-24,Butte,007,227075,7435,6716,822,7538,84
2020-12-24,Calaveras,009,45235,1097,1032,2,1034,21
2020-12-24,Colusa,011,21464,1272,1188,68,1256,7
2020-12-24,Contra Costa,013,1133247,39442,36623,489,37112,311
2020-12-24,Del Norte,015,27424,745,678,2,680,2
2020-12-24,El Dorado,017,186661,5986,5042,267,5309,16
2020-12-24,Fresno,019,978130,66783,61435,4206,65641,663
2020-12-24,Glenn,021,27897,1514,1363,226,1589,9
2020-12-24,Humboldt,023,135768,1666,1516,7,1523,16
2020-12-24,Imperial,025,180216,22615,21545,1118,22663,402
2020-12-24,Inyo,027,18085,654,532,7,539,17
2020-12-24,Kern,029,883053,64450,59601,4504,64105,556
2020-12-24,Kings,031,150075,16103,15211,477,15688,108
2020-12-24,Lake,033,64148,1849,1629,0,1629,20
2020-12-24,Lassen,035,31185,4322,3894,44,3938,1
2020-12-24,Los Angeles,037,10098052,740408,664840,18954,683794,9288
2020-12-24,Madera,039,155013,10465,9547,395,9942,63
2020-12-24,Marin,041,260295,9685,9287,67,9354,143
2020-12-24,Mariposa,043,17540,220,197,2,199,3
2020-12-24,Mendocino,045,87422,2343,2150,20,2170,23
2020-12-24,Merced,047,269075,18474,17485,302,17787,212
2020-12-24,Modoc,049,8938,245,220,69,289,0
2020-12-24,Mono,051,14174,869,817,11,828,3
2020-12-24,Monterey,053,433212,27012,25131,645,25776,180
2020-12-24,Napa,055,140530,5701,5265,24,5289,26
2020-12-24,Nevada,057,99092,2662,2429,86,2515,15
2020-12-24,Orange,059,3164182,155640,141205,5806,147011,1775
2020-12-24,Placer,061,380077,14019,12457,502,12959,121
2020-12-24,Plumas,063,18699,457,376,8,384,0
2020-12-24,Riverside,065,2383286,178444,162435,7600,170035,1816
2020-12-24,Sacramento,067,1510023,63871,60596,557,61153,788
2020-12-24,San Benito,069,59416,3480,3183,27,3210,24
2020-12-24,San Bernardino,071,2135413,194114,176866,5147,182013,1533
2020-12-24,San Diego,073,3302833,153713,136952,6847,143799,1382
2020-12-24,San Francisco,075,870044,23000,21830,197,22027,175
2020-12-24,San Joaquin,077,732212,44810,41324,1429,42753,611
2020-12-24,San Luis Obispo,079,281455,10742,9504,231,9735,77
2020-12-24,San Mateo,081,765935,24578,22093,97,22190,186
2020-12-24,Santa Barbara,083,443738,16975,15644,449,16093,153
2020-12-24,Santa Clara,085,1922200,68344,61742,270,62012,591
2020-12-24,Santa Cruz,087,273765,8997,7856,295,8151,82
2020-12-24,Shasta,089,179085,7989,7540,638,8178,65
2020-12-24,Sierra,091,2930,29,23,1,24,0
2020-12-24,Siskiyou,093,43540,999,900,86,986,2
2020-12-24,Solano,095,438530,18603,16872,184,17056,96
2020-12-24,Sonoma,097,501317,18818,17710,101,17811,183
2020-12-24,Stanislaus,099,539301,34130,31848,2978,34826,498
2020-12-24,Sutter,101,95872,6334,5960,41,6001,47
2020-12-24,Tehama,103,63373,2959,2779,257,3036,9
2020-12-24,Trinity,105,12862,407,235,54,289,2
2020-12-24,Tulare,107,460477,33235,30827,3428,34255,390
2020-12-24,Tuolumne,109,53932,2754,2653,14,2667,12
2020-12-24,Ventura,111,848112,38145,34400,1504,35904,224
2020-12-24,Yolo,113,214977,8348,7566,54,7620,113
2020-12-24,Yuba,115,75493,3746,3483,34,3517,16
2020-12-23,Alameda,001,1643700,50423,46753,833,47586,537
2020-12-23,Alpine,003,1148,66,64,0,64,0
2020-12-23,Amador,005,37829,2313,2108,17,2125,23
2020-12-23,Butte,007,227075,7346,6588,795,7383,84
2020-12-23,Calaveras,009,45235,1089,1002,1,1003,21
2020-12-23,Colusa,011,21464,1261,1167,67,1234,7
2020-12-23,Contra Costa,013,1133247,39045,36190,475,36665,311
2020-12-23,Del Norte,015,27424,737,670,2,672,2
2020-12-23,El Dorado,017,186661,5911,4967,259,5226,14
2020-12-23,Fresno,019,978130,66173,60488,4141,64629,654
2020-12-23,Glenn,021,27897,1500,1349,222,1571,9
2020-12-23,Humboldt,023,135768,1641,1458,7,1465,16
2020-12-23,Imperial,025,180216,22520,21323,1089,22412,399
2020-12-23,Inyo,027,18085,641,517,7,524,17
2020-12-23,Kern,029,883053,63932,58656,4413,63069,549
2020-12-23,Kings,031,150075,16026,14923,474,15397,105
2020-12-23,Lake,033,64148,1832,1595,0,1595,20
2020-12-23,Lassen,035,31185,4312,3865,41,3906,1
2020-12-23,Los Angeles,037,10098052,731336,651958,18434,670392,9146
2020-12-23,Madera,039,155013,10308,9371,380,9751,63
2020-12-23,Marin,041,260295,9626,9199,64,9263,142
2020-12-23,Mariposa,043,17540,218,194,2,196,3
2020-12-23,Mendocino,045,87422,2331,2121,20,2141,23
2020-12-23,Merced,047,269075,18318,17250,294,17544,203
2020-12-23,Modoc,049,8938,241,197,68,265,0
2020-12-23,Mono,051,14174,866,814,11,825,3
2020-12-23,Monterey,053,433212,26712,24856,640,25496,176
2020-12-23,Napa,055,140530,5634,5172,24,5196,25
2020-12-23,Nevada,057,99092,2617,2406,85,2491,15
2020-12-23,Orange,059,3164182,153186,138050,5645,143695,1771
2020-12-23,Placer,061,380077,13809,12213,494,12707,111
2020-12-23,Plumas,063,18699,450,369,8,377,0
2020-12-23,Riverside,065,2383286,176173,158110,7446,165556,1790
2020-12-23,Sacramento,067,1510023,63222,59661,544,60205,779
2020-12-23,San Benito,069,59416,3426,3073,25,3098,24
2020-12-23,San Bernardino,071,2135413,192048,172888,5079,177967,1509
2020-12-23,San Diego,073,3302833,151287,134695,6710,141405,1350
2020-12-23,San Francisco,075,870044,22779,21498,194,21692,174
2020-12-23,San Joaquin,077,732212,44283,35664,1387,37051,602
2020-12-23,San Luis Obispo,079,281455,10600,9267,226,9493,74
2020-12-23,San Mateo,081,765935,24276,21780,95,21875,186
2020-12-23,Santa Barbara,083,443738,16767,15399,424,15823,152
2020-12-23,Santa Clara,085,1922200,67397,60455,265,60720,579
2020-12-23,Santa Cruz,087,273765,8838,7637,277,7914,75
2020-12-23,Shasta,089,179085,7917,7487,632,8119,66
2020-12-23,Sierra,091,2930,27,23,1,24,0
2020-12-23,Siskiyou,093,43540,978,891,85,976,2
2020-12-23,Solano,095,438530,18390,16626,179,16805,95
2020-12-23,Sonoma,097,501317,18614,17397,101,17498,182
2020-12-23,Stanislaus,099,539301,33778,31492,2926,34418,499
2020-12-23,Sutter,101,95872,6267,5871,41,5912,46
2020-12-23,Tehama,103,63373,2941,2737,250,2987,9
2020-12-23,Trinity,105,12862,407,234,53,287,2
2020-12-23,Tulare,107,460477,32923,30315,3388,33703,385
2020-12-23,Tuolumne,109,53932,2715,2540,14,2554,12
2020-12-23,Ventura,111,848112,37748,33377,1475,34852,216
2020-12-23,Yolo,113,214977,8269,7508,54,7562,112
2020-12-23,Yuba,115,75493,3686,3438,34,3472,14
2020-12-22,Alameda,001,1643700,49537,45751,803,46554,534
2020-12-22,Alpine,003,1148,66,64,0,64,0
2020-12-22,Amador,005,37829,2302,1839,17,1856,23
2020-12-22,Butte,007,227075,7217,6467,780,7247,85
2020-12-22,Calaveras,009,45235,1062,988,0,988,21
2020-12-22,Colusa,011,21464,1238,1150,64,1214,7
2020-12-22,Contra Costa,013,1133247,38420,35681,461,36142,301
2020-12-22,Del Norte,015,27424,727,666,2,668,2
2020-12-22,El Dorado,017,186661,5788,4885,247,5132,12
2020-12-22,Fresno,019,978130,65141,59640,4039,63679,640
2020-12-22,Glenn,021,27897,1477,1337,211,1548,9
2020-12-22,Humboldt,023,135768,1608,1440,7,1447,16
2020-12-22,Imperial,025,180216,22330,21128,1048,22176,398
2020-12-22,Inyo,027,18085,620,506,7,513,17
2020-12-22,Kern,029,883053,62979,57816,4278,62094,547
2020-12-22,Kings,031,150075,15884,14855,468,15323,102
2020-12-22,Lake,033,64148,1808,1569,0,1569,20
2020-12-22,Lassen,035,31185,4170,3848,39,3887,1
2020-12-22,Los Angeles,037,10098052,714058,635931,17774,653705,9013
2020-12-22,Madera,039,155013,10194,9187,365,9552,63
2020-12-22,Marin,041,260295,9560,9115,63,9178,142
2020-12-22,Mariposa,043,17540,215,194,2,196,3
2020-12-22,Mendocino,045,87422,2298,2092,19,2111,23
2020-12-22,Merced,047,269075,18072,17012,289,17301,201
2020-12-22,Modoc,049,8938,233,182,67,249,0
2020-12-22,Mono,051,14174,860,786,11,797,3
2020-12-22,Monterey,053,433212,26041,24152,619,24771,176
2020-12-22,Napa,055,140530,5545,5059,24,5083,23
2020-12-22,Nevada,057,99092,2589,2367,84,2451,14
2020-12-22,Orange,059,3164182,149850,134850,5477,140327,1774
2020-12-22,Placer,061,380077,13565,11943,474,12417,105
2020-12-22,Plumas,063,18699,444,360,8,368,0
2020-12-22,Riverside,065,2383286,172365,155059,7180,162239,1777
2020-12-22,Sacramento,067,1510023,62294,57966,525,58491,772
2020-12-22,San Benito,069,59416,3348,2998,25,3023,24
2020-12-22,San Bernardino,071,2135413,187441,169266,4935,174201,1500
2020-12-22,San Diego,073,3302833,147928,132097,6548,138645,1311
2020-12-22,San Francisco,075,870044,22507,21232,190,21422,174
2020-12-22,San Joaquin,077,732212,43520,39423,1339,40762,592
2020-12-22,San Luis Obispo,079,281455,10254,9174,221,9395,69
2020-12-22,San Mateo,081,765935,23950,21382,79,21461,186
2020-12-22,Santa Barbara,083,443738,16501,15189,414,15603,150
2020-12-22,Santa Clara,085,1922200,66219,59192,258,59450,569
2020-12-22,Santa Cruz,087,273765,8655,7471,251,7722,72
2020-12-22,Shasta,089,179085,7838,7371,615,7986,64
2020-12-22,Sierra,091,2930,27,23,0,23,0
2020-12-22,Siskiyou,093,43540,972,880,84,964,2
2020-12-22,Solano,095,438530,17987,16229,176,16405,95
2020-12-22,Sonoma,097,501317,18293,17216,101,17317,180
2020-12-22,Stanislaus,099,539301,33394,30914,2852,33766,499
2020-12-22,Sutter,101,95872,6208,5791,40,5831,46
2020-12-22,Tehama,103,63373,2892,2688,244,2932,9
2020-12-22,Trinity,105,12862,406,231,53,284,2
2020-12-22,Tulare,107,460477,32457,30025,3324,33349,377
2020-12-22,Tuolumne,109,53932,2664,2526,14,2540,12
2020-12-22,Ventura,111,848112,36982,32488,1432,33920,213
2020-12-22,Yolo,113,214977,8157,7388,53,7441,113
2020-12-22,Yuba,115,75493,3638,3379,34,3413,14
2020-12-21,Alameda,001,1643700,48637,44756,777,45533,518
2020-12-21,Alpine,003,1148,65,64,0,64,0
2020-12-21,Amador,005,37829,2225,1815,17,1832,23
2020-12-21,Butte,007,227075,7062,6335,757,7092,81
2020-12-21,Calaveras,009,45235,1032,963,0,963,21
2020-12-21,Colusa,011,21464,1211,1135,59,1194,7
2020-12-21,Contra Costa,013,1133247,37671,35207,425,35632,300
2020-12-21,Del Norte,015,27424,712,660,2,662,2
2020-12-21,El Dorado,017,186661,5642,4805,235,5040,10
2020-12-21,Fresno,019,978130,63991,58568,3897,62465,634
2020-12-21,Glenn,021,27897,1445,1323,203,1526,9
2020-12-21,Humboldt,023,135768,1585,1419,7,1426,16
2020-12-21,Imperial,025,180216,22065,20994,1006,22000,395
2020-12-21,Inyo,027,18085,600,482,7,489,17
2020-12-21,Kern,029,883053,62090,56836,4144,60980,541
2020-12-21,Kings,031,150075,15634,14760,453,15213,100
2020-12-21,Lake,033,64148,1760,1538,0,1538,20
2020-12-21,Lassen,035,31185,4010,3798,37,3835,1
2020-12-21,Los Angeles,037,10098052,694952,624129,17111,641240,8918
2020-12-21,Madera,039,155013,10004,9069,344,9413,63
2020-12-21,Marin,041,260295,9490,9035,63,9098,142
2020-12-21,Mariposa,043,17540,210,186,2,188,3
2020-12-21,Mendocino,045,87422,2267,2066,19,2085,23
2020-12-21,Merced,047,269075,17822,16710,274,16984,198
2020-12-21,Modoc,049,8938,219,181,66,247,0
2020-12-21,Mono,051,14174,848,781,11,792,3
2020-12-21,Monterey,053,433212,25509,23673,605,24278,174
2020-12-21,Napa,055,140530,5459,4952,24,4976,23
2020-12-21,Nevada,057,99092,2556,2337,84,2421,13
2020-12-21,Orange,059,3164182,146446,130444,5325,135769,1772
2020-12-21,Placer,061,380077,13333,11715,455,12170,105
2020-12-21,Plumas,063,18699,440,353,8,361,0
2020-12-21,Riverside,065,2383286,168144,151713,6861,158574,1743
2020-12-21,Sacramento,067,1510023,61277,57064,508,57572,759
2020-12-21,San Benito,069,59416,3279,2921,25,2946,22
2020-12-21,San Bernardino,071,2135413,182630,165086,4769,169855,1476
2020-12-21,San Diego,073,3302833,144477,129716,6384,136100,1284
2020-12-21,San Francisco,075,870044,22215,21086,188,21274,174
2020-12-21,San Joaquin,077,732212,42722,38811,1289,40100,586
2020-12-21,San Luis Obispo,079,281455,10065,9006,216,9222,64
2020-12-21,San Mateo,081,765935,23546,21035,76,21111,185
2020-12-21,Santa Barbara,083,443738,16227,14988,409,15397,149
2020-12-21,Santa Clara,085,1922200,65027,57699,246,57945,570
2020-12-21,Santa Cruz,087,273765,8448,7315,238,7553,69
2020-12-21,Shasta,089,179085,7773,7299,605,7904,64
2020-12-21,Sierra,091,2930,24,23,0,23,0
2020-12-21,Siskiyou,093,43540,965,878,83,961,2
2020-12-21,Solano,095,438530,17528,15878,171,16049,95
2020-12-21,Sonoma,097,501317,18020,17075,98,17173,176
2020-12-21,Stanislaus,099,539301,32937,30437,2776,33213,499
2020-12-21,Sutter,101,95872,6113,5708,40,5748,46
2020-12-21,Tehama,103,63373,2827,2656,235,2891,9
2020-12-21,Trinity,105,12862,404,226,51,277,2
2020-12-21,Tulare,107,460477,31971,29482,3233,32715,373
2020-12-21,Tuolumne,109,53932,2639,2423,12,2435,12
2020-12-21,Ventura,111,848112,35902,31759,1395,33154,212
2020-12-21,Yolo,113,214977,8018,7266,49,7315,109
2020-12-21,Yuba,115,75493,3580,3329,34,3363,14
2020-12-20,Alameda,001,1643700,47755,44004,756,44760,516
2020-12-20,Alpine,003,1148,65,64,0,64,0
2020-12-20,Amador,005,37829,2167,1771,17,1788,23
2020-12-20,Butte,007,227075,6915,6228,721,6949,81
2020-12-20,Calaveras,009,45235,1008,926,0,926,21
2020-12-20,Colusa,011,21464,1183,1121,53,1174,7
2020-12-20,Contra Costa,013,1133247,37070,34798,407,35205,301
2020-12-20,Del Norte,015,27424,690,652,2,654,2
2020-12-20,El Dorado,017,186661,5517,4697,226,4923,10
2020-12-20,Fresno,019,978130,63002,57616,3762,61378,634
2020-12-20,Glenn,021,27897,1436,1295,196,1491,9
2020-12-20,Humboldt,023,135768,1548,1386,6,1392,15
2020-12-20,Imperial,025,180216,21825,20882,904,21786,395
2020-12-20,Inyo,027,18085,584,476,7,483,17
2020-12-20,Kern,029,883053,60992,55983,3990,59973,540
2020-12-20,Kings,031,150075,15414,14629,437,15066,100
2020-12-20,Lake,033,64148,1717,1463,0,1463,20
2020-12-20,Lassen,035,31185,3956,3669,35,3704,1
2020-12-20,Los Angeles,037,10098052,676840,612975,16393,629368,8862
2020-12-20,Madera,039,155013,9795,8871,337,9208,63
2020-12-20,Marin,041,260295,9388,8948,60,9008,142
2020-12-20,Mariposa,043,17540,209,179,2,181,3
2020-12-20,Mendocino,045,87422,2242,2033,19,2052,23
2020-12-20,Merced,047,269075,17505,16435,267,16702,198
2020-12-20,Modoc,049,8938,219,181,64,245,0
2020-12-20,Mono,051,14174,830,774,11,785,3
2020-12-20,Monterey,053,433212,25026,23250,567,23817,173
2020-12-20,Napa,055,140530,5338,4865,23,4888,23
2020-12-20,Nevada,057,99092,2510,2289,78,2367,13
2020-12-20,Orange,059,3164182,142953,128780,5177,133957,1763
2020-12-20,Placer,061,380077,13108,11496,437,11933,105
2020-12-20,Plumas,063,18699,432,347,8,355,0
2020-12-20,Riverside,065,2383286,163937,148714,6574,155288,1742
2020-12-20,Sacramento,067,1510023,60278,56017,488,56505,755
2020-12-20,San Benito,069,59416,3207,2885,24,2909,21
2020-12-20,San Bernardino,071,2135413,177626,162810,4612,167422,1458
2020-12-20,San Diego,073,3302833,140759,126465,6214,132679,1280
2020-12-20,San Francisco,075,870044,21898,20937,185,21122,174
2020-12-20,San Joaquin,077,732212,41873,38268,1229,39497,587
2020-12-20,San Luis Obispo,079,281455,9774,8881,210,9091,63
2020-12-20,San Mateo,081,765935,23112,20764,72,20836,185
2020-12-20,Santa Barbara,083,443738,15905,14817,391,15208,148
2020-12-20,Santa Clara,085,1922200,63630,56860,240,57100,566
2020-12-20,Santa Cruz,087,273765,8238,7178,225,7403,69
2020-12-20,Shasta,089,179085,7659,7256,591,7847,64
2020-12-20,Sierra,091,2930,24,22,0,22,0
2020-12-20,Siskiyou,093,43540,956,870,82,952,2
2020-12-20,Solano,095,438530,17145,15533,160,15693,95
2020-12-20,Sonoma,097,501317,17744,16802,97,16899,175
2020-12-20,Stanislaus,099,539301,32407,29995,2676,32671,498
2020-12-20,Sutter,101,95872,6026,5601,40,5641,43
2020-12-20,Tehama,103,63373,2779,2602,216,2818,9
2020-12-20,Trinity,105,12862,396,221,50,271,2
2020-12-20,Tulare,107,460477,31454,29078,3141,32219,373
2020-12-20,Tuolumne,109,53932,2531,2152,11,2163,12
2020-12-20,Ventura,111,848112,35201,31335,1363,32698,210
2020-12-20,Yolo,113,214977,7865,7121,46,7167,109
2020-12-20,Yuba,115,75493,3530,3254,32,3286,12
2020-12-19,Alameda,001,1643700,47307,43109,749,43858,516
2020-12-19,Alpine,003,1148,65,64,0,64,0
2020-12-19,Amador,005,37829,2143,1754,17,1771,23
2020-12-19,Butte,007,227075,6815,6118,699,6817,81
2020-12-19,Calaveras,009,45235,991,900,0,900,21
2020-12-19,Colusa,011,21464,1175,1096,50,1146,7
2020-12-19,Contra Costa,013,1133247,36742,34321,393,34714,301
2020-12-19,Del Norte,015,27424,688,641,1,642,2
2020-12-19,El Dorado,017,186661,5450,4588,218,4806,10
2020-12-19,Fresno,019,978130,62676,55428,3696,59124,634
2020-12-19,Glenn,021,27897,1401,1286,195,1481,9
2020-12-19,Humboldt,023,135768,1531,1357,6,1363,15
2020-12-19,Imperial,025,180216,21732,20711,858,21569,395
2020-12-19,Inyo,027,18085,577,475,7,482,17
2020-12-19,Kern,029,883053,60508,55118,3884,59002,540
2020-12-19,Kings,031,150075,15335,14474,435,14909,100
2020-12-19,Lake,033,64148,1677,1438,0,1438,20
2020-12-19,Lassen,035,31185,3928,3595,35,3630,1
2020-12-19,Los Angeles,037,10098052,669714,599888,15871,615759,8804
2020-12-19,Madera,039,155013,9694,8717,325,9042,63
2020-12-19,Marin,041,260295,9348,8864,60,8924,142
2020-12-19,Mariposa,043,17540,207,177,2,179,3
2020-12-19,Mendocino,045,87422,2217,2008,19,2027,23
2020-12-19,Merced,047,269075,17366,16230,259,16489,198
2020-12-19,Modoc,049,8938,216,181,64,245,0
2020-12-19,Mono,051,14174,823,766,11,777,3
2020-12-19,Monterey,053,433212,24912,22799,562,23361,172
2020-12-19,Napa,055,140530,5276,4772,23,4795,23
2020-12-19,Nevada,057,99092,2488,2260,78,2338,13
2020-12-19,Orange,059,3164182,141026,125574,5029,130603,1733
2020-12-19,Placer,061,380077,12953,11246,431,11677,105
2020-12-19,Plumas,063,18699,429,343,8,351,0
2020-12-19,Riverside,065,2383286,161949,146703,6343,153046,1737
2020-12-19,Sacramento,067,1510023,59743,55169,474,55643,746
2020-12-19,San Benito,069,59416,3160,2820,23,2843,21
2020-12-19,San Bernardino,071,2135413,176043,159883,4504,164387,1433
2020-12-19,San Diego,073,3302833,138992,122972,6075,129047,1280
2020-12-19,San Francisco,075,870044,21743,20643,185,20828,174
2020-12-19,San Joaquin,077,732212,41469,37340,1181,38521,586
2020-12-19,San Luis Obispo,079,281455,9703,8788,207,8995,63
2020-12-19,San Mateo,081,765935,22903,20393,65,20458,182
2020-12-19,Santa Barbara,083,443738,15749,14667,385,15052,148
2020-12-19,Santa Clara,085,1922200,62780,55540,236,55776,558
2020-12-19,Santa Cruz,087,273765,8132,7054,221,7275,68
2020-12-19,Shasta,089,179085,7607,7221,579,7800,63
2020-12-19,Sierra,091,2930,24,23,0,23,0
2020-12-19,Siskiyou,093,43540,952,853,81,934,2
2020-12-19,Solano,095,438530,16967,15204,157,15361,95
2020-12-19,Sonoma,097,501317,17635,16553,97,16650,175
2020-12-19,Stanislaus,099,539301,32080,29555,2604,32159,498
2020-12-19,Sutter,101,95872,5970,5506,40,5546,41
2020-12-19,Tehama,103,63373,2730,2574,214,2788,9
2020-12-19,Trinity,105,12862,395,219,50,269,2
2020-12-19,Tulare,107,460477,31215,28734,3075,31809,375
2020-12-19,Tuolumne,109,53932,2517,2107,11,2118,12
2020-12-19,Ventura,111,848112,34920,30843,1333,32176,209
2020-12-19,Yolo,113,214977,7790,7025,45,7070,109
2020-12-19,Yuba,115,75493,3500,3168,32,3200,11
2020-12-18,Alameda,001,1643700,46771,42196,733,42929,515
2020-12-18,Alpine,003,1148,65,64,0,64,0
2020-12-18,Amador,005,37829,2126,1727,15,1742,20
2020-12-18,Butte,007,227075,6730,5891,673,6564,81
2020-12-18,Calaveras,009,45235,981,870,0,870,21
2020-12-18,Colusa,011,21464,1166,1068,50,1118,7
2020-12-18,Contra Costa,013,1133247,36450,33610,382,33992,300
2020-12-18,Del Norte,015,27424,683,627,0,627,2
2020-12-18,El Dorado,017,186661,5388,4494,209,4703,10
2020-12-18,Fresno,019,978130,61848,52643,3635,56278,613
2020-12-18,Glenn,021,27897,1384,1264,190,1454,9
2020-12-18,Humboldt,023,135768,1516,1331,6,1337,15
2020-12-18,Imperial,025,180216,21649,20430,812,21242,393
2020-12-18,Inyo,027,18085,558,454,7,461,17
2020-12-18,Kern,029,883053,59848,54220,3799,58019,533
2020-12-18,Kings,031,150075,15209,14284,429,14713,98
2020-12-18,Lake,033,64148,1661,1397,0,1397,20
2020-12-18,Lassen,035,31185,3920,3486,35,3521,1
2020-12-18,Los Angeles,037,10098052,657558,586413,15390,601803,8744
2020-12-18,Madera,039,155013,9591,8609,319,8928,63
2020-12-18,Marin,041,260295,9264,8799,60,8859,142
2020-12-18,Mariposa,043,17540,204,176,2,178,3
2020-12-18,Mendocino,045,87422,2199,1977,19,1996,24
2020-12-18,Merced,047,269075,17285,15956,257,16213,195
2020-12-18,Modoc,049,8938,216,179,64,243,0
2020-12-18,Mono,051,14174,815,731,11,742,3
2020-12-18,Monterey,053,433212,24619,22336,557,22893,165
2020-12-18,Napa,055,140530,5227,4688,23,4711,23
2020-12-18,Nevada,057,99092,2471,2220,77,2297,13
2020-12-18,Orange,059,3164182,138587,121681,4880,126561,1725
2020-12-18,Placer,061,380077,12782,10995,423,11418,104
2020-12-18,Plumas,063,18699,423,336,8,344,0
2020-12-18,Riverside,065,2383286,159106,142375,6081,148456,1733
2020-12-18,Sacramento,067,1510023,59117,53980,458,54438,736
2020-12-18,San Benito,069,59416,3111,2744,23,2767,21
2020-12-18,San Bernardino,071,2135413,173743,154272,4370,158642,1430
2020-12-18,San Diego,073,3302833,136814,120463,5936,126399,1253
2020-12-18,San Francisco,075,870044,21576,20315,179,20494,173
2020-12-18,San Joaquin,077,732212,41113,36484,1152,37636,559
2020-12-18,San Luis Obispo,079,281455,9605,8598,202,8800,62
2020-12-18,San Mateo,081,765935,22590,19971,61,20032,182
2020-12-18,Santa Barbara,083,443738,15608,14361,372,14733,148
2020-12-18,Santa Clara,085,1922200,61883,53992,227,54219,539
2020-12-18,Santa Cruz,087,273765,8013,6838,213,7051,68
2020-12-18,Shasta,089,179085,7569,7114,568,7682,62
2020-12-18,Sierra,091,2930,24,23,0,23,0
2020-12-18,Siskiyou,093,43540,950,840,81,921,2
2020-12-18,Solano,095,438530,16810,14667,153,14820,95
2020-12-18,Sonoma,097,501317,17515,16261,97,16358,173
2020-12-18,Stanislaus,099,539301,31804,28967,2567,31534,490
2020-12-18,Sutter,101,95872,5886,5399,40,5439,39
2020-12-18,Tehama,103,63373,2715,2523,204,2727,9
2020-12-18,Trinity,105,12862,394,215,50,265,2
2020-12-18,Tulare,107,460477,30925,28322,2997,31319,370
2020-12-18,Tuolumne,109,53932,2506,2067,11,2078,12
2020-12-18,Ventura,111,848112,34416,29907,1290,31197,209
2020-12-18,Yolo,113,214977,7721,6901,44,6945,109
2020-12-18,Yuba,115,75493,3440,3097,32,3129,11
2020-12-17,Alameda,001,1643700,45967,41548,708,42256,508
2020-12-17,Alpine,003,1148,65,64,0,64,0
2020-12-17,Amador,005,37829,2078,1703,13,1716,19
2020-12-17,Butte,007,227075,6605,5746,654,6400,78
2020-12-17,Calaveras,009,45235,958,848,0,848,21
2020-12-17,Colusa,011,21464,1155,1053,48,1101,7
2020-12-17,Contra Costa,013,1133247,35917,33006,352,33358,293
2020-12-17,Del Norte,015,27424,678,583,0,583,1
2020-12-17,El Dorado,017,186661,5242,4327,196,4523,9
2020-12-17,Fresno,019,978130,60988,49918,3507,53425,597
2020-12-17,Glenn,021,27897,1360,1244,183,1427,9
2020-12-17,Humboldt,023,135768,1483,1322,6,1328,14
2020-12-17,Imperial,025,180216,21488,20208,746,20954,391
2020-12-17,Inyo,027,18085,540,450,6,456,16
2020-12-17,Kern,029,883053,58891,53683,3664,57347,526
2020-12-17,Kings,031,150075,15106,14057,414,14471,98
2020-12-17,Lake,033,64148,1632,1374,0,1374,20
2020-12-17,Lassen,035,31185,3884,3417,35,3452,1
2020-12-17,Los Angeles,037,10098052,641885,571093,14850,585943,8657
2020-12-17,Madera,039,155013,9470,8465,315,8780,62
2020-12-17,Marin,041,260295,9202,8721,58,8779,142
2020-12-17,Mariposa,043,17540,200,172,2,174,3
2020-12-17,Mendocino,045,87422,2165,1942,19,1961,23
2020-12-17,Merced,047,269075,17023,15648,249,15897,192
2020-12-17,Modoc,049,8938,213,179,64,243,0
2020-12-17,Mono,051,14174,801,718,11,729,3
2020-12-17,Monterey,053,433212,24100,21951,542,22493,163
2020-12-17,Napa,055,140530,5115,4612,23,4635,23
2020-12-17,Nevada,057,99092,2430,2173,74,2247,13
2020-12-17,Orange,059,3164182,135216,118367,4748,123115,1725
2020-12-17,Placer,061,380077,12508,10756,409,11165,99
2020-12-17,Plumas,063,18699,414,324,8,332,0
2020-12-17,Riverside,065,2383286,155231,139325,5867,145192,1696
2020-12-17,Sacramento,067,1510023,58210,53189,436,53625,721
2020-12-17,San Benito,069,59416,3042,2645,22,2667,20
2020-12-17,San Bernardino,071,2135413,169795,149838,4254,154092,1425
2020-12-17,San Diego,073,3302833,134013,116852,5780,122632,1239
2020-12-17,San Francisco,075,870044,21285,19939,174,20113,170
2020-12-17,San Joaquin,077,732212,40385,35894,1118,37012,554
2020-12-17,San Luis Obispo,079,281455,9486,8365,201,8566,59
2020-12-17,San Mateo,081,765935,22220,19647,61,19708,181
2020-12-17,Santa Barbara,083,443738,15375,14207,365,14572,147
2020-12-17,Santa Clara,085,1922200,60693,52559,221,52780,527
2020-12-17,Santa Cruz,087,273765,7857,6687,200,6887,64
2020-12-17,Shasta,089,179085,7493,7000,549,7549,62
2020-12-17,Sierra,091,2930,23,23,0,23,0
2020-12-17,Siskiyou,093,43540,942,827,80,907,2
2020-12-17,Solano,095,438530,16496,14361,150,14511,96
2020-12-17,Sonoma,097,501317,17243,15993,96,16089,171
2020-12-17,Stanislaus,099,539301,31384,28582,2507,31089,489
2020-12-17,Sutter,101,95872,5788,5309,38,5347,39
2020-12-17,Tehama,103,63373,2666,2480,198,2678,9
2020-12-17,Trinity,105,12862,389,213,50,263,2
2020-12-17,Tulare,107,460477,30525,27852,2918,30770,358
2020-12-17,Tuolumne,109,53932,2213,1992,11,2003,11
2020-12-17,Ventura,111,848112,33806,29404,1254,30658,208
2020-12-17,Yolo,113,214977,7600,6800,43,6843,105
2020-12-17,Yuba,115,75493,3380,3035,31,3066,12
2020-12-16,Alameda,001,1643700,45114,40751,684,41435,497
2020-12-16,Alpine,003,1148,65,64,0,64,0
2020-12-16,Amador,005,37829,2031,1693,12,1705,19
2020-12-16,Butte,007,227075,6416,5659,626,6285,76
2020-12-16,Calaveras,009,45235,923,821,0,821,21
2020-12-16,Colusa,011,21464,1142,1038,45,1083,7
2020-12-16,Contra Costa,013,1133247,35359,32429,333,32762,293
2020-12-16,Del Norte,015,27424,676,575,0,575,1
2020-12-16,El Dorado,017,186661,5121,4237,187,4424,9
2020-12-16,Fresno,019,978130,60031,49173,3411,52584,584
2020-12-16,Glenn,021,27897,1342,1236,172,1408,9
2020-12-16,Humboldt,023,135768,1451,1308,5,1313,12
2020-12-16,Imperial,025,180216,21306,19980,682,20662,388
2020-12-16,Inyo,027,18085,527,444,6,450,16
2020-12-16,Kern,029,883053,58014,52896,3535,56431,522
2020-12-16,Kings,031,150075,14926,13734,398,14132,99
2020-12-16,Lake,033,64148,1593,1363,0,1363,20
2020-12-16,Lassen,035,31185,3851,3396,34,3430,1
2020-12-16,Los Angeles,037,10098052,625336,557907,14183,572090,8561
2020-12-16,Madera,039,155013,9344,8278,307,8585,62
2020-12-16,Marin,041,260295,9131,8641,58,8699,142
2020-12-16,Mariposa,043,17540,197,175,2,177,3
2020-12-16,Mendocino,045,87422,2130,1929,19,1948,23
2020-12-16,Merced,047,269075,16738,15443,246,15689,190
2020-12-16,Modoc,049,8938,210,178,64,242,0
2020-12-16,Mono,051,14174,782,702,11,713,3
2020-12-16,Monterey,053,433212,23540,21107,531,21638,163
2020-12-16,Napa,055,140530,5017,4544,23,4567,23
2020-12-16,Nevada,057,99092,2394,2149,72,2221,13
2020-12-16,Orange,059,3164182,131743,115260,4583,119843,1712
2020-12-16,Placer,061,380077,12271,10554,388,10942,96
2020-12-16,Plumas,063,18699,405,319,8,327,0
2020-12-16,Riverside,065,2383286,151114,135751,5622,141373,1664
2020-12-16,Sacramento,067,1510023,57238,52166,411,52577,715
2020-12-16,San Benito,069,59416,2952,2582,22,2604,20
2020-12-16,San Bernardino,071,2135413,165188,143565,4120,147685,1403
2020-12-16,San Diego,073,3302833,130909,114248,5626,119874,1217
2020-12-16,San Francisco,075,870044,21026,19624,174,19798,170
2020-12-16,San Joaquin,077,732212,39563,35010,1078,36088,547
2020-12-16,San Luis Obispo,079,281455,9291,8252,192,8444,58
2020-12-16,San Mateo,081,765935,21895,19292,57,19349,179
2020-12-16,Santa Barbara,083,443738,15123,13966,353,14319,144
2020-12-16,Santa Clara,085,1922200,59442,51502,218,51720,523
2020-12-16,Santa Cruz,087,273765,7669,6536,189,6725,63
2020-12-16,Shasta,089,179085,7420,6914,526,7440,62
2020-12-16,Sierra,091,2930,23,23,0,23,0
2020-12-16,Siskiyou,093,43540,934,818,80,898,2
2020-12-16,Solano,095,438530,16025,14157,146,14303,96
2020-12-16,Sonoma,097,501317,16988,15768,96,15864,170
2020-12-16,Stanislaus,099,539301,30890,28279,2436,30715,489
2020-12-16,Sutter,101,95872,5709,5223,38,5261,39
2020-12-16,Tehama,103,63373,2631,2441,174,2615,9
2020-12-16,Trinity,105,12862,383,212,50,262,2
2020-12-16,Tulare,107,460477,30098,27500,2828,30328,352
2020-12-16,Tuolumne,109,53932,2170,1941,11,1952,11
2020-12-16,Ventura,111,848112,33033,28566,1212,29778,203
2020-12-16,Yolo,113,214977,7473,6649,42,6691,103
2020-12-16,Yuba,115,75493,3294,2980,30,3010,11
2020-12-15,Alameda,001,1643700,44258,40026,663,40689,492
2020-12-15,Alpine,003,1148,65,64,0,64,0
2020-12-15,Amador,005,37829,1918,1669,10,1679,19
2020-12-15,Butte,007,227075,6277,5565,598,6163,75
2020-12-15,Calaveras,009,45235,891,799,0,799,21
2020-12-15,Colusa,011,21464,1129,1026,44,1070,7
2020-12-15,Contra Costa,013,1133247,34705,31423,319,31742,281
2020-12-15,Del Norte,015,27424,669,564,0,564,1
2020-12-15,El Dorado,017,186661,5013,4113,173,4286,9
2020-12-15,Fresno,019,978130,58657,47316,3276,50592,574
2020-12-15,Glenn,021,27897,1329,1207,156,1363,9
2020-12-15,Humboldt,023,135768,1431,1276,5,1281,12
2020-12-15,Imperial,025,180216,21081,19756,604,20360,380
2020-12-15,Inyo,027,18085,515,394,6,400,16
2020-12-15,Kern,029,883053,57003,52002,3429,55431,511
2020-12-15,Kings,031,150075,14762,13652,379,14031,97
2020-12-15,Lake,033,64148,1567,1341,0,1341,21
2020-12-15,Lassen,035,31185,3679,3378,33,3411,1
2020-12-15,Los Angeles,037,10098052,608934,536258,13553,549811,8429
2020-12-15,Madera,039,155013,9187,8118,300,8418,60
2020-12-15,Marin,041,260295,9026,8528,57,8585,141
2020-12-15,Mariposa,043,17540,193,171,2,173,3
2020-12-15,Mendocino,045,87422,2103,1883,19,1902,24
2020-12-15,Merced,047,269075,16442,15120,242,15362,190
2020-12-15,Modoc,049,8938,208,179,64,243,0
2020-12-15,Mono,051,14174,766,702,11,713,3
2020-12-15,Monterey,053,433212,22943,19905,470,20375,161
2020-12-15,Napa,055,140530,4914,4440,23,4463,23
2020-12-15,Nevada,057,99092,2361,2117,70,2187,11
2020-12-15,Orange,059,3164182,128111,112893,4434,117327,1689
2020-12-15,Placer,061,380077,12037,10301,366,10667,95
2020-12-15,Plumas,063,18699,400,313,8,321,0
2020-12-15,Riverside,065,2383286,147061,131822,5347,137169,1624
2020-12-15,Sacramento,067,1510023,56221,51076,398,51474,703
2020-12-15,San Benito,069,59416,2873,2520,21,2541,19
2020-12-15,San Bernardino,071,2135413,160725,137548,3971,141519,1351
2020-12-15,San Diego,073,3302833,127342,111441,5463,116904,1194
2020-12-15,San Francisco,075,870044,20718,19283,171,19454,171
2020-12-15,San Joaquin,077,732212,38641,33849,1044,34893,537
2020-12-15,San Luis Obispo,079,281455,9182,8074,189,8263,55
2020-12-15,San Mateo,081,765935,21486,18907,55,18962,178
2020-12-15,Santa Barbara,083,443738,14896,13782,345,14127,144
2020-12-15,Santa Clara,085,1922200,58014,50311,215,50526,505
2020-12-15,Santa Cruz,087,273765,7482,6361,176,6537,59
2020-12-15,Shasta,089,179085,7361,6794,501,7295,54
2020-12-15,Sierra,091,2930,23,23,0,23,0
2020-12-15,Siskiyou,093,43540,926,812,79,891,2
2020-12-15,Solano,095,438530,15671,13796,146,13942,95
2020-12-15,Sonoma,097,501317,16767,15406,96,15502,167
2020-12-15,Stanislaus,099,539301,30393,27823,2357,30180,485
2020-12-15,Sutter,101,95872,5610,5080,37,5117,36
2020-12-15,Tehama,103,63373,2593,2392,168,2560,9
2020-12-15,Trinity,105,12862,375,213,48,261,1
2020-12-15,Tulare,107,460477,29599,27026,2740,29766,342
2020-12-15,Tuolumne,109,53932,2140,1874,11,1885,8
2020-12-15,Ventura,111,848112,32411,27936,1165,29101,201
2020-12-15,Yolo,113,214977,7348,6531,40,6571,104
2020-12-15,Yuba,115,75493,3199,2891,29,2920,11
2020-12-14,Alameda,001,1643700,43357,39252,644,39896,487
2020-12-14,Alpine,003,1148,65,63,0,63,0
2020-12-14,Amador,005,37829,1846,1609,10,1619,19
2020-12-14,Butte,007,227075,6109,5202,581,5783,75
2020-12-14,Calaveras,009,45235,853,718,0,718,21
2020-12-14,Colusa,011,21464,1105,949,43,992,7
2020-12-14,Contra Costa,013,1133247,34015,30594,305,30899,281
2020-12-14,Del Norte,015,27424,663,560,0,560,1
2020-12-14,El Dorado,017,186661,4857,4018,157,4175,9
2020-12-14,Fresno,019,978130,57633,44726,3102,47828,560
2020-12-14,Glenn,021,27897,1303,1186,148,1334,9
2020-12-14,Humboldt,023,135768,1418,1256,5,1261,9
2020-12-14,Imperial,025,180216,20842,19608,530,20138,379
2020-12-14,Inyo,027,18085,502,382,6,388,16
2020-12-14,Kern,029,883053,55966,50538,3308,53846,510
2020-12-14,Kings,031,150075,14577,13491,352,13843,97
2020-12-14,Lake,033,64148,1516,1301,0,1301,21
2020-12-14,Lassen,035,31185,3581,2905,30,2935,1
2020-12-14,Los Angeles,037,10098052,591298,524668,12924,537592,8340
2020-12-14,Madera,039,155013,8923,8011,291,8302,60
2020-12-14,Marin,041,260295,8941,8475,56,8531,141
2020-12-14,Mariposa,043,17540,192,171,2,173,3
2020-12-14,Mendocino,045,87422,2082,1845,19,1864,24
2020-12-14,Merced,047,269075,16037,14572,228,14800,189
2020-12-14,Modoc,049,8938,202,180,62,242,0
2020-12-14,Mono,051,14174,758,685,11,696,3
2020-12-14,Monterey,053,433212,22420,19154,464,19618,155
2020-12-14,Napa,055,140530,4821,4289,23,4312,22
2020-12-14,Nevada,057,99092,2324,2070,67,2137,11
2020-12-14,Orange,059,3164182,124230,108602,4298,112900,1688
2020-12-14,Placer,061,380077,11756,9551,355,9906,95
2020-12-14,Plumas,063,18699,388,309,8,317,0
2020-12-14,Riverside,065,2383286,142939,123715,5085,128800,1588
2020-12-14,Sacramento,067,1510023,55114,50304,373,50677,691
2020-12-14,San Benito,069,59416,2807,2467,20,2487,19
2020-12-14,San Bernardino,071,2135413,156276,129151,3845,132996,1347
2020-12-14,San Diego,073,3302833,123606,109578,5278,114856,1162
2020-12-14,San Francisco,075,870044,20348,18904,169,19073,171
2020-12-14,San Joaquin,077,732212,37806,32522,998,33520,534
2020-12-14,San Luis Obispo,079,281455,8937,7791,185,7976,52
2020-12-14,San Mateo,081,765935,20989,18361,52,18413,178
2020-12-14,Santa Barbara,083,443738,14623,13587,337,13924,144
2020-12-14,Santa Clara,085,1922200,56501,49180,204,49384,502
2020-12-14,Santa Cruz,087,273765,7300,6049,161,6210,54
2020-12-14,Shasta,089,179085,7272,6665,483,7148,54
2020-12-14,Sierra,091,2930,23,21,0,21,0
2020-12-14,Siskiyou,093,43540,903,764,73,837,2
2020-12-14,Solano,095,438530,15315,13352,145,13497,93
2020-12-14,Sonoma,097,501317,16460,14807,95,14902,167
2020-12-14,Stanislaus,099,539301,29865,27311,2311,29622,485
2020-12-14,Sutter,101,95872,5507,5001,30,5031,35
2020-12-14,Tehama,103,63373,2551,2344,165,2509,9
2020-12-14,Trinity,105,12862,371,205,46,251,1
2020-12-14,Tulare,107,460477,29120,25735,2651,28386,341
2020-12-14,Tuolumne,109,53932,2087,1647,11,1658,8
2020-12-14,Ventura,111,848112,31488,27436,1107,28543,202
2020-12-14,Yolo,113,214977,7190,6389,39,6428,95
2020-12-14,Yuba,115,75493,3136,2851,29,2880,11
2020-12-13,Alameda,001,1643700,42156,38064,620,38684,486
2020-12-13,Alpine,003,1148,65,63,0,63,0
2020-12-13,Amador,005,37829,1790,1457,9,1466,19
2020-12-13,Butte,007,227075,5960,5103,543,5646,75
2020-12-13,Calaveras,009,45235,819,710,0,710,21
2020-12-13,Colusa,011,21464,1089,945,40,985,7
2020-12-13,Contra Costa,013,1133247,33288,29667,299,29966,281
2020-12-13,Del Norte,015,27424,611,542,0,542,1
2020-12-13,El Dorado,017,186661,4756,3770,148,3918,9
2020-12-13,Fresno,019,978130,56527,44114,2948,47062,559
2020-12-13,Glenn,021,27897,1290,1171,137,1308,9
2020-12-13,Humboldt,023,135768,1395,1238,4,1242,9
2020-12-13,Imperial,025,180216,20560,19472,410,19882,379
2020-12-13,Inyo,027,18085,481,380,6,386,16
2020-12-13,Kern,029,883053,54937,49051,3154,52205,510
2020-12-13,Kings,031,150075,14297,13357,334,13691,97
2020-12-13,Lake,033,64148,1475,1271,0,1271,21
2020-12-13,Lassen,035,31185,3474,2867,25,2892,1
2020-12-13,Los Angeles,037,10098052,573660,517472,12238,529710,8294
2020-12-13,Madera,039,155013,8738,7909,278,8187,60
2020-12-13,Marin,041,260295,8821,8409,56,8465,141
2020-12-13,Mariposa,043,17540,188,167,2,169,3
2020-12-13,Mendocino,045,87422,2048,1793,19,1812,24
2020-12-13,Merced,047,269075,15684,14384,225,14609,189
2020-12-13,Modoc,049,8938,192,179,57,236,0
2020-12-13,Mono,051,14174,742,675,11,686,3
2020-12-13,Monterey,053,433212,21999,18913,450,19363,153
2020-12-13,Napa,055,140530,4714,4194,23,4217,22
2020-12-13,Nevada,057,99092,2277,2030,65,2095,11
2020-12-13,Orange,059,3164182,120289,104768,4125,108893,1688
2020-12-13,Placer,061,380077,11442,9405,337,9742,95
2020-12-13,Plumas,063,18699,382,291,8,299,0
2020-12-13,Riverside,065,2383286,138815,119691,4825,124516,1581
2020-12-13,Sacramento,067,1510023,53846,49480,344,49824,682
2020-12-13,San Benito,069,59416,2738,2408,19,2427,19
2020-12-13,San Bernardino,071,2135413,151378,126718,3690,130408,1333
2020-12-13,San Diego,073,3302833,120006,107372,5109,112481,1162
2020-12-13,San Francisco,075,870044,20011,18686,160,18846,167
2020-12-13,San Joaquin,077,732212,37004,32170,958,33128,534
2020-12-13,San Luis Obispo,079,281455,8746,7625,177,7802,52
2020-12-13,San Mateo,081,765935,20498,18090,46,18136,177
2020-12-13,Santa Barbara,083,443738,14354,13249,323,13572,144
2020-12-13,Santa Clara,085,1922200,55094,47920,196,48116,499
2020-12-13,Santa Cruz,087,273765,7053,5986,151,6137,54
2020-12-13,Shasta,089,179085,7197,6647,457,7104,54
2020-12-13,Sierra,091,2930,23,21,0,21,0
2020-12-13,Siskiyou,093,43540,890,762,68,830,2
2020-12-13,Solano,095,438530,14880,13276,142,13418,93
2020-12-13,Sonoma,097,501317,16146,14495,94,14589,167
2020-12-13,Stanislaus,099,539301,29308,26569,2260,28829,485
2020-12-13,Sutter,101,95872,5380,4798,26,4824,34
2020-12-13,Tehama,103,63373,2507,2325,150,2475,9
2020-12-13,Trinity,105,12862,365,204,46,250,1
2020-12-13,Tulare,107,460477,28638,25496,2574,28070,340
2020-12-13,Tuolumne,109,53932,2025,1611,11,1622,8
2020-12-13,Ventura,111,848112,30489,26588,1047,27635,202
2020-12-13,Yolo,113,214977,7004,6265,33,6298,95
2020-12-13,Yuba,115,75493,3073,2754,26,2780,11
2020-12-12,Alameda,001,1643700,41713,37027,601,37628,486
2020-12-12,Alpine,003,1148,65,63,0,63,0
2020-12-12,Amador,005,37829,1762,1236,8,1244,19
2020-12-12,Butte,007,227075,5887,4972,529,5501,73
2020-12-12,Calaveras,009,45235,809,708,0,708,21
2020-12-12,Colusa,011,21464,1069,945,39,984,7
2020-12-12,Contra Costa,013,1133247,32941,29506,290,29796,281
2020-12-12,Del Norte,015,27424,603,529,0,529,1
2020-12-12,El Dorado,017,186661,4681,3706,132,3838,9
2020-12-12,Fresno,019,978130,56175,43756,2889,46645,559
2020-12-12,Glenn,021,27897,1282,1143,133,1276,8
2020-12-12,Humboldt,023,135768,1376,1208,4,1212,9
2020-12-12,Imperial,025,180216,20471,18947,355,19302,379
2020-12-12,Inyo,027,18085,475,380,6,386,16
2020-12-12,Kern,029,883053,54417,48194,3067,51261,507
2020-12-12,Kings,031,150075,14208,13205,330,13535,96
2020-12-12,Lake,033,64148,1459,1232,0,1232,21
2020-12-12,Lassen,035,31185,3451,2866,22,2888,1
2020-12-12,Los Angeles,037,10098052,566842,504317,11746,516063,8269
2020-12-12,Madera,039,155013,8611,7765,275,8040,59
2020-12-12,Marin,041,260295,8765,8363,55,8418,141
2020-12-12,Mariposa,043,17540,187,164,2,166,3
2020-12-12,Mendocino,045,87422,2012,1771,19,1790,24
2020-12-12,Merced,047,269075,15592,14181,221,14402,188
2020-12-12,Modoc,049,8938,191,169,54,223,0
2020-12-12,Mono,051,14174,735,640,11,651,3
2020-12-12,Monterey,053,433212,21886,18596,421,19017,151
2020-12-12,Napa,055,140530,4669,4113,23,4136,22
2020-12-12,Nevada,057,99092,2259,1981,63,2044,10
2020-12-12,Orange,059,3164182,118394,100468,3980,104448,1674
2020-12-12,Placer,061,380077,11277,9390,332,9722,95
2020-12-12,Plumas,063,18699,376,291,8,299,0
2020-12-12,Riverside,065,2383286,136754,118335,4624,122959,1579
2020-12-12,Sacramento,067,1510023,53264,48319,331,48650,673
2020-12-12,San Benito,069,59416,2683,2355,19,2374,19
2020-12-12,San Bernardino,071,2135413,149745,125741,3588,129329,1321
2020-12-12,San Diego,073,3302833,118385,104958,5012,109970,1151
2020-12-12,San Francisco,075,870044,19814,18413,156,18569,167
2020-12-12,San Joaquin,077,732212,36677,32200,928,33128,534
2020-12-12,San Luis Obispo,079,281455,8647,7462,171,7633,50
2020-12-12,San Mateo,081,765935,20277,17574,45,17619,177
2020-12-12,Santa Barbara,083,443738,14202,13174,315,13489,144
2020-12-12,Santa Clara,085,1922200,54159,45892,193,46085,498
2020-12-12,Santa Cruz,087,273765,6956,5905,142,6047,54
2020-12-12,Shasta,089,179085,7164,6551,439,6990,54
2020-12-12,Sierra,091,2930,23,21,0,21,0
2020-12-12,Siskiyou,093,43540,888,762,65,827,2
2020-12-12,Solano,095,438530,14686,12748,135,12883,93
2020-12-12,Sonoma,097,501317,16025,14466,94,14560,166
2020-12-12,Stanislaus,099,539301,29002,26246,2211,28457,483
2020-12-12,Sutter,101,95872,5318,4717,26,4743,32
2020-12-12,Tehama,103,63373,2489,2252,145,2397,9
2020-12-12,Trinity,105,12862,363,204,44,248,1
2020-12-12,Tulare,107,460477,28374,25333,2515,27848,341
2020-12-12,Tuolumne,109,53932,1981,1536,11,1547,8
2020-12-12,Ventura,111,848112,30044,25955,1014,26969,202
2020-12-12,Yolo,113,214977,6921,6116,31,6147,95
2020-12-12,Yuba,115,75493,3046,2692,25,2717,10
2020-12-11,Alameda,001,1643700,41146,36281,589,36870,482
2020-12-11,Alpine,003,1148,65,63,0,63,0
2020-12-11,Amador,005,37829,1746,1213,8,1221,19
2020-12-11,Butte,007,227075,5814,4941,510,5451,73
2020-12-11,Calaveras,009,45235,793,697,0,697,21
2020-12-11,Colusa,011,21464,1059,923,37,960,7
2020-12-11,Contra Costa,013,1133247,32509,29036,287,29323,282
2020-12-11,Del Norte,015,27424,595,505,0,505,1
2020-12-11,El Dorado,017,186661,4600,3669,117,3786,9
2020-12-11,Fresno,019,978130,55162,43071,2823,45894,550
2020-12-11,Glenn,021,27897,1266,1135,129,1264,8
2020-12-11,Humboldt,023,135768,1358,1190,4,1194,9
2020-12-11,Imperial,025,180216,20381,18599,311,18910,377
2020-12-11,Inyo,027,18085,465,372,6,378,16
2020-12-11,Kern,029,883053,53739,47664,3004,50668,502
2020-12-11,Kings,031,150075,14064,13118,326,13444,94
2020-12-11,Lake,033,64148,1442,1205,0,1205,21
2020-12-11,Lassen,035,31185,3439,2790,21,2811,1
2020-12-11,Los Angeles,037,10098052,555027,493592,11340,504932,8198
2020-12-11,Madera,039,155013,8519,7648,265,7913,59
2020-12-11,Marin,041,260295,8676,8317,54,8371,141
2020-12-11,Mariposa,043,17540,186,164,2,166,3
2020-12-11,Mendocino,045,87422,1988,1769,19,1788,24
2020-12-11,Merced,047,269075,15472,14038,213,14251,186
2020-12-11,Modoc,049,8938,191,168,53,221,0
2020-12-11,Mono,051,14174,725,631,11,642,3
2020-12-11,Monterey,053,433212,21585,18421,416,18837,150
2020-12-11,Napa,055,140530,4614,4054,23,4077,22
2020-12-11,Nevada,057,99092,2242,1959,60,2019,10
2020-12-11,Orange,059,3164182,116074,98357,3879,102236,1656
2020-12-11,Placer,061,380077,11115,8904,316,9220,93
2020-12-11,Plumas,063,18699,368,286,8,294,0
2020-12-11,Riverside,065,2383286,133677,115329,4406,119735,1573
2020-12-11,Sacramento,067,1510023,52601,47468,323,47791,669
2020-12-11,San Benito,069,59416,2632,2319,19,2338,19
2020-12-11,San Bernardino,071,2135413,147047,123092,3474,126566,1313
2020-12-11,San Diego,073,3302833,116425,102468,4929,107397,1137
2020-12-11,San Francisco,075,870044,19584,18246,155,18401,165
2020-12-11,San Joaquin,077,732212,36328,32044,901,32945,534
2020-12-11,San Luis Obispo,079,281455,8486,7415,169,7584,49
2020-12-11,San Mateo,081,765935,20007,17240,34,17274,177
2020-12-11,Santa Barbara,083,443738,14059,12997,307,13304,144
2020-12-11,Santa Clara,085,1922200,53152,45101,184,45285,494
2020-12-11,Santa Cruz,087,273765,6836,5764,133,5897,50
2020-12-11,Shasta,089,179085,7119,6459,432,6891,54
2020-12-11,Sierra,091,2930,23,19,0,19,0
2020-12-11,Siskiyou,093,43540,881,753,62,815,2
2020-12-11,Solano,095,438530,14499,12554,131,12685,92
2020-12-11,Sonoma,097,501317,15859,14298,92,14390,166
2020-12-11,Stanislaus,099,539301,28730,25928,2164,28092,464
2020-12-11,Sutter,101,95872,5255,4600,25,4625,30
2020-12-11,Tehama,103,63373,2458,2232,141,2373,9
2020-12-11,Trinity,105,12862,360,204,44,248,1
2020-12-11,Tulare,107,460477,28019,24953,2462,27415,338
2020-12-11,Tuolumne,109,53932,1966,1510,11,1521,8
2020-12-11,Ventura,111,848112,29437,24999,992,25991,202
2020-12-11,Yolo,113,214977,6817,6006,30,6036,95
2020-12-11,Yuba,115,75493,2985,2649,23,2672,10
2020-12-10,Alameda,001,1643700,40376,35686,569,36255,477
2020-12-10,Alpine,003,1148,65,63,0,63,0
2020-12-10,Amador,005,37829,1689,1191,8,1199,18
2020-12-10,Butte,007,227075,5699,4863,486,5349,72
2020-12-10,Calaveras,009,45235,775,684,0,684,21
2020-12-10,Colusa,011,21464,1036,909,34,943,7
2020-12-10,Contra Costa,013,1133247,31831,28413,281,28694,276
2020-12-10,Del Norte,015,27424,584,501,0,501,1
2020-12-10,El Dorado,017,186661,4482,3557,112,3669,9
2020-12-10,Fresno,019,978130,54184,42461,2683,45144,540
2020-12-10,Glenn,021,27897,1246,1126,120,1246,8
2020-12-10,Humboldt,023,135768,1338,1140,4,1144,9
2020-12-10,Imperial,025,180216,20169,18333,236,18569,370
2020-12-10,Inyo,027,18085,445,365,6,371,15
2020-12-10,Kern,029,883053,52758,47176,2841,50017,499
2020-12-10,Kings,031,150075,13906,12993,320,13313,92
2020-12-10,Lake,033,64148,1402,1167,0,1167,21
2020-12-10,Lassen,035,31185,3417,2764,17,2781,0
2020-12-10,Los Angeles,037,10098052,541043,480354,10815,491169,8149
2020-12-10,Madera,039,155013,8411,7445,250,7695,59
2020-12-10,Marin,041,260295,8626,8245,53,8298,140
2020-12-10,Mariposa,043,17540,185,160,2,162,3
2020-12-10,Mendocino,045,87422,1962,1748,16,1764,24
2020-12-10,Merced,047,269075,15226,13756,210,13966,186
2020-12-10,Modoc,049,8938,186,165,51,216,0
2020-12-10,Mono,051,14174,720,601,11,612,3
2020-12-10,Monterey,053,433212,21103,18266,406,18672,145
2020-12-10,Napa,055,140530,4528,3974,22,3996,22
2020-12-10,Nevada,057,99092,2206,1919,60,1979,10
2020-12-10,Orange,059,3164182,112968,95297,3719,99016,1651
2020-12-10,Placer,061,380077,10862,8906,299,9205,90
2020-12-10,Plumas,063,18699,357,281,8,289,0
2020-12-10,Riverside,065,2383286,129991,112794,4139,116933,1552
2020-12-10,Sacramento,067,1510023,51700,46471,302,46773,664
2020-12-10,San Benito,069,59416,2571,2268,18,2286,19
2020-12-10,San Bernardino,071,2135413,142805,120186,3300,123486,1306
2020-12-10,San Diego,073,3302833,113900,99601,4780,104381,1114
2020-12-10,San Francisco,075,870044,19276,17945,148,18093,164
2020-12-10,San Joaquin,077,732212,35693,31228,872,32100,534
2020-12-10,San Luis Obispo,079,281455,8323,7245,158,7403,49
2020-12-10,San Mateo,081,765935,19565,16701,24,16725,177
2020-12-10,Santa Barbara,083,443738,13880,12788,299,13087,143
2020-12-10,Santa Clara,085,1922200,51998,43939,170,44109,491
2020-12-10,Santa Cruz,087,273765,6670,5645,121,5766,48
2020-12-10,Shasta,089,179085,7052,6312,407,6719,53
2020-12-10,Sierra,091,2930,23,18,0,18,0
2020-12-10,Siskiyou,093,43540,871,712,61,773,2
2020-12-10,Solano,095,438530,14135,12017,126,12143,90
2020-12-10,Sonoma,097,501317,15604,14282,90,14372,167
2020-12-10,Stanislaus,099,539301,28271,25582,2090,27672,464
2020-12-10,Sutter,101,95872,5125,4528,23,4551,27
2020-12-10,Tehama,103,63373,2414,2190,133,2323,9
2020-12-10,Trinity,105,12862,356,202,42,244,1
2020-12-10,Tulare,107,460477,27562,24506,2399,26905,337
2020-12-10,Tuolumne,109,53932,1723,1451,11,1462,8
2020-12-10,Ventura,111,848112,28587,24075,948,25023,202
2020-12-10,Yolo,113,214977,6696,5896,29,5925,95
2020-12-10,Yuba,115,75493,2921,2604,22,2626,10
2020-12-09,Alameda,001,1643700,39540,35047,548,35595,470
2020-12-09,Alpine,003,1148,65,58,0,58,0
2020-12-09,Amador,005,37829,1646,1121,8,1129,19
2020-12-09,Butte,007,227075,5556,4733,466,5199,70
2020-12-09,Calaveras,009,45235,746,670,0,670,21
2020-12-09,Colusa,011,21464,1021,896,33,929,7
2020-12-09,Contra Costa,013,1133247,31123,28308,269,28577,273
2020-12-09,Del Norte,015,27424,576,481,0,481,2
2020-12-09,El Dorado,017,186661,4347,3449,104,3553,8
2020-12-09,Fresno,019,978130,53183,41954,2530,44484,533
2020-12-09,Glenn,021,27897,1232,1107,114,1221,8
2020-12-09,Humboldt,023,135768,1306,1086,4,1090,10
2020-12-09,Imperial,025,180216,19911,17757,200,17957,368
2020-12-09,Inyo,027,18085,432,356,6,362,15
2020-12-09,Kern,029,883053,51601,46379,2699,49078,494
2020-12-09,Kings,031,150075,13761,12716,312,13028,92
2020-12-09,Lake,033,64148,1373,1158,0,1158,20
2020-12-09,Lassen,035,31185,3348,2331,15,2346,0
2020-12-09,Los Angeles,037,10098052,527538,467971,10280,478251,8075
2020-12-09,Madera,039,155013,8295,7216,247,7463,59
2020-12-09,Marin,041,260295,8563,8182,52,8234,138
2020-12-09,Mariposa,043,17540,183,154,2,156,3
2020-12-09,Mendocino,045,87422,1937,1703,15,1718,24
2020-12-09,Merced,047,269075,14985,13588,204,13792,183
2020-12-09,Modoc,049,8938,181,146,42,188,0
2020-12-09,Mono,051,14174,708,601,11,612,3
2020-12-09,Monterey,053,433212,20702,17891,398,18289,143
2020-12-09,Napa,055,140530,4443,3858,21,3879,21
2020-12-09,Nevada,057,99092,2153,1864,60,1924,10
2020-12-09,Orange,059,3164182,109870,93763,3551,97314,1629
2020-12-09,Placer,061,380077,10601,8588,285,8873,85
2020-12-09,Plumas,063,18699,349,271,8,279,0
2020-12-09,Riverside,065,2383286,126289,110376,3938,114314,1543
2020-12-09,Sacramento,067,1510023,50637,45284,277,45561,659
2020-12-09,San Benito,069,59416,2499,2217,16,2233,19
2020-12-09,San Bernardino,071,2135413,138525,114516,3104,117620,1305
2020-12-09,San Diego,073,3302833,110920,97551,4641,102192,1103
2020-12-09,San Francisco,075,870044,18976,17628,147,17775,163
2020-12-09,San Joaquin,077,732212,34879,30539,848,31387,531
2020-12-09,San Luis Obispo,079,281455,8105,7105,150,7255,47
2020-12-09,San Mateo,081,765935,19115,16422,23,16445,175
2020-12-09,Santa Barbara,083,443738,13680,12630,289,12919,142
2020-12-09,Santa Clara,085,1922200,50822,42912,155,43067,489
2020-12-09,Santa Cruz,087,273765,6509,5527,106,5633,47
2020-12-09,Shasta,089,179085,6987,6105,393,6498,52
2020-12-09,Sierra,091,2930,23,18,0,18,0
2020-12-09,Siskiyou,093,43540,860,713,60,773,2
2020-12-09,Solano,095,438530,13792,11862,118,11980,90
2020-12-09,Sonoma,097,501317,15347,13994,87,14081,164
2020-12-09,Stanislaus,099,539301,27782,25157,2027,27184,463
2020-12-09,Sutter,101,95872,5006,4418,19,4437,24
2020-12-09,Tehama,103,63373,2378,2102,129,2231,9
2020-12-09,Trinity,105,12862,348,199,39,238,0
2020-12-09,Tulare,107,460477,26960,24124,2323,26447,334
2020-12-09,Tuolumne,109,53932,1690,1319,11,1330,8
2020-12-09,Ventura,111,848112,27723,23830,906,24736,201
2020-12-09,Yolo,113,214977,6571,5760,27,5787,95
2020-12-09,Yuba,115,75493,2853,2513,21,2534,10
2020-12-08,Alameda,001,1643700,38640,34373,532,34905,469
2020-12-08,Alpine,003,1148,64,53,0,53,0
2020-12-08,Amador,005,37829,1360,1043,8,1051,17
2020-12-08,Butte,007,227075,5398,4651,426,5077,70
2020-12-08,Calaveras,009,45235,722,657,0,657,21
2020-12-08,Colusa,011,21464,1005,875,32,907,6
2020-12-08,Contra Costa,013,1133247,30428,27926,254,28180,270
2020-12-08,Del Norte,015,27424,562,465,0,465,2
2020-12-08,El Dorado,017,186661,4223,3296,91,3387,8
2020-12-08,Fresno,019,978130,51918,41574,2375,43949,529
2020-12-08,Glenn,021,27897,1212,1094,106,1200,8
2020-12-08,Humboldt,023,135768,1280,1059,4,1063,10
2020-12-08,Imperial,025,180216,19401,17568,193,17761,363
2020-12-08,Inyo,027,18085,408,333,6,339,15
2020-12-08,Kern,029,883053,50309,45116,2547,47663,487
2020-12-08,Kings,031,150075,13607,12623,303,12926,90
2020-12-08,Lake,033,64148,1333,1127,0,1127,20
2020-12-08,Lassen,035,31185,3192,2165,15,2180,0
2020-12-08,Los Angeles,037,10098052,514830,459738,9808,469546,8004
2020-12-08,Madera,039,155013,8166,7082,235,7317,59
2020-12-08,Marin,041,260295,8486,8099,51,8150,137
2020-12-08,Mariposa,043,17540,179,150,2,152,2
2020-12-08,Mendocino,045,87422,1895,1666,15,1681,23
2020-12-08,Merced,047,269075,14673,13380,203,13583,181
2020-12-08,Modoc,049,8938,173,138,39,177,0
2020-12-08,Mono,051,14174,694,597,11,608,3
2020-12-08,Monterey,053,433212,20131,17752,391,18143,134
2020-12-08,Napa,055,140530,4357,3778,19,3797,22
2020-12-08,Nevada,057,99092,2099,1809,57,1866,11
2020-12-08,Orange,059,3164182,106649,91406,3387,94793,1629
2020-12-08,Placer,061,380077,10333,8224,280,8504,82
2020-12-08,Plumas,063,18699,339,258,8,266,0
2020-12-08,Riverside,065,2383286,122919,107620,3761,111381,1514
2020-12-08,Sacramento,067,1510023,49574,44635,262,44897,649
2020-12-08,San Benito,069,59416,2445,2180,16,2196,18
2020-12-08,San Bernardino,071,2135413,134179,110676,2982,113658,1301
2020-12-08,San Diego,073,3302833,107549,95447,4484,99931,1088
2020-12-08,San Francisco,075,870044,18668,17384,145,17529,162
2020-12-08,San Joaquin,077,732212,33985,30225,815,31040,530
2020-12-08,San Luis Obispo,079,281455,7976,6903,139,7042,45
2020-12-08,San Mateo,081,765935,18716,16305,23,16328,175
2020-12-08,Santa Barbara,083,443738,13497,12516,280,12796,141
2020-12-08,Santa Clara,085,1922200,49512,41309,147,41456,484
2020-12-08,Santa Cruz,087,273765,6328,5374,104,5478,45
2020-12-08,Shasta,089,179085,6877,5946,385,6331,50
2020-12-08,Sierra,091,2930,22,18,0,18,0
2020-12-08,Siskiyou,093,43540,846,704,58,762,2
2020-12-08,Solano,095,438530,13386,11669,116,11785,89
2020-12-08,Sonoma,097,501317,15088,13601,86,13687,164
2020-12-08,Stanislaus,099,539301,27290,24793,1962,26755,461
2020-12-08,Sutter,101,95872,4910,4342,18,4360,24
2020-12-08,Tehama,103,63373,2304,2057,121,2178,9
2020-12-08,Trinity,105,12862,339,198,38,236,0
2020-12-08,Tulare,107,460477,26354,23607,2260,25867,330
2020-12-08,Tuolumne,109,53932,1666,1264,11,1275,7
2020-12-08,Ventura,111,848112,27062,23665,864,24529,195
2020-12-08,Yolo,113,214977,6439,5560,27,5587,90
2020-12-08,Yuba,115,75493,2775,2477,21,2498,10
2020-12-07,Alameda,001,1643700,37775,33887,498,34385,466
2020-12-07,Alpine,003,1148,63,53,0,53,0
2020-12-07,Amador,005,37829,1285,993,7,1000,17
2020-12-07,Butte,007,227075,5262,4604,405,5009,67
2020-12-07,Calaveras,009,45235,692,606,0,606,21
2020-12-07,Colusa,011,21464,980,825,27,852,6
2020-12-07,Contra Costa,013,1133247,29818,27307,241,27548,270
2020-12-07,Del Norte,015,27424,547,424,0,424,2
2020-12-07,El Dorado,017,186661,4044,3275,84,3359,8
2020-12-07,Fresno,019,978130,50445,41098,2254,43352,526
2020-12-07,Glenn,021,27897,1193,1085,100,1185,8
2020-12-07,Humboldt,023,135768,1245,1023,4,1027,9
2020-12-07,Imperial,025,180216,18986,17234,183,17417,364
2020-12-07,Inyo,027,18085,392,333,6,339,15
2020-12-07,Kern,029,883053,49283,44409,2413,46822,486
2020-12-07,Kings,031,150075,13464,12412,295,12707,90
2020-12-07,Lake,033,64148,1306,1090,0,1090,20
2020-12-07,Lassen,035,31185,3095,2167,15,2182,0
2020-12-07,Los Angeles,037,10098052,501153,451052,9384,460436,7937
2020-12-07,Madera,039,155013,7902,6935,230,7165,59
2020-12-07,Marin,041,260295,8428,8049,50,8099,136
2020-12-07,Mariposa,043,17540,176,146,2,148,2
2020-12-07,Mendocino,045,87422,1859,1638,14,1652,23
2020-12-07,Merced,047,269075,14315,13250,194,13444,179
2020-12-07,Modoc,049,8938,166,128,36,164,0
2020-12-07,Mono,051,14174,681,590,11,601,3
2020-12-07,Monterey,053,433212,19651,17746,380,18126,132
2020-12-07,Napa,055,140530,4266,3684,19,3703,21
2020-12-07,Nevada,057,99092,2050,1777,56,1833,11
2020-12-07,Orange,059,3164182,103381,89793,3268,93061,1628
2020-12-07,Placer,061,380077,10008,7911,266,8177,82
2020-12-07,Plumas,063,18699,327,256,5,261,0
2020-12-07,Riverside,065,2383286,119721,102363,3580,105943,1491
2020-12-07,Sacramento,067,1510023,48479,43419,245,43664,638
2020-12-07,San Benito,069,59416,2394,2165,15,2180,18
2020-12-07,San Bernardino,071,2135413,130227,108161,2867,111028,1295
2020-12-07,San Diego,073,3302833,104760,94171,4303,98474,1062
2020-12-07,San Francisco,075,870044,18372,17220,138,17358,161
2020-12-07,San Joaquin,077,732212,33110,28188,789,28977,530
2020-12-07,San Luis Obispo,079,281455,7794,6782,132,6914,45
2020-12-07,San Mateo,081,765935,18278,16029,22,16051,175
2020-12-07,Santa Barbara,083,443738,13255,12362,270,12632,141
2020-12-07,Santa Clara,085,1922200,48116,40621,138,40759,484
2020-12-07,Santa Cruz,087,273765,6164,5152,96,5248,41
2020-12-07,Shasta,089,179085,6754,5742,370,6112,50
2020-12-07,Sierra,091,2930,20,18,0,18,0
2020-12-07,Siskiyou,093,43540,820,652,58,710,2
2020-12-07,Solano,095,438530,13048,11354,112,11466,89
2020-12-07,Sonoma,097,501317,14804,13376,86,13462,164
2020-12-07,Stanislaus,099,539301,26715,24479,1909,26388,454
2020-12-07,Sutter,101,95872,4769,4106,18,4124,24
2020-12-07,Tehama,103,63373,2253,2030,116,2146,9
2020-12-07,Trinity,105,12862,335,194,38,232,0
2020-12-07,Tulare,107,460477,25806,22760,2201,24961,328
2020-12-07,Tuolumne,109,53932,1581,1256,10,1266,7
2020-12-07,Ventura,111,848112,26474,23354,828,24182,191
2020-12-07,Yolo,113,214977,6279,5537,26,5563,90
2020-12-07,Yuba,115,75493,2708,2428,19,2447,10
2020-12-06,Alameda,001,1643700,36782,33477,478,33955,465
2020-12-06,Alpine,003,1148,59,53,0,53,0
2020-12-06,Amador,005,37829,1222,952,6,958,17
2020-12-06,Butte,007,227075,5109,4527,372,4899,67
2020-12-06,Calaveras,009,45235,672,606,0,606,21
2020-12-06,Colusa,011,21464,963,824,23,847,6
2020-12-06,Contra Costa,013,1133247,29213,26566,234,26800,270
2020-12-06,Del Norte,015,27424,491,414,0,414,2
2020-12-06,El Dorado,017,186661,3907,3086,79,3165,8
2020-12-06,Fresno,019,978130,49490,40869,2138,43007,526
2020-12-06,Glenn,021,27897,1183,1067,96,1163,8
2020-12-06,Humboldt,023,135768,1220,1004,4,1008,9
2020-12-06,Imperial,025,180216,18679,16922,174,17096,364
2020-12-06,Inyo,027,18085,380,333,6,339,15
2020-12-06,Kern,029,883053,48292,43899,2246,46145,486
2020-12-06,Kings,031,150075,13192,12056,278,12334,90
2020-12-06,Lake,033,64148,1270,1075,0,1075,20
2020-12-06,Lassen,035,31185,2991,2168,13,2181,0
2020-12-06,Los Angeles,037,10098052,487547,443230,8953,452183,7910
2020-12-06,Madera,039,155013,7729,6826,221,7047,59
2020-12-06,Marin,041,260295,8348,8013,47,8060,136
2020-12-06,Mariposa,043,17540,175,144,2,146,2
2020-12-06,Mendocino,045,87422,1819,1614,14,1628,23
2020-12-06,Merced,047,269075,13978,12928,185,13113,179
2020-12-06,Modoc,049,8938,153,125,29,154,0
2020-12-06,Mono,051,14174,659,586,10,596,3
2020-12-06,Monterey,053,433212,19033,17426,370,17796,130
2020-12-06,Napa,055,140530,4154,3644,19,3663,21
2020-12-06,Nevada,057,99092,1991,1710,53,1763,10
2020-12-06,Orange,059,3164182,100311,87737,3139,90876,1627
2020-12-06,Placer,061,380077,9726,7837,247,8084,82
2020-12-06,Plumas,063,18699,314,254,4,258,0
2020-12-06,Riverside,065,2383286,116628,100088,3359,103447,1482
2020-12-06,Sacramento,067,1510023,47238,42808,231,43039,638
2020-12-06,San Benito,069,59416,2358,2135,15,2150,18
2020-12-06,San Bernardino,071,2135413,126078,106927,2713,109640,1286
2020-12-06,San Diego,073,3302833,101727,92173,4149,96322,1062
2020-12-06,San Francisco,075,870044,18049,17107,131,17238,161
2020-12-06,San Joaquin,077,732212,32266,28188,761,28949,530
2020-12-06,San Luis Obispo,079,281455,7629,6723,127,6850,45
2020-12-06,San Mateo,081,765935,17774,15855,20,15875,175
2020-12-06,Santa Barbara,083,443738,13023,12252,261,12513,141
2020-12-06,Santa Clara,085,1922200,46720,39112,133,39245,482
2020-12-06,Santa Cruz,087,273765,5987,5069,90,5159,40
2020-12-06,Shasta,089,179085,6613,5743,349,6092,49
2020-12-06,Sierra,091,2930,20,17,0,17,0
2020-12-06,Siskiyou,093,43540,801,652,56,708,2
2020-12-06,Solano,095,438530,12759,11354,102,11456,88
2020-12-06,Sonoma,097,501317,14515,13238,85,13323,164
2020-12-06,Stanislaus,099,539301,26155,24036,1845,25881,454
2020-12-06,Sutter,101,95872,4653,4009,17,4026,21
2020-12-06,Tehama,103,63373,2195,1982,107,2089,9
2020-12-06,Trinity,105,12862,328,181,36,217,0
2020-12-06,Tulare,107,460477,25274,22756,2134,24890,327
2020-12-06,Tuolumne,109,53932,1485,1210,10,1220,7
2020-12-06,Ventura,111,848112,25932,23035,803,23838,191
2020-12-06,Yolo,113,214977,6118,5465,22,5487,90
2020-12-06,Yuba,115,75493,2664,2340,18,2358,10
2020-12-05,Alameda,001,1643700,36424,32781,467,33248,465
2020-12-05,Alpine,003,1148,58,53,0,53,0
2020-12-05,Amador,005,37829,1198,847,6,853,17
2020-12-05,Butte,007,227075,5041,4455,353,4808,66
2020-12-05,Calaveras,009,45235,660,606,0,606,21
2020-12-05,Colusa,011,21464,945,825,20,845,6
2020-12-05,Contra Costa,013,1133247,28915,26217,226,26443,270
2020-12-05,Del Norte,015,27424,486,408,0,408,2
2020-12-05,El Dorado,017,186661,3842,3061,74,3135,8
2020-12-05,Fresno,019,978130,49171,40568,2084,42652,525
2020-12-05,Glenn,021,27897,1170,1056,90,1146,8
2020-12-05,Humboldt,023,135768,1187,979,4,983,9
2020-12-05,Imperial,025,180216,18505,16544,173,16717,362
2020-12-05,Inyo,027,18085,375,332,6,338,15
2020-12-05,Kern,029,883053,47829,43332,2161,45493,484
2020-12-05,Kings,031,150075,13111,11898,275,12173,90
2020-12-05,Lake,033,64148,1241,1069,0,1069,20
2020-12-05,Lassen,035,31185,2800,2168,11,2179,0
2020-12-05,Los Angeles,037,10098052,481746,433120,8639,441759,7888
2020-12-05,Madera,039,155013,7635,6619,214,6833,59
2020-12-05,Marin,041,260295,8321,7961,47,8008,136
2020-12-05,Mariposa,043,17540,170,143,2,145,2
2020-12-05,Mendocino,045,87422,1780,1585,14,1599,23
2020-12-05,Merced,047,269075,13871,12747,174,12921,180
2020-12-05,Modoc,049,8938,153,118,28,146,0
2020-12-05,Mono,051,14174,654,554,10,564,3
2020-12-05,Monterey,053,433212,18887,17077,366,17443,127
2020-12-05,Napa,055,140530,4084,3565,19,3584,21
2020-12-05,Nevada,057,99092,1976,1642,51,1693,10
2020-12-05,Orange,059,3164182,98843,85735,3042,88777,1612
2020-12-05,Placer,061,380077,9606,7811,238,8049,78
2020-12-05,Plumas,063,18699,307,246,1,247,0
2020-12-05,Riverside,065,2383286,115015,98612,3185,101797,1477
2020-12-05,Sacramento,067,1510023,46573,41878,217,42095,625
2020-12-05,San Benito,069,59416,2314,2073,15,2088,18
2020-12-05,San Bernardino,071,2135413,124548,105382,2585,107967,1283
2020-12-05,San Diego,073,3302833,100375,90470,4068,94538,1055
2020-12-05,San Francisco,075,870044,17863,16786,127,16913,161
2020-12-05,San Joaquin,077,732212,31999,28105,729,28834,523
2020-12-05,San Luis Obispo,079,281455,7562,6623,124,6747,44
2020-12-05,San Mateo,081,765935,17517,15512,20,15532,175
2020-12-05,Santa Barbara,083,443738,12923,12107,255,12362,141
2020-12-05,Santa Clara,085,1922200,45960,38339,128,38467,474
2020-12-05,Santa Cruz,087,273765,5914,4997,89,5086,40
2020-12-05,Shasta,089,179085,6552,5653,338,5991,49
2020-12-05,Sierra,091,2930,20,17,0,17,0
2020-12-05,Siskiyou,093,43540,793,649,55,704,2
2020-12-05,Solano,095,438530,12588,11351,100,11451,87
2020-12-05,Sonoma,097,501317,14419,13137,85,13222,164
2020-12-05,Stanislaus,099,539301,25836,23662,1810,25472,454
2020-12-05,Sutter,101,95872,4588,3937,17,3954,20
2020-12-05,Tehama,103,63373,2180,1926,105,2031,9
2020-12-05,Trinity,105,12862,327,177,36,213,0
2020-12-05,Tulare,107,460477,25055,22660,2076,24736,324
2020-12-05,Tuolumne,109,53932,1428,1180,10,1190,7
2020-12-05,Ventura,111,848112,25560,22710,789,23499,191
2020-12-05,Yolo,113,214977,6039,5351,21,5372,90
2020-12-05,Yuba,115,75493,2627,2275,18,2293,10
2020-12-04,Alameda,001,1643700,35874,31871,454,32325,465
2020-12-04,Alpine,003,1148,58,53,0,53,0
2020-12-04,Amador,005,37829,1184,766,3,769,16
2020-12-04,Butte,007,227075,4969,4336,333,4669,65
2020-12-04,Calaveras,009,45235,655,585,0,585,21
2020-12-04,Colusa,011,21464,931,790,18,808,6
2020-12-04,Contra Costa,013,1133247,28569,25705,214,25919,264
2020-12-04,Del Norte,015,27424,477,401,0,401,2
2020-12-04,El Dorado,017,186661,3754,2933,71,3004,7
2020-12-04,Fresno,019,978130,48461,40108,2016,42124,522
2020-12-04,Glenn,021,27897,1164,1017,82,1099,8
2020-12-04,Humboldt,023,135768,1169,960,4,964,9
2020-12-04,Imperial,025,180216,18258,16484,173,16657,362
2020-12-04,Inyo,027,18085,366,324,6,330,15
2020-12-04,Kern,029,883053,47278,42497,2059,44556,485
2020-12-04,Kings,031,150075,13018,11767,269,12036,88
2020-12-04,Lake,033,64148,1211,1018,0,1018,20
2020-12-04,Lassen,035,31185,2793,2167,10,2177,0
2020-12-04,Los Angeles,037,10098052,473120,424164,8348,432512,7845
2020-12-04,Madera,039,155013,7540,6479,211,6690,58
2020-12-04,Marin,041,260295,8266,7896,44,7940,136
2020-12-04,Mariposa,043,17540,170,136,2,138,2
2020-12-04,Mendocino,045,87422,1761,1563,13,1576,23
2020-12-04,Merced,047,269075,13756,12474,166,12640,177
2020-12-04,Modoc,049,8938,153,115,28,143,0
2020-12-04,Mono,051,14174,649,549,10,559,3
2020-12-04,Monterey,053,433212,18675,16737,357,17094,127
2020-12-04,Napa,055,140530,4030,3432,19,3451,19
2020-12-04,Nevada,057,99092,1951,1560,48,1608,10
2020-12-04,Orange,059,3164182,96915,83738,2978,86716,1597
2020-12-04,Placer,061,380077,9482,7461,225,7686,76
2020-12-04,Plumas,063,18699,300,232,0,232,0
2020-12-04,Riverside,065,2383286,112815,95255,3028,98283,1475
2020-12-04,Sacramento,067,1510023,45808,41061,200,41261,618
2020-12-04,San Benito,069,59416,2281,2006,15,2021,17
2020-12-04,San Bernardino,071,2135413,122275,102418,2477,104895,1290
2020-12-04,San Diego,073,3302833,98891,88183,3981,92164,1047
2020-12-04,San Francisco,075,870044,17672,16499,127,16626,161
2020-12-04,San Joaquin,077,732212,31560,27806,692,28498,522
2020-12-04,San Luis Obispo,079,281455,7478,6473,121,6594,42
2020-12-04,San Mateo,081,765935,17229,15112,19,15131,173
2020-12-04,Santa Barbara,083,443738,12816,11947,249,12196,141
2020-12-04,Santa Clara,085,1922200,45023,37465,122,37587,468
2020-12-04,Santa Cruz,087,273765,5825,4985,87,5072,32
2020-12-04,Shasta,089,179085,6464,5439,329,5768,49
2020-12-04,Sierra,091,2930,19,17,0,17,0
2020-12-04,Siskiyou,093,43540,786,639,52,691,2
2020-12-04,Solano,095,438530,12438,11037,97,11134,87
2020-12-04,Sonoma,097,501317,14271,12962,84,13046,164
2020-12-04,Stanislaus,099,539301,25558,23206,1766,24972,448
2020-12-04,Sutter,101,95872,4516,3791,12,3803,20
2020-12-04,Tehama,103,63373,2140,1876,100,1976,9
2020-12-04,Trinity,105,12862,325,172,36,208,0
2020-12-04,Tulare,107,460477,24762,22273,2004,24277,322
2020-12-04,Tuolumne,109,53932,1397,1134,10,1144,7
2020-12-04,Ventura,111,848112,25183,22024,773,22797,189
2020-12-04,Yolo,113,214977,5966,5294,20,5314,87
2020-12-04,Yuba,115,75493,2583,2225,17,2242,10
2020-12-03,Alameda,001,1643700,35108,31184,437,31621,465
2020-12-03,Alpine,003,1148,57,53,0,53,0
2020-12-03,Amador,005,37829,1133,653,3,656,16
2020-12-03,Butte,007,227075,4874,4305,314,4619,65
2020-12-03,Calaveras,009,45235,635,572,0,572,21
2020-12-03,Colusa,011,21464,918,774,17,791,6
2020-12-03,Contra Costa,013,1133247,28063,25464,207,25671,265
2020-12-03,Del Norte,015,27424,471,388,0,388,2
2020-12-03,El Dorado,017,186661,3628,2740,69,2809,6
2020-12-03,Fresno,019,978130,47706,39680,1944,41624,516
2020-12-03,Glenn,021,27897,1146,997,74,1071,8
2020-12-03,Humboldt,023,135768,1139,923,4,927,9
2020-12-03,Imperial,025,180216,18050,16436,161,16597,359
2020-12-03,Inyo,027,18085,364,321,6,327,15
2020-12-03,Kern,029,883053,46432,42062,1958,44020,483
2020-12-03,Kings,031,150075,12919,11658,258,11916,87
2020-12-03,Lake,033,64148,1196,991,0,991,20
2020-12-03,Lassen,035,31185,2753,2128,9,2137,0
2020-12-03,Los Angeles,037,10098052,463014,415805,7989,423794,7787
2020-12-03,Madera,039,155013,7417,6398,205,6603,58
2020-12-03,Marin,041,260295,8202,7861,40,7901,136
2020-12-03,Mariposa,043,17540,166,132,2,134,2
2020-12-03,Mendocino,045,87422,1744,1547,10,1557,23
2020-12-03,Merced,047,269075,13511,12310,159,12469,177
2020-12-03,Modoc,049,8938,151,114,28,142,0
2020-12-03,Mono,051,14174,627,527,10,537,3
2020-12-03,Monterey,053,433212,18214,16218,348,16566,125
2020-12-03,Napa,055,140530,3916,3360,19,3379,19
2020-12-03,Nevada,057,99092,1873,1472,47,1519,10
2020-12-03,Orange,059,3164182,94382,82187,2910,85097,1591
2020-12-03,Placer,061,380077,9280,7270,209,7479,73
2020-12-03,Plumas,063,18699,285,223,0,223,0
2020-12-03,Riverside,065,2383286,110053,92489,2869,95358,1461
2020-12-03,Sacramento,067,1510023,44750,40280,187,40467,614
2020-12-03,San Benito,069,59416,2235,1967,15,1982,16
2020-12-03,San Bernardino,071,2135413,118947,100787,2394,103181,1283
2020-12-03,San Diego,073,3302833,97076,86144,3863,90007,1040
2020-12-03,San Francisco,075,870044,17448,16236,126,16362,161
2020-12-03,San Joaquin,077,732212,30840,27239,650,27889,522
2020-12-03,San Luis Obispo,079,281455,7310,6388,120,6508,42
2020-12-03,San Mateo,081,765935,16876,14909,19,14928,173
2020-12-03,Santa Barbara,083,443738,12687,11829,243,12072,141
2020-12-03,Santa Clara,085,1922200,43812,36621,116,36737,465
2020-12-03,Santa Cruz,087,273765,5681,4850,83,4933,28
2020-12-03,Shasta,089,179085,6355,5330,322,5652,48
2020-12-03,Sierra,091,2930,19,17,0,17,0
2020-12-03,Siskiyou,093,43540,771,629,49,678,2
2020-12-03,Solano,095,438530,12223,10857,93,10950,87
2020-12-03,Sonoma,097,501317,14029,12772,83,12855,164
2020-12-03,Stanislaus,099,539301,25138,22821,1719,24540,447
2020-12-03,Sutter,101,95872,4432,3727,12,3739,20
2020-12-03,Tehama,103,63373,2088,1832,93,1925,9
2020-12-03,Trinity,105,12862,322,166,36,202,0
2020-12-03,Tulare,107,460477,24359,21993,1913,23906,321
2020-12-03,Tuolumne,109,53932,1355,1105,10,1115,7
2020-12-03,Ventura,111,848112,24480,21555,760,22315,187
2020-12-03,Yolo,113,214977,5828,5069,20,5089,87
2020-12-03,Yuba,115,75493,2512,2182,16,2198,10
2020-12-02,Alameda,001,1643700,34480,30697,428,31125,463
2020-12-02,Alpine,003,1148,56,52,0,52,0
2020-12-02,Amador,005,37829,1061,585,3,588,16
2020-12-02,Butte,007,227075,4752,4243,302,4545,65
2020-12-02,Calaveras,009,45235,619,553,0,553,21
2020-12-02,Colusa,011,21464,902,756,15,771,6
2020-12-02,Contra Costa,013,1133247,27599,25147,195,25342,264
2020-12-02,Del Norte,015,27424,455,384,0,384,2
2020-12-02,El Dorado,017,186661,3527,2638,64,2702,5
2020-12-02,Fresno,019,978130,46950,39324,1846,41170,507
2020-12-02,Glenn,021,27897,1129,995,66,1061,7
2020-12-02,Humboldt,023,135768,1113,899,4,903,9
2020-12-02,Imperial,025,180216,17628,16360,154,16514,356
2020-12-02,Inyo,027,18085,357,314,6,320,15
2020-12-02,Kern,029,883053,45535,41660,1863,43523,479
2020-12-02,Kings,031,150075,12566,11531,244,11775,86
2020-12-02,Lake,033,64148,1166,971,0,971,20
2020-12-02,Lassen,035,31185,2694,2115,9,2124,0
2020-12-02,Los Angeles,037,10098052,452957,408289,7663,415952,7739
2020-12-02,Madera,039,155013,7292,6370,199,6569,57
2020-12-02,Marin,041,260295,8153,7819,38,7857,136
2020-12-02,Mariposa,043,17540,163,131,2,133,2
2020-12-02,Mendocino,045,87422,1711,1524,10,1534,23
2020-12-02,Merced,047,269075,13267,12168,151,12319,173
2020-12-02,Modoc,049,8938,148,113,28,141,0
2020-12-02,Mono,051,14174,618,520,10,530,3
2020-12-02,Monterey,053,433212,17734,16064,309,16373,121
2020-12-02,Napa,055,140530,3813,3298,18,3316,19
2020-12-02,Nevada,057,99092,1811,1430,46,1476,9
2020-12-02,Orange,059,3164182,92182,81046,2831,83877,1569
2020-12-02,Placer,061,380077,9045,6941,196,7137,73
2020-12-02,Plumas,063,18699,272,218,0,218,0
2020-12-02,Riverside,065,2383286,107335,90089,2690,92779,1451
2020-12-02,Sacramento,067,1510023,43710,39334,176,39510,597
2020-12-02,San Benito,069,59416,2170,1921,15,1936,16
2020-12-02,San Bernardino,071,2135413,115376,98567,2289,100856,1240
2020-12-02,San Diego,073,3302833,95160,84640,3748,88388,1035
2020-12-02,San Francisco,075,870044,17210,16058,124,16182,157
2020-12-02,San Joaquin,077,732212,30223,26740,627,27367,519
2020-12-02,San Luis Obispo,079,281455,7211,6324,118,6442,42
2020-12-02,San Mateo,081,765935,16513,14757,18,14775,170
2020-12-02,Santa Barbara,083,443738,12536,11705,231,11936,140
2020-12-02,Santa Clara,085,1922200,42689,35878,116,35994,458
2020-12-02,Santa Cruz,087,273765,5549,4766,80,4846,27
2020-12-02,Shasta,089,179085,6231,5188,305,5493,47
2020-12-02,Sierra,091,2930,19,17,0,17,0
2020-12-02,Siskiyou,093,43540,755,624,47,671,1
2020-12-02,Solano,095,438530,11976,10701,89,10790,87
2020-12-02,Sonoma,097,501317,13789,12635,82,12717,163
2020-12-02,Stanislaus,099,539301,24634,22615,1663,24278,448
2020-12-02,Sutter,101,95872,4273,3604,12,3616,18
2020-12-02,Tehama,103,63373,2044,1800,78,1878,9
2020-12-02,Trinity,105,12862,313,165,35,200,0
2020-12-02,Tulare,107,460477,23976,21789,1835,23624,321
2020-12-02,Tuolumne,109,53932,1314,1076,10,1086,7
2020-12-02,Ventura,111,848112,24067,21208,742,21950,186
2020-12-02,Yolo,113,214977,5720,5053,19,5072,87
2020-12-02,Yuba,115,75493,2434,2119,15,2134,10
2020-12-01,Alameda,001,1643700,33787,30252,418,30670,460
2020-12-01,Alpine,003,1148,56,41,0,41,0
2020-12-01,Amador,005,37829,914,575,2,577,16
2020-12-01,Butte,007,227075,4647,4177,286,4463,65
2020-12-01,Calaveras,009,45235,601,544,0,544,21
2020-12-01,Colusa,011,21464,885,747,15,762,6
2020-12-01,Contra Costa,013,1133247,27027,24788,187,24975,264
2020-12-01,Del Norte,015,27424,427,357,0,357,2
2020-12-01,El Dorado,017,186661,3383,2542,59,2601,4
2020-12-01,Fresno,019,978130,46048,39004,1770,40774,505
2020-12-01,Glenn,021,27897,1108,989,62,1051,7
2020-12-01,Humboldt,023,135768,1083,886,4,890,9
2020-12-01,Imperial,025,180216,17314,16278,151,16429,356
2020-12-01,Inyo,027,18085,351,304,6,310,15
2020-12-01,Kern,029,883053,44733,41345,1736,43081,478
2020-12-01,Kings,031,150075,12251,11415,230,11645,86
2020-12-01,Lake,033,64148,1144,969,0,969,19
2020-12-01,Lassen,035,31185,2528,2047,8,2055,0
2020-12-01,Los Angeles,037,10098052,442579,403266,7353,410619,7704
2020-12-01,Madera,039,155013,7172,6270,189,6459,57
2020-12-01,Marin,041,260295,8082,7787,37,7824,136
2020-12-01,Mariposa,043,17540,158,128,2,130,2
2020-12-01,Mendocino,045,87422,1677,1497,10,1507,23
2020-12-01,Merced,047,269075,13027,12032,142,12174,172
2020-12-01,Modoc,049,8938,143,113,24,137,0
2020-12-01,Mono,051,14174,605,520,10,530,3
2020-12-01,Monterey,053,433212,17226,15835,298,16133,121
2020-12-01,Napa,055,140530,3729,3124,17,3141,19
2020-12-01,Nevada,057,99092,1749,1411,45,1456,9
2020-12-01,Orange,059,3164182,90078,79468,2742,82210,1567
2020-12-01,Placer,061,380077,8720,6794,189,6983,72
2020-12-01,Plumas,063,18699,260,201,0,201,0
2020-12-01,Riverside,065,2383286,104525,88530,2530,91060,1448
2020-12-01,Sacramento,067,1510023,42663,38966,173,39139,589
2020-12-01,San Benito,069,59416,2115,1888,15,1903,15
2020-12-01,San Bernardino,071,2135413,111906,95854,2167,98021,1220
2020-12-01,San Diego,073,3302833,92903,83423,3638,87061,1019
2020-12-01,San Francisco,075,870044,16926,15797,121,15918,157
2020-12-01,San Joaquin,077,732212,29422,26432,605,27037,514
2020-12-01,San Luis Obispo,079,281455,7069,6264,113,6377,40
2020-12-01,San Mateo,081,765935,16188,14495,18,14513,170
2020-12-01,Santa Barbara,083,443738,12397,11611,221,11832,140
2020-12-01,Santa Clara,085,1922200,41434,35397,110,35507,452
2020-12-01,Santa Cruz,087,273765,5391,4638,72,4710,27
2020-12-01,Shasta,089,179085,6106,5077,286,5363,47
2020-12-01,Sierra,091,2930,19,17,0,17,0
2020-12-01,Siskiyou,093,43540,741,608,43,651,1
2020-12-01,Solano,095,438530,11715,10604,84,10688,87
2020-12-01,Sonoma,097,501317,13585,12491,79,12570,163
2020-12-01,Stanislaus,099,539301,24173,22351,1605,23956,447
2020-12-01,Sutter,101,95872,4131,3538,12,3550,17
2020-12-01,Tehama,103,63373,1977,1773,68,1841,9
2020-12-01,Trinity,105,12862,299,165,29,194,0
2020-12-01,Tulare,107,460477,23520,21645,1767,23412,319
2020-12-01,Tuolumne,109,53932,1278,1052,8,1060,7
2020-12-01,Ventura,111,848112,23453,20604,720,21324,186
2020-12-01,Yolo,113,214977,5581,4928,19,4947,86
2020-12-01,Yuba,115,75493,2370,2088,14,2102,10
2020-11-30,Alameda,001,1643700,32968,29972,401,30373,457
2020-11-30,Alpine,003,1148,54,41,0,41,0
2020-11-30,Amador,005,37829,873,559,2,561,16
2020-11-30,Butte,007,227075,4529,4148,270,4418,65
2020-11-30,Calaveras,009,45235,580,478,0,478,21
2020-11-30,Colusa,011,21464,858,737,12,749,6
2020-11-30,Contra Costa,013,1133247,26443,24365,183,24548,264
2020-11-30,Del Norte,015,27424,401,339,0,339,2
2020-11-30,El Dorado,017,186661,3209,2488,53,2541,4
2020-11-30,Fresno,019,978130,44936,38712,1660,40372,500
2020-11-30,Glenn,021,27897,1085,954,57,1011,5
2020-11-30,Humboldt,023,135768,1036,870,4,874,9
2020-11-30,Imperial,025,180216,17057,16212,130,16342,356
2020-11-30,Inyo,027,18085,345,304,5,309,15
2020-11-30,Kern,029,883053,43974,40941,1604,42545,473
2020-11-30,Kings,031,150075,12103,11346,215,11561,85
2020-11-30,Lake,033,64148,1110,939,0,939,18
2020-11-30,Lassen,035,31185,2436,1793,8,1801,0
2020-11-30,Los Angeles,037,10098052,431898,396202,7030,403232,7658
2020-11-30,Madera,039,155013,7007,6210,175,6385,57
2020-11-30,Marin,041,260295,8037,7764,36,7800,136
2020-11-30,Mariposa,043,17540,151,123,2,125,2
2020-11-30,Mendocino,045,87422,1649,1482,10,1492,23
2020-11-30,Merced,047,269075,12752,11913,131,12044,172
2020-11-30,Modoc,049,8938,133,113,24,137,0
2020-11-30,Mono,051,14174,583,519,10,529,3
2020-11-30,Monterey,053,433212,16796,15837,290,16127,119
2020-11-30,Napa,055,140530,3630,3091,17,3108,18
2020-11-30,Nevada,057,99092,1663,1347,42,1389,9
2020-11-30,Orange,059,3164182,87962,78711,2646,81357,1568
2020-11-30,Placer,061,380077,8423,6575,176,6751,72
2020-11-30,Plumas,063,18699,249,192,0,192,0
2020-11-30,Riverside,065,2383286,101532,87722,2385,90107,1446
2020-11-30,Sacramento,067,1510023,41581,37834,164,37998,586
2020-11-30,San Benito,069,59416,2068,1875,14,1889,15
2020-11-30,San Bernardino,071,2135413,108175,92704,2055,94759,1220
2020-11-30,San Diego,073,3302833,90540,82045,3511,85556,997
2020-11-30,San Francisco,075,870044,16628,15638,117,15755,157
2020-11-30,San Joaquin,077,732212,28717,25742,579,26321,509
2020-11-30,San Luis Obispo,079,281455,6935,6224,111,6335,36
2020-11-30,San Mateo,081,765935,15829,14276,18,14294,170
2020-11-30,Santa Barbara,083,443738,12218,11572,213,11785,140
2020-11-30,Santa Clara,085,1922200,40220,35019,109,35128,451
2020-11-30,Santa Cruz,087,273765,5252,4558,69,4627,26
2020-11-30,Shasta,089,179085,5961,4933,258,5191,44
2020-11-30,Sierra,091,2930,19,16,0,16,0
2020-11-30,Siskiyou,093,43540,732,605,39,644,1
2020-11-30,Solano,095,438530,11452,10392,79,10471,87
2020-11-30,Sonoma,097,501317,13340,12232,75,12307,163
2020-11-30,Stanislaus,099,539301,23710,22110,1563,23673,446
2020-11-30,Sutter,101,95872,3975,3430,12,3442,16
2020-11-30,Tehama,103,63373,1928,1724,61,1785,9
2020-11-30,Trinity,105,12862,292,162,29,191,0
2020-11-30,Tulare,107,460477,23131,20833,1674,22507,319
2020-11-30,Tuolumne,109,53932,1234,1027,8,1035,7
2020-11-30,Ventura,111,848112,22698,20308,704,21012,180
2020-11-30,Yolo,113,214977,5464,4894,19,4913,81
2020-11-30,Yuba,115,75493,2311,2028,12,2040,10
2020-11-29,Alameda,001,1643700,32181,29918,379,30297,457
2020-11-29,Alpine,003,1148,51,41,0,41,0
2020-11-29,Amador,005,37829,721,548,2,550,16
2020-11-29,Butte,007,227075,4428,4008,254,4262,65
2020-11-29,Calaveras,009,45235,549,478,0,478,21
2020-11-29,Colusa,011,21464,829,723,8,731,6
2020-11-29,Contra Costa,013,1133247,25936,24165,177,24342,264
2020-11-29,Del Norte,015,27424,395,339,0,339,2
2020-11-29,El Dorado,017,186661,3078,2447,51,2498,4
2020-11-29,Fresno,019,978130,43983,38568,1589,40157,500
2020-11-29,Glenn,021,27897,1062,951,55,1006,4
2020-11-29,Humboldt,023,135768,1007,856,4,860,9
2020-11-29,Imperial,025,180216,16823,16138,105,16243,356
2020-11-29,Inyo,027,18085,328,289,5,294,15
2020-11-29,Kern,029,883053,43211,40596,1456,42052,473
2020-11-29,Kings,031,150075,11952,11247,197,11444,85
2020-11-29,Lake,033,64148,1086,927,0,927,18
2020-11-29,Lassen,035,31185,2333,1793,8,1801,0
2020-11-29,Los Angeles,037,10098052,421490,391162,6738,397900,7642
2020-11-29,Madera,039,155013,6864,6184,169,6353,57
2020-11-29,Marin,041,260295,7971,7739,33,7772,135
2020-11-29,Mariposa,043,17540,147,123,2,125,2
2020-11-29,Mendocino,045,87422,1615,1473,10,1483,23
2020-11-29,Merced,047,269075,12513,11773,122,11895,172
2020-11-29,Modoc,049,8938,129,105,22,127,0
2020-11-29,Mono,051,14174,560,515,9,524,3
2020-11-29,Monterey,053,433212,16483,15621,283,15904,119
2020-11-29,Napa,055,140530,3525,3090,16,3106,18
2020-11-29,Nevada,057,99092,1583,1311,40,1351,9
2020-11-29,Orange,059,3164182,85942,78057,2600,80657,1567
2020-11-29,Placer,061,380077,8125,6535,164,6699,72
2020-11-29,Plumas,063,18699,244,191,0,191,0
2020-11-29,Riverside,065,2383286,99140,87383,2233,89616,1442
2020-11-29,Sacramento,067,1510023,40503,37415,155,37570,585
2020-11-29,San Benito,069,59416,2024,1860,14,1874,15
2020-11-29,San Bernardino,071,2135413,104824,92052,1939,93991,1223
2020-11-29,San Diego,073,3302833,88129,81086,3358,84444,997
2020-11-29,San Francisco,075,870044,16346,15571,112,15683,153
2020-11-29,San Joaquin,077,732212,27969,25740,573,26313,509
2020-11-29,San Luis Obispo,079,281455,6812,6145,111,6256,36
2020-11-29,San Mateo,081,765935,15497,14177,18,14195,169
2020-11-29,Santa Barbara,083,443738,12064,11520,209,11729,140
2020-11-29,Santa Clara,085,1922200,39008,34234,103,34337,451
2020-11-29,Santa Cruz,087,273765,5092,4490,67,4557,26
2020-11-29,Shasta,089,179085,5789,4935,230,5165,43
2020-11-29,Sierra,091,2930,19,16,0,16,0
2020-11-29,Siskiyou,093,43540,709,590,37,627,1
2020-11-29,Solano,095,438530,11219,10393,75,10468,87
2020-11-29,Sonoma,097,501317,13088,12052,71,12123,163
2020-11-29,Stanislaus,099,539301,23214,21701,1529,23230,446
2020-11-29,Sutter,101,95872,3859,3297,12,3309,16
2020-11-29,Tehama,103,63373,1877,1710,47,1757,9
2020-11-29,Trinity,105,12862,289,159,27,186,0
2020-11-29,Tulare,107,460477,22762,20793,1599,22392,319
2020-11-29,Tuolumne,109,53932,1197,988,8,996,7
2020-11-29,Ventura,111,848112,22013,19952,692,20644,179
2020-11-29,Yolo,113,214977,5327,4830,18,4848,80
2020-11-29,Yuba,115,75493,2255,1959,12,1971,10
2020-11-28,Alameda,001,1643700,31871,29368,374,29742,456
2020-11-28,Alpine,003,1148,51,41,0,41,0
2020-11-28,Amador,005,37829,644,536,2,538,16
2020-11-28,Butte,007,227075,4370,3894,250,4144,65
2020-11-28,Calaveras,009,45235,543,478,0,478,21
2020-11-28,Colusa,011,21464,820,711,6,717,6
2020-11-28,Contra Costa,013,1133247,25603,23798,173,23971,264
2020-11-28,Del Norte,015,27424,385,328,0,328,2
2020-11-28,El Dorado,017,186661,3010,2415,45,2460,4
2020-11-28,Fresno,019,978130,43636,38288,1551,39839,500
2020-11-28,Glenn,021,27897,1051,925,51,976,4
2020-11-28,Humboldt,023,135768,972,844,4,848,9
2020-11-28,Imperial,025,180216,16754,16019,103,16122,356
2020-11-28,Inyo,027,18085,320,289,5,294,15
2020-11-28,Kern,029,883053,42848,40255,1368,41623,473
2020-11-28,Kings,031,150075,11887,11070,190,11260,85
2020-11-28,Lake,033,64148,1070,920,0,920,18
2020-11-28,Lassen,035,31185,2266,1714,8,1722,0
2020-11-28,Los Angeles,037,10098052,416568,386194,6582,392776,7625
2020-11-28,Madera,039,155013,6761,6119,162,6281,57
2020-11-28,Marin,041,260295,7941,7696,29,7725,135
2020-11-28,Mariposa,043,17540,144,120,2,122,2
2020-11-28,Mendocino,045,87422,1584,1458,10,1468,22
2020-11-28,Merced,047,269075,12413,11688,116,11804,172
2020-11-28,Modoc,049,8938,126,103,22,125,0
2020-11-28,Mono,051,14174,554,505,9,514,3
2020-11-28,Monterey,053,433212,16317,15328,279,15607,118
2020-11-28,Napa,055,140530,3474,3033,16,3049,18
2020-11-28,Nevada,057,99092,1554,1272,38,1310,9
2020-11-28,Orange,059,3164182,84842,76882,2553,79435,1568
2020-11-28,Placer,061,380077,7964,6497,161,6658,70
2020-11-28,Plumas,063,18699,237,188,0,188,0
2020-11-28,Riverside,065,2383286,97732,86854,2132,88986,1440
2020-11-28,Sacramento,067,1510023,39926,36905,151,37056,580
2020-11-28,San Benito,069,59416,1979,1835,14,1849,15
2020-11-28,San Bernardino,071,2135413,103422,91183,1837,93020,1224
2020-11-28,San Diego,073,3302833,86875,80020,3274,83294,997
2020-11-28,San Francisco,075,870044,16171,15450,105,15555,153
2020-11-28,San Joaquin,077,732212,27768,25742,558,26300,509
2020-11-28,San Luis Obispo,079,281455,6742,6106,107,6213,36
2020-11-28,San Mateo,081,765935,15307,14040,18,14058,169
2020-11-28,Santa Barbara,083,443738,11962,11481,204,11685,140
2020-11-28,Santa Clara,085,1922200,38257,33701,101,33802,449
2020-11-28,Santa Cruz,087,273765,5016,4426,67,4493,26
2020-11-28,Shasta,089,179085,5712,4882,223,5105,43
2020-11-28,Sierra,091,2930,19,16,0,16,0
2020-11-28,Siskiyou,093,43540,699,558,34,592,1
2020-11-28,Solano,095,438530,11097,10252,73,10325,87
2020-11-28,Sonoma,097,501317,12984,12008,62,12070,162
2020-11-28,Stanislaus,099,539301,22975,21574,1495,23069,446
2020-11-28,Sutter,101,95872,3775,3244,12,3256,15
2020-11-28,Tehama,103,63373,1859,1678,43,1721,9
2020-11-28,Trinity,105,12862,286,157,25,182,0
2020-11-28,Tulare,107,460477,22564,20701,1557,22258,319
2020-11-28,Tuolumne,109,53932,1175,976,8,984,7
2020-11-28,Ventura,111,848112,21715,19510,682,20192,179
2020-11-28,Yolo,113,214977,5250,4739,16,4755,80
2020-11-28,Yuba,115,75493,2200,1912,12,1924,10
2020-11-27,Alameda,001,1643700,31428,29064,364,29428,450
2020-11-27,Alpine,003,1148,51,41,0,41,0
2020-11-27,Amador,005,37829,597,498,1,499,16
2020-11-27,Butte,007,227075,4329,3894,244,4138,65
2020-11-27,Calaveras,009,45235,534,478,0,478,21
2020-11-27,Colusa,011,21464,803,694,4,698,6
2020-11-27,Contra Costa,013,1133247,25342,23463,167,23630,264
2020-11-27,Del Norte,015,27424,379,307,0,307,2
2020-11-27,El Dorado,017,186661,2939,2238,42,2280,4
2020-11-27,Fresno,019,978130,43231,37994,1495,39489,500
2020-11-27,Glenn,021,27897,1038,891,46,937,4
2020-11-27,Humboldt,023,135768,953,795,3,798,9
2020-11-27,Imperial,025,180216,16686,15960,95,16055,356
2020-11-27,Inyo,027,18085,314,289,5,294,15
2020-11-27,Kern,029,883053,42425,39707,1298,41005,473
2020-11-27,Kings,031,150075,11802,10667,172,10839,85
2020-11-27,Lake,033,64148,1034,909,0,909,18
2020-11-27,Lassen,035,31185,2254,1714,8,1722,0
2020-11-27,Los Angeles,037,10098052,410050,382740,6432,389172,7606
2020-11-27,Madera,039,155013,6689,6050,157,6207,57
2020-11-27,Marin,041,260295,7899,7660,29,7689,135
2020-11-27,Mariposa,043,17540,142,118,2,120,2
2020-11-27,Mendocino,045,87422,1570,1387,9,1396,22
2020-11-27,Merced,047,269075,12307,11550,109,11659,172
2020-11-27,Modoc,049,8938,125,100,22,122,0
2020-11-27,Mono,051,14174,550,498,9,507,3
2020-11-27,Monterey,053,433212,16149,14753,279,15032,113
2020-11-27,Napa,055,140530,3434,2988,16,3004,18
2020-11-27,Nevada,057,99092,1524,1184,36,1220,9
2020-11-27,Orange,059,3164182,83554,75151,2514,77665,1568
2020-11-27,Placer,061,380077,7805,6283,151,6434,68
2020-11-27,Plumas,063,18699,234,188,0,188,0
2020-11-27,Riverside,065,2383286,96122,85769,1980,87749,1440
2020-11-27,Sacramento,067,1510023,39305,36579,147,36726,579
2020-11-27,San Benito,069,59416,1945,1805,13,1818,15
2020-11-27,San Bernardino,071,2135413,101903,90254,1756,92010,1224
2020-11-27,San Diego,073,3302833,85681,78161,3185,81346,996
2020-11-27,San Francisco,075,870044,16015,15377,103,15480,153
2020-11-27,San Joaquin,077,732212,27544,25741,538,26279,509
2020-11-27,San Luis Obispo,079,281455,6659,6039,104,6143,36
2020-11-27,San Mateo,081,765935,15105,13872,17,13889,169
2020-11-27,Santa Barbara,083,443738,11869,11340,201,11541,140
2020-11-27,Santa Clara,085,1922200,37582,32935,94,33029,449
2020-11-27,Santa Cruz,087,273765,4945,4358,65,4423,26
2020-11-27,Shasta,089,179085,5635,4710,210,4920,43
2020-11-27,Sierra,091,2930,18,16,0,16,0
2020-11-27,Siskiyou,093,43540,684,554,31,585,1
2020-11-27,Solano,095,438530,10978,10044,70,10114,87
2020-11-27,Sonoma,097,501317,12851,11924,60,11984,162
2020-11-27,Stanislaus,099,539301,22746,21185,1466,22651,446
2020-11-27,Sutter,101,95872,3707,3101,12,3113,15
2020-11-27,Tehama,103,63373,1833,1649,39,1688,9
2020-11-27,Trinity,105,12862,282,151,25,176,0
2020-11-27,Tulare,107,460477,22374,20634,1500,22134,319
2020-11-27,Tuolumne,109,53932,1143,881,8,889,7
2020-11-27,Ventura,111,848112,21391,19379,660,20039,179
2020-11-27,Yolo,113,214977,5199,4737,16,4753,79
2020-11-27,Yuba,115,75493,2171,1864,11,1875,10
2020-11-26,Alameda,001,1643700,31014,28797,346,29143,447
2020-11-26,Alpine,003,1148,51,41,0,41,0
2020-11-26,Amador,005,37829,589,488,1,489,16
2020-11-26,Butte,007,227075,4266,3894,238,4132,65
2020-11-26,Calaveras,009,45235,507,478,0,478,21
2020-11-26,Colusa,011,21464,789,694,4,698,6
2020-11-26,Contra Costa,013,1133247,25009,23468,161,23629,264
2020-11-26,Del Norte,015,27424,368,307,0,307,2
2020-11-26,El Dorado,017,186661,2858,2217,40,2257,4
2020-11-26,Fresno,019,978130,42826,37724,1449,39173,500
2020-11-26,Glenn,021,27897,1022,892,44,936,4
2020-11-26,Humboldt,023,135768,930,795,2,797,9
2020-11-26,Imperial,025,180216,16571,15722,92,15814,355
2020-11-26,Inyo,027,18085,312,289,5,294,15
2020-11-26,Kern,029,883053,41975,39123,1238,40361,471
2020-11-26,Kings,031,150075,11747,10475,160,10635,85
2020-11-26,Lake,033,64148,1021,890,0,890,18
2020-11-26,Lassen,035,31185,2239,1714,8,1722,0
2020-11-26,Los Angeles,037,10098052,404888,378340,6199,384539,7581
2020-11-26,Madera,039,155013,6610,6003,152,6155,57
2020-11-26,Marin,041,260295,7861,7610,29,7639,135
2020-11-26,Mariposa,043,17540,137,116,2,118,2
2020-11-26,Mendocino,045,87422,1556,1387,7,1394,22
2020-11-26,Merced,047,269075,12159,11440,107,11547,172
2020-11-26,Modoc,049,8938,123,100,22,122,0
2020-11-26,Mono,051,14174,542,485,9,494,2
2020-11-26,Monterey,053,433212,15913,14750,271,15021,113
2020-11-26,Napa,055,140530,3370,2988,16,3004,18
2020-11-26,Nevada,057,99092,1479,1184,36,1220,9
2020-11-26,Orange,059,3164182,82167,74264,2454,76718,1563
2020-11-26,Placer,061,380077,7642,6278,142,6420,68
2020-11-26,Plumas,063,18699,226,188,0,188,0
2020-11-26,Riverside,065,2383286,94521,85774,1856,87630,1440
2020-11-26,Sacramento,067,1510023,38662,35854,139,35993,580
2020-11-26,San Benito,069,59416,1918,1769,13,1782,15
2020-11-26,San Bernardino,071,2135413,100250,89727,1663,91390,1223
2020-11-26,San Diego,073,3302833,84071,76359,3081,79440,996
2020-11-26,San Francisco,075,870044,15879,15156,99,15255,153
2020-11-26,San Joaquin,077,732212,27289,25738,526,26264,509
2020-11-26,San Luis Obispo,079,281455,6566,5964,101,6065,36
2020-11-26,San Mateo,081,765935,14916,13715,16,13731,169
2020-11-26,Santa Barbara,083,443738,11788,11277,200,11477,139
2020-11-26,Santa Clara,085,1922200,36936,32411,87,32498,446
2020-11-26,Santa Cruz,087,273765,4812,4269,59,4328,26
2020-11-26,Shasta,089,179085,5552,4712,198,4910,43
2020-11-26,Sierra,091,2930,18,15,0,15,0
2020-11-26,Siskiyou,093,43540,674,526,31,557,1
2020-11-26,Solano,095,438530,10833,9941,68,10009,87
2020-11-26,Sonoma,097,501317,12703,11922,58,11980,162
2020-11-26,Stanislaus,099,539301,22514,21186,1426,22612,445
2020-11-26,Sutter,101,95872,3613,3101,11,3112,15
2020-11-26,Tehama,103,63373,1793,1612,36,1648,9
2020-11-26,Trinity,105,12862,278,139,25,164,0
2020-11-26,Tulare,107,460477,22134,20649,1439,22088,319
2020-11-26,Tuolumne,109,53932,1115,871,8,879,7
2020-11-26,Ventura,111,848112,20895,19058,646,19704,179
2020-11-26,Yolo,113,214977,5112,4566,16,4582,76
2020-11-26,Yuba,115,75493,2111,1865,9,1874,10
2020-11-25,Alameda,001,1643700,30799,28378,338,28716,447
2020-11-25,Alpine,003,1148,51,41,0,41,0
2020-11-25,Amador,005,37829,579,484,1,485,16
2020-11-25,Butte,007,227075,4235,3848,235,4083,64
2020-11-25,Calaveras,009,45235,504,475,0,475,21
2020-11-25,Colusa,011,21464,772,693,4,697,6
2020-11-25,Contra Costa,013,1133247,24853,23307,160,23467,263
2020-11-25,Del Norte,015,27424,367,304,0,304,2
2020-11-25,El Dorado,017,186661,2822,2154,40,2194,4
2020-11-25,Fresno,019,978130,42593,37349,1427,38776,494
2020-11-25,Glenn,021,27897,1005,891,42,933,4
2020-11-25,Humboldt,023,135768,922,777,2,779,9
2020-11-25,Imperial,025,180216,16499,15640,91,15731,355
2020-11-25,Inyo,027,18085,310,289,5,294,15
2020-11-25,Kern,029,883053,41819,38878,1221,40099,467
2020-11-25,Kings,031,150075,11712,10417,156,10573,85
2020-11-25,Lake,033,64148,1004,878,0,878,18
2020-11-25,Lassen,035,31185,2196,1701,8,1709,0
2020-11-25,Los Angeles,037,10098052,401860,373919,6097,380016,7545
2020-11-25,Madera,039,155013,6587,5989,149,6138,57
2020-11-25,Marin,041,260295,7832,7601,28,7629,135
2020-11-25,Mariposa,043,17540,136,114,2,116,2
2020-11-25,Mendocino,045,87422,1537,1373,7,1380,22
2020-11-25,Merced,047,269075,12101,11346,107,11453,172
2020-11-25,Modoc,049,8938,123,96,22,118,0
2020-11-25,Mono,051,14174,537,487,9,496,2
2020-11-25,Monterey,053,433212,15798,14695,269,14964,113
2020-11-25,Napa,055,140530,3337,2945,16,2961,17
2020-11-25,Nevada,057,99092,1461,1170,34,1204,9
2020-11-25,Orange,059,3164182,81411,73014,2434,75448,1551
2020-11-25,Placer,061,380077,7566,6221,141,6362,68
2020-11-25,Plumas,063,18699,221,183,0,183,0
2020-11-25,Riverside,065,2383286,93976,85077,1838,86915,1438
2020-11-25,Sacramento,067,1510023,38326,35687,136,35823,574
2020-11-25,San Benito,069,59416,1895,1764,13,1777,15
2020-11-25,San Bernardino,071,2135413,99409,88469,1634,90103,1225
2020-11-25,San Diego,073,3302833,83414,75307,3045,78352,988
2020-11-25,San Francisco,075,870044,15772,15053,97,15150,153
2020-11-25,San Joaquin,077,732212,27161,25556,514,26070,515
2020-11-25,San Luis Obispo,079,281455,6523,5913,101,6014,34
2020-11-25,San Mateo,081,765935,14801,13614,16,13630,170
2020-11-25,Santa Barbara,083,443738,11738,11183,200,11383,138
2020-11-25,Santa Clara,085,1922200,36486,32032,86,32118,442
2020-11-25,Santa Cruz,087,273765,4759,4202,58,4260,25
2020-11-25,Shasta,089,179085,5506,4588,191,4779,43
2020-11-25,Sierra,091,2930,18,15,0,15,0
2020-11-25,Siskiyou,093,43540,667,499,31,530,1
2020-11-25,Solano,095,438530,10728,9832,67,9899,87
2020-11-25,Sonoma,097,501317,12640,11775,57,11832,162
2020-11-25,Stanislaus,099,539301,22382,21022,1399,22421,445
2020-11-25,Sutter,101,95872,3569,3064,11,3075,14
2020-11-25,Tehama,103,63373,1780,1587,30,1617,9
2020-11-25,Trinity,105,12862,276,135,25,160,0
2020-11-25,Tulare,107,460477,22044,20528,1409,21937,318
2020-11-25,Tuolumne,109,53932,1098,842,8,850,7
2020-11-25,Ventura,111,848112,20800,18914,640,19554,179
2020-11-25,Yolo,113,214977,5075,4527,16,4543,76
2020-11-25,Yuba,115,75493,2085,1840,9,1849,10
2020-11-24,Alameda,001,1643700,30323,28030,327,28357,444
2020-11-24,Alpine,003,1148,51,41,0,41,0
2020-11-24,Amador,005,37829,554,470,1,471,16
2020-11-24,Butte,007,227075,4149,3798,227,4025,63
2020-11-24,Calaveras,009,45235,498,466,0,466,21
2020-11-24,Colusa,011,21464,754,682,4,686,6
2020-11-24,Contra Costa,013,1133247,24500,23072,154,23226,259
2020-11-24,Del Norte,015,27424,358,298,0,298,2
2020-11-24,El Dorado,017,186661,2717,2005,39,2044,4
2020-11-24,Fresno,019,978130,42190,37021,1352,38373,493
2020-11-24,Glenn,021,27897,987,883,38,921,4
2020-11-24,Humboldt,023,135768,903,774,2,776,9
2020-11-24,Imperial,025,180216,16395,15600,86,15686,355
2020-11-24,Inyo,027,18085,309,282,5,287,15
2020-11-24,Kern,029,883053,41345,38551,1145,39696,465
2020-11-24,Kings,031,150075,11445,10338,143,10481,85
2020-11-24,Lake,033,64148,988,872,0,872,18
2020-11-24,Lassen,035,31185,2173,1657,8,1665,0
2020-11-24,Los Angeles,037,10098052,395550,370008,5866,375874,7501
2020-11-24,Madera,039,155013,6504,5881,142,6023,57
2020-11-24,Marin,041,260295,7785,7591,28,7619,135
2020-11-24,Mariposa,043,17540,126,114,1,115,2
2020-11-24,Mendocino,045,87422,1515,1346,6,1352,22
2020-11-24,Merced,047,269075,11913,11268,101,11369,171
2020-11-24,Modoc,049,8938,119,91,22,113,0
2020-11-24,Mono,051,14174,533,483,9,492,2
2020-11-24,Monterey,053,433212,15536,14354,260,14614,113
2020-11-24,Napa,055,140530,3270,2904,16,2920,17
2020-11-24,Nevada,057,99092,1397,1156,32,1188,9
2020-11-24,Orange,059,3164182,79971,71975,2357,74332,1547
2020-11-24,Placer,061,380077,7385,6147,134,6281,67
2020-11-24,Plumas,063,18699,218,180,0,180,0
2020-11-24,Riverside,065,2383286,92217,83685,1712,85397,1420
2020-11-24,Sacramento,067,1510023,37646,35097,129,35226,568
2020-11-24,San Benito,069,59416,1864,1740,12,1752,15
2020-11-24,San Bernardino,071,2135413,97069,86645,1533,88178,1226
2020-11-24,San Diego,073,3302833,82004,74363,2974,77337,984
2020-11-24,San Francisco,075,870044,15577,14874,93,14967,153
2020-11-24,San Joaquin,077,732212,26848,25318,487,25805,517
2020-11-24,San Luis Obispo,079,281455,6460,5805,100,5905,34
2020-11-24,San Mateo,081,765935,14592,13558,15,13573,170
2020-11-24,Santa Barbara,083,443738,11632,11154,199,11353,138
2020-11-24,Santa Clara,085,1922200,35698,31564,82,31646,438
2020-11-24,Santa Cruz,087,273765,4646,4132,57,4189,25
2020-11-24,Shasta,089,179085,5406,4410,172,4582,43
2020-11-24,Sierra,091,2930,18,15,0,15,0
2020-11-24,Siskiyou,093,43540,649,473,28,501,1
2020-11-24,Solano,095,438530,10556,9716,66,9782,86
2020-11-24,Sonoma,097,501317,12461,11644,54,11698,162
2020-11-24,Stanislaus,099,539301,22140,20830,1356,22186,438
2020-11-24,Sutter,101,95872,3463,2974,11,2985,14
2020-11-24,Tehama,103,63373,1736,1565,25,1590,9
2020-11-24,Trinity,105,12862,269,129,24,153,0
2020-11-24,Tulare,107,460477,21794,20319,1348,21667,315
2020-11-24,Tuolumne,109,53932,1069,832,8,840,7
2020-11-24,Ventura,111,848112,20419,18637,630,19267,179
2020-11-24,Yolo,113,214977,4989,4420,16,4436,76
2020-11-24,Yuba,115,75493,2034,1804,7,1811,10
2020-11-23,Alameda,001,1643700,29906,27718,315,28033,444
2020-11-23,Alpine,003,1148,49,41,0,41,0
2020-11-23,Amador,005,37829,513,457,1,458,16
2020-11-23,Butte,007,227075,4085,3765,221,3986,61
2020-11-23,Calaveras,009,45235,481,434,0,434,21
2020-11-23,Colusa,011,21464,740,662,4,666,6
2020-11-23,Contra Costa,013,1133247,24232,22674,149,22823,260
2020-11-23,Del Norte,015,27424,336,296,0,296,2
2020-11-23,El Dorado,017,186661,2597,2005,38,2043,4
2020-11-23,Fresno,019,978130,41742,36688,1291,37979,488
2020-11-23,Glenn,021,27897,961,853,38,891,4
2020-11-23,Humboldt,023,135768,890,746,2,748,9
2020-11-23,Imperial,025,180216,16232,15104,81,15185,355
2020-11-23,Inyo,027,18085,302,279,5,284,15
2020-11-23,Kern,029,883053,40832,38245,1082,39327,463
2020-11-23,Kings,031,150075,11025,10204,137,10341,85
2020-11-23,Lake,033,64148,965,840,0,840,18
2020-11-23,Lassen,035,31185,2093,1271,7,1278,0
2020-11-23,Los Angeles,037,10098052,389446,366374,5620,371994,7447
2020-11-23,Madera,039,155013,6379,5787,138,5925,56
2020-11-23,Marin,041,260295,7742,7543,28,7571,135
2020-11-23,Mariposa,043,17540,125,97,1,98,2
2020-11-23,Mendocino,045,87422,1485,1330,6,1336,22
2020-11-23,Merced,047,269075,11725,11148,98,11246,169
2020-11-23,Modoc,049,8938,105,91,21,112,0
2020-11-23,Mono,051,14174,520,480,9,489,2
2020-11-23,Monterey,053,433212,15257,14265,254,14519,112
2020-11-23,Napa,055,140530,3203,2811,16,2827,17
2020-11-23,Nevada,057,99092,1308,1087,32,1119,9
2020-11-23,Orange,059,3164182,78567,71074,2313,73387,1546
2020-11-23,Placer,061,380077,7183,5999,133,6132,66
2020-11-23,Plumas,063,18699,214,172,0,172,0
2020-11-23,Riverside,065,2383286,90438,82175,1648,83823,1415
2020-11-23,Sacramento,067,1510023,37075,34141,123,34264,556
2020-11-23,San Benito,069,59416,1837,1729,11,1740,15
2020-11-23,San Bernardino,071,2135413,94961,84387,1469,85856,1224
2020-11-23,San Diego,073,3302833,80541,72817,2886,75703,968
2020-11-23,San Francisco,075,870044,15419,14646,91,14737,153
2020-11-23,San Joaquin,077,732212,26498,24622,483,25105,517
2020-11-23,San Luis Obispo,079,281455,6378,5772,98,5870,34
2020-11-23,San Mateo,081,765935,14402,13364,15,13379,170
2020-11-23,Santa Barbara,083,443738,11525,10944,195,11139,137
2020-11-23,Santa Clara,085,1922200,35044,31064,79,31143,435
2020-11-23,Santa Cruz,087,273765,4536,4003,53,4056,25
2020-11-23,Shasta,089,179085,5288,4100,160,4260,43
2020-11-23,Sierra,091,2930,17,15,0,15,0
2020-11-23,Siskiyou,093,43540,622,460,28,488,0
2020-11-23,Solano,095,438530,10399,9394,63,9457,86
2020-11-23,Sonoma,097,501317,12288,11507,50,11557,160
2020-11-23,Stanislaus,099,539301,21847,20487,1324,21811,436
2020-11-23,Sutter,101,95872,3326,2840,10,2850,14
2020-11-23,Tehama,103,63373,1687,1526,21,1547,9
2020-11-23,Trinity,105,12862,260,120,22,142,0
2020-11-23,Tulare,107,460477,21500,19818,1283,21101,315
2020-11-23,Tuolumne,109,53932,1029,774,8,782,7
2020-11-23,Ventura,111,848112,20044,18480,617,19097,179
2020-11-23,Yolo,113,214977,4908,4265,15,4280,75
2020-11-23,Yuba,115,75493,1967,1702,7,1709,10
2020-11-22,Alameda,001,1643700,29469,27472,304,27776,444
2020-11-22,Alpine,003,1148,46,41,0,41,0
2020-11-22,Amador,005,37829,501,450,1,451,16
2020-11-22,Butte,007,227075,4035,3712,213,3925,61
2020-11-22,Calaveras,009,45235,473,434,0,434,21
2020-11-22,Colusa,011,21464,722,642,3,645,6
2020-11-22,Contra Costa,013,1133247,23927,22407,144,22551,260
2020-11-22,Del Norte,015,27424,312,271,0,271,2
2020-11-22,El Dorado,017,186661,2487,1917,34,1951,4
2020-11-22,Fresno,019,978130,41258,36315,1236,37551,488
2020-11-22,Glenn,021,27897,939,832,34,866,4
2020-11-22,Humboldt,023,135768,874,729,2,731,9
2020-11-22,Imperial,025,180216,16028,15109,36,15145,355
2020-11-22,Inyo,027,18085,295,279,5,284,15
2020-11-22,Kern,029,883053,40253,37904,1049,38953,463
2020-11-22,Kings,031,150075,10926,10035,128,10163,85
2020-11-22,Lake,033,64148,943,834,0,834,18
2020-11-22,Lassen,035,31185,1928,1211,6,1217,0
2020-11-22,Los Angeles,037,10098052,383163,360341,5378,365719,7438
2020-11-22,Madera,039,155013,6297,5745,127,5872,56
2020-11-22,Marin,041,260295,7708,7506,27,7533,135
2020-11-22,Mariposa,043,17540,124,95,1,96,2
2020-11-22,Mendocino,045,87422,1461,1285,5,1290,22
2020-11-22,Merced,047,269075,11576,10939,98,11037,169
2020-11-22,Modoc,049,8938,104,87,19,106,0
2020-11-22,Mono,051,14174,505,481,9,490,2
2020-11-22,Monterey,053,433212,15016,13887,249,14136,111
2020-11-22,Napa,055,140530,3124,2778,16,2794,17
2020-11-22,Nevada,057,99092,1250,1052,32,1084,9
2020-11-22,Orange,059,3164182,77154,69913,2275,72188,1546
2020-11-22,Placer,061,380077,6957,5880,123,6003,66
2020-11-22,Plumas,063,18699,201,172,0,172,0
2020-11-22,Riverside,065,2383286,88839,81565,1589,83154,1409
2020-11-22,Sacramento,067,1510023,36341,33421,110,33531,555
2020-11-22,San Benito,069,59416,1808,1704,11,1715,15
2020-11-22,San Bernardino,071,2135413,92622,83505,1399,84904,1224
2020-11-22,San Diego,073,3302833,78804,71649,2811,74460,968
2020-11-22,San Francisco,075,870044,15248,14515,90,14605,153
2020-11-22,San Joaquin,077,732212,26198,24619,471,25090,517
2020-11-22,San Luis Obispo,079,281455,6271,5664,97,5761,34
2020-11-22,San Mateo,081,765935,14197,13228,15,13243,170
2020-11-22,Santa Barbara,083,443738,11390,10946,190,11136,137
2020-11-22,Santa Clara,085,1922200,34366,30633,77,30710,434
2020-11-22,Santa Cruz,087,273765,4454,3896,46,3942,25
2020-11-22,Shasta,089,179085,5132,4100,142,4242,43
2020-11-22,Sierra,091,2930,17,13,0,13,0
2020-11-22,Siskiyou,093,43540,591,411,28,439,0
2020-11-22,Solano,095,438530,10225,9363,59,9422,86
2020-11-22,Sonoma,097,501317,12130,11415,48,11463,159
2020-11-22,Stanislaus,099,539301,21522,20223,1294,21517,436
2020-11-22,Sutter,101,95872,3209,2677,10,2687,13
2020-11-22,Tehama,103,63373,1650,1457,17,1474,9
2020-11-22,Trinity,105,12862,254,114,22,136,0
2020-11-22,Tulare,107,460477,21247,19818,1217,21035,314
2020-11-22,Tuolumne,109,53932,1003,689,8,697,7
2020-11-22,Ventura,111,848112,19683,18105,604,18709,179
2020-11-22,Yolo,113,214977,4808,4206,15,4221,75
2020-11-22,Yuba,115,75493,1914,1672,7,1679,10
2020-11-21,Alameda,001,1643700,29282,27424,302,27726,444
2020-11-21,Alpine,003,1148,46,41,0,41,0
2020-11-21,Amador,005,37829,487,450,1,451,16
2020-11-21,Butte,007,227075,3987,3664,210,3874,61
2020-11-21,Calaveras,009,45235,465,434,0,434,21
2020-11-21,Colusa,011,21464,713,642,3,645,6
2020-11-21,Contra Costa,013,1133247,23773,22338,142,22480,260
2020-11-21,Del Norte,015,27424,307,271,0,271,2
2020-11-21,El Dorado,017,186661,2438,1900,33,1933,4
2020-11-21,Fresno,019,978130,41003,35973,1201,37174,482
2020-11-21,Glenn,021,27897,934,829,32,861,4
2020-11-21,Humboldt,023,135768,864,728,2,730,9
2020-11-21,Imperial,025,180216,15948,15053,36,15089,355
2020-11-21,Inyo,027,18085,293,283,5,288,15
2020-11-21,Kern,029,883053,39997,37403,1014,38417,463
2020-11-21,Kings,031,150075,10878,10019,124,10143,85
2020-11-21,Lake,033,64148,930,832,0,832,18
2020-11-21,Lassen,035,31185,1861,1211,6,1217,0
2020-11-21,Los Angeles,037,10098052,379978,357754,5238,362992,7428
2020-11-21,Madera,039,155013,6259,5706,127,5833,56
2020-11-21,Marin,041,260295,7685,7488,26,7514,134
2020-11-21,Mariposa,043,17540,124,92,1,93,2
2020-11-21,Mendocino,045,87422,1430,1282,5,1287,22
2020-11-21,Merced,047,269075,11515,10849,97,10946,169
2020-11-21,Modoc,049,8938,100,87,18,105,0
2020-11-21,Mono,051,14174,500,469,9,478,2
2020-11-21,Monterey,053,433212,14918,13886,244,14130,110
2020-11-21,Napa,055,140530,3090,2757,16,2773,17
2020-11-21,Nevada,057,99092,1238,1018,31,1049,9
2020-11-21,Orange,059,3164182,76352,69021,2245,71266,1543
2020-11-21,Placer,061,380077,6843,5778,120,5898,65
2020-11-21,Plumas,063,18699,196,172,0,172,0
2020-11-21,Riverside,065,2383286,88062,80676,1543,82219,1407
2020-11-21,Sacramento,067,1510023,35945,33133,102,33235,548
2020-11-21,San Benito,069,59416,1789,1691,11,1702,15
2020-11-21,San Bernardino,071,2135413,91745,83206,1323,84529,1222
2020-11-21,San Diego,073,3302833,78025,70711,2756,73467,966
2020-11-21,San Francisco,075,870044,15144,14445,89,14534,153
2020-11-21,San Joaquin,077,732212,26065,24620,456,25076,517
2020-11-21,San Luis Obispo,079,281455,6218,5618,94,5712,34
2020-11-21,San Mateo,081,765935,14096,13138,15,13153,170
2020-11-21,Santa Barbara,083,443738,11338,10922,187,11109,137
2020-11-21,Santa Clara,085,1922200,33982,30377,74,30451,433
2020-11-21,Santa Cruz,087,273765,4397,3898,46,3944,25
2020-11-21,Shasta,089,179085,5059,4095,139,4234,42
2020-11-21,Sierra,091,2930,17,13,0,13,0
2020-11-21,Siskiyou,093,43540,575,403,28,431,0
2020-11-21,Solano,095,438530,10135,9290,56,9346,86
2020-11-21,Sonoma,097,501317,12055,11394,47,11441,158
2020-11-21,Stanislaus,099,539301,21379,20111,1270,21381,435
2020-11-21,Sutter,101,95872,3149,2615,9,2624,13
2020-11-21,Tehama,103,63373,1630,1435,16,1451,9
2020-11-21,Trinity,105,12862,251,110,22,132,0
2020-11-21,Tulare,107,460477,21120,19752,1183,20935,313
2020-11-21,Tuolumne,109,53932,984,690,8,698,7
2020-11-21,Ventura,111,848112,19520,18040,594,18634,177
2020-11-21,Yolo,113,214977,4734,4147,14,4161,75
2020-11-21,Yuba,115,75493,1882,1643,7,1650,10
2020-11-20,Alameda,001,1643700,29068,27221,295,27516,444
2020-11-20,Alpine,003,1148,46,20,0,20,0
2020-11-20,Amador,005,37829,483,446,1,447,16
2020-11-20,Butte,007,227075,3955,3618,206,3824,60
2020-11-20,Calaveras,009,45235,455,424,0,424,21
2020-11-20,Colusa,011,21464,705,631,2,633,6
2020-11-20,Contra Costa,013,1133247,23587,22116,138,22254,260
2020-11-20,Del Norte,015,27424,304,264,0,264,2
2020-11-20,El Dorado,017,186661,2342,1868,31,1899,4
2020-11-20,Fresno,019,978130,40709,35635,1172,36807,480
2020-11-20,Glenn,021,27897,922,826,30,856,4
2020-11-20,Humboldt,023,135768,855,714,1,715,9
2020-11-20,Imperial,025,180216,15884,14864,32,14896,353
2020-11-20,Inyo,027,18085,291,262,5,267,15
2020-11-20,Kern,029,883053,39703,37143,989,38132,462
2020-11-20,Kings,031,150075,10830,9903,123,10026,85
2020-11-20,Lake,033,64148,921,820,0,820,18
2020-11-20,Lassen,035,31185,1776,1212,5,1217,0
2020-11-20,Los Angeles,037,10098052,376081,353554,5076,358630,7398
2020-11-20,Madera,039,155013,6165,5635,126,5761,54
2020-11-20,Marin,041,260295,7661,7467,25,7492,134
2020-11-20,Mariposa,043,17540,116,89,1,90,2
2020-11-20,Mendocino,045,87422,1410,1269,5,1274,22
2020-11-20,Merced,047,269075,11429,10729,97,10826,167
2020-11-20,Modoc,049,8938,100,83,18,101,0
2020-11-20,Mono,051,14174,498,469,9,478,2
2020-11-20,Monterey,053,433212,14793,13738,235,13973,110
2020-11-20,Napa,055,140530,3060,2718,16,2734,17
2020-11-20,Nevada,057,99092,1220,990,30,1020,9
2020-11-20,Orange,059,3164182,75517,68212,2208,70420,1532
2020-11-20,Placer,061,380077,6708,5687,105,5792,66
2020-11-20,Plumas,063,18699,194,163,0,163,0
2020-11-20,Riverside,065,2383286,87051,79613,1483,81096,1405
2020-11-20,Sacramento,067,1510023,35569,32832,95,32927,549
2020-11-20,San Benito,069,59416,1777,1668,11,1679,15
2020-11-20,San Bernardino,071,2135413,90375,81203,1241,82444,1220
2020-11-20,San Diego,073,3302833,77027,69233,2674,71907,960
2020-11-20,San Francisco,075,870044,15041,14327,88,14415,153
2020-11-20,San Joaquin,077,732212,25912,24460,443,24903,515
2020-11-20,San Luis Obispo,079,281455,6163,5524,91,5615,34
2020-11-20,San Mateo,081,765935,13963,12980,14,12994,169
2020-11-20,Santa Barbara,083,443738,11282,10825,181,11006,136
2020-11-20,Santa Clara,085,1922200,33561,30002,69,30071,431
2020-11-20,Santa Cruz,087,273765,4332,3815,46,3861,25
2020-11-20,Shasta,089,179085,4986,3861,134,3995,42
2020-11-20,Sierra,091,2930,17,12,0,12,0
2020-11-20,Siskiyou,093,43540,561,387,27,414,0
2020-11-20,Solano,095,438530,10042,9216,54,9270,85
2020-11-20,Sonoma,097,501317,11971,11316,46,11362,158
2020-11-20,Stanislaus,099,539301,21222,19889,1244,21133,433
2020-11-20,Sutter,101,95872,3099,2580,9,2589,13
2020-11-20,Tehama,103,63373,1613,1410,13,1423,9
2020-11-20,Trinity,105,12862,250,102,22,124,0
2020-11-20,Tulare,107,460477,20987,19568,1145,20713,311
2020-11-20,Tuolumne,109,53932,945,662,8,670,7
2020-11-20,Ventura,111,848112,19352,17741,567,18308,175
2020-11-20,Yolo,113,214977,4655,4081,13,4094,74
2020-11-20,Yuba,115,75493,1854,1611,7,1618,10
2020-11-19,Alameda,001,1643700,28722,26971,287,27258,441
2020-11-19,Alpine,003,1148,43,20,0,20,0
2020-11-19,Amador,005,37829,479,436,1,437,16
2020-11-19,Butte,007,227075,3906,3576,198,3774,60
2020-11-19,Calaveras,009,45235,444,417,0,417,21
2020-11-19,Colusa,011,21464,687,621,2,623,6
2020-11-19,Contra Costa,013,1133247,23316,21886,135,22021,259
2020-11-19,Del Norte,015,27424,296,251,0,251,2
2020-11-19,El Dorado,017,186661,2268,1825,27,1852,4
2020-11-19,Fresno,019,978130,40259,35278,1116,36394,478
2020-11-19,Glenn,021,27897,900,806,29,835,4
2020-11-19,Humboldt,023,135768,835,693,1,694,9
2020-11-19,Imperial,025,180216,15674,14507,32,14539,349
2020-11-19,Inyo,027,18085,289,262,5,267,15
2020-11-19,Kern,029,883053,39283,36779,947,37726,459
2020-11-19,Kings,031,150075,10682,9763,116,9879,85
2020-11-19,Lake,033,64148,907,809,0,809,18
2020-11-19,Lassen,035,31185,1659,1201,3,1204,0
2020-11-19,Los Angeles,037,10098052,371054,349493,4912,354405,7365
2020-11-19,Madera,039,155013,6093,5540,118,5658,54
2020-11-19,Marin,041,260295,7630,7451,25,7476,134
2020-11-19,Mariposa,043,17540,109,88,0,88,2
2020-11-19,Mendocino,045,87422,1389,1237,5,1242,23
2020-11-19,Merced,047,269075,11289,10634,91,10725,167
2020-11-19,Modoc,049,8938,97,82,18,100,0
2020-11-19,Mono,051,14174,490,468,9,477,2
2020-11-19,Monterey,053,433212,14579,13369,224,13593,108
2020-11-19,Napa,055,140530,3006,2641,16,2657,17
2020-11-19,Nevada,057,99092,1179,945,29,974,9
2020-11-19,Orange,059,3164182,74252,66998,2166,69164,1530
2020-11-19,Placer,061,380077,6517,5612,104,5716,65
2020-11-19,Plumas,063,18699,189,158,0,158,0
2020-11-19,Riverside,065,2383286,85567,78535,1412,79947,1402
2020-11-19,Sacramento,067,1510023,35055,32367,93,32460,546
2020-11-19,San Benito,069,59416,1754,1643,11,1654,15
2020-11-19,San Bernardino,071,2135413,88477,79244,1163,80407,1215
2020-11-19,San Diego,073,3302833,75777,68142,2570,70712,952
2020-11-19,San Francisco,075,870044,14885,14178,82,14260,153
2020-11-19,San Joaquin,077,732212,25593,24270,433,24703,516
2020-11-19,San Luis Obispo,079,281455,6086,5410,87,5497,34
2020-11-19,San Mateo,081,765935,13825,12714,14,12728,169
2020-11-19,Santa Barbara,083,443738,11202,10741,178,10919,136
2020-11-19,Santa Clara,085,1922200,33007,29630,68,29698,424
2020-11-19,Santa Cruz,087,273765,4240,3679,44,3723,25
2020-11-19,Shasta,089,179085,4848,3685,124,3809,42
2020-11-19,Sierra,091,2930,17,11,0,11,0
2020-11-19,Siskiyou,093,43540,536,360,26,386,0
2020-11-19,Solano,095,438530,9905,9093,50,9143,84
2020-11-19,Sonoma,097,501317,11801,11205,44,11249,156
2020-11-19,Stanislaus,099,539301,20981,19736,1201,20937,433
2020-11-19,Sutter,101,95872,3000,2509,9,2518,13
2020-11-19,Tehama,103,63373,1578,1373,10,1383,9
2020-11-19,Trinity,105,12862,244,97,22,119,0
2020-11-19,Tulare,107,460477,20766,19384,1082,20466,304
2020-11-19,Tuolumne,109,53932,914,602,8,610,7
2020-11-19,Ventura,111,848112,18999,17300,554,17854,174
2020-11-19,Yolo,113,214977,4561,3973,13,3986,72
2020-11-19,Yuba,115,75493,1814,1568,7,1575,10
2020-11-18,Alameda,001,1643700,28458,26610,282,26892,440
2020-11-18,Alpine,003,1148,42,16,0,16,0
2020-11-18,Amador,005,37829,474,430,1,431,16
2020-11-18,Butte,007,227075,3853,3537,185,3722,59
2020-11-18,Calaveras,009,45235,438,409,0,409,21
2020-11-18,Colusa,011,21464,674,611,2,613,6
2020-11-18,Contra Costa,013,1133247,23052,21685,132,21817,258
2020-11-18,Del Norte,015,27424,284,240,0,240,2
2020-11-18,El Dorado,017,186661,2180,1799,26,1825,4
2020-11-18,Fresno,019,978130,39820,34997,1067,36064,474
2020-11-18,Glenn,021,27897,883,803,27,830,4
2020-11-18,Humboldt,023,135768,820,690,1,691,9
2020-11-18,Imperial,025,180216,15448,14428,32,14460,348
2020-11-18,Inyo,027,18085,287,262,5,267,15
2020-11-18,Kern,029,883053,38894,36537,898,37435,456
2020-11-18,Kings,031,150075,10534,9696,113,9809,85
2020-11-18,Lake,033,64148,895,802,0,802,18
2020-11-18,Lassen,035,31185,1559,1124,3,1127,0
2020-11-18,Los Angeles,037,10098052,366177,344675,4734,349409,7338
2020-11-18,Madera,039,155013,6006,5519,106,5625,54
2020-11-18,Marin,041,260295,7606,7435,25,7460,134
2020-11-18,Mariposa,043,17540,106,88,0,88,2
2020-11-18,Mendocino,045,87422,1369,1237,5,1242,23
2020-11-18,Merced,047,269075,11173,10536,90,10626,166
2020-11-18,Modoc,049,8938,94,77,18,95,0
2020-11-18,Mono,051,14174,485,468,9,477,2
2020-11-18,Monterey,053,433212,14384,13340,210,13550,108
2020-11-18,Napa,055,140530,2961,2607,16,2623,17
2020-11-18,Nevada,057,99092,1139,933,27,960,9
2020-11-18,Orange,059,3164182,73157,66381,2141,68522,1521
2020-11-18,Placer,061,380077,6339,5543,99,5642,64
2020-11-18,Plumas,063,18699,184,143,0,143,0
2020-11-18,Riverside,065,2383286,84104,77739,1311,79050,1387
2020-11-18,Sacramento,067,1510023,34430,31816,85,31901,541
2020-11-18,San Benito,069,59416,1729,1632,10,1642,15
2020-11-18,San Bernardino,071,2135413,86718,77400,1084,78484,1206
2020-11-18,San Diego,073,3302833,74483,67243,2510,69753,945
2020-11-18,San Francisco,075,870044,14741,14057,80,14137,153
2020-11-18,San Joaquin,077,732212,25331,24146,419,24565,517
2020-11-18,San Luis Obispo,079,281455,6010,5322,86,5408,34
2020-11-18,San Mateo,081,765935,13672,12631,13,12644,169
2020-11-18,Santa Barbara,083,443738,11123,10684,171,10855,136
2020-11-18,Santa Clara,085,1922200,32541,29285,64,29349,421
2020-11-18,Santa Cruz,087,273765,4151,3618,42,3660,25
2020-11-18,Shasta,089,179085,4714,3547,120,3667,42
2020-11-18,Sierra,091,2930,17,11,0,11,0
2020-11-18,Siskiyou,093,43540,504,351,25,376,0
2020-11-18,Solano,095,438530,9773,8994,48,9042,84
2020-11-18,Sonoma,097,501317,11694,11129,41,11170,155
2020-11-18,Stanislaus,099,539301,20739,19609,1177,20786,431
2020-11-18,Sutter,101,95872,2882,2442,9,2451,13
2020-11-18,Tehama,103,63373,1540,1338,10,1348,8
2020-11-18,Trinity,105,12862,230,95,21,116,0
2020-11-18,Tulare,107,460477,20555,19286,1031,20317,306
2020-11-18,Tuolumne,109,53932,879,590,8,598,7
2020-11-18,Ventura,111,848112,18674,17169,539,17708,173
2020-11-18,Yolo,113,214977,4488,3929,13,3942,71
2020-11-18,Yuba,115,75493,1760,1540,7,1547,10
2020-11-17,Alameda,001,1643700,28132,26425,272,26697,439
2020-11-17,Alpine,003,1148,40,12,0,12,0
2020-11-17,Amador,005,37829,463,423,1,424,16
2020-11-17,Butte,007,227075,3811,3500,174,3674,59
2020-11-17,Calaveras,009,45235,421,405,0,405,21
2020-11-17,Colusa,011,21464,663,606,1,607,6
2020-11-17,Contra Costa,013,1133247,22781,21557,127,21684,256
2020-11-17,Del Norte,015,27424,278,233,0,233,2
2020-11-17,El Dorado,017,186661,2121,1758,26,1784,4
2020-11-17,Fresno,019,978130,39220,34765,1008,35773,472
2020-11-17,Glenn,021,27897,872,795,26,821,4
2020-11-17,Humboldt,023,135768,798,685,1,686,9
2020-11-17,Imperial,025,180216,15210,14204,30,14234,346
2020-11-17,Inyo,027,18085,286,263,5,268,15
2020-11-17,Kern,029,883053,38445,36164,845,37009,455
2020-11-17,Kings,031,150075,10461,9653,105,9758,85
2020-11-17,Lake,033,64148,875,792,0,792,18
2020-11-17,Lassen,035,31185,1480,1124,3,1127,0
2020-11-17,Los Angeles,037,10098052,361225,340933,4576,345509,7302
2020-11-17,Madera,039,155013,5918,5485,99,5584,54
2020-11-17,Marin,041,260295,7574,7404,24,7428,134
2020-11-17,Mariposa,043,17540,103,87,0,87,2
2020-11-17,Mendocino,045,87422,1348,1216,5,1221,23
2020-11-17,Merced,047,269075,11029,10457,84,10541,162
2020-11-17,Modoc,049,8938,88,71,17,88,0
2020-11-17,Mono,051,14174,480,459,9,468,2
2020-11-17,Monterey,053,433212,14155,13220,200,13420,108
2020-11-17,Napa,055,140530,2907,2568,16,2584,17
2020-11-17,Nevada,057,99092,1098,918,26,944,9
2020-11-17,Orange,059,3164182,72005,65757,2115,67872,1519
2020-11-17,Placer,061,380077,6177,5435,93,5528,63
2020-11-17,Plumas,063,18699,176,142,0,142,0
2020-11-17,Riverside,065,2383286,82718,77079,1220,78299,1379
2020-11-17,Sacramento,067,1510023,33832,31341,81,31422,538
2020-11-17,San Benito,069,59416,1713,1611,4,1615,15
2020-11-17,San Bernardino,071,2135413,84909,76134,995,77129,1188
2020-11-17,San Diego,073,3302833,73230,66321,2454,68775,933
2020-11-17,San Francisco,075,870044,14575,13952,79,14031,153
2020-11-17,San Joaquin,077,732212,25055,23997,399,24396,516
2020-11-17,San Luis Obispo,079,281455,5914,5235,86,5321,34
2020-11-17,San Mateo,081,765935,13511,12491,12,12503,169
2020-11-17,Santa Barbara,083,443738,11038,10597,166,10763,136
2020-11-17,Santa Clara,085,1922200,31993,29013,63,29076,419
2020-11-17,Santa Cruz,087,273765,4065,3548,39,3587,25
2020-11-17,Shasta,089,179085,4556,3457,108,3565,40
2020-11-17,Sierra,091,2930,15,11,0,11,0
2020-11-17,Siskiyou,093,43540,456,333,24,357,0
2020-11-17,Solano,095,438530,9628,8905,47,8952,84
2020-11-17,Sonoma,097,501317,11560,11084,40,11124,155
2020-11-17,Stanislaus,099,539301,20516,19466,1150,20616,425
2020-11-17,Sutter,101,95872,2799,2370,8,2378,12
2020-11-17,Tehama,103,63373,1487,1290,10,1300,7
2020-11-17,Trinity,105,12862,213,83,21,104,0
2020-11-17,Tulare,107,460477,20327,19176,970,20146,305
2020-11-17,Tuolumne,109,53932,840,568,8,576,7
2020-11-17,Ventura,111,848112,18402,16797,521,17318,173
2020-11-17,Yolo,113,214977,4312,3887,12,3899,70
2020-11-17,Yuba,115,75493,1712,1519,7,1526,10
2020-11-16,Alameda,001,1643700,27785,26063,267,26330,436
2020-11-16,Alpine,003,1148,37,12,0,12,0
2020-11-16,Amador,005,37829,455,414,1,415,16
2020-11-16,Butte,007,227075,3772,3490,166,3656,58
2020-11-16,Calaveras,009,45235,413,402,0,402,21
2020-11-16,Colusa,011,21464,654,601,1,602,6
2020-11-16,Contra Costa,013,1133247,22515,21386,122,21508,256
2020-11-16,Del Norte,015,27424,271,225,0,225,2
2020-11-16,El Dorado,017,186661,2061,1694,24,1718,4
2020-11-16,Fresno,019,978130,38730,34593,956,35549,471
2020-11-16,Glenn,021,27897,860,786,25,811,4
2020-11-16,Humboldt,023,135768,782,660,1,661,9
2020-11-16,Imperial,025,180216,14962,14111,30,14141,346
2020-11-16,Inyo,027,18085,283,263,5,268,15
2020-11-16,Kern,029,883053,38050,36049,803,36852,455
2020-11-16,Kings,031,150075,10194,9569,101,9670,85
2020-11-16,Lake,033,64148,864,784,0,784,18
2020-11-16,Lassen,035,31185,1299,1124,3,1127,0
2020-11-16,Los Angeles,037,10098052,356470,338778,4407,343185,7277
2020-11-16,Madera,039,155013,5833,5433,93,5526,54
2020-11-16,Marin,041,260295,7543,7359,24,7383,134
2020-11-16,Mariposa,043,17540,100,86,0,86,2
2020-11-16,Mendocino,045,87422,1323,1209,5,1214,23
2020-11-16,Merced,047,269075,10891,10399,81,10480,162
2020-11-16,Modoc,049,8938,86,71,17,88,0
2020-11-16,Mono,051,14174,478,453,9,462,2
2020-11-16,Monterey,053,433212,13909,13089,190,13279,107
2020-11-16,Napa,055,140530,2833,2536,16,2552,17
2020-11-16,Nevada,057,99092,1055,889,24,913,9
2020-11-16,Orange,059,3164182,70910,65396,2101,67497,1519
2020-11-16,Placer,061,380077,6058,5387,85,5472,63
2020-11-16,Plumas,063,18699,169,127,0,127,0
2020-11-16,Riverside,065,2383286,81344,76449,1156,77605,1379
2020-11-16,Sacramento,067,1510023,33193,30954,74,31028,534
2020-11-16,San Benito,069,59416,1695,1603,3,1606,15
2020-11-16,San Bernardino,071,2135413,83082,74401,929,75330,1186
2020-11-16,San Diego,073,3302833,71919,65603,2382,67985,926
2020-11-16,San Francisco,075,870044,14417,13847,76,13923,153
2020-11-16,San Joaquin,077,732212,24766,23515,389,23904,513
2020-11-16,San Luis Obispo,079,281455,5811,5161,82,5243,34
2020-11-16,San Mateo,081,765935,13351,12398,12,12410,169
2020-11-16,Santa Barbara,083,443738,10973,10565,162,10727,135
2020-11-16,Santa Clara,085,1922200,31431,28673,62,28735,419
2020-11-16,Santa Cruz,087,273765,3992,3520,39,3559,25
2020-11-16,Shasta,089,179085,4408,3284,103,3387,37
2020-11-16,Sierra,091,2930,15,11,0,11,0
2020-11-16,Siskiyou,093,43540,429,294,24,318,0
2020-11-16,Solano,095,438530,9429,8827,47,8874,84
2020-11-16,Sonoma,097,501317,11469,10961,39,11000,155
2020-11-16,Stanislaus,099,539301,20279,19333,1123,20456,425
2020-11-16,Sutter,101,95872,2693,2322,8,2330,12
2020-11-16,Tehama,103,63373,1442,1261,7,1268,7
2020-11-16,Trinity,105,12862,201,67,21,88,0
2020-11-16,Tulare,107,460477,20149,18891,917,19808,305
2020-11-16,Tuolumne,109,53932,803,543,8,551,7
2020-11-16,Ventura,111,848112,18064,16691,513,17204,172
2020-11-16,Yolo,113,214977,4217,3858,12,3870,70
2020-11-16,Yuba,115,75493,1676,1500,6,1506,10
2020-11-15,Alameda,001,1643700,27468,25879,262,26141,436
2020-11-15,Alpine,003,1148,35,12,0,12,0
2020-11-15,Amador,005,37829,443,409,1,410,16
2020-11-15,Butte,007,227075,3718,3452,157,3609,58
2020-11-15,Calaveras,009,45235,398,386,0,386,21
2020-11-15,Colusa,011,21464,645,601,1,602,6
2020-11-15,Contra Costa,013,1133247,22217,21179,121,21300,256
2020-11-15,Del Norte,015,27424,257,224,0,224,2
2020-11-15,El Dorado,017,186661,1999,1683,23,1706,4
2020-11-15,Fresno,019,978130,38217,34297,918,35215,471
2020-11-15,Glenn,021,27897,848,783,24,807,4
2020-11-15,Humboldt,023,135768,754,653,1,654,9
2020-11-15,Imperial,025,180216,14727,13940,30,13970,346
2020-11-15,Inyo,027,18085,273,263,5,268,15
2020-11-15,Kern,029,883053,37644,35911,768,36679,455
2020-11-15,Kings,031,150075,10001,9533,98,9631,85
2020-11-15,Lake,033,64148,854,777,0,777,17
2020-11-15,Lassen,035,31185,1252,1124,3,1127,0
2020-11-15,Los Angeles,037,10098052,351423,336035,4238,340273,7271
2020-11-15,Madera,039,155013,5735,5391,87,5478,54
2020-11-15,Marin,041,260295,7516,7347,24,7371,133
2020-11-15,Mariposa,043,17540,97,86,0,86,2
2020-11-15,Mendocino,045,87422,1304,1197,5,1202,22
2020-11-15,Merced,047,269075,10758,10350,81,10431,162
2020-11-15,Modoc,049,8938,85,68,17,85,0
2020-11-15,Mono,051,14174,476,453,9,462,2
2020-11-15,Monterey,053,433212,13713,12999,177,13176,107
2020-11-15,Napa,055,140530,2774,2509,14,2523,17
2020-11-15,Nevada,057,99092,999,859,24,883,9
2020-11-15,Orange,059,3164182,69867,65008,2085,67093,1519
2020-11-15,Placer,061,380077,5903,5330,77,5407,63
2020-11-15,Plumas,063,18699,163,127,0,127,0
2020-11-15,Riverside,065,2383286,80022,75531,1098,76629,1374
2020-11-15,Sacramento,067,1510023,32567,30601,69,30670,534
2020-11-15,San Benito,069,59416,1670,1589,2,1591,15
2020-11-15,San Bernardino,071,2135413,80933,73769,854,74623,1185
2020-11-15,San Diego,073,3302833,70418,64770,2325,67095,926
2020-11-15,San Francisco,075,870044,14241,13757,75,13832,153
2020-11-15,San Joaquin,077,732212,24556,23516,374,23890,513
2020-11-15,San Luis Obispo,079,281455,5690,5120,80,5200,34
2020-11-15,San Mateo,081,765935,13174,12348,12,12360,169
2020-11-15,Santa Barbara,083,443738,10878,10516,160,10676,135
2020-11-15,Santa Clara,085,1922200,30973,28289,61,28350,418
2020-11-15,Santa Cruz,087,273765,3851,3439,38,3477,25
2020-11-15,Shasta,089,179085,4235,3290,94,3384,37
2020-11-15,Sierra,091,2930,15,11,0,11,0
2020-11-15,Siskiyou,093,43540,410,294,24,318,0
2020-11-15,Solano,095,438530,9268,8713,44,8757,84
2020-11-15,Sonoma,097,501317,11351,10833,38,10871,154
2020-11-15,Stanislaus,099,539301,20005,19228,1098,20326,425
2020-11-15,Sutter,101,95872,2603,2230,8,2238,12
2020-11-15,Tehama,103,63373,1391,1222,6,1228,7
2020-11-15,Trinity,105,12862,191,67,19,86,0
2020-11-15,Tulare,107,460477,19931,18891,865,19756,305
2020-11-15,Tuolumne,109,53932,761,486,8,494,7
2020-11-15,Ventura,111,848112,17790,16564,505,17069,172
2020-11-15,Yolo,113,214977,4114,3819,12,3831,67
2020-11-15,Yuba,115,75493,1635,1470,5,1475,10
2020-11-14,Alameda,001,1643700,27201,25714,260,25974,435
2020-11-14,Alpine,003,1148,35,12,0,12,0
2020-11-14,Amador,005,37829,434,404,0,404,16
2020-11-14,Butte,007,227075,3682,3434,143,3577,58
2020-11-14,Calaveras,009,45235,397,386,0,386,21
2020-11-14,Colusa,011,21464,633,601,1,602,6
2020-11-14,Contra Costa,013,1133247,22075,20975,114,21089,256
2020-11-14,Del Norte,015,27424,250,219,0,219,2
2020-11-14,El Dorado,017,186661,1955,1648,23,1671,4
2020-11-14,Fresno,019,978130,37967,33969,882,34851,471
2020-11-14,Glenn,021,27897,839,772,21,793,3
2020-11-14,Humboldt,023,135768,739,643,1,644,9
2020-11-14,Imperial,025,180216,14634,13932,29,13961,346
2020-11-14,Inyo,027,18085,272,263,5,268,15
2020-11-14,Kern,029,883053,37434,35626,749,36375,454
2020-11-14,Kings,031,150075,9966,9490,95,9585,85
2020-11-14,Lake,033,64148,845,773,0,773,17
2020-11-14,Lassen,035,31185,1238,833,3,836,0
2020-11-14,Los Angeles,037,10098052,348717,333021,4129,337150,7269
2020-11-14,Madera,039,155013,5704,5371,85,5456,54
2020-11-14,Marin,041,260295,7499,7325,24,7349,133
2020-11-14,Mariposa,043,17540,96,86,0,86,2
2020-11-14,Mendocino,045,87422,1288,1181,5,1186,22
2020-11-14,Merced,047,269075,10702,10286,79,10365,161
2020-11-14,Modoc,049,8938,84,64,16,80,0
2020-11-14,Mono,051,14174,476,453,9,462,2
2020-11-14,Monterey,053,433212,13617,12854,167,13021,105
2020-11-14,Napa,055,140530,2740,2473,14,2487,17
2020-11-14,Nevada,057,99092,983,835,24,859,9
2020-11-14,Orange,059,3164182,69245,64340,2074,66414,1517
2020-11-14,Placer,061,380077,5827,5215,71,5286,63
2020-11-14,Plumas,063,18699,158,128,0,128,0
2020-11-14,Riverside,065,2383286,79282,74910,1059,75969,1373
2020-11-14,Sacramento,067,1510023,32242,30298,69,30367,532
2020-11-14,San Benito,069,59416,1655,1573,2,1575,15
2020-11-14,San Bernardino,071,2135413,79998,72868,823,73691,1184
2020-11-14,San Diego,073,3302833,69653,63715,2273,65988,926
2020-11-14,San Francisco,075,870044,14154,13661,74,13735,153
2020-11-14,San Joaquin,077,732212,24463,23516,367,23883,511
2020-11-14,San Luis Obispo,079,281455,5627,5073,75,5148,34
2020-11-14,San Mateo,081,765935,13066,12293,12,12305,169
2020-11-14,Santa Barbara,083,443738,10824,10482,158,10640,135
2020-11-14,Santa Clara,085,1922200,30688,27962,59,28021,416
2020-11-14,Santa Cruz,087,273765,3796,3402,38,3440,25
2020-11-14,Shasta,089,179085,4154,3195,92,3287,37
2020-11-14,Sierra,091,2930,15,11,0,11,0
2020-11-14,Siskiyou,093,43540,397,292,24,316,0
2020-11-14,Solano,095,438530,9189,8655,44,8699,84
2020-11-14,Sonoma,097,501317,11298,10769,38,10807,154
2020-11-14,Stanislaus,099,539301,19862,19068,1076,20144,424
2020-11-14,Sutter,101,95872,2558,2182,8,2190,12
2020-11-14,Tehama,103,63373,1369,1206,5,1211,7
2020-11-14,Trinity,105,12862,186,67,19,86,0
2020-11-14,Tulare,107,460477,19838,18853,837,19690,305
2020-11-14,Tuolumne,109,53932,733,448,8,456,7
2020-11-14,Ventura,111,848112,17644,16297,494,16791,172
2020-11-14,Yolo,113,214977,4070,3765,10,3775,65
2020-11-14,Yuba,115,75493,1606,1453,5,1458,10
2020-11-13,Alameda,001,1643700,26985,25515,255,25770,434
2020-11-13,Alpine,003,1148,35,12,0,12,0
2020-11-13,Amador,005,37829,431,397,0,397,16
2020-11-13,Butte,007,227075,3658,3402,133,3535,58
2020-11-13,Calaveras,009,45235,393,378,0,378,21
2020-11-13,Colusa,011,21464,625,598,1,599,6
2020-11-13,Contra Costa,013,1133247,21901,20799,114,20913,256
2020-11-13,Del Norte,015,27424,247,208,0,208,2
2020-11-13,El Dorado,017,186661,1910,1611,22,1633,4
2020-11-13,Fresno,019,978130,37721,33693,868,34561,470
2020-11-13,Glenn,021,27897,825,755,17,772,3
2020-11-13,Humboldt,023,135768,724,638,1,639,9
2020-11-13,Imperial,025,180216,14563,13790,28,13818,341
2020-11-13,Inyo,027,18085,271,262,5,267,15
2020-11-13,Kern,029,883053,37232,35431,732,36163,453
2020-11-13,Kings,031,150075,9907,9428,94,9522,85
2020-11-13,Lake,033,64148,839,770,0,770,17
2020-11-13,Lassen,035,31185,1229,832,3,835,0
2020-11-13,Los Angeles,037,10098052,345588,329364,4026,333390,7248
2020-11-13,Madera,039,155013,5664,5340,84,5424,54
2020-11-13,Marin,041,260295,7486,7307,23,7330,133
2020-11-13,Mariposa,043,17540,94,86,0,86,2
2020-11-13,Mendocino,045,87422,1276,1173,5,1178,22
2020-11-13,Merced,047,269075,10646,10185,76,10261,159
2020-11-13,Modoc,049,8938,84,63,14,77,0
2020-11-13,Mono,051,14174,476,448,8,456,2
2020-11-13,Monterey,053,433212,13422,12681,155,12836,104
2020-11-13,Napa,055,140530,2701,2440,14,2454,17
2020-11-13,Nevada,057,99092,964,798,24,822,9
2020-11-13,Orange,059,3164182,68646,63804,2054,65858,1514
2020-11-13,Placer,061,380077,5722,5122,65,5187,63
2020-11-13,Plumas,063,18699,152,125,0,125,0
2020-11-13,Riverside,065,2383286,78543,74138,1030,75168,1372
2020-11-13,Sacramento,067,1510023,31923,29787,65,29852,524
2020-11-13,San Benito,069,59416,1643,1553,1,1554,15
2020-11-13,San Bernardino,071,2135413,78950,71895,802,72697,1184
2020-11-13,San Diego,073,3302833,68806,62978,2235,65213,921
2020-11-13,San Francisco,075,870044,14060,13516,72,13588,146
2020-11-13,San Joaquin,077,732212,24368,23314,361,23675,510
2020-11-13,San Luis Obispo,079,281455,5560,4960,72,5032,34
2020-11-13,San Mateo,081,765935,12973,12182,12,12194,169
2020-11-13,Santa Barbara,083,443738,10772,10405,156,10561,134
2020-11-13,Santa Clara,085,1922200,30360,27609,57,27666,415
2020-11-13,Santa Cruz,087,273765,3722,3343,38,3381,25
2020-11-13,Shasta,089,179085,4070,2983,88,3071,37
2020-11-13,Sierra,091,2930,15,11,0,11,0
2020-11-13,Siskiyou,093,43540,392,280,23,303,0
2020-11-13,Solano,095,438530,9099,8525,44,8569,84
2020-11-13,Sonoma,097,501317,11237,10685,36,10721,151
2020-11-13,Stanislaus,099,539301,19736,18936,1049,19985,422
2020-11-13,Sutter,101,95872,2512,2121,7,2128,12
2020-11-13,Tehama,103,63373,1342,1167,5,1172,7
2020-11-13,Trinity,105,12862,184,64,19,83,0
2020-11-13,Tulare,107,460477,19714,18714,797,19511,305
2020-11-13,Tuolumne,109,53932,700,427,8,435,7
2020-11-13,Ventura,111,848112,17498,16172,480,16652,171
2020-11-13,Yolo,113,214977,4019,3716,10,3726,65
2020-11-13,Yuba,115,75493,1579,1435,5,1440,10
2020-11-12,Alameda,001,1643700,26718,25345,255,25600,432
2020-11-12,Alpine,003,1148,34,12,0,12,0
2020-11-12,Amador,005,37829,430,392,0,392,16
2020-11-12,Butte,007,227075,3609,3347,130,3477,58
2020-11-12,Calaveras,009,45235,388,373,0,373,21
2020-11-12,Colusa,011,21464,620,591,1,592,6
2020-11-12,Contra Costa,013,1133247,21692,20619,113,20732,255
2020-11-12,Del Norte,015,27424,239,203,0,203,2
2020-11-12,El Dorado,017,186661,1864,1573,18,1591,4
2020-11-12,Fresno,019,978130,37372,33459,827,34286,468
2020-11-12,Glenn,021,27897,806,727,17,744,3
2020-11-12,Humboldt,023,135768,711,625,1,626,9
2020-11-12,Imperial,025,180216,14398,13619,28,13647,341
2020-11-12,Inyo,027,18085,270,255,5,260,15
2020-11-12,Kern,029,883053,36968,35207,718,35925,451
2020-11-12,Kings,031,150075,9840,9335,93,9428,85
2020-11-12,Lake,033,64148,830,764,0,764,17
2020-11-12,Lassen,035,31185,1160,832,2,834,0
2020-11-12,Los Angeles,037,10098052,341844,327001,3928,330929,7223
2020-11-12,Madera,039,155013,5629,5273,80,5353,54
2020-11-12,Marin,041,260295,7457,7268,23,7291,133
2020-11-12,Mariposa,043,17540,92,84,0,84,2
2020-11-12,Mendocino,045,87422,1257,1142,5,1147,22
2020-11-12,Merced,047,269075,10532,10107,73,10180,158
2020-11-12,Modoc,049,8938,84,63,14,77,0
2020-11-12,Mono,051,14174,475,442,8,450,2
2020-11-12,Monterey,053,433212,13301,12489,141,12630,100
2020-11-12,Napa,055,140530,2639,2398,14,2412,16
2020-11-12,Nevada,057,99092,942,780,23,803,9
2020-11-12,Orange,059,3164182,67901,63232,2035,65267,1514
2020-11-12,Placer,061,380077,5613,5044,56,5100,62
2020-11-12,Plumas,063,18699,148,121,0,121,0
2020-11-12,Riverside,065,2383286,77610,73381,987,74368,1362
2020-11-12,Sacramento,067,1510023,31432,29459,57,29516,520
2020-11-12,San Benito,069,59416,1623,1525,1,1526,15
2020-11-12,San Bernardino,071,2135413,77584,70758,763,71521,1183
2020-11-12,San Diego,073,3302833,67826,62336,2184,64520,918
2020-11-12,San Francisco,075,870044,13961,13289,71,13360,146
2020-11-12,San Joaquin,077,732212,24174,23002,340,23342,509
2020-11-12,San Luis Obispo,079,281455,5496,4898,71,4969,33
2020-11-12,San Mateo,081,765935,12848,12086,11,12097,169
2020-11-12,Santa Barbara,083,443738,10710,10325,151,10476,134
2020-11-12,Santa Clara,085,1922200,29983,27261,56,27317,414
2020-11-12,Santa Cruz,087,273765,3639,3317,36,3353,25
2020-11-12,Shasta,089,179085,3933,2825,77,2902,37
2020-11-12,Sierra,091,2930,15,11,0,11,0
2020-11-12,Siskiyou,093,43540,375,275,19,294,0
2020-11-12,Solano,095,438530,8999,8417,43,8460,85
2020-11-12,Sonoma,097,501317,11135,10602,35,10637,151
2020-11-12,Stanislaus,099,539301,19566,18787,1020,19807,422
2020-11-12,Sutter,101,95872,2429,2075,6,2081,12
2020-11-12,Tehama,103,63373,1314,1117,5,1122,7
2020-11-12,Trinity,105,12862,176,62,18,80,0
2020-11-12,Tulare,107,460477,19601,18545,759,19304,305
2020-11-12,Tuolumne,109,53932,661,353,8,361,7
2020-11-12,Ventura,111,848112,17248,16013,474,16487,158
2020-11-12,Yolo,113,214977,3976,3646,10,3656,63
2020-11-12,Yuba,115,75493,1544,1410,5,1415,10
2020-11-11,Alameda,001,1643700,26474,25140,253,25393,429
2020-11-11,Alpine,003,1148,29,12,0,12,0
2020-11-11,Amador,005,37829,423,389,0,389,16
2020-11-11,Butte,007,227075,3583,3348,117,3465,58
2020-11-11,Calaveras,009,45235,378,373,0,373,21
2020-11-11,Colusa,011,21464,614,591,1,592,6
2020-11-11,Contra Costa,013,1133247,21475,20452,111,20563,255
2020-11-11,Del Norte,015,27424,231,203,0,203,2
2020-11-11,El Dorado,017,186661,1818,1564,17,1581,4
2020-11-11,Fresno,019,978130,37054,33287,792,34079,468
2020-11-11,Glenn,021,27897,790,722,16,738,3
2020-11-11,Humboldt,023,135768,697,623,1,624,9
2020-11-11,Imperial,025,180216,14228,13623,26,13649,340
2020-11-11,Inyo,027,18085,268,255,5,260,15
2020-11-11,Kern,029,883053,36693,35014,701,35715,449
2020-11-11,Kings,031,150075,9734,9263,90,9353,85
2020-11-11,Lake,033,64148,819,763,0,763,17
2020-11-11,Lassen,035,31185,1135,831,2,833,0
2020-11-11,Los Angeles,037,10098052,338475,324567,3846,328413,7220
2020-11-11,Madera,039,155013,5595,5248,79,5327,54
2020-11-11,Marin,041,260295,7435,7268,23,7291,133
2020-11-11,Mariposa,043,17540,92,84,0,84,2
2020-11-11,Mendocino,045,87422,1245,1142,5,1147,22
2020-11-11,Merced,047,269075,10461,10074,71,10145,157
2020-11-11,Modoc,049,8938,80,62,13,75,0
2020-11-11,Mono,051,14174,473,443,8,451,2
2020-11-11,Monterey,053,433212,13158,12417,137,12554,100
2020-11-11,Napa,055,140530,2590,2365,12,2377,15
2020-11-11,Nevada,057,99092,900,741,23,764,9
2020-11-11,Orange,059,3164182,67261,62929,2011,64940,1506
2020-11-11,Placer,061,380077,5529,4981,48,5029,60
2020-11-11,Plumas,063,18699,146,111,0,111,0
2020-11-11,Riverside,065,2383286,76708,72953,941,73894,1361
2020-11-11,Sacramento,067,1510023,30975,28968,55,29023,520
2020-11-11,San Benito,069,59416,1609,1512,1,1513,15
2020-11-11,San Bernardino,071,2135413,76298,70374,737,71111,1182
2020-11-11,San Diego,073,3302833,66891,61746,2123,63869,918
2020-11-11,San Francisco,075,870044,13854,13287,70,13357,146
2020-11-11,San Joaquin,077,732212,24014,23001,335,23336,509
2020-11-11,San Luis Obispo,079,281455,5421,4832,68,4900,33
2020-11-11,San Mateo,081,765935,12734,12008,11,12019,169
2020-11-11,Santa Barbara,083,443738,10644,10278,151,10429,134
2020-11-11,Santa Clara,085,1922200,29632,27075,55,27130,413
2020-11-11,Santa Cruz,087,273765,3571,3247,36,3283,25
2020-11-11,Shasta,089,179085,3810,2766,67,2833,36
2020-11-11,Sierra,091,2930,13,11,0,11,0
2020-11-11,Siskiyou,093,43540,344,261,16,277,0
2020-11-11,Solano,095,438530,8880,8353,41,8394,85
2020-11-11,Sonoma,097,501317,11061,10498,35,10533,150
2020-11-11,Stanislaus,099,539301,19429,18671,990,19661,422
2020-11-11,Sutter,101,95872,2381,2049,5,2054,12
2020-11-11,Tehama,103,63373,1270,1105,4,1109,7
2020-11-11,Trinity,105,12862,165,62,18,80,0
2020-11-11,Tulare,107,460477,19470,18500,729,19229,305
2020-11-11,Tuolumne,109,53932,606,354,7,361,7
2020-11-11,Ventura,111,848112,17033,15801,461,16262,158
2020-11-11,Yolo,113,214977,3925,3606,10,3616,63
2020-11-11,Yuba,115,75493,1529,1400,5,1405,10
2020-11-10,Alameda,001,1643700,26244,25008,250,25258,424
2020-11-10,Alpine,003,1148,29,9,0,9,0
2020-11-10,Amador,005,37829,417,384,0,384,16
2020-11-10,Butte,007,227075,3547,3327,113,3440,58
2020-11-10,Calaveras,009,45235,374,367,0,367,21
2020-11-10,Colusa,011,21464,606,590,1,591,6
2020-11-10,Contra Costa,013,1133247,21269,20326,109,20435,255
2020-11-10,Del Norte,015,27424,225,196,0,196,2
2020-11-10,El Dorado,017,186661,1758,1551,17,1568,4
2020-11-10,Fresno,019,978130,36783,33024,756,33780,465
2020-11-10,Glenn,021,27897,782,719,12,731,3
2020-11-10,Humboldt,023,135768,680,610,1,611,9
2020-11-10,Imperial,025,180216,14098,13570,26,13596,338
2020-11-10,Inyo,027,18085,267,252,5,257,14
2020-11-10,Kern,029,883053,36417,34858,682,35540,448
2020-11-10,Kings,031,150075,9687,9236,83,9319,85
2020-11-10,Lake,033,64148,809,762,0,762,16
2020-11-10,Lassen,035,31185,1120,830,2,832,0
2020-11-10,Los Angeles,037,10098052,335224,322569,3732,326301,7205
2020-11-10,Madera,039,155013,5553,5229,73,5302,54
2020-11-10,Marin,041,260295,7416,7259,23,7282,133
2020-11-10,Mariposa,043,17540,90,84,0,84,2
2020-11-10,Mendocino,045,87422,1237,1137,5,1142,22
2020-11-10,Merced,047,269075,10399,9992,65,10057,157
2020-11-10,Modoc,049,8938,78,61,13,74,0
2020-11-10,Mono,051,14174,471,443,8,451,2
2020-11-10,Monterey,053,433212,13023,12335,129,12464,100
2020-11-10,Napa,055,140530,2552,2341,10,2351,15
2020-11-10,Nevada,057,99092,884,734,23,757,9
2020-11-10,Orange,059,3164182,66709,62597,2001,64598,1504
2020-11-10,Placer,061,380077,5449,4902,47,4949,60
2020-11-10,Plumas,063,18699,142,108,0,108,0
2020-11-10,Riverside,065,2383286,76066,72316,916,73232,1359
2020-11-10,Sacramento,067,1510023,30568,28677,52,28729,519
2020-11-10,San Benito,069,59416,1594,1508,1,1509,15
2020-11-10,San Bernardino,071,2135413,75129,69666,704,70370,1182
2020-11-10,San Diego,073,3302833,66000,61085,2086,63171,915
2020-11-10,San Francisco,075,870044,13738,13210,70,13280,146
2020-11-10,San Joaquin,077,732212,23849,22865,328,23193,508
2020-11-10,San Luis Obispo,079,281455,5358,4780,65,4845,33
2020-11-10,San Mateo,081,765935,12634,11939,11,11950,169
2020-11-10,Santa Barbara,083,443738,10577,10252,147,10399,134
2020-11-10,Santa Clara,085,1922200,29284,26917,54,26971,409
2020-11-10,Santa Cruz,087,273765,3509,3221,36,3257,25
2020-11-10,Shasta,089,179085,3667,2686,59,2745,36
2020-11-10,Sierra,091,2930,12,10,0,10,0
2020-11-10,Siskiyou,093,43540,327,263,15,278,0
2020-11-10,Solano,095,438530,8783,8299,41,8340,85
2020-11-10,Sonoma,097,501317,10974,10414,35,10449,150
2020-11-10,Stanislaus,099,539301,19296,18592,966,19558,420
2020-11-10,Sutter,101,95872,2286,2035,4,2039,12
2020-11-10,Tehama,103,63373,1245,1099,3,1102,7
2020-11-10,Trinity,105,12862,156,62,16,78,0
2020-11-10,Tulare,107,460477,19355,18430,705,19135,305
2020-11-10,Tuolumne,109,53932,557,353,7,360,7
2020-11-10,Ventura,111,848112,16850,15625,459,16084,158
2020-11-10,Yolo,113,214977,3864,3573,10,3583,63
2020-11-10,Yuba,115,75493,1506,1392,5,1397,10
2020-11-09,Alameda,001,1643700,25998,24899,246,25145,424
2020-11-09,Alpine,003,1148,27,6,0,6,0
2020-11-09,Amador,005,37829,408,380,0,380,16
2020-11-09,Butte,007,227075,3502,3301,104,3405,57
2020-11-09,Calaveras,009,45235,370,360,0,360,21
2020-11-09,Colusa,011,21464,600,583,1,584,6
2020-11-09,Contra Costa,013,1133247,21095,20193,107,20300,255
2020-11-09,Del Norte,015,27424,219,195,0,195,2
2020-11-09,El Dorado,017,186661,1717,1515,17,1532,4
2020-11-09,Fresno,019,978130,36473,32755,716,33471,465
2020-11-09,Glenn,021,27897,776,714,9,723,3
2020-11-09,Humboldt,023,135768,667,607,1,608,9
2020-11-09,Imperial,025,180216,13979,13508,25,13533,338
2020-11-09,Inyo,027,18085,267,252,5,257,14
2020-11-09,Kern,029,883053,36187,34764,646,35410,448
2020-11-09,Kings,031,150075,9617,9141,81,9222,84
2020-11-09,Lake,033,64148,800,755,0,755,16
2020-11-09,Lassen,035,31185,1024,799,2,801,0
2020-11-09,Los Angeles,037,10098052,332125,320370,3657,324027,7180
2020-11-09,Madera,039,155013,5507,5209,70,5279,54
2020-11-09,Marin,041,260295,7390,7237,22,7259,131
2020-11-09,Mariposa,043,17540,90,84,0,84,2
2020-11-09,Mendocino,045,87422,1225,1132,5,1137,22
2020-11-09,Merced,047,269075,10296,9922,62,9984,157
2020-11-09,Modoc,049,8938,74,54,12,66,0
2020-11-09,Mono,051,14174,468,352,8,360,2
2020-11-09,Monterey,053,433212,12876,12148,121,12269,98
2020-11-09,Napa,055,140530,2509,2309,10,2319,15
2020-11-09,Nevada,057,99092,847,729,22,751,9
2020-11-09,Orange,059,3164182,66067,62335,1988,64323,1501
2020-11-09,Placer,061,380077,5364,4843,36,4879,60
2020-11-09,Plumas,063,18699,135,102,0,102,0
2020-11-09,Riverside,065,2383286,75284,72059,882,72941,1346
2020-11-09,Sacramento,067,1510023,30096,28200,51,28251,516
2020-11-09,San Benito,069,59416,1585,1506,1,1507,15
2020-11-09,San Bernardino,071,2135413,74075,69015,661,69676,1182
2020-11-09,San Diego,073,3302833,65145,60572,2046,62618,908
2020-11-09,San Francisco,075,870044,13618,12984,67,13051,146
2020-11-09,San Joaquin,077,732212,23684,22512,323,22835,505
2020-11-09,San Luis Obispo,079,281455,5271,4746,63,4809,32
2020-11-09,San Mateo,081,765935,12527,11857,11,11868,169
2020-11-09,Santa Barbara,083,443738,10520,10214,142,10356,134
2020-11-09,Santa Clara,085,1922200,28888,26693,54,26747,409
2020-11-09,Santa Cruz,087,273765,3451,3194,36,3230,25
2020-11-09,Shasta,089,179085,3513,2581,50,2631,36
2020-11-09,Sierra,091,2930,10,10,0,10,0
2020-11-09,Siskiyou,093,43540,316,257,13,270,0
2020-11-09,Solano,095,438530,8670,8254,40,8294,85
2020-11-09,Sonoma,097,501317,10866,10310,35,10345,150
2020-11-09,Stanislaus,099,539301,19147,18482,951,19433,418
2020-11-09,Sutter,101,95872,2219,2010,3,2013,12
2020-11-09,Tehama,103,63373,1208,1071,2,1073,7
2020-11-09,Trinity,105,12862,149,46,16,62,0
2020-11-09,Tulare,107,460477,19233,18272,674,18946,304
2020-11-09,Tuolumne,109,53932,503,346,6,352,7
2020-11-09,Ventura,111,848112,16648,15568,456,16024,156
2020-11-09,Yolo,113,214977,3803,3522,10,3532,62
2020-11-09,Yuba,115,75493,1473,1380,5,1385,10
2020-11-08,Alameda,001,1643700,25768,24731,246,24977,424
2020-11-08,Alpine,003,1148,24,6,0,6,0
2020-11-08,Amador,005,37829,401,376,0,376,16
2020-11-08,Butte,007,227075,3464,3285,96,3381,57
2020-11-08,Calaveras,009,45235,368,360,0,360,21
2020-11-08,Colusa,011,21464,597,583,1,584,6
2020-11-08,Contra Costa,013,1133247,20924,20031,105,20136,254
2020-11-08,Del Norte,015,27424,212,195,0,195,2
2020-11-08,El Dorado,017,186661,1680,1502,17,1519,4
2020-11-08,Fresno,019,978130,36136,32619,678,33297,465
2020-11-08,Glenn,021,27897,770,707,8,715,3
2020-11-08,Humboldt,023,135768,651,605,1,606,9
2020-11-08,Imperial,025,180216,13863,13428,25,13453,338
2020-11-08,Inyo,027,18085,264,252,5,257,14
2020-11-08,Kern,029,883053,35968,34644,628,35272,448
2020-11-08,Kings,031,150075,9484,9026,78,9104,84
2020-11-08,Lake,033,64148,792,754,0,754,16
2020-11-08,Lassen,035,31185,876,799,2,801,0
2020-11-08,Los Angeles,037,10098052,328998,318960,3591,322551,7176
2020-11-08,Madera,039,155013,5437,5196,67,5263,54
2020-11-08,Marin,041,260295,7370,7227,22,7249,131
2020-11-08,Mariposa,043,17540,90,83,0,83,2
2020-11-08,Mendocino,045,87422,1216,1129,5,1134,22
2020-11-08,Merced,047,269075,10221,9885,60,9945,157
2020-11-08,Modoc,049,8938,70,54,12,66,0
2020-11-08,Mono,051,14174,462,352,8,360,2
2020-11-08,Monterey,053,433212,12731,12122,111,12233,98
2020-11-08,Napa,055,140530,2470,2274,10,2284,15
2020-11-08,Nevada,057,99092,831,715,22,737,9
2020-11-08,Orange,059,3164182,65479,62034,1974,64008,1501
2020-11-08,Placer,061,380077,5261,4800,31,4831,60
2020-11-08,Plumas,063,18699,130,102,0,102,0
2020-11-08,Riverside,065,2383286,74629,71442,841,72283,1345
2020-11-08,Sacramento,067,1510023,29537,28059,48,28107,515
2020-11-08,San Benito,069,59416,1570,1496,1,1497,15
2020-11-08,San Bernardino,071,2135413,72823,68412,622,69034,1182
2020-11-08,San Diego,073,3302833,64300,60199,2002,62201,908
2020-11-08,San Francisco,075,870044,13488,12985,63,13048,146
2020-11-08,San Joaquin,077,732212,23490,22514,319,22833,505
2020-11-08,San Luis Obispo,079,281455,5205,4698,58,4756,32
2020-11-08,San Mateo,081,765935,12409,11783,11,11794,169
2020-11-08,Santa Barbara,083,443738,10450,10180,140,10320,134
2020-11-08,Santa Clara,085,1922200,28514,26442,53,26495,410
2020-11-08,Santa Cruz,087,273765,3394,3134,36,3170,25
2020-11-08,Shasta,089,179085,3377,2582,44,2626,36
2020-11-08,Sierra,091,2930,10,7,0,7,0
2020-11-08,Siskiyou,093,43540,304,246,12,258,0
2020-11-08,Solano,095,438530,8549,8132,39,8171,85
2020-11-08,Sonoma,097,501317,10759,10229,35,10264,149
2020-11-08,Stanislaus,099,539301,18973,18413,930,19343,418
2020-11-08,Sutter,101,95872,2161,1980,3,1983,12
2020-11-08,Tehama,103,63373,1182,1054,2,1056,7
2020-11-08,Trinity,105,12862,146,46,15,61,0
2020-11-08,Tulare,107,460477,19091,18272,645,18917,304
2020-11-08,Tuolumne,109,53932,476,341,6,347,7
2020-11-08,Ventura,111,848112,16453,15504,448,15952,156
2020-11-08,Yolo,113,214977,3741,3492,10,3502,61
2020-11-08,Yuba,115,75493,1452,1369,5,1374,10
2020-11-07,Alameda,001,1643700,25658,24578,244,24822,424
2020-11-07,Alpine,003,1148,24,6,0,6,0
2020-11-07,Amador,005,37829,398,375,0,375,16
2020-11-07,Butte,007,227075,3451,3277,91,3368,57
2020-11-07,Calaveras,009,45235,366,360,0,360,21
2020-11-07,Colusa,011,21464,597,583,1,584,6
2020-11-07,Contra Costa,013,1133247,20823,19943,104,20047,254
2020-11-07,Del Norte,015,27424,207,194,0,194,2
2020-11-07,El Dorado,017,186661,1655,1495,16,1511,4
2020-11-07,Fresno,019,978130,35981,32497,655,33152,465
2020-11-07,Glenn,021,27897,762,707,8,715,3
2020-11-07,Humboldt,023,135768,640,590,1,591,9
2020-11-07,Imperial,025,180216,13805,13388,24,13412,338
2020-11-07,Inyo,027,18085,262,252,5,257,14
2020-11-07,Kern,029,883053,35812,34513,618,35131,448
2020-11-07,Kings,031,150075,9451,9005,72,9077,84
2020-11-07,Lake,033,64148,788,751,0,751,16
2020-11-07,Lassen,035,31185,860,799,2,801,0
2020-11-07,Los Angeles,037,10098052,327485,316756,3524,320280,7174
2020-11-07,Madera,039,155013,5414,5177,65,5242,54
2020-11-07,Marin,041,260295,7359,7215,22,7237,131
2020-11-07,Mariposa,043,17540,90,81,0,81,2
2020-11-07,Mendocino,045,87422,1205,1118,5,1123,22
2020-11-07,Merced,047,269075,10189,9855,56,9911,157
2020-11-07,Modoc,049,8938,70,51,12,63,0
2020-11-07,Mono,051,14174,459,352,8,360,2
2020-11-07,Monterey,053,433212,12661,12030,107,12137,98
2020-11-07,Napa,055,140530,2440,2260,9,2269,15
2020-11-07,Nevada,057,99092,814,710,22,732,9
2020-11-07,Orange,059,3164182,65191,62038,1968,64006,1505
2020-11-07,Placer,061,380077,5198,4745,31,4776,60
2020-11-07,Plumas,063,18699,127,94,0,94,0
2020-11-07,Riverside,065,2383286,74234,71153,814,71967,1345
2020-11-07,Sacramento,067,1510023,29287,27773,48,27821,515
2020-11-07,San Benito,069,59416,1558,1489,1,1490,15
2020-11-07,San Bernardino,071,2135413,72306,67935,611,68546,1182
2020-11-07,San Diego,073,3302833,63788,59682,1970,61652,909
2020-11-07,San Francisco,075,870044,13427,12980,62,13042,146
2020-11-07,San Joaquin,077,732212,23382,22517,313,22830,505
2020-11-07,San Luis Obispo,079,281455,5156,4668,55,4723,32
2020-11-07,San Mateo,081,765935,12346,11711,11,11722,169
2020-11-07,Santa Barbara,083,443738,10408,10157,138,10295,134
2020-11-07,Santa Clara,085,1922200,28310,26244,52,26296,410
2020-11-07,Santa Cruz,087,273765,3356,3130,36,3166,25
2020-11-07,Shasta,089,179085,3310,2547,42,2589,36
2020-11-07,Sierra,091,2930,10,7,0,7,0
2020-11-07,Siskiyou,093,43540,300,241,12,253,0
2020-11-07,Solano,095,438530,8497,8066,39,8105,85
2020-11-07,Sonoma,097,501317,10713,10200,35,10235,149
2020-11-07,Stanislaus,099,539301,18862,18386,914,19300,418
2020-11-07,Sutter,101,95872,2121,1973,3,1976,12
2020-11-07,Tehama,103,63373,1157,1043,2,1045,7
2020-11-07,Trinity,105,12862,146,42,14,56,0
2020-11-07,Tulare,107,460477,19035,18229,628,18857,304
2020-11-07,Tuolumne,109,53932,464,327,6,333,7
2020-11-07,Ventura,111,848112,16393,15364,443,15807,156
2020-11-07,Yolo,113,214977,3710,3486,10,3496,61
2020-11-07,Yuba,115,75493,1437,1349,5,1354,10
2020-11-06,Alameda,001,1643700,25526,24389,242,24631,420
2020-11-06,Alpine,003,1148,24,6,0,6,0
2020-11-06,Amador,005,37829,396,369,0,369,16
2020-11-06,Butte,007,227075,3426,3254,83,3337,57
2020-11-06,Calaveras,009,45235,365,359,0,359,21
2020-11-06,Colusa,011,21464,595,580,1,581,6
2020-11-06,Contra Costa,013,1133247,20676,19744,104,19848,252
2020-11-06,Del Norte,015,27424,204,194,0,194,2
2020-11-06,El Dorado,017,186661,1629,1475,16,1491,4
2020-11-06,Fresno,019,978130,35793,32278,639,32917,460
2020-11-06,Glenn,021,27897,756,707,7,714,3
2020-11-06,Humboldt,023,135768,637,587,1,588,9
2020-11-06,Imperial,025,180216,13752,13230,24,13254,338
2020-11-06,Inyo,027,18085,260,246,5,251,14
2020-11-06,Kern,029,883053,35648,34360,601,34961,443
2020-11-06,Kings,031,150075,9427,8883,70,8953,83
2020-11-06,Lake,033,64148,787,741,0,741,16
2020-11-06,Lassen,035,31185,852,794,2,796,0
2020-11-06,Los Angeles,037,10098052,325515,314356,3472,317828,7160
2020-11-06,Madera,039,155013,5398,5136,64,5200,54
2020-11-06,Marin,041,260295,7338,7184,22,7206,131
2020-11-06,Mariposa,043,17540,89,79,0,79,2
2020-11-06,Mendocino,045,87422,1200,1113,5,1118,22
2020-11-06,Merced,047,269075,10149,9778,53,9831,157
2020-11-06,Modoc,049,8938,70,48,12,60,0
2020-11-06,Mono,051,14174,453,308,8,316,1
2020-11-06,Monterey,053,433212,12544,11914,106,12020,96
2020-11-06,Napa,055,140530,2415,2189,9,2198,15
2020-11-06,Nevada,057,99092,801,692,21,713,9
2020-11-06,Orange,059,3164182,64888,61049,1958,63007,1494
2020-11-06,Placer,061,380077,5125,4680,31,4711,60
2020-11-06,Plumas,063,18699,122,90,0,90,0
2020-11-06,Riverside,065,2383286,73784,70409,773,71182,1341
2020-11-06,Sacramento,067,1510023,28996,27489,46,27535,514
2020-11-06,San Benito,069,59416,1549,1479,1,1480,15
2020-11-06,San Bernardino,071,2135413,71709,66740,591,67331,1179
2020-11-06,San Diego,073,3302833,63264,59143,1938,61081,907
2020-11-06,San Francisco,075,870044,13357,12825,61,12886,146
2020-11-06,San Joaquin,077,732212,23297,22424,303,22727,502
2020-11-06,San Luis Obispo,079,281455,5091,4531,49,4580,32
2020-11-06,San Mateo,081,765935,12271,11587,11,11598,168
2020-11-06,Santa Barbara,083,443738,10372,10118,134,10252,133
2020-11-06,Santa Clara,085,1922200,28068,25831,52,25883,402
2020-11-06,Santa Cruz,087,273765,3318,3063,36,3099,25
2020-11-06,Shasta,089,179085,3237,2475,41,2516,35
2020-11-06,Sierra,091,2930,9,7,0,7,0
2020-11-06,Siskiyou,093,43540,287,237,11,248,0
2020-11-06,Solano,095,438530,8431,7959,39,7998,85
2020-11-06,Sonoma,097,501317,10663,10142,35,10177,149
2020-11-06,Stanislaus,099,539301,18775,18250,906,19156,417
2020-11-06,Sutter,101,95872,2094,1937,2,1939,12
2020-11-06,Tehama,103,63373,1136,1024,2,1026,6
2020-11-06,Trinity,105,12862,143,41,14,55,0
2020-11-06,Tulare,107,460477,18971,18136,603,18739,300
2020-11-06,Tuolumne,109,53932,441,316,6,322,5
2020-11-06,Ventura,111,848112,16307,15222,440,15662,154
2020-11-06,Yolo,113,214977,3681,3420,10,3430,62
2020-11-06,Yuba,115,75493,1424,1335,5,1340,10
2020-11-05,Alameda,001,1643700,25350,24270,242,24512,420
2020-11-05,Alpine,003,1148,24,6,0,6,0
2020-11-05,Amador,005,37829,393,363,0,363,16
2020-11-05,Butte,007,227075,3403,3239,77,3316,57
2020-11-05,Calaveras,009,45235,357,333,0,333,19
2020-11-05,Colusa,011,21464,591,574,1,575,6
2020-11-05,Contra Costa,013,1133247,20493,19656,101,19757,252
2020-11-05,Del Norte,015,27424,202,192,0,192,2
2020-11-05,El Dorado,017,186661,1605,1466,16,1482,4
2020-11-05,Fresno,019,978130,35551,32056,615,32671,460
2020-11-05,Glenn,021,27897,736,702,7,709,3
2020-11-05,Humboldt,023,135768,627,581,1,582,9
2020-11-05,Imperial,025,180216,13660,13178,23,13201,337
2020-11-05,Inyo,027,18085,259,247,5,252,14
2020-11-05,Kern,029,883053,35447,34232,588,34820,443
2020-11-05,Kings,031,150075,9272,8846,67,8913,83
2020-11-05,Lake,033,64148,783,739,0,739,16
2020-11-05,Lassen,035,31185,821,782,2,784,0
2020-11-05,Los Angeles,037,10098052,323159,312381,3419,315800,7146
2020-11-05,Madera,039,155013,5360,5129,61,5190,54
2020-11-05,Marin,041,260295,7315,7171,22,7193,131
2020-11-05,Mariposa,043,17540,88,79,0,79,2
2020-11-05,Mendocino,045,87422,1188,1112,5,1117,22
2020-11-05,Merced,047,269075,10090,9753,48,9801,155
2020-11-05,Modoc,049,8938,69,47,11,58,0
2020-11-05,Mono,051,14174,451,307,8,315,1
2020-11-05,Monterey,053,433212,12434,11784,102,11886,96
2020-11-05,Napa,055,140530,2388,2158,9,2167,15
2020-11-05,Nevada,057,99092,779,687,20,707,9
2020-11-05,Orange,059,3164182,64441,60740,1948,62688,1484
2020-11-05,Placer,061,380077,5056,4627,26,4653,60
2020-11-05,Plumas,063,18699,114,90,0,90,0
2020-11-05,Riverside,065,2383286,73072,70094,717,70811,1338
2020-11-05,Sacramento,067,1510023,28616,27232,45,27277,512
2020-11-05,San Benito,069,59416,1534,1477,1,1478,15
2020-11-05,San Bernardino,071,2135413,70881,66407,579,66986,1174
2020-11-05,San Diego,073,3302833,62638,58659,1912,60571,904
2020-11-05,San Francisco,075,870044,13245,12726,60,12786,146
2020-11-05,San Joaquin,077,732212,23133,22318,299,22617,502
2020-11-05,San Luis Obispo,079,281455,5024,4459,47,4506,32
2020-11-05,San Mateo,081,765935,12177,11535,11,11546,168
2020-11-05,Santa Barbara,083,443738,10328,10080,131,10211,133
2020-11-05,Santa Clara,085,1922200,27803,25651,52,25703,402
2020-11-05,Santa Cruz,087,273765,3280,3023,36,3059,25
2020-11-05,Shasta,089,179085,3147,2401,40,2441,34
2020-11-05,Sierra,091,2930,9,6,0,6,0
2020-11-05,Siskiyou,093,43540,276,228,11,239,0
2020-11-05,Solano,095,438530,8348,7842,39,7881,85
2020-11-05,Sonoma,097,501317,10551,10064,34,10098,145
2020-11-05,Stanislaus,099,539301,18661,18194,893,19087,417
2020-11-05,Sutter,101,95872,2062,1925,2,1927,12
2020-11-05,Tehama,103,63373,1115,1015,2,1017,6
2020-11-05,Trinity,105,12862,127,41,14,55,0
2020-11-05,Tulare,107,460477,18882,18049,577,18626,301
2020-11-05,Tuolumne,109,53932,412,312,6,318,5
2020-11-05,Ventura,111,848112,16141,15113,429,15542,155
2020-11-05,Yolo,113,214977,3631,3391,10,3401,61
2020-11-05,Yuba,115,75493,1406,1322,5,1327,10
2020-11-04,Alameda,001,1643700,25173,24172,240,24412,418
2020-11-04,Alpine,003,1148,20,5,0,5,0
2020-11-04,Amador,005,37829,390,362,0,362,16
2020-11-04,Butte,007,227075,3378,3218,74,3292,57
2020-11-04,Calaveras,009,45235,354,290,0,290,19
2020-11-04,Colusa,011,21464,589,571,1,572,6
2020-11-04,Contra Costa,013,1133247,20328,19472,98,19570,251
2020-11-04,Del Norte,015,27424,198,188,0,188,2
2020-11-04,El Dorado,017,186661,1590,1448,13,1461,4
2020-11-04,Fresno,019,978130,35319,31952,587,32539,457
2020-11-04,Glenn,021,27897,732,701,6,707,3
2020-11-04,Humboldt,023,135768,618,571,1,572,9
2020-11-04,Imperial,025,180216,13562,13087,23,13110,335
2020-11-04,Inyo,027,18085,258,247,5,252,14
2020-11-04,Kern,029,883053,35292,34027,577,34604,439
2020-11-04,Kings,031,150075,9238,8817,65,8882,83
2020-11-04,Lake,033,64148,776,735,0,735,16
2020-11-04,Lassen,035,31185,816,781,2,783,0
2020-11-04,Los Angeles,037,10098052,320848,310456,3340,313796,7124
2020-11-04,Madera,039,155013,5340,5083,57,5140,54
2020-11-04,Marin,041,260295,7303,7157,22,7179,131
2020-11-04,Mariposa,043,17540,88,79,0,79,2
2020-11-04,Mendocino,045,87422,1170,1089,5,1094,22
2020-11-04,Merced,047,269075,10041,9717,46,9763,153
2020-11-04,Modoc,049,8938,59,47,11,58,0
2020-11-04,Mono,051,14174,448,237,7,244,1
2020-11-04,Monterey,053,433212,12230,11743,96,11839,96
2020-11-04,Napa,055,140530,2334,2133,9,2142,15
2020-11-04,Nevada,057,99092,760,675,20,695,9
2020-11-04,Orange,059,3164182,64006,60463,1927,62390,1483
2020-11-04,Placer,061,380077,4980,4526,23,4549,60
2020-11-04,Plumas,063,18699,112,88,0,88,0
2020-11-04,Riverside,065,2383286,72454,69562,658,70220,1335
2020-11-04,Sacramento,067,1510023,28266,27005,44,27049,510
2020-11-04,San Benito,069,59416,1519,1464,1,1465,15
2020-11-04,San Bernardino,071,2135413,70085,65891,556,66447,1169
2020-11-04,San Diego,073,3302833,61992,58126,1886,60012,904
2020-11-04,San Francisco,075,870044,13162,12649,57,12706,146
2020-11-04,San Joaquin,077,732212,22996,22197,286,22483,500
2020-11-04,San Luis Obispo,079,281455,4957,4389,45,4434,32
2020-11-04,San Mateo,081,765935,12083,11456,11,11467,168
2020-11-04,Santa Barbara,083,443738,10290,10026,130,10156,132
2020-11-04,Santa Clara,085,1922200,27542,25487,52,25539,393
2020-11-04,Santa Cruz,087,273765,3243,2997,36,3033,25
2020-11-04,Shasta,089,179085,3016,2321,35,2356,34
2020-11-04,Sierra,091,2930,9,6,0,6,0
2020-11-04,Siskiyou,093,43540,267,222,11,233,0
2020-11-04,Solano,095,438530,8249,7733,39,7772,85
2020-11-04,Sonoma,097,501317,10457,9965,34,9999,142
2020-11-04,Stanislaus,099,539301,18543,18114,878,18992,416
2020-11-04,Sutter,101,95872,2028,1916,2,1918,12
2020-11-04,Tehama,103,63373,1088,997,2,999,6
2020-11-04,Trinity,105,12862,123,37,14,51,0
2020-11-04,Tulare,107,460477,18772,17952,549,18501,298
2020-11-04,Tuolumne,109,53932,389,310,6,316,5
2020-11-04,Ventura,111,848112,16001,14936,426,15362,155
2020-11-04,Yolo,113,214977,3591,3361,10,3371,62
2020-11-04,Yuba,115,75493,1385,1312,5,1317,10
2020-11-03,Alameda,001,1643700,24989,24055,238,24293,418
2020-11-03,Alpine,003,1148,19,4,0,4,0
2020-11-03,Amador,005,37829,385,361,0,361,16
2020-11-03,Butte,007,227075,3355,3211,68,3279,57
2020-11-03,Calaveras,009,45235,350,287,0,287,19
2020-11-03,Colusa,011,21464,584,572,1,573,6
2020-11-03,Contra Costa,013,1133247,20173,19416,98,19514,250
2020-11-03,Del Norte,015,27424,197,187,0,187,2
2020-11-03,El Dorado,017,186661,1568,1445,12,1457,4
2020-11-03,Fresno,019,978130,35055,31856,564,32420,457
2020-11-03,Glenn,021,27897,726,698,6,704,3
2020-11-03,Humboldt,023,135768,612,570,1,571,8
2020-11-03,Imperial,025,180216,13472,13044,22,13066,335
2020-11-03,Inyo,027,18085,257,244,5,249,14
2020-11-03,Kern,029,883053,35101,33957,566,34523,439
2020-11-03,Kings,031,150075,9075,8783,60,8843,83
2020-11-03,Lake,033,64148,766,732,0,732,16
2020-11-03,Lassen,035,31185,807,782,2,784,0
2020-11-03,Los Angeles,037,10098052,318391,308812,3273,312085,7104
2020-11-03,Madera,039,155013,5304,5058,56,5114,54
2020-11-03,Marin,041,260295,7283,7147,21,7168,131
2020-11-03,Mariposa,043,17540,87,79,0,79,2
2020-11-03,Mendocino,045,87422,1155,1084,5,1089,22
2020-11-03,Merced,047,269075,9988,9713,45,9758,153
2020-11-03,Modoc,049,8938,57,47,9,56,0
2020-11-03,Mono,051,14174,444,210,7,217,1
2020-11-03,Monterey,053,433212,12161,11703,91,11794,94
2020-11-03,Napa,055,140530,2298,2130,9,2139,15
2020-11-03,Nevada,057,99092,740,670,19,689,9
2020-11-03,Orange,059,3164182,63576,60283,1915,62198,1477
2020-11-03,Placer,061,380077,4907,4514,23,4537,60
2020-11-03,Plumas,063,18699,109,86,0,86,0
2020-11-03,Riverside,065,2383286,71835,69300,633,69933,1325
2020-11-03,Sacramento,067,1510023,27885,26841,42,26883,510
2020-11-03,San Benito,069,59416,1509,1463,1,1464,15
2020-11-03,San Bernardino,071,2135413,69274,65320,549,65869,1159
2020-11-03,San Diego,073,3302833,61316,57722,1842,59564,901
2020-11-03,San Francisco,075,870044,13040,12585,57,12642,146
2020-11-03,San Joaquin,077,732212,22861,22109,280,22389,500
2020-11-03,San Luis Obispo,079,281455,4873,4371,43,4414,32
2020-11-03,San Mateo,081,765935,11988,11406,11,11417,162
2020-11-03,Santa Barbara,083,443738,10236,10008,126,10134,132
2020-11-03,Santa Clara,085,1922200,27268,25386,51,25437,393
2020-11-03,Santa Cruz,087,273765,3193,2980,35,3015,25
2020-11-03,Shasta,089,179085,2922,2288,28,2316,33
2020-11-03,Sierra,091,2930,7,6,0,6,0
2020-11-03,Siskiyou,093,43540,263,219,11,230,0
2020-11-03,Solano,095,438530,8165,7691,39,7730,85
2020-11-03,Sonoma,097,501317,10355,9906,34,9940,142
2020-11-03,Stanislaus,099,539301,18422,18080,867,18947,416
2020-11-03,Sutter,101,95872,1995,1914,2,1916,12
2020-11-03,Tehama,103,63373,1067,988,2,990,6
2020-11-03,Trinity,105,12862,116,36,13,49,0
2020-11-03,Tulare,107,460477,18666,17890,524,18414,297
2020-11-03,Tuolumne,109,53932,366,302,6,308,5
2020-11-03,Ventura,111,848112,15874,14816,419,15235,155
2020-11-03,Yolo,113,214977,3539,3343,10,3353,61
2020-11-03,Yuba,115,75493,1372,1295,5,1300,10
2020-11-02,Alameda,001,1643700,24793,23991,236,24227,419
2020-11-02,Alpine,003,1148,16,4,0,4,0
2020-11-02,Amador,005,37829,377,357,0,357,16
2020-11-02,Butte,007,227075,3335,3198,65,3263,57
2020-11-02,Calaveras,009,45235,350,282,0,282,18
2020-11-02,Colusa,011,21464,579,571,1,572,6
2020-11-02,Contra Costa,013,1133247,20016,19339,97,19436,250
2020-11-02,Del Norte,015,27424,194,175,0,175,2
2020-11-02,El Dorado,017,186661,1544,1405,12,1417,4
2020-11-02,Fresno,019,978130,34785,31738,547,32285,451
2020-11-02,Glenn,021,27897,720,692,5,697,3
2020-11-02,Humboldt,023,135768,603,569,1,570,8
2020-11-02,Imperial,025,180216,13391,13004,21,13025,334
2020-11-02,Inyo,027,18085,254,243,5,248,14
2020-11-02,Kern,029,883053,34943,33834,556,34390,437
2020-11-02,Kings,031,150075,9045,8654,57,8711,82
2020-11-02,Lake,033,64148,760,728,0,728,17
2020-11-02,Lassen,035,31185,799,782,2,784,0
2020-11-02,Los Angeles,037,10098052,316043,307620,3199,310819,7079
2020-11-02,Madera,039,155013,5273,5033,55,5088,54
2020-11-02,Marin,041,260295,7265,7132,20,7152,125
2020-11-02,Mariposa,043,17540,87,79,0,79,2
2020-11-02,Mendocino,045,87422,1141,1076,5,1081,21
2020-11-02,Merced,047,269075,9926,9664,39,9703,152
2020-11-02,Modoc,049,8938,54,45,5,50,0
2020-11-02,Mono,051,14174,442,211,7,218,1
2020-11-02,Monterey,053,433212,12054,11602,88,11690,93
2020-11-02,Napa,055,140530,2256,2081,9,2090,15
2020-11-02,Nevada,057,99092,724,656,19,675,9
2020-11-02,Orange,059,3164182,63170,59996,1900,61896,1474
2020-11-02,Placer,061,380077,4837,4461,21,4482,60
2020-11-02,Plumas,063,18699,101,86,0,86,0
2020-11-02,Riverside,065,2383286,71204,68833,592,69425,1321
2020-11-02,Sacramento,067,1510023,27543,26676,40,26716,508
2020-11-02,San Benito,069,59416,1497,1459,1,1460,15
2020-11-02,San Bernardino,071,2135413,68419,64629,538,65167,1157
2020-11-02,San Diego,073,3302833,60593,57429,1797,59226,891
2020-11-02,San Francisco,075,870044,12943,12436,56,12492,145
2020-11-02,San Joaquin,077,732212,22721,21919,272,22191,500
2020-11-02,San Luis Obispo,079,281455,4773,4303,40,4343,31
2020-11-02,San Mateo,081,765935,11879,11328,11,11339,161
2020-11-02,Santa Barbara,083,443738,10195,9985,121,10106,130
2020-11-02,Santa Clara,085,1922200,26981,25222,51,25273,387
2020-11-02,Santa Cruz,087,273765,3151,2943,35,2978,25
2020-11-02,Shasta,089,179085,2819,2174,24,2198,33
2020-11-02,Sierra,091,2930,7,6,0,6,0
2020-11-02,Siskiyou,093,43540,253,216,11,227,0
2020-11-02,Solano,095,438530,8047,7665,39,7704,84
2020-11-02,Sonoma,097,501317,10273,9796,33,9829,140
2020-11-02,Stanislaus,099,539301,18326,18005,858,18863,412
2020-11-02,Sutter,101,95872,1971,1895,2,1897,12
2020-11-02,Tehama,103,63373,1044,971,2,973,6
2020-11-02,Trinity,105,12862,110,30,13,43,0
2020-11-02,Tulare,107,460477,18572,17774,504,18278,299
2020-11-02,Tuolumne,109,53932,349,302,6,308,5
2020-11-02,Ventura,111,848112,15733,14767,405,15172,156
2020-11-02,Yolo,113,214977,3491,3318,10,3328,61
2020-11-02,Yuba,115,75493,1359,1280,5,1285,10
2020-11-01,Alameda,001,1643700,24630,23892,234,24126,419
2020-11-01,Alpine,003,1148,10,4,0,4,0
2020-11-01,Amador,005,37829,374,352,0,352,16
2020-11-01,Butte,007,227075,3312,3185,64,3249,57
2020-11-01,Calaveras,009,45235,349,282,0,282,18
2020-11-01,Colusa,011,21464,577,567,1,568,6
2020-11-01,Contra Costa,013,1133247,19843,19246,96,19342,250
2020-11-01,Del Norte,015,27424,190,175,0,175,2
2020-11-01,El Dorado,017,186661,1528,1394,12,1406,4
2020-11-01,Fresno,019,978130,34529,31613,527,32140,451
2020-11-01,Glenn,021,27897,711,688,3,691,3
2020-11-01,Humboldt,023,135768,595,568,1,569,8
2020-11-01,Imperial,025,180216,13300,12969,19,12988,334
2020-11-01,Inyo,027,18085,252,241,5,246,14
2020-11-01,Kern,029,883053,34762,33760,476,34236,437
2020-11-01,Kings,031,150075,9007,8641,56,8697,82
2020-11-01,Lake,033,64148,754,727,0,727,17
2020-11-01,Lassen,035,31185,799,782,2,784,0
2020-11-01,Los Angeles,037,10098052,313473,306217,3108,309325,7077
2020-11-01,Madera,039,155013,5226,5019,53,5072,54
2020-11-01,Marin,041,260295,7248,7124,20,7144,125
2020-11-01,Mariposa,043,17540,83,79,0,79,2
2020-11-01,Mendocino,045,87422,1127,1074,5,1079,21
2020-11-01,Merced,047,269075,9865,9626,39,9665,152
2020-11-01,Modoc,049,8938,53,45,5,50,0
2020-11-01,Mono,051,14174,413,211,6,217,1
2020-11-01,Monterey,053,433212,11947,11587,85,11672,93
2020-11-01,Napa,055,140530,2222,2067,9,2076,15
2020-11-01,Nevada,057,99092,708,646,18,664,9
2020-11-01,Orange,059,3164182,62768,59733,1874,61607,1475
2020-11-01,Placer,061,380077,4769,4422,20,4442,58
2020-11-01,Plumas,063,18699,96,86,0,86,0
2020-11-01,Riverside,065,2383286,70574,68493,557,69050,1319
2020-11-01,Sacramento,067,1510023,27221,26442,40,26482,508
2020-11-01,San Benito,069,59416,1482,1451,1,1452,15
2020-11-01,San Bernardino,071,2135413,67578,64339,517,64856,1157
2020-11-01,San Diego,073,3302833,59905,57122,1757,58879,891
2020-11-01,San Francisco,075,870044,12820,12436,51,12487,145
2020-11-01,San Joaquin,077,732212,22593,21919,266,22185,500
2020-11-01,San Luis Obispo,079,281455,4693,4303,39,4342,31
2020-11-01,San Mateo,081,765935,11798,11280,11,11291,160
2020-11-01,Santa Barbara,083,443738,10144,9969,105,10074,130
2020-11-01,Santa Clara,085,1922200,26698,25090,51,25141,386
2020-11-01,Santa Cruz,087,273765,3098,2921,35,2956,25
2020-11-01,Shasta,089,179085,2684,2172,23,2195,33
2020-11-01,Sierra,091,2930,7,6,0,6,0
2020-11-01,Siskiyou,093,43540,248,205,11,216,0
2020-11-01,Solano,095,438530,7957,7591,39,7630,84
2020-11-01,Sonoma,097,501317,10181,9688,33,9721,140
2020-11-01,Stanislaus,099,539301,18225,17961,839,18800,412
2020-11-01,Sutter,101,95872,1945,1888,1,1889,12
2020-11-01,Tehama,103,63373,1027,965,2,967,5
2020-11-01,Trinity,105,12862,108,30,12,42,0
2020-11-01,Tulare,107,460477,18460,17774,473,18247,299
2020-11-01,Tuolumne,109,53932,328,295,6,301,5
2020-11-01,Ventura,111,848112,15585,14686,377,15063,156
2020-11-01,Yolo,113,214977,3443,3303,10,3313,60
2020-11-01,Yuba,115,75493,1342,1273,5,1278,10
2020-10-31,Alameda,001,1643700,24514,23780,230,24010,416
2020-10-31,Alpine,003,1148,10,4,0,4,0
2020-10-31,Amador,005,37829,370,347,0,347,16
2020-10-31,Butte,007,227075,3299,3172,62,3234,57
2020-10-31,Calaveras,009,45235,349,280,0,280,18
2020-10-31,Colusa,011,21464,575,555,1,556,6
2020-10-31,Contra Costa,013,1133247,19738,19161,96,19257,249
2020-10-31,Del Norte,015,27424,189,175,0,175,2
2020-10-31,El Dorado,017,186661,1519,1390,12,1402,4
2020-10-31,Fresno,019,978130,34392,31558,524,32082,451
2020-10-31,Glenn,021,27897,709,678,3,681,3
2020-10-31,Humboldt,023,135768,592,561,1,562,8
2020-10-31,Imperial,025,180216,13258,12912,19,12931,334
2020-10-31,Inyo,027,18085,251,241,5,246,14
2020-10-31,Kern,029,883053,34659,33666,467,34133,437
2020-10-31,Kings,031,150075,8986,8612,55,8667,82
2020-10-31,Lake,033,64148,750,724,0,724,16
2020-10-31,Lassen,035,31185,794,782,2,784,0
2020-10-31,Los Angeles,037,10098052,312095,304704,3069,307773,7073
2020-10-31,Madera,039,155013,5207,5013,50,5063,54
2020-10-31,Marin,041,260295,7232,7112,20,7132,125
2020-10-31,Mariposa,043,17540,83,79,0,79,2
2020-10-31,Mendocino,045,87422,1119,1066,5,1071,21
2020-10-31,Merced,047,269075,9832,9597,38,9635,151
2020-10-31,Modoc,049,8938,52,34,4,38,0
2020-10-31,Mono,051,14174,264,194,5,199,1
2020-10-31,Monterey,053,433212,11879,11539,81,11620,93
2020-10-31,Napa,055,140530,2203,2040,9,2049,15
2020-10-31,Nevada,057,99092,690,644,18,662,9
2020-10-31,Orange,059,3164182,62509,59488,1856,61344,1473
2020-10-31,Placer,061,380077,4719,4374,19,4393,58
2020-10-31,Plumas,063,18699,95,85,0,85,0
2020-10-31,Riverside,065,2383286,70217,68178,534,68712,1319
2020-10-31,Sacramento,067,1510023,27022,26316,38,26354,507
2020-10-31,San Benito,069,59416,1475,1448,1,1449,15
2020-10-31,San Bernardino,071,2135413,67152,64016,507,64523,1157
2020-10-31,San Diego,073,3302833,59452,56769,1729,58498,891
2020-10-31,San Francisco,075,870044,12746,12438,50,12488,145
2020-10-31,San Joaquin,077,732212,22518,21918,257,22175,500
2020-10-31,San Luis Obispo,079,281455,4624,4285,36,4321,31
2020-10-31,San Mateo,081,765935,11747,11253,11,11264,160
2020-10-31,Santa Barbara,083,443738,10115,9957,97,10054,130
2020-10-31,Santa Clara,085,1922200,26530,24957,51,25008,379
2020-10-31,Santa Cruz,087,273765,3063,2895,34,2929,25
2020-10-31,Shasta,089,179085,2630,2122,22,2144,33
2020-10-31,Sierra,091,2930,7,6,0,6,0
2020-10-31,Siskiyou,093,43540,246,200,11,211,0
2020-10-31,Solano,095,438530,7892,7545,39,7584,84
2020-10-31,Sonoma,097,501317,10128,9648,33,9681,140
2020-10-31,Stanislaus,099,539301,18162,17920,823,18743,412
2020-10-31,Sutter,101,95872,1936,1876,1,1877,12
2020-10-31,Tehama,103,63373,1017,953,2,955,5
2020-10-31,Trinity,105,12862,105,30,12,42,0
2020-10-31,Tulare,107,460477,18411,17758,466,18224,299
2020-10-31,Tuolumne,109,53932,321,290,6,296,5
2020-10-31,Ventura,111,848112,15501,14635,359,14994,155
2020-10-31,Yolo,113,214977,3408,3290,10,3300,60
2020-10-31,Yuba,115,75493,1326,1260,4,1264,10
2020-10-30,Alameda,001,1643700,24435,23676,228,23904,401
2020-10-30,Alpine,003,1148,10,4,0,4,0
2020-10-30,Amador,005,37829,370,344,0,344,16
2020-10-30,Butte,007,227075,3294,3160,62,3222,57
2020-10-30,Calaveras,009,45235,348,279,0,279,18
2020-10-30,Colusa,011,21464,573,554,1,555,6
2020-10-30,Contra Costa,013,1133247,19665,19074,96,19170,249
2020-10-30,Del Norte,015,27424,188,175,0,175,2
2020-10-30,El Dorado,017,186661,1506,1386,12,1398,4
2020-10-30,Fresno,019,978130,34270,31409,516,31925,446
2020-10-30,Glenn,021,27897,703,674,2,676,3
2020-10-30,Humboldt,023,135768,591,561,1,562,7
2020-10-30,Imperial,025,180216,13217,12853,19,12872,334
2020-10-30,Inyo,027,18085,250,241,5,246,14
2020-10-30,Kern,029,883053,34566,33583,466,34049,437
2020-10-30,Kings,031,150075,8976,8564,53,8617,82
2020-10-30,Lake,033,64148,750,720,0,720,16
2020-10-30,Lassen,035,31185,788,777,2,779,0
2020-10-30,Los Angeles,037,10098052,310659,303425,3034,306459,7060
2020-10-30,Madera,039,155013,5194,4991,48,5039,54
2020-10-30,Marin,041,260295,7212,7097,20,7117,125
2020-10-30,Mariposa,043,17540,83,78,0,78,2
2020-10-30,Mendocino,045,87422,1117,1062,5,1067,21
2020-10-30,Merced,047,269075,9800,9539,38,9577,150
2020-10-30,Modoc,049,8938,51,34,3,37,0
2020-10-30,Mono,051,14174,263,193,5,198,1
2020-10-30,Monterey,053,433212,11816,11491,76,11567,92
2020-10-30,Napa,055,140530,2185,2028,9,2037,15
2020-10-30,Nevada,057,99092,684,634,18,652,9
2020-10-30,Orange,059,3164182,62268,59334,1844,61178,1469
2020-10-30,Placer,061,380077,4672,4335,19,4354,58
2020-10-30,Plumas,063,18699,92,80,0,80,0
2020-10-30,Riverside,065,2383286,69878,67752,514,68266,1317
2020-10-30,Sacramento,067,1510023,26874,26147,38,26185,505
2020-10-30,San Benito,069,59416,1469,1440,1,1441,15
2020-10-30,San Bernardino,071,2135413,66736,63512,504,64016,1156
2020-10-30,San Diego,073,3302833,59047,56387,1707,58094,888
2020-10-30,San Francisco,075,870044,12691,12384,50,12434,145
2020-10-30,San Joaquin,077,732212,22451,21849,251,22100,500
2020-10-30,San Luis Obispo,079,281455,4582,4256,36,4292,31
2020-10-30,San Mateo,081,765935,11688,11207,11,11218,159
2020-10-30,Santa Barbara,083,443738,10092,9937,97,10034,128
2020-10-30,Santa Clara,085,1922200,26382,24811,51,24862,378
2020-10-30,Santa Cruz,087,273765,3045,2874,34,2908,25
2020-10-30,Shasta,089,179085,2586,2048,21,2069,32
2020-10-30,Sierra,091,2930,7,6,0,6,0
2020-10-30,Siskiyou,093,43540,246,192,11,203,0
2020-10-30,Solano,095,438530,7831,7497,39,7536,84
2020-10-30,Sonoma,097,501317,10053,9602,33,9635,140
2020-10-30,Stanislaus,099,539301,18114,17861,808,18669,410
2020-10-30,Sutter,101,95872,1923,1860,1,1861,12
2020-10-30,Tehama,103,63373,1013,932,2,934,5
2020-10-30,Trinity,105,12862,105,29,12,41,0
2020-10-30,Tulare,107,460477,18366,17682,452,18134,299
2020-10-30,Tuolumne,109,53932,313,286,6,292,4
2020-10-30,Ventura,111,848112,15428,14578,348,14926,154
2020-10-30,Yolo,113,214977,3391,3263,10,3273,60
2020-10-30,Yuba,115,75493,1318,1256,4,1260,10
2020-10-29,Alameda,001,1643700,24272,23530,227,23757,401
2020-10-29,Alpine,003,1148,7,4,0,4,0
2020-10-29,Amador,005,37829,366,338,0,338,16
2020-10-29,Butte,007,227075,3276,3143,60,3203,57
2020-10-29,Calaveras,009,45235,346,278,0,278,13
2020-10-29,Colusa,011,21464,569,552,1,553,6
2020-10-29,Contra Costa,013,1133247,19567,18933,95,19028,249
2020-10-29,Del Norte,015,27424,186,174,0,174,2
2020-10-29,El Dorado,017,186661,1484,1370,12,1382,4
2020-10-29,Fresno,019,978130,34113,31321,509,31830,445
2020-10-29,Glenn,021,27897,701,673,2,675,3
2020-10-29,Humboldt,023,135768,586,559,1,560,7
2020-10-29,Imperial,025,180216,13174,12769,19,12788,334
2020-10-29,Inyo,027,18085,248,238,5,243,14
2020-10-29,Kern,029,883053,34465,33460,462,33922,437
2020-10-29,Kings,031,150075,8822,8502,52,8554,82
2020-10-29,Lake,033,64148,747,702,0,702,16
2020-10-29,Lassen,035,31185,787,772,2,774,0
2020-10-29,Los Angeles,037,10098052,309031,302246,2988,305234,7046
2020-10-29,Madera,039,155013,5163,4970,46,5016,53
2020-10-29,Marin,041,260295,7198,7083,20,7103,125
2020-10-29,Mariposa,043,17540,81,78,0,78,2
2020-10-29,Mendocino,045,87422,1111,1058,5,1063,21
2020-10-29,Merced,047,269075,9748,9496,38,9534,150
2020-10-29,Modoc,049,8938,49,31,3,34,0
2020-10-29,Mono,051,14174,256,176,5,181,1
2020-10-29,Monterey,053,433212,11735,11425,74,11499,92
2020-10-29,Napa,055,140530,2161,2009,9,2018,15
2020-10-29,Nevada,057,99092,677,632,18,650,9
2020-10-29,Orange,059,3164182,62000,59046,1824,60870,1464
2020-10-29,Placer,061,380077,4627,4270,18,4288,58
2020-10-29,Plumas,063,18699,90,69,0,69,0
2020-10-29,Riverside,065,2383286,69502,67268,484,67752,1304
2020-10-29,Sacramento,067,1510023,26661,25978,37,26015,507
2020-10-29,San Benito,069,59416,1464,1431,1,1432,15
2020-10-29,San Bernardino,071,2135413,66168,62968,494,63462,1150
2020-10-29,San Diego,073,3302833,58581,55916,1678,57594,885
2020-10-29,San Francisco,075,870044,12613,12312,50,12362,145
2020-10-29,San Joaquin,077,732212,22367,21736,239,21975,498
2020-10-29,San Luis Obispo,079,281455,4551,4223,35,4258,31
2020-10-29,San Mateo,081,765935,11643,11145,11,11156,157
2020-10-29,Santa Barbara,083,443738,10059,9902,95,9997,128
2020-10-29,Santa Clara,085,1922200,26231,24614,51,24665,377
2020-10-29,Santa Cruz,087,273765,3020,2850,34,2884,24
2020-10-29,Shasta,089,179085,2523,2008,21,2029,32
2020-10-29,Sierra,091,2930,6,6,0,6,0
2020-10-29,Siskiyou,093,43540,230,185,11,196,0
2020-10-29,Solano,095,438530,7769,7453,39,7492,78
2020-10-29,Sonoma,097,501317,9988,9533,33,9566,140
2020-10-29,Stanislaus,099,539301,18061,17790,787,18577,410
2020-10-29,Sutter,101,95872,1916,1852,1,1853,12
2020-10-29,Tehama,103,63373,995,925,2,927,5
2020-10-29,Trinity,105,12862,100,28,11,39,0
2020-10-29,Tulare,107,460477,18288,17627,434,18061,299
2020-10-29,Tuolumne,109,53932,308,279,6,285,4
2020-10-29,Ventura,111,848112,15337,14486,344,14830,154
2020-10-29,Yolo,113,214977,3362,3246,10,3256,60
2020-10-29,Yuba,115,75493,1307,1248,4,1252,10
2020-10-28,Alameda,001,1643700,24172,23468,226,23694,400
2020-10-28,Alpine,003,1148,6,4,0,4,0
2020-10-28,Amador,005,37829,363,337,0,337,16
2020-10-28,Butte,007,227075,3260,3134,57,3191,56
2020-10-28,Calaveras,009,45235,345,278,0,278,13
2020-10-28,Colusa,011,21464,566,551,1,552,6
2020-10-28,Contra Costa,013,1133247,19480,18828,94,18922,246
2020-10-28,Del Norte,015,27424,183,173,0,173,2
2020-10-28,El Dorado,017,186661,1472,1363,12,1375,4
2020-10-28,Fresno,019,978130,33993,31195,503,31698,444
2020-10-28,Glenn,021,27897,697,673,2,675,3
2020-10-28,Humboldt,023,135768,582,559,1,560,7
2020-10-28,Imperial,025,180216,13124,12730,19,12749,333
2020-10-28,Inyo,027,18085,248,238,5,243,14
2020-10-28,Kern,029,883053,34363,33424,444,33868,436
2020-10-28,Kings,031,150075,8800,8486,52,8538,82
2020-10-28,Lake,033,64148,744,700,0,700,15
2020-10-28,Lassen,035,31185,783,771,2,773,0
2020-10-28,Los Angeles,037,10098052,307576,300726,2946,303672,7031
2020-10-28,Madera,039,155013,5146,4954,45,4999,53
2020-10-28,Marin,041,260295,7187,7079,20,7099,126
2020-10-28,Mariposa,043,17540,81,78,0,78,2
2020-10-28,Mendocino,045,87422,1110,1037,5,1042,20
2020-10-28,Merced,047,269075,9722,9480,37,9517,150
2020-10-28,Modoc,049,8938,48,31,2,33,0
2020-10-28,Mono,051,14174,238,176,5,181,1
2020-10-28,Monterey,053,433212,11677,11330,72,11402,89
2020-10-28,Napa,055,140530,2135,1998,8,2006,15
2020-10-28,Nevada,057,99092,669,629,18,647,9
2020-10-28,Orange,059,3164182,61736,58801,1808,60609,1459
2020-10-28,Placer,061,380077,4571,4236,18,4254,57
2020-10-28,Plumas,063,18699,89,67,0,67,0
2020-10-28,Riverside,065,2383286,69105,67003,460,67463,1302
2020-10-28,Sacramento,067,1510023,26464,25838,36,25874,506
2020-10-28,San Benito,069,59416,1456,1429,1,1430,15
2020-10-28,San Bernardino,071,2135413,65709,62778,485,63263,1154
2020-10-28,San Diego,073,3302833,58198,55556,1649,57205,881
2020-10-28,San Francisco,075,870044,12555,12261,49,12310,145
2020-10-28,San Joaquin,077,732212,22283,21707,228,21935,498
2020-10-28,San Luis Obispo,079,281455,4507,4197,32,4229,31
2020-10-28,San Mateo,081,765935,11576,11101,11,11112,157
2020-10-28,Santa Barbara,083,443738,10036,9872,93,9965,127
2020-10-28,Santa Clara,085,1922200,26087,24503,51,24554,375
2020-10-28,Santa Cruz,087,273765,2989,2836,34,2870,24
2020-10-28,Shasta,089,179085,2443,1996,20,2016,31
2020-10-28,Sierra,091,2930,6,6,0,6,0
2020-10-28,Siskiyou,093,43540,227,182,10,192,0
2020-10-28,Solano,095,438530,7710,7362,39,7401,77
2020-10-28,Sonoma,097,501317,9898,9457,28,9485,140
2020-10-28,Stanislaus,099,539301,17996,17765,778,18543,409
2020-10-28,Sutter,101,95872,1907,1840,1,1841,12
2020-10-28,Tehama,103,63373,984,921,2,923,5
2020-10-28,Trinity,105,12862,93,28,10,38,0
2020-10-28,Tulare,107,460477,18231,17569,419,17988,297
2020-10-28,Tuolumne,109,53932,304,277,6,283,4
2020-10-28,Ventura,111,848112,15264,14409,335,14744,153
2020-10-28,Yolo,113,214977,3337,3230,10,3240,60
2020-10-28,Yuba,115,75493,1295,1245,4,1249,10
2020-10-27,Alameda,001,1643700,24057,23365,224,23589,400
2020-10-27,Alpine,003,1148,6,3,0,3,0
2020-10-27,Amador,005,37829,360,335,0,335,16
2020-10-27,Butte,007,227075,3244,3107,54,3161,56
2020-10-27,Calaveras,009,45235,343,277,0,277,13
2020-10-27,Colusa,011,21464,561,549,1,550,6
2020-10-27,Contra Costa,013,1133247,19374,18766,94,18860,246
2020-10-27,Del Norte,015,27424,180,173,0,173,2
2020-10-27,El Dorado,017,186661,1459,1351,12,1363,4
2020-10-27,Fresno,019,978130,33874,31096,498,31594,442
2020-10-27,Glenn,021,27897,695,667,1,668,3
2020-10-27,Humboldt,023,135768,579,559,1,560,7
2020-10-27,Imperial,025,180216,13075,12680,19,12699,333
2020-10-27,Inyo,027,18085,248,231,5,236,14
2020-10-27,Kern,029,883053,34246,33328,440,33768,436
2020-10-27,Kings,031,150075,8769,8411,52,8463,83
2020-10-27,Lake,033,64148,741,700,0,700,15
2020-10-27,Lassen,035,31185,781,764,2,766,0
2020-10-27,Los Angeles,037,10098052,306188,299438,2917,302355,7008
2020-10-27,Madera,039,155013,5116,4942,44,4986,53
2020-10-27,Marin,041,260295,7171,7070,20,7090,126
2020-10-27,Mariposa,043,17540,80,78,0,78,2
2020-10-27,Mendocino,045,87422,1104,1033,4,1037,20
2020-10-27,Merced,047,269075,9681,9449,37,9486,150
2020-10-27,Modoc,049,8938,46,31,2,33,0
2020-10-27,Mono,051,14174,224,169,5,174,1
2020-10-27,Monterey,053,433212,11621,11261,70,11331,88
2020-10-27,Napa,055,140530,2119,1979,8,1987,15
2020-10-27,Nevada,057,99092,663,622,18,640,8
2020-10-27,Orange,059,3164182,61466,58550,1792,60342,1448
2020-10-27,Placer,061,380077,4522,4197,16,4213,57
2020-10-27,Plumas,063,18699,86,63,0,63,0
2020-10-27,Riverside,065,2383286,68752,66699,415,67114,1299
2020-10-27,Sacramento,067,1510023,26277,25701,35,25736,501
2020-10-27,San Benito,069,59416,1451,1428,1,1429,15
2020-10-27,San Bernardino,071,2135413,65247,62357,472,62829,1154
2020-10-27,San Diego,073,3302833,57725,55226,1626,56852,877
2020-10-27,San Francisco,075,870044,12480,12218,48,12266,140
2020-10-27,San Joaquin,077,732212,22192,21637,219,21856,496
2020-10-27,San Luis Obispo,079,281455,4480,4148,28,4176,31
2020-10-27,San Mateo,081,765935,11529,11074,11,11085,156
2020-10-27,Santa Barbara,083,443738,10006,9874,92,9966,125
2020-10-27,Santa Clara,085,1922200,25945,24368,51,24419,367
2020-10-27,Santa Cruz,087,273765,2959,2815,33,2848,24
2020-10-27,Shasta,089,179085,2357,1962,20,1982,29
2020-10-27,Sierra,091,2930,6,6,0,6,0
2020-10-27,Siskiyou,093,43540,218,181,10,191,0
2020-10-27,Solano,095,438530,7641,7298,39,7337,77
2020-10-27,Sonoma,097,501317,9831,9389,28,9417,140
2020-10-27,Stanislaus,099,539301,17928,17720,771,18491,408
2020-10-27,Sutter,101,95872,1894,1832,1,1833,12
2020-10-27,Tehama,103,63373,970,913,2,915,5
2020-10-27,Trinity,105,12862,90,28,10,38,0
2020-10-27,Tulare,107,460477,18168,17520,396,17916,296
2020-10-27,Tuolumne,109,53932,300,275,6,281,4
2020-10-27,Ventura,111,848112,15181,14347,328,14675,153
2020-10-27,Yolo,113,214977,3324,3216,10,3226,58
2020-10-27,Yuba,115,75493,1282,1235,4,1239,10
2020-10-26,Alameda,001,1643700,23944,23284,223,23507,398
2020-10-26,Alpine,003,1148,4,3,0,3,0
2020-10-26,Amador,005,37829,356,331,0,331,16
2020-10-26,Butte,007,227075,3233,3095,52,3147,56
2020-10-26,Calaveras,009,45235,340,274,0,274,13
2020-10-26,Colusa,011,21464,559,548,1,549,6
2020-10-26,Contra Costa,013,1133247,19278,18718,93,18811,245
2020-10-26,Del Norte,015,27424,180,171,0,171,2
2020-10-26,El Dorado,017,186661,1445,1336,12,1348,4
2020-10-26,Fresno,019,978130,33761,30969,491,31460,441
2020-10-26,Glenn,021,27897,688,660,1,661,3
2020-10-26,Humboldt,023,135768,571,554,1,555,7
2020-10-26,Imperial,025,180216,13021,12654,16,12670,333
2020-10-26,Inyo,027,18085,248,226,5,231,14
2020-10-26,Kern,029,883053,34162,33233,435,33668,432
2020-10-26,Kings,031,150075,8748,8264,50,8314,82
2020-10-26,Lake,033,64148,739,697,0,697,15
2020-10-26,Lassen,035,31185,778,764,2,766,0
2020-10-26,Los Angeles,037,10098052,304761,297961,2876,300837,6979
2020-10-26,Madera,039,155013,5095,4922,43,4965,53
2020-10-26,Marin,041,260295,7165,7064,19,7083,104
2020-10-26,Mariposa,043,17540,80,77,0,77,2
2020-10-26,Mendocino,045,87422,1096,1026,4,1030,20
2020-10-26,Merced,047,269075,9634,9375,36,9411,150
2020-10-26,Modoc,049,8938,44,28,0,28,0
2020-10-26,Mono,051,14174,218,167,5,172,1
2020-10-26,Monterey,053,433212,11570,11207,66,11273,87
2020-10-26,Napa,055,140530,2087,1966,8,1974,14
2020-10-26,Nevada,057,99092,656,618,18,636,8
2020-10-26,Orange,059,3164182,61262,58377,1774,60151,1442
2020-10-26,Placer,061,380077,4480,4161,15,4176,57
2020-10-26,Plumas,063,18699,84,63,0,63,0
2020-10-26,Riverside,065,2383286,68301,66475,389,66864,1294
2020-10-26,Sacramento,067,1510023,26097,25555,33,25588,496
2020-10-26,San Benito,069,59416,1443,1424,1,1425,15
2020-10-26,San Bernardino,071,2135413,64776,61871,469,62340,1153
2020-10-26,San Diego,073,3302833,57332,54957,1588,56545,870
2020-10-26,San Francisco,075,870044,12420,12072,48,12120,138
2020-10-26,San Joaquin,077,732212,22109,21459,213,21672,495
2020-10-26,San Luis Obispo,079,281455,4454,4133,28,4161,31
2020-10-26,San Mateo,081,765935,11485,11037,11,11048,156
2020-10-26,Santa Barbara,083,443738,9983,9827,92,9919,122
2020-10-26,Santa Clara,085,1922200,25755,24258,50,24308,365
2020-10-26,Santa Cruz,087,273765,2933,2808,33,2841,24
2020-10-26,Shasta,089,179085,2303,1889,20,1909,29
2020-10-26,Sierra,091,2930,6,6,0,6,0
2020-10-26,Siskiyou,093,43540,210,179,10,189,0
2020-10-26,Solano,095,438530,7561,7271,39,7310,62
2020-10-26,Sonoma,097,501317,9754,9315,28,9343,140
2020-10-26,Stanislaus,099,539301,17878,17666,761,18427,400
2020-10-26,Sutter,101,95872,1886,1817,1,1818,12
2020-10-26,Tehama,103,63373,950,892,2,894,5
2020-10-26,Trinity,105,12862,89,26,10,36,0
2020-10-26,Tulare,107,460477,18091,17432,373,17805,296
2020-10-26,Tuolumne,109,53932,291,271,6,277,4
2020-10-26,Ventura,111,848112,15112,14330,325,14655,154
2020-10-26,Yolo,113,214977,3305,3206,10,3216,58
2020-10-26,Yuba,115,75493,1266,1226,4,1230,10
2020-10-25,Alameda,001,1643700,23837,23192,223,23415,398
2020-10-25,Alpine,003,1148,3,3,0,3,0
2020-10-25,Amador,005,37829,345,330,0,330,16
2020-10-25,Butte,007,227075,3213,3087,52,3139,56
2020-10-25,Calaveras,009,45235,339,274,0,274,13
2020-10-25,Colusa,011,21464,555,548,1,549,6
2020-10-25,Contra Costa,013,1133247,19175,18640,93,18733,245
2020-10-25,Del Norte,015,27424,176,171,0,171,2
2020-10-25,El Dorado,017,186661,1430,1328,12,1340,4
2020-10-25,Fresno,019,978130,33627,30858,478,31336,441
2020-10-25,Glenn,021,27897,685,652,1,653,3
2020-10-25,Humboldt,023,135768,568,554,1,555,7
2020-10-25,Imperial,025,180216,12972,12572,16,12588,333
2020-10-25,Inyo,027,18085,245,226,5,231,14
2020-10-25,Kern,029,883053,34055,33185,431,33616,432
2020-10-25,Kings,031,150075,8715,8246,48,8294,82
2020-10-25,Lake,033,64148,722,695,0,695,15
2020-10-25,Lassen,035,31185,776,764,2,766,0
2020-10-25,Los Angeles,037,10098052,303197,297110,2840,299950,6973
2020-10-25,Madera,039,155013,5065,4909,38,4947,53
2020-10-25,Marin,041,260295,7155,7052,19,7071,102
2020-10-25,Mariposa,043,17540,80,77,0,77,2
2020-10-25,Mendocino,045,87422,1089,1024,4,1028,20
2020-10-25,Merced,047,269075,9569,9352,34,9386,150
2020-10-25,Modoc,049,8938,39,28,0,28,0
2020-10-25,Mono,051,14174,210,167,5,172,1
2020-10-25,Monterey,053,433212,11487,11182,61,11243,87
2020-10-25,Napa,055,140530,2057,1962,8,1970,14
2020-10-25,Nevada,057,99092,648,616,18,634,8
2020-10-25,Orange,059,3164182,60973,58185,1765,59950,1443
2020-10-25,Placer,061,380077,4428,4140,15,4155,57
2020-10-25,Plumas,063,18699,84,63,0,63,0
2020-10-25,Riverside,065,2383286,67850,66192,373,66565,1289
2020-10-25,Sacramento,067,1510023,25882,25445,31,25476,496
2020-10-25,San Benito,069,59416,1436,1423,1,1424,15
2020-10-25,San Bernardino,071,2135413,64236,61551,457,62008,1153
2020-10-25,San Diego,073,3302833,56869,54599,1556,56155,870
2020-10-25,San Francisco,075,870044,12347,12072,48,12120,137
2020-10-25,San Joaquin,077,732212,22001,21459,204,21663,495
2020-10-25,San Luis Obispo,079,281455,4412,4126,26,4152,31
2020-10-25,San Mateo,081,765935,11440,10987,11,10998,156
2020-10-25,Santa Barbara,083,443738,9964,9814,92,9906,122
2020-10-25,Santa Clara,085,1922200,25567,24087,50,24137,365
2020-10-25,Santa Cruz,087,273765,2906,2789,33,2822,24
2020-10-25,Shasta,089,179085,2239,1889,20,1909,29
2020-10-25,Sierra,091,2930,6,6,0,6,0
2020-10-25,Siskiyou,093,43540,207,176,10,186,0
2020-10-25,Solano,095,438530,7483,7197,39,7236,60
2020-10-25,Sonoma,097,501317,9661,9235,27,9262,140
2020-10-25,Stanislaus,099,539301,17821,17641,752,18393,400
2020-10-25,Sutter,101,95872,1868,1811,1,1812,12
2020-10-25,Tehama,103,63373,933,880,2,882,5
2020-10-25,Trinity,105,12862,85,26,10,36,0
2020-10-25,Tulare,107,460477,18017,17431,363,17794,296
2020-10-25,Tuolumne,109,53932,286,271,6,277,4
2020-10-25,Ventura,111,848112,15019,14300,319,14619,154
2020-10-25,Yolo,113,214977,3284,3190,10,3200,58
2020-10-25,Yuba,115,75493,1258,1219,4,1223,10
2020-10-24,Alameda,001,1643700,23766,23099,220,23319,398
2020-10-24,Alpine,003,1148,3,3,0,3,0
2020-10-24,Amador,005,37829,344,328,0,328,16
2020-10-24,Butte,007,227075,3204,3078,52,3130,56
2020-10-24,Calaveras,009,45235,337,274,0,274,13
2020-10-24,Colusa,011,21464,550,548,1,549,6
2020-10-24,Contra Costa,013,1133247,19109,18567,93,18660,244
2020-10-24,Del Norte,015,27424,175,171,0,171,2
2020-10-24,El Dorado,017,186661,1414,1317,12,1329,4
2020-10-24,Fresno,019,978130,33566,30752,473,31225,441
2020-10-24,Glenn,021,27897,682,650,1,651,3
2020-10-24,Humboldt,023,135768,566,553,1,554,7
2020-10-24,Imperial,025,180216,12945,12469,16,12485,333
2020-10-24,Inyo,027,18085,245,226,5,231,14
2020-10-24,Kern,029,883053,33997,33105,426,33531,432
2020-10-24,Kings,031,150075,8705,8228,47,8275,82
2020-10-24,Lake,033,64148,717,696,0,696,15
2020-10-24,Lassen,035,31185,775,764,2,766,0
2020-10-24,Los Angeles,037,10098052,302379,296323,2818,299141,6969
2020-10-24,Madera,039,155013,5052,4898,37,4935,53
2020-10-24,Marin,041,260295,7146,7042,19,7061,102
2020-10-24,Mariposa,043,17540,80,77,0,77,2
2020-10-24,Mendocino,045,87422,1077,1022,4,1026,20
2020-10-24,Merced,047,269075,9545,9351,34,9385,150
2020-10-24,Modoc,049,8938,38,28,0,28,0
2020-10-24,Mono,051,14174,196,167,5,172,1
2020-10-24,Monterey,053,433212,11418,11153,60,11213,87
2020-10-24,Napa,055,140530,2040,1957,8,1965,14
2020-10-24,Nevada,057,99092,644,608,18,626,8
2020-10-24,Orange,059,3164182,60818,57928,1755,59683,1441
2020-10-24,Placer,061,380077,4397,4093,15,4108,57
2020-10-24,Plumas,063,18699,78,63,0,63,0
2020-10-24,Riverside,065,2383286,67642,65902,359,66261,1288
2020-10-24,Sacramento,067,1510023,25801,25372,31,25403,496
2020-10-24,San Benito,069,59416,1431,1417,1,1418,15
2020-10-24,San Bernardino,071,2135413,63997,61351,449,61800,1153
2020-10-24,San Diego,073,3302833,56592,54330,1543,55873,868
2020-10-24,San Francisco,075,870044,12289,12073,47,12120,137
2020-10-24,San Joaquin,077,732212,21948,21458,199,21657,495
2020-10-24,San Luis Obispo,079,281455,4389,4119,25,4144,31
2020-10-24,San Mateo,081,765935,11401,10942,11,10953,155
2020-10-24,Santa Barbara,083,443738,9947,9781,92,9873,122
2020-10-24,Santa Clara,085,1922200,25480,23978,50,24028,365
2020-10-24,Santa Cruz,087,273765,2887,2775,33,2808,24
2020-10-24,Shasta,089,179085,2194,1878,20,1898,29
2020-10-24,Sierra,091,2930,6,6,0,6,0
2020-10-24,Siskiyou,093,43540,206,174,10,184,0
2020-10-24,Solano,095,438530,7430,7189,39,7228,60
2020-10-24,Sonoma,097,501317,9627,9179,27,9206,140
2020-10-24,Stanislaus,099,539301,17778,17574,737,18311,400
2020-10-24,Sutter,101,95872,1859,1804,1,1805,12
2020-10-24,Tehama,103,63373,925,872,2,874,5
2020-10-24,Trinity,105,12862,85,25,10,35,0
2020-10-24,Tulare,107,460477,17994,17406,352,17758,295
2020-10-24,Tuolumne,109,53932,283,269,6,275,4
2020-10-24,Ventura,111,848112,14966,14240,318,14558,154
2020-10-24,Yolo,113,214977,3272,3164,10,3174,57
2020-10-24,Yuba,115,75493,1255,1210,4,1214,10
2020-10-23,Alameda,001,1643700,23693,23047,218,23265,393
2020-10-23,Alpine,003,1148,3,3,0,3,0
2020-10-23,Amador,005,37829,343,324,0,324,16
2020-10-23,Butte,007,227075,3195,3059,52,3111,55
2020-10-23,Calaveras,009,45235,336,273,0,273,13
2020-10-23,Colusa,011,21464,550,547,1,548,6
2020-10-23,Contra Costa,013,1133247,19039,18483,92,18575,244
2020-10-23,Del Norte,015,27424,175,171,0,171,2
2020-10-23,El Dorado,017,186661,1405,1310,12,1322,4
2020-10-23,Fresno,019,978130,33499,30590,470,31060,441
2020-10-23,Glenn,021,27897,679,644,1,645,3
2020-10-23,Humboldt,023,135768,564,553,1,554,7
2020-10-23,Imperial,025,180216,12914,12398,15,12413,333
2020-10-23,Inyo,027,18085,244,226,5,231,14
2020-10-23,Kern,029,883053,33929,33077,421,33498,431
2020-10-23,Kings,031,150075,8696,8218,47,8265,82
2020-10-23,Lake,033,64148,715,689,0,689,15
2020-10-23,Lassen,035,31185,774,764,2,766,0
2020-10-23,Los Angeles,037,10098052,301295,294287,2790,297077,6956
2020-10-23,Madera,039,155013,5047,4888,37,4925,53
2020-10-23,Marin,041,260295,7133,7029,19,7048,102
2020-10-23,Mariposa,043,17540,80,77,0,77,2
2020-10-23,Mendocino,045,87422,1074,1019,4,1023,20
2020-10-23,Merced,047,269075,9531,9327,34,9361,149
2020-10-23,Modoc,049,8938,38,28,0,28,0
2020-10-23,Mono,051,14174,194,159,5,164,1
2020-10-23,Monterey,053,433212,11371,11099,56,11155,86
2020-10-23,Napa,055,140530,2032,1942,8,1950,14
2020-10-23,Nevada,057,99092,641,604,18,622,8
2020-10-23,Orange,059,3164182,60648,57595,1740,59335,1430
2020-10-23,Placer,061,380077,4350,4073,15,4088,57
2020-10-23,Plumas,063,18699,75,63,0,63,0
2020-10-23,Riverside,065,2383286,67403,65512,351,65863,1279
2020-10-23,Sacramento,067,1510023,25696,25224,31,25255,496
2020-10-23,San Benito,069,59416,1429,1412,1,1413,15
2020-10-23,San Bernardino,071,2135413,63711,60854,435,61289,1150
2020-10-23,San Diego,073,3302833,56286,53944,1516,55460,867
2020-10-23,San Francisco,075,870044,12258,12015,47,12062,137
2020-10-23,San Joaquin,077,732212,21892,21361,193,21554,495
2020-10-23,San Luis Obispo,079,281455,4364,4102,25,4127,31
2020-10-23,San Mateo,081,765935,11352,10872,11,10883,155
2020-10-23,Santa Barbara,083,443738,9931,9751,92,9843,121
2020-10-23,Santa Clara,085,1922200,25378,23822,50,23872,364
2020-10-23,Santa Cruz,087,273765,2873,2757,33,2790,24
2020-10-23,Shasta,089,179085,2157,1846,19,1865,29
2020-10-23,Sierra,091,2930,6,6,0,6,0
2020-10-23,Siskiyou,093,43540,202,172,10,182,0
2020-10-23,Solano,095,438530,7399,7174,39,7213,59
2020-10-23,Sonoma,097,501317,9570,9112,27,9139,139
2020-10-23,Stanislaus,099,539301,17741,17496,730,18226,395
2020-10-23,Sutter,101,95872,1852,1797,1,1798,12
2020-10-23,Tehama,103,63373,916,862,2,864,5
2020-10-23,Trinity,105,12862,85,26,10,36,0
2020-10-23,Tulare,107,460477,17949,17334,341,17675,295
2020-10-23,Tuolumne,109,53932,280,254,6,260,4
2020-10-23,Ventura,111,848112,14937,14192,318,14510,155
2020-10-23,Yolo,113,214977,3260,3140,10,3150,57
2020-10-23,Yuba,115,75493,1251,1206,4,1210,10
2020-10-22,Alameda,001,1643700,23592,22915,218,23133,393
2020-10-22,Alpine,003,1148,3,3,0,3,0
2020-10-22,Amador,005,37829,339,317,0,317,16
2020-10-22,Butte,007,227075,3185,3046,50,3096,55
2020-10-22,Calaveras,009,45235,333,273,0,273,13
2020-10-22,Colusa,011,21464,550,547,1,548,6
2020-10-22,Contra Costa,013,1133247,18968,18393,92,18485,243
2020-10-22,Del Norte,015,27424,174,168,0,168,2
2020-10-22,El Dorado,017,186661,1395,1308,12,1320,4
2020-10-22,Fresno,019,978130,33389,30471,462,30933,438
2020-10-22,Glenn,021,27897,672,643,1,644,3
2020-10-22,Humboldt,023,135768,562,548,1,549,7
2020-10-22,Imperial,025,180216,12861,12311,15,12326,333
2020-10-22,Inyo,027,18085,241,220,5,225,14
2020-10-22,Kern,029,883053,33848,32991,418,33409,431
2020-10-22,Kings,031,150075,8445,8201,47,8248,82
2020-10-22,Lake,033,64148,711,678,0,678,15
2020-10-22,Lassen,035,31185,771,764,2,766,0
2020-10-22,Los Angeles,037,10098052,299916,291599,2735,294334,6935
2020-10-22,Madera,039,155013,5026,4847,37,4884,52
2020-10-22,Marin,041,260295,7126,7014,19,7033,102
2020-10-22,Mariposa,043,17540,80,77,0,77,2
2020-10-22,Mendocino,045,87422,1069,1016,4,1020,20
2020-10-22,Merced,047,269075,9503,9323,34,9357,149
2020-10-22,Modoc,049,8938,34,26,0,26,0
2020-10-22,Mono,051,14174,189,156,5,161,1
2020-10-22,Monterey,053,433212,11312,11059,53,11112,84
2020-10-22,Napa,055,140530,2017,1928,8,1936,14
2020-10-22,Nevada,057,99092,635,600,18,618,8
2020-10-22,Orange,059,3164182,60433,57418,1723,59141,1422
2020-10-22,Placer,061,380077,4301,4036,15,4051,57
2020-10-22,Plumas,063,18699,72,62,0,62,0
2020-10-22,Riverside,065,2383286,67068,65104,333,65437,1279
2020-10-22,Sacramento,067,1510023,25556,25054,31,25085,492
2020-10-22,San Benito,069,59416,1425,1403,1,1404,15
2020-10-22,San Bernardino,071,2135413,63309,60402,420,60822,1149
2020-10-22,San Diego,073,3302833,55899,53514,1497,55011,866
2020-10-22,San Francisco,075,870044,12200,11991,45,12036,137
2020-10-22,San Joaquin,077,732212,21819,21282,187,21469,495
2020-10-22,San Luis Obispo,079,281455,4348,4081,25,4106,31
2020-10-22,San Mateo,081,765935,11296,10796,11,10807,155
2020-10-22,Santa Barbara,083,443738,9898,9710,90,9800,120
2020-10-22,Santa Clara,085,1922200,25224,23621,50,23671,363
2020-10-22,Santa Cruz,087,273765,2855,2738,32,2770,24
2020-10-22,Shasta,089,179085,2111,1799,19,1818,29
2020-10-22,Sierra,091,2930,6,6,0,6,0
2020-10-22,Siskiyou,093,43540,201,169,10,179,0
2020-10-22,Solano,095,438530,7353,7116,39,7155,59
2020-10-22,Sonoma,097,501317,9504,9052,26,9078,139
2020-10-22,Stanislaus,099,539301,17688,17440,718,18158,395
2020-10-22,Sutter,101,95872,1838,1794,1,1795,12
2020-10-22,Tehama,103,63373,905,852,2,854,5
2020-10-22,Trinity,105,12862,84,26,10,36,0
2020-10-22,Tulare,107,460477,17883,17265,328,17593,293
2020-10-22,Tuolumne,109,53932,277,252,6,258,4
2020-10-22,Ventura,111,848112,14890,14124,316,14440,154
2020-10-22,Yolo,113,214977,3248,3116,10,3126,58
2020-10-22,Yuba,115,75493,1244,1199,3,1202,10
2020-10-21,Alameda,001,1643700,23504,22853,216,23069,392
2020-10-21,Alpine,003,1148,3,3,0,3,0
2020-10-21,Amador,005,37829,334,313,0,313,16
2020-10-21,Butte,007,227075,3173,3041,50,3091,55
2020-10-21,Calaveras,009,45235,332,272,0,272,13
2020-10-21,Colusa,011,21464,550,546,1,547,6
2020-10-21,Contra Costa,013,1133247,18894,18299,92,18391,243
2020-10-21,Del Norte,015,27424,174,169,0,169,2
2020-10-21,El Dorado,017,186661,1383,1305,11,1316,4
2020-10-21,Fresno,019,978130,33293,30328,457,30785,433
2020-10-21,Glenn,021,27897,667,640,1,641,3
2020-10-21,Humboldt,023,135768,561,548,1,549,7
2020-10-21,Imperial,025,180216,12804,12210,15,12225,331
2020-10-21,Inyo,027,18085,237,220,5,225,14
2020-10-21,Kern,029,883053,33773,32956,416,33372,430
2020-10-21,Kings,031,150075,8418,8186,47,8233,80
2020-10-21,Lake,033,64148,710,676,0,676,15
2020-10-21,Lassen,035,31185,770,764,2,766,0
2020-10-21,Los Angeles,037,10098052,298575,288096,2693,290789,6923
2020-10-21,Madera,039,155013,5001,4831,37,4868,52
2020-10-21,Marin,041,260295,7117,7002,19,7021,102
2020-10-21,Mariposa,043,17540,80,77,0,77,2
2020-10-21,Mendocino,045,87422,1067,1011,4,1015,21
2020-10-21,Merced,047,269075,9479,9319,32,9351,149
2020-10-21,Modoc,049,8938,33,26,0,26,0
2020-10-21,Mono,051,14174,187,156,5,161,1
2020-10-21,Monterey,053,433212,11274,11005,52,11057,83
2020-10-21,Napa,055,140530,2002,1918,8,1926,13
2020-10-21,Nevada,057,99092,629,597,18,615,8
2020-10-21,Orange,059,3164182,60221,57189,1714,58903,1409
2020-10-21,Placer,061,380077,4264,4007,15,4022,56
2020-10-21,Plumas,063,18699,69,58,0,58,0
2020-10-21,Riverside,065,2383286,66772,64778,309,65087,1278
2020-10-21,Sacramento,067,1510023,25362,24908,31,24939,490
2020-10-21,San Benito,069,59416,1424,1401,1,1402,14
2020-10-21,San Bernardino,071,2135413,62899,59948,413,60361,1141
2020-10-21,San Diego,073,3302833,55547,53279,1469,54748,863
2020-10-21,San Francisco,075,870044,12151,11976,44,12020,137
2020-10-21,San Joaquin,077,732212,21743,21201,181,21382,495
2020-10-21,San Luis Obispo,079,281455,4321,4055,23,4078,31
2020-10-21,San Mateo,081,765935,11247,10730,11,10741,155
2020-10-21,Santa Barbara,083,443738,9881,9681,89,9770,121
2020-10-21,Santa Clara,085,1922200,25097,23537,50,23587,361
2020-10-21,Santa Cruz,087,273765,2832,2729,32,2761,24
2020-10-21,Shasta,089,179085,2075,1777,19,1796,27
2020-10-21,Sierra,091,2930,6,6,0,6,0
2020-10-21,Siskiyou,093,43540,197,169,10,179,0
2020-10-21,Solano,095,438530,7307,7088,39,7127,59
2020-10-21,Sonoma,097,501317,9424,8987,26,9013,138
2020-10-21,Stanislaus,099,539301,17639,17419,710,18129,392
2020-10-21,Sutter,101,95872,1824,1786,1,1787,12
2020-10-21,Tehama,103,63373,889,824,2,826,5
2020-10-21,Trinity,105,12862,78,25,9,34,0
2020-10-21,Tulare,107,460477,17845,17204,314,17518,292
2020-10-21,Tuolumne,109,53932,276,251,6,257,4
2020-10-21,Ventura,111,848112,14827,14050,313,14363,153
2020-10-21,Yolo,113,214977,3229,3095,10,3105,58
2020-10-21,Yuba,115,75493,1236,1194,3,1197,10
2020-10-20,Alameda,001,1643700,23402,22750,212,22962,391
2020-10-20,Alpine,003,1148,3,3,0,3,0
2020-10-20,Amador,005,37829,333,313,0,313,16
2020-10-20,Butte,007,227075,3161,3027,50,3077,56
2020-10-20,Calaveras,009,45235,330,273,0,273,13
2020-10-20,Colusa,011,21464,547,546,1,547,6
2020-10-20,Contra Costa,013,1133247,18801,18246,92,18338,241
2020-10-20,Del Norte,015,27424,173,169,0,169,2
2020-10-20,El Dorado,017,186661,1377,1295,11,1306,4
2020-10-20,Fresno,019,978130,33190,30220,451,30671,431
2020-10-20,Glenn,021,27897,662,638,1,639,3
2020-10-20,Humboldt,023,135768,557,545,1,546,7
2020-10-20,Imperial,025,180216,12736,12114,15,12129,330
2020-10-20,Inyo,027,18085,237,218,5,223,14
2020-10-20,Kern,029,883053,33698,32889,403,33292,429
2020-10-20,Kings,031,150075,8400,8178,46,8224,80
2020-10-20,Lake,033,64148,708,675,0,675,15
2020-10-20,Lassen,035,31185,769,757,2,759,0
2020-10-20,Los Angeles,037,10098052,297081,287727,2644,290371,6891
2020-10-20,Madera,039,155013,4984,4823,37,4860,52
2020-10-20,Marin,041,260295,7102,6994,19,7013,101
2020-10-20,Mariposa,043,17540,79,77,0,77,2
2020-10-20,Mendocino,045,87422,1065,1004,4,1008,21
2020-10-20,Merced,047,269075,9457,9323,32,9355,149
2020-10-20,Modoc,049,8938,32,26,0,26,0
2020-10-20,Mono,051,14174,187,156,5,161,1
2020-10-20,Monterey,053,433212,11231,10942,49,10991,81
2020-10-20,Napa,055,140530,1983,1912,8,1920,13
2020-10-20,Nevada,057,99092,619,596,18,614,8
2020-10-20,Orange,059,3164182,59957,56914,1704,58618,1397
2020-10-20,Placer,061,380077,4226,3997,15,4012,56
2020-10-20,Plumas,063,18699,66,53,0,53,0
2020-10-20,Riverside,065,2383286,66393,64452,297,64749,1275
2020-10-20,Sacramento,067,1510023,25234,24767,30,24797,485
2020-10-20,San Benito,069,59416,1421,1398,1,1399,14
2020-10-20,San Bernardino,071,2135413,62515,59571,411,59982,1109
2020-10-20,San Diego,073,3302833,55211,53004,1449,54453,857
2020-10-20,San Francisco,075,870044,12104,12013,43,12056,126
2020-10-20,San Joaquin,077,732212,21664,21173,172,21345,490
2020-10-20,San Luis Obispo,079,281455,4303,4043,22,4065,31
2020-10-20,San Mateo,081,765935,11200,10659,11,10670,155
2020-10-20,Santa Barbara,083,443738,9852,9664,87,9751,121
2020-10-20,Santa Clara,085,1922200,24959,23406,50,23456,358
2020-10-20,Santa Cruz,087,273765,2809,2710,32,2742,23
2020-10-20,Shasta,089,179085,2052,1747,19,1766,20
2020-10-20,Sierra,091,2930,6,6,0,6,0
2020-10-20,Siskiyou,093,43540,189,168,10,178,0
2020-10-20,Solano,095,438530,7258,7044,39,7083,57
2020-10-20,Sonoma,097,501317,9361,8904,24,8928,135
2020-10-20,Stanislaus,099,539301,17586,17367,706,18073,393
2020-10-20,Sutter,101,95872,1815,1783,1,1784,12
2020-10-20,Tehama,103,63373,874,813,2,815,5
2020-10-20,Trinity,105,12862,77,25,9,34,0
2020-10-20,Tulare,107,460477,17778,17156,309,17465,289
2020-10-20,Tuolumne,109,53932,274,250,6,256,4
2020-10-20,Ventura,111,848112,14763,13980,311,14291,152
2020-10-20,Yolo,113,214977,3206,3083,10,3093,56
2020-10-20,Yuba,115,75493,1226,1191,3,1194,10
2020-10-19,Alameda,001,1643700,23292,22647,211,22858,392
2020-10-19,Alpine,003,1148,3,3,0,3,0
2020-10-19,Amador,005,37829,327,313,0,313,16
2020-10-19,Butte,007,227075,3150,3026,50,3076,55
2020-10-19,Calaveras,009,45235,329,268,0,268,13
2020-10-19,Colusa,011,21464,547,544,1,545,6
2020-10-19,Contra Costa,013,1133247,18702,18173,92,18265,239
2020-10-19,Del Norte,015,27424,170,167,0,167,2
2020-10-19,El Dorado,017,186661,1356,1287,11,1298,4
2020-10-19,Fresno,019,978130,33080,30152,445,30597,431
2020-10-19,Glenn,021,27897,657,635,0,635,3
2020-10-19,Humboldt,023,135768,557,543,1,544,7
2020-10-19,Imperial,025,180216,12682,12036,14,12050,330
2020-10-19,Inyo,027,18085,236,218,5,223,14
2020-10-19,Kern,029,883053,33622,32840,400,33240,428
2020-10-19,Kings,031,150075,8382,8173,46,8219,80
2020-10-19,Lake,033,64148,705,673,0,673,15
2020-10-19,Lassen,035,31185,768,757,2,759,0
2020-10-19,Los Angeles,037,10098052,295597,287119,2606,289725,6858
2020-10-19,Madera,039,155013,4969,4787,37,4824,52
2020-10-19,Marin,041,260295,7084,6981,19,7000,100
2020-10-19,Mariposa,043,17540,79,77,0,77,2
2020-10-19,Mendocino,045,87422,1060,1001,4,1005,21
2020-10-19,Merced,047,269075,9432,9305,29,9334,148
2020-10-19,Modoc,049,8938,31,26,0,26,0
2020-10-19,Mono,051,14174,182,156,5,161,1
2020-10-19,Monterey,053,433212,11170,10907,49,10956,80
2020-10-19,Napa,055,140530,1971,1892,8,1900,12
2020-10-19,Nevada,057,99092,616,590,18,608,8
2020-10-19,Orange,059,3164182,59674,56652,1689,58341,1396
2020-10-19,Placer,061,380077,4178,3962,15,3977,49
2020-10-19,Plumas,063,18699,64,52,0,52,0
2020-10-19,Riverside,065,2383286,65962,64016,281,64297,1272
2020-10-19,Sacramento,067,1510023,25095,24542,30,24572,483
2020-10-19,San Benito,069,59416,1414,1395,1,1396,14
2020-10-19,San Bernardino,071,2135413,62063,59265,399,59664,1100
2020-10-19,San Diego,073,3302833,54825,52739,1424,54163,853
2020-10-19,San Francisco,075,870044,12060,11879,43,11922,126
2020-10-19,San Joaquin,077,732212,21589,20930,164,21094,489
2020-10-19,San Luis Obispo,079,281455,4287,4016,22,4038,31
2020-10-19,San Mateo,081,765935,11154,10568,11,10579,154
2020-10-19,Santa Barbara,083,443738,9816,9632,87,9719,121
2020-10-19,Santa Clara,085,1922200,24809,23301,50,23351,352
2020-10-19,Santa Cruz,087,273765,2792,2705,32,2737,19
2020-10-19,Shasta,089,179085,2008,1709,18,1727,20
2020-10-19,Sierra,091,2930,6,6,0,6,0
2020-10-19,Siskiyou,093,43540,182,167,10,177,0
2020-10-19,Solano,095,438530,7217,7003,39,7042,57
2020-10-19,Sonoma,097,501317,9274,8830,24,8854,135
2020-10-19,Stanislaus,099,539301,17535,17342,696,18038,390
2020-10-19,Sutter,101,95872,1810,1773,1,1774,12
2020-10-19,Tehama,103,63373,871,793,2,795,5
2020-10-19,Trinity,105,12862,75,23,9,32,0
2020-10-19,Tulare,107,460477,17728,17047,302,17349,291
2020-10-19,Tuolumne,109,53932,272,247,6,253,4
2020-10-19,Ventura,111,848112,14698,13930,308,14238,152
2020-10-19,Yolo,113,214977,3193,3069,10,3079,56
2020-10-19,Yuba,115,75493,1219,1183,3,1186,10
2020-10-18,Alameda,001,1643700,23188,22546,210,22756,392
2020-10-18,Alpine,003,1148,3,3,0,3,0
2020-10-18,Amador,005,37829,316,313,0,313,16
2020-10-18,Butte,007,227075,3137,3019,50,3069,55
2020-10-18,Calaveras,009,45235,328,267,0,267,13
2020-10-18,Colusa,011,21464,545,544,1,545,6
2020-10-18,Contra Costa,013,1133247,18604,18120,92,18212,237
2020-10-18,Del Norte,015,27424,170,167,0,167,2
2020-10-18,El Dorado,017,186661,1347,1283,11,1294,4
2020-10-18,Fresno,019,978130,32950,30051,437,30488,430
2020-10-18,Glenn,021,27897,655,634,0,634,3
2020-10-18,Humboldt,023,135768,554,540,1,541,7
2020-10-18,Imperial,025,180216,12619,11987,13,12000,330
2020-10-18,Inyo,027,18085,233,215,5,220,14
2020-10-18,Kern,029,883053,33549,32799,393,33192,428
2020-10-18,Kings,031,150075,8367,8159,46,8205,80
2020-10-18,Lake,033,64148,698,670,0,670,15
2020-10-18,Lassen,035,31185,768,757,2,759,0
2020-10-18,Los Angeles,037,10098052,293888,286187,2564,288751,6857
2020-10-18,Madera,039,155013,4944,4770,37,4807,52
2020-10-18,Marin,041,260295,7063,6969,19,6988,99
2020-10-18,Mariposa,043,17540,79,77,0,77,2
2020-10-18,Mendocino,045,87422,1058,988,4,992,21
2020-10-18,Merced,047,269075,9397,9292,29,9321,148
2020-10-18,Modoc,049,8938,30,26,0,26,0
2020-10-18,Mono,051,14174,177,155,5,160,1
2020-10-18,Monterey,053,433212,11117,10872,49,10921,80
2020-10-18,Napa,055,140530,1958,1882,8,1890,12
2020-10-18,Nevada,057,99092,610,582,18,600,8
2020-10-18,Orange,059,3164182,59377,56394,1672,58066,1396
2020-10-18,Placer,061,380077,4130,3938,15,3953,49
2020-10-18,Plumas,063,18699,62,52,0,52,0
2020-10-18,Riverside,065,2383286,65649,63765,260,64025,1270
2020-10-18,Sacramento,067,1510023,24940,24425,30,24455,482
2020-10-18,San Benito,069,59416,1407,1395,1,1396,14
2020-10-18,San Bernardino,071,2135413,61564,58893,391,59284,1098
2020-10-18,San Diego,073,3302833,54436,52359,1403,53762,853
2020-10-18,San Francisco,075,870044,12021,11878,43,11921,126
2020-10-18,San Joaquin,077,732212,21506,20931,151,21082,489
2020-10-18,San Luis Obispo,079,281455,4256,4009,20,4029,31
2020-10-18,San Mateo,081,765935,11095,10503,11,10514,154
2020-10-18,Santa Barbara,083,443738,9776,9608,86,9694,121
2020-10-18,Santa Clara,085,1922200,24636,23169,50,23219,352
2020-10-18,Santa Cruz,087,273765,2778,2692,32,2724,19
2020-10-18,Shasta,089,179085,1983,1708,18,1726,20
2020-10-18,Sierra,091,2930,6,6,0,6,0
2020-10-18,Siskiyou,093,43540,182,167,10,177,0
2020-10-18,Solano,095,438530,7170,6962,39,7001,57
2020-10-18,Sonoma,097,501317,9197,8781,23,8804,134
2020-10-18,Stanislaus,099,539301,17478,17290,687,17977,390
2020-10-18,Sutter,101,95872,1801,1764,1,1765,12
2020-10-18,Tehama,103,63373,839,774,2,776,5
2020-10-18,Trinity,105,12862,75,20,9,29,0
2020-10-18,Tulare,107,460477,17634,17048,293,17341,290
2020-10-18,Tuolumne,109,53932,266,245,6,251,4
2020-10-18,Ventura,111,848112,14618,13901,307,14208,151
2020-10-18,Yolo,113,214977,3154,3059,10,3069,55
2020-10-18,Yuba,115,75493,1208,1176,3,1179,10
2020-10-17,Alameda,001,1643700,23143,22394,208,22602,398
2020-10-17,Alpine,003,1148,3,3,0,3,0
2020-10-17,Amador,005,37829,314,309,0,309,16
2020-10-17,Butte,007,227075,3130,3012,48,3060,55
2020-10-17,Calaveras,009,45235,328,267,0,267,13
2020-10-17,Colusa,011,21464,544,544,1,545,6
2020-10-17,Contra Costa,013,1133247,18551,18005,92,18097,237
2020-10-17,Del Norte,015,27424,170,167,0,167,2
2020-10-17,El Dorado,017,186661,1343,1277,11,1288,4
2020-10-17,Fresno,019,978130,32896,29911,435,30346,430
2020-10-17,Glenn,021,27897,652,633,0,633,3
2020-10-17,Humboldt,023,135768,551,535,1,536,7
2020-10-17,Imperial,025,180216,12591,11962,13,11975,330
2020-10-17,Inyo,027,18085,228,212,5,217,14
2020-10-17,Kern,029,883053,33498,32710,390,33100,428
2020-10-17,Kings,031,150075,8361,8151,45,8196,80
2020-10-17,Lake,033,64148,695,663,0,663,15
2020-10-17,Lassen,035,31185,768,757,2,759,0
2020-10-17,Los Angeles,037,10098052,293134,285858,2537,288395,6844
2020-10-17,Madera,039,155013,4938,4759,37,4796,53
2020-10-17,Marin,041,260295,7060,6958,19,6977,99
2020-10-17,Mariposa,043,17540,78,77,0,77,2
2020-10-17,Mendocino,045,87422,1051,977,4,981,21
2020-10-17,Merced,047,269075,9384,9275,29,9304,148
2020-10-17,Modoc,049,8938,30,26,0,26,0
2020-10-17,Mono,051,14174,176,155,5,160,1
2020-10-17,Monterey,053,433212,11078,10807,48,10855,80
2020-10-17,Napa,055,140530,1949,1866,8,1874,12
2020-10-17,Nevada,057,99092,609,580,18,598,8
2020-10-17,Orange,059,3164182,59235,56197,1666,57863,1396
2020-10-17,Placer,061,380077,4103,3898,15,3913,49
2020-10-17,Plumas,063,18699,62,52,0,52,0
2020-10-17,Riverside,065,2383286,65452,63171,251,63422,1270
2020-10-17,Sacramento,067,1510023,24857,24304,30,24334,482
2020-10-17,San Benito,069,59416,1403,1389,1,1390,14
2020-10-17,San Bernardino,071,2135413,61291,58415,384,58799,1097
2020-10-17,San Diego,073,3302833,54211,51986,1392,53378,853
2020-10-17,San Francisco,075,870044,11994,11877,42,11919,126
2020-10-17,San Joaquin,077,732212,21452,20932,145,21077,489
2020-10-17,San Luis Obispo,079,281455,4241,3979,20,3999,31
2020-10-17,San Mateo,081,765935,11067,10423,11,10434,153
2020-10-17,Santa Barbara,083,443738,9757,9588,84,9672,121
2020-10-17,Santa Clara,085,1922200,24546,22997,50,23047,349
2020-10-17,Santa Cruz,087,273765,2764,2680,32,2712,19
2020-10-17,Shasta,089,179085,1957,1679,18,1697,20
2020-10-17,Sierra,091,2930,6,6,0,6,0
2020-10-17,Siskiyou,093,43540,181,167,10,177,0
2020-10-17,Solano,095,438530,7143,6929,39,6968,57
2020-10-17,Sonoma,097,501317,9154,8725,23,8748,134
2020-10-17,Stanislaus,099,539301,17437,17232,678,17910,390
2020-10-17,Sutter,101,95872,1799,1762,1,1763,12
2020-10-17,Tehama,103,63373,823,764,2,766,5
2020-10-17,Trinity,105,12862,75,20,9,29,0
2020-10-17,Tulare,107,460477,17604,16995,284,17279,290
2020-10-17,Tuolumne,109,53932,266,241,6,247,4
2020-10-17,Ventura,111,848112,14573,13845,304,14149,151
2020-10-17,Yolo,113,214977,3139,3045,9,3054,55
2020-10-17,Yuba,115,75493,1203,1164,3,1167,10
2020-10-16,Alameda,001,1643700,23089,22315,208,22523,397
2020-10-16,Alpine,003,1148,3,3,0,3,0
2020-10-16,Amador,005,37829,314,309,0,309,16
2020-10-16,Butte,007,227075,3118,3004,48,3052,54
2020-10-16,Calaveras,009,45235,328,267,0,267,13
2020-10-16,Colusa,011,21464,543,544,1,545,6
2020-10-16,Contra Costa,013,1133247,18499,17956,92,18048,237
2020-10-16,Del Norte,015,27424,169,166,0,166,2
2020-10-16,El Dorado,017,186661,1337,1273,11,1284,4
2020-10-16,Fresno,019,978130,32821,29796,434,30230,427
2020-10-16,Glenn,021,27897,647,632,0,632,3
2020-10-16,Humboldt,023,135768,551,533,1,534,7
2020-10-16,Imperial,025,180216,12551,11885,13,11898,330
2020-10-16,Inyo,027,18085,224,212,5,217,14
2020-10-16,Kern,029,883053,33455,32660,388,33048,428
2020-10-16,Kings,031,150075,8352,8146,44,8190,80
2020-10-16,Lake,033,64148,693,644,0,644,14
2020-10-16,Lassen,035,31185,768,757,2,759,0
2020-10-16,Los Angeles,037,10098052,292070,284988,2516,287504,6835
2020-10-16,Madera,039,155013,4926,4736,36,4772,53
2020-10-16,Marin,041,260295,7050,6933,19,6952,99
2020-10-16,Mariposa,043,17540,78,76,0,76,2
2020-10-16,Mendocino,045,87422,1044,974,4,978,21
2020-10-16,Merced,047,269075,9367,9246,29,9275,148
2020-10-16,Modoc,049,8938,30,26,0,26,0
2020-10-16,Mono,051,14174,174,155,5,160,1
2020-10-16,Monterey,053,433212,11043,10727,48,10775,79
2020-10-16,Napa,055,140530,1940,1855,8,1863,12
2020-10-16,Nevada,057,99092,607,579,18,597,8
2020-10-16,Orange,059,3164182,59057,56091,1660,57751,1388
2020-10-16,Placer,061,380077,4082,3864,15,3879,49
2020-10-16,Plumas,063,18699,61,52,0,52,0
2020-10-16,Riverside,065,2383286,65226,62986,250,63236,1267
2020-10-16,Sacramento,067,1510023,24762,24144,30,24174,479
2020-10-16,San Benito,069,59416,1400,1388,1,1389,14
2020-10-16,San Bernardino,071,2135413,61021,58233,384,58617,1069
2020-10-16,San Diego,073,3302833,53969,51785,1378,53163,850
2020-10-16,San Francisco,075,870044,11972,11840,41,11881,126
2020-10-16,San Joaquin,077,732212,21407,20910,144,21054,489
2020-10-16,San Luis Obispo,079,281455,4225,3952,20,3972,32
2020-10-16,San Mateo,081,765935,11041,10405,11,10416,153
2020-10-16,Santa Barbara,083,443738,9738,9549,84,9633,119
2020-10-16,Santa Clara,085,1922200,24458,22920,50,22970,345
2020-10-16,Santa Cruz,087,273765,2751,2666,32,2698,20
2020-10-16,Shasta,089,179085,1935,1660,18,1678,20
2020-10-16,Sierra,091,2930,6,6,0,6,0
2020-10-16,Siskiyou,093,43540,179,167,10,177,0
2020-10-16,Solano,095,438530,7120,6879,39,6918,55
2020-10-16,Sonoma,097,501317,9098,8652,23,8675,133
2020-10-16,Stanislaus,099,539301,17403,17201,670,17871,366
2020-10-16,Sutter,101,95872,1791,1756,1,1757,12
2020-10-16,Tehama,103,63373,822,737,2,739,3
2020-10-16,Trinity,105,12862,75,20,9,29,0
2020-10-16,Tulare,107,460477,17572,16965,276,17241,290
2020-10-16,Tuolumne,109,53932,264,237,6,243,4
2020-10-16,Ventura,111,848112,14530,13805,299,14104,152
2020-10-16,Yolo,113,214977,3130,3030,9,3039,55
2020-10-16,Yuba,115,75493,1203,1155,3,1158,10
2020-10-15,Alameda,001,1643700,23021,22267,207,22474,390
2020-10-15,Alpine,003,1148,3,3,0,3,0
2020-10-15,Amador,005,37829,314,309,0,309,16
2020-10-15,Butte,007,227075,3106,3000,47,3047,54
2020-10-15,Calaveras,009,45235,327,267,0,267,13
2020-10-15,Colusa,011,21464,542,543,1,544,6
2020-10-15,Contra Costa,013,1133247,18431,17893,91,17984,237
2020-10-15,Del Norte,015,27424,169,164,0,164,2
2020-10-15,El Dorado,017,186661,1332,1265,11,1276,4
2020-10-15,Fresno,019,978130,32723,29727,431,30158,425
2020-10-15,Glenn,021,27897,642,632,0,632,3
2020-10-15,Humboldt,023,135768,547,531,1,532,7
2020-10-15,Imperial,025,180216,12510,11820,12,11832,330
2020-10-15,Inyo,027,18085,224,210,5,215,14
2020-10-15,Kern,029,883053,33374,32593,385,32978,427
2020-10-15,Kings,031,150075,8337,8134,44,8178,80
2020-10-15,Lake,033,64148,691,642,0,642,14
2020-10-15,Lassen,035,31185,767,752,2,754,0
2020-10-15,Los Angeles,037,10098052,290785,284019,2483,286502,6807
2020-10-15,Madera,039,155013,4913,4723,35,4758,50
2020-10-15,Marin,041,260295,7042,6912,19,6931,99
2020-10-15,Mariposa,043,17540,78,76,0,76,2
2020-10-15,Mendocino,045,87422,1038,963,4,967,21
2020-10-15,Merced,047,269075,9340,9213,29,9242,147
2020-10-15,Modoc,049,8938,30,26,0,26,0
2020-10-15,Mono,051,14174,174,155,5,160,1
2020-10-15,Monterey,053,433212,10976,10677,47,10724,79
2020-10-15,Napa,055,140530,1927,1842,8,1850,12
2020-10-15,Nevada,057,99092,603,575,18,593,8
2020-10-15,Orange,059,3164182,58841,55952,1648,57600,1379
2020-10-15,Placer,061,380077,4053,3848,15,3863,48
2020-10-15,Plumas,063,18699,58,52,0,52,0
2020-10-15,Riverside,065,2383286,64893,62819,247,63066,1266
2020-10-15,Sacramento,067,1510023,24646,24068,30,24098,474
2020-10-15,San Benito,069,59416,1397,1384,1,1385,14
2020-10-15,San Bernardino,071,2135413,60682,58068,381,58449,1067
2020-10-15,San Diego,073,3302833,53685,51472,1362,52834,847
2020-10-15,San Francisco,075,870044,11944,11808,38,11846,126
2020-10-15,San Joaquin,077,732212,21336,20880,138,21018,487
2020-10-15,San Luis Obispo,079,281455,4209,3934,20,3954,32
2020-10-15,San Mateo,081,765935,11001,10340,11,10351,152
2020-10-15,Santa Barbara,083,443738,9714,9526,83,9609,117
2020-10-15,Santa Clara,085,1922200,24342,22808,50,22858,343
2020-10-15,Santa Cruz,087,273765,2737,2656,32,2688,13
2020-10-15,Shasta,089,179085,1924,1635,18,1653,20
2020-10-15,Sierra,091,2930,6,6,0,6,0
2020-10-15,Siskiyou,093,43540,175,166,10,176,0
2020-10-15,Solano,095,438530,7081,6830,39,6869,55
2020-10-15,Sonoma,097,501317,9006,8571,23,8594,133
2020-10-15,Stanislaus,099,539301,17365,17151,656,17807,366
2020-10-15,Sutter,101,95872,1788,1752,1,1753,12
2020-10-15,Tehama,103,63373,795,726,2,728,3
2020-10-15,Trinity,105,12862,75,20,9,29,0
2020-10-15,Tulare,107,460477,17512,16918,261,17179,289
2020-10-15,Tuolumne,109,53932,262,236,6,242,4
2020-10-15,Ventura,111,848112,14474,13750,294,14044,152
2020-10-15,Yolo,113,214977,3110,3014,9,3023,55
2020-10-15,Yuba,115,75493,1196,1151,3,1154,10
2020-10-14,Alameda,001,1643700,22922,22227,206,22433,398
2020-10-14,Alpine,003,1148,3,3,0,3,0
2020-10-14,Amador,005,37829,312,308,0,308,16
2020-10-14,Butte,007,227075,3098,2995,47,3042,54
2020-10-14,Calaveras,009,45235,327,266,0,266,12
2020-10-14,Colusa,011,21464,542,543,1,544,6
2020-10-14,Contra Costa,013,1133247,18373,17820,89,17909,236
2020-10-14,Del Norte,015,27424,168,163,0,163,2
2020-10-14,El Dorado,017,186661,1326,1264,10,1274,4
2020-10-14,Fresno,019,978130,32608,29650,425,30075,424
2020-10-14,Glenn,021,27897,641,629,0,629,3
2020-10-14,Humboldt,023,135768,544,531,1,532,7
2020-10-14,Imperial,025,180216,12473,11765,10,11775,330
2020-10-14,Inyo,027,18085,223,209,4,213,14
2020-10-14,Kern,029,883053,33299,32528,383,32911,425
2020-10-14,Kings,031,150075,8319,8118,44,8162,80
2020-10-14,Lake,033,64148,690,642,0,642,14
2020-10-14,Lassen,035,31185,765,752,2,754,0
2020-10-14,Los Angeles,037,10098052,289470,282918,2440,285358,6786
2020-10-14,Madera,039,155013,4898,4713,33,4746,50
2020-10-14,Marin,041,260295,7036,6907,19,6926,99
2020-10-14,Mariposa,043,17540,77,76,0,76,2
2020-10-14,Mendocino,045,87422,1032,955,4,959,21
2020-10-14,Merced,047,269075,9315,9201,27,9228,147
2020-10-14,Modoc,049,8938,30,27,0,27,0
2020-10-14,Mono,051,14174,174,155,5,160,1
2020-10-14,Monterey,053,433212,10926,10616,47,10663,78
2020-10-14,Napa,055,140530,1910,1837,8,1845,12
2020-10-14,Nevada,057,99092,601,573,18,591,7
2020-10-14,Orange,059,3164182,58628,55756,1639,57395,1348
2020-10-14,Placer,061,380077,4030,3829,15,3844,48
2020-10-14,Plumas,063,18699,54,52,0,52,0
2020-10-14,Riverside,065,2383286,64610,62607,246,62853,1261
2020-10-14,Sacramento,067,1510023,24502,24013,30,24043,472
2020-10-14,San Benito,069,59416,1395,1381,0,1381,14
2020-10-14,San Bernardino,071,2135413,60356,57774,377,58151,1063
2020-10-14,San Diego,073,3302833,53366,51329,1338,52667,844
2020-10-14,San Francisco,075,870044,11912,11783,37,11820,123
2020-10-14,San Joaquin,077,732212,21257,20845,124,20969,487
2020-10-14,San Luis Obispo,079,281455,4186,3901,19,3920,32
2020-10-14,San Mateo,081,765935,10950,10309,11,10320,132
2020-10-14,Santa Barbara,083,443738,9680,9509,83,9592,117
2020-10-14,Santa Clara,085,1922200,24193,22735,50,22785,343
2020-10-14,Santa Cruz,087,273765,2727,2618,32,2650,13
2020-10-14,Shasta,089,179085,1886,1553,18,1571,20
2020-10-14,Sierra,091,2930,6,6,0,6,0
2020-10-14,Siskiyou,093,43540,175,166,10,176,0
2020-10-14,Solano,095,438530,7025,6786,39,6825,55
2020-10-14,Sonoma,097,501317,8953,8514,23,8537,133
2020-10-14,Stanislaus,099,539301,17320,17105,653,17758,365
2020-10-14,Sutter,101,95872,1779,1747,1,1748,12
2020-10-14,Tehama,103,63373,784,721,2,723,3
2020-10-14,Trinity,105,12862,74,20,9,29,0
2020-10-14,Tulare,107,460477,17450,16863,248,17111,287
2020-10-14,Tuolumne,109,53932,261,236,6,242,4
2020-10-14,Ventura,111,848112,14420,13697,290,13987,152
2020-10-14,Yolo,113,214977,3092,3007,8,3015,55
2020-10-14,Yuba,115,75493,1188,1147,3,1150,10
2020-10-13,Alameda,001,1643700,22817,22185,204,22389,389
2020-10-13,Alpine,003,1148,3,3,0,3,0
2020-10-13,Amador,005,37829,310,306,0,306,16
2020-10-13,Butte,007,227075,3090,2992,47,3039,54
2020-10-13,Calaveras,009,45235,323,262,0,262,12
2020-10-13,Colusa,011,21464,542,541,1,542,6
2020-10-13,Contra Costa,013,1133247,18316,17783,89,17872,234
2020-10-13,Del Norte,015,27424,168,163,0,163,2
2020-10-13,El Dorado,017,186661,1317,1262,10,1272,4
2020-10-13,Fresno,019,978130,32485,29579,421,30000,424
2020-10-13,Glenn,021,27897,640,629,0,629,3
2020-10-13,Humboldt,023,135768,542,523,1,524,7
2020-10-13,Imperial,025,180216,12437,11727,10,11737,327
2020-10-13,Inyo,027,18085,220,207,4,211,14
2020-10-13,Kern,029,883053,33225,32497,381,32878,419
2020-10-13,Kings,031,150075,8310,8111,44,8155,80
2020-10-13,Lake,033,64148,687,639,0,639,12
2020-10-13,Lassen,035,31185,763,752,2,754,0
2020-10-13,Los Angeles,037,10098052,288189,281716,2400,284116,6767
2020-10-13,Madera,039,155013,4879,4700,33,4733,50
2020-10-13,Marin,041,260295,7014,6900,18,6918,97
2020-10-13,Mariposa,043,17540,77,76,0,76,2
2020-10-13,Mendocino,045,87422,1023,950,4,954,21
2020-10-13,Merced,047,269075,9298,9181,27,9208,146
2020-10-13,Modoc,049,8938,29,28,0,28,0
2020-10-13,Mono,051,14174,174,155,4,159,1
2020-10-13,Monterey,053,433212,10865,10574,46,10620,78
2020-10-13,Napa,055,140530,1901,1825,8,1833,12
2020-10-13,Nevada,057,99092,594,572,18,590,7
2020-10-13,Orange,059,3164182,58415,55515,1626,57141,1326
2020-10-13,Placer,061,380077,3992,3825,15,3840,48
2020-10-13,Plumas,063,18699,52,51,0,51,0
2020-10-13,Riverside,065,2383286,64291,62279,244,62523,1254
2020-10-13,Sacramento,067,1510023,24425,23930,30,23960,466
2020-10-13,San Benito,069,59416,1387,1380,0,1380,14
2020-10-13,San Bernardino,071,2135413,60018,57411,375,57786,1061
2020-10-13,San Diego,073,3302833,53073,51026,1321,52347,840
2020-10-13,San Francisco,075,870044,11876,11659,37,11696,122
2020-10-13,San Joaquin,077,732212,21195,20822,120,20942,481
2020-10-13,San Luis Obispo,079,281455,4169,3892,18,3910,32
2020-10-13,San Mateo,081,765935,10907,10286,11,10297,130
2020-10-13,Santa Barbara,083,443738,9648,9489,83,9572,117
2020-10-13,Santa Clara,085,1922200,24065,22678,50,22728,343
2020-10-13,Santa Cruz,087,273765,2709,2603,32,2635,13
2020-10-13,Shasta,089,179085,1862,1606,18,1624,20
2020-10-13,Sierra,091,2930,6,6,0,6,0
2020-10-13,Siskiyou,093,43540,174,163,10,173,0
2020-10-13,Solano,095,438530,6990,6761,39,6800,55
2020-10-13,Sonoma,097,501317,8870,8456,23,8479,133
2020-10-13,Stanislaus,099,539301,17275,17082,648,17730,362
2020-10-13,Sutter,101,95872,1770,1748,1,1749,12
2020-10-13,Tehama,103,63373,777,717,2,719,3
2020-10-13,Trinity,105,12862,70,19,8,27,0
2020-10-13,Tulare,107,460477,17392,16822,240,17062,286
2020-10-13,Tuolumne,109,53932,259,235,6,241,4
2020-10-13,Ventura,111,848112,14366,13645,286,13931,151
2020-10-13,Yolo,113,214977,3084,2983,7,2990,55
2020-10-13,Yuba,115,75493,1183,1143,3,1146,10
2020-10-12,Alameda,001,1643700,22737,22126,203,22329,389
2020-10-12,Alpine,003,1148,3,3,0,3,0
2020-10-12,Amador,005,37829,309,305,0,305,16
2020-10-12,Butte,007,227075,3083,2975,47,3022,54
2020-10-12,Calaveras,009,45235,323,262,0,262,12
2020-10-12,Colusa,011,21464,542,541,1,542,6
2020-10-12,Contra Costa,013,1133247,18242,17728,89,17817,233
2020-10-12,Del Norte,015,27424,168,161,0,161,2
2020-10-12,El Dorado,017,186661,1314,1254,10,1264,4
2020-10-12,Fresno,019,978130,32352,29523,417,29940,421
2020-10-12,Glenn,021,27897,639,626,0,626,3
2020-10-12,Humboldt,023,135768,539,522,1,523,7
2020-10-12,Imperial,025,180216,12399,11689,10,11699,328
2020-10-12,Inyo,027,18085,217,201,4,205,14
2020-10-12,Kern,029,883053,33132,32425,377,32802,419
2020-10-12,Kings,031,150075,8304,8106,44,8150,80
2020-10-12,Lake,033,64148,681,633,0,633,12
2020-10-12,Lassen,035,31185,763,752,2,754,0
2020-10-12,Los Angeles,037,10098052,286969,280961,2373,283334,6747
2020-10-12,Madera,039,155013,4859,4689,33,4722,50
2020-10-12,Marin,041,260295,6997,6886,18,6904,97
2020-10-12,Mariposa,043,17540,77,76,0,76,2
2020-10-12,Mendocino,045,87422,1017,947,4,951,21
2020-10-12,Merced,047,269075,9277,9141,27,9168,146
2020-10-12,Modoc,049,8938,29,27,0,27,0
2020-10-12,Mono,051,14174,174,154,4,158,1
2020-10-12,Monterey,053,433212,10799,10473,46,10519,77
2020-10-12,Napa,055,140530,1893,1819,8,1827,11
2020-10-12,Nevada,057,99092,590,570,18,588,7
2020-10-12,Orange,059,3164182,58186,55373,1616,56989,1326
2020-10-12,Placer,061,380077,3960,3808,14,3822,48
2020-10-12,Plumas,063,18699,52,51,0,51,0
2020-10-12,Riverside,065,2383286,63980,62279,240,62519,1254
2020-10-12,Sacramento,067,1510023,24320,23807,30,23837,466
2020-10-12,San Benito,069,59416,1384,1376,0,1376,13
2020-10-12,San Bernardino,071,2135413,59642,57235,374,57609,1061
2020-10-12,San Diego,073,3302833,52783,50748,1294,52042,826
2020-10-12,San Francisco,075,870044,11844,11659,37,11696,122
2020-10-12,San Joaquin,077,732212,21132,20701,114,20815,480
2020-10-12,San Luis Obispo,079,281455,4141,3874,18,3892,32
2020-10-12,San Mateo,081,765935,10859,10262,11,10273,130
2020-10-12,Santa Barbara,083,443738,9609,9462,83,9545,117
2020-10-12,Santa Clara,085,1922200,23949,22578,50,22628,343
2020-10-12,Santa Cruz,087,273765,2692,2590,32,2622,13
2020-10-12,Shasta,089,179085,1837,1515,18,1533,20
2020-10-12,Sierra,091,2930,6,6,0,6,0
2020-10-12,Siskiyou,093,43540,173,162,10,172,0
2020-10-12,Solano,095,438530,6951,6742,39,6781,55
2020-10-12,Sonoma,097,501317,8798,8377,23,8400,133
2020-10-12,Stanislaus,099,539301,17226,17051,639,17690,361
2020-10-12,Sutter,101,95872,1762,1741,1,1742,12
2020-10-12,Tehama,103,63373,761,708,2,710,3
2020-10-12,Trinity,105,12862,69,19,8,27,0
2020-10-12,Tulare,107,460477,17341,16742,233,16975,286
2020-10-12,Tuolumne,109,53932,254,234,6,240,4
2020-10-12,Ventura,111,848112,14304,13617,282,13899,151
2020-10-12,Yolo,113,214977,3069,2964,7,2971,55
2020-10-12,Yuba,115,75493,1173,1141,3,1144,10
2020-10-11,Alameda,001,1643700,22647,22057,199,22256,392
2020-10-11,Alpine,003,1148,3,3,0,3,0
2020-10-11,Amador,005,37829,307,305,0,305,16
2020-10-11,Butte,007,227075,3075,2967,46,3013,54
2020-10-11,Calaveras,009,45235,321,262,0,262,12
2020-10-11,Colusa,011,21464,540,541,1,542,6
2020-10-11,Contra Costa,013,1133247,18158,17678,89,17767,233
2020-10-11,Del Norte,015,27424,166,161,0,161,2
2020-10-11,El Dorado,017,186661,1305,1242,10,1252,4
2020-10-11,Fresno,019,978130,32215,29419,409,29828,421
2020-10-11,Glenn,021,27897,637,625,0,625,3
2020-10-11,Humboldt,023,135768,538,521,1,522,7
2020-10-11,Imperial,025,180216,12340,11614,10,11624,328
2020-10-11,Inyo,027,18085,213,201,4,205,14
2020-10-11,Kern,029,883053,33045,32399,369,32768,418
2020-10-11,Kings,031,150075,8287,8094,43,8137,80
2020-10-11,Lake,033,64148,668,631,0,631,12
2020-10-11,Lassen,035,31185,762,752,2,754,0
2020-10-11,Los Angeles,037,10098052,285533,280190,2331,282521,6745
2020-10-11,Madera,039,155013,4831,4680,32,4712,50
2020-10-11,Marin,041,260295,6988,6870,18,6888,97
2020-10-11,Mariposa,043,17540,77,76,0,76,2
2020-10-11,Mendocino,045,87422,1010,944,4,948,21
2020-10-11,Merced,047,269075,9259,9124,27,9151,146
2020-10-11,Modoc,049,8938,29,27,0,27,0
2020-10-11,Mono,051,14174,174,154,4,158,1
2020-10-11,Monterey,053,433212,10748,10445,44,10489,77
2020-10-11,Napa,055,140530,1877,1811,8,1819,11
2020-10-11,Nevada,057,99092,588,569,18,587,7
2020-10-11,Orange,059,3164182,57956,55202,1610,56812,1326
2020-10-11,Placer,061,380077,3939,3787,14,3801,48
2020-10-11,Plumas,063,18699,52,51,0,51,0
2020-10-11,Riverside,065,2383286,63692,62112,236,62348,1254
2020-10-11,Sacramento,067,1510023,24177,23778,30,23808,466
2020-10-11,San Benito,069,59416,1383,1374,0,1374,13
2020-10-11,San Bernardino,071,2135413,59190,56997,372,57369,1061
2020-10-11,San Diego,073,3302833,52433,50553,1272,51825,826
2020-10-11,San Francisco,075,870044,11801,11659,37,11696,122
2020-10-11,San Joaquin,077,732212,21057,20700,104,20804,480
2020-10-11,San Luis Obispo,079,281455,4124,3874,17,3891,32
2020-10-11,San Mateo,081,765935,10827,10240,11,10251,130
2020-10-11,Santa Barbara,083,443738,9578,9440,82,9522,117
2020-10-11,Santa Clara,085,1922200,23809,22487,49,22536,336
2020-10-11,Santa Cruz,087,273765,2678,2578,32,2610,13
2020-10-11,Shasta,089,179085,1807,1515,17,1532,20
2020-10-11,Sierra,091,2930,6,6,0,6,0
2020-10-11,Siskiyou,093,43540,172,162,10,172,0
2020-10-11,Solano,095,438530,6897,6685,39,6724,53
2020-10-11,Sonoma,097,501317,8741,8319,23,8342,133
2020-10-11,Stanislaus,099,539301,17162,17007,623,17630,360
2020-10-11,Sutter,101,95872,1759,1742,1,1743,12
2020-10-11,Tehama,103,63373,737,702,2,704,3
2020-10-11,Trinity,105,12862,69,19,8,27,0
2020-10-11,Tulare,107,460477,17277,16741,225,16966,286
2020-10-11,Tuolumne,109,53932,249,234,6,240,4
2020-10-11,Ventura,111,848112,14243,13604,277,13881,151
2020-10-11,Yolo,113,214977,3039,2952,7,2959,55
2020-10-11,Yuba,115,75493,1162,1137,3,1140,10
2020-10-10,Alameda,001,1643700,22597,21979,198,22177,398
2020-10-10,Alpine,003,1148,3,3,0,3,0
2020-10-10,Amador,005,37829,306,304,0,304,16
2020-10-10,Butte,007,227075,3070,2962,45,3007,54
2020-10-10,Calaveras,009,45235,320,262,0,262,12
2020-10-10,Colusa,011,21464,540,541,1,542,6
2020-10-10,Contra Costa,013,1133247,18122,17566,88,17654,233
2020-10-10,Del Norte,015,27424,166,161,0,161,2
2020-10-10,El Dorado,017,186661,1303,1240,10,1250,4
2020-10-10,Fresno,019,978130,32151,29286,407,29693,421
2020-10-10,Glenn,021,27897,637,623,0,623,3
2020-10-10,Humboldt,023,135768,535,518,1,519,7
2020-10-10,Imperial,025,180216,12325,11591,10,11601,327
2020-10-10,Inyo,027,18085,210,201,4,205,14
2020-10-10,Kern,029,883053,33008,32338,369,32707,418
2020-10-10,Kings,031,150075,8283,8078,43,8121,80
2020-10-10,Lake,033,64148,667,630,0,630,11
2020-10-10,Lassen,035,31185,762,752,2,754,0
2020-10-10,Los Angeles,037,10098052,284815,279213,2297,281510,6743
2020-10-10,Madera,039,155013,4819,4662,32,4694,50
2020-10-10,Marin,041,260295,6979,6852,18,6870,97
2020-10-10,Mariposa,043,17540,77,76,0,76,2
2020-10-10,Mendocino,045,87422,1003,935,4,939,21
2020-10-10,Merced,047,269075,9253,9105,26,9131,146
2020-10-10,Modoc,049,8938,29,27,0,27,0
2020-10-10,Mono,051,14174,174,154,4,158,1
2020-10-10,Monterey,053,433212,10715,10410,44,10454,75
2020-10-10,Napa,055,140530,1870,1804,8,1812,11
2020-10-10,Nevada,057,99092,585,564,18,582,6
2020-10-10,Orange,059,3164182,57835,54965,1605,56570,1324
2020-10-10,Placer,061,380077,3922,3757,14,3771,48
2020-10-10,Plumas,063,18699,52,51,0,51,0
2020-10-10,Riverside,065,2383286,63489,61845,234,62079,1254
2020-10-10,Sacramento,067,1510023,24109,23689,30,23719,466
2020-10-10,San Benito,069,59416,1381,1370,0,1370,13
2020-10-10,San Bernardino,071,2135413,59028,56683,370,57053,1061
2020-10-10,San Diego,073,3302833,52203,50145,1254,51399,825
2020-10-10,San Francisco,075,870044,11780,11663,37,11700,122
2020-10-10,San Joaquin,077,732212,21029,20700,100,20800,481
2020-10-10,San Luis Obispo,079,281455,4104,3832,17,3849,32
2020-10-10,San Mateo,081,765935,10790,10218,11,10229,130
2020-10-10,Santa Barbara,083,443738,9567,9417,82,9499,116
2020-10-10,Santa Clara,085,1922200,23718,22354,49,22403,330
2020-10-10,Santa Cruz,087,273765,2664,2572,32,2604,13
2020-10-10,Shasta,089,179085,1790,1473,17,1490,20
2020-10-10,Sierra,091,2930,6,6,0,6,0
2020-10-10,Siskiyou,093,43540,172,161,10,171,0
2020-10-10,Solano,095,438530,6871,6655,39,6694,53
2020-10-10,Sonoma,097,501317,8721,8235,23,8258,133
2020-10-10,Stanislaus,099,539301,17127,16960,615,17575,360
2020-10-10,Sutter,101,95872,1756,1735,1,1736,12
2020-10-10,Tehama,103,63373,730,693,2,695,3
2020-10-10,Trinity,105,12862,69,19,8,27,0
2020-10-10,Tulare,107,460477,17241,16709,220,16929,286
2020-10-10,Tuolumne,109,53932,249,233,6,239,4
2020-10-10,Ventura,111,848112,14218,13520,277,13797,151
2020-10-10,Yolo,113,214977,3030,2939,7,2946,55
2020-10-10,Yuba,115,75493,1160,1134,3,1137,10
2020-10-09,Alameda,001,1643700,22549,21924,198,22122,399
2020-10-09,Alpine,003,1148,3,3,0,3,0
2020-10-09,Amador,005,37829,306,303,0,303,16
2020-10-09,Butte,007,227075,3067,2956,45,3001,51
2020-10-09,Calaveras,009,45235,318,262,0,262,11
2020-10-09,Colusa,011,21464,540,541,1,542,6
2020-10-09,Contra Costa,013,1133247,18071,17487,88,17575,229
2020-10-09,Del Norte,015,27424,165,161,0,161,2
2020-10-09,El Dorado,017,186661,1299,1234,10,1244,4
2020-10-09,Fresno,019,978130,32078,29208,405,29613,417
2020-10-09,Glenn,021,27897,632,617,0,617,3
2020-10-09,Humboldt,023,135768,533,516,1,517,7
2020-10-09,Imperial,025,180216,12299,11516,10,11526,330
2020-10-09,Inyo,027,18085,207,200,4,204,14
2020-10-09,Kern,029,883053,32964,32237,367,32604,417
2020-10-09,Kings,031,150075,8276,7993,41,8034,80
2020-10-09,Lake,033,64148,657,610,0,610,11
2020-10-09,Lassen,035,31185,762,751,2,753,0
2020-10-09,Los Angeles,037,10098052,283680,278039,2273,280312,6715
2020-10-09,Madera,039,155013,4809,4646,32,4678,50
2020-10-09,Marin,041,260295,6965,6838,18,6856,96
2020-10-09,Mariposa,043,17540,77,76,0,76,2
2020-10-09,Mendocino,045,87422,993,933,4,937,20
2020-10-09,Merced,047,269075,9239,9095,26,9121,145
2020-10-09,Modoc,049,8938,29,27,0,27,0
2020-10-09,Mono,051,14174,174,154,4,158,1
2020-10-09,Monterey,053,433212,10681,10369,44,10413,75
2020-10-09,Napa,055,140530,1860,1795,8,1803,11
2020-10-09,Nevada,057,99092,580,561,18,579,6
2020-10-09,Orange,059,3164182,57664,54746,1600,56346,1305
2020-10-09,Placer,061,380077,3908,3737,13,3750,48
2020-10-09,Plumas,063,18699,52,50,0,50,0
2020-10-09,Riverside,065,2383286,63253,61529,233,61762,1252
2020-10-09,Sacramento,067,1510023,24040,23606,30,23636,457
2020-10-09,San Benito,069,59416,1376,1367,0,1367,13
2020-10-09,San Bernardino,071,2135413,58788,56434,368,56802,1057
2020-10-09,San Diego,073,3302833,51927,49825,1243,51068,821
2020-10-09,San Francisco,075,870044,11750,11620,37,11657,120
2020-10-09,San Joaquin,077,732212,20999,20648,92,20740,481
2020-10-09,San Luis Obispo,079,281455,4085,3810,17,3827,32
2020-10-09,San Mateo,081,765935,10762,10140,11,10151,130
2020-10-09,Santa Barbara,083,443738,9539,9396,82,9478,116
2020-10-09,Santa Clara,085,1922200,23616,22251,48,22299,328
2020-10-09,Santa Cruz,087,273765,2655,2555,32,2587,13
2020-10-09,Shasta,089,179085,1764,1353,16,1369,20
2020-10-09,Sierra,091,2930,6,6,0,6,0
2020-10-09,Siskiyou,093,43540,170,156,10,166,0
2020-10-09,Solano,095,438530,6832,6614,39,6653,53
2020-10-09,Sonoma,097,501317,8667,8133,23,8156,133
2020-10-09,Stanislaus,099,539301,17102,16904,608,17512,362
2020-10-09,Sutter,101,95872,1752,1732,1,1733,12
2020-10-09,Tehama,103,63373,724,682,2,684,3
2020-10-09,Trinity,105,12862,69,25,8,33,0
2020-10-09,Tulare,107,460477,17201,16644,211,16855,286
2020-10-09,Tuolumne,109,53932,246,230,6,236,4
2020-10-09,Ventura,111,848112,14182,13469,274,13743,151
2020-10-09,Yolo,113,214977,3023,2928,7,2935,55
2020-10-09,Yuba,115,75493,1159,1129,3,1132,10
2020-10-08,Alameda,001,1643700,22468,21826,197,22023,395
2020-10-08,Alpine,003,1148,3,3,0,3,0
2020-10-08,Amador,005,37829,305,302,0,302,16
2020-10-08,Butte,007,227075,3057,2935,45,2980,51
2020-10-08,Calaveras,009,45235,317,262,0,262,11
2020-10-08,Colusa,011,21464,540,539,1,540,6
2020-10-08,Contra Costa,013,1133247,18011,17418,87,17505,228
2020-10-08,Del Norte,015,27424,165,151,0,151,2
2020-10-08,El Dorado,017,186661,1298,1230,10,1240,4
2020-10-08,Fresno,019,978130,31973,29111,405,29516,416
2020-10-08,Glenn,021,27897,629,616,0,616,3
2020-10-08,Humboldt,023,135768,529,515,1,516,7
2020-10-08,Imperial,025,180216,12259,11405,10,11415,330
2020-10-08,Inyo,027,18085,204,199,4,203,14
2020-10-08,Kern,029,883053,32906,32169,362,32531,411
2020-10-08,Kings,031,150075,8270,7968,41,8009,80
2020-10-08,Lake,033,64148,652,604,0,604,11
2020-10-08,Lassen,035,31185,757,751,2,753,0
2020-10-08,Los Angeles,037,10098052,282478,276763,2233,278996,6699
2020-10-08,Madera,039,155013,4791,4637,32,4669,50
2020-10-08,Marin,041,260295,6951,6810,18,6828,96
2020-10-08,Mariposa,043,17540,77,76,0,76,2
2020-10-08,Mendocino,045,87422,988,930,4,934,20
2020-10-08,Merced,047,269075,9219,9069,26,9095,144
2020-10-08,Modoc,049,8938,29,27,0,27,0
2020-10-08,Mono,051,14174,174,153,4,157,1
2020-10-08,Monterey,053,433212,10614,10343,44,10387,75
2020-10-08,Napa,055,140530,1845,1779,8,1787,11
2020-10-08,Nevada,057,99092,577,556,18,574,6
2020-10-08,Orange,059,3164182,57471,54523,1589,56112,1293
2020-10-08,Placer,061,380077,3890,3715,13,3728,48
2020-10-08,Plumas,063,18699,52,50,0,50,0
2020-10-08,Riverside,065,2383286,62985,61105,232,61337,1244
2020-10-08,Sacramento,067,1510023,23933,23482,30,23512,454
2020-10-08,San Benito,069,59416,1371,1367,0,1367,13
2020-10-08,San Bernardino,071,2135413,58423,56152,367,56519,1048
2020-10-08,San Diego,073,3302833,51647,49468,1211,50679,819
2020-10-08,San Francisco,075,870044,11712,11608,37,11645,115
2020-10-08,San Joaquin,077,732212,20947,20576,87,20663,478
2020-10-08,San Luis Obispo,079,281455,4069,3785,17,3802,32
2020-10-08,San Mateo,081,765935,10730,10044,11,10055,130
2020-10-08,Santa Barbara,083,443738,9511,9374,82,9456,116
2020-10-08,Santa Clara,085,1922200,23514,22095,48,22143,323
2020-10-08,Santa Cruz,087,273765,2643,2535,32,2567,13
2020-10-08,Shasta,089,179085,1730,1305,16,1321,20
2020-10-08,Sierra,091,2930,6,6,0,6,0
2020-10-08,Siskiyou,093,43540,170,156,10,166,0
2020-10-08,Solano,095,438530,6808,6556,39,6595,53
2020-10-08,Sonoma,097,501317,8601,8063,23,8086,132
2020-10-08,Stanislaus,099,539301,17056,16821,600,17421,360
2020-10-08,Sutter,101,95872,1752,1725,1,1726,12
2020-10-08,Tehama,103,63373,715,676,2,678,3
2020-10-08,Trinity,105,12862,68,25,8,33,0
2020-10-08,Tulare,107,460477,17140,16573,203,16776,283
2020-10-08,Tuolumne,109,53932,245,230,6,236,4
2020-10-08,Ventura,111,848112,14134,13399,272,13671,151
2020-10-08,Yolo,113,214977,3006,2914,7,2921,55
2020-10-08,Yuba,115,75493,1154,1126,3,1129,10
2020-10-07,Alameda,001,1643700,22391,21736,197,21933,395
2020-10-07,Alpine,003,1148,3,3,0,3,0
2020-10-07,Amador,005,37829,305,302,0,302,16
2020-10-07,Butte,007,227075,3045,2927,45,2972,47
2020-10-07,Calaveras,009,45235,315,262,0,262,11
2020-10-07,Colusa,011,21464,539,539,0,539,6
2020-10-07,Contra Costa,013,1133247,17941,17346,86,17432,225
2020-10-07,Del Norte,015,27424,164,149,0,149,2
2020-10-07,El Dorado,017,186661,1290,1219,10,1229,4
2020-10-07,Fresno,019,978130,31852,29069,400,29469,413
2020-10-07,Glenn,021,27897,629,615,0,615,3
2020-10-07,Humboldt,023,135768,526,512,1,513,7
2020-10-07,Imperial,025,180216,12222,11289,9,11298,330
2020-10-07,Inyo,027,18085,204,199,4,203,14
2020-10-07,Kern,029,883053,32833,32068,361,32429,410
2020-10-07,Kings,031,150075,8255,7948,41,7989,80
2020-10-07,Lake,033,64148,651,599,0,599,11
2020-10-07,Lassen,035,31185,757,751,2,753,0
2020-10-07,Los Angeles,037,10098052,281297,275559,2200,277759,6681
2020-10-07,Madera,039,155013,4771,4618,32,4650,50
2020-10-07,Marin,041,260295,6924,6790,18,6808,95
2020-10-07,Mariposa,043,17540,77,75,0,75,2
2020-10-07,Mendocino,045,87422,982,927,4,931,19
2020-10-07,Merced,047,269075,9182,9045,25,9070,144
2020-10-07,Modoc,049,8938,29,27,0,27,0
2020-10-07,Mono,051,14174,173,153,3,156,1
2020-10-07,Monterey,053,433212,10555,10272,44,10316,75
2020-10-07,Napa,055,140530,1832,1774,8,1782,11
2020-10-07,Nevada,057,99092,573,552,18,570,6
2020-10-07,Orange,059,3164182,57254,54332,1578,55910,1277
2020-10-07,Placer,061,380077,3874,3693,13,3706,48
2020-10-07,Plumas,063,18699,52,50,0,50,0
2020-10-07,Riverside,065,2383286,62638,60857,228,61085,1241
2020-10-07,Sacramento,067,1510023,23836,23380,30,23410,452
2020-10-07,San Benito,069,59416,1368,1363,0,1363,13
2020-10-07,San Bernardino,071,2135413,58074,55738,366,56104,1043
2020-10-07,San Diego,073,3302833,51331,49177,1187,50364,813
2020-10-07,San Francisco,075,870044,11677,11551,37,11588,115
2020-10-07,San Joaquin,077,732212,20895,20527,80,20607,478
2020-10-07,San Luis Obispo,079,281455,4039,3749,17,3766,32
2020-10-07,San Mateo,081,765935,10687,9980,11,9991,130
2020-10-07,Santa Barbara,083,443738,9485,9350,81,9431,116
2020-10-07,Santa Clara,085,1922200,23386,21993,48,22041,320
2020-10-07,Santa Cruz,087,273765,2631,2518,32,2550,14
2020-10-07,Shasta,089,179085,1687,1268,16,1284,20
2020-10-07,Sierra,091,2930,6,6,0,6,0
2020-10-07,Siskiyou,093,43540,168,154,10,164,0
2020-10-07,Solano,095,438530,6773,6526,39,6565,53
2020-10-07,Sonoma,097,501317,8526,7993,22,8015,130
2020-10-07,Stanislaus,099,539301,17021,16786,594,17380,357
2020-10-07,Sutter,101,95872,1749,1723,1,1724,12
2020-10-07,Tehama,103,63373,706,666,2,668,3
2020-10-07,Trinity,105,12862,64,25,8,33,0
2020-10-07,Tulare,107,460477,17097,16483,195,16678,282
2020-10-07,Tuolumne,109,53932,245,227,6,233,3
2020-10-07,Ventura,111,848112,14084,13333,266,13599,150
2020-10-07,Yolo,113,214977,2980,2904,7,2911,55
2020-10-07,Yuba,115,75493,1148,1120,3,1123,10
2020-10-06,Alameda,001,1643700,22300,21698,195,21893,385
2020-10-06,Alpine,003,1148,3,3,0,3,0
2020-10-06,Amador,005,37829,303,301,0,301,16
2020-10-06,Butte,007,227075,3038,2925,45,2970,47
2020-10-06,Calaveras,009,45235,315,261,0,261,11
2020-10-06,Colusa,011,21464,538,538,0,538,6
2020-10-06,Contra Costa,013,1133247,17862,17295,86,17381,219
2020-10-06,Del Norte,015,27424,164,144,0,144,2
2020-10-06,El Dorado,017,186661,1286,1211,10,1221,4
2020-10-06,Fresno,019,978130,31709,29022,397,29419,412
2020-10-06,Glenn,021,27897,626,604,0,604,3
2020-10-06,Humboldt,023,135768,523,508,1,509,7
2020-10-06,Imperial,025,180216,12184,11196,9,11205,327
2020-10-06,Inyo,027,18085,202,198,4,202,14
2020-10-06,Kern,029,883053,32757,32006,359,32365,407
2020-10-06,Kings,031,150075,8239,7943,41,7984,81
2020-10-06,Lake,033,64148,645,596,0,596,11
2020-10-06,Lassen,035,31185,757,743,2,745,0
2020-10-06,Los Angeles,037,10098052,280059,274115,2151,276266,6657
2020-10-06,Madera,039,155013,4759,4608,32,4640,50
2020-10-06,Marin,041,260295,6909,6766,18,6784,91
2020-10-06,Mariposa,043,17540,77,75,0,75,2
2020-10-06,Mendocino,045,87422,975,920,4,924,19
2020-10-06,Merced,047,269075,9146,9034,24,9058,143
2020-10-06,Modoc,049,8938,29,26,0,26,0
2020-10-06,Mono,051,14174,173,153,3,156,1
2020-10-06,Monterey,053,433212,10500,10235,42,10277,72
2020-10-06,Napa,055,140530,1826,1770,8,1778,11
2020-10-06,Nevada,057,99092,570,551,18,569,6
2020-10-06,Orange,059,3164182,57038,54203,1569,55772,1273
2020-10-06,Placer,061,380077,3852,3680,13,3693,48
2020-10-06,Plumas,063,18699,52,49,0,49,0
2020-10-06,Riverside,065,2383286,62373,60593,226,60819,1238
2020-10-06,Sacramento,067,1510023,23750,23322,30,23352,442
2020-10-06,San Benito,069,59416,1367,1358,0,1358,12
2020-10-06,San Bernardino,071,2135413,57760,55416,361,55777,1040
2020-10-06,San Diego,073,3302833,50994,48823,1170,49993,806
2020-10-06,San Francisco,075,870044,11651,11513,36,11549,115
2020-10-06,San Joaquin,077,732212,20855,20481,77,20558,477
2020-10-06,San Luis Obispo,079,281455,4005,3723,17,3740,32
2020-10-06,San Mateo,081,765935,10655,9934,11,9945,129
2020-10-06,Santa Barbara,083,443738,9456,9331,80,9411,116
2020-10-06,Santa Clara,085,1922200,23291,21914,48,21962,320
2020-10-06,Santa Cruz,087,273765,2609,2510,32,2542,12
2020-10-06,Shasta,089,179085,1647,1242,16,1258,18
2020-10-06,Sierra,091,2930,6,6,0,6,0
2020-10-06,Siskiyou,093,43540,168,154,10,164,0
2020-10-06,Solano,095,438530,6727,6506,39,6545,52
2020-10-06,Sonoma,097,501317,8433,7895,22,7917,130
2020-10-06,Stanislaus,099,539301,16976,16759,588,17347,354
2020-10-06,Sutter,101,95872,1747,1722,1,1723,12
2020-10-06,Tehama,103,63373,696,660,2,662,3
2020-10-06,Trinity,105,12862,64,25,8,33,0
2020-10-06,Tulare,107,460477,17055,16456,187,16643,280
2020-10-06,Tuolumne,109,53932,244,227,6,233,2
2020-10-06,Ventura,111,848112,14017,13242,261,13503,150
2020-10-06,Yolo,113,214977,2966,2899,7,2906,56
2020-10-06,Yuba,115,75493,1147,1114,3,1117,10
2020-10-05,Alameda,001,1643700,22212,21637,192,21829,383
2020-10-05,Alpine,003,1148,3,2,0,2,0
2020-10-05,Amador,005,37829,303,299,0,299,16
2020-10-05,Butte,007,227075,3028,2910,45,2955,46
2020-10-05,Calaveras,009,45235,315,259,0,259,11
2020-10-05,Colusa,011,21464,538,537,0,537,6
2020-10-05,Contra Costa,013,1133247,17785,17250,86,17336,216
2020-10-05,Del Norte,015,27424,161,142,0,142,2
2020-10-05,El Dorado,017,186661,1282,1202,9,1211,4
2020-10-05,Fresno,019,978130,31592,29136,397,29533,408
2020-10-05,Glenn,021,27897,624,603,0,603,3
2020-10-05,Humboldt,023,135768,522,506,1,507,6
2020-10-05,Imperial,025,180216,12143,11169,9,11178,327
2020-10-05,Inyo,027,18085,202,197,4,201,14
2020-10-05,Kern,029,883053,32678,31933,355,32288,404
2020-10-05,Kings,031,150075,8142,7932,41,7973,80
2020-10-05,Lake,033,64148,641,592,0,592,10
2020-10-05,Lassen,035,31185,756,743,2,745,0
2020-10-05,Los Angeles,037,10098052,278965,273200,2112,275312,6632
2020-10-05,Madera,039,155013,4751,4598,30,4628,50
2020-10-05,Marin,041,260295,6892,6751,18,6769,91
2020-10-05,Mariposa,043,17540,77,75,0,75,2
2020-10-05,Mendocino,045,87422,967,913,4,917,19
2020-10-05,Merced,047,269075,9127,9021,23,9044,143
2020-10-05,Modoc,049,8938,29,26,0,26,0
2020-10-05,Mono,051,14174,173,152,3,155,1
2020-10-05,Monterey,053,433212,10453,10187,42,10229,72
2020-10-05,Napa,055,140530,1815,1760,8,1768,11
2020-10-05,Nevada,057,99092,567,550,17,567,6
2020-10-05,Orange,059,3164182,56822,54103,1556,55659,1271
2020-10-05,Placer,061,380077,3826,3670,13,3683,46
2020-10-05,Plumas,063,18699,51,49,0,49,0
2020-10-05,Riverside,065,2383286,62053,60454,222,60676,1232
2020-10-05,Sacramento,067,1510023,23646,23207,30,23237,438
2020-10-05,San Benito,069,59416,1364,1356,0,1356,12
2020-10-05,San Bernardino,071,2135413,57453,55100,360,55460,1031
2020-10-05,San Diego,073,3302833,50658,48662,1146,49808,803
2020-10-05,San Francisco,075,870044,11612,11476,34,11510,110
2020-10-05,San Joaquin,077,732212,20785,20319,74,20393,476
2020-10-05,San Luis Obispo,079,281455,3978,3710,17,3727,32
2020-10-05,San Mateo,081,765935,10628,9896,11,9907,128
2020-10-05,Santa Barbara,083,443738,9434,9309,80,9389,116
2020-10-05,Santa Clara,085,1922200,23174,21861,48,21909,319
2020-10-05,Santa Cruz,087,273765,2597,2492,32,2524,9
2020-10-05,Shasta,089,179085,1615,1158,16,1174,18
2020-10-05,Sierra,091,2930,6,6,0,6,0
2020-10-05,Siskiyou,093,43540,168,153,10,163,0
2020-10-05,Solano,095,438530,6689,6475,39,6514,52
2020-10-05,Sonoma,097,501317,8341,7817,22,7839,130
2020-10-05,Stanislaus,099,539301,16940,16730,581,17311,351
2020-10-05,Sutter,101,95872,1739,1719,1,1720,12
2020-10-05,Tehama,103,63373,688,642,2,644,3
2020-10-05,Trinity,105,12862,62,22,8,30,0
2020-10-05,Tulare,107,460477,16996,16343,182,16525,278
2020-10-05,Tuolumne,109,53932,241,226,6,232,2
2020-10-05,Ventura,111,848112,13948,13224,242,13466,149
2020-10-05,Yolo,113,214977,2947,2889,7,2896,56
2020-10-05,Yuba,115,75493,1134,1108,3,1111,9
2020-10-04,Alameda,001,1643700,22116,21597,192,21789,383
2020-10-04,Alpine,003,1148,3,2,0,2,0
2020-10-04,Amador,005,37829,302,297,0,297,16
2020-10-04,Butte,007,227075,3014,2903,45,2948,46
2020-10-04,Calaveras,009,45235,315,259,0,259,11
2020-10-04,Colusa,011,21464,537,537,0,537,6
2020-10-04,Contra Costa,013,1133247,17721,17192,86,17278,214
2020-10-04,Del Norte,015,27424,157,142,0,142,2
2020-10-04,El Dorado,017,186661,1278,1196,9,1205,4
2020-10-04,Fresno,019,978130,31469,29065,397,29462,408
2020-10-04,Glenn,021,27897,622,601,0,601,3
2020-10-04,Humboldt,023,135768,521,506,1,507,6
2020-10-04,Imperial,025,180216,12104,11127,9,11136,327
2020-10-04,Inyo,027,18085,199,195,4,199,14
2020-10-04,Kern,029,883053,32603,31906,352,32258,404
2020-10-04,Kings,031,150075,8127,7919,41,7960,80
2020-10-04,Lake,033,64148,627,589,0,589,10
2020-10-04,Lassen,035,31185,756,743,2,745,0
2020-10-04,Los Angeles,037,10098052,277578,272822,2065,274887,6625
2020-10-04,Madera,039,155013,4735,4587,30,4617,50
2020-10-04,Marin,041,260295,6872,6741,18,6759,91
2020-10-04,Mariposa,043,17540,77,75,0,75,2
2020-10-04,Mendocino,045,87422,954,905,4,909,18
2020-10-04,Merced,047,269075,9102,9006,23,9029,140
2020-10-04,Modoc,049,8938,29,26,0,26,0
2020-10-04,Mono,051,14174,172,152,2,154,1
2020-10-04,Monterey,053,433212,10412,10141,41,10182,72
2020-10-04,Napa,055,140530,1803,1759,8,1767,11
2020-10-04,Nevada,057,99092,563,547,16,563,6
2020-10-04,Orange,059,3164182,56586,53966,1547,55513,1270
2020-10-04,Placer,061,380077,3805,3664,13,3677,46
2020-10-04,Plumas,063,18699,51,49,0,49,0
2020-10-04,Riverside,065,2383286,61767,60251,218,60469,1226
2020-10-04,Sacramento,067,1510023,23530,23162,30,23192,438
2020-10-04,San Benito,069,59416,1364,1355,0,1355,12
2020-10-04,San Bernardino,071,2135413,57004,55100,358,55458,1031
2020-10-04,San Diego,073,3302833,50291,48438,1121,49559,803
2020-10-04,San Francisco,075,870044,11580,11474,32,11506,110
2020-10-04,San Joaquin,077,732212,20708,20320,68,20388,476
2020-10-04,San Luis Obispo,079,281455,3953,3688,17,3705,31
2020-10-04,San Mateo,081,765935,10568,9858,11,9869,128
2020-10-04,Santa Barbara,083,443738,9408,9276,78,9354,116
2020-10-04,Santa Clara,085,1922200,23037,21780,48,21828,316
2020-10-04,Santa Cruz,087,273765,2581,2483,32,2515,9
2020-10-04,Shasta,089,179085,1517,1158,15,1173,18
2020-10-04,Sierra,091,2930,6,6,0,6,0
2020-10-04,Siskiyou,093,43540,168,153,10,163,0
2020-10-04,Solano,095,438530,6638,6445,39,6484,52
2020-10-04,Sonoma,097,501317,8253,7794,22,7816,129
2020-10-04,Stanislaus,099,539301,16890,16711,572,17283,351
2020-10-04,Sutter,101,95872,1736,1711,1,1712,11
2020-10-04,Tehama,103,63373,673,637,2,639,3
2020-10-04,Trinity,105,12862,61,21,8,29,0
2020-10-04,Tulare,107,460477,16919,16343,171,16514,278
2020-10-04,Tuolumne,109,53932,239,226,6,232,2
2020-10-04,Ventura,111,848112,13866,13197,225,13422,149
2020-10-04,Yolo,113,214977,2936,2875,7,2882,56
2020-10-04,Yuba,115,75493,1130,1103,3,1106,9
2020-10-03,Alameda,001,1643700,22070,21510,191,21701,386
2020-10-03,Alpine,003,1148,3,2,0,2,0
2020-10-03,Amador,005,37829,301,296,0,296,16
2020-10-03,Butte,007,227075,3008,2894,45,2939,46
2020-10-03,Calaveras,009,45235,315,259,0,259,11
2020-10-03,Colusa,011,21464,536,537,0,537,6
2020-10-03,Contra Costa,013,1133247,17671,17087,84,17171,213
2020-10-03,Del Norte,015,27424,153,142,0,142,2
2020-10-03,El Dorado,017,186661,1271,1188,9,1197,4
2020-10-03,Fresno,019,978130,31409,28975,396,29371,408
2020-10-03,Glenn,021,27897,620,601,0,601,3
2020-10-03,Humboldt,023,135768,520,504,1,505,6
2020-10-03,Imperial,025,180216,12081,11090,9,11099,327
2020-10-03,Inyo,027,18085,199,194,4,198,14
2020-10-03,Kern,029,883053,32553,31864,348,32212,403
2020-10-03,Kings,031,150075,8123,7887,41,7928,80
2020-10-03,Lake,033,64148,617,588,0,588,10
2020-10-03,Lassen,035,31185,756,743,2,745,0
2020-10-03,Los Angeles,037,10098052,276871,271869,2036,273905,6620
2020-10-03,Madera,039,155013,4718,4565,30,4595,50
2020-10-03,Marin,041,260295,6866,6728,18,6746,91
2020-10-03,Mariposa,043,17540,77,75,0,75,2
2020-10-03,Mendocino,045,87422,952,898,4,902,18
2020-10-03,Merced,047,269075,9089,8986,23,9009,139
2020-10-03,Modoc,049,8938,29,26,0,26,0
2020-10-03,Mono,051,14174,171,152,2,154,1
2020-10-03,Monterey,053,433212,10378,10092,38,10130,72
2020-10-03,Napa,055,140530,1799,1752,8,1760,11
2020-10-03,Nevada,057,99092,562,544,16,560,6
2020-10-03,Orange,059,3164182,56469,53573,1542,55115,1268
2020-10-03,Placer,061,380077,3794,3648,13,3661,47
2020-10-03,Plumas,063,18699,51,48,0,48,0
2020-10-03,Riverside,065,2383286,61615,59991,216,60207,1226
2020-10-03,Sacramento,067,1510023,23479,23076,30,23106,437
2020-10-03,San Benito,069,59416,1364,1351,0,1351,12
2020-10-03,San Bernardino,071,2135413,56831,55004,355,55359,1031
2020-10-03,San Diego,073,3302833,50060,48202,1104,49306,798
2020-10-03,San Francisco,075,870044,11555,11475,30,11505,110
2020-10-03,San Joaquin,077,732212,20682,20322,68,20390,476
2020-10-03,San Luis Obispo,079,281455,3929,3670,17,3687,31
2020-10-03,San Mateo,081,765935,10541,9822,10,9832,128
2020-10-03,Santa Barbara,083,443738,9395,9256,78,9334,116
2020-10-03,Santa Clara,085,1922200,22957,21672,48,21720,309
2020-10-03,Santa Cruz,087,273765,2573,2476,32,2508,9
2020-10-03,Shasta,089,179085,1489,1117,14,1131,18
2020-10-03,Sierra,091,2930,6,6,0,6,0
2020-10-03,Siskiyou,093,43540,168,152,10,162,0
2020-10-03,Solano,095,438530,6612,6419,39,6458,52
2020-10-03,Sonoma,097,501317,8211,7747,22,7769,129
2020-10-03,Stanislaus,099,539301,16857,16645,568,17213,351
2020-10-03,Sutter,101,95872,1732,1705,1,1706,11
2020-10-03,Tehama,103,63373,667,630,2,632,3
2020-10-03,Trinity,105,12862,61,15,8,23,0
2020-10-03,Tulare,107,460477,16875,16322,167,16489,278
2020-10-03,Tuolumne,109,53932,238,224,6,230,2
2020-10-03,Ventura,111,848112,13828,13150,221,13371,148
2020-10-03,Yolo,113,214977,2929,2863,7,2870,56
2020-10-03,Yuba,115,75493,1122,1097,3,1100,8
2020-10-02,Alameda,001,1643700,22015,21404,190,21594,382
2020-10-02,Alpine,003,1148,3,2,0,2,0
2020-10-02,Amador,005,37829,300,296,0,296,16
2020-10-02,Butte,007,227075,2998,2879,45,2924,46
2020-10-02,Calaveras,009,45235,314,259,0,259,11
2020-10-02,Colusa,011,21464,535,537,0,537,6
2020-10-02,Contra Costa,013,1133247,17628,17002,83,17085,213
2020-10-02,Del Norte,015,27424,152,141,0,141,2
2020-10-02,El Dorado,017,186661,1264,1168,9,1177,4
2020-10-02,Fresno,019,978130,31326,28855,396,29251,403
2020-10-02,Glenn,021,27897,615,594,0,594,3
2020-10-02,Humboldt,023,135768,519,503,1,504,6
2020-10-02,Imperial,025,180216,12059,11024,9,11033,327
2020-10-02,Inyo,027,18085,197,191,4,195,14
2020-10-02,Kern,029,883053,32501,31790,341,32131,399
2020-10-02,Kings,031,150075,8114,7716,41,7757,79
2020-10-02,Lake,033,64148,611,579,0,579,10
2020-10-02,Lassen,035,31185,756,742,2,744,0
2020-10-02,Los Angeles,037,10098052,275970,270935,2010,272945,6602
2020-10-02,Madera,039,155013,4710,4537,30,4567,49
2020-10-02,Marin,041,260295,6849,6717,18,6735,91
2020-10-02,Mariposa,043,17540,77,75,0,75,2
2020-10-02,Mendocino,045,87422,947,883,4,887,18
2020-10-02,Merced,047,269075,9079,8961,23,8984,139
2020-10-02,Modoc,049,8938,29,26,0,26,0
2020-10-02,Mono,051,14174,171,150,2,152,1
2020-10-02,Monterey,053,433212,10344,9997,38,10035,71
2020-10-02,Napa,055,140530,1793,1737,8,1745,11
2020-10-02,Nevada,057,99092,559,543,16,559,6
2020-10-02,Orange,059,3164182,56338,53299,1535,54834,1262
2020-10-02,Placer,061,380077,3774,3612,13,3625,46
2020-10-02,Plumas,063,18699,51,48,0,48,0
2020-10-02,Riverside,065,2383286,61394,59673,213,59886,1223
2020-10-02,Sacramento,067,1510023,23414,22818,30,22848,436
2020-10-02,San Benito,069,59416,1360,1347,0,1347,12
2020-10-02,San Bernardino,071,2135413,56644,54613,355,54968,1028
2020-10-02,San Diego,073,3302833,49808,47793,1088,48881,794
2020-10-02,San Francisco,075,870044,11532,11398,30,11428,110
2020-10-02,San Joaquin,077,732212,20648,20235,67,20302,474
2020-10-02,San Luis Obispo,079,281455,3906,3654,17,3671,31
2020-10-02,San Mateo,081,765935,10500,9745,10,9755,128
2020-10-02,Santa Barbara,083,443738,9372,9234,78,9312,116
2020-10-02,Santa Clara,085,1922200,22871,21545,47,21592,305
2020-10-02,Santa Cruz,087,273765,2556,2463,32,2495,9
2020-10-02,Shasta,089,179085,1454,1046,14,1060,18
2020-10-02,Sierra,091,2930,6,6,0,6,0
2020-10-02,Siskiyou,093,43540,168,151,10,161,0
2020-10-02,Solano,095,438530,6582,6385,39,6424,52
2020-10-02,Sonoma,097,501317,8154,7662,22,7684,125
2020-10-02,Stanislaus,099,539301,16816,16609,559,17168,349
2020-10-02,Sutter,101,95872,1731,1693,1,1694,11
2020-10-02,Tehama,103,63373,662,619,2,621,3
2020-10-02,Trinity,105,12862,61,15,8,23,0
2020-10-02,Tulare,107,460477,16834,16245,160,16405,278
2020-10-02,Tuolumne,109,53932,236,225,6,231,2
2020-10-02,Ventura,111,848112,13789,13120,216,13336,146
2020-10-02,Yolo,113,214977,2924,2845,7,2852,55
2020-10-02,Yuba,115,75493,1120,1090,3,1093,8
2020-10-01,Alameda,001,1643700,21954,21349,186,21535,383
2020-10-01,Alpine,003,1148,3,2,0,2,0
2020-10-01,Amador,005,37829,300,294,0,294,16
2020-10-01,Butte,007,227075,2990,2865,45,2910,45
2020-10-01,Calaveras,009,45235,314,257,0,257,11
2020-10-01,Colusa,011,21464,535,536,0,536,6
2020-10-01,Contra Costa,013,1133247,17565,16898,83,16981,211
2020-10-01,Del Norte,015,27424,147,140,0,140,2
2020-10-01,El Dorado,017,186661,1260,1162,8,1170,4
2020-10-01,Fresno,019,978130,31246,28796,394,29190,397
2020-10-01,Glenn,021,27897,611,593,0,593,3
2020-10-01,Humboldt,023,135768,519,499,1,500,6
2020-10-01,Imperial,025,180216,12017,10928,9,10937,325
2020-10-01,Inyo,027,18085,197,191,4,195,14
2020-10-01,Kern,029,883053,32438,31678,336,32014,399
2020-10-01,Kings,031,150075,8103,7688,38,7726,79
2020-10-01,Lake,033,64148,605,572,0,572,11
2020-10-01,Lassen,035,31185,753,742,2,744,0
2020-10-01,Los Angeles,037,10098052,274924,271513,1977,273490,6621
2020-10-01,Madera,039,155013,4687,4508,30,4538,48
2020-10-01,Marin,041,260295,6835,6710,18,6728,92
2020-10-01,Mariposa,043,17540,77,76,0,76,2
2020-10-01,Mendocino,045,87422,942,874,4,878,19
2020-10-01,Merced,047,269075,9052,8942,23,8965,138
2020-10-01,Modoc,049,8938,29,26,0,26,0
2020-10-01,Mono,051,14174,169,150,2,152,1
2020-10-01,Monterey,053,433212,10268,9958,38,9996,71
2020-10-01,Napa,055,140530,1785,1729,8,1737,11
2020-10-01,Nevada,057,99092,558,543,16,559,6
2020-10-01,Orange,059,3164182,56173,53088,1522,54610,1257
2020-10-01,Placer,061,380077,3747,3599,13,3612,45
2020-10-01,Plumas,063,18699,51,48,0,48,0
2020-10-01,Riverside,065,2383286,61142,59293,207,59500,1223
2020-10-01,Sacramento,067,1510023,23302,22714,29,22743,433
2020-10-01,San Benito,069,59416,1358,1346,0,1346,12
2020-10-01,San Bernardino,071,2135413,56350,54350,352,54702,1021
2020-10-01,San Diego,073,3302833,49526,47487,1068,48555,792
2020-10-01,San Francisco,075,870044,11501,11284,28,11312,110
2020-10-01,San Joaquin,077,732212,20602,20204,64,20268,471
2020-10-01,San Luis Obispo,079,281455,3879,3625,17,3642,31
2020-10-01,San Mateo,081,765935,10455,9681,10,9691,128
2020-10-01,Santa Barbara,083,443738,9332,9215,78,9293,118
2020-10-01,Santa Clara,085,1922200,22770,21398,47,21445,305
2020-10-01,Santa Cruz,087,273765,2541,2418,32,2450,10
2020-10-01,Shasta,089,179085,1403,991,14,1005,18
2020-10-01,Sierra,091,2930,6,6,0,6,0
2020-10-01,Siskiyou,093,43540,165,150,10,160,0
2020-10-01,Solano,095,438530,6544,6352,39,6391,52
2020-10-01,Sonoma,097,501317,8087,7569,22,7591,125
2020-10-01,Stanislaus,099,539301,16783,16555,553,17108,346
2020-10-01,Sutter,101,95872,1726,1684,1,1685,11
2020-10-01,Tehama,103,63373,652,606,2,608,3
2020-10-01,Trinity,105,12862,61,15,8,23,0
2020-10-01,Tulare,107,460477,16759,16182,157,16339,275
2020-10-01,Tuolumne,109,53932,236,223,6,229,2
2020-10-01,Ventura,111,848112,13737,13057,203,13260,146
2020-10-01,Yolo,113,214977,2906,2833,7,2840,55
2020-10-01,Yuba,115,75493,1116,1082,3,1085,8
2020-09-30,Alameda,001,1643700,21876,21271,183,21454,380
2020-09-30,Alpine,003,1148,3,2,0,2,0
2020-09-30,Amador,005,37829,300,294,0,294,16
2020-09-30,Butte,007,227075,2982,2858,45,2903,44
2020-09-30,Calaveras,009,45235,313,258,0,258,11
2020-09-30,Colusa,011,21464,534,534,0,534,6
2020-09-30,Contra Costa,013,1133247,17497,16819,83,16902,211
2020-09-30,Del Norte,015,27424,146,140,0,140,2
2020-09-30,El Dorado,017,186661,1248,1157,8,1165,4
2020-09-30,Fresno,019,978130,31155,28706,391,29097,395
2020-09-30,Glenn,021,27897,606,592,0,592,3
2020-09-30,Humboldt,023,135768,517,497,1,498,6
2020-09-30,Imperial,025,180216,11992,10868,9,10877,287
2020-09-30,Inyo,027,18085,196,189,4,193,14
2020-09-30,Kern,029,883053,32362,31601,335,31936,398
2020-09-30,Kings,031,150075,8075,7685,38,7723,79
2020-09-30,Lake,033,64148,599,567,0,567,10
2020-09-30,Lassen,035,31185,750,742,2,744,0
2020-09-30,Los Angeles,037,10098052,273702,270260,1944,272204,6568
2020-09-30,Madera,039,155013,4678,4477,30,4507,47
2020-09-30,Marin,041,260295,6811,6700,17,6717,91
2020-09-30,Mariposa,043,17540,77,76,0,76,2
2020-09-30,Mendocino,045,87422,936,867,4,871,17
2020-09-30,Merced,047,269075,9032,8926,23,8949,136
2020-09-30,Modoc,049,8938,29,26,0,26,0
2020-09-30,Mono,051,14174,169,150,2,152,1
2020-09-30,Monterey,053,433212,10218,9898,37,9935,70
2020-09-30,Napa,055,140530,1771,1728,8,1736,11
2020-09-30,Nevada,057,99092,556,540,16,556,6
2020-09-30,Orange,059,3164182,55982,52916,1507,54423,1251
2020-09-30,Placer,061,380077,3726,3585,13,3598,43
2020-09-30,Plumas,063,18699,51,48,0,48,0
2020-09-30,Riverside,065,2383286,60786,59074,203,59277,1220
2020-09-30,Sacramento,067,1510023,23199,22613,29,22642,429
2020-09-30,San Benito,069,59416,1355,1342,0,1342,12
2020-09-30,San Bernardino,071,2135413,56074,53988,351,54339,1018
2020-09-30,San Diego,073,3302833,49222,47182,1047,48229,783
2020-09-30,San Francisco,075,870044,11471,11247,28,11275,106
2020-09-30,San Joaquin,077,732212,20519,20150,62,20212,461
2020-09-30,San Luis Obispo,079,281455,3854,3597,17,3614,31
2020-09-30,San Mateo,081,765935,10413,9634,10,9644,128
2020-09-30,Santa Barbara,083,443738,9306,9186,78,9264,115
2020-09-30,Santa Clara,085,1922200,22665,21318,47,21365,302
2020-09-30,Santa Cruz,087,273765,2528,2405,32,2437,10
2020-09-30,Shasta,089,179085,1347,976,13,989,17
2020-09-30,Sierra,091,2930,6,6,0,6,0
2020-09-30,Siskiyou,093,43540,163,150,10,160,0
2020-09-30,Solano,095,438530,6502,6315,39,6354,51
2020-09-30,Sonoma,097,501317,7998,7494,22,7516,125
2020-09-30,Stanislaus,099,539301,16736,16531,547,17078,343
2020-09-30,Sutter,101,95872,1710,1680,1,1681,10
2020-09-30,Tehama,103,63373,646,594,2,596,3
2020-09-30,Trinity,105,12862,58,15,8,23,0
2020-09-30,Tulare,107,460477,16692,16117,150,16267,274
2020-09-30,Tuolumne,109,53932,234,224,6,230,2
2020-09-30,Ventura,111,848112,13702,12968,187,13155,145
2020-09-30,Yolo,113,214977,2893,2822,7,2829,55
2020-09-30,Yuba,115,75493,1113,1075,3,1078,8
2020-09-29,Alameda,001,1643700,21801,21241,180,21421,374
2020-09-29,Alpine,003,1148,3,2,0,2,0
2020-09-29,Amador,005,37829,298,294,0,294,16
2020-09-29,Butte,007,227075,2968,2848,45,2893,44
2020-09-29,Calaveras,009,45235,311,261,0,261,11
2020-09-29,Colusa,011,21464,534,534,0,534,6
2020-09-29,Contra Costa,013,1133247,17441,16716,81,16797,209
2020-09-29,Del Norte,015,27424,142,142,0,142,2
2020-09-29,El Dorado,017,186661,1239,1151,8,1159,4
2020-09-29,Fresno,019,978130,31058,28621,390,29011,394
2020-09-29,Glenn,021,27897,602,589,0,589,3
2020-09-29,Humboldt,023,135768,515,497,1,498,6
2020-09-29,Imperial,025,180216,11957,10811,9,10820,283
2020-09-29,Inyo,027,18085,195,188,4,192,14
2020-09-29,Kern,029,883053,32306,31534,334,31868,397
2020-09-29,Kings,031,150075,8019,7681,38,7719,78
2020-09-29,Lake,033,64148,597,566,0,566,11
2020-09-29,Lassen,035,31185,750,741,2,743,0
2020-09-29,Los Angeles,037,10098052,272487,269246,1916,271162,6545
2020-09-29,Madera,039,155013,4655,4453,30,4483,47
2020-09-29,Marin,041,260295,6790,6692,17,6709,91
2020-09-29,Mariposa,043,17540,77,74,0,74,2
2020-09-29,Mendocino,045,87422,926,854,4,858,17
2020-09-29,Merced,047,269075,9019,8892,21,8913,136
2020-09-29,Modoc,049,8938,29,26,0,26,0
2020-09-29,Mono,051,14174,169,149,2,151,1
2020-09-29,Monterey,053,433212,10163,9826,35,9861,70
2020-09-29,Napa,055,140530,1768,1727,8,1735,11
2020-09-29,Nevada,057,99092,551,539,16,555,6
2020-09-29,Orange,059,3164182,55795,52755,1496,54251,1231
2020-09-29,Placer,061,380077,3704,3570,13,3583,42
2020-09-29,Plumas,063,18699,51,48,0,48,0
2020-09-29,Riverside,065,2383286,60456,58863,196,59059,1208
2020-09-29,Sacramento,067,1510023,23078,22547,28,22575,425
2020-09-29,San Benito,069,59416,1350,1341,0,1341,12
2020-09-29,San Bernardino,071,2135413,55764,53753,350,54103,1012
2020-09-29,San Diego,073,3302833,48945,46987,1024,48011,781
2020-09-29,San Francisco,075,870044,11435,11142,28,11170,104
2020-09-29,San Joaquin,077,732212,20451,20094,60,20154,454
2020-09-29,San Luis Obispo,079,281455,3832,3581,17,3598,31
2020-09-29,San Mateo,081,765935,10366,9619,10,9629,127
2020-09-29,Santa Barbara,083,443738,9286,9149,77,9226,114
2020-09-29,Santa Clara,085,1922200,22529,21233,46,21279,302
2020-09-29,Santa Cruz,087,273765,2513,2383,31,2414,10
2020-09-29,Shasta,089,179085,1286,943,13,956,17
2020-09-29,Sierra,091,2930,6,6,0,6,0
2020-09-29,Siskiyou,093,43540,157,150,10,160,0
2020-09-29,Solano,095,438530,6468,6303,39,6342,51
2020-09-29,Sonoma,097,501317,7926,7426,22,7448,125
2020-09-29,Stanislaus,099,539301,16706,16505,541,17046,341
2020-09-29,Sutter,101,95872,1704,1677,1,1678,10
2020-09-29,Tehama,103,63373,628,585,2,587,2
2020-09-29,Trinity,105,12862,56,16,8,24,0
2020-09-29,Tulare,107,460477,16627,16055,143,16198,270
2020-09-29,Tuolumne,109,53932,234,224,6,230,2
2020-09-29,Ventura,111,848112,13645,12875,184,13059,145
2020-09-29,Yolo,113,214977,2880,2818,7,2825,55
2020-09-29,Yuba,115,75493,1111,1071,3,1074,8
2020-09-28,Alameda,001,1643700,21714,21133,180,21313,370
2020-09-28,Alpine,003,1148,3,2,0,2,0
2020-09-28,Amador,005,37829,296,294,0,294,16
2020-09-28,Butte,007,227075,2953,2837,45,2882,44
2020-09-28,Calaveras,009,45235,311,257,0,257,11
2020-09-28,Colusa,011,21464,533,531,0,531,6
2020-09-28,Contra Costa,013,1133247,17378,16653,81,16734,195
2020-09-28,Del Norte,015,27424,142,138,0,138,2
2020-09-28,El Dorado,017,186661,1232,1144,8,1152,4
2020-09-28,Fresno,019,978130,30977,28517,384,28901,389
2020-09-28,Glenn,021,27897,600,585,0,585,3
2020-09-28,Humboldt,023,135768,509,495,1,496,6
2020-09-28,Imperial,025,180216,11922,10777,9,10786,283
2020-09-28,Inyo,027,18085,194,188,4,192,14
2020-09-28,Kern,029,883053,32241,31481,330,31811,395
2020-09-28,Kings,031,150075,7878,7661,36,7697,78
2020-09-28,Lake,033,64148,593,559,0,559,10
2020-09-28,Lassen,035,31185,749,737,2,739,0
2020-09-28,Los Angeles,037,10098052,271380,268404,1886,270290,6508
2020-09-28,Madera,039,155013,4634,4438,30,4468,47
2020-09-28,Marin,041,260295,6774,6676,17,6693,91
2020-09-28,Mariposa,043,17540,77,74,0,74,2
2020-09-28,Mendocino,045,87422,911,850,4,854,17
2020-09-28,Merced,047,269075,8991,8869,21,8890,136
2020-09-28,Modoc,049,8938,29,26,0,26,0
2020-09-28,Mono,051,14174,169,148,2,150,1
2020-09-28,Monterey,053,433212,10098,9780,33,9813,69
2020-09-28,Napa,055,140530,1756,1705,8,1713,11
2020-09-28,Nevada,057,99092,543,538,16,554,6
2020-09-28,Orange,059,3164182,55589,52633,1487,54120,1196
2020-09-28,Placer,061,380077,3683,3572,13,3585,42
2020-09-28,Plumas,063,18699,50,48,0,48,0
2020-09-28,Riverside,065,2383286,60158,58570,187,58757,1198
2020-09-28,Sacramento,067,1510023,22931,22392,28,22420,423
2020-09-28,San Benito,069,59416,1347,1336,0,1336,11
2020-09-28,San Bernardino,071,2135413,55416,53501,350,53851,988
2020-09-28,San Diego,073,3302833,48627,46736,1004,47740,776
2020-09-28,San Francisco,075,870044,11401,11114,28,11142,100
2020-09-28,San Joaquin,077,732212,20404,19982,59,20041,448
2020-09-28,San Luis Obispo,079,281455,3811,3567,17,3584,31
2020-09-28,San Mateo,081,765935,10316,9582,10,9592,127
2020-09-28,Santa Barbara,083,443738,9268,9121,77,9198,114
2020-09-28,Santa Clara,085,1922200,22412,21180,46,21226,271
2020-09-28,Santa Cruz,087,273765,2503,2359,31,2390,9
2020-09-28,Shasta,089,179085,1232,883,10,893,17
2020-09-28,Sierra,091,2930,6,6,0,6,0
2020-09-28,Siskiyou,093,43540,157,149,10,159,0
2020-09-28,Solano,095,438530,6431,6254,39,6293,51
2020-09-28,Sonoma,097,501317,7850,7369,22,7391,125
2020-09-28,Stanislaus,099,539301,16667,16467,534,17001,336
2020-09-28,Sutter,101,95872,1697,1676,1,1677,10
2020-09-28,Tehama,103,63373,620,579,2,581,2
2020-09-28,Trinity,105,12862,56,16,8,24,0
2020-09-28,Tulare,107,460477,16574,15918,138,16056,270
2020-09-28,Tuolumne,109,53932,234,225,6,231,2
2020-09-28,Ventura,111,848112,13567,12812,178,12990,139
2020-09-28,Yolo,113,214977,2863,2809,7,2816,55
2020-09-28,Yuba,115,75493,1108,1062,3,1065,7
2020-09-27,Alameda,001,1643700,21632,21077,176,21253,370
2020-09-27,Alpine,003,1148,3,2,0,2,0
2020-09-27,Amador,005,37829,296,291,0,291,16
2020-09-27,Butte,007,227075,2942,2833,45,2878,44
2020-09-27,Calaveras,009,45235,310,257,0,257,11
2020-09-27,Colusa,011,21464,532,531,0,531,6
2020-09-27,Contra Costa,013,1133247,17277,16596,80,16676,195
2020-09-27,Del Norte,015,27424,142,138,0,138,2
2020-09-27,El Dorado,017,186661,1217,1130,8,1138,4
2020-09-27,Fresno,019,978130,30872,28441,384,28825,389
2020-09-27,Glenn,021,27897,596,576,0,576,3
2020-09-27,Humboldt,023,135768,507,492,1,493,6
2020-09-27,Imperial,025,180216,11888,10743,9,10752,283
2020-09-27,Inyo,027,18085,192,188,4,192,14
2020-09-27,Kern,029,883053,32122,31462,327,31789,395
2020-09-27,Kings,031,150075,7858,7641,36,7677,78
2020-09-27,Lake,033,64148,589,555,0,555,10
2020-09-27,Lassen,035,31185,749,737,2,739,0
2020-09-27,Los Angeles,037,10098052,270200,267754,1866,269620,6507
2020-09-27,Madera,039,155013,4605,4416,30,4446,47
2020-09-27,Marin,041,260295,6764,6663,17,6680,91
2020-09-27,Mariposa,043,17540,77,74,0,74,2
2020-09-27,Mendocino,045,87422,905,846,4,850,17
2020-09-27,Merced,047,269075,8956,8853,21,8874,136
2020-09-27,Modoc,049,8938,29,26,0,26,0
2020-09-27,Mono,051,14174,169,148,2,150,1
2020-09-27,Monterey,053,433212,10038,9724,32,9756,69
2020-09-27,Napa,055,140530,1751,1690,8,1698,11
2020-09-27,Nevada,057,99092,542,537,16,553,6
2020-09-27,Orange,059,3164182,55314,52458,1478,53936,1195
2020-09-27,Placer,061,380077,3670,3562,13,3575,42
2020-09-27,Plumas,063,18699,50,48,0,48,0
2020-09-27,Riverside,065,2383286,59862,58509,179,58688,1191
2020-09-27,Sacramento,067,1510023,22833,22356,28,22384,422
2020-09-27,San Benito,069,59416,1347,1331,0,1331,11
2020-09-27,San Bernardino,071,2135413,54980,53127,350,53477,988
2020-09-27,San Diego,073,3302833,48283,46612,987,47599,776
2020-09-27,San Francisco,075,870044,11349,11114,28,11142,100
2020-09-27,San Joaquin,077,732212,20345,19981,59,20040,448
2020-09-27,San Luis Obispo,079,281455,3791,3562,17,3579,31
2020-09-27,San Mateo,081,765935,10248,9566,10,9576,127
2020-09-27,Santa Barbara,083,443738,9247,9090,76,9166,114
2020-09-27,Santa Clara,085,1922200,22303,21091,46,21137,271
2020-09-27,Santa Cruz,087,273765,2481,2359,31,2390,9
2020-09-27,Shasta,089,179085,1189,883,9,892,17
2020-09-27,Sierra,091,2930,6,6,0,6,0
2020-09-27,Siskiyou,093,43540,156,149,10,159,0
2020-09-27,Solano,095,438530,6396,6211,39,6250,51
2020-09-27,Sonoma,097,501317,7769,7336,22,7358,124
2020-09-27,Stanislaus,099,539301,16616,16448,528,16976,336
2020-09-27,Sutter,101,95872,1690,1672,1,1673,10
2020-09-27,Tehama,103,63373,603,573,2,575,2
2020-09-27,Trinity,105,12862,56,16,8,24,0
2020-09-27,Tulare,107,460477,16496,15918,129,16047,270
2020-09-27,Tuolumne,109,53932,233,224,6,230,2
2020-09-27,Ventura,111,848112,13478,12775,169,12944,139
2020-09-27,Yolo,113,214977,2849,2796,7,2803,55
2020-09-27,Yuba,115,75493,1098,1059,3,1062,7
2020-09-26,Alameda,001,1643700,21574,21019,175,21194,370
2020-09-26,Alpine,003,1148,3,2,0,2,0
2020-09-26,Amador,005,37829,295,291,0,291,16
2020-09-26,Butte,007,227075,2934,2827,45,2872,44
2020-09-26,Calaveras,009,45235,310,257,0,257,11
2020-09-26,Colusa,011,21464,532,529,0,529,6
2020-09-26,Contra Costa,013,1133247,17233,16508,80,16588,194
2020-09-26,Del Norte,015,27424,142,138,0,138,2
2020-09-26,El Dorado,017,186661,1212,1127,8,1135,4
2020-09-26,Fresno,019,978130,30805,28336,384,28720,389
2020-09-26,Glenn,021,27897,596,576,0,576,3
2020-09-26,Humboldt,023,135768,507,491,1,492,6
2020-09-26,Imperial,025,180216,11871,10721,9,10730,283
2020-09-26,Inyo,027,18085,191,187,4,191,14
2020-09-26,Kern,029,883053,32071,31410,327,31737,394
2020-09-26,Kings,031,150075,7846,7537,36,7573,78
2020-09-26,Lake,033,64148,586,549,0,549,10
2020-09-26,Lassen,035,31185,749,737,2,739,0
2020-09-26,Los Angeles,037,10098052,269568,266931,1852,268783,6497
2020-09-26,Madera,039,155013,4589,4410,30,4440,47
2020-09-26,Marin,041,260295,6751,6641,17,6658,91
2020-09-26,Mariposa,043,17540,76,74,0,74,2
2020-09-26,Mendocino,045,87422,900,836,4,840,17
2020-09-26,Merced,047,269075,8944,8841,20,8861,136
2020-09-26,Modoc,049,8938,29,26,0,26,0
2020-09-26,Mono,051,14174,169,148,2,150,1
2020-09-26,Monterey,053,433212,10011,9651,32,9683,68
2020-09-26,Napa,055,140530,1749,1681,8,1689,11
2020-09-26,Nevada,057,99092,542,534,16,550,6
2020-09-26,Orange,059,3164182,55175,52203,1472,53675,1194
2020-09-26,Placer,061,380077,3657,3551,13,3564,42
2020-09-26,Plumas,063,18699,49,48,0,48,0
2020-09-26,Riverside,065,2383286,59727,58076,177,58253,1190
2020-09-26,Sacramento,067,1510023,22775,22269,28,22297,421
2020-09-26,San Benito,069,59416,1345,1325,0,1325,11
2020-09-26,San Bernardino,071,2135413,54847,53122,350,53472,988
2020-09-26,San Diego,073,3302833,48078,46333,973,47306,775
2020-09-26,San Francisco,075,870044,11320,11113,28,11141,100
2020-09-26,San Joaquin,077,732212,20309,19982,57,20039,449
2020-09-26,San Luis Obispo,079,281455,3775,3546,17,3563,31
2020-09-26,San Mateo,081,765935,10214,9509,10,9519,127
2020-09-26,Santa Barbara,083,443738,9236,9061,76,9137,114
2020-09-26,Santa Clara,085,1922200,22232,20967,45,21012,270
2020-09-26,Santa Cruz,087,273765,2473,2336,31,2367,9
2020-09-26,Shasta,089,179085,1139,856,8,864,17
2020-09-26,Sierra,091,2930,6,6,0,6,0
2020-09-26,Siskiyou,093,43540,155,149,10,159,0
2020-09-26,Solano,095,438530,6377,6209,39,6248,51
2020-09-26,Sonoma,097,501317,7744,7285,21,7306,124
2020-09-26,Stanislaus,099,539301,16591,16421,520,16941,336
2020-09-26,Sutter,101,95872,1685,1662,1,1663,10
2020-09-26,Tehama,103,63373,591,560,2,562,2
2020-09-26,Trinity,105,12862,54,16,8,24,0
2020-09-26,Tulare,107,460477,16471,15881,127,16008,270
2020-09-26,Tuolumne,109,53932,233,223,6,229,2
2020-09-26,Ventura,111,848112,13443,12729,168,12897,137
2020-09-26,Yolo,113,214977,2847,2789,7,2796,55
2020-09-26,Yuba,115,75493,1094,1056,3,1059,7
2020-09-25,Alameda,001,1643700,21520,20911,175,21086,367
2020-09-25,Alpine,003,1148,3,2,0,2,0
2020-09-25,Amador,005,37829,295,289,0,289,16
2020-09-25,Butte,007,227075,2929,2819,45,2864,43
2020-09-25,Calaveras,009,45235,310,257,0,257,11
2020-09-25,Colusa,011,21464,532,528,0,528,6
2020-09-25,Contra Costa,013,1133247,17175,16401,80,16481,194
2020-09-25,Del Norte,015,27424,142,138,0,138,2
2020-09-25,El Dorado,017,186661,1208,1104,8,1112,4
2020-09-25,Fresno,019,978130,30745,28199,383,28582,385
2020-09-25,Glenn,021,27897,594,570,0,570,3
2020-09-25,Humboldt,023,135768,506,489,1,490,5
2020-09-25,Imperial,025,180216,11853,10681,9,10690,283
2020-09-25,Inyo,027,18085,189,187,4,191,14
2020-09-25,Kern,029,883053,32018,31333,325,31658,393
2020-09-25,Kings,031,150075,7841,7450,36,7486,77
2020-09-25,Lake,033,64148,585,539,0,539,9
2020-09-25,Lassen,035,31185,749,737,2,739,0
2020-09-25,Los Angeles,037,10098052,268774,265713,1839,267552,6483
2020-09-25,Madera,039,155013,4570,4369,30,4399,48
2020-09-25,Marin,041,260295,6748,6622,17,6639,90
2020-09-25,Mariposa,043,17540,76,74,0,74,2
2020-09-25,Mendocino,045,87422,885,819,3,822,17
2020-09-25,Merced,047,269075,8928,8830,20,8850,135
2020-09-25,Modoc,049,8938,29,26,0,26,0
2020-09-25,Mono,051,14174,169,149,2,151,1
2020-09-25,Monterey,053,433212,9959,9581,32,9613,68
2020-09-25,Napa,055,140530,1747,1669,8,1677,11
2020-09-25,Nevada,057,99092,540,529,16,545,6
2020-09-25,Orange,059,3164182,55048,52031,1464,53495,1184
2020-09-25,Placer,061,380077,3646,3527,13,3540,41
2020-09-25,Plumas,063,18699,49,48,0,48,0
2020-09-25,Riverside,065,2383286,59551,57783,172,57955,1183
2020-09-25,Sacramento,067,1510023,22698,22132,28,22160,418
2020-09-25,San Benito,069,59416,1344,1318,0,1318,11
2020-09-25,San Bernardino,071,2135413,54693,52814,350,53164,987
2020-09-25,San Diego,073,3302833,47876,46003,957,46960,775
2020-09-25,San Francisco,075,870044,11286,11066,27,11093,100
2020-09-25,San Joaquin,077,732212,20257,19909,57,19966,449
2020-09-25,San Luis Obispo,079,281455,3763,3512,17,3529,31
2020-09-25,San Mateo,081,765935,10178,9447,10,9457,127
2020-09-25,Santa Barbara,083,443738,9212,9026,76,9102,114
2020-09-25,Santa Clara,085,1922200,22167,20812,44,20856,265
2020-09-25,Santa Cruz,087,273765,2461,2309,30,2339,9
2020-09-25,Shasta,089,179085,1105,806,8,814,16
2020-09-25,Sierra,091,2930,6,6,0,6,0
2020-09-25,Siskiyou,093,43540,155,149,10,159,0
2020-09-25,Solano,095,438530,6361,6179,39,6218,50
2020-09-25,Sonoma,097,501317,7704,7202,21,7223,124
2020-09-25,Stanislaus,099,539301,16573,16381,518,16899,326
2020-09-25,Sutter,101,95872,1682,1655,1,1656,10
2020-09-25,Tehama,103,63373,583,546,2,548,2
2020-09-25,Trinity,105,12862,54,15,8,23,0
2020-09-25,Tulare,107,460477,16431,15815,126,15941,267
2020-09-25,Tuolumne,109,53932,233,223,6,229,2
2020-09-25,Ventura,111,848112,13400,12664,165,12829,137
2020-09-25,Yolo,113,214977,2839,2784,7,2791,55
2020-09-25,Yuba,115,75493,1089,1049,3,1052,5
2020-09-24,Alameda,001,1643700,21445,20838,172,21010,364
2020-09-24,Alpine,003,1148,3,2,0,2,0
2020-09-24,Amador,005,37829,295,288,0,288,16
2020-09-24,Butte,007,227075,2918,2803,45,2848,43
2020-09-24,Calaveras,009,45235,310,258,0,258,11
2020-09-24,Colusa,011,21464,532,523,0,523,6
2020-09-24,Contra Costa,013,1133247,17092,16252,80,16332,192
2020-09-24,Del Norte,015,27424,138,137,0,137,2
2020-09-24,El Dorado,017,186661,1199,1093,8,1101,4
2020-09-24,Fresno,019,978130,30639,28106,379,28485,375
2020-09-24,Glenn,021,27897,590,567,0,567,3
2020-09-24,Humboldt,023,135768,503,482,1,483,5
2020-09-24,Imperial,025,180216,11829,10622,9,10631,283
2020-09-24,Inyo,027,18085,189,187,4,191,13
2020-09-24,Kern,029,883053,31955,31273,323,31596,388
2020-09-24,Kings,031,150075,7825,7428,36,7464,76
2020-09-24,Lake,033,64148,576,531,0,531,9
2020-09-24,Lassen,035,31185,748,737,2,739,0
2020-09-24,Los Angeles,037,10098052,267732,264374,1822,266196,6452
2020-09-24,Madera,039,155013,4551,4344,30,4374,48
2020-09-24,Marin,041,260295,6720,6588,17,6605,85
2020-09-24,Mariposa,043,17540,76,74,0,74,2
2020-09-24,Mendocino,045,87422,881,810,3,813,17
2020-09-24,Merced,047,269075,8899,8813,19,8832,135
2020-09-24,Modoc,049,8938,29,24,0,24,0
2020-09-24,Mono,051,14174,169,149,2,151,1
2020-09-24,Monterey,053,433212,9893,9544,30,9574,67
2020-09-24,Napa,055,140530,1735,1661,8,1669,11
2020-09-24,Nevada,057,99092,539,527,16,543,6
2020-09-24,Orange,059,3164182,54842,51749,1446,53195,1164
2020-09-24,Placer,061,380077,3632,3514,13,3527,41
2020-09-24,Plumas,063,18699,49,48,0,48,0
2020-09-24,Riverside,065,2383286,59286,57491,166,57657,1172
2020-09-24,Sacramento,067,1510023,22570,21985,27,22012,417
2020-09-24,San Benito,069,59416,1342,1308,0,1308,11
2020-09-24,San Bernardino,071,2135413,54356,52455,349,52804,988
2020-09-24,San Diego,073,3302833,47607,45598,942,46540,773
2020-09-24,San Francisco,075,870044,11239,10992,27,11019,99
2020-09-24,San Joaquin,077,732212,20219,19851,55,19906,444
2020-09-24,San Luis Obispo,079,281455,3747,3480,17,3497,31
2020-09-24,San Mateo,081,765935,10130,9376,10,9386,127
2020-09-24,Santa Barbara,083,443738,9159,8988,75,9063,114
2020-09-24,Santa Clara,085,1922200,22079,20689,44,20733,262
2020-09-24,Santa Cruz,087,273765,2441,2300,28,2328,9
2020-09-24,Shasta,089,179085,1068,773,5,778,14
2020-09-24,Sierra,091,2930,6,6,0,6,0
2020-09-24,Siskiyou,093,43540,155,149,10,159,0
2020-09-24,Solano,095,438530,6328,6137,39,6176,49
2020-09-24,Sonoma,097,501317,7623,7163,21,7184,122
2020-09-24,Stanislaus,099,539301,16537,16326,513,16839,326
2020-09-24,Sutter,101,95872,1679,1646,1,1647,10
2020-09-24,Tehama,103,63373,580,540,2,542,2
2020-09-24,Trinity,105,12862,54,15,8,23,0
2020-09-24,Tulare,107,460477,16366,15754,125,15879,267
2020-09-24,Tuolumne,109,53932,233,224,6,230,2
2020-09-24,Ventura,111,848112,13318,12617,164,12781,138
2020-09-24,Yolo,113,214977,2832,2776,7,2783,55
2020-09-24,Yuba,115,75493,1084,1042,3,1045,5
2020-09-23,Alameda,001,1643700,21376,20718,170,20888,361
2020-09-23,Alpine,003,1148,3,2,0,2,0
2020-09-23,Amador,005,37829,294,288,0,288,16
2020-09-23,Butte,007,227075,2910,2790,45,2835,43
2020-09-23,Calaveras,009,45235,309,258,0,258,11
2020-09-23,Colusa,011,21464,531,521,0,521,6
2020-09-23,Contra Costa,013,1133247,17032,16167,80,16247,192
2020-09-23,Del Norte,015,27424,136,137,0,137,2
2020-09-23,El Dorado,017,186661,1185,1088,8,1096,4
2020-09-23,Fresno,019,978130,30545,28019,377,28396,371
2020-09-23,Glenn,021,27897,583,561,0,561,3
2020-09-23,Humboldt,023,135768,499,477,1,478,5
2020-09-23,Imperial,025,180216,11804,10587,9,10596,284
2020-09-23,Inyo,027,18085,188,177,4,181,13
2020-09-23,Kern,029,883053,31911,31172,321,31493,387
2020-09-23,Kings,031,150075,7803,7406,36,7442,76
2020-09-23,Lake,033,64148,571,519,0,519,9
2020-09-23,Lassen,035,31185,748,736,2,738,0
2020-09-23,Los Angeles,037,10098052,266715,263318,1794,265112,6421
2020-09-23,Madera,039,155013,4536,4311,30,4341,48
2020-09-23,Marin,041,260295,6701,6567,17,6584,85
2020-09-23,Mariposa,043,17540,76,74,0,74,2
2020-09-23,Mendocino,045,87422,880,801,2,803,17
2020-09-23,Merced,047,269075,8878,8785,17,8802,134
2020-09-23,Modoc,049,8938,29,24,0,24,0
2020-09-23,Mono,051,14174,169,149,2,151,1
2020-09-23,Monterey,053,433212,9824,9452,29,9481,67
2020-09-23,Napa,055,140530,1726,1653,8,1661,11
2020-09-23,Nevada,057,99092,538,523,16,539,6
2020-09-23,Orange,059,3164182,54615,51658,1438,53096,1155
2020-09-23,Placer,061,380077,3620,3506,13,3519,41
2020-09-23,Plumas,063,18699,49,48,0,48,0
2020-09-23,Riverside,065,2383286,58980,57257,163,57420,1165
2020-09-23,Sacramento,067,1510023,22494,21821,27,21848,415
2020-09-23,San Benito,069,59416,1336,1305,0,1305,10
2020-09-23,San Bernardino,071,2135413,54063,52132,347,52479,973
2020-09-23,San Diego,073,3302833,47331,45427,923,46350,767
2020-09-23,San Francisco,075,870044,11190,10926,27,10953,95
2020-09-23,San Joaquin,077,732212,20165,19785,55,19840,439
2020-09-23,San Luis Obispo,079,281455,3729,3447,17,3464,31
2020-09-23,San Mateo,081,765935,10090,9351,10,9361,127
2020-09-23,Santa Barbara,083,443738,9130,8952,75,9027,112
2020-09-23,Santa Clara,085,1922200,21969,20575,41,20616,260
2020-09-23,Santa Cruz,087,273765,2422,2283,28,2311,9
2020-09-23,Shasta,089,179085,1029,756,4,760,14
2020-09-23,Sierra,091,2930,6,6,0,6,0
2020-09-23,Siskiyou,093,43540,155,149,10,159,0
2020-09-23,Solano,095,438530,6302,6123,39,6162,50
2020-09-23,Sonoma,097,501317,7547,7091,21,7112,122
2020-09-23,Stanislaus,099,539301,16507,16271,510,16781,317
2020-09-23,Sutter,101,95872,1675,1646,1,1647,10
2020-09-23,Tehama,103,63373,574,533,2,535,2
2020-09-23,Trinity,105,12862,53,15,8,23,0
2020-09-23,Tulare,107,460477,16301,15664,124,15788,266
2020-09-23,Tuolumne,109,53932,233,223,6,229,2
2020-09-23,Ventura,111,848112,13262,12591,162,12753,137
2020-09-23,Yolo,113,214977,2814,2766,7,2773,55
2020-09-23,Yuba,115,75493,1082,1038,3,1041,5
2020-09-22,Alameda,001,1643700,21297,20607,168,20775,355
2020-09-22,Alpine,003,1148,2,2,0,2,0
2020-09-22,Amador,005,37829,293,287,0,287,16
2020-09-22,Butte,007,227075,2905,2776,45,2821,43
2020-09-22,Calaveras,009,45235,309,258,0,258,11
2020-09-22,Colusa,011,21464,529,518,0,518,6
2020-09-22,Contra Costa,013,1133247,16942,16090,80,16170,190
2020-09-22,Del Norte,015,27424,136,137,0,137,2
2020-09-22,El Dorado,017,186661,1166,1076,8,1084,4
2020-09-22,Fresno,019,978130,30450,27944,374,28318,369
2020-09-22,Glenn,021,27897,580,560,0,560,3
2020-09-22,Humboldt,023,135768,498,476,1,477,5
2020-09-22,Imperial,025,180216,11775,10529,9,10538,284
2020-09-22,Inyo,027,18085,188,177,4,181,13
2020-09-22,Kern,029,883053,31844,31110,314,31424,383
2020-09-22,Kings,031,150075,7746,7395,35,7430,76
2020-09-22,Lake,033,64148,565,516,0,516,9
2020-09-22,Lassen,035,31185,747,736,2,738,0
2020-09-22,Los Angeles,037,10098052,265649,262117,1769,263886,6394
2020-09-22,Madera,039,155013,4520,4303,30,4333,47
2020-09-22,Marin,041,260295,6688,6561,17,6578,84
2020-09-22,Mariposa,043,17540,76,74,0,74,2
2020-09-22,Mendocino,045,87422,860,794,1,795,18
2020-09-22,Merced,047,269075,8848,8769,17,8786,132
2020-09-22,Modoc,049,8938,29,24,0,24,0
2020-09-22,Mono,051,14174,168,149,2,151,1
2020-09-22,Monterey,053,433212,9766,9393,28,9421,67
2020-09-22,Napa,055,140530,1709,1652,8,1660,11
2020-09-22,Nevada,057,99092,538,523,16,539,6
2020-09-22,Orange,059,3164182,54365,51528,1429,52957,1132
2020-09-22,Placer,061,380077,3608,3492,13,3505,40
2020-09-22,Plumas,063,18699,49,48,0,48,0
2020-09-22,Riverside,065,2383286,58496,57066,159,57225,1162
2020-09-22,Sacramento,067,1510023,22375,21745,27,21772,410
2020-09-22,San Benito,069,59416,1331,1305,0,1305,10
2020-09-22,San Bernardino,071,2135413,53789,51899,347,52246,971
2020-09-22,San Diego,073,3302833,47024,45149,904,46053,765
2020-09-22,San Francisco,075,870044,11146,10893,26,10919,95
2020-09-22,San Joaquin,077,732212,20118,19755,54,19809,426
2020-09-22,San Luis Obispo,079,281455,3707,3420,17,3437,31
2020-09-22,San Mateo,081,765935,10052,9291,10,9301,127
2020-09-22,Santa Barbara,083,443738,9100,8927,74,9001,111
2020-09-22,Santa Clara,085,1922200,21850,20514,41,20555,253
2020-09-22,Santa Cruz,087,273765,2398,2264,28,2292,8
2020-09-22,Shasta,089,179085,994,723,4,727,14
2020-09-22,Sierra,091,2930,6,6,0,6,0
2020-09-22,Siskiyou,093,43540,155,149,10,159,0
2020-09-22,Solano,095,438530,6271,6107,39,6146,48
2020-09-22,Sonoma,097,501317,7468,7068,20,7088,117
2020-09-22,Stanislaus,099,539301,16484,16231,503,16734,316
2020-09-22,Sutter,101,95872,1669,1638,1,1639,10
2020-09-22,Tehama,103,63373,566,529,2,531,2
2020-09-22,Trinity,105,12862,53,15,8,23,0
2020-09-22,Tulare,107,460477,16234,15616,121,15737,263
2020-09-22,Tuolumne,109,53932,232,224,6,230,1
2020-09-22,Ventura,111,848112,13210,12507,158,12665,136
2020-09-22,Yolo,113,214977,2807,2763,7,2770,54
2020-09-22,Yuba,115,75493,1073,1035,3,1038,5
2020-09-21,Alameda,001,1643700,21218,20501,167,20668,343
2020-09-21,Alpine,003,1148,2,2,0,2,0
2020-09-21,Amador,005,37829,291,286,0,286,16
2020-09-21,Butte,007,227075,2891,2769,45,2814,41
2020-09-21,Calaveras,009,45235,307,256,0,256,10
2020-09-21,Colusa,011,21464,528,517,0,517,6
2020-09-21,Contra Costa,013,1133247,16861,16008,80,16088,189
2020-09-21,Del Norte,015,27424,136,132,0,132,2
2020-09-21,El Dorado,017,186661,1157,1074,8,1082,4
2020-09-21,Fresno,019,978130,30349,27843,367,28210,362
2020-09-21,Glenn,021,27897,576,556,0,556,3
2020-09-21,Humboldt,023,135768,494,473,1,474,5
2020-09-21,Imperial,025,180216,11744,10521,9,10530,284
2020-09-21,Inyo,027,18085,187,177,4,181,12
2020-09-21,Kern,029,883053,31773,31031,312,31343,379
2020-09-21,Kings,031,150075,7633,7297,34,7331,76
2020-09-21,Lake,033,64148,560,508,0,508,8
2020-09-21,Lassen,035,31185,745,735,2,737,0
2020-09-21,Los Angeles,037,10098052,264563,261418,1724,263142,6360
2020-09-21,Madera,039,155013,4509,4275,29,4304,47
2020-09-21,Marin,041,260295,6677,6538,16,6554,84
2020-09-21,Mariposa,043,17540,75,74,0,74,2
2020-09-21,Mendocino,045,87422,845,778,0,778,18
2020-09-21,Merced,047,269075,8829,8749,15,8764,128
2020-09-21,Modoc,049,8938,29,22,0,22,0
2020-09-21,Mono,051,14174,168,147,2,149,1
2020-09-21,Monterey,053,433212,9702,9331,25,9356,66
2020-09-21,Napa,055,140530,1698,1641,8,1649,11
2020-09-21,Nevada,057,99092,536,515,16,531,6
2020-09-21,Orange,059,3164182,54143,51363,1422,52785,1110
2020-09-21,Placer,061,380077,3598,3473,13,3486,40
2020-09-21,Plumas,063,18699,49,47,0,47,0
2020-09-21,Riverside,065,2383286,58224,57001,152,57153,1153
2020-09-21,Sacramento,067,1510023,22193,21568,27,21595,404
2020-09-21,San Benito,069,59416,1329,1298,0,1298,10
2020-09-21,San Bernardino,071,2135413,53502,51654,347,52001,970
2020-09-21,San Diego,073,3302833,46740,44927,883,45810,760
2020-09-21,San Francisco,075,870044,11098,10743,26,10769,95
2020-09-21,San Joaquin,077,732212,20061,19579,54,19633,423
2020-09-21,San Luis Obispo,079,281455,3681,3406,17,3423,27
2020-09-21,San Mateo,081,765935,10000,9239,10,9249,127
2020-09-21,Santa Barbara,083,443738,9072,8911,74,8985,110
2020-09-21,Santa Clara,085,1922200,21750,20432,41,20473,252
2020-09-21,Santa Cruz,087,273765,2382,2257,26,2283,8
2020-09-21,Shasta,089,179085,944,696,4,700,14
2020-09-21,Sierra,091,2930,6,6,0,6,0
2020-09-21,Siskiyou,093,43540,155,146,10,156,0
2020-09-21,Solano,095,438530,6247,6019,39,6058,46
2020-09-21,Sonoma,097,501317,7392,7017,20,7037,117
2020-09-21,Stanislaus,099,539301,16454,16186,503,16689,310
2020-09-21,Sutter,101,95872,1662,1634,1,1635,10
2020-09-21,Tehama,103,63373,547,513,2,515,2
2020-09-21,Trinity,105,12862,53,15,8,23,0
2020-09-21,Tulare,107,460477,16160,15528,112,15640,260
2020-09-21,Tuolumne,109,53932,232,221,6,227,1
2020-09-21,Ventura,111,848112,13126,12477,152,12629,133
2020-09-21,Yolo,113,214977,2801,2752,7,2759,54
2020-09-21,Yuba,115,75493,1069,1033,3,1036,1
2020-09-20,Alameda,001,1643700,21117,20425,164,20589,343
2020-09-20,Alpine,003,1148,2,2,0,2,0
2020-09-20,Amador,005,37829,290,286,0,286,16
2020-09-20,Butte,007,227075,2879,2764,45,2809,39
2020-09-20,Calaveras,009,45235,303,256,0,256,10
2020-09-20,Colusa,011,21464,526,510,0,510,6
2020-09-20,Contra Costa,013,1133247,16744,15917,79,15996,189
2020-09-20,Del Norte,015,27424,134,132,0,132,2
2020-09-20,El Dorado,017,186661,1142,1073,8,1081,4
2020-09-20,Fresno,019,978130,30235,27769,362,28131,362
2020-09-20,Glenn,021,27897,572,550,0,550,3
2020-09-20,Humboldt,023,135768,494,472,1,473,5
2020-09-20,Imperial,025,180216,11717,10496,8,10504,284
2020-09-20,Inyo,027,18085,187,177,4,181,12
2020-09-20,Kern,029,883053,31689,30992,308,31300,379
2020-09-20,Kings,031,150075,7586,7159,33,7192,76
2020-09-20,Lake,033,64148,548,492,0,492,8
2020-09-20,Lassen,035,31185,745,735,2,737,0
2020-09-20,Los Angeles,037,10098052,263336,260770,1699,262469,6347
2020-09-20,Madera,039,155013,4489,4257,29,4286,47
2020-09-20,Marin,041,260295,6652,6533,16,6549,83
2020-09-20,Mariposa,043,17540,75,74,0,74,2
2020-09-20,Mendocino,045,87422,833,765,0,765,18
2020-09-20,Merced,047,269075,8802,8745,15,8760,128
2020-09-20,Modoc,049,8938,27,22,0,22,0
2020-09-20,Mono,051,14174,167,147,2,149,1
2020-09-20,Monterey,053,433212,9623,9312,25,9337,65
2020-09-20,Napa,055,140530,1689,1626,8,1634,11
2020-09-20,Nevada,057,99092,533,511,16,527,6
2020-09-20,Orange,059,3164182,53901,51233,1412,52645,1110
2020-09-20,Placer,061,380077,3584,3452,13,3465,40
2020-09-20,Plumas,063,18699,49,47,0,47,0
2020-09-20,Riverside,065,2383286,58023,56783,146,56929,1147
2020-09-20,Sacramento,067,1510023,22006,21394,26,21420,401
2020-09-20,San Benito,069,59416,1318,1291,0,1291,9
2020-09-20,San Bernardino,071,2135413,53185,51559,345,51904,970
2020-09-20,San Diego,073,3302833,46367,44579,854,45433,760
2020-09-20,San Francisco,075,870044,11044,10743,26,10769,95
2020-09-20,San Joaquin,077,732212,19996,19578,47,19625,423
2020-09-20,San Luis Obispo,079,281455,3654,3393,17,3410,27
2020-09-20,San Mateo,081,765935,9934,9198,10,9208,127
2020-09-20,Santa Barbara,083,443738,9036,8880,73,8953,110
2020-09-20,Santa Clara,085,1922200,21631,20330,40,20370,252
2020-09-20,Santa Cruz,087,273765,2362,2199,26,2225,8
2020-09-20,Shasta,089,179085,903,696,3,699,14
2020-09-20,Sierra,091,2930,6,6,0,6,0
2020-09-20,Siskiyou,093,43540,155,146,10,156,0
2020-09-20,Solano,095,438530,6203,6020,39,6059,46
2020-09-20,Sonoma,097,501317,7288,6954,20,6974,117
2020-09-20,Stanislaus,099,539301,16423,16159,496,16655,310
2020-09-20,Sutter,101,95872,1656,1624,1,1625,10
2020-09-20,Tehama,103,63373,534,509,2,511,2
2020-09-20,Trinity,105,12862,53,15,8,23,0
2020-09-20,Tulare,107,460477,16074,15528,105,15633,260
2020-09-20,Tuolumne,109,53932,232,221,6,227,1
2020-09-20,Ventura,111,848112,13060,12406,148,12554,133
2020-09-20,Yolo,113,214977,2793,2745,7,2752,54
2020-09-20,Yuba,115,75493,1062,1029,3,1032,1
2020-09-19,Alameda,001,1643700,21067,20349,161,20510,343
2020-09-19,Alpine,003,1148,2,2,0,2,0
2020-09-19,Amador,005,37829,290,285,0,285,16
2020-09-19,Butte,007,227075,2873,2748,45,2793,38
2020-09-19,Calaveras,009,45235,303,256,0,256,10
2020-09-19,Colusa,011,21464,526,507,0,507,6
2020-09-19,Contra Costa,013,1133247,16682,15783,79,15862,186
2020-09-19,Del Norte,015,27424,133,132,0,132,2
2020-09-19,El Dorado,017,186661,1136,1068,7,1075,4
2020-09-19,Fresno,019,978130,30162,27668,362,28030,362
2020-09-19,Glenn,021,27897,569,547,0,547,3
2020-09-19,Humboldt,023,135768,493,471,1,472,5
2020-09-19,Imperial,025,180216,11702,10496,8,10504,284
2020-09-19,Inyo,027,18085,187,177,4,181,12
2020-09-19,Kern,029,883053,31637,30886,305,31191,379
2020-09-19,Kings,031,150075,7580,7130,33,7163,76
2020-09-19,Lake,033,64148,548,465,0,465,8
2020-09-19,Lassen,035,31185,745,731,2,733,0
2020-09-19,Los Angeles,037,10098052,262712,259801,1685,261486,6325
2020-09-19,Madera,039,155013,4466,4237,29,4266,47
2020-09-19,Marin,041,260295,6645,6513,15,6528,81
2020-09-19,Mariposa,043,17540,75,74,0,74,2
2020-09-19,Mendocino,045,87422,830,750,0,750,18
2020-09-19,Merced,047,269075,8791,8717,14,8731,128
2020-09-19,Modoc,049,8938,27,22,0,22,0
2020-09-19,Mono,051,14174,167,147,2,149,1
2020-09-19,Monterey,053,433212,9581,9237,25,9262,65
2020-09-19,Napa,055,140530,1681,1614,8,1622,11
2020-09-19,Nevada,057,99092,531,505,16,521,6
2020-09-19,Orange,059,3164182,53773,50999,1405,52404,1105
2020-09-19,Placer,061,380077,3575,3412,13,3425,40
2020-09-19,Plumas,063,18699,49,47,0,47,0
2020-09-19,Riverside,065,2383286,57896,56562,145,56707,1147
2020-09-19,Sacramento,067,1510023,21952,21297,26,21323,396
2020-09-19,San Benito,069,59416,1314,1276,0,1276,9
2020-09-19,San Bernardino,071,2135413,53027,51353,342,51695,971
2020-09-19,San Diego,073,3302833,46139,44295,831,45126,773
2020-09-19,San Francisco,075,870044,11011,10741,26,10767,95
2020-09-19,San Joaquin,077,732212,19960,19580,47,19627,424
2020-09-19,San Luis Obispo,079,281455,3633,3369,17,3386,27
2020-09-19,San Mateo,081,765935,9903,9158,10,9168,127
2020-09-19,Santa Barbara,083,443738,9016,8862,73,8935,106
2020-09-19,Santa Clara,085,1922200,21542,20170,40,20210,251
2020-09-19,Santa Cruz,087,273765,2348,2198,25,2223,8
2020-09-19,Shasta,089,179085,876,687,3,690,14
2020-09-19,Sierra,091,2930,6,6,0,6,0
2020-09-19,Siskiyou,093,43540,155,146,10,156,0
2020-09-19,Solano,095,438530,6187,5998,39,6037,46
2020-09-19,Sonoma,097,501317,7255,6905,20,6925,117
2020-09-19,Stanislaus,099,539301,16382,16109,489,16598,313
2020-09-19,Sutter,101,95872,1655,1602,1,1603,10
2020-09-19,Tehama,103,63373,529,498,2,500,2
2020-09-19,Trinity,105,12862,53,15,8,23,0
2020-09-19,Tulare,107,460477,16026,15485,102,15587,260
2020-09-19,Tuolumne,109,53932,232,217,6,223,1
2020-09-19,Ventura,111,848112,13028,12328,148,12476,133
2020-09-19,Yolo,113,214977,2785,2739,7,2746,54
2020-09-19,Yuba,115,75493,1055,1023,3,1026,1
2020-09-18,Alameda,001,1643700,21001,20222,155,20377,341
2020-09-18,Alpine,003,1148,2,2,0,2,0
2020-09-18,Amador,005,37829,290,285,0,285,16
2020-09-18,Butte,007,227075,2871,2738,45,2783,37
2020-09-18,Calaveras,009,45235,303,255,0,255,9
2020-09-18,Colusa,011,21464,526,504,0,504,6
2020-09-18,Contra Costa,013,1133247,16593,15667,79,15746,185
2020-09-18,Del Norte,015,27424,133,131,0,131,2
2020-09-18,El Dorado,017,186661,1123,1063,7,1070,4
2020-09-18,Fresno,019,978130,30097,27560,362,27922,359
2020-09-18,Glenn,021,27897,566,541,0,541,3
2020-09-18,Humboldt,023,135768,490,470,1,471,5
2020-09-18,Imperial,025,180216,11687,10460,8,10468,283
2020-09-18,Inyo,027,18085,187,177,4,181,12
2020-09-18,Kern,029,883053,31577,30742,302,31044,373
2020-09-18,Kings,031,150075,7570,7062,33,7095,74
2020-09-18,Lake,033,64148,542,458,0,458,8
2020-09-18,Lassen,035,31185,744,731,2,733,0
2020-09-18,Los Angeles,037,10098052,261950,258488,1667,260155,6324
2020-09-18,Madera,039,155013,4455,4211,29,4240,45
2020-09-18,Marin,041,260295,6629,6475,15,6490,81
2020-09-18,Mariposa,043,17540,75,74,0,74,2
2020-09-18,Mendocino,045,87422,822,739,0,739,18
2020-09-18,Merced,047,269075,8779,8691,13,8704,127
2020-09-18,Modoc,049,8938,27,22,0,22,0
2020-09-18,Mono,051,14174,165,147,2,149,1
2020-09-18,Monterey,053,433212,9540,9183,25,9208,64
2020-09-18,Napa,055,140530,1675,1604,8,1612,11
2020-09-18,Nevada,057,99092,528,504,16,520,6
2020-09-18,Orange,059,3164182,53627,50733,1393,52126,1107
2020-09-18,Placer,061,380077,3564,3389,13,3402,40
2020-09-18,Plumas,063,18699,49,45,0,45,0
2020-09-18,Riverside,065,2383286,57773,56248,140,56388,1143
2020-09-18,Sacramento,067,1510023,21868,21105,26,21131,391
2020-09-18,San Benito,069,59416,1306,1257,0,1257,8
2020-09-18,San Bernardino,071,2135413,52882,51106,339,51445,970
2020-09-18,San Diego,073,3302833,45889,44009,826,44835,757
2020-09-18,San Francisco,075,870044,10973,10644,25,10669,95
2020-09-18,San Joaquin,077,732212,19917,19531,46,19577,423
2020-09-18,San Luis Obispo,079,281455,3609,3328,17,3345,27
2020-09-18,San Mateo,081,765935,9863,9062,10,9072,127
2020-09-18,Santa Barbara,083,443738,8995,8824,73,8897,107
2020-09-18,Santa Clara,085,1922200,21445,20058,40,20098,252
2020-09-18,Santa Cruz,087,273765,2328,2180,24,2204,8
2020-09-18,Shasta,089,179085,841,668,3,671,14
2020-09-18,Sierra,091,2930,6,6,0,6,0
2020-09-18,Siskiyou,093,43540,154,146,10,156,0
2020-09-18,Solano,095,438530,6171,5961,39,6000,46
2020-09-18,Sonoma,097,501317,7207,6856,20,6876,114
2020-09-18,Stanislaus,099,539301,16352,16042,483,16525,277
2020-09-18,Sutter,101,95872,1648,1586,1,1587,10
2020-09-18,Tehama,103,63373,529,490,2,492,2
2020-09-18,Trinity,105,12862,53,15,7,22,0
2020-09-18,Tulare,107,460477,15993,15435,98,15533,259
2020-09-18,Tuolumne,109,53932,231,216,6,222,1
2020-09-18,Ventura,111,848112,12967,12236,144,12380,133
2020-09-18,Yolo,113,214977,2779,2732,7,2739,54
2020-09-18,Yuba,115,75493,1051,1020,3,1023,1
2020-09-17,Alameda,001,1643700,20902,20146,155,20301,339
2020-09-17,Alpine,003,1148,2,2,0,2,0
2020-09-17,Amador,005,37829,288,284,0,284,16
2020-09-17,Butte,007,227075,2854,2720,45,2765,38
2020-09-17,Calaveras,009,45235,303,254,0,254,9
2020-09-17,Colusa,011,21464,524,499,0,499,6
2020-09-17,Contra Costa,013,1133247,16507,15576,79,15655,184
2020-09-17,Del Norte,015,27424,133,131,0,131,2
2020-09-17,El Dorado,017,186661,1114,1057,7,1064,4
2020-09-17,Fresno,019,978130,29987,27487,357,27844,355
2020-09-17,Glenn,021,27897,565,541,0,541,3
2020-09-17,Humboldt,023,135768,484,466,1,467,5
2020-09-17,Imperial,025,180216,11670,10436,8,10444,281
2020-09-17,Inyo,027,18085,187,176,4,180,12
2020-09-17,Kern,029,883053,31517,30627,295,30922,372
2020-09-17,Kings,031,150075,7499,7015,33,7048,72
2020-09-17,Lake,033,64148,532,433,0,433,8
2020-09-17,Lassen,035,31185,742,731,2,733,0
2020-09-17,Los Angeles,037,10098052,261007,257246,1653,258899,6318
2020-09-17,Madera,039,155013,4421,4152,29,4181,45
2020-09-17,Marin,041,260295,6608,6457,15,6472,81
2020-09-17,Mariposa,043,17540,75,74,0,74,2
2020-09-17,Mendocino,045,87422,811,737,0,737,18
2020-09-17,Merced,047,269075,8760,8671,13,8684,119
2020-09-17,Modoc,049,8938,27,22,0,22,0
2020-09-17,Mono,051,14174,165,147,2,149,1
2020-09-17,Monterey,053,433212,9478,9113,25,9138,62
2020-09-17,Napa,055,140530,1664,1592,8,1600,11
2020-09-17,Nevada,057,99092,526,494,16,510,6
2020-09-17,Orange,059,3164182,53447,50537,1381,51918,1098
2020-09-17,Placer,061,380077,3544,3368,13,3381,40
2020-09-17,Plumas,063,18699,49,45,0,45,0
2020-09-17,Riverside,065,2383286,57548,56007,139,56146,1134
2020-09-17,Sacramento,067,1510023,21633,20895,26,20921,385
2020-09-17,San Benito,069,59416,1304,1252,0,1252,8
2020-09-17,San Bernardino,071,2135413,52678,50770,339,51109,904
2020-09-17,San Diego,073,3302833,45609,43621,814,44435,754
2020-09-17,San Francisco,075,870044,10879,10564,25,10589,95
2020-09-17,San Joaquin,077,732212,19858,19439,46,19485,416
2020-09-17,San Luis Obispo,079,281455,3579,3299,17,3316,27
2020-09-17,San Mateo,081,765935,9821,8984,10,8994,127
2020-09-17,Santa Barbara,083,443738,8971,8779,73,8852,107
2020-09-17,Santa Clara,085,1922200,21328,19825,40,19865,254
2020-09-17,Santa Cruz,087,273765,2312,2155,24,2179,7
2020-09-17,Shasta,089,179085,802,660,3,663,12
2020-09-17,Sierra,091,2930,6,6,0,6,0
2020-09-17,Siskiyou,093,43540,154,146,10,156,0
2020-09-17,Solano,095,438530,6148,5915,39,5954,44
2020-09-17,Sonoma,097,501317,7143,6754,20,6774,114
2020-09-17,Stanislaus,099,539301,16319,15984,479,16463,277
2020-09-17,Sutter,101,95872,1643,1572,1,1573,10
2020-09-17,Tehama,103,63373,516,487,2,489,2
2020-09-17,Trinity,105,12862,53,15,7,22,0
2020-09-17,Tulare,107,460477,15941,15344,96,15440,258
2020-09-17,Tuolumne,109,53932,230,214,6,220,1
2020-09-17,Ventura,111,848112,12880,12167,141,12308,130
2020-09-17,Yolo,113,214977,2770,2724,7,2731,53
2020-09-17,Yuba,115,75493,1047,1015,3,1018,1
2020-09-16,Alameda,001,1643700,20804,20009,153,20162,333
2020-09-16,Alpine,003,1148,2,2,0,2,0
2020-09-16,Amador,005,37829,288,284,0,284,16
2020-09-16,Butte,007,227075,2844,2704,44,2748,38
2020-09-16,Calaveras,009,45235,303,254,0,254,9
2020-09-16,Colusa,011,21464,522,497,0,497,6
2020-09-16,Contra Costa,013,1133247,16420,15473,79,15552,183
2020-09-16,Del Norte,015,27424,133,131,0,131,2
2020-09-16,El Dorado,017,186661,1106,1049,7,1056,4
2020-09-16,Fresno,019,978130,29880,27381,355,27736,343
2020-09-16,Glenn,021,27897,563,539,0,539,3
2020-09-16,Humboldt,023,135768,483,455,1,456,4
2020-09-16,Imperial,025,180216,11647,10401,8,10409,277
2020-09-16,Inyo,027,18085,186,176,4,180,12
2020-09-16,Kern,029,883053,31458,30570,294,30864,371
2020-09-16,Kings,031,150075,7474,7002,31,7033,71
2020-09-16,Lake,033,64148,521,417,0,417,6
2020-09-16,Lassen,035,31185,741,730,2,732,0
2020-09-16,Los Angeles,037,10098052,260025,256101,1636,257737,6299
2020-09-16,Madera,039,155013,4398,4138,29,4167,45
2020-09-16,Marin,041,260295,6580,6430,15,6445,77
2020-09-16,Mariposa,043,17540,75,74,0,74,2
2020-09-16,Mendocino,045,87422,802,727,0,727,18
2020-09-16,Merced,047,269075,8739,8646,13,8659,118
2020-09-16,Modoc,049,8938,27,22,0,22,0
2020-09-16,Mono,051,14174,165,147,2,149,1
2020-09-16,Monterey,053,433212,9424,8997,25,9022,62
2020-09-16,Napa,055,140530,1650,1587,8,1595,11
2020-09-16,Nevada,057,99092,521,495,15,510,6
2020-09-16,Orange,059,3164182,53246,50414,1372,51786,1096
2020-09-16,Placer,061,380077,3526,3351,13,3364,39
2020-09-16,Plumas,063,18699,49,45,0,45,0
2020-09-16,Riverside,065,2383286,57354,55811,131,55942,1127
2020-09-16,Sacramento,067,1510023,21540,20610,26,20636,377
2020-09-16,San Benito,069,59416,1296,1244,0,1244,8
2020-09-16,San Bernardino,071,2135413,52453,50509,338,50847,907
2020-09-16,San Diego,073,3302833,45317,43447,793,44240,748
2020-09-16,San Francisco,075,870044,10832,10502,25,10527,90
2020-09-16,San Joaquin,077,732212,19803,19377,45,19422,409
2020-09-16,San Luis Obispo,079,281455,3548,3285,17,3302,28
2020-09-16,San Mateo,081,765935,9756,8944,10,8954,127
2020-09-16,Santa Barbara,083,443738,8938,8764,73,8837,107
2020-09-16,Santa Clara,085,1922200,21209,19684,40,19724,253
2020-09-16,Santa Cruz,087,273765,2271,2089,23,2112,7
2020-09-16,Shasta,089,179085,776,635,3,638,11
2020-09-16,Sierra,091,2930,6,6,0,6,0
2020-09-16,Siskiyou,093,43540,153,145,10,155,0
2020-09-16,Solano,095,438530,6119,5899,39,5938,44
2020-09-16,Sonoma,097,501317,7081,6731,20,6751,104
2020-09-16,Stanislaus,099,539301,16271,15897,471,16368,263
2020-09-16,Sutter,101,95872,1630,1567,1,1568,10
2020-09-16,Tehama,103,63373,508,485,2,487,2
2020-09-16,Trinity,105,12862,53,15,7,22,0
2020-09-16,Tulare,107,460477,15897,15314,89,15403,258
2020-09-16,Tuolumne,109,53932,229,210,6,216,1
2020-09-16,Ventura,111,848112,12809,12073,139,12212,130
2020-09-16,Yolo,113,214977,2763,2709,7,2716,53
2020-09-16,Yuba,115,75493,1045,1000,3,1003,1
2020-09-15,Alameda,001,1643700,20698,19931,150,20081,327
2020-09-15,Alpine,003,1148,2,2,0,2,0
2020-09-15,Amador,005,37829,287,282,0,282,16
2020-09-15,Butte,007,227075,2831,2695,42,2737,38
2020-09-15,Calaveras,009,45235,303,248,0,248,5
2020-09-15,Colusa,011,21464,516,497,0,497,6
2020-09-15,Contra Costa,013,1133247,16314,15423,77,15500,180
2020-09-15,Del Norte,015,27424,133,129,0,129,2
2020-09-15,El Dorado,017,186661,1101,1046,7,1053,4
2020-09-15,Fresno,019,978130,29772,27312,350,27662,343
2020-09-15,Glenn,021,27897,562,531,0,531,3
2020-09-15,Humboldt,023,135768,481,456,1,457,4
2020-09-15,Imperial,025,180216,11622,10376,8,10384,277
2020-09-15,Inyo,027,18085,186,176,4,180,12
2020-09-15,Kern,029,883053,31345,30429,291,30720,368
2020-09-15,Kings,031,150075,7316,6977,31,7008,70
2020-09-15,Lake,033,64148,508,416,0,416,4
2020-09-15,Lassen,035,31185,737,719,2,721,0
2020-09-15,Los Angeles,037,10098052,258915,255048,1614,256662,6269
2020-09-15,Madera,039,155013,4379,4122,29,4151,45
2020-09-15,Marin,041,260295,6549,6423,15,6438,77
2020-09-15,Mariposa,043,17540,75,74,0,74,2
2020-09-15,Mendocino,045,87422,784,724,0,724,18
2020-09-15,Merced,047,269075,8709,8633,13,8646,114
2020-09-15,Modoc,049,8938,26,21,0,21,0
2020-09-15,Mono,051,14174,165,147,2,149,1
2020-09-15,Monterey,053,433212,9375,8943,25,8968,62
2020-09-15,Napa,055,140530,1636,1580,8,1588,11
2020-09-15,Nevada,057,99092,516,494,15,509,6
2020-09-15,Orange,059,3164182,53064,50294,1358,51652,1088
2020-09-15,Placer,061,380077,3501,3331,13,3344,38
2020-09-15,Plumas,063,18699,49,44,0,44,0
2020-09-15,Riverside,065,2383286,57060,55569,121,55690,1118
2020-09-15,Sacramento,067,1510023,21396,20487,26,20513,372
2020-09-15,San Benito,069,59416,1289,1237,0,1237,7
2020-09-15,San Bernardino,071,2135413,52238,50333,337,50670,904
2020-09-15,San Diego,073,3302833,44998,43183,773,43956,742
2020-09-15,San Francisco,075,870044,10774,10414,25,10439,90
2020-09-15,San Joaquin,077,732212,19751,19313,45,19358,401
2020-09-15,San Luis Obispo,079,281455,3528,3262,17,3279,28
2020-09-15,San Mateo,081,765935,9687,8895,10,8905,127
2020-09-15,Santa Barbara,083,443738,8913,8724,72,8796,104
2020-09-15,Santa Clara,085,1922200,21076,19610,40,19650,252
2020-09-15,Santa Cruz,087,273765,2245,2079,22,2101,7
2020-09-15,Shasta,089,179085,764,627,3,630,11
2020-09-15,Sierra,091,2930,6,6,0,6,0
2020-09-15,Siskiyou,093,43540,153,143,10,153,0
2020-09-15,Solano,095,438530,6085,5878,39,5917,45
2020-09-15,Sonoma,097,501317,7042,6701,20,6721,104
2020-09-15,Stanislaus,099,539301,16223,15880,469,16349,260
2020-09-15,Sutter,101,95872,1619,1556,1,1557,10
2020-09-15,Tehama,103,63373,496,484,2,486,2
2020-09-15,Trinity,105,12862,53,15,7,22,0
2020-09-15,Tulare,107,460477,15820,15203,87,15290,254
2020-09-15,Tuolumne,109,53932,229,209,6,215,1
2020-09-15,Ventura,111,848112,12756,11932,138,12070,128
2020-09-15,Yolo,113,214977,2759,2708,7,2715,53
2020-09-15,Yuba,115,75493,1039,991,3,994,1
2020-09-14,Alameda,001,1643700,20571,19851,149,20000,306
2020-09-14,Alpine,003,1148,2,2,0,2,0
2020-09-14,Amador,005,37829,285,281,0,281,16
2020-09-14,Butte,007,227075,2813,2642,42,2684,37
2020-09-14,Calaveras,009,45235,303,244,0,244,3
2020-09-14,Colusa,011,21464,515,486,0,486,6
2020-09-14,Contra Costa,013,1133247,16190,15354,76,15430,174
2020-09-14,Del Norte,015,27424,130,116,0,116,2
2020-09-14,El Dorado,017,186661,1097,1039,7,1046,3
2020-09-14,Fresno,019,978130,29688,27232,347,27579,344
2020-09-14,Glenn,021,27897,554,521,0,521,3
2020-09-14,Humboldt,023,135768,478,437,1,438,4
2020-09-14,Imperial,025,180216,11602,10340,8,10348,273
2020-09-14,Inyo,027,18085,186,176,4,180,12
2020-09-14,Kern,029,883053,31257,30344,290,30634,368
2020-09-14,Kings,031,150075,7235,6950,31,6981,70
2020-09-14,Lake,033,64148,487,407,0,407,4
2020-09-14,Lassen,035,31185,737,719,2,721,0
2020-09-14,Los Angeles,037,10098052,257885,254622,1589,256211,6226
2020-09-14,Madera,039,155013,4364,4104,29,4133,45
2020-09-14,Marin,041,260295,6529,6409,15,6424,70
2020-09-14,Mariposa,043,17540,75,74,0,74,2
2020-09-14,Mendocino,045,87422,767,710,0,710,17
2020-09-14,Merced,047,269075,8690,8593,13,8606,112
2020-09-14,Modoc,049,8938,26,21,0,21,0
2020-09-14,Mono,051,14174,165,147,2,149,1
2020-09-14,Monterey,053,433212,9304,8845,24,8869,61
2020-09-14,Napa,055,140530,1619,1576,8,1584,11
2020-09-14,Nevada,057,99092,511,489,15,504,6
2020-09-14,Orange,059,3164182,52903,50149,1342,51491,1079
2020-09-14,Placer,061,380077,3480,3302,13,3315,38
2020-09-14,Plumas,063,18699,48,42,0,42,0
2020-09-14,Riverside,065,2383286,56841,55488,117,55605,1113
2020-09-14,Sacramento,067,1510023,21201,20377,25,20402,367
2020-09-14,San Benito,069,59416,1274,1233,0,1233,7
2020-09-14,San Bernardino,071,2135413,52014,50163,336,50499,895
2020-09-14,San Diego,073,3302833,44687,42889,753,43642,734
2020-09-14,San Francisco,075,870044,10707,10255,23,10278,90
2020-09-14,San Joaquin,077,732212,19677,19111,44,19155,397
2020-09-14,San Luis Obispo,079,281455,3503,3248,17,3265,25
2020-09-14,San Mateo,081,765935,9626,8847,10,8857,127
2020-09-14,Santa Barbara,083,443738,8887,8692,72,8764,104
2020-09-14,Santa Clara,085,1922200,20888,19545,40,19585,247
2020-09-14,Santa Cruz,087,273765,2223,2016,21,2037,7
2020-09-14,Shasta,089,179085,741,584,3,587,10
2020-09-14,Sierra,091,2930,6,6,0,6,0
2020-09-14,Siskiyou,093,43540,152,143,10,153,0
2020-09-14,Solano,095,438530,6050,5834,39,5873,44
2020-09-14,Sonoma,097,501317,6980,6630,20,6650,102
2020-09-14,Stanislaus,099,539301,16178,15812,466,16278,253
2020-09-14,Sutter,101,95872,1608,1549,1,1550,10
2020-09-14,Tehama,103,63373,494,475,2,477,1
2020-09-14,Trinity,105,12862,52,14,7,21,0
2020-09-14,Tulare,107,460477,15751,15096,82,15178,254
2020-09-14,Tuolumne,109,53932,228,208,6,214,1
2020-09-14,Ventura,111,848112,12654,11903,135,12038,125
2020-09-14,Yolo,113,214977,2748,2687,7,2694,53
2020-09-14,Yuba,115,75493,1031,977,3,980,1
2020-09-13,Alameda,001,1643700,20465,19815,146,19961,306
2020-09-13,Alpine,003,1148,2,2,0,2,0
2020-09-13,Amador,005,37829,282,279,0,279,16
2020-09-13,Butte,007,227075,2791,2640,42,2682,37
2020-09-13,Calaveras,009,45235,302,246,0,246,3
2020-09-13,Colusa,011,21464,511,486,0,486,6
2020-09-13,Contra Costa,013,1133247,16083,15284,76,15360,172
2020-09-13,Del Norte,015,27424,127,116,0,116,1
2020-09-13,El Dorado,017,186661,1092,1035,7,1042,2
2020-09-13,Fresno,019,978130,29578,27196,338,27534,345
2020-09-13,Glenn,021,27897,550,517,0,517,3
2020-09-13,Humboldt,023,135768,478,434,1,435,4
2020-09-13,Imperial,025,180216,11565,10304,7,10311,273
2020-09-13,Inyo,027,18085,186,176,4,180,12
2020-09-13,Kern,029,883053,31161,30277,284,30561,368
2020-09-13,Kings,031,150075,7216,6937,31,6968,70
2020-09-13,Lake,033,64148,469,397,0,397,4
2020-09-13,Lassen,035,31185,734,719,2,721,0
2020-09-13,Los Angeles,037,10098052,256732,253950,1574,255524,6203
2020-09-13,Madera,039,155013,4307,4090,29,4119,45
2020-09-13,Marin,041,260295,6510,6395,15,6410,70
2020-09-13,Mariposa,043,17540,75,74,0,74,2
2020-09-13,Mendocino,045,87422,760,707,0,707,17
2020-09-13,Merced,047,269075,8656,8575,13,8588,112
2020-09-13,Modoc,049,8938,26,21,0,21,0
2020-09-13,Mono,051,14174,165,147,2,149,1
2020-09-13,Monterey,053,433212,9222,8826,23,8849,61
2020-09-13,Napa,055,140530,1612,1563,8,1571,11
2020-09-13,Nevada,057,99092,503,486,15,501,6
2020-09-13,Orange,059,3164182,52687,50061,1335,51396,1075
2020-09-13,Placer,061,380077,3451,3291,13,3304,38
2020-09-13,Plumas,063,18699,48,42,0,42,0
2020-09-13,Riverside,065,2383286,56634,55235,106,55341,1108
2020-09-13,Sacramento,067,1510023,20856,20279,25,20304,367
2020-09-13,San Benito,069,59416,1266,1217,0,1217,7
2020-09-13,San Bernardino,071,2135413,51727,49968,334,50302,895
2020-09-13,San Diego,073,3302833,44361,42681,719,43400,734
2020-09-13,San Francisco,075,870044,10629,10254,23,10277,90
2020-09-13,San Joaquin,077,732212,19606,19110,43,19153,396
2020-09-13,San Luis Obispo,079,281455,3466,3240,17,3257,24
2020-09-13,San Mateo,081,765935,9565,8811,10,8821,127
2020-09-13,Santa Barbara,083,443738,8850,8690,72,8762,104
2020-09-13,Santa Clara,085,1922200,20750,19456,39,19495,245
2020-09-13,Santa Cruz,087,273765,2189,2016,19,2035,7
2020-09-13,Shasta,089,179085,729,583,3,586,10
2020-09-13,Sierra,091,2930,6,6,0,6,0
2020-09-13,Siskiyou,093,43540,152,143,9,152,0
2020-09-13,Solano,095,438530,6004,5810,39,5849,43
2020-09-13,Sonoma,097,501317,6915,6592,20,6612,95
2020-09-13,Stanislaus,099,539301,16115,15759,454,16213,253
2020-09-13,Sutter,101,95872,1596,1539,1,1540,10
2020-09-13,Tehama,103,63373,490,476,2,478,1
2020-09-13,Trinity,105,12862,52,14,7,21,0
2020-09-13,Tulare,107,460477,15680,15098,81,15179,254
2020-09-13,Tuolumne,109,53932,224,208,6,214,1
2020-09-13,Ventura,111,848112,12546,11855,134,11989,123
2020-09-13,Yolo,113,214977,2736,2675,7,2682,53
2020-09-13,Yuba,115,75493,1026,967,3,970,1
2020-09-12,Alameda,001,1643700,20406,19758,146,19904,307
2020-09-12,Alpine,003,1148,2,2,0,2,0
2020-09-12,Amador,005,37829,281,278,0,278,16
2020-09-12,Butte,007,227075,2784,2629,41,2670,37
2020-09-12,Calaveras,009,45235,300,246,0,246,3
2020-09-12,Colusa,011,21464,507,486,0,486,6
2020-09-12,Contra Costa,013,1133247,16006,15135,75,15210,174
2020-09-12,Del Norte,015,27424,126,116,0,116,1
2020-09-12,El Dorado,017,186661,1085,1034,7,1041,2
2020-09-12,Fresno,019,978130,29508,27076,338,27414,345
2020-09-12,Glenn,021,27897,549,517,0,517,3
2020-09-12,Humboldt,023,135768,477,430,1,431,4
2020-09-12,Imperial,025,180216,11553,10305,7,10312,273
2020-09-12,Inyo,027,18085,186,177,4,181,12
2020-09-12,Kern,029,883053,31095,30202,284,30486,368
2020-09-12,Kings,031,150075,7206,6895,31,6926,70
2020-09-12,Lake,033,64148,461,393,0,393,4
2020-09-12,Lassen,035,31185,734,719,2,721,0
2020-09-12,Los Angeles,037,10098052,256175,253156,1553,254709,6193
2020-09-12,Madera,039,155013,4296,4058,29,4087,43
2020-09-12,Marin,041,260295,6501,6393,15,6408,69
2020-09-12,Mariposa,043,17540,75,72,0,72,2
2020-09-12,Mendocino,045,87422,757,700,0,700,17
2020-09-12,Merced,047,269075,8647,8533,13,8546,112
2020-09-12,Modoc,049,8938,25,21,0,21,0
2020-09-12,Mono,051,14174,165,147,2,149,1
2020-09-12,Monterey,053,433212,9186,8743,23,8766,61
2020-09-12,Napa,055,140530,1609,1556,8,1564,11
2020-09-12,Nevada,057,99092,502,482,15,497,6
2020-09-12,Orange,059,3164182,52572,49895,1332,51227,1078
2020-09-12,Placer,061,380077,3434,3280,13,3293,38
2020-09-12,Plumas,063,18699,48,42,0,42,0
2020-09-12,Riverside,065,2383286,56506,55058,102,55160,1108
2020-09-12,Sacramento,067,1510023,20788,20184,25,20209,367
2020-09-12,San Benito,069,59416,1263,1208,0,1208,7
2020-09-12,San Bernardino,071,2135413,51636,49945,332,50277,896
2020-09-12,San Diego,073,3302833,44166,42416,710,43126,747
2020-09-12,San Francisco,075,870044,10585,10257,23,10280,90
2020-09-12,San Joaquin,077,732212,19578,19108,43,19151,396
2020-09-12,San Luis Obispo,079,281455,3439,3220,17,3237,24
2020-09-12,San Mateo,081,765935,9520,8759,10,8769,127
2020-09-12,Santa Barbara,083,443738,8836,8642,72,8714,104
2020-09-12,Santa Clara,085,1922200,20663,19330,39,19369,237
2020-09-12,Santa Cruz,087,273765,2177,2016,19,2035,7
2020-09-12,Shasta,089,179085,717,569,3,572,10
2020-09-12,Sierra,091,2930,6,6,0,6,0
2020-09-12,Siskiyou,093,43540,152,141,9,150,0
2020-09-12,Solano,095,438530,5980,5772,39,5811,43
2020-09-12,Sonoma,097,501317,6890,6531,20,6551,95
2020-09-12,Stanislaus,099,539301,16083,15675,451,16126,253
2020-09-12,Sutter,101,95872,1590,1529,1,1530,10
2020-09-12,Tehama,103,63373,487,471,2,473,1
2020-09-12,Trinity,105,12862,52,15,7,22,0
2020-09-12,Tulare,107,460477,15635,15018,80,15098,254
2020-09-12,Tuolumne,109,53932,224,208,6,214,1
2020-09-12,Ventura,111,848112,12495,11759,132,11891,123
2020-09-12,Yolo,113,214977,2729,2646,7,2653,53
2020-09-12,Yuba,115,75493,1022,963,3,966,1
2020-09-11,Alameda,001,1643700,20351,19625,145,19770,298
2020-09-11,Alpine,003,1148,2,2,0,2,0
2020-09-11,Amador,005,37829,281,277,0,277,16
2020-09-11,Butte,007,227075,2772,2605,41,2646,37
2020-09-11,Calaveras,009,45235,299,242,0,242,1
2020-09-11,Colusa,011,21464,506,484,0,484,6
2020-09-11,Contra Costa,013,1133247,15948,15001,72,15073,173
2020-09-11,Del Norte,015,27424,126,115,0,115,1
2020-09-11,El Dorado,017,186661,1082,1024,7,1031,2
2020-09-11,Fresno,019,978130,29430,26917,337,27254,344
2020-09-11,Glenn,021,27897,544,515,0,515,3
2020-09-11,Humboldt,023,135768,475,426,1,427,4
2020-09-11,Imperial,025,180216,11535,10286,7,10293,273
2020-09-11,Inyo,027,18085,186,176,4,180,12
2020-09-11,Kern,029,883053,31027,30059,283,30342,365
2020-09-11,Kings,031,150075,7189,6770,31,6801,70
2020-09-11,Lake,033,64148,453,382,0,382,4
2020-09-11,Lassen,035,31185,734,719,2,721,0
2020-09-11,Los Angeles,037,10098052,255495,252057,1542,253599,6172
2020-09-11,Madera,039,155013,4277,4018,29,4047,43
2020-09-11,Marin,041,260295,6496,6364,15,6379,69
2020-09-11,Mariposa,043,17540,75,72,0,72,2
2020-09-11,Mendocino,045,87422,746,700,0,700,17
2020-09-11,Merced,047,269075,8626,8489,13,8502,109
2020-09-11,Modoc,049,8938,25,21,0,21,0
2020-09-11,Mono,051,14174,165,145,2,147,1
2020-09-11,Monterey,053,433212,9138,8595,23,8618,61
2020-09-11,Napa,055,140530,1598,1543,8,1551,11
2020-09-11,Nevada,057,99092,495,483,15,498,6
2020-09-11,Orange,059,3164182,52442,49755,1320,51075,1068
2020-09-11,Placer,061,380077,3419,3254,13,3267,37
2020-09-11,Plumas,063,18699,48,42,0,42,0
2020-09-11,Riverside,065,2383286,56371,54717,99,54816,1099
2020-09-11,Sacramento,067,1510023,20704,20012,25,20037,358
2020-09-11,San Benito,069,59416,1253,1202,0,1202,7
2020-09-11,San Bernardino,071,2135413,51537,49682,332,50014,871
2020-09-11,San Diego,073,3302833,43946,41971,704,42675,730
2020-09-11,San Francisco,075,870044,10537,10133,22,10155,89
2020-09-11,San Joaquin,077,732212,19530,19019,43,19062,391
2020-09-11,San Luis Obispo,079,281455,3421,3190,17,3207,24
2020-09-11,San Mateo,081,765935,9478,8611,10,8621,127
2020-09-11,Santa Barbara,083,443738,8803,8592,71,8663,103
2020-09-11,Santa Clara,085,1922200,20575,19065,39,19104,234
2020-09-11,Santa Cruz,087,273765,2160,1997,19,2016,7
2020-09-11,Shasta,089,179085,707,568,3,571,10
2020-09-11,Sierra,091,2930,6,6,0,6,0
2020-09-11,Siskiyou,093,43540,151,139,9,148,0
2020-09-11,Solano,095,438530,5963,5742,39,5781,42
2020-09-11,Sonoma,097,501317,6846,6469,20,6489,91
2020-09-11,Stanislaus,099,539301,16045,15613,448,16061,253
2020-09-11,Sutter,101,95872,1580,1505,1,1506,11
2020-09-11,Tehama,103,63373,484,466,2,468,1
2020-09-11,Trinity,105,12862,52,16,7,23,0
2020-09-11,Tulare,107,460477,15602,14932,77,15009,251
2020-09-11,Tuolumne,109,53932,224,208,6,214,1
2020-09-11,Ventura,111,848112,12441,11700,130,11830,123
2020-09-11,Yolo,113,214977,2718,2632,7,2639,53
2020-09-11,Yuba,115,75493,1014,946,3,949,1
2020-09-10,Alameda,001,1643700,20277,19509,145,19654,292
2020-09-10,Alpine,003,1148,2,2,0,2,0
2020-09-10,Amador,005,37829,280,277,0,277,16
2020-09-10,Butte,007,227075,2755,2590,41,2631,37
2020-09-10,Calaveras,009,45235,299,244,0,244,1
2020-09-10,Colusa,011,21464,504,482,0,482,6
2020-09-10,Contra Costa,013,1133247,15875,14909,72,14981,172
2020-09-10,Del Norte,015,27424,125,112,0,112,1
2020-09-10,El Dorado,017,186661,1079,1020,7,1027,2
2020-09-10,Fresno,019,978130,29309,26783,337,27120,338
2020-09-10,Glenn,021,27897,534,511,0,511,3
2020-09-10,Humboldt,023,135768,464,422,1,423,4
2020-09-10,Imperial,025,180216,11519,10251,7,10258,270
2020-09-10,Inyo,027,18085,185,176,4,180,11
2020-09-10,Kern,029,883053,30945,29988,279,30267,363
2020-09-10,Kings,031,150075,7159,6739,31,6770,70
2020-09-10,Lake,033,64148,447,377,0,377,4
2020-09-10,Lassen,035,31185,733,716,2,718,0
2020-09-10,Los Angeles,037,10098052,254517,251003,1521,252524,6132
2020-09-10,Madera,039,155013,4259,3979,29,4008,43
2020-09-10,Marin,041,260295,6484,6344,15,6359,68
2020-09-10,Mariposa,043,17540,75,72,0,72,2
2020-09-10,Mendocino,045,87422,736,697,0,697,16
2020-09-10,Merced,047,269075,8580,8461,13,8474,109
2020-09-10,Modoc,049,8938,25,21,0,21,0
2020-09-10,Mono,051,14174,165,145,2,147,1
2020-09-10,Monterey,053,433212,9068,8570,23,8593,59
2020-09-10,Napa,055,140530,1592,1536,8,1544,11
2020-09-10,Nevada,057,99092,491,478,15,493,6
2020-09-10,Orange,059,3164182,52279,49617,1313,50930,1057
2020-09-10,Placer,061,380077,3399,3233,13,3246,37
2020-09-10,Plumas,063,18699,48,42,0,42,0
2020-09-10,Riverside,065,2383286,56052,54417,96,54513,1091
2020-09-10,Sacramento,067,1510023,20584,19618,24,19642,354
2020-09-10,San Benito,069,59416,1247,1201,0,1201,5
2020-09-10,San Bernardino,071,2135413,51348,49467,330,49797,867
2020-09-10,San Diego,073,3302833,43680,41610,677,42287,725
2020-09-10,San Francisco,075,870044,10460,10082,22,10104,89
2020-09-10,San Joaquin,077,732212,19477,18854,43,18897,389
2020-09-10,San Luis Obispo,079,281455,3407,3161,16,3177,24
2020-09-10,San Mateo,081,765935,9432,8529,10,8539,125
2020-09-10,Santa Barbara,083,443738,8758,8552,71,8623,100
2020-09-10,Santa Clara,085,1922200,20460,18870,39,18909,231
2020-09-10,Santa Cruz,087,273765,2145,1986,17,2003,7
2020-09-10,Shasta,089,179085,696,566,3,569,10
2020-09-10,Sierra,091,2930,6,6,0,6,0
2020-09-10,Siskiyou,093,43540,151,137,9,146,0
2020-09-10,Solano,095,438530,5923,5696,39,5735,42
2020-09-10,Sonoma,097,501317,6797,6424,20,6444,91
2020-09-10,Stanislaus,099,539301,15992,15509,443,15952,243
2020-09-10,Sutter,101,95872,1570,1494,1,1495,11
2020-09-10,Tehama,103,63373,477,466,2,468,1
2020-09-10,Trinity,105,12862,52,15,7,22,0
2020-09-10,Tulare,107,460477,15549,14860,74,14934,250
2020-09-10,Tuolumne,109,53932,223,205,6,211,1
2020-09-10,Ventura,111,848112,12347,11600,123,11723,122
2020-09-10,Yolo,113,214977,2713,2612,7,2619,53
2020-09-10,Yuba,115,75493,1008,941,3,944,1
2020-09-09,Alameda,001,1643700,20198,19399,144,19543,289
2020-09-09,Alpine,003,1148,2,2,0,2,0
2020-09-09,Amador,005,37829,279,276,0,276,16
2020-09-09,Butte,007,227075,2738,2561,41,2602,37
2020-09-09,Calaveras,009,45235,299,242,0,242,1
2020-09-09,Colusa,011,21464,499,479,0,479,6
2020-09-09,Contra Costa,013,1133247,15788,14816,72,14888,171
2020-09-09,Del Norte,015,27424,121,109,0,109,1
2020-09-09,El Dorado,017,186661,1076,1020,7,1027,2
2020-09-09,Fresno,019,978130,29206,26724,332,27056,329
2020-09-09,Glenn,021,27897,531,508,0,508,3
2020-09-09,Humboldt,023,135768,462,420,1,421,4
2020-09-09,Imperial,025,180216,11499,10233,7,10240,268
2020-09-09,Inyo,027,18085,184,173,4,177,2
2020-09-09,Kern,029,883053,30847,29925,276,30201,355
2020-09-09,Kings,031,150075,7141,6721,31,6752,72
2020-09-09,Lake,033,64148,439,371,0,371,4
2020-09-09,Lassen,035,31185,732,714,2,716,0
2020-09-09,Los Angeles,037,10098052,253644,249876,1503,251379,6091
2020-09-09,Madera,039,155013,4233,3926,29,3955,43
2020-09-09,Marin,041,260295,6465,6321,15,6336,68
2020-09-09,Mariposa,043,17540,74,72,0,72,2
2020-09-09,Mendocino,045,87422,728,695,0,695,16
2020-09-09,Merced,047,269075,8554,8441,13,8454,107
2020-09-09,Modoc,049,8938,24,20,0,20,0
2020-09-09,Mono,051,14174,165,145,2,147,1
2020-09-09,Monterey,053,433212,8996,8527,23,8550,59
2020-09-09,Napa,055,140530,1582,1531,8,1539,11
2020-09-09,Nevada,057,99092,487,476,15,491,6
2020-09-09,Orange,059,3164182,52100,49394,1306,50700,1054
2020-09-09,Placer,061,380077,3379,3222,13,3235,36
2020-09-09,Plumas,063,18699,46,42,0,42,0
2020-09-09,Riverside,065,2383286,55822,54320,93,54413,1081
2020-09-09,Sacramento,067,1510023,20479,19474,23,19497,347
2020-09-09,San Benito,069,59416,1243,1199,0,1199,5
2020-09-09,San Bernardino,071,2135413,51149,49264,329,49593,866
2020-09-09,San Diego,073,3302833,43391,41326,665,41991,721
2020-09-09,San Francisco,075,870044,10410,9996,21,10017,86
2020-09-09,San Joaquin,077,732212,19414,18799,42,18841,388
2020-09-09,San Luis Obispo,079,281455,3389,3131,16,3147,24
2020-09-09,San Mateo,081,765935,9372,8478,10,8488,125
2020-09-09,Santa Barbara,083,443738,8715,8528,71,8599,97
2020-09-09,Santa Clara,085,1922200,20329,18759,39,18798,228
2020-09-09,Santa Cruz,087,273765,2122,1967,17,1984,7
2020-09-09,Shasta,089,179085,684,562,3,565,10
2020-09-09,Sierra,091,2930,6,6,0,6,0
2020-09-09,Siskiyou,093,43540,149,137,9,146,0
2020-09-09,Solano,095,438530,5891,5680,39,5719,36
2020-09-09,Sonoma,097,501317,6731,6397,20,6417,92
2020-09-09,Stanislaus,099,539301,15952,15469,432,15901,243
2020-09-09,Sutter,101,95872,1562,1487,1,1488,11
2020-09-09,Tehama,103,63373,474,462,2,464,1
2020-09-09,Trinity,105,12862,52,14,7,21,0
2020-09-09,Tulare,107,460477,15499,14787,69,14856,249
2020-09-09,Tuolumne,109,53932,222,204,5,209,1
2020-09-09,Ventura,111,848112,12256,11497,120,11617,121
2020-09-09,Yolo,113,214977,2702,2604,7,2611,53
2020-09-09,Yuba,115,75493,1003,936,3,939,1
2020-09-08,Alameda,001,1643700,20089,19293,144,19437,288
2020-09-08,Alpine,003,1148,2,2,0,2,0
2020-09-08,Amador,005,37829,279,276,0,276,16
2020-09-08,Butte,007,227075,2720,2453,41,2494,36
2020-09-08,Calaveras,009,45235,297,233,0,233,1
2020-09-08,Colusa,011,21464,497,475,0,475,6
2020-09-08,Contra Costa,013,1133247,15659,14740,69,14809,171
2020-09-08,Del Norte,015,27424,121,109,0,109,2
2020-09-08,El Dorado,017,186661,1073,1011,7,1018,2
2020-09-08,Fresno,019,978130,29087,26640,328,26968,329
2020-09-08,Glenn,021,27897,527,492,0,492,3
2020-09-08,Humboldt,023,135768,460,420,1,421,4
2020-09-08,Imperial,025,180216,11483,10198,7,10205,267
2020-09-08,Inyo,027,18085,184,169,4,173,2
2020-09-08,Kern,029,883053,30762,29850,273,30123,351
2020-09-08,Kings,031,150075,7103,6658,31,6689,72
2020-09-08,Lake,033,64148,428,370,0,370,4
2020-09-08,Lassen,035,31185,732,710,2,712,0
2020-09-08,Los Angeles,037,10098052,252712,249217,1474,250691,6034
2020-09-08,Madera,039,155013,4209,3904,29,3933,43
2020-09-08,Marin,041,260295,6434,6313,15,6328,68
2020-09-08,Mariposa,043,17540,74,72,0,72,2
2020-09-08,Mendocino,045,87422,721,690,0,690,16
2020-09-08,Merced,047,269075,8531,8381,13,8394,104
2020-09-08,Modoc,049,8938,24,20,0,20,0
2020-09-08,Mono,051,14174,165,145,2,147,1
2020-09-08,Monterey,053,433212,8911,8491,23,8514,59
2020-09-08,Napa,055,140530,1578,1518,8,1526,11
2020-09-08,Nevada,057,99092,487,470,15,485,6
2020-09-08,Orange,059,3164182,51958,49214,1302,50516,1044
2020-09-08,Placer,061,380077,3365,3205,13,3218,36
2020-09-08,Plumas,063,18699,46,42,0,42,0
2020-09-08,Riverside,065,2383286,55608,54168,90,54258,1069
2020-09-08,Sacramento,067,1510023,20244,19411,22,19433,347
2020-09-08,San Benito,069,59416,1236,1188,0,1188,5
2020-09-08,San Bernardino,071,2135413,50961,49034,327,49361,856
2020-09-08,San Diego,073,3302833,43075,41079,653,41732,709
2020-09-08,San Francisco,075,870044,10336,9821,21,9842,86
2020-09-08,San Joaquin,077,732212,19336,18550,42,18592,388
2020-09-08,San Luis Obispo,079,281455,3374,3120,16,3136,23
2020-09-08,San Mateo,081,765935,9296,8460,10,8470,125
2020-09-08,Santa Barbara,083,443738,8681,8488,70,8558,96
2020-09-08,Santa Clara,085,1922200,20152,18645,39,18684,228
2020-09-08,Santa Cruz,087,273765,2094,1903,17,1920,7
2020-09-08,Shasta,089,179085,676,556,3,559,10
2020-09-08,Sierra,091,2930,6,6,0,6,0
2020-09-08,Siskiyou,093,43540,147,136,9,145,0
2020-09-08,Solano,095,438530,5854,5654,39,5693,36
2020-09-08,Sonoma,097,501317,6662,6356,20,6376,92
2020-09-08,Stanislaus,099,539301,15888,15415,420,15835,238
2020-09-08,Sutter,101,95872,1546,1473,1,1474,11
2020-09-08,Tehama,103,63373,470,458,2,460,1
2020-09-08,Trinity,105,12862,51,13,7,20,0
2020-09-08,Tulare,107,460477,15419,14635,68,14703,249
2020-09-08,Tuolumne,109,53932,221,197,5,202,1
2020-09-08,Ventura,111,848112,12187,11475,117,11592,118
2020-09-08,Yolo,113,214977,2692,2580,7,2587,53
2020-09-08,Yuba,115,75493,991,923,3,926,1
2020-09-07,Alameda,001,1643700,19968,19188,138,19326,281
2020-09-07,Alpine,003,1148,2,2,0,2,0
2020-09-07,Amador,005,37829,279,276,0,276,16
2020-09-07,Butte,007,227075,2687,2450,40,2490,30
2020-09-07,Calaveras,009,45235,287,234,0,234,1
2020-09-07,Colusa,011,21464,496,475,0,475,6
2020-09-07,Contra Costa,013,1133247,15544,14637,66,14703,172
2020-09-07,Del Norte,015,27424,121,109,0,109,2
2020-09-07,El Dorado,017,186661,1062,1011,7,1018,2
2020-09-07,Fresno,019,978130,28993,26565,325,26890,329
2020-09-07,Glenn,021,27897,522,488,0,488,3
2020-09-07,Humboldt,023,135768,451,416,1,417,4
2020-09-07,Imperial,025,180216,11452,10199,7,10206,267
2020-09-07,Inyo,027,18085,184,169,4,173,2
2020-09-07,Kern,029,883053,30641,29790,268,30058,348
2020-09-07,Kings,031,150075,6979,6630,31,6661,72
2020-09-07,Lake,033,64148,405,367,0,367,2
2020-09-07,Lassen,035,31185,732,709,2,711,0
2020-09-07,Los Angeles,037,10098052,251665,248804,1453,250257,6030
2020-09-07,Madera,039,155013,4178,3889,28,3917,43
2020-09-07,Marin,041,260295,6404,6296,15,6311,67
2020-09-07,Mariposa,043,17540,74,72,0,72,2
2020-09-07,Mendocino,045,87422,713,687,0,687,16
2020-09-07,Merced,047,269075,8484,8381,13,8394,104
2020-09-07,Modoc,049,8938,23,20,0,20,0
2020-09-07,Mono,051,14174,165,145,2,147,1
2020-09-07,Monterey,053,433212,8832,8463,23,8486,57
2020-09-07,Napa,055,140530,1566,1514,8,1522,11
2020-09-07,Nevada,057,99092,485,469,15,484,6
2020-09-07,Orange,059,3164182,51784,49132,1298,50430,1042
2020-09-07,Placer,061,380077,3335,3188,12,3200,36
2020-09-07,Plumas,063,18699,45,42,0,42,0
2020-09-07,Riverside,065,2383286,55333,54178,84,54262,1069
2020-09-07,Sacramento,067,1510023,20002,19292,21,19313,345
2020-09-07,San Benito,069,59416,1230,1180,0,1180,4
2020-09-07,San Bernardino,071,2135413,50733,49043,325,49368,821
2020-09-07,San Diego,073,3302833,42675,40868,626,41494,708
2020-09-07,San Francisco,075,870044,10285,9813,20,9833,85
2020-09-07,San Joaquin,077,732212,19254,18552,40,18592,386
2020-09-07,San Luis Obispo,079,281455,3337,3116,16,3132,23
2020-09-07,San Mateo,081,765935,9214,8409,10,8419,125
2020-09-07,Santa Barbara,083,443738,8637,8479,70,8549,95
2020-09-07,Santa Clara,085,1922200,19996,18596,38,18634,226
2020-09-07,Santa Cruz,087,273765,2066,1902,17,1919,7
2020-09-07,Shasta,089,179085,666,556,3,559,10
2020-09-07,Sierra,091,2930,6,6,0,6,0
2020-09-07,Siskiyou,093,43540,146,133,9,142,0
2020-09-07,Solano,095,438530,5789,5640,39,5679,36
2020-09-07,Sonoma,097,501317,6596,6268,20,6288,85
2020-09-07,Stanislaus,099,539301,15823,15343,408,15751,236
2020-09-07,Sutter,101,95872,1529,1468,1,1469,11
2020-09-07,Tehama,103,63373,466,453,2,455,1
2020-09-07,Trinity,105,12862,51,13,7,20,0
2020-09-07,Tulare,107,460477,15312,14637,66,14703,249
2020-09-07,Tuolumne,109,53932,220,196,5,201,1
2020-09-07,Ventura,111,848112,12092,11463,114,11577,118
2020-09-07,Yolo,113,214977,2675,2565,6,2571,53
2020-09-07,Yuba,115,75493,975,923,3,926,1
2020-09-06,Alameda,001,1643700,19910,19029,136,19165,281
2020-09-06,Alpine,003,1148,2,2,0,2,0
2020-09-06,Amador,005,37829,277,275,0,275,16
2020-09-06,Butte,007,227075,2678,2446,40,2486,30
2020-09-06,Calaveras,009,45235,287,235,0,235,1
2020-09-06,Colusa,011,21464,492,475,0,475,6
2020-09-06,Contra Costa,013,1133247,15463,14565,65,14630,171
2020-09-06,Del Norte,015,27424,121,109,0,109,2
2020-09-06,El Dorado,017,186661,1060,1008,7,1015,2
2020-09-06,Fresno,019,978130,28929,26471,323,26794,329
2020-09-06,Glenn,021,27897,516,474,0,474,3
2020-09-06,Humboldt,023,135768,448,404,1,405,4
2020-09-06,Imperial,025,180216,11435,10152,7,10159,267
2020-09-06,Inyo,027,18085,184,169,4,173,2
2020-09-06,Kern,029,883053,30586,29699,264,29963,348
2020-09-06,Kings,031,150075,6959,6561,30,6591,72
2020-09-06,Lake,033,64148,402,362,0,362,2
2020-09-06,Lassen,035,31185,732,709,2,711,0
2020-09-06,Los Angeles,037,10098052,251032,248316,1439,249755,6004
2020-09-06,Madera,039,155013,4134,3867,28,3895,42
2020-09-06,Marin,041,260295,6392,6276,15,6291,67
2020-09-06,Mariposa,043,17540,74,72,0,72,2
2020-09-06,Mendocino,045,87422,712,672,0,672,16
2020-09-06,Merced,047,269075,8465,8327,13,8340,104
2020-09-06,Modoc,049,8938,23,20,0,20,0
2020-09-06,Mono,051,14174,164,145,2,147,1
2020-09-06,Monterey,053,433212,8792,8403,22,8425,56
2020-09-06,Napa,055,140530,1562,1501,6,1507,11
2020-09-06,Nevada,057,99092,485,467,14,481,6
2020-09-06,Orange,059,3164182,51671,48931,1294,50225,1042
2020-09-06,Placer,061,380077,3318,3169,12,3181,36
2020-09-06,Plumas,063,18699,44,42,0,42,0
2020-09-06,Riverside,065,2383286,55216,53970,82,54052,1069
2020-09-06,Sacramento,067,1510023,19906,19128,21,19149,340
2020-09-06,San Benito,069,59416,1228,1178,0,1178,4
2020-09-06,San Bernardino,071,2135413,50626,48923,325,49248,823
2020-09-06,San Diego,073,3302833,42427,40652,620,41272,707
2020-09-06,San Francisco,075,870044,10211,9813,20,9833,85
2020-09-06,San Joaquin,077,732212,19205,18558,40,18598,386
2020-09-06,San Luis Obispo,079,281455,3326,3101,16,3117,23
2020-09-06,San Mateo,081,765935,9161,8387,10,8397,125
2020-09-06,Santa Barbara,083,443738,8608,8434,70,8504,95
2020-09-06,Santa Clara,085,1922200,19894,18495,38,18533,207
2020-09-06,Santa Cruz,087,273765,2059,1902,17,1919,7
2020-09-06,Shasta,089,179085,660,550,3,553,10
2020-09-06,Sierra,091,2930,6,6,0,6,0
2020-09-06,Siskiyou,093,43540,146,132,9,141,0
2020-09-06,Solano,095,438530,5763,5619,39,5658,37
2020-09-06,Sonoma,097,501317,6567,6212,20,6232,85
2020-09-06,Stanislaus,099,539301,15779,15288,404,15692,236
2020-09-06,Sutter,101,95872,1516,1451,1,1452,11
2020-09-06,Tehama,103,63373,465,455,2,457,1
2020-09-06,Trinity,105,12862,50,13,7,20,0
2020-09-06,Tulare,107,460477,15269,14636,65,14701,249
2020-09-06,Tuolumne,109,53932,217,194,5,199,1
2020-09-06,Ventura,111,848112,12047,11315,114,11429,118
2020-09-06,Yolo,113,214977,2661,2556,6,2562,53
2020-09-06,Yuba,115,75493,966,913,3,916,1
2020-09-05,Alameda,001,1643700,19864,18973,134,19107,279
2020-09-05,Alpine,003,1148,2,2,0,2,0
2020-09-05,Amador,005,37829,277,274,0,274,16
2020-09-05,Butte,007,227075,2662,2406,39,2445,30
2020-09-05,Calaveras,009,45235,287,237,0,237,1
2020-09-05,Colusa,011,21464,488,472,0,472,6
2020-09-05,Contra Costa,013,1133247,15386,14456,63,14519,173
2020-09-05,Del Norte,015,27424,121,109,0,109,2
2020-09-05,El Dorado,017,186661,1060,1007,7,1014,2
2020-09-05,Fresno,019,978130,28862,26325,323,26648,331
2020-09-05,Glenn,021,27897,515,474,0,474,3
2020-09-05,Humboldt,023,135768,446,402,1,403,4
2020-09-05,Imperial,025,180216,11418,10151,7,10158,268
2020-09-05,Inyo,027,18085,184,169,4,173,2
2020-09-05,Kern,029,883053,30526,29645,260,29905,347
2020-09-05,Kings,031,150075,6950,6518,30,6548,66
2020-09-05,Lake,033,64148,399,359,0,359,2
2020-09-05,Lassen,035,31185,732,709,2,711,0
2020-09-05,Los Angeles,037,10098052,250497,247572,1427,248999,6001
2020-09-05,Madera,039,155013,4094,3851,28,3879,42
2020-09-05,Marin,041,260295,6384,6259,15,6274,66
2020-09-05,Mariposa,043,17540,74,72,0,72,2
2020-09-05,Mendocino,045,87422,711,658,0,658,16
2020-09-05,Merced,047,269075,8433,8297,11,8308,104
2020-09-05,Modoc,049,8938,23,19,0,19,0
2020-09-05,Mono,051,14174,164,145,2,147,1
2020-09-05,Monterey,053,433212,8762,8301,22,8323,56
2020-09-05,Napa,055,140530,1556,1484,6,1490,11
2020-09-05,Nevada,057,99092,482,461,14,475,6
2020-09-05,Orange,059,3164182,51570,48726,1289,50015,1039
2020-09-05,Placer,061,380077,3308,3141,12,3153,35
2020-09-05,Plumas,063,18699,44,42,0,42,0
2020-09-05,Riverside,065,2383286,55110,53780,82,53862,1066
2020-09-05,Sacramento,067,1510023,19816,18955,21,18976,339
2020-09-05,San Benito,069,59416,1226,1153,0,1153,4
2020-09-05,San Bernardino,071,2135413,50550,48800,324,49124,825
2020-09-05,San Diego,073,3302833,42234,40344,608,40952,717
2020-09-05,San Francisco,075,870044,10178,9812,19,9831,85
2020-09-05,San Joaquin,077,732212,19176,18557,40,18597,386
2020-09-05,San Luis Obispo,079,281455,3315,3083,16,3099,23
2020-09-05,San Mateo,081,765935,9116,8352,10,8362,124
2020-09-05,Santa Barbara,083,443738,8592,8404,70,8474,96
2020-09-05,Santa Clara,085,1922200,19813,18311,38,18349,207
2020-09-05,Santa Cruz,087,273765,2051,1904,17,1921,7
2020-09-05,Shasta,089,179085,659,544,3,547,10
2020-09-05,Sierra,091,2930,6,6,0,6,0
2020-09-05,Siskiyou,093,43540,145,131,9,140,0
2020-09-05,Solano,095,438530,5751,5579,39,5618,37
2020-09-05,Sonoma,097,501317,6534,6149,20,6169,85
2020-09-05,Stanislaus,099,539301,15731,15198,400,15598,236
2020-09-05,Sutter,101,95872,1509,1445,1,1446,11
2020-09-05,Tehama,103,63373,464,447,2,449,1
2020-09-05,Trinity,105,12862,50,13,7,20,0
2020-09-05,Tulare,107,460477,15211,14576,63,14639,249
2020-09-05,Tuolumne,109,53932,217,194,5,199,1
2020-09-05,Ventura,111,848112,12004,11254,114,11368,118
2020-09-05,Yolo,113,214977,2651,2534,6,2540,53
2020-09-05,Yuba,115,75493,960,902,3,905,1
2020-09-04,Alameda,001,1643700,19795,18843,133,18976,276
2020-09-04,Alpine,003,1148,2,2,0,2,0
2020-09-04,Amador,005,37829,276,274,0,274,16
2020-09-04,Butte,007,227075,2639,2325,39,2364,28
2020-09-04,Calaveras,009,45235,285,237,0,237,1
2020-09-04,Colusa,011,21464,486,467,0,467,6
2020-09-04,Contra Costa,013,1133247,15302,14355,62,14417,164
2020-09-04,Del Norte,015,27424,121,109,0,109,2
2020-09-04,El Dorado,017,186661,1056,992,7,999,2
2020-09-04,Fresno,019,978130,28757,26147,322,26469,321
2020-09-04,Glenn,021,27897,507,463,0,463,3
2020-09-04,Humboldt,023,135768,441,390,1,391,4
2020-09-04,Imperial,025,180216,11409,10136,7,10143,267
2020-09-04,Inyo,027,18085,184,169,4,173,2
2020-09-04,Kern,029,883053,30458,29526,257,29783,345
2020-09-04,Kings,031,150075,6937,6259,30,6289,66
2020-09-04,Lake,033,64148,399,347,0,347,2
2020-09-04,Lassen,035,31185,732,708,2,710,0
2020-09-04,Los Angeles,037,10098052,249929,246396,1407,247803,5977
2020-09-04,Madera,039,155013,4081,3838,28,3866,42
2020-09-04,Marin,041,260295,6372,6251,15,6266,66
2020-09-04,Mariposa,043,17540,74,72,0,72,2
2020-09-04,Mendocino,045,87422,709,646,0,646,16
2020-09-04,Merced,047,269075,8413,8214,11,8225,104
2020-09-04,Modoc,049,8938,23,15,0,15,0
2020-09-04,Mono,051,14174,164,145,2,147,1
2020-09-04,Monterey,053,433212,8717,8208,22,8230,56
2020-09-04,Napa,055,140530,1547,1475,6,1481,11
2020-09-04,Nevada,057,99092,479,455,14,469,6
2020-09-04,Orange,059,3164182,51446,48488,1282,49770,1031
2020-09-04,Placer,061,380077,3296,3101,12,3113,35
2020-09-04,Plumas,063,18699,44,42,0,42,0
2020-09-04,Riverside,065,2383286,54997,53606,77,53683,1066
2020-09-04,Sacramento,067,1510023,19728,18765,21,18786,337
2020-09-04,San Benito,069,59416,1217,1137,0,1137,4
2020-09-04,San Bernardino,071,2135413,50457,48497,322,48819,800
2020-09-04,San Diego,073,3302833,42004,39901,599,40500,701
2020-09-04,San Francisco,075,870044,10138,9694,18,9712,85
2020-09-04,San Joaquin,077,732212,19122,18438,40,18478,376
2020-09-04,San Luis Obispo,079,281455,3300,3049,15,3064,21
2020-09-04,San Mateo,081,765935,9072,8275,10,8285,122
2020-09-04,Santa Barbara,083,443738,8562,8340,70,8410,96
2020-09-04,Santa Clara,085,1922200,19703,18074,38,18112,209
2020-09-04,Santa Cruz,087,273765,2034,1896,16,1912,7
2020-09-04,Shasta,089,179085,656,536,3,539,10
2020-09-04,Sierra,091,2930,6,6,0,6,0
2020-09-04,Siskiyou,093,43540,145,129,9,138,0
2020-09-04,Solano,095,438530,5738,5552,39,5591,37
2020-09-04,Sonoma,097,501317,6469,6050,20,6070,85
2020-09-04,Stanislaus,099,539301,15698,15074,391,15465,233
2020-09-04,Sutter,101,95872,1493,1425,1,1426,11
2020-09-04,Tehama,103,63373,460,442,2,444,1
2020-09-04,Trinity,105,12862,50,13,7,20,0
2020-09-04,Tulare,107,460477,15183,14501,60,14561,247
2020-09-04,Tuolumne,109,53932,217,193,5,198,1
2020-09-04,Ventura,111,848112,11962,11171,114,11285,114
2020-09-04,Yolo,113,214977,2637,2495,6,2501,53
2020-09-04,Yuba,115,75493,955,884,3,887,1
2020-09-03,Alameda,001,1643700,19692,18687,133,18820,275
2020-09-03,Alpine,003,1148,2,2,0,2,0
2020-09-03,Amador,005,37829,276,274,0,274,16
2020-09-03,Butte,007,227075,2595,2274,39,2313,27
2020-09-03,Calaveras,009,45235,284,238,0,238,1
2020-09-03,Colusa,011,21464,484,464,0,464,6
2020-09-03,Contra Costa,013,1133247,15194,14206,59,14265,159
2020-09-03,Del Norte,015,27424,118,109,0,109,2
2020-09-03,El Dorado,017,186661,1052,983,7,990,2
2020-09-03,Fresno,019,978130,28638,25978,317,26295,313
2020-09-03,Glenn,021,27897,503,460,0,460,3
2020-09-03,Humboldt,023,135768,436,390,1,391,4
2020-09-03,Imperial,025,180216,11388,10083,7,10090,255
2020-09-03,Inyo,027,18085,182,171,4,175,3
2020-09-03,Kern,029,883053,30366,29426,243,29669,340
2020-09-03,Kings,031,150075,6857,6200,30,6230,64
2020-09-03,Lake,033,64148,390,347,0,347,2
2020-09-03,Lassen,035,31185,732,707,2,709,0
2020-09-03,Los Angeles,037,10098052,249066,245026,1387,246413,5931
2020-09-03,Madera,039,155013,4062,3780,28,3808,43
2020-09-03,Marin,041,260295,6353,6175,15,6190,66
2020-09-03,Mariposa,043,17540,74,71,0,71,2
2020-09-03,Mendocino,045,87422,700,638,0,638,16
2020-09-03,Merced,047,269075,8371,8136,11,8147,105
2020-09-03,Modoc,049,8938,23,14,0,14,0
2020-09-03,Mono,051,14174,163,144,2,146,1
2020-09-03,Monterey,053,433212,8663,8128,22,8150,56
2020-09-03,Napa,055,140530,1540,1466,6,1472,10
2020-09-03,Nevada,057,99092,476,453,14,467,6
2020-09-03,Orange,059,3164182,51260,48226,1268,49494,1009
2020-09-03,Placer,061,380077,3278,3069,12,3081,34
2020-09-03,Plumas,063,18699,44,39,0,39,0
2020-09-03,Riverside,065,2383286,54817,53341,73,53414,1052
2020-09-03,Sacramento,067,1510023,19600,18553,20,18573,328
2020-09-03,San Benito,069,59416,1206,1121,0,1121,4
2020-09-03,San Bernardino,071,2135413,50291,48165,321,48486,800
2020-09-03,San Diego,073,3302833,41690,39448,583,40031,700
2020-09-03,San Francisco,075,870044,10073,9636,16,9652,84
2020-09-03,San Joaquin,077,732212,19044,18331,40,18371,371
2020-09-03,San Luis Obispo,079,281455,3283,3023,15,3038,21
2020-09-03,San Mateo,081,765935,8998,8211,10,8221,122
2020-09-03,Santa Barbara,083,443738,8515,8277,70,8347,96
2020-09-03,Santa Clara,085,1922200,19522,17879,38,17917,208
2020-09-03,Santa Cruz,087,273765,2019,1870,16,1886,7
2020-09-03,Shasta,089,179085,651,535,3,538,10
2020-09-03,Sierra,091,2930,6,6,0,6,0
2020-09-03,Siskiyou,093,43540,145,128,9,137,0
2020-09-03,Solano,095,438530,5718,5499,38,5537,36
2020-09-03,Sonoma,097,501317,6407,5997,20,6017,62
2020-09-03,Stanislaus,099,539301,15646,14985,387,15372,217
2020-09-03,Sutter,101,95872,1483,1412,1,1413,11
2020-09-03,Tehama,103,63373,456,436,2,438,1
2020-09-03,Trinity,105,12862,48,13,7,20,0
2020-09-03,Tulare,107,460477,15117,14408,59,14467,244
2020-09-03,Tuolumne,109,53932,217,193,5,198,1
2020-09-03,Ventura,111,848112,11844,11109,111,11220,112
2020-09-03,Yolo,113,214977,2621,2475,6,2481,53
2020-09-03,Yuba,115,75493,948,867,3,870,1
2020-09-02,Alameda,001,1643700,19574,18522,130,18652,260
2020-09-02,Alpine,003,1148,2,2,0,2,0
2020-09-02,Amador,005,37829,276,245,0,245,14
2020-09-02,Butte,007,227075,2549,2241,39,2280,27
2020-09-02,Calaveras,009,45235,283,235,0,235,1
2020-09-02,Colusa,011,21464,480,460,0,460,6
2020-09-02,Contra Costa,013,1133247,15105,14097,57,14154,159
2020-09-02,Del Norte,015,27424,117,109,0,109,2
2020-09-02,El Dorado,017,186661,1048,975,6,981,2
2020-09-02,Fresno,019,978130,28490,25785,314,26099,292
2020-09-02,Glenn,021,27897,498,457,0,457,3
2020-09-02,Humboldt,023,135768,433,381,1,382,4
2020-09-02,Imperial,025,180216,11372,9832,7,9839,255
2020-09-02,Inyo,027,18085,182,171,4,175,3
2020-09-02,Kern,029,883053,30274,29288,237,29525,335
2020-09-02,Kings,031,150075,6772,6142,30,6172,64
2020-09-02,Lake,033,64148,386,342,0,342,2
2020-09-02,Lassen,035,31185,730,706,2,708,0
2020-09-02,Los Angeles,037,10098052,248134,243999,1359,245358,5887
2020-09-02,Madera,039,155013,4042,3735,28,3763,41
2020-09-02,Marin,041,260295,6338,6131,15,6146,66
2020-09-02,Mariposa,043,17540,74,71,0,71,2
2020-09-02,Mendocino,045,87422,690,636,0,636,15
2020-09-02,Merced,047,269075,8340,8097,10,8107,103
2020-09-02,Modoc,049,8938,22,11,0,11,0
2020-09-02,Mono,051,14174,163,145,2,147,1
2020-09-02,Monterey,053,433212,8599,8070,22,8092,56
2020-09-02,Napa,055,140530,1528,1454,6,1460,10
2020-09-02,Nevada,057,99092,470,452,13,465,6
2020-09-02,Orange,059,3164182,51079,47871,1258,49129,994
2020-09-02,Placer,061,380077,3253,3047,11,3058,33
2020-09-02,Plumas,063,18699,44,39,0,39,0
2020-09-02,Riverside,065,2383286,54615,52923,70,52993,1032
2020-09-02,Sacramento,067,1510023,19365,18355,19,18374,316
2020-09-02,San Benito,069,59416,1193,1107,0,1107,4
2020-09-02,San Bernardino,071,2135413,50128,47766,318,48084,794
2020-09-02,San Diego,073,3302833,41370,39123,569,39692,695
2020-09-02,San Francisco,075,870044,10004,9587,16,9603,84
2020-09-02,San Joaquin,077,732212,18963,18194,39,18233,352
2020-09-02,San Luis Obispo,079,281455,3257,3002,14,3016,21
2020-09-02,San Mateo,081,765935,8941,8148,10,8158,122
2020-09-02,Santa Barbara,083,443738,8460,8206,69,8275,94
2020-09-02,Santa Clara,085,1922200,19366,17673,38,17711,206
2020-09-02,Santa Cruz,087,273765,1996,1850,16,1866,7
2020-09-02,Shasta,089,179085,650,531,3,534,10
2020-09-02,Sierra,091,2930,6,6,0,6,0
2020-09-02,Siskiyou,093,43540,144,127,9,136,0
2020-09-02,Solano,095,438530,5690,5463,38,5501,36
2020-09-02,Sonoma,097,501317,6345,5846,20,5866,62
2020-09-02,Stanislaus,099,539301,15576,14854,380,15234,220
2020-09-02,Sutter,101,95872,1468,1401,1,1402,10
2020-09-02,Tehama,103,63373,453,429,2,431,1
2020-09-02,Trinity,105,12862,48,13,7,20,0
2020-09-02,Tulare,107,460477,15051,14298,59,14357,244
2020-09-02,Tuolumne,109,53932,217,190,5,195,1
2020-09-02,Ventura,111,848112,11757,11031,110,11141,111
2020-09-02,Yolo,113,214977,2599,2449,6,2455,54
2020-09-02,Yuba,115,75493,941,856,3,859,1
2020-09-01,Alameda,001,1643700,19435,18382,127,18509,248
2020-09-01,Alpine,003,1148,2,2,0,2,0
2020-09-01,Amador,005,37829,275,244,0,244,13
2020-09-01,Butte,007,227075,2492,2146,39,2185,26
2020-09-01,Calaveras,009,45235,275,228,0,228,1
2020-09-01,Colusa,011,21464,476,454,0,454,6
2020-09-01,Contra Costa,013,1133247,15012,13998,55,14053,158
2020-09-01,Del Norte,015,27424,116,108,0,108,2
2020-09-01,El Dorado,017,186661,1040,972,6,978,2
2020-09-01,Fresno,019,978130,28345,25542,312,25854,290
2020-09-01,Glenn,021,27897,491,449,0,449,3
2020-09-01,Humboldt,023,135768,427,378,1,379,4
2020-09-01,Imperial,025,180216,11346,9782,7,9789,250
2020-09-01,Inyo,027,18085,182,171,4,175,3
2020-09-01,Kern,029,883053,30183,29162,232,29394,332
2020-09-01,Kings,031,150075,6741,6088,30,6118,62
2020-09-01,Lake,033,64148,383,341,0,341,2
2020-09-01,Lassen,035,31185,727,706,2,708,0
2020-09-01,Los Angeles,037,10098052,247043,242633,1336,243969,5832
2020-09-01,Madera,039,155013,4013,3703,27,3730,41
2020-09-01,Marin,041,260295,6323,6102,15,6117,67
2020-09-01,Mariposa,043,17540,73,72,0,72,2
2020-09-01,Mendocino,045,87422,675,626,0,626,15
2020-09-01,Merced,047,269075,8287,8046,9,8055,103
2020-09-01,Modoc,049,8938,20,10,0,10,0
2020-09-01,Mono,051,14174,163,145,2,147,1
2020-09-01,Monterey,053,433212,8493,7926,22,7948,56
2020-09-01,Napa,055,140530,1513,1446,6,1452,10
2020-09-01,Nevada,057,99092,464,450,13,463,6
2020-09-01,Orange,059,3164182,50915,47671,1239,48910,976
2020-09-01,Placer,061,380077,3231,3013,11,3024,33
2020-09-01,Plumas,063,18699,44,39,0,39,0
2020-09-01,Riverside,065,2383286,54398,52785,69,52854,1027
2020-09-01,Sacramento,067,1510023,19181,18217,18,18235,305
2020-09-01,San Benito,069,59416,1181,1089,0,1089,4
2020-09-01,San Bernardino,071,2135413,49921,47371,317,47688,786
2020-09-01,San Diego,073,3302833,41012,38873,531,39404,688
2020-09-01,San Francisco,075,870044,9935,9492,16,9508,83
2020-09-01,San Joaquin,077,732212,18882,17915,38,17953,341
2020-09-01,San Luis Obispo,079,281455,3231,2970,14,2984,21
2020-09-01,San Mateo,081,765935,8861,8132,10,8142,122
2020-09-01,Santa Barbara,083,443738,8410,8142,68,8210,93
2020-09-01,Santa Clara,085,1922200,19187,17319,38,17357,204
2020-09-01,Santa Cruz,087,273765,1972,1752,16,1768,7
2020-09-01,Shasta,089,179085,642,527,3,530,9
2020-09-01,Sierra,091,2930,6,6,0,6,0
2020-09-01,Siskiyou,093,43540,141,128,8,136,0
2020-09-01,Solano,095,438530,5664,5438,38,5476,34
2020-09-01,Sonoma,097,501317,6255,5733,20,5753,60
2020-09-01,Stanislaus,099,539301,15500,14784,370,15154,212
2020-09-01,Sutter,101,95872,1457,1389,1,1390,10
2020-09-01,Tehama,103,63373,449,422,2,424,1
2020-09-01,Trinity,105,12862,47,13,6,19,0
2020-09-01,Tulare,107,460477,14967,14156,59,14215,241
2020-09-01,Tuolumne,109,53932,211,183,5,188,1
2020-09-01,Ventura,111,848112,11679,10899,105,11004,108
2020-09-01,Yolo,113,214977,2583,2440,6,2446,51
2020-09-01,Yuba,115,75493,932,841,3,844,1
2020-08-31,Alameda,001,1643700,19289,18148,127,18275,248
2020-08-31,Alpine,003,1148,2,2,0,2,0
2020-08-31,Amador,005,37829,275,243,0,243,13
2020-08-31,Butte,007,227075,2428,2069,39,2108,26
2020-08-31,Calaveras,009,45235,270,212,0,212,1
2020-08-31,Colusa,011,21464,475,443,0,443,6
2020-08-31,Contra Costa,013,1133247,14886,13902,52,13954,153
2020-08-31,Del Norte,015,27424,116,108,0,108,2
2020-08-31,El Dorado,017,186661,1033,965,6,971,2
2020-08-31,Fresno,019,978130,28124,25185,306,25491,290
2020-08-31,Glenn,021,27897,479,437,0,437,3
2020-08-31,Humboldt,023,135768,425,374,1,375,4
2020-08-31,Imperial,025,180216,11315,9759,7,9766,250
2020-08-31,Inyo,027,18085,181,160,4,164,3
2020-08-31,Kern,029,883053,30085,29067,231,29298,318
2020-08-31,Kings,031,150075,6474,6037,30,6067,62
2020-08-31,Lake,033,64148,367,341,0,341,2
2020-08-31,Lassen,035,31185,724,706,2,708,0
2020-08-31,Los Angeles,037,10098052,245936,241793,1309,243102,5787
2020-08-31,Madera,039,155013,3990,3662,26,3688,35
2020-08-31,Marin,041,260295,6287,6074,15,6089,67
2020-08-31,Mariposa,043,17540,73,69,0,69,2
2020-08-31,Mendocino,045,87422,663,618,0,618,15
2020-08-31,Merced,047,269075,8225,7991,9,8000,79
2020-08-31,Modoc,049,8938,18,10,0,10,0
2020-08-31,Mono,051,14174,163,145,2,147,1
2020-08-31,Monterey,053,433212,8386,7839,22,7861,56
2020-08-31,Napa,055,140530,1505,1434,6,1440,10
2020-08-31,Nevada,057,99092,462,447,13,460,6
2020-08-31,Orange,059,3164182,50716,47392,1211,48603,965
2020-08-31,Placer,061,380077,3182,2989,11,3000,33
2020-08-31,Plumas,063,18699,43,39,0,39,0
2020-08-31,Riverside,065,2383286,54176,52508,67,52575,1020
2020-08-31,Sacramento,067,1510023,18940,17999,18,18017,303
2020-08-31,San Benito,069,59416,1165,1080,0,1080,4
2020-08-31,San Bernardino,071,2135413,49709,47370,316,47686,755
2020-08-31,San Diego,073,3302833,40645,38606,498,39104,682
2020-08-31,San Francisco,075,870044,9856,9293,13,9306,83
2020-08-31,San Joaquin,077,732212,18795,17807,37,17844,338
2020-08-31,San Luis Obispo,079,281455,3208,2951,13,2964,21
2020-08-31,San Mateo,081,765935,8791,8065,10,8075,122
2020-08-31,Santa Barbara,083,443738,8365,8124,68,8192,94
2020-08-31,Santa Clara,085,1922200,18999,17211,38,17249,202
2020-08-31,Santa Cruz,087,273765,1947,1742,16,1758,7
2020-08-31,Shasta,089,179085,637,528,3,531,9
2020-08-31,Sierra,091,2930,6,6,0,6,0
2020-08-31,Siskiyou,093,43540,140,127,8,135,0
2020-08-31,Solano,095,438530,5632,5302,37,5339,34
2020-08-31,Sonoma,097,501317,6180,5650,20,5670,60
2020-08-31,Stanislaus,099,539301,15426,14685,361,15046,213
2020-08-31,Sutter,101,95872,1442,1365,1,1366,10
2020-08-31,Tehama,103,63373,446,421,2,423,1
2020-08-31,Trinity,105,12862,47,13,6,19,0
2020-08-31,Tulare,107,460477,14880,13985,57,14042,237
2020-08-31,Tuolumne,109,53932,211,178,5,183,1
2020-08-31,Ventura,111,848112,11591,10866,104,10970,108
2020-08-31,Yolo,113,214977,2565,2423,5,2428,51
2020-08-31,Yuba,115,75493,918,830,3,833,1
2020-08-30,Alameda,001,1643700,19164,18099,125,18224,248
2020-08-30,Alpine,003,1148,2,2,0,2,0
2020-08-30,Amador,005,37829,274,240,0,240,13
2020-08-30,Butte,007,227075,2348,1988,39,2027,26
2020-08-30,Calaveras,009,45235,261,211,0,211,1
2020-08-30,Colusa,011,21464,474,440,0,440,6
2020-08-30,Contra Costa,013,1133247,14748,13780,52,13832,150
2020-08-30,Del Norte,015,27424,115,108,0,108,2
2020-08-30,El Dorado,017,186661,1023,962,6,968,2
2020-08-30,Fresno,019,978130,27998,24963,305,25268,291
2020-08-30,Glenn,021,27897,472,437,0,437,3
2020-08-30,Humboldt,023,135768,414,362,1,363,4
2020-08-30,Imperial,025,180216,11296,9703,7,9710,250
2020-08-30,Inyo,027,18085,181,160,4,164,3
2020-08-30,Kern,029,883053,29992,28987,231,29218,317
2020-08-30,Kings,031,150075,6428,6000,30,6030,62
2020-08-30,Lake,033,64148,362,334,0,334,2
2020-08-30,Lassen,035,31185,722,706,2,708,0
2020-08-30,Los Angeles,037,10098052,244799,240775,1277,242052,5772
2020-08-30,Madera,039,155013,3962,3626,26,3652,33
2020-08-30,Marin,041,260295,6257,6060,15,6075,66
2020-08-30,Mariposa,043,17540,73,69,0,69,2
2020-08-30,Mendocino,045,87422,657,611,0,611,13
2020-08-30,Merced,047,269075,8150,7960,9,7969,79
2020-08-30,Modoc,049,8938,13,10,0,10,0
2020-08-30,Mono,051,14174,163,145,2,147,1
2020-08-30,Monterey,053,433212,8302,7816,22,7838,54
2020-08-30,Napa,055,140530,1493,1423,6,1429,10
2020-08-30,Nevada,057,99092,459,445,13,458,6
2020-08-30,Orange,059,3164182,50520,47283,1197,48480,965
2020-08-30,Placer,061,380077,3149,2961,11,2972,32
2020-08-30,Plumas,063,18699,42,39,0,39,0
2020-08-30,Riverside,065,2383286,53997,52227,66,52293,1017
2020-08-30,Sacramento,067,1510023,18763,17751,18,17769,300
2020-08-30,San Benito,069,59416,1155,1071,0,1071,4
2020-08-30,San Bernardino,071,2135413,49452,47201,316,47517,755
2020-08-30,San Diego,073,3302833,40247,38302,477,38779,682
2020-08-30,San Francisco,075,870044,9759,9294,10,9304,83
2020-08-30,San Joaquin,077,732212,18678,17637,36,17673,338
2020-08-30,San Luis Obispo,079,281455,3183,2934,13,2947,21
2020-08-30,San Mateo,081,765935,8714,8013,10,8023,122
2020-08-30,Santa Barbara,083,443738,8306,8088,68,8156,93
2020-08-30,Santa Clara,085,1922200,18825,17045,38,17083,202
2020-08-30,Santa Cruz,087,273765,1921,1743,16,1759,7
2020-08-30,Shasta,089,179085,634,525,3,528,9
2020-08-30,Sierra,091,2930,6,6,0,6,0
2020-08-30,Siskiyou,093,43540,138,125,8,133,0
2020-08-30,Solano,095,438530,5589,5303,37,5340,34
2020-08-30,Sonoma,097,501317,6120,5590,20,5610,60
2020-08-30,Stanislaus,099,539301,15354,14580,352,14932,209
2020-08-30,Sutter,101,95872,1421,1351,1,1352,10
2020-08-30,Tehama,103,63373,437,419,2,421,1
2020-08-30,Trinity,105,12862,47,13,6,19,0
2020-08-30,Tulare,107,460477,14785,13985,56,14041,236
2020-08-30,Tuolumne,109,53932,207,178,5,183,1
2020-08-30,Ventura,111,848112,11478,10775,99,10874,108
2020-08-30,Yolo,113,214977,2537,2391,4,2395,51
2020-08-30,Yuba,115,75493,904,832,3,835,1
2020-08-29,Alameda,001,1643700,19097,17888,125,18013,250
2020-08-29,Alpine,003,1148,2,2,0,2,0
2020-08-29,Amador,005,37829,274,239,0,239,13
2020-08-29,Butte,007,227075,2317,1948,39,1987,26
2020-08-29,Calaveras,009,45235,257,211,0,211,1
2020-08-29,Colusa,011,21464,471,440,0,440,6
2020-08-29,Contra Costa,013,1133247,14675,13663,51,13714,159
2020-08-29,Del Norte,015,27424,115,108,0,108,1
2020-08-29,El Dorado,017,186661,1020,958,6,964,2
2020-08-29,Fresno,019,978130,27943,24821,305,25126,291
2020-08-29,Glenn,021,27897,466,437,0,437,3
2020-08-29,Humboldt,023,135768,411,363,1,364,4
2020-08-29,Imperial,025,180216,11281,9698,7,9705,250
2020-08-29,Inyo,027,18085,181,160,4,164,3
2020-08-29,Kern,029,883053,29952,28947,230,29177,317
2020-08-29,Kings,031,150075,6413,5906,30,5936,62
2020-08-29,Lake,033,64148,361,329,0,329,2
2020-08-29,Lassen,035,31185,722,706,2,708,0
2020-08-29,Los Angeles,037,10098052,244171,239815,1264,241079,5762
2020-08-29,Madera,039,155013,3953,3605,25,3630,33
2020-08-29,Marin,041,260295,6245,6007,15,6022,64
2020-08-29,Mariposa,043,17540,73,69,0,69,2
2020-08-29,Mendocino,045,87422,653,596,0,596,13
2020-08-29,Merced,047,269075,8120,7867,9,7876,79
2020-08-29,Modoc,049,8938,13,9,0,9,0
2020-08-29,Mono,051,14174,163,145,2,147,1
2020-08-29,Monterey,053,433212,8257,7680,22,7702,53
2020-08-29,Napa,055,140530,1490,1413,6,1419,10
2020-08-29,Nevada,057,99092,459,442,13,455,5
2020-08-29,Orange,059,3164182,50409,47007,1187,48194,960
2020-08-29,Placer,061,380077,3132,2935,11,2946,32
2020-08-29,Plumas,063,18699,41,39,0,39,0
2020-08-29,Riverside,065,2383286,53885,51918,64,51982,1016
2020-08-29,Sacramento,067,1510023,18692,17588,18,17606,291
2020-08-29,San Benito,069,59416,1146,1045,0,1045,4
2020-08-29,San Bernardino,071,2135413,49337,46849,316,47165,755
2020-08-29,San Diego,073,3302833,39981,38049,459,38508,694
2020-08-29,San Francisco,075,870044,9731,9291,9,9300,83
2020-08-29,San Joaquin,077,732212,18634,17493,36,17529,335
2020-08-29,San Luis Obispo,079,281455,3158,2917,13,2930,21
2020-08-29,San Mateo,081,765935,8672,7928,10,7938,122
2020-08-29,Santa Barbara,083,443738,8279,8052,67,8119,93
2020-08-29,Santa Clara,085,1922200,18725,16898,37,16935,202
2020-08-29,Santa Cruz,087,273765,1909,1746,16,1762,7
2020-08-29,Shasta,089,179085,626,522,3,525,9
2020-08-29,Sierra,091,2930,6,6,0,6,0
2020-08-29,Siskiyou,093,43540,138,121,8,129,0
2020-08-29,Solano,095,438530,5568,5303,37,5340,34
2020-08-29,Sonoma,097,501317,6085,5537,20,5557,60
2020-08-29,Stanislaus,099,539301,15305,14479,342,14821,208
2020-08-29,Sutter,101,95872,1416,1333,1,1334,9
2020-08-29,Tehama,103,63373,436,417,2,419,1
2020-08-29,Trinity,105,12862,46,11,6,17,0
2020-08-29,Tulare,107,460477,14747,13890,55,13945,236
2020-08-29,Tuolumne,109,53932,207,178,5,183,1
2020-08-29,Ventura,111,848112,11436,10705,99,10804,108
2020-08-29,Yolo,113,214977,2519,2357,4,2361,51
2020-08-29,Yuba,115,75493,895,822,3,825,1
2020-08-28,Alameda,001,1643700,19014,17729,124,17853,237
2020-08-28,Alpine,003,1148,2,2,0,2,0
2020-08-28,Amador,005,37829,274,234,0,234,13
2020-08-28,Butte,007,227075,2287,1886,39,1925,25
2020-08-28,Calaveras,009,45235,255,207,0,207,1
2020-08-28,Colusa,011,21464,470,441,0,441,6
2020-08-28,Contra Costa,013,1133247,14604,13522,50,13572,158
2020-08-28,Del Norte,015,27424,115,107,0,107,1
2020-08-28,El Dorado,017,186661,1014,949,6,955,2
2020-08-28,Fresno,019,978130,27809,24612,305,24917,282
2020-08-28,Glenn,021,27897,459,429,0,429,3
2020-08-28,Humboldt,023,135768,407,362,1,363,4
2020-08-28,Imperial,025,180216,11267,9656,7,9663,241
2020-08-28,Inyo,027,18085,180,160,4,164,2
2020-08-28,Kern,029,883053,29904,28744,230,28974,306
2020-08-28,Kings,031,150075,6406,5829,29,5858,62
2020-08-28,Lake,033,64148,356,320,0,320,2
2020-08-28,Lassen,035,31185,722,704,2,706,0
2020-08-28,Los Angeles,037,10098052,243359,238544,1239,239783,5740
2020-08-28,Madera,039,155013,3934,3552,25,3577,33
2020-08-28,Marin,041,260295,6223,5991,15,6006,63
2020-08-28,Mariposa,043,17540,73,67,0,67,2
2020-08-28,Mendocino,045,87422,648,588,0,588,11
2020-08-28,Merced,047,269075,8090,7803,9,7812,77
2020-08-28,Modoc,049,8938,13,6,0,6,0
2020-08-28,Mono,051,14174,163,145,2,147,1
2020-08-28,Monterey,053,433212,8200,7591,22,7613,53
2020-08-28,Napa,055,140530,1482,1403,5,1408,10
2020-08-28,Nevada,057,99092,458,438,13,451,5
2020-08-28,Orange,059,3164182,50309,46696,1172,47868,942
2020-08-28,Placer,061,380077,3122,2891,11,2902,32
2020-08-28,Plumas,063,18699,41,39,0,39,0
2020-08-28,Riverside,065,2383286,53754,51510,60,51570,1008
2020-08-28,Sacramento,067,1510023,18594,17119,18,17137,283
2020-08-28,San Benito,069,59416,1130,1016,0,1016,3
2020-08-28,San Bernardino,071,2135413,49218,46553,312,46865,754
2020-08-28,San Diego,073,3302833,39751,37786,444,38230,676
2020-08-28,San Francisco,075,870044,9679,9135,9,9144,83
2020-08-28,San Joaquin,077,732212,18581,17114,35,17149,314
2020-08-28,San Luis Obispo,079,281455,3141,2849,13,2862,20
2020-08-28,San Mateo,081,765935,8626,7783,9,7792,121
2020-08-28,Santa Barbara,083,443738,8247,8001,67,8068,92
2020-08-28,Santa Clara,085,1922200,18598,16696,37,16733,201
2020-08-28,Santa Cruz,087,273765,1897,1747,16,1763,7
2020-08-28,Shasta,089,179085,622,516,3,519,9
2020-08-28,Sierra,091,2930,6,6,0,6,0
2020-08-28,Siskiyou,093,43540,136,119,8,127,0
2020-08-28,Solano,095,438530,5549,5219,37,5256,34
2020-08-28,Sonoma,097,501317,6050,5425,19,5444,58
2020-08-28,Stanislaus,099,539301,15262,14176,338,14514,190
2020-08-28,Sutter,101,95872,1406,1308,1,1309,9
2020-08-28,Tehama,103,63373,431,410,2,412,1
2020-08-28,Trinity,105,12862,46,11,6,17,0
2020-08-28,Tulare,107,460477,14702,13776,55,13831,236
2020-08-28,Tuolumne,109,53932,207,176,5,181,1
2020-08-28,Ventura,111,848112,11400,10606,97,10703,103
2020-08-28,Yolo,113,214977,2510,2323,4,2327,51
2020-08-28,Yuba,115,75493,886,810,3,813,1
2020-08-27,Alameda,001,1643700,18869,17584,121,17705,234
2020-08-27,Alpine,003,1148,2,2,0,2,0
2020-08-27,Amador,005,37829,273,233,0,233,13
2020-08-27,Butte,007,227075,2221,1803,38,1841,25
2020-08-27,Calaveras,009,45235,249,204,0,204,1
2020-08-27,Colusa,011,21464,468,438,0,438,6
2020-08-27,Contra Costa,013,1133247,14504,13379,49,13428,158
2020-08-27,Del Norte,015,27424,115,107,0,107,1
2020-08-27,El Dorado,017,186661,1010,942,6,948,2
2020-08-27,Fresno,019,978130,27629,24367,300,24667,272
2020-08-27,Glenn,021,27897,451,429,0,429,3
2020-08-27,Humboldt,023,135768,399,358,1,359,4
2020-08-27,Imperial,025,180216,11240,9608,7,9615,235
2020-08-27,Inyo,027,18085,180,157,3,160,2
2020-08-27,Kern,029,883053,29833,28635,221,28856,294
2020-08-27,Kings,031,150075,6384,5759,29,5788,62
2020-08-27,Lake,033,64148,354,314,0,314,2
2020-08-27,Lassen,035,31185,722,703,2,705,0
2020-08-27,Los Angeles,037,10098052,242356,237103,1224,238327,5704
2020-08-27,Madera,039,155013,3908,3465,25,3490,33
2020-08-27,Marin,041,260295,6199,5929,15,5944,62
2020-08-27,Mariposa,043,17540,73,67,0,67,2
2020-08-27,Mendocino,045,87422,639,581,0,581,10
2020-08-27,Merced,047,269075,8046,7765,9,7774,75
2020-08-27,Modoc,049,8938,11,5,0,5,0
2020-08-27,Mono,051,14174,163,145,2,147,1
2020-08-27,Monterey,053,433212,8106,7501,22,7523,52
2020-08-27,Napa,055,140530,1476,1397,5,1402,10
2020-08-27,Nevada,057,99092,455,435,13,448,5
2020-08-27,Orange,059,3164182,50152,46449,1161,47610,935
2020-08-27,Placer,061,380077,3091,2869,11,2880,32
2020-08-27,Plumas,063,18699,40,39,0,39,0
2020-08-27,Riverside,065,2383286,53544,51306,57,51363,999
2020-08-27,Sacramento,067,1510023,18396,16875,18,16893,281
2020-08-27,San Benito,069,59416,1114,987,0,987,3
2020-08-27,San Bernardino,071,2135413,48994,46345,306,46651,751
2020-08-27,San Diego,073,3302833,39480,37501,424,37925,673
2020-08-27,San Francisco,075,870044,9613,9014,9,9023,83
2020-08-27,San Joaquin,077,732212,18501,16989,35,17024,314
2020-08-27,San Luis Obispo,079,281455,3116,2808,13,2821,20
2020-08-27,San Mateo,081,765935,8517,7728,9,7737,121
2020-08-27,Santa Barbara,083,443738,8209,7934,67,8001,92
2020-08-27,Santa Clara,085,1922200,18412,16495,37,16532,199
2020-08-27,Santa Cruz,087,273765,1880,1734,16,1750,7
2020-08-27,Shasta,089,179085,616,512,3,515,9
2020-08-27,Sierra,091,2930,6,6,0,6,0
2020-08-27,Siskiyou,093,43540,136,118,8,126,0
2020-08-27,Solano,095,438530,5511,5167,37,5204,34
2020-08-27,Sonoma,097,501317,5942,5357,19,5376,58
2020-08-27,Stanislaus,099,539301,15181,14080,335,14415,186
2020-08-27,Sutter,101,95872,1386,1296,1,1297,9
2020-08-27,Tehama,103,63373,427,398,2,400,1
2020-08-27,Trinity,105,12862,46,11,6,17,0
2020-08-27,Tulare,107,460477,14611,13666,55,13721,231
2020-08-27,Tuolumne,109,53932,202,174,5,179,1
2020-08-27,Ventura,111,848112,11337,10483,93,10576,102
2020-08-27,Yolo,113,214977,2486,2293,4,2297,51
2020-08-27,Yuba,115,75493,875,807,3,810,1
2020-08-26,Alameda,001,1643700,18706,17373,121,17494,233
2020-08-26,Alpine,003,1148,2,2,0,2,0
2020-08-26,Amador,005,37829,273,229,0,229,13
2020-08-26,Butte,007,227075,2153,1765,36,1801,25
2020-08-26,Calaveras,009,45235,242,201,0,201,1
2020-08-26,Colusa,011,21464,462,433,0,433,5
2020-08-26,Contra Costa,013,1133247,14367,13248,49,13297,157
2020-08-26,Del Norte,015,27424,114,86,0,86,1
2020-08-26,El Dorado,017,186661,1008,938,6,944,2
2020-08-26,Fresno,019,978130,27481,24071,298,24369,255
2020-08-26,Glenn,021,27897,449,429,0,429,3
2020-08-26,Humboldt,023,135768,387,357,1,358,4
2020-08-26,Imperial,025,180216,11218,9453,7,9460,227
2020-08-26,Inyo,027,18085,177,157,3,160,2
2020-08-26,Kern,029,883053,29694,28507,218,28725,286
2020-08-26,Kings,031,150075,6363,5720,29,5749,62
2020-08-26,Lake,033,64148,349,308,0,308,2
2020-08-26,Lassen,035,31185,722,702,2,704,0
2020-08-26,Los Angeles,037,10098052,241346,235499,1194,236693,5665
2020-08-26,Madera,039,155013,3879,3458,25,3483,32
2020-08-26,Marin,041,260295,6182,5887,15,5902,56
2020-08-26,Mariposa,043,17540,73,68,0,68,2
2020-08-26,Mendocino,045,87422,628,581,0,581,10
2020-08-26,Merced,047,269075,8013,7720,9,7729,74
2020-08-26,Modoc,049,8938,8,5,0,5,0
2020-08-26,Mono,051,14174,163,141,2,143,1
2020-08-26,Monterey,053,433212,8013,7439,22,7461,51
2020-08-26,Napa,055,140530,1463,1382,5,1387,10
2020-08-26,Nevada,057,99092,452,432,13,445,2
2020-08-26,Orange,059,3164182,49968,46157,1145,47302,905
2020-08-26,Placer,061,380077,3068,2846,9,2855,32
2020-08-26,Plumas,063,18699,39,39,0,39,0
2020-08-26,Riverside,065,2383286,53303,51138,57,51195,987
2020-08-26,Sacramento,067,1510023,18233,16708,18,16726,271
2020-08-26,San Benito,069,59416,1099,978,0,978,3
2020-08-26,San Bernardino,071,2135413,48787,45840,302,46142,743
2020-08-26,San Diego,073,3302833,39142,37224,397,37621,668
2020-08-26,San Francisco,075,870044,9539,8938,9,8947,81
2020-08-26,San Joaquin,077,732212,18412,16845,34,16879,309
2020-08-26,San Luis Obispo,079,281455,3088,2761,13,2774,20
2020-08-26,San Mateo,081,765935,8450,7655,9,7664,121
2020-08-26,Santa Barbara,083,443738,8175,7904,67,7971,90
2020-08-26,Santa Clara,085,1922200,18235,16283,37,16320,198
2020-08-26,Santa Cruz,087,273765,1869,1726,16,1742,7
2020-08-26,Shasta,089,179085,611,511,3,514,9
2020-08-26,Sierra,091,2930,6,6,0,6,0
2020-08-26,Siskiyou,093,43540,133,109,8,117,0
2020-08-26,Solano,095,438530,5487,5131,36,5167,34
2020-08-26,Sonoma,097,501317,5869,5283,19,5302,58
2020-08-26,Stanislaus,099,539301,15104,13964,329,14293,186
2020-08-26,Sutter,101,95872,1368,1275,1,1276,9
2020-08-26,Tehama,103,63373,424,396,2,398,1
2020-08-26,Trinity,105,12862,45,10,6,16,0
2020-08-26,Tulare,107,460477,14544,13568,55,13623,232
2020-08-26,Tuolumne,109,53932,201,172,5,177,1
2020-08-26,Ventura,111,848112,11265,10412,86,10498,100
2020-08-26,Yolo,113,214977,2465,2279,4,2283,49
2020-08-26,Yuba,115,75493,860,779,3,782,1
2020-08-25,Alameda,001,1643700,18548,17278,121,17399,232
2020-08-25,Alpine,003,1148,2,2,0,2,0
2020-08-25,Amador,005,37829,273,227,0,227,13
2020-08-25,Butte,007,227075,2086,1718,36,1754,24
2020-08-25,Calaveras,009,45235,240,196,0,196,1
2020-08-25,Colusa,011,21464,455,430,0,430,5
2020-08-25,Contra Costa,013,1133247,14229,13181,48,13229,156
2020-08-25,Del Norte,015,27424,113,83,0,83,1
2020-08-25,El Dorado,017,186661,1005,928,6,934,2
2020-08-25,Fresno,019,978130,27294,23932,297,24229,250
2020-08-25,Glenn,021,27897,446,429,0,429,3
2020-08-25,Humboldt,023,135768,382,342,1,343,4
2020-08-25,Imperial,025,180216,11190,9381,7,9388,217
2020-08-25,Inyo,027,18085,175,144,3,147,1
2020-08-25,Kern,029,883053,29557,28416,218,28634,285
2020-08-25,Kings,031,150075,6206,5702,29,5731,59
2020-08-25,Lake,033,64148,344,304,0,304,2
2020-08-25,Lassen,035,31185,721,692,2,694,0
2020-08-25,Los Angeles,037,10098052,240046,233961,1146,235107,5612
2020-08-25,Madera,039,155013,3864,3446,24,3470,32
2020-08-25,Marin,041,260295,6144,5860,15,5875,56
2020-08-25,Mariposa,043,17540,73,67,0,67,2
2020-08-25,Mendocino,045,87422,620,571,0,571,10
2020-08-25,Merced,047,269075,7946,7693,8,7701,69
2020-08-25,Modoc,049,8938,8,5,0,5,0
2020-08-25,Mono,051,14174,163,129,2,131,1
2020-08-25,Monterey,053,433212,7933,7333,22,7355,51
2020-08-25,Napa,055,140530,1456,1374,5,1379,10
2020-08-25,Nevada,057,99092,448,430,13,443,2
2020-08-25,Orange,059,3164182,49774,45737,1129,46866,902
2020-08-25,Placer,061,380077,3049,2829,6,2835,31
2020-08-25,Plumas,063,18699,39,39,0,39,0
2020-08-25,Riverside,065,2383286,53071,50889,57,50946,981
2020-08-25,Sacramento,067,1510023,18079,16601,18,16619,265
2020-08-25,San Benito,069,59416,1083,973,0,973,3
2020-08-25,San Bernardino,071,2135413,48552,45544,299,45843,727
2020-08-25,San Diego,073,3302833,38863,36996,375,37371,665
2020-08-25,San Francisco,075,870044,9462,8848,9,8857,81
2020-08-25,San Joaquin,077,732212,18285,16795,34,16829,306
2020-08-25,San Luis Obispo,079,281455,3029,2731,12,2743,20
2020-08-25,San Mateo,081,765935,8390,7636,8,7644,120
2020-08-25,Santa Barbara,083,443738,8123,7854,67,7921,90
2020-08-25,Santa Clara,085,1922200,18066,16199,37,16236,194
2020-08-25,Santa Cruz,087,273765,1850,1708,16,1724,7
2020-08-25,Shasta,089,179085,607,511,3,514,9
2020-08-25,Sierra,091,2930,6,6,0,6,0
2020-08-25,Siskiyou,093,43540,132,109,8,117,0
2020-08-25,Solano,095,438530,5426,5114,36,5150,34
2020-08-25,Sonoma,097,501317,5783,5148,19,5167,56
2020-08-25,Stanislaus,099,539301,14996,13886,318,14204,182
2020-08-25,Sutter,101,95872,1351,1259,1,1260,9
2020-08-25,Tehama,103,63373,421,394,2,396,1
2020-08-25,Trinity,105,12862,44,10,6,16,0
2020-08-25,Tulare,107,460477,14440,13514,54,13568,224
2020-08-25,Tuolumne,109,53932,199,172,5,177,1
2020-08-25,Ventura,111,848112,11180,10313,81,10394,99
2020-08-25,Yolo,113,214977,2452,2254,4,2258,50
2020-08-25,Yuba,115,75493,850,775,3,778,1
2020-08-24,Alameda,001,1643700,18353,16913,120,17033,231
2020-08-24,Alpine,003,1148,2,2,0,2,0
2020-08-24,Amador,005,37829,271,227,0,227,13
2020-08-24,Butte,007,227075,2003,1649,36,1685,23
2020-08-24,Calaveras,009,45235,231,187,0,187,1
2020-08-24,Colusa,011,21464,451,425,0,425,5
2020-08-24,Contra Costa,013,1133247,14112,12906,46,12952,153
2020-08-24,Del Norte,015,27424,113,80,0,80,1
2020-08-24,El Dorado,017,186661,997,908,6,914,2
2020-08-24,Fresno,019,978130,27106,23618,290,23908,235
2020-08-24,Glenn,021,27897,444,421,0,421,2
2020-08-24,Humboldt,023,135768,378,340,1,341,4
2020-08-24,Imperial,025,180216,11157,9323,7,9330,210
2020-08-24,Inyo,027,18085,171,144,3,147,2
2020-08-24,Kern,029,883053,29459,28157,212,28369,277
2020-08-24,Kings,031,150075,6118,5652,29,5681,60
2020-08-24,Lake,033,64148,329,302,0,302,2
2020-08-24,Lassen,035,31185,721,693,2,695,0
2020-08-24,Los Angeles,037,10098052,238683,233036,1128,234164,5562
2020-08-24,Madera,039,155013,3836,3418,24,3442,32
2020-08-24,Marin,041,260295,6080,5834,15,5849,56
2020-08-24,Mariposa,043,17540,71,66,0,66,2
2020-08-24,Mendocino,045,87422,605,550,0,550,10
2020-08-24,Merced,047,269075,7868,7605,8,7613,69
2020-08-24,Modoc,049,8938,8,5,0,5,0
2020-08-24,Mono,051,14174,163,129,2,131,1
2020-08-24,Monterey,053,433212,7824,7212,21,7233,50
2020-08-24,Napa,055,140530,1443,1358,5,1363,10
2020-08-24,Nevada,057,99092,443,423,13,436,2
2020-08-24,Orange,059,3164182,49581,45536,1120,46656,887
2020-08-24,Placer,061,380077,3002,2793,6,2799,31
2020-08-24,Plumas,063,18699,39,37,0,37,0
2020-08-24,Riverside,065,2383286,52793,50496,57,50553,975
2020-08-24,Sacramento,067,1510023,17883,16318,17,16335,249
2020-08-24,San Benito,069,59416,1062,961,0,961,3
2020-08-24,San Bernardino,071,2135413,48289,45199,297,45496,720
2020-08-24,San Diego,073,3302833,38575,36729,347,37076,660
2020-08-24,San Francisco,075,870044,9379,8621,9,8630,81
2020-08-24,San Joaquin,077,732212,18144,16565,33,16598,305
2020-08-24,San Luis Obispo,079,281455,3001,2705,12,2717,20
2020-08-24,San Mateo,081,765935,8323,7502,8,7510,120
2020-08-24,Santa Barbara,083,443738,8082,7784,67,7851,90
2020-08-24,Santa Clara,085,1922200,17862,16049,37,16086,192
2020-08-24,Santa Cruz,087,273765,1830,1627,15,1642,6
2020-08-24,Shasta,089,179085,605,505,3,508,9
2020-08-24,Sierra,091,2930,6,6,0,6,0
2020-08-24,Siskiyou,093,43540,128,107,8,115,0
2020-08-24,Solano,095,438530,5377,4979,34,5013,32
2020-08-24,Sonoma,097,501317,5680,5071,19,5090,56
2020-08-24,Stanislaus,099,539301,14898,13521,304,13825,171
2020-08-24,Sutter,101,95872,1332,1219,1,1220,9
2020-08-24,Tehama,103,63373,416,388,2,390,1
2020-08-24,Trinity,105,12862,44,10,6,16,0
2020-08-24,Tulare,107,460477,14332,13360,53,13413,223
2020-08-24,Tuolumne,109,53932,198,170,5,175,1
2020-08-24,Ventura,111,848112,11100,10261,77,10338,99
2020-08-24,Yolo,113,214977,2418,2239,4,2243,47
2020-08-24,Yuba,115,75493,833,750,3,753,1
2020-08-23,Alameda,001,1643700,18130,16786,119,16905,231
2020-08-23,Alpine,003,1148,2,2,0,2,0
2020-08-23,Amador,005,37829,268,227,0,227,13
2020-08-23,Butte,007,227075,1888,1637,36,1673,23
2020-08-23,Calaveras,009,45235,222,187,0,187,1
2020-08-23,Colusa,011,21464,444,424,0,424,5
2020-08-23,Contra Costa,013,1133247,13950,12642,46,12688,153
2020-08-23,Del Norte,015,27424,113,80,0,80,1
2020-08-23,El Dorado,017,186661,984,901,6,907,2
2020-08-23,Fresno,019,978130,26901,23414,287,23701,235
2020-08-23,Glenn,021,27897,437,421,0,421,2
2020-08-23,Humboldt,023,135768,376,341,1,342,4
2020-08-23,Imperial,025,180216,11128,9243,7,9250,210
2020-08-23,Inyo,027,18085,168,144,3,147,2
2020-08-23,Kern,029,883053,29310,28028,207,28235,277
2020-08-23,Kings,031,150075,6075,5628,29,5657,60
2020-08-23,Lake,033,64148,325,299,0,299,2
2020-08-23,Lassen,035,31185,720,693,2,695,0
2020-08-23,Los Angeles,037,10098052,237083,231833,1061,232894,5549
2020-08-23,Madera,039,155013,3805,3401,23,3424,32
2020-08-23,Marin,041,260295,6042,5807,14,5821,50
2020-08-23,Mariposa,043,17540,71,66,0,66,2
2020-08-23,Mendocino,045,87422,601,550,0,550,10
2020-08-23,Merced,047,269075,7799,7574,7,7581,69
2020-08-23,Modoc,049,8938,7,5,0,5,0
2020-08-23,Mono,051,14174,163,129,2,131,1
2020-08-23,Monterey,053,433212,7734,7173,21,7194,50
2020-08-23,Napa,055,140530,1431,1348,5,1353,10
2020-08-23,Nevada,057,99092,438,421,13,434,2
2020-08-23,Orange,059,3164182,49343,45267,1108,46375,887
2020-08-23,Placer,061,380077,2963,2772,6,2778,31
2020-08-23,Plumas,063,18699,39,37,0,37,0
2020-08-23,Riverside,065,2383286,52523,50293,55,50348,955
2020-08-23,Sacramento,067,1510023,17660,16084,16,16100,243
2020-08-23,San Benito,069,59416,1049,938,0,938,3
2020-08-23,San Bernardino,071,2135413,48021,45010,287,45297,719
2020-08-23,San Diego,073,3302833,38254,36542,320,36862,660
2020-08-23,San Francisco,075,870044,9285,8564,8,8572,80
2020-08-23,San Joaquin,077,732212,18011,16069,32,16101,305
2020-08-23,San Luis Obispo,079,281455,2959,2679,12,2691,20
2020-08-23,San Mateo,081,765935,8228,7450,8,7458,120
2020-08-23,Santa Barbara,083,443738,8014,7725,67,7792,90
2020-08-23,Santa Clara,085,1922200,17666,15912,35,15947,191
2020-08-23,Santa Cruz,087,273765,1804,1627,15,1642,6
2020-08-23,Shasta,089,179085,600,501,3,504,9
2020-08-23,Sierra,091,2930,6,6,0,6,0
2020-08-23,Siskiyou,093,43540,123,107,8,115,0
2020-08-23,Solano,095,438530,5319,4977,32,5009,32
2020-08-23,Sonoma,097,501317,5592,5018,19,5037,56
2020-08-23,Stanislaus,099,539301,14763,13483,281,13764,171
2020-08-23,Sutter,101,95872,1310,1203,1,1204,9
2020-08-23,Tehama,103,63373,406,381,2,383,1
2020-08-23,Trinity,105,12862,44,10,6,16,0
2020-08-23,Tulare,107,460477,14200,13303,50,13353,223
2020-08-23,Tuolumne,109,53932,195,164,5,169,1
2020-08-23,Ventura,111,848112,10999,10126,73,10199,99
2020-08-23,Yolo,113,214977,2390,2210,4,2214,47
2020-08-23,Yuba,115,75493,812,750,3,753,1
2020-08-22,Alameda,001,1643700,18036,16648,118,16766,231
2020-08-22,Alpine,003,1148,2,2,0,2,0
2020-08-22,Amador,005,37829,267,224,0,224,13
2020-08-22,Butte,007,227075,1837,1618,36,1654,22
2020-08-22,Calaveras,009,45235,218,187,0,187,1
2020-08-22,Colusa,011,21464,440,419,0,419,5
2020-08-22,Contra Costa,013,1133247,13863,12522,46,12568,153
2020-08-22,Del Norte,015,27424,112,80,0,80,1
2020-08-22,El Dorado,017,186661,982,900,6,906,2
2020-08-22,Fresno,019,978130,26804,23197,286,23483,235
2020-08-22,Glenn,021,27897,436,421,0,421,2
2020-08-22,Humboldt,023,135768,366,334,1,335,4
2020-08-22,Imperial,025,180216,11120,9244,7,9251,210
2020-08-22,Inyo,027,18085,168,144,3,147,1
2020-08-22,Kern,029,883053,29256,27807,207,28014,277
2020-08-22,Kings,031,150075,6066,5447,29,5476,60
2020-08-22,Lake,033,64148,323,291,0,291,2
2020-08-22,Lassen,035,31185,720,693,2,695,0
2020-08-22,Los Angeles,037,10098052,236424,230858,1044,231902,5540
2020-08-22,Madera,039,155013,3786,3330,23,3353,32
2020-08-22,Marin,041,260295,6030,5789,14,5803,49
2020-08-22,Mariposa,043,17540,71,66,0,66,2
2020-08-22,Mendocino,045,87422,598,529,0,529,10
2020-08-22,Merced,047,269075,7771,7493,7,7500,69
2020-08-22,Modoc,049,8938,7,5,0,5,0
2020-08-22,Mono,051,14174,163,129,2,131,1
2020-08-22,Monterey,053,433212,7686,7081,21,7102,50
2020-08-22,Napa,055,140530,1426,1328,5,1333,11
2020-08-22,Nevada,057,99092,438,411,13,424,2
2020-08-22,Orange,059,3164182,49202,45131,1102,46233,885
2020-08-22,Placer,061,380077,2949,2734,6,2740,30
2020-08-22,Plumas,063,18699,39,37,0,37,0
2020-08-22,Riverside,065,2383286,52375,49944,54,49998,953
2020-08-22,Sacramento,067,1510023,17548,15516,16,15532,239
2020-08-22,San Benito,069,59416,1033,912,0,912,3
2020-08-22,San Bernardino,071,2135413,47892,44803,283,45086,719
2020-08-22,San Diego,073,3302833,38071,36205,309,36514,673
2020-08-22,San Francisco,075,870044,9225,8568,8,8576,80
2020-08-22,San Joaquin,077,732212,17955,16068,32,16100,305
2020-08-22,San Luis Obispo,079,281455,2933,2660,12,2672,20
2020-08-22,San Mateo,081,765935,8181,7361,8,7369,120
2020-08-22,Santa Barbara,083,443738,7988,7685,67,7752,90
2020-08-22,Santa Clara,085,1922200,17558,15590,35,15625,190
2020-08-22,Santa Cruz,087,273765,1788,1628,14,1642,6
2020-08-22,Shasta,089,179085,598,493,3,496,9
2020-08-22,Sierra,091,2930,6,6,0,6,0
2020-08-22,Siskiyou,093,43540,123,106,8,114,0
2020-08-22,Solano,095,438530,5289,4944,31,4975,32
2020-08-22,Sonoma,097,501317,5546,4891,19,4910,57
2020-08-22,Stanislaus,099,539301,14713,13380,264,13644,170
2020-08-22,Sutter,101,95872,1303,1189,1,1190,8
2020-08-22,Tehama,103,63373,405,368,2,370,1
2020-08-22,Trinity,105,12862,44,8,6,14,0
2020-08-22,Tulare,107,460477,14133,13196,50,13246,222
2020-08-22,Tuolumne,109,53932,193,162,5,167,1
2020-08-22,Ventura,111,848112,10944,9959,71,10030,99
2020-08-22,Yolo,113,214977,2374,2188,4,2192,47
2020-08-22,Yuba,115,75493,800,738,3,741,1
2020-08-21,Alameda,001,1643700,17944,16413,118,16531,232
2020-08-21,Alpine,003,1148,2,2,0,2,0
2020-08-21,Amador,005,37829,266,223,0,223,11
2020-08-21,Butte,007,227075,1798,1582,36,1618,19
2020-08-21,Calaveras,009,45235,218,182,0,182,1
2020-08-21,Colusa,011,21464,438,418,0,418,5
2020-08-21,Contra Costa,013,1133247,13773,12333,45,12378,149
2020-08-21,Del Norte,015,27424,112,78,0,78,1
2020-08-21,El Dorado,017,186661,978,885,6,891,2
2020-08-21,Fresno,019,978130,26634,22840,285,23125,232
2020-08-21,Glenn,021,27897,432,418,0,418,2
2020-08-21,Humboldt,023,135768,363,331,1,332,4
2020-08-21,Imperial,025,180216,11104,9166,7,9173,204
2020-08-21,Inyo,027,18085,168,144,3,147,1
2020-08-21,Kern,029,883053,29197,27567,205,27772,269
2020-08-21,Kings,031,150075,6044,5391,29,5420,60
2020-08-21,Lake,033,64148,321,281,0,281,2
2020-08-21,Lassen,035,31185,720,693,2,695,0
2020-08-21,Los Angeles,037,10098052,235550,229235,1023,230258,5494
2020-08-21,Madera,039,155013,3756,3271,23,3294,31
2020-08-21,Marin,041,260295,6010,5762,14,5776,49
2020-08-21,Mariposa,043,17540,71,66,0,66,2
2020-08-21,Mendocino,045,87422,588,505,0,505,10
2020-08-21,Merced,047,269075,7742,7357,7,7364,69
2020-08-21,Modoc,049,8938,7,5,0,5,0
2020-08-21,Mono,051,14174,163,128,2,130,1
2020-08-21,Monterey,053,433212,7614,6974,21,6995,49
2020-08-21,Napa,055,140530,1417,1317,5,1322,10
2020-08-21,Nevada,057,99092,437,406,13,419,2
2020-08-21,Orange,059,3164182,49061,44625,1093,45718,875
2020-08-21,Placer,061,380077,2933,2698,6,2704,30
2020-08-21,Plumas,063,18699,39,36,0,36,0
2020-08-21,Riverside,065,2383286,52181,49409,54,49463,932
2020-08-21,Sacramento,067,1510023,17425,15247,16,15263,237
2020-08-21,San Benito,069,59416,1023,891,0,891,3
2020-08-21,San Bernardino,071,2135413,47772,44249,279,44528,668
2020-08-21,San Diego,073,3302833,37867,35914,292,36206,652
2020-08-21,San Francisco,075,870044,9175,8375,8,8383,80
2020-08-21,San Joaquin,077,732212,17872,15888,30,15918,301
2020-08-21,San Luis Obispo,079,281455,2910,2640,12,2652,19
2020-08-21,San Mateo,081,765935,8124,7253,8,7261,120
2020-08-21,Santa Barbara,083,443738,7947,7645,67,7712,86
2020-08-21,Santa Clara,085,1922200,17407,15399,35,15434,190
2020-08-21,Santa Cruz,087,273765,1776,1617,14,1631,6
2020-08-21,Shasta,089,179085,598,486,3,489,9
2020-08-21,Sierra,091,2930,6,6,0,6,0
2020-08-21,Siskiyou,093,43540,123,103,6,109,0
2020-08-21,Solano,095,438530,5266,4891,30,4921,32
2020-08-21,Sonoma,097,501317,5476,4816,19,4835,57
2020-08-21,Stanislaus,099,539301,14644,13282,250,13532,161
2020-08-21,Sutter,101,95872,1290,1173,1,1174,8
2020-08-21,Tehama,103,63373,403,357,2,359,1
2020-08-21,Trinity,105,12862,44,8,6,14,0
2020-08-21,Tulare,107,460477,14062,13002,48,13050,217
2020-08-21,Tuolumne,109,53932,185,161,5,166,1
2020-08-21,Ventura,111,848112,10879,9865,69,9934,98
2020-08-21,Yolo,113,214977,2359,2164,4,2168,46
2020-08-21,Yuba,115,75493,796,717,3,720,1
2020-08-20,Alameda,001,1643700,17784,16174,118,16292,229
2020-08-20,Alpine,003,1148,2,2,0,2,0
2020-08-20,Amador,005,37829,264,222,0,222,11
2020-08-20,Butte,007,227075,1748,1549,36,1585,18
2020-08-20,Calaveras,009,45235,215,179,0,179,1
2020-08-20,Colusa,011,21464,436,415,0,415,5
2020-08-20,Contra Costa,013,1133247,13646,12108,44,12152,144
2020-08-20,Del Norte,015,27424,112,78,0,78,1
2020-08-20,El Dorado,017,186661,974,881,6,887,2
2020-08-20,Fresno,019,978130,26452,22535,280,22815,228
2020-08-20,Glenn,021,27897,427,414,0,414,2
2020-08-20,Humboldt,023,135768,358,318,1,319,4
2020-08-20,Imperial,025,180216,11085,9086,7,9093,196
2020-08-20,Inyo,027,18085,167,144,3,147,1
2020-08-20,Kern,029,883053,29029,27337,194,27531,267
2020-08-20,Kings,031,150075,6004,5347,28,5375,59
2020-08-20,Lake,033,64148,316,280,0,280,2
2020-08-20,Lassen,035,31185,719,693,2,695,0
2020-08-20,Los Angeles,037,10098052,234315,227492,1004,228496,5445
2020-08-20,Madera,039,155013,3730,3197,23,3220,31
2020-08-20,Marin,041,260295,5992,5745,14,5759,47
2020-08-20,Mariposa,043,17540,71,67,0,67,2
2020-08-20,Mendocino,045,87422,578,497,0,497,10
2020-08-20,Merced,047,269075,7667,7173,7,7180,68
2020-08-20,Modoc,049,8938,7,5,0,5,0
2020-08-20,Mono,051,14174,163,128,2,130,1
2020-08-20,Monterey,053,433212,7543,6892,21,6913,47
2020-08-20,Napa,055,140530,1411,1306,5,1311,10
2020-08-20,Nevada,057,99092,436,401,13,414,2
2020-08-20,Orange,059,3164182,48834,44299,1083,45382,849
2020-08-20,Placer,061,380077,2917,2681,6,2687,30
2020-08-20,Plumas,063,18699,39,36,0,36,0
2020-08-20,Riverside,065,2383286,51962,48953,53,49006,927
2020-08-20,Sacramento,067,1510023,17182,14992,16,15008,231
2020-08-20,San Benito,069,59416,1010,866,0,866,3
2020-08-20,San Bernardino,071,2135413,47516,43627,275,43902,665
2020-08-20,San Diego,073,3302833,37647,35610,274,35884,644
2020-08-20,San Francisco,075,870044,9089,8262,8,8270,72
2020-08-20,San Joaquin,077,732212,17781,15778,30,15808,297
2020-08-20,San Luis Obispo,079,281455,2890,2590,12,2602,19
2020-08-20,San Mateo,081,765935,8059,7188,8,7196,120
2020-08-20,Santa Barbara,083,443738,7909,7571,67,7638,81
2020-08-20,Santa Clara,085,1922200,17235,15162,35,15197,190
2020-08-20,Santa Cruz,087,273765,1763,1581,14,1595,6
2020-08-20,Shasta,089,179085,597,478,3,481,9
2020-08-20,Sierra,091,2930,6,6,0,6,0
2020-08-20,Siskiyou,093,43540,122,102,1,103,0
2020-08-20,Solano,095,438530,5221,4843,30,4873,31
2020-08-20,Sonoma,097,501317,5404,4737,19,4756,54
2020-08-20,Stanislaus,099,539301,14548,13120,241,13361,161
2020-08-20,Sutter,101,95872,1266,1158,1,1159,8
2020-08-20,Tehama,103,63373,398,350,2,352,1
2020-08-20,Trinity,105,12862,44,8,6,14,0
2020-08-20,Tulare,107,460477,13954,12907,47,12954,217
2020-08-20,Tuolumne,109,53932,181,159,5,164,1
2020-08-20,Ventura,111,848112,10766,9744,68,9812,93
2020-08-20,Yolo,113,214977,2337,2150,4,2154,47
2020-08-20,Yuba,115,75493,779,709,3,712,1
2020-08-19,Alameda,001,1643700,17626,15874,117,15991,226
2020-08-19,Alpine,003,1148,2,2,0,2,0
2020-08-19,Amador,005,37829,263,219,0,219,9
2020-08-19,Butte,007,227075,1705,1517,36,1553,16
2020-08-19,Calaveras,009,45235,213,177,0,177,1
2020-08-19,Colusa,011,21464,435,415,0,415,5
2020-08-19,Contra Costa,013,1133247,13534,11895,43,11938,142
2020-08-19,Del Norte,015,27424,112,78,0,78,1
2020-08-19,El Dorado,017,186661,968,870,6,876,2
2020-08-19,Fresno,019,978130,26263,22167,271,22438,221
2020-08-19,Glenn,021,27897,425,414,0,414,2
2020-08-19,Humboldt,023,135768,355,316,1,317,4
2020-08-19,Imperial,025,180216,11057,9041,7,9048,192
2020-08-19,Inyo,027,18085,165,140,3,143,1
2020-08-19,Kern,029,883053,28912,27142,190,27332,263
2020-08-19,Kings,031,150075,5831,5301,26,5327,59
2020-08-19,Lake,033,64148,313,277,0,277,2
2020-08-19,Lassen,035,31185,711,693,2,695,0
2020-08-19,Los Angeles,037,10098052,233037,226006,964,226970,5399
2020-08-19,Madera,039,155013,3696,3158,21,3179,30
2020-08-19,Marin,041,260295,5968,5723,13,5736,46
2020-08-19,Mariposa,043,17540,71,64,0,64,2
2020-08-19,Mendocino,045,87422,561,495,0,495,8
2020-08-19,Merced,047,269075,7540,7082,4,7086,66
2020-08-19,Modoc,049,8938,7,5,0,5,0
2020-08-19,Mono,051,14174,163,128,2,130,1
2020-08-19,Monterey,053,433212,7443,6693,21,6714,45
2020-08-19,Napa,055,140530,1405,1293,5,1298,10
2020-08-19,Nevada,057,99092,429,398,13,411,2
2020-08-19,Orange,059,3164182,48629,43938,1080,45018,829
2020-08-19,Placer,061,380077,2895,2659,6,2665,28
2020-08-19,Plumas,063,18699,39,36,0,36,0
2020-08-19,Riverside,065,2383286,51713,48741,53,48794,922
2020-08-19,Sacramento,067,1510023,17002,14764,16,14780,229
2020-08-19,San Benito,069,59416,993,853,0,853,3
2020-08-19,San Bernardino,071,2135413,47219,43224,269,43493,661
2020-08-19,San Diego,073,3302833,37397,35378,259,35637,638
2020-08-19,San Francisco,075,870044,9025,8236,8,8244,72
2020-08-19,San Joaquin,077,732212,17659,15677,29,15706,296
2020-08-19,San Luis Obispo,079,281455,2850,2553,12,2565,19
2020-08-19,San Mateo,081,765935,7990,7146,8,7154,119
2020-08-19,Santa Barbara,083,443738,7860,7499,67,7566,80
2020-08-19,Santa Clara,085,1922200,17090,14994,35,15029,189
2020-08-19,Santa Cruz,087,273765,1737,1554,14,1568,6
2020-08-19,Shasta,089,179085,593,475,3,478,9
2020-08-19,Sierra,091,2930,6,6,0,6,0
2020-08-19,Siskiyou,093,43540,121,103,1,104,0
2020-08-19,Solano,095,438530,5180,4807,30,4837,31
2020-08-19,Sonoma,097,501317,5324,4614,19,4633,54
2020-08-19,Stanislaus,099,539301,14445,13084,219,13303,160
2020-08-19,Sutter,101,95872,1232,1146,1,1147,8
2020-08-19,Tehama,103,63373,392,342,2,344,1
2020-08-19,Trinity,105,12862,43,8,6,14,0
2020-08-19,Tulare,107,460477,13856,12756,47,12803,217
2020-08-19,Tuolumne,109,53932,178,159,5,164,1
2020-08-19,Ventura,111,848112,10674,9587,66,9653,91
2020-08-19,Yolo,113,214977,2315,2126,4,2130,47
2020-08-19,Yuba,115,75493,767,701,3,704,1
2020-08-18,Alameda,001,1643700,17448,15627,115,15742,223
2020-08-18,Alpine,003,1148,2,2,0,2,0
2020-08-18,Amador,005,37829,262,215,0,215,9
2020-08-18,Butte,007,227075,1672,1491,36,1527,16
2020-08-18,Calaveras,009,45235,210,174,0,174,1
2020-08-18,Colusa,011,21464,434,415,0,415,5
2020-08-18,Contra Costa,013,1133247,13413,11689,41,11730,141
2020-08-18,Del Norte,015,27424,111,78,0,78,0
2020-08-18,El Dorado,017,186661,963,866,6,872,2
2020-08-18,Fresno,019,978130,26042,21798,265,22063,212
2020-08-18,Glenn,021,27897,425,407,0,407,2
2020-08-18,Humboldt,023,135768,353,315,1,316,4
2020-08-18,Imperial,025,180216,11023,8968,7,8975,189
2020-08-18,Inyo,027,18085,164,140,3,143,1
2020-08-18,Kern,029,883053,28759,26978,186,27164,263
2020-08-18,Kings,031,150075,5796,5269,25,5294,58
2020-08-18,Lake,033,64148,310,274,0,274,2
2020-08-18,Lassen,035,31185,711,693,2,695,0
2020-08-18,Los Angeles,037,10098052,231769,224218,928,225146,5339
2020-08-18,Madera,039,155013,3668,3125,21,3146,28
2020-08-18,Marin,041,260295,5938,5708,13,5721,47
2020-08-18,Mariposa,043,17540,71,61,0,61,2
2020-08-18,Mendocino,045,87422,552,468,0,468,8
2020-08-18,Merced,047,269075,7492,6940,4,6944,66
2020-08-18,Modoc,049,8938,7,5,0,5,0
2020-08-18,Mono,051,14174,162,129,2,131,1
2020-08-18,Monterey,053,433212,7351,6691,20,6711,44
2020-08-18,Napa,055,140530,1401,1274,5,1279,10
2020-08-18,Nevada,057,99092,422,389,13,402,2
2020-08-18,Orange,059,3164182,48404,43659,1066,44725,809
2020-08-18,Placer,061,380077,2869,2644,5,2649,28
2020-08-18,Plumas,063,18699,39,34,0,34,0
2020-08-18,Riverside,065,2383286,51381,48447,53,48500,917
2020-08-18,Sacramento,067,1510023,16772,14610,15,14625,222
2020-08-18,San Benito,069,59416,973,836,0,836,3
2020-08-18,San Bernardino,071,2135413,46938,42827,263,43090,648
2020-08-18,San Diego,073,3302833,37104,35164,227,35391,633
2020-08-18,San Francisco,075,870044,8940,8016,8,8024,72
2020-08-18,San Joaquin,077,732212,17545,15509,28,15537,290
2020-08-18,San Luis Obispo,079,281455,2825,2535,11,2546,18
2020-08-18,San Mateo,081,765935,7929,7074,8,7082,119
2020-08-18,Santa Barbara,083,443738,7818,7472,67,7539,81
2020-08-18,Santa Clara,085,1922200,16921,14786,34,14820,184
2020-08-18,Santa Cruz,087,273765,1724,1509,14,1523,6
2020-08-18,Shasta,089,179085,589,468,3,471,9
2020-08-18,Sierra,091,2930,6,6,0,6,0
2020-08-18,Siskiyou,093,43540,120,103,1,104,0
2020-08-18,Solano,095,438530,5153,4700,30,4730,31
2020-08-18,Sonoma,097,501317,5255,4506,19,4525,48
2020-08-18,Stanislaus,099,539301,14347,12935,203,13138,149
2020-08-18,Sutter,101,95872,1213,1126,1,1127,8
2020-08-18,Tehama,103,63373,382,333,2,335,1
2020-08-18,Trinity,105,12862,41,8,6,14,0
2020-08-18,Tulare,107,460477,13726,12637,44,12681,212
2020-08-18,Tuolumne,109,53932,175,159,5,164,1
2020-08-18,Ventura,111,848112,10584,9536,61,9597,89
2020-08-18,Yolo,113,214977,2293,2102,4,2106,47
2020-08-18,Yuba,115,75493,759,679,3,682,1
2020-08-17,Alameda,001,1643700,17255,15454,114,15568,221
2020-08-17,Alpine,003,1148,2,2,0,2,0
2020-08-17,Amador,005,37829,262,215,0,215,9
2020-08-17,Butte,007,227075,1627,1463,36,1499,15
2020-08-17,Calaveras,009,45235,206,167,0,167,1
2020-08-17,Colusa,011,21464,431,408,0,408,5
2020-08-17,Contra Costa,013,1133247,13276,11442,41,11483,141
2020-08-17,Del Norte,015,27424,107,77,0,77,0
2020-08-17,El Dorado,017,186661,960,846,6,852,2
2020-08-17,Fresno,019,978130,25835,21316,258,21574,211
2020-08-17,Glenn,021,27897,424,402,0,402,2
2020-08-17,Humboldt,023,135768,349,302,1,303,4
2020-08-17,Imperial,025,180216,10982,8897,7,8904,188
2020-08-17,Inyo,027,18085,156,124,3,127,1
2020-08-17,Kern,029,883053,28612,26773,176,26949,249
2020-08-17,Kings,031,150075,5758,5249,25,5274,58
2020-08-17,Lake,033,64148,305,270,0,270,2
2020-08-17,Lassen,035,31185,711,666,2,668,0
2020-08-17,Los Angeles,037,10098052,230250,223418,884,224302,5282
2020-08-17,Madera,039,155013,3625,3050,20,3070,26
2020-08-17,Marin,041,260295,5915,5683,12,5695,46
2020-08-17,Mariposa,043,17540,71,61,0,61,2
2020-08-17,Mendocino,045,87422,534,454,0,454,8
2020-08-17,Merced,047,269075,7397,6814,4,6818,66
2020-08-17,Modoc,049,8938,7,5,0,5,0
2020-08-17,Mono,051,14174,162,126,2,128,1
2020-08-17,Monterey,053,433212,7251,6553,20,6573,44
2020-08-17,Napa,055,140530,1380,1255,5,1260,10
2020-08-17,Nevada,057,99092,417,383,13,396,2
2020-08-17,Orange,059,3164182,48194,43621,1053,44674,804
2020-08-17,Placer,061,380077,2844,2609,5,2614,28
2020-08-17,Plumas,063,18699,39,33,0,33,0
2020-08-17,Riverside,065,2383286,51048,48062,51,48113,916
2020-08-17,Sacramento,067,1510023,16552,14333,15,14348,219
2020-08-17,San Benito,069,59416,958,822,0,822,2
2020-08-17,San Bernardino,071,2135413,46594,42005,254,42259,604
2020-08-17,San Diego,073,3302833,36838,34962,213,35175,626
2020-08-17,San Francisco,075,870044,8869,7600,8,7608,72
2020-08-17,San Joaquin,077,732212,17383,15323,27,15350,280
2020-08-17,San Luis Obispo,079,281455,2792,2527,11,2538,18
2020-08-17,San Mateo,081,765935,7872,6987,7,6994,118
2020-08-17,Santa Barbara,083,443738,7776,7438,67,7505,80
2020-08-17,Santa Clara,085,1922200,16696,14546,34,14580,183
2020-08-17,Santa Cruz,087,273765,1708,1453,13,1466,6
2020-08-17,Shasta,089,179085,583,467,3,470,9
2020-08-17,Sierra,091,2930,6,6,0,6,0
2020-08-17,Siskiyou,093,43540,119,103,0,103,0
2020-08-17,Solano,095,438530,5096,4479,30,4509,31
2020-08-17,Sonoma,097,501317,5167,4402,17,4419,48
2020-08-17,Stanislaus,099,539301,14222,12745,196,12941,148
2020-08-17,Sutter,101,95872,1197,1071,1,1072,8
2020-08-17,Tehama,103,63373,372,324,2,326,1
2020-08-17,Trinity,105,12862,41,8,6,14,0
2020-08-17,Tulare,107,460477,13614,12487,43,12530,210
2020-08-17,Tuolumne,109,53932,172,157,5,162,1
2020-08-17,Ventura,111,848112,10461,9490,56,9546,89
2020-08-17,Yolo,113,214977,2266,2083,4,2087,47
2020-08-17,Yuba,115,75493,744,647,3,650,1
2020-08-16,Alameda,001,1643700,16964,15338,114,15452,221
2020-08-16,Alpine,003,1148,2,2,0,2,0
2020-08-16,Amador,005,37829,259,215,0,215,9
2020-08-16,Butte,007,227075,1589,1432,36,1468,15
2020-08-16,Calaveras,009,45235,199,167,0,167,1
2020-08-16,Colusa,011,21464,429,407,0,407,5
2020-08-16,Contra Costa,013,1133247,13090,11255,41,11296,140
2020-08-16,Del Norte,015,27424,103,77,0,77,0
2020-08-16,El Dorado,017,186661,948,843,6,849,2
2020-08-16,Fresno,019,978130,25614,21010,253,21263,211
2020-08-16,Glenn,021,27897,422,400,0,400,2
2020-08-16,Humboldt,023,135768,347,301,1,302,4
2020-08-16,Imperial,025,180216,10938,8883,7,8890,188
2020-08-16,Inyo,027,18085,149,125,2,127,1
2020-08-16,Kern,029,883053,28413,26520,168,26688,249
2020-08-16,Kings,031,150075,5727,5146,25,5171,58
2020-08-16,Lake,033,64148,301,269,0,269,2
2020-08-16,Lassen,035,31185,711,666,2,668,0
2020-08-16,Los Angeles,037,10098052,228678,222236,854,223090,5263
2020-08-16,Madera,039,155013,3580,3013,20,3033,26
2020-08-16,Marin,041,260295,5889,5664,12,5676,46
2020-08-16,Mariposa,043,17540,71,61,0,61,2
2020-08-16,Mendocino,045,87422,526,451,0,451,8
2020-08-16,Merced,047,269075,7315,6744,4,6748,66
2020-08-16,Modoc,049,8938,7,5,0,5,0
2020-08-16,Mono,051,14174,162,126,2,128,1
2020-08-16,Monterey,053,433212,7153,6516,19,6535,44
2020-08-16,Napa,055,140530,1362,1241,3,1244,10
2020-08-16,Nevada,057,99092,408,379,13,392,2
2020-08-16,Orange,059,3164182,47944,43303,1042,44345,803
2020-08-16,Placer,061,380077,2815,2583,4,2587,28
2020-08-16,Plumas,063,18699,39,33,0,33,0
2020-08-16,Riverside,065,2383286,50717,47669,50,47719,910
2020-08-16,Sacramento,067,1510023,16312,14210,15,14225,219
2020-08-16,San Benito,069,59416,929,815,0,815,2
2020-08-16,San Bernardino,071,2135413,46171,41724,246,41970,603
2020-08-16,San Diego,073,3302833,36574,34680,198,34878,626
2020-08-16,San Francisco,075,870044,8782,7602,8,7610,72
2020-08-16,San Joaquin,077,732212,17182,15288,27,15315,280
2020-08-16,San Luis Obispo,079,281455,2763,2494,11,2505,17
2020-08-16,San Mateo,081,765935,7798,6942,7,6949,118
2020-08-16,Santa Barbara,083,443738,7727,7368,67,7435,79
2020-08-16,Santa Clara,085,1922200,16496,14329,34,14363,183
2020-08-16,Santa Cruz,087,273765,1681,1449,12,1461,6
2020-08-16,Shasta,089,179085,576,465,3,468,9
2020-08-16,Sierra,091,2930,6,6,0,6,0
2020-08-16,Siskiyou,093,43540,118,102,0,102,0
2020-08-16,Solano,095,438530,5036,4479,30,4509,31
2020-08-16,Sonoma,097,501317,5063,4329,17,4346,46
2020-08-16,Stanislaus,099,539301,14064,12668,186,12854,148
2020-08-16,Sutter,101,95872,1179,1071,1,1072,8
2020-08-16,Tehama,103,63373,363,318,2,320,1
2020-08-16,Trinity,105,12862,38,8,6,14,0
2020-08-16,Tulare,107,460477,13482,12334,40,12374,211
2020-08-16,Tuolumne,109,53932,172,156,5,161,1
2020-08-16,Ventura,111,848112,10352,9408,51,9459,89
2020-08-16,Yolo,113,214977,2247,2057,4,2061,47
2020-08-16,Yuba,115,75493,735,647,2,649,1
2020-08-15,Alameda,001,1643700,16887,15165,114,15279,221
2020-08-15,Alpine,003,1148,2,2,0,2,0
2020-08-15,Amador,005,37829,259,210,0,210,9
2020-08-15,Butte,007,227075,1567,1409,36,1445,15
2020-08-15,Calaveras,009,45235,197,167,0,167,1
2020-08-15,Colusa,011,21464,428,401,0,401,5
2020-08-15,Contra Costa,013,1133247,12994,11106,41,11147,138
2020-08-15,Del Norte,015,27424,103,77,0,77,0
2020-08-15,El Dorado,017,186661,943,838,6,844,2
2020-08-15,Fresno,019,978130,25498,20603,251,20854,211
2020-08-15,Glenn,021,27897,422,398,0,398,2
2020-08-15,Humboldt,023,135768,346,301,1,302,4
2020-08-15,Imperial,025,180216,10918,8794,7,8801,188
2020-08-15,Inyo,027,18085,149,123,2,125,1
2020-08-15,Kern,029,883053,28325,26338,168,26506,249
2020-08-15,Kings,031,150075,5709,5039,25,5064,56
2020-08-15,Lake,033,64148,299,268,0,268,2
2020-08-15,Lassen,035,31185,711,666,2,668,0
2020-08-15,Los Angeles,037,10098052,227926,221043,844,221887,5252
2020-08-15,Madera,039,155013,3530,2950,20,2970,26
2020-08-15,Marin,041,260295,5882,5628,12,5640,46
2020-08-15,Mariposa,043,17540,71,61,0,61,2
2020-08-15,Mendocino,045,87422,522,444,0,444,8
2020-08-15,Merced,047,269075,7281,6656,4,6660,66
2020-08-15,Modoc,049,8938,7,5,0,5,0
2020-08-15,Mono,051,14174,162,126,2,128,1
2020-08-15,Monterey,053,433212,7108,6162,19,6181,44
2020-08-15,Napa,055,140530,1352,1232,3,1235,10
2020-08-15,Nevada,057,99092,408,376,13,389,2
2020-08-15,Orange,059,3164182,47831,42811,1031,43842,801
2020-08-15,Placer,061,380077,2794,2551,4,2555,27
2020-08-15,Plumas,063,18699,39,33,0,33,0
2020-08-15,Riverside,065,2383286,50566,46720,50,46770,910
2020-08-15,Sacramento,067,1510023,16202,14018,15,14033,219
2020-08-15,San Benito,069,59416,916,805,0,805,2
2020-08-15,San Bernardino,071,2135413,46019,41231,244,41475,602
2020-08-15,San Diego,073,3302833,36408,34346,184,34530,639
2020-08-15,San Francisco,075,870044,8720,7601,8,7609,69
2020-08-15,San Joaquin,077,732212,17108,15113,27,15140,280
2020-08-15,San Luis Obispo,079,281455,2746,2461,11,2472,17
2020-08-15,San Mateo,081,765935,7761,6860,7,6867,118
2020-08-15,Santa Barbara,083,443738,7699,7338,67,7405,79
2020-08-15,Santa Clara,085,1922200,16400,14105,34,14139,183
2020-08-15,Santa Cruz,087,273765,1660,1449,12,1461,6
2020-08-15,Shasta,089,179085,573,458,3,461,9
2020-08-15,Sierra,091,2930,6,6,0,6,0
2020-08-15,Siskiyou,093,43540,117,100,0,100,0
2020-08-15,Solano,095,438530,5014,4477,30,4507,31
2020-08-15,Sonoma,097,501317,5008,4134,17,4151,45
2020-08-15,Stanislaus,099,539301,14000,12541,185,12726,149
2020-08-15,Sutter,101,95872,1168,1046,1,1047,8
2020-08-15,Tehama,103,63373,362,312,2,314,1
2020-08-15,Trinity,105,12862,36,6,6,12,0
2020-08-15,Tulare,107,460477,13443,12262,40,12302,211
2020-08-15,Tuolumne,109,53932,172,155,5,160,1
2020-08-15,Ventura,111,848112,10293,9379,49,9428,89
2020-08-15,Yolo,113,214977,2235,2031,4,2035,46
2020-08-15,Yuba,115,75493,731,623,2,625,1
2020-08-14,Alameda,001,1643700,16747,14909,114,15023,221
2020-08-14,Alpine,003,1148,2,2,0,2,0
2020-08-14,Amador,005,37829,259,209,0,209,9
2020-08-14,Butte,007,227075,1559,1384,36,1420,15
2020-08-14,Calaveras,009,45235,193,165,0,165,1
2020-08-14,Colusa,011,21464,426,399,0,399,5
2020-08-14,Contra Costa,013,1133247,12882,10893,41,10934,137
2020-08-14,Del Norte,015,27424,103,76,0,76,0
2020-08-14,El Dorado,017,186661,935,827,6,833,2
2020-08-14,Fresno,019,978130,25364,19900,251,20151,208
2020-08-14,Glenn,021,27897,420,395,0,395,2
2020-08-14,Humboldt,023,135768,340,294,1,295,4
2020-08-14,Imperial,025,180216,10894,8756,7,8763,185
2020-08-14,Inyo,027,18085,148,115,2,117,1
2020-08-14,Kern,029,883053,28221,25893,167,26060,249
2020-08-14,Kings,031,150075,5695,4953,25,4978,56
2020-08-14,Lake,033,64148,290,267,0,267,2
2020-08-14,Lassen,035,31185,711,665,2,667,0
2020-08-14,Los Angeles,037,10098052,226752,219083,828,219911,5222
2020-08-14,Madera,039,155013,3500,2876,20,2896,26
2020-08-14,Marin,041,260295,5871,5601,12,5613,46
2020-08-14,Mariposa,043,17540,70,61,0,61,2
2020-08-14,Mendocino,045,87422,513,432,0,432,8
2020-08-14,Merced,047,269075,7251,6466,4,6470,67
2020-08-14,Modoc,049,8938,7,5,0,5,0
2020-08-14,Mono,051,14174,162,126,2,128,1
2020-08-14,Monterey,053,433212,7057,6121,19,6140,41
2020-08-14,Napa,055,140530,1342,1230,3,1233,10
2020-08-14,Nevada,057,99092,404,377,13,390,2
2020-08-14,Orange,059,3164182,47681,42399,1019,43418,798
2020-08-14,Placer,061,380077,2775,2546,4,2550,26
2020-08-14,Plumas,063,18699,38,33,0,33,0
2020-08-14,Riverside,065,2383286,50336,46456,50,46506,891
2020-08-14,Sacramento,067,1510023,16053,13645,15,13660,212
2020-08-14,San Benito,069,59416,899,783,0,783,2
2020-08-14,San Bernardino,071,2135413,45832,40442,241,40683,594
2020-08-14,San Diego,073,3302833,36214,34067,177,34244,622
2020-08-14,San Francisco,075,870044,8662,7467,8,7475,69
2020-08-14,San Joaquin,077,732212,17009,14925,27,14952,276
2020-08-14,San Luis Obispo,079,281455,2731,2422,11,2433,17
2020-08-14,San Mateo,081,765935,7702,6655,7,6662,118
2020-08-14,Santa Barbara,083,443738,7649,7302,67,7369,77
2020-08-14,Santa Clara,085,1922200,16230,13785,33,13818,183
2020-08-14,Santa Cruz,087,273765,1638,1418,11,1429,6
2020-08-14,Shasta,089,179085,568,446,3,449,9
2020-08-14,Sierra,091,2930,6,5,0,5,0
2020-08-14,Siskiyou,093,43540,117,98,0,98,0
2020-08-14,Solano,095,438530,4993,4421,30,4451,31
2020-08-14,Sonoma,097,501317,4949,4087,14,4101,45
2020-08-14,Stanislaus,099,539301,13922,12379,181,12560,140
2020-08-14,Sutter,101,95872,1160,1039,1,1040,8
2020-08-14,Tehama,103,63373,357,305,2,307,1
2020-08-14,Trinity,105,12862,36,6,6,12,0
2020-08-14,Tulare,107,460477,13366,12009,40,12049,211
2020-08-14,Tuolumne,109,53932,171,155,5,160,1
2020-08-14,Ventura,111,848112,10218,9313,49,9362,89
2020-08-14,Yolo,113,214977,2221,1991,4,1995,45
2020-08-14,Yuba,115,75493,715,606,2,608,1
2020-08-13,Alameda,001,1643700,16466,14385,114,14499,218
2020-08-13,Alpine,003,1148,2,2,0,2,0
2020-08-13,Amador,005,37829,259,198,0,198,8
2020-08-13,Butte,007,227075,1534,1345,36,1381,15
2020-08-13,Calaveras,009,45235,191,162,0,162,1
2020-08-13,Colusa,011,21464,426,395,0,395,5
2020-08-13,Contra Costa,013,1133247,12728,10545,40,10585,136
2020-08-13,Del Norte,015,27424,102,74,0,74,0
2020-08-13,El Dorado,017,186661,930,803,6,809,2
2020-08-13,Fresno,019,978130,25137,19157,245,19402,201
2020-08-13,Glenn,021,27897,416,392,0,392,1
2020-08-13,Humboldt,023,135768,332,281,1,282,4
2020-08-13,Imperial,025,180216,10863,8640,7,8647,170
2020-08-13,Inyo,027,18085,144,97,2,99,1
2020-08-13,Kern,029,883053,28054,25472,164,25636,242
2020-08-13,Kings,031,150075,5660,4824,25,4849,52
2020-08-13,Lake,033,64148,285,263,0,263,2
2020-08-13,Lassen,035,31185,711,652,2,654,0
2020-08-13,Los Angeles,037,10098052,225372,216497,806,217303,5179
2020-08-13,Madera,039,155013,3456,2675,19,2694,25
2020-08-13,Marin,041,260295,5855,5503,12,5515,44
2020-08-13,Mariposa,043,17540,69,61,0,61,2
2020-08-13,Mendocino,045,87422,508,401,0,401,8
2020-08-13,Merced,047,269075,7134,5945,4,5949,63
2020-08-13,Modoc,049,8938,7,5,0,5,0
2020-08-13,Mono,051,14174,162,124,2,126,1
2020-08-13,Monterey,053,433212,6974,5925,19,5944,38
2020-08-13,Napa,055,140530,1333,1179,3,1182,10
2020-08-13,Nevada,057,99092,400,362,13,375,1
2020-08-13,Orange,059,3164182,47442,42019,1008,43027,773
2020-08-13,Placer,061,380077,2752,2460,4,2464,26
2020-08-13,Plumas,063,18699,38,32,0,32,0
2020-08-13,Riverside,065,2383286,50040,45327,50,45377,885
2020-08-13,Sacramento,067,1510023,15849,13237,15,13252,197
2020-08-13,San Benito,069,59416,870,757,0,757,2
2020-08-13,San Bernardino,071,2135413,45436,39395,234,39629,591
2020-08-13,San Diego,073,3302833,35978,33661,159,33820,627
2020-08-13,San Francisco,075,870044,8568,7277,8,7285,69
2020-08-13,San Joaquin,077,732212,16853,14537,26,14563,261
2020-08-13,San Luis Obispo,079,281455,2709,2283,11,2294,16
2020-08-13,San Mateo,081,765935,7640,6503,7,6510,117
2020-08-13,Santa Barbara,083,443738,7604,7129,66,7195,74
2020-08-13,Santa Clara,085,1922200,16008,13257,33,13290,182
2020-08-13,Santa Cruz,087,273765,1613,1383,11,1394,6
2020-08-13,Shasta,089,179085,563,428,3,431,9
2020-08-13,Sierra,091,2930,6,5,0,5,0
2020-08-13,Siskiyou,093,43540,117,95,0,95,0
2020-08-13,Solano,095,438530,4956,4305,30,4335,31
2020-08-13,Sonoma,097,501317,4875,3902,14,3916,45
2020-08-13,Stanislaus,099,539301,13793,11953,165,12118,136
2020-08-13,Sutter,101,95872,1138,992,1,993,8
2020-08-13,Tehama,103,63373,348,302,2,304,1
2020-08-13,Trinity,105,12862,35,6,6,12,0
2020-08-13,Tulare,107,460477,13222,11692,37,11729,210
2020-08-13,Tuolumne,109,53932,170,152,5,157,1
2020-08-13,Ventura,111,848112,10129,9114,49,9163,90
2020-08-13,Yolo,113,214977,2194,1938,4,1942,44
2020-08-13,Yuba,115,75493,699,568,2,570,1
2020-08-12,Alameda,001,1643700,16254,14214,114,14328,215
2020-08-12,Alpine,003,1148,2,2,0,2,0
2020-08-12,Amador,005,37829,256,197,0,197,8
2020-08-12,Butte,007,227075,1506,1317,36,1353,15
2020-08-12,Calaveras,009,45235,188,157,0,157,1
2020-08-12,Colusa,011,21464,421,394,0,394,5
2020-08-12,Contra Costa,013,1133247,12583,10304,39,10343,134
2020-08-12,Del Norte,015,27424,101,74,0,74,0
2020-08-12,El Dorado,017,186661,912,794,6,800,2
2020-08-12,Fresno,019,978130,24906,18690,239,18929,194
2020-08-12,Glenn,021,27897,413,388,0,388,1
2020-08-12,Humboldt,023,135768,325,281,1,282,4
2020-08-12,Imperial,025,180216,10840,8566,7,8573,167
2020-08-12,Inyo,027,18085,127,97,2,99,1
2020-08-12,Kern,029,883053,27862,25191,162,25353,232
2020-08-12,Kings,031,150075,5621,4736,25,4761,50
2020-08-12,Lake,033,64148,283,253,0,253,2
2020-08-12,Lassen,035,31185,710,651,2,653,0
2020-08-12,Los Angeles,037,10098052,223973,214542,791,215333,5119
2020-08-12,Madera,039,155013,3422,2681,17,2698,23
2020-08-12,Marin,041,260295,5833,5423,12,5435,44
2020-08-12,Mariposa,043,17540,69,61,0,61,2
2020-08-12,Mendocino,045,87422,489,386,0,386,9
2020-08-12,Merced,047,269075,7072,5777,4,5781,66
2020-08-12,Modoc,049,8938,7,5,0,5,0
2020-08-12,Mono,051,14174,161,124,2,126,1
2020-08-12,Monterey,053,433212,6870,5919,19,5938,38
2020-08-12,Napa,055,140530,1323,1161,3,1164,10
2020-08-12,Nevada,057,99092,395,357,13,370,1
2020-08-12,Orange,059,3164182,47191,41576,984,42560,754
2020-08-12,Placer,061,380077,2720,2417,4,2421,25
2020-08-12,Plumas,063,18699,38,31,0,31,0
2020-08-12,Riverside,065,2383286,49692,44747,50,44797,867
2020-08-12,Sacramento,067,1510023,15637,12528,15,12543,189
2020-08-12,San Benito,069,59416,857,751,0,751,2
2020-08-12,San Bernardino,071,2135413,45092,38811,225,39036,589
2020-08-12,San Diego,073,3302833,35769,33395,139,33534,608
2020-08-12,San Francisco,075,870044,8485,7194,8,7202,66
2020-08-12,San Joaquin,077,732212,16705,14154,26,14180,253
2020-08-12,San Luis Obispo,079,281455,2684,2263,11,2274,15
2020-08-12,San Mateo,081,765935,7561,6427,7,6434,117
2020-08-12,Santa Barbara,083,443738,7544,7049,64,7113,74
2020-08-12,Santa Clara,085,1922200,15833,13002,33,13035,182
2020-08-12,Santa Cruz,087,273765,1584,1382,10,1392,6
2020-08-12,Shasta,089,179085,559,417,3,420,9
2020-08-12,Sierra,091,2930,5,4,0,4,0
2020-08-12,Siskiyou,093,43540,116,90,0,90,0
2020-08-12,Solano,095,438530,4911,4258,30,4288,31
2020-08-12,Sonoma,097,501317,4801,3847,14,3861,47
2020-08-12,Stanislaus,099,539301,13653,11682,158,11840,136
2020-08-12,Sutter,101,95872,1114,987,1,988,7
2020-08-12,Tehama,103,63373,338,289,2,291,1
2020-08-12,Trinity,105,12862,34,6,6,12,0
2020-08-12,Tulare,107,460477,13094,11460,37,11497,211
2020-08-12,Tuolumne,109,53932,169,150,5,155,1
2020-08-12,Ventura,111,848112,10042,9005,49,9054,87
2020-08-12,Yolo,113,214977,2170,1921,4,1925,44
2020-08-12,Yuba,115,75493,677,549,1,550,1
2020-08-11,Alameda,001,1643700,15993,13960,111,14071,204
2020-08-11,Alpine,003,1148,2,2,0,2,0
2020-08-11,Amador,005,37829,250,187,0,187,3
2020-08-11,Butte,007,227075,1478,1296,36,1332,15
2020-08-11,Calaveras,009,45235,186,161,0,161,1
2020-08-11,Colusa,011,21464,416,390,0,390,5
2020-08-11,Contra Costa,013,1133247,12395,10012,37,10049,131
2020-08-11,Del Norte,015,27424,100,73,0,73,0
2020-08-11,El Dorado,017,186661,905,786,5,791,2
2020-08-11,Fresno,019,978130,24584,18344,236,18580,187
2020-08-11,Glenn,021,27897,411,380,0,380,1
2020-08-11,Humboldt,023,135768,320,283,1,284,4
2020-08-11,Imperial,025,180216,10785,8518,7,8525,165
2020-08-11,Inyo,027,18085,122,97,2,99,1
2020-08-11,Kern,029,883053,27527,25042,160,25202,230
2020-08-11,Kings,031,150075,5430,4696,25,4721,50
2020-08-11,Lake,033,64148,280,243,0,243,2
2020-08-11,Lassen,035,31185,704,605,2,607,0
2020-08-11,Los Angeles,037,10098052,222473,212421,767,213188,5065
2020-08-11,Madera,039,155013,3368,2673,17,2690,22
2020-08-11,Marin,041,260295,5806,5287,11,5298,44
2020-08-11,Mariposa,043,17540,68,60,0,60,2
2020-08-11,Mendocino,045,87422,479,385,0,385,9
2020-08-11,Merced,047,269075,6977,5322,3,5325,65
2020-08-11,Modoc,049,8938,7,5,0,5,0
2020-08-11,Mono,051,14174,161,124,2,126,1
2020-08-11,Monterey,053,433212,6761,5624,19,5643,36
2020-08-11,Napa,055,140530,1312,1143,2,1145,11
2020-08-11,Nevada,057,99092,392,358,13,371,1
2020-08-11,Orange,059,3164182,46969,41205,963,42168,742
2020-08-11,Placer,061,380077,2688,2393,4,2397,24
2020-08-11,Plumas,063,18699,38,31,0,31,0
2020-08-11,Riverside,065,2383286,49335,44237,50,44287,836
2020-08-11,Sacramento,067,1510023,15346,12298,15,12313,182
2020-08-11,San Benito,069,59416,845,750,0,750,2
2020-08-11,San Bernardino,071,2135413,44752,38467,218,38685,584
2020-08-11,San Diego,073,3302833,35502,33159,120,33279,602
2020-08-11,San Francisco,075,870044,8389,6988,8,6996,66
2020-08-11,San Joaquin,077,732212,16527,13997,21,14018,251
2020-08-11,San Luis Obispo,079,281455,2627,2234,11,2245,15
2020-08-11,San Mateo,081,765935,7487,6339,7,6346,117
2020-08-11,Santa Barbara,083,443738,7495,6942,64,7006,70
2020-08-11,Santa Clara,085,1922200,15612,12920,33,12953,183
2020-08-11,Santa Cruz,087,273765,1561,1352,10,1362,4
2020-08-11,Shasta,089,179085,555,416,3,419,9
2020-08-11,Sierra,091,2930,5,4,0,4,0
2020-08-11,Siskiyou,093,43540,116,90,0,90,0
2020-08-11,Solano,095,438530,4863,4206,29,4235,31
2020-08-11,Sonoma,097,501317,4706,3752,14,3766,45
2020-08-11,Stanislaus,099,539301,13549,11592,146,11738,128
2020-08-11,Sutter,101,95872,1092,964,1,965,7
2020-08-11,Tehama,103,63373,334,289,2,291,1
2020-08-11,Trinity,105,12862,34,5,6,11,0
2020-08-11,Tulare,107,460477,12969,11392,36,11428,201
2020-08-11,Tuolumne,109,53932,165,146,5,151,1
2020-08-11,Ventura,111,848112,9974,8953,48,9001,88
2020-08-11,Yolo,113,214977,2148,1912,4,1916,44
2020-08-11,Yuba,115,75493,666,540,1,541,1
2020-08-10,Alameda,001,1643700,15753,13420,109,13529,203
2020-08-10,Alpine,003,1148,2,2,0,2,0
2020-08-10,Amador,005,37829,249,172,0,172,2
2020-08-10,Butte,007,227075,1454,1174,34,1208,15
2020-08-10,Calaveras,009,45235,175,121,0,121,1
2020-08-10,Colusa,011,21464,414,387,0,387,4
2020-08-10,Contra Costa,013,1133247,12242,9454,35,9489,130
2020-08-10,Del Norte,015,27424,98,69,0,69,0
2020-08-10,El Dorado,017,186661,893,771,5,776,2
2020-08-10,Fresno,019,978130,24303,17978,236,18214,183
2020-08-10,Glenn,021,27897,408,381,0,381,1
2020-08-10,Humboldt,023,135768,314,277,1,278,4
2020-08-10,Imperial,025,180216,10741,8465,7,8472,165
2020-08-10,Inyo,027,18085,122,97,2,99,1
2020-08-10,Kern,029,883053,27301,24499,159,24658,215
2020-08-10,Kings,031,150075,5324,4588,25,4613,50
2020-08-10,Lake,033,64148,273,239,0,239,2
2020-08-10,Lassen,035,31185,704,588,2,590,0
2020-08-10,Los Angeles,037,10098052,220895,211035,749,211784,5003
2020-08-10,Madera,039,155013,3335,2365,17,2382,22
2020-08-10,Marin,041,260295,5761,5242,10,5252,44
2020-08-10,Mariposa,043,17540,68,57,0,57,2
2020-08-10,Mendocino,045,87422,455,364,0,364,1
2020-08-10,Merced,047,269075,6896,4913,3,4916,51
2020-08-10,Modoc,049,8938,7,5,0,5,0
2020-08-10,Mono,051,14174,161,123,2,125,1
2020-08-10,Monterey,053,433212,6651,5358,19,5377,34
2020-08-10,Napa,055,140530,1294,1084,2,1086,8
2020-08-10,Nevada,057,99092,384,356,13,369,1
2020-08-10,Orange,059,3164182,46699,40445,945,41390,721
2020-08-10,Placer,061,380077,2649,2298,4,2302,21
2020-08-10,Plumas,063,18699,38,27,0,27,0
2020-08-10,Riverside,065,2383286,48950,43296,49,43345,830
2020-08-10,Sacramento,067,1510023,15035,12059,15,12074,168
2020-08-10,San Benito,069,59416,832,743,0,743,2
2020-08-10,San Bernardino,071,2135413,44376,37367,209,37576,579
2020-08-10,San Diego,073,3302833,35236,32977,104,33081,594
2020-08-10,San Francisco,075,870044,8299,6816,7,6823,66
2020-08-10,San Joaquin,077,732212,16343,13308,21,13329,240
2020-08-10,San Luis Obispo,079,281455,2528,2208,11,2219,15
2020-08-10,San Mateo,081,765935,7410,6222,7,6229,117
2020-08-10,Santa Barbara,083,443738,7440,6869,64,6933,66
2020-08-10,Santa Clara,085,1922200,15352,12615,32,12647,182
2020-08-10,Santa Cruz,087,273765,1541,1239,9,1248,4
2020-08-10,Shasta,089,179085,551,384,3,387,9
2020-08-10,Sierra,091,2930,5,3,0,3,0
2020-08-10,Siskiyou,093,43540,113,88,0,88,0
2020-08-10,Solano,095,438530,4803,4101,29,4130,31
2020-08-10,Sonoma,097,501317,4537,3640,10,3650,42
2020-08-10,Stanislaus,099,539301,13366,10855,130,10985,106
2020-08-10,Sutter,101,95872,1067,865,1,866,7
2020-08-10,Tehama,103,63373,327,282,2,284,1
2020-08-10,Trinity,105,12862,31,5,6,11,0
2020-08-10,Tulare,107,460477,12796,10750,34,10784,194
2020-08-10,Tuolumne,109,53932,165,143,4,147,1
2020-08-10,Ventura,111,848112,9890,8851,47,8898,85
2020-08-10,Yolo,113,214977,2125,1840,4,1844,45
2020-08-10,Yuba,115,75493,649,527,1,528,1
2020-08-09,Alameda,001,1643700,15471,13241,107,13348,203
2020-08-09,Alpine,003,1148,2,2,0,2,0
2020-08-09,Amador,005,37829,244,153,0,153,2
2020-08-09,Butte,007,227075,1411,1155,34,1189,15
2020-08-09,Calaveras,009,45235,170,122,0,122,1
2020-08-09,Colusa,011,21464,410,371,0,371,4
2020-08-09,Contra Costa,013,1133247,12015,9214,34,9248,130
2020-08-09,Del Norte,015,27424,98,69,0,69,0
2020-08-09,El Dorado,017,186661,885,748,5,753,2
2020-08-09,Fresno,019,978130,23993,17846,232,18078,183
2020-08-09,Glenn,021,27897,406,354,0,354,1
2020-08-09,Humboldt,023,135768,308,279,1,280,4
2020-08-09,Imperial,025,180216,10698,8310,6,8316,165
2020-08-09,Inyo,027,18085,117,86,1,87,1
2020-08-09,Kern,029,883053,27045,23680,159,23839,215
2020-08-09,Kings,031,150075,5281,4446,24,4470,50
2020-08-09,Lake,033,64148,266,225,0,225,2
2020-08-09,Lassen,035,31185,698,589,2,591,0
2020-08-09,Los Angeles,037,10098052,218832,208810,727,209537,4984
2020-08-09,Madera,039,155013,3277,2322,13,2335,22
2020-08-09,Marin,041,260295,5718,5204,10,5214,44
2020-08-09,Mariposa,043,17540,66,56,0,56,2
2020-08-09,Mendocino,045,87422,445,283,0,283,1
2020-08-09,Merced,047,269075,6799,4735,2,4737,51
2020-08-09,Modoc,049,8938,7,4,0,4,0
2020-08-09,Mono,051,14174,160,113,2,115,1
2020-08-09,Monterey,053,433212,6527,5199,19,5218,34
2020-08-09,Napa,055,140530,1275,1062,2,1064,8
2020-08-09,Nevada,057,99092,376,332,13,345,1
2020-08-09,Orange,059,3164182,46400,39244,930,40174,722
2020-08-09,Placer,061,380077,2620,2211,4,2215,20
2020-08-09,Plumas,063,18699,38,27,0,27,0
2020-08-09,Riverside,065,2383286,48604,41894,49,41943,828
2020-08-09,Sacramento,067,1510023,14756,11301,15,11316,167
2020-08-09,San Benito,069,59416,813,687,0,687,2
2020-08-09,San Bernardino,071,2135413,43897,36092,209,36301,579
2020-08-09,San Diego,073,3302833,34945,32749,93,32842,594
2020-08-09,San Francisco,075,870044,8184,6820,7,6827,66
2020-08-09,San Joaquin,077,732212,16138,12933,20,12953,240
2020-08-09,San Luis Obispo,079,281455,2492,2124,11,2135,15
2020-08-09,San Mateo,081,765935,7315,6094,7,6101,117
2020-08-09,Santa Barbara,083,443738,7352,6669,64,6733,66
2020-08-09,Santa Clara,085,1922200,15082,11878,32,11910,181
2020-08-09,Santa Cruz,087,273765,1517,1246,9,1255,4
2020-08-09,Shasta,089,179085,547,361,3,364,9
2020-08-09,Sierra,091,2930,5,3,0,3,0
2020-08-09,Siskiyou,093,43540,112,74,0,74,0
2020-08-09,Solano,095,438530,4750,3954,28,3982,31
2020-08-09,Sonoma,097,501317,4401,3531,8,3539,41
2020-08-09,Stanislaus,099,539301,13158,10264,117,10381,106
2020-08-09,Sutter,101,95872,1033,857,1,858,7
2020-08-09,Tehama,103,63373,319,265,2,267,1
2020-08-09,Trinity,105,12862,31,5,6,11,0
2020-08-09,Tulare,107,460477,12606,10630,31,10661,194
2020-08-09,Tuolumne,109,53932,161,143,4,147,1
2020-08-09,Ventura,111,848112,9742,8633,46,8679,85
2020-08-09,Yolo,113,214977,2094,1765,4,1769,44
2020-08-09,Yuba,115,75493,629,442,1,443,1
2020-08-08,Alameda,001,1643700,15361,13087,107,13194,204
2020-08-08,Alpine,003,1148,2,2,0,2,0
2020-08-08,Amador,005,37829,244,139,0,139,2
2020-08-08,Butte,007,227075,1393,1140,34,1174,15
2020-08-08,Calaveras,009,45235,169,122,0,122,1
2020-08-08,Colusa,011,21464,409,368,0,368,4
2020-08-08,Contra Costa,013,1133247,11906,9104,34,9138,129
2020-08-08,Del Norte,015,27424,97,69,0,69,0
2020-08-08,El Dorado,017,186661,878,734,5,739,2
2020-08-08,Fresno,019,978130,23856,17538,230,17768,183
2020-08-08,Glenn,021,27897,406,344,0,344,1
2020-08-08,Humboldt,023,135768,305,277,1,278,4
2020-08-08,Imperial,025,180216,10683,8213,6,8219,165
2020-08-08,Inyo,027,18085,113,86,1,87,1
2020-08-08,Kern,029,883053,26931,22803,159,22962,215
2020-08-08,Kings,031,150075,5267,4367,24,4391,49
2020-08-08,Lake,033,64148,264,221,0,221,2
2020-08-08,Lassen,035,31185,698,589,2,591,0
2020-08-08,Los Angeles,037,10098052,217948,206971,716,207687,4974
2020-08-08,Madera,039,155013,3246,2275,13,2288,22
2020-08-08,Marin,041,260295,5698,5118,10,5128,44
2020-08-08,Mariposa,043,17540,65,55,0,55,2
2020-08-08,Mendocino,045,87422,443,264,0,264,1
2020-08-08,Merced,047,269075,6759,4570,2,4572,51
2020-08-08,Modoc,049,8938,7,4,0,4,0
2020-08-08,Mono,051,14174,160,113,2,115,1
2020-08-08,Monterey,053,433212,6469,5101,19,5120,33
2020-08-08,Napa,055,140530,1267,1062,2,1064,8
2020-08-08,Nevada,057,99092,374,325,13,338,1
2020-08-08,Orange,059,3164182,46270,38688,921,39609,718
2020-08-08,Placer,061,380077,2604,2153,4,2157,20
2020-08-08,Plumas,063,18699,38,27,0,27,0
2020-08-08,Riverside,065,2383286,48399,41412,49,41461,823
2020-08-08,Sacramento,067,1510023,14626,11144,15,11159,166
2020-08-08,San Benito,069,59416,805,684,0,684,2
2020-08-08,San Bernardino,071,2135413,43703,35691,208,35899,531
2020-08-08,San Diego,073,3302833,34756,32332,84,32416,593
2020-08-08,San Francisco,075,870044,8118,6820,7,6827,66
2020-08-08,San Joaquin,077,732212,16057,12559,19,12578,240
2020-08-08,San Luis Obispo,079,281455,2469,2081,11,2092,15
2020-08-08,San Mateo,081,765935,7257,6021,7,6028,117
2020-08-08,Santa Barbara,083,443738,7314,6598,64,6662,66
2020-08-08,Santa Clara,085,1922200,14930,11615,32,11647,181
2020-08-08,Santa Cruz,087,273765,1503,1247,9,1256,4
2020-08-08,Shasta,089,179085,545,343,3,346,9
2020-08-08,Sierra,091,2930,5,3,0,3,0
2020-08-08,Siskiyou,093,43540,112,73,0,73,0
2020-08-08,Solano,095,438530,4729,3889,27,3916,31
2020-08-08,Sonoma,097,501317,4370,3399,8,3407,41
2020-08-08,Stanislaus,099,539301,13083,9963,112,10075,105
2020-08-08,Sutter,101,95872,1023,830,1,831,7
2020-08-08,Tehama,103,63373,318,251,2,253,1
2020-08-08,Trinity,105,12862,31,5,6,11,0
2020-08-08,Tulare,107,460477,12531,10505,31,10536,192
2020-08-08,Tuolumne,109,53932,161,143,4,147,1
2020-08-08,Ventura,111,848112,9687,8462,45,8507,85
2020-08-08,Yolo,113,214977,2081,1725,4,1729,44
2020-08-08,Yuba,115,75493,620,430,1,431,1
2020-08-07,Alameda,001,1643700,15251,12805,107,12912,204
2020-08-07,Alpine,003,1148,2,2,0,2,0
2020-08-07,Amador,005,37829,242,125,0,125,2
2020-08-07,Butte,007,227075,1375,1092,34,1126,13
2020-08-07,Calaveras,009,45235,169,119,0,119,1
2020-08-07,Colusa,011,21464,408,358,0,358,4
2020-08-07,Contra Costa,013,1133247,11758,8810,34,8844,126
2020-08-07,Del Norte,015,27424,97,69,0,69,0
2020-08-07,El Dorado,017,186661,873,724,5,729,2
2020-08-07,Fresno,019,978130,23696,17290,230,17520,171
2020-08-07,Glenn,021,27897,405,339,0,339,1
2020-08-07,Humboldt,023,135768,301,274,1,275,4
2020-08-07,Imperial,025,180216,10658,8085,6,8091,164
2020-08-07,Inyo,027,18085,112,81,1,82,1
2020-08-07,Kern,029,883053,26805,22143,157,22300,206
2020-08-07,Kings,031,150075,5250,4315,24,4339,48
2020-08-07,Lake,033,64148,262,215,0,215,1
2020-08-07,Lassen,035,31185,697,588,2,590,0
2020-08-07,Los Angeles,037,10098052,216481,204406,705,205111,4924
2020-08-07,Madera,039,155013,3214,2245,13,2258,20
2020-08-07,Marin,041,260295,5669,5094,10,5104,43
2020-08-07,Mariposa,043,17540,65,53,0,53,2
2020-08-07,Mendocino,045,87422,429,262,0,262,1
2020-08-07,Merced,047,269075,6716,4358,2,4360,30
2020-08-07,Modoc,049,8938,7,4,0,4,0
2020-08-07,Mono,051,14174,160,112,2,114,1
2020-08-07,Monterey,053,433212,6394,5041,19,5060,33
2020-08-07,Napa,055,140530,1262,1055,2,1057,8
2020-08-07,Nevada,057,99092,371,324,13,337,1
2020-08-07,Orange,059,3164182,46059,38459,904,39363,701
2020-08-07,Placer,061,380077,2586,2078,4,2082,20
2020-08-07,Plumas,063,18699,38,25,0,25,0
2020-08-07,Riverside,065,2383286,48135,40902,48,40950,810
2020-08-07,Sacramento,067,1510023,14481,10798,15,10813,160
2020-08-07,San Benito,069,59416,799,647,0,647,2
2020-08-07,San Bernardino,071,2135413,43456,35200,207,35407,524
2020-08-07,San Diego,073,3302833,34571,31781,81,31862,586
2020-08-07,San Francisco,075,870044,8040,6765,7,6772,66
2020-08-07,San Joaquin,077,732212,15970,12392,19,12411,223
2020-08-07,San Luis Obispo,079,281455,2438,2050,11,2061,14
2020-08-07,San Mateo,081,765935,7197,5948,7,5955,117
2020-08-07,Santa Barbara,083,443738,7263,6509,64,6573,66
2020-08-07,Santa Clara,085,1922200,14731,11409,32,11441,180
2020-08-07,Santa Cruz,087,273765,1485,1234,9,1243,5
2020-08-07,Shasta,089,179085,540,342,3,345,9
2020-08-07,Sierra,091,2930,5,3,0,3,0
2020-08-07,Siskiyou,093,43540,109,73,0,73,0
2020-08-07,Solano,095,438530,4697,3844,26,3870,31
2020-08-07,Sonoma,097,501317,4304,3329,8,3337,34
2020-08-07,Stanislaus,099,539301,12961,9665,102,9767,98
2020-08-07,Sutter,101,95872,1019,807,1,808,6
2020-08-07,Tehama,103,63373,314,246,2,248,1
2020-08-07,Trinity,105,12862,30,5,6,11,0
2020-08-07,Tulare,107,460477,12454,10292,31,10323,195
2020-08-07,Tuolumne,109,53932,160,136,4,140,1
2020-08-07,Ventura,111,848112,9627,8356,43,8399,84
2020-08-07,Yolo,113,214977,2054,1689,4,1693,37
2020-08-07,Yuba,115,75493,615,413,1,414,1
2020-08-06,Alameda,001,1643700,15029,12474,106,12580,200
2020-08-06,Alpine,003,1148,2,2,0,2,0
2020-08-06,Amador,005,37829,228,125,0,125,0
2020-08-06,Butte,007,227075,1356,1060,34,1094,13
2020-08-06,Calaveras,009,45235,166,117,0,117,1
2020-08-06,Colusa,011,21464,405,358,0,358,3
2020-08-06,Contra Costa,013,1133247,11564,8583,33,8616,124
2020-08-06,Del Norte,015,27424,97,69,0,69,0
2020-08-06,El Dorado,017,186661,862,703,5,708,1
2020-08-06,Fresno,019,978130,23398,17031,223,17254,161
2020-08-06,Glenn,021,27897,400,332,0,332,1
2020-08-06,Humboldt,023,135768,296,266,1,267,4
2020-08-06,Imperial,025,180216,10615,8064,6,8070,163
2020-08-06,Inyo,027,18085,104,83,1,84,1
2020-08-06,Kern,029,883053,26569,21843,156,21999,197
2020-08-06,Kings,031,150075,5188,4264,23,4287,47
2020-08-06,Lake,033,64148,259,209,0,209,1
2020-08-06,Lassen,035,31185,695,588,2,590,0
2020-08-06,Los Angeles,037,10098052,214408,201372,689,202061,4874
2020-08-06,Madera,039,155013,3166,2240,12,2252,19
2020-08-06,Marin,041,260295,5637,5058,10,5068,43
2020-08-06,Mariposa,043,17540,64,52,0,52,2
2020-08-06,Mendocino,045,87422,415,260,0,260,1
2020-08-06,Merced,047,269075,6614,4235,2,4237,30
2020-08-06,Modoc,049,8938,7,4,0,4,0
2020-08-06,Mono,051,14174,159,111,2,113,1
2020-08-06,Monterey,053,433212,6285,5001,18,5019,33
2020-08-06,Napa,055,140530,1248,1032,2,1034,8
2020-08-06,Nevada,057,99092,366,321,13,334,1
2020-08-06,Orange,059,3164182,45766,38399,899,39298,694
2020-08-06,Placer,061,380077,2560,2045,4,2049,20
2020-08-06,Plumas,063,18699,37,25,0,25,0
2020-08-06,Riverside,065,2383286,47740,40269,48,40317,781
2020-08-06,Sacramento,067,1510023,14253,10548,15,10563,153
2020-08-06,San Benito,069,59416,791,626,0,626,2
2020-08-06,San Bernardino,071,2135413,43050,34819,205,35024,516
2020-08-06,San Diego,073,3302833,34304,31129,74,31203,583
2020-08-06,San Francisco,075,870044,7947,6737,6,6743,60
2020-08-06,San Joaquin,077,732212,15811,12269,19,12288,203
2020-08-06,San Luis Obispo,079,281455,2414,2000,10,2010,13
2020-08-06,San Mateo,081,765935,7097,5885,7,5892,117
2020-08-06,Santa Barbara,083,443738,7203,6620,64,6684,65
2020-08-06,Santa Clara,085,1922200,14502,11280,32,11312,178
2020-08-06,Santa Cruz,087,273765,1464,1215,9,1224,4
2020-08-06,Shasta,089,179085,531,343,3,346,9
2020-08-06,Sierra,091,2930,5,3,0,3,0
2020-08-06,Siskiyou,093,43540,109,73,0,73,0
2020-08-06,Solano,095,438530,4653,3784,26,3810,29
2020-08-06,Sonoma,097,501317,4240,3259,8,3267,33
2020-08-06,Stanislaus,099,539301,12811,9566,86,9652,98
2020-08-06,Sutter,101,95872,988,797,1,798,6
2020-08-06,Tehama,103,63373,311,242,2,244,1
2020-08-06,Trinity,105,12862,27,5,6,11,0
2020-08-06,Tulare,107,460477,12294,10169,31,10200,195
2020-08-06,Tuolumne,109,53932,159,136,4,140,1
2020-08-06,Ventura,111,848112,9512,8245,40,8285,80
2020-08-06,Yolo,113,214977,2030,1662,4,1666,36
2020-08-06,Yuba,115,75493,606,407,0,407,1
2020-08-05,Alameda,001,1643700,14813,12140,106,12246,193
2020-08-05,Alpine,003,1148,2,2,0,2,0
2020-08-05,Amador,005,37829,218,123,0,123,0
2020-08-05,Butte,007,227075,1322,1038,33,1071,13
2020-08-05,Calaveras,009,45235,163,116,0,116,1
2020-08-05,Colusa,011,21464,401,354,0,354,3
2020-08-05,Contra Costa,013,1133247,11395,8362,33,8395,122
2020-08-05,Del Norte,015,27424,96,69,0,69,0
2020-08-05,El Dorado,017,186661,854,692,5,697,1
2020-08-05,Fresno,019,978130,23154,16625,218,16843,159
2020-08-05,Glenn,021,27897,397,330,0,330,1
2020-08-05,Humboldt,023,135768,294,249,1,250,4
2020-08-05,Imperial,025,180216,10580,8036,6,8042,163
2020-08-05,Inyo,027,18085,102,62,1,63,1
2020-08-05,Kern,029,883053,26381,21540,151,21691,194
2020-08-05,Kings,031,150075,5143,4192,22,4214,47
2020-08-05,Lake,033,64148,252,209,0,209,1
2020-08-05,Lassen,035,31185,648,557,2,559,0
2020-08-05,Los Angeles,037,10098052,212487,198355,669,199024,4832
2020-08-05,Madera,039,155013,3124,2172,12,2184,19
2020-08-05,Marin,041,260295,5605,5036,10,5046,43
2020-08-05,Mariposa,043,17540,64,52,0,52,2
2020-08-05,Mendocino,045,87422,403,248,0,248,1
2020-08-05,Merced,047,269075,6479,4119,2,4121,30
2020-08-05,Modoc,049,8938,7,3,0,3,0
2020-08-05,Mono,051,14174,159,104,2,106,1
2020-08-05,Monterey,053,433212,6170,4936,18,4954,32
2020-08-05,Napa,055,140530,1236,1020,2,1022,8
2020-08-05,Nevada,057,99092,357,327,13,340,2
2020-08-05,Orange,059,3164182,45457,37907,891,38798,663
2020-08-05,Placer,061,380077,2519,1989,4,1993,18
2020-08-05,Plumas,063,18699,36,25,0,25,0
2020-08-05,Riverside,065,2383286,47348,39454,46,39500,761
2020-08-05,Sacramento,067,1510023,14035,10261,14,10275,151
2020-08-05,San Benito,069,59416,782,613,0,613,2
2020-08-05,San Bernardino,071,2135413,42588,34442,200,34642,504
2020-08-05,San Diego,073,3302833,34080,30866,58,30924,578
2020-08-05,San Francisco,075,870044,7854,6701,6,6707,60
2020-08-05,San Joaquin,077,732212,15650,12148,19,12167,199
2020-08-05,San Luis Obispo,079,281455,2390,1928,10,1938,13
2020-08-05,San Mateo,081,765935,7002,5695,7,5702,116
2020-08-05,Santa Barbara,083,443738,7143,6597,64,6661,63
2020-08-05,Santa Clara,085,1922200,14268,11074,32,11106,176
2020-08-05,Santa Cruz,087,273765,1444,1192,7,1199,4
2020-08-05,Shasta,089,179085,525,338,3,341,9
2020-08-05,Sierra,091,2930,5,3,0,3,0
2020-08-05,Siskiyou,093,43540,105,72,0,72,0
2020-08-05,Solano,095,438530,4602,3750,25,3775,29
2020-08-05,Sonoma,097,501317,4157,3173,8,3181,33
2020-08-05,Stanislaus,099,539301,12652,9408,81,9489,97
2020-08-05,Sutter,101,95872,977,780,1,781,6
2020-08-05,Tehama,103,63373,308,231,2,233,1
2020-08-05,Trinity,105,12862,27,5,6,11,0
2020-08-05,Tulare,107,460477,12152,9924,31,9955,192
2020-08-05,Tuolumne,109,53932,159,137,4,141,0
2020-08-05,Ventura,111,848112,9396,8162,36,8198,75
2020-08-05,Yolo,113,214977,2002,1634,4,1638,36
2020-08-05,Yuba,115,75493,589,400,0,400,1
2020-08-04,Alameda,001,1643700,14596,11983,105,12088,192
2020-08-04,Alpine,003,1148,2,2,0,2,0
2020-08-04,Amador,005,37829,203,123,0,123,0
2020-08-04,Butte,007,227075,1298,1011,33,1044,10
2020-08-04,Calaveras,009,45235,159,116,0,116,1
2020-08-04,Colusa,011,21464,396,354,0,354,3
2020-08-04,Contra Costa,013,1133247,11228,8210,33,8243,122
2020-08-04,Del Norte,015,27424,94,69,0,69,0
2020-08-04,El Dorado,017,186661,844,668,5,673,1
2020-08-04,Fresno,019,978130,22869,16272,211,16483,154
2020-08-04,Glenn,021,27897,396,325,0,325,1
2020-08-04,Humboldt,023,135768,284,241,1,242,4
2020-08-04,Imperial,025,180216,10543,7974,6,7980,163
2020-08-04,Inyo,027,18085,88,59,1,60,1
2020-08-04,Kern,029,883053,26098,21403,151,21554,190
2020-08-04,Kings,031,150075,5078,4163,22,4185,47
2020-08-04,Lake,033,64148,252,206,0,206,1
2020-08-04,Lassen,035,31185,645,556,2,558,0
2020-08-04,Los Angeles,037,10098052,210546,196014,643,196657,4764
2020-08-04,Madera,039,155013,3081,2161,8,2169,19
2020-08-04,Marin,041,260295,5574,5020,9,5029,43
2020-08-04,Mariposa,043,17540,64,51,0,51,2
2020-08-04,Mendocino,045,87422,378,248,0,248,1
2020-08-04,Merced,047,269075,6365,4085,2,4087,30
2020-08-04,Modoc,049,8938,7,3,0,3,0
2020-08-04,Mono,051,14174,158,104,1,105,1
2020-08-04,Monterey,053,433212,6056,4892,18,4910,32
2020-08-04,Napa,055,140530,1223,994,0,994,8
2020-08-04,Nevada,057,99092,356,322,13,335,2
2020-08-04,Orange,059,3164182,45081,37844,885,38729,659
2020-08-04,Placer,061,380077,2482,1964,4,1968,17
2020-08-04,Plumas,063,18699,36,25,0,25,0
2020-08-04,Riverside,065,2383286,46963,38991,45,39036,743
2020-08-04,Sacramento,067,1510023,13816,10205,14,10219,146
2020-08-04,San Benito,069,59416,766,608,0,608,2
2020-08-04,San Bernardino,071,2135413,42038,34215,195,34410,495
2020-08-04,San Diego,073,3302833,33787,30518,46,30564,568
2020-08-04,San Francisco,075,870044,7766,6568,6,6574,60
2020-08-04,San Joaquin,077,732212,15522,12087,16,12103,189
2020-08-04,San Luis Obispo,079,281455,2360,1886,10,1896,13
2020-08-04,San Mateo,081,765935,6896,5690,7,5697,116
2020-08-04,Santa Barbara,083,443738,7083,6591,64,6655,61
2020-08-04,Santa Clara,085,1922200,13966,10986,31,11017,175
2020-08-04,Santa Cruz,087,273765,1425,1202,7,1209,4
2020-08-04,Shasta,089,179085,519,335,3,338,9
2020-08-04,Sierra,091,2930,5,1,0,1,0
2020-08-04,Siskiyou,093,43540,103,71,0,71,0
2020-08-04,Solano,095,438530,4531,3690,25,3715,29
2020-08-04,Sonoma,097,501317,4090,3108,8,3116,33
2020-08-04,Stanislaus,099,539301,12483,9359,74,9433,97
2020-08-04,Sutter,101,95872,963,761,1,762,6
2020-08-04,Tehama,103,63373,301,226,2,228,1
2020-08-04,Trinity,105,12862,27,5,6,11,0
2020-08-04,Tulare,107,460477,11972,9866,31,9897,192
2020-08-04,Tuolumne,109,53932,158,127,4,131,0
2020-08-04,Ventura,111,848112,9282,8134,34,8168,75
2020-08-04,Yolo,113,214977,1976,1626,4,1630,37
2020-08-04,Yuba,115,75493,574,398,0,398,1
2020-08-03,Alameda,001,1643700,14415,11817,102,11919,189
2020-08-03,Alpine,003,1148,2,2,0,2,0
2020-08-03,Amador,005,37829,199,119,0,119,0
2020-08-03,Butte,007,227075,1252,989,31,1020,9
2020-08-03,Calaveras,009,45235,156,117,0,117,1
2020-08-03,Colusa,011,21464,392,336,0,336,2
2020-08-03,Contra Costa,013,1133247,11031,8069,30,8099,120
2020-08-03,Del Norte,015,27424,90,68,0,68,0
2020-08-03,El Dorado,017,186661,833,645,5,650,1
2020-08-03,Fresno,019,978130,22574,15945,205,16150,151
2020-08-03,Glenn,021,27897,389,316,0,316,1
2020-08-03,Humboldt,023,135768,277,234,1,235,4
2020-08-03,Imperial,025,180216,10488,7953,6,7959,161
2020-08-03,Inyo,027,18085,85,57,1,58,1
2020-08-03,Kern,029,883053,25731,21285,144,21429,176
2020-08-03,Kings,031,150075,4966,4107,21,4128,47
2020-08-03,Lake,033,64148,245,201,0,201,1
2020-08-03,Lassen,035,31185,645,555,2,557,0
2020-08-03,Los Angeles,037,10098052,208508,194103,615,194718,4706
2020-08-03,Madera,039,155013,3032,2143,7,2150,18
2020-08-03,Marin,041,260295,5527,5001,9,5010,43
2020-08-03,Mariposa,043,17540,63,52,0,52,2
2020-08-03,Mendocino,045,87422,355,248,0,248,1
2020-08-03,Merced,047,269075,6243,4028,2,4030,29
2020-08-03,Modoc,049,8938,7,2,0,2,0
2020-08-03,Mono,051,14174,158,104,1,105,1
2020-08-03,Monterey,053,433212,5905,4806,15,4821,28
2020-08-03,Napa,055,140530,1209,973,0,973,8
2020-08-03,Nevada,057,99092,352,315,13,328,2
2020-08-03,Orange,059,3164182,44687,37705,875,38580,651
2020-08-03,Placer,061,380077,2426,1947,3,1950,16
2020-08-03,Plumas,063,18699,36,25,0,25,0
2020-08-03,Riverside,065,2383286,46495,38642,45,38687,740
2020-08-03,Sacramento,067,1510023,13621,10143,14,10157,142
2020-08-03,San Benito,069,59416,754,603,0,603,2
2020-08-03,San Bernardino,071,2135413,41513,33979,189,34168,444
2020-08-03,San Diego,073,3302833,33473,30228,36,30264,565
2020-08-03,San Francisco,075,870044,7672,6319,6,6325,60
2020-08-03,San Joaquin,077,732212,15325,12007,15,12022,189
2020-08-03,San Luis Obispo,079,281455,2318,1863,8,1871,14
2020-08-03,San Mateo,081,765935,6815,5661,7,5668,115
2020-08-03,Santa Barbara,083,443738,7039,6580,64,6644,59
2020-08-03,Santa Clara,085,1922200,13689,10747,31,10778,172
2020-08-03,Santa Cruz,087,273765,1405,1154,7,1161,4
2020-08-03,Shasta,089,179085,512,322,3,325,9
2020-08-03,Sierra,091,2930,5,1,0,1,0
2020-08-03,Siskiyou,093,43540,99,67,0,67,0
2020-08-03,Solano,095,438530,4462,3610,24,3634,29
2020-08-03,Sonoma,097,501317,3989,3079,7,3086,33
2020-08-03,Stanislaus,099,539301,12274,9308,66,9374,96
2020-08-03,Sutter,101,95872,939,713,1,714,6
2020-08-03,Tehama,103,63373,293,225,2,227,1
2020-08-03,Trinity,105,12862,27,5,6,11,0
2020-08-03,Tulare,107,460477,11788,9703,31,9734,188
2020-08-03,Tuolumne,109,53932,158,123,4,127,0
2020-08-03,Ventura,111,848112,9191,8084,31,8115,74
2020-08-03,Yolo,113,214977,1941,1598,3,1601,37
2020-08-03,Yuba,115,75493,550,393,0,393,1
2020-08-02,Alameda,001,1643700,14167,11696,90,11786,188
2020-08-02,Alpine,003,1148,2,2,0,2,0
2020-08-02,Amador,005,37829,194,117,0,117,0
2020-08-02,Butte,007,227075,1217,987,30,1017,9
2020-08-02,Calaveras,009,45235,153,116,0,116,1
2020-08-02,Colusa,011,21464,387,335,0,335,2
2020-08-02,Contra Costa,013,1133247,10792,7995,30,8025,118
2020-08-02,Del Norte,015,27424,89,68,0,68,0
2020-08-02,El Dorado,017,186661,823,643,5,648,1
2020-08-02,Fresno,019,978130,22299,15759,199,15958,151
2020-08-02,Glenn,021,27897,388,315,0,315,1
2020-08-02,Humboldt,023,135768,272,232,1,233,4
2020-08-02,Imperial,025,180216,10425,7919,6,7925,157
2020-08-02,Inyo,027,18085,84,45,1,46,1
2020-08-02,Kern,029,883053,25433,21162,142,21304,176
2020-08-02,Kings,031,150075,4904,3964,20,3984,47
2020-08-02,Lake,033,64148,240,201,0,201,1
2020-08-02,Lassen,035,31185,645,555,2,557,0
2020-08-02,Los Angeles,037,10098052,206416,192480,597,193077,4698
2020-08-02,Madera,039,155013,2966,2123,5,2128,18
2020-08-02,Marin,041,260295,5492,4985,9,4994,43
2020-08-02,Mariposa,043,17540,61,52,0,52,2
2020-08-02,Mendocino,045,87422,345,247,0,247,1
2020-08-02,Merced,047,269075,6102,4011,2,4013,29
2020-08-02,Modoc,049,8938,7,2,0,2,0
2020-08-02,Mono,051,14174,151,104,1,105,1
2020-08-02,Monterey,053,433212,5779,4698,15,4713,28
2020-08-02,Napa,055,140530,1195,956,0,956,8
2020-08-02,Nevada,057,99092,349,314,13,327,2
2020-08-02,Orange,059,3164182,44306,37266,864,38130,651
2020-08-02,Placer,061,380077,2387,1920,3,1923,15
2020-08-02,Plumas,063,18699,36,25,0,25,0
2020-08-02,Riverside,065,2383286,46062,38507,44,38551,735
2020-08-02,Sacramento,067,1510023,13342,10099,14,10113,142
2020-08-02,San Benito,069,59416,740,599,0,599,2
2020-08-02,San Bernardino,071,2135413,40911,33643,185,33828,443
2020-08-02,San Diego,073,3302833,33133,29885,27,29912,565
2020-08-02,San Francisco,075,870044,7554,6297,6,6303,60
2020-08-02,San Joaquin,077,732212,15044,11937,13,11950,189
2020-08-02,San Luis Obispo,079,281455,2255,1821,8,1829,14
2020-08-02,San Mateo,081,765935,6700,5618,7,5625,115
2020-08-02,Santa Barbara,083,443738,6949,6532,64,6596,59
2020-08-02,Santa Clara,085,1922200,13469,10577,31,10608,172
2020-08-02,Santa Cruz,087,273765,1385,1162,7,1169,4
2020-08-02,Shasta,089,179085,508,318,3,321,9
2020-08-02,Sierra,091,2930,4,1,0,1,0
2020-08-02,Siskiyou,093,43540,99,65,0,65,0
2020-08-02,Solano,095,438530,4403,3609,24,3633,29
2020-08-02,Sonoma,097,501317,3904,3005,7,3012,33
2020-08-02,Stanislaus,099,539301,12059,9277,61,9338,96
2020-08-02,Sutter,101,95872,904,714,1,715,6
2020-08-02,Tehama,103,63373,287,222,2,224,1
2020-08-02,Trinity,105,12862,27,5,6,11,0
2020-08-02,Tulare,107,460477,11579,9593,31,9624,188
2020-08-02,Tuolumne,109,53932,155,123,4,127,0
2020-08-02,Ventura,111,848112,9044,8014,31,8045,73
2020-08-02,Yolo,113,214977,1916,1588,3,1591,37
2020-08-02,Yuba,115,75493,530,393,0,393,1
2020-08-01,Alameda,001,1643700,14055,11590,90,11680,188
2020-08-01,Alpine,003,1148,2,2,0,2,0
2020-08-01,Amador,005,37829,190,109,0,109,0
2020-08-01,Butte,007,227075,1203,976,30,1006,9
2020-08-01,Calaveras,009,45235,149,116,0,116,1
2020-08-01,Colusa,011,21464,386,327,0,327,2
2020-08-01,Contra Costa,013,1133247,10659,7867,29,7896,116
2020-08-01,Del Norte,015,27424,89,68,0,68,0
2020-08-01,El Dorado,017,186661,820,637,5,642,1
2020-08-01,Fresno,019,978130,22162,15448,199,15647,149
2020-08-01,Glenn,021,27897,387,311,0,311,1
2020-08-01,Humboldt,023,135768,271,232,1,233,4
2020-08-01,Imperial,025,180216,10389,7919,6,7925,156
2020-08-01,Inyo,027,18085,82,45,1,46,1
2020-08-01,Kern,029,883053,25275,20796,138,20934,176
2020-08-01,Kings,031,150075,4878,3948,20,3968,47
2020-08-01,Lake,033,64148,238,194,0,194,1
2020-08-01,Lassen,035,31185,644,555,2,557,0
2020-08-01,Los Angeles,037,10098052,205524,191023,570,191593,4674
2020-08-01,Madera,039,155013,2927,2103,5,2108,18
2020-08-01,Marin,041,260295,5477,4945,9,4954,43
2020-08-01,Mariposa,043,17540,61,50,0,50,2
2020-08-01,Mendocino,045,87422,338,243,0,243,1
2020-08-01,Merced,047,269075,6054,3972,2,3974,29
2020-08-01,Modoc,049,8938,7,2,0,2,0
2020-08-01,Mono,051,14174,150,104,1,105,1
2020-08-01,Monterey,053,433212,5712,4611,14,4625,28
2020-08-01,Napa,055,140530,1186,923,0,923,8
2020-08-01,Nevada,057,99092,345,305,13,318,2
2020-08-01,Orange,059,3164182,44079,36703,858,37561,648
2020-08-01,Placer,061,380077,2353,1891,3,1894,14
2020-08-01,Plumas,063,18699,35,25,0,25,0
2020-08-01,Riverside,065,2383286,45850,38216,42,38258,704
2020-08-01,Sacramento,067,1510023,13191,10044,14,10058,141
2020-08-01,San Benito,069,59416,729,579,0,579,2
2020-08-01,San Bernardino,071,2135413,40675,32947,184,33131,440
2020-08-01,San Diego,073,3302833,32916,29579,19,29598,565
2020-08-01,San Francisco,075,870044,7493,6296,6,6302,60
2020-08-01,San Joaquin,077,732212,14969,11807,12,11819,189
2020-08-01,San Luis Obispo,079,281455,2226,1798,8,1806,13
2020-08-01,San Mateo,081,765935,6646,5520,7,5527,115
2020-08-01,Santa Barbara,083,443738,6909,6465,64,6529,59
2020-08-01,Santa Clara,085,1922200,13318,10281,30,10311,171
2020-08-01,Santa Cruz,087,273765,1369,1164,7,1171,4
2020-08-01,Shasta,089,179085,503,312,3,315,9
2020-08-01,Sierra,091,2930,3,1,0,1,0
2020-08-01,Siskiyou,093,43540,99,64,0,64,0
2020-08-01,Solano,095,438530,4369,3591,23,3614,29
2020-08-01,Sonoma,097,501317,3858,2890,7,2897,29
2020-08-01,Stanislaus,099,539301,11941,9221,54,9275,96
2020-08-01,Sutter,101,95872,900,714,1,715,6
2020-08-01,Tehama,103,63373,284,220,2,222,1
2020-08-01,Trinity,105,12862,27,5,6,11,0
2020-08-01,Tulare,107,460477,11511,9520,31,9551,188
2020-08-01,Tuolumne,109,53932,155,123,4,127,0
2020-08-01,Ventura,111,848112,8998,7819,31,7850,73
2020-08-01,Yolo,113,214977,1906,1557,3,1560,37
2020-08-01,Yuba,115,75493,525,387,0,387,1
2020-07-31,Alameda,001,1643700,13926,11441,90,11531,187
2020-07-31,Alpine,003,1148,2,2,0,2,0
2020-07-31,Amador,005,37829,189,98,0,98,0
2020-07-31,Butte,007,227075,1180,925,30,955,7
2020-07-31,Calaveras,009,45235,149,112,0,112,1
2020-07-31,Colusa,011,21464,376,319,0,319,2
2020-07-31,Contra Costa,013,1133247,10512,7697,28,7725,113
2020-07-31,Del Norte,015,27424,88,68,0,68,0
2020-07-31,El Dorado,017,186661,809,616,5,621,1
2020-07-31,Fresno,019,978130,21942,15083,199,15282,133
2020-07-31,Glenn,021,27897,380,304,0,304,1
2020-07-31,Humboldt,023,135768,264,229,1,230,4
2020-07-31,Imperial,025,180216,10357,7886,5,7891,155
2020-07-31,Inyo,027,18085,72,45,1,46,1
2020-07-31,Kern,029,883053,25034,20061,134,20195,173
2020-07-31,Kings,031,150075,4850,3807,20,3827,45
2020-07-31,Lake,033,64148,237,191,0,191,1
2020-07-31,Lassen,035,31185,639,544,2,546,0
2020-07-31,Los Angeles,037,10098052,203926,188688,557,189245,4628
2020-07-31,Madera,039,155013,2880,2036,5,2041,19
2020-07-31,Marin,041,260295,5433,4885,6,4891,43
2020-07-31,Mariposa,043,17540,61,49,0,49,2
2020-07-31,Mendocino,045,87422,323,232,0,232,1
2020-07-31,Merced,047,269075,5971,3789,2,3791,30
2020-07-31,Modoc,049,8938,6,0,0,0,0
2020-07-31,Mono,051,14174,149,104,1,105,1
2020-07-31,Monterey,053,433212,5620,4493,14,4507,24
2020-07-31,Napa,055,140530,1174,897,0,897,7
2020-07-31,Nevada,057,99092,343,302,13,315,2
2020-07-31,Orange,059,3164182,43780,36196,841,37037,620
2020-07-31,Placer,061,380077,2328,1853,3,1856,14
2020-07-31,Plumas,063,18699,34,25,0,25,0
2020-07-31,Riverside,065,2383286,45460,37612,41,37653,694
2020-07-31,Sacramento,067,1510023,13013,9872,14,9886,132
2020-07-31,San Benito,069,59416,721,567,0,567,2
2020-07-31,San Bernardino,071,2135413,40345,32332,182,32514,434
2020-07-31,San Diego,073,3302833,32682,29050,11,29061,561
2020-07-31,San Francisco,075,870044,7393,6126,6,6132,60
2020-07-31,San Joaquin,077,732212,14829,11561,12,11573,177
2020-07-31,San Luis Obispo,079,281455,2157,1746,8,1754,12
2020-07-31,San Mateo,081,765935,6574,5416,7,5423,115
2020-07-31,Santa Barbara,083,443738,6842,6375,64,6439,58
2020-07-31,Santa Clara,085,1922200,13097,9863,30,9893,171
2020-07-31,Santa Cruz,087,273765,1346,1118,7,1125,4
2020-07-31,Shasta,089,179085,493,305,3,308,9
2020-07-31,Sierra,091,2930,3,1,0,1,0
2020-07-31,Siskiyou,093,43540,97,61,0,61,0
2020-07-31,Solano,095,438530,4322,3510,22,3532,29
2020-07-31,Sonoma,097,501317,3800,2745,7,2752,27
2020-07-31,Stanislaus,099,539301,11835,9061,49,9110,94
2020-07-31,Sutter,101,95872,895,714,1,715,6
2020-07-31,Tehama,103,63373,281,213,2,215,1
2020-07-31,Trinity,105,12862,27,5,6,11,0
2020-07-31,Tulare,107,460477,11390,9365,31,9396,184
2020-07-31,Tuolumne,109,53932,155,120,4,124,0
2020-07-31,Ventura,111,848112,8923,7521,31,7552,71
2020-07-31,Yolo,113,214977,1880,1522,3,1525,38
2020-07-31,Yuba,115,75493,516,369,0,369,1
2020-07-30,Alameda,001,1643700,13721,11303,52,11355,185
2020-07-30,Alpine,003,1148,2,2,0,2,0
2020-07-30,Amador,005,37829,171,97,0,97,0
2020-07-30,Butte,007,227075,1164,915,30,945,7
2020-07-30,Calaveras,009,45235,145,111,0,111,1
2020-07-30,Colusa,011,21464,373,315,0,315,2
2020-07-30,Contra Costa,013,1133247,10328,7615,27,7642,112
2020-07-30,Del Norte,015,27424,88,68,0,68,0
2020-07-30,El Dorado,017,186661,802,608,5,613,1
2020-07-30,Fresno,019,978130,21606,14793,193,14986,133
2020-07-30,Glenn,021,27897,373,297,0,297,1
2020-07-30,Humboldt,023,135768,262,228,1,229,4
2020-07-30,Imperial,025,180216,10298,7849,5,7854,151
2020-07-30,Inyo,027,18085,68,44,1,45,1
2020-07-30,Kern,029,883053,24741,19552,130,19682,171
2020-07-30,Kings,031,150075,4746,3785,20,3805,43
2020-07-30,Lake,033,64148,231,181,0,181,1
2020-07-30,Lassen,035,31185,636,544,2,546,0
2020-07-30,Los Angeles,037,10098052,201897,186177,527,186704,4564
2020-07-30,Madera,039,155013,2810,2007,5,2012,18
2020-07-30,Marin,041,260295,5391,4835,5,4840,39
2020-07-30,Mariposa,043,17540,61,49,0,49,1
2020-07-30,Mendocino,045,87422,316,232,0,232,1
2020-07-30,Merced,047,269075,5807,3695,2,3697,30
2020-07-30,Modoc,049,8938,6,0,0,0,0
2020-07-30,Mono,051,14174,148,104,1,105,1
2020-07-30,Monterey,053,433212,5508,4352,14,4366,24
2020-07-30,Napa,055,140530,1157,874,0,874,7
2020-07-30,Nevada,057,99092,338,292,13,305,2
2020-07-30,Orange,059,3164182,43365,36105,817,36922,607
2020-07-30,Placer,061,380077,2277,1821,3,1824,14
2020-07-30,Plumas,063,18699,33,25,0,25,0
2020-07-30,Riverside,065,2383286,44919,37308,41,37349,685
2020-07-30,Sacramento,067,1510023,12794,9704,14,9718,126
2020-07-30,San Benito,069,59416,708,558,0,558,2
2020-07-30,San Bernardino,071,2135413,39820,32010,182,32192,427
2020-07-30,San Diego,073,3302833,32335,28670,9,28679,558
2020-07-30,San Francisco,075,870044,7292,6107,6,6113,59
2020-07-30,San Joaquin,077,732212,14633,11435,12,11447,161
2020-07-30,San Luis Obispo,079,281455,2121,1703,8,1711,12
2020-07-30,San Mateo,081,765935,6479,5369,7,5376,115
2020-07-30,Santa Barbara,083,443738,6762,6273,64,6337,52
2020-07-30,Santa Clara,085,1922200,12864,9708,29,9737,170
2020-07-30,Santa Cruz,087,273765,1318,1087,7,1094,4
2020-07-30,Shasta,089,179085,489,306,3,309,8
2020-07-30,Sierra,091,2930,3,1,0,1,0
2020-07-30,Siskiyou,093,43540,96,60,0,60,0
2020-07-30,Solano,095,438530,4271,3463,22,3485,29
2020-07-30,Sonoma,097,501317,3729,2684,7,2691,25
2020-07-30,Stanislaus,099,539301,11622,8890,41,8931,94
2020-07-30,Sutter,101,95872,876,698,1,699,6
2020-07-30,Tehama,103,63373,278,208,2,210,1
2020-07-30,Trinity,105,12862,26,4,6,10,0
2020-07-30,Tulare,107,460477,11261,9167,31,9198,177
2020-07-30,Tuolumne,109,53932,154,119,4,123,0
2020-07-30,Ventura,111,848112,8811,7304,29,7333,69
2020-07-30,Yolo,113,214977,1860,1511,3,1514,37
2020-07-30,Yuba,115,75493,503,362,0,362,1
2020-07-29,Alameda,001,1643700,13500,11177,47,11224,180
2020-07-29,Alpine,003,1148,2,2,0,2,0
2020-07-29,Amador,005,37829,163,80,0,80,0
2020-07-29,Butte,007,227075,1138,889,28,917,7
2020-07-29,Calaveras,009,45235,139,107,0,107,1
2020-07-29,Colusa,011,21464,369,302,0,302,2
2020-07-29,Contra Costa,013,1133247,10124,7520,27,7547,108
2020-07-29,Del Norte,015,27424,88,68,0,68,0
2020-07-29,El Dorado,017,186661,792,588,5,593,1
2020-07-29,Fresno,019,978130,21315,14312,193,14505,125
2020-07-29,Glenn,021,27897,366,294,0,294,1
2020-07-29,Humboldt,023,135768,259,221,1,222,4
2020-07-29,Imperial,025,180216,10250,7825,5,7830,147
2020-07-29,Inyo,027,18085,63,44,1,45,1
2020-07-29,Kern,029,883053,24402,19073,127,19200,162
2020-07-29,Kings,031,150075,4698,3755,20,3775,43
2020-07-29,Lake,033,64148,229,179,0,179,1
2020-07-29,Lassen,035,31185,621,513,2,515,0
2020-07-29,Los Angeles,037,10098052,199871,183600,510,184110,4523
2020-07-29,Madera,039,155013,2756,1941,5,1946,18
2020-07-29,Marin,041,260295,5353,4747,5,4752,34
2020-07-29,Mariposa,043,17540,60,47,0,47,1
2020-07-29,Mendocino,045,87422,308,228,0,228,0
2020-07-29,Merced,047,269075,5667,3605,2,3607,25
2020-07-29,Modoc,049,8938,5,0,0,0,0
2020-07-29,Mono,051,14174,145,102,1,103,1
2020-07-29,Monterey,053,433212,5408,4252,14,4266,24
2020-07-29,Napa,055,140530,1129,866,0,866,7
2020-07-29,Nevada,057,99092,334,288,13,301,1
2020-07-29,Orange,059,3164182,42931,35339,806,36145,589
2020-07-29,Placer,061,380077,2245,1798,3,1801,14
2020-07-29,Plumas,063,18699,33,25,0,25,0
2020-07-29,Riverside,065,2383286,44327,36968,41,37009,678
2020-07-29,Sacramento,067,1510023,12548,9538,14,9552,122
2020-07-29,San Benito,069,59416,693,537,0,537,2
2020-07-29,San Bernardino,071,2135413,39331,31168,171,31339,417
2020-07-29,San Diego,073,3302833,32010,28289,8,28297,552
2020-07-29,San Francisco,075,870044,7198,6041,6,6047,56
2020-07-29,San Joaquin,077,732212,14384,11249,9,11258,154
2020-07-29,San Luis Obispo,079,281455,2100,1673,8,1681,11
2020-07-29,San Mateo,081,765935,6391,5305,7,5312,114
2020-07-29,Santa Barbara,083,443738,6695,6215,64,6279,31
2020-07-29,Santa Clara,085,1922200,12658,9567,29,9596,165
2020-07-29,Santa Cruz,087,273765,1294,1051,7,1058,4
2020-07-29,Shasta,089,179085,477,297,3,300,8
2020-07-29,Sierra,091,2930,2,1,0,1,0
2020-07-29,Siskiyou,093,43540,94,58,0,58,0
2020-07-29,Solano,095,438530,4217,3380,22,3402,29
2020-07-29,Sonoma,097,501317,3651,2598,7,2605,26
2020-07-29,Stanislaus,099,539301,11401,8745,35,8780,94
2020-07-29,Sutter,101,95872,848,678,1,679,6
2020-07-29,Tehama,103,63373,274,206,2,208,1
2020-07-29,Trinity,105,12862,26,4,6,10,0
2020-07-29,Tulare,107,460477,11090,9028,31,9059,156
2020-07-29,Tuolumne,109,53932,154,118,4,122,0
2020-07-29,Ventura,111,848112,8706,7161,29,7190,68
2020-07-29,Yolo,113,214977,1834,1488,3,1491,36
2020-07-29,Yuba,115,75493,487,350,0,350,1
2020-07-28,Alameda,001,1643700,13270,10875,46,10921,180
2020-07-28,Alpine,003,1148,2,2,0,2,0
2020-07-28,Amador,005,37829,153,77,0,77,0
2020-07-28,Butte,007,227075,1103,857,28,885,7
2020-07-28,Calaveras,009,45235,138,105,0,105,1
2020-07-28,Colusa,011,21464,363,290,0,290,2
2020-07-28,Contra Costa,013,1133247,9902,7426,27,7453,107
2020-07-28,Del Norte,015,27424,87,68,0,68,0
2020-07-28,El Dorado,017,186661,777,558,5,563,1
2020-07-28,Fresno,019,978130,20979,13933,187,14120,125
2020-07-28,Glenn,021,27897,364,289,0,289,1
2020-07-28,Humboldt,023,135768,258,218,1,219,4
2020-07-28,Imperial,025,180216,10214,7804,5,7809,145
2020-07-28,Inyo,027,18085,61,43,1,44,1
2020-07-28,Kern,029,883053,24039,18834,121,18955,155
2020-07-28,Kings,031,150075,4652,3721,20,3741,41
2020-07-28,Lake,033,64148,225,179,0,179,1
2020-07-28,Lassen,035,31185,615,508,2,510,0
2020-07-28,Los Angeles,037,10098052,197640,179107,488,179595,4435
2020-07-28,Madera,039,155013,2690,1889,5,1894,18
2020-07-28,Marin,041,260295,5284,4698,5,4703,23
2020-07-28,Mariposa,043,17540,58,45,0,45,1
2020-07-28,Mendocino,045,87422,297,222,0,222,0
2020-07-28,Merced,047,269075,5522,3446,2,3448,23
2020-07-28,Modoc,049,8938,4,0,0,0,0
2020-07-28,Mono,051,14174,144,102,1,103,1
2020-07-28,Monterey,053,433212,5288,4047,14,4061,22
2020-07-28,Napa,055,140530,1107,824,0,824,6
2020-07-28,Nevada,057,99092,329,278,13,291,1
2020-07-28,Orange,059,3164182,42473,34832,792,35624,582
2020-07-28,Placer,061,380077,2209,1759,3,1762,14
2020-07-28,Plumas,063,18699,33,22,0,22,0
2020-07-28,Riverside,065,2383286,43726,36458,41,36499,668
2020-07-28,Sacramento,067,1510023,12289,9429,13,9442,117
2020-07-28,San Benito,069,59416,683,503,0,503,2
2020-07-28,San Bernardino,071,2135413,38808,30493,167,30660,412
2020-07-28,San Diego,073,3302833,31660,28007,6,28013,547
2020-07-28,San Francisco,075,870044,7085,5888,6,5894,56
2020-07-28,San Joaquin,077,732212,14102,10958,6,10964,141
2020-07-28,San Luis Obispo,079,281455,2067,1636,8,1644,9
2020-07-28,San Mateo,081,765935,6318,5171,7,5178,114
2020-07-28,Santa Barbara,083,443738,6631,6110,62,6172,31
2020-07-28,Santa Clara,085,1922200,12424,9307,29,9336,165
2020-07-28,Santa Cruz,087,273765,1267,1018,7,1025,4
2020-07-28,Shasta,089,179085,465,275,3,278,8
2020-07-28,Sierra,091,2930,2,1,0,1,0
2020-07-28,Siskiyou,093,43540,90,57,0,57,0
2020-07-28,Solano,095,438530,4170,3292,21,3313,29
2020-07-28,Sonoma,097,501317,3576,2553,7,2560,20
2020-07-28,Stanislaus,099,539301,11179,8492,27,8519,92
2020-07-28,Sutter,101,95872,811,653,0,653,2
2020-07-28,Tehama,103,63373,269,199,2,201,1
2020-07-28,Trinity,105,12862,26,3,6,9,0
2020-07-28,Tulare,107,460477,10903,8787,31,8818,96
2020-07-28,Tuolumne,109,53932,153,116,4,120,0
2020-07-28,Ventura,111,848112,8580,7045,28,7073,68
2020-07-28,Yolo,113,214977,1806,1459,3,1462,36
2020-07-28,Yuba,115,75493,470,333,0,333,1
2020-07-27,Alameda,001,1643700,13042,10645,43,10688,176
2020-07-27,Alpine,003,1148,2,2,0,2,0
2020-07-27,Amador,005,37829,148,72,0,72,0
2020-07-27,Butte,007,227075,1076,843,28,871,7
2020-07-27,Calaveras,009,45235,134,103,0,103,1
2020-07-27,Colusa,011,21464,356,271,0,271,2
2020-07-27,Contra Costa,013,1133247,9679,7256,27,7283,104
2020-07-27,Del Norte,015,27424,86,67,0,67,0
2020-07-27,El Dorado,017,186661,765,548,5,553,1
2020-07-27,Fresno,019,978130,20630,13485,181,13666,117
2020-07-27,Glenn,021,27897,362,277,0,277,1
2020-07-27,Humboldt,023,135768,253,218,1,219,4
2020-07-27,Imperial,025,180216,10164,7789,5,7794,144
2020-07-27,Inyo,027,18085,61,43,1,44,1
2020-07-27,Kern,029,883053,23537,17994,115,18109,148
2020-07-27,Kings,031,150075,4403,3685,20,3705,39
2020-07-27,Lake,033,64148,221,176,0,176,1
2020-07-27,Lassen,035,31185,615,503,2,505,0
2020-07-27,Los Angeles,037,10098052,195213,176351,470,176821,4379
2020-07-27,Madera,039,155013,2625,1793,5,1798,17
2020-07-27,Marin,041,260295,5196,4669,5,4674,22
2020-07-27,Mariposa,043,17540,58,43,0,43,1
2020-07-27,Mendocino,045,87422,283,209,0,209,0
2020-07-27,Merced,047,269075,5382,3292,2,3294,23
2020-07-27,Modoc,049,8938,3,0,0,0,0
2020-07-27,Mono,051,14174,140,99,1,100,1
2020-07-27,Monterey,053,433212,5099,3960,14,3974,21
2020-07-27,Napa,055,140530,1092,769,0,769,6
2020-07-27,Nevada,057,99092,325,268,13,281,1
2020-07-27,Orange,059,3164182,42033,34649,776,35425,566
2020-07-27,Placer,061,380077,2159,1679,3,1682,12
2020-07-27,Plumas,063,18699,33,22,0,22,0
2020-07-27,Riverside,065,2383286,43047,35822,41,35863,667
2020-07-27,Sacramento,067,1510023,11996,9091,13,9104,114
2020-07-27,San Benito,069,59416,668,498,0,498,2
2020-07-27,San Bernardino,071,2135413,38216,29928,157,30085,401
2020-07-27,San Diego,073,3302833,31286,27509,5,27514,533
2020-07-27,San Francisco,075,870044,6998,5825,6,5831,55
2020-07-27,San Joaquin,077,732212,13814,10728,6,10734,129
2020-07-27,San Luis Obispo,079,281455,2021,1612,8,1620,9
2020-07-27,San Mateo,081,765935,6209,5108,7,5115,113
2020-07-27,Santa Barbara,083,443738,6552,6026,60,6086,30
2020-07-27,Santa Clara,085,1922200,12155,9157,28,9185,166
2020-07-27,Santa Cruz,087,273765,1243,984,7,991,4
2020-07-27,Shasta,089,179085,458,275,3,278,8
2020-07-27,Sierra,091,2930,2,1,0,1,0
2020-07-27,Siskiyou,093,43540,88,54,0,54,0
2020-07-27,Solano,095,438530,4103,3198,20,3218,29
2020-07-27,Sonoma,097,501317,3485,2504,7,2511,20
2020-07-27,Stanislaus,099,539301,10954,8288,19,8307,84
2020-07-27,Sutter,101,95872,785,620,0,620,2
2020-07-27,Tehama,103,63373,261,192,2,194,1
2020-07-27,Trinity,105,12862,26,3,6,9,0
2020-07-27,Tulare,107,460477,10685,8462,31,8493,172
2020-07-27,Tuolumne,109,53932,150,115,4,119,0
2020-07-27,Ventura,111,848112,8452,6998,27,7025,68
2020-07-27,Yolo,113,214977,1761,1439,3,1442,33
2020-07-27,Yuba,115,75493,450,328,0,328,1
2020-07-26,Alameda,001,1643700,12803,10489,42,10531,176
2020-07-26,Alpine,003,1148,2,2,0,2,0
2020-07-26,Amador,005,37829,142,67,0,67,0
2020-07-26,Butte,007,227075,1039,822,28,850,5
2020-07-26,Calaveras,009,45235,131,103,0,103,1
2020-07-26,Colusa,011,21464,347,270,0,270,2
2020-07-26,Contra Costa,013,1133247,9441,7095,27,7122,104
2020-07-26,Del Norte,015,27424,84,67,0,67,0
2020-07-26,El Dorado,017,186661,747,539,5,544,1
2020-07-26,Fresno,019,978130,20239,13209,173,13382,117
2020-07-26,Glenn,021,27897,354,265,0,265,1
2020-07-26,Humboldt,023,135768,247,214,1,215,4
2020-07-26,Imperial,025,180216,10092,7781,5,7786,144
2020-07-26,Inyo,027,18085,56,43,1,44,1
2020-07-26,Kern,029,883053,23012,17394,112,17506,148
2020-07-26,Kings,031,150075,4344,3591,20,3611,39
2020-07-26,Lake,033,64148,213,174,0,174,1
2020-07-26,Lassen,035,31185,574,503,2,505,0
2020-07-26,Los Angeles,037,10098052,192644,174322,452,174774,4364
2020-07-26,Madera,039,155013,2538,1744,5,1749,17
2020-07-26,Marin,041,260295,5150,4595,5,4600,22
2020-07-26,Mariposa,043,17540,56,43,0,43,1
2020-07-26,Mendocino,045,87422,273,206,0,206,0
2020-07-26,Merced,047,269075,5202,3251,2,3253,23
2020-07-26,Modoc,049,8938,3,0,0,0,0
2020-07-26,Mono,051,14174,136,82,1,83,1
2020-07-26,Monterey,053,433212,4933,3901,14,3915,21
2020-07-26,Napa,055,140530,1073,769,0,769,6
2020-07-26,Nevada,057,99092,322,261,13,274,1
2020-07-26,Orange,059,3164182,41508,34352,745,35097,564
2020-07-26,Placer,061,380077,2095,1628,3,1631,12
2020-07-26,Plumas,063,18699,33,22,0,22,0
2020-07-26,Riverside,065,2383286,42487,35636,41,35677,665
2020-07-26,Sacramento,067,1510023,11690,8972,13,8985,114
2020-07-26,San Benito,069,59416,656,495,0,495,2
2020-07-26,San Bernardino,071,2135413,37575,29545,149,29694,400
2020-07-26,San Diego,073,3302833,30890,26986,4,26990,533
2020-07-26,San Francisco,075,870044,6892,5823,6,5829,55
2020-07-26,San Joaquin,077,732212,13522,10637,6,10643,129
2020-07-26,San Luis Obispo,079,281455,1979,1565,8,1573,8
2020-07-26,San Mateo,081,765935,6104,5078,7,5085,113
2020-07-26,Santa Barbara,083,443738,6451,5939,60,5999,30
2020-07-26,Santa Clara,085,1922200,11926,8986,28,9014,166
2020-07-26,Santa Cruz,087,273765,1216,970,7,977,4
2020-07-26,Shasta,089,179085,451,265,3,268,8
2020-07-26,Sierra,091,2930,2,1,0,1,0
2020-07-26,Siskiyou,093,43540,86,54,0,54,0
2020-07-26,Solano,095,438530,4024,3197,18,3215,29
2020-07-26,Sonoma,097,501317,3396,2503,6,2509,20
2020-07-26,Stanislaus,099,539301,10691,8228,18,8246,84
2020-07-26,Sutter,101,95872,771,612,0,612,2
2020-07-26,Tehama,103,63373,254,175,2,177,1
2020-07-26,Trinity,105,12862,26,3,6,9,0
2020-07-26,Tulare,107,460477,10479,8392,31,8423,172
2020-07-26,Tuolumne,109,53932,145,113,4,117,0
2020-07-26,Ventura,111,848112,8245,6844,27,6871,67
2020-07-26,Yolo,113,214977,1730,1408,3,1411,33
2020-07-26,Yuba,115,75493,431,313,0,313,1
2020-07-25,Alameda,001,1643700,12706,10361,40,10401,176
2020-07-25,Alpine,003,1148,2,2,0,2,0
2020-07-25,Amador,005,37829,139,67,0,67,0
2020-07-25,Butte,007,227075,1030,810,28,838,5
2020-07-25,Calaveras,009,45235,128,103,0,103,1
2020-07-25,Colusa,011,21464,340,265,0,265,2
2020-07-25,Contra Costa,013,1133247,9298,6920,27,6947,104
2020-07-25,Del Norte,015,27424,84,67,0,67,0
2020-07-25,El Dorado,017,186661,736,528,5,533,1
2020-07-25,Fresno,019,978130,20052,12866,173,13039,117
2020-07-25,Glenn,021,27897,352,260,0,260,1
2020-07-25,Humboldt,023,135768,244,212,1,213,4
2020-07-25,Imperial,025,180216,10066,7727,5,7732,144
2020-07-25,Inyo,027,18085,55,43,1,44,1
2020-07-25,Kern,029,883053,22794,16910,111,17021,148
2020-07-25,Kings,031,150075,4327,3516,20,3536,39
2020-07-25,Lake,033,64148,211,173,0,173,1
2020-07-25,Lassen,035,31185,574,503,2,505,0
2020-07-25,Los Angeles,037,10098052,191509,172611,446,173057,4357
2020-07-25,Madera,039,155013,2506,1724,5,1729,17
2020-07-25,Marin,041,260295,5134,4562,5,4567,22
2020-07-25,Mariposa,043,17540,55,43,0,43,1
2020-07-25,Mendocino,045,87422,267,190,0,190,0
2020-07-25,Merced,047,269075,5123,3176,2,3178,23
2020-07-25,Modoc,049,8938,3,0,0,0,0
2020-07-25,Mono,051,14174,136,82,1,83,1
2020-07-25,Monterey,053,433212,4856,3805,14,3819,21
2020-07-25,Napa,055,140530,1060,746,0,746,6
2020-07-25,Nevada,057,99092,320,257,13,270,1
2020-07-25,Orange,059,3164182,41289,33978,724,34702,561
2020-07-25,Placer,061,380077,2079,1596,3,1599,12
2020-07-25,Plumas,063,18699,33,22,0,22,0
2020-07-25,Riverside,065,2383286,42218,34921,41,34962,655
2020-07-25,Sacramento,067,1510023,11544,8674,13,8687,113
2020-07-25,San Benito,069,59416,640,492,0,492,2
2020-07-25,San Bernardino,071,2135413,37297,29265,146,29411,394
2020-07-25,San Diego,073,3302833,30629,26703,3,26706,533
2020-07-25,San Francisco,075,870044,6834,5644,6,5650,55
2020-07-25,San Joaquin,077,732212,13396,10347,5,10352,129
2020-07-25,San Luis Obispo,079,281455,1959,1530,7,1537,8
2020-07-25,San Mateo,081,765935,6041,5023,7,5030,113
2020-07-25,Santa Barbara,083,443738,6416,5880,60,5940,30
2020-07-25,Santa Clara,085,1922200,11792,8767,28,8795,166
2020-07-25,Santa Cruz,087,273765,1199,939,7,946,4
2020-07-25,Shasta,089,179085,446,263,1,264,8
2020-07-25,Sierra,091,2930,2,1,0,1,0
2020-07-25,Siskiyou,093,43540,84,54,0,54,0
2020-07-25,Solano,095,438530,3984,3107,16,3123,29
2020-07-25,Sonoma,097,501317,3357,2412,6,2418,20
2020-07-25,Stanislaus,099,539301,10588,7994,14,8008,84
2020-07-25,Sutter,101,95872,752,603,0,603,2
2020-07-25,Tehama,103,63373,253,169,2,171,1
2020-07-25,Trinity,105,12862,26,3,6,9,0
2020-07-25,Tulare,107,460477,10379,8310,31,8341,172
2020-07-25,Tuolumne,109,53932,144,99,4,103,0
2020-07-25,Ventura,111,848112,8172,6662,27,6689,62
2020-07-25,Yolo,113,214977,1714,1357,3,1360,35
2020-07-25,Yuba,115,75493,425,312,0,312,1
2020-07-24,Alameda,001,1643700,12565,10216,37,10253,176
2020-07-24,Alpine,003,1148,2,2,0,2,0
2020-07-24,Amador,005,37829,137,66,0,66,0
2020-07-24,Butte,007,227075,1018,751,28,779,5
2020-07-24,Calaveras,009,45235,124,102,0,102,0
2020-07-24,Colusa,011,21464,337,255,0,255,2
2020-07-24,Contra Costa,013,1133247,9153,6814,27,6841,100
2020-07-24,Del Norte,015,27424,84,66,0,66,0
2020-07-24,El Dorado,017,186661,714,516,5,521,1
2020-07-24,Fresno,019,978130,19828,12564,173,12737,115
2020-07-24,Glenn,021,27897,349,251,0,251,1
2020-07-24,Humboldt,023,135768,241,210,1,211,4
2020-07-24,Imperial,025,180216,10044,7686,5,7691,141
2020-07-24,Inyo,027,18085,55,41,1,42,1
2020-07-24,Kern,029,883053,22553,16124,111,16235,143
2020-07-24,Kings,031,150075,4297,3471,20,3491,39
2020-07-24,Lake,033,64148,209,167,0,167,1
2020-07-24,Lassen,035,31185,574,503,2,505,0
2020-07-24,Los Angeles,037,10098052,189484,169078,435,169513,4302
2020-07-24,Madera,039,155013,2473,1679,5,1684,16
2020-07-24,Marin,041,260295,5107,4517,5,4522,22
2020-07-24,Mariposa,043,17540,55,41,0,41,1
2020-07-24,Mendocino,045,87422,260,188,0,188,0
2020-07-24,Merced,047,269075,5038,3100,2,3102,23
2020-07-24,Modoc,049,8938,3,0,0,0,0
2020-07-24,Mono,051,14174,135,82,1,83,1
2020-07-24,Monterey,053,433212,4784,3748,14,3762,21
2020-07-24,Napa,055,140530,1047,741,0,741,6
2020-07-24,Nevada,057,99092,317,255,13,268,1
2020-07-24,Orange,059,3164182,41002,33530,708,34238,557
2020-07-24,Placer,061,380077,2048,1551,3,1554,12
2020-07-24,Plumas,063,18699,33,22,0,22,0
2020-07-24,Riverside,065,2383286,41794,34513,40,34553,631
2020-07-24,Sacramento,067,1510023,11356,8570,13,8583,110
2020-07-24,San Benito,069,59416,633,485,0,485,2
2020-07-24,San Bernardino,071,2135413,36926,28990,141,29131,386
2020-07-24,San Diego,073,3302833,30329,26100,3,26103,524
2020-07-24,San Francisco,075,870044,6740,5611,6,5617,55
2020-07-24,San Joaquin,077,732212,13247,10190,5,10195,118
2020-07-24,San Luis Obispo,079,281455,1935,1476,7,1483,8
2020-07-24,San Mateo,081,765935,5978,4954,7,4961,112
2020-07-24,Santa Barbara,083,443738,6363,5776,58,5834,30
2020-07-24,Santa Clara,085,1922200,11627,8658,28,8686,165
2020-07-24,Santa Cruz,087,273765,1179,930,7,937,4
2020-07-24,Shasta,089,179085,438,262,1,263,8
2020-07-24,Sierra,091,2930,2,1,0,1,0
2020-07-24,Siskiyou,093,43540,84,53,0,53,0
2020-07-24,Solano,095,438530,3948,3062,13,3075,29
2020-07-24,Sonoma,097,501317,3305,2345,6,2351,20
2020-07-24,Stanislaus,099,539301,10416,7861,12,7873,82
2020-07-24,Sutter,101,95872,741,593,0,593,2
2020-07-24,Tehama,103,63373,245,170,2,172,1
2020-07-24,Trinity,105,12862,25,3,6,9,0
2020-07-24,Tulare,107,460477,10285,8167,29,8196,167
2020-07-24,Tuolumne,109,53932,140,99,4,103,0
2020-07-24,Ventura,111,848112,8087,6553,27,6580,60
2020-07-24,Yolo,113,214977,1700,1329,3,1332,35
2020-07-24,Yuba,115,75493,410,307,0,307,1
2020-07-23,Alameda,001,1643700,12322,9924,37,9961,171
2020-07-23,Alpine,003,1148,2,2,0,2,0
2020-07-23,Amador,005,37829,120,61,0,61,0
2020-07-23,Butte,007,227075,1003,726,27,753,5
2020-07-23,Calaveras,009,45235,117,102,0,102,0
2020-07-23,Colusa,011,21464,329,242,0,242,2
2020-07-23,Contra Costa,013,1133247,8954,6619,25,6644,98
2020-07-23,Del Norte,015,27424,84,66,0,66,0
2020-07-23,El Dorado,017,186661,703,491,5,496,1
2020-07-23,Fresno,019,978130,19471,12164,170,12334,112
2020-07-23,Glenn,021,27897,344,246,0,246,1
2020-07-23,Humboldt,023,135768,240,208,1,209,4
2020-07-23,Imperial,025,180216,9994,7604,5,7609,138
2020-07-23,Inyo,027,18085,53,38,1,39,1
2020-07-23,Kern,029,883053,22146,14491,107,14598,128
2020-07-23,Kings,031,150075,4185,3371,20,3391,39
2020-07-23,Lake,033,64148,200,160,0,160,1
2020-07-23,Lassen,035,31185,571,503,2,505,0
2020-07-23,Los Angeles,037,10098052,186934,167198,409,167607,4265
2020-07-23,Madera,039,155013,2407,1659,4,1663,13
2020-07-23,Marin,041,260295,5055,4423,5,4428,22
2020-07-23,Mariposa,043,17540,55,40,0,40,1
2020-07-23,Mendocino,045,87422,250,178,0,178,0
2020-07-23,Merced,047,269075,4881,2972,2,2974,22
2020-07-23,Modoc,049,8938,3,0,0,0,0
2020-07-23,Mono,051,14174,131,82,1,83,1
2020-07-23,Monterey,053,433212,4667,3655,14,3669,21
2020-07-23,Napa,055,140530,1023,713,0,713,5
2020-07-23,Nevada,057,99092,314,247,13,260,1
2020-07-23,Orange,059,3164182,40505,32863,678,33541,544
2020-07-23,Placer,061,380077,2004,1519,3,1522,12
2020-07-23,Plumas,063,18699,32,21,0,21,0
2020-07-23,Riverside,065,2383286,41189,33833,40,33873,630
2020-07-23,Sacramento,067,1510023,11123,8222,13,8235,108
2020-07-23,San Benito,069,59416,618,478,0,478,2
2020-07-23,San Bernardino,071,2135413,36407,28121,135,28256,369
2020-07-23,San Diego,073,3302833,29955,25109,3,25112,505
2020-07-23,San Francisco,075,870044,6639,5543,6,5549,55
2020-07-23,San Joaquin,077,732212,13028,9861,5,9866,111
2020-07-23,San Luis Obispo,079,281455,1906,1438,7,1445,7
2020-07-23,San Mateo,081,765935,5873,4895,7,4902,113
2020-07-23,Santa Barbara,083,443738,6290,5628,58,5686,30
2020-07-23,Santa Clara,085,1922200,11408,8458,28,8486,165
2020-07-23,Santa Cruz,087,273765,1143,887,7,894,3
2020-07-23,Shasta,089,179085,427,254,1,255,9
2020-07-23,Sierra,091,2930,2,1,0,1,0
2020-07-23,Siskiyou,093,43540,82,53,0,53,0
2020-07-23,Solano,095,438530,3884,2962,11,2973,29
2020-07-23,Sonoma,097,501317,3229,2289,6,2295,18
2020-07-23,Stanislaus,099,539301,10174,7603,12,7615,71
2020-07-23,Sutter,101,95872,708,570,0,570,2
2020-07-23,Tehama,103,63373,239,158,2,160,1
2020-07-23,Trinity,105,12862,24,3,6,9,0
2020-07-23,Tulare,107,460477,10096,7898,29,7927,168
2020-07-23,Tuolumne,109,53932,140,93,4,97,0
2020-07-23,Ventura,111,848112,7963,6303,27,6330,56
2020-07-23,Yolo,113,214977,1681,1279,3,1282,35
2020-07-23,Yuba,115,75493,390,297,0,297,1
2020-07-22,Alameda,001,1643700,12104,9678,36,9714,169
2020-07-22,Alpine,003,1148,2,2,0,2,0
2020-07-22,Amador,005,37829,118,58,0,58,0
2020-07-22,Butte,007,227075,967,694,27,721,5
2020-07-22,Calaveras,009,45235,117,98,0,98,0
2020-07-22,Colusa,011,21464,322,236,0,236,0
2020-07-22,Contra Costa,013,1133247,8728,6401,25,6426,98
2020-07-22,Del Norte,015,27424,84,66,0,66,0
2020-07-22,El Dorado,017,186661,690,466,5,471,1
2020-07-22,Fresno,019,978130,19107,11756,164,11920,110
2020-07-22,Glenn,021,27897,338,236,0,236,1
2020-07-22,Humboldt,023,135768,238,201,1,202,4
2020-07-22,Imperial,025,180216,9934,7533,5,7538,134
2020-07-22,Inyo,027,18085,49,38,1,39,1
2020-07-22,Kern,029,883053,21714,13513,99,13612,127
2020-07-22,Kings,031,150075,4129,3271,20,3291,38
2020-07-22,Lake,033,64148,197,160,0,160,1
2020-07-22,Lassen,035,31185,568,500,2,502,0
2020-07-22,Los Angeles,037,10098052,184284,165242,388,165630,4218
2020-07-22,Madera,039,155013,2332,1578,4,1582,10
2020-07-22,Marin,041,260295,4999,4373,5,4378,23
2020-07-22,Mariposa,043,17540,55,38,0,38,1
2020-07-22,Mendocino,045,87422,243,166,0,166,0
2020-07-22,Merced,047,269075,4755,2828,2,2830,15
2020-07-22,Modoc,049,8938,3,0,0,0,0
2020-07-22,Mono,051,14174,128,82,1,83,1
2020-07-22,Monterey,053,433212,4566,3533,14,3547,20
2020-07-22,Napa,055,140530,1001,687,0,687,5
2020-07-22,Nevada,057,99092,308,239,12,251,1
2020-07-22,Orange,059,3164182,40006,32047,669,32716,522
2020-07-22,Placer,061,380077,1948,1469,3,1472,12
2020-07-22,Plumas,063,18699,31,20,0,20,0
2020-07-22,Riverside,065,2383286,40553,33093,40,33133,612
2020-07-22,Sacramento,067,1510023,10861,8028,13,8041,106
2020-07-22,San Benito,069,59416,604,465,0,465,2
2020-07-22,San Bernardino,071,2135413,35885,26820,124,26944,348
2020-07-22,San Diego,073,3302833,29567,25109,2,25111,505
2020-07-22,San Francisco,075,870044,6535,5473,5,5478,53
2020-07-22,San Joaquin,077,732212,12750,9628,5,9633,102
2020-07-22,San Luis Obispo,079,281455,1860,1373,7,1380,7
2020-07-22,San Mateo,081,765935,5784,4796,7,4803,112
2020-07-22,Santa Barbara,083,443738,6206,5508,56,5564,29
2020-07-22,Santa Clara,085,1922200,11164,8266,28,8294,166
2020-07-22,Santa Cruz,087,273765,1119,866,7,873,3
2020-07-22,Shasta,089,179085,417,246,1,247,9
2020-07-22,Sierra,091,2930,1,1,0,1,0
2020-07-22,Siskiyou,093,43540,81,52,0,52,0
2020-07-22,Solano,095,438530,3823,2839,10,2849,29
2020-07-22,Sonoma,097,501317,3152,2255,6,2261,17
2020-07-22,Stanislaus,099,539301,10003,7401,12,7413,71
2020-07-22,Sutter,101,95872,684,551,0,551,2
2020-07-22,Tehama,103,63373,231,155,2,157,1
2020-07-22,Trinity,105,12862,23,3,6,9,0
2020-07-22,Tulare,107,460477,9863,7640,29,7669,167
2020-07-22,Tuolumne,109,53932,136,91,4,95,0
2020-07-22,Ventura,111,848112,7835,6223,25,6248,56
2020-07-22,Yolo,113,214977,1639,1233,3,1236,34
2020-07-22,Yuba,115,75493,375,288,0,288,1
2020-07-21,Alameda,001,1643700,11891,9390,36,9426,166
2020-07-21,Alpine,003,1148,2,2,0,2,0
2020-07-21,Amador,005,37829,113,55,0,55,0
2020-07-21,Butte,007,227075,922,659,26,685,5
2020-07-21,Calaveras,009,45235,111,96,0,96,0
2020-07-21,Colusa,011,21464,298,227,0,227,0
2020-07-21,Contra Costa,013,1133247,8486,6210,25,6235,98
2020-07-21,Del Norte,015,27424,84,66,0,66,0
2020-07-21,El Dorado,017,186661,682,440,5,445,1
2020-07-21,Fresno,019,978130,18707,11412,158,11570,107
2020-07-21,Glenn,021,27897,331,229,0,229,1
2020-07-21,Humboldt,023,135768,236,198,1,199,4
2020-07-21,Imperial,025,180216,9885,7458,5,7463,128
2020-07-21,Inyo,027,18085,48,38,1,39,1
2020-07-21,Kern,029,883053,21292,11998,93,12091,119
2020-07-21,Kings,031,150075,4064,3187,19,3206,38
2020-07-21,Lake,033,64148,197,157,0,157,1
2020-07-21,Lassen,035,31185,566,474,2,476,0
2020-07-21,Los Angeles,037,10098052,181295,162205,366,162571,4159
2020-07-21,Madera,039,155013,2267,1508,3,1511,10
2020-07-21,Marin,041,260295,4927,4318,5,4323,21
2020-07-21,Mariposa,043,17540,54,37,0,37,1
2020-07-21,Mendocino,045,87422,232,160,0,160,0
2020-07-21,Merced,047,269075,4576,2725,2,2727,15
2020-07-21,Modoc,049,8938,3,0,0,0,0
2020-07-21,Mono,051,14174,124,79,1,80,1
2020-07-21,Monterey,053,433212,4434,3404,13,3417,20
2020-07-21,Napa,055,140530,974,660,0,660,5
2020-07-21,Nevada,057,99092,306,228,10,238,1
2020-07-21,Orange,059,3164182,39510,31356,637,31993,515
2020-07-21,Placer,061,380077,1907,1413,3,1416,11
2020-07-21,Plumas,063,18699,31,19,0,19,0
2020-07-21,Riverside,065,2383286,39851,32231,40,32271,583
2020-07-21,Sacramento,067,1510023,10589,7789,12,7801,102
2020-07-21,San Benito,069,59416,593,444,0,444,2
2020-07-21,San Bernardino,071,2135413,35238,25323,117,25440,343
2020-07-21,San Diego,073,3302833,29118,24522,2,24524,487
2020-07-21,San Francisco,075,870044,6426,5377,5,5382,53
2020-07-21,San Joaquin,077,732212,12421,9150,5,9155,99
2020-07-21,San Luis Obispo,079,281455,1811,1338,7,1345,7
2020-07-21,San Mateo,081,765935,5692,4733,7,4740,111
2020-07-21,Santa Barbara,083,443738,6126,5422,55,5477,29
2020-07-21,Santa Clara,085,1922200,10901,7989,28,8017,164
2020-07-21,Santa Cruz,087,273765,1086,835,7,842,3
2020-07-21,Shasta,089,179085,409,241,1,242,9
2020-07-21,Sierra,091,2930,1,1,0,1,0
2020-07-21,Siskiyou,093,43540,81,48,0,48,0
2020-07-21,Solano,095,438530,3750,2727,10,2737,27
2020-07-21,Sonoma,097,501317,3095,2200,6,2206,17
2020-07-21,Stanislaus,099,539301,9741,6984,12,6996,69
2020-07-21,Sutter,101,95872,668,533,0,533,2
2020-07-21,Tehama,103,63373,221,150,2,152,1
2020-07-21,Trinity,105,12862,23,2,6,8,0
2020-07-21,Tulare,107,460477,9661,7447,29,7476,167
2020-07-21,Tuolumne,109,53932,134,75,4,79,0
2020-07-21,Ventura,111,848112,7703,6131,25,6156,55
2020-07-21,Yolo,113,214977,1585,1204,3,1207,34
2020-07-21,Yuba,115,75493,369,269,0,269,1
2020-07-20,Alameda,001,1643700,11636,9244,35,9279,162
2020-07-20,Alpine,003,1148,2,2,0,2,0
2020-07-20,Amador,005,37829,110,53,0,53,0
2020-07-20,Butte,007,227075,885,586,26,612,4
2020-07-20,Calaveras,009,45235,108,90,0,90,0
2020-07-20,Colusa,011,21464,287,217,0,217,0
2020-07-20,Contra Costa,013,1133247,8278,5823,25,5848,97
2020-07-20,Del Norte,015,27424,84,61,0,61,0
2020-07-20,El Dorado,017,186661,659,407,5,412,0
2020-07-20,Fresno,019,978130,18264,10891,157,11048,106
2020-07-20,Glenn,021,27897,323,225,0,225,1
2020-07-20,Humboldt,023,135768,229,194,1,195,4
2020-07-20,Imperial,025,180216,9845,7337,5,7342,124
2020-07-20,Inyo,027,18085,46,38,1,39,1
2020-07-20,Kern,029,883053,20782,10908,89,10997,118
2020-07-20,Kings,031,150075,4014,3093,19,3112,37
2020-07-20,Lake,033,64148,194,147,0,147,1
2020-07-20,Lassen,035,31185,564,474,2,476,0
2020-07-20,Los Angeles,037,10098052,178331,159202,340,159542,4108
2020-07-20,Madera,039,155013,2192,1433,3,1436,10
2020-07-20,Marin,041,260295,4845,4255,5,4260,21
2020-07-20,Mariposa,043,17540,53,36,0,36,1
2020-07-20,Mendocino,045,87422,219,153,0,153,0
2020-07-20,Merced,047,269075,4406,2584,2,2586,15
2020-07-20,Modoc,049,8938,3,0,0,0,0
2020-07-20,Mono,051,14174,118,78,1,79,1
2020-07-20,Monterey,053,433212,4328,3205,13,3218,19
2020-07-20,Napa,055,140530,939,632,0,632,5
2020-07-20,Nevada,057,99092,298,218,10,228,1
2020-07-20,Orange,059,3164182,38900,30337,607,30944,507
2020-07-20,Placer,061,380077,1856,1364,3,1367,11
2020-07-20,Plumas,063,18699,30,17,0,17,0
2020-07-20,Riverside,065,2383286,39020,31163,40,31203,581
2020-07-20,Sacramento,067,1510023,10261,7369,12,7381,99
2020-07-20,San Benito,069,59416,575,433,0,433,2
2020-07-20,San Bernardino,071,2135413,34429,24226,113,24339,338
2020-07-20,San Diego,073,3302833,28676,24137,2,24139,478
2020-07-20,San Francisco,075,870044,6305,5090,5,5095,53
2020-07-20,San Joaquin,077,732212,12065,8583,5,8588,97
2020-07-20,San Luis Obispo,079,281455,1769,1282,7,1289,6
2020-07-20,San Mateo,081,765935,5592,4609,7,4616,111
2020-07-20,Santa Barbara,083,443738,6016,5266,53,5319,29
2020-07-20,Santa Clara,085,1922200,10673,7711,27,7738,164
2020-07-20,Santa Cruz,087,273765,1054,758,7,765,3
2020-07-20,Shasta,089,179085,394,233,1,234,9
2020-07-20,Sierra,091,2930,1,1,0,1,0
2020-07-20,Siskiyou,093,43540,77,42,0,42,0
2020-07-20,Solano,095,438530,3667,2537,10,2547,26
2020-07-20,Sonoma,097,501317,2988,2148,6,2154,17
2020-07-20,Stanislaus,099,539301,9457,6835,12,6847,58
2020-07-20,Sutter,101,95872,635,507,0,507,2
2020-07-20,Tehama,103,63373,211,146,2,148,1
2020-07-20,Trinity,105,12862,23,2,6,8,0
2020-07-20,Tulare,107,460477,9427,6974,29,7003,166
2020-07-20,Tuolumne,109,53932,133,75,4,79,0
2020-07-20,Ventura,111,848112,7569,5912,25,5937,52
2020-07-20,Yolo,113,214977,1544,1155,3,1158,30
2020-07-20,Yuba,115,75493,349,258,0,258,1
2020-07-19,Alameda,001,1643700,11395,9227,29,9256,162
2020-07-19,Alpine,003,1148,2,2,0,2,0
2020-07-19,Amador,005,37829,103,51,0,51,0
2020-07-19,Butte,007,227075,860,555,22,577,4
2020-07-19,Calaveras,009,45235,106,89,0,89,0
2020-07-19,Colusa,011,21464,279,187,0,187,0
2020-07-19,Contra Costa,013,1133247,7987,5691,23,5714,95
2020-07-19,Del Norte,015,27424,83,61,0,61,0
2020-07-19,El Dorado,017,186661,641,385,5,390,0
2020-07-19,Fresno,019,978130,17740,10639,145,10784,106
2020-07-19,Glenn,021,27897,309,215,0,215,0
2020-07-19,Humboldt,023,135768,221,195,1,196,4
2020-07-19,Imperial,025,180216,9754,7280,5,7285,124
2020-07-19,Inyo,027,18085,42,38,1,39,1
2020-07-19,Kern,029,883053,20165,10094,81,10175,115
2020-07-19,Kings,031,150075,3928,3035,19,3054,37
2020-07-19,Lake,033,64148,189,144,0,144,1
2020-07-19,Lassen,035,31185,545,474,2,476,0
2020-07-19,Los Angeles,037,10098052,174885,156039,317,156356,4100
2020-07-19,Madera,039,155013,2115,1301,3,1304,10
2020-07-19,Marin,041,260295,4790,4172,5,4177,21
2020-07-19,Mariposa,043,17540,49,35,0,35,1
2020-07-19,Mendocino,045,87422,214,137,0,137,0
2020-07-19,Merced,047,269075,4199,2460,2,2462,15
2020-07-19,Modoc,049,8938,3,0,0,0,0
2020-07-19,Mono,051,14174,107,63,1,64,1
2020-07-19,Monterey,053,433212,4209,3079,13,3092,18
2020-07-19,Napa,055,140530,910,612,0,612,5
2020-07-19,Nevada,057,99092,292,210,10,220,1
2020-07-19,Orange,059,3164182,38336,29941,594,30535,505
2020-07-19,Placer,061,380077,1809,1246,3,1249,11
2020-07-19,Plumas,063,18699,30,17,0,17,0
2020-07-19,Riverside,065,2383286,38315,30340,40,30380,581
2020-07-19,Sacramento,067,1510023,9868,6985,12,6997,97
2020-07-19,San Benito,069,59416,559,412,0,412,2
2020-07-19,San Bernardino,071,2135413,33656,23928,101,24029,337
2020-07-19,San Diego,073,3302833,28175,23684,2,23686,478
2020-07-19,San Francisco,075,870044,6159,5094,5,5099,52
2020-07-19,San Joaquin,077,732212,11658,8308,5,8313,93
2020-07-19,San Luis Obispo,079,281455,1725,1262,7,1269,6
2020-07-19,San Mateo,081,765935,5488,4522,7,4529,110
2020-07-19,Santa Barbara,083,443738,5914,5145,50,5195,29
2020-07-19,Santa Clara,085,1922200,10429,7403,27,7430,164
2020-07-19,Santa Cruz,087,273765,1010,753,7,760,3
2020-07-19,Shasta,089,179085,381,218,1,219,9
2020-07-19,Sierra,091,2930,1,1,0,1,0
2020-07-19,Siskiyou,093,43540,75,42,0,42,0
2020-07-19,Solano,095,438530,3562,2551,10,2561,26
2020-07-19,Sonoma,097,501317,2888,2074,6,2080,17
2020-07-19,Stanislaus,099,539301,9161,6508,12,6520,58
2020-07-19,Sutter,101,95872,604,480,0,480,2
2020-07-19,Tehama,103,63373,207,138,2,140,1
2020-07-19,Trinity,105,12862,23,2,6,8,0
2020-07-19,Tulare,107,460477,9179,6856,29,6885,166
2020-07-19,Tuolumne,109,53932,128,75,4,79,0
2020-07-19,Ventura,111,848112,7379,5706,25,5731,52
2020-07-19,Yolo,113,214977,1504,1127,3,1130,30
2020-07-19,Yuba,115,75493,329,240,0,240,1
2020-07-18,Alameda,001,1643700,11257,9089,28,9117,162
2020-07-18,Alpine,003,1148,2,2,0,2,0
2020-07-18,Amador,005,37829,99,49,0,49,0
2020-07-18,Butte,007,227075,851,551,21,572,4
2020-07-18,Calaveras,009,45235,102,89,0,89,0
2020-07-18,Colusa,011,21464,274,182,0,182,0
2020-07-18,Contra Costa,013,1133247,7853,5617,23,5640,95
2020-07-18,Del Norte,015,27424,83,61,0,61,0
2020-07-18,El Dorado,017,186661,638,385,5,390,0
2020-07-18,Fresno,019,978130,17491,10381,143,10524,106
2020-07-18,Glenn,021,27897,303,212,0,212,0
2020-07-18,Humboldt,023,135768,218,189,1,190,4
2020-07-18,Imperial,025,180216,9723,7268,5,7273,124
2020-07-18,Inyo,027,18085,42,38,1,39,1
2020-07-18,Kern,029,883053,19862,9250,78,9328,114
2020-07-18,Kings,031,150075,3888,2996,18,3014,37
2020-07-18,Lake,033,64148,186,142,0,142,1
2020-07-18,Lassen,035,31185,544,474,2,476,0
2020-07-18,Los Angeles,037,10098052,173440,153265,307,153572,4088
2020-07-18,Madera,039,155013,2069,1260,3,1263,9
2020-07-18,Marin,041,260295,4761,4089,5,4094,21
2020-07-18,Mariposa,043,17540,49,35,0,35,1
2020-07-18,Mendocino,045,87422,208,137,0,137,0
2020-07-18,Merced,047,269075,4080,2424,2,2426,15
2020-07-18,Modoc,049,8938,3,0,0,0,0
2020-07-18,Mono,051,14174,105,54,1,55,1
2020-07-18,Monterey,053,433212,4141,3020,13,3033,17
2020-07-18,Napa,055,140530,899,609,0,609,5
2020-07-18,Nevada,057,99092,288,204,9,213,1
2020-07-18,Orange,059,3164182,38017,29603,574,30177,493
2020-07-18,Placer,061,380077,1786,1233,3,1236,11
2020-07-18,Plumas,063,18699,30,17,0,17,0
2020-07-18,Riverside,065,2383286,37961,30245,39,30284,581
2020-07-18,Sacramento,067,1510023,9623,6739,12,6751,95
2020-07-18,San Benito,069,59416,544,407,0,407,2
2020-07-18,San Bernardino,071,2135413,33196,23680,94,23774,336
2020-07-18,San Diego,073,3302833,27872,23116,2,23118,478
2020-07-18,San Francisco,075,870044,6057,5051,5,5056,52
2020-07-18,San Joaquin,077,732212,11445,8118,5,8123,93
2020-07-18,San Luis Obispo,079,281455,1690,1234,7,1241,6
2020-07-18,San Mateo,081,765935,5428,4488,7,4495,110
2020-07-18,Santa Barbara,083,443738,5854,5110,48,5158,29
2020-07-18,Santa Clara,085,1922200,10280,7255,26,7281,164
2020-07-18,Santa Cruz,087,273765,993,751,7,758,3
2020-07-18,Shasta,089,179085,372,216,1,217,9
2020-07-18,Sierra,091,2930,1,1,0,1,0
2020-07-18,Siskiyou,093,43540,71,42,0,42,0
2020-07-18,Solano,095,438530,3521,2503,10,2513,26
2020-07-18,Sonoma,097,501317,2837,2019,6,2025,15
2020-07-18,Stanislaus,099,539301,9026,6344,12,6356,58
2020-07-18,Sutter,101,95872,598,473,0,473,2
2020-07-18,Tehama,103,63373,202,136,2,138,1
2020-07-18,Trinity,105,12862,23,2,6,8,0
2020-07-18,Tulare,107,460477,9088,6810,28,6838,167
2020-07-18,Tuolumne,109,53932,125,75,4,79,0
2020-07-18,Ventura,111,848112,7297,5630,25,5655,52
2020-07-18,Yolo,113,214977,1476,1077,3,1080,30
2020-07-18,Yuba,115,75493,318,237,0,237,1
2020-07-17,Alameda,001,1643700,11116,8893,27,8920,160
2020-07-17,Alpine,003,1148,2,1,0,1,0
2020-07-17,Amador,005,37829,97,48,0,48,0
2020-07-17,Butte,007,227075,837,497,21,518,4
2020-07-17,Calaveras,009,45235,99,86,0,86,0
2020-07-17,Colusa,011,21464,272,146,0,146,0
2020-07-17,Contra Costa,013,1133247,7705,5483,23,5506,93
2020-07-17,Del Norte,015,27424,82,60,0,60,0
2020-07-17,El Dorado,017,186661,622,368,5,373,0
2020-07-17,Fresno,019,978130,17193,9954,143,10097,104
2020-07-17,Glenn,021,27897,296,203,0,203,0
2020-07-17,Humboldt,023,135768,217,185,1,186,4
2020-07-17,Imperial,025,180216,9701,7193,5,7198,120
2020-07-17,Inyo,027,18085,42,38,1,39,1
2020-07-17,Kern,029,883053,19542,8291,77,8368,113
2020-07-17,Kings,031,150075,3849,2978,18,2996,37
2020-07-17,Lake,033,64148,184,139,0,139,1
2020-07-17,Lassen,035,31185,525,391,2,393,0
2020-07-17,Los Angeles,037,10098052,171068,150481,295,150776,4052
2020-07-17,Madera,039,155013,2025,1214,3,1217,9
2020-07-17,Marin,041,260295,4724,3839,5,3844,21
2020-07-17,Mariposa,043,17540,47,35,0,35,1
2020-07-17,Mendocino,045,87422,200,126,0,126,0
2020-07-17,Merced,047,269075,4004,2328,2,2330,12
2020-07-17,Modoc,049,8938,2,0,0,0,0
2020-07-17,Mono,051,14174,100,54,1,55,1
2020-07-17,Monterey,053,433212,4012,2922,13,2935,18
2020-07-17,Napa,055,140530,885,598,0,598,5
2020-07-17,Nevada,057,99092,281,200,9,209,1
2020-07-17,Orange,059,3164182,37554,28962,541,29503,485
2020-07-17,Placer,061,380077,1757,1207,3,1210,11
2020-07-17,Plumas,063,18699,27,16,0,16,0
2020-07-17,Riverside,065,2383286,37362,29639,39,29678,580
2020-07-17,Sacramento,067,1510023,9379,6563,12,6575,95
2020-07-17,San Benito,069,59416,529,399,0,399,2
2020-07-17,San Bernardino,071,2135413,32676,23057,91,23148,322
2020-07-17,San Diego,073,3302833,27484,22491,2,22493,472
2020-07-17,San Francisco,075,870044,5963,4967,5,4972,52
2020-07-17,San Joaquin,077,732212,11201,7925,5,7930,86
2020-07-17,San Luis Obispo,079,281455,1653,1190,7,1197,6
2020-07-17,San Mateo,081,765935,5331,4407,7,4414,110
2020-07-17,Santa Barbara,083,443738,5782,5001,47,5048,29
2020-07-17,Santa Clara,085,1922200,10062,7080,26,7106,164
2020-07-17,Santa Cruz,087,273765,971,716,7,723,3
2020-07-17,Shasta,089,179085,360,213,1,214,8
2020-07-17,Sierra,091,2930,1,1,0,1,0
2020-07-17,Siskiyou,093,43540,70,40,0,40,0
2020-07-17,Solano,095,438530,3472,2452,10,2462,26
2020-07-17,Sonoma,097,501317,2788,1982,6,1988,15
2020-07-17,Stanislaus,099,539301,8852,6220,12,6232,56
2020-07-17,Sutter,101,95872,585,458,0,458,2
2020-07-17,Tehama,103,63373,198,128,2,130,1
2020-07-17,Trinity,105,12862,23,2,6,8,0
2020-07-17,Tulare,107,460477,8952,6671,28,6699,166
2020-07-17,Tuolumne,109,53932,124,73,4,77,0
2020-07-17,Ventura,111,848112,7214,5451,25,5476,51
2020-07-17,Yolo,113,214977,1452,1055,3,1058,30
2020-07-17,Yuba,115,75493,308,231,0,231,1
2020-07-16,Alameda,001,1643700,10882,8719,22,8741,153
2020-07-16,Alpine,003,1148,2,1,0,1,0
2020-07-16,Amador,005,37829,94,46,0,46,0
2020-07-16,Butte,007,227075,800,465,20,485,4
2020-07-16,Calaveras,009,45235,97,82,0,82,0
2020-07-16,Colusa,011,21464,263,140,0,140,0
2020-07-16,Contra Costa,013,1133247,7493,5338,17,5355,91
2020-07-16,Del Norte,015,27424,82,60,0,60,0
2020-07-16,El Dorado,017,186661,605,357,5,362,0
2020-07-16,Fresno,019,978130,16683,9481,134,9615,101
2020-07-16,Glenn,021,27897,287,190,0,190,0
2020-07-16,Humboldt,023,135768,215,184,1,185,4
2020-07-16,Imperial,025,180216,9607,7148,5,7153,113
2020-07-16,Inyo,027,18085,42,38,1,39,1
2020-07-16,Kern,029,883053,19020,7435,75,7510,112
2020-07-16,Kings,031,150075,3683,2937,18,2955,37
2020-07-16,Lake,033,64148,179,128,0,128,1
2020-07-16,Lassen,035,31185,524,355,2,357,0
2020-07-16,Los Angeles,037,10098052,167846,147759,270,148029,3994
2020-07-16,Madera,039,155013,1961,1192,3,1195,8
2020-07-16,Marin,041,260295,4651,3546,5,3551,21
2020-07-16,Mariposa,043,17540,45,34,0,34,1
2020-07-16,Mendocino,045,87422,195,121,0,121,0
2020-07-16,Merced,047,269075,3842,2228,2,2230,12
2020-07-16,Modoc,049,8938,1,0,0,0,0
2020-07-16,Mono,051,14174,97,53,1,54,1
2020-07-16,Monterey,053,433212,3907,2857,12,2869,18
2020-07-16,Napa,055,140530,856,581,0,581,5
2020-07-16,Nevada,057,99092,278,191,9,200,1
2020-07-16,Orange,059,3164182,36851,28525,505,29030,471
2020-07-16,Placer,061,380077,1709,1168,3,1171,11
2020-07-16,Plumas,063,18699,25,16,0,16,0
2020-07-16,Riverside,065,2383286,36616,28904,37,28941,577
2020-07-16,Sacramento,067,1510023,9066,6440,11,6451,91
2020-07-16,San Benito,069,59416,512,389,0,389,2
2020-07-16,San Bernardino,071,2135413,31815,22355,73,22428,321
2020-07-16,San Diego,073,3302833,26997,21857,2,21859,465
2020-07-16,San Francisco,075,870044,5822,4838,5,4843,52
2020-07-16,San Joaquin,077,732212,10838,7713,5,7718,82
2020-07-16,San Luis Obispo,079,281455,1609,1146,7,1153,6
2020-07-16,San Mateo,081,765935,5227,4336,7,4343,110
2020-07-16,Santa Barbara,083,443738,5687,4872,46,4918,28
2020-07-16,Santa Clara,085,1922200,9782,6990,24,7014,164
2020-07-16,Santa Cruz,087,273765,930,698,7,705,3
2020-07-16,Shasta,089,179085,345,208,1,209,7
2020-07-16,Sierra,091,2930,1,1,0,1,0
2020-07-16,Siskiyou,093,43540,67,39,0,39,0
2020-07-16,Solano,095,438530,3378,2372,10,2382,25
2020-07-16,Sonoma,097,501317,2698,1954,6,1960,14
2020-07-16,Stanislaus,099,539301,8569,6077,11,6088,56
2020-07-16,Sutter,101,95872,569,444,0,444,2
2020-07-16,Tehama,103,63373,188,126,2,128,1
2020-07-16,Trinity,105,12862,23,2,5,7,0
2020-07-16,Tulare,107,460477,8738,6467,27,6494,163
2020-07-16,Tuolumne,109,53932,117,71,4,75,0
2020-07-16,Ventura,111,848112,7052,5231,25,5256,50
2020-07-16,Yolo,113,214977,1410,1034,3,1037,29
2020-07-16,Yuba,115,75493,290,221,0,221,1
2020-07-15,Alameda,001,1643700,10677,8615,17,8632,153
2020-07-15,Alpine,003,1148,2,1,0,1,0
2020-07-15,Amador,005,37829,73,44,0,44,0
2020-07-15,Butte,007,227075,758,420,20,440,4
2020-07-15,Calaveras,009,45235,97,75,0,75,0
2020-07-15,Colusa,011,21464,258,135,0,135,0
2020-07-15,Contra Costa,013,1133247,7262,5246,17,5263,90
2020-07-15,Del Norte,015,27424,81,60,0,60,0
2020-07-15,El Dorado,017,186661,581,339,5,344,0
2020-07-15,Fresno,019,978130,16211,9124,128,9252,101
2020-07-15,Glenn,021,27897,278,184,0,184,0
2020-07-15,Humboldt,023,135768,213,181,1,182,4
2020-07-15,Imperial,025,180216,9540,7110,5,7115,110
2020-07-15,Inyo,027,18085,42,36,1,37,1
2020-07-15,Kern,029,883053,18400,7155,71,7226,108
2020-07-15,Kings,031,150075,3621,2906,18,2924,37
2020-07-15,Lake,033,64148,177,122,0,122,1
2020-07-15,Lassen,035,31185,520,319,2,321,0
2020-07-15,Los Angeles,037,10098052,164380,143343,255,143598,3946
2020-07-15,Madera,039,155013,1892,1147,3,1150,4
2020-07-15,Marin,041,260295,4596,3458,5,3463,21
2020-07-15,Mariposa,043,17540,45,34,0,34,1
2020-07-15,Mendocino,045,87422,192,119,0,119,0
2020-07-15,Merced,047,269075,3692,2156,2,2158,12
2020-07-15,Modoc,049,8938,1,0,0,0,0
2020-07-15,Mono,051,14174,95,52,1,53,1
2020-07-15,Monterey,053,433212,3795,2780,12,2792,18
2020-07-15,Napa,055,140530,830,573,0,573,5
2020-07-15,Nevada,057,99092,274,185,7,192,1
2020-07-15,Orange,059,3164182,36051,27718,471,28189,454
2020-07-15,Placer,061,380077,1651,1145,3,1148,11
2020-07-15,Plumas,063,18699,25,16,0,16,0
2020-07-15,Riverside,065,2383286,35834,28492,35,28527,568
2020-07-15,Sacramento,067,1510023,8686,6217,11,6228,91
2020-07-15,San Benito,069,59416,503,388,0,388,2
2020-07-15,San Bernardino,071,2135413,31025,21508,57,21565,317
2020-07-15,San Diego,073,3302833,26530,21448,2,21450,448
2020-07-15,San Francisco,075,870044,5708,4757,5,4762,50
2020-07-15,San Joaquin,077,732212,10407,7381,4,7385,75
2020-07-15,San Luis Obispo,079,281455,1566,1097,7,1104,6
2020-07-15,San Mateo,081,765935,5114,4258,7,4265,109
2020-07-15,Santa Barbara,083,443738,5573,4733,46,4779,28
2020-07-15,Santa Clara,085,1922200,9479,6900,24,6924,164
2020-07-15,Santa Cruz,087,273765,894,660,6,666,3
2020-07-15,Shasta,089,179085,336,193,1,194,7
2020-07-15,Sierra,091,2930,1,1,0,1,0
2020-07-15,Siskiyou,093,43540,66,38,0,38,0
2020-07-15,Solano,095,438530,3283,2343,10,2353,25
2020-07-15,Sonoma,097,501317,2600,1920,6,1926,14
2020-07-15,Stanislaus,099,539301,8272,5777,11,5788,56
2020-07-15,Sutter,101,95872,543,433,0,433,2
2020-07-15,Tehama,103,63373,180,126,2,128,1
2020-07-15,Trinity,105,12862,22,2,5,7,0
2020-07-15,Tulare,107,460477,8527,6320,26,6346,156
2020-07-15,Tuolumne,109,53932,110,68,4,72,0
2020-07-15,Ventura,111,848112,6875,5087,25,5112,50
2020-07-15,Yolo,113,214977,1377,1002,3,1005,27
2020-07-15,Yuba,115,75493,278,221,0,221,1
2020-07-14,Alameda,001,1643700,10336,8388,11,8399,151
2020-07-14,Alpine,003,1148,2,1,0,1,0
2020-07-14,Amador,005,37829,69,44,0,44,0
2020-07-14,Butte,007,227075,712,382,20,402,4
2020-07-14,Calaveras,009,45235,95,74,0,74,0
2020-07-14,Colusa,011,21464,248,128,0,128,0
2020-07-14,Contra Costa,013,1133247,7025,5110,15,5125,90
2020-07-14,Del Norte,015,27424,80,60,0,60,0
2020-07-14,El Dorado,017,186661,566,324,5,329,0
2020-07-14,Fresno,019,978130,15788,8941,123,9064,98
2020-07-14,Glenn,021,27897,268,177,0,177,0
2020-07-14,Humboldt,023,135768,210,175,1,176,4
2020-07-14,Imperial,025,180216,9413,7095,5,7100,109
2020-07-14,Inyo,027,18085,42,35,1,36,1
2020-07-14,Kern,029,883053,17641,6979,58,7037,107
2020-07-14,Kings,031,150075,3554,2867,17,2884,37
2020-07-14,Lake,033,64148,171,120,0,120,1
2020-07-14,Lassen,035,31185,503,263,2,265,0
2020-07-14,Los Angeles,037,10098052,161248,140632,226,140858,3900
2020-07-14,Madera,039,155013,1818,1118,3,1121,4
2020-07-14,Marin,041,260295,4482,3451,5,3456,21
2020-07-14,Mariposa,043,17540,41,32,0,32,1
2020-07-14,Mendocino,045,87422,184,110,0,110,0
2020-07-14,Merced,047,269075,3513,2084,2,2086,12
2020-07-14,Modoc,049,8938,1,0,0,0,0
2020-07-14,Mono,051,14174,85,48,1,49,1
2020-07-14,Monterey,053,433212,3682,2724,12,2736,18
2020-07-14,Napa,055,140530,774,557,0,557,4
2020-07-14,Nevada,057,99092,257,180,6,186,1
2020-07-14,Orange,059,3164182,35171,26915,423,27338,432
2020-07-14,Placer,061,380077,1593,1122,3,1125,11
2020-07-14,Plumas,063,18699,24,14,0,14,0
2020-07-14,Riverside,065,2383286,35077,27850,34,27884,547
2020-07-14,Sacramento,067,1510023,8332,5978,11,5989,87
2020-07-14,San Benito,069,59416,484,360,0,360,2
2020-07-14,San Bernardino,071,2135413,30173,20489,47,20536,316
2020-07-14,San Diego,073,3302833,25910,20887,2,20889,436
2020-07-14,San Francisco,075,870044,5557,4659,4,4663,50
2020-07-14,San Joaquin,077,732212,9980,7143,4,7147,75
2020-07-14,San Luis Obispo,079,281455,1528,1060,7,1067,5
2020-07-14,San Mateo,081,765935,5021,4173,7,4180,108
2020-07-14,Santa Barbara,083,443738,5449,4641,44,4685,28
2020-07-14,Santa Clara,085,1922200,9151,6686,21,6707,164
2020-07-14,Santa Cruz,087,273765,855,639,6,645,3
2020-07-14,Shasta,089,179085,327,190,1,191,7
2020-07-14,Sierra,091,2930,1,1,0,1,0
2020-07-14,Siskiyou,093,43540,65,38,0,38,0
2020-07-14,Solano,095,438530,3184,2266,9,2275,25
2020-07-14,Sonoma,097,501317,2507,1866,6,1872,14
2020-07-14,Stanislaus,099,539301,7897,5631,10,5641,53
2020-07-14,Sutter,101,95872,524,405,0,405,2
2020-07-14,Tehama,103,63373,168,123,2,125,1
2020-07-14,Trinity,105,12862,21,2,5,7,0
2020-07-14,Tulare,107,460477,8281,6199,26,6225,156
2020-07-14,Tuolumne,109,53932,105,68,4,72,0
2020-07-14,Ventura,111,848112,6714,4950,25,4975,50
2020-07-14,Yolo,113,214977,1330,966,3,969,27
2020-07-14,Yuba,115,75493,261,210,0,210,1
2020-07-13,Alameda,001,1643700,10027,8115,11,8126,148
2020-07-13,Alpine,003,1148,2,1,0,1,0
2020-07-13,Amador,005,37829,65,42,0,42,0
2020-07-13,Butte,007,227075,676,354,20,374,4
2020-07-13,Calaveras,009,45235,87,63,0,63,0
2020-07-13,Colusa,011,21464,242,116,0,116,0
2020-07-13,Contra Costa,013,1133247,6755,4882,13,4895,88
2020-07-13,Del Norte,015,27424,74,59,0,59,0
2020-07-13,El Dorado,017,186661,535,298,5,303,0
2020-07-13,Fresno,019,978130,15359,8666,118,8784,95
2020-07-13,Glenn,021,27897,261,168,0,168,0
2020-07-13,Humboldt,023,135768,205,174,1,175,4
2020-07-13,Imperial,025,180216,9326,7052,5,7057,109
2020-07-13,Inyo,027,18085,41,35,1,36,1
2020-07-13,Kern,029,883053,16956,6808,52,6860,107
2020-07-13,Kings,031,150075,3503,2824,17,2841,37
2020-07-13,Lake,033,64148,166,118,0,118,1
2020-07-13,Lassen,035,31185,498,237,2,239,0
2020-07-13,Los Angeles,037,10098052,158013,136368,212,136580,3829
2020-07-13,Madera,039,155013,1749,1059,3,1062,4
2020-07-13,Marin,041,260295,4378,3402,5,3407,21
2020-07-13,Mariposa,043,17540,40,31,0,31,1
2020-07-13,Mendocino,045,87422,180,87,0,87,0
2020-07-13,Merced,047,269075,3364,2007,2,2009,12
2020-07-13,Modoc,049,8938,1,0,0,0,0
2020-07-13,Mono,051,14174,81,47,0,47,1
2020-07-13,Monterey,053,433212,3559,2613,9,2622,18
2020-07-13,Napa,055,140530,738,534,0,534,4
2020-07-13,Nevada,057,99092,243,172,6,178,1
2020-07-13,Orange,059,3164182,34307,25978,391,26369,423
2020-07-13,Placer,061,380077,1548,1096,3,1099,11
2020-07-13,Plumas,063,18699,22,14,0,14,0
2020-07-13,Riverside,065,2383286,34152,27136,32,27168,545
2020-07-13,Sacramento,067,1510023,8035,5747,11,5758,85
2020-07-13,San Benito,069,59416,471,343,0,343,2
2020-07-13,San Bernardino,071,2135413,29296,19610,40,19650,313
2020-07-13,San Diego,073,3302833,25343,20348,2,20350,422
2020-07-13,San Francisco,075,870044,5430,4534,3,4537,50
2020-07-13,San Joaquin,077,732212,9565,6927,4,6931,71
2020-07-13,San Luis Obispo,079,281455,1497,989,7,996,5
2020-07-13,San Mateo,081,765935,4890,4057,7,4064,108
2020-07-13,Santa Barbara,083,443738,5335,4441,43,4484,28
2020-07-13,Santa Clara,085,1922200,8828,6488,20,6508,164
2020-07-13,Santa Cruz,087,273765,817,574,6,580,3
2020-07-13,Shasta,089,179085,316,185,1,186,6
2020-07-13,Sierra,091,2930,1,1,0,1,0
2020-07-13,Siskiyou,093,43540,61,37,0,37,0
2020-07-13,Solano,095,438530,3072,2046,9,2055,23
2020-07-13,Sonoma,097,501317,2396,1818,6,1824,14
2020-07-13,Stanislaus,099,539301,7594,5324,9,5333,53
2020-07-13,Sutter,101,95872,486,379,0,379,2
2020-07-13,Tehama,103,63373,155,112,2,114,1
2020-07-13,Trinity,105,12862,21,2,5,7,0
2020-07-13,Tulare,107,460477,8020,5930,24,5954,147
2020-07-13,Tuolumne,109,53932,97,56,4,60,0
2020-07-13,Ventura,111,848112,6524,4800,22,4822,50
2020-07-13,Yolo,113,214977,1284,941,3,944,27
2020-07-13,Yuba,115,75493,246,194,0,194,1
2020-07-12,Alameda,001,1643700,9757,8056,11,8067,148
2020-07-12,Alpine,003,1148,2,1,0,1,0
2020-07-12,Amador,005,37829,55,40,0,40,0
2020-07-12,Butte,007,227075,626,341,19,360,4
2020-07-12,Calaveras,009,45235,87,62,0,62,0
2020-07-12,Colusa,011,21464,208,116,0,116,0
2020-07-12,Contra Costa,013,1133247,6487,4708,11,4719,88
2020-07-12,Del Norte,015,27424,63,59,0,59,0
2020-07-12,El Dorado,017,186661,513,290,5,295,0
2020-07-12,Fresno,019,978130,14936,8407,113,8520,95
2020-07-12,Glenn,021,27897,248,166,0,166,0
2020-07-12,Humboldt,023,135768,201,174,1,175,4
2020-07-12,Imperial,025,180216,9212,6999,5,7004,109
2020-07-12,Inyo,027,18085,39,35,1,36,1
2020-07-12,Kern,029,883053,16213,6662,49,6711,105
2020-07-12,Kings,031,150075,3441,2779,17,2796,34
2020-07-12,Lake,033,64148,157,114,0,114,1
2020-07-12,Lassen,035,31185,491,237,2,239,0
2020-07-12,Los Angeles,037,10098052,154589,133830,183,134013,3816
2020-07-12,Madera,039,155013,1693,1025,3,1028,4
2020-07-12,Marin,041,260295,4302,3358,5,3363,21
2020-07-12,Mariposa,043,17540,39,31,0,31,1
2020-07-12,Mendocino,045,87422,161,88,0,88,0
2020-07-12,Merced,047,269075,3234,1908,2,1910,12
2020-07-12,Modoc,049,8938,1,0,0,0,0
2020-07-12,Mono,051,14174,71,45,0,45,1
2020-07-12,Monterey,053,433212,3444,2521,9,2530,18
2020-07-12,Napa,055,140530,707,519,0,519,4
2020-07-12,Nevada,057,99092,233,166,6,172,1
2020-07-12,Orange,059,3164182,33432,25399,382,25781,422
2020-07-12,Placer,061,380077,1491,1058,3,1061,11
2020-07-12,Plumas,063,18699,21,14,0,14,0
2020-07-12,Riverside,065,2383286,33394,26404,31,26435,542
2020-07-12,Sacramento,067,1510023,7723,5515,9,5524,85
2020-07-12,San Benito,069,59416,456,324,0,324,2
2020-07-12,San Bernardino,071,2135413,28384,19042,36,19078,312
2020-07-12,San Diego,073,3302833,24713,19929,2,19931,422
2020-07-12,San Francisco,075,870044,5281,4535,3,4538,50
2020-07-12,San Joaquin,077,732212,9202,6703,4,6707,71
2020-07-12,San Luis Obispo,079,281455,1450,972,7,979,5
2020-07-12,San Mateo,081,765935,4772,3988,7,3995,108
2020-07-12,Santa Barbara,083,443738,5205,4353,42,4395,28
2020-07-12,Santa Clara,085,1922200,8590,6252,19,6271,164
2020-07-12,Santa Cruz,087,273765,775,573,5,578,3
2020-07-12,Shasta,089,179085,310,173,1,174,6
2020-07-12,Sierra,091,2930,1,1,0,1,0
2020-07-12,Siskiyou,093,43540,59,36,0,36,0
2020-07-12,Solano,095,438530,2947,2037,9,2046,23
2020-07-12,Sonoma,097,501317,2302,1743,6,1749,13
2020-07-12,Stanislaus,099,539301,7290,5177,9,5186,53
2020-07-12,Sutter,101,95872,468,362,0,362,2
2020-07-12,Tehama,103,63373,148,111,2,113,1
2020-07-12,Trinity,105,12862,21,2,5,7,0
2020-07-12,Tulare,107,460477,7764,5864,23,5887,146
2020-07-12,Tuolumne,109,53932,90,52,4,56,0
2020-07-12,Ventura,111,848112,6308,4724,21,4745,50
2020-07-12,Yolo,113,214977,1243,889,3,892,27
2020-07-12,Yuba,115,75493,235,188,0,188,1
2020-07-11,Alameda,001,1643700,9654,7845,11,7856,148
2020-07-11,Alpine,003,1148,2,1,0,1,0
2020-07-11,Amador,005,37829,51,37,0,37,0
2020-07-11,Butte,007,227075,610,325,19,344,4
2020-07-11,Calaveras,009,45235,84,62,0,62,0
2020-07-11,Colusa,011,21464,203,110,0,110,0
2020-07-11,Contra Costa,013,1133247,6372,4650,11,4661,87
2020-07-11,Del Norte,015,27424,63,59,0,59,0
2020-07-11,El Dorado,017,186661,502,283,5,288,0
2020-07-11,Fresno,019,978130,14675,8086,110,8196,95
2020-07-11,Glenn,021,27897,240,161,0,161,0
2020-07-11,Humboldt,023,135768,200,174,1,175,4
2020-07-11,Imperial,025,180216,9173,6884,5,6889,109
2020-07-11,Inyo,027,18085,39,35,1,36,1
2020-07-11,Kern,029,883053,15856,6509,48,6557,103
2020-07-11,Kings,031,150075,3414,2753,17,2770,33
2020-07-11,Lake,033,64148,156,110,0,110,1
2020-07-11,Lassen,035,31185,490,237,2,239,0
2020-07-11,Los Angeles,037,10098052,152869,130479,173,130652,3802
2020-07-11,Madera,039,155013,1652,988,3,991,4
2020-07-11,Marin,041,260295,4274,3191,5,3196,21
2020-07-11,Mariposa,043,17540,39,31,0,31,1
2020-07-11,Mendocino,045,87422,157,88,0,88,0
2020-07-11,Merced,047,269075,3153,1851,2,1853,12
2020-07-11,Modoc,049,8938,1,0,0,0,0
2020-07-11,Mono,051,14174,68,45,0,45,1
2020-07-11,Monterey,053,433212,3355,2376,8,2384,18
2020-07-11,Napa,055,140530,695,509,0,509,4
2020-07-11,Nevada,057,99092,224,163,5,168,1
2020-07-11,Orange,059,3164182,33055,24430,368,24798,422
2020-07-11,Placer,061,380077,1457,1029,3,1032,11
2020-07-11,Plumas,063,18699,21,12,0,12,0
2020-07-11,Riverside,065,2383286,33003,25994,31,26025,538
2020-07-11,Sacramento,067,1510023,7549,5367,8,5375,84
2020-07-11,San Benito,069,59416,441,314,0,314,2
2020-07-11,San Bernardino,071,2135413,27947,18907,34,18941,310
2020-07-11,San Diego,073,3302833,24321,19371,2,19373,422
2020-07-11,San Francisco,075,870044,5185,4430,2,4432,50
2020-07-11,San Joaquin,077,732212,9024,6518,4,6522,72
2020-07-11,San Luis Obispo,079,281455,1402,930,7,937,4
2020-07-11,San Mateo,081,765935,4704,3956,7,3963,108
2020-07-11,Santa Barbara,083,443738,5136,4283,41,4324,28
2020-07-11,Santa Clara,085,1922200,8430,5959,19,5978,164
2020-07-11,Santa Cruz,087,273765,744,571,5,576,3
2020-07-11,Shasta,089,179085,303,168,1,169,6
2020-07-11,Sierra,091,2930,1,1,0,1,0
2020-07-11,Siskiyou,093,43540,59,36,0,36,0
2020-07-11,Solano,095,438530,2906,2034,9,2043,23
2020-07-11,Sonoma,097,501317,2264,1690,6,1696,13
2020-07-11,Stanislaus,099,539301,7150,4911,9,4920,51
2020-07-11,Sutter,101,95872,452,352,0,352,2
2020-07-11,Tehama,103,63373,146,111,2,113,1
2020-07-11,Trinity,105,12862,21,2,5,7,0
2020-07-11,Tulare,107,460477,7658,5780,23,5803,149
2020-07-11,Tuolumne,109,53932,87,50,4,54,0
2020-07-11,Ventura,111,848112,6212,4545,20,4565,49
2020-07-11,Yolo,113,214977,1214,833,3,836,27
2020-07-11,Yuba,115,75493,225,175,0,175,1
2020-07-10,Alameda,001,1643700,9497,7551,11,7562,147
2020-07-10,Alpine,003,1148,2,1,0,1,0
2020-07-10,Amador,005,37829,47,37,0,37,0
2020-07-10,Butte,007,227075,599,318,19,337,4
2020-07-10,Calaveras,009,45235,84,61,0,61,0
2020-07-10,Colusa,011,21464,197,103,0,103,0
2020-07-10,Contra Costa,013,1133247,6233,4482,11,4493,86
2020-07-10,Del Norte,015,27424,63,57,0,57,0
2020-07-10,El Dorado,017,186661,484,266,5,271,0
2020-07-10,Fresno,019,978130,14343,7760,107,7867,93
2020-07-10,Glenn,021,27897,235,157,0,157,0
2020-07-10,Humboldt,023,135768,199,168,1,169,4
2020-07-10,Imperial,025,180216,9128,6878,4,6882,98
2020-07-10,Inyo,027,18085,39,35,1,36,1
2020-07-10,Kern,029,883053,15424,6344,47,6391,102
2020-07-10,Kings,031,150075,3378,2707,17,2724,33
2020-07-10,Lake,033,64148,149,104,0,104,1
2020-07-10,Lassen,035,31185,489,235,2,237,0
2020-07-10,Los Angeles,037,10098052,150447,127503,167,127670,3750
2020-07-10,Madera,039,155013,1606,914,3,917,4
2020-07-10,Marin,041,260295,4211,3101,5,3106,21
2020-07-10,Mariposa,043,17540,38,31,0,31,1
2020-07-10,Mendocino,045,87422,149,88,0,88,0
2020-07-10,Merced,047,269075,3074,1802,2,1804,12
2020-07-10,Modoc,049,8938,1,0,0,0,0
2020-07-10,Mono,051,14174,67,45,0,45,1
2020-07-10,Monterey,053,433212,3277,2285,8,2293,18
2020-07-10,Napa,055,140530,684,496,0,496,4
2020-07-10,Nevada,057,99092,219,161,5,166,1
2020-07-10,Orange,059,3164182,32468,23692,365,24057,416
2020-07-10,Placer,061,380077,1415,1002,3,1005,11
2020-07-10,Plumas,063,18699,19,12,0,12,0
2020-07-10,Riverside,065,2383286,32485,25481,31,25512,533
2020-07-10,Sacramento,067,1510023,7294,5181,8,5189,81
2020-07-10,San Benito,069,59416,432,302,0,302,2
2020-07-10,San Bernardino,071,2135413,27423,18242,31,18273,308
2020-07-10,San Diego,073,3302833,23937,18862,2,18864,420
2020-07-10,San Francisco,075,870044,5094,4305,2,4307,50
2020-07-10,San Joaquin,077,732212,8791,6225,4,6229,67
2020-07-10,San Luis Obispo,079,281455,1364,891,7,898,4
2020-07-10,San Mateo,081,765935,4639,3844,7,3851,107
2020-07-10,Santa Barbara,083,443738,5039,4177,40,4217,28
2020-07-10,Santa Clara,085,1922200,8206,5819,19,5838,164
2020-07-10,Santa Cruz,087,273765,716,540,5,545,3
2020-07-10,Shasta,089,179085,299,158,1,159,6
2020-07-10,Sierra,091,2930,1,1,0,1,0
2020-07-10,Siskiyou,093,43540,59,31,0,31,0
2020-07-10,Solano,095,438530,2859,1950,9,1959,23
2020-07-10,Sonoma,097,501317,2217,1606,5,1611,13
2020-07-10,Stanislaus,099,539301,6980,4781,9,4790,46
2020-07-10,Sutter,101,95872,445,338,0,338,2
2020-07-10,Tehama,103,63373,145,107,2,109,1
2020-07-10,Trinity,105,12862,21,2,5,7,0
2020-07-10,Tulare,107,460477,7521,5677,23,5700,150
2020-07-10,Tuolumne,109,53932,86,49,4,53,0
2020-07-10,Ventura,111,848112,6098,4416,20,4436,48
2020-07-10,Yolo,113,214977,1190,794,3,797,27
2020-07-10,Yuba,115,75493,211,164,0,164,1
2020-07-09,Alameda,001,1643700,9267,7433,11,7444,146
2020-07-09,Alpine,003,1148,2,1,0,1,0
2020-07-09,Amador,005,37829,44,36,0,36,0
2020-07-09,Butte,007,227075,567,295,18,313,4
2020-07-09,Calaveras,009,45235,83,59,0,59,0
2020-07-09,Colusa,011,21464,189,97,0,97,0
2020-07-09,Contra Costa,013,1133247,5992,4388,11,4399,86
2020-07-09,Del Norte,015,27424,63,57,0,57,0
2020-07-09,El Dorado,017,186661,459,255,4,259,0
2020-07-09,Fresno,019,978130,13888,7385,104,7489,90
2020-07-09,Glenn,021,27897,225,150,0,150,0
2020-07-09,Humboldt,023,135768,196,166,1,167,4
2020-07-09,Imperial,025,180216,9030,6778,4,6782,87
2020-07-09,Inyo,027,18085,37,35,1,36,1
2020-07-09,Kern,029,883053,14778,6100,45,6145,95
2020-07-09,Kings,031,150075,3315,2686,17,2703,33
2020-07-09,Lake,033,64148,146,99,0,99,1
2020-07-09,Lassen,035,31185,433,221,2,223,0
2020-07-09,Los Angeles,037,10098052,147189,125062,144,125206,3698
2020-07-09,Madera,039,155013,1529,850,3,853,4
2020-07-09,Marin,041,260295,4061,2975,4,2979,20
2020-07-09,Mariposa,043,17540,38,32,0,32,1
2020-07-09,Mendocino,045,87422,145,88,0,88,0
2020-07-09,Merced,047,269075,2940,1728,2,1730,11
2020-07-09,Modoc,049,8938,1,0,0,0,0
2020-07-09,Mono,051,14174,63,45,0,45,1
2020-07-09,Monterey,053,433212,3152,2223,8,2231,17
2020-07-09,Napa,055,140530,667,468,0,468,4
2020-07-09,Nevada,057,99092,213,156,5,161,1
2020-07-09,Orange,059,3164182,31498,22960,347,23307,407
2020-07-09,Placer,061,380077,1373,982,3,985,11
2020-07-09,Plumas,063,18699,19,12,0,12,0
2020-07-09,Riverside,065,2383286,31592,24980,30,25010,529
2020-07-09,Sacramento,067,1510023,6967,4950,8,4958,81
2020-07-09,San Benito,069,59416,416,295,0,295,2
2020-07-09,San Bernardino,071,2135413,26553,17339,25,17364,307
2020-07-09,San Diego,073,3302833,23345,18404,2,18406,415
2020-07-09,San Francisco,075,870044,4962,4143,2,4145,50
2020-07-09,San Joaquin,077,732212,8432,6004,4,6008,66
2020-07-09,San Luis Obispo,079,281455,1323,869,7,876,3
2020-07-09,San Mateo,081,765935,4513,3792,7,3799,106
2020-07-09,Santa Barbara,083,443738,4907,4068,40,4108,28
2020-07-09,Santa Clara,085,1922200,7945,5638,19,5657,164
2020-07-09,Santa Cruz,087,273765,689,526,5,531,3
2020-07-09,Shasta,089,179085,293,155,1,156,5
2020-07-09,Sierra,091,2930,1,1,0,1,0
2020-07-09,Siskiyou,093,43540,55,31,0,31,0
2020-07-09,Solano,095,438530,2761,1892,9,1901,23
2020-07-09,Sonoma,097,501317,2131,1584,5,1589,13
2020-07-09,Stanislaus,099,539301,6665,4633,8,4641,46
2020-07-09,Sutter,101,95872,428,321,0,321,2
2020-07-09,Tehama,103,63373,140,102,2,104,1
2020-07-09,Trinity,105,12862,21,2,5,7,0
2020-07-09,Tulare,107,460477,7302,5501,22,5523,146
2020-07-09,Tuolumne,109,53932,85,47,4,51,0
2020-07-09,Ventura,111,848112,5930,4278,20,4298,47
2020-07-09,Yolo,113,214977,1142,764,3,767,27
2020-07-09,Yuba,115,75493,194,152,0,152,1
2020-07-08,Alameda,001,1643700,8977,7335,11,7346,142
2020-07-08,Alpine,003,1148,2,1,0,1,0
2020-07-08,Amador,005,37829,41,35,0,35,0
2020-07-08,Butte,007,227075,530,281,18,299,3
2020-07-08,Calaveras,009,45235,78,58,0,58,0
2020-07-08,Colusa,011,21464,176,90,0,90,0
2020-07-08,Contra Costa,013,1133247,5746,4268,9,4277,84
2020-07-08,Del Norte,015,27424,61,57,0,57,0
2020-07-08,El Dorado,017,186661,437,248,4,252,0
2020-07-08,Fresno,019,978130,13473,7102,95,7197,86
2020-07-08,Glenn,021,27897,214,146,0,146,0
2020-07-08,Humboldt,023,135768,193,162,1,163,4
2020-07-08,Imperial,025,180216,8943,6727,4,6731,76
2020-07-08,Inyo,027,18085,37,35,1,36,1
2020-07-08,Kern,029,883053,14200,5873,43,5916,91
2020-07-08,Kings,031,150075,3256,2629,14,2643,33
2020-07-08,Lake,033,64148,139,97,0,97,1
2020-07-08,Lassen,035,31185,337,221,2,223,0
2020-07-08,Los Angeles,037,10098052,143984,123462,117,123579,3650
2020-07-08,Madera,039,155013,1459,828,3,831,4
2020-07-08,Marin,041,260295,3962,2756,4,2760,17
2020-07-08,Mariposa,043,17540,38,31,0,31,1
2020-07-08,Mendocino,045,87422,132,84,0,84,0
2020-07-08,Merced,047,269075,2819,1578,2,1580,11
2020-07-08,Modoc,049,8938,1,0,0,0,0
2020-07-08,Mono,051,14174,60,45,0,45,1
2020-07-08,Monterey,053,433212,3034,2182,7,2189,17
2020-07-08,Napa,055,140530,645,468,0,468,4
2020-07-08,Nevada,057,99092,204,156,5,161,1
2020-07-08,Orange,059,3164182,30546,22088,342,22430,378
2020-07-08,Placer,061,380077,1326,948,3,951,11
2020-07-08,Plumas,063,18699,19,12,0,12,0
2020-07-08,Riverside,065,2383286,30628,24042,29,24071,508
2020-07-08,Sacramento,067,1510023,6678,4799,8,4807,80
2020-07-08,San Benito,069,59416,399,282,0,282,2
2020-07-08,San Bernardino,071,2135413,25699,16510,21,16531,296
2020-07-08,San Diego,073,3302833,22775,17844,2,17846,406
2020-07-08,San Francisco,075,870044,4873,4093,2,4095,50
2020-07-08,San Joaquin,077,732212,8089,5759,4,5763,61
2020-07-08,San Luis Obispo,079,281455,1271,825,7,832,2
2020-07-08,San Mateo,081,765935,4393,3733,7,3740,106
2020-07-08,Santa Barbara,083,443738,4788,3985,40,4025,28
2020-07-08,Santa Clara,085,1922200,7711,5510,19,5529,164
2020-07-08,Santa Cruz,087,273765,656,509,4,513,3
2020-07-08,Shasta,089,179085,284,148,1,149,6
2020-07-08,Sierra,091,2930,1,1,0,1,0
2020-07-08,Siskiyou,093,43540,55,31,0,31,0
2020-07-08,Solano,095,438530,2645,1821,9,1830,23
2020-07-08,Sonoma,097,501317,2055,1495,5,1500,9
2020-07-08,Stanislaus,099,539301,6365,4344,8,4352,46
2020-07-08,Sutter,101,95872,403,298,0,298,2
2020-07-08,Tehama,103,63373,134,100,2,102,1
2020-07-08,Trinity,105,12862,20,2,5,7,0
2020-07-08,Tulare,107,460477,7110,5307,17,5324,138
2020-07-08,Tuolumne,109,53932,81,42,4,46,0
2020-07-08,Ventura,111,848112,5765,4139,20,4159,47
2020-07-08,Yolo,113,214977,1098,727,3,730,26
2020-07-08,Yuba,115,75493,181,145,0,145,1
2020-07-07,Alameda,001,1643700,8657,7097,10,7107,141
2020-07-07,Alpine,003,1148,2,1,0,1,0
2020-07-07,Amador,005,37829,41,33,0,33,0
2020-07-07,Butte,007,227075,487,269,18,287,3
2020-07-07,Calaveras,009,45235,76,58,0,58,0
2020-07-07,Colusa,011,21464,143,84,0,84,0
2020-07-07,Contra Costa,013,1133247,5508,4131,8,4139,84
2020-07-07,Del Norte,015,27424,61,57,0,57,0
2020-07-07,El Dorado,017,186661,417,244,4,248,0
2020-07-07,Fresno,019,978130,13020,6738,95,6833,84
2020-07-07,Glenn,021,27897,205,145,0,145,0
2020-07-07,Humboldt,023,135768,190,150,1,151,4
2020-07-07,Imperial,025,180216,8845,6678,4,6682,51
2020-07-07,Inyo,027,18085,36,32,1,33,1
2020-07-07,Kern,029,883053,13501,5645,39,5684,88
2020-07-07,Kings,031,150075,3193,2623,13,2636,33
2020-07-07,Lake,033,64148,129,94,0,94,1
2020-07-07,Lassen,035,31185,266,219,2,221,0
2020-07-07,Los Angeles,037,10098052,140405,121026,110,121136,3588
2020-07-07,Madera,039,155013,1415,794,3,797,4
2020-07-07,Marin,041,260295,3870,2627,4,2631,17
2020-07-07,Mariposa,043,17540,38,31,0,31,1
2020-07-07,Mendocino,045,87422,124,82,0,82,0
2020-07-07,Merced,047,269075,2645,1531,2,1533,10
2020-07-07,Modoc,049,8938,1,0,0,0,0
2020-07-07,Mono,051,14174,59,42,0,42,1
2020-07-07,Monterey,053,433212,2891,2166,7,2173,17
2020-07-07,Napa,055,140530,626,459,0,459,4
2020-07-07,Nevada,057,99092,198,150,5,155,1
2020-07-07,Orange,059,3164182,29533,21741,329,22070,373
2020-07-07,Placer,061,380077,1285,930,3,933,11
2020-07-07,Plumas,063,18699,17,12,0,12,0
2020-07-07,Riverside,065,2383286,29612,23279,29,23308,499
2020-07-07,Sacramento,067,1510023,6336,4592,8,4600,76
2020-07-07,San Benito,069,59416,381,274,0,274,2
2020-07-07,San Bernardino,071,2135413,24829,16004,19,16023,277
2020-07-07,San Diego,073,3302833,22056,17580,2,17582,399
2020-07-07,San Francisco,075,870044,4781,4045,1,4046,50
2020-07-07,San Joaquin,077,732212,7747,5547,4,5551,59
2020-07-07,San Luis Obispo,079,281455,1210,795,7,802,2
2020-07-07,San Mateo,081,765935,4278,3691,7,3698,106
2020-07-07,Santa Barbara,083,443738,4660,3866,39,3905,27
2020-07-07,Santa Clara,085,1922200,7442,5438,19,5457,164
2020-07-07,Santa Cruz,087,273765,622,502,3,505,2
2020-07-07,Shasta,089,179085,271,144,1,145,6
2020-07-07,Sierra,091,2930,1,1,0,1,0
2020-07-07,Siskiyou,093,43540,54,30,0,30,0
2020-07-07,Solano,095,438530,2534,1776,8,1784,22
2020-07-07,Sonoma,097,501317,1985,1473,5,1478,8
2020-07-07,Stanislaus,099,539301,6027,4101,8,4109,46
2020-07-07,Sutter,101,95872,377,273,0,273,2
2020-07-07,Tehama,103,63373,125,95,2,97,1
2020-07-07,Trinity,105,12862,20,2,5,7,0
2020-07-07,Tulare,107,460477,6930,5189,16,5205,137
2020-07-07,Tuolumne,109,53932,75,40,4,44,0
2020-07-07,Ventura,111,848112,5596,3992,18,4010,46
2020-07-07,Yolo,113,214977,1030,706,3,709,26
2020-07-07,Yuba,115,75493,161,138,0,138,1
2020-07-06,Alameda,001,1643700,8422,6970,10,6980,141
2020-07-06,Alpine,003,1148,1,1,0,1,0
2020-07-06,Amador,005,37829,39,33,0,33,0
2020-07-06,Butte,007,227075,431,257,15,272,2
2020-07-06,Calaveras,009,45235,73,45,0,45,0
2020-07-06,Colusa,011,21464,134,80,0,80,0
2020-07-06,Contra Costa,013,1133247,5280,3901,7,3908,83
2020-07-06,Del Norte,015,27424,60,57,0,57,0
2020-07-06,El Dorado,017,186661,402,232,3,235,0
2020-07-06,Fresno,019,978130,12552,6364,89,6453,82
2020-07-06,Glenn,021,27897,197,129,0,129,0
2020-07-06,Humboldt,023,135768,188,148,1,149,3
2020-07-06,Imperial,025,180216,8727,6443,4,6447,47
2020-07-06,Inyo,027,18085,36,32,1,33,1
2020-07-06,Kern,029,883053,12695,5491,38,5529,82
2020-07-06,Kings,031,150075,3142,2583,9,2592,33
2020-07-06,Lake,033,64148,122,93,0,93,1
2020-07-06,Lassen,035,31185,264,219,2,221,0
2020-07-06,Los Angeles,037,10098052,136806,116707,97,116804,3541
2020-07-06,Madera,039,155013,1345,734,3,737,4
2020-07-06,Marin,041,260295,3630,2136,4,2140,17
2020-07-06,Mariposa,043,17540,36,31,0,31,1
2020-07-06,Mendocino,045,87422,107,72,0,72,0
2020-07-06,Merced,047,269075,2494,1396,2,1398,10
2020-07-06,Modoc,049,8938,1,0,0,0,0
2020-07-06,Mono,051,14174,58,40,0,40,1
2020-07-06,Monterey,053,433212,2802,2078,7,2085,15
2020-07-06,Napa,055,140530,608,454,0,454,4
2020-07-06,Nevada,057,99092,192,146,5,151,1
2020-07-06,Orange,059,3164182,28469,20167,292,20459,372
2020-07-06,Placer,061,380077,1222,904,3,907,11
2020-07-06,Plumas,063,18699,17,11,0,11,0
2020-07-06,Riverside,065,2383286,28557,22485,28,22513,477
2020-07-06,Sacramento,067,1510023,5985,4420,8,4428,71
2020-07-06,San Benito,069,59416,366,264,0,264,2
2020-07-06,San Bernardino,071,2135413,23976,15346,16,15362,272
2020-07-06,San Diego,073,3302833,21324,17002,2,17004,387
2020-07-06,San Francisco,075,870044,4660,3861,1,3862,50
2020-07-06,San Joaquin,077,732212,7376,5104,4,5108,57
2020-07-06,San Luis Obispo,079,281455,1152,751,7,758,2
2020-07-06,San Mateo,081,765935,4186,3650,6,3656,106
2020-07-06,Santa Barbara,083,443738,4523,3763,38,3801,27
2020-07-06,Santa Clara,085,1922200,7170,5369,19,5388,165
2020-07-06,Santa Cruz,087,273765,600,466,2,468,2
2020-07-06,Shasta,089,179085,261,143,1,144,6
2020-07-06,Sierra,091,2930,1,1,0,1,0
2020-07-06,Siskiyou,093,43540,50,30,0,30,0
2020-07-06,Solano,095,438530,2398,1668,8,1676,22
2020-07-06,Sonoma,097,501317,1921,1369,5,1374,8
2020-07-06,Stanislaus,099,539301,5625,3983,8,3991,46
2020-07-06,Sutter,101,95872,350,250,0,250,2
2020-07-06,Tehama,103,63373,122,95,2,97,1
2020-07-06,Trinity,105,12862,19,2,5,7,0
2020-07-06,Tulare,107,460477,6725,5039,14,5053,136
2020-07-06,Tuolumne,109,53932,72,30,4,34,0
2020-07-06,Ventura,111,848112,5403,3912,18,3930,44
2020-07-06,Yolo,113,214977,974,685,3,688,26
2020-07-06,Yuba,115,75493,147,124,0,124,1
2020-07-05,Alameda,001,1643700,8172,6861,10,6871,141
2020-07-05,Alpine,003,1148,1,1,0,1,0
2020-07-05,Amador,005,37829,37,31,0,31,0
2020-07-05,Butte,007,227075,396,248,15,263,2
2020-07-05,Calaveras,009,45235,69,45,0,45,0
2020-07-05,Colusa,011,21464,124,79,0,79,0
2020-07-05,Contra Costa,013,1133247,5033,3665,6,3671,80
2020-07-05,Del Norte,015,27424,60,57,0,57,0
2020-07-05,El Dorado,017,186661,384,227,3,230,0
2020-07-05,Fresno,019,978130,11985,6186,88,6274,82
2020-07-05,Glenn,021,27897,194,129,0,129,0
2020-07-05,Humboldt,023,135768,184,147,1,148,3
2020-07-05,Imperial,025,180216,8591,6441,4,6445,47
2020-07-05,Inyo,027,18085,35,32,1,33,1
2020-07-05,Kern,029,883053,11987,5351,38,5389,82
2020-07-05,Kings,031,150075,3059,2546,8,2554,31
2020-07-05,Lake,033,64148,122,92,0,92,1
2020-07-05,Lassen,035,31185,258,219,2,221,0
2020-07-05,Los Angeles,037,10098052,133576,115133,91,115224,3495
2020-07-05,Madera,039,155013,1268,564,3,567,4
2020-07-05,Marin,041,260295,3448,2080,4,2084,17
2020-07-05,Mariposa,043,17540,36,31,0,31,1
2020-07-05,Mendocino,045,87422,104,72,0,72,0
2020-07-05,Merced,047,269075,2350,1340,2,1342,10
2020-07-05,Modoc,049,8938,1,0,0,0,0
2020-07-05,Mono,051,14174,54,39,0,39,1
2020-07-05,Monterey,053,433212,2699,1994,7,2001,15
2020-07-05,Napa,055,140530,578,450,0,450,4
2020-07-05,Nevada,057,99092,186,141,5,146,1
2020-07-05,Orange,059,3164182,27528,19430,279,19709,372
2020-07-05,Placer,061,380077,1165,855,3,858,11
2020-07-05,Plumas,063,18699,16,11,0,11,0
2020-07-05,Riverside,065,2383286,27700,21511,28,21539,474
2020-07-05,Sacramento,067,1510023,5670,4265,7,4272,71
2020-07-05,San Benito,069,59416,348,258,0,258,2
2020-07-05,San Bernardino,071,2135413,23098,15026,16,15042,270
2020-07-05,San Diego,073,3302833,20633,16728,2,16730,387
2020-07-05,San Francisco,075,870044,4543,3861,1,3862,50
2020-07-05,San Joaquin,077,732212,7057,5015,4,5019,57
2020-07-05,San Luis Obispo,079,281455,1073,730,7,737,2
2020-07-05,San Mateo,081,765935,4076,3575,6,3581,106
2020-07-05,Santa Barbara,083,443738,4376,3671,35,3706,27
2020-07-05,Santa Clara,085,1922200,6874,5237,19,5256,162
2020-07-05,Santa Cruz,087,273765,582,467,0,467,2
2020-07-05,Shasta,089,179085,255,138,1,139,6
2020-07-05,Sierra,091,2930,1,1,0,1,0
2020-07-05,Siskiyou,093,43540,46,30,0,30,0
2020-07-05,Solano,095,438530,2277,1547,8,1555,22
2020-07-05,Sonoma,097,501317,1840,1369,5,1374,8
2020-07-05,Stanislaus,099,539301,5295,3777,7,3784,45
2020-07-05,Sutter,101,95872,322,241,0,241,2
2020-07-05,Tehama,103,63373,120,95,2,97,1
2020-07-05,Trinity,105,12862,19,2,5,7,0
2020-07-05,Tulare,107,460477,6466,4981,12,4993,135
2020-07-05,Tuolumne,109,53932,67,30,3,33,0
2020-07-05,Ventura,111,848112,5200,3866,18,3884,44
2020-07-05,Yolo,113,214977,934,644,3,647,26
2020-07-05,Yuba,115,75493,137,115,0,115,1
2020-07-04,Alameda,001,1643700,8060,6737,10,6747,141
2020-07-04,Alpine,003,1148,1,1,0,1,0
2020-07-04,Amador,005,37829,36,31,0,31,0
2020-07-04,Butte,007,227075,378,224,15,239,2
2020-07-04,Calaveras,009,45235,69,45,0,45,0
2020-07-04,Colusa,011,21464,123,76,0,76,0
2020-07-04,Contra Costa,013,1133247,4887,3583,6,3589,80
2020-07-04,Del Norte,015,27424,60,50,0,50,0
2020-07-04,El Dorado,017,186661,365,211,3,214,0
2020-07-04,Fresno,019,978130,11668,5999,86,6085,82
2020-07-04,Glenn,021,27897,187,128,0,128,0
2020-07-04,Humboldt,023,135768,177,144,1,145,3
2020-07-04,Imperial,025,180216,8542,6441,4,6445,47
2020-07-04,Inyo,027,18085,35,32,1,33,1
2020-07-04,Kern,029,883053,11683,5231,38,5269,81
2020-07-04,Kings,031,150075,3016,2509,8,2517,31
2020-07-04,Lake,033,64148,115,86,0,86,1
2020-07-04,Lassen,035,31185,258,219,2,221,0
2020-07-04,Los Angeles,037,10098052,131760,107256,80,107336,3462
2020-07-04,Madera,039,155013,1222,568,3,571,4
2020-07-04,Marin,041,260295,3419,1962,4,1966,17
2020-07-04,Mariposa,043,17540,36,28,0,28,1
2020-07-04,Mendocino,045,87422,104,72,0,72,0
2020-07-04,Merced,047,269075,2248,1252,2,1254,10
2020-07-04,Modoc,049,8938,1,0,0,0,0
2020-07-04,Mono,051,14174,54,37,0,37,1
2020-07-04,Monterey,053,433212,2619,1878,7,1885,15
2020-07-04,Napa,055,140530,569,426,0,426,4
2020-07-04,Nevada,057,99092,183,125,5,130,1
2020-07-04,Orange,059,3164182,27093,19247,266,19513,372
2020-07-04,Placer,061,380077,1130,796,3,799,11
2020-07-04,Plumas,063,18699,16,11,0,11,0
2020-07-04,Riverside,065,2383286,27334,21508,28,21536,474
2020-07-04,Sacramento,067,1510023,5499,4039,7,4046,71
2020-07-04,San Benito,069,59416,335,255,0,255,2
2020-07-04,San Bernardino,071,2135413,22672,14636,14,14650,270
2020-07-04,San Diego,073,3302833,20173,16166,2,16168,387
2020-07-04,San Francisco,075,870044,4451,3861,1,3862,50
2020-07-04,San Joaquin,077,732212,6845,4807,4,4811,57
2020-07-04,San Luis Obispo,079,281455,1033,699,7,706,2
2020-07-04,San Mateo,081,765935,4013,3532,6,3538,106
2020-07-04,Santa Barbara,083,443738,4301,3520,33,3553,27
2020-07-04,Santa Clara,085,1922200,6683,5045,18,5063,161
2020-07-04,Santa Cruz,087,273765,572,466,0,466,2
2020-07-04,Shasta,089,179085,252,135,1,136,6
2020-07-04,Sierra,091,2930,1,1,0,1,0
2020-07-04,Siskiyou,093,43540,39,30,0,30,0
2020-07-04,Solano,095,438530,2241,1548,8,1556,22
2020-07-04,Sonoma,097,501317,1814,1370,5,1375,8
2020-07-04,Stanislaus,099,539301,5137,3572,7,3579,44
2020-07-04,Sutter,101,95872,303,225,0,225,2
2020-07-04,Tehama,103,63373,117,92,2,94,1
2020-07-04,Trinity,105,12862,19,2,5,7,0
2020-07-04,Tulare,107,460477,6354,4802,12,4814,135
2020-07-04,Tuolumne,109,53932,63,30,3,33,0
2020-07-04,Ventura,111,848112,5076,3687,18,3705,44
2020-07-04,Yolo,113,214977,909,615,3,618,26
2020-07-04,Yuba,115,75493,130,102,0,102,1
2020-07-03,Alameda,001,1643700,7939,6486,10,6496,141
2020-07-03,Alpine,003,1148,1,1,0,1,0
2020-07-03,Amador,005,37829,36,25,0,25,0
2020-07-03,Butte,007,227075,366,212,15,227,2
2020-07-03,Calaveras,009,45235,69,44,0,44,0
2020-07-03,Colusa,011,21464,117,70,0,70,0
2020-07-03,Contra Costa,013,1133247,4751,3447,6,3453,78
2020-07-03,Del Norte,015,27424,60,50,0,50,0
2020-07-03,El Dorado,017,186661,353,201,3,204,0
2020-07-03,Fresno,019,978130,11363,5783,84,5867,81
2020-07-03,Glenn,021,27897,182,122,0,122,0
2020-07-03,Humboldt,023,135768,173,143,1,144,3
2020-07-03,Imperial,025,180216,8494,6345,4,6349,47
2020-07-03,Inyo,027,18085,35,32,1,33,1
2020-07-03,Kern,029,883053,11421,5213,38,5251,81
2020-07-03,Kings,031,150075,2980,2492,8,2500,31
2020-07-03,Lake,033,64148,108,83,0,83,0
2020-07-03,Lassen,035,31185,258,219,2,221,0
2020-07-03,Los Angeles,037,10098052,130247,107236,76,107312,3461
2020-07-03,Madera,039,155013,1178,565,3,568,4
2020-07-03,Marin,041,260295,3390,1776,4,1780,17
2020-07-03,Mariposa,043,17540,36,28,0,28,1
2020-07-03,Mendocino,045,87422,103,72,0,72,0
2020-07-03,Merced,047,269075,2182,1188,2,1190,10
2020-07-03,Modoc,049,8938,1,0,0,0,0
2020-07-03,Mono,051,14174,54,37,0,37,1
2020-07-03,Monterey,053,433212,2549,1804,7,1811,15
2020-07-03,Napa,055,140530,551,388,0,388,4
2020-07-03,Nevada,057,99092,182,125,5,130,1
2020-07-03,Orange,059,3164182,26702,18819,258,19077,366
2020-07-03,Placer,061,380077,1103,745,3,748,11
2020-07-03,Plumas,063,18699,16,11,0,11,0
2020-07-03,Riverside,065,2383286,27028,21171,28,21199,472
2020-07-03,Sacramento,067,1510023,5365,3711,7,3718,71
2020-07-03,San Benito,069,59416,328,243,0,243,2
2020-07-03,San Bernardino,071,2135413,22284,14040,14,14054,269
2020-07-03,San Diego,073,3302833,19718,15698,2,15700,387
2020-07-03,San Francisco,075,870044,4405,3781,1,3782,50
2020-07-03,San Joaquin,077,732212,6707,4416,3,4419,56
2020-07-03,San Luis Obispo,079,281455,998,676,7,683,2
2020-07-03,San Mateo,081,765935,3956,3439,6,3445,106
2020-07-03,Santa Barbara,083,443738,4214,3406,32,3438,27
2020-07-03,Santa Clara,085,1922200,6571,4820,18,4838,161
2020-07-03,Santa Cruz,087,273765,558,436,0,436,2
2020-07-03,Shasta,089,179085,244,113,1,114,6
2020-07-03,Sierra,091,2930,1,1,0,1,0
2020-07-03,Siskiyou,093,43540,36,30,0,30,0
2020-07-03,Solano,095,438530,2197,1496,7,1503,22
2020-07-03,Sonoma,097,501317,1766,1282,5,1287,8
2020-07-03,Stanislaus,099,539301,5013,3021,7,3028,43
2020-07-03,Sutter,101,95872,293,205,0,205,2
2020-07-03,Tehama,103,63373,115,89,2,91,1
2020-07-03,Trinity,105,12862,19,2,5,7,0
2020-07-03,Tulare,107,460477,6239,4656,12,4668,134
2020-07-03,Tuolumne,109,53932,61,27,3,30,0
2020-07-03,Ventura,111,848112,4980,3536,18,3554,44
2020-07-03,Yolo,113,214977,875,586,3,589,25
2020-07-03,Yuba,115,75493,125,96,0,96,1
2020-07-02,Alameda,001,1643700,7813,6386,10,6396,139
2020-07-02,Alpine,003,1148,1,1,0,1,0
2020-07-02,Amador,005,37829,35,23,0,23,0
2020-07-02,Butte,007,227075,349,199,15,214,2
2020-07-02,Calaveras,009,45235,65,42,0,42,0
2020-07-02,Colusa,011,21464,109,60,0,60,0
2020-07-02,Contra Costa,013,1133247,4569,3347,6,3353,77
2020-07-02,Del Norte,015,27424,59,50,0,50,0
2020-07-02,El Dorado,017,186661,342,193,3,196,0
2020-07-02,Fresno,019,978130,10902,5402,83,5485,78
2020-07-02,Glenn,021,27897,176,114,0,114,0
2020-07-02,Humboldt,023,135768,169,138,1,139,3
2020-07-02,Imperial,025,180216,8393,6236,4,6240,47
2020-07-02,Inyo,027,18085,35,29,1,30,1
2020-07-02,Kern,029,883053,10886,5036,36,5072,78
2020-07-02,Kings,031,150075,2929,2419,8,2427,31
2020-07-02,Lake,033,64148,104,81,0,81,0
2020-07-02,Lassen,035,31185,256,218,2,220,0
2020-07-02,Los Angeles,037,10098052,128230,107144,53,107197,3458
2020-07-02,Madera,039,155013,1110,548,3,551,4
2020-07-02,Marin,041,260295,3304,1706,4,1710,17
2020-07-02,Mariposa,043,17540,35,28,0,28,1
2020-07-02,Mendocino,045,87422,99,71,0,71,0
2020-07-02,Merced,047,269075,2085,1122,2,1124,10
2020-07-02,Modoc,049,8938,1,0,0,0,0
2020-07-02,Mono,051,14174,54,37,0,37,1
2020-07-02,Monterey,053,433212,2489,1796,7,1803,15
2020-07-02,Napa,055,140530,534,352,0,352,4
2020-07-02,Nevada,057,99092,176,118,4,122,1
2020-07-02,Orange,059,3164182,25939,17056,245,17301,360
2020-07-02,Placer,061,380077,1079,740,3,743,11
2020-07-02,Plumas,063,18699,15,8,0,8,0
2020-07-02,Riverside,065,2383286,26454,20253,28,20281,458
2020-07-02,Sacramento,067,1510023,5138,3587,7,3594,70
2020-07-02,San Benito,069,59416,320,236,0,236,2
2020-07-02,San Bernardino,071,2135413,21747,13185,14,13199,260
2020-07-02,San Diego,073,3302833,19253,15208,2,15210,377
2020-07-02,San Francisco,075,870044,4310,3676,1,3677,50
2020-07-02,San Joaquin,077,732212,6360,4243,3,4246,56
2020-07-02,San Luis Obispo,079,281455,953,659,7,666,2
2020-07-02,San Mateo,081,765935,3876,3390,6,3396,107
2020-07-02,Santa Barbara,083,443738,4114,3385,30,3415,27
2020-07-02,Santa Clara,085,1922200,6444,4722,18,4740,160
2020-07-02,Santa Cruz,087,273765,535,414,0,414,2
2020-07-02,Shasta,089,179085,241,110,1,111,5
2020-07-02,Sierra,091,2930,1,1,0,1,0
2020-07-02,Siskiyou,093,43540,36,30,0,30,0
2020-07-02,Solano,095,438530,2114,1429,7,1436,21
2020-07-02,Sonoma,097,501317,1708,1244,5,1249,6
2020-07-02,Stanislaus,099,539301,4841,2850,7,2857,41
2020-07-02,Sutter,101,95872,282,195,0,195,2
2020-07-02,Tehama,103,63373,113,86,2,88,1
2020-07-02,Trinity,105,12862,19,2,5,7,0
2020-07-02,Tulare,107,460477,6072,4559,11,4570,132
2020-07-02,Tuolumne,109,53932,58,23,2,25,0
2020-07-02,Ventura,111,848112,4824,3394,18,3412,42
2020-07-02,Yolo,113,214977,843,554,3,557,24
2020-07-02,Yuba,115,75493,115,93,0,93,1
2020-07-01,Alameda,001,1643700,7595,6125,10,6135,137
2020-07-01,Alpine,003,1148,1,1,0,1,0
2020-07-01,Amador,005,37829,34,22,0,22,0
2020-07-01,Butte,007,227075,324,185,15,200,2
2020-07-01,Calaveras,009,45235,63,37,0,37,0
2020-07-01,Colusa,011,21464,103,53,0,53,0
2020-07-01,Contra Costa,013,1133247,4356,3259,6,3265,76
2020-07-01,Del Norte,015,27424,59,50,0,50,0
2020-07-01,El Dorado,017,186661,315,183,3,186,0
2020-07-01,Fresno,019,978130,10468,5111,80,5191,76
2020-07-01,Glenn,021,27897,170,110,0,110,0
2020-07-01,Humboldt,023,135768,164,134,0,134,3
2020-07-01,Imperial,025,180216,8296,6150,4,6154,46
2020-07-01,Inyo,027,18085,34,30,1,31,1
2020-07-01,Kern,029,883053,10252,4853,35,4888,78
2020-07-01,Kings,031,150075,2861,2360,8,2368,30
2020-07-01,Lake,033,64148,103,75,0,75,0
2020-07-01,Lassen,035,31185,255,217,2,219,0
2020-07-01,Los Angeles,037,10098052,125031,105325,44,105369,3408
2020-07-01,Madera,039,155013,1069,519,3,522,4
2020-07-01,Marin,041,260295,3147,1636,4,1640,17
2020-07-01,Mariposa,043,17540,35,29,0,29,1
2020-07-01,Mendocino,045,87422,95,70,0,70,0
2020-07-01,Merced,047,269075,1986,1052,2,1054,10
2020-07-01,Modoc,049,8938,1,0,0,0,0
2020-07-01,Mono,051,14174,51,37,0,37,1
2020-07-01,Monterey,053,433212,2381,1703,6,1709,15
2020-07-01,Napa,055,140530,511,347,0,347,4
2020-07-01,Nevada,057,99092,166,115,4,119,1
2020-07-01,Orange,059,3164182,25054,15662,224,15886,343
2020-07-01,Placer,061,380077,1032,713,3,716,11
2020-07-01,Plumas,063,18699,13,8,0,8,0
2020-07-01,Riverside,065,2383286,25611,19537,27,19564,457
2020-07-01,Sacramento,067,1510023,4883,3425,7,3432,64
2020-07-01,San Benito,069,59416,311,219,0,219,2
2020-07-01,San Bernardino,071,2135413,20853,12712,11,12723,253
2020-07-01,San Diego,073,3302833,18685,14624,2,14626,372
2020-07-01,San Francisco,075,870044,4217,3626,1,3627,50
2020-07-01,San Joaquin,077,732212,6002,3990,3,3993,54
2020-07-01,San Luis Obispo,079,281455,926,613,7,620,1
2020-07-01,San Mateo,081,765935,3814,3326,6,3332,84
2020-07-01,Santa Barbara,083,443738,3994,3268,29,3297,27
2020-07-01,Santa Clara,085,1922200,6258,4547,17,4564,159
2020-07-01,Santa Cruz,087,273765,511,398,0,398,2
2020-07-01,Shasta,089,179085,236,104,1,105,5
2020-07-01,Sierra,091,2930,1,1,0,1,0
2020-07-01,Siskiyou,093,43540,36,28,0,28,0
2020-07-01,Solano,095,438530,2022,1350,7,1357,21
2020-07-01,Sonoma,097,501317,1613,1178,5,1183,6
2020-07-01,Stanislaus,099,539301,4563,2619,7,2626,41
2020-07-01,Sutter,101,95872,269,188,0,188,2
2020-07-01,Tehama,103,63373,106,80,2,82,1
2020-07-01,Trinity,105,12862,19,2,4,6,0
2020-07-01,Tulare,107,460477,5894,4359,11,4370,128
2020-07-01,Tuolumne,109,53932,55,17,2,19,0
2020-07-01,Ventura,111,848112,4682,3224,16,3240,41
2020-07-01,Yolo,113,214977,792,526,3,529,24
2020-07-01,Yuba,115,75493,110,57,0,57,1
2020-06-30,Alameda,001,1643700,7348,5959,8,5967,137
2020-06-30,Alpine,003,1148,1,1,0,1,0
2020-06-30,Amador,005,37829,34,21,0,21,0
2020-06-30,Butte,007,227075,307,163,14,177,2
2020-06-30,Calaveras,009,45235,59,31,0,31,0
2020-06-30,Colusa,011,21464,94,33,0,33,0
2020-06-30,Contra Costa,013,1133247,4145,3140,6,3146,75
2020-06-30,Del Norte,015,27424,59,48,0,48,0
2020-06-30,El Dorado,017,186661,302,175,3,178,0
2020-06-30,Fresno,019,978130,10023,4826,75,4901,75
2020-06-30,Glenn,021,27897,165,96,0,96,0
2020-06-30,Humboldt,023,135768,160,132,0,132,3
2020-06-30,Imperial,025,180216,8197,5968,4,5972,45
2020-06-30,Inyo,027,18085,34,30,1,31,1
2020-06-30,Kern,029,883053,9605,4721,32,4753,75
2020-06-30,Kings,031,150075,2812,2315,5,2320,30
2020-06-30,Lake,033,64148,95,56,0,56,0
2020-06-30,Lassen,035,31185,248,215,2,217,0
2020-06-30,Los Angeles,037,10098052,121449,103640,41,103681,3378
2020-06-30,Madera,039,155013,1012,475,3,478,4
2020-06-30,Marin,041,260295,3076,1614,4,1618,17
2020-06-30,Mariposa,043,17540,34,27,0,27,1
2020-06-30,Mendocino,045,87422,90,65,0,65,0
2020-06-30,Merced,047,269075,1849,970,2,972,10
2020-06-30,Modoc,049,8938,1,0,0,0,0
2020-06-30,Mono,051,14174,49,36,0,36,1
2020-06-30,Monterey,053,433212,2284,1657,6,1663,15
2020-06-30,Napa,055,140530,486,342,0,342,4
2020-06-30,Nevada,057,99092,158,113,4,117,1
2020-06-30,Orange,059,3164182,24120,14354,214,14568,335
2020-06-30,Placer,061,380077,1005,667,3,670,11
2020-06-30,Plumas,063,18699,12,8,0,8,0
2020-06-30,Riverside,065,2383286,24893,18656,26,18682,449
2020-06-30,Sacramento,067,1510023,4594,3246,7,3253,64
2020-06-30,San Benito,069,59416,300,200,0,200,2
2020-06-30,San Bernardino,071,2135413,19872,12375,10,12385,249
2020-06-30,San Diego,073,3302833,17980,14150,2,14152,365
2020-06-30,San Francisco,075,870044,4112,3555,1,3556,50
2020-06-30,San Joaquin,077,732212,5628,3744,3,3747,52
2020-06-30,San Luis Obispo,079,281455,888,583,7,590,1
2020-06-30,San Mateo,081,765935,3736,3268,6,3274,84
2020-06-30,Santa Barbara,083,443738,3878,3102,29,3131,25
2020-06-30,Santa Clara,085,1922200,6055,4346,17,4363,157
2020-06-30,Santa Cruz,087,273765,485,379,0,379,2
2020-06-30,Shasta,089,179085,220,100,1,101,5
2020-06-30,Sierra,091,2930,1,1,0,1,0
2020-06-30,Siskiyou,093,43540,35,26,0,26,0
2020-06-30,Solano,095,438530,1930,1256,7,1263,21
2020-06-30,Sonoma,097,501317,1550,1122,5,1127,6
2020-06-30,Stanislaus,099,539301,4266,2578,7,2585,41
2020-06-30,Sutter,101,95872,246,168,0,168,2
2020-06-30,Tehama,103,63373,104,75,2,77,1
2020-06-30,Trinity,105,12862,19,2,4,6,0
2020-06-30,Tulare,107,460477,5685,4207,11,4218,117
2020-06-30,Tuolumne,109,53932,51,16,2,18,0
2020-06-30,Ventura,111,848112,4548,3030,16,3046,40
2020-06-30,Yolo,113,214977,754,515,3,518,24
2020-06-30,Yuba,115,75493,106,55,0,55,1
2020-06-29,Alameda,001,1643700,7140,5766,8,5774,135
2020-06-29,Alpine,003,1148,1,1,0,1,0
2020-06-29,Amador,005,37829,31,20,0,20,0
2020-06-29,Butte,007,227075,286,157,14,171,2
2020-06-29,Calaveras,009,45235,56,30,0,30,0
2020-06-29,Colusa,011,21464,89,17,0,17,0
2020-06-29,Contra Costa,013,1133247,3981,2976,5,2981,75
2020-06-29,Del Norte,015,27424,59,47,0,47,0
2020-06-29,El Dorado,017,186661,288,163,1,164,0
2020-06-29,Fresno,019,978130,9676,4531,73,4604,74
2020-06-29,Glenn,021,27897,156,77,0,77,0
2020-06-29,Humboldt,023,135768,159,128,0,128,3
2020-06-29,Imperial,025,180216,8067,5512,4,5516,45
2020-06-29,Inyo,027,18085,33,29,0,29,1
2020-06-29,Kern,029,883053,8942,4613,30,4643,73
2020-06-29,Kings,031,150075,2747,2280,5,2285,20
2020-06-29,Lake,033,64148,88,53,0,53,0
2020-06-29,Lassen,035,31185,240,77,2,79,0
2020-06-29,Los Angeles,037,10098052,118411,100846,36,100882,3337
2020-06-29,Madera,039,155013,955,422,3,425,4
2020-06-29,Marin,041,260295,3000,1517,4,1521,17
2020-06-29,Mariposa,043,17540,32,25,0,25,1
2020-06-29,Mendocino,045,87422,87,63,0,63,0
2020-06-29,Merced,047,269075,1743,848,2,850,10
2020-06-29,Modoc,049,8938,1,0,0,0,0
2020-06-29,Mono,051,14174,47,35,0,35,1
2020-06-29,Monterey,053,433212,2212,1614,6,1620,14
2020-06-29,Napa,055,140530,464,317,0,317,4
2020-06-29,Nevada,057,99092,155,107,3,110,1
2020-06-29,Orange,059,3164182,23129,13682,199,13881,324
2020-06-29,Placer,061,380077,969,628,3,631,11
2020-06-29,Plumas,063,18699,12,6,0,6,0
2020-06-29,Riverside,065,2383286,23859,17683,26,17709,432
2020-06-29,Sacramento,067,1510023,4307,2985,7,2992,62
2020-06-29,San Benito,069,59416,285,193,0,193,2
2020-06-29,San Bernardino,071,2135413,18909,11643,10,11653,245
2020-06-29,San Diego,073,3302833,17402,13834,2,13836,361
2020-06-29,San Francisco,075,870044,4035,3389,1,3390,50
2020-06-29,San Joaquin,077,732212,5270,3202,3,3205,52
2020-06-29,San Luis Obispo,079,281455,854,544,7,551,1
2020-06-29,San Mateo,081,765935,3682,3170,6,3176,84
2020-06-29,Santa Barbara,083,443738,3769,2933,28,2961,25
2020-06-29,Santa Clara,085,1922200,5885,4231,17,4248,157
2020-06-29,Santa Cruz,087,273765,467,348,0,348,2
2020-06-29,Shasta,089,179085,212,94,1,95,5
2020-06-29,Sierra,091,2930,1,1,0,1,0
2020-06-29,Siskiyou,093,43540,35,25,0,25,0
2020-06-29,Solano,095,438530,1827,1077,7,1084,21
2020-06-29,Sonoma,097,501317,1478,1103,5,1108,5
2020-06-29,Stanislaus,099,539301,4060,2400,6,2406,36
2020-06-29,Sutter,101,95872,224,152,0,152,2
2020-06-29,Tehama,103,63373,100,63,2,65,1
2020-06-29,Trinity,105,12862,18,2,4,6,0
2020-06-29,Tulare,107,460477,5531,3906,10,3916,117
2020-06-29,Tuolumne,109,53932,47,16,2,18,0
2020-06-29,Ventura,111,848112,4401,2794,16,2810,40
2020-06-29,Yolo,113,214977,721,483,3,486,24
2020-06-29,Yuba,115,75493,93,55,0,55,1
2020-06-28,Alameda,001,1643700,6879,5698,8,5706,135
2020-06-28,Alpine,003,1148,1,1,0,1,0
2020-06-28,Amador,005,37829,29,20,0,20,0
2020-06-28,Butte,007,227075,267,150,13,163,2
2020-06-28,Calaveras,009,45235,51,30,0,30,0
2020-06-28,Colusa,011,21464,74,17,0,17,0
2020-06-28,Contra Costa,013,1133247,3791,2803,4,2807,73
2020-06-28,Del Norte,015,27424,58,47,0,47,0
2020-06-28,El Dorado,017,186661,276,162,1,163,0
2020-06-28,Fresno,019,978130,9313,4365,73,4438,74
2020-06-28,Glenn,021,27897,148,77,0,77,0
2020-06-28,Humboldt,023,135768,156,127,0,127,3
2020-06-28,Imperial,025,180216,7877,5513,4,5517,45
2020-06-28,Inyo,027,18085,33,29,0,29,1
2020-06-28,Kern,029,883053,8391,4541,27,4568,72
2020-06-28,Kings,031,150075,2687,2234,5,2239,18
2020-06-28,Lake,033,64148,84,53,0,53,0
2020-06-28,Lassen,035,31185,240,77,2,79,0
2020-06-28,Los Angeles,037,10098052,115208,98003,32,98035,3316
2020-06-28,Madera,039,155013,907,424,3,427,4
2020-06-28,Marin,041,260295,2654,1473,4,1477,17
2020-06-28,Mariposa,043,17540,32,24,0,24,1
2020-06-28,Mendocino,045,87422,85,63,0,63,0
2020-06-28,Merced,047,269075,1630,814,2,816,10
2020-06-28,Modoc,049,8938,1,0,0,0,0
2020-06-28,Mono,051,14174,47,35,0,35,1
2020-06-28,Monterey,053,433212,2130,1560,6,1566,13
2020-06-28,Napa,055,140530,430,307,0,307,4
2020-06-28,Nevada,057,99092,144,102,3,105,1
2020-06-28,Orange,059,3164182,22154,13213,181,13394,324
2020-06-28,Placer,061,380077,930,618,3,621,11
2020-06-28,Plumas,063,18699,11,6,0,6,0
2020-06-28,Riverside,065,2383286,23031,16848,25,16873,432
2020-06-28,Sacramento,067,1510023,4079,2803,7,2810,63
2020-06-28,San Benito,069,59416,274,190,0,190,2
2020-06-28,San Bernardino,071,2135413,18156,11344,9,11353,245
2020-06-28,San Diego,073,3302833,16857,13333,2,13335,361
2020-06-28,San Francisco,075,870044,3957,3388,1,3389,50
2020-06-28,San Joaquin,077,732212,4933,3201,3,3204,52
2020-06-28,San Luis Obispo,079,281455,815,531,6,537,1
2020-06-28,San Mateo,081,765935,3605,3124,5,3129,84
2020-06-28,Santa Barbara,083,443738,3624,2872,28,2900,25
2020-06-28,Santa Clara,085,1922200,5723,4131,17,4148,156
2020-06-28,Santa Cruz,087,273765,444,349,0,349,2
2020-06-28,Shasta,089,179085,199,89,0,89,5
2020-06-28,Sierra,091,2930,1,1,0,1,0
2020-06-28,Siskiyou,093,43540,35,25,0,25,0
2020-06-28,Solano,095,438530,1752,1077,7,1084,21
2020-06-28,Sonoma,097,501317,1424,1084,5,1089,5
2020-06-28,Stanislaus,099,539301,3854,2376,6,2382,36
2020-06-28,Sutter,101,95872,198,145,0,145,2
2020-06-28,Tehama,103,63373,93,63,2,65,1
2020-06-28,Trinity,105,12862,17,2,4,6,0
2020-06-28,Tulare,107,460477,5363,3812,10,3822,117
2020-06-28,Tuolumne,109,53932,42,14,2,16,0
2020-06-28,Ventura,111,848112,4243,2650,16,2666,40
2020-06-28,Yolo,113,214977,686,468,3,471,24
2020-06-28,Yuba,115,75493,89,39,0,39,1
2020-06-27,Alameda,001,1643700,6783,5581,8,5589,135
2020-06-27,Alpine,003,1148,1,1,0,1,0
2020-06-27,Amador,005,37829,27,20,0,20,0
2020-06-27,Butte,007,227075,259,137,12,149,2
2020-06-27,Calaveras,009,45235,49,30,0,30,0
2020-06-27,Colusa,011,21464,68,17,0,17,0
2020-06-27,Contra Costa,013,1133247,3697,2717,3,2720,72
2020-06-27,Del Norte,015,27424,58,47,0,47,0
2020-06-27,El Dorado,017,186661,270,159,1,160,0
2020-06-27,Fresno,019,978130,9067,4238,73,4311,74
2020-06-27,Glenn,021,27897,144,77,0,77,0
2020-06-27,Humboldt,023,135768,154,127,0,127,3
2020-06-27,Imperial,025,180216,7816,5513,4,5517,45
2020-06-27,Inyo,027,18085,33,29,0,29,1
2020-06-27,Kern,029,883053,8128,4411,26,4437,70
2020-06-27,Kings,031,150075,2661,2187,5,2192,18
2020-06-27,Lake,033,64148,81,42,0,42,0
2020-06-27,Lassen,035,31185,240,33,2,35,0
2020-06-27,Los Angeles,037,10098052,113466,95341,29,95370,3291
2020-06-27,Madera,039,155013,864,427,2,429,4
2020-06-27,Marin,041,260295,2609,1423,4,1427,17
2020-06-27,Mariposa,043,17540,31,22,0,22,1
2020-06-27,Mendocino,045,87422,85,63,0,63,0
2020-06-27,Merced,047,269075,1572,807,1,808,10
2020-06-27,Modoc,049,8938,1,0,0,0,0
2020-06-27,Mono,051,14174,46,35,0,35,1
2020-06-27,Monterey,053,433212,2066,1455,6,1461,12
2020-06-27,Napa,055,140530,420,282,0,282,3
2020-06-27,Nevada,057,99092,140,102,2,104,1
2020-06-27,Orange,059,3164182,21643,12951,176,13127,320
2020-06-27,Placer,061,380077,909,584,3,587,10
2020-06-27,Plumas,063,18699,11,6,0,6,0
2020-06-27,Riverside,065,2383286,22641,16209,25,16234,432
2020-06-27,Sacramento,067,1510023,3962,2685,7,2692,63
2020-06-27,San Benito,069,59416,267,182,0,182,2
2020-06-27,San Bernardino,071,2135413,17780,11238,9,11247,243
2020-06-27,San Diego,073,3302833,16492,12836,2,12838,360
2020-06-27,San Francisco,075,870044,3902,3332,1,3333,49
2020-06-27,San Joaquin,077,732212,4767,2995,3,2998,52
2020-06-27,San Luis Obispo,079,281455,792,505,6,511,1
2020-06-27,San Mateo,081,765935,3548,3083,5,3088,83
2020-06-27,Santa Barbara,083,443738,3552,2799,28,2827,25
2020-06-27,Santa Clara,085,1922200,5617,4006,17,4023,157
2020-06-27,Santa Cruz,087,273765,437,347,0,347,2
2020-06-27,Shasta,089,179085,193,87,0,87,5
2020-06-27,Sierra,091,2930,1,1,0,1,0
2020-06-27,Siskiyou,093,43540,35,25,0,25,0
2020-06-27,Solano,095,438530,1719,1076,7,1083,21
2020-06-27,Sonoma,097,501317,1391,1004,5,1009,5
2020-06-27,Stanislaus,099,539301,3754,2164,6,2170,36
2020-06-27,Sutter,101,95872,191,141,0,141,2
2020-06-27,Tehama,103,63373,90,63,2,65,1
2020-06-27,Trinity,105,12862,17,2,4,6,0
2020-06-27,Tulare,107,460477,5266,3810,10,3820,117
2020-06-27,Tuolumne,109,53932,41,13,2,15,0
2020-06-27,Ventura,111,848112,4144,2471,16,2487,40
2020-06-27,Yolo,113,214977,662,432,3,435,24
2020-06-27,Yuba,115,75493,81,39,0,39,1
2020-06-26,Alameda,001,1643700,6697,5502,7,5509,132
2020-06-26,Alpine,003,1148,1,1,0,1,0
2020-06-26,Amador,005,37829,26,20,0,20,0
2020-06-26,Butte,007,227075,244,135,12,147,2
2020-06-26,Calaveras,009,45235,47,30,0,30,0
2020-06-26,Colusa,011,21464,63,17,0,17,0
2020-06-26,Contra Costa,013,1133247,3584,2676,3,2679,72
2020-06-26,Del Norte,015,27424,57,47,0,47,0
2020-06-26,El Dorado,017,186661,262,159,1,160,0
2020-06-26,Fresno,019,978130,8841,4166,73,4239,74
2020-06-26,Glenn,021,27897,137,71,0,71,0
2020-06-26,Humboldt,023,135768,152,126,0,126,3
2020-06-26,Imperial,025,180216,7753,5400,4,5404,44
2020-06-26,Inyo,027,18085,32,29,0,29,1
2020-06-26,Kern,029,883053,7798,4366,26,4392,70
2020-06-26,Kings,031,150075,2629,2176,4,2180,18
2020-06-26,Lake,033,64148,80,42,0,42,0
2020-06-26,Lassen,035,31185,239,30,2,32,0
2020-06-26,Los Angeles,037,10098052,111302,93328,29,93357,3275
2020-06-26,Madera,039,155013,832,409,2,411,4
2020-06-26,Marin,041,260295,2572,1406,4,1410,17
2020-06-26,Mariposa,043,17540,30,21,0,21,1
2020-06-26,Mendocino,045,87422,82,63,0,63,0
2020-06-26,Merced,047,269075,1526,797,1,798,10
2020-06-26,Modoc,049,8938,1,0,0,0,0
2020-06-26,Mono,051,14174,45,35,0,35,1
2020-06-26,Monterey,053,433212,2014,1449,6,1455,12
2020-06-26,Napa,055,140530,410,277,0,277,3
2020-06-26,Nevada,057,99092,136,101,1,102,1
2020-06-26,Orange,059,3164182,20967,12659,173,12832,320
2020-06-26,Placer,061,380077,880,584,3,587,10
2020-06-26,Plumas,063,18699,11,6,0,6,0
2020-06-26,Riverside,065,2383286,22178,15858,25,15883,430
2020-06-26,Sacramento,067,1510023,3797,2687,7,2694,63
2020-06-26,San Benito,069,59416,263,176,0,176,2
2020-06-26,San Bernardino,071,2135413,17402,11111,9,11120,243
2020-06-26,San Diego,073,3302833,16127,12402,2,12404,358
2020-06-26,San Francisco,075,870044,3847,3330,1,3331,49
2020-06-26,San Joaquin,077,732212,4553,2943,3,2946,52
2020-06-26,San Luis Obispo,079,281455,777,498,6,504,1
2020-06-26,San Mateo,081,765935,3496,3055,5,3060,83
2020-06-26,Santa Barbara,083,443738,3462,2784,26,2810,25
2020-06-26,Santa Clara,085,1922200,5517,3968,17,3985,156
2020-06-26,Santa Cruz,087,273765,430,344,0,344,2
2020-06-26,Shasta,089,179085,186,86,0,86,5
2020-06-26,Sierra,091,2930,1,1,0,1,0
2020-06-26,Siskiyou,093,43540,34,24,0,24,0
2020-06-26,Solano,095,438530,1677,1068,7,1075,21
2020-06-26,Sonoma,097,501317,1360,977,5,982,5
2020-06-26,Stanislaus,099,539301,3641,2157,6,2163,36
2020-06-26,Sutter,101,95872,184,138,0,138,2
2020-06-26,Tehama,103,63373,87,63,2,65,1
2020-06-26,Trinity,105,12862,17,2,4,6,0
2020-06-26,Tulare,107,460477,5177,3720,10,3730,117
2020-06-26,Tuolumne,109,53932,39,10,2,12,0
2020-06-26,Ventura,111,848112,4058,2444,16,2460,40
2020-06-26,Yolo,113,214977,639,418,3,421,24
2020-06-26,Yuba,115,75493,75,38,0,38,1
2020-06-25,Alameda,001,1643700,6508,5398,7,5405,130
2020-06-25,Alpine,003,1148,1,1,0,1,0
2020-06-25,Amador,005,37829,25,18,0,18,0
2020-06-25,Butte,007,227075,239,127,12,139,1
2020-06-25,Calaveras,009,45235,42,26,0,26,0
2020-06-25,Colusa,011,21464,53,14,0,14,0
2020-06-25,Contra Costa,013,1133247,3399,2591,3,2594,71
2020-06-25,Del Norte,015,27424,55,47,0,47,0
2020-06-25,El Dorado,017,186661,254,150,1,151,0
2020-06-25,Fresno,019,978130,8528,3938,72,4010,71
2020-06-25,Glenn,021,27897,132,59,0,59,0
2020-06-25,Humboldt,023,135768,151,121,0,121,3
2020-06-25,Imperial,025,180216,7624,5192,4,5196,44
2020-06-25,Inyo,027,18085,29,27,0,27,1
2020-06-25,Kern,029,883053,7374,4236,23,4259,69
2020-06-25,Kings,031,150075,2577,2110,4,2114,17
2020-06-25,Lake,033,64148,79,42,0,42,0
2020-06-25,Lassen,035,31185,233,13,2,15,0
2020-06-25,Los Angeles,037,10098052,108534,91524,29,91553,3239
2020-06-25,Madera,039,155013,788,380,2,382,4
2020-06-25,Marin,041,260295,2470,1321,4,1325,17
2020-06-25,Mariposa,043,17540,29,20,0,20,1
2020-06-25,Mendocino,045,87422,79,61,0,61,0
2020-06-25,Merced,047,269075,1439,747,1,748,10
2020-06-25,Modoc,049,8938,1,0,0,0,0
2020-06-25,Mono,051,14174,44,35,0,35,1
2020-06-25,Monterey,053,433212,1926,1426,5,1431,12
2020-06-25,Napa,055,140530,392,260,0,260,3
2020-06-25,Nevada,057,99092,128,92,1,93,1
2020-06-25,Orange,059,3164182,20044,12221,171,12392,311
2020-06-25,Placer,061,380077,826,574,3,577,10
2020-06-25,Plumas,063,18699,10,6,0,6,0
2020-06-25,Riverside,065,2383286,21423,15224,25,15249,427
2020-06-25,Sacramento,067,1510023,3574,2519,7,2526,62
2020-06-25,San Benito,069,59416,255,174,0,174,2
2020-06-25,San Bernardino,071,2135413,16651,10590,9,10599,242
2020-06-25,San Diego,073,3302833,15588,11963,2,11965,352
2020-06-25,San Francisco,075,870044,3781,3252,1,3253,48
2020-06-25,San Joaquin,077,732212,4281,2803,3,2806,50
2020-06-25,San Luis Obispo,079,281455,745,473,6,479,1
2020-06-25,San Mateo,081,765935,3428,2996,4,3000,82
2020-06-25,Santa Barbara,083,443738,3357,2622,25,2647,25
2020-06-25,Santa Clara,085,1922200,5367,3871,17,3888,156
2020-06-25,Santa Cruz,087,273765,418,335,0,335,2
2020-06-25,Shasta,089,179085,176,84,0,84,5
2020-06-25,Sierra,091,2930,1,1,0,1,0
2020-06-25,Siskiyou,093,43540,33,24,0,24,0
2020-06-25,Solano,095,438530,1624,1034,7,1041,21
2020-06-25,Sonoma,097,501317,1311,953,4,957,5
2020-06-25,Stanislaus,099,539301,3429,2130,6,2136,36
2020-06-25,Sutter,101,95872,172,126,0,126,2
2020-06-25,Tehama,103,63373,83,59,2,61,1
2020-06-25,Trinity,105,12862,17,2,4,6,0
2020-06-25,Tulare,107,460477,5046,3656,10,3666,117
2020-06-25,Tuolumne,109,53932,38,10,1,11,0
2020-06-25,Ventura,111,848112,3876,2346,15,2361,40
2020-06-25,Yolo,113,214977,610,397,3,400,24
2020-06-25,Yuba,115,75493,64,38,0,38,1
2020-06-24,Alameda,001,1643700,6346,5242,7,5249,123
2020-06-24,Alpine,003,1148,1,1,0,1,0
2020-06-24,Amador,005,37829,23,16,0,16,0
2020-06-24,Butte,007,227075,223,119,11,130,1
2020-06-24,Calaveras,009,45235,40,26,0,26,0
2020-06-24,Colusa,011,21464,44,11,0,11,0
2020-06-24,Contra Costa,013,1133247,3243,2520,3,2523,66
2020-06-24,Del Norte,015,27424,49,47,0,47,0
2020-06-24,El Dorado,017,186661,238,149,1,150,0
2020-06-24,Fresno,019,978130,8197,3765,72,3837,71
2020-06-24,Glenn,021,27897,124,54,0,54,0
2020-06-24,Humboldt,023,135768,151,117,0,117,3
2020-06-24,Imperial,025,180216,7506,5138,4,5142,38
2020-06-24,Inyo,027,18085,29,28,0,28,1
2020-06-24,Kern,029,883053,6981,4155,21,4176,67
2020-06-24,Kings,031,150075,2513,2063,4,2067,16
2020-06-24,Lake,033,64148,66,40,0,40,0
2020-06-24,Lassen,035,31185,232,9,2,11,0
2020-06-24,Los Angeles,037,10098052,105773,89566,29,89595,3186
2020-06-24,Madera,039,155013,766,373,2,375,4
2020-06-24,Marin,041,260295,2242,1261,4,1265,17
2020-06-24,Mariposa,043,17540,28,19,0,19,1
2020-06-24,Mendocino,045,87422,79,60,0,60,0
2020-06-24,Merced,047,269075,1353,696,1,697,8
2020-06-24,Modoc,049,8938,1,0,0,0,0
2020-06-24,Mono,051,14174,42,35,0,35,1
2020-06-24,Monterey,053,433212,1850,1407,5,1412,12
2020-06-24,Napa,055,140530,375,258,0,258,3
2020-06-24,Nevada,057,99092,122,92,1,93,1
2020-06-24,Orange,059,3164182,19047,11804,153,11957,303
2020-06-24,Placer,061,380077,787,548,3,551,10
2020-06-24,Plumas,063,18699,10,6,0,6,0
2020-06-24,Riverside,065,2383286,20575,14946,25,14971,410
2020-06-24,Sacramento,067,1510023,3370,2446,6,2452,62
2020-06-24,San Benito,069,59416,251,171,0,171,2
2020-06-24,San Bernardino,071,2135413,15836,10211,9,10220,239
2020-06-24,San Diego,073,3302833,15085,11628,2,11630,347
2020-06-24,San Francisco,075,870044,3718,3216,1,3217,48
2020-06-24,San Joaquin,077,732212,4060,2680,3,2683,49
2020-06-24,San Luis Obispo,079,281455,714,461,5,466,1
2020-06-24,San Mateo,081,765935,3371,2964,4,2968,82
2020-06-24,Santa Barbara,083,443738,3238,2569,23,2592,22
2020-06-24,Santa Clara,085,1922200,5236,3812,17,3829,155
2020-06-24,Santa Cruz,087,273765,406,329,0,329,2
2020-06-24,Shasta,089,179085,168,83,0,83,5
2020-06-24,Sierra,091,2930,1,1,0,1,0
2020-06-24,Siskiyou,093,43540,32,24,0,24,0
2020-06-24,Solano,095,438530,1535,979,6,985,21
2020-06-24,Sonoma,097,501317,1262,933,4,937,4
2020-06-24,Stanislaus,099,539301,3250,2039,6,2045,36
2020-06-24,Sutter,101,95872,159,118,0,118,2
2020-06-24,Tehama,103,63373,81,55,2,57,1
2020-06-24,Trinity,105,12862,16,2,3,5,0
2020-06-24,Tulare,107,460477,4891,3541,10,3551,116
2020-06-24,Tuolumne,109,53932,33,9,1,10,0
2020-06-24,Ventura,111,848112,3535,2314,15,2329,42
2020-06-24,Yolo,113,214977,575,376,3,379,24
2020-06-24,Yuba,115,75493,58,37,0,37,1
2020-06-23,Alameda,001,1643700,6166,5159,7,5166,121
2020-06-23,Alpine,003,1148,1,1,0,1,0
2020-06-23,Amador,005,37829,22,13,0,13,0
2020-06-23,Butte,007,227075,205,111,11,122,1
2020-06-23,Calaveras,009,45235,40,26,0,26,0
2020-06-23,Colusa,011,21464,40,7,0,7,0
2020-06-23,Contra Costa,013,1133247,3116,2453,3,2456,60
2020-06-23,Del Norte,015,27424,48,46,0,46,0
2020-06-23,El Dorado,017,186661,229,142,1,143,0
2020-06-23,Fresno,019,978130,7545,3569,70,3639,67
2020-06-23,Glenn,021,27897,120,47,0,47,0
2020-06-23,Humboldt,023,135768,151,110,0,110,3
2020-06-23,Imperial,025,180216,7343,5025,4,5029,38
2020-06-23,Inyo,027,18085,29,26,0,26,1
2020-06-23,Kern,029,883053,6614,4087,18,4105,64
2020-06-23,Kings,031,150075,2448,1727,4,1731,16
2020-06-23,Lake,033,64148,60,40,0,40,0
2020-06-23,Lassen,035,31185,228,9,2,11,0
2020-06-23,Los Angeles,037,10098052,102828,88433,28,88461,3152
2020-06-23,Madera,039,155013,727,369,2,371,4
2020-06-23,Marin,041,260295,1974,1139,4,1143,17
2020-06-23,Mariposa,043,17540,26,18,0,18,1
2020-06-23,Mendocino,045,87422,78,61,0,61,0
2020-06-23,Merced,047,269075,1255,656,1,657,8
2020-06-23,Modoc,049,8938,1,0,0,0,0
2020-06-23,Mono,051,14174,42,35,0,35,1
2020-06-23,Monterey,053,433212,1780,1346,5,1351,12
2020-06-23,Napa,055,140530,360,230,0,230,3
2020-06-23,Nevada,057,99092,116,81,1,82,1
2020-06-23,Orange,059,3164182,18075,11071,150,11221,278
2020-06-23,Placer,061,380077,761,525,3,528,10
2020-06-23,Plumas,063,18699,9,6,0,6,0
2020-06-23,Riverside,065,2383286,19556,14469,25,14494,406
2020-06-23,Sacramento,067,1510023,3191,2374,6,2380,62
2020-06-23,San Benito,069,59416,237,167,0,167,2
2020-06-23,San Bernardino,071,2135413,15054,9771,9,9780,229
2020-06-23,San Diego,073,3302833,14565,11296,2,11298,341
2020-06-23,San Francisco,075,870044,3645,3177,1,3178,48
2020-06-23,San Joaquin,077,732212,3801,2502,3,2505,48
2020-06-23,San Luis Obispo,079,281455,683,445,5,450,1
2020-06-23,San Mateo,081,765935,3306,2907,4,2911,81
2020-06-23,Santa Barbara,083,443738,3143,2498,23,2521,22
2020-06-23,Santa Clara,085,1922200,5091,3700,17,3717,155
2020-06-23,Santa Cruz,087,273765,396,313,0,313,2
2020-06-23,Shasta,089,179085,159,81,0,81,5
2020-06-23,Sierra,091,2930,1,1,0,1,0
2020-06-23,Siskiyou,093,43540,30,24,0,24,0
2020-06-23,Solano,095,438530,1478,941,5,946,21
2020-06-23,Sonoma,097,501317,1209,912,4,916,4
2020-06-23,Stanislaus,099,539301,3073,1850,6,1856,35
2020-06-23,Sutter,101,95872,149,112,0,112,2
2020-06-23,Tehama,103,63373,79,50,2,52,1
2020-06-23,Trinity,105,12862,16,2,3,5,0
2020-06-23,Tulare,107,460477,4769,3456,10,3466,111
2020-06-23,Tuolumne,109,53932,28,9,0,9,0
2020-06-23,Ventura,111,848112,3375,2209,14,2223,40
2020-06-23,Yolo,113,214977,549,350,0,350,24
2020-06-23,Yuba,115,75493,55,35,0,35,1
2020-06-22,Alameda,001,1643700,6015,4944,7,4951,121
2020-06-22,Alpine,003,1148,1,1,0,1,0
2020-06-22,Amador,005,37829,19,12,0,12,0
2020-06-22,Butte,007,227075,186,104,11,115,1
2020-06-22,Calaveras,009,45235,38,20,0,20,0
2020-06-22,Colusa,011,21464,37,7,0,7,0
2020-06-22,Contra Costa,013,1133247,2975,2363,3,2366,60
2020-06-22,Del Norte,015,27424,48,46,0,46,0
2020-06-22,El Dorado,017,186661,220,137,1,138,0
2020-06-22,Fresno,019,978130,7013,3425,70,3495,67
2020-06-22,Glenn,021,27897,111,40,0,40,0
2020-06-22,Humboldt,023,135768,148,110,0,110,3
2020-06-22,Imperial,025,180216,7186,4700,4,4704,38
2020-06-22,Inyo,027,18085,29,26,0,26,1
2020-06-22,Kern,029,883053,6262,3982,16,3998,60
2020-06-22,Kings,031,150075,2399,1513,4,1517,13
2020-06-22,Lake,033,64148,54,37,0,37,0
2020-06-22,Lassen,035,31185,118,7,2,9,0
2020-06-22,Los Angeles,037,10098052,99927,85925,27,85952,3117
2020-06-22,Madera,039,155013,702,333,2,335,4
2020-06-22,Marin,041,260295,1717,1029,4,1033,17
2020-06-22,Mariposa,043,17540,25,18,0,18,1
2020-06-22,Mendocino,045,87422,73,48,0,48,0
2020-06-22,Merced,047,269075,1166,619,1,620,8
2020-06-22,Modoc,049,8938,1,0,0,0,0
2020-06-22,Mono,051,14174,42,34,0,34,1
2020-06-22,Monterey,053,433212,1719,1293,5,1298,12
2020-06-22,Napa,055,140530,336,222,0,222,3
2020-06-22,Nevada,057,99092,111,79,1,80,1
2020-06-22,Orange,059,3164182,17142,10711,147,10858,275
2020-06-22,Placer,061,380077,735,512,3,515,9
2020-06-22,Plumas,063,18699,7,6,0,6,0
2020-06-22,Riverside,065,2383286,18584,13948,25,13973,403
2020-06-22,Sacramento,067,1510023,2975,2243,5,2248,62
2020-06-22,San Benito,069,59416,228,164,0,164,2
2020-06-22,San Bernardino,071,2135413,14281,9133,9,9142,229
2020-06-22,San Diego,073,3302833,14073,11098,2,11100,338
2020-06-22,San Francisco,075,870044,3552,3000,1,3001,47
2020-06-22,San Joaquin,077,732212,3553,2332,3,2335,48
2020-06-22,San Luis Obispo,079,281455,650,422,5,427,1
2020-06-22,San Mateo,081,765935,3233,2813,3,2816,81
2020-06-22,Santa Barbara,083,443738,3051,2447,23,2470,21
2020-06-22,Santa Clara,085,1922200,4928,3580,17,3597,155
2020-06-22,Santa Cruz,087,273765,383,290,0,290,3
2020-06-22,Shasta,089,179085,156,77,0,77,5
2020-06-22,Sierra,091,2930,1,1,0,1,0
2020-06-22,Siskiyou,093,43540,30,23,0,23,0
2020-06-22,Solano,095,438530,1400,784,4,788,21
2020-06-22,Sonoma,097,501317,1165,860,2,862,4
2020-06-22,Stanislaus,099,539301,2888,1784,6,1790,35
2020-06-22,Sutter,101,95872,140,100,0,100,2
2020-06-22,Tehama,103,63373,75,38,2,40,1
2020-06-22,Trinity,105,12862,16,2,3,5,0
2020-06-22,Tulare,107,460477,4632,3185,10,3195,111
2020-06-22,Tuolumne,109,53932,19,8,0,8,0
2020-06-22,Ventura,111,848112,3227,2065,14,2079,39
2020-06-22,Yolo,113,214977,523,333,0,333,24
2020-06-22,Yuba,115,75493,50,36,0,36,1
2020-06-21,Alameda,001,1643700,5820,4835,7,4842,121
2020-06-21,Alpine,003,1148,1,1,0,1,0
2020-06-21,Amador,005,37829,14,12,0,12,0
2020-06-21,Butte,007,227075,172,97,11,108,1
2020-06-21,Calaveras,009,45235,38,20,0,20,0
2020-06-21,Colusa,011,21464,29,7,0,7,0
2020-06-21,Contra Costa,013,1133247,2848,2282,3,2285,60
2020-06-21,Del Norte,015,27424,47,46,0,46,0
2020-06-21,El Dorado,017,186661,211,132,1,133,0
2020-06-21,Fresno,019,978130,6443,3296,68,3364,67
2020-06-21,Glenn,021,27897,102,40,0,40,0
2020-06-21,Humboldt,023,135768,143,108,0,108,3
2020-06-21,Imperial,025,180216,7003,4701,4,4705,38
2020-06-21,Inyo,027,18085,27,26,0,26,1
2020-06-21,Kern,029,883053,5970,3918,14,3932,60
2020-06-21,Kings,031,150075,2335,1334,4,1338,11
2020-06-21,Lake,033,64148,49,36,0,36,0
2020-06-21,Lassen,035,31185,25,7,2,9,0
2020-06-21,Los Angeles,037,10098052,97036,83383,26,83409,3101
2020-06-21,Madera,039,155013,668,319,2,321,4
2020-06-21,Marin,041,260295,1560,907,4,911,17
2020-06-21,Mariposa,043,17540,22,18,0,18,1
2020-06-21,Mendocino,045,87422,70,48,0,48,0
2020-06-21,Merced,047,269075,1071,577,1,578,8
2020-06-21,Modoc,049,8938,1,0,0,0,0
2020-06-21,Mono,051,14174,42,34,0,34,1
2020-06-21,Monterey,053,433212,1646,1227,5,1232,12
2020-06-21,Napa,055,140530,321,218,0,218,3
2020-06-21,Nevada,057,99092,108,79,1,80,1
2020-06-21,Orange,059,3164182,16309,10563,144,10707,275
2020-06-21,Placer,061,380077,695,498,3,501,9
2020-06-21,Plumas,063,18699,7,6,0,6,0
2020-06-21,Riverside,065,2383286,17877,13528,24,13552,402
2020-06-21,Sacramento,067,1510023,2774,2156,4,2160,62
2020-06-21,San Benito,069,59416,214,151,0,151,2
2020-06-21,San Bernardino,071,2135413,13506,8925,8,8933,229
2020-06-21,San Diego,073,3302833,13527,10796,2,10798,338
2020-06-21,San Francisco,075,870044,3446,3000,1,3001,47
2020-06-21,San Joaquin,077,732212,3317,2188,3,2191,48
2020-06-21,San Luis Obispo,079,281455,624,418,5,423,1
2020-06-21,San Mateo,081,765935,3175,2781,3,2784,81
2020-06-21,Santa Barbara,083,443738,2944,2430,22,2452,21
2020-06-21,Santa Clara,085,1922200,4791,3514,17,3531,154
2020-06-21,Santa Cruz,087,273765,373,290,0,290,3
2020-06-21,Shasta,089,179085,146,75,0,75,5
2020-06-21,Sierra,091,2930,1,1,0,1,0
2020-06-21,Siskiyou,093,43540,30,23,0,23,0
2020-06-21,Solano,095,438530,1300,783,4,787,21
2020-06-21,Sonoma,097,501317,1115,836,2,838,4
2020-06-21,Stanislaus,099,539301,2702,1688,6,1694,35
2020-06-21,Sutter,101,95872,132,96,0,96,2
2020-06-21,Tehama,103,63373,64,35,2,37,1
2020-06-21,Trinity,105,12862,15,2,3,5,0
2020-06-21,Tulare,107,460477,4463,3173,10,3183,111
2020-06-21,Tuolumne,109,53932,17,8,0,8,0
2020-06-21,Ventura,111,848112,3049,2021,14,2035,39
2020-06-21,Yolo,113,214977,491,323,0,323,24
2020-06-21,Yuba,115,75493,46,35,0,35,1
2020-06-20,Alameda,001,1643700,5758,4758,7,4765,119
2020-06-20,Alpine,003,1148,1,1,0,1,0
2020-06-20,Amador,005,37829,14,12,0,12,0
2020-06-20,Butte,007,227075,165,94,11,105,1
2020-06-20,Calaveras,009,45235,38,20,0,20,0
2020-06-20,Colusa,011,21464,26,7,0,7,0
2020-06-20,Contra Costa,013,1133247,2789,2231,3,2234,54
2020-06-20,Del Norte,015,27424,47,46,0,46,0
2020-06-20,El Dorado,017,186661,206,130,1,131,0
2020-06-20,Fresno,019,978130,6317,3222,65,3287,67
2020-06-20,Glenn,021,27897,97,40,0,40,0
2020-06-20,Humboldt,023,135768,143,108,0,108,3
2020-06-20,Imperial,025,180216,6922,4616,4,4620,37
2020-06-20,Inyo,027,18085,27,26,0,26,1
2020-06-20,Kern,029,883053,5805,3836,14,3850,59
2020-06-20,Kings,031,150075,2311,1331,4,1335,9
2020-06-20,Lake,033,64148,49,37,0,37,0
2020-06-20,Lassen,035,31185,24,7,2,9,0
2020-06-20,Los Angeles,037,10098052,95462,81604,25,81629,3093
2020-06-20,Madera,039,155013,635,321,2,323,4
2020-06-20,Marin,041,260295,1540,879,4,883,17
2020-06-20,Mariposa,043,17540,22,18,0,18,1
2020-06-20,Mendocino,045,87422,69,48,0,48,0
2020-06-20,Merced,047,269075,1031,566,1,567,8
2020-06-20,Modoc,049,8938,1,0,0,0,0
2020-06-20,Mono,051,14174,42,34,0,34,1
2020-06-20,Monterey,053,433212,1610,1181,5,1186,12
2020-06-20,Napa,055,140530,312,212,0,212,3
2020-06-20,Nevada,057,99092,105,73,1,74,1
2020-06-20,Orange,059,3164182,15959,10284,140,10424,273
2020-06-20,Placer,061,380077,670,483,3,486,9
2020-06-20,Plumas,063,18699,6,6,0,6,0
2020-06-20,Riverside,065,2383286,17577,13021,24,13045,402
2020-06-20,Sacramento,067,1510023,2703,2069,4,2073,63
2020-06-20,San Benito,069,59416,210,139,0,139,2
2020-06-20,San Bernardino,071,2135413,13142,8718,8,8726,229
2020-06-20,San Diego,073,3302833,13204,10486,2,10488,338
2020-06-20,San Francisco,075,870044,3402,2999,1,3000,47
2020-06-20,San Joaquin,077,732212,3235,2046,3,2049,48
2020-06-20,San Luis Obispo,079,281455,610,405,5,410,1
2020-06-20,San Mateo,081,765935,3127,2755,3,2758,81
2020-06-20,Santa Barbara,083,443738,2887,2358,21,2379,21
2020-06-20,Santa Clara,085,1922200,4717,3435,17,3452,154
2020-06-20,Santa Cruz,087,273765,371,287,0,287,3
2020-06-20,Shasta,089,179085,140,66,0,66,5
2020-06-20,Sierra,091,2930,1,1,0,1,0
2020-06-20,Siskiyou,093,43540,29,22,0,22,0
2020-06-20,Solano,095,438530,1276,784,4,788,21
2020-06-20,Sonoma,097,501317,1079,806,2,808,4
2020-06-20,Stanislaus,099,539301,2594,1598,6,1604,35
2020-06-20,Sutter,101,95872,130,89,0,89,2
2020-06-20,Tehama,103,63373,62,35,2,37,1
2020-06-20,Trinity,105,12862,15,2,3,5,0
2020-06-20,Tulare,107,460477,4390,3172,10,3182,111
2020-06-20,Tuolumne,109,53932,14,8,0,8,0
2020-06-20,Ventura,111,848112,2983,1946,14,1960,37
2020-06-20,Yolo,113,214977,475,309,0,309,24
2020-06-20,Yuba,115,75493,44,34,0,34,1
2020-06-19,Alameda,001,1643700,5685,4646,7,4653,119
2020-06-19,Alpine,003,1148,1,1,0,1,0
2020-06-19,Amador,005,37829,14,12,0,12,0
2020-06-19,Butte,007,227075,160,91,11,102,1
2020-06-19,Calaveras,009,45235,37,20,0,20,0
2020-06-19,Colusa,011,21464,24,7,0,7,0
2020-06-19,Contra Costa,013,1133247,2709,2106,3,2109,54
2020-06-19,Del Norte,015,27424,47,46,0,46,0
2020-06-19,El Dorado,017,186661,198,124,1,125,0
2020-06-19,Fresno,019,978130,6155,3109,64,3173,61
2020-06-19,Glenn,021,27897,91,40,0,40,0
2020-06-19,Humboldt,023,135768,141,106,0,106,3
2020-06-19,Imperial,025,180216,6830,4504,4,4508,36
2020-06-19,Inyo,027,18085,27,26,0,26,1
2020-06-19,Kern,029,883053,5582,3742,13,3755,57
2020-06-19,Kings,031,150075,2290,1285,4,1289,9
2020-06-19,Lake,033,64148,46,36,0,36,0
2020-06-19,Lassen,035,31185,23,7,2,9,0
2020-06-19,Los Angeles,037,10098052,93472,79572,24,79596,3047
2020-06-19,Madera,039,155013,616,300,2,302,4
2020-06-19,Marin,041,260295,1511,829,4,833,17
2020-06-19,Mariposa,043,17540,21,18,0,18,1
2020-06-19,Mendocino,045,87422,68,48,0,48,0
2020-06-19,Merced,047,269075,986,529,1,530,8
2020-06-19,Modoc,049,8938,1,0,0,0,0
2020-06-19,Mono,051,14174,42,34,0,34,1
2020-06-19,Monterey,053,433212,1581,1159,5,1164,12
2020-06-19,Napa,055,140530,302,209,0,209,3
2020-06-19,Nevada,057,99092,102,71,1,72,1
2020-06-19,Orange,059,3164182,15426,9972,133,10105,260
2020-06-19,Placer,061,380077,652,464,3,467,9
2020-06-19,Plumas,063,18699,6,5,0,5,0
2020-06-19,Riverside,065,2383286,17172,12710,24,12734,398
2020-06-19,Sacramento,067,1510023,2620,1976,4,1980,64
2020-06-19,San Benito,069,59416,209,136,0,136,2
2020-06-19,San Bernardino,071,2135413,12737,8454,7,8461,226
2020-06-19,San Diego,073,3302833,12841,10352,2,10354,332
2020-06-19,San Francisco,075,870044,3347,2968,1,2969,47
2020-06-19,San Joaquin,077,732212,3112,1969,3,1972,48
2020-06-19,San Luis Obispo,079,281455,594,392,5,397,1
2020-06-19,San Mateo,081,765935,3088,2713,3,2716,81
2020-06-19,Santa Barbara,083,443738,2814,2284,19,2303,21
2020-06-19,Santa Clara,085,1922200,4644,3376,17,3393,154
2020-06-19,Santa Cruz,087,273765,361,283,0,283,3
2020-06-19,Shasta,089,179085,137,58,0,58,5
2020-06-19,Sierra,091,2930,1,1,0,1,0
2020-06-19,Siskiyou,093,43540,29,21,0,21,0
2020-06-19,Solano,095,438530,1238,755,4,759,21
2020-06-19,Sonoma,097,501317,1052,803,2,805,4
2020-06-19,Stanislaus,099,539301,2484,1549,6,1555,35
2020-06-19,Sutter,101,95872,129,89,0,89,2
2020-06-19,Tehama,103,63373,61,35,2,37,1
2020-06-19,Trinity,105,12862,15,2,3,5,0
2020-06-19,Tulare,107,460477,4320,3053,10,3063,107
2020-06-19,Tuolumne,109,53932,13,8,0,8,0
2020-06-19,Ventura,111,848112,2899,1865,14,1879,37
2020-06-19,Yolo,113,214977,456,303,0,303,24
2020-06-19,Yuba,115,75493,43,33,0,33,1
2020-06-18,Alameda,001,1643700,5556,4589,7,4596,118
2020-06-18,Alpine,003,1148,1,1,0,1,0
2020-06-18,Amador,005,37829,13,12,0,12,0
2020-06-18,Butte,007,227075,155,88,11,99,1
2020-06-18,Calaveras,009,45235,37,20,0,20,0
2020-06-18,Colusa,011,21464,20,7,0,7,0
2020-06-18,Contra Costa,013,1133247,2602,2072,3,2075,53
2020-06-18,Del Norte,015,27424,47,46,0,46,0
2020-06-18,El Dorado,017,186661,194,121,1,122,0
2020-06-18,Fresno,019,978130,5889,2947,63,3010,57
2020-06-18,Glenn,021,27897,82,35,0,35,0
2020-06-18,Humboldt,023,135768,140,106,0,106,3
2020-06-18,Imperial,025,180216,6680,4366,4,4370,36
2020-06-18,Inyo,027,18085,26,25,0,25,1
2020-06-18,Kern,029,883053,5364,3634,13,3647,57
2020-06-18,Kings,031,150075,2231,1141,4,1145,8
2020-06-18,Lake,033,64148,45,36,0,36,0
2020-06-18,Lassen,035,31185,22,5,2,7,0
2020-06-18,Los Angeles,037,10098052,91203,78244,24,78268,3009
2020-06-18,Madera,039,155013,581,288,2,290,4
2020-06-18,Marin,041,260295,1448,819,4,823,17
2020-06-18,Mariposa,043,17540,19,18,0,18,1
2020-06-18,Mendocino,045,87422,64,45,0,45,0
2020-06-18,Merced,047,269075,934,486,1,487,7
2020-06-18,Modoc,049,8938,1,0,0,0,0
2020-06-18,Mono,051,14174,42,34,0,34,1
2020-06-18,Monterey,053,433212,1513,1127,5,1132,12
2020-06-18,Napa,055,140530,287,205,0,205,3
2020-06-18,Nevada,057,99092,98,68,1,69,1
2020-06-18,Orange,059,3164182,14771,9597,114,9711,255
2020-06-18,Placer,061,380077,629,457,3,460,9
2020-06-18,Plumas,063,18699,6,5,0,5,0
2020-06-18,Riverside,065,2383286,16556,12410,24,12434,392
2020-06-18,Sacramento,067,1510023,2504,1938,4,1942,63
2020-06-18,San Benito,069,59416,203,134,0,134,2
2020-06-18,San Bernardino,071,2135413,12096,8141,7,8148,226
2020-06-18,San Diego,073,3302833,12419,10094,2,10096,331
2020-06-18,San Francisco,075,870044,3298,2951,1,2952,47
2020-06-18,San Joaquin,077,732212,2960,1908,3,1911,47
2020-06-18,San Luis Obispo,079,281455,574,378,5,383,1
2020-06-18,San Mateo,081,765935,3049,2674,3,2677,78
2020-06-18,Santa Barbara,083,443738,2740,2201,19,2220,19
2020-06-18,Santa Clara,085,1922200,4541,3338,17,3355,152
2020-06-18,Santa Cruz,087,273765,344,275,0,275,3
2020-06-18,Shasta,089,179085,126,51,0,51,4
2020-06-18,Sierra,091,2930,1,1,0,1,0
2020-06-18,Siskiyou,093,43540,29,18,0,18,0
2020-06-18,Solano,095,438530,1200,735,4,739,21
2020-06-18,Sonoma,097,501317,1010,789,2,791,4
2020-06-18,Stanislaus,099,539301,2351,1495,6,1501,35
2020-06-18,Sutter,101,95872,125,85,0,85,2
2020-06-18,Tehama,103,63373,56,31,2,33,1
2020-06-18,Trinity,105,12862,15,2,3,5,0
2020-06-18,Tulare,107,460477,4197,3005,10,3015,107
2020-06-18,Tuolumne,109,53932,12,8,0,8,0
2020-06-18,Ventura,111,848112,2773,1781,14,1795,37
2020-06-18,Yolo,113,214977,423,294,0,294,24
2020-06-18,Yuba,115,75493,42,32,0,32,1
2020-06-17,Alameda,001,1643700,5434,4485,7,4492,117
2020-06-17,Alpine,003,1148,1,1,0,1,0
2020-06-17,Amador,005,37829,12,10,0,10,0
2020-06-17,Butte,007,227075,146,81,11,92,1
2020-06-17,Calaveras,009,45235,37,20,0,20,0
2020-06-17,Colusa,011,21464,19,7,0,7,0
2020-06-17,Contra Costa,013,1133247,2505,2020,3,2023,45
2020-06-17,Del Norte,015,27424,47,45,0,45,0
2020-06-17,El Dorado,017,186661,187,116,1,117,0
2020-06-17,Fresno,019,978130,5663,2801,61,2862,56
2020-06-17,Glenn,021,27897,75,31,0,31,0
2020-06-17,Humboldt,023,135768,138,105,0,105,3
2020-06-17,Imperial,025,180216,6507,4108,4,4112,36
2020-06-17,Inyo,027,18085,25,25,0,25,1
2020-06-17,Kern,029,883053,5163,3547,13,3560,56
2020-06-17,Kings,031,150075,2201,1097,4,1101,7
2020-06-17,Lake,033,64148,44,32,0,32,0
2020-06-17,Lassen,035,31185,18,5,2,7,0
2020-06-17,Los Angeles,037,10098052,88895,77166,23,77189,2973
2020-06-17,Madera,039,155013,559,258,2,260,4
2020-06-17,Marin,041,260295,1256,771,3,774,17
2020-06-17,Mariposa,043,17540,18,18,0,18,1
2020-06-17,Mendocino,045,87422,62,42,0,42,0
2020-06-17,Merced,047,269075,862,460,1,461,7
2020-06-17,Modoc,049,8938,1,0,0,0,0
2020-06-17,Mono,051,14174,42,34,0,34,1
2020-06-17,Monterey,053,433212,1461,1077,5,1082,12
2020-06-17,Napa,055,140530,272,202,0,202,3
2020-06-17,Nevada,057,99092,94,57,1,58,1
2020-06-17,Orange,059,3164182,14164,9278,108,9386,230
2020-06-17,Placer,061,380077,609,427,3,430,9
2020-06-17,Plumas,063,18699,6,5,0,5,0
2020-06-17,Riverside,065,2383286,15920,11859,24,11883,370
2020-06-17,Sacramento,067,1510023,2397,1889,4,1893,63
2020-06-17,San Benito,069,59416,198,116,0,116,2
2020-06-17,San Bernardino,071,2135413,11547,7670,7,7677,225
2020-06-17,San Diego,073,3302833,12040,9856,2,9858,327
2020-06-17,San Francisco,075,870044,3259,2906,1,2907,46
2020-06-17,San Joaquin,077,732212,2787,1825,3,1828,46
2020-06-17,San Luis Obispo,079,281455,555,362,5,367,1
2020-06-17,San Mateo,081,765935,3002,2649,3,2652,78
2020-06-17,Santa Barbara,083,443738,2668,2147,17,2164,19
2020-06-17,Santa Clara,085,1922200,4448,3264,16,3280,148
2020-06-17,Santa Cruz,087,273765,338,265,0,265,2
2020-06-17,Shasta,089,179085,124,51,0,51,4
2020-06-17,Sierra,091,2930,1,1,0,1,0
2020-06-17,Siskiyou,093,43540,28,16,0,16,0
2020-06-17,Solano,095,438530,1150,722,4,726,21
2020-06-17,Sonoma,097,501317,985,748,2,750,4
2020-06-17,Stanislaus,099,539301,2227,1387,6,1393,35
2020-06-17,Sutter,101,95872,119,79,0,79,2
2020-06-17,Tehama,103,63373,41,24,2,26,1
2020-06-17,Trinity,105,12862,14,2,3,5,0
2020-06-17,Tulare,107,460477,4087,2882,10,2892,106
2020-06-17,Tuolumne,109,53932,12,7,0,7,0
2020-06-17,Ventura,111,848112,2673,1729,14,1743,37
2020-06-17,Yolo,113,214977,403,277,0,277,24
2020-06-17,Yuba,115,75493,41,30,0,30,1
2020-06-16,Alameda,001,1643700,5316,4428,7,4435,113
2020-06-16,Alpine,003,1148,1,1,0,1,0
2020-06-16,Amador,005,37829,12,10,0,10,0
2020-06-16,Butte,007,227075,142,79,11,90,1
2020-06-16,Calaveras,009,45235,34,19,0,19,0
2020-06-16,Colusa,011,21464,16,7,0,7,0
2020-06-16,Contra Costa,013,1133247,2413,1971,2,1973,45
2020-06-16,Del Norte,015,27424,47,45,0,45,0
2020-06-16,El Dorado,017,186661,181,115,1,116,0
2020-06-16,Fresno,019,978130,5425,2731,59,2790,50
2020-06-16,Glenn,021,27897,71,30,0,30,0
2020-06-16,Humboldt,023,135768,135,105,0,105,3
2020-06-16,Imperial,025,180216,6348,3939,4,3943,36
2020-06-16,Inyo,027,18085,25,24,0,24,1
2020-06-16,Kern,029,883053,4939,3496,13,3509,55
2020-06-16,Kings,031,150075,2155,1044,4,1048,6
2020-06-16,Lake,033,64148,44,31,0,31,0
2020-06-16,Lassen,035,31185,15,5,2,7,0
2020-06-16,Los Angeles,037,10098052,86573,75051,23,75074,2942
2020-06-16,Madera,039,155013,533,239,2,241,3
2020-06-16,Marin,041,260295,1203,725,3,728,17
2020-06-16,Mariposa,043,17540,18,17,0,17,1
2020-06-16,Mendocino,045,87422,61,35,0,35,0
2020-06-16,Merced,047,269075,814,436,1,437,7
2020-06-16,Modoc,049,8938,1,0,0,0,0
2020-06-16,Mono,051,14174,42,34,0,34,1
2020-06-16,Monterey,053,433212,1413,1019,5,1024,12
2020-06-16,Napa,055,140530,257,196,0,196,3
2020-06-16,Nevada,057,99092,91,53,1,54,1
2020-06-16,Orange,059,3164182,13580,9163,102,9265,223
2020-06-16,Placer,061,380077,577,392,3,395,9
2020-06-16,Plumas,063,18699,6,5,0,5,0
2020-06-16,Riverside,065,2383286,15245,11638,24,11662,364
2020-06-16,Sacramento,067,1510023,2287,1825,4,1829,60
2020-06-16,San Benito,069,59416,190,110,0,110,2
2020-06-16,San Bernardino,071,2135413,11003,7463,7,7470,225
2020-06-16,San Diego,073,3302833,11678,9732,1,9733,323
2020-06-16,San Francisco,075,870044,3208,2893,1,2894,46
2020-06-16,San Joaquin,077,732212,2634,1718,3,1721,47
2020-06-16,San Luis Obispo,079,281455,531,343,5,348,1
2020-06-16,San Mateo,081,765935,2948,2618,3,2621,77
2020-06-16,Santa Barbara,083,443738,2601,2090,17,2107,16
2020-06-16,Santa Clara,085,1922200,4337,3228,15,3243,148
2020-06-16,Santa Cruz,087,273765,322,257,0,257,2
2020-06-16,Shasta,089,179085,115,51,0,51,4
2020-06-16,Sierra,091,2930,1,1,0,1,0
2020-06-16,Siskiyou,093,43540,27,15,0,15,0
2020-06-16,Solano,095,438530,1060,694,4,698,19
2020-06-16,Sonoma,097,501317,953,739,2,741,4
2020-06-16,Stanislaus,099,539301,2073,1278,6,1284,36
2020-06-16,Sutter,101,95872,112,73,0,73,2
2020-06-16,Tehama,103,63373,37,24,2,26,1
2020-06-16,Trinity,105,12862,14,2,3,5,0
2020-06-16,Tulare,107,460477,3969,2802,10,2812,96
2020-06-16,Tuolumne,109,53932,12,7,0,7,0
2020-06-16,Ventura,111,848112,2573,1676,14,1690,37
2020-06-16,Yolo,113,214977,380,262,0,262,24
2020-06-16,Yuba,115,75493,39,29,0,29,1
2020-06-15,Alameda,001,1643700,5189,4323,7,4330,112
2020-06-15,Alpine,003,1148,1,1,0,1,0
2020-06-15,Amador,005,37829,12,10,0,10,0
2020-06-15,Butte,007,227075,134,78,11,89,1
2020-06-15,Calaveras,009,45235,34,18,0,18,0
2020-06-15,Colusa,011,21464,14,7,0,7,0
2020-06-15,Contra Costa,013,1133247,2337,1918,2,1920,43
2020-06-15,Del Norte,015,27424,47,45,0,45,0
2020-06-15,El Dorado,017,186661,171,114,1,115,0
2020-06-15,Fresno,019,978130,5213,2616,58,2674,48
2020-06-15,Glenn,021,27897,66,21,0,21,0
2020-06-15,Humboldt,023,135768,133,105,0,105,3
2020-06-15,Imperial,025,180216,6173,3726,4,3730,36
2020-06-15,Inyo,027,18085,25,23,0,23,1
2020-06-15,Kern,029,883053,4716,3417,13,3430,55
2020-06-15,Kings,031,150075,2079,1022,4,1026,6
2020-06-15,Lake,033,64148,44,31,0,31,0
2020-06-15,Lassen,035,31185,15,5,2,7,0
2020-06-15,Los Angeles,037,10098052,84386,73705,23,73728,2908
2020-06-15,Madera,039,155013,511,203,2,205,3
2020-06-15,Marin,041,260295,1036,708,3,711,17
2020-06-15,Mariposa,043,17540,18,17,0,17,1
2020-06-15,Mendocino,045,87422,52,33,0,33,0
2020-06-15,Merced,047,269075,768,414,1,415,7
2020-06-15,Modoc,049,8938,1,0,0,0,0
2020-06-15,Mono,051,14174,42,34,0,34,1
2020-06-15,Monterey,053,433212,1347,998,5,1003,12
2020-06-15,Napa,055,140530,249,187,0,187,3
2020-06-15,Nevada,057,99092,85,52,1,53,1
2020-06-15,Orange,059,3164182,13011,8944,94,9038,212
2020-06-15,Placer,061,380077,555,386,3,389,9
2020-06-15,Plumas,063,18699,6,4,0,4,0
2020-06-15,Riverside,065,2383286,14627,11376,23,11399,364
2020-06-15,Sacramento,067,1510023,2171,1791,4,1795,60
2020-06-15,San Benito,069,59416,184,108,0,108,2
2020-06-15,San Bernardino,071,2135413,10500,7189,7,7196,224
2020-06-15,San Diego,073,3302833,11338,9612,1,9613,320
2020-06-15,San Francisco,075,870044,3164,2833,1,2834,45
2020-06-15,San Joaquin,077,732212,2498,1667,3,1670,43
2020-06-15,San Luis Obispo,079,281455,516,332,5,337,1
2020-06-15,San Mateo,081,765935,2901,2591,3,2594,75
2020-06-15,Santa Barbara,083,443738,2533,2054,17,2071,16
2020-06-15,Santa Clara,085,1922200,4237,3204,15,3219,148
2020-06-15,Santa Cruz,087,273765,311,254,0,254,2
2020-06-15,Shasta,089,179085,109,50,0,50,4
2020-06-15,Sierra,091,2930,1,1,0,1,0
2020-06-15,Siskiyou,093,43540,26,14,0,14,0
2020-06-15,Solano,095,438530,1000,638,4,642,19
2020-06-15,Sonoma,097,501317,924,726,2,728,4
2020-06-15,Stanislaus,099,539301,1956,1253,6,1259,35
2020-06-15,Sutter,101,95872,102,71,0,71,2
2020-06-15,Tehama,103,63373,37,17,2,19,1
2020-06-15,Trinity,105,12862,13,2,3,5,0
2020-06-15,Tulare,107,460477,3855,2662,10,2672,96
2020-06-15,Tuolumne,109,53932,11,7,0,7,0
2020-06-15,Ventura,111,848112,2492,1656,14,1670,37
2020-06-15,Yolo,113,214977,360,255,0,255,24
2020-06-15,Yuba,115,75493,39,28,0,28,1
2020-06-14,Alameda,001,1643700,5042,4271,7,4278,112
2020-06-14,Alpine,003,1148,1,1,0,1,0
2020-06-14,Amador,005,37829,12,10,0,10,0
2020-06-14,Butte,007,227075,126,78,11,89,1
2020-06-14,Calaveras,009,45235,33,18,0,18,0
2020-06-14,Colusa,011,21464,13,7,0,7,0
2020-06-14,Contra Costa,013,1133247,2269,1893,2,1895,43
2020-06-14,Del Norte,015,27424,47,45,0,45,0
2020-06-14,El Dorado,017,186661,167,110,1,111,0
2020-06-14,Fresno,019,978130,5028,2585,57,2642,48
2020-06-14,Glenn,021,27897,51,21,0,21,0
2020-06-14,Humboldt,023,135768,129,105,0,105,3
2020-06-14,Imperial,025,180216,5942,3730,4,3734,36
2020-06-14,Inyo,027,18085,24,23,0,23,1
2020-06-14,Kern,029,883053,4505,3328,13,3341,55
2020-06-14,Kings,031,150075,2028,1022,3,1025,6
2020-06-14,Lake,033,64148,41,31,0,31,0
2020-06-14,Lassen,035,31185,15,5,2,7,0
2020-06-14,Los Angeles,037,10098052,82067,72932,22,72954,2887
2020-06-14,Madera,039,155013,492,203,2,205,3
2020-06-14,Marin,041,260295,871,689,2,691,17
2020-06-14,Mariposa,043,17540,18,16,0,16,1
2020-06-14,Mendocino,045,87422,49,33,0,33,0
2020-06-14,Merced,047,269075,717,403,1,404,7
2020-06-14,Modoc,049,8938,1,0,0,0,0
2020-06-14,Mono,051,14174,42,34,0,34,1
2020-06-14,Monterey,053,433212,1286,949,5,954,12
2020-06-14,Napa,055,140530,227,181,0,181,3
2020-06-14,Nevada,057,99092,81,52,1,53,1
2020-06-14,Orange,059,3164182,12583,8744,90,8834,211
2020-06-14,Placer,061,380077,529,369,3,372,9
2020-06-14,Plumas,063,18699,5,4,0,4,0
2020-06-14,Riverside,065,2383286,14184,11218,23,11241,364
2020-06-14,Sacramento,067,1510023,2084,1750,4,1754,60
2020-06-14,San Benito,069,59416,173,104,0,104,2
2020-06-14,San Bernardino,071,2135413,9961,7015,7,7022,224
2020-06-14,San Diego,073,3302833,10963,9442,1,9443,319
2020-06-14,San Francisco,075,870044,3124,2834,1,2835,45
2020-06-14,San Joaquin,077,732212,2347,1603,3,1606,43
2020-06-14,San Luis Obispo,079,281455,501,330,5,335,1
2020-06-14,San Mateo,081,765935,2843,2571,3,2574,75
2020-06-14,Santa Barbara,083,443738,2456,2049,17,2066,17
2020-06-14,Santa Clara,085,1922200,4142,3178,15,3193,148
2020-06-14,Santa Cruz,087,273765,297,254,0,254,2
2020-06-14,Shasta,089,179085,103,48,0,48,4
2020-06-14,Sierra,091,2930,1,1,0,1,0
2020-06-14,Siskiyou,093,43540,25,13,0,13,0
2020-06-14,Solano,095,438530,951,638,4,642,19
2020-06-14,Sonoma,097,501317,896,724,2,726,4
2020-06-14,Stanislaus,099,539301,1807,1159,6,1165,35
2020-06-14,Sutter,101,95872,97,63,0,63,2
2020-06-14,Tehama,103,63373,34,17,2,19,1
2020-06-14,Trinity,105,12862,13,2,3,5,0
2020-06-14,Tulare,107,460477,3721,2646,10,2656,96
2020-06-14,Tuolumne,109,53932,11,7,0,7,0
2020-06-14,Ventura,111,848112,2393,1610,13,1623,37
2020-06-14,Yolo,113,214977,344,254,0,254,24
2020-06-14,Yuba,115,75493,38,28,0,28,1
2020-06-13,Alameda,001,1643700,4979,4196,7,4203,112
2020-06-13,Alpine,003,1148,1,1,0,1,0
2020-06-13,Amador,005,37829,11,10,0,10,0
2020-06-13,Butte,007,227075,117,72,11,83,1
2020-06-13,Calaveras,009,45235,31,18,0,18,0
2020-06-13,Colusa,011,21464,12,7,0,7,0
2020-06-13,Contra Costa,013,1133247,2233,1868,2,1870,43
2020-06-13,Del Norte,015,27424,47,45,0,45,0
2020-06-13,El Dorado,017,186661,163,110,1,111,0
2020-06-13,Fresno,019,978130,4930,2499,57,2556,48
2020-06-13,Glenn,021,27897,49,21,0,21,0
2020-06-13,Humboldt,023,135768,128,104,0,104,3
2020-06-13,Imperial,025,180216,5869,3646,4,3650,36
2020-06-13,Inyo,027,18085,24,23,0,23,1
2020-06-13,Kern,029,883053,4396,3239,13,3252,55
2020-06-13,Kings,031,150075,2008,1023,3,1026,6
2020-06-13,Lake,033,64148,40,29,0,29,0
2020-06-13,Lassen,035,31185,15,5,2,7,0
2020-06-13,Los Angeles,037,10098052,81026,71938,22,71960,2874
2020-06-13,Madera,039,155013,488,203,2,205,3
2020-06-13,Marin,041,260295,840,677,2,679,17
2020-06-13,Mariposa,043,17540,18,16,0,16,1
2020-06-13,Mendocino,045,87422,49,33,0,33,0
2020-06-13,Merced,047,269075,699,376,1,377,7
2020-06-13,Modoc,049,8938,1,0,0,0,0
2020-06-13,Mono,051,14174,42,35,0,35,1
2020-06-13,Monterey,053,433212,1248,900,5,905,11
2020-06-13,Napa,055,140530,224,171,0,171,3
2020-06-13,Nevada,057,99092,79,52,1,53,1
2020-06-13,Orange,059,3164182,12339,8581,87,8668,211
2020-06-13,Placer,061,380077,512,346,3,349,9
2020-06-13,Plumas,063,18699,5,4,0,4,0
2020-06-13,Riverside,065,2383286,13905,10931,23,10954,364
2020-06-13,Sacramento,067,1510023,2029,1713,4,1717,60
2020-06-13,San Benito,069,59416,166,99,0,99,2
2020-06-13,San Bernardino,071,2135413,9738,6885,7,6892,224
2020-06-13,San Diego,073,3302833,10791,9316,1,9317,319
2020-06-13,San Francisco,075,870044,3104,2834,1,2835,44
2020-06-13,San Joaquin,077,732212,2266,1461,3,1464,43
2020-06-13,San Luis Obispo,079,281455,490,326,5,331,1
2020-06-13,San Mateo,081,765935,2820,2551,3,2554,75
2020-06-13,Santa Barbara,083,443738,2398,1999,17,2016,15
2020-06-13,Santa Clara,085,1922200,4099,3141,15,3156,148
2020-06-13,Santa Cruz,087,273765,291,254,0,254,2
2020-06-13,Shasta,089,179085,101,48,0,48,4
2020-06-13,Sierra,091,2930,1,1,0,1,0
2020-06-13,Siskiyou,093,43540,25,13,0,13,0
2020-06-13,Solano,095,438530,923,637,4,641,19
2020-06-13,Sonoma,097,501317,881,711,2,713,4
2020-06-13,Stanislaus,099,539301,1750,1122,6,1128,33
2020-06-13,Sutter,101,95872,96,62,0,62,2
2020-06-13,Tehama,103,63373,33,17,2,19,1
2020-06-13,Trinity,105,12862,13,2,3,5,0
2020-06-13,Tulare,107,460477,3689,2626,10,2636,96
2020-06-13,Tuolumne,109,53932,10,7,0,7,0
2020-06-13,Ventura,111,848112,2347,1567,13,1580,37
2020-06-13,Yolo,113,214977,324,251,0,251,24
2020-06-13,Yuba,115,75493,38,28,0,28,1
2020-06-12,Alameda,001,1643700,4906,4167,7,4174,109
2020-06-12,Alpine,003,1148,1,1,0,1,0
2020-06-12,Amador,005,37829,11,10,0,10,0
2020-06-12,Butte,007,227075,113,71,10,81,1
2020-06-12,Calaveras,009,45235,28,18,0,18,0
2020-06-12,Colusa,011,21464,12,7,0,7,0
2020-06-12,Contra Costa,013,1133247,2196,1827,2,1829,43
2020-06-12,Del Norte,015,27424,47,45,0,45,0
2020-06-12,El Dorado,017,186661,163,110,1,111,0
2020-06-12,Fresno,019,978130,4792,2428,57,2485,47
2020-06-12,Glenn,021,27897,46,21,0,21,0
2020-06-12,Humboldt,023,135768,126,105,0,105,3
2020-06-12,Imperial,025,180216,5785,3543,4,3547,36
2020-06-12,Inyo,027,18085,24,23,0,23,1
2020-06-12,Kern,029,883053,4279,3152,13,3165,54
2020-06-12,Kings,031,150075,1995,987,3,990,6
2020-06-12,Lake,033,64148,39,29,0,29,0
2020-06-12,Lassen,035,31185,15,5,2,7,0
2020-06-12,Los Angeles,037,10098052,79620,70385,22,70407,2814
2020-06-12,Madera,039,155013,463,187,2,189,3
2020-06-12,Marin,041,260295,837,649,2,651,17
2020-06-12,Mariposa,043,17540,18,16,0,16,1
2020-06-12,Mendocino,045,87422,49,33,0,33,0
2020-06-12,Merced,047,269075,665,372,1,373,7
2020-06-12,Modoc,049,8938,1,0,0,0,0
2020-06-12,Mono,051,14174,39,35,0,35,1
2020-06-12,Monterey,053,433212,1207,864,4,868,11
2020-06-12,Napa,055,140530,221,162,0,162,3
2020-06-12,Nevada,057,99092,73,52,1,53,1
2020-06-12,Orange,059,3164182,12033,8440,86,8526,203
2020-06-12,Placer,061,380077,495,333,3,336,9
2020-06-12,Plumas,063,18699,5,4,0,4,0
2020-06-12,Riverside,065,2383286,13568,10616,23,10639,364
2020-06-12,Sacramento,067,1510023,1974,1702,4,1706,60
2020-06-12,San Benito,069,59416,159,96,0,96,2
2020-06-12,San Bernardino,071,2135413,9469,6707,7,6714,223
2020-06-12,San Diego,073,3302833,10621,9132,1,9133,313
2020-06-12,San Francisco,075,870044,3070,2823,1,2824,44
2020-06-12,San Joaquin,077,732212,2186,1406,3,1409,43
2020-06-12,San Luis Obispo,079,281455,474,321,5,326,1
2020-06-12,San Mateo,081,765935,2785,2533,3,2536,75
2020-06-12,Santa Barbara,083,443738,2344,1969,17,1986,14
2020-06-12,Santa Clara,085,1922200,4055,3099,15,3114,149
2020-06-12,Santa Cruz,087,273765,283,251,0,251,2
2020-06-12,Shasta,089,179085,94,48,0,48,5
2020-06-12,Sierra,091,2930,1,1,0,1,0
2020-06-12,Siskiyou,093,43540,25,13,0,13,0
2020-06-12,Solano,095,438530,909,620,4,624,19
2020-06-12,Sonoma,097,501317,862,696,2,698,4
2020-06-12,Stanislaus,099,539301,1691,1092,6,1098,33
2020-06-12,Sutter,101,95872,95,56,0,56,2
2020-06-12,Tehama,103,63373,32,13,2,15,1
2020-06-12,Trinity,105,12862,13,2,3,5,0
2020-06-12,Tulare,107,460477,3635,2552,10,2562,95
2020-06-12,Tuolumne,109,53932,10,7,0,7,0
2020-06-12,Ventura,111,848112,2295,1534,13,1547,35
2020-06-12,Yolo,113,214977,312,243,0,243,24
2020-06-12,Yuba,115,75493,36,27,0,27,1
2020-06-11,Alameda,001,1643700,4777,4073,6,4079,108
2020-06-11,Alpine,003,1148,1,1,0,1,0
2020-06-11,Amador,005,37829,10,10,0,10,0
2020-06-11,Butte,007,227075,107,72,10,82,1
2020-06-11,Calaveras,009,45235,27,16,0,16,0
2020-06-11,Colusa,011,21464,12,7,0,7,0
2020-06-11,Contra Costa,013,1133247,2143,1797,2,1799,43
2020-06-11,Del Norte,015,27424,47,45,0,45,0
2020-06-11,El Dorado,017,186661,155,109,1,110,0
2020-06-11,Fresno,019,978130,4639,2338,57,2395,45
2020-06-11,Glenn,021,27897,42,21,0,21,0
2020-06-11,Humboldt,023,135768,122,113,0,113,3
2020-06-11,Imperial,025,180216,5628,3463,4,3467,36
2020-06-11,Inyo,027,18085,22,23,0,23,1
2020-06-11,Kern,029,883053,4127,3047,11,3058,54
2020-06-11,Kings,031,150075,1962,963,3,966,6
2020-06-11,Lake,033,64148,39,28,0,28,0
2020-06-11,Lassen,035,31185,15,5,2,7,0
2020-06-11,Los Angeles,037,10098052,77954,68807,21,68828,2800
2020-06-11,Madera,039,155013,445,178,2,180,3
2020-06-11,Marin,041,260295,789,637,2,639,17
2020-06-11,Mariposa,043,17540,18,16,0,16,1
2020-06-11,Mendocino,045,87422,40,35,0,35,0
2020-06-11,Merced,047,269075,625,370,1,371,7
2020-06-11,Modoc,049,8938,1,0,0,0,0
2020-06-11,Mono,051,14174,39,35,0,35,1
2020-06-11,Monterey,053,433212,1160,813,4,817,11
2020-06-11,Napa,055,140530,212,162,0,162,3
2020-06-11,Nevada,057,99092,67,50,1,51,1
2020-06-11,Orange,059,3164182,11725,8304,85,8389,188
2020-06-11,Placer,061,380077,476,321,3,324,9
2020-06-11,Plumas,063,18699,5,4,0,4,0
2020-06-11,Riverside,065,2383286,13215,10014,23,10037,361
2020-06-11,Sacramento,067,1510023,1926,1669,4,1673,60
2020-06-11,San Benito,069,59416,153,94,0,94,2
2020-06-11,San Bernardino,071,2135413,9172,6509,7,6516,221
2020-06-11,San Diego,073,3302833,10391,9000,0,9000,308
2020-06-11,San Francisco,075,870044,3041,2766,1,2767,44
2020-06-11,San Joaquin,077,732212,2074,1351,3,1354,43
2020-06-11,San Luis Obispo,079,281455,460,307,5,312,1
2020-06-11,San Mateo,081,765935,2747,2499,3,2502,74
2020-06-11,Santa Barbara,083,443738,2283,1895,17,1912,14
2020-06-11,Santa Clara,085,1922200,3988,3049,15,3064,149
2020-06-11,Santa Cruz,087,273765,279,247,0,247,2
2020-06-11,Shasta,089,179085,87,47,0,47,5
2020-06-11,Sierra,091,2930,1,1,0,1,0
2020-06-11,Siskiyou,093,43540,25,14,0,14,0
2020-06-11,Solano,095,438530,883,616,4,620,19
2020-06-11,Sonoma,097,501317,840,682,2,684,4
2020-06-11,Stanislaus,099,539301,1600,1062,6,1068,30
2020-06-11,Sutter,101,95872,92,56,0,56,2
2020-06-11,Tehama,103,63373,27,10,2,12,1
2020-06-11,Trinity,105,12862,11,2,3,5,0
2020-06-11,Tulare,107,460477,3536,2473,10,2483,95
2020-06-11,Tuolumne,109,53932,10,7,0,7,0
2020-06-11,Ventura,111,848112,2218,1491,12,1503,34
2020-06-11,Yolo,113,214977,304,230,0,230,24
2020-06-11,Yuba,115,75493,36,27,0,27,1
2020-06-10,Alameda,001,1643700,4677,4027,6,4033,107
2020-06-10,Alpine,003,1148,1,1,0,1,0
2020-06-10,Amador,005,37829,10,10,0,10,0
2020-06-10,Butte,007,227075,103,71,10,81,1
2020-06-10,Calaveras,009,45235,27,16,0,16,0
2020-06-10,Colusa,011,21464,11,7,0,7,0
2020-06-10,Contra Costa,013,1133247,2099,1778,2,1780,43
2020-06-10,Del Norte,015,27424,47,45,0,45,0
2020-06-10,El Dorado,017,186661,152,109,1,110,0
2020-06-10,Fresno,019,978130,4462,2324,57,2381,45
2020-06-10,Glenn,021,27897,39,21,0,21,0
2020-06-10,Humboldt,023,135768,118,112,0,112,3
2020-06-10,Imperial,025,180216,5480,3454,4,3458,36
2020-06-10,Inyo,027,18085,22,23,0,23,1
2020-06-10,Kern,029,883053,4002,3000,10,3010,54
2020-06-10,Kings,031,150075,1916,952,2,954,6
2020-06-10,Lake,033,64148,39,28,0,28,0
2020-06-10,Lassen,035,31185,15,5,2,7,0
2020-06-10,Los Angeles,037,10098052,76439,67018,21,67039,2752
2020-06-10,Madera,039,155013,431,176,1,177,3
2020-06-10,Marin,041,260295,757,633,2,635,17
2020-06-10,Mariposa,043,17540,17,16,0,16,1
2020-06-10,Mendocino,045,87422,39,35,0,35,0
2020-06-10,Merced,047,269075,592,370,1,371,7
2020-06-10,Modoc,049,8938,1,0,0,0,0
2020-06-10,Mono,051,14174,39,35,0,35,1
2020-06-10,Monterey,053,433212,1106,791,4,795,11
2020-06-10,Napa,055,140530,209,159,0,159,3
2020-06-10,Nevada,057,99092,65,50,1,51,1
2020-06-10,Orange,059,3164182,11449,8222,81,8303,184
2020-06-10,Placer,061,380077,451,309,3,312,9
2020-06-10,Plumas,063,18699,5,4,0,4,0
2020-06-10,Riverside,065,2383286,12892,9857,23,9880,361
2020-06-10,Sacramento,067,1510023,1887,1643,2,1645,59
2020-06-10,San Benito,069,59416,144,94,0,94,2
2020-06-10,San Bernardino,071,2135413,8879,6438,7,6445,219
2020-06-10,San Diego,073,3302833,10227,8839,0,8839,305
2020-06-10,San Francisco,075,870044,3016,2774,1,2775,44
2020-06-10,San Joaquin,077,732212,1945,1282,3,1285,41
2020-06-10,San Luis Obispo,079,281455,440,306,5,311,1
2020-06-10,San Mateo,081,765935,2707,2492,3,2495,74
2020-06-10,Santa Barbara,083,443738,2227,1878,17,1895,13
2020-06-10,Santa Clara,085,1922200,3937,3032,15,3047,149
2020-06-10,Santa Cruz,087,273765,275,242,0,242,2
2020-06-10,Shasta,089,179085,82,45,0,45,5
2020-06-10,Sierra,091,2930,1,1,0,1,0
2020-06-10,Siskiyou,093,43540,25,14,0,14,0
2020-06-10,Solano,095,438530,847,608,4,612,19
2020-06-10,Sonoma,097,501317,822,673,2,675,4
2020-06-10,Stanislaus,099,539301,1510,1030,6,1036,29
2020-06-10,Sutter,101,95872,91,56,0,56,2
2020-06-10,Tehama,103,63373,25,10,2,12,1
2020-06-10,Trinity,105,12862,11,2,3,5,0
2020-06-10,Tulare,107,460477,3443,2455,10,2465,95
2020-06-10,Tuolumne,109,53932,10,7,0,7,0
2020-06-10,Ventura,111,848112,2172,1446,11,1457,34
2020-06-10,Yolo,113,214977,296,226,0,226,24
2020-06-10,Yuba,115,75493,35,27,0,27,1
2020-06-09,Alameda,001,1643700,4566,3963,6,3969,103
2020-06-09,Alpine,003,1148,1,1,0,1,0
2020-06-09,Amador,005,37829,10,10,0,10,0
2020-06-09,Butte,007,227075,102,70,9,79,1
2020-06-09,Calaveras,009,45235,27,16,0,16,0
2020-06-09,Colusa,011,21464,10,7,0,7,0
2020-06-09,Contra Costa,013,1133247,2058,1744,2,1746,42
2020-06-09,Del Norte,015,27424,47,45,0,45,0
2020-06-09,El Dorado,017,186661,142,108,1,109,0
2020-06-09,Fresno,019,978130,4311,2278,57,2335,43
2020-06-09,Glenn,021,27897,38,19,0,19,0
2020-06-09,Humboldt,023,135768,116,113,0,113,2
2020-06-09,Imperial,025,180216,5330,3067,4,3071,36
2020-06-09,Inyo,027,18085,22,22,0,22,1
2020-06-09,Kern,029,883053,3874,2920,10,2930,51
2020-06-09,Kings,031,150075,1884,934,2,936,6
2020-06-09,Lake,033,64148,39,28,0,28,0
2020-06-09,Lassen,035,31185,15,5,2,7,0
2020-06-09,Los Angeles,037,10098052,74780,65827,21,65848,2692
2020-06-09,Madera,039,155013,416,172,1,173,3
2020-06-09,Marin,041,260295,721,616,2,618,17
2020-06-09,Mariposa,043,17540,17,16,0,16,1
2020-06-09,Mendocino,045,87422,35,35,0,35,0
2020-06-09,Merced,047,269075,563,349,1,350,7
2020-06-09,Modoc,049,8938,1,0,0,0,0
2020-06-09,Mono,051,14174,39,35,0,35,1
2020-06-09,Monterey,053,433212,1065,772,4,776,11
2020-06-09,Napa,055,140530,199,156,0,156,3
2020-06-09,Nevada,057,99092,57,50,1,51,1
2020-06-09,Orange,059,3164182,11207,7991,79,8070,174
2020-06-09,Placer,061,380077,438,301,3,304,9
2020-06-09,Plumas,063,18699,5,4,0,4,0
2020-06-09,Riverside,065,2383286,12514,9511,23,9534,354
2020-06-09,Sacramento,067,1510023,1832,1625,2,1627,59
2020-06-09,San Benito,069,59416,138,95,0,95,2
2020-06-09,San Bernardino,071,2135413,8556,6268,6,6274,217
2020-06-09,San Diego,073,3302833,10042,8731,0,8731,301
2020-06-09,San Francisco,075,870044,2991,2749,1,2750,44
2020-06-09,San Joaquin,077,732212,1839,1240,3,1243,41
2020-06-09,San Luis Obispo,079,281455,427,301,4,305,1
2020-06-09,San Mateo,081,765935,2676,2463,3,2466,74
2020-06-09,Santa Barbara,083,443738,2171,1854,17,1871,13
2020-06-09,Santa Clara,085,1922200,3869,3006,14,3020,147
2020-06-09,Santa Cruz,087,273765,269,237,0,237,2
2020-06-09,Shasta,089,179085,78,44,0,44,4
2020-06-09,Sierra,091,2930,1,1,0,1,0
2020-06-09,Siskiyou,093,43540,20,10,0,10,0
2020-06-09,Solano,095,438530,812,596,4,600,18
2020-06-09,Sonoma,097,501317,799,661,2,663,4
2020-06-09,Stanislaus,099,539301,1409,993,6,999,25
2020-06-09,Sutter,101,95872,88,56,0,56,2
2020-06-09,Tehama,103,63373,25,9,2,11,1
2020-06-09,Trinity,105,12862,10,2,3,5,0
2020-06-09,Tulare,107,460477,3377,2393,10,2403,91
2020-06-09,Tuolumne,109,53932,10,8,0,8,0
2020-06-09,Ventura,111,848112,2106,1407,11,1418,34
2020-06-09,Yolo,113,214977,285,226,0,226,24
2020-06-09,Yuba,115,75493,34,27,0,27,1
2020-06-08,Alameda,001,1643700,4485,3937,6,3943,103
2020-06-08,Alpine,003,1148,1,1,0,1,0
2020-06-08,Amador,005,37829,10,10,0,10,0
2020-06-08,Butte,007,227075,98,68,9,77,1
2020-06-08,Calaveras,009,45235,27,16,0,16,0
2020-06-08,Colusa,011,21464,9,7,0,7,0
2020-06-08,Contra Costa,013,1133247,2015,1714,2,1716,41
2020-06-08,Del Norte,015,27424,47,45,0,45,0
2020-06-08,El Dorado,017,186661,138,107,1,108,0
2020-06-08,Fresno,019,978130,4189,2194,56,2250,42
2020-06-08,Glenn,021,27897,36,17,0,17,0
2020-06-08,Humboldt,023,135768,116,112,0,112,2
2020-06-08,Imperial,025,180216,5178,3051,4,3055,21
2020-06-08,Inyo,027,18085,22,22,0,22,1
2020-06-08,Kern,029,883053,3743,2853,9,2862,49
2020-06-08,Kings,031,150075,1808,892,2,894,6
2020-06-08,Lake,033,64148,39,28,0,28,0
2020-06-08,Lassen,035,31185,15,4,2,6,0
2020-06-08,Los Angeles,037,10098052,73320,64634,21,64655,2640
2020-06-08,Madera,039,155013,386,154,1,155,3
2020-06-08,Marin,041,260295,680,596,2,598,17
2020-06-08,Mariposa,043,17540,16,16,0,16,1
2020-06-08,Mendocino,045,87422,33,32,0,32,0
2020-06-08,Merced,047,269075,529,331,1,332,7
2020-06-08,Modoc,049,8938,1,0,0,0,0
2020-06-08,Mono,051,14174,39,35,0,35,1
2020-06-08,Monterey,053,433212,1014,751,3,754,10
2020-06-08,Napa,055,140530,183,151,0,151,3
2020-06-08,Nevada,057,99092,56,50,1,51,1
2020-06-08,Orange,059,3164182,10956,7786,77,7863,160
2020-06-08,Placer,061,380077,421,290,3,293,9
2020-06-08,Plumas,063,18699,5,4,0,4,0
2020-06-08,Riverside,065,2383286,12145,9246,23,9269,347
2020-06-08,Sacramento,067,1510023,1782,1591,2,1593,59
2020-06-08,San Benito,069,59416,131,93,0,93,2
2020-06-08,San Bernardino,071,2135413,8237,6122,6,6128,214
2020-06-08,San Diego,073,3302833,9885,8621,0,8621,296
2020-06-08,San Francisco,075,870044,2964,2715,1,2716,43
2020-06-08,San Joaquin,077,732212,1732,1198,3,1201,40
2020-06-08,San Luis Obispo,079,281455,421,300,4,304,1
2020-06-08,San Mateo,081,765935,2645,2431,2,2433,74
2020-06-08,Santa Barbara,083,443738,2116,1824,15,1839,13
2020-06-08,Santa Clara,085,1922200,3823,2971,14,2985,146
2020-06-08,Santa Cruz,087,273765,268,234,0,234,2
2020-06-08,Shasta,089,179085,74,43,0,43,4
2020-06-08,Sierra,091,2930,1,1,0,1,0
2020-06-08,Siskiyou,093,43540,20,8,0,8,0
2020-06-08,Solano,095,438530,785,560,4,564,19
2020-06-08,Sonoma,097,501317,783,654,2,656,4
2020-06-08,Stanislaus,099,539301,1326,956,6,962,28
2020-06-08,Sutter,101,95872,81,55,0,55,2
2020-06-08,Tehama,103,63373,19,8,2,10,1
2020-06-08,Trinity,105,12862,10,2,3,5,0
2020-06-08,Tulare,107,460477,3294,2301,10,2311,91
2020-06-08,Tuolumne,109,53932,9,8,0,8,0
2020-06-08,Ventura,111,848112,2048,1382,11,1393,30
2020-06-08,Yolo,113,214977,274,228,0,228,24
2020-06-08,Yuba,115,75493,32,27,0,27,1
2020-06-07,Alameda,001,1643700,4372,3866,6,3872,102
2020-06-07,Alpine,003,1148,1,1,0,1,0
2020-06-07,Amador,005,37829,10,10,0,10,0
2020-06-07,Butte,007,227075,96,64,7,71,1
2020-06-07,Calaveras,009,45235,25,16,0,16,0
2020-06-07,Colusa,011,21464,9,7,0,7,0
2020-06-07,Contra Costa,013,1133247,1964,1653,1,1654,38
2020-06-07,Del Norte,015,27424,45,45,0,45,0
2020-06-07,El Dorado,017,186661,138,104,1,105,0
2020-06-07,Fresno,019,978130,4059,2144,56,2200,41
2020-06-07,Glenn,021,27897,29,16,0,16,0
2020-06-07,Humboldt,023,135768,116,112,0,112,2
2020-06-07,Imperial,025,180216,5028,3048,4,3052,19
2020-06-07,Inyo,027,18085,22,21,0,21,1
2020-06-07,Kern,029,883053,3612,2771,9,2780,46
2020-06-07,Kings,031,150075,1759,882,2,884,6
2020-06-07,Lake,033,64148,36,28,0,28,0
2020-06-07,Lassen,035,31185,14,4,2,6,0
2020-06-07,Los Angeles,037,10098052,71611,63750,21,63771,2629
2020-06-07,Madera,039,155013,369,149,1,150,3
2020-06-07,Marin,041,260295,666,584,2,586,17
2020-06-07,Mariposa,043,17540,16,16,0,16,1
2020-06-07,Mendocino,045,87422,33,32,0,32,0
2020-06-07,Merced,047,269075,496,318,1,319,7
2020-06-07,Modoc,049,8938,1,0,0,0,0
2020-06-07,Mono,051,14174,39,35,0,35,1
2020-06-07,Monterey,053,433212,968,732,3,735,10
2020-06-07,Napa,055,140530,175,142,0,142,3
2020-06-07,Nevada,057,99092,55,50,1,51,1
2020-06-07,Orange,059,3164182,10698,7643,75,7718,158
2020-06-07,Placer,061,380077,400,273,2,275,9
2020-06-07,Plumas,063,18699,5,4,0,4,0
2020-06-07,Riverside,065,2383286,11849,9105,23,9128,344
2020-06-07,Sacramento,067,1510023,1734,1568,2,1570,59
2020-06-07,San Benito,069,59416,128,92,0,92,2
2020-06-07,San Bernardino,071,2135413,7951,6033,6,6039,214
2020-06-07,San Diego,073,3302833,9706,8478,0,8478,296
2020-06-07,San Francisco,075,870044,2920,2674,0,2674,43
2020-06-07,San Joaquin,077,732212,1631,1126,3,1129,37
2020-06-07,San Luis Obispo,079,281455,411,296,4,300,1
2020-06-07,San Mateo,081,765935,2618,2399,2,2401,73
2020-06-07,Santa Barbara,083,443738,2061,1818,15,1833,13
2020-06-07,Santa Clara,085,1922200,3771,2947,14,2961,146
2020-06-07,Santa Cruz,087,273765,260,230,0,230,2
2020-06-07,Shasta,089,179085,73,41,0,41,4
2020-06-07,Sierra,091,2930,1,1,0,1,0
2020-06-07,Siskiyou,093,43540,20,8,0,8,0
2020-06-07,Solano,095,438530,762,560,4,564,19
2020-06-07,Sonoma,097,501317,752,639,2,641,4
2020-06-07,Stanislaus,099,539301,1246,905,5,910,28
2020-06-07,Sutter,101,95872,73,55,0,55,2
2020-06-07,Tehama,103,63373,16,8,2,10,1
2020-06-07,Trinity,105,12862,8,2,3,5,0
2020-06-07,Tulare,107,460477,3172,2219,10,2229,90
2020-06-07,Tuolumne,109,53932,9,4,0,4,0
2020-06-07,Ventura,111,848112,1982,1337,11,1348,30
2020-06-07,Yolo,113,214977,264,224,0,224,24
2020-06-07,Yuba,115,75493,32,27,0,27,1
2020-06-06,Alameda,001,1643700,4326,3801,6,3807,102
2020-06-06,Alpine,003,1148,1,1,0,1,0
2020-06-06,Amador,005,37829,10,10,0,10,0
2020-06-06,Butte,007,227075,95,63,7,70,1
2020-06-06,Calaveras,009,45235,23,16,0,16,0
2020-06-06,Colusa,011,21464,9,7,0,7,0
2020-06-06,Contra Costa,013,1133247,1944,1619,1,1620,37
2020-06-06,Del Norte,015,27424,45,45,0,45,0
2020-06-06,El Dorado,017,186661,133,104,1,105,0
2020-06-06,Fresno,019,978130,4004,2117,56,2173,41
2020-06-06,Glenn,021,27897,27,16,0,16,0
2020-06-06,Humboldt,023,135768,116,112,0,112,2
2020-06-06,Imperial,025,180216,4952,3047,4,3051,19
2020-06-06,Inyo,027,18085,22,21,0,21,1
2020-06-06,Kern,029,883053,3541,2695,9,2704,46
2020-06-06,Kings,031,150075,1740,882,2,884,6
2020-06-06,Lake,033,64148,36,28,0,28,0
2020-06-06,Lassen,035,31185,14,4,2,6,0
2020-06-06,Los Angeles,037,10098052,70856,62269,21,62290,2607
2020-06-06,Madera,039,155013,360,149,1,150,3
2020-06-06,Marin,041,260295,661,556,2,558,17
2020-06-06,Mariposa,043,17540,16,16,0,16,1
2020-06-06,Mendocino,045,87422,33,32,0,32,0
2020-06-06,Merced,047,269075,495,315,1,316,7
2020-06-06,Modoc,049,8938,1,0,0,0,0
2020-06-06,Mono,051,14174,39,35,0,35,1
2020-06-06,Monterey,053,433212,944,679,3,682,10
2020-06-06,Napa,055,140530,169,136,0,136,3
2020-06-06,Nevada,057,99092,54,50,1,51,1
2020-06-06,Orange,059,3164182,10539,7576,74,7650,157
2020-06-06,Placer,061,380077,388,270,2,272,9
2020-06-06,Plumas,063,18699,5,4,0,4,0
2020-06-06,Riverside,065,2383286,11671,8935,23,8958,345
2020-06-06,Sacramento,067,1510023,1711,1533,2,1535,59
2020-06-06,San Benito,069,59416,118,92,0,92,2
2020-06-06,San Bernardino,071,2135413,7802,5946,6,5952,214
2020-06-06,San Diego,073,3302833,9585,8347,0,8347,296
2020-06-06,San Francisco,075,870044,2905,2674,0,2674,43
2020-06-06,San Joaquin,077,732212,1591,1076,3,1079,37
2020-06-06,San Luis Obispo,079,281455,405,295,4,299,1
2020-06-06,San Mateo,081,765935,2603,2342,2,2344,72
2020-06-06,Santa Barbara,083,443738,2022,1815,15,1830,13
2020-06-06,Santa Clara,085,1922200,3730,2934,14,2948,144
2020-06-06,Santa Cruz,087,273765,258,226,0,226,2
2020-06-06,Shasta,089,179085,73,40,0,40,4
2020-06-06,Sierra,091,2930,1,1,0,1,0
2020-06-06,Siskiyou,093,43540,18,8,0,8,0
2020-06-06,Solano,095,438530,747,560,4,564,19
2020-06-06,Sonoma,097,501317,740,622,2,624,4
2020-06-06,Stanislaus,099,539301,1212,858,5,863,27
2020-06-06,Sutter,101,95872,73,51,0,51,2
2020-06-06,Tehama,103,63373,15,8,2,10,1
2020-06-06,Trinity,105,12862,8,2,2,4,0
2020-06-06,Tulare,107,460477,3139,2213,10,2223,90
2020-06-06,Tuolumne,109,53932,9,4,0,4,0
2020-06-06,Ventura,111,848112,1958,1303,11,1314,30
2020-06-06,Yolo,113,214977,262,223,0,223,24
2020-06-06,Yuba,115,75493,32,27,0,27,1
2020-06-05,Alameda,001,1643700,4275,3734,6,3740,102
2020-06-05,Alpine,003,1148,1,1,0,1,0
2020-06-05,Amador,005,37829,10,10,0,10,0
2020-06-05,Butte,007,227075,92,61,7,68,1
2020-06-05,Calaveras,009,45235,22,16,0,16,0
2020-06-05,Colusa,011,21464,9,7,0,7,0
2020-06-05,Contra Costa,013,1133247,1929,1575,1,1576,37
2020-06-05,Del Norte,015,27424,45,45,0,45,0
2020-06-05,El Dorado,017,186661,131,101,1,102,0
2020-06-05,Fresno,019,978130,3940,2051,55,2106,38
2020-06-05,Glenn,021,27897,25,16,0,16,0
2020-06-05,Humboldt,023,135768,115,111,0,111,2
2020-06-05,Imperial,025,180216,4845,2778,4,2782,19
2020-06-05,Inyo,027,18085,22,21,0,21,1
2020-06-05,Kern,029,883053,3452,2624,9,2633,46
2020-06-05,Kings,031,150075,1725,865,2,867,6
2020-06-05,Lake,033,64148,35,28,0,28,0
2020-06-05,Lassen,035,31185,13,4,2,6,0
2020-06-05,Los Angeles,037,10098052,69705,60955,21,60976,2553
2020-06-05,Madera,039,155013,338,144,1,145,3
2020-06-05,Marin,041,260295,652,546,2,548,17
2020-06-05,Mariposa,043,17540,16,16,0,16,1
2020-06-05,Mendocino,045,87422,33,32,0,32,0
2020-06-05,Merced,047,269075,493,309,1,310,7
2020-06-05,Modoc,049,8938,1,0,0,0,0
2020-06-05,Mono,051,14174,39,35,0,35,1
2020-06-05,Monterey,053,433212,912,649,3,652,10
2020-06-05,Napa,055,140530,166,123,0,123,3
2020-06-05,Nevada,057,99092,54,50,1,51,1
2020-06-05,Orange,059,3164182,10344,7391,73,7464,153
2020-06-05,Placer,061,380077,378,265,2,267,9
2020-06-05,Plumas,063,18699,5,4,0,4,0
2020-06-05,Riverside,065,2383286,11412,8700,23,8723,345
2020-06-05,Sacramento,067,1510023,1689,1514,2,1516,59
2020-06-05,San Benito,069,59416,116,92,0,92,2
2020-06-05,San Bernardino,071,2135413,7620,5869,5,5874,212
2020-06-05,San Diego,073,3302833,9470,8182,0,8182,294
2020-06-05,San Francisco,075,870044,2887,2675,0,2675,43
2020-06-05,San Joaquin,077,732212,1512,1046,3,1049,36
2020-06-05,San Luis Obispo,079,281455,398,293,4,297,1
2020-06-05,San Mateo,081,765935,2578,2331,2,2333,72
2020-06-05,Santa Barbara,083,443738,1991,1795,15,1810,13
2020-06-05,Santa Clara,085,1922200,3695,2902,14,2916,144
2020-06-05,Santa Cruz,087,273765,255,222,0,222,2
2020-06-05,Shasta,089,179085,72,40,0,40,4
2020-06-05,Sierra,091,2930,1,1,0,1,0
2020-06-05,Siskiyou,093,43540,16,8,0,8,0
2020-06-05,Solano,095,438530,740,558,4,562,19
2020-06-05,Sonoma,097,501317,719,618,2,620,4
2020-06-05,Stanislaus,099,539301,1179,842,5,847,27
2020-06-05,Sutter,101,95872,73,49,0,49,2
2020-06-05,Tehama,103,63373,15,7,2,9,1
2020-06-05,Trinity,105,12862,8,1,2,3,0
2020-06-05,Tulare,107,460477,3090,2180,10,2190,90
2020-06-05,Tuolumne,109,53932,9,4,0,4,0
2020-06-05,Ventura,111,848112,1925,1274,11,1285,30
2020-06-05,Yolo,113,214977,261,216,0,216,24
2020-06-05,Yuba,115,75493,32,27,0,27,1
2020-06-04,Alameda,001,1643700,4176,3643,6,3649,99
2020-06-04,Alpine,003,1148,1,1,0,1,0
2020-06-04,Amador,005,37829,10,10,0,10,0
2020-06-04,Butte,007,227075,88,57,6,63,1
2020-06-04,Calaveras,009,45235,22,15,0,15,0
2020-06-04,Colusa,011,21464,9,7,0,7,0
2020-06-04,Contra Costa,013,1133247,1872,1551,1,1552,37
2020-06-04,Del Norte,015,27424,45,45,0,45,0
2020-06-04,El Dorado,017,186661,129,101,1,102,0
2020-06-04,Fresno,019,978130,3835,2007,54,2061,35
2020-06-04,Glenn,021,27897,22,16,0,16,0
2020-06-04,Humboldt,023,135768,115,109,0,109,2
2020-06-04,Imperial,025,180216,4663,2631,4,2635,19
2020-06-04,Inyo,027,18085,22,20,0,20,1
2020-06-04,Kern,029,883053,3336,2530,9,2539,46
2020-06-04,Kings,031,150075,1655,842,2,844,6
2020-06-04,Lake,033,64148,34,27,0,27,0
2020-06-04,Lassen,035,31185,11,4,2,6,0
2020-06-04,Los Angeles,037,10098052,68239,59596,21,59617,2515
2020-06-04,Madera,039,155013,330,127,1,128,3
2020-06-04,Marin,041,260295,630,533,2,535,14
2020-06-04,Mariposa,043,17540,16,16,0,16,1
2020-06-04,Mendocino,045,87422,33,29,0,29,0
2020-06-04,Merced,047,269075,473,304,1,305,7
2020-06-04,Modoc,049,8938,1,0,0,0,0
2020-06-04,Mono,051,14174,39,35,0,35,1
2020-06-04,Monterey,053,433212,877,621,2,623,10
2020-06-04,Napa,055,140530,162,117,0,117,3
2020-06-04,Nevada,057,99092,53,49,1,50,1
2020-06-04,Orange,059,3164182,10092,7192,72,7264,148
2020-06-04,Placer,061,380077,362,256,2,258,9
2020-06-04,Plumas,063,18699,4,4,0,4,0
2020-06-04,Riverside,065,2383286,11134,8473,23,8496,341
2020-06-04,Sacramento,067,1510023,1660,1492,2,1494,58
2020-06-04,San Benito,069,59416,114,88,0,88,2
2020-06-04,San Bernardino,071,2135413,7351,5726,5,5731,207
2020-06-04,San Diego,073,3302833,9307,7942,0,7942,288
2020-06-04,San Francisco,075,870044,2854,2636,0,2636,43
2020-06-04,San Joaquin,077,732212,1450,1016,3,1019,36
2020-06-04,San Luis Obispo,079,281455,387,288,4,292,1
2020-06-04,San Mateo,081,765935,2551,2284,2,2286,72
2020-06-04,Santa Barbara,083,443738,1960,1750,14,1764,13
2020-06-04,Santa Clara,085,1922200,3660,2871,14,2885,144
2020-06-04,Santa Cruz,087,273765,249,218,0,218,2
2020-06-04,Shasta,089,179085,66,40,0,40,4
2020-06-04,Sierra,091,2930,1,1,0,1,0
2020-06-04,Siskiyou,093,43540,15,8,0,8,0
2020-06-04,Solano,095,438530,723,551,4,555,19
2020-06-04,Sonoma,097,501317,700,591,1,592,4
2020-06-04,Stanislaus,099,539301,1103,806,5,811,28
2020-06-04,Sutter,101,95872,68,46,0,46,2
2020-06-04,Tehama,103,63373,14,6,1,7,1
2020-06-04,Trinity,105,12862,8,1,2,3,0
2020-06-04,Tulare,107,460477,2973,2086,10,2096,90
2020-06-04,Tuolumne,109,53932,8,4,0,4,0
2020-06-04,Ventura,111,848112,1881,1236,10,1246,30
2020-06-04,Yolo,113,214977,256,216,0,216,24
2020-06-04,Yuba,115,75493,31,27,0,27,1
2020-06-03,Alameda,001,1643700,4117,3589,5,3594,99
2020-06-03,Alpine,003,1148,1,1,0,1,0
2020-06-03,Amador,005,37829,10,10,0,10,0
2020-06-03,Butte,007,227075,86,53,6,59,1
2020-06-03,Calaveras,009,45235,21,15,0,15,0
2020-06-03,Colusa,011,21464,9,7,0,7,0
2020-06-03,Contra Costa,013,1133247,1824,1511,1,1512,37
2020-06-03,Del Norte,015,27424,45,39,0,39,0
2020-06-03,El Dorado,017,186661,126,90,1,91,0
2020-06-03,Fresno,019,978130,3736,1943,54,1997,35
2020-06-03,Glenn,021,27897,22,16,0,16,0
2020-06-03,Humboldt,023,135768,115,103,0,103,2
2020-06-03,Imperial,025,180216,4490,2540,4,2544,19
2020-06-03,Inyo,027,18085,22,20,0,20,1
2020-06-03,Kern,029,883053,3240,2452,8,2460,44
2020-06-03,Kings,031,150075,1592,744,2,746,6
2020-06-03,Lake,033,64148,32,26,0,26,0
2020-06-03,Lassen,035,31185,11,4,2,6,0
2020-06-03,Los Angeles,037,10098052,66639,58166,21,58187,2472
2020-06-03,Madera,039,155013,322,117,1,118,3
2020-06-03,Marin,041,260295,612,527,2,529,14
2020-06-03,Mariposa,043,17540,16,16,0,16,1
2020-06-03,Mendocino,045,87422,32,29,0,29,0
2020-06-03,Merced,047,269075,459,299,1,300,7
2020-06-03,Modoc,049,8938,1,0,0,0,0
2020-06-03,Mono,051,14174,39,35,0,35,1
2020-06-03,Monterey,053,433212,849,592,2,594,10
2020-06-03,Napa,055,140530,161,116,0,116,3
2020-06-03,Nevada,057,99092,52,43,1,44,1
2020-06-03,Orange,059,3164182,9866,6939,71,7010,145
2020-06-03,Placer,061,380077,342,243,2,245,9
2020-06-03,Plumas,063,18699,4,4,0,4,0
2020-06-03,Riverside,065,2383286,10860,8208,23,8231,335
2020-06-03,Sacramento,067,1510023,1631,1457,2,1459,58
2020-06-03,San Benito,069,59416,108,88,0,88,2
2020-06-03,San Bernardino,071,2135413,7128,5565,5,5570,203
2020-06-03,San Diego,073,3302833,9159,7800,0,7800,283
2020-06-03,San Francisco,075,870044,2823,2608,0,2608,43
2020-06-03,San Joaquin,077,732212,1386,1004,3,1007,35
2020-06-03,San Luis Obispo,079,281455,382,279,4,283,1
2020-06-03,San Mateo,081,765935,2523,2243,2,2245,71
2020-06-03,Santa Barbara,083,443738,1926,1722,13,1735,12
2020-06-03,Santa Clara,085,1922200,3618,2836,14,2850,144
2020-06-03,Santa Cruz,087,273765,243,217,0,217,2
2020-06-03,Shasta,089,179085,63,40,0,40,4
2020-06-03,Sierra,091,2930,1,1,0,1,0
2020-06-03,Siskiyou,093,43540,14,8,0,8,0
2020-06-03,Solano,095,438530,698,543,2,545,18
2020-06-03,Sonoma,097,501317,688,578,1,579,4
2020-06-03,Stanislaus,099,539301,1063,780,5,785,27
2020-06-03,Sutter,101,95872,60,45,0,45,2
2020-06-03,Tehama,103,63373,14,6,1,7,1
2020-06-03,Trinity,105,12862,8,1,2,3,0
2020-06-03,Tulare,107,460477,2904,2041,10,2051,88
2020-06-03,Tuolumne,109,53932,6,4,0,4,0
2020-06-03,Ventura,111,848112,1814,1202,10,1212,30
2020-06-03,Yolo,113,214977,252,213,0,213,24
2020-06-03,Yuba,115,75493,31,27,0,27,1
2020-06-02,Alameda,001,1643700,4041,3517,5,3522,99
2020-06-02,Alpine,003,1148,1,1,0,1,0
2020-06-02,Amador,005,37829,10,10,0,10,0
2020-06-02,Butte,007,227075,82,51,5,56,1
2020-06-02,Calaveras,009,45235,21,15,0,15,0
2020-06-02,Colusa,011,21464,9,7,0,7,0
2020-06-02,Contra Costa,013,1133247,1792,1505,1,1506,37
2020-06-02,Del Norte,015,27424,45,39,0,39,0
2020-06-02,El Dorado,017,186661,125,88,1,89,0
2020-06-02,Fresno,019,978130,3623,1917,54,1971,34
2020-06-02,Glenn,021,27897,21,16,0,16,0
2020-06-02,Humboldt,023,135768,115,101,0,101,2
2020-06-02,Imperial,025,180216,4297,2459,4,2463,19
2020-06-02,Inyo,027,18085,20,20,0,20,1
2020-06-02,Kern,029,883053,3141,2406,6,2412,41
2020-06-02,Kings,031,150075,1564,720,2,722,5
2020-06-02,Lake,033,64148,32,25,0,25,0
2020-06-02,Lassen,035,31185,10,4,2,6,0
2020-06-02,Los Angeles,037,10098052,65236,57144,21,57165,2430
2020-06-02,Madera,039,155013,301,110,1,111,2
2020-06-02,Marin,041,260295,585,509,2,511,14
2020-06-02,Mariposa,043,17540,16,16,0,16,1
2020-06-02,Mendocino,045,87422,32,29,0,29,0
2020-06-02,Merced,047,269075,443,297,1,298,6
2020-06-02,Modoc,049,8938,1,0,0,0,0
2020-06-02,Mono,051,14174,39,35,0,35,1
2020-06-02,Monterey,053,433212,819,582,2,584,10
2020-06-02,Napa,055,140530,152,116,0,116,3
2020-06-02,Nevada,057,99092,51,41,1,42,1
2020-06-02,Orange,059,3164182,9665,6790,70,6860,142
2020-06-02,Placer,061,380077,328,226,2,228,9
2020-06-02,Plumas,063,18699,4,4,0,4,0
2020-06-02,Riverside,065,2383286,10564,8091,22,8113,330
2020-06-02,Sacramento,067,1510023,1602,1428,2,1430,58
2020-06-02,San Benito,069,59416,107,86,0,86,2
2020-06-02,San Bernardino,071,2135413,6921,5438,5,5443,202
2020-06-02,San Diego,073,3302833,9013,7676,0,7676,276
2020-06-02,San Francisco,075,870044,2788,2554,0,2554,43
2020-06-02,San Joaquin,077,732212,1320,985,3,988,35
2020-06-02,San Luis Obispo,079,281455,377,275,4,279,1
2020-06-02,San Mateo,081,765935,2488,2203,2,2205,71
2020-06-02,Santa Barbara,083,443738,1886,1703,13,1716,12
2020-06-02,Santa Clara,085,1922200,3568,2819,14,2833,144
2020-06-02,Santa Cruz,087,273765,238,215,0,215,2
2020-06-02,Shasta,089,179085,62,38,0,38,4
2020-06-02,Sierra,091,2930,1,1,0,1,0
2020-06-02,Siskiyou,093,43540,13,8,0,8,0
2020-06-02,Solano,095,438530,683,537,1,538,18
2020-06-02,Sonoma,097,501317,677,571,1,572,4
2020-06-02,Stanislaus,099,539301,1004,772,5,777,27
2020-06-02,Sutter,101,95872,57,43,0,43,2
2020-06-02,Tehama,103,63373,14,6,1,7,1
2020-06-02,Trinity,105,12862,8,1,2,3,0
2020-06-02,Tulare,107,460477,2824,2012,10,2022,86
2020-06-02,Tuolumne,109,53932,6,4,0,4,0
2020-06-02,Ventura,111,848112,1761,1178,10,1188,30
2020-06-02,Yolo,113,214977,250,213,0,213,24
2020-06-02,Yuba,115,75493,31,27,0,27,1
2020-06-01,Alameda,001,1643700,3975,3460,5,3465,98
2020-06-01,Alpine,003,1148,1,1,0,1,0
2020-06-01,Amador,005,37829,10,10,0,10,0
2020-06-01,Butte,007,227075,81,50,4,54,1
2020-06-01,Calaveras,009,45235,21,15,0,15,0
2020-06-01,Colusa,011,21464,9,7,0,7,0
2020-06-01,Contra Costa,013,1133247,1756,1486,1,1487,37
2020-06-01,Del Norte,015,27424,45,38,0,38,0
2020-06-01,El Dorado,017,186661,123,88,1,89,0
2020-06-01,Fresno,019,978130,3527,1854,52,1906,33
2020-06-01,Glenn,021,27897,21,16,0,16,0
2020-06-01,Humboldt,023,135768,115,98,0,98,2
2020-06-01,Imperial,025,180216,4075,2366,4,2370,14
2020-06-01,Inyo,027,18085,20,20,0,20,1
2020-06-01,Kern,029,883053,3058,2366,6,2372,38
2020-06-01,Kings,031,150075,1296,703,2,705,4
2020-06-01,Lake,033,64148,32,22,0,22,0
2020-06-01,Lassen,035,31185,10,4,2,6,0
2020-06-01,Los Angeles,037,10098052,63763,55899,21,55920,2367
2020-06-01,Madera,039,155013,289,103,1,104,2
2020-06-01,Marin,041,260295,544,495,2,497,14
2020-06-01,Mariposa,043,17540,16,16,0,16,1
2020-06-01,Mendocino,045,87422,32,28,0,28,0
2020-06-01,Merced,047,269075,424,289,1,290,6
2020-06-01,Modoc,049,8938,1,0,0,0,0
2020-06-01,Mono,051,14174,39,35,0,35,1
2020-06-01,Monterey,053,433212,795,554,2,556,10
2020-06-01,Napa,055,140530,149,114,0,114,3
2020-06-01,Nevada,057,99092,51,41,1,42,1
2020-06-01,Orange,059,3164182,9468,6640,69,6709,135
2020-06-01,Placer,061,380077,316,218,2,220,9
2020-06-01,Plumas,063,18699,4,4,0,4,0
2020-06-01,Riverside,065,2383286,10112,7921,21,7942,322
2020-06-01,Sacramento,067,1510023,1563,1415,2,1417,58
2020-06-01,San Benito,069,59416,104,86,0,86,2
2020-06-01,San Bernardino,071,2135413,6715,5310,5,5315,202
2020-06-01,San Diego,073,3302833,8833,7556,0,7556,269
2020-06-01,San Francisco,075,870044,2751,2546,0,2546,43
2020-06-01,San Joaquin,077,732212,1255,957,3,960,35
2020-06-01,San Luis Obispo,079,281455,373,275,4,279,1
2020-06-01,San Mateo,081,765935,2458,2190,2,2192,71
2020-06-01,Santa Barbara,083,443738,1852,1671,12,1683,10
2020-06-01,Santa Clara,085,1922200,3530,2797,13,2810,142
2020-06-01,Santa Cruz,087,273765,234,215,0,215,2
2020-06-01,Shasta,089,179085,62,38,0,38,4
2020-06-01,Sierra,091,2930,1,1,0,1,0
2020-06-01,Siskiyou,093,43540,13,7,0,7,0
2020-06-01,Solano,095,438530,659,529,1,530,17
2020-06-01,Sonoma,097,501317,661,565,1,566,4
2020-06-01,Stanislaus,099,539301,967,758,5,763,27
2020-06-01,Sutter,101,95872,52,43,0,43,2
2020-06-01,Tehama,103,63373,11,5,1,6,1
2020-06-01,Trinity,105,12862,7,1,2,3,0
2020-06-01,Tulare,107,460477,2709,1976,10,1986,84
2020-06-01,Tuolumne,109,53932,5,4,0,4,0
2020-06-01,Ventura,111,848112,1708,1163,10,1173,29
2020-06-01,Yolo,113,214977,247,212,0,212,24
2020-06-01,Yuba,115,75493,30,26,0,26,1
2020-05-31,Alameda,001,1643700,3870,3362,5,3367,98
2020-05-31,Alpine,003,1148,1,1,0,1,0
2020-05-31,Amador,005,37829,10,10,0,10,0
2020-05-31,Butte,007,227075,79,51,4,55,0
2020-05-31,Calaveras,009,45235,18,15,0,15,0
2020-05-31,Colusa,011,21464,9,5,0,5,0
2020-05-31,Contra Costa,013,1133247,1722,1458,1,1459,37
2020-05-31,Del Norte,015,27424,45,37,0,37,0
2020-05-31,El Dorado,017,186661,119,88,1,89,0
2020-05-31,Fresno,019,978130,3363,1780,47,1827,31
2020-05-31,Glenn,021,27897,20,16,0,16,0
2020-05-31,Humboldt,023,135768,113,98,0,98,2
2020-05-31,Imperial,025,180216,3808,2197,4,2201,14
2020-05-31,Inyo,027,18085,20,20,0,20,1
2020-05-31,Kern,029,883053,2923,2300,6,2306,38
2020-05-31,Kings,031,150075,1260,703,2,705,3
2020-05-31,Lake,033,64148,32,19,0,19,0
2020-05-31,Lassen,035,31185,10,4,2,6,0
2020-05-31,Los Angeles,037,10098052,62469,54925,21,54946,2344
2020-05-31,Madera,039,155013,271,101,1,102,2
2020-05-31,Marin,041,260295,534,486,2,488,14
2020-05-31,Mariposa,043,17540,16,16,0,16,1
2020-05-31,Mendocino,045,87422,32,24,0,24,0
2020-05-31,Merced,047,269075,397,288,0,288,6
2020-05-31,Modoc,049,8938,0,0,0,0,0
2020-05-31,Mono,051,14174,39,34,0,34,1
2020-05-31,Monterey,053,433212,721,545,2,547,10
2020-05-31,Napa,055,140530,147,114,0,114,3
2020-05-31,Nevada,057,99092,50,41,1,42,1
2020-05-31,Orange,059,3164182,9257,6532,68,6600,135
2020-05-31,Placer,061,380077,294,215,2,217,9
2020-05-31,Plumas,063,18699,4,4,0,4,0
2020-05-31,Riverside,065,2383286,9856,7704,21,7725,321
2020-05-31,Sacramento,067,1510023,1532,1398,2,1400,57
2020-05-31,San Benito,069,59416,98,85,0,85,2
2020-05-31,San Bernardino,071,2135413,6447,5185,5,5190,198
2020-05-31,San Diego,073,3302833,8639,7483,0,7483,269
2020-05-31,San Francisco,075,870044,2715,2501,0,2501,43
2020-05-31,San Joaquin,077,732212,1190,888,3,891,34
2020-05-31,San Luis Obispo,079,281455,363,271,4,275,1
2020-05-31,San Mateo,081,765935,2412,2169,2,2171,71
2020-05-31,Santa Barbara,083,443738,1801,1662,11,1673,9
2020-05-31,Santa Clara,085,1922200,3486,2785,13,2798,142
2020-05-31,Santa Cruz,087,273765,231,210,0,210,2
2020-05-31,Shasta,089,179085,60,38,0,38,4
2020-05-31,Sierra,091,2930,1,1,0,1,0
2020-05-31,Siskiyou,093,43540,12,7,0,7,0
2020-05-31,Solano,095,438530,633,512,1,513,6
2020-05-31,Sonoma,097,501317,641,555,1,556,4
2020-05-31,Stanislaus,099,539301,913,738,5,743,27
2020-05-31,Sutter,101,95872,50,42,0,42,2
2020-05-31,Tehama,103,63373,10,4,1,5,1
2020-05-31,Trinity,105,12862,7,1,2,3,0
2020-05-31,Tulare,107,460477,2636,1884,10,1894,82
2020-05-31,Tuolumne,109,53932,5,4,0,4,0
2020-05-31,Ventura,111,848112,1647,1151,10,1161,30
2020-05-31,Yolo,113,214977,241,211,0,211,24
2020-05-31,Yuba,115,75493,30,26,0,26,1
2020-05-30,Alameda,001,1643700,3844,3304,5,3309,96
2020-05-30,Alpine,003,1148,1,1,0,1,0
2020-05-30,Amador,005,37829,10,10,0,10,0
2020-05-30,Butte,007,227075,78,44,4,48,0
2020-05-30,Calaveras,009,45235,17,15,0,15,0
2020-05-30,Colusa,011,21464,8,5,0,5,0
2020-05-30,Contra Costa,013,1133247,1706,1429,1,1430,37
2020-05-30,Del Norte,015,27424,45,37,0,37,0
2020-05-30,El Dorado,017,186661,118,86,1,87,0
2020-05-30,Fresno,019,978130,3302,1744,46,1790,31
2020-05-30,Glenn,021,27897,19,16,0,16,0
2020-05-30,Humboldt,023,135768,112,98,0,98,2
2020-05-30,Imperial,025,180216,3718,2091,4,2095,14
2020-05-30,Inyo,027,18085,20,20,0,20,1
2020-05-30,Kern,029,883053,2854,2217,6,2223,38
2020-05-30,Kings,031,150075,1246,703,2,705,3
2020-05-30,Lake,033,64148,31,18,0,18,0
2020-05-30,Lassen,035,31185,10,4,2,6,0
2020-05-30,Los Angeles,037,10098052,61934,53627,21,53648,2319
2020-05-30,Madera,039,155013,266,101,1,102,2
2020-05-30,Marin,041,260295,534,462,2,464,14
2020-05-30,Mariposa,043,17540,16,16,0,16,1
2020-05-30,Mendocino,045,87422,32,24,0,24,0
2020-05-30,Merced,047,269075,396,285,0,285,6
2020-05-30,Modoc,049,8938,0,0,0,0,0
2020-05-30,Mono,051,14174,39,34,0,34,1
2020-05-30,Monterey,053,433212,705,520,2,522,10
2020-05-30,Napa,055,140530,145,113,0,113,3
2020-05-30,Nevada,057,99092,50,41,1,42,1
2020-05-30,Orange,059,3164182,9100,6354,67,6421,134
2020-05-30,Placer,061,380077,286,199,1,200,9
2020-05-30,Plumas,063,18699,4,4,0,4,0
2020-05-30,Riverside,065,2383286,9712,7492,21,7513,316
2020-05-30,Sacramento,067,1510023,1521,1384,2,1386,57
2020-05-30,San Benito,069,59416,97,85,0,85,2
2020-05-30,San Bernardino,071,2135413,6338,5122,5,5127,198
2020-05-30,San Diego,073,3302833,8546,7387,0,7387,269
2020-05-30,San Francisco,075,870044,2690,2496,0,2496,41
2020-05-30,San Joaquin,077,732212,1152,888,3,891,34
2020-05-30,San Luis Obispo,079,281455,358,270,4,274,1
2020-05-30,San Mateo,081,765935,2388,2129,2,2131,71
2020-05-30,Santa Barbara,083,443738,1782,1660,11,1671,9
2020-05-30,Santa Clara,085,1922200,3470,2741,13,2754,141
2020-05-30,Santa Cruz,087,273765,231,206,0,206,2
2020-05-30,Shasta,089,179085,60,36,0,36,4
2020-05-30,Sierra,091,2930,1,1,0,1,0
2020-05-30,Siskiyou,093,43540,11,7,0,7,0
2020-05-30,Solano,095,438530,626,512,1,513,6
2020-05-30,Sonoma,097,501317,631,551,1,552,4
2020-05-30,Stanislaus,099,539301,896,712,5,717,27
2020-05-30,Sutter,101,95872,49,40,0,40,2
2020-05-30,Tehama,103,63373,10,4,1,5,1
2020-05-30,Trinity,105,12862,7,1,2,3,0
2020-05-30,Tulare,107,460477,2599,1879,10,1889,81
2020-05-30,Tuolumne,109,53932,5,4,0,4,0
2020-05-30,Ventura,111,848112,1630,1116,10,1126,30
2020-05-30,Yolo,113,214977,237,210,0,210,24
2020-05-30,Yuba,115,75493,30,25,0,25,1
2020-05-29,Alameda,001,1643700,3809,3209,5,3214,96
2020-05-29,Alpine,003,1148,1,1,0,1,0
2020-05-29,Amador,005,37829,10,10,0,10,0
2020-05-29,Butte,007,227075,73,41,4,45,0
2020-05-29,Calaveras,009,45235,17,15,0,15,0
2020-05-29,Colusa,011,21464,8,5,0,5,0
2020-05-29,Contra Costa,013,1133247,1690,1411,1,1412,37
2020-05-29,Del Norte,015,27424,45,37,0,37,0
2020-05-29,El Dorado,017,186661,117,85,1,86,0
2020-05-29,Fresno,019,978130,3252,1687,46,1733,31
2020-05-29,Glenn,021,27897,19,14,0,14,0
2020-05-29,Humboldt,023,135768,111,98,0,98,2
2020-05-29,Imperial,025,180216,3600,1607,4,1611,14
2020-05-29,Inyo,027,18085,20,20,0,20,1
2020-05-29,Kern,029,883053,2796,2128,6,2134,36
2020-05-29,Kings,031,150075,1235,693,2,695,3
2020-05-29,Lake,033,64148,30,17,0,17,0
2020-05-29,Lassen,035,31185,10,0,2,2,0
2020-05-29,Los Angeles,037,10098052,60978,51578,21,51599,2273
2020-05-29,Madera,039,155013,251,98,1,99,2
2020-05-29,Marin,041,260295,526,448,2,450,14
2020-05-29,Mariposa,043,17540,16,16,0,16,1
2020-05-29,Mendocino,045,87422,30,25,0,25,0
2020-05-29,Merced,047,269075,391,285,0,285,7
2020-05-29,Modoc,049,8938,0,0,0,0,0
2020-05-29,Mono,051,14174,38,34,0,34,1
2020-05-29,Monterey,053,433212,675,479,2,481,10
2020-05-29,Napa,055,140530,142,113,0,113,3
2020-05-29,Nevada,057,99092,50,41,1,42,1
2020-05-29,Orange,059,3164182,8914,6176,64,6240,133
2020-05-29,Placer,061,380077,264,199,1,200,9
2020-05-29,Plumas,063,18699,4,4,0,4,0
2020-05-29,Riverside,065,2383286,9526,7376,21,7397,313
2020-05-29,Sacramento,067,1510023,1498,1360,2,1362,57
2020-05-29,San Benito,069,59416,97,84,0,84,2
2020-05-29,San Bernardino,071,2135413,6230,4983,5,4988,196
2020-05-29,San Diego,073,3302833,8423,7242,0,7242,266
2020-05-29,San Francisco,075,870044,2666,2453,0,2453,41
2020-05-29,San Joaquin,077,732212,1115,855,3,858,34
2020-05-29,San Luis Obispo,079,281455,354,270,4,274,1
2020-05-29,San Mateo,081,765935,2372,2103,2,2105,71
2020-05-29,Santa Barbara,083,443738,1754,1656,11,1667,9
2020-05-29,Santa Clara,085,1922200,3442,2707,13,2720,141
2020-05-29,Santa Cruz,087,273765,228,203,0,203,2
2020-05-29,Shasta,089,179085,60,36,0,36,4
2020-05-29,Sierra,091,2930,1,1,0,1,0
2020-05-29,Siskiyou,093,43540,11,7,0,7,0
2020-05-29,Solano,095,438530,618,498,1,499,6
2020-05-29,Sonoma,097,501317,620,537,1,538,4
2020-05-29,Stanislaus,099,539301,866,698,5,703,27
2020-05-29,Sutter,101,95872,47,40,0,40,2
2020-05-29,Tehama,103,63373,9,4,1,5,1
2020-05-29,Trinity,105,12862,7,1,2,3,0
2020-05-29,Tulare,107,460477,2561,1852,10,1862,80
2020-05-29,Tuolumne,109,53932,5,4,0,4,0
2020-05-29,Ventura,111,848112,1606,1093,10,1103,29
2020-05-29,Yolo,113,214977,233,211,0,211,24
2020-05-29,Yuba,115,75493,29,25,0,25,1
2020-05-28,Alameda,001,1643700,3710,3083,5,3088,94
2020-05-28,Alpine,003,1148,1,1,0,1,0
2020-05-28,Amador,005,37829,10,10,0,10,0
2020-05-28,Butte,007,227075,72,40,4,44,0
2020-05-28,Calaveras,009,45235,16,15,0,15,0
2020-05-28,Colusa,011,21464,8,5,0,5,0
2020-05-28,Contra Costa,013,1133247,1651,1392,1,1393,37
2020-05-28,Del Norte,015,27424,45,37,0,37,0
2020-05-28,El Dorado,017,186661,114,82,1,83,0
2020-05-28,Fresno,019,978130,3171,1653,45,1698,31
2020-05-28,Glenn,021,27897,18,14,0,14,0
2020-05-28,Humboldt,023,135768,110,97,0,97,2
2020-05-28,Imperial,025,180216,3405,1430,4,1434,14
2020-05-28,Inyo,027,18085,20,20,0,20,1
2020-05-28,Kern,029,883053,2718,2069,6,2075,36
2020-05-28,Kings,031,150075,898,626,2,628,3
2020-05-28,Lake,033,64148,29,17,0,17,0
2020-05-28,Lassen,035,31185,10,0,2,2,0
2020-05-28,Los Angeles,037,10098052,59402,49861,21,49882,2222
2020-05-28,Madera,039,155013,233,93,1,94,2
2020-05-28,Marin,041,260295,501,443,2,445,14
2020-05-28,Mariposa,043,17540,16,16,0,16,1
2020-05-28,Mendocino,045,87422,28,24,0,24,0
2020-05-28,Merced,047,269075,382,283,0,283,7
2020-05-28,Modoc,049,8938,0,0,0,0,0
2020-05-28,Mono,051,14174,38,34,0,34,1
2020-05-28,Monterey,053,433212,643,471,2,473,10
2020-05-28,Napa,055,140530,139,113,0,113,3
2020-05-28,Nevada,057,99092,45,41,1,42,1
2020-05-28,Orange,059,3164182,8719,6045,64,6109,130
2020-05-28,Placer,061,380077,257,196,1,197,9
2020-05-28,Plumas,063,18699,4,4,0,4,0
2020-05-28,Riverside,065,2383286,9122,7240,20,7260,304
2020-05-28,Sacramento,067,1510023,1478,1339,2,1341,57
2020-05-28,San Benito,069,59416,96,82,0,82,2
2020-05-28,San Bernardino,071,2135413,6065,4831,5,4836,191
2020-05-28,San Diego,073,3302833,8266,7102,0,7102,260
2020-05-28,San Francisco,075,870044,2632,2417,0,2417,40
2020-05-28,San Joaquin,077,732212,1080,840,3,843,34
2020-05-28,San Luis Obispo,079,281455,351,267,4,271,1
2020-05-28,San Mateo,081,765935,2345,2070,2,2072,71
2020-05-28,Santa Barbara,083,443738,1726,1642,10,1652,9
2020-05-28,Santa Clara,085,1922200,3402,2698,13,2711,140
2020-05-28,Santa Cruz,087,273765,227,201,0,201,2
2020-05-28,Shasta,089,179085,58,36,0,36,4
2020-05-28,Sierra,091,2930,1,1,0,1,0
2020-05-28,Siskiyou,093,43540,9,6,0,6,0
2020-05-28,Solano,095,438530,601,489,1,490,6
2020-05-28,Sonoma,097,501317,598,529,1,530,4
2020-05-28,Stanislaus,099,539301,825,684,5,689,27
2020-05-28,Sutter,101,95872,47,40,0,40,2
2020-05-28,Tehama,103,63373,9,4,1,5,1
2020-05-28,Trinity,105,12862,6,1,2,3,0
2020-05-28,Tulare,107,460477,2525,1832,10,1842,79
2020-05-28,Tuolumne,109,53932,5,4,0,4,0
2020-05-28,Ventura,111,848112,1573,1083,10,1093,29
2020-05-28,Yolo,113,214977,230,206,0,206,22
2020-05-28,Yuba,115,75493,28,24,0,24,1
2020-05-27,Alameda,001,1643700,3627,3037,5,3042,94
2020-05-27,Alpine,003,1148,1,1,0,1,0
2020-05-27,Amador,005,37829,10,10,0,10,0
2020-05-27,Butte,007,227075,69,40,3,43,0
2020-05-27,Calaveras,009,45235,15,15,0,15,0
2020-05-27,Colusa,011,21464,8,5,0,5,0
2020-05-27,Contra Costa,013,1133247,1611,1373,1,1374,37
2020-05-27,Del Norte,015,27424,45,34,0,34,0
2020-05-27,El Dorado,017,186661,113,82,1,83,0
2020-05-27,Fresno,019,978130,3083,1620,45,1665,27
2020-05-27,Glenn,021,27897,18,14,0,14,0
2020-05-27,Humboldt,023,135768,110,86,0,86,2
2020-05-27,Imperial,025,180216,3225,1369,4,1373,14
2020-05-27,Inyo,027,18085,20,20,0,20,1
2020-05-27,Kern,029,883053,2653,1999,6,2005,37
2020-05-27,Kings,031,150075,871,586,2,588,3
2020-05-27,Lake,033,64148,29,13,0,13,0
2020-05-27,Lassen,035,31185,10,0,2,2,0
2020-05-27,Los Angeles,037,10098052,58029,48711,21,48732,2177
2020-05-27,Madera,039,155013,224,91,1,92,2
2020-05-27,Marin,041,260295,472,439,2,441,14
2020-05-27,Mariposa,043,17540,16,16,0,16,1
2020-05-27,Mendocino,045,87422,27,21,0,21,0
2020-05-27,Merced,047,269075,378,278,0,278,7
2020-05-27,Modoc,049,8938,0,0,0,0,0
2020-05-27,Mono,051,14174,38,34,0,34,1
2020-05-27,Monterey,053,433212,603,443,2,445,8
2020-05-27,Napa,055,140530,134,112,0,112,3
2020-05-27,Nevada,057,99092,44,41,1,42,1
2020-05-27,Orange,059,3164182,8564,5849,64,5913,121
2020-05-27,Placer,061,380077,238,196,0,196,9
2020-05-27,Plumas,063,18699,4,4,0,4,0
2020-05-27,Riverside,065,2383286,8743,7156,20,7176,299
2020-05-27,Sacramento,067,1510023,1450,1318,2,1320,50
2020-05-27,San Benito,069,59416,93,74,0,74,2
2020-05-27,San Bernardino,071,2135413,5881,4708,5,4713,183
2020-05-27,San Diego,073,3302833,8115,6985,0,6985,255
2020-05-27,San Francisco,075,870044,2603,2394,0,2394,40
2020-05-27,San Joaquin,077,732212,1039,825,3,828,34
2020-05-27,San Luis Obispo,079,281455,346,266,4,270,1
2020-05-27,San Mateo,081,765935,2305,2045,2,2047,71
2020-05-27,Santa Barbara,083,443738,1711,1629,10,1639,9
2020-05-27,Santa Clara,085,1922200,3369,2680,13,2693,140
2020-05-27,Santa Cruz,087,273765,223,202,0,202,2
2020-05-27,Shasta,089,179085,55,36,0,36,4
2020-05-27,Sierra,091,2930,1,1,0,1,0
2020-05-27,Siskiyou,093,43540,9,6,0,6,0
2020-05-27,Solano,095,438530,581,477,1,478,5
2020-05-27,Sonoma,097,501317,584,521,1,522,4
2020-05-27,Stanislaus,099,539301,800,675,5,680,27
2020-05-27,Sutter,101,95872,46,40,0,40,2
2020-05-27,Tehama,103,63373,9,3,1,4,1
2020-05-27,Trinity,105,12862,6,1,2,3,0
2020-05-27,Tulare,107,460477,2473,1817,10,1827,77
2020-05-27,Tuolumne,109,53932,5,4,0,4,0
2020-05-27,Ventura,111,848112,1548,1065,10,1075,28
2020-05-27,Yolo,113,214977,229,204,0,204,22
2020-05-27,Yuba,115,75493,28,24,0,24,1
2020-05-26,Alameda,001,1643700,3532,2956,5,2961,92
2020-05-26,Alpine,003,1148,1,1,0,1,0
2020-05-26,Amador,005,37829,10,10,0,10,0
2020-05-26,Butte,007,227075,67,37,2,39,0
2020-05-26,Calaveras,009,45235,15,13,0,13,0
2020-05-26,Colusa,011,21464,8,4,0,4,0
2020-05-26,Contra Costa,013,1133247,1575,1352,1,1353,37
2020-05-26,Del Norte,015,27424,44,30,0,30,0
2020-05-26,El Dorado,017,186661,109,79,1,80,0
2020-05-26,Fresno,019,978130,2996,1496,45,1541,22
2020-05-26,Glenn,021,27897,16,12,0,12,0
2020-05-26,Humboldt,023,135768,108,81,0,81,2
2020-05-26,Imperial,025,180216,3010,1369,4,1373,14
2020-05-26,Inyo,027,18085,20,20,0,20,1
2020-05-26,Kern,029,883053,2575,1890,6,1896,31
2020-05-26,Kings,031,150075,803,449,1,450,2
2020-05-26,Lake,033,64148,27,12,0,12,0
2020-05-26,Lassen,035,31185,9,0,2,2,0
2020-05-26,Los Angeles,037,10098052,56563,47760,21,47781,2121
2020-05-26,Madera,039,155013,209,83,1,84,2
2020-05-26,Marin,041,260295,460,424,2,426,14
2020-05-26,Mariposa,043,17540,16,16,0,16,1
2020-05-26,Mendocino,045,87422,25,20,0,20,0
2020-05-26,Merced,047,269075,362,266,0,266,7
2020-05-26,Modoc,049,8938,0,1,0,1,0
2020-05-26,Mono,051,14174,37,34,0,34,1
2020-05-26,Monterey,053,433212,575,424,1,425,8
2020-05-26,Napa,055,140530,129,109,0,109,3
2020-05-26,Nevada,057,99092,43,41,1,42,1
2020-05-26,Orange,059,3164182,8294,5651,63,5714,115
2020-05-26,Placer,061,380077,233,188,0,188,9
2020-05-26,Plumas,063,18699,4,4,0,4,0
2020-05-26,Riverside,065,2383286,8296,6917,20,6937,284
2020-05-26,Sacramento,067,1510023,1424,1298,2,1300,50
2020-05-26,San Benito,069,59416,88,69,0,69,2
2020-05-26,San Bernardino,071,2135413,5713,4430,5,4435,175
2020-05-26,San Diego,073,3302833,7972,6884,0,6884,249
2020-05-26,San Francisco,075,870044,2570,2363,0,2363,40
2020-05-26,San Joaquin,077,732212,992,760,3,763,33
2020-05-26,San Luis Obispo,079,281455,344,260,4,264,1
2020-05-26,San Mateo,081,765935,2267,1967,2,1969,71
2020-05-26,Santa Barbara,083,443738,1694,1590,9,1599,9
2020-05-26,Santa Clara,085,1922200,3337,2659,13,2672,139
2020-05-26,Santa Cruz,087,273765,221,197,0,197,2
2020-05-26,Shasta,089,179085,55,36,0,36,4
2020-05-26,Sierra,091,2930,1,1,0,1,0
2020-05-26,Siskiyou,093,43540,8,6,0,6,0
2020-05-26,Solano,095,438530,563,470,1,471,5
2020-05-26,Sonoma,097,501317,576,509,0,509,4
2020-05-26,Stanislaus,099,539301,780,663,5,668,27
2020-05-26,Sutter,101,95872,45,39,0,39,2
2020-05-26,Tehama,103,63373,8,2,1,3,1
2020-05-26,Trinity,105,12862,6,1,2,3,0
2020-05-26,Tulare,107,460477,2417,1768,10,1778,76
2020-05-26,Tuolumne,109,53932,5,2,0,2,0
2020-05-26,Ventura,111,848112,1511,1033,8,1041,27
2020-05-26,Yolo,113,214977,223,198,0,198,22
2020-05-26,Yuba,115,75493,27,24,0,24,1
2020-05-25,Alameda,001,1643700,3438,2900,5,2905,92
2020-05-25,Alpine,003,1148,1,1,0,1,0
2020-05-25,Amador,005,37829,10,10,0,10,0
2020-05-25,Butte,007,227075,64,37,2,39,0
2020-05-25,Calaveras,009,45235,15,13,0,13,0
2020-05-25,Colusa,011,21464,7,4,0,4,0
2020-05-25,Contra Costa,013,1133247,1543,1348,1,1349,37
2020-05-25,Del Norte,015,27424,44,20,0,20,0
2020-05-25,El Dorado,017,186661,101,78,1,79,0
2020-05-25,Fresno,019,978130,2893,1496,43,1539,22
2020-05-25,Glenn,021,27897,16,12,0,12,0
2020-05-25,Humboldt,023,135768,107,81,0,81,2
2020-05-25,Imperial,025,180216,2803,1369,4,1373,14
2020-05-25,Inyo,027,18085,19,20,0,20,1
2020-05-25,Kern,029,883053,2504,1890,6,1896,31
2020-05-25,Kings,031,150075,773,447,1,448,2
2020-05-25,Lake,033,64148,25,13,0,13,0
2020-05-25,Lassen,035,31185,9,0,2,2,0
2020-05-25,Los Angeles,037,10098052,54750,45952,20,45972,2094
2020-05-25,Madera,039,155013,196,83,1,84,2
2020-05-25,Marin,041,260295,442,415,2,417,14
2020-05-25,Mariposa,043,17540,16,15,0,15,1
2020-05-25,Mendocino,045,87422,22,19,0,19,0
2020-05-25,Merced,047,269075,355,262,0,262,6
2020-05-25,Modoc,049,8938,0,1,0,1,0
2020-05-25,Mono,051,14174,37,34,0,34,1
2020-05-25,Monterey,053,433212,545,418,1,419,8
2020-05-25,Napa,055,140530,129,107,0,107,3
2020-05-25,Nevada,057,99092,43,41,1,42,1
2020-05-25,Orange,059,3164182,8072,5601,62,5663,115
2020-05-25,Placer,061,380077,229,186,0,186,9
2020-05-25,Plumas,063,18699,4,4,0,4,0
2020-05-25,Riverside,065,2383286,8065,6900,20,6920,284
2020-05-25,Sacramento,067,1510023,1404,1290,1,1291,50
2020-05-25,San Benito,069,59416,87,70,0,70,2
2020-05-25,San Bernardino,071,2135413,5523,4393,4,4397,175
2020-05-25,San Diego,073,3302833,7796,6799,0,6799,249
2020-05-25,San Francisco,075,870044,2533,2358,0,2358,40
2020-05-25,San Joaquin,077,732212,966,760,3,763,33
2020-05-25,San Luis Obispo,079,281455,341,260,4,264,1
2020-05-25,San Mateo,081,765935,2230,1938,2,1940,71
2020-05-25,Santa Barbara,083,443738,1684,1590,9,1599,9
2020-05-25,Santa Clara,085,1922200,3304,2647,13,2660,139
2020-05-25,Santa Cruz,087,273765,219,191,0,191,2
2020-05-25,Shasta,089,179085,54,36,0,36,4
2020-05-25,Sierra,091,2930,1,1,0,1,0
2020-05-25,Siskiyou,093,43540,8,6,0,6,0
2020-05-25,Solano,095,438530,549,437,1,438,5
2020-05-25,Sonoma,097,501317,564,496,0,496,4
2020-05-25,Stanislaus,099,539301,750,651,5,656,27
2020-05-25,Sutter,101,95872,45,38,0,38,2
2020-05-25,Tehama,103,63373,7,2,1,3,1
2020-05-25,Trinity,105,12862,6,1,2,3,0
2020-05-25,Tulare,107,460477,2353,1747,10,1757,76
2020-05-25,Tuolumne,109,53932,5,2,0,2,0
2020-05-25,Ventura,111,848112,1470,1020,8,1028,27
2020-05-25,Yolo,113,214977,221,197,0,197,22
2020-05-25,Yuba,115,75493,26,24,0,24,1
2020-05-24,Alameda,001,1643700,3365,2830,5,2835,92
2020-05-24,Alpine,003,1148,1,1,0,1,0
2020-05-24,Amador,005,37829,10,9,0,9,0
2020-05-24,Butte,007,227075,62,35,2,37,0
2020-05-24,Calaveras,009,45235,15,13,0,13,0
2020-05-24,Colusa,011,21464,7,4,0,4,0
2020-05-24,Contra Costa,013,1133247,1515,1325,1,1326,37
2020-05-24,Del Norte,015,27424,43,16,0,16,0
2020-05-24,El Dorado,017,186661,100,76,1,77,0
2020-05-24,Fresno,019,978130,2826,1455,42,1497,22
2020-05-24,Glenn,021,27897,15,12,0,12,0
2020-05-24,Humboldt,023,135768,107,81,0,81,2
2020-05-24,Imperial,025,180216,2677,1369,4,1373,14
2020-05-24,Inyo,027,18085,19,20,0,20,1
2020-05-24,Kern,029,883053,2431,1861,5,1866,31
2020-05-24,Kings,031,150075,762,446,1,447,2
2020-05-24,Lake,033,64148,24,12,0,12,0
2020-05-24,Lassen,035,31185,8,0,2,2,0
2020-05-24,Los Angeles,037,10098052,53734,44954,20,44974,2085
2020-05-24,Madera,039,155013,190,83,1,84,2
2020-05-24,Marin,041,260295,440,401,2,403,14
2020-05-24,Mariposa,043,17540,16,15,0,15,1
2020-05-24,Mendocino,045,87422,21,19,0,19,0
2020-05-24,Merced,047,269075,354,258,0,258,6
2020-05-24,Modoc,049,8938,0,0,0,0,0
2020-05-24,Mono,051,14174,37,34,0,34,1
2020-05-24,Monterey,053,433212,517,405,1,406,8
2020-05-24,Napa,055,140530,127,104,0,104,3
2020-05-24,Nevada,057,99092,43,41,1,42,1
2020-05-24,Orange,059,3164182,7918,5439,61,5500,113
2020-05-24,Placer,061,380077,221,184,0,184,9
2020-05-24,Plumas,063,18699,4,4,0,4,0
2020-05-24,Riverside,065,2383286,7924,6571,20,6591,284
2020-05-24,Sacramento,067,1510023,1388,1283,1,1284,50
2020-05-24,San Benito,069,59416,86,67,0,67,2
2020-05-24,San Bernardino,071,2135413,5415,4262,4,4266,175
2020-05-24,San Diego,073,3302833,7653,6703,0,6703,249
2020-05-24,San Francisco,075,870044,2510,2318,0,2318,40
2020-05-24,San Joaquin,077,732212,947,760,3,763,33
2020-05-24,San Luis Obispo,079,281455,339,257,4,261,1
2020-05-24,San Mateo,081,765935,2195,1925,2,1927,71
2020-05-24,Santa Barbara,083,443738,1672,1573,9,1582,9
2020-05-24,Santa Clara,085,1922200,3284,2623,13,2636,139
2020-05-24,Santa Cruz,087,273765,216,185,0,185,2
2020-05-24,Shasta,089,179085,53,36,0,36,4
2020-05-24,Sierra,091,2930,1,1,0,1,0
2020-05-24,Siskiyou,093,43540,7,6,0,6,0
2020-05-24,Solano,095,438530,541,436,0,436,5
2020-05-24,Sonoma,097,501317,553,485,0,485,4
2020-05-24,Stanislaus,099,539301,730,634,5,639,27
2020-05-24,Sutter,101,95872,45,38,0,38,2
2020-05-24,Tehama,103,63373,5,2,1,3,1
2020-05-24,Trinity,105,12862,6,1,2,3,0
2020-05-24,Tulare,107,460477,2307,1684,10,1694,74
2020-05-24,Tuolumne,109,53932,5,2,0,2,0
2020-05-24,Ventura,111,848112,1458,982,8,990,27
2020-05-24,Yolo,113,214977,219,192,0,192,22
2020-05-24,Yuba,115,75493,26,24,0,24,1
2020-05-23,Alameda,001,1643700,3324,2783,5,2788,91
2020-05-23,Alpine,003,1148,1,1,0,1,0
2020-05-23,Amador,005,37829,10,9,0,9,0
2020-05-23,Butte,007,227075,61,34,2,36,0
2020-05-23,Calaveras,009,45235,15,13,0,13,0
2020-05-23,Colusa,011,21464,7,4,0,4,0
2020-05-23,Contra Costa,013,1133247,1504,1302,1,1303,36
2020-05-23,Del Norte,015,27424,43,10,0,10,0
2020-05-23,El Dorado,017,186661,100,74,1,75,0
2020-05-23,Fresno,019,978130,2806,1447,42,1489,21
2020-05-23,Glenn,021,27897,15,12,0,12,0
2020-05-23,Humboldt,023,135768,105,80,0,80,2
2020-05-23,Imperial,025,180216,2589,1283,4,1287,14
2020-05-23,Inyo,027,18085,19,20,0,20,1
2020-05-23,Kern,029,883053,2388,1806,5,1811,31
2020-05-23,Kings,031,150075,758,444,1,445,2
2020-05-23,Lake,033,64148,23,10,0,10,0
2020-05-23,Lassen,035,31185,8,0,2,2,0
2020-05-23,Los Angeles,037,10098052,53189,44029,20,44049,2069
2020-05-23,Madera,039,155013,186,83,1,84,2
2020-05-23,Marin,041,260295,440,393,1,394,14
2020-05-23,Mariposa,043,17540,16,15,0,15,1
2020-05-23,Mendocino,045,87422,21,13,0,13,0
2020-05-23,Merced,047,269075,351,247,0,247,6
2020-05-23,Modoc,049,8938,0,0,0,0,0
2020-05-23,Mono,051,14174,36,34,0,34,1
2020-05-23,Monterey,053,433212,503,397,1,398,8
2020-05-23,Napa,055,140530,123,101,0,101,3
2020-05-23,Nevada,057,99092,43,41,1,42,1
2020-05-23,Orange,059,3164182,7759,5313,60,5373,113
2020-05-23,Placer,061,380077,215,184,0,184,9
2020-05-23,Plumas,063,18699,4,4,0,4,0
2020-05-23,Riverside,065,2383286,7833,6460,20,6480,284
2020-05-23,Sacramento,067,1510023,1372,1275,1,1276,50
2020-05-23,San Benito,069,59416,81,67,0,67,2
2020-05-23,San Bernardino,071,2135413,5321,4172,4,4176,175
2020-05-23,San Diego,073,3302833,7562,6561,0,6561,249
2020-05-23,San Francisco,075,870044,2491,2312,0,2312,40
2020-05-23,San Joaquin,077,732212,932,759,3,762,33
2020-05-23,San Luis Obispo,079,281455,335,256,4,260,1
2020-05-23,San Mateo,081,765935,2167,1862,2,1864,71
2020-05-23,Santa Barbara,083,443738,1664,1566,9,1575,9
2020-05-23,Santa Clara,085,1922200,3270,2593,12,2605,139
2020-05-23,Santa Cruz,087,273765,214,177,0,177,2
2020-05-23,Shasta,089,179085,53,35,0,35,4
2020-05-23,Sierra,091,2930,1,1,0,1,0
2020-05-23,Siskiyou,093,43540,7,6,0,6,0
2020-05-23,Solano,095,438530,536,435,0,435,5
2020-05-23,Sonoma,097,501317,539,462,0,462,4
2020-05-23,Stanislaus,099,539301,722,625,5,630,27
2020-05-23,Sutter,101,95872,44,38,0,38,2
2020-05-23,Tehama,103,63373,5,2,1,3,1
2020-05-23,Trinity,105,12862,6,1,2,3,0
2020-05-23,Tulare,107,460477,2286,1682,10,1692,73
2020-05-23,Tuolumne,109,53932,5,2,0,2,0
2020-05-23,Ventura,111,848112,1438,961,8,969,27
2020-05-23,Yolo,113,214977,218,188,0,188,22
2020-05-23,Yuba,115,75493,26,24,0,24,1
2020-05-22,Alameda,001,1643700,3270,2722,5,2727,91
2020-05-22,Alpine,003,1148,1,1,0,1,0
2020-05-22,Amador,005,37829,10,9,0,9,0
2020-05-22,Butte,007,227075,59,34,2,36,0
2020-05-22,Calaveras,009,45235,15,13,0,13,0
2020-05-22,Colusa,011,21464,7,4,0,4,0
2020-05-22,Contra Costa,013,1133247,1492,1272,1,1273,36
2020-05-22,Del Norte,015,27424,41,9,0,9,0
2020-05-22,El Dorado,017,186661,97,74,1,75,0
2020-05-22,Fresno,019,978130,2747,1399,41,1440,20
2020-05-22,Glenn,021,27897,15,12,0,12,0
2020-05-22,Humboldt,023,135768,105,80,0,80,2
2020-05-22,Imperial,025,180216,2488,1214,4,1218,14
2020-05-22,Inyo,027,18085,19,20,0,20,1
2020-05-22,Kern,029,883053,2339,1749,5,1754,28
2020-05-22,Kings,031,150075,755,428,1,429,2
2020-05-22,Lake,033,64148,22,10,0,10,0
2020-05-22,Lassen,035,31185,6,0,2,2,0
2020-05-22,Los Angeles,037,10098052,52392,43025,20,43045,2027
2020-05-22,Madera,039,155013,182,82,1,83,2
2020-05-22,Marin,041,260295,436,372,1,373,14
2020-05-22,Mariposa,043,17540,16,15,0,15,1
2020-05-22,Mendocino,045,87422,20,13,0,13,0
2020-05-22,Merced,047,269075,351,233,0,233,6
2020-05-22,Modoc,049,8938,0,0,0,0,0
2020-05-22,Mono,051,14174,36,34,0,34,1
2020-05-22,Monterey,053,433212,492,372,1,373,8
2020-05-22,Napa,055,140530,121,97,0,97,3
2020-05-22,Nevada,057,99092,42,41,1,42,1
2020-05-22,Orange,059,3164182,7562,5144,58,5202,113
2020-05-22,Placer,061,380077,215,181,0,181,9
2020-05-22,Plumas,063,18699,4,4,0,4,0
2020-05-22,Riverside,065,2383286,7718,6351,20,6371,283
2020-05-22,Sacramento,067,1510023,1356,1262,1,1263,50
2020-05-22,San Benito,069,59416,80,64,0,64,2
2020-05-22,San Bernardino,071,2135413,5246,4107,4,4111,173
2020-05-22,San Diego,073,3302833,7476,6436,0,6436,242
2020-05-22,San Francisco,075,870044,2473,2251,0,2251,40
2020-05-22,San Joaquin,077,732212,919,747,3,750,33
2020-05-22,San Luis Obispo,079,281455,334,254,4,258,1
2020-05-22,San Mateo,081,765935,2148,1847,2,1849,71
2020-05-22,Santa Barbara,083,443738,1654,1554,9,1563,9
2020-05-22,Santa Clara,085,1922200,3250,2537,12,2549,139
2020-05-22,Santa Cruz,087,273765,211,171,0,171,2
2020-05-22,Shasta,089,179085,53,34,0,34,4
2020-05-22,Sierra,091,2930,1,0,0,0,0
2020-05-22,Siskiyou,093,43540,7,6,0,6,0
2020-05-22,Solano,095,438530,533,431,0,431,4
2020-05-22,Sonoma,097,501317,535,444,0,444,4
2020-05-22,Stanislaus,099,539301,712,616,5,621,27
2020-05-22,Sutter,101,95872,44,38,0,38,2
2020-05-22,Tehama,103,63373,5,2,0,2,1
2020-05-22,Trinity,105,12862,6,1,2,3,0
2020-05-22,Tulare,107,460477,2256,1662,10,1672,73
2020-05-22,Tuolumne,109,53932,5,2,0,2,0
2020-05-22,Ventura,111,848112,1420,937,8,945,27
2020-05-22,Yolo,113,214977,216,187,0,187,22
2020-05-22,Yuba,115,75493,26,24,0,24,1
2020-05-21,Alameda,001,1643700,3204,2606,5,2611,89
2020-05-21,Alpine,003,1148,1,1,0,1,0
2020-05-21,Amador,005,37829,10,9,0,9,0
2020-05-21,Butte,007,227075,58,31,2,33,0
2020-05-21,Calaveras,009,45235,15,13,0,13,0
2020-05-21,Colusa,011,21464,7,4,0,4,0
2020-05-21,Contra Costa,013,1133247,1456,1243,1,1244,36
2020-05-21,Del Norte,015,27424,38,9,0,9,0
2020-05-21,El Dorado,017,186661,95,67,1,68,0
2020-05-21,Fresno,019,978130,2656,1362,40,1402,20
2020-05-21,Glenn,021,27897,14,12,0,12,0
2020-05-21,Humboldt,023,135768,104,79,0,79,0
2020-05-21,Imperial,025,180216,2326,1096,4,1100,14
2020-05-21,Inyo,027,18085,19,20,0,20,1
2020-05-21,Kern,029,883053,2263,1684,4,1688,27
2020-05-21,Kings,031,150075,734,417,1,418,2
2020-05-21,Lake,033,64148,17,10,0,10,0
2020-05-21,Lassen,035,31185,6,0,2,2,0
2020-05-21,Los Angeles,037,10098052,51353,42063,20,42083,1996
2020-05-21,Madera,039,155013,179,82,1,83,2
2020-05-21,Marin,041,260295,425,359,1,360,14
2020-05-21,Mariposa,043,17540,16,15,0,15,1
2020-05-21,Mendocino,045,87422,20,12,0,12,0
2020-05-21,Merced,047,269075,340,226,0,226,6
2020-05-21,Modoc,049,8938,0,0,0,0,0
2020-05-21,Mono,051,14174,36,33,0,33,1
2020-05-21,Monterey,053,433212,481,363,1,364,8
2020-05-21,Napa,055,140530,119,96,0,96,3
2020-05-21,Nevada,057,99092,42,41,1,42,1
2020-05-21,Orange,059,3164182,7359,4975,58,5033,106
2020-05-21,Placer,061,380077,208,176,0,176,8
2020-05-21,Plumas,063,18699,4,4,0,4,0
2020-05-21,Riverside,065,2383286,7532,6245,20,6265,279
2020-05-21,Sacramento,067,1510023,1343,1258,1,1259,56
2020-05-21,San Benito,069,59416,77,61,0,61,2
2020-05-21,San Bernardino,071,2135413,5099,3950,4,3954,167
2020-05-21,San Diego,073,3302833,7340,6317,0,6317,241
2020-05-21,San Francisco,075,870044,2449,2248,0,2248,37
2020-05-21,San Joaquin,077,732212,883,730,3,733,33
2020-05-21,San Luis Obispo,079,281455,334,251,3,254,1
2020-05-21,San Mateo,081,765935,2112,1791,2,1793,74
2020-05-21,Santa Barbara,083,443738,1639,1541,9,1550,10
2020-05-21,Santa Clara,085,1922200,3228,2520,12,2532,138
2020-05-21,Santa Cruz,087,273765,203,164,0,164,3
2020-05-21,Shasta,089,179085,51,34,0,34,4
2020-05-21,Sierra,091,2930,1,0,0,0,0
2020-05-21,Siskiyou,093,43540,7,6,0,6,0
2020-05-21,Solano,095,438530,524,424,0,424,4
2020-05-21,Sonoma,097,501317,517,427,0,427,4
2020-05-21,Stanislaus,099,539301,700,602,5,607,27
2020-05-21,Sutter,101,95872,43,38,0,38,2
2020-05-21,Tehama,103,63373,4,2,0,2,1
2020-05-21,Trinity,105,12862,5,1,2,3,0
2020-05-21,Tulare,107,460477,2206,1606,8,1614,73
2020-05-21,Tuolumne,109,53932,3,2,0,2,0
2020-05-21,Ventura,111,848112,1371,907,8,915,30
2020-05-21,Yolo,113,214977,213,185,0,185,22
2020-05-21,Yuba,115,75493,26,24,0,24,1
2020-05-20,Alameda,001,1643700,3131,2554,5,2559,89
2020-05-20,Alpine,003,1148,1,1,0,1,0
2020-05-20,Amador,005,37829,10,9,0,9,0
2020-05-20,Butte,007,227075,55,30,2,32,0
2020-05-20,Calaveras,009,45235,15,13,0,13,0
2020-05-20,Colusa,011,21464,7,3,0,3,0
2020-05-20,Contra Costa,013,1133247,1426,1223,1,1224,33
2020-05-20,Del Norte,015,27424,31,9,0,9,0
2020-05-20,El Dorado,017,186661,94,67,1,68,0
2020-05-20,Fresno,019,978130,2583,1329,39,1368,17
2020-05-20,Glenn,021,27897,13,12,0,12,0
2020-05-20,Humboldt,023,135768,101,73,0,73,0
2020-05-20,Imperial,025,180216,2213,1047,4,1051,14
2020-05-20,Inyo,027,18085,19,20,0,20,1
2020-05-20,Kern,029,883053,2200,1639,3,1642,27
2020-05-20,Kings,031,150075,590,403,1,404,2
2020-05-20,Lake,033,64148,17,9,0,9,0
2020-05-20,Lassen,035,31185,5,0,2,2,0
2020-05-20,Los Angeles,037,10098052,50362,40932,20,40952,1955
2020-05-20,Madera,039,155013,177,82,1,83,2
2020-05-20,Marin,041,260295,398,348,1,349,14
2020-05-20,Mariposa,043,17540,16,15,0,15,1
2020-05-20,Mendocino,045,87422,20,12,0,12,0
2020-05-20,Merced,047,269075,333,225,0,225,6
2020-05-20,Modoc,049,8938,0,0,0,0,0
2020-05-20,Mono,051,14174,36,33,0,33,1
2020-05-20,Monterey,053,433212,467,356,1,357,8
2020-05-20,Napa,055,140530,112,93,0,93,3
2020-05-20,Nevada,057,99092,42,41,1,42,1
2020-05-20,Orange,059,3164182,7151,4866,56,4922,96
2020-05-20,Placer,061,380077,206,176,0,176,8
2020-05-20,Plumas,063,18699,4,4,0,4,0
2020-05-20,Riverside,065,2383286,7389,6090,20,6110,265
2020-05-20,Sacramento,067,1510023,1333,1244,1,1245,56
2020-05-20,San Benito,069,59416,76,61,0,61,2
2020-05-20,San Bernardino,071,2135413,4971,3771,4,3775,161
2020-05-20,San Diego,073,3302833,7223,6142,0,6142,230
2020-05-20,San Francisco,075,870044,2426,2199,0,2199,37
2020-05-20,San Joaquin,077,732212,847,713,3,716,33
2020-05-20,San Luis Obispo,079,281455,327,249,3,252,1
2020-05-20,San Mateo,081,765935,2059,1739,2,1741,74
2020-05-20,Santa Barbara,083,443738,1620,1524,9,1533,10
2020-05-20,Santa Clara,085,1922200,3207,2508,11,2519,138
2020-05-20,Santa Cruz,087,273765,200,163,0,163,3
2020-05-20,Shasta,089,179085,51,34,0,34,4
2020-05-20,Sierra,091,2930,1,0,0,0,0
2020-05-20,Siskiyou,093,43540,7,6,0,6,0
2020-05-20,Solano,095,438530,519,418,0,418,4
2020-05-20,Sonoma,097,501317,508,411,0,411,4
2020-05-20,Stanislaus,099,539301,684,584,4,588,25
2020-05-20,Sutter,101,95872,43,38,0,38,2
2020-05-20,Tehama,103,63373,4,2,0,2,1
2020-05-20,Trinity,105,12862,4,1,1,2,0
2020-05-20,Tulare,107,460477,2165,1585,8,1593,71
2020-05-20,Tuolumne,109,53932,3,2,0,2,0
2020-05-20,Ventura,111,848112,1335,879,8,887,29
2020-05-20,Yolo,113,214977,210,184,0,184,22
2020-05-20,Yuba,115,75493,26,23,0,23,1
2020-05-19,Alameda,001,1643700,3054,2493,3,2496,88
2020-05-19,Alpine,003,1148,1,1,0,1,0
2020-05-19,Amador,005,37829,10,9,0,9,0
2020-05-19,Butte,007,227075,53,25,2,27,0
2020-05-19,Calaveras,009,45235,15,13,0,13,0
2020-05-19,Colusa,011,21464,5,3,0,3,0
2020-05-19,Contra Costa,013,1133247,1402,1205,1,1206,33
2020-05-19,Del Norte,015,27424,28,8,0,8,0
2020-05-19,El Dorado,017,186661,91,67,0,67,0
2020-05-19,Fresno,019,978130,2470,1288,38,1326,15
2020-05-19,Glenn,021,27897,13,12,0,12,0
2020-05-19,Humboldt,023,135768,101,72,0,72,0
2020-05-19,Imperial,025,180216,2051,1012,4,1016,14
2020-05-19,Inyo,027,18085,19,20,0,20,1
2020-05-19,Kern,029,883053,2102,1601,3,1604,26
2020-05-19,Kings,031,150075,579,393,1,394,2
2020-05-19,Lake,033,64148,14,11,0,11,0
2020-05-19,Lassen,035,31185,5,0,2,2,0
2020-05-19,Los Angeles,037,10098052,49156,39670,20,39690,1906
2020-05-19,Madera,039,155013,173,80,1,81,2
2020-05-19,Marin,041,260295,374,340,1,341,14
2020-05-19,Mariposa,043,17540,16,15,0,15,1
2020-05-19,Mendocino,045,87422,20,12,0,12,0
2020-05-19,Merced,047,269075,325,222,0,222,5
2020-05-19,Modoc,049,8938,0,0,0,0,0
2020-05-19,Mono,051,14174,36,33,0,33,1
2020-05-19,Monterey,053,433212,455,350,1,351,8
2020-05-19,Napa,055,140530,111,93,0,93,3
2020-05-19,Nevada,057,99092,42,41,1,42,1
2020-05-19,Orange,059,3164182,6957,4746,54,4800,90
2020-05-19,Placer,061,380077,204,177,0,177,8
2020-05-19,Plumas,063,18699,4,5,0,5,0
2020-05-19,Riverside,065,2383286,7229,5963,19,5982,265
2020-05-19,Sacramento,067,1510023,1319,1239,1,1240,57
2020-05-19,San Benito,069,59416,74,59,0,59,2
2020-05-19,San Bernardino,071,2135413,4821,3656,4,3660,158
2020-05-19,San Diego,073,3302833,7079,6028,0,6028,222
2020-05-19,San Francisco,075,870044,2392,2186,0,2186,37
2020-05-19,San Joaquin,077,732212,825,705,3,708,33
2020-05-19,San Luis Obispo,079,281455,327,245,3,248,1
2020-05-19,San Mateo,081,765935,2018,1704,2,1706,71
2020-05-19,Santa Barbara,083,443738,1606,1521,9,1530,10
2020-05-19,Santa Clara,085,1922200,3157,2480,11,2491,138
2020-05-19,Santa Cruz,087,273765,189,161,0,161,3
2020-05-19,Shasta,089,179085,51,34,0,34,4
2020-05-19,Sierra,091,2930,0,0,0,0,0
2020-05-19,Siskiyou,093,43540,7,6,0,6,0
2020-05-19,Solano,095,438530,505,415,0,415,4
2020-05-19,Sonoma,097,501317,497,389,0,389,4
2020-05-19,Stanislaus,099,539301,670,582,4,586,25
2020-05-19,Sutter,101,95872,43,38,0,38,2
2020-05-19,Tehama,103,63373,4,2,0,2,1
2020-05-19,Trinity,105,12862,3,1,0,1,0
2020-05-19,Tulare,107,460477,2117,1551,8,1559,68
2020-05-19,Tuolumne,109,53932,3,2,0,2,0
2020-05-19,Ventura,111,848112,1294,861,7,868,28
2020-05-19,Yolo,113,214977,208,183,0,183,22
2020-05-19,Yuba,115,75493,26,23,0,23,1
2020-05-18,Alameda,001,1643700,2981,2442,3,2445,84
2020-05-18,Alpine,003,1148,1,1,0,1,0
2020-05-18,Amador,005,37829,10,8,0,8,0
2020-05-18,Butte,007,227075,51,24,2,26,0
2020-05-18,Calaveras,009,45235,15,13,0,13,0
2020-05-18,Colusa,011,21464,5,3,0,3,0
2020-05-18,Contra Costa,013,1133247,1371,1173,1,1174,33
2020-05-18,Del Norte,015,27424,23,8,0,8,0
2020-05-18,El Dorado,017,186661,89,67,0,67,0
2020-05-18,Fresno,019,978130,2394,1244,37,1281,14
2020-05-18,Glenn,021,27897,13,11,0,11,0
2020-05-18,Humboldt,023,135768,101,70,0,70,0
2020-05-18,Imperial,025,180216,1897,767,4,771,14
2020-05-18,Inyo,027,18085,19,20,0,20,1
2020-05-18,Kern,029,883053,2053,1566,3,1569,26
2020-05-18,Kings,031,150075,548,381,1,382,2
2020-05-18,Lake,033,64148,13,9,0,9,0
2020-05-18,Lassen,035,31185,5,0,2,2,0
2020-05-18,Los Angeles,037,10098052,48130,38477,20,38497,1825
2020-05-18,Madera,039,155013,167,74,1,75,2
2020-05-18,Marin,041,260295,361,329,1,330,14
2020-05-18,Mariposa,043,17540,16,15,0,15,1
2020-05-18,Mendocino,045,87422,15,12,0,12,0
2020-05-18,Merced,047,269075,316,217,0,217,5
2020-05-18,Modoc,049,8938,0,0,0,0,0
2020-05-18,Mono,051,14174,36,33,0,33,1
2020-05-18,Monterey,053,433212,444,345,1,346,8
2020-05-18,Napa,055,140530,107,92,0,92,3
2020-05-18,Nevada,057,99092,42,41,1,42,1
2020-05-18,Orange,059,3164182,6768,4558,52,4610,88
2020-05-18,Placer,061,380077,202,176,0,176,8
2020-05-18,Plumas,063,18699,4,5,0,5,0
2020-05-18,Riverside,065,2383286,7029,5873,18,5891,253
2020-05-18,Sacramento,067,1510023,1313,1233,0,1233,57
2020-05-18,San Benito,069,59416,72,59,0,59,2
2020-05-18,San Bernardino,071,2135413,4674,3558,4,3562,156
2020-05-18,San Diego,073,3302833,6946,5948,0,5948,211
2020-05-18,San Francisco,075,870044,2369,2183,0,2183,36
2020-05-18,San Joaquin,077,732212,813,697,3,700,33
2020-05-18,San Luis Obispo,079,281455,323,243,3,246,1
2020-05-18,San Mateo,081,765935,1980,1701,2,1703,68
2020-05-18,Santa Barbara,083,443738,1595,1501,9,1510,10
2020-05-18,Santa Clara,085,1922200,3124,2468,11,2479,137
2020-05-18,Santa Cruz,087,273765,187,160,0,160,3
2020-05-18,Shasta,089,179085,50,34,0,34,4
2020-05-18,Sierra,091,2930,0,0,0,0,0
2020-05-18,Siskiyou,093,43540,7,6,0,6,0
2020-05-18,Solano,095,438530,495,398,0,398,4
2020-05-18,Sonoma,097,501317,479,387,0,387,4
2020-05-18,Stanislaus,099,539301,658,572,4,576,25
2020-05-18,Sutter,101,95872,43,38,0,38,2
2020-05-18,Tehama,103,63373,4,2,0,2,1
2020-05-18,Trinity,105,12862,3,1,0,1,0
2020-05-18,Tulare,107,460477,2073,1491,8,1499,63
2020-05-18,Tuolumne,109,53932,3,2,0,2,0
2020-05-18,Ventura,111,848112,1271,850,6,856,27
2020-05-18,Yolo,113,214977,203,183,0,183,22
2020-05-18,Yuba,115,75493,26,23,0,23,1
2020-05-17,Alameda,001,1643700,2886,2389,3,2392,83
2020-05-17,Alpine,003,1148,1,1,0,1,0
2020-05-17,Amador,005,37829,10,8,0,8,0
2020-05-17,Butte,007,227075,50,23,2,25,0
2020-05-17,Calaveras,009,45235,15,13,0,13,0
2020-05-17,Colusa,011,21464,3,3,0,3,0
2020-05-17,Contra Costa,013,1133247,1332,1155,1,1156,33
2020-05-17,Del Norte,015,27424,23,7,0,7,0
2020-05-17,El Dorado,017,186661,89,65,0,65,0
2020-05-17,Fresno,019,978130,2289,1213,34,1247,14
2020-05-17,Glenn,021,27897,13,9,0,9,0
2020-05-17,Humboldt,023,135768,94,70,0,70,0
2020-05-17,Imperial,025,180216,1749,715,4,719,14
2020-05-17,Inyo,027,18085,19,20,0,20,1
2020-05-17,Kern,029,883053,1975,1546,3,1549,26
2020-05-17,Kings,031,150075,501,356,1,357,2
2020-05-17,Lake,033,64148,13,7,0,7,0
2020-05-17,Lassen,035,31185,5,0,2,2,0
2020-05-17,Los Angeles,037,10098052,46891,37996,20,38016,1807
2020-05-17,Madera,039,155013,165,69,1,70,2
2020-05-17,Marin,041,260295,350,315,1,316,14
2020-05-17,Mariposa,043,17540,15,15,0,15,1
2020-05-17,Mendocino,045,87422,14,10,0,10,0
2020-05-17,Merced,047,269075,305,214,0,214,5
2020-05-17,Modoc,049,8938,0,0,0,0,0
2020-05-17,Mono,051,14174,36,32,0,32,1
2020-05-17,Monterey,053,433212,424,342,1,343,8
2020-05-17,Napa,055,140530,104,89,0,89,3
2020-05-17,Nevada,057,99092,42,41,1,42,1
2020-05-17,Orange,059,3164182,6589,4466,51,4517,88
2020-05-17,Placer,061,380077,197,175,0,175,8
2020-05-17,Plumas,063,18699,4,4,0,4,0
2020-05-17,Riverside,065,2383286,6856,5776,18,5794,245
2020-05-17,Sacramento,067,1510023,1302,1224,0,1224,56
2020-05-17,San Benito,069,59416,71,59,0,59,2
2020-05-17,San Bernardino,071,2135413,4524,3467,4,3471,155
2020-05-17,San Diego,073,3302833,6814,5838,0,5838,209
2020-05-17,San Francisco,075,870044,2342,2132,0,2132,36
2020-05-17,San Joaquin,077,732212,783,688,3,691,32
2020-05-17,San Luis Obispo,079,281455,321,242,3,245,1
2020-05-17,San Mateo,081,765935,1943,1680,2,1682,68
2020-05-17,Santa Barbara,083,443738,1576,1457,9,1466,10
2020-05-17,Santa Clara,085,1922200,3086,2453,11,2464,135
2020-05-17,Santa Cruz,087,273765,176,155,0,155,3
2020-05-17,Shasta,089,179085,49,34,0,34,4
2020-05-17,Sierra,091,2930,0,0,0,0,0
2020-05-17,Siskiyou,093,43540,7,6,0,6,0
2020-05-17,Solano,095,438530,483,392,0,392,4
2020-05-17,Sonoma,097,501317,458,376,0,376,4
2020-05-17,Stanislaus,099,539301,647,566,4,570,25
2020-05-17,Sutter,101,95872,42,38,0,38,2
2020-05-17,Tehama,103,63373,3,2,0,2,1
2020-05-17,Trinity,105,12862,2,1,0,1,0
2020-05-17,Tulare,107,460477,1997,1430,7,1437,63
2020-05-17,Tuolumne,109,53932,3,2,0,2,0
2020-05-17,Ventura,111,848112,1226,838,6,844,27
2020-05-17,Yolo,113,214977,201,182,0,182,22
2020-05-17,Yuba,115,75493,26,21,0,21,1
2020-05-16,Alameda,001,1643700,2836,2327,3,2330,83
2020-05-16,Alpine,003,1148,1,1,0,1,0
2020-05-16,Amador,005,37829,10,8,0,8,0
2020-05-16,Butte,007,227075,45,22,2,24,0
2020-05-16,Calaveras,009,45235,15,13,0,13,0
2020-05-16,Colusa,011,21464,3,3,0,3,0
2020-05-16,Contra Costa,013,1133247,1314,1136,1,1137,33
2020-05-16,Del Norte,015,27424,19,4,0,4,0
2020-05-16,El Dorado,017,186661,89,65,0,65,0
2020-05-16,Fresno,019,978130,2233,1177,34,1211,14
2020-05-16,Glenn,021,27897,13,9,0,9,0
2020-05-16,Humboldt,023,135768,92,69,0,69,0
2020-05-16,Imperial,025,180216,1685,712,4,716,14
2020-05-16,Inyo,027,18085,19,20,0,20,1
2020-05-16,Kern,029,883053,1939,1509,3,1512,26
2020-05-16,Kings,031,150075,491,356,1,357,2
2020-05-16,Lake,033,64148,13,7,0,7,0
2020-05-16,Lassen,035,31185,4,0,2,2,0
2020-05-16,Los Angeles,037,10098052,46316,37352,20,37372,1778
2020-05-16,Madera,039,155013,163,70,1,71,2
2020-05-16,Marin,041,260295,346,297,1,298,14
2020-05-16,Mariposa,043,17540,15,15,0,15,1
2020-05-16,Mendocino,045,87422,14,10,0,10,0
2020-05-16,Merced,047,269075,303,201,0,201,5
2020-05-16,Modoc,049,8938,0,0,0,0,0
2020-05-16,Mono,051,14174,36,32,0,32,1
2020-05-16,Monterey,053,433212,409,329,1,330,8
2020-05-16,Napa,055,140530,104,86,0,86,3
2020-05-16,Nevada,057,99092,42,41,1,42,1
2020-05-16,Orange,059,3164182,6513,4396,50,4446,87
2020-05-16,Placer,061,380077,195,174,0,174,8
2020-05-16,Plumas,063,18699,4,4,0,4,0
2020-05-16,Riverside,065,2383286,6771,5633,18,5651,243
2020-05-16,Sacramento,067,1510023,1295,1209,0,1209,55
2020-05-16,San Benito,069,59416,66,58,0,58,2
2020-05-16,San Bernardino,071,2135413,4452,3362,4,3366,155
2020-05-16,San Diego,073,3302833,6728,5664,0,5664,209
2020-05-16,San Francisco,075,870044,2319,2094,0,2094,36
2020-05-16,San Joaquin,077,732212,775,668,3,671,32
2020-05-16,San Luis Obispo,079,281455,320,240,3,243,1
2020-05-16,San Mateo,081,765935,1928,1652,2,1654,68
2020-05-16,Santa Barbara,083,443738,1565,1422,9,1431,10
2020-05-16,Santa Clara,085,1922200,3068,2420,11,2431,135
2020-05-16,Santa Cruz,087,273765,173,154,0,154,3
2020-05-16,Shasta,089,179085,49,33,0,33,4
2020-05-16,Sierra,091,2930,0,0,0,0,0
2020-05-16,Siskiyou,093,43540,7,6,0,6,0
2020-05-16,Solano,095,438530,478,392,0,392,4
2020-05-16,Sonoma,097,501317,445,356,0,356,4
2020-05-16,Stanislaus,099,539301,638,546,4,550,24
2020-05-16,Sutter,101,95872,42,35,0,35,2
2020-05-16,Tehama,103,63373,3,2,0,2,1
2020-05-16,Trinity,105,12862,2,1,0,1,0
2020-05-16,Tulare,107,460477,1979,1426,7,1433,63
2020-05-16,Tuolumne,109,53932,3,2,0,2,0
2020-05-16,Ventura,111,848112,1200,813,6,819,25
2020-05-16,Yolo,113,214977,200,181,0,181,22
2020-05-16,Yuba,115,75493,26,21,0,21,1
2020-05-15,Alameda,001,1643700,2802,2289,3,2292,83
2020-05-15,Alpine,003,1148,1,1,0,1,0
2020-05-15,Amador,005,37829,10,8,0,8,0
2020-05-15,Butte,007,227075,43,22,2,24,0
2020-05-15,Calaveras,009,45235,14,13,0,13,0
2020-05-15,Colusa,011,21464,3,3,0,3,0
2020-05-15,Contra Costa,013,1133247,1296,1106,1,1107,33
2020-05-15,Del Norte,015,27424,14,4,0,4,0
2020-05-15,El Dorado,017,186661,89,64,0,64,0
2020-05-15,Fresno,019,978130,2167,1126,34,1160,14
2020-05-15,Glenn,021,27897,13,9,0,9,0
2020-05-15,Humboldt,023,135768,91,60,0,60,0
2020-05-15,Imperial,025,180216,1601,680,0,680,14
2020-05-15,Inyo,027,18085,19,20,0,20,1
2020-05-15,Kern,029,883053,1883,1472,3,1475,25
2020-05-15,Kings,031,150075,488,347,1,348,2
2020-05-15,Lake,033,64148,13,7,0,7,0
2020-05-15,Lassen,035,31185,4,0,2,2,0
2020-05-15,Los Angeles,037,10098052,45527,36317,20,36337,1734
2020-05-15,Madera,039,155013,162,71,1,72,2
2020-05-15,Marin,041,260295,338,295,1,296,14
2020-05-15,Mariposa,043,17540,15,15,0,15,1
2020-05-15,Mendocino,045,87422,14,10,0,10,0
2020-05-15,Merced,047,269075,300,191,0,191,5
2020-05-15,Modoc,049,8938,0,0,0,0,0
2020-05-15,Mono,051,14174,36,31,0,31,1
2020-05-15,Monterey,053,433212,403,321,1,322,8
2020-05-15,Napa,055,140530,104,83,0,83,3
2020-05-15,Nevada,057,99092,42,41,1,42,1
2020-05-15,Orange,059,3164182,6340,4281,50,4331,87
2020-05-15,Placer,061,380077,193,174,0,174,8
2020-05-15,Plumas,063,18699,4,4,0,4,0
2020-05-15,Riverside,065,2383286,6657,5496,18,5514,233
2020-05-15,Sacramento,067,1510023,1285,1203,0,1203,55
2020-05-15,San Benito,069,59416,63,57,0,57,2
2020-05-15,San Bernardino,071,2135413,4374,3225,4,3229,153
2020-05-15,San Diego,073,3302833,6621,5525,0,5525,208
2020-05-15,San Francisco,075,870044,2303,2062,0,2062,36
2020-05-15,San Joaquin,077,732212,769,656,3,659,32
2020-05-15,San Luis Obispo,079,281455,318,237,3,240,1
2020-05-15,San Mateo,081,765935,1906,1612,2,1614,68
2020-05-15,Santa Barbara,083,443738,1556,1409,8,1417,10
2020-05-15,Santa Clara,085,1922200,3025,2395,10,2405,135
2020-05-15,Santa Cruz,087,273765,172,146,0,146,3
2020-05-15,Shasta,089,179085,48,33,0,33,4
2020-05-15,Sierra,091,2930,0,0,0,0,0
2020-05-15,Siskiyou,093,43540,6,5,0,5,0
2020-05-15,Solano,095,438530,474,388,0,388,4
2020-05-15,Sonoma,097,501317,437,349,0,349,4
2020-05-15,Stanislaus,099,539301,631,540,4,544,23
2020-05-15,Sutter,101,95872,41,35,0,35,2
2020-05-15,Tehama,103,63373,3,1,0,1,1
2020-05-15,Trinity,105,12862,2,1,0,1,0
2020-05-15,Tulare,107,460477,1951,1356,7,1363,61
2020-05-15,Tuolumne,109,53932,3,2,0,2,0
2020-05-15,Ventura,111,848112,1182,789,5,794,25
2020-05-15,Yolo,113,214977,199,182,0,182,22
2020-05-15,Yuba,115,75493,26,21,0,21,1
2020-05-14,Alameda,001,1643700,2710,2255,3,2258,80
2020-05-14,Alpine,003,1148,1,1,0,1,0
2020-05-14,Amador,005,37829,10,8,0,8,0
2020-05-14,Butte,007,227075,41,22,2,24,0
2020-05-14,Calaveras,009,45235,14,13,0,13,0
2020-05-14,Colusa,011,21464,3,3,0,3,0
2020-05-14,Contra Costa,013,1133247,1269,1090,1,1091,32
2020-05-14,Del Norte,015,27424,14,4,0,4,0
2020-05-14,El Dorado,017,186661,80,59,0,59,0
2020-05-14,Fresno,019,978130,2107,1038,30,1068,12
2020-05-14,Glenn,021,27897,12,8,0,8,0
2020-05-14,Humboldt,023,135768,89,59,0,59,0
2020-05-14,Imperial,025,180216,1484,652,0,652,13
2020-05-14,Inyo,027,18085,19,20,0,20,1
2020-05-14,Kern,029,883053,1841,1430,3,1433,21
2020-05-14,Kings,031,150075,472,342,1,343,1
2020-05-14,Lake,033,64148,13,7,0,7,0
2020-05-14,Lassen,035,31185,4,0,2,2,0
2020-05-14,Los Angeles,037,10098052,44354,35427,20,35447,1693
2020-05-14,Madera,039,155013,153,69,1,70,2
2020-05-14,Marin,041,260295,320,283,1,284,14
2020-05-14,Mariposa,043,17540,15,15,0,15,0
2020-05-14,Mendocino,045,87422,13,10,0,10,0
2020-05-14,Merced,047,269075,289,182,0,182,3
2020-05-14,Modoc,049,8938,0,0,0,0,0
2020-05-14,Mono,051,14174,36,31,0,31,1
2020-05-14,Monterey,053,433212,393,317,1,318,7
2020-05-14,Napa,055,140530,102,83,0,83,3
2020-05-14,Nevada,057,99092,41,41,1,42,1
2020-05-14,Orange,059,3164182,6165,4163,48,4211,83
2020-05-14,Placer,061,380077,193,172,0,172,8
2020-05-14,Plumas,063,18699,4,4,0,4,0
2020-05-14,Riverside,065,2383286,6473,5339,18,5357,224
2020-05-14,Sacramento,067,1510023,1273,1181,0,1181,55
2020-05-14,San Benito,069,59416,61,56,0,56,2
2020-05-14,San Bernardino,071,2135413,4195,3149,4,3153,149
2020-05-14,San Diego,073,3302833,6486,5393,0,5393,200
2020-05-14,San Francisco,075,870044,2270,2029,0,2029,36
2020-05-14,San Joaquin,077,732212,754,643,3,646,31
2020-05-14,San Luis Obispo,079,281455,315,236,3,239,1
2020-05-14,San Mateo,081,765935,1874,1588,2,1590,67
2020-05-14,Santa Barbara,083,443738,1544,1395,8,1403,11
2020-05-14,Santa Clara,085,1922200,3002,2380,10,2390,134
2020-05-14,Santa Cruz,087,273765,170,145,0,145,3
2020-05-14,Shasta,089,179085,48,33,0,33,4
2020-05-14,Sierra,091,2930,0,0,0,0,0
2020-05-14,Siskiyou,093,43540,6,5,0,5,0
2020-05-14,Solano,095,438530,465,372,0,372,4
2020-05-14,Sonoma,097,501317,420,333,0,333,4
2020-05-14,Stanislaus,099,539301,612,533,4,537,23
2020-05-14,Sutter,101,95872,41,34,0,34,2
2020-05-14,Tehama,103,63373,3,1,0,1,1
2020-05-14,Trinity,105,12862,2,1,0,1,0
2020-05-14,Tulare,107,460477,1912,1317,7,1324,55
2020-05-14,Tuolumne,109,53932,3,2,0,2,0
2020-05-14,Ventura,111,848112,1151,760,5,765,25
2020-05-14,Yolo,113,214977,199,180,0,180,22
2020-05-14,Yuba,115,75493,26,21,0,21,1
2020-05-13,Alameda,001,1643700,2652,2181,3,2184,78
2020-05-13,Alpine,003,1148,1,1,0,1,0
2020-05-13,Amador,005,37829,10,8,0,8,0
2020-05-13,Butte,007,227075,41,21,2,23,0
2020-05-13,Calaveras,009,45235,14,13,0,13,0
2020-05-13,Colusa,011,21464,3,3,0,3,0
2020-05-13,Contra Costa,013,1133247,1247,1082,1,1083,32
2020-05-13,Del Norte,015,27424,13,4,0,4,0
2020-05-13,El Dorado,017,186661,79,58,0,58,0
2020-05-13,Fresno,019,978130,2009,993,30,1023,10
2020-05-13,Glenn,021,27897,11,6,0,6,0
2020-05-13,Humboldt,023,135768,83,58,0,58,0
2020-05-13,Imperial,025,180216,1414,610,0,610,11
2020-05-13,Inyo,027,18085,19,20,0,20,1
2020-05-13,Kern,029,883053,1795,1390,3,1393,19
2020-05-13,Kings,031,150075,458,314,1,315,1
2020-05-13,Lake,033,64148,13,7,0,7,0
2020-05-13,Lassen,035,31185,4,0,2,2,0
2020-05-13,Los Angeles,037,10098052,43043,34574,20,34594,1643
2020-05-13,Madera,039,155013,144,69,1,70,2
2020-05-13,Marin,041,260295,307,278,1,279,14
2020-05-13,Mariposa,043,17540,15,15,0,15,0
2020-05-13,Mendocino,045,87422,13,10,0,10,0
2020-05-13,Merced,047,269075,286,176,0,176,3
2020-05-13,Modoc,049,8938,0,0,0,0,0
2020-05-13,Mono,051,14174,35,31,0,31,1
2020-05-13,Monterey,053,433212,383,309,1,310,6
2020-05-13,Napa,055,140530,102,81,0,81,3
2020-05-13,Nevada,057,99092,41,41,1,42,1
2020-05-13,Orange,059,3164182,5919,4025,46,4071,79
2020-05-13,Placer,061,380077,192,170,0,170,8
2020-05-13,Plumas,063,18699,4,4,0,4,0
2020-05-13,Riverside,065,2383286,6350,5204,18,5222,216
2020-05-13,Sacramento,067,1510023,1258,1173,0,1173,53
2020-05-13,San Benito,069,59416,61,55,0,55,2
2020-05-13,San Bernardino,071,2135413,3939,3064,3,3067,140
2020-05-13,San Diego,073,3302833,6350,5280,0,5280,194
2020-05-13,San Francisco,075,870044,2242,2004,0,2004,35
2020-05-13,San Joaquin,077,732212,733,639,3,642,31
2020-05-13,San Luis Obispo,079,281455,313,231,3,234,1
2020-05-13,San Mateo,081,765935,1842,1550,2,1552,66
2020-05-13,Santa Barbara,083,443738,1533,1382,8,1390,10
2020-05-13,Santa Clara,085,1922200,2982,2370,10,2380,132
2020-05-13,Santa Cruz,087,273765,166,142,0,142,2
2020-05-13,Shasta,089,179085,48,32,0,32,4
2020-05-13,Sierra,091,2930,0,0,0,0,0
2020-05-13,Siskiyou,093,43540,6,5,0,5,0
2020-05-13,Solano,095,438530,452,368,0,368,4
2020-05-13,Sonoma,097,501317,410,330,0,330,4
2020-05-13,Stanislaus,099,539301,603,521,4,525,15
2020-05-13,Sutter,101,95872,41,33,0,33,2
2020-05-13,Tehama,103,63373,3,1,0,1,1
2020-05-13,Trinity,105,12862,2,2,0,2,0
2020-05-13,Tulare,107,460477,1879,1283,7,1290,54
2020-05-13,Tuolumne,109,53932,3,2,0,2,0
2020-05-13,Ventura,111,848112,1120,742,5,747,25
2020-05-13,Yolo,113,214977,197,178,0,178,22
2020-05-13,Yuba,115,75493,24,19,0,19,1
2020-05-12,Alameda,001,1643700,2588,2146,3,2149,74
2020-05-12,Alpine,003,1148,1,1,0,1,0
2020-05-12,Amador,005,37829,10,8,0,8,0
2020-05-12,Butte,007,227075,39,20,2,22,0
2020-05-12,Calaveras,009,45235,13,13,0,13,0
2020-05-12,Colusa,011,21464,3,3,0,3,0
2020-05-12,Contra Costa,013,1133247,1216,1067,1,1068,32
2020-05-12,Del Norte,015,27424,10,3,0,3,0
2020-05-12,El Dorado,017,186661,76,56,0,56,0
2020-05-12,Fresno,019,978130,1925,978,28,1006,9
2020-05-12,Glenn,021,27897,10,6,0,6,0
2020-05-12,Humboldt,023,135768,80,58,0,58,0
2020-05-12,Imperial,025,180216,1284,602,0,602,9
2020-05-12,Inyo,027,18085,19,20,0,20,1
2020-05-12,Kern,029,883053,1754,1363,3,1366,18
2020-05-12,Kings,031,150075,437,302,1,303,1
2020-05-12,Lake,033,64148,13,7,0,7,0
2020-05-12,Lassen,035,31185,4,0,2,2,0
2020-05-12,Los Angeles,037,10098052,42050,33281,19,33300,1601
2020-05-12,Madera,039,155013,138,69,1,70,2
2020-05-12,Marin,041,260295,302,274,1,275,14
2020-05-12,Mariposa,043,17540,15,15,0,15,0
2020-05-12,Mendocino,045,87422,13,10,0,10,0
2020-05-12,Merced,047,269075,275,175,0,175,3
2020-05-12,Modoc,049,8938,0,0,0,0,0
2020-05-12,Mono,051,14174,35,31,0,31,1
2020-05-12,Monterey,053,433212,376,298,1,299,6
2020-05-12,Napa,055,140530,100,80,0,80,3
2020-05-12,Nevada,057,99092,41,41,1,42,1
2020-05-12,Orange,059,3164182,5736,3843,44,3887,78
2020-05-12,Placer,061,380077,191,170,0,170,8
2020-05-12,Plumas,063,18699,4,4,0,4,0
2020-05-12,Riverside,065,2383286,6227,5134,18,5152,210
2020-05-12,Sacramento,067,1510023,1238,1166,0,1166,52
2020-05-12,San Benito,069,59416,61,55,0,55,2
2020-05-12,San Bernardino,071,2135413,3787,2997,3,3000,131
2020-05-12,San Diego,073,3302833,6206,3,0,3,0
2020-05-12,San Francisco,075,870044,2207,1981,0,1981,35
2020-05-12,San Joaquin,077,732212,718,625,3,628,30
2020-05-12,San Luis Obispo,079,281455,310,226,3,229,1
2020-05-12,San Mateo,081,765935,1816,1533,2,1535,66
2020-05-12,Santa Barbara,083,443738,1502,1377,8,1385,10
2020-05-12,Santa Clara,085,1922200,2952,2362,10,2372,131
2020-05-12,Santa Cruz,087,273765,164,141,0,141,2
2020-05-12,Shasta,089,179085,47,33,0,33,4
2020-05-12,Sierra,091,2930,0,0,0,0,0
2020-05-12,Siskiyou,093,43540,6,5,0,5,0
2020-05-12,Solano,095,438530,444,361,0,361,4
2020-05-12,Sonoma,097,501317,387,308,0,308,4
2020-05-12,Stanislaus,099,539301,596,515,4,519,15
2020-05-12,Sutter,101,95872,41,33,0,33,2
2020-05-12,Tehama,103,63373,3,1,0,1,1
2020-05-12,Trinity,105,12862,2,1,0,1,0
2020-05-12,Tulare,107,460477,1847,1261,7,1268,52
2020-05-12,Tuolumne,109,53932,3,2,0,2,0
2020-05-12,Ventura,111,848112,1064,718,5,723,20
2020-05-12,Yolo,113,214977,196,176,0,176,22
2020-05-12,Yuba,115,75493,24,19,0,19,1
2020-05-11,Alameda,001,1643700,2538,2103,3,2106,71
2020-05-11,Alpine,003,1148,1,1,0,1,0
2020-05-11,Amador,005,37829,10,8,0,8,0
2020-05-11,Butte,007,227075,38,19,2,21,0
2020-05-11,Calaveras,009,45235,13,13,0,13,0
2020-05-11,Colusa,011,21464,3,3,0,3,0
2020-05-11,Contra Costa,013,1133247,1202,1052,1,1053,32
2020-05-11,Del Norte,015,27424,8,3,0,3,0
2020-05-11,El Dorado,017,186661,76,55,0,55,0
2020-05-11,Fresno,019,978130,1834,937,27,964,8
2020-05-11,Glenn,021,27897,10,6,0,6,0
2020-05-11,Humboldt,023,135768,77,56,0,56,0
2020-05-11,Imperial,025,180216,1177,562,0,562,9
2020-05-11,Inyo,027,18085,19,20,0,20,1
2020-05-11,Kern,029,883053,1702,1331,3,1334,17
2020-05-11,Kings,031,150075,414,289,0,289,1
2020-05-11,Lake,033,64148,12,7,0,7,0
2020-05-11,Lassen,035,31185,4,0,2,2,0
2020-05-11,Los Angeles,037,10098052,40869,32279,19,32298,1553
2020-05-11,Madera,039,155013,129,68,1,69,2
2020-05-11,Marin,041,260295,293,271,1,272,14
2020-05-11,Mariposa,043,17540,15,15,0,15,0
2020-05-11,Mendocino,045,87422,13,10,0,10,0
2020-05-11,Merced,047,269075,260,158,0,158,3
2020-05-11,Modoc,049,8938,0,0,0,0,0
2020-05-11,Mono,051,14174,35,30,0,30,1
2020-05-11,Monterey,053,433212,373,286,1,287,6
2020-05-11,Napa,055,140530,94,79,0,79,2
2020-05-11,Nevada,057,99092,41,41,1,42,1
2020-05-11,Orange,059,3164182,5522,3699,38,3737,77
2020-05-11,Placer,061,380077,191,170,0,170,8
2020-05-11,Plumas,063,18699,4,4,0,4,0
2020-05-11,Riverside,065,2383286,6069,5082,17,5099,203
2020-05-11,Sacramento,067,1510023,1223,1160,0,1160,52
2020-05-11,San Benito,069,59416,59,52,0,52,2
2020-05-11,San Bernardino,071,2135413,3676,2945,3,2948,124
2020-05-11,San Diego,073,3302833,6053,5067,0,5067,175
2020-05-11,San Francisco,075,870044,2161,1974,0,1974,35
2020-05-11,San Joaquin,077,732212,708,620,3,623,30
2020-05-11,San Luis Obispo,079,281455,308,224,3,227,1
2020-05-11,San Mateo,081,765935,1790,1499,2,1501,66
2020-05-11,Santa Barbara,083,443738,1491,1372,7,1379,10
2020-05-11,Santa Clara,085,1922200,2935,2340,10,2350,129
2020-05-11,Santa Cruz,087,273765,161,140,0,140,2
2020-05-11,Shasta,089,179085,47,31,0,31,4
2020-05-11,Sierra,091,2930,0,0,0,0,0
2020-05-11,Siskiyou,093,43540,6,5,0,5,0
2020-05-11,Solano,095,438530,439,354,0,354,4
2020-05-11,Sonoma,097,501317,377,303,0,303,3
2020-05-11,Stanislaus,099,539301,586,507,4,511,14
2020-05-11,Sutter,101,95872,40,32,0,32,2
2020-05-11,Tehama,103,63373,3,1,0,1,1
2020-05-11,Trinity,105,12862,2,1,0,1,0
2020-05-11,Tulare,107,460477,1798,1203,7,1210,49
2020-05-11,Tuolumne,109,53932,3,2,0,2,0
2020-05-11,Ventura,111,848112,1003,698,4,702,19
2020-05-11,Yolo,113,214977,196,174,0,174,20
2020-05-11,Yuba,115,75493,24,18,0,18,1
2020-05-10,Alameda,001,1643700,2461,2047,3,2050,71
2020-05-10,Alpine,003,1148,1,1,0,1,0
2020-05-10,Amador,005,37829,10,8,0,8,0
2020-05-10,Butte,007,227075,33,18,2,20,0
2020-05-10,Calaveras,009,45235,13,13,0,13,0
2020-05-10,Colusa,011,21464,3,3,0,3,0
2020-05-10,Contra Costa,013,1133247,1188,1046,0,1046,31
2020-05-10,Del Norte,015,27424,7,3,0,3,0
2020-05-10,El Dorado,017,186661,76,55,0,55,0
2020-05-10,Fresno,019,978130,1749,894,27,921,8
2020-05-10,Glenn,021,27897,10,6,0,6,0
2020-05-10,Humboldt,023,135768,73,56,0,56,0
2020-05-10,Imperial,025,180216,1082,509,0,509,7
2020-05-10,Inyo,027,18085,19,20,0,20,1
2020-05-10,Kern,029,883053,1651,1300,2,1302,16
2020-05-10,Kings,031,150075,401,266,0,266,1
2020-05-10,Lake,033,64148,12,7,0,7,0
2020-05-10,Lassen,035,31185,4,0,2,2,0
2020-05-10,Los Angeles,037,10098052,39608,31711,19,31730,1514
2020-05-10,Madera,039,155013,127,65,1,66,2
2020-05-10,Marin,041,260295,285,267,1,268,14
2020-05-10,Mariposa,043,17540,15,15,0,15,0
2020-05-10,Mendocino,045,87422,12,10,0,10,0
2020-05-10,Merced,047,269075,245,154,0,154,3
2020-05-10,Modoc,049,8938,0,0,0,0,0
2020-05-10,Mono,051,14174,35,27,0,27,1
2020-05-10,Monterey,053,433212,359,282,1,283,6
2020-05-10,Napa,055,140530,88,79,0,79,2
2020-05-10,Nevada,057,99092,41,41,1,42,1
2020-05-10,Orange,059,3164182,5379,3627,38,3665,76
2020-05-10,Placer,061,380077,190,168,0,168,8
2020-05-10,Plumas,063,18699,4,4,0,4,0
2020-05-10,Riverside,065,2383286,5947,4951,17,4968,193
2020-05-10,Sacramento,067,1510023,1207,1152,0,1152,52
2020-05-10,San Benito,069,59416,59,52,0,52,2
2020-05-10,San Bernardino,071,2135413,3578,2910,3,2913,121
2020-05-10,San Diego,073,3302833,5901,4928,0,4928,175
2020-05-10,San Francisco,075,870044,2143,1953,0,1953,35
2020-05-10,San Joaquin,077,732212,693,611,3,614,29
2020-05-10,San Luis Obispo,079,281455,305,218,3,221,1
2020-05-10,San Mateo,081,765935,1768,1463,2,1465,65
2020-05-10,Santa Barbara,083,443738,1480,1323,7,1330,10
2020-05-10,Santa Clara,085,1922200,2908,2331,10,2341,129
2020-05-10,Santa Cruz,087,273765,160,139,0,139,2
2020-05-10,Shasta,089,179085,47,31,0,31,4
2020-05-10,Sierra,091,2930,0,0,0,0,0
2020-05-10,Siskiyou,093,43540,5,5,0,5,0
2020-05-10,Solano,095,438530,429,322,0,322,4
2020-05-10,Sonoma,097,501317,367,290,0,290,3
2020-05-10,Stanislaus,099,539301,579,498,4,502,14
2020-05-10,Sutter,101,95872,37,31,0,31,2
2020-05-10,Tehama,103,63373,3,1,0,1,1
2020-05-10,Trinity,105,12862,2,1,0,1,0
2020-05-10,Tulare,107,460477,1727,1143,7,1150,47
2020-05-10,Tuolumne,109,53932,3,2,0,2,0
2020-05-10,Ventura,111,848112,945,690,2,692,19
2020-05-10,Yolo,113,214977,196,173,0,173,20
2020-05-10,Yuba,115,75493,23,17,0,17,1
2020-05-09,Alameda,001,1643700,2418,2011,3,2014,71
2020-05-09,Alpine,003,1148,1,1,0,1,0
2020-05-09,Amador,005,37829,9,8,0,8,0
2020-05-09,Butte,007,227075,32,18,2,20,0
2020-05-09,Calaveras,009,45235,13,13,0,13,0
2020-05-09,Colusa,011,21464,3,3,0,3,0
2020-05-09,Contra Costa,013,1133247,1174,1039,0,1039,31
2020-05-09,Del Norte,015,27424,7,3,0,3,0
2020-05-09,El Dorado,017,186661,73,54,0,54,0
2020-05-09,Fresno,019,978130,1711,861,26,887,8
2020-05-09,Glenn,021,27897,9,6,0,6,0
2020-05-09,Humboldt,023,135768,71,55,0,55,0
2020-05-09,Imperial,025,180216,1026,474,0,474,7
2020-05-09,Inyo,027,18085,19,20,0,20,1
2020-05-09,Kern,029,883053,1615,1262,1,1263,15
2020-05-09,Kings,031,150075,396,264,0,264,1
2020-05-09,Lake,033,64148,12,7,0,7,0
2020-05-09,Lassen,035,31185,4,0,2,2,0
2020-05-09,Los Angeles,037,10098052,38986,31268,19,31287,1499
2020-05-09,Madera,039,155013,126,61,1,62,2
2020-05-09,Marin,041,260295,284,261,1,262,14
2020-05-09,Mariposa,043,17540,15,15,0,15,0
2020-05-09,Mendocino,045,87422,12,10,0,10,0
2020-05-09,Merced,047,269075,241,153,0,153,3
2020-05-09,Modoc,049,8938,0,0,0,0,0
2020-05-09,Mono,051,14174,35,27,0,27,1
2020-05-09,Monterey,053,433212,352,273,0,273,6
2020-05-09,Napa,055,140530,87,78,0,78,2
2020-05-09,Nevada,057,99092,41,41,1,42,1
2020-05-09,Orange,059,3164182,5296,3506,38,3544,75
2020-05-09,Placer,061,380077,189,168,0,168,8
2020-05-09,Plumas,063,18699,4,4,0,4,0
2020-05-09,Riverside,065,2383286,5852,4871,17,4888,183
2020-05-09,Sacramento,067,1510023,1203,1150,0,1150,52
2020-05-09,San Benito,069,59416,58,52,0,52,2
2020-05-09,San Bernardino,071,2135413,3522,2825,3,2828,121
2020-05-09,San Diego,073,3302833,5789,4778,0,4778,175
2020-05-09,San Francisco,075,870044,2128,1944,0,1944,34
2020-05-09,San Joaquin,077,732212,684,605,3,608,28
2020-05-09,San Luis Obispo,079,281455,301,213,3,216,1
2020-05-09,San Mateo,081,765935,1749,1453,2,1455,65
2020-05-09,Santa Barbara,083,443738,1472,1245,7,1252,10
2020-05-09,Santa Clara,085,1922200,2894,2317,10,2327,128
2020-05-09,Santa Cruz,087,273765,159,138,0,138,2
2020-05-09,Shasta,089,179085,47,31,0,31,4
2020-05-09,Sierra,091,2930,0,0,0,0,0
2020-05-09,Siskiyou,093,43540,5,5,0,5,0
2020-05-09,Solano,095,438530,423,321,0,321,4
2020-05-09,Sonoma,097,501317,363,288,0,288,3
2020-05-09,Stanislaus,099,539301,571,491,4,495,12
2020-05-09,Sutter,101,95872,37,31,0,31,2
2020-05-09,Tehama,103,63373,2,1,0,1,1
2020-05-09,Trinity,105,12862,2,1,0,1,0
2020-05-09,Tulare,107,460477,1699,1083,7,1090,47
2020-05-09,Tuolumne,109,53932,3,2,0,2,0
2020-05-09,Ventura,111,848112,924,679,2,681,19
2020-05-09,Yolo,113,214977,196,172,0,172,18
2020-05-09,Yuba,115,75493,23,17,0,17,1
2020-05-08,Alameda,001,1643700,2375,1955,3,1958,70
2020-05-08,Alpine,003,1148,1,1,0,1,0
2020-05-08,Amador,005,37829,9,8,0,8,0
2020-05-08,Butte,007,227075,32,18,2,20,0
2020-05-08,Calaveras,009,45235,13,13,0,13,0
2020-05-08,Colusa,011,21464,3,3,0,3,0
2020-05-08,Contra Costa,013,1133247,1162,1024,0,1024,29
2020-05-08,Del Norte,015,27424,7,3,0,3,0
2020-05-08,El Dorado,017,186661,72,54,0,54,0
2020-05-08,Fresno,019,978130,1669,838,24,862,8
2020-05-08,Glenn,021,27897,8,6,0,6,0
2020-05-08,Humboldt,023,135768,68,54,0,54,0
2020-05-08,Imperial,025,180216,981,467,0,467,7
2020-05-08,Inyo,027,18085,19,20,0,20,1
2020-05-08,Kern,029,883053,1584,1214,1,1215,13
2020-05-08,Kings,031,150075,387,236,0,236,1
2020-05-08,Lake,033,64148,12,7,0,7,0
2020-05-08,Lassen,035,31185,4,0,2,2,0
2020-05-08,Los Angeles,037,10098052,38252,30357,19,30376,1447
2020-05-08,Madera,039,155013,123,57,1,58,2
2020-05-08,Marin,041,260295,284,257,1,258,14
2020-05-08,Mariposa,043,17540,15,15,0,15,0
2020-05-08,Mendocino,045,87422,12,10,0,10,0
2020-05-08,Merced,047,269075,240,151,0,151,3
2020-05-08,Modoc,049,8938,0,0,0,0,0
2020-05-08,Mono,051,14174,32,27,0,27,1
2020-05-08,Monterey,053,433212,344,265,0,265,6
2020-05-08,Napa,055,140530,86,78,0,78,2
2020-05-08,Nevada,057,99092,41,41,1,42,1
2020-05-08,Orange,059,3164182,5149,3395,38,3433,72
2020-05-08,Placer,061,380077,187,166,0,166,8
2020-05-08,Plumas,063,18699,4,4,0,4,0
2020-05-08,Riverside,065,2383286,5752,4672,16,4688,181
2020-05-08,Sacramento,067,1510023,1198,1145,0,1145,51
2020-05-08,San Benito,069,59416,58,51,0,51,2
2020-05-08,San Bernardino,071,2135413,3474,2631,3,2634,119
2020-05-08,San Diego,073,3302833,5682,4664,0,4664,169
2020-05-08,San Francisco,075,870044,2110,1890,0,1890,33
2020-05-08,San Joaquin,077,732212,677,595,3,598,28
2020-05-08,San Luis Obispo,079,281455,298,210,3,213,1
2020-05-08,San Mateo,081,765935,1664,1423,2,1425,62
2020-05-08,Santa Barbara,083,443738,1463,1054,5,1059,8
2020-05-08,Santa Clara,085,1922200,2871,2285,10,2295,128
2020-05-08,Santa Cruz,087,273765,155,137,0,137,2
2020-05-08,Shasta,089,179085,47,31,0,31,4
2020-05-08,Sierra,091,2930,0,0,0,0,0
2020-05-08,Siskiyou,093,43540,5,5,0,5,0
2020-05-08,Solano,095,438530,418,314,0,314,4
2020-05-08,Sonoma,097,501317,358,285,0,285,3
2020-05-08,Stanislaus,099,539301,557,487,4,491,12
2020-05-08,Sutter,101,95872,37,30,0,30,2
2020-05-08,Tehama,103,63373,2,1,0,1,1
2020-05-08,Trinity,105,12862,2,0,0,0,0
2020-05-08,Tulare,107,460477,1654,1050,6,1056,43
2020-05-08,Tuolumne,109,53932,3,2,0,2,0
2020-05-08,Ventura,111,848112,906,665,2,667,19
2020-05-08,Yolo,113,214977,195,172,0,172,18
2020-05-08,Yuba,115,75493,22,16,0,16,1
2020-05-07,Alameda,001,1643700,2315,1914,3,1917,68
2020-05-07,Alpine,003,1148,1,1,0,1,0
2020-05-07,Amador,005,37829,9,8,0,8,0
2020-05-07,Butte,007,227075,32,19,2,21,0
2020-05-07,Calaveras,009,45235,13,13,0,13,0
2020-05-07,Colusa,011,21464,3,3,0,3,0
2020-05-07,Contra Costa,013,1133247,1148,1005,0,1005,29
2020-05-07,Del Norte,015,27424,6,3,0,3,0
2020-05-07,El Dorado,017,186661,71,54,0,54,0
2020-05-07,Fresno,019,978130,1583,812,23,835,8
2020-05-07,Glenn,021,27897,8,5,0,5,0
2020-05-07,Humboldt,023,135768,67,54,0,54,0
2020-05-07,Imperial,025,180216,918,442,0,442,6
2020-05-07,Inyo,027,18085,19,20,0,20,1
2020-05-07,Kern,029,883053,1540,1176,1,1177,13
2020-05-07,Kings,031,150075,364,219,0,219,1
2020-05-07,Lake,033,64148,11,7,0,7,0
2020-05-07,Lassen,035,31185,4,0,2,2,0
2020-05-07,Los Angeles,037,10098052,37130,29544,19,29563,1399
2020-05-07,Madera,039,155013,119,54,1,55,2
2020-05-07,Marin,041,260295,277,252,1,253,14
2020-05-07,Mariposa,043,17540,15,15,0,15,0
2020-05-07,Mendocino,045,87422,12,10,0,10,0
2020-05-07,Merced,047,269075,232,146,0,146,3
2020-05-07,Modoc,049,8938,0,0,0,0,0
2020-05-07,Mono,051,14174,32,26,0,26,1
2020-05-07,Monterey,053,433212,336,249,0,249,6
2020-05-07,Napa,055,140530,86,78,0,78,2
2020-05-07,Nevada,057,99092,41,41,1,42,1
2020-05-07,Orange,059,3164182,4963,3283,37,3320,69
2020-05-07,Placer,061,380077,187,165,0,165,8
2020-05-07,Plumas,063,18699,4,4,0,4,0
2020-05-07,Riverside,065,2383286,5636,4608,16,4624,170
2020-05-07,Sacramento,067,1510023,1192,1139,0,1139,50
2020-05-07,San Benito,069,59416,58,50,0,50,2
2020-05-07,San Bernardino,071,2135413,3382,2522,3,2525,115
2020-05-07,San Diego,073,3302833,5525,4431,0,4431,165
2020-05-07,San Francisco,075,870044,2079,1852,0,1852,33
2020-05-07,San Joaquin,077,732212,664,583,3,586,28
2020-05-07,San Luis Obispo,079,281455,287,209,3,212,1
2020-05-07,San Mateo,081,765935,1642,1398,2,1400,58
2020-05-07,Santa Barbara,083,443738,1436,720,4,724,8
2020-05-07,Santa Clara,085,1922200,2833,2281,10,2291,127
2020-05-07,Santa Cruz,087,273765,152,136,0,136,2
2020-05-07,Shasta,089,179085,46,31,0,31,4
2020-05-07,Sierra,091,2930,0,0,0,0,0
2020-05-07,Siskiyou,093,43540,5,5,0,5,0
2020-05-07,Solano,095,438530,412,307,0,307,4
2020-05-07,Sonoma,097,501317,346,282,0,282,3
2020-05-07,Stanislaus,099,539301,548,466,4,470,10
2020-05-07,Sutter,101,95872,37,29,0,29,2
2020-05-07,Tehama,103,63373,2,1,0,1,1
2020-05-07,Trinity,105,12862,2,0,0,0,0
2020-05-07,Tulare,107,460477,1586,1001,6,1007,41
2020-05-07,Tuolumne,109,53932,3,2,0,2,0
2020-05-07,Ventura,111,848112,882,647,1,648,19
2020-05-07,Yolo,113,214977,194,172,0,172,18
2020-05-07,Yuba,115,75493,22,16,0,16,1
2020-05-06,Alameda,001,1643700,2277,1864,3,1867,67
2020-05-06,Alpine,003,1148,1,1,0,1,0
2020-05-06,Amador,005,37829,9,8,0,8,0
2020-05-06,Butte,007,227075,31,19,2,21,0
2020-05-06,Calaveras,009,45235,13,13,0,13,0
2020-05-06,Colusa,011,21464,3,3,0,3,0
2020-05-06,Contra Costa,013,1133247,1127,990,0,990,29
2020-05-06,Del Norte,015,27424,6,3,0,3,0
2020-05-06,El Dorado,017,186661,69,53,0,53,0
2020-05-06,Fresno,019,978130,1520,773,21,794,8
2020-05-06,Glenn,021,27897,8,3,0,3,0
2020-05-06,Humboldt,023,135768,66,54,0,54,0
2020-05-06,Imperial,025,180216,850,399,0,399,6
2020-05-06,Inyo,027,18085,19,20,0,20,1
2020-05-06,Kern,029,883053,1484,1112,1,1113,12
2020-05-06,Kings,031,150075,346,208,0,208,1
2020-05-06,Lake,033,64148,11,7,0,7,0
2020-05-06,Lassen,035,31185,4,0,2,2,0
2020-05-06,Los Angeles,037,10098052,36124,28687,19,28706,1347
2020-05-06,Madera,039,155013,117,55,1,56,2
2020-05-06,Marin,041,260295,270,244,1,245,14
2020-05-06,Mariposa,043,17540,15,14,0,14,0
2020-05-06,Mendocino,045,87422,12,10,0,10,0
2020-05-06,Merced,047,269075,225,140,0,140,3
2020-05-06,Modoc,049,8938,0,0,0,0,0
2020-05-06,Mono,051,14174,32,26,0,26,1
2020-05-06,Monterey,053,433212,328,246,0,246,6
2020-05-06,Napa,055,140530,85,78,0,78,2
2020-05-06,Nevada,057,99092,41,41,1,42,1
2020-05-06,Orange,059,3164182,4779,3156,36,3192,66
2020-05-06,Placer,061,380077,184,164,0,164,8
2020-05-06,Plumas,063,18699,4,4,0,4,0
2020-05-06,Riverside,065,2383286,5492,4535,16,4551,163
2020-05-06,Sacramento,067,1510023,1186,1135,0,1135,49
2020-05-06,San Benito,069,59416,57,50,0,50,2
2020-05-06,San Bernardino,071,2135413,3260,2426,2,2428,110
2020-05-06,San Diego,073,3302833,5392,4321,0,4321,158
2020-05-06,San Francisco,075,870044,2054,1804,0,1804,32
2020-05-06,San Joaquin,077,732212,651,581,3,584,28
2020-05-06,San Luis Obispo,079,281455,284,207,3,210,1
2020-05-06,San Mateo,081,765935,1611,1348,2,1350,57
2020-05-06,Santa Barbara,083,443738,1395,565,3,568,8
2020-05-06,Santa Clara,085,1922200,2816,2270,9,2279,127
2020-05-06,Santa Cruz,087,273765,149,135,0,135,2
2020-05-06,Shasta,089,179085,45,31,0,31,4
2020-05-06,Sierra,091,2930,0,0,0,0,0
2020-05-06,Siskiyou,093,43540,5,5,0,5,0
2020-05-06,Solano,095,438530,402,300,0,300,4
2020-05-06,Sonoma,097,501317,330,269,0,269,3
2020-05-06,Stanislaus,099,539301,532,434,4,438,9
2020-05-06,Sutter,101,95872,37,29,0,29,2
2020-05-06,Tehama,103,63373,2,1,0,1,1
2020-05-06,Trinity,105,12862,2,0,0,0,0
2020-05-06,Tulare,107,460477,1538,963,6,969,40
2020-05-06,Tuolumne,109,53932,3,2,0,2,0
2020-05-06,Ventura,111,848112,855,619,1,620,19
2020-05-06,Yolo,113,214977,193,172,0,172,18
2020-05-06,Yuba,115,75493,22,15,0,15,1
2020-05-05,Alameda,001,1643700,2234,1819,3,1822,67
2020-05-05,Alpine,003,1148,1,1,0,1,0
2020-05-05,Amador,005,37829,9,8,0,8,0
2020-05-05,Butte,007,227075,30,19,2,21,0
2020-05-05,Calaveras,009,45235,13,13,0,13,0
2020-05-05,Colusa,011,21464,3,3,0,3,0
2020-05-05,Contra Costa,013,1133247,1109,976,0,976,29
2020-05-05,Del Norte,015,27424,6,3,0,3,0
2020-05-05,El Dorado,017,186661,67,54,0,54,0
2020-05-05,Fresno,019,978130,1447,726,19,745,8
2020-05-05,Glenn,021,27897,8,3,0,3,0
2020-05-05,Humboldt,023,135768,63,54,0,54,0
2020-05-05,Imperial,025,180216,795,389,0,389,6
2020-05-05,Inyo,027,18085,19,20,0,20,1
2020-05-05,Kern,029,883053,1432,1084,1,1085,11
2020-05-05,Kings,031,150075,328,187,0,187,1
2020-05-05,Lake,033,64148,10,7,0,7,0
2020-05-05,Lassen,035,31185,4,0,2,2,0
2020-05-05,Los Angeles,037,10098052,35057,27867,19,27886,1289
2020-05-05,Madera,039,155013,113,53,1,54,2
2020-05-05,Marin,041,260295,264,244,1,245,14
2020-05-05,Mariposa,043,17540,15,14,0,14,0
2020-05-05,Mendocino,045,87422,12,10,0,10,0
2020-05-05,Merced,047,269075,220,141,0,141,3
2020-05-05,Modoc,049,8938,0,0,0,0,0
2020-05-05,Mono,051,14174,32,25,0,25,1
2020-05-05,Monterey,053,433212,314,240,0,240,6
2020-05-05,Napa,055,140530,85,74,0,74,2
2020-05-05,Nevada,057,99092,41,41,1,42,1
2020-05-05,Orange,059,3164182,4655,3041,36,3077,63
2020-05-05,Placer,061,380077,184,162,0,162,8
2020-05-05,Plumas,063,18699,4,4,0,4,0
2020-05-05,Riverside,065,2383286,5382,4309,16,4325,161
2020-05-05,Sacramento,067,1510023,1179,1125,0,1125,48
2020-05-05,San Benito,069,59416,56,50,0,50,2
2020-05-05,San Bernardino,071,2135413,3167,2345,2,2347,104
2020-05-05,San Diego,073,3302833,5249,4162,0,4162,150
2020-05-05,San Francisco,075,870044,2019,1779,0,1779,31
2020-05-05,San Joaquin,077,732212,642,577,3,580,26
2020-05-05,San Luis Obispo,079,281455,282,203,3,206,1
2020-05-05,San Mateo,081,765935,1579,1335,2,1337,56
2020-05-05,Santa Barbara,083,443738,1174,541,3,544,7
2020-05-05,Santa Clara,085,1922200,2770,2249,8,2257,124
2020-05-05,Santa Cruz,087,273765,146,134,0,134,2
2020-05-05,Shasta,089,179085,44,31,0,31,4
2020-05-05,Sierra,091,2930,0,0,0,0,0
2020-05-05,Siskiyou,093,43540,5,5,0,5,0
2020-05-05,Solano,095,438530,386,299,0,299,4
2020-05-05,Sonoma,097,501317,327,263,0,263,3
2020-05-05,Stanislaus,099,539301,520,430,4,434,9
2020-05-05,Sutter,101,95872,36,29,0,29,2
2020-05-05,Tehama,103,63373,2,1,0,1,1
2020-05-05,Trinity,105,12862,2,0,0,0,0
2020-05-05,Tulare,107,460477,1440,869,6,875,40
2020-05-05,Tuolumne,109,53932,3,2,0,2,0
2020-05-05,Ventura,111,848112,831,607,1,608,19
2020-05-05,Yolo,113,214977,191,171,0,171,18
2020-05-05,Yuba,115,75493,22,15,0,15,1
2020-05-04,Alameda,001,1643700,2176,1762,2,1764,65
2020-05-04,Alpine,003,1148,1,1,0,1,0
2020-05-04,Amador,005,37829,8,8,0,8,0
2020-05-04,Butte,007,227075,29,16,2,18,0
2020-05-04,Calaveras,009,45235,13,13,0,13,0
2020-05-04,Colusa,011,21464,3,3,0,3,0
2020-05-04,Contra Costa,013,1133247,1091,949,0,949,28
2020-05-04,Del Norte,015,27424,5,3,0,3,0
2020-05-04,El Dorado,017,186661,66,51,0,51,0
2020-05-04,Fresno,019,978130,1377,680,18,698,8
2020-05-04,Glenn,021,27897,8,4,0,4,0
2020-05-04,Humboldt,023,135768,61,54,0,54,0
2020-05-04,Imperial,025,180216,744,351,0,351,6
2020-05-04,Inyo,027,18085,19,20,0,20,1
2020-05-04,Kern,029,883053,1390,1047,1,1048,8
2020-05-04,Kings,031,150075,311,153,0,153,1
2020-05-04,Lake,033,64148,9,7,0,7,0
2020-05-04,Lassen,035,31185,3,0,2,2,0
2020-05-04,Los Angeles,037,10098052,33772,26243,17,26260,1235
2020-05-04,Madera,039,155013,110,52,1,53,2
2020-05-04,Marin,041,260295,259,244,1,245,13
2020-05-04,Mariposa,043,17540,15,13,0,13,0
2020-05-04,Mendocino,045,87422,12,10,0,10,0
2020-05-04,Merced,047,269075,220,138,0,138,3
2020-05-04,Modoc,049,8938,0,0,0,0,0
2020-05-04,Mono,051,14174,32,25,0,25,1
2020-05-04,Monterey,053,433212,303,237,0,237,6
2020-05-04,Napa,055,140530,85,72,0,72,2
2020-05-04,Nevada,057,99092,41,41,1,42,1
2020-05-04,Orange,059,3164182,4517,2931,33,2964,57
2020-05-04,Placer,061,380077,182,162,0,162,8
2020-05-04,Plumas,063,18699,4,4,0,4,0
2020-05-04,Riverside,065,2383286,5288,4221,16,4237,147
2020-05-04,Sacramento,067,1510023,1169,1119,0,1119,44
2020-05-04,San Benito,069,59416,54,49,0,49,2
2020-05-04,San Bernardino,071,2135413,3027,2184,2,2186,99
2020-05-04,San Diego,073,3302833,5108,4022,0,4022,144
2020-05-04,San Francisco,075,870044,1981,1760,0,1760,31
2020-05-04,San Joaquin,077,732212,628,574,3,577,26
2020-05-04,San Luis Obispo,079,281455,279,202,3,205,1
2020-05-04,San Mateo,081,765935,1554,1313,2,1315,53
2020-05-04,Santa Barbara,083,443738,927,524,3,527,7
2020-05-04,Santa Clara,085,1922200,2755,2238,8,2246,119
2020-05-04,Santa Cruz,087,273765,145,133,0,133,2
2020-05-04,Shasta,089,179085,42,31,0,31,4
2020-05-04,Sierra,091,2930,0,0,0,0,0
2020-05-04,Siskiyou,093,43540,5,5,0,5,0
2020-05-04,Solano,095,438530,372,293,0,293,4
2020-05-04,Sonoma,097,501317,313,256,0,256,4
2020-05-04,Stanislaus,099,539301,514,422,4,426,8
2020-05-04,Sutter,101,95872,33,28,0,28,2
2020-05-04,Tehama,103,63373,2,1,0,1,1
2020-05-04,Trinity,105,12862,1,0,0,0,0
2020-05-04,Tulare,107,460477,1361,760,6,766,40
2020-05-04,Tuolumne,109,53932,3,3,0,3,0
2020-05-04,Ventura,111,848112,810,590,1,591,19
2020-05-04,Yolo,113,214977,190,171,0,171,18
2020-05-04,Yuba,115,75493,19,16,0,16,1
2020-05-03,Alameda,001,1643700,2118,1731,2,1733,64
2020-05-03,Alpine,003,1148,1,1,0,1,0
2020-05-03,Amador,005,37829,8,8,0,8,0
2020-05-03,Butte,007,227075,29,17,2,19,0
2020-05-03,Calaveras,009,45235,13,13,0,13,0
2020-05-03,Colusa,011,21464,3,3,0,3,0
2020-05-03,Contra Costa,013,1133247,1075,945,0,945,28
2020-05-03,Del Norte,015,27424,5,3,0,3,0
2020-05-03,El Dorado,017,186661,64,49,0,49,0
2020-05-03,Fresno,019,978130,1285,646,15,661,8
2020-05-03,Glenn,021,27897,7,5,0,5,0
2020-05-03,Humboldt,023,135768,60,54,0,54,0
2020-05-03,Imperial,025,180216,688,351,0,351,6
2020-05-03,Inyo,027,18085,19,20,0,20,1
2020-05-03,Kern,029,883053,1335,1025,1,1026,8
2020-05-03,Kings,031,150075,291,137,0,137,1
2020-05-03,Lake,033,64148,9,7,0,7,0
2020-05-03,Lassen,035,31185,3,0,2,2,0
2020-05-03,Los Angeles,037,10098052,32812,25708,16,25724,1210
2020-05-03,Madera,039,155013,103,46,1,47,2
2020-05-03,Marin,041,260295,254,243,1,244,13
2020-05-03,Mariposa,043,17540,15,13,0,13,0
2020-05-03,Mendocino,045,87422,12,10,0,10,0
2020-05-03,Merced,047,269075,212,134,0,134,3
2020-05-03,Modoc,049,8938,0,0,0,0,0
2020-05-03,Mono,051,14174,32,25,0,25,1
2020-05-03,Monterey,053,433212,294,235,0,235,6
2020-05-03,Napa,055,140530,85,72,0,72,2
2020-05-03,Nevada,057,99092,41,41,1,42,1
2020-05-03,Orange,059,3164182,4343,2859,32,2891,55
2020-05-03,Placer,061,380077,182,161,0,161,8
2020-05-03,Plumas,063,18699,4,4,0,4,0
2020-05-03,Riverside,065,2383286,5183,4034,16,4050,139
2020-05-03,Sacramento,067,1510023,1160,1109,0,1109,43
2020-05-03,San Benito,069,59416,54,49,0,49,2
2020-05-03,San Bernardino,071,2135413,2967,2123,2,2125,99
2020-05-03,San Diego,073,3302833,4971,3929,0,3929,142
2020-05-03,San Francisco,075,870044,1952,1692,0,1692,30
2020-05-03,San Joaquin,077,732212,621,570,3,573,26
2020-05-03,San Luis Obispo,079,281455,276,200,3,203,1
2020-05-03,San Mateo,081,765935,1526,1277,2,1279,53
2020-05-03,Santa Barbara,083,443738,568,512,3,515,7
2020-05-03,Santa Clara,085,1922200,2718,2235,8,2243,116
2020-05-03,Santa Cruz,087,273765,145,133,0,133,2
2020-05-03,Shasta,089,179085,40,31,0,31,4
2020-05-03,Sierra,091,2930,0,0,0,0,0
2020-05-03,Siskiyou,093,43540,5,5,0,5,0
2020-05-03,Solano,095,438530,362,266,0,266,4
2020-05-03,Sonoma,097,501317,304,254,0,254,4
2020-05-03,Stanislaus,099,539301,486,411,4,415,8
2020-05-03,Sutter,101,95872,31,28,0,28,2
2020-05-03,Tehama,103,63373,2,1,0,1,1
2020-05-03,Trinity,105,12862,1,0,0,0,0
2020-05-03,Tulare,107,460477,1282,736,6,742,40
2020-05-03,Tuolumne,109,53932,3,3,0,3,0
2020-05-03,Ventura,111,848112,776,583,1,584,19
2020-05-03,Yolo,113,214977,189,171,0,171,18
2020-05-03,Yuba,115,75493,19,16,0,16,1
2020-05-02,Alameda,001,1643700,2081,1678,2,1680,63
2020-05-02,Alpine,003,1148,1,1,0,1,0
2020-05-02,Amador,005,37829,8,8,0,8,0
2020-05-02,Butte,007,227075,29,17,2,19,0
2020-05-02,Calaveras,009,45235,13,13,0,13,0
2020-05-02,Colusa,011,21464,3,3,0,3,0
2020-05-02,Contra Costa,013,1133247,1057,929,0,929,28
2020-05-02,Del Norte,015,27424,5,3,0,3,0
2020-05-02,El Dorado,017,186661,64,47,0,47,0
2020-05-02,Fresno,019,978130,1260,629,14,643,8
2020-05-02,Glenn,021,27897,7,5,0,5,0
2020-05-02,Humboldt,023,135768,60,54,0,54,0
2020-05-02,Imperial,025,180216,661,345,0,345,6
2020-05-02,Inyo,027,18085,19,20,0,20,1
2020-05-02,Kern,029,883053,1309,1007,1,1008,8
2020-05-02,Kings,031,150075,288,120,0,120,1
2020-05-02,Lake,033,64148,9,7,0,7,0
2020-05-02,Lassen,035,31185,3,0,2,2,0
2020-05-02,Los Angeles,037,10098052,32282,24955,16,24971,1192
2020-05-02,Madera,039,155013,103,46,1,47,2
2020-05-02,Marin,041,260295,253,243,1,244,13
2020-05-02,Mariposa,043,17540,15,13,0,13,0
2020-05-02,Mendocino,045,87422,12,10,0,10,0
2020-05-02,Merced,047,269075,209,131,0,131,3
2020-05-02,Modoc,049,8938,0,0,0,0,0
2020-05-02,Mono,051,14174,32,25,0,25,1
2020-05-02,Monterey,053,433212,288,225,0,225,5
2020-05-02,Napa,055,140530,85,71,0,71,2
2020-05-02,Nevada,057,99092,41,41,1,42,1
2020-05-02,Orange,059,3164182,4229,2774,32,2806,52
2020-05-02,Placer,061,380077,180,150,0,150,8
2020-05-02,Plumas,063,18699,4,4,0,4,0
2020-05-02,Riverside,065,2383286,5117,3997,16,4013,137
2020-05-02,Sacramento,067,1510023,1157,1097,0,1097,43
2020-05-02,San Benito,069,59416,54,49,0,49,2
2020-05-02,San Bernardino,071,2135413,2928,2124,2,2126,99
2020-05-02,San Diego,073,3302833,4869,3844,0,3844,138
2020-05-02,San Francisco,075,870044,1929,1632,0,1632,29
2020-05-02,San Joaquin,077,732212,613,559,3,562,25
2020-05-02,San Luis Obispo,079,281455,270,193,3,196,1
2020-05-02,San Mateo,081,765935,1510,1272,2,1274,52
2020-05-02,Santa Barbara,083,443738,560,506,3,509,7
2020-05-02,Santa Clara,085,1922200,2708,2203,8,2211,115
2020-05-02,Santa Cruz,087,273765,144,131,0,131,2
2020-05-02,Shasta,089,179085,40,31,0,31,4
2020-05-02,Sierra,091,2930,0,0,0,0,0
2020-05-02,Siskiyou,093,43540,5,5,0,5,0
2020-05-02,Solano,095,438530,355,267,0,267,4
2020-05-02,Sonoma,097,501317,301,250,0,250,3
2020-05-02,Stanislaus,099,539301,478,388,4,392,8
2020-05-02,Sutter,101,95872,31,28,0,28,2
2020-05-02,Tehama,103,63373,2,1,0,1,1
2020-05-02,Trinity,105,12862,1,0,0,0,0
2020-05-02,Tulare,107,460477,1239,711,6,717,35
2020-05-02,Tuolumne,109,53932,3,3,0,3,0
2020-05-02,Ventura,111,848112,762,564,1,565,19
2020-05-02,Yolo,113,214977,189,169,0,169,17
2020-05-02,Yuba,115,75493,19,16,0,16,1
2020-05-01,Alameda,001,1643700,2043,1630,2,1632,63
2020-05-01,Alpine,003,1148,1,1,0,1,0
2020-05-01,Amador,005,37829,8,8,0,8,0
2020-05-01,Butte,007,227075,29,17,2,19,0
2020-05-01,Calaveras,009,45235,13,13,0,13,0
2020-05-01,Colusa,011,21464,3,3,0,3,0
2020-05-01,Contra Costa,013,1133247,1043,915,0,915,28
2020-05-01,Del Norte,015,27424,5,3,0,3,0
2020-05-01,El Dorado,017,186661,64,47,0,47,0
2020-05-01,Fresno,019,978130,1229,617,14,631,7
2020-05-01,Glenn,021,27897,7,4,0,4,0
2020-05-01,Humboldt,023,135768,60,54,0,54,0
2020-05-01,Imperial,025,180216,624,337,0,337,6
2020-05-01,Inyo,027,18085,19,20,0,20,1
2020-05-01,Kern,029,883053,1282,972,1,973,8
2020-05-01,Kings,031,150075,271,112,0,112,1
2020-05-01,Lake,033,64148,9,6,0,6,0
2020-05-01,Lassen,035,31185,3,0,2,2,0
2020-05-01,Los Angeles,037,10098052,31525,24306,16,24322,1155
2020-05-01,Madera,039,155013,99,46,1,47,2
2020-05-01,Marin,041,260295,253,242,1,243,13
2020-05-01,Mariposa,043,17540,15,10,0,10,0
2020-05-01,Mendocino,045,87422,12,11,0,11,0
2020-05-01,Merced,047,269075,206,131,0,131,3
2020-05-01,Modoc,049,8938,0,0,0,0,0
2020-05-01,Mono,051,14174,32,25,0,25,1
2020-05-01,Monterey,053,433212,284,222,0,222,5
2020-05-01,Napa,055,140530,85,69,0,69,2
2020-05-01,Nevada,057,99092,41,41,1,42,1
2020-05-01,Orange,059,3164182,4152,2660,30,2690,51
2020-05-01,Placer,061,380077,179,149,0,149,8
2020-05-01,Plumas,063,18699,4,4,0,4,0
2020-05-01,Riverside,065,2383286,5053,3893,16,3909,132
2020-05-01,Sacramento,067,1510023,1152,1081,0,1081,43
2020-05-01,San Benito,069,59416,54,49,0,49,2
2020-05-01,San Bernardino,071,2135413,2873,2084,2,2086,98
2020-05-01,San Diego,073,3302833,4778,3713,0,3713,134
2020-05-01,San Francisco,075,870044,1885,1552,0,1552,29
2020-05-01,San Joaquin,077,732212,609,554,3,557,25
2020-05-01,San Luis Obispo,079,281455,267,186,3,189,1
2020-05-01,San Mateo,081,765935,1488,1222,2,1224,52
2020-05-01,Santa Barbara,083,443738,554,499,2,501,7
2020-05-01,Santa Clara,085,1922200,2696,2176,8,2184,112
2020-05-01,Santa Cruz,087,273765,144,127,0,127,2
2020-05-01,Shasta,089,179085,40,31,0,31,4
2020-05-01,Sierra,091,2930,0,0,0,0,0
2020-05-01,Siskiyou,093,43540,5,5,0,5,0
2020-05-01,Solano,095,438530,347,266,0,266,4
2020-05-01,Sonoma,097,501317,298,242,0,242,3
2020-05-01,Stanislaus,099,539301,473,384,4,388,8
2020-05-01,Sutter,101,95872,31,28,0,28,2
2020-05-01,Tehama,103,63373,2,1,0,1,1
2020-05-01,Trinity,105,12862,1,0,0,0,0
2020-05-01,Tulare,107,460477,1195,685,6,691,32
2020-05-01,Tuolumne,109,53932,3,3,0,3,0
2020-05-01,Ventura,111,848112,749,556,1,557,18
2020-05-01,Yolo,113,214977,189,165,0,165,18
2020-05-01,Yuba,115,75493,19,16,0,16,1
2020-04-30,Alameda,001,1643700,1983,1599,2,1601,60
2020-04-30,Alpine,003,1148,1,1,0,1,0
2020-04-30,Amador,005,37829,8,8,0,8,0
2020-04-30,Butte,007,227075,29,16,2,18,0
2020-04-30,Calaveras,009,45235,13,13,0,13,0
2020-04-30,Colusa,011,21464,3,3,0,3,0
2020-04-30,Contra Costa,013,1133247,1021,900,0,900,25
2020-04-30,Del Norte,015,27424,4,3,0,3,0
2020-04-30,El Dorado,017,186661,64,44,0,44,0
2020-04-30,Fresno,019,978130,1164,562,11,573,7
2020-04-30,Glenn,021,27897,7,4,0,4,0
2020-04-30,Humboldt,023,135768,60,54,0,54,0
2020-04-30,Imperial,025,180216,578,322,0,322,6
2020-04-30,Inyo,027,18085,19,20,0,20,1
2020-04-30,Kern,029,883053,1250,941,1,942,8
2020-04-30,Kings,031,150075,259,87,0,87,1
2020-04-30,Lake,033,64148,9,6,0,6,0
2020-04-30,Lassen,035,31185,3,0,2,2,0
2020-04-30,Los Angeles,037,10098052,30516,23284,16,23300,1099
2020-04-30,Madera,039,155013,88,46,1,47,2
2020-04-30,Marin,041,260295,253,240,1,241,13
2020-04-30,Mariposa,043,17540,15,3,0,3,0
2020-04-30,Mendocino,045,87422,12,11,0,11,0
2020-04-30,Merced,047,269075,199,122,0,122,3
2020-04-30,Modoc,049,8938,0,0,0,0,0
2020-04-30,Mono,051,14174,31,25,0,25,1
2020-04-30,Monterey,053,433212,274,213,0,213,5
2020-04-30,Napa,055,140530,83,69,0,69,2
2020-04-30,Nevada,057,99092,41,41,1,42,1
2020-04-30,Orange,059,3164182,3930,2591,27,2618,46
2020-04-30,Placer,061,380077,178,148,0,148,8
2020-04-30,Plumas,063,18699,4,4,0,4,0
2020-04-30,Riverside,065,2383286,4953,3820,15,3835,124
2020-04-30,Sacramento,067,1510023,1146,1071,0,1071,43
2020-04-30,San Benito,069,59416,54,48,0,48,2
2020-04-30,San Bernardino,071,2135413,2671,2020,2,2022,96
2020-04-30,San Diego,073,3302833,4607,3566,0,3566,124
2020-04-30,San Francisco,075,870044,1851,1518,0,1518,26
2020-04-30,San Joaquin,077,732212,601,548,3,551,25
2020-04-30,San Luis Obispo,079,281455,264,182,3,185,1
2020-04-30,San Mateo,081,765935,1458,1194,2,1196,52
2020-04-30,Santa Barbara,083,443738,542,490,2,492,7
2020-04-30,Santa Clara,085,1922200,2656,2172,8,2180,111
2020-04-30,Santa Cruz,087,273765,143,126,0,126,2
2020-04-30,Shasta,089,179085,39,31,0,31,4
2020-04-30,Sierra,091,2930,0,0,0,0,0
2020-04-30,Siskiyou,093,43540,5,5,0,5,0
2020-04-30,Solano,095,438530,337,262,0,262,4
2020-04-30,Sonoma,097,501317,289,233,0,233,3
2020-04-30,Stanislaus,099,539301,466,378,4,382,7
2020-04-30,Sutter,101,95872,31,28,0,28,2
2020-04-30,Tehama,103,63373,1,1,0,1,1
2020-04-30,Trinity,105,12862,1,0,0,0,0
2020-04-30,Tulare,107,460477,1129,637,6,643,31
2020-04-30,Tuolumne,109,53932,3,3,0,3,0
2020-04-30,Ventura,111,848112,721,547,1,548,18
2020-04-30,Yolo,113,214977,188,164,0,164,16
2020-04-30,Yuba,115,75493,19,15,0,15,1
2020-04-29,Alameda,001,1643700,1925,1564,2,1566,60
2020-04-29,Alpine,003,1148,1,1,0,1,0
2020-04-29,Amador,005,37829,8,8,0,8,0
2020-04-29,Butte,007,227075,29,16,2,18,0
2020-04-29,Calaveras,009,45235,13,13,0,13,0
2020-04-29,Colusa,011,21464,3,3,0,3,0
2020-04-29,Contra Costa,013,1133247,1002,885,0,885,25
2020-04-29,Del Norte,015,27424,4,3,0,3,0
2020-04-29,El Dorado,017,186661,62,44,0,44,0
2020-04-29,Fresno,019,978130,1112,544,11,555,7
2020-04-29,Glenn,021,27897,7,4,0,4,0
2020-04-29,Humboldt,023,135768,60,53,0,53,0
2020-04-29,Imperial,025,180216,548,300,0,300,6
2020-04-29,Inyo,027,18085,19,20,0,20,1
2020-04-29,Kern,029,883053,1207,910,1,911,6
2020-04-29,Kings,031,150075,240,80,0,80,1
2020-04-29,Lake,033,64148,9,6,0,6,0
2020-04-29,Lassen,035,31185,3,0,2,2,0
2020-04-29,Los Angeles,037,10098052,29538,22560,15,22575,1043
2020-04-29,Madera,039,155013,86,45,1,46,2
2020-04-29,Marin,041,260295,250,234,1,235,13
2020-04-29,Mariposa,043,17540,15,1,0,1,0
2020-04-29,Mendocino,045,87422,12,11,0,11,0
2020-04-29,Merced,047,269075,192,116,0,116,3
2020-04-29,Modoc,049,8938,0,0,0,0,0
2020-04-29,Mono,051,14174,31,25,0,25,1
2020-04-29,Monterey,053,433212,266,204,0,204,5
2020-04-29,Napa,055,140530,81,68,0,68,2
2020-04-29,Nevada,057,99092,41,41,1,42,1
2020-04-29,Orange,059,3164182,3795,2421,26,2447,43
2020-04-29,Placer,061,380077,176,145,0,145,8
2020-04-29,Plumas,063,18699,4,4,0,4,0
2020-04-29,Riverside,065,2383286,4876,3700,15,3715,116
2020-04-29,Sacramento,067,1510023,1124,1055,0,1055,41
2020-04-29,San Benito,069,59416,54,48,0,48,2
2020-04-29,San Bernardino,071,2135413,2584,1975,1,1976,91
2020-04-29,San Diego,073,3302833,4465,3434,0,3434,120
2020-04-29,San Francisco,075,870044,1823,1489,0,1489,23
2020-04-29,San Joaquin,077,732212,593,540,3,543,25
2020-04-29,San Luis Obispo,079,281455,262,181,3,184,1
2020-04-29,San Mateo,081,765935,1432,1170,2,1172,50
2020-04-29,Santa Barbara,083,443738,529,477,2,479,7
2020-04-29,Santa Clara,085,1922200,2629,2147,8,2155,108
2020-04-29,Santa Cruz,087,273765,142,124,0,124,2
2020-04-29,Shasta,089,179085,38,31,0,31,4
2020-04-29,Sierra,091,2930,0,0,0,0,0
2020-04-29,Siskiyou,093,43540,5,5,0,5,0
2020-04-29,Solano,095,438530,313,252,0,252,3
2020-04-29,Sonoma,097,501317,281,230,0,230,2
2020-04-29,Stanislaus,099,539301,453,374,4,378,5
2020-04-29,Sutter,101,95872,31,28,0,28,2
2020-04-29,Tehama,103,63373,1,1,0,1,1
2020-04-29,Trinity,105,12862,1,0,0,0,0
2020-04-29,Tulare,107,460477,1056,615,5,620,30
2020-04-29,Tuolumne,109,53932,3,4,0,4,0
2020-04-29,Ventura,111,848112,697,530,1,531,18
2020-04-29,Yolo,113,214977,185,161,0,161,11
2020-04-29,Yuba,115,75493,19,15,0,15,1
2020-04-28,Alameda,001,1643700,1868,1525,2,1527,55
2020-04-28,Alpine,003,1148,1,1,0,1,0
2020-04-28,Amador,005,37829,8,8,0,8,0
2020-04-28,Butte,007,227075,29,16,2,18,0
2020-04-28,Calaveras,009,45235,13,13,0,13,0
2020-04-28,Colusa,011,21464,3,3,0,3,0
2020-04-28,Contra Costa,013,1133247,995,866,0,866,25
2020-04-28,Del Norte,015,27424,4,3,0,3,0
2020-04-28,El Dorado,017,186661,61,43,0,43,0
2020-04-28,Fresno,019,978130,1061,525,9,534,7
2020-04-28,Glenn,021,27897,5,4,0,4,0
2020-04-28,Humboldt,023,135768,59,53,0,53,0
2020-04-28,Imperial,025,180216,514,295,0,295,6
2020-04-28,Inyo,027,18085,19,20,0,20,1
2020-04-28,Kern,029,883053,1164,882,1,883,5
2020-04-28,Kings,031,150075,227,57,0,57,1
2020-04-28,Lake,033,64148,9,6,0,6,0
2020-04-28,Lassen,035,31185,3,0,2,2,0
2020-04-28,Los Angeles,037,10098052,28474,21029,15,21044,984
2020-04-28,Madera,039,155013,86,44,1,45,2
2020-04-28,Marin,041,260295,249,228,1,229,12
2020-04-28,Mariposa,043,17540,15,0,0,0,0
2020-04-28,Mendocino,045,87422,12,10,0,10,0
2020-04-28,Merced,047,269075,185,108,0,108,3
2020-04-28,Modoc,049,8938,0,0,0,0,0
2020-04-28,Mono,051,14174,31,25,0,25,1
2020-04-28,Monterey,053,433212,260,191,0,191,5
2020-04-28,Napa,055,140530,80,67,0,67,2
2020-04-28,Nevada,057,99092,41,41,1,42,1
2020-04-28,Orange,059,3164182,3632,2324,25,2349,42
2020-04-28,Placer,061,380077,166,143,0,143,8
2020-04-28,Plumas,063,18699,4,4,0,4,0
2020-04-28,Riverside,065,2383286,4781,3504,15,3519,113
2020-04-28,Sacramento,067,1510023,1109,1044,0,1044,41
2020-04-28,San Benito,069,59416,52,46,0,46,2
2020-04-28,San Bernardino,071,2135413,2507,1891,1,1892,89
2020-04-28,San Diego,073,3302833,4335,3316,0,3316,118
2020-04-28,San Francisco,075,870044,1788,1471,0,1471,23
2020-04-28,San Joaquin,077,732212,587,532,3,535,25
2020-04-28,San Luis Obispo,079,281455,255,172,3,175,1
2020-04-28,San Mateo,081,765935,1419,1129,2,1131,48
2020-04-28,Santa Barbara,083,443738,524,469,2,471,7
2020-04-28,Santa Clara,085,1922200,2595,2130,8,2138,106
2020-04-28,Santa Cruz,087,273765,142,123,0,123,2
2020-04-28,Shasta,089,179085,38,29,0,29,4
2020-04-28,Sierra,091,2930,0,0,0,0,0
2020-04-28,Siskiyou,093,43540,5,5,0,5,0
2020-04-28,Solano,095,438530,294,246,0,246,3
2020-04-28,Sonoma,097,501317,278,226,0,226,1
2020-04-28,Stanislaus,099,539301,437,330,4,334,5
2020-04-28,Sutter,101,95872,31,25,0,25,2
2020-04-28,Tehama,103,63373,1,1,0,1,1
2020-04-28,Trinity,105,12862,1,0,0,0,0
2020-04-28,Tulare,107,460477,960,579,5,584,30
2020-04-28,Tuolumne,109,53932,3,4,0,4,0
2020-04-28,Ventura,111,848112,677,517,1,518,17
2020-04-28,Yolo,113,214977,185,160,0,160,10
2020-04-28,Yuba,115,75493,19,15,0,15,1
2020-04-27,Alameda,001,1643700,1808,1494,2,1496,53
2020-04-27,Alpine,003,1148,1,1,0,1,0
2020-04-27,Amador,005,37829,8,8,0,8,0
2020-04-27,Butte,007,227075,28,16,2,18,0
2020-04-27,Calaveras,009,45235,13,13,0,13,0
2020-04-27,Colusa,011,21464,3,3,0,3,0
2020-04-27,Contra Costa,013,1133247,983,843,0,843,25
2020-04-27,Del Norte,015,27424,4,3,0,3,0
2020-04-27,El Dorado,017,186661,60,43,0,43,0
2020-04-27,Fresno,019,978130,958,504,8,512,7
2020-04-27,Glenn,021,27897,5,4,0,4,0
2020-04-27,Humboldt,023,135768,59,52,0,52,0
2020-04-27,Imperial,025,180216,484,290,0,290,6
2020-04-27,Inyo,027,18085,19,20,0,20,1
2020-04-27,Kern,029,883053,1125,865,1,866,4
2020-04-27,Kings,031,150075,204,48,0,48,1
2020-04-27,Lake,033,64148,8,6,0,6,0
2020-04-27,Lassen,035,31185,3,0,2,2,0
2020-04-27,Los Angeles,037,10098052,27454,20456,15,20471,931
2020-04-27,Madera,039,155013,84,42,1,43,2
2020-04-27,Marin,041,260295,244,227,1,228,12
2020-04-27,Mariposa,043,17540,14,0,0,0,0
2020-04-27,Mendocino,045,87422,12,10,0,10,0
2020-04-27,Merced,047,269075,182,108,0,108,3
2020-04-27,Modoc,049,8938,0,0,0,0,0
2020-04-27,Mono,051,14174,31,23,0,23,1
2020-04-27,Monterey,053,433212,253,185,0,185,4
2020-04-27,Napa,055,140530,77,64,0,64,2
2020-04-27,Nevada,057,99092,41,39,1,40,1
2020-04-27,Orange,059,3164182,3464,2198,25,2223,42
2020-04-27,Placer,061,380077,166,142,0,142,8
2020-04-27,Plumas,063,18699,4,4,0,4,0
2020-04-27,Riverside,065,2383286,4658,3381,15,3396,100
2020-04-27,Sacramento,067,1510023,1094,1035,0,1035,41
2020-04-27,San Benito,069,59416,50,45,0,45,2
2020-04-27,San Bernardino,071,2135413,2393,1742,1,1743,82
2020-04-27,San Diego,073,3302833,4209,3143,0,3143,113
2020-04-27,San Francisco,075,870044,1734,1453,0,1453,23
2020-04-27,San Joaquin,077,732212,581,522,3,525,25
2020-04-27,San Luis Obispo,079,281455,247,166,3,169,1
2020-04-27,San Mateo,081,765935,1397,1092,2,1094,46
2020-04-27,Santa Barbara,083,443738,516,466,2,468,7
2020-04-27,Santa Clara,085,1922200,2570,2104,7,2111,105
2020-04-27,Santa Cruz,087,273765,142,123,0,123,2
2020-04-27,Shasta,089,179085,38,29,0,29,4
2020-04-27,Sierra,091,2930,0,0,0,0,0
2020-04-27,Siskiyou,093,43540,5,5,0,5,0
2020-04-27,Solano,095,438530,294,222,0,222,3
2020-04-27,Sonoma,097,501317,269,220,0,220,1
2020-04-27,Stanislaus,099,539301,421,316,4,320,5
2020-04-27,Sutter,101,95872,29,26,0,26,2
2020-04-27,Tehama,103,63373,1,1,0,1,1
2020-04-27,Trinity,105,12862,1,0,0,0,0
2020-04-27,Tulare,107,460477,889,535,5,540,28
2020-04-27,Tuolumne,109,53932,3,3,0,3,0
2020-04-27,Ventura,111,848112,658,513,1,514,17
2020-04-27,Yolo,113,214977,182,160,0,160,9
2020-04-27,Yuba,115,75493,19,15,0,15,1
2020-04-26,Alameda,001,1643700,1747,1449,2,1451,52
2020-04-26,Alpine,003,1148,1,1,0,1,0
2020-04-26,Amador,005,37829,8,8,0,8,0
2020-04-26,Butte,007,227075,28,16,2,18,0
2020-04-26,Calaveras,009,45235,13,13,0,13,0
2020-04-26,Colusa,011,21464,3,3,0,3,0
2020-04-26,Contra Costa,013,1133247,967,830,0,830,25
2020-04-26,Del Norte,015,27424,3,3,0,3,0
2020-04-26,El Dorado,017,186661,58,41,0,41,0
2020-04-26,Fresno,019,978130,864,476,7,483,7
2020-04-26,Glenn,021,27897,5,4,0,4,0
2020-04-26,Humboldt,023,135768,59,53,0,53,0
2020-04-26,Imperial,025,180216,450,272,0,272,6
2020-04-26,Inyo,027,18085,19,20,0,20,1
2020-04-26,Kern,029,883053,1075,831,1,832,4
2020-04-26,Kings,031,150075,179,33,0,33,1
2020-04-26,Lake,033,64148,8,6,0,6,0
2020-04-26,Lassen,035,31185,3,0,2,2,0
2020-04-26,Los Angeles,037,10098052,26297,19570,15,19585,901
2020-04-26,Madera,039,155013,82,39,1,40,2
2020-04-26,Marin,041,260295,238,225,1,226,12
2020-04-26,Mariposa,043,17540,14,0,0,0,0
2020-04-26,Mendocino,045,87422,12,5,0,5,0
2020-04-26,Merced,047,269075,165,104,0,104,3
2020-04-26,Modoc,049,8938,0,0,0,0,0
2020-04-26,Mono,051,14174,31,23,0,23,1
2020-04-26,Monterey,053,433212,246,182,0,182,4
2020-04-26,Napa,055,140530,76,62,0,62,2
2020-04-26,Nevada,057,99092,41,37,1,38,1
2020-04-26,Orange,059,3164182,3300,2124,25,2149,40
2020-04-26,Placer,061,380077,165,141,0,141,8
2020-04-26,Plumas,063,18699,4,4,0,4,0
2020-04-26,Riverside,065,2383286,4515,3301,15,3316,95
2020-04-26,Sacramento,067,1510023,1085,1027,0,1027,41
2020-04-26,San Benito,069,59416,50,45,0,45,2
2020-04-26,San Bernardino,071,2135413,2297,1681,1,1682,82
2020-04-26,San Diego,073,3302833,4067,3045,0,3045,111
2020-04-26,San Francisco,075,870044,1695,1403,0,1403,23
2020-04-26,San Joaquin,077,732212,573,514,3,517,25
2020-04-26,San Luis Obispo,079,281455,244,165,3,168,1
2020-04-26,San Mateo,081,765935,1371,1070,2,1072,46
2020-04-26,Santa Barbara,083,443738,509,464,2,466,7
2020-04-26,Santa Clara,085,1922200,2547,2097,6,2103,102
2020-04-26,Santa Cruz,087,273765,142,116,0,116,2
2020-04-26,Shasta,089,179085,35,29,0,29,4
2020-04-26,Sierra,091,2930,0,0,0,0,0
2020-04-26,Siskiyou,093,43540,5,5,0,5,0
2020-04-26,Solano,095,438530,285,205,0,205,3
2020-04-26,Sonoma,097,501317,258,216,0,216,1
2020-04-26,Stanislaus,099,539301,406,294,4,298,4
2020-04-26,Sutter,101,95872,29,26,0,26,2
2020-04-26,Tehama,103,63373,1,1,0,1,1
2020-04-26,Trinity,105,12862,1,0,0,0,0
2020-04-26,Tulare,107,460477,830,497,5,502,28
2020-04-26,Tuolumne,109,53932,3,3,0,3,0
2020-04-26,Ventura,111,848112,640,509,1,510,17
2020-04-26,Yolo,113,214977,181,158,0,158,8
2020-04-26,Yuba,115,75493,18,15,0,15,1
2020-04-25,Alameda,001,1643700,1722,1396,2,1398,52
2020-04-25,Alpine,003,1148,1,1,0,1,0
2020-04-25,Amador,005,37829,8,8,0,8,0
2020-04-25,Butte,007,227075,27,16,2,18,0
2020-04-25,Calaveras,009,45235,13,12,0,12,0
2020-04-25,Colusa,011,21464,3,3,0,3,0
2020-04-25,Contra Costa,013,1133247,953,821,0,821,24
2020-04-25,Del Norte,015,27424,2,2,0,2,0
2020-04-25,El Dorado,017,186661,57,41,0,41,0
2020-04-25,Fresno,019,978130,832,459,6,465,7
2020-04-25,Glenn,021,27897,5,4,0,4,0
2020-04-25,Humboldt,023,135768,59,53,0,53,0
2020-04-25,Imperial,025,180216,433,232,0,232,6
2020-04-25,Inyo,027,18085,19,20,0,20,1
2020-04-25,Kern,029,883053,1044,802,1,803,4
2020-04-25,Kings,031,150075,167,33,0,33,1
2020-04-25,Lake,033,64148,6,6,0,6,0
2020-04-25,Lassen,035,31185,3,0,2,2,0
2020-04-25,Los Angeles,037,10098052,25664,19144,15,19159,881
2020-04-25,Madera,039,155013,79,39,1,40,2
2020-04-25,Marin,041,260295,238,215,1,216,12
2020-04-25,Mariposa,043,17540,14,0,0,0,0
2020-04-25,Mendocino,045,87422,11,5,0,5,0
2020-04-25,Merced,047,269075,165,103,0,103,3
2020-04-25,Modoc,049,8938,0,0,0,0,0
2020-04-25,Mono,051,14174,31,23,0,23,1
2020-04-25,Monterey,053,433212,244,173,0,173,4
2020-04-25,Napa,055,140530,76,60,0,60,2
2020-04-25,Nevada,057,99092,41,37,1,38,1
2020-04-25,Orange,059,3164182,3192,2047,25,2072,40
2020-04-25,Placer,061,380077,165,137,0,137,8
2020-04-25,Plumas,063,18699,4,4,0,4,0
2020-04-25,Riverside,065,2383286,4425,3037,15,3052,93
2020-04-25,Sacramento,067,1510023,1083,1015,0,1015,41
2020-04-25,San Benito,069,59416,50,45,0,45,2
2020-04-25,San Bernardino,071,2135413,2251,1675,1,1676,82
2020-04-25,San Diego,073,3302833,3966,2945,0,2945,111
2020-04-25,San Francisco,075,870044,1670,1341,0,1341,22
2020-04-25,San Joaquin,077,732212,566,497,3,500,24
2020-04-25,San Luis Obispo,079,281455,243,159,3,162,1
2020-04-25,San Mateo,081,765935,1353,1054,2,1056,46
2020-04-25,Santa Barbara,083,443738,502,457,2,459,7
2020-04-25,Santa Clara,085,1922200,2525,2045,5,2050,99
2020-04-25,Santa Cruz,087,273765,142,112,0,112,2
2020-04-25,Shasta,089,179085,35,29,0,29,4
2020-04-25,Sierra,091,2930,0,0,0,0,0
2020-04-25,Siskiyou,093,43540,5,5,0,5,0
2020-04-25,Solano,095,438530,281,203,0,203,3
2020-04-25,Sonoma,097,501317,254,199,0,199,1
2020-04-25,Stanislaus,099,539301,398,276,4,280,4
2020-04-25,Sutter,101,95872,29,24,0,24,2
2020-04-25,Tehama,103,63373,1,1,0,1,1
2020-04-25,Trinity,105,12862,0,0,0,0,0
2020-04-25,Tulare,107,460477,797,478,5,483,28
2020-04-25,Tuolumne,109,53932,3,2,0,2,0
2020-04-25,Ventura,111,848112,626,494,1,495,16
2020-04-25,Yolo,113,214977,181,157,0,157,8
2020-04-25,Yuba,115,75493,17,15,0,15,1
2020-04-24,Alameda,001,1643700,1691,1385,2,1387,50
2020-04-24,Alpine,003,1148,1,1,0,1,0
2020-04-24,Amador,005,37829,8,8,0,8,0
2020-04-24,Butte,007,227075,26,15,2,17,0
2020-04-24,Calaveras,009,45235,13,12,0,12,0
2020-04-24,Colusa,011,21464,3,3,0,3,0
2020-04-24,Contra Costa,013,1133247,944,806,0,806,23
2020-04-24,Del Norte,015,27424,2,2,0,2,0
2020-04-24,El Dorado,017,186661,56,41,0,41,0
2020-04-24,Fresno,019,978130,809,449,6,455,7
2020-04-24,Glenn,021,27897,5,4,0,4,0
2020-04-24,Humboldt,023,135768,59,53,0,53,0
2020-04-24,Imperial,025,180216,416,232,0,232,6
2020-04-24,Inyo,027,18085,19,20,0,20,0
2020-04-24,Kern,029,883053,1020,770,1,771,4
2020-04-24,Kings,031,150075,138,30,0,30,1
2020-04-24,Lake,033,64148,6,6,0,6,0
2020-04-24,Lassen,035,31185,3,0,2,2,0
2020-04-24,Los Angeles,037,10098052,24734,18553,15,18568,836
2020-04-24,Madera,039,155013,79,39,1,40,2
2020-04-24,Marin,041,260295,238,211,1,212,11
2020-04-24,Mariposa,043,17540,8,0,0,0,0
2020-04-24,Mendocino,045,87422,11,5,0,5,0
2020-04-24,Merced,047,269075,162,102,0,102,3
2020-04-24,Modoc,049,8938,0,0,0,0,0
2020-04-24,Mono,051,14174,30,23,0,23,1
2020-04-24,Monterey,053,433212,237,167,0,167,4
2020-04-24,Napa,055,140530,75,59,0,59,2
2020-04-24,Nevada,057,99092,41,36,1,37,1
2020-04-24,Orange,059,3164182,3085,1945,25,1970,39
2020-04-24,Placer,061,380077,163,137,0,137,8
2020-04-24,Plumas,063,18699,4,4,0,4,0
2020-04-24,Riverside,065,2383286,4344,3044,15,3059,87
2020-04-24,Sacramento,067,1510023,1077,1009,0,1009,41
2020-04-24,San Benito,069,59416,50,45,0,45,2
2020-04-24,San Bernardino,071,2135413,2216,1667,1,1668,80
2020-04-24,San Diego,073,3302833,3855,2828,0,2828,102
2020-04-24,San Francisco,075,870044,1612,1345,0,1345,22
2020-04-24,San Joaquin,077,732212,559,484,3,487,24
2020-04-24,San Luis Obispo,079,281455,240,151,3,154,1
2020-04-24,San Mateo,081,765935,1330,1004,2,1006,43
2020-04-24,Santa Barbara,083,443738,496,450,2,452,6
2020-04-24,Santa Clara,085,1922200,2483,2026,5,2031,98
2020-04-24,Santa Cruz,087,273765,138,111,0,111,2
2020-04-24,Shasta,089,179085,35,28,0,28,4
2020-04-24,Sierra,091,2930,0,0,0,0,0
2020-04-24,Siskiyou,093,43540,5,5,0,5,0
2020-04-24,Solano,095,438530,279,203,0,203,3
2020-04-24,Sonoma,097,501317,250,199,0,199,1
2020-04-24,Stanislaus,099,539301,395,273,4,277,4
2020-04-24,Sutter,101,95872,28,24,0,24,2
2020-04-24,Tehama,103,63373,1,1,0,1,1
2020-04-24,Trinity,105,12862,0,0,0,0,0
2020-04-24,Tulare,107,460477,769,459,5,464,27
2020-04-24,Tuolumne,109,53932,3,2,0,2,0
2020-04-24,Ventura,111,848112,616,489,1,490,16
2020-04-24,Yolo,113,214977,180,155,0,155,8
2020-04-24,Yuba,115,75493,16,15,0,15,1
2020-04-23,Alameda,001,1643700,1653,1336,2,1338,46
2020-04-23,Alpine,003,1148,1,1,0,1,0
2020-04-23,Amador,005,37829,8,8,0,8,0
2020-04-23,Butte,007,227075,26,15,2,17,0
2020-04-23,Calaveras,009,45235,13,12,0,12,0
2020-04-23,Colusa,011,21464,3,3,0,3,0
2020-04-23,Contra Costa,013,1133247,923,786,0,786,23
2020-04-23,Del Norte,015,27424,2,2,0,2,0
2020-04-23,El Dorado,017,186661,55,39,0,39,0
2020-04-23,Fresno,019,978130,771,426,6,432,7
2020-04-23,Glenn,021,27897,5,3,0,3,0
2020-04-23,Humboldt,023,135768,59,53,0,53,0
2020-04-23,Imperial,025,180216,395,181,0,181,4
2020-04-23,Inyo,027,18085,19,19,0,19,0
2020-04-23,Kern,029,883053,972,732,1,733,4
2020-04-23,Kings,031,150075,123,28,0,28,1
2020-04-23,Lake,033,64148,6,6,0,6,0
2020-04-23,Lassen,035,31185,3,0,2,2,0
2020-04-23,Los Angeles,037,10098052,23672,17548,14,17562,784
2020-04-23,Madera,039,155013,77,37,1,38,2
2020-04-23,Marin,041,260295,225,209,1,210,11
2020-04-23,Mariposa,043,17540,7,0,0,0,0
2020-04-23,Mendocino,045,87422,9,5,0,5,0
2020-04-23,Merced,047,269075,158,98,0,98,3
2020-04-23,Modoc,049,8938,0,0,0,0,0
2020-04-23,Mono,051,14174,30,23,0,23,1
2020-04-23,Monterey,053,433212,233,161,0,161,4
2020-04-23,Napa,055,140530,68,59,0,59,2
2020-04-23,Nevada,057,99092,41,36,1,37,1
2020-04-23,Orange,059,3164182,2906,1841,24,1865,37
2020-04-23,Placer,061,380077,160,136,0,136,8
2020-04-23,Plumas,063,18699,4,4,0,4,0
2020-04-23,Riverside,065,2383286,4230,2935,14,2949,78
2020-04-23,Sacramento,067,1510023,1065,978,0,978,41
2020-04-23,San Benito,069,59416,47,43,0,43,2
2020-04-23,San Bernardino,071,2135413,2151,1604,1,1605,79
2020-04-23,San Diego,073,3302833,3694,2645,0,2645,100
2020-04-23,San Francisco,075,870044,1587,1312,0,1312,21
2020-04-23,San Joaquin,077,732212,549,479,3,482,20
2020-04-23,San Luis Obispo,079,281455,236,146,3,149,1
2020-04-23,San Mateo,081,765935,1291,970,2,972,42
2020-04-23,Santa Barbara,083,443738,490,445,2,447,6
2020-04-23,Santa Clara,085,1922200,2448,1996,5,2001,95
2020-04-23,Santa Cruz,087,273765,137,110,0,110,2
2020-04-23,Shasta,089,179085,35,27,0,27,3
2020-04-23,Sierra,091,2930,0,0,0,0,0
2020-04-23,Siskiyou,093,43540,5,5,0,5,0
2020-04-23,Solano,095,438530,265,196,0,196,3
2020-04-23,Sonoma,097,501317,238,187,0,187,1
2020-04-23,Stanislaus,099,539301,391,254,4,258,4
2020-04-23,Sutter,101,95872,28,24,0,24,2
2020-04-23,Tehama,103,63373,1,1,0,1,1
2020-04-23,Trinity,105,12862,0,0,0,0,0
2020-04-23,Tulare,107,460477,740,440,5,445,25
2020-04-23,Tuolumne,109,53932,3,2,0,2,0
2020-04-23,Ventura,111,848112,602,479,1,480,16
2020-04-23,Yolo,113,214977,177,151,0,151,8
2020-04-23,Yuba,115,75493,16,15,0,15,1
2020-04-22,Alameda,001,1643700,1604,1275,2,1277,46
2020-04-22,Alpine,003,1148,1,1,0,1,0
2020-04-22,Amador,005,37829,8,7,0,7,0
2020-04-22,Butte,007,227075,25,15,2,17,0
2020-04-22,Calaveras,009,45235,13,12,0,12,0
2020-04-22,Colusa,011,21464,3,3,0,3,0
2020-04-22,Contra Costa,013,1133247,908,772,0,772,22
2020-04-22,Del Norte,015,27424,2,2,0,2,0
2020-04-22,El Dorado,017,186661,55,39,0,39,0
2020-04-22,Fresno,019,978130,731,388,6,394,7
2020-04-22,Glenn,021,27897,5,3,0,3,0
2020-04-22,Humboldt,023,135768,59,53,0,53,0
2020-04-22,Imperial,025,180216,384,170,0,170,3
2020-04-22,Inyo,027,18085,19,18,0,18,0
2020-04-22,Kern,029,883053,950,713,1,714,4
2020-04-22,Kings,031,150075,102,28,0,28,1
2020-04-22,Lake,033,64148,6,6,0,6,0
2020-04-22,Lassen,035,31185,3,0,2,2,0
2020-04-22,Los Angeles,037,10098052,22647,16400,14,16414,715
2020-04-22,Madera,039,155013,75,37,1,38,2
2020-04-22,Marin,041,260295,223,202,1,203,11
2020-04-22,Mariposa,043,17540,6,0,0,0,0
2020-04-22,Mendocino,045,87422,6,5,0,5,0
2020-04-22,Merced,047,269075,146,92,0,92,3
2020-04-22,Modoc,049,8938,0,0,0,0,0
2020-04-22,Mono,051,14174,29,23,0,23,1
2020-04-22,Monterey,053,433212,226,154,0,154,4
2020-04-22,Napa,055,140530,67,58,0,58,2
2020-04-22,Nevada,057,99092,41,36,1,37,1
2020-04-22,Orange,059,3164182,2812,1785,23,1808,36
2020-04-22,Placer,061,380077,158,133,0,133,8
2020-04-22,Plumas,063,18699,4,4,0,4,0
2020-04-22,Riverside,065,2383286,4126,2822,14,2836,76
2020-04-22,Sacramento,067,1510023,1060,959,0,959,36
2020-04-22,San Benito,069,59416,46,43,0,43,2
2020-04-22,San Bernardino,071,2135413,2088,1564,1,1565,74
2020-04-22,San Diego,073,3302833,3566,2493,0,2493,96
2020-04-22,San Francisco,075,870044,1550,1255,0,1255,21
2020-04-22,San Joaquin,077,732212,538,462,3,465,20
2020-04-22,San Luis Obispo,079,281455,227,142,3,145,1
2020-04-22,San Mateo,081,765935,1268,945,2,947,40
2020-04-22,Santa Barbara,083,443738,485,437,2,439,6
2020-04-22,Santa Clara,085,1922200,2432,1969,5,1974,95
2020-04-22,Santa Cruz,087,273765,133,106,0,106,2
2020-04-22,Shasta,089,179085,34,26,0,26,3
2020-04-22,Sierra,091,2930,0,0,0,0,0
2020-04-22,Siskiyou,093,43540,5,5,0,5,0
2020-04-22,Solano,095,438530,247,195,0,195,3
2020-04-22,Sonoma,097,501317,235,185,0,185,1
2020-04-22,Stanislaus,099,539301,334,247,4,251,4
2020-04-22,Sutter,101,95872,28,22,0,22,2
2020-04-22,Tehama,103,63373,1,1,0,1,1
2020-04-22,Trinity,105,12862,0,0,0,0,0
2020-04-22,Tulare,107,460477,706,425,5,430,23
2020-04-22,Tuolumne,109,53932,3,2,0,2,0
2020-04-22,Ventura,111,848112,591,465,1,466,15
2020-04-22,Yolo,113,214977,176,147,0,147,8
2020-04-22,Yuba,115,75493,16,15,0,15,1
2020-04-21,Alameda,001,1643700,1574,1234,2,1236,46
2020-04-21,Alpine,003,1148,1,1,0,1,0
2020-04-21,Amador,005,37829,8,7,0,7,0
2020-04-21,Butte,007,227075,24,15,2,17,0
2020-04-21,Calaveras,009,45235,12,12,0,12,0
2020-04-21,Colusa,011,21464,3,3,0,3,0
2020-04-21,Contra Costa,013,1133247,894,766,0,766,22
2020-04-21,Del Norte,015,27424,2,2,0,2,0
2020-04-21,El Dorado,017,186661,54,36,0,36,0
2020-04-21,Fresno,019,978130,697,372,6,378,7
2020-04-21,Glenn,021,27897,5,3,0,3,0
2020-04-21,Humboldt,023,135768,58,53,0,53,0
2020-04-21,Imperial,025,180216,364,165,0,165,2
2020-04-21,Inyo,027,18085,19,18,0,18,0
2020-04-21,Kern,029,883053,908,676,1,677,4
2020-04-21,Kings,031,150075,88,28,0,28,1
2020-04-21,Lake,033,64148,6,6,0,6,0
2020-04-21,Lassen,035,31185,3,0,2,2,0
2020-04-21,Los Angeles,037,10098052,21785,15096,14,15110,650
2020-04-21,Madera,039,155013,75,37,1,38,2
2020-04-21,Marin,041,260295,217,202,1,203,10
2020-04-21,Mariposa,043,17540,5,0,0,0,0
2020-04-21,Mendocino,045,87422,6,5,0,5,0
2020-04-21,Merced,047,269075,142,89,0,89,3
2020-04-21,Modoc,049,8938,0,0,0,0,0
2020-04-21,Mono,051,14174,29,23,0,23,1
2020-04-21,Monterey,053,433212,223,151,0,151,4
2020-04-21,Napa,055,140530,66,58,0,58,2
2020-04-21,Nevada,057,99092,41,36,1,37,1
2020-04-21,Orange,059,3164182,2689,1717,22,1739,36
2020-04-21,Placer,061,380077,156,133,0,133,8
2020-04-21,Plumas,063,18699,4,4,0,4,0
2020-04-21,Riverside,065,2383286,3994,2631,14,2645,68
2020-04-21,Sacramento,067,1510023,1050,941,0,941,33
2020-04-21,San Benito,069,59416,44,43,0,43,2
2020-04-21,San Bernardino,071,2135413,2028,1499,1,1500,71
2020-04-21,San Diego,073,3302833,3410,2436,0,2436,87
2020-04-21,San Francisco,075,870044,1520,1232,0,1232,20
2020-04-21,San Joaquin,077,732212,528,447,3,450,20
2020-04-21,San Luis Obispo,079,281455,219,134,3,137,1
2020-04-21,San Mateo,081,765935,1222,933,2,935,34
2020-04-21,Santa Barbara,083,443738,476,414,2,416,5
2020-04-21,Santa Clara,085,1922200,2382,1943,5,1948,91
2020-04-21,Santa Cruz,087,273765,131,104,0,104,2
2020-04-21,Shasta,089,179085,33,26,0,26,3
2020-04-21,Sierra,091,2930,0,0,0,0,0
2020-04-21,Siskiyou,093,43540,5,5,0,5,0
2020-04-21,Solano,095,438530,239,193,0,193,3
2020-04-21,Sonoma,097,501317,225,182,0,182,1
2020-04-21,Stanislaus,099,539301,315,235,4,239,4
2020-04-21,Sutter,101,95872,28,22,0,22,2
2020-04-21,Tehama,103,63373,1,1,0,1,1
2020-04-21,Trinity,105,12862,0,0,0,0,0
2020-04-21,Tulare,107,460477,669,410,5,415,23
2020-04-21,Tuolumne,109,53932,3,2,0,2,0
2020-04-21,Ventura,111,848112,579,455,1,456,14
2020-04-21,Yolo,113,214977,174,143,0,143,8
2020-04-21,Yuba,115,75493,16,15,0,15,1
2020-04-20,Alameda,001,1643700,1541,1181,2,1183,42
2020-04-20,Alpine,003,1148,1,1,0,1,0
2020-04-20,Amador,005,37829,8,7,0,7,0
2020-04-20,Butte,007,227075,24,15,2,17,0
2020-04-20,Calaveras,009,45235,12,12,0,12,0
2020-04-20,Colusa,011,21464,3,3,0,3,0
2020-04-20,Contra Costa,013,1133247,884,753,0,753,22
2020-04-20,Del Norte,015,27424,2,2,0,2,0
2020-04-20,El Dorado,017,186661,54,36,0,36,0
2020-04-20,Fresno,019,978130,679,356,6,362,7
2020-04-20,Glenn,021,27897,4,3,0,3,0
2020-04-20,Humboldt,023,135768,58,53,0,53,0
2020-04-20,Imperial,025,180216,345,149,0,149,2
2020-04-20,Inyo,027,18085,19,17,0,17,0
2020-04-20,Kern,029,883053,876,651,1,652,3
2020-04-20,Kings,031,150075,77,19,0,19,1
2020-04-20,Lake,033,64148,6,6,0,6,0
2020-04-20,Lassen,035,31185,3,0,2,2,0
2020-04-20,Los Angeles,037,10098052,20872,13787,14,13801,608
2020-04-20,Madera,039,155013,74,35,1,36,2
2020-04-20,Marin,041,260295,213,200,1,201,10
2020-04-20,Mariposa,043,17540,5,0,0,0,0
2020-04-20,Mendocino,045,87422,6,5,0,5,0
2020-04-20,Merced,047,269075,135,88,0,88,3
2020-04-20,Modoc,049,8938,0,0,0,0,0
2020-04-20,Mono,051,14174,29,23,0,23,1
2020-04-20,Monterey,053,433212,214,147,0,147,4
2020-04-20,Napa,055,140530,66,55,0,55,2
2020-04-20,Nevada,057,99092,41,34,1,35,1
2020-04-20,Orange,059,3164182,2605,1679,22,1701,33
2020-04-20,Placer,061,380077,155,132,0,132,8
2020-04-20,Plumas,063,18699,4,4,0,4,0
2020-04-20,Riverside,065,2383286,3869,2477,14,2491,61
2020-04-20,Sacramento,067,1510023,1040,924,0,924,32
2020-04-20,San Benito,069,59416,44,43,0,43,2
2020-04-20,San Bernardino,071,2135413,1941,1344,1,1345,63
2020-04-20,San Diego,073,3302833,3268,2327,0,2327,72
2020-04-20,San Francisco,075,870044,1488,1223,0,1223,19
2020-04-20,San Joaquin,077,732212,524,422,3,425,17
2020-04-20,San Luis Obispo,079,281455,205,132,3,135,1
2020-04-20,San Mateo,081,765935,1199,890,2,892,31
2020-04-20,Santa Barbara,083,443738,469,388,2,390,4
2020-04-20,Santa Clara,085,1922200,2351,1920,5,1925,84
2020-04-20,Santa Cruz,087,273765,129,102,0,102,2
2020-04-20,Shasta,089,179085,33,26,0,26,3
2020-04-20,Sierra,091,2930,0,0,0,0,0
2020-04-20,Siskiyou,093,43540,5,5,0,5,0
2020-04-20,Solano,095,438530,236,185,0,185,2
2020-04-20,Sonoma,097,501317,217,178,0,178,1
2020-04-20,Stanislaus,099,539301,301,228,4,232,3
2020-04-20,Sutter,101,95872,27,22,0,22,2
2020-04-20,Tehama,103,63373,1,1,0,1,1
2020-04-20,Trinity,105,12862,0,0,0,0,0
2020-04-20,Tulare,107,460477,659,401,5,406,20
2020-04-20,Tuolumne,109,53932,3,2,0,2,0
2020-04-20,Ventura,111,848112,565,426,1,427,13
2020-04-20,Yolo,113,214977,173,125,0,125,5
2020-04-20,Yuba,115,75493,16,15,0,15,1
2020-04-19,Alameda,001,1643700,1491,1134,2,1136,41
2020-04-19,Alpine,003,1148,1,1,0,1,0
2020-04-19,Amador,005,37829,7,7,0,7,0
2020-04-19,Butte,007,227075,23,15,2,17,0
2020-04-19,Calaveras,009,45235,12,12,0,12,0
2020-04-19,Colusa,011,21464,3,3,0,3,0
2020-04-19,Contra Costa,013,1133247,868,731,0,731,20
2020-04-19,Del Norte,015,27424,2,2,0,2,0
2020-04-19,El Dorado,017,186661,54,36,0,36,0
2020-04-19,Fresno,019,978130,643,326,6,332,7
2020-04-19,Glenn,021,27897,4,3,0,3,0
2020-04-19,Humboldt,023,135768,58,53,0,53,0
2020-04-19,Imperial,025,180216,318,144,0,144,2
2020-04-19,Inyo,027,18085,19,17,0,17,0
2020-04-19,Kern,029,883053,851,629,1,630,3
2020-04-19,Kings,031,150075,67,17,0,17,1
2020-04-19,Lake,033,64148,6,6,0,6,0
2020-04-19,Lassen,035,31185,3,0,2,2,0
2020-04-19,Los Angeles,037,10098052,19866,12299,14,12313,589
2020-04-19,Madera,039,155013,72,34,1,35,2
2020-04-19,Marin,041,260295,212,194,1,195,10
2020-04-19,Mariposa,043,17540,2,0,0,0,0
2020-04-19,Mendocino,045,87422,6,4,0,4,0
2020-04-19,Merced,047,269075,130,85,0,85,3
2020-04-19,Modoc,049,8938,0,0,0,0,0
2020-04-19,Mono,051,14174,29,23,0,23,1
2020-04-19,Monterey,053,433212,205,140,0,140,4
2020-04-19,Napa,055,140530,64,49,0,49,2
2020-04-19,Nevada,057,99092,40,34,1,35,1
2020-04-19,Orange,059,3164182,2508,1591,21,1612,32
2020-04-19,Placer,061,380077,154,131,0,131,8
2020-04-19,Plumas,063,18699,4,4,0,4,0
2020-04-19,Riverside,065,2383286,3726,2316,14,2330,56
2020-04-19,Sacramento,067,1510023,1013,912,0,912,32
2020-04-19,San Benito,069,59416,42,40,0,40,2
2020-04-19,San Bernardino,071,2135413,1878,1262,1,1263,58
2020-04-19,San Diego,073,3302833,3101,2270,0,2270,71
2020-04-19,San Francisco,075,870044,1455,1153,0,1153,19
2020-04-19,San Joaquin,077,732212,506,404,3,407,17
2020-04-19,San Luis Obispo,079,281455,200,132,3,135,1
2020-04-19,San Mateo,081,765935,1163,845,2,847,31
2020-04-19,Santa Barbara,083,443738,462,377,2,379,3
2020-04-19,Santa Clara,085,1922200,2306,1878,5,1883,81
2020-04-19,Santa Cruz,087,273765,126,98,0,98,2
2020-04-19,Shasta,089,179085,31,26,0,26,3
2020-04-19,Sierra,091,2930,0,0,0,0,0
2020-04-19,Siskiyou,093,43540,5,5,0,5,0
2020-04-19,Solano,095,438530,228,174,0,174,2
2020-04-19,Sonoma,097,501317,211,172,0,172,1
2020-04-19,Stanislaus,099,539301,293,221,4,225,3
2020-04-19,Sutter,101,95872,26,21,0,21,2
2020-04-19,Tehama,103,63373,1,1,0,1,1
2020-04-19,Trinity,105,12862,0,0,0,0,0
2020-04-19,Tulare,107,460477,613,391,5,396,17
2020-04-19,Tuolumne,109,53932,3,2,0,2,0
2020-04-19,Ventura,111,848112,557,418,1,419,13
2020-04-19,Yolo,113,214977,173,120,0,120,5
2020-04-19,Yuba,115,75493,16,15,0,15,1
2020-04-18,Alameda,001,1643700,1466,1085,2,1087,40
2020-04-18,Alpine,003,1148,1,1,0,1,0
2020-04-18,Amador,005,37829,7,7,0,7,0
2020-04-18,Butte,007,227075,22,15,2,17,0
2020-04-18,Calaveras,009,45235,12,12,0,12,0
2020-04-18,Colusa,011,21464,3,3,0,3,0
2020-04-18,Contra Costa,013,1133247,856,721,0,721,17
2020-04-18,Del Norte,015,27424,2,2,0,2,0
2020-04-18,El Dorado,017,186661,54,36,0,36,0
2020-04-18,Fresno,019,978130,622,319,6,325,7
2020-04-18,Glenn,021,27897,4,3,0,3,0
2020-04-18,Humboldt,023,135768,58,52,0,52,0
2020-04-18,Imperial,025,180216,309,137,0,137,2
2020-04-18,Inyo,027,18085,19,17,0,17,0
2020-04-18,Kern,029,883053,829,626,1,627,3
2020-04-18,Kings,031,150075,66,17,0,17,1
2020-04-18,Lake,033,64148,6,6,0,6,0
2020-04-18,Lassen,035,31185,3,0,2,2,0
2020-04-18,Los Angeles,037,10098052,19337,11984,14,11998,566
2020-04-18,Madera,039,155013,71,34,1,35,2
2020-04-18,Marin,041,260295,210,193,1,194,10
2020-04-18,Mariposa,043,17540,2,0,0,0,0
2020-04-18,Mendocino,045,87422,6,4,0,4,0
2020-04-18,Merced,047,269075,128,82,0,82,3
2020-04-18,Modoc,049,8938,0,0,0,0,0
2020-04-18,Mono,051,14174,29,22,0,22,1
2020-04-18,Monterey,053,433212,201,135,0,135,3
2020-04-18,Napa,055,140530,64,49,0,49,2
2020-04-18,Nevada,057,99092,39,34,1,35,1
2020-04-18,Orange,059,3164182,2444,1569,20,1589,32
2020-04-18,Placer,061,380077,152,130,0,130,8
2020-04-18,Plumas,063,18699,4,4,0,4,0
2020-04-18,Riverside,065,2383286,3651,2257,14,2271,56
2020-04-18,Sacramento,067,1510023,1001,901,0,901,32
2020-04-18,San Benito,069,59416,42,40,0,40,2
2020-04-18,San Bernardino,071,2135413,1833,1255,1,1256,58
2020-04-18,San Diego,073,3302833,2999,2215,0,2215,71
2020-04-18,San Francisco,075,870044,1416,1144,0,1144,19
2020-04-18,San Joaquin,077,732212,497,392,3,395,17
2020-04-18,San Luis Obispo,079,281455,196,129,3,132,1
2020-04-18,San Mateo,081,765935,1141,821,2,823,31
2020-04-18,Santa Barbara,083,443738,456,372,2,374,3
2020-04-18,Santa Clara,085,1922200,2273,1862,5,1867,79
2020-04-18,Santa Cruz,087,273765,124,96,0,96,2
2020-04-18,Shasta,089,179085,31,26,0,26,3
2020-04-18,Sierra,091,2930,0,0,0,0,0
2020-04-18,Siskiyou,093,43540,5,5,0,5,0
2020-04-18,Solano,095,438530,225,175,0,175,2
2020-04-18,Sonoma,097,501317,207,168,0,168,1
2020-04-18,Stanislaus,099,539301,285,216,4,220,3
2020-04-18,Sutter,101,95872,26,21,0,21,2
2020-04-18,Tehama,103,63373,1,1,0,1,1
2020-04-18,Trinity,105,12862,0,0,0,0,0
2020-04-18,Tulare,107,460477,602,385,5,390,17
2020-04-18,Tuolumne,109,53932,3,2,0,2,0
2020-04-18,Ventura,111,848112,549,416,1,417,13
2020-04-18,Yolo,113,214977,171,118,0,118,5
2020-04-18,Yuba,115,75493,16,14,0,14,1
2020-04-17,Alameda,001,1643700,1411,1043,1,1044,40
2020-04-17,Alpine,003,1148,1,1,0,1,0
2020-04-17,Amador,005,37829,7,7,0,7,0
2020-04-17,Butte,007,227075,22,15,2,17,0
2020-04-17,Calaveras,009,45235,12,11,0,11,0
2020-04-17,Colusa,011,21464,3,3,0,3,0
2020-04-17,Contra Costa,013,1133247,845,687,0,687,15
2020-04-17,Del Norte,015,27424,2,2,0,2,0
2020-04-17,El Dorado,017,186661,54,35,0,35,0
2020-04-17,Fresno,019,978130,600,315,6,321,7
2020-04-17,Glenn,021,27897,4,3,0,3,0
2020-04-17,Humboldt,023,135768,57,52,0,52,0
2020-04-17,Imperial,025,180216,300,135,0,135,2
2020-04-17,Inyo,027,18085,19,17,0,17,0
2020-04-17,Kern,029,883053,809,612,1,613,3
2020-04-17,Kings,031,150075,64,15,0,15,1
2020-04-17,Lake,033,64148,6,6,0,6,0
2020-04-17,Lassen,035,31185,3,0,2,2,0
2020-04-17,Los Angeles,037,10098052,18698,11354,14,11368,489
2020-04-17,Madera,039,155013,71,34,1,35,2
2020-04-17,Marin,041,260295,207,189,1,190,10
2020-04-17,Mariposa,043,17540,1,0,0,0,0
2020-04-17,Mendocino,045,87422,6,4,0,4,0
2020-04-17,Merced,047,269075,127,80,0,80,3
2020-04-17,Modoc,049,8938,0,0,0,0,0
2020-04-17,Mono,051,14174,29,22,0,22,1
2020-04-17,Monterey,053,433212,196,119,0,119,3
2020-04-17,Napa,055,140530,62,46,0,46,2
2020-04-17,Nevada,057,99092,38,34,1,35,1
2020-04-17,Orange,059,3164182,2393,1496,20,1516,31
2020-04-17,Placer,061,380077,152,130,0,130,8
2020-04-17,Plumas,063,18699,4,4,0,4,0
2020-04-17,Riverside,065,2383286,3524,2080,14,2094,50
2020-04-17,Sacramento,067,1510023,994,882,0,882,32
2020-04-17,San Benito,069,59416,42,38,0,38,2
2020-04-17,San Bernardino,071,2135413,1794,1229,1,1230,57
2020-04-17,San Diego,073,3302833,2909,2160,0,2160,70
2020-04-17,San Francisco,075,870044,1391,1090,0,1090,19
2020-04-17,San Joaquin,077,732212,486,356,3,359,17
2020-04-17,San Luis Obispo,079,281455,189,116,3,119,1
2020-04-17,San Mateo,081,765935,1125,768,2,770,31
2020-04-17,Santa Barbara,083,443738,451,349,2,351,3
2020-04-17,Santa Clara,085,1922200,2237,1834,5,1839,74
2020-04-17,Santa Cruz,087,273765,123,94,0,94,2
2020-04-17,Shasta,089,179085,31,26,0,26,3
2020-04-17,Sierra,091,2930,0,0,0,0,0
2020-04-17,Siskiyou,093,43540,5,5,0,5,0
2020-04-17,Solano,095,438530,224,173,0,173,2
2020-04-17,Sonoma,097,501317,204,167,0,167,1
2020-04-17,Stanislaus,099,539301,283,201,4,205,3
2020-04-17,Sutter,101,95872,26,20,0,20,2
2020-04-17,Tehama,103,63373,1,1,0,1,1
2020-04-17,Trinity,105,12862,0,0,0,0,0
2020-04-17,Tulare,107,460477,595,370,5,375,17
2020-04-17,Tuolumne,109,53932,3,2,0,2,0
2020-04-17,Ventura,111,848112,544,398,1,399,13
2020-04-17,Yolo,113,214977,170,117,0,117,5
2020-04-17,Yuba,115,75493,16,14,0,14,1
2020-04-16,Alameda,001,1643700,1378,981,1,982,39
2020-04-16,Alpine,003,1148,1,1,0,1,0
2020-04-16,Amador,005,37829,7,7,0,7,0
2020-04-16,Butte,007,227075,21,15,2,17,0
2020-04-16,Calaveras,009,45235,12,10,0,10,0
2020-04-16,Colusa,011,21464,3,3,0,3,0
2020-04-16,Contra Costa,013,1133247,831,675,0,675,14
2020-04-16,Del Norte,015,27424,2,2,0,2,0
2020-04-16,El Dorado,017,186661,53,34,0,34,0
2020-04-16,Fresno,019,978130,570,289,6,295,7
2020-04-16,Glenn,021,27897,4,3,0,3,0
2020-04-16,Humboldt,023,135768,57,47,0,47,0
2020-04-16,Imperial,025,180216,285,132,0,132,2
2020-04-16,Inyo,027,18085,17,17,0,17,0
2020-04-16,Kern,029,883053,782,587,1,588,3
2020-04-16,Kings,031,150075,60,12,0,12,1
2020-04-16,Lake,033,64148,6,6,0,6,0
2020-04-16,Lassen,035,31185,3,0,2,2,0
2020-04-16,Los Angeles,037,10098052,17806,10786,14,10800,447
2020-04-16,Madera,039,155013,69,34,1,35,2
2020-04-16,Marin,041,260295,203,170,1,171,10
2020-04-16,Mariposa,043,17540,1,1,0,1,0
2020-04-16,Mendocino,045,87422,6,4,0,4,0
2020-04-16,Merced,047,269075,121,76,0,76,3
2020-04-16,Modoc,049,8938,0,0,0,0,0
2020-04-16,Mono,051,14174,29,22,0,22,1
2020-04-16,Monterey,053,433212,193,116,0,116,3
2020-04-16,Napa,055,140530,59,44,0,44,2
2020-04-16,Nevada,057,99092,38,34,1,35,1
2020-04-16,Orange,059,3164182,2328,1439,19,1458,28
2020-04-16,Placer,061,380077,150,129,0,129,7
2020-04-16,Plumas,063,18699,4,4,0,4,0
2020-04-16,Riverside,065,2383286,3404,1913,14,1927,45
2020-04-16,Sacramento,067,1510023,986,865,0,865,32
2020-04-16,San Benito,069,59416,42,36,0,36,2
2020-04-16,San Bernardino,071,2135413,1713,1143,0,1143,54
2020-04-16,San Diego,073,3302833,2801,2089,0,2089,63
2020-04-16,San Francisco,075,870044,1347,1039,0,1039,16
2020-04-16,San Joaquin,077,732212,471,345,3,348,17
2020-04-16,San Luis Obispo,079,281455,185,113,3,116,1
2020-04-16,San Mateo,081,765935,1096,745,2,747,29
2020-04-16,Santa Barbara,083,443738,440,331,2,333,3
2020-04-16,Santa Clara,085,1922200,2200,1789,5,1794,70
2020-04-16,Santa Cruz,087,273765,121,90,0,90,2
2020-04-16,Shasta,089,179085,31,25,0,25,3
2020-04-16,Sierra,091,2930,0,0,0,0,0
2020-04-16,Siskiyou,093,43540,5,5,0,5,0
2020-04-16,Solano,095,438530,221,162,0,162,2
2020-04-16,Sonoma,097,501317,199,145,0,145,1
2020-04-16,Stanislaus,099,539301,280,185,4,189,3
2020-04-16,Sutter,101,95872,25,21,0,21,2
2020-04-16,Tehama,103,63373,1,1,0,1,1
2020-04-16,Trinity,105,12862,0,0,0,0,0
2020-04-16,Tulare,107,460477,578,305,5,310,16
2020-04-16,Tuolumne,109,53932,3,1,0,1,0
2020-04-16,Ventura,111,848112,532,384,1,385,13
2020-04-16,Yolo,113,214977,168,98,0,98,4
2020-04-16,Yuba,115,75493,15,14,0,14,1
2020-04-15,Alameda,001,1643700,1328,915,1,916,38
2020-04-15,Alpine,003,1148,1,1,0,1,0
2020-04-15,Amador,005,37829,7,7,0,7,0
2020-04-15,Butte,007,227075,21,14,2,16,0
2020-04-15,Calaveras,009,45235,11,9,0,9,0
2020-04-15,Colusa,011,21464,3,3,0,3,0
2020-04-15,Contra Costa,013,1133247,809,645,0,645,14
2020-04-15,Del Norte,015,27424,2,2,0,2,0
2020-04-15,El Dorado,017,186661,51,33,0,33,0
2020-04-15,Fresno,019,978130,544,264,6,270,7
2020-04-15,Glenn,021,27897,4,3,0,3,0
2020-04-15,Humboldt,023,135768,57,47,0,47,0
2020-04-15,Imperial,025,180216,259,115,0,115,2
2020-04-15,Inyo,027,18085,17,12,0,12,0
2020-04-15,Kern,029,883053,760,500,1,501,3
2020-04-15,Kings,031,150075,56,12,0,12,1
2020-04-15,Lake,033,64148,6,4,0,4,0
2020-04-15,Lassen,035,31185,3,0,2,2,0
2020-04-15,Los Angeles,037,10098052,16983,10416,14,10430,394
2020-04-15,Madera,039,155013,69,30,1,31,2
2020-04-15,Marin,041,260295,200,162,1,163,10
2020-04-15,Mariposa,043,17540,0,0,0,0,0
2020-04-15,Mendocino,045,87422,5,4,0,4,0
2020-04-15,Merced,047,269075,119,74,0,74,3
2020-04-15,Modoc,049,8938,0,0,0,0,0
2020-04-15,Mono,051,14174,29,22,0,22,1
2020-04-15,Monterey,053,433212,185,106,0,106,3
2020-04-15,Napa,055,140530,56,34,0,34,2
2020-04-15,Nevada,057,99092,37,34,1,35,1
2020-04-15,Orange,059,3164182,2225,1377,19,1396,24
2020-04-15,Placer,061,380077,149,123,0,123,6
2020-04-15,Plumas,063,18699,4,4,0,4,0
2020-04-15,Riverside,065,2383286,3209,1723,14,1737,42
2020-04-15,Sacramento,067,1510023,977,839,0,839,32
2020-04-15,San Benito,069,59416,42,34,0,34,2
2020-04-15,San Bernardino,071,2135413,1643,1063,0,1063,45
2020-04-15,San Diego,073,3302833,2713,2014,0,2014,60
2020-04-15,San Francisco,075,870044,1311,1006,0,1006,16
2020-04-15,San Joaquin,077,732212,463,329,3,332,17
2020-04-15,San Luis Obispo,079,281455,177,112,3,115,1
2020-04-15,San Mateo,081,765935,1047,707,2,709,28
2020-04-15,Santa Barbara,083,443738,424,317,2,319,2
2020-04-15,Santa Clara,085,1922200,2161,1692,5,1697,69
2020-04-15,Santa Cruz,087,273765,117,92,0,92,2
2020-04-15,Shasta,089,179085,31,25,0,25,3
2020-04-15,Sierra,091,2930,0,0,0,0,0
2020-04-15,Siskiyou,093,43540,5,5,0,5,0
2020-04-15,Solano,095,438530,216,153,0,153,2
2020-04-15,Sonoma,097,501317,197,140,0,140,1
2020-04-15,Stanislaus,099,539301,273,174,4,178,3
2020-04-15,Sutter,101,95872,25,19,0,19,2
2020-04-15,Tehama,103,63373,1,1,0,1,1
2020-04-15,Trinity,105,12862,0,0,0,0,0
2020-04-15,Tulare,107,460477,560,289,5,294,14
2020-04-15,Tuolumne,109,53932,3,1,0,1,0
2020-04-15,Ventura,111,848112,517,365,1,366,13
2020-04-15,Yolo,113,214977,161,93,0,93,3
2020-04-15,Yuba,115,75493,15,15,0,15,1
2020-04-14,Alameda,001,1643700,1283,843,1,844,30
2020-04-14,Alpine,003,1148,1,1,0,1,0
2020-04-14,Amador,005,37829,7,6,0,6,0
2020-04-14,Butte,007,227075,21,13,2,15,0
2020-04-14,Calaveras,009,45235,11,5,0,5,0
2020-04-14,Colusa,011,21464,3,3,0,3,0
2020-04-14,Contra Costa,013,1133247,797,617,0,617,12
2020-04-14,Del Norte,015,27424,2,2,0,2,0
2020-04-14,El Dorado,017,186661,51,30,0,30,0
2020-04-14,Fresno,019,978130,521,244,6,250,6
2020-04-14,Glenn,021,27897,4,3,0,3,0
2020-04-14,Humboldt,023,135768,57,44,0,44,0
2020-04-14,Imperial,025,180216,239,86,0,86,2
2020-04-14,Inyo,027,18085,17,12,0,12,0
2020-04-14,Kern,029,883053,736,453,1,454,3
2020-04-14,Kings,031,150075,55,12,0,12,1
2020-04-14,Lake,033,64148,6,3,0,3,0
2020-04-14,Lassen,035,31185,3,0,2,2,0
2020-04-14,Los Angeles,037,10098052,16089,9948,13,9961,357
2020-04-14,Madera,039,155013,68,29,1,30,2
2020-04-14,Marin,041,260295,196,147,1,148,9
2020-04-14,Mariposa,043,17540,0,0,0,0,0
2020-04-14,Mendocino,045,87422,5,4,0,4,0
2020-04-14,Merced,047,269075,112,61,0,61,3
2020-04-14,Modoc,049,8938,0,0,0,0,0
2020-04-14,Mono,051,14174,29,22,0,22,1
2020-04-14,Monterey,053,433212,180,98,0,98,3
2020-04-14,Napa,055,140530,56,33,0,33,2
2020-04-14,Nevada,057,99092,37,34,1,35,1
2020-04-14,Orange,059,3164182,2125,1362,19,1381,24
2020-04-14,Placer,061,380077,148,117,0,117,5
2020-04-14,Plumas,063,18699,4,3,0,3,0
2020-04-14,Riverside,065,2383286,3074,1467,14,1481,40
2020-04-14,Sacramento,067,1510023,968,737,0,737,29
2020-04-14,San Benito,069,59416,39,34,0,34,2
2020-04-14,San Bernardino,071,2135413,1588,933,0,933,37
2020-04-14,San Diego,073,3302833,2618,1932,0,1932,53
2020-04-14,San Francisco,075,870044,1257,968,0,968,14
2020-04-14,San Joaquin,077,732212,453,280,3,283,17
2020-04-14,San Luis Obispo,079,281455,174,109,3,112,1
2020-04-14,San Mateo,081,765935,1013,681,2,683,28
2020-04-14,Santa Barbara,083,443738,400,292,2,294,2
2020-04-14,Santa Clara,085,1922200,2128,1561,5,1566,63
2020-04-14,Santa Cruz,087,273765,109,84,0,84,2
2020-04-14,Shasta,089,179085,31,24,0,24,3
2020-04-14,Sierra,091,2930,0,0,0,0,0
2020-04-14,Siskiyou,093,43540,5,5,0,5,0
2020-04-14,Solano,095,438530,213,140,0,140,2
2020-04-14,Sonoma,097,501317,193,133,0,133,1
2020-04-14,Stanislaus,099,539301,260,136,4,140,3
2020-04-14,Sutter,101,95872,24,19,0,19,2
2020-04-14,Tehama,103,63373,1,1,0,1,1
2020-04-14,Trinity,105,12862,0,0,0,0,0
2020-04-14,Tulare,107,460477,536,228,5,233,12
2020-04-14,Tuolumne,109,53932,3,0,0,0,0
2020-04-14,Ventura,111,848112,504,328,1,329,11
2020-04-14,Yolo,113,214977,158,81,0,81,3
2020-04-14,Yuba,115,75493,14,14,0,14,1
2020-04-13,Alameda,001,1643700,1245,821,1,822,23
2020-04-13,Alpine,003,1148,1,1,0,1,0
2020-04-13,Amador,005,37829,7,6,0,6,0
2020-04-13,Butte,007,227075,20,13,2,15,0
2020-04-13,Calaveras,009,45235,10,5,0,5,0
2020-04-13,Colusa,011,21464,3,3,0,3,0
2020-04-13,Contra Costa,013,1133247,781,569,0,569,12
2020-04-13,Del Norte,015,27424,2,2,0,2,0
2020-04-13,El Dorado,017,186661,49,29,0,29,0
2020-04-13,Fresno,019,978130,499,205,5,210,4
2020-04-13,Glenn,021,27897,4,3,0,3,0
2020-04-13,Humboldt,023,135768,57,44,0,44,0
2020-04-13,Imperial,025,180216,221,82,0,82,2
2020-04-13,Inyo,027,18085,17,12,0,12,0
2020-04-13,Kern,029,883053,711,346,1,347,3
2020-04-13,Kings,031,150075,51,9,0,9,0
2020-04-13,Lake,033,64148,6,3,0,3,0
2020-04-13,Lassen,035,31185,3,0,2,2,0
2020-04-13,Los Angeles,037,10098052,15369,9367,13,9380,317
2020-04-13,Madera,039,155013,66,29,1,30,2
2020-04-13,Marin,041,260295,192,144,1,145,6
2020-04-13,Mariposa,043,17540,0,0,0,0,0
2020-04-13,Mendocino,045,87422,5,4,0,4,0
2020-04-13,Merced,047,269075,111,60,0,60,3
2020-04-13,Modoc,049,8938,0,0,0,0,0
2020-04-13,Mono,051,14174,29,21,0,21,1
2020-04-13,Monterey,053,433212,173,86,0,86,3
2020-04-13,Napa,055,140530,55,30,0,30,2
2020-04-13,Nevada,057,99092,37,24,1,25,1
2020-04-13,Orange,059,3164182,2053,1313,19,1332,21
2020-04-13,Placer,061,380077,147,116,0,116,5
2020-04-13,Plumas,063,18699,4,3,0,3,0
2020-04-13,Riverside,065,2383286,2933,1460,13,1473,35
2020-04-13,Sacramento,067,1510023,956,723,0,723,25
2020-04-13,San Benito,069,59416,38,33,0,33,2
2020-04-13,San Bernardino,071,2135413,1513,920,0,920,30
2020-04-13,San Diego,073,3302833,2535,1849,0,1849,47
2020-04-13,San Francisco,075,870044,1219,948,0,948,12
2020-04-13,San Joaquin,077,732212,438,255,3,258,16
2020-04-13,San Luis Obispo,079,281455,169,106,3,109,1
2020-04-13,San Mateo,081,765935,973,679,2,681,25
2020-04-13,Santa Barbara,083,443738,381,271,1,272,2
2020-04-13,Santa Clara,085,1922200,2082,1540,5,1545,58
2020-04-13,Santa Cruz,087,273765,103,82,0,82,1
2020-04-13,Shasta,089,179085,30,24,0,24,3
2020-04-13,Sierra,091,2930,0,0,0,0,0
2020-04-13,Siskiyou,093,43540,5,5,0,5,0
2020-04-13,Solano,095,438530,210,136,0,136,2
2020-04-13,Sonoma,097,501317,186,133,0,133,1
2020-04-13,Stanislaus,099,539301,254,130,4,134,1
2020-04-13,Sutter,101,95872,24,18,0,18,2
2020-04-13,Tehama,103,63373,1,1,0,1,0
2020-04-13,Trinity,105,12862,0,0,0,0,0
2020-04-13,Tulare,107,460477,500,185,5,190,11
2020-04-13,Tuolumne,109,53932,3,0,0,0,0
2020-04-13,Ventura,111,848112,483,309,0,309,9
2020-04-13,Yolo,113,214977,152,81,0,81,3
2020-04-13,Yuba,115,75493,14,13,0,13,1
2020-04-12,Alameda,001,1643700,1202,774,1,775,23
2020-04-12,Alpine,003,1148,1,1,0,1,0
2020-04-12,Amador,005,37829,7,6,0,6,0
2020-04-12,Butte,007,227075,20,13,2,15,0
2020-04-12,Calaveras,009,45235,10,5,0,5,0
2020-04-12,Colusa,011,21464,3,3,0,3,0
2020-04-12,Contra Costa,013,1133247,768,553,0,553,12
2020-04-12,Del Norte,015,27424,2,2,0,2,0
2020-04-12,El Dorado,017,186661,49,28,0,28,0
2020-04-12,Fresno,019,978130,470,205,5,210,4
2020-04-12,Glenn,021,27897,4,3,0,3,0
2020-04-12,Humboldt,023,135768,57,43,0,43,0
2020-04-12,Imperial,025,180216,198,78,0,78,2
2020-04-12,Inyo,027,18085,15,12,0,12,0
2020-04-12,Kern,029,883053,679,319,0,319,3
2020-04-12,Kings,031,150075,49,9,0,9,0
2020-04-12,Lake,033,64148,6,3,0,3,0
2020-04-12,Lassen,035,31185,3,0,2,2,0
2020-04-12,Los Angeles,037,10098052,14649,9133,13,9146,294
2020-04-12,Madera,039,155013,65,29,1,30,2
2020-04-12,Marin,041,260295,181,138,1,139,6
2020-04-12,Mariposa,043,17540,0,0,0,0,0
2020-04-12,Mendocino,045,87422,5,4,0,4,0
2020-04-12,Merced,047,269075,105,58,0,58,3
2020-04-12,Modoc,049,8938,0,0,0,0,0
2020-04-12,Mono,051,14174,29,20,0,20,1
2020-04-12,Monterey,053,433212,159,85,0,85,3
2020-04-12,Napa,055,140530,53,29,0,29,2
2020-04-12,Nevada,057,99092,37,24,1,25,1
2020-04-12,Orange,059,3164182,1993,1283,18,1301,21
2020-04-12,Placer,061,380077,146,114,0,114,4
2020-04-12,Plumas,063,18699,4,3,0,3,0
2020-04-12,Riverside,065,2383286,2751,1330,13,1343,34
2020-04-12,Sacramento,067,1510023,919,689,0,689,25
2020-04-12,San Benito,069,59416,36,33,0,33,2
2020-04-12,San Bernardino,071,2135413,1437,827,0,827,30
2020-04-12,San Diego,073,3302833,2445,1806,0,1806,45
2020-04-12,San Francisco,075,870044,1192,886,0,886,11
2020-04-12,San Joaquin,077,732212,420,246,3,249,15
2020-04-12,San Luis Obispo,079,281455,166,102,2,104,1
2020-04-12,San Mateo,081,765935,947,664,2,666,25
2020-04-12,Santa Barbara,083,443738,362,261,1,262,2
2020-04-12,Santa Clara,085,1922200,2054,1461,5,1466,53
2020-04-12,Santa Cruz,087,273765,102,80,0,80,1
2020-04-12,Shasta,089,179085,30,24,0,24,3
2020-04-12,Sierra,091,2930,0,0,0,0,0
2020-04-12,Siskiyou,093,43540,5,5,0,5,0
2020-04-12,Solano,095,438530,204,136,0,136,2
2020-04-12,Sonoma,097,501317,183,131,0,131,1
2020-04-12,Stanislaus,099,539301,246,117,4,121,1
2020-04-12,Sutter,101,95872,23,18,0,18,2
2020-04-12,Tehama,103,63373,1,1,0,1,0
2020-04-12,Trinity,105,12862,0,0,0,0,0
2020-04-12,Tulare,107,460477,488,166,5,171,11
2020-04-12,Tuolumne,109,53932,3,0,0,0,0
2020-04-12,Ventura,111,848112,473,306,0,306,9
2020-04-12,Yolo,113,214977,138,67,0,67,3
2020-04-12,Yuba,115,75493,14,13,0,13,1
2020-04-11,Alameda,001,1643700,1160,751,1,752,23
2020-04-11,Alpine,003,1148,1,1,0,1,0
2020-04-11,Amador,005,37829,7,6,0,6,0
2020-04-11,Butte,007,227075,20,13,2,15,0
2020-04-11,Calaveras,009,45235,10,5,0,5,0
2020-04-11,Colusa,011,21464,3,3,0,3,0
2020-04-11,Contra Costa,013,1133247,759,550,0,550,12
2020-04-11,Del Norte,015,27424,2,2,0,2,0
2020-04-11,El Dorado,017,186661,48,29,0,29,0
2020-04-11,Fresno,019,978130,460,201,5,206,4
2020-04-11,Glenn,021,27897,4,3,0,3,0
2020-04-11,Humboldt,023,135768,57,38,0,38,0
2020-04-11,Imperial,025,180216,188,78,0,78,2
2020-04-11,Inyo,027,18085,15,12,0,12,0
2020-04-11,Kern,029,883053,651,304,0,304,3
2020-04-11,Kings,031,150075,46,9,0,9,0
2020-04-11,Lake,033,64148,6,3,0,3,0
2020-04-11,Lassen,035,31185,3,0,2,2,0
2020-04-11,Los Angeles,037,10098052,14174,8823,13,8836,262
2020-04-11,Madera,039,155013,64,29,1,30,2
2020-04-11,Marin,041,260295,178,136,1,137,6
2020-04-11,Mariposa,043,17540,0,0,0,0,0
2020-04-11,Mendocino,045,87422,5,4,0,4,0
2020-04-11,Merced,047,269075,102,59,0,59,3
2020-04-11,Modoc,049,8938,0,0,0,0,0
2020-04-11,Mono,051,14174,29,20,0,20,1
2020-04-11,Monterey,053,433212,153,78,0,78,3
2020-04-11,Napa,055,140530,53,29,0,29,2
2020-04-11,Nevada,057,99092,37,24,1,25,1
2020-04-11,Orange,059,3164182,1931,1267,18,1285,21
2020-04-11,Placer,061,380077,146,113,0,113,4
2020-04-11,Plumas,063,18699,4,3,0,3,0
2020-04-11,Riverside,065,2383286,2672,1260,13,1273,33
2020-04-11,Sacramento,067,1510023,908,685,0,685,25
2020-04-11,San Benito,069,59416,36,33,0,33,2
2020-04-11,San Bernardino,071,2135413,1401,826,0,826,28
2020-04-11,San Diego,073,3302833,2379,1763,0,1763,45
2020-04-11,San Francisco,075,870044,1170,860,0,860,11
2020-04-11,San Joaquin,077,732212,415,244,3,247,15
2020-04-11,San Luis Obispo,079,281455,166,100,1,101,1
2020-04-11,San Mateo,081,765935,935,662,2,664,25
2020-04-11,Santa Barbara,083,443738,354,258,1,259,2
2020-04-11,Santa Clara,085,1922200,1995,1441,5,1446,51
2020-04-11,Santa Cruz,087,273765,102,79,0,79,1
2020-04-11,Shasta,089,179085,30,24,0,24,3
2020-04-11,Sierra,091,2930,0,0,0,0,0
2020-04-11,Siskiyou,093,43540,5,5,0,5,0
2020-04-11,Solano,095,438530,200,138,0,138,2
2020-04-11,Sonoma,097,501317,181,131,0,131,1
2020-04-11,Stanislaus,099,539301,238,119,3,122,1
2020-04-11,Sutter,101,95872,23,18,0,18,2
2020-04-11,Tehama,103,63373,1,1,0,1,0
2020-04-11,Trinity,105,12862,0,0,0,0,0
2020-04-11,Tulare,107,460477,466,168,5,173,10
2020-04-11,Tuolumne,109,53932,3,0,0,0,0
2020-04-11,Ventura,111,848112,463,304,0,304,9
2020-04-11,Yolo,113,214977,135,67,0,67,3
2020-04-11,Yuba,115,75493,14,13,0,13,1
2020-04-10,Alameda,001,1643700,1119,706,1,707,21
2020-04-10,Alpine,003,1148,1,1,0,1,0
2020-04-10,Amador,005,37829,7,5,0,5,0
2020-04-10,Butte,007,227075,20,13,2,15,0
2020-04-10,Calaveras,009,45235,10,5,0,5,0
2020-04-10,Colusa,011,21464,3,3,0,3,0
2020-04-10,Contra Costa,013,1133247,746,537,0,537,10
2020-04-10,Del Norte,015,27424,2,2,0,2,0
2020-04-10,El Dorado,017,186661,48,26,0,26,0
2020-04-10,Fresno,019,978130,453,186,4,190,3
2020-04-10,Glenn,021,27897,4,3,0,3,0
2020-04-10,Humboldt,023,135768,57,36,0,36,0
2020-04-10,Imperial,025,180216,181,70,0,70,2
2020-04-10,Inyo,027,18085,13,11,0,11,0
2020-04-10,Kern,029,883053,627,272,0,272,3
2020-04-10,Kings,031,150075,43,7,0,7,0
2020-04-10,Lake,033,64148,6,3,0,3,0
2020-04-10,Lassen,035,31185,3,0,2,2,0
2020-04-10,Los Angeles,037,10098052,13657,8384,12,8396,239
2020-04-10,Madera,039,155013,63,29,1,30,2
2020-04-10,Marin,041,260295,173,128,1,129,6
2020-04-10,Mariposa,043,17540,0,0,0,0,0
2020-04-10,Mendocino,045,87422,5,4,0,4,0
2020-04-10,Merced,047,269075,99,56,0,56,3
2020-04-10,Modoc,049,8938,0,0,0,0,0
2020-04-10,Mono,051,14174,29,20,0,20,1
2020-04-10,Monterey,053,433212,142,78,0,78,3
2020-04-10,Napa,055,140530,50,28,0,28,2
2020-04-10,Nevada,057,99092,37,23,1,24,1
2020-04-10,Orange,059,3164182,1884,1167,18,1185,21
2020-04-10,Placer,061,380077,145,112,0,112,4
2020-04-10,Plumas,063,18699,4,3,0,3,0
2020-04-10,Riverside,065,2383286,2606,1162,13,1175,30
2020-04-10,Sacramento,067,1510023,899,642,0,642,24
2020-04-10,San Benito,069,59416,36,32,0,32,2
2020-04-10,San Bernardino,071,2135413,1353,779,0,779,27
2020-04-10,San Diego,073,3302833,2319,1695,0,1695,44
2020-04-10,San Francisco,075,870044,1139,797,0,797,10
2020-04-10,San Joaquin,077,732212,403,234,3,237,14
2020-04-10,San Luis Obispo,079,281455,166,97,1,98,1
2020-04-10,San Mateo,081,765935,919,642,2,644,24
2020-04-10,Santa Barbara,083,443738,346,254,1,255,2
2020-04-10,Santa Clara,085,1922200,1943,1351,5,1356,50
2020-04-10,Santa Cruz,087,273765,101,75,0,75,1
2020-04-10,Shasta,089,179085,30,24,0,24,3
2020-04-10,Sierra,091,2930,0,0,0,0,0
2020-04-10,Siskiyou,093,43540,5,5,0,5,0
2020-04-10,Solano,095,438530,197,129,0,129,2
2020-04-10,Sonoma,097,501317,180,129,0,129,1
2020-04-10,Stanislaus,099,539301,231,101,3,104,0
2020-04-10,Sutter,101,95872,23,18,0,18,2
2020-04-10,Tehama,103,63373,1,1,0,1,0
2020-04-10,Trinity,105,12862,0,0,0,0,0
2020-04-10,Tulare,107,460477,424,163,5,168,10
2020-04-10,Tuolumne,109,53932,3,0,0,0,0
2020-04-10,Ventura,111,848112,454,290,0,290,9
2020-04-10,Yolo,113,214977,133,62,0,62,3
2020-04-10,Yuba,115,75493,14,13,0,13,1
2020-04-09,Alameda,001,1643700,1069,641,1,642,17
2020-04-09,Alpine,003,1148,1,1,0,1,0
2020-04-09,Amador,005,37829,7,2,0,2,0
2020-04-09,Butte,007,227075,20,12,2,14,0
2020-04-09,Calaveras,009,45235,10,5,0,5,0
2020-04-09,Colusa,011,21464,3,3,0,3,0
2020-04-09,Contra Costa,013,1133247,703,505,0,505,7
2020-04-09,Del Norte,015,27424,2,2,0,2,0
2020-04-09,El Dorado,017,186661,47,25,0,25,0
2020-04-09,Fresno,019,978130,428,165,4,169,3
2020-04-09,Glenn,021,27897,4,2,0,2,0
2020-04-09,Humboldt,023,135768,57,36,0,36,0
2020-04-09,Imperial,025,180216,160,67,0,67,2
2020-04-09,Inyo,027,18085,12,11,0,11,0
2020-04-09,Kern,029,883053,591,241,0,241,2
2020-04-09,Kings,031,150075,40,5,0,5,0
2020-04-09,Lake,033,64148,5,1,0,1,0
2020-04-09,Lassen,035,31185,3,0,2,2,0
2020-04-09,Los Angeles,037,10098052,13026,7919,12,7931,220
2020-04-09,Madera,039,155013,63,28,1,29,2
2020-04-09,Marin,041,260295,171,126,1,127,7
2020-04-09,Mariposa,043,17540,0,0,0,0,0
2020-04-09,Mendocino,045,87422,5,4,0,4,0
2020-04-09,Merced,047,269075,96,41,0,41,3
2020-04-09,Modoc,049,8938,0,0,0,0,0
2020-04-09,Mono,051,14174,29,19,0,19,1
2020-04-09,Monterey,053,433212,124,70,0,70,3
2020-04-09,Napa,055,140530,46,27,0,27,2
2020-04-09,Nevada,057,99092,36,23,1,24,1
2020-04-09,Orange,059,3164182,1810,1105,18,1123,19
2020-04-09,Placer,061,380077,144,107,0,107,4
2020-04-09,Plumas,063,18699,4,3,0,3,0
2020-04-09,Riverside,065,2383286,2463,1083,13,1096,29
2020-04-09,Sacramento,067,1510023,876,601,0,601,21
2020-04-09,San Benito,069,59416,36,32,0,32,2
2020-04-09,San Bernardino,071,2135413,1284,717,0,717,27
2020-04-09,San Diego,073,3302833,2223,1630,0,1630,40
2020-04-09,San Francisco,075,870044,1119,748,0,748,8
2020-04-09,San Joaquin,077,732212,382,223,3,226,14
2020-04-09,San Luis Obispo,079,281455,158,93,1,94,1
2020-04-09,San Mateo,081,765935,903,630,2,632,23
2020-04-09,Santa Barbara,083,443738,336,232,1,233,2
2020-04-09,Santa Clara,085,1922200,1873,1301,5,1306,49
2020-04-09,Santa Cruz,087,273765,101,73,0,73,1
2020-04-09,Shasta,089,179085,30,22,0,22,3
2020-04-09,Sierra,091,2930,0,0,0,0,0
2020-04-09,Siskiyou,093,43540,5,4,0,4,0
2020-04-09,Solano,095,438530,188,118,0,118,2
2020-04-09,Sonoma,097,501317,176,113,0,113,1
2020-04-09,Stanislaus,099,539301,219,93,3,96,0
2020-04-09,Sutter,101,95872,23,17,0,17,2
2020-04-09,Tehama,103,63373,1,1,0,1,0
2020-04-09,Trinity,105,12862,0,0,0,0,0
2020-04-09,Tulare,107,460477,395,147,5,152,9
2020-04-09,Tuolumne,109,53932,3,0,0,0,0
2020-04-09,Ventura,111,848112,435,273,0,273,9
2020-04-09,Yolo,113,214977,124,59,0,59,3
2020-04-09,Yuba,115,75493,14,13,0,13,0
2020-04-08,Alameda,001,1643700,1027,594,1,595,15
2020-04-08,Alpine,003,1148,1,1,0,1,0
2020-04-08,Amador,005,37829,7,2,0,2,0
2020-04-08,Butte,007,227075,19,11,2,13,0
2020-04-08,Calaveras,009,45235,10,5,0,5,0
2020-04-08,Colusa,011,21464,3,3,0,3,0
2020-04-08,Contra Costa,013,1133247,690,481,0,481,7
2020-04-08,Del Norte,015,27424,2,2,0,2,0
2020-04-08,El Dorado,017,186661,47,25,0,25,0
2020-04-08,Fresno,019,978130,408,151,4,155,3
2020-04-08,Glenn,021,27897,4,2,0,2,0
2020-04-08,Humboldt,023,135768,57,40,0,40,0
2020-04-08,Imperial,025,180216,149,59,0,59,2
2020-04-08,Inyo,027,18085,12,11,0,11,0
2020-04-08,Kern,029,883053,550,198,0,198,2
2020-04-08,Kings,031,150075,40,5,0,5,0
2020-04-08,Lake,033,64148,5,1,0,1,0
2020-04-08,Lassen,035,31185,3,0,2,2,0
2020-04-08,Los Angeles,037,10098052,12426,7505,12,7517,196
2020-04-08,Madera,039,155013,62,28,1,29,2
2020-04-08,Marin,041,260295,165,125,1,126,7
2020-04-08,Mariposa,043,17540,0,0,0,0,0
2020-04-08,Mendocino,045,87422,5,4,0,4,0
2020-04-08,Merced,047,269075,81,35,0,35,1
2020-04-08,Modoc,049,8938,0,0,0,0,0
2020-04-08,Mono,051,14174,29,19,0,19,1
2020-04-08,Monterey,053,433212,115,68,0,68,3
2020-04-08,Napa,055,140530,44,21,0,21,2
2020-04-08,Nevada,057,99092,36,21,1,22,1
2020-04-08,Orange,059,3164182,1747,1034,18,1052,19
2020-04-08,Placer,061,380077,144,102,0,102,4
2020-04-08,Plumas,063,18699,4,3,0,3,0
2020-04-08,Riverside,065,2383286,2306,974,13,987,28
2020-04-08,Sacramento,067,1510023,842,565,0,565,21
2020-04-08,San Benito,069,59416,36,31,0,31,2
2020-04-08,San Bernardino,071,2135413,1227,635,0,635,22
2020-04-08,San Diego,073,3302833,2149,1532,0,1532,36
2020-04-08,San Francisco,075,870044,1052,687,0,687,7
2020-04-08,San Joaquin,077,732212,365,211,3,214,12
2020-04-08,San Luis Obispo,079,281455,156,90,1,91,1
2020-04-08,San Mateo,081,765935,888,608,2,610,22
2020-04-08,Santa Barbara,083,443738,319,221,1,222,2
2020-04-08,Santa Clara,085,1922200,1828,1257,5,1262,47
2020-04-08,Santa Cruz,087,273765,100,69,0,69,1
2020-04-08,Shasta,089,179085,30,18,0,18,3
2020-04-08,Sierra,091,2930,0,0,0,0,0
2020-04-08,Siskiyou,093,43540,5,4,0,4,0
2020-04-08,Solano,095,438530,175,111,0,111,2
2020-04-08,Sonoma,097,501317,170,107,0,107,1
2020-04-08,Stanislaus,099,539301,203,86,3,89,0
2020-04-08,Sutter,101,95872,22,17,0,17,2
2020-04-08,Tehama,103,63373,1,1,0,1,0
2020-04-08,Trinity,105,12862,0,0,0,0,0
2020-04-08,Tulare,107,460477,364,145,5,150,6
2020-04-08,Tuolumne,109,53932,3,0,0,0,0
2020-04-08,Ventura,111,848112,426,263,0,263,7
2020-04-08,Yolo,113,214977,107,56,0,56,3
2020-04-08,Yuba,115,75493,14,10,0,10,0
2020-04-07,Alameda,001,1643700,992,560,1,561,14
2020-04-07,Alpine,003,1148,1,1,0,1,0
2020-04-07,Amador,005,37829,7,2,0,2,0
2020-04-07,Butte,007,227075,18,11,2,13,0
2020-04-07,Calaveras,009,45235,9,5,0,5,0
2020-04-07,Colusa,011,21464,3,2,0,2,0
2020-04-07,Contra Costa,013,1133247,670,471,0,471,7
2020-04-07,Del Norte,015,27424,2,2,0,2,0
2020-04-07,El Dorado,017,186661,46,22,0,22,0
2020-04-07,Fresno,019,978130,393,138,4,142,3
2020-04-07,Glenn,021,27897,4,2,0,2,0
2020-04-07,Humboldt,023,135768,56,40,0,40,0
2020-04-07,Imperial,025,180216,130,53,0,53,2
2020-04-07,Inyo,027,18085,12,11,0,11,0
2020-04-07,Kern,029,883053,507,134,0,134,2
2020-04-07,Kings,031,150075,37,5,0,5,0
2020-04-07,Lake,033,64148,4,1,0,1,0
2020-04-07,Lassen,035,31185,3,0,2,2,0
2020-04-07,Los Angeles,037,10098052,11776,6885,12,6897,170
2020-04-07,Madera,039,155013,60,28,0,28,2
2020-04-07,Marin,041,260295,163,122,1,123,7
2020-04-07,Mariposa,043,17540,0,0,0,0,0
2020-04-07,Mendocino,045,87422,5,4,0,4,0
2020-04-07,Merced,047,269075,66,27,0,27,1
2020-04-07,Modoc,049,8938,0,0,0,0,0
2020-04-07,Mono,051,14174,28,18,0,18,1
2020-04-07,Monterey,053,433212,106,63,0,63,2
2020-04-07,Napa,055,140530,42,18,0,18,2
2020-04-07,Nevada,057,99092,36,20,1,21,1
2020-04-07,Orange,059,3164182,1700,971,16,987,19
2020-04-07,Placer,061,380077,139,94,0,94,3
2020-04-07,Plumas,063,18699,4,3,0,3,0
2020-04-07,Riverside,065,2383286,2149,905,13,918,25
2020-04-07,Sacramento,067,1510023,812,513,0,513,18
2020-04-07,San Benito,069,59416,36,26,0,26,2
2020-04-07,San Bernardino,071,2135413,1160,554,0,554,19
2020-04-07,San Diego,073,3302833,2072,1456,0,1456,31
2020-04-07,San Francisco,075,870044,992,636,0,636,6
2020-04-07,San Joaquin,077,732212,347,198,3,201,12
2020-04-07,San Luis Obispo,079,281455,149,87,1,88,1
2020-04-07,San Mateo,081,765935,867,573,2,575,22
2020-04-07,Santa Barbara,083,443738,305,209,1,210,2
2020-04-07,Santa Clara,085,1922200,1759,1193,4,1197,46
2020-04-07,Santa Cruz,087,273765,100,67,0,67,1
2020-04-07,Shasta,089,179085,29,16,0,16,3
2020-04-07,Sierra,091,2930,0,0,0,0,0
2020-04-07,Siskiyou,093,43540,5,4,0,4,0
2020-04-07,Solano,095,438530,170,99,0,99,1
2020-04-07,Sonoma,097,501317,167,102,0,102,1
2020-04-07,Stanislaus,099,539301,186,83,3,86,0
2020-04-07,Sutter,101,95872,22,16,0,16,2
2020-04-07,Tehama,103,63373,1,1,0,1,0
2020-04-07,Trinity,105,12862,0,0,0,0,0
2020-04-07,Tulare,107,460477,335,144,5,149,5
2020-04-07,Tuolumne,109,53932,3,1,0,1,0
2020-04-07,Ventura,111,848112,409,247,0,247,6
2020-04-07,Yolo,113,214977,100,51,0,51,2
2020-04-07,Yuba,115,75493,14,10,0,10,0
2020-04-06,Alameda,001,1643700,961,527,1,528,13
2020-04-06,Alpine,003,1148,1,1,0,1,0
2020-04-06,Amador,005,37829,6,2,0,2,0
2020-04-06,Butte,007,227075,17,11,2,13,0
2020-04-06,Calaveras,009,45235,9,4,0,4,0
2020-04-06,Colusa,011,21464,3,1,0,1,0
2020-04-06,Contra Costa,013,1133247,645,447,0,447,7
2020-04-06,Del Norte,015,27424,2,2,0,2,0
2020-04-06,El Dorado,017,186661,44,23,0,23,0
2020-04-06,Fresno,019,978130,371,122,4,126,1
2020-04-06,Glenn,021,27897,4,2,0,2,0
2020-04-06,Humboldt,023,135768,55,37,0,37,0
2020-04-06,Imperial,025,180216,123,47,0,47,1
2020-04-06,Inyo,027,18085,11,11,0,11,0
2020-04-06,Kern,029,883053,470,117,0,117,2
2020-04-06,Kings,031,150075,37,3,0,3,0
2020-04-06,Lake,033,64148,4,1,0,1,0
2020-04-06,Lassen,035,31185,3,0,2,2,0
2020-04-06,Los Angeles,037,10098052,11045,6346,12,6358,145
2020-04-06,Madera,039,155013,58,29,0,29,2
2020-04-06,Marin,041,260295,160,119,1,120,7
2020-04-06,Mariposa,043,17540,0,0,0,0,0
2020-04-06,Mendocino,045,87422,5,4,0,4,0
2020-04-06,Merced,047,269075,60,25,0,25,1
2020-04-06,Modoc,049,8938,0,0,0,0,0
2020-04-06,Mono,051,14174,28,18,0,18,1
2020-04-06,Monterey,053,433212,101,62,0,62,2
2020-04-06,Napa,055,140530,42,18,0,18,2
2020-04-06,Nevada,057,99092,36,19,1,20,1
2020-04-06,Orange,059,3164182,1656,910,15,925,17
2020-04-06,Placer,061,380077,139,90,0,90,3
2020-04-06,Plumas,063,18699,4,2,0,2,0
2020-04-06,Riverside,065,2383286,2023,854,13,867,17
2020-04-06,Sacramento,067,1510023,782,448,0,448,15
2020-04-06,San Benito,069,59416,34,25,0,25,1
2020-04-06,San Bernardino,071,2135413,1101,550,0,550,13
2020-04-06,San Diego,073,3302833,1990,1406,0,1406,19
2020-04-06,San Francisco,075,870044,952,586,0,586,6
2020-04-06,San Joaquin,077,732212,332,191,3,194,10
2020-04-06,San Luis Obispo,079,281455,147,85,1,86,1
2020-04-06,San Mateo,081,765935,849,569,2,571,20
2020-04-06,Santa Barbara,083,443738,296,189,1,190,2
2020-04-06,Santa Clara,085,1922200,1706,1128,4,1132,43
2020-04-06,Santa Cruz,087,273765,98,65,0,65,1
2020-04-06,Shasta,089,179085,29,16,0,16,3
2020-04-06,Sierra,091,2930,0,0,0,0,0
2020-04-06,Siskiyou,093,43540,4,4,0,4,0
2020-04-06,Solano,095,438530,163,95,0,95,1
2020-04-06,Sonoma,097,501317,166,102,0,102,1
2020-04-06,Stanislaus,099,539301,170,72,3,75,0
2020-04-06,Sutter,101,95872,22,14,0,14,2
2020-04-06,Tehama,103,63373,1,1,0,1,0
2020-04-06,Trinity,105,12862,0,0,0,0,0
2020-04-06,Tulare,107,460477,319,126,5,131,5
2020-04-06,Tuolumne,109,53932,3,1,0,1,0
2020-04-06,Ventura,111,848112,391,234,0,234,6
2020-04-06,Yolo,113,214977,96,43,0,43,1
2020-04-06,Yuba,115,75493,14,8,0,8,0
2020-04-05,Alameda,001,1643700,919,475,1,476,12
2020-04-05,Alpine,003,1148,1,1,0,1,0
2020-04-05,Amador,005,37829,6,2,0,2,0
2020-04-05,Butte,007,227075,17,10,2,12,0
2020-04-05,Calaveras,009,45235,9,3,0,3,0
2020-04-05,Colusa,011,21464,3,1,0,1,0
2020-04-05,Contra Costa,013,1133247,628,415,0,415,6
2020-04-05,Del Norte,015,27424,2,1,0,1,0
2020-04-05,El Dorado,017,186661,42,19,0,19,0
2020-04-05,Fresno,019,978130,337,102,4,106,1
2020-04-05,Glenn,021,27897,4,2,0,2,0
2020-04-05,Humboldt,023,135768,55,29,0,29,0
2020-04-05,Imperial,025,180216,115,42,0,42,1
2020-04-05,Inyo,027,18085,11,10,0,10,0
2020-04-05,Kern,029,883053,415,109,0,109,2
2020-04-05,Kings,031,150075,36,4,0,4,0
2020-04-05,Lake,033,64148,4,0,0,0,0
2020-04-05,Lassen,035,31185,3,0,2,2,0
2020-04-05,Los Angeles,037,10098052,10475,5892,12,5904,130
2020-04-05,Madera,039,155013,57,27,0,27,2
2020-04-05,Marin,041,260295,160,113,1,114,6
2020-04-05,Mariposa,043,17540,0,0,0,0,0
2020-04-05,Mendocino,045,87422,5,4,0,4,0
2020-04-05,Merced,047,269075,53,16,0,16,0
2020-04-05,Modoc,049,8938,0,0,0,0,0
2020-04-05,Mono,051,14174,28,18,0,18,1
2020-04-05,Monterey,053,433212,94,61,0,61,2
2020-04-05,Napa,055,140530,40,15,0,15,2
2020-04-05,Nevada,057,99092,36,19,1,20,1
2020-04-05,Orange,059,3164182,1600,820,15,835,15
2020-04-05,Placer,061,380077,136,86,0,86,3
2020-04-05,Plumas,063,18699,3,2,0,2,0
2020-04-05,Riverside,065,2383286,1894,669,13,682,17
2020-04-05,Sacramento,067,1510023,751,393,0,393,11
2020-04-05,San Benito,069,59416,34,22,0,22,1
2020-04-05,San Bernardino,071,2135413,1028,375,0,375,13
2020-04-05,San Diego,073,3302833,1908,1328,0,1328,19
2020-04-05,San Francisco,075,870044,905,559,0,559,6
2020-04-05,San Joaquin,077,732212,317,179,3,182,10
2020-04-05,San Luis Obispo,079,281455,145,83,1,84,1
2020-04-05,San Mateo,081,765935,829,528,2,530,19
2020-04-05,Santa Barbara,083,443738,280,171,1,172,1
2020-04-05,Santa Clara,085,1922200,1659,1052,4,1056,42
2020-04-05,Santa Cruz,087,273765,98,59,0,59,1
2020-04-05,Shasta,089,179085,28,11,0,11,2
2020-04-05,Sierra,091,2930,0,0,0,0,0
2020-04-05,Siskiyou,093,43540,4,3,0,3,0
2020-04-05,Solano,095,438530,159,78,0,78,1
2020-04-05,Sonoma,097,501317,164,88,0,88,1
2020-04-05,Stanislaus,099,539301,156,51,3,54,0
2020-04-05,Sutter,101,95872,22,14,0,14,1
2020-04-05,Tehama,103,63373,1,1,0,1,0
2020-04-05,Trinity,105,12862,0,0,0,0,0
2020-04-05,Tulare,107,460477,282,81,5,86,4
2020-04-05,Tuolumne,109,53932,3,1,0,1,0
2020-04-05,Ventura,111,848112,377,196,0,196,6
2020-04-05,Yolo,113,214977,77,37,0,37,2
2020-04-05,Yuba,115,75493,14,7,0,7,0
2020-04-04,Alameda,001,1643700,896,468,1,469,12
2020-04-04,Alpine,003,1148,1,1,0,1,0
2020-04-04,Amador,005,37829,5,2,0,2,0
2020-04-04,Butte,007,227075,17,10,2,12,0
2020-04-04,Calaveras,009,45235,9,3,0,3,0
2020-04-04,Colusa,011,21464,3,1,0,1,0
2020-04-04,Contra Costa,013,1133247,620,382,0,382,5
2020-04-04,Del Norte,015,27424,2,1,0,1,0
2020-04-04,El Dorado,017,186661,42,19,0,19,0
2020-04-04,Fresno,019,978130,327,102,4,106,1
2020-04-04,Glenn,021,27897,4,2,0,2,0
2020-04-04,Humboldt,023,135768,55,29,0,29,0
2020-04-04,Imperial,025,180216,114,42,0,42,1
2020-04-04,Inyo,027,18085,11,10,0,10,0
2020-04-04,Kern,029,883053,385,103,0,103,2
2020-04-04,Kings,031,150075,36,3,0,3,0
2020-04-04,Lake,033,64148,4,0,0,0,0
2020-04-04,Lassen,035,31185,3,0,2,2,0
2020-04-04,Los Angeles,037,10098052,9860,5275,12,5287,117
2020-04-04,Madera,039,155013,55,27,0,27,2
2020-04-04,Marin,041,260295,158,111,0,111,6
2020-04-04,Mariposa,043,17540,0,0,0,0,0
2020-04-04,Mendocino,045,87422,5,4,0,4,0
2020-04-04,Merced,047,269075,50,11,0,11,0
2020-04-04,Modoc,049,8938,0,0,0,0,0
2020-04-04,Mono,051,14174,28,18,0,18,1
2020-04-04,Monterey,053,433212,91,61,0,61,2
2020-04-04,Napa,055,140530,40,15,0,15,2
2020-04-04,Nevada,057,99092,36,19,1,20,1
2020-04-04,Orange,059,3164182,1558,781,14,795,15
2020-04-04,Placer,061,380077,135,87,0,87,2
2020-04-04,Plumas,063,18699,3,2,0,2,0
2020-04-04,Riverside,065,2383286,1793,652,13,665,15
2020-04-04,Sacramento,067,1510023,733,393,0,393,11
2020-04-04,San Benito,069,59416,34,22,0,22,1
2020-04-04,San Bernardino,071,2135413,980,373,0,373,13
2020-04-04,San Diego,073,3302833,1860,1211,0,1211,18
2020-04-04,San Francisco,075,870044,867,537,0,537,6
2020-04-04,San Joaquin,077,732212,294,171,3,174,10
2020-04-04,San Luis Obispo,079,281455,145,82,1,83,0
2020-04-04,San Mateo,081,765935,817,520,2,522,17
2020-04-04,Santa Barbara,083,443738,271,167,1,168,1
2020-04-04,Santa Clara,085,1922200,1607,1045,4,1049,39
2020-04-04,Santa Cruz,087,273765,98,56,0,56,1
2020-04-04,Shasta,089,179085,27,11,0,11,2
2020-04-04,Sierra,091,2930,0,0,0,0,0
2020-04-04,Siskiyou,093,43540,4,3,0,3,0
2020-04-04,Solano,095,438530,154,79,0,79,1
2020-04-04,Sonoma,097,501317,161,88,0,88,1
2020-04-04,Stanislaus,099,539301,145,51,3,54,0
2020-04-04,Sutter,101,95872,22,14,0,14,1
2020-04-04,Tehama,103,63373,1,1,0,1,0
2020-04-04,Trinity,105,12862,0,0,0,0,0
2020-04-04,Tulare,107,460477,268,79,5,84,4
2020-04-04,Tuolumne,109,53932,3,1,0,1,0
2020-04-04,Ventura,111,848112,364,194,0,194,6
2020-04-04,Yolo,113,214977,75,40,0,40,2
2020-04-04,Yuba,115,75493,13,7,0,7,0
2020-04-03,Alameda,001,1643700,860,395,1,396,11
2020-04-03,Alpine,003,1148,1,1,0,1,0
2020-04-03,Amador,005,37829,5,2,0,2,0
2020-04-03,Butte,007,227075,17,8,2,10,0
2020-04-03,Calaveras,009,45235,9,3,0,3,0
2020-04-03,Colusa,011,21464,3,1,0,1,0
2020-04-03,Contra Costa,013,1133247,597,327,0,327,5
2020-04-03,Del Norte,015,27424,2,1,0,1,0
2020-04-03,El Dorado,017,186661,40,16,0,16,0
2020-04-03,Fresno,019,978130,315,98,4,102,1
2020-04-03,Glenn,021,27897,4,2,0,2,0
2020-04-03,Humboldt,023,135768,55,34,0,34,0
2020-04-03,Imperial,025,180216,105,35,0,35,0
2020-04-03,Inyo,027,18085,11,10,0,10,0
2020-04-03,Kern,029,883053,359,87,0,87,1
2020-04-03,Kings,031,150075,34,3,0,3,0
2020-04-03,Lake,033,64148,3,0,0,0,0
2020-04-03,Lassen,035,31185,3,0,2,2,0
2020-04-03,Los Angeles,037,10098052,9246,4566,12,4578,91
2020-04-03,Madera,039,155013,54,28,0,28,2
2020-04-03,Marin,041,260295,156,106,0,106,6
2020-04-03,Mariposa,043,17540,0,0,0,0,0
2020-04-03,Mendocino,045,87422,5,4,0,4,0
2020-04-03,Merced,047,269075,48,9,0,9,0
2020-04-03,Modoc,049,8938,0,0,0,0,0
2020-04-03,Mono,051,14174,28,18,0,18,1
2020-04-03,Monterey,053,433212,88,58,0,58,2
2020-04-03,Napa,055,140530,39,13,0,13,1
2020-04-03,Nevada,057,99092,36,19,1,20,1
2020-04-03,Orange,059,3164182,1519,713,14,727,13
2020-04-03,Placer,061,380077,131,76,0,76,2
2020-04-03,Plumas,063,18699,3,2,0,2,0
2020-04-03,Riverside,065,2383286,1713,540,13,553,14
2020-04-03,Sacramento,067,1510023,712,363,0,363,11
2020-04-03,San Benito,069,59416,34,22,0,22,1
2020-04-03,San Bernardino,071,2135413,935,356,0,356,11
2020-04-03,San Diego,073,3302833,1799,1114,0,1114,17
2020-04-03,San Francisco,075,870044,843,506,0,506,6
2020-04-03,San Joaquin,077,732212,282,162,3,165,10
2020-04-03,San Luis Obispo,079,281455,144,82,1,83,0
2020-04-03,San Mateo,081,765935,800,474,2,476,13
2020-04-03,Santa Barbara,083,443738,260,154,1,155,1
2020-04-03,Santa Clara,085,1922200,1571,983,4,987,39
2020-04-03,Santa Cruz,087,273765,98,52,0,52,1
2020-04-03,Shasta,089,179085,27,10,0,10,1
2020-04-03,Sierra,091,2930,0,0,0,0,0
2020-04-03,Siskiyou,093,43540,4,3,0,3,0
2020-04-03,Solano,095,438530,146,72,0,72,1
2020-04-03,Sonoma,097,501317,161,84,0,84,1
2020-04-03,Stanislaus,099,539301,139,48,3,51,0
2020-04-03,Sutter,101,95872,22,12,0,12,1
2020-04-03,Tehama,103,63373,1,1,0,1,0
2020-04-03,Trinity,105,12862,0,0,0,0,0
2020-04-03,Tulare,107,460477,254,73,5,78,3
2020-04-03,Tuolumne,109,53932,3,1,0,1,0
2020-04-03,Ventura,111,848112,354,186,0,186,6
2020-04-03,Yolo,113,214977,74,33,0,33,1
2020-04-03,Yuba,115,75493,13,6,0,6,0
2020-04-02,Alameda,001,1643700,809,345,1,346,10
2020-04-02,Alpine,003,1148,1,1,0,1,0
2020-04-02,Amador,005,37829,5,2,0,2,0
2020-04-02,Butte,007,227075,17,7,1,8,0
2020-04-02,Calaveras,009,45235,7,3,0,3,0
2020-04-02,Colusa,011,21464,3,1,0,1,0
2020-04-02,Contra Costa,013,1133247,567,297,0,297,3
2020-04-02,Del Norte,015,27424,2,0,0,0,0
2020-04-02,El Dorado,017,186661,38,16,0,16,0
2020-04-02,Fresno,019,978130,299,92,4,96,0
2020-04-02,Glenn,021,27897,3,2,0,2,0
2020-04-02,Humboldt,023,135768,51,23,0,23,0
2020-04-02,Imperial,025,180216,101,24,0,24,0
2020-04-02,Inyo,027,18085,10,8,0,8,0
2020-04-02,Kern,029,883053,332,74,0,74,0
2020-04-02,Kings,031,150075,34,3,0,3,0
2020-04-02,Lake,033,64148,3,0,0,0,0
2020-04-02,Lassen,035,31185,3,0,2,2,0
2020-04-02,Los Angeles,037,10098052,8415,4040,12,4052,79
2020-04-02,Madera,039,155013,52,25,0,25,1
2020-04-02,Marin,041,260295,150,102,0,102,1
2020-04-02,Mariposa,043,17540,0,0,0,0,0
2020-04-02,Mendocino,045,87422,5,4,0,4,0
2020-04-02,Merced,047,269075,43,9,0,9,0
2020-04-02,Modoc,049,8938,0,0,0,0,0
2020-04-02,Mono,051,14174,28,16,0,16,1
2020-04-02,Monterey,053,433212,86,50,0,50,2
2020-04-02,Napa,055,140530,39,13,0,13,0
2020-04-02,Nevada,057,99092,35,17,1,18,0
2020-04-02,Orange,059,3164182,1467,640,13,653,12
2020-04-02,Placer,061,380077,130,72,0,72,2
2020-04-02,Plumas,063,18699,3,1,0,1,0
2020-04-02,Riverside,065,2383286,1596,438,13,451,13
2020-04-02,Sacramento,067,1510023,694,322,0,322,9
2020-04-02,San Benito,069,59416,32,18,0,18,1
2020-04-02,San Bernardino,071,2135413,880,335,0,335,8
2020-04-02,San Diego,073,3302833,1732,968,0,968,16
2020-04-02,San Francisco,075,870044,817,473,0,473,6
2020-04-02,San Joaquin,077,732212,263,148,3,151,9
2020-04-02,San Luis Obispo,079,281455,139,79,1,80,0
2020-04-02,San Mateo,081,765935,779,423,2,425,13
2020-04-02,Santa Barbara,083,443738,249,125,1,126,1
2020-04-02,Santa Clara,085,1922200,1520,908,4,912,38
2020-04-02,Santa Cruz,087,273765,96,49,0,49,1
2020-04-02,Shasta,089,179085,26,7,0,7,1
2020-04-02,Sierra,091,2930,0,0,0,0,0
2020-04-02,Siskiyou,093,43540,4,3,0,3,0
2020-04-02,Solano,095,438530,136,65,0,65,0
2020-04-02,Sonoma,097,501317,157,76,0,76,1
2020-04-02,Stanislaus,099,539301,128,40,3,43,0
2020-04-02,Sutter,101,95872,21,10,0,10,1
2020-04-02,Tehama,103,63373,1,1,0,1,0
2020-04-02,Trinity,105,12862,0,0,0,0,0
2020-04-02,Tulare,107,460477,220,64,5,69,1
2020-04-02,Tuolumne,109,53932,3,1,0,1,0
2020-04-02,Ventura,111,848112,336,178,0,178,5
2020-04-02,Yolo,113,214977,72,29,0,29,1
2020-04-02,Yuba,115,75493,10,5,0,5,0
2020-04-01,Alameda,001,1643700,782,287,1,288,8
2020-04-01,Alpine,003,1148,1,1,0,1,0
2020-04-01,Amador,005,37829,5,1,0,1,0
2020-04-01,Butte,007,227075,17,6,1,7,0
2020-04-01,Calaveras,009,45235,6,3,0,3,0
2020-04-01,Colusa,011,21464,3,1,0,1,0
2020-04-01,Contra Costa,013,1133247,524,267,0,267,3
2020-04-01,Del Norte,015,27424,2,0,0,0,0
2020-04-01,El Dorado,017,186661,37,14,0,14,0
2020-04-01,Fresno,019,978130,277,75,3,78,0
2020-04-01,Glenn,021,27897,3,2,0,2,0
2020-04-01,Humboldt,023,135768,51,19,0,19,0
2020-04-01,Imperial,025,180216,95,25,0,25,0
2020-04-01,Inyo,027,18085,10,8,0,8,0
2020-04-01,Kern,029,883053,305,53,0,53,0
2020-04-01,Kings,031,150075,32,3,0,3,0
2020-04-01,Lake,033,64148,3,0,0,0,0
2020-04-01,Lassen,035,31185,3,0,2,2,0
2020-04-01,Los Angeles,037,10098052,7766,3502,12,3514,66
2020-04-01,Madera,039,155013,50,17,0,17,1
2020-04-01,Marin,041,260295,146,87,0,87,1
2020-04-01,Mariposa,043,17540,0,0,0,0,0
2020-04-01,Mendocino,045,87422,5,4,0,4,0
2020-04-01,Merced,047,269075,42,7,0,7,0
2020-04-01,Modoc,049,8938,0,0,0,0,0
2020-04-01,Mono,051,14174,28,12,0,12,1
2020-04-01,Monterey,053,433212,85,47,0,47,2
2020-04-01,Napa,055,140530,36,11,0,11,0
2020-04-01,Nevada,057,99092,35,15,1,16,0
2020-04-01,Orange,059,3164182,1415,579,13,592,11
2020-04-01,Placer,061,380077,128,52,0,52,2
2020-04-01,Plumas,063,18699,3,1,0,1,0
2020-04-01,Riverside,065,2383286,1428,306,12,318,11
2020-04-01,Sacramento,067,1510023,661,299,0,299,8
2020-04-01,San Benito,069,59416,29,14,0,14,1
2020-04-01,San Bernardino,071,2135413,831,245,0,245,5
2020-04-01,San Diego,073,3302833,1662,851,0,851,11
2020-04-01,San Francisco,075,870044,789,432,0,432,6
2020-04-01,San Joaquin,077,732212,251,132,3,135,8
2020-04-01,San Luis Obispo,079,281455,133,69,1,70,0
2020-04-01,San Mateo,081,765935,761,354,2,356,13
2020-04-01,Santa Barbara,083,443738,236,103,1,104,0
2020-04-01,Santa Clara,085,1922200,1478,805,4,809,33
2020-04-01,Santa Cruz,087,273765,91,44,0,44,1
2020-04-01,Shasta,089,179085,25,5,0,5,1
2020-04-01,Sierra,091,2930,0,0,0,0,0
2020-04-01,Siskiyou,093,43540,4,3,0,3,0
2020-04-01,Solano,095,438530,131,57,0,57,0
2020-04-01,Sonoma,097,501317,153,60,0,60,1
2020-04-01,Stanislaus,099,539301,117,29,3,32,0
2020-04-01,Sutter,101,95872,21,9,0,9,1
2020-04-01,Tehama,103,63373,1,0,0,0,0
2020-04-01,Trinity,105,12862,0,0,0,0,0
2020-04-01,Tulare,107,460477,182,43,5,48,1
2020-04-01,Tuolumne,109,53932,3,1,0,1,0
2020-04-01,Ventura,111,848112,323,154,0,154,5
2020-04-01,Yolo,113,214977,67,22,0,22,1
2020-04-01,Yuba,115,75493,9,5,0,5,0
2020-03-31,Alameda,001,1643700,716,269,1,270,7
2020-03-31,Alpine,003,1148,1,1,0,1,0
2020-03-31,Amador,005,37829,5,1,0,1,0
2020-03-31,Butte,007,227075,17,6,1,7,0
2020-03-31,Calaveras,009,45235,6,3,0,3,0
2020-03-31,Colusa,011,21464,3,1,0,1,0
2020-03-31,Contra Costa,013,1133247,499,246,0,246,3
2020-03-31,Del Norte,015,27424,1,0,0,0,0
2020-03-31,El Dorado,017,186661,33,14,0,14,0
2020-03-31,Fresno,019,978130,252,59,3,62,0
2020-03-31,Glenn,021,27897,3,2,0,2,0
2020-03-31,Humboldt,023,135768,51,18,0,18,0
2020-03-31,Imperial,025,180216,89,17,0,17,0
2020-03-31,Inyo,027,18085,10,8,0,8,0
2020-03-31,Kern,029,883053,281,47,0,47,0
2020-03-31,Kings,031,150075,30,2,0,2,0
2020-03-31,Lake,033,64148,1,0,0,0,0
2020-03-31,Lassen,035,31185,3,0,2,2,0
2020-03-31,Los Angeles,037,10098052,7103,3001,12,3013,53
2020-03-31,Madera,039,155013,49,17,0,17,1
2020-03-31,Marin,041,260295,137,85,0,85,1
2020-03-31,Mariposa,043,17540,0,0,0,0,0
2020-03-31,Mendocino,045,87422,5,4,0,4,0
2020-03-31,Merced,047,269075,39,6,0,6,0
2020-03-31,Modoc,049,8938,0,0,0,0,0
2020-03-31,Mono,051,14174,26,12,0,12,0
2020-03-31,Monterey,053,433212,83,43,0,43,2
2020-03-31,Napa,055,140530,35,9,0,9,0
2020-03-31,Nevada,057,99092,35,15,1,16,0
2020-03-31,Orange,059,3164182,1345,506,13,519,7
2020-03-31,Placer,061,380077,121,49,0,49,2
2020-03-31,Plumas,063,18699,1,0,0,0,0
2020-03-31,Riverside,065,2383286,1284,284,12,296,8
2020-03-31,Sacramento,067,1510023,609,271,0,271,8
2020-03-31,San Benito,069,59416,29,14,0,14,1
2020-03-31,San Bernardino,071,2135413,746,193,0,193,5
2020-03-31,San Diego,073,3302833,1580,736,0,736,9
2020-03-31,San Francisco,075,870044,754,404,0,404,5
2020-03-31,San Joaquin,077,732212,235,122,3,125,7
2020-03-31,San Luis Obispo,079,281455,129,67,1,68,0
2020-03-31,San Mateo,081,765935,742,297,2,299,12
2020-03-31,Santa Barbara,083,443738,221,89,1,90,0
2020-03-31,Santa Clara,085,1922200,1428,777,4,781,30
2020-03-31,Santa Cruz,087,273765,84,40,0,40,1
2020-03-31,Shasta,089,179085,22,5,0,5,1
2020-03-31,Sierra,091,2930,0,0,0,0,0
2020-03-31,Siskiyou,093,43540,4,3,0,3,0
2020-03-31,Solano,095,438530,117,56,0,56,0
2020-03-31,Sonoma,097,501317,148,58,0,58,1
2020-03-31,Stanislaus,099,539301,102,28,3,31,0
2020-03-31,Sutter,101,95872,21,8,0,8,0
2020-03-31,Tehama,103,63373,1,0,0,0,0
2020-03-31,Trinity,105,12862,0,0,0,0,0
2020-03-31,Tulare,107,460477,159,42,4,46,1
2020-03-31,Tuolumne,109,53932,3,1,0,1,0
2020-03-31,Ventura,111,848112,312,143,0,143,4
2020-03-31,Yolo,113,214977,60,21,0,21,1
2020-03-31,Yuba,115,75493,9,5,0,5,0
2020-03-30,Alameda,001,1643700,677,250,1,251,7
2020-03-30,Alpine,003,1148,1,1,0,1,0
2020-03-30,Amador,005,37829,5,1,0,1,0
2020-03-30,Butte,007,227075,15,5,1,6,0
2020-03-30,Calaveras,009,45235,6,3,0,3,0
2020-03-30,Colusa,011,21464,3,1,0,1,0
2020-03-30,Contra Costa,013,1133247,473,212,0,212,3
2020-03-30,Del Norte,015,27424,0,0,0,0,0
2020-03-30,El Dorado,017,186661,33,11,0,11,0
2020-03-30,Fresno,019,978130,227,46,3,49,0
2020-03-30,Glenn,021,27897,3,2,0,2,0
2020-03-30,Humboldt,023,135768,49,11,0,11,0
2020-03-30,Imperial,025,180216,86,9,0,9,0
2020-03-30,Inyo,027,18085,10,5,0,5,0
2020-03-30,Kern,029,883053,248,30,0,30,0
2020-03-30,Kings,031,150075,30,1,0,1,0
2020-03-30,Lake,033,64148,1,0,0,0,0
2020-03-30,Lassen,035,31185,3,0,1,1,0
2020-03-30,Los Angeles,037,10098052,6443,2467,12,2479,44
2020-03-30,Madera,039,155013,48,14,0,14,1
2020-03-30,Marin,041,260295,130,78,0,78,0
2020-03-30,Mariposa,043,17540,0,0,0,0,0
2020-03-30,Mendocino,045,87422,5,2,0,2,0
2020-03-30,Merced,047,269075,36,6,0,6,0
2020-03-30,Modoc,049,8938,0,0,0,0,0
2020-03-30,Mono,051,14174,26,11,0,11,0
2020-03-30,Monterey,053,433212,78,41,0,41,1
2020-03-30,Napa,055,140530,34,9,0,9,0
2020-03-30,Nevada,057,99092,34,14,1,15,0
2020-03-30,Orange,059,3164182,1280,418,13,431,5
2020-03-30,Placer,061,380077,118,44,0,44,2
2020-03-30,Plumas,063,18699,1,0,0,0,0
2020-03-30,Riverside,065,2383286,1203,204,12,216,7
2020-03-30,Sacramento,067,1510023,585,238,0,238,8
2020-03-30,San Benito,069,59416,29,11,0,11,1
2020-03-30,San Bernardino,071,2135413,702,145,0,145,4
2020-03-30,San Diego,073,3302833,1510,605,0,605,7
2020-03-30,San Francisco,075,870044,714,368,0,368,5
2020-03-30,San Joaquin,077,732212,228,112,3,115,5
2020-03-30,San Luis Obispo,079,281455,126,62,1,63,0
2020-03-30,San Mateo,081,765935,717,257,2,259,11
2020-03-30,Santa Barbara,083,443738,212,79,1,80,0
2020-03-30,Santa Clara,085,1922200,1397,745,3,748,31
2020-03-30,Santa Cruz,087,273765,81,36,0,36,1
2020-03-30,Shasta,089,179085,21,4,0,4,1
2020-03-30,Sierra,091,2930,0,0,0,0,0
2020-03-30,Siskiyou,093,43540,4,2,0,2,0
2020-03-30,Solano,095,438530,111,50,0,50,0
2020-03-30,Sonoma,097,501317,145,57,0,57,1
2020-03-30,Stanislaus,099,539301,95,28,3,31,0
2020-03-30,Sutter,101,95872,20,6,0,6,0
2020-03-30,Tehama,103,63373,1,0,0,0,0
2020-03-30,Trinity,105,12862,0,0,0,0,0
2020-03-30,Tulare,107,460477,147,40,3,43,1
2020-03-30,Tuolumne,109,53932,3,1,0,1,0
2020-03-30,Ventura,111,848112,301,118,0,118,2
2020-03-30,Yolo,113,214977,57,17,0,17,1
2020-03-30,Yuba,115,75493,8,5,0,5,0
2020-03-29,Alameda,001,1643700,643,207,1,208,6
2020-03-29,Alpine,003,1148,1,0,0,0,0
2020-03-29,Amador,005,37829,5,1,0,1,0
2020-03-29,Butte,007,227075,15,4,1,5,0
2020-03-29,Calaveras,009,45235,6,2,0,2,0
2020-03-29,Colusa,011,21464,3,1,0,1,0
2020-03-29,Contra Costa,013,1133247,443,187,0,187,3
2020-03-29,Del Norte,015,27424,0,0,0,0,0
2020-03-29,El Dorado,017,186661,32,9,0,9,0
2020-03-29,Fresno,019,978130,203,31,3,34,0
2020-03-29,Glenn,021,27897,2,1,0,1,0
2020-03-29,Humboldt,023,135768,46,9,0,9,0
2020-03-29,Imperial,025,180216,79,9,0,9,0
2020-03-29,Inyo,027,18085,9,0,0,0,0
2020-03-29,Kern,029,883053,230,20,0,20,0
2020-03-29,Kings,031,150075,27,1,0,1,0
2020-03-29,Lake,033,64148,0,0,0,0,0
2020-03-29,Lassen,035,31185,3,0,1,1,0
2020-03-29,Los Angeles,037,10098052,5795,2119,11,2130,37
2020-03-29,Madera,039,155013,43,11,0,11,1
2020-03-29,Marin,041,260295,125,60,0,60,0
2020-03-29,Mariposa,043,17540,0,0,0,0,0
2020-03-29,Mendocino,045,87422,5,2,0,2,0
2020-03-29,Merced,047,269075,34,4,0,4,0
2020-03-29,Modoc,049,8938,0,0,0,0,0
2020-03-29,Mono,051,14174,26,8,0,8,0
2020-03-29,Monterey,053,433212,73,36,0,36,1
2020-03-29,Napa,055,140530,32,5,0,5,0
2020-03-29,Nevada,057,99092,32,13,1,14,0
2020-03-29,Orange,059,3164182,1207,343,13,356,2
2020-03-29,Placer,061,380077,117,35,0,35,2
2020-03-29,Plumas,063,18699,1,0,0,0,0
2020-03-29,Riverside,065,2383286,1079,122,12,134,7
2020-03-29,Sacramento,067,1510023,545,217,0,217,7
2020-03-29,San Benito,069,59416,28,10,0,10,1
2020-03-29,San Bernardino,071,2135413,650,94,0,94,2
2020-03-29,San Diego,073,3302833,1438,521,0,521,7
2020-03-29,San Francisco,075,870044,670,333,0,333,5
2020-03-29,San Joaquin,077,732212,219,86,3,89,4
2020-03-29,San Luis Obispo,079,281455,119,55,0,55,0
2020-03-29,San Mateo,081,765935,692,234,2,236,12
2020-03-29,Santa Barbara,083,443738,204,52,1,53,0
2020-03-29,Santa Clara,085,1922200,1340,591,3,594,30
2020-03-29,Santa Cruz,087,273765,81,33,0,33,1
2020-03-29,Shasta,089,179085,20,4,0,4,1
2020-03-29,Sierra,091,2930,0,0,0,0,0
2020-03-29,Siskiyou,093,43540,4,2,0,2,0
2020-03-29,Solano,095,438530,103,48,0,48,0
2020-03-29,Sonoma,097,501317,143,35,0,35,1
2020-03-29,Stanislaus,099,539301,90,19,3,22,0
2020-03-29,Sutter,101,95872,17,6,0,6,0
2020-03-29,Tehama,103,63373,1,0,0,0,0
2020-03-29,Trinity,105,12862,0,0,0,0,0
2020-03-29,Tulare,107,460477,122,24,3,27,1
2020-03-29,Tuolumne,109,53932,2,1,0,1,0
2020-03-29,Ventura,111,848112,274,92,0,92,2
2020-03-29,Yolo,113,214977,52,13,0,13,1
2020-03-29,Yuba,115,75493,8,3,0,3,0
2020-03-28,Alameda,001,1643700,616,410,1,411,12
2020-03-28,Alpine,003,1148,1,0,0,0,0
2020-03-28,Amador,005,37829,5,2,0,2,0
2020-03-28,Butte,007,227075,15,8,1,9,0
2020-03-28,Calaveras,009,45235,6,4,0,4,0
2020-03-28,Colusa,011,21464,3,2,0,2,0
2020-03-28,Contra Costa,013,1133247,420,350,0,350,4
2020-03-28,Del Norte,015,27424,0,0,0,0,0
2020-03-28,El Dorado,017,186661,31,18,0,18,0
2020-03-28,Fresno,019,978130,193,62,3,65,0
2020-03-28,Glenn,021,27897,2,2,0,2,0
2020-03-28,Humboldt,023,135768,46,18,0,18,0
2020-03-28,Imperial,025,180216,74,18,0,18,0
2020-03-28,Inyo,027,18085,9,0,0,0,0
2020-03-28,Kern,029,883053,213,40,0,40,0
2020-03-28,Kings,031,150075,26,2,0,2,0
2020-03-28,Lake,033,64148,0,0,0,0,0
2020-03-28,Lassen,035,31185,3,0,1,1,0
2020-03-28,Los Angeles,037,10098052,5410,3600,10,3610,64
2020-03-28,Madera,039,155013,43,22,0,22,2
2020-03-28,Marin,041,260295,120,116,0,116,0
2020-03-28,Mariposa,043,17540,0,0,0,0,0
2020-03-28,Mendocino,045,87422,5,4,0,4,0
2020-03-28,Merced,047,269075,33,8,0,8,0
2020-03-28,Modoc,049,8938,0,0,0,0,0
2020-03-28,Mono,051,14174,24,12,0,12,0
2020-03-28,Monterey,053,433212,72,64,0,64,2
2020-03-28,Napa,055,140530,27,10,0,10,0
2020-03-28,Nevada,057,99092,32,22,1,23,0
2020-03-28,Orange,059,3164182,1171,656,13,669,4
2020-03-28,Placer,061,380077,112,70,0,70,2
2020-03-28,Plumas,063,18699,1,0,0,0,0
2020-03-28,Riverside,065,2383286,1011,242,12,254,14
2020-03-28,Sacramento,067,1510023,527,406,0,406,14
2020-03-28,San Benito,069,59416,28,20,0,20,2
2020-03-28,San Bernardino,071,2135413,603,162,0,162,4
2020-03-28,San Diego,073,3302833,1379,980,0,980,14
2020-03-28,San Francisco,075,870044,646,600,0,600,6
2020-03-28,San Joaquin,077,732212,212,166,3,169,8
2020-03-28,San Luis Obispo,079,281455,117,104,0,104,0
2020-03-28,San Mateo,081,765935,672,462,2,464,17
2020-03-28,Santa Barbara,083,443738,194,98,1,99,0
2020-03-28,Santa Clara,085,1922200,1321,1174,3,1177,54
2020-03-28,Santa Cruz,087,273765,80,62,0,62,0
2020-03-28,Shasta,089,179085,20,8,0,8,2
2020-03-28,Sierra,091,2930,0,0,0,0,0
2020-03-28,Siskiyou,093,43540,4,4,0,4,0
2020-03-28,Solano,095,438530,99,96,0,96,0
2020-03-28,Sonoma,097,501317,141,70,0,70,2
2020-03-28,Stanislaus,099,539301,85,34,3,37,0
2020-03-28,Sutter,101,95872,17,6,0,6,0
2020-03-28,Tehama,103,63373,1,0,0,0,0
2020-03-28,Trinity,105,12862,0,0,0,0,0
2020-03-28,Tulare,107,460477,114,46,3,49,0
2020-03-28,Tuolumne,109,53932,2,2,0,2,0
2020-03-28,Ventura,111,848112,270,178,0,178,4
2020-03-28,Yolo,113,214977,51,26,0,26,2
2020-03-28,Yuba,115,75493,8,6,0,6,0
2020-03-27,Alameda,001,1643700,597,185,1,186,4
2020-03-27,Alpine,003,1148,1,0,0,0,0
2020-03-27,Amador,005,37829,4,1,0,1,0
2020-03-27,Butte,007,227075,13,4,1,5,0
2020-03-27,Calaveras,009,45235,6,2,0,2,0
2020-03-27,Colusa,011,21464,3,0,0,0,0
2020-03-27,Contra Costa,013,1133247,399,161,0,161,2
2020-03-27,Del Norte,015,27424,0,0,0,0,0
2020-03-27,El Dorado,017,186661,29,9,0,9,0
2020-03-27,Fresno,019,978130,181,29,2,31,0
2020-03-27,Glenn,021,27897,2,0,0,0,0
2020-03-27,Humboldt,023,135768,42,9,0,9,0
2020-03-27,Imperial,025,180216,69,9,0,9,0
2020-03-27,Inyo,027,18085,9,0,0,0,0
2020-03-27,Kern,029,883053,200,20,0,20,0
2020-03-27,Kings,031,150075,25,0,0,0,0
2020-03-27,Lake,033,64148,0,0,0,0,0
2020-03-27,Lassen,035,31185,3,0,1,1,0
2020-03-27,Los Angeles,037,10098052,5004,1474,10,1484,26
2020-03-27,Madera,039,155013,41,10,0,10,1
2020-03-27,Marin,041,260295,115,58,0,58,0
2020-03-27,Mariposa,043,17540,0,0,0,0,0
2020-03-27,Mendocino,045,87422,5,2,0,2,0
2020-03-27,Merced,047,269075,31,3,0,3,0
2020-03-27,Modoc,049,8938,0,0,0,0,0
2020-03-27,Mono,051,14174,24,6,0,6,0
2020-03-27,Monterey,053,433212,69,26,0,26,1
2020-03-27,Napa,055,140530,27,5,0,5,0
2020-03-27,Nevada,057,99092,32,6,1,7,0
2020-03-27,Orange,059,3164182,1121,299,13,312,2
2020-03-27,Placer,061,380077,109,33,0,33,1
2020-03-27,Plumas,063,18699,0,0,0,0,0
2020-03-27,Riverside,065,2383286,955,121,12,133,7
2020-03-27,Sacramento,067,1510023,504,163,0,163,6
2020-03-27,San Benito,069,59416,27,9,0,9,1
2020-03-27,San Bernardino,071,2135413,513,77,0,77,2
2020-03-27,San Diego,073,3302833,1322,419,0,419,5
2020-03-27,San Francisco,075,870044,621,285,0,285,2
2020-03-27,San Joaquin,077,732212,201,73,3,76,3
2020-03-27,San Luis Obispo,079,281455,115,46,0,46,0
2020-03-27,San Mateo,081,765935,646,213,2,215,7
2020-03-27,Santa Barbara,083,443738,180,37,1,38,0
2020-03-27,Santa Clara,085,1922200,1283,557,3,560,25
2020-03-27,Santa Cruz,087,273765,79,31,0,31,0
2020-03-27,Shasta,089,179085,17,3,0,3,1
2020-03-27,Sierra,091,2930,0,0,0,0,0
2020-03-27,Siskiyou,093,43540,4,2,0,2,0
2020-03-27,Solano,095,438530,93,48,0,48,0
2020-03-27,Sonoma,097,501317,133,35,0,35,1
2020-03-27,Stanislaus,099,539301,83,16,3,19,0
2020-03-27,Sutter,101,95872,16,2,0,2,0
2020-03-27,Tehama,103,63373,1,0,0,0,0
2020-03-27,Trinity,105,12862,0,0,0,0,0
2020-03-27,Tulare,107,460477,106,15,3,18,0
2020-03-27,Tuolumne,109,53932,2,1,0,1,0
2020-03-27,Ventura,111,848112,261,80,0,80,2
2020-03-27,Yolo,113,214977,50,13,0,13,1
2020-03-27,Yuba,115,75493,7,3,0,3,0
2020-03-26,Alameda,001,1643700,557,172,1,173,4
2020-03-26,Alpine,003,1148,1,0,0,0,0
2020-03-26,Amador,005,37829,4,1,0,1,0
2020-03-26,Butte,007,227075,13,4,1,5,0
2020-03-26,Calaveras,009,45235,6,2,0,2,0
2020-03-26,Colusa,011,21464,3,0,0,0,0
2020-03-26,Contra Costa,013,1133247,388,147,0,147,2
2020-03-26,Del Norte,015,27424,0,0,0,0,0
2020-03-26,El Dorado,017,186661,27,7,0,7,0
2020-03-26,Fresno,019,978130,172,25,2,27,0
2020-03-26,Glenn,021,27897,2,0,0,0,0
2020-03-26,Humboldt,023,135768,38,8,0,8,0
2020-03-26,Imperial,025,180216,65,8,0,8,0
2020-03-26,Inyo,027,18085,8,0,0,0,0
2020-03-26,Kern,029,883053,184,20,0,20,0
2020-03-26,Kings,031,150075,25,0,0,0,0
2020-03-26,Lake,033,64148,0,0,0,0,0
2020-03-26,Lassen,035,31185,3,0,1,1,0
2020-03-26,Los Angeles,037,10098052,4597,1075,10,1085,19
2020-03-26,Madera,039,155013,39,8,0,8,0
2020-03-26,Marin,041,260295,106,56,0,56,0
2020-03-26,Mariposa,043,17540,0,0,0,0,0
2020-03-26,Mendocino,045,87422,4,1,0,1,0
2020-03-26,Merced,047,269075,29,1,0,1,0
2020-03-26,Modoc,049,8938,0,0,0,0,0
2020-03-26,Mono,051,14174,23,5,0,5,0
2020-03-26,Monterey,053,433212,66,25,0,25,1
2020-03-26,Napa,055,140530,26,5,0,5,0
2020-03-26,Nevada,057,99092,32,7,1,8,0
2020-03-26,Orange,059,3164182,1059,279,11,290,1
2020-03-26,Placer,061,380077,106,34,0,34,1
2020-03-26,Plumas,063,18699,0,0,0,0,0
2020-03-26,Riverside,065,2383286,884,118,12,130,7
2020-03-26,Sacramento,067,1510023,471,147,0,147,5
2020-03-26,San Benito,069,59416,27,8,0,8,1
2020-03-26,San Bernardino,071,2135413,447,57,0,57,1
2020-03-26,San Diego,073,3302833,1255,299,0,299,2
2020-03-26,San Francisco,075,870044,594,261,0,261,1
2020-03-26,San Joaquin,077,732212,190,69,3,72,3
2020-03-26,San Luis Obispo,079,281455,110,38,0,38,0
2020-03-26,San Mateo,081,765935,612,122,2,124,5
2020-03-26,Santa Barbara,083,443738,167,33,1,34,0
2020-03-26,Santa Clara,085,1922200,1238,487,2,489,20
2020-03-26,Santa Cruz,087,273765,75,30,0,30,0
2020-03-26,Shasta,089,179085,17,3,0,3,1
2020-03-26,Sierra,091,2930,0,0,0,0,0
2020-03-26,Siskiyou,093,43540,4,2,0,2,0
2020-03-26,Solano,095,438530,85,41,0,41,0
2020-03-26,Sonoma,097,501317,128,33,0,33,1
2020-03-26,Stanislaus,099,539301,81,15,3,18,0
2020-03-26,Sutter,101,95872,12,2,0,2,0
2020-03-26,Tehama,103,63373,1,0,0,0,0
2020-03-26,Trinity,105,12862,0,0,0,0,0
2020-03-26,Tulare,107,460477,97,15,3,18,0
2020-03-26,Tuolumne,109,53932,2,0,0,0,0
2020-03-26,Ventura,111,848112,245,70,0,70,1
2020-03-26,Yolo,113,214977,46,13,0,13,1
2020-03-26,Yuba,115,75493,7,3,0,3,0
2020-03-25,Alameda,001,1643700,536,134,1,135,3
2020-03-25,Alpine,003,1148,1,0,0,0,0
2020-03-25,Amador,005,37829,4,1,0,1,0
2020-03-25,Butte,007,227075,13,4,1,5,0
2020-03-25,Calaveras,009,45235,6,2,0,2,0
2020-03-25,Colusa,011,21464,2,0,0,0,0
2020-03-25,Contra Costa,013,1133247,374,131,0,131,1
2020-03-25,Del Norte,015,27424,0,0,0,0,0
2020-03-25,El Dorado,017,186661,27,5,0,5,0
2020-03-25,Fresno,019,978130,152,21,2,23,0
2020-03-25,Glenn,021,27897,2,0,0,0,0
2020-03-25,Humboldt,023,135768,35,3,0,3,0
2020-03-25,Imperial,025,180216,57,8,0,8,0
2020-03-25,Inyo,027,18085,5,0,0,0,0
2020-03-25,Kern,029,883053,164,13,0,13,0
2020-03-25,Kings,031,150075,23,0,0,0,0
2020-03-25,Lake,033,64148,0,0,0,0,0
2020-03-25,Lassen,035,31185,3,0,1,1,0
2020-03-25,Los Angeles,037,10098052,4198,725,10,735,10
2020-03-25,Madera,039,155013,37,6,0,6,0
2020-03-25,Marin,041,260295,100,47,0,47,0
2020-03-25,Mariposa,043,17540,0,0,0,0,0
2020-03-25,Mendocino,045,87422,3,1,0,1,0
2020-03-25,Merced,047,269075,26,0,0,0,0
2020-03-25,Modoc,049,8938,0,0,0,0,0
2020-03-25,Mono,051,14174,22,4,0,4,0
2020-03-25,Monterey,053,433212,63,23,0,23,1
2020-03-25,Napa,055,140530,26,5,0,5,0
2020-03-25,Nevada,057,99092,31,5,1,6,0
2020-03-25,Orange,059,3164182,1001,214,9,223,1
2020-03-25,Placer,061,380077,100,30,0,30,1
2020-03-25,Plumas,063,18699,0,1,0,1,0
2020-03-25,Riverside,065,2383286,813,87,12,99,5
2020-03-25,Sacramento,067,1510023,445,114,0,114,5
2020-03-25,San Benito,069,59416,26,4,0,4,1
2020-03-25,San Bernardino,071,2135413,408,46,0,46,1
2020-03-25,San Diego,073,3302833,1193,238,0,238,2
2020-03-25,San Francisco,075,870044,553,212,0,212,1
2020-03-25,San Joaquin,077,732212,177,64,3,67,2
2020-03-25,San Luis Obispo,079,281455,105,35,0,35,0
2020-03-25,San Mateo,081,765935,577,111,2,113,5
2020-03-25,Santa Barbara,083,443738,157,25,1,26,0
2020-03-25,Santa Clara,085,1922200,1194,452,2,454,20
2020-03-25,Santa Cruz,087,273765,72,26,0,26,0
2020-03-25,Shasta,089,179085,16,3,0,3,1
2020-03-25,Sierra,091,2930,0,0,0,0,0
2020-03-25,Siskiyou,093,43540,4,2,0,2,0
2020-03-25,Solano,095,438530,80,39,0,39,0
2020-03-25,Sonoma,097,501317,123,31,0,31,1
2020-03-25,Stanislaus,099,539301,74,14,3,17,0
2020-03-25,Sutter,101,95872,9,1,0,1,0
2020-03-25,Tehama,103,63373,1,0,0,0,0
2020-03-25,Trinity,105,12862,0,0,0,0,0
2020-03-25,Tulare,107,460477,87,11,3,14,0
2020-03-25,Tuolumne,109,53932,2,0,0,0,0
2020-03-25,Ventura,111,848112,229,53,0,53,1
2020-03-25,Yolo,113,214977,44,9,0,9,1
2020-03-25,Yuba,115,75493,7,2,0,2,0
2020-03-24,Alameda,001,1643700,504,96,1,97,2
2020-03-24,Alpine,003,1148,1,0,0,0,0
2020-03-24,Amador,005,37829,2,1,0,1,0
2020-03-24,Butte,007,227075,12,3,1,4,0
2020-03-24,Calaveras,009,45235,5,2,0,2,0
2020-03-24,Colusa,011,21464,2,0,0,0,0
2020-03-24,Contra Costa,013,1133247,361,108,0,108,1
2020-03-24,Del Norte,015,27424,0,0,0,0,0
2020-03-24,El Dorado,017,186661,27,3,0,3,0
2020-03-24,Fresno,019,978130,133,18,2,20,0
2020-03-24,Glenn,021,27897,2,0,0,0,0
2020-03-24,Humboldt,023,135768,33,2,0,2,0
2020-03-24,Imperial,025,180216,54,3,0,3,0
2020-03-24,Inyo,027,18085,5,0,0,0,0
2020-03-24,Kern,029,883053,144,5,0,5,0
2020-03-24,Kings,031,150075,22,0,0,0,0
2020-03-24,Lake,033,64148,0,0,0,0,0
2020-03-24,Lassen,035,31185,3,0,1,1,0
2020-03-24,Los Angeles,037,10098052,3754,633,10,643,7
2020-03-24,Madera,039,155013,36,6,0,6,0
2020-03-24,Marin,041,260295,89,44,0,44,0
2020-03-24,Mariposa,043,17540,0,0,0,0,0
2020-03-24,Mendocino,045,87422,3,1,0,1,0
2020-03-24,Merced,047,269075,24,0,0,0,0
2020-03-24,Modoc,049,8938,0,0,0,0,0
2020-03-24,Mono,051,14174,21,1,0,1,0
2020-03-24,Monterey,053,433212,59,23,0,23,1
2020-03-24,Napa,055,140530,23,2,0,2,0
2020-03-24,Nevada,057,99092,30,4,1,5,0
2020-03-24,Orange,059,3164182,939,166,9,175,0
2020-03-24,Placer,061,380077,93,22,0,22,1
2020-03-24,Plumas,063,18699,0,1,0,1,0
2020-03-24,Riverside,065,2383286,746,56,12,68,5
2020-03-24,Sacramento,067,1510023,426,93,0,93,4
2020-03-24,San Benito,069,59416,25,4,0,4,1
2020-03-24,San Bernardino,071,2135413,364,27,0,27,0
2020-03-24,San Diego,073,3302833,1126,231,0,231,2
2020-03-24,San Francisco,075,870044,521,181,0,181,1
2020-03-24,San Joaquin,077,732212,166,52,3,55,2
2020-03-24,San Luis Obispo,079,281455,102,32,0,32,0
2020-03-24,San Mateo,081,765935,536,100,2,102,2
2020-03-24,Santa Barbara,083,443738,151,20,1,21,0
2020-03-24,Santa Clara,085,1922200,1125,389,2,391,17
2020-03-24,Santa Cruz,087,273765,67,22,0,22,0
2020-03-24,Shasta,089,179085,15,3,0,3,0
2020-03-24,Sierra,091,2930,0,0,0,0,0
2020-03-24,Siskiyou,093,43540,4,2,0,2,0
2020-03-24,Solano,095,438530,78,34,0,34,0
2020-03-24,Sonoma,097,501317,116,27,0,27,1
2020-03-24,Stanislaus,099,539301,65,13,3,16,0
2020-03-24,Sutter,101,95872,9,0,0,0,0
2020-03-24,Tehama,103,63373,1,0,0,0,0
2020-03-24,Trinity,105,12862,0,0,0,0,0
2020-03-24,Tulare,107,460477,77,10,3,13,0
2020-03-24,Tuolumne,109,53932,2,0,0,0,0
2020-03-24,Ventura,111,848112,213,44,0,44,1
2020-03-24,Yolo,113,214977,40,8,0,8,0
2020-03-24,Yuba,115,75493,7,2,0,2,0
2020-03-23,Alameda,001,1643700,472,88,1,89,1
2020-03-23,Alpine,003,1148,1,0,0,0,0
2020-03-23,Amador,005,37829,2,1,0,1,0
2020-03-23,Butte,007,227075,12,2,0,2,0
2020-03-23,Calaveras,009,45235,5,2,0,2,0
2020-03-23,Colusa,011,21464,1,0,0,0,0
2020-03-23,Contra Costa,013,1133247,341,91,0,91,2
2020-03-23,Del Norte,015,27424,0,0,0,0,0
2020-03-23,El Dorado,017,186661,26,3,0,3,0
2020-03-23,Fresno,019,978130,123,10,2,12,0
2020-03-23,Glenn,021,27897,2,0,0,0,0
2020-03-23,Humboldt,023,135768,31,2,0,2,0
2020-03-23,Imperial,025,180216,50,2,0,2,0
2020-03-23,Inyo,027,18085,3,0,0,0,0
2020-03-23,Kern,029,883053,130,5,0,5,0
2020-03-23,Kings,031,150075,22,0,0,0,0
2020-03-23,Lake,033,64148,0,0,0,0,0
2020-03-23,Lassen,035,31185,3,0,1,1,0
2020-03-23,Los Angeles,037,10098052,3446,389,10,399,4
2020-03-23,Madera,039,155013,36,4,0,4,0
2020-03-23,Marin,041,260295,84,30,0,30,0
2020-03-23,Mariposa,043,17540,0,0,0,0,0
2020-03-23,Mendocino,045,87422,3,1,0,1,0
2020-03-23,Merced,047,269075,18,0,0,0,0
2020-03-23,Modoc,049,8938,0,0,0,0,0
2020-03-23,Mono,051,14174,19,1,0,1,0
2020-03-23,Monterey,053,433212,54,14,0,14,1
2020-03-23,Napa,055,140530,21,1,0,1,0
2020-03-23,Nevada,057,99092,27,2,1,3,0
2020-03-23,Orange,059,3164182,884,138,7,145,0
2020-03-23,Placer,061,380077,90,19,0,19,1
2020-03-23,Plumas,063,18699,0,0,0,0,0
2020-03-23,Riverside,065,2383286,703,39,12,51,5
2020-03-23,Sacramento,067,1510023,393,87,0,87,4
2020-03-23,San Benito,069,59416,24,4,0,4,1
2020-03-23,San Bernardino,071,2135413,334,17,0,17,0
2020-03-23,San Diego,073,3302833,1067,178,0,178,1
2020-03-23,San Francisco,075,870044,492,152,0,152,0
2020-03-23,San Joaquin,077,732212,154,37,3,40,2
2020-03-23,San Luis Obispo,079,281455,96,23,0,23,0
2020-03-23,San Mateo,081,765935,497,88,2,90,1
2020-03-23,Santa Barbara,083,443738,133,18,1,19,0
2020-03-23,Santa Clara,085,1922200,1076,336,2,338,13
2020-03-23,Santa Cruz,087,273765,65,21,0,21,0
2020-03-23,Shasta,089,179085,13,2,0,2,0
2020-03-23,Sierra,091,2930,0,0,0,0,0
2020-03-23,Siskiyou,093,43540,4,2,0,2,0
2020-03-23,Solano,095,438530,74,33,0,33,0
2020-03-23,Sonoma,097,501317,104,19,0,19,1
2020-03-23,Stanislaus,099,539301,57,10,3,13,0
2020-03-23,Sutter,101,95872,9,0,0,0,0
2020-03-23,Tehama,103,63373,1,0,0,0,0
2020-03-23,Trinity,105,12862,0,0,0,0,0
2020-03-23,Tulare,107,460477,68,9,3,12,0
2020-03-23,Tuolumne,109,53932,2,0,0,0,0
2020-03-23,Ventura,111,848112,196,30,0,30,0
2020-03-23,Yolo,113,214977,39,8,0,8,0
2020-03-23,Yuba,115,75493,7,2,0,2,0
2020-03-22,Alameda,001,1643700,433,72,1,73,1
2020-03-22,Alpine,003,1148,1,0,0,0,0
2020-03-22,Amador,005,37829,2,1,0,1,0
2020-03-22,Butte,007,227075,8,1,0,1,0
2020-03-22,Calaveras,009,45235,4,2,0,2,0
2020-03-22,Colusa,011,21464,1,0,0,0,0
2020-03-22,Contra Costa,013,1133247,314,79,0,79,1
2020-03-22,Del Norte,015,27424,0,0,0,0,0
2020-03-22,El Dorado,017,186661,24,1,0,1,0
2020-03-22,Fresno,019,978130,103,8,2,10,0
2020-03-22,Glenn,021,27897,2,0,0,0,0
2020-03-22,Humboldt,023,135768,28,1,0,1,0
2020-03-22,Imperial,025,180216,48,2,0,2,0
2020-03-22,Inyo,027,18085,1,0,0,0,0
2020-03-22,Kern,029,883053,114,3,0,3,0
2020-03-22,Kings,031,150075,19,0,0,0,0
2020-03-22,Lake,033,64148,0,0,0,0,0
2020-03-22,Lassen,035,31185,3,0,1,1,0
2020-03-22,Los Angeles,037,10098052,3116,384,10,394,3
2020-03-22,Madera,039,155013,33,4,0,4,0
2020-03-22,Marin,041,260295,74,30,0,30,0
2020-03-22,Mariposa,043,17540,0,0,0,0,0
2020-03-22,Mendocino,045,87422,3,1,0,1,0
2020-03-22,Merced,047,269075,15,0,0,0,0
2020-03-22,Modoc,049,8938,0,0,0,0,0
2020-03-22,Mono,051,14174,14,1,0,1,0
2020-03-22,Monterey,053,433212,51,14,0,14,1
2020-03-22,Napa,055,140530,17,1,0,1,0
2020-03-22,Nevada,057,99092,23,2,1,3,0
2020-03-22,Orange,059,3164182,811,102,4,106,0
2020-03-22,Placer,061,380077,88,18,0,18,1
2020-03-22,Plumas,063,18699,0,0,0,0,0
2020-03-22,Riverside,065,2383286,613,26,8,34,5
2020-03-22,Sacramento,067,1510023,361,82,0,82,4
2020-03-22,San Benito,069,59416,19,4,0,4,1
2020-03-22,San Bernardino,071,2135413,290,16,0,16,0
2020-03-22,San Diego,073,3302833,979,161,0,161,0
2020-03-22,San Francisco,075,870044,455,134,0,134,0
2020-03-22,San Joaquin,077,732212,140,30,3,33,2
2020-03-22,San Luis Obispo,079,281455,89,19,0,19,0
2020-03-22,San Mateo,081,765935,464,82,2,84,1
2020-03-22,Santa Barbara,083,443738,119,16,1,17,0
2020-03-22,Santa Clara,085,1922200,1012,284,2,286,13
2020-03-22,Santa Cruz,087,273765,64,19,0,19,0
2020-03-22,Shasta,089,179085,13,1,0,1,0
2020-03-22,Sierra,091,2930,0,0,0,0,0
2020-03-22,Siskiyou,093,43540,4,2,0,2,0
2020-03-22,Solano,095,438530,65,30,0,30,0
2020-03-22,Sonoma,097,501317,99,18,0,18,1
2020-03-22,Stanislaus,099,539301,51,8,3,11,0
2020-03-22,Sutter,101,95872,8,0,0,0,0
2020-03-22,Tehama,103,63373,0,0,0,0,0
2020-03-22,Trinity,105,12862,0,0,0,0,0
2020-03-22,Tulare,107,460477,62,5,3,8,0
2020-03-22,Tuolumne,109,53932,2,0,0,0,0
2020-03-22,Ventura,111,848112,174,26,0,26,0
2020-03-22,Yolo,113,214977,33,6,0,6,0
2020-03-22,Yuba,115,75493,7,2,0,2,0
2020-03-21,Alameda,001,1643700,409,62,1,63,0
2020-03-21,Alpine,003,1148,1,0,0,0,0
2020-03-21,Amador,005,37829,2,1,0,1,0
2020-03-21,Butte,007,227075,7,1,0,1,0
2020-03-21,Calaveras,009,45235,4,2,0,2,0
2020-03-21,Colusa,011,21464,1,0,0,0,0
2020-03-21,Contra Costa,013,1133247,303,62,0,62,1
2020-03-21,Del Norte,015,27424,0,0,0,0,0
2020-03-21,El Dorado,017,186661,21,1,0,1,0
2020-03-21,Fresno,019,978130,99,8,2,10,0
2020-03-21,Glenn,021,27897,2,0,0,0,0
2020-03-21,Humboldt,023,135768,25,1,0,1,0
2020-03-21,Imperial,025,180216,44,2,0,2,0
2020-03-21,Inyo,027,18085,1,0,0,0,0
2020-03-21,Kern,029,883053,108,3,0,3,0
2020-03-21,Kings,031,150075,19,0,0,0,0
2020-03-21,Lake,033,64148,0,0,0,0,0
2020-03-21,Lassen,035,31185,3,0,1,1,0
2020-03-21,Los Angeles,037,10098052,2839,322,10,332,2
2020-03-21,Madera,039,155013,33,4,0,4,0
2020-03-21,Marin,041,260295,69,30,0,30,0
2020-03-21,Mariposa,043,17540,0,0,0,0,0
2020-03-21,Mendocino,045,87422,3,1,0,1,0
2020-03-21,Merced,047,269075,11,0,0,0,0
2020-03-21,Modoc,049,8938,0,0,0,0,0
2020-03-21,Mono,051,14174,14,1,0,1,0
2020-03-21,Monterey,053,433212,48,8,0,8,1
2020-03-21,Napa,055,140530,17,0,0,0,0
2020-03-21,Nevada,057,99092,23,2,1,3,0
2020-03-21,Orange,059,3164182,762,85,4,89,0
2020-03-21,Placer,061,380077,78,11,0,11,1
2020-03-21,Plumas,063,18699,0,0,0,0,0
2020-03-21,Riverside,065,2383286,566,20,8,28,3
2020-03-21,Sacramento,067,1510023,334,66,0,66,3
2020-03-21,San Benito,069,59416,17,4,0,4,1
2020-03-21,San Bernardino,071,2135413,270,13,0,13,0
2020-03-21,San Diego,073,3302833,901,121,0,121,0
2020-03-21,San Francisco,075,870044,419,106,0,106,0
2020-03-21,San Joaquin,077,732212,131,26,3,29,2
2020-03-21,San Luis Obispo,079,281455,84,16,0,16,0
2020-03-21,San Mateo,081,765935,426,78,2,80,1
2020-03-21,Santa Barbara,083,443738,109,8,1,9,0
2020-03-21,Santa Clara,085,1922200,950,269,2,271,10
2020-03-21,Santa Cruz,087,273765,62,17,0,17,0
2020-03-21,Shasta,089,179085,12,1,0,1,0
2020-03-21,Sierra,091,2930,0,0,0,0,0
2020-03-21,Siskiyou,093,43540,4,0,0,0,0
2020-03-21,Solano,095,438530,63,30,0,30,0
2020-03-21,Sonoma,097,501317,98,15,0,15,1
2020-03-21,Stanislaus,099,539301,45,7,3,10,0
2020-03-21,Sutter,101,95872,7,0,0,0,0
2020-03-21,Tehama,103,63373,0,0,0,0,0
2020-03-21,Trinity,105,12862,0,0,0,0,0
2020-03-21,Tulare,107,460477,54,5,3,8,0
2020-03-21,Tuolumne,109,53932,2,0,0,0,0
2020-03-21,Ventura,111,848112,166,22,0,22,0
2020-03-21,Yolo,113,214977,33,6,0,6,0
2020-03-21,Yuba,115,75493,7,1,0,1,0
2020-03-20,Alameda,001,1643700,388,42,1,43,0
2020-03-20,Alpine,003,1148,1,0,0,0,0
2020-03-20,Amador,005,37829,1,0,0,0,0
2020-03-20,Butte,007,227075,7,0,0,0,0
2020-03-20,Calaveras,009,45235,4,2,0,2,0
2020-03-20,Colusa,011,21464,1,0,0,0,0
2020-03-20,Contra Costa,013,1133247,273,52,0,52,1
2020-03-20,Del Norte,015,27424,0,0,0,0,0
2020-03-20,El Dorado,017,186661,20,1,0,1,0
2020-03-20,Fresno,019,978130,96,7,2,9,0
2020-03-20,Glenn,021,27897,1,0,0,0,0
2020-03-20,Humboldt,023,135768,25,1,0,1,0
2020-03-20,Imperial,025,180216,43,2,0,2,0
2020-03-20,Inyo,027,18085,0,0,0,0,0
2020-03-20,Kern,029,883053,93,3,0,3,0
2020-03-20,Kings,031,150075,18,0,0,0,0
2020-03-20,Lake,033,64148,0,0,0,0,0
2020-03-20,Lassen,035,31185,3,0,1,1,0
2020-03-20,Los Angeles,037,10098052,2610,267,9,276,1
2020-03-20,Madera,039,155013,32,4,0,4,0
2020-03-20,Marin,041,260295,66,30,0,30,0
2020-03-20,Mariposa,043,17540,0,0,0,0,0
2020-03-20,Mendocino,045,87422,3,1,0,1,0
2020-03-20,Merced,047,269075,9,0,0,0,0
2020-03-20,Modoc,049,8938,0,0,0,0,0
2020-03-20,Mono,051,14174,14,0,0,0,0
2020-03-20,Monterey,053,433212,47,4,0,4,0
2020-03-20,Napa,055,140530,16,0,0,0,0
2020-03-20,Nevada,057,99092,20,2,1,3,0
2020-03-20,Orange,059,3164182,715,71,4,75,2
2020-03-20,Placer,061,380077,72,9,0,9,1
2020-03-20,Plumas,063,18699,0,0,0,0,0
2020-03-20,Riverside,065,2383286,507,19,8,27,3
2020-03-20,Sacramento,067,1510023,313,56,0,56,4
2020-03-20,San Benito,069,59416,17,4,0,4,1
2020-03-20,San Bernardino,071,2135413,243,9,0,9,0
2020-03-20,San Diego,073,3302833,849,98,0,98,0
2020-03-20,San Francisco,075,870044,387,87,0,87,0
2020-03-20,San Joaquin,077,732212,116,18,3,21,2
2020-03-20,San Luis Obispo,079,281455,80,11,0,11,0
2020-03-20,San Mateo,081,765935,396,71,2,73,1
2020-03-20,Santa Barbara,083,443738,97,7,1,8,0
2020-03-20,Santa Clara,085,1922200,914,246,2,248,8
2020-03-20,Santa Cruz,087,273765,60,13,0,13,0
2020-03-20,Shasta,089,179085,11,1,0,1,0
2020-03-20,Sierra,091,2930,0,0,0,0,0
2020-03-20,Siskiyou,093,43540,4,0,0,0,0
2020-03-20,Solano,095,438530,59,29,0,29,0
2020-03-20,Sonoma,097,501317,90,7,0,7,0
2020-03-20,Stanislaus,099,539301,39,7,3,10,0
2020-03-20,Sutter,101,95872,7,0,0,0,0
2020-03-20,Tehama,103,63373,0,0,0,0,0
2020-03-20,Trinity,105,12862,0,0,0,0,0
2020-03-20,Tulare,107,460477,50,4,3,7,0
2020-03-20,Tuolumne,109,53932,2,0,0,0,0
2020-03-20,Ventura,111,848112,156,18,0,18,0
2020-03-20,Yolo,113,214977,31,5,0,5,0
2020-03-20,Yuba,115,75493,6,0,0,0,0
2020-03-19,Alameda,001,1643700,352,36,1,37,0
2020-03-19,Alpine,003,1148,1,0,0,0,0
2020-03-19,Amador,005,37829,1,0,0,0,0
2020-03-19,Butte,007,227075,5,0,0,0,0
2020-03-19,Calaveras,009,45235,4,2,0,2,0
2020-03-19,Colusa,011,21464,0,0,0,0,0
2020-03-19,Contra Costa,013,1133247,257,46,0,46,0
2020-03-19,Del Norte,015,27424,0,0,0,0,0
2020-03-19,El Dorado,017,186661,18,0,0,0,0
2020-03-19,Fresno,019,978130,87,6,2,8,0
2020-03-19,Glenn,021,27897,1,0,0,0,0
2020-03-19,Humboldt,023,135768,23,1,0,1,0
2020-03-19,Imperial,025,180216,36,2,0,2,0
2020-03-19,Inyo,027,18085,0,0,0,0,0
2020-03-19,Kern,029,883053,81,3,0,3,0
2020-03-19,Kings,031,150075,14,0,0,0,0
2020-03-19,Lake,033,64148,0,0,0,0,0
2020-03-19,Lassen,035,31185,2,0,1,1,0
2020-03-19,Los Angeles,037,10098052,2319,233,9,242,0
2020-03-19,Madera,039,155013,31,3,0,3,0
2020-03-19,Marin,041,260295,63,19,0,19,0
2020-03-19,Mariposa,043,17540,0,0,0,0,0
2020-03-19,Mendocino,045,87422,2,1,0,1,0
2020-03-19,Merced,047,269075,8,0,0,0,0
2020-03-19,Modoc,049,8938,0,0,0,0,0
2020-03-19,Mono,051,14174,12,0,0,0,0
2020-03-19,Monterey,053,433212,39,3,0,3,0
2020-03-19,Napa,055,140530,14,0,0,0,0
2020-03-19,Nevada,057,99092,18,2,1,3,0
2020-03-19,Orange,059,3164182,634,59,4,63,0
2020-03-19,Placer,061,380077,64,8,0,8,1
2020-03-19,Plumas,063,18699,0,0,0,0,0
2020-03-19,Riverside,065,2383286,396,14,6,20,3
2020-03-19,Sacramento,067,1510023,280,52,0,52,3
2020-03-19,San Benito,069,59416,14,3,0,3,0
2020-03-19,San Bernardino,071,2135413,213,7,0,7,0
2020-03-19,San Diego,073,3302833,766,68,0,68,0
2020-03-19,San Francisco,075,870044,351,80,0,80,0
2020-03-19,San Joaquin,077,732212,102,15,3,18,2
2020-03-19,San Luis Obispo,079,281455,77,6,0,6,0
2020-03-19,San Mateo,081,765935,361,58,2,60,1
2020-03-19,Santa Barbara,083,443738,85,5,0,5,0
2020-03-19,Santa Clara,085,1922200,847,183,2,185,8
2020-03-19,Santa Cruz,087,273765,57,13,0,13,0
2020-03-19,Shasta,089,179085,10,1,0,1,0
2020-03-19,Sierra,091,2930,0,0,0,0,0
2020-03-19,Siskiyou,093,43540,3,0,0,0,0
2020-03-19,Solano,095,438530,55,26,0,26,0
2020-03-19,Sonoma,097,501317,87,8,0,8,0
2020-03-19,Stanislaus,099,539301,38,7,3,10,0
2020-03-19,Sutter,101,95872,7,0,0,0,0
2020-03-19,Tehama,103,63373,0,0,0,0,0
2020-03-19,Trinity,105,12862,0,0,0,0,0
2020-03-19,Tulare,107,460477,44,3,3,6,0
2020-03-19,Tuolumne,109,53932,2,0,0,0,0
2020-03-19,Ventura,111,848112,134,15,0,15,0
2020-03-19,Yolo,113,214977,27,5,0,5,0
2020-03-19,Yuba,115,75493,5,0,0,0,0
2020-03-18,Alameda,001,1643700,323,29,1,30,0
2020-03-18,Alpine,003,1148,1,0,0,0,0
2020-03-18,Amador,005,37829,1,0,0,0,0
2020-03-18,Butte,007,227075,4,0,0,0,0
2020-03-18,Calaveras,009,45235,4,2,0,2,0
2020-03-18,Colusa,011,21464,0,0,0,0,0
2020-03-18,Contra Costa,013,1133247,235,44,0,44,0
2020-03-18,Del Norte,015,27424,0,0,0,0,0
2020-03-18,El Dorado,017,186661,17,0,0,0,0
2020-03-18,Fresno,019,978130,78,3,1,4,0
2020-03-18,Glenn,021,27897,1,0,0,0,0
2020-03-18,Humboldt,023,135768,19,1,0,1,0
2020-03-18,Imperial,025,180216,30,2,0,2,0
2020-03-18,Inyo,027,18085,0,0,0,0,0
2020-03-18,Kern,029,883053,66,1,0,1,0
2020-03-18,Kings,031,150075,12,0,0,0,0
2020-03-18,Lake,033,64148,0,0,0,0,0
2020-03-18,Lassen,035,31185,1,0,1,1,0
2020-03-18,Los Angeles,037,10098052,2074,47,9,56,0
2020-03-18,Madera,039,155013,30,2,0,2,0
2020-03-18,Marin,041,260295,58,10,0,10,0
2020-03-18,Mariposa,043,17540,0,0,0,0,0
2020-03-18,Mendocino,045,87422,2,0,0,0,0
2020-03-18,Merced,047,269075,8,0,0,0,0
2020-03-18,Modoc,049,8938,0,0,0,0,0
2020-03-18,Mono,051,14174,11,0,0,0,0
2020-03-18,Monterey,053,433212,31,1,0,1,0
2020-03-18,Napa,055,140530,11,0,0,0,0
2020-03-18,Nevada,057,99092,16,2,1,3,0
2020-03-18,Orange,059,3164182,576,38,4,42,0
2020-03-18,Placer,061,380077,57,8,0,8,1
2020-03-18,Plumas,063,18699,0,0,0,0,0
2020-03-18,Riverside,065,2383286,333,11,5,16,2
2020-03-18,Sacramento,067,1510023,257,46,0,46,3
2020-03-18,San Benito,069,59416,13,3,0,3,0
2020-03-18,San Bernardino,071,2135413,191,3,0,3,0
2020-03-18,San Diego,073,3302833,681,40,0,40,0
2020-03-18,San Francisco,075,870044,332,65,0,65,0
2020-03-18,San Joaquin,077,732212,90,14,3,17,2
2020-03-18,San Luis Obispo,079,281455,70,5,0,5,0
2020-03-18,San Mateo,081,765935,340,57,2,59,1
2020-03-18,Santa Barbara,083,443738,77,2,0,2,0
2020-03-18,Santa Clara,085,1922200,796,151,2,153,6
2020-03-18,Santa Cruz,087,273765,55,11,0,11,0
2020-03-18,Shasta,089,179085,9,1,0,1,0
2020-03-18,Sierra,091,2930,0,0,0,0,0
2020-03-18,Siskiyou,093,43540,3,0,0,0,0
2020-03-18,Solano,095,438530,51,26,0,26,0
2020-03-18,Sonoma,097,501317,78,6,0,6,0
2020-03-18,Stanislaus,099,539301,34,5,2,7,0
2020-03-18,Sutter,101,95872,5,0,0,0,0
2020-03-18,Tehama,103,63373,0,0,0,0,0
2020-03-18,Trinity,105,12862,0,0,0,0,0
2020-03-18,Tulare,107,460477,34,3,3,6,0
2020-03-18,Tuolumne,109,53932,2,0,0,0,0
2020-03-18,Ventura,111,848112,115,11,0,11,0
2020-03-18,Yolo,113,214977,24,4,0,4,0
2020-03-18,Yuba,115,75493,4,0,0,0,0
2020-03-17,Alameda,001,1643700,291,19,0,19,0
2020-03-17,Alpine,003,1148,0,0,0,0,0
2020-03-17,Amador,005,37829,1,0,0,0,0
2020-03-17,Butte,007,227075,4,0,0,0,0
2020-03-17,Calaveras,009,45235,4,2,0,2,0
2020-03-17,Colusa,011,21464,0,0,0,0,0
2020-03-17,Contra Costa,013,1133247,213,37,0,37,0
2020-03-17,Del Norte,015,27424,0,0,0,0,0
2020-03-17,El Dorado,017,186661,16,0,0,0,0
2020-03-17,Fresno,019,978130,68,2,1,3,0
2020-03-17,Glenn,021,27897,1,0,0,0,0
2020-03-17,Humboldt,023,135768,17,1,0,1,0
2020-03-17,Imperial,025,180216,24,2,0,2,0
2020-03-17,Inyo,027,18085,0,0,0,0,0
2020-03-17,Kern,029,883053,52,0,0,0,0
2020-03-17,Kings,031,150075,9,0,0,0,0
2020-03-17,Lake,033,64148,0,0,0,0,0
2020-03-17,Lassen,035,31185,1,0,1,1,0
2020-03-17,Los Angeles,037,10098052,1865,41,9,50,0
2020-03-17,Madera,039,155013,22,2,0,2,0
2020-03-17,Marin,041,260295,51,4,0,4,0
2020-03-17,Mariposa,043,17540,0,0,0,0,0
2020-03-17,Mendocino,045,87422,2,0,0,0,0
2020-03-17,Merced,047,269075,8,0,0,0,0
2020-03-17,Modoc,049,8938,0,0,0,0,0
2020-03-17,Mono,051,14174,9,0,0,0,0
2020-03-17,Monterey,053,433212,29,0,0,0,0
2020-03-17,Napa,055,140530,8,0,0,0,0
2020-03-17,Nevada,057,99092,15,1,1,2,0
2020-03-17,Orange,059,3164182,498,24,3,27,0
2020-03-17,Placer,061,380077,47,7,0,7,1
2020-03-17,Plumas,063,18699,0,0,0,0,0
2020-03-17,Riverside,065,2383286,271,11,5,16,0
2020-03-17,Sacramento,067,1510023,237,36,0,36,1
2020-03-17,San Benito,069,59416,12,2,0,2,0
2020-03-17,San Bernardino,071,2135413,163,2,0,2,0
2020-03-17,San Diego,073,3302833,614,17,0,17,0
2020-03-17,San Francisco,075,870044,305,46,0,46,0
2020-03-17,San Joaquin,077,732212,84,11,3,14,0
2020-03-17,San Luis Obispo,079,281455,62,1,0,1,0
2020-03-17,San Mateo,081,765935,308,46,2,48,1
2020-03-17,Santa Barbara,083,443738,65,0,0,0,0
2020-03-17,Santa Clara,085,1922200,738,121,2,123,4
2020-03-17,Santa Cruz,087,273765,52,10,0,10,0
2020-03-17,Shasta,089,179085,5,1,0,1,0
2020-03-17,Sierra,091,2930,0,0,0,0,0
2020-03-17,Siskiyou,093,43540,3,0,0,0,0
2020-03-17,Solano,095,438530,48,27,0,27,0
2020-03-17,Sonoma,097,501317,70,4,0,4,0
2020-03-17,Stanislaus,099,539301,31,4,2,6,0
2020-03-17,Sutter,101,95872,5,0,0,0,0
2020-03-17,Tehama,103,63373,0,0,0,0,0
2020-03-17,Trinity,105,12862,0,0,0,0,0
2020-03-17,Tulare,107,460477,29,2,3,5,0
2020-03-17,Tuolumne,109,53932,2,0,0,0,0
2020-03-17,Ventura,111,848112,98,7,0,7,0
2020-03-17,Yolo,113,214977,20,2,0,2,0
2020-03-17,Yuba,115,75493,4,0,0,0,0
2020-03-16,Alameda,001,1643700,262,17,0,17,0
2020-03-16,Alpine,003,1148,0,0,0,0,0
2020-03-16,Amador,005,37829,1,0,0,0,0
2020-03-16,Butte,007,227075,3,0,0,0,0
2020-03-16,Calaveras,009,45235,4,2,0,2,0
2020-03-16,Colusa,011,21464,0,0,0,0,0
2020-03-16,Contra Costa,013,1133247,189,36,0,36,0
2020-03-16,Del Norte,015,27424,0,0,0,0,0
2020-03-16,El Dorado,017,186661,15,0,0,0,0
2020-03-16,Fresno,019,978130,53,2,1,3,0
2020-03-16,Glenn,021,27897,0,0,0,0,0
2020-03-16,Humboldt,023,135768,13,1,0,1,0
2020-03-16,Imperial,025,180216,19,2,0,2,0
2020-03-16,Inyo,027,18085,0,0,0,0,0
2020-03-16,Kern,029,883053,43,0,0,0,0
2020-03-16,Kings,031,150075,8,0,0,0,0
2020-03-16,Lake,033,64148,0,0,0,0,0
2020-03-16,Lassen,035,31185,1,0,0,0,0
2020-03-16,Los Angeles,037,10098052,1627,43,9,52,0
2020-03-16,Madera,039,155013,21,2,0,2,0
2020-03-16,Marin,041,260295,48,4,0,4,0
2020-03-16,Mariposa,043,17540,0,0,0,0,0
2020-03-16,Mendocino,045,87422,2,0,0,0,0
2020-03-16,Merced,047,269075,7,0,0,0,0
2020-03-16,Modoc,049,8938,0,0,0,0,0
2020-03-16,Mono,051,14174,7,0,0,0,0
2020-03-16,Monterey,053,433212,28,0,0,0,0
2020-03-16,Napa,055,140530,7,0,0,0,0
2020-03-16,Nevada,057,99092,11,1,1,2,0
2020-03-16,Orange,059,3164182,415,18,3,21,0
2020-03-16,Placer,061,380077,39,7,0,7,1
2020-03-16,Plumas,063,18699,0,0,0,0,0
2020-03-16,Riverside,065,2383286,235,10,5,15,0
2020-03-16,Sacramento,067,1510023,210,34,0,34,1
2020-03-16,San Benito,069,59416,8,2,0,2,0
2020-03-16,San Bernardino,071,2135413,143,1,0,1,0
2020-03-16,San Diego,073,3302833,523,17,0,17,0
2020-03-16,San Francisco,075,870044,267,40,0,40,0
2020-03-16,San Joaquin,077,732212,74,9,3,12,0
2020-03-16,San Luis Obispo,079,281455,55,1,0,1,0
2020-03-16,San Mateo,081,765935,269,42,2,44,1
2020-03-16,Santa Barbara,083,443738,55,0,0,0,0
2020-03-16,Santa Clara,085,1922200,658,115,1,116,2
2020-03-16,Santa Cruz,087,273765,45,9,0,9,0
2020-03-16,Shasta,089,179085,5,1,0,1,0
2020-03-16,Sierra,091,2930,0,0,0,0,0
2020-03-16,Siskiyou,093,43540,2,0,0,0,0
2020-03-16,Solano,095,438530,43,27,0,27,0
2020-03-16,Sonoma,097,501317,62,4,0,4,0
2020-03-16,Stanislaus,099,539301,27,2,2,4,0
2020-03-16,Sutter,101,95872,3,0,0,0,0
2020-03-16,Tehama,103,63373,0,0,0,0,0
2020-03-16,Trinity,105,12862,0,0,0,0,0
2020-03-16,Tulare,107,460477,25,2,3,5,0
2020-03-16,Tuolumne,109,53932,2,0,0,0,0
2020-03-16,Ventura,111,848112,88,7,0,7,0
2020-03-16,Yolo,113,214977,18,2,0,2,0
2020-03-16,Yuba,115,75493,3,0,0,0,0
2020-03-15,Alameda,001,1643700,215,17,0,17,0
2020-03-15,Alpine,003,1148,0,0,0,0,0
2020-03-15,Amador,005,37829,1,0,0,0,0
2020-03-15,Butte,007,227075,3,0,0,0,0
2020-03-15,Calaveras,009,45235,2,2,0,2,0
2020-03-15,Colusa,011,21464,0,0,0,0,0
2020-03-15,Contra Costa,013,1133247,164,34,0,34,0
2020-03-15,Del Norte,015,27424,0,0,0,0,0
2020-03-15,El Dorado,017,186661,14,0,0,0,0
2020-03-15,Fresno,019,978130,33,1,1,2,0
2020-03-15,Glenn,021,27897,0,0,0,0,0
2020-03-15,Humboldt,023,135768,11,1,0,1,0
2020-03-15,Imperial,025,180216,14,2,0,2,0
2020-03-15,Inyo,027,18085,0,0,0,0,0
2020-03-15,Kern,029,883053,37,0,0,0,0
2020-03-15,Kings,031,150075,8,0,0,0,0
2020-03-15,Lake,033,64148,0,0,0,0,0
2020-03-15,Lassen,035,31185,1,0,0,0,0
2020-03-15,Los Angeles,037,10098052,1379,41,9,50,0
2020-03-15,Madera,039,155013,20,2,0,2,0
2020-03-15,Marin,041,260295,41,3,0,3,0
2020-03-15,Mariposa,043,17540,0,0,0,0,0
2020-03-15,Mendocino,045,87422,2,0,0,0,0
2020-03-15,Merced,047,269075,4,0,0,0,0
2020-03-15,Modoc,049,8938,0,0,0,0,0
2020-03-15,Mono,051,14174,6,0,0,0,0
2020-03-15,Monterey,053,433212,21,0,0,0,0
2020-03-15,Napa,055,140530,7,0,0,0,0
2020-03-15,Nevada,057,99092,11,0,1,1,0
2020-03-15,Orange,059,3164182,347,16,1,17,0
2020-03-15,Placer,061,380077,33,7,0,7,1
2020-03-15,Plumas,063,18699,0,0,0,0,0
2020-03-15,Riverside,065,2383286,183,10,5,15,0
2020-03-15,Sacramento,067,1510023,174,30,0,30,1
2020-03-15,San Benito,069,59416,8,2,0,2,0
2020-03-15,San Bernardino,071,2135413,121,0,0,0,0
2020-03-15,San Diego,073,3302833,436,16,0,16,0
2020-03-15,San Francisco,075,870044,209,31,0,31,0
2020-03-15,San Joaquin,077,732212,63,6,3,9,0
2020-03-15,San Luis Obispo,079,281455,45,1,0,1,0
2020-03-15,San Mateo,081,765935,235,29,1,30,1
2020-03-15,Santa Barbara,083,443738,46,0,0,0,0
2020-03-15,Santa Clara,085,1922200,586,79,1,80,2
2020-03-15,Santa Cruz,087,273765,38,8,0,8,0
2020-03-15,Shasta,089,179085,5,1,0,1,0
2020-03-15,Sierra,091,2930,0,0,0,0,0
2020-03-15,Siskiyou,093,43540,2,0,0,0,0
2020-03-15,Solano,095,438530,42,26,0,26,0
2020-03-15,Sonoma,097,501317,53,4,0,4,0
2020-03-15,Stanislaus,099,539301,26,2,2,4,0
2020-03-15,Sutter,101,95872,2,0,0,0,0
2020-03-15,Tehama,103,63373,0,0,0,0,0
2020-03-15,Trinity,105,12862,0,0,0,0,0
2020-03-15,Tulare,107,460477,19,2,3,5,0
2020-03-15,Tuolumne,109,53932,1,0,0,0,0
2020-03-15,Ventura,111,848112,77,5,0,5,0
2020-03-15,Yolo,113,214977,15,2,0,2,0
2020-03-15,Yuba,115,75493,2,0,0,0,0
2020-03-14,Alameda,001,1643700,196,11,0,11,0
2020-03-14,Alpine,003,1148,0,0,0,0,0
2020-03-14,Amador,005,37829,1,0,0,0,0
2020-03-14,Butte,007,227075,2,0,0,0,0
2020-03-14,Calaveras,009,45235,2,2,0,2,0
2020-03-14,Colusa,011,21464,0,0,0,0,0
2020-03-14,Contra Costa,013,1133247,142,30,0,30,0
2020-03-14,Del Norte,015,27424,0,0,0,0,0
2020-03-14,El Dorado,017,186661,12,0,0,0,0
2020-03-14,Fresno,019,978130,25,1,1,2,0
2020-03-14,Glenn,021,27897,0,0,0,0,0
2020-03-14,Humboldt,023,135768,7,1,0,1,0
2020-03-14,Imperial,025,180216,10,2,0,2,0
2020-03-14,Inyo,027,18085,0,0,0,0,0
2020-03-14,Kern,029,883053,32,0,0,0,0
2020-03-14,Kings,031,150075,8,0,0,0,0
2020-03-14,Lake,033,64148,0,0,0,0,0
2020-03-14,Lassen,035,31185,1,0,0,0,0
2020-03-14,Los Angeles,037,10098052,1197,35,9,44,0
2020-03-14,Madera,039,155013,19,2,0,2,0
2020-03-14,Marin,041,260295,37,3,0,3,0
2020-03-14,Mariposa,043,17540,0,0,0,0,0
2020-03-14,Mendocino,045,87422,2,0,0,0,0
2020-03-14,Merced,047,269075,4,0,0,0,0
2020-03-14,Modoc,049,8938,0,0,0,0,0
2020-03-14,Mono,051,14174,5,0,0,0,0
2020-03-14,Monterey,053,433212,15,0,0,0,0
2020-03-14,Napa,055,140530,5,0,0,0,0
2020-03-14,Nevada,057,99092,8,0,1,1,0
2020-03-14,Orange,059,3164182,308,14,0,14,0
2020-03-14,Placer,061,380077,29,6,0,6,1
2020-03-14,Plumas,063,18699,0,0,0,0,0
2020-03-14,Riverside,065,2383286,163,10,5,15,0
2020-03-14,Sacramento,067,1510023,152,31,0,31,1
2020-03-14,San Benito,069,59416,8,2,0,2,0
2020-03-14,San Bernardino,071,2135413,102,0,0,0,0
2020-03-14,San Diego,073,3302833,361,10,0,10,0
2020-03-14,San Francisco,075,870044,188,29,0,29,0
2020-03-14,San Joaquin,077,732212,54,6,3,9,0
2020-03-14,San Luis Obispo,079,281455,40,0,0,0,0
2020-03-14,San Mateo,081,765935,212,27,1,28,0
2020-03-14,Santa Barbara,083,443738,37,0,0,0,0
2020-03-14,Santa Clara,085,1922200,531,62,1,63,2
2020-03-14,Santa Cruz,087,273765,33,8,0,8,0
2020-03-14,Shasta,089,179085,5,1,0,1,0
2020-03-14,Sierra,091,2930,0,0,0,0,0
2020-03-14,Siskiyou,093,43540,1,0,0,0,0
2020-03-14,Solano,095,438530,40,26,0,26,0
2020-03-14,Sonoma,097,501317,40,2,0,2,0
2020-03-14,Stanislaus,099,539301,22,2,2,4,0
2020-03-14,Sutter,101,95872,2,0,0,0,0
2020-03-14,Tehama,103,63373,0,0,0,0,0
2020-03-14,Trinity,105,12862,0,0,0,0,0
2020-03-14,Tulare,107,460477,17,2,2,4,0
2020-03-14,Tuolumne,109,53932,1,0,0,0,0
2020-03-14,Ventura,111,848112,68,5,0,5,0
2020-03-14,Yolo,113,214977,15,2,0,2,0
2020-03-14,Yuba,115,75493,1,0,0,0,0
2020-03-13,Alameda,001,1643700,177,12,0,12,0
2020-03-13,Alpine,003,1148,0,0,0,0,0
2020-03-13,Amador,005,37829,1,0,0,0,0
2020-03-13,Butte,007,227075,0,0,0,0,0
2020-03-13,Calaveras,009,45235,2,2,0,2,0
2020-03-13,Colusa,011,21464,0,0,0,0,0
2020-03-13,Contra Costa,013,1133247,128,22,0,22,0
2020-03-13,Del Norte,015,27424,0,0,0,0,0
2020-03-13,El Dorado,017,186661,11,0,0,0,0
2020-03-13,Fresno,019,978130,20,1,1,2,0
2020-03-13,Glenn,021,27897,0,0,0,0,0
2020-03-13,Humboldt,023,135768,7,1,0,1,0
2020-03-13,Imperial,025,180216,9,2,0,2,0
2020-03-13,Inyo,027,18085,0,0,0,0,0
2020-03-13,Kern,029,883053,27,0,0,0,0
2020-03-13,Kings,031,150075,7,0,0,0,0
2020-03-13,Lake,033,64148,0,0,0,0,0
2020-03-13,Lassen,035,31185,1,0,0,0,0
2020-03-13,Los Angeles,037,10098052,1040,30,7,37,0
2020-03-13,Madera,039,155013,18,1,0,1,0
2020-03-13,Marin,041,260295,34,3,0,3,0
2020-03-13,Mariposa,043,17540,0,0,0,0,0
2020-03-13,Mendocino,045,87422,2,0,0,0,0
2020-03-13,Merced,047,269075,2,0,0,0,0
2020-03-13,Modoc,049,8938,0,0,0,0,0
2020-03-13,Mono,051,14174,3,0,0,0,0
2020-03-13,Monterey,053,433212,10,0,0,0,0
2020-03-13,Napa,055,140530,3,0,0,0,0
2020-03-13,Nevada,057,99092,7,0,1,1,0
2020-03-13,Orange,059,3164182,268,10,0,10,0
2020-03-13,Placer,061,380077,27,6,0,6,1
2020-03-13,Plumas,063,18699,0,0,0,0,0
2020-03-13,Riverside,065,2383286,133,5,4,9,0
2020-03-13,Sacramento,067,1510023,130,18,0,18,1
2020-03-13,San Benito,069,59416,6,2,0,2,0
2020-03-13,San Bernardino,071,2135413,96,0,0,0,0
2020-03-13,San Diego,073,3302833,311,8,0,8,0
2020-03-13,San Francisco,075,870044,174,28,0,28,0
2020-03-13,San Joaquin,077,732212,50,6,3,9,0
2020-03-13,San Luis Obispo,079,281455,33,0,0,0,0
2020-03-13,San Mateo,081,765935,191,24,1,25,0
2020-03-13,Santa Barbara,083,443738,33,0,0,0,0
2020-03-13,Santa Clara,085,1922200,469,59,1,60,1
2020-03-13,Santa Cruz,087,273765,32,7,0,7,0
2020-03-13,Shasta,089,179085,3,1,0,1,0
2020-03-13,Sierra,091,2930,0,0,0,0,0
2020-03-13,Siskiyou,093,43540,0,0,0,0,0
2020-03-13,Solano,095,438530,39,26,0,26,0
2020-03-13,Sonoma,097,501317,39,2,0,2,0
2020-03-13,Stanislaus,099,539301,17,2,2,4,0
2020-03-13,Sutter,101,95872,2,0,0,0,0
2020-03-13,Tehama,103,63373,0,0,0,0,0
2020-03-13,Trinity,105,12862,0,0,0,0,0
2020-03-13,Tulare,107,460477,14,2,2,4,0
2020-03-13,Tuolumne,109,53932,1,0,0,0,0
2020-03-13,Ventura,111,848112,54,5,0,5,0
2020-03-13,Yolo,113,214977,14,1,0,1,0
2020-03-13,Yuba,115,75493,1,0,0,0,0
2020-03-12,Alameda,001,1643700,152,9,0,9,0
2020-03-12,Alpine,003,1148,0,0,0,0,0
2020-03-12,Amador,005,37829,1,0,0,0,0
2020-03-12,Butte,007,227075,0,0,0,0,0
2020-03-12,Calaveras,009,45235,2,2,0,2,0
2020-03-12,Colusa,011,21464,0,0,0,0,0
2020-03-12,Contra Costa,013,1133247,110,18,0,18,0
2020-03-12,Del Norte,015,27424,0,0,0,0,0
2020-03-12,El Dorado,017,186661,9,0,0,0,0
2020-03-12,Fresno,019,978130,12,1,1,2,0
2020-03-12,Glenn,021,27897,0,0,0,0,0
2020-03-12,Humboldt,023,135768,6,1,0,1,0
2020-03-12,Imperial,025,180216,8,2,0,2,0
2020-03-12,Inyo,027,18085,0,0,0,0,0
2020-03-12,Kern,029,883053,18,0,0,0,0
2020-03-12,Kings,031,150075,4,0,0,0,0
2020-03-12,Lake,033,64148,0,0,0,0,0
2020-03-12,Lassen,035,31185,1,0,0,0,0
2020-03-12,Los Angeles,037,10098052,876,30,7,37,0
2020-03-12,Madera,039,155013,15,1,0,1,0
2020-03-12,Marin,041,260295,24,1,0,1,0
2020-03-12,Mariposa,043,17540,0,0,0,0,0
2020-03-12,Mendocino,045,87422,2,0,0,0,0
2020-03-12,Merced,047,269075,2,0,0,0,0
2020-03-12,Modoc,049,8938,0,0,0,0,0
2020-03-12,Mono,051,14174,3,0,0,0,0
2020-03-12,Monterey,053,433212,8,0,0,0,0
2020-03-12,Napa,055,140530,3,0,0,0,0
2020-03-12,Nevada,057,99092,4,0,1,1,0
2020-03-12,Orange,059,3164182,231,7,0,7,0
2020-03-12,Placer,061,380077,23,6,0,6,1
2020-03-12,Plumas,063,18699,0,0,0,0,0
2020-03-12,Riverside,065,2383286,107,5,2,7,0
2020-03-12,Sacramento,067,1510023,106,17,0,17,1
2020-03-12,San Benito,069,59416,5,2,0,2,0
2020-03-12,San Bernardino,071,2135413,80,0,0,0,0
2020-03-12,San Diego,073,3302833,256,9,0,9,0
2020-03-12,San Francisco,075,870044,149,20,0,20,0
2020-03-12,San Joaquin,077,732212,44,3,3,6,1
2020-03-12,San Luis Obispo,079,281455,26,0,0,0,0
2020-03-12,San Mateo,081,765935,157,21,1,22,0
2020-03-12,Santa Barbara,083,443738,22,0,0,0,0
2020-03-12,Santa Clara,085,1922200,411,51,1,52,1
2020-03-12,Santa Cruz,087,273765,29,5,0,5,0
2020-03-12,Shasta,089,179085,2,1,0,1,0
2020-03-12,Sierra,091,2930,0,0,0,0,0
2020-03-12,Siskiyou,093,43540,0,0,0,0,0
2020-03-12,Solano,095,438530,34,26,0,26,0
2020-03-12,Sonoma,097,501317,34,2,0,2,0
2020-03-12,Stanislaus,099,539301,15,2,2,4,0
2020-03-12,Sutter,101,95872,0,0,0,0,0
2020-03-12,Tehama,103,63373,0,0,0,0,0
2020-03-12,Trinity,105,12862,0,0,0,0,0
2020-03-12,Tulare,107,460477,12,1,1,2,0
2020-03-12,Tuolumne,109,53932,1,0,0,0,0
2020-03-12,Ventura,111,848112,45,3,0,3,0
2020-03-12,Yolo,113,214977,13,1,0,1,0
2020-03-12,Yuba,115,75493,1,0,0,0,0
2020-03-11,Alameda,001,1643700,122,5,0,5,0
2020-03-11,Alpine,003,1148,0,0,0,0,0
2020-03-11,Amador,005,37829,1,0,0,0,0
2020-03-11,Butte,007,227075,0,0,0,0,0
2020-03-11,Calaveras,009,45235,2,2,0,2,0
2020-03-11,Colusa,011,21464,0,0,0,0,0
2020-03-11,Contra Costa,013,1133247,94,16,0,16,0
2020-03-11,Del Norte,015,27424,0,0,0,0,0
2020-03-11,El Dorado,017,186661,8,0,0,0,0
2020-03-11,Fresno,019,978130,9,1,1,2,0
2020-03-11,Glenn,021,27897,0,0,0,0,0
2020-03-11,Humboldt,023,135768,6,1,0,1,0
2020-03-11,Imperial,025,180216,6,0,0,0,0
2020-03-11,Inyo,027,18085,0,0,0,0,0
2020-03-11,Kern,029,883053,16,0,0,0,0
2020-03-11,Kings,031,150075,2,0,0,0,0
2020-03-11,Lake,033,64148,0,0,0,0,0
2020-03-11,Lassen,035,31185,1,0,0,0,0
2020-03-11,Los Angeles,037,10098052,703,21,7,28,0
2020-03-11,Madera,039,155013,12,1,0,1,0
2020-03-11,Marin,041,260295,17,1,0,1,0
2020-03-11,Mariposa,043,17540,0,0,0,0,0
2020-03-11,Mendocino,045,87422,1,0,0,0,0
2020-03-11,Merced,047,269075,2,0,0,0,0
2020-03-11,Modoc,049,8938,0,0,0,0,0
2020-03-11,Mono,051,14174,3,0,0,0,0
2020-03-11,Monterey,053,433212,7,0,0,0,0
2020-03-11,Napa,055,140530,2,0,0,0,0
2020-03-11,Nevada,057,99092,4,0,1,1,0
2020-03-11,Orange,059,3164182,202,6,0,6,0
2020-03-11,Placer,061,380077,18,6,0,6,1
2020-03-11,Plumas,063,18699,0,0,0,0,0
2020-03-11,Riverside,065,2383286,81,4,1,5,0
2020-03-11,Sacramento,067,1510023,88,9,0,9,1
2020-03-11,San Benito,069,59416,5,2,0,2,0
2020-03-11,San Bernardino,071,2135413,73,0,0,0,0
2020-03-11,San Diego,073,3302833,206,4,0,4,0
2020-03-11,San Francisco,075,870044,124,17,0,17,0
2020-03-11,San Joaquin,077,732212,33,1,3,4,0
2020-03-11,San Luis Obispo,079,281455,23,0,0,0,0
2020-03-11,San Mateo,081,765935,139,16,0,16,0
2020-03-11,Santa Barbara,083,443738,13,0,0,0,0
2020-03-11,Santa Clara,085,1922200,370,48,1,49,1
2020-03-11,Santa Cruz,087,273765,26,2,0,2,0
2020-03-11,Shasta,089,179085,2,1,0,1,0
2020-03-11,Sierra,091,2930,0,0,0,0,0
2020-03-11,Siskiyou,093,43540,0,0,0,0,0
2020-03-11,Solano,095,438530,29,26,0,26,0
2020-03-11,Sonoma,097,501317,30,2,0,2,0
2020-03-11,Stanislaus,099,539301,15,2,2,4,0
2020-03-11,Sutter,101,95872,0,0,0,0,0
2020-03-11,Tehama,103,63373,0,0,0,0,0
2020-03-11,Trinity,105,12862,0,0,0,0,0
2020-03-11,Tulare,107,460477,10,0,1,1,0
2020-03-11,Tuolumne,109,53932,1,0,0,0,0
2020-03-11,Ventura,111,848112,37,3,0,3,0
2020-03-11,Yolo,113,214977,9,1,0,1,0
2020-03-11,Yuba,115,75493,1,0,0,0,0
2020-03-10,Alameda,001,1643700,101,4,0,4,0
2020-03-10,Alpine,003,1148,0,0,0,0,0
2020-03-10,Amador,005,37829,1,0,0,0,0
2020-03-10,Butte,007,227075,0,0,0,0,0
2020-03-10,Calaveras,009,45235,2,2,0,2,0
2020-03-10,Colusa,011,21464,0,0,0,0,0
2020-03-10,Contra Costa,013,1133247,84,11,0,11,0
2020-03-10,Del Norte,015,27424,0,0,0,0,0
2020-03-10,El Dorado,017,186661,7,0,0,0,0
2020-03-10,Fresno,019,978130,7,1,1,2,0
2020-03-10,Glenn,021,27897,0,0,0,0,0
2020-03-10,Humboldt,023,135768,6,1,0,1,0
2020-03-10,Imperial,025,180216,5,0,0,0,0
2020-03-10,Inyo,027,18085,0,0,0,0,0
2020-03-10,Kern,029,883053,11,0,0,0,0
2020-03-10,Kings,031,150075,2,0,0,0,0
2020-03-10,Lake,033,64148,0,0,0,0,0
2020-03-10,Lassen,035,31185,1,0,0,0,0
2020-03-10,Los Angeles,037,10098052,567,20,7,27,0
2020-03-10,Madera,039,155013,7,1,0,1,0
2020-03-10,Marin,041,260295,16,1,0,1,0
2020-03-10,Mariposa,043,17540,0,0,0,0,0
2020-03-10,Mendocino,045,87422,0,0,0,0,0
2020-03-10,Merced,047,269075,2,0,0,0,0
2020-03-10,Modoc,049,8938,0,0,0,0,0
2020-03-10,Mono,051,14174,3,0,0,0,0
2020-03-10,Monterey,053,433212,5,0,0,0,0
2020-03-10,Napa,055,140530,2,0,0,0,0
2020-03-10,Nevada,057,99092,3,0,1,1,0
2020-03-10,Orange,059,3164182,182,5,0,5,1
2020-03-10,Placer,061,380077,14,7,0,7,1
2020-03-10,Plumas,063,18699,0,0,0,0,0
2020-03-10,Riverside,065,2383286,59,4,1,5,0
2020-03-10,Sacramento,067,1510023,79,8,0,8,0
2020-03-10,San Benito,069,59416,5,2,0,2,0
2020-03-10,San Bernardino,071,2135413,65,0,0,0,0
2020-03-10,San Diego,073,3302833,163,3,0,3,0
2020-03-10,San Francisco,075,870044,92,16,0,16,0
2020-03-10,San Joaquin,077,732212,30,1,3,4,0
2020-03-10,San Luis Obispo,079,281455,15,0,0,0,0
2020-03-10,San Mateo,081,765935,123,11,0,11,0
2020-03-10,Santa Barbara,083,443738,10,0,0,0,0
2020-03-10,Santa Clara,085,1922200,322,45,1,46,1
2020-03-10,Santa Cruz,087,273765,22,2,0,2,0
2020-03-10,Shasta,089,179085,2,1,0,1,0
2020-03-10,Sierra,091,2930,0,0,0,0,0
2020-03-10,Siskiyou,093,43540,0,0,0,0,0
2020-03-10,Solano,095,438530,27,26,0,26,0
2020-03-10,Sonoma,097,501317,27,2,0,2,0
2020-03-10,Stanislaus,099,539301,11,0,2,2,0
2020-03-10,Sutter,101,95872,0,0,0,0,0
2020-03-10,Tehama,103,63373,0,0,0,0,0
2020-03-10,Trinity,105,12862,0,0,0,0,0
2020-03-10,Tulare,107,460477,9,0,1,1,0
2020-03-10,Tuolumne,109,53932,1,0,0,0,0
2020-03-10,Ventura,111,848112,29,1,0,1,0
2020-03-10,Yolo,113,214977,6,2,0,2,0
2020-03-10,Yuba,115,75493,1,0,0,0,0
2020-03-09,Alameda,001,1643700,73,4,0,4,0
2020-03-09,Alpine,003,1148,0,0,0,0,0
2020-03-09,Amador,005,37829,0,0,0,0,0
2020-03-09,Butte,007,227075,0,0,0,0,0
2020-03-09,Calaveras,009,45235,2,0,0,0,0
2020-03-09,Colusa,011,21464,0,0,0,0,0
2020-03-09,Contra Costa,013,1133247,72,9,0,9,0
2020-03-09,Del Norte,015,27424,0,0,0,0,0
2020-03-09,El Dorado,017,186661,5,0,0,0,0
2020-03-09,Fresno,019,978130,7,1,1,2,0
2020-03-09,Glenn,021,27897,0,0,0,0,0
2020-03-09,Humboldt,023,135768,5,1,0,1,0
2020-03-09,Imperial,025,180216,5,0,0,0,0
2020-03-09,Inyo,027,18085,0,0,0,0,0
2020-03-09,Kern,029,883053,8,0,0,0,0
2020-03-09,Kings,031,150075,1,0,0,0,0
2020-03-09,Lake,033,64148,0,0,0,0,0
2020-03-09,Lassen,035,31185,1,0,0,0,0
2020-03-09,Los Angeles,037,10098052,463,17,6,23,0
2020-03-09,Madera,039,155013,7,1,0,1,0
2020-03-09,Marin,041,260295,15,1,0,1,0
2020-03-09,Mariposa,043,17540,0,0,0,0,0
2020-03-09,Mendocino,045,87422,0,0,0,0,0
2020-03-09,Merced,047,269075,2,0,0,0,0
2020-03-09,Modoc,049,8938,0,0,0,0,0
2020-03-09,Mono,051,14174,3,0,0,0,0
2020-03-09,Monterey,053,433212,3,0,0,0,0
2020-03-09,Napa,055,140530,2,0,0,0,0
2020-03-09,Nevada,057,99092,2,0,1,1,0
2020-03-09,Orange,059,3164182,154,4,0,4,0
2020-03-09,Placer,061,380077,12,7,0,7,1
2020-03-09,Plumas,063,18699,0,0,0,0,0
2020-03-09,Riverside,065,2383286,49,4,1,5,0
2020-03-09,Sacramento,067,1510023,75,8,0,8,0
2020-03-09,San Benito,069,59416,3,2,0,2,0
2020-03-09,San Bernardino,071,2135413,54,0,0,0,0
2020-03-09,San Diego,073,3302833,124,2,0,2,0
2020-03-09,San Francisco,075,870044,72,14,0,14,0
2020-03-09,San Joaquin,077,732212,21,0,3,3,0
2020-03-09,San Luis Obispo,079,281455,15,0,0,0,0
2020-03-09,San Mateo,081,765935,109,6,0,6,0
2020-03-09,Santa Barbara,083,443738,8,0,0,0,0
2020-03-09,Santa Clara,085,1922200,278,42,1,43,1
2020-03-09,Santa Cruz,087,273765,19,2,0,2,0
2020-03-09,Shasta,089,179085,2,1,0,1,0
2020-03-09,Sierra,091,2930,0,0,0,0,0
2020-03-09,Siskiyou,093,43540,0,0,0,0,0
2020-03-09,Solano,095,438530,25,26,0,26,0
2020-03-09,Sonoma,097,501317,22,2,0,2,0
2020-03-09,Stanislaus,099,539301,11,0,2,2,0
2020-03-09,Sutter,101,95872,0,0,0,0,0
2020-03-09,Tehama,103,63373,0,0,0,0,0
2020-03-09,Trinity,105,12862,0,0,0,0,0
2020-03-09,Tulare,107,460477,9,0,1,1,0
2020-03-09,Tuolumne,109,53932,1,0,0,0,0
2020-03-09,Ventura,111,848112,25,1,0,1,0
2020-03-09,Yolo,113,214977,5,2,0,2,0
2020-03-09,Yuba,115,75493,0,0,0,0,0
2020-03-08,Alameda,001,1643700,48,4,0,4,0
2020-03-08,Alpine,003,1148,0,0,0,0,0
2020-03-08,Amador,005,37829,0,0,0,0,0
2020-03-08,Butte,007,227075,0,0,0,0,0
2020-03-08,Calaveras,009,45235,2,0,0,0,0
2020-03-08,Colusa,011,21464,0,0,0,0,0
2020-03-08,Contra Costa,013,1133247,58,9,0,9,0
2020-03-08,Del Norte,015,27424,0,0,0,0,0
2020-03-08,El Dorado,017,186661,5,0,0,0,0
2020-03-08,Fresno,019,978130,5,1,1,2,0
2020-03-08,Glenn,021,27897,0,0,0,0,0
2020-03-08,Humboldt,023,135768,5,1,0,1,0
2020-03-08,Imperial,025,180216,5,0,0,0,0
2020-03-08,Inyo,027,18085,0,0,0,0,0
2020-03-08,Kern,029,883053,8,0,0,0,0
2020-03-08,Kings,031,150075,0,0,0,0,0
2020-03-08,Lake,033,64148,0,0,0,0,0
2020-03-08,Lassen,035,31185,0,0,0,0,0
2020-03-08,Los Angeles,037,10098052,368,14,6,20,0
2020-03-08,Madera,039,155013,7,1,0,1,0
2020-03-08,Marin,041,260295,13,1,0,1,0
2020-03-08,Mariposa,043,17540,0,0,0,0,0
2020-03-08,Mendocino,045,87422,0,0,0,0,0
2020-03-08,Merced,047,269075,2,0,0,0,0
2020-03-08,Modoc,049,8938,0,0,0,0,0
2020-03-08,Mono,051,14174,3,0,0,0,0
2020-03-08,Monterey,053,433212,3,0,0,0,0
2020-03-08,Napa,055,140530,2,0,0,0,0
2020-03-08,Nevada,057,99092,1,0,1,1,0
2020-03-08,Orange,059,3164182,129,4,0,4,0
2020-03-08,Placer,061,380077,11,7,0,7,1
2020-03-08,Plumas,063,18699,0,0,0,0,0
2020-03-08,Riverside,065,2383286,41,1,1,2,0
2020-03-08,Sacramento,067,1510023,65,5,0,5,0
2020-03-08,San Benito,069,59416,3,2,0,2,0
2020-03-08,San Bernardino,071,2135413,43,0,0,0,0
2020-03-08,San Diego,073,3302833,90,2,0,2,0
2020-03-08,San Francisco,075,870044,53,9,0,9,0
2020-03-08,San Joaquin,077,732212,18,0,3,3,0
2020-03-08,San Luis Obispo,079,281455,9,0,0,0,0
2020-03-08,San Mateo,081,765935,96,4,0,4,0
2020-03-08,Santa Barbara,083,443738,5,0,0,0,0
2020-03-08,Santa Clara,085,1922200,236,36,1,37,0
2020-03-08,Santa Cruz,087,273765,17,1,0,1,0
2020-03-08,Shasta,089,179085,2,0,0,0,0
2020-03-08,Sierra,091,2930,0,0,0,0,0
2020-03-08,Siskiyou,093,43540,0,0,0,0,0
2020-03-08,Solano,095,438530,24,26,0,26,0
2020-03-08,Sonoma,097,501317,17,2,0,2,0
2020-03-08,Stanislaus,099,539301,10,0,2,2,0
2020-03-08,Sutter,101,95872,0,0,0,0,0
2020-03-08,Tehama,103,63373,0,0,0,0,0
2020-03-08,Trinity,105,12862,0,0,0,0,0
2020-03-08,Tulare,107,460477,9,0,0,0,0
2020-03-08,Tuolumne,109,53932,1,0,0,0,0
2020-03-08,Ventura,111,848112,21,1,0,1,0
2020-03-08,Yolo,113,214977,2,2,0,2,0
2020-03-08,Yuba,115,75493,0,0,0,0,0
2020-03-07,Alameda,001,1643700,43,3,0,3,0
2020-03-07,Alpine,003,1148,0,0,0,0,0
2020-03-07,Amador,005,37829,0,0,0,0,0
2020-03-07,Butte,007,227075,0,0,0,0,0
2020-03-07,Calaveras,009,45235,2,0,0,0,0
2020-03-07,Colusa,011,21464,0,0,0,0,0
2020-03-07,Contra Costa,013,1133247,55,4,0,4,0
2020-03-07,Del Norte,015,27424,0,0,0,0,0
2020-03-07,El Dorado,017,186661,4,0,0,0,0
2020-03-07,Fresno,019,978130,4,1,1,2,0
2020-03-07,Glenn,021,27897,0,0,0,0,0
2020-03-07,Humboldt,023,135768,5,1,0,1,0
2020-03-07,Imperial,025,180216,4,0,0,0,0
2020-03-07,Inyo,027,18085,0,0,0,0,0
2020-03-07,Kern,029,883053,7,0,0,0,0
2020-03-07,Kings,031,150075,0,0,0,0,0
2020-03-07,Lake,033,64148,0,0,0,0,0
2020-03-07,Lassen,035,31185,0,0,0,0,0
2020-03-07,Los Angeles,037,10098052,317,14,6,20,0
2020-03-07,Madera,039,155013,6,1,0,1,0
2020-03-07,Marin,041,260295,11,0,0,0,0
2020-03-07,Mariposa,043,17540,0,0,0,0,0
2020-03-07,Mendocino,045,87422,0,0,0,0,0
2020-03-07,Merced,047,269075,2,0,0,0,0
2020-03-07,Modoc,049,8938,0,0,0,0,0
2020-03-07,Mono,051,14174,3,0,0,0,0
2020-03-07,Monterey,053,433212,3,0,0,0,0
2020-03-07,Napa,055,140530,1,0,0,0,0
2020-03-07,Nevada,057,99092,1,0,1,1,0
2020-03-07,Orange,059,3164182,121,4,0,4,0
2020-03-07,Placer,061,380077,11,6,0,6,1
2020-03-07,Plumas,063,18699,0,0,0,0,0
2020-03-07,Riverside,065,2383286,31,0,1,1,0
2020-03-07,Sacramento,067,1510023,52,4,0,4,0
2020-03-07,San Benito,069,59416,3,2,0,2,0
2020-03-07,San Bernardino,071,2135413,41,0,0,0,0
2020-03-07,San Diego,073,3302833,72,2,0,2,0
2020-03-07,San Francisco,075,870044,47,9,0,9,0
2020-03-07,San Joaquin,077,732212,16,0,3,3,0
2020-03-07,San Luis Obispo,079,281455,6,0,0,0,0
2020-03-07,San Mateo,081,765935,86,1,0,1,0
2020-03-07,Santa Barbara,083,443738,5,0,0,0,0
2020-03-07,Santa Clara,085,1922200,206,31,1,32,0
2020-03-07,Santa Cruz,087,273765,17,1,0,1,0
2020-03-07,Shasta,089,179085,2,0,0,0,0
2020-03-07,Sierra,091,2930,0,0,0,0,0
2020-03-07,Siskiyou,093,43540,0,0,0,0,0
2020-03-07,Solano,095,438530,23,25,0,25,0
2020-03-07,Sonoma,097,501317,13,2,0,2,0
2020-03-07,Stanislaus,099,539301,9,0,2,2,0
2020-03-07,Sutter,101,95872,0,0,0,0,0
2020-03-07,Tehama,103,63373,0,0,0,0,0
2020-03-07,Trinity,105,12862,0,0,0,0,0
2020-03-07,Tulare,107,460477,6,0,0,0,0
2020-03-07,Tuolumne,109,53932,1,0,0,0,0
2020-03-07,Ventura,111,848112,18,1,0,1,0
2020-03-07,Yolo,113,214977,2,2,0,2,0
2020-03-07,Yuba,115,75493,0,0,0,0,0
2020-03-06,Alameda,001,1643700,41,3,0,3,0
2020-03-06,Alpine,003,1148,0,0,0,0,0
2020-03-06,Amador,005,37829,0,0,0,0,0
2020-03-06,Butte,007,227075,0,0,0,0,0
2020-03-06,Calaveras,009,45235,2,0,0,0,0
2020-03-06,Colusa,011,21464,0,0,0,0,0
2020-03-06,Contra Costa,013,1133247,46,4,0,4,0
2020-03-06,Del Norte,015,27424,0,0,0,0,0
2020-03-06,El Dorado,017,186661,3,0,0,0,0
2020-03-06,Fresno,019,978130,3,0,1,1,0
2020-03-06,Glenn,021,27897,0,0,0,0,0
2020-03-06,Humboldt,023,135768,4,1,0,1,0
2020-03-06,Imperial,025,180216,3,0,0,0,0
2020-03-06,Inyo,027,18085,0,0,0,0,0
2020-03-06,Kern,029,883053,6,0,0,0,0
2020-03-06,Kings,031,150075,0,0,0,0,0
2020-03-06,Lake,033,64148,0,0,0,0,0
2020-03-06,Lassen,035,31185,0,0,0,0,0
2020-03-06,Los Angeles,037,10098052,274,13,6,19,0
2020-03-06,Madera,039,155013,5,0,0,0,0
2020-03-06,Marin,041,260295,10,0,0,0,0
2020-03-06,Mariposa,043,17540,0,0,0,0,0
2020-03-06,Mendocino,045,87422,0,0,0,0,0
2020-03-06,Merced,047,269075,2,0,0,0,0
2020-03-06,Modoc,049,8938,0,0,0,0,0
2020-03-06,Mono,051,14174,1,0,0,0,0
2020-03-06,Monterey,053,433212,3,0,0,0,0
2020-03-06,Napa,055,140530,1,0,0,0,0
2020-03-06,Nevada,057,99092,1,0,1,1,0
2020-03-06,Orange,059,3164182,95,4,0,4,0
2020-03-06,Placer,061,380077,10,5,0,5,1
2020-03-06,Plumas,063,18699,0,0,0,0,0
2020-03-06,Riverside,065,2383286,30,0,1,1,0
2020-03-06,Sacramento,067,1510023,43,2,0,2,0
2020-03-06,San Benito,069,59416,3,2,0,2,0
2020-03-06,San Bernardino,071,2135413,39,0,0,0,0
2020-03-06,San Diego,073,3302833,59,2,0,2,0
2020-03-06,San Francisco,075,870044,41,2,0,2,0
2020-03-06,San Joaquin,077,732212,13,0,3,3,0
2020-03-06,San Luis Obispo,079,281455,4,0,0,0,0
2020-03-06,San Mateo,081,765935,78,1,0,1,0
2020-03-06,Santa Barbara,083,443738,3,0,0,0,0
2020-03-06,Santa Clara,085,1922200,188,20,1,21,0
2020-03-06,Santa Cruz,087,273765,15,0,0,0,0
2020-03-06,Shasta,089,179085,2,0,0,0,0
2020-03-06,Sierra,091,2930,0,0,0,0,0
2020-03-06,Siskiyou,093,43540,0,0,0,0,0
2020-03-06,Solano,095,438530,22,25,0,25,0
2020-03-06,Sonoma,097,501317,13,2,0,2,0
2020-03-06,Stanislaus,099,539301,5,0,2,2,0
2020-03-06,Sutter,101,95872,0,0,0,0,0
2020-03-06,Tehama,103,63373,0,0,0,0,0
2020-03-06,Trinity,105,12862,0,0,0,0,0
2020-03-06,Tulare,107,460477,6,0,0,0,0
2020-03-06,Tuolumne,109,53932,1,0,0,0,0
2020-03-06,Ventura,111,848112,15,1,0,1,0
2020-03-06,Yolo,113,214977,2,1,0,1,0
2020-03-06,Yuba,115,75493,0,0,0,0,0
2020-03-05,Alameda,001,1643700,35,2,0,2,0
2020-03-05,Alpine,003,1148,0,0,0,0,0
2020-03-05,Amador,005,37829,0,0,0,0,0
2020-03-05,Butte,007,227075,0,0,0,0,0
2020-03-05,Calaveras,009,45235,2,0,0,0,0
2020-03-05,Colusa,011,21464,0,0,0,0,0
2020-03-05,Contra Costa,013,1133247,39,1,0,1,0
2020-03-05,Del Norte,015,27424,0,0,0,0,0
2020-03-05,El Dorado,017,186661,1,0,0,0,0
2020-03-05,Fresno,019,978130,3,0,1,1,0
2020-03-05,Glenn,021,27897,0,0,0,0,0
2020-03-05,Humboldt,023,135768,4,1,0,1,0
2020-03-05,Imperial,025,180216,2,0,0,0,0
2020-03-05,Inyo,027,18085,0,0,0,0,0
2020-03-05,Kern,029,883053,6,0,0,0,0
2020-03-05,Kings,031,150075,0,0,0,0,0
2020-03-05,Lake,033,64148,0,0,0,0,0
2020-03-05,Lassen,035,31185,0,0,0,0,0
2020-03-05,Los Angeles,037,10098052,227,11,6,17,0
2020-03-05,Madera,039,155013,5,0,0,0,0
2020-03-05,Marin,041,260295,10,0,0,0,0
2020-03-05,Mariposa,043,17540,0,0,0,0,0
2020-03-05,Mendocino,045,87422,0,0,0,0,0
2020-03-05,Merced,047,269075,2,0,0,0,0
2020-03-05,Modoc,049,8938,0,0,0,0,0
2020-03-05,Mono,051,14174,1,0,0,0,0
2020-03-05,Monterey,053,433212,3,0,0,0,0
2020-03-05,Napa,055,140530,1,0,0,0,0
2020-03-05,Nevada,057,99092,0,0,1,1,0
2020-03-05,Orange,059,3164182,80,3,0,3,0
2020-03-05,Placer,061,380077,10,2,0,2,1
2020-03-05,Plumas,063,18699,0,0,0,0,0
2020-03-05,Riverside,065,2383286,27,0,1,1,0
2020-03-05,Sacramento,067,1510023,37,2,0,2,0
2020-03-05,San Benito,069,59416,1,2,0,2,0
2020-03-05,San Bernardino,071,2135413,34,0,0,0,0
2020-03-05,San Diego,073,3302833,52,2,0,2,0
2020-03-05,San Francisco,075,870044,31,2,0,2,0
2020-03-05,San Joaquin,077,732212,10,0,3,3,0
2020-03-05,San Luis Obispo,079,281455,4,0,0,0,0
2020-03-05,San Mateo,081,765935,65,1,0,1,0
2020-03-05,Santa Barbara,083,443738,2,0,0,0,0
2020-03-05,Santa Clara,085,1922200,164,14,1,15,0
2020-03-05,Santa Cruz,087,273765,13,0,0,0,0
2020-03-05,Shasta,089,179085,2,0,0,0,0
2020-03-05,Sierra,091,2930,0,0,0,0,0
2020-03-05,Siskiyou,093,43540,0,0,0,0,0
2020-03-05,Solano,095,438530,22,24,0,24,0
2020-03-05,Sonoma,097,501317,12,2,0,2,0
2020-03-05,Stanislaus,099,539301,4,0,2,2,0
2020-03-05,Sutter,101,95872,0,0,0,0,0
2020-03-05,Tehama,103,63373,0,0,0,0,0
2020-03-05,Trinity,105,12862,0,0,0,0,0
2020-03-05,Tulare,107,460477,6,0,0,0,0
2020-03-05,Tuolumne,109,53932,1,0,0,0,0
2020-03-05,Ventura,111,848112,13,0,0,0,0
2020-03-05,Yolo,113,214977,2,0,0,0,0
2020-03-05,Yuba,115,75493,0,0,0,0,0
2020-03-04,Alameda,001,1643700,31,2,0,2,0
2020-03-04,Alpine,003,1148,0,0,0,0,0
2020-03-04,Amador,005,37829,0,0,0,0,0
2020-03-04,Butte,007,227075,0,0,0,0,0
2020-03-04,Calaveras,009,45235,0,0,0,0,0
2020-03-04,Colusa,011,21464,0,0,0,0,0
2020-03-04,Contra Costa,013,1133247,34,1,0,1,0
2020-03-04,Del Norte,015,27424,0,0,0,0,0
2020-03-04,El Dorado,017,186661,1,0,0,0,0
2020-03-04,Fresno,019,978130,3,0,1,1,0
2020-03-04,Glenn,021,27897,0,0,0,0,0
2020-03-04,Humboldt,023,135768,1,1,0,1,0
2020-03-04,Imperial,025,180216,2,0,0,0,0
2020-03-04,Inyo,027,18085,0,0,0,0,0
2020-03-04,Kern,029,883053,6,0,0,0,0
2020-03-04,Kings,031,150075,0,0,0,0,0
2020-03-04,Lake,033,64148,0,0,0,0,0
2020-03-04,Lassen,035,31185,0,0,0,0,0
2020-03-04,Los Angeles,037,10098052,191,7,6,13,0
2020-03-04,Madera,039,155013,5,0,0,0,0
2020-03-04,Marin,041,260295,10,0,0,0,0
2020-03-04,Mariposa,043,17540,0,0,0,0,0
2020-03-04,Mendocino,045,87422,0,0,0,0,0
2020-03-04,Merced,047,269075,2,0,0,0,0
2020-03-04,Modoc,049,8938,0,0,0,0,0
2020-03-04,Mono,051,14174,1,0,0,0,0
2020-03-04,Monterey,053,433212,3,0,0,0,0
2020-03-04,Napa,055,140530,1,0,0,0,0
2020-03-04,Nevada,057,99092,0,0,1,1,0
2020-03-04,Orange,059,3164182,77,3,0,3,0
2020-03-04,Placer,061,380077,9,2,0,2,1
2020-03-04,Plumas,063,18699,0,0,0,0,0
2020-03-04,Riverside,065,2383286,23,0,1,1,0
2020-03-04,Sacramento,067,1510023,32,1,0,1,0
2020-03-04,San Benito,069,59416,1,2,0,2,0
2020-03-04,San Bernardino,071,2135413,31,0,0,0,0
2020-03-04,San Diego,073,3302833,39,2,0,2,0
2020-03-04,San Francisco,075,870044,26,0,0,0,0
2020-03-04,San Joaquin,077,732212,9,0,3,3,0
2020-03-04,San Luis Obispo,079,281455,4,0,0,0,0
2020-03-04,San Mateo,081,765935,60,1,0,1,0
2020-03-04,Santa Barbara,083,443738,2,0,0,0,0
2020-03-04,Santa Clara,085,1922200,147,12,1,13,0
2020-03-04,Santa Cruz,087,273765,13,0,0,0,0
2020-03-04,Shasta,089,179085,2,0,0,0,0
2020-03-04,Sierra,091,2930,0,0,0,0,0
2020-03-04,Siskiyou,093,43540,0,0,0,0,0
2020-03-04,Solano,095,438530,21,24,0,24,0
2020-03-04,Sonoma,097,501317,11,2,0,2,0
2020-03-04,Stanislaus,099,539301,4,0,2,2,0
2020-03-04,Sutter,101,95872,0,0,0,0,0
2020-03-04,Tehama,103,63373,0,0,0,0,0
2020-03-04,Trinity,105,12862,0,0,0,0,0
2020-03-04,Tulare,107,460477,6,0,0,0,0
2020-03-04,Tuolumne,109,53932,0,0,0,0,0
2020-03-04,Ventura,111,848112,12,0,0,0,0
2020-03-04,Yolo,113,214977,2,0,0,0,0
2020-03-04,Yuba,115,75493,0,0,0,0,0
2020-03-03,Alameda,001,1643700,25,2,0,2,0
2020-03-03,Alpine,003,1148,0,0,0,0,0
2020-03-03,Amador,005,37829,0,0,0,0,0
2020-03-03,Butte,007,227075,0,0,0,0,0
2020-03-03,Calaveras,009,45235,0,0,0,0,0
2020-03-03,Colusa,011,21464,0,0,0,0,0
2020-03-03,Contra Costa,013,1133247,30,0,0,0,0
2020-03-03,Del Norte,015,27424,0,0,0,0,0
2020-03-03,El Dorado,017,186661,1,0,0,0,0
2020-03-03,Fresno,019,978130,2,0,1,1,0
2020-03-03,Glenn,021,27897,0,0,0,0,0
2020-03-03,Humboldt,023,135768,1,1,0,1,0
2020-03-03,Imperial,025,180216,2,0,0,0,0
2020-03-03,Inyo,027,18085,0,0,0,0,0
2020-03-03,Kern,029,883053,4,0,0,0,0
2020-03-03,Kings,031,150075,0,0,0,0,0
2020-03-03,Lake,033,64148,0,0,0,0,0
2020-03-03,Lassen,035,31185,0,0,0,0,0
2020-03-03,Los Angeles,037,10098052,172,5,6,11,0
2020-03-03,Madera,039,155013,4,0,0,0,0
2020-03-03,Marin,041,260295,6,0,0,0,0
2020-03-03,Mariposa,043,17540,0,0,0,0,0
2020-03-03,Mendocino,045,87422,0,0,0,0,0
2020-03-03,Merced,047,269075,2,0,0,0,0
2020-03-03,Modoc,049,8938,0,0,0,0,0
2020-03-03,Mono,051,14174,1,0,0,0,0
2020-03-03,Monterey,053,433212,2,0,0,0,0
2020-03-03,Napa,055,140530,1,0,0,0,0
2020-03-03,Nevada,057,99092,0,0,1,1,0
2020-03-03,Orange,059,3164182,69,1,0,1,0
2020-03-03,Placer,061,380077,8,2,0,2,0
2020-03-03,Plumas,063,18699,0,0,0,0,0
2020-03-03,Riverside,065,2383286,20,0,1,1,0
2020-03-03,Sacramento,067,1510023,31,1,0,1,0
2020-03-03,San Benito,069,59416,1,2,0,2,0
2020-03-03,San Bernardino,071,2135413,28,0,0,0,0
2020-03-03,San Diego,073,3302833,32,2,0,2,0
2020-03-03,San Francisco,075,870044,24,0,0,0,0
2020-03-03,San Joaquin,077,732212,8,0,3,3,0
2020-03-03,San Luis Obispo,079,281455,2,0,0,0,0
2020-03-03,San Mateo,081,765935,53,1,0,1,0
2020-03-03,Santa Barbara,083,443738,1,0,0,0,0
2020-03-03,Santa Clara,085,1922200,132,11,1,12,0
2020-03-03,Santa Cruz,087,273765,10,0,0,0,0
2020-03-03,Shasta,089,179085,2,0,0,0,0
2020-03-03,Sierra,091,2930,0,0,0,0,0
2020-03-03,Siskiyou,093,43540,0,0,0,0,0
2020-03-03,Solano,095,438530,20,24,0,24,0
2020-03-03,Sonoma,097,501317,11,1,0,1,0
2020-03-03,Stanislaus,099,539301,4,0,2,2,0
2020-03-03,Sutter,101,95872,0,0,0,0,0
2020-03-03,Tehama,103,63373,0,0,0,0,0
2020-03-03,Trinity,105,12862,0,0,0,0,0
2020-03-03,Tulare,107,460477,6,0,0,0,0
2020-03-03,Tuolumne,109,53932,0,0,0,0,0
2020-03-03,Ventura,111,848112,11,0,0,0,0
2020-03-03,Yolo,113,214977,1,0,0,0,0
2020-03-03,Yuba,115,75493,0,0,0,0,0
2020-03-02,Alameda,001,1643700,22,1,0,1,0
2020-03-02,Alpine,003,1148,0,0,0,0,0
2020-03-02,Amador,005,37829,0,0,0,0,0
2020-03-02,Butte,007,227075,0,0,0,0,0
2020-03-02,Calaveras,009,45235,0,0,0,0,0
2020-03-02,Colusa,011,21464,0,0,0,0,0
2020-03-02,Contra Costa,013,1133247,27,0,0,0,0
2020-03-02,Del Norte,015,27424,0,0,0,0,0
2020-03-02,El Dorado,017,186661,1,0,0,0,0
2020-03-02,Fresno,019,978130,2,0,1,1,0
2020-03-02,Glenn,021,27897,0,0,0,0,0
2020-03-02,Humboldt,023,135768,1,1,0,1,0
2020-03-02,Imperial,025,180216,2,0,0,0,0
2020-03-02,Inyo,027,18085,0,0,0,0,0
2020-03-02,Kern,029,883053,4,0,0,0,0
2020-03-02,Kings,031,150075,0,0,0,0,0
2020-03-02,Lake,033,64148,0,0,0,0,0
2020-03-02,Lassen,035,31185,0,0,0,0,0
2020-03-02,Los Angeles,037,10098052,157,1,6,7,0
2020-03-02,Madera,039,155013,4,0,0,0,0
2020-03-02,Marin,041,260295,6,0,0,0,0
2020-03-02,Mariposa,043,17540,0,0,0,0,0
2020-03-02,Mendocino,045,87422,0,0,0,0,0
2020-03-02,Merced,047,269075,1,0,0,0,0
2020-03-02,Modoc,049,8938,0,0,0,0,0
2020-03-02,Mono,051,14174,1,0,0,0,0
2020-03-02,Monterey,053,433212,2,0,0,0,0
2020-03-02,Napa,055,140530,1,0,0,0,0
2020-03-02,Nevada,057,99092,0,0,1,1,0
2020-03-02,Orange,059,3164182,64,1,0,1,0
2020-03-02,Placer,061,380077,8,1,0,1,0
2020-03-02,Plumas,063,18699,0,0,0,0,0
2020-03-02,Riverside,065,2383286,19,0,1,1,0
2020-03-02,Sacramento,067,1510023,25,1,0,1,0
2020-03-02,San Benito,069,59416,1,2,0,2,0
2020-03-02,San Bernardino,071,2135413,28,0,0,0,0
2020-03-02,San Diego,073,3302833,26,2,0,2,0
2020-03-02,San Francisco,075,870044,17,0,0,0,0
2020-03-02,San Joaquin,077,732212,7,0,3,3,0
2020-03-02,San Luis Obispo,079,281455,2,0,0,0,0
2020-03-02,San Mateo,081,765935,44,1,0,1,0
2020-03-02,Santa Barbara,083,443738,1,0,0,0,0
2020-03-02,Santa Clara,085,1922200,110,7,1,8,0
2020-03-02,Santa Cruz,087,273765,9,0,0,0,0
2020-03-02,Shasta,089,179085,2,0,0,0,0
2020-03-02,Sierra,091,2930,0,0,0,0,0
2020-03-02,Siskiyou,093,43540,0,0,0,0,0
2020-03-02,Solano,095,438530,19,24,0,24,0
2020-03-02,Sonoma,097,501317,10,1,0,1,0
2020-03-02,Stanislaus,099,539301,2,0,2,2,0
2020-03-02,Sutter,101,95872,0,0,0,0,0
2020-03-02,Tehama,103,63373,0,0,0,0,0
2020-03-02,Trinity,105,12862,0,0,0,0,0
2020-03-02,Tulare,107,460477,6,0,0,0,0
2020-03-02,Tuolumne,109,53932,0,0,0,0,0
2020-03-02,Ventura,111,848112,10,0,0,0,0
2020-03-02,Yolo,113,214977,1,0,0,0,0
2020-03-02,Yuba,115,75493,0,0,0,0,0
2020-03-01,Alameda,001,1643700,21,1,0,1,0
2020-03-01,Alpine,003,1148,0,0,0,0,0
2020-03-01,Amador,005,37829,0,0,0,0,0
2020-03-01,Butte,007,227075,0,0,0,0,0
2020-03-01,Calaveras,009,45235,0,0,0,0,0
2020-03-01,Colusa,011,21464,0,0,0,0,0
2020-03-01,Contra Costa,013,1133247,24,0,0,0,0
2020-03-01,Del Norte,015,27424,0,0,0,0,0
2020-03-01,El Dorado,017,186661,1,0,0,0,0
2020-03-01,Fresno,019,978130,1,0,1,1,0
2020-03-01,Glenn,021,27897,0,0,0,0,0
2020-03-01,Humboldt,023,135768,1,1,0,1,0
2020-03-01,Imperial,025,180216,2,0,0,0,0
2020-03-01,Inyo,027,18085,0,0,0,0,0
2020-03-01,Kern,029,883053,2,0,0,0,0
2020-03-01,Kings,031,150075,0,0,0,0,0
2020-03-01,Lake,033,64148,0,0,0,0,0
2020-03-01,Lassen,035,31185,0,0,0,0,0
2020-03-01,Los Angeles,037,10098052,138,1,6,7,0
2020-03-01,Madera,039,155013,2,0,0,0,0
2020-03-01,Marin,041,260295,5,0,0,0,0
2020-03-01,Mariposa,043,17540,0,0,0,0,0
2020-03-01,Mendocino,045,87422,0,0,0,0,0
2020-03-01,Merced,047,269075,1,0,0,0,0
2020-03-01,Modoc,049,8938,0,0,0,0,0
2020-03-01,Mono,051,14174,1,0,0,0,0
2020-03-01,Monterey,053,433212,1,0,0,0,0
2020-03-01,Napa,055,140530,1,0,0,0,0
2020-03-01,Nevada,057,99092,0,0,1,1,0
2020-03-01,Orange,059,3164182,61,1,0,1,0
2020-03-01,Placer,061,380077,8,0,0,0,0
2020-03-01,Plumas,063,18699,0,0,0,0,0
2020-03-01,Riverside,065,2383286,18,0,1,1,0
2020-03-01,Sacramento,067,1510023,21,1,0,1,0
2020-03-01,San Benito,069,59416,0,2,0,2,0
2020-03-01,San Bernardino,071,2135413,27,0,0,0,0
2020-03-01,San Diego,073,3302833,19,2,0,2,0
2020-03-01,San Francisco,075,870044,13,0,0,0,0
2020-03-01,San Joaquin,077,732212,7,0,3,3,0
2020-03-01,San Luis Obispo,079,281455,2,0,0,0,0
2020-03-01,San Mateo,081,765935,36,0,0,0,0
2020-03-01,Santa Barbara,083,443738,1,0,0,0,0
2020-03-01,Santa Clara,085,1922200,97,6,1,7,0
2020-03-01,Santa Cruz,087,273765,8,0,0,0,0
2020-03-01,Shasta,089,179085,2,0,0,0,0
2020-03-01,Sierra,091,2930,0,0,0,0,0
2020-03-01,Siskiyou,093,43540,0,0,0,0,0
2020-03-01,Solano,095,438530,19,24,0,24,0
2020-03-01,Sonoma,097,501317,9,0,0,0,0
2020-03-01,Stanislaus,099,539301,2,0,2,2,0
2020-03-01,Sutter,101,95872,0,0,0,0,0
2020-03-01,Tehama,103,63373,0,0,0,0,0
2020-03-01,Trinity,105,12862,0,0,0,0,0
2020-03-01,Tulare,107,460477,6,0,0,0,0
2020-03-01,Tuolumne,109,53932,0,0,0,0,0
2020-03-01,Ventura,111,848112,8,0,0,0,0
2020-03-01,Yolo,113,214977,1,0,0,0,0
2020-03-01,Yuba,115,75493,0,0,0,0,0
2020-02-29,Alameda,001,1643700,17,0,0,0,0
2020-02-29,Alpine,003,1148,0,0,0,0,0
2020-02-29,Amador,005,37829,0,0,0,0,0
2020-02-29,Butte,007,227075,0,0,0,0,0
2020-02-29,Calaveras,009,45235,0,0,0,0,0
2020-02-29,Colusa,011,21464,0,0,0,0,0
2020-02-29,Contra Costa,013,1133247,20,0,0,0,0
2020-02-29,Del Norte,015,27424,0,0,0,0,0
2020-02-29,El Dorado,017,186661,1,0,0,0,0
2020-02-29,Fresno,019,978130,1,0,0,0,0
2020-02-29,Glenn,021,27897,0,0,0,0,0
2020-02-29,Humboldt,023,135768,1,1,0,1,0
2020-02-29,Imperial,025,180216,1,0,0,0,0
2020-02-29,Inyo,027,18085,0,0,0,0,0
2020-02-29,Kern,029,883053,2,0,0,0,0
2020-02-29,Kings,031,150075,0,0,0,0,0
2020-02-29,Lake,033,64148,0,0,0,0,0
2020-02-29,Lassen,035,31185,0,0,0,0,0
2020-02-29,Los Angeles,037,10098052,110,1,6,7,0
2020-02-29,Madera,039,155013,2,0,0,0,0
2020-02-29,Marin,041,260295,4,0,0,0,0
2020-02-29,Mariposa,043,17540,0,0,0,0,0
2020-02-29,Mendocino,045,87422,0,0,0,0,0
2020-02-29,Merced,047,269075,1,0,0,0,0
2020-02-29,Modoc,049,8938,0,0,0,0,0
2020-02-29,Mono,051,14174,1,0,0,0,0
2020-02-29,Monterey,053,433212,1,0,0,0,0
2020-02-29,Napa,055,140530,1,0,0,0,0
2020-02-29,Nevada,057,99092,0,0,1,1,0
2020-02-29,Orange,059,3164182,56,1,0,1,0
2020-02-29,Placer,061,380077,7,0,0,0,0
2020-02-29,Plumas,063,18699,0,0,0,0,0
2020-02-29,Riverside,065,2383286,15,0,1,1,0
2020-02-29,Sacramento,067,1510023,16,1,0,1,0
2020-02-29,San Benito,069,59416,0,2,0,2,0
2020-02-29,San Bernardino,071,2135413,25,0,0,0,0
2020-02-29,San Diego,073,3302833,14,2,0,2,0
2020-02-29,San Francisco,075,870044,12,0,0,0,0
2020-02-29,San Joaquin,077,732212,6,0,3,3,0
2020-02-29,San Luis Obispo,079,281455,2,0,0,0,0
2020-02-29,San Mateo,081,765935,29,0,0,0,0
2020-02-29,Santa Barbara,083,443738,0,0,0,0,0
2020-02-29,Santa Clara,085,1922200,75,3,1,4,0
2020-02-29,Santa Cruz,087,273765,8,0,0,0,0
2020-02-29,Shasta,089,179085,2,0,0,0,0
2020-02-29,Sierra,091,2930,0,0,0,0,0
2020-02-29,Siskiyou,093,43540,0,0,0,0,0
2020-02-29,Solano,095,438530,18,23,0,23,0
2020-02-29,Sonoma,097,501317,6,0,0,0,0
2020-02-29,Stanislaus,099,539301,2,0,2,2,0
2020-02-29,Sutter,101,95872,0,0,0,0,0
2020-02-29,Tehama,103,63373,0,0,0,0,0
2020-02-29,Trinity,105,12862,0,0,0,0,0
2020-02-29,Tulare,107,460477,4,0,0,0,0
2020-02-29,Tuolumne,109,53932,0,0,0,0,0
2020-02-29,Ventura,111,848112,6,0,0,0,0
2020-02-29,Yolo,113,214977,1,0,0,0,0
2020-02-29,Yuba,115,75493,0,0,0,0,0
2020-02-28,Alameda,001,1643700,15,0,0,0,0
2020-02-28,Alpine,003,1148,0,0,0,0,0
2020-02-28,Amador,005,37829,0,0,0,0,0
2020-02-28,Butte,007,227075,0,0,0,0,0
2020-02-28,Calaveras,009,45235,0,0,0,0,0
2020-02-28,Colusa,011,21464,0,0,0,0,0
2020-02-28,Contra Costa,013,1133247,20,0,0,0,0
2020-02-28,Del Norte,015,27424,0,0,0,0,0
2020-02-28,El Dorado,017,186661,0,0,0,0,0
2020-02-28,Fresno,019,978130,1,0,0,0,0
2020-02-28,Glenn,021,27897,0,0,0,0,0
2020-02-28,Humboldt,023,135768,1,1,0,1,0
2020-02-28,Imperial,025,180216,1,0,0,0,0
2020-02-28,Inyo,027,18085,0,0,0,0,0
2020-02-28,Kern,029,883053,2,0,0,0,0
2020-02-28,Kings,031,150075,0,0,0,0,0
2020-02-28,Lake,033,64148,0,0,0,0,0
2020-02-28,Lassen,035,31185,0,0,0,0,0
2020-02-28,Los Angeles,037,10098052,102,1,6,7,0
2020-02-28,Madera,039,155013,2,0,0,0,0
2020-02-28,Marin,041,260295,2,0,0,0,0
2020-02-28,Mariposa,043,17540,0,0,0,0,0
2020-02-28,Mendocino,045,87422,0,0,0,0,0
2020-02-28,Merced,047,269075,1,0,0,0,0
2020-02-28,Modoc,049,8938,0,0,0,0,0
2020-02-28,Mono,051,14174,0,0,0,0,0
2020-02-28,Monterey,053,433212,1,0,0,0,0
2020-02-28,Napa,055,140530,1,0,0,0,0
2020-02-28,Nevada,057,99092,0,0,1,1,0
2020-02-28,Orange,059,3164182,54,1,0,1,0
2020-02-28,Placer,061,380077,7,0,0,0,0
2020-02-28,Plumas,063,18699,0,0,0,0,0
2020-02-28,Riverside,065,2383286,13,0,1,1,0
2020-02-28,Sacramento,067,1510023,10,1,0,1,0
2020-02-28,San Benito,069,59416,0,2,0,2,0
2020-02-28,San Bernardino,071,2135413,25,0,0,0,0
2020-02-28,San Diego,073,3302833,11,2,0,2,0
2020-02-28,San Francisco,075,870044,10,0,0,0,0
2020-02-28,San Joaquin,077,732212,6,0,3,3,0
2020-02-28,San Luis Obispo,079,281455,2,0,0,0,0
2020-02-28,San Mateo,081,765935,24,0,0,0,0
2020-02-28,Santa Barbara,083,443738,0,0,0,0,0
2020-02-28,Santa Clara,085,1922200,70,3,1,4,0
2020-02-28,Santa Cruz,087,273765,8,0,0,0,0
2020-02-28,Shasta,089,179085,2,0,0,0,0
2020-02-28,Sierra,091,2930,0,0,0,0,0
2020-02-28,Siskiyou,093,43540,0,0,0,0,0
2020-02-28,Solano,095,438530,17,23,0,23,0
2020-02-28,Sonoma,097,501317,6,0,0,0,0
2020-02-28,Stanislaus,099,539301,2,0,2,2,0
2020-02-28,Sutter,101,95872,0,0,0,0,0
2020-02-28,Tehama,103,63373,0,0,0,0,0
2020-02-28,Trinity,105,12862,0,0,0,0,0
2020-02-28,Tulare,107,460477,3,0,0,0,0
2020-02-28,Tuolumne,109,53932,0,0,0,0,0
2020-02-28,Ventura,111,848112,6,0,0,0,0
2020-02-28,Yolo,113,214977,1,0,0,0,0
2020-02-28,Yuba,115,75493,0,0,0,0,0
2020-02-27,Alameda,001,1643700,14,0,0,0,0
2020-02-27,Alpine,003,1148,0,0,0,0,0
2020-02-27,Amador,005,37829,0,0,0,0,0
2020-02-27,Butte,007,227075,0,0,0,0,0
2020-02-27,Calaveras,009,45235,0,0,0,0,0
2020-02-27,Colusa,011,21464,0,0,0,0,0
2020-02-27,Contra Costa,013,1133247,14,0,0,0,0
2020-02-27,Del Norte,015,27424,0,0,0,0,0
2020-02-27,El Dorado,017,186661,0,0,0,0,0
2020-02-27,Fresno,019,978130,1,0,0,0,0
2020-02-27,Glenn,021,27897,0,0,0,0,0
2020-02-27,Humboldt,023,135768,1,1,0,1,0
2020-02-27,Imperial,025,180216,1,0,0,0,0
2020-02-27,Inyo,027,18085,0,0,0,0,0
2020-02-27,Kern,029,883053,2,0,0,0,0
2020-02-27,Kings,031,150075,0,0,0,0,0
2020-02-27,Lake,033,64148,0,0,0,0,0
2020-02-27,Lassen,035,31185,0,0,0,0,0
2020-02-27,Los Angeles,037,10098052,94,1,6,7,0
2020-02-27,Madera,039,155013,2,0,0,0,0
2020-02-27,Marin,041,260295,1,0,0,0,0
2020-02-27,Mariposa,043,17540,0,0,0,0,0
2020-02-27,Mendocino,045,87422,0,0,0,0,0
2020-02-27,Merced,047,269075,1,0,0,0,0
2020-02-27,Modoc,049,8938,0,0,0,0,0
2020-02-27,Mono,051,14174,0,0,0,0,0
2020-02-27,Monterey,053,433212,1,0,0,0,0
2020-02-27,Napa,055,140530,1,0,0,0,0
2020-02-27,Nevada,057,99092,0,0,1,1,0
2020-02-27,Orange,059,3164182,48,1,0,1,0
2020-02-27,Placer,061,380077,6,0,0,0,0
2020-02-27,Plumas,063,18699,0,0,0,0,0
2020-02-27,Riverside,065,2383286,12,0,1,1,0
2020-02-27,Sacramento,067,1510023,10,1,0,1,0
2020-02-27,San Benito,069,59416,0,2,0,2,0
2020-02-27,San Bernardino,071,2135413,25,0,0,0,0
2020-02-27,San Diego,073,3302833,10,2,0,2,0
2020-02-27,San Francisco,075,870044,9,0,0,0,0
2020-02-27,San Joaquin,077,732212,5,0,3,3,0
2020-02-27,San Luis Obispo,079,281455,2,0,0,0,0
2020-02-27,San Mateo,081,765935,20,0,0,0,0
2020-02-27,Santa Barbara,083,443738,0,0,0,0,0
2020-02-27,Santa Clara,085,1922200,59,2,1,3,0
2020-02-27,Santa Cruz,087,273765,6,0,0,0,0
2020-02-27,Shasta,089,179085,0,0,0,0,0
2020-02-27,Sierra,091,2930,0,0,0,0,0
2020-02-27,Siskiyou,093,43540,0,0,0,0,0
2020-02-27,Solano,095,438530,17,23,0,23,0
2020-02-27,Sonoma,097,501317,5,0,0,0,0
2020-02-27,Stanislaus,099,539301,2,0,2,2,0
2020-02-27,Sutter,101,95872,0,0,0,0,0
2020-02-27,Tehama,103,63373,0,0,0,0,0
2020-02-27,Trinity,105,12862,0,0,0,0,0
2020-02-27,Tulare,107,460477,3,0,0,0,0
2020-02-27,Tuolumne,109,53932,0,0,0,0,0
2020-02-27,Ventura,111,848112,4,0,0,0,0
2020-02-27,Yolo,113,214977,1,0,0,0,0
2020-02-27,Yuba,115,75493,0,0,0,0,0
2020-02-26,Alameda,001,1643700,14,0,0,0,0
2020-02-26,Alpine,003,1148,0,0,0,0,0
2020-02-26,Amador,005,37829,0,0,0,0,0
2020-02-26,Butte,007,227075,0,0,0,0,0
2020-02-26,Calaveras,009,45235,0,0,0,0,0
2020-02-26,Colusa,011,21464,0,0,0,0,0
2020-02-26,Contra Costa,013,1133247,13,0,0,0,0
2020-02-26,Del Norte,015,27424,0,0,0,0,0
2020-02-26,El Dorado,017,186661,0,0,0,0,0
2020-02-26,Fresno,019,978130,1,0,0,0,0
2020-02-26,Glenn,021,27897,0,0,0,0,0
2020-02-26,Humboldt,023,135768,1,1,0,1,0
2020-02-26,Imperial,025,180216,1,0,0,0,0
2020-02-26,Inyo,027,18085,0,0,0,0,0
2020-02-26,Kern,029,883053,2,0,0,0,0
2020-02-26,Kings,031,150075,0,0,0,0,0
2020-02-26,Lake,033,64148,0,0,0,0,0
2020-02-26,Lassen,035,31185,0,0,0,0,0
2020-02-26,Los Angeles,037,10098052,88,1,6,7,0
2020-02-26,Madera,039,155013,2,0,0,0,0
2020-02-26,Marin,041,260295,1,0,0,0,0
2020-02-26,Mariposa,043,17540,0,0,0,0,0
2020-02-26,Mendocino,045,87422,0,0,0,0,0
2020-02-26,Merced,047,269075,1,0,0,0,0
2020-02-26,Modoc,049,8938,0,0,0,0,0
2020-02-26,Mono,051,14174,0,0,0,0,0
2020-02-26,Monterey,053,433212,1,0,0,0,0
2020-02-26,Napa,055,140530,0,0,0,0,0
2020-02-26,Nevada,057,99092,0,0,1,1,0
2020-02-26,Orange,059,3164182,47,1,0,1,0
2020-02-26,Placer,061,380077,5,0,0,0,0
2020-02-26,Plumas,063,18699,0,0,0,0,0
2020-02-26,Riverside,065,2383286,10,0,1,1,0
2020-02-26,Sacramento,067,1510023,10,1,0,1,0
2020-02-26,San Benito,069,59416,0,2,0,2,0
2020-02-26,San Bernardino,071,2135413,23,0,0,0,0
2020-02-26,San Diego,073,3302833,9,2,0,2,0
2020-02-26,San Francisco,075,870044,9,0,0,0,0
2020-02-26,San Joaquin,077,732212,5,0,3,3,0
2020-02-26,San Luis Obispo,079,281455,2,0,0,0,0
2020-02-26,San Mateo,081,765935,18,0,0,0,0
2020-02-26,Santa Barbara,083,443738,0,0,0,0,0
2020-02-26,Santa Clara,085,1922200,50,2,1,3,0
2020-02-26,Santa Cruz,087,273765,6,0,0,0,0
2020-02-26,Shasta,089,179085,0,0,0,0,0
2020-02-26,Sierra,091,2930,0,0,0,0,0
2020-02-26,Siskiyou,093,43540,0,0,0,0,0
2020-02-26,Solano,095,438530,17,23,0,23,0
2020-02-26,Sonoma,097,501317,5,0,0,0,0
2020-02-26,Stanislaus,099,539301,2,0,2,2,0
2020-02-26,Sutter,101,95872,0,0,0,0,0
2020-02-26,Tehama,103,63373,0,0,0,0,0
2020-02-26,Trinity,105,12862,0,0,0,0,0
2020-02-26,Tulare,107,460477,3,0,0,0,0
2020-02-26,Tuolumne,109,53932,0,0,0,0,0
2020-02-26,Ventura,111,848112,4,0,0,0,0
2020-02-26,Yolo,113,214977,1,0,0,0,0
2020-02-26,Yuba,115,75493,0,0,0,0,0
2020-02-25,Alameda,001,1643700,14,0,0,0,0
2020-02-25,Alpine,003,1148,0,0,0,0,0
2020-02-25,Amador,005,37829,0,0,0,0,0
2020-02-25,Butte,007,227075,0,0,0,0,0
2020-02-25,Calaveras,009,45235,0,0,0,0,0
2020-02-25,Colusa,011,21464,0,0,0,0,0
2020-02-25,Contra Costa,013,1133247,11,0,0,0,0
2020-02-25,Del Norte,015,27424,0,0,0,0,0
2020-02-25,El Dorado,017,186661,0,0,0,0,0
2020-02-25,Fresno,019,978130,1,0,0,0,0
2020-02-25,Glenn,021,27897,0,0,0,0,0
2020-02-25,Humboldt,023,135768,1,1,0,1,0
2020-02-25,Imperial,025,180216,1,0,0,0,0
2020-02-25,Inyo,027,18085,0,0,0,0,0
2020-02-25,Kern,029,883053,2,0,0,0,0
2020-02-25,Kings,031,150075,0,0,0,0,0
2020-02-25,Lake,033,64148,0,0,0,0,0
2020-02-25,Lassen,035,31185,0,0,0,0,0
2020-02-25,Los Angeles,037,10098052,76,1,6,7,0
2020-02-25,Madera,039,155013,2,0,0,0,0
2020-02-25,Marin,041,260295,1,0,0,0,0
2020-02-25,Mariposa,043,17540,0,0,0,0,0
2020-02-25,Mendocino,045,87422,0,0,0,0,0
2020-02-25,Merced,047,269075,0,0,0,0,0
2020-02-25,Modoc,049,8938,0,0,0,0,0
2020-02-25,Mono,051,14174,0,0,0,0,0
2020-02-25,Monterey,053,433212,1,0,0,0,0
2020-02-25,Napa,055,140530,0,0,0,0,0
2020-02-25,Nevada,057,99092,0,0,1,1,0
2020-02-25,Orange,059,3164182,46,1,0,1,0
2020-02-25,Placer,061,380077,5,0,0,0,0
2020-02-25,Plumas,063,18699,0,0,0,0,0
2020-02-25,Riverside,065,2383286,10,0,1,1,0
2020-02-25,Sacramento,067,1510023,8,1,0,1,0
2020-02-25,San Benito,069,59416,0,2,0,2,0
2020-02-25,San Bernardino,071,2135413,21,0,0,0,0
2020-02-25,San Diego,073,3302833,5,2,0,2,0
2020-02-25,San Francisco,075,870044,7,0,0,0,0
2020-02-25,San Joaquin,077,732212,5,0,2,2,0
2020-02-25,San Luis Obispo,079,281455,2,0,0,0,0
2020-02-25,San Mateo,081,765935,17,0,0,0,0
2020-02-25,Santa Barbara,083,443738,0,0,0,0,0
2020-02-25,Santa Clara,085,1922200,40,2,1,3,0
2020-02-25,Santa Cruz,087,273765,5,0,0,0,0
2020-02-25,Shasta,089,179085,0,0,0,0,0
2020-02-25,Sierra,091,2930,0,0,0,0,0
2020-02-25,Siskiyou,093,43540,0,0,0,0,0
2020-02-25,Solano,095,438530,16,21,0,21,0
2020-02-25,Sonoma,097,501317,5,0,0,0,0
2020-02-25,Stanislaus,099,539301,2,0,2,2,0
2020-02-25,Sutter,101,95872,0,0,0,0,0
2020-02-25,Tehama,103,63373,0,0,0,0,0
2020-02-25,Trinity,105,12862,0,0,0,0,0
2020-02-25,Tulare,107,460477,3,0,0,0,0
2020-02-25,Tuolumne,109,53932,0,0,0,0,0
2020-02-25,Ventura,111,848112,4,0,0,0,0
2020-02-25,Yolo,113,214977,1,0,0,0,0
2020-02-25,Yuba,115,75493,0,0,0,0,0
2020-02-24,Alameda,001,1643700,14,0,0,0,0
2020-02-24,Alpine,003,1148,0,0,0,0,0
2020-02-24,Amador,005,37829,0,0,0,0,0
2020-02-24,Butte,007,227075,0,0,0,0,0
2020-02-24,Calaveras,009,45235,0,0,0,0,0
2020-02-24,Colusa,011,21464,0,0,0,0,0
2020-02-24,Contra Costa,013,1133247,9,0,0,0,0
2020-02-24,Del Norte,015,27424,0,0,0,0,0
2020-02-24,El Dorado,017,186661,0,0,0,0,0
2020-02-24,Fresno,019,978130,1,0,0,0,0
2020-02-24,Glenn,021,27897,0,0,0,0,0
2020-02-24,Humboldt,023,135768,1,1,0,1,0
2020-02-24,Imperial,025,180216,1,0,0,0,0
2020-02-24,Inyo,027,18085,0,0,0,0,0
2020-02-24,Kern,029,883053,2,0,0,0,0
2020-02-24,Kings,031,150075,0,0,0,0,0
2020-02-24,Lake,033,64148,0,0,0,0,0
2020-02-24,Lassen,035,31185,0,0,0,0,0
2020-02-24,Los Angeles,037,10098052,70,1,6,7,0
2020-02-24,Madera,039,155013,1,0,0,0,0
2020-02-24,Marin,041,260295,1,0,0,0,0
2020-02-24,Mariposa,043,17540,0,0,0,0,0
2020-02-24,Mendocino,045,87422,0,0,0,0,0
2020-02-24,Merced,047,269075,0,0,0,0,0
2020-02-24,Modoc,049,8938,0,0,0,0,0
2020-02-24,Mono,051,14174,0,0,0,0,0
2020-02-24,Monterey,053,433212,1,0,0,0,0
2020-02-24,Napa,055,140530,0,0,0,0,0
2020-02-24,Nevada,057,99092,0,0,1,1,0
2020-02-24,Orange,059,3164182,44,1,0,1,0
2020-02-24,Placer,061,380077,3,0,0,0,0
2020-02-24,Plumas,063,18699,0,0,0,0,0
2020-02-24,Riverside,065,2383286,9,0,1,1,0
2020-02-24,Sacramento,067,1510023,7,1,0,1,0
2020-02-24,San Benito,069,59416,0,2,0,2,0
2020-02-24,San Bernardino,071,2135413,21,0,0,0,0
2020-02-24,San Diego,073,3302833,5,2,0,2,0
2020-02-24,San Francisco,075,870044,6,0,0,0,0
2020-02-24,San Joaquin,077,732212,5,0,1,1,0
2020-02-24,San Luis Obispo,079,281455,2,0,0,0,0
2020-02-24,San Mateo,081,765935,13,0,0,0,0
2020-02-24,Santa Barbara,083,443738,0,0,0,0,0
2020-02-24,Santa Clara,085,1922200,38,2,1,3,0
2020-02-24,Santa Cruz,087,273765,5,0,0,0,0
2020-02-24,Shasta,089,179085,0,0,0,0,0
2020-02-24,Sierra,091,2930,0,0,0,0,0
2020-02-24,Siskiyou,093,43540,0,0,0,0,0
2020-02-24,Solano,095,438530,13,15,0,15,0
2020-02-24,Sonoma,097,501317,5,0,0,0,0
2020-02-24,Stanislaus,099,539301,2,0,2,2,0
2020-02-24,Sutter,101,95872,0,0,0,0,0
2020-02-24,Tehama,103,63373,0,0,0,0,0
2020-02-24,Trinity,105,12862,0,0,0,0,0
2020-02-24,Tulare,107,460477,3,0,0,0,0
2020-02-24,Tuolumne,109,53932,0,0,0,0,0
2020-02-24,Ventura,111,848112,4,0,0,0,0
2020-02-24,Yolo,113,214977,1,0,0,0,0
2020-02-24,Yuba,115,75493,0,0,0,0,0
2020-02-23,Alameda,001,1643700,12,0,0,0,0
2020-02-23,Alpine,003,1148,0,0,0,0,0
2020-02-23,Amador,005,37829,0,0,0,0,0
2020-02-23,Butte,007,227075,0,0,0,0,0
2020-02-23,Calaveras,009,45235,0,0,0,0,0
2020-02-23,Colusa,011,21464,0,0,0,0,0
2020-02-23,Contra Costa,013,1133247,6,0,0,0,0
2020-02-23,Del Norte,015,27424,0,0,0,0,0
2020-02-23,El Dorado,017,186661,0,0,0,0,0
2020-02-23,Fresno,019,978130,1,0,0,0,0
2020-02-23,Glenn,021,27897,0,0,0,0,0
2020-02-23,Humboldt,023,135768,1,1,0,1,0
2020-02-23,Imperial,025,180216,1,0,0,0,0
2020-02-23,Inyo,027,18085,0,0,0,0,0
2020-02-23,Kern,029,883053,2,0,0,0,0
2020-02-23,Kings,031,150075,0,0,0,0,0
2020-02-23,Lake,033,64148,0,0,0,0,0
2020-02-23,Lassen,035,31185,0,0,0,0,0
2020-02-23,Los Angeles,037,10098052,62,1,6,7,0
2020-02-23,Madera,039,155013,1,0,0,0,0
2020-02-23,Marin,041,260295,1,0,0,0,0
2020-02-23,Mariposa,043,17540,0,0,0,0,0
2020-02-23,Mendocino,045,87422,0,0,0,0,0
2020-02-23,Merced,047,269075,0,0,0,0,0
2020-02-23,Modoc,049,8938,0,0,0,0,0
2020-02-23,Mono,051,14174,0,0,0,0,0
2020-02-23,Monterey,053,433212,1,0,0,0,0
2020-02-23,Napa,055,140530,0,0,0,0,0
2020-02-23,Nevada,057,99092,0,0,1,1,0
2020-02-23,Orange,059,3164182,44,1,0,1,0
2020-02-23,Placer,061,380077,3,0,0,0,0
2020-02-23,Plumas,063,18699,0,0,0,0,0
2020-02-23,Riverside,065,2383286,9,0,0,0,0
2020-02-23,Sacramento,067,1510023,6,1,0,1,0
2020-02-23,San Benito,069,59416,0,2,0,2,0
2020-02-23,San Bernardino,071,2135413,20,0,0,0,0
2020-02-23,San Diego,073,3302833,4,2,0,2,0
2020-02-23,San Francisco,075,870044,5,0,0,0,0
2020-02-23,San Joaquin,077,732212,4,0,1,1,0
2020-02-23,San Luis Obispo,079,281455,2,0,0,0,0
2020-02-23,San Mateo,081,765935,10,0,0,0,0
2020-02-23,Santa Barbara,083,443738,0,0,0,0,0
2020-02-23,Santa Clara,085,1922200,26,2,1,3,0
2020-02-23,Santa Cruz,087,273765,2,0,0,0,0
2020-02-23,Shasta,089,179085,0,0,0,0,0
2020-02-23,Sierra,091,2930,0,0,0,0,0
2020-02-23,Siskiyou,093,43540,0,0,0,0,0
2020-02-23,Solano,095,438530,11,15,0,15,0
2020-02-23,Sonoma,097,501317,5,0,0,0,0
2020-02-23,Stanislaus,099,539301,2,0,2,2,0
2020-02-23,Sutter,101,95872,0,0,0,0,0
2020-02-23,Tehama,103,63373,0,0,0,0,0
2020-02-23,Trinity,105,12862,0,0,0,0,0
2020-02-23,Tulare,107,460477,2,0,0,0,0
2020-02-23,Tuolumne,109,53932,0,0,0,0,0
2020-02-23,Ventura,111,848112,4,0,0,0,0
2020-02-23,Yolo,113,214977,1,0,0,0,0
2020-02-23,Yuba,115,75493,0,0,0,0,0
2020-02-22,Alameda,001,1643700,11,0,0,0,0
2020-02-22,Alpine,003,1148,0,0,0,0,0
2020-02-22,Amador,005,37829,0,0,0,0,0
2020-02-22,Butte,007,227075,0,0,0,0,0
2020-02-22,Calaveras,009,45235,0,0,0,0,0
2020-02-22,Colusa,011,21464,0,0,0,0,0
2020-02-22,Contra Costa,013,1133247,5,0,0,0,0
2020-02-22,Del Norte,015,27424,0,0,0,0,0
2020-02-22,El Dorado,017,186661,0,0,0,0,0
2020-02-22,Fresno,019,978130,1,0,0,0,0
2020-02-22,Glenn,021,27897,0,0,0,0,0
2020-02-22,Humboldt,023,135768,1,1,0,1,0
2020-02-22,Imperial,025,180216,0,0,0,0,0
2020-02-22,Inyo,027,18085,0,0,0,0,0
2020-02-22,Kern,029,883053,2,0,0,0,0
2020-02-22,Kings,031,150075,0,0,0,0,0
2020-02-22,Lake,033,64148,0,0,0,0,0
2020-02-22,Lassen,035,31185,0,0,0,0,0
2020-02-22,Los Angeles,037,10098052,60,1,6,7,0
2020-02-22,Madera,039,155013,0,0,0,0,0
2020-02-22,Marin,041,260295,1,0,0,0,0
2020-02-22,Mariposa,043,17540,0,0,0,0,0
2020-02-22,Mendocino,045,87422,0,0,0,0,0
2020-02-22,Merced,047,269075,0,0,0,0,0
2020-02-22,Modoc,049,8938,0,0,0,0,0
2020-02-22,Mono,051,14174,0,0,0,0,0
2020-02-22,Monterey,053,433212,1,0,0,0,0
2020-02-22,Napa,055,140530,0,0,0,0,0
2020-02-22,Nevada,057,99092,0,0,1,1,0
2020-02-22,Orange,059,3164182,43,1,0,1,0
2020-02-22,Placer,061,380077,3,0,0,0,0
2020-02-22,Plumas,063,18699,0,0,0,0,0
2020-02-22,Riverside,065,2383286,9,0,0,0,0
2020-02-22,Sacramento,067,1510023,6,1,0,1,0
2020-02-22,San Benito,069,59416,0,2,0,2,0
2020-02-22,San Bernardino,071,2135413,18,0,0,0,0
2020-02-22,San Diego,073,3302833,3,2,0,2,0
2020-02-22,San Francisco,075,870044,3,0,0,0,0
2020-02-22,San Joaquin,077,732212,4,0,1,1,0
2020-02-22,San Luis Obispo,079,281455,2,0,0,0,0
2020-02-22,San Mateo,081,765935,8,0,0,0,0
2020-02-22,Santa Barbara,083,443738,0,0,0,0,0
2020-02-22,Santa Clara,085,1922200,23,2,1,3,0
2020-02-22,Santa Cruz,087,273765,2,0,0,0,0
2020-02-22,Shasta,089,179085,0,0,0,0,0
2020-02-22,Sierra,091,2930,0,0,0,0,0
2020-02-22,Siskiyou,093,43540,0,0,0,0,0
2020-02-22,Solano,095,438530,11,11,0,11,0
2020-02-22,Sonoma,097,501317,4,0,0,0,0
2020-02-22,Stanislaus,099,539301,2,0,2,2,0
2020-02-22,Sutter,101,95872,0,0,0,0,0
2020-02-22,Tehama,103,63373,0,0,0,0,0
2020-02-22,Trinity,105,12862,0,0,0,0,0
2020-02-22,Tulare,107,460477,2,0,0,0,0
2020-02-22,Tuolumne,109,53932,0,0,0,0,0
2020-02-22,Ventura,111,848112,4,0,0,0,0
2020-02-22,Yolo,113,214977,0,0,0,0,0
2020-02-22,Yuba,115,75493,0,0,0,0,0
2020-02-21,Alameda,001,1643700,10,0,0,0,0
2020-02-21,Alpine,003,1148,0,0,0,0,0
2020-02-21,Amador,005,37829,0,0,0,0,0
2020-02-21,Butte,007,227075,0,0,0,0,0
2020-02-21,Calaveras,009,45235,0,0,0,0,0
2020-02-21,Colusa,011,21464,0,0,0,0,0
2020-02-21,Contra Costa,013,1133247,4,0,0,0,0
2020-02-21,Del Norte,015,27424,0,0,0,0,0
2020-02-21,El Dorado,017,186661,0,0,0,0,0
2020-02-21,Fresno,019,978130,1,0,0,0,0
2020-02-21,Glenn,021,27897,0,0,0,0,0
2020-02-21,Humboldt,023,135768,1,1,0,1,0
2020-02-21,Imperial,025,180216,0,0,0,0,0
2020-02-21,Inyo,027,18085,0,0,0,0,0
2020-02-21,Kern,029,883053,2,0,0,0,0
2020-02-21,Kings,031,150075,0,0,0,0,0
2020-02-21,Lake,033,64148,0,0,0,0,0
2020-02-21,Lassen,035,31185,0,0,0,0,0
2020-02-21,Los Angeles,037,10098052,56,1,6,7,0
2020-02-21,Madera,039,155013,0,0,0,0,0
2020-02-21,Marin,041,260295,1,0,0,0,0
2020-02-21,Mariposa,043,17540,0,0,0,0,0
2020-02-21,Mendocino,045,87422,0,0,0,0,0
2020-02-21,Merced,047,269075,0,0,0,0,0
2020-02-21,Modoc,049,8938,0,0,0,0,0
2020-02-21,Mono,051,14174,0,0,0,0,0
2020-02-21,Monterey,053,433212,1,0,0,0,0
2020-02-21,Napa,055,140530,0,0,0,0,0
2020-02-21,Nevada,057,99092,0,0,1,1,0
2020-02-21,Orange,059,3164182,41,1,0,1,0
2020-02-21,Placer,061,380077,2,0,0,0,0
2020-02-21,Plumas,063,18699,0,0,0,0,0
2020-02-21,Riverside,065,2383286,9,0,0,0,0
2020-02-21,Sacramento,067,1510023,5,1,0,1,0
2020-02-21,San Benito,069,59416,0,2,0,2,0
2020-02-21,San Bernardino,071,2135413,17,0,0,0,0
2020-02-21,San Diego,073,3302833,3,2,0,2,0
2020-02-21,San Francisco,075,870044,3,0,0,0,0
2020-02-21,San Joaquin,077,732212,2,0,1,1,0
2020-02-21,San Luis Obispo,079,281455,2,0,0,0,0
2020-02-21,San Mateo,081,765935,8,0,0,0,0
2020-02-21,Santa Barbara,083,443738,0,0,0,0,0
2020-02-21,Santa Clara,085,1922200,21,2,1,3,0
2020-02-21,Santa Cruz,087,273765,2,0,0,0,0
2020-02-21,Shasta,089,179085,0,0,0,0,0
2020-02-21,Sierra,091,2930,0,0,0,0,0
2020-02-21,Siskiyou,093,43540,0,0,0,0,0
2020-02-21,Solano,095,438530,10,11,0,11,0
2020-02-21,Sonoma,097,501317,3,0,0,0,0
2020-02-21,Stanislaus,099,539301,2,0,2,2,0
2020-02-21,Sutter,101,95872,0,0,0,0,0
2020-02-21,Tehama,103,63373,0,0,0,0,0
2020-02-21,Trinity,105,12862,0,0,0,0,0
2020-02-21,Tulare,107,460477,2,0,0,0,0
2020-02-21,Tuolumne,109,53932,0,0,0,0,0
2020-02-21,Ventura,111,848112,4,0,0,0,0
2020-02-21,Yolo,113,214977,0,0,0,0,0
2020-02-21,Yuba,115,75493,0,0,0,0,0
2020-02-20,Alameda,001,1643700,8,0,0,0,0
2020-02-20,Alpine,003,1148,0,0,0,0,0
2020-02-20,Amador,005,37829,0,0,0,0,0
2020-02-20,Butte,007,227075,0,0,0,0,0
2020-02-20,Calaveras,009,45235,0,0,0,0,0
2020-02-20,Colusa,011,21464,0,0,0,0,0
2020-02-20,Contra Costa,013,1133247,3,0,0,0,0
2020-02-20,Del Norte,015,27424,0,0,0,0,0
2020-02-20,El Dorado,017,186661,0,0,0,0,0
2020-02-20,Fresno,019,978130,1,0,0,0,0
2020-02-20,Glenn,021,27897,0,0,0,0,0
2020-02-20,Humboldt,023,135768,1,1,0,1,0
2020-02-20,Imperial,025,180216,0,0,0,0,0
2020-02-20,Inyo,027,18085,0,0,0,0,0
2020-02-20,Kern,029,883053,2,0,0,0,0
2020-02-20,Kings,031,150075,0,0,0,0,0
2020-02-20,Lake,033,64148,0,0,0,0,0
2020-02-20,Lassen,035,31185,0,0,0,0,0
2020-02-20,Los Angeles,037,10098052,55,1,5,6,0
2020-02-20,Madera,039,155013,0,0,0,0,0
2020-02-20,Marin,041,260295,0,0,0,0,0
2020-02-20,Mariposa,043,17540,0,0,0,0,0
2020-02-20,Mendocino,045,87422,0,0,0,0,0
2020-02-20,Merced,047,269075,0,0,0,0,0
2020-02-20,Modoc,049,8938,0,0,0,0,0
2020-02-20,Mono,051,14174,0,0,0,0,0
2020-02-20,Monterey,053,433212,1,0,0,0,0
2020-02-20,Napa,055,140530,0,0,0,0,0
2020-02-20,Nevada,057,99092,0,0,1,1,0
2020-02-20,Orange,059,3164182,41,1,0,1,0
2020-02-20,Placer,061,380077,2,0,0,0,0
2020-02-20,Plumas,063,18699,0,0,0,0,0
2020-02-20,Riverside,065,2383286,7,0,0,0,0
2020-02-20,Sacramento,067,1510023,2,1,0,1,0
2020-02-20,San Benito,069,59416,0,2,0,2,0
2020-02-20,San Bernardino,071,2135413,15,0,0,0,0
2020-02-20,San Diego,073,3302833,3,2,0,2,0
2020-02-20,San Francisco,075,870044,3,0,0,0,0
2020-02-20,San Joaquin,077,732212,2,0,1,1,0
2020-02-20,San Luis Obispo,079,281455,2,0,0,0,0
2020-02-20,San Mateo,081,765935,7,0,0,0,0
2020-02-20,Santa Barbara,083,443738,0,0,0,0,0
2020-02-20,Santa Clara,085,1922200,17,2,1,3,0
2020-02-20,Santa Cruz,087,273765,2,0,0,0,0
2020-02-20,Shasta,089,179085,0,0,0,0,0
2020-02-20,Sierra,091,2930,0,0,0,0,0
2020-02-20,Siskiyou,093,43540,0,0,0,0,0
2020-02-20,Solano,095,438530,8,7,0,7,0
2020-02-20,Sonoma,097,501317,2,0,0,0,0
2020-02-20,Stanislaus,099,539301,2,0,2,2,0
2020-02-20,Sutter,101,95872,0,0,0,0,0
2020-02-20,Tehama,103,63373,0,0,0,0,0
2020-02-20,Trinity,105,12862,0,0,0,0,0
2020-02-20,Tulare,107,460477,2,0,0,0,0
2020-02-20,Tuolumne,109,53932,0,0,0,0,0
2020-02-20,Ventura,111,848112,4,0,0,0,0
2020-02-20,Yolo,113,214977,0,0,0,0,0
2020-02-20,Yuba,115,75493,0,0,0,0,0
2020-02-19,Alameda,001,1643700,7,0,0,0,0
2020-02-19,Alpine,003,1148,0,0,0,0,0
2020-02-19,Amador,005,37829,0,0,0,0,0
2020-02-19,Butte,007,227075,0,0,0,0,0
2020-02-19,Calaveras,009,45235,0,0,0,0,0
2020-02-19,Colusa,011,21464,0,0,0,0,0
2020-02-19,Contra Costa,013,1133247,3,0,0,0,0
2020-02-19,Del Norte,015,27424,0,0,0,0,0
2020-02-19,El Dorado,017,186661,0,0,0,0,0
2020-02-19,Fresno,019,978130,1,0,0,0,0
2020-02-19,Glenn,021,27897,0,0,0,0,0
2020-02-19,Humboldt,023,135768,1,0,0,0,0
2020-02-19,Imperial,025,180216,0,0,0,0,0
2020-02-19,Inyo,027,18085,0,0,0,0,0
2020-02-19,Kern,029,883053,2,0,0,0,0
2020-02-19,Kings,031,150075,0,0,0,0,0
2020-02-19,Lake,033,64148,0,0,0,0,0
2020-02-19,Lassen,035,31185,0,0,0,0,0
2020-02-19,Los Angeles,037,10098052,53,1,5,6,0
2020-02-19,Madera,039,155013,0,0,0,0,0
2020-02-19,Marin,041,260295,0,0,0,0,0
2020-02-19,Mariposa,043,17540,0,0,0,0,0
2020-02-19,Mendocino,045,87422,0,0,0,0,0
2020-02-19,Merced,047,269075,0,0,0,0,0
2020-02-19,Modoc,049,8938,0,0,0,0,0
2020-02-19,Mono,051,14174,0,0,0,0,0
2020-02-19,Monterey,053,433212,1,0,0,0,0
2020-02-19,Napa,055,140530,0,0,0,0,0
2020-02-19,Nevada,057,99092,0,0,1,1,0
2020-02-19,Orange,059,3164182,40,1,0,1,0
2020-02-19,Placer,061,380077,2,0,0,0,0
2020-02-19,Plumas,063,18699,0,0,0,0,0
2020-02-19,Riverside,065,2383286,5,0,0,0,0
2020-02-19,Sacramento,067,1510023,2,0,0,0,0
2020-02-19,San Benito,069,59416,0,2,0,2,0
2020-02-19,San Bernardino,071,2135413,14,0,0,0,0
2020-02-19,San Diego,073,3302833,2,2,0,2,0
2020-02-19,San Francisco,075,870044,2,0,0,0,0
2020-02-19,San Joaquin,077,732212,2,0,1,1,0
2020-02-19,San Luis Obispo,079,281455,2,0,0,0,0
2020-02-19,San Mateo,081,765935,6,0,0,0,0
2020-02-19,Santa Barbara,083,443738,0,0,0,0,0
2020-02-19,Santa Clara,085,1922200,15,2,1,3,0
2020-02-19,Santa Cruz,087,273765,0,0,0,0,0
2020-02-19,Shasta,089,179085,0,0,0,0,0
2020-02-19,Sierra,091,2930,0,0,0,0,0
2020-02-19,Siskiyou,093,43540,0,0,0,0,0
2020-02-19,Solano,095,438530,5,7,0,7,0
2020-02-19,Sonoma,097,501317,2,0,0,0,0
2020-02-19,Stanislaus,099,539301,1,0,2,2,0
2020-02-19,Sutter,101,95872,0,0,0,0,0
2020-02-19,Tehama,103,63373,0,0,0,0,0
2020-02-19,Trinity,105,12862,0,0,0,0,0
2020-02-19,Tulare,107,460477,2,0,0,0,0
2020-02-19,Tuolumne,109,53932,0,0,0,0,0
2020-02-19,Ventura,111,848112,2,0,0,0,0
2020-02-19,Yolo,113,214977,0,0,0,0,0
2020-02-19,Yuba,115,75493,0,0,0,0,0
2020-02-18,Alameda,001,1643700,7,0,0,0,0
2020-02-18,Alpine,003,1148,0,0,0,0,0
2020-02-18,Amador,005,37829,0,0,0,0,0
2020-02-18,Butte,007,227075,0,0,0,0,0
2020-02-18,Calaveras,009,45235,0,0,0,0,0
2020-02-18,Colusa,011,21464,0,0,0,0,0
2020-02-18,Contra Costa,013,1133247,3,0,0,0,0
2020-02-18,Del Norte,015,27424,0,0,0,0,0
2020-02-18,El Dorado,017,186661,0,0,0,0,0
2020-02-18,Fresno,019,978130,0,0,0,0,0
2020-02-18,Glenn,021,27897,0,0,0,0,0
2020-02-18,Humboldt,023,135768,1,0,0,0,0
2020-02-18,Imperial,025,180216,0,0,0,0,0
2020-02-18,Inyo,027,18085,0,0,0,0,0
2020-02-18,Kern,029,883053,2,0,0,0,0
2020-02-18,Kings,031,150075,0,0,0,0,0
2020-02-18,Lake,033,64148,0,0,0,0,0
2020-02-18,Lassen,035,31185,0,0,0,0,0
2020-02-18,Los Angeles,037,10098052,50,1,4,5,0
2020-02-18,Madera,039,155013,0,0,0,0,0
2020-02-18,Marin,041,260295,0,0,0,0,0
2020-02-18,Mariposa,043,17540,0,0,0,0,0
2020-02-18,Mendocino,045,87422,0,0,0,0,0
2020-02-18,Merced,047,269075,0,0,0,0,0
2020-02-18,Modoc,049,8938,0,0,0,0,0
2020-02-18,Mono,051,14174,0,0,0,0,0
2020-02-18,Monterey,053,433212,1,0,0,0,0
2020-02-18,Napa,055,140530,0,0,0,0,0
2020-02-18,Nevada,057,99092,0,0,1,1,0
2020-02-18,Orange,059,3164182,39,1,0,1,0
2020-02-18,Placer,061,380077,0,0,0,0,0
2020-02-18,Plumas,063,18699,0,0,0,0,0
2020-02-18,Riverside,065,2383286,5,0,0,0,0
2020-02-18,Sacramento,067,1510023,2,0,0,0,0
2020-02-18,San Benito,069,59416,0,2,0,2,0
2020-02-18,San Bernardino,071,2135413,13,0,0,0,0
2020-02-18,San Diego,073,3302833,2,2,0,2,0
2020-02-18,San Francisco,075,870044,2,0,0,0,0
2020-02-18,San Joaquin,077,732212,1,0,1,1,0
2020-02-18,San Luis Obispo,079,281455,2,0,0,0,0
2020-02-18,San Mateo,081,765935,5,0,0,0,0
2020-02-18,Santa Barbara,083,443738,0,0,0,0,0
2020-02-18,Santa Clara,085,1922200,14,2,1,3,0
2020-02-18,Santa Cruz,087,273765,0,0,0,0,0
2020-02-18,Shasta,089,179085,0,0,0,0,0
2020-02-18,Sierra,091,2930,0,0,0,0,0
2020-02-18,Siskiyou,093,43540,0,0,0,0,0
2020-02-18,Solano,095,438530,5,7,0,7,0
2020-02-18,Sonoma,097,501317,1,0,0,0,0
2020-02-18,Stanislaus,099,539301,1,0,2,2,0
2020-02-18,Sutter,101,95872,0,0,0,0,0
2020-02-18,Tehama,103,63373,0,0,0,0,0
2020-02-18,Trinity,105,12862,0,0,0,0,0
2020-02-18,Tulare,107,460477,2,0,0,0,0
2020-02-18,Tuolumne,109,53932,0,0,0,0,0
2020-02-18,Ventura,111,848112,2,0,0,0,0
2020-02-18,Yolo,113,214977,0,0,0,0,0
2020-02-18,Yuba,115,75493,0,0,0,0,0
2020-02-17,Alameda,001,1643700,7,0,0,0,0
2020-02-17,Alpine,003,1148,0,0,0,0,0
2020-02-17,Amador,005,37829,0,0,0,0,0
2020-02-17,Butte,007,227075,0,0,0,0,0
2020-02-17,Calaveras,009,45235,0,0,0,0,0
2020-02-17,Colusa,011,21464,0,0,0,0,0
2020-02-17,Contra Costa,013,1133247,3,0,0,0,0
2020-02-17,Del Norte,015,27424,0,0,0,0,0
2020-02-17,El Dorado,017,186661,0,0,0,0,0
2020-02-17,Fresno,019,978130,0,0,0,0,0
2020-02-17,Glenn,021,27897,0,0,0,0,0
2020-02-17,Humboldt,023,135768,1,0,0,0,0
2020-02-17,Imperial,025,180216,0,0,0,0,0
2020-02-17,Inyo,027,18085,0,0,0,0,0
2020-02-17,Kern,029,883053,2,0,0,0,0
2020-02-17,Kings,031,150075,0,0,0,0,0
2020-02-17,Lake,033,64148,0,0,0,0,0
2020-02-17,Lassen,035,31185,0,0,0,0,0
2020-02-17,Los Angeles,037,10098052,47,1,4,5,0
2020-02-17,Madera,039,155013,0,0,0,0,0
2020-02-17,Marin,041,260295,0,0,0,0,0
2020-02-17,Mariposa,043,17540,0,0,0,0,0
2020-02-17,Mendocino,045,87422,0,0,0,0,0
2020-02-17,Merced,047,269075,0,0,0,0,0
2020-02-17,Modoc,049,8938,0,0,0,0,0
2020-02-17,Mono,051,14174,0,0,0,0,0
2020-02-17,Monterey,053,433212,1,0,0,0,0
2020-02-17,Napa,055,140530,0,0,0,0,0
2020-02-17,Nevada,057,99092,0,0,1,1,0
2020-02-17,Orange,059,3164182,39,1,0,1,0
2020-02-17,Placer,061,380077,0,0,0,0,0
2020-02-17,Plumas,063,18699,0,0,0,0,0
2020-02-17,Riverside,065,2383286,5,0,0,0,0
2020-02-17,Sacramento,067,1510023,2,0,0,0,0
2020-02-17,San Benito,069,59416,0,2,0,2,0
2020-02-17,San Bernardino,071,2135413,11,0,0,0,0
2020-02-17,San Diego,073,3302833,2,2,0,2,0
2020-02-17,San Francisco,075,870044,2,0,0,0,0
2020-02-17,San Joaquin,077,732212,1,0,1,1,0
2020-02-17,San Luis Obispo,079,281455,1,0,0,0,0
2020-02-17,San Mateo,081,765935,5,0,0,0,0
2020-02-17,Santa Barbara,083,443738,0,0,0,0,0
2020-02-17,Santa Clara,085,1922200,12,2,1,3,0
2020-02-17,Santa Cruz,087,273765,0,0,0,0,0
2020-02-17,Shasta,089,179085,0,0,0,0,0
2020-02-17,Sierra,091,2930,0,0,0,0,0
2020-02-17,Siskiyou,093,43540,0,0,0,0,0
2020-02-17,Solano,095,438530,3,5,0,5,0
2020-02-17,Sonoma,097,501317,1,0,0,0,0
2020-02-17,Stanislaus,099,539301,1,0,2,2,0
2020-02-17,Sutter,101,95872,0,0,0,0,0
2020-02-17,Tehama,103,63373,0,0,0,0,0
2020-02-17,Trinity,105,12862,0,0,0,0,0
2020-02-17,Tulare,107,460477,2,0,0,0,0
2020-02-17,Tuolumne,109,53932,0,0,0,0,0
2020-02-17,Ventura,111,848112,2,0,0,0,0
2020-02-17,Yolo,113,214977,0,0,0,0,0
2020-02-17,Yuba,115,75493,0,0,0,0,0
2020-02-16,Alameda,001,1643700,6,0,0,0,0
2020-02-16,Alpine,003,1148,0,0,0,0,0
2020-02-16,Amador,005,37829,0,0,0,0,0
2020-02-16,Butte,007,227075,0,0,0,0,0
2020-02-16,Calaveras,009,45235,0,0,0,0,0
2020-02-16,Colusa,011,21464,0,0,0,0,0
2020-02-16,Contra Costa,013,1133247,3,0,0,0,0
2020-02-16,Del Norte,015,27424,0,0,0,0,0
2020-02-16,El Dorado,017,186661,0,0,0,0,0
2020-02-16,Fresno,019,978130,0,0,0,0,0
2020-02-16,Glenn,021,27897,0,0,0,0,0
2020-02-16,Humboldt,023,135768,1,0,0,0,0
2020-02-16,Imperial,025,180216,0,0,0,0,0
2020-02-16,Inyo,027,18085,0,0,0,0,0
2020-02-16,Kern,029,883053,2,0,0,0,0
2020-02-16,Kings,031,150075,0,0,0,0,0
2020-02-16,Lake,033,64148,0,0,0,0,0
2020-02-16,Lassen,035,31185,0,0,0,0,0
2020-02-16,Los Angeles,037,10098052,42,1,4,5,0
2020-02-16,Madera,039,155013,0,0,0,0,0
2020-02-16,Marin,041,260295,0,0,0,0,0
2020-02-16,Mariposa,043,17540,0,0,0,0,0
2020-02-16,Mendocino,045,87422,0,0,0,0,0
2020-02-16,Merced,047,269075,0,0,0,0,0
2020-02-16,Modoc,049,8938,0,0,0,0,0
2020-02-16,Mono,051,14174,0,0,0,0,0
2020-02-16,Monterey,053,433212,1,0,0,0,0
2020-02-16,Napa,055,140530,0,0,0,0,0
2020-02-16,Nevada,057,99092,0,0,0,0,0
2020-02-16,Orange,059,3164182,38,1,0,1,0
2020-02-16,Placer,061,380077,0,0,0,0,0
2020-02-16,Plumas,063,18699,0,0,0,0,0
2020-02-16,Riverside,065,2383286,5,0,0,0,0
2020-02-16,Sacramento,067,1510023,2,0,0,0,0
2020-02-16,San Benito,069,59416,0,2,0,2,0
2020-02-16,San Bernardino,071,2135413,10,0,0,0,0
2020-02-16,San Diego,073,3302833,2,2,0,2,0
2020-02-16,San Francisco,075,870044,2,0,0,0,0
2020-02-16,San Joaquin,077,732212,1,0,1,1,0
2020-02-16,San Luis Obispo,079,281455,1,0,0,0,0
2020-02-16,San Mateo,081,765935,4,0,0,0,0
2020-02-16,Santa Barbara,083,443738,0,0,0,0,0
2020-02-16,Santa Clara,085,1922200,10,2,1,3,0
2020-02-16,Santa Cruz,087,273765,0,0,0,0,0
2020-02-16,Shasta,089,179085,0,0,0,0,0
2020-02-16,Sierra,091,2930,0,0,0,0,0
2020-02-16,Siskiyou,093,43540,0,0,0,0,0
2020-02-16,Solano,095,438530,1,0,0,0,0
2020-02-16,Sonoma,097,501317,1,0,0,0,0
2020-02-16,Stanislaus,099,539301,1,0,2,2,0
2020-02-16,Sutter,101,95872,0,0,0,0,0
2020-02-16,Tehama,103,63373,0,0,0,0,0
2020-02-16,Trinity,105,12862,0,0,0,0,0
2020-02-16,Tulare,107,460477,2,0,0,0,0
2020-02-16,Tuolumne,109,53932,0,0,0,0,0
2020-02-16,Ventura,111,848112,2,0,0,0,0
2020-02-16,Yolo,113,214977,0,0,0,0,0
2020-02-16,Yuba,115,75493,0,0,0,0,0
2020-02-15,Alameda,001,1643700,6,0,0,0,0
2020-02-15,Alpine,003,1148,0,0,0,0,0
2020-02-15,Amador,005,37829,0,0,0,0,0
2020-02-15,Butte,007,227075,0,0,0,0,0
2020-02-15,Calaveras,009,45235,0,0,0,0,0
2020-02-15,Colusa,011,21464,0,0,0,0,0
2020-02-15,Contra Costa,013,1133247,3,0,0,0,0
2020-02-15,Del Norte,015,27424,0,0,0,0,0
2020-02-15,El Dorado,017,186661,0,0,0,0,0
2020-02-15,Fresno,019,978130,0,0,0,0,0
2020-02-15,Glenn,021,27897,0,0,0,0,0
2020-02-15,Humboldt,023,135768,1,0,0,0,0
2020-02-15,Imperial,025,180216,0,0,0,0,0
2020-02-15,Inyo,027,18085,0,0,0,0,0
2020-02-15,Kern,029,883053,2,0,0,0,0
2020-02-15,Kings,031,150075,0,0,0,0,0
2020-02-15,Lake,033,64148,0,0,0,0,0
2020-02-15,Lassen,035,31185,0,0,0,0,0
2020-02-15,Los Angeles,037,10098052,39,1,4,5,0
2020-02-15,Madera,039,155013,0,0,0,0,0
2020-02-15,Marin,041,260295,0,0,0,0,0
2020-02-15,Mariposa,043,17540,0,0,0,0,0
2020-02-15,Mendocino,045,87422,0,0,0,0,0
2020-02-15,Merced,047,269075,0,0,0,0,0
2020-02-15,Modoc,049,8938,0,0,0,0,0
2020-02-15,Mono,051,14174,0,0,0,0,0
2020-02-15,Monterey,053,433212,1,0,0,0,0
2020-02-15,Napa,055,140530,0,0,0,0,0
2020-02-15,Nevada,057,99092,0,0,0,0,0
2020-02-15,Orange,059,3164182,37,1,0,1,0
2020-02-15,Placer,061,380077,0,0,0,0,0
2020-02-15,Plumas,063,18699,0,0,0,0,0
2020-02-15,Riverside,065,2383286,4,0,0,0,0
2020-02-15,Sacramento,067,1510023,2,0,0,0,0
2020-02-15,San Benito,069,59416,0,2,0,2,0
2020-02-15,San Bernardino,071,2135413,9,0,0,0,0
2020-02-15,San Diego,073,3302833,2,2,0,2,0
2020-02-15,San Francisco,075,870044,2,0,0,0,0
2020-02-15,San Joaquin,077,732212,1,0,1,1,0
2020-02-15,San Luis Obispo,079,281455,1,0,0,0,0
2020-02-15,San Mateo,081,765935,4,0,0,0,0
2020-02-15,Santa Barbara,083,443738,0,0,0,0,0
2020-02-15,Santa Clara,085,1922200,10,2,1,3,0
2020-02-15,Santa Cruz,087,273765,0,0,0,0,0
2020-02-15,Shasta,089,179085,0,0,0,0,0
2020-02-15,Sierra,091,2930,0,0,0,0,0
2020-02-15,Siskiyou,093,43540,0,0,0,0,0
2020-02-15,Solano,095,438530,1,0,0,0,0
2020-02-15,Sonoma,097,501317,0,0,0,0,0
2020-02-15,Stanislaus,099,539301,1,0,2,2,0
2020-02-15,Sutter,101,95872,0,0,0,0,0
2020-02-15,Tehama,103,63373,0,0,0,0,0
2020-02-15,Trinity,105,12862,0,0,0,0,0
2020-02-15,Tulare,107,460477,2,0,0,0,0
2020-02-15,Tuolumne,109,53932,0,0,0,0,0
2020-02-15,Ventura,111,848112,2,0,0,0,0
2020-02-15,Yolo,113,214977,0,0,0,0,0
2020-02-15,Yuba,115,75493,0,0,0,0,0
2020-02-14,Alameda,001,1643700,5,0,0,0,0
2020-02-14,Alpine,003,1148,0,0,0,0,0
2020-02-14,Amador,005,37829,0,0,0,0,0
2020-02-14,Butte,007,227075,0,0,0,0,0
2020-02-14,Calaveras,009,45235,0,0,0,0,0
2020-02-14,Colusa,011,21464,0,0,0,0,0
2020-02-14,Contra Costa,013,1133247,3,0,0,0,0
2020-02-14,Del Norte,015,27424,0,0,0,0,0
2020-02-14,El Dorado,017,186661,0,0,0,0,0
2020-02-14,Fresno,019,978130,0,0,0,0,0
2020-02-14,Glenn,021,27897,0,0,0,0,0
2020-02-14,Humboldt,023,135768,1,0,0,0,0
2020-02-14,Imperial,025,180216,0,0,0,0,0
2020-02-14,Inyo,027,18085,0,0,0,0,0
2020-02-14,Kern,029,883053,2,0,0,0,0
2020-02-14,Kings,031,150075,0,0,0,0,0
2020-02-14,Lake,033,64148,0,0,0,0,0
2020-02-14,Lassen,035,31185,0,0,0,0,0
2020-02-14,Los Angeles,037,10098052,34,1,4,5,0
2020-02-14,Madera,039,155013,0,0,0,0,0
2020-02-14,Marin,041,260295,0,0,0,0,0
2020-02-14,Mariposa,043,17540,0,0,0,0,0
2020-02-14,Mendocino,045,87422,0,0,0,0,0
2020-02-14,Merced,047,269075,0,0,0,0,0
2020-02-14,Modoc,049,8938,0,0,0,0,0
2020-02-14,Mono,051,14174,0,0,0,0,0
2020-02-14,Monterey,053,433212,1,0,0,0,0
2020-02-14,Napa,055,140530,0,0,0,0,0
2020-02-14,Nevada,057,99092,0,0,0,0,0
2020-02-14,Orange,059,3164182,37,1,0,1,0
2020-02-14,Placer,061,380077,0,0,0,0,0
2020-02-14,Plumas,063,18699,0,0,0,0,0
2020-02-14,Riverside,065,2383286,4,0,0,0,0
2020-02-14,Sacramento,067,1510023,1,0,0,0,0
2020-02-14,San Benito,069,59416,0,2,0,2,0
2020-02-14,San Bernardino,071,2135413,9,0,0,0,0
2020-02-14,San Diego,073,3302833,1,2,0,2,0
2020-02-14,San Francisco,075,870044,2,0,0,0,0
2020-02-14,San Joaquin,077,732212,1,0,1,1,0
2020-02-14,San Luis Obispo,079,281455,0,0,0,0,0
2020-02-14,San Mateo,081,765935,3,0,0,0,0
2020-02-14,Santa Barbara,083,443738,0,0,0,0,0
2020-02-14,Santa Clara,085,1922200,8,2,1,3,0
2020-02-14,Santa Cruz,087,273765,0,0,0,0,0
2020-02-14,Shasta,089,179085,0,0,0,0,0
2020-02-14,Sierra,091,2930,0,0,0,0,0
2020-02-14,Siskiyou,093,43540,0,0,0,0,0
2020-02-14,Solano,095,438530,1,0,0,0,0
2020-02-14,Sonoma,097,501317,0,0,0,0,0
2020-02-14,Stanislaus,099,539301,1,0,2,2,0
2020-02-14,Sutter,101,95872,0,0,0,0,0
2020-02-14,Tehama,103,63373,0,0,0,0,0
2020-02-14,Trinity,105,12862,0,0,0,0,0
2020-02-14,Tulare,107,460477,2,0,0,0,0
2020-02-14,Tuolumne,109,53932,0,0,0,0,0
2020-02-14,Ventura,111,848112,2,0,0,0,0
2020-02-14,Yolo,113,214977,0,0,0,0,0
2020-02-14,Yuba,115,75493,0,0,0,0,0
2020-02-13,Alameda,001,1643700,5,0,0,0,0
2020-02-13,Alpine,003,1148,0,0,0,0,0
2020-02-13,Amador,005,37829,0,0,0,0,0
2020-02-13,Butte,007,227075,0,0,0,0,0
2020-02-13,Calaveras,009,45235,0,0,0,0,0
2020-02-13,Colusa,011,21464,0,0,0,0,0
2020-02-13,Contra Costa,013,1133247,3,0,0,0,0
2020-02-13,Del Norte,015,27424,0,0,0,0,0
2020-02-13,El Dorado,017,186661,0,0,0,0,0
2020-02-13,Fresno,019,978130,0,0,0,0,0
2020-02-13,Glenn,021,27897,0,0,0,0,0
2020-02-13,Humboldt,023,135768,1,0,0,0,0
2020-02-13,Imperial,025,180216,0,0,0,0,0
2020-02-13,Inyo,027,18085,0,0,0,0,0
2020-02-13,Kern,029,883053,2,0,0,0,0
2020-02-13,Kings,031,150075,0,0,0,0,0
2020-02-13,Lake,033,64148,0,0,0,0,0
2020-02-13,Lassen,035,31185,0,0,0,0,0
2020-02-13,Los Angeles,037,10098052,31,1,3,4,0
2020-02-13,Madera,039,155013,0,0,0,0,0
2020-02-13,Marin,041,260295,0,0,0,0,0
2020-02-13,Mariposa,043,17540,0,0,0,0,0
2020-02-13,Mendocino,045,87422,0,0,0,0,0
2020-02-13,Merced,047,269075,0,0,0,0,0
2020-02-13,Modoc,049,8938,0,0,0,0,0
2020-02-13,Mono,051,14174,0,0,0,0,0
2020-02-13,Monterey,053,433212,1,0,0,0,0
2020-02-13,Napa,055,140530,0,0,0,0,0
2020-02-13,Nevada,057,99092,0,0,0,0,0
2020-02-13,Orange,059,3164182,36,1,0,1,0
2020-02-13,Placer,061,380077,0,0,0,0,0
2020-02-13,Plumas,063,18699,0,0,0,0,0
2020-02-13,Riverside,065,2383286,4,0,0,0,0
2020-02-13,Sacramento,067,1510023,1,0,0,0,0
2020-02-13,San Benito,069,59416,0,2,0,2,0
2020-02-13,San Bernardino,071,2135413,8,0,0,0,0
2020-02-13,San Diego,073,3302833,0,2,0,2,0
2020-02-13,San Francisco,075,870044,2,0,0,0,0
2020-02-13,San Joaquin,077,732212,1,0,1,1,0
2020-02-13,San Luis Obispo,079,281455,0,0,0,0,0
2020-02-13,San Mateo,081,765935,2,0,0,0,0
2020-02-13,Santa Barbara,083,443738,0,0,0,0,0
2020-02-13,Santa Clara,085,1922200,7,2,0,2,0
2020-02-13,Santa Cruz,087,273765,0,0,0,0,0
2020-02-13,Shasta,089,179085,0,0,0,0,0
2020-02-13,Sierra,091,2930,0,0,0,0,0
2020-02-13,Siskiyou,093,43540,0,0,0,0,0
2020-02-13,Solano,095,438530,0,0,0,0,0
2020-02-13,Sonoma,097,501317,0,0,0,0,0
2020-02-13,Stanislaus,099,539301,1,0,1,1,0
2020-02-13,Sutter,101,95872,0,0,0,0,0
2020-02-13,Tehama,103,63373,0,0,0,0,0
2020-02-13,Trinity,105,12862,0,0,0,0,0
2020-02-13,Tulare,107,460477,2,0,0,0,0
2020-02-13,Tuolumne,109,53932,0,0,0,0,0
2020-02-13,Ventura,111,848112,2,0,0,0,0
2020-02-13,Yolo,113,214977,0,0,0,0,0
2020-02-13,Yuba,115,75493,0,0,0,0,0
2020-02-12,Alameda,001,1643700,5,0,0,0,0
2020-02-12,Alpine,003,1148,0,0,0,0,0
2020-02-12,Amador,005,37829,0,0,0,0,0
2020-02-12,Butte,007,227075,0,0,0,0,0
2020-02-12,Calaveras,009,45235,0,0,0,0,0
2020-02-12,Colusa,011,21464,0,0,0,0,0
2020-02-12,Contra Costa,013,1133247,3,0,0,0,0
2020-02-12,Del Norte,015,27424,0,0,0,0,0
2020-02-12,El Dorado,017,186661,0,0,0,0,0
2020-02-12,Fresno,019,978130,0,0,0,0,0
2020-02-12,Glenn,021,27897,0,0,0,0,0
2020-02-12,Humboldt,023,135768,1,0,0,0,0
2020-02-12,Imperial,025,180216,0,0,0,0,0
2020-02-12,Inyo,027,18085,0,0,0,0,0
2020-02-12,Kern,029,883053,2,0,0,0,0
2020-02-12,Kings,031,150075,0,0,0,0,0
2020-02-12,Lake,033,64148,0,0,0,0,0
2020-02-12,Lassen,035,31185,0,0,0,0,0
2020-02-12,Los Angeles,037,10098052,30,1,3,4,0
2020-02-12,Madera,039,155013,0,0,0,0,0
2020-02-12,Marin,041,260295,0,0,0,0,0
2020-02-12,Mariposa,043,17540,0,0,0,0,0
2020-02-12,Mendocino,045,87422,0,0,0,0,0
2020-02-12,Merced,047,269075,0,0,0,0,0
2020-02-12,Modoc,049,8938,0,0,0,0,0
2020-02-12,Mono,051,14174,0,0,0,0,0
2020-02-12,Monterey,053,433212,1,0,0,0,0
2020-02-12,Napa,055,140530,0,0,0,0,0
2020-02-12,Nevada,057,99092,0,0,0,0,0
2020-02-12,Orange,059,3164182,36,1,0,1,0
2020-02-12,Placer,061,380077,0,0,0,0,0
2020-02-12,Plumas,063,18699,0,0,0,0,0
2020-02-12,Riverside,065,2383286,4,0,0,0,0
2020-02-12,Sacramento,067,1510023,1,0,0,0,0
2020-02-12,San Benito,069,59416,0,2,0,2,0
2020-02-12,San Bernardino,071,2135413,8,0,0,0,0
2020-02-12,San Diego,073,3302833,0,2,0,2,0
2020-02-12,San Francisco,075,870044,2,0,0,0,0
2020-02-12,San Joaquin,077,732212,1,0,1,1,0
2020-02-12,San Luis Obispo,079,281455,0,0,0,0,0
2020-02-12,San Mateo,081,765935,2,0,0,0,0
2020-02-12,Santa Barbara,083,443738,0,0,0,0,0
2020-02-12,Santa Clara,085,1922200,6,2,0,2,0
2020-02-12,Santa Cruz,087,273765,0,0,0,0,0
2020-02-12,Shasta,089,179085,0,0,0,0,0
2020-02-12,Sierra,091,2930,0,0,0,0,0
2020-02-12,Siskiyou,093,43540,0,0,0,0,0
2020-02-12,Solano,095,438530,0,0,0,0,0
2020-02-12,Sonoma,097,501317,0,0,0,0,0
2020-02-12,Stanislaus,099,539301,1,0,1,1,0
2020-02-12,Sutter,101,95872,0,0,0,0,0
2020-02-12,Tehama,103,63373,0,0,0,0,0
2020-02-12,Trinity,105,12862,0,0,0,0,0
2020-02-12,Tulare,107,460477,2,0,0,0,0
2020-02-12,Tuolumne,109,53932,0,0,0,0,0
2020-02-12,Ventura,111,848112,2,0,0,0,0
2020-02-12,Yolo,113,214977,0,0,0,0,0
2020-02-12,Yuba,115,75493,0,0,0,0,0
2020-02-11,Alameda,001,1643700,5,0,0,0,0
2020-02-11,Alpine,003,1148,0,0,0,0,0
2020-02-11,Amador,005,37829,0,0,0,0,0
2020-02-11,Butte,007,227075,0,0,0,0,0
2020-02-11,Calaveras,009,45235,0,0,0,0,0
2020-02-11,Colusa,011,21464,0,0,0,0,0
2020-02-11,Contra Costa,013,1133247,3,0,0,0,0
2020-02-11,Del Norte,015,27424,0,0,0,0,0
2020-02-11,El Dorado,017,186661,0,0,0,0,0
2020-02-11,Fresno,019,978130,0,0,0,0,0
2020-02-11,Glenn,021,27897,0,0,0,0,0
2020-02-11,Humboldt,023,135768,1,0,0,0,0
2020-02-11,Imperial,025,180216,0,0,0,0,0
2020-02-11,Inyo,027,18085,0,0,0,0,0
2020-02-11,Kern,029,883053,2,0,0,0,0
2020-02-11,Kings,031,150075,0,0,0,0,0
2020-02-11,Lake,033,64148,0,0,0,0,0
2020-02-11,Lassen,035,31185,0,0,0,0,0
2020-02-11,Los Angeles,037,10098052,30,1,3,4,0
2020-02-11,Madera,039,155013,0,0,0,0,0
2020-02-11,Marin,041,260295,0,0,0,0,0
2020-02-11,Mariposa,043,17540,0,0,0,0,0
2020-02-11,Mendocino,045,87422,0,0,0,0,0
2020-02-11,Merced,047,269075,0,0,0,0,0
2020-02-11,Modoc,049,8938,0,0,0,0,0
2020-02-11,Mono,051,14174,0,0,0,0,0
2020-02-11,Monterey,053,433212,1,0,0,0,0
2020-02-11,Napa,055,140530,0,0,0,0,0
2020-02-11,Nevada,057,99092,0,0,0,0,0
2020-02-11,Orange,059,3164182,35,1,0,1,0
2020-02-11,Placer,061,380077,0,0,0,0,0
2020-02-11,Plumas,063,18699,0,0,0,0,0
2020-02-11,Riverside,065,2383286,4,0,0,0,0
2020-02-11,Sacramento,067,1510023,1,0,0,0,0
2020-02-11,San Benito,069,59416,0,2,0,2,0
2020-02-11,San Bernardino,071,2135413,8,0,0,0,0
2020-02-11,San Diego,073,3302833,0,1,0,1,0
2020-02-11,San Francisco,075,870044,2,0,0,0,0
2020-02-11,San Joaquin,077,732212,0,0,1,1,0
2020-02-11,San Luis Obispo,079,281455,0,0,0,0,0
2020-02-11,San Mateo,081,765935,2,0,0,0,0
2020-02-11,Santa Barbara,083,443738,0,0,0,0,0
2020-02-11,Santa Clara,085,1922200,5,2,0,2,0
2020-02-11,Santa Cruz,087,273765,0,0,0,0,0
2020-02-11,Shasta,089,179085,0,0,0,0,0
2020-02-11,Sierra,091,2930,0,0,0,0,0
2020-02-11,Siskiyou,093,43540,0,0,0,0,0
2020-02-11,Solano,095,438530,0,0,0,0,0
2020-02-11,Sonoma,097,501317,0,0,0,0,0
2020-02-11,Stanislaus,099,539301,1,0,1,1,0
2020-02-11,Sutter,101,95872,0,0,0,0,0
2020-02-11,Tehama,103,63373,0,0,0,0,0
2020-02-11,Trinity,105,12862,0,0,0,0,0
2020-02-11,Tulare,107,460477,2,0,0,0,0
2020-02-11,Tuolumne,109,53932,0,0,0,0,0
2020-02-11,Ventura,111,848112,2,0,0,0,0
2020-02-11,Yolo,113,214977,0,0,0,0,0
2020-02-11,Yuba,115,75493,0,0,0,0,0
2020-02-10,Alameda,001,1643700,5,0,0,0,0
2020-02-10,Alpine,003,1148,0,0,0,0,0
2020-02-10,Amador,005,37829,0,0,0,0,0
2020-02-10,Butte,007,227075,0,0,0,0,0
2020-02-10,Calaveras,009,45235,0,0,0,0,0
2020-02-10,Colusa,011,21464,0,0,0,0,0
2020-02-10,Contra Costa,013,1133247,3,0,0,0,0
2020-02-10,Del Norte,015,27424,0,0,0,0,0
2020-02-10,El Dorado,017,186661,0,0,0,0,0
2020-02-10,Fresno,019,978130,0,0,0,0,0
2020-02-10,Glenn,021,27897,0,0,0,0,0
2020-02-10,Humboldt,023,135768,0,0,0,0,0
2020-02-10,Imperial,025,180216,0,0,0,0,0
2020-02-10,Inyo,027,18085,0,0,0,0,0
2020-02-10,Kern,029,883053,2,0,0,0,0
2020-02-10,Kings,031,150075,0,0,0,0,0
2020-02-10,Lake,033,64148,0,0,0,0,0
2020-02-10,Lassen,035,31185,0,0,0,0,0
2020-02-10,Los Angeles,037,10098052,28,1,3,4,0
2020-02-10,Madera,039,155013,0,0,0,0,0
2020-02-10,Marin,041,260295,0,0,0,0,0
2020-02-10,Mariposa,043,17540,0,0,0,0,0
2020-02-10,Mendocino,045,87422,0,0,0,0,0
2020-02-10,Merced,047,269075,0,0,0,0,0
2020-02-10,Modoc,049,8938,0,0,0,0,0
2020-02-10,Mono,051,14174,0,0,0,0,0
2020-02-10,Monterey,053,433212,1,0,0,0,0
2020-02-10,Napa,055,140530,0,0,0,0,0
2020-02-10,Nevada,057,99092,0,0,0,0,0
2020-02-10,Orange,059,3164182,35,1,0,1,0
2020-02-10,Placer,061,380077,0,0,0,0,0
2020-02-10,Plumas,063,18699,0,0,0,0,0
2020-02-10,Riverside,065,2383286,4,0,0,0,0
2020-02-10,Sacramento,067,1510023,1,0,0,0,0
2020-02-10,San Benito,069,59416,0,2,0,2,0
2020-02-10,San Bernardino,071,2135413,7,0,0,0,0
2020-02-10,San Diego,073,3302833,0,0,0,0,0
2020-02-10,San Francisco,075,870044,2,0,0,0,0
2020-02-10,San Joaquin,077,732212,0,0,1,1,0
2020-02-10,San Luis Obispo,079,281455,0,0,0,0,0
2020-02-10,San Mateo,081,765935,2,0,0,0,0
2020-02-10,Santa Barbara,083,443738,0,0,0,0,0
2020-02-10,Santa Clara,085,1922200,5,2,0,2,0
2020-02-10,Santa Cruz,087,273765,0,0,0,0,0
2020-02-10,Shasta,089,179085,0,0,0,0,0
2020-02-10,Sierra,091,2930,0,0,0,0,0
2020-02-10,Siskiyou,093,43540,0,0,0,0,0
2020-02-10,Solano,095,438530,0,0,0,0,0
2020-02-10,Sonoma,097,501317,0,0,0,0,0
2020-02-10,Stanislaus,099,539301,1,0,0,0,0
2020-02-10,Sutter,101,95872,0,0,0,0,0
2020-02-10,Tehama,103,63373,0,0,0,0,0
2020-02-10,Trinity,105,12862,0,0,0,0,0
2020-02-10,Tulare,107,460477,2,0,0,0,0
2020-02-10,Tuolumne,109,53932,0,0,0,0,0
2020-02-10,Ventura,111,848112,2,0,0,0,0
2020-02-10,Yolo,113,214977,0,0,0,0,0
2020-02-10,Yuba,115,75493,0,0,0,0,0
2020-02-09,Alameda,001,1643700,5,0,0,0,0
2020-02-09,Alpine,003,1148,0,0,0,0,0
2020-02-09,Amador,005,37829,0,0,0,0,0
2020-02-09,Butte,007,227075,0,0,0,0,0
2020-02-09,Calaveras,009,45235,0,0,0,0,0
2020-02-09,Colusa,011,21464,0,0,0,0,0
2020-02-09,Contra Costa,013,1133247,3,0,0,0,0
2020-02-09,Del Norte,015,27424,0,0,0,0,0
2020-02-09,El Dorado,017,186661,0,0,0,0,0
2020-02-09,Fresno,019,978130,0,0,0,0,0
2020-02-09,Glenn,021,27897,0,0,0,0,0
2020-02-09,Humboldt,023,135768,0,0,0,0,0
2020-02-09,Imperial,025,180216,0,0,0,0,0
2020-02-09,Inyo,027,18085,0,0,0,0,0
2020-02-09,Kern,029,883053,2,0,0,0,0
2020-02-09,Kings,031,150075,0,0,0,0,0
2020-02-09,Lake,033,64148,0,0,0,0,0
2020-02-09,Lassen,035,31185,0,0,0,0,0
2020-02-09,Los Angeles,037,10098052,27,1,3,4,0
2020-02-09,Madera,039,155013,0,0,0,0,0
2020-02-09,Marin,041,260295,0,0,0,0,0
2020-02-09,Mariposa,043,17540,0,0,0,0,0
2020-02-09,Mendocino,045,87422,0,0,0,0,0
2020-02-09,Merced,047,269075,0,0,0,0,0
2020-02-09,Modoc,049,8938,0,0,0,0,0
2020-02-09,Mono,051,14174,0,0,0,0,0
2020-02-09,Monterey,053,433212,1,0,0,0,0
2020-02-09,Napa,055,140530,0,0,0,0,0
2020-02-09,Nevada,057,99092,0,0,0,0,0
2020-02-09,Orange,059,3164182,35,1,0,1,0
2020-02-09,Placer,061,380077,0,0,0,0,0
2020-02-09,Plumas,063,18699,0,0,0,0,0
2020-02-09,Riverside,065,2383286,4,0,0,0,0
2020-02-09,Sacramento,067,1510023,0,0,0,0,0
2020-02-09,San Benito,069,59416,0,2,0,2,0
2020-02-09,San Bernardino,071,2135413,7,0,0,0,0
2020-02-09,San Diego,073,3302833,0,0,0,0,0
2020-02-09,San Francisco,075,870044,1,0,0,0,0
2020-02-09,San Joaquin,077,732212,0,0,1,1,0
2020-02-09,San Luis Obispo,079,281455,0,0,0,0,0
2020-02-09,San Mateo,081,765935,2,0,0,0,0
2020-02-09,Santa Barbara,083,443738,0,0,0,0,0
2020-02-09,Santa Clara,085,1922200,4,2,0,2,0
2020-02-09,Santa Cruz,087,273765,0,0,0,0,0
2020-02-09,Shasta,089,179085,0,0,0,0,0
2020-02-09,Sierra,091,2930,0,0,0,0,0
2020-02-09,Siskiyou,093,43540,0,0,0,0,0
2020-02-09,Solano,095,438530,0,0,0,0,0
2020-02-09,Sonoma,097,501317,0,0,0,0,0
2020-02-09,Stanislaus,099,539301,0,0,0,0,0
2020-02-09,Sutter,101,95872,0,0,0,0,0
2020-02-09,Tehama,103,63373,0,0,0,0,0
2020-02-09,Trinity,105,12862,0,0,0,0,0
2020-02-09,Tulare,107,460477,2,0,0,0,0
2020-02-09,Tuolumne,109,53932,0,0,0,0,0
2020-02-09,Ventura,111,848112,1,0,0,0,0
2020-02-09,Yolo,113,214977,0,0,0,0,0
2020-02-09,Yuba,115,75493,0,0,0,0,0
2020-02-08,Alameda,001,1643700,4,0,0,0,0
2020-02-08,Alpine,003,1148,0,0,0,0,0
2020-02-08,Amador,005,37829,0,0,0,0,0
2020-02-08,Butte,007,227075,0,0,0,0,0
2020-02-08,Calaveras,009,45235,0,0,0,0,0
2020-02-08,Colusa,011,21464,0,0,0,0,0
2020-02-08,Contra Costa,013,1133247,2,0,0,0,0
2020-02-08,Del Norte,015,27424,0,0,0,0,0
2020-02-08,El Dorado,017,186661,0,0,0,0,0
2020-02-08,Fresno,019,978130,0,0,0,0,0
2020-02-08,Glenn,021,27897,0,0,0,0,0
2020-02-08,Humboldt,023,135768,0,0,0,0,0
2020-02-08,Imperial,025,180216,0,0,0,0,0
2020-02-08,Inyo,027,18085,0,0,0,0,0
2020-02-08,Kern,029,883053,2,0,0,0,0
2020-02-08,Kings,031,150075,0,0,0,0,0
2020-02-08,Lake,033,64148,0,0,0,0,0
2020-02-08,Lassen,035,31185,0,0,0,0,0
2020-02-08,Los Angeles,037,10098052,24,1,1,2,0
2020-02-08,Madera,039,155013,0,0,0,0,0
2020-02-08,Marin,041,260295,0,0,0,0,0
2020-02-08,Mariposa,043,17540,0,0,0,0,0
2020-02-08,Mendocino,045,87422,0,0,0,0,0
2020-02-08,Merced,047,269075,0,0,0,0,0
2020-02-08,Modoc,049,8938,0,0,0,0,0
2020-02-08,Mono,051,14174,0,0,0,0,0
2020-02-08,Monterey,053,433212,1,0,0,0,0
2020-02-08,Napa,055,140530,0,0,0,0,0
2020-02-08,Nevada,057,99092,0,0,0,0,0
2020-02-08,Orange,059,3164182,35,1,0,1,0
2020-02-08,Placer,061,380077,0,0,0,0,0
2020-02-08,Plumas,063,18699,0,0,0,0,0
2020-02-08,Riverside,065,2383286,4,0,0,0,0
2020-02-08,Sacramento,067,1510023,0,0,0,0,0
2020-02-08,San Benito,069,59416,0,2,0,2,0
2020-02-08,San Bernardino,071,2135413,7,0,0,0,0
2020-02-08,San Diego,073,3302833,0,0,0,0,0
2020-02-08,San Francisco,075,870044,1,0,0,0,0
2020-02-08,San Joaquin,077,732212,0,0,1,1,0
2020-02-08,San Luis Obispo,079,281455,0,0,0,0,0
2020-02-08,San Mateo,081,765935,2,0,0,0,0
2020-02-08,Santa Barbara,083,443738,0,0,0,0,0
2020-02-08,Santa Clara,085,1922200,4,2,0,2,0
2020-02-08,Santa Cruz,087,273765,0,0,0,0,0
2020-02-08,Shasta,089,179085,0,0,0,0,0
2020-02-08,Sierra,091,2930,0,0,0,0,0
2020-02-08,Siskiyou,093,43540,0,0,0,0,0
2020-02-08,Solano,095,438530,0,0,0,0,0
2020-02-08,Sonoma,097,501317,0,0,0,0,0
2020-02-08,Stanislaus,099,539301,0,0,0,0,0
2020-02-08,Sutter,101,95872,0,0,0,0,0
2020-02-08,Tehama,103,63373,0,0,0,0,0
2020-02-08,Trinity,105,12862,0,0,0,0,0
2020-02-08,Tulare,107,460477,2,0,0,0,0
2020-02-08,Tuolumne,109,53932,0,0,0,0,0
2020-02-08,Ventura,111,848112,1,0,0,0,0
2020-02-08,Yolo,113,214977,0,0,0,0,0
2020-02-08,Yuba,115,75493,0,0,0,0,0
2020-02-07,Alameda,001,1643700,4,0,0,0,0
2020-02-07,Alpine,003,1148,0,0,0,0,0
2020-02-07,Amador,005,37829,0,0,0,0,0
2020-02-07,Butte,007,227075,0,0,0,0,0
2020-02-07,Calaveras,009,45235,0,0,0,0,0
2020-02-07,Colusa,011,21464,0,0,0,0,0
2020-02-07,Contra Costa,013,1133247,2,0,0,0,0
2020-02-07,Del Norte,015,27424,0,0,0,0,0
2020-02-07,El Dorado,017,186661,0,0,0,0,0
2020-02-07,Fresno,019,978130,0,0,0,0,0
2020-02-07,Glenn,021,27897,0,0,0,0,0
2020-02-07,Humboldt,023,135768,0,0,0,0,0
2020-02-07,Imperial,025,180216,0,0,0,0,0
2020-02-07,Inyo,027,18085,0,0,0,0,0
2020-02-07,Kern,029,883053,2,0,0,0,0
2020-02-07,Kings,031,150075,0,0,0,0,0
2020-02-07,Lake,033,64148,0,0,0,0,0
2020-02-07,Lassen,035,31185,0,0,0,0,0
2020-02-07,Los Angeles,037,10098052,23,1,0,1,0
2020-02-07,Madera,039,155013,0,0,0,0,0
2020-02-07,Marin,041,260295,0,0,0,0,0
2020-02-07,Mariposa,043,17540,0,0,0,0,0
2020-02-07,Mendocino,045,87422,0,0,0,0,0
2020-02-07,Merced,047,269075,0,0,0,0,0
2020-02-07,Modoc,049,8938,0,0,0,0,0
2020-02-07,Mono,051,14174,0,0,0,0,0
2020-02-07,Monterey,053,433212,1,0,0,0,0
2020-02-07,Napa,055,140530,0,0,0,0,0
2020-02-07,Nevada,057,99092,0,0,0,0,0
2020-02-07,Orange,059,3164182,33,1,0,1,0
2020-02-07,Placer,061,380077,0,0,0,0,0
2020-02-07,Plumas,063,18699,0,0,0,0,0
2020-02-07,Riverside,065,2383286,4,0,0,0,0
2020-02-07,Sacramento,067,1510023,0,0,0,0,0
2020-02-07,San Benito,069,59416,0,2,0,2,0
2020-02-07,San Bernardino,071,2135413,4,0,0,0,0
2020-02-07,San Diego,073,3302833,0,0,0,0,0
2020-02-07,San Francisco,075,870044,1,0,0,0,0
2020-02-07,San Joaquin,077,732212,0,0,1,1,0
2020-02-07,San Luis Obispo,079,281455,0,0,0,0,0
2020-02-07,San Mateo,081,765935,1,0,0,0,0
2020-02-07,Santa Barbara,083,443738,0,0,0,0,0
2020-02-07,Santa Clara,085,1922200,4,2,0,2,0
2020-02-07,Santa Cruz,087,273765,0,0,0,0,0
2020-02-07,Shasta,089,179085,0,0,0,0,0
2020-02-07,Sierra,091,2930,0,0,0,0,0
2020-02-07,Siskiyou,093,43540,0,0,0,0,0
2020-02-07,Solano,095,438530,0,0,0,0,0
2020-02-07,Sonoma,097,501317,0,0,0,0,0
2020-02-07,Stanislaus,099,539301,0,0,0,0,0
2020-02-07,Sutter,101,95872,0,0,0,0,0
2020-02-07,Tehama,103,63373,0,0,0,0,0
2020-02-07,Trinity,105,12862,0,0,0,0,0
2020-02-07,Tulare,107,460477,2,0,0,0,0
2020-02-07,Tuolumne,109,53932,0,0,0,0,0
2020-02-07,Ventura,111,848112,1,0,0,0,0
2020-02-07,Yolo,113,214977,0,0,0,0,0
2020-02-07,Yuba,115,75493,0,0,0,0,0
2020-02-06,Alameda,001,1643700,4,0,0,0,0
2020-02-06,Alpine,003,1148,0,0,0,0,0
2020-02-06,Amador,005,37829,0,0,0,0,0
2020-02-06,Butte,007,227075,0,0,0,0,0
2020-02-06,Calaveras,009,45235,0,0,0,0,0
2020-02-06,Colusa,011,21464,0,0,0,0,0
2020-02-06,Contra Costa,013,1133247,2,0,0,0,0
2020-02-06,Del Norte,015,27424,0,0,0,0,0
2020-02-06,El Dorado,017,186661,0,0,0,0,0
2020-02-06,Fresno,019,978130,0,0,0,0,0
2020-02-06,Glenn,021,27897,0,0,0,0,0
2020-02-06,Humboldt,023,135768,0,0,0,0,0
2020-02-06,Imperial,025,180216,0,0,0,0,0
2020-02-06,Inyo,027,18085,0,0,0,0,0
2020-02-06,Kern,029,883053,2,0,0,0,0
2020-02-06,Kings,031,150075,0,0,0,0,0
2020-02-06,Lake,033,64148,0,0,0,0,0
2020-02-06,Lassen,035,31185,0,0,0,0,0
2020-02-06,Los Angeles,037,10098052,22,1,0,1,0
2020-02-06,Madera,039,155013,0,0,0,0,0
2020-02-06,Marin,041,260295,0,0,0,0,0
2020-02-06,Mariposa,043,17540,0,0,0,0,0
2020-02-06,Mendocino,045,87422,0,0,0,0,0
2020-02-06,Merced,047,269075,0,0,0,0,0
2020-02-06,Modoc,049,8938,0,0,0,0,0
2020-02-06,Mono,051,14174,0,0,0,0,0
2020-02-06,Monterey,053,433212,1,0,0,0,0
2020-02-06,Napa,055,140530,0,0,0,0,0
2020-02-06,Nevada,057,99092,0,0,0,0,0
2020-02-06,Orange,059,3164182,3,1,0,1,0
2020-02-06,Placer,061,380077,0,0,0,0,0
2020-02-06,Plumas,063,18699,0,0,0,0,0
2020-02-06,Riverside,065,2383286,4,0,0,0,0
2020-02-06,Sacramento,067,1510023,0,0,0,0,0
2020-02-06,San Benito,069,59416,0,2,0,2,0
2020-02-06,San Bernardino,071,2135413,4,0,0,0,0
2020-02-06,San Diego,073,3302833,0,0,0,0,0
2020-02-06,San Francisco,075,870044,1,0,0,0,0
2020-02-06,San Joaquin,077,732212,0,0,1,1,0
2020-02-06,San Luis Obispo,079,281455,0,0,0,0,0
2020-02-06,San Mateo,081,765935,1,0,0,0,0
2020-02-06,Santa Barbara,083,443738,0,0,0,0,0
2020-02-06,Santa Clara,085,1922200,4,2,0,2,0
2020-02-06,Santa Cruz,087,273765,0,0,0,0,0
2020-02-06,Shasta,089,179085,0,0,0,0,0
2020-02-06,Sierra,091,2930,0,0,0,0,0
2020-02-06,Siskiyou,093,43540,0,0,0,0,0
2020-02-06,Solano,095,438530,0,0,0,0,0
2020-02-06,Sonoma,097,501317,0,0,0,0,0
2020-02-06,Stanislaus,099,539301,0,0,0,0,0
2020-02-06,Sutter,101,95872,0,0,0,0,0
2020-02-06,Tehama,103,63373,0,0,0,0,0
2020-02-06,Trinity,105,12862,0,0,0,0,0
2020-02-06,Tulare,107,460477,2,0,0,0,0
2020-02-06,Tuolumne,109,53932,0,0,0,0,0
2020-02-06,Ventura,111,848112,1,0,0,0,0
2020-02-06,Yolo,113,214977,0,0,0,0,0
2020-02-06,Yuba,115,75493,0,0,0,0,0
2020-02-05,Alameda,001,1643700,3,0,0,0,0
2020-02-05,Alpine,003,1148,0,0,0,0,0
2020-02-05,Amador,005,37829,0,0,0,0,0
2020-02-05,Butte,007,227075,0,0,0,0,0
2020-02-05,Calaveras,009,45235,0,0,0,0,0
2020-02-05,Colusa,011,21464,0,0,0,0,0
2020-02-05,Contra Costa,013,1133247,2,0,0,0,0
2020-02-05,Del Norte,015,27424,0,0,0,0,0
2020-02-05,El Dorado,017,186661,0,0,0,0,0
2020-02-05,Fresno,019,978130,0,0,0,0,0
2020-02-05,Glenn,021,27897,0,0,0,0,0
2020-02-05,Humboldt,023,135768,0,0,0,0,0
2020-02-05,Imperial,025,180216,0,0,0,0,0
2020-02-05,Inyo,027,18085,0,0,0,0,0
2020-02-05,Kern,029,883053,1,0,0,0,0
2020-02-05,Kings,031,150075,0,0,0,0,0
2020-02-05,Lake,033,64148,0,0,0,0,0
2020-02-05,Lassen,035,31185,0,0,0,0,0
2020-02-05,Los Angeles,037,10098052,22,1,0,1,0
2020-02-05,Madera,039,155013,0,0,0,0,0
2020-02-05,Marin,041,260295,0,0,0,0,0
2020-02-05,Mariposa,043,17540,0,0,0,0,0
2020-02-05,Mendocino,045,87422,0,0,0,0,0
2020-02-05,Merced,047,269075,0,0,0,0,0
2020-02-05,Modoc,049,8938,0,0,0,0,0
2020-02-05,Mono,051,14174,0,0,0,0,0
2020-02-05,Monterey,053,433212,1,0,0,0,0
2020-02-05,Napa,055,140530,0,0,0,0,0
2020-02-05,Nevada,057,99092,0,0,0,0,0
2020-02-05,Orange,059,3164182,2,1,0,1,0
2020-02-05,Placer,061,380077,0,0,0,0,0
2020-02-05,Plumas,063,18699,0,0,0,0,0
2020-02-05,Riverside,065,2383286,4,0,0,0,0
2020-02-05,Sacramento,067,1510023,0,0,0,0,0
2020-02-05,San Benito,069,59416,0,2,0,2,0
2020-02-05,San Bernardino,071,2135413,4,0,0,0,0
2020-02-05,San Diego,073,3302833,0,0,0,0,0
2020-02-05,San Francisco,075,870044,1,0,0,0,0
2020-02-05,San Joaquin,077,732212,0,0,1,1,0
2020-02-05,San Luis Obispo,079,281455,0,0,0,0,0
2020-02-05,San Mateo,081,765935,1,0,0,0,0
2020-02-05,Santa Barbara,083,443738,0,0,0,0,0
2020-02-05,Santa Clara,085,1922200,2,2,0,2,0
2020-02-05,Santa Cruz,087,273765,0,0,0,0,0
2020-02-05,Shasta,089,179085,0,0,0,0,0
2020-02-05,Sierra,091,2930,0,0,0,0,0
2020-02-05,Siskiyou,093,43540,0,0,0,0,0
2020-02-05,Solano,095,438530,0,0,0,0,0
2020-02-05,Sonoma,097,501317,0,0,0,0,0
2020-02-05,Stanislaus,099,539301,0,0,0,0,0
2020-02-05,Sutter,101,95872,0,0,0,0,0
2020-02-05,Tehama,103,63373,0,0,0,0,0
2020-02-05,Trinity,105,12862,0,0,0,0,0
2020-02-05,Tulare,107,460477,2,0,0,0,0
2020-02-05,Tuolumne,109,53932,0,0,0,0,0
2020-02-05,Ventura,111,848112,0,0,0,0,0
2020-02-05,Yolo,113,214977,0,0,0,0,0
2020-02-05,Yuba,115,75493,0,0,0,0,0
2020-02-04,Alameda,001,1643700,3,0,0,0,0
2020-02-04,Alpine,003,1148,0,0,0,0,0
2020-02-04,Amador,005,37829,0,0,0,0,0
2020-02-04,Butte,007,227075,0,0,0,0,0
2020-02-04,Calaveras,009,45235,0,0,0,0,0
2020-02-04,Colusa,011,21464,0,0,0,0,0
2020-02-04,Contra Costa,013,1133247,2,0,0,0,0
2020-02-04,Del Norte,015,27424,0,0,0,0,0
2020-02-04,El Dorado,017,186661,0,0,0,0,0
2020-02-04,Fresno,019,978130,0,0,0,0,0
2020-02-04,Glenn,021,27897,0,0,0,0,0
2020-02-04,Humboldt,023,135768,0,0,0,0,0
2020-02-04,Imperial,025,180216,0,0,0,0,0
2020-02-04,Inyo,027,18085,0,0,0,0,0
2020-02-04,Kern,029,883053,0,0,0,0,0
2020-02-04,Kings,031,150075,0,0,0,0,0
2020-02-04,Lake,033,64148,0,0,0,0,0
2020-02-04,Lassen,035,31185,0,0,0,0,0
2020-02-04,Los Angeles,037,10098052,22,1,0,1,0
2020-02-04,Madera,039,155013,0,0,0,0,0
2020-02-04,Marin,041,260295,0,0,0,0,0
2020-02-04,Mariposa,043,17540,0,0,0,0,0
2020-02-04,Mendocino,045,87422,0,0,0,0,0
2020-02-04,Merced,047,269075,0,0,0,0,0
2020-02-04,Modoc,049,8938,0,0,0,0,0
2020-02-04,Mono,051,14174,0,0,0,0,0
2020-02-04,Monterey,053,433212,1,0,0,0,0
2020-02-04,Napa,055,140530,0,0,0,0,0
2020-02-04,Nevada,057,99092,0,0,0,0,0
2020-02-04,Orange,059,3164182,2,1,0,1,0
2020-02-04,Placer,061,380077,0,0,0,0,0
2020-02-04,Plumas,063,18699,0,0,0,0,0
2020-02-04,Riverside,065,2383286,4,0,0,0,0
2020-02-04,Sacramento,067,1510023,0,0,0,0,0
2020-02-04,San Benito,069,59416,0,2,0,2,0
2020-02-04,San Bernardino,071,2135413,3,0,0,0,0
2020-02-04,San Diego,073,3302833,0,0,0,0,0
2020-02-04,San Francisco,075,870044,1,0,0,0,0
2020-02-04,San Joaquin,077,732212,0,0,1,1,0
2020-02-04,San Luis Obispo,079,281455,0,0,0,0,0
2020-02-04,San Mateo,081,765935,0,0,0,0,0
2020-02-04,Santa Barbara,083,443738,0,0,0,0,0
2020-02-04,Santa Clara,085,1922200,2,2,0,2,0
2020-02-04,Santa Cruz,087,273765,0,0,0,0,0
2020-02-04,Shasta,089,179085,0,0,0,0,0
2020-02-04,Sierra,091,2930,0,0,0,0,0
2020-02-04,Siskiyou,093,43540,0,0,0,0,0
2020-02-04,Solano,095,438530,0,0,0,0,0
2020-02-04,Sonoma,097,501317,0,0,0,0,0
2020-02-04,Stanislaus,099,539301,0,0,0,0,0
2020-02-04,Sutter,101,95872,0,0,0,0,0
2020-02-04,Tehama,103,63373,0,0,0,0,0
2020-02-04,Trinity,105,12862,0,0,0,0,0
2020-02-04,Tulare,107,460477,2,0,0,0,0
2020-02-04,Tuolumne,109,53932,0,0,0,0,0
2020-02-04,Ventura,111,848112,0,0,0,0,0
2020-02-04,Yolo,113,214977,0,0,0,0,0
2020-02-04,Yuba,115,75493,0,0,0,0,0
2020-02-03,Alameda,001,1643700,3,0,0,0,0
2020-02-03,Alpine,003,1148,0,0,0,0,0
2020-02-03,Amador,005,37829,0,0,0,0,0
2020-02-03,Butte,007,227075,0,0,0,0,0
2020-02-03,Calaveras,009,45235,0,0,0,0,0
2020-02-03,Colusa,011,21464,0,0,0,0,0
2020-02-03,Contra Costa,013,1133247,2,0,0,0,0
2020-02-03,Del Norte,015,27424,0,0,0,0,0
2020-02-03,El Dorado,017,186661,0,0,0,0,0
2020-02-03,Fresno,019,978130,0,0,0,0,0
2020-02-03,Glenn,021,27897,0,0,0,0,0
2020-02-03,Humboldt,023,135768,0,0,0,0,0
2020-02-03,Imperial,025,180216,0,0,0,0,0
2020-02-03,Inyo,027,18085,0,0,0,0,0
2020-02-03,Kern,029,883053,0,0,0,0,0
2020-02-03,Kings,031,150075,0,0,0,0,0
2020-02-03,Lake,033,64148,0,0,0,0,0
2020-02-03,Lassen,035,31185,0,0,0,0,0
2020-02-03,Los Angeles,037,10098052,21,1,0,1,0
2020-02-03,Madera,039,155013,0,0,0,0,0
2020-02-03,Marin,041,260295,0,0,0,0,0
2020-02-03,Mariposa,043,17540,0,0,0,0,0
2020-02-03,Mendocino,045,87422,0,0,0,0,0
2020-02-03,Merced,047,269075,0,0,0,0,0
2020-02-03,Modoc,049,8938,0,0,0,0,0
2020-02-03,Mono,051,14174,0,0,0,0,0
2020-02-03,Monterey,053,433212,1,0,0,0,0
2020-02-03,Napa,055,140530,0,0,0,0,0
2020-02-03,Nevada,057,99092,0,0,0,0,0
2020-02-03,Orange,059,3164182,1,1,0,1,0
2020-02-03,Placer,061,380077,0,0,0,0,0
2020-02-03,Plumas,063,18699,0,0,0,0,0
2020-02-03,Riverside,065,2383286,4,0,0,0,0
2020-02-03,Sacramento,067,1510023,0,0,0,0,0
2020-02-03,San Benito,069,59416,0,2,0,2,0
2020-02-03,San Bernardino,071,2135413,3,0,0,0,0
2020-02-03,San Diego,073,3302833,0,0,0,0,0
2020-02-03,San Francisco,075,870044,1,0,0,0,0
2020-02-03,San Joaquin,077,732212,0,0,1,1,0
2020-02-03,San Luis Obispo,079,281455,0,0,0,0,0
2020-02-03,San Mateo,081,765935,0,0,0,0,0
2020-02-03,Santa Barbara,083,443738,0,0,0,0,0
2020-02-03,Santa Clara,085,1922200,2,2,0,2,0
2020-02-03,Santa Cruz,087,273765,0,0,0,0,0
2020-02-03,Shasta,089,179085,0,0,0,0,0
2020-02-03,Sierra,091,2930,0,0,0,0,0
2020-02-03,Siskiyou,093,43540,0,0,0,0,0
2020-02-03,Solano,095,438530,0,0,0,0,0
2020-02-03,Sonoma,097,501317,0,0,0,0,0
2020-02-03,Stanislaus,099,539301,0,0,0,0,0
2020-02-03,Sutter,101,95872,0,0,0,0,0
2020-02-03,Tehama,103,63373,0,0,0,0,0
2020-02-03,Trinity,105,12862,0,0,0,0,0
2020-02-03,Tulare,107,460477,2,0,0,0,0
2020-02-03,Tuolumne,109,53932,0,0,0,0,0
2020-02-03,Ventura,111,848112,0,0,0,0,0
2020-02-03,Yolo,113,214977,0,0,0,0,0
2020-02-03,Yuba,115,75493,0,0,0,0,0
2020-02-02,Alameda,001,1643700,3,0,0,0,0
2020-02-02,Alpine,003,1148,0,0,0,0,0
2020-02-02,Amador,005,37829,0,0,0,0,0
2020-02-02,Butte,007,227075,0,0,0,0,0
2020-02-02,Calaveras,009,45235,0,0,0,0,0
2020-02-02,Colusa,011,21464,0,0,0,0,0
2020-02-02,Contra Costa,013,1133247,1,0,0,0,0
2020-02-02,Del Norte,015,27424,0,0,0,0,0
2020-02-02,El Dorado,017,186661,0,0,0,0,0
2020-02-02,Fresno,019,978130,0,0,0,0,0
2020-02-02,Glenn,021,27897,0,0,0,0,0
2020-02-02,Humboldt,023,135768,0,0,0,0,0
2020-02-02,Imperial,025,180216,0,0,0,0,0
2020-02-02,Inyo,027,18085,0,0,0,0,0
2020-02-02,Kern,029,883053,0,0,0,0,0
2020-02-02,Kings,031,150075,0,0,0,0,0
2020-02-02,Lake,033,64148,0,0,0,0,0
2020-02-02,Lassen,035,31185,0,0,0,0,0
2020-02-02,Los Angeles,037,10098052,17,1,0,1,0
2020-02-02,Madera,039,155013,0,0,0,0,0
2020-02-02,Marin,041,260295,0,0,0,0,0
2020-02-02,Mariposa,043,17540,0,0,0,0,0
2020-02-02,Mendocino,045,87422,0,0,0,0,0
2020-02-02,Merced,047,269075,0,0,0,0,0
2020-02-02,Modoc,049,8938,0,0,0,0,0
2020-02-02,Mono,051,14174,0,0,0,0,0
2020-02-02,Monterey,053,433212,1,0,0,0,0
2020-02-02,Napa,055,140530,0,0,0,0,0
2020-02-02,Nevada,057,99092,0,0,0,0,0
2020-02-02,Orange,059,3164182,1,1,0,1,0
2020-02-02,Placer,061,380077,0,0,0,0,0
2020-02-02,Plumas,063,18699,0,0,0,0,0
2020-02-02,Riverside,065,2383286,3,0,0,0,0
2020-02-02,Sacramento,067,1510023,0,0,0,0,0
2020-02-02,San Benito,069,59416,0,2,0,2,0
2020-02-02,San Bernardino,071,2135413,2,0,0,0,0
2020-02-02,San Diego,073,3302833,0,0,0,0,0
2020-02-02,San Francisco,075,870044,1,0,0,0,0
2020-02-02,San Joaquin,077,732212,0,0,1,1,0
2020-02-02,San Luis Obispo,079,281455,0,0,0,0,0
2020-02-02,San Mateo,081,765935,0,0,0,0,0
2020-02-02,Santa Barbara,083,443738,0,0,0,0,0
2020-02-02,Santa Clara,085,1922200,2,2,0,2,0
2020-02-02,Santa Cruz,087,273765,0,0,0,0,0
2020-02-02,Shasta,089,179085,0,0,0,0,0
2020-02-02,Sierra,091,2930,0,0,0,0,0
2020-02-02,Siskiyou,093,43540,0,0,0,0,0
2020-02-02,Solano,095,438530,0,0,0,0,0
2020-02-02,Sonoma,097,501317,0,0,0,0,0
2020-02-02,Stanislaus,099,539301,0,0,0,0,0
2020-02-02,Sutter,101,95872,0,0,0,0,0
2020-02-02,Tehama,103,63373,0,0,0,0,0
2020-02-02,Trinity,105,12862,0,0,0,0,0
2020-02-02,Tulare,107,460477,2,0,0,0,0
2020-02-02,Tuolumne,109,53932,0,0,0,0,0
2020-02-02,Ventura,111,848112,0,0,0,0,0
2020-02-02,Yolo,113,214977,0,0,0,0,0
2020-02-02,Yuba,115,75493,0,0,0,0,0
2020-02-01,Alameda,001,1643700,3,0,0,0,0
2020-02-01,Alpine,003,1148,0,0,0,0,0
2020-02-01,Amador,005,37829,0,0,0,0,0
2020-02-01,Butte,007,227075,0,0,0,0,0
2020-02-01,Calaveras,009,45235,0,0,0,0,0
2020-02-01,Colusa,011,21464,0,0,0,0,0
2020-02-01,Contra Costa,013,1133247,0,0,0,0,0
2020-02-01,Del Norte,015,27424,0,0,0,0,0
2020-02-01,El Dorado,017,186661,0,0,0,0,0
2020-02-01,Fresno,019,978130,0,0,0,0,0
2020-02-01,Glenn,021,27897,0,0,0,0,0
2020-02-01,Humboldt,023,135768,0,0,0,0,0
2020-02-01,Imperial,025,180216,0,0,0,0,0
2020-02-01,Inyo,027,18085,0,0,0,0,0
2020-02-01,Kern,029,883053,0,0,0,0,0
2020-02-01,Kings,031,150075,0,0,0,0,0
2020-02-01,Lake,033,64148,0,0,0,0,0
2020-02-01,Lassen,035,31185,0,0,0,0,0
2020-02-01,Los Angeles,037,10098052,13,1,0,1,0
2020-02-01,Madera,039,155013,0,0,0,0,0
2020-02-01,Marin,041,260295,0,0,0,0,0
2020-02-01,Mariposa,043,17540,0,0,0,0,0
2020-02-01,Mendocino,045,87422,0,0,0,0,0
2020-02-01,Merced,047,269075,0,0,0,0,0
2020-02-01,Modoc,049,8938,0,0,0,0,0
2020-02-01,Mono,051,14174,0,0,0,0,0
2020-02-01,Monterey,053,433212,0,0,0,0,0
2020-02-01,Napa,055,140530,0,0,0,0,0
2020-02-01,Nevada,057,99092,0,0,0,0,0
2020-02-01,Orange,059,3164182,1,1,0,1,0
2020-02-01,Placer,061,380077,0,0,0,0,0
2020-02-01,Plumas,063,18699,0,0,0,0,0
2020-02-01,Riverside,065,2383286,2,0,0,0,0
2020-02-01,Sacramento,067,1510023,0,0,0,0,0
2020-02-01,San Benito,069,59416,0,0,0,0,0
2020-02-01,San Bernardino,071,2135413,1,0,0,0,0
2020-02-01,San Diego,073,3302833,0,0,0,0,0
2020-02-01,San Francisco,075,870044,1,0,0,0,0
2020-02-01,San Joaquin,077,732212,0,0,1,1,0
2020-02-01,San Luis Obispo,079,281455,0,0,0,0,0
2020-02-01,San Mateo,081,765935,0,0,0,0,0
2020-02-01,Santa Barbara,083,443738,0,0,0,0,0
2020-02-01,Santa Clara,085,1922200,2,1,0,1,0
2020-02-01,Santa Cruz,087,273765,0,0,0,0,0
2020-02-01,Shasta,089,179085,0,0,0,0,0
2020-02-01,Sierra,091,2930,0,0,0,0,0
2020-02-01,Siskiyou,093,43540,0,0,0,0,0
2020-02-01,Solano,095,438530,0,0,0,0,0
2020-02-01,Sonoma,097,501317,0,0,0,0,0
2020-02-01,Stanislaus,099,539301,0,0,0,0,0
2020-02-01,Sutter,101,95872,0,0,0,0,0
2020-02-01,Tehama,103,63373,0,0,0,0,0
2020-02-01,Trinity,105,12862,0,0,0,0,0
2020-02-01,Tulare,107,460477,1,0,0,0,0
2020-02-01,Tuolumne,109,53932,0,0,0,0,0
2020-02-01,Ventura,111,848112,0,0,0,0,0
2020-02-01,Yolo,113,214977,0,0,0,0,0
2020-02-01,Yuba,115,75493,0,0,0,0,0
